Filename = C:\Users\lenovo\Documents\ResearchIR Data\Rec-0908-tomato-3-000140-251_08_44_16_659.seq
Units = Temperature (C)
Time = 251:08:48:30.837000
FrameNumber = 2543
Preset = 0

2.255798e+01,2.270871e+01,2.266078e+01,2.260596e+01,2.261967e+01,2.248939e+01,2.255798e+01,2.257854e+01,2.272241e+01,2.253055e+01,2.253055e+01,2.269502e+01,2.265392e+01,2.265392e+01,2.261282e+01,2.269502e+01,2.259225e+01,2.268817e+01,2.265392e+01,2.268132e+01,2.264022e+01,2.271556e+01,2.255112e+01,2.289341e+01,2.269502e+01,2.265392e+01,2.266763e+01,2.260596e+01,2.264022e+01,2.262652e+01,2.261282e+01,2.261282e+01,2.256483e+01,2.263337e+01,2.268132e+01,2.260596e+01,2.261282e+01,2.270187e+01,2.257169e+01,2.258540e+01,2.270187e+01,2.250311e+01,2.259225e+01,2.251683e+01,2.264708e+01,2.251683e+01,2.263337e+01,2.261282e+01,2.263337e+01,2.258540e+01,2.252369e+01,2.248939e+01,2.232458e+01,2.250311e+01,2.246880e+01,2.237268e+01,2.264022e+01,2.265392e+01,2.258540e+01,2.246880e+01,2.270187e+01,2.250997e+01,2.253741e+01,2.254426e+01,2.259911e+01,2.250311e+01,2.257169e+01,2.258540e+01,2.246194e+01,2.246194e+01,2.233833e+01,2.235894e+01,2.240015e+01,2.220769e+01,2.230396e+01,2.224208e+01,2.234520e+01,2.224896e+01,2.243448e+01,2.232458e+01,2.227647e+01,2.237268e+01,2.228334e+01,2.229022e+01,2.253741e+01,2.221457e+01,2.228334e+01,2.239328e+01,2.237955e+01,2.233833e+01,2.224896e+01,2.229022e+01,2.227647e+01,2.244821e+01,2.225584e+01,2.231771e+01,2.222145e+01,2.226959e+01,2.217328e+01,2.221457e+01,2.226959e+01,2.229022e+01,2.218016e+01,2.219393e+01,2.217328e+01,2.224208e+01,2.215952e+01,2.220769e+01,2.221457e+01,2.218016e+01,2.224896e+01,2.221457e+01,2.202176e+01,2.229022e+01,2.227647e+01,2.227647e+01,2.222833e+01,2.221457e+01,2.222145e+01,2.206310e+01,2.210443e+01,2.209755e+01,2.201486e+01,2.202176e+01,2.230396e+01,2.204932e+01,2.206310e+01,2.206999e+01,2.235894e+01,2.220769e+01,2.212509e+01,2.213198e+01,2.206310e+01,2.215263e+01,2.207688e+01,2.215263e+01,2.213886e+01,2.213886e+01,2.211821e+01,2.204932e+01,2.210443e+01,2.207688e+01,2.197349e+01,2.209066e+01,2.199418e+01,2.202176e+01,2.204932e+01,2.217328e+01,2.213198e+01,2.217328e+01,2.215263e+01,2.213198e+01,2.207688e+01,2.218016e+01,2.218705e+01,2.209755e+01,2.208377e+01,2.222145e+01,2.215263e+01,2.213886e+01,2.220081e+01,2.206310e+01,2.220081e+01,2.217328e+01,2.215263e+01,2.221457e+01,2.212509e+01,2.202176e+01,2.204932e+01,2.212509e+01,2.222145e+01,2.213198e+01,2.200107e+01,2.204243e+01,2.205621e+01,2.198039e+01,2.197349e+01,2.198729e+01,2.204243e+01,2.208377e+01,2.204243e+01,2.202865e+01,2.199418e+01,2.209066e+01,2.209066e+01,2.205621e+01,2.204932e+01,2.205621e+01,2.206310e+01,2.204243e+01,2.206999e+01,2.210443e+01,2.209066e+01,2.200797e+01,2.225584e+01,2.216640e+01,2.221457e+01,2.233146e+01,2.234520e+01,2.242075e+01,2.240015e+01,2.235894e+01,2.259911e+01,2.260596e+01,2.294807e+01,2.337751e+01,2.347949e+01,2.356779e+01,2.300270e+01,2.324137e+01,2.322775e+01,2.348629e+01,2.343191e+01,2.344551e+01,2.344551e+01,2.347949e+01,2.387289e+01,2.471570e+01,2.347269e+01,2.311869e+01,2.365602e+01,2.379839e+01,2.435244e+01,2.402848e+01,2.398115e+01,2.364924e+01,2.312551e+01,2.290024e+01,2.265392e+01,2.276347e+01,2.315278e+01,2.489015e+01,2.490356e+01,2.335710e+01,2.339791e+01,2.336390e+01,2.336390e+01,2.349308e+01,2.350667e+01,2.348629e+01,2.341151e+01,2.343191e+01,2.350667e+01,2.368316e+01,2.338431e+01,2.319368e+01,2.292757e+01,2.310505e+01,2.282504e+01,2.283188e+01,2.284555e+01,2.259911e+01,2.270871e+01,2.297539e+01,2.259225e+01,2.259225e+01,2.312551e+01,2.384581e+01,2.396762e+01,2.516466e+01,2.668487e+01,2.547846e+01,2.492367e+01,2.374418e+01,2.339791e+01,2.342511e+01,2.372384e+01,2.343191e+01,2.337070e+01,2.392027e+01,2.454095e+01,2.421083e+01,2.400820e+01,2.378484e+01,2.343871e+01,2.342511e+01,2.347269e+01,2.345910e+01,2.358816e+01,2.318686e+01,2.356101e+01,2.320731e+01,2.306412e+01,2.274294e+01,2.240015e+01,2.239328e+01,2.261967e+01,2.268132e+01,2.301635e+01,2.373062e+01,2.545846e+01,2.485663e+01,2.324137e+01,2.290024e+01,2.302318e+01,2.288657e+01,2.307777e+01,2.309141e+01,2.320731e+01,2.325499e+01,2.286607e+01,2.268132e+01,2.289341e+01,2.330946e+01,2.285923e+01,2.248939e+01,2.225584e+01,2.259911e+01,2.260596e+01,2.266078e+01,2.255798e+01,2.246880e+01,2.263337e+01,2.247566e+01,2.254426e+01,2.259911e+01,2.255112e+01,2.266078e+01,2.263337e+01,2.256483e+01,2.261967e+01,2.261967e+01,2.264022e+01,2.262652e+01,2.256483e+01,2.265392e+01,2.264708e+01,2.259911e+01,2.259911e+01,2.259225e+01,2.244821e+01,2.246194e+01,2.255798e+01,2.261282e+01,2.249625e+01,2.257854e+01,2.253741e+01,2.261967e+01,2.248939e+01,2.249625e+01,2.254426e+01,2.256483e+01,2.246880e+01,2.252369e+01,2.233833e+01,2.231084e+01,2.247566e+01,2.235894e+01,2.236581e+01,2.233833e+01,2.240015e+01,2.231084e+01,2.235207e+01,2.243448e+01,2.233146e+01,2.224208e+01,2.230396e+01,2.237955e+01,2.227647e+01,2.233833e+01,2.220081e+01,2.234520e+01,2.220081e+01,2.237955e+01,2.234520e+01,2.229709e+01,2.231084e+01,2.223520e+01,2.229022e+01,2.217328e+01,2.213198e+01,2.221457e+01,2.224896e+01,2.211132e+01,2.202865e+01,2.209066e+01,2.175258e+01,2.201486e+01,2.195280e+01,2.196660e+01,2.196660e+01,2.193211e+01,2.195280e+01,2.193901e+01,2.192521e+01,2.192521e+01,2.201486e+01,2.198039e+01,2.195280e+01,2.191831e+01,2.194591e+01,2.201486e+01,2.206310e+01,2.194591e+01,2.210443e+01,2.213886e+01,2.206999e+01,2.215952e+01,2.218705e+01,2.206999e+01,2.204243e+01,2.218016e+01,2.213198e+01,2.197349e+01,2.211132e+01,2.216640e+01,2.207688e+01,2.228334e+01,2.215263e+01,2.215952e+01,2.218016e+01,2.227647e+01,2.228334e+01,2.222145e+01,2.219393e+01,2.220769e+01,2.210443e+01,2.208377e+01,2.233833e+01,2.218705e+01,2.218705e+01,2.228334e+01,2.226959e+01,2.211821e+01,2.206310e+01,2.206310e+01,2.195280e+01,2.226959e+01,2.218016e+01,2.210443e+01,2.217328e+01,2.219393e+01,2.215263e+01,2.217328e+01,2.220769e+01,2.222145e+01,2.222145e+01,2.218705e+01,2.218705e+01,2.220769e+01,2.219393e+01,2.230396e+01,2.235207e+01,2.229709e+01,2.218016e+01,2.229022e+01,2.212509e+01,2.231771e+01,2.226959e+01,2.234520e+01,2.224896e+01,2.233146e+01,2.233146e+01,2.230396e+01,2.227647e+01,2.230396e+01,2.225584e+01,2.235207e+01,2.229022e+01,2.225584e+01,2.225584e+01,2.227647e+01,2.229709e+01,2.226959e+01,2.229709e+01,2.225584e+01,2.230396e+01,2.235207e+01,2.237955e+01,2.226271e+01,2.229022e+01,2.222145e+01,2.224896e+01,2.221457e+01,2.220081e+01,2.220081e+01,2.210443e+01,2.206310e+01,2.221457e+01,2.211821e+01,2.218016e+01,2.219393e+01,2.195970e+01,2.201486e+01,2.211821e+01,2.191141e+01,2.199418e+01,2.185620e+01,2.195970e+01,2.184929e+01,2.190451e+01,2.198729e+01,2.191141e+01,2.187000e+01,2.182167e+01,2.190451e+01,2.194591e+01,2.185620e+01,2.171111e+01,2.191141e+01,2.189761e+01,2.196660e+01,2.197349e+01,2.201486e+01,2.201486e+01,2.204243e+01,2.204243e+01,2.204243e+01,2.204932e+01,2.198039e+01,2.222833e+01,2.213198e+01,2.211821e+01,2.204932e+01,2.211821e+01,2.210443e+01,2.207688e+01,2.220769e+01,2.211821e+01,2.209066e+01,2.217328e+01,2.213886e+01,2.217328e+01,2.214575e+01,2.225584e+01,2.221457e+01,2.218705e+01,2.209066e+01,2.208377e+01,2.212509e+01,2.206310e+01,2.205621e+01,2.209755e+01,2.204243e+01,2.195280e+01,2.180095e+01,2.195970e+01,2.182858e+01,2.184239e+01,2.184239e+01,2.182858e+01,2.180786e+01,2.168345e+01,2.169728e+01,2.191141e+01,2.166962e+01,2.175258e+01,2.171111e+01,2.161427e+01,2.167654e+01,2.175949e+01,2.166962e+01,2.166270e+01,2.180786e+01,2.169728e+01,2.178022e+01,2.169037e+01,2.171111e+01,2.170420e+01,2.157967e+01,2.166270e+01,2.166270e+01,2.180786e+01,2.182858e+01,2.179404e+01,2.190451e+01,2.181476e+01,2.184929e+01,2.202176e+01,2.200797e+01,2.194591e+01,2.196660e+01,2.208377e+01,2.192521e+01,2.211821e+01,2.202865e+01,2.211132e+01,2.206310e+01,2.201486e+01,2.210443e+01,2.212509e+01,2.219393e+01,2.211132e+01,2.224208e+01,2.220769e+01,2.206999e+01,2.227647e+01,2.226271e+01,2.240702e+01,2.218016e+01,2.232458e+01,2.230396e+01,2.233146e+01,2.231771e+01,2.227647e+01,2.231771e+01,2.226959e+01,2.237268e+01,2.211821e+01,2.235207e+01,2.226959e+01,2.226959e+01,2.220081e+01,2.222833e+01,2.223520e+01,2.226271e+01,2.217328e+01,2.211821e+01,2.220769e+01,2.225584e+01,2.229022e+01,2.217328e+01,2.221457e+01,2.224208e+01,2.222145e+01,2.236581e+01,2.237268e+01,2.211821e+01,2.211132e+01,2.219393e+01,2.220081e+01,2.215263e+01,2.210443e+01,2.215263e+01,2.210443e+01,2.213886e+01,2.224896e+01,2.224896e+01,2.206999e+01,2.215952e+01,2.206999e+01,2.221457e+01,2.235894e+01,2.220081e+01,2.215263e+01,2.224896e+01,2.214575e+01,2.226959e+01,2.228334e+01,2.228334e+01
2.247566e+01,2.252369e+01,2.255112e+01,2.264022e+01,2.253741e+01,2.255112e+01,2.261282e+01,2.263337e+01,2.270187e+01,2.268132e+01,2.261967e+01,2.257169e+01,2.266078e+01,2.271556e+01,2.263337e+01,2.274978e+01,2.264708e+01,2.264708e+01,2.272241e+01,2.255112e+01,2.261967e+01,2.267447e+01,2.262652e+01,2.264022e+01,2.267447e+01,2.257169e+01,2.258540e+01,2.260596e+01,2.264708e+01,2.261282e+01,2.262652e+01,2.263337e+01,2.263337e+01,2.260596e+01,2.248252e+01,2.270871e+01,2.270871e+01,2.268132e+01,2.260596e+01,2.270871e+01,2.253741e+01,2.255112e+01,2.253741e+01,2.261967e+01,2.259225e+01,2.260596e+01,2.248252e+01,2.248252e+01,2.257854e+01,2.251683e+01,2.263337e+01,2.248252e+01,2.251683e+01,2.260596e+01,2.245507e+01,2.249625e+01,2.250311e+01,2.252369e+01,2.246880e+01,2.236581e+01,2.248939e+01,2.246880e+01,2.240702e+01,2.263337e+01,2.244135e+01,2.253055e+01,2.244135e+01,2.248939e+01,2.240015e+01,2.251683e+01,2.235894e+01,2.237955e+01,2.243448e+01,2.244821e+01,2.233833e+01,2.226959e+01,2.233833e+01,2.229709e+01,2.244135e+01,2.237955e+01,2.237955e+01,2.235207e+01,2.242075e+01,2.228334e+01,2.238642e+01,2.237268e+01,2.253741e+01,2.239328e+01,2.236581e+01,2.229709e+01,2.229709e+01,2.231771e+01,2.235894e+01,2.224208e+01,2.231771e+01,2.220769e+01,2.224208e+01,2.226271e+01,2.214575e+01,2.229022e+01,2.229709e+01,2.237955e+01,2.217328e+01,2.229022e+01,2.233833e+01,2.224208e+01,2.224208e+01,2.223520e+01,2.220769e+01,2.219393e+01,2.229709e+01,2.204932e+01,2.222833e+01,2.229709e+01,2.213886e+01,2.228334e+01,2.224208e+01,2.222145e+01,2.205621e+01,2.217328e+01,2.204243e+01,2.206310e+01,2.209066e+01,2.198729e+01,2.195970e+01,2.206310e+01,2.213886e+01,2.209066e+01,2.209755e+01,2.204243e+01,2.213198e+01,2.209755e+01,2.211132e+01,2.206310e+01,2.211132e+01,2.203554e+01,2.212509e+01,2.204932e+01,2.215263e+01,2.206999e+01,2.204932e+01,2.213198e+01,2.196660e+01,2.202865e+01,2.204932e+01,2.206999e+01,2.192521e+01,2.214575e+01,2.229709e+01,2.207688e+01,2.206999e+01,2.208377e+01,2.206999e+01,2.218016e+01,2.215263e+01,2.207688e+01,2.202176e+01,2.206310e+01,2.208377e+01,2.218016e+01,2.213198e+01,2.206999e+01,2.218705e+01,2.213198e+01,2.202865e+01,2.211132e+01,2.212509e+01,2.205621e+01,2.221457e+01,2.199418e+01,2.206310e+01,2.224896e+01,2.204932e+01,2.209755e+01,2.209066e+01,2.202865e+01,2.211821e+01,2.200797e+01,2.208377e+01,2.201486e+01,2.209066e+01,2.204932e+01,2.211132e+01,2.193901e+01,2.203554e+01,2.204932e+01,2.192521e+01,2.209066e+01,2.194591e+01,2.219393e+01,2.208377e+01,2.211132e+01,2.206310e+01,2.220769e+01,2.223520e+01,2.217328e+01,2.226271e+01,2.226959e+01,2.221457e+01,2.235894e+01,2.241389e+01,2.237268e+01,2.250311e+01,2.250997e+01,2.263337e+01,2.337751e+01,2.360853e+01,2.361531e+01,2.348629e+01,2.324818e+01,2.325499e+01,2.325499e+01,2.308459e+01,2.281820e+01,2.305730e+01,2.343191e+01,2.402848e+01,2.566496e+01,2.401496e+01,2.354742e+01,2.364246e+01,2.474256e+01,2.478283e+01,2.414333e+01,2.319368e+01,2.334349e+01,2.418384e+01,2.417709e+01,2.340471e+01,2.287974e+01,2.339791e+01,2.597728e+01,2.567162e+01,2.373740e+01,2.336390e+01,2.320049e+01,2.314597e+01,2.343191e+01,2.376451e+01,2.366959e+01,2.340471e+01,2.326180e+01,2.361531e+01,2.373740e+01,2.354742e+01,2.324818e+01,2.299587e+01,2.294123e+01,2.295490e+01,2.248252e+01,2.248939e+01,2.251683e+01,2.243448e+01,2.270871e+01,2.242762e+01,2.218705e+01,2.218705e+01,2.268132e+01,2.303683e+01,2.322775e+01,2.385935e+01,2.353384e+01,2.354063e+01,2.372384e+01,2.364924e+01,2.334349e+01,2.368316e+01,2.340471e+01,2.370350e+01,2.405551e+01,2.398791e+01,2.364924e+01,2.363567e+01,2.372384e+01,2.347949e+01,2.345910e+01,2.332988e+01,2.330265e+01,2.342511e+01,2.306412e+01,2.330265e+01,2.287290e+01,2.266763e+01,2.240015e+01,2.241389e+01,2.240015e+01,2.257169e+01,2.280452e+01,2.304365e+01,2.464853e+01,2.606350e+01,2.408254e+01,2.324818e+01,2.348629e+01,2.349308e+01,2.345910e+01,2.321412e+01,2.321412e+01,2.362210e+01,2.382549e+01,2.329585e+01,2.285239e+01,2.303683e+01,2.305048e+01,2.284555e+01,2.249625e+01,2.240015e+01,2.244135e+01,2.245507e+01,2.257169e+01,2.248939e+01,2.246194e+01,2.245507e+01,2.244821e+01,2.255112e+01,2.266078e+01,2.264022e+01,2.264708e+01,2.257854e+01,2.255798e+01,2.262652e+01,2.250997e+01,2.256483e+01,2.259225e+01,2.255798e+01,2.262652e+01,2.250997e+01,2.260596e+01,2.257854e+01,2.255798e+01,2.257854e+01,2.246880e+01,2.256483e+01,2.254426e+01,2.259911e+01,2.250311e+01,2.252369e+01,2.248252e+01,2.257854e+01,2.246194e+01,2.253741e+01,2.250311e+01,2.255112e+01,2.255798e+01,2.246194e+01,2.235207e+01,2.240702e+01,2.236581e+01,2.244821e+01,2.243448e+01,2.242762e+01,2.231771e+01,2.227647e+01,2.233833e+01,2.233833e+01,2.232458e+01,2.221457e+01,2.229022e+01,2.226959e+01,2.226959e+01,2.225584e+01,2.233833e+01,2.235207e+01,2.219393e+01,2.218705e+01,2.229022e+01,2.228334e+01,2.210443e+01,2.215952e+01,2.224208e+01,2.224208e+01,2.213198e+01,2.212509e+01,2.216640e+01,2.209066e+01,2.213198e+01,2.193901e+01,2.201486e+01,2.199418e+01,2.196660e+01,2.192521e+01,2.193211e+01,2.193211e+01,2.188381e+01,2.180095e+01,2.191141e+01,2.190451e+01,2.201486e+01,2.193211e+01,2.193901e+01,2.205621e+01,2.209755e+01,2.215263e+01,2.209066e+01,2.206999e+01,2.216640e+01,2.213198e+01,2.206999e+01,2.224896e+01,2.210443e+01,2.211821e+01,2.218705e+01,2.211132e+01,2.211132e+01,2.213198e+01,2.226959e+01,2.226271e+01,2.231084e+01,2.244135e+01,2.223520e+01,2.229709e+01,2.220081e+01,2.215263e+01,2.235207e+01,2.232458e+01,2.209066e+01,2.211132e+01,2.215263e+01,2.216640e+01,2.213886e+01,2.215263e+01,2.209755e+01,2.209755e+01,2.208377e+01,2.210443e+01,2.213198e+01,2.217328e+01,2.213198e+01,2.226959e+01,2.211821e+01,2.214575e+01,2.218016e+01,2.216640e+01,2.219393e+01,2.218705e+01,2.218016e+01,2.219393e+01,2.216640e+01,2.224208e+01,2.221457e+01,2.213886e+01,2.215263e+01,2.222145e+01,2.218705e+01,2.232458e+01,2.230396e+01,2.220081e+01,2.222145e+01,2.232458e+01,2.230396e+01,2.215952e+01,2.224896e+01,2.218705e+01,2.229022e+01,2.224208e+01,2.227647e+01,2.234520e+01,2.226959e+01,2.229022e+01,2.229022e+01,2.224896e+01,2.229022e+01,2.230396e+01,2.232458e+01,2.226271e+01,2.224208e+01,2.226271e+01,2.224896e+01,2.229709e+01,2.231084e+01,2.224896e+01,2.201486e+01,2.220769e+01,2.218705e+01,2.217328e+01,2.218016e+01,2.221457e+01,2.204932e+01,2.218016e+01,2.207688e+01,2.206999e+01,2.215952e+01,2.213198e+01,2.203554e+01,2.204243e+01,2.206310e+01,2.195970e+01,2.186310e+01,2.187000e+01,2.188381e+01,2.188381e+01,2.184239e+01,2.198039e+01,2.195970e+01,2.187691e+01,2.184239e+01,2.195280e+01,2.192521e+01,2.179404e+01,2.195970e+01,2.194591e+01,2.202176e+01,2.185620e+01,2.185620e+01,2.203554e+01,2.202865e+01,2.192521e+01,2.204243e+01,2.204243e+01,2.199418e+01,2.209755e+01,2.213886e+01,2.213886e+01,2.214575e+01,2.215952e+01,2.216640e+01,2.214575e+01,2.221457e+01,2.225584e+01,2.225584e+01,2.218705e+01,2.211821e+01,2.211132e+01,2.212509e+01,2.213886e+01,2.209066e+01,2.206999e+01,2.206999e+01,2.209066e+01,2.215952e+01,2.202865e+01,2.206999e+01,2.190451e+01,2.201486e+01,2.195970e+01,2.196660e+01,2.187691e+01,2.189071e+01,2.187000e+01,2.182167e+01,2.171802e+01,2.184239e+01,2.170420e+01,2.166270e+01,2.167654e+01,2.175258e+01,2.166962e+01,2.174567e+01,2.163503e+01,2.170420e+01,2.155197e+01,2.165579e+01,2.168345e+01,2.168345e+01,2.161427e+01,2.169728e+01,2.165579e+01,2.165579e+01,2.162119e+01,2.165579e+01,2.166270e+01,2.169037e+01,2.172494e+01,2.161427e+01,2.180786e+01,2.178713e+01,2.184239e+01,2.184929e+01,2.191141e+01,2.190451e+01,2.194591e+01,2.193901e+01,2.206999e+01,2.199418e+01,2.207688e+01,2.204932e+01,2.206310e+01,2.204243e+01,2.204243e+01,2.208377e+01,2.216640e+01,2.213886e+01,2.225584e+01,2.227647e+01,2.222145e+01,2.220769e+01,2.218016e+01,2.229022e+01,2.230396e+01,2.212509e+01,2.222145e+01,2.229022e+01,2.220769e+01,2.221457e+01,2.231771e+01,2.208377e+01,2.213198e+01,2.211132e+01,2.223520e+01,2.214575e+01,2.237268e+01,2.222833e+01,2.217328e+01,2.216640e+01,2.210443e+01,2.218016e+01,2.219393e+01,2.227647e+01,2.209755e+01,2.220081e+01,2.206999e+01,2.219393e+01,2.218016e+01,2.213886e+01,2.214575e+01,2.215952e+01,2.218016e+01,2.218016e+01,2.217328e+01,2.219393e+01,2.214575e+01,2.215263e+01,2.210443e+01,2.201486e+01,2.218705e+01,2.221457e+01,2.222833e+01,2.222833e+01,2.206310e+01,2.222833e+01,2.220081e+01,2.216640e+01,2.222145e+01,2.237268e+01,2.205621e+01,2.224208e+01,2.204932e+01,2.220769e+01,2.224208e+01,2.229709e+01
2.248252e+01,2.249625e+01,2.261967e+01,2.261967e+01,2.255798e+01,2.265392e+01,2.252369e+01,2.257854e+01,2.258540e+01,2.248939e+01,2.259911e+01,2.257169e+01,2.265392e+01,2.264022e+01,2.267447e+01,2.260596e+01,2.258540e+01,2.259911e+01,2.272925e+01,2.261967e+01,2.253741e+01,2.255798e+01,2.258540e+01,2.250997e+01,2.265392e+01,2.261282e+01,2.259911e+01,2.267447e+01,2.258540e+01,2.262652e+01,2.266078e+01,2.250311e+01,2.262652e+01,2.277032e+01,2.248252e+01,2.258540e+01,2.259225e+01,2.264708e+01,2.259225e+01,2.258540e+01,2.259911e+01,2.261282e+01,2.258540e+01,2.264022e+01,2.260596e+01,2.264022e+01,2.248939e+01,2.251683e+01,2.253741e+01,2.248939e+01,2.261967e+01,2.245507e+01,2.250997e+01,2.251683e+01,2.240015e+01,2.250311e+01,2.237955e+01,2.248939e+01,2.267447e+01,2.252369e+01,2.249625e+01,2.244821e+01,2.239328e+01,2.245507e+01,2.264022e+01,2.264708e+01,2.246880e+01,2.239328e+01,2.250997e+01,2.244135e+01,2.243448e+01,2.235207e+01,2.233146e+01,2.244135e+01,2.245507e+01,2.233833e+01,2.248939e+01,2.224896e+01,2.230396e+01,2.244135e+01,2.237955e+01,2.234520e+01,2.235894e+01,2.236581e+01,2.236581e+01,2.232458e+01,2.237268e+01,2.235207e+01,2.229709e+01,2.220769e+01,2.222145e+01,2.226959e+01,2.224208e+01,2.224896e+01,2.231084e+01,2.218016e+01,2.224896e+01,2.224896e+01,2.222833e+01,2.220769e+01,2.229709e+01,2.231771e+01,2.222145e+01,2.222145e+01,2.225584e+01,2.216640e+01,2.223520e+01,2.216640e+01,2.218705e+01,2.211132e+01,2.224208e+01,2.210443e+01,2.224208e+01,2.223520e+01,2.222145e+01,2.222145e+01,2.211132e+01,2.222145e+01,2.207688e+01,2.210443e+01,2.202176e+01,2.201486e+01,2.206310e+01,2.209066e+01,2.198039e+01,2.205621e+01,2.207688e+01,2.218705e+01,2.208377e+01,2.213198e+01,2.218016e+01,2.208377e+01,2.208377e+01,2.217328e+01,2.206310e+01,2.215263e+01,2.213198e+01,2.214575e+01,2.206310e+01,2.189761e+01,2.217328e+01,2.200107e+01,2.208377e+01,2.220769e+01,2.221457e+01,2.202176e+01,2.191831e+01,2.211821e+01,2.209755e+01,2.211132e+01,2.214575e+01,2.213198e+01,2.203554e+01,2.217328e+01,2.218016e+01,2.206999e+01,2.211821e+01,2.218016e+01,2.204932e+01,2.206310e+01,2.206999e+01,2.204932e+01,2.206310e+01,2.217328e+01,2.199418e+01,2.204932e+01,2.201486e+01,2.212509e+01,2.205621e+01,2.213198e+01,2.211132e+01,2.203554e+01,2.202176e+01,2.202176e+01,2.209066e+01,2.205621e+01,2.200107e+01,2.202865e+01,2.198039e+01,2.204243e+01,2.211821e+01,2.202176e+01,2.211821e+01,2.202176e+01,2.202865e+01,2.211132e+01,2.191141e+01,2.193211e+01,2.212509e+01,2.206310e+01,2.211132e+01,2.208377e+01,2.211132e+01,2.213886e+01,2.218016e+01,2.226959e+01,2.224208e+01,2.223520e+01,2.229709e+01,2.237955e+01,2.211821e+01,2.236581e+01,2.237955e+01,2.245507e+01,2.272241e+01,2.310505e+01,2.356101e+01,2.333668e+01,2.328223e+01,2.320731e+01,2.266763e+01,2.254426e+01,2.235207e+01,2.233833e+01,2.281820e+01,2.356101e+01,2.400820e+01,2.471570e+01,2.364246e+01,2.343871e+01,2.366281e+01,2.498397e+01,2.527827e+01,2.496387e+01,2.322775e+01,2.290707e+01,2.292757e+01,2.318686e+01,2.354742e+01,2.296173e+01,2.349308e+01,2.560505e+01,2.386612e+01,2.320049e+01,2.315960e+01,2.296856e+01,2.326861e+01,2.346590e+01,2.425806e+01,2.380517e+01,2.305730e+01,2.326180e+01,2.358138e+01,2.364246e+01,2.324137e+01,2.279768e+01,2.272241e+01,2.280452e+01,2.322775e+01,2.337751e+01,2.320731e+01,2.274978e+01,2.254426e+01,2.265392e+01,2.241389e+01,2.219393e+01,2.250997e+01,2.283188e+01,2.305048e+01,2.322775e+01,2.306412e+01,2.327542e+01,2.416359e+01,2.454095e+01,2.367638e+01,2.335710e+01,2.311869e+01,2.333668e+01,2.313915e+01,2.357458e+01,2.339791e+01,2.317323e+01,2.400820e+01,2.532502e+01,2.439960e+01,2.380517e+01,2.341151e+01,2.346590e+01,2.317323e+01,2.299587e+01,2.250997e+01,2.261282e+01,2.244821e+01,2.256483e+01,2.259911e+01,2.255112e+01,2.242075e+01,2.284555e+01,2.362210e+01,2.550513e+01,2.529831e+01,2.412983e+01,2.412307e+01,2.458803e+01,2.474927e+01,2.457458e+01,2.429177e+01,2.427829e+01,2.406903e+01,2.352705e+01,2.294807e+01,2.326861e+01,2.323456e+01,2.348629e+01,2.374418e+01,2.275663e+01,2.243448e+01,2.255798e+01,2.244821e+01,2.244821e+01,2.259911e+01,2.246194e+01,2.248939e+01,2.254426e+01,2.255112e+01,2.259225e+01,2.261967e+01,2.263337e+01,2.258540e+01,2.259225e+01,2.262652e+01,2.249625e+01,2.272925e+01,2.253741e+01,2.259911e+01,2.256483e+01,2.258540e+01,2.259911e+01,2.254426e+01,2.258540e+01,2.257854e+01,2.248939e+01,2.248252e+01,2.248939e+01,2.249625e+01,2.245507e+01,2.246880e+01,2.235894e+01,2.250311e+01,2.237268e+01,2.249625e+01,2.264022e+01,2.253741e+01,2.248939e+01,2.242075e+01,2.233833e+01,2.255112e+01,2.237268e+01,2.236581e+01,2.237955e+01,2.232458e+01,2.235894e+01,2.233146e+01,2.233833e+01,2.230396e+01,2.228334e+01,2.224896e+01,2.227647e+01,2.224896e+01,2.240702e+01,2.228334e+01,2.241389e+01,2.237268e+01,2.222145e+01,2.236581e+01,2.223520e+01,2.221457e+01,2.220081e+01,2.227647e+01,2.213886e+01,2.223520e+01,2.219393e+01,2.212509e+01,2.199418e+01,2.207688e+01,2.195280e+01,2.197349e+01,2.200107e+01,2.198729e+01,2.195970e+01,2.196660e+01,2.182858e+01,2.175949e+01,2.193211e+01,2.192521e+01,2.193901e+01,2.193211e+01,2.201486e+01,2.191831e+01,2.196660e+01,2.195280e+01,2.193211e+01,2.206310e+01,2.198039e+01,2.218705e+01,2.215263e+01,2.211821e+01,2.214575e+01,2.229709e+01,2.201486e+01,2.217328e+01,2.216640e+01,2.218016e+01,2.215952e+01,2.213886e+01,2.208377e+01,2.224896e+01,2.236581e+01,2.229709e+01,2.219393e+01,2.215952e+01,2.224896e+01,2.224896e+01,2.222145e+01,2.211132e+01,2.208377e+01,2.209755e+01,2.213198e+01,2.210443e+01,2.213198e+01,2.213886e+01,2.211132e+01,2.215263e+01,2.216640e+01,2.211132e+01,2.213886e+01,2.211132e+01,2.210443e+01,2.206310e+01,2.209755e+01,2.205621e+01,2.218016e+01,2.213198e+01,2.218016e+01,2.215952e+01,2.218705e+01,2.222145e+01,2.202865e+01,2.211821e+01,2.220769e+01,2.220769e+01,2.224208e+01,2.220081e+01,2.221457e+01,2.224208e+01,2.222145e+01,2.215952e+01,2.231771e+01,2.227647e+01,2.235207e+01,2.231084e+01,2.219393e+01,2.219393e+01,2.225584e+01,2.226959e+01,2.233833e+01,2.229709e+01,2.236581e+01,2.233146e+01,2.215952e+01,2.228334e+01,2.227647e+01,2.226959e+01,2.229709e+01,2.228334e+01,2.225584e+01,2.221457e+01,2.221457e+01,2.220081e+01,2.226271e+01,2.247566e+01,2.219393e+01,2.216640e+01,2.218705e+01,2.215263e+01,2.214575e+01,2.212509e+01,2.222833e+01,2.198729e+01,2.202865e+01,2.193211e+01,2.211132e+01,2.198039e+01,2.205621e+01,2.202176e+01,2.203554e+01,2.198039e+01,2.183548e+01,2.193901e+01,2.194591e+01,2.192521e+01,2.193211e+01,2.192521e+01,2.189761e+01,2.182858e+01,2.190451e+01,2.196660e+01,2.188381e+01,2.184239e+01,2.195280e+01,2.195970e+01,2.197349e+01,2.188381e+01,2.193211e+01,2.193211e+01,2.200107e+01,2.200107e+01,2.204932e+01,2.193901e+01,2.206310e+01,2.211132e+01,2.211821e+01,2.214575e+01,2.215952e+01,2.206999e+01,2.215952e+01,2.209755e+01,2.209066e+01,2.211821e+01,2.224896e+01,2.209755e+01,2.210443e+01,2.209755e+01,2.220081e+01,2.220081e+01,2.213198e+01,2.211821e+01,2.218016e+01,2.204932e+01,2.205621e+01,2.206999e+01,2.202865e+01,2.184929e+01,2.202176e+01,2.184239e+01,2.198729e+01,2.200797e+01,2.179404e+01,2.184239e+01,2.182858e+01,2.180786e+01,2.166962e+01,2.170420e+01,2.170420e+01,2.168345e+01,2.168345e+01,2.175258e+01,2.178022e+01,2.173185e+01,2.163503e+01,2.168345e+01,2.162811e+01,2.174567e+01,2.179404e+01,2.175949e+01,2.158659e+01,2.169037e+01,2.165579e+01,2.162119e+01,2.193901e+01,2.166270e+01,2.167654e+01,2.166962e+01,2.166270e+01,2.179404e+01,2.181476e+01,2.184929e+01,2.197349e+01,2.199418e+01,2.199418e+01,2.197349e+01,2.201486e+01,2.209066e+01,2.211132e+01,2.204932e+01,2.207688e+01,2.207688e+01,2.209066e+01,2.209066e+01,2.218705e+01,2.221457e+01,2.224896e+01,2.224896e+01,2.223520e+01,2.216640e+01,2.213198e+01,2.211821e+01,2.211132e+01,2.219393e+01,2.222833e+01,2.233146e+01,2.219393e+01,2.229709e+01,2.225584e+01,2.232458e+01,2.219393e+01,2.226959e+01,2.232458e+01,2.217328e+01,2.234520e+01,2.212509e+01,2.208377e+01,2.228334e+01,2.221457e+01,2.223520e+01,2.228334e+01,2.218705e+01,2.209066e+01,2.215952e+01,2.213198e+01,2.224208e+01,2.213886e+01,2.214575e+01,2.212509e+01,2.227647e+01,2.218705e+01,2.219393e+01,2.213886e+01,2.211132e+01,2.200797e+01,2.205621e+01,2.220081e+01,2.210443e+01,2.221457e+01,2.212509e+01,2.200797e+01,2.211821e+01,2.206999e+01,2.226271e+01,2.222145e+01,2.210443e+01,2.228334e+01,2.220081e+01,2.205621e+01,2.202865e+01,2.204932e+01,2.216640e+01,2.226959e+01,2.226959e+01,2.220769e+01
2.250997e+01,2.251683e+01,2.258540e+01,2.253055e+01,2.263337e+01,2.257169e+01,2.252369e+01,2.262652e+01,2.244135e+01,2.267447e+01,2.264022e+01,2.269502e+01,2.251683e+01,2.264022e+01,2.267447e+01,2.258540e+01,2.255798e+01,2.277716e+01,2.268817e+01,2.274978e+01,2.257854e+01,2.258540e+01,2.259911e+01,2.261282e+01,2.262652e+01,2.255112e+01,2.264708e+01,2.255798e+01,2.252369e+01,2.259225e+01,2.261967e+01,2.256483e+01,2.262652e+01,2.240702e+01,2.256483e+01,2.242075e+01,2.264708e+01,2.256483e+01,2.256483e+01,2.266078e+01,2.270187e+01,2.278400e+01,2.254426e+01,2.259225e+01,2.264708e+01,2.260596e+01,2.253741e+01,2.248252e+01,2.249625e+01,2.260596e+01,2.244135e+01,2.255798e+01,2.255112e+01,2.255112e+01,2.258540e+01,2.249625e+01,2.250311e+01,2.254426e+01,2.240015e+01,2.266763e+01,2.252369e+01,2.246194e+01,2.250997e+01,2.238642e+01,2.246194e+01,2.249625e+01,2.251683e+01,2.244821e+01,2.247566e+01,2.257854e+01,2.236581e+01,2.255798e+01,2.246880e+01,2.238642e+01,2.246880e+01,2.256483e+01,2.238642e+01,2.234520e+01,2.231771e+01,2.233833e+01,2.226959e+01,2.241389e+01,2.236581e+01,2.251683e+01,2.226959e+01,2.236581e+01,2.229022e+01,2.213886e+01,2.235207e+01,2.235207e+01,2.226959e+01,2.230396e+01,2.220081e+01,2.229022e+01,2.227647e+01,2.227647e+01,2.230396e+01,2.222145e+01,2.221457e+01,2.221457e+01,2.219393e+01,2.224208e+01,2.238642e+01,2.224208e+01,2.220081e+01,2.222145e+01,2.226959e+01,2.221457e+01,2.214575e+01,2.215263e+01,2.227647e+01,2.209066e+01,2.228334e+01,2.223520e+01,2.222833e+01,2.216640e+01,2.211821e+01,2.214575e+01,2.222833e+01,2.220081e+01,2.214575e+01,2.213886e+01,2.211132e+01,2.206999e+01,2.210443e+01,2.209066e+01,2.211821e+01,2.219393e+01,2.218705e+01,2.214575e+01,2.231771e+01,2.209066e+01,2.211132e+01,2.221457e+01,2.215263e+01,2.212509e+01,2.218016e+01,2.210443e+01,2.215952e+01,2.218016e+01,2.213886e+01,2.209066e+01,2.200107e+01,2.215263e+01,2.216640e+01,2.220081e+01,2.209755e+01,2.209755e+01,2.214575e+01,2.211821e+01,2.207688e+01,2.205621e+01,2.221457e+01,2.202865e+01,2.209755e+01,2.215952e+01,2.213198e+01,2.203554e+01,2.209755e+01,2.202865e+01,2.206310e+01,2.206310e+01,2.207688e+01,2.213886e+01,2.213886e+01,2.213886e+01,2.209066e+01,2.209755e+01,2.213886e+01,2.211132e+01,2.208377e+01,2.215263e+01,2.210443e+01,2.210443e+01,2.204932e+01,2.205621e+01,2.203554e+01,2.205621e+01,2.209755e+01,2.204243e+01,2.201486e+01,2.212509e+01,2.196660e+01,2.204243e+01,2.220081e+01,2.204243e+01,2.201486e+01,2.195970e+01,2.200797e+01,2.199418e+01,2.206310e+01,2.211132e+01,2.206999e+01,2.207688e+01,2.209755e+01,2.219393e+01,2.222833e+01,2.229022e+01,2.224208e+01,2.234520e+01,2.233146e+01,2.237268e+01,2.235894e+01,2.240015e+01,2.255112e+01,2.280452e+01,2.311187e+01,2.311869e+01,2.297539e+01,2.268132e+01,2.237268e+01,2.233146e+01,2.209755e+01,2.224208e+01,2.303000e+01,2.406227e+01,2.544512e+01,2.544512e+01,2.364246e+01,2.344551e+01,2.318686e+01,2.395410e+01,2.415683e+01,2.392027e+01,2.356779e+01,2.311869e+01,2.293440e+01,2.285239e+01,2.311869e+01,2.315278e+01,2.325499e+01,2.363567e+01,2.299587e+01,2.298221e+01,2.294123e+01,2.294123e+01,2.335029e+01,2.293440e+01,2.341151e+01,2.402172e+01,2.332988e+01,2.335710e+01,2.324818e+01,2.343871e+01,2.329585e+01,2.278400e+01,2.275663e+01,2.278400e+01,2.324137e+01,2.328904e+01,2.330265e+01,2.299587e+01,2.302318e+01,2.287290e+01,2.270187e+01,2.275663e+01,2.292074e+01,2.339111e+01,2.331627e+01,2.326180e+01,2.326180e+01,2.335710e+01,2.350667e+01,2.349308e+01,2.313915e+01,2.327542e+01,2.336390e+01,2.346590e+01,2.349308e+01,2.394733e+01,2.368994e+01,2.342511e+01,2.372384e+01,2.454095e+01,2.447367e+01,2.362210e+01,2.321412e+01,2.385935e+01,2.346590e+01,2.347949e+01,2.297539e+01,2.253741e+01,2.261282e+01,2.267447e+01,2.303000e+01,2.280452e+01,2.257854e+01,2.301635e+01,2.433222e+01,2.500406e+01,2.468884e+01,2.487674e+01,2.508439e+01,2.542512e+01,2.543845e+01,2.545179e+01,2.598391e+01,2.616290e+01,2.580462e+01,2.389320e+01,2.296856e+01,2.292074e+01,2.317323e+01,2.512453e+01,2.574479e+01,2.304365e+01,2.251683e+01,2.261282e+01,2.259225e+01,2.264708e+01,2.245507e+01,2.246880e+01,2.248939e+01,2.263337e+01,2.261967e+01,2.259225e+01,2.258540e+01,2.259225e+01,2.260596e+01,2.259225e+01,2.257854e+01,2.259911e+01,2.252369e+01,2.255798e+01,2.253055e+01,2.266078e+01,2.250997e+01,2.262652e+01,2.245507e+01,2.257169e+01,2.242075e+01,2.264708e+01,2.257854e+01,2.261282e+01,2.246194e+01,2.252369e+01,2.261282e+01,2.246880e+01,2.270187e+01,2.250311e+01,2.255112e+01,2.255798e+01,2.249625e+01,2.249625e+01,2.244821e+01,2.236581e+01,2.238642e+01,2.225584e+01,2.244821e+01,2.224896e+01,2.238642e+01,2.230396e+01,2.241389e+01,2.239328e+01,2.233146e+01,2.228334e+01,2.226271e+01,2.223520e+01,2.224896e+01,2.242762e+01,2.236581e+01,2.226271e+01,2.228334e+01,2.225584e+01,2.225584e+01,2.229709e+01,2.225584e+01,2.228334e+01,2.224896e+01,2.218705e+01,2.215952e+01,2.219393e+01,2.209755e+01,2.204243e+01,2.208377e+01,2.195280e+01,2.200797e+01,2.197349e+01,2.196660e+01,2.195970e+01,2.195970e+01,2.193211e+01,2.182858e+01,2.194591e+01,2.191141e+01,2.190451e+01,2.190451e+01,2.186310e+01,2.190451e+01,2.195970e+01,2.193901e+01,2.206310e+01,2.217328e+01,2.201486e+01,2.213886e+01,2.213198e+01,2.196660e+01,2.215952e+01,2.222833e+01,2.211821e+01,2.211132e+01,2.217328e+01,2.219393e+01,2.218705e+01,2.219393e+01,2.235894e+01,2.215952e+01,2.222145e+01,2.244135e+01,2.224896e+01,2.219393e+01,2.229022e+01,2.224208e+01,2.220769e+01,2.219393e+01,2.211132e+01,2.222833e+01,2.214575e+01,2.215263e+01,2.218705e+01,2.218705e+01,2.211821e+01,2.222833e+01,2.211821e+01,2.210443e+01,2.206999e+01,2.220769e+01,2.213198e+01,2.209066e+01,2.208377e+01,2.219393e+01,2.218705e+01,2.216640e+01,2.221457e+01,2.220081e+01,2.222833e+01,2.221457e+01,2.222833e+01,2.218705e+01,2.220081e+01,2.227647e+01,2.218016e+01,2.227647e+01,2.218705e+01,2.220081e+01,2.218705e+01,2.219393e+01,2.225584e+01,2.233146e+01,2.216640e+01,2.225584e+01,2.225584e+01,2.225584e+01,2.229709e+01,2.230396e+01,2.229709e+01,2.215263e+01,2.228334e+01,2.228334e+01,2.235894e+01,2.233146e+01,2.229709e+01,2.228334e+01,2.229022e+01,2.220081e+01,2.223520e+01,2.218705e+01,2.222833e+01,2.218705e+01,2.235894e+01,2.220769e+01,2.222833e+01,2.217328e+01,2.218016e+01,2.218705e+01,2.213886e+01,2.215263e+01,2.224208e+01,2.209066e+01,2.200797e+01,2.206999e+01,2.206999e+01,2.209755e+01,2.212509e+01,2.200107e+01,2.195280e+01,2.195280e+01,2.191141e+01,2.190451e+01,2.188381e+01,2.196660e+01,2.181476e+01,2.194591e+01,2.191831e+01,2.186310e+01,2.187691e+01,2.191831e+01,2.209066e+01,2.194591e+01,2.193901e+01,2.194591e+01,2.197349e+01,2.193901e+01,2.197349e+01,2.194591e+01,2.190451e+01,2.200797e+01,2.204243e+01,2.192521e+01,2.207688e+01,2.211821e+01,2.215952e+01,2.204932e+01,2.190451e+01,2.217328e+01,2.215952e+01,2.215263e+01,2.213886e+01,2.212509e+01,2.213886e+01,2.226271e+01,2.224896e+01,2.209755e+01,2.218016e+01,2.218705e+01,2.218705e+01,2.224208e+01,2.205621e+01,2.209066e+01,2.203554e+01,2.207688e+01,2.198039e+01,2.195970e+01,2.191831e+01,2.192521e+01,2.195970e+01,2.180095e+01,2.182167e+01,2.180095e+01,2.182167e+01,2.178713e+01,2.171802e+01,2.180095e+01,2.166962e+01,2.167654e+01,2.180786e+01,2.165579e+01,2.176641e+01,2.175949e+01,2.162119e+01,2.165579e+01,2.178022e+01,2.169728e+01,2.167654e+01,2.181476e+01,2.160735e+01,2.169728e+01,2.158659e+01,2.164195e+01,2.161427e+01,2.167654e+01,2.171802e+01,2.171111e+01,2.175949e+01,2.175258e+01,2.183548e+01,2.188381e+01,2.191141e+01,2.185620e+01,2.193901e+01,2.200107e+01,2.191141e+01,2.216640e+01,2.204932e+01,2.210443e+01,2.224896e+01,2.202176e+01,2.215263e+01,2.209755e+01,2.211821e+01,2.215263e+01,2.207688e+01,2.226959e+01,2.219393e+01,2.228334e+01,2.215263e+01,2.213198e+01,2.229709e+01,2.226959e+01,2.233833e+01,2.224896e+01,2.218016e+01,2.236581e+01,2.234520e+01,2.222145e+01,2.236581e+01,2.220081e+01,2.226959e+01,2.226271e+01,2.216640e+01,2.235894e+01,2.223520e+01,2.226271e+01,2.212509e+01,2.226271e+01,2.229022e+01,2.213886e+01,2.220081e+01,2.212509e+01,2.208377e+01,2.209755e+01,2.213198e+01,2.227647e+01,2.221457e+01,2.220769e+01,2.219393e+01,2.210443e+01,2.213198e+01,2.214575e+01,2.226959e+01,2.226271e+01,2.210443e+01,2.202865e+01,2.218705e+01,2.200797e+01,2.218705e+01,2.220081e+01,2.208377e+01,2.209755e+01,2.217328e+01,2.215263e+01,2.224208e+01,2.222145e+01,2.209755e+01,2.219393e+01,2.220769e+01,2.224208e+01,2.223520e+01,2.215263e+01,2.233833e+01
2.249625e+01,2.252369e+01,2.251683e+01,2.252369e+01,2.258540e+01,2.257169e+01,2.266763e+01,2.261282e+01,2.271556e+01,2.257854e+01,2.264708e+01,2.264022e+01,2.265392e+01,2.264708e+01,2.264022e+01,2.269502e+01,2.257854e+01,2.266078e+01,2.266763e+01,2.263337e+01,2.274294e+01,2.254426e+01,2.249625e+01,2.251683e+01,2.261282e+01,2.266763e+01,2.261967e+01,2.257169e+01,2.256483e+01,2.254426e+01,2.265392e+01,2.257169e+01,2.256483e+01,2.261282e+01,2.286607e+01,2.241389e+01,2.264708e+01,2.270187e+01,2.265392e+01,2.249625e+01,2.257854e+01,2.250311e+01,2.270871e+01,2.259911e+01,2.254426e+01,2.266763e+01,2.253055e+01,2.261282e+01,2.257169e+01,2.248939e+01,2.246880e+01,2.249625e+01,2.255112e+01,2.255112e+01,2.250311e+01,2.248939e+01,2.250997e+01,2.250997e+01,2.246194e+01,2.250311e+01,2.248939e+01,2.246880e+01,2.257169e+01,2.249625e+01,2.245507e+01,2.248252e+01,2.246194e+01,2.239328e+01,2.250997e+01,2.246880e+01,2.238642e+01,2.247566e+01,2.239328e+01,2.248252e+01,2.242762e+01,2.274294e+01,2.253055e+01,2.246880e+01,2.233146e+01,2.233833e+01,2.236581e+01,2.233146e+01,2.229022e+01,2.235207e+01,2.233146e+01,2.234520e+01,2.231771e+01,2.231084e+01,2.221457e+01,2.242762e+01,2.223520e+01,2.223520e+01,2.228334e+01,2.233146e+01,2.222145e+01,2.220769e+01,2.224208e+01,2.221457e+01,2.218705e+01,2.224208e+01,2.223520e+01,2.227647e+01,2.222145e+01,2.225584e+01,2.219393e+01,2.220769e+01,2.213886e+01,2.216640e+01,2.215263e+01,2.217328e+01,2.213198e+01,2.200107e+01,2.228334e+01,2.205621e+01,2.208377e+01,2.211132e+01,2.224208e+01,2.209066e+01,2.229709e+01,2.211821e+01,2.218705e+01,2.207688e+01,2.209066e+01,2.213886e+01,2.198729e+01,2.208377e+01,2.210443e+01,2.211132e+01,2.216640e+01,2.212509e+01,2.218016e+01,2.204243e+01,2.207688e+01,2.204932e+01,2.218016e+01,2.220081e+01,2.213198e+01,2.213198e+01,2.212509e+01,2.206999e+01,2.218016e+01,2.205621e+01,2.207688e+01,2.206310e+01,2.210443e+01,2.213198e+01,2.218705e+01,2.209066e+01,2.215952e+01,2.202865e+01,2.209066e+01,2.209755e+01,2.221457e+01,2.204932e+01,2.212509e+01,2.206999e+01,2.202176e+01,2.198729e+01,2.204932e+01,2.206999e+01,2.206999e+01,2.207688e+01,2.206310e+01,2.208377e+01,2.199418e+01,2.194591e+01,2.218016e+01,2.207688e+01,2.209066e+01,2.224896e+01,2.209755e+01,2.210443e+01,2.207688e+01,2.211132e+01,2.210443e+01,2.211132e+01,2.205621e+01,2.211132e+01,2.194591e+01,2.209755e+01,2.213198e+01,2.197349e+01,2.206310e+01,2.206999e+01,2.189071e+01,2.204243e+01,2.207688e+01,2.200797e+01,2.202176e+01,2.200107e+01,2.212509e+01,2.205621e+01,2.209066e+01,2.210443e+01,2.206999e+01,2.211132e+01,2.221457e+01,2.222833e+01,2.229709e+01,2.231084e+01,2.235894e+01,2.240702e+01,2.237955e+01,2.222145e+01,2.236581e+01,2.235207e+01,2.255112e+01,2.230396e+01,2.239328e+01,2.267447e+01,2.215263e+01,2.191831e+01,2.218705e+01,2.249625e+01,2.347269e+01,2.457458e+01,2.681003e+01,2.545846e+01,2.374418e+01,2.338431e+01,2.324818e+01,2.345910e+01,2.385935e+01,2.452077e+01,2.453423e+01,2.389996e+01,2.331627e+01,2.339791e+01,2.354742e+01,2.391350e+01,2.358816e+01,2.298904e+01,2.297539e+01,2.315278e+01,2.294807e+01,2.292757e+01,2.292757e+01,2.262652e+01,2.233146e+01,2.246880e+01,2.294123e+01,2.329585e+01,2.330265e+01,2.355421e+01,2.295490e+01,2.288657e+01,2.279768e+01,2.247566e+01,2.253741e+01,2.272925e+01,2.296856e+01,2.303000e+01,2.303000e+01,2.290024e+01,2.283872e+01,2.258540e+01,2.240015e+01,2.273610e+01,2.270871e+01,2.314597e+01,2.309141e+01,2.335029e+01,2.327542e+01,2.320731e+01,2.315278e+01,2.330946e+01,2.339791e+01,2.364924e+01,2.392027e+01,2.379839e+01,2.411632e+01,2.408254e+01,2.366281e+01,2.357458e+01,2.400820e+01,2.383226e+01,2.408254e+01,2.515129e+01,2.404200e+01,2.387966e+01,2.348629e+01,2.294123e+01,2.259911e+01,2.266078e+01,2.290024e+01,2.290024e+01,2.293440e+01,2.332988e+01,2.456786e+01,2.475598e+01,2.532502e+01,2.582456e+01,2.661235e+01,2.715837e+01,2.768204e+01,2.828110e+01,2.959132e+01,3.033936e+01,2.952072e+01,2.610327e+01,2.386612e+01,2.311187e+01,2.349988e+01,2.670465e+01,2.768204e+01,2.330946e+01,2.268132e+01,2.264708e+01,2.263337e+01,2.267447e+01,2.244135e+01,2.254426e+01,2.248252e+01,2.242762e+01,2.250311e+01,2.259225e+01,2.257854e+01,2.255798e+01,2.248252e+01,2.248939e+01,2.259225e+01,2.254426e+01,2.251683e+01,2.255112e+01,2.258540e+01,2.261967e+01,2.252369e+01,2.255112e+01,2.250997e+01,2.265392e+01,2.268132e+01,2.263337e+01,2.265392e+01,2.248252e+01,2.260596e+01,2.251683e+01,2.256483e+01,2.235894e+01,2.241389e+01,2.246194e+01,2.246880e+01,2.253055e+01,2.244135e+01,2.248939e+01,2.245507e+01,2.246194e+01,2.248939e+01,2.232458e+01,2.229022e+01,2.247566e+01,2.239328e+01,2.240015e+01,2.233833e+01,2.238642e+01,2.218016e+01,2.226959e+01,2.240015e+01,2.243448e+01,2.228334e+01,2.227647e+01,2.225584e+01,2.229709e+01,2.228334e+01,2.229022e+01,2.229709e+01,2.233833e+01,2.226271e+01,2.228334e+01,2.219393e+01,2.215263e+01,2.220081e+01,2.215952e+01,2.209755e+01,2.211132e+01,2.211132e+01,2.194591e+01,2.197349e+01,2.199418e+01,2.195280e+01,2.196660e+01,2.197349e+01,2.176641e+01,2.178022e+01,2.192521e+01,2.180095e+01,2.184929e+01,2.192521e+01,2.198729e+01,2.188381e+01,2.189071e+01,2.195280e+01,2.188381e+01,2.195970e+01,2.202176e+01,2.202176e+01,2.215952e+01,2.211132e+01,2.211821e+01,2.222145e+01,2.213886e+01,2.217328e+01,2.221457e+01,2.218016e+01,2.220081e+01,2.222145e+01,2.218016e+01,2.218705e+01,2.218705e+01,2.228334e+01,2.225584e+01,2.227647e+01,2.222833e+01,2.228334e+01,2.222833e+01,2.213886e+01,2.232458e+01,2.230396e+01,2.212509e+01,2.210443e+01,2.218705e+01,2.216640e+01,2.214575e+01,2.209755e+01,2.210443e+01,2.208377e+01,2.222833e+01,2.209066e+01,2.206310e+01,2.214575e+01,2.202176e+01,2.224896e+01,2.218705e+01,2.218705e+01,2.215952e+01,2.213886e+01,2.204243e+01,2.212509e+01,2.232458e+01,2.222833e+01,2.210443e+01,2.218016e+01,2.222145e+01,2.215952e+01,2.222145e+01,2.225584e+01,2.218016e+01,2.218016e+01,2.222145e+01,2.222833e+01,2.225584e+01,2.220769e+01,2.246880e+01,2.231084e+01,2.222833e+01,2.229022e+01,2.231771e+01,2.227647e+01,2.236581e+01,2.231084e+01,2.228334e+01,2.231084e+01,2.215263e+01,2.215952e+01,2.228334e+01,2.224896e+01,2.220769e+01,2.221457e+01,2.222833e+01,2.222145e+01,2.222833e+01,2.218705e+01,2.223520e+01,2.220769e+01,2.213198e+01,2.207688e+01,2.213198e+01,2.219393e+01,2.208377e+01,2.223520e+01,2.207688e+01,2.202176e+01,2.201486e+01,2.203554e+01,2.203554e+01,2.193211e+01,2.202176e+01,2.191141e+01,2.198039e+01,2.198729e+01,2.205621e+01,2.196660e+01,2.193211e+01,2.193901e+01,2.181476e+01,2.195280e+01,2.195280e+01,2.197349e+01,2.185620e+01,2.193901e+01,2.185620e+01,2.209755e+01,2.195970e+01,2.195970e+01,2.208377e+01,2.196660e+01,2.206999e+01,2.191831e+01,2.206310e+01,2.211132e+01,2.212509e+01,2.205621e+01,2.211132e+01,2.209066e+01,2.191831e+01,2.204932e+01,2.201486e+01,2.215263e+01,2.204243e+01,2.220769e+01,2.214575e+01,2.214575e+01,2.217328e+01,2.213198e+01,2.207688e+01,2.218705e+01,2.207688e+01,2.207688e+01,2.206310e+01,2.207688e+01,2.207688e+01,2.206999e+01,2.206310e+01,2.193211e+01,2.193901e+01,2.171111e+01,2.178713e+01,2.188381e+01,2.172494e+01,2.187691e+01,2.184239e+01,2.171111e+01,2.166270e+01,2.186310e+01,2.171802e+01,2.175949e+01,2.182167e+01,2.173876e+01,2.170420e+01,2.163503e+01,2.175949e+01,2.169037e+01,2.169037e+01,2.156582e+01,2.175258e+01,2.166270e+01,2.181476e+01,2.182167e+01,2.165579e+01,2.166962e+01,2.172494e+01,2.171111e+01,2.173876e+01,2.175949e+01,2.166270e+01,2.169728e+01,2.172494e+01,2.189071e+01,2.191831e+01,2.180786e+01,2.195280e+01,2.193211e+01,2.206310e+01,2.198039e+01,2.202176e+01,2.202865e+01,2.206999e+01,2.209755e+01,2.215263e+01,2.212509e+01,2.209755e+01,2.213886e+01,2.224208e+01,2.224208e+01,2.214575e+01,2.229022e+01,2.225584e+01,2.211132e+01,2.229709e+01,2.220081e+01,2.218705e+01,2.220081e+01,2.235207e+01,2.220769e+01,2.230396e+01,2.235207e+01,2.224896e+01,2.215263e+01,2.227647e+01,2.226271e+01,2.230396e+01,2.239328e+01,2.213198e+01,2.231771e+01,2.217328e+01,2.211821e+01,2.213886e+01,2.228334e+01,2.226271e+01,2.222833e+01,2.208377e+01,2.226271e+01,2.206999e+01,2.215263e+01,2.206999e+01,2.220769e+01,2.221457e+01,2.212509e+01,2.211821e+01,2.208377e+01,2.205621e+01,2.193211e+01,2.203554e+01,2.205621e+01,2.215952e+01,2.211132e+01,2.209755e+01,2.224896e+01,2.207688e+01,2.208377e+01,2.222833e+01,2.205621e+01,2.224896e+01,2.212509e+01,2.218705e+01,2.227647e+01,2.204932e+01,2.202176e+01,2.213886e+01,2.223520e+01,2.229709e+01
2.249625e+01,2.250997e+01,2.253741e+01,2.266078e+01,2.257169e+01,2.262652e+01,2.268132e+01,2.248939e+01,2.272241e+01,2.257854e+01,2.268132e+01,2.268132e+01,2.266078e+01,2.266078e+01,2.263337e+01,2.261967e+01,2.259225e+01,2.266078e+01,2.256483e+01,2.275663e+01,2.271556e+01,2.274978e+01,2.259911e+01,2.259911e+01,2.253741e+01,2.264708e+01,2.264022e+01,2.251683e+01,2.253741e+01,2.265392e+01,2.255112e+01,2.265392e+01,2.259911e+01,2.257169e+01,2.264022e+01,2.250311e+01,2.268817e+01,2.252369e+01,2.252369e+01,2.248252e+01,2.268132e+01,2.268817e+01,2.255798e+01,2.254426e+01,2.266078e+01,2.248252e+01,2.263337e+01,2.244821e+01,2.250311e+01,2.246880e+01,2.250997e+01,2.246880e+01,2.253055e+01,2.260596e+01,2.252369e+01,2.250311e+01,2.256483e+01,2.252369e+01,2.252369e+01,2.250997e+01,2.264022e+01,2.246880e+01,2.246194e+01,2.243448e+01,2.246880e+01,2.248252e+01,2.250997e+01,2.253055e+01,2.255112e+01,2.241389e+01,2.245507e+01,2.240702e+01,2.248252e+01,2.245507e+01,2.252369e+01,2.238642e+01,2.232458e+01,2.237955e+01,2.231084e+01,2.233833e+01,2.218705e+01,2.222833e+01,2.233146e+01,2.243448e+01,2.231771e+01,2.230396e+01,2.233146e+01,2.231084e+01,2.223520e+01,2.234520e+01,2.223520e+01,2.219393e+01,2.219393e+01,2.226271e+01,2.226959e+01,2.229022e+01,2.226959e+01,2.220081e+01,2.224208e+01,2.220081e+01,2.219393e+01,2.218016e+01,2.220769e+01,2.222833e+01,2.219393e+01,2.217328e+01,2.222833e+01,2.194591e+01,2.213198e+01,2.210443e+01,2.219393e+01,2.211821e+01,2.220769e+01,2.222145e+01,2.223520e+01,2.218016e+01,2.222145e+01,2.218705e+01,2.210443e+01,2.218705e+01,2.205621e+01,2.211821e+01,2.216640e+01,2.211821e+01,2.219393e+01,2.221457e+01,2.210443e+01,2.214575e+01,2.216640e+01,2.204932e+01,2.211132e+01,2.217328e+01,2.213198e+01,2.209755e+01,2.215263e+01,2.222145e+01,2.212509e+01,2.215952e+01,2.218016e+01,2.212509e+01,2.211821e+01,2.209755e+01,2.206999e+01,2.208377e+01,2.212509e+01,2.205621e+01,2.211132e+01,2.213198e+01,2.204243e+01,2.206999e+01,2.213198e+01,2.224208e+01,2.215263e+01,2.214575e+01,2.215952e+01,2.206310e+01,2.205621e+01,2.206999e+01,2.231084e+01,2.204243e+01,2.206999e+01,2.209066e+01,2.209066e+01,2.207688e+01,2.205621e+01,2.216640e+01,2.196660e+01,2.218705e+01,2.200797e+01,2.216640e+01,2.218705e+01,2.211132e+01,2.211132e+01,2.213886e+01,2.211821e+01,2.215952e+01,2.213198e+01,2.204932e+01,2.218016e+01,2.218705e+01,2.200797e+01,2.205621e+01,2.187000e+01,2.204932e+01,2.202865e+01,2.206310e+01,2.205621e+01,2.201486e+01,2.209755e+01,2.193901e+01,2.202865e+01,2.206999e+01,2.205621e+01,2.206999e+01,2.211132e+01,2.210443e+01,2.205621e+01,2.219393e+01,2.223520e+01,2.209066e+01,2.214575e+01,2.202176e+01,2.235894e+01,2.219393e+01,2.235207e+01,2.235894e+01,2.235207e+01,2.206999e+01,2.236581e+01,2.235207e+01,2.206999e+01,2.197349e+01,2.231771e+01,2.297539e+01,2.352026e+01,2.470227e+01,2.705990e+01,2.503754e+01,2.388643e+01,2.368316e+01,2.385258e+01,2.423782e+01,2.555843e+01,2.716494e+01,2.761672e+01,2.685610e+01,2.458131e+01,2.508439e+01,2.578468e+01,2.611653e+01,2.486333e+01,2.317323e+01,2.312551e+01,2.317323e+01,2.313233e+01,2.288657e+01,2.292074e+01,2.242075e+01,2.243448e+01,2.292074e+01,2.297539e+01,2.262652e+01,2.288657e+01,2.283872e+01,2.321412e+01,2.335710e+01,2.321412e+01,2.272241e+01,2.282504e+01,2.283872e+01,2.301635e+01,2.283188e+01,2.298904e+01,2.298904e+01,2.278400e+01,2.213198e+01,2.233833e+01,2.231084e+01,2.229022e+01,2.276347e+01,2.267447e+01,2.319368e+01,2.317323e+01,2.291391e+01,2.288657e+01,2.296856e+01,2.324818e+01,2.335029e+01,2.352705e+01,2.366281e+01,2.402848e+01,2.419733e+01,2.399467e+01,2.381194e+01,2.402848e+01,2.448040e+01,2.407579e+01,2.347949e+01,2.346590e+01,2.404200e+01,2.404876e+01,2.373062e+01,2.309823e+01,2.266078e+01,2.292074e+01,2.304365e+01,2.310505e+01,2.377129e+01,2.435244e+01,2.544512e+01,2.740743e+01,2.879287e+01,3.003309e+01,3.063842e+01,3.080351e+01,3.037121e+01,3.083523e+01,3.081620e+01,3.055578e+01,2.906397e+01,2.551179e+01,2.341151e+01,2.346590e+01,2.670465e+01,2.811214e+01,2.371706e+01,2.267447e+01,2.266763e+01,2.257854e+01,2.259225e+01,2.246880e+01,2.253055e+01,2.259225e+01,2.253055e+01,2.251683e+01,2.260596e+01,2.261282e+01,2.261967e+01,2.253741e+01,2.259225e+01,2.262652e+01,2.257854e+01,2.255798e+01,2.244821e+01,2.255112e+01,2.254426e+01,2.255112e+01,2.248939e+01,2.259911e+01,2.261282e+01,2.261282e+01,2.257169e+01,2.257169e+01,2.259911e+01,2.259911e+01,2.257169e+01,2.253055e+01,2.266078e+01,2.244821e+01,2.237955e+01,2.246880e+01,2.242762e+01,2.247566e+01,2.253055e+01,2.254426e+01,2.240015e+01,2.249625e+01,2.237268e+01,2.243448e+01,2.242075e+01,2.234520e+01,2.237955e+01,2.234520e+01,2.235207e+01,2.229709e+01,2.235207e+01,2.226959e+01,2.224208e+01,2.222833e+01,2.229022e+01,2.222833e+01,2.225584e+01,2.228334e+01,2.218705e+01,2.223520e+01,2.226959e+01,2.229709e+01,2.213198e+01,2.218705e+01,2.222833e+01,2.223520e+01,2.218705e+01,2.200797e+01,2.206310e+01,2.202865e+01,2.204932e+01,2.196660e+01,2.194591e+01,2.199418e+01,2.187000e+01,2.183548e+01,2.182858e+01,2.194591e+01,2.179404e+01,2.194591e+01,2.188381e+01,2.185620e+01,2.190451e+01,2.189761e+01,2.199418e+01,2.188381e+01,2.194591e+01,2.213198e+01,2.200107e+01,2.202865e+01,2.213198e+01,2.204243e+01,2.215263e+01,2.206999e+01,2.215263e+01,2.220769e+01,2.215952e+01,2.215263e+01,2.210443e+01,2.219393e+01,2.219393e+01,2.233146e+01,2.233146e+01,2.225584e+01,2.233833e+01,2.222833e+01,2.224896e+01,2.233146e+01,2.218016e+01,2.214575e+01,2.209066e+01,2.220769e+01,2.226271e+01,2.215952e+01,2.208377e+01,2.217328e+01,2.217328e+01,2.215952e+01,2.213198e+01,2.209066e+01,2.203554e+01,2.224208e+01,2.201486e+01,2.200797e+01,2.218705e+01,2.209755e+01,2.220081e+01,2.218705e+01,2.221457e+01,2.219393e+01,2.212509e+01,2.218705e+01,2.214575e+01,2.224208e+01,2.215263e+01,2.224896e+01,2.218705e+01,2.213886e+01,2.221457e+01,2.218705e+01,2.215952e+01,2.222833e+01,2.220769e+01,2.222833e+01,2.228334e+01,2.219393e+01,2.225584e+01,2.226271e+01,2.218705e+01,2.211132e+01,2.221457e+01,2.226271e+01,2.228334e+01,2.226959e+01,2.231771e+01,2.224208e+01,2.228334e+01,2.222833e+01,2.227647e+01,2.226959e+01,2.219393e+01,2.226959e+01,2.214575e+01,2.210443e+01,2.224208e+01,2.220769e+01,2.222145e+01,2.211821e+01,2.220769e+01,2.214575e+01,2.211132e+01,2.212509e+01,2.208377e+01,2.204243e+01,2.207688e+01,2.202865e+01,2.209066e+01,2.207688e+01,2.189071e+01,2.204243e+01,2.191141e+01,2.197349e+01,2.195280e+01,2.198039e+01,2.195970e+01,2.187000e+01,2.186310e+01,2.195280e+01,2.202865e+01,2.197349e+01,2.197349e+01,2.198039e+01,2.186310e+01,2.202176e+01,2.201486e+01,2.187000e+01,2.195280e+01,2.193901e+01,2.195280e+01,2.200107e+01,2.202176e+01,2.202865e+01,2.205621e+01,2.201486e+01,2.206310e+01,2.209066e+01,2.212509e+01,2.209066e+01,2.204243e+01,2.206310e+01,2.211821e+01,2.210443e+01,2.213198e+01,2.214575e+01,2.213886e+01,2.217328e+01,2.217328e+01,2.216640e+01,2.219393e+01,2.215952e+01,2.207688e+01,2.219393e+01,2.208377e+01,2.209755e+01,2.198729e+01,2.202176e+01,2.203554e+01,2.193211e+01,2.186310e+01,2.191831e+01,2.189071e+01,2.191141e+01,2.194591e+01,2.189761e+01,2.168345e+01,2.164887e+01,2.164887e+01,2.172494e+01,2.170420e+01,2.173876e+01,2.175949e+01,2.177332e+01,2.167654e+01,2.178022e+01,2.175258e+01,2.172494e+01,2.168345e+01,2.175949e+01,2.169037e+01,2.163503e+01,2.160735e+01,2.171802e+01,2.166962e+01,2.165579e+01,2.166270e+01,2.175949e+01,2.169728e+01,2.178022e+01,2.180786e+01,2.177332e+01,2.182167e+01,2.182167e+01,2.180786e+01,2.184929e+01,2.189071e+01,2.198729e+01,2.200107e+01,2.200107e+01,2.209066e+01,2.219393e+01,2.201486e+01,2.204932e+01,2.204932e+01,2.219393e+01,2.190451e+01,2.225584e+01,2.212509e+01,2.206310e+01,2.225584e+01,2.226271e+01,2.214575e+01,2.223520e+01,2.216640e+01,2.224208e+01,2.231084e+01,2.216640e+01,2.222833e+01,2.235207e+01,2.237955e+01,2.223520e+01,2.225584e+01,2.222833e+01,2.221457e+01,2.226959e+01,2.241389e+01,2.226271e+01,2.224208e+01,2.220769e+01,2.213886e+01,2.224208e+01,2.215263e+01,2.209755e+01,2.231084e+01,2.213886e+01,2.215952e+01,2.211132e+01,2.202865e+01,2.214575e+01,2.206310e+01,2.209066e+01,2.207688e+01,2.213198e+01,2.211132e+01,2.209066e+01,2.206999e+01,2.206999e+01,2.187691e+01,2.216640e+01,2.217328e+01,2.218705e+01,2.210443e+01,2.213886e+01,2.218016e+01,2.214575e+01,2.219393e+01,2.222145e+01,2.218705e+01,2.222145e+01,2.229022e+01,2.200797e+01,2.221457e+01,2.187000e+01,2.222833e+01,2.210443e+01,2.215263e+01
2.248939e+01,2.250997e+01,2.254426e+01,2.253055e+01,2.256483e+01,2.251683e+01,2.267447e+01,2.246880e+01,2.270187e+01,2.253055e+01,2.271556e+01,2.265392e+01,2.258540e+01,2.264708e+01,2.262652e+01,2.264708e+01,2.261282e+01,2.268817e+01,2.267447e+01,2.250997e+01,2.261967e+01,2.264708e+01,2.267447e+01,2.255798e+01,2.257169e+01,2.255112e+01,2.263337e+01,2.264708e+01,2.260596e+01,2.266763e+01,2.261967e+01,2.255112e+01,2.264708e+01,2.267447e+01,2.270871e+01,2.266763e+01,2.266763e+01,2.267447e+01,2.250997e+01,2.252369e+01,2.255798e+01,2.266763e+01,2.257169e+01,2.256483e+01,2.247566e+01,2.247566e+01,2.250311e+01,2.257854e+01,2.251683e+01,2.236581e+01,2.250997e+01,2.255798e+01,2.262652e+01,2.248939e+01,2.249625e+01,2.263337e+01,2.248939e+01,2.248252e+01,2.244135e+01,2.244135e+01,2.264022e+01,2.244135e+01,2.240702e+01,2.252369e+01,2.244821e+01,2.247566e+01,2.248939e+01,2.237955e+01,2.244821e+01,2.231084e+01,2.232458e+01,2.245507e+01,2.234520e+01,2.244821e+01,2.232458e+01,2.242762e+01,2.221457e+01,2.231084e+01,2.232458e+01,2.216640e+01,2.240702e+01,2.233146e+01,2.235207e+01,2.234520e+01,2.234520e+01,2.229022e+01,2.232458e+01,2.245507e+01,2.224208e+01,2.232458e+01,2.220769e+01,2.219393e+01,2.222145e+01,2.225584e+01,2.224896e+01,2.228334e+01,2.226271e+01,2.218016e+01,2.219393e+01,2.220769e+01,2.223520e+01,2.218016e+01,2.218705e+01,2.223520e+01,2.222833e+01,2.218016e+01,2.218016e+01,2.213198e+01,2.218016e+01,2.218705e+01,2.230396e+01,2.222833e+01,2.229022e+01,2.218705e+01,2.211132e+01,2.214575e+01,2.224208e+01,2.222145e+01,2.216640e+01,2.212509e+01,2.209755e+01,2.210443e+01,2.205621e+01,2.215952e+01,2.212509e+01,2.209755e+01,2.211821e+01,2.205621e+01,2.204932e+01,2.218705e+01,2.208377e+01,2.216640e+01,2.205621e+01,2.216640e+01,2.222145e+01,2.223520e+01,2.217328e+01,2.213886e+01,2.218016e+01,2.216640e+01,2.218016e+01,2.215952e+01,2.214575e+01,2.214575e+01,2.213886e+01,2.209755e+01,2.217328e+01,2.212509e+01,2.212509e+01,2.207688e+01,2.204932e+01,2.208377e+01,2.209755e+01,2.209755e+01,2.210443e+01,2.211821e+01,2.206999e+01,2.213886e+01,2.213198e+01,2.201486e+01,2.206999e+01,2.207688e+01,2.208377e+01,2.213198e+01,2.209066e+01,2.216640e+01,2.193211e+01,2.193211e+01,2.209066e+01,2.202865e+01,2.204932e+01,2.209066e+01,2.215952e+01,2.207688e+01,2.209066e+01,2.228334e+01,2.210443e+01,2.211821e+01,2.205621e+01,2.204932e+01,2.206999e+01,2.207688e+01,2.206310e+01,2.211132e+01,2.206310e+01,2.201486e+01,2.218016e+01,2.205621e+01,2.195970e+01,2.193211e+01,2.204243e+01,2.201486e+01,2.197349e+01,2.207688e+01,2.208377e+01,2.207688e+01,2.212509e+01,2.213886e+01,2.219393e+01,2.226271e+01,2.223520e+01,2.224896e+01,2.222145e+01,2.229022e+01,2.233833e+01,2.219393e+01,2.214575e+01,2.188381e+01,2.226959e+01,2.195970e+01,2.185620e+01,2.211821e+01,2.228334e+01,2.318005e+01,2.349988e+01,2.427829e+01,2.591091e+01,2.457458e+01,2.385935e+01,2.443328e+01,2.543179e+01,2.581791e+01,2.552512e+01,2.680345e+01,2.822914e+01,2.834602e+01,2.617615e+01,2.755136e+01,2.878641e+01,2.824863e+01,2.516466e+01,2.294807e+01,2.293440e+01,2.344551e+01,2.318686e+01,2.289341e+01,2.291391e+01,2.290024e+01,2.351346e+01,2.335710e+01,2.330946e+01,2.341831e+01,2.345230e+01,2.296856e+01,2.318005e+01,2.413658e+01,2.391350e+01,2.304365e+01,2.288657e+01,2.319368e+01,2.326180e+01,2.294123e+01,2.298904e+01,2.325499e+01,2.287290e+01,2.249625e+01,2.237268e+01,2.231771e+01,2.223520e+01,2.250997e+01,2.277032e+01,2.319368e+01,2.307095e+01,2.281136e+01,2.319368e+01,2.337070e+01,2.386612e+01,2.363567e+01,2.347949e+01,2.396762e+01,2.454768e+01,2.385258e+01,2.398115e+01,2.394733e+01,2.433896e+01,2.620263e+01,2.380517e+01,2.296173e+01,2.295490e+01,2.349308e+01,2.386612e+01,2.352705e+01,2.332307e+01,2.307095e+01,2.298904e+01,2.296173e+01,2.377807e+01,2.413658e+01,2.415008e+01,2.546513e+01,2.833953e+01,3.011612e+01,3.075274e+01,3.077813e+01,3.074639e+01,2.973877e+01,3.017357e+01,3.010974e+01,2.973877e+01,2.948862e+01,2.749251e+01,2.381194e+01,2.309823e+01,2.572484e+01,2.761672e+01,2.370350e+01,2.266078e+01,2.260596e+01,2.262652e+01,2.249625e+01,2.240015e+01,2.247566e+01,2.242762e+01,2.242762e+01,2.244821e+01,2.253741e+01,2.245507e+01,2.246880e+01,2.255112e+01,2.254426e+01,2.257854e+01,2.256483e+01,2.263337e+01,2.254426e+01,2.235207e+01,2.254426e+01,2.249625e+01,2.244821e+01,2.253741e+01,2.243448e+01,2.242075e+01,2.259225e+01,2.253741e+01,2.255798e+01,2.257169e+01,2.250997e+01,2.253741e+01,2.241389e+01,2.246194e+01,2.249625e+01,2.248252e+01,2.254426e+01,2.244135e+01,2.249625e+01,2.250997e+01,2.241389e+01,2.244821e+01,2.236581e+01,2.243448e+01,2.246194e+01,2.240702e+01,2.237268e+01,2.235894e+01,2.237268e+01,2.218016e+01,2.222833e+01,2.241389e+01,2.231771e+01,2.222145e+01,2.236581e+01,2.228334e+01,2.222145e+01,2.218705e+01,2.226959e+01,2.225584e+01,2.209755e+01,2.217328e+01,2.216640e+01,2.217328e+01,2.220081e+01,2.219393e+01,2.210443e+01,2.209755e+01,2.209755e+01,2.193211e+01,2.203554e+01,2.193901e+01,2.195280e+01,2.191831e+01,2.185620e+01,2.189761e+01,2.189071e+01,2.175949e+01,2.196660e+01,2.192521e+01,2.191831e+01,2.195970e+01,2.195280e+01,2.189071e+01,2.189071e+01,2.191831e+01,2.187691e+01,2.198039e+01,2.190451e+01,2.196660e+01,2.202176e+01,2.206310e+01,2.215952e+01,2.203554e+01,2.206310e+01,2.217328e+01,2.200107e+01,2.215952e+01,2.222145e+01,2.214575e+01,2.212509e+01,2.221457e+01,2.217328e+01,2.233833e+01,2.224896e+01,2.226959e+01,2.215952e+01,2.227647e+01,2.222833e+01,2.217328e+01,2.221457e+01,2.215952e+01,2.222145e+01,2.218016e+01,2.212509e+01,2.214575e+01,2.214575e+01,2.217328e+01,2.220081e+01,2.199418e+01,2.226271e+01,2.204932e+01,2.211132e+01,2.218016e+01,2.221457e+01,2.209066e+01,2.206999e+01,2.207688e+01,2.215263e+01,2.206999e+01,2.209066e+01,2.213198e+01,2.227647e+01,2.221457e+01,2.221457e+01,2.219393e+01,2.228334e+01,2.218016e+01,2.213198e+01,2.215263e+01,2.226959e+01,2.224208e+01,2.228334e+01,2.221457e+01,2.220769e+01,2.220769e+01,2.228334e+01,2.218016e+01,2.231084e+01,2.228334e+01,2.220081e+01,2.224208e+01,2.209755e+01,2.215263e+01,2.226271e+01,2.215952e+01,2.213198e+01,2.225584e+01,2.219393e+01,2.216640e+01,2.225584e+01,2.223520e+01,2.217328e+01,2.221457e+01,2.217328e+01,2.220769e+01,2.222145e+01,2.221457e+01,2.206310e+01,2.214575e+01,2.217328e+01,2.206310e+01,2.207688e+01,2.204243e+01,2.193211e+01,2.204243e+01,2.189761e+01,2.199418e+01,2.191831e+01,2.187691e+01,2.203554e+01,2.199418e+01,2.195970e+01,2.186310e+01,2.181476e+01,2.187000e+01,2.189071e+01,2.198729e+01,2.191141e+01,2.195280e+01,2.180786e+01,2.198039e+01,2.199418e+01,2.203554e+01,2.202176e+01,2.200797e+01,2.198729e+01,2.196660e+01,2.189761e+01,2.190451e+01,2.197349e+01,2.195970e+01,2.208377e+01,2.198039e+01,2.206999e+01,2.208377e+01,2.207688e+01,2.209755e+01,2.206310e+01,2.203554e+01,2.209066e+01,2.213198e+01,2.215952e+01,2.216640e+01,2.216640e+01,2.215263e+01,2.216640e+01,2.208377e+01,2.208377e+01,2.212509e+01,2.209755e+01,2.207688e+01,2.201486e+01,2.209755e+01,2.204932e+01,2.201486e+01,2.200797e+01,2.178713e+01,2.200107e+01,2.182858e+01,2.193901e+01,2.195280e+01,2.191831e+01,2.190451e+01,2.175949e+01,2.181476e+01,2.187000e+01,2.184239e+01,2.171111e+01,2.174567e+01,2.166962e+01,2.174567e+01,2.178022e+01,2.173185e+01,2.155197e+01,2.166270e+01,2.166270e+01,2.173876e+01,2.165579e+01,2.164887e+01,2.163503e+01,2.177332e+01,2.173876e+01,2.171111e+01,2.171802e+01,2.169728e+01,2.172494e+01,2.173876e+01,2.173876e+01,2.173185e+01,2.184239e+01,2.191141e+01,2.184929e+01,2.185620e+01,2.186310e+01,2.204243e+01,2.199418e+01,2.193901e+01,2.204243e+01,2.217328e+01,2.204243e+01,2.215952e+01,2.215263e+01,2.202865e+01,2.204932e+01,2.227647e+01,2.218016e+01,2.224896e+01,2.232458e+01,2.235894e+01,2.220769e+01,2.230396e+01,2.229022e+01,2.220769e+01,2.222145e+01,2.226959e+01,2.226959e+01,2.226959e+01,2.220081e+01,2.244135e+01,2.220769e+01,2.229709e+01,2.228334e+01,2.226271e+01,2.225584e+01,2.224208e+01,2.234520e+01,2.224208e+01,2.218016e+01,2.211132e+01,2.218016e+01,2.216640e+01,2.218705e+01,2.220081e+01,2.213198e+01,2.208377e+01,2.210443e+01,2.215952e+01,2.211132e+01,2.210443e+01,2.207688e+01,2.218705e+01,2.206310e+01,2.210443e+01,2.219393e+01,2.200107e+01,2.214575e+01,2.202865e+01,2.216640e+01,2.207688e+01,2.218705e+01,2.220769e+01,2.213198e+01,2.220081e+01,2.216640e+01,2.220769e+01,2.219393e+01,2.220081e+01,2.219393e+01,2.208377e+01,2.221457e+01,2.224208e+01,2.208377e+01,2.217328e+01,2.224208e+01
2.243448e+01,2.250311e+01,2.253055e+01,2.256483e+01,2.241389e+01,2.254426e+01,2.262652e+01,2.252369e+01,2.262652e+01,2.259225e+01,2.264022e+01,2.271556e+01,2.268817e+01,2.266763e+01,2.265392e+01,2.262652e+01,2.265392e+01,2.265392e+01,2.266763e+01,2.262652e+01,2.260596e+01,2.264022e+01,2.264022e+01,2.264708e+01,2.264022e+01,2.266763e+01,2.261967e+01,2.270871e+01,2.255798e+01,2.263337e+01,2.268132e+01,2.267447e+01,2.264022e+01,2.255798e+01,2.269502e+01,2.255112e+01,2.268817e+01,2.269502e+01,2.254426e+01,2.261967e+01,2.272241e+01,2.252369e+01,2.252369e+01,2.255798e+01,2.258540e+01,2.242075e+01,2.245507e+01,2.253055e+01,2.253741e+01,2.255112e+01,2.244821e+01,2.250997e+01,2.262652e+01,2.253741e+01,2.250997e+01,2.243448e+01,2.247566e+01,2.254426e+01,2.248939e+01,2.242762e+01,2.255798e+01,2.248939e+01,2.242075e+01,2.240702e+01,2.244821e+01,2.240702e+01,2.242762e+01,2.248939e+01,2.238642e+01,2.250311e+01,2.237955e+01,2.248252e+01,2.231771e+01,2.233833e+01,2.240015e+01,2.235207e+01,2.231771e+01,2.244821e+01,2.237955e+01,2.240702e+01,2.231771e+01,2.233146e+01,2.231084e+01,2.234520e+01,2.231771e+01,2.236581e+01,2.225584e+01,2.223520e+01,2.233146e+01,2.224208e+01,2.229709e+01,2.227647e+01,2.224896e+01,2.221457e+01,2.204932e+01,2.231084e+01,2.219393e+01,2.219393e+01,2.218016e+01,2.218016e+01,2.219393e+01,2.219393e+01,2.224208e+01,2.224208e+01,2.221457e+01,2.227647e+01,2.220769e+01,2.220081e+01,2.222145e+01,2.213886e+01,2.237268e+01,2.236581e+01,2.226959e+01,2.220081e+01,2.218016e+01,2.224208e+01,2.215263e+01,2.218016e+01,2.209755e+01,2.207688e+01,2.206310e+01,2.205621e+01,2.206310e+01,2.213886e+01,2.215952e+01,2.208377e+01,2.217328e+01,2.223520e+01,2.211821e+01,2.218705e+01,2.217328e+01,2.211821e+01,2.208377e+01,2.220769e+01,2.213198e+01,2.218705e+01,2.219393e+01,2.219393e+01,2.221457e+01,2.215952e+01,2.220081e+01,2.214575e+01,2.207688e+01,2.209755e+01,2.214575e+01,2.216640e+01,2.216640e+01,2.211132e+01,2.215263e+01,2.214575e+01,2.222145e+01,2.219393e+01,2.209755e+01,2.222145e+01,2.211821e+01,2.213198e+01,2.213886e+01,2.215952e+01,2.219393e+01,2.209755e+01,2.213886e+01,2.215952e+01,2.217328e+01,2.202176e+01,2.211132e+01,2.221457e+01,2.210443e+01,2.200797e+01,2.216640e+01,2.215952e+01,2.211821e+01,2.213198e+01,2.213886e+01,2.221457e+01,2.209066e+01,2.209755e+01,2.211821e+01,2.225584e+01,2.208377e+01,2.231084e+01,2.202176e+01,2.215263e+01,2.213198e+01,2.218016e+01,2.218016e+01,2.224896e+01,2.206999e+01,2.204243e+01,2.193901e+01,2.218705e+01,2.205621e+01,2.201486e+01,2.200107e+01,2.203554e+01,2.210443e+01,2.209755e+01,2.202865e+01,2.205621e+01,2.215263e+01,2.220081e+01,2.224208e+01,2.222833e+01,2.220769e+01,2.218705e+01,2.237268e+01,2.223520e+01,2.229022e+01,2.211132e+01,2.221457e+01,2.201486e+01,2.200107e+01,2.227647e+01,2.288657e+01,2.353384e+01,2.337751e+01,2.350667e+01,2.385258e+01,2.389996e+01,2.386612e+01,2.391350e+01,2.420408e+01,2.467540e+01,2.593082e+01,2.837197e+01,2.824863e+01,2.789079e+01,2.674418e+01,2.726987e+01,2.874763e+01,2.663213e+01,2.344551e+01,2.294123e+01,2.335029e+01,2.383903e+01,2.421083e+01,2.327542e+01,2.291391e+01,2.337070e+01,2.412983e+01,2.355421e+01,2.344551e+01,2.396086e+01,2.484321e+01,2.403524e+01,2.434570e+01,2.580462e+01,2.481638e+01,2.327542e+01,2.327542e+01,2.362210e+01,2.356779e+01,2.311187e+01,2.334349e+01,2.333668e+01,2.283188e+01,2.270187e+01,2.252369e+01,2.245507e+01,2.232458e+01,2.248252e+01,2.297539e+01,2.346590e+01,2.320049e+01,2.313915e+01,2.328223e+01,2.335710e+01,2.368994e+01,2.379162e+01,2.370350e+01,2.385258e+01,2.399467e+01,2.359495e+01,2.361531e+01,2.366281e+01,2.444001e+01,2.759058e+01,2.507770e+01,2.352705e+01,2.341151e+01,2.335029e+01,2.347949e+01,2.350667e+01,2.346590e+01,2.336390e+01,2.320049e+01,2.347269e+01,2.416359e+01,2.417034e+01,2.370350e+01,2.457458e+01,2.630190e+01,2.876702e+01,3.029475e+01,3.069560e+01,2.923789e+01,2.742053e+01,2.702049e+01,2.645394e+01,2.614303e+01,2.658596e+01,2.552512e+01,2.309141e+01,2.298221e+01,2.397439e+01,2.549846e+01,2.317323e+01,2.264022e+01,2.258540e+01,2.248252e+01,2.249625e+01,2.253741e+01,2.242762e+01,2.252369e+01,2.241389e+01,2.253055e+01,2.248939e+01,2.257169e+01,2.255112e+01,2.253055e+01,2.257169e+01,2.257169e+01,2.255798e+01,2.242075e+01,2.257169e+01,2.255798e+01,2.255112e+01,2.246880e+01,2.251683e+01,2.254426e+01,2.261282e+01,2.257854e+01,2.260596e+01,2.248939e+01,2.250311e+01,2.253055e+01,2.249625e+01,2.251683e+01,2.248252e+01,2.244821e+01,2.249625e+01,2.255112e+01,2.250997e+01,2.242075e+01,2.246194e+01,2.246880e+01,2.242075e+01,2.247566e+01,2.246194e+01,2.238642e+01,2.233833e+01,2.230396e+01,2.240702e+01,2.233833e+01,2.237268e+01,2.230396e+01,2.220769e+01,2.226959e+01,2.224208e+01,2.237268e+01,2.220081e+01,2.221457e+01,2.231084e+01,2.222145e+01,2.224208e+01,2.233833e+01,2.214575e+01,2.220081e+01,2.211132e+01,2.224896e+01,2.218016e+01,2.208377e+01,2.215952e+01,2.209066e+01,2.211132e+01,2.197349e+01,2.211132e+01,2.193901e+01,2.200797e+01,2.192521e+01,2.194591e+01,2.192521e+01,2.189761e+01,2.188381e+01,2.178022e+01,2.191831e+01,2.196660e+01,2.181476e+01,2.195280e+01,2.198039e+01,2.189071e+01,2.188381e+01,2.201486e+01,2.199418e+01,2.202176e+01,2.216640e+01,2.202176e+01,2.213886e+01,2.205621e+01,2.209755e+01,2.213886e+01,2.215263e+01,2.217328e+01,2.223520e+01,2.219393e+01,2.211821e+01,2.211132e+01,2.228334e+01,2.227647e+01,2.232458e+01,2.226959e+01,2.220769e+01,2.238642e+01,2.213886e+01,2.219393e+01,2.222145e+01,2.224896e+01,2.224208e+01,2.223520e+01,2.212509e+01,2.213198e+01,2.210443e+01,2.220081e+01,2.211821e+01,2.206999e+01,2.200797e+01,2.198039e+01,2.204932e+01,2.209755e+01,2.215952e+01,2.207688e+01,2.210443e+01,2.202865e+01,2.207688e+01,2.217328e+01,2.218705e+01,2.218705e+01,2.213886e+01,2.216640e+01,2.218705e+01,2.215952e+01,2.213886e+01,2.216640e+01,2.215952e+01,2.213198e+01,2.212509e+01,2.221457e+01,2.218016e+01,2.218016e+01,2.222833e+01,2.220081e+01,2.213198e+01,2.224208e+01,2.226959e+01,2.229709e+01,2.227647e+01,2.209755e+01,2.226271e+01,2.213886e+01,2.223520e+01,2.213198e+01,2.224208e+01,2.212509e+01,2.216640e+01,2.222833e+01,2.221457e+01,2.226271e+01,2.223520e+01,2.215952e+01,2.221457e+01,2.223520e+01,2.222145e+01,2.209755e+01,2.204932e+01,2.211821e+01,2.215952e+01,2.211821e+01,2.210443e+01,2.201486e+01,2.200107e+01,2.196660e+01,2.199418e+01,2.200107e+01,2.207688e+01,2.204243e+01,2.190451e+01,2.191141e+01,2.189071e+01,2.179404e+01,2.206310e+01,2.195970e+01,2.189761e+01,2.196660e+01,2.188381e+01,2.203554e+01,2.198039e+01,2.187691e+01,2.206310e+01,2.200797e+01,2.180095e+01,2.182858e+01,2.199418e+01,2.202865e+01,2.196660e+01,2.194591e+01,2.201486e+01,2.196660e+01,2.192521e+01,2.233833e+01,2.213198e+01,2.208377e+01,2.217328e+01,2.212509e+01,2.206999e+01,2.220769e+01,2.214575e+01,2.204243e+01,2.212509e+01,2.213886e+01,2.216640e+01,2.218016e+01,2.216640e+01,2.216640e+01,2.212509e+01,2.210443e+01,2.209755e+01,2.213198e+01,2.215263e+01,2.198729e+01,2.208377e+01,2.200797e+01,2.203554e+01,2.198039e+01,2.199418e+01,2.198039e+01,2.195280e+01,2.195970e+01,2.195280e+01,2.184929e+01,2.189761e+01,2.177332e+01,2.180786e+01,2.171111e+01,2.166270e+01,2.188381e+01,2.178022e+01,2.170420e+01,2.175949e+01,2.176641e+01,2.178022e+01,2.175949e+01,2.177332e+01,2.167654e+01,2.167654e+01,2.169728e+01,2.186310e+01,2.180095e+01,2.177332e+01,2.165579e+01,2.177332e+01,2.168345e+01,2.171802e+01,2.167654e+01,2.160735e+01,2.184239e+01,2.178022e+01,2.181476e+01,2.191831e+01,2.184929e+01,2.182858e+01,2.182167e+01,2.189071e+01,2.202865e+01,2.213886e+01,2.218705e+01,2.201486e+01,2.199418e+01,2.202865e+01,2.215952e+01,2.206310e+01,2.226271e+01,2.202176e+01,2.206310e+01,2.224208e+01,2.227647e+01,2.210443e+01,2.215263e+01,2.216640e+01,2.219393e+01,2.220081e+01,2.234520e+01,2.233146e+01,2.224896e+01,2.224208e+01,2.224896e+01,2.226959e+01,2.240702e+01,2.231084e+01,2.222833e+01,2.229022e+01,2.229022e+01,2.235894e+01,2.222833e+01,2.219393e+01,2.219393e+01,2.222145e+01,2.220081e+01,2.209755e+01,2.214575e+01,2.209755e+01,2.215263e+01,2.207688e+01,2.199418e+01,2.208377e+01,2.229022e+01,2.207688e+01,2.217328e+01,2.213886e+01,2.204932e+01,2.218705e+01,2.206310e+01,2.209066e+01,2.231084e+01,2.206310e+01,2.206999e+01,2.215263e+01,2.204243e+01,2.226271e+01,2.221457e+01,2.217328e+01,2.220081e+01,2.218705e+01,2.222145e+01,2.218016e+01,2.222145e+01,2.220769e+01,2.220081e+01,2.206999e+01,2.222833e+01,2.214575e+01,2.225584e+01
2.242075e+01,2.253741e+01,2.258540e+01,2.262652e+01,2.249625e+01,2.264022e+01,2.264022e+01,2.264708e+01,2.275663e+01,2.275663e+01,2.255112e+01,2.264708e+01,2.267447e+01,2.263337e+01,2.267447e+01,2.261967e+01,2.265392e+01,2.266078e+01,2.266763e+01,2.257854e+01,2.259225e+01,2.270871e+01,2.257854e+01,2.267447e+01,2.263337e+01,2.277032e+01,2.262652e+01,2.264708e+01,2.264708e+01,2.267447e+01,2.267447e+01,2.267447e+01,2.272241e+01,2.276347e+01,2.247566e+01,2.268132e+01,2.270187e+01,2.262652e+01,2.263337e+01,2.261282e+01,2.261282e+01,2.253055e+01,2.259911e+01,2.250311e+01,2.250997e+01,2.257169e+01,2.230396e+01,2.250311e+01,2.253741e+01,2.248252e+01,2.251683e+01,2.255112e+01,2.259911e+01,2.250311e+01,2.248939e+01,2.247566e+01,2.260596e+01,2.247566e+01,2.247566e+01,2.259911e+01,2.250997e+01,2.252369e+01,2.240015e+01,2.241389e+01,2.254426e+01,2.241389e+01,2.239328e+01,2.244821e+01,2.237268e+01,2.242762e+01,2.241389e+01,2.250311e+01,2.251683e+01,2.247566e+01,2.248939e+01,2.234520e+01,2.225584e+01,2.240015e+01,2.239328e+01,2.231084e+01,2.233146e+01,2.234520e+01,2.237955e+01,2.229709e+01,2.229709e+01,2.232458e+01,2.224208e+01,2.233146e+01,2.233146e+01,2.231084e+01,2.221457e+01,2.224896e+01,2.236581e+01,2.222145e+01,2.220769e+01,2.226271e+01,2.213198e+01,2.219393e+01,2.220769e+01,2.228334e+01,2.221457e+01,2.231771e+01,2.222833e+01,2.224896e+01,2.222833e+01,2.223520e+01,2.226271e+01,2.229022e+01,2.205621e+01,2.218705e+01,2.220081e+01,2.226271e+01,2.223520e+01,2.218016e+01,2.213886e+01,2.224208e+01,2.213198e+01,2.213886e+01,2.218705e+01,2.206310e+01,2.216640e+01,2.211821e+01,2.206999e+01,2.206999e+01,2.206999e+01,2.212509e+01,2.226959e+01,2.219393e+01,2.218705e+01,2.213886e+01,2.212509e+01,2.220081e+01,2.222145e+01,2.225584e+01,2.221457e+01,2.232458e+01,2.220081e+01,2.213198e+01,2.211821e+01,2.233146e+01,2.224896e+01,2.226959e+01,2.217328e+01,2.214575e+01,2.210443e+01,2.231084e+01,2.218016e+01,2.214575e+01,2.208377e+01,2.218705e+01,2.209755e+01,2.214575e+01,2.222145e+01,2.222145e+01,2.207688e+01,2.211821e+01,2.212509e+01,2.215952e+01,2.218016e+01,2.216640e+01,2.217328e+01,2.218016e+01,2.218016e+01,2.207688e+01,2.206999e+01,2.214575e+01,2.193901e+01,2.218705e+01,2.206310e+01,2.218016e+01,2.213886e+01,2.218705e+01,2.210443e+01,2.229022e+01,2.211132e+01,2.231771e+01,2.232458e+01,2.237955e+01,2.224896e+01,2.230396e+01,2.234520e+01,2.220081e+01,2.232458e+01,2.232458e+01,2.242075e+01,2.235894e+01,2.214575e+01,2.211132e+01,2.206310e+01,2.204932e+01,2.198729e+01,2.209066e+01,2.206999e+01,2.204243e+01,2.202176e+01,2.211821e+01,2.220081e+01,2.202176e+01,2.212509e+01,2.202865e+01,2.222145e+01,2.219393e+01,2.223520e+01,2.222833e+01,2.217328e+01,2.216640e+01,2.232458e+01,2.229022e+01,2.209755e+01,2.188381e+01,2.206310e+01,2.255112e+01,2.313233e+01,2.374418e+01,2.352026e+01,2.330946e+01,2.373740e+01,2.375774e+01,2.377129e+01,2.429852e+01,2.539176e+01,2.627544e+01,2.867001e+01,3.030112e+01,2.924433e+01,2.698763e+01,2.692189e+01,2.502415e+01,2.696791e+01,2.473584e+01,2.287290e+01,2.318005e+01,2.383226e+01,2.373062e+01,2.421758e+01,2.296856e+01,2.281820e+01,2.324818e+01,2.296173e+01,2.273610e+01,2.266078e+01,2.287974e+01,2.303683e+01,2.304365e+01,2.316642e+01,2.416359e+01,2.417709e+01,2.387289e+01,2.364246e+01,2.392703e+01,2.345230e+01,2.306412e+01,2.296856e+01,2.290707e+01,2.265392e+01,2.287290e+01,2.275663e+01,2.270871e+01,2.274294e+01,2.295490e+01,2.345910e+01,2.390673e+01,2.293440e+01,2.311869e+01,2.328223e+01,2.354063e+01,2.364246e+01,2.381872e+01,2.397439e+01,2.384581e+01,2.383903e+01,2.364924e+01,2.335029e+01,2.361531e+01,2.400144e+01,2.692846e+01,2.571819e+01,2.435918e+01,2.438613e+01,2.411632e+01,2.351346e+01,2.337751e+01,2.324137e+01,2.354063e+01,2.353384e+01,2.392703e+01,2.413658e+01,2.376451e+01,2.342511e+01,2.415008e+01,2.566496e+01,2.721086e+01,2.904463e+01,3.040306e+01,2.854701e+01,2.616290e+01,2.483651e+01,2.402848e+01,2.329585e+01,2.314597e+01,2.300953e+01,2.289341e+01,2.361531e+01,2.339791e+01,2.333668e+01,2.279084e+01,2.244135e+01,2.259225e+01,2.259225e+01,2.253055e+01,2.255798e+01,2.255112e+01,2.242075e+01,2.243448e+01,2.240015e+01,2.239328e+01,2.253055e+01,2.244135e+01,2.255798e+01,2.257854e+01,2.257854e+01,2.262652e+01,2.256483e+01,2.254426e+01,2.254426e+01,2.249625e+01,2.247566e+01,2.249625e+01,2.253741e+01,2.257169e+01,2.248252e+01,2.246880e+01,2.250997e+01,2.251683e+01,2.257854e+01,2.247566e+01,2.249625e+01,2.250997e+01,2.250311e+01,2.251683e+01,2.252369e+01,2.250311e+01,2.249625e+01,2.243448e+01,2.241389e+01,2.240702e+01,2.247566e+01,2.235207e+01,2.238642e+01,2.239328e+01,2.241389e+01,2.235207e+01,2.235207e+01,2.238642e+01,2.239328e+01,2.235894e+01,2.222833e+01,2.225584e+01,2.237955e+01,2.220769e+01,2.231084e+01,2.236581e+01,2.223520e+01,2.229022e+01,2.231084e+01,2.226271e+01,2.213198e+01,2.232458e+01,2.226959e+01,2.209066e+01,2.213198e+01,2.213886e+01,2.214575e+01,2.199418e+01,2.215263e+01,2.200797e+01,2.201486e+01,2.202176e+01,2.187691e+01,2.189071e+01,2.191831e+01,2.190451e+01,2.189761e+01,2.191141e+01,2.191141e+01,2.188381e+01,2.187000e+01,2.189761e+01,2.189071e+01,2.213198e+01,2.187691e+01,2.205621e+01,2.207688e+01,2.202176e+01,2.213886e+01,2.204243e+01,2.218705e+01,2.219393e+01,2.215263e+01,2.198729e+01,2.220081e+01,2.222145e+01,2.225584e+01,2.213198e+01,2.210443e+01,2.219393e+01,2.228334e+01,2.230396e+01,2.218705e+01,2.224208e+01,2.215263e+01,2.228334e+01,2.220081e+01,2.216640e+01,2.215263e+01,2.220769e+01,2.222833e+01,2.222145e+01,2.215263e+01,2.214575e+01,2.213198e+01,2.222833e+01,2.196660e+01,2.198729e+01,2.202176e+01,2.197349e+01,2.214575e+01,2.221457e+01,2.219393e+01,2.210443e+01,2.213198e+01,2.212509e+01,2.216640e+01,2.218016e+01,2.211821e+01,2.215952e+01,2.226271e+01,2.213886e+01,2.227647e+01,2.218705e+01,2.218016e+01,2.212509e+01,2.212509e+01,2.220081e+01,2.221457e+01,2.222145e+01,2.232458e+01,2.224896e+01,2.222833e+01,2.216640e+01,2.220769e+01,2.220769e+01,2.226959e+01,2.220081e+01,2.227647e+01,2.222833e+01,2.218705e+01,2.224208e+01,2.211132e+01,2.226271e+01,2.214575e+01,2.215952e+01,2.224896e+01,2.219393e+01,2.224208e+01,2.246194e+01,2.225584e+01,2.217328e+01,2.222833e+01,2.220769e+01,2.230396e+01,2.222145e+01,2.218705e+01,2.218016e+01,2.214575e+01,2.204243e+01,2.204932e+01,2.206999e+01,2.201486e+01,2.209755e+01,2.199418e+01,2.191831e+01,2.188381e+01,2.205621e+01,2.197349e+01,2.190451e+01,2.197349e+01,2.195970e+01,2.195970e+01,2.197349e+01,2.192521e+01,2.202176e+01,2.200797e+01,2.190451e+01,2.193211e+01,2.204243e+01,2.209755e+01,2.186310e+01,2.194591e+01,2.194591e+01,2.190451e+01,2.187691e+01,2.198039e+01,2.193901e+01,2.198039e+01,2.187691e+01,2.202865e+01,2.198729e+01,2.208377e+01,2.204243e+01,2.211821e+01,2.214575e+01,2.200107e+01,2.218705e+01,2.215952e+01,2.209755e+01,2.217328e+01,2.213886e+01,2.213198e+01,2.207688e+01,2.215952e+01,2.209066e+01,2.213198e+01,2.213198e+01,2.211821e+01,2.213886e+01,2.213198e+01,2.212509e+01,2.197349e+01,2.206310e+01,2.200797e+01,2.200797e+01,2.200107e+01,2.187000e+01,2.196660e+01,2.191831e+01,2.196660e+01,2.197349e+01,2.184929e+01,2.195970e+01,2.173185e+01,2.174567e+01,2.170420e+01,2.186310e+01,2.178022e+01,2.174567e+01,2.171111e+01,2.163503e+01,2.175258e+01,2.164195e+01,2.175949e+01,2.171802e+01,2.166270e+01,2.191141e+01,2.166962e+01,2.173185e+01,2.183548e+01,2.180095e+01,2.177332e+01,2.182858e+01,2.186310e+01,2.169728e+01,2.174567e+01,2.180786e+01,2.182858e+01,2.184929e+01,2.183548e+01,2.180095e+01,2.184239e+01,2.200797e+01,2.184239e+01,2.203554e+01,2.200797e+01,2.206310e+01,2.220081e+01,2.204932e+01,2.215263e+01,2.213198e+01,2.220081e+01,2.226271e+01,2.223520e+01,2.220769e+01,2.224896e+01,2.222145e+01,2.217328e+01,2.229709e+01,2.221457e+01,2.229022e+01,2.229022e+01,2.227647e+01,2.212509e+01,2.236581e+01,2.238642e+01,2.221457e+01,2.225584e+01,2.237268e+01,2.220081e+01,2.220081e+01,2.224208e+01,2.226271e+01,2.218016e+01,2.223520e+01,2.229022e+01,2.222145e+01,2.222145e+01,2.231771e+01,2.220769e+01,2.218016e+01,2.219393e+01,2.218705e+01,2.214575e+01,2.206310e+01,2.212509e+01,2.217328e+01,2.204932e+01,2.211821e+01,2.206310e+01,2.218016e+01,2.213886e+01,2.221457e+01,2.220081e+01,2.220769e+01,2.214575e+01,2.206310e+01,2.222833e+01,2.210443e+01,2.226271e+01,2.215263e+01,2.214575e+01,2.213886e+01,2.231771e+01,2.222833e+01,2.224896e+01,2.226959e+01,2.209066e+01,2.220769e+01,2.218705e+01,2.215952e+01,2.224896e+01,2.248939e+01
2.272925e+01,2.262652e+01,2.250311e+01,2.255112e+01,2.252369e+01,2.251683e+01,2.250311e+01,2.255112e+01,2.261282e+01,2.260596e+01,2.257169e+01,2.257169e+01,2.259225e+01,2.266078e+01,2.272241e+01,2.270871e+01,2.260596e+01,2.267447e+01,2.255798e+01,2.282504e+01,2.257854e+01,2.264022e+01,2.266078e+01,2.259911e+01,2.270871e+01,2.262652e+01,2.279084e+01,2.278400e+01,2.249625e+01,2.242762e+01,2.263337e+01,2.272241e+01,2.246880e+01,2.246194e+01,2.270187e+01,2.273610e+01,2.247566e+01,2.264708e+01,2.253055e+01,2.261282e+01,2.253741e+01,2.259225e+01,2.273610e+01,2.248939e+01,2.252369e+01,2.250311e+01,2.256483e+01,2.258540e+01,2.261282e+01,2.257854e+01,2.260596e+01,2.248252e+01,2.259911e+01,2.260596e+01,2.255798e+01,2.245507e+01,2.244821e+01,2.244821e+01,2.248939e+01,2.248252e+01,2.248252e+01,2.257854e+01,2.237955e+01,2.251683e+01,2.239328e+01,2.248252e+01,2.251683e+01,2.242762e+01,2.243448e+01,2.246194e+01,2.239328e+01,2.251683e+01,2.251683e+01,2.248939e+01,2.231084e+01,2.237955e+01,2.229709e+01,2.224896e+01,2.231084e+01,2.233146e+01,2.231771e+01,2.234520e+01,2.229022e+01,2.230396e+01,2.231771e+01,2.226959e+01,2.216640e+01,2.233833e+01,2.232458e+01,2.231771e+01,2.229022e+01,2.228334e+01,2.224208e+01,2.231771e+01,2.237955e+01,2.223520e+01,2.234520e+01,2.219393e+01,2.229709e+01,2.226959e+01,2.217328e+01,2.217328e+01,2.227647e+01,2.227647e+01,2.226271e+01,2.221457e+01,2.222145e+01,2.218016e+01,2.230396e+01,2.237955e+01,2.223520e+01,2.221457e+01,2.233146e+01,2.215952e+01,2.220769e+01,2.216640e+01,2.233146e+01,2.211132e+01,2.222145e+01,2.222833e+01,2.206310e+01,2.216640e+01,2.206310e+01,2.226959e+01,2.211132e+01,2.219393e+01,2.222833e+01,2.233833e+01,2.229022e+01,2.227647e+01,2.220081e+01,2.223520e+01,2.216640e+01,2.225584e+01,2.220081e+01,2.215952e+01,2.230396e+01,2.227647e+01,2.232458e+01,2.218016e+01,2.232458e+01,2.227647e+01,2.222833e+01,2.221457e+01,2.226271e+01,2.215263e+01,2.215952e+01,2.213886e+01,2.215952e+01,2.228334e+01,2.226959e+01,2.238642e+01,2.203554e+01,2.211821e+01,2.200797e+01,2.211132e+01,2.217328e+01,2.217328e+01,2.218705e+01,2.215952e+01,2.202176e+01,2.218705e+01,2.215952e+01,2.219393e+01,2.201486e+01,2.221457e+01,2.215952e+01,2.211132e+01,2.218705e+01,2.213886e+01,2.215952e+01,2.228334e+01,2.210443e+01,2.214575e+01,2.228334e+01,2.231084e+01,2.243448e+01,2.235894e+01,2.252369e+01,2.250311e+01,2.253741e+01,2.258540e+01,2.255798e+01,2.277716e+01,2.297539e+01,2.277032e+01,2.240015e+01,2.207688e+01,2.204932e+01,2.202176e+01,2.224896e+01,2.206999e+01,2.206310e+01,2.196660e+01,2.201486e+01,2.202865e+01,2.211821e+01,2.207688e+01,2.213886e+01,2.209066e+01,2.216640e+01,2.215952e+01,2.222145e+01,2.234520e+01,2.221457e+01,2.234520e+01,2.246194e+01,2.285239e+01,2.229022e+01,2.229709e+01,2.255798e+01,2.285239e+01,2.335029e+01,2.366281e+01,2.377129e+01,2.417034e+01,2.432548e+01,2.368994e+01,2.412983e+01,2.456113e+01,2.764938e+01,2.965545e+01,3.065748e+01,3.070830e+01,2.992441e+01,2.751213e+01,2.661894e+01,2.487004e+01,2.474927e+01,2.348629e+01,2.318005e+01,2.370350e+01,2.377129e+01,2.330946e+01,2.412307e+01,2.303683e+01,2.313233e+01,2.364924e+01,2.318686e+01,2.233833e+01,2.256483e+01,2.280452e+01,2.290024e+01,2.287290e+01,2.257854e+01,2.330946e+01,2.370350e+01,2.366281e+01,2.311869e+01,2.366281e+01,2.325499e+01,2.309141e+01,2.322775e+01,2.290707e+01,2.292074e+01,2.320731e+01,2.309141e+01,2.289341e+01,2.290707e+01,2.300953e+01,2.275663e+01,2.272925e+01,2.268817e+01,2.285923e+01,2.326180e+01,2.381872e+01,2.330265e+01,2.360853e+01,2.394057e+01,2.415008e+01,2.408254e+01,2.379839e+01,2.363567e+01,2.357458e+01,2.360853e+01,2.438613e+01,2.437266e+01,2.416359e+01,2.441981e+01,2.435918e+01,2.437266e+01,2.375774e+01,2.315278e+01,2.349308e+01,2.393380e+01,2.393380e+01,2.444001e+01,2.423107e+01,2.371706e+01,2.372384e+01,2.390673e+01,2.566496e+01,2.824213e+01,3.025649e+01,2.966827e+01,2.790382e+01,2.668487e+01,2.616290e+01,2.380517e+01,2.287290e+01,2.290707e+01,2.360853e+01,2.337070e+01,2.268132e+01,2.255798e+01,2.245507e+01,2.249625e+01,2.248252e+01,2.239328e+01,2.253741e+01,2.252369e+01,2.254426e+01,2.252369e+01,2.253741e+01,2.250997e+01,2.245507e+01,2.245507e+01,2.246880e+01,2.242762e+01,2.260596e+01,2.257854e+01,2.242762e+01,2.250311e+01,2.257169e+01,2.260596e+01,2.247566e+01,2.245507e+01,2.250997e+01,2.253741e+01,2.246194e+01,2.253055e+01,2.257169e+01,2.251683e+01,2.244135e+01,2.244821e+01,2.249625e+01,2.257169e+01,2.256483e+01,2.253055e+01,2.255798e+01,2.250311e+01,2.250997e+01,2.243448e+01,2.249625e+01,2.243448e+01,2.237955e+01,2.239328e+01,2.240015e+01,2.242075e+01,2.234520e+01,2.244821e+01,2.237268e+01,2.230396e+01,2.238642e+01,2.238642e+01,2.233146e+01,2.240015e+01,2.222145e+01,2.238642e+01,2.233833e+01,2.224208e+01,2.226271e+01,2.226959e+01,2.234520e+01,2.233146e+01,2.227647e+01,2.237955e+01,2.215263e+01,2.216640e+01,2.223520e+01,2.217328e+01,2.209066e+01,2.202865e+01,2.209755e+01,2.204243e+01,2.210443e+01,2.193901e+01,2.193211e+01,2.191141e+01,2.185620e+01,2.193901e+01,2.190451e+01,2.190451e+01,2.190451e+01,2.194591e+01,2.195970e+01,2.187000e+01,2.195970e+01,2.189761e+01,2.186310e+01,2.208377e+01,2.189761e+01,2.203554e+01,2.204243e+01,2.204932e+01,2.197349e+01,2.206999e+01,2.199418e+01,2.209066e+01,2.210443e+01,2.208377e+01,2.209755e+01,2.210443e+01,2.217328e+01,2.213886e+01,2.217328e+01,2.222145e+01,2.226959e+01,2.212509e+01,2.220769e+01,2.228334e+01,2.224896e+01,2.220081e+01,2.224208e+01,2.222833e+01,2.225584e+01,2.222145e+01,2.223520e+01,2.221457e+01,2.213886e+01,2.212509e+01,2.223520e+01,2.219393e+01,2.210443e+01,2.214575e+01,2.213886e+01,2.214575e+01,2.209066e+01,2.212509e+01,2.208377e+01,2.210443e+01,2.220769e+01,2.216640e+01,2.217328e+01,2.231771e+01,2.228334e+01,2.212509e+01,2.206310e+01,2.225584e+01,2.216640e+01,2.219393e+01,2.215952e+01,2.214575e+01,2.223520e+01,2.224896e+01,2.223520e+01,2.215263e+01,2.222833e+01,2.218705e+01,2.216640e+01,2.220769e+01,2.228334e+01,2.222145e+01,2.215952e+01,2.222145e+01,2.219393e+01,2.225584e+01,2.223520e+01,2.215952e+01,2.225584e+01,2.211132e+01,2.222833e+01,2.225584e+01,2.215952e+01,2.227647e+01,2.224208e+01,2.223520e+01,2.215263e+01,2.222833e+01,2.206999e+01,2.219393e+01,2.218705e+01,2.206310e+01,2.213198e+01,2.204243e+01,2.203554e+01,2.208377e+01,2.197349e+01,2.200797e+01,2.207688e+01,2.204243e+01,2.188381e+01,2.185620e+01,2.192521e+01,2.203554e+01,2.214575e+01,2.206310e+01,2.194591e+01,2.203554e+01,2.196660e+01,2.195280e+01,2.199418e+01,2.202865e+01,2.201486e+01,2.191141e+01,2.193901e+01,2.194591e+01,2.197349e+01,2.186310e+01,2.198039e+01,2.198729e+01,2.201486e+01,2.198039e+01,2.207688e+01,2.199418e+01,2.206310e+01,2.214575e+01,2.206310e+01,2.195280e+01,2.210443e+01,2.211821e+01,2.207688e+01,2.208377e+01,2.203554e+01,2.208377e+01,2.194591e+01,2.215952e+01,2.209755e+01,2.210443e+01,2.218016e+01,2.217328e+01,2.218705e+01,2.213886e+01,2.205621e+01,2.222833e+01,2.195970e+01,2.213198e+01,2.211821e+01,2.202176e+01,2.202865e+01,2.201486e+01,2.198039e+01,2.200797e+01,2.195280e+01,2.199418e+01,2.188381e+01,2.198729e+01,2.186310e+01,2.194591e+01,2.189071e+01,2.184239e+01,2.180786e+01,2.173876e+01,2.184239e+01,2.172494e+01,2.174567e+01,2.187691e+01,2.175949e+01,2.178713e+01,2.178022e+01,2.174567e+01,2.173185e+01,2.180095e+01,2.170420e+01,2.171111e+01,2.175258e+01,2.172494e+01,2.171802e+01,2.171111e+01,2.166962e+01,2.172494e+01,2.180095e+01,2.164195e+01,2.173876e+01,2.191141e+01,2.186310e+01,2.184929e+01,2.186310e+01,2.193211e+01,2.204243e+01,2.209755e+01,2.202176e+01,2.202176e+01,2.200107e+01,2.201486e+01,2.224208e+01,2.216640e+01,2.212509e+01,2.224896e+01,2.202865e+01,2.227647e+01,2.219393e+01,2.227647e+01,2.236581e+01,2.224208e+01,2.223520e+01,2.222145e+01,2.217328e+01,2.226959e+01,2.227647e+01,2.237268e+01,2.222145e+01,2.238642e+01,2.221457e+01,2.236581e+01,2.226959e+01,2.221457e+01,2.226271e+01,2.219393e+01,2.219393e+01,2.222145e+01,2.225584e+01,2.215263e+01,2.229709e+01,2.220769e+01,2.220081e+01,2.228334e+01,2.219393e+01,2.222833e+01,2.222145e+01,2.209066e+01,2.219393e+01,2.223520e+01,2.195280e+01,2.221457e+01,2.209755e+01,2.220081e+01,2.225584e+01,2.224896e+01,2.222833e+01,2.220081e+01,2.213198e+01,2.226271e+01,2.215263e+01,2.227647e+01,2.220769e+01,2.212509e+01,2.225584e+01,2.221457e+01,2.222145e+01,2.228334e+01,2.215952e+01,2.215263e+01,2.214575e+01,2.211132e+01,2.222145e+01,2.217328e+01,2.221457e+01,2.220081e+01,2.229709e+01
2.257169e+01,2.264022e+01,2.244821e+01,2.249625e+01,2.263337e+01,2.251683e+01,2.270871e+01,2.266078e+01,2.263337e+01,2.267447e+01,2.268817e+01,2.271556e+01,2.268817e+01,2.266078e+01,2.271556e+01,2.261967e+01,2.255798e+01,2.256483e+01,2.257854e+01,2.265392e+01,2.266763e+01,2.264022e+01,2.257854e+01,2.259911e+01,2.268132e+01,2.263337e+01,2.276347e+01,2.259911e+01,2.260596e+01,2.261967e+01,2.265392e+01,2.264708e+01,2.276347e+01,2.265392e+01,2.259225e+01,2.266078e+01,2.271556e+01,2.264022e+01,2.260596e+01,2.257854e+01,2.257169e+01,2.261282e+01,2.255798e+01,2.248939e+01,2.258540e+01,2.243448e+01,2.250997e+01,2.254426e+01,2.246194e+01,2.248939e+01,2.245507e+01,2.259911e+01,2.261282e+01,2.255798e+01,2.246194e+01,2.244821e+01,2.244135e+01,2.245507e+01,2.243448e+01,2.248252e+01,2.261967e+01,2.264022e+01,2.235894e+01,2.250311e+01,2.242762e+01,2.237955e+01,2.246880e+01,2.245507e+01,2.243448e+01,2.250311e+01,2.240702e+01,2.250997e+01,2.251683e+01,2.251683e+01,2.222833e+01,2.232458e+01,2.235207e+01,2.223520e+01,2.231771e+01,2.240015e+01,2.228334e+01,2.233146e+01,2.226959e+01,2.231084e+01,2.237955e+01,2.230396e+01,2.220081e+01,2.231771e+01,2.235894e+01,2.228334e+01,2.242075e+01,2.230396e+01,2.216640e+01,2.222145e+01,2.224208e+01,2.222833e+01,2.222833e+01,2.223520e+01,2.231084e+01,2.227647e+01,2.220081e+01,2.227647e+01,2.225584e+01,2.226959e+01,2.224208e+01,2.223520e+01,2.224896e+01,2.224208e+01,2.229022e+01,2.238642e+01,2.222833e+01,2.220769e+01,2.213198e+01,2.212509e+01,2.218705e+01,2.224208e+01,2.218016e+01,2.225584e+01,2.208377e+01,2.205621e+01,2.218016e+01,2.209755e+01,2.218705e+01,2.219393e+01,2.220769e+01,2.218705e+01,2.220769e+01,2.220081e+01,2.209755e+01,2.212509e+01,2.211132e+01,2.229709e+01,2.230396e+01,2.235894e+01,2.233833e+01,2.220769e+01,2.224208e+01,2.232458e+01,2.222833e+01,2.220081e+01,2.228334e+01,2.213886e+01,2.222145e+01,2.226271e+01,2.231771e+01,2.222833e+01,2.228334e+01,2.215952e+01,2.224208e+01,2.225584e+01,2.209755e+01,2.216640e+01,2.230396e+01,2.235894e+01,2.218705e+01,2.220081e+01,2.214575e+01,2.222145e+01,2.233833e+01,2.225584e+01,2.224896e+01,2.225584e+01,2.210443e+01,2.221457e+01,2.224208e+01,2.222145e+01,2.226271e+01,2.221457e+01,2.215952e+01,2.217328e+01,2.223520e+01,2.228334e+01,2.231084e+01,2.259225e+01,2.267447e+01,2.235894e+01,2.271556e+01,2.275663e+01,2.305730e+01,2.307095e+01,2.308459e+01,2.304365e+01,2.312551e+01,2.304365e+01,2.302318e+01,2.296856e+01,2.272241e+01,2.224208e+01,2.204932e+01,2.218016e+01,2.201486e+01,2.206999e+01,2.203554e+01,2.202176e+01,2.202865e+01,2.195970e+01,2.223520e+01,2.202176e+01,2.202865e+01,2.204932e+01,2.216640e+01,2.224896e+01,2.224896e+01,2.214575e+01,2.222833e+01,2.240702e+01,2.271556e+01,2.415683e+01,2.343191e+01,2.258540e+01,2.255798e+01,2.303683e+01,2.361531e+01,2.397439e+01,2.420408e+01,2.571154e+01,2.417034e+01,2.352026e+01,2.386612e+01,2.476270e+01,2.811864e+01,3.064478e+01,3.097469e+01,3.074639e+01,2.964263e+01,2.762979e+01,2.830707e+01,2.762325e+01,2.426480e+01,2.357458e+01,2.386612e+01,2.423782e+01,2.322093e+01,2.324818e+01,2.296173e+01,2.330946e+01,2.386612e+01,2.386612e+01,2.347269e+01,2.248939e+01,2.254426e+01,2.272241e+01,2.280452e+01,2.268817e+01,2.273610e+01,2.318005e+01,2.366281e+01,2.329585e+01,2.285923e+01,2.315960e+01,2.313915e+01,2.313233e+01,2.306412e+01,2.289341e+01,2.326861e+01,2.302318e+01,2.309823e+01,2.295490e+01,2.305048e+01,2.304365e+01,2.291391e+01,2.283872e+01,2.296173e+01,2.313233e+01,2.308459e+01,2.330946e+01,2.335710e+01,2.371706e+01,2.394733e+01,2.474927e+01,2.452750e+01,2.401496e+01,2.378484e+01,2.366281e+01,2.332988e+01,2.398791e+01,2.402848e+01,2.400144e+01,2.396762e+01,2.376451e+01,2.376451e+01,2.339791e+01,2.380517e+01,2.408254e+01,2.417709e+01,2.491697e+01,2.750559e+01,2.754482e+01,2.543845e+01,2.384581e+01,2.315960e+01,2.371706e+01,2.599055e+01,2.793640e+01,2.817716e+01,2.629529e+01,2.466196e+01,2.464853e+01,2.433222e+01,2.361531e+01,2.335029e+01,2.306412e+01,2.254426e+01,2.202176e+01,2.237268e+01,2.236581e+01,2.241389e+01,2.241389e+01,2.242762e+01,2.244135e+01,2.240702e+01,2.240702e+01,2.240702e+01,2.230396e+01,2.240702e+01,2.242762e+01,2.244135e+01,2.246880e+01,2.255798e+01,2.256483e+01,2.250311e+01,2.253055e+01,2.257169e+01,2.250311e+01,2.249625e+01,2.243448e+01,2.251683e+01,2.244135e+01,2.253055e+01,2.250311e+01,2.255798e+01,2.257854e+01,2.253741e+01,2.257854e+01,2.254426e+01,2.246880e+01,2.245507e+01,2.244135e+01,2.251683e+01,2.251683e+01,2.247566e+01,2.249625e+01,2.235894e+01,2.239328e+01,2.241389e+01,2.242762e+01,2.236581e+01,2.247566e+01,2.239328e+01,2.244135e+01,2.240702e+01,2.227647e+01,2.226271e+01,2.227647e+01,2.224208e+01,2.226271e+01,2.229022e+01,2.222145e+01,2.238642e+01,2.229022e+01,2.235207e+01,2.227647e+01,2.230396e+01,2.229709e+01,2.229022e+01,2.224896e+01,2.227647e+01,2.236581e+01,2.210443e+01,2.209066e+01,2.206999e+01,2.209755e+01,2.213198e+01,2.211132e+01,2.208377e+01,2.196660e+01,2.193211e+01,2.189761e+01,2.189071e+01,2.184239e+01,2.186310e+01,2.192521e+01,2.190451e+01,2.196660e+01,2.188381e+01,2.189071e+01,2.189071e+01,2.191831e+01,2.193901e+01,2.195280e+01,2.195970e+01,2.206999e+01,2.198729e+01,2.206310e+01,2.197349e+01,2.198729e+01,2.211132e+01,2.211132e+01,2.211821e+01,2.206310e+01,2.222145e+01,2.215952e+01,2.215263e+01,2.215952e+01,2.218016e+01,2.215263e+01,2.218705e+01,2.222833e+01,2.221457e+01,2.225584e+01,2.218705e+01,2.220081e+01,2.211821e+01,2.219393e+01,2.223520e+01,2.223520e+01,2.214575e+01,2.216640e+01,2.213198e+01,2.213198e+01,2.203554e+01,2.211132e+01,2.216640e+01,2.213886e+01,2.216640e+01,2.213886e+01,2.209755e+01,2.210443e+01,2.213198e+01,2.215263e+01,2.216640e+01,2.215263e+01,2.218705e+01,2.207688e+01,2.210443e+01,2.213886e+01,2.212509e+01,2.213886e+01,2.215263e+01,2.214575e+01,2.211821e+01,2.213886e+01,2.213198e+01,2.215952e+01,2.220769e+01,2.220081e+01,2.226271e+01,2.215952e+01,2.218705e+01,2.220769e+01,2.220769e+01,2.224208e+01,2.209066e+01,2.212509e+01,2.222833e+01,2.217328e+01,2.226959e+01,2.219393e+01,2.219393e+01,2.186310e+01,2.225584e+01,2.222833e+01,2.219393e+01,2.224896e+01,2.220081e+01,2.206310e+01,2.225584e+01,2.222833e+01,2.215952e+01,2.216640e+01,2.197349e+01,2.196660e+01,2.211821e+01,2.213198e+01,2.215952e+01,2.205621e+01,2.204243e+01,2.197349e+01,2.206999e+01,2.204243e+01,2.206999e+01,2.208377e+01,2.203554e+01,2.198729e+01,2.189071e+01,2.191141e+01,2.188381e+01,2.191831e+01,2.198039e+01,2.193211e+01,2.194591e+01,2.196660e+01,2.193901e+01,2.203554e+01,2.194591e+01,2.198039e+01,2.208377e+01,2.187691e+01,2.198039e+01,2.198039e+01,2.195970e+01,2.200797e+01,2.187000e+01,2.198039e+01,2.192521e+01,2.191831e+01,2.200797e+01,2.193211e+01,2.200797e+01,2.211132e+01,2.211132e+01,2.196660e+01,2.213198e+01,2.209755e+01,2.215263e+01,2.211132e+01,2.217328e+01,2.210443e+01,2.214575e+01,2.206310e+01,2.218705e+01,2.208377e+01,2.215952e+01,2.206999e+01,2.209755e+01,2.213886e+01,2.214575e+01,2.197349e+01,2.207688e+01,2.198729e+01,2.201486e+01,2.199418e+01,2.202176e+01,2.202865e+01,2.187691e+01,2.187000e+01,2.189071e+01,2.178022e+01,2.185620e+01,2.174567e+01,2.176641e+01,2.184239e+01,2.176641e+01,2.184929e+01,2.177332e+01,2.186310e+01,2.169037e+01,2.178022e+01,2.167654e+01,2.176641e+01,2.180095e+01,2.190451e+01,2.173185e+01,2.172494e+01,2.172494e+01,2.169728e+01,2.172494e+01,2.180786e+01,2.180786e+01,2.177332e+01,2.180095e+01,2.183548e+01,2.171802e+01,2.174567e+01,2.170420e+01,2.174567e+01,2.193901e+01,2.188381e+01,2.186310e+01,2.196660e+01,2.204932e+01,2.198039e+01,2.206310e+01,2.197349e+01,2.216640e+01,2.206310e+01,2.217328e+01,2.220081e+01,2.204243e+01,2.211821e+01,2.220769e+01,2.212509e+01,2.240702e+01,2.231084e+01,2.222145e+01,2.220769e+01,2.229022e+01,2.224208e+01,2.228334e+01,2.224208e+01,2.222145e+01,2.213886e+01,2.228334e+01,2.224896e+01,2.223520e+01,2.222833e+01,2.215952e+01,2.218705e+01,2.240702e+01,2.233146e+01,2.231771e+01,2.226959e+01,2.223520e+01,2.226271e+01,2.224896e+01,2.224896e+01,2.222145e+01,2.226271e+01,2.219393e+01,2.234520e+01,2.229709e+01,2.214575e+01,2.218705e+01,2.214575e+01,2.219393e+01,2.220769e+01,2.224208e+01,2.206999e+01,2.222833e+01,2.209755e+01,2.212509e+01,2.218016e+01,2.207688e+01,2.222833e+01,2.222145e+01,2.219393e+01,2.216640e+01,2.216640e+01,2.218705e+01,2.221457e+01,2.218705e+01,2.223520e+01,2.204243e+01,2.219393e+01,2.226959e+01,2.219393e+01,2.213198e+01,2.210443e+01,2.218705e+01,2.226271e+01
2.255798e+01,2.256483e+01,2.257169e+01,2.255112e+01,2.259225e+01,2.261967e+01,2.254426e+01,2.255112e+01,2.259225e+01,2.264022e+01,2.263337e+01,2.263337e+01,2.266078e+01,2.266763e+01,2.270871e+01,2.264708e+01,2.278400e+01,2.269502e+01,2.272925e+01,2.267447e+01,2.262652e+01,2.268817e+01,2.260596e+01,2.251683e+01,2.277032e+01,2.240015e+01,2.272925e+01,2.262652e+01,2.270187e+01,2.260596e+01,2.278400e+01,2.274978e+01,2.272241e+01,2.264022e+01,2.266763e+01,2.253741e+01,2.264022e+01,2.258540e+01,2.250311e+01,2.257854e+01,2.258540e+01,2.253741e+01,2.251683e+01,2.246194e+01,2.257169e+01,2.255112e+01,2.255798e+01,2.245507e+01,2.257854e+01,2.256483e+01,2.249625e+01,2.250311e+01,2.253055e+01,2.247566e+01,2.245507e+01,2.244821e+01,2.250311e+01,2.237955e+01,2.238642e+01,2.231771e+01,2.259911e+01,2.235207e+01,2.237268e+01,2.236581e+01,2.259225e+01,2.251683e+01,2.250997e+01,2.240702e+01,2.243448e+01,2.248939e+01,2.246194e+01,2.235207e+01,2.245507e+01,2.216640e+01,2.218705e+01,2.237955e+01,2.237268e+01,2.222833e+01,2.241389e+01,2.231771e+01,2.226959e+01,2.231771e+01,2.221457e+01,2.235207e+01,2.221457e+01,2.234520e+01,2.218016e+01,2.229709e+01,2.230396e+01,2.237955e+01,2.224896e+01,2.229709e+01,2.221457e+01,2.233833e+01,2.224208e+01,2.222145e+01,2.220769e+01,2.218705e+01,2.231084e+01,2.232458e+01,2.227647e+01,2.215263e+01,2.231771e+01,2.224896e+01,2.217328e+01,2.220081e+01,2.222833e+01,2.215952e+01,2.220769e+01,2.237955e+01,2.219393e+01,2.226271e+01,2.217328e+01,2.219393e+01,2.219393e+01,2.226271e+01,2.215952e+01,2.224896e+01,2.204932e+01,2.226959e+01,2.212509e+01,2.218705e+01,2.213198e+01,2.224208e+01,2.220769e+01,2.218705e+01,2.209066e+01,2.224208e+01,2.209066e+01,2.229709e+01,2.224896e+01,2.233146e+01,2.220081e+01,2.226959e+01,2.228334e+01,2.218705e+01,2.224208e+01,2.216640e+01,2.233833e+01,2.237955e+01,2.231771e+01,2.217328e+01,2.231084e+01,2.217328e+01,2.225584e+01,2.227647e+01,2.223520e+01,2.215952e+01,2.222145e+01,2.220081e+01,2.220081e+01,2.219393e+01,2.220081e+01,2.223520e+01,2.225584e+01,2.217328e+01,2.231771e+01,2.228334e+01,2.230396e+01,2.222833e+01,2.221457e+01,2.228334e+01,2.226271e+01,2.224896e+01,2.224896e+01,2.229022e+01,2.217328e+01,2.224208e+01,2.235207e+01,2.247566e+01,2.239328e+01,2.256483e+01,2.261282e+01,2.298221e+01,2.309141e+01,2.302318e+01,2.319368e+01,2.328223e+01,2.347949e+01,2.341831e+01,2.315960e+01,2.335710e+01,2.314597e+01,2.325499e+01,2.306412e+01,2.292074e+01,2.283188e+01,2.222145e+01,2.226959e+01,2.200797e+01,2.202865e+01,2.206310e+01,2.201486e+01,2.206999e+01,2.205621e+01,2.202176e+01,2.202176e+01,2.215952e+01,2.207688e+01,2.209066e+01,2.214575e+01,2.205621e+01,2.212509e+01,2.217328e+01,2.228334e+01,2.260596e+01,2.309823e+01,2.415008e+01,2.452077e+01,2.283872e+01,2.276347e+01,2.305048e+01,2.379162e+01,2.417709e+01,2.432548e+01,2.603035e+01,2.381872e+01,2.346590e+01,2.379162e+01,2.427829e+01,2.798199e+01,3.031387e+01,2.991162e+01,3.016719e+01,3.058122e+01,3.012889e+01,2.997557e+01,2.830058e+01,2.531166e+01,2.405551e+01,2.413658e+01,2.351346e+01,2.290707e+01,2.274978e+01,2.281136e+01,2.280452e+01,2.357458e+01,2.385935e+01,2.383903e+01,2.285923e+01,2.257169e+01,2.258540e+01,2.268817e+01,2.298904e+01,2.303000e+01,2.329585e+01,2.366281e+01,2.366281e+01,2.301635e+01,2.319368e+01,2.310505e+01,2.314597e+01,2.326861e+01,2.307095e+01,2.330946e+01,2.303683e+01,2.292757e+01,2.291391e+01,2.300270e+01,2.335710e+01,2.342511e+01,2.298221e+01,2.336390e+01,2.341831e+01,2.335710e+01,2.335029e+01,2.373740e+01,2.511784e+01,2.541177e+01,2.531834e+01,2.446021e+01,2.370350e+01,2.365602e+01,2.355421e+01,2.366281e+01,2.398791e+01,2.391350e+01,2.397439e+01,2.394057e+01,2.367638e+01,2.368994e+01,2.378484e+01,2.410281e+01,2.410281e+01,2.439960e+01,2.700735e+01,3.003948e+01,2.996917e+01,2.857939e+01,2.531166e+01,2.353384e+01,2.327542e+01,2.320731e+01,2.405551e+01,2.477612e+01,2.474256e+01,2.467540e+01,2.404200e+01,2.397439e+01,2.358138e+01,2.337070e+01,2.311187e+01,2.310505e+01,2.236581e+01,2.200107e+01,2.223520e+01,2.242075e+01,2.239328e+01,2.244135e+01,2.246194e+01,2.249625e+01,2.250997e+01,2.253055e+01,2.237268e+01,2.242762e+01,2.241389e+01,2.244821e+01,2.242762e+01,2.239328e+01,2.248252e+01,2.248939e+01,2.244135e+01,2.249625e+01,2.248939e+01,2.248252e+01,2.245507e+01,2.248939e+01,2.243448e+01,2.250997e+01,2.247566e+01,2.244821e+01,2.250997e+01,2.247566e+01,2.250311e+01,2.246194e+01,2.240702e+01,2.248252e+01,2.237268e+01,2.252369e+01,2.250311e+01,2.238642e+01,2.252369e+01,2.235894e+01,2.242075e+01,2.244821e+01,2.237955e+01,2.237955e+01,2.243448e+01,2.257169e+01,2.240702e+01,2.235894e+01,2.239328e+01,2.240015e+01,2.228334e+01,2.224208e+01,2.241389e+01,2.231084e+01,2.229709e+01,2.227647e+01,2.230396e+01,2.225584e+01,2.218705e+01,2.220081e+01,2.229709e+01,2.226959e+01,2.227647e+01,2.226959e+01,2.215952e+01,2.218016e+01,2.211132e+01,2.208377e+01,2.215263e+01,2.204243e+01,2.205621e+01,2.209066e+01,2.194591e+01,2.193211e+01,2.184929e+01,2.188381e+01,2.187691e+01,2.195280e+01,2.180786e+01,2.195280e+01,2.195970e+01,2.178022e+01,2.199418e+01,2.188381e+01,2.185620e+01,2.184239e+01,2.189071e+01,2.211821e+01,2.200107e+01,2.193211e+01,2.191831e+01,2.206999e+01,2.205621e+01,2.200797e+01,2.209066e+01,2.202865e+01,2.212509e+01,2.207688e+01,2.216640e+01,2.218016e+01,2.214575e+01,2.214575e+01,2.214575e+01,2.215952e+01,2.217328e+01,2.232458e+01,2.225584e+01,2.230396e+01,2.218705e+01,2.224208e+01,2.208377e+01,2.206310e+01,2.222145e+01,2.219393e+01,2.218705e+01,2.215952e+01,2.219393e+01,2.210443e+01,2.217328e+01,2.201486e+01,2.211821e+01,2.211821e+01,2.215952e+01,2.208377e+01,2.214575e+01,2.208377e+01,2.211132e+01,2.209066e+01,2.222145e+01,2.220769e+01,2.219393e+01,2.209066e+01,2.211821e+01,2.206999e+01,2.206999e+01,2.211132e+01,2.213886e+01,2.218016e+01,2.214575e+01,2.218705e+01,2.243448e+01,2.213198e+01,2.219393e+01,2.231084e+01,2.224896e+01,2.224208e+01,2.226271e+01,2.214575e+01,2.214575e+01,2.221457e+01,2.215263e+01,2.217328e+01,2.216640e+01,2.221457e+01,2.223520e+01,2.218016e+01,2.216640e+01,2.225584e+01,2.213198e+01,2.229022e+01,2.220081e+01,2.224208e+01,2.207688e+01,2.206999e+01,2.209066e+01,2.224208e+01,2.215263e+01,2.218016e+01,2.193211e+01,2.229709e+01,2.197349e+01,2.205621e+01,2.215952e+01,2.200107e+01,2.197349e+01,2.196660e+01,2.210443e+01,2.195280e+01,2.191141e+01,2.191141e+01,2.196660e+01,2.191831e+01,2.195280e+01,2.191831e+01,2.195280e+01,2.189761e+01,2.197349e+01,2.196660e+01,2.189761e+01,2.212509e+01,2.195280e+01,2.193901e+01,2.202176e+01,2.198729e+01,2.195970e+01,2.194591e+01,2.197349e+01,2.196660e+01,2.190451e+01,2.198039e+01,2.190451e+01,2.193901e+01,2.193211e+01,2.193211e+01,2.206310e+01,2.210443e+01,2.202865e+01,2.211821e+01,2.206310e+01,2.208377e+01,2.204243e+01,2.209066e+01,2.190451e+01,2.216640e+01,2.204932e+01,2.218016e+01,2.216640e+01,2.211821e+01,2.211132e+01,2.209755e+01,2.213886e+01,2.213886e+01,2.206310e+01,2.211821e+01,2.195280e+01,2.204932e+01,2.202865e+01,2.197349e+01,2.204243e+01,2.198039e+01,2.189071e+01,2.185620e+01,2.184239e+01,2.186310e+01,2.174567e+01,2.188381e+01,2.172494e+01,2.183548e+01,2.175258e+01,2.184929e+01,2.174567e+01,2.175949e+01,2.175258e+01,2.171802e+01,2.180786e+01,2.166270e+01,2.178022e+01,2.180095e+01,2.178022e+01,2.173185e+01,2.173185e+01,2.171802e+01,2.171802e+01,2.167654e+01,2.181476e+01,2.175258e+01,2.174567e+01,2.169037e+01,2.179404e+01,2.170420e+01,2.168345e+01,2.185620e+01,2.183548e+01,2.185620e+01,2.181476e+01,2.188381e+01,2.193211e+01,2.192521e+01,2.204243e+01,2.207688e+01,2.226959e+01,2.206310e+01,2.198039e+01,2.213198e+01,2.222145e+01,2.218705e+01,2.220081e+01,2.208377e+01,2.220769e+01,2.210443e+01,2.233833e+01,2.218705e+01,2.219393e+01,2.223520e+01,2.231084e+01,2.220769e+01,2.222833e+01,2.230396e+01,2.222833e+01,2.231084e+01,2.220769e+01,2.226271e+01,2.229709e+01,2.222145e+01,2.228334e+01,2.226271e+01,2.227647e+01,2.227647e+01,2.224208e+01,2.222833e+01,2.229022e+01,2.223520e+01,2.224208e+01,2.232458e+01,2.217328e+01,2.222833e+01,2.231771e+01,2.234520e+01,2.210443e+01,2.219393e+01,2.211132e+01,2.213886e+01,2.212509e+01,2.223520e+01,2.224208e+01,2.226271e+01,2.213886e+01,2.223520e+01,2.224208e+01,2.240015e+01,2.205621e+01,2.221457e+01,2.211821e+01,2.220081e+01,2.222833e+01,2.221457e+01,2.210443e+01,2.206999e+01,2.223520e+01,2.213198e+01,2.213886e+01,2.224208e+01,2.221457e+01,2.215263e+01,2.215263e+01,2.223520e+01,2.222145e+01
2.259225e+01,2.242075e+01,2.283188e+01,2.257169e+01,2.246194e+01,2.251683e+01,2.250997e+01,2.251683e+01,2.252369e+01,2.251683e+01,2.261967e+01,2.260596e+01,2.261282e+01,2.264022e+01,2.261967e+01,2.268817e+01,2.263337e+01,2.259911e+01,2.269502e+01,2.264708e+01,2.261282e+01,2.265392e+01,2.264022e+01,2.268132e+01,2.261967e+01,2.278400e+01,2.255798e+01,2.277716e+01,2.261282e+01,2.277716e+01,2.250997e+01,2.250311e+01,2.248252e+01,2.271556e+01,2.244821e+01,2.258540e+01,2.263337e+01,2.266078e+01,2.253741e+01,2.253055e+01,2.249625e+01,2.248252e+01,2.246194e+01,2.257854e+01,2.250311e+01,2.255112e+01,2.257169e+01,2.246880e+01,2.254426e+01,2.258540e+01,2.253055e+01,2.255798e+01,2.246194e+01,2.245507e+01,2.246194e+01,2.246880e+01,2.246194e+01,2.244135e+01,2.240015e+01,2.245507e+01,2.247566e+01,2.237955e+01,2.248252e+01,2.239328e+01,2.238642e+01,2.241389e+01,2.253055e+01,2.259225e+01,2.244135e+01,2.242762e+01,2.240702e+01,2.246880e+01,2.241389e+01,2.236581e+01,2.238642e+01,2.240702e+01,2.235207e+01,2.237955e+01,2.233833e+01,2.233833e+01,2.234520e+01,2.232458e+01,2.231084e+01,2.223520e+01,2.245507e+01,2.223520e+01,2.223520e+01,2.234520e+01,2.231084e+01,2.241389e+01,2.229022e+01,2.226959e+01,2.220769e+01,2.226271e+01,2.218016e+01,2.223520e+01,2.223520e+01,2.224208e+01,2.227647e+01,2.226959e+01,2.230396e+01,2.220081e+01,2.224896e+01,2.224208e+01,2.224208e+01,2.216640e+01,2.225584e+01,2.210443e+01,2.221457e+01,2.220769e+01,2.235207e+01,2.220769e+01,2.220081e+01,2.221457e+01,2.225584e+01,2.219393e+01,2.222145e+01,2.212509e+01,2.224896e+01,2.222145e+01,2.217328e+01,2.223520e+01,2.220081e+01,2.224896e+01,2.220081e+01,2.215263e+01,2.223520e+01,2.223520e+01,2.213198e+01,2.217328e+01,2.229022e+01,2.224208e+01,2.228334e+01,2.228334e+01,2.231084e+01,2.213886e+01,2.229022e+01,2.229022e+01,2.216640e+01,2.224208e+01,2.222145e+01,2.235894e+01,2.226959e+01,2.226271e+01,2.230396e+01,2.224896e+01,2.229022e+01,2.222145e+01,2.225584e+01,2.227647e+01,2.239328e+01,2.234520e+01,2.218016e+01,2.228334e+01,2.230396e+01,2.235894e+01,2.221457e+01,2.228334e+01,2.226959e+01,2.221457e+01,2.226959e+01,2.222145e+01,2.230396e+01,2.227647e+01,2.226271e+01,2.231771e+01,2.254426e+01,2.242762e+01,2.274294e+01,2.277716e+01,2.281820e+01,2.317323e+01,2.317323e+01,2.331627e+01,2.330946e+01,2.343191e+01,2.345910e+01,2.343191e+01,2.349988e+01,2.333668e+01,2.333668e+01,2.349308e+01,2.324137e+01,2.332307e+01,2.328223e+01,2.300270e+01,2.286607e+01,2.219393e+01,2.220081e+01,2.198729e+01,2.214575e+01,2.200797e+01,2.206310e+01,2.206310e+01,2.198729e+01,2.201486e+01,2.206310e+01,2.208377e+01,2.204932e+01,2.215263e+01,2.211132e+01,2.210443e+01,2.211132e+01,2.211821e+01,2.229022e+01,2.251683e+01,2.287290e+01,2.322775e+01,2.396086e+01,2.292074e+01,2.275663e+01,2.320731e+01,2.381872e+01,2.393380e+01,2.497057e+01,2.569823e+01,2.344551e+01,2.318686e+01,2.315278e+01,2.346590e+01,2.538509e+01,2.884456e+01,2.815115e+01,2.765591e+01,2.921214e+01,3.015442e+01,2.961056e+01,2.685610e+01,2.415008e+01,2.361531e+01,2.381872e+01,2.410281e+01,2.391350e+01,2.290707e+01,2.316642e+01,2.277716e+01,2.354742e+01,2.404876e+01,2.377807e+01,2.284555e+01,2.258540e+01,2.283872e+01,2.296173e+01,2.343191e+01,2.378484e+01,2.440634e+01,2.441981e+01,2.368994e+01,2.327542e+01,2.320049e+01,2.311187e+01,2.318686e+01,2.317323e+01,2.324137e+01,2.340471e+01,2.324137e+01,2.298221e+01,2.303000e+01,2.279768e+01,2.332307e+01,2.382549e+01,2.307095e+01,2.335029e+01,2.334349e+01,2.309141e+01,2.305730e+01,2.317323e+01,2.468212e+01,2.531834e+01,2.446021e+01,2.394733e+01,2.358138e+01,2.334349e+01,2.326180e+01,2.335029e+01,2.330946e+01,2.331627e+01,2.333668e+01,2.366281e+01,2.385935e+01,2.383903e+01,2.388643e+01,2.409605e+01,2.395410e+01,2.539843e+01,2.910264e+01,3.009697e+01,2.930867e+01,2.862471e+01,2.745325e+01,2.463508e+01,2.325499e+01,2.307777e+01,2.348629e+01,2.381872e+01,2.398115e+01,2.410956e+01,2.398115e+01,2.364246e+01,2.307777e+01,2.322093e+01,2.358816e+01,2.337751e+01,2.290707e+01,2.230396e+01,2.200797e+01,2.237955e+01,2.243448e+01,2.255112e+01,2.243448e+01,2.251683e+01,2.254426e+01,2.270187e+01,2.238642e+01,2.241389e+01,2.255798e+01,2.242075e+01,2.244135e+01,2.253741e+01,2.262652e+01,2.247566e+01,2.246880e+01,2.240015e+01,2.248939e+01,2.245507e+01,2.256483e+01,2.250311e+01,2.246880e+01,2.247566e+01,2.253055e+01,2.252369e+01,2.239328e+01,2.252369e+01,2.258540e+01,2.248252e+01,2.253741e+01,2.240015e+01,2.241389e+01,2.242075e+01,2.262652e+01,2.235894e+01,2.250997e+01,2.248252e+01,2.250997e+01,2.248939e+01,2.240015e+01,2.239328e+01,2.238642e+01,2.244135e+01,2.242762e+01,2.233146e+01,2.244135e+01,2.232458e+01,2.223520e+01,2.229709e+01,2.229709e+01,2.250311e+01,2.235207e+01,2.235894e+01,2.219393e+01,2.224208e+01,2.228334e+01,2.229709e+01,2.230396e+01,2.225584e+01,2.226959e+01,2.213198e+01,2.219393e+01,2.209755e+01,2.211821e+01,2.209755e+01,2.204243e+01,2.208377e+01,2.206310e+01,2.200107e+01,2.198039e+01,2.202865e+01,2.189071e+01,2.195280e+01,2.184239e+01,2.195970e+01,2.194591e+01,2.192521e+01,2.195280e+01,2.200107e+01,2.189071e+01,2.188381e+01,2.189761e+01,2.194591e+01,2.188381e+01,2.194591e+01,2.198729e+01,2.199418e+01,2.210443e+01,2.198039e+01,2.208377e+01,2.215263e+01,2.212509e+01,2.205621e+01,2.204243e+01,2.206310e+01,2.206310e+01,2.222145e+01,2.214575e+01,2.208377e+01,2.228334e+01,2.218705e+01,2.219393e+01,2.226959e+01,2.229022e+01,2.222833e+01,2.218016e+01,2.222833e+01,2.213886e+01,2.213198e+01,2.215263e+01,2.217328e+01,2.214575e+01,2.213886e+01,2.215952e+01,2.212509e+01,2.214575e+01,2.215952e+01,2.211132e+01,2.214575e+01,2.213886e+01,2.222833e+01,2.206999e+01,2.213198e+01,2.222145e+01,2.209755e+01,2.219393e+01,2.215952e+01,2.218016e+01,2.212509e+01,2.227647e+01,2.227647e+01,2.218705e+01,2.209755e+01,2.213198e+01,2.213198e+01,2.219393e+01,2.224208e+01,2.221457e+01,2.218705e+01,2.226271e+01,2.214575e+01,2.207688e+01,2.218705e+01,2.218016e+01,2.216640e+01,2.222833e+01,2.209755e+01,2.213886e+01,2.214575e+01,2.215263e+01,2.215952e+01,2.214575e+01,2.220081e+01,2.217328e+01,2.221457e+01,2.222145e+01,2.215952e+01,2.217328e+01,2.213198e+01,2.215263e+01,2.206310e+01,2.226959e+01,2.204932e+01,2.200107e+01,2.211132e+01,2.214575e+01,2.203554e+01,2.202865e+01,2.207688e+01,2.200797e+01,2.209066e+01,2.195280e+01,2.206999e+01,2.204243e+01,2.198729e+01,2.200107e+01,2.203554e+01,2.200797e+01,2.189071e+01,2.178022e+01,2.198729e+01,2.198039e+01,2.195970e+01,2.195970e+01,2.195280e+01,2.195970e+01,2.204932e+01,2.197349e+01,2.206310e+01,2.198729e+01,2.199418e+01,2.180095e+01,2.196660e+01,2.198039e+01,2.200107e+01,2.200107e+01,2.200107e+01,2.198729e+01,2.191831e+01,2.193901e+01,2.203554e+01,2.189761e+01,2.202176e+01,2.205621e+01,2.195280e+01,2.204932e+01,2.211132e+01,2.192521e+01,2.206999e+01,2.209755e+01,2.214575e+01,2.193211e+01,2.189761e+01,2.211821e+01,2.201486e+01,2.209755e+01,2.215263e+01,2.218016e+01,2.212509e+01,2.211821e+01,2.215952e+01,2.200107e+01,2.211132e+01,2.209755e+01,2.189761e+01,2.186310e+01,2.179404e+01,2.183548e+01,2.178713e+01,2.200107e+01,2.191831e+01,2.179404e+01,2.187000e+01,2.183548e+01,2.181476e+01,2.188381e+01,2.187000e+01,2.177332e+01,2.175258e+01,2.193211e+01,2.177332e+01,2.172494e+01,2.178713e+01,2.171111e+01,2.178713e+01,2.178022e+01,2.176641e+01,2.175949e+01,2.173876e+01,2.170420e+01,2.169728e+01,2.166270e+01,2.173876e+01,2.173185e+01,2.168345e+01,2.169037e+01,2.181476e+01,2.182858e+01,2.171802e+01,2.186310e+01,2.183548e+01,2.195970e+01,2.194591e+01,2.196660e+01,2.203554e+01,2.209066e+01,2.206310e+01,2.206310e+01,2.208377e+01,2.216640e+01,2.213886e+01,2.205621e+01,2.213886e+01,2.211821e+01,2.233146e+01,2.221457e+01,2.231771e+01,2.222833e+01,2.226959e+01,2.215952e+01,2.226271e+01,2.219393e+01,2.237268e+01,2.237268e+01,2.224208e+01,2.228334e+01,2.218016e+01,2.231771e+01,2.232458e+01,2.224896e+01,2.235894e+01,2.235207e+01,2.230396e+01,2.233833e+01,2.226271e+01,2.222833e+01,2.222833e+01,2.225584e+01,2.223520e+01,2.223520e+01,2.221457e+01,2.237955e+01,2.219393e+01,2.218705e+01,2.231084e+01,2.220081e+01,2.232458e+01,2.222145e+01,2.210443e+01,2.222833e+01,2.213886e+01,2.213198e+01,2.229022e+01,2.225584e+01,2.226271e+01,2.220769e+01,2.212509e+01,2.219393e+01,2.220081e+01,2.222833e+01,2.226271e+01,2.222145e+01,2.222145e+01,2.235894e+01,2.206310e+01,2.226271e+01,2.226959e+01,2.227647e+01,2.220769e+01,2.225584e+01,2.227647e+01,2.214575e+01,2.224896e+01,2.222145e+01
2.249625e+01,2.243448e+01,2.253055e+01,2.256483e+01,2.246194e+01,2.260596e+01,2.250311e+01,2.250311e+01,2.266763e+01,2.269502e+01,2.257169e+01,2.261282e+01,2.242762e+01,2.264708e+01,2.269502e+01,2.266078e+01,2.258540e+01,2.272241e+01,2.274294e+01,2.257169e+01,2.269502e+01,2.264708e+01,2.264022e+01,2.255798e+01,2.265392e+01,2.278400e+01,2.256483e+01,2.259225e+01,2.271556e+01,2.260596e+01,2.258540e+01,2.266763e+01,2.274294e+01,2.249625e+01,2.243448e+01,2.248252e+01,2.259911e+01,2.264708e+01,2.262652e+01,2.269502e+01,2.266763e+01,2.255112e+01,2.256483e+01,2.253741e+01,2.258540e+01,2.259911e+01,2.247566e+01,2.246880e+01,2.268132e+01,2.232458e+01,2.260596e+01,2.257854e+01,2.249625e+01,2.268132e+01,2.253741e+01,2.253055e+01,2.268132e+01,2.255798e+01,2.249625e+01,2.242762e+01,2.245507e+01,2.254426e+01,2.261282e+01,2.244135e+01,2.256483e+01,2.251683e+01,2.257854e+01,2.254426e+01,2.265392e+01,2.253741e+01,2.248939e+01,2.246880e+01,2.242762e+01,2.246194e+01,2.238642e+01,2.235894e+01,2.239328e+01,2.233833e+01,2.228334e+01,2.238642e+01,2.238642e+01,2.220769e+01,2.222145e+01,2.226271e+01,2.240702e+01,2.232458e+01,2.221457e+01,2.222833e+01,2.237955e+01,2.220769e+01,2.226959e+01,2.213198e+01,2.224896e+01,2.226959e+01,2.224208e+01,2.226271e+01,2.234520e+01,2.211132e+01,2.209066e+01,2.220081e+01,2.221457e+01,2.215952e+01,2.240015e+01,2.229709e+01,2.227647e+01,2.215952e+01,2.224208e+01,2.214575e+01,2.219393e+01,2.221457e+01,2.219393e+01,2.215263e+01,2.226271e+01,2.223520e+01,2.225584e+01,2.224208e+01,2.226271e+01,2.212509e+01,2.214575e+01,2.222833e+01,2.225584e+01,2.222833e+01,2.220769e+01,2.219393e+01,2.217328e+01,2.224896e+01,2.221457e+01,2.226271e+01,2.231771e+01,2.222833e+01,2.234520e+01,2.240702e+01,2.240702e+01,2.233146e+01,2.233833e+01,2.227647e+01,2.242075e+01,2.226959e+01,2.224896e+01,2.221457e+01,2.213886e+01,2.222145e+01,2.232458e+01,2.233833e+01,2.226271e+01,2.231771e+01,2.231084e+01,2.224896e+01,2.237955e+01,2.235894e+01,2.244821e+01,2.237955e+01,2.250311e+01,2.251683e+01,2.250311e+01,2.255112e+01,2.250997e+01,2.235207e+01,2.240015e+01,2.236581e+01,2.232458e+01,2.237268e+01,2.246194e+01,2.246194e+01,2.248252e+01,2.256483e+01,2.264022e+01,2.293440e+01,2.320049e+01,2.320049e+01,2.324137e+01,2.332307e+01,2.329585e+01,2.341151e+01,2.343871e+01,2.340471e+01,2.352026e+01,2.360853e+01,2.360174e+01,2.355421e+01,2.345230e+01,2.335029e+01,2.327542e+01,2.330265e+01,2.321412e+01,2.318005e+01,2.293440e+01,2.235894e+01,2.211132e+01,2.206310e+01,2.212509e+01,2.214575e+01,2.212509e+01,2.215263e+01,2.206310e+01,2.211821e+01,2.211132e+01,2.216640e+01,2.215263e+01,2.203554e+01,2.218016e+01,2.213198e+01,2.210443e+01,2.226271e+01,2.243448e+01,2.254426e+01,2.279768e+01,2.265392e+01,2.284555e+01,2.294807e+01,2.267447e+01,2.307777e+01,2.354742e+01,2.391350e+01,2.557175e+01,2.501076e+01,2.339791e+01,2.311869e+01,2.264022e+01,2.273610e+01,2.309823e+01,2.537174e+01,2.721086e+01,2.505093e+01,2.594410e+01,2.843683e+01,2.796896e+01,2.456113e+01,2.352705e+01,2.439960e+01,2.581791e+01,2.507101e+01,2.350667e+01,2.272241e+01,2.373740e+01,2.307095e+01,2.364246e+01,2.400144e+01,2.366959e+01,2.303000e+01,2.302318e+01,2.312551e+01,2.315278e+01,2.402848e+01,2.620263e+01,2.673100e+01,2.673100e+01,2.498397e+01,2.329585e+01,2.311187e+01,2.322775e+01,2.318005e+01,2.299587e+01,2.309141e+01,2.326180e+01,2.324137e+01,2.319368e+01,2.296856e+01,2.297539e+01,2.293440e+01,2.334349e+01,2.306412e+01,2.277032e+01,2.274294e+01,2.274294e+01,2.277032e+01,2.271556e+01,2.339111e+01,2.407579e+01,2.399467e+01,2.366959e+01,2.323456e+01,2.317323e+01,2.294807e+01,2.281820e+01,2.290707e+01,2.275663e+01,2.261282e+01,2.270187e+01,2.284555e+01,2.347949e+01,2.366281e+01,2.395410e+01,2.410956e+01,2.642090e+01,2.883810e+01,2.829409e+01,2.669147e+01,2.573149e+01,2.624235e+01,2.511115e+01,2.352026e+01,2.324818e+01,2.387289e+01,2.408254e+01,2.399467e+01,2.404200e+01,2.375096e+01,2.307095e+01,2.283872e+01,2.319368e+01,2.356779e+01,2.352026e+01,2.332307e+01,2.266078e+01,2.230396e+01,2.244821e+01,2.244821e+01,2.240702e+01,2.248252e+01,2.256483e+01,2.255112e+01,2.250311e+01,2.232458e+01,2.249625e+01,2.248939e+01,2.256483e+01,2.247566e+01,2.249625e+01,2.253055e+01,2.246194e+01,2.252369e+01,2.255798e+01,2.249625e+01,2.237955e+01,2.252369e+01,2.246194e+01,2.243448e+01,2.264022e+01,2.244135e+01,2.248939e+01,2.250997e+01,2.242762e+01,2.246194e+01,2.246194e+01,2.246880e+01,2.242762e+01,2.248939e+01,2.248939e+01,2.244821e+01,2.256483e+01,2.250311e+01,2.240702e+01,2.241389e+01,2.235207e+01,2.240702e+01,2.242762e+01,2.237955e+01,2.239328e+01,2.243448e+01,2.242075e+01,2.244135e+01,2.246194e+01,2.227647e+01,2.228334e+01,2.230396e+01,2.233833e+01,2.229709e+01,2.230396e+01,2.233833e+01,2.237955e+01,2.233146e+01,2.229022e+01,2.244135e+01,2.226271e+01,2.229709e+01,2.222145e+01,2.221457e+01,2.217328e+01,2.218705e+01,2.215952e+01,2.213198e+01,2.204243e+01,2.202865e+01,2.201486e+01,2.198039e+01,2.202176e+01,2.194591e+01,2.198729e+01,2.191831e+01,2.194591e+01,2.187000e+01,2.181476e+01,2.195280e+01,2.193901e+01,2.183548e+01,2.188381e+01,2.195970e+01,2.181476e+01,2.184929e+01,2.198729e+01,2.199418e+01,2.193901e+01,2.193901e+01,2.197349e+01,2.213198e+01,2.215263e+01,2.207688e+01,2.211132e+01,2.213886e+01,2.213198e+01,2.212509e+01,2.218705e+01,2.222833e+01,2.224896e+01,2.229709e+01,2.219393e+01,2.222833e+01,2.237955e+01,2.221457e+01,2.233146e+01,2.217328e+01,2.230396e+01,2.211132e+01,2.208377e+01,2.208377e+01,2.217328e+01,2.223520e+01,2.215952e+01,2.217328e+01,2.200107e+01,2.214575e+01,2.217328e+01,2.209755e+01,2.202865e+01,2.211132e+01,2.204243e+01,2.206310e+01,2.212509e+01,2.210443e+01,2.218016e+01,2.219393e+01,2.218016e+01,2.213198e+01,2.222833e+01,2.226271e+01,2.209755e+01,2.210443e+01,2.221457e+01,2.207688e+01,2.216640e+01,2.209755e+01,2.218705e+01,2.222833e+01,2.223520e+01,2.224896e+01,2.221457e+01,2.218705e+01,2.216640e+01,2.221457e+01,2.212509e+01,2.224208e+01,2.211821e+01,2.215263e+01,2.218016e+01,2.227647e+01,2.219393e+01,2.219393e+01,2.221457e+01,2.220769e+01,2.207688e+01,2.204243e+01,2.222145e+01,2.215952e+01,2.236581e+01,2.207688e+01,2.215263e+01,2.226271e+01,2.205621e+01,2.209755e+01,2.212509e+01,2.216640e+01,2.213198e+01,2.198729e+01,2.208377e+01,2.205621e+01,2.188381e+01,2.206310e+01,2.211132e+01,2.191141e+01,2.204243e+01,2.203554e+01,2.199418e+01,2.204243e+01,2.195970e+01,2.191831e+01,2.198729e+01,2.194591e+01,2.193901e+01,2.192521e+01,2.193901e+01,2.199418e+01,2.206310e+01,2.200107e+01,2.196660e+01,2.193211e+01,2.195970e+01,2.195970e+01,2.191831e+01,2.200797e+01,2.200797e+01,2.198039e+01,2.198039e+01,2.187691e+01,2.197349e+01,2.204243e+01,2.211132e+01,2.203554e+01,2.207688e+01,2.198729e+01,2.206310e+01,2.212509e+01,2.211821e+01,2.206999e+01,2.207688e+01,2.215263e+01,2.218705e+01,2.213198e+01,2.209066e+01,2.220769e+01,2.213198e+01,2.213198e+01,2.214575e+01,2.209066e+01,2.211132e+01,2.211132e+01,2.209755e+01,2.209066e+01,2.197349e+01,2.208377e+01,2.195970e+01,2.184239e+01,2.191141e+01,2.189071e+01,2.181476e+01,2.202176e+01,2.197349e+01,2.184239e+01,2.176641e+01,2.187691e+01,2.195280e+01,2.189761e+01,2.194591e+01,2.177332e+01,2.174567e+01,2.182858e+01,2.189071e+01,2.186310e+01,2.178022e+01,2.180095e+01,2.178022e+01,2.174567e+01,2.156582e+01,2.173876e+01,2.174567e+01,2.170420e+01,2.176641e+01,2.172494e+01,2.173185e+01,2.175949e+01,2.173876e+01,2.181476e+01,2.179404e+01,2.180786e+01,2.182858e+01,2.197349e+01,2.183548e+01,2.195970e+01,2.194591e+01,2.196660e+01,2.208377e+01,2.210443e+01,2.214575e+01,2.199418e+01,2.213198e+01,2.211821e+01,2.217328e+01,2.216640e+01,2.209755e+01,2.213886e+01,2.223520e+01,2.215263e+01,2.233833e+01,2.229709e+01,2.216640e+01,2.223520e+01,2.220081e+01,2.227647e+01,2.223520e+01,2.224896e+01,2.226271e+01,2.225584e+01,2.227647e+01,2.222833e+01,2.237268e+01,2.233833e+01,2.229022e+01,2.225584e+01,2.233833e+01,2.211821e+01,2.226959e+01,2.229709e+01,2.225584e+01,2.228334e+01,2.227647e+01,2.223520e+01,2.221457e+01,2.220769e+01,2.223520e+01,2.218705e+01,2.229709e+01,2.213198e+01,2.229022e+01,2.222833e+01,2.226271e+01,2.222833e+01,2.227647e+01,2.224896e+01,2.231771e+01,2.219393e+01,2.218016e+01,2.236581e+01,2.224208e+01,2.222833e+01,2.221457e+01,2.233146e+01,2.220769e+01,2.223520e+01,2.206999e+01,2.229709e+01,2.204932e+01,2.225584e+01,2.220081e+01,2.229709e+01,2.226271e+01,2.230396e+01,2.231771e+01,2.220769e+01,2.223520e+01,2.232458e+01
2.243448e+01,2.253741e+01,2.257169e+01,2.254426e+01,2.260596e+01,2.244821e+01,2.257854e+01,2.250997e+01,2.261282e+01,2.262652e+01,2.253055e+01,2.266078e+01,2.259225e+01,2.264708e+01,2.257854e+01,2.251683e+01,2.250311e+01,2.277716e+01,2.272925e+01,2.264022e+01,2.266763e+01,2.266763e+01,2.262652e+01,2.259911e+01,2.258540e+01,2.275663e+01,2.255798e+01,2.254426e+01,2.261967e+01,2.259911e+01,2.248939e+01,2.256483e+01,2.272925e+01,2.264708e+01,2.259225e+01,2.255798e+01,2.253741e+01,2.257169e+01,2.255112e+01,2.267447e+01,2.246194e+01,2.250311e+01,2.255112e+01,2.250997e+01,2.247566e+01,2.250311e+01,2.244135e+01,2.261967e+01,2.244821e+01,2.246880e+01,2.250311e+01,2.245507e+01,2.257169e+01,2.244821e+01,2.248939e+01,2.240702e+01,2.246194e+01,2.240702e+01,2.237268e+01,2.253055e+01,2.244135e+01,2.235207e+01,2.240015e+01,2.241389e+01,2.245507e+01,2.248252e+01,2.246194e+01,2.246880e+01,2.257169e+01,2.250311e+01,2.268132e+01,2.245507e+01,2.244821e+01,2.246194e+01,2.232458e+01,2.236581e+01,2.235207e+01,2.237268e+01,2.215952e+01,2.214575e+01,2.216640e+01,2.225584e+01,2.229709e+01,2.229709e+01,2.231771e+01,2.225584e+01,2.222145e+01,2.237268e+01,2.227647e+01,2.219393e+01,2.226959e+01,2.222145e+01,2.228334e+01,2.233833e+01,2.218705e+01,2.226271e+01,2.242075e+01,2.224896e+01,2.226271e+01,2.221457e+01,2.213198e+01,2.229022e+01,2.237268e+01,2.227647e+01,2.220081e+01,2.224208e+01,2.226959e+01,2.218016e+01,2.213886e+01,2.216640e+01,2.226959e+01,2.230396e+01,2.229709e+01,2.222145e+01,2.227647e+01,2.218705e+01,2.226959e+01,2.216640e+01,2.233833e+01,2.221457e+01,2.220769e+01,2.220081e+01,2.246880e+01,2.218016e+01,2.216640e+01,2.234520e+01,2.253741e+01,2.231771e+01,2.237268e+01,2.240702e+01,2.231084e+01,2.227647e+01,2.239328e+01,2.237268e+01,2.232458e+01,2.229709e+01,2.233833e+01,2.236581e+01,2.237268e+01,2.234520e+01,2.229709e+01,2.223520e+01,2.227647e+01,2.222833e+01,2.241389e+01,2.216640e+01,2.242762e+01,2.235207e+01,2.243448e+01,2.250997e+01,2.273610e+01,2.273610e+01,2.287290e+01,2.307777e+01,2.293440e+01,2.285239e+01,2.265392e+01,2.257854e+01,2.240702e+01,2.243448e+01,2.244135e+01,2.244135e+01,2.241389e+01,2.257854e+01,2.274978e+01,2.293440e+01,2.311187e+01,2.322775e+01,2.318686e+01,2.327542e+01,2.330946e+01,2.335710e+01,2.334349e+01,2.343191e+01,2.344551e+01,2.343191e+01,2.339791e+01,2.352705e+01,2.338431e+01,2.338431e+01,2.333668e+01,2.351346e+01,2.340471e+01,2.335710e+01,2.324137e+01,2.318686e+01,2.292074e+01,2.231084e+01,2.229022e+01,2.217328e+01,2.213886e+01,2.222145e+01,2.198729e+01,2.201486e+01,2.217328e+01,2.204243e+01,2.199418e+01,2.211132e+01,2.203554e+01,2.216640e+01,2.209755e+01,2.208377e+01,2.210443e+01,2.211821e+01,2.244135e+01,2.262652e+01,2.272241e+01,2.270871e+01,2.285923e+01,2.278400e+01,2.263337e+01,2.291391e+01,2.349308e+01,2.358816e+01,2.478954e+01,2.388643e+01,2.297539e+01,2.278400e+01,2.264708e+01,2.237268e+01,2.246880e+01,2.306412e+01,2.507770e+01,2.456786e+01,2.383226e+01,2.582456e+01,2.610990e+01,2.385935e+01,2.417034e+01,2.545846e+01,2.616952e+01,2.397439e+01,2.287290e+01,2.332307e+01,2.435918e+01,2.313233e+01,2.338431e+01,2.400820e+01,2.356779e+01,2.337751e+01,2.339111e+01,2.431200e+01,2.341151e+01,2.375774e+01,2.608339e+01,2.649356e+01,2.614303e+01,2.564500e+01,2.351346e+01,2.317323e+01,2.303683e+01,2.269502e+01,2.274294e+01,2.292757e+01,2.303000e+01,2.320049e+01,2.341151e+01,2.296856e+01,2.298904e+01,2.276347e+01,2.316642e+01,2.334349e+01,2.298221e+01,2.276347e+01,2.251683e+01,2.239328e+01,2.257169e+01,2.288657e+01,2.348629e+01,2.361531e+01,2.329585e+01,2.295490e+01,2.318005e+01,2.310505e+01,2.292757e+01,2.293440e+01,2.286607e+01,2.272241e+01,2.273610e+01,2.267447e+01,2.249625e+01,2.275663e+01,2.349988e+01,2.444674e+01,2.456786e+01,2.591755e+01,2.688242e+01,2.628867e+01,2.556509e+01,2.472241e+01,2.422433e+01,2.378484e+01,2.354742e+01,2.383226e+01,2.405551e+01,2.401496e+01,2.377129e+01,2.298904e+01,2.304365e+01,2.295490e+01,2.293440e+01,2.344551e+01,2.364246e+01,2.350667e+01,2.324137e+01,2.244821e+01,2.224896e+01,2.248252e+01,2.244821e+01,2.249625e+01,2.242762e+01,2.255798e+01,2.244135e+01,2.240702e+01,2.251683e+01,2.242075e+01,2.249625e+01,2.248252e+01,2.252369e+01,2.249625e+01,2.251683e+01,2.246880e+01,2.248939e+01,2.255112e+01,2.253055e+01,2.248252e+01,2.247566e+01,2.248252e+01,2.261967e+01,2.246880e+01,2.248252e+01,2.240702e+01,2.244821e+01,2.248252e+01,2.248252e+01,2.246880e+01,2.250311e+01,2.244135e+01,2.242762e+01,2.243448e+01,2.242075e+01,2.240702e+01,2.246194e+01,2.242762e+01,2.248252e+01,2.244135e+01,2.245507e+01,2.241389e+01,2.242762e+01,2.240015e+01,2.237955e+01,2.237955e+01,2.242075e+01,2.229022e+01,2.220769e+01,2.237955e+01,2.233146e+01,2.218016e+01,2.226959e+01,2.229022e+01,2.229022e+01,2.224208e+01,2.229022e+01,2.227647e+01,2.214575e+01,2.233146e+01,2.231084e+01,2.220769e+01,2.221457e+01,2.211132e+01,2.212509e+01,2.206999e+01,2.210443e+01,2.209066e+01,2.201486e+01,2.197349e+01,2.196660e+01,2.195970e+01,2.180095e+01,2.181476e+01,2.176641e+01,2.193901e+01,2.192521e+01,2.180786e+01,2.193211e+01,2.189761e+01,2.187000e+01,2.182858e+01,2.182167e+01,2.190451e+01,2.187000e+01,2.200797e+01,2.200107e+01,2.200107e+01,2.207688e+01,2.199418e+01,2.198039e+01,2.202865e+01,2.214575e+01,2.208377e+01,2.209755e+01,2.210443e+01,2.204932e+01,2.224208e+01,2.210443e+01,2.226959e+01,2.207688e+01,2.220769e+01,2.224896e+01,2.229022e+01,2.211132e+01,2.222833e+01,2.210443e+01,2.213198e+01,2.215952e+01,2.217328e+01,2.217328e+01,2.216640e+01,2.216640e+01,2.203554e+01,2.215263e+01,2.215952e+01,2.200107e+01,2.191141e+01,2.218016e+01,2.202865e+01,2.205621e+01,2.206999e+01,2.209066e+01,2.209755e+01,2.212509e+01,2.208377e+01,2.209066e+01,2.221457e+01,2.215263e+01,2.218016e+01,2.215952e+01,2.222145e+01,2.213886e+01,2.209066e+01,2.222833e+01,2.214575e+01,2.207688e+01,2.224208e+01,2.221457e+01,2.205621e+01,2.208377e+01,2.218705e+01,2.224208e+01,2.214575e+01,2.209755e+01,2.218016e+01,2.220081e+01,2.228334e+01,2.223520e+01,2.229709e+01,2.225584e+01,2.215952e+01,2.212509e+01,2.200797e+01,2.203554e+01,2.212509e+01,2.218016e+01,2.215263e+01,2.213886e+01,2.215952e+01,2.208377e+01,2.209066e+01,2.184929e+01,2.201486e+01,2.208377e+01,2.195280e+01,2.209755e+01,2.196660e+01,2.203554e+01,2.201486e+01,2.187691e+01,2.195280e+01,2.195970e+01,2.200107e+01,2.196660e+01,2.190451e+01,2.194591e+01,2.194591e+01,2.195280e+01,2.194591e+01,2.190451e+01,2.204243e+01,2.184239e+01,2.195280e+01,2.192521e+01,2.180095e+01,2.192521e+01,2.205621e+01,2.199418e+01,2.180095e+01,2.185620e+01,2.181476e+01,2.195280e+01,2.198039e+01,2.198039e+01,2.196660e+01,2.195280e+01,2.191831e+01,2.179404e+01,2.189761e+01,2.193901e+01,2.196660e+01,2.194591e+01,2.203554e+01,2.202865e+01,2.218016e+01,2.197349e+01,2.202865e+01,2.196660e+01,2.212509e+01,2.211132e+01,2.217328e+01,2.212509e+01,2.208377e+01,2.225584e+01,2.207688e+01,2.206999e+01,2.209066e+01,2.211821e+01,2.212509e+01,2.215263e+01,2.210443e+01,2.198039e+01,2.206999e+01,2.204932e+01,2.201486e+01,2.180786e+01,2.197349e+01,2.172494e+01,2.185620e+01,2.186310e+01,2.187691e+01,2.189071e+01,2.185620e+01,2.185620e+01,2.172494e+01,2.175258e+01,2.177332e+01,2.182858e+01,2.169037e+01,2.169037e+01,2.182167e+01,2.177332e+01,2.180095e+01,2.176641e+01,2.176641e+01,2.175949e+01,2.176641e+01,2.174567e+01,2.171111e+01,2.164887e+01,2.171802e+01,2.172494e+01,2.175949e+01,2.172494e+01,2.172494e+01,2.177332e+01,2.172494e+01,2.184929e+01,2.184239e+01,2.186310e+01,2.192521e+01,2.192521e+01,2.193901e+01,2.196660e+01,2.204932e+01,2.209755e+01,2.196660e+01,2.196660e+01,2.206999e+01,2.211821e+01,2.214575e+01,2.205621e+01,2.222145e+01,2.214575e+01,2.220081e+01,2.229022e+01,2.230396e+01,2.196660e+01,2.218705e+01,2.222833e+01,2.233833e+01,2.224208e+01,2.215263e+01,2.224896e+01,2.248939e+01,2.224208e+01,2.233146e+01,2.229709e+01,2.229709e+01,2.232458e+01,2.229022e+01,2.226271e+01,2.218016e+01,2.227647e+01,2.222145e+01,2.221457e+01,2.226959e+01,2.220081e+01,2.223520e+01,2.236581e+01,2.235894e+01,2.220081e+01,2.216640e+01,2.215952e+01,2.215952e+01,2.225584e+01,2.213198e+01,2.226271e+01,2.216640e+01,2.224208e+01,2.224896e+01,2.216640e+01,2.214575e+01,2.213198e+01,2.228334e+01,2.221457e+01,2.220769e+01,2.231771e+01,2.233833e+01,2.233146e+01,2.236581e+01,2.233833e+01,2.214575e+01,2.223520e+01,2.228334e+01,2.223520e+01,2.224208e+01,2.224896e+01,2.218016e+01,2.217328e+01,2.225584e+01,2.229022e+01,2.224896e+01
2.261967e+01,2.254426e+01,2.257854e+01,2.246194e+01,2.259911e+01,2.250311e+01,2.253055e+01,2.261967e+01,2.256483e+01,2.257854e+01,2.251683e+01,2.256483e+01,2.266078e+01,2.259225e+01,2.261282e+01,2.282504e+01,2.257854e+01,2.278400e+01,2.264022e+01,2.258540e+01,2.255112e+01,2.257854e+01,2.257854e+01,2.244821e+01,2.255798e+01,2.277032e+01,2.265392e+01,2.259911e+01,2.263337e+01,2.270187e+01,2.269502e+01,2.270187e+01,2.265392e+01,2.251683e+01,2.248252e+01,2.259911e+01,2.257854e+01,2.250311e+01,2.253741e+01,2.255798e+01,2.244135e+01,2.252369e+01,2.241389e+01,2.244135e+01,2.253741e+01,2.247566e+01,2.251683e+01,2.254426e+01,2.249625e+01,2.254426e+01,2.250311e+01,2.250311e+01,2.248939e+01,2.244821e+01,2.244135e+01,2.247566e+01,2.242762e+01,2.244821e+01,2.248252e+01,2.232458e+01,2.246194e+01,2.246880e+01,2.240015e+01,2.242762e+01,2.249625e+01,2.244821e+01,2.248939e+01,2.245507e+01,2.253055e+01,2.268132e+01,2.317323e+01,2.271556e+01,2.236581e+01,2.246880e+01,2.236581e+01,2.233833e+01,2.233833e+01,2.235207e+01,2.215952e+01,2.220081e+01,2.233146e+01,2.237268e+01,2.242762e+01,2.228334e+01,2.228334e+01,2.240015e+01,2.224896e+01,2.232458e+01,2.233146e+01,2.232458e+01,2.231084e+01,2.224208e+01,2.223520e+01,2.224896e+01,2.219393e+01,2.228334e+01,2.222145e+01,2.211821e+01,2.224896e+01,2.226271e+01,2.224208e+01,2.222145e+01,2.220769e+01,2.237955e+01,2.214575e+01,2.214575e+01,2.218016e+01,2.212509e+01,2.215952e+01,2.225584e+01,2.215263e+01,2.236581e+01,2.232458e+01,2.228334e+01,2.235207e+01,2.235207e+01,2.226271e+01,2.246194e+01,2.230396e+01,2.224896e+01,2.237955e+01,2.250997e+01,2.250997e+01,2.233146e+01,2.252369e+01,2.231084e+01,2.240015e+01,2.250311e+01,2.244821e+01,2.252369e+01,2.243448e+01,2.257854e+01,2.257169e+01,2.253055e+01,2.245507e+01,2.248939e+01,2.248252e+01,2.248252e+01,2.249625e+01,2.249625e+01,2.244135e+01,2.237955e+01,2.242762e+01,2.242075e+01,2.238642e+01,2.241389e+01,2.243448e+01,2.240702e+01,2.246194e+01,2.285239e+01,2.311187e+01,2.325499e+01,2.327542e+01,2.337751e+01,2.320731e+01,2.319368e+01,2.317323e+01,2.295490e+01,2.303000e+01,2.288657e+01,2.298221e+01,2.293440e+01,2.285239e+01,2.315278e+01,2.281136e+01,2.291391e+01,2.300953e+01,2.304365e+01,2.315278e+01,2.324137e+01,2.326861e+01,2.330265e+01,2.308459e+01,2.330946e+01,2.335029e+01,2.345230e+01,2.343871e+01,2.337070e+01,2.355421e+01,2.337070e+01,2.335710e+01,2.341151e+01,2.332307e+01,2.331627e+01,2.326180e+01,2.314597e+01,2.292757e+01,2.235207e+01,2.229709e+01,2.211132e+01,2.220081e+01,2.215263e+01,2.232458e+01,2.218705e+01,2.209066e+01,2.202176e+01,2.218016e+01,2.218016e+01,2.204243e+01,2.210443e+01,2.214575e+01,2.209755e+01,2.217328e+01,2.204243e+01,2.239328e+01,2.271556e+01,2.284555e+01,2.280452e+01,2.290024e+01,2.263337e+01,2.266763e+01,2.290024e+01,2.322093e+01,2.379162e+01,2.391350e+01,2.323456e+01,2.282504e+01,2.281136e+01,2.274294e+01,2.253741e+01,2.240015e+01,2.253055e+01,2.307777e+01,2.427829e+01,2.385258e+01,2.366281e+01,2.456786e+01,2.402848e+01,2.397439e+01,2.582456e+01,2.567827e+01,2.331627e+01,2.317323e+01,2.398791e+01,2.398791e+01,2.311869e+01,2.339791e+01,2.373062e+01,2.342511e+01,2.296173e+01,2.301635e+01,2.438613e+01,2.398791e+01,2.449386e+01,2.651997e+01,2.491697e+01,2.408930e+01,2.504423e+01,2.365602e+01,2.331627e+01,2.308459e+01,2.264022e+01,2.263337e+01,2.265392e+01,2.278400e+01,2.300270e+01,2.347269e+01,2.316642e+01,2.304365e+01,2.305048e+01,2.327542e+01,2.360174e+01,2.356101e+01,2.313915e+01,2.286607e+01,2.270871e+01,2.249625e+01,2.268132e+01,2.329585e+01,2.320731e+01,2.292757e+01,2.286607e+01,2.332988e+01,2.364924e+01,2.315278e+01,2.294123e+01,2.293440e+01,2.274978e+01,2.275663e+01,2.274978e+01,2.254426e+01,2.264708e+01,2.330946e+01,2.375096e+01,2.385935e+01,2.456113e+01,2.539176e+01,2.456113e+01,2.348629e+01,2.303000e+01,2.373062e+01,2.378484e+01,2.364924e+01,2.379839e+01,2.356779e+01,2.356779e+01,2.312551e+01,2.294807e+01,2.285923e+01,2.302318e+01,2.294807e+01,2.328904e+01,2.349988e+01,2.363567e+01,2.361531e+01,2.298904e+01,2.224208e+01,2.259911e+01,2.251683e+01,2.253741e+01,2.241389e+01,2.244135e+01,2.244821e+01,2.237268e+01,2.248252e+01,2.250997e+01,2.243448e+01,2.242075e+01,2.246880e+01,2.251683e+01,2.244135e+01,2.249625e+01,2.248252e+01,2.245507e+01,2.247566e+01,2.244135e+01,2.257854e+01,2.244821e+01,2.255112e+01,2.243448e+01,2.240015e+01,2.239328e+01,2.250311e+01,2.241389e+01,2.246194e+01,2.247566e+01,2.241389e+01,2.239328e+01,2.249625e+01,2.246194e+01,2.242762e+01,2.242075e+01,2.240702e+01,2.243448e+01,2.235894e+01,2.244821e+01,2.237955e+01,2.242762e+01,2.230396e+01,2.241389e+01,2.238642e+01,2.237268e+01,2.229022e+01,2.234520e+01,2.236581e+01,2.228334e+01,2.232458e+01,2.233146e+01,2.222145e+01,2.233146e+01,2.231771e+01,2.224896e+01,2.231084e+01,2.231771e+01,2.235207e+01,2.224208e+01,2.226959e+01,2.222145e+01,2.219393e+01,2.211132e+01,2.210443e+01,2.211821e+01,2.212509e+01,2.201486e+01,2.201486e+01,2.191831e+01,2.178022e+01,2.185620e+01,2.184929e+01,2.182167e+01,2.180095e+01,2.188381e+01,2.182167e+01,2.197349e+01,2.187691e+01,2.183548e+01,2.184929e+01,2.187000e+01,2.183548e+01,2.200797e+01,2.179404e+01,2.209066e+01,2.198039e+01,2.204243e+01,2.200107e+01,2.208377e+01,2.204243e+01,2.204932e+01,2.210443e+01,2.202176e+01,2.203554e+01,2.214575e+01,2.216640e+01,2.214575e+01,2.218016e+01,2.220769e+01,2.229022e+01,2.209755e+01,2.224208e+01,2.211132e+01,2.237268e+01,2.214575e+01,2.213198e+01,2.231771e+01,2.209755e+01,2.226271e+01,2.217328e+01,2.211821e+01,2.211821e+01,2.211132e+01,2.213886e+01,2.207688e+01,2.204243e+01,2.209066e+01,2.204243e+01,2.208377e+01,2.212509e+01,2.200107e+01,2.209066e+01,2.217328e+01,2.223520e+01,2.209755e+01,2.206310e+01,2.232458e+01,2.219393e+01,2.215263e+01,2.222145e+01,2.225584e+01,2.216640e+01,2.215952e+01,2.210443e+01,2.216640e+01,2.213886e+01,2.211821e+01,2.220769e+01,2.211132e+01,2.220081e+01,2.220081e+01,2.211821e+01,2.213198e+01,2.220081e+01,2.216640e+01,2.220081e+01,2.211132e+01,2.211821e+01,2.203554e+01,2.215952e+01,2.202176e+01,2.208377e+01,2.202176e+01,2.201486e+01,2.202865e+01,2.202865e+01,2.204243e+01,2.214575e+01,2.209066e+01,2.207688e+01,2.211821e+01,2.200107e+01,2.197349e+01,2.198039e+01,2.215952e+01,2.204932e+01,2.204243e+01,2.207688e+01,2.188381e+01,2.198039e+01,2.191141e+01,2.195280e+01,2.197349e+01,2.193901e+01,2.199418e+01,2.195280e+01,2.190451e+01,2.186310e+01,2.191141e+01,2.202176e+01,2.196660e+01,2.188381e+01,2.199418e+01,2.198039e+01,2.188381e+01,2.189071e+01,2.215263e+01,2.211821e+01,2.180095e+01,2.200107e+01,2.180786e+01,2.180095e+01,2.195280e+01,2.203554e+01,2.195280e+01,2.194591e+01,2.187000e+01,2.187000e+01,2.191831e+01,2.203554e+01,2.195280e+01,2.197349e+01,2.197349e+01,2.201486e+01,2.220081e+01,2.184239e+01,2.207688e+01,2.202176e+01,2.215263e+01,2.210443e+01,2.222833e+01,2.229709e+01,2.206999e+01,2.211132e+01,2.209066e+01,2.208377e+01,2.213198e+01,2.209066e+01,2.211132e+01,2.209755e+01,2.202176e+01,2.206999e+01,2.209066e+01,2.200797e+01,2.200797e+01,2.186310e+01,2.195970e+01,2.180786e+01,2.192521e+01,2.185620e+01,2.187000e+01,2.177332e+01,2.177332e+01,2.180786e+01,2.173876e+01,2.190451e+01,2.188381e+01,2.187691e+01,2.175258e+01,2.180786e+01,2.175258e+01,2.178713e+01,2.180786e+01,2.179404e+01,2.180095e+01,2.176641e+01,2.175258e+01,2.172494e+01,2.174567e+01,2.170420e+01,2.193901e+01,2.177332e+01,2.175258e+01,2.151042e+01,2.171111e+01,2.151042e+01,2.178713e+01,2.178022e+01,2.188381e+01,2.185620e+01,2.189071e+01,2.192521e+01,2.195280e+01,2.202865e+01,2.209066e+01,2.195970e+01,2.206999e+01,2.197349e+01,2.201486e+01,2.213198e+01,2.211821e+01,2.202176e+01,2.224896e+01,2.226959e+01,2.219393e+01,2.212509e+01,2.218705e+01,2.214575e+01,2.227647e+01,2.224208e+01,2.224208e+01,2.224896e+01,2.221457e+01,2.213198e+01,2.222833e+01,2.228334e+01,2.237268e+01,2.240015e+01,2.225584e+01,2.220081e+01,2.240015e+01,2.213198e+01,2.226271e+01,2.222833e+01,2.206310e+01,2.224896e+01,2.229709e+01,2.220081e+01,2.222145e+01,2.218016e+01,2.233833e+01,2.221457e+01,2.232458e+01,2.221457e+01,2.217328e+01,2.217328e+01,2.224208e+01,2.222833e+01,2.222833e+01,2.219393e+01,2.220081e+01,2.218016e+01,2.231084e+01,2.222833e+01,2.218016e+01,2.223520e+01,2.218705e+01,2.224896e+01,2.232458e+01,2.224896e+01,2.224208e+01,2.229709e+01,2.230396e+01,2.219393e+01,2.230396e+01,2.236581e+01,2.222145e+01,2.235207e+01,2.231771e+01,2.222145e+01,2.213886e+01,2.222833e+01,2.224896e+01
2.256483e+01,2.258540e+01,2.251683e+01,2.255112e+01,2.250311e+01,2.263337e+01,2.255798e+01,2.261282e+01,2.261967e+01,2.255798e+01,2.258540e+01,2.274294e+01,2.257854e+01,2.273610e+01,2.256483e+01,2.269502e+01,2.246880e+01,2.258540e+01,2.266078e+01,2.273610e+01,2.257169e+01,2.253055e+01,2.258540e+01,2.258540e+01,2.256483e+01,2.256483e+01,2.266763e+01,2.261967e+01,2.261967e+01,2.252369e+01,2.261282e+01,2.256483e+01,2.259911e+01,2.254426e+01,2.274294e+01,2.261967e+01,2.255798e+01,2.257169e+01,2.267447e+01,2.253055e+01,2.251683e+01,2.253741e+01,2.249625e+01,2.247566e+01,2.237268e+01,2.248252e+01,2.264708e+01,2.259225e+01,2.261282e+01,2.246194e+01,2.249625e+01,2.260596e+01,2.264708e+01,2.241389e+01,2.240015e+01,2.242762e+01,2.248252e+01,2.250997e+01,2.251683e+01,2.248939e+01,2.244821e+01,2.247566e+01,2.244821e+01,2.242762e+01,2.246880e+01,2.248939e+01,2.248252e+01,2.248939e+01,2.246880e+01,2.262652e+01,2.323456e+01,2.320731e+01,2.250311e+01,2.248252e+01,2.245507e+01,2.233833e+01,2.238642e+01,2.233833e+01,2.235207e+01,2.237268e+01,2.238642e+01,2.222833e+01,2.228334e+01,2.228334e+01,2.229022e+01,2.224208e+01,2.224208e+01,2.229022e+01,2.235207e+01,2.220769e+01,2.232458e+01,2.226271e+01,2.233833e+01,2.224896e+01,2.237955e+01,2.211821e+01,2.213886e+01,2.226959e+01,2.231084e+01,2.225584e+01,2.222833e+01,2.218705e+01,2.236581e+01,2.232458e+01,2.233146e+01,2.232458e+01,2.231084e+01,2.229709e+01,2.221457e+01,2.232458e+01,2.240015e+01,2.237955e+01,2.233146e+01,2.224208e+01,2.224896e+01,2.231084e+01,2.224208e+01,2.257169e+01,2.243448e+01,2.251683e+01,2.244135e+01,2.252369e+01,2.283188e+01,2.281136e+01,2.290707e+01,2.294123e+01,2.279084e+01,2.296173e+01,2.296173e+01,2.299587e+01,2.296856e+01,2.309141e+01,2.310505e+01,2.308459e+01,2.309141e+01,2.279084e+01,2.295490e+01,2.296856e+01,2.290024e+01,2.281820e+01,2.278400e+01,2.274978e+01,2.268132e+01,2.274294e+01,2.265392e+01,2.260596e+01,2.270871e+01,2.271556e+01,2.299587e+01,2.315960e+01,2.324137e+01,2.340471e+01,2.339791e+01,2.344551e+01,2.337751e+01,2.336390e+01,2.335029e+01,2.325499e+01,2.314597e+01,2.308459e+01,2.314597e+01,2.313233e+01,2.305048e+01,2.318686e+01,2.298221e+01,2.320731e+01,2.301635e+01,2.311187e+01,2.318686e+01,2.317323e+01,2.328223e+01,2.322775e+01,2.321412e+01,2.328904e+01,2.325499e+01,2.334349e+01,2.344551e+01,2.337070e+01,2.338431e+01,2.354063e+01,2.335710e+01,2.335029e+01,2.339111e+01,2.330265e+01,2.320049e+01,2.294807e+01,2.291391e+01,2.243448e+01,2.221457e+01,2.229022e+01,2.221457e+01,2.219393e+01,2.211821e+01,2.218016e+01,2.207688e+01,2.203554e+01,2.219393e+01,2.214575e+01,2.211821e+01,2.218705e+01,2.214575e+01,2.205621e+01,2.208377e+01,2.213886e+01,2.240702e+01,2.300270e+01,2.311187e+01,2.239328e+01,2.289341e+01,2.273610e+01,2.264022e+01,2.280452e+01,2.355421e+01,2.527827e+01,2.427155e+01,2.299587e+01,2.268817e+01,2.239328e+01,2.281136e+01,2.295490e+01,2.242075e+01,2.237268e+01,2.246880e+01,2.303683e+01,2.374418e+01,2.415683e+01,2.477612e+01,2.418384e+01,2.466868e+01,2.640769e+01,2.581127e+01,2.414333e+01,2.345910e+01,2.452750e+01,2.289341e+01,2.255112e+01,2.308459e+01,2.369672e+01,2.333668e+01,2.272925e+01,2.270871e+01,2.355421e+01,2.433896e+01,2.493037e+01,2.558507e+01,2.412307e+01,2.484992e+01,2.380517e+01,2.323456e+01,2.351346e+01,2.313233e+01,2.290024e+01,2.307095e+01,2.319368e+01,2.320049e+01,2.322775e+01,2.323456e+01,2.336390e+01,2.339791e+01,2.320049e+01,2.364246e+01,2.399467e+01,2.398791e+01,2.364246e+01,2.344551e+01,2.285923e+01,2.283872e+01,2.277716e+01,2.311869e+01,2.293440e+01,2.266763e+01,2.257854e+01,2.309823e+01,2.327542e+01,2.358816e+01,2.331627e+01,2.317323e+01,2.325499e+01,2.285239e+01,2.273610e+01,2.272925e+01,2.291391e+01,2.331627e+01,2.293440e+01,2.276347e+01,2.315960e+01,2.311869e+01,2.328223e+01,2.314597e+01,2.329585e+01,2.339111e+01,2.352026e+01,2.356101e+01,2.353384e+01,2.313233e+01,2.295490e+01,2.275663e+01,2.279084e+01,2.297539e+01,2.300953e+01,2.301635e+01,2.295490e+01,2.311187e+01,2.328223e+01,2.324137e+01,2.289341e+01,2.237955e+01,2.246194e+01,2.243448e+01,2.246194e+01,2.255798e+01,2.244135e+01,2.256483e+01,2.242075e+01,2.245507e+01,2.235207e+01,2.247566e+01,2.259225e+01,2.261282e+01,2.241389e+01,2.240702e+01,2.253741e+01,2.250997e+01,2.243448e+01,2.247566e+01,2.237955e+01,2.250997e+01,2.243448e+01,2.242075e+01,2.248939e+01,2.240015e+01,2.255112e+01,2.244821e+01,2.245507e+01,2.241389e+01,2.239328e+01,2.241389e+01,2.248252e+01,2.247566e+01,2.248252e+01,2.247566e+01,2.241389e+01,2.229709e+01,2.240015e+01,2.234520e+01,2.235894e+01,2.240702e+01,2.229022e+01,2.241389e+01,2.240702e+01,2.238642e+01,2.232458e+01,2.231771e+01,2.232458e+01,2.228334e+01,2.235207e+01,2.246880e+01,2.221457e+01,2.235894e+01,2.229022e+01,2.233146e+01,2.224896e+01,2.239328e+01,2.223520e+01,2.235894e+01,2.218016e+01,2.224208e+01,2.208377e+01,2.214575e+01,2.217328e+01,2.213198e+01,2.197349e+01,2.190451e+01,2.202176e+01,2.202176e+01,2.203554e+01,2.196660e+01,2.177332e+01,2.188381e+01,2.189071e+01,2.189761e+01,2.189071e+01,2.189761e+01,2.185620e+01,2.186310e+01,2.198729e+01,2.182167e+01,2.184239e+01,2.183548e+01,2.198729e+01,2.193211e+01,2.200107e+01,2.213198e+01,2.204243e+01,2.197349e+01,2.202865e+01,2.210443e+01,2.213198e+01,2.205621e+01,2.213198e+01,2.206999e+01,2.209755e+01,2.212509e+01,2.206310e+01,2.207688e+01,2.225584e+01,2.187691e+01,2.222833e+01,2.224896e+01,2.220769e+01,2.214575e+01,2.215263e+01,2.221457e+01,2.222145e+01,2.219393e+01,2.226959e+01,2.207688e+01,2.209755e+01,2.209755e+01,2.216640e+01,2.213198e+01,2.219393e+01,2.217328e+01,2.218705e+01,2.203554e+01,2.206310e+01,2.210443e+01,2.202176e+01,2.208377e+01,2.210443e+01,2.224208e+01,2.207688e+01,2.217328e+01,2.222833e+01,2.218705e+01,2.217328e+01,2.217328e+01,2.218016e+01,2.217328e+01,2.220769e+01,2.217328e+01,2.213198e+01,2.222145e+01,2.216640e+01,2.215952e+01,2.215263e+01,2.225584e+01,2.224896e+01,2.221457e+01,2.218016e+01,2.231084e+01,2.209066e+01,2.211132e+01,2.214575e+01,2.213198e+01,2.211132e+01,2.206310e+01,2.207688e+01,2.211821e+01,2.201486e+01,2.213198e+01,2.218016e+01,2.203554e+01,2.192521e+01,2.229709e+01,2.213886e+01,2.203554e+01,2.209066e+01,2.190451e+01,2.211821e+01,2.195280e+01,2.200797e+01,2.196660e+01,2.191141e+01,2.191141e+01,2.207688e+01,2.188381e+01,2.187691e+01,2.193901e+01,2.187691e+01,2.204243e+01,2.194591e+01,2.184239e+01,2.188381e+01,2.199418e+01,2.185620e+01,2.191831e+01,2.200797e+01,2.200107e+01,2.187000e+01,2.201486e+01,2.195280e+01,2.196660e+01,2.191831e+01,2.190451e+01,2.185620e+01,2.193211e+01,2.198039e+01,2.193901e+01,2.199418e+01,2.176641e+01,2.193211e+01,2.184929e+01,2.193211e+01,2.195970e+01,2.209066e+01,2.179404e+01,2.195970e+01,2.193901e+01,2.200797e+01,2.196660e+01,2.218705e+01,2.204932e+01,2.211821e+01,2.215263e+01,2.201486e+01,2.222145e+01,2.211132e+01,2.211821e+01,2.211821e+01,2.208377e+01,2.216640e+01,2.206310e+01,2.213198e+01,2.233833e+01,2.215952e+01,2.211132e+01,2.203554e+01,2.205621e+01,2.202865e+01,2.202865e+01,2.204932e+01,2.200107e+01,2.182167e+01,2.181476e+01,2.190451e+01,2.189071e+01,2.183548e+01,2.200797e+01,2.184239e+01,2.188381e+01,2.184239e+01,2.184239e+01,2.187691e+01,2.191141e+01,2.187000e+01,2.178022e+01,2.175949e+01,2.180095e+01,2.175258e+01,2.171111e+01,2.176641e+01,2.174567e+01,2.175949e+01,2.175258e+01,2.173876e+01,2.171111e+01,2.174567e+01,2.187000e+01,2.169728e+01,2.170420e+01,2.184929e+01,2.180095e+01,2.177332e+01,2.179404e+01,2.184239e+01,2.178022e+01,2.191141e+01,2.185620e+01,2.198729e+01,2.206310e+01,2.198729e+01,2.195280e+01,2.209755e+01,2.211132e+01,2.200107e+01,2.206999e+01,2.218016e+01,2.219393e+01,2.222833e+01,2.222833e+01,2.211132e+01,2.220081e+01,2.224896e+01,2.204243e+01,2.228334e+01,2.220769e+01,2.220769e+01,2.216640e+01,2.216640e+01,2.223520e+01,2.224208e+01,2.244821e+01,2.222145e+01,2.221457e+01,2.218705e+01,2.222833e+01,2.229709e+01,2.229709e+01,2.235207e+01,2.222145e+01,2.205621e+01,2.221457e+01,2.227647e+01,2.227647e+01,2.226959e+01,2.224208e+01,2.222833e+01,2.228334e+01,2.220081e+01,2.202176e+01,2.226959e+01,2.229709e+01,2.229022e+01,2.216640e+01,2.220769e+01,2.226271e+01,2.228334e+01,2.220081e+01,2.216640e+01,2.220081e+01,2.218016e+01,2.225584e+01,2.217328e+01,2.215263e+01,2.222145e+01,2.224896e+01,2.224208e+01,2.219393e+01,2.236581e+01,2.232458e+01,2.231084e+01,2.209066e+01,2.215263e+01,2.220769e+01,2.231771e+01,2.224208e+01,2.223520e+01,2.225584e+01,2.226271e+01
2.257169e+01,2.251683e+01,2.248939e+01,2.257169e+01,2.246880e+01,2.261282e+01,2.260596e+01,2.260596e+01,2.259911e+01,2.254426e+01,2.259911e+01,2.254426e+01,2.259225e+01,2.272241e+01,2.270871e+01,2.281820e+01,2.281136e+01,2.265392e+01,2.257169e+01,2.259225e+01,2.264708e+01,2.257169e+01,2.253055e+01,2.253741e+01,2.256483e+01,2.256483e+01,2.257854e+01,2.259225e+01,2.259225e+01,2.259225e+01,2.257854e+01,2.257169e+01,2.266078e+01,2.261282e+01,2.261967e+01,2.268817e+01,2.257854e+01,2.260596e+01,2.268817e+01,2.255112e+01,2.250997e+01,2.255112e+01,2.244135e+01,2.248939e+01,2.253055e+01,2.248252e+01,2.265392e+01,2.261282e+01,2.263337e+01,2.250311e+01,2.261282e+01,2.248939e+01,2.250997e+01,2.237955e+01,2.247566e+01,2.248939e+01,2.241389e+01,2.248252e+01,2.249625e+01,2.236581e+01,2.253741e+01,2.252369e+01,2.244821e+01,2.249625e+01,2.247566e+01,2.247566e+01,2.264022e+01,2.246880e+01,2.259911e+01,2.260596e+01,2.290707e+01,2.343871e+01,2.277716e+01,2.233833e+01,2.240702e+01,2.237955e+01,2.240702e+01,2.234520e+01,2.237268e+01,2.237955e+01,2.238642e+01,2.237955e+01,2.227647e+01,2.238642e+01,2.227647e+01,2.226271e+01,2.227647e+01,2.242762e+01,2.222145e+01,2.224896e+01,2.221457e+01,2.240702e+01,2.226271e+01,2.226959e+01,2.214575e+01,2.222833e+01,2.229709e+01,2.232458e+01,2.227647e+01,2.233146e+01,2.226271e+01,2.235894e+01,2.224208e+01,2.230396e+01,2.234520e+01,2.234520e+01,2.243448e+01,2.244135e+01,2.233146e+01,2.242762e+01,2.235207e+01,2.237955e+01,2.235207e+01,2.244821e+01,2.253055e+01,2.255798e+01,2.258540e+01,2.257169e+01,2.288657e+01,2.307095e+01,2.308459e+01,2.324818e+01,2.326861e+01,2.325499e+01,2.345230e+01,2.338431e+01,2.336390e+01,2.354063e+01,2.341151e+01,2.349308e+01,2.350667e+01,2.348629e+01,2.352026e+01,2.345230e+01,2.345910e+01,2.343191e+01,2.330265e+01,2.329585e+01,2.328223e+01,2.328904e+01,2.343191e+01,2.329585e+01,2.342511e+01,2.318005e+01,2.318686e+01,2.320731e+01,2.307777e+01,2.324818e+01,2.328223e+01,2.328223e+01,2.337751e+01,2.343871e+01,2.341831e+01,2.342511e+01,2.339111e+01,2.335029e+01,2.324137e+01,2.333668e+01,2.319368e+01,2.310505e+01,2.318686e+01,2.303000e+01,2.303000e+01,2.316642e+01,2.309823e+01,2.313233e+01,2.310505e+01,2.313233e+01,2.307095e+01,2.315960e+01,2.309823e+01,2.328223e+01,2.319368e+01,2.334349e+01,2.333668e+01,2.337751e+01,2.332307e+01,2.351346e+01,2.339111e+01,2.349308e+01,2.333668e+01,2.326861e+01,2.326180e+01,2.330265e+01,2.315960e+01,2.315278e+01,2.296856e+01,2.244135e+01,2.221457e+01,2.222833e+01,2.235207e+01,2.224896e+01,2.220769e+01,2.218705e+01,2.226271e+01,2.213886e+01,2.222145e+01,2.222145e+01,2.218016e+01,2.218705e+01,2.217328e+01,2.207688e+01,2.213198e+01,2.220081e+01,2.242075e+01,2.305048e+01,2.298904e+01,2.240702e+01,2.265392e+01,2.261282e+01,2.275663e+01,2.328223e+01,2.368994e+01,2.634159e+01,2.458803e+01,2.285239e+01,2.262652e+01,2.237955e+01,2.237268e+01,2.372384e+01,2.259225e+01,2.260596e+01,2.261282e+01,2.298221e+01,2.308459e+01,2.415683e+01,2.482980e+01,2.467540e+01,2.563168e+01,2.620263e+01,2.614965e+01,2.529163e+01,2.343191e+01,2.319368e+01,2.236581e+01,2.225584e+01,2.290024e+01,2.348629e+01,2.312551e+01,2.266078e+01,2.244821e+01,2.308459e+01,2.455441e+01,2.571154e+01,2.452750e+01,2.432548e+01,2.380517e+01,2.305730e+01,2.350667e+01,2.351346e+01,2.287974e+01,2.280452e+01,2.315278e+01,2.360853e+01,2.386612e+01,2.377807e+01,2.368994e+01,2.345910e+01,2.339111e+01,2.342511e+01,2.373062e+01,2.424457e+01,2.428503e+01,2.400820e+01,2.373740e+01,2.321412e+01,2.285239e+01,2.321412e+01,2.337751e+01,2.318686e+01,2.278400e+01,2.309823e+01,2.311187e+01,2.316642e+01,2.335029e+01,2.361531e+01,2.366959e+01,2.358816e+01,2.379162e+01,2.325499e+01,2.290024e+01,2.337070e+01,2.332307e+01,2.290024e+01,2.339111e+01,2.422433e+01,2.354063e+01,2.356101e+01,2.338431e+01,2.359495e+01,2.353384e+01,2.359495e+01,2.329585e+01,2.328904e+01,2.294807e+01,2.284555e+01,2.268817e+01,2.274978e+01,2.272241e+01,2.303000e+01,2.305730e+01,2.282504e+01,2.279084e+01,2.318005e+01,2.287974e+01,2.288657e+01,2.243448e+01,2.258540e+01,2.272241e+01,2.238642e+01,2.246880e+01,2.247566e+01,2.246194e+01,2.242075e+01,2.238642e+01,2.244135e+01,2.255798e+01,2.242762e+01,2.257854e+01,2.240015e+01,2.252369e+01,2.250997e+01,2.246194e+01,2.253741e+01,2.248252e+01,2.250311e+01,2.250311e+01,2.253055e+01,2.238642e+01,2.242762e+01,2.255798e+01,2.244135e+01,2.242075e+01,2.239328e+01,2.246880e+01,2.240702e+01,2.235894e+01,2.245507e+01,2.239328e+01,2.244821e+01,2.248252e+01,2.247566e+01,2.241389e+01,2.237268e+01,2.249625e+01,2.233833e+01,2.231771e+01,2.228334e+01,2.238642e+01,2.233146e+01,2.234520e+01,2.235207e+01,2.234520e+01,2.233833e+01,2.220081e+01,2.227647e+01,2.237955e+01,2.231771e+01,2.225584e+01,2.225584e+01,2.230396e+01,2.220769e+01,2.235207e+01,2.220769e+01,2.219393e+01,2.220081e+01,2.220769e+01,2.224208e+01,2.226959e+01,2.215952e+01,2.200107e+01,2.210443e+01,2.200797e+01,2.211132e+01,2.193901e+01,2.200107e+01,2.192521e+01,2.196660e+01,2.195970e+01,2.184239e+01,2.189071e+01,2.189761e+01,2.192521e+01,2.186310e+01,2.186310e+01,2.192521e+01,2.187691e+01,2.191831e+01,2.193211e+01,2.198039e+01,2.191141e+01,2.190451e+01,2.196660e+01,2.203554e+01,2.206999e+01,2.202865e+01,2.197349e+01,2.201486e+01,2.227647e+01,2.198039e+01,2.215952e+01,2.206310e+01,2.214575e+01,2.213198e+01,2.227647e+01,2.211132e+01,2.222145e+01,2.222833e+01,2.223520e+01,2.221457e+01,2.220769e+01,2.215263e+01,2.220769e+01,2.213886e+01,2.210443e+01,2.215952e+01,2.222145e+01,2.198729e+01,2.216640e+01,2.215263e+01,2.210443e+01,2.214575e+01,2.213886e+01,2.213886e+01,2.215263e+01,2.219393e+01,2.209755e+01,2.220081e+01,2.202865e+01,2.223520e+01,2.215952e+01,2.207688e+01,2.204932e+01,2.224208e+01,2.231771e+01,2.220081e+01,2.220081e+01,2.213198e+01,2.220081e+01,2.215263e+01,2.213198e+01,2.213886e+01,2.215263e+01,2.224208e+01,2.219393e+01,2.213886e+01,2.230396e+01,2.213886e+01,2.213886e+01,2.209755e+01,2.213886e+01,2.214575e+01,2.207688e+01,2.215263e+01,2.200107e+01,2.223520e+01,2.201486e+01,2.206310e+01,2.210443e+01,2.218705e+01,2.207688e+01,2.209755e+01,2.213886e+01,2.218016e+01,2.200797e+01,2.202865e+01,2.188381e+01,2.189071e+01,2.193901e+01,2.190451e+01,2.213886e+01,2.195970e+01,2.211132e+01,2.192521e+01,2.189071e+01,2.193211e+01,2.193901e+01,2.190451e+01,2.191831e+01,2.195970e+01,2.195970e+01,2.195280e+01,2.195970e+01,2.203554e+01,2.225584e+01,2.200107e+01,2.192521e+01,2.191831e+01,2.190451e+01,2.193211e+01,2.194591e+01,2.198729e+01,2.195970e+01,2.197349e+01,2.181476e+01,2.195280e+01,2.189761e+01,2.190451e+01,2.192521e+01,2.192521e+01,2.188381e+01,2.190451e+01,2.178713e+01,2.190451e+01,2.194591e+01,2.189071e+01,2.193901e+01,2.191831e+01,2.195970e+01,2.194591e+01,2.206999e+01,2.207688e+01,2.206310e+01,2.195280e+01,2.200107e+01,2.213886e+01,2.213198e+01,2.209755e+01,2.213886e+01,2.210443e+01,2.237268e+01,2.209755e+01,2.216640e+01,2.210443e+01,2.203554e+01,2.204243e+01,2.215263e+01,2.208377e+01,2.210443e+01,2.194591e+01,2.203554e+01,2.200797e+01,2.191831e+01,2.195280e+01,2.189761e+01,2.193211e+01,2.191831e+01,2.192521e+01,2.187000e+01,2.192521e+01,2.174567e+01,2.181476e+01,2.180786e+01,2.178713e+01,2.182858e+01,2.177332e+01,2.175949e+01,2.178713e+01,2.178713e+01,2.177332e+01,2.176641e+01,2.175258e+01,2.173185e+01,2.173185e+01,2.176641e+01,2.173185e+01,2.176641e+01,2.182167e+01,2.175258e+01,2.173876e+01,2.171802e+01,2.167654e+01,2.173185e+01,2.180095e+01,2.187000e+01,2.178713e+01,2.187691e+01,2.187691e+01,2.187691e+01,2.210443e+01,2.204243e+01,2.194591e+01,2.211821e+01,2.204932e+01,2.196660e+01,2.206310e+01,2.209755e+01,2.212509e+01,2.212509e+01,2.224208e+01,2.225584e+01,2.216640e+01,2.218705e+01,2.227647e+01,2.215263e+01,2.235207e+01,2.237268e+01,2.218016e+01,2.218705e+01,2.220081e+01,2.237268e+01,2.226271e+01,2.233833e+01,2.242762e+01,2.239328e+01,2.227647e+01,2.218705e+01,2.216640e+01,2.229709e+01,2.225584e+01,2.233833e+01,2.226959e+01,2.222833e+01,2.221457e+01,2.238642e+01,2.235207e+01,2.235207e+01,2.233833e+01,2.237955e+01,2.224208e+01,2.218705e+01,2.232458e+01,2.228334e+01,2.222145e+01,2.226271e+01,2.229022e+01,2.222833e+01,2.226959e+01,2.222145e+01,2.227647e+01,2.218705e+01,2.224208e+01,2.232458e+01,2.221457e+01,2.222833e+01,2.213886e+01,2.211132e+01,2.219393e+01,2.244135e+01,2.243448e+01,2.218016e+01,2.215263e+01,2.232458e+01,2.224208e+01,2.213886e+01,2.206999e+01,2.209066e+01,2.226271e+01,2.224896e+01,2.223520e+01
2.255112e+01,2.253741e+01,2.249625e+01,2.245507e+01,2.240702e+01,2.242075e+01,2.263337e+01,2.260596e+01,2.253741e+01,2.256483e+01,2.255112e+01,2.272241e+01,2.257854e+01,2.258540e+01,2.261967e+01,2.279768e+01,2.257854e+01,2.269502e+01,2.255798e+01,2.267447e+01,2.265392e+01,2.256483e+01,2.253741e+01,2.257169e+01,2.253741e+01,2.254426e+01,2.257854e+01,2.252369e+01,2.246194e+01,2.261282e+01,2.259911e+01,2.253055e+01,2.263337e+01,2.257854e+01,2.268132e+01,2.253055e+01,2.259225e+01,2.258540e+01,2.258540e+01,2.261967e+01,2.253741e+01,2.243448e+01,2.244135e+01,2.256483e+01,2.250997e+01,2.259225e+01,2.257169e+01,2.248939e+01,2.262652e+01,2.254426e+01,2.261967e+01,2.251683e+01,2.247566e+01,2.239328e+01,2.239328e+01,2.253055e+01,2.253055e+01,2.252369e+01,2.235207e+01,2.235207e+01,2.237955e+01,2.247566e+01,2.246194e+01,2.242762e+01,2.246880e+01,2.250311e+01,2.259225e+01,2.246194e+01,2.245507e+01,2.260596e+01,2.277032e+01,2.272925e+01,2.287290e+01,2.251683e+01,2.243448e+01,2.237268e+01,2.236581e+01,2.240702e+01,2.237268e+01,2.220081e+01,2.226959e+01,2.233146e+01,2.232458e+01,2.229709e+01,2.231771e+01,2.241389e+01,2.233146e+01,2.236581e+01,2.228334e+01,2.246880e+01,2.235894e+01,2.233146e+01,2.229709e+01,2.228334e+01,2.222145e+01,2.234520e+01,2.240015e+01,2.233146e+01,2.223520e+01,2.235207e+01,2.233833e+01,2.237955e+01,2.224896e+01,2.225584e+01,2.231771e+01,2.220769e+01,2.234520e+01,2.235207e+01,2.235207e+01,2.236581e+01,2.240702e+01,2.240015e+01,2.239328e+01,2.253741e+01,2.253741e+01,2.300953e+01,2.304365e+01,2.330946e+01,2.338431e+01,2.343871e+01,2.337751e+01,2.343191e+01,2.347949e+01,2.351346e+01,2.364246e+01,2.349308e+01,2.347949e+01,2.352026e+01,2.346590e+01,2.348629e+01,2.350667e+01,2.347269e+01,2.349308e+01,2.347949e+01,2.347949e+01,2.347269e+01,2.335029e+01,2.343871e+01,2.342511e+01,2.346590e+01,2.345230e+01,2.341151e+01,2.343191e+01,2.343871e+01,2.319368e+01,2.324137e+01,2.320731e+01,2.325499e+01,2.323456e+01,2.332307e+01,2.341831e+01,2.337751e+01,2.331627e+01,2.331627e+01,2.330265e+01,2.334349e+01,2.328223e+01,2.330946e+01,2.315960e+01,2.309141e+01,2.324137e+01,2.330265e+01,2.310505e+01,2.328223e+01,2.312551e+01,2.330265e+01,2.314597e+01,2.334349e+01,2.340471e+01,2.336390e+01,2.337070e+01,2.337070e+01,2.330265e+01,2.333668e+01,2.333668e+01,2.332988e+01,2.332307e+01,2.344551e+01,2.332988e+01,2.351346e+01,2.348629e+01,2.331627e+01,2.352026e+01,2.329585e+01,2.329585e+01,2.314597e+01,2.290024e+01,2.237955e+01,2.224896e+01,2.221457e+01,2.219393e+01,2.217328e+01,2.220081e+01,2.222833e+01,2.220081e+01,2.209066e+01,2.217328e+01,2.223520e+01,2.211132e+01,2.215263e+01,2.213886e+01,2.213886e+01,2.213886e+01,2.213198e+01,2.239328e+01,2.285923e+01,2.269502e+01,2.240015e+01,2.270871e+01,2.240015e+01,2.290024e+01,2.341831e+01,2.361531e+01,2.611653e+01,2.420408e+01,2.288657e+01,2.266763e+01,2.246194e+01,2.268817e+01,2.419059e+01,2.327542e+01,2.295490e+01,2.289341e+01,2.296173e+01,2.304365e+01,2.401496e+01,2.466868e+01,2.601045e+01,2.705334e+01,2.854053e+01,2.739434e+01,2.486333e+01,2.345910e+01,2.255112e+01,2.224208e+01,2.229709e+01,2.259225e+01,2.347269e+01,2.314597e+01,2.268132e+01,2.244821e+01,2.268817e+01,2.412983e+01,2.490356e+01,2.429852e+01,2.408930e+01,2.281820e+01,2.325499e+01,2.379839e+01,2.305730e+01,2.266763e+01,2.265392e+01,2.317323e+01,2.318686e+01,2.360174e+01,2.396086e+01,2.396762e+01,2.396762e+01,2.315960e+01,2.321412e+01,2.360853e+01,2.398115e+01,2.399467e+01,2.363567e+01,2.347269e+01,2.310505e+01,2.315278e+01,2.362889e+01,2.367638e+01,2.313233e+01,2.307095e+01,2.307095e+01,2.311869e+01,2.332988e+01,2.334349e+01,2.372384e+01,2.358138e+01,2.356779e+01,2.373062e+01,2.379839e+01,2.374418e+01,2.382549e+01,2.370350e+01,2.364924e+01,2.343191e+01,2.394057e+01,2.379162e+01,2.373740e+01,2.329585e+01,2.346590e+01,2.340471e+01,2.306412e+01,2.297539e+01,2.412307e+01,2.321412e+01,2.291391e+01,2.266763e+01,2.279084e+01,2.281136e+01,2.301635e+01,2.301635e+01,2.284555e+01,2.282504e+01,2.294123e+01,2.293440e+01,2.288657e+01,2.219393e+01,2.266763e+01,2.279768e+01,2.259911e+01,2.248252e+01,2.251683e+01,2.244135e+01,2.251683e+01,2.252369e+01,2.244821e+01,2.255798e+01,2.240702e+01,2.245507e+01,2.240702e+01,2.246194e+01,2.248252e+01,2.244135e+01,2.261967e+01,2.246880e+01,2.237955e+01,2.246194e+01,2.236581e+01,2.236581e+01,2.248252e+01,2.248939e+01,2.249625e+01,2.242075e+01,2.240702e+01,2.249625e+01,2.240015e+01,2.244135e+01,2.244821e+01,2.252369e+01,2.247566e+01,2.243448e+01,2.240702e+01,2.232458e+01,2.241389e+01,2.234520e+01,2.233833e+01,2.231771e+01,2.236581e+01,2.231771e+01,2.235207e+01,2.241389e+01,2.241389e+01,2.237955e+01,2.215263e+01,2.228334e+01,2.229022e+01,2.225584e+01,2.229022e+01,2.221457e+01,2.231084e+01,2.231771e+01,2.234520e+01,2.217328e+01,2.231084e+01,2.215263e+01,2.218016e+01,2.215263e+01,2.215263e+01,2.220081e+01,2.208377e+01,2.200107e+01,2.199418e+01,2.206999e+01,2.201486e+01,2.199418e+01,2.187691e+01,2.184929e+01,2.187691e+01,2.189761e+01,2.189761e+01,2.187000e+01,2.188381e+01,2.182858e+01,2.187000e+01,2.195280e+01,2.187691e+01,2.189761e+01,2.193901e+01,2.198729e+01,2.194591e+01,2.196660e+01,2.198729e+01,2.197349e+01,2.197349e+01,2.189071e+01,2.207688e+01,2.206999e+01,2.198039e+01,2.209066e+01,2.203554e+01,2.209755e+01,2.210443e+01,2.210443e+01,2.225584e+01,2.209755e+01,2.209755e+01,2.213198e+01,2.221457e+01,2.213198e+01,2.220769e+01,2.218705e+01,2.220769e+01,2.218016e+01,2.213886e+01,2.218705e+01,2.217328e+01,2.210443e+01,2.220081e+01,2.215263e+01,2.211132e+01,2.218016e+01,2.209755e+01,2.209755e+01,2.207688e+01,2.212509e+01,2.203554e+01,2.223520e+01,2.202176e+01,2.219393e+01,2.204932e+01,2.211132e+01,2.213886e+01,2.218705e+01,2.213198e+01,2.221457e+01,2.209755e+01,2.213886e+01,2.225584e+01,2.218705e+01,2.224896e+01,2.214575e+01,2.217328e+01,2.222145e+01,2.222145e+01,2.222833e+01,2.219393e+01,2.218705e+01,2.211132e+01,2.217328e+01,2.227647e+01,2.205621e+01,2.220769e+01,2.218705e+01,2.198039e+01,2.198729e+01,2.212509e+01,2.213198e+01,2.204932e+01,2.211132e+01,2.204932e+01,2.213198e+01,2.214575e+01,2.201486e+01,2.200797e+01,2.211821e+01,2.208377e+01,2.196660e+01,2.200107e+01,2.200797e+01,2.192521e+01,2.197349e+01,2.209755e+01,2.196660e+01,2.195280e+01,2.189761e+01,2.193211e+01,2.195280e+01,2.198039e+01,2.198729e+01,2.184929e+01,2.196660e+01,2.197349e+01,2.211821e+01,2.195280e+01,2.204243e+01,2.191141e+01,2.191141e+01,2.187691e+01,2.192521e+01,2.191141e+01,2.194591e+01,2.202865e+01,2.201486e+01,2.200797e+01,2.195970e+01,2.189071e+01,2.196660e+01,2.188381e+01,2.191831e+01,2.199418e+01,2.195970e+01,2.191831e+01,2.190451e+01,2.189761e+01,2.198039e+01,2.213198e+01,2.202176e+01,2.192521e+01,2.198729e+01,2.198039e+01,2.207688e+01,2.201486e+01,2.196660e+01,2.200797e+01,2.194591e+01,2.210443e+01,2.214575e+01,2.211821e+01,2.220769e+01,2.211821e+01,2.214575e+01,2.209755e+01,2.202865e+01,2.214575e+01,2.216640e+01,2.215952e+01,2.210443e+01,2.209755e+01,2.203554e+01,2.181476e+01,2.203554e+01,2.202865e+01,2.199418e+01,2.192521e+01,2.180786e+01,2.186310e+01,2.182858e+01,2.191831e+01,2.196660e+01,2.186310e+01,2.169037e+01,2.180786e+01,2.180786e+01,2.182167e+01,2.182858e+01,2.173876e+01,2.176641e+01,2.188381e+01,2.166270e+01,2.173185e+01,2.170420e+01,2.160043e+01,2.163503e+01,2.167654e+01,2.175949e+01,2.181476e+01,2.174567e+01,2.174567e+01,2.179404e+01,2.171802e+01,2.171111e+01,2.172494e+01,2.171802e+01,2.175949e+01,2.160043e+01,2.186310e+01,2.184929e+01,2.200797e+01,2.185620e+01,2.189761e+01,2.202865e+01,2.207688e+01,2.196660e+01,2.202865e+01,2.208377e+01,2.210443e+01,2.207688e+01,2.218705e+01,2.223520e+01,2.208377e+01,2.210443e+01,2.222145e+01,2.211132e+01,2.213886e+01,2.234520e+01,2.215263e+01,2.220769e+01,2.221457e+01,2.218705e+01,2.218705e+01,2.231084e+01,2.232458e+01,2.237268e+01,2.237955e+01,2.220769e+01,2.222833e+01,2.235894e+01,2.224208e+01,2.215952e+01,2.233146e+01,2.231771e+01,2.211821e+01,2.224208e+01,2.226959e+01,2.226271e+01,2.224896e+01,2.235894e+01,2.231771e+01,2.221457e+01,2.220081e+01,2.218016e+01,2.220081e+01,2.220769e+01,2.217328e+01,2.220769e+01,2.225584e+01,2.222833e+01,2.225584e+01,2.222833e+01,2.223520e+01,2.222145e+01,2.218705e+01,2.224896e+01,2.224208e+01,2.223520e+01,2.234520e+01,2.218016e+01,2.235207e+01,2.215263e+01,2.227647e+01,2.240015e+01,2.219393e+01,2.213886e+01,2.224208e+01,2.223520e+01,2.226959e+01,2.224896e+01,2.218016e+01,2.220081e+01,2.222833e+01
2.253741e+01,2.253055e+01,2.257169e+01,2.251683e+01,2.250311e+01,2.241389e+01,2.251683e+01,2.257854e+01,2.253741e+01,2.255798e+01,2.257169e+01,2.255798e+01,2.260596e+01,2.268817e+01,2.269502e+01,2.258540e+01,2.250997e+01,2.261282e+01,2.253055e+01,2.267447e+01,2.252369e+01,2.259225e+01,2.256483e+01,2.257169e+01,2.255798e+01,2.266763e+01,2.244821e+01,2.255112e+01,2.249625e+01,2.244821e+01,2.268132e+01,2.267447e+01,2.259225e+01,2.263337e+01,2.257854e+01,2.260596e+01,2.259911e+01,2.266078e+01,2.258540e+01,2.244821e+01,2.246194e+01,2.262652e+01,2.261967e+01,2.255798e+01,2.254426e+01,2.258540e+01,2.258540e+01,2.251683e+01,2.264708e+01,2.259911e+01,2.255112e+01,2.255798e+01,2.241389e+01,2.240702e+01,2.240015e+01,2.250997e+01,2.226271e+01,2.250997e+01,2.251683e+01,2.254426e+01,2.245507e+01,2.250311e+01,2.248939e+01,2.235894e+01,2.246880e+01,2.247566e+01,2.244821e+01,2.244821e+01,2.259225e+01,2.243448e+01,2.270871e+01,2.272925e+01,2.265392e+01,2.240015e+01,2.244821e+01,2.231771e+01,2.248939e+01,2.246194e+01,2.231771e+01,2.235894e+01,2.231771e+01,2.235207e+01,2.233833e+01,2.236581e+01,2.237955e+01,2.226959e+01,2.232458e+01,2.240015e+01,2.229709e+01,2.245507e+01,2.233833e+01,2.229709e+01,2.231771e+01,2.233146e+01,2.230396e+01,2.236581e+01,2.230396e+01,2.219393e+01,2.224896e+01,2.232458e+01,2.230396e+01,2.227647e+01,2.229022e+01,2.228334e+01,2.238642e+01,2.226959e+01,2.237268e+01,2.238642e+01,2.235894e+01,2.235207e+01,2.257854e+01,2.258540e+01,2.280452e+01,2.294123e+01,2.326861e+01,2.331627e+01,2.335029e+01,2.352705e+01,2.345230e+01,2.343871e+01,2.348629e+01,2.360853e+01,2.364924e+01,2.355421e+01,2.346590e+01,2.341151e+01,2.351346e+01,2.343191e+01,2.348629e+01,2.345230e+01,2.352026e+01,2.345910e+01,2.353384e+01,2.352705e+01,2.349988e+01,2.350667e+01,2.337751e+01,2.337070e+01,2.336390e+01,2.332988e+01,2.336390e+01,2.337751e+01,2.320731e+01,2.330946e+01,2.330265e+01,2.297539e+01,2.317323e+01,2.320049e+01,2.329585e+01,2.325499e+01,2.330265e+01,2.332307e+01,2.338431e+01,2.336390e+01,2.328223e+01,2.331627e+01,2.320049e+01,2.318686e+01,2.326861e+01,2.328223e+01,2.330265e+01,2.330946e+01,2.332988e+01,2.330946e+01,2.354742e+01,2.354742e+01,2.353384e+01,2.351346e+01,2.366959e+01,2.360853e+01,2.342511e+01,2.365602e+01,2.358138e+01,2.331627e+01,2.347269e+01,2.335029e+01,2.345910e+01,2.334349e+01,2.329585e+01,2.336390e+01,2.337751e+01,2.352705e+01,2.330265e+01,2.330946e+01,2.331627e+01,2.297539e+01,2.290024e+01,2.246194e+01,2.225584e+01,2.234520e+01,2.224208e+01,2.224208e+01,2.218705e+01,2.222145e+01,2.222833e+01,2.204243e+01,2.220081e+01,2.218705e+01,2.215952e+01,2.213886e+01,2.206310e+01,2.215952e+01,2.209755e+01,2.224896e+01,2.228334e+01,2.274978e+01,2.263337e+01,2.268132e+01,2.270871e+01,2.283872e+01,2.328223e+01,2.349988e+01,2.360853e+01,2.577139e+01,2.387966e+01,2.288657e+01,2.241389e+01,2.241389e+01,2.282504e+01,2.418384e+01,2.418384e+01,2.290024e+01,2.296856e+01,2.299587e+01,2.349308e+01,2.394057e+01,2.463508e+01,2.786471e+01,2.954640e+01,2.970673e+01,2.720430e+01,2.394057e+01,2.260596e+01,2.255798e+01,2.244135e+01,2.229709e+01,2.259225e+01,2.333668e+01,2.337070e+01,2.276347e+01,2.240015e+01,2.254426e+01,2.332307e+01,2.429852e+01,2.490356e+01,2.313915e+01,2.316642e+01,2.364246e+01,2.322093e+01,2.281136e+01,2.264708e+01,2.255798e+01,2.280452e+01,2.273610e+01,2.313233e+01,2.324137e+01,2.361531e+01,2.398115e+01,2.302318e+01,2.308459e+01,2.358816e+01,2.402172e+01,2.379839e+01,2.361531e+01,2.324818e+01,2.284555e+01,2.309141e+01,2.360174e+01,2.345910e+01,2.322093e+01,2.307777e+01,2.313233e+01,2.326861e+01,2.328223e+01,2.313915e+01,2.330265e+01,2.326861e+01,2.318686e+01,2.326861e+01,2.358138e+01,2.389320e+01,2.391350e+01,2.435918e+01,2.406903e+01,2.369672e+01,2.363567e+01,2.315960e+01,2.304365e+01,2.290024e+01,2.306412e+01,2.298904e+01,2.260596e+01,2.297539e+01,2.522482e+01,2.381194e+01,2.324818e+01,2.320049e+01,2.297539e+01,2.294807e+01,2.294807e+01,2.281820e+01,2.266763e+01,2.272241e+01,2.298221e+01,2.305048e+01,2.303683e+01,2.262652e+01,2.257169e+01,2.300270e+01,2.257169e+01,2.250311e+01,2.257854e+01,2.259911e+01,2.244821e+01,2.244135e+01,2.250997e+01,2.255112e+01,2.246194e+01,2.261967e+01,2.242762e+01,2.243448e+01,2.253055e+01,2.242762e+01,2.248252e+01,2.249625e+01,2.211132e+01,2.260596e+01,2.251683e+01,2.246880e+01,2.237955e+01,2.242075e+01,2.250311e+01,2.240702e+01,2.237955e+01,2.240015e+01,2.251683e+01,2.242762e+01,2.245507e+01,2.240015e+01,2.252369e+01,2.257169e+01,2.239328e+01,2.237268e+01,2.242762e+01,2.238642e+01,2.239328e+01,2.237268e+01,2.240015e+01,2.239328e+01,2.231771e+01,2.241389e+01,2.235894e+01,2.231084e+01,2.233833e+01,2.227647e+01,2.229022e+01,2.227647e+01,2.224896e+01,2.224208e+01,2.216640e+01,2.222833e+01,2.222145e+01,2.212509e+01,2.226271e+01,2.231084e+01,2.220769e+01,2.212509e+01,2.233146e+01,2.204932e+01,2.207688e+01,2.213886e+01,2.206999e+01,2.211821e+01,2.198729e+01,2.198729e+01,2.204243e+01,2.184239e+01,2.193901e+01,2.187691e+01,2.193901e+01,2.188381e+01,2.187691e+01,2.186310e+01,2.191141e+01,2.182858e+01,2.185620e+01,2.195280e+01,2.193211e+01,2.197349e+01,2.195970e+01,2.201486e+01,2.198039e+01,2.198729e+01,2.192521e+01,2.215263e+01,2.209066e+01,2.196660e+01,2.203554e+01,2.207688e+01,2.209755e+01,2.211821e+01,2.204932e+01,2.207688e+01,2.200797e+01,2.209066e+01,2.212509e+01,2.209755e+01,2.216640e+01,2.217328e+01,2.218705e+01,2.212509e+01,2.218705e+01,2.218705e+01,2.214575e+01,2.221457e+01,2.213198e+01,2.211821e+01,2.216640e+01,2.211132e+01,2.212509e+01,2.193211e+01,2.214575e+01,2.213886e+01,2.203554e+01,2.217328e+01,2.202865e+01,2.203554e+01,2.204243e+01,2.200107e+01,2.213886e+01,2.215263e+01,2.211821e+01,2.204243e+01,2.216640e+01,2.213886e+01,2.220769e+01,2.213198e+01,2.213886e+01,2.214575e+01,2.217328e+01,2.229709e+01,2.215263e+01,2.215952e+01,2.216640e+01,2.216640e+01,2.218016e+01,2.222833e+01,2.208377e+01,2.227647e+01,2.223520e+01,2.228334e+01,2.228334e+01,2.200107e+01,2.202865e+01,2.215263e+01,2.202176e+01,2.209755e+01,2.215952e+01,2.210443e+01,2.203554e+01,2.208377e+01,2.223520e+01,2.199418e+01,2.204243e+01,2.178713e+01,2.193211e+01,2.202176e+01,2.210443e+01,2.193211e+01,2.191831e+01,2.178713e+01,2.186310e+01,2.210443e+01,2.195280e+01,2.192521e+01,2.189071e+01,2.190451e+01,2.191831e+01,2.191141e+01,2.191831e+01,2.180786e+01,2.198729e+01,2.196660e+01,2.185620e+01,2.195280e+01,2.202176e+01,2.207688e+01,2.188381e+01,2.198039e+01,2.203554e+01,2.195280e+01,2.198039e+01,2.202865e+01,2.197349e+01,2.187000e+01,2.189071e+01,2.196660e+01,2.193211e+01,2.194591e+01,2.195970e+01,2.196660e+01,2.194591e+01,2.187691e+01,2.192521e+01,2.190451e+01,2.191141e+01,2.199418e+01,2.204243e+01,2.196660e+01,2.204932e+01,2.195970e+01,2.209755e+01,2.196660e+01,2.207688e+01,2.207688e+01,2.211132e+01,2.195970e+01,2.210443e+01,2.212509e+01,2.212509e+01,2.213198e+01,2.210443e+01,2.216640e+01,2.205621e+01,2.213198e+01,2.202865e+01,2.194591e+01,2.206310e+01,2.185620e+01,2.182858e+01,2.193211e+01,2.200107e+01,2.203554e+01,2.194591e+01,2.199418e+01,2.187691e+01,2.195970e+01,2.195280e+01,2.193211e+01,2.171111e+01,2.180786e+01,2.178713e+01,2.183548e+01,2.189761e+01,2.182167e+01,2.188381e+01,2.177332e+01,2.170420e+01,2.178713e+01,2.173185e+01,2.161427e+01,2.175258e+01,2.169037e+01,2.169728e+01,2.157967e+01,2.181476e+01,2.166270e+01,2.179404e+01,2.160735e+01,2.176641e+01,2.177332e+01,2.165579e+01,2.183548e+01,2.168345e+01,2.187691e+01,2.180095e+01,2.182167e+01,2.184239e+01,2.195280e+01,2.190451e+01,2.189071e+01,2.197349e+01,2.209066e+01,2.210443e+01,2.215263e+01,2.209066e+01,2.202865e+01,2.206310e+01,2.208377e+01,2.213198e+01,2.217328e+01,2.218705e+01,2.218705e+01,2.216640e+01,2.209755e+01,2.233833e+01,2.218705e+01,2.213886e+01,2.218705e+01,2.224896e+01,2.224896e+01,2.229022e+01,2.222833e+01,2.219393e+01,2.234520e+01,2.231771e+01,2.231771e+01,2.235207e+01,2.214575e+01,2.224208e+01,2.216640e+01,2.222145e+01,2.224208e+01,2.224208e+01,2.238642e+01,2.226271e+01,2.233146e+01,2.224208e+01,2.237955e+01,2.222145e+01,2.219393e+01,2.218016e+01,2.235894e+01,2.215952e+01,2.223520e+01,2.222145e+01,2.224208e+01,2.231084e+01,2.248939e+01,2.222833e+01,2.240702e+01,2.222833e+01,2.219393e+01,2.215952e+01,2.224896e+01,2.224896e+01,2.219393e+01,2.240015e+01,2.219393e+01,2.221457e+01,2.218705e+01,2.203554e+01,2.221457e+01,2.226959e+01,2.232458e+01,2.215952e+01,2.235894e+01,2.231771e+01,2.209066e+01,2.206310e+01
2.253055e+01,2.248252e+01,2.240015e+01,2.255798e+01,2.254426e+01,2.242075e+01,2.248939e+01,2.241389e+01,2.251683e+01,2.253741e+01,2.253055e+01,2.263337e+01,2.258540e+01,2.259225e+01,2.262652e+01,2.268132e+01,2.268132e+01,2.257854e+01,2.256483e+01,2.260596e+01,2.255798e+01,2.261967e+01,2.250311e+01,2.250997e+01,2.250997e+01,2.253741e+01,2.277032e+01,2.252369e+01,2.259225e+01,2.257854e+01,2.257854e+01,2.255112e+01,2.257854e+01,2.265392e+01,2.259911e+01,2.259911e+01,2.256483e+01,2.259225e+01,2.248252e+01,2.245507e+01,2.255112e+01,2.263337e+01,2.253055e+01,2.255798e+01,2.257169e+01,2.262652e+01,2.249625e+01,2.255112e+01,2.251683e+01,2.249625e+01,2.257854e+01,2.259911e+01,2.258540e+01,2.251683e+01,2.240702e+01,2.250311e+01,2.261967e+01,2.248252e+01,2.240702e+01,2.242762e+01,2.235894e+01,2.231771e+01,2.250311e+01,2.237268e+01,2.249625e+01,2.247566e+01,2.241389e+01,2.251683e+01,2.246880e+01,2.242075e+01,2.264022e+01,2.292074e+01,2.265392e+01,2.250997e+01,2.237268e+01,2.248252e+01,2.243448e+01,2.240015e+01,2.229022e+01,2.236581e+01,2.234520e+01,2.216640e+01,2.228334e+01,2.240702e+01,2.236581e+01,2.226959e+01,2.241389e+01,2.240702e+01,2.244821e+01,2.229022e+01,2.230396e+01,2.242075e+01,2.229709e+01,2.228334e+01,2.229022e+01,2.234520e+01,2.233833e+01,2.222833e+01,2.232458e+01,2.235894e+01,2.231084e+01,2.238642e+01,2.226271e+01,2.242762e+01,2.221457e+01,2.225584e+01,2.236581e+01,2.237955e+01,2.237268e+01,2.242075e+01,2.273610e+01,2.296856e+01,2.318005e+01,2.335029e+01,2.337070e+01,2.331627e+01,2.344551e+01,2.345230e+01,2.341151e+01,2.340471e+01,2.347949e+01,2.341151e+01,2.360174e+01,2.343871e+01,2.360853e+01,2.352705e+01,2.343191e+01,2.347269e+01,2.360853e+01,2.361531e+01,2.358138e+01,2.346590e+01,2.354742e+01,2.352026e+01,2.349988e+01,2.346590e+01,2.345230e+01,2.332988e+01,2.341151e+01,2.344551e+01,2.339791e+01,2.317323e+01,2.317323e+01,2.318005e+01,2.318005e+01,2.323456e+01,2.319368e+01,2.320731e+01,2.332307e+01,2.324137e+01,2.341151e+01,2.332307e+01,2.332307e+01,2.330946e+01,2.332307e+01,2.332988e+01,2.330265e+01,2.354063e+01,2.364246e+01,2.355421e+01,2.361531e+01,2.375096e+01,2.360174e+01,2.363567e+01,2.370350e+01,2.372384e+01,2.360174e+01,2.372384e+01,2.379162e+01,2.370350e+01,2.357458e+01,2.354063e+01,2.364924e+01,2.344551e+01,2.365602e+01,2.343191e+01,2.339111e+01,2.332988e+01,2.324818e+01,2.323456e+01,2.351346e+01,2.348629e+01,2.325499e+01,2.332307e+01,2.332307e+01,2.305048e+01,2.292757e+01,2.235894e+01,2.225584e+01,2.229022e+01,2.226959e+01,2.234520e+01,2.224896e+01,2.224208e+01,2.223520e+01,2.224208e+01,2.220769e+01,2.225584e+01,2.220769e+01,2.218705e+01,2.228334e+01,2.219393e+01,2.222145e+01,2.225584e+01,2.264022e+01,2.294123e+01,2.262652e+01,2.282504e+01,2.297539e+01,2.294807e+01,2.324818e+01,2.328223e+01,2.369672e+01,2.431200e+01,2.326861e+01,2.287290e+01,2.242075e+01,2.241389e+01,2.292074e+01,2.318686e+01,2.408930e+01,2.293440e+01,2.318686e+01,2.331627e+01,2.302318e+01,2.318005e+01,2.388643e+01,2.774079e+01,2.983483e+01,2.854701e+01,2.509777e+01,2.307777e+01,2.275663e+01,2.275663e+01,2.276347e+01,2.298221e+01,2.335710e+01,2.366959e+01,2.369672e+01,2.306412e+01,2.240702e+01,2.237955e+01,2.271556e+01,2.490356e+01,2.524487e+01,2.294123e+01,2.363567e+01,2.358138e+01,2.324137e+01,2.324137e+01,2.312551e+01,2.318005e+01,2.307777e+01,2.295490e+01,2.272241e+01,2.287290e+01,2.313233e+01,2.349988e+01,2.309823e+01,2.310505e+01,2.345910e+01,2.368994e+01,2.388643e+01,2.407579e+01,2.399467e+01,2.328904e+01,2.328223e+01,2.358816e+01,2.331627e+01,2.303683e+01,2.305048e+01,2.324137e+01,2.326180e+01,2.326861e+01,2.345230e+01,2.325499e+01,2.326861e+01,2.321412e+01,2.326180e+01,2.335710e+01,2.375774e+01,2.480967e+01,2.557175e+01,2.480296e+01,2.395410e+01,2.373740e+01,2.355421e+01,2.289341e+01,2.281820e+01,2.287974e+01,2.256483e+01,2.244821e+01,2.266078e+01,2.381194e+01,2.499736e+01,2.322093e+01,2.335029e+01,2.319368e+01,2.305730e+01,2.293440e+01,2.266763e+01,2.260596e+01,2.275663e+01,2.306412e+01,2.328223e+01,2.303683e+01,2.269502e+01,2.264708e+01,2.300953e+01,2.251683e+01,2.250997e+01,2.257169e+01,2.244821e+01,2.254426e+01,2.257854e+01,2.239328e+01,2.250997e+01,2.248252e+01,2.257169e+01,2.243448e+01,2.254426e+01,2.248252e+01,2.257854e+01,2.237955e+01,2.246880e+01,2.242075e+01,2.244135e+01,2.253055e+01,2.253741e+01,2.251683e+01,2.248939e+01,2.250997e+01,2.248939e+01,2.246194e+01,2.255798e+01,2.242075e+01,2.250311e+01,2.240702e+01,2.242762e+01,2.244821e+01,2.245507e+01,2.235207e+01,2.242075e+01,2.244135e+01,2.227647e+01,2.240702e+01,2.237268e+01,2.239328e+01,2.232458e+01,2.231084e+01,2.233833e+01,2.237955e+01,2.224896e+01,2.224208e+01,2.223520e+01,2.221457e+01,2.224208e+01,2.223520e+01,2.229709e+01,2.232458e+01,2.225584e+01,2.226959e+01,2.217328e+01,2.219393e+01,2.220081e+01,2.217328e+01,2.215263e+01,2.211132e+01,2.224896e+01,2.213886e+01,2.204243e+01,2.199418e+01,2.209755e+01,2.199418e+01,2.192521e+01,2.192521e+01,2.187691e+01,2.188381e+01,2.189071e+01,2.189071e+01,2.188381e+01,2.185620e+01,2.189761e+01,2.188381e+01,2.187000e+01,2.184239e+01,2.191831e+01,2.196660e+01,2.191831e+01,2.198729e+01,2.195970e+01,2.193901e+01,2.192521e+01,2.200797e+01,2.198039e+01,2.201486e+01,2.205621e+01,2.198729e+01,2.195280e+01,2.204243e+01,2.212509e+01,2.206310e+01,2.209755e+01,2.206999e+01,2.207688e+01,2.210443e+01,2.213198e+01,2.222145e+01,2.213886e+01,2.207688e+01,2.220081e+01,2.214575e+01,2.213198e+01,2.217328e+01,2.209755e+01,2.218705e+01,2.209755e+01,2.216640e+01,2.215263e+01,2.215263e+01,2.220081e+01,2.211132e+01,2.206999e+01,2.201486e+01,2.211132e+01,2.206310e+01,2.206999e+01,2.204932e+01,2.218705e+01,2.222145e+01,2.217328e+01,2.219393e+01,2.214575e+01,2.214575e+01,2.215263e+01,2.213198e+01,2.210443e+01,2.212509e+01,2.228334e+01,2.213886e+01,2.218705e+01,2.220081e+01,2.214575e+01,2.217328e+01,2.217328e+01,2.216640e+01,2.214575e+01,2.224208e+01,2.211132e+01,2.212509e+01,2.206999e+01,2.206310e+01,2.208377e+01,2.204243e+01,2.204932e+01,2.206999e+01,2.202176e+01,2.200107e+01,2.205621e+01,2.195970e+01,2.203554e+01,2.201486e+01,2.206999e+01,2.204243e+01,2.195970e+01,2.200797e+01,2.204243e+01,2.195970e+01,2.187691e+01,2.198039e+01,2.194591e+01,2.194591e+01,2.192521e+01,2.187000e+01,2.195970e+01,2.192521e+01,2.193211e+01,2.193211e+01,2.190451e+01,2.202865e+01,2.193901e+01,2.202865e+01,2.198729e+01,2.195280e+01,2.198039e+01,2.193901e+01,2.195280e+01,2.195970e+01,2.193901e+01,2.200107e+01,2.193901e+01,2.197349e+01,2.191141e+01,2.200107e+01,2.199418e+01,2.190451e+01,2.187000e+01,2.191831e+01,2.196660e+01,2.195970e+01,2.195970e+01,2.186310e+01,2.188381e+01,2.184239e+01,2.188381e+01,2.202865e+01,2.202865e+01,2.206310e+01,2.198039e+01,2.200107e+01,2.204243e+01,2.200797e+01,2.196660e+01,2.206999e+01,2.210443e+01,2.208377e+01,2.211821e+01,2.213198e+01,2.213198e+01,2.212509e+01,2.210443e+01,2.212509e+01,2.213198e+01,2.211821e+01,2.223520e+01,2.212509e+01,2.208377e+01,2.205621e+01,2.204243e+01,2.200797e+01,2.204932e+01,2.203554e+01,2.194591e+01,2.191831e+01,2.194591e+01,2.191141e+01,2.192521e+01,2.185620e+01,2.176641e+01,2.184929e+01,2.212509e+01,2.177332e+01,2.189071e+01,2.157967e+01,2.184929e+01,2.180786e+01,2.162119e+01,2.177332e+01,2.171111e+01,2.171111e+01,2.175258e+01,2.169728e+01,2.162119e+01,2.172494e+01,2.173876e+01,2.161427e+01,2.155890e+01,2.164887e+01,2.178713e+01,2.190451e+01,2.176641e+01,2.171802e+01,2.177332e+01,2.195970e+01,2.176641e+01,2.162119e+01,2.179404e+01,2.182858e+01,2.183548e+01,2.201486e+01,2.197349e+01,2.189071e+01,2.206310e+01,2.211132e+01,2.202865e+01,2.213198e+01,2.209755e+01,2.213886e+01,2.212509e+01,2.209755e+01,2.215263e+01,2.218016e+01,2.218016e+01,2.224896e+01,2.227647e+01,2.217328e+01,2.220769e+01,2.220081e+01,2.226959e+01,2.224208e+01,2.225584e+01,2.226271e+01,2.230396e+01,2.233146e+01,2.231084e+01,2.227647e+01,2.225584e+01,2.234520e+01,2.236581e+01,2.228334e+01,2.213198e+01,2.221457e+01,2.224208e+01,2.223520e+01,2.228334e+01,2.230396e+01,2.222145e+01,2.234520e+01,2.226271e+01,2.216640e+01,2.242762e+01,2.233146e+01,2.218016e+01,2.225584e+01,2.222833e+01,2.224208e+01,2.232458e+01,2.222145e+01,2.233833e+01,2.229709e+01,2.228334e+01,2.221457e+01,2.226959e+01,2.226959e+01,2.217328e+01,2.220769e+01,2.219393e+01,2.233146e+01,2.222833e+01,2.229709e+01,2.220769e+01,2.225584e+01,2.209755e+01,2.220081e+01,2.224208e+01,2.230396e+01,2.212509e+01,2.215263e+01,2.226271e+01,2.224896e+01
2.250311e+01,2.242075e+01,2.253741e+01,2.253055e+01,2.252369e+01,2.237955e+01,2.248939e+01,2.254426e+01,2.253741e+01,2.255798e+01,2.251683e+01,2.269502e+01,2.264022e+01,2.259911e+01,2.251683e+01,2.255112e+01,2.260596e+01,2.255112e+01,2.269502e+01,2.258540e+01,2.246880e+01,2.255112e+01,2.243448e+01,2.260596e+01,2.258540e+01,2.257169e+01,2.257169e+01,2.250311e+01,2.246194e+01,2.255112e+01,2.255798e+01,2.266763e+01,2.267447e+01,2.255112e+01,2.259911e+01,2.260596e+01,2.257854e+01,2.261967e+01,2.261282e+01,2.246880e+01,2.245507e+01,2.258540e+01,2.257854e+01,2.259225e+01,2.251683e+01,2.254426e+01,2.243448e+01,2.246194e+01,2.242762e+01,2.259911e+01,2.257854e+01,2.248939e+01,2.251683e+01,2.247566e+01,2.238642e+01,2.250997e+01,2.250997e+01,2.248939e+01,2.230396e+01,2.229022e+01,2.244821e+01,2.238642e+01,2.248252e+01,2.248939e+01,2.246194e+01,2.237955e+01,2.242762e+01,2.243448e+01,2.247566e+01,2.251683e+01,2.270871e+01,2.311869e+01,2.270187e+01,2.264022e+01,2.246880e+01,2.240015e+01,2.235894e+01,2.231084e+01,2.235894e+01,2.224896e+01,2.234520e+01,2.242075e+01,2.243448e+01,2.227647e+01,2.228334e+01,2.228334e+01,2.224896e+01,2.230396e+01,2.230396e+01,2.233833e+01,2.233833e+01,2.235207e+01,2.231084e+01,2.235894e+01,2.226271e+01,2.226959e+01,2.229022e+01,2.230396e+01,2.231084e+01,2.228334e+01,2.234520e+01,2.235207e+01,2.235207e+01,2.230396e+01,2.242762e+01,2.230396e+01,2.238642e+01,2.258540e+01,2.260596e+01,2.286607e+01,2.298221e+01,2.326180e+01,2.325499e+01,2.345910e+01,2.343191e+01,2.339791e+01,2.341831e+01,2.344551e+01,2.338431e+01,2.343191e+01,2.346590e+01,2.356101e+01,2.341831e+01,2.326180e+01,2.338431e+01,2.336390e+01,2.341831e+01,2.341151e+01,2.338431e+01,2.344551e+01,2.353384e+01,2.343191e+01,2.345910e+01,2.346590e+01,2.345910e+01,2.334349e+01,2.320049e+01,2.335029e+01,2.341151e+01,2.341151e+01,2.355421e+01,2.347949e+01,2.335710e+01,2.342511e+01,2.327542e+01,2.320049e+01,2.349308e+01,2.350667e+01,2.326861e+01,2.352705e+01,2.369672e+01,2.359495e+01,2.352026e+01,2.365602e+01,2.366281e+01,2.364924e+01,2.366281e+01,2.364924e+01,2.373062e+01,2.371028e+01,2.376451e+01,2.376451e+01,2.366281e+01,2.368316e+01,2.371028e+01,2.368994e+01,2.370350e+01,2.376451e+01,2.377129e+01,2.363567e+01,2.360174e+01,2.368994e+01,2.353384e+01,2.354742e+01,2.351346e+01,2.364924e+01,2.346590e+01,2.334349e+01,2.337070e+01,2.332988e+01,2.332988e+01,2.343871e+01,2.350667e+01,2.347949e+01,2.337751e+01,2.328904e+01,2.291391e+01,2.250997e+01,2.222145e+01,2.229709e+01,2.227647e+01,2.222833e+01,2.230396e+01,2.226959e+01,2.219393e+01,2.215263e+01,2.219393e+01,2.220081e+01,2.226271e+01,2.221457e+01,2.218705e+01,2.221457e+01,2.220769e+01,2.234520e+01,2.245507e+01,2.277716e+01,2.256483e+01,2.280452e+01,2.277032e+01,2.283872e+01,2.296173e+01,2.346590e+01,2.387966e+01,2.328904e+01,2.290024e+01,2.277032e+01,2.259225e+01,2.242762e+01,2.322093e+01,2.292757e+01,2.343871e+01,2.339791e+01,2.356101e+01,2.354063e+01,2.281820e+01,2.244821e+01,2.309141e+01,2.546513e+01,2.873469e+01,2.656617e+01,2.363567e+01,2.363567e+01,2.392027e+01,2.394733e+01,2.415008e+01,2.478954e+01,2.511115e+01,2.410956e+01,2.367638e+01,2.306412e+01,2.226959e+01,2.235894e+01,2.233146e+01,2.405551e+01,2.491697e+01,2.311187e+01,2.345910e+01,2.320731e+01,2.279084e+01,2.279768e+01,2.305730e+01,2.310505e+01,2.358816e+01,2.386612e+01,2.325499e+01,2.312551e+01,2.309823e+01,2.300270e+01,2.325499e+01,2.302318e+01,2.309823e+01,2.361531e+01,2.404876e+01,2.436592e+01,2.415683e+01,2.370350e+01,2.310505e+01,2.350667e+01,2.307777e+01,2.304365e+01,2.341151e+01,2.330265e+01,2.325499e+01,2.319368e+01,2.354742e+01,2.322775e+01,2.276347e+01,2.275663e+01,2.268817e+01,2.287974e+01,2.372384e+01,2.647375e+01,2.736160e+01,2.597064e+01,2.395410e+01,2.351346e+01,2.312551e+01,2.277716e+01,2.297539e+01,2.255112e+01,2.239328e+01,2.231084e+01,2.243448e+01,2.307777e+01,2.499067e+01,2.324137e+01,2.286607e+01,2.290024e+01,2.320731e+01,2.324818e+01,2.275663e+01,2.264708e+01,2.303683e+01,2.311869e+01,2.330265e+01,2.315960e+01,2.277032e+01,2.272241e+01,2.252369e+01,2.255112e+01,2.245507e+01,2.252369e+01,2.240015e+01,2.240015e+01,2.248939e+01,2.258540e+01,2.243448e+01,2.259225e+01,2.240702e+01,2.242762e+01,2.256483e+01,2.257169e+01,2.248252e+01,2.237268e+01,2.246194e+01,2.237268e+01,2.242762e+01,2.241389e+01,2.244821e+01,2.242075e+01,2.242762e+01,2.238642e+01,2.254426e+01,2.243448e+01,2.256483e+01,2.239328e+01,2.233833e+01,2.241389e+01,2.244821e+01,2.244135e+01,2.242762e+01,2.240702e+01,2.231084e+01,2.242762e+01,2.235894e+01,2.231771e+01,2.226271e+01,2.232458e+01,2.235207e+01,2.233833e+01,2.232458e+01,2.224208e+01,2.237268e+01,2.230396e+01,2.219393e+01,2.219393e+01,2.226959e+01,2.225584e+01,2.222833e+01,2.222145e+01,2.211821e+01,2.221457e+01,2.215263e+01,2.230396e+01,2.216640e+01,2.219393e+01,2.217328e+01,2.215952e+01,2.211132e+01,2.204932e+01,2.203554e+01,2.200107e+01,2.198729e+01,2.193211e+01,2.206999e+01,2.188381e+01,2.192521e+01,2.187691e+01,2.186310e+01,2.191831e+01,2.178713e+01,2.188381e+01,2.179404e+01,2.185620e+01,2.201486e+01,2.189071e+01,2.197349e+01,2.182858e+01,2.177332e+01,2.192521e+01,2.207688e+01,2.194591e+01,2.195970e+01,2.198729e+01,2.194591e+01,2.202176e+01,2.208377e+01,2.195280e+01,2.202176e+01,2.202865e+01,2.196660e+01,2.194591e+01,2.205621e+01,2.202176e+01,2.212509e+01,2.199418e+01,2.211132e+01,2.211132e+01,2.215952e+01,2.218705e+01,2.221457e+01,2.214575e+01,2.217328e+01,2.216640e+01,2.207688e+01,2.218016e+01,2.215952e+01,2.213198e+01,2.215952e+01,2.219393e+01,2.212509e+01,2.222833e+01,2.203554e+01,2.213198e+01,2.212509e+01,2.210443e+01,2.200797e+01,2.215952e+01,2.202865e+01,2.211821e+01,2.217328e+01,2.218705e+01,2.212509e+01,2.214575e+01,2.215263e+01,2.210443e+01,2.209066e+01,2.210443e+01,2.214575e+01,2.211821e+01,2.223520e+01,2.214575e+01,2.220081e+01,2.219393e+01,2.216640e+01,2.214575e+01,2.203554e+01,2.206310e+01,2.210443e+01,2.209066e+01,2.217328e+01,2.207688e+01,2.211821e+01,2.206310e+01,2.215952e+01,2.202176e+01,2.201486e+01,2.195970e+01,2.205621e+01,2.202176e+01,2.203554e+01,2.205621e+01,2.202176e+01,2.204243e+01,2.199418e+01,2.202865e+01,2.201486e+01,2.195970e+01,2.189071e+01,2.191141e+01,2.198729e+01,2.189071e+01,2.190451e+01,2.200797e+01,2.191831e+01,2.195970e+01,2.191831e+01,2.191141e+01,2.196660e+01,2.198729e+01,2.188381e+01,2.197349e+01,2.195970e+01,2.196660e+01,2.198729e+01,2.192521e+01,2.198729e+01,2.195280e+01,2.191831e+01,2.200107e+01,2.191831e+01,2.197349e+01,2.199418e+01,2.200797e+01,2.189071e+01,2.186310e+01,2.194591e+01,2.189071e+01,2.189761e+01,2.197349e+01,2.189071e+01,2.187691e+01,2.189071e+01,2.192521e+01,2.184239e+01,2.184239e+01,2.203554e+01,2.205621e+01,2.199418e+01,2.205621e+01,2.197349e+01,2.195280e+01,2.204243e+01,2.198039e+01,2.197349e+01,2.195280e+01,2.210443e+01,2.211132e+01,2.213886e+01,2.214575e+01,2.217328e+01,2.211821e+01,2.209066e+01,2.212509e+01,2.218016e+01,2.202176e+01,2.208377e+01,2.211132e+01,2.204243e+01,2.208377e+01,2.202176e+01,2.205621e+01,2.193211e+01,2.180786e+01,2.185620e+01,2.191141e+01,2.180786e+01,2.175258e+01,2.177332e+01,2.185620e+01,2.185620e+01,2.169037e+01,2.185620e+01,2.165579e+01,2.173876e+01,2.182858e+01,2.167654e+01,2.175258e+01,2.157274e+01,2.172494e+01,2.174567e+01,2.176641e+01,2.164195e+01,2.169728e+01,2.164887e+01,2.162811e+01,2.158659e+01,2.168345e+01,2.171111e+01,2.174567e+01,2.159351e+01,2.163503e+01,2.180786e+01,2.173185e+01,2.178713e+01,2.180095e+01,2.181476e+01,2.184929e+01,2.182858e+01,2.187000e+01,2.198729e+01,2.198729e+01,2.202176e+01,2.200797e+01,2.220769e+01,2.206310e+01,2.203554e+01,2.214575e+01,2.211821e+01,2.211821e+01,2.218016e+01,2.204243e+01,2.231084e+01,2.216640e+01,2.222833e+01,2.226959e+01,2.213886e+01,2.219393e+01,2.215952e+01,2.213886e+01,2.236581e+01,2.228334e+01,2.226959e+01,2.224208e+01,2.229022e+01,2.225584e+01,2.227647e+01,2.229709e+01,2.232458e+01,2.236581e+01,2.214575e+01,2.218705e+01,2.226271e+01,2.224896e+01,2.229022e+01,2.211821e+01,2.228334e+01,2.230396e+01,2.221457e+01,2.219393e+01,2.209066e+01,2.240015e+01,2.222833e+01,2.205621e+01,2.222145e+01,2.228334e+01,2.224208e+01,2.226959e+01,2.220081e+01,2.213886e+01,2.221457e+01,2.229022e+01,2.218016e+01,2.235894e+01,2.220081e+01,2.213886e+01,2.220769e+01,2.223520e+01,2.224208e+01,2.235207e+01,2.220081e+01,2.236581e+01,2.202865e+01,2.214575e+01,2.233146e+01,2.218705e+01,2.220769e+01,2.220081e+01,2.204243e+01,2.240702e+01
2.253055e+01,2.248939e+01,2.253055e+01,2.248939e+01,2.266078e+01,2.247566e+01,2.266078e+01,2.265392e+01,2.248252e+01,2.244821e+01,2.257169e+01,2.259911e+01,2.260596e+01,2.254426e+01,2.253741e+01,2.261967e+01,2.253741e+01,2.265392e+01,2.270187e+01,2.257169e+01,2.275663e+01,2.258540e+01,2.258540e+01,2.256483e+01,2.251683e+01,2.257169e+01,2.264022e+01,2.267447e+01,2.259911e+01,2.249625e+01,2.269502e+01,2.252369e+01,2.256483e+01,2.257169e+01,2.257854e+01,2.253741e+01,2.236581e+01,2.258540e+01,2.258540e+01,2.252369e+01,2.248939e+01,2.246194e+01,2.251683e+01,2.262652e+01,2.250997e+01,2.251683e+01,2.255112e+01,2.242762e+01,2.259911e+01,2.242075e+01,2.248939e+01,2.246194e+01,2.240702e+01,2.247566e+01,2.244135e+01,2.246194e+01,2.248252e+01,2.248939e+01,2.225584e+01,2.244821e+01,2.250311e+01,2.244821e+01,2.237955e+01,2.246880e+01,2.242762e+01,2.251683e+01,2.246194e+01,2.253055e+01,2.251683e+01,2.255798e+01,2.269502e+01,2.305730e+01,2.377807e+01,2.312551e+01,2.251683e+01,2.236581e+01,2.225584e+01,2.229022e+01,2.239328e+01,2.234520e+01,2.233146e+01,2.231084e+01,2.244821e+01,2.239328e+01,2.233833e+01,2.242075e+01,2.229022e+01,2.226271e+01,2.240702e+01,2.241389e+01,2.224896e+01,2.241389e+01,2.240702e+01,2.231771e+01,2.229022e+01,2.233833e+01,2.241389e+01,2.234520e+01,2.233833e+01,2.229022e+01,2.241389e+01,2.242762e+01,2.227647e+01,2.252369e+01,2.248939e+01,2.245507e+01,2.259225e+01,2.258540e+01,2.296173e+01,2.326861e+01,2.336390e+01,2.342511e+01,2.328223e+01,2.341151e+01,2.346590e+01,2.338431e+01,2.348629e+01,2.342511e+01,2.338431e+01,2.330265e+01,2.337070e+01,2.341151e+01,2.331627e+01,2.326180e+01,2.332307e+01,2.326180e+01,2.327542e+01,2.336390e+01,2.341151e+01,2.342511e+01,2.332307e+01,2.349308e+01,2.349308e+01,2.343871e+01,2.341831e+01,2.339791e+01,2.334349e+01,2.334349e+01,2.341831e+01,2.356779e+01,2.345230e+01,2.356101e+01,2.349988e+01,2.356779e+01,2.339111e+01,2.362210e+01,2.356101e+01,2.354063e+01,2.354063e+01,2.360853e+01,2.372384e+01,2.364924e+01,2.366959e+01,2.366281e+01,2.377807e+01,2.370350e+01,2.372384e+01,2.368316e+01,2.371706e+01,2.377807e+01,2.371028e+01,2.379162e+01,2.368994e+01,2.376451e+01,2.379162e+01,2.371706e+01,2.373740e+01,2.375774e+01,2.388643e+01,2.373740e+01,2.365602e+01,2.357458e+01,2.358816e+01,2.365602e+01,2.364246e+01,2.353384e+01,2.353384e+01,2.358138e+01,2.341831e+01,2.340471e+01,2.324137e+01,2.345230e+01,2.323456e+01,2.342511e+01,2.339791e+01,2.326861e+01,2.296856e+01,2.253741e+01,2.228334e+01,2.222145e+01,2.222145e+01,2.223520e+01,2.223520e+01,2.216640e+01,2.221457e+01,2.222145e+01,2.224896e+01,2.219393e+01,2.220081e+01,2.233833e+01,2.223520e+01,2.220769e+01,2.234520e+01,2.225584e+01,2.250311e+01,2.277716e+01,2.260596e+01,2.285923e+01,2.285239e+01,2.274294e+01,2.295490e+01,2.331627e+01,2.390673e+01,2.294807e+01,2.287974e+01,2.272241e+01,2.260596e+01,2.277032e+01,2.296856e+01,2.320731e+01,2.320049e+01,2.315960e+01,2.318005e+01,2.308459e+01,2.303683e+01,2.250311e+01,2.276347e+01,2.353384e+01,2.632175e+01,2.443328e+01,2.376451e+01,2.513791e+01,2.629529e+01,2.688900e+01,2.686926e+01,2.478954e+01,2.436592e+01,2.367638e+01,2.368316e+01,2.284555e+01,2.243448e+01,2.218705e+01,2.197349e+01,2.182167e+01,2.277716e+01,2.261282e+01,2.283872e+01,2.281820e+01,2.280452e+01,2.280452e+01,2.304365e+01,2.328904e+01,2.380517e+01,2.486333e+01,2.423782e+01,2.414333e+01,2.408254e+01,2.353384e+01,2.350667e+01,2.328904e+01,2.315278e+01,2.358138e+01,2.322093e+01,2.361531e+01,2.412983e+01,2.408930e+01,2.337070e+01,2.343871e+01,2.336390e+01,2.307095e+01,2.337070e+01,2.349308e+01,2.349308e+01,2.327542e+01,2.327542e+01,2.316642e+01,2.306412e+01,2.288657e+01,2.285239e+01,2.312551e+01,2.399467e+01,2.612315e+01,2.477612e+01,2.357458e+01,2.283872e+01,2.233146e+01,2.252369e+01,2.231084e+01,2.303000e+01,2.279084e+01,2.255798e+01,2.257169e+01,2.255112e+01,2.270187e+01,2.386612e+01,2.294123e+01,2.244135e+01,2.250311e+01,2.259911e+01,2.294123e+01,2.290707e+01,2.272241e+01,2.302318e+01,2.309823e+01,2.330946e+01,2.324818e+01,2.305048e+01,2.275663e+01,2.265392e+01,2.257854e+01,2.254426e+01,2.256483e+01,2.240702e+01,2.249625e+01,2.257854e+01,2.248252e+01,2.253055e+01,2.254426e+01,2.258540e+01,2.235894e+01,2.244135e+01,2.246194e+01,2.256483e+01,2.246194e+01,2.252369e+01,2.255112e+01,2.240702e+01,2.245507e+01,2.245507e+01,2.245507e+01,2.240015e+01,2.248939e+01,2.252369e+01,2.242762e+01,2.246194e+01,2.254426e+01,2.247566e+01,2.246194e+01,2.250311e+01,2.245507e+01,2.249625e+01,2.244135e+01,2.238642e+01,2.240702e+01,2.225584e+01,2.228334e+01,2.235207e+01,2.228334e+01,2.233833e+01,2.232458e+01,2.232458e+01,2.228334e+01,2.227647e+01,2.226959e+01,2.225584e+01,2.223520e+01,2.225584e+01,2.221457e+01,2.226959e+01,2.226959e+01,2.222145e+01,2.220769e+01,2.220081e+01,2.217328e+01,2.213198e+01,2.207688e+01,2.218705e+01,2.214575e+01,2.218016e+01,2.201486e+01,2.200107e+01,2.195280e+01,2.197349e+01,2.194591e+01,2.195970e+01,2.198039e+01,2.191831e+01,2.189071e+01,2.195970e+01,2.172494e+01,2.193211e+01,2.188381e+01,2.179404e+01,2.193901e+01,2.179404e+01,2.178022e+01,2.183548e+01,2.185620e+01,2.192521e+01,2.185620e+01,2.193901e+01,2.203554e+01,2.205621e+01,2.193211e+01,2.195970e+01,2.204243e+01,2.200107e+01,2.202176e+01,2.210443e+01,2.209755e+01,2.233833e+01,2.208377e+01,2.207688e+01,2.199418e+01,2.208377e+01,2.209755e+01,2.199418e+01,2.211821e+01,2.212509e+01,2.208377e+01,2.222145e+01,2.210443e+01,2.224208e+01,2.207688e+01,2.218016e+01,2.211821e+01,2.207688e+01,2.217328e+01,2.209755e+01,2.211132e+01,2.209066e+01,2.210443e+01,2.208377e+01,2.209755e+01,2.207688e+01,2.209755e+01,2.204932e+01,2.213886e+01,2.215952e+01,2.200107e+01,2.216640e+01,2.201486e+01,2.217328e+01,2.211821e+01,2.215263e+01,2.209066e+01,2.226959e+01,2.235207e+01,2.212509e+01,2.211821e+01,2.219393e+01,2.213886e+01,2.213198e+01,2.215263e+01,2.207688e+01,2.218016e+01,2.214575e+01,2.209066e+01,2.222833e+01,2.209066e+01,2.207688e+01,2.209066e+01,2.208377e+01,2.204932e+01,2.212509e+01,2.202865e+01,2.217328e+01,2.213198e+01,2.209066e+01,2.201486e+01,2.207688e+01,2.202176e+01,2.202176e+01,2.202176e+01,2.195280e+01,2.200107e+01,2.188381e+01,2.191831e+01,2.199418e+01,2.194591e+01,2.191831e+01,2.198039e+01,2.193901e+01,2.182167e+01,2.193211e+01,2.193901e+01,2.193901e+01,2.183548e+01,2.192521e+01,2.194591e+01,2.195280e+01,2.193211e+01,2.195280e+01,2.202176e+01,2.202176e+01,2.189761e+01,2.193901e+01,2.200797e+01,2.195970e+01,2.195970e+01,2.190451e+01,2.189761e+01,2.200797e+01,2.197349e+01,2.193211e+01,2.198039e+01,2.200107e+01,2.190451e+01,2.189761e+01,2.191141e+01,2.186310e+01,2.189761e+01,2.182858e+01,2.189071e+01,2.195970e+01,2.184929e+01,2.198729e+01,2.203554e+01,2.192521e+01,2.208377e+01,2.198729e+01,2.194591e+01,2.204243e+01,2.206310e+01,2.206999e+01,2.202176e+01,2.209066e+01,2.209755e+01,2.210443e+01,2.215263e+01,2.214575e+01,2.202865e+01,2.213886e+01,2.218705e+01,2.212509e+01,2.199418e+01,2.206310e+01,2.211821e+01,2.212509e+01,2.204932e+01,2.205621e+01,2.206999e+01,2.190451e+01,2.193211e+01,2.200107e+01,2.194591e+01,2.180786e+01,2.195280e+01,2.184929e+01,2.175258e+01,2.171111e+01,2.178713e+01,2.168345e+01,2.169037e+01,2.167654e+01,2.183548e+01,2.173876e+01,2.179404e+01,2.177332e+01,2.167654e+01,2.161427e+01,2.162811e+01,2.169728e+01,2.169037e+01,2.168345e+01,2.160735e+01,2.168345e+01,2.157274e+01,2.171802e+01,2.159351e+01,2.177332e+01,2.182167e+01,2.166270e+01,2.161427e+01,2.182858e+01,2.175949e+01,2.191141e+01,2.188381e+01,2.197349e+01,2.189761e+01,2.189761e+01,2.191141e+01,2.202865e+01,2.200797e+01,2.209066e+01,2.209755e+01,2.199418e+01,2.211821e+01,2.215263e+01,2.211821e+01,2.214575e+01,2.215952e+01,2.212509e+01,2.220081e+01,2.221457e+01,2.218705e+01,2.234520e+01,2.221457e+01,2.214575e+01,2.231771e+01,2.223520e+01,2.229022e+01,2.222833e+01,2.227647e+01,2.230396e+01,2.228334e+01,2.226959e+01,2.233833e+01,2.218705e+01,2.226959e+01,2.224208e+01,2.233146e+01,2.227647e+01,2.220769e+01,2.224896e+01,2.225584e+01,2.229022e+01,2.228334e+01,2.225584e+01,2.240015e+01,2.220769e+01,2.237955e+01,2.222833e+01,2.222833e+01,2.224208e+01,2.226271e+01,2.217328e+01,2.222145e+01,2.219393e+01,2.219393e+01,2.225584e+01,2.222145e+01,2.200797e+01,2.215952e+01,2.221457e+01,2.227647e+01,2.242075e+01,2.232458e+01,2.220081e+01,2.233833e+01,2.226271e+01,2.232458e+01,2.232458e+01,2.229709e+01,2.215952e+01,2.224896e+01,2.226959e+01,2.225584e+01,2.228334e+01,2.233146e+01
2.236581e+01,2.254426e+01,2.241389e+01,2.242075e+01,2.255798e+01,2.253055e+01,2.259911e+01,2.248252e+01,2.254426e+01,2.256483e+01,2.249625e+01,2.270871e+01,2.251683e+01,2.258540e+01,2.255798e+01,2.271556e+01,2.262652e+01,2.273610e+01,2.268817e+01,2.248939e+01,2.261967e+01,2.249625e+01,2.255798e+01,2.255112e+01,2.272925e+01,2.260596e+01,2.259911e+01,2.266763e+01,2.251683e+01,2.257169e+01,2.256483e+01,2.246194e+01,2.264022e+01,2.263337e+01,2.261282e+01,2.257169e+01,2.257169e+01,2.259911e+01,2.257169e+01,2.257854e+01,2.253055e+01,2.246880e+01,2.250997e+01,2.254426e+01,2.248252e+01,2.248252e+01,2.257169e+01,2.247566e+01,2.266078e+01,2.243448e+01,2.244821e+01,2.249625e+01,2.253741e+01,2.249625e+01,2.248939e+01,2.242762e+01,2.240702e+01,2.255798e+01,2.248939e+01,2.247566e+01,2.237268e+01,2.248939e+01,2.236581e+01,2.250311e+01,2.242075e+01,2.242075e+01,2.250311e+01,2.258540e+01,2.250997e+01,2.274978e+01,2.281136e+01,2.304365e+01,2.425806e+01,2.426480e+01,2.279768e+01,2.242762e+01,2.243448e+01,2.236581e+01,2.237268e+01,2.230396e+01,2.240702e+01,2.245507e+01,2.240015e+01,2.244821e+01,2.242762e+01,2.252369e+01,2.224896e+01,2.246194e+01,2.241389e+01,2.242762e+01,2.246880e+01,2.237268e+01,2.240015e+01,2.243448e+01,2.241389e+01,2.249625e+01,2.235207e+01,2.240015e+01,2.240015e+01,2.241389e+01,2.262652e+01,2.253741e+01,2.264022e+01,2.266763e+01,2.273610e+01,2.268817e+01,2.255112e+01,2.296173e+01,2.310505e+01,2.322775e+01,2.332307e+01,2.326180e+01,2.337070e+01,2.330946e+01,2.346590e+01,2.347949e+01,2.339791e+01,2.337070e+01,2.332307e+01,2.329585e+01,2.320049e+01,2.309823e+01,2.311187e+01,2.311187e+01,2.323456e+01,2.326861e+01,2.333668e+01,2.332307e+01,2.337070e+01,2.333668e+01,2.343871e+01,2.354063e+01,2.347949e+01,2.351346e+01,2.358138e+01,2.338431e+01,2.337070e+01,2.342511e+01,2.345230e+01,2.339791e+01,2.350667e+01,2.353384e+01,2.356779e+01,2.363567e+01,2.364924e+01,2.356779e+01,2.351346e+01,2.352026e+01,2.368316e+01,2.371706e+01,2.376451e+01,2.372384e+01,2.371028e+01,2.366281e+01,2.381194e+01,2.381194e+01,2.377129e+01,2.376451e+01,2.365602e+01,2.368316e+01,2.371028e+01,2.379162e+01,2.372384e+01,2.387966e+01,2.368994e+01,2.378484e+01,2.383226e+01,2.373740e+01,2.374418e+01,2.362210e+01,2.371706e+01,2.358138e+01,2.368316e+01,2.358816e+01,2.377129e+01,2.352705e+01,2.352705e+01,2.369672e+01,2.368994e+01,2.358138e+01,2.339791e+01,2.324137e+01,2.325499e+01,2.327542e+01,2.343191e+01,2.326861e+01,2.309823e+01,2.267447e+01,2.213198e+01,2.225584e+01,2.228334e+01,2.224208e+01,2.242762e+01,2.222145e+01,2.224896e+01,2.223520e+01,2.233146e+01,2.226271e+01,2.223520e+01,2.221457e+01,2.221457e+01,2.220769e+01,2.223520e+01,2.223520e+01,2.250997e+01,2.275663e+01,2.276347e+01,2.287290e+01,2.292074e+01,2.296856e+01,2.313915e+01,2.339791e+01,2.387289e+01,2.296856e+01,2.287290e+01,2.290024e+01,2.292757e+01,2.294123e+01,2.290707e+01,2.296856e+01,2.298904e+01,2.289341e+01,2.257854e+01,2.272241e+01,2.372384e+01,2.307095e+01,2.255798e+01,2.255798e+01,2.281136e+01,2.280452e+01,2.233146e+01,2.265392e+01,2.313233e+01,2.417709e+01,2.527159e+01,2.379162e+01,2.363567e+01,2.360174e+01,2.304365e+01,2.246880e+01,2.230396e+01,2.200797e+01,2.180786e+01,2.187000e+01,2.190451e+01,2.290024e+01,2.321412e+01,2.335029e+01,2.313233e+01,2.252369e+01,2.253055e+01,2.260596e+01,2.290707e+01,2.291391e+01,2.311187e+01,2.357458e+01,2.476941e+01,2.535839e+01,2.444001e+01,2.444001e+01,2.402172e+01,2.346590e+01,2.292757e+01,2.281136e+01,2.347949e+01,2.374418e+01,2.348629e+01,2.368316e+01,2.364924e+01,2.337751e+01,2.359495e+01,2.330946e+01,2.320049e+01,2.348629e+01,2.328904e+01,2.347269e+01,2.423107e+01,2.346590e+01,2.343871e+01,2.457458e+01,2.632836e+01,2.634159e+01,2.325499e+01,2.242075e+01,2.237955e+01,2.224896e+01,2.233833e+01,2.251683e+01,2.306412e+01,2.341151e+01,2.313915e+01,2.305730e+01,2.303000e+01,2.337751e+01,2.422433e+01,2.276347e+01,2.224208e+01,2.189761e+01,2.209755e+01,2.251683e+01,2.291391e+01,2.264708e+01,2.308459e+01,2.307777e+01,2.326180e+01,2.324818e+01,2.330946e+01,2.263337e+01,2.266078e+01,2.263337e+01,2.239328e+01,2.245507e+01,2.250311e+01,2.246194e+01,2.254426e+01,2.259225e+01,2.255798e+01,2.245507e+01,2.249625e+01,2.264708e+01,2.246194e+01,2.259911e+01,2.247566e+01,2.250311e+01,2.256483e+01,2.244135e+01,2.249625e+01,2.244135e+01,2.250311e+01,2.256483e+01,2.245507e+01,2.246880e+01,2.254426e+01,2.241389e+01,2.244821e+01,2.250997e+01,2.240702e+01,2.242075e+01,2.249625e+01,2.246880e+01,2.242762e+01,2.242075e+01,2.225584e+01,2.240702e+01,2.240015e+01,2.222833e+01,2.234520e+01,2.229709e+01,2.233146e+01,2.227647e+01,2.224208e+01,2.222833e+01,2.235894e+01,2.218016e+01,2.223520e+01,2.242075e+01,2.224208e+01,2.224208e+01,2.224896e+01,2.215952e+01,2.220769e+01,2.227647e+01,2.215952e+01,2.218016e+01,2.215952e+01,2.209755e+01,2.209755e+01,2.205621e+01,2.204932e+01,2.207688e+01,2.200797e+01,2.196660e+01,2.206999e+01,2.193901e+01,2.196660e+01,2.192521e+01,2.191831e+01,2.195280e+01,2.172494e+01,2.189761e+01,2.191141e+01,2.192521e+01,2.175258e+01,2.183548e+01,2.175258e+01,2.200797e+01,2.184929e+01,2.188381e+01,2.202176e+01,2.185620e+01,2.200797e+01,2.195970e+01,2.191831e+01,2.194591e+01,2.202865e+01,2.195970e+01,2.215263e+01,2.198729e+01,2.192521e+01,2.209755e+01,2.206310e+01,2.206999e+01,2.200797e+01,2.206310e+01,2.206310e+01,2.204243e+01,2.210443e+01,2.213198e+01,2.228334e+01,2.218016e+01,2.224896e+01,2.223520e+01,2.219393e+01,2.218016e+01,2.215952e+01,2.209066e+01,2.210443e+01,2.213198e+01,2.212509e+01,2.205621e+01,2.211821e+01,2.209066e+01,2.210443e+01,2.200797e+01,2.209066e+01,2.206999e+01,2.204932e+01,2.208377e+01,2.214575e+01,2.218016e+01,2.211132e+01,2.206999e+01,2.211132e+01,2.211132e+01,2.213886e+01,2.211132e+01,2.192521e+01,2.211132e+01,2.213198e+01,2.218016e+01,2.217328e+01,2.218016e+01,2.215952e+01,2.205621e+01,2.210443e+01,2.208377e+01,2.212509e+01,2.206999e+01,2.212509e+01,2.220081e+01,2.209066e+01,2.209755e+01,2.209066e+01,2.213198e+01,2.213886e+01,2.215952e+01,2.211132e+01,2.203554e+01,2.198039e+01,2.197349e+01,2.205621e+01,2.206310e+01,2.202865e+01,2.198729e+01,2.197349e+01,2.192521e+01,2.191831e+01,2.193901e+01,2.195280e+01,2.199418e+01,2.194591e+01,2.191831e+01,2.189761e+01,2.199418e+01,2.195280e+01,2.194591e+01,2.182167e+01,2.200797e+01,2.194591e+01,2.195280e+01,2.204243e+01,2.199418e+01,2.204932e+01,2.197349e+01,2.193211e+01,2.198039e+01,2.201486e+01,2.203554e+01,2.199418e+01,2.193901e+01,2.193211e+01,2.203554e+01,2.187000e+01,2.196660e+01,2.200797e+01,2.197349e+01,2.197349e+01,2.190451e+01,2.199418e+01,2.195280e+01,2.193211e+01,2.187691e+01,2.184239e+01,2.186310e+01,2.193211e+01,2.191141e+01,2.195970e+01,2.206310e+01,2.207688e+01,2.209066e+01,2.206310e+01,2.210443e+01,2.196660e+01,2.200797e+01,2.195970e+01,2.200107e+01,2.204932e+01,2.212509e+01,2.210443e+01,2.202176e+01,2.210443e+01,2.200107e+01,2.224896e+01,2.208377e+01,2.226959e+01,2.204932e+01,2.215952e+01,2.214575e+01,2.213198e+01,2.204932e+01,2.209066e+01,2.193901e+01,2.197349e+01,2.197349e+01,2.186310e+01,2.189761e+01,2.186310e+01,2.186310e+01,2.181476e+01,2.189071e+01,2.171802e+01,2.166962e+01,2.190451e+01,2.174567e+01,2.178713e+01,2.162811e+01,2.169037e+01,2.172494e+01,2.178713e+01,2.175258e+01,2.172494e+01,2.170420e+01,2.167654e+01,2.162119e+01,2.166270e+01,2.168345e+01,2.160043e+01,2.164195e+01,2.171802e+01,2.160735e+01,2.166270e+01,2.178713e+01,2.167654e+01,2.168345e+01,2.167654e+01,2.171802e+01,2.173185e+01,2.181476e+01,2.177332e+01,2.205621e+01,2.198039e+01,2.200107e+01,2.200797e+01,2.207688e+01,2.206999e+01,2.207688e+01,2.204932e+01,2.205621e+01,2.214575e+01,2.216640e+01,2.209066e+01,2.208377e+01,2.215952e+01,2.219393e+01,2.218016e+01,2.216640e+01,2.213886e+01,2.220769e+01,2.231771e+01,2.229709e+01,2.224896e+01,2.222833e+01,2.224208e+01,2.224896e+01,2.222145e+01,2.218705e+01,2.227647e+01,2.214575e+01,2.221457e+01,2.226271e+01,2.224208e+01,2.227647e+01,2.224208e+01,2.224896e+01,2.217328e+01,2.217328e+01,2.222145e+01,2.239328e+01,2.215952e+01,2.227647e+01,2.223520e+01,2.215952e+01,2.224208e+01,2.205621e+01,2.206310e+01,2.206310e+01,2.219393e+01,2.217328e+01,2.220081e+01,2.223520e+01,2.219393e+01,2.215263e+01,2.217328e+01,2.213886e+01,2.227647e+01,2.221457e+01,2.226959e+01,2.227647e+01,2.225584e+01,2.225584e+01,2.222833e+01,2.232458e+01,2.230396e+01,2.229022e+01,2.211132e+01,2.221457e+01,2.221457e+01,2.216640e+01,2.215263e+01,2.233146e+01
2.252369e+01,2.243448e+01,2.251683e+01,2.254426e+01,2.253055e+01,2.253741e+01,2.253055e+01,2.253741e+01,2.259911e+01,2.252369e+01,2.247566e+01,2.255798e+01,2.258540e+01,2.266078e+01,2.269502e+01,2.269502e+01,2.259225e+01,2.254426e+01,2.272241e+01,2.260596e+01,2.253741e+01,2.256483e+01,2.257854e+01,2.261282e+01,2.261967e+01,2.261282e+01,2.255798e+01,2.259225e+01,2.253741e+01,2.253055e+01,2.268132e+01,2.253741e+01,2.246880e+01,2.247566e+01,2.262652e+01,2.259225e+01,2.257854e+01,2.256483e+01,2.255112e+01,2.248939e+01,2.250997e+01,2.253055e+01,2.248252e+01,2.250311e+01,2.258540e+01,2.261967e+01,2.253055e+01,2.249625e+01,2.253055e+01,2.250997e+01,2.253055e+01,2.253741e+01,2.255112e+01,2.262652e+01,2.244821e+01,2.238642e+01,2.250311e+01,2.250997e+01,2.254426e+01,2.244135e+01,2.250311e+01,2.248252e+01,2.237268e+01,2.232458e+01,2.242762e+01,2.244135e+01,2.255112e+01,2.246194e+01,2.252369e+01,2.264022e+01,2.256483e+01,2.298904e+01,2.373062e+01,2.497057e+01,2.307095e+01,2.244135e+01,2.245507e+01,2.240015e+01,2.238642e+01,2.235207e+01,2.240702e+01,2.246880e+01,2.238642e+01,2.240702e+01,2.235894e+01,2.244135e+01,2.241389e+01,2.242762e+01,2.261282e+01,2.242075e+01,2.241389e+01,2.256483e+01,2.257169e+01,2.261967e+01,2.237955e+01,2.262652e+01,2.274978e+01,2.260596e+01,2.259225e+01,2.261967e+01,2.274294e+01,2.275663e+01,2.286607e+01,2.294807e+01,2.290024e+01,2.303683e+01,2.313915e+01,2.323456e+01,2.317323e+01,2.329585e+01,2.330946e+01,2.333668e+01,2.340471e+01,2.345230e+01,2.353384e+01,2.348629e+01,2.339111e+01,2.337751e+01,2.343191e+01,2.334349e+01,2.327542e+01,2.331627e+01,2.309141e+01,2.332988e+01,2.326180e+01,2.329585e+01,2.328904e+01,2.341831e+01,2.343191e+01,2.358816e+01,2.368316e+01,2.371028e+01,2.371028e+01,2.365602e+01,2.352026e+01,2.358816e+01,2.365602e+01,2.334349e+01,2.360853e+01,2.347949e+01,2.345910e+01,2.355421e+01,2.364246e+01,2.354063e+01,2.354742e+01,2.352705e+01,2.366281e+01,2.357458e+01,2.366281e+01,2.362210e+01,2.367638e+01,2.379162e+01,2.365602e+01,2.366281e+01,2.372384e+01,2.366281e+01,2.368316e+01,2.382549e+01,2.371028e+01,2.372384e+01,2.368994e+01,2.375774e+01,2.381872e+01,2.373740e+01,2.372384e+01,2.383903e+01,2.383903e+01,2.382549e+01,2.366959e+01,2.384581e+01,2.372384e+01,2.365602e+01,2.358138e+01,2.354742e+01,2.368316e+01,2.376451e+01,2.373062e+01,2.379839e+01,2.378484e+01,2.356779e+01,2.366959e+01,2.341151e+01,2.322775e+01,2.328904e+01,2.343191e+01,2.327542e+01,2.307095e+01,2.258540e+01,2.214575e+01,2.241389e+01,2.225584e+01,2.234520e+01,2.220769e+01,2.218705e+01,2.223520e+01,2.222145e+01,2.242762e+01,2.229709e+01,2.235207e+01,2.233146e+01,2.229709e+01,2.233146e+01,2.239328e+01,2.233146e+01,2.254426e+01,2.263337e+01,2.271556e+01,2.287974e+01,2.281820e+01,2.313233e+01,2.311187e+01,2.325499e+01,2.335710e+01,2.305730e+01,2.320049e+01,2.304365e+01,2.369672e+01,2.470227e+01,2.333668e+01,2.345910e+01,2.319368e+01,2.292757e+01,2.311187e+01,2.308459e+01,2.372384e+01,2.412983e+01,2.271556e+01,2.255112e+01,2.215263e+01,2.212509e+01,2.195280e+01,2.197349e+01,2.209066e+01,2.235207e+01,2.298904e+01,2.320049e+01,2.359495e+01,2.335710e+01,2.286607e+01,2.226959e+01,2.224896e+01,2.226959e+01,2.235207e+01,2.214575e+01,2.235207e+01,2.310505e+01,2.339791e+01,2.328223e+01,2.281136e+01,2.242762e+01,2.219393e+01,2.206310e+01,2.245507e+01,2.288657e+01,2.362889e+01,2.420408e+01,2.433896e+01,2.463508e+01,2.627544e+01,2.574479e+01,2.555843e+01,2.468212e+01,2.353384e+01,2.264708e+01,2.264022e+01,2.300270e+01,2.320049e+01,2.362210e+01,2.382549e+01,2.358138e+01,2.355421e+01,2.311869e+01,2.355421e+01,2.352026e+01,2.349308e+01,2.339791e+01,2.420408e+01,2.424457e+01,2.397439e+01,2.491026e+01,2.632175e+01,2.501076e+01,2.347949e+01,2.320731e+01,2.255798e+01,2.256483e+01,2.247566e+01,2.273610e+01,2.349308e+01,2.349988e+01,2.341831e+01,2.335029e+01,2.364924e+01,2.387966e+01,2.295490e+01,2.202865e+01,2.175258e+01,2.145498e+01,2.157274e+01,2.187000e+01,2.195280e+01,2.219393e+01,2.265392e+01,2.271556e+01,2.300953e+01,2.328223e+01,2.300270e+01,2.298904e+01,2.279768e+01,2.269502e+01,2.248939e+01,2.257854e+01,2.248939e+01,2.246194e+01,2.250997e+01,2.256483e+01,2.248939e+01,2.253741e+01,2.250997e+01,2.246194e+01,2.256483e+01,2.248252e+01,2.248939e+01,2.254426e+01,2.255798e+01,2.248939e+01,2.253055e+01,2.257169e+01,2.258540e+01,2.244135e+01,2.253055e+01,2.255798e+01,2.257854e+01,2.247566e+01,2.255798e+01,2.245507e+01,2.242075e+01,2.244135e+01,2.248939e+01,2.242762e+01,2.248939e+01,2.240015e+01,2.243448e+01,2.245507e+01,2.226271e+01,2.238642e+01,2.226959e+01,2.231084e+01,2.226271e+01,2.235894e+01,2.224896e+01,2.235207e+01,2.223520e+01,2.240015e+01,2.222145e+01,2.222145e+01,2.220081e+01,2.223520e+01,2.226271e+01,2.224896e+01,2.217328e+01,2.215952e+01,2.218705e+01,2.227647e+01,2.218016e+01,2.215263e+01,2.216640e+01,2.206999e+01,2.203554e+01,2.202176e+01,2.202865e+01,2.205621e+01,2.196660e+01,2.197349e+01,2.190451e+01,2.195280e+01,2.187000e+01,2.182167e+01,2.181476e+01,2.191141e+01,2.197349e+01,2.191831e+01,2.195280e+01,2.178022e+01,2.189761e+01,2.195280e+01,2.175949e+01,2.185620e+01,2.189071e+01,2.174567e+01,2.194591e+01,2.195280e+01,2.201486e+01,2.187691e+01,2.195970e+01,2.213886e+01,2.216640e+01,2.215263e+01,2.215263e+01,2.200107e+01,2.194591e+01,2.208377e+01,2.206310e+01,2.206999e+01,2.210443e+01,2.220081e+01,2.228334e+01,2.210443e+01,2.215263e+01,2.216640e+01,2.227647e+01,2.215263e+01,2.225584e+01,2.225584e+01,2.209755e+01,2.210443e+01,2.229709e+01,2.212509e+01,2.223520e+01,2.217328e+01,2.211821e+01,2.212509e+01,2.191831e+01,2.208377e+01,2.211821e+01,2.209066e+01,2.215263e+01,2.211132e+01,2.211821e+01,2.210443e+01,2.206999e+01,2.209755e+01,2.199418e+01,2.206999e+01,2.209066e+01,2.220081e+01,2.208377e+01,2.207688e+01,2.212509e+01,2.213886e+01,2.216640e+01,2.214575e+01,2.215952e+01,2.216640e+01,2.206999e+01,2.210443e+01,2.209755e+01,2.207688e+01,2.209066e+01,2.206999e+01,2.207688e+01,2.211821e+01,2.208377e+01,2.216640e+01,2.211821e+01,2.203554e+01,2.204243e+01,2.200107e+01,2.200107e+01,2.203554e+01,2.201486e+01,2.203554e+01,2.201486e+01,2.187691e+01,2.199418e+01,2.188381e+01,2.191831e+01,2.204243e+01,2.192521e+01,2.198729e+01,2.195970e+01,2.195280e+01,2.187000e+01,2.193901e+01,2.189071e+01,2.192521e+01,2.194591e+01,2.194591e+01,2.196660e+01,2.194591e+01,2.198039e+01,2.197349e+01,2.195970e+01,2.195970e+01,2.193211e+01,2.202176e+01,2.200107e+01,2.198729e+01,2.196660e+01,2.206310e+01,2.194591e+01,2.205621e+01,2.201486e+01,2.202865e+01,2.199418e+01,2.182858e+01,2.192521e+01,2.195970e+01,2.190451e+01,2.191141e+01,2.189761e+01,2.189761e+01,2.189761e+01,2.191831e+01,2.209066e+01,2.189761e+01,2.195970e+01,2.193211e+01,2.193901e+01,2.209066e+01,2.210443e+01,2.204932e+01,2.204932e+01,2.208377e+01,2.202865e+01,2.203554e+01,2.204932e+01,2.215952e+01,2.222833e+01,2.202865e+01,2.206999e+01,2.215952e+01,2.214575e+01,2.231084e+01,2.212509e+01,2.212509e+01,2.211132e+01,2.212509e+01,2.211132e+01,2.217328e+01,2.184239e+01,2.214575e+01,2.213198e+01,2.198039e+01,2.200107e+01,2.190451e+01,2.182167e+01,2.191831e+01,2.191141e+01,2.171802e+01,2.173876e+01,2.178022e+01,2.182858e+01,2.168345e+01,2.172494e+01,2.175949e+01,2.168345e+01,2.174567e+01,2.176641e+01,2.164887e+01,2.158659e+01,2.165579e+01,2.163503e+01,2.164887e+01,2.164887e+01,2.160043e+01,2.167654e+01,2.169037e+01,2.159351e+01,2.153812e+01,2.182167e+01,2.160043e+01,2.166270e+01,2.170420e+01,2.173185e+01,2.171802e+01,2.169037e+01,2.177332e+01,2.185620e+01,2.195970e+01,2.192521e+01,2.193211e+01,2.200797e+01,2.201486e+01,2.193901e+01,2.211821e+01,2.211821e+01,2.209755e+01,2.211132e+01,2.211132e+01,2.204932e+01,2.210443e+01,2.215263e+01,2.220081e+01,2.217328e+01,2.218016e+01,2.217328e+01,2.218016e+01,2.228334e+01,2.228334e+01,2.223520e+01,2.218705e+01,2.221457e+01,2.226271e+01,2.225584e+01,2.221457e+01,2.222833e+01,2.220081e+01,2.215952e+01,2.233146e+01,2.233146e+01,2.224896e+01,2.220081e+01,2.228334e+01,2.220081e+01,2.223520e+01,2.233146e+01,2.220081e+01,2.209755e+01,2.223520e+01,2.220081e+01,2.218016e+01,2.220081e+01,2.220769e+01,2.218016e+01,2.222833e+01,2.224208e+01,2.204243e+01,2.222145e+01,2.220769e+01,2.224896e+01,2.223520e+01,2.214575e+01,2.216640e+01,2.216640e+01,2.217328e+01,2.226271e+01,2.207688e+01,2.229022e+01,2.213886e+01,2.226959e+01,2.218016e+01,2.202176e+01,2.216640e+01,2.224208e+01,2.222833e+01,2.226959e+01,2.215952e+01,2.226959e+01,2.236581e+01
2.251683e+01,2.246880e+01,2.250997e+01,2.255112e+01,2.249625e+01,2.259911e+01,2.253741e+01,2.257169e+01,2.253055e+01,2.259911e+01,2.248939e+01,2.247566e+01,2.255112e+01,2.255798e+01,2.252369e+01,2.256483e+01,2.256483e+01,2.261967e+01,2.269502e+01,2.250997e+01,2.268817e+01,2.261967e+01,2.256483e+01,2.250997e+01,2.254426e+01,2.255112e+01,2.250311e+01,2.255798e+01,2.251683e+01,2.259225e+01,2.257854e+01,2.260596e+01,2.257169e+01,2.259225e+01,2.266763e+01,2.269502e+01,2.272241e+01,2.251683e+01,2.257854e+01,2.256483e+01,2.248939e+01,2.248252e+01,2.248252e+01,2.248939e+01,2.248252e+01,2.261282e+01,2.244135e+01,2.254426e+01,2.248252e+01,2.255112e+01,2.246880e+01,2.242075e+01,2.250311e+01,2.255112e+01,2.250997e+01,2.261967e+01,2.242075e+01,2.240015e+01,2.248252e+01,2.244135e+01,2.240015e+01,2.231084e+01,2.246880e+01,2.238642e+01,2.248252e+01,2.249625e+01,2.244135e+01,2.248252e+01,2.253741e+01,2.248939e+01,2.272241e+01,2.294807e+01,2.339111e+01,2.499067e+01,2.337751e+01,2.235894e+01,2.226271e+01,2.247566e+01,2.244135e+01,2.242762e+01,2.252369e+01,2.238642e+01,2.256483e+01,2.259911e+01,2.259225e+01,2.246194e+01,2.255798e+01,2.250311e+01,2.277032e+01,2.276347e+01,2.277032e+01,2.264708e+01,2.281136e+01,2.272241e+01,2.265392e+01,2.288657e+01,2.290707e+01,2.292757e+01,2.294123e+01,2.303683e+01,2.304365e+01,2.330265e+01,2.331627e+01,2.328904e+01,2.328904e+01,2.326861e+01,2.331627e+01,2.332988e+01,2.332307e+01,2.360853e+01,2.329585e+01,2.361531e+01,2.352705e+01,2.364924e+01,2.358138e+01,2.353384e+01,2.349988e+01,2.340471e+01,2.334349e+01,2.342511e+01,2.334349e+01,2.330946e+01,2.345230e+01,2.328223e+01,2.332307e+01,2.342511e+01,2.336390e+01,2.338431e+01,2.343871e+01,2.360853e+01,2.366281e+01,2.369672e+01,2.369672e+01,2.372384e+01,2.368316e+01,2.367638e+01,2.365602e+01,2.357458e+01,2.367638e+01,2.356101e+01,2.354742e+01,2.347949e+01,2.351346e+01,2.353384e+01,2.360174e+01,2.356101e+01,2.366281e+01,2.367638e+01,2.366959e+01,2.356101e+01,2.368316e+01,2.363567e+01,2.355421e+01,2.383226e+01,2.374418e+01,2.366959e+01,2.373062e+01,2.373740e+01,2.366959e+01,2.373740e+01,2.371028e+01,2.371706e+01,2.367638e+01,2.370350e+01,2.385258e+01,2.371028e+01,2.369672e+01,2.383903e+01,2.369672e+01,2.371028e+01,2.372384e+01,2.373062e+01,2.370350e+01,2.366959e+01,2.367638e+01,2.378484e+01,2.379839e+01,2.375774e+01,2.377129e+01,2.364246e+01,2.345910e+01,2.363567e+01,2.353384e+01,2.337751e+01,2.324137e+01,2.327542e+01,2.324818e+01,2.256483e+01,2.235894e+01,2.231084e+01,2.224208e+01,2.237955e+01,2.223520e+01,2.222145e+01,2.226959e+01,2.238642e+01,2.228334e+01,2.231084e+01,2.233833e+01,2.235207e+01,2.233146e+01,2.225584e+01,2.239328e+01,2.222145e+01,2.255112e+01,2.253741e+01,2.279768e+01,2.285923e+01,2.276347e+01,2.296173e+01,2.313233e+01,2.327542e+01,2.310505e+01,2.297539e+01,2.311187e+01,2.345910e+01,2.456786e+01,2.577139e+01,2.377807e+01,2.377129e+01,2.316642e+01,2.307777e+01,2.320731e+01,2.307095e+01,2.289341e+01,2.368316e+01,2.411632e+01,2.293440e+01,2.234520e+01,2.198039e+01,2.200107e+01,2.197349e+01,2.195280e+01,2.195280e+01,2.227647e+01,2.272241e+01,2.358816e+01,2.294123e+01,2.226271e+01,2.206310e+01,2.178022e+01,2.240015e+01,2.281820e+01,2.235894e+01,2.237955e+01,2.309141e+01,2.352026e+01,2.440634e+01,2.401496e+01,2.235207e+01,2.234520e+01,2.219393e+01,2.244821e+01,2.257854e+01,2.311187e+01,2.511784e+01,2.591091e+01,2.497057e+01,2.577139e+01,2.427829e+01,2.446021e+01,2.506431e+01,2.394733e+01,2.293440e+01,2.296173e+01,2.320049e+01,2.300270e+01,2.345230e+01,2.354063e+01,2.361531e+01,2.355421e+01,2.332988e+01,2.392027e+01,2.353384e+01,2.277032e+01,2.272925e+01,2.323456e+01,2.321412e+01,2.365602e+01,2.399467e+01,2.419733e+01,2.419733e+01,2.514460e+01,2.474927e+01,2.401496e+01,2.401496e+01,2.320731e+01,2.285923e+01,2.340471e+01,2.345910e+01,2.340471e+01,2.358816e+01,2.354063e+01,2.249625e+01,2.215263e+01,2.203554e+01,2.163503e+01,2.144805e+01,2.157967e+01,2.146884e+01,2.145498e+01,2.160043e+01,2.196660e+01,2.244135e+01,2.275663e+01,2.392027e+01,2.298904e+01,2.302318e+01,2.322775e+01,2.271556e+01,2.248939e+01,2.252369e+01,2.255112e+01,2.246880e+01,2.250997e+01,2.255112e+01,2.255798e+01,2.250311e+01,2.255112e+01,2.252369e+01,2.250311e+01,2.249625e+01,2.248939e+01,2.249625e+01,2.250311e+01,2.251683e+01,2.251683e+01,2.257854e+01,2.246880e+01,2.254426e+01,2.242762e+01,2.255112e+01,2.246194e+01,2.250311e+01,2.240015e+01,2.262652e+01,2.238642e+01,2.250311e+01,2.241389e+01,2.232458e+01,2.240702e+01,2.237955e+01,2.230396e+01,2.237268e+01,2.225584e+01,2.237268e+01,2.234520e+01,2.224208e+01,2.222833e+01,2.226959e+01,2.249625e+01,2.226959e+01,2.231084e+01,2.218016e+01,2.219393e+01,2.221457e+01,2.224208e+01,2.222833e+01,2.224208e+01,2.226959e+01,2.218016e+01,2.215952e+01,2.217328e+01,2.215263e+01,2.213198e+01,2.208377e+01,2.207688e+01,2.205621e+01,2.202176e+01,2.212509e+01,2.195970e+01,2.195970e+01,2.201486e+01,2.195280e+01,2.202176e+01,2.194591e+01,2.179404e+01,2.180095e+01,2.177332e+01,2.190451e+01,2.189761e+01,2.196660e+01,2.191141e+01,2.196660e+01,2.179404e+01,2.175258e+01,2.198729e+01,2.189761e+01,2.188381e+01,2.200107e+01,2.186310e+01,2.193901e+01,2.195970e+01,2.194591e+01,2.191831e+01,2.215952e+01,2.196660e+01,2.200797e+01,2.202865e+01,2.199418e+01,2.205621e+01,2.203554e+01,2.206999e+01,2.198039e+01,2.211132e+01,2.193211e+01,2.211132e+01,2.224896e+01,2.219393e+01,2.211821e+01,2.212509e+01,2.220769e+01,2.215952e+01,2.213886e+01,2.224208e+01,2.220081e+01,2.210443e+01,2.213198e+01,2.211821e+01,2.206310e+01,2.211821e+01,2.207688e+01,2.207688e+01,2.205621e+01,2.211132e+01,2.203554e+01,2.213886e+01,2.213886e+01,2.200107e+01,2.198729e+01,2.205621e+01,2.206999e+01,2.205621e+01,2.204932e+01,2.206310e+01,2.215263e+01,2.213198e+01,2.212509e+01,2.207688e+01,2.215263e+01,2.210443e+01,2.204243e+01,2.205621e+01,2.206310e+01,2.211821e+01,2.206999e+01,2.227647e+01,2.208377e+01,2.207688e+01,2.206999e+01,2.209755e+01,2.208377e+01,2.217328e+01,2.198729e+01,2.205621e+01,2.207688e+01,2.198729e+01,2.199418e+01,2.191831e+01,2.195970e+01,2.200797e+01,2.199418e+01,2.193211e+01,2.189071e+01,2.190451e+01,2.189761e+01,2.210443e+01,2.189761e+01,2.193901e+01,2.193901e+01,2.194591e+01,2.196660e+01,2.197349e+01,2.185620e+01,2.197349e+01,2.190451e+01,2.197349e+01,2.195970e+01,2.204932e+01,2.193211e+01,2.195970e+01,2.193211e+01,2.202176e+01,2.202176e+01,2.208377e+01,2.206999e+01,2.202176e+01,2.198729e+01,2.196660e+01,2.202865e+01,2.195970e+01,2.200797e+01,2.189761e+01,2.189071e+01,2.176641e+01,2.194591e+01,2.184239e+01,2.191141e+01,2.191141e+01,2.186310e+01,2.191141e+01,2.202865e+01,2.191831e+01,2.187000e+01,2.189071e+01,2.187000e+01,2.204243e+01,2.192521e+01,2.202865e+01,2.195970e+01,2.212509e+01,2.207688e+01,2.204243e+01,2.209755e+01,2.210443e+01,2.202865e+01,2.202176e+01,2.215263e+01,2.201486e+01,2.208377e+01,2.216640e+01,2.214575e+01,2.211821e+01,2.213886e+01,2.201486e+01,2.197349e+01,2.202176e+01,2.198729e+01,2.221457e+01,2.220769e+01,2.209755e+01,2.198039e+01,2.198039e+01,2.194591e+01,2.188381e+01,2.180095e+01,2.193901e+01,2.184929e+01,2.191831e+01,2.180095e+01,2.178022e+01,2.175949e+01,2.168345e+01,2.171111e+01,2.162811e+01,2.169728e+01,2.173876e+01,2.176641e+01,2.175258e+01,2.175949e+01,2.176641e+01,2.160043e+01,2.166962e+01,2.158659e+01,2.156582e+01,2.166270e+01,2.164887e+01,2.166270e+01,2.166270e+01,2.170420e+01,2.165579e+01,2.182858e+01,2.182858e+01,2.168345e+01,2.165579e+01,2.167654e+01,2.169037e+01,2.173185e+01,2.180095e+01,2.181476e+01,2.192521e+01,2.192521e+01,2.189761e+01,2.201486e+01,2.195970e+01,2.208377e+01,2.201486e+01,2.209755e+01,2.207688e+01,2.213198e+01,2.220769e+01,2.208377e+01,2.217328e+01,2.220769e+01,2.235894e+01,2.221457e+01,2.227647e+01,2.219393e+01,2.222145e+01,2.222833e+01,2.226271e+01,2.223520e+01,2.233833e+01,2.234520e+01,2.198729e+01,2.217328e+01,2.223520e+01,2.213198e+01,2.214575e+01,2.222145e+01,2.224896e+01,2.224208e+01,2.215263e+01,2.235894e+01,2.219393e+01,2.213886e+01,2.219393e+01,2.219393e+01,2.229022e+01,2.226271e+01,2.202865e+01,2.218016e+01,2.220081e+01,2.201486e+01,2.198039e+01,2.213198e+01,2.218705e+01,2.221457e+01,2.217328e+01,2.220769e+01,2.217328e+01,2.218705e+01,2.210443e+01,2.209755e+01,2.208377e+01,2.213886e+01,2.209066e+01,2.220769e+01,2.203554e+01,2.216640e+01,2.229709e+01,2.211132e+01,2.226959e+01,2.211821e+01,2.220769e+01,2.214575e+01,2.214575e+01,2.208377e+01,2.214575e+01,2.236581e+01
2.250997e+01,2.251683e+01,2.246880e+01,2.248252e+01,2.250997e+01,2.252369e+01,2.255798e+01,2.246880e+01,2.237268e+01,2.244135e+01,2.256483e+01,2.255112e+01,2.268132e+01,2.265392e+01,2.252369e+01,2.274294e+01,2.266763e+01,2.265392e+01,2.269502e+01,2.248939e+01,2.251683e+01,2.242075e+01,2.270871e+01,2.253055e+01,2.261282e+01,2.256483e+01,2.255798e+01,2.251683e+01,2.247566e+01,2.256483e+01,2.259911e+01,2.261967e+01,2.266763e+01,2.265392e+01,2.254426e+01,2.264708e+01,2.269502e+01,2.259225e+01,2.257169e+01,2.249625e+01,2.254426e+01,2.252369e+01,2.250311e+01,2.255798e+01,2.250311e+01,2.249625e+01,2.248939e+01,2.246194e+01,2.246194e+01,2.240015e+01,2.241389e+01,2.244135e+01,2.248252e+01,2.246194e+01,2.240015e+01,2.242075e+01,2.242075e+01,2.250997e+01,2.235207e+01,2.251683e+01,2.255112e+01,2.250997e+01,2.247566e+01,2.239328e+01,2.246880e+01,2.252369e+01,2.257854e+01,2.249625e+01,2.264022e+01,2.257854e+01,2.269502e+01,2.285239e+01,2.339111e+01,2.492367e+01,2.379839e+01,2.259225e+01,2.250311e+01,2.248252e+01,2.240702e+01,2.239328e+01,2.269502e+01,2.268817e+01,2.261282e+01,2.256483e+01,2.263337e+01,2.258540e+01,2.259911e+01,2.265392e+01,2.287290e+01,2.278400e+01,2.285923e+01,2.312551e+01,2.311187e+01,2.309823e+01,2.311187e+01,2.309823e+01,2.317323e+01,2.326861e+01,2.325499e+01,2.330265e+01,2.322775e+01,2.339111e+01,2.335710e+01,2.350667e+01,2.374418e+01,2.362889e+01,2.368316e+01,2.371028e+01,2.366959e+01,2.343191e+01,2.366959e+01,2.364924e+01,2.373062e+01,2.364246e+01,2.364246e+01,2.354742e+01,2.358816e+01,2.343871e+01,2.347949e+01,2.358138e+01,2.334349e+01,2.336390e+01,2.335029e+01,2.347269e+01,2.335710e+01,2.335029e+01,2.338431e+01,2.359495e+01,2.371706e+01,2.367638e+01,2.362210e+01,2.367638e+01,2.371706e+01,2.391350e+01,2.387966e+01,2.362210e+01,2.373740e+01,2.353384e+01,2.362889e+01,2.361531e+01,2.360853e+01,2.360174e+01,2.363567e+01,2.352705e+01,2.354742e+01,2.364246e+01,2.356779e+01,2.359495e+01,2.373740e+01,2.368994e+01,2.376451e+01,2.368994e+01,2.357458e+01,2.363567e+01,2.375774e+01,2.370350e+01,2.380517e+01,2.362210e+01,2.373062e+01,2.377807e+01,2.364246e+01,2.373740e+01,2.366281e+01,2.379839e+01,2.383903e+01,2.387289e+01,2.379839e+01,2.368316e+01,2.370350e+01,2.369672e+01,2.371028e+01,2.380517e+01,2.378484e+01,2.380517e+01,2.371028e+01,2.380517e+01,2.379162e+01,2.387289e+01,2.376451e+01,2.385935e+01,2.369672e+01,2.368994e+01,2.363567e+01,2.335710e+01,2.325499e+01,2.327542e+01,2.305048e+01,2.257854e+01,2.253055e+01,2.220081e+01,2.229709e+01,2.232458e+01,2.223520e+01,2.234520e+01,2.228334e+01,2.241389e+01,2.225584e+01,2.245507e+01,2.232458e+01,2.231084e+01,2.242075e+01,2.235207e+01,2.242762e+01,2.242075e+01,2.237955e+01,2.246194e+01,2.274294e+01,2.275663e+01,2.261282e+01,2.272925e+01,2.307777e+01,2.332307e+01,2.312551e+01,2.328904e+01,2.315278e+01,2.333668e+01,2.479625e+01,2.563168e+01,2.389996e+01,2.328904e+01,2.304365e+01,2.299587e+01,2.281136e+01,2.266763e+01,2.285923e+01,2.294807e+01,2.455441e+01,2.487004e+01,2.266078e+01,2.261967e+01,2.241389e+01,2.242075e+01,2.209066e+01,2.208377e+01,2.261967e+01,2.253055e+01,2.300953e+01,2.264022e+01,2.193901e+01,2.180786e+01,2.207688e+01,2.250997e+01,2.305048e+01,2.249625e+01,2.238642e+01,2.293440e+01,2.367638e+01,2.482309e+01,2.517803e+01,2.287290e+01,2.273610e+01,2.271556e+01,2.275663e+01,2.255798e+01,2.266763e+01,2.419733e+01,2.589099e+01,2.541177e+01,2.444674e+01,2.336390e+01,2.353384e+01,2.340471e+01,2.300270e+01,2.319368e+01,2.389320e+01,2.417034e+01,2.354063e+01,2.344551e+01,2.338431e+01,2.335029e+01,2.353384e+01,2.332307e+01,2.354742e+01,2.303683e+01,2.279768e+01,2.277716e+01,2.264708e+01,2.294123e+01,2.288657e+01,2.294123e+01,2.345230e+01,2.504423e+01,2.645394e+01,2.585113e+01,2.527827e+01,2.626882e+01,2.466196e+01,2.332307e+01,2.348629e+01,2.341831e+01,2.337070e+01,2.267447e+01,2.211821e+01,2.210443e+01,2.237268e+01,2.244821e+01,2.200797e+01,2.179404e+01,2.182167e+01,2.179404e+01,2.157274e+01,2.189761e+01,2.196660e+01,2.243448e+01,2.335029e+01,2.441307e+01,2.299587e+01,2.274978e+01,2.302318e+01,2.252369e+01,2.253055e+01,2.255798e+01,2.238642e+01,2.242762e+01,2.253055e+01,2.252369e+01,2.242075e+01,2.256483e+01,2.256483e+01,2.254426e+01,2.245507e+01,2.250997e+01,2.250311e+01,2.251683e+01,2.250997e+01,2.253055e+01,2.252369e+01,2.246880e+01,2.251683e+01,2.250311e+01,2.244135e+01,2.247566e+01,2.250311e+01,2.250997e+01,2.240015e+01,2.244135e+01,2.249625e+01,2.250311e+01,2.249625e+01,2.233833e+01,2.236581e+01,2.242762e+01,2.233833e+01,2.236581e+01,2.242075e+01,2.237955e+01,2.229022e+01,2.225584e+01,2.233833e+01,2.237955e+01,2.226959e+01,2.221457e+01,2.220769e+01,2.223520e+01,2.215263e+01,2.218705e+01,2.219393e+01,2.214575e+01,2.216640e+01,2.214575e+01,2.226271e+01,2.215263e+01,2.216640e+01,2.218016e+01,2.214575e+01,2.213198e+01,2.211821e+01,2.206999e+01,2.199418e+01,2.198729e+01,2.201486e+01,2.199418e+01,2.191831e+01,2.205621e+01,2.195970e+01,2.190451e+01,2.185620e+01,2.189761e+01,2.187691e+01,2.192521e+01,2.197349e+01,2.193901e+01,2.188381e+01,2.187691e+01,2.187000e+01,2.189761e+01,2.182858e+01,2.171802e+01,2.184239e+01,2.184929e+01,2.197349e+01,2.204932e+01,2.194591e+01,2.198729e+01,2.195970e+01,2.213886e+01,2.212509e+01,2.213886e+01,2.215263e+01,2.202865e+01,2.201486e+01,2.197349e+01,2.204932e+01,2.205621e+01,2.204932e+01,2.209755e+01,2.209755e+01,2.229709e+01,2.215952e+01,2.226271e+01,2.214575e+01,2.220769e+01,2.215952e+01,2.215263e+01,2.213886e+01,2.210443e+01,2.211821e+01,2.212509e+01,2.199418e+01,2.214575e+01,2.212509e+01,2.206999e+01,2.214575e+01,2.211132e+01,2.208377e+01,2.216640e+01,2.207688e+01,2.215952e+01,2.205621e+01,2.211132e+01,2.215263e+01,2.202865e+01,2.208377e+01,2.209066e+01,2.213886e+01,2.213886e+01,2.216640e+01,2.209755e+01,2.213886e+01,2.206310e+01,2.198729e+01,2.206310e+01,2.212509e+01,2.217328e+01,2.205621e+01,2.210443e+01,2.211821e+01,2.209755e+01,2.216640e+01,2.222833e+01,2.197349e+01,2.204243e+01,2.210443e+01,2.212509e+01,2.194591e+01,2.202865e+01,2.195970e+01,2.201486e+01,2.201486e+01,2.202865e+01,2.195280e+01,2.189071e+01,2.201486e+01,2.198729e+01,2.185620e+01,2.192521e+01,2.192521e+01,2.209755e+01,2.191141e+01,2.195970e+01,2.184929e+01,2.196660e+01,2.187691e+01,2.191831e+01,2.190451e+01,2.189071e+01,2.193901e+01,2.195970e+01,2.198039e+01,2.196660e+01,2.194591e+01,2.193211e+01,2.195970e+01,2.198729e+01,2.207688e+01,2.173185e+01,2.202176e+01,2.199418e+01,2.201486e+01,2.204932e+01,2.209755e+01,2.203554e+01,2.200797e+01,2.197349e+01,2.205621e+01,2.194591e+01,2.206999e+01,2.188381e+01,2.192521e+01,2.195280e+01,2.191831e+01,2.200797e+01,2.194591e+01,2.184929e+01,2.190451e+01,2.192521e+01,2.193211e+01,2.193901e+01,2.196660e+01,2.209066e+01,2.210443e+01,2.195280e+01,2.200107e+01,2.199418e+01,2.203554e+01,2.204243e+01,2.206310e+01,2.218016e+01,2.204243e+01,2.204243e+01,2.211132e+01,2.231771e+01,2.200797e+01,2.217328e+01,2.218016e+01,2.200797e+01,2.221457e+01,2.203554e+01,2.214575e+01,2.200797e+01,2.198039e+01,2.200797e+01,2.204932e+01,2.195970e+01,2.195970e+01,2.193211e+01,2.192521e+01,2.180786e+01,2.190451e+01,2.184929e+01,2.164195e+01,2.167654e+01,2.160043e+01,2.151042e+01,2.173185e+01,2.175258e+01,2.172494e+01,2.164887e+01,2.175949e+01,2.167654e+01,2.166270e+01,2.160735e+01,2.166270e+01,2.161427e+01,2.162811e+01,2.165579e+01,2.154505e+01,2.165579e+01,2.164887e+01,2.160735e+01,2.161427e+01,2.163503e+01,2.162811e+01,2.172494e+01,2.171111e+01,2.172494e+01,2.173876e+01,2.170420e+01,2.177332e+01,2.176641e+01,2.193211e+01,2.186310e+01,2.209066e+01,2.208377e+01,2.199418e+01,2.198729e+01,2.200797e+01,2.209066e+01,2.209755e+01,2.211132e+01,2.206310e+01,2.197349e+01,2.215263e+01,2.212509e+01,2.222833e+01,2.220081e+01,2.209755e+01,2.222833e+01,2.223520e+01,2.215952e+01,2.219393e+01,2.226271e+01,2.233833e+01,2.224208e+01,2.216640e+01,2.217328e+01,2.219393e+01,2.226271e+01,2.222833e+01,2.243448e+01,2.226271e+01,2.211132e+01,2.222833e+01,2.234520e+01,2.233146e+01,2.219393e+01,2.224208e+01,2.206310e+01,2.213886e+01,2.215263e+01,2.224896e+01,2.211132e+01,2.215952e+01,2.215263e+01,2.215263e+01,2.217328e+01,2.217328e+01,2.211132e+01,2.213198e+01,2.222145e+01,2.209066e+01,2.213886e+01,2.219393e+01,2.210443e+01,2.210443e+01,2.213198e+01,2.220081e+01,2.206999e+01,2.211132e+01,2.224896e+01,2.227647e+01,2.211821e+01,2.216640e+01,2.222145e+01,2.209066e+01,2.232458e+01,2.210443e+01,2.218705e+01,2.232458e+01,2.235894e+01
2.242762e+01,2.249625e+01,2.249625e+01,2.250311e+01,2.242075e+01,2.253741e+01,2.253055e+01,2.253055e+01,2.253055e+01,2.249625e+01,2.259911e+01,2.255112e+01,2.252369e+01,2.277716e+01,2.268132e+01,2.254426e+01,2.260596e+01,2.259911e+01,2.249625e+01,2.253055e+01,2.266763e+01,2.266078e+01,2.266763e+01,2.266078e+01,2.261967e+01,2.250997e+01,2.259911e+01,2.257854e+01,2.257169e+01,2.257854e+01,2.261282e+01,2.260596e+01,2.252369e+01,2.254426e+01,2.261967e+01,2.263337e+01,2.248939e+01,2.256483e+01,2.249625e+01,2.257169e+01,2.250311e+01,2.250311e+01,2.254426e+01,2.254426e+01,2.266763e+01,2.244135e+01,2.235894e+01,2.248939e+01,2.254426e+01,2.250997e+01,2.254426e+01,2.255112e+01,2.248252e+01,2.240702e+01,2.247566e+01,2.262652e+01,2.253055e+01,2.247566e+01,2.256483e+01,2.250311e+01,2.255112e+01,2.244821e+01,2.254426e+01,2.253741e+01,2.251683e+01,2.247566e+01,2.253055e+01,2.250997e+01,2.268817e+01,2.255112e+01,2.257169e+01,2.279084e+01,2.295490e+01,2.448040e+01,2.419733e+01,2.281136e+01,2.261967e+01,2.266078e+01,2.268817e+01,2.271556e+01,2.273610e+01,2.279768e+01,2.293440e+01,2.297539e+01,2.294807e+01,2.313233e+01,2.294123e+01,2.311187e+01,2.316642e+01,2.313915e+01,2.317323e+01,2.322093e+01,2.324818e+01,2.329585e+01,2.327542e+01,2.337070e+01,2.343191e+01,2.354063e+01,2.339791e+01,2.360174e+01,2.343871e+01,2.367638e+01,2.361531e+01,2.354742e+01,2.367638e+01,2.371028e+01,2.379839e+01,2.364924e+01,2.365602e+01,2.370350e+01,2.345910e+01,2.363567e+01,2.346590e+01,2.379839e+01,2.372384e+01,2.368994e+01,2.377807e+01,2.357458e+01,2.352026e+01,2.358816e+01,2.356101e+01,2.362889e+01,2.356779e+01,2.347269e+01,2.376451e+01,2.358138e+01,2.358816e+01,2.365602e+01,2.352026e+01,2.382549e+01,2.372384e+01,2.371028e+01,2.371706e+01,2.368994e+01,2.366959e+01,2.363567e+01,2.390673e+01,2.369672e+01,2.364924e+01,2.367638e+01,2.368994e+01,2.371028e+01,2.364246e+01,2.358138e+01,2.356101e+01,2.371706e+01,2.364246e+01,2.375774e+01,2.371028e+01,2.375096e+01,2.362889e+01,2.373062e+01,2.370350e+01,2.366959e+01,2.380517e+01,2.372384e+01,2.376451e+01,2.371706e+01,2.385935e+01,2.374418e+01,2.384581e+01,2.376451e+01,2.371028e+01,2.380517e+01,2.370350e+01,2.379839e+01,2.381194e+01,2.374418e+01,2.368994e+01,2.384581e+01,2.381872e+01,2.381194e+01,2.381194e+01,2.386612e+01,2.402848e+01,2.379162e+01,2.385935e+01,2.385258e+01,2.385258e+01,2.376451e+01,2.376451e+01,2.376451e+01,2.371028e+01,2.334349e+01,2.347269e+01,2.332988e+01,2.323456e+01,2.258540e+01,2.236581e+01,2.225584e+01,2.233833e+01,2.234520e+01,2.235207e+01,2.235894e+01,2.235894e+01,2.232458e+01,2.230396e+01,2.229709e+01,2.247566e+01,2.232458e+01,2.229709e+01,2.248252e+01,2.233833e+01,2.240015e+01,2.257169e+01,2.237955e+01,2.265392e+01,2.301635e+01,2.266078e+01,2.285923e+01,2.302318e+01,2.322093e+01,2.308459e+01,2.329585e+01,2.339111e+01,2.330946e+01,2.459475e+01,2.458803e+01,2.341831e+01,2.324137e+01,2.320731e+01,2.272925e+01,2.268132e+01,2.270871e+01,2.300953e+01,2.300953e+01,2.353384e+01,2.580462e+01,2.409605e+01,2.347269e+01,2.333668e+01,2.285239e+01,2.303683e+01,2.281136e+01,2.301635e+01,2.261967e+01,2.292074e+01,2.258540e+01,2.198039e+01,2.184239e+01,2.220769e+01,2.252369e+01,2.279768e+01,2.279768e+01,2.282504e+01,2.317323e+01,2.374418e+01,2.354063e+01,2.352026e+01,2.303683e+01,2.319368e+01,2.290024e+01,2.259225e+01,2.232458e+01,2.224896e+01,2.265392e+01,2.402172e+01,2.402848e+01,2.315960e+01,2.301635e+01,2.352026e+01,2.309823e+01,2.294807e+01,2.389320e+01,2.458803e+01,2.419733e+01,2.418384e+01,2.341831e+01,2.321412e+01,2.320049e+01,2.324137e+01,2.333668e+01,2.353384e+01,2.324137e+01,2.313233e+01,2.281136e+01,2.277716e+01,2.303000e+01,2.292757e+01,2.270187e+01,2.274294e+01,2.343871e+01,2.405551e+01,2.379162e+01,2.404200e+01,2.505762e+01,2.433896e+01,2.349308e+01,2.335710e+01,2.291391e+01,2.209755e+01,2.190451e+01,2.189071e+01,2.201486e+01,2.257169e+01,2.319368e+01,2.255112e+01,2.224896e+01,2.204932e+01,2.210443e+01,2.208377e+01,2.228334e+01,2.277032e+01,2.277716e+01,2.326180e+01,2.330946e+01,2.262652e+01,2.257854e+01,2.305048e+01,2.250997e+01,2.266078e+01,2.261282e+01,2.252369e+01,2.251683e+01,2.248252e+01,2.251683e+01,2.253055e+01,2.248252e+01,2.253741e+01,2.255112e+01,2.251683e+01,2.250997e+01,2.249625e+01,2.251683e+01,2.253055e+01,2.252369e+01,2.250997e+01,2.249625e+01,2.248939e+01,2.253741e+01,2.244821e+01,2.245507e+01,2.254426e+01,2.248252e+01,2.246880e+01,2.258540e+01,2.241389e+01,2.239328e+01,2.245507e+01,2.231771e+01,2.226959e+01,2.232458e+01,2.230396e+01,2.235207e+01,2.239328e+01,2.237955e+01,2.226271e+01,2.224208e+01,2.240015e+01,2.234520e+01,2.237268e+01,2.222833e+01,2.224896e+01,2.233146e+01,2.220081e+01,2.218016e+01,2.219393e+01,2.218016e+01,2.237955e+01,2.222833e+01,2.220081e+01,2.213886e+01,2.226959e+01,2.220769e+01,2.220081e+01,2.219393e+01,2.217328e+01,2.205621e+01,2.195970e+01,2.193901e+01,2.200797e+01,2.212509e+01,2.203554e+01,2.191141e+01,2.186310e+01,2.187691e+01,2.187000e+01,2.186310e+01,2.191141e+01,2.189761e+01,2.184929e+01,2.197349e+01,2.187691e+01,2.197349e+01,2.191141e+01,2.191141e+01,2.187691e+01,2.184239e+01,2.188381e+01,2.196660e+01,2.197349e+01,2.206999e+01,2.200797e+01,2.203554e+01,2.198039e+01,2.212509e+01,2.201486e+01,2.199418e+01,2.200107e+01,2.206310e+01,2.207688e+01,2.209755e+01,2.201486e+01,2.214575e+01,2.208377e+01,2.218016e+01,2.218016e+01,2.229709e+01,2.218016e+01,2.220081e+01,2.210443e+01,2.215952e+01,2.217328e+01,2.210443e+01,2.206310e+01,2.210443e+01,2.206310e+01,2.208377e+01,2.216640e+01,2.211132e+01,2.207688e+01,2.205621e+01,2.209755e+01,2.209755e+01,2.211132e+01,2.213886e+01,2.207688e+01,2.198729e+01,2.211821e+01,2.201486e+01,2.213198e+01,2.214575e+01,2.214575e+01,2.206999e+01,2.216640e+01,2.212509e+01,2.211821e+01,2.205621e+01,2.208377e+01,2.215263e+01,2.202865e+01,2.210443e+01,2.205621e+01,2.206999e+01,2.192521e+01,2.192521e+01,2.206310e+01,2.209066e+01,2.208377e+01,2.202865e+01,2.219393e+01,2.200107e+01,2.203554e+01,2.205621e+01,2.220769e+01,2.191141e+01,2.201486e+01,2.201486e+01,2.193901e+01,2.192521e+01,2.199418e+01,2.192521e+01,2.196660e+01,2.213198e+01,2.195280e+01,2.188381e+01,2.190451e+01,2.189761e+01,2.193211e+01,2.187691e+01,2.194591e+01,2.180095e+01,2.188381e+01,2.191831e+01,2.190451e+01,2.193901e+01,2.193901e+01,2.195280e+01,2.201486e+01,2.202176e+01,2.197349e+01,2.193901e+01,2.204243e+01,2.206999e+01,2.204932e+01,2.193901e+01,2.206310e+01,2.204932e+01,2.201486e+01,2.201486e+01,2.192521e+01,2.204243e+01,2.199418e+01,2.212509e+01,2.197349e+01,2.193901e+01,2.198039e+01,2.196660e+01,2.189761e+01,2.189071e+01,2.199418e+01,2.195280e+01,2.194591e+01,2.199418e+01,2.191141e+01,2.186310e+01,2.193901e+01,2.193211e+01,2.190451e+01,2.204243e+01,2.192521e+01,2.207688e+01,2.203554e+01,2.205621e+01,2.204932e+01,2.206310e+01,2.209066e+01,2.211132e+01,2.209755e+01,2.218016e+01,2.222833e+01,2.205621e+01,2.221457e+01,2.211132e+01,2.198729e+01,2.205621e+01,2.201486e+01,2.217328e+01,2.216640e+01,2.211821e+01,2.202865e+01,2.197349e+01,2.195280e+01,2.202865e+01,2.191831e+01,2.193901e+01,2.189761e+01,2.206310e+01,2.171802e+01,2.173876e+01,2.175258e+01,2.153119e+01,2.171111e+01,2.170420e+01,2.173185e+01,2.182167e+01,2.166270e+01,2.166962e+01,2.153812e+01,2.154505e+01,2.163503e+01,2.167654e+01,2.160043e+01,2.161427e+01,2.162119e+01,2.148963e+01,2.158659e+01,2.166270e+01,2.160043e+01,2.147577e+01,2.170420e+01,2.163503e+01,2.164195e+01,2.161427e+01,2.165579e+01,2.173185e+01,2.174567e+01,2.178022e+01,2.177332e+01,2.191831e+01,2.191831e+01,2.191831e+01,2.207688e+01,2.211821e+01,2.204932e+01,2.202176e+01,2.206310e+01,2.209066e+01,2.209066e+01,2.210443e+01,2.211821e+01,2.211821e+01,2.222145e+01,2.211821e+01,2.222833e+01,2.221457e+01,2.231084e+01,2.222833e+01,2.221457e+01,2.222833e+01,2.224896e+01,2.224896e+01,2.226959e+01,2.221457e+01,2.237955e+01,2.216640e+01,2.231084e+01,2.219393e+01,2.209066e+01,2.229022e+01,2.211821e+01,2.212509e+01,2.212509e+01,2.239328e+01,2.221457e+01,2.222833e+01,2.211132e+01,2.226959e+01,2.223520e+01,2.226959e+01,2.213886e+01,2.212509e+01,2.214575e+01,2.199418e+01,2.213886e+01,2.209755e+01,2.220081e+01,2.211132e+01,2.222145e+01,2.212509e+01,2.200797e+01,2.212509e+01,2.198729e+01,2.222145e+01,2.204243e+01,2.225584e+01,2.213886e+01,2.226271e+01,2.209755e+01,2.213198e+01,2.218705e+01,2.220769e+01,2.206999e+01,2.217328e+01,2.216640e+01,2.213198e+01,2.210443e+01,2.200797e+01,2.215263e+01,2.235207e+01
2.239328e+01,2.234520e+01,2.246880e+01,2.246194e+01,2.253741e+01,2.257854e+01,2.250997e+01,2.245507e+01,2.264022e+01,2.255798e+01,2.239328e+01,2.242075e+01,2.260596e+01,2.252369e+01,2.250997e+01,2.269502e+01,2.255112e+01,2.263337e+01,2.252369e+01,2.260596e+01,2.266078e+01,2.264708e+01,2.244821e+01,2.259911e+01,2.252369e+01,2.247566e+01,2.258540e+01,2.259911e+01,2.252369e+01,2.259225e+01,2.257169e+01,2.257854e+01,2.253055e+01,2.260596e+01,2.252369e+01,2.241389e+01,2.268132e+01,2.252369e+01,2.247566e+01,2.245507e+01,2.253741e+01,2.253055e+01,2.252369e+01,2.248939e+01,2.247566e+01,2.249625e+01,2.249625e+01,2.243448e+01,2.251683e+01,2.255112e+01,2.239328e+01,2.242762e+01,2.240702e+01,2.242762e+01,2.244135e+01,2.241389e+01,2.240702e+01,2.245507e+01,2.249625e+01,2.263337e+01,2.242075e+01,2.224208e+01,2.242075e+01,2.250997e+01,2.250997e+01,2.244135e+01,2.251683e+01,2.261967e+01,2.251683e+01,2.257169e+01,2.271556e+01,2.275663e+01,2.305048e+01,2.369672e+01,2.420408e+01,2.298221e+01,2.288657e+01,2.297539e+01,2.287290e+01,2.294123e+01,2.295490e+01,2.306412e+01,2.306412e+01,2.307777e+01,2.309823e+01,2.310505e+01,2.299587e+01,2.298221e+01,2.315960e+01,2.316642e+01,2.311187e+01,2.322093e+01,2.326861e+01,2.323456e+01,2.335710e+01,2.337751e+01,2.335710e+01,2.338431e+01,2.339791e+01,2.340471e+01,2.349988e+01,2.368994e+01,2.372384e+01,2.378484e+01,2.376451e+01,2.369672e+01,2.364924e+01,2.368316e+01,2.363567e+01,2.370350e+01,2.368994e+01,2.367638e+01,2.364924e+01,2.371706e+01,2.363567e+01,2.359495e+01,2.382549e+01,2.368994e+01,2.379839e+01,2.366959e+01,2.358138e+01,2.376451e+01,2.356779e+01,2.369672e+01,2.365602e+01,2.359495e+01,2.356779e+01,2.358138e+01,2.367638e+01,2.369672e+01,2.369672e+01,2.371028e+01,2.382549e+01,2.374418e+01,2.359495e+01,2.363567e+01,2.362889e+01,2.373740e+01,2.367638e+01,2.366281e+01,2.365602e+01,2.368994e+01,2.356779e+01,2.368994e+01,2.371706e+01,2.364246e+01,2.373062e+01,2.373062e+01,2.375096e+01,2.375096e+01,2.375774e+01,2.368316e+01,2.375774e+01,2.368994e+01,2.375096e+01,2.373062e+01,2.377807e+01,2.359495e+01,2.380517e+01,2.368994e+01,2.371706e+01,2.378484e+01,2.377807e+01,2.376451e+01,2.372384e+01,2.381194e+01,2.385258e+01,2.371706e+01,2.377807e+01,2.375096e+01,2.383226e+01,2.377807e+01,2.380517e+01,2.379839e+01,2.390673e+01,2.394057e+01,2.378484e+01,2.389320e+01,2.375096e+01,2.391350e+01,2.375774e+01,2.379162e+01,2.370350e+01,2.366281e+01,2.337070e+01,2.321412e+01,2.312551e+01,2.283872e+01,2.240702e+01,2.237955e+01,2.231771e+01,2.233833e+01,2.233146e+01,2.232458e+01,2.228334e+01,2.238642e+01,2.229709e+01,2.237268e+01,2.228334e+01,2.235894e+01,2.240015e+01,2.234520e+01,2.234520e+01,2.235207e+01,2.240015e+01,2.257854e+01,2.264022e+01,2.281820e+01,2.273610e+01,2.277032e+01,2.329585e+01,2.262652e+01,2.296856e+01,2.386612e+01,2.356779e+01,2.353384e+01,2.360174e+01,2.349988e+01,2.322775e+01,2.408930e+01,2.361531e+01,2.321412e+01,2.300953e+01,2.265392e+01,2.266763e+01,2.298904e+01,2.298904e+01,2.357458e+01,2.353384e+01,2.337070e+01,2.337070e+01,2.330265e+01,2.343191e+01,2.373062e+01,2.298221e+01,2.266763e+01,2.301635e+01,2.250311e+01,2.230396e+01,2.231084e+01,2.251683e+01,2.255798e+01,2.279084e+01,2.307095e+01,2.290024e+01,2.281136e+01,2.377807e+01,2.364924e+01,2.303683e+01,2.303000e+01,2.324137e+01,2.292074e+01,2.277032e+01,2.237955e+01,2.218016e+01,2.239328e+01,2.274294e+01,2.341151e+01,2.311869e+01,2.308459e+01,2.292074e+01,2.332988e+01,2.394733e+01,2.394057e+01,2.445347e+01,2.521814e+01,2.526491e+01,2.352026e+01,2.265392e+01,2.296856e+01,2.294123e+01,2.282504e+01,2.347949e+01,2.379162e+01,2.385935e+01,2.324818e+01,2.284555e+01,2.283872e+01,2.284555e+01,2.272925e+01,2.290707e+01,2.253741e+01,2.305048e+01,2.340471e+01,2.434570e+01,2.435918e+01,2.352705e+01,2.272241e+01,2.209755e+01,2.206999e+01,2.186310e+01,2.204932e+01,2.208377e+01,2.250311e+01,2.313915e+01,2.283188e+01,2.248252e+01,2.258540e+01,2.226959e+01,2.229709e+01,2.274978e+01,2.326861e+01,2.341831e+01,2.329585e+01,2.282504e+01,2.277716e+01,2.248939e+01,2.278400e+01,2.326180e+01,2.265392e+01,2.253055e+01,2.233146e+01,2.250997e+01,2.247566e+01,2.252369e+01,2.247566e+01,2.252369e+01,2.253741e+01,2.249625e+01,2.248252e+01,2.246880e+01,2.246880e+01,2.250311e+01,2.259225e+01,2.259911e+01,2.250311e+01,2.247566e+01,2.247566e+01,2.244135e+01,2.248939e+01,2.241389e+01,2.247566e+01,2.243448e+01,2.236581e+01,2.245507e+01,2.241389e+01,2.243448e+01,2.237955e+01,2.247566e+01,2.242762e+01,2.233833e+01,2.244135e+01,2.238642e+01,2.231771e+01,2.230396e+01,2.235894e+01,2.231084e+01,2.229022e+01,2.224208e+01,2.237955e+01,2.230396e+01,2.228334e+01,2.221457e+01,2.233146e+01,2.216640e+01,2.215263e+01,2.217328e+01,2.222145e+01,2.228334e+01,2.220769e+01,2.220081e+01,2.214575e+01,2.224208e+01,2.218016e+01,2.218016e+01,2.208377e+01,2.203554e+01,2.212509e+01,2.205621e+01,2.202865e+01,2.193211e+01,2.195280e+01,2.194591e+01,2.195280e+01,2.182858e+01,2.182858e+01,2.206310e+01,2.182167e+01,2.184929e+01,2.186310e+01,2.185620e+01,2.194591e+01,2.184929e+01,2.195280e+01,2.198729e+01,2.180786e+01,2.188381e+01,2.189071e+01,2.193901e+01,2.193211e+01,2.198729e+01,2.200797e+01,2.200107e+01,2.195970e+01,2.198729e+01,2.198039e+01,2.198039e+01,2.199418e+01,2.206999e+01,2.196660e+01,2.198039e+01,2.206999e+01,2.202176e+01,2.205621e+01,2.202865e+01,2.205621e+01,2.215263e+01,2.207688e+01,2.218016e+01,2.222833e+01,2.217328e+01,2.214575e+01,2.215263e+01,2.213886e+01,2.214575e+01,2.213198e+01,2.213198e+01,2.198729e+01,2.213886e+01,2.215952e+01,2.202176e+01,2.206999e+01,2.202865e+01,2.209755e+01,2.210443e+01,2.209066e+01,2.210443e+01,2.213198e+01,2.209066e+01,2.208377e+01,2.215263e+01,2.208377e+01,2.215263e+01,2.216640e+01,2.213886e+01,2.211821e+01,2.208377e+01,2.214575e+01,2.208377e+01,2.218016e+01,2.213886e+01,2.211132e+01,2.193211e+01,2.190451e+01,2.204243e+01,2.212509e+01,2.211821e+01,2.198039e+01,2.203554e+01,2.203554e+01,2.204932e+01,2.199418e+01,2.180786e+01,2.198039e+01,2.214575e+01,2.198729e+01,2.190451e+01,2.195970e+01,2.193211e+01,2.198729e+01,2.192521e+01,2.188381e+01,2.194591e+01,2.193211e+01,2.193211e+01,2.190451e+01,2.193211e+01,2.195280e+01,2.192521e+01,2.194591e+01,2.187691e+01,2.193211e+01,2.187691e+01,2.184239e+01,2.187000e+01,2.182167e+01,2.198729e+01,2.196660e+01,2.192521e+01,2.195280e+01,2.193901e+01,2.198729e+01,2.209755e+01,2.204243e+01,2.195970e+01,2.209066e+01,2.195970e+01,2.202865e+01,2.183548e+01,2.203554e+01,2.187691e+01,2.205621e+01,2.201486e+01,2.191831e+01,2.197349e+01,2.198039e+01,2.190451e+01,2.206310e+01,2.202176e+01,2.194591e+01,2.187000e+01,2.184929e+01,2.195280e+01,2.188381e+01,2.196660e+01,2.195970e+01,2.194591e+01,2.200107e+01,2.206310e+01,2.185620e+01,2.206999e+01,2.209066e+01,2.202176e+01,2.204932e+01,2.200797e+01,2.189761e+01,2.209755e+01,2.208377e+01,2.215952e+01,2.211132e+01,2.199418e+01,2.200797e+01,2.209755e+01,2.202176e+01,2.213886e+01,2.209066e+01,2.213198e+01,2.204932e+01,2.210443e+01,2.198039e+01,2.206310e+01,2.199418e+01,2.196660e+01,2.194591e+01,2.193901e+01,2.190451e+01,2.173876e+01,2.175258e+01,2.169037e+01,2.180095e+01,2.174567e+01,2.169728e+01,2.172494e+01,2.169037e+01,2.169037e+01,2.161427e+01,2.150349e+01,2.161427e+01,2.165579e+01,2.166270e+01,2.156582e+01,2.162811e+01,2.156582e+01,2.155197e+01,2.162811e+01,2.162119e+01,2.154505e+01,2.147577e+01,2.150349e+01,2.151042e+01,2.159351e+01,2.166270e+01,2.162119e+01,2.151734e+01,2.164887e+01,2.162119e+01,2.172494e+01,2.179404e+01,2.193211e+01,2.178713e+01,2.185620e+01,2.175949e+01,2.193211e+01,2.203554e+01,2.193901e+01,2.205621e+01,2.207688e+01,2.206310e+01,2.202176e+01,2.206999e+01,2.210443e+01,2.218705e+01,2.220769e+01,2.220769e+01,2.209755e+01,2.204243e+01,2.202865e+01,2.222833e+01,2.223520e+01,2.214575e+01,2.215263e+01,2.215263e+01,2.218705e+01,2.227647e+01,2.218016e+01,2.215263e+01,2.211821e+01,2.213198e+01,2.213198e+01,2.228334e+01,2.222833e+01,2.215263e+01,2.212509e+01,2.220081e+01,2.231084e+01,2.222145e+01,2.207688e+01,2.225584e+01,2.228334e+01,2.234520e+01,2.215952e+01,2.213198e+01,2.218705e+01,2.204243e+01,2.211132e+01,2.217328e+01,2.212509e+01,2.206310e+01,2.203554e+01,2.213198e+01,2.206999e+01,2.223520e+01,2.225584e+01,2.209066e+01,2.208377e+01,2.200107e+01,2.206999e+01,2.202865e+01,2.229022e+01,2.209066e+01,2.212509e+01,2.215263e+01,2.211821e+01,2.220769e+01,2.209066e+01,2.204932e+01,2.226959e+01,2.211132e+01,2.214575e+01,2.235207e+01
2.236581e+01,2.246194e+01,2.249625e+01,2.249625e+01,2.253741e+01,2.255112e+01,2.254426e+01,2.245507e+01,2.253055e+01,2.252369e+01,2.250311e+01,2.254426e+01,2.248252e+01,2.250997e+01,2.250997e+01,2.258540e+01,2.254426e+01,2.257169e+01,2.267447e+01,2.266763e+01,2.273610e+01,2.253741e+01,2.258540e+01,2.261282e+01,2.255798e+01,2.249625e+01,2.253055e+01,2.253055e+01,2.259225e+01,2.266078e+01,2.253741e+01,2.282504e+01,2.257854e+01,2.246880e+01,2.255112e+01,2.249625e+01,2.253741e+01,2.251683e+01,2.260596e+01,2.248939e+01,2.253741e+01,2.251683e+01,2.273610e+01,2.265392e+01,2.269502e+01,2.261967e+01,2.268817e+01,2.251683e+01,2.240015e+01,2.249625e+01,2.255112e+01,2.259225e+01,2.240015e+01,2.252369e+01,2.255112e+01,2.246880e+01,2.235894e+01,2.252369e+01,2.259225e+01,2.254426e+01,2.253055e+01,2.257854e+01,2.252369e+01,2.250997e+01,2.247566e+01,2.252369e+01,2.263337e+01,2.245507e+01,2.267447e+01,2.274978e+01,2.274978e+01,2.302318e+01,2.300270e+01,2.315960e+01,2.321412e+01,2.316642e+01,2.308459e+01,2.287974e+01,2.311869e+01,2.313915e+01,2.311869e+01,2.300270e+01,2.307095e+01,2.309823e+01,2.302318e+01,2.315960e+01,2.313233e+01,2.313915e+01,2.311187e+01,2.311187e+01,2.318686e+01,2.323456e+01,2.320731e+01,2.330946e+01,2.338431e+01,2.336390e+01,2.337751e+01,2.353384e+01,2.339791e+01,2.347949e+01,2.356101e+01,2.363567e+01,2.361531e+01,2.371028e+01,2.379839e+01,2.373062e+01,2.366281e+01,2.369672e+01,2.371028e+01,2.371706e+01,2.373740e+01,2.368316e+01,2.368994e+01,2.368316e+01,2.364924e+01,2.377129e+01,2.382549e+01,2.373062e+01,2.379162e+01,2.381872e+01,2.376451e+01,2.397439e+01,2.362210e+01,2.377807e+01,2.365602e+01,2.369672e+01,2.366959e+01,2.371028e+01,2.379162e+01,2.371706e+01,2.364924e+01,2.371028e+01,2.368994e+01,2.370350e+01,2.373740e+01,2.380517e+01,2.370350e+01,2.373740e+01,2.362889e+01,2.367638e+01,2.367638e+01,2.378484e+01,2.364246e+01,2.377129e+01,2.370350e+01,2.372384e+01,2.364924e+01,2.358816e+01,2.374418e+01,2.376451e+01,2.373062e+01,2.378484e+01,2.375096e+01,2.368994e+01,2.373062e+01,2.371706e+01,2.375774e+01,2.381194e+01,2.382549e+01,2.382549e+01,2.383903e+01,2.379839e+01,2.374418e+01,2.374418e+01,2.375774e+01,2.375096e+01,2.376451e+01,2.376451e+01,2.375096e+01,2.383226e+01,2.387966e+01,2.379839e+01,2.387966e+01,2.382549e+01,2.383226e+01,2.400144e+01,2.391350e+01,2.390673e+01,2.399467e+01,2.393380e+01,2.378484e+01,2.383226e+01,2.381194e+01,2.367638e+01,2.361531e+01,2.334349e+01,2.313233e+01,2.299587e+01,2.269502e+01,2.235894e+01,2.229709e+01,2.235894e+01,2.226959e+01,2.240702e+01,2.242762e+01,2.225584e+01,2.240015e+01,2.227647e+01,2.233146e+01,2.234520e+01,2.235894e+01,2.237268e+01,2.235894e+01,2.238642e+01,2.242075e+01,2.270187e+01,2.264708e+01,2.268817e+01,2.287290e+01,2.293440e+01,2.290024e+01,2.276347e+01,2.341151e+01,2.431874e+01,2.332988e+01,2.356101e+01,2.338431e+01,2.351346e+01,2.388643e+01,2.451405e+01,2.357458e+01,2.364246e+01,2.380517e+01,2.300270e+01,2.269502e+01,2.292074e+01,2.299587e+01,2.368994e+01,2.370350e+01,2.349988e+01,2.319368e+01,2.313233e+01,2.300953e+01,2.301635e+01,2.298221e+01,2.348629e+01,2.341831e+01,2.275663e+01,2.301635e+01,2.295490e+01,2.307095e+01,2.318005e+01,2.287290e+01,2.266078e+01,2.235894e+01,2.235894e+01,2.262652e+01,2.299587e+01,2.304365e+01,2.305730e+01,2.322775e+01,2.311187e+01,2.327542e+01,2.257854e+01,2.217328e+01,2.219393e+01,2.232458e+01,2.283872e+01,2.347269e+01,2.461492e+01,2.369672e+01,2.358816e+01,2.426480e+01,2.500406e+01,2.579798e+01,2.579133e+01,2.362889e+01,2.239328e+01,2.228334e+01,2.259225e+01,2.296173e+01,2.266763e+01,2.271556e+01,2.323456e+01,2.385935e+01,2.377129e+01,2.339111e+01,2.292757e+01,2.265392e+01,2.266763e+01,2.290024e+01,2.252369e+01,2.250997e+01,2.308459e+01,2.499736e+01,2.464180e+01,2.268132e+01,2.206999e+01,2.179404e+01,2.189761e+01,2.210443e+01,2.224208e+01,2.296856e+01,2.307095e+01,2.298904e+01,2.255798e+01,2.256483e+01,2.246194e+01,2.216640e+01,2.257854e+01,2.328904e+01,2.334349e+01,2.330946e+01,2.283188e+01,2.268817e+01,2.279084e+01,2.255112e+01,2.261967e+01,2.278400e+01,2.250311e+01,2.257854e+01,2.251683e+01,2.248939e+01,2.255112e+01,2.257854e+01,2.253055e+01,2.248939e+01,2.255798e+01,2.255798e+01,2.257854e+01,2.252369e+01,2.255112e+01,2.245507e+01,2.250997e+01,2.259225e+01,2.250311e+01,2.248252e+01,2.250311e+01,2.249625e+01,2.259225e+01,2.259911e+01,2.246880e+01,2.248252e+01,2.242075e+01,2.248939e+01,2.245507e+01,2.244821e+01,2.243448e+01,2.240702e+01,2.244135e+01,2.245507e+01,2.233833e+01,2.237268e+01,2.238642e+01,2.240702e+01,2.218705e+01,2.226271e+01,2.224208e+01,2.233833e+01,2.232458e+01,2.222833e+01,2.235894e+01,2.226959e+01,2.219393e+01,2.231771e+01,2.219393e+01,2.224208e+01,2.220081e+01,2.225584e+01,2.230396e+01,2.215952e+01,2.209066e+01,2.223520e+01,2.219393e+01,2.220081e+01,2.217328e+01,2.206310e+01,2.213198e+01,2.203554e+01,2.203554e+01,2.198729e+01,2.194591e+01,2.194591e+01,2.195970e+01,2.189071e+01,2.189071e+01,2.181476e+01,2.182858e+01,2.189071e+01,2.197349e+01,2.195970e+01,2.198039e+01,2.189761e+01,2.195280e+01,2.182858e+01,2.191831e+01,2.191831e+01,2.202865e+01,2.196660e+01,2.194591e+01,2.200107e+01,2.202176e+01,2.209066e+01,2.198039e+01,2.206999e+01,2.197349e+01,2.204932e+01,2.212509e+01,2.202176e+01,2.209755e+01,2.206999e+01,2.198039e+01,2.199418e+01,2.200107e+01,2.216640e+01,2.218016e+01,2.217328e+01,2.208377e+01,2.215952e+01,2.214575e+01,2.213198e+01,2.222833e+01,2.195280e+01,2.212509e+01,2.214575e+01,2.210443e+01,2.207688e+01,2.195280e+01,2.213198e+01,2.213886e+01,2.197349e+01,2.216640e+01,2.209755e+01,2.208377e+01,2.208377e+01,2.211821e+01,2.209755e+01,2.211132e+01,2.206999e+01,2.211821e+01,2.209066e+01,2.208377e+01,2.200797e+01,2.215952e+01,2.210443e+01,2.215263e+01,2.205621e+01,2.214575e+01,2.209066e+01,2.209755e+01,2.206310e+01,2.215263e+01,2.204243e+01,2.215263e+01,2.215263e+01,2.208377e+01,2.207688e+01,2.202865e+01,2.204243e+01,2.201486e+01,2.200107e+01,2.202176e+01,2.202865e+01,2.198039e+01,2.201486e+01,2.187000e+01,2.195280e+01,2.200107e+01,2.196660e+01,2.198729e+01,2.195280e+01,2.193901e+01,2.204243e+01,2.189071e+01,2.189071e+01,2.188381e+01,2.191831e+01,2.189761e+01,2.184929e+01,2.195280e+01,2.182167e+01,2.189071e+01,2.190451e+01,2.193901e+01,2.193901e+01,2.192521e+01,2.182858e+01,2.194591e+01,2.194591e+01,2.209755e+01,2.193211e+01,2.195280e+01,2.198729e+01,2.206310e+01,2.193211e+01,2.193211e+01,2.203554e+01,2.206999e+01,2.189761e+01,2.196660e+01,2.190451e+01,2.204243e+01,2.200107e+01,2.202176e+01,2.214575e+01,2.200797e+01,2.202176e+01,2.202865e+01,2.188381e+01,2.202865e+01,2.198039e+01,2.198729e+01,2.198039e+01,2.197349e+01,2.193901e+01,2.199418e+01,2.189071e+01,2.195970e+01,2.191141e+01,2.194591e+01,2.209066e+01,2.206999e+01,2.200797e+01,2.198039e+01,2.206999e+01,2.207688e+01,2.206999e+01,2.191141e+01,2.211132e+01,2.208377e+01,2.196660e+01,2.209066e+01,2.206310e+01,2.215952e+01,2.213198e+01,2.217328e+01,2.214575e+01,2.203554e+01,2.204243e+01,2.189761e+01,2.193211e+01,2.209066e+01,2.196660e+01,2.194591e+01,2.194591e+01,2.205621e+01,2.193901e+01,2.189071e+01,2.179404e+01,2.171111e+01,2.172494e+01,2.178713e+01,2.176641e+01,2.178022e+01,2.171111e+01,2.166962e+01,2.166270e+01,2.166962e+01,2.164195e+01,2.166270e+01,2.161427e+01,2.153119e+01,2.164887e+01,2.156582e+01,2.157967e+01,2.166962e+01,2.165579e+01,2.162811e+01,2.163503e+01,2.158659e+01,2.164195e+01,2.163503e+01,2.162119e+01,2.173876e+01,2.179404e+01,2.174567e+01,2.165579e+01,2.168345e+01,2.166962e+01,2.186310e+01,2.177332e+01,2.178022e+01,2.191141e+01,2.205621e+01,2.203554e+01,2.209066e+01,2.209066e+01,2.204932e+01,2.205621e+01,2.207688e+01,2.206310e+01,2.198729e+01,2.202865e+01,2.215263e+01,2.211132e+01,2.223520e+01,2.219393e+01,2.223520e+01,2.218016e+01,2.213198e+01,2.211132e+01,2.226271e+01,2.229022e+01,2.236581e+01,2.224896e+01,2.214575e+01,2.244135e+01,2.214575e+01,2.226959e+01,2.227647e+01,2.213198e+01,2.219393e+01,2.211132e+01,2.209066e+01,2.225584e+01,2.232458e+01,2.224208e+01,2.222833e+01,2.222833e+01,2.228334e+01,2.214575e+01,2.209755e+01,2.214575e+01,2.217328e+01,2.213886e+01,2.223520e+01,2.213886e+01,2.204932e+01,2.218016e+01,2.209066e+01,2.213198e+01,2.214575e+01,2.204243e+01,2.211132e+01,2.211132e+01,2.205621e+01,2.221457e+01,2.206999e+01,2.207688e+01,2.211132e+01,2.216640e+01,2.226271e+01,2.211821e+01,2.204932e+01,2.218016e+01,2.218705e+01,2.219393e+01,2.220081e+01,2.222145e+01,2.235207e+01
2.248939e+01,2.243448e+01,2.245507e+01,2.254426e+01,2.252369e+01,2.248252e+01,2.258540e+01,2.250997e+01,2.256483e+01,2.246194e+01,2.249625e+01,2.255798e+01,2.243448e+01,2.261967e+01,2.260596e+01,2.264708e+01,2.261967e+01,2.264022e+01,2.261282e+01,2.258540e+01,2.268132e+01,2.265392e+01,2.244821e+01,2.252369e+01,2.253741e+01,2.259225e+01,2.250997e+01,2.257854e+01,2.261282e+01,2.256483e+01,2.254426e+01,2.258540e+01,2.253055e+01,2.251683e+01,2.246194e+01,2.256483e+01,2.252369e+01,2.252369e+01,2.244821e+01,2.253055e+01,2.223520e+01,2.260596e+01,2.254426e+01,2.242762e+01,2.245507e+01,2.250997e+01,2.237268e+01,2.253055e+01,2.255112e+01,2.257169e+01,2.250311e+01,2.256483e+01,2.253055e+01,2.242075e+01,2.254426e+01,2.265392e+01,2.258540e+01,2.268817e+01,2.261967e+01,2.244135e+01,2.271556e+01,2.268817e+01,2.270187e+01,2.273610e+01,2.292074e+01,2.292757e+01,2.294123e+01,2.300270e+01,2.299587e+01,2.298221e+01,2.305048e+01,2.306412e+01,2.299587e+01,2.313915e+01,2.321412e+01,2.323456e+01,2.300270e+01,2.313233e+01,2.284555e+01,2.296856e+01,2.300953e+01,2.308459e+01,2.305730e+01,2.308459e+01,2.312551e+01,2.323456e+01,2.322775e+01,2.311869e+01,2.335029e+01,2.327542e+01,2.317323e+01,2.338431e+01,2.330946e+01,2.340471e+01,2.335710e+01,2.340471e+01,2.344551e+01,2.359495e+01,2.345910e+01,2.354742e+01,2.360174e+01,2.366959e+01,2.380517e+01,2.374418e+01,2.383903e+01,2.383903e+01,2.385935e+01,2.385258e+01,2.381872e+01,2.370350e+01,2.375774e+01,2.373740e+01,2.376451e+01,2.379162e+01,2.377129e+01,2.381872e+01,2.381872e+01,2.377807e+01,2.381872e+01,2.383903e+01,2.391350e+01,2.395410e+01,2.378484e+01,2.370350e+01,2.381194e+01,2.379162e+01,2.379839e+01,2.377807e+01,2.370350e+01,2.396762e+01,2.368316e+01,2.377129e+01,2.388643e+01,2.368994e+01,2.377807e+01,2.373062e+01,2.369672e+01,2.362210e+01,2.366281e+01,2.366959e+01,2.377129e+01,2.383226e+01,2.356101e+01,2.372384e+01,2.378484e+01,2.373062e+01,2.371706e+01,2.377129e+01,2.374418e+01,2.369672e+01,2.360174e+01,2.377807e+01,2.368316e+01,2.373740e+01,2.383903e+01,2.371706e+01,2.381194e+01,2.374418e+01,2.383903e+01,2.379162e+01,2.381872e+01,2.374418e+01,2.374418e+01,2.379162e+01,2.383903e+01,2.385258e+01,2.372384e+01,2.373740e+01,2.377129e+01,2.394057e+01,2.379162e+01,2.379839e+01,2.381194e+01,2.385935e+01,2.396086e+01,2.391350e+01,2.387966e+01,2.398791e+01,2.397439e+01,2.394733e+01,2.385935e+01,2.381872e+01,2.369672e+01,2.363567e+01,2.362889e+01,2.344551e+01,2.352026e+01,2.360174e+01,2.270871e+01,2.240702e+01,2.233833e+01,2.230396e+01,2.232458e+01,2.224208e+01,2.234520e+01,2.225584e+01,2.244135e+01,2.238642e+01,2.241389e+01,2.229709e+01,2.233833e+01,2.250311e+01,2.233146e+01,2.235894e+01,2.266078e+01,2.272925e+01,2.274294e+01,2.285239e+01,2.326861e+01,2.442654e+01,2.497057e+01,2.340471e+01,2.389320e+01,2.529831e+01,2.352026e+01,2.328223e+01,2.298221e+01,2.352026e+01,2.432548e+01,2.387966e+01,2.381872e+01,2.454095e+01,2.448040e+01,2.345910e+01,2.298221e+01,2.322775e+01,2.268817e+01,2.298221e+01,2.366281e+01,2.387289e+01,2.410956e+01,2.386612e+01,2.349308e+01,2.350667e+01,2.343871e+01,2.442654e+01,2.390673e+01,2.301635e+01,2.298221e+01,2.294807e+01,2.283188e+01,2.287974e+01,2.275663e+01,2.238642e+01,2.233833e+01,2.275663e+01,2.305730e+01,2.323456e+01,2.326861e+01,2.304365e+01,2.305048e+01,2.321412e+01,2.386612e+01,2.253055e+01,2.217328e+01,2.241389e+01,2.214575e+01,2.259225e+01,2.348629e+01,2.417709e+01,2.325499e+01,2.381194e+01,2.499067e+01,2.634820e+01,2.548513e+01,2.341151e+01,2.242075e+01,2.235894e+01,2.274978e+01,2.373740e+01,2.309141e+01,2.266763e+01,2.274978e+01,2.254426e+01,2.281820e+01,2.314597e+01,2.354742e+01,2.351346e+01,2.268132e+01,2.251683e+01,2.279768e+01,2.261282e+01,2.252369e+01,2.292074e+01,2.332307e+01,2.248939e+01,2.186310e+01,2.171802e+01,2.171802e+01,2.212509e+01,2.290707e+01,2.387289e+01,2.386612e+01,2.324818e+01,2.326180e+01,2.327542e+01,2.328223e+01,2.285239e+01,2.259911e+01,2.259225e+01,2.294807e+01,2.274294e+01,2.255112e+01,2.250997e+01,2.279084e+01,2.246194e+01,2.247566e+01,2.277032e+01,2.266078e+01,2.264022e+01,2.248252e+01,2.250311e+01,2.246194e+01,2.259225e+01,2.246194e+01,2.254426e+01,2.259911e+01,2.247566e+01,2.250997e+01,2.244821e+01,2.260596e+01,2.246880e+01,2.253741e+01,2.242075e+01,2.242762e+01,2.248252e+01,2.248252e+01,2.257854e+01,2.248939e+01,2.248252e+01,2.240702e+01,2.245507e+01,2.253055e+01,2.248939e+01,2.252369e+01,2.253055e+01,2.241389e+01,2.242075e+01,2.242075e+01,2.244135e+01,2.240015e+01,2.233146e+01,2.236581e+01,2.233833e+01,2.237955e+01,2.222145e+01,2.233833e+01,2.226271e+01,2.227647e+01,2.231771e+01,2.226959e+01,2.220081e+01,2.223520e+01,2.213886e+01,2.215952e+01,2.220081e+01,2.216640e+01,2.219393e+01,2.227647e+01,2.213886e+01,2.220081e+01,2.216640e+01,2.188381e+01,2.215263e+01,2.216640e+01,2.212509e+01,2.222833e+01,2.206310e+01,2.205621e+01,2.200107e+01,2.199418e+01,2.195970e+01,2.186310e+01,2.189761e+01,2.186310e+01,2.184929e+01,2.181476e+01,2.187000e+01,2.186310e+01,2.185620e+01,2.191141e+01,2.189761e+01,2.196660e+01,2.188381e+01,2.190451e+01,2.188381e+01,2.189071e+01,2.202865e+01,2.191141e+01,2.184929e+01,2.198039e+01,2.198729e+01,2.204932e+01,2.202176e+01,2.202865e+01,2.200797e+01,2.204932e+01,2.202865e+01,2.202176e+01,2.200107e+01,2.202176e+01,2.204932e+01,2.211132e+01,2.200797e+01,2.203554e+01,2.212509e+01,2.204243e+01,2.217328e+01,2.211821e+01,2.212509e+01,2.210443e+01,2.215263e+01,2.217328e+01,2.213886e+01,2.214575e+01,2.210443e+01,2.211821e+01,2.213886e+01,2.220081e+01,2.210443e+01,2.198729e+01,2.204932e+01,2.212509e+01,2.206999e+01,2.210443e+01,2.212509e+01,2.202176e+01,2.210443e+01,2.211821e+01,2.209755e+01,2.210443e+01,2.213198e+01,2.209066e+01,2.209066e+01,2.211821e+01,2.210443e+01,2.204932e+01,2.202865e+01,2.206999e+01,2.207688e+01,2.201486e+01,2.192521e+01,2.214575e+01,2.205621e+01,2.206999e+01,2.189761e+01,2.214575e+01,2.202865e+01,2.195280e+01,2.196660e+01,2.200107e+01,2.194591e+01,2.193211e+01,2.200797e+01,2.195970e+01,2.193901e+01,2.184929e+01,2.181476e+01,2.196660e+01,2.194591e+01,2.198729e+01,2.187000e+01,2.197349e+01,2.189071e+01,2.187691e+01,2.188381e+01,2.189761e+01,2.193901e+01,2.193901e+01,2.191141e+01,2.193901e+01,2.191831e+01,2.190451e+01,2.193211e+01,2.187691e+01,2.184929e+01,2.182167e+01,2.195970e+01,2.191141e+01,2.193901e+01,2.195280e+01,2.189761e+01,2.197349e+01,2.201486e+01,2.209066e+01,2.200797e+01,2.201486e+01,2.200797e+01,2.204932e+01,2.204932e+01,2.191141e+01,2.192521e+01,2.204243e+01,2.194591e+01,2.187691e+01,2.191141e+01,2.202865e+01,2.189071e+01,2.200797e+01,2.202176e+01,2.197349e+01,2.191831e+01,2.189071e+01,2.192521e+01,2.184239e+01,2.193901e+01,2.193211e+01,2.199418e+01,2.194591e+01,2.198039e+01,2.206310e+01,2.207688e+01,2.204243e+01,2.215952e+01,2.215263e+01,2.199418e+01,2.204243e+01,2.208377e+01,2.202865e+01,2.209066e+01,2.208377e+01,2.200797e+01,2.215952e+01,2.208377e+01,2.215263e+01,2.215263e+01,2.204932e+01,2.200107e+01,2.205621e+01,2.206999e+01,2.194591e+01,2.202865e+01,2.199418e+01,2.207688e+01,2.207688e+01,2.204932e+01,2.185620e+01,2.191831e+01,2.167654e+01,2.178713e+01,2.177332e+01,2.171111e+01,2.171111e+01,2.173876e+01,2.167654e+01,2.165579e+01,2.164887e+01,2.165579e+01,2.158659e+01,2.158659e+01,2.164195e+01,2.154505e+01,2.153812e+01,2.160043e+01,2.149656e+01,2.153119e+01,2.154505e+01,2.154505e+01,2.158659e+01,2.161427e+01,2.151042e+01,2.148270e+01,2.164887e+01,2.166270e+01,2.161427e+01,2.164195e+01,2.166270e+01,2.189761e+01,2.193211e+01,2.192521e+01,2.186310e+01,2.195280e+01,2.194591e+01,2.178713e+01,2.209066e+01,2.204243e+01,2.201486e+01,2.207688e+01,2.202865e+01,2.218016e+01,2.217328e+01,2.208377e+01,2.215952e+01,2.219393e+01,2.215952e+01,2.215263e+01,2.205621e+01,2.222833e+01,2.222833e+01,2.222833e+01,2.231771e+01,2.230396e+01,2.214575e+01,2.222833e+01,2.220081e+01,2.215263e+01,2.214575e+01,2.212509e+01,2.215263e+01,2.220081e+01,2.214575e+01,2.228334e+01,2.213198e+01,2.213886e+01,2.220769e+01,2.230396e+01,2.222145e+01,2.204932e+01,2.222833e+01,2.213886e+01,2.213886e+01,2.213198e+01,2.215263e+01,2.224208e+01,2.222833e+01,2.215952e+01,2.214575e+01,2.218705e+01,2.216640e+01,2.211821e+01,2.200107e+01,2.215952e+01,2.208377e+01,2.202176e+01,2.206999e+01,2.204243e+01,2.211821e+01,2.215952e+01,2.213886e+01,2.210443e+01,2.214575e+01,2.222833e+01,2.216640e+01,2.219393e+01,2.215263e+01,2.209066e+01,2.209066e+01,2.209066e+01,2.212509e+01,2.232458e+01
2.261282e+01,2.246194e+01,2.245507e+01,2.247566e+01,2.253055e+01,2.248252e+01,2.246880e+01,2.248939e+01,2.243448e+01,2.239328e+01,2.255112e+01,2.256483e+01,2.250311e+01,2.246880e+01,2.259911e+01,2.247566e+01,2.264022e+01,2.264708e+01,2.267447e+01,2.257169e+01,2.261282e+01,2.257854e+01,2.260596e+01,2.260596e+01,2.254426e+01,2.260596e+01,2.260596e+01,2.260596e+01,2.255112e+01,2.256483e+01,2.255112e+01,2.269502e+01,2.246194e+01,2.258540e+01,2.257854e+01,2.237268e+01,2.262652e+01,2.245507e+01,2.253741e+01,2.252369e+01,2.246194e+01,2.255112e+01,2.250311e+01,2.271556e+01,2.256483e+01,2.255112e+01,2.253055e+01,2.255798e+01,2.240015e+01,2.259225e+01,2.251683e+01,2.255798e+01,2.245507e+01,2.253741e+01,2.248252e+01,2.234520e+01,2.266763e+01,2.292757e+01,2.267447e+01,2.295490e+01,2.270871e+01,2.311869e+01,2.288657e+01,2.311869e+01,2.315960e+01,2.337070e+01,2.341151e+01,2.358138e+01,2.338431e+01,2.305730e+01,2.312551e+01,2.298221e+01,2.312551e+01,2.313915e+01,2.303000e+01,2.310505e+01,2.311187e+01,2.317323e+01,2.308459e+01,2.310505e+01,2.298221e+01,2.307777e+01,2.314597e+01,2.311869e+01,2.307095e+01,2.338431e+01,2.315278e+01,2.319368e+01,2.319368e+01,2.339791e+01,2.337070e+01,2.330946e+01,2.345910e+01,2.347269e+01,2.345230e+01,2.345230e+01,2.343871e+01,2.356101e+01,2.344551e+01,2.349308e+01,2.365602e+01,2.356101e+01,2.367638e+01,2.373740e+01,2.385935e+01,2.373062e+01,2.385258e+01,2.368994e+01,2.387289e+01,2.379162e+01,2.379839e+01,2.376451e+01,2.380517e+01,2.382549e+01,2.381872e+01,2.381194e+01,2.400144e+01,2.394057e+01,2.372384e+01,2.392703e+01,2.392703e+01,2.384581e+01,2.390673e+01,2.390673e+01,2.381872e+01,2.379162e+01,2.380517e+01,2.377129e+01,2.379839e+01,2.373740e+01,2.371028e+01,2.381194e+01,2.373062e+01,2.377807e+01,2.376451e+01,2.375096e+01,2.381194e+01,2.364924e+01,2.373740e+01,2.366959e+01,2.377807e+01,2.375096e+01,2.375774e+01,2.377129e+01,2.385258e+01,2.371706e+01,2.372384e+01,2.378484e+01,2.377807e+01,2.374418e+01,2.369672e+01,2.375096e+01,2.380517e+01,2.369672e+01,2.396086e+01,2.378484e+01,2.377129e+01,2.380517e+01,2.383903e+01,2.356779e+01,2.375096e+01,2.374418e+01,2.387966e+01,2.391350e+01,2.388643e+01,2.376451e+01,2.394057e+01,2.377129e+01,2.385258e+01,2.379839e+01,2.377129e+01,2.383226e+01,2.394733e+01,2.390673e+01,2.402172e+01,2.402848e+01,2.401496e+01,2.383226e+01,2.384581e+01,2.385935e+01,2.371028e+01,2.392027e+01,2.364246e+01,2.364924e+01,2.359495e+01,2.354742e+01,2.354742e+01,2.489015e+01,2.347269e+01,2.266763e+01,2.244135e+01,2.227647e+01,2.231771e+01,2.233833e+01,2.241389e+01,2.242762e+01,2.224208e+01,2.231771e+01,2.242075e+01,2.231771e+01,2.244135e+01,2.240702e+01,2.242762e+01,2.235207e+01,2.266763e+01,2.260596e+01,2.277032e+01,2.311187e+01,2.401496e+01,2.675735e+01,2.573814e+01,2.389320e+01,2.493037e+01,2.573149e+01,2.339111e+01,2.322093e+01,2.320049e+01,2.394733e+01,2.377129e+01,2.373062e+01,2.390673e+01,2.408930e+01,2.455441e+01,2.352026e+01,2.305048e+01,2.277716e+01,2.273610e+01,2.267447e+01,2.281820e+01,2.315278e+01,2.381872e+01,2.385258e+01,2.352026e+01,2.372384e+01,2.344551e+01,2.308459e+01,2.342511e+01,2.320731e+01,2.272241e+01,2.273610e+01,2.277032e+01,2.281136e+01,2.293440e+01,2.243448e+01,2.282504e+01,2.326861e+01,2.352026e+01,2.351346e+01,2.303000e+01,2.270187e+01,2.273610e+01,2.313233e+01,2.285239e+01,2.249625e+01,2.227647e+01,2.236581e+01,2.242762e+01,2.287290e+01,2.332988e+01,2.387966e+01,2.376451e+01,2.396762e+01,2.499067e+01,2.422433e+01,2.300953e+01,2.267447e+01,2.266078e+01,2.312551e+01,2.413658e+01,2.474927e+01,2.306412e+01,2.306412e+01,2.267447e+01,2.272925e+01,2.244135e+01,2.268132e+01,2.297539e+01,2.286607e+01,2.254426e+01,2.269502e+01,2.261282e+01,2.290024e+01,2.298221e+01,2.280452e+01,2.223520e+01,2.180095e+01,2.167654e+01,2.173185e+01,2.212509e+01,2.305730e+01,2.396086e+01,2.577139e+01,2.525823e+01,2.423782e+01,2.547179e+01,2.620926e+01,2.617615e+01,2.442654e+01,2.281820e+01,2.259911e+01,2.276347e+01,2.279768e+01,2.254426e+01,2.272241e+01,2.276347e+01,2.211821e+01,2.246194e+01,2.281820e+01,2.290024e+01,2.261282e+01,2.249625e+01,2.258540e+01,2.252369e+01,2.244135e+01,2.261967e+01,2.257854e+01,2.260596e+01,2.239328e+01,2.261282e+01,2.248939e+01,2.246194e+01,2.250311e+01,2.250311e+01,2.253741e+01,2.240015e+01,2.256483e+01,2.242762e+01,2.254426e+01,2.251683e+01,2.255112e+01,2.250311e+01,2.257169e+01,2.259911e+01,2.253741e+01,2.253055e+01,2.249625e+01,2.237955e+01,2.242762e+01,2.235894e+01,2.226959e+01,2.246194e+01,2.235894e+01,2.244135e+01,2.238642e+01,2.229022e+01,2.237268e+01,2.233833e+01,2.233833e+01,2.224896e+01,2.226959e+01,2.225584e+01,2.222833e+01,2.218016e+01,2.221457e+01,2.222833e+01,2.222145e+01,2.218016e+01,2.221457e+01,2.224208e+01,2.215952e+01,2.218016e+01,2.215952e+01,2.220769e+01,2.216640e+01,2.201486e+01,2.211821e+01,2.211132e+01,2.206999e+01,2.202176e+01,2.209066e+01,2.203554e+01,2.192521e+01,2.200107e+01,2.198039e+01,2.195280e+01,2.181476e+01,2.199418e+01,2.180095e+01,2.193901e+01,2.183548e+01,2.185620e+01,2.192521e+01,2.182167e+01,2.189071e+01,2.189761e+01,2.198039e+01,2.180095e+01,2.195970e+01,2.191831e+01,2.193211e+01,2.187000e+01,2.190451e+01,2.197349e+01,2.200107e+01,2.202865e+01,2.198729e+01,2.200107e+01,2.189761e+01,2.193211e+01,2.196660e+01,2.215952e+01,2.195970e+01,2.198729e+01,2.214575e+01,2.202865e+01,2.199418e+01,2.215263e+01,2.207688e+01,2.214575e+01,2.212509e+01,2.216640e+01,2.209066e+01,2.216640e+01,2.215263e+01,2.222145e+01,2.209755e+01,2.210443e+01,2.211821e+01,2.207688e+01,2.201486e+01,2.206310e+01,2.206310e+01,2.216640e+01,2.206310e+01,2.208377e+01,2.211132e+01,2.211821e+01,2.210443e+01,2.211821e+01,2.208377e+01,2.206999e+01,2.200797e+01,2.203554e+01,2.213886e+01,2.201486e+01,2.201486e+01,2.200797e+01,2.206310e+01,2.207688e+01,2.204932e+01,2.202176e+01,2.197349e+01,2.201486e+01,2.206310e+01,2.200797e+01,2.196660e+01,2.208377e+01,2.202176e+01,2.205621e+01,2.200797e+01,2.195970e+01,2.199418e+01,2.198039e+01,2.201486e+01,2.195280e+01,2.211132e+01,2.193901e+01,2.198039e+01,2.193211e+01,2.189761e+01,2.192521e+01,2.188381e+01,2.199418e+01,2.194591e+01,2.191831e+01,2.203554e+01,2.196660e+01,2.195280e+01,2.193211e+01,2.187000e+01,2.191831e+01,2.194591e+01,2.189071e+01,2.191831e+01,2.184239e+01,2.197349e+01,2.193211e+01,2.194591e+01,2.195280e+01,2.198729e+01,2.212509e+01,2.191831e+01,2.202865e+01,2.202176e+01,2.199418e+01,2.204243e+01,2.202176e+01,2.193901e+01,2.197349e+01,2.187691e+01,2.204932e+01,2.204932e+01,2.200107e+01,2.196660e+01,2.194591e+01,2.198039e+01,2.195970e+01,2.189071e+01,2.202176e+01,2.194591e+01,2.198729e+01,2.192521e+01,2.189761e+01,2.187000e+01,2.204243e+01,2.186310e+01,2.188381e+01,2.195280e+01,2.191141e+01,2.188381e+01,2.190451e+01,2.200107e+01,2.206310e+01,2.205621e+01,2.211132e+01,2.198039e+01,2.207688e+01,2.206999e+01,2.208377e+01,2.210443e+01,2.211132e+01,2.205621e+01,2.200107e+01,2.196660e+01,2.219393e+01,2.216640e+01,2.211821e+01,2.206310e+01,2.196660e+01,2.210443e+01,2.212509e+01,2.197349e+01,2.203554e+01,2.199418e+01,2.201486e+01,2.180786e+01,2.187000e+01,2.191831e+01,2.185620e+01,2.172494e+01,2.163503e+01,2.178022e+01,2.178022e+01,2.159351e+01,2.168345e+01,2.165579e+01,2.162811e+01,2.166270e+01,2.167654e+01,2.162119e+01,2.165579e+01,2.161427e+01,2.162811e+01,2.139258e+01,2.161427e+01,2.163503e+01,2.166962e+01,2.164195e+01,2.166962e+01,2.159351e+01,2.163503e+01,2.148270e+01,2.164195e+01,2.166962e+01,2.166270e+01,2.162811e+01,2.164887e+01,2.166962e+01,2.177332e+01,2.171802e+01,2.173876e+01,2.179404e+01,2.187000e+01,2.180786e+01,2.204932e+01,2.191141e+01,2.195280e+01,2.213198e+01,2.184239e+01,2.217328e+01,2.204243e+01,2.203554e+01,2.211821e+01,2.200797e+01,2.215263e+01,2.218705e+01,2.206999e+01,2.230396e+01,2.211132e+01,2.218705e+01,2.224896e+01,2.221457e+01,2.206999e+01,2.229709e+01,2.222833e+01,2.226959e+01,2.220769e+01,2.211821e+01,2.232458e+01,2.226959e+01,2.215263e+01,2.226271e+01,2.226271e+01,2.226959e+01,2.214575e+01,2.216640e+01,2.213198e+01,2.218705e+01,2.218016e+01,2.211821e+01,2.212509e+01,2.213198e+01,2.209066e+01,2.206999e+01,2.209755e+01,2.204932e+01,2.207688e+01,2.203554e+01,2.211821e+01,2.214575e+01,2.201486e+01,2.213886e+01,2.213886e+01,2.207688e+01,2.204243e+01,2.203554e+01,2.202176e+01,2.202176e+01,2.207688e+01,2.218705e+01,2.214575e+01,2.217328e+01,2.215263e+01,2.215952e+01,2.213198e+01,2.215263e+01,2.211132e+01,2.210443e+01,2.231771e+01,2.232458e+01
2.248939e+01,2.244821e+01,2.242075e+01,2.246194e+01,2.243448e+01,2.256483e+01,2.257854e+01,2.259911e+01,2.255798e+01,2.241389e+01,2.249625e+01,2.250997e+01,2.248252e+01,2.254426e+01,2.251683e+01,2.260596e+01,2.250997e+01,2.259225e+01,2.257854e+01,2.255112e+01,2.257169e+01,2.259225e+01,2.264708e+01,2.258540e+01,2.255798e+01,2.257854e+01,2.259225e+01,2.260596e+01,2.259911e+01,2.254426e+01,2.254426e+01,2.259225e+01,2.240015e+01,2.252369e+01,2.267447e+01,2.247566e+01,2.260596e+01,2.241389e+01,2.252369e+01,2.246880e+01,2.253055e+01,2.255798e+01,2.231771e+01,2.250997e+01,2.252369e+01,2.256483e+01,2.253055e+01,2.261967e+01,2.242075e+01,2.246880e+01,2.259225e+01,2.243448e+01,2.244135e+01,2.253741e+01,2.251683e+01,2.252369e+01,2.265392e+01,2.294807e+01,2.342511e+01,2.350667e+01,2.359495e+01,2.347269e+01,2.318686e+01,2.298904e+01,2.283872e+01,2.253741e+01,2.239328e+01,2.246194e+01,2.264022e+01,2.308459e+01,2.306412e+01,2.309823e+01,2.313233e+01,2.309141e+01,2.310505e+01,2.306412e+01,2.310505e+01,2.318005e+01,2.313233e+01,2.313233e+01,2.326180e+01,2.328223e+01,2.318005e+01,2.330265e+01,2.331627e+01,2.325499e+01,2.341151e+01,2.339791e+01,2.328904e+01,2.344551e+01,2.341831e+01,2.343191e+01,2.347269e+01,2.347949e+01,2.339111e+01,2.362889e+01,2.358138e+01,2.361531e+01,2.364246e+01,2.348629e+01,2.368316e+01,2.363567e+01,2.366959e+01,2.369672e+01,2.368316e+01,2.385935e+01,2.370350e+01,2.388643e+01,2.377129e+01,2.381872e+01,2.386612e+01,2.385935e+01,2.392027e+01,2.391350e+01,2.375774e+01,2.386612e+01,2.384581e+01,2.396086e+01,2.392703e+01,2.392027e+01,2.392703e+01,2.393380e+01,2.396086e+01,2.385258e+01,2.384581e+01,2.382549e+01,2.380517e+01,2.383903e+01,2.367638e+01,2.379162e+01,2.382549e+01,2.365602e+01,2.377129e+01,2.383226e+01,2.375774e+01,2.375096e+01,2.380517e+01,2.372384e+01,2.374418e+01,2.358816e+01,2.377129e+01,2.381872e+01,2.370350e+01,2.370350e+01,2.373062e+01,2.377807e+01,2.375096e+01,2.377129e+01,2.384581e+01,2.366959e+01,2.379839e+01,2.368316e+01,2.376451e+01,2.377807e+01,2.372384e+01,2.375774e+01,2.377129e+01,2.377807e+01,2.379839e+01,2.401496e+01,2.385935e+01,2.379839e+01,2.377129e+01,2.383903e+01,2.374418e+01,2.384581e+01,2.379162e+01,2.377129e+01,2.386612e+01,2.376451e+01,2.380517e+01,2.375096e+01,2.391350e+01,2.389996e+01,2.389320e+01,2.400144e+01,2.395410e+01,2.402848e+01,2.389320e+01,2.379162e+01,2.386612e+01,2.394733e+01,2.383226e+01,2.375774e+01,2.362889e+01,2.362889e+01,2.377129e+01,2.529163e+01,2.396086e+01,2.269502e+01,2.236581e+01,2.238642e+01,2.240702e+01,2.235207e+01,2.222145e+01,2.244135e+01,2.239328e+01,2.241389e+01,2.226959e+01,2.230396e+01,2.232458e+01,2.241389e+01,2.238642e+01,2.235207e+01,2.271556e+01,2.267447e+01,2.279768e+01,2.337751e+01,2.431874e+01,2.573814e+01,2.432548e+01,2.396762e+01,2.460820e+01,2.513791e+01,2.347269e+01,2.355421e+01,2.375096e+01,2.390673e+01,2.360853e+01,2.356779e+01,2.406227e+01,2.412307e+01,2.423782e+01,2.376451e+01,2.353384e+01,2.339791e+01,2.284555e+01,2.264708e+01,2.264708e+01,2.266763e+01,2.311187e+01,2.349308e+01,2.387966e+01,2.402172e+01,2.351346e+01,2.333668e+01,2.345230e+01,2.335710e+01,2.326180e+01,2.343191e+01,2.345230e+01,2.319368e+01,2.323456e+01,2.320049e+01,2.324137e+01,2.347949e+01,2.351346e+01,2.351346e+01,2.311869e+01,2.262652e+01,2.309141e+01,2.283188e+01,2.246194e+01,2.243448e+01,2.235894e+01,2.264022e+01,2.308459e+01,2.362210e+01,2.352026e+01,2.361531e+01,2.360853e+01,2.287974e+01,2.279084e+01,2.267447e+01,2.266763e+01,2.351346e+01,2.419059e+01,2.474927e+01,2.503084e+01,2.380517e+01,2.354063e+01,2.352705e+01,2.312551e+01,2.300270e+01,2.263337e+01,2.261967e+01,2.352705e+01,2.364246e+01,2.312551e+01,2.284555e+01,2.288657e+01,2.303683e+01,2.292757e+01,2.235894e+01,2.180786e+01,2.178713e+01,2.169728e+01,2.211821e+01,2.261282e+01,2.305048e+01,2.345910e+01,2.427829e+01,2.567162e+01,2.528495e+01,2.736815e+01,2.817066e+01,2.796896e+01,2.539843e+01,2.333668e+01,2.282504e+01,2.274294e+01,2.300270e+01,2.277716e+01,2.272925e+01,2.283188e+01,2.235207e+01,2.189071e+01,2.250997e+01,2.292757e+01,2.248939e+01,2.246880e+01,2.246880e+01,2.253741e+01,2.259225e+01,2.241389e+01,2.257169e+01,2.257854e+01,2.262652e+01,2.249625e+01,2.261282e+01,2.246880e+01,2.245507e+01,2.249625e+01,2.248252e+01,2.255112e+01,2.251683e+01,2.250997e+01,2.248252e+01,2.248252e+01,2.248939e+01,2.248252e+01,2.252369e+01,2.259225e+01,2.237268e+01,2.255798e+01,2.253055e+01,2.235894e+01,2.248939e+01,2.237268e+01,2.240015e+01,2.244821e+01,2.240702e+01,2.251683e+01,2.231771e+01,2.232458e+01,2.231084e+01,2.230396e+01,2.244135e+01,2.233146e+01,2.225584e+01,2.226271e+01,2.219393e+01,2.221457e+01,2.217328e+01,2.215952e+01,2.216640e+01,2.222833e+01,2.220769e+01,2.222833e+01,2.221457e+01,2.209755e+01,2.218705e+01,2.217328e+01,2.228334e+01,2.238642e+01,2.224896e+01,2.214575e+01,2.209755e+01,2.204243e+01,2.206310e+01,2.199418e+01,2.205621e+01,2.184929e+01,2.196660e+01,2.192521e+01,2.198039e+01,2.193901e+01,2.191831e+01,2.190451e+01,2.197349e+01,2.199418e+01,2.191831e+01,2.190451e+01,2.193211e+01,2.195280e+01,2.193211e+01,2.191831e+01,2.197349e+01,2.188381e+01,2.183548e+01,2.200107e+01,2.194591e+01,2.198729e+01,2.204932e+01,2.200797e+01,2.204932e+01,2.204243e+01,2.204932e+01,2.198729e+01,2.199418e+01,2.211821e+01,2.200797e+01,2.204932e+01,2.209066e+01,2.206999e+01,2.199418e+01,2.213198e+01,2.209066e+01,2.214575e+01,2.219393e+01,2.206999e+01,2.216640e+01,2.211821e+01,2.217328e+01,2.215263e+01,2.209755e+01,2.212509e+01,2.209066e+01,2.210443e+01,2.208377e+01,2.217328e+01,2.209066e+01,2.203554e+01,2.200797e+01,2.211132e+01,2.204243e+01,2.201486e+01,2.207688e+01,2.210443e+01,2.210443e+01,2.208377e+01,2.205621e+01,2.199418e+01,2.201486e+01,2.203554e+01,2.200107e+01,2.205621e+01,2.200107e+01,2.212509e+01,2.195970e+01,2.201486e+01,2.211132e+01,2.196660e+01,2.210443e+01,2.204932e+01,2.195280e+01,2.202176e+01,2.197349e+01,2.200797e+01,2.198729e+01,2.200107e+01,2.187691e+01,2.198039e+01,2.193901e+01,2.193901e+01,2.195970e+01,2.195280e+01,2.194591e+01,2.196660e+01,2.194591e+01,2.198039e+01,2.186310e+01,2.209755e+01,2.193901e+01,2.190451e+01,2.186310e+01,2.195970e+01,2.180786e+01,2.197349e+01,2.193211e+01,2.192521e+01,2.191141e+01,2.193901e+01,2.193211e+01,2.189761e+01,2.188381e+01,2.195280e+01,2.177332e+01,2.200107e+01,2.204243e+01,2.198039e+01,2.201486e+01,2.211821e+01,2.191141e+01,2.209755e+01,2.203554e+01,2.209755e+01,2.218705e+01,2.199418e+01,2.202176e+01,2.210443e+01,2.195970e+01,2.199418e+01,2.200107e+01,2.197349e+01,2.193901e+01,2.197349e+01,2.193901e+01,2.195970e+01,2.198039e+01,2.207688e+01,2.196660e+01,2.189761e+01,2.186310e+01,2.190451e+01,2.195280e+01,2.202865e+01,2.195280e+01,2.195280e+01,2.193901e+01,2.202176e+01,2.195280e+01,2.189761e+01,2.200107e+01,2.195280e+01,2.200797e+01,2.202865e+01,2.208377e+01,2.209755e+01,2.206310e+01,2.213886e+01,2.198729e+01,2.204932e+01,2.213198e+01,2.213198e+01,2.216640e+01,2.209755e+01,2.213886e+01,2.215952e+01,2.207688e+01,2.200107e+01,2.211132e+01,2.206310e+01,2.197349e+01,2.202176e+01,2.194591e+01,2.189761e+01,2.193211e+01,2.191141e+01,2.184239e+01,2.180095e+01,2.153812e+01,2.174567e+01,2.159351e+01,2.152427e+01,2.169037e+01,2.155197e+01,2.153119e+01,2.159351e+01,2.160043e+01,2.166270e+01,2.157967e+01,2.164195e+01,2.164887e+01,2.160735e+01,2.157274e+01,2.156582e+01,2.155197e+01,2.162811e+01,2.156582e+01,2.145498e+01,2.161427e+01,2.156582e+01,2.157967e+01,2.162811e+01,2.172494e+01,2.166270e+01,2.164195e+01,2.180786e+01,2.172494e+01,2.191141e+01,2.185620e+01,2.193211e+01,2.198729e+01,2.194591e+01,2.200797e+01,2.198039e+01,2.200797e+01,2.213198e+01,2.201486e+01,2.215952e+01,2.200797e+01,2.219393e+01,2.214575e+01,2.224208e+01,2.210443e+01,2.218705e+01,2.215263e+01,2.209066e+01,2.219393e+01,2.239328e+01,2.228334e+01,2.225584e+01,2.224896e+01,2.219393e+01,2.222833e+01,2.221457e+01,2.223520e+01,2.211821e+01,2.212509e+01,2.226271e+01,2.226271e+01,2.228334e+01,2.224208e+01,2.221457e+01,2.222145e+01,2.213886e+01,2.219393e+01,2.220081e+01,2.224208e+01,2.208377e+01,2.211132e+01,2.224208e+01,2.191141e+01,2.204243e+01,2.211132e+01,2.209066e+01,2.211132e+01,2.214575e+01,2.202176e+01,2.202176e+01,2.195280e+01,2.204932e+01,2.215263e+01,2.214575e+01,2.213198e+01,2.222145e+01,2.204243e+01,2.202176e+01,2.229022e+01,2.213886e+01,2.220081e+01,2.211821e+01,2.214575e+01,2.210443e+01,2.222145e+01,2.215952e+01,2.211821e+01,2.211132e+01,2.208377e+01
2.248939e+01,2.250311e+01,2.242762e+01,2.257169e+01,2.249625e+01,2.244135e+01,2.248252e+01,2.255798e+01,2.255798e+01,2.261282e+01,2.259225e+01,2.260596e+01,2.255798e+01,2.261967e+01,2.257854e+01,2.261282e+01,2.257169e+01,2.261282e+01,2.257169e+01,2.250997e+01,2.263337e+01,2.257854e+01,2.263337e+01,2.265392e+01,2.263337e+01,2.259225e+01,2.258540e+01,2.258540e+01,2.267447e+01,2.255798e+01,2.250997e+01,2.256483e+01,2.268132e+01,2.266078e+01,2.250311e+01,2.264022e+01,2.255112e+01,2.260596e+01,2.253741e+01,2.248939e+01,2.251683e+01,2.248939e+01,2.258540e+01,2.257854e+01,2.257169e+01,2.252369e+01,2.246880e+01,2.250997e+01,2.253055e+01,2.250311e+01,2.250311e+01,2.267447e+01,2.255112e+01,2.248939e+01,2.253055e+01,2.243448e+01,2.265392e+01,2.269502e+01,2.272241e+01,2.232458e+01,2.220769e+01,2.224896e+01,2.228334e+01,2.204243e+01,2.184929e+01,2.211132e+01,2.215952e+01,2.233833e+01,2.252369e+01,2.306412e+01,2.300270e+01,2.307095e+01,2.318686e+01,2.316642e+01,2.311869e+01,2.314597e+01,2.328904e+01,2.332988e+01,2.327542e+01,2.324818e+01,2.336390e+01,2.345230e+01,2.345910e+01,2.360174e+01,2.336390e+01,2.347949e+01,2.343191e+01,2.337070e+01,2.343871e+01,2.345230e+01,2.342511e+01,2.342511e+01,2.348629e+01,2.344551e+01,2.350667e+01,2.358138e+01,2.361531e+01,2.366959e+01,2.345910e+01,2.362210e+01,2.362889e+01,2.374418e+01,2.364246e+01,2.362889e+01,2.375096e+01,2.387966e+01,2.380517e+01,2.379839e+01,2.371706e+01,2.388643e+01,2.385258e+01,2.383903e+01,2.386612e+01,2.376451e+01,2.376451e+01,2.385258e+01,2.397439e+01,2.390673e+01,2.388643e+01,2.394733e+01,2.394057e+01,2.393380e+01,2.389996e+01,2.400144e+01,2.385935e+01,2.384581e+01,2.379839e+01,2.379839e+01,2.376451e+01,2.381194e+01,2.379839e+01,2.381872e+01,2.404876e+01,2.381872e+01,2.383903e+01,2.383903e+01,2.384581e+01,2.375774e+01,2.374418e+01,2.372384e+01,2.375096e+01,2.380517e+01,2.379839e+01,2.375096e+01,2.384581e+01,2.380517e+01,2.377807e+01,2.381194e+01,2.381194e+01,2.379162e+01,2.381872e+01,2.368994e+01,2.377129e+01,2.371706e+01,2.377129e+01,2.382549e+01,2.375096e+01,2.369672e+01,2.373062e+01,2.369672e+01,2.378484e+01,2.384581e+01,2.373740e+01,2.383226e+01,2.372384e+01,2.376451e+01,2.387289e+01,2.366281e+01,2.376451e+01,2.377129e+01,2.377807e+01,2.392027e+01,2.376451e+01,2.399467e+01,2.395410e+01,2.395410e+01,2.389996e+01,2.415008e+01,2.392703e+01,2.392027e+01,2.388643e+01,2.387289e+01,2.385935e+01,2.368994e+01,2.364924e+01,2.356779e+01,2.364246e+01,2.505093e+01,2.450059e+01,2.295490e+01,2.248939e+01,2.232458e+01,2.237268e+01,2.222833e+01,2.233833e+01,2.239328e+01,2.235207e+01,2.232458e+01,2.232458e+01,2.235207e+01,2.240015e+01,2.236581e+01,2.244135e+01,2.240015e+01,2.266078e+01,2.266763e+01,2.299587e+01,2.336390e+01,2.395410e+01,2.388643e+01,2.400144e+01,2.482980e+01,2.512453e+01,2.531166e+01,2.431200e+01,2.441307e+01,2.398115e+01,2.358816e+01,2.332307e+01,2.357458e+01,2.385258e+01,2.461492e+01,2.424457e+01,2.378484e+01,2.468884e+01,2.468884e+01,2.417034e+01,2.277032e+01,2.264708e+01,2.277716e+01,2.290707e+01,2.346590e+01,2.500406e+01,2.533837e+01,2.460820e+01,2.399467e+01,2.369672e+01,2.371028e+01,2.368994e+01,2.402172e+01,2.382549e+01,2.322775e+01,2.323456e+01,2.319368e+01,2.301635e+01,2.299587e+01,2.285239e+01,2.294123e+01,2.299587e+01,2.247566e+01,2.336390e+01,2.288657e+01,2.261282e+01,2.265392e+01,2.301635e+01,2.345910e+01,2.366281e+01,2.367638e+01,2.316642e+01,2.385258e+01,2.288657e+01,2.220769e+01,2.237268e+01,2.315278e+01,2.442654e+01,2.643412e+01,2.755790e+01,2.560505e+01,2.356779e+01,2.316642e+01,2.385258e+01,2.362210e+01,2.367638e+01,2.309141e+01,2.307777e+01,2.315278e+01,2.563834e+01,2.594410e+01,2.402172e+01,2.333668e+01,2.292757e+01,2.271556e+01,2.281820e+01,2.218705e+01,2.206310e+01,2.182858e+01,2.186310e+01,2.229022e+01,2.253055e+01,2.283188e+01,2.271556e+01,2.283872e+01,2.352705e+01,2.330946e+01,2.401496e+01,2.478283e+01,2.559839e+01,2.380517e+01,2.274978e+01,2.268132e+01,2.288657e+01,2.283872e+01,2.292757e+01,2.268132e+01,2.266078e+01,2.224896e+01,2.182167e+01,2.193901e+01,2.254426e+01,2.239328e+01,2.250311e+01,2.248939e+01,2.242075e+01,2.255798e+01,2.258540e+01,2.257854e+01,2.259225e+01,2.257854e+01,2.258540e+01,2.248939e+01,2.250997e+01,2.247566e+01,2.248252e+01,2.252369e+01,2.251683e+01,2.257169e+01,2.247566e+01,2.246880e+01,2.254426e+01,2.247566e+01,2.253741e+01,2.259911e+01,2.260596e+01,2.255112e+01,2.259911e+01,2.250997e+01,2.237268e+01,2.248252e+01,2.234520e+01,2.230396e+01,2.255112e+01,2.233146e+01,2.242075e+01,2.241389e+01,2.236581e+01,2.222145e+01,2.222145e+01,2.225584e+01,2.226271e+01,2.230396e+01,2.226959e+01,2.230396e+01,2.229709e+01,2.227647e+01,2.220081e+01,2.215263e+01,2.220769e+01,2.218016e+01,2.222833e+01,2.221457e+01,2.217328e+01,2.228334e+01,2.224208e+01,2.220769e+01,2.214575e+01,2.215952e+01,2.226959e+01,2.213886e+01,2.209066e+01,2.202865e+01,2.205621e+01,2.202865e+01,2.198039e+01,2.202865e+01,2.195970e+01,2.193901e+01,2.185620e+01,2.201486e+01,2.194591e+01,2.173876e+01,2.188381e+01,2.187000e+01,2.193211e+01,2.180786e+01,2.191831e+01,2.193901e+01,2.186310e+01,2.193901e+01,2.212509e+01,2.189761e+01,2.198039e+01,2.195280e+01,2.202865e+01,2.204243e+01,2.202176e+01,2.202176e+01,2.200797e+01,2.202865e+01,2.215263e+01,2.196660e+01,2.205621e+01,2.204932e+01,2.200797e+01,2.204243e+01,2.200107e+01,2.206999e+01,2.215952e+01,2.195970e+01,2.198039e+01,2.203554e+01,2.204243e+01,2.211821e+01,2.211132e+01,2.198039e+01,2.209066e+01,2.209066e+01,2.214575e+01,2.214575e+01,2.202176e+01,2.213886e+01,2.198729e+01,2.185620e+01,2.208377e+01,2.203554e+01,2.201486e+01,2.199418e+01,2.206310e+01,2.205621e+01,2.209755e+01,2.206999e+01,2.207688e+01,2.211821e+01,2.198729e+01,2.202865e+01,2.202865e+01,2.193211e+01,2.205621e+01,2.215952e+01,2.214575e+01,2.201486e+01,2.198039e+01,2.193211e+01,2.198039e+01,2.199418e+01,2.198039e+01,2.204243e+01,2.207688e+01,2.198729e+01,2.196660e+01,2.193211e+01,2.199418e+01,2.188381e+01,2.195970e+01,2.195970e+01,2.198039e+01,2.197349e+01,2.183548e+01,2.194591e+01,2.195970e+01,2.187691e+01,2.194591e+01,2.195280e+01,2.190451e+01,2.187000e+01,2.197349e+01,2.193211e+01,2.192521e+01,2.197349e+01,2.195280e+01,2.179404e+01,2.193211e+01,2.194591e+01,2.191831e+01,2.193901e+01,2.193211e+01,2.195280e+01,2.196660e+01,2.198729e+01,2.198729e+01,2.198729e+01,2.198729e+01,2.211821e+01,2.194591e+01,2.209066e+01,2.206310e+01,2.204932e+01,2.198039e+01,2.188381e+01,2.202176e+01,2.201486e+01,2.203554e+01,2.200107e+01,2.198039e+01,2.204932e+01,2.198039e+01,2.193901e+01,2.203554e+01,2.191831e+01,2.208377e+01,2.193211e+01,2.190451e+01,2.197349e+01,2.194591e+01,2.195280e+01,2.200107e+01,2.194591e+01,2.199418e+01,2.195280e+01,2.198729e+01,2.197349e+01,2.204932e+01,2.208377e+01,2.198729e+01,2.202176e+01,2.212509e+01,2.197349e+01,2.208377e+01,2.204243e+01,2.204243e+01,2.209066e+01,2.215263e+01,2.205621e+01,2.218016e+01,2.198039e+01,2.215952e+01,2.211821e+01,2.206999e+01,2.201486e+01,2.209755e+01,2.207688e+01,2.206999e+01,2.203554e+01,2.206999e+01,2.196660e+01,2.198039e+01,2.205621e+01,2.184239e+01,2.186310e+01,2.180095e+01,2.168345e+01,2.178022e+01,2.168345e+01,2.171111e+01,2.171802e+01,2.169728e+01,2.166270e+01,2.168345e+01,2.166270e+01,2.167654e+01,2.164887e+01,2.157967e+01,2.157967e+01,2.153119e+01,2.148963e+01,2.162811e+01,2.162119e+01,2.152427e+01,2.168345e+01,2.164887e+01,2.155197e+01,2.146884e+01,2.160735e+01,2.154505e+01,2.160735e+01,2.164195e+01,2.170420e+01,2.165579e+01,2.166270e+01,2.168345e+01,2.174567e+01,2.182858e+01,2.173185e+01,2.178022e+01,2.185620e+01,2.193211e+01,2.180786e+01,2.199418e+01,2.195280e+01,2.207688e+01,2.204243e+01,2.202865e+01,2.204932e+01,2.208377e+01,2.202176e+01,2.204932e+01,2.205621e+01,2.211821e+01,2.211132e+01,2.209066e+01,2.222145e+01,2.220769e+01,2.230396e+01,2.226959e+01,2.227647e+01,2.227647e+01,2.226959e+01,2.220081e+01,2.206310e+01,2.225584e+01,2.220769e+01,2.214575e+01,2.229022e+01,2.221457e+01,2.221457e+01,2.206310e+01,2.216640e+01,2.209066e+01,2.220769e+01,2.222833e+01,2.204932e+01,2.203554e+01,2.203554e+01,2.215952e+01,2.208377e+01,2.226271e+01,2.218016e+01,2.213198e+01,2.212509e+01,2.216640e+01,2.213886e+01,2.211132e+01,2.209755e+01,2.196660e+01,2.215952e+01,2.219393e+01,2.205621e+01,2.217328e+01,2.206310e+01,2.206310e+01,2.217328e+01,2.202865e+01,2.216640e+01,2.200797e+01,2.210443e+01,2.213886e+01,2.220769e+01,2.213198e+01,2.211132e+01,2.213886e+01,2.213886e+01
2.244135e+01,2.244135e+01,2.253055e+01,2.255798e+01,2.256483e+01,2.257169e+01,2.259911e+01,2.247566e+01,2.246880e+01,2.255798e+01,2.259225e+01,2.253741e+01,2.256483e+01,2.254426e+01,2.262652e+01,2.256483e+01,2.241389e+01,2.252369e+01,2.255112e+01,2.264022e+01,2.259225e+01,2.257854e+01,2.257169e+01,2.265392e+01,2.261282e+01,2.255798e+01,2.257169e+01,2.254426e+01,2.260596e+01,2.272241e+01,2.257854e+01,2.246880e+01,2.267447e+01,2.257169e+01,2.254426e+01,2.253741e+01,2.255798e+01,2.251683e+01,2.254426e+01,2.236581e+01,2.258540e+01,2.253055e+01,2.257854e+01,2.259225e+01,2.250311e+01,2.246880e+01,2.248252e+01,2.244821e+01,2.250311e+01,2.254426e+01,2.255112e+01,2.248252e+01,2.248939e+01,2.242762e+01,2.244821e+01,2.252369e+01,2.233833e+01,2.211821e+01,2.186310e+01,2.211821e+01,2.218016e+01,2.221457e+01,2.228334e+01,2.233833e+01,2.236581e+01,2.243448e+01,2.244821e+01,2.252369e+01,2.274978e+01,2.305730e+01,2.298904e+01,2.320731e+01,2.314597e+01,2.346590e+01,2.327542e+01,2.326180e+01,2.330946e+01,2.332988e+01,2.334349e+01,2.342511e+01,2.364246e+01,2.371028e+01,2.366281e+01,2.378484e+01,2.380517e+01,2.371028e+01,2.366281e+01,2.367638e+01,2.366281e+01,2.364246e+01,2.357458e+01,2.363567e+01,2.358138e+01,2.357458e+01,2.365602e+01,2.359495e+01,2.361531e+01,2.360853e+01,2.368994e+01,2.375096e+01,2.365602e+01,2.364246e+01,2.364246e+01,2.364924e+01,2.387966e+01,2.395410e+01,2.388643e+01,2.394733e+01,2.392703e+01,2.376451e+01,2.387966e+01,2.398115e+01,2.389996e+01,2.396086e+01,2.387289e+01,2.389320e+01,2.394057e+01,2.389996e+01,2.391350e+01,2.396762e+01,2.392703e+01,2.388643e+01,2.398115e+01,2.384581e+01,2.381872e+01,2.387289e+01,2.385258e+01,2.398791e+01,2.378484e+01,2.382549e+01,2.369672e+01,2.372384e+01,2.390673e+01,2.373062e+01,2.383226e+01,2.381194e+01,2.377129e+01,2.376451e+01,2.373740e+01,2.373740e+01,2.376451e+01,2.372384e+01,2.374418e+01,2.381872e+01,2.382549e+01,2.374418e+01,2.377807e+01,2.379162e+01,2.371706e+01,2.381872e+01,2.377129e+01,2.379839e+01,2.377129e+01,2.376451e+01,2.378484e+01,2.384581e+01,2.377807e+01,2.380517e+01,2.378484e+01,2.383903e+01,2.373062e+01,2.375774e+01,2.385935e+01,2.377129e+01,2.375774e+01,2.381194e+01,2.383226e+01,2.383226e+01,2.395410e+01,2.380517e+01,2.392027e+01,2.395410e+01,2.394733e+01,2.393380e+01,2.391350e+01,2.400144e+01,2.405551e+01,2.389320e+01,2.391350e+01,2.398115e+01,2.396086e+01,2.391350e+01,2.387289e+01,2.366959e+01,2.356101e+01,2.356101e+01,2.346590e+01,2.458803e+01,2.507770e+01,2.317323e+01,2.242762e+01,2.253741e+01,2.250997e+01,2.244135e+01,2.235894e+01,2.237955e+01,2.243448e+01,2.252369e+01,2.236581e+01,2.244135e+01,2.244135e+01,2.243448e+01,2.242762e+01,2.243448e+01,2.243448e+01,2.264022e+01,2.280452e+01,2.332988e+01,2.345230e+01,2.389996e+01,2.522482e+01,2.744016e+01,2.833953e+01,2.765591e+01,2.478283e+01,2.482309e+01,2.346590e+01,2.315960e+01,2.315278e+01,2.356779e+01,2.349988e+01,2.403524e+01,2.375096e+01,2.392703e+01,2.398791e+01,2.464853e+01,2.387966e+01,2.265392e+01,2.264708e+01,2.266078e+01,2.317323e+01,2.480967e+01,2.859234e+01,2.755136e+01,2.591091e+01,2.370350e+01,2.360853e+01,2.345910e+01,2.345910e+01,2.326861e+01,2.294123e+01,2.288657e+01,2.319368e+01,2.279768e+01,2.281820e+01,2.303000e+01,2.275663e+01,2.258540e+01,2.254426e+01,2.261282e+01,2.362210e+01,2.290707e+01,2.274978e+01,2.310505e+01,2.358138e+01,2.399467e+01,2.389320e+01,2.388643e+01,2.374418e+01,2.289341e+01,2.236581e+01,2.220081e+01,2.262652e+01,2.439960e+01,2.757751e+01,2.841089e+01,2.648696e+01,2.372384e+01,2.328223e+01,2.331627e+01,2.329585e+01,2.310505e+01,2.362210e+01,2.352705e+01,2.305730e+01,2.335029e+01,2.563168e+01,2.603035e+01,2.373740e+01,2.268817e+01,2.225584e+01,2.252369e+01,2.272925e+01,2.234520e+01,2.222833e+01,2.223520e+01,2.244821e+01,2.248939e+01,2.244821e+01,2.256483e+01,2.268817e+01,2.274294e+01,2.267447e+01,2.267447e+01,2.323456e+01,2.299587e+01,2.320049e+01,2.403524e+01,2.274978e+01,2.242075e+01,2.292074e+01,2.294807e+01,2.266078e+01,2.266763e+01,2.232458e+01,2.206310e+01,2.173876e+01,2.179404e+01,2.206310e+01,2.232458e+01,2.245507e+01,2.255798e+01,2.249625e+01,2.248252e+01,2.255112e+01,2.246194e+01,2.253741e+01,2.253741e+01,2.250997e+01,2.250311e+01,2.250311e+01,2.248252e+01,2.250311e+01,2.248939e+01,2.251683e+01,2.250997e+01,2.255112e+01,2.250311e+01,2.249625e+01,2.253741e+01,2.255798e+01,2.249625e+01,2.245507e+01,2.257854e+01,2.257854e+01,2.242762e+01,2.246880e+01,2.251683e+01,2.233146e+01,2.240015e+01,2.253741e+01,2.242762e+01,2.239328e+01,2.239328e+01,2.236581e+01,2.236581e+01,2.231771e+01,2.235207e+01,2.226271e+01,2.233146e+01,2.226271e+01,2.223520e+01,2.219393e+01,2.218705e+01,2.211132e+01,2.219393e+01,2.222145e+01,2.204932e+01,2.222145e+01,2.209755e+01,2.220769e+01,2.209066e+01,2.222145e+01,2.214575e+01,2.224896e+01,2.217328e+01,2.213886e+01,2.212509e+01,2.210443e+01,2.207688e+01,2.202176e+01,2.205621e+01,2.200107e+01,2.197349e+01,2.196660e+01,2.202865e+01,2.184929e+01,2.195280e+01,2.189071e+01,2.190451e+01,2.191141e+01,2.190451e+01,2.205621e+01,2.196660e+01,2.203554e+01,2.183548e+01,2.195970e+01,2.182167e+01,2.202176e+01,2.195970e+01,2.193211e+01,2.200107e+01,2.193211e+01,2.208377e+01,2.205621e+01,2.202176e+01,2.195970e+01,2.205621e+01,2.200797e+01,2.204932e+01,2.209755e+01,2.208377e+01,2.198039e+01,2.202865e+01,2.199418e+01,2.199418e+01,2.200797e+01,2.213198e+01,2.208377e+01,2.205621e+01,2.215952e+01,2.219393e+01,2.215952e+01,2.208377e+01,2.208377e+01,2.206999e+01,2.202176e+01,2.209755e+01,2.202176e+01,2.205621e+01,2.209755e+01,2.209066e+01,2.206310e+01,2.204932e+01,2.204243e+01,2.212509e+01,2.199418e+01,2.209755e+01,2.206999e+01,2.214575e+01,2.204243e+01,2.206310e+01,2.204243e+01,2.210443e+01,2.212509e+01,2.203554e+01,2.196660e+01,2.204932e+01,2.203554e+01,2.206999e+01,2.207688e+01,2.213886e+01,2.195280e+01,2.202176e+01,2.195280e+01,2.202176e+01,2.197349e+01,2.195970e+01,2.187000e+01,2.200797e+01,2.195280e+01,2.191141e+01,2.204932e+01,2.195280e+01,2.196660e+01,2.194591e+01,2.197349e+01,2.193211e+01,2.193901e+01,2.193901e+01,2.187691e+01,2.182167e+01,2.179404e+01,2.198729e+01,2.200107e+01,2.183548e+01,2.191141e+01,2.198039e+01,2.192521e+01,2.190451e+01,2.195970e+01,2.193211e+01,2.187000e+01,2.189071e+01,2.192521e+01,2.201486e+01,2.197349e+01,2.198039e+01,2.195970e+01,2.202865e+01,2.193901e+01,2.195970e+01,2.203554e+01,2.209066e+01,2.209066e+01,2.200797e+01,2.209066e+01,2.205621e+01,2.197349e+01,2.191831e+01,2.199418e+01,2.200797e+01,2.204243e+01,2.199418e+01,2.199418e+01,2.202865e+01,2.202176e+01,2.205621e+01,2.194591e+01,2.197349e+01,2.193901e+01,2.202865e+01,2.196660e+01,2.195970e+01,2.188381e+01,2.201486e+01,2.200797e+01,2.203554e+01,2.191141e+01,2.204243e+01,2.189071e+01,2.204243e+01,2.208377e+01,2.202865e+01,2.202865e+01,2.201486e+01,2.206999e+01,2.198729e+01,2.212509e+01,2.215952e+01,2.215263e+01,2.212509e+01,2.207688e+01,2.220769e+01,2.199418e+01,2.206999e+01,2.216640e+01,2.206310e+01,2.209066e+01,2.204932e+01,2.206999e+01,2.204243e+01,2.202176e+01,2.203554e+01,2.193211e+01,2.190451e+01,2.193901e+01,2.183548e+01,2.183548e+01,2.189071e+01,2.180786e+01,2.171802e+01,2.178022e+01,2.170420e+01,2.175258e+01,2.174567e+01,2.168345e+01,2.166270e+01,2.161427e+01,2.169728e+01,2.166270e+01,2.159351e+01,2.166962e+01,2.160043e+01,2.151734e+01,2.160043e+01,2.165579e+01,2.162811e+01,2.166962e+01,2.159351e+01,2.159351e+01,2.146191e+01,2.160735e+01,2.155890e+01,2.164195e+01,2.158659e+01,2.164887e+01,2.174567e+01,2.167654e+01,2.169037e+01,2.181476e+01,2.180095e+01,2.181476e+01,2.195970e+01,2.182858e+01,2.200797e+01,2.197349e+01,2.203554e+01,2.203554e+01,2.205621e+01,2.212509e+01,2.176641e+01,2.203554e+01,2.200797e+01,2.206310e+01,2.205621e+01,2.212509e+01,2.215263e+01,2.215952e+01,2.210443e+01,2.219393e+01,2.218016e+01,2.229709e+01,2.218016e+01,2.215263e+01,2.214575e+01,2.215952e+01,2.211821e+01,2.217328e+01,2.229022e+01,2.224896e+01,2.221457e+01,2.221457e+01,2.225584e+01,2.219393e+01,2.219393e+01,2.221457e+01,2.220769e+01,2.219393e+01,2.214575e+01,2.211821e+01,2.198729e+01,2.210443e+01,2.207688e+01,2.206999e+01,2.208377e+01,2.214575e+01,2.210443e+01,2.213198e+01,2.209066e+01,2.215263e+01,2.203554e+01,2.215263e+01,2.202176e+01,2.216640e+01,2.204243e+01,2.218016e+01,2.217328e+01,2.207688e+01,2.214575e+01,2.210443e+01,2.218016e+01,2.213886e+01,2.200797e+01,2.219393e+01,2.215952e+01,2.220769e+01,2.235207e+01,2.218705e+01,2.224896e+01
2.245507e+01,2.237955e+01,2.252369e+01,2.248252e+01,2.239328e+01,2.255798e+01,2.248939e+01,2.242762e+01,2.257854e+01,2.245507e+01,2.253741e+01,2.243448e+01,2.257854e+01,2.231771e+01,2.256483e+01,2.251683e+01,2.252369e+01,2.250997e+01,2.257169e+01,2.245507e+01,2.256483e+01,2.257169e+01,2.259911e+01,2.262652e+01,2.257169e+01,2.263337e+01,2.261282e+01,2.252369e+01,2.266763e+01,2.256483e+01,2.264022e+01,2.244821e+01,2.253741e+01,2.268132e+01,2.267447e+01,2.254426e+01,2.253055e+01,2.248252e+01,2.268132e+01,2.258540e+01,2.261967e+01,2.255112e+01,2.273610e+01,2.266078e+01,2.263337e+01,2.256483e+01,2.250311e+01,2.248252e+01,2.254426e+01,2.253055e+01,2.245507e+01,2.252369e+01,2.248252e+01,2.252369e+01,2.250311e+01,2.247566e+01,2.235207e+01,2.235207e+01,2.241389e+01,2.229709e+01,2.218705e+01,2.233833e+01,2.235207e+01,2.242762e+01,2.238642e+01,2.256483e+01,2.242075e+01,2.257169e+01,2.268817e+01,2.302318e+01,2.317323e+01,2.320049e+01,2.313915e+01,2.322775e+01,2.349988e+01,2.350667e+01,2.362210e+01,2.356779e+01,2.356779e+01,2.364246e+01,2.387966e+01,2.383903e+01,2.394733e+01,2.381194e+01,2.382549e+01,2.368316e+01,2.383903e+01,2.383226e+01,2.380517e+01,2.366959e+01,2.360853e+01,2.359495e+01,2.348629e+01,2.359495e+01,2.351346e+01,2.364246e+01,2.365602e+01,2.364924e+01,2.362889e+01,2.367638e+01,2.363567e+01,2.364246e+01,2.369672e+01,2.369672e+01,2.373740e+01,2.375096e+01,2.387966e+01,2.387966e+01,2.393380e+01,2.389996e+01,2.395410e+01,2.394733e+01,2.388643e+01,2.392027e+01,2.377129e+01,2.392703e+01,2.386612e+01,2.392703e+01,2.387966e+01,2.390673e+01,2.389996e+01,2.382549e+01,2.381194e+01,2.385935e+01,2.378484e+01,2.395410e+01,2.376451e+01,2.387966e+01,2.382549e+01,2.383226e+01,2.382549e+01,2.386612e+01,2.385935e+01,2.383226e+01,2.372384e+01,2.373062e+01,2.377129e+01,2.375096e+01,2.371028e+01,2.370350e+01,2.376451e+01,2.376451e+01,2.380517e+01,2.377807e+01,2.375096e+01,2.379839e+01,2.375774e+01,2.377807e+01,2.383903e+01,2.375774e+01,2.387966e+01,2.380517e+01,2.379839e+01,2.382549e+01,2.377807e+01,2.392027e+01,2.379839e+01,2.379839e+01,2.398791e+01,2.385935e+01,2.379839e+01,2.374418e+01,2.371028e+01,2.377807e+01,2.385258e+01,2.385935e+01,2.383903e+01,2.384581e+01,2.381872e+01,2.377129e+01,2.394733e+01,2.383903e+01,2.385258e+01,2.387289e+01,2.386612e+01,2.402172e+01,2.392027e+01,2.387966e+01,2.399467e+01,2.394057e+01,2.391350e+01,2.389996e+01,2.370350e+01,2.361531e+01,2.362889e+01,2.379839e+01,2.345230e+01,2.417034e+01,2.519140e+01,2.318005e+01,2.255112e+01,2.235207e+01,2.238642e+01,2.239328e+01,2.237268e+01,2.237955e+01,2.238642e+01,2.234520e+01,2.235207e+01,2.241389e+01,2.238642e+01,2.248252e+01,2.246880e+01,2.244821e+01,2.271556e+01,2.283872e+01,2.263337e+01,2.312551e+01,2.347949e+01,2.462836e+01,2.761018e+01,2.941796e+01,2.898013e+01,2.617615e+01,2.376451e+01,2.356779e+01,2.331627e+01,2.313233e+01,2.314597e+01,2.356779e+01,2.375096e+01,2.375096e+01,2.309141e+01,2.352026e+01,2.353384e+01,2.382549e+01,2.422433e+01,2.277716e+01,2.266763e+01,2.285923e+01,2.341151e+01,2.611653e+01,2.971314e+01,2.954640e+01,2.824863e+01,2.444674e+01,2.304365e+01,2.326180e+01,2.322775e+01,2.264022e+01,2.262652e+01,2.277032e+01,2.274294e+01,2.267447e+01,2.281820e+01,2.326180e+01,2.305048e+01,2.323456e+01,2.309141e+01,2.287290e+01,2.384581e+01,2.307095e+01,2.287290e+01,2.385258e+01,2.429852e+01,2.448040e+01,2.465524e+01,2.470227e+01,2.313233e+01,2.253055e+01,2.233146e+01,2.259911e+01,2.290707e+01,2.394733e+01,2.558507e+01,2.557175e+01,2.394057e+01,2.322775e+01,2.354742e+01,2.390673e+01,2.366281e+01,2.292074e+01,2.351346e+01,2.349988e+01,2.291391e+01,2.309823e+01,2.310505e+01,2.242075e+01,2.182858e+01,2.186310e+01,2.180095e+01,2.234520e+01,2.269502e+01,2.221457e+01,2.235894e+01,2.235207e+01,2.297539e+01,2.322093e+01,2.347269e+01,2.354742e+01,2.393380e+01,2.415683e+01,2.322775e+01,2.317323e+01,2.298904e+01,2.279084e+01,2.281820e+01,2.400820e+01,2.277716e+01,2.241389e+01,2.276347e+01,2.279084e+01,2.271556e+01,2.249625e+01,2.209755e+01,2.177332e+01,2.180786e+01,2.175258e+01,2.186310e+01,2.242762e+01,2.237955e+01,2.253055e+01,2.250311e+01,2.246194e+01,2.249625e+01,2.242075e+01,2.252369e+01,2.248252e+01,2.248252e+01,2.248252e+01,2.253055e+01,2.248252e+01,2.250997e+01,2.253055e+01,2.250311e+01,2.250997e+01,2.259225e+01,2.250997e+01,2.249625e+01,2.251683e+01,2.253741e+01,2.250311e+01,2.244821e+01,2.246194e+01,2.245507e+01,2.239328e+01,2.243448e+01,2.252369e+01,2.238642e+01,2.235894e+01,2.246880e+01,2.239328e+01,2.237268e+01,2.242762e+01,2.230396e+01,2.241389e+01,2.229022e+01,2.237955e+01,2.224896e+01,2.224896e+01,2.220769e+01,2.226959e+01,2.211132e+01,2.240015e+01,2.222145e+01,2.206310e+01,2.220081e+01,2.219393e+01,2.206310e+01,2.209066e+01,2.217328e+01,2.218016e+01,2.217328e+01,2.222833e+01,2.213886e+01,2.222833e+01,2.215263e+01,2.211821e+01,2.210443e+01,2.215952e+01,2.206310e+01,2.204243e+01,2.199418e+01,2.195280e+01,2.211132e+01,2.198039e+01,2.187691e+01,2.178022e+01,2.186310e+01,2.199418e+01,2.195970e+01,2.187691e+01,2.183548e+01,2.195970e+01,2.189071e+01,2.176641e+01,2.195280e+01,2.187691e+01,2.193211e+01,2.193211e+01,2.198729e+01,2.199418e+01,2.213886e+01,2.195970e+01,2.190451e+01,2.204932e+01,2.197349e+01,2.214575e+01,2.200797e+01,2.204932e+01,2.210443e+01,2.203554e+01,2.202865e+01,2.208377e+01,2.200797e+01,2.206999e+01,2.200107e+01,2.208377e+01,2.207688e+01,2.213198e+01,2.208377e+01,2.208377e+01,2.206310e+01,2.220081e+01,2.206999e+01,2.187000e+01,2.209755e+01,2.200107e+01,2.204243e+01,2.211821e+01,2.197349e+01,2.204932e+01,2.204243e+01,2.207688e+01,2.199418e+01,2.217328e+01,2.202865e+01,2.204932e+01,2.206310e+01,2.204243e+01,2.203554e+01,2.204243e+01,2.198039e+01,2.200107e+01,2.194591e+01,2.197349e+01,2.198039e+01,2.198729e+01,2.205621e+01,2.198729e+01,2.201486e+01,2.197349e+01,2.199418e+01,2.200107e+01,2.193901e+01,2.196660e+01,2.198729e+01,2.198729e+01,2.191141e+01,2.189761e+01,2.187691e+01,2.197349e+01,2.185620e+01,2.201486e+01,2.200797e+01,2.193211e+01,2.186310e+01,2.168345e+01,2.193211e+01,2.187691e+01,2.190451e+01,2.191831e+01,2.199418e+01,2.182858e+01,2.241389e+01,2.198729e+01,2.197349e+01,2.198729e+01,2.197349e+01,2.193901e+01,2.203554e+01,2.194591e+01,2.183548e+01,2.182858e+01,2.178713e+01,2.191831e+01,2.191831e+01,2.202865e+01,2.204243e+01,2.189761e+01,2.193901e+01,2.196660e+01,2.195970e+01,2.196660e+01,2.206999e+01,2.198039e+01,2.202865e+01,2.200797e+01,2.187691e+01,2.204932e+01,2.205621e+01,2.195280e+01,2.201486e+01,2.201486e+01,2.202176e+01,2.206310e+01,2.202865e+01,2.205621e+01,2.202176e+01,2.191831e+01,2.197349e+01,2.196660e+01,2.193901e+01,2.193211e+01,2.191141e+01,2.189071e+01,2.189761e+01,2.193901e+01,2.193901e+01,2.193211e+01,2.198039e+01,2.192521e+01,2.200797e+01,2.202176e+01,2.193901e+01,2.208377e+01,2.203554e+01,2.183548e+01,2.182858e+01,2.213198e+01,2.200107e+01,2.203554e+01,2.210443e+01,2.199418e+01,2.202865e+01,2.200797e+01,2.205621e+01,2.207688e+01,2.207688e+01,2.209066e+01,2.192521e+01,2.204243e+01,2.198039e+01,2.195970e+01,2.192521e+01,2.186310e+01,2.187691e+01,2.185620e+01,2.191141e+01,2.186310e+01,2.178022e+01,2.174567e+01,2.173876e+01,2.174567e+01,2.161427e+01,2.176641e+01,2.178713e+01,2.169037e+01,2.163503e+01,2.181476e+01,2.163503e+01,2.161427e+01,2.163503e+01,2.162811e+01,2.161427e+01,2.154505e+01,2.159351e+01,2.159351e+01,2.157967e+01,2.159351e+01,2.165579e+01,2.146191e+01,2.160043e+01,2.166270e+01,2.157274e+01,2.164195e+01,2.172494e+01,2.175258e+01,2.169728e+01,2.166962e+01,2.186310e+01,2.181476e+01,2.182167e+01,2.181476e+01,2.193901e+01,2.197349e+01,2.192521e+01,2.193901e+01,2.207688e+01,2.204932e+01,2.203554e+01,2.202176e+01,2.216640e+01,2.212509e+01,2.209755e+01,2.215263e+01,2.222145e+01,2.215952e+01,2.217328e+01,2.228334e+01,2.217328e+01,2.214575e+01,2.211821e+01,2.226959e+01,2.224896e+01,2.221457e+01,2.211132e+01,2.215263e+01,2.214575e+01,2.213886e+01,2.227647e+01,2.215263e+01,2.219393e+01,2.246880e+01,2.222145e+01,2.214575e+01,2.229022e+01,2.211821e+01,2.220769e+01,2.209066e+01,2.194591e+01,2.224896e+01,2.190451e+01,2.210443e+01,2.206999e+01,2.206999e+01,2.209755e+01,2.205621e+01,2.213198e+01,2.213198e+01,2.205621e+01,2.216640e+01,2.206999e+01,2.204932e+01,2.209066e+01,2.209066e+01,2.220081e+01,2.207688e+01,2.213886e+01,2.206999e+01,2.226271e+01,2.218705e+01,2.211821e+01,2.216640e+01,2.211821e+01,2.209066e+01,2.218705e+01,2.218016e+01,2.226271e+01,2.224208e+01
2.256483e+01,2.247566e+01,2.255798e+01,2.250997e+01,2.237955e+01,2.242075e+01,2.248939e+01,2.231771e+01,2.242075e+01,2.253741e+01,2.253741e+01,2.253055e+01,2.245507e+01,2.244135e+01,2.246194e+01,2.259911e+01,2.262652e+01,2.250997e+01,2.274978e+01,2.258540e+01,2.271556e+01,2.265392e+01,2.260596e+01,2.264022e+01,2.254426e+01,2.258540e+01,2.255798e+01,2.263337e+01,2.267447e+01,2.258540e+01,2.268817e+01,2.264708e+01,2.257854e+01,2.255112e+01,2.256483e+01,2.255798e+01,2.266078e+01,2.253741e+01,2.266763e+01,2.246880e+01,2.259225e+01,2.252369e+01,2.260596e+01,2.254426e+01,2.250997e+01,2.246880e+01,2.249625e+01,2.250311e+01,2.250997e+01,2.253055e+01,2.249625e+01,2.244821e+01,2.242762e+01,2.245507e+01,2.254426e+01,2.254426e+01,2.230396e+01,2.231084e+01,2.227647e+01,2.234520e+01,2.242762e+01,2.229022e+01,2.238642e+01,2.258540e+01,2.237955e+01,2.255112e+01,2.246880e+01,2.268132e+01,2.281820e+01,2.304365e+01,2.322093e+01,2.324818e+01,2.334349e+01,2.349308e+01,2.354742e+01,2.352705e+01,2.377807e+01,2.362889e+01,2.355421e+01,2.387289e+01,2.387966e+01,2.386612e+01,2.384581e+01,2.388643e+01,2.380517e+01,2.394733e+01,2.379839e+01,2.381194e+01,2.396086e+01,2.394733e+01,2.368994e+01,2.371028e+01,2.366281e+01,2.373062e+01,2.359495e+01,2.369672e+01,2.363567e+01,2.363567e+01,2.361531e+01,2.360174e+01,2.358816e+01,2.367638e+01,2.363567e+01,2.365602e+01,2.377129e+01,2.387289e+01,2.405551e+01,2.387966e+01,2.384581e+01,2.389320e+01,2.394057e+01,2.391350e+01,2.406227e+01,2.391350e+01,2.394733e+01,2.392027e+01,2.392703e+01,2.389320e+01,2.393380e+01,2.392027e+01,2.390673e+01,2.385935e+01,2.387966e+01,2.389996e+01,2.384581e+01,2.381194e+01,2.383226e+01,2.382549e+01,2.391350e+01,2.368316e+01,2.381872e+01,2.387289e+01,2.388643e+01,2.373740e+01,2.373062e+01,2.383903e+01,2.379162e+01,2.377807e+01,2.387289e+01,2.375774e+01,2.375774e+01,2.371706e+01,2.382549e+01,2.386612e+01,2.381872e+01,2.383903e+01,2.381872e+01,2.373740e+01,2.373740e+01,2.371028e+01,2.387966e+01,2.362889e+01,2.381872e+01,2.388643e+01,2.378484e+01,2.381194e+01,2.392027e+01,2.369672e+01,2.383226e+01,2.378484e+01,2.381194e+01,2.384581e+01,2.375774e+01,2.383226e+01,2.375096e+01,2.375096e+01,2.384581e+01,2.374418e+01,2.378484e+01,2.379839e+01,2.385935e+01,2.383903e+01,2.384581e+01,2.390673e+01,2.387966e+01,2.403524e+01,2.393380e+01,2.406227e+01,2.389320e+01,2.391350e+01,2.389320e+01,2.394733e+01,2.378484e+01,2.373062e+01,2.360853e+01,2.356101e+01,2.366959e+01,2.391350e+01,2.553178e+01,2.320049e+01,2.246194e+01,2.252369e+01,2.257854e+01,2.239328e+01,2.254426e+01,2.240702e+01,2.238642e+01,2.237955e+01,2.237268e+01,2.244135e+01,2.249625e+01,2.237268e+01,2.263337e+01,2.277032e+01,2.289341e+01,2.290707e+01,2.271556e+01,2.341831e+01,2.392027e+01,2.472241e+01,2.705334e+01,2.847573e+01,2.742053e+01,2.441307e+01,2.328904e+01,2.326861e+01,2.341151e+01,2.314597e+01,2.280452e+01,2.332307e+01,2.266763e+01,2.306412e+01,2.345230e+01,2.457458e+01,2.379162e+01,2.363567e+01,2.491697e+01,2.332988e+01,2.270871e+01,2.312551e+01,2.366281e+01,2.612315e+01,2.820965e+01,2.867001e+01,2.848221e+01,2.617615e+01,2.285239e+01,2.304365e+01,2.322093e+01,2.262652e+01,2.266763e+01,2.277032e+01,2.253055e+01,2.278400e+01,2.322775e+01,2.387289e+01,2.403524e+01,2.429852e+01,2.423782e+01,2.313915e+01,2.431874e+01,2.358138e+01,2.328904e+01,2.404876e+01,2.459475e+01,2.449386e+01,2.491026e+01,2.315278e+01,2.280452e+01,2.270187e+01,2.280452e+01,2.264022e+01,2.292757e+01,2.240702e+01,2.268817e+01,2.320049e+01,2.320049e+01,2.354063e+01,2.372384e+01,2.353384e+01,2.320731e+01,2.290707e+01,2.371706e+01,2.281136e+01,2.247566e+01,2.306412e+01,2.272925e+01,2.211821e+01,2.171111e+01,2.187000e+01,2.178713e+01,2.238642e+01,2.266078e+01,2.233146e+01,2.268817e+01,2.319368e+01,2.347269e+01,2.347269e+01,2.320049e+01,2.346590e+01,2.454768e+01,2.623573e+01,2.433222e+01,2.345230e+01,2.277716e+01,2.280452e+01,2.332307e+01,2.404876e+01,2.265392e+01,2.277032e+01,2.277032e+01,2.275663e+01,2.274294e+01,2.225584e+01,2.220081e+01,2.183548e+01,2.181476e+01,2.178022e+01,2.178022e+01,2.223520e+01,2.244821e+01,2.250311e+01,2.248939e+01,2.246194e+01,2.255798e+01,2.258540e+01,2.247566e+01,2.259911e+01,2.248252e+01,2.257169e+01,2.243448e+01,2.250311e+01,2.250311e+01,2.250311e+01,2.250311e+01,2.254426e+01,2.250997e+01,2.248939e+01,2.252369e+01,2.251683e+01,2.250311e+01,2.252369e+01,2.248252e+01,2.254426e+01,2.253741e+01,2.252369e+01,2.243448e+01,2.242762e+01,2.239328e+01,2.238642e+01,2.247566e+01,2.233833e+01,2.242762e+01,2.235207e+01,2.240702e+01,2.234520e+01,2.235894e+01,2.237268e+01,2.228334e+01,2.237268e+01,2.240015e+01,2.228334e+01,2.225584e+01,2.223520e+01,2.222145e+01,2.224208e+01,2.222833e+01,2.219393e+01,2.219393e+01,2.226271e+01,2.212509e+01,2.215952e+01,2.226959e+01,2.233833e+01,2.222833e+01,2.209066e+01,2.225584e+01,2.220769e+01,2.203554e+01,2.219393e+01,2.201486e+01,2.204243e+01,2.192521e+01,2.199418e+01,2.191831e+01,2.211132e+01,2.191141e+01,2.192521e+01,2.194591e+01,2.185620e+01,2.192521e+01,2.197349e+01,2.183548e+01,2.203554e+01,2.196660e+01,2.203554e+01,2.190451e+01,2.193901e+01,2.196660e+01,2.198729e+01,2.211132e+01,2.200797e+01,2.199418e+01,2.205621e+01,2.201486e+01,2.205621e+01,2.211132e+01,2.203554e+01,2.205621e+01,2.205621e+01,2.208377e+01,2.204932e+01,2.206310e+01,2.206310e+01,2.199418e+01,2.213198e+01,2.209066e+01,2.209066e+01,2.207688e+01,2.204932e+01,2.224896e+01,2.202865e+01,2.210443e+01,2.213198e+01,2.212509e+01,2.214575e+01,2.217328e+01,2.204243e+01,2.213886e+01,2.203554e+01,2.204243e+01,2.203554e+01,2.201486e+01,2.208377e+01,2.206999e+01,2.204243e+01,2.200797e+01,2.202176e+01,2.208377e+01,2.209066e+01,2.209066e+01,2.189071e+01,2.205621e+01,2.200797e+01,2.200107e+01,2.198039e+01,2.206310e+01,2.207688e+01,2.197349e+01,2.200797e+01,2.204243e+01,2.192521e+01,2.200797e+01,2.199418e+01,2.198729e+01,2.201486e+01,2.199418e+01,2.195970e+01,2.183548e+01,2.192521e+01,2.191831e+01,2.198039e+01,2.199418e+01,2.199418e+01,2.195280e+01,2.192521e+01,2.185620e+01,2.198039e+01,2.192521e+01,2.193211e+01,2.196660e+01,2.194591e+01,2.193211e+01,2.193901e+01,2.201486e+01,2.196660e+01,2.187000e+01,2.195280e+01,2.196660e+01,2.194591e+01,2.202176e+01,2.183548e+01,2.192521e+01,2.179404e+01,2.198039e+01,2.199418e+01,2.192521e+01,2.204243e+01,2.202176e+01,2.201486e+01,2.193901e+01,2.206310e+01,2.203554e+01,2.204932e+01,2.200797e+01,2.191141e+01,2.200797e+01,2.193901e+01,2.202865e+01,2.204243e+01,2.187000e+01,2.201486e+01,2.198729e+01,2.205621e+01,2.190451e+01,2.202865e+01,2.202865e+01,2.206999e+01,2.208377e+01,2.199418e+01,2.198039e+01,2.199418e+01,2.193211e+01,2.193901e+01,2.195280e+01,2.198729e+01,2.193211e+01,2.192521e+01,2.190451e+01,2.192521e+01,2.191141e+01,2.204932e+01,2.196660e+01,2.193211e+01,2.200107e+01,2.192521e+01,2.202176e+01,2.195970e+01,2.205621e+01,2.206310e+01,2.218016e+01,2.200797e+01,2.199418e+01,2.211821e+01,2.197349e+01,2.206999e+01,2.200107e+01,2.212509e+01,2.197349e+01,2.219393e+01,2.201486e+01,2.197349e+01,2.198039e+01,2.200797e+01,2.202176e+01,2.195280e+01,2.189071e+01,2.195970e+01,2.192521e+01,2.191141e+01,2.168345e+01,2.177332e+01,2.175258e+01,2.171802e+01,2.171111e+01,2.170420e+01,2.169728e+01,2.177332e+01,2.165579e+01,2.164887e+01,2.163503e+01,2.164195e+01,2.163503e+01,2.164887e+01,2.158659e+01,2.160735e+01,2.155197e+01,2.164887e+01,2.157274e+01,2.155890e+01,2.155890e+01,2.158659e+01,2.156582e+01,2.160043e+01,2.158659e+01,2.171111e+01,2.167654e+01,2.162811e+01,2.187691e+01,2.184239e+01,2.185620e+01,2.181476e+01,2.177332e+01,2.181476e+01,2.194591e+01,2.199418e+01,2.197349e+01,2.202865e+01,2.206310e+01,2.201486e+01,2.202865e+01,2.209755e+01,2.206310e+01,2.210443e+01,2.209066e+01,2.203554e+01,2.217328e+01,2.207688e+01,2.222833e+01,2.218016e+01,2.226959e+01,2.219393e+01,2.226959e+01,2.211821e+01,2.218016e+01,2.205621e+01,2.230396e+01,2.214575e+01,2.231084e+01,2.231084e+01,2.220769e+01,2.229022e+01,2.225584e+01,2.226959e+01,2.227647e+01,2.220769e+01,2.220769e+01,2.224208e+01,2.224896e+01,2.223520e+01,2.208377e+01,2.193211e+01,2.220769e+01,2.220769e+01,2.204932e+01,2.207688e+01,2.211132e+01,2.209755e+01,2.206310e+01,2.209066e+01,2.217328e+01,2.216640e+01,2.213198e+01,2.208377e+01,2.215263e+01,2.198039e+01,2.218016e+01,2.218705e+01,2.210443e+01,2.214575e+01,2.216640e+01,2.216640e+01,2.215952e+01,2.221457e+01,2.216640e+01,2.221457e+01,2.220081e+01,2.213886e+01,2.213886e+01,2.218016e+01
2.253055e+01,2.246880e+01,2.242762e+01,2.247566e+01,2.238642e+01,2.248252e+01,2.253741e+01,2.248939e+01,2.243448e+01,2.242762e+01,2.243448e+01,2.254426e+01,2.261967e+01,2.239328e+01,2.256483e+01,2.248939e+01,2.259225e+01,2.267447e+01,2.257854e+01,2.244135e+01,2.257854e+01,2.248939e+01,2.259225e+01,2.255112e+01,2.248939e+01,2.257854e+01,2.253741e+01,2.257854e+01,2.264022e+01,2.253741e+01,2.256483e+01,2.263337e+01,2.264022e+01,2.255798e+01,2.255798e+01,2.271556e+01,2.257169e+01,2.247566e+01,2.250311e+01,2.248252e+01,2.253055e+01,2.250997e+01,2.255112e+01,2.248252e+01,2.245507e+01,2.252369e+01,2.248252e+01,2.248939e+01,2.248939e+01,2.247566e+01,2.248252e+01,2.246194e+01,2.248939e+01,2.245507e+01,2.246194e+01,2.249625e+01,2.250997e+01,2.232458e+01,2.231771e+01,2.229709e+01,2.244135e+01,2.224896e+01,2.237955e+01,2.233833e+01,2.244821e+01,2.242075e+01,2.244135e+01,2.261282e+01,2.265392e+01,2.310505e+01,2.318005e+01,2.345910e+01,2.349988e+01,2.354063e+01,2.348629e+01,2.362889e+01,2.369672e+01,2.349988e+01,2.366959e+01,2.375774e+01,2.370350e+01,2.392027e+01,2.399467e+01,2.402172e+01,2.381872e+01,2.404200e+01,2.390673e+01,2.392703e+01,2.391350e+01,2.387289e+01,2.369672e+01,2.373740e+01,2.368316e+01,2.367638e+01,2.362889e+01,2.360174e+01,2.366959e+01,2.366959e+01,2.364924e+01,2.369672e+01,2.375096e+01,2.367638e+01,2.364246e+01,2.362210e+01,2.377129e+01,2.375774e+01,2.386612e+01,2.387966e+01,2.400144e+01,2.398115e+01,2.387966e+01,2.389996e+01,2.395410e+01,2.400144e+01,2.392027e+01,2.387289e+01,2.387966e+01,2.390673e+01,2.388643e+01,2.387966e+01,2.383903e+01,2.381194e+01,2.385935e+01,2.401496e+01,2.379839e+01,2.381872e+01,2.379839e+01,2.378484e+01,2.389320e+01,2.382549e+01,2.368994e+01,2.383226e+01,2.387966e+01,2.387966e+01,2.382549e+01,2.377807e+01,2.379162e+01,2.370350e+01,2.381872e+01,2.375774e+01,2.373740e+01,2.379839e+01,2.378484e+01,2.380517e+01,2.374418e+01,2.379839e+01,2.381872e+01,2.373740e+01,2.381872e+01,2.378484e+01,2.379839e+01,2.370350e+01,2.380517e+01,2.379839e+01,2.383226e+01,2.380517e+01,2.394733e+01,2.394733e+01,2.380517e+01,2.379839e+01,2.381872e+01,2.379162e+01,2.377129e+01,2.383226e+01,2.383226e+01,2.382549e+01,2.386612e+01,2.388643e+01,2.376451e+01,2.385258e+01,2.380517e+01,2.388643e+01,2.392703e+01,2.391350e+01,2.402172e+01,2.396086e+01,2.406227e+01,2.400144e+01,2.385935e+01,2.396762e+01,2.385935e+01,2.381194e+01,2.369672e+01,2.361531e+01,2.358138e+01,2.360174e+01,2.354742e+01,2.371706e+01,2.553178e+01,2.354742e+01,2.258540e+01,2.235894e+01,2.244821e+01,2.238642e+01,2.244135e+01,2.233146e+01,2.234520e+01,2.231771e+01,2.229709e+01,2.237268e+01,2.242762e+01,2.251683e+01,2.246880e+01,2.264022e+01,2.265392e+01,2.280452e+01,2.304365e+01,2.321412e+01,2.420408e+01,2.579133e+01,2.710587e+01,2.649356e+01,2.507101e+01,2.339111e+01,2.395410e+01,2.328223e+01,2.328904e+01,2.299587e+01,2.265392e+01,2.326180e+01,2.281136e+01,2.311187e+01,2.399467e+01,2.657277e+01,2.444674e+01,2.299587e+01,2.369672e+01,2.369672e+01,2.308459e+01,2.400144e+01,2.519809e+01,2.570488e+01,2.548513e+01,2.779299e+01,2.798850e+01,2.636142e+01,2.303683e+01,2.320049e+01,2.342511e+01,2.285239e+01,2.261282e+01,2.246880e+01,2.259911e+01,2.297539e+01,2.356101e+01,2.477612e+01,2.494377e+01,2.415008e+01,2.345910e+01,2.339791e+01,2.358816e+01,2.331627e+01,2.325499e+01,2.400820e+01,2.491026e+01,2.451405e+01,2.349308e+01,2.300270e+01,2.306412e+01,2.291391e+01,2.293440e+01,2.283872e+01,2.335710e+01,2.309823e+01,2.268132e+01,2.299587e+01,2.371028e+01,2.397439e+01,2.392703e+01,2.302318e+01,2.278400e+01,2.287974e+01,2.286607e+01,2.213198e+01,2.230396e+01,2.296173e+01,2.261282e+01,2.233146e+01,2.208377e+01,2.253055e+01,2.244821e+01,2.261967e+01,2.295490e+01,2.266763e+01,2.320049e+01,2.429177e+01,2.411632e+01,2.396086e+01,2.394057e+01,2.437939e+01,2.507770e+01,2.471570e+01,2.360174e+01,2.319368e+01,2.300270e+01,2.299587e+01,2.366281e+01,2.353384e+01,2.264022e+01,2.279768e+01,2.258540e+01,2.259911e+01,2.280452e+01,2.250997e+01,2.248939e+01,2.219393e+01,2.210443e+01,2.179404e+01,2.186310e+01,2.210443e+01,2.244135e+01,2.253055e+01,2.250311e+01,2.235207e+01,2.255112e+01,2.253055e+01,2.247566e+01,2.255798e+01,2.260596e+01,2.248939e+01,2.250311e+01,2.250311e+01,2.253055e+01,2.253055e+01,2.245507e+01,2.248939e+01,2.252369e+01,2.256483e+01,2.250311e+01,2.248252e+01,2.252369e+01,2.248252e+01,2.254426e+01,2.261282e+01,2.242075e+01,2.240015e+01,2.260596e+01,2.253741e+01,2.235207e+01,2.250311e+01,2.245507e+01,2.238642e+01,2.237955e+01,2.241389e+01,2.236581e+01,2.231084e+01,2.228334e+01,2.238642e+01,2.235207e+01,2.236581e+01,2.227647e+01,2.225584e+01,2.227647e+01,2.227647e+01,2.206999e+01,2.222833e+01,2.220769e+01,2.217328e+01,2.215263e+01,2.211821e+01,2.214575e+01,2.218016e+01,2.224896e+01,2.224896e+01,2.220769e+01,2.220081e+01,2.224208e+01,2.224896e+01,2.222145e+01,2.205621e+01,2.204243e+01,2.209066e+01,2.203554e+01,2.193211e+01,2.189071e+01,2.188381e+01,2.189761e+01,2.187000e+01,2.193901e+01,2.188381e+01,2.191831e+01,2.191831e+01,2.189071e+01,2.194591e+01,2.194591e+01,2.195280e+01,2.189071e+01,2.200107e+01,2.192521e+01,2.198729e+01,2.198729e+01,2.206999e+01,2.204932e+01,2.204243e+01,2.197349e+01,2.202865e+01,2.209755e+01,2.203554e+01,2.206310e+01,2.205621e+01,2.210443e+01,2.208377e+01,2.195280e+01,2.186310e+01,2.213886e+01,2.220769e+01,2.209066e+01,2.208377e+01,2.205621e+01,2.210443e+01,2.174567e+01,2.200797e+01,2.215952e+01,2.211821e+01,2.199418e+01,2.206310e+01,2.215263e+01,2.200797e+01,2.208377e+01,2.202176e+01,2.210443e+01,2.208377e+01,2.202865e+01,2.204932e+01,2.211132e+01,2.209755e+01,2.203554e+01,2.200797e+01,2.209755e+01,2.197349e+01,2.200107e+01,2.204243e+01,2.203554e+01,2.202176e+01,2.204243e+01,2.202865e+01,2.200107e+01,2.206310e+01,2.199418e+01,2.200797e+01,2.199418e+01,2.189071e+01,2.198729e+01,2.195280e+01,2.190451e+01,2.207688e+01,2.202176e+01,2.195280e+01,2.189761e+01,2.198729e+01,2.187691e+01,2.194591e+01,2.186310e+01,2.185620e+01,2.198729e+01,2.195280e+01,2.189071e+01,2.195970e+01,2.198039e+01,2.194591e+01,2.193211e+01,2.192521e+01,2.197349e+01,2.191831e+01,2.196660e+01,2.198729e+01,2.195280e+01,2.200107e+01,2.200797e+01,2.195970e+01,2.191831e+01,2.190451e+01,2.188381e+01,2.198039e+01,2.200797e+01,2.205621e+01,2.206310e+01,2.206310e+01,2.199418e+01,2.208377e+01,2.195280e+01,2.195280e+01,2.202176e+01,2.199418e+01,2.193901e+01,2.196660e+01,2.204243e+01,2.203554e+01,2.192521e+01,2.191141e+01,2.193901e+01,2.201486e+01,2.201486e+01,2.193211e+01,2.203554e+01,2.200797e+01,2.192521e+01,2.189761e+01,2.191831e+01,2.190451e+01,2.195280e+01,2.191831e+01,2.198729e+01,2.198039e+01,2.200797e+01,2.192521e+01,2.192521e+01,2.197349e+01,2.189071e+01,2.198729e+01,2.191141e+01,2.200797e+01,2.198729e+01,2.197349e+01,2.199418e+01,2.202176e+01,2.203554e+01,2.199418e+01,2.200797e+01,2.209066e+01,2.200107e+01,2.200797e+01,2.204932e+01,2.199418e+01,2.206310e+01,2.198039e+01,2.195970e+01,2.203554e+01,2.192521e+01,2.201486e+01,2.194591e+01,2.195280e+01,2.193901e+01,2.199418e+01,2.196660e+01,2.200107e+01,2.196660e+01,2.191141e+01,2.187691e+01,2.181476e+01,2.170420e+01,2.164887e+01,2.175949e+01,2.173185e+01,2.169037e+01,2.169037e+01,2.171111e+01,2.168345e+01,2.166962e+01,2.170420e+01,2.168345e+01,2.164887e+01,2.166270e+01,2.160043e+01,2.160735e+01,2.175949e+01,2.152427e+01,2.155890e+01,2.157967e+01,2.158659e+01,2.169037e+01,2.160043e+01,2.155890e+01,2.156582e+01,2.156582e+01,2.162811e+01,2.165579e+01,2.180786e+01,2.167654e+01,2.171802e+01,2.182167e+01,2.182858e+01,2.183548e+01,2.186310e+01,2.188381e+01,2.191141e+01,2.200797e+01,2.191831e+01,2.203554e+01,2.206310e+01,2.200797e+01,2.204932e+01,2.213198e+01,2.208377e+01,2.220081e+01,2.216640e+01,2.222145e+01,2.215263e+01,2.214575e+01,2.222833e+01,2.217328e+01,2.220081e+01,2.206310e+01,2.227647e+01,2.227647e+01,2.211821e+01,2.231084e+01,2.209755e+01,2.227647e+01,2.211132e+01,2.221457e+01,2.224208e+01,2.215952e+01,2.231084e+01,2.220081e+01,2.224896e+01,2.227647e+01,2.218705e+01,2.211821e+01,2.202176e+01,2.204932e+01,2.225584e+01,2.216640e+01,2.224208e+01,2.209066e+01,2.213886e+01,2.222145e+01,2.203554e+01,2.206999e+01,2.215263e+01,2.212509e+01,2.207688e+01,2.214575e+01,2.215952e+01,2.224208e+01,2.209755e+01,2.210443e+01,2.218705e+01,2.213886e+01,2.215952e+01,2.215952e+01,2.209066e+01,2.213886e+01,2.221457e+01,2.222145e+01,2.219393e+01,2.218705e+01,2.219393e+01,2.218016e+01,2.222145e+01
2.253055e+01,2.246194e+01,2.248252e+01,2.260596e+01,2.247566e+01,2.244821e+01,2.250997e+01,2.232458e+01,2.250997e+01,2.249625e+01,2.252369e+01,2.250311e+01,2.244135e+01,2.252369e+01,2.263337e+01,2.265392e+01,2.261282e+01,2.250997e+01,2.264708e+01,2.273610e+01,2.257169e+01,2.271556e+01,2.259911e+01,2.256483e+01,2.264022e+01,2.261282e+01,2.261282e+01,2.258540e+01,2.252369e+01,2.266078e+01,2.256483e+01,2.254426e+01,2.252369e+01,2.254426e+01,2.261967e+01,2.266078e+01,2.262652e+01,2.264022e+01,2.266763e+01,2.268817e+01,2.246880e+01,2.250997e+01,2.253741e+01,2.245507e+01,2.259911e+01,2.253741e+01,2.257169e+01,2.267447e+01,2.273610e+01,2.263337e+01,2.246880e+01,2.233833e+01,2.249625e+01,2.246880e+01,2.246194e+01,2.253055e+01,2.237268e+01,2.244821e+01,2.246194e+01,2.238642e+01,2.254426e+01,2.237268e+01,2.238642e+01,2.251683e+01,2.247566e+01,2.246194e+01,2.246880e+01,2.255112e+01,2.290024e+01,2.307777e+01,2.329585e+01,2.345910e+01,2.351346e+01,2.347269e+01,2.356779e+01,2.356101e+01,2.356101e+01,2.362210e+01,2.362210e+01,2.379162e+01,2.373740e+01,2.388643e+01,2.384581e+01,2.403524e+01,2.404876e+01,2.397439e+01,2.385935e+01,2.384581e+01,2.398791e+01,2.368316e+01,2.369672e+01,2.374418e+01,2.382549e+01,2.368316e+01,2.364924e+01,2.375096e+01,2.356101e+01,2.367638e+01,2.366281e+01,2.380517e+01,2.359495e+01,2.371028e+01,2.364924e+01,2.382549e+01,2.385935e+01,2.373062e+01,2.392027e+01,2.398115e+01,2.403524e+01,2.402848e+01,2.391350e+01,2.400820e+01,2.392703e+01,2.394057e+01,2.396086e+01,2.392027e+01,2.394733e+01,2.390673e+01,2.391350e+01,2.382549e+01,2.357458e+01,2.380517e+01,2.382549e+01,2.385935e+01,2.382549e+01,2.386612e+01,2.382549e+01,2.381872e+01,2.371028e+01,2.374418e+01,2.384581e+01,2.382549e+01,2.371028e+01,2.364246e+01,2.386612e+01,2.374418e+01,2.372384e+01,2.369672e+01,2.378484e+01,2.377129e+01,2.376451e+01,2.379162e+01,2.376451e+01,2.385935e+01,2.381194e+01,2.381194e+01,2.383226e+01,2.378484e+01,2.384581e+01,2.387966e+01,2.384581e+01,2.379162e+01,2.377807e+01,2.389320e+01,2.392027e+01,2.369672e+01,2.385258e+01,2.382549e+01,2.388643e+01,2.391350e+01,2.383226e+01,2.384581e+01,2.383226e+01,2.387289e+01,2.385258e+01,2.383226e+01,2.374418e+01,2.389320e+01,2.389996e+01,2.396762e+01,2.382549e+01,2.385258e+01,2.388643e+01,2.391350e+01,2.385935e+01,2.399467e+01,2.392703e+01,2.400820e+01,2.387289e+01,2.389320e+01,2.389996e+01,2.392027e+01,2.377807e+01,2.366959e+01,2.366281e+01,2.357458e+01,2.360174e+01,2.371706e+01,2.553844e+01,2.385258e+01,2.262652e+01,2.236581e+01,2.253741e+01,2.237268e+01,2.232458e+01,2.240702e+01,2.237955e+01,2.240015e+01,2.239328e+01,2.237268e+01,2.251683e+01,2.246880e+01,2.248252e+01,2.256483e+01,2.268817e+01,2.270871e+01,2.290707e+01,2.304365e+01,2.338431e+01,2.580462e+01,2.624897e+01,2.437939e+01,2.315278e+01,2.320731e+01,2.338431e+01,2.330265e+01,2.325499e+01,2.292757e+01,2.262652e+01,2.288657e+01,2.306412e+01,2.312551e+01,2.400820e+01,2.563168e+01,2.457458e+01,2.337070e+01,2.388643e+01,2.415683e+01,2.333668e+01,2.559173e+01,2.674418e+01,2.527159e+01,2.457458e+01,2.638786e+01,2.683636e+01,2.455441e+01,2.281136e+01,2.336390e+01,2.366959e+01,2.321412e+01,2.268817e+01,2.267447e+01,2.275663e+01,2.343871e+01,2.408254e+01,2.591091e+01,2.505093e+01,2.404200e+01,2.272241e+01,2.233833e+01,2.250311e+01,2.301635e+01,2.287290e+01,2.275663e+01,2.273610e+01,2.296856e+01,2.348629e+01,2.382549e+01,2.347949e+01,2.299587e+01,2.316642e+01,2.364246e+01,2.435244e+01,2.396762e+01,2.296856e+01,2.321412e+01,2.383226e+01,2.354742e+01,2.320731e+01,2.307095e+01,2.286607e+01,2.337751e+01,2.287290e+01,2.233146e+01,2.244821e+01,2.294807e+01,2.292757e+01,2.293440e+01,2.410956e+01,2.487674e+01,2.403524e+01,2.330265e+01,2.357458e+01,2.346590e+01,2.331627e+01,2.410281e+01,2.545179e+01,2.568493e+01,2.661894e+01,2.734850e+01,2.695477e+01,2.399467e+01,2.320731e+01,2.320731e+01,2.318005e+01,2.332307e+01,2.330946e+01,2.281136e+01,2.265392e+01,2.242075e+01,2.261282e+01,2.265392e+01,2.281136e+01,2.307095e+01,2.286607e+01,2.260596e+01,2.213886e+01,2.209755e+01,2.204243e+01,2.188381e+01,2.242075e+01,2.253741e+01,2.251683e+01,2.251683e+01,2.254426e+01,2.253055e+01,2.247566e+01,2.259911e+01,2.250311e+01,2.246880e+01,2.259225e+01,2.244821e+01,2.257854e+01,2.255112e+01,2.254426e+01,2.253055e+01,2.257169e+01,2.253741e+01,2.257854e+01,2.248252e+01,2.248252e+01,2.257169e+01,2.253055e+01,2.248252e+01,2.253741e+01,2.249625e+01,2.237955e+01,2.252369e+01,2.245507e+01,2.237955e+01,2.247566e+01,2.233833e+01,2.232458e+01,2.237268e+01,2.246194e+01,2.248252e+01,2.243448e+01,2.229022e+01,2.232458e+01,2.234520e+01,2.237268e+01,2.226271e+01,2.224208e+01,2.226959e+01,2.210443e+01,2.224208e+01,2.220081e+01,2.213198e+01,2.226271e+01,2.225584e+01,2.219393e+01,2.228334e+01,2.219393e+01,2.228334e+01,2.229709e+01,2.214575e+01,2.224896e+01,2.218016e+01,2.220081e+01,2.203554e+01,2.214575e+01,2.206310e+01,2.204243e+01,2.194591e+01,2.201486e+01,2.196660e+01,2.190451e+01,2.189761e+01,2.193901e+01,2.187691e+01,2.189761e+01,2.197349e+01,2.188381e+01,2.192521e+01,2.193211e+01,2.198039e+01,2.195280e+01,2.191141e+01,2.200107e+01,2.198729e+01,2.199418e+01,2.202865e+01,2.207688e+01,2.206310e+01,2.198039e+01,2.198039e+01,2.200107e+01,2.202865e+01,2.200797e+01,2.205621e+01,2.210443e+01,2.206999e+01,2.211132e+01,2.213886e+01,2.214575e+01,2.213886e+01,2.206310e+01,2.223520e+01,2.206999e+01,2.213886e+01,2.224896e+01,2.212509e+01,2.211132e+01,2.206999e+01,2.212509e+01,2.212509e+01,2.202176e+01,2.206999e+01,2.211821e+01,2.211132e+01,2.211821e+01,2.201486e+01,2.204243e+01,2.202176e+01,2.202865e+01,2.204932e+01,2.206999e+01,2.195970e+01,2.198039e+01,2.209755e+01,2.206999e+01,2.208377e+01,2.200797e+01,2.198039e+01,2.202176e+01,2.204932e+01,2.210443e+01,2.200797e+01,2.206999e+01,2.202176e+01,2.202865e+01,2.200797e+01,2.200107e+01,2.203554e+01,2.186310e+01,2.209755e+01,2.193211e+01,2.198729e+01,2.193211e+01,2.198729e+01,2.190451e+01,2.195970e+01,2.187691e+01,2.195970e+01,2.196660e+01,2.204932e+01,2.201486e+01,2.189761e+01,2.183548e+01,2.188381e+01,2.193211e+01,2.189071e+01,2.198729e+01,2.194591e+01,2.197349e+01,2.198729e+01,2.198729e+01,2.195280e+01,2.200107e+01,2.198729e+01,2.200107e+01,2.200797e+01,2.204243e+01,2.201486e+01,2.195280e+01,2.202865e+01,2.202176e+01,2.198039e+01,2.206310e+01,2.206310e+01,2.209066e+01,2.198729e+01,2.197349e+01,2.193901e+01,2.207688e+01,2.195970e+01,2.202176e+01,2.202176e+01,2.192521e+01,2.195970e+01,2.193901e+01,2.206999e+01,2.203554e+01,2.206310e+01,2.198729e+01,2.200107e+01,2.204243e+01,2.198729e+01,2.211821e+01,2.208377e+01,2.201486e+01,2.194591e+01,2.213886e+01,2.194591e+01,2.194591e+01,2.196660e+01,2.197349e+01,2.199418e+01,2.191831e+01,2.200797e+01,2.222145e+01,2.202176e+01,2.206310e+01,2.195970e+01,2.198039e+01,2.202176e+01,2.202176e+01,2.200107e+01,2.205621e+01,2.202176e+01,2.200797e+01,2.218705e+01,2.211821e+01,2.204932e+01,2.197349e+01,2.198729e+01,2.198039e+01,2.204932e+01,2.202865e+01,2.206310e+01,2.200107e+01,2.196660e+01,2.205621e+01,2.204243e+01,2.187691e+01,2.187691e+01,2.196660e+01,2.184929e+01,2.191831e+01,2.186310e+01,2.181476e+01,2.188381e+01,2.178022e+01,2.192521e+01,2.190451e+01,2.167654e+01,2.168345e+01,2.173876e+01,2.169728e+01,2.169728e+01,2.162119e+01,2.169037e+01,2.162119e+01,2.155890e+01,2.164195e+01,2.166270e+01,2.160735e+01,2.153812e+01,2.166270e+01,2.165579e+01,2.166962e+01,2.159351e+01,2.158659e+01,2.157274e+01,2.159351e+01,2.157274e+01,2.164887e+01,2.160043e+01,2.178713e+01,2.174567e+01,2.184929e+01,2.196660e+01,2.198039e+01,2.206999e+01,2.198039e+01,2.192521e+01,2.195280e+01,2.200797e+01,2.201486e+01,2.206999e+01,2.210443e+01,2.213886e+01,2.211821e+01,2.202865e+01,2.208377e+01,2.214575e+01,2.217328e+01,2.206310e+01,2.220769e+01,2.224208e+01,2.217328e+01,2.223520e+01,2.212509e+01,2.223520e+01,2.213886e+01,2.225584e+01,2.226959e+01,2.227647e+01,2.217328e+01,2.217328e+01,2.215263e+01,2.222833e+01,2.227647e+01,2.224896e+01,2.230396e+01,2.228334e+01,2.223520e+01,2.218016e+01,2.213886e+01,2.213886e+01,2.206999e+01,2.233146e+01,2.215263e+01,2.206999e+01,2.215263e+01,2.226271e+01,2.211132e+01,2.213886e+01,2.218016e+01,2.217328e+01,2.216640e+01,2.223520e+01,2.221457e+01,2.221457e+01,2.204243e+01,2.215952e+01,2.209066e+01,2.217328e+01,2.213198e+01,2.210443e+01,2.215263e+01,2.213198e+01,2.211821e+01,2.221457e+01,2.214575e+01,2.218705e+01,2.217328e+01,2.218705e+01,2.215952e+01,2.222145e+01
2.252369e+01,2.245507e+01,2.250311e+01,2.257854e+01,2.229709e+01,2.235894e+01,2.248939e+01,2.244135e+01,2.240015e+01,2.235894e+01,2.250997e+01,2.250997e+01,2.251683e+01,2.266763e+01,2.259225e+01,2.251683e+01,2.255112e+01,2.260596e+01,2.266078e+01,2.257854e+01,2.259225e+01,2.256483e+01,2.254426e+01,2.264708e+01,2.266763e+01,2.250997e+01,2.256483e+01,2.237268e+01,2.248252e+01,2.253741e+01,2.261967e+01,2.254426e+01,2.253741e+01,2.254426e+01,2.254426e+01,2.257854e+01,2.267447e+01,2.244135e+01,2.253055e+01,2.265392e+01,2.253741e+01,2.246880e+01,2.253741e+01,2.244821e+01,2.256483e+01,2.254426e+01,2.255798e+01,2.253741e+01,2.251683e+01,2.253741e+01,2.250997e+01,2.253055e+01,2.246880e+01,2.259225e+01,2.245507e+01,2.257854e+01,2.250997e+01,2.244135e+01,2.250311e+01,2.238642e+01,2.250311e+01,2.238642e+01,2.238642e+01,2.235894e+01,2.250997e+01,2.250997e+01,2.261967e+01,2.257169e+01,2.283188e+01,2.313233e+01,2.318686e+01,2.344551e+01,2.345230e+01,2.340471e+01,2.352705e+01,2.357458e+01,2.356779e+01,2.359495e+01,2.371706e+01,2.358816e+01,2.387966e+01,2.389996e+01,2.394733e+01,2.401496e+01,2.404876e+01,2.404200e+01,2.404876e+01,2.392703e+01,2.399467e+01,2.392703e+01,2.382549e+01,2.379839e+01,2.371028e+01,2.369672e+01,2.375096e+01,2.364924e+01,2.376451e+01,2.373740e+01,2.369672e+01,2.377807e+01,2.367638e+01,2.382549e+01,2.381194e+01,2.375774e+01,2.375774e+01,2.377129e+01,2.379839e+01,2.392703e+01,2.392703e+01,2.389320e+01,2.392703e+01,2.399467e+01,2.400820e+01,2.368994e+01,2.377129e+01,2.388643e+01,2.390673e+01,2.391350e+01,2.390673e+01,2.387966e+01,2.392027e+01,2.390673e+01,2.385258e+01,2.380517e+01,2.368316e+01,2.374418e+01,2.381194e+01,2.383226e+01,2.379839e+01,2.364246e+01,2.366281e+01,2.372384e+01,2.382549e+01,2.368994e+01,2.371028e+01,2.371028e+01,2.389996e+01,2.382549e+01,2.365602e+01,2.376451e+01,2.377807e+01,2.375096e+01,2.371028e+01,2.373062e+01,2.369672e+01,2.381194e+01,2.371706e+01,2.382549e+01,2.377129e+01,2.381194e+01,2.379839e+01,2.362889e+01,2.371028e+01,2.379839e+01,2.373062e+01,2.389996e+01,2.370350e+01,2.383226e+01,2.388643e+01,2.378484e+01,2.392703e+01,2.385935e+01,2.385935e+01,2.381872e+01,2.387289e+01,2.383226e+01,2.384581e+01,2.375774e+01,2.387289e+01,2.389996e+01,2.407579e+01,2.389320e+01,2.387289e+01,2.383226e+01,2.385935e+01,2.399467e+01,2.391350e+01,2.387966e+01,2.390673e+01,2.398791e+01,2.391350e+01,2.380517e+01,2.394057e+01,2.354742e+01,2.364246e+01,2.360853e+01,2.357458e+01,2.364246e+01,2.571819e+01,2.394733e+01,2.260596e+01,2.250997e+01,2.237955e+01,2.254426e+01,2.250997e+01,2.247566e+01,2.247566e+01,2.245507e+01,2.232458e+01,2.244135e+01,2.245507e+01,2.253055e+01,2.244821e+01,2.257854e+01,2.258540e+01,2.283872e+01,2.268132e+01,2.279084e+01,2.275663e+01,2.412307e+01,2.398115e+01,2.336390e+01,2.307777e+01,2.312551e+01,2.334349e+01,2.316642e+01,2.292074e+01,2.298221e+01,2.269502e+01,2.263337e+01,2.306412e+01,2.308459e+01,2.347949e+01,2.339791e+01,2.358138e+01,2.310505e+01,2.375096e+01,2.417034e+01,2.371028e+01,2.555177e+01,2.472913e+01,2.389996e+01,2.460148e+01,2.478283e+01,2.478283e+01,2.314597e+01,2.244821e+01,2.315960e+01,2.364924e+01,2.342511e+01,2.272925e+01,2.294807e+01,2.292757e+01,2.361531e+01,2.404200e+01,2.435918e+01,2.505762e+01,2.477612e+01,2.275663e+01,2.277716e+01,2.283872e+01,2.324818e+01,2.432548e+01,2.431874e+01,2.348629e+01,2.339791e+01,2.413658e+01,2.504423e+01,2.482980e+01,2.347269e+01,2.379839e+01,2.332307e+01,2.323456e+01,2.398791e+01,2.404200e+01,2.322093e+01,2.345230e+01,2.273610e+01,2.279084e+01,2.340471e+01,2.337751e+01,2.410281e+01,2.517135e+01,2.290707e+01,2.278400e+01,2.293440e+01,2.276347e+01,2.349308e+01,2.709930e+01,2.643412e+01,2.487674e+01,2.357458e+01,2.392027e+01,2.391350e+01,2.330265e+01,2.345910e+01,2.352026e+01,2.344551e+01,2.460148e+01,2.651337e+01,2.666510e+01,2.358816e+01,2.319368e+01,2.311869e+01,2.398115e+01,2.373062e+01,2.277032e+01,2.270871e+01,2.266078e+01,2.229022e+01,2.220081e+01,2.235207e+01,2.281820e+01,2.313915e+01,2.319368e+01,2.309823e+01,2.261967e+01,2.220081e+01,2.218016e+01,2.216640e+01,2.253055e+01,2.250311e+01,2.251683e+01,2.250997e+01,2.251683e+01,2.250311e+01,2.234520e+01,2.250311e+01,2.245507e+01,2.244821e+01,2.243448e+01,2.249625e+01,2.250997e+01,2.246880e+01,2.238642e+01,2.250997e+01,2.249625e+01,2.249625e+01,2.255798e+01,2.258540e+01,2.249625e+01,2.257854e+01,2.248252e+01,2.259911e+01,2.254426e+01,2.244821e+01,2.240702e+01,2.242075e+01,2.248939e+01,2.246194e+01,2.232458e+01,2.237955e+01,2.235894e+01,2.240702e+01,2.232458e+01,2.231771e+01,2.228334e+01,2.231771e+01,2.240015e+01,2.231771e+01,2.229709e+01,2.237268e+01,2.229709e+01,2.226271e+01,2.220769e+01,2.218705e+01,2.217328e+01,2.215263e+01,2.213198e+01,2.216640e+01,2.215263e+01,2.217328e+01,2.224208e+01,2.222833e+01,2.219393e+01,2.221457e+01,2.220081e+01,2.209755e+01,2.201486e+01,2.209066e+01,2.200107e+01,2.195280e+01,2.203554e+01,2.191831e+01,2.200107e+01,2.193211e+01,2.193211e+01,2.191141e+01,2.189071e+01,2.188381e+01,2.191141e+01,2.189071e+01,2.189761e+01,2.193211e+01,2.191141e+01,2.200107e+01,2.199418e+01,2.187691e+01,2.192521e+01,2.204243e+01,2.205621e+01,2.204932e+01,2.212509e+01,2.204932e+01,2.214575e+01,2.203554e+01,2.209755e+01,2.218705e+01,2.207688e+01,2.199418e+01,2.206999e+01,2.209755e+01,2.217328e+01,2.211132e+01,2.204932e+01,2.213198e+01,2.203554e+01,2.213198e+01,2.204932e+01,2.205621e+01,2.204932e+01,2.208377e+01,2.218016e+01,2.216640e+01,2.212509e+01,2.201486e+01,2.200797e+01,2.211821e+01,2.202176e+01,2.202865e+01,2.200797e+01,2.205621e+01,2.205621e+01,2.204932e+01,2.196660e+01,2.212509e+01,2.198039e+01,2.195970e+01,2.206999e+01,2.189071e+01,2.211132e+01,2.203554e+01,2.205621e+01,2.200107e+01,2.204932e+01,2.203554e+01,2.212509e+01,2.198729e+01,2.199418e+01,2.209066e+01,2.205621e+01,2.204243e+01,2.191141e+01,2.198039e+01,2.189761e+01,2.187000e+01,2.178713e+01,2.180095e+01,2.184239e+01,2.195280e+01,2.195280e+01,2.193901e+01,2.195970e+01,2.195280e+01,2.198039e+01,2.193211e+01,2.215263e+01,2.195970e+01,2.197349e+01,2.194591e+01,2.189071e+01,2.182167e+01,2.194591e+01,2.195280e+01,2.197349e+01,2.199418e+01,2.199418e+01,2.194591e+01,2.197349e+01,2.182167e+01,2.197349e+01,2.195280e+01,2.193211e+01,2.199418e+01,2.191831e+01,2.204243e+01,2.198039e+01,2.189071e+01,2.195970e+01,2.197349e+01,2.205621e+01,2.195280e+01,2.198039e+01,2.206999e+01,2.205621e+01,2.199418e+01,2.203554e+01,2.193901e+01,2.191831e+01,2.202176e+01,2.201486e+01,2.199418e+01,2.206999e+01,2.201486e+01,2.195280e+01,2.200107e+01,2.199418e+01,2.196660e+01,2.193211e+01,2.197349e+01,2.205621e+01,2.195970e+01,2.195970e+01,2.197349e+01,2.197349e+01,2.202176e+01,2.200797e+01,2.199418e+01,2.204932e+01,2.200797e+01,2.199418e+01,2.191831e+01,2.197349e+01,2.198729e+01,2.192521e+01,2.202176e+01,2.203554e+01,2.221457e+01,2.194591e+01,2.198729e+01,2.198729e+01,2.206310e+01,2.201486e+01,2.211821e+01,2.198729e+01,2.206310e+01,2.213198e+01,2.193211e+01,2.216640e+01,2.202176e+01,2.182167e+01,2.186310e+01,2.198729e+01,2.201486e+01,2.197349e+01,2.196660e+01,2.198729e+01,2.194591e+01,2.187691e+01,2.190451e+01,2.193901e+01,2.178022e+01,2.175949e+01,2.189071e+01,2.177332e+01,2.177332e+01,2.169037e+01,2.171802e+01,2.171111e+01,2.160043e+01,2.166962e+01,2.169728e+01,2.157967e+01,2.164195e+01,2.164887e+01,2.170420e+01,2.177332e+01,2.157967e+01,2.173185e+01,2.148270e+01,2.153812e+01,2.172494e+01,2.158659e+01,2.160735e+01,2.165579e+01,2.157274e+01,2.166270e+01,2.164887e+01,2.177332e+01,2.171802e+01,2.172494e+01,2.193901e+01,2.175949e+01,2.187000e+01,2.184239e+01,2.203554e+01,2.192521e+01,2.198039e+01,2.199418e+01,2.205621e+01,2.195280e+01,2.215263e+01,2.214575e+01,2.203554e+01,2.209755e+01,2.204932e+01,2.210443e+01,2.206310e+01,2.224208e+01,2.210443e+01,2.213886e+01,2.221457e+01,2.215952e+01,2.223520e+01,2.222145e+01,2.213886e+01,2.227647e+01,2.224896e+01,2.229709e+01,2.220769e+01,2.226271e+01,2.209066e+01,2.225584e+01,2.224896e+01,2.222833e+01,2.222833e+01,2.211821e+01,2.226959e+01,2.227647e+01,2.220081e+01,2.217328e+01,2.223520e+01,2.204243e+01,2.202176e+01,2.218016e+01,2.216640e+01,2.223520e+01,2.226959e+01,2.210443e+01,2.218705e+01,2.220081e+01,2.218016e+01,2.213198e+01,2.222833e+01,2.219393e+01,2.205621e+01,2.204243e+01,2.220769e+01,2.211821e+01,2.216640e+01,2.213198e+01,2.211132e+01,2.209066e+01,2.215263e+01,2.218705e+01,2.204932e+01,2.219393e+01,2.213198e+01,2.217328e+01,2.217328e+01
2.250311e+01,2.245507e+01,2.257169e+01,2.248939e+01,2.229709e+01,2.225584e+01,2.256483e+01,2.245507e+01,2.246880e+01,2.246194e+01,2.243448e+01,2.244821e+01,2.250997e+01,2.257169e+01,2.258540e+01,2.263337e+01,2.264708e+01,2.262652e+01,2.264022e+01,2.251683e+01,2.261967e+01,2.255798e+01,2.271556e+01,2.261282e+01,2.264708e+01,2.264022e+01,2.267447e+01,2.264708e+01,2.259225e+01,2.261967e+01,2.265392e+01,2.250997e+01,2.259225e+01,2.258540e+01,2.268817e+01,2.266078e+01,2.266078e+01,2.266078e+01,2.269502e+01,2.248252e+01,2.250997e+01,2.267447e+01,2.253055e+01,2.259911e+01,2.256483e+01,2.248252e+01,2.251683e+01,2.246194e+01,2.247566e+01,2.255798e+01,2.257854e+01,2.250311e+01,2.248939e+01,2.259911e+01,2.247566e+01,2.248939e+01,2.245507e+01,2.248939e+01,2.250311e+01,2.252369e+01,2.245507e+01,2.235207e+01,2.253741e+01,2.251683e+01,2.241389e+01,2.255798e+01,2.250997e+01,2.261967e+01,2.264708e+01,2.304365e+01,2.309823e+01,2.341151e+01,2.336390e+01,2.352026e+01,2.362889e+01,2.360174e+01,2.362889e+01,2.364246e+01,2.371706e+01,2.373740e+01,2.375774e+01,2.393380e+01,2.398791e+01,2.405551e+01,2.400820e+01,2.397439e+01,2.394057e+01,2.394057e+01,2.398115e+01,2.398115e+01,2.385935e+01,2.369672e+01,2.385935e+01,2.381194e+01,2.378484e+01,2.379162e+01,2.361531e+01,2.381194e+01,2.379162e+01,2.360853e+01,2.381872e+01,2.364246e+01,2.371706e+01,2.367638e+01,2.375774e+01,2.390673e+01,2.381872e+01,2.398791e+01,2.394733e+01,2.404200e+01,2.387966e+01,2.401496e+01,2.394733e+01,2.408254e+01,2.398115e+01,2.383226e+01,2.387289e+01,2.391350e+01,2.383903e+01,2.392703e+01,2.380517e+01,2.389996e+01,2.379162e+01,2.386612e+01,2.365602e+01,2.370350e+01,2.384581e+01,2.380517e+01,2.384581e+01,2.370350e+01,2.369672e+01,2.377129e+01,2.379839e+01,2.383226e+01,2.383903e+01,2.372384e+01,2.372384e+01,2.373740e+01,2.368994e+01,2.381194e+01,2.369672e+01,2.373062e+01,2.375774e+01,2.379839e+01,2.374418e+01,2.382549e+01,2.389320e+01,2.377129e+01,2.378484e+01,2.370350e+01,2.385935e+01,2.381872e+01,2.379162e+01,2.385258e+01,2.374418e+01,2.394057e+01,2.390673e+01,2.387289e+01,2.399467e+01,2.387966e+01,2.388643e+01,2.377807e+01,2.388643e+01,2.385935e+01,2.384581e+01,2.387966e+01,2.381872e+01,2.385935e+01,2.389320e+01,2.389320e+01,2.388643e+01,2.389996e+01,2.395410e+01,2.394733e+01,2.392703e+01,2.412307e+01,2.390673e+01,2.398115e+01,2.391350e+01,2.394057e+01,2.401496e+01,2.383226e+01,2.368994e+01,2.378484e+01,2.367638e+01,2.369672e+01,2.351346e+01,2.364246e+01,2.547179e+01,2.399467e+01,2.272925e+01,2.241389e+01,2.240015e+01,2.248252e+01,2.239328e+01,2.231084e+01,2.246880e+01,2.237268e+01,2.246194e+01,2.248939e+01,2.244821e+01,2.242762e+01,2.255112e+01,2.259225e+01,2.283872e+01,2.288657e+01,2.287290e+01,2.275663e+01,2.252369e+01,2.307777e+01,2.304365e+01,2.275663e+01,2.285239e+01,2.287974e+01,2.323456e+01,2.320049e+01,2.313915e+01,2.309141e+01,2.260596e+01,2.259911e+01,2.285923e+01,2.328904e+01,2.322775e+01,2.290024e+01,2.322775e+01,2.358816e+01,2.313915e+01,2.343191e+01,2.351346e+01,2.373062e+01,2.332988e+01,2.396086e+01,2.439287e+01,2.489686e+01,2.312551e+01,2.246880e+01,2.246880e+01,2.303000e+01,2.349308e+01,2.314597e+01,2.299587e+01,2.322093e+01,2.318005e+01,2.341831e+01,2.362889e+01,2.427155e+01,2.527827e+01,2.478283e+01,2.343871e+01,2.345910e+01,2.381194e+01,2.480296e+01,2.636803e+01,2.635481e+01,2.406227e+01,2.385935e+01,2.416359e+01,2.682320e+01,2.602371e+01,2.375774e+01,2.306412e+01,2.294123e+01,2.396086e+01,2.589762e+01,2.414333e+01,2.341151e+01,2.325499e+01,2.272241e+01,2.272241e+01,2.322093e+01,2.323456e+01,2.380517e+01,2.615628e+01,2.318686e+01,2.314597e+01,2.291391e+01,2.315960e+01,2.428503e+01,2.859882e+01,2.729609e+01,2.462164e+01,2.329585e+01,2.328904e+01,2.345230e+01,2.347269e+01,2.487674e+01,2.456113e+01,2.319368e+01,2.279084e+01,2.337751e+01,2.401496e+01,2.324137e+01,2.320049e+01,2.356779e+01,2.541844e+01,2.356101e+01,2.264022e+01,2.264708e+01,2.257854e+01,2.253055e+01,2.225584e+01,2.237268e+01,2.261282e+01,2.315278e+01,2.323456e+01,2.316642e+01,2.305730e+01,2.290707e+01,2.253741e+01,2.246880e+01,2.257854e+01,2.253055e+01,2.248252e+01,2.259225e+01,2.259225e+01,2.250311e+01,2.250311e+01,2.254426e+01,2.248252e+01,2.253055e+01,2.245507e+01,2.258540e+01,2.253741e+01,2.254426e+01,2.249625e+01,2.250311e+01,2.250311e+01,2.255798e+01,2.257169e+01,2.255112e+01,2.254426e+01,2.246880e+01,2.246880e+01,2.242762e+01,2.243448e+01,2.246880e+01,2.248939e+01,2.249625e+01,2.242075e+01,2.242075e+01,2.243448e+01,2.240015e+01,2.241389e+01,2.232458e+01,2.229709e+01,2.244135e+01,2.246194e+01,2.229709e+01,2.231771e+01,2.232458e+01,2.231771e+01,2.244821e+01,2.228334e+01,2.221457e+01,2.228334e+01,2.220081e+01,2.226959e+01,2.214575e+01,2.228334e+01,2.216640e+01,2.214575e+01,2.224208e+01,2.226271e+01,2.219393e+01,2.222145e+01,2.219393e+01,2.213198e+01,2.218705e+01,2.204243e+01,2.213198e+01,2.192521e+01,2.220081e+01,2.215952e+01,2.195280e+01,2.204243e+01,2.191831e+01,2.190451e+01,2.189071e+01,2.190451e+01,2.188381e+01,2.186310e+01,2.187691e+01,2.187691e+01,2.190451e+01,2.192521e+01,2.186310e+01,2.190451e+01,2.191831e+01,2.200107e+01,2.193211e+01,2.202865e+01,2.190451e+01,2.191141e+01,2.205621e+01,2.202865e+01,2.202176e+01,2.229022e+01,2.208377e+01,2.207688e+01,2.211132e+01,2.211821e+01,2.210443e+01,2.213198e+01,2.210443e+01,2.213198e+01,2.211821e+01,2.210443e+01,2.213198e+01,2.201486e+01,2.211821e+01,2.207688e+01,2.218705e+01,2.213198e+01,2.204243e+01,2.208377e+01,2.201486e+01,2.216640e+01,2.212509e+01,2.204932e+01,2.208377e+01,2.207688e+01,2.211132e+01,2.202176e+01,2.209755e+01,2.207688e+01,2.201486e+01,2.207688e+01,2.198729e+01,2.197349e+01,2.207688e+01,2.199418e+01,2.200107e+01,2.202176e+01,2.209066e+01,2.207688e+01,2.207688e+01,2.198039e+01,2.200107e+01,2.200107e+01,2.191831e+01,2.202865e+01,2.203554e+01,2.210443e+01,2.196660e+01,2.185620e+01,2.192521e+01,2.178713e+01,2.193211e+01,2.182858e+01,2.192521e+01,2.193211e+01,2.184239e+01,2.195970e+01,2.197349e+01,2.195280e+01,2.191141e+01,2.200797e+01,2.195280e+01,2.203554e+01,2.193901e+01,2.192521e+01,2.190451e+01,2.189071e+01,2.187000e+01,2.194591e+01,2.211132e+01,2.193211e+01,2.191831e+01,2.190451e+01,2.195280e+01,2.195970e+01,2.202865e+01,2.207688e+01,2.191141e+01,2.202865e+01,2.195970e+01,2.203554e+01,2.191831e+01,2.195970e+01,2.198039e+01,2.200107e+01,2.196660e+01,2.208377e+01,2.202865e+01,2.200107e+01,2.200107e+01,2.201486e+01,2.200797e+01,2.189071e+01,2.202176e+01,2.185620e+01,2.209755e+01,2.199418e+01,2.206999e+01,2.192521e+01,2.196660e+01,2.200107e+01,2.195970e+01,2.206310e+01,2.193211e+01,2.213886e+01,2.191141e+01,2.193901e+01,2.195280e+01,2.194591e+01,2.195280e+01,2.202865e+01,2.195280e+01,2.198039e+01,2.218705e+01,2.201486e+01,2.195970e+01,2.199418e+01,2.213886e+01,2.213886e+01,2.205621e+01,2.200107e+01,2.197349e+01,2.196660e+01,2.210443e+01,2.208377e+01,2.199418e+01,2.211132e+01,2.198039e+01,2.205621e+01,2.191831e+01,2.211132e+01,2.206999e+01,2.211821e+01,2.205621e+01,2.211821e+01,2.202865e+01,2.199418e+01,2.195280e+01,2.209755e+01,2.190451e+01,2.201486e+01,2.198039e+01,2.191831e+01,2.191141e+01,2.191141e+01,2.180095e+01,2.181476e+01,2.191831e+01,2.166962e+01,2.179404e+01,2.170420e+01,2.180095e+01,2.174567e+01,2.178713e+01,2.172494e+01,2.165579e+01,2.170420e+01,2.167654e+01,2.173876e+01,2.167654e+01,2.161427e+01,2.169037e+01,2.173185e+01,2.166270e+01,2.166962e+01,2.165579e+01,2.178713e+01,2.155890e+01,2.173185e+01,2.161427e+01,2.176641e+01,2.176641e+01,2.173185e+01,2.175258e+01,2.178022e+01,2.178022e+01,2.191831e+01,2.188381e+01,2.202176e+01,2.194591e+01,2.199418e+01,2.198729e+01,2.196660e+01,2.196660e+01,2.198729e+01,2.195280e+01,2.223520e+01,2.208377e+01,2.226271e+01,2.214575e+01,2.212509e+01,2.208377e+01,2.214575e+01,2.220769e+01,2.224208e+01,2.222145e+01,2.218016e+01,2.222833e+01,2.217328e+01,2.236581e+01,2.231084e+01,2.213198e+01,2.224208e+01,2.222833e+01,2.212509e+01,2.224208e+01,2.222833e+01,2.226959e+01,2.216640e+01,2.232458e+01,2.227647e+01,2.224896e+01,2.257169e+01,2.226959e+01,2.221457e+01,2.215263e+01,2.225584e+01,2.202176e+01,2.204243e+01,2.224208e+01,2.224896e+01,2.212509e+01,2.231771e+01,2.213886e+01,2.229022e+01,2.218016e+01,2.226271e+01,2.218705e+01,2.218705e+01,2.221457e+01,2.206999e+01,2.226271e+01,2.224896e+01,2.225584e+01,2.222145e+01,2.212509e+01,2.214575e+01,2.224896e+01,2.215952e+01,2.217328e+01,2.217328e+01,2.221457e+01,2.202865e+01,2.214575e+01
2.244821e+01,2.229709e+01,2.227647e+01,2.244821e+01,2.229709e+01,2.228334e+01,2.246880e+01,2.231771e+01,2.242075e+01,2.244821e+01,2.257169e+01,2.249625e+01,2.246880e+01,2.255798e+01,2.259911e+01,2.248939e+01,2.259225e+01,2.264708e+01,2.266078e+01,2.262652e+01,2.260596e+01,2.260596e+01,2.257854e+01,2.264708e+01,2.266763e+01,2.250311e+01,2.253741e+01,2.248252e+01,2.255112e+01,2.250311e+01,2.270187e+01,2.254426e+01,2.253741e+01,2.266763e+01,2.257854e+01,2.265392e+01,2.265392e+01,2.254426e+01,2.255112e+01,2.251683e+01,2.256483e+01,2.252369e+01,2.259911e+01,2.256483e+01,2.254426e+01,2.246880e+01,2.252369e+01,2.253055e+01,2.251683e+01,2.253741e+01,2.250997e+01,2.250311e+01,2.250311e+01,2.248252e+01,2.246880e+01,2.250311e+01,2.254426e+01,2.257854e+01,2.248939e+01,2.235207e+01,2.233833e+01,2.248939e+01,2.231771e+01,2.231084e+01,2.238642e+01,2.246880e+01,2.255112e+01,2.243448e+01,2.263337e+01,2.305048e+01,2.301635e+01,2.342511e+01,2.334349e+01,2.347949e+01,2.357458e+01,2.345230e+01,2.358138e+01,2.364246e+01,2.367638e+01,2.375096e+01,2.376451e+01,2.396762e+01,2.394733e+01,2.395410e+01,2.398791e+01,2.394733e+01,2.387966e+01,2.379839e+01,2.392027e+01,2.391350e+01,2.376451e+01,2.387289e+01,2.373062e+01,2.373740e+01,2.365602e+01,2.364246e+01,2.366281e+01,2.369672e+01,2.363567e+01,2.363567e+01,2.366959e+01,2.380517e+01,2.375096e+01,2.376451e+01,2.377129e+01,2.376451e+01,2.379162e+01,2.384581e+01,2.394733e+01,2.394057e+01,2.389320e+01,2.379839e+01,2.402848e+01,2.383226e+01,2.386612e+01,2.390673e+01,2.370350e+01,2.391350e+01,2.390673e+01,2.389996e+01,2.391350e+01,2.377807e+01,2.379162e+01,2.366959e+01,2.387289e+01,2.375774e+01,2.367638e+01,2.379162e+01,2.378484e+01,2.366959e+01,2.368994e+01,2.377129e+01,2.373740e+01,2.375774e+01,2.361531e+01,2.373740e+01,2.387966e+01,2.366281e+01,2.384581e+01,2.371028e+01,2.378484e+01,2.372384e+01,2.368316e+01,2.373062e+01,2.380517e+01,2.364246e+01,2.375096e+01,2.389996e+01,2.367638e+01,2.373740e+01,2.387966e+01,2.381194e+01,2.377807e+01,2.384581e+01,2.357458e+01,2.376451e+01,2.378484e+01,2.385935e+01,2.385258e+01,2.392027e+01,2.388643e+01,2.372384e+01,2.385258e+01,2.386612e+01,2.381194e+01,2.383226e+01,2.392703e+01,2.378484e+01,2.386612e+01,2.388643e+01,2.385935e+01,2.393380e+01,2.386612e+01,2.392703e+01,2.398115e+01,2.385935e+01,2.410956e+01,2.391350e+01,2.400820e+01,2.396762e+01,2.383226e+01,2.394057e+01,2.373062e+01,2.367638e+01,2.362210e+01,2.360174e+01,2.353384e+01,2.361531e+01,2.541177e+01,2.425131e+01,2.283872e+01,2.244135e+01,2.252369e+01,2.249625e+01,2.239328e+01,2.245507e+01,2.224896e+01,2.235207e+01,2.247566e+01,2.244135e+01,2.244135e+01,2.246880e+01,2.251683e+01,2.251683e+01,2.264708e+01,2.287974e+01,2.286607e+01,2.274978e+01,2.232458e+01,2.269502e+01,2.263337e+01,2.245507e+01,2.277032e+01,2.286607e+01,2.289341e+01,2.323456e+01,2.326180e+01,2.322775e+01,2.280452e+01,2.246880e+01,2.298904e+01,2.334349e+01,2.283188e+01,2.299587e+01,2.352026e+01,2.396762e+01,2.360174e+01,2.344551e+01,2.289341e+01,2.300270e+01,2.334349e+01,2.437266e+01,2.397439e+01,2.377807e+01,2.246880e+01,2.242075e+01,2.246880e+01,2.307777e+01,2.328223e+01,2.274978e+01,2.299587e+01,2.300953e+01,2.302318e+01,2.327542e+01,2.387966e+01,2.462164e+01,2.491697e+01,2.592418e+01,2.382549e+01,2.381872e+01,2.520477e+01,2.649356e+01,2.707961e+01,2.505762e+01,2.412983e+01,2.419733e+01,2.429852e+01,2.449386e+01,2.413658e+01,2.411632e+01,2.377129e+01,2.335710e+01,2.539843e+01,2.722397e+01,2.373062e+01,2.348629e+01,2.278400e+01,2.298221e+01,2.275663e+01,2.318686e+01,2.285923e+01,2.339111e+01,2.483651e+01,2.352705e+01,2.314597e+01,2.286607e+01,2.332988e+01,2.396086e+01,2.674418e+01,2.493707e+01,2.349308e+01,2.392027e+01,2.367638e+01,2.328223e+01,2.349988e+01,2.608339e+01,2.764285e+01,2.412307e+01,2.343871e+01,2.315278e+01,2.298904e+01,2.267447e+01,2.265392e+01,2.295490e+01,2.341151e+01,2.264708e+01,2.244821e+01,2.256483e+01,2.269502e+01,2.266763e+01,2.266763e+01,2.222145e+01,2.259911e+01,2.303683e+01,2.309141e+01,2.296856e+01,2.304365e+01,2.306412e+01,2.301635e+01,2.264708e+01,2.273610e+01,2.255112e+01,2.249625e+01,2.244135e+01,2.241389e+01,2.255798e+01,2.251683e+01,2.249625e+01,2.241389e+01,2.242762e+01,2.246880e+01,2.255112e+01,2.246194e+01,2.248252e+01,2.256483e+01,2.244821e+01,2.238642e+01,2.249625e+01,2.234520e+01,2.247566e+01,2.247566e+01,2.239328e+01,2.255112e+01,2.246194e+01,2.250311e+01,2.242762e+01,2.240015e+01,2.248252e+01,2.246194e+01,2.237955e+01,2.244821e+01,2.244821e+01,2.242762e+01,2.242075e+01,2.240702e+01,2.243448e+01,2.243448e+01,2.232458e+01,2.226959e+01,2.232458e+01,2.231771e+01,2.231084e+01,2.223520e+01,2.224208e+01,2.226959e+01,2.209755e+01,2.216640e+01,2.220769e+01,2.215952e+01,2.220769e+01,2.217328e+01,2.215263e+01,2.220081e+01,2.220081e+01,2.224208e+01,2.206999e+01,2.211821e+01,2.227647e+01,2.219393e+01,2.213198e+01,2.198039e+01,2.198039e+01,2.194591e+01,2.194591e+01,2.191141e+01,2.191141e+01,2.189071e+01,2.191141e+01,2.188381e+01,2.187691e+01,2.188381e+01,2.187691e+01,2.183548e+01,2.189761e+01,2.191141e+01,2.191141e+01,2.213198e+01,2.192521e+01,2.200107e+01,2.198729e+01,2.193901e+01,2.190451e+01,2.202865e+01,2.205621e+01,2.209755e+01,2.203554e+01,2.204243e+01,2.190451e+01,2.206999e+01,2.204243e+01,2.206999e+01,2.202865e+01,2.198039e+01,2.208377e+01,2.192521e+01,2.207688e+01,2.211132e+01,2.212509e+01,2.211821e+01,2.202865e+01,2.215952e+01,2.206310e+01,2.212509e+01,2.211132e+01,2.212509e+01,2.213198e+01,2.209066e+01,2.204932e+01,2.211821e+01,2.206310e+01,2.195280e+01,2.210443e+01,2.210443e+01,2.204243e+01,2.204243e+01,2.197349e+01,2.192521e+01,2.200797e+01,2.200107e+01,2.190451e+01,2.195970e+01,2.189761e+01,2.189071e+01,2.202176e+01,2.202176e+01,2.195970e+01,2.195280e+01,2.193211e+01,2.189071e+01,2.187691e+01,2.192521e+01,2.189071e+01,2.199418e+01,2.185620e+01,2.188381e+01,2.193211e+01,2.189071e+01,2.193901e+01,2.193211e+01,2.190451e+01,2.181476e+01,2.193901e+01,2.195280e+01,2.189761e+01,2.187691e+01,2.190451e+01,2.189071e+01,2.184239e+01,2.191141e+01,2.195280e+01,2.187691e+01,2.184239e+01,2.183548e+01,2.192521e+01,2.198729e+01,2.198729e+01,2.200797e+01,2.192521e+01,2.189071e+01,2.194591e+01,2.192521e+01,2.200797e+01,2.188381e+01,2.198039e+01,2.192521e+01,2.202176e+01,2.203554e+01,2.193901e+01,2.198039e+01,2.196660e+01,2.197349e+01,2.198729e+01,2.202865e+01,2.203554e+01,2.200107e+01,2.211132e+01,2.200107e+01,2.192521e+01,2.193211e+01,2.206310e+01,2.200107e+01,2.198729e+01,2.202176e+01,2.189071e+01,2.197349e+01,2.193211e+01,2.204932e+01,2.198729e+01,2.204932e+01,2.210443e+01,2.191141e+01,2.192521e+01,2.193211e+01,2.195970e+01,2.193211e+01,2.195280e+01,2.193901e+01,2.195280e+01,2.182167e+01,2.202865e+01,2.199418e+01,2.180095e+01,2.202176e+01,2.198729e+01,2.202176e+01,2.204243e+01,2.206999e+01,2.194591e+01,2.197349e+01,2.193901e+01,2.206310e+01,2.202176e+01,2.210443e+01,2.191141e+01,2.193211e+01,2.199418e+01,2.200797e+01,2.202176e+01,2.207688e+01,2.198729e+01,2.204932e+01,2.193901e+01,2.192521e+01,2.209755e+01,2.194591e+01,2.204243e+01,2.197349e+01,2.193211e+01,2.193901e+01,2.188381e+01,2.183548e+01,2.187691e+01,2.190451e+01,2.174567e+01,2.193211e+01,2.171111e+01,2.181476e+01,2.175949e+01,2.173185e+01,2.184239e+01,2.162119e+01,2.175949e+01,2.166270e+01,2.166962e+01,2.167654e+01,2.170420e+01,2.179404e+01,2.174567e+01,2.162119e+01,2.160043e+01,2.166270e+01,2.155197e+01,2.173185e+01,2.159351e+01,2.171802e+01,2.176641e+01,2.162119e+01,2.174567e+01,2.174567e+01,2.175949e+01,2.172494e+01,2.174567e+01,2.186310e+01,2.174567e+01,2.193211e+01,2.197349e+01,2.198039e+01,2.198039e+01,2.189761e+01,2.201486e+01,2.202176e+01,2.193211e+01,2.206310e+01,2.195970e+01,2.208377e+01,2.206999e+01,2.211132e+01,2.216640e+01,2.209755e+01,2.214575e+01,2.214575e+01,2.218705e+01,2.215952e+01,2.234520e+01,2.221457e+01,2.211132e+01,2.208377e+01,2.213198e+01,2.204932e+01,2.215263e+01,2.217328e+01,2.221457e+01,2.216640e+01,2.233833e+01,2.229709e+01,2.217328e+01,2.211132e+01,2.225584e+01,2.215952e+01,2.216640e+01,2.226271e+01,2.224896e+01,2.226959e+01,2.231084e+01,2.218705e+01,2.216640e+01,2.214575e+01,2.215263e+01,2.224208e+01,2.221457e+01,2.233146e+01,2.208377e+01,2.224208e+01,2.226271e+01,2.227647e+01,2.218016e+01,2.221457e+01,2.216640e+01,2.214575e+01,2.225584e+01,2.214575e+01,2.223520e+01,2.215263e+01,2.215263e+01,2.215952e+01,2.212509e+01,2.211821e+01,2.210443e+01,2.206999e+01,2.216640e+01
2.250997e+01,2.251683e+01,2.251683e+01,2.246880e+01,2.244135e+01,2.244135e+01,2.243448e+01,2.243448e+01,2.237268e+01,2.223520e+01,2.240702e+01,2.251683e+01,2.256483e+01,2.251683e+01,2.250997e+01,2.261282e+01,2.261282e+01,2.243448e+01,2.263337e+01,2.259225e+01,2.255798e+01,2.265392e+01,2.264022e+01,2.264708e+01,2.266078e+01,2.258540e+01,2.253055e+01,2.254426e+01,2.261967e+01,2.255798e+01,2.270871e+01,2.257169e+01,2.261967e+01,2.271556e+01,2.246194e+01,2.270187e+01,2.267447e+01,2.268132e+01,2.261967e+01,2.254426e+01,2.263337e+01,2.258540e+01,2.259911e+01,2.257854e+01,2.255798e+01,2.253055e+01,2.256483e+01,2.248252e+01,2.258540e+01,2.253741e+01,2.257169e+01,2.253055e+01,2.250311e+01,2.259225e+01,2.258540e+01,2.257854e+01,2.254426e+01,2.248252e+01,2.240015e+01,2.248939e+01,2.253055e+01,2.231084e+01,2.235894e+01,2.243448e+01,2.261967e+01,2.246194e+01,2.260596e+01,2.249625e+01,2.280452e+01,2.301635e+01,2.303000e+01,2.322093e+01,2.325499e+01,2.342511e+01,2.357458e+01,2.358138e+01,2.362889e+01,2.359495e+01,2.375096e+01,2.375774e+01,2.397439e+01,2.394733e+01,2.394057e+01,2.388643e+01,2.390673e+01,2.394057e+01,2.394733e+01,2.388643e+01,2.387966e+01,2.405551e+01,2.388643e+01,2.381872e+01,2.399467e+01,2.380517e+01,2.366281e+01,2.387966e+01,2.364246e+01,2.365602e+01,2.371706e+01,2.375096e+01,2.368994e+01,2.378484e+01,2.366959e+01,2.368316e+01,2.367638e+01,2.381194e+01,2.386612e+01,2.384581e+01,2.386612e+01,2.386612e+01,2.404200e+01,2.389320e+01,2.386612e+01,2.401496e+01,2.386612e+01,2.375774e+01,2.371706e+01,2.387966e+01,2.383226e+01,2.389320e+01,2.385258e+01,2.386612e+01,2.380517e+01,2.379162e+01,2.385258e+01,2.379162e+01,2.371706e+01,2.378484e+01,2.367638e+01,2.376451e+01,2.366281e+01,2.375096e+01,2.376451e+01,2.375096e+01,2.371028e+01,2.366959e+01,2.371706e+01,2.373740e+01,2.379839e+01,2.373740e+01,2.381194e+01,2.371028e+01,2.377129e+01,2.373740e+01,2.369672e+01,2.377807e+01,2.385935e+01,2.373740e+01,2.384581e+01,2.377807e+01,2.383903e+01,2.383903e+01,2.382549e+01,2.383226e+01,2.377807e+01,2.394057e+01,2.377807e+01,2.385935e+01,2.386612e+01,2.389320e+01,2.390673e+01,2.375096e+01,2.375096e+01,2.385258e+01,2.383903e+01,2.380517e+01,2.396086e+01,2.392027e+01,2.392027e+01,2.383903e+01,2.386612e+01,2.395410e+01,2.395410e+01,2.387289e+01,2.401496e+01,2.384581e+01,2.405551e+01,2.396762e+01,2.399467e+01,2.400820e+01,2.389320e+01,2.385258e+01,2.375774e+01,2.373062e+01,2.359495e+01,2.357458e+01,2.342511e+01,2.366281e+01,2.537174e+01,2.447367e+01,2.284555e+01,2.240015e+01,2.242075e+01,2.245507e+01,2.242762e+01,2.250311e+01,2.244135e+01,2.237268e+01,2.247566e+01,2.248939e+01,2.247566e+01,2.250311e+01,2.249625e+01,2.255798e+01,2.264022e+01,2.290707e+01,2.287974e+01,2.290024e+01,2.245507e+01,2.257169e+01,2.269502e+01,2.259225e+01,2.252369e+01,2.274294e+01,2.330946e+01,2.336390e+01,2.326180e+01,2.325499e+01,2.278400e+01,2.279768e+01,2.309141e+01,2.335029e+01,2.284555e+01,2.279768e+01,2.318686e+01,2.390673e+01,2.444001e+01,2.599718e+01,2.396762e+01,2.341831e+01,2.428503e+01,2.399467e+01,2.379162e+01,2.309823e+01,2.283872e+01,2.311187e+01,2.280452e+01,2.339791e+01,2.324818e+01,2.276347e+01,2.276347e+01,2.279084e+01,2.291391e+01,2.341151e+01,2.404200e+01,2.527159e+01,2.566496e+01,2.592418e+01,2.362889e+01,2.386612e+01,2.454095e+01,2.407579e+01,2.406227e+01,2.354063e+01,2.385935e+01,2.440634e+01,2.450059e+01,2.436592e+01,2.476941e+01,2.435918e+01,2.375096e+01,2.332307e+01,2.509108e+01,2.713869e+01,2.325499e+01,2.308459e+01,2.349988e+01,2.348629e+01,2.346590e+01,2.347949e+01,2.360174e+01,2.318686e+01,2.349308e+01,2.355421e+01,2.314597e+01,2.445347e+01,2.525155e+01,2.394733e+01,2.406903e+01,2.376451e+01,2.362889e+01,2.350667e+01,2.354742e+01,2.326180e+01,2.325499e+01,2.566496e+01,2.726331e+01,2.423107e+01,2.389996e+01,2.342511e+01,2.297539e+01,2.298904e+01,2.311869e+01,2.310505e+01,2.365602e+01,2.240702e+01,2.222145e+01,2.281136e+01,2.256483e+01,2.288657e+01,2.308459e+01,2.246880e+01,2.250997e+01,2.315960e+01,2.347269e+01,2.309823e+01,2.303000e+01,2.305048e+01,2.307095e+01,2.261967e+01,2.271556e+01,2.266763e+01,2.248939e+01,2.253741e+01,2.255798e+01,2.255112e+01,2.253055e+01,2.250997e+01,2.254426e+01,2.243448e+01,2.245507e+01,2.252369e+01,2.253741e+01,2.250997e+01,2.250997e+01,2.253741e+01,2.248252e+01,2.259225e+01,2.253055e+01,2.242075e+01,2.255798e+01,2.253055e+01,2.247566e+01,2.242075e+01,2.245507e+01,2.245507e+01,2.246880e+01,2.235207e+01,2.244135e+01,2.245507e+01,2.253741e+01,2.242075e+01,2.238642e+01,2.236581e+01,2.241389e+01,2.240702e+01,2.258540e+01,2.230396e+01,2.231771e+01,2.235894e+01,2.239328e+01,2.232458e+01,2.240702e+01,2.237268e+01,2.226271e+01,2.226959e+01,2.229022e+01,2.224208e+01,2.215263e+01,2.229022e+01,2.229022e+01,2.229709e+01,2.229022e+01,2.226959e+01,2.226271e+01,2.227647e+01,2.210443e+01,2.206999e+01,2.196660e+01,2.217328e+01,2.208377e+01,2.226271e+01,2.213198e+01,2.195280e+01,2.191831e+01,2.194591e+01,2.195280e+01,2.189071e+01,2.187691e+01,2.188381e+01,2.194591e+01,2.186310e+01,2.184239e+01,2.189761e+01,2.180786e+01,2.190451e+01,2.191141e+01,2.190451e+01,2.189761e+01,2.200797e+01,2.201486e+01,2.192521e+01,2.205621e+01,2.204243e+01,2.208377e+01,2.211132e+01,2.209755e+01,2.208377e+01,2.210443e+01,2.220769e+01,2.210443e+01,2.203554e+01,2.201486e+01,2.206310e+01,2.216640e+01,2.213198e+01,2.211821e+01,2.211821e+01,2.210443e+01,2.206999e+01,2.213198e+01,2.211821e+01,2.211821e+01,2.213198e+01,2.212509e+01,2.208377e+01,2.205621e+01,2.201486e+01,2.201486e+01,2.203554e+01,2.215263e+01,2.216640e+01,2.206999e+01,2.188381e+01,2.208377e+01,2.180095e+01,2.212509e+01,2.195970e+01,2.202865e+01,2.196660e+01,2.204932e+01,2.204243e+01,2.211132e+01,2.204932e+01,2.200107e+01,2.195970e+01,2.201486e+01,2.188381e+01,2.202865e+01,2.199418e+01,2.194591e+01,2.200797e+01,2.191831e+01,2.187691e+01,2.187691e+01,2.186310e+01,2.198039e+01,2.187691e+01,2.188381e+01,2.185620e+01,2.193901e+01,2.194591e+01,2.195970e+01,2.185620e+01,2.193211e+01,2.198729e+01,2.197349e+01,2.195280e+01,2.192521e+01,2.183548e+01,2.190451e+01,2.189761e+01,2.205621e+01,2.203554e+01,2.200797e+01,2.199418e+01,2.197349e+01,2.199418e+01,2.198039e+01,2.194591e+01,2.193901e+01,2.210443e+01,2.195970e+01,2.204243e+01,2.198039e+01,2.205621e+01,2.195970e+01,2.201486e+01,2.201486e+01,2.198729e+01,2.211132e+01,2.214575e+01,2.187000e+01,2.200797e+01,2.201486e+01,2.200107e+01,2.189071e+01,2.193901e+01,2.195970e+01,2.194591e+01,2.201486e+01,2.195970e+01,2.200107e+01,2.202865e+01,2.194591e+01,2.200107e+01,2.203554e+01,2.211821e+01,2.201486e+01,2.198039e+01,2.195280e+01,2.201486e+01,2.192521e+01,2.194591e+01,2.198039e+01,2.193901e+01,2.192521e+01,2.191831e+01,2.184929e+01,2.205621e+01,2.183548e+01,2.214575e+01,2.193211e+01,2.200797e+01,2.197349e+01,2.199418e+01,2.205621e+01,2.208377e+01,2.206999e+01,2.207688e+01,2.204243e+01,2.205621e+01,2.194591e+01,2.191831e+01,2.211821e+01,2.196660e+01,2.202176e+01,2.191831e+01,2.195280e+01,2.206999e+01,2.191831e+01,2.200107e+01,2.200107e+01,2.199418e+01,2.198729e+01,2.203554e+01,2.206310e+01,2.189071e+01,2.195280e+01,2.196660e+01,2.200107e+01,2.189071e+01,2.196660e+01,2.197349e+01,2.177332e+01,2.180786e+01,2.175258e+01,2.185620e+01,2.168345e+01,2.174567e+01,2.180786e+01,2.174567e+01,2.177332e+01,2.175258e+01,2.169728e+01,2.173185e+01,2.178022e+01,2.178022e+01,2.166270e+01,2.175258e+01,2.165579e+01,2.175949e+01,2.178713e+01,2.184239e+01,2.163503e+01,2.184239e+01,2.175949e+01,2.159351e+01,2.171802e+01,2.178022e+01,2.187000e+01,2.170420e+01,2.181476e+01,2.189071e+01,2.187000e+01,2.184239e+01,2.191831e+01,2.200797e+01,2.195280e+01,2.195280e+01,2.196660e+01,2.193901e+01,2.193211e+01,2.192521e+01,2.209066e+01,2.210443e+01,2.214575e+01,2.215263e+01,2.213198e+01,2.206310e+01,2.223520e+01,2.220081e+01,2.220769e+01,2.218016e+01,2.206310e+01,2.216640e+01,2.222833e+01,2.212509e+01,2.210443e+01,2.215952e+01,2.219393e+01,2.215263e+01,2.220769e+01,2.229709e+01,2.221457e+01,2.226959e+01,2.224208e+01,2.216640e+01,2.214575e+01,2.213198e+01,2.213886e+01,2.230396e+01,2.228334e+01,2.224208e+01,2.219393e+01,2.206999e+01,2.214575e+01,2.210443e+01,2.226959e+01,2.233146e+01,2.215263e+01,2.220769e+01,2.226271e+01,2.215952e+01,2.230396e+01,2.217328e+01,2.228334e+01,2.229022e+01,2.224896e+01,2.222145e+01,2.228334e+01,2.218705e+01,2.213886e+01,2.212509e+01,2.226959e+01,2.210443e+01,2.211821e+01,2.215952e+01,2.205621e+01,2.222145e+01
2.250997e+01,2.237955e+01,2.252369e+01,2.237955e+01,2.239328e+01,2.252369e+01,2.233146e+01,2.240015e+01,2.242075e+01,2.243448e+01,2.242762e+01,2.244821e+01,2.251683e+01,2.253741e+01,2.250311e+01,2.261282e+01,2.248252e+01,2.266763e+01,2.266078e+01,2.257854e+01,2.276347e+01,2.261967e+01,2.258540e+01,2.260596e+01,2.259911e+01,2.256483e+01,2.255798e+01,2.244821e+01,2.257854e+01,2.255112e+01,2.257169e+01,2.257854e+01,2.265392e+01,2.260596e+01,2.264708e+01,2.270187e+01,2.250311e+01,2.266078e+01,2.262652e+01,2.264708e+01,2.250311e+01,2.253055e+01,2.258540e+01,2.248252e+01,2.247566e+01,2.257169e+01,2.242075e+01,2.251683e+01,2.257169e+01,2.249625e+01,2.249625e+01,2.258540e+01,2.253055e+01,2.247566e+01,2.257169e+01,2.249625e+01,2.244135e+01,2.248252e+01,2.253055e+01,2.244135e+01,2.231771e+01,2.230396e+01,2.243448e+01,2.250997e+01,2.257854e+01,2.252369e+01,2.259225e+01,2.239328e+01,2.265392e+01,2.313233e+01,2.316642e+01,2.320049e+01,2.332307e+01,2.350667e+01,2.358816e+01,2.367638e+01,2.367638e+01,2.350667e+01,2.366281e+01,2.396762e+01,2.398791e+01,2.400820e+01,2.386612e+01,2.394733e+01,2.392027e+01,2.385258e+01,2.392703e+01,2.385935e+01,2.395410e+01,2.385258e+01,2.385258e+01,2.406227e+01,2.385935e+01,2.377129e+01,2.383226e+01,2.391350e+01,2.364246e+01,2.365602e+01,2.368994e+01,2.379162e+01,2.377129e+01,2.373062e+01,2.366281e+01,2.377129e+01,2.378484e+01,2.385258e+01,2.385258e+01,2.390673e+01,2.385258e+01,2.393380e+01,2.392027e+01,2.392027e+01,2.391350e+01,2.391350e+01,2.392027e+01,2.385935e+01,2.379839e+01,2.380517e+01,2.385258e+01,2.389996e+01,2.384581e+01,2.386612e+01,2.381872e+01,2.376451e+01,2.368994e+01,2.377807e+01,2.373740e+01,2.381194e+01,2.375096e+01,2.379162e+01,2.371028e+01,2.378484e+01,2.369672e+01,2.376451e+01,2.370350e+01,2.370350e+01,2.368994e+01,2.383903e+01,2.386612e+01,2.371706e+01,2.371028e+01,2.373062e+01,2.372384e+01,2.376451e+01,2.376451e+01,2.375096e+01,2.377129e+01,2.379162e+01,2.373740e+01,2.375096e+01,2.375096e+01,2.386612e+01,2.376451e+01,2.392027e+01,2.392027e+01,2.381194e+01,2.380517e+01,2.388643e+01,2.387289e+01,2.390673e+01,2.387289e+01,2.389996e+01,2.379162e+01,2.381872e+01,2.376451e+01,2.377129e+01,2.392027e+01,2.385258e+01,2.392703e+01,2.389996e+01,2.387289e+01,2.388643e+01,2.392027e+01,2.385935e+01,2.384581e+01,2.396762e+01,2.407579e+01,2.396086e+01,2.393380e+01,2.381194e+01,2.380517e+01,2.375096e+01,2.375096e+01,2.379162e+01,2.361531e+01,2.361531e+01,2.349988e+01,2.363567e+01,2.482309e+01,2.476270e+01,2.308459e+01,2.251683e+01,2.246194e+01,2.248939e+01,2.242762e+01,2.239328e+01,2.246194e+01,2.244821e+01,2.242075e+01,2.250997e+01,2.242075e+01,2.243448e+01,2.243448e+01,2.242075e+01,2.270871e+01,2.290707e+01,2.302318e+01,2.318005e+01,2.283872e+01,2.279084e+01,2.281820e+01,2.281820e+01,2.285239e+01,2.274978e+01,2.358816e+01,2.375096e+01,2.332988e+01,2.283188e+01,2.255112e+01,2.278400e+01,2.328223e+01,2.332988e+01,2.298904e+01,2.294807e+01,2.389996e+01,2.443328e+01,2.390673e+01,2.495047e+01,2.395410e+01,2.401496e+01,2.477612e+01,2.397439e+01,2.356101e+01,2.373740e+01,2.354742e+01,2.533837e+01,2.446021e+01,2.330946e+01,2.295490e+01,2.279084e+01,2.276347e+01,2.277716e+01,2.303683e+01,2.360174e+01,2.500406e+01,2.667828e+01,2.655957e+01,2.508439e+01,2.394733e+01,2.446021e+01,2.558507e+01,2.352026e+01,2.322775e+01,2.381194e+01,2.407579e+01,2.439287e+01,2.412983e+01,2.447367e+01,2.740089e+01,2.738779e+01,2.434570e+01,2.319368e+01,2.458131e+01,2.638125e+01,2.319368e+01,2.342511e+01,2.408930e+01,2.497727e+01,2.537174e+01,2.458803e+01,2.409605e+01,2.292074e+01,2.297539e+01,2.347949e+01,2.464180e+01,2.665851e+01,2.651997e+01,2.410281e+01,2.410281e+01,2.433222e+01,2.314597e+01,2.321412e+01,2.356779e+01,2.305730e+01,2.324137e+01,2.474256e+01,2.618939e+01,2.391350e+01,2.400144e+01,2.400144e+01,2.379839e+01,2.525155e+01,2.580462e+01,2.446021e+01,2.326180e+01,2.240015e+01,2.241389e+01,2.315278e+01,2.345230e+01,2.276347e+01,2.270871e+01,2.246880e+01,2.268132e+01,2.323456e+01,2.389996e+01,2.330265e+01,2.292757e+01,2.302318e+01,2.312551e+01,2.272241e+01,2.266763e+01,2.247566e+01,2.239328e+01,2.247566e+01,2.243448e+01,2.248252e+01,2.241389e+01,2.248939e+01,2.240015e+01,2.250311e+01,2.250997e+01,2.251683e+01,2.252369e+01,2.250997e+01,2.246194e+01,2.250997e+01,2.245507e+01,2.242075e+01,2.257854e+01,2.254426e+01,2.241389e+01,2.242075e+01,2.250311e+01,2.241389e+01,2.245507e+01,2.248252e+01,2.246194e+01,2.241389e+01,2.246880e+01,2.242075e+01,2.246194e+01,2.236581e+01,2.241389e+01,2.241389e+01,2.236581e+01,2.231084e+01,2.233833e+01,2.234520e+01,2.236581e+01,2.237955e+01,2.233833e+01,2.233833e+01,2.240702e+01,2.224208e+01,2.223520e+01,2.229022e+01,2.226271e+01,2.224208e+01,2.224208e+01,2.229022e+01,2.225584e+01,2.218016e+01,2.220769e+01,2.216640e+01,2.217328e+01,2.219393e+01,2.229709e+01,2.213886e+01,2.213886e+01,2.215263e+01,2.193901e+01,2.200107e+01,2.196660e+01,2.217328e+01,2.197349e+01,2.210443e+01,2.189761e+01,2.189761e+01,2.187000e+01,2.187000e+01,2.183548e+01,2.187000e+01,2.183548e+01,2.186310e+01,2.195280e+01,2.184929e+01,2.188381e+01,2.191831e+01,2.200107e+01,2.193901e+01,2.193901e+01,2.192521e+01,2.196660e+01,2.200107e+01,2.209066e+01,2.192521e+01,2.202865e+01,2.193901e+01,2.204932e+01,2.206999e+01,2.206310e+01,2.207688e+01,2.204932e+01,2.205621e+01,2.208377e+01,2.210443e+01,2.209755e+01,2.213886e+01,2.202176e+01,2.211132e+01,2.208377e+01,2.204932e+01,2.211821e+01,2.206310e+01,2.204932e+01,2.206999e+01,2.215952e+01,2.217328e+01,2.209755e+01,2.206999e+01,2.198729e+01,2.198039e+01,2.198729e+01,2.201486e+01,2.198039e+01,2.199418e+01,2.200107e+01,2.189761e+01,2.200107e+01,2.195280e+01,2.201486e+01,2.204932e+01,2.205621e+01,2.187000e+01,2.202176e+01,2.186310e+01,2.187000e+01,2.191831e+01,2.187691e+01,2.193901e+01,2.193901e+01,2.191141e+01,2.199418e+01,2.187000e+01,2.170420e+01,2.189761e+01,2.180095e+01,2.183548e+01,2.181476e+01,2.183548e+01,2.186310e+01,2.194591e+01,2.184239e+01,2.185620e+01,2.185620e+01,2.192521e+01,2.193901e+01,2.186310e+01,2.189071e+01,2.189071e+01,2.200107e+01,2.200107e+01,2.199418e+01,2.198729e+01,2.198039e+01,2.195970e+01,2.202176e+01,2.195280e+01,2.200797e+01,2.205621e+01,2.202865e+01,2.195280e+01,2.191831e+01,2.204243e+01,2.210443e+01,2.193211e+01,2.195280e+01,2.202865e+01,2.195280e+01,2.196660e+01,2.204243e+01,2.206999e+01,2.200797e+01,2.201486e+01,2.185620e+01,2.199418e+01,2.200797e+01,2.200107e+01,2.198039e+01,2.202176e+01,2.188381e+01,2.200797e+01,2.198729e+01,2.201486e+01,2.185620e+01,2.202865e+01,2.206310e+01,2.204243e+01,2.187000e+01,2.199418e+01,2.204243e+01,2.201486e+01,2.193901e+01,2.193901e+01,2.195280e+01,2.197349e+01,2.201486e+01,2.195970e+01,2.186310e+01,2.198729e+01,2.199418e+01,2.201486e+01,2.218705e+01,2.199418e+01,2.204243e+01,2.204932e+01,2.206999e+01,2.206999e+01,2.207688e+01,2.184929e+01,2.193901e+01,2.204243e+01,2.206999e+01,2.211821e+01,2.202176e+01,2.205621e+01,2.201486e+01,2.193901e+01,2.204243e+01,2.207688e+01,2.200797e+01,2.192521e+01,2.193901e+01,2.200107e+01,2.200797e+01,2.197349e+01,2.195280e+01,2.199418e+01,2.200107e+01,2.193901e+01,2.182167e+01,2.199418e+01,2.200797e+01,2.182167e+01,2.174567e+01,2.177332e+01,2.182167e+01,2.180095e+01,2.178022e+01,2.183548e+01,2.181476e+01,2.174567e+01,2.181476e+01,2.166962e+01,2.179404e+01,2.172494e+01,2.178022e+01,2.160735e+01,2.166962e+01,2.161427e+01,2.168345e+01,2.169728e+01,2.162119e+01,2.173185e+01,2.171802e+01,2.166270e+01,2.169728e+01,2.180095e+01,2.176641e+01,2.180786e+01,2.175258e+01,2.167654e+01,2.182858e+01,2.186310e+01,2.188381e+01,2.185620e+01,2.184929e+01,2.180786e+01,2.188381e+01,2.201486e+01,2.198039e+01,2.195970e+01,2.195280e+01,2.195970e+01,2.212509e+01,2.216640e+01,2.211132e+01,2.219393e+01,2.211821e+01,2.213886e+01,2.216640e+01,2.222145e+01,2.210443e+01,2.206999e+01,2.219393e+01,2.215263e+01,2.236581e+01,2.220769e+01,2.209755e+01,2.217328e+01,2.211132e+01,2.229022e+01,2.214575e+01,2.230396e+01,2.238642e+01,2.219393e+01,2.210443e+01,2.213198e+01,2.225584e+01,2.218705e+01,2.215952e+01,2.219393e+01,2.229022e+01,2.223520e+01,2.229709e+01,2.218016e+01,2.232458e+01,2.233833e+01,2.228334e+01,2.226271e+01,2.222145e+01,2.231084e+01,2.218705e+01,2.230396e+01,2.224208e+01,2.231771e+01,2.220769e+01,2.222833e+01,2.222833e+01,2.226271e+01,2.230396e+01,2.232458e+01,2.217328e+01,2.191141e+01,2.224208e+01,2.222145e+01,2.214575e+01,2.214575e+01,2.218705e+01,2.229709e+01
2.250997e+01,2.245507e+01,2.250997e+01,2.246194e+01,2.241389e+01,2.242762e+01,2.242762e+01,2.244821e+01,2.250311e+01,2.252369e+01,2.248252e+01,2.244821e+01,2.244821e+01,2.250997e+01,2.248939e+01,2.261967e+01,2.244821e+01,2.242075e+01,2.269502e+01,2.261282e+01,2.254426e+01,2.259225e+01,2.270871e+01,2.264022e+01,2.253055e+01,2.271556e+01,2.260596e+01,2.253741e+01,2.253741e+01,2.272241e+01,2.256483e+01,2.272241e+01,2.260596e+01,2.264708e+01,2.262652e+01,2.259225e+01,2.259225e+01,2.270871e+01,2.250997e+01,2.275663e+01,2.259911e+01,2.269502e+01,2.261967e+01,2.248252e+01,2.249625e+01,2.256483e+01,2.252369e+01,2.247566e+01,2.247566e+01,2.251683e+01,2.258540e+01,2.253741e+01,2.250997e+01,2.244135e+01,2.252369e+01,2.245507e+01,2.266078e+01,2.262652e+01,2.255112e+01,2.248939e+01,2.240015e+01,2.237268e+01,2.257169e+01,2.236581e+01,2.250311e+01,2.247566e+01,2.246880e+01,2.250997e+01,2.279084e+01,2.295490e+01,2.316642e+01,2.337751e+01,2.341831e+01,2.337070e+01,2.362889e+01,2.360853e+01,2.358816e+01,2.375096e+01,2.373062e+01,2.375774e+01,2.375774e+01,2.391350e+01,2.394057e+01,2.387289e+01,2.392027e+01,2.391350e+01,2.387289e+01,2.385258e+01,2.385935e+01,2.388643e+01,2.385258e+01,2.388643e+01,2.392027e+01,2.383226e+01,2.386612e+01,2.379839e+01,2.388643e+01,2.368316e+01,2.371706e+01,2.377129e+01,2.372384e+01,2.372384e+01,2.373062e+01,2.373062e+01,2.370350e+01,2.378484e+01,2.374418e+01,2.401496e+01,2.390673e+01,2.387289e+01,2.398115e+01,2.396086e+01,2.381194e+01,2.391350e+01,2.394057e+01,2.388643e+01,2.383903e+01,2.384581e+01,2.385935e+01,2.378484e+01,2.383226e+01,2.379839e+01,2.383226e+01,2.378484e+01,2.375774e+01,2.378484e+01,2.369672e+01,2.374418e+01,2.364924e+01,2.377807e+01,2.362210e+01,2.373062e+01,2.371706e+01,2.362889e+01,2.373740e+01,2.378484e+01,2.381194e+01,2.384581e+01,2.368316e+01,2.362889e+01,2.372384e+01,2.368316e+01,2.373740e+01,2.374418e+01,2.378484e+01,2.375774e+01,2.373740e+01,2.382549e+01,2.386612e+01,2.360853e+01,2.375096e+01,2.383903e+01,2.368316e+01,2.384581e+01,2.379839e+01,2.388643e+01,2.375096e+01,2.373740e+01,2.383903e+01,2.377807e+01,2.387966e+01,2.385935e+01,2.384581e+01,2.383226e+01,2.381872e+01,2.384581e+01,2.373062e+01,2.374418e+01,2.373062e+01,2.385258e+01,2.389996e+01,2.389996e+01,2.385258e+01,2.398115e+01,2.389320e+01,2.401496e+01,2.386612e+01,2.400820e+01,2.397439e+01,2.382549e+01,2.385258e+01,2.377129e+01,2.375096e+01,2.368316e+01,2.355421e+01,2.352705e+01,2.352705e+01,2.366281e+01,2.478283e+01,2.489015e+01,2.309823e+01,2.240702e+01,2.254426e+01,2.242075e+01,2.245507e+01,2.240702e+01,2.229022e+01,2.242075e+01,2.240015e+01,2.261967e+01,2.244821e+01,2.250311e+01,2.260596e+01,2.256483e+01,2.263337e+01,2.292757e+01,2.296173e+01,2.332307e+01,2.343191e+01,2.320731e+01,2.324137e+01,2.343191e+01,2.301635e+01,2.300270e+01,2.376451e+01,2.372384e+01,2.301635e+01,2.293440e+01,2.292074e+01,2.313233e+01,2.343191e+01,2.339791e+01,2.304365e+01,2.308459e+01,2.491697e+01,2.547846e+01,2.392027e+01,2.324137e+01,2.347269e+01,2.511115e+01,2.427829e+01,2.377807e+01,2.459475e+01,2.593082e+01,2.464180e+01,2.620263e+01,2.499067e+01,2.353384e+01,2.323456e+01,2.310505e+01,2.289341e+01,2.284555e+01,2.281136e+01,2.319368e+01,2.542512e+01,2.785168e+01,2.670465e+01,2.406903e+01,2.423107e+01,2.559839e+01,2.472913e+01,2.383226e+01,2.352705e+01,2.444674e+01,2.414333e+01,2.319368e+01,2.342511e+01,2.571154e+01,2.924433e+01,2.961056e+01,2.509777e+01,2.320049e+01,2.371028e+01,2.508439e+01,2.368316e+01,2.410956e+01,2.549179e+01,2.758405e+01,2.625559e+01,2.425131e+01,2.393380e+01,2.347949e+01,2.313233e+01,2.466868e+01,2.669147e+01,2.591755e+01,2.422433e+01,2.349308e+01,2.450059e+01,2.300270e+01,2.279768e+01,2.303683e+01,2.322093e+01,2.324137e+01,2.358138e+01,2.379839e+01,2.480967e+01,2.387966e+01,2.405551e+01,2.400144e+01,2.522482e+01,2.851462e+01,2.895432e+01,2.545179e+01,2.281136e+01,2.240015e+01,2.260596e+01,2.343871e+01,2.429852e+01,2.399467e+01,2.253055e+01,2.257169e+01,2.304365e+01,2.458131e+01,2.402848e+01,2.362210e+01,2.297539e+01,2.305730e+01,2.318686e+01,2.321412e+01,2.321412e+01,2.253741e+01,2.240702e+01,2.248252e+01,2.246194e+01,2.237268e+01,2.247566e+01,2.240015e+01,2.240015e+01,2.259911e+01,2.248939e+01,2.248252e+01,2.246880e+01,2.246194e+01,2.253741e+01,2.250311e+01,2.240702e+01,2.242075e+01,2.244821e+01,2.250311e+01,2.250997e+01,2.259225e+01,2.246880e+01,2.246194e+01,2.246194e+01,2.239328e+01,2.243448e+01,2.242075e+01,2.244821e+01,2.250311e+01,2.231771e+01,2.250311e+01,2.239328e+01,2.237268e+01,2.235894e+01,2.235207e+01,2.232458e+01,2.233833e+01,2.231084e+01,2.233833e+01,2.233833e+01,2.235894e+01,2.233146e+01,2.226271e+01,2.228334e+01,2.226271e+01,2.226959e+01,2.222833e+01,2.211132e+01,2.229709e+01,2.226959e+01,2.229022e+01,2.226959e+01,2.220081e+01,2.227647e+01,2.223520e+01,2.220769e+01,2.226959e+01,2.212509e+01,2.193211e+01,2.209066e+01,2.205621e+01,2.202865e+01,2.192521e+01,2.191141e+01,2.192521e+01,2.187691e+01,2.187691e+01,2.183548e+01,2.189071e+01,2.187691e+01,2.184239e+01,2.191141e+01,2.193211e+01,2.184929e+01,2.198729e+01,2.184929e+01,2.189071e+01,2.192521e+01,2.203554e+01,2.201486e+01,2.200107e+01,2.200107e+01,2.197349e+01,2.209755e+01,2.205621e+01,2.198729e+01,2.196660e+01,2.193901e+01,2.210443e+01,2.196660e+01,2.191831e+01,2.206999e+01,2.205621e+01,2.206310e+01,2.208377e+01,2.208377e+01,2.210443e+01,2.212509e+01,2.206999e+01,2.214575e+01,2.202176e+01,2.206999e+01,2.208377e+01,2.209066e+01,2.200107e+01,2.211821e+01,2.210443e+01,2.200797e+01,2.212509e+01,2.196660e+01,2.209066e+01,2.200797e+01,2.198039e+01,2.189761e+01,2.201486e+01,2.198039e+01,2.194591e+01,2.206999e+01,2.191141e+01,2.209066e+01,2.184929e+01,2.204932e+01,2.202176e+01,2.200107e+01,2.195970e+01,2.185620e+01,2.192521e+01,2.190451e+01,2.192521e+01,2.191141e+01,2.184239e+01,2.177332e+01,2.174567e+01,2.189761e+01,2.194591e+01,2.183548e+01,2.177332e+01,2.186310e+01,2.192521e+01,2.193901e+01,2.187000e+01,2.192521e+01,2.185620e+01,2.186310e+01,2.188381e+01,2.189071e+01,2.181476e+01,2.194591e+01,2.198729e+01,2.200107e+01,2.193901e+01,2.189071e+01,2.202865e+01,2.200107e+01,2.212509e+01,2.190451e+01,2.196660e+01,2.191831e+01,2.191831e+01,2.200107e+01,2.203554e+01,2.208377e+01,2.205621e+01,2.210443e+01,2.204243e+01,2.204243e+01,2.200797e+01,2.193901e+01,2.215263e+01,2.197349e+01,2.195970e+01,2.194591e+01,2.195970e+01,2.198729e+01,2.188381e+01,2.203554e+01,2.202865e+01,2.203554e+01,2.186310e+01,2.198039e+01,2.189761e+01,2.195970e+01,2.204243e+01,2.206999e+01,2.193901e+01,2.200107e+01,2.201486e+01,2.200107e+01,2.199418e+01,2.202865e+01,2.198039e+01,2.196660e+01,2.194591e+01,2.195970e+01,2.192521e+01,2.189071e+01,2.183548e+01,2.200797e+01,2.204932e+01,2.202176e+01,2.200107e+01,2.198039e+01,2.200107e+01,2.199418e+01,2.199418e+01,2.203554e+01,2.198039e+01,2.206999e+01,2.200797e+01,2.190451e+01,2.187691e+01,2.189761e+01,2.201486e+01,2.200107e+01,2.195970e+01,2.202176e+01,2.195280e+01,2.204243e+01,2.199418e+01,2.193211e+01,2.200797e+01,2.202176e+01,2.195970e+01,2.195970e+01,2.190451e+01,2.184929e+01,2.196660e+01,2.185620e+01,2.188381e+01,2.191141e+01,2.189071e+01,2.186310e+01,2.191831e+01,2.178022e+01,2.175949e+01,2.178713e+01,2.189761e+01,2.185620e+01,2.177332e+01,2.183548e+01,2.177332e+01,2.178022e+01,2.184239e+01,2.180786e+01,2.164887e+01,2.172494e+01,2.169728e+01,2.171111e+01,2.168345e+01,2.166270e+01,2.172494e+01,2.172494e+01,2.176641e+01,2.180786e+01,2.165579e+01,2.158659e+01,2.174567e+01,2.179404e+01,2.180095e+01,2.172494e+01,2.169728e+01,2.182858e+01,2.194591e+01,2.188381e+01,2.184929e+01,2.191141e+01,2.178022e+01,2.195280e+01,2.184929e+01,2.199418e+01,2.192521e+01,2.202865e+01,2.202865e+01,2.191831e+01,2.204932e+01,2.212509e+01,2.200797e+01,2.214575e+01,2.212509e+01,2.214575e+01,2.213886e+01,2.209066e+01,2.214575e+01,2.218705e+01,2.213886e+01,2.218016e+01,2.218705e+01,2.218016e+01,2.213886e+01,2.218705e+01,2.219393e+01,2.221457e+01,2.211821e+01,2.215952e+01,2.218016e+01,2.214575e+01,2.215952e+01,2.220081e+01,2.218016e+01,2.215263e+01,2.213198e+01,2.214575e+01,2.209066e+01,2.219393e+01,2.201486e+01,2.225584e+01,2.230396e+01,2.215952e+01,2.229022e+01,2.204243e+01,2.209066e+01,2.200107e+01,2.225584e+01,2.224896e+01,2.225584e+01,2.224208e+01,2.218705e+01,2.215263e+01,2.216640e+01,2.224208e+01,2.231771e+01,2.215952e+01,2.223520e+01,2.220769e+01,2.216640e+01,2.211132e+01,2.225584e+01,2.214575e+01,2.234520e+01
2.257169e+01,2.245507e+01,2.244821e+01,2.248252e+01,2.214575e+01,2.254426e+01,2.249625e+01,2.244821e+01,2.248252e+01,2.246880e+01,2.253741e+01,2.246194e+01,2.246880e+01,2.259225e+01,2.259911e+01,2.266763e+01,2.253741e+01,2.268817e+01,2.259225e+01,2.253741e+01,2.257169e+01,2.264022e+01,2.252369e+01,2.259911e+01,2.262652e+01,2.276347e+01,2.272241e+01,2.265392e+01,2.265392e+01,2.268817e+01,2.266078e+01,2.259911e+01,2.262652e+01,2.258540e+01,2.260596e+01,2.258540e+01,2.255798e+01,2.266763e+01,2.273610e+01,2.260596e+01,2.269502e+01,2.262652e+01,2.271556e+01,2.258540e+01,2.259225e+01,2.242762e+01,2.260596e+01,2.245507e+01,2.244821e+01,2.254426e+01,2.253055e+01,2.263337e+01,2.265392e+01,2.256483e+01,2.248252e+01,2.249625e+01,2.253055e+01,2.250997e+01,2.250311e+01,2.240015e+01,2.244135e+01,2.243448e+01,2.250311e+01,2.243448e+01,2.252369e+01,2.245507e+01,2.253741e+01,2.250997e+01,2.260596e+01,2.294807e+01,2.320049e+01,2.318005e+01,2.336390e+01,2.334349e+01,2.364924e+01,2.371028e+01,2.360853e+01,2.383903e+01,2.380517e+01,2.392703e+01,2.399467e+01,2.385258e+01,2.384581e+01,2.390673e+01,2.383903e+01,2.381872e+01,2.382549e+01,2.385258e+01,2.388643e+01,2.387289e+01,2.389996e+01,2.398115e+01,2.386612e+01,2.384581e+01,2.396086e+01,2.390673e+01,2.374418e+01,2.380517e+01,2.368994e+01,2.383226e+01,2.379839e+01,2.373062e+01,2.374418e+01,2.371028e+01,2.377807e+01,2.398791e+01,2.385935e+01,2.381194e+01,2.391350e+01,2.389320e+01,2.392027e+01,2.393380e+01,2.384581e+01,2.385935e+01,2.400144e+01,2.381872e+01,2.383226e+01,2.385258e+01,2.382549e+01,2.387289e+01,2.383903e+01,2.392703e+01,2.384581e+01,2.383226e+01,2.377129e+01,2.377807e+01,2.371706e+01,2.373062e+01,2.384581e+01,2.373062e+01,2.369672e+01,2.372384e+01,2.370350e+01,2.376451e+01,2.373062e+01,2.372384e+01,2.366959e+01,2.368994e+01,2.369672e+01,2.362889e+01,2.372384e+01,2.362889e+01,2.377129e+01,2.373740e+01,2.375096e+01,2.373062e+01,2.362889e+01,2.377807e+01,2.376451e+01,2.373740e+01,2.381872e+01,2.385258e+01,2.370350e+01,2.387966e+01,2.369672e+01,2.388643e+01,2.381872e+01,2.377807e+01,2.380517e+01,2.383903e+01,2.382549e+01,2.378484e+01,2.390673e+01,2.380517e+01,2.385935e+01,2.382549e+01,2.384581e+01,2.387966e+01,2.393380e+01,2.379162e+01,2.387966e+01,2.393380e+01,2.387966e+01,2.394733e+01,2.387966e+01,2.393380e+01,2.396086e+01,2.394733e+01,2.394057e+01,2.391350e+01,2.386612e+01,2.381194e+01,2.378484e+01,2.371028e+01,2.358138e+01,2.358816e+01,2.348629e+01,2.361531e+01,2.465524e+01,2.522482e+01,2.313915e+01,2.247566e+01,2.248939e+01,2.235894e+01,2.234520e+01,2.243448e+01,2.246880e+01,2.237955e+01,2.244135e+01,2.241389e+01,2.248939e+01,2.259225e+01,2.241389e+01,2.257169e+01,2.259911e+01,2.298904e+01,2.337751e+01,2.335029e+01,2.389996e+01,2.356779e+01,2.418384e+01,2.529163e+01,2.403524e+01,2.322775e+01,2.380517e+01,2.472913e+01,2.332307e+01,2.337070e+01,2.407579e+01,2.529831e+01,2.368316e+01,2.341151e+01,2.295490e+01,2.314597e+01,2.456113e+01,2.444001e+01,2.357458e+01,2.313233e+01,2.420408e+01,2.454095e+01,2.408254e+01,2.375774e+01,2.593746e+01,2.464180e+01,2.371028e+01,2.384581e+01,2.406903e+01,2.401496e+01,2.339111e+01,2.313233e+01,2.277716e+01,2.282504e+01,2.280452e+01,2.278400e+01,2.404200e+01,2.425131e+01,2.453423e+01,2.409605e+01,2.498397e+01,2.723053e+01,2.419733e+01,2.353384e+01,2.411632e+01,2.383226e+01,2.279084e+01,2.270187e+01,2.379839e+01,2.743362e+01,2.925076e+01,2.922502e+01,2.602371e+01,2.325499e+01,2.328904e+01,2.394733e+01,2.443328e+01,2.593746e+01,2.762979e+01,2.683636e+01,2.544512e+01,2.391350e+01,2.396762e+01,2.347949e+01,2.389320e+01,2.671124e+01,2.739434e+01,2.559839e+01,2.356101e+01,2.360174e+01,2.319368e+01,2.254426e+01,2.285239e+01,2.293440e+01,2.281136e+01,2.441981e+01,2.441981e+01,2.386612e+01,2.508439e+01,2.476941e+01,2.419733e+01,2.420408e+01,2.713869e+01,2.916063e+01,2.953356e+01,2.584449e+01,2.283188e+01,2.259225e+01,2.294807e+01,2.370350e+01,2.408930e+01,2.355421e+01,2.272241e+01,2.305048e+01,2.322093e+01,2.307777e+01,2.324818e+01,2.343871e+01,2.293440e+01,2.322093e+01,2.327542e+01,2.326861e+01,2.376451e+01,2.260596e+01,2.244821e+01,2.247566e+01,2.237955e+01,2.236581e+01,2.250997e+01,2.235894e+01,2.253055e+01,2.251683e+01,2.249625e+01,2.258540e+01,2.248939e+01,2.247566e+01,2.249625e+01,2.248939e+01,2.247566e+01,2.240015e+01,2.250997e+01,2.246194e+01,2.248939e+01,2.246194e+01,2.246880e+01,2.247566e+01,2.245507e+01,2.245507e+01,2.246194e+01,2.247566e+01,2.243448e+01,2.239328e+01,2.248252e+01,2.247566e+01,2.237955e+01,2.242762e+01,2.236581e+01,2.239328e+01,2.233146e+01,2.231771e+01,2.226959e+01,2.237268e+01,2.234520e+01,2.232458e+01,2.224896e+01,2.231771e+01,2.227647e+01,2.226959e+01,2.228334e+01,2.224896e+01,2.231084e+01,2.228334e+01,2.224896e+01,2.225584e+01,2.226959e+01,2.218016e+01,2.215263e+01,2.229709e+01,2.224896e+01,2.224896e+01,2.211132e+01,2.213198e+01,2.209755e+01,2.206310e+01,2.195970e+01,2.199418e+01,2.204243e+01,2.191141e+01,2.199418e+01,2.198039e+01,2.186310e+01,2.193211e+01,2.191831e+01,2.187000e+01,2.188381e+01,2.186310e+01,2.188381e+01,2.184929e+01,2.190451e+01,2.192521e+01,2.191831e+01,2.197349e+01,2.193901e+01,2.194591e+01,2.192521e+01,2.196660e+01,2.198729e+01,2.205621e+01,2.210443e+01,2.203554e+01,2.200107e+01,2.201486e+01,2.208377e+01,2.206310e+01,2.206999e+01,2.206310e+01,2.204932e+01,2.215952e+01,2.215952e+01,2.210443e+01,2.207688e+01,2.211132e+01,2.206310e+01,2.211132e+01,2.200107e+01,2.206310e+01,2.204243e+01,2.204243e+01,2.201486e+01,2.200107e+01,2.200107e+01,2.198039e+01,2.208377e+01,2.197349e+01,2.203554e+01,2.198729e+01,2.202865e+01,2.202176e+01,2.206999e+01,2.200107e+01,2.193901e+01,2.201486e+01,2.190451e+01,2.193901e+01,2.188381e+01,2.202176e+01,2.187000e+01,2.189761e+01,2.193211e+01,2.193211e+01,2.189761e+01,2.190451e+01,2.193901e+01,2.193901e+01,2.191831e+01,2.186310e+01,2.185620e+01,2.192521e+01,2.191831e+01,2.197349e+01,2.186310e+01,2.192521e+01,2.186310e+01,2.190451e+01,2.191831e+01,2.179404e+01,2.187691e+01,2.187000e+01,2.188381e+01,2.202865e+01,2.190451e+01,2.198729e+01,2.189071e+01,2.195970e+01,2.211132e+01,2.198729e+01,2.200107e+01,2.204243e+01,2.194591e+01,2.211821e+01,2.195970e+01,2.193211e+01,2.204932e+01,2.196660e+01,2.202176e+01,2.202176e+01,2.191141e+01,2.196660e+01,2.196660e+01,2.199418e+01,2.198039e+01,2.195970e+01,2.193901e+01,2.202176e+01,2.199418e+01,2.209066e+01,2.200107e+01,2.199418e+01,2.196660e+01,2.204932e+01,2.198729e+01,2.196660e+01,2.201486e+01,2.196660e+01,2.200107e+01,2.211132e+01,2.195970e+01,2.199418e+01,2.185620e+01,2.199418e+01,2.200797e+01,2.198039e+01,2.200797e+01,2.201486e+01,2.194591e+01,2.194591e+01,2.189761e+01,2.190451e+01,2.201486e+01,2.201486e+01,2.191141e+01,2.200107e+01,2.196660e+01,2.209755e+01,2.206999e+01,2.198729e+01,2.202176e+01,2.202176e+01,2.199418e+01,2.198039e+01,2.213886e+01,2.205621e+01,2.209755e+01,2.198729e+01,2.201486e+01,2.199418e+01,2.209066e+01,2.199418e+01,2.218016e+01,2.195970e+01,2.201486e+01,2.196660e+01,2.203554e+01,2.202865e+01,2.191141e+01,2.200797e+01,2.200107e+01,2.193211e+01,2.196660e+01,2.189761e+01,2.188381e+01,2.195970e+01,2.176641e+01,2.197349e+01,2.194591e+01,2.175949e+01,2.179404e+01,2.168345e+01,2.189761e+01,2.186310e+01,2.185620e+01,2.180095e+01,2.172494e+01,2.182858e+01,2.199418e+01,2.174567e+01,2.184239e+01,2.171111e+01,2.164195e+01,2.171111e+01,2.178713e+01,2.165579e+01,2.172494e+01,2.180095e+01,2.174567e+01,2.171802e+01,2.172494e+01,2.164887e+01,2.161427e+01,2.162119e+01,2.161427e+01,2.179404e+01,2.169037e+01,2.166270e+01,2.164887e+01,2.184929e+01,2.189761e+01,2.173876e+01,2.190451e+01,2.173185e+01,2.173185e+01,2.190451e+01,2.199418e+01,2.199418e+01,2.205621e+01,2.180786e+01,2.209755e+01,2.204932e+01,2.199418e+01,2.202865e+01,2.217328e+01,2.218705e+01,2.214575e+01,2.214575e+01,2.209755e+01,2.210443e+01,2.206310e+01,2.213198e+01,2.220081e+01,2.210443e+01,2.211821e+01,2.217328e+01,2.209755e+01,2.215952e+01,2.210443e+01,2.223520e+01,2.213886e+01,2.226959e+01,2.214575e+01,2.213886e+01,2.231084e+01,2.215952e+01,2.216640e+01,2.231084e+01,2.228334e+01,2.226271e+01,2.219393e+01,2.213886e+01,2.224208e+01,2.213198e+01,2.220081e+01,2.196660e+01,2.222833e+01,2.216640e+01,2.218016e+01,2.235894e+01,2.228334e+01,2.223520e+01,2.228334e+01,2.221457e+01,2.218016e+01,2.217328e+01,2.221457e+01,2.226271e+01,2.222145e+01,2.213198e+01,2.212509e+01,2.219393e+01,2.229022e+01,2.224208e+01,2.229709e+01,2.218705e+01
2.236581e+01,2.242762e+01,2.255112e+01,2.243448e+01,2.242075e+01,2.242762e+01,2.244821e+01,2.243448e+01,2.262652e+01,2.243448e+01,2.243448e+01,2.243448e+01,2.255112e+01,2.260596e+01,2.252369e+01,2.263337e+01,2.259225e+01,2.261282e+01,2.257169e+01,2.259911e+01,2.258540e+01,2.252369e+01,2.259911e+01,2.264022e+01,2.258540e+01,2.260596e+01,2.253055e+01,2.259225e+01,2.259225e+01,2.260596e+01,2.262652e+01,2.270187e+01,2.259225e+01,2.257169e+01,2.257169e+01,2.267447e+01,2.263337e+01,2.256483e+01,2.265392e+01,2.263337e+01,2.257854e+01,2.254426e+01,2.258540e+01,2.255112e+01,2.255112e+01,2.244135e+01,2.260596e+01,2.253055e+01,2.241389e+01,2.255112e+01,2.256483e+01,2.262652e+01,2.258540e+01,2.249625e+01,2.248252e+01,2.254426e+01,2.256483e+01,2.257169e+01,2.237955e+01,2.237955e+01,2.240702e+01,2.250311e+01,2.240015e+01,2.250311e+01,2.255112e+01,2.242762e+01,2.255112e+01,2.246194e+01,2.260596e+01,2.295490e+01,2.318686e+01,2.329585e+01,2.343871e+01,2.347269e+01,2.359495e+01,2.366959e+01,2.365602e+01,2.383226e+01,2.383226e+01,2.387289e+01,2.379839e+01,2.386612e+01,2.371028e+01,2.382549e+01,2.383226e+01,2.379839e+01,2.383226e+01,2.382549e+01,2.386612e+01,2.396762e+01,2.388643e+01,2.385258e+01,2.387289e+01,2.380517e+01,2.390673e+01,2.380517e+01,2.383903e+01,2.375774e+01,2.372384e+01,2.373062e+01,2.371028e+01,2.374418e+01,2.372384e+01,2.370350e+01,2.371706e+01,2.373062e+01,2.392703e+01,2.383226e+01,2.389996e+01,2.390673e+01,2.396762e+01,2.400144e+01,2.381872e+01,2.381194e+01,2.394057e+01,2.382549e+01,2.392027e+01,2.381194e+01,2.384581e+01,2.385935e+01,2.383903e+01,2.385258e+01,2.383226e+01,2.381194e+01,2.381194e+01,2.390673e+01,2.376451e+01,2.372384e+01,2.364246e+01,2.381194e+01,2.371706e+01,2.375096e+01,2.374418e+01,2.372384e+01,2.376451e+01,2.368994e+01,2.373062e+01,2.373062e+01,2.370350e+01,2.362889e+01,2.368994e+01,2.371028e+01,2.368316e+01,2.371028e+01,2.364246e+01,2.376451e+01,2.375774e+01,2.374418e+01,2.377129e+01,2.381872e+01,2.381194e+01,2.385258e+01,2.368994e+01,2.392703e+01,2.389996e+01,2.377129e+01,2.378484e+01,2.387289e+01,2.382549e+01,2.386612e+01,2.385258e+01,2.382549e+01,2.378484e+01,2.383226e+01,2.382549e+01,2.366959e+01,2.384581e+01,2.386612e+01,2.387966e+01,2.389320e+01,2.391350e+01,2.394057e+01,2.396086e+01,2.387289e+01,2.401496e+01,2.389996e+01,2.399467e+01,2.384581e+01,2.392703e+01,2.389320e+01,2.383226e+01,2.373062e+01,2.369672e+01,2.362210e+01,2.347949e+01,2.347269e+01,2.349988e+01,2.360853e+01,2.433896e+01,2.537174e+01,2.314597e+01,2.248252e+01,2.246880e+01,2.246880e+01,2.251683e+01,2.233833e+01,2.240015e+01,2.252369e+01,2.247566e+01,2.244135e+01,2.244821e+01,2.247566e+01,2.249625e+01,2.239328e+01,2.263337e+01,2.299587e+01,2.352705e+01,2.356779e+01,2.396762e+01,2.341151e+01,2.464853e+01,2.750559e+01,2.464180e+01,2.337070e+01,2.374418e+01,2.433896e+01,2.362889e+01,2.335029e+01,2.456786e+01,2.521146e+01,2.389996e+01,2.344551e+01,2.305048e+01,2.326180e+01,2.701392e+01,2.561171e+01,2.369672e+01,2.369672e+01,2.413658e+01,2.415683e+01,2.404876e+01,2.450059e+01,2.446021e+01,2.319368e+01,2.335710e+01,2.307777e+01,2.287290e+01,2.319368e+01,2.329585e+01,2.358138e+01,2.314597e+01,2.270871e+01,2.259911e+01,2.232458e+01,2.279768e+01,2.319368e+01,2.373062e+01,2.445347e+01,2.537841e+01,2.740743e+01,2.430526e+01,2.387289e+01,2.320731e+01,2.281136e+01,2.243448e+01,2.267447e+01,2.377807e+01,2.573149e+01,2.603698e+01,2.557175e+01,2.553844e+01,2.332988e+01,2.332307e+01,2.383226e+01,2.557175e+01,2.865060e+01,2.896078e+01,2.584449e+01,2.396762e+01,2.398791e+01,2.405551e+01,2.321412e+01,2.373062e+01,2.806660e+01,2.851462e+01,2.467540e+01,2.424457e+01,2.399467e+01,2.350667e+01,2.290024e+01,2.377129e+01,2.285923e+01,2.279084e+01,2.480296e+01,2.509108e+01,2.459475e+01,2.474927e+01,2.577139e+01,2.432548e+01,2.404876e+01,2.652657e+01,2.722397e+01,2.867001e+01,2.524487e+01,2.260596e+01,2.284555e+01,2.371028e+01,2.552512e+01,2.444674e+01,2.272241e+01,2.240015e+01,2.266078e+01,2.290024e+01,2.264708e+01,2.303000e+01,2.304365e+01,2.272241e+01,2.284555e+01,2.281136e+01,2.267447e+01,2.290024e+01,2.260596e+01,2.235894e+01,2.248252e+01,2.237268e+01,2.244135e+01,2.237268e+01,2.240015e+01,2.244821e+01,2.246194e+01,2.243448e+01,2.250311e+01,2.255112e+01,2.249625e+01,2.246194e+01,2.248939e+01,2.235207e+01,2.238642e+01,2.250997e+01,2.259911e+01,2.246194e+01,2.240015e+01,2.244821e+01,2.246194e+01,2.244821e+01,2.236581e+01,2.245507e+01,2.242075e+01,2.245507e+01,2.237268e+01,2.242762e+01,2.244135e+01,2.233146e+01,2.240702e+01,2.244135e+01,2.231084e+01,2.235894e+01,2.229709e+01,2.229709e+01,2.235207e+01,2.242762e+01,2.240015e+01,2.226271e+01,2.234520e+01,2.220081e+01,2.226959e+01,2.225584e+01,2.221457e+01,2.228334e+01,2.232458e+01,2.230396e+01,2.225584e+01,2.220081e+01,2.221457e+01,2.218705e+01,2.205621e+01,2.224208e+01,2.218016e+01,2.217328e+01,2.207688e+01,2.209755e+01,2.202865e+01,2.206999e+01,2.209755e+01,2.198039e+01,2.191831e+01,2.190451e+01,2.195970e+01,2.193211e+01,2.189071e+01,2.193901e+01,2.187691e+01,2.187691e+01,2.181476e+01,2.189761e+01,2.168345e+01,2.190451e+01,2.189761e+01,2.192521e+01,2.189761e+01,2.191831e+01,2.205621e+01,2.192521e+01,2.204243e+01,2.192521e+01,2.202865e+01,2.204243e+01,2.200797e+01,2.199418e+01,2.208377e+01,2.204243e+01,2.204243e+01,2.210443e+01,2.207688e+01,2.204932e+01,2.212509e+01,2.215952e+01,2.217328e+01,2.204243e+01,2.202865e+01,2.202176e+01,2.211132e+01,2.200107e+01,2.208377e+01,2.193211e+01,2.196660e+01,2.205621e+01,2.192521e+01,2.203554e+01,2.207688e+01,2.199418e+01,2.200107e+01,2.205621e+01,2.191141e+01,2.191141e+01,2.197349e+01,2.213198e+01,2.200797e+01,2.188381e+01,2.197349e+01,2.200797e+01,2.195280e+01,2.191831e+01,2.193211e+01,2.191141e+01,2.191831e+01,2.184239e+01,2.201486e+01,2.190451e+01,2.174567e+01,2.184239e+01,2.178022e+01,2.193901e+01,2.195280e+01,2.175949e+01,2.193901e+01,2.182858e+01,2.187691e+01,2.187000e+01,2.183548e+01,2.193211e+01,2.182858e+01,2.182167e+01,2.200797e+01,2.195280e+01,2.192521e+01,2.175258e+01,2.193211e+01,2.184929e+01,2.200107e+01,2.190451e+01,2.195280e+01,2.199418e+01,2.198729e+01,2.198729e+01,2.209755e+01,2.204243e+01,2.222833e+01,2.204243e+01,2.196660e+01,2.196660e+01,2.195970e+01,2.193901e+01,2.205621e+01,2.202176e+01,2.198039e+01,2.201486e+01,2.206999e+01,2.200107e+01,2.199418e+01,2.198039e+01,2.198039e+01,2.202176e+01,2.198729e+01,2.198039e+01,2.215263e+01,2.198039e+01,2.208377e+01,2.195970e+01,2.191141e+01,2.191141e+01,2.200797e+01,2.191141e+01,2.201486e+01,2.190451e+01,2.219393e+01,2.195970e+01,2.198039e+01,2.202176e+01,2.197349e+01,2.202865e+01,2.184239e+01,2.188381e+01,2.198039e+01,2.195280e+01,2.190451e+01,2.192521e+01,2.190451e+01,2.187691e+01,2.195970e+01,2.195970e+01,2.194591e+01,2.196660e+01,2.200797e+01,2.199418e+01,2.205621e+01,2.199418e+01,2.202865e+01,2.199418e+01,2.206310e+01,2.206999e+01,2.187000e+01,2.206999e+01,2.203554e+01,2.202865e+01,2.196660e+01,2.211821e+01,2.204243e+01,2.194591e+01,2.202865e+01,2.202865e+01,2.195970e+01,2.193901e+01,2.198039e+01,2.203554e+01,2.189071e+01,2.188381e+01,2.191831e+01,2.195280e+01,2.175949e+01,2.183548e+01,2.187691e+01,2.189071e+01,2.182858e+01,2.198039e+01,2.203554e+01,2.192521e+01,2.192521e+01,2.176641e+01,2.185620e+01,2.179404e+01,2.180095e+01,2.173876e+01,2.178713e+01,2.177332e+01,2.179404e+01,2.176641e+01,2.177332e+01,2.180095e+01,2.180095e+01,2.187691e+01,2.171802e+01,2.193211e+01,2.171802e+01,2.177332e+01,2.178713e+01,2.176641e+01,2.171802e+01,2.166270e+01,2.166270e+01,2.180095e+01,2.183548e+01,2.182858e+01,2.173876e+01,2.179404e+01,2.176641e+01,2.178713e+01,2.189761e+01,2.186310e+01,2.188381e+01,2.187691e+01,2.193901e+01,2.189761e+01,2.202865e+01,2.194591e+01,2.190451e+01,2.198729e+01,2.209066e+01,2.191141e+01,2.202176e+01,2.202865e+01,2.206999e+01,2.211821e+01,2.211821e+01,2.214575e+01,2.210443e+01,2.202865e+01,2.202865e+01,2.211821e+01,2.209755e+01,2.212509e+01,2.207688e+01,2.215263e+01,2.210443e+01,2.212509e+01,2.216640e+01,2.208377e+01,2.210443e+01,2.215263e+01,2.206310e+01,2.226271e+01,2.217328e+01,2.209755e+01,2.216640e+01,2.216640e+01,2.215952e+01,2.226271e+01,2.205621e+01,2.224208e+01,2.204243e+01,2.219393e+01,2.222833e+01,2.219393e+01,2.205621e+01,2.226959e+01,2.224208e+01,2.222833e+01,2.215952e+01,2.223520e+01,2.219393e+01,2.216640e+01,2.214575e+01,2.215263e+01,2.221457e+01,2.217328e+01,2.215952e+01,2.213198e+01,2.235207e+01,2.215263e+01,2.227647e+01
2.251683e+01,2.257854e+01,2.242075e+01,2.247566e+01,2.258540e+01,2.243448e+01,2.242075e+01,2.228334e+01,2.253741e+01,2.249625e+01,2.255798e+01,2.250997e+01,2.243448e+01,2.242762e+01,2.257854e+01,2.262652e+01,2.260596e+01,2.257169e+01,2.264022e+01,2.255798e+01,2.264708e+01,2.261967e+01,2.263337e+01,2.265392e+01,2.269502e+01,2.266763e+01,2.266763e+01,2.266763e+01,2.264708e+01,2.268817e+01,2.268132e+01,2.266078e+01,2.266763e+01,2.270871e+01,2.268132e+01,2.261967e+01,2.259911e+01,2.261967e+01,2.264708e+01,2.277716e+01,2.283188e+01,2.254426e+01,2.260596e+01,2.261967e+01,2.254426e+01,2.263337e+01,2.262652e+01,2.259911e+01,2.255112e+01,2.253741e+01,2.264022e+01,2.256483e+01,2.257169e+01,2.253055e+01,2.257854e+01,2.258540e+01,2.244821e+01,2.255112e+01,2.257169e+01,2.235207e+01,2.256483e+01,2.237268e+01,2.239328e+01,2.241389e+01,2.251683e+01,2.243448e+01,2.254426e+01,2.258540e+01,2.266078e+01,2.307777e+01,2.300953e+01,2.321412e+01,2.353384e+01,2.355421e+01,2.364246e+01,2.378484e+01,2.381872e+01,2.392703e+01,2.385935e+01,2.385935e+01,2.387966e+01,2.373062e+01,2.371706e+01,2.386612e+01,2.383226e+01,2.379162e+01,2.381872e+01,2.387289e+01,2.386612e+01,2.389996e+01,2.399467e+01,2.395410e+01,2.394733e+01,2.391350e+01,2.381872e+01,2.385258e+01,2.379162e+01,2.373740e+01,2.373740e+01,2.377807e+01,2.378484e+01,2.373062e+01,2.373062e+01,2.368994e+01,2.372384e+01,2.387289e+01,2.392703e+01,2.387966e+01,2.390673e+01,2.394733e+01,2.398791e+01,2.384581e+01,2.380517e+01,2.395410e+01,2.387289e+01,2.385258e+01,2.396086e+01,2.383226e+01,2.382549e+01,2.384581e+01,2.394733e+01,2.383903e+01,2.383903e+01,2.375096e+01,2.380517e+01,2.380517e+01,2.371028e+01,2.371028e+01,2.373062e+01,2.368316e+01,2.368994e+01,2.379839e+01,2.371706e+01,2.381872e+01,2.359495e+01,2.366281e+01,2.376451e+01,2.373062e+01,2.371028e+01,2.367638e+01,2.368316e+01,2.369672e+01,2.373062e+01,2.369672e+01,2.373062e+01,2.375096e+01,2.377129e+01,2.382549e+01,2.379162e+01,2.376451e+01,2.364924e+01,2.398791e+01,2.382549e+01,2.387966e+01,2.395410e+01,2.378484e+01,2.392027e+01,2.387966e+01,2.383903e+01,2.385258e+01,2.383903e+01,2.381194e+01,2.385258e+01,2.385258e+01,2.390673e+01,2.388643e+01,2.392027e+01,2.368994e+01,2.392027e+01,2.372384e+01,2.397439e+01,2.396086e+01,2.392027e+01,2.392703e+01,2.401496e+01,2.396086e+01,2.402848e+01,2.391350e+01,2.400144e+01,2.396762e+01,2.381194e+01,2.375096e+01,2.381872e+01,2.378484e+01,2.370350e+01,2.349308e+01,2.352026e+01,2.359495e+01,2.431200e+01,2.537174e+01,2.345230e+01,2.251683e+01,2.254426e+01,2.253741e+01,2.252369e+01,2.248252e+01,2.253055e+01,2.260596e+01,2.255112e+01,2.246880e+01,2.253741e+01,2.244135e+01,2.254426e+01,2.260596e+01,2.255112e+01,2.266763e+01,2.307777e+01,2.337751e+01,2.343191e+01,2.336390e+01,2.402172e+01,2.709930e+01,2.420408e+01,2.326861e+01,2.356101e+01,2.368994e+01,2.407579e+01,2.300270e+01,2.316642e+01,2.328223e+01,2.372384e+01,2.347269e+01,2.306412e+01,2.317323e+01,2.589099e+01,2.749905e+01,2.489686e+01,2.417709e+01,2.455441e+01,2.431874e+01,2.513122e+01,2.494377e+01,2.374418e+01,2.333668e+01,2.277716e+01,2.241389e+01,2.248939e+01,2.276347e+01,2.329585e+01,2.360853e+01,2.354742e+01,2.272241e+01,2.231084e+01,2.231771e+01,2.265392e+01,2.314597e+01,2.376451e+01,2.445347e+01,2.498397e+01,2.630190e+01,2.448713e+01,2.423107e+01,2.272241e+01,2.270871e+01,2.300270e+01,2.360174e+01,2.344551e+01,2.309141e+01,2.304365e+01,2.251683e+01,2.303000e+01,2.328223e+01,2.326180e+01,2.335710e+01,2.426480e+01,2.686926e+01,2.757097e+01,2.408930e+01,2.352026e+01,2.414333e+01,2.344551e+01,2.307777e+01,2.351346e+01,2.748596e+01,2.774079e+01,2.424457e+01,2.383226e+01,2.588434e+01,2.402848e+01,2.310505e+01,2.377807e+01,2.282504e+01,2.255112e+01,2.388643e+01,2.715181e+01,2.551845e+01,2.403524e+01,2.513122e+01,2.426480e+01,2.404876e+01,2.490356e+01,2.578468e+01,2.801454e+01,2.465524e+01,2.283872e+01,2.310505e+01,2.494377e+01,2.553178e+01,2.347269e+01,2.274978e+01,2.238642e+01,2.261282e+01,2.291391e+01,2.268132e+01,2.297539e+01,2.262652e+01,2.266763e+01,2.266763e+01,2.248939e+01,2.245507e+01,2.243448e+01,2.240702e+01,2.249625e+01,2.241389e+01,2.242075e+01,2.248252e+01,2.251683e+01,2.251683e+01,2.245507e+01,2.242075e+01,2.244135e+01,2.251683e+01,2.253055e+01,2.246880e+01,2.242762e+01,2.238642e+01,2.240702e+01,2.237268e+01,2.247566e+01,2.243448e+01,2.243448e+01,2.248939e+01,2.245507e+01,2.242075e+01,2.244135e+01,2.240015e+01,2.243448e+01,2.249625e+01,2.234520e+01,2.250311e+01,2.253055e+01,2.232458e+01,2.233146e+01,2.237268e+01,2.241389e+01,2.235894e+01,2.224208e+01,2.238642e+01,2.222145e+01,2.240015e+01,2.221457e+01,2.222833e+01,2.228334e+01,2.237268e+01,2.219393e+01,2.231084e+01,2.224896e+01,2.226959e+01,2.215952e+01,2.237955e+01,2.225584e+01,2.224208e+01,2.226271e+01,2.214575e+01,2.220769e+01,2.220769e+01,2.223520e+01,2.224208e+01,2.223520e+01,2.217328e+01,2.211821e+01,2.214575e+01,2.209755e+01,2.200107e+01,2.197349e+01,2.191831e+01,2.189761e+01,2.192521e+01,2.186310e+01,2.188381e+01,2.187691e+01,2.190451e+01,2.186310e+01,2.189761e+01,2.187000e+01,2.193211e+01,2.191141e+01,2.193901e+01,2.195970e+01,2.189761e+01,2.200107e+01,2.204932e+01,2.192521e+01,2.204243e+01,2.210443e+01,2.196660e+01,2.209066e+01,2.206310e+01,2.198039e+01,2.206999e+01,2.203554e+01,2.206310e+01,2.215263e+01,2.195970e+01,2.206310e+01,2.215263e+01,2.205621e+01,2.212509e+01,2.202176e+01,2.213198e+01,2.207688e+01,2.207688e+01,2.209755e+01,2.197349e+01,2.198729e+01,2.204932e+01,2.201486e+01,2.197349e+01,2.204243e+01,2.204932e+01,2.192521e+01,2.208377e+01,2.192521e+01,2.198729e+01,2.202865e+01,2.188381e+01,2.200797e+01,2.189071e+01,2.198039e+01,2.218705e+01,2.202176e+01,2.202176e+01,2.202865e+01,2.193211e+01,2.187691e+01,2.184239e+01,2.181476e+01,2.202865e+01,2.192521e+01,2.191831e+01,2.187691e+01,2.189071e+01,2.194591e+01,2.195970e+01,2.187000e+01,2.191831e+01,2.187691e+01,2.179404e+01,2.189761e+01,2.184239e+01,2.185620e+01,2.184239e+01,2.197349e+01,2.188381e+01,2.188381e+01,2.200797e+01,2.201486e+01,2.192521e+01,2.185620e+01,2.193211e+01,2.199418e+01,2.195970e+01,2.196660e+01,2.224896e+01,2.200107e+01,2.204243e+01,2.205621e+01,2.210443e+01,2.208377e+01,2.200797e+01,2.199418e+01,2.198729e+01,2.197349e+01,2.193901e+01,2.191831e+01,2.198039e+01,2.204932e+01,2.202176e+01,2.194591e+01,2.212509e+01,2.199418e+01,2.193901e+01,2.198039e+01,2.200797e+01,2.209066e+01,2.201486e+01,2.197349e+01,2.195970e+01,2.212509e+01,2.200797e+01,2.202176e+01,2.203554e+01,2.201486e+01,2.203554e+01,2.201486e+01,2.199418e+01,2.200107e+01,2.201486e+01,2.199418e+01,2.200107e+01,2.202176e+01,2.201486e+01,2.199418e+01,2.181476e+01,2.192521e+01,2.189761e+01,2.189071e+01,2.195280e+01,2.200107e+01,2.191141e+01,2.213886e+01,2.212509e+01,2.195970e+01,2.193901e+01,2.202176e+01,2.203554e+01,2.196660e+01,2.200107e+01,2.209755e+01,2.199418e+01,2.210443e+01,2.203554e+01,2.201486e+01,2.204932e+01,2.206310e+01,2.201486e+01,2.205621e+01,2.203554e+01,2.206310e+01,2.204243e+01,2.195970e+01,2.199418e+01,2.202176e+01,2.204932e+01,2.193901e+01,2.197349e+01,2.198039e+01,2.196660e+01,2.185620e+01,2.187000e+01,2.196660e+01,2.198039e+01,2.191141e+01,2.191831e+01,2.196660e+01,2.192521e+01,2.194591e+01,2.183548e+01,2.180095e+01,2.184239e+01,2.187691e+01,2.182167e+01,2.186310e+01,2.184929e+01,2.170420e+01,2.179404e+01,2.182167e+01,2.177332e+01,2.183548e+01,2.187000e+01,2.186310e+01,2.189761e+01,2.183548e+01,2.178022e+01,2.170420e+01,2.173185e+01,2.183548e+01,2.165579e+01,2.168345e+01,2.164887e+01,2.170420e+01,2.166270e+01,2.183548e+01,2.174567e+01,2.173876e+01,2.176641e+01,2.178713e+01,2.183548e+01,2.186310e+01,2.178713e+01,2.198729e+01,2.188381e+01,2.191831e+01,2.191831e+01,2.198039e+01,2.206999e+01,2.194591e+01,2.204932e+01,2.200797e+01,2.213198e+01,2.207688e+01,2.204243e+01,2.210443e+01,2.211132e+01,2.211821e+01,2.202176e+01,2.220769e+01,2.220081e+01,2.216640e+01,2.199418e+01,2.214575e+01,2.200107e+01,2.206310e+01,2.213198e+01,2.215263e+01,2.219393e+01,2.218016e+01,2.216640e+01,2.207688e+01,2.224896e+01,2.226959e+01,2.221457e+01,2.199418e+01,2.211132e+01,2.229022e+01,2.213198e+01,2.211821e+01,2.217328e+01,2.210443e+01,2.209066e+01,2.215263e+01,2.218705e+01,2.220769e+01,2.221457e+01,2.224208e+01,2.220769e+01,2.229022e+01,2.220769e+01,2.218016e+01,2.221457e+01,2.236581e+01,2.213198e+01,2.234520e+01,2.223520e+01,2.215952e+01,2.222833e+01,2.234520e+01,2.226959e+01,2.215952e+01,2.230396e+01
2.263337e+01,2.265392e+01,2.253055e+01,2.248252e+01,2.253055e+01,2.246194e+01,2.255112e+01,2.262652e+01,2.245507e+01,2.244135e+01,2.225584e+01,2.255798e+01,2.246194e+01,2.260596e+01,2.263337e+01,2.267447e+01,2.263337e+01,2.257854e+01,2.264022e+01,2.269502e+01,2.268817e+01,2.265392e+01,2.266078e+01,2.264708e+01,2.266078e+01,2.259225e+01,2.256483e+01,2.266763e+01,2.266763e+01,2.264708e+01,2.285239e+01,2.259911e+01,2.259225e+01,2.257169e+01,2.264708e+01,2.284555e+01,2.287290e+01,2.262652e+01,2.266763e+01,2.261282e+01,2.264708e+01,2.258540e+01,2.255798e+01,2.257169e+01,2.257854e+01,2.259225e+01,2.259225e+01,2.264022e+01,2.264022e+01,2.259911e+01,2.264708e+01,2.270187e+01,2.264022e+01,2.253055e+01,2.260596e+01,2.261967e+01,2.257169e+01,2.259911e+01,2.247566e+01,2.241389e+01,2.255798e+01,2.239328e+01,2.233146e+01,2.249625e+01,2.249625e+01,2.255112e+01,2.244135e+01,2.261282e+01,2.278400e+01,2.306412e+01,2.324137e+01,2.324818e+01,2.350667e+01,2.356101e+01,2.357458e+01,2.368994e+01,2.375774e+01,2.357458e+01,2.386612e+01,2.392027e+01,2.378484e+01,2.379839e+01,2.375774e+01,2.375774e+01,2.368994e+01,2.384581e+01,2.383903e+01,2.389996e+01,2.387966e+01,2.392027e+01,2.389320e+01,2.394733e+01,2.390673e+01,2.401496e+01,2.394057e+01,2.387289e+01,2.398791e+01,2.385935e+01,2.385258e+01,2.379162e+01,2.377129e+01,2.375774e+01,2.375774e+01,2.376451e+01,2.370350e+01,2.379162e+01,2.367638e+01,2.385935e+01,2.390673e+01,2.387966e+01,2.395410e+01,2.378484e+01,2.394733e+01,2.395410e+01,2.386612e+01,2.387289e+01,2.388643e+01,2.385258e+01,2.379839e+01,2.385935e+01,2.384581e+01,2.384581e+01,2.379839e+01,2.380517e+01,2.371028e+01,2.375096e+01,2.373062e+01,2.386612e+01,2.371706e+01,2.362210e+01,2.373740e+01,2.366959e+01,2.372384e+01,2.373062e+01,2.370350e+01,2.370350e+01,2.366959e+01,2.373740e+01,2.374418e+01,2.364246e+01,2.368316e+01,2.371028e+01,2.366281e+01,2.364924e+01,2.373740e+01,2.373062e+01,2.375774e+01,2.377129e+01,2.378484e+01,2.389320e+01,2.381194e+01,2.380517e+01,2.381872e+01,2.380517e+01,2.381872e+01,2.390673e+01,2.379162e+01,2.392027e+01,2.382549e+01,2.383226e+01,2.381194e+01,2.383226e+01,2.385258e+01,2.391350e+01,2.391350e+01,2.388643e+01,2.392027e+01,2.385935e+01,2.385935e+01,2.388643e+01,2.390673e+01,2.392703e+01,2.386612e+01,2.387289e+01,2.398115e+01,2.400144e+01,2.391350e+01,2.395410e+01,2.394733e+01,2.388643e+01,2.382549e+01,2.385935e+01,2.374418e+01,2.375774e+01,2.367638e+01,2.351346e+01,2.367638e+01,2.352026e+01,2.433222e+01,2.556509e+01,2.345910e+01,2.250997e+01,2.252369e+01,2.250997e+01,2.241389e+01,2.248252e+01,2.261967e+01,2.253055e+01,2.243448e+01,2.253741e+01,2.246194e+01,2.250311e+01,2.256483e+01,2.252369e+01,2.260596e+01,2.268132e+01,2.283188e+01,2.307095e+01,2.335710e+01,2.296856e+01,2.354063e+01,2.545179e+01,2.371028e+01,2.319368e+01,2.352705e+01,2.318686e+01,2.364246e+01,2.273610e+01,2.249625e+01,2.251683e+01,2.314597e+01,2.347269e+01,2.306412e+01,2.274294e+01,2.353384e+01,2.563168e+01,2.534504e+01,2.515129e+01,2.451405e+01,2.418384e+01,2.383226e+01,2.366959e+01,2.367638e+01,2.300953e+01,2.235894e+01,2.240702e+01,2.230396e+01,2.266763e+01,2.303000e+01,2.377807e+01,2.374418e+01,2.412307e+01,2.244821e+01,2.232458e+01,2.243448e+01,2.287290e+01,2.390673e+01,2.389996e+01,2.311187e+01,2.372384e+01,2.374418e+01,2.375096e+01,2.270871e+01,2.273610e+01,2.335710e+01,2.473584e+01,2.545179e+01,2.456786e+01,2.345910e+01,2.281820e+01,2.248252e+01,2.281136e+01,2.304365e+01,2.337751e+01,2.321412e+01,2.402848e+01,2.412983e+01,2.333668e+01,2.403524e+01,2.333668e+01,2.313915e+01,2.270871e+01,2.323456e+01,2.515129e+01,2.525155e+01,2.430526e+01,2.373062e+01,2.486333e+01,2.381194e+01,2.485663e+01,2.439287e+01,2.309141e+01,2.242762e+01,2.261967e+01,2.463508e+01,2.551845e+01,2.336390e+01,2.404876e+01,2.406227e+01,2.387289e+01,2.436592e+01,2.611653e+01,2.670465e+01,2.445347e+01,2.306412e+01,2.337751e+01,2.473584e+01,2.400820e+01,2.433222e+01,2.370350e+01,2.273610e+01,2.307777e+01,2.283188e+01,2.273610e+01,2.259911e+01,2.261282e+01,2.272925e+01,2.285239e+01,2.293440e+01,2.292757e+01,2.240702e+01,2.244135e+01,2.246880e+01,2.246194e+01,2.243448e+01,2.241389e+01,2.233833e+01,2.245507e+01,2.248939e+01,2.253055e+01,2.237268e+01,2.246880e+01,2.244135e+01,2.250997e+01,2.244135e+01,2.249625e+01,2.247566e+01,2.240702e+01,2.249625e+01,2.248939e+01,2.244821e+01,2.246194e+01,2.244135e+01,2.246194e+01,2.246880e+01,2.243448e+01,2.250997e+01,2.237955e+01,2.245507e+01,2.238642e+01,2.246194e+01,2.237268e+01,2.229022e+01,2.238642e+01,2.238642e+01,2.233833e+01,2.223520e+01,2.236581e+01,2.230396e+01,2.247566e+01,2.240015e+01,2.224208e+01,2.223520e+01,2.224208e+01,2.228334e+01,2.231084e+01,2.227647e+01,2.224896e+01,2.234520e+01,2.231771e+01,2.222833e+01,2.222833e+01,2.221457e+01,2.222833e+01,2.220769e+01,2.226271e+01,2.224896e+01,2.225584e+01,2.214575e+01,2.220081e+01,2.211132e+01,2.211132e+01,2.204932e+01,2.205621e+01,2.198039e+01,2.204243e+01,2.204932e+01,2.191831e+01,2.188381e+01,2.193901e+01,2.178022e+01,2.189761e+01,2.187691e+01,2.189761e+01,2.188381e+01,2.177332e+01,2.187691e+01,2.189071e+01,2.193901e+01,2.196660e+01,2.187000e+01,2.188381e+01,2.190451e+01,2.204243e+01,2.198039e+01,2.202176e+01,2.204932e+01,2.202176e+01,2.201486e+01,2.200107e+01,2.198729e+01,2.201486e+01,2.198039e+01,2.202865e+01,2.194591e+01,2.195970e+01,2.208377e+01,2.209755e+01,2.209066e+01,2.209755e+01,2.200797e+01,2.202176e+01,2.209755e+01,2.209755e+01,2.196660e+01,2.192521e+01,2.195970e+01,2.198729e+01,2.193211e+01,2.201486e+01,2.193211e+01,2.207688e+01,2.182858e+01,2.198039e+01,2.201486e+01,2.203554e+01,2.198729e+01,2.199418e+01,2.202176e+01,2.188381e+01,2.189761e+01,2.202865e+01,2.206999e+01,2.193901e+01,2.193211e+01,2.192521e+01,2.191831e+01,2.185620e+01,2.193211e+01,2.191141e+01,2.193211e+01,2.192521e+01,2.202865e+01,2.193901e+01,2.189761e+01,2.187000e+01,2.188381e+01,2.187000e+01,2.189761e+01,2.213886e+01,2.193211e+01,2.195970e+01,2.200797e+01,2.201486e+01,2.193211e+01,2.194591e+01,2.193211e+01,2.204932e+01,2.203554e+01,2.199418e+01,2.201486e+01,2.198729e+01,2.201486e+01,2.202865e+01,2.210443e+01,2.203554e+01,2.205621e+01,2.203554e+01,2.202865e+01,2.200107e+01,2.200107e+01,2.200107e+01,2.201486e+01,2.200107e+01,2.200797e+01,2.200107e+01,2.195280e+01,2.206310e+01,2.202176e+01,2.205621e+01,2.204932e+01,2.209755e+01,2.206310e+01,2.209755e+01,2.204932e+01,2.200107e+01,2.199418e+01,2.206999e+01,2.202176e+01,2.198039e+01,2.202176e+01,2.193901e+01,2.202865e+01,2.201486e+01,2.191831e+01,2.194591e+01,2.203554e+01,2.198039e+01,2.202176e+01,2.182858e+01,2.202865e+01,2.187691e+01,2.186310e+01,2.200797e+01,2.197349e+01,2.200797e+01,2.195280e+01,2.195280e+01,2.198729e+01,2.198729e+01,2.195280e+01,2.203554e+01,2.200797e+01,2.201486e+01,2.191141e+01,2.199418e+01,2.200107e+01,2.215263e+01,2.202865e+01,2.216640e+01,2.202176e+01,2.200107e+01,2.192521e+01,2.201486e+01,2.202865e+01,2.210443e+01,2.205621e+01,2.204243e+01,2.202865e+01,2.189071e+01,2.189761e+01,2.205621e+01,2.202176e+01,2.207688e+01,2.189761e+01,2.193901e+01,2.184929e+01,2.188381e+01,2.198729e+01,2.192521e+01,2.188381e+01,2.184239e+01,2.197349e+01,2.189761e+01,2.188381e+01,2.190451e+01,2.194591e+01,2.178713e+01,2.177332e+01,2.190451e+01,2.191831e+01,2.184239e+01,2.180095e+01,2.180095e+01,2.181476e+01,2.178713e+01,2.182858e+01,2.180786e+01,2.182858e+01,2.183548e+01,2.181476e+01,2.195970e+01,2.187691e+01,2.172494e+01,2.178022e+01,2.171802e+01,2.164887e+01,2.174567e+01,2.173185e+01,2.174567e+01,2.182858e+01,2.168345e+01,2.182858e+01,2.173876e+01,2.179404e+01,2.175949e+01,2.184239e+01,2.191141e+01,2.189761e+01,2.187000e+01,2.193211e+01,2.193901e+01,2.195970e+01,2.184239e+01,2.199418e+01,2.210443e+01,2.197349e+01,2.200107e+01,2.202865e+01,2.204243e+01,2.199418e+01,2.209066e+01,2.209755e+01,2.211132e+01,2.215263e+01,2.202176e+01,2.209066e+01,2.211132e+01,2.210443e+01,2.215263e+01,2.212509e+01,2.206999e+01,2.203554e+01,2.205621e+01,2.220769e+01,2.211821e+01,2.222145e+01,2.225584e+01,2.210443e+01,2.226959e+01,2.207688e+01,2.205621e+01,2.215263e+01,2.226959e+01,2.215263e+01,2.228334e+01,2.209755e+01,2.211821e+01,2.212509e+01,2.211821e+01,2.216640e+01,2.209755e+01,2.217328e+01,2.220081e+01,2.233833e+01,2.228334e+01,2.204243e+01,2.214575e+01,2.224208e+01,2.213886e+01,2.225584e+01,2.225584e+01,2.227647e+01,2.217328e+01,2.220769e+01,2.222833e+01,2.224896e+01,2.234520e+01,2.209755e+01,2.218705e+01
2.262652e+01,2.253055e+01,2.243448e+01,2.255798e+01,2.248939e+01,2.240702e+01,2.241389e+01,2.242762e+01,2.240015e+01,2.243448e+01,2.231084e+01,2.236581e+01,2.250997e+01,2.255112e+01,2.258540e+01,2.254426e+01,2.264022e+01,2.259225e+01,2.261967e+01,2.264022e+01,2.272241e+01,2.260596e+01,2.259225e+01,2.266763e+01,2.262652e+01,2.275663e+01,2.274978e+01,2.264022e+01,2.264708e+01,2.255112e+01,2.275663e+01,2.261967e+01,2.274978e+01,2.268132e+01,2.264022e+01,2.268132e+01,2.266763e+01,2.266763e+01,2.262652e+01,2.268132e+01,2.259225e+01,2.258540e+01,2.257854e+01,2.261967e+01,2.259225e+01,2.272241e+01,2.257854e+01,2.259225e+01,2.268817e+01,2.260596e+01,2.261967e+01,2.280452e+01,2.264708e+01,2.260596e+01,2.262652e+01,2.262652e+01,2.261282e+01,2.241389e+01,2.235207e+01,2.258540e+01,2.250997e+01,2.237268e+01,2.268817e+01,2.255112e+01,2.251683e+01,2.248939e+01,2.252369e+01,2.255112e+01,2.270871e+01,2.298221e+01,2.311187e+01,2.324137e+01,2.332307e+01,2.363567e+01,2.360853e+01,2.375774e+01,2.364246e+01,2.383903e+01,2.377807e+01,2.374418e+01,2.375096e+01,2.377807e+01,2.381194e+01,2.375096e+01,2.371706e+01,2.377807e+01,2.371028e+01,2.385258e+01,2.389320e+01,2.392027e+01,2.390673e+01,2.408254e+01,2.394733e+01,2.387289e+01,2.387289e+01,2.387966e+01,2.376451e+01,2.371706e+01,2.387289e+01,2.375774e+01,2.377129e+01,2.383903e+01,2.367638e+01,2.375096e+01,2.386612e+01,2.374418e+01,2.385935e+01,2.381194e+01,2.381872e+01,2.396086e+01,2.384581e+01,2.398791e+01,2.394057e+01,2.388643e+01,2.404200e+01,2.384581e+01,2.385935e+01,2.381872e+01,2.392703e+01,2.381194e+01,2.381872e+01,2.384581e+01,2.364246e+01,2.378484e+01,2.385935e+01,2.375774e+01,2.373062e+01,2.375096e+01,2.383226e+01,2.373740e+01,2.371706e+01,2.374418e+01,2.380517e+01,2.364924e+01,2.370350e+01,2.360853e+01,2.369672e+01,2.361531e+01,2.371706e+01,2.360853e+01,2.372384e+01,2.365602e+01,2.365602e+01,2.384581e+01,2.372384e+01,2.382549e+01,2.385935e+01,2.388643e+01,2.386612e+01,2.385258e+01,2.386612e+01,2.380517e+01,2.396762e+01,2.389320e+01,2.375096e+01,2.375096e+01,2.378484e+01,2.390673e+01,2.378484e+01,2.383226e+01,2.381872e+01,2.384581e+01,2.385258e+01,2.392703e+01,2.387966e+01,2.392703e+01,2.370350e+01,2.381194e+01,2.387966e+01,2.385935e+01,2.389996e+01,2.398115e+01,2.396086e+01,2.387289e+01,2.387289e+01,2.388643e+01,2.392027e+01,2.393380e+01,2.392703e+01,2.390673e+01,2.383226e+01,2.392027e+01,2.371028e+01,2.379162e+01,2.368316e+01,2.368994e+01,2.352705e+01,2.349308e+01,2.406227e+01,2.557841e+01,2.346590e+01,2.251683e+01,2.246194e+01,2.248252e+01,2.252369e+01,2.244135e+01,2.246194e+01,2.239328e+01,2.250311e+01,2.255798e+01,2.255798e+01,2.252369e+01,2.248252e+01,2.250311e+01,2.266078e+01,2.253741e+01,2.289341e+01,2.338431e+01,2.433896e+01,2.352026e+01,2.287290e+01,2.357458e+01,2.294123e+01,2.330946e+01,2.330946e+01,2.294123e+01,2.300270e+01,2.267447e+01,2.229709e+01,2.244135e+01,2.308459e+01,2.342511e+01,2.313915e+01,2.256483e+01,2.260596e+01,2.324137e+01,2.408930e+01,2.410956e+01,2.402172e+01,2.303683e+01,2.277716e+01,2.270187e+01,2.332307e+01,2.244821e+01,2.223520e+01,2.226959e+01,2.226271e+01,2.264022e+01,2.263337e+01,2.367638e+01,2.420408e+01,2.610990e+01,2.448713e+01,2.240015e+01,2.277716e+01,2.377129e+01,2.446021e+01,2.460820e+01,2.318005e+01,2.313915e+01,2.368316e+01,2.310505e+01,2.266078e+01,2.272241e+01,2.300270e+01,2.510446e+01,2.634820e+01,2.652657e+01,2.519140e+01,2.417709e+01,2.320049e+01,2.318686e+01,2.311869e+01,2.324818e+01,2.332988e+01,2.294807e+01,2.285923e+01,2.332307e+01,2.453423e+01,2.337751e+01,2.312551e+01,2.267447e+01,2.271556e+01,2.351346e+01,2.427155e+01,2.429852e+01,2.314597e+01,2.411632e+01,2.591755e+01,2.759712e+01,2.587770e+01,2.362889e+01,2.285923e+01,2.286607e+01,2.286607e+01,2.390673e+01,2.393380e+01,2.333668e+01,2.433896e+01,2.371028e+01,2.316642e+01,2.422433e+01,2.631513e+01,2.374418e+01,2.305048e+01,2.308459e+01,2.340471e+01,2.349988e+01,2.458131e+01,2.367638e+01,2.306412e+01,2.356101e+01,2.277716e+01,2.267447e+01,2.279084e+01,2.292074e+01,2.296173e+01,2.326180e+01,2.282504e+01,2.262652e+01,2.252369e+01,2.248252e+01,2.254426e+01,2.240702e+01,2.243448e+01,2.244135e+01,2.239328e+01,2.237268e+01,2.237268e+01,2.251683e+01,2.244135e+01,2.249625e+01,2.250311e+01,2.240015e+01,2.238642e+01,2.250311e+01,2.244821e+01,2.244821e+01,2.245507e+01,2.238642e+01,2.242762e+01,2.238642e+01,2.239328e+01,2.239328e+01,2.241389e+01,2.244821e+01,2.237955e+01,2.243448e+01,2.242075e+01,2.244821e+01,2.245507e+01,2.234520e+01,2.233833e+01,2.238642e+01,2.235894e+01,2.240702e+01,2.243448e+01,2.239328e+01,2.220081e+01,2.235894e+01,2.236581e+01,2.229709e+01,2.231771e+01,2.223520e+01,2.220081e+01,2.234520e+01,2.217328e+01,2.236581e+01,2.237268e+01,2.235894e+01,2.224208e+01,2.231084e+01,2.227647e+01,2.222145e+01,2.219393e+01,2.217328e+01,2.228334e+01,2.222833e+01,2.219393e+01,2.212509e+01,2.206999e+01,2.211821e+01,2.206310e+01,2.204243e+01,2.204243e+01,2.201486e+01,2.196660e+01,2.186310e+01,2.204243e+01,2.193211e+01,2.189761e+01,2.189071e+01,2.169728e+01,2.181476e+01,2.183548e+01,2.188381e+01,2.177332e+01,2.185620e+01,2.182167e+01,2.184929e+01,2.190451e+01,2.199418e+01,2.201486e+01,2.201486e+01,2.197349e+01,2.205621e+01,2.207688e+01,2.202865e+01,2.202865e+01,2.200107e+01,2.201486e+01,2.198729e+01,2.197349e+01,2.205621e+01,2.198039e+01,2.199418e+01,2.200797e+01,2.213886e+01,2.207688e+01,2.209755e+01,2.214575e+01,2.204243e+01,2.202176e+01,2.202865e+01,2.199418e+01,2.193211e+01,2.200797e+01,2.201486e+01,2.197349e+01,2.201486e+01,2.204932e+01,2.193211e+01,2.205621e+01,2.193211e+01,2.198729e+01,2.200107e+01,2.196660e+01,2.200797e+01,2.198729e+01,2.200107e+01,2.207688e+01,2.202176e+01,2.203554e+01,2.195970e+01,2.193901e+01,2.188381e+01,2.173185e+01,2.195280e+01,2.193901e+01,2.193901e+01,2.192521e+01,2.194591e+01,2.193901e+01,2.184239e+01,2.193901e+01,2.193211e+01,2.193901e+01,2.191831e+01,2.186310e+01,2.187000e+01,2.191831e+01,2.195970e+01,2.199418e+01,2.204932e+01,2.193211e+01,2.193901e+01,2.205621e+01,2.191831e+01,2.194591e+01,2.212509e+01,2.201486e+01,2.212509e+01,2.205621e+01,2.209755e+01,2.223520e+01,2.202865e+01,2.209066e+01,2.195280e+01,2.209066e+01,2.199418e+01,2.198039e+01,2.195280e+01,2.195970e+01,2.195970e+01,2.206310e+01,2.202176e+01,2.197349e+01,2.195970e+01,2.210443e+01,2.202865e+01,2.211821e+01,2.206310e+01,2.191141e+01,2.206310e+01,2.206310e+01,2.200107e+01,2.201486e+01,2.208377e+01,2.204243e+01,2.204243e+01,2.205621e+01,2.195280e+01,2.203554e+01,2.193901e+01,2.191831e+01,2.192521e+01,2.187691e+01,2.203554e+01,2.189071e+01,2.200797e+01,2.197349e+01,2.190451e+01,2.184239e+01,2.197349e+01,2.194591e+01,2.191141e+01,2.193901e+01,2.195970e+01,2.190451e+01,2.195280e+01,2.202176e+01,2.196660e+01,2.199418e+01,2.218016e+01,2.200107e+01,2.199418e+01,2.202865e+01,2.198039e+01,2.204932e+01,2.196660e+01,2.194591e+01,2.195280e+01,2.189761e+01,2.204932e+01,2.205621e+01,2.207688e+01,2.203554e+01,2.197349e+01,2.202176e+01,2.191141e+01,2.205621e+01,2.192521e+01,2.204243e+01,2.198039e+01,2.203554e+01,2.203554e+01,2.193211e+01,2.198729e+01,2.198039e+01,2.199418e+01,2.194591e+01,2.185620e+01,2.192521e+01,2.200107e+01,2.191831e+01,2.187000e+01,2.198039e+01,2.178022e+01,2.192521e+01,2.191141e+01,2.188381e+01,2.189761e+01,2.186310e+01,2.181476e+01,2.194591e+01,2.194591e+01,2.180786e+01,2.179404e+01,2.186310e+01,2.181476e+01,2.173876e+01,2.195970e+01,2.188381e+01,2.179404e+01,2.184929e+01,2.180786e+01,2.169037e+01,2.167654e+01,2.175258e+01,2.171111e+01,2.176641e+01,2.183548e+01,2.173876e+01,2.178713e+01,2.178713e+01,2.172494e+01,2.186310e+01,2.180786e+01,2.185620e+01,2.191141e+01,2.187000e+01,2.204932e+01,2.182167e+01,2.191141e+01,2.189761e+01,2.209066e+01,2.199418e+01,2.191831e+01,2.198039e+01,2.201486e+01,2.202865e+01,2.209755e+01,2.203554e+01,2.200797e+01,2.198039e+01,2.210443e+01,2.209066e+01,2.200107e+01,2.216640e+01,2.207688e+01,2.211132e+01,2.208377e+01,2.229709e+01,2.226959e+01,2.219393e+01,2.204243e+01,2.218016e+01,2.215263e+01,2.221457e+01,2.207688e+01,2.211821e+01,2.201486e+01,2.200797e+01,2.210443e+01,2.215263e+01,2.212509e+01,2.212509e+01,2.210443e+01,2.214575e+01,2.215263e+01,2.209066e+01,2.216640e+01,2.209755e+01,2.217328e+01,2.231084e+01,2.219393e+01,2.220081e+01,2.222833e+01,2.231084e+01,2.213198e+01,2.215952e+01,2.225584e+01,2.226959e+01,2.218705e+01,2.220081e+01,2.209755e+01,2.233146e+01,2.213886e+01,2.223520e+01,2.219393e+01
2.260596e+01,2.253055e+01,2.242762e+01,2.244135e+01,2.245507e+01,2.244135e+01,2.245507e+01,2.255798e+01,2.248939e+01,2.250311e+01,2.239328e+01,2.232458e+01,2.257169e+01,2.231771e+01,2.244135e+01,2.258540e+01,2.257169e+01,2.258540e+01,2.255798e+01,2.255798e+01,2.264022e+01,2.264708e+01,2.272925e+01,2.261282e+01,2.270871e+01,2.263337e+01,2.263337e+01,2.267447e+01,2.268132e+01,2.268132e+01,2.274978e+01,2.273610e+01,2.270871e+01,2.269502e+01,2.260596e+01,2.266078e+01,2.266763e+01,2.265392e+01,2.266078e+01,2.264708e+01,2.266078e+01,2.272925e+01,2.261282e+01,2.259911e+01,2.248252e+01,2.258540e+01,2.257169e+01,2.257169e+01,2.263337e+01,2.261282e+01,2.259911e+01,2.253055e+01,2.256483e+01,2.260596e+01,2.259911e+01,2.259911e+01,2.244135e+01,2.244821e+01,2.242762e+01,2.244135e+01,2.255112e+01,2.254426e+01,2.244821e+01,2.255798e+01,2.257169e+01,2.257854e+01,2.259225e+01,2.250997e+01,2.276347e+01,2.294807e+01,2.311869e+01,2.335029e+01,2.341151e+01,2.347949e+01,2.373062e+01,2.366959e+01,2.375774e+01,2.371706e+01,2.375096e+01,2.375096e+01,2.376451e+01,2.373740e+01,2.368316e+01,2.362889e+01,2.365602e+01,2.382549e+01,2.377129e+01,2.382549e+01,2.385935e+01,2.403524e+01,2.394733e+01,2.394733e+01,2.398791e+01,2.399467e+01,2.387966e+01,2.387966e+01,2.385935e+01,2.388643e+01,2.375774e+01,2.374418e+01,2.373740e+01,2.378484e+01,2.375096e+01,2.377807e+01,2.368994e+01,2.374418e+01,2.367638e+01,2.383903e+01,2.400820e+01,2.377129e+01,2.406227e+01,2.379839e+01,2.379839e+01,2.386612e+01,2.389996e+01,2.389320e+01,2.396762e+01,2.396086e+01,2.382549e+01,2.378484e+01,2.385258e+01,2.381872e+01,2.376451e+01,2.375774e+01,2.368316e+01,2.372384e+01,2.371028e+01,2.384581e+01,2.377129e+01,2.375774e+01,2.375096e+01,2.368994e+01,2.360853e+01,2.366959e+01,2.363567e+01,2.359495e+01,2.363567e+01,2.369672e+01,2.362210e+01,2.368994e+01,2.352705e+01,2.369672e+01,2.364924e+01,2.364924e+01,2.362889e+01,2.373740e+01,2.375096e+01,2.381194e+01,2.387966e+01,2.385935e+01,2.392027e+01,2.381872e+01,2.380517e+01,2.392703e+01,2.379839e+01,2.389320e+01,2.392703e+01,2.384581e+01,2.386612e+01,2.383226e+01,2.392703e+01,2.381872e+01,2.384581e+01,2.385935e+01,2.393380e+01,2.382549e+01,2.379162e+01,2.392027e+01,2.392703e+01,2.389320e+01,2.384581e+01,2.399467e+01,2.394733e+01,2.387289e+01,2.389320e+01,2.386612e+01,2.398115e+01,2.392703e+01,2.387966e+01,2.385258e+01,2.386612e+01,2.394733e+01,2.377807e+01,2.372384e+01,2.361531e+01,2.357458e+01,2.352026e+01,2.357458e+01,2.404200e+01,2.559173e+01,2.347269e+01,2.259911e+01,2.254426e+01,2.245507e+01,2.244821e+01,2.254426e+01,2.257169e+01,2.249625e+01,2.249625e+01,2.253741e+01,2.246880e+01,2.246194e+01,2.252369e+01,2.246880e+01,2.259225e+01,2.268132e+01,2.289341e+01,2.359495e+01,2.543845e+01,2.385258e+01,2.301635e+01,2.268132e+01,2.236581e+01,2.264708e+01,2.328904e+01,2.266763e+01,2.229709e+01,2.240702e+01,2.218016e+01,2.247566e+01,2.294123e+01,2.324137e+01,2.325499e+01,2.255798e+01,2.270871e+01,2.261967e+01,2.281136e+01,2.324137e+01,2.324818e+01,2.261967e+01,2.231771e+01,2.234520e+01,2.261967e+01,2.236581e+01,2.218705e+01,2.218705e+01,2.231771e+01,2.242075e+01,2.257169e+01,2.331627e+01,2.384581e+01,2.460148e+01,2.416359e+01,2.268817e+01,2.324818e+01,2.415008e+01,2.499736e+01,2.684294e+01,2.328904e+01,2.325499e+01,2.383903e+01,2.283188e+01,2.272241e+01,2.314597e+01,2.298221e+01,2.300270e+01,2.345230e+01,2.349308e+01,2.340471e+01,2.311187e+01,2.301635e+01,2.307095e+01,2.318005e+01,2.288657e+01,2.326180e+01,2.296856e+01,2.240702e+01,2.332307e+01,2.435918e+01,2.351346e+01,2.311869e+01,2.283188e+01,2.292074e+01,2.352026e+01,2.415008e+01,2.315960e+01,2.312551e+01,2.527159e+01,2.681003e+01,2.586442e+01,2.429177e+01,2.327542e+01,2.364246e+01,2.482309e+01,2.375774e+01,2.283188e+01,2.441981e+01,2.395410e+01,2.517803e+01,2.383903e+01,2.310505e+01,2.314597e+01,2.375096e+01,2.356779e+01,2.333668e+01,2.325499e+01,2.363567e+01,2.392703e+01,2.364924e+01,2.309823e+01,2.307777e+01,2.303683e+01,2.256483e+01,2.281136e+01,2.294807e+01,2.306412e+01,2.324137e+01,2.320731e+01,2.319368e+01,2.253741e+01,2.262652e+01,2.241389e+01,2.235207e+01,2.250311e+01,2.235207e+01,2.252369e+01,2.248252e+01,2.246194e+01,2.249625e+01,2.241389e+01,2.243448e+01,2.239328e+01,2.245507e+01,2.240015e+01,2.250997e+01,2.247566e+01,2.247566e+01,2.245507e+01,2.245507e+01,2.240015e+01,2.236581e+01,2.242075e+01,2.241389e+01,2.237268e+01,2.236581e+01,2.243448e+01,2.244135e+01,2.242762e+01,2.248252e+01,2.240015e+01,2.237955e+01,2.229709e+01,2.223520e+01,2.231771e+01,2.230396e+01,2.230396e+01,2.244135e+01,2.236581e+01,2.218705e+01,2.239328e+01,2.229709e+01,2.224208e+01,2.225584e+01,2.233833e+01,2.215263e+01,2.223520e+01,2.224896e+01,2.224208e+01,2.236581e+01,2.209066e+01,2.220769e+01,2.226959e+01,2.229709e+01,2.221457e+01,2.233146e+01,2.224208e+01,2.210443e+01,2.216640e+01,2.211821e+01,2.213886e+01,2.207688e+01,2.204932e+01,2.205621e+01,2.204932e+01,2.179404e+01,2.202865e+01,2.200107e+01,2.183548e+01,2.184929e+01,2.188381e+01,2.187000e+01,2.189071e+01,2.182167e+01,2.182858e+01,2.174567e+01,2.182858e+01,2.189761e+01,2.185620e+01,2.193901e+01,2.184929e+01,2.200107e+01,2.191831e+01,2.186310e+01,2.196660e+01,2.195280e+01,2.198039e+01,2.201486e+01,2.201486e+01,2.201486e+01,2.192521e+01,2.206310e+01,2.198039e+01,2.202865e+01,2.187691e+01,2.198729e+01,2.201486e+01,2.205621e+01,2.206310e+01,2.200107e+01,2.189761e+01,2.200107e+01,2.202176e+01,2.195970e+01,2.206310e+01,2.200797e+01,2.195280e+01,2.195970e+01,2.193901e+01,2.200797e+01,2.203554e+01,2.190451e+01,2.207688e+01,2.201486e+01,2.199418e+01,2.190451e+01,2.197349e+01,2.194591e+01,2.197349e+01,2.192521e+01,2.199418e+01,2.205621e+01,2.196660e+01,2.200107e+01,2.195970e+01,2.189761e+01,2.186310e+01,2.188381e+01,2.195970e+01,2.195970e+01,2.189761e+01,2.193901e+01,2.195280e+01,2.182858e+01,2.189761e+01,2.194591e+01,2.191141e+01,2.187000e+01,2.195970e+01,2.195970e+01,2.192521e+01,2.201486e+01,2.184929e+01,2.189761e+01,2.197349e+01,2.198729e+01,2.198729e+01,2.195280e+01,2.193211e+01,2.201486e+01,2.189761e+01,2.202176e+01,2.200797e+01,2.204932e+01,2.213886e+01,2.205621e+01,2.209066e+01,2.192521e+01,2.202865e+01,2.214575e+01,2.204243e+01,2.209066e+01,2.205621e+01,2.206310e+01,2.193901e+01,2.198729e+01,2.193901e+01,2.200797e+01,2.202176e+01,2.207688e+01,2.202176e+01,2.195280e+01,2.205621e+01,2.206310e+01,2.206310e+01,2.199418e+01,2.194591e+01,2.202176e+01,2.204932e+01,2.205621e+01,2.204243e+01,2.203554e+01,2.198039e+01,2.195280e+01,2.196660e+01,2.201486e+01,2.207688e+01,2.201486e+01,2.201486e+01,2.202176e+01,2.199418e+01,2.199418e+01,2.189761e+01,2.182858e+01,2.196660e+01,2.193901e+01,2.193901e+01,2.191831e+01,2.190451e+01,2.198729e+01,2.196660e+01,2.193901e+01,2.205621e+01,2.200797e+01,2.195970e+01,2.202865e+01,2.201486e+01,2.202176e+01,2.201486e+01,2.200107e+01,2.197349e+01,2.195280e+01,2.209755e+01,2.186310e+01,2.229022e+01,2.208377e+01,2.205621e+01,2.205621e+01,2.205621e+01,2.208377e+01,2.196660e+01,2.194591e+01,2.191831e+01,2.191141e+01,2.206310e+01,2.199418e+01,2.187000e+01,2.184929e+01,2.198039e+01,2.196660e+01,2.197349e+01,2.194591e+01,2.195970e+01,2.193211e+01,2.195970e+01,2.188381e+01,2.189761e+01,2.187691e+01,2.184239e+01,2.192521e+01,2.184239e+01,2.198729e+01,2.196660e+01,2.198039e+01,2.187000e+01,2.174567e+01,2.202865e+01,2.189761e+01,2.188381e+01,2.179404e+01,2.187000e+01,2.182858e+01,2.189761e+01,2.174567e+01,2.175949e+01,2.180786e+01,2.179404e+01,2.189071e+01,2.183548e+01,2.172494e+01,2.195280e+01,2.168345e+01,2.180786e+01,2.175949e+01,2.177332e+01,2.170420e+01,2.180786e+01,2.182858e+01,2.182858e+01,2.180095e+01,2.170420e+01,2.180786e+01,2.188381e+01,2.184929e+01,2.193901e+01,2.196660e+01,2.190451e+01,2.197349e+01,2.191141e+01,2.200107e+01,2.206999e+01,2.204932e+01,2.203554e+01,2.208377e+01,2.196660e+01,2.208377e+01,2.210443e+01,2.200107e+01,2.206999e+01,2.194591e+01,2.199418e+01,2.222833e+01,2.202176e+01,2.206310e+01,2.214575e+01,2.213198e+01,2.200107e+01,2.215263e+01,2.216640e+01,2.219393e+01,2.211132e+01,2.204932e+01,2.201486e+01,2.204932e+01,2.209755e+01,2.211821e+01,2.212509e+01,2.226271e+01,2.204932e+01,2.216640e+01,2.222833e+01,2.220769e+01,2.226959e+01,2.223520e+01,2.220769e+01,2.223520e+01,2.218705e+01,2.222145e+01,2.212509e+01,2.216640e+01,2.220081e+01,2.213886e+01,2.231771e+01,2.226271e+01,2.222145e+01,2.218016e+01,2.223520e+01,2.233833e+01,2.219393e+01,2.218016e+01,2.213198e+01
2.259911e+01,2.239328e+01,2.247566e+01,2.242075e+01,2.237268e+01,2.251683e+01,2.245507e+01,2.246194e+01,2.237268e+01,2.250311e+01,2.245507e+01,2.240702e+01,2.270871e+01,2.259225e+01,2.255112e+01,2.259911e+01,2.264708e+01,2.261967e+01,2.259225e+01,2.268132e+01,2.259225e+01,2.261282e+01,2.259911e+01,2.260596e+01,2.266763e+01,2.271556e+01,2.275663e+01,2.265392e+01,2.281820e+01,2.264708e+01,2.267447e+01,2.275663e+01,2.270187e+01,2.272241e+01,2.266763e+01,2.270871e+01,2.266078e+01,2.265392e+01,2.284555e+01,2.269502e+01,2.260596e+01,2.269502e+01,2.259225e+01,2.272241e+01,2.256483e+01,2.259225e+01,2.257169e+01,2.267447e+01,2.261282e+01,2.265392e+01,2.259225e+01,2.269502e+01,2.258540e+01,2.259911e+01,2.247566e+01,2.257169e+01,2.242075e+01,2.259225e+01,2.245507e+01,2.266763e+01,2.247566e+01,2.252369e+01,2.250997e+01,2.257169e+01,2.247566e+01,2.250997e+01,2.259225e+01,2.254426e+01,2.285239e+01,2.302318e+01,2.304365e+01,2.324137e+01,2.345910e+01,2.377129e+01,2.362210e+01,2.366281e+01,2.375774e+01,2.350667e+01,2.369672e+01,2.371028e+01,2.377807e+01,2.366959e+01,2.355421e+01,2.364246e+01,2.371706e+01,2.372384e+01,2.377807e+01,2.383226e+01,2.383226e+01,2.392703e+01,2.389320e+01,2.400144e+01,2.398791e+01,2.398115e+01,2.392027e+01,2.386612e+01,2.387289e+01,2.387966e+01,2.388643e+01,2.373740e+01,2.383226e+01,2.374418e+01,2.377807e+01,2.379839e+01,2.384581e+01,2.375774e+01,2.379162e+01,2.375096e+01,2.387289e+01,2.379162e+01,2.384581e+01,2.387966e+01,2.382549e+01,2.389996e+01,2.387966e+01,2.387289e+01,2.396086e+01,2.379162e+01,2.378484e+01,2.376451e+01,2.379162e+01,2.384581e+01,2.378484e+01,2.374418e+01,2.378484e+01,2.369672e+01,2.385935e+01,2.372384e+01,2.369672e+01,2.367638e+01,2.373740e+01,2.364924e+01,2.364246e+01,2.369672e+01,2.368994e+01,2.371028e+01,2.364246e+01,2.359495e+01,2.365602e+01,2.368994e+01,2.373062e+01,2.360174e+01,2.362889e+01,2.364246e+01,2.368316e+01,2.377807e+01,2.382549e+01,2.387966e+01,2.388643e+01,2.386612e+01,2.375096e+01,2.383903e+01,2.381194e+01,2.378484e+01,2.373740e+01,2.379839e+01,2.374418e+01,2.383226e+01,2.387289e+01,2.380517e+01,2.383226e+01,2.375774e+01,2.380517e+01,2.383226e+01,2.383903e+01,2.392703e+01,2.382549e+01,2.377807e+01,2.379162e+01,2.387289e+01,2.392027e+01,2.383903e+01,2.383226e+01,2.397439e+01,2.391350e+01,2.387289e+01,2.386612e+01,2.392703e+01,2.389996e+01,2.385935e+01,2.385935e+01,2.380517e+01,2.374418e+01,2.380517e+01,2.361531e+01,2.358816e+01,2.343191e+01,2.351346e+01,2.404200e+01,2.555177e+01,2.347949e+01,2.248252e+01,2.257169e+01,2.245507e+01,2.260596e+01,2.250311e+01,2.243448e+01,2.255798e+01,2.250311e+01,2.252369e+01,2.252369e+01,2.253055e+01,2.246880e+01,2.257169e+01,2.254426e+01,2.272241e+01,2.324137e+01,2.362889e+01,2.593746e+01,2.387289e+01,2.302318e+01,2.257169e+01,2.268817e+01,2.268817e+01,2.268817e+01,2.303000e+01,2.229709e+01,2.229709e+01,2.237268e+01,2.240015e+01,2.287290e+01,2.343191e+01,2.326861e+01,2.279768e+01,2.300270e+01,2.265392e+01,2.262652e+01,2.302318e+01,2.268817e+01,2.230396e+01,2.222833e+01,2.219393e+01,2.258540e+01,2.232458e+01,2.216640e+01,2.226271e+01,2.222833e+01,2.231084e+01,2.252369e+01,2.307777e+01,2.339791e+01,2.287974e+01,2.258540e+01,2.279768e+01,2.363567e+01,2.380517e+01,2.499736e+01,2.800152e+01,2.421083e+01,2.317323e+01,2.370350e+01,2.313233e+01,2.312551e+01,2.281820e+01,2.261282e+01,2.250311e+01,2.299587e+01,2.325499e+01,2.298221e+01,2.319368e+01,2.305048e+01,2.279768e+01,2.330265e+01,2.324818e+01,2.295490e+01,2.287290e+01,2.274294e+01,2.326180e+01,2.358816e+01,2.293440e+01,2.283188e+01,2.262652e+01,2.288657e+01,2.286607e+01,2.312551e+01,2.250311e+01,2.284555e+01,2.333668e+01,2.363567e+01,2.364246e+01,2.315278e+01,2.313233e+01,2.564500e+01,2.726331e+01,2.390673e+01,2.275663e+01,2.358138e+01,2.517803e+01,2.610990e+01,2.386612e+01,2.314597e+01,2.292074e+01,2.313233e+01,2.353384e+01,2.356779e+01,2.347949e+01,2.497727e+01,2.616290e+01,2.497727e+01,2.318686e+01,2.304365e+01,2.288657e+01,2.259225e+01,2.257169e+01,2.306412e+01,2.307777e+01,2.305048e+01,2.309141e+01,2.324818e+01,2.265392e+01,2.242075e+01,2.242075e+01,2.245507e+01,2.243448e+01,2.234520e+01,2.242075e+01,2.245507e+01,2.238642e+01,2.248939e+01,2.243448e+01,2.237955e+01,2.239328e+01,2.241389e+01,2.237955e+01,2.242075e+01,2.246880e+01,2.246880e+01,2.244135e+01,2.243448e+01,2.248939e+01,2.243448e+01,2.246194e+01,2.246194e+01,2.246194e+01,2.229022e+01,2.222833e+01,2.237955e+01,2.231084e+01,2.233833e+01,2.234520e+01,2.240702e+01,2.239328e+01,2.223520e+01,2.235894e+01,2.235207e+01,2.234520e+01,2.237955e+01,2.224208e+01,2.234520e+01,2.229709e+01,2.222833e+01,2.223520e+01,2.231084e+01,2.225584e+01,2.201486e+01,2.228334e+01,2.234520e+01,2.224208e+01,2.232458e+01,2.230396e+01,2.206999e+01,2.210443e+01,2.217328e+01,2.231771e+01,2.229709e+01,2.228334e+01,2.225584e+01,2.215263e+01,2.210443e+01,2.206999e+01,2.210443e+01,2.202865e+01,2.209755e+01,2.211132e+01,2.202176e+01,2.200797e+01,2.186310e+01,2.193211e+01,2.191831e+01,2.194591e+01,2.187000e+01,2.184929e+01,2.182858e+01,2.185620e+01,2.191831e+01,2.181476e+01,2.193211e+01,2.187691e+01,2.192521e+01,2.195970e+01,2.190451e+01,2.189071e+01,2.189761e+01,2.197349e+01,2.192521e+01,2.202865e+01,2.200107e+01,2.193901e+01,2.201486e+01,2.204932e+01,2.203554e+01,2.198039e+01,2.206310e+01,2.191831e+01,2.202176e+01,2.198039e+01,2.212509e+01,2.206310e+01,2.193901e+01,2.189071e+01,2.187000e+01,2.201486e+01,2.200797e+01,2.204932e+01,2.201486e+01,2.198729e+01,2.201486e+01,2.201486e+01,2.199418e+01,2.202865e+01,2.188381e+01,2.196660e+01,2.203554e+01,2.188381e+01,2.175949e+01,2.195970e+01,2.193901e+01,2.191831e+01,2.178713e+01,2.204932e+01,2.193211e+01,2.179404e+01,2.187000e+01,2.184239e+01,2.193211e+01,2.196660e+01,2.191831e+01,2.193211e+01,2.192521e+01,2.193901e+01,2.189761e+01,2.188381e+01,2.194591e+01,2.186310e+01,2.191141e+01,2.193211e+01,2.182858e+01,2.193901e+01,2.193211e+01,2.191141e+01,2.200107e+01,2.190451e+01,2.200797e+01,2.191141e+01,2.198729e+01,2.196660e+01,2.191141e+01,2.194591e+01,2.193901e+01,2.201486e+01,2.204932e+01,2.196660e+01,2.223520e+01,2.196660e+01,2.203554e+01,2.206310e+01,2.206310e+01,2.220769e+01,2.203554e+01,2.195280e+01,2.213198e+01,2.210443e+01,2.205621e+01,2.187000e+01,2.197349e+01,2.199418e+01,2.205621e+01,2.204932e+01,2.203554e+01,2.200107e+01,2.203554e+01,2.206999e+01,2.201486e+01,2.204243e+01,2.207688e+01,2.204932e+01,2.209066e+01,2.202176e+01,2.200797e+01,2.206310e+01,2.202865e+01,2.207688e+01,2.200797e+01,2.203554e+01,2.211132e+01,2.194591e+01,2.198039e+01,2.195970e+01,2.193901e+01,2.195280e+01,2.193211e+01,2.194591e+01,2.174567e+01,2.193901e+01,2.190451e+01,2.199418e+01,2.192521e+01,2.192521e+01,2.198039e+01,2.193211e+01,2.196660e+01,2.191141e+01,2.195280e+01,2.200797e+01,2.201486e+01,2.199418e+01,2.200107e+01,2.207688e+01,2.207688e+01,2.206999e+01,2.206310e+01,2.192521e+01,2.193901e+01,2.206310e+01,2.202176e+01,2.205621e+01,2.228334e+01,2.207688e+01,2.204932e+01,2.204932e+01,2.209755e+01,2.202176e+01,2.191141e+01,2.195280e+01,2.189761e+01,2.189761e+01,2.184929e+01,2.199418e+01,2.184929e+01,2.182858e+01,2.193901e+01,2.187000e+01,2.196660e+01,2.181476e+01,2.189761e+01,2.191831e+01,2.186310e+01,2.187691e+01,2.193211e+01,2.184929e+01,2.184929e+01,2.188381e+01,2.186310e+01,2.200107e+01,2.182167e+01,2.188381e+01,2.182858e+01,2.180095e+01,2.174567e+01,2.187000e+01,2.175258e+01,2.176641e+01,2.187000e+01,2.174567e+01,2.196660e+01,2.187691e+01,2.178022e+01,2.183548e+01,2.187691e+01,2.187000e+01,2.181476e+01,2.182858e+01,2.182167e+01,2.177332e+01,2.180095e+01,2.177332e+01,2.180786e+01,2.177332e+01,2.161427e+01,2.186310e+01,2.178713e+01,2.185620e+01,2.187000e+01,2.195280e+01,2.196660e+01,2.191141e+01,2.189761e+01,2.186310e+01,2.198039e+01,2.204932e+01,2.206310e+01,2.195970e+01,2.204243e+01,2.192521e+01,2.207688e+01,2.202865e+01,2.207688e+01,2.201486e+01,2.195970e+01,2.206310e+01,2.205621e+01,2.206310e+01,2.202176e+01,2.205621e+01,2.198039e+01,2.213886e+01,2.213886e+01,2.198729e+01,2.202865e+01,2.209066e+01,2.210443e+01,2.206999e+01,2.205621e+01,2.210443e+01,2.201486e+01,2.208377e+01,2.211132e+01,2.218705e+01,2.210443e+01,2.216640e+01,2.214575e+01,2.218016e+01,2.214575e+01,2.222833e+01,2.203554e+01,2.202865e+01,2.220081e+01,2.214575e+01,2.212509e+01,2.223520e+01,2.226959e+01,2.213886e+01,2.214575e+01,2.228334e+01,2.222833e+01,2.221457e+01,2.220081e+01,2.221457e+01,2.220081e+01,2.213198e+01
2.240015e+01,2.241389e+01,2.248252e+01,2.246880e+01,2.250311e+01,2.257854e+01,2.248939e+01,2.248252e+01,2.234520e+01,2.235207e+01,2.232458e+01,2.251683e+01,2.232458e+01,2.251683e+01,2.253741e+01,2.250997e+01,2.263337e+01,2.251683e+01,2.257169e+01,2.268817e+01,2.262652e+01,2.264708e+01,2.265392e+01,2.261282e+01,2.261967e+01,2.261967e+01,2.269502e+01,2.270187e+01,2.266078e+01,2.266078e+01,2.266078e+01,2.272241e+01,2.261282e+01,2.269502e+01,2.274978e+01,2.269502e+01,2.269502e+01,2.266078e+01,2.265392e+01,2.270871e+01,2.271556e+01,2.266078e+01,2.269502e+01,2.267447e+01,2.259225e+01,2.262652e+01,2.255798e+01,2.268817e+01,2.260596e+01,2.260596e+01,2.262652e+01,2.261967e+01,2.256483e+01,2.257854e+01,2.262652e+01,2.250311e+01,2.253741e+01,2.242075e+01,2.240015e+01,2.257854e+01,2.244821e+01,2.254426e+01,2.250997e+01,2.247566e+01,2.253741e+01,2.250311e+01,2.261967e+01,2.257169e+01,2.274294e+01,2.303683e+01,2.337070e+01,2.338431e+01,2.355421e+01,2.364246e+01,2.358138e+01,2.368316e+01,2.376451e+01,2.364246e+01,2.368994e+01,2.366959e+01,2.367638e+01,2.352705e+01,2.361531e+01,2.363567e+01,2.358138e+01,2.380517e+01,2.380517e+01,2.377807e+01,2.385258e+01,2.389320e+01,2.390673e+01,2.388643e+01,2.382549e+01,2.394733e+01,2.386612e+01,2.394733e+01,2.397439e+01,2.379839e+01,2.377129e+01,2.372384e+01,2.375096e+01,2.385935e+01,2.371706e+01,2.373062e+01,2.368316e+01,2.371706e+01,2.381872e+01,2.375774e+01,2.390673e+01,2.386612e+01,2.383226e+01,2.389320e+01,2.394057e+01,2.386612e+01,2.393380e+01,2.386612e+01,2.398791e+01,2.385935e+01,2.375774e+01,2.377807e+01,2.381872e+01,2.395410e+01,2.377129e+01,2.375096e+01,2.372384e+01,2.375774e+01,2.379162e+01,2.373740e+01,2.374418e+01,2.376451e+01,2.376451e+01,2.362889e+01,2.361531e+01,2.369672e+01,2.374418e+01,2.368316e+01,2.352026e+01,2.362210e+01,2.362889e+01,2.361531e+01,2.366281e+01,2.366281e+01,2.360853e+01,2.359495e+01,2.364246e+01,2.368316e+01,2.383903e+01,2.384581e+01,2.385258e+01,2.385935e+01,2.384581e+01,2.380517e+01,2.381194e+01,2.379162e+01,2.378484e+01,2.381194e+01,2.381194e+01,2.404200e+01,2.375774e+01,2.385258e+01,2.382549e+01,2.381194e+01,2.384581e+01,2.379162e+01,2.381194e+01,2.392027e+01,2.394733e+01,2.392027e+01,2.392703e+01,2.389996e+01,2.381194e+01,2.386612e+01,2.389996e+01,2.393380e+01,2.384581e+01,2.389320e+01,2.385935e+01,2.388643e+01,2.390673e+01,2.384581e+01,2.379839e+01,2.381872e+01,2.373062e+01,2.376451e+01,2.375096e+01,2.354063e+01,2.358138e+01,2.354063e+01,2.402848e+01,2.567162e+01,2.353384e+01,2.248939e+01,2.248939e+01,2.251683e+01,2.245507e+01,2.248252e+01,2.244135e+01,2.249625e+01,2.254426e+01,2.247566e+01,2.254426e+01,2.250311e+01,2.250311e+01,2.255112e+01,2.268817e+01,2.277716e+01,2.322775e+01,2.379162e+01,2.468884e+01,2.410956e+01,2.309141e+01,2.306412e+01,2.389320e+01,2.337070e+01,2.307777e+01,2.307095e+01,2.248252e+01,2.241389e+01,2.244135e+01,2.249625e+01,2.326861e+01,2.325499e+01,2.324818e+01,2.296856e+01,2.343871e+01,2.300953e+01,2.249625e+01,2.416359e+01,2.314597e+01,2.231084e+01,2.231084e+01,2.227647e+01,2.226271e+01,2.231771e+01,2.256483e+01,2.219393e+01,2.227647e+01,2.195970e+01,2.265392e+01,2.309823e+01,2.364246e+01,2.294123e+01,2.270871e+01,2.298904e+01,2.332988e+01,2.323456e+01,2.437939e+01,2.799501e+01,2.483651e+01,2.332307e+01,2.366959e+01,2.343871e+01,2.274294e+01,2.270871e+01,2.253741e+01,2.256483e+01,2.280452e+01,2.341151e+01,2.331627e+01,2.377807e+01,2.379162e+01,2.308459e+01,2.298221e+01,2.333668e+01,2.362889e+01,2.305730e+01,2.303683e+01,2.332988e+01,2.339111e+01,2.286607e+01,2.281136e+01,2.260596e+01,2.240015e+01,2.282504e+01,2.280452e+01,2.255798e+01,2.275663e+01,2.271556e+01,2.257854e+01,2.271556e+01,2.276347e+01,2.364246e+01,2.704020e+01,2.725020e+01,2.330265e+01,2.286607e+01,2.330946e+01,2.544512e+01,2.547846e+01,2.331627e+01,2.310505e+01,2.301635e+01,2.370350e+01,2.332988e+01,2.402172e+01,2.395410e+01,2.482980e+01,2.440634e+01,2.426480e+01,2.342511e+01,2.304365e+01,2.272241e+01,2.267447e+01,2.238642e+01,2.293440e+01,2.296856e+01,2.306412e+01,2.301635e+01,2.319368e+01,2.261967e+01,2.239328e+01,2.245507e+01,2.247566e+01,2.240015e+01,2.240015e+01,2.242075e+01,2.237268e+01,2.246194e+01,2.239328e+01,2.239328e+01,2.240015e+01,2.235894e+01,2.252369e+01,2.242075e+01,2.239328e+01,2.242762e+01,2.241389e+01,2.238642e+01,2.242762e+01,2.240702e+01,2.245507e+01,2.241389e+01,2.246194e+01,2.244821e+01,2.232458e+01,2.239328e+01,2.240015e+01,2.224896e+01,2.237268e+01,2.240702e+01,2.237268e+01,2.238642e+01,2.237268e+01,2.232458e+01,2.227647e+01,2.233833e+01,2.235207e+01,2.232458e+01,2.234520e+01,2.234520e+01,2.230396e+01,2.220769e+01,2.228334e+01,2.222833e+01,2.224208e+01,2.225584e+01,2.233146e+01,2.224896e+01,2.212509e+01,2.215952e+01,2.209755e+01,2.216640e+01,2.222145e+01,2.231771e+01,2.218705e+01,2.226271e+01,2.206310e+01,2.226959e+01,2.210443e+01,2.211132e+01,2.211132e+01,2.209755e+01,2.200797e+01,2.205621e+01,2.198729e+01,2.202865e+01,2.186310e+01,2.184239e+01,2.193211e+01,2.182858e+01,2.182858e+01,2.183548e+01,2.182858e+01,2.180786e+01,2.189761e+01,2.181476e+01,2.187000e+01,2.184239e+01,2.191141e+01,2.193211e+01,2.198729e+01,2.192521e+01,2.196660e+01,2.206310e+01,2.205621e+01,2.193211e+01,2.198729e+01,2.199418e+01,2.200107e+01,2.207688e+01,2.197349e+01,2.205621e+01,2.191831e+01,2.190451e+01,2.205621e+01,2.205621e+01,2.210443e+01,2.198039e+01,2.191141e+01,2.199418e+01,2.198729e+01,2.200107e+01,2.196660e+01,2.194591e+01,2.192521e+01,2.200797e+01,2.198729e+01,2.201486e+01,2.198039e+01,2.191141e+01,2.195280e+01,2.185620e+01,2.180786e+01,2.192521e+01,2.195280e+01,2.193901e+01,2.193211e+01,2.201486e+01,2.193901e+01,2.191831e+01,2.190451e+01,2.182167e+01,2.194591e+01,2.194591e+01,2.194591e+01,2.174567e+01,2.191141e+01,2.187691e+01,2.186310e+01,2.189071e+01,2.184239e+01,2.183548e+01,2.186310e+01,2.198039e+01,2.183548e+01,2.195280e+01,2.194591e+01,2.188381e+01,2.185620e+01,2.191141e+01,2.193901e+01,2.192521e+01,2.193211e+01,2.200797e+01,2.197349e+01,2.193211e+01,2.195970e+01,2.204243e+01,2.204243e+01,2.208377e+01,2.200107e+01,2.200107e+01,2.205621e+01,2.214575e+01,2.204243e+01,2.233146e+01,2.202176e+01,2.203554e+01,2.215263e+01,2.202865e+01,2.204932e+01,2.203554e+01,2.208377e+01,2.210443e+01,2.209066e+01,2.201486e+01,2.203554e+01,2.202176e+01,2.203554e+01,2.202865e+01,2.206999e+01,2.204932e+01,2.197349e+01,2.206999e+01,2.194591e+01,2.208377e+01,2.207688e+01,2.208377e+01,2.204932e+01,2.206310e+01,2.205621e+01,2.209755e+01,2.204243e+01,2.211132e+01,2.209066e+01,2.207688e+01,2.206999e+01,2.204932e+01,2.204243e+01,2.201486e+01,2.201486e+01,2.189071e+01,2.188381e+01,2.192521e+01,2.188381e+01,2.198039e+01,2.197349e+01,2.194591e+01,2.189071e+01,2.203554e+01,2.194591e+01,2.202176e+01,2.194591e+01,2.200797e+01,2.198039e+01,2.198039e+01,2.202865e+01,2.206999e+01,2.206310e+01,2.206999e+01,2.211821e+01,2.196660e+01,2.194591e+01,2.194591e+01,2.193211e+01,2.202176e+01,2.205621e+01,2.202865e+01,2.200797e+01,2.202176e+01,2.194591e+01,2.206999e+01,2.203554e+01,2.183548e+01,2.209066e+01,2.182167e+01,2.189761e+01,2.204932e+01,2.200797e+01,2.188381e+01,2.200107e+01,2.184929e+01,2.188381e+01,2.186310e+01,2.182167e+01,2.195280e+01,2.195280e+01,2.184929e+01,2.184239e+01,2.198729e+01,2.190451e+01,2.187000e+01,2.190451e+01,2.195280e+01,2.192521e+01,2.179404e+01,2.185620e+01,2.184929e+01,2.187691e+01,2.187000e+01,2.195280e+01,2.188381e+01,2.196660e+01,2.189071e+01,2.186310e+01,2.182858e+01,2.178713e+01,2.184929e+01,2.186310e+01,2.185620e+01,2.184239e+01,2.186310e+01,2.178022e+01,2.183548e+01,2.194591e+01,2.177332e+01,2.182167e+01,2.184929e+01,2.176641e+01,2.172494e+01,2.162811e+01,2.162119e+01,2.173185e+01,2.189071e+01,2.184929e+01,2.182167e+01,2.192521e+01,2.187000e+01,2.191141e+01,2.188381e+01,2.191831e+01,2.202176e+01,2.201486e+01,2.195280e+01,2.202176e+01,2.196660e+01,2.191141e+01,2.201486e+01,2.195280e+01,2.210443e+01,2.206999e+01,2.207688e+01,2.200797e+01,2.204243e+01,2.213198e+01,2.211821e+01,2.200797e+01,2.209755e+01,2.211132e+01,2.206310e+01,2.195970e+01,2.204932e+01,2.213198e+01,2.209755e+01,2.213198e+01,2.213198e+01,2.210443e+01,2.207688e+01,2.220769e+01,2.204932e+01,2.213198e+01,2.210443e+01,2.217328e+01,2.208377e+01,2.229709e+01,2.210443e+01,2.222145e+01,2.214575e+01,2.214575e+01,2.222145e+01,2.214575e+01,2.198729e+01,2.213886e+01,2.218016e+01,2.218016e+01,2.229709e+01,2.215263e+01,2.231084e+01,2.216640e+01,2.213198e+01
2.240015e+01,2.259911e+01,2.257854e+01,2.244135e+01,2.246880e+01,2.264708e+01,2.246880e+01,2.245507e+01,2.245507e+01,2.253055e+01,2.261967e+01,2.257854e+01,2.255798e+01,2.250311e+01,2.262652e+01,2.251683e+01,2.250311e+01,2.259911e+01,2.254426e+01,2.266078e+01,2.266763e+01,2.264708e+01,2.268817e+01,2.261282e+01,2.256483e+01,2.261282e+01,2.264708e+01,2.267447e+01,2.266078e+01,2.266763e+01,2.274294e+01,2.271556e+01,2.271556e+01,2.269502e+01,2.265392e+01,2.262652e+01,2.270871e+01,2.270187e+01,2.265392e+01,2.270187e+01,2.267447e+01,2.268132e+01,2.257854e+01,2.263337e+01,2.269502e+01,2.260596e+01,2.261282e+01,2.257169e+01,2.268817e+01,2.270871e+01,2.252369e+01,2.249625e+01,2.256483e+01,2.248252e+01,2.253741e+01,2.259225e+01,2.261967e+01,2.261967e+01,2.259911e+01,2.251683e+01,2.261282e+01,2.256483e+01,2.246880e+01,2.246194e+01,2.248939e+01,2.252369e+01,2.256483e+01,2.259225e+01,2.268817e+01,2.303683e+01,2.327542e+01,2.345230e+01,2.355421e+01,2.351346e+01,2.366281e+01,2.359495e+01,2.361531e+01,2.366959e+01,2.352705e+01,2.367638e+01,2.364924e+01,2.366281e+01,2.371028e+01,2.354742e+01,2.368994e+01,2.358816e+01,2.379839e+01,2.381872e+01,2.392027e+01,2.381872e+01,2.392703e+01,2.391350e+01,2.395410e+01,2.385935e+01,2.392027e+01,2.398115e+01,2.392027e+01,2.389996e+01,2.377807e+01,2.390673e+01,2.378484e+01,2.377129e+01,2.378484e+01,2.378484e+01,2.373740e+01,2.373062e+01,2.371706e+01,2.377129e+01,2.385935e+01,2.397439e+01,2.396762e+01,2.386612e+01,2.385935e+01,2.391350e+01,2.385935e+01,2.388643e+01,2.391350e+01,2.390673e+01,2.385258e+01,2.377129e+01,2.387966e+01,2.388643e+01,2.383226e+01,2.383226e+01,2.379839e+01,2.379162e+01,2.379162e+01,2.373062e+01,2.376451e+01,2.377129e+01,2.378484e+01,2.375096e+01,2.375096e+01,2.377807e+01,2.369672e+01,2.374418e+01,2.374418e+01,2.362210e+01,2.365602e+01,2.366281e+01,2.358816e+01,2.364246e+01,2.358816e+01,2.350667e+01,2.371028e+01,2.383903e+01,2.385258e+01,2.387289e+01,2.383903e+01,2.385258e+01,2.384581e+01,2.386612e+01,2.380517e+01,2.396762e+01,2.377129e+01,2.379162e+01,2.368316e+01,2.387966e+01,2.392027e+01,2.392027e+01,2.402848e+01,2.380517e+01,2.382549e+01,2.381194e+01,2.396762e+01,2.397439e+01,2.392027e+01,2.385258e+01,2.392027e+01,2.390673e+01,2.389996e+01,2.398115e+01,2.389996e+01,2.396086e+01,2.387966e+01,2.393380e+01,2.382549e+01,2.387289e+01,2.391350e+01,2.386612e+01,2.376451e+01,2.382549e+01,2.375774e+01,2.375096e+01,2.366959e+01,2.354742e+01,2.352705e+01,2.352026e+01,2.401496e+01,2.558507e+01,2.358138e+01,2.264708e+01,2.249625e+01,2.250311e+01,2.243448e+01,2.249625e+01,2.249625e+01,2.251683e+01,2.250997e+01,2.237268e+01,2.255112e+01,2.253741e+01,2.246194e+01,2.263337e+01,2.277032e+01,2.291391e+01,2.337070e+01,2.492367e+01,2.477612e+01,2.388643e+01,2.347949e+01,2.412983e+01,2.391350e+01,2.339111e+01,2.335029e+01,2.341831e+01,2.273610e+01,2.244821e+01,2.235207e+01,2.292757e+01,2.341151e+01,2.345910e+01,2.324137e+01,2.345910e+01,2.280452e+01,2.272241e+01,2.264708e+01,2.301635e+01,2.274294e+01,2.278400e+01,2.320049e+01,2.231771e+01,2.213886e+01,2.218016e+01,2.232458e+01,2.233833e+01,2.233833e+01,2.226959e+01,2.305048e+01,2.318005e+01,2.329585e+01,2.306412e+01,2.302318e+01,2.332988e+01,2.293440e+01,2.249625e+01,2.346590e+01,2.544512e+01,2.484992e+01,2.333668e+01,2.366281e+01,2.364924e+01,2.297539e+01,2.282504e+01,2.279084e+01,2.278400e+01,2.293440e+01,2.326861e+01,2.310505e+01,2.320731e+01,2.377129e+01,2.365602e+01,2.335029e+01,2.444001e+01,2.450732e+01,2.302318e+01,2.333668e+01,2.337070e+01,2.335710e+01,2.281136e+01,2.259911e+01,2.235894e+01,2.213886e+01,2.253741e+01,2.283188e+01,2.246194e+01,2.251683e+01,2.220769e+01,2.220769e+01,2.265392e+01,2.330946e+01,2.518472e+01,2.769510e+01,2.563168e+01,2.363567e+01,2.366959e+01,2.410281e+01,2.418384e+01,2.368316e+01,2.289341e+01,2.294807e+01,2.314597e+01,2.394733e+01,2.343191e+01,2.394057e+01,2.381872e+01,2.378484e+01,2.377129e+01,2.377807e+01,2.315278e+01,2.301635e+01,2.301635e+01,2.271556e+01,2.249625e+01,2.250997e+01,2.306412e+01,2.314597e+01,2.310505e+01,2.315960e+01,2.266078e+01,2.249625e+01,2.234520e+01,2.240702e+01,2.237268e+01,2.250997e+01,2.240702e+01,2.238642e+01,2.240015e+01,2.242762e+01,2.250997e+01,2.237268e+01,2.248252e+01,2.234520e+01,2.244135e+01,2.240702e+01,2.235894e+01,2.238642e+01,2.240015e+01,2.247566e+01,2.231771e+01,2.246880e+01,2.233146e+01,2.244821e+01,2.239328e+01,2.235207e+01,2.237955e+01,2.236581e+01,2.239328e+01,2.223520e+01,2.240015e+01,2.240015e+01,2.233833e+01,2.238642e+01,2.233833e+01,2.225584e+01,2.237955e+01,2.229709e+01,2.226271e+01,2.233146e+01,2.231084e+01,2.219393e+01,2.223520e+01,2.234520e+01,2.222145e+01,2.213198e+01,2.213198e+01,2.226271e+01,2.231771e+01,2.229709e+01,2.215263e+01,2.230396e+01,2.228334e+01,2.215263e+01,2.225584e+01,2.222833e+01,2.229709e+01,2.210443e+01,2.215263e+01,2.209066e+01,2.209755e+01,2.224896e+01,2.204932e+01,2.205621e+01,2.206310e+01,2.202176e+01,2.198729e+01,2.182167e+01,2.181476e+01,2.187000e+01,2.182167e+01,2.184929e+01,2.185620e+01,2.181476e+01,2.179404e+01,2.187691e+01,2.182167e+01,2.182858e+01,2.194591e+01,2.184239e+01,2.197349e+01,2.192521e+01,2.193901e+01,2.202176e+01,2.192521e+01,2.201486e+01,2.198729e+01,2.203554e+01,2.200797e+01,2.200797e+01,2.200797e+01,2.207688e+01,2.204932e+01,2.204932e+01,2.211132e+01,2.205621e+01,2.204932e+01,2.205621e+01,2.205621e+01,2.198729e+01,2.197349e+01,2.197349e+01,2.193901e+01,2.200797e+01,2.198729e+01,2.203554e+01,2.196660e+01,2.200107e+01,2.202865e+01,2.196660e+01,2.196660e+01,2.188381e+01,2.200107e+01,2.188381e+01,2.192521e+01,2.191831e+01,2.192521e+01,2.200107e+01,2.200107e+01,2.190451e+01,2.189761e+01,2.191831e+01,2.191831e+01,2.192521e+01,2.189761e+01,2.202865e+01,2.190451e+01,2.187691e+01,2.189071e+01,2.193211e+01,2.188381e+01,2.195280e+01,2.184239e+01,2.193901e+01,2.185620e+01,2.184929e+01,2.194591e+01,2.195280e+01,2.191141e+01,2.193211e+01,2.189071e+01,2.193211e+01,2.196660e+01,2.195280e+01,2.196660e+01,2.189071e+01,2.200797e+01,2.186310e+01,2.207688e+01,2.215952e+01,2.206999e+01,2.216640e+01,2.213198e+01,2.211132e+01,2.204932e+01,2.213198e+01,2.204932e+01,2.206310e+01,2.207688e+01,2.211132e+01,2.209066e+01,2.205621e+01,2.207688e+01,2.209066e+01,2.206310e+01,2.200797e+01,2.209066e+01,2.205621e+01,2.202865e+01,2.206999e+01,2.206310e+01,2.210443e+01,2.208377e+01,2.210443e+01,2.198729e+01,2.207688e+01,2.213198e+01,2.206999e+01,2.198729e+01,2.209066e+01,2.207688e+01,2.207688e+01,2.204932e+01,2.209066e+01,2.209066e+01,2.206310e+01,2.202865e+01,2.207688e+01,2.204243e+01,2.200107e+01,2.189071e+01,2.201486e+01,2.195280e+01,2.181476e+01,2.197349e+01,2.186310e+01,2.194591e+01,2.198729e+01,2.198039e+01,2.204243e+01,2.196660e+01,2.187691e+01,2.206999e+01,2.191831e+01,2.198729e+01,2.198729e+01,2.200107e+01,2.200107e+01,2.203554e+01,2.205621e+01,2.201486e+01,2.213198e+01,2.200797e+01,2.210443e+01,2.195280e+01,2.205621e+01,2.203554e+01,2.198729e+01,2.206310e+01,2.196660e+01,2.206999e+01,2.203554e+01,2.202865e+01,2.195280e+01,2.204243e+01,2.192521e+01,2.194591e+01,2.200797e+01,2.187691e+01,2.198039e+01,2.202865e+01,2.199418e+01,2.189761e+01,2.187691e+01,2.193211e+01,2.184929e+01,2.200107e+01,2.196660e+01,2.195280e+01,2.196660e+01,2.195970e+01,2.191831e+01,2.186310e+01,2.187000e+01,2.189761e+01,2.191831e+01,2.193901e+01,2.198039e+01,2.187000e+01,2.182858e+01,2.187691e+01,2.184929e+01,2.175949e+01,2.191831e+01,2.188381e+01,2.197349e+01,2.192521e+01,2.187000e+01,2.189071e+01,2.188381e+01,2.193901e+01,2.182167e+01,2.184929e+01,2.172494e+01,2.181476e+01,2.191141e+01,2.187691e+01,2.173185e+01,2.185620e+01,2.178022e+01,2.182858e+01,2.181476e+01,2.187691e+01,2.186310e+01,2.183548e+01,2.182858e+01,2.172494e+01,2.193901e+01,2.190451e+01,2.197349e+01,2.189761e+01,2.195970e+01,2.196660e+01,2.196660e+01,2.205621e+01,2.202865e+01,2.211132e+01,2.209755e+01,2.206310e+01,2.200107e+01,2.193901e+01,2.202865e+01,2.215263e+01,2.206999e+01,2.208377e+01,2.205621e+01,2.216640e+01,2.209066e+01,2.214575e+01,2.226271e+01,2.205621e+01,2.210443e+01,2.206999e+01,2.203554e+01,2.211132e+01,2.212509e+01,2.203554e+01,2.199418e+01,2.215952e+01,2.214575e+01,2.212509e+01,2.213886e+01,2.213886e+01,2.240015e+01,2.239328e+01,2.217328e+01,2.223520e+01,2.222145e+01,2.224208e+01,2.219393e+01,2.220769e+01,2.213198e+01,2.226271e+01,2.213198e+01,2.201486e+01,2.215952e+01,2.215952e+01,2.216640e+01,2.227647e+01,2.223520e+01,2.212509e+01
2.242075e+01,2.256483e+01,2.244135e+01,2.242075e+01,2.255112e+01,2.244135e+01,2.244821e+01,2.241389e+01,2.249625e+01,2.252369e+01,2.253741e+01,2.243448e+01,2.257854e+01,2.250997e+01,2.259225e+01,2.254426e+01,2.268817e+01,2.248939e+01,2.253741e+01,2.265392e+01,2.262652e+01,2.266078e+01,2.269502e+01,2.260596e+01,2.258540e+01,2.261967e+01,2.266078e+01,2.269502e+01,2.267447e+01,2.266763e+01,2.259225e+01,2.275663e+01,2.268132e+01,2.263337e+01,2.270871e+01,2.270187e+01,2.266763e+01,2.265392e+01,2.268132e+01,2.262652e+01,2.269502e+01,2.266763e+01,2.266763e+01,2.268132e+01,2.259911e+01,2.259225e+01,2.259225e+01,2.260596e+01,2.257169e+01,2.261967e+01,2.259225e+01,2.253741e+01,2.269502e+01,2.246880e+01,2.261967e+01,2.255112e+01,2.261967e+01,2.258540e+01,2.242075e+01,2.261282e+01,2.246194e+01,2.246880e+01,2.246880e+01,2.246880e+01,2.249625e+01,2.258540e+01,2.249625e+01,2.253741e+01,2.277716e+01,2.308459e+01,2.330265e+01,2.340471e+01,2.355421e+01,2.354742e+01,2.356779e+01,2.364924e+01,2.371028e+01,2.354742e+01,2.363567e+01,2.345910e+01,2.357458e+01,2.344551e+01,2.371028e+01,2.370350e+01,2.343871e+01,2.367638e+01,2.376451e+01,2.392027e+01,2.389320e+01,2.390673e+01,2.395410e+01,2.389996e+01,2.395410e+01,2.395410e+01,2.395410e+01,2.383226e+01,2.387966e+01,2.397439e+01,2.402172e+01,2.376451e+01,2.392703e+01,2.371706e+01,2.381194e+01,2.383903e+01,2.371706e+01,2.376451e+01,2.372384e+01,2.377129e+01,2.388643e+01,2.394057e+01,2.391350e+01,2.392703e+01,2.390673e+01,2.392027e+01,2.389996e+01,2.380517e+01,2.387289e+01,2.386612e+01,2.384581e+01,2.382549e+01,2.387289e+01,2.379162e+01,2.375774e+01,2.380517e+01,2.381872e+01,2.376451e+01,2.377129e+01,2.377807e+01,2.369672e+01,2.379162e+01,2.366959e+01,2.363567e+01,2.361531e+01,2.380517e+01,2.367638e+01,2.377129e+01,2.364246e+01,2.362210e+01,2.360853e+01,2.360853e+01,2.366281e+01,2.360853e+01,2.365602e+01,2.366959e+01,2.382549e+01,2.371028e+01,2.383903e+01,2.374418e+01,2.381872e+01,2.390673e+01,2.377129e+01,2.381872e+01,2.394057e+01,2.398115e+01,2.404200e+01,2.377807e+01,2.377807e+01,2.383903e+01,2.389320e+01,2.385935e+01,2.387289e+01,2.388643e+01,2.389996e+01,2.389320e+01,2.385935e+01,2.394733e+01,2.392027e+01,2.392027e+01,2.377129e+01,2.387289e+01,2.389320e+01,2.393380e+01,2.391350e+01,2.394057e+01,2.392027e+01,2.393380e+01,2.390673e+01,2.387289e+01,2.387966e+01,2.387289e+01,2.389320e+01,2.381194e+01,2.381872e+01,2.372384e+01,2.371706e+01,2.356779e+01,2.354063e+01,2.347949e+01,2.386612e+01,2.557175e+01,2.367638e+01,2.264708e+01,2.250311e+01,2.250997e+01,2.261967e+01,2.248939e+01,2.250311e+01,2.250997e+01,2.250997e+01,2.253741e+01,2.250997e+01,2.254426e+01,2.254426e+01,2.268132e+01,2.279768e+01,2.321412e+01,2.387289e+01,2.611653e+01,2.707304e+01,2.364924e+01,2.331627e+01,2.335710e+01,2.316642e+01,2.305730e+01,2.341831e+01,2.371706e+01,2.325499e+01,2.228334e+01,2.277716e+01,2.296856e+01,2.347949e+01,2.349308e+01,2.295490e+01,2.293440e+01,2.260596e+01,2.239328e+01,2.258540e+01,2.268817e+01,2.292757e+01,2.321412e+01,2.375774e+01,2.237955e+01,2.214575e+01,2.215952e+01,2.231771e+01,2.260596e+01,2.229022e+01,2.215263e+01,2.277716e+01,2.328223e+01,2.366959e+01,2.349308e+01,2.329585e+01,2.340471e+01,2.274978e+01,2.247566e+01,2.296856e+01,2.366281e+01,2.400820e+01,2.318686e+01,2.330265e+01,2.342511e+01,2.337751e+01,2.410956e+01,2.407579e+01,2.359495e+01,2.315278e+01,2.326180e+01,2.341831e+01,2.327542e+01,2.310505e+01,2.334349e+01,2.350667e+01,2.345910e+01,2.300953e+01,2.253741e+01,2.248939e+01,2.285239e+01,2.330265e+01,2.298221e+01,2.306412e+01,2.248252e+01,2.261282e+01,2.258540e+01,2.248252e+01,2.272241e+01,2.249625e+01,2.250997e+01,2.298221e+01,2.376451e+01,2.513791e+01,2.832006e+01,2.834602e+01,2.614965e+01,2.485663e+01,2.517803e+01,2.408930e+01,2.340471e+01,2.271556e+01,2.292757e+01,2.318686e+01,2.343191e+01,2.337070e+01,2.390673e+01,2.413658e+01,2.449386e+01,2.460148e+01,2.398791e+01,2.352705e+01,2.330265e+01,2.325499e+01,2.322093e+01,2.274978e+01,2.257854e+01,2.250997e+01,2.261282e+01,2.314597e+01,2.307777e+01,2.314597e+01,2.271556e+01,2.242075e+01,2.237955e+01,2.246880e+01,2.242762e+01,2.242075e+01,2.239328e+01,2.240702e+01,2.240702e+01,2.237268e+01,2.232458e+01,2.240015e+01,2.238642e+01,2.248939e+01,2.261282e+01,2.243448e+01,2.236581e+01,2.244135e+01,2.239328e+01,2.236581e+01,2.248252e+01,2.245507e+01,2.240015e+01,2.239328e+01,2.242075e+01,2.235894e+01,2.233833e+01,2.236581e+01,2.231084e+01,2.237955e+01,2.233833e+01,2.229709e+01,2.238642e+01,2.233146e+01,2.229022e+01,2.222145e+01,2.226271e+01,2.222833e+01,2.225584e+01,2.218016e+01,2.229709e+01,2.227647e+01,2.220769e+01,2.218016e+01,2.223520e+01,2.211821e+01,2.213886e+01,2.221457e+01,2.222145e+01,2.211821e+01,2.230396e+01,2.220081e+01,2.220081e+01,2.221457e+01,2.220081e+01,2.220081e+01,2.230396e+01,2.229022e+01,2.209755e+01,2.232458e+01,2.208377e+01,2.209755e+01,2.210443e+01,2.209755e+01,2.199418e+01,2.199418e+01,2.206999e+01,2.182858e+01,2.190451e+01,2.180095e+01,2.184239e+01,2.182167e+01,2.174567e+01,2.182167e+01,2.179404e+01,2.174567e+01,2.187000e+01,2.181476e+01,2.187000e+01,2.186310e+01,2.198729e+01,2.200107e+01,2.185620e+01,2.187691e+01,2.193211e+01,2.202865e+01,2.199418e+01,2.206999e+01,2.204932e+01,2.196660e+01,2.200107e+01,2.209755e+01,2.202865e+01,2.202865e+01,2.205621e+01,2.209066e+01,2.206310e+01,2.202176e+01,2.200797e+01,2.195970e+01,2.198039e+01,2.195970e+01,2.199418e+01,2.199418e+01,2.192521e+01,2.189071e+01,2.195970e+01,2.182858e+01,2.193211e+01,2.197349e+01,2.191831e+01,2.189071e+01,2.193211e+01,2.196660e+01,2.191141e+01,2.193901e+01,2.191141e+01,2.189761e+01,2.201486e+01,2.188381e+01,2.189761e+01,2.193211e+01,2.195970e+01,2.191831e+01,2.198729e+01,2.188381e+01,2.191141e+01,2.189071e+01,2.191141e+01,2.189761e+01,2.182858e+01,2.189071e+01,2.193211e+01,2.188381e+01,2.200797e+01,2.193211e+01,2.188381e+01,2.195970e+01,2.191831e+01,2.187691e+01,2.194591e+01,2.194591e+01,2.193901e+01,2.192521e+01,2.193211e+01,2.193211e+01,2.205621e+01,2.207688e+01,2.206999e+01,2.204243e+01,2.215952e+01,2.217328e+01,2.204243e+01,2.218016e+01,2.203554e+01,2.204932e+01,2.206999e+01,2.218705e+01,2.209755e+01,2.206310e+01,2.209066e+01,2.210443e+01,2.213886e+01,2.204243e+01,2.211132e+01,2.202865e+01,2.200107e+01,2.203554e+01,2.209066e+01,2.212509e+01,2.215263e+01,2.206310e+01,2.213886e+01,2.211821e+01,2.211821e+01,2.198039e+01,2.210443e+01,2.203554e+01,2.208377e+01,2.206999e+01,2.205621e+01,2.204932e+01,2.211132e+01,2.199418e+01,2.211132e+01,2.206999e+01,2.206310e+01,2.204243e+01,2.209066e+01,2.200107e+01,2.194591e+01,2.192521e+01,2.191141e+01,2.195280e+01,2.199418e+01,2.191831e+01,2.194591e+01,2.202176e+01,2.187691e+01,2.193901e+01,2.197349e+01,2.204243e+01,2.184239e+01,2.200797e+01,2.193211e+01,2.202176e+01,2.200797e+01,2.204932e+01,2.193901e+01,2.208377e+01,2.201486e+01,2.207688e+01,2.200797e+01,2.205621e+01,2.196660e+01,2.203554e+01,2.204243e+01,2.193211e+01,2.204243e+01,2.215263e+01,2.205621e+01,2.195280e+01,2.194591e+01,2.195970e+01,2.202176e+01,2.212509e+01,2.195970e+01,2.199418e+01,2.198729e+01,2.189761e+01,2.188381e+01,2.197349e+01,2.181476e+01,2.188381e+01,2.198039e+01,2.201486e+01,2.197349e+01,2.196660e+01,2.195970e+01,2.192521e+01,2.191831e+01,2.191141e+01,2.188381e+01,2.190451e+01,2.197349e+01,2.194591e+01,2.184929e+01,2.185620e+01,2.185620e+01,2.184929e+01,2.182167e+01,2.183548e+01,2.189761e+01,2.187691e+01,2.198039e+01,2.189071e+01,2.195280e+01,2.194591e+01,2.189071e+01,2.189071e+01,2.190451e+01,2.187691e+01,2.189071e+01,2.182858e+01,2.196660e+01,2.175258e+01,2.187000e+01,2.185620e+01,2.171111e+01,2.184239e+01,2.186310e+01,2.187000e+01,2.172494e+01,2.187000e+01,2.173185e+01,2.185620e+01,2.191831e+01,2.185620e+01,2.193211e+01,2.184929e+01,2.184239e+01,2.202865e+01,2.184929e+01,2.208377e+01,2.200107e+01,2.204243e+01,2.201486e+01,2.204932e+01,2.200797e+01,2.203554e+01,2.198039e+01,2.204243e+01,2.193211e+01,2.211132e+01,2.206999e+01,2.217328e+01,2.214575e+01,2.202865e+01,2.200797e+01,2.208377e+01,2.202865e+01,2.198039e+01,2.202865e+01,2.203554e+01,2.194591e+01,2.210443e+01,2.206999e+01,2.213886e+01,2.207688e+01,2.211821e+01,2.202176e+01,2.209755e+01,2.215263e+01,2.206999e+01,2.215263e+01,2.219393e+01,2.221457e+01,2.222145e+01,2.222145e+01,2.204243e+01,2.213198e+01,2.211132e+01,2.209755e+01,2.224896e+01,2.223520e+01,2.214575e+01,2.220769e+01,2.219393e+01,2.221457e+01,2.210443e+01,2.220081e+01
2.258540e+01,2.253741e+01,2.247566e+01,2.256483e+01,2.269502e+01,2.248252e+01,2.248939e+01,2.248939e+01,2.251683e+01,2.255798e+01,2.259225e+01,2.253741e+01,2.255798e+01,2.250311e+01,2.255112e+01,2.270871e+01,2.251683e+01,2.255112e+01,2.268817e+01,2.260596e+01,2.261967e+01,2.258540e+01,2.260596e+01,2.258540e+01,2.263337e+01,2.264022e+01,2.266078e+01,2.274294e+01,2.259911e+01,2.265392e+01,2.268817e+01,2.264022e+01,2.268132e+01,2.279768e+01,2.268132e+01,2.277032e+01,2.270187e+01,2.268132e+01,2.264022e+01,2.264708e+01,2.266763e+01,2.270871e+01,2.272241e+01,2.266763e+01,2.259911e+01,2.263337e+01,2.270871e+01,2.258540e+01,2.255798e+01,2.256483e+01,2.261282e+01,2.266763e+01,2.248252e+01,2.247566e+01,2.246194e+01,2.253055e+01,2.258540e+01,2.259225e+01,2.247566e+01,2.254426e+01,2.252369e+01,2.250997e+01,2.245507e+01,2.254426e+01,2.246880e+01,2.249625e+01,2.253741e+01,2.259911e+01,2.264708e+01,2.280452e+01,2.309141e+01,2.337070e+01,2.350667e+01,2.345230e+01,2.351346e+01,2.364924e+01,2.361531e+01,2.369672e+01,2.358816e+01,2.358816e+01,2.363567e+01,2.345910e+01,2.366959e+01,2.345910e+01,2.373062e+01,2.368316e+01,2.371706e+01,2.371706e+01,2.388643e+01,2.386612e+01,2.394733e+01,2.387289e+01,2.401496e+01,2.395410e+01,2.397439e+01,2.401496e+01,2.396086e+01,2.389996e+01,2.400820e+01,2.387966e+01,2.400820e+01,2.396086e+01,2.377807e+01,2.373740e+01,2.373740e+01,2.385258e+01,2.373062e+01,2.375774e+01,2.381194e+01,2.386612e+01,2.389996e+01,2.394057e+01,2.381194e+01,2.390673e+01,2.396762e+01,2.392703e+01,2.398115e+01,2.394057e+01,2.386612e+01,2.387289e+01,2.385935e+01,2.385935e+01,2.377807e+01,2.381194e+01,2.375774e+01,2.372384e+01,2.375096e+01,2.381872e+01,2.370350e+01,2.377129e+01,2.381872e+01,2.363567e+01,2.361531e+01,2.364246e+01,2.366281e+01,2.372384e+01,2.366959e+01,2.361531e+01,2.356101e+01,2.362210e+01,2.367638e+01,2.370350e+01,2.366281e+01,2.366959e+01,2.365602e+01,2.372384e+01,2.383903e+01,2.383903e+01,2.381194e+01,2.379839e+01,2.371028e+01,2.379839e+01,2.384581e+01,2.382549e+01,2.383226e+01,2.380517e+01,2.385258e+01,2.382549e+01,2.393380e+01,2.380517e+01,2.393380e+01,2.385935e+01,2.389320e+01,2.388643e+01,2.389320e+01,2.402848e+01,2.388643e+01,2.387966e+01,2.393380e+01,2.394733e+01,2.392027e+01,2.400820e+01,2.388643e+01,2.392703e+01,2.388643e+01,2.387289e+01,2.386612e+01,2.392703e+01,2.385935e+01,2.383226e+01,2.385935e+01,2.377129e+01,2.379162e+01,2.374418e+01,2.373062e+01,2.355421e+01,2.353384e+01,2.346590e+01,2.402848e+01,2.565831e+01,2.357458e+01,2.257854e+01,2.246880e+01,2.249625e+01,2.251683e+01,2.250311e+01,2.242762e+01,2.248939e+01,2.254426e+01,2.255798e+01,2.251683e+01,2.245507e+01,2.262652e+01,2.256483e+01,2.268817e+01,2.319368e+01,2.398115e+01,2.669806e+01,2.641430e+01,2.329585e+01,2.277032e+01,2.274978e+01,2.264022e+01,2.269502e+01,2.341151e+01,2.351346e+01,2.337751e+01,2.244135e+01,2.279768e+01,2.327542e+01,2.351346e+01,2.356101e+01,2.287974e+01,2.280452e+01,2.297539e+01,2.235894e+01,2.248939e+01,2.309141e+01,2.385258e+01,2.396086e+01,2.322093e+01,2.238642e+01,2.257169e+01,2.227647e+01,2.255112e+01,2.285923e+01,2.245507e+01,2.215263e+01,2.231084e+01,2.318686e+01,2.338431e+01,2.270871e+01,2.274978e+01,2.319368e+01,2.286607e+01,2.244135e+01,2.292757e+01,2.348629e+01,2.356101e+01,2.342511e+01,2.309823e+01,2.402848e+01,2.470227e+01,2.664532e+01,2.659256e+01,2.555843e+01,2.374418e+01,2.417709e+01,2.445347e+01,2.376451e+01,2.309823e+01,2.332988e+01,2.406903e+01,2.339791e+01,2.298904e+01,2.285239e+01,2.224896e+01,2.255798e+01,2.334349e+01,2.306412e+01,2.396762e+01,2.351346e+01,2.261967e+01,2.247566e+01,2.266763e+01,2.268132e+01,2.265392e+01,2.312551e+01,2.426480e+01,2.579133e+01,2.665851e+01,2.930224e+01,3.049854e+01,2.924433e+01,2.531834e+01,2.324818e+01,2.296173e+01,2.285923e+01,2.273610e+01,2.314597e+01,2.354063e+01,2.356101e+01,2.356101e+01,2.468884e+01,2.498397e+01,2.583120e+01,2.625559e+01,2.417034e+01,2.358816e+01,2.328904e+01,2.328223e+01,2.322775e+01,2.278400e+01,2.260596e+01,2.250311e+01,2.254426e+01,2.300953e+01,2.317323e+01,2.298904e+01,2.229709e+01,2.231771e+01,2.252369e+01,2.242075e+01,2.254426e+01,2.241389e+01,2.241389e+01,2.241389e+01,2.239328e+01,2.231771e+01,2.233146e+01,2.238642e+01,2.242075e+01,2.238642e+01,2.235894e+01,2.238642e+01,2.237955e+01,2.235207e+01,2.233146e+01,2.237268e+01,2.240015e+01,2.233833e+01,2.233833e+01,2.236581e+01,2.242762e+01,2.240702e+01,2.238642e+01,2.237955e+01,2.238642e+01,2.237268e+01,2.238642e+01,2.238642e+01,2.229022e+01,2.229022e+01,2.227647e+01,2.230396e+01,2.221457e+01,2.229709e+01,2.226959e+01,2.224896e+01,2.220769e+01,2.230396e+01,2.218016e+01,2.218705e+01,2.218705e+01,2.223520e+01,2.220081e+01,2.210443e+01,2.231771e+01,2.230396e+01,2.221457e+01,2.220081e+01,2.211821e+01,2.231084e+01,2.224896e+01,2.222833e+01,2.227647e+01,2.228334e+01,2.224896e+01,2.211821e+01,2.231084e+01,2.209066e+01,2.206310e+01,2.211132e+01,2.200797e+01,2.213198e+01,2.202176e+01,2.200107e+01,2.182167e+01,2.190451e+01,2.185620e+01,2.172494e+01,2.180786e+01,2.171802e+01,2.179404e+01,2.177332e+01,2.169037e+01,2.177332e+01,2.184239e+01,2.184239e+01,2.195280e+01,2.191831e+01,2.198729e+01,2.204243e+01,2.198039e+01,2.200107e+01,2.210443e+01,2.207688e+01,2.201486e+01,2.198039e+01,2.206999e+01,2.209066e+01,2.211132e+01,2.193211e+01,2.200797e+01,2.191141e+01,2.207688e+01,2.198039e+01,2.193211e+01,2.197349e+01,2.196660e+01,2.203554e+01,2.198729e+01,2.196660e+01,2.187000e+01,2.205621e+01,2.191831e+01,2.196660e+01,2.194591e+01,2.188381e+01,2.193901e+01,2.196660e+01,2.199418e+01,2.189071e+01,2.191141e+01,2.189761e+01,2.195970e+01,2.198039e+01,2.197349e+01,2.187691e+01,2.188381e+01,2.195970e+01,2.191141e+01,2.192521e+01,2.190451e+01,2.188381e+01,2.189071e+01,2.188381e+01,2.186310e+01,2.192521e+01,2.193211e+01,2.194591e+01,2.189761e+01,2.183548e+01,2.189761e+01,2.200107e+01,2.202176e+01,2.202865e+01,2.195280e+01,2.185620e+01,2.187000e+01,2.197349e+01,2.197349e+01,2.197349e+01,2.201486e+01,2.202865e+01,2.198039e+01,2.191831e+01,2.217328e+01,2.198729e+01,2.212509e+01,2.204932e+01,2.225584e+01,2.212509e+01,2.211821e+01,2.206310e+01,2.214575e+01,2.213198e+01,2.207688e+01,2.215263e+01,2.217328e+01,2.206310e+01,2.206999e+01,2.213886e+01,2.201486e+01,2.203554e+01,2.200797e+01,2.204932e+01,2.209066e+01,2.204932e+01,2.213198e+01,2.213198e+01,2.210443e+01,2.211132e+01,2.212509e+01,2.208377e+01,2.213886e+01,2.208377e+01,2.205621e+01,2.206999e+01,2.207688e+01,2.205621e+01,2.204243e+01,2.195970e+01,2.193901e+01,2.202865e+01,2.206310e+01,2.206310e+01,2.203554e+01,2.189761e+01,2.209066e+01,2.197349e+01,2.184239e+01,2.200797e+01,2.198039e+01,2.189761e+01,2.187000e+01,2.198729e+01,2.191831e+01,2.198039e+01,2.186310e+01,2.203554e+01,2.201486e+01,2.188381e+01,2.188381e+01,2.198729e+01,2.196660e+01,2.191831e+01,2.190451e+01,2.204243e+01,2.195970e+01,2.198729e+01,2.198729e+01,2.210443e+01,2.210443e+01,2.198039e+01,2.208377e+01,2.204243e+01,2.204243e+01,2.200107e+01,2.197349e+01,2.196660e+01,2.204932e+01,2.200107e+01,2.200107e+01,2.200107e+01,2.196660e+01,2.195970e+01,2.197349e+01,2.194591e+01,2.184929e+01,2.196660e+01,2.184929e+01,2.185620e+01,2.197349e+01,2.183548e+01,2.178713e+01,2.196660e+01,2.187691e+01,2.194591e+01,2.195280e+01,2.193901e+01,2.198039e+01,2.193901e+01,2.191141e+01,2.190451e+01,2.189071e+01,2.185620e+01,2.185620e+01,2.200797e+01,2.184929e+01,2.187691e+01,2.195280e+01,2.188381e+01,2.175258e+01,2.189761e+01,2.188381e+01,2.173185e+01,2.180786e+01,2.190451e+01,2.188381e+01,2.186310e+01,2.180095e+01,2.193211e+01,2.199418e+01,2.198729e+01,2.189071e+01,2.191141e+01,2.189761e+01,2.187000e+01,2.187000e+01,2.187691e+01,2.185620e+01,2.187691e+01,2.184239e+01,2.182858e+01,2.197349e+01,2.191831e+01,2.202176e+01,2.188381e+01,2.204243e+01,2.202865e+01,2.211132e+01,2.196660e+01,2.198729e+01,2.213886e+01,2.208377e+01,2.215263e+01,2.201486e+01,2.206310e+01,2.201486e+01,2.198039e+01,2.204243e+01,2.195280e+01,2.174567e+01,2.196660e+01,2.202176e+01,2.206999e+01,2.183548e+01,2.204932e+01,2.203554e+01,2.196660e+01,2.195970e+01,2.211821e+01,2.211821e+01,2.209066e+01,2.212509e+01,2.211132e+01,2.192521e+01,2.215263e+01,2.207688e+01,2.206310e+01,2.215952e+01,2.213198e+01,2.218016e+01,2.218705e+01,2.220081e+01,2.223520e+01,2.210443e+01,2.206999e+01,2.207688e+01,2.206999e+01,2.207688e+01,2.228334e+01,2.217328e+01,2.226271e+01,2.224208e+01,2.221457e+01,2.221457e+01,2.218705e+01,2.218705e+01
2.258540e+01,2.248939e+01,2.262652e+01,2.259225e+01,2.250997e+01,2.256483e+01,2.248252e+01,2.248252e+01,2.250311e+01,2.254426e+01,2.261967e+01,2.255112e+01,2.257854e+01,2.263337e+01,2.270187e+01,2.266078e+01,2.255112e+01,2.270871e+01,2.258540e+01,2.268132e+01,2.270871e+01,2.266078e+01,2.255798e+01,2.279084e+01,2.259225e+01,2.266078e+01,2.264708e+01,2.268132e+01,2.266763e+01,2.279084e+01,2.270871e+01,2.278400e+01,2.257854e+01,2.278400e+01,2.264022e+01,2.268817e+01,2.272241e+01,2.281136e+01,2.265392e+01,2.269502e+01,2.266078e+01,2.264022e+01,2.268817e+01,2.257854e+01,2.264708e+01,2.256483e+01,2.262652e+01,2.257169e+01,2.257169e+01,2.258540e+01,2.248939e+01,2.249625e+01,2.250311e+01,2.250311e+01,2.243448e+01,2.250311e+01,2.257854e+01,2.259911e+01,2.262652e+01,2.260596e+01,2.260596e+01,2.258540e+01,2.247566e+01,2.250997e+01,2.255798e+01,2.258540e+01,2.257169e+01,2.261967e+01,2.283188e+01,2.292074e+01,2.306412e+01,2.338431e+01,2.339791e+01,2.349308e+01,2.357458e+01,2.370350e+01,2.353384e+01,2.354742e+01,2.347949e+01,2.359495e+01,2.347269e+01,2.343871e+01,2.372384e+01,2.362889e+01,2.368994e+01,2.368994e+01,2.375774e+01,2.380517e+01,2.393380e+01,2.389320e+01,2.401496e+01,2.398791e+01,2.398115e+01,2.401496e+01,2.394057e+01,2.388643e+01,2.404876e+01,2.382549e+01,2.400144e+01,2.404200e+01,2.390673e+01,2.380517e+01,2.379162e+01,2.366959e+01,2.376451e+01,2.377807e+01,2.376451e+01,2.383226e+01,2.384581e+01,2.387966e+01,2.387966e+01,2.391350e+01,2.396086e+01,2.391350e+01,2.389320e+01,2.395410e+01,2.383226e+01,2.387289e+01,2.385258e+01,2.402172e+01,2.384581e+01,2.389320e+01,2.389320e+01,2.368316e+01,2.387966e+01,2.367638e+01,2.375096e+01,2.370350e+01,2.378484e+01,2.378484e+01,2.372384e+01,2.384581e+01,2.364924e+01,2.366281e+01,2.367638e+01,2.365602e+01,2.363567e+01,2.367638e+01,2.380517e+01,2.359495e+01,2.358816e+01,2.364924e+01,2.368994e+01,2.367638e+01,2.375096e+01,2.368994e+01,2.368994e+01,2.386612e+01,2.375774e+01,2.388643e+01,2.387289e+01,2.379839e+01,2.379162e+01,2.375774e+01,2.387966e+01,2.383226e+01,2.392703e+01,2.383226e+01,2.383903e+01,2.393380e+01,2.396086e+01,2.396086e+01,2.394057e+01,2.392027e+01,2.394057e+01,2.385258e+01,2.402848e+01,2.384581e+01,2.380517e+01,2.384581e+01,2.382549e+01,2.394057e+01,2.393380e+01,2.385935e+01,2.396086e+01,2.390673e+01,2.392703e+01,2.388643e+01,2.390673e+01,2.387966e+01,2.391350e+01,2.385258e+01,2.370350e+01,2.358816e+01,2.368316e+01,2.347269e+01,2.349308e+01,2.341831e+01,2.398115e+01,2.563168e+01,2.364246e+01,2.261967e+01,2.255112e+01,2.253055e+01,2.243448e+01,2.249625e+01,2.246194e+01,2.254426e+01,2.248252e+01,2.246194e+01,2.255798e+01,2.255798e+01,2.253055e+01,2.253741e+01,2.282504e+01,2.316642e+01,2.388643e+01,2.671782e+01,2.544512e+01,2.312551e+01,2.295490e+01,2.259225e+01,2.262652e+01,2.257854e+01,2.320049e+01,2.345910e+01,2.374418e+01,2.332988e+01,2.284555e+01,2.282504e+01,2.346590e+01,2.314597e+01,2.281820e+01,2.288657e+01,2.287290e+01,2.270871e+01,2.255798e+01,2.412983e+01,2.644073e+01,2.603035e+01,2.322093e+01,2.259225e+01,2.328904e+01,2.264022e+01,2.305048e+01,2.389996e+01,2.343191e+01,2.246880e+01,2.226959e+01,2.250997e+01,2.274978e+01,2.254426e+01,2.271556e+01,2.300270e+01,2.268817e+01,2.250997e+01,2.347949e+01,2.356779e+01,2.348629e+01,2.364246e+01,2.315278e+01,2.413658e+01,2.389996e+01,2.458131e+01,2.523151e+01,2.535172e+01,2.445347e+01,2.450059e+01,2.505762e+01,2.314597e+01,2.277716e+01,2.466868e+01,2.597728e+01,2.363567e+01,2.375096e+01,2.459475e+01,2.281136e+01,2.282504e+01,2.377807e+01,2.330946e+01,2.379162e+01,2.316642e+01,2.289341e+01,2.265392e+01,2.330946e+01,2.266078e+01,2.256483e+01,2.289341e+01,2.298904e+01,2.468884e+01,2.640108e+01,2.986043e+01,3.110132e+01,2.934082e+01,2.410281e+01,2.279084e+01,2.281136e+01,2.286607e+01,2.316642e+01,2.298904e+01,2.315278e+01,2.332988e+01,2.332988e+01,2.394057e+01,2.462164e+01,2.664532e+01,2.733540e+01,2.525155e+01,2.371706e+01,2.307777e+01,2.300953e+01,2.322775e+01,2.292074e+01,2.258540e+01,2.259225e+01,2.259225e+01,2.294123e+01,2.312551e+01,2.256483e+01,2.234520e+01,2.231084e+01,2.236581e+01,2.240702e+01,2.242762e+01,2.240702e+01,2.245507e+01,2.238642e+01,2.242075e+01,2.240702e+01,2.244821e+01,2.238642e+01,2.234520e+01,2.240702e+01,2.240015e+01,2.241389e+01,2.238642e+01,2.237268e+01,2.248252e+01,2.244821e+01,2.229022e+01,2.228334e+01,2.236581e+01,2.233833e+01,2.239328e+01,2.242075e+01,2.227647e+01,2.238642e+01,2.235894e+01,2.235894e+01,2.232458e+01,2.233833e+01,2.234520e+01,2.234520e+01,2.229022e+01,2.226959e+01,2.229709e+01,2.226959e+01,2.224208e+01,2.229022e+01,2.229022e+01,2.221457e+01,2.224896e+01,2.218705e+01,2.220769e+01,2.218016e+01,2.213198e+01,2.220769e+01,2.215263e+01,2.218016e+01,2.219393e+01,2.216640e+01,2.225584e+01,2.226959e+01,2.214575e+01,2.220081e+01,2.232458e+01,2.232458e+01,2.222833e+01,2.210443e+01,2.210443e+01,2.212509e+01,2.217328e+01,2.198729e+01,2.202176e+01,2.204932e+01,2.203554e+01,2.204243e+01,2.189761e+01,2.170420e+01,2.187000e+01,2.184239e+01,2.177332e+01,2.200797e+01,2.184929e+01,2.178713e+01,2.176641e+01,2.180786e+01,2.182858e+01,2.183548e+01,2.184929e+01,2.193211e+01,2.202865e+01,2.194591e+01,2.194591e+01,2.209066e+01,2.198729e+01,2.198039e+01,2.200797e+01,2.206999e+01,2.194591e+01,2.209066e+01,2.209755e+01,2.201486e+01,2.195280e+01,2.202176e+01,2.195970e+01,2.196660e+01,2.194591e+01,2.196660e+01,2.197349e+01,2.196660e+01,2.196660e+01,2.199418e+01,2.199418e+01,2.198729e+01,2.193211e+01,2.181476e+01,2.178713e+01,2.198729e+01,2.189071e+01,2.190451e+01,2.195970e+01,2.200107e+01,2.187000e+01,2.188381e+01,2.197349e+01,2.185620e+01,2.188381e+01,2.191831e+01,2.193211e+01,2.195970e+01,2.191141e+01,2.191141e+01,2.188381e+01,2.196660e+01,2.187691e+01,2.187691e+01,2.190451e+01,2.202865e+01,2.192521e+01,2.195970e+01,2.187691e+01,2.189071e+01,2.180786e+01,2.202865e+01,2.181476e+01,2.193901e+01,2.193901e+01,2.190451e+01,2.193211e+01,2.196660e+01,2.195970e+01,2.201486e+01,2.203554e+01,2.201486e+01,2.195970e+01,2.198729e+01,2.202176e+01,2.199418e+01,2.214575e+01,2.210443e+01,2.210443e+01,2.219393e+01,2.220769e+01,2.218705e+01,2.208377e+01,2.202865e+01,2.213886e+01,2.216640e+01,2.215952e+01,2.211132e+01,2.211821e+01,2.211821e+01,2.211821e+01,2.203554e+01,2.207688e+01,2.204932e+01,2.207688e+01,2.218016e+01,2.211821e+01,2.209755e+01,2.200797e+01,2.222145e+01,2.205621e+01,2.207688e+01,2.203554e+01,2.213886e+01,2.211821e+01,2.208377e+01,2.204243e+01,2.208377e+01,2.207688e+01,2.209066e+01,2.205621e+01,2.211821e+01,2.207688e+01,2.206310e+01,2.203554e+01,2.204932e+01,2.204243e+01,2.193211e+01,2.187000e+01,2.205621e+01,2.202176e+01,2.194591e+01,2.200797e+01,2.201486e+01,2.189071e+01,2.198729e+01,2.198039e+01,2.185620e+01,2.186310e+01,2.201486e+01,2.187691e+01,2.205621e+01,2.202176e+01,2.198039e+01,2.196660e+01,2.204932e+01,2.201486e+01,2.195280e+01,2.198039e+01,2.206310e+01,2.199418e+01,2.203554e+01,2.203554e+01,2.196660e+01,2.187691e+01,2.202176e+01,2.196660e+01,2.204932e+01,2.204932e+01,2.202176e+01,2.194591e+01,2.198039e+01,2.199418e+01,2.193211e+01,2.195280e+01,2.196660e+01,2.196660e+01,2.195970e+01,2.197349e+01,2.194591e+01,2.193901e+01,2.200107e+01,2.198729e+01,2.178713e+01,2.193901e+01,2.191141e+01,2.195970e+01,2.196660e+01,2.198729e+01,2.185620e+01,2.189761e+01,2.195280e+01,2.193901e+01,2.193211e+01,2.183548e+01,2.181476e+01,2.182167e+01,2.182167e+01,2.191831e+01,2.188381e+01,2.195280e+01,2.175258e+01,2.185620e+01,2.189761e+01,2.183548e+01,2.187691e+01,2.204932e+01,2.186310e+01,2.191141e+01,2.210443e+01,2.191141e+01,2.185620e+01,2.187691e+01,2.190451e+01,2.182167e+01,2.184929e+01,2.174567e+01,2.189071e+01,2.189761e+01,2.189761e+01,2.195970e+01,2.192521e+01,2.200797e+01,2.199418e+01,2.198039e+01,2.187691e+01,2.189761e+01,2.191831e+01,2.189761e+01,2.200797e+01,2.206999e+01,2.224208e+01,2.215952e+01,2.206310e+01,2.200797e+01,2.203554e+01,2.199418e+01,2.200797e+01,2.196660e+01,2.195970e+01,2.189761e+01,2.197349e+01,2.200797e+01,2.206999e+01,2.210443e+01,2.200797e+01,2.209755e+01,2.211821e+01,2.192521e+01,2.203554e+01,2.209066e+01,2.204932e+01,2.202176e+01,2.204932e+01,2.195970e+01,2.217328e+01,2.207688e+01,2.215952e+01,2.215952e+01,2.217328e+01,2.217328e+01,2.207688e+01,2.219393e+01,2.215952e+01,2.216640e+01,2.206310e+01,2.213886e+01,2.222833e+01,2.222145e+01,2.212509e+01,2.213198e+01,2.223520e+01,2.205621e+01,2.222145e+01,2.221457e+01,2.227647e+01,2.220081e+01
2.253055e+01,2.250997e+01,2.260596e+01,2.248939e+01,2.251683e+01,2.250997e+01,2.243448e+01,2.249625e+01,2.259225e+01,2.251683e+01,2.251683e+01,2.253055e+01,2.242075e+01,2.257854e+01,2.253055e+01,2.252369e+01,2.257169e+01,2.260596e+01,2.258540e+01,2.266763e+01,2.259911e+01,2.256483e+01,2.259225e+01,2.257854e+01,2.255798e+01,2.271556e+01,2.270871e+01,2.268132e+01,2.272241e+01,2.274294e+01,2.270871e+01,2.266078e+01,2.263337e+01,2.272925e+01,2.261967e+01,2.257854e+01,2.277032e+01,2.266763e+01,2.266078e+01,2.261967e+01,2.262652e+01,2.261967e+01,2.253055e+01,2.268817e+01,2.261967e+01,2.246880e+01,2.261967e+01,2.271556e+01,2.259911e+01,2.255798e+01,2.253741e+01,2.255112e+01,2.250997e+01,2.257854e+01,2.248252e+01,2.257854e+01,2.245507e+01,2.250311e+01,2.252369e+01,2.256483e+01,2.245507e+01,2.246880e+01,2.255798e+01,2.249625e+01,2.254426e+01,2.251683e+01,2.253055e+01,2.259225e+01,2.264022e+01,2.298904e+01,2.299587e+01,2.311187e+01,2.349988e+01,2.349308e+01,2.343191e+01,2.339111e+01,2.355421e+01,2.349308e+01,2.352026e+01,2.331627e+01,2.356779e+01,2.356779e+01,2.346590e+01,2.366959e+01,2.365602e+01,2.366959e+01,2.373740e+01,2.371706e+01,2.390673e+01,2.396762e+01,2.387289e+01,2.389320e+01,2.390673e+01,2.391350e+01,2.394733e+01,2.398791e+01,2.371028e+01,2.392027e+01,2.384581e+01,2.387289e+01,2.377129e+01,2.382549e+01,2.382549e+01,2.382549e+01,2.376451e+01,2.377129e+01,2.373740e+01,2.372384e+01,2.391350e+01,2.391350e+01,2.394057e+01,2.387289e+01,2.389996e+01,2.376451e+01,2.377807e+01,2.378484e+01,2.394057e+01,2.398791e+01,2.383903e+01,2.381194e+01,2.381194e+01,2.387966e+01,2.385935e+01,2.375096e+01,2.378484e+01,2.385935e+01,2.379839e+01,2.378484e+01,2.376451e+01,2.383226e+01,2.364924e+01,2.379839e+01,2.370350e+01,2.368994e+01,2.371028e+01,2.367638e+01,2.363567e+01,2.358138e+01,2.368316e+01,2.366959e+01,2.366281e+01,2.366281e+01,2.354063e+01,2.372384e+01,2.369672e+01,2.367638e+01,2.369672e+01,2.374418e+01,2.375096e+01,2.375096e+01,2.389320e+01,2.373062e+01,2.386612e+01,2.379839e+01,2.379162e+01,2.381872e+01,2.383903e+01,2.389996e+01,2.389996e+01,2.394057e+01,2.379839e+01,2.378484e+01,2.387289e+01,2.392703e+01,2.385935e+01,2.389996e+01,2.388643e+01,2.389996e+01,2.393380e+01,2.392703e+01,2.389996e+01,2.386612e+01,2.383903e+01,2.397439e+01,2.395410e+01,2.388643e+01,2.392027e+01,2.391350e+01,2.388643e+01,2.389320e+01,2.388643e+01,2.384581e+01,2.370350e+01,2.368316e+01,2.356101e+01,2.356101e+01,2.345230e+01,2.335710e+01,2.407579e+01,2.553178e+01,2.356779e+01,2.259911e+01,2.258540e+01,2.245507e+01,2.248939e+01,2.244135e+01,2.241389e+01,2.242762e+01,2.248939e+01,2.246194e+01,2.253055e+01,2.235894e+01,2.254426e+01,2.253055e+01,2.282504e+01,2.315960e+01,2.387966e+01,2.595073e+01,2.387289e+01,2.300270e+01,2.324137e+01,2.268817e+01,2.258540e+01,2.261967e+01,2.289341e+01,2.337070e+01,2.375096e+01,2.420408e+01,2.282504e+01,2.280452e+01,2.313233e+01,2.326861e+01,2.366281e+01,2.354063e+01,2.341151e+01,2.309141e+01,2.307095e+01,2.471570e+01,2.644073e+01,2.393380e+01,2.298904e+01,2.296173e+01,2.323456e+01,2.303000e+01,2.407579e+01,2.478954e+01,2.307095e+01,2.281136e+01,2.249625e+01,2.252369e+01,2.274978e+01,2.275663e+01,2.293440e+01,2.301635e+01,2.286607e+01,2.309823e+01,2.398115e+01,2.375096e+01,2.343871e+01,2.345910e+01,2.364246e+01,2.441981e+01,2.397439e+01,2.409605e+01,2.523151e+01,2.659256e+01,2.597064e+01,2.421758e+01,2.309823e+01,2.252369e+01,2.267447e+01,2.339111e+01,2.362210e+01,2.281820e+01,2.281820e+01,2.303000e+01,2.247566e+01,2.343191e+01,2.538509e+01,2.326180e+01,2.345230e+01,2.350667e+01,2.333668e+01,2.343191e+01,2.410281e+01,2.299587e+01,2.245507e+01,2.241389e+01,2.271556e+01,2.282504e+01,2.407579e+01,2.832006e+01,3.048581e+01,2.868942e+01,2.401496e+01,2.281820e+01,2.290024e+01,2.282504e+01,2.298221e+01,2.304365e+01,2.313915e+01,2.313915e+01,2.297539e+01,2.292074e+01,2.330946e+01,2.418384e+01,2.502415e+01,2.589099e+01,2.366959e+01,2.332307e+01,2.322775e+01,2.289341e+01,2.281820e+01,2.257854e+01,2.294807e+01,2.296173e+01,2.261282e+01,2.292074e+01,2.233833e+01,2.241389e+01,2.240015e+01,2.242762e+01,2.235894e+01,2.237955e+01,2.242075e+01,2.243448e+01,2.249625e+01,2.253741e+01,2.239328e+01,2.237268e+01,2.236581e+01,2.234520e+01,2.235207e+01,2.237268e+01,2.228334e+01,2.240702e+01,2.230396e+01,2.243448e+01,2.232458e+01,2.231771e+01,2.234520e+01,2.231084e+01,2.234520e+01,2.235207e+01,2.240702e+01,2.237268e+01,2.233833e+01,2.240702e+01,2.230396e+01,2.240702e+01,2.233146e+01,2.234520e+01,2.224208e+01,2.226959e+01,2.222833e+01,2.233833e+01,2.226271e+01,2.228334e+01,2.222833e+01,2.220769e+01,2.228334e+01,2.224208e+01,2.218705e+01,2.219393e+01,2.215263e+01,2.216640e+01,2.221457e+01,2.225584e+01,2.209755e+01,2.221457e+01,2.224208e+01,2.221457e+01,2.211821e+01,2.218705e+01,2.218705e+01,2.224896e+01,2.213198e+01,2.218705e+01,2.212509e+01,2.217328e+01,2.211132e+01,2.211132e+01,2.210443e+01,2.199418e+01,2.193901e+01,2.204932e+01,2.202176e+01,2.191141e+01,2.189761e+01,2.184929e+01,2.185620e+01,2.186310e+01,2.183548e+01,2.178022e+01,2.178713e+01,2.187000e+01,2.180095e+01,2.186310e+01,2.184239e+01,2.184239e+01,2.184239e+01,2.191831e+01,2.191831e+01,2.189761e+01,2.195280e+01,2.208377e+01,2.200107e+01,2.206310e+01,2.200107e+01,2.198039e+01,2.195280e+01,2.195970e+01,2.192521e+01,2.193901e+01,2.195280e+01,2.212509e+01,2.194591e+01,2.202865e+01,2.209755e+01,2.187691e+01,2.197349e+01,2.195280e+01,2.191831e+01,2.195970e+01,2.193211e+01,2.193901e+01,2.195280e+01,2.188381e+01,2.196660e+01,2.197349e+01,2.188381e+01,2.196660e+01,2.195280e+01,2.189761e+01,2.187000e+01,2.188381e+01,2.197349e+01,2.187000e+01,2.189761e+01,2.188381e+01,2.190451e+01,2.191831e+01,2.193211e+01,2.182167e+01,2.183548e+01,2.193211e+01,2.190451e+01,2.199418e+01,2.187000e+01,2.195280e+01,2.191831e+01,2.191141e+01,2.182858e+01,2.184929e+01,2.186310e+01,2.193211e+01,2.191831e+01,2.188381e+01,2.186310e+01,2.193901e+01,2.194591e+01,2.202176e+01,2.199418e+01,2.198039e+01,2.191831e+01,2.198729e+01,2.211132e+01,2.199418e+01,2.200107e+01,2.212509e+01,2.206999e+01,2.221457e+01,2.206999e+01,2.204243e+01,2.205621e+01,2.210443e+01,2.210443e+01,2.209066e+01,2.213198e+01,2.208377e+01,2.218016e+01,2.215263e+01,2.210443e+01,2.213886e+01,2.213198e+01,2.210443e+01,2.211132e+01,2.209066e+01,2.208377e+01,2.210443e+01,2.211132e+01,2.209755e+01,2.207688e+01,2.200797e+01,2.208377e+01,2.204243e+01,2.207688e+01,2.202865e+01,2.198039e+01,2.206310e+01,2.204243e+01,2.207688e+01,2.204243e+01,2.207688e+01,2.213886e+01,2.206999e+01,2.203554e+01,2.195280e+01,2.205621e+01,2.198039e+01,2.202176e+01,2.179404e+01,2.189071e+01,2.188381e+01,2.182167e+01,2.200797e+01,2.191141e+01,2.191141e+01,2.201486e+01,2.193211e+01,2.184929e+01,2.189071e+01,2.203554e+01,2.194591e+01,2.188381e+01,2.191141e+01,2.193211e+01,2.202865e+01,2.194591e+01,2.206310e+01,2.209755e+01,2.198039e+01,2.199418e+01,2.202865e+01,2.200107e+01,2.191831e+01,2.207688e+01,2.194591e+01,2.191831e+01,2.202865e+01,2.204932e+01,2.202865e+01,2.202865e+01,2.204932e+01,2.199418e+01,2.191141e+01,2.195970e+01,2.196660e+01,2.193901e+01,2.199418e+01,2.187000e+01,2.192521e+01,2.196660e+01,2.198039e+01,2.195280e+01,2.198729e+01,2.195280e+01,2.188381e+01,2.191141e+01,2.195970e+01,2.195280e+01,2.191141e+01,2.182167e+01,2.180786e+01,2.160043e+01,2.185620e+01,2.191831e+01,2.186310e+01,2.188381e+01,2.193211e+01,2.181476e+01,2.186310e+01,2.192521e+01,2.191141e+01,2.182167e+01,2.192521e+01,2.187000e+01,2.186310e+01,2.163503e+01,2.188381e+01,2.183548e+01,2.192521e+01,2.182167e+01,2.184929e+01,2.186310e+01,2.196660e+01,2.193211e+01,2.189761e+01,2.190451e+01,2.189071e+01,2.195970e+01,2.191831e+01,2.192521e+01,2.191831e+01,2.192521e+01,2.195280e+01,2.198729e+01,2.181476e+01,2.193901e+01,2.189761e+01,2.214575e+01,2.199418e+01,2.197349e+01,2.199418e+01,2.206999e+01,2.187691e+01,2.202176e+01,2.207688e+01,2.210443e+01,2.208377e+01,2.192521e+01,2.197349e+01,2.210443e+01,2.196660e+01,2.198039e+01,2.199418e+01,2.203554e+01,2.201486e+01,2.208377e+01,2.203554e+01,2.200797e+01,2.203554e+01,2.194591e+01,2.193211e+01,2.202865e+01,2.180786e+01,2.213198e+01,2.209066e+01,2.211132e+01,2.215952e+01,2.207688e+01,2.195970e+01,2.203554e+01,2.206999e+01,2.206999e+01,2.226959e+01,2.218705e+01,2.213198e+01,2.211132e+01,2.209066e+01,2.205621e+01,2.204243e+01,2.215263e+01,2.215263e+01,2.214575e+01,2.206310e+01,2.203554e+01,2.213198e+01,2.211821e+01,2.220769e+01
2.249625e+01,2.257169e+01,2.253055e+01,2.250311e+01,2.251683e+01,2.249625e+01,2.252369e+01,2.252369e+01,2.252369e+01,2.267447e+01,2.259225e+01,2.253055e+01,2.249625e+01,2.251683e+01,2.253055e+01,2.255798e+01,2.257854e+01,2.259911e+01,2.262652e+01,2.258540e+01,2.267447e+01,2.261967e+01,2.263337e+01,2.260596e+01,2.256483e+01,2.269502e+01,2.280452e+01,2.269502e+01,2.270187e+01,2.261282e+01,2.264022e+01,2.279084e+01,2.259911e+01,2.269502e+01,2.264022e+01,2.264022e+01,2.271556e+01,2.264022e+01,2.261282e+01,2.264708e+01,2.265392e+01,2.265392e+01,2.259225e+01,2.256483e+01,2.269502e+01,2.257169e+01,2.259911e+01,2.247566e+01,2.257854e+01,2.250311e+01,2.260596e+01,2.253741e+01,2.259911e+01,2.252369e+01,2.258540e+01,2.253741e+01,2.246880e+01,2.257169e+01,2.260596e+01,2.248939e+01,2.253055e+01,2.259225e+01,2.255112e+01,2.254426e+01,2.250311e+01,2.243448e+01,2.257854e+01,2.253741e+01,2.266078e+01,2.296173e+01,2.303000e+01,2.325499e+01,2.333668e+01,2.341151e+01,2.349308e+01,2.348629e+01,2.329585e+01,2.347269e+01,2.350667e+01,2.347269e+01,2.352026e+01,2.355421e+01,2.358138e+01,2.359495e+01,2.365602e+01,2.362889e+01,2.367638e+01,2.371028e+01,2.381872e+01,2.374418e+01,2.395410e+01,2.396762e+01,2.390673e+01,2.399467e+01,2.401496e+01,2.385258e+01,2.392027e+01,2.387966e+01,2.394057e+01,2.390673e+01,2.379162e+01,2.374418e+01,2.371706e+01,2.385935e+01,2.374418e+01,2.373740e+01,2.385258e+01,2.383226e+01,2.380517e+01,2.382549e+01,2.380517e+01,2.391350e+01,2.389320e+01,2.401496e+01,2.377807e+01,2.395410e+01,2.387289e+01,2.388643e+01,2.385258e+01,2.390673e+01,2.383226e+01,2.387966e+01,2.390673e+01,2.385935e+01,2.383226e+01,2.376451e+01,2.371706e+01,2.387966e+01,2.383903e+01,2.369672e+01,2.368316e+01,2.366959e+01,2.379162e+01,2.376451e+01,2.386612e+01,2.362210e+01,2.362210e+01,2.361531e+01,2.365602e+01,2.361531e+01,2.371706e+01,2.360853e+01,2.357458e+01,2.364246e+01,2.364246e+01,2.374418e+01,2.381194e+01,2.375774e+01,2.380517e+01,2.380517e+01,2.376451e+01,2.376451e+01,2.384581e+01,2.378484e+01,2.374418e+01,2.381872e+01,2.383903e+01,2.387289e+01,2.379839e+01,2.387289e+01,2.389996e+01,2.391350e+01,2.387966e+01,2.394057e+01,2.385258e+01,2.384581e+01,2.403524e+01,2.402172e+01,2.395410e+01,2.381872e+01,2.387289e+01,2.394733e+01,2.389996e+01,2.390673e+01,2.391350e+01,2.389320e+01,2.419733e+01,2.391350e+01,2.391350e+01,2.386612e+01,2.383903e+01,2.384581e+01,2.367638e+01,2.360853e+01,2.355421e+01,2.340471e+01,2.342511e+01,2.359495e+01,2.409605e+01,2.552512e+01,2.365602e+01,2.259911e+01,2.253055e+01,2.242075e+01,2.256483e+01,2.238642e+01,2.239328e+01,2.241389e+01,2.242762e+01,2.250997e+01,2.244821e+01,2.248939e+01,2.250997e+01,2.255112e+01,2.278400e+01,2.312551e+01,2.387289e+01,2.456113e+01,2.336390e+01,2.272241e+01,2.322093e+01,2.274294e+01,2.265392e+01,2.272241e+01,2.292074e+01,2.322093e+01,2.341831e+01,2.296173e+01,2.248252e+01,2.250997e+01,2.313233e+01,2.370350e+01,2.519809e+01,2.569823e+01,2.376451e+01,2.313233e+01,2.307777e+01,2.437939e+01,2.470898e+01,2.342511e+01,2.303683e+01,2.303000e+01,2.321412e+01,2.328223e+01,2.495047e+01,2.529831e+01,2.374418e+01,2.441307e+01,2.402848e+01,2.391350e+01,2.361531e+01,2.294807e+01,2.308459e+01,2.309141e+01,2.309141e+01,2.331627e+01,2.354742e+01,2.361531e+01,2.329585e+01,2.341831e+01,2.388643e+01,2.460820e+01,2.410956e+01,2.456113e+01,2.458131e+01,2.456113e+01,2.453423e+01,2.329585e+01,2.257169e+01,2.259911e+01,2.265392e+01,2.267447e+01,2.261282e+01,2.265392e+01,2.287290e+01,2.388643e+01,2.283872e+01,2.324137e+01,2.452750e+01,2.380517e+01,2.406903e+01,2.452750e+01,2.450059e+01,2.474256e+01,2.466196e+01,2.327542e+01,2.246880e+01,2.242075e+01,2.247566e+01,2.246880e+01,2.297539e+01,2.514460e+01,2.902529e+01,2.841738e+01,2.429177e+01,2.266763e+01,2.278400e+01,2.279084e+01,2.312551e+01,2.365602e+01,2.351346e+01,2.324818e+01,2.331627e+01,2.265392e+01,2.337751e+01,2.417709e+01,2.364924e+01,2.484321e+01,2.383226e+01,2.323456e+01,2.323456e+01,2.300270e+01,2.285239e+01,2.287974e+01,2.322093e+01,2.318005e+01,2.258540e+01,2.281136e+01,2.218705e+01,2.237955e+01,2.236581e+01,2.234520e+01,2.237955e+01,2.239328e+01,2.236581e+01,2.239328e+01,2.233146e+01,2.248252e+01,2.241389e+01,2.247566e+01,2.242762e+01,2.233833e+01,2.240015e+01,2.231771e+01,2.230396e+01,2.234520e+01,2.235207e+01,2.240702e+01,2.238642e+01,2.241389e+01,2.232458e+01,2.240702e+01,2.245507e+01,2.233146e+01,2.235207e+01,2.227647e+01,2.238642e+01,2.226271e+01,2.233833e+01,2.242075e+01,2.229709e+01,2.235207e+01,2.231771e+01,2.237268e+01,2.229709e+01,2.231771e+01,2.227647e+01,2.227647e+01,2.226271e+01,2.222145e+01,2.226959e+01,2.218705e+01,2.218705e+01,2.218016e+01,2.214575e+01,2.220769e+01,2.220769e+01,2.214575e+01,2.212509e+01,2.213886e+01,2.222145e+01,2.220769e+01,2.219393e+01,2.213886e+01,2.219393e+01,2.216640e+01,2.212509e+01,2.214575e+01,2.214575e+01,2.204243e+01,2.210443e+01,2.212509e+01,2.209755e+01,2.183548e+01,2.200107e+01,2.200797e+01,2.200797e+01,2.184239e+01,2.193901e+01,2.187691e+01,2.180095e+01,2.181476e+01,2.185620e+01,2.182858e+01,2.190451e+01,2.167654e+01,2.181476e+01,2.180786e+01,2.188381e+01,2.189761e+01,2.192521e+01,2.190451e+01,2.193211e+01,2.194591e+01,2.191831e+01,2.204932e+01,2.209755e+01,2.204243e+01,2.198729e+01,2.195970e+01,2.207688e+01,2.193211e+01,2.193211e+01,2.193901e+01,2.197349e+01,2.193211e+01,2.202865e+01,2.204243e+01,2.197349e+01,2.208377e+01,2.185620e+01,2.199418e+01,2.190451e+01,2.191831e+01,2.191831e+01,2.193901e+01,2.195970e+01,2.178713e+01,2.190451e+01,2.194591e+01,2.197349e+01,2.197349e+01,2.189761e+01,2.189071e+01,2.188381e+01,2.203554e+01,2.188381e+01,2.191831e+01,2.190451e+01,2.189071e+01,2.189761e+01,2.195280e+01,2.184929e+01,2.187000e+01,2.189071e+01,2.188381e+01,2.177332e+01,2.190451e+01,2.187000e+01,2.183548e+01,2.186310e+01,2.192521e+01,2.195970e+01,2.193901e+01,2.192521e+01,2.191141e+01,2.189761e+01,2.192521e+01,2.188381e+01,2.189761e+01,2.194591e+01,2.203554e+01,2.197349e+01,2.203554e+01,2.204932e+01,2.202865e+01,2.206310e+01,2.193211e+01,2.220769e+01,2.205621e+01,2.213198e+01,2.209066e+01,2.211821e+01,2.205621e+01,2.204932e+01,2.209755e+01,2.211132e+01,2.206310e+01,2.207688e+01,2.208377e+01,2.200107e+01,2.211821e+01,2.213198e+01,2.206999e+01,2.210443e+01,2.212509e+01,2.212509e+01,2.211132e+01,2.207688e+01,2.204932e+01,2.224208e+01,2.205621e+01,2.208377e+01,2.214575e+01,2.217328e+01,2.206999e+01,2.211821e+01,2.209066e+01,2.220081e+01,2.209066e+01,2.206999e+01,2.206310e+01,2.206310e+01,2.209066e+01,2.205621e+01,2.186310e+01,2.206310e+01,2.193901e+01,2.200107e+01,2.199418e+01,2.196660e+01,2.196660e+01,2.198729e+01,2.199418e+01,2.202176e+01,2.189761e+01,2.194591e+01,2.190451e+01,2.186310e+01,2.188381e+01,2.205621e+01,2.192521e+01,2.202176e+01,2.195970e+01,2.192521e+01,2.189761e+01,2.189071e+01,2.193901e+01,2.193901e+01,2.202865e+01,2.198729e+01,2.205621e+01,2.204932e+01,2.200797e+01,2.210443e+01,2.193211e+01,2.192521e+01,2.193211e+01,2.203554e+01,2.206999e+01,2.200797e+01,2.204243e+01,2.200797e+01,2.205621e+01,2.202176e+01,2.194591e+01,2.195970e+01,2.202176e+01,2.192521e+01,2.193211e+01,2.193901e+01,2.189761e+01,2.199418e+01,2.191141e+01,2.195970e+01,2.184239e+01,2.180786e+01,2.191141e+01,2.188381e+01,2.193901e+01,2.180095e+01,2.189761e+01,2.193211e+01,2.189071e+01,2.189071e+01,2.198039e+01,2.179404e+01,2.185620e+01,2.182167e+01,2.188381e+01,2.191141e+01,2.192521e+01,2.188381e+01,2.184929e+01,2.183548e+01,2.190451e+01,2.187691e+01,2.184929e+01,2.162119e+01,2.192521e+01,2.183548e+01,2.195970e+01,2.193211e+01,2.197349e+01,2.195970e+01,2.193901e+01,2.200107e+01,2.189761e+01,2.201486e+01,2.200797e+01,2.193901e+01,2.194591e+01,2.191831e+01,2.195280e+01,2.193211e+01,2.202176e+01,2.195970e+01,2.187691e+01,2.190451e+01,2.192521e+01,2.189761e+01,2.189071e+01,2.196660e+01,2.209066e+01,2.202176e+01,2.201486e+01,2.190451e+01,2.206310e+01,2.201486e+01,2.203554e+01,2.198039e+01,2.199418e+01,2.197349e+01,2.202865e+01,2.187691e+01,2.184929e+01,2.205621e+01,2.205621e+01,2.200107e+01,2.184929e+01,2.235894e+01,2.193211e+01,2.206999e+01,2.199418e+01,2.196660e+01,2.201486e+01,2.201486e+01,2.200797e+01,2.195970e+01,2.213886e+01,2.200797e+01,2.203554e+01,2.215263e+01,2.219393e+01,2.221457e+01,2.201486e+01,2.217328e+01,2.215952e+01,2.213886e+01,2.223520e+01,2.209066e+01,2.200107e+01,2.222833e+01,2.208377e+01,2.214575e+01,2.213886e+01,2.209755e+01,2.211132e+01,2.208377e+01,2.222145e+01
2.250997e+01,2.248939e+01,2.255112e+01,2.252369e+01,2.251683e+01,2.256483e+01,2.253055e+01,2.256483e+01,2.264022e+01,2.266078e+01,2.260596e+01,2.253055e+01,2.268817e+01,2.253055e+01,2.264022e+01,2.268817e+01,2.264022e+01,2.255112e+01,2.257854e+01,2.259911e+01,2.260596e+01,2.263337e+01,2.263337e+01,2.267447e+01,2.267447e+01,2.266078e+01,2.268817e+01,2.272241e+01,2.266078e+01,2.270187e+01,2.272925e+01,2.268132e+01,2.274978e+01,2.264708e+01,2.276347e+01,2.279768e+01,2.261967e+01,2.265392e+01,2.265392e+01,2.268132e+01,2.265392e+01,2.265392e+01,2.257169e+01,2.264708e+01,2.263337e+01,2.259911e+01,2.264022e+01,2.261282e+01,2.250311e+01,2.259225e+01,2.259911e+01,2.272241e+01,2.255112e+01,2.255798e+01,2.253055e+01,2.268132e+01,2.253741e+01,2.250997e+01,2.251683e+01,2.258540e+01,2.255112e+01,2.248252e+01,2.254426e+01,2.247566e+01,2.257854e+01,2.244821e+01,2.244821e+01,2.253055e+01,2.255112e+01,2.287974e+01,2.298221e+01,2.322093e+01,2.324818e+01,2.348629e+01,2.339791e+01,2.347269e+01,2.339111e+01,2.347949e+01,2.347949e+01,2.348629e+01,2.365602e+01,2.357458e+01,2.354742e+01,2.363567e+01,2.360853e+01,2.358138e+01,2.362889e+01,2.387289e+01,2.398115e+01,2.394057e+01,2.383903e+01,2.396762e+01,2.396086e+01,2.401496e+01,2.401496e+01,2.398791e+01,2.389996e+01,2.384581e+01,2.394057e+01,2.388643e+01,2.383903e+01,2.381872e+01,2.379162e+01,2.380517e+01,2.387966e+01,2.377129e+01,2.383903e+01,2.379839e+01,2.377807e+01,2.386612e+01,2.392027e+01,2.395410e+01,2.380517e+01,2.389996e+01,2.386612e+01,2.383226e+01,2.392703e+01,2.390673e+01,2.369672e+01,2.391350e+01,2.375096e+01,2.389320e+01,2.391350e+01,2.387289e+01,2.375774e+01,2.366959e+01,2.381872e+01,2.386612e+01,2.372384e+01,2.373062e+01,2.375774e+01,2.372384e+01,2.371028e+01,2.371706e+01,2.370350e+01,2.362210e+01,2.375774e+01,2.362210e+01,2.360853e+01,2.364924e+01,2.366959e+01,2.359495e+01,2.365602e+01,2.364246e+01,2.365602e+01,2.362889e+01,2.368316e+01,2.367638e+01,2.375774e+01,2.374418e+01,2.379839e+01,2.376451e+01,2.372384e+01,2.385935e+01,2.380517e+01,2.379839e+01,2.379839e+01,2.386612e+01,2.386612e+01,2.389320e+01,2.388643e+01,2.385258e+01,2.391350e+01,2.388643e+01,2.395410e+01,2.403524e+01,2.390673e+01,2.389996e+01,2.396086e+01,2.396762e+01,2.398115e+01,2.390673e+01,2.379162e+01,2.392027e+01,2.392703e+01,2.389320e+01,2.383226e+01,2.391350e+01,2.391350e+01,2.397439e+01,2.388643e+01,2.385935e+01,2.369672e+01,2.364246e+01,2.362210e+01,2.349308e+01,2.340471e+01,2.341831e+01,2.392027e+01,2.552512e+01,2.352026e+01,2.269502e+01,2.242075e+01,2.231084e+01,2.248939e+01,2.235207e+01,2.241389e+01,2.248939e+01,2.243448e+01,2.247566e+01,2.251683e+01,2.246194e+01,2.253055e+01,2.256483e+01,2.258540e+01,2.296173e+01,2.320731e+01,2.335710e+01,2.321412e+01,2.298221e+01,2.342511e+01,2.296856e+01,2.296173e+01,2.335710e+01,2.318686e+01,2.318686e+01,2.320731e+01,2.283872e+01,2.249625e+01,2.248939e+01,2.283872e+01,2.339791e+01,2.442654e+01,2.707304e+01,2.399467e+01,2.303000e+01,2.307095e+01,2.417034e+01,2.557175e+01,2.468884e+01,2.416359e+01,2.335710e+01,2.359495e+01,2.341151e+01,2.408930e+01,2.421083e+01,2.423107e+01,2.482309e+01,2.391350e+01,2.392027e+01,2.390673e+01,2.361531e+01,2.455441e+01,2.547179e+01,2.443328e+01,2.370350e+01,2.347269e+01,2.326180e+01,2.338431e+01,2.389996e+01,2.450732e+01,2.620263e+01,2.456113e+01,2.339791e+01,2.344551e+01,2.433222e+01,2.476941e+01,2.289341e+01,2.245507e+01,2.261967e+01,2.265392e+01,2.271556e+01,2.244821e+01,2.253741e+01,2.275663e+01,2.415683e+01,2.392703e+01,2.330265e+01,2.339791e+01,2.383226e+01,2.407579e+01,2.640108e+01,2.717806e+01,2.780603e+01,2.696791e+01,2.460820e+01,2.263337e+01,2.248252e+01,2.246194e+01,2.290024e+01,2.289341e+01,2.316642e+01,2.563168e+01,2.766898e+01,2.396762e+01,2.237955e+01,2.260596e+01,2.271556e+01,2.315278e+01,2.374418e+01,2.373740e+01,2.359495e+01,2.380517e+01,2.249625e+01,2.258540e+01,2.277032e+01,2.296856e+01,2.363567e+01,2.438613e+01,2.356101e+01,2.300953e+01,2.346590e+01,2.300953e+01,2.263337e+01,2.293440e+01,2.295490e+01,2.261282e+01,2.257169e+01,2.237955e+01,2.233833e+01,2.237955e+01,2.228334e+01,2.242075e+01,2.237955e+01,2.237955e+01,2.238642e+01,2.234520e+01,2.240702e+01,2.236581e+01,2.242075e+01,2.229709e+01,2.237955e+01,2.236581e+01,2.235207e+01,2.242762e+01,2.243448e+01,2.240702e+01,2.236581e+01,2.239328e+01,2.238642e+01,2.239328e+01,2.246194e+01,2.235207e+01,2.236581e+01,2.229022e+01,2.226271e+01,2.232458e+01,2.226959e+01,2.231771e+01,2.231771e+01,2.227647e+01,2.225584e+01,2.238642e+01,2.231084e+01,2.231771e+01,2.225584e+01,2.228334e+01,2.225584e+01,2.219393e+01,2.222833e+01,2.230396e+01,2.226959e+01,2.218016e+01,2.215263e+01,2.220081e+01,2.217328e+01,2.208377e+01,2.217328e+01,2.208377e+01,2.213886e+01,2.212509e+01,2.212509e+01,2.211132e+01,2.219393e+01,2.218016e+01,2.232458e+01,2.229709e+01,2.217328e+01,2.210443e+01,2.208377e+01,2.213198e+01,2.207688e+01,2.212509e+01,2.210443e+01,2.201486e+01,2.204932e+01,2.192521e+01,2.193211e+01,2.193211e+01,2.195970e+01,2.183548e+01,2.180095e+01,2.180095e+01,2.180786e+01,2.181476e+01,2.191141e+01,2.181476e+01,2.190451e+01,2.184929e+01,2.197349e+01,2.192521e+01,2.189071e+01,2.184929e+01,2.209755e+01,2.204243e+01,2.201486e+01,2.198729e+01,2.204243e+01,2.213886e+01,2.198729e+01,2.194591e+01,2.195970e+01,2.195970e+01,2.200797e+01,2.200107e+01,2.203554e+01,2.197349e+01,2.197349e+01,2.198039e+01,2.206310e+01,2.195280e+01,2.191831e+01,2.194591e+01,2.193211e+01,2.197349e+01,2.198729e+01,2.194591e+01,2.182858e+01,2.196660e+01,2.197349e+01,2.182858e+01,2.195970e+01,2.194591e+01,2.187000e+01,2.206310e+01,2.191141e+01,2.191141e+01,2.197349e+01,2.189761e+01,2.195280e+01,2.188381e+01,2.192521e+01,2.189071e+01,2.193901e+01,2.191831e+01,2.184929e+01,2.193211e+01,2.193901e+01,2.191831e+01,2.184929e+01,2.193901e+01,2.198039e+01,2.194591e+01,2.194591e+01,2.193211e+01,2.200797e+01,2.184239e+01,2.191831e+01,2.208377e+01,2.197349e+01,2.207688e+01,2.195970e+01,2.194591e+01,2.206999e+01,2.206310e+01,2.209755e+01,2.206310e+01,2.204243e+01,2.215263e+01,2.206999e+01,2.204932e+01,2.213198e+01,2.210443e+01,2.206999e+01,2.209066e+01,2.214575e+01,2.209755e+01,2.206310e+01,2.204243e+01,2.211132e+01,2.209066e+01,2.214575e+01,2.211821e+01,2.213886e+01,2.215263e+01,2.202176e+01,2.196660e+01,2.210443e+01,2.218705e+01,2.219393e+01,2.210443e+01,2.225584e+01,2.224208e+01,2.200107e+01,2.208377e+01,2.215952e+01,2.206310e+01,2.203554e+01,2.218016e+01,2.201486e+01,2.209066e+01,2.206999e+01,2.207688e+01,2.215952e+01,2.209066e+01,2.192521e+01,2.202176e+01,2.202176e+01,2.199418e+01,2.200797e+01,2.202865e+01,2.200107e+01,2.202865e+01,2.199418e+01,2.187691e+01,2.193901e+01,2.204932e+01,2.189761e+01,2.198039e+01,2.199418e+01,2.191141e+01,2.189071e+01,2.196660e+01,2.192521e+01,2.188381e+01,2.186310e+01,2.200107e+01,2.191831e+01,2.191141e+01,2.193901e+01,2.188381e+01,2.209066e+01,2.195280e+01,2.209755e+01,2.212509e+01,2.196660e+01,2.194591e+01,2.204243e+01,2.198729e+01,2.207688e+01,2.202176e+01,2.206999e+01,2.201486e+01,2.198729e+01,2.206310e+01,2.200797e+01,2.193211e+01,2.200797e+01,2.199418e+01,2.188381e+01,2.187000e+01,2.190451e+01,2.195970e+01,2.188381e+01,2.198039e+01,2.196660e+01,2.193211e+01,2.195970e+01,2.195970e+01,2.193901e+01,2.189071e+01,2.193211e+01,2.182858e+01,2.185620e+01,2.184929e+01,2.182167e+01,2.180786e+01,2.188381e+01,2.189071e+01,2.181476e+01,2.195280e+01,2.198729e+01,2.165579e+01,2.181476e+01,2.195280e+01,2.191141e+01,2.184239e+01,2.187691e+01,2.188381e+01,2.189071e+01,2.185620e+01,2.181476e+01,2.198039e+01,2.199418e+01,2.188381e+01,2.200107e+01,2.200107e+01,2.201486e+01,2.193901e+01,2.203554e+01,2.198729e+01,2.196660e+01,2.192521e+01,2.212509e+01,2.195970e+01,2.196660e+01,2.193211e+01,2.194591e+01,2.199418e+01,2.187000e+01,2.195970e+01,2.192521e+01,2.183548e+01,2.198729e+01,2.203554e+01,2.201486e+01,2.201486e+01,2.196660e+01,2.204932e+01,2.208377e+01,2.192521e+01,2.195280e+01,2.195970e+01,2.190451e+01,2.188381e+01,2.186310e+01,2.189071e+01,2.202865e+01,2.187000e+01,2.207688e+01,2.190451e+01,2.200797e+01,2.195280e+01,2.197349e+01,2.195970e+01,2.195970e+01,2.200797e+01,2.200797e+01,2.190451e+01,2.204243e+01,2.208377e+01,2.206999e+01,2.211132e+01,2.213198e+01,2.216640e+01,2.204932e+01,2.208377e+01,2.213198e+01,2.215952e+01,2.222145e+01,2.211821e+01,2.205621e+01,2.220769e+01,2.209066e+01,2.229709e+01,2.207688e+01,2.210443e+01,2.218705e+01,2.216640e+01,2.210443e+01
2.248939e+01,2.253741e+01,2.252369e+01,2.255112e+01,2.254426e+01,2.254426e+01,2.255798e+01,2.250311e+01,2.256483e+01,2.249625e+01,2.254426e+01,2.264022e+01,2.264022e+01,2.250311e+01,2.264022e+01,2.266763e+01,2.257854e+01,2.256483e+01,2.255798e+01,2.257169e+01,2.262652e+01,2.259911e+01,2.267447e+01,2.266763e+01,2.264708e+01,2.273610e+01,2.270871e+01,2.266078e+01,2.265392e+01,2.260596e+01,2.266763e+01,2.268132e+01,2.266763e+01,2.268132e+01,2.277032e+01,2.271556e+01,2.260596e+01,2.261967e+01,2.260596e+01,2.265392e+01,2.264022e+01,2.262652e+01,2.257854e+01,2.259225e+01,2.259225e+01,2.263337e+01,2.261967e+01,2.255112e+01,2.256483e+01,2.257169e+01,2.261282e+01,2.261967e+01,2.255798e+01,2.259911e+01,2.265392e+01,2.263337e+01,2.249625e+01,2.264708e+01,2.259911e+01,2.252369e+01,2.249625e+01,2.248252e+01,2.246194e+01,2.257854e+01,2.246194e+01,2.253055e+01,2.253055e+01,2.240015e+01,2.272925e+01,2.273610e+01,2.292757e+01,2.326861e+01,2.326180e+01,2.328223e+01,2.333668e+01,2.333668e+01,2.328904e+01,2.343191e+01,2.329585e+01,2.345230e+01,2.348629e+01,2.354742e+01,2.347949e+01,2.359495e+01,2.351346e+01,2.373740e+01,2.360853e+01,2.369672e+01,2.385258e+01,2.388643e+01,2.394057e+01,2.412983e+01,2.396762e+01,2.413658e+01,2.408930e+01,2.394057e+01,2.389320e+01,2.385935e+01,2.390673e+01,2.377129e+01,2.392703e+01,2.375096e+01,2.383903e+01,2.386612e+01,2.384581e+01,2.379839e+01,2.371028e+01,2.383903e+01,2.375774e+01,2.377129e+01,2.382549e+01,2.385935e+01,2.387966e+01,2.394057e+01,2.401496e+01,2.388643e+01,2.389320e+01,2.388643e+01,2.391350e+01,2.390673e+01,2.385258e+01,2.378484e+01,2.383903e+01,2.381872e+01,2.375096e+01,2.379162e+01,2.374418e+01,2.375774e+01,2.362210e+01,2.366281e+01,2.385935e+01,2.370350e+01,2.377129e+01,2.379162e+01,2.375096e+01,2.377129e+01,2.362889e+01,2.364246e+01,2.374418e+01,2.361531e+01,2.360853e+01,2.373740e+01,2.367638e+01,2.362210e+01,2.366959e+01,2.363567e+01,2.371028e+01,2.372384e+01,2.366281e+01,2.376451e+01,2.372384e+01,2.375096e+01,2.375096e+01,2.378484e+01,2.377807e+01,2.382549e+01,2.389320e+01,2.383226e+01,2.391350e+01,2.390673e+01,2.394057e+01,2.389320e+01,2.381872e+01,2.387966e+01,2.385935e+01,2.400820e+01,2.388643e+01,2.394057e+01,2.400144e+01,2.395410e+01,2.388643e+01,2.396086e+01,2.391350e+01,2.389996e+01,2.398115e+01,2.404876e+01,2.382549e+01,2.370350e+01,2.379839e+01,2.386612e+01,2.385258e+01,2.383903e+01,2.367638e+01,2.368316e+01,2.356101e+01,2.342511e+01,2.343871e+01,2.340471e+01,2.392703e+01,2.551179e+01,2.339791e+01,2.260596e+01,2.243448e+01,2.240702e+01,2.250997e+01,2.244821e+01,2.241389e+01,2.244821e+01,2.246194e+01,2.241389e+01,2.245507e+01,2.243448e+01,2.250311e+01,2.259911e+01,2.259225e+01,2.272925e+01,2.272925e+01,2.328223e+01,2.359495e+01,2.322093e+01,2.338431e+01,2.326180e+01,2.321412e+01,2.328223e+01,2.367638e+01,2.346590e+01,2.311869e+01,2.310505e+01,2.265392e+01,2.248252e+01,2.272241e+01,2.311187e+01,2.317323e+01,2.470898e+01,2.339111e+01,2.277716e+01,2.279084e+01,2.281820e+01,2.339111e+01,2.469555e+01,2.416359e+01,2.335029e+01,2.300270e+01,2.321412e+01,2.349988e+01,2.408254e+01,2.420408e+01,2.453423e+01,2.426480e+01,2.506431e+01,2.598391e+01,2.597064e+01,2.719774e+01,2.719774e+01,2.607676e+01,2.370350e+01,2.360853e+01,2.390673e+01,2.339791e+01,2.401496e+01,2.386612e+01,2.610990e+01,2.455441e+01,2.375774e+01,2.494377e+01,2.559173e+01,2.433222e+01,2.274978e+01,2.261967e+01,2.268817e+01,2.258540e+01,2.238642e+01,2.265392e+01,2.250311e+01,2.283188e+01,2.367638e+01,2.555177e+01,2.387289e+01,2.324818e+01,2.354742e+01,2.342511e+01,2.454768e+01,2.577139e+01,2.626221e+01,2.529163e+01,2.375096e+01,2.245507e+01,2.247566e+01,2.287974e+01,2.375774e+01,2.362210e+01,2.283872e+01,2.316642e+01,2.472241e+01,2.469555e+01,2.265392e+01,2.234520e+01,2.258540e+01,2.293440e+01,2.329585e+01,2.355421e+01,2.362889e+01,2.363567e+01,2.298221e+01,2.358138e+01,2.363567e+01,2.415683e+01,2.318686e+01,2.341831e+01,2.328223e+01,2.289341e+01,2.324818e+01,2.328904e+01,2.287974e+01,2.290024e+01,2.336390e+01,2.256483e+01,2.244821e+01,2.237955e+01,2.227647e+01,2.238642e+01,2.240702e+01,2.238642e+01,2.236581e+01,2.237268e+01,2.237955e+01,2.230396e+01,2.245507e+01,2.231084e+01,2.236581e+01,2.242762e+01,2.237268e+01,2.234520e+01,2.234520e+01,2.237268e+01,2.239328e+01,2.248939e+01,2.240702e+01,2.234520e+01,2.237268e+01,2.242762e+01,2.231084e+01,2.239328e+01,2.237955e+01,2.241389e+01,2.233833e+01,2.242075e+01,2.220769e+01,2.228334e+01,2.229022e+01,2.229709e+01,2.238642e+01,2.234520e+01,2.235894e+01,2.226959e+01,2.226959e+01,2.229022e+01,2.229709e+01,2.229022e+01,2.224208e+01,2.223520e+01,2.218705e+01,2.220081e+01,2.217328e+01,2.218016e+01,2.206310e+01,2.219393e+01,2.216640e+01,2.222833e+01,2.216640e+01,2.211821e+01,2.223520e+01,2.211821e+01,2.220769e+01,2.211132e+01,2.222145e+01,2.214575e+01,2.222833e+01,2.215263e+01,2.216640e+01,2.211821e+01,2.207688e+01,2.211132e+01,2.208377e+01,2.204932e+01,2.200107e+01,2.200107e+01,2.195280e+01,2.187000e+01,2.183548e+01,2.186310e+01,2.183548e+01,2.180786e+01,2.200107e+01,2.179404e+01,2.180095e+01,2.179404e+01,2.177332e+01,2.187691e+01,2.191141e+01,2.191141e+01,2.181476e+01,2.189761e+01,2.194591e+01,2.193211e+01,2.193901e+01,2.199418e+01,2.200107e+01,2.202176e+01,2.199418e+01,2.198039e+01,2.195970e+01,2.198729e+01,2.194591e+01,2.192521e+01,2.203554e+01,2.199418e+01,2.192521e+01,2.202865e+01,2.184239e+01,2.203554e+01,2.195970e+01,2.189071e+01,2.189761e+01,2.191831e+01,2.193901e+01,2.197349e+01,2.195280e+01,2.200797e+01,2.197349e+01,2.180095e+01,2.175949e+01,2.190451e+01,2.184239e+01,2.191141e+01,2.196660e+01,2.187691e+01,2.187000e+01,2.190451e+01,2.190451e+01,2.187000e+01,2.188381e+01,2.187691e+01,2.186310e+01,2.191141e+01,2.189761e+01,2.183548e+01,2.184239e+01,2.195970e+01,2.194591e+01,2.180095e+01,2.195970e+01,2.192521e+01,2.193901e+01,2.194591e+01,2.198729e+01,2.199418e+01,2.197349e+01,2.195280e+01,2.193211e+01,2.200797e+01,2.206310e+01,2.200797e+01,2.198039e+01,2.206999e+01,2.209755e+01,2.218705e+01,2.206310e+01,2.214575e+01,2.206999e+01,2.222833e+01,2.206310e+01,2.217328e+01,2.206310e+01,2.205621e+01,2.218705e+01,2.209066e+01,2.211132e+01,2.207688e+01,2.209066e+01,2.206310e+01,2.207688e+01,2.206310e+01,2.198729e+01,2.214575e+01,2.193211e+01,2.213886e+01,2.207688e+01,2.218705e+01,2.209066e+01,2.209066e+01,2.211821e+01,2.207688e+01,2.207688e+01,2.216640e+01,2.200797e+01,2.209066e+01,2.206999e+01,2.200107e+01,2.201486e+01,2.205621e+01,2.200797e+01,2.203554e+01,2.202865e+01,2.206999e+01,2.206999e+01,2.209066e+01,2.201486e+01,2.206999e+01,2.200107e+01,2.202176e+01,2.200107e+01,2.202176e+01,2.205621e+01,2.195970e+01,2.196660e+01,2.192521e+01,2.195280e+01,2.193901e+01,2.189761e+01,2.192521e+01,2.189761e+01,2.193211e+01,2.195970e+01,2.195280e+01,2.178713e+01,2.195280e+01,2.195280e+01,2.198729e+01,2.189071e+01,2.199418e+01,2.193901e+01,2.200797e+01,2.202176e+01,2.207688e+01,2.197349e+01,2.206310e+01,2.195280e+01,2.200797e+01,2.201486e+01,2.198729e+01,2.204243e+01,2.197349e+01,2.197349e+01,2.195970e+01,2.200797e+01,2.194591e+01,2.205621e+01,2.190451e+01,2.192521e+01,2.193211e+01,2.192521e+01,2.189071e+01,2.192521e+01,2.187691e+01,2.194591e+01,2.193211e+01,2.193901e+01,2.189761e+01,2.193901e+01,2.188381e+01,2.187691e+01,2.189071e+01,2.185620e+01,2.186310e+01,2.181476e+01,2.182858e+01,2.187691e+01,2.179404e+01,2.187691e+01,2.188381e+01,2.184929e+01,2.166962e+01,2.188381e+01,2.191141e+01,2.188381e+01,2.185620e+01,2.189761e+01,2.184929e+01,2.184239e+01,2.183548e+01,2.193901e+01,2.195280e+01,2.197349e+01,2.192521e+01,2.200797e+01,2.197349e+01,2.191831e+01,2.201486e+01,2.202865e+01,2.198039e+01,2.205621e+01,2.196660e+01,2.197349e+01,2.191831e+01,2.195280e+01,2.198039e+01,2.194591e+01,2.190451e+01,2.182167e+01,2.195280e+01,2.191141e+01,2.201486e+01,2.197349e+01,2.199418e+01,2.182167e+01,2.194591e+01,2.204932e+01,2.194591e+01,2.199418e+01,2.204932e+01,2.200107e+01,2.193211e+01,2.195280e+01,2.185620e+01,2.204243e+01,2.193211e+01,2.196660e+01,2.198729e+01,2.198729e+01,2.198729e+01,2.194591e+01,2.196660e+01,2.194591e+01,2.200107e+01,2.198729e+01,2.200107e+01,2.195970e+01,2.198729e+01,2.204932e+01,2.202865e+01,2.208377e+01,2.211821e+01,2.210443e+01,2.191831e+01,2.218705e+01,2.213886e+01,2.211132e+01,2.238642e+01,2.209755e+01,2.218016e+01,2.197349e+01,2.222145e+01,2.211132e+01,2.215952e+01,2.206999e+01,2.205621e+01,2.204243e+01,2.205621e+01,2.227647e+01
2.243448e+01,2.249625e+01,2.259911e+01,2.253055e+01,2.248252e+01,2.254426e+01,2.256483e+01,2.249625e+01,2.277716e+01,2.259225e+01,2.259911e+01,2.268817e+01,2.250311e+01,2.248939e+01,2.257854e+01,2.263337e+01,2.264708e+01,2.245507e+01,2.257854e+01,2.255798e+01,2.257169e+01,2.263337e+01,2.269502e+01,2.275663e+01,2.258540e+01,2.267447e+01,2.270871e+01,2.271556e+01,2.270187e+01,2.269502e+01,2.271556e+01,2.272241e+01,2.279768e+01,2.272925e+01,2.277716e+01,2.264708e+01,2.263337e+01,2.272925e+01,2.271556e+01,2.261967e+01,2.266763e+01,2.261967e+01,2.262652e+01,2.255112e+01,2.273610e+01,2.269502e+01,2.270871e+01,2.260596e+01,2.259225e+01,2.264708e+01,2.255112e+01,2.264708e+01,2.264708e+01,2.251683e+01,2.267447e+01,2.268132e+01,2.252369e+01,2.250997e+01,2.253055e+01,2.240702e+01,2.246880e+01,2.249625e+01,2.247566e+01,2.253741e+01,2.251683e+01,2.253055e+01,2.250997e+01,2.247566e+01,2.265392e+01,2.278400e+01,2.288657e+01,2.321412e+01,2.315960e+01,2.315278e+01,2.326861e+01,2.335029e+01,2.337070e+01,2.327542e+01,2.342511e+01,2.343871e+01,2.341831e+01,2.346590e+01,2.354063e+01,2.352705e+01,2.356779e+01,2.364246e+01,2.373740e+01,2.372384e+01,2.377129e+01,2.385258e+01,2.384581e+01,2.394057e+01,2.392703e+01,2.396762e+01,2.402848e+01,2.400144e+01,2.394057e+01,2.379839e+01,2.386612e+01,2.387289e+01,2.387289e+01,2.385258e+01,2.384581e+01,2.381872e+01,2.383226e+01,2.379162e+01,2.375096e+01,2.371706e+01,2.372384e+01,2.386612e+01,2.396086e+01,2.395410e+01,2.387289e+01,2.397439e+01,2.401496e+01,2.386612e+01,2.398791e+01,2.387289e+01,2.389996e+01,2.396086e+01,2.381194e+01,2.387289e+01,2.389996e+01,2.370350e+01,2.378484e+01,2.385258e+01,2.371028e+01,2.379839e+01,2.377807e+01,2.369672e+01,2.377807e+01,2.377807e+01,2.372384e+01,2.384581e+01,2.375096e+01,2.372384e+01,2.375774e+01,2.360853e+01,2.387289e+01,2.362210e+01,2.362210e+01,2.364924e+01,2.380517e+01,2.364246e+01,2.368994e+01,2.369672e+01,2.369672e+01,2.377129e+01,2.373062e+01,2.376451e+01,2.379839e+01,2.377129e+01,2.379839e+01,2.375774e+01,2.375096e+01,2.385258e+01,2.385935e+01,2.390673e+01,2.391350e+01,2.393380e+01,2.390673e+01,2.401496e+01,2.385258e+01,2.385935e+01,2.403524e+01,2.403524e+01,2.395410e+01,2.398791e+01,2.398791e+01,2.397439e+01,2.376451e+01,2.388643e+01,2.385258e+01,2.400144e+01,2.395410e+01,2.398791e+01,2.392027e+01,2.392703e+01,2.385935e+01,2.396086e+01,2.390673e+01,2.384581e+01,2.369672e+01,2.358816e+01,2.359495e+01,2.345230e+01,2.341151e+01,2.340471e+01,2.396086e+01,2.561171e+01,2.354742e+01,2.255112e+01,2.248939e+01,2.242762e+01,2.253741e+01,2.235207e+01,2.242762e+01,2.243448e+01,2.244135e+01,2.242762e+01,2.236581e+01,2.242075e+01,2.254426e+01,2.248252e+01,2.257169e+01,2.272925e+01,2.305048e+01,2.337070e+01,2.354742e+01,2.322093e+01,2.326180e+01,2.322093e+01,2.296856e+01,2.322093e+01,2.366959e+01,2.339791e+01,2.327542e+01,2.320731e+01,2.294807e+01,2.323456e+01,2.274294e+01,2.287290e+01,2.300953e+01,2.318005e+01,2.261967e+01,2.296856e+01,2.261282e+01,2.254426e+01,2.302318e+01,2.323456e+01,2.364924e+01,2.363567e+01,2.266078e+01,2.300270e+01,2.362889e+01,2.456113e+01,2.455441e+01,2.551845e+01,2.578468e+01,2.798199e+01,2.837197e+01,2.711243e+01,2.789730e+01,2.783864e+01,2.717806e+01,2.372384e+01,2.302318e+01,2.334349e+01,2.308459e+01,2.363567e+01,2.356101e+01,2.416359e+01,2.453423e+01,2.529831e+01,2.533169e+01,2.480296e+01,2.440634e+01,2.385258e+01,2.266078e+01,2.263337e+01,2.244135e+01,2.274978e+01,2.330946e+01,2.356101e+01,2.360853e+01,2.417034e+01,2.383903e+01,2.388643e+01,2.404200e+01,2.431874e+01,2.354063e+01,2.406227e+01,2.470227e+01,2.375096e+01,2.412983e+01,2.296173e+01,2.242075e+01,2.247566e+01,2.291391e+01,2.347949e+01,2.334349e+01,2.311869e+01,2.316642e+01,2.337751e+01,2.395410e+01,2.291391e+01,2.257854e+01,2.257854e+01,2.256483e+01,2.267447e+01,2.306412e+01,2.328223e+01,2.362889e+01,2.362210e+01,2.503084e+01,2.512453e+01,2.559173e+01,2.484321e+01,2.304365e+01,2.328223e+01,2.305048e+01,2.294123e+01,2.332988e+01,2.290024e+01,2.375774e+01,2.557841e+01,2.328904e+01,2.264708e+01,2.244821e+01,2.240702e+01,2.237268e+01,2.236581e+01,2.234520e+01,2.235207e+01,2.250997e+01,2.246194e+01,2.237268e+01,2.239328e+01,2.248252e+01,2.242075e+01,2.240702e+01,2.238642e+01,2.233833e+01,2.232458e+01,2.243448e+01,2.244821e+01,2.248939e+01,2.242762e+01,2.236581e+01,2.242762e+01,2.240015e+01,2.238642e+01,2.225584e+01,2.239328e+01,2.233833e+01,2.241389e+01,2.237955e+01,2.233146e+01,2.220769e+01,2.234520e+01,2.237268e+01,2.225584e+01,2.221457e+01,2.240015e+01,2.222145e+01,2.230396e+01,2.233146e+01,2.220081e+01,2.221457e+01,2.228334e+01,2.228334e+01,2.216640e+01,2.217328e+01,2.213198e+01,2.213198e+01,2.213198e+01,2.218016e+01,2.220081e+01,2.216640e+01,2.224208e+01,2.222145e+01,2.227647e+01,2.225584e+01,2.215263e+01,2.226959e+01,2.212509e+01,2.213886e+01,2.213198e+01,2.215952e+01,2.215263e+01,2.217328e+01,2.214575e+01,2.209066e+01,2.200797e+01,2.204243e+01,2.197349e+01,2.202865e+01,2.195280e+01,2.184929e+01,2.171111e+01,2.184929e+01,2.184929e+01,2.182167e+01,2.182167e+01,2.179404e+01,2.183548e+01,2.178022e+01,2.179404e+01,2.191141e+01,2.189761e+01,2.189761e+01,2.190451e+01,2.191831e+01,2.191831e+01,2.203554e+01,2.206310e+01,2.202176e+01,2.202865e+01,2.201486e+01,2.188381e+01,2.190451e+01,2.188381e+01,2.188381e+01,2.195970e+01,2.196660e+01,2.187000e+01,2.182858e+01,2.203554e+01,2.195970e+01,2.199418e+01,2.200797e+01,2.193211e+01,2.187691e+01,2.184239e+01,2.184239e+01,2.189761e+01,2.191831e+01,2.195970e+01,2.194591e+01,2.204932e+01,2.192521e+01,2.191831e+01,2.195280e+01,2.194591e+01,2.193211e+01,2.191141e+01,2.193901e+01,2.189761e+01,2.187691e+01,2.189071e+01,2.189761e+01,2.189761e+01,2.189071e+01,2.189071e+01,2.189761e+01,2.187000e+01,2.189071e+01,2.196660e+01,2.186310e+01,2.186310e+01,2.186310e+01,2.181476e+01,2.189071e+01,2.191141e+01,2.194591e+01,2.211132e+01,2.198039e+01,2.197349e+01,2.197349e+01,2.194591e+01,2.202176e+01,2.206999e+01,2.210443e+01,2.209755e+01,2.200107e+01,2.212509e+01,2.220769e+01,2.204932e+01,2.206999e+01,2.208377e+01,2.214575e+01,2.206310e+01,2.208377e+01,2.211132e+01,2.220081e+01,2.211821e+01,2.224208e+01,2.207688e+01,2.206999e+01,2.210443e+01,2.215952e+01,2.212509e+01,2.214575e+01,2.209755e+01,2.206999e+01,2.217328e+01,2.210443e+01,2.218016e+01,2.206310e+01,2.212509e+01,2.208377e+01,2.209066e+01,2.188381e+01,2.201486e+01,2.203554e+01,2.212509e+01,2.211821e+01,2.205621e+01,2.215263e+01,2.203554e+01,2.205621e+01,2.205621e+01,2.203554e+01,2.204932e+01,2.209066e+01,2.206310e+01,2.193211e+01,2.201486e+01,2.198729e+01,2.198729e+01,2.201486e+01,2.200107e+01,2.205621e+01,2.187000e+01,2.185620e+01,2.187691e+01,2.195970e+01,2.187691e+01,2.189761e+01,2.193901e+01,2.198729e+01,2.189761e+01,2.198039e+01,2.197349e+01,2.195970e+01,2.192521e+01,2.187691e+01,2.183548e+01,2.198729e+01,2.204243e+01,2.203554e+01,2.210443e+01,2.191831e+01,2.195970e+01,2.196660e+01,2.198039e+01,2.197349e+01,2.195970e+01,2.199418e+01,2.202865e+01,2.196660e+01,2.192521e+01,2.197349e+01,2.199418e+01,2.206999e+01,2.209066e+01,2.204243e+01,2.202176e+01,2.195280e+01,2.194591e+01,2.192521e+01,2.191831e+01,2.193901e+01,2.193211e+01,2.193211e+01,2.195280e+01,2.191831e+01,2.195970e+01,2.189761e+01,2.184929e+01,2.196660e+01,2.185620e+01,2.198039e+01,2.197349e+01,2.195280e+01,2.180786e+01,2.189761e+01,2.187691e+01,2.184239e+01,2.188381e+01,2.173185e+01,2.187000e+01,2.190451e+01,2.188381e+01,2.192521e+01,2.190451e+01,2.191141e+01,2.186310e+01,2.192521e+01,2.192521e+01,2.195970e+01,2.196660e+01,2.199418e+01,2.179404e+01,2.200797e+01,2.198729e+01,2.199418e+01,2.191831e+01,2.202176e+01,2.196660e+01,2.197349e+01,2.199418e+01,2.198729e+01,2.209755e+01,2.198729e+01,2.213198e+01,2.200797e+01,2.210443e+01,2.201486e+01,2.211821e+01,2.193901e+01,2.206999e+01,2.198039e+01,2.204932e+01,2.202865e+01,2.199418e+01,2.198729e+01,2.229022e+01,2.203554e+01,2.206310e+01,2.193211e+01,2.190451e+01,2.204243e+01,2.193901e+01,2.206310e+01,2.188381e+01,2.194591e+01,2.196660e+01,2.214575e+01,2.199418e+01,2.189761e+01,2.200797e+01,2.209066e+01,2.198039e+01,2.190451e+01,2.199418e+01,2.195280e+01,2.189761e+01,2.200797e+01,2.213886e+01,2.183548e+01,2.211821e+01,2.200797e+01,2.206310e+01,2.207688e+01,2.208377e+01,2.216640e+01,2.220769e+01,2.207688e+01,2.201486e+01,2.224896e+01,2.209066e+01,2.209066e+01,2.220769e+01,2.214575e+01,2.218016e+01,2.207688e+01,2.217328e+01,2.220081e+01,2.223520e+01
2.250997e+01,2.267447e+01,2.254426e+01,2.238642e+01,2.258540e+01,2.261967e+01,2.257854e+01,2.240015e+01,2.246194e+01,2.257854e+01,2.252369e+01,2.259911e+01,2.270187e+01,2.252369e+01,2.257854e+01,2.277032e+01,2.265392e+01,2.250997e+01,2.266763e+01,2.258540e+01,2.271556e+01,2.264022e+01,2.261967e+01,2.264708e+01,2.262652e+01,2.277032e+01,2.266078e+01,2.259911e+01,2.268817e+01,2.270187e+01,2.270187e+01,2.267447e+01,2.279084e+01,2.268817e+01,2.273610e+01,2.270187e+01,2.264708e+01,2.264708e+01,2.269502e+01,2.255112e+01,2.267447e+01,2.259911e+01,2.268132e+01,2.268132e+01,2.259225e+01,2.258540e+01,2.254426e+01,2.264708e+01,2.259911e+01,2.265392e+01,2.265392e+01,2.266078e+01,2.255112e+01,2.260596e+01,2.266078e+01,2.259911e+01,2.250311e+01,2.242762e+01,2.255112e+01,2.242075e+01,2.249625e+01,2.245507e+01,2.245507e+01,2.246194e+01,2.244821e+01,2.251683e+01,2.252369e+01,2.250997e+01,2.254426e+01,2.274978e+01,2.277716e+01,2.306412e+01,2.329585e+01,2.312551e+01,2.322093e+01,2.334349e+01,2.329585e+01,2.337751e+01,2.339111e+01,2.341831e+01,2.341831e+01,2.348629e+01,2.348629e+01,2.352026e+01,2.363567e+01,2.368316e+01,2.368316e+01,2.362889e+01,2.395410e+01,2.397439e+01,2.397439e+01,2.392703e+01,2.395410e+01,2.394733e+01,2.396762e+01,2.396086e+01,2.391350e+01,2.379839e+01,2.387289e+01,2.391350e+01,2.393380e+01,2.383226e+01,2.383903e+01,2.378484e+01,2.380517e+01,2.381872e+01,2.372384e+01,2.373062e+01,2.377807e+01,2.374418e+01,2.400144e+01,2.385935e+01,2.379839e+01,2.398791e+01,2.395410e+01,2.399467e+01,2.393380e+01,2.384581e+01,2.385258e+01,2.395410e+01,2.398791e+01,2.385258e+01,2.391350e+01,2.394057e+01,2.381872e+01,2.381872e+01,2.373740e+01,2.379839e+01,2.384581e+01,2.377129e+01,2.374418e+01,2.380517e+01,2.372384e+01,2.374418e+01,2.370350e+01,2.377807e+01,2.364246e+01,2.378484e+01,2.364246e+01,2.374418e+01,2.375774e+01,2.374418e+01,2.371028e+01,2.370350e+01,2.371706e+01,2.360174e+01,2.364246e+01,2.374418e+01,2.378484e+01,2.379162e+01,2.379162e+01,2.374418e+01,2.378484e+01,2.375096e+01,2.387966e+01,2.375096e+01,2.389320e+01,2.386612e+01,2.392703e+01,2.393380e+01,2.396086e+01,2.383903e+01,2.392027e+01,2.398791e+01,2.387289e+01,2.395410e+01,2.386612e+01,2.392027e+01,2.395410e+01,2.394733e+01,2.390673e+01,2.397439e+01,2.400820e+01,2.398115e+01,2.398791e+01,2.383903e+01,2.395410e+01,2.394733e+01,2.386612e+01,2.398115e+01,2.385258e+01,2.382549e+01,2.366281e+01,2.366281e+01,2.343191e+01,2.343871e+01,2.339791e+01,2.341831e+01,2.393380e+01,2.568493e+01,2.352026e+01,2.256483e+01,2.240015e+01,2.246880e+01,2.252369e+01,2.244135e+01,2.243448e+01,2.246194e+01,2.244135e+01,2.240702e+01,2.246880e+01,2.253055e+01,2.245507e+01,2.260596e+01,2.260596e+01,2.257854e+01,2.318686e+01,2.330946e+01,2.326861e+01,2.341831e+01,2.328223e+01,2.328223e+01,2.286607e+01,2.270187e+01,2.349308e+01,2.364924e+01,2.365602e+01,2.325499e+01,2.325499e+01,2.383226e+01,2.279768e+01,2.287290e+01,2.287974e+01,2.258540e+01,2.232458e+01,2.255112e+01,2.256483e+01,2.253741e+01,2.251683e+01,2.248939e+01,2.250997e+01,2.325499e+01,2.298221e+01,2.330946e+01,2.376451e+01,2.425131e+01,2.425806e+01,2.514460e+01,2.634159e+01,2.898658e+01,2.985403e+01,2.778646e+01,2.595073e+01,2.571819e+01,2.514460e+01,2.371028e+01,2.304365e+01,2.313233e+01,2.305730e+01,2.339111e+01,2.335029e+01,2.342511e+01,2.415683e+01,2.723709e+01,2.778646e+01,2.837846e+01,2.811864e+01,2.581791e+01,2.281136e+01,2.281136e+01,2.282504e+01,2.360174e+01,2.468212e+01,2.495717e+01,2.423107e+01,2.380517e+01,2.339111e+01,2.364246e+01,2.551845e+01,2.583120e+01,2.381194e+01,2.377807e+01,2.408254e+01,2.392703e+01,2.384581e+01,2.283188e+01,2.249625e+01,2.287290e+01,2.408930e+01,2.369672e+01,2.404200e+01,2.404876e+01,2.291391e+01,2.259911e+01,2.266078e+01,2.257854e+01,2.255798e+01,2.255798e+01,2.287290e+01,2.266763e+01,2.253741e+01,2.272925e+01,2.358816e+01,2.373062e+01,2.385258e+01,2.474256e+01,2.606350e+01,2.435918e+01,2.318686e+01,2.344551e+01,2.299587e+01,2.296856e+01,2.324137e+01,2.301635e+01,2.449386e+01,2.787775e+01,2.476941e+01,2.264022e+01,2.239328e+01,2.239328e+01,2.227647e+01,2.234520e+01,2.237268e+01,2.231084e+01,2.245507e+01,2.233146e+01,2.248252e+01,2.248252e+01,2.242075e+01,2.240015e+01,2.240702e+01,2.235894e+01,2.240015e+01,2.233833e+01,2.240015e+01,2.239328e+01,2.237268e+01,2.233833e+01,2.235894e+01,2.245507e+01,2.238642e+01,2.237955e+01,2.225584e+01,2.225584e+01,2.227647e+01,2.235894e+01,2.233833e+01,2.239328e+01,2.226271e+01,2.221457e+01,2.223520e+01,2.231084e+01,2.231771e+01,2.231771e+01,2.215952e+01,2.226271e+01,2.220769e+01,2.229709e+01,2.224208e+01,2.226271e+01,2.224208e+01,2.216640e+01,2.220769e+01,2.216640e+01,2.219393e+01,2.219393e+01,2.212509e+01,2.218016e+01,2.219393e+01,2.224208e+01,2.213198e+01,2.206310e+01,2.212509e+01,2.211132e+01,2.209066e+01,2.211132e+01,2.209066e+01,2.216640e+01,2.213886e+01,2.213886e+01,2.215952e+01,2.213886e+01,2.208377e+01,2.197349e+01,2.205621e+01,2.202176e+01,2.199418e+01,2.205621e+01,2.187691e+01,2.202176e+01,2.183548e+01,2.182167e+01,2.182858e+01,2.189761e+01,2.172494e+01,2.175949e+01,2.181476e+01,2.188381e+01,2.182858e+01,2.186310e+01,2.191141e+01,2.191141e+01,2.186310e+01,2.199418e+01,2.200107e+01,2.202176e+01,2.196660e+01,2.198729e+01,2.198039e+01,2.200797e+01,2.202865e+01,2.197349e+01,2.198729e+01,2.191831e+01,2.194591e+01,2.193901e+01,2.200107e+01,2.202176e+01,2.198039e+01,2.198039e+01,2.187000e+01,2.197349e+01,2.193211e+01,2.190451e+01,2.183548e+01,2.184239e+01,2.204243e+01,2.202865e+01,2.193211e+01,2.191831e+01,2.191141e+01,2.194591e+01,2.195280e+01,2.195970e+01,2.194591e+01,2.195280e+01,2.180095e+01,2.193901e+01,2.194591e+01,2.175949e+01,2.191141e+01,2.193901e+01,2.186310e+01,2.186310e+01,2.189761e+01,2.189761e+01,2.191831e+01,2.185620e+01,2.202865e+01,2.200797e+01,2.195280e+01,2.198729e+01,2.189071e+01,2.193211e+01,2.190451e+01,2.194591e+01,2.196660e+01,2.196660e+01,2.194591e+01,2.193901e+01,2.193211e+01,2.205621e+01,2.202865e+01,2.202865e+01,2.206999e+01,2.204932e+01,2.215263e+01,2.213886e+01,2.192521e+01,2.212509e+01,2.211132e+01,2.209755e+01,2.222833e+01,2.213886e+01,2.217328e+01,2.213886e+01,2.203554e+01,2.208377e+01,2.212509e+01,2.211132e+01,2.211821e+01,2.215952e+01,2.202865e+01,2.216640e+01,2.206310e+01,2.207688e+01,2.207688e+01,2.205621e+01,2.220081e+01,2.209066e+01,2.206310e+01,2.209755e+01,2.209755e+01,2.202865e+01,2.198729e+01,2.202176e+01,2.201486e+01,2.209066e+01,2.215952e+01,2.208377e+01,2.218705e+01,2.209755e+01,2.202865e+01,2.203554e+01,2.200107e+01,2.202865e+01,2.209755e+01,2.195280e+01,2.198039e+01,2.200107e+01,2.195280e+01,2.204243e+01,2.202865e+01,2.191831e+01,2.192521e+01,2.206310e+01,2.193901e+01,2.195970e+01,2.191141e+01,2.195280e+01,2.177332e+01,2.198729e+01,2.193211e+01,2.196660e+01,2.193211e+01,2.200107e+01,2.213886e+01,2.199418e+01,2.189761e+01,2.201486e+01,2.193211e+01,2.213198e+01,2.190451e+01,2.194591e+01,2.206310e+01,2.198039e+01,2.198729e+01,2.194591e+01,2.200797e+01,2.195280e+01,2.194591e+01,2.198039e+01,2.195970e+01,2.201486e+01,2.198039e+01,2.196660e+01,2.195280e+01,2.194591e+01,2.197349e+01,2.195970e+01,2.199418e+01,2.195970e+01,2.192521e+01,2.194591e+01,2.195970e+01,2.188381e+01,2.193901e+01,2.191141e+01,2.193901e+01,2.191141e+01,2.185620e+01,2.188381e+01,2.183548e+01,2.197349e+01,2.190451e+01,2.185620e+01,2.194591e+01,2.189071e+01,2.193901e+01,2.197349e+01,2.187000e+01,2.183548e+01,2.187000e+01,2.182167e+01,2.178713e+01,2.187000e+01,2.190451e+01,2.184239e+01,2.197349e+01,2.189071e+01,2.189071e+01,2.182167e+01,2.183548e+01,2.177332e+01,2.199418e+01,2.200797e+01,2.192521e+01,2.191141e+01,2.200797e+01,2.200797e+01,2.198039e+01,2.200107e+01,2.204932e+01,2.205621e+01,2.196660e+01,2.195280e+01,2.199418e+01,2.214575e+01,2.198729e+01,2.207688e+01,2.197349e+01,2.193211e+01,2.198729e+01,2.188381e+01,2.182858e+01,2.215263e+01,2.194591e+01,2.201486e+01,2.197349e+01,2.199418e+01,2.193901e+01,2.204932e+01,2.200797e+01,2.208377e+01,2.200797e+01,2.198039e+01,2.192521e+01,2.191141e+01,2.208377e+01,2.214575e+01,2.192521e+01,2.190451e+01,2.203554e+01,2.197349e+01,2.188381e+01,2.200797e+01,2.193901e+01,2.191141e+01,2.202176e+01,2.208377e+01,2.198729e+01,2.213886e+01,2.204932e+01,2.194591e+01,2.213198e+01,2.226959e+01,2.225584e+01,2.218705e+01,2.209066e+01,2.209066e+01,2.220081e+01,2.213198e+01,2.209066e+01,2.209755e+01,2.211132e+01,2.222145e+01,2.221457e+01,2.213886e+01,2.222833e+01,2.214575e+01
2.270871e+01,2.257169e+01,2.248939e+01,2.257854e+01,2.248252e+01,2.250311e+01,2.264022e+01,2.255112e+01,2.256483e+01,2.258540e+01,2.266078e+01,2.266078e+01,2.259225e+01,2.265392e+01,2.259911e+01,2.261967e+01,2.265392e+01,2.254426e+01,2.260596e+01,2.263337e+01,2.268817e+01,2.261967e+01,2.257854e+01,2.259225e+01,2.266763e+01,2.260596e+01,2.267447e+01,2.266763e+01,2.267447e+01,2.266078e+01,2.264708e+01,2.270187e+01,2.264022e+01,2.269502e+01,2.268132e+01,2.268132e+01,2.263337e+01,2.268132e+01,2.273610e+01,2.268132e+01,2.270187e+01,2.262652e+01,2.260596e+01,2.269502e+01,2.270871e+01,2.255112e+01,2.266763e+01,2.255112e+01,2.257854e+01,2.264022e+01,2.269502e+01,2.246194e+01,2.253741e+01,2.261282e+01,2.255798e+01,2.255112e+01,2.247566e+01,2.265392e+01,2.252369e+01,2.246194e+01,2.244135e+01,2.243448e+01,2.247566e+01,2.251683e+01,2.246194e+01,2.248939e+01,2.250997e+01,2.260596e+01,2.250997e+01,2.272241e+01,2.276347e+01,2.296173e+01,2.297539e+01,2.318005e+01,2.315278e+01,2.320731e+01,2.338431e+01,2.336390e+01,2.341831e+01,2.338431e+01,2.346590e+01,2.345230e+01,2.362210e+01,2.352026e+01,2.368316e+01,2.364924e+01,2.372384e+01,2.371706e+01,2.387966e+01,2.387966e+01,2.400144e+01,2.388643e+01,2.402172e+01,2.401496e+01,2.398115e+01,2.396762e+01,2.387289e+01,2.403524e+01,2.398115e+01,2.396762e+01,2.389996e+01,2.386612e+01,2.391350e+01,2.381872e+01,2.379162e+01,2.380517e+01,2.379162e+01,2.372384e+01,2.371706e+01,2.377129e+01,2.379839e+01,2.387289e+01,2.390673e+01,2.399467e+01,2.394733e+01,2.392703e+01,2.396086e+01,2.393380e+01,2.383226e+01,2.392703e+01,2.395410e+01,2.394733e+01,2.389320e+01,2.387966e+01,2.387289e+01,2.385258e+01,2.380517e+01,2.377807e+01,2.377129e+01,2.376451e+01,2.365602e+01,2.381194e+01,2.371028e+01,2.381194e+01,2.373062e+01,2.370350e+01,2.365602e+01,2.370350e+01,2.377129e+01,2.366959e+01,2.365602e+01,2.381872e+01,2.366281e+01,2.358816e+01,2.364246e+01,2.360853e+01,2.361531e+01,2.375096e+01,2.372384e+01,2.381194e+01,2.369672e+01,2.375774e+01,2.379162e+01,2.373740e+01,2.377129e+01,2.375774e+01,2.377129e+01,2.385935e+01,2.392703e+01,2.393380e+01,2.394733e+01,2.394733e+01,2.392703e+01,2.387966e+01,2.406227e+01,2.399467e+01,2.394057e+01,2.390673e+01,2.398115e+01,2.400144e+01,2.397439e+01,2.396762e+01,2.387289e+01,2.396086e+01,2.389996e+01,2.396762e+01,2.395410e+01,2.386612e+01,2.385935e+01,2.391350e+01,2.382549e+01,2.375096e+01,2.369672e+01,2.345910e+01,2.341151e+01,2.338431e+01,2.336390e+01,2.343871e+01,2.395410e+01,2.569158e+01,2.341831e+01,2.255112e+01,2.251683e+01,2.248939e+01,2.240702e+01,2.237955e+01,2.238642e+01,2.241389e+01,2.236581e+01,2.239328e+01,2.246880e+01,2.255798e+01,2.244135e+01,2.248939e+01,2.256483e+01,2.272241e+01,2.311869e+01,2.332307e+01,2.323456e+01,2.323456e+01,2.327542e+01,2.317323e+01,2.316642e+01,2.315960e+01,2.339791e+01,2.324137e+01,2.363567e+01,2.344551e+01,2.314597e+01,2.317323e+01,2.284555e+01,2.244821e+01,2.283872e+01,2.282504e+01,2.244135e+01,2.233833e+01,2.211821e+01,2.226271e+01,2.231771e+01,2.239328e+01,2.230396e+01,2.262652e+01,2.287974e+01,2.345230e+01,2.344551e+01,2.493037e+01,2.404200e+01,2.335710e+01,2.370350e+01,2.557175e+01,2.809913e+01,2.832655e+01,2.474256e+01,2.421758e+01,2.514460e+01,2.444001e+01,2.275663e+01,2.300953e+01,2.314597e+01,2.329585e+01,2.334349e+01,2.345910e+01,2.403524e+01,2.764285e+01,2.998835e+01,3.046672e+01,2.957207e+01,2.497727e+01,2.282504e+01,2.281820e+01,2.301635e+01,2.303683e+01,2.425806e+01,2.421758e+01,2.356101e+01,2.414333e+01,2.415008e+01,2.383903e+01,2.484321e+01,2.467540e+01,2.328223e+01,2.340471e+01,2.344551e+01,2.345910e+01,2.519140e+01,2.373062e+01,2.327542e+01,2.370350e+01,2.489686e+01,2.374418e+01,2.354063e+01,2.348629e+01,2.268817e+01,2.294807e+01,2.257854e+01,2.266078e+01,2.295490e+01,2.291391e+01,2.286607e+01,2.303683e+01,2.255112e+01,2.270187e+01,2.303000e+01,2.357458e+01,2.401496e+01,2.632836e+01,2.671124e+01,2.366281e+01,2.343871e+01,2.343871e+01,2.294123e+01,2.274978e+01,2.269502e+01,2.278400e+01,2.373740e+01,2.719774e+01,2.477612e+01,2.272925e+01,2.237955e+01,2.231084e+01,2.233146e+01,2.237268e+01,2.231771e+01,2.226959e+01,2.235894e+01,2.236581e+01,2.241389e+01,2.246194e+01,2.256483e+01,2.240015e+01,2.241389e+01,2.240702e+01,2.237268e+01,2.240015e+01,2.245507e+01,2.245507e+01,2.236581e+01,2.242075e+01,2.239328e+01,2.231084e+01,2.238642e+01,2.238642e+01,2.257169e+01,2.238642e+01,2.236581e+01,2.235207e+01,2.239328e+01,2.235894e+01,2.236581e+01,2.233146e+01,2.230396e+01,2.232458e+01,2.228334e+01,2.219393e+01,2.224208e+01,2.224896e+01,2.220769e+01,2.216640e+01,2.221457e+01,2.230396e+01,2.231084e+01,2.220769e+01,2.212509e+01,2.222145e+01,2.205621e+01,2.216640e+01,2.217328e+01,2.224896e+01,2.220081e+01,2.210443e+01,2.208377e+01,2.204243e+01,2.220769e+01,2.208377e+01,2.226271e+01,2.211132e+01,2.228334e+01,2.213198e+01,2.216640e+01,2.215952e+01,2.215263e+01,2.206999e+01,2.206999e+01,2.201486e+01,2.202176e+01,2.194591e+01,2.206999e+01,2.193211e+01,2.194591e+01,2.198729e+01,2.194591e+01,2.183548e+01,2.189071e+01,2.187000e+01,2.169728e+01,2.178022e+01,2.187691e+01,2.182858e+01,2.188381e+01,2.189071e+01,2.184929e+01,2.191141e+01,2.192521e+01,2.198729e+01,2.197349e+01,2.192521e+01,2.198729e+01,2.198039e+01,2.197349e+01,2.194591e+01,2.202176e+01,2.194591e+01,2.197349e+01,2.197349e+01,2.196660e+01,2.189761e+01,2.205621e+01,2.182858e+01,2.194591e+01,2.193211e+01,2.192521e+01,2.194591e+01,2.194591e+01,2.193211e+01,2.193211e+01,2.184929e+01,2.190451e+01,2.191831e+01,2.180095e+01,2.191141e+01,2.189761e+01,2.191831e+01,2.193211e+01,2.194591e+01,2.196660e+01,2.195280e+01,2.196660e+01,2.194591e+01,2.193901e+01,2.188381e+01,2.189071e+01,2.189071e+01,2.191831e+01,2.207688e+01,2.187691e+01,2.190451e+01,2.194591e+01,2.204932e+01,2.193901e+01,2.184929e+01,2.199418e+01,2.187691e+01,2.198039e+01,2.196660e+01,2.194591e+01,2.201486e+01,2.196660e+01,2.198039e+01,2.198729e+01,2.198039e+01,2.201486e+01,2.202865e+01,2.198039e+01,2.191141e+01,2.203554e+01,2.209066e+01,2.205621e+01,2.218705e+01,2.206310e+01,2.201486e+01,2.206999e+01,2.209755e+01,2.210443e+01,2.211821e+01,2.207688e+01,2.212509e+01,2.206310e+01,2.210443e+01,2.209755e+01,2.217328e+01,2.215952e+01,2.212509e+01,2.207688e+01,2.203554e+01,2.207688e+01,2.200797e+01,2.203554e+01,2.206999e+01,2.215952e+01,2.208377e+01,2.211132e+01,2.210443e+01,2.209066e+01,2.206310e+01,2.200797e+01,2.208377e+01,2.190451e+01,2.204243e+01,2.224208e+01,2.206999e+01,2.207688e+01,2.206999e+01,2.206310e+01,2.206999e+01,2.213198e+01,2.204243e+01,2.204932e+01,2.192521e+01,2.200107e+01,2.198729e+01,2.195970e+01,2.198729e+01,2.204932e+01,2.193901e+01,2.201486e+01,2.200797e+01,2.186310e+01,2.187691e+01,2.204243e+01,2.188381e+01,2.195970e+01,2.178713e+01,2.191141e+01,2.188381e+01,2.195970e+01,2.189071e+01,2.195280e+01,2.198729e+01,2.193211e+01,2.199418e+01,2.193211e+01,2.202176e+01,2.193211e+01,2.197349e+01,2.198729e+01,2.202865e+01,2.198729e+01,2.201486e+01,2.208377e+01,2.198729e+01,2.198039e+01,2.196660e+01,2.192521e+01,2.190451e+01,2.193211e+01,2.209066e+01,2.199418e+01,2.195280e+01,2.195970e+01,2.185620e+01,2.193901e+01,2.193901e+01,2.197349e+01,2.191831e+01,2.196660e+01,2.198039e+01,2.201486e+01,2.200107e+01,2.184929e+01,2.197349e+01,2.217328e+01,2.197349e+01,2.193211e+01,2.195970e+01,2.187000e+01,2.194591e+01,2.187691e+01,2.192521e+01,2.191831e+01,2.182858e+01,2.218016e+01,2.184239e+01,2.190451e+01,2.182858e+01,2.190451e+01,2.180786e+01,2.187000e+01,2.183548e+01,2.187000e+01,2.187000e+01,2.193211e+01,2.190451e+01,2.194591e+01,2.190451e+01,2.185620e+01,2.191141e+01,2.192521e+01,2.191831e+01,2.187691e+01,2.206999e+01,2.192521e+01,2.204243e+01,2.205621e+01,2.200107e+01,2.207688e+01,2.202865e+01,2.213886e+01,2.206310e+01,2.199418e+01,2.197349e+01,2.202176e+01,2.213198e+01,2.209066e+01,2.187000e+01,2.180786e+01,2.188381e+01,2.191831e+01,2.200107e+01,2.202176e+01,2.200107e+01,2.194591e+01,2.199418e+01,2.199418e+01,2.200107e+01,2.198729e+01,2.207688e+01,2.203554e+01,2.200797e+01,2.201486e+01,2.212509e+01,2.203554e+01,2.196660e+01,2.193211e+01,2.194591e+01,2.204243e+01,2.191831e+01,2.192521e+01,2.189071e+01,2.195970e+01,2.204932e+01,2.193211e+01,2.204932e+01,2.202176e+01,2.204243e+01,2.209066e+01,2.219393e+01,2.212509e+01,2.216640e+01,2.211821e+01,2.215263e+01,2.217328e+01,2.211132e+01,2.204932e+01,2.212509e+01,2.213886e+01,2.209066e+01,2.215952e+01,2.218016e+01,2.219393e+01,2.222833e+01
2.260596e+01,2.264708e+01,2.263337e+01,2.262652e+01,2.262652e+01,2.256483e+01,2.252369e+01,2.257169e+01,2.260596e+01,2.262652e+01,2.256483e+01,2.264022e+01,2.257169e+01,2.266078e+01,2.266078e+01,2.256483e+01,2.276347e+01,2.268132e+01,2.273610e+01,2.264022e+01,2.257854e+01,2.257169e+01,2.266078e+01,2.259911e+01,2.274294e+01,2.264022e+01,2.272241e+01,2.268132e+01,2.253741e+01,2.267447e+01,2.264708e+01,2.271556e+01,2.272241e+01,2.263337e+01,2.272241e+01,2.257169e+01,2.264708e+01,2.261282e+01,2.264708e+01,2.264708e+01,2.263337e+01,2.266763e+01,2.258540e+01,2.266078e+01,2.264022e+01,2.259225e+01,2.259911e+01,2.266078e+01,2.253741e+01,2.258540e+01,2.264022e+01,2.269502e+01,2.257854e+01,2.268817e+01,2.255798e+01,2.257169e+01,2.261282e+01,2.261282e+01,2.252369e+01,2.259225e+01,2.241389e+01,2.246880e+01,2.253055e+01,2.247566e+01,2.248252e+01,2.244135e+01,2.246880e+01,2.249625e+01,2.258540e+01,2.266078e+01,2.278400e+01,2.301635e+01,2.304365e+01,2.312551e+01,2.315278e+01,2.314597e+01,2.320049e+01,2.319368e+01,2.322775e+01,2.338431e+01,2.337751e+01,2.351346e+01,2.354063e+01,2.367638e+01,2.362210e+01,2.372384e+01,2.359495e+01,2.371706e+01,2.375774e+01,2.395410e+01,2.387289e+01,2.401496e+01,2.398115e+01,2.398115e+01,2.395410e+01,2.394733e+01,2.402172e+01,2.402848e+01,2.383903e+01,2.383226e+01,2.382549e+01,2.381872e+01,2.378484e+01,2.379162e+01,2.376451e+01,2.374418e+01,2.374418e+01,2.377129e+01,2.372384e+01,2.368994e+01,2.385935e+01,2.381194e+01,2.388643e+01,2.389996e+01,2.394733e+01,2.394057e+01,2.392027e+01,2.379162e+01,2.398791e+01,2.383903e+01,2.385258e+01,2.384581e+01,2.386612e+01,2.394733e+01,2.385935e+01,2.364246e+01,2.387966e+01,2.385935e+01,2.360174e+01,2.379839e+01,2.378484e+01,2.382549e+01,2.381872e+01,2.379162e+01,2.379839e+01,2.377129e+01,2.374418e+01,2.371706e+01,2.377807e+01,2.375096e+01,2.372384e+01,2.378484e+01,2.383903e+01,2.362889e+01,2.360174e+01,2.360174e+01,2.368316e+01,2.362889e+01,2.376451e+01,2.373740e+01,2.375096e+01,2.379162e+01,2.376451e+01,2.379162e+01,2.374418e+01,2.374418e+01,2.375774e+01,2.394057e+01,2.381872e+01,2.396762e+01,2.392027e+01,2.391350e+01,2.397439e+01,2.404200e+01,2.394733e+01,2.405551e+01,2.405551e+01,2.403524e+01,2.404876e+01,2.370350e+01,2.372384e+01,2.391350e+01,2.396086e+01,2.387289e+01,2.392027e+01,2.390673e+01,2.387289e+01,2.385935e+01,2.385258e+01,2.381194e+01,2.387966e+01,2.366281e+01,2.358816e+01,2.358816e+01,2.347269e+01,2.343191e+01,2.330946e+01,2.334349e+01,2.400820e+01,2.554511e+01,2.359495e+01,2.251683e+01,2.245507e+01,2.244135e+01,2.243448e+01,2.242075e+01,2.238642e+01,2.244821e+01,2.244135e+01,2.237268e+01,2.267447e+01,2.249625e+01,2.246194e+01,2.248939e+01,2.255798e+01,2.257169e+01,2.299587e+01,2.303683e+01,2.324137e+01,2.312551e+01,2.340471e+01,2.327542e+01,2.318686e+01,2.299587e+01,2.300953e+01,2.313233e+01,2.362889e+01,2.327542e+01,2.309823e+01,2.311187e+01,2.242075e+01,2.244135e+01,2.290024e+01,2.284555e+01,2.257854e+01,2.256483e+01,2.254426e+01,2.254426e+01,2.274294e+01,2.246194e+01,2.235894e+01,2.267447e+01,2.279084e+01,2.274294e+01,2.292757e+01,2.300953e+01,2.285923e+01,2.290707e+01,2.330946e+01,2.340471e+01,2.474256e+01,2.586442e+01,2.394733e+01,2.441981e+01,2.495047e+01,2.536507e+01,2.327542e+01,2.315278e+01,2.332988e+01,2.337751e+01,2.335029e+01,2.346590e+01,2.383903e+01,2.608339e+01,2.952072e+01,3.068925e+01,2.921214e+01,2.476941e+01,2.305730e+01,2.281820e+01,2.280452e+01,2.327542e+01,2.399467e+01,2.464180e+01,2.539176e+01,2.656617e+01,2.468884e+01,2.444001e+01,2.345230e+01,2.371706e+01,2.379162e+01,2.437266e+01,2.335029e+01,2.281136e+01,2.462836e+01,2.429177e+01,2.315960e+01,2.327542e+01,2.433222e+01,2.449386e+01,2.410956e+01,2.466868e+01,2.349308e+01,2.331627e+01,2.272925e+01,2.294123e+01,2.369672e+01,2.364246e+01,2.335710e+01,2.343871e+01,2.288657e+01,2.301635e+01,2.332307e+01,2.356779e+01,2.403524e+01,2.505093e+01,2.380517e+01,2.309141e+01,2.324137e+01,2.293440e+01,2.272925e+01,2.240702e+01,2.220081e+01,2.206999e+01,2.234520e+01,2.415683e+01,2.328904e+01,2.248252e+01,2.239328e+01,2.238642e+01,2.229709e+01,2.240015e+01,2.233146e+01,2.240015e+01,2.233833e+01,2.242762e+01,2.234520e+01,2.234520e+01,2.238642e+01,2.239328e+01,2.237955e+01,2.233833e+01,2.231084e+01,2.243448e+01,2.231771e+01,2.244821e+01,2.243448e+01,2.233833e+01,2.246194e+01,2.223520e+01,2.241389e+01,2.229709e+01,2.229022e+01,2.227647e+01,2.241389e+01,2.232458e+01,2.235894e+01,2.229022e+01,2.236581e+01,2.231771e+01,2.232458e+01,2.230396e+01,2.232458e+01,2.231771e+01,2.225584e+01,2.231771e+01,2.225584e+01,2.223520e+01,2.229022e+01,2.228334e+01,2.205621e+01,2.219393e+01,2.211821e+01,2.212509e+01,2.218705e+01,2.215263e+01,2.213198e+01,2.217328e+01,2.214575e+01,2.222833e+01,2.220769e+01,2.206999e+01,2.205621e+01,2.215263e+01,2.226271e+01,2.211132e+01,2.213886e+01,2.201486e+01,2.215952e+01,2.216640e+01,2.212509e+01,2.214575e+01,2.207688e+01,2.199418e+01,2.202176e+01,2.203554e+01,2.196660e+01,2.191831e+01,2.191141e+01,2.198729e+01,2.185620e+01,2.182167e+01,2.184239e+01,2.168345e+01,2.176641e+01,2.184929e+01,2.169037e+01,2.184929e+01,2.187000e+01,2.190451e+01,2.184239e+01,2.185620e+01,2.196660e+01,2.195280e+01,2.191831e+01,2.197349e+01,2.198729e+01,2.198729e+01,2.198039e+01,2.199418e+01,2.194591e+01,2.192521e+01,2.185620e+01,2.189761e+01,2.184239e+01,2.188381e+01,2.189761e+01,2.199418e+01,2.189071e+01,2.195970e+01,2.195280e+01,2.192521e+01,2.187691e+01,2.191831e+01,2.187691e+01,2.169037e+01,2.198039e+01,2.189761e+01,2.199418e+01,2.182858e+01,2.191141e+01,2.182858e+01,2.193901e+01,2.190451e+01,2.182167e+01,2.194591e+01,2.189071e+01,2.195280e+01,2.190451e+01,2.190451e+01,2.198729e+01,2.189761e+01,2.197349e+01,2.193211e+01,2.204243e+01,2.201486e+01,2.196660e+01,2.183548e+01,2.195970e+01,2.196660e+01,2.196660e+01,2.193211e+01,2.196660e+01,2.188381e+01,2.189761e+01,2.191831e+01,2.196660e+01,2.199418e+01,2.191141e+01,2.206310e+01,2.203554e+01,2.201486e+01,2.210443e+01,2.205621e+01,2.204932e+01,2.198729e+01,2.215263e+01,2.214575e+01,2.214575e+01,2.212509e+01,2.215263e+01,2.211132e+01,2.210443e+01,2.214575e+01,2.203554e+01,2.207688e+01,2.205621e+01,2.211821e+01,2.204243e+01,2.213886e+01,2.211821e+01,2.224896e+01,2.209755e+01,2.213198e+01,2.202865e+01,2.205621e+01,2.206310e+01,2.218705e+01,2.215263e+01,2.209755e+01,2.205621e+01,2.200107e+01,2.224208e+01,2.210443e+01,2.207688e+01,2.202176e+01,2.200797e+01,2.206310e+01,2.207688e+01,2.204243e+01,2.208377e+01,2.207688e+01,2.202865e+01,2.205621e+01,2.204243e+01,2.206310e+01,2.202865e+01,2.201486e+01,2.193901e+01,2.197349e+01,2.202865e+01,2.200107e+01,2.200797e+01,2.200107e+01,2.186310e+01,2.189071e+01,2.195970e+01,2.190451e+01,2.192521e+01,2.203554e+01,2.191831e+01,2.196660e+01,2.206310e+01,2.191831e+01,2.193211e+01,2.197349e+01,2.198039e+01,2.187691e+01,2.202176e+01,2.201486e+01,2.191831e+01,2.202176e+01,2.195970e+01,2.190451e+01,2.196660e+01,2.204243e+01,2.198039e+01,2.199418e+01,2.203554e+01,2.193901e+01,2.198039e+01,2.192521e+01,2.187691e+01,2.189761e+01,2.195280e+01,2.203554e+01,2.193901e+01,2.189761e+01,2.203554e+01,2.197349e+01,2.186310e+01,2.193901e+01,2.185620e+01,2.186310e+01,2.189761e+01,2.203554e+01,2.200107e+01,2.199418e+01,2.192521e+01,2.191831e+01,2.211821e+01,2.198039e+01,2.187691e+01,2.193901e+01,2.193901e+01,2.198039e+01,2.190451e+01,2.189761e+01,2.189761e+01,2.189071e+01,2.182858e+01,2.186310e+01,2.189761e+01,2.193901e+01,2.180095e+01,2.192521e+01,2.182858e+01,2.183548e+01,2.195970e+01,2.182858e+01,2.188381e+01,2.190451e+01,2.191141e+01,2.183548e+01,2.182858e+01,2.183548e+01,2.191831e+01,2.197349e+01,2.191831e+01,2.189071e+01,2.209066e+01,2.199418e+01,2.204932e+01,2.198729e+01,2.201486e+01,2.208377e+01,2.198729e+01,2.208377e+01,2.224208e+01,2.210443e+01,2.202865e+01,2.209755e+01,2.206310e+01,2.198039e+01,2.192521e+01,2.198729e+01,2.199418e+01,2.198039e+01,2.200107e+01,2.202176e+01,2.198729e+01,2.207688e+01,2.195970e+01,2.195280e+01,2.200797e+01,2.195970e+01,2.203554e+01,2.204243e+01,2.221457e+01,2.214575e+01,2.196660e+01,2.188381e+01,2.195970e+01,2.193211e+01,2.204932e+01,2.198039e+01,2.195970e+01,2.196660e+01,2.209066e+01,2.192521e+01,2.198729e+01,2.211132e+01,2.193901e+01,2.216640e+01,2.207688e+01,2.213886e+01,2.217328e+01,2.210443e+01,2.211821e+01,2.210443e+01,2.213198e+01,2.211821e+01,2.213886e+01,2.213886e+01,2.216640e+01,2.213198e+01,2.220769e+01,2.220081e+01,2.213886e+01,2.219393e+01
2.251683e+01,2.250997e+01,2.249625e+01,2.263337e+01,2.262652e+01,2.250997e+01,2.253055e+01,2.260596e+01,2.281136e+01,2.262652e+01,2.261282e+01,2.266078e+01,2.277032e+01,2.257854e+01,2.261967e+01,2.261967e+01,2.254426e+01,2.259911e+01,2.253055e+01,2.253741e+01,2.254426e+01,2.274978e+01,2.261282e+01,2.271556e+01,2.268817e+01,2.269502e+01,2.242762e+01,2.264708e+01,2.268132e+01,2.262652e+01,2.266763e+01,2.272925e+01,2.270187e+01,2.259911e+01,2.268132e+01,2.261967e+01,2.264708e+01,2.272241e+01,2.264708e+01,2.271556e+01,2.270187e+01,2.274294e+01,2.259911e+01,2.266078e+01,2.261282e+01,2.271556e+01,2.265392e+01,2.257169e+01,2.268132e+01,2.252369e+01,2.250997e+01,2.250997e+01,2.268817e+01,2.266763e+01,2.257854e+01,2.268817e+01,2.258540e+01,2.257169e+01,2.250997e+01,2.240702e+01,2.244135e+01,2.251683e+01,2.248939e+01,2.248939e+01,2.253055e+01,2.244135e+01,2.244821e+01,2.245507e+01,2.274978e+01,2.253741e+01,2.272925e+01,2.302318e+01,2.293440e+01,2.309141e+01,2.302318e+01,2.319368e+01,2.332307e+01,2.326861e+01,2.337070e+01,2.339111e+01,2.336390e+01,2.337070e+01,2.361531e+01,2.357458e+01,2.364924e+01,2.358816e+01,2.368316e+01,2.373740e+01,2.382549e+01,2.386612e+01,2.393380e+01,2.391350e+01,2.398791e+01,2.398791e+01,2.389320e+01,2.391350e+01,2.395410e+01,2.403524e+01,2.391350e+01,2.386612e+01,2.381194e+01,2.397439e+01,2.389996e+01,2.377807e+01,2.366959e+01,2.384581e+01,2.381872e+01,2.375096e+01,2.381872e+01,2.377129e+01,2.383903e+01,2.378484e+01,2.397439e+01,2.393380e+01,2.384581e+01,2.373062e+01,2.377807e+01,2.377129e+01,2.383226e+01,2.396086e+01,2.388643e+01,2.383226e+01,2.380517e+01,2.383226e+01,2.383226e+01,2.382549e+01,2.392703e+01,2.396086e+01,2.379839e+01,2.378484e+01,2.382549e+01,2.379162e+01,2.383903e+01,2.382549e+01,2.377807e+01,2.383903e+01,2.374418e+01,2.371706e+01,2.377807e+01,2.375096e+01,2.371028e+01,2.376451e+01,2.375096e+01,2.367638e+01,2.371706e+01,2.366281e+01,2.363567e+01,2.377807e+01,2.373062e+01,2.379162e+01,2.381194e+01,2.370350e+01,2.371028e+01,2.377129e+01,2.379162e+01,2.375096e+01,2.374418e+01,2.378484e+01,2.387289e+01,2.394733e+01,2.392703e+01,2.398791e+01,2.390673e+01,2.396086e+01,2.398791e+01,2.387966e+01,2.399467e+01,2.396086e+01,2.394057e+01,2.388643e+01,2.393380e+01,2.396086e+01,2.396762e+01,2.393380e+01,2.391350e+01,2.389320e+01,2.397439e+01,2.387289e+01,2.387966e+01,2.381194e+01,2.384581e+01,2.373062e+01,2.362210e+01,2.354063e+01,2.334349e+01,2.340471e+01,2.334349e+01,2.345230e+01,2.399467e+01,2.563168e+01,2.339111e+01,2.252369e+01,2.242075e+01,2.241389e+01,2.242762e+01,2.244821e+01,2.242075e+01,2.235894e+01,2.245507e+01,2.240702e+01,2.248939e+01,2.247566e+01,2.248939e+01,2.247566e+01,2.246880e+01,2.243448e+01,2.302318e+01,2.324137e+01,2.325499e+01,2.300953e+01,2.335710e+01,2.326180e+01,2.298904e+01,2.269502e+01,2.254426e+01,2.330946e+01,2.363567e+01,2.361531e+01,2.319368e+01,2.319368e+01,2.287290e+01,2.274978e+01,2.290024e+01,2.332307e+01,2.343191e+01,2.311187e+01,2.283188e+01,2.261967e+01,2.253741e+01,2.251683e+01,2.253741e+01,2.257854e+01,2.268132e+01,2.280452e+01,2.259225e+01,2.257169e+01,2.257854e+01,2.302318e+01,2.384581e+01,2.396086e+01,2.353384e+01,2.358816e+01,2.406903e+01,2.539843e+01,2.516466e+01,2.495717e+01,2.423782e+01,2.393380e+01,2.358138e+01,2.339111e+01,2.344551e+01,2.338431e+01,2.376451e+01,2.513122e+01,2.951430e+01,3.026925e+01,2.798199e+01,2.392027e+01,2.264708e+01,2.261282e+01,2.278400e+01,2.355421e+01,2.399467e+01,2.605024e+01,2.732885e+01,2.686926e+01,2.438613e+01,2.406227e+01,2.358138e+01,2.417034e+01,2.668487e+01,2.701392e+01,2.380517e+01,2.275663e+01,2.303000e+01,2.417034e+01,2.381872e+01,2.362210e+01,2.369672e+01,2.383226e+01,2.358816e+01,2.609664e+01,2.506431e+01,2.381872e+01,2.347269e+01,2.366959e+01,2.381194e+01,2.385258e+01,2.386612e+01,2.413658e+01,2.387289e+01,2.414333e+01,2.425131e+01,2.382549e+01,2.402848e+01,2.395410e+01,2.326861e+01,2.318686e+01,2.296173e+01,2.253055e+01,2.266763e+01,2.241389e+01,2.218016e+01,2.204932e+01,2.178022e+01,2.199418e+01,2.219393e+01,2.243448e+01,2.237955e+01,2.236581e+01,2.231084e+01,2.224208e+01,2.242762e+01,2.243448e+01,2.242075e+01,2.242075e+01,2.240702e+01,2.237955e+01,2.233146e+01,2.239328e+01,2.234520e+01,2.236581e+01,2.241389e+01,2.243448e+01,2.242762e+01,2.232458e+01,2.226271e+01,2.243448e+01,2.242075e+01,2.225584e+01,2.234520e+01,2.229022e+01,2.228334e+01,2.233833e+01,2.235207e+01,2.233833e+01,2.235207e+01,2.229022e+01,2.232458e+01,2.238642e+01,2.238642e+01,2.235207e+01,2.229022e+01,2.229022e+01,2.233146e+01,2.228334e+01,2.230396e+01,2.211821e+01,2.224896e+01,2.223520e+01,2.222833e+01,2.215952e+01,2.229022e+01,2.220769e+01,2.215952e+01,2.210443e+01,2.209755e+01,2.211821e+01,2.207688e+01,2.211132e+01,2.208377e+01,2.210443e+01,2.220769e+01,2.209066e+01,2.206999e+01,2.225584e+01,2.206999e+01,2.223520e+01,2.202176e+01,2.209755e+01,2.215952e+01,2.204243e+01,2.207688e+01,2.205621e+01,2.204932e+01,2.192521e+01,2.192521e+01,2.195280e+01,2.198729e+01,2.192521e+01,2.197349e+01,2.179404e+01,2.181476e+01,2.180786e+01,2.178022e+01,2.173185e+01,2.175949e+01,2.186310e+01,2.175949e+01,2.186310e+01,2.174567e+01,2.187000e+01,2.191141e+01,2.188381e+01,2.195970e+01,2.197349e+01,2.198729e+01,2.192521e+01,2.185620e+01,2.183548e+01,2.190451e+01,2.189761e+01,2.179404e+01,2.193901e+01,2.186310e+01,2.203554e+01,2.186310e+01,2.191141e+01,2.194591e+01,2.193211e+01,2.192521e+01,2.184929e+01,2.195970e+01,2.187691e+01,2.189071e+01,2.190451e+01,2.190451e+01,2.189761e+01,2.188381e+01,2.191831e+01,2.191831e+01,2.200107e+01,2.180786e+01,2.187691e+01,2.202176e+01,2.192521e+01,2.198039e+01,2.197349e+01,2.192521e+01,2.194591e+01,2.197349e+01,2.199418e+01,2.194591e+01,2.184929e+01,2.184239e+01,2.182167e+01,2.186310e+01,2.201486e+01,2.198039e+01,2.199418e+01,2.205621e+01,2.198039e+01,2.195280e+01,2.195280e+01,2.189071e+01,2.199418e+01,2.195280e+01,2.205621e+01,2.198039e+01,2.186310e+01,2.200107e+01,2.199418e+01,2.203554e+01,2.201486e+01,2.206999e+01,2.200797e+01,2.203554e+01,2.214575e+01,2.213198e+01,2.201486e+01,2.209066e+01,2.224896e+01,2.213886e+01,2.209755e+01,2.211132e+01,2.208377e+01,2.204932e+01,2.205621e+01,2.206999e+01,2.206999e+01,2.203554e+01,2.209066e+01,2.211821e+01,2.204243e+01,2.203554e+01,2.218705e+01,2.222145e+01,2.216640e+01,2.213886e+01,2.209066e+01,2.208377e+01,2.209066e+01,2.202865e+01,2.202865e+01,2.209755e+01,2.200797e+01,2.197349e+01,2.210443e+01,2.213198e+01,2.211132e+01,2.209755e+01,2.208377e+01,2.206999e+01,2.208377e+01,2.204243e+01,2.204932e+01,2.191831e+01,2.189071e+01,2.200797e+01,2.187691e+01,2.191141e+01,2.192521e+01,2.191141e+01,2.194591e+01,2.194591e+01,2.202176e+01,2.193211e+01,2.196660e+01,2.180786e+01,2.193901e+01,2.191141e+01,2.195280e+01,2.193211e+01,2.191141e+01,2.191831e+01,2.189071e+01,2.204932e+01,2.200797e+01,2.202865e+01,2.198039e+01,2.203554e+01,2.198729e+01,2.199418e+01,2.191141e+01,2.193901e+01,2.198729e+01,2.192521e+01,2.194591e+01,2.189761e+01,2.198729e+01,2.203554e+01,2.196660e+01,2.192521e+01,2.202176e+01,2.202176e+01,2.191831e+01,2.202865e+01,2.193211e+01,2.202865e+01,2.201486e+01,2.187000e+01,2.206999e+01,2.193211e+01,2.187691e+01,2.196660e+01,2.195280e+01,2.186310e+01,2.198729e+01,2.195970e+01,2.195280e+01,2.193211e+01,2.191141e+01,2.187000e+01,2.195970e+01,2.191831e+01,2.197349e+01,2.182858e+01,2.193901e+01,2.190451e+01,2.178022e+01,2.185620e+01,2.180095e+01,2.193901e+01,2.189761e+01,2.194591e+01,2.200797e+01,2.184239e+01,2.187691e+01,2.194591e+01,2.195970e+01,2.193901e+01,2.184929e+01,2.195970e+01,2.198039e+01,2.189761e+01,2.193901e+01,2.186310e+01,2.176641e+01,2.191831e+01,2.183548e+01,2.206310e+01,2.204932e+01,2.207688e+01,2.202865e+01,2.204243e+01,2.205621e+01,2.224896e+01,2.204932e+01,2.216640e+01,2.215263e+01,2.210443e+01,2.205621e+01,2.201486e+01,2.199418e+01,2.197349e+01,2.203554e+01,2.196660e+01,2.195970e+01,2.199418e+01,2.198039e+01,2.193211e+01,2.200107e+01,2.189761e+01,2.206999e+01,2.199418e+01,2.193901e+01,2.200107e+01,2.197349e+01,2.200797e+01,2.195280e+01,2.195280e+01,2.204243e+01,2.209066e+01,2.211821e+01,2.202865e+01,2.211821e+01,2.209066e+01,2.208377e+01,2.200107e+01,2.191831e+01,2.211132e+01,2.200107e+01,2.206310e+01,2.200107e+01,2.202176e+01,2.213198e+01,2.214575e+01,2.223520e+01,2.213886e+01,2.220081e+01,2.218705e+01,2.199418e+01,2.213198e+01,2.214575e+01,2.217328e+01,2.215263e+01,2.218016e+01,2.215952e+01,2.223520e+01,2.215952e+01
2.250997e+01,2.250311e+01,2.261282e+01,2.255798e+01,2.274978e+01,2.261967e+01,2.263337e+01,2.253055e+01,2.261967e+01,2.258540e+01,2.266078e+01,2.268132e+01,2.266763e+01,2.259911e+01,2.266078e+01,2.263337e+01,2.268132e+01,2.261967e+01,2.253741e+01,2.253741e+01,2.262652e+01,2.252369e+01,2.272241e+01,2.272241e+01,2.260596e+01,2.261967e+01,2.268817e+01,2.271556e+01,2.256483e+01,2.266763e+01,2.268132e+01,2.265392e+01,2.268132e+01,2.266078e+01,2.261967e+01,2.261282e+01,2.269502e+01,2.261282e+01,2.267447e+01,2.269502e+01,2.261282e+01,2.265392e+01,2.274978e+01,2.259225e+01,2.265392e+01,2.259225e+01,2.251683e+01,2.266763e+01,2.262652e+01,2.265392e+01,2.263337e+01,2.250997e+01,2.262652e+01,2.250997e+01,2.255112e+01,2.255798e+01,2.255798e+01,2.256483e+01,2.233833e+01,2.225584e+01,2.252369e+01,2.242075e+01,2.246194e+01,2.246880e+01,2.257854e+01,2.246194e+01,2.267447e+01,2.266763e+01,2.246194e+01,2.268817e+01,2.280452e+01,2.300270e+01,2.305048e+01,2.318686e+01,2.315960e+01,2.312551e+01,2.317323e+01,2.324818e+01,2.321412e+01,2.331627e+01,2.341831e+01,2.339791e+01,2.351346e+01,2.362210e+01,2.353384e+01,2.371028e+01,2.361531e+01,2.374418e+01,2.381872e+01,2.384581e+01,2.393380e+01,2.397439e+01,2.394733e+01,2.398115e+01,2.398791e+01,2.400144e+01,2.399467e+01,2.404200e+01,2.394733e+01,2.384581e+01,2.398115e+01,2.386612e+01,2.375774e+01,2.382549e+01,2.373740e+01,2.373062e+01,2.380517e+01,2.369672e+01,2.354063e+01,2.376451e+01,2.383226e+01,2.381194e+01,2.390673e+01,2.381194e+01,2.385935e+01,2.389320e+01,2.378484e+01,2.377129e+01,2.382549e+01,2.389320e+01,2.398791e+01,2.387289e+01,2.387966e+01,2.387289e+01,2.385258e+01,2.398115e+01,2.378484e+01,2.381194e+01,2.379839e+01,2.380517e+01,2.377807e+01,2.383226e+01,2.383226e+01,2.385935e+01,2.380517e+01,2.379839e+01,2.379839e+01,2.383903e+01,2.378484e+01,2.369672e+01,2.374418e+01,2.373740e+01,2.371028e+01,2.354742e+01,2.375096e+01,2.368316e+01,2.376451e+01,2.364924e+01,2.379162e+01,2.367638e+01,2.368994e+01,2.383903e+01,2.381872e+01,2.379839e+01,2.377807e+01,2.378484e+01,2.381872e+01,2.383903e+01,2.394057e+01,2.377129e+01,2.384581e+01,2.400144e+01,2.401496e+01,2.389996e+01,2.389320e+01,2.397439e+01,2.386612e+01,2.395410e+01,2.394057e+01,2.406227e+01,2.394057e+01,2.387966e+01,2.388643e+01,2.385258e+01,2.389320e+01,2.402848e+01,2.387966e+01,2.389996e+01,2.385258e+01,2.389320e+01,2.377129e+01,2.376451e+01,2.375774e+01,2.346590e+01,2.339111e+01,2.324137e+01,2.327542e+01,2.345230e+01,2.397439e+01,2.570488e+01,2.329585e+01,2.246880e+01,2.242762e+01,2.238642e+01,2.236581e+01,2.240015e+01,2.240015e+01,2.246880e+01,2.246194e+01,2.240015e+01,2.247566e+01,2.237955e+01,2.250311e+01,2.244821e+01,2.248939e+01,2.247566e+01,2.274294e+01,2.320731e+01,2.293440e+01,2.258540e+01,2.299587e+01,2.315960e+01,2.332988e+01,2.273610e+01,2.244821e+01,2.241389e+01,2.322093e+01,2.440634e+01,2.359495e+01,2.341151e+01,2.309823e+01,2.340471e+01,2.311187e+01,2.329585e+01,2.387289e+01,2.296856e+01,2.235894e+01,2.244135e+01,2.257854e+01,2.214575e+01,2.214575e+01,2.235207e+01,2.257169e+01,2.279768e+01,2.258540e+01,2.278400e+01,2.298904e+01,2.446694e+01,2.624235e+01,2.645394e+01,2.441307e+01,2.396762e+01,2.583785e+01,2.662554e+01,2.611653e+01,2.400144e+01,2.415008e+01,2.464853e+01,2.357458e+01,2.339791e+01,2.339791e+01,2.340471e+01,2.352705e+01,2.395410e+01,2.758405e+01,2.932153e+01,2.625559e+01,2.296173e+01,2.248939e+01,2.250997e+01,2.257169e+01,2.368994e+01,2.599718e+01,2.597728e+01,2.523819e+01,2.446021e+01,2.370350e+01,2.402848e+01,2.441981e+01,2.443328e+01,2.728953e+01,2.789079e+01,2.464180e+01,2.314597e+01,2.261282e+01,2.240015e+01,2.375096e+01,2.491697e+01,2.380517e+01,2.339111e+01,2.375774e+01,2.353384e+01,2.419733e+01,2.415008e+01,2.407579e+01,2.414333e+01,2.465524e+01,2.385935e+01,2.385258e+01,2.404876e+01,2.448713e+01,2.540510e+01,2.572484e+01,2.470898e+01,2.378484e+01,2.345230e+01,2.343871e+01,2.311187e+01,2.265392e+01,2.265392e+01,2.242762e+01,2.270871e+01,2.241389e+01,2.250311e+01,2.224208e+01,2.200107e+01,2.201486e+01,2.235207e+01,2.237955e+01,2.243448e+01,2.224208e+01,2.225584e+01,2.222145e+01,2.222833e+01,2.236581e+01,2.224896e+01,2.237268e+01,2.236581e+01,2.235894e+01,2.236581e+01,2.239328e+01,2.230396e+01,2.235207e+01,2.239328e+01,2.238642e+01,2.244135e+01,2.235207e+01,2.221457e+01,2.233146e+01,2.242762e+01,2.267447e+01,2.228334e+01,2.226959e+01,2.229022e+01,2.231771e+01,2.235894e+01,2.237955e+01,2.234520e+01,2.241389e+01,2.230396e+01,2.227647e+01,2.229022e+01,2.227647e+01,2.220081e+01,2.227647e+01,2.231771e+01,2.237955e+01,2.225584e+01,2.219393e+01,2.224208e+01,2.224208e+01,2.221457e+01,2.204932e+01,2.209755e+01,2.211132e+01,2.213198e+01,2.209755e+01,2.205621e+01,2.211821e+01,2.210443e+01,2.224208e+01,2.203554e+01,2.206999e+01,2.206999e+01,2.212509e+01,2.210443e+01,2.220081e+01,2.219393e+01,2.215263e+01,2.206999e+01,2.206310e+01,2.206999e+01,2.204243e+01,2.203554e+01,2.201486e+01,2.201486e+01,2.193211e+01,2.184929e+01,2.191831e+01,2.187691e+01,2.190451e+01,2.180095e+01,2.180095e+01,2.191141e+01,2.177332e+01,2.187691e+01,2.177332e+01,2.181476e+01,2.178713e+01,2.182858e+01,2.185620e+01,2.187691e+01,2.182167e+01,2.190451e+01,2.191141e+01,2.186310e+01,2.198039e+01,2.199418e+01,2.189761e+01,2.185620e+01,2.188381e+01,2.184929e+01,2.192521e+01,2.191141e+01,2.218016e+01,2.194591e+01,2.199418e+01,2.193901e+01,2.168345e+01,2.191141e+01,2.189761e+01,2.189761e+01,2.181476e+01,2.189761e+01,2.184239e+01,2.185620e+01,2.187000e+01,2.191831e+01,2.189761e+01,2.191141e+01,2.191831e+01,2.193211e+01,2.177332e+01,2.202865e+01,2.187691e+01,2.182858e+01,2.187691e+01,2.195280e+01,2.189071e+01,2.191141e+01,2.197349e+01,2.190451e+01,2.187691e+01,2.196660e+01,2.188381e+01,2.202176e+01,2.200107e+01,2.193901e+01,2.191831e+01,2.195970e+01,2.194591e+01,2.188381e+01,2.190451e+01,2.195280e+01,2.191831e+01,2.195970e+01,2.200797e+01,2.199418e+01,2.200107e+01,2.202176e+01,2.194591e+01,2.194591e+01,2.199418e+01,2.204932e+01,2.209755e+01,2.204243e+01,2.204243e+01,2.196660e+01,2.211132e+01,2.209066e+01,2.235207e+01,2.204243e+01,2.208377e+01,2.203554e+01,2.211132e+01,2.210443e+01,2.205621e+01,2.202865e+01,2.202865e+01,2.209755e+01,2.205621e+01,2.211132e+01,2.213886e+01,2.216640e+01,2.214575e+01,2.211821e+01,2.209755e+01,2.203554e+01,2.194591e+01,2.197349e+01,2.200107e+01,2.210443e+01,2.215263e+01,2.210443e+01,2.200797e+01,2.199418e+01,2.210443e+01,2.198039e+01,2.206310e+01,2.206999e+01,2.200107e+01,2.204243e+01,2.206999e+01,2.189761e+01,2.208377e+01,2.203554e+01,2.204243e+01,2.191831e+01,2.204243e+01,2.199418e+01,2.191141e+01,2.192521e+01,2.187000e+01,2.188381e+01,2.191831e+01,2.190451e+01,2.188381e+01,2.191141e+01,2.188381e+01,2.187691e+01,2.195970e+01,2.193901e+01,2.191831e+01,2.204932e+01,2.195280e+01,2.189071e+01,2.191831e+01,2.199418e+01,2.191831e+01,2.202176e+01,2.193211e+01,2.194591e+01,2.197349e+01,2.200107e+01,2.198729e+01,2.200107e+01,2.202865e+01,2.200797e+01,2.184239e+01,2.196660e+01,2.200107e+01,2.201486e+01,2.198729e+01,2.200797e+01,2.206999e+01,2.190451e+01,2.206310e+01,2.202176e+01,2.192521e+01,2.189761e+01,2.200797e+01,2.187000e+01,2.188381e+01,2.187000e+01,2.197349e+01,2.207688e+01,2.203554e+01,2.196660e+01,2.194591e+01,2.198039e+01,2.191141e+01,2.187691e+01,2.196660e+01,2.191141e+01,2.199418e+01,2.192521e+01,2.189761e+01,2.180786e+01,2.189761e+01,2.177332e+01,2.182167e+01,2.213198e+01,2.196660e+01,2.191141e+01,2.175949e+01,2.195970e+01,2.193211e+01,2.193211e+01,2.193211e+01,2.193211e+01,2.197349e+01,2.192521e+01,2.198039e+01,2.189071e+01,2.195280e+01,2.191141e+01,2.193211e+01,2.191141e+01,2.204932e+01,2.199418e+01,2.202865e+01,2.193901e+01,2.200797e+01,2.204243e+01,2.205621e+01,2.206310e+01,2.204932e+01,2.206999e+01,2.204932e+01,2.206999e+01,2.204243e+01,2.204243e+01,2.204932e+01,2.199418e+01,2.202176e+01,2.195280e+01,2.200797e+01,2.193901e+01,2.193901e+01,2.201486e+01,2.203554e+01,2.200797e+01,2.201486e+01,2.201486e+01,2.187691e+01,2.204243e+01,2.210443e+01,2.198039e+01,2.200107e+01,2.202176e+01,2.202176e+01,2.195280e+01,2.204932e+01,2.201486e+01,2.200797e+01,2.205621e+01,2.208377e+01,2.210443e+01,2.209755e+01,2.206999e+01,2.211132e+01,2.209755e+01,2.200107e+01,2.210443e+01,2.209066e+01,2.204932e+01,2.215263e+01,2.214575e+01,2.216640e+01,2.218016e+01,2.222145e+01,2.211132e+01,2.222145e+01,2.213886e+01,2.220081e+01,2.224896e+01,2.220769e+01,2.215263e+01,2.206310e+01,2.206999e+01
2.262652e+01,2.253741e+01,2.259225e+01,2.253055e+01,2.253055e+01,2.275663e+01,2.259911e+01,2.261967e+01,2.250997e+01,2.255798e+01,2.257854e+01,2.272241e+01,2.267447e+01,2.272925e+01,2.257854e+01,2.270187e+01,2.256483e+01,2.271556e+01,2.266763e+01,2.266763e+01,2.267447e+01,2.261282e+01,2.263337e+01,2.276347e+01,2.269502e+01,2.268817e+01,2.270187e+01,2.276347e+01,2.276347e+01,2.279084e+01,2.262652e+01,2.268817e+01,2.273610e+01,2.268817e+01,2.272241e+01,2.274294e+01,2.274978e+01,2.278400e+01,2.266078e+01,2.257854e+01,2.263337e+01,2.267447e+01,2.259911e+01,2.266078e+01,2.262652e+01,2.275663e+01,2.265392e+01,2.260596e+01,2.266078e+01,2.264022e+01,2.261967e+01,2.259911e+01,2.247566e+01,2.246194e+01,2.262652e+01,2.250997e+01,2.248939e+01,2.248252e+01,2.252369e+01,2.260596e+01,2.251683e+01,2.240702e+01,2.252369e+01,2.246194e+01,2.240702e+01,2.246880e+01,2.270187e+01,2.253741e+01,2.257169e+01,2.264708e+01,2.266763e+01,2.300270e+01,2.307095e+01,2.305048e+01,2.309141e+01,2.327542e+01,2.310505e+01,2.328223e+01,2.317323e+01,2.328223e+01,2.339111e+01,2.338431e+01,2.345910e+01,2.358816e+01,2.349308e+01,2.372384e+01,2.368316e+01,2.383226e+01,2.374418e+01,2.391350e+01,2.388643e+01,2.389996e+01,2.394733e+01,2.405551e+01,2.392703e+01,2.404200e+01,2.406903e+01,2.392703e+01,2.392027e+01,2.381194e+01,2.387289e+01,2.382549e+01,2.396086e+01,2.380517e+01,2.373062e+01,2.379839e+01,2.370350e+01,2.371028e+01,2.370350e+01,2.393380e+01,2.385935e+01,2.386612e+01,2.383226e+01,2.379839e+01,2.380517e+01,2.373062e+01,2.385935e+01,2.385935e+01,2.383226e+01,2.390673e+01,2.389320e+01,2.387966e+01,2.394057e+01,2.396762e+01,2.384581e+01,2.384581e+01,2.381872e+01,2.377129e+01,2.386612e+01,2.391350e+01,2.373062e+01,2.383226e+01,2.378484e+01,2.385258e+01,2.374418e+01,2.388643e+01,2.375096e+01,2.373740e+01,2.380517e+01,2.394057e+01,2.377129e+01,2.380517e+01,2.373740e+01,2.376451e+01,2.373740e+01,2.373740e+01,2.364246e+01,2.375774e+01,2.362210e+01,2.377129e+01,2.362889e+01,2.377807e+01,2.379839e+01,2.371028e+01,2.381194e+01,2.373740e+01,2.371028e+01,2.380517e+01,2.400820e+01,2.388643e+01,2.384581e+01,2.384581e+01,2.394057e+01,2.403524e+01,2.398791e+01,2.396086e+01,2.393380e+01,2.394057e+01,2.406903e+01,2.387289e+01,2.391350e+01,2.394057e+01,2.386612e+01,2.388643e+01,2.391350e+01,2.374418e+01,2.389320e+01,2.389996e+01,2.387966e+01,2.389996e+01,2.389320e+01,2.381194e+01,2.375774e+01,2.350667e+01,2.330946e+01,2.335710e+01,2.335710e+01,2.331627e+01,2.398115e+01,2.572484e+01,2.327542e+01,2.247566e+01,2.246194e+01,2.237268e+01,2.242075e+01,2.240702e+01,2.248939e+01,2.246880e+01,2.244821e+01,2.239328e+01,2.243448e+01,2.238642e+01,2.248252e+01,2.259911e+01,2.245507e+01,2.253741e+01,2.261282e+01,2.295490e+01,2.324818e+01,2.297539e+01,2.306412e+01,2.309141e+01,2.333668e+01,2.306412e+01,2.270187e+01,2.246194e+01,2.263337e+01,2.345230e+01,2.412983e+01,2.345230e+01,2.339111e+01,2.367638e+01,2.383226e+01,2.345230e+01,2.354063e+01,2.307095e+01,2.244821e+01,2.265392e+01,2.251683e+01,2.215263e+01,2.184239e+01,2.217328e+01,2.233146e+01,2.263337e+01,2.256483e+01,2.277032e+01,2.332307e+01,2.555843e+01,2.719118e+01,2.802756e+01,2.606350e+01,2.499736e+01,2.641430e+01,2.570488e+01,2.510446e+01,2.445347e+01,2.468212e+01,2.469555e+01,2.371028e+01,2.317323e+01,2.349988e+01,2.357458e+01,2.353384e+01,2.359495e+01,2.504423e+01,2.849517e+01,2.501745e+01,2.271556e+01,2.251683e+01,2.266078e+01,2.283872e+01,2.447367e+01,2.595737e+01,2.470227e+01,2.530499e+01,2.480967e+01,2.441981e+01,2.562503e+01,2.617615e+01,2.462836e+01,2.567162e+01,2.541844e+01,2.438613e+01,2.282504e+01,2.234520e+01,2.171802e+01,2.191831e+01,2.305730e+01,2.380517e+01,2.336390e+01,2.323456e+01,2.320049e+01,2.303683e+01,2.413658e+01,2.404876e+01,2.392703e+01,2.511115e+01,2.401496e+01,2.413658e+01,2.409605e+01,2.543179e+01,2.869589e+01,2.855996e+01,2.717150e+01,2.425131e+01,2.343871e+01,2.345230e+01,2.315960e+01,2.287974e+01,2.294807e+01,2.309823e+01,2.300270e+01,2.284555e+01,2.397439e+01,2.260596e+01,2.235207e+01,2.254426e+01,2.241389e+01,2.230396e+01,2.232458e+01,2.232458e+01,2.234520e+01,2.240015e+01,2.242075e+01,2.221457e+01,2.238642e+01,2.245507e+01,2.233146e+01,2.233833e+01,2.235894e+01,2.234520e+01,2.229709e+01,2.235894e+01,2.232458e+01,2.242762e+01,2.237268e+01,2.244821e+01,2.237268e+01,2.229709e+01,2.233146e+01,2.227647e+01,2.233146e+01,2.238642e+01,2.241389e+01,2.234520e+01,2.230396e+01,2.231084e+01,2.234520e+01,2.231084e+01,2.234520e+01,2.233833e+01,2.247566e+01,2.231771e+01,2.233146e+01,2.228334e+01,2.215263e+01,2.225584e+01,2.217328e+01,2.224896e+01,2.224208e+01,2.222145e+01,2.219393e+01,2.221457e+01,2.204243e+01,2.208377e+01,2.210443e+01,2.219393e+01,2.208377e+01,2.209066e+01,2.205621e+01,2.209066e+01,2.209066e+01,2.215263e+01,2.206310e+01,2.208377e+01,2.218705e+01,2.218016e+01,2.218705e+01,2.202176e+01,2.205621e+01,2.207688e+01,2.204932e+01,2.204932e+01,2.204932e+01,2.206999e+01,2.201486e+01,2.189071e+01,2.191141e+01,2.178022e+01,2.191831e+01,2.189071e+01,2.180786e+01,2.178022e+01,2.180095e+01,2.182858e+01,2.181476e+01,2.181476e+01,2.178022e+01,2.180095e+01,2.183548e+01,2.187691e+01,2.181476e+01,2.193211e+01,2.193211e+01,2.195280e+01,2.196660e+01,2.199418e+01,2.183548e+01,2.187000e+01,2.186310e+01,2.180095e+01,2.180786e+01,2.188381e+01,2.195970e+01,2.189761e+01,2.189761e+01,2.195280e+01,2.196660e+01,2.196660e+01,2.193211e+01,2.192521e+01,2.191141e+01,2.191831e+01,2.189761e+01,2.192521e+01,2.190451e+01,2.195970e+01,2.178022e+01,2.193211e+01,2.192521e+01,2.191141e+01,2.189071e+01,2.195280e+01,2.196660e+01,2.199418e+01,2.200797e+01,2.193211e+01,2.190451e+01,2.192521e+01,2.195280e+01,2.202865e+01,2.199418e+01,2.200797e+01,2.190451e+01,2.195970e+01,2.199418e+01,2.199418e+01,2.198729e+01,2.195280e+01,2.196660e+01,2.201486e+01,2.200797e+01,2.193901e+01,2.193211e+01,2.195280e+01,2.198039e+01,2.192521e+01,2.206310e+01,2.190451e+01,2.201486e+01,2.202176e+01,2.207688e+01,2.199418e+01,2.205621e+01,2.202176e+01,2.202865e+01,2.202176e+01,2.209066e+01,2.209066e+01,2.206310e+01,2.213198e+01,2.215263e+01,2.212509e+01,2.208377e+01,2.209066e+01,2.211132e+01,2.208377e+01,2.198039e+01,2.209755e+01,2.215263e+01,2.210443e+01,2.212509e+01,2.210443e+01,2.210443e+01,2.206310e+01,2.209066e+01,2.209066e+01,2.208377e+01,2.207688e+01,2.211132e+01,2.209755e+01,2.205621e+01,2.204243e+01,2.184239e+01,2.215952e+01,2.190451e+01,2.210443e+01,2.189071e+01,2.199418e+01,2.210443e+01,2.198729e+01,2.218016e+01,2.206999e+01,2.195280e+01,2.190451e+01,2.207688e+01,2.190451e+01,2.194591e+01,2.196660e+01,2.195280e+01,2.191831e+01,2.193211e+01,2.187691e+01,2.193211e+01,2.192521e+01,2.187000e+01,2.192521e+01,2.196660e+01,2.195280e+01,2.187000e+01,2.200107e+01,2.192521e+01,2.193901e+01,2.191141e+01,2.199418e+01,2.201486e+01,2.195970e+01,2.196660e+01,2.200797e+01,2.213886e+01,2.193901e+01,2.200797e+01,2.202176e+01,2.198729e+01,2.200107e+01,2.203554e+01,2.201486e+01,2.204932e+01,2.203554e+01,2.196660e+01,2.193901e+01,2.200797e+01,2.200797e+01,2.209755e+01,2.211132e+01,2.200107e+01,2.198039e+01,2.203554e+01,2.198729e+01,2.202176e+01,2.203554e+01,2.203554e+01,2.204932e+01,2.196660e+01,2.203554e+01,2.193901e+01,2.182858e+01,2.200797e+01,2.206999e+01,2.200797e+01,2.200797e+01,2.193211e+01,2.191141e+01,2.200797e+01,2.188381e+01,2.202176e+01,2.182858e+01,2.179404e+01,2.192521e+01,2.190451e+01,2.190451e+01,2.195970e+01,2.196660e+01,2.201486e+01,2.198039e+01,2.198729e+01,2.193901e+01,2.177332e+01,2.189761e+01,2.198039e+01,2.198729e+01,2.184929e+01,2.189761e+01,2.195970e+01,2.190451e+01,2.189761e+01,2.199418e+01,2.198039e+01,2.195280e+01,2.196660e+01,2.208377e+01,2.211821e+01,2.202865e+01,2.204932e+01,2.206999e+01,2.207688e+01,2.206999e+01,2.207688e+01,2.213886e+01,2.206310e+01,2.206999e+01,2.220081e+01,2.218016e+01,2.200797e+01,2.200797e+01,2.203554e+01,2.195970e+01,2.202865e+01,2.194591e+01,2.199418e+01,2.182858e+01,2.200797e+01,2.201486e+01,2.207688e+01,2.211132e+01,2.196660e+01,2.187000e+01,2.195970e+01,2.193901e+01,2.203554e+01,2.203554e+01,2.201486e+01,2.196660e+01,2.212509e+01,2.200107e+01,2.203554e+01,2.204932e+01,2.212509e+01,2.205621e+01,2.211132e+01,2.207688e+01,2.206999e+01,2.207688e+01,2.210443e+01,2.215952e+01,2.203554e+01,2.216640e+01,2.216640e+01,2.218016e+01,2.214575e+01,2.211821e+01,2.211132e+01,2.226271e+01,2.229022e+01,2.222833e+01,2.216640e+01,2.192521e+01,2.220081e+01,2.210443e+01,2.203554e+01
2.251683e+01,2.265392e+01,2.256483e+01,2.265392e+01,2.257169e+01,2.253741e+01,2.257169e+01,2.257169e+01,2.255112e+01,2.263337e+01,2.270871e+01,2.254426e+01,2.265392e+01,2.275663e+01,2.286607e+01,2.278400e+01,2.276347e+01,2.264708e+01,2.268132e+01,2.263337e+01,2.255112e+01,2.259225e+01,2.275663e+01,2.271556e+01,2.268817e+01,2.270871e+01,2.266078e+01,2.266078e+01,2.266763e+01,2.269502e+01,2.266763e+01,2.263337e+01,2.266763e+01,2.272925e+01,2.261282e+01,2.270871e+01,2.273610e+01,2.272925e+01,2.259911e+01,2.265392e+01,2.259911e+01,2.266763e+01,2.267447e+01,2.272925e+01,2.268132e+01,2.264022e+01,2.264708e+01,2.262652e+01,2.261967e+01,2.261282e+01,2.266078e+01,2.248252e+01,2.247566e+01,2.255798e+01,2.256483e+01,2.250311e+01,2.256483e+01,2.259225e+01,2.250997e+01,2.249625e+01,2.262652e+01,2.240015e+01,2.250311e+01,2.234520e+01,2.253741e+01,2.247566e+01,2.261967e+01,2.263337e+01,2.264708e+01,2.263337e+01,2.277032e+01,2.287974e+01,2.293440e+01,2.319368e+01,2.320049e+01,2.316642e+01,2.321412e+01,2.325499e+01,2.326180e+01,2.328904e+01,2.349988e+01,2.341151e+01,2.339111e+01,2.363567e+01,2.358816e+01,2.362889e+01,2.370350e+01,2.373740e+01,2.385258e+01,2.387289e+01,2.387966e+01,2.403524e+01,2.395410e+01,2.395410e+01,2.397439e+01,2.398115e+01,2.402848e+01,2.392703e+01,2.385935e+01,2.384581e+01,2.383226e+01,2.384581e+01,2.383903e+01,2.383226e+01,2.381872e+01,2.373062e+01,2.369672e+01,2.369672e+01,2.361531e+01,2.375774e+01,2.387289e+01,2.387966e+01,2.385935e+01,2.387289e+01,2.385935e+01,2.383903e+01,2.379839e+01,2.385258e+01,2.388643e+01,2.389996e+01,2.381194e+01,2.381872e+01,2.381872e+01,2.381194e+01,2.386612e+01,2.379162e+01,2.381194e+01,2.382549e+01,2.380517e+01,2.391350e+01,2.385258e+01,2.381872e+01,2.375774e+01,2.382549e+01,2.383226e+01,2.372384e+01,2.377129e+01,2.380517e+01,2.389996e+01,2.372384e+01,2.362889e+01,2.389320e+01,2.375096e+01,2.380517e+01,2.372384e+01,2.377807e+01,2.366281e+01,2.366959e+01,2.373062e+01,2.377129e+01,2.385258e+01,2.374418e+01,2.386612e+01,2.375096e+01,2.371028e+01,2.373062e+01,2.385258e+01,2.385935e+01,2.399467e+01,2.377129e+01,2.396086e+01,2.385935e+01,2.387289e+01,2.392027e+01,2.397439e+01,2.397439e+01,2.406227e+01,2.392027e+01,2.395410e+01,2.393380e+01,2.392703e+01,2.393380e+01,2.391350e+01,2.400144e+01,2.390673e+01,2.394733e+01,2.396762e+01,2.392703e+01,2.404876e+01,2.376451e+01,2.381194e+01,2.385935e+01,2.366959e+01,2.351346e+01,2.332988e+01,2.324818e+01,2.324137e+01,2.335710e+01,2.396762e+01,2.557175e+01,2.320731e+01,2.249625e+01,2.248252e+01,2.242762e+01,2.242075e+01,2.246194e+01,2.247566e+01,2.250311e+01,2.241389e+01,2.252369e+01,2.240015e+01,2.244135e+01,2.253055e+01,2.248939e+01,2.263337e+01,2.253741e+01,2.275663e+01,2.292757e+01,2.360174e+01,2.326861e+01,2.310505e+01,2.357458e+01,2.359495e+01,2.357458e+01,2.278400e+01,2.281820e+01,2.272925e+01,2.262652e+01,2.304365e+01,2.330265e+01,2.341151e+01,2.344551e+01,2.382549e+01,2.325499e+01,2.315278e+01,2.298904e+01,2.292074e+01,2.267447e+01,2.282504e+01,2.253055e+01,2.256483e+01,2.248939e+01,2.253055e+01,2.256483e+01,2.259225e+01,2.274978e+01,2.308459e+01,2.435244e+01,2.441307e+01,2.602371e+01,2.565165e+01,2.609664e+01,2.577803e+01,2.553178e+01,2.612315e+01,2.493707e+01,2.493707e+01,2.423107e+01,2.441981e+01,2.440634e+01,2.370350e+01,2.345230e+01,2.355421e+01,2.338431e+01,2.372384e+01,2.665191e+01,2.583785e+01,2.290024e+01,2.267447e+01,2.266078e+01,2.302318e+01,2.491026e+01,2.603698e+01,2.561837e+01,2.587770e+01,2.370350e+01,2.461492e+01,2.593082e+01,2.480967e+01,2.285923e+01,2.302318e+01,2.292074e+01,2.296856e+01,2.222833e+01,2.180095e+01,2.170420e+01,2.168345e+01,2.173185e+01,2.192521e+01,2.223520e+01,2.293440e+01,2.334349e+01,2.396086e+01,2.418384e+01,2.478954e+01,2.380517e+01,2.406903e+01,2.383226e+01,2.391350e+01,2.508439e+01,2.855349e+01,3.063207e+01,3.021823e+01,2.855349e+01,2.425806e+01,2.371028e+01,2.383226e+01,2.307777e+01,2.279768e+01,2.302318e+01,2.309141e+01,2.284555e+01,2.238642e+01,2.253055e+01,2.251683e+01,2.240702e+01,2.270187e+01,2.274978e+01,2.240015e+01,2.242075e+01,2.224208e+01,2.241389e+01,2.233833e+01,2.226271e+01,2.228334e+01,2.226271e+01,2.224896e+01,2.248252e+01,2.238642e+01,2.237955e+01,2.238642e+01,2.232458e+01,2.235894e+01,2.237268e+01,2.233833e+01,2.237955e+01,2.237268e+01,2.235894e+01,2.226959e+01,2.231084e+01,2.231771e+01,2.235207e+01,2.234520e+01,2.231084e+01,2.240015e+01,2.226959e+01,2.235894e+01,2.234520e+01,2.235207e+01,2.244135e+01,2.235207e+01,2.251683e+01,2.226271e+01,2.226271e+01,2.232458e+01,2.228334e+01,2.223520e+01,2.213198e+01,2.221457e+01,2.215952e+01,2.223520e+01,2.221457e+01,2.219393e+01,2.220769e+01,2.209066e+01,2.204932e+01,2.208377e+01,2.206999e+01,2.209066e+01,2.206310e+01,2.211821e+01,2.216640e+01,2.218705e+01,2.208377e+01,2.211821e+01,2.205621e+01,2.219393e+01,2.212509e+01,2.222833e+01,2.209066e+01,2.204243e+01,2.201486e+01,2.203554e+01,2.202176e+01,2.198729e+01,2.206999e+01,2.192521e+01,2.190451e+01,2.193211e+01,2.185620e+01,2.179404e+01,2.174567e+01,2.189071e+01,2.186310e+01,2.177332e+01,2.175949e+01,2.167654e+01,2.180095e+01,2.184239e+01,2.177332e+01,2.182858e+01,2.175949e+01,2.192521e+01,2.206999e+01,2.196660e+01,2.187000e+01,2.199418e+01,2.187691e+01,2.195970e+01,2.189071e+01,2.189761e+01,2.188381e+01,2.191141e+01,2.190451e+01,2.191831e+01,2.194591e+01,2.190451e+01,2.191141e+01,2.191141e+01,2.198729e+01,2.187000e+01,2.192521e+01,2.187000e+01,2.189071e+01,2.193901e+01,2.192521e+01,2.173876e+01,2.192521e+01,2.197349e+01,2.203554e+01,2.193211e+01,2.196660e+01,2.199418e+01,2.199418e+01,2.184929e+01,2.199418e+01,2.193901e+01,2.199418e+01,2.200797e+01,2.198039e+01,2.198729e+01,2.200797e+01,2.195280e+01,2.188381e+01,2.195280e+01,2.201486e+01,2.201486e+01,2.195280e+01,2.192521e+01,2.193901e+01,2.193211e+01,2.199418e+01,2.200107e+01,2.203554e+01,2.193211e+01,2.198729e+01,2.201486e+01,2.190451e+01,2.208377e+01,2.202865e+01,2.189761e+01,2.189761e+01,2.206999e+01,2.206999e+01,2.200797e+01,2.203554e+01,2.201486e+01,2.211821e+01,2.206999e+01,2.212509e+01,2.210443e+01,2.211132e+01,2.211821e+01,2.208377e+01,2.211821e+01,2.211821e+01,2.206999e+01,2.205621e+01,2.213198e+01,2.213886e+01,2.218705e+01,2.211821e+01,2.220081e+01,2.209066e+01,2.211821e+01,2.206310e+01,2.208377e+01,2.207688e+01,2.204243e+01,2.207688e+01,2.205621e+01,2.207688e+01,2.206999e+01,2.208377e+01,2.215263e+01,2.195280e+01,2.209066e+01,2.189761e+01,2.207688e+01,2.208377e+01,2.193211e+01,2.211821e+01,2.200797e+01,2.192521e+01,2.210443e+01,2.191831e+01,2.204932e+01,2.199418e+01,2.186310e+01,2.193211e+01,2.189761e+01,2.193211e+01,2.187691e+01,2.182858e+01,2.193211e+01,2.187691e+01,2.183548e+01,2.203554e+01,2.202176e+01,2.196660e+01,2.192521e+01,2.187000e+01,2.201486e+01,2.198729e+01,2.195280e+01,2.195970e+01,2.194591e+01,2.200107e+01,2.199418e+01,2.193211e+01,2.196660e+01,2.195970e+01,2.195970e+01,2.202176e+01,2.205621e+01,2.205621e+01,2.182167e+01,2.204932e+01,2.200797e+01,2.204243e+01,2.201486e+01,2.198729e+01,2.202865e+01,2.205621e+01,2.206999e+01,2.201486e+01,2.198729e+01,2.202865e+01,2.202865e+01,2.195970e+01,2.202865e+01,2.199418e+01,2.206310e+01,2.189761e+01,2.193211e+01,2.204243e+01,2.197349e+01,2.220081e+01,2.192521e+01,2.191831e+01,2.196660e+01,2.196660e+01,2.191831e+01,2.208377e+01,2.201486e+01,2.204932e+01,2.191831e+01,2.191141e+01,2.195970e+01,2.191831e+01,2.193901e+01,2.194591e+01,2.191141e+01,2.193211e+01,2.195280e+01,2.211132e+01,2.193211e+01,2.192521e+01,2.195280e+01,2.206310e+01,2.205621e+01,2.204243e+01,2.203554e+01,2.200107e+01,2.204243e+01,2.201486e+01,2.203554e+01,2.197349e+01,2.194591e+01,2.201486e+01,2.212509e+01,2.203554e+01,2.214575e+01,2.205621e+01,2.207688e+01,2.202865e+01,2.207688e+01,2.213886e+01,2.214575e+01,2.217328e+01,2.218705e+01,2.215263e+01,2.222145e+01,2.201486e+01,2.235207e+01,2.209755e+01,2.196660e+01,2.200797e+01,2.193901e+01,2.205621e+01,2.206310e+01,2.204932e+01,2.200797e+01,2.201486e+01,2.196660e+01,2.215263e+01,2.186310e+01,2.202176e+01,2.195970e+01,2.208377e+01,2.191141e+01,2.208377e+01,2.205621e+01,2.216640e+01,2.209755e+01,2.209066e+01,2.206310e+01,2.210443e+01,2.212509e+01,2.209066e+01,2.211821e+01,2.213198e+01,2.208377e+01,2.217328e+01,2.220081e+01,2.222833e+01,2.215263e+01,2.214575e+01,2.218016e+01,2.220081e+01,2.218705e+01,2.215263e+01,2.215263e+01,2.227647e+01,2.218705e+01,2.221457e+01,2.222145e+01,2.224896e+01,2.224896e+01,2.224208e+01
2.264708e+01,2.256483e+01,2.267447e+01,2.259911e+01,2.259225e+01,2.259911e+01,2.264022e+01,2.270871e+01,2.262652e+01,2.261282e+01,2.273610e+01,2.271556e+01,2.254426e+01,2.272241e+01,2.260596e+01,2.279768e+01,2.268817e+01,2.267447e+01,2.266763e+01,2.252369e+01,2.266763e+01,2.260596e+01,2.272925e+01,2.270871e+01,2.271556e+01,2.262652e+01,2.270187e+01,2.266078e+01,2.272241e+01,2.272241e+01,2.273610e+01,2.266763e+01,2.272925e+01,2.273610e+01,2.274978e+01,2.257169e+01,2.263337e+01,2.270187e+01,2.273610e+01,2.262652e+01,2.269502e+01,2.266763e+01,2.268132e+01,2.275663e+01,2.270187e+01,2.248252e+01,2.263337e+01,2.256483e+01,2.259911e+01,2.264022e+01,2.264022e+01,2.261282e+01,2.248939e+01,2.263337e+01,2.257854e+01,2.255112e+01,2.259911e+01,2.249625e+01,2.259911e+01,2.259225e+01,2.241389e+01,2.239328e+01,2.261282e+01,2.257854e+01,2.238642e+01,2.244135e+01,2.261967e+01,2.253055e+01,2.260596e+01,2.266763e+01,2.270871e+01,2.284555e+01,2.300270e+01,2.306412e+01,2.296856e+01,2.309823e+01,2.322093e+01,2.318686e+01,2.324818e+01,2.339791e+01,2.337070e+01,2.343191e+01,2.348629e+01,2.341151e+01,2.339111e+01,2.349988e+01,2.356101e+01,2.368994e+01,2.379839e+01,2.390673e+01,2.381194e+01,2.393380e+01,2.397439e+01,2.395410e+01,2.392027e+01,2.388643e+01,2.394057e+01,2.385935e+01,2.387289e+01,2.385258e+01,2.385258e+01,2.381872e+01,2.382549e+01,2.385935e+01,2.376451e+01,2.367638e+01,2.375096e+01,2.368994e+01,2.355421e+01,2.369672e+01,2.377129e+01,2.397439e+01,2.389320e+01,2.389320e+01,2.383226e+01,2.383903e+01,2.385935e+01,2.379162e+01,2.377807e+01,2.381872e+01,2.381872e+01,2.379839e+01,2.379162e+01,2.388643e+01,2.382549e+01,2.379162e+01,2.382549e+01,2.387289e+01,2.392027e+01,2.387289e+01,2.389320e+01,2.389996e+01,2.373740e+01,2.391350e+01,2.383226e+01,2.379162e+01,2.381872e+01,2.385258e+01,2.381872e+01,2.380517e+01,2.371028e+01,2.377129e+01,2.389320e+01,2.383226e+01,2.373062e+01,2.373062e+01,2.368316e+01,2.365602e+01,2.365602e+01,2.360174e+01,2.366281e+01,2.371706e+01,2.366959e+01,2.373062e+01,2.370350e+01,2.380517e+01,2.368316e+01,2.386612e+01,2.378484e+01,2.378484e+01,2.387289e+01,2.390673e+01,2.391350e+01,2.389996e+01,2.394733e+01,2.396086e+01,2.399467e+01,2.394733e+01,2.401496e+01,2.394733e+01,2.393380e+01,2.396762e+01,2.392703e+01,2.394057e+01,2.410956e+01,2.389996e+01,2.391350e+01,2.404200e+01,2.384581e+01,2.392027e+01,2.379162e+01,2.378484e+01,2.366281e+01,2.350667e+01,2.336390e+01,2.319368e+01,2.323456e+01,2.330946e+01,2.396086e+01,2.556509e+01,2.322775e+01,2.255798e+01,2.246880e+01,2.240702e+01,2.251683e+01,2.246880e+01,2.237268e+01,2.239328e+01,2.237268e+01,2.244135e+01,2.242075e+01,2.256483e+01,2.256483e+01,2.229709e+01,2.259225e+01,2.257854e+01,2.287974e+01,2.330265e+01,2.373062e+01,2.371706e+01,2.370350e+01,2.489686e+01,2.461492e+01,2.357458e+01,2.309823e+01,2.303683e+01,2.302318e+01,2.300953e+01,2.297539e+01,2.345230e+01,2.374418e+01,2.347949e+01,2.307777e+01,2.330946e+01,2.343871e+01,2.337751e+01,2.264022e+01,2.292074e+01,2.328904e+01,2.328223e+01,2.294807e+01,2.285923e+01,2.264022e+01,2.257169e+01,2.274978e+01,2.274978e+01,2.309141e+01,2.343191e+01,2.328223e+01,2.357458e+01,2.439287e+01,2.556509e+01,2.609002e+01,2.634820e+01,2.633497e+01,2.575809e+01,2.518472e+01,2.407579e+01,2.439960e+01,2.584449e+01,2.387966e+01,2.344551e+01,2.341151e+01,2.339111e+01,2.335029e+01,2.408254e+01,2.408930e+01,2.287974e+01,2.287974e+01,2.285239e+01,2.446694e+01,2.730919e+01,2.731574e+01,2.540510e+01,2.444674e+01,2.320049e+01,2.310505e+01,2.278400e+01,2.243448e+01,2.208377e+01,2.210443e+01,2.211132e+01,2.237955e+01,2.228334e+01,2.213198e+01,2.189761e+01,2.164195e+01,2.163503e+01,2.176641e+01,2.187000e+01,2.184239e+01,2.272925e+01,2.373062e+01,2.511115e+01,2.661235e+01,2.370350e+01,2.337751e+01,2.346590e+01,2.412307e+01,2.794291e+01,3.046035e+01,3.047945e+01,2.910909e+01,2.726331e+01,2.407579e+01,2.406903e+01,2.449386e+01,2.303000e+01,2.278400e+01,2.307777e+01,2.307777e+01,2.277716e+01,2.211821e+01,2.206310e+01,2.228334e+01,2.264708e+01,2.311869e+01,2.320731e+01,2.273610e+01,2.246194e+01,2.237268e+01,2.238642e+01,2.225584e+01,2.224896e+01,2.242075e+01,2.237955e+01,2.222833e+01,2.236581e+01,2.238642e+01,2.224896e+01,2.225584e+01,2.233833e+01,2.236581e+01,2.232458e+01,2.233146e+01,2.235207e+01,2.223520e+01,2.228334e+01,2.237955e+01,2.235207e+01,2.235894e+01,2.223520e+01,2.226959e+01,2.225584e+01,2.237955e+01,2.226959e+01,2.231771e+01,2.233833e+01,2.233833e+01,2.235894e+01,2.237955e+01,2.227647e+01,2.224208e+01,2.222833e+01,2.227647e+01,2.224208e+01,2.229022e+01,2.214575e+01,2.213886e+01,2.214575e+01,2.220081e+01,2.206999e+01,2.220081e+01,2.210443e+01,2.218016e+01,2.209755e+01,2.211132e+01,2.211132e+01,2.206310e+01,2.210443e+01,2.207688e+01,2.209066e+01,2.203554e+01,2.202176e+01,2.219393e+01,2.202865e+01,2.209755e+01,2.216640e+01,2.205621e+01,2.200797e+01,2.200107e+01,2.201486e+01,2.203554e+01,2.180095e+01,2.206999e+01,2.198729e+01,2.198729e+01,2.196660e+01,2.189761e+01,2.182167e+01,2.182167e+01,2.184929e+01,2.176641e+01,2.189761e+01,2.180786e+01,2.181476e+01,2.180786e+01,2.179404e+01,2.175949e+01,2.185620e+01,2.180786e+01,2.183548e+01,2.187000e+01,2.184929e+01,2.180786e+01,2.182858e+01,2.193901e+01,2.187691e+01,2.189071e+01,2.182167e+01,2.187000e+01,2.197349e+01,2.200107e+01,2.171111e+01,2.190451e+01,2.187691e+01,2.193211e+01,2.191831e+01,2.189761e+01,2.192521e+01,2.171802e+01,2.191141e+01,2.185620e+01,2.181476e+01,2.191141e+01,2.194591e+01,2.189071e+01,2.191141e+01,2.192521e+01,2.183548e+01,2.200797e+01,2.191831e+01,2.178713e+01,2.184239e+01,2.197349e+01,2.198039e+01,2.198729e+01,2.194591e+01,2.200797e+01,2.197349e+01,2.194591e+01,2.191141e+01,2.200797e+01,2.194591e+01,2.198039e+01,2.198729e+01,2.198039e+01,2.197349e+01,2.193901e+01,2.196660e+01,2.200107e+01,2.182167e+01,2.193211e+01,2.189761e+01,2.194591e+01,2.197349e+01,2.192521e+01,2.194591e+01,2.209755e+01,2.188381e+01,2.204932e+01,2.200797e+01,2.200107e+01,2.202176e+01,2.208377e+01,2.203554e+01,2.200107e+01,2.213886e+01,2.208377e+01,2.211821e+01,2.217328e+01,2.197349e+01,2.204243e+01,2.195970e+01,2.209066e+01,2.209755e+01,2.200797e+01,2.211821e+01,2.204932e+01,2.213198e+01,2.215263e+01,2.209755e+01,2.209066e+01,2.203554e+01,2.205621e+01,2.206310e+01,2.206999e+01,2.199418e+01,2.198039e+01,2.208377e+01,2.202865e+01,2.206999e+01,2.201486e+01,2.202176e+01,2.196660e+01,2.197349e+01,2.198729e+01,2.195280e+01,2.198729e+01,2.206999e+01,2.198729e+01,2.198729e+01,2.202865e+01,2.193901e+01,2.199418e+01,2.202865e+01,2.200797e+01,2.194591e+01,2.189071e+01,2.180786e+01,2.185620e+01,2.186310e+01,2.192521e+01,2.193211e+01,2.181476e+01,2.180786e+01,2.177332e+01,2.202176e+01,2.198729e+01,2.190451e+01,2.189071e+01,2.177332e+01,2.195280e+01,2.176641e+01,2.180786e+01,2.201486e+01,2.199418e+01,2.198729e+01,2.198039e+01,2.199418e+01,2.193901e+01,2.191831e+01,2.191831e+01,2.198039e+01,2.195280e+01,2.204243e+01,2.203554e+01,2.200107e+01,2.183548e+01,2.194591e+01,2.195970e+01,2.205621e+01,2.209755e+01,2.196660e+01,2.198729e+01,2.206310e+01,2.197349e+01,2.202865e+01,2.200107e+01,2.198039e+01,2.202176e+01,2.199418e+01,2.202865e+01,2.189071e+01,2.202176e+01,2.201486e+01,2.193211e+01,2.192521e+01,2.193211e+01,2.189071e+01,2.202865e+01,2.202176e+01,2.193211e+01,2.200797e+01,2.196660e+01,2.187691e+01,2.191141e+01,2.204243e+01,2.189071e+01,2.193211e+01,2.200797e+01,2.195970e+01,2.198729e+01,2.181476e+01,2.193211e+01,2.195280e+01,2.175949e+01,2.201486e+01,2.206999e+01,2.195970e+01,2.193901e+01,2.197349e+01,2.195970e+01,2.197349e+01,2.206999e+01,2.191831e+01,2.204932e+01,2.196660e+01,2.202176e+01,2.200797e+01,2.189071e+01,2.199418e+01,2.204932e+01,2.206310e+01,2.205621e+01,2.213198e+01,2.209755e+01,2.205621e+01,2.207688e+01,2.216640e+01,2.211821e+01,2.220769e+01,2.207688e+01,2.215263e+01,2.218705e+01,2.190451e+01,2.199418e+01,2.210443e+01,2.201486e+01,2.207688e+01,2.203554e+01,2.201486e+01,2.198039e+01,2.198729e+01,2.215263e+01,2.195970e+01,2.195970e+01,2.202865e+01,2.202865e+01,2.202176e+01,2.204243e+01,2.202865e+01,2.205621e+01,2.199418e+01,2.200797e+01,2.206999e+01,2.218705e+01,2.213886e+01,2.211821e+01,2.210443e+01,2.215263e+01,2.214575e+01,2.215952e+01,2.218705e+01,2.215952e+01,2.213198e+01,2.217328e+01,2.213198e+01,2.221457e+01,2.224896e+01,2.222833e+01,2.224896e+01,2.218016e+01,2.220081e+01,2.227647e+01,2.225584e+01,2.222145e+01,2.223520e+01,2.226271e+01,2.220769e+01
2.269502e+01,2.259225e+01,2.261282e+01,2.256483e+01,2.257854e+01,2.268132e+01,2.254426e+01,2.266078e+01,2.257169e+01,2.273610e+01,2.274294e+01,2.270187e+01,2.268817e+01,2.261282e+01,2.267447e+01,2.264708e+01,2.261967e+01,2.265392e+01,2.274978e+01,2.269502e+01,2.266763e+01,2.270871e+01,2.250997e+01,2.268132e+01,2.270871e+01,2.269502e+01,2.268817e+01,2.260596e+01,2.262652e+01,2.280452e+01,2.272241e+01,2.276347e+01,2.274978e+01,2.268817e+01,2.270871e+01,2.277032e+01,2.274978e+01,2.259225e+01,2.274294e+01,2.259911e+01,2.266763e+01,2.266763e+01,2.266763e+01,2.266763e+01,2.266078e+01,2.266763e+01,2.257854e+01,2.266078e+01,2.266078e+01,2.266763e+01,2.262652e+01,2.258540e+01,2.264022e+01,2.261282e+01,2.243448e+01,2.257854e+01,2.255798e+01,2.261967e+01,2.250997e+01,2.246194e+01,2.258540e+01,2.261282e+01,2.257169e+01,2.248252e+01,2.248939e+01,2.250997e+01,2.257169e+01,2.246880e+01,2.261967e+01,2.264022e+01,2.264708e+01,2.285239e+01,2.300270e+01,2.296173e+01,2.313915e+01,2.316642e+01,2.326861e+01,2.328904e+01,2.318005e+01,2.336390e+01,2.339791e+01,2.343871e+01,2.349308e+01,2.364924e+01,2.343871e+01,2.349308e+01,2.360174e+01,2.356101e+01,2.382549e+01,2.382549e+01,2.383226e+01,2.385935e+01,2.394733e+01,2.387966e+01,2.385935e+01,2.392703e+01,2.389320e+01,2.386612e+01,2.379162e+01,2.375774e+01,2.392027e+01,2.383226e+01,2.380517e+01,2.376451e+01,2.372384e+01,2.373062e+01,2.370350e+01,2.367638e+01,2.368316e+01,2.376451e+01,2.375774e+01,2.385258e+01,2.371028e+01,2.392027e+01,2.390673e+01,2.372384e+01,2.385258e+01,2.387966e+01,2.385935e+01,2.385935e+01,2.389320e+01,2.377807e+01,2.387966e+01,2.380517e+01,2.389320e+01,2.390673e+01,2.385258e+01,2.392027e+01,2.392027e+01,2.381194e+01,2.385935e+01,2.384581e+01,2.368994e+01,2.383226e+01,2.383226e+01,2.383226e+01,2.377129e+01,2.381872e+01,2.383903e+01,2.383226e+01,2.385258e+01,2.383903e+01,2.389996e+01,2.386612e+01,2.389320e+01,2.362889e+01,2.362210e+01,2.372384e+01,2.362889e+01,2.358816e+01,2.367638e+01,2.370350e+01,2.377807e+01,2.369672e+01,2.377129e+01,2.374418e+01,2.371028e+01,2.377807e+01,2.373740e+01,2.375774e+01,2.393380e+01,2.398115e+01,2.389320e+01,2.399467e+01,2.388643e+01,2.392703e+01,2.404200e+01,2.396086e+01,2.403524e+01,2.404200e+01,2.396762e+01,2.392703e+01,2.392703e+01,2.392703e+01,2.383903e+01,2.408254e+01,2.397439e+01,2.398791e+01,2.396762e+01,2.382549e+01,2.385258e+01,2.381194e+01,2.370350e+01,2.348629e+01,2.333668e+01,2.334349e+01,2.340471e+01,2.341151e+01,2.394733e+01,2.555177e+01,2.320049e+01,2.249625e+01,2.248252e+01,2.244821e+01,2.248939e+01,2.240702e+01,2.249625e+01,2.237955e+01,2.246194e+01,2.245507e+01,2.244821e+01,2.251683e+01,2.255112e+01,2.261282e+01,2.248939e+01,2.253741e+01,2.265392e+01,2.324137e+01,2.387966e+01,2.396086e+01,2.398791e+01,2.661235e+01,2.563834e+01,2.438613e+01,2.358816e+01,2.309823e+01,2.315960e+01,2.322775e+01,2.346590e+01,2.343191e+01,2.352705e+01,2.359495e+01,2.320049e+01,2.335710e+01,2.366959e+01,2.310505e+01,2.295490e+01,2.290707e+01,2.341151e+01,2.379162e+01,2.379162e+01,2.343191e+01,2.303000e+01,2.305048e+01,2.326180e+01,2.385935e+01,2.408254e+01,2.400144e+01,2.369672e+01,2.357458e+01,2.406227e+01,2.609002e+01,2.697449e+01,2.609664e+01,2.495717e+01,2.354063e+01,2.340471e+01,2.309141e+01,2.345910e+01,2.404200e+01,2.352026e+01,2.342511e+01,2.347949e+01,2.349308e+01,2.347949e+01,2.325499e+01,2.272241e+01,2.265392e+01,2.286607e+01,2.348629e+01,2.605024e+01,2.861176e+01,2.620263e+01,2.472241e+01,2.404200e+01,2.256483e+01,2.212509e+01,2.210443e+01,2.213198e+01,2.210443e+01,2.200107e+01,2.206310e+01,2.220081e+01,2.255112e+01,2.248939e+01,2.237955e+01,2.196660e+01,2.191141e+01,2.197349e+01,2.191141e+01,2.195970e+01,2.200797e+01,2.259911e+01,2.308459e+01,2.420408e+01,2.336390e+01,2.336390e+01,2.352026e+01,2.403524e+01,2.740089e+01,3.009697e+01,2.946935e+01,2.751867e+01,2.597728e+01,2.404876e+01,2.382549e+01,2.371028e+01,2.303683e+01,2.311187e+01,2.311869e+01,2.322093e+01,2.298221e+01,2.209066e+01,2.161427e+01,2.158659e+01,2.209066e+01,2.272241e+01,2.311187e+01,2.281136e+01,2.236581e+01,2.229022e+01,2.235894e+01,2.238642e+01,2.239328e+01,2.223520e+01,2.225584e+01,2.226959e+01,2.231771e+01,2.227647e+01,2.240015e+01,2.230396e+01,2.228334e+01,2.233833e+01,2.240702e+01,2.235207e+01,2.244135e+01,2.229709e+01,2.236581e+01,2.232458e+01,2.231771e+01,2.228334e+01,2.229022e+01,2.224208e+01,2.224896e+01,2.224896e+01,2.228334e+01,2.229709e+01,2.233146e+01,2.234520e+01,2.234520e+01,2.232458e+01,2.231084e+01,2.227647e+01,2.230396e+01,2.229709e+01,2.221457e+01,2.229709e+01,2.225584e+01,2.218705e+01,2.211132e+01,2.221457e+01,2.219393e+01,2.219393e+01,2.217328e+01,2.213886e+01,2.213198e+01,2.210443e+01,2.210443e+01,2.210443e+01,2.209066e+01,2.204243e+01,2.206999e+01,2.202865e+01,2.217328e+01,2.203554e+01,2.208377e+01,2.218016e+01,2.208377e+01,2.213886e+01,2.214575e+01,2.213198e+01,2.198039e+01,2.199418e+01,2.195280e+01,2.205621e+01,2.197349e+01,2.188381e+01,2.187000e+01,2.177332e+01,2.188381e+01,2.178713e+01,2.182167e+01,2.179404e+01,2.189761e+01,2.182167e+01,2.185620e+01,2.176641e+01,2.183548e+01,2.187691e+01,2.181476e+01,2.187000e+01,2.182167e+01,2.180786e+01,2.193211e+01,2.194591e+01,2.188381e+01,2.194591e+01,2.188381e+01,2.182167e+01,2.190451e+01,2.189761e+01,2.185620e+01,2.204932e+01,2.190451e+01,2.185620e+01,2.187000e+01,2.191831e+01,2.194591e+01,2.190451e+01,2.192521e+01,2.187691e+01,2.185620e+01,2.197349e+01,2.193901e+01,2.199418e+01,2.193901e+01,2.195970e+01,2.202865e+01,2.200797e+01,2.181476e+01,2.204243e+01,2.195970e+01,2.195970e+01,2.200797e+01,2.200107e+01,2.191141e+01,2.198729e+01,2.198039e+01,2.183548e+01,2.191141e+01,2.198039e+01,2.196660e+01,2.205621e+01,2.193901e+01,2.195970e+01,2.193901e+01,2.195280e+01,2.196660e+01,2.190451e+01,2.201486e+01,2.205621e+01,2.185620e+01,2.191831e+01,2.183548e+01,2.195280e+01,2.198039e+01,2.192521e+01,2.204932e+01,2.205621e+01,2.198729e+01,2.198729e+01,2.202865e+01,2.204932e+01,2.202865e+01,2.208377e+01,2.198729e+01,2.213886e+01,2.211821e+01,2.213198e+01,2.215263e+01,2.213886e+01,2.213886e+01,2.202176e+01,2.211132e+01,2.209755e+01,2.208377e+01,2.212509e+01,2.211132e+01,2.212509e+01,2.207688e+01,2.213886e+01,2.205621e+01,2.203554e+01,2.208377e+01,2.206310e+01,2.205621e+01,2.207688e+01,2.205621e+01,2.201486e+01,2.206999e+01,2.214575e+01,2.222833e+01,2.202176e+01,2.198729e+01,2.204243e+01,2.200107e+01,2.191141e+01,2.209755e+01,2.197349e+01,2.200797e+01,2.189071e+01,2.197349e+01,2.200797e+01,2.203554e+01,2.206999e+01,2.201486e+01,2.188381e+01,2.204243e+01,2.193901e+01,2.194591e+01,2.191141e+01,2.184929e+01,2.189071e+01,2.190451e+01,2.190451e+01,2.186310e+01,2.194591e+01,2.187691e+01,2.190451e+01,2.192521e+01,2.193901e+01,2.193901e+01,2.196660e+01,2.190451e+01,2.200107e+01,2.193211e+01,2.204243e+01,2.194591e+01,2.194591e+01,2.198039e+01,2.197349e+01,2.196660e+01,2.191141e+01,2.200797e+01,2.200797e+01,2.200107e+01,2.199418e+01,2.203554e+01,2.206999e+01,2.194591e+01,2.208377e+01,2.196660e+01,2.196660e+01,2.194591e+01,2.204243e+01,2.202865e+01,2.206310e+01,2.195970e+01,2.229709e+01,2.201486e+01,2.209066e+01,2.198039e+01,2.203554e+01,2.189071e+01,2.198039e+01,2.199418e+01,2.203554e+01,2.191831e+01,2.195970e+01,2.189071e+01,2.191831e+01,2.201486e+01,2.202176e+01,2.184929e+01,2.198039e+01,2.184929e+01,2.197349e+01,2.198729e+01,2.197349e+01,2.195970e+01,2.195970e+01,2.202176e+01,2.198039e+01,2.196660e+01,2.195280e+01,2.206999e+01,2.213198e+01,2.200797e+01,2.196660e+01,2.213886e+01,2.198039e+01,2.207688e+01,2.203554e+01,2.204932e+01,2.195970e+01,2.202865e+01,2.205621e+01,2.191141e+01,2.208377e+01,2.215263e+01,2.210443e+01,2.213198e+01,2.206310e+01,2.209066e+01,2.205621e+01,2.211132e+01,2.218016e+01,2.212509e+01,2.202176e+01,2.206310e+01,2.213886e+01,2.213198e+01,2.211821e+01,2.216640e+01,2.216640e+01,2.222833e+01,2.215263e+01,2.218016e+01,2.200797e+01,2.214575e+01,2.201486e+01,2.198729e+01,2.213886e+01,2.198729e+01,2.194591e+01,2.195280e+01,2.201486e+01,2.217328e+01,2.199418e+01,2.202865e+01,2.195970e+01,2.206999e+01,2.213198e+01,2.210443e+01,2.204243e+01,2.207688e+01,2.211132e+01,2.218016e+01,2.225584e+01,2.222833e+01,2.214575e+01,2.215263e+01,2.223520e+01,2.220081e+01,2.218016e+01,2.220081e+01,2.225584e+01,2.222833e+01,2.222833e+01,2.224208e+01,2.221457e+01,2.222145e+01,2.222145e+01,2.228334e+01,2.227647e+01,2.229709e+01,2.218016e+01,2.229022e+01,2.222145e+01,2.226271e+01
2.253055e+01,2.259911e+01,2.264708e+01,2.258540e+01,2.261282e+01,2.260596e+01,2.263337e+01,2.264708e+01,2.264022e+01,2.268817e+01,2.271556e+01,2.260596e+01,2.266078e+01,2.281820e+01,2.265392e+01,2.274294e+01,2.261967e+01,2.264708e+01,2.270187e+01,2.262652e+01,2.268817e+01,2.257854e+01,2.262652e+01,2.254426e+01,2.267447e+01,2.270187e+01,2.265392e+01,2.264708e+01,2.266763e+01,2.261282e+01,2.262652e+01,2.268132e+01,2.272241e+01,2.276347e+01,2.270871e+01,2.259911e+01,2.264022e+01,2.259911e+01,2.261282e+01,2.268817e+01,2.259911e+01,2.279768e+01,2.261967e+01,2.266078e+01,2.267447e+01,2.264708e+01,2.261967e+01,2.264022e+01,2.270871e+01,2.251683e+01,2.275663e+01,2.257169e+01,2.260596e+01,2.253741e+01,2.254426e+01,2.254426e+01,2.250997e+01,2.253055e+01,2.248252e+01,2.245507e+01,2.255798e+01,2.242075e+01,2.246194e+01,2.252369e+01,2.247566e+01,2.246880e+01,2.228334e+01,2.248252e+01,2.258540e+01,2.261282e+01,2.263337e+01,2.289341e+01,2.300270e+01,2.299587e+01,2.313233e+01,2.307095e+01,2.318686e+01,2.331627e+01,2.325499e+01,2.341831e+01,2.326861e+01,2.331627e+01,2.349308e+01,2.340471e+01,2.345910e+01,2.347269e+01,2.372384e+01,2.372384e+01,2.375774e+01,2.381872e+01,2.387289e+01,2.385935e+01,2.397439e+01,2.385258e+01,2.386612e+01,2.394057e+01,2.388643e+01,2.385935e+01,2.388643e+01,2.385935e+01,2.381194e+01,2.371028e+01,2.380517e+01,2.389996e+01,2.372384e+01,2.386612e+01,2.396086e+01,2.343871e+01,2.366959e+01,2.366959e+01,2.389320e+01,2.392027e+01,2.383903e+01,2.381872e+01,2.396086e+01,2.389320e+01,2.384581e+01,2.388643e+01,2.391350e+01,2.385935e+01,2.381194e+01,2.390673e+01,2.389996e+01,2.381194e+01,2.381872e+01,2.385935e+01,2.371028e+01,2.373740e+01,2.369672e+01,2.371706e+01,2.382549e+01,2.378484e+01,2.381194e+01,2.375774e+01,2.371706e+01,2.383226e+01,2.383226e+01,2.381194e+01,2.384581e+01,2.387289e+01,2.392703e+01,2.389320e+01,2.401496e+01,2.387289e+01,2.396086e+01,2.380517e+01,2.357458e+01,2.360174e+01,2.369672e+01,2.370350e+01,2.375774e+01,2.367638e+01,2.367638e+01,2.366959e+01,2.375774e+01,2.370350e+01,2.368994e+01,2.375096e+01,2.386612e+01,2.375774e+01,2.385935e+01,2.388643e+01,2.396762e+01,2.395410e+01,2.386612e+01,2.394733e+01,2.392703e+01,2.394057e+01,2.393380e+01,2.394733e+01,2.380517e+01,2.385258e+01,2.392703e+01,2.395410e+01,2.394057e+01,2.393380e+01,2.393380e+01,2.392703e+01,2.372384e+01,2.387289e+01,2.384581e+01,2.373740e+01,2.360853e+01,2.347269e+01,2.346590e+01,2.345910e+01,2.336390e+01,2.318686e+01,2.381194e+01,2.556509e+01,2.327542e+01,2.248252e+01,2.245507e+01,2.245507e+01,2.248252e+01,2.227647e+01,2.245507e+01,2.238642e+01,2.247566e+01,2.248252e+01,2.246194e+01,2.247566e+01,2.232458e+01,2.247566e+01,2.248252e+01,2.250311e+01,2.284555e+01,2.332988e+01,2.387289e+01,2.368316e+01,2.381194e+01,2.628867e+01,2.599718e+01,2.569158e+01,2.475598e+01,2.303683e+01,2.335029e+01,2.319368e+01,2.344551e+01,2.347949e+01,2.318005e+01,2.377129e+01,2.347949e+01,2.383903e+01,2.337070e+01,2.333668e+01,2.327542e+01,2.324818e+01,2.295490e+01,2.324818e+01,2.352026e+01,2.344551e+01,2.348629e+01,2.355421e+01,2.406903e+01,2.412983e+01,2.427155e+01,2.400144e+01,2.354063e+01,2.343871e+01,2.384581e+01,2.441307e+01,2.517135e+01,2.464180e+01,2.373062e+01,2.303683e+01,2.292074e+01,2.294123e+01,2.292074e+01,2.311869e+01,2.298904e+01,2.299587e+01,2.309141e+01,2.336390e+01,2.313915e+01,2.331627e+01,2.261967e+01,2.234520e+01,2.264708e+01,2.386612e+01,2.650016e+01,2.622250e+01,2.512453e+01,2.439960e+01,2.320731e+01,2.268132e+01,2.259911e+01,2.211132e+01,2.216640e+01,2.220081e+01,2.198039e+01,2.206310e+01,2.221457e+01,2.260596e+01,2.283872e+01,2.324818e+01,2.364246e+01,2.285239e+01,2.240702e+01,2.208377e+01,2.182858e+01,2.195970e+01,2.211132e+01,2.240015e+01,2.305048e+01,2.357458e+01,2.443328e+01,2.343191e+01,2.331627e+01,2.395410e+01,2.670465e+01,2.644073e+01,2.661894e+01,2.719774e+01,2.402848e+01,2.378484e+01,2.366959e+01,2.314597e+01,2.301635e+01,2.292757e+01,2.296856e+01,2.327542e+01,2.285239e+01,2.204932e+01,2.159351e+01,2.157274e+01,2.196660e+01,2.248252e+01,2.261282e+01,2.242075e+01,2.210443e+01,2.232458e+01,2.229022e+01,2.224208e+01,2.224896e+01,2.231771e+01,2.226271e+01,2.229022e+01,2.236581e+01,2.235207e+01,2.240702e+01,2.235207e+01,2.237955e+01,2.232458e+01,2.241389e+01,2.236581e+01,2.233146e+01,2.235894e+01,2.233833e+01,2.233146e+01,2.238642e+01,2.219393e+01,2.226271e+01,2.226271e+01,2.226271e+01,2.224208e+01,2.229022e+01,2.231084e+01,2.231084e+01,2.229709e+01,2.230396e+01,2.226271e+01,2.222145e+01,2.226959e+01,2.227647e+01,2.222833e+01,2.228334e+01,2.220081e+01,2.222145e+01,2.209755e+01,2.211132e+01,2.209755e+01,2.208377e+01,2.209066e+01,2.207688e+01,2.212509e+01,2.205621e+01,2.210443e+01,2.210443e+01,2.206310e+01,2.202176e+01,2.202176e+01,2.203554e+01,2.202176e+01,2.211132e+01,2.202176e+01,2.199418e+01,2.195970e+01,2.201486e+01,2.211821e+01,2.203554e+01,2.202865e+01,2.204932e+01,2.199418e+01,2.195970e+01,2.187000e+01,2.187691e+01,2.186310e+01,2.180786e+01,2.192521e+01,2.178022e+01,2.175949e+01,2.187691e+01,2.177332e+01,2.182858e+01,2.180786e+01,2.179404e+01,2.186310e+01,2.187000e+01,2.182858e+01,2.182167e+01,2.182167e+01,2.182858e+01,2.193211e+01,2.193211e+01,2.195970e+01,2.191831e+01,2.184929e+01,2.182167e+01,2.196660e+01,2.198729e+01,2.187000e+01,2.187000e+01,2.195970e+01,2.191141e+01,2.191831e+01,2.191141e+01,2.192521e+01,2.191831e+01,2.189071e+01,2.188381e+01,2.186310e+01,2.190451e+01,2.193901e+01,2.198039e+01,2.193901e+01,2.176641e+01,2.193901e+01,2.198729e+01,2.176641e+01,2.178022e+01,2.199418e+01,2.195280e+01,2.197349e+01,2.204243e+01,2.195970e+01,2.206310e+01,2.195280e+01,2.213198e+01,2.195970e+01,2.200107e+01,2.200797e+01,2.198729e+01,2.197349e+01,2.208377e+01,2.200797e+01,2.195970e+01,2.193901e+01,2.196660e+01,2.191831e+01,2.184929e+01,2.184239e+01,2.192521e+01,2.202176e+01,2.190451e+01,2.200797e+01,2.193211e+01,2.198729e+01,2.195970e+01,2.200797e+01,2.200797e+01,2.204243e+01,2.198039e+01,2.201486e+01,2.204932e+01,2.211821e+01,2.207688e+01,2.202176e+01,2.213198e+01,2.213198e+01,2.218016e+01,2.220081e+01,2.213198e+01,2.213886e+01,2.210443e+01,2.202176e+01,2.197349e+01,2.210443e+01,2.208377e+01,2.219393e+01,2.206310e+01,2.208377e+01,2.202176e+01,2.204932e+01,2.204932e+01,2.204932e+01,2.206310e+01,2.204243e+01,2.203554e+01,2.200797e+01,2.199418e+01,2.200797e+01,2.204243e+01,2.206999e+01,2.197349e+01,2.193901e+01,2.201486e+01,2.194591e+01,2.202176e+01,2.218705e+01,2.201486e+01,2.202865e+01,2.189071e+01,2.201486e+01,2.207688e+01,2.212509e+01,2.198729e+01,2.187691e+01,2.205621e+01,2.189071e+01,2.187000e+01,2.184239e+01,2.189761e+01,2.191141e+01,2.182858e+01,2.191141e+01,2.195280e+01,2.193211e+01,2.190451e+01,2.209755e+01,2.192521e+01,2.197349e+01,2.198729e+01,2.200107e+01,2.182167e+01,2.189761e+01,2.191141e+01,2.193901e+01,2.196660e+01,2.203554e+01,2.195280e+01,2.200107e+01,2.206310e+01,2.195280e+01,2.202865e+01,2.194591e+01,2.183548e+01,2.206999e+01,2.197349e+01,2.200107e+01,2.193211e+01,2.196660e+01,2.198729e+01,2.193901e+01,2.195280e+01,2.203554e+01,2.198729e+01,2.196660e+01,2.200797e+01,2.198729e+01,2.199418e+01,2.198729e+01,2.202865e+01,2.184239e+01,2.199418e+01,2.200107e+01,2.200797e+01,2.200797e+01,2.198729e+01,2.201486e+01,2.200107e+01,2.197349e+01,2.202865e+01,2.200797e+01,2.190451e+01,2.198729e+01,2.196660e+01,2.193211e+01,2.200107e+01,2.194591e+01,2.185620e+01,2.194591e+01,2.199418e+01,2.194591e+01,2.206310e+01,2.192521e+01,2.198039e+01,2.198729e+01,2.195280e+01,2.198039e+01,2.206999e+01,2.204243e+01,2.209066e+01,2.204932e+01,2.205621e+01,2.207688e+01,2.200797e+01,2.213198e+01,2.211821e+01,2.199418e+01,2.201486e+01,2.213886e+01,2.197349e+01,2.209066e+01,2.209755e+01,2.210443e+01,2.213886e+01,2.213886e+01,2.208377e+01,2.215952e+01,2.213198e+01,2.213886e+01,2.213198e+01,2.217328e+01,2.207688e+01,2.221457e+01,2.211821e+01,2.213198e+01,2.208377e+01,2.215952e+01,2.207688e+01,2.197349e+01,2.198729e+01,2.196660e+01,2.193901e+01,2.213198e+01,2.208377e+01,2.205621e+01,2.200797e+01,2.208377e+01,2.202865e+01,2.209066e+01,2.215263e+01,2.201486e+01,2.208377e+01,2.211821e+01,2.220769e+01,2.215263e+01,2.220769e+01,2.215263e+01,2.209755e+01,2.211821e+01,2.226959e+01,2.212509e+01,2.223520e+01,2.224896e+01,2.229022e+01,2.223520e+01,2.223520e+01,2.230396e+01,2.220081e+01,2.222833e+01,2.224208e+01,2.247566e+01,2.220769e+01,2.230396e+01,2.229022e+01,2.226271e+01,2.226959e+01,2.218705e+01
2.259225e+01,2.262652e+01,2.257854e+01,2.262652e+01,2.253055e+01,2.264022e+01,2.262652e+01,2.264022e+01,2.270187e+01,2.269502e+01,2.270871e+01,2.270871e+01,2.273610e+01,2.266078e+01,2.259225e+01,2.274978e+01,2.272925e+01,2.262652e+01,2.272241e+01,2.255112e+01,2.250997e+01,2.263337e+01,2.257854e+01,2.265392e+01,2.267447e+01,2.261967e+01,2.266078e+01,2.261282e+01,2.264708e+01,2.264022e+01,2.281820e+01,2.268132e+01,2.273610e+01,2.272925e+01,2.272925e+01,2.276347e+01,2.268132e+01,2.266763e+01,2.268132e+01,2.257854e+01,2.264708e+01,2.265392e+01,2.259911e+01,2.263337e+01,2.264022e+01,2.267447e+01,2.258540e+01,2.262652e+01,2.266078e+01,2.265392e+01,2.272925e+01,2.260596e+01,2.260596e+01,2.259911e+01,2.258540e+01,2.258540e+01,2.257854e+01,2.252369e+01,2.254426e+01,2.255798e+01,2.251683e+01,2.255798e+01,2.252369e+01,2.248252e+01,2.247566e+01,2.250311e+01,2.259911e+01,2.248252e+01,2.264022e+01,2.261282e+01,2.264022e+01,2.261967e+01,2.291391e+01,2.298221e+01,2.307777e+01,2.301635e+01,2.301635e+01,2.305048e+01,2.318686e+01,2.320731e+01,2.330946e+01,2.334349e+01,2.356101e+01,2.355421e+01,2.344551e+01,2.362889e+01,2.359495e+01,2.360853e+01,2.376451e+01,2.394057e+01,2.385258e+01,2.383903e+01,2.384581e+01,2.387966e+01,2.383226e+01,2.381872e+01,2.385258e+01,2.379839e+01,2.386612e+01,2.400820e+01,2.393380e+01,2.393380e+01,2.381872e+01,2.370350e+01,2.394057e+01,2.383226e+01,2.375774e+01,2.377129e+01,2.383226e+01,2.386612e+01,2.379839e+01,2.377129e+01,2.390673e+01,2.390673e+01,2.396762e+01,2.388643e+01,2.393380e+01,2.391350e+01,2.379839e+01,2.388643e+01,2.379839e+01,2.386612e+01,2.387289e+01,2.379162e+01,2.377807e+01,2.384581e+01,2.385258e+01,2.394057e+01,2.367638e+01,2.377129e+01,2.366281e+01,2.368994e+01,2.384581e+01,2.384581e+01,2.383903e+01,2.381872e+01,2.388643e+01,2.386612e+01,2.381872e+01,2.367638e+01,2.386612e+01,2.384581e+01,2.383903e+01,2.385935e+01,2.398791e+01,2.398115e+01,2.371706e+01,2.362889e+01,2.373062e+01,2.362210e+01,2.362210e+01,2.364246e+01,2.364246e+01,2.373740e+01,2.362210e+01,2.367638e+01,2.375096e+01,2.370350e+01,2.377129e+01,2.382549e+01,2.393380e+01,2.392703e+01,2.391350e+01,2.390673e+01,2.391350e+01,2.405551e+01,2.396086e+01,2.392027e+01,2.385258e+01,2.397439e+01,2.391350e+01,2.394057e+01,2.391350e+01,2.396762e+01,2.394733e+01,2.394733e+01,2.392703e+01,2.383903e+01,2.384581e+01,2.379162e+01,2.377807e+01,2.377129e+01,2.348629e+01,2.347949e+01,2.335029e+01,2.339791e+01,2.339111e+01,2.329585e+01,2.383903e+01,2.556509e+01,2.327542e+01,2.250311e+01,2.244821e+01,2.249625e+01,2.242762e+01,2.242762e+01,2.247566e+01,2.248939e+01,2.242075e+01,2.237955e+01,2.247566e+01,2.249625e+01,2.248939e+01,2.248939e+01,2.250997e+01,2.249625e+01,2.272925e+01,2.358816e+01,2.368994e+01,2.358816e+01,2.375096e+01,2.462164e+01,2.472241e+01,2.451405e+01,2.506431e+01,2.305730e+01,2.315278e+01,2.309823e+01,2.317323e+01,2.313915e+01,2.303000e+01,2.375774e+01,2.368316e+01,2.423782e+01,2.331627e+01,2.328223e+01,2.356779e+01,2.338431e+01,2.345230e+01,2.324818e+01,2.340471e+01,2.403524e+01,2.404200e+01,2.407579e+01,2.398115e+01,2.403524e+01,2.399467e+01,2.364924e+01,2.396762e+01,2.364924e+01,2.355421e+01,2.363567e+01,2.375774e+01,2.360853e+01,2.389996e+01,2.362889e+01,2.296856e+01,2.301635e+01,2.330946e+01,2.359495e+01,2.298221e+01,2.282504e+01,2.281820e+01,2.302318e+01,2.311187e+01,2.312551e+01,2.362889e+01,2.282504e+01,2.268132e+01,2.357458e+01,2.473584e+01,2.437939e+01,2.457458e+01,2.352705e+01,2.284555e+01,2.266078e+01,2.379839e+01,2.255798e+01,2.264022e+01,2.267447e+01,2.223520e+01,2.203554e+01,2.223520e+01,2.285923e+01,2.415683e+01,2.636803e+01,2.713212e+01,2.529831e+01,2.293440e+01,2.248252e+01,2.244135e+01,2.243448e+01,2.277032e+01,2.296856e+01,2.307777e+01,2.334349e+01,2.469555e+01,2.376451e+01,2.316642e+01,2.311187e+01,2.378484e+01,2.453423e+01,2.563168e+01,2.550513e+01,2.367638e+01,2.362210e+01,2.335029e+01,2.313233e+01,2.299587e+01,2.298221e+01,2.281136e+01,2.328904e+01,2.330265e+01,2.311869e+01,2.201486e+01,2.178022e+01,2.204932e+01,2.222145e+01,2.261967e+01,2.227647e+01,2.218016e+01,2.215952e+01,2.216640e+01,2.218705e+01,2.222145e+01,2.223520e+01,2.224208e+01,2.235207e+01,2.231771e+01,2.231771e+01,2.223520e+01,2.226959e+01,2.235207e+01,2.226271e+01,2.222145e+01,2.235894e+01,2.231771e+01,2.232458e+01,2.227647e+01,2.228334e+01,2.237955e+01,2.225584e+01,2.220769e+01,2.226959e+01,2.222833e+01,2.236581e+01,2.229022e+01,2.215952e+01,2.224896e+01,2.220081e+01,2.229709e+01,2.228334e+01,2.213886e+01,2.218016e+01,2.217328e+01,2.222833e+01,2.224896e+01,2.223520e+01,2.225584e+01,2.218016e+01,2.215952e+01,2.206999e+01,2.210443e+01,2.210443e+01,2.209066e+01,2.210443e+01,2.204243e+01,2.204932e+01,2.198729e+01,2.203554e+01,2.220769e+01,2.204932e+01,2.213886e+01,2.205621e+01,2.199418e+01,2.199418e+01,2.205621e+01,2.200797e+01,2.204243e+01,2.203554e+01,2.209755e+01,2.199418e+01,2.195280e+01,2.198729e+01,2.195970e+01,2.195280e+01,2.187691e+01,2.187000e+01,2.192521e+01,2.195280e+01,2.171802e+01,2.189761e+01,2.178022e+01,2.178713e+01,2.178713e+01,2.155890e+01,2.174567e+01,2.190451e+01,2.178022e+01,2.178022e+01,2.183548e+01,2.180095e+01,2.182167e+01,2.177332e+01,2.187000e+01,2.183548e+01,2.187000e+01,2.186310e+01,2.183548e+01,2.181476e+01,2.178022e+01,2.181476e+01,2.182858e+01,2.187000e+01,2.208377e+01,2.203554e+01,2.197349e+01,2.195970e+01,2.189071e+01,2.206310e+01,2.188381e+01,2.187000e+01,2.195970e+01,2.200107e+01,2.178713e+01,2.175258e+01,2.193901e+01,2.200107e+01,2.200797e+01,2.192521e+01,2.200107e+01,2.201486e+01,2.204932e+01,2.198729e+01,2.200797e+01,2.200797e+01,2.191831e+01,2.197349e+01,2.198729e+01,2.198039e+01,2.202176e+01,2.204243e+01,2.199418e+01,2.200107e+01,2.198039e+01,2.199418e+01,2.193901e+01,2.195970e+01,2.185620e+01,2.190451e+01,2.194591e+01,2.185620e+01,2.202865e+01,2.195970e+01,2.201486e+01,2.200797e+01,2.193211e+01,2.200107e+01,2.198039e+01,2.196660e+01,2.200797e+01,2.206310e+01,2.207688e+01,2.198729e+01,2.205621e+01,2.204932e+01,2.206999e+01,2.215263e+01,2.215263e+01,2.202865e+01,2.205621e+01,2.211132e+01,2.209066e+01,2.218016e+01,2.212509e+01,2.198729e+01,2.204243e+01,2.211132e+01,2.209755e+01,2.198039e+01,2.207688e+01,2.204932e+01,2.202865e+01,2.205621e+01,2.205621e+01,2.202176e+01,2.206999e+01,2.203554e+01,2.202865e+01,2.209066e+01,2.218016e+01,2.202176e+01,2.199418e+01,2.199418e+01,2.201486e+01,2.198729e+01,2.195280e+01,2.198039e+01,2.202176e+01,2.205621e+01,2.199418e+01,2.201486e+01,2.191141e+01,2.202865e+01,2.205621e+01,2.200107e+01,2.199418e+01,2.189761e+01,2.189071e+01,2.185620e+01,2.188381e+01,2.191141e+01,2.189761e+01,2.193211e+01,2.182167e+01,2.193211e+01,2.189761e+01,2.189071e+01,2.193211e+01,2.197349e+01,2.182167e+01,2.196660e+01,2.182167e+01,2.184239e+01,2.191831e+01,2.187691e+01,2.200107e+01,2.198039e+01,2.198729e+01,2.202176e+01,2.211132e+01,2.197349e+01,2.201486e+01,2.199418e+01,2.204243e+01,2.198039e+01,2.204932e+01,2.204243e+01,2.196660e+01,2.208377e+01,2.194591e+01,2.206310e+01,2.189071e+01,2.189071e+01,2.201486e+01,2.196660e+01,2.198039e+01,2.193901e+01,2.197349e+01,2.193211e+01,2.202176e+01,2.189071e+01,2.200797e+01,2.198729e+01,2.189071e+01,2.189761e+01,2.204243e+01,2.200797e+01,2.197349e+01,2.205621e+01,2.202176e+01,2.200107e+01,2.186310e+01,2.189761e+01,2.202176e+01,2.191141e+01,2.195970e+01,2.209066e+01,2.200107e+01,2.191141e+01,2.202176e+01,2.197349e+01,2.197349e+01,2.193901e+01,2.188381e+01,2.190451e+01,2.193901e+01,2.197349e+01,2.200797e+01,2.192521e+01,2.195280e+01,2.211821e+01,2.216640e+01,2.206999e+01,2.204243e+01,2.202865e+01,2.201486e+01,2.206310e+01,2.213886e+01,2.217328e+01,2.201486e+01,2.209755e+01,2.217328e+01,2.209066e+01,2.214575e+01,2.208377e+01,2.209755e+01,2.215263e+01,2.200797e+01,2.213886e+01,2.219393e+01,2.211821e+01,2.213198e+01,2.224208e+01,2.225584e+01,2.214575e+01,2.217328e+01,2.224208e+01,2.230396e+01,2.217328e+01,2.221457e+01,2.201486e+01,2.222145e+01,2.200107e+01,2.213198e+01,2.213886e+01,2.195970e+01,2.210443e+01,2.206310e+01,2.204243e+01,2.216640e+01,2.206310e+01,2.211132e+01,2.211132e+01,2.208377e+01,2.221457e+01,2.222145e+01,2.210443e+01,2.210443e+01,2.219393e+01,2.228334e+01,2.226959e+01,2.224208e+01,2.229709e+01,2.215952e+01,2.229022e+01,2.226959e+01,2.224896e+01,2.224208e+01,2.221457e+01,2.219393e+01,2.234520e+01,2.224208e+01,2.228334e+01,2.226271e+01,2.236581e+01,2.226959e+01,2.216640e+01,2.224896e+01,2.225584e+01
2.268817e+01,2.258540e+01,2.253055e+01,2.250997e+01,2.261282e+01,2.253055e+01,2.261282e+01,2.266078e+01,2.260596e+01,2.259225e+01,2.274294e+01,2.257169e+01,2.269502e+01,2.261282e+01,2.266763e+01,2.272241e+01,2.259911e+01,2.270187e+01,2.263337e+01,2.265392e+01,2.261282e+01,2.255798e+01,2.261282e+01,2.257169e+01,2.258540e+01,2.265392e+01,2.264708e+01,2.262652e+01,2.264708e+01,2.285239e+01,2.258540e+01,2.263337e+01,2.260596e+01,2.276347e+01,2.270871e+01,2.270187e+01,2.271556e+01,2.266078e+01,2.283872e+01,2.264022e+01,2.253741e+01,2.256483e+01,2.261967e+01,2.267447e+01,2.267447e+01,2.261967e+01,2.263337e+01,2.264022e+01,2.261967e+01,2.265392e+01,2.261282e+01,2.261967e+01,2.255112e+01,2.277032e+01,2.277032e+01,2.258540e+01,2.259911e+01,2.253055e+01,2.255798e+01,2.246880e+01,2.240015e+01,2.248252e+01,2.242075e+01,2.246880e+01,2.252369e+01,2.255112e+01,2.250311e+01,2.247566e+01,2.251683e+01,2.248939e+01,2.250311e+01,2.264708e+01,2.302318e+01,2.293440e+01,2.316642e+01,2.315960e+01,2.313233e+01,2.305730e+01,2.339791e+01,2.332988e+01,2.334349e+01,2.345910e+01,2.341151e+01,2.352705e+01,2.347269e+01,2.358816e+01,2.371706e+01,2.366281e+01,2.380517e+01,2.394057e+01,2.385258e+01,2.389320e+01,2.400820e+01,2.385258e+01,2.385258e+01,2.395410e+01,2.395410e+01,2.386612e+01,2.395410e+01,2.396762e+01,2.392703e+01,2.383226e+01,2.389320e+01,2.383226e+01,2.375774e+01,2.374418e+01,2.368316e+01,2.365602e+01,2.363567e+01,2.358816e+01,2.379162e+01,2.377807e+01,2.388643e+01,2.386612e+01,2.392027e+01,2.379162e+01,2.392027e+01,2.378484e+01,2.380517e+01,2.392027e+01,2.390673e+01,2.379162e+01,2.385258e+01,2.374418e+01,2.379162e+01,2.391350e+01,2.388643e+01,2.382549e+01,2.372384e+01,2.386612e+01,2.382549e+01,2.381872e+01,2.385935e+01,2.372384e+01,2.384581e+01,2.386612e+01,2.379162e+01,2.383903e+01,2.380517e+01,2.385258e+01,2.383903e+01,2.386612e+01,2.379839e+01,2.384581e+01,2.385258e+01,2.385935e+01,2.359495e+01,2.357458e+01,2.359495e+01,2.362210e+01,2.375096e+01,2.371028e+01,2.360174e+01,2.360853e+01,2.378484e+01,2.372384e+01,2.380517e+01,2.373740e+01,2.379162e+01,2.386612e+01,2.382549e+01,2.378484e+01,2.396086e+01,2.400144e+01,2.396762e+01,2.398115e+01,2.396086e+01,2.386612e+01,2.389996e+01,2.396762e+01,2.395410e+01,2.396086e+01,2.400820e+01,2.396762e+01,2.398115e+01,2.396762e+01,2.400820e+01,2.389996e+01,2.383226e+01,2.388643e+01,2.373740e+01,2.389996e+01,2.375774e+01,2.355421e+01,2.331627e+01,2.332988e+01,2.326180e+01,2.331627e+01,2.379839e+01,2.559173e+01,2.339111e+01,2.253741e+01,2.240702e+01,2.240702e+01,2.244821e+01,2.244135e+01,2.247566e+01,2.247566e+01,2.244821e+01,2.249625e+01,2.250997e+01,2.257169e+01,2.249625e+01,2.249625e+01,2.251683e+01,2.244821e+01,2.261967e+01,2.341831e+01,2.354063e+01,2.320049e+01,2.367638e+01,2.379839e+01,2.354742e+01,2.331627e+01,2.419733e+01,2.309823e+01,2.307777e+01,2.307095e+01,2.309823e+01,2.347269e+01,2.328223e+01,2.401496e+01,2.420408e+01,2.423782e+01,2.331627e+01,2.366281e+01,2.341831e+01,2.335710e+01,2.341151e+01,2.340471e+01,2.366959e+01,2.447367e+01,2.476941e+01,2.513791e+01,2.383226e+01,2.384581e+01,2.430526e+01,2.453423e+01,2.379162e+01,2.329585e+01,2.327542e+01,2.328223e+01,2.355421e+01,2.364246e+01,2.384581e+01,2.409605e+01,2.337070e+01,2.337751e+01,2.339111e+01,2.396086e+01,2.352026e+01,2.352705e+01,2.347269e+01,2.309823e+01,2.298221e+01,2.282504e+01,2.311869e+01,2.354063e+01,2.313233e+01,2.357458e+01,2.525823e+01,2.475598e+01,2.384581e+01,2.316642e+01,2.264022e+01,2.253741e+01,2.304365e+01,2.335029e+01,2.364924e+01,2.318005e+01,2.247566e+01,2.221457e+01,2.244821e+01,2.322775e+01,2.655957e+01,2.808612e+01,2.694162e+01,2.654637e+01,2.575809e+01,2.470227e+01,2.468884e+01,2.300953e+01,2.283188e+01,2.335710e+01,2.519809e+01,2.371706e+01,2.360174e+01,2.356779e+01,2.347949e+01,2.298904e+01,2.325499e+01,2.454768e+01,2.401496e+01,2.345230e+01,2.343191e+01,2.245507e+01,2.200107e+01,2.248252e+01,2.287974e+01,2.302318e+01,2.296173e+01,2.291391e+01,2.331627e+01,2.316642e+01,2.272925e+01,2.224896e+01,2.226271e+01,2.227647e+01,2.227647e+01,2.227647e+01,2.221457e+01,2.229709e+01,2.218016e+01,2.216640e+01,2.226271e+01,2.229709e+01,2.237268e+01,2.231771e+01,2.231771e+01,2.235207e+01,2.237955e+01,2.233146e+01,2.226959e+01,2.224208e+01,2.233146e+01,2.241389e+01,2.226271e+01,2.231771e+01,2.222833e+01,2.229022e+01,2.227647e+01,2.231771e+01,2.234520e+01,2.217328e+01,2.225584e+01,2.234520e+01,2.235894e+01,2.221457e+01,2.226959e+01,2.220769e+01,2.231771e+01,2.233146e+01,2.215952e+01,2.222145e+01,2.218705e+01,2.229022e+01,2.223520e+01,2.222145e+01,2.208377e+01,2.207688e+01,2.219393e+01,2.214575e+01,2.193901e+01,2.195280e+01,2.198039e+01,2.202865e+01,2.201486e+01,2.200797e+01,2.202865e+01,2.203554e+01,2.200797e+01,2.202176e+01,2.207688e+01,2.202176e+01,2.209066e+01,2.211132e+01,2.198039e+01,2.203554e+01,2.201486e+01,2.198039e+01,2.202176e+01,2.199418e+01,2.195280e+01,2.195280e+01,2.197349e+01,2.184239e+01,2.184929e+01,2.185620e+01,2.181476e+01,2.195280e+01,2.185620e+01,2.180786e+01,2.175258e+01,2.181476e+01,2.173876e+01,2.175949e+01,2.181476e+01,2.180095e+01,2.180095e+01,2.182167e+01,2.183548e+01,2.184239e+01,2.188381e+01,2.184929e+01,2.187691e+01,2.182858e+01,2.185620e+01,2.187000e+01,2.182858e+01,2.181476e+01,2.193901e+01,2.190451e+01,2.191831e+01,2.195280e+01,2.192521e+01,2.197349e+01,2.189761e+01,2.191141e+01,2.184929e+01,2.187691e+01,2.193211e+01,2.183548e+01,2.187691e+01,2.199418e+01,2.195280e+01,2.193211e+01,2.193211e+01,2.195970e+01,2.196660e+01,2.207688e+01,2.198729e+01,2.202865e+01,2.196660e+01,2.196660e+01,2.195970e+01,2.198729e+01,2.198039e+01,2.213886e+01,2.205621e+01,2.198729e+01,2.200797e+01,2.207688e+01,2.198729e+01,2.192521e+01,2.193901e+01,2.191141e+01,2.189761e+01,2.193211e+01,2.187000e+01,2.200107e+01,2.209066e+01,2.197349e+01,2.189761e+01,2.193211e+01,2.187000e+01,2.201486e+01,2.195280e+01,2.198729e+01,2.204243e+01,2.200107e+01,2.195970e+01,2.213198e+01,2.213198e+01,2.209066e+01,2.209755e+01,2.201486e+01,2.200797e+01,2.208377e+01,2.205621e+01,2.211132e+01,2.215263e+01,2.206310e+01,2.212509e+01,2.213886e+01,2.204243e+01,2.211821e+01,2.208377e+01,2.202176e+01,2.207688e+01,2.198039e+01,2.205621e+01,2.207688e+01,2.208377e+01,2.204243e+01,2.198039e+01,2.203554e+01,2.201486e+01,2.204243e+01,2.198729e+01,2.218705e+01,2.200797e+01,2.208377e+01,2.200107e+01,2.203554e+01,2.195280e+01,2.202865e+01,2.205621e+01,2.200797e+01,2.200107e+01,2.195280e+01,2.204243e+01,2.200107e+01,2.189071e+01,2.206999e+01,2.189071e+01,2.189071e+01,2.187000e+01,2.191141e+01,2.187000e+01,2.187000e+01,2.191831e+01,2.184239e+01,2.189761e+01,2.187691e+01,2.193211e+01,2.186310e+01,2.187691e+01,2.195280e+01,2.192521e+01,2.186310e+01,2.193901e+01,2.199418e+01,2.186310e+01,2.197349e+01,2.189071e+01,2.191141e+01,2.193901e+01,2.185620e+01,2.201486e+01,2.195280e+01,2.196660e+01,2.200107e+01,2.202865e+01,2.198729e+01,2.200797e+01,2.198039e+01,2.195280e+01,2.203554e+01,2.194591e+01,2.197349e+01,2.204932e+01,2.204932e+01,2.191831e+01,2.204243e+01,2.204243e+01,2.198729e+01,2.200107e+01,2.195970e+01,2.204243e+01,2.200797e+01,2.204932e+01,2.187000e+01,2.195970e+01,2.190451e+01,2.188381e+01,2.192521e+01,2.186310e+01,2.204932e+01,2.193901e+01,2.207688e+01,2.200107e+01,2.200797e+01,2.191831e+01,2.202176e+01,2.200797e+01,2.199418e+01,2.191831e+01,2.199418e+01,2.201486e+01,2.193901e+01,2.195970e+01,2.200107e+01,2.195970e+01,2.206999e+01,2.194591e+01,2.196660e+01,2.191831e+01,2.220081e+01,2.213886e+01,2.198729e+01,2.215263e+01,2.199418e+01,2.196660e+01,2.200797e+01,2.202865e+01,2.201486e+01,2.210443e+01,2.201486e+01,2.202176e+01,2.206999e+01,2.208377e+01,2.206999e+01,2.202865e+01,2.216640e+01,2.206999e+01,2.211132e+01,2.211132e+01,2.209066e+01,2.215952e+01,2.213198e+01,2.206999e+01,2.210443e+01,2.225584e+01,2.216640e+01,2.226959e+01,2.213886e+01,2.224208e+01,2.223520e+01,2.220769e+01,2.218705e+01,2.220769e+01,2.224208e+01,2.221457e+01,2.215263e+01,2.202865e+01,2.209755e+01,2.206310e+01,2.218705e+01,2.206310e+01,2.193901e+01,2.210443e+01,2.217328e+01,2.218705e+01,2.212509e+01,2.224896e+01,2.222145e+01,2.222145e+01,2.211132e+01,2.220081e+01,2.218016e+01,2.222145e+01,2.227647e+01,2.229022e+01,2.219393e+01,2.227647e+01,2.228334e+01,2.226271e+01,2.224896e+01,2.226959e+01,2.224896e+01,2.234520e+01,2.223520e+01,2.222833e+01,2.232458e+01,2.218705e+01,2.227647e+01,2.218705e+01,2.231084e+01,2.229709e+01,2.233146e+01
2.253055e+01,2.254426e+01,2.265392e+01,2.262652e+01,2.261967e+01,2.255798e+01,2.263337e+01,2.253741e+01,2.253055e+01,2.266763e+01,2.259225e+01,2.280452e+01,2.271556e+01,2.261967e+01,2.260596e+01,2.267447e+01,2.261967e+01,2.265392e+01,2.270871e+01,2.270187e+01,2.268817e+01,2.269502e+01,2.264708e+01,2.262652e+01,2.267447e+01,2.257854e+01,2.268132e+01,2.266078e+01,2.261967e+01,2.265392e+01,2.266763e+01,2.265392e+01,2.274294e+01,2.272241e+01,2.277716e+01,2.270187e+01,2.266763e+01,2.261282e+01,2.261967e+01,2.265392e+01,2.269502e+01,2.264708e+01,2.266078e+01,2.261967e+01,2.266078e+01,2.262652e+01,2.270871e+01,2.270871e+01,2.263337e+01,2.260596e+01,2.264022e+01,2.260596e+01,2.259225e+01,2.253055e+01,2.257854e+01,2.257854e+01,2.255798e+01,2.258540e+01,2.249625e+01,2.249625e+01,2.256483e+01,2.240015e+01,2.244821e+01,2.256483e+01,2.256483e+01,2.249625e+01,2.246194e+01,2.255798e+01,2.248252e+01,2.247566e+01,2.268817e+01,2.270187e+01,2.288657e+01,2.291391e+01,2.294123e+01,2.302318e+01,2.305048e+01,2.320049e+01,2.323456e+01,2.320731e+01,2.336390e+01,2.335029e+01,2.337751e+01,2.355421e+01,2.341151e+01,2.362210e+01,2.345230e+01,2.380517e+01,2.373062e+01,2.388643e+01,2.377807e+01,2.385935e+01,2.387289e+01,2.383903e+01,2.385258e+01,2.391350e+01,2.400820e+01,2.392027e+01,2.389320e+01,2.402848e+01,2.388643e+01,2.388643e+01,2.380517e+01,2.382549e+01,2.381872e+01,2.354742e+01,2.373740e+01,2.372384e+01,2.358816e+01,2.368316e+01,2.386612e+01,2.388643e+01,2.389996e+01,2.389320e+01,2.392703e+01,2.388643e+01,2.390673e+01,2.395410e+01,2.390673e+01,2.376451e+01,2.389320e+01,2.385935e+01,2.388643e+01,2.381872e+01,2.379839e+01,2.381872e+01,2.383903e+01,2.392027e+01,2.381194e+01,2.381194e+01,2.367638e+01,2.374418e+01,2.379839e+01,2.388643e+01,2.388643e+01,2.385258e+01,2.384581e+01,2.392703e+01,2.383226e+01,2.383903e+01,2.385935e+01,2.377807e+01,2.379839e+01,2.393380e+01,2.381194e+01,2.377807e+01,2.357458e+01,2.358138e+01,2.375096e+01,2.360174e+01,2.364246e+01,2.370350e+01,2.375774e+01,2.362210e+01,2.373062e+01,2.369672e+01,2.372384e+01,2.382549e+01,2.369672e+01,2.375774e+01,2.377807e+01,2.392027e+01,2.391350e+01,2.390673e+01,2.394057e+01,2.389320e+01,2.395410e+01,2.389320e+01,2.394057e+01,2.397439e+01,2.396086e+01,2.410281e+01,2.394733e+01,2.381872e+01,2.400820e+01,2.400820e+01,2.393380e+01,2.387966e+01,2.385258e+01,2.390673e+01,2.389996e+01,2.377129e+01,2.357458e+01,2.354063e+01,2.339111e+01,2.337751e+01,2.331627e+01,2.331627e+01,2.380517e+01,2.556509e+01,2.344551e+01,2.257169e+01,2.252369e+01,2.239328e+01,2.262652e+01,2.239328e+01,2.244135e+01,2.242075e+01,2.240702e+01,2.256483e+01,2.244821e+01,2.246194e+01,2.252369e+01,2.246194e+01,2.250311e+01,2.251683e+01,2.263337e+01,2.356779e+01,2.332307e+01,2.325499e+01,2.390673e+01,2.419059e+01,2.439287e+01,2.298221e+01,2.433222e+01,2.392027e+01,2.316642e+01,2.307095e+01,2.307777e+01,2.342511e+01,2.390673e+01,2.394733e+01,2.370350e+01,2.391350e+01,2.333668e+01,2.318686e+01,2.362210e+01,2.255798e+01,2.281136e+01,2.364924e+01,2.356779e+01,2.379162e+01,2.383903e+01,2.425131e+01,2.425131e+01,2.402848e+01,2.522482e+01,2.536507e+01,2.406903e+01,2.394057e+01,2.368316e+01,2.397439e+01,2.404200e+01,2.394733e+01,2.386612e+01,2.381194e+01,2.382549e+01,2.362889e+01,2.362210e+01,2.394057e+01,2.365602e+01,2.391350e+01,2.389320e+01,2.343871e+01,2.322775e+01,2.311187e+01,2.345230e+01,2.345230e+01,2.352705e+01,2.368316e+01,2.734195e+01,2.815115e+01,2.602371e+01,2.330946e+01,2.303683e+01,2.318686e+01,2.333668e+01,2.339791e+01,2.322775e+01,2.326180e+01,2.264022e+01,2.222833e+01,2.245507e+01,2.381872e+01,2.589762e+01,2.584449e+01,2.593082e+01,2.855996e+01,2.852110e+01,2.594410e+01,2.728953e+01,2.431874e+01,2.280452e+01,2.366281e+01,2.628867e+01,2.529163e+01,2.364924e+01,2.313915e+01,2.349308e+01,2.309823e+01,2.288657e+01,2.373740e+01,2.318005e+01,2.233833e+01,2.248252e+01,2.196660e+01,2.138565e+01,2.165579e+01,2.171111e+01,2.241389e+01,2.284555e+01,2.290024e+01,2.316642e+01,2.289341e+01,2.283188e+01,2.242762e+01,2.227647e+01,2.211821e+01,2.227647e+01,2.222833e+01,2.219393e+01,2.224208e+01,2.216640e+01,2.222145e+01,2.219393e+01,2.223520e+01,2.234520e+01,2.219393e+01,2.231771e+01,2.233833e+01,2.225584e+01,2.234520e+01,2.226271e+01,2.221457e+01,2.225584e+01,2.219393e+01,2.218705e+01,2.222145e+01,2.234520e+01,2.228334e+01,2.224896e+01,2.235207e+01,2.213198e+01,2.222145e+01,2.209066e+01,2.231084e+01,2.226271e+01,2.229709e+01,2.215952e+01,2.239328e+01,2.218705e+01,2.216640e+01,2.211821e+01,2.221457e+01,2.218016e+01,2.212509e+01,2.225584e+01,2.211132e+01,2.211132e+01,2.215952e+01,2.215263e+01,2.206999e+01,2.207688e+01,2.209066e+01,2.204932e+01,2.209066e+01,2.208377e+01,2.191831e+01,2.206999e+01,2.202176e+01,2.197349e+01,2.209066e+01,2.198039e+01,2.203554e+01,2.209755e+01,2.198039e+01,2.204932e+01,2.206310e+01,2.200797e+01,2.200107e+01,2.201486e+01,2.198729e+01,2.198729e+01,2.195280e+01,2.198039e+01,2.196660e+01,2.195280e+01,2.184929e+01,2.187691e+01,2.187000e+01,2.178022e+01,2.177332e+01,2.178022e+01,2.166270e+01,2.160043e+01,2.173876e+01,2.175949e+01,2.187000e+01,2.178713e+01,2.182858e+01,2.186310e+01,2.183548e+01,2.193211e+01,2.193901e+01,2.194591e+01,2.193901e+01,2.184929e+01,2.179404e+01,2.182858e+01,2.191141e+01,2.186310e+01,2.184929e+01,2.184239e+01,2.202865e+01,2.181476e+01,2.204243e+01,2.199418e+01,2.194591e+01,2.194591e+01,2.192521e+01,2.195280e+01,2.194591e+01,2.195280e+01,2.182858e+01,2.191831e+01,2.194591e+01,2.190451e+01,2.193901e+01,2.197349e+01,2.202176e+01,2.189071e+01,2.196660e+01,2.195970e+01,2.203554e+01,2.201486e+01,2.202176e+01,2.198039e+01,2.198729e+01,2.193211e+01,2.198729e+01,2.201486e+01,2.204932e+01,2.199418e+01,2.200107e+01,2.197349e+01,2.196660e+01,2.195280e+01,2.191831e+01,2.166270e+01,2.198039e+01,2.196660e+01,2.191141e+01,2.195280e+01,2.196660e+01,2.199418e+01,2.195280e+01,2.192521e+01,2.200107e+01,2.196660e+01,2.194591e+01,2.206999e+01,2.201486e+01,2.200107e+01,2.206999e+01,2.198039e+01,2.211132e+01,2.216640e+01,2.215263e+01,2.215952e+01,2.215952e+01,2.209755e+01,2.204932e+01,2.208377e+01,2.210443e+01,2.211132e+01,2.213198e+01,2.198729e+01,2.200107e+01,2.204932e+01,2.204243e+01,2.204932e+01,2.206999e+01,2.205621e+01,2.206999e+01,2.209755e+01,2.204932e+01,2.200107e+01,2.212509e+01,2.208377e+01,2.202865e+01,2.203554e+01,2.202865e+01,2.200797e+01,2.209066e+01,2.204243e+01,2.203554e+01,2.200107e+01,2.202865e+01,2.202176e+01,2.198729e+01,2.200107e+01,2.195280e+01,2.199418e+01,2.199418e+01,2.188381e+01,2.192521e+01,2.207688e+01,2.187691e+01,2.191141e+01,2.189761e+01,2.203554e+01,2.189761e+01,2.189071e+01,2.182858e+01,2.188381e+01,2.184239e+01,2.195970e+01,2.195280e+01,2.184239e+01,2.195280e+01,2.196660e+01,2.198039e+01,2.192521e+01,2.197349e+01,2.190451e+01,2.198729e+01,2.192521e+01,2.194591e+01,2.198729e+01,2.201486e+01,2.202865e+01,2.194591e+01,2.192521e+01,2.204243e+01,2.202176e+01,2.199418e+01,2.197349e+01,2.197349e+01,2.200797e+01,2.198729e+01,2.200107e+01,2.196660e+01,2.199418e+01,2.201486e+01,2.199418e+01,2.202865e+01,2.198039e+01,2.213198e+01,2.197349e+01,2.204243e+01,2.192521e+01,2.197349e+01,2.191141e+01,2.190451e+01,2.209066e+01,2.194591e+01,2.194591e+01,2.198729e+01,2.204243e+01,2.184239e+01,2.195970e+01,2.201486e+01,2.199418e+01,2.200797e+01,2.195970e+01,2.197349e+01,2.201486e+01,2.195970e+01,2.200107e+01,2.189071e+01,2.221457e+01,2.200797e+01,2.209755e+01,2.200797e+01,2.200797e+01,2.196660e+01,2.195280e+01,2.208377e+01,2.201486e+01,2.200107e+01,2.198729e+01,2.198729e+01,2.205621e+01,2.202176e+01,2.202176e+01,2.209066e+01,2.199418e+01,2.204932e+01,2.211132e+01,2.209066e+01,2.211132e+01,2.200107e+01,2.204932e+01,2.201486e+01,2.202865e+01,2.211821e+01,2.207688e+01,2.208377e+01,2.217328e+01,2.218705e+01,2.226271e+01,2.227647e+01,2.215263e+01,2.228334e+01,2.226271e+01,2.225584e+01,2.221457e+01,2.220769e+01,2.224896e+01,2.222833e+01,2.222833e+01,2.214575e+01,2.217328e+01,2.224208e+01,2.224896e+01,2.220769e+01,2.202865e+01,2.219393e+01,2.220081e+01,2.218016e+01,2.208377e+01,2.220769e+01,2.215263e+01,2.213198e+01,2.211132e+01,2.206310e+01,2.222145e+01,2.211821e+01,2.223520e+01,2.222833e+01,2.224896e+01,2.218016e+01,2.220081e+01,2.232458e+01,2.229709e+01,2.227647e+01,2.242075e+01,2.224896e+01,2.225584e+01,2.231771e+01,2.230396e+01,2.218705e+01,2.231771e+01,2.230396e+01,2.214575e+01,2.223520e+01,2.225584e+01,2.235894e+01,2.226271e+01,2.232458e+01
2.257169e+01,2.261282e+01,2.261967e+01,2.268817e+01,2.246194e+01,2.257854e+01,2.262652e+01,2.260596e+01,2.267447e+01,2.268132e+01,2.261967e+01,2.250997e+01,2.266763e+01,2.263337e+01,2.266763e+01,2.269502e+01,2.270871e+01,2.264708e+01,2.274978e+01,2.266078e+01,2.270871e+01,2.269502e+01,2.266078e+01,2.257854e+01,2.264022e+01,2.268817e+01,2.281820e+01,2.264708e+01,2.266078e+01,2.269502e+01,2.280452e+01,2.272241e+01,2.277032e+01,2.264022e+01,2.265392e+01,2.281820e+01,2.269502e+01,2.281136e+01,2.267447e+01,2.268132e+01,2.294123e+01,2.263337e+01,2.274978e+01,2.243448e+01,2.274978e+01,2.264022e+01,2.272241e+01,2.271556e+01,2.261967e+01,2.262652e+01,2.261967e+01,2.272241e+01,2.259225e+01,2.259911e+01,2.261967e+01,2.260596e+01,2.262652e+01,2.257169e+01,2.257854e+01,2.258540e+01,2.259911e+01,2.258540e+01,2.252369e+01,2.257169e+01,2.257854e+01,2.250997e+01,2.247566e+01,2.248939e+01,2.249625e+01,2.248252e+01,2.252369e+01,2.270871e+01,2.287290e+01,2.298904e+01,2.305730e+01,2.307777e+01,2.315960e+01,2.310505e+01,2.324137e+01,2.318005e+01,2.330265e+01,2.328223e+01,2.342511e+01,2.339111e+01,2.363567e+01,2.368994e+01,2.371028e+01,2.382549e+01,2.381194e+01,2.386612e+01,2.385258e+01,2.385935e+01,2.386612e+01,2.386612e+01,2.381194e+01,2.389996e+01,2.387966e+01,2.386612e+01,2.392027e+01,2.391350e+01,2.392703e+01,2.377807e+01,2.377807e+01,2.378484e+01,2.371028e+01,2.380517e+01,2.379162e+01,2.368316e+01,2.371028e+01,2.363567e+01,2.368994e+01,2.391350e+01,2.385258e+01,2.372384e+01,2.390673e+01,2.392703e+01,2.390673e+01,2.379162e+01,2.385258e+01,2.392703e+01,2.379839e+01,2.384581e+01,2.383226e+01,2.379839e+01,2.385258e+01,2.382549e+01,2.377807e+01,2.368316e+01,2.396762e+01,2.386612e+01,2.377129e+01,2.377807e+01,2.381872e+01,2.378484e+01,2.389320e+01,2.379839e+01,2.383226e+01,2.383903e+01,2.385935e+01,2.380517e+01,2.382549e+01,2.388643e+01,2.389996e+01,2.386612e+01,2.387966e+01,2.379839e+01,2.373062e+01,2.358138e+01,2.362889e+01,2.359495e+01,2.381872e+01,2.382549e+01,2.377129e+01,2.359495e+01,2.379162e+01,2.372384e+01,2.393380e+01,2.375774e+01,2.374418e+01,2.376451e+01,2.386612e+01,2.387289e+01,2.393380e+01,2.394057e+01,2.392703e+01,2.389996e+01,2.391350e+01,2.392027e+01,2.394057e+01,2.402172e+01,2.395410e+01,2.400820e+01,2.399467e+01,2.402172e+01,2.404876e+01,2.398115e+01,2.383903e+01,2.390673e+01,2.388643e+01,2.378484e+01,2.390673e+01,2.387289e+01,2.359495e+01,2.358138e+01,2.359495e+01,2.333668e+01,2.331627e+01,2.325499e+01,2.370350e+01,2.556509e+01,2.366959e+01,2.256483e+01,2.248252e+01,2.258540e+01,2.248252e+01,2.242075e+01,2.242075e+01,2.250311e+01,2.244135e+01,2.243448e+01,2.245507e+01,2.247566e+01,2.248252e+01,2.250997e+01,2.246880e+01,2.253055e+01,2.264708e+01,2.319368e+01,2.322775e+01,2.354742e+01,2.449386e+01,2.618939e+01,2.392703e+01,2.335710e+01,2.454095e+01,2.434570e+01,2.338431e+01,2.272241e+01,2.273610e+01,2.334349e+01,2.358816e+01,2.435244e+01,2.360174e+01,2.330946e+01,2.342511e+01,2.313915e+01,2.288657e+01,2.255112e+01,2.287290e+01,2.347269e+01,2.344551e+01,2.349308e+01,2.387966e+01,2.425806e+01,2.573149e+01,2.476941e+01,2.433896e+01,2.444674e+01,2.435244e+01,2.373740e+01,2.368994e+01,2.360853e+01,2.429852e+01,2.364246e+01,2.363567e+01,2.322775e+01,2.335029e+01,2.328223e+01,2.320731e+01,2.393380e+01,2.555843e+01,2.630852e+01,2.524487e+01,2.415008e+01,2.305730e+01,2.377807e+01,2.420408e+01,2.361531e+01,2.360174e+01,2.311187e+01,2.426480e+01,2.754482e+01,2.402848e+01,2.499067e+01,2.272925e+01,2.310505e+01,2.371028e+01,2.429852e+01,2.346590e+01,2.330946e+01,2.295490e+01,2.315960e+01,2.278400e+01,2.381872e+01,2.523819e+01,2.664532e+01,2.737470e+01,2.853405e+01,2.805359e+01,2.620263e+01,2.580462e+01,2.549846e+01,2.279084e+01,2.258540e+01,2.324137e+01,2.368994e+01,2.564500e+01,2.456113e+01,2.360853e+01,2.316642e+01,2.285239e+01,2.250311e+01,2.231084e+01,2.205621e+01,2.193901e+01,2.173185e+01,2.139258e+01,2.158659e+01,2.136484e+01,2.166962e+01,2.193901e+01,2.244821e+01,2.281820e+01,2.287290e+01,2.287974e+01,2.244135e+01,2.253055e+01,2.227647e+01,2.226271e+01,2.224896e+01,2.218016e+01,2.224896e+01,2.217328e+01,2.219393e+01,2.218705e+01,2.232458e+01,2.222833e+01,2.222833e+01,2.225584e+01,2.220769e+01,2.219393e+01,2.226959e+01,2.229022e+01,2.231084e+01,2.231084e+01,2.224208e+01,2.224208e+01,2.220769e+01,2.218016e+01,2.229022e+01,2.217328e+01,2.213886e+01,2.233833e+01,2.219393e+01,2.226271e+01,2.210443e+01,2.220769e+01,2.218705e+01,2.230396e+01,2.218016e+01,2.211821e+01,2.217328e+01,2.213198e+01,2.213886e+01,2.217328e+01,2.215263e+01,2.224208e+01,2.201486e+01,2.209066e+01,2.205621e+01,2.210443e+01,2.210443e+01,2.207688e+01,2.207688e+01,2.203554e+01,2.206310e+01,2.198729e+01,2.203554e+01,2.208377e+01,2.200797e+01,2.197349e+01,2.200107e+01,2.206999e+01,2.200107e+01,2.207688e+01,2.194591e+01,2.205621e+01,2.200797e+01,2.219393e+01,2.189761e+01,2.211821e+01,2.200797e+01,2.196660e+01,2.196660e+01,2.194591e+01,2.192521e+01,2.187691e+01,2.193211e+01,2.188381e+01,2.186310e+01,2.186310e+01,2.185620e+01,2.176641e+01,2.175949e+01,2.177332e+01,2.175258e+01,2.186310e+01,2.173876e+01,2.183548e+01,2.187691e+01,2.191831e+01,2.193901e+01,2.189071e+01,2.173185e+01,2.182858e+01,2.184239e+01,2.192521e+01,2.194591e+01,2.187000e+01,2.189071e+01,2.187000e+01,2.191831e+01,2.188381e+01,2.203554e+01,2.184239e+01,2.202176e+01,2.200107e+01,2.200107e+01,2.193901e+01,2.192521e+01,2.194591e+01,2.184239e+01,2.191141e+01,2.189071e+01,2.194591e+01,2.188381e+01,2.195280e+01,2.199418e+01,2.202176e+01,2.194591e+01,2.200797e+01,2.195280e+01,2.196660e+01,2.200797e+01,2.202865e+01,2.201486e+01,2.196660e+01,2.191141e+01,2.201486e+01,2.184929e+01,2.203554e+01,2.202865e+01,2.193901e+01,2.198729e+01,2.198729e+01,2.198039e+01,2.198729e+01,2.191141e+01,2.193211e+01,2.200107e+01,2.195970e+01,2.206310e+01,2.191831e+01,2.199418e+01,2.198039e+01,2.198729e+01,2.200797e+01,2.193901e+01,2.193211e+01,2.191831e+01,2.193211e+01,2.197349e+01,2.200107e+01,2.208377e+01,2.201486e+01,2.196660e+01,2.209066e+01,2.218016e+01,2.200107e+01,2.211132e+01,2.217328e+01,2.211821e+01,2.205621e+01,2.211821e+01,2.213198e+01,2.214575e+01,2.211132e+01,2.206310e+01,2.204932e+01,2.219393e+01,2.203554e+01,2.205621e+01,2.206999e+01,2.206999e+01,2.209755e+01,2.215952e+01,2.200797e+01,2.204932e+01,2.206999e+01,2.207688e+01,2.202176e+01,2.200797e+01,2.204243e+01,2.202865e+01,2.198729e+01,2.202865e+01,2.195280e+01,2.200797e+01,2.202176e+01,2.197349e+01,2.202176e+01,2.206999e+01,2.202176e+01,2.202176e+01,2.201486e+01,2.189071e+01,2.187000e+01,2.187000e+01,2.187691e+01,2.195280e+01,2.194591e+01,2.188381e+01,2.189071e+01,2.186310e+01,2.184929e+01,2.182858e+01,2.194591e+01,2.183548e+01,2.200107e+01,2.196660e+01,2.184929e+01,2.189761e+01,2.189071e+01,2.191141e+01,2.198729e+01,2.189071e+01,2.191831e+01,2.187691e+01,2.198729e+01,2.196660e+01,2.200797e+01,2.201486e+01,2.196660e+01,2.201486e+01,2.198039e+01,2.194591e+01,2.183548e+01,2.198729e+01,2.199418e+01,2.199418e+01,2.205621e+01,2.205621e+01,2.200797e+01,2.211132e+01,2.201486e+01,2.206310e+01,2.187000e+01,2.210443e+01,2.198039e+01,2.194591e+01,2.195970e+01,2.196660e+01,2.190451e+01,2.191831e+01,2.189761e+01,2.192521e+01,2.203554e+01,2.195280e+01,2.203554e+01,2.200107e+01,2.200797e+01,2.200797e+01,2.187691e+01,2.198039e+01,2.192521e+01,2.200797e+01,2.200107e+01,2.198729e+01,2.210443e+01,2.199418e+01,2.197349e+01,2.202865e+01,2.202865e+01,2.195970e+01,2.200797e+01,2.211821e+01,2.198729e+01,2.207688e+01,2.209066e+01,2.235894e+01,2.210443e+01,2.201486e+01,2.219393e+01,2.209066e+01,2.209066e+01,2.207688e+01,2.206999e+01,2.206999e+01,2.209066e+01,2.203554e+01,2.211821e+01,2.207688e+01,2.211132e+01,2.211821e+01,2.208377e+01,2.205621e+01,2.208377e+01,2.217328e+01,2.212509e+01,2.213886e+01,2.220769e+01,2.230396e+01,2.229022e+01,2.220769e+01,2.213886e+01,2.222145e+01,2.214575e+01,2.217328e+01,2.208377e+01,2.237268e+01,2.226271e+01,2.212509e+01,2.215263e+01,2.220081e+01,2.229022e+01,2.222145e+01,2.210443e+01,2.228334e+01,2.218705e+01,2.229022e+01,2.213886e+01,2.213886e+01,2.228334e+01,2.222833e+01,2.218705e+01,2.216640e+01,2.226271e+01,2.216640e+01,2.222833e+01,2.221457e+01,2.221457e+01,2.226271e+01,2.215952e+01,2.230396e+01,2.240702e+01,2.233146e+01,2.237268e+01,2.229709e+01,2.223520e+01,2.237955e+01,2.235207e+01,2.224208e+01,2.235207e+01,2.231771e+01,2.228334e+01,2.226271e+01,2.247566e+01,2.234520e+01,2.239328e+01,2.254426e+01
2.243448e+01,2.259911e+01,2.244821e+01,2.264022e+01,2.258540e+01,2.257169e+01,2.251683e+01,2.259911e+01,2.256483e+01,2.253741e+01,2.268132e+01,2.268817e+01,2.261967e+01,2.274294e+01,2.260596e+01,2.272241e+01,2.274294e+01,2.262652e+01,2.269502e+01,2.268817e+01,2.270187e+01,2.268817e+01,2.270187e+01,2.267447e+01,2.266763e+01,2.277716e+01,2.272241e+01,2.266078e+01,2.265392e+01,2.279768e+01,2.268132e+01,2.269502e+01,2.270187e+01,2.257854e+01,2.271556e+01,2.270187e+01,2.272925e+01,2.270187e+01,2.270187e+01,2.263337e+01,2.264022e+01,2.272925e+01,2.266078e+01,2.264022e+01,2.272925e+01,2.261967e+01,2.268132e+01,2.260596e+01,2.256483e+01,2.260596e+01,2.273610e+01,2.277716e+01,2.255798e+01,2.249625e+01,2.258540e+01,2.261282e+01,2.252369e+01,2.253741e+01,2.258540e+01,2.245507e+01,2.255798e+01,2.256483e+01,2.242762e+01,2.244135e+01,2.240015e+01,2.248939e+01,2.246880e+01,2.247566e+01,2.254426e+01,2.247566e+01,2.251683e+01,2.258540e+01,2.290024e+01,2.287290e+01,2.309823e+01,2.311869e+01,2.306412e+01,2.304365e+01,2.305048e+01,2.328904e+01,2.328904e+01,2.333668e+01,2.331627e+01,2.363567e+01,2.368316e+01,2.352705e+01,2.368316e+01,2.366959e+01,2.375096e+01,2.379162e+01,2.387966e+01,2.383903e+01,2.387289e+01,2.386612e+01,2.387289e+01,2.406227e+01,2.389320e+01,2.388643e+01,2.389320e+01,2.386612e+01,2.392027e+01,2.383903e+01,2.377807e+01,2.383226e+01,2.376451e+01,2.368316e+01,2.378484e+01,2.360174e+01,2.362210e+01,2.364246e+01,2.363567e+01,2.371706e+01,2.367638e+01,2.374418e+01,2.375774e+01,2.373740e+01,2.381872e+01,2.389996e+01,2.382549e+01,2.391350e+01,2.393380e+01,2.388643e+01,2.379162e+01,2.384581e+01,2.375096e+01,2.381872e+01,2.381872e+01,2.373062e+01,2.377807e+01,2.380517e+01,2.389996e+01,2.366959e+01,2.376451e+01,2.383226e+01,2.381194e+01,2.380517e+01,2.381872e+01,2.379162e+01,2.379839e+01,2.381194e+01,2.377807e+01,2.377807e+01,2.391350e+01,2.396086e+01,2.392027e+01,2.362889e+01,2.360853e+01,2.369672e+01,2.364246e+01,2.358138e+01,2.361531e+01,2.359495e+01,2.356101e+01,2.377807e+01,2.371706e+01,2.362889e+01,2.364246e+01,2.373740e+01,2.376451e+01,2.372384e+01,2.373740e+01,2.376451e+01,2.389320e+01,2.381194e+01,2.395410e+01,2.397439e+01,2.392703e+01,2.394057e+01,2.396086e+01,2.402848e+01,2.392703e+01,2.402172e+01,2.404876e+01,2.381872e+01,2.399467e+01,2.398791e+01,2.395410e+01,2.398791e+01,2.390673e+01,2.393380e+01,2.388643e+01,2.376451e+01,2.362210e+01,2.358816e+01,2.343191e+01,2.333668e+01,2.332307e+01,2.327542e+01,2.379162e+01,2.555177e+01,2.368316e+01,2.246880e+01,2.252369e+01,2.246194e+01,2.242762e+01,2.245507e+01,2.242075e+01,2.248252e+01,2.243448e+01,2.244821e+01,2.248939e+01,2.246880e+01,2.247566e+01,2.254426e+01,2.254426e+01,2.259225e+01,2.259911e+01,2.303000e+01,2.347949e+01,2.363567e+01,2.412307e+01,2.535172e+01,2.368994e+01,2.309823e+01,2.295490e+01,2.322775e+01,2.323456e+01,2.307777e+01,2.268817e+01,2.320049e+01,2.335029e+01,2.343871e+01,2.324137e+01,2.320049e+01,2.342511e+01,2.383903e+01,2.285923e+01,2.261967e+01,2.287290e+01,2.419059e+01,2.341151e+01,2.339791e+01,2.372384e+01,2.457458e+01,2.571154e+01,2.537174e+01,2.401496e+01,2.387289e+01,2.360853e+01,2.326861e+01,2.313233e+01,2.319368e+01,2.373740e+01,2.394733e+01,2.314597e+01,2.291391e+01,2.274978e+01,2.254426e+01,2.276347e+01,2.392027e+01,2.593746e+01,2.525823e+01,2.388643e+01,2.343871e+01,2.297539e+01,2.427155e+01,2.392027e+01,2.429852e+01,2.319368e+01,2.313915e+01,2.311869e+01,2.351346e+01,2.402172e+01,2.307777e+01,2.259911e+01,2.293440e+01,2.368316e+01,2.471570e+01,2.378484e+01,2.329585e+01,2.308459e+01,2.330265e+01,2.318005e+01,2.326861e+01,2.376451e+01,2.423107e+01,2.430526e+01,2.476941e+01,2.431200e+01,2.431200e+01,2.430526e+01,2.456113e+01,2.280452e+01,2.257854e+01,2.257854e+01,2.261967e+01,2.530499e+01,2.562503e+01,2.456113e+01,2.324137e+01,2.284555e+01,2.248252e+01,2.195280e+01,2.166962e+01,2.162119e+01,2.155197e+01,2.135790e+01,2.140645e+01,2.137177e+01,2.162811e+01,2.145498e+01,2.194591e+01,2.199418e+01,2.227647e+01,2.250997e+01,2.250311e+01,2.241389e+01,2.223520e+01,2.213198e+01,2.214575e+01,2.217328e+01,2.215263e+01,2.220769e+01,2.218016e+01,2.219393e+01,2.222145e+01,2.217328e+01,2.229022e+01,2.229709e+01,2.222833e+01,2.218705e+01,2.222833e+01,2.219393e+01,2.224896e+01,2.219393e+01,2.229709e+01,2.220081e+01,2.218705e+01,2.224896e+01,2.214575e+01,2.223520e+01,2.213198e+01,2.215263e+01,2.218016e+01,2.207688e+01,2.215952e+01,2.215952e+01,2.224208e+01,2.225584e+01,2.226271e+01,2.198729e+01,2.211821e+01,2.215952e+01,2.207688e+01,2.208377e+01,2.212509e+01,2.220769e+01,2.213886e+01,2.201486e+01,2.220081e+01,2.206310e+01,2.198729e+01,2.194591e+01,2.215952e+01,2.195970e+01,2.203554e+01,2.197349e+01,2.196660e+01,2.205621e+01,2.199418e+01,2.202865e+01,2.195970e+01,2.184929e+01,2.197349e+01,2.200797e+01,2.202176e+01,2.200107e+01,2.198039e+01,2.205621e+01,2.201486e+01,2.201486e+01,2.194591e+01,2.197349e+01,2.198729e+01,2.195280e+01,2.191141e+01,2.192521e+01,2.185620e+01,2.190451e+01,2.187000e+01,2.168345e+01,2.173185e+01,2.157274e+01,2.170420e+01,2.173185e+01,2.155890e+01,2.160735e+01,2.187000e+01,2.171802e+01,2.185620e+01,2.180786e+01,2.183548e+01,2.178713e+01,2.182858e+01,2.187691e+01,2.189761e+01,2.196660e+01,2.189761e+01,2.187000e+01,2.189761e+01,2.195280e+01,2.192521e+01,2.189761e+01,2.186310e+01,2.201486e+01,2.184239e+01,2.199418e+01,2.198039e+01,2.198039e+01,2.196660e+01,2.180095e+01,2.194591e+01,2.198039e+01,2.196660e+01,2.184239e+01,2.195280e+01,2.193211e+01,2.202865e+01,2.198039e+01,2.193901e+01,2.195970e+01,2.201486e+01,2.196660e+01,2.200797e+01,2.209066e+01,2.201486e+01,2.203554e+01,2.204932e+01,2.202865e+01,2.185620e+01,2.203554e+01,2.203554e+01,2.193901e+01,2.186310e+01,2.195280e+01,2.185620e+01,2.191831e+01,2.193211e+01,2.191141e+01,2.200797e+01,2.198039e+01,2.193901e+01,2.209755e+01,2.196660e+01,2.198039e+01,2.202176e+01,2.204243e+01,2.202865e+01,2.198729e+01,2.196660e+01,2.189761e+01,2.209755e+01,2.191831e+01,2.198039e+01,2.197349e+01,2.206310e+01,2.212509e+01,2.204243e+01,2.202865e+01,2.209066e+01,2.218705e+01,2.214575e+01,2.212509e+01,2.206310e+01,2.210443e+01,2.207688e+01,2.201486e+01,2.218016e+01,2.211132e+01,2.220081e+01,2.204243e+01,2.206999e+01,2.206310e+01,2.204243e+01,2.204932e+01,2.207688e+01,2.200107e+01,2.193211e+01,2.217328e+01,2.207688e+01,2.204243e+01,2.206310e+01,2.200107e+01,2.198729e+01,2.197349e+01,2.205621e+01,2.203554e+01,2.202865e+01,2.193211e+01,2.196660e+01,2.174567e+01,2.211821e+01,2.191141e+01,2.195280e+01,2.200797e+01,2.189761e+01,2.188381e+01,2.188381e+01,2.187691e+01,2.185620e+01,2.193901e+01,2.183548e+01,2.178022e+01,2.188381e+01,2.178713e+01,2.184929e+01,2.198039e+01,2.197349e+01,2.182167e+01,2.194591e+01,2.182858e+01,2.191831e+01,2.196660e+01,2.178713e+01,2.195970e+01,2.187000e+01,2.189071e+01,2.187000e+01,2.187000e+01,2.191831e+01,2.197349e+01,2.200107e+01,2.195280e+01,2.199418e+01,2.200797e+01,2.200797e+01,2.202865e+01,2.198729e+01,2.202865e+01,2.205621e+01,2.197349e+01,2.203554e+01,2.201486e+01,2.195970e+01,2.202865e+01,2.194591e+01,2.202865e+01,2.191141e+01,2.199418e+01,2.189761e+01,2.194591e+01,2.193211e+01,2.192521e+01,2.201486e+01,2.197349e+01,2.206310e+01,2.214575e+01,2.192521e+01,2.203554e+01,2.207688e+01,2.199418e+01,2.200797e+01,2.205621e+01,2.199418e+01,2.201486e+01,2.187000e+01,2.200797e+01,2.195280e+01,2.202865e+01,2.198729e+01,2.203554e+01,2.204932e+01,2.202865e+01,2.199418e+01,2.197349e+01,2.200797e+01,2.213886e+01,2.206999e+01,2.197349e+01,2.207688e+01,2.211132e+01,2.206999e+01,2.210443e+01,2.203554e+01,2.202865e+01,2.208377e+01,2.205621e+01,2.203554e+01,2.202865e+01,2.205621e+01,2.200797e+01,2.201486e+01,2.209066e+01,2.211132e+01,2.204932e+01,2.214575e+01,2.210443e+01,2.211132e+01,2.215263e+01,2.220081e+01,2.213886e+01,2.217328e+01,2.216640e+01,2.227647e+01,2.226959e+01,2.226959e+01,2.232458e+01,2.226959e+01,2.224896e+01,2.220081e+01,2.225584e+01,2.224208e+01,2.215263e+01,2.229022e+01,2.222833e+01,2.215263e+01,2.226271e+01,2.229022e+01,2.218016e+01,2.208377e+01,2.226959e+01,2.220081e+01,2.220769e+01,2.204932e+01,2.221457e+01,2.220081e+01,2.220081e+01,2.234520e+01,2.233146e+01,2.222145e+01,2.217328e+01,2.225584e+01,2.219393e+01,2.229022e+01,2.244135e+01,2.233833e+01,2.229709e+01,2.233146e+01,2.231084e+01,2.229022e+01,2.232458e+01,2.232458e+01,2.229022e+01,2.227647e+01,2.230396e+01,2.226959e+01,2.231084e+01,2.235207e+01,2.233833e+01,2.251683e+01
2.245507e+01,2.254426e+01,2.257169e+01,2.270187e+01,2.266763e+01,2.264708e+01,2.265392e+01,2.248252e+01,2.264022e+01,2.266078e+01,2.262652e+01,2.271556e+01,2.262652e+01,2.266078e+01,2.274294e+01,2.270187e+01,2.273610e+01,2.258540e+01,2.266078e+01,2.266763e+01,2.269502e+01,2.255798e+01,2.271556e+01,2.270871e+01,2.274294e+01,2.261967e+01,2.266078e+01,2.268817e+01,2.266763e+01,2.266763e+01,2.267447e+01,2.266078e+01,2.268132e+01,2.266078e+01,2.271556e+01,2.261282e+01,2.266763e+01,2.268132e+01,2.262652e+01,2.265392e+01,2.276347e+01,2.266078e+01,2.276347e+01,2.272241e+01,2.270871e+01,2.268817e+01,2.268132e+01,2.268817e+01,2.263337e+01,2.272241e+01,2.270871e+01,2.261967e+01,2.261282e+01,2.261967e+01,2.257854e+01,2.258540e+01,2.264022e+01,2.255798e+01,2.246194e+01,2.259911e+01,2.253741e+01,2.257854e+01,2.241389e+01,2.242075e+01,2.246880e+01,2.255112e+01,2.250311e+01,2.248252e+01,2.248939e+01,2.257169e+01,2.259225e+01,2.266078e+01,2.261967e+01,2.284555e+01,2.295490e+01,2.302318e+01,2.310505e+01,2.306412e+01,2.313915e+01,2.318005e+01,2.330946e+01,2.328904e+01,2.337070e+01,2.342511e+01,2.341151e+01,2.343191e+01,2.349988e+01,2.378484e+01,2.377129e+01,2.385258e+01,2.373740e+01,2.384581e+01,2.381872e+01,2.385935e+01,2.402172e+01,2.387289e+01,2.380517e+01,2.385258e+01,2.381872e+01,2.382549e+01,2.382549e+01,2.373062e+01,2.372384e+01,2.375096e+01,2.373062e+01,2.366281e+01,2.365602e+01,2.362210e+01,2.362210e+01,2.364924e+01,2.368316e+01,2.369672e+01,2.378484e+01,2.391350e+01,2.375774e+01,2.374418e+01,2.373740e+01,2.375096e+01,2.390673e+01,2.392027e+01,2.392027e+01,2.379162e+01,2.384581e+01,2.371706e+01,2.377129e+01,2.375096e+01,2.385258e+01,2.368316e+01,2.368316e+01,2.375096e+01,2.373062e+01,2.380517e+01,2.366959e+01,2.381872e+01,2.381872e+01,2.380517e+01,2.378484e+01,2.378484e+01,2.368316e+01,2.388643e+01,2.379839e+01,2.385258e+01,2.383226e+01,2.406903e+01,2.383903e+01,2.381872e+01,2.368316e+01,2.366959e+01,2.360853e+01,2.363567e+01,2.361531e+01,2.356779e+01,2.354742e+01,2.365602e+01,2.355421e+01,2.365602e+01,2.368316e+01,2.372384e+01,2.369672e+01,2.377129e+01,2.387966e+01,2.375774e+01,2.385935e+01,2.376451e+01,2.385935e+01,2.379162e+01,2.389320e+01,2.398791e+01,2.402172e+01,2.400144e+01,2.392703e+01,2.402172e+01,2.379839e+01,2.393380e+01,2.398791e+01,2.397439e+01,2.389996e+01,2.395410e+01,2.392703e+01,2.387966e+01,2.379839e+01,2.396762e+01,2.364246e+01,2.362210e+01,2.342511e+01,2.337751e+01,2.332988e+01,2.323456e+01,2.378484e+01,2.530499e+01,2.375774e+01,2.250311e+01,2.245507e+01,2.244135e+01,2.245507e+01,2.242075e+01,2.241389e+01,2.231771e+01,2.231084e+01,2.252369e+01,2.244821e+01,2.242762e+01,2.245507e+01,2.253741e+01,2.253741e+01,2.251683e+01,2.253055e+01,2.294807e+01,2.359495e+01,2.359495e+01,2.368994e+01,2.441981e+01,2.475598e+01,2.408254e+01,2.315960e+01,2.308459e+01,2.314597e+01,2.323456e+01,2.328223e+01,2.356779e+01,2.398115e+01,2.344551e+01,2.305048e+01,2.327542e+01,2.274978e+01,2.304365e+01,2.304365e+01,2.313233e+01,2.315960e+01,2.350667e+01,2.330946e+01,2.312551e+01,2.238642e+01,2.292757e+01,2.366281e+01,2.374418e+01,2.386612e+01,2.357458e+01,2.366959e+01,2.328223e+01,2.313915e+01,2.304365e+01,2.305048e+01,2.368316e+01,2.336390e+01,2.251683e+01,2.243448e+01,2.237955e+01,2.255798e+01,2.311187e+01,2.492367e+01,2.556509e+01,2.364924e+01,2.311187e+01,2.248252e+01,2.244135e+01,2.248939e+01,2.313915e+01,2.289341e+01,2.246880e+01,2.292757e+01,2.285923e+01,2.291391e+01,2.253055e+01,2.251683e+01,2.266078e+01,2.321412e+01,2.406227e+01,2.379162e+01,2.298221e+01,2.288657e+01,2.311187e+01,2.323456e+01,2.377807e+01,2.407579e+01,2.377129e+01,2.396762e+01,2.501745e+01,2.503754e+01,2.430526e+01,2.548513e+01,2.400144e+01,2.299587e+01,2.231771e+01,2.231084e+01,2.246880e+01,2.352026e+01,2.424457e+01,2.433222e+01,2.281820e+01,2.296856e+01,2.213886e+01,2.166270e+01,2.171111e+01,2.190451e+01,2.162811e+01,2.137177e+01,2.135790e+01,2.140645e+01,2.164887e+01,2.164195e+01,2.165579e+01,2.170420e+01,2.166962e+01,2.187691e+01,2.198729e+01,2.224208e+01,2.221457e+01,2.215263e+01,2.215952e+01,2.215952e+01,2.215263e+01,2.213886e+01,2.215263e+01,2.218016e+01,2.211132e+01,2.217328e+01,2.213198e+01,2.213886e+01,2.214575e+01,2.220081e+01,2.219393e+01,2.217328e+01,2.214575e+01,2.213886e+01,2.215263e+01,2.212509e+01,2.212509e+01,2.218016e+01,2.215952e+01,2.215952e+01,2.214575e+01,2.220081e+01,2.211132e+01,2.217328e+01,2.205621e+01,2.215952e+01,2.227647e+01,2.218705e+01,2.213198e+01,2.207688e+01,2.209066e+01,2.200797e+01,2.212509e+01,2.213886e+01,2.207688e+01,2.219393e+01,2.200797e+01,2.199418e+01,2.202176e+01,2.209066e+01,2.203554e+01,2.197349e+01,2.195970e+01,2.198729e+01,2.195970e+01,2.206999e+01,2.200107e+01,2.200107e+01,2.192521e+01,2.204932e+01,2.193901e+01,2.193211e+01,2.209066e+01,2.200797e+01,2.201486e+01,2.201486e+01,2.200107e+01,2.197349e+01,2.198729e+01,2.204243e+01,2.207688e+01,2.195280e+01,2.197349e+01,2.192521e+01,2.186310e+01,2.186310e+01,2.191831e+01,2.183548e+01,2.193211e+01,2.170420e+01,2.192521e+01,2.187000e+01,2.170420e+01,2.176641e+01,2.177332e+01,2.162119e+01,2.170420e+01,2.160735e+01,2.173185e+01,2.173185e+01,2.186310e+01,2.191141e+01,2.191831e+01,2.191141e+01,2.191141e+01,2.193901e+01,2.190451e+01,2.187691e+01,2.189761e+01,2.195970e+01,2.189071e+01,2.195280e+01,2.193211e+01,2.189071e+01,2.199418e+01,2.197349e+01,2.195970e+01,2.194591e+01,2.202176e+01,2.192521e+01,2.202176e+01,2.182167e+01,2.202865e+01,2.189761e+01,2.186310e+01,2.195970e+01,2.195970e+01,2.195970e+01,2.192521e+01,2.192521e+01,2.203554e+01,2.200797e+01,2.197349e+01,2.203554e+01,2.204243e+01,2.202176e+01,2.203554e+01,2.204932e+01,2.204243e+01,2.198729e+01,2.189761e+01,2.193901e+01,2.200107e+01,2.200797e+01,2.200797e+01,2.193901e+01,2.196660e+01,2.191141e+01,2.193901e+01,2.198039e+01,2.206310e+01,2.198729e+01,2.195970e+01,2.193901e+01,2.200797e+01,2.198039e+01,2.204243e+01,2.229022e+01,2.198729e+01,2.207688e+01,2.202176e+01,2.194591e+01,2.200107e+01,2.202865e+01,2.203554e+01,2.202176e+01,2.208377e+01,2.211821e+01,2.206999e+01,2.198729e+01,2.205621e+01,2.205621e+01,2.207688e+01,2.211132e+01,2.206999e+01,2.208377e+01,2.203554e+01,2.203554e+01,2.213886e+01,2.205621e+01,2.204932e+01,2.205621e+01,2.205621e+01,2.202176e+01,2.200107e+01,2.206310e+01,2.200107e+01,2.202176e+01,2.206999e+01,2.204932e+01,2.199418e+01,2.198039e+01,2.200107e+01,2.201486e+01,2.197349e+01,2.199418e+01,2.200107e+01,2.198039e+01,2.201486e+01,2.192521e+01,2.205621e+01,2.208377e+01,2.191141e+01,2.200797e+01,2.200797e+01,2.190451e+01,2.192521e+01,2.187691e+01,2.191831e+01,2.186310e+01,2.186310e+01,2.186310e+01,2.184929e+01,2.189761e+01,2.183548e+01,2.180786e+01,2.182167e+01,2.182167e+01,2.187000e+01,2.191831e+01,2.188381e+01,2.187000e+01,2.189761e+01,2.195280e+01,2.186310e+01,2.194591e+01,2.198039e+01,2.200797e+01,2.196660e+01,2.191141e+01,2.200107e+01,2.191831e+01,2.199418e+01,2.205621e+01,2.206310e+01,2.181476e+01,2.204932e+01,2.195970e+01,2.180786e+01,2.204243e+01,2.196660e+01,2.202865e+01,2.200107e+01,2.211821e+01,2.193901e+01,2.190451e+01,2.187691e+01,2.185620e+01,2.187691e+01,2.189071e+01,2.198729e+01,2.193211e+01,2.195280e+01,2.198039e+01,2.201486e+01,2.187000e+01,2.197349e+01,2.197349e+01,2.192521e+01,2.197349e+01,2.190451e+01,2.199418e+01,2.200107e+01,2.209755e+01,2.199418e+01,2.200107e+01,2.206999e+01,2.202176e+01,2.202865e+01,2.194591e+01,2.202865e+01,2.202865e+01,2.203554e+01,2.197349e+01,2.202865e+01,2.198039e+01,2.206999e+01,2.211132e+01,2.209066e+01,2.205621e+01,2.202176e+01,2.205621e+01,2.200107e+01,2.209066e+01,2.195970e+01,2.213198e+01,2.210443e+01,2.218705e+01,2.206310e+01,2.212509e+01,2.211132e+01,2.213198e+01,2.215952e+01,2.209066e+01,2.222833e+01,2.210443e+01,2.209066e+01,2.216640e+01,2.211821e+01,2.213198e+01,2.215263e+01,2.229022e+01,2.224896e+01,2.226959e+01,2.220081e+01,2.218705e+01,2.230396e+01,2.224896e+01,2.216640e+01,2.229022e+01,2.222145e+01,2.231084e+01,2.223520e+01,2.237268e+01,2.223520e+01,2.231771e+01,2.222833e+01,2.229022e+01,2.225584e+01,2.216640e+01,2.231084e+01,2.216640e+01,2.215952e+01,2.219393e+01,2.210443e+01,2.223520e+01,2.218705e+01,2.234520e+01,2.235207e+01,2.226959e+01,2.229022e+01,2.227647e+01,2.226959e+01,2.233146e+01,2.220081e+01,2.231771e+01,2.229709e+01,2.235207e+01,2.232458e+01,2.232458e+01,2.228334e+01,2.233146e+01,2.226959e+01,2.228334e+01,2.239328e+01,2.252369e+01,2.243448e+01,2.237955e+01,2.246194e+01
2.248939e+01,2.259911e+01,2.253741e+01,2.269502e+01,2.259911e+01,2.259225e+01,2.266078e+01,2.261282e+01,2.264022e+01,2.257854e+01,2.254426e+01,2.268132e+01,2.257169e+01,2.274294e+01,2.268817e+01,2.270871e+01,2.254426e+01,2.259911e+01,2.268132e+01,2.267447e+01,2.253055e+01,2.264022e+01,2.271556e+01,2.285239e+01,2.279084e+01,2.278400e+01,2.263337e+01,2.266078e+01,2.266078e+01,2.266763e+01,2.267447e+01,2.258540e+01,2.268817e+01,2.273610e+01,2.269502e+01,2.274294e+01,2.261282e+01,2.264708e+01,2.266763e+01,2.264022e+01,2.266763e+01,2.279768e+01,2.279768e+01,2.264708e+01,2.270871e+01,2.272925e+01,2.264022e+01,2.261967e+01,2.267447e+01,2.279084e+01,2.262652e+01,2.269502e+01,2.265392e+01,2.259225e+01,2.266763e+01,2.259225e+01,2.226959e+01,2.245507e+01,2.259225e+01,2.259911e+01,2.262652e+01,2.242075e+01,2.255798e+01,2.236581e+01,2.249625e+01,2.244821e+01,2.249625e+01,2.248939e+01,2.253055e+01,2.249625e+01,2.248252e+01,2.259911e+01,2.282504e+01,2.285923e+01,2.299587e+01,2.287974e+01,2.308459e+01,2.297539e+01,2.305048e+01,2.311869e+01,2.321412e+01,2.322093e+01,2.341831e+01,2.338431e+01,2.339111e+01,2.349308e+01,2.354063e+01,2.347949e+01,2.356779e+01,2.382549e+01,2.379839e+01,2.376451e+01,2.385258e+01,2.385258e+01,2.386612e+01,2.386612e+01,2.394057e+01,2.392027e+01,2.386612e+01,2.387966e+01,2.379839e+01,2.372384e+01,2.371706e+01,2.364246e+01,2.362889e+01,2.377129e+01,2.364924e+01,2.366959e+01,2.357458e+01,2.363567e+01,2.375096e+01,2.379162e+01,2.377129e+01,2.382549e+01,2.386612e+01,2.372384e+01,2.385935e+01,2.385258e+01,2.385935e+01,2.374418e+01,2.377807e+01,2.378484e+01,2.373062e+01,2.389996e+01,2.381194e+01,2.383226e+01,2.376451e+01,2.379839e+01,2.392027e+01,2.377807e+01,2.370350e+01,2.379839e+01,2.383903e+01,2.366281e+01,2.369672e+01,2.377129e+01,2.366281e+01,2.381872e+01,2.379839e+01,2.381194e+01,2.377807e+01,2.372384e+01,2.381872e+01,2.386612e+01,2.378484e+01,2.373740e+01,2.369672e+01,2.359495e+01,2.356101e+01,2.356101e+01,2.358138e+01,2.355421e+01,2.355421e+01,2.366281e+01,2.356101e+01,2.354742e+01,2.373740e+01,2.358816e+01,2.370350e+01,2.377807e+01,2.354742e+01,2.383226e+01,2.381872e+01,2.374418e+01,2.387966e+01,2.385935e+01,2.384581e+01,2.385935e+01,2.388643e+01,2.387966e+01,2.398115e+01,2.389320e+01,2.400144e+01,2.396086e+01,2.391350e+01,2.396086e+01,2.381872e+01,2.380517e+01,2.385935e+01,2.381194e+01,2.372384e+01,2.389996e+01,2.362889e+01,2.360853e+01,2.335710e+01,2.332307e+01,2.328223e+01,2.328223e+01,2.379162e+01,2.531834e+01,2.385258e+01,2.253741e+01,2.244135e+01,2.242075e+01,2.240015e+01,2.243448e+01,2.237955e+01,2.246194e+01,2.241389e+01,2.240702e+01,2.249625e+01,2.250311e+01,2.244135e+01,2.254426e+01,2.250311e+01,2.244135e+01,2.253741e+01,2.265392e+01,2.350667e+01,2.345230e+01,2.439287e+01,2.468212e+01,2.499067e+01,2.408254e+01,2.331627e+01,2.337070e+01,2.325499e+01,2.324818e+01,2.347949e+01,2.358138e+01,2.392703e+01,2.343191e+01,2.355421e+01,2.347269e+01,2.309823e+01,2.322775e+01,2.313915e+01,2.331627e+01,2.309823e+01,2.305048e+01,2.320049e+01,2.376451e+01,2.284555e+01,2.285923e+01,2.315278e+01,2.330946e+01,2.356779e+01,2.318686e+01,2.326180e+01,2.327542e+01,2.309823e+01,2.326180e+01,2.380517e+01,2.421758e+01,2.520477e+01,2.338431e+01,2.256483e+01,2.235207e+01,2.231084e+01,2.248939e+01,2.312551e+01,2.371028e+01,2.313915e+01,2.328904e+01,2.290024e+01,2.240015e+01,2.235207e+01,2.234520e+01,2.246194e+01,2.274978e+01,2.242762e+01,2.224896e+01,2.267447e+01,2.271556e+01,2.274978e+01,2.277716e+01,2.293440e+01,2.341151e+01,2.311187e+01,2.270187e+01,2.279084e+01,2.274294e+01,2.287290e+01,2.393380e+01,2.379162e+01,2.371706e+01,2.402848e+01,2.548513e+01,2.450059e+01,2.413658e+01,2.547179e+01,2.270187e+01,2.248939e+01,2.281820e+01,2.224896e+01,2.224896e+01,2.193901e+01,2.191831e+01,2.226271e+01,2.272925e+01,2.270187e+01,2.285239e+01,2.243448e+01,2.209066e+01,2.178713e+01,2.162119e+01,2.128156e+01,2.163503e+01,2.151734e+01,2.163503e+01,2.162811e+01,2.167654e+01,2.161427e+01,2.157274e+01,2.143419e+01,2.193211e+01,2.181476e+01,2.197349e+01,2.204243e+01,2.213886e+01,2.214575e+01,2.212509e+01,2.201486e+01,2.212509e+01,2.215263e+01,2.213886e+01,2.215263e+01,2.198729e+01,2.214575e+01,2.214575e+01,2.210443e+01,2.215952e+01,2.222145e+01,2.222145e+01,2.226271e+01,2.212509e+01,2.216640e+01,2.217328e+01,2.212509e+01,2.209066e+01,2.213886e+01,2.210443e+01,2.214575e+01,2.218705e+01,2.221457e+01,2.206310e+01,2.210443e+01,2.205621e+01,2.202865e+01,2.213886e+01,2.206999e+01,2.214575e+01,2.208377e+01,2.212509e+01,2.213198e+01,2.202865e+01,2.203554e+01,2.206310e+01,2.204243e+01,2.202176e+01,2.200797e+01,2.197349e+01,2.199418e+01,2.198039e+01,2.199418e+01,2.197349e+01,2.196660e+01,2.202176e+01,2.190451e+01,2.189761e+01,2.193211e+01,2.191831e+01,2.196660e+01,2.204932e+01,2.195970e+01,2.194591e+01,2.194591e+01,2.198039e+01,2.196660e+01,2.196660e+01,2.185620e+01,2.191831e+01,2.191141e+01,2.184239e+01,2.191831e+01,2.189071e+01,2.190451e+01,2.186310e+01,2.194591e+01,2.189761e+01,2.184929e+01,2.178022e+01,2.172494e+01,2.183548e+01,2.166962e+01,2.175949e+01,2.173876e+01,2.182858e+01,2.165579e+01,2.164195e+01,2.180095e+01,2.179404e+01,2.189071e+01,2.187000e+01,2.187691e+01,2.189071e+01,2.187691e+01,2.187691e+01,2.186310e+01,2.191831e+01,2.191831e+01,2.191141e+01,2.194591e+01,2.193211e+01,2.193901e+01,2.187000e+01,2.193211e+01,2.201486e+01,2.202176e+01,2.191141e+01,2.193901e+01,2.201486e+01,2.193901e+01,2.191831e+01,2.204932e+01,2.187691e+01,2.202176e+01,2.195280e+01,2.197349e+01,2.200107e+01,2.193211e+01,2.198729e+01,2.192521e+01,2.200107e+01,2.199418e+01,2.211132e+01,2.189761e+01,2.198039e+01,2.200107e+01,2.202865e+01,2.196660e+01,2.201486e+01,2.202176e+01,2.180786e+01,2.199418e+01,2.200797e+01,2.191141e+01,2.173185e+01,2.194591e+01,2.197349e+01,2.197349e+01,2.204932e+01,2.204932e+01,2.198039e+01,2.196660e+01,2.199418e+01,2.191831e+01,2.202865e+01,2.197349e+01,2.203554e+01,2.203554e+01,2.203554e+01,2.198039e+01,2.203554e+01,2.195970e+01,2.212509e+01,2.206310e+01,2.202176e+01,2.204243e+01,2.217328e+01,2.209755e+01,2.198039e+01,2.215263e+01,2.216640e+01,2.218016e+01,2.202865e+01,2.199418e+01,2.200797e+01,2.200107e+01,2.196660e+01,2.197349e+01,2.201486e+01,2.204932e+01,2.205621e+01,2.198729e+01,2.195970e+01,2.204243e+01,2.198039e+01,2.202865e+01,2.203554e+01,2.201486e+01,2.197349e+01,2.205621e+01,2.198039e+01,2.195280e+01,2.191831e+01,2.193901e+01,2.204243e+01,2.194591e+01,2.191141e+01,2.192521e+01,2.203554e+01,2.191141e+01,2.204932e+01,2.193901e+01,2.184929e+01,2.198729e+01,2.180095e+01,2.192521e+01,2.187691e+01,2.184929e+01,2.180786e+01,2.184239e+01,2.174567e+01,2.191831e+01,2.191831e+01,2.181476e+01,2.184239e+01,2.184239e+01,2.193901e+01,2.186310e+01,2.181476e+01,2.182858e+01,2.186310e+01,2.190451e+01,2.195280e+01,2.198729e+01,2.184929e+01,2.187000e+01,2.184929e+01,2.187000e+01,2.184239e+01,2.198729e+01,2.190451e+01,2.184929e+01,2.202176e+01,2.198729e+01,2.193211e+01,2.194591e+01,2.203554e+01,2.193901e+01,2.203554e+01,2.197349e+01,2.186310e+01,2.195970e+01,2.196660e+01,2.196660e+01,2.186310e+01,2.191831e+01,2.196660e+01,2.196660e+01,2.192521e+01,2.195970e+01,2.183548e+01,2.195280e+01,2.182167e+01,2.202176e+01,2.195970e+01,2.195280e+01,2.192521e+01,2.191141e+01,2.197349e+01,2.203554e+01,2.202865e+01,2.193211e+01,2.187691e+01,2.204932e+01,2.207688e+01,2.204932e+01,2.203554e+01,2.202865e+01,2.193901e+01,2.194591e+01,2.195970e+01,2.202865e+01,2.196660e+01,2.212509e+01,2.211132e+01,2.205621e+01,2.205621e+01,2.209755e+01,2.211821e+01,2.207688e+01,2.213198e+01,2.210443e+01,2.200797e+01,2.209066e+01,2.202176e+01,2.202865e+01,2.199418e+01,2.210443e+01,2.206310e+01,2.202176e+01,2.206999e+01,2.213198e+01,2.209066e+01,2.207688e+01,2.220081e+01,2.215952e+01,2.211821e+01,2.211132e+01,2.215952e+01,2.229022e+01,2.225584e+01,2.227647e+01,2.227647e+01,2.221457e+01,2.222145e+01,2.222145e+01,2.222145e+01,2.224208e+01,2.217328e+01,2.232458e+01,2.234520e+01,2.232458e+01,2.233146e+01,2.229022e+01,2.229022e+01,2.227647e+01,2.229709e+01,2.217328e+01,2.238642e+01,2.226271e+01,2.233146e+01,2.223520e+01,2.215263e+01,2.209066e+01,2.231771e+01,2.218016e+01,2.233146e+01,2.233833e+01,2.229022e+01,2.247566e+01,2.228334e+01,2.233146e+01,2.224896e+01,2.220081e+01,2.233146e+01,2.237268e+01,2.241389e+01,2.231771e+01,2.225584e+01,2.233833e+01,2.239328e+01,2.233146e+01,2.250311e+01,2.239328e+01,2.237955e+01,2.246880e+01,2.253055e+01
2.261282e+01,2.261967e+01,2.253055e+01,2.257854e+01,2.255798e+01,2.268817e+01,2.266078e+01,2.260596e+01,2.257854e+01,2.259225e+01,2.270187e+01,2.271556e+01,2.259225e+01,2.271556e+01,2.270871e+01,2.268132e+01,2.270871e+01,2.257169e+01,2.267447e+01,2.256483e+01,2.266078e+01,2.272241e+01,2.285239e+01,2.275663e+01,2.277032e+01,2.272241e+01,2.274978e+01,2.281820e+01,2.265392e+01,2.267447e+01,2.280452e+01,2.279084e+01,2.274978e+01,2.266078e+01,2.267447e+01,2.273610e+01,2.274294e+01,2.274978e+01,2.274294e+01,2.263337e+01,2.266078e+01,2.267447e+01,2.261967e+01,2.272241e+01,2.271556e+01,2.263337e+01,2.266763e+01,2.258540e+01,2.257169e+01,2.272925e+01,2.259911e+01,2.266078e+01,2.264708e+01,2.255112e+01,2.265392e+01,2.253055e+01,2.256483e+01,2.248252e+01,2.256483e+01,2.261282e+01,2.258540e+01,2.260596e+01,2.244135e+01,2.250311e+01,2.249625e+01,2.246880e+01,2.250997e+01,2.247566e+01,2.255798e+01,2.246194e+01,2.255798e+01,2.247566e+01,2.281820e+01,2.285923e+01,2.286607e+01,2.290024e+01,2.296856e+01,2.311187e+01,2.305730e+01,2.311869e+01,2.326180e+01,2.323456e+01,2.330946e+01,2.341831e+01,2.357458e+01,2.357458e+01,2.358138e+01,2.379162e+01,2.363567e+01,2.381872e+01,2.383226e+01,2.382549e+01,2.381194e+01,2.400820e+01,2.385258e+01,2.391350e+01,2.387966e+01,2.385258e+01,2.372384e+01,2.389320e+01,2.371706e+01,2.381872e+01,2.362889e+01,2.377129e+01,2.373062e+01,2.363567e+01,2.364246e+01,2.347269e+01,2.364246e+01,2.369672e+01,2.364924e+01,2.367638e+01,2.364246e+01,2.373740e+01,2.376451e+01,2.389320e+01,2.388643e+01,2.373062e+01,2.389996e+01,2.378484e+01,2.376451e+01,2.388643e+01,2.375096e+01,2.372384e+01,2.381872e+01,2.375096e+01,2.389996e+01,2.383226e+01,2.387289e+01,2.379162e+01,2.379162e+01,2.379839e+01,2.392027e+01,2.367638e+01,2.387289e+01,2.375096e+01,2.378484e+01,2.383226e+01,2.381872e+01,2.384581e+01,2.375774e+01,2.377129e+01,2.379839e+01,2.370350e+01,2.378484e+01,2.375774e+01,2.360174e+01,2.356101e+01,2.359495e+01,2.352705e+01,2.353384e+01,2.357458e+01,2.356101e+01,2.353384e+01,2.365602e+01,2.360174e+01,2.371706e+01,2.362889e+01,2.368994e+01,2.367638e+01,2.364924e+01,2.379162e+01,2.381194e+01,2.373062e+01,2.383226e+01,2.372384e+01,2.388643e+01,2.383903e+01,2.388643e+01,2.393380e+01,2.385935e+01,2.389320e+01,2.389996e+01,2.392703e+01,2.385935e+01,2.396086e+01,2.396086e+01,2.384581e+01,2.385258e+01,2.380517e+01,2.385258e+01,2.377807e+01,2.371028e+01,2.364924e+01,2.358816e+01,2.346590e+01,2.324137e+01,2.335710e+01,2.368994e+01,2.525823e+01,2.386612e+01,2.265392e+01,2.244821e+01,2.240015e+01,2.242762e+01,2.241389e+01,2.240015e+01,2.249625e+01,2.250311e+01,2.236581e+01,2.242075e+01,2.250311e+01,2.244135e+01,2.248252e+01,2.264022e+01,2.253055e+01,2.248939e+01,2.260596e+01,2.343871e+01,2.313915e+01,2.292757e+01,2.298221e+01,2.309823e+01,2.309823e+01,2.346590e+01,2.493037e+01,2.433896e+01,2.327542e+01,2.359495e+01,2.395410e+01,2.542512e+01,2.395410e+01,2.419733e+01,2.465524e+01,2.310505e+01,2.330946e+01,2.330265e+01,2.332307e+01,2.326861e+01,2.323456e+01,2.382549e+01,2.454768e+01,2.460148e+01,2.317323e+01,2.294807e+01,2.318005e+01,2.319368e+01,2.300953e+01,2.303683e+01,2.311187e+01,2.330946e+01,2.313233e+01,2.386612e+01,2.581127e+01,2.472913e+01,2.562503e+01,2.341151e+01,2.252369e+01,2.267447e+01,2.275663e+01,2.315278e+01,2.360174e+01,2.313233e+01,2.330265e+01,2.324818e+01,2.279768e+01,2.251683e+01,2.244821e+01,2.294807e+01,2.362889e+01,2.324137e+01,2.300270e+01,2.286607e+01,2.279768e+01,2.338431e+01,2.375096e+01,2.375774e+01,2.370350e+01,2.283188e+01,2.307777e+01,2.313233e+01,2.281136e+01,2.270187e+01,2.328904e+01,2.451405e+01,2.477612e+01,2.454095e+01,2.419059e+01,2.385935e+01,2.375096e+01,2.341831e+01,2.271556e+01,2.255798e+01,2.214575e+01,2.180095e+01,2.155197e+01,2.152427e+01,2.155197e+01,2.189071e+01,2.234520e+01,2.298904e+01,2.400144e+01,2.360853e+01,2.180786e+01,2.175258e+01,2.165579e+01,2.164887e+01,2.178713e+01,2.163503e+01,2.186310e+01,2.184929e+01,2.183548e+01,2.184239e+01,2.161427e+01,2.157967e+01,2.159351e+01,2.178713e+01,2.195970e+01,2.201486e+01,2.213886e+01,2.208377e+01,2.211132e+01,2.212509e+01,2.210443e+01,2.212509e+01,2.221457e+01,2.209755e+01,2.213198e+01,2.205621e+01,2.219393e+01,2.211821e+01,2.212509e+01,2.211132e+01,2.212509e+01,2.217328e+01,2.215952e+01,2.223520e+01,2.211132e+01,2.223520e+01,2.209755e+01,2.213886e+01,2.209755e+01,2.216640e+01,2.208377e+01,2.199418e+01,2.194591e+01,2.211132e+01,2.207688e+01,2.206999e+01,2.204932e+01,2.204243e+01,2.211821e+01,2.209755e+01,2.208377e+01,2.200107e+01,2.197349e+01,2.208377e+01,2.200797e+01,2.198039e+01,2.209066e+01,2.200797e+01,2.202865e+01,2.197349e+01,2.208377e+01,2.191141e+01,2.201486e+01,2.202865e+01,2.200797e+01,2.186310e+01,2.202865e+01,2.190451e+01,2.198039e+01,2.195280e+01,2.192521e+01,2.197349e+01,2.209755e+01,2.199418e+01,2.197349e+01,2.197349e+01,2.196660e+01,2.195280e+01,2.195970e+01,2.213886e+01,2.187691e+01,2.189071e+01,2.187000e+01,2.191831e+01,2.205621e+01,2.180786e+01,2.187691e+01,2.180786e+01,2.189071e+01,2.175949e+01,2.185620e+01,2.176641e+01,2.178713e+01,2.178713e+01,2.180786e+01,2.178713e+01,2.166962e+01,2.182858e+01,2.176641e+01,2.188381e+01,2.193901e+01,2.198729e+01,2.190451e+01,2.189071e+01,2.199418e+01,2.191141e+01,2.200107e+01,2.195970e+01,2.195280e+01,2.189761e+01,2.191831e+01,2.193901e+01,2.195280e+01,2.190451e+01,2.193901e+01,2.198039e+01,2.195280e+01,2.206999e+01,2.205621e+01,2.198729e+01,2.194591e+01,2.202176e+01,2.196660e+01,2.201486e+01,2.198729e+01,2.194591e+01,2.194591e+01,2.201486e+01,2.213198e+01,2.198729e+01,2.203554e+01,2.193211e+01,2.186310e+01,2.202176e+01,2.206999e+01,2.197349e+01,2.205621e+01,2.206310e+01,2.202865e+01,2.197349e+01,2.193901e+01,2.198039e+01,2.202176e+01,2.193901e+01,2.193901e+01,2.200797e+01,2.194591e+01,2.206999e+01,2.193211e+01,2.191831e+01,2.203554e+01,2.196660e+01,2.197349e+01,2.200107e+01,2.198039e+01,2.209066e+01,2.206310e+01,2.208377e+01,2.212509e+01,2.203554e+01,2.204932e+01,2.212509e+01,2.209755e+01,2.211132e+01,2.208377e+01,2.206999e+01,2.200797e+01,2.199418e+01,2.201486e+01,2.200107e+01,2.213886e+01,2.214575e+01,2.216640e+01,2.203554e+01,2.205621e+01,2.210443e+01,2.203554e+01,2.204932e+01,2.198729e+01,2.201486e+01,2.197349e+01,2.207688e+01,2.203554e+01,2.202865e+01,2.210443e+01,2.198039e+01,2.206999e+01,2.208377e+01,2.196660e+01,2.196660e+01,2.195280e+01,2.192521e+01,2.206999e+01,2.202176e+01,2.204932e+01,2.203554e+01,2.178022e+01,2.180095e+01,2.199418e+01,2.178713e+01,2.189071e+01,2.189071e+01,2.199418e+01,2.182858e+01,2.199418e+01,2.175258e+01,2.187691e+01,2.193901e+01,2.177332e+01,2.182858e+01,2.182858e+01,2.179404e+01,2.177332e+01,2.183548e+01,2.187000e+01,2.187000e+01,2.185620e+01,2.192521e+01,2.186310e+01,2.187000e+01,2.192521e+01,2.193211e+01,2.193901e+01,2.197349e+01,2.185620e+01,2.201486e+01,2.200797e+01,2.188381e+01,2.187691e+01,2.191141e+01,2.199418e+01,2.202865e+01,2.193901e+01,2.204932e+01,2.195970e+01,2.197349e+01,2.192521e+01,2.189761e+01,2.199418e+01,2.191831e+01,2.191831e+01,2.191141e+01,2.191141e+01,2.185620e+01,2.193211e+01,2.202865e+01,2.194591e+01,2.191141e+01,2.198039e+01,2.197349e+01,2.200797e+01,2.199418e+01,2.199418e+01,2.199418e+01,2.196660e+01,2.195970e+01,2.202176e+01,2.193901e+01,2.204243e+01,2.199418e+01,2.199418e+01,2.201486e+01,2.211132e+01,2.226959e+01,2.203554e+01,2.202176e+01,2.206999e+01,2.202176e+01,2.202176e+01,2.203554e+01,2.200797e+01,2.204932e+01,2.194591e+01,2.204932e+01,2.218016e+01,2.204932e+01,2.213886e+01,2.203554e+01,2.201486e+01,2.211132e+01,2.211821e+01,2.199418e+01,2.200797e+01,2.205621e+01,2.203554e+01,2.201486e+01,2.207688e+01,2.216640e+01,2.209755e+01,2.205621e+01,2.208377e+01,2.218016e+01,2.218016e+01,2.214575e+01,2.210443e+01,2.206999e+01,2.221457e+01,2.218705e+01,2.229709e+01,2.224896e+01,2.248939e+01,2.224208e+01,2.227647e+01,2.229709e+01,2.222833e+01,2.221457e+01,2.226959e+01,2.231084e+01,2.229709e+01,2.229709e+01,2.231771e+01,2.237955e+01,2.220081e+01,2.237268e+01,2.235207e+01,2.232458e+01,2.248252e+01,2.237955e+01,2.229022e+01,2.242762e+01,2.242762e+01,2.237268e+01,2.229709e+01,2.239328e+01,2.228334e+01,2.231771e+01,2.231084e+01,2.226271e+01,2.238642e+01,2.233146e+01,2.227647e+01,2.236581e+01,2.231771e+01,2.234520e+01,2.224896e+01,2.222145e+01,2.229709e+01,2.227647e+01,2.228334e+01,2.259225e+01,2.226271e+01,2.229022e+01,2.249625e+01,2.245507e+01,2.250311e+01,2.241389e+01,2.249625e+01
2.272241e+01,2.257169e+01,2.257854e+01,2.267447e+01,2.258540e+01,2.248939e+01,2.265392e+01,2.263337e+01,2.263337e+01,2.266078e+01,2.270871e+01,2.260596e+01,2.269502e+01,2.273610e+01,2.265392e+01,2.273610e+01,2.266763e+01,2.278400e+01,2.278400e+01,2.251683e+01,2.272925e+01,2.273610e+01,2.261967e+01,2.276347e+01,2.274294e+01,2.267447e+01,2.268132e+01,2.266078e+01,2.276347e+01,2.261967e+01,2.268817e+01,2.272241e+01,2.275663e+01,2.266078e+01,2.268817e+01,2.274294e+01,2.279768e+01,2.274978e+01,2.268817e+01,2.266078e+01,2.269502e+01,2.266763e+01,2.263337e+01,2.267447e+01,2.264022e+01,2.266763e+01,2.268132e+01,2.269502e+01,2.268132e+01,2.268132e+01,2.285239e+01,2.265392e+01,2.266078e+01,2.264708e+01,2.252369e+01,2.262652e+01,2.253741e+01,2.265392e+01,2.255112e+01,2.257854e+01,2.246880e+01,2.263337e+01,2.257854e+01,2.252369e+01,2.246194e+01,2.248939e+01,2.249625e+01,2.248252e+01,2.246194e+01,2.253741e+01,2.247566e+01,2.263337e+01,2.267447e+01,2.274978e+01,2.286607e+01,2.290707e+01,2.300953e+01,2.312551e+01,2.301635e+01,2.318005e+01,2.315278e+01,2.324137e+01,2.330265e+01,2.347269e+01,2.349308e+01,2.343871e+01,2.353384e+01,2.367638e+01,2.381872e+01,2.381872e+01,2.385258e+01,2.380517e+01,2.383226e+01,2.402848e+01,2.385935e+01,2.389320e+01,2.391350e+01,2.377807e+01,2.376451e+01,2.366281e+01,2.367638e+01,2.370350e+01,2.377807e+01,2.373740e+01,2.377129e+01,2.362210e+01,2.367638e+01,2.362210e+01,2.374418e+01,2.358138e+01,2.375774e+01,2.375096e+01,2.368316e+01,2.371706e+01,2.389320e+01,2.388643e+01,2.383903e+01,2.387966e+01,2.387289e+01,2.376451e+01,2.392027e+01,2.379839e+01,2.382549e+01,2.391350e+01,2.385935e+01,2.376451e+01,2.389320e+01,2.379162e+01,2.381194e+01,2.386612e+01,2.380517e+01,2.377807e+01,2.368316e+01,2.378484e+01,2.386612e+01,2.384581e+01,2.372384e+01,2.377807e+01,2.379162e+01,2.376451e+01,2.380517e+01,2.372384e+01,2.372384e+01,2.396086e+01,2.375774e+01,2.373740e+01,2.374418e+01,2.369672e+01,2.348629e+01,2.361531e+01,2.360174e+01,2.357458e+01,2.347269e+01,2.349308e+01,2.360174e+01,2.359495e+01,2.364246e+01,2.364246e+01,2.352705e+01,2.364246e+01,2.356101e+01,2.366959e+01,2.379839e+01,2.383226e+01,2.371706e+01,2.384581e+01,2.385258e+01,2.387966e+01,2.392703e+01,2.386612e+01,2.396762e+01,2.392703e+01,2.390673e+01,2.394733e+01,2.395410e+01,2.393380e+01,2.382549e+01,2.394057e+01,2.383226e+01,2.392703e+01,2.387289e+01,2.389996e+01,2.366959e+01,2.360174e+01,2.343871e+01,2.330265e+01,2.340471e+01,2.328223e+01,2.366281e+01,2.527159e+01,2.412983e+01,2.257854e+01,2.251683e+01,2.234520e+01,2.237955e+01,2.240015e+01,2.245507e+01,2.247566e+01,2.245507e+01,2.249625e+01,2.245507e+01,2.250311e+01,2.249625e+01,2.245507e+01,2.246880e+01,2.241389e+01,2.245507e+01,2.246194e+01,2.293440e+01,2.315960e+01,2.247566e+01,2.225584e+01,2.310505e+01,2.397439e+01,2.477612e+01,2.751867e+01,2.515129e+01,2.335710e+01,2.370350e+01,2.457458e+01,2.465524e+01,2.464853e+01,2.394057e+01,2.389996e+01,2.314597e+01,2.320731e+01,2.332988e+01,2.357458e+01,2.354063e+01,2.356779e+01,2.350667e+01,2.354742e+01,2.462164e+01,2.403524e+01,2.371028e+01,2.398791e+01,2.397439e+01,2.378484e+01,2.365602e+01,2.372384e+01,2.372384e+01,2.311187e+01,2.281136e+01,2.338431e+01,2.363567e+01,2.404200e+01,2.393380e+01,2.328223e+01,2.333668e+01,2.343871e+01,2.341831e+01,2.372384e+01,2.334349e+01,2.320731e+01,2.324818e+01,2.339111e+01,2.271556e+01,2.274978e+01,2.290707e+01,2.387966e+01,2.425131e+01,2.390673e+01,2.294123e+01,2.253055e+01,2.286607e+01,2.335029e+01,2.357458e+01,2.374418e+01,2.341831e+01,2.445347e+01,2.438613e+01,2.324818e+01,2.258540e+01,2.279084e+01,2.284555e+01,2.407579e+01,2.503754e+01,2.423782e+01,2.473584e+01,2.337070e+01,2.303683e+01,2.303683e+01,2.340471e+01,2.244135e+01,2.197349e+01,2.194591e+01,2.213198e+01,2.215952e+01,2.223520e+01,2.279084e+01,2.293440e+01,2.267447e+01,2.196660e+01,2.177332e+01,2.170420e+01,2.166962e+01,2.169037e+01,2.173185e+01,2.167654e+01,2.175258e+01,2.184239e+01,2.185620e+01,2.189761e+01,2.198039e+01,2.183548e+01,2.175258e+01,2.199418e+01,2.211132e+01,2.204932e+01,2.210443e+01,2.210443e+01,2.195970e+01,2.209755e+01,2.204243e+01,2.191141e+01,2.204932e+01,2.212509e+01,2.209066e+01,2.205621e+01,2.212509e+01,2.211821e+01,2.215952e+01,2.204243e+01,2.205621e+01,2.198729e+01,2.208377e+01,2.214575e+01,2.214575e+01,2.209755e+01,2.210443e+01,2.207688e+01,2.209066e+01,2.213198e+01,2.206999e+01,2.204932e+01,2.210443e+01,2.187691e+01,2.200797e+01,2.213198e+01,2.208377e+01,2.215263e+01,2.208377e+01,2.201486e+01,2.207688e+01,2.204243e+01,2.216640e+01,2.203554e+01,2.201486e+01,2.211132e+01,2.201486e+01,2.202176e+01,2.202865e+01,2.200797e+01,2.193211e+01,2.194591e+01,2.194591e+01,2.206999e+01,2.191831e+01,2.203554e+01,2.191141e+01,2.190451e+01,2.193901e+01,2.187691e+01,2.195280e+01,2.193901e+01,2.197349e+01,2.197349e+01,2.198729e+01,2.198729e+01,2.205621e+01,2.194591e+01,2.199418e+01,2.191831e+01,2.187691e+01,2.196660e+01,2.189761e+01,2.191831e+01,2.192521e+01,2.194591e+01,2.182167e+01,2.179404e+01,2.190451e+01,2.182167e+01,2.192521e+01,2.182858e+01,2.189071e+01,2.182858e+01,2.181476e+01,2.184929e+01,2.182167e+01,2.186310e+01,2.178022e+01,2.180786e+01,2.189761e+01,2.195970e+01,2.197349e+01,2.187000e+01,2.187000e+01,2.186310e+01,2.195280e+01,2.194591e+01,2.202865e+01,2.181476e+01,2.189761e+01,2.191141e+01,2.206999e+01,2.201486e+01,2.209755e+01,2.195970e+01,2.194591e+01,2.200797e+01,2.200107e+01,2.204932e+01,2.204932e+01,2.204932e+01,2.195970e+01,2.203554e+01,2.196660e+01,2.198729e+01,2.188381e+01,2.197349e+01,2.196660e+01,2.190451e+01,2.194591e+01,2.205621e+01,2.202176e+01,2.198729e+01,2.200107e+01,2.200797e+01,2.204932e+01,2.202865e+01,2.206310e+01,2.200797e+01,2.198039e+01,2.202865e+01,2.197349e+01,2.203554e+01,2.202865e+01,2.204932e+01,2.200797e+01,2.194591e+01,2.201486e+01,2.201486e+01,2.202865e+01,2.199418e+01,2.197349e+01,2.203554e+01,2.200107e+01,2.204932e+01,2.206999e+01,2.217328e+01,2.209755e+01,2.202176e+01,2.216640e+01,2.209755e+01,2.212509e+01,2.217328e+01,2.207688e+01,2.204243e+01,2.204243e+01,2.206310e+01,2.201486e+01,2.206999e+01,2.200797e+01,2.219393e+01,2.213886e+01,2.205621e+01,2.214575e+01,2.211132e+01,2.200107e+01,2.201486e+01,2.199418e+01,2.195280e+01,2.202865e+01,2.195970e+01,2.208377e+01,2.200107e+01,2.183548e+01,2.204932e+01,2.209755e+01,2.195280e+01,2.203554e+01,2.200797e+01,2.187000e+01,2.193211e+01,2.189761e+01,2.198039e+01,2.189071e+01,2.199418e+01,2.195280e+01,2.194591e+01,2.192521e+01,2.189071e+01,2.189761e+01,2.194591e+01,2.198729e+01,2.191141e+01,2.193901e+01,2.189071e+01,2.184239e+01,2.183548e+01,2.182858e+01,2.184239e+01,2.184239e+01,2.168345e+01,2.178022e+01,2.182167e+01,2.184929e+01,2.191141e+01,2.190451e+01,2.182858e+01,2.183548e+01,2.186310e+01,2.188381e+01,2.191831e+01,2.184929e+01,2.189761e+01,2.193211e+01,2.193211e+01,2.195970e+01,2.195970e+01,2.199418e+01,2.194591e+01,2.191141e+01,2.191831e+01,2.202176e+01,2.190451e+01,2.194591e+01,2.189071e+01,2.202176e+01,2.202865e+01,2.189071e+01,2.189071e+01,2.198039e+01,2.198729e+01,2.192521e+01,2.188381e+01,2.191141e+01,2.202865e+01,2.195970e+01,2.216640e+01,2.184239e+01,2.193901e+01,2.201486e+01,2.173185e+01,2.198039e+01,2.198039e+01,2.198039e+01,2.205621e+01,2.209755e+01,2.196660e+01,2.206310e+01,2.209755e+01,2.206310e+01,2.209755e+01,2.209066e+01,2.202176e+01,2.196660e+01,2.204932e+01,2.206310e+01,2.206310e+01,2.193901e+01,2.207688e+01,2.201486e+01,2.193211e+01,2.209066e+01,2.213198e+01,2.191141e+01,2.213198e+01,2.203554e+01,2.203554e+01,2.211132e+01,2.188381e+01,2.193901e+01,2.197349e+01,2.212509e+01,2.201486e+01,2.205621e+01,2.206999e+01,2.206310e+01,2.209066e+01,2.211821e+01,2.206310e+01,2.207688e+01,2.214575e+01,2.211821e+01,2.208377e+01,2.211821e+01,2.222145e+01,2.218705e+01,2.200797e+01,2.224896e+01,2.218705e+01,2.240702e+01,2.227647e+01,2.233146e+01,2.222145e+01,2.236581e+01,2.222833e+01,2.222833e+01,2.225584e+01,2.241389e+01,2.229022e+01,2.229022e+01,2.235894e+01,2.228334e+01,2.226959e+01,2.236581e+01,2.230396e+01,2.231084e+01,2.232458e+01,2.233833e+01,2.245507e+01,2.240015e+01,2.240702e+01,2.246194e+01,2.237955e+01,2.225584e+01,2.228334e+01,2.226959e+01,2.229022e+01,2.229022e+01,2.228334e+01,2.236581e+01,2.233833e+01,2.222833e+01,2.227647e+01,2.239328e+01,2.231084e+01,2.224208e+01,2.220769e+01,2.222145e+01,2.228334e+01,2.225584e+01,2.226271e+01,2.223520e+01,2.231084e+01,2.235207e+01,2.234520e+01,2.247566e+01
2.264708e+01,2.262652e+01,2.258540e+01,2.268817e+01,2.247566e+01,2.260596e+01,2.260596e+01,2.264708e+01,2.255798e+01,2.261282e+01,2.259225e+01,2.253741e+01,2.270187e+01,2.259225e+01,2.260596e+01,2.264708e+01,2.272241e+01,2.269502e+01,2.273610e+01,2.272241e+01,2.271556e+01,2.250311e+01,2.263337e+01,2.270187e+01,2.264708e+01,2.272241e+01,2.261282e+01,2.275663e+01,2.277032e+01,2.259225e+01,2.268817e+01,2.268817e+01,2.270871e+01,2.270187e+01,2.264022e+01,2.268817e+01,2.274294e+01,2.268817e+01,2.270187e+01,2.260596e+01,2.261282e+01,2.277716e+01,2.259225e+01,2.264708e+01,2.263337e+01,2.263337e+01,2.259911e+01,2.272925e+01,2.261967e+01,2.253741e+01,2.264022e+01,2.264708e+01,2.264708e+01,2.262652e+01,2.262652e+01,2.261282e+01,2.259911e+01,2.253741e+01,2.255798e+01,2.250311e+01,2.254426e+01,2.255112e+01,2.248939e+01,2.247566e+01,2.245507e+01,2.253055e+01,2.246880e+01,2.246194e+01,2.250311e+01,2.250997e+01,2.255798e+01,2.259225e+01,2.264022e+01,2.270871e+01,2.283872e+01,2.291391e+01,2.298904e+01,2.294807e+01,2.297539e+01,2.317323e+01,2.304365e+01,2.325499e+01,2.308459e+01,2.339791e+01,2.343871e+01,2.354063e+01,2.349308e+01,2.364246e+01,2.383903e+01,2.381872e+01,2.374418e+01,2.379162e+01,2.378484e+01,2.386612e+01,2.379839e+01,2.378484e+01,2.373062e+01,2.376451e+01,2.373740e+01,2.368994e+01,2.369672e+01,2.366281e+01,2.369672e+01,2.366959e+01,2.371706e+01,2.362889e+01,2.363567e+01,2.348629e+01,2.356779e+01,2.363567e+01,2.364246e+01,2.371706e+01,2.368316e+01,2.372384e+01,2.373062e+01,2.389320e+01,2.375096e+01,2.375774e+01,2.373062e+01,2.380517e+01,2.378484e+01,2.387289e+01,2.382549e+01,2.381872e+01,2.384581e+01,2.389996e+01,2.385258e+01,2.383903e+01,2.377807e+01,2.385258e+01,2.379162e+01,2.376451e+01,2.371706e+01,2.364924e+01,2.377807e+01,2.365602e+01,2.368316e+01,2.377129e+01,2.360853e+01,2.382549e+01,2.373740e+01,2.387966e+01,2.371028e+01,2.369672e+01,2.371028e+01,2.373062e+01,2.358138e+01,2.355421e+01,2.353384e+01,2.352705e+01,2.362889e+01,2.352705e+01,2.359495e+01,2.369672e+01,2.356101e+01,2.360174e+01,2.359495e+01,2.361531e+01,2.358816e+01,2.356779e+01,2.369672e+01,2.370350e+01,2.366281e+01,2.364246e+01,2.379839e+01,2.385258e+01,2.386612e+01,2.369672e+01,2.389996e+01,2.391350e+01,2.387966e+01,2.393380e+01,2.391350e+01,2.389320e+01,2.394733e+01,2.389996e+01,2.393380e+01,2.379162e+01,2.383226e+01,2.383903e+01,2.381194e+01,2.383903e+01,2.381872e+01,2.373062e+01,2.347949e+01,2.337751e+01,2.329585e+01,2.332988e+01,2.360174e+01,2.495047e+01,2.435244e+01,2.256483e+01,2.235894e+01,2.244821e+01,2.234520e+01,2.235207e+01,2.244821e+01,2.233146e+01,2.232458e+01,2.235894e+01,2.242762e+01,2.244821e+01,2.243448e+01,2.244821e+01,2.243448e+01,2.243448e+01,2.244821e+01,2.251683e+01,2.292757e+01,2.292074e+01,2.265392e+01,2.266763e+01,2.330946e+01,2.575809e+01,2.579798e+01,2.858587e+01,2.567827e+01,2.337070e+01,2.339791e+01,2.397439e+01,2.362210e+01,2.391350e+01,2.362889e+01,2.320049e+01,2.328223e+01,2.321412e+01,2.312551e+01,2.297539e+01,2.322093e+01,2.345910e+01,2.347949e+01,2.332307e+01,2.384581e+01,2.535172e+01,2.535172e+01,2.463508e+01,2.626221e+01,2.693504e+01,2.695477e+01,2.673100e+01,2.653317e+01,2.404876e+01,2.244821e+01,2.267447e+01,2.281136e+01,2.315960e+01,2.365602e+01,2.337070e+01,2.344551e+01,2.354742e+01,2.363567e+01,2.322775e+01,2.315960e+01,2.297539e+01,2.276347e+01,2.298904e+01,2.269502e+01,2.279768e+01,2.294123e+01,2.322775e+01,2.422433e+01,2.385935e+01,2.377129e+01,2.379162e+01,2.343191e+01,2.354063e+01,2.341151e+01,2.368994e+01,2.341151e+01,2.507770e+01,2.708617e+01,2.436592e+01,2.288657e+01,2.269502e+01,2.270187e+01,2.277032e+01,2.314597e+01,2.331627e+01,2.305730e+01,2.255112e+01,2.231771e+01,2.253055e+01,2.377129e+01,2.287290e+01,2.267447e+01,2.287290e+01,2.307777e+01,2.340471e+01,2.341151e+01,2.351346e+01,2.293440e+01,2.239328e+01,2.177332e+01,2.157274e+01,2.167654e+01,2.175258e+01,2.169037e+01,2.167654e+01,2.185620e+01,2.211132e+01,2.194591e+01,2.198729e+01,2.193901e+01,2.192521e+01,2.204932e+01,2.194591e+01,2.204932e+01,2.207688e+01,2.186310e+01,2.194591e+01,2.205621e+01,2.207688e+01,2.195970e+01,2.202176e+01,2.216640e+01,2.193211e+01,2.205621e+01,2.209066e+01,2.209066e+01,2.211132e+01,2.211132e+01,2.200797e+01,2.207688e+01,2.215263e+01,2.211821e+01,2.210443e+01,2.210443e+01,2.202176e+01,2.210443e+01,2.208377e+01,2.212509e+01,2.206310e+01,2.213886e+01,2.193901e+01,2.198039e+01,2.191831e+01,2.195970e+01,2.192521e+01,2.193211e+01,2.192521e+01,2.202176e+01,2.212509e+01,2.198729e+01,2.210443e+01,2.202176e+01,2.200107e+01,2.210443e+01,2.199418e+01,2.211132e+01,2.195970e+01,2.202865e+01,2.201486e+01,2.204932e+01,2.202865e+01,2.195970e+01,2.202865e+01,2.196660e+01,2.200107e+01,2.203554e+01,2.195970e+01,2.194591e+01,2.194591e+01,2.199418e+01,2.195970e+01,2.191141e+01,2.193901e+01,2.194591e+01,2.201486e+01,2.195280e+01,2.204243e+01,2.192521e+01,2.193211e+01,2.191141e+01,2.183548e+01,2.184929e+01,2.188381e+01,2.193901e+01,2.178713e+01,2.184929e+01,2.187691e+01,2.195280e+01,2.180095e+01,2.189761e+01,2.182858e+01,2.194591e+01,2.202865e+01,2.182167e+01,2.184239e+01,2.187691e+01,2.166962e+01,2.186310e+01,2.182167e+01,2.189071e+01,2.200107e+01,2.186310e+01,2.187000e+01,2.187691e+01,2.187000e+01,2.202865e+01,2.191141e+01,2.188381e+01,2.199418e+01,2.189761e+01,2.194591e+01,2.195280e+01,2.201486e+01,2.195280e+01,2.200107e+01,2.198039e+01,2.200797e+01,2.180786e+01,2.200107e+01,2.202865e+01,2.202865e+01,2.202865e+01,2.202865e+01,2.191141e+01,2.190451e+01,2.195970e+01,2.194591e+01,2.178022e+01,2.194591e+01,2.191831e+01,2.199418e+01,2.201486e+01,2.193901e+01,2.192521e+01,2.190451e+01,2.189071e+01,2.198729e+01,2.195280e+01,2.200107e+01,2.200797e+01,2.204932e+01,2.195970e+01,2.200797e+01,2.203554e+01,2.205621e+01,2.198039e+01,2.197349e+01,2.200107e+01,2.206999e+01,2.198729e+01,2.203554e+01,2.193901e+01,2.204932e+01,2.201486e+01,2.200107e+01,2.205621e+01,2.182167e+01,2.204243e+01,2.194591e+01,2.205621e+01,2.205621e+01,2.199418e+01,2.200107e+01,2.209066e+01,2.209755e+01,2.202865e+01,2.204243e+01,2.208377e+01,2.209755e+01,2.210443e+01,2.201486e+01,2.211132e+01,2.213198e+01,2.209755e+01,2.195280e+01,2.205621e+01,2.204243e+01,2.206999e+01,2.197349e+01,2.189761e+01,2.195970e+01,2.199418e+01,2.191141e+01,2.201486e+01,2.200797e+01,2.190451e+01,2.191831e+01,2.196660e+01,2.195280e+01,2.201486e+01,2.190451e+01,2.189761e+01,2.184929e+01,2.202865e+01,2.188381e+01,2.182167e+01,2.195970e+01,2.191141e+01,2.198039e+01,2.180786e+01,2.190451e+01,2.195970e+01,2.190451e+01,2.200107e+01,2.182858e+01,2.176641e+01,2.180786e+01,2.183548e+01,2.182858e+01,2.190451e+01,2.178022e+01,2.178022e+01,2.182167e+01,2.189071e+01,2.182167e+01,2.182167e+01,2.187000e+01,2.189761e+01,2.188381e+01,2.184239e+01,2.186310e+01,2.189761e+01,2.187000e+01,2.198039e+01,2.191831e+01,2.182167e+01,2.190451e+01,2.198039e+01,2.192521e+01,2.194591e+01,2.188381e+01,2.188381e+01,2.188381e+01,2.189761e+01,2.201486e+01,2.190451e+01,2.189761e+01,2.188381e+01,2.195280e+01,2.198039e+01,2.191141e+01,2.198039e+01,2.187691e+01,2.198039e+01,2.189761e+01,2.193901e+01,2.191141e+01,2.214575e+01,2.189071e+01,2.193211e+01,2.200797e+01,2.195970e+01,2.191831e+01,2.192521e+01,2.195280e+01,2.197349e+01,2.195280e+01,2.194591e+01,2.204932e+01,2.205621e+01,2.206999e+01,2.194591e+01,2.203554e+01,2.200797e+01,2.204932e+01,2.204932e+01,2.202176e+01,2.202176e+01,2.200107e+01,2.204243e+01,2.197349e+01,2.204932e+01,2.195280e+01,2.209066e+01,2.211132e+01,2.200797e+01,2.216640e+01,2.209066e+01,2.211132e+01,2.206310e+01,2.212509e+01,2.209066e+01,2.202176e+01,2.198039e+01,2.202176e+01,2.208377e+01,2.201486e+01,2.208377e+01,2.204932e+01,2.208377e+01,2.207688e+01,2.206999e+01,2.198729e+01,2.216640e+01,2.226959e+01,2.210443e+01,2.218705e+01,2.222145e+01,2.222833e+01,2.223520e+01,2.234520e+01,2.228334e+01,2.221457e+01,2.223520e+01,2.218705e+01,2.237268e+01,2.227647e+01,2.229709e+01,2.233833e+01,2.229709e+01,2.231771e+01,2.228334e+01,2.236581e+01,2.224208e+01,2.238642e+01,2.251683e+01,2.245507e+01,2.233146e+01,2.228334e+01,2.243448e+01,2.242075e+01,2.233833e+01,2.237955e+01,2.237268e+01,2.242075e+01,2.230396e+01,2.245507e+01,2.233146e+01,2.240015e+01,2.230396e+01,2.236581e+01,2.235207e+01,2.234520e+01,2.220081e+01,2.221457e+01,2.222145e+01,2.229709e+01,2.233833e+01,2.218016e+01,2.239328e+01,2.235894e+01,2.229709e+01,2.229709e+01,2.231084e+01,2.231771e+01,2.229022e+01,2.240015e+01
2.272241e+01,2.261282e+01,2.261282e+01,2.233146e+01,2.257169e+01,2.264022e+01,2.261282e+01,2.259911e+01,2.261967e+01,2.257169e+01,2.270187e+01,2.268817e+01,2.266078e+01,2.266763e+01,2.258540e+01,2.270871e+01,2.278400e+01,2.259225e+01,2.274978e+01,2.279084e+01,2.277032e+01,2.267447e+01,2.266078e+01,2.266763e+01,2.267447e+01,2.266078e+01,2.274294e+01,2.270871e+01,2.274294e+01,2.286607e+01,2.265392e+01,2.271556e+01,2.266078e+01,2.270187e+01,2.268817e+01,2.269502e+01,2.269502e+01,2.277032e+01,2.268132e+01,2.261967e+01,2.266078e+01,2.272241e+01,2.273610e+01,2.263337e+01,2.265392e+01,2.262652e+01,2.268132e+01,2.259225e+01,2.270871e+01,2.256483e+01,2.261967e+01,2.266078e+01,2.264022e+01,2.264708e+01,2.264708e+01,2.249625e+01,2.263337e+01,2.266763e+01,2.249625e+01,2.264708e+01,2.253055e+01,2.259225e+01,2.248252e+01,2.258540e+01,2.248252e+01,2.248252e+01,2.253741e+01,2.246194e+01,2.253741e+01,2.255798e+01,2.257169e+01,2.253741e+01,2.253055e+01,2.270871e+01,2.277032e+01,2.299587e+01,2.281820e+01,2.298904e+01,2.316642e+01,2.298904e+01,2.312551e+01,2.317323e+01,2.341831e+01,2.344551e+01,2.349988e+01,2.347269e+01,2.360174e+01,2.371028e+01,2.366281e+01,2.377129e+01,2.375096e+01,2.387966e+01,2.385258e+01,2.379162e+01,2.388643e+01,2.386612e+01,2.376451e+01,2.382549e+01,2.375096e+01,2.372384e+01,2.371028e+01,2.376451e+01,2.364924e+01,2.376451e+01,2.369672e+01,2.360853e+01,2.370350e+01,2.357458e+01,2.339111e+01,2.373062e+01,2.373062e+01,2.371706e+01,2.374418e+01,2.384581e+01,2.377807e+01,2.389996e+01,2.387966e+01,2.374418e+01,2.371028e+01,2.379162e+01,2.373740e+01,2.388643e+01,2.386612e+01,2.379839e+01,2.385935e+01,2.389996e+01,2.389320e+01,2.379839e+01,2.383903e+01,2.388643e+01,2.384581e+01,2.370350e+01,2.379839e+01,2.382549e+01,2.379162e+01,2.380517e+01,2.379839e+01,2.372384e+01,2.377129e+01,2.375096e+01,2.383903e+01,2.377129e+01,2.371028e+01,2.387289e+01,2.374418e+01,2.362889e+01,2.358138e+01,2.357458e+01,2.350667e+01,2.362210e+01,2.354063e+01,2.349308e+01,2.369672e+01,2.356101e+01,2.342511e+01,2.348629e+01,2.346590e+01,2.353384e+01,2.352705e+01,2.356779e+01,2.360853e+01,2.361531e+01,2.362210e+01,2.366959e+01,2.373740e+01,2.381872e+01,2.383903e+01,2.387289e+01,2.383226e+01,2.388643e+01,2.383903e+01,2.385935e+01,2.390673e+01,2.381872e+01,2.411632e+01,2.387966e+01,2.393380e+01,2.394733e+01,2.384581e+01,2.385935e+01,2.384581e+01,2.383226e+01,2.377807e+01,2.358138e+01,2.339111e+01,2.347269e+01,2.337070e+01,2.336390e+01,2.354063e+01,2.490356e+01,2.478283e+01,2.271556e+01,2.244821e+01,2.242762e+01,2.240015e+01,2.246194e+01,2.246880e+01,2.243448e+01,2.250311e+01,2.246880e+01,2.242762e+01,2.244135e+01,2.244135e+01,2.239328e+01,2.248252e+01,2.243448e+01,2.240015e+01,2.237955e+01,2.293440e+01,2.326861e+01,2.325499e+01,2.307777e+01,2.265392e+01,2.380517e+01,2.487004e+01,2.734195e+01,2.507101e+01,2.283188e+01,2.341831e+01,2.438613e+01,2.347269e+01,2.311187e+01,2.313233e+01,2.319368e+01,2.298221e+01,2.341831e+01,2.296173e+01,2.296856e+01,2.328904e+01,2.330946e+01,2.319368e+01,2.335710e+01,2.360853e+01,2.383903e+01,2.385935e+01,2.372384e+01,2.513122e+01,2.778646e+01,2.894787e+01,2.897368e+01,2.810563e+01,2.524487e+01,2.319368e+01,2.250997e+01,2.237955e+01,2.276347e+01,2.333668e+01,2.377129e+01,2.336390e+01,2.369672e+01,2.417709e+01,2.339111e+01,2.317323e+01,2.263337e+01,2.281820e+01,2.279768e+01,2.268817e+01,2.266078e+01,2.270871e+01,2.269502e+01,2.381194e+01,2.387289e+01,2.427829e+01,2.450059e+01,2.389996e+01,2.347949e+01,2.333668e+01,2.317323e+01,2.307095e+01,2.342511e+01,2.456786e+01,2.480296e+01,2.405551e+01,2.318686e+01,2.276347e+01,2.264708e+01,2.236581e+01,2.233833e+01,2.235207e+01,2.233146e+01,2.230396e+01,2.229022e+01,2.273610e+01,2.233833e+01,2.239328e+01,2.290707e+01,2.320731e+01,2.342511e+01,2.312551e+01,2.246194e+01,2.199418e+01,2.177332e+01,2.157274e+01,2.173876e+01,2.177332e+01,2.179404e+01,2.203554e+01,2.208377e+01,2.197349e+01,2.209755e+01,2.190451e+01,2.205621e+01,2.200797e+01,2.206310e+01,2.200797e+01,2.195970e+01,2.195970e+01,2.202865e+01,2.206310e+01,2.204243e+01,2.210443e+01,2.195280e+01,2.210443e+01,2.205621e+01,2.203554e+01,2.195970e+01,2.206999e+01,2.206310e+01,2.209066e+01,2.218016e+01,2.208377e+01,2.213886e+01,2.211821e+01,2.200797e+01,2.202865e+01,2.200797e+01,2.207688e+01,2.199418e+01,2.204932e+01,2.204932e+01,2.206999e+01,2.204932e+01,2.202176e+01,2.209755e+01,2.200797e+01,2.198729e+01,2.210443e+01,2.209066e+01,2.193211e+01,2.213886e+01,2.211821e+01,2.193901e+01,2.212509e+01,2.192521e+01,2.212509e+01,2.192521e+01,2.200797e+01,2.201486e+01,2.189071e+01,2.198729e+01,2.201486e+01,2.209755e+01,2.198039e+01,2.198039e+01,2.189761e+01,2.191831e+01,2.197349e+01,2.203554e+01,2.204932e+01,2.187000e+01,2.198039e+01,2.191831e+01,2.211132e+01,2.202176e+01,2.195280e+01,2.198729e+01,2.200797e+01,2.198039e+01,2.201486e+01,2.196660e+01,2.196660e+01,2.198729e+01,2.198039e+01,2.202176e+01,2.195280e+01,2.192521e+01,2.192521e+01,2.195280e+01,2.194591e+01,2.193901e+01,2.189071e+01,2.186310e+01,2.188381e+01,2.198039e+01,2.189761e+01,2.206999e+01,2.202176e+01,2.182858e+01,2.194591e+01,2.189071e+01,2.195970e+01,2.190451e+01,2.194591e+01,2.186310e+01,2.190451e+01,2.191141e+01,2.194591e+01,2.203554e+01,2.202865e+01,2.200797e+01,2.199418e+01,2.196660e+01,2.195280e+01,2.198039e+01,2.193211e+01,2.204932e+01,2.199418e+01,2.198039e+01,2.207688e+01,2.198039e+01,2.196660e+01,2.205621e+01,2.201486e+01,2.202176e+01,2.200107e+01,2.200797e+01,2.196660e+01,2.198039e+01,2.199418e+01,2.195970e+01,2.191141e+01,2.196660e+01,2.198729e+01,2.189071e+01,2.191831e+01,2.192521e+01,2.204243e+01,2.191141e+01,2.203554e+01,2.198729e+01,2.204932e+01,2.198039e+01,2.193901e+01,2.203554e+01,2.204243e+01,2.204243e+01,2.198729e+01,2.202865e+01,2.191141e+01,2.206310e+01,2.200797e+01,2.200797e+01,2.203554e+01,2.204243e+01,2.200107e+01,2.198039e+01,2.208377e+01,2.202176e+01,2.202176e+01,2.211132e+01,2.212509e+01,2.206999e+01,2.213886e+01,2.213198e+01,2.215263e+01,2.209066e+01,2.209066e+01,2.210443e+01,2.212509e+01,2.208377e+01,2.204932e+01,2.207688e+01,2.207688e+01,2.211821e+01,2.208377e+01,2.211132e+01,2.200107e+01,2.206310e+01,2.197349e+01,2.206310e+01,2.221457e+01,2.199418e+01,2.204243e+01,2.197349e+01,2.198039e+01,2.188381e+01,2.212509e+01,2.200107e+01,2.191831e+01,2.195280e+01,2.193901e+01,2.191831e+01,2.189071e+01,2.201486e+01,2.183548e+01,2.189761e+01,2.183548e+01,2.200797e+01,2.191141e+01,2.197349e+01,2.199418e+01,2.195280e+01,2.198039e+01,2.195280e+01,2.190451e+01,2.193211e+01,2.195970e+01,2.191831e+01,2.184239e+01,2.184929e+01,2.184929e+01,2.175258e+01,2.177332e+01,2.171802e+01,2.187000e+01,2.180095e+01,2.193211e+01,2.186310e+01,2.183548e+01,2.193901e+01,2.189071e+01,2.183548e+01,2.189071e+01,2.182167e+01,2.195280e+01,2.179404e+01,2.189761e+01,2.191831e+01,2.188381e+01,2.195280e+01,2.195280e+01,2.187691e+01,2.195280e+01,2.196660e+01,2.196660e+01,2.191141e+01,2.192521e+01,2.204932e+01,2.191831e+01,2.196660e+01,2.197349e+01,2.197349e+01,2.202865e+01,2.202176e+01,2.204932e+01,2.206999e+01,2.198039e+01,2.204932e+01,2.204932e+01,2.195970e+01,2.208377e+01,2.198039e+01,2.199418e+01,2.193901e+01,2.185620e+01,2.198729e+01,2.196660e+01,2.202176e+01,2.202176e+01,2.193211e+01,2.193901e+01,2.199418e+01,2.205621e+01,2.200797e+01,2.194591e+01,2.208377e+01,2.193211e+01,2.201486e+01,2.189071e+01,2.205621e+01,2.198039e+01,2.202865e+01,2.202865e+01,2.201486e+01,2.205621e+01,2.214575e+01,2.206999e+01,2.209755e+01,2.200107e+01,2.210443e+01,2.206310e+01,2.211821e+01,2.209755e+01,2.218016e+01,2.202176e+01,2.211821e+01,2.212509e+01,2.201486e+01,2.204243e+01,2.207688e+01,2.203554e+01,2.211132e+01,2.213198e+01,2.206310e+01,2.204932e+01,2.206999e+01,2.201486e+01,2.215952e+01,2.215263e+01,2.212509e+01,2.208377e+01,2.217328e+01,2.219393e+01,2.219393e+01,2.232458e+01,2.235894e+01,2.238642e+01,2.225584e+01,2.232458e+01,2.229709e+01,2.230396e+01,2.232458e+01,2.231771e+01,2.228334e+01,2.233833e+01,2.220081e+01,2.233146e+01,2.239328e+01,2.244135e+01,2.245507e+01,2.226271e+01,2.230396e+01,2.246880e+01,2.243448e+01,2.229022e+01,2.235894e+01,2.237268e+01,2.244135e+01,2.248252e+01,2.236581e+01,2.241389e+01,2.237268e+01,2.240702e+01,2.230396e+01,2.235207e+01,2.232458e+01,2.226271e+01,2.231771e+01,2.229709e+01,2.231084e+01,2.223520e+01,2.215263e+01,2.226271e+01,2.229709e+01,2.214575e+01,2.232458e+01,2.248939e+01,2.250997e+01,2.231771e+01,2.229022e+01
2.261967e+01,2.262652e+01,2.265392e+01,2.257169e+01,2.266078e+01,2.259225e+01,2.255112e+01,2.256483e+01,2.261282e+01,2.259225e+01,2.268132e+01,2.255112e+01,2.274978e+01,2.258540e+01,2.266078e+01,2.258540e+01,2.277716e+01,2.253055e+01,2.267447e+01,2.277716e+01,2.276347e+01,2.263337e+01,2.277716e+01,2.265392e+01,2.266763e+01,2.264708e+01,2.266763e+01,2.266078e+01,2.272241e+01,2.271556e+01,2.272241e+01,2.267447e+01,2.270871e+01,2.266078e+01,2.279768e+01,2.279084e+01,2.269502e+01,2.266078e+01,2.274294e+01,2.266763e+01,2.268817e+01,2.269502e+01,2.261282e+01,2.273610e+01,2.262652e+01,2.262652e+01,2.293440e+01,2.269502e+01,2.268817e+01,2.270187e+01,2.268132e+01,2.267447e+01,2.262652e+01,2.261282e+01,2.257854e+01,2.260596e+01,2.261967e+01,2.261967e+01,2.257169e+01,2.256483e+01,2.251683e+01,2.259911e+01,2.257854e+01,2.248252e+01,2.257854e+01,2.246194e+01,2.245507e+01,2.248939e+01,2.248252e+01,2.248252e+01,2.258540e+01,2.248252e+01,2.266763e+01,2.265392e+01,2.271556e+01,2.272925e+01,2.290707e+01,2.297539e+01,2.301635e+01,2.297539e+01,2.322093e+01,2.320049e+01,2.341151e+01,2.345230e+01,2.328223e+01,2.344551e+01,2.345230e+01,2.340471e+01,2.371028e+01,2.371706e+01,2.373062e+01,2.387289e+01,2.383903e+01,2.385258e+01,2.379839e+01,2.379839e+01,2.385258e+01,2.370350e+01,2.368994e+01,2.359495e+01,2.362889e+01,2.375774e+01,2.356101e+01,2.370350e+01,2.369672e+01,2.358138e+01,2.359495e+01,2.358138e+01,2.344551e+01,2.356101e+01,2.375774e+01,2.373740e+01,2.371706e+01,2.375774e+01,2.375774e+01,2.379162e+01,2.386612e+01,2.378484e+01,2.371028e+01,2.387289e+01,2.374418e+01,2.385258e+01,2.383903e+01,2.385258e+01,2.391350e+01,2.392027e+01,2.385935e+01,2.379162e+01,2.379162e+01,2.375774e+01,2.379839e+01,2.383226e+01,2.371706e+01,2.387289e+01,2.381194e+01,2.381194e+01,2.364246e+01,2.365602e+01,2.375096e+01,2.370350e+01,2.358138e+01,2.378484e+01,2.377807e+01,2.387966e+01,2.386612e+01,2.379839e+01,2.358138e+01,2.348629e+01,2.353384e+01,2.352026e+01,2.351346e+01,2.352705e+01,2.345910e+01,2.356779e+01,2.353384e+01,2.355421e+01,2.349988e+01,2.351346e+01,2.357458e+01,2.352705e+01,2.348629e+01,2.370350e+01,2.364924e+01,2.354742e+01,2.377807e+01,2.373062e+01,2.375774e+01,2.385258e+01,2.386612e+01,2.385935e+01,2.385258e+01,2.383226e+01,2.382549e+01,2.384581e+01,2.393380e+01,2.390673e+01,2.384581e+01,2.385935e+01,2.383226e+01,2.384581e+01,2.379162e+01,2.382549e+01,2.362889e+01,2.360853e+01,2.347269e+01,2.345910e+01,2.343191e+01,2.324818e+01,2.345910e+01,2.474256e+01,2.456113e+01,2.274294e+01,2.260596e+01,2.247566e+01,2.246194e+01,2.246880e+01,2.244135e+01,2.233146e+01,2.230396e+01,2.231084e+01,2.242075e+01,2.230396e+01,2.244821e+01,2.243448e+01,2.244135e+01,2.240702e+01,2.239328e+01,2.253055e+01,2.264708e+01,2.294807e+01,2.392703e+01,2.331627e+01,2.262652e+01,2.265392e+01,2.293440e+01,2.354742e+01,2.352705e+01,2.245507e+01,2.295490e+01,2.406903e+01,2.313233e+01,2.309141e+01,2.322093e+01,2.335029e+01,2.343871e+01,2.316642e+01,2.316642e+01,2.293440e+01,2.275663e+01,2.257854e+01,2.292074e+01,2.319368e+01,2.373740e+01,2.394733e+01,2.364924e+01,2.358138e+01,2.365602e+01,2.414333e+01,2.513791e+01,2.560505e+01,2.536507e+01,2.475598e+01,2.346590e+01,2.279084e+01,2.255112e+01,2.305730e+01,2.326861e+01,2.402172e+01,2.398115e+01,2.414333e+01,2.419733e+01,2.389320e+01,2.315960e+01,2.279768e+01,2.283872e+01,2.290024e+01,2.259911e+01,2.254426e+01,2.313915e+01,2.289341e+01,2.371028e+01,2.603698e+01,2.573814e+01,2.593746e+01,2.484321e+01,2.385935e+01,2.343191e+01,2.260596e+01,2.272925e+01,2.292074e+01,2.294123e+01,2.368994e+01,2.519140e+01,2.436592e+01,2.242075e+01,2.214575e+01,2.204243e+01,2.237955e+01,2.264022e+01,2.267447e+01,2.255112e+01,2.275663e+01,2.274978e+01,2.260596e+01,2.255112e+01,2.336390e+01,2.268132e+01,2.195280e+01,2.191141e+01,2.166270e+01,2.155890e+01,2.168345e+01,2.167654e+01,2.182858e+01,2.188381e+01,2.201486e+01,2.205621e+01,2.200797e+01,2.198729e+01,2.191141e+01,2.196660e+01,2.200797e+01,2.202176e+01,2.202176e+01,2.203554e+01,2.197349e+01,2.199418e+01,2.202176e+01,2.197349e+01,2.191141e+01,2.197349e+01,2.200797e+01,2.203554e+01,2.208377e+01,2.206310e+01,2.204243e+01,2.207688e+01,2.204932e+01,2.207688e+01,2.207688e+01,2.212509e+01,2.211132e+01,2.191141e+01,2.210443e+01,2.209755e+01,2.204243e+01,2.204932e+01,2.204243e+01,2.203554e+01,2.200797e+01,2.204243e+01,2.206310e+01,2.204243e+01,2.209755e+01,2.202865e+01,2.204243e+01,2.206310e+01,2.206310e+01,2.208377e+01,2.195280e+01,2.212509e+01,2.213198e+01,2.198729e+01,2.198039e+01,2.207688e+01,2.202865e+01,2.196660e+01,2.190451e+01,2.203554e+01,2.188381e+01,2.213886e+01,2.193901e+01,2.196660e+01,2.198039e+01,2.193901e+01,2.191141e+01,2.200797e+01,2.191141e+01,2.204243e+01,2.203554e+01,2.193211e+01,2.196660e+01,2.204932e+01,2.206310e+01,2.198729e+01,2.195970e+01,2.204243e+01,2.200797e+01,2.200797e+01,2.201486e+01,2.198039e+01,2.189761e+01,2.202176e+01,2.196660e+01,2.197349e+01,2.181476e+01,2.193211e+01,2.197349e+01,2.192521e+01,2.193211e+01,2.192521e+01,2.190451e+01,2.190451e+01,2.198039e+01,2.206999e+01,2.205621e+01,2.197349e+01,2.208377e+01,2.205621e+01,2.204932e+01,2.197349e+01,2.186310e+01,2.200107e+01,2.193901e+01,2.187000e+01,2.204243e+01,2.203554e+01,2.202865e+01,2.202865e+01,2.195280e+01,2.192521e+01,2.199418e+01,2.196660e+01,2.193901e+01,2.190451e+01,2.198039e+01,2.207688e+01,2.194591e+01,2.207688e+01,2.204243e+01,2.208377e+01,2.201486e+01,2.202176e+01,2.191141e+01,2.201486e+01,2.195970e+01,2.198039e+01,2.193901e+01,2.195280e+01,2.202176e+01,2.192521e+01,2.206999e+01,2.200797e+01,2.193901e+01,2.198729e+01,2.195280e+01,2.199418e+01,2.197349e+01,2.201486e+01,2.191141e+01,2.194591e+01,2.206310e+01,2.192521e+01,2.198729e+01,2.198039e+01,2.197349e+01,2.195970e+01,2.196660e+01,2.196660e+01,2.204932e+01,2.202176e+01,2.202176e+01,2.205621e+01,2.202865e+01,2.198039e+01,2.200797e+01,2.207688e+01,2.201486e+01,2.212509e+01,2.204243e+01,2.206999e+01,2.209066e+01,2.217328e+01,2.206999e+01,2.209755e+01,2.195970e+01,2.206999e+01,2.212509e+01,2.212509e+01,2.212509e+01,2.204932e+01,2.209755e+01,2.207688e+01,2.206310e+01,2.204932e+01,2.203554e+01,2.207688e+01,2.198729e+01,2.195970e+01,2.203554e+01,2.207688e+01,2.202176e+01,2.200797e+01,2.204932e+01,2.189071e+01,2.194591e+01,2.189761e+01,2.188381e+01,2.192521e+01,2.193901e+01,2.201486e+01,2.195280e+01,2.198729e+01,2.188381e+01,2.178713e+01,2.187691e+01,2.183548e+01,2.195970e+01,2.190451e+01,2.192521e+01,2.193901e+01,2.195280e+01,2.196660e+01,2.197349e+01,2.184239e+01,2.187691e+01,2.191141e+01,2.197349e+01,2.188381e+01,2.184239e+01,2.182858e+01,2.173876e+01,2.174567e+01,2.176641e+01,2.186310e+01,2.191141e+01,2.175258e+01,2.188381e+01,2.174567e+01,2.194591e+01,2.191141e+01,2.183548e+01,2.181476e+01,2.180786e+01,2.189071e+01,2.184239e+01,2.188381e+01,2.186310e+01,2.184239e+01,2.189761e+01,2.189071e+01,2.191831e+01,2.183548e+01,2.191831e+01,2.188381e+01,2.187691e+01,2.195280e+01,2.204243e+01,2.193211e+01,2.198039e+01,2.191831e+01,2.200797e+01,2.192521e+01,2.204243e+01,2.185620e+01,2.186310e+01,2.192521e+01,2.187000e+01,2.184239e+01,2.190451e+01,2.191141e+01,2.194591e+01,2.196660e+01,2.191141e+01,2.187000e+01,2.198039e+01,2.208377e+01,2.196660e+01,2.209755e+01,2.193211e+01,2.195970e+01,2.202176e+01,2.191141e+01,2.200107e+01,2.200107e+01,2.194591e+01,2.195970e+01,2.190451e+01,2.204932e+01,2.200107e+01,2.197349e+01,2.200797e+01,2.206999e+01,2.200107e+01,2.191141e+01,2.209066e+01,2.204932e+01,2.208377e+01,2.211821e+01,2.206310e+01,2.194591e+01,2.206999e+01,2.212509e+01,2.212509e+01,2.215263e+01,2.202176e+01,2.206310e+01,2.207688e+01,2.196660e+01,2.206999e+01,2.205621e+01,2.206999e+01,2.210443e+01,2.205621e+01,2.215263e+01,2.213886e+01,2.202865e+01,2.209066e+01,2.206999e+01,2.210443e+01,2.218016e+01,2.222833e+01,2.218016e+01,2.218705e+01,2.220081e+01,2.220081e+01,2.236581e+01,2.241389e+01,2.231084e+01,2.229022e+01,2.229709e+01,2.231084e+01,2.232458e+01,2.241389e+01,2.226959e+01,2.234520e+01,2.241389e+01,2.234520e+01,2.240015e+01,2.224896e+01,2.226271e+01,2.233833e+01,2.242762e+01,2.253055e+01,2.242762e+01,2.239328e+01,2.230396e+01,2.248939e+01,2.252369e+01,2.239328e+01,2.247566e+01,2.246194e+01,2.249625e+01,2.233833e+01,2.233146e+01,2.233833e+01,2.222145e+01,2.223520e+01,2.224896e+01,2.215263e+01,2.226959e+01,2.218016e+01,2.226959e+01,2.217328e+01,2.231771e+01,2.228334e+01,2.229022e+01,2.228334e+01,2.220081e+01,2.224208e+01
2.259225e+01,2.258540e+01,2.257169e+01,2.254426e+01,2.262652e+01,2.262652e+01,2.264022e+01,2.260596e+01,2.259911e+01,2.266078e+01,2.267447e+01,2.270871e+01,2.266763e+01,2.271556e+01,2.277032e+01,2.270187e+01,2.277032e+01,2.266763e+01,2.264708e+01,2.269502e+01,2.264022e+01,2.265392e+01,2.265392e+01,2.274978e+01,2.270187e+01,2.272925e+01,2.283188e+01,2.268817e+01,2.266763e+01,2.274978e+01,2.270871e+01,2.270187e+01,2.264708e+01,2.268817e+01,2.268817e+01,2.266763e+01,2.293440e+01,2.266078e+01,2.282504e+01,2.269502e+01,2.269502e+01,2.269502e+01,2.271556e+01,2.261967e+01,2.270187e+01,2.268817e+01,2.261282e+01,2.269502e+01,2.270187e+01,2.263337e+01,2.261282e+01,2.249625e+01,2.247566e+01,2.268817e+01,2.262652e+01,2.246880e+01,2.246194e+01,2.255798e+01,2.252369e+01,2.266763e+01,2.254426e+01,2.255112e+01,2.254426e+01,2.253741e+01,2.246880e+01,2.248939e+01,2.246880e+01,2.246880e+01,2.253741e+01,2.248252e+01,2.245507e+01,2.244821e+01,2.255798e+01,2.254426e+01,2.262652e+01,2.283188e+01,2.277032e+01,2.285239e+01,2.296856e+01,2.304365e+01,2.320731e+01,2.335710e+01,2.333668e+01,2.324137e+01,2.342511e+01,2.334349e+01,2.338431e+01,2.356101e+01,2.379839e+01,2.373062e+01,2.377129e+01,2.381194e+01,2.377807e+01,2.384581e+01,2.383903e+01,2.379162e+01,2.385935e+01,2.366959e+01,2.364924e+01,2.359495e+01,2.362889e+01,2.355421e+01,2.367638e+01,2.360174e+01,2.355421e+01,2.354742e+01,2.360174e+01,2.364924e+01,2.353384e+01,2.364924e+01,2.352705e+01,2.375096e+01,2.376451e+01,2.379162e+01,2.368316e+01,2.375774e+01,2.380517e+01,2.404200e+01,2.381872e+01,2.381194e+01,2.380517e+01,2.382549e+01,2.378484e+01,2.387289e+01,2.387966e+01,2.385258e+01,2.383903e+01,2.385935e+01,2.383226e+01,2.385935e+01,2.373062e+01,2.382549e+01,2.377807e+01,2.391350e+01,2.383903e+01,2.378484e+01,2.362889e+01,2.366959e+01,2.372384e+01,2.363567e+01,2.372384e+01,2.372384e+01,2.366281e+01,2.387966e+01,2.373062e+01,2.370350e+01,2.360853e+01,2.337751e+01,2.349308e+01,2.348629e+01,2.338431e+01,2.345230e+01,2.352705e+01,2.368316e+01,2.353384e+01,2.356779e+01,2.356779e+01,2.350667e+01,2.349308e+01,2.353384e+01,2.349988e+01,2.350667e+01,2.351346e+01,2.358138e+01,2.352026e+01,2.360853e+01,2.365602e+01,2.366281e+01,2.372384e+01,2.386612e+01,2.375774e+01,2.390673e+01,2.385258e+01,2.390673e+01,2.374418e+01,2.371706e+01,2.391350e+01,2.374418e+01,2.385935e+01,2.377129e+01,2.380517e+01,2.370350e+01,2.367638e+01,2.347269e+01,2.356779e+01,2.347269e+01,2.339111e+01,2.334349e+01,2.349308e+01,2.460148e+01,2.468212e+01,2.267447e+01,2.257854e+01,2.244135e+01,2.242075e+01,2.233833e+01,2.242762e+01,2.236581e+01,2.233146e+01,2.243448e+01,2.242075e+01,2.244135e+01,2.241389e+01,2.244821e+01,2.260596e+01,2.244135e+01,2.238642e+01,2.248939e+01,2.242075e+01,2.228334e+01,2.264022e+01,2.341151e+01,2.257854e+01,2.250311e+01,2.261967e+01,2.248939e+01,2.258540e+01,2.240015e+01,2.269502e+01,2.308459e+01,2.307777e+01,2.311187e+01,2.324137e+01,2.328223e+01,2.326180e+01,2.373062e+01,2.354063e+01,2.329585e+01,2.274978e+01,2.289341e+01,2.301635e+01,2.330946e+01,2.368994e+01,2.418384e+01,2.415008e+01,2.393380e+01,2.367638e+01,2.376451e+01,2.386612e+01,2.428503e+01,2.412307e+01,2.363567e+01,2.318686e+01,2.326861e+01,2.346590e+01,2.382549e+01,2.407579e+01,2.411632e+01,2.382549e+01,2.351346e+01,2.461492e+01,2.354063e+01,2.332988e+01,2.264022e+01,2.256483e+01,2.313915e+01,2.312551e+01,2.255798e+01,2.273610e+01,2.311869e+01,2.412307e+01,2.575144e+01,2.691531e+01,2.638125e+01,2.586442e+01,2.381194e+01,2.254426e+01,2.222145e+01,2.267447e+01,2.313233e+01,2.299587e+01,2.344551e+01,2.436592e+01,2.358816e+01,2.262652e+01,2.241389e+01,2.246880e+01,2.270187e+01,2.301635e+01,2.264708e+01,2.275663e+01,2.266078e+01,2.258540e+01,2.268132e+01,2.222145e+01,2.209066e+01,2.187691e+01,2.181476e+01,2.170420e+01,2.157967e+01,2.160735e+01,2.157967e+01,2.179404e+01,2.171111e+01,2.196660e+01,2.204932e+01,2.199418e+01,2.202176e+01,2.204932e+01,2.209066e+01,2.208377e+01,2.202865e+01,2.205621e+01,2.207688e+01,2.202176e+01,2.203554e+01,2.204243e+01,2.191831e+01,2.202176e+01,2.211821e+01,2.202865e+01,2.202865e+01,2.203554e+01,2.205621e+01,2.212509e+01,2.203554e+01,2.204243e+01,2.198039e+01,2.198729e+01,2.209066e+01,2.195280e+01,2.204932e+01,2.191141e+01,2.206999e+01,2.209755e+01,2.208377e+01,2.204932e+01,2.207688e+01,2.204932e+01,2.201486e+01,2.209755e+01,2.202865e+01,2.200107e+01,2.208377e+01,2.200797e+01,2.202865e+01,2.198729e+01,2.200797e+01,2.211132e+01,2.194591e+01,2.209066e+01,2.209755e+01,2.191831e+01,2.206999e+01,2.198729e+01,2.200107e+01,2.205621e+01,2.202865e+01,2.202865e+01,2.195280e+01,2.215263e+01,2.196660e+01,2.195280e+01,2.206999e+01,2.196660e+01,2.198039e+01,2.200107e+01,2.198039e+01,2.200107e+01,2.191141e+01,2.198729e+01,2.193211e+01,2.198039e+01,2.202176e+01,2.206999e+01,2.207688e+01,2.207688e+01,2.198039e+01,2.198729e+01,2.205621e+01,2.187000e+01,2.202865e+01,2.197349e+01,2.195280e+01,2.193901e+01,2.198729e+01,2.186310e+01,2.197349e+01,2.197349e+01,2.198039e+01,2.208377e+01,2.196660e+01,2.202865e+01,2.206310e+01,2.200107e+01,2.200797e+01,2.205621e+01,2.218705e+01,2.200107e+01,2.201486e+01,2.195280e+01,2.198039e+01,2.205621e+01,2.193211e+01,2.208377e+01,2.200797e+01,2.200797e+01,2.194591e+01,2.204243e+01,2.191141e+01,2.200107e+01,2.202865e+01,2.195970e+01,2.195280e+01,2.194591e+01,2.193901e+01,2.195970e+01,2.195970e+01,2.204932e+01,2.195970e+01,2.200107e+01,2.205621e+01,2.197349e+01,2.184239e+01,2.195280e+01,2.193211e+01,2.198039e+01,2.196660e+01,2.199418e+01,2.202865e+01,2.196660e+01,2.195970e+01,2.192521e+01,2.198039e+01,2.194591e+01,2.191831e+01,2.200797e+01,2.198729e+01,2.197349e+01,2.203554e+01,2.194591e+01,2.195280e+01,2.193211e+01,2.194591e+01,2.198729e+01,2.202865e+01,2.194591e+01,2.198039e+01,2.199418e+01,2.205621e+01,2.200107e+01,2.200797e+01,2.206999e+01,2.199418e+01,2.200797e+01,2.201486e+01,2.208377e+01,2.208377e+01,2.212509e+01,2.202176e+01,2.204243e+01,2.205621e+01,2.203554e+01,2.213886e+01,2.204243e+01,2.211821e+01,2.209066e+01,2.207688e+01,2.214575e+01,2.203554e+01,2.214575e+01,2.210443e+01,2.211132e+01,2.212509e+01,2.204932e+01,2.204932e+01,2.203554e+01,2.199418e+01,2.189761e+01,2.204932e+01,2.204243e+01,2.211132e+01,2.202176e+01,2.195280e+01,2.192521e+01,2.195970e+01,2.193901e+01,2.206310e+01,2.197349e+01,2.196660e+01,2.195280e+01,2.199418e+01,2.189071e+01,2.188381e+01,2.202176e+01,2.186310e+01,2.187691e+01,2.180786e+01,2.189071e+01,2.191141e+01,2.191831e+01,2.186310e+01,2.197349e+01,2.190451e+01,2.189071e+01,2.191141e+01,2.200797e+01,2.182858e+01,2.187691e+01,2.184929e+01,2.184239e+01,2.174567e+01,2.173876e+01,2.175258e+01,2.189071e+01,2.188381e+01,2.187000e+01,2.180095e+01,2.178022e+01,2.182167e+01,2.192521e+01,2.182858e+01,2.182167e+01,2.186310e+01,2.180095e+01,2.178713e+01,2.198039e+01,2.187000e+01,2.187000e+01,2.187000e+01,2.187691e+01,2.186310e+01,2.191831e+01,2.202176e+01,2.187000e+01,2.182858e+01,2.192521e+01,2.195280e+01,2.189071e+01,2.195970e+01,2.182858e+01,2.184239e+01,2.198729e+01,2.185620e+01,2.187000e+01,2.202865e+01,2.184239e+01,2.189071e+01,2.187691e+01,2.197349e+01,2.191141e+01,2.195280e+01,2.192521e+01,2.189071e+01,2.192521e+01,2.192521e+01,2.191831e+01,2.213886e+01,2.202176e+01,2.193901e+01,2.198729e+01,2.202865e+01,2.204932e+01,2.193211e+01,2.190451e+01,2.189071e+01,2.190451e+01,2.195970e+01,2.199418e+01,2.198039e+01,2.199418e+01,2.203554e+01,2.199418e+01,2.195280e+01,2.200107e+01,2.211821e+01,2.213198e+01,2.207688e+01,2.215952e+01,2.200107e+01,2.199418e+01,2.196660e+01,2.196660e+01,2.209066e+01,2.201486e+01,2.211821e+01,2.196660e+01,2.200107e+01,2.210443e+01,2.208377e+01,2.210443e+01,2.206999e+01,2.207688e+01,2.205621e+01,2.209066e+01,2.212509e+01,2.216640e+01,2.212509e+01,2.204932e+01,2.215952e+01,2.230396e+01,2.215263e+01,2.220769e+01,2.213198e+01,2.228334e+01,2.213886e+01,2.226959e+01,2.227647e+01,2.229022e+01,2.237955e+01,2.231084e+01,2.233146e+01,2.225584e+01,2.236581e+01,2.229709e+01,2.242075e+01,2.235894e+01,2.246880e+01,2.224208e+01,2.248939e+01,2.224896e+01,2.229022e+01,2.218705e+01,2.235207e+01,2.226959e+01,2.229709e+01,2.239328e+01,2.237268e+01,2.252369e+01,2.246880e+01,2.276347e+01,2.236581e+01,2.243448e+01,2.231771e+01,2.233146e+01,2.231771e+01,2.229022e+01,2.246880e+01,2.224896e+01,2.224208e+01,2.206999e+01,2.226959e+01,2.230396e+01,2.226959e+01,2.218016e+01,2.211821e+01,2.219393e+01,2.227647e+01,2.225584e+01,2.220081e+01
2.250997e+01,2.253741e+01,2.254426e+01,2.255798e+01,2.257854e+01,2.266078e+01,2.264022e+01,2.263337e+01,2.264022e+01,2.261282e+01,2.266078e+01,2.263337e+01,2.272925e+01,2.272925e+01,2.267447e+01,2.270187e+01,2.263337e+01,2.264708e+01,2.268132e+01,2.264708e+01,2.256483e+01,2.275663e+01,2.266078e+01,2.274978e+01,2.268817e+01,2.268132e+01,2.267447e+01,2.264022e+01,2.269502e+01,2.283188e+01,2.270187e+01,2.268132e+01,2.267447e+01,2.259911e+01,2.255798e+01,2.269502e+01,2.268132e+01,2.264708e+01,2.263337e+01,2.273610e+01,2.260596e+01,2.273610e+01,2.272241e+01,2.264022e+01,2.270871e+01,2.266078e+01,2.267447e+01,2.268817e+01,2.267447e+01,2.265392e+01,2.264708e+01,2.264022e+01,2.270871e+01,2.260596e+01,2.259225e+01,2.249625e+01,2.244821e+01,2.259911e+01,2.250997e+01,2.256483e+01,2.261967e+01,2.255112e+01,2.253741e+01,2.242075e+01,2.251683e+01,2.238642e+01,2.247566e+01,2.248252e+01,2.240702e+01,2.250311e+01,2.246194e+01,2.243448e+01,2.242075e+01,2.259911e+01,2.261967e+01,2.274978e+01,2.277716e+01,2.281136e+01,2.277716e+01,2.294807e+01,2.312551e+01,2.320049e+01,2.308459e+01,2.336390e+01,2.344551e+01,2.354063e+01,2.349988e+01,2.360174e+01,2.376451e+01,2.375774e+01,2.377807e+01,2.372384e+01,2.381194e+01,2.380517e+01,2.381194e+01,2.386612e+01,2.383226e+01,2.381194e+01,2.354742e+01,2.358138e+01,2.358816e+01,2.354742e+01,2.359495e+01,2.350667e+01,2.349988e+01,2.356779e+01,2.349308e+01,2.343871e+01,2.350667e+01,2.353384e+01,2.359495e+01,2.371028e+01,2.376451e+01,2.370350e+01,2.368316e+01,2.363567e+01,2.371028e+01,2.380517e+01,2.385935e+01,2.383903e+01,2.375096e+01,2.389320e+01,2.389320e+01,2.383903e+01,2.390673e+01,2.386612e+01,2.387966e+01,2.377129e+01,2.373062e+01,2.380517e+01,2.381872e+01,2.381194e+01,2.375096e+01,2.383903e+01,2.368316e+01,2.371028e+01,2.375096e+01,2.371028e+01,2.362889e+01,2.360853e+01,2.360853e+01,2.375774e+01,2.363567e+01,2.371028e+01,2.379162e+01,2.367638e+01,2.362889e+01,2.346590e+01,2.348629e+01,2.347949e+01,2.349308e+01,2.351346e+01,2.345230e+01,2.343871e+01,2.344551e+01,2.354063e+01,2.354742e+01,2.346590e+01,2.350667e+01,2.350667e+01,2.350667e+01,2.350667e+01,2.353384e+01,2.356101e+01,2.361531e+01,2.364246e+01,2.356779e+01,2.366959e+01,2.367638e+01,2.387966e+01,2.368994e+01,2.379162e+01,2.387289e+01,2.389320e+01,2.373740e+01,2.387966e+01,2.378484e+01,2.387966e+01,2.376451e+01,2.369672e+01,2.366281e+01,2.371028e+01,2.368316e+01,2.352026e+01,2.352026e+01,2.347269e+01,2.326180e+01,2.325499e+01,2.343871e+01,2.452077e+01,2.495047e+01,2.290707e+01,2.231771e+01,2.243448e+01,2.240015e+01,2.237268e+01,2.233833e+01,2.243448e+01,2.242762e+01,2.233833e+01,2.244135e+01,2.248939e+01,2.244135e+01,2.238642e+01,2.245507e+01,2.240702e+01,2.229709e+01,2.242075e+01,2.237955e+01,2.206999e+01,2.183548e+01,2.207688e+01,2.229022e+01,2.193211e+01,2.242762e+01,2.248252e+01,2.286607e+01,2.281820e+01,2.287290e+01,2.310505e+01,2.283188e+01,2.305048e+01,2.332307e+01,2.353384e+01,2.329585e+01,2.338431e+01,2.324818e+01,2.305048e+01,2.299587e+01,2.315278e+01,2.313915e+01,2.335710e+01,2.392703e+01,2.418384e+01,2.417709e+01,2.399467e+01,2.384581e+01,2.396086e+01,2.406227e+01,2.424457e+01,2.368316e+01,2.304365e+01,2.289341e+01,2.325499e+01,2.356101e+01,2.387289e+01,2.388643e+01,2.350667e+01,2.309141e+01,2.283872e+01,2.307095e+01,2.373740e+01,2.354742e+01,2.287290e+01,2.251683e+01,2.291391e+01,2.374418e+01,2.254426e+01,2.270871e+01,2.343871e+01,2.409605e+01,2.400820e+01,2.593746e+01,2.545179e+01,2.423107e+01,2.266763e+01,2.222833e+01,2.246194e+01,2.271556e+01,2.305048e+01,2.313915e+01,2.327542e+01,2.352705e+01,2.318005e+01,2.290024e+01,2.259225e+01,2.238642e+01,2.238642e+01,2.243448e+01,2.195280e+01,2.182167e+01,2.173185e+01,2.166962e+01,2.181476e+01,2.201486e+01,2.229022e+01,2.246880e+01,2.223520e+01,2.220081e+01,2.171111e+01,2.155197e+01,2.152427e+01,2.174567e+01,2.184239e+01,2.204243e+01,2.218016e+01,2.204932e+01,2.211132e+01,2.209755e+01,2.204932e+01,2.211821e+01,2.204243e+01,2.198729e+01,2.199418e+01,2.205621e+01,2.205621e+01,2.200107e+01,2.202176e+01,2.207688e+01,2.202865e+01,2.203554e+01,2.200107e+01,2.202865e+01,2.198039e+01,2.202865e+01,2.200797e+01,2.202865e+01,2.202176e+01,2.207688e+01,2.196660e+01,2.195280e+01,2.203554e+01,2.205621e+01,2.209066e+01,2.209755e+01,2.206999e+01,2.204932e+01,2.215263e+01,2.205621e+01,2.206310e+01,2.203554e+01,2.202176e+01,2.211132e+01,2.199418e+01,2.203554e+01,2.207688e+01,2.195280e+01,2.196660e+01,2.203554e+01,2.204243e+01,2.215263e+01,2.202865e+01,2.206999e+01,2.196660e+01,2.199418e+01,2.200797e+01,2.195970e+01,2.199418e+01,2.199418e+01,2.200107e+01,2.199418e+01,2.199418e+01,2.200107e+01,2.195970e+01,2.186310e+01,2.198039e+01,2.197349e+01,2.198729e+01,2.201486e+01,2.196660e+01,2.198729e+01,2.202865e+01,2.200797e+01,2.200107e+01,2.202865e+01,2.202176e+01,2.205621e+01,2.200107e+01,2.203554e+01,2.196660e+01,2.193901e+01,2.191141e+01,2.202176e+01,2.203554e+01,2.200107e+01,2.198039e+01,2.198039e+01,2.198039e+01,2.181476e+01,2.192521e+01,2.192521e+01,2.198039e+01,2.200797e+01,2.211821e+01,2.207688e+01,2.205621e+01,2.211132e+01,2.204243e+01,2.214575e+01,2.211132e+01,2.213198e+01,2.203554e+01,2.202176e+01,2.204243e+01,2.200797e+01,2.205621e+01,2.202176e+01,2.201486e+01,2.176641e+01,2.197349e+01,2.199418e+01,2.195280e+01,2.193901e+01,2.193901e+01,2.195280e+01,2.192521e+01,2.198039e+01,2.203554e+01,2.187000e+01,2.201486e+01,2.198729e+01,2.200797e+01,2.199418e+01,2.198729e+01,2.197349e+01,2.192521e+01,2.203554e+01,2.191831e+01,2.200107e+01,2.180786e+01,2.198039e+01,2.197349e+01,2.202865e+01,2.190451e+01,2.202865e+01,2.200107e+01,2.194591e+01,2.201486e+01,2.204932e+01,2.195970e+01,2.203554e+01,2.208377e+01,2.193901e+01,2.192521e+01,2.193211e+01,2.196660e+01,2.192521e+01,2.198039e+01,2.196660e+01,2.205621e+01,2.204243e+01,2.206999e+01,2.203554e+01,2.202865e+01,2.199418e+01,2.201486e+01,2.197349e+01,2.208377e+01,2.207688e+01,2.202176e+01,2.209066e+01,2.213198e+01,2.218016e+01,2.215952e+01,2.209755e+01,2.207688e+01,2.206310e+01,2.214575e+01,2.202176e+01,2.211132e+01,2.205621e+01,2.206310e+01,2.202865e+01,2.197349e+01,2.206310e+01,2.205621e+01,2.193901e+01,2.198729e+01,2.203554e+01,2.197349e+01,2.206999e+01,2.206310e+01,2.202176e+01,2.198039e+01,2.204243e+01,2.194591e+01,2.191831e+01,2.194591e+01,2.195970e+01,2.198729e+01,2.196660e+01,2.191831e+01,2.198729e+01,2.187691e+01,2.186310e+01,2.188381e+01,2.185620e+01,2.188381e+01,2.187000e+01,2.197349e+01,2.182167e+01,2.186310e+01,2.187000e+01,2.205621e+01,2.191141e+01,2.186310e+01,2.184239e+01,2.196660e+01,2.188381e+01,2.175258e+01,2.186310e+01,2.174567e+01,2.178022e+01,2.180786e+01,2.181476e+01,2.194591e+01,2.184929e+01,2.184929e+01,2.180095e+01,2.180786e+01,2.177332e+01,2.179404e+01,2.191831e+01,2.175949e+01,2.185620e+01,2.185620e+01,2.190451e+01,2.183548e+01,2.185620e+01,2.184239e+01,2.189761e+01,2.196660e+01,2.185620e+01,2.193211e+01,2.192521e+01,2.184239e+01,2.191141e+01,2.190451e+01,2.186310e+01,2.194591e+01,2.180786e+01,2.182167e+01,2.180786e+01,2.200107e+01,2.180095e+01,2.212509e+01,2.187691e+01,2.192521e+01,2.196660e+01,2.182858e+01,2.193901e+01,2.195280e+01,2.192521e+01,2.195970e+01,2.193211e+01,2.188381e+01,2.189071e+01,2.189761e+01,2.186310e+01,2.191831e+01,2.197349e+01,2.197349e+01,2.191141e+01,2.190451e+01,2.194591e+01,2.194591e+01,2.192521e+01,2.194591e+01,2.202865e+01,2.200797e+01,2.198729e+01,2.198039e+01,2.199418e+01,2.192521e+01,2.203554e+01,2.197349e+01,2.202176e+01,2.202865e+01,2.203554e+01,2.203554e+01,2.202176e+01,2.200107e+01,2.210443e+01,2.213198e+01,2.198729e+01,2.209066e+01,2.205621e+01,2.212509e+01,2.205621e+01,2.206999e+01,2.190451e+01,2.211821e+01,2.191141e+01,2.206999e+01,2.202865e+01,2.204932e+01,2.209066e+01,2.205621e+01,2.211821e+01,2.207688e+01,2.213198e+01,2.215952e+01,2.216640e+01,2.221457e+01,2.218705e+01,2.221457e+01,2.223520e+01,2.222145e+01,2.223520e+01,2.229022e+01,2.231771e+01,2.224896e+01,2.226271e+01,2.232458e+01,2.225584e+01,2.232458e+01,2.219393e+01,2.220769e+01,2.244821e+01,2.230396e+01,2.227647e+01,2.229709e+01,2.224208e+01,2.232458e+01,2.229022e+01,2.241389e+01,2.250311e+01,2.241389e+01,2.230396e+01,2.232458e+01,2.244135e+01,2.242075e+01,2.234520e+01,2.238642e+01,2.239328e+01,2.225584e+01,2.248939e+01,2.228334e+01,2.222833e+01,2.222145e+01,2.222145e+01,2.221457e+01,2.226271e+01,2.218016e+01,2.223520e+01,2.222145e+01,2.224896e+01,2.231084e+01,2.220769e+01,2.228334e+01
2.251683e+01,2.251683e+01,2.253055e+01,2.264022e+01,2.255798e+01,2.264022e+01,2.252369e+01,2.261967e+01,2.266763e+01,2.264022e+01,2.264708e+01,2.258540e+01,2.268817e+01,2.271556e+01,2.270187e+01,2.277716e+01,2.267447e+01,2.267447e+01,2.266763e+01,2.266763e+01,2.261282e+01,2.271556e+01,2.272241e+01,2.271556e+01,2.277716e+01,2.261282e+01,2.267447e+01,2.268132e+01,2.266763e+01,2.272925e+01,2.276347e+01,2.267447e+01,2.267447e+01,2.268817e+01,2.268817e+01,2.268817e+01,2.276347e+01,2.275663e+01,2.268817e+01,2.272925e+01,2.274294e+01,2.264022e+01,2.259911e+01,2.268817e+01,2.270871e+01,2.271556e+01,2.268132e+01,2.249625e+01,2.270187e+01,2.266763e+01,2.266078e+01,2.267447e+01,2.248939e+01,2.261282e+01,2.257169e+01,2.247566e+01,2.261967e+01,2.250997e+01,2.263337e+01,2.259225e+01,2.255112e+01,2.255112e+01,2.250311e+01,2.261282e+01,2.249625e+01,2.247566e+01,2.248252e+01,2.248939e+01,2.253741e+01,2.247566e+01,2.244821e+01,2.247566e+01,2.248252e+01,2.255112e+01,2.257169e+01,2.282504e+01,2.272925e+01,2.280452e+01,2.298904e+01,2.287974e+01,2.302318e+01,2.320731e+01,2.315960e+01,2.337751e+01,2.333668e+01,2.345910e+01,2.348629e+01,2.356101e+01,2.368994e+01,2.368994e+01,2.376451e+01,2.377807e+01,2.377807e+01,2.372384e+01,2.379162e+01,2.378484e+01,2.375096e+01,2.356779e+01,2.360853e+01,2.362889e+01,2.380517e+01,2.355421e+01,2.379162e+01,2.358816e+01,2.343871e+01,2.356779e+01,2.341831e+01,2.358816e+01,2.350667e+01,2.353384e+01,2.355421e+01,2.373062e+01,2.360853e+01,2.381194e+01,2.370350e+01,2.379162e+01,2.377807e+01,2.378484e+01,2.382549e+01,2.377807e+01,2.379839e+01,2.386612e+01,2.379162e+01,2.394733e+01,2.396086e+01,2.387289e+01,2.385935e+01,2.367638e+01,2.379162e+01,2.382549e+01,2.380517e+01,2.385258e+01,2.385935e+01,2.373062e+01,2.368994e+01,2.364246e+01,2.373740e+01,2.371706e+01,2.371028e+01,2.362210e+01,2.377807e+01,2.373740e+01,2.364246e+01,2.370350e+01,2.368316e+01,2.360853e+01,2.349308e+01,2.351346e+01,2.335710e+01,2.344551e+01,2.343191e+01,2.341151e+01,2.353384e+01,2.347949e+01,2.354063e+01,2.347949e+01,2.354742e+01,2.354742e+01,2.356101e+01,2.350667e+01,2.352026e+01,2.350667e+01,2.350667e+01,2.344551e+01,2.362889e+01,2.358816e+01,2.362889e+01,2.358816e+01,2.373740e+01,2.369672e+01,2.383226e+01,2.377129e+01,2.371028e+01,2.395410e+01,2.391350e+01,2.375774e+01,2.381194e+01,2.385935e+01,2.373740e+01,2.375096e+01,2.369672e+01,2.360853e+01,2.360853e+01,2.354063e+01,2.358138e+01,2.348629e+01,2.332988e+01,2.324137e+01,2.342511e+01,2.425806e+01,2.495717e+01,2.307095e+01,2.244821e+01,2.240015e+01,2.240015e+01,2.244821e+01,2.242075e+01,2.242075e+01,2.237955e+01,2.241389e+01,2.244135e+01,2.242075e+01,2.245507e+01,2.244135e+01,2.247566e+01,2.244821e+01,2.229022e+01,2.244821e+01,2.244821e+01,2.242762e+01,2.230396e+01,2.206999e+01,2.212509e+01,2.173185e+01,2.173185e+01,2.190451e+01,2.209066e+01,2.261967e+01,2.255798e+01,2.281136e+01,2.283872e+01,2.285239e+01,2.327542e+01,2.309823e+01,2.327542e+01,2.303683e+01,2.267447e+01,2.253741e+01,2.285923e+01,2.328904e+01,2.323456e+01,2.337070e+01,2.505762e+01,2.578468e+01,2.378484e+01,2.353384e+01,2.354742e+01,2.374418e+01,2.376451e+01,2.376451e+01,2.368994e+01,2.343871e+01,2.321412e+01,2.326180e+01,2.387289e+01,2.352026e+01,2.330946e+01,2.298904e+01,2.275663e+01,2.274978e+01,2.285239e+01,2.331627e+01,2.359495e+01,2.296173e+01,2.249625e+01,2.250311e+01,2.266078e+01,2.242075e+01,2.276347e+01,2.311187e+01,2.285239e+01,2.261967e+01,2.268817e+01,2.284555e+01,2.266763e+01,2.260596e+01,2.262652e+01,2.324818e+01,2.324818e+01,2.272241e+01,2.232458e+01,2.272241e+01,2.259225e+01,2.209755e+01,2.168345e+01,2.171802e+01,2.164887e+01,2.175949e+01,2.174567e+01,2.176641e+01,2.191141e+01,2.165579e+01,2.160735e+01,2.187691e+01,2.209066e+01,2.226959e+01,2.256483e+01,2.227647e+01,2.218016e+01,2.171111e+01,2.151042e+01,2.151734e+01,2.175949e+01,2.182167e+01,2.205621e+01,2.206310e+01,2.206310e+01,2.204243e+01,2.206999e+01,2.209066e+01,2.200107e+01,2.205621e+01,2.203554e+01,2.209755e+01,2.204932e+01,2.204932e+01,2.201486e+01,2.201486e+01,2.213198e+01,2.202865e+01,2.213198e+01,2.204243e+01,2.209066e+01,2.202176e+01,2.203554e+01,2.207688e+01,2.206310e+01,2.213198e+01,2.208377e+01,2.202176e+01,2.198729e+01,2.204932e+01,2.209066e+01,2.194591e+01,2.207688e+01,2.198039e+01,2.213198e+01,2.198729e+01,2.205621e+01,2.202865e+01,2.207688e+01,2.204932e+01,2.208377e+01,2.206310e+01,2.200107e+01,2.197349e+01,2.197349e+01,2.208377e+01,2.198039e+01,2.198039e+01,2.204243e+01,2.207688e+01,2.202865e+01,2.202176e+01,2.211821e+01,2.226271e+01,2.201486e+01,2.201486e+01,2.197349e+01,2.202176e+01,2.198039e+01,2.198039e+01,2.202176e+01,2.199418e+01,2.205621e+01,2.202176e+01,2.200797e+01,2.200797e+01,2.200107e+01,2.204243e+01,2.193211e+01,2.204932e+01,2.202865e+01,2.203554e+01,2.209066e+01,2.206310e+01,2.206999e+01,2.210443e+01,2.202176e+01,2.191831e+01,2.206310e+01,2.201486e+01,2.192521e+01,2.193211e+01,2.187691e+01,2.198729e+01,2.199418e+01,2.198039e+01,2.205621e+01,2.201486e+01,2.199418e+01,2.202176e+01,2.207688e+01,2.209755e+01,2.211821e+01,2.206310e+01,2.215263e+01,2.213198e+01,2.205621e+01,2.214575e+01,2.202865e+01,2.209755e+01,2.213198e+01,2.204243e+01,2.211132e+01,2.211132e+01,2.201486e+01,2.202176e+01,2.197349e+01,2.196660e+01,2.189761e+01,2.190451e+01,2.191141e+01,2.192521e+01,2.195970e+01,2.197349e+01,2.195970e+01,2.194591e+01,2.195970e+01,2.198039e+01,2.198729e+01,2.218705e+01,2.200797e+01,2.202176e+01,2.201486e+01,2.198729e+01,2.208377e+01,2.202865e+01,2.205621e+01,2.191141e+01,2.195970e+01,2.194591e+01,2.198729e+01,2.198729e+01,2.190451e+01,2.198039e+01,2.195970e+01,2.198729e+01,2.199418e+01,2.195970e+01,2.203554e+01,2.197349e+01,2.205621e+01,2.196660e+01,2.205621e+01,2.198729e+01,2.195970e+01,2.202176e+01,2.199418e+01,2.206999e+01,2.205621e+01,2.197349e+01,2.206310e+01,2.204932e+01,2.202865e+01,2.200797e+01,2.203554e+01,2.209066e+01,2.208377e+01,2.208377e+01,2.206310e+01,2.213886e+01,2.216640e+01,2.206310e+01,2.213198e+01,2.208377e+01,2.212509e+01,2.208377e+01,2.206310e+01,2.212509e+01,2.209755e+01,2.219393e+01,2.203554e+01,2.198039e+01,2.209066e+01,2.204932e+01,2.200797e+01,2.202865e+01,2.200797e+01,2.202176e+01,2.206310e+01,2.198729e+01,2.204243e+01,2.200107e+01,2.202865e+01,2.193211e+01,2.196660e+01,2.191141e+01,2.195970e+01,2.192521e+01,2.194591e+01,2.198039e+01,2.177332e+01,2.188381e+01,2.191141e+01,2.191141e+01,2.188381e+01,2.192521e+01,2.185620e+01,2.182858e+01,2.184929e+01,2.193901e+01,2.189071e+01,2.192521e+01,2.187000e+01,2.191141e+01,2.206310e+01,2.178713e+01,2.187000e+01,2.178022e+01,2.178713e+01,2.198729e+01,2.178022e+01,2.184929e+01,2.193901e+01,2.180095e+01,2.182858e+01,2.186310e+01,2.180786e+01,2.178713e+01,2.178713e+01,2.193901e+01,2.184239e+01,2.179404e+01,2.185620e+01,2.185620e+01,2.186310e+01,2.184929e+01,2.196660e+01,2.188381e+01,2.185620e+01,2.188381e+01,2.182858e+01,2.183548e+01,2.187000e+01,2.187000e+01,2.189071e+01,2.186310e+01,2.191141e+01,2.192521e+01,2.192521e+01,2.178022e+01,2.178022e+01,2.178022e+01,2.177332e+01,2.189761e+01,2.181476e+01,2.189761e+01,2.187691e+01,2.191831e+01,2.193901e+01,2.189071e+01,2.189761e+01,2.193211e+01,2.188381e+01,2.191831e+01,2.191141e+01,2.190451e+01,2.200797e+01,2.194591e+01,2.191831e+01,2.195280e+01,2.188381e+01,2.191831e+01,2.199418e+01,2.196660e+01,2.197349e+01,2.199418e+01,2.207688e+01,2.184929e+01,2.201486e+01,2.204243e+01,2.189761e+01,2.200797e+01,2.198729e+01,2.202865e+01,2.202865e+01,2.202176e+01,2.210443e+01,2.200797e+01,2.220769e+01,2.198039e+01,2.204243e+01,2.205621e+01,2.205621e+01,2.191141e+01,2.196660e+01,2.198039e+01,2.202176e+01,2.204932e+01,2.208377e+01,2.211821e+01,2.200797e+01,2.204243e+01,2.201486e+01,2.209755e+01,2.205621e+01,2.216640e+01,2.206999e+01,2.210443e+01,2.213198e+01,2.215952e+01,2.212509e+01,2.225584e+01,2.228334e+01,2.226271e+01,2.220769e+01,2.238642e+01,2.223520e+01,2.221457e+01,2.216640e+01,2.227647e+01,2.210443e+01,2.223520e+01,2.224208e+01,2.223520e+01,2.222145e+01,2.228334e+01,2.222833e+01,2.231084e+01,2.225584e+01,2.235894e+01,2.231771e+01,2.232458e+01,2.237955e+01,2.237955e+01,2.221457e+01,2.231084e+01,2.238642e+01,2.235894e+01,2.231771e+01,2.248252e+01,2.236581e+01,2.247566e+01,2.241389e+01,2.241389e+01,2.243448e+01,2.222833e+01,2.220769e+01,2.231771e+01,2.222145e+01,2.225584e+01,2.226271e+01,2.241389e+01,2.227647e+01,2.223520e+01,2.238642e+01,2.211821e+01,2.226271e+01,2.246880e+01
2.248252e+01,2.250997e+01,2.269502e+01,2.260596e+01,2.264022e+01,2.252369e+01,2.262652e+01,2.259911e+01,2.263337e+01,2.263337e+01,2.255798e+01,2.268132e+01,2.258540e+01,2.270187e+01,2.270871e+01,2.272925e+01,2.269502e+01,2.266078e+01,2.270187e+01,2.272241e+01,2.266763e+01,2.270871e+01,2.267447e+01,2.271556e+01,2.271556e+01,2.270871e+01,2.268132e+01,2.268132e+01,2.270871e+01,2.265392e+01,2.258540e+01,2.277032e+01,2.271556e+01,2.266763e+01,2.266763e+01,2.270871e+01,2.279768e+01,2.273610e+01,2.259225e+01,2.265392e+01,2.272925e+01,2.267447e+01,2.273610e+01,2.274978e+01,2.260596e+01,2.270187e+01,2.261282e+01,2.266078e+01,2.253055e+01,2.268132e+01,2.270187e+01,2.268132e+01,2.267447e+01,2.262652e+01,2.252369e+01,2.268132e+01,2.260596e+01,2.259225e+01,2.261282e+01,2.253741e+01,2.261967e+01,2.253741e+01,2.257169e+01,2.248939e+01,2.240015e+01,2.246194e+01,2.253055e+01,2.246880e+01,2.248939e+01,2.248252e+01,2.239328e+01,2.239328e+01,2.241389e+01,2.246880e+01,2.250311e+01,2.253055e+01,2.256483e+01,2.285923e+01,2.294807e+01,2.300953e+01,2.312551e+01,2.327542e+01,2.320049e+01,2.325499e+01,2.331627e+01,2.352705e+01,2.354742e+01,2.356101e+01,2.352026e+01,2.371706e+01,2.371028e+01,2.381872e+01,2.368316e+01,2.375774e+01,2.372384e+01,2.371706e+01,2.371706e+01,2.357458e+01,2.355421e+01,2.348629e+01,2.365602e+01,2.348629e+01,2.358138e+01,2.349988e+01,2.358138e+01,2.359495e+01,2.343871e+01,2.347949e+01,2.343871e+01,2.350667e+01,2.352705e+01,2.360174e+01,2.383903e+01,2.372384e+01,2.365602e+01,2.374418e+01,2.380517e+01,2.380517e+01,2.388643e+01,2.375096e+01,2.375096e+01,2.377807e+01,2.389996e+01,2.392703e+01,2.378484e+01,2.386612e+01,2.389996e+01,2.380517e+01,2.381194e+01,2.387966e+01,2.385258e+01,2.383226e+01,2.364924e+01,2.368994e+01,2.366281e+01,2.366959e+01,2.361531e+01,2.376451e+01,2.367638e+01,2.366959e+01,2.359495e+01,2.368994e+01,2.362210e+01,2.356101e+01,2.372384e+01,2.354742e+01,2.352705e+01,2.338431e+01,2.339791e+01,2.342511e+01,2.348629e+01,2.349308e+01,2.346590e+01,2.347269e+01,2.344551e+01,2.348629e+01,2.337751e+01,2.347949e+01,2.350667e+01,2.349308e+01,2.350667e+01,2.353384e+01,2.343191e+01,2.357458e+01,2.355421e+01,2.356101e+01,2.360174e+01,2.356779e+01,2.355421e+01,2.372384e+01,2.357458e+01,2.364246e+01,2.367638e+01,2.377807e+01,2.375096e+01,2.386612e+01,2.368316e+01,2.367638e+01,2.373062e+01,2.369672e+01,2.364924e+01,2.365602e+01,2.358816e+01,2.352026e+01,2.341831e+01,2.346590e+01,2.345910e+01,2.324137e+01,2.323456e+01,2.423107e+01,2.494377e+01,2.309823e+01,2.244135e+01,2.241389e+01,2.237268e+01,2.240015e+01,2.242762e+01,2.239328e+01,2.240015e+01,2.233833e+01,2.244135e+01,2.243448e+01,2.243448e+01,2.239328e+01,2.242762e+01,2.239328e+01,2.239328e+01,2.241389e+01,2.237955e+01,2.240702e+01,2.237268e+01,2.240702e+01,2.231771e+01,2.215263e+01,2.184239e+01,2.174567e+01,2.206310e+01,2.227647e+01,2.242075e+01,2.244821e+01,2.230396e+01,2.238642e+01,2.280452e+01,2.267447e+01,2.249625e+01,2.252369e+01,2.236581e+01,2.247566e+01,2.235894e+01,2.290707e+01,2.372384e+01,2.261282e+01,2.370350e+01,2.675735e+01,2.417709e+01,2.294807e+01,2.320049e+01,2.324818e+01,2.366281e+01,2.404200e+01,2.398791e+01,2.379839e+01,2.368316e+01,2.341831e+01,2.367638e+01,2.347949e+01,2.345910e+01,2.288657e+01,2.275663e+01,2.294123e+01,2.311187e+01,2.352705e+01,2.291391e+01,2.269502e+01,2.255112e+01,2.226271e+01,2.229022e+01,2.222145e+01,2.264022e+01,2.284555e+01,2.242762e+01,2.213886e+01,2.218016e+01,2.241389e+01,2.312551e+01,2.310505e+01,2.267447e+01,2.244135e+01,2.259225e+01,2.228334e+01,2.223520e+01,2.264708e+01,2.313233e+01,2.199418e+01,2.155197e+01,2.151734e+01,2.166270e+01,2.162811e+01,2.171802e+01,2.164195e+01,2.178022e+01,2.178022e+01,2.164195e+01,2.163503e+01,2.196660e+01,2.215263e+01,2.220769e+01,2.189761e+01,2.161427e+01,2.196660e+01,2.202176e+01,2.173876e+01,2.198729e+01,2.204932e+01,2.204243e+01,2.206310e+01,2.222145e+01,2.205621e+01,2.208377e+01,2.208377e+01,2.207688e+01,2.210443e+01,2.206310e+01,2.205621e+01,2.205621e+01,2.204932e+01,2.206999e+01,2.208377e+01,2.211821e+01,2.206310e+01,2.201486e+01,2.210443e+01,2.199418e+01,2.200107e+01,2.202176e+01,2.202176e+01,2.200797e+01,2.206999e+01,2.200107e+01,2.206310e+01,2.209066e+01,2.194591e+01,2.208377e+01,2.209066e+01,2.202865e+01,2.215263e+01,2.212509e+01,2.213198e+01,2.216640e+01,2.210443e+01,2.210443e+01,2.213886e+01,2.212509e+01,2.202865e+01,2.213198e+01,2.198729e+01,2.198039e+01,2.211821e+01,2.198039e+01,2.198039e+01,2.200797e+01,2.202176e+01,2.208377e+01,2.201486e+01,2.196660e+01,2.201486e+01,2.215263e+01,2.200107e+01,2.201486e+01,2.203554e+01,2.199418e+01,2.202176e+01,2.202865e+01,2.218016e+01,2.206999e+01,2.192521e+01,2.198039e+01,2.202176e+01,2.200797e+01,2.202865e+01,2.196660e+01,2.204932e+01,2.204932e+01,2.213198e+01,2.209066e+01,2.206310e+01,2.215952e+01,2.191141e+01,2.209066e+01,2.198729e+01,2.204932e+01,2.194591e+01,2.181476e+01,2.189071e+01,2.191831e+01,2.202865e+01,2.192521e+01,2.200797e+01,2.204243e+01,2.202865e+01,2.200797e+01,2.202176e+01,2.200797e+01,2.213886e+01,2.215263e+01,2.204932e+01,2.211132e+01,2.220769e+01,2.210443e+01,2.211132e+01,2.210443e+01,2.207688e+01,2.207688e+01,2.205621e+01,2.206310e+01,2.208377e+01,2.207688e+01,2.208377e+01,2.198729e+01,2.206310e+01,2.202176e+01,2.193901e+01,2.191831e+01,2.193901e+01,2.193901e+01,2.194591e+01,2.204243e+01,2.193901e+01,2.193211e+01,2.193211e+01,2.197349e+01,2.200107e+01,2.218705e+01,2.202865e+01,2.200107e+01,2.199418e+01,2.210443e+01,2.200107e+01,2.191831e+01,2.199418e+01,2.198729e+01,2.195970e+01,2.198039e+01,2.199418e+01,2.200107e+01,2.194591e+01,2.191141e+01,2.194591e+01,2.198039e+01,2.204243e+01,2.206310e+01,2.201486e+01,2.200797e+01,2.193901e+01,2.202176e+01,2.207688e+01,2.200797e+01,2.198729e+01,2.201486e+01,2.191141e+01,2.202865e+01,2.205621e+01,2.206999e+01,2.209755e+01,2.213886e+01,2.209755e+01,2.202865e+01,2.215952e+01,2.212509e+01,2.206999e+01,2.214575e+01,2.209066e+01,2.210443e+01,2.204243e+01,2.215263e+01,2.206999e+01,2.214575e+01,2.211821e+01,2.211132e+01,2.214575e+01,2.213886e+01,2.205621e+01,2.209066e+01,2.200797e+01,2.202865e+01,2.206999e+01,2.204932e+01,2.195280e+01,2.193211e+01,2.209066e+01,2.209755e+01,2.202865e+01,2.195280e+01,2.196660e+01,2.200797e+01,2.197349e+01,2.197349e+01,2.186310e+01,2.197349e+01,2.206310e+01,2.193901e+01,2.193211e+01,2.198729e+01,2.203554e+01,2.189761e+01,2.188381e+01,2.190451e+01,2.180095e+01,2.184239e+01,2.188381e+01,2.187000e+01,2.191141e+01,2.192521e+01,2.191831e+01,2.193211e+01,2.181476e+01,2.191831e+01,2.185620e+01,2.193211e+01,2.177332e+01,2.182858e+01,2.202865e+01,2.184239e+01,2.184239e+01,2.185620e+01,2.182858e+01,2.168345e+01,2.180095e+01,2.169728e+01,2.178713e+01,2.186310e+01,2.184929e+01,2.185620e+01,2.184929e+01,2.185620e+01,2.184929e+01,2.171111e+01,2.184239e+01,2.189761e+01,2.177332e+01,2.187691e+01,2.183548e+01,2.182858e+01,2.183548e+01,2.166270e+01,2.184239e+01,2.186310e+01,2.193211e+01,2.171802e+01,2.184929e+01,2.189071e+01,2.177332e+01,2.186310e+01,2.178713e+01,2.190451e+01,2.187000e+01,2.189071e+01,2.170420e+01,2.183548e+01,2.187000e+01,2.187000e+01,2.182858e+01,2.190451e+01,2.182858e+01,2.193211e+01,2.186310e+01,2.187691e+01,2.187691e+01,2.196660e+01,2.171111e+01,2.196660e+01,2.170420e+01,2.193901e+01,2.200107e+01,2.195280e+01,2.193901e+01,2.189071e+01,2.200107e+01,2.200107e+01,2.198039e+01,2.200107e+01,2.195970e+01,2.200107e+01,2.202865e+01,2.194591e+01,2.197349e+01,2.210443e+01,2.198039e+01,2.202865e+01,2.199418e+01,2.214575e+01,2.213198e+01,2.197349e+01,2.202865e+01,2.209755e+01,2.185620e+01,2.193901e+01,2.201486e+01,2.190451e+01,2.203554e+01,2.210443e+01,2.200797e+01,2.202176e+01,2.202865e+01,2.206999e+01,2.209066e+01,2.211132e+01,2.217328e+01,2.209066e+01,2.213198e+01,2.210443e+01,2.215263e+01,2.218016e+01,2.218705e+01,2.219393e+01,2.217328e+01,2.224208e+01,2.219393e+01,2.219393e+01,2.214575e+01,2.221457e+01,2.220081e+01,2.226271e+01,2.232458e+01,2.228334e+01,2.236581e+01,2.237955e+01,2.228334e+01,2.222145e+01,2.254426e+01,2.240702e+01,2.255112e+01,2.231084e+01,2.220769e+01,2.237268e+01,2.237268e+01,2.236581e+01,2.235894e+01,2.234520e+01,2.237268e+01,2.239328e+01,2.244821e+01,2.238642e+01,2.247566e+01,2.227647e+01,2.246194e+01,2.244135e+01,2.223520e+01,2.246194e+01,2.238642e+01,2.231084e+01,2.235894e+01,2.226959e+01,2.229022e+01,2.226271e+01,2.227647e+01,2.229709e+01,2.214575e+01,2.234520e+01,2.223520e+01
2.253055e+01,2.268132e+01,2.258540e+01,2.254426e+01,2.250997e+01,2.254426e+01,2.264708e+01,2.256483e+01,2.260596e+01,2.257854e+01,2.255798e+01,2.266078e+01,2.259911e+01,2.270871e+01,2.268132e+01,2.270187e+01,2.268817e+01,2.260596e+01,2.267447e+01,2.254426e+01,2.267447e+01,2.255798e+01,2.277716e+01,2.269502e+01,2.269502e+01,2.261282e+01,2.266078e+01,2.274294e+01,2.266078e+01,2.289341e+01,2.283872e+01,2.284555e+01,2.265392e+01,2.258540e+01,2.269502e+01,2.270871e+01,2.271556e+01,2.273610e+01,2.261967e+01,2.273610e+01,2.270871e+01,2.266078e+01,2.266078e+01,2.270871e+01,2.273610e+01,2.272925e+01,2.276347e+01,2.263337e+01,2.261282e+01,2.261967e+01,2.268817e+01,2.269502e+01,2.268817e+01,2.268817e+01,2.258540e+01,2.257169e+01,2.265392e+01,2.251683e+01,2.257169e+01,2.261967e+01,2.250311e+01,2.260596e+01,2.250997e+01,2.253741e+01,2.253055e+01,2.248939e+01,2.248252e+01,2.246194e+01,2.250311e+01,2.248939e+01,2.242075e+01,2.246194e+01,2.245507e+01,2.240702e+01,2.250311e+01,2.259911e+01,2.267447e+01,2.283188e+01,2.287290e+01,2.298904e+01,2.314597e+01,2.318005e+01,2.330265e+01,2.338431e+01,2.333668e+01,2.337751e+01,2.349308e+01,2.351346e+01,2.354063e+01,2.371706e+01,2.359495e+01,2.352705e+01,2.373740e+01,2.366281e+01,2.368994e+01,2.365602e+01,2.363567e+01,2.347949e+01,2.361531e+01,2.356101e+01,2.346590e+01,2.358816e+01,2.356779e+01,2.354742e+01,2.358816e+01,2.350667e+01,2.344551e+01,2.351346e+01,2.344551e+01,2.347269e+01,2.364246e+01,2.364924e+01,2.372384e+01,2.354063e+01,2.360174e+01,2.376451e+01,2.391350e+01,2.371028e+01,2.382549e+01,2.387966e+01,2.372384e+01,2.377807e+01,2.394733e+01,2.400820e+01,2.386612e+01,2.394733e+01,2.408254e+01,2.389996e+01,2.385258e+01,2.387966e+01,2.379162e+01,2.379162e+01,2.381194e+01,2.364246e+01,2.376451e+01,2.380517e+01,2.366959e+01,2.371706e+01,2.371706e+01,2.365602e+01,2.362889e+01,2.363567e+01,2.354742e+01,2.366281e+01,2.379162e+01,2.354063e+01,2.343871e+01,2.344551e+01,2.341151e+01,2.352705e+01,2.349988e+01,2.342511e+01,2.348629e+01,2.350667e+01,2.343191e+01,2.344551e+01,2.354063e+01,2.337751e+01,2.354742e+01,2.353384e+01,2.351346e+01,2.354063e+01,2.356101e+01,2.338431e+01,2.351346e+01,2.348629e+01,2.349308e+01,2.352705e+01,2.354742e+01,2.358816e+01,2.364924e+01,2.347269e+01,2.373062e+01,2.371028e+01,2.366959e+01,2.363567e+01,2.364246e+01,2.379162e+01,2.381194e+01,2.372384e+01,2.350667e+01,2.379162e+01,2.363567e+01,2.339791e+01,2.339791e+01,2.354063e+01,2.322775e+01,2.324818e+01,2.308459e+01,2.392703e+01,2.440634e+01,2.294807e+01,2.239328e+01,2.236581e+01,2.232458e+01,2.226959e+01,2.244821e+01,2.233146e+01,2.234520e+01,2.236581e+01,2.248252e+01,2.246880e+01,2.245507e+01,2.242762e+01,2.239328e+01,2.235894e+01,2.235894e+01,2.248252e+01,2.242762e+01,2.253055e+01,2.243448e+01,2.244135e+01,2.250311e+01,2.239328e+01,2.246194e+01,2.223520e+01,2.237268e+01,2.244135e+01,2.237955e+01,2.250311e+01,2.242075e+01,2.250311e+01,2.248252e+01,2.244135e+01,2.245507e+01,2.235207e+01,2.240702e+01,2.247566e+01,2.238642e+01,2.251683e+01,2.276347e+01,2.236581e+01,2.237268e+01,2.307095e+01,2.306412e+01,2.244821e+01,2.266078e+01,2.300270e+01,2.345910e+01,2.377807e+01,2.406903e+01,2.367638e+01,2.368316e+01,2.324818e+01,2.347269e+01,2.298221e+01,2.300953e+01,2.315960e+01,2.296856e+01,2.296856e+01,2.319368e+01,2.305730e+01,2.274294e+01,2.256483e+01,2.264708e+01,2.246194e+01,2.222833e+01,2.217328e+01,2.240015e+01,2.254426e+01,2.211132e+01,2.206310e+01,2.211132e+01,2.260596e+01,2.311187e+01,2.284555e+01,2.271556e+01,2.296173e+01,2.294807e+01,2.220081e+01,2.264708e+01,2.267447e+01,2.337751e+01,2.245507e+01,2.173185e+01,2.168345e+01,2.158659e+01,2.149656e+01,2.177332e+01,2.177332e+01,2.207688e+01,2.189071e+01,2.164887e+01,2.200107e+01,2.200797e+01,2.223520e+01,2.222145e+01,2.229709e+01,2.221457e+01,2.220081e+01,2.214575e+01,2.202176e+01,2.216640e+01,2.206999e+01,2.205621e+01,2.215952e+01,2.206310e+01,2.205621e+01,2.208377e+01,2.206999e+01,2.207688e+01,2.203554e+01,2.211132e+01,2.218016e+01,2.206999e+01,2.215263e+01,2.214575e+01,2.209755e+01,2.206310e+01,2.206999e+01,2.213886e+01,2.202176e+01,2.206310e+01,2.205621e+01,2.203554e+01,2.203554e+01,2.207688e+01,2.206310e+01,2.209066e+01,2.204243e+01,2.204932e+01,2.206999e+01,2.210443e+01,2.211132e+01,2.212509e+01,2.211821e+01,2.211821e+01,2.213886e+01,2.209066e+01,2.210443e+01,2.204932e+01,2.206310e+01,2.208377e+01,2.206310e+01,2.213198e+01,2.209066e+01,2.200797e+01,2.212509e+01,2.201486e+01,2.218705e+01,2.201486e+01,2.215952e+01,2.198729e+01,2.215263e+01,2.220081e+01,2.201486e+01,2.199418e+01,2.204243e+01,2.197349e+01,2.204932e+01,2.209755e+01,2.200107e+01,2.201486e+01,2.200797e+01,2.214575e+01,2.206310e+01,2.205621e+01,2.211132e+01,2.205621e+01,2.204932e+01,2.204932e+01,2.222833e+01,2.206310e+01,2.207688e+01,2.213886e+01,2.205621e+01,2.208377e+01,2.209755e+01,2.211132e+01,2.197349e+01,2.198039e+01,2.191141e+01,2.191141e+01,2.201486e+01,2.204243e+01,2.199418e+01,2.207688e+01,2.217328e+01,2.205621e+01,2.213198e+01,2.212509e+01,2.209066e+01,2.214575e+01,2.215952e+01,2.215263e+01,2.206999e+01,2.214575e+01,2.216640e+01,2.213886e+01,2.206999e+01,2.207688e+01,2.217328e+01,2.224208e+01,2.211821e+01,2.223520e+01,2.206999e+01,2.211132e+01,2.200797e+01,2.204932e+01,2.209755e+01,2.192521e+01,2.195970e+01,2.191831e+01,2.196660e+01,2.205621e+01,2.193211e+01,2.193211e+01,2.206999e+01,2.193901e+01,2.200797e+01,2.192521e+01,2.201486e+01,2.203554e+01,2.209755e+01,2.201486e+01,2.211821e+01,2.205621e+01,2.199418e+01,2.198039e+01,2.189761e+01,2.191831e+01,2.197349e+01,2.199418e+01,2.200107e+01,2.192521e+01,2.207688e+01,2.192521e+01,2.202865e+01,2.197349e+01,2.200797e+01,2.208377e+01,2.200107e+01,2.198039e+01,2.203554e+01,2.217328e+01,2.208377e+01,2.190451e+01,2.204243e+01,2.194591e+01,2.208377e+01,2.206999e+01,2.209755e+01,2.208377e+01,2.211821e+01,2.206310e+01,2.205621e+01,2.202176e+01,2.209066e+01,2.209755e+01,2.209755e+01,2.204243e+01,2.209755e+01,2.202176e+01,2.206310e+01,2.199418e+01,2.199418e+01,2.200107e+01,2.202865e+01,2.208377e+01,2.217328e+01,2.209066e+01,2.208377e+01,2.211821e+01,2.209066e+01,2.206310e+01,2.209755e+01,2.202865e+01,2.200797e+01,2.198729e+01,2.203554e+01,2.200797e+01,2.202176e+01,2.200797e+01,2.195970e+01,2.200107e+01,2.199418e+01,2.196660e+01,2.196660e+01,2.198039e+01,2.198729e+01,2.187691e+01,2.184929e+01,2.188381e+01,2.191141e+01,2.195280e+01,2.191141e+01,2.185620e+01,2.193211e+01,2.191831e+01,2.185620e+01,2.196660e+01,2.190451e+01,2.191141e+01,2.184929e+01,2.192521e+01,2.195280e+01,2.193211e+01,2.183548e+01,2.178022e+01,2.193901e+01,2.187000e+01,2.180786e+01,2.187000e+01,2.186310e+01,2.176641e+01,2.182167e+01,2.181476e+01,2.182167e+01,2.179404e+01,2.187691e+01,2.176641e+01,2.178713e+01,2.180095e+01,2.182858e+01,2.180786e+01,2.187691e+01,2.180095e+01,2.187691e+01,2.185620e+01,2.184929e+01,2.189761e+01,2.176641e+01,2.174567e+01,2.164195e+01,2.178713e+01,2.169037e+01,2.168345e+01,2.181476e+01,2.188381e+01,2.178713e+01,2.186310e+01,2.175258e+01,2.179404e+01,2.178022e+01,2.179404e+01,2.185620e+01,2.214575e+01,2.186310e+01,2.178713e+01,2.187000e+01,2.183548e+01,2.190451e+01,2.176641e+01,2.186310e+01,2.188381e+01,2.195280e+01,2.191831e+01,2.193901e+01,2.183548e+01,2.191831e+01,2.191831e+01,2.192521e+01,2.195280e+01,2.178022e+01,2.197349e+01,2.195280e+01,2.192521e+01,2.202865e+01,2.192521e+01,2.206310e+01,2.195970e+01,2.190451e+01,2.190451e+01,2.189071e+01,2.206310e+01,2.195970e+01,2.203554e+01,2.204932e+01,2.204243e+01,2.189071e+01,2.206310e+01,2.205621e+01,2.200107e+01,2.189071e+01,2.206310e+01,2.219393e+01,2.191831e+01,2.191141e+01,2.202176e+01,2.199418e+01,2.198039e+01,2.202865e+01,2.204932e+01,2.197349e+01,2.195970e+01,2.208377e+01,2.202865e+01,2.202865e+01,2.213886e+01,2.202176e+01,2.208377e+01,2.211821e+01,2.211821e+01,2.222833e+01,2.222833e+01,2.215952e+01,2.218016e+01,2.230396e+01,2.222833e+01,2.218016e+01,2.227647e+01,2.220769e+01,2.220769e+01,2.226271e+01,2.223520e+01,2.217328e+01,2.240015e+01,2.237268e+01,2.228334e+01,2.229709e+01,2.226271e+01,2.227647e+01,2.218705e+01,2.256483e+01,2.231084e+01,2.233146e+01,2.234520e+01,2.234520e+01,2.236581e+01,2.231771e+01,2.229709e+01,2.244821e+01,2.244821e+01,2.244135e+01,2.246194e+01,2.226271e+01,2.251683e+01,2.250997e+01,2.237268e+01,2.246194e+01,2.243448e+01,2.226271e+01,2.224208e+01,2.226959e+01,2.236581e+01,2.225584e+01,2.239328e+01,2.237268e+01,2.226271e+01,2.226271e+01
2.240015e+01,2.250997e+01,2.254426e+01,2.255798e+01,2.256483e+01,2.255798e+01,2.277032e+01,2.266078e+01,2.261282e+01,2.261967e+01,2.256483e+01,2.264022e+01,2.266763e+01,2.263337e+01,2.262652e+01,2.268817e+01,2.270871e+01,2.266763e+01,2.260596e+01,2.268817e+01,2.268132e+01,2.270871e+01,2.273610e+01,2.270187e+01,2.272925e+01,2.263337e+01,2.281820e+01,2.259911e+01,2.285923e+01,2.266763e+01,2.263337e+01,2.269502e+01,2.270187e+01,2.270187e+01,2.280452e+01,2.267447e+01,2.270187e+01,2.265392e+01,2.262652e+01,2.263337e+01,2.268817e+01,2.282504e+01,2.270187e+01,2.274294e+01,2.264022e+01,2.269502e+01,2.270871e+01,2.270187e+01,2.265392e+01,2.255798e+01,2.269502e+01,2.271556e+01,2.260596e+01,2.273610e+01,2.259911e+01,2.244821e+01,2.261282e+01,2.260596e+01,2.261967e+01,2.266078e+01,2.261967e+01,2.254426e+01,2.257169e+01,2.258540e+01,2.254426e+01,2.246194e+01,2.248939e+01,2.250997e+01,2.246194e+01,2.249625e+01,2.245507e+01,2.238642e+01,2.239328e+01,2.246880e+01,2.253055e+01,2.263337e+01,2.273610e+01,2.296173e+01,2.285923e+01,2.304365e+01,2.307095e+01,2.311869e+01,2.321412e+01,2.340471e+01,2.325499e+01,2.328904e+01,2.346590e+01,2.346590e+01,2.367638e+01,2.355421e+01,2.371028e+01,2.371706e+01,2.364924e+01,2.383226e+01,2.360853e+01,2.367638e+01,2.360853e+01,2.360853e+01,2.358816e+01,2.355421e+01,2.347949e+01,2.351346e+01,2.343871e+01,2.356101e+01,2.358816e+01,2.354742e+01,2.358138e+01,2.345910e+01,2.342511e+01,2.347269e+01,2.361531e+01,2.355421e+01,2.361531e+01,2.375096e+01,2.373740e+01,2.368994e+01,2.382549e+01,2.369672e+01,2.389320e+01,2.382549e+01,2.386612e+01,2.384581e+01,2.400144e+01,2.399467e+01,2.393380e+01,2.384581e+01,2.385258e+01,2.389996e+01,2.387289e+01,2.392027e+01,2.383903e+01,2.385935e+01,2.385935e+01,2.378484e+01,2.375096e+01,2.369672e+01,2.378484e+01,2.366959e+01,2.358138e+01,2.359495e+01,2.361531e+01,2.357458e+01,2.361531e+01,2.358138e+01,2.356779e+01,2.356779e+01,2.360853e+01,2.349988e+01,2.337751e+01,2.352705e+01,2.343871e+01,2.343871e+01,2.341831e+01,2.346590e+01,2.344551e+01,2.347949e+01,2.343191e+01,2.341831e+01,2.343191e+01,2.347949e+01,2.342511e+01,2.340471e+01,2.337751e+01,2.344551e+01,2.339111e+01,2.342511e+01,2.348629e+01,2.349988e+01,2.346590e+01,2.355421e+01,2.343871e+01,2.356101e+01,2.356101e+01,2.362210e+01,2.358138e+01,2.366281e+01,2.366959e+01,2.375774e+01,2.366281e+01,2.364246e+01,2.347949e+01,2.359495e+01,2.358138e+01,2.359495e+01,2.334349e+01,2.328904e+01,2.338431e+01,2.309141e+01,2.309141e+01,2.359495e+01,2.391350e+01,2.274294e+01,2.239328e+01,2.225584e+01,2.231084e+01,2.242075e+01,2.248252e+01,2.242762e+01,2.242762e+01,2.235207e+01,2.247566e+01,2.246194e+01,2.247566e+01,2.247566e+01,2.250997e+01,2.242075e+01,2.232458e+01,2.248252e+01,2.239328e+01,2.241389e+01,2.238642e+01,2.248252e+01,2.253055e+01,2.250997e+01,2.245507e+01,2.241389e+01,2.239328e+01,2.244135e+01,2.246880e+01,2.236581e+01,2.243448e+01,2.244821e+01,2.246880e+01,2.238642e+01,2.246880e+01,2.242075e+01,2.247566e+01,2.237955e+01,2.251683e+01,2.239328e+01,2.250311e+01,2.244821e+01,2.237268e+01,2.235207e+01,2.234520e+01,2.221457e+01,2.233833e+01,2.220769e+01,2.234520e+01,2.255798e+01,2.257169e+01,2.284555e+01,2.281136e+01,2.280452e+01,2.270871e+01,2.283872e+01,2.295490e+01,2.299587e+01,2.300270e+01,2.291391e+01,2.300270e+01,2.285923e+01,2.283872e+01,2.279768e+01,2.265392e+01,2.229022e+01,2.218016e+01,2.211132e+01,2.212509e+01,2.244135e+01,2.190451e+01,2.189761e+01,2.269502e+01,2.335710e+01,2.336390e+01,2.313233e+01,2.366281e+01,2.396762e+01,2.349308e+01,2.318686e+01,2.368316e+01,2.329585e+01,2.283872e+01,2.266078e+01,2.242075e+01,2.247566e+01,2.215263e+01,2.195280e+01,2.193901e+01,2.189071e+01,2.195280e+01,2.197349e+01,2.182167e+01,2.206999e+01,2.216640e+01,2.228334e+01,2.213198e+01,2.214575e+01,2.202865e+01,2.218705e+01,2.202865e+01,2.209755e+01,2.198729e+01,2.213886e+01,2.218016e+01,2.205621e+01,2.216640e+01,2.214575e+01,2.184239e+01,2.215263e+01,2.206310e+01,2.226271e+01,2.214575e+01,2.218705e+01,2.215952e+01,2.214575e+01,2.213886e+01,2.213886e+01,2.206999e+01,2.210443e+01,2.203554e+01,2.211132e+01,2.215952e+01,2.202865e+01,2.206999e+01,2.204932e+01,2.209755e+01,2.209755e+01,2.214575e+01,2.210443e+01,2.211821e+01,2.213198e+01,2.212509e+01,2.214575e+01,2.215952e+01,2.211132e+01,2.217328e+01,2.226959e+01,2.207688e+01,2.212509e+01,2.208377e+01,2.210443e+01,2.205621e+01,2.206999e+01,2.212509e+01,2.210443e+01,2.208377e+01,2.215952e+01,2.216640e+01,2.200107e+01,2.209755e+01,2.199418e+01,2.209755e+01,2.200107e+01,2.203554e+01,2.215263e+01,2.205621e+01,2.200797e+01,2.191831e+01,2.203554e+01,2.204243e+01,2.200797e+01,2.202176e+01,2.208377e+01,2.209755e+01,2.209755e+01,2.210443e+01,2.209066e+01,2.213886e+01,2.206999e+01,2.200107e+01,2.218705e+01,2.218016e+01,2.219393e+01,2.211821e+01,2.208377e+01,2.209066e+01,2.206310e+01,2.217328e+01,2.187000e+01,2.175949e+01,2.190451e+01,2.195280e+01,2.200797e+01,2.207688e+01,2.204932e+01,2.211132e+01,2.206999e+01,2.205621e+01,2.202176e+01,2.220081e+01,2.215263e+01,2.211821e+01,2.214575e+01,2.211821e+01,2.218016e+01,2.211132e+01,2.204932e+01,2.215952e+01,2.225584e+01,2.208377e+01,2.223520e+01,2.207688e+01,2.219393e+01,2.219393e+01,2.212509e+01,2.213886e+01,2.203554e+01,2.208377e+01,2.209066e+01,2.197349e+01,2.204243e+01,2.195280e+01,2.191831e+01,2.194591e+01,2.207688e+01,2.192521e+01,2.193901e+01,2.195280e+01,2.195970e+01,2.198729e+01,2.204243e+01,2.202176e+01,2.195280e+01,2.204932e+01,2.187000e+01,2.197349e+01,2.202176e+01,2.197349e+01,2.191141e+01,2.198039e+01,2.192521e+01,2.201486e+01,2.206310e+01,2.202865e+01,2.200107e+01,2.198729e+01,2.196660e+01,2.204243e+01,2.200797e+01,2.204243e+01,2.204932e+01,2.210443e+01,2.211132e+01,2.202865e+01,2.201486e+01,2.195970e+01,2.203554e+01,2.206310e+01,2.202865e+01,2.206999e+01,2.211821e+01,2.210443e+01,2.209755e+01,2.209066e+01,2.211821e+01,2.208377e+01,2.213886e+01,2.213198e+01,2.211132e+01,2.202176e+01,2.218705e+01,2.206999e+01,2.219393e+01,2.212509e+01,2.211132e+01,2.212509e+01,2.207688e+01,2.212509e+01,2.216640e+01,2.217328e+01,2.215952e+01,2.213886e+01,2.206310e+01,2.202176e+01,2.202865e+01,2.217328e+01,2.201486e+01,2.210443e+01,2.202176e+01,2.203554e+01,2.201486e+01,2.200797e+01,2.200797e+01,2.204243e+01,2.195280e+01,2.195280e+01,2.198039e+01,2.198039e+01,2.189761e+01,2.196660e+01,2.189761e+01,2.197349e+01,2.202176e+01,2.195280e+01,2.198039e+01,2.195280e+01,2.172494e+01,2.193901e+01,2.198039e+01,2.192521e+01,2.203554e+01,2.191141e+01,2.198729e+01,2.191141e+01,2.189761e+01,2.189761e+01,2.178022e+01,2.189761e+01,2.181476e+01,2.176641e+01,2.185620e+01,2.172494e+01,2.183548e+01,2.168345e+01,2.173185e+01,2.180095e+01,2.175258e+01,2.191831e+01,2.182858e+01,2.178022e+01,2.175949e+01,2.178713e+01,2.178022e+01,2.186310e+01,2.183548e+01,2.183548e+01,2.189071e+01,2.171802e+01,2.182167e+01,2.173876e+01,2.182167e+01,2.180095e+01,2.183548e+01,2.171111e+01,2.186310e+01,2.169037e+01,2.180786e+01,2.180786e+01,2.183548e+01,2.190451e+01,2.177332e+01,2.180095e+01,2.170420e+01,2.181476e+01,2.179404e+01,2.173185e+01,2.183548e+01,2.178022e+01,2.186310e+01,2.183548e+01,2.191141e+01,2.173876e+01,2.184239e+01,2.177332e+01,2.186310e+01,2.174567e+01,2.193211e+01,2.177332e+01,2.182167e+01,2.187691e+01,2.191831e+01,2.207688e+01,2.187691e+01,2.200107e+01,2.193901e+01,2.193211e+01,2.189071e+01,2.192521e+01,2.189761e+01,2.195970e+01,2.198729e+01,2.193211e+01,2.198039e+01,2.202865e+01,2.204932e+01,2.202176e+01,2.200797e+01,2.197349e+01,2.209066e+01,2.209066e+01,2.198729e+01,2.199418e+01,2.191831e+01,2.193211e+01,2.200107e+01,2.201486e+01,2.191141e+01,2.189761e+01,2.202865e+01,2.199418e+01,2.195280e+01,2.206999e+01,2.213886e+01,2.204243e+01,2.200107e+01,2.199418e+01,2.211821e+01,2.206310e+01,2.214575e+01,2.211821e+01,2.213886e+01,2.223520e+01,2.222145e+01,2.231084e+01,2.221457e+01,2.220769e+01,2.217328e+01,2.213886e+01,2.213198e+01,2.217328e+01,2.220081e+01,2.222833e+01,2.232458e+01,2.237955e+01,2.231771e+01,2.217328e+01,2.233146e+01,2.243448e+01,2.235207e+01,2.227647e+01,2.228334e+01,2.232458e+01,2.237268e+01,2.235207e+01,2.239328e+01,2.256483e+01,2.237268e+01,2.246880e+01,2.248939e+01,2.232458e+01,2.248939e+01,2.248939e+01,2.244821e+01,2.242762e+01,2.242075e+01,2.233833e+01,2.231771e+01,2.231084e+01,2.246880e+01,2.229709e+01,2.231084e+01,2.239328e+01,2.233146e+01,2.240015e+01,2.231771e+01,2.226959e+01,2.226959e+01,2.230396e+01,2.229709e+01
2.240015e+01,2.259225e+01,2.255798e+01,2.248252e+01,2.263337e+01,2.276347e+01,2.257169e+01,2.261282e+01,2.262652e+01,2.264708e+01,2.259911e+01,2.264708e+01,2.257169e+01,2.262652e+01,2.268132e+01,2.266078e+01,2.264708e+01,2.265392e+01,2.267447e+01,2.266078e+01,2.273610e+01,2.269502e+01,2.268817e+01,2.279084e+01,2.267447e+01,2.266763e+01,2.273610e+01,2.261282e+01,2.271556e+01,2.277032e+01,2.272925e+01,2.272241e+01,2.270871e+01,2.269502e+01,2.268817e+01,2.273610e+01,2.267447e+01,2.273610e+01,2.259225e+01,2.272241e+01,2.272241e+01,2.268817e+01,2.268132e+01,2.277716e+01,2.271556e+01,2.259911e+01,2.266763e+01,2.270187e+01,2.279084e+01,2.266078e+01,2.266078e+01,2.274294e+01,2.275663e+01,2.264708e+01,2.275663e+01,2.261282e+01,2.265392e+01,2.259911e+01,2.261967e+01,2.264022e+01,2.255112e+01,2.259225e+01,2.250997e+01,2.257169e+01,2.259225e+01,2.253055e+01,2.247566e+01,2.253055e+01,2.254426e+01,2.247566e+01,2.241389e+01,2.251683e+01,2.246880e+01,2.254426e+01,2.254426e+01,2.269502e+01,2.289341e+01,2.299587e+01,2.285239e+01,2.311187e+01,2.301635e+01,2.326180e+01,2.326861e+01,2.312551e+01,2.335029e+01,2.347949e+01,2.347949e+01,2.364924e+01,2.356779e+01,2.370350e+01,2.357458e+01,2.371028e+01,2.373062e+01,2.371706e+01,2.349308e+01,2.348629e+01,2.347269e+01,2.345230e+01,2.345230e+01,2.351346e+01,2.357458e+01,2.349988e+01,2.349308e+01,2.347269e+01,2.347949e+01,2.346590e+01,2.347949e+01,2.356101e+01,2.349988e+01,2.354742e+01,2.343191e+01,2.364924e+01,2.373740e+01,2.379839e+01,2.371028e+01,2.385935e+01,2.381194e+01,2.386612e+01,2.390673e+01,2.391350e+01,2.398791e+01,2.388643e+01,2.394733e+01,2.387289e+01,2.390673e+01,2.392703e+01,2.392703e+01,2.383226e+01,2.391350e+01,2.386612e+01,2.385935e+01,2.391350e+01,2.389996e+01,2.407579e+01,2.369672e+01,2.354063e+01,2.368316e+01,2.368316e+01,2.370350e+01,2.364924e+01,2.363567e+01,2.373062e+01,2.356101e+01,2.372384e+01,2.361531e+01,2.359495e+01,2.360853e+01,2.356779e+01,2.356101e+01,2.345230e+01,2.342511e+01,2.352026e+01,2.340471e+01,2.343191e+01,2.340471e+01,2.339791e+01,2.341831e+01,2.335029e+01,2.341151e+01,2.341831e+01,2.328223e+01,2.338431e+01,2.345910e+01,2.346590e+01,2.347949e+01,2.344551e+01,2.338431e+01,2.341831e+01,2.344551e+01,2.358816e+01,2.356101e+01,2.339791e+01,2.358138e+01,2.358816e+01,2.357458e+01,2.361531e+01,2.377807e+01,2.366281e+01,2.348629e+01,2.374418e+01,2.362210e+01,2.348629e+01,2.352026e+01,2.354063e+01,2.330265e+01,2.323456e+01,2.309823e+01,2.305048e+01,2.310505e+01,2.326180e+01,2.327542e+01,2.243448e+01,2.230396e+01,2.235894e+01,2.243448e+01,2.244821e+01,2.230396e+01,2.244821e+01,2.248939e+01,2.246880e+01,2.245507e+01,2.246194e+01,2.237268e+01,2.243448e+01,2.237955e+01,2.242762e+01,2.224896e+01,2.249625e+01,2.239328e+01,2.254426e+01,2.253741e+01,2.246194e+01,2.246880e+01,2.241389e+01,2.244135e+01,2.244135e+01,2.237955e+01,2.246194e+01,2.245507e+01,2.246880e+01,2.238642e+01,2.246880e+01,2.244821e+01,2.244821e+01,2.253055e+01,2.255798e+01,2.235207e+01,2.232458e+01,2.245507e+01,2.250997e+01,2.250311e+01,2.237955e+01,2.242075e+01,2.240015e+01,2.236581e+01,2.234520e+01,2.235207e+01,2.238642e+01,2.243448e+01,2.243448e+01,2.235894e+01,2.250311e+01,2.230396e+01,2.242075e+01,2.240702e+01,2.251683e+01,2.251683e+01,2.253741e+01,2.298904e+01,2.297539e+01,2.307777e+01,2.291391e+01,2.282504e+01,2.290024e+01,2.266763e+01,2.236581e+01,2.236581e+01,2.213886e+01,2.190451e+01,2.235207e+01,2.231084e+01,2.247566e+01,2.272925e+01,2.381872e+01,2.377129e+01,2.400820e+01,2.441307e+01,2.397439e+01,2.309141e+01,2.356779e+01,2.495717e+01,2.422433e+01,2.319368e+01,2.291391e+01,2.305730e+01,2.337751e+01,2.265392e+01,2.196660e+01,2.213886e+01,2.193211e+01,2.205621e+01,2.204243e+01,2.195280e+01,2.214575e+01,2.219393e+01,2.222833e+01,2.222145e+01,2.204243e+01,2.206310e+01,2.215263e+01,2.216640e+01,2.214575e+01,2.214575e+01,2.212509e+01,2.212509e+01,2.211132e+01,2.206310e+01,2.214575e+01,2.212509e+01,2.218016e+01,2.213198e+01,2.216640e+01,2.214575e+01,2.222145e+01,2.211821e+01,2.213198e+01,2.215263e+01,2.215263e+01,2.215952e+01,2.222145e+01,2.218016e+01,2.211132e+01,2.209755e+01,2.209755e+01,2.209066e+01,2.209066e+01,2.220769e+01,2.210443e+01,2.216640e+01,2.220769e+01,2.218705e+01,2.202865e+01,2.215952e+01,2.211821e+01,2.218705e+01,2.215952e+01,2.212509e+01,2.214575e+01,2.215263e+01,2.212509e+01,2.206999e+01,2.218705e+01,2.206310e+01,2.209066e+01,2.214575e+01,2.213198e+01,2.206310e+01,2.215263e+01,2.205621e+01,2.204932e+01,2.220769e+01,2.209066e+01,2.229022e+01,2.210443e+01,2.210443e+01,2.214575e+01,2.206310e+01,2.204932e+01,2.204932e+01,2.218016e+01,2.214575e+01,2.209066e+01,2.220769e+01,2.221457e+01,2.221457e+01,2.209066e+01,2.216640e+01,2.211821e+01,2.211132e+01,2.211132e+01,2.207688e+01,2.207688e+01,2.218016e+01,2.212509e+01,2.218705e+01,2.215952e+01,2.220081e+01,2.208377e+01,2.207688e+01,2.188381e+01,2.189761e+01,2.200797e+01,2.208377e+01,2.209066e+01,2.198039e+01,2.211821e+01,2.212509e+01,2.205621e+01,2.206310e+01,2.210443e+01,2.210443e+01,2.211132e+01,2.218016e+01,2.220081e+01,2.224208e+01,2.218016e+01,2.222145e+01,2.233146e+01,2.227647e+01,2.226959e+01,2.215263e+01,2.226271e+01,2.224208e+01,2.224208e+01,2.224208e+01,2.210443e+01,2.214575e+01,2.209066e+01,2.212509e+01,2.197349e+01,2.209755e+01,2.204243e+01,2.193901e+01,2.207688e+01,2.189761e+01,2.198039e+01,2.195970e+01,2.201486e+01,2.206310e+01,2.201486e+01,2.205621e+01,2.208377e+01,2.198039e+01,2.198729e+01,2.204243e+01,2.203554e+01,2.198729e+01,2.196660e+01,2.220081e+01,2.200107e+01,2.195970e+01,2.193901e+01,2.196660e+01,2.204932e+01,2.205621e+01,2.200107e+01,2.202865e+01,2.204243e+01,2.201486e+01,2.201486e+01,2.204932e+01,2.204932e+01,2.203554e+01,2.208377e+01,2.210443e+01,2.214575e+01,2.206310e+01,2.211132e+01,2.209755e+01,2.204932e+01,2.199418e+01,2.212509e+01,2.204932e+01,2.191831e+01,2.202176e+01,2.210443e+01,2.211821e+01,2.210443e+01,2.212509e+01,2.198039e+01,2.214575e+01,2.215263e+01,2.206310e+01,2.209755e+01,2.204932e+01,2.221457e+01,2.215263e+01,2.220081e+01,2.206999e+01,2.214575e+01,2.212509e+01,2.207688e+01,2.209755e+01,2.206310e+01,2.210443e+01,2.209066e+01,2.204932e+01,2.209066e+01,2.207688e+01,2.202865e+01,2.199418e+01,2.200797e+01,2.200107e+01,2.194591e+01,2.202865e+01,2.200797e+01,2.190451e+01,2.182167e+01,2.201486e+01,2.187000e+01,2.191831e+01,2.180095e+01,2.192521e+01,2.183548e+01,2.193211e+01,2.215263e+01,2.192521e+01,2.189761e+01,2.199418e+01,2.190451e+01,2.187691e+01,2.195970e+01,2.199418e+01,2.202865e+01,2.187691e+01,2.195280e+01,2.193211e+01,2.186310e+01,2.188381e+01,2.180095e+01,2.181476e+01,2.180095e+01,2.181476e+01,2.182858e+01,2.170420e+01,2.171802e+01,2.197349e+01,2.178022e+01,2.179404e+01,2.178713e+01,2.175258e+01,2.178022e+01,2.178022e+01,2.176641e+01,2.176641e+01,2.182858e+01,2.180095e+01,2.179404e+01,2.175258e+01,2.169728e+01,2.176641e+01,2.171802e+01,2.179404e+01,2.187691e+01,2.180095e+01,2.178713e+01,2.169728e+01,2.175949e+01,2.181476e+01,2.180786e+01,2.180095e+01,2.171111e+01,2.178713e+01,2.185620e+01,2.175258e+01,2.189071e+01,2.175258e+01,2.174567e+01,2.179404e+01,2.182167e+01,2.178022e+01,2.173185e+01,2.188381e+01,2.180786e+01,2.183548e+01,2.178022e+01,2.178713e+01,2.175258e+01,2.190451e+01,2.179404e+01,2.196660e+01,2.177332e+01,2.180095e+01,2.193211e+01,2.196660e+01,2.191831e+01,2.191141e+01,2.191831e+01,2.191141e+01,2.184239e+01,2.188381e+01,2.191831e+01,2.185620e+01,2.184929e+01,2.196660e+01,2.204932e+01,2.203554e+01,2.192521e+01,2.202176e+01,2.180095e+01,2.197349e+01,2.198729e+01,2.206999e+01,2.210443e+01,2.198729e+01,2.196660e+01,2.202865e+01,2.195280e+01,2.193901e+01,2.206999e+01,2.192521e+01,2.204932e+01,2.209755e+01,2.200107e+01,2.198039e+01,2.198729e+01,2.213198e+01,2.199418e+01,2.199418e+01,2.205621e+01,2.211821e+01,2.213198e+01,2.213198e+01,2.220769e+01,2.213198e+01,2.219393e+01,2.224208e+01,2.226271e+01,2.229022e+01,2.221457e+01,2.212509e+01,2.211132e+01,2.220081e+01,2.215263e+01,2.227647e+01,2.215952e+01,2.234520e+01,2.214575e+01,2.233833e+01,2.232458e+01,2.214575e+01,2.211132e+01,2.226271e+01,2.235894e+01,2.233833e+01,2.234520e+01,2.237268e+01,2.251683e+01,2.258540e+01,2.260596e+01,2.234520e+01,2.244821e+01,2.224896e+01,2.229709e+01,2.236581e+01,2.240702e+01,2.232458e+01,2.246880e+01,2.252369e+01,2.249625e+01,2.243448e+01,2.248939e+01,2.239328e+01,2.248252e+01,2.240015e+01,2.240702e+01,2.237268e+01,2.236581e+01,2.234520e+01,2.232458e+01
2.255112e+01,2.255798e+01,2.254426e+01,2.254426e+01,2.256483e+01,2.255798e+01,2.258540e+01,2.264022e+01,2.257854e+01,2.253055e+01,2.259225e+01,2.260596e+01,2.266763e+01,2.266078e+01,2.266078e+01,2.262652e+01,2.263337e+01,2.280452e+01,2.266763e+01,2.268817e+01,2.271556e+01,2.270871e+01,2.260596e+01,2.269502e+01,2.267447e+01,2.261967e+01,2.270187e+01,2.277716e+01,2.261967e+01,2.261967e+01,2.261967e+01,2.277032e+01,2.261282e+01,2.262652e+01,2.265392e+01,2.262652e+01,2.271556e+01,2.270187e+01,2.269502e+01,2.270871e+01,2.269502e+01,2.272925e+01,2.268817e+01,2.269502e+01,2.281136e+01,2.268817e+01,2.278400e+01,2.264022e+01,2.266763e+01,2.266763e+01,2.264022e+01,2.268817e+01,2.270187e+01,2.275663e+01,2.250997e+01,2.252369e+01,2.251683e+01,2.265392e+01,2.261282e+01,2.263337e+01,2.257854e+01,2.248252e+01,2.247566e+01,2.247566e+01,2.255798e+01,2.244821e+01,2.246880e+01,2.259225e+01,2.248252e+01,2.251683e+01,2.248939e+01,2.258540e+01,2.248939e+01,2.247566e+01,2.272241e+01,2.264022e+01,2.264708e+01,2.269502e+01,2.291391e+01,2.305730e+01,2.307777e+01,2.307777e+01,2.323456e+01,2.313915e+01,2.325499e+01,2.337751e+01,2.333668e+01,2.349308e+01,2.352026e+01,2.362889e+01,2.372384e+01,2.366959e+01,2.369672e+01,2.357458e+01,2.366959e+01,2.351346e+01,2.350667e+01,2.345230e+01,2.338431e+01,2.341151e+01,2.357458e+01,2.344551e+01,2.349308e+01,2.354742e+01,2.345230e+01,2.345910e+01,2.344551e+01,2.343191e+01,2.337070e+01,2.337751e+01,2.355421e+01,2.356101e+01,2.364246e+01,2.354742e+01,2.371706e+01,2.371028e+01,2.371706e+01,2.375096e+01,2.387289e+01,2.381194e+01,2.376451e+01,2.379162e+01,2.380517e+01,2.394057e+01,2.393380e+01,2.396086e+01,2.382549e+01,2.380517e+01,2.389996e+01,2.388643e+01,2.385935e+01,2.381194e+01,2.379839e+01,2.379162e+01,2.373062e+01,2.374418e+01,2.372384e+01,2.366281e+01,2.369672e+01,2.363567e+01,2.365602e+01,2.364924e+01,2.353384e+01,2.366959e+01,2.356779e+01,2.352705e+01,2.351346e+01,2.345910e+01,2.337070e+01,2.338431e+01,2.341151e+01,2.341151e+01,2.338431e+01,2.340471e+01,2.337751e+01,2.333668e+01,2.339111e+01,2.337751e+01,2.337751e+01,2.339111e+01,2.337751e+01,2.335710e+01,2.345910e+01,2.339791e+01,2.336390e+01,2.335029e+01,2.338431e+01,2.338431e+01,2.339791e+01,2.337070e+01,2.339111e+01,2.339111e+01,2.339111e+01,2.334349e+01,2.352705e+01,2.349308e+01,2.369672e+01,2.343191e+01,2.354063e+01,2.359495e+01,2.354063e+01,2.340471e+01,2.361531e+01,2.343871e+01,2.326180e+01,2.314597e+01,2.324137e+01,2.296173e+01,2.283188e+01,2.320731e+01,2.285923e+01,2.226959e+01,2.237955e+01,2.229022e+01,2.243448e+01,2.243448e+01,2.249625e+01,2.234520e+01,2.244135e+01,2.238642e+01,2.225584e+01,2.253741e+01,2.244821e+01,2.239328e+01,2.244821e+01,2.240015e+01,2.237268e+01,2.240015e+01,2.247566e+01,2.251683e+01,2.237268e+01,2.237955e+01,2.244135e+01,2.242762e+01,2.242762e+01,2.242075e+01,2.263337e+01,2.241389e+01,2.259225e+01,2.249625e+01,2.226271e+01,2.247566e+01,2.247566e+01,2.222833e+01,2.246194e+01,2.225584e+01,2.239328e+01,2.244135e+01,2.240702e+01,2.235207e+01,2.246194e+01,2.238642e+01,2.247566e+01,2.240702e+01,2.239328e+01,2.244821e+01,2.238642e+01,2.241389e+01,2.215952e+01,2.246194e+01,2.220081e+01,2.240015e+01,2.234520e+01,2.234520e+01,2.240702e+01,2.223520e+01,2.235207e+01,2.238642e+01,2.240702e+01,2.258540e+01,2.284555e+01,2.261282e+01,2.265392e+01,2.285239e+01,2.294123e+01,2.260596e+01,2.268132e+01,2.259225e+01,2.240702e+01,2.259225e+01,2.255798e+01,2.279084e+01,2.311869e+01,2.311187e+01,2.270187e+01,2.259911e+01,2.259225e+01,2.285239e+01,2.285923e+01,2.302318e+01,2.349308e+01,2.324137e+01,2.255798e+01,2.258540e+01,2.262652e+01,2.228334e+01,2.215952e+01,2.218016e+01,2.209755e+01,2.215952e+01,2.207688e+01,2.209755e+01,2.207688e+01,2.218016e+01,2.225584e+01,2.209755e+01,2.206310e+01,2.214575e+01,2.215952e+01,2.215952e+01,2.214575e+01,2.214575e+01,2.214575e+01,2.213886e+01,2.215263e+01,2.217328e+01,2.213886e+01,2.203554e+01,2.217328e+01,2.210443e+01,2.224896e+01,2.217328e+01,2.223520e+01,2.222833e+01,2.214575e+01,2.212509e+01,2.212509e+01,2.214575e+01,2.211821e+01,2.211132e+01,2.212509e+01,2.209066e+01,2.202865e+01,2.203554e+01,2.222145e+01,2.226271e+01,2.211132e+01,2.219393e+01,2.222145e+01,2.216640e+01,2.215952e+01,2.216640e+01,2.219393e+01,2.214575e+01,2.214575e+01,2.213198e+01,2.214575e+01,2.215263e+01,2.217328e+01,2.218705e+01,2.216640e+01,2.215952e+01,2.215263e+01,2.206310e+01,2.211821e+01,2.213198e+01,2.204243e+01,2.211821e+01,2.218705e+01,2.218705e+01,2.213198e+01,2.227647e+01,2.202865e+01,2.209755e+01,2.211132e+01,2.210443e+01,2.214575e+01,2.211821e+01,2.198039e+01,2.213198e+01,2.210443e+01,2.221457e+01,2.204932e+01,2.219393e+01,2.220769e+01,2.218705e+01,2.213198e+01,2.212509e+01,2.212509e+01,2.211132e+01,2.211132e+01,2.215952e+01,2.220081e+01,2.220769e+01,2.217328e+01,2.224208e+01,2.209066e+01,2.193901e+01,2.191141e+01,2.180095e+01,2.189761e+01,2.193901e+01,2.190451e+01,2.204243e+01,2.208377e+01,2.204243e+01,2.205621e+01,2.206999e+01,2.209066e+01,2.206310e+01,2.217328e+01,2.216640e+01,2.218016e+01,2.213198e+01,2.220769e+01,2.218705e+01,2.215952e+01,2.216640e+01,2.224208e+01,2.224896e+01,2.218705e+01,2.224896e+01,2.224896e+01,2.225584e+01,2.222833e+01,2.213886e+01,2.212509e+01,2.215263e+01,2.213886e+01,2.211132e+01,2.204243e+01,2.208377e+01,2.195970e+01,2.196660e+01,2.195280e+01,2.191831e+01,2.189761e+01,2.195970e+01,2.198729e+01,2.195970e+01,2.200797e+01,2.205621e+01,2.201486e+01,2.203554e+01,2.184929e+01,2.189761e+01,2.209755e+01,2.195970e+01,2.196660e+01,2.198039e+01,2.195280e+01,2.204932e+01,2.209066e+01,2.189071e+01,2.204243e+01,2.196660e+01,2.202176e+01,2.201486e+01,2.204243e+01,2.200797e+01,2.203554e+01,2.205621e+01,2.204243e+01,2.215263e+01,2.206310e+01,2.205621e+01,2.202865e+01,2.215263e+01,2.204932e+01,2.208377e+01,2.209755e+01,2.211821e+01,2.212509e+01,2.204932e+01,2.203554e+01,2.204932e+01,2.213198e+01,2.209755e+01,2.214575e+01,2.198039e+01,2.206999e+01,2.215263e+01,2.207688e+01,2.211132e+01,2.209066e+01,2.209066e+01,2.217328e+01,2.213886e+01,2.204932e+01,2.217328e+01,2.210443e+01,2.213886e+01,2.211132e+01,2.202176e+01,2.214575e+01,2.215952e+01,2.208377e+01,2.199418e+01,2.201486e+01,2.216640e+01,2.207688e+01,2.202176e+01,2.221457e+01,2.199418e+01,2.193901e+01,2.191141e+01,2.197349e+01,2.192521e+01,2.197349e+01,2.184929e+01,2.194591e+01,2.191831e+01,2.198039e+01,2.182858e+01,2.193211e+01,2.201486e+01,2.182167e+01,2.202865e+01,2.198039e+01,2.187691e+01,2.182858e+01,2.198039e+01,2.191831e+01,2.196660e+01,2.200797e+01,2.180786e+01,2.200107e+01,2.186310e+01,2.171111e+01,2.186310e+01,2.187000e+01,2.186310e+01,2.177332e+01,2.182167e+01,2.176641e+01,2.182167e+01,2.180786e+01,2.181476e+01,2.178022e+01,2.173185e+01,2.174567e+01,2.174567e+01,2.178022e+01,2.175949e+01,2.174567e+01,2.172494e+01,2.184929e+01,2.173876e+01,2.175949e+01,2.171111e+01,2.182858e+01,2.182167e+01,2.171111e+01,2.175258e+01,2.173876e+01,2.165579e+01,2.175258e+01,2.177332e+01,2.176641e+01,2.172494e+01,2.171111e+01,2.173876e+01,2.171802e+01,2.180786e+01,2.173876e+01,2.184929e+01,2.173876e+01,2.173185e+01,2.146191e+01,2.174567e+01,2.174567e+01,2.178713e+01,2.173876e+01,2.180095e+01,2.180786e+01,2.180095e+01,2.180095e+01,2.197349e+01,2.180786e+01,2.178713e+01,2.187000e+01,2.190451e+01,2.182167e+01,2.183548e+01,2.174567e+01,2.186310e+01,2.181476e+01,2.182167e+01,2.179404e+01,2.183548e+01,2.182858e+01,2.182858e+01,2.190451e+01,2.183548e+01,2.191831e+01,2.203554e+01,2.189071e+01,2.189761e+01,2.192521e+01,2.181476e+01,2.207688e+01,2.186310e+01,2.187691e+01,2.193211e+01,2.187000e+01,2.195970e+01,2.191141e+01,2.185620e+01,2.187691e+01,2.199418e+01,2.191141e+01,2.192521e+01,2.191141e+01,2.182858e+01,2.197349e+01,2.202176e+01,2.199418e+01,2.199418e+01,2.204243e+01,2.206999e+01,2.203554e+01,2.191831e+01,2.193211e+01,2.217328e+01,2.220769e+01,2.216640e+01,2.216640e+01,2.192521e+01,2.224896e+01,2.222833e+01,2.218705e+01,2.224896e+01,2.211821e+01,2.215263e+01,2.215263e+01,2.225584e+01,2.229022e+01,2.237955e+01,2.233833e+01,2.233146e+01,2.215952e+01,2.232458e+01,2.233833e+01,2.233146e+01,2.235207e+01,2.235207e+01,2.253055e+01,2.247566e+01,2.234520e+01,2.218705e+01,2.244821e+01,2.237955e+01,2.221457e+01,2.233833e+01,2.237268e+01,2.234520e+01,2.244135e+01,2.232458e+01,2.241389e+01,2.246194e+01,2.231084e+01,2.237268e+01,2.248939e+01,2.234520e+01,2.246880e+01,2.227647e+01,2.239328e+01,2.233146e+01,2.229022e+01,2.233833e+01
2.259225e+01,2.247566e+01,2.256483e+01,2.256483e+01,2.259225e+01,2.257854e+01,2.266078e+01,2.254426e+01,2.264022e+01,2.259225e+01,2.266078e+01,2.265392e+01,2.264708e+01,2.261282e+01,2.262652e+01,2.266078e+01,2.264708e+01,2.284555e+01,2.267447e+01,2.268132e+01,2.270187e+01,2.268817e+01,2.272241e+01,2.272925e+01,2.272241e+01,2.274978e+01,2.270871e+01,2.259225e+01,2.272241e+01,2.274978e+01,2.274294e+01,2.270871e+01,2.269502e+01,2.268132e+01,2.265392e+01,2.273610e+01,2.274294e+01,2.270187e+01,2.270871e+01,2.267447e+01,2.276347e+01,2.274978e+01,2.270187e+01,2.281820e+01,2.274978e+01,2.270187e+01,2.279084e+01,2.263337e+01,2.260596e+01,2.259911e+01,2.263337e+01,2.270871e+01,2.266763e+01,2.267447e+01,2.243448e+01,2.264022e+01,2.268817e+01,2.264022e+01,2.260596e+01,2.258540e+01,2.259911e+01,2.258540e+01,2.261967e+01,2.257854e+01,2.260596e+01,2.246880e+01,2.248252e+01,2.248252e+01,2.250311e+01,2.260596e+01,2.252369e+01,2.261967e+01,2.248939e+01,2.245507e+01,2.261967e+01,2.265392e+01,2.272241e+01,2.290024e+01,2.292757e+01,2.303683e+01,2.304365e+01,2.317323e+01,2.326861e+01,2.326180e+01,2.341831e+01,2.336390e+01,2.332307e+01,2.337070e+01,2.343191e+01,2.352026e+01,2.357458e+01,2.362889e+01,2.374418e+01,2.352705e+01,2.352026e+01,2.349308e+01,2.349988e+01,2.345910e+01,2.341151e+01,2.330265e+01,2.347949e+01,2.345910e+01,2.343191e+01,2.343871e+01,2.360853e+01,2.347949e+01,2.359495e+01,2.343871e+01,2.346590e+01,2.358138e+01,2.351346e+01,2.364246e+01,2.361531e+01,2.367638e+01,2.365602e+01,2.368994e+01,2.364924e+01,2.383226e+01,2.371706e+01,2.375096e+01,2.384581e+01,2.382549e+01,2.381194e+01,2.386612e+01,2.383226e+01,2.389320e+01,2.382549e+01,2.385935e+01,2.389320e+01,2.387289e+01,2.387966e+01,2.386612e+01,2.382549e+01,2.389320e+01,2.376451e+01,2.384581e+01,2.382549e+01,2.382549e+01,2.368316e+01,2.382549e+01,2.345910e+01,2.362889e+01,2.360174e+01,2.361531e+01,2.361531e+01,2.341831e+01,2.347949e+01,2.337070e+01,2.337070e+01,2.346590e+01,2.345230e+01,2.336390e+01,2.335710e+01,2.339791e+01,2.335029e+01,2.341151e+01,2.330946e+01,2.343871e+01,2.340471e+01,2.332307e+01,2.332307e+01,2.341831e+01,2.338431e+01,2.338431e+01,2.341831e+01,2.339111e+01,2.333668e+01,2.335710e+01,2.335029e+01,2.336390e+01,2.354063e+01,2.319368e+01,2.348629e+01,2.338431e+01,2.350667e+01,2.352026e+01,2.335710e+01,2.353384e+01,2.354063e+01,2.354742e+01,2.349308e+01,2.344551e+01,2.346590e+01,2.314597e+01,2.313915e+01,2.322775e+01,2.313233e+01,2.292074e+01,2.282504e+01,2.308459e+01,2.281136e+01,2.237955e+01,2.240015e+01,2.227647e+01,2.228334e+01,2.237955e+01,2.246880e+01,2.245507e+01,2.234520e+01,2.248252e+01,2.237268e+01,2.247566e+01,2.242075e+01,2.244135e+01,2.252369e+01,2.235207e+01,2.244821e+01,2.241389e+01,2.250997e+01,2.246194e+01,2.248252e+01,2.247566e+01,2.249625e+01,2.250997e+01,2.237955e+01,2.246880e+01,2.249625e+01,2.239328e+01,2.250997e+01,2.248252e+01,2.239328e+01,2.231771e+01,2.244135e+01,2.242762e+01,2.241389e+01,2.249625e+01,2.233146e+01,2.246880e+01,2.237268e+01,2.235894e+01,2.238642e+01,2.245507e+01,2.239328e+01,2.239328e+01,2.238642e+01,2.241389e+01,2.236581e+01,2.235894e+01,2.242762e+01,2.242762e+01,2.242762e+01,2.235207e+01,2.232458e+01,2.233833e+01,2.250311e+01,2.226271e+01,2.235894e+01,2.240015e+01,2.236581e+01,2.217328e+01,2.224208e+01,2.250997e+01,2.253741e+01,2.253055e+01,2.248939e+01,2.268817e+01,2.248939e+01,2.250311e+01,2.264022e+01,2.262652e+01,2.244135e+01,2.284555e+01,2.315960e+01,2.255798e+01,2.230396e+01,2.226959e+01,2.228334e+01,2.227647e+01,2.227647e+01,2.235894e+01,2.239328e+01,2.228334e+01,2.234520e+01,2.227647e+01,2.227647e+01,2.223520e+01,2.215952e+01,2.217328e+01,2.213886e+01,2.209066e+01,2.228334e+01,2.208377e+01,2.224896e+01,2.212509e+01,2.213886e+01,2.215952e+01,2.218705e+01,2.209066e+01,2.214575e+01,2.218705e+01,2.213198e+01,2.216640e+01,2.214575e+01,2.222145e+01,2.214575e+01,2.222833e+01,2.221457e+01,2.209066e+01,2.216640e+01,2.226271e+01,2.222145e+01,2.217328e+01,2.209755e+01,2.220769e+01,2.227647e+01,2.220081e+01,2.215952e+01,2.211821e+01,2.216640e+01,2.211821e+01,2.212509e+01,2.211132e+01,2.204932e+01,2.211821e+01,2.219393e+01,2.211821e+01,2.213886e+01,2.211821e+01,2.214575e+01,2.209755e+01,2.218705e+01,2.226271e+01,2.219393e+01,2.216640e+01,2.219393e+01,2.213886e+01,2.226959e+01,2.219393e+01,2.212509e+01,2.213886e+01,2.228334e+01,2.214575e+01,2.215263e+01,2.217328e+01,2.215952e+01,2.224208e+01,2.210443e+01,2.220769e+01,2.212509e+01,2.211821e+01,2.224896e+01,2.226271e+01,2.213886e+01,2.208377e+01,2.207688e+01,2.206999e+01,2.217328e+01,2.215952e+01,2.233833e+01,2.230396e+01,2.220081e+01,2.222833e+01,2.222833e+01,2.219393e+01,2.213198e+01,2.212509e+01,2.213886e+01,2.213886e+01,2.216640e+01,2.215263e+01,2.215263e+01,2.225584e+01,2.224896e+01,2.224208e+01,2.221457e+01,2.224208e+01,2.201486e+01,2.189071e+01,2.182858e+01,2.196660e+01,2.194591e+01,2.195970e+01,2.199418e+01,2.191831e+01,2.209755e+01,2.209755e+01,2.209066e+01,2.211821e+01,2.215263e+01,2.206310e+01,2.207688e+01,2.211821e+01,2.220081e+01,2.220769e+01,2.213886e+01,2.213198e+01,2.220769e+01,2.224896e+01,2.204243e+01,2.222145e+01,2.222145e+01,2.213886e+01,2.213886e+01,2.225584e+01,2.226959e+01,2.225584e+01,2.220081e+01,2.220081e+01,2.215952e+01,2.204932e+01,2.210443e+01,2.205621e+01,2.209066e+01,2.204932e+01,2.198729e+01,2.202865e+01,2.189071e+01,2.202865e+01,2.195970e+01,2.196660e+01,2.201486e+01,2.195970e+01,2.206310e+01,2.185620e+01,2.197349e+01,2.186310e+01,2.204243e+01,2.198039e+01,2.203554e+01,2.197349e+01,2.205621e+01,2.190451e+01,2.193901e+01,2.206999e+01,2.200797e+01,2.194591e+01,2.211821e+01,2.202865e+01,2.203554e+01,2.212509e+01,2.211821e+01,2.209755e+01,2.206310e+01,2.210443e+01,2.200107e+01,2.209755e+01,2.198039e+01,2.206999e+01,2.197349e+01,2.214575e+01,2.204932e+01,2.213198e+01,2.210443e+01,2.221457e+01,2.204932e+01,2.211132e+01,2.212509e+01,2.212509e+01,2.214575e+01,2.195280e+01,2.217328e+01,2.204932e+01,2.211132e+01,2.215952e+01,2.213886e+01,2.224896e+01,2.215952e+01,2.215263e+01,2.206999e+01,2.214575e+01,2.213198e+01,2.213198e+01,2.209755e+01,2.215263e+01,2.204243e+01,2.213886e+01,2.204243e+01,2.206310e+01,2.197349e+01,2.202865e+01,2.202865e+01,2.202176e+01,2.201486e+01,2.200107e+01,2.200107e+01,2.193901e+01,2.188381e+01,2.200797e+01,2.188381e+01,2.199418e+01,2.199418e+01,2.206999e+01,2.187000e+01,2.187691e+01,2.195280e+01,2.195280e+01,2.191831e+01,2.195280e+01,2.198729e+01,2.196660e+01,2.198039e+01,2.200107e+01,2.204932e+01,2.194591e+01,2.191141e+01,2.191141e+01,2.192521e+01,2.196660e+01,2.188381e+01,2.177332e+01,2.177332e+01,2.183548e+01,2.184929e+01,2.181476e+01,2.179404e+01,2.182858e+01,2.181476e+01,2.173185e+01,2.174567e+01,2.181476e+01,2.174567e+01,2.178713e+01,2.173185e+01,2.175949e+01,2.175949e+01,2.172494e+01,2.173185e+01,2.171802e+01,2.166270e+01,2.170420e+01,2.173876e+01,2.172494e+01,2.183548e+01,2.172494e+01,2.177332e+01,2.181476e+01,2.175949e+01,2.166962e+01,2.173185e+01,2.177332e+01,2.173876e+01,2.182167e+01,2.174567e+01,2.175949e+01,2.182167e+01,2.173185e+01,2.176641e+01,2.176641e+01,2.174567e+01,2.178022e+01,2.175258e+01,2.180095e+01,2.171111e+01,2.161427e+01,2.179404e+01,2.184929e+01,2.174567e+01,2.184929e+01,2.185620e+01,2.188381e+01,2.195970e+01,2.182167e+01,2.178022e+01,2.182167e+01,2.193211e+01,2.189761e+01,2.186310e+01,2.188381e+01,2.191831e+01,2.187691e+01,2.188381e+01,2.184929e+01,2.188381e+01,2.186310e+01,2.188381e+01,2.194591e+01,2.182858e+01,2.185620e+01,2.186310e+01,2.185620e+01,2.182858e+01,2.188381e+01,2.193901e+01,2.187000e+01,2.193211e+01,2.189761e+01,2.186310e+01,2.191831e+01,2.191141e+01,2.190451e+01,2.190451e+01,2.189071e+01,2.206999e+01,2.196660e+01,2.187000e+01,2.196660e+01,2.200107e+01,2.200107e+01,2.202865e+01,2.210443e+01,2.201486e+01,2.216640e+01,2.211821e+01,2.229709e+01,2.213886e+01,2.199418e+01,2.215263e+01,2.218016e+01,2.224208e+01,2.219393e+01,2.213198e+01,2.215952e+01,2.213198e+01,2.212509e+01,2.209755e+01,2.225584e+01,2.239328e+01,2.231084e+01,2.218016e+01,2.235894e+01,2.232458e+01,2.231771e+01,2.235207e+01,2.233833e+01,2.231084e+01,2.256483e+01,2.239328e+01,2.234520e+01,2.237955e+01,2.233833e+01,2.250997e+01,2.244135e+01,2.242075e+01,2.240702e+01,2.231771e+01,2.237955e+01,2.238642e+01,2.245507e+01,2.243448e+01,2.246194e+01,2.229022e+01,2.231084e+01,2.220769e+01,2.229022e+01,2.242762e+01,2.233833e+01,2.227647e+01,2.230396e+01,2.237268e+01,2.234520e+01
2.245507e+01,2.248939e+01,2.257854e+01,2.259225e+01,2.255112e+01,2.256483e+01,2.257854e+01,2.266078e+01,2.266763e+01,2.266763e+01,2.252369e+01,2.264708e+01,2.270187e+01,2.275663e+01,2.261282e+01,2.265392e+01,2.272925e+01,2.261282e+01,2.267447e+01,2.272241e+01,2.270187e+01,2.269502e+01,2.271556e+01,2.251683e+01,2.269502e+01,2.275663e+01,2.275663e+01,2.266078e+01,2.272241e+01,2.273610e+01,2.270871e+01,2.268132e+01,2.261282e+01,2.268132e+01,2.272241e+01,2.275663e+01,2.276347e+01,2.275663e+01,2.262652e+01,2.270187e+01,2.274294e+01,2.271556e+01,2.279084e+01,2.277032e+01,2.270871e+01,2.266763e+01,2.263337e+01,2.261967e+01,2.270187e+01,2.262652e+01,2.270187e+01,2.266078e+01,2.268132e+01,2.270871e+01,2.272925e+01,2.274978e+01,2.265392e+01,2.269502e+01,2.258540e+01,2.257169e+01,2.257854e+01,2.260596e+01,2.259225e+01,2.257169e+01,2.256483e+01,2.245507e+01,2.259911e+01,2.252369e+01,2.252369e+01,2.251683e+01,2.253055e+01,2.270871e+01,2.246194e+01,2.244821e+01,2.244821e+01,2.277716e+01,2.281136e+01,2.280452e+01,2.290024e+01,2.315960e+01,2.309823e+01,2.317323e+01,2.324137e+01,2.310505e+01,2.328904e+01,2.335029e+01,2.339111e+01,2.344551e+01,2.352026e+01,2.364246e+01,2.359495e+01,2.368316e+01,2.366959e+01,2.357458e+01,2.345230e+01,2.346590e+01,2.348629e+01,2.349308e+01,2.345910e+01,2.339791e+01,2.343871e+01,2.330946e+01,2.345230e+01,2.347269e+01,2.339791e+01,2.359495e+01,2.360174e+01,2.328904e+01,2.354063e+01,2.344551e+01,2.341831e+01,2.352026e+01,2.352705e+01,2.353384e+01,2.369672e+01,2.372384e+01,2.368994e+01,2.373062e+01,2.375774e+01,2.380517e+01,2.380517e+01,2.379839e+01,2.383226e+01,2.378484e+01,2.386612e+01,2.385258e+01,2.384581e+01,2.389996e+01,2.396086e+01,2.373740e+01,2.381872e+01,2.388643e+01,2.376451e+01,2.381872e+01,2.373062e+01,2.381194e+01,2.383903e+01,2.376451e+01,2.369672e+01,2.358816e+01,2.358816e+01,2.356101e+01,2.354063e+01,2.351346e+01,2.346590e+01,2.346590e+01,2.336390e+01,2.344551e+01,2.334349e+01,2.331627e+01,2.332307e+01,2.334349e+01,2.334349e+01,2.331627e+01,2.332307e+01,2.337070e+01,2.335710e+01,2.332307e+01,2.333668e+01,2.332307e+01,2.340471e+01,2.332988e+01,2.335029e+01,2.330265e+01,2.337751e+01,2.339111e+01,2.337070e+01,2.332988e+01,2.337070e+01,2.336390e+01,2.323456e+01,2.337070e+01,2.334349e+01,2.332988e+01,2.332307e+01,2.332307e+01,2.352026e+01,2.335029e+01,2.324137e+01,2.349308e+01,2.330265e+01,2.339111e+01,2.327542e+01,2.326861e+01,2.324137e+01,2.317323e+01,2.313233e+01,2.300953e+01,2.284555e+01,2.290707e+01,2.250997e+01,2.238642e+01,2.221457e+01,2.240015e+01,2.246194e+01,2.237268e+01,2.239328e+01,2.240702e+01,2.246880e+01,2.241389e+01,2.240702e+01,2.246194e+01,2.237955e+01,2.246194e+01,2.243448e+01,2.238642e+01,2.230396e+01,2.248252e+01,2.235894e+01,2.254426e+01,2.237955e+01,2.243448e+01,2.242762e+01,2.234520e+01,2.240702e+01,2.250997e+01,2.246880e+01,2.253741e+01,2.246880e+01,2.247566e+01,2.243448e+01,2.243448e+01,2.240702e+01,2.247566e+01,2.239328e+01,2.241389e+01,2.246194e+01,2.238642e+01,2.237955e+01,2.243448e+01,2.242075e+01,2.235894e+01,2.236581e+01,2.244135e+01,2.240702e+01,2.241389e+01,2.240702e+01,2.243448e+01,2.237268e+01,2.251683e+01,2.239328e+01,2.233146e+01,2.222145e+01,2.234520e+01,2.233146e+01,2.229709e+01,2.234520e+01,2.237955e+01,2.235207e+01,2.218016e+01,2.242075e+01,2.239328e+01,2.229022e+01,2.231084e+01,2.231771e+01,2.233833e+01,2.235207e+01,2.237268e+01,2.237955e+01,2.225584e+01,2.230396e+01,2.231084e+01,2.244821e+01,2.225584e+01,2.229022e+01,2.229709e+01,2.244135e+01,2.229022e+01,2.220081e+01,2.224896e+01,2.250997e+01,2.226959e+01,2.229709e+01,2.224896e+01,2.229022e+01,2.222145e+01,2.222145e+01,2.217328e+01,2.215263e+01,2.214575e+01,2.227647e+01,2.224896e+01,2.227647e+01,2.222833e+01,2.209755e+01,2.211821e+01,2.220081e+01,2.216640e+01,2.214575e+01,2.220081e+01,2.213886e+01,2.213198e+01,2.215952e+01,2.214575e+01,2.215952e+01,2.223520e+01,2.209066e+01,2.218016e+01,2.225584e+01,2.226959e+01,2.218016e+01,2.219393e+01,2.226271e+01,2.218016e+01,2.222145e+01,2.218016e+01,2.223520e+01,2.229022e+01,2.211132e+01,2.224208e+01,2.211132e+01,2.211132e+01,2.209755e+01,2.211132e+01,2.211132e+01,2.224208e+01,2.233146e+01,2.224896e+01,2.212509e+01,2.225584e+01,2.217328e+01,2.219393e+01,2.218705e+01,2.229022e+01,2.215952e+01,2.219393e+01,2.220769e+01,2.221457e+01,2.224896e+01,2.216640e+01,2.217328e+01,2.218016e+01,2.218016e+01,2.219393e+01,2.215952e+01,2.228334e+01,2.215952e+01,2.216640e+01,2.218016e+01,2.222145e+01,2.220769e+01,2.225584e+01,2.206999e+01,2.222145e+01,2.211821e+01,2.229022e+01,2.214575e+01,2.213198e+01,2.225584e+01,2.226959e+01,2.218016e+01,2.215952e+01,2.225584e+01,2.215952e+01,2.214575e+01,2.218705e+01,2.229022e+01,2.221457e+01,2.210443e+01,2.213886e+01,2.211821e+01,2.221457e+01,2.218705e+01,2.222833e+01,2.230396e+01,2.221457e+01,2.198729e+01,2.195280e+01,2.186310e+01,2.189761e+01,2.184929e+01,2.205621e+01,2.204932e+01,2.200107e+01,2.193901e+01,2.208377e+01,2.208377e+01,2.206310e+01,2.212509e+01,2.209066e+01,2.228334e+01,2.209755e+01,2.213886e+01,2.223520e+01,2.218016e+01,2.220081e+01,2.228334e+01,2.226959e+01,2.224208e+01,2.220081e+01,2.220081e+01,2.218705e+01,2.223520e+01,2.225584e+01,2.222833e+01,2.222833e+01,2.220769e+01,2.218016e+01,2.220081e+01,2.218016e+01,2.214575e+01,2.211821e+01,2.212509e+01,2.203554e+01,2.197349e+01,2.205621e+01,2.199418e+01,2.204243e+01,2.192521e+01,2.199418e+01,2.201486e+01,2.208377e+01,2.201486e+01,2.200107e+01,2.195970e+01,2.197349e+01,2.206310e+01,2.203554e+01,2.198039e+01,2.198039e+01,2.206310e+01,2.205621e+01,2.208377e+01,2.208377e+01,2.195280e+01,2.199418e+01,2.203554e+01,2.201486e+01,2.206310e+01,2.204932e+01,2.213886e+01,2.211132e+01,2.212509e+01,2.203554e+01,2.218016e+01,2.211132e+01,2.206310e+01,2.214575e+01,2.210443e+01,2.215263e+01,2.211821e+01,2.214575e+01,2.209755e+01,2.217328e+01,2.209755e+01,2.216640e+01,2.213886e+01,2.212509e+01,2.215952e+01,2.216640e+01,2.216640e+01,2.222145e+01,2.211821e+01,2.215263e+01,2.213886e+01,2.211821e+01,2.220769e+01,2.212509e+01,2.210443e+01,2.212509e+01,2.212509e+01,2.211132e+01,2.211132e+01,2.213198e+01,2.214575e+01,2.220081e+01,2.211132e+01,2.209755e+01,2.211132e+01,2.217328e+01,2.204932e+01,2.208377e+01,2.198039e+01,2.199418e+01,2.198729e+01,2.197349e+01,2.198729e+01,2.200107e+01,2.202865e+01,2.204243e+01,2.207688e+01,2.194591e+01,2.203554e+01,2.189071e+01,2.184239e+01,2.195280e+01,2.198039e+01,2.195280e+01,2.208377e+01,2.197349e+01,2.197349e+01,2.200797e+01,2.186310e+01,2.195970e+01,2.189071e+01,2.197349e+01,2.196660e+01,2.191831e+01,2.189761e+01,2.171111e+01,2.187000e+01,2.184929e+01,2.186310e+01,2.171802e+01,2.183548e+01,2.184239e+01,2.175949e+01,2.175949e+01,2.175258e+01,2.180095e+01,2.180095e+01,2.175949e+01,2.167654e+01,2.175949e+01,2.171111e+01,2.172494e+01,2.166270e+01,2.177332e+01,2.172494e+01,2.170420e+01,2.182858e+01,2.178713e+01,2.174567e+01,2.171802e+01,2.171111e+01,2.170420e+01,2.178022e+01,2.170420e+01,2.178713e+01,2.174567e+01,2.176641e+01,2.170420e+01,2.173876e+01,2.171802e+01,2.171802e+01,2.173185e+01,2.171802e+01,2.179404e+01,2.178022e+01,2.178713e+01,2.176641e+01,2.179404e+01,2.174567e+01,2.189071e+01,2.182858e+01,2.178713e+01,2.173876e+01,2.173876e+01,2.184929e+01,2.185620e+01,2.181476e+01,2.183548e+01,2.176641e+01,2.183548e+01,2.189761e+01,2.183548e+01,2.180786e+01,2.184929e+01,2.198039e+01,2.183548e+01,2.183548e+01,2.179404e+01,2.185620e+01,2.206310e+01,2.190451e+01,2.187000e+01,2.187691e+01,2.185620e+01,2.201486e+01,2.191141e+01,2.189071e+01,2.195280e+01,2.193211e+01,2.187000e+01,2.187691e+01,2.190451e+01,2.191141e+01,2.191141e+01,2.189071e+01,2.191141e+01,2.189761e+01,2.188381e+01,2.197349e+01,2.189071e+01,2.183548e+01,2.182858e+01,2.198039e+01,2.211132e+01,2.198729e+01,2.214575e+01,2.211821e+01,2.201486e+01,2.222145e+01,2.202865e+01,2.211132e+01,2.229709e+01,2.213198e+01,2.216640e+01,2.218016e+01,2.218016e+01,2.220081e+01,2.211132e+01,2.212509e+01,2.230396e+01,2.213886e+01,2.224896e+01,2.229709e+01,2.234520e+01,2.232458e+01,2.229022e+01,2.233833e+01,2.233833e+01,2.222145e+01,2.235894e+01,2.240015e+01,2.231084e+01,2.247566e+01,2.233833e+01,2.249625e+01,2.237955e+01,2.229022e+01,2.243448e+01,2.235894e+01,2.236581e+01,2.236581e+01,2.242762e+01,2.240015e+01,2.245507e+01,2.246880e+01,2.243448e+01,2.237955e+01,2.244821e+01,2.227647e+01,2.225584e+01,2.242075e+01,2.220081e+01,2.235894e+01,2.233833e+01,2.235894e+01,2.235894e+01
2.248939e+01,2.248939e+01,2.252369e+01,2.257854e+01,2.254426e+01,2.266763e+01,2.258540e+01,2.266078e+01,2.264022e+01,2.266078e+01,2.265392e+01,2.257169e+01,2.270187e+01,2.272925e+01,2.267447e+01,2.264022e+01,2.264708e+01,2.270187e+01,2.266763e+01,2.268132e+01,2.270871e+01,2.268132e+01,2.270187e+01,2.272241e+01,2.277716e+01,2.263337e+01,2.280452e+01,2.276347e+01,2.276347e+01,2.272241e+01,2.274294e+01,2.259225e+01,2.264708e+01,2.269502e+01,2.272925e+01,2.271556e+01,2.267447e+01,2.269502e+01,2.272925e+01,2.269502e+01,2.272241e+01,2.268817e+01,2.271556e+01,2.273610e+01,2.266078e+01,2.264022e+01,2.275663e+01,2.272925e+01,2.269502e+01,2.264022e+01,2.266078e+01,2.269502e+01,2.257854e+01,2.261282e+01,2.263337e+01,2.270871e+01,2.258540e+01,2.256483e+01,2.257854e+01,2.254426e+01,2.257854e+01,2.235207e+01,2.250311e+01,2.249625e+01,2.255112e+01,2.254426e+01,2.253741e+01,2.251683e+01,2.253055e+01,2.257854e+01,2.290024e+01,2.268132e+01,2.248252e+01,2.246194e+01,2.255798e+01,2.272925e+01,2.270871e+01,2.283872e+01,2.291391e+01,2.306412e+01,2.309823e+01,2.312551e+01,2.305730e+01,2.322775e+01,2.324137e+01,2.335029e+01,2.340471e+01,2.344551e+01,2.362889e+01,2.343191e+01,2.355421e+01,2.356779e+01,2.345230e+01,2.364246e+01,2.347949e+01,2.348629e+01,2.349308e+01,2.348629e+01,2.348629e+01,2.348629e+01,2.349308e+01,2.354742e+01,2.341831e+01,2.343191e+01,2.349308e+01,2.349988e+01,2.354063e+01,2.354742e+01,2.347949e+01,2.339111e+01,2.339791e+01,2.352705e+01,2.360174e+01,2.369672e+01,2.364246e+01,2.371028e+01,2.369672e+01,2.368316e+01,2.372384e+01,2.366959e+01,2.371028e+01,2.379839e+01,2.389996e+01,2.384581e+01,2.389320e+01,2.386612e+01,2.391350e+01,2.384581e+01,2.384581e+01,2.381872e+01,2.383226e+01,2.383226e+01,2.375774e+01,2.379839e+01,2.376451e+01,2.368994e+01,2.381194e+01,2.373062e+01,2.379839e+01,2.370350e+01,2.356779e+01,2.345910e+01,2.353384e+01,2.350667e+01,2.352026e+01,2.337070e+01,2.341151e+01,2.344551e+01,2.350667e+01,2.335710e+01,2.333668e+01,2.333668e+01,2.321412e+01,2.334349e+01,2.332988e+01,2.331627e+01,2.332988e+01,2.327542e+01,2.330265e+01,2.341831e+01,2.330946e+01,2.336390e+01,2.324137e+01,2.339111e+01,2.333668e+01,2.337070e+01,2.341151e+01,2.318686e+01,2.335029e+01,2.328904e+01,2.332988e+01,2.330946e+01,2.331627e+01,2.329585e+01,2.332988e+01,2.334349e+01,2.332988e+01,2.337751e+01,2.328904e+01,2.344551e+01,2.340471e+01,2.332988e+01,2.334349e+01,2.317323e+01,2.313915e+01,2.315960e+01,2.290707e+01,2.282504e+01,2.273610e+01,2.283188e+01,2.229709e+01,2.221457e+01,2.242075e+01,2.226959e+01,2.244135e+01,2.250311e+01,2.239328e+01,2.246194e+01,2.240702e+01,2.244135e+01,2.244135e+01,2.243448e+01,2.246194e+01,2.246880e+01,2.248939e+01,2.242762e+01,2.246194e+01,2.236581e+01,2.248252e+01,2.247566e+01,2.242075e+01,2.248252e+01,2.238642e+01,2.246880e+01,2.240015e+01,2.250311e+01,2.247566e+01,2.250997e+01,2.244821e+01,2.244135e+01,2.242762e+01,2.239328e+01,2.242075e+01,2.246194e+01,2.241389e+01,2.247566e+01,2.244135e+01,2.241389e+01,2.240702e+01,2.244821e+01,2.241389e+01,2.237955e+01,2.239328e+01,2.240702e+01,2.239328e+01,2.216640e+01,2.244135e+01,2.243448e+01,2.244135e+01,2.233833e+01,2.232458e+01,2.238642e+01,2.235894e+01,2.226271e+01,2.235207e+01,2.236581e+01,2.235207e+01,2.232458e+01,2.235207e+01,2.228334e+01,2.236581e+01,2.246880e+01,2.222833e+01,2.238642e+01,2.230396e+01,2.235894e+01,2.233146e+01,2.227647e+01,2.237955e+01,2.229022e+01,2.225584e+01,2.226959e+01,2.250311e+01,2.238642e+01,2.237955e+01,2.228334e+01,2.235207e+01,2.227647e+01,2.217328e+01,2.214575e+01,2.220769e+01,2.229022e+01,2.222145e+01,2.225584e+01,2.233833e+01,2.219393e+01,2.224896e+01,2.221457e+01,2.235894e+01,2.214575e+01,2.223520e+01,2.226959e+01,2.228334e+01,2.216640e+01,2.211132e+01,2.216640e+01,2.215952e+01,2.226271e+01,2.215952e+01,2.214575e+01,2.209755e+01,2.224896e+01,2.215952e+01,2.213886e+01,2.228334e+01,2.218016e+01,2.229022e+01,2.222145e+01,2.207688e+01,2.209755e+01,2.223520e+01,2.215263e+01,2.212509e+01,2.224208e+01,2.227647e+01,2.237268e+01,2.226959e+01,2.231084e+01,2.217328e+01,2.218705e+01,2.227647e+01,2.216640e+01,2.209066e+01,2.225584e+01,2.218016e+01,2.222833e+01,2.216640e+01,2.222145e+01,2.218016e+01,2.223520e+01,2.226271e+01,2.232458e+01,2.218016e+01,2.214575e+01,2.212509e+01,2.231084e+01,2.215952e+01,2.215952e+01,2.216640e+01,2.229709e+01,2.218705e+01,2.219393e+01,2.222833e+01,2.222145e+01,2.217328e+01,2.217328e+01,2.226271e+01,2.221457e+01,2.214575e+01,2.223520e+01,2.225584e+01,2.222833e+01,2.218016e+01,2.226271e+01,2.213198e+01,2.224208e+01,2.224896e+01,2.219393e+01,2.222145e+01,2.216640e+01,2.216640e+01,2.220769e+01,2.221457e+01,2.215952e+01,2.214575e+01,2.215263e+01,2.217328e+01,2.223520e+01,2.211821e+01,2.228334e+01,2.213886e+01,2.229022e+01,2.231084e+01,2.229022e+01,2.212509e+01,2.218705e+01,2.197349e+01,2.184929e+01,2.195970e+01,2.189071e+01,2.209755e+01,2.198039e+01,2.201486e+01,2.200107e+01,2.194591e+01,2.209755e+01,2.215263e+01,2.207688e+01,2.209066e+01,2.216640e+01,2.224896e+01,2.217328e+01,2.221457e+01,2.225584e+01,2.216640e+01,2.221457e+01,2.224896e+01,2.226959e+01,2.219393e+01,2.222833e+01,2.221457e+01,2.215952e+01,2.218705e+01,2.211132e+01,2.227647e+01,2.225584e+01,2.217328e+01,2.220769e+01,2.228334e+01,2.215952e+01,2.210443e+01,2.207688e+01,2.200797e+01,2.211132e+01,2.198729e+01,2.205621e+01,2.206310e+01,2.199418e+01,2.196660e+01,2.195280e+01,2.199418e+01,2.200797e+01,2.205621e+01,2.205621e+01,2.195280e+01,2.206999e+01,2.206999e+01,2.203554e+01,2.204243e+01,2.200797e+01,2.198039e+01,2.209066e+01,2.211132e+01,2.210443e+01,2.197349e+01,2.210443e+01,2.211132e+01,2.210443e+01,2.209755e+01,2.220081e+01,2.212509e+01,2.204932e+01,2.206999e+01,2.200797e+01,2.208377e+01,2.211132e+01,2.206310e+01,2.211132e+01,2.210443e+01,2.216640e+01,2.213886e+01,2.224208e+01,2.214575e+01,2.207688e+01,2.206310e+01,2.219393e+01,2.209755e+01,2.214575e+01,2.218016e+01,2.215263e+01,2.219393e+01,2.218016e+01,2.215952e+01,2.215263e+01,2.211132e+01,2.213886e+01,2.213886e+01,2.220769e+01,2.212509e+01,2.211132e+01,2.204243e+01,2.212509e+01,2.210443e+01,2.218016e+01,2.213886e+01,2.218705e+01,2.209066e+01,2.209755e+01,2.204932e+01,2.207688e+01,2.203554e+01,2.212509e+01,2.214575e+01,2.203554e+01,2.204243e+01,2.190451e+01,2.196660e+01,2.198729e+01,2.195280e+01,2.206310e+01,2.204243e+01,2.206999e+01,2.208377e+01,2.189071e+01,2.190451e+01,2.195970e+01,2.184929e+01,2.199418e+01,2.195970e+01,2.191831e+01,2.195970e+01,2.201486e+01,2.198039e+01,2.200107e+01,2.199418e+01,2.187000e+01,2.188381e+01,2.193211e+01,2.175258e+01,2.175258e+01,2.188381e+01,2.186310e+01,2.181476e+01,2.188381e+01,2.181476e+01,2.179404e+01,2.189761e+01,2.175258e+01,2.177332e+01,2.173185e+01,2.180095e+01,2.171802e+01,2.178022e+01,2.178022e+01,2.169037e+01,2.170420e+01,2.169728e+01,2.170420e+01,2.170420e+01,2.171802e+01,2.171111e+01,2.157274e+01,2.166270e+01,2.166962e+01,2.175949e+01,2.169037e+01,2.156582e+01,2.169728e+01,2.177332e+01,2.170420e+01,2.171111e+01,2.168345e+01,2.171802e+01,2.166962e+01,2.188381e+01,2.171802e+01,2.168345e+01,2.173185e+01,2.162119e+01,2.178713e+01,2.176641e+01,2.165579e+01,2.170420e+01,2.160735e+01,2.172494e+01,2.173876e+01,2.172494e+01,2.185620e+01,2.183548e+01,2.182167e+01,2.180095e+01,2.175258e+01,2.171802e+01,2.189761e+01,2.172494e+01,2.184239e+01,2.182858e+01,2.182858e+01,2.184929e+01,2.177332e+01,2.175258e+01,2.184929e+01,2.170420e+01,2.183548e+01,2.189071e+01,2.186310e+01,2.192521e+01,2.188381e+01,2.190451e+01,2.195970e+01,2.188381e+01,2.189761e+01,2.187691e+01,2.182858e+01,2.198729e+01,2.187691e+01,2.193901e+01,2.191141e+01,2.184929e+01,2.187691e+01,2.187691e+01,2.189761e+01,2.189761e+01,2.195280e+01,2.199418e+01,2.189071e+01,2.182858e+01,2.195280e+01,2.199418e+01,2.207688e+01,2.215263e+01,2.215263e+01,2.216640e+01,2.210443e+01,2.211821e+01,2.222833e+01,2.218016e+01,2.219393e+01,2.217328e+01,2.218705e+01,2.213886e+01,2.216640e+01,2.214575e+01,2.213886e+01,2.216640e+01,2.231084e+01,2.239328e+01,2.235207e+01,2.235207e+01,2.226959e+01,2.237955e+01,2.227647e+01,2.228334e+01,2.231771e+01,2.226959e+01,2.235207e+01,2.237955e+01,2.252369e+01,2.234520e+01,2.246194e+01,2.244135e+01,2.234520e+01,2.240702e+01,2.236581e+01,2.242075e+01,2.232458e+01,2.237268e+01,2.240015e+01,2.244135e+01,2.231771e+01,2.247566e+01,2.240015e+01,2.244135e+01,2.236581e+01,2.216640e+01,2.244135e+01,2.223520e+01,2.224208e+01,2.235207e+01,2.233833e+01
2.248939e+01,2.249625e+01,2.252369e+01,2.253741e+01,2.261967e+01,2.258540e+01,2.264708e+01,2.268132e+01,2.268132e+01,2.264708e+01,2.260596e+01,2.257169e+01,2.264708e+01,2.275663e+01,2.282504e+01,2.269502e+01,2.258540e+01,2.270871e+01,2.268132e+01,2.268817e+01,2.270871e+01,2.267447e+01,2.275663e+01,2.272925e+01,2.266078e+01,2.276347e+01,2.267447e+01,2.266763e+01,2.271556e+01,2.269502e+01,2.269502e+01,2.273610e+01,2.264022e+01,2.272925e+01,2.268132e+01,2.274294e+01,2.271556e+01,2.281820e+01,2.270871e+01,2.269502e+01,2.270871e+01,2.270187e+01,2.269502e+01,2.268132e+01,2.274294e+01,2.266763e+01,2.270871e+01,2.261282e+01,2.273610e+01,2.271556e+01,2.259225e+01,2.261282e+01,2.263337e+01,2.266763e+01,2.265392e+01,2.255112e+01,2.253055e+01,2.277716e+01,2.263337e+01,2.261282e+01,2.261282e+01,2.258540e+01,2.260596e+01,2.255112e+01,2.257169e+01,2.259911e+01,2.256483e+01,2.253055e+01,2.265392e+01,2.274978e+01,2.309823e+01,2.340471e+01,2.270187e+01,2.248939e+01,2.266763e+01,2.266078e+01,2.287974e+01,2.296856e+01,2.291391e+01,2.294123e+01,2.303000e+01,2.322093e+01,2.320049e+01,2.319368e+01,2.337751e+01,2.336390e+01,2.334349e+01,2.341831e+01,2.349988e+01,2.356101e+01,2.349308e+01,2.354063e+01,2.357458e+01,2.345230e+01,2.341831e+01,2.352705e+01,2.351346e+01,2.345910e+01,2.347269e+01,2.343191e+01,2.349988e+01,2.343191e+01,2.342511e+01,2.333668e+01,2.360174e+01,2.364924e+01,2.364246e+01,2.344551e+01,2.340471e+01,2.348629e+01,2.341831e+01,2.348629e+01,2.354742e+01,2.350667e+01,2.356779e+01,2.364924e+01,2.369672e+01,2.366281e+01,2.367638e+01,2.379839e+01,2.379162e+01,2.374418e+01,2.377807e+01,2.392027e+01,2.384581e+01,2.383903e+01,2.383226e+01,2.384581e+01,2.381872e+01,2.379162e+01,2.387289e+01,2.379839e+01,2.374418e+01,2.376451e+01,2.383226e+01,2.374418e+01,2.381872e+01,2.373062e+01,2.380517e+01,2.366281e+01,2.354063e+01,2.365602e+01,2.335029e+01,2.346590e+01,2.349308e+01,2.335029e+01,2.342511e+01,2.332988e+01,2.332988e+01,2.330946e+01,2.328223e+01,2.330946e+01,2.335029e+01,2.318686e+01,2.336390e+01,2.328904e+01,2.312551e+01,2.332307e+01,2.332307e+01,2.325499e+01,2.326180e+01,2.325499e+01,2.335029e+01,2.335710e+01,2.314597e+01,2.331627e+01,2.318686e+01,2.324137e+01,2.324137e+01,2.332988e+01,2.329585e+01,2.322093e+01,2.322775e+01,2.335029e+01,2.332988e+01,2.321412e+01,2.318686e+01,2.332988e+01,2.335029e+01,2.328904e+01,2.339111e+01,2.323456e+01,2.324818e+01,2.315278e+01,2.303683e+01,2.298221e+01,2.284555e+01,2.281136e+01,2.287290e+01,2.280452e+01,2.250997e+01,2.224896e+01,2.237955e+01,2.241389e+01,2.244821e+01,2.240015e+01,2.231771e+01,2.240702e+01,2.222145e+01,2.245507e+01,2.244821e+01,2.246194e+01,2.237268e+01,2.244821e+01,2.248252e+01,2.248252e+01,2.246880e+01,2.233146e+01,2.251683e+01,2.246880e+01,2.248939e+01,2.250997e+01,2.242075e+01,2.246880e+01,2.256483e+01,2.240702e+01,2.255798e+01,2.257854e+01,2.246880e+01,2.253055e+01,2.240702e+01,2.248939e+01,2.250997e+01,2.244821e+01,2.246194e+01,2.251683e+01,2.239328e+01,2.250311e+01,2.237955e+01,2.248252e+01,2.245507e+01,2.246194e+01,2.245507e+01,2.242762e+01,2.240015e+01,2.241389e+01,2.244135e+01,2.238642e+01,2.227647e+01,2.240702e+01,2.222145e+01,2.233833e+01,2.237955e+01,2.234520e+01,2.235894e+01,2.231771e+01,2.236581e+01,2.242762e+01,2.233833e+01,2.222833e+01,2.240015e+01,2.234520e+01,2.239328e+01,2.236581e+01,2.229709e+01,2.231084e+01,2.228334e+01,2.228334e+01,2.233833e+01,2.232458e+01,2.226271e+01,2.220769e+01,2.235894e+01,2.228334e+01,2.226959e+01,2.233146e+01,2.230396e+01,2.217328e+01,2.229709e+01,2.223520e+01,2.224896e+01,2.233146e+01,2.218705e+01,2.222145e+01,2.213886e+01,2.233146e+01,2.235894e+01,2.222145e+01,2.224896e+01,2.219393e+01,2.215263e+01,2.224896e+01,2.231084e+01,2.220769e+01,2.224208e+01,2.214575e+01,2.213198e+01,2.226959e+01,2.218016e+01,2.222145e+01,2.217328e+01,2.214575e+01,2.213198e+01,2.221457e+01,2.216640e+01,2.222145e+01,2.227647e+01,2.231771e+01,2.219393e+01,2.210443e+01,2.222145e+01,2.226271e+01,2.222145e+01,2.228334e+01,2.219393e+01,2.224896e+01,2.220769e+01,2.222833e+01,2.215952e+01,2.226959e+01,2.223520e+01,2.222145e+01,2.219393e+01,2.224208e+01,2.230396e+01,2.230396e+01,2.214575e+01,2.218016e+01,2.229022e+01,2.216640e+01,2.225584e+01,2.229022e+01,2.192521e+01,2.213198e+01,2.215952e+01,2.222833e+01,2.215952e+01,2.215952e+01,2.226959e+01,2.229709e+01,2.218705e+01,2.221457e+01,2.220769e+01,2.222145e+01,2.218705e+01,2.215952e+01,2.215263e+01,2.226959e+01,2.217328e+01,2.218705e+01,2.226271e+01,2.223520e+01,2.221457e+01,2.227647e+01,2.225584e+01,2.213886e+01,2.211821e+01,2.216640e+01,2.225584e+01,2.212509e+01,2.208377e+01,2.214575e+01,2.232458e+01,2.229022e+01,2.211132e+01,2.215263e+01,2.214575e+01,2.215952e+01,2.225584e+01,2.225584e+01,2.221457e+01,2.221457e+01,2.231084e+01,2.213886e+01,2.219393e+01,2.191141e+01,2.188381e+01,2.195970e+01,2.191831e+01,2.195970e+01,2.203554e+01,2.204932e+01,2.202865e+01,2.205621e+01,2.195970e+01,2.204932e+01,2.209066e+01,2.204932e+01,2.217328e+01,2.217328e+01,2.215952e+01,2.214575e+01,2.225584e+01,2.224208e+01,2.213198e+01,2.222145e+01,2.228334e+01,2.218705e+01,2.206999e+01,2.225584e+01,2.221457e+01,2.224208e+01,2.229022e+01,2.225584e+01,2.226959e+01,2.215263e+01,2.224896e+01,2.220081e+01,2.214575e+01,2.214575e+01,2.215952e+01,2.214575e+01,2.218705e+01,2.207688e+01,2.208377e+01,2.196660e+01,2.206310e+01,2.202865e+01,2.200107e+01,2.203554e+01,2.209755e+01,2.202865e+01,2.202176e+01,2.195970e+01,2.204243e+01,2.212509e+01,2.201486e+01,2.195970e+01,2.211132e+01,2.207688e+01,2.202865e+01,2.208377e+01,2.207688e+01,2.218016e+01,2.213886e+01,2.213886e+01,2.204243e+01,2.213198e+01,2.214575e+01,2.206999e+01,2.214575e+01,2.213886e+01,2.212509e+01,2.214575e+01,2.216640e+01,2.209755e+01,2.220081e+01,2.217328e+01,2.214575e+01,2.215263e+01,2.213198e+01,2.213886e+01,2.219393e+01,2.233146e+01,2.215952e+01,2.206999e+01,2.228334e+01,2.209066e+01,2.218016e+01,2.220769e+01,2.218705e+01,2.218705e+01,2.215263e+01,2.213886e+01,2.223520e+01,2.224208e+01,2.223520e+01,2.209755e+01,2.211821e+01,2.219393e+01,2.209066e+01,2.211821e+01,2.206310e+01,2.215263e+01,2.215263e+01,2.206999e+01,2.206999e+01,2.207688e+01,2.206999e+01,2.207688e+01,2.213886e+01,2.209066e+01,2.212509e+01,2.198039e+01,2.206999e+01,2.196660e+01,2.202865e+01,2.200107e+01,2.202865e+01,2.213886e+01,2.200107e+01,2.209066e+01,2.200107e+01,2.213198e+01,2.193901e+01,2.201486e+01,2.189071e+01,2.191831e+01,2.189761e+01,2.201486e+01,2.204932e+01,2.200107e+01,2.199418e+01,2.200107e+01,2.198039e+01,2.197349e+01,2.193211e+01,2.192521e+01,2.190451e+01,2.204932e+01,2.186310e+01,2.187000e+01,2.184239e+01,2.184239e+01,2.166962e+01,2.180786e+01,2.174567e+01,2.169728e+01,2.174567e+01,2.178022e+01,2.180786e+01,2.174567e+01,2.174567e+01,2.173876e+01,2.167654e+01,2.173185e+01,2.166962e+01,2.164195e+01,2.180095e+01,2.179404e+01,2.176641e+01,2.173185e+01,2.170420e+01,2.169037e+01,2.170420e+01,2.166270e+01,2.174567e+01,2.173876e+01,2.168345e+01,2.171111e+01,2.167654e+01,2.170420e+01,2.166962e+01,2.168345e+01,2.162119e+01,2.170420e+01,2.184929e+01,2.169728e+01,2.175258e+01,2.166962e+01,2.162811e+01,2.171111e+01,2.173876e+01,2.169037e+01,2.184929e+01,2.173185e+01,2.163503e+01,2.178713e+01,2.177332e+01,2.175949e+01,2.181476e+01,2.173876e+01,2.176641e+01,2.187691e+01,2.184239e+01,2.171802e+01,2.184239e+01,2.185620e+01,2.185620e+01,2.177332e+01,2.182858e+01,2.192521e+01,2.185620e+01,2.205621e+01,2.184929e+01,2.184239e+01,2.184929e+01,2.187000e+01,2.195280e+01,2.184239e+01,2.189071e+01,2.193901e+01,2.185620e+01,2.197349e+01,2.189071e+01,2.185620e+01,2.189761e+01,2.188381e+01,2.183548e+01,2.187691e+01,2.185620e+01,2.187000e+01,2.187691e+01,2.198729e+01,2.191141e+01,2.189761e+01,2.198039e+01,2.194591e+01,2.182858e+01,2.213886e+01,2.202176e+01,2.211821e+01,2.202176e+01,2.222145e+01,2.208377e+01,2.211132e+01,2.211132e+01,2.226271e+01,2.224896e+01,2.223520e+01,2.223520e+01,2.226271e+01,2.230396e+01,2.229022e+01,2.221457e+01,2.250997e+01,2.230396e+01,2.230396e+01,2.237268e+01,2.236581e+01,2.237268e+01,2.226959e+01,2.235894e+01,2.229709e+01,2.232458e+01,2.237268e+01,2.237268e+01,2.251683e+01,2.249625e+01,2.246194e+01,2.242762e+01,2.251683e+01,2.238642e+01,2.238642e+01,2.240702e+01,2.246194e+01,2.239328e+01,2.231771e+01,2.229709e+01,2.244135e+01,2.227647e+01,2.227647e+01,2.227647e+01,2.229709e+01,2.243448e+01,2.229022e+01,2.226959e+01,2.229022e+01,2.226959e+01,2.235894e+01
2.248939e+01,2.258540e+01,2.259911e+01,2.261282e+01,2.269502e+01,2.259911e+01,2.263337e+01,2.266078e+01,2.264708e+01,2.265392e+01,2.264708e+01,2.266078e+01,2.267447e+01,2.270187e+01,2.270871e+01,2.270187e+01,2.267447e+01,2.270187e+01,2.250997e+01,2.272241e+01,2.274978e+01,2.274294e+01,2.267447e+01,2.268817e+01,2.272241e+01,2.267447e+01,2.274294e+01,2.265392e+01,2.274978e+01,2.274978e+01,2.274294e+01,2.269502e+01,2.264022e+01,2.274978e+01,2.265392e+01,2.274294e+01,2.269502e+01,2.266763e+01,2.267447e+01,2.265392e+01,2.270871e+01,2.269502e+01,2.270871e+01,2.269502e+01,2.270871e+01,2.274294e+01,2.262652e+01,2.258540e+01,2.268817e+01,2.275663e+01,2.272925e+01,2.266078e+01,2.269502e+01,2.262652e+01,2.275663e+01,2.255112e+01,2.266078e+01,2.257169e+01,2.259911e+01,2.268132e+01,2.259225e+01,2.258540e+01,2.260596e+01,2.253055e+01,2.268817e+01,2.251683e+01,2.260596e+01,2.261282e+01,2.274978e+01,2.279084e+01,2.300270e+01,2.370350e+01,2.285923e+01,2.245507e+01,2.266078e+01,2.280452e+01,2.274294e+01,2.284555e+01,2.292074e+01,2.300270e+01,2.307777e+01,2.318005e+01,2.322775e+01,2.318686e+01,2.332307e+01,2.327542e+01,2.332988e+01,2.340471e+01,2.348629e+01,2.353384e+01,2.347269e+01,2.347949e+01,2.366281e+01,2.353384e+01,2.339791e+01,2.338431e+01,2.355421e+01,2.351346e+01,2.335710e+01,2.344551e+01,2.343191e+01,2.350667e+01,2.346590e+01,2.347269e+01,2.360853e+01,2.356779e+01,2.359495e+01,2.370350e+01,2.358138e+01,2.341151e+01,2.343191e+01,2.343871e+01,2.351346e+01,2.358138e+01,2.354742e+01,2.356779e+01,2.373062e+01,2.377807e+01,2.368316e+01,2.373062e+01,2.368316e+01,2.376451e+01,2.372384e+01,2.378484e+01,2.389320e+01,2.379839e+01,2.381872e+01,2.381194e+01,2.375096e+01,2.381194e+01,2.377807e+01,2.383226e+01,2.371028e+01,2.370350e+01,2.377129e+01,2.376451e+01,2.371028e+01,2.377129e+01,2.366959e+01,2.369672e+01,2.365602e+01,2.369672e+01,2.363567e+01,2.348629e+01,2.339111e+01,2.337751e+01,2.339791e+01,2.332307e+01,2.333668e+01,2.330946e+01,2.322775e+01,2.335029e+01,2.334349e+01,2.326180e+01,2.329585e+01,2.331627e+01,2.328904e+01,2.320731e+01,2.330265e+01,2.330946e+01,2.328904e+01,2.315960e+01,2.328904e+01,2.338431e+01,2.322093e+01,2.326180e+01,2.326861e+01,2.328223e+01,2.329585e+01,2.330265e+01,2.334349e+01,2.313915e+01,2.318686e+01,2.326180e+01,2.326180e+01,2.322775e+01,2.320049e+01,2.332307e+01,2.330265e+01,2.328223e+01,2.324137e+01,2.330265e+01,2.327542e+01,2.314597e+01,2.318686e+01,2.305730e+01,2.307777e+01,2.290024e+01,2.286607e+01,2.264708e+01,2.233146e+01,2.227647e+01,2.242762e+01,2.237955e+01,2.240015e+01,2.242762e+01,2.240015e+01,2.244135e+01,2.245507e+01,2.244821e+01,2.241389e+01,2.250311e+01,2.239328e+01,2.236581e+01,2.237955e+01,2.248939e+01,2.246194e+01,2.231771e+01,2.246194e+01,2.253055e+01,2.236581e+01,2.251683e+01,2.241389e+01,2.243448e+01,2.244135e+01,2.252369e+01,2.249625e+01,2.238642e+01,2.254426e+01,2.249625e+01,2.252369e+01,2.242762e+01,2.240702e+01,2.243448e+01,2.248252e+01,2.246194e+01,2.250311e+01,2.239328e+01,2.244135e+01,2.250311e+01,2.242075e+01,2.244135e+01,2.240015e+01,2.237955e+01,2.240702e+01,2.244821e+01,2.248252e+01,2.240015e+01,2.235207e+01,2.237955e+01,2.222145e+01,2.253741e+01,2.230396e+01,2.244135e+01,2.242075e+01,2.234520e+01,2.231084e+01,2.243448e+01,2.244135e+01,2.246194e+01,2.242762e+01,2.240015e+01,2.242762e+01,2.234520e+01,2.235894e+01,2.231771e+01,2.224896e+01,2.231084e+01,2.238642e+01,2.234520e+01,2.228334e+01,2.225584e+01,2.237268e+01,2.235894e+01,2.233146e+01,2.235894e+01,2.234520e+01,2.222833e+01,2.226271e+01,2.231771e+01,2.226959e+01,2.230396e+01,2.233146e+01,2.224208e+01,2.234520e+01,2.233146e+01,2.218705e+01,2.236581e+01,2.222145e+01,2.222145e+01,2.230396e+01,2.228334e+01,2.216640e+01,2.218705e+01,2.220769e+01,2.217328e+01,2.222833e+01,2.216640e+01,2.222145e+01,2.220769e+01,2.226271e+01,2.210443e+01,2.224896e+01,2.229022e+01,2.215952e+01,2.225584e+01,2.213886e+01,2.224896e+01,2.226271e+01,2.222833e+01,2.223520e+01,2.229022e+01,2.222145e+01,2.240702e+01,2.228334e+01,2.228334e+01,2.231771e+01,2.226959e+01,2.229709e+01,2.224208e+01,2.214575e+01,2.225584e+01,2.226959e+01,2.218705e+01,2.221457e+01,2.228334e+01,2.227647e+01,2.228334e+01,2.226271e+01,2.226959e+01,2.226959e+01,2.228334e+01,2.227647e+01,2.223520e+01,2.230396e+01,2.230396e+01,2.217328e+01,2.216640e+01,2.230396e+01,2.220081e+01,2.220081e+01,2.222145e+01,2.231771e+01,2.231084e+01,2.226959e+01,2.224208e+01,2.219393e+01,2.220769e+01,2.224208e+01,2.224208e+01,2.213886e+01,2.221457e+01,2.226959e+01,2.226271e+01,2.206310e+01,2.223520e+01,2.224896e+01,2.223520e+01,2.221457e+01,2.218016e+01,2.212509e+01,2.216640e+01,2.217328e+01,2.208377e+01,2.221457e+01,2.222833e+01,2.218705e+01,2.227647e+01,2.226271e+01,2.227647e+01,2.232458e+01,2.226959e+01,2.234520e+01,2.233833e+01,2.220769e+01,2.190451e+01,2.187691e+01,2.187691e+01,2.199418e+01,2.196660e+01,2.197349e+01,2.197349e+01,2.204932e+01,2.200107e+01,2.211821e+01,2.206999e+01,2.214575e+01,2.209755e+01,2.212509e+01,2.215952e+01,2.213198e+01,2.217328e+01,2.218016e+01,2.222833e+01,2.219393e+01,2.218705e+01,2.209066e+01,2.236581e+01,2.212509e+01,2.220081e+01,2.222833e+01,2.220769e+01,2.226959e+01,2.213886e+01,2.221457e+01,2.220769e+01,2.226959e+01,2.220769e+01,2.218016e+01,2.213198e+01,2.215263e+01,2.211821e+01,2.212509e+01,2.213198e+01,2.206999e+01,2.207688e+01,2.202865e+01,2.193211e+01,2.175949e+01,2.205621e+01,2.193901e+01,2.202865e+01,2.198039e+01,2.204243e+01,2.199418e+01,2.205621e+01,2.208377e+01,2.198729e+01,2.200107e+01,2.213198e+01,2.205621e+01,2.204932e+01,2.208377e+01,2.209755e+01,2.212509e+01,2.209066e+01,2.206310e+01,2.210443e+01,2.215263e+01,2.224896e+01,2.221457e+01,2.215952e+01,2.203554e+01,2.210443e+01,2.215263e+01,2.227647e+01,2.213886e+01,2.215263e+01,2.220769e+01,2.225584e+01,2.231771e+01,2.212509e+01,2.232458e+01,2.224896e+01,2.227647e+01,2.221457e+01,2.220081e+01,2.228334e+01,2.220081e+01,2.221457e+01,2.223520e+01,2.217328e+01,2.219393e+01,2.219393e+01,2.213198e+01,2.220081e+01,2.222833e+01,2.221457e+01,2.214575e+01,2.216640e+01,2.213886e+01,2.215952e+01,2.222145e+01,2.211821e+01,2.212509e+01,2.213886e+01,2.206999e+01,2.209755e+01,2.209755e+01,2.210443e+01,2.200797e+01,2.211132e+01,2.215952e+01,2.215952e+01,2.206310e+01,2.206310e+01,2.205621e+01,2.203554e+01,2.205621e+01,2.202176e+01,2.200107e+01,2.197349e+01,2.205621e+01,2.200797e+01,2.206310e+01,2.195970e+01,2.196660e+01,2.194591e+01,2.193211e+01,2.206999e+01,2.204243e+01,2.199418e+01,2.189071e+01,2.198729e+01,2.198729e+01,2.197349e+01,2.201486e+01,2.191831e+01,2.207688e+01,2.187000e+01,2.188381e+01,2.182167e+01,2.195970e+01,2.186310e+01,2.184239e+01,2.187000e+01,2.173876e+01,2.181476e+01,2.175258e+01,2.178022e+01,2.173185e+01,2.171111e+01,2.173876e+01,2.168345e+01,2.164195e+01,2.178022e+01,2.173876e+01,2.168345e+01,2.177332e+01,2.177332e+01,2.170420e+01,2.172494e+01,2.175258e+01,2.171802e+01,2.175949e+01,2.170420e+01,2.157967e+01,2.166962e+01,2.171111e+01,2.168345e+01,2.169728e+01,2.171802e+01,2.175258e+01,2.173185e+01,2.166962e+01,2.162811e+01,2.167654e+01,2.166962e+01,2.177332e+01,2.173185e+01,2.169728e+01,2.171111e+01,2.178022e+01,2.169728e+01,2.183548e+01,2.172494e+01,2.181476e+01,2.176641e+01,2.169728e+01,2.178022e+01,2.175949e+01,2.172494e+01,2.166962e+01,2.171111e+01,2.176641e+01,2.187691e+01,2.173185e+01,2.181476e+01,2.184239e+01,2.182167e+01,2.175258e+01,2.184929e+01,2.181476e+01,2.178713e+01,2.192521e+01,2.182858e+01,2.183548e+01,2.183548e+01,2.206310e+01,2.195970e+01,2.190451e+01,2.180786e+01,2.181476e+01,2.186310e+01,2.187691e+01,2.187000e+01,2.164195e+01,2.176641e+01,2.181476e+01,2.186310e+01,2.191141e+01,2.187000e+01,2.200797e+01,2.198039e+01,2.185620e+01,2.187000e+01,2.188381e+01,2.195280e+01,2.206310e+01,2.202865e+01,2.200107e+01,2.202865e+01,2.206310e+01,2.209066e+01,2.209755e+01,2.217328e+01,2.224896e+01,2.224208e+01,2.216640e+01,2.226271e+01,2.220769e+01,2.224896e+01,2.244135e+01,2.233833e+01,2.233146e+01,2.234520e+01,2.233833e+01,2.253055e+01,2.235207e+01,2.252369e+01,2.224896e+01,2.238642e+01,2.228334e+01,2.235207e+01,2.234520e+01,2.244135e+01,2.235894e+01,2.243448e+01,2.247566e+01,2.227647e+01,2.246880e+01,2.226271e+01,2.243448e+01,2.242762e+01,2.242762e+01,2.240015e+01,2.246880e+01,2.240702e+01,2.235894e+01,2.242075e+01,2.233146e+01,2.230396e+01,2.224896e+01,2.224896e+01,2.229022e+01,2.230396e+01,2.220769e+01,2.244821e+01,2.230396e+01,2.244135e+01
2.261967e+01,2.263337e+01,2.249625e+01,2.249625e+01,2.266763e+01,2.260596e+01,2.261282e+01,2.263337e+01,2.264022e+01,2.268132e+01,2.269502e+01,2.280452e+01,2.265392e+01,2.261967e+01,2.270187e+01,2.270187e+01,2.270187e+01,2.268132e+01,2.268132e+01,2.262652e+01,2.268132e+01,2.267447e+01,2.267447e+01,2.263337e+01,2.264022e+01,2.268132e+01,2.278400e+01,2.264708e+01,2.274978e+01,2.271556e+01,2.271556e+01,2.268132e+01,2.274294e+01,2.266763e+01,2.283188e+01,2.266763e+01,2.270871e+01,2.267447e+01,2.270187e+01,2.271556e+01,2.268817e+01,2.269502e+01,2.273610e+01,2.270187e+01,2.259911e+01,2.272241e+01,2.271556e+01,2.259911e+01,2.270187e+01,2.266763e+01,2.269502e+01,2.266763e+01,2.258540e+01,2.263337e+01,2.274294e+01,2.269502e+01,2.252369e+01,2.277716e+01,2.264708e+01,2.260596e+01,2.257169e+01,2.261282e+01,2.257854e+01,2.259225e+01,2.258540e+01,2.251683e+01,2.249625e+01,2.264708e+01,2.264708e+01,2.283872e+01,2.315278e+01,2.391350e+01,2.291391e+01,2.262652e+01,2.274978e+01,2.277032e+01,2.270187e+01,2.280452e+01,2.281136e+01,2.296173e+01,2.302318e+01,2.315278e+01,2.316642e+01,2.312551e+01,2.321412e+01,2.335029e+01,2.331627e+01,2.339111e+01,2.345910e+01,2.352026e+01,2.351346e+01,2.348629e+01,2.349308e+01,2.337070e+01,2.347949e+01,2.345230e+01,2.356779e+01,2.327542e+01,2.348629e+01,2.345230e+01,2.343871e+01,2.346590e+01,2.346590e+01,2.356779e+01,2.353384e+01,2.380517e+01,2.355421e+01,2.354063e+01,2.347949e+01,2.338431e+01,2.322775e+01,2.345910e+01,2.344551e+01,2.354742e+01,2.349308e+01,2.371028e+01,2.350667e+01,2.360174e+01,2.371028e+01,2.368316e+01,2.371706e+01,2.384581e+01,2.365602e+01,2.387289e+01,2.376451e+01,2.376451e+01,2.382549e+01,2.381194e+01,2.379162e+01,2.379162e+01,2.377129e+01,2.379839e+01,2.371706e+01,2.374418e+01,2.370350e+01,2.371028e+01,2.364924e+01,2.372384e+01,2.361531e+01,2.371028e+01,2.368994e+01,2.360174e+01,2.345910e+01,2.349988e+01,2.333668e+01,2.336390e+01,2.332988e+01,2.334349e+01,2.332988e+01,2.326180e+01,2.328223e+01,2.329585e+01,2.326180e+01,2.318686e+01,2.332988e+01,2.313915e+01,2.324818e+01,2.318005e+01,2.315278e+01,2.313915e+01,2.322775e+01,2.318005e+01,2.318686e+01,2.320731e+01,2.325499e+01,2.319368e+01,2.322093e+01,2.326180e+01,2.309823e+01,2.311869e+01,2.311869e+01,2.328223e+01,2.324137e+01,2.326180e+01,2.324818e+01,2.320049e+01,2.320049e+01,2.324818e+01,2.320049e+01,2.309823e+01,2.329585e+01,2.317323e+01,2.322775e+01,2.313915e+01,2.308459e+01,2.296856e+01,2.283872e+01,2.289341e+01,2.286607e+01,2.251683e+01,2.222833e+01,2.226271e+01,2.242075e+01,2.242075e+01,2.245507e+01,2.237268e+01,2.242075e+01,2.242762e+01,2.228334e+01,2.243448e+01,2.244821e+01,2.247566e+01,2.238642e+01,2.240015e+01,2.240015e+01,2.247566e+01,2.233146e+01,2.247566e+01,2.240015e+01,2.248252e+01,2.247566e+01,2.253055e+01,2.248252e+01,2.244135e+01,2.243448e+01,2.243448e+01,2.244135e+01,2.253055e+01,2.240702e+01,2.253741e+01,2.244135e+01,2.246880e+01,2.244821e+01,2.250311e+01,2.244821e+01,2.250311e+01,2.241389e+01,2.245507e+01,2.250311e+01,2.247566e+01,2.238642e+01,2.240015e+01,2.242762e+01,2.240702e+01,2.241389e+01,2.244821e+01,2.235207e+01,2.237955e+01,2.234520e+01,2.237955e+01,2.250997e+01,2.239328e+01,2.242075e+01,2.245507e+01,2.240015e+01,2.230396e+01,2.242075e+01,2.231771e+01,2.239328e+01,2.242762e+01,2.240015e+01,2.237268e+01,2.230396e+01,2.239328e+01,2.235894e+01,2.233146e+01,2.231084e+01,2.236581e+01,2.227647e+01,2.231771e+01,2.241389e+01,2.228334e+01,2.237268e+01,2.237268e+01,2.227647e+01,2.227647e+01,2.233833e+01,2.232458e+01,2.231771e+01,2.227647e+01,2.231084e+01,2.231771e+01,2.224896e+01,2.234520e+01,2.223520e+01,2.232458e+01,2.233833e+01,2.224896e+01,2.226271e+01,2.226271e+01,2.223520e+01,2.229022e+01,2.224896e+01,2.223520e+01,2.224896e+01,2.224208e+01,2.225584e+01,2.219393e+01,2.225584e+01,2.222833e+01,2.226271e+01,2.228334e+01,2.228334e+01,2.230396e+01,2.219393e+01,2.220769e+01,2.229022e+01,2.222145e+01,2.229709e+01,2.226271e+01,2.222145e+01,2.221457e+01,2.223520e+01,2.230396e+01,2.220769e+01,2.226271e+01,2.230396e+01,2.226959e+01,2.220769e+01,2.222833e+01,2.229022e+01,2.231084e+01,2.226271e+01,2.222145e+01,2.226271e+01,2.224896e+01,2.219393e+01,2.225584e+01,2.233833e+01,2.225584e+01,2.224896e+01,2.224208e+01,2.220769e+01,2.231084e+01,2.233146e+01,2.220081e+01,2.225584e+01,2.218016e+01,2.231771e+01,2.226271e+01,2.228334e+01,2.222145e+01,2.231084e+01,2.217328e+01,2.228334e+01,2.233146e+01,2.221457e+01,2.232458e+01,2.221457e+01,2.231771e+01,2.220081e+01,2.221457e+01,2.217328e+01,2.219393e+01,2.224208e+01,2.217328e+01,2.228334e+01,2.208377e+01,2.218705e+01,2.222145e+01,2.220081e+01,2.224896e+01,2.223520e+01,2.229022e+01,2.230396e+01,2.215263e+01,2.227647e+01,2.230396e+01,2.231771e+01,2.218705e+01,2.226959e+01,2.245507e+01,2.226959e+01,2.229709e+01,2.190451e+01,2.187000e+01,2.195970e+01,2.193901e+01,2.197349e+01,2.199418e+01,2.209066e+01,2.204932e+01,2.213198e+01,2.214575e+01,2.213886e+01,2.211132e+01,2.211132e+01,2.211821e+01,2.214575e+01,2.216640e+01,2.222145e+01,2.201486e+01,2.227647e+01,2.222145e+01,2.216640e+01,2.221457e+01,2.226271e+01,2.227647e+01,2.219393e+01,2.221457e+01,2.220769e+01,2.221457e+01,2.226959e+01,2.226959e+01,2.224208e+01,2.224208e+01,2.225584e+01,2.216640e+01,2.225584e+01,2.220081e+01,2.211821e+01,2.214575e+01,2.213886e+01,2.203554e+01,2.206310e+01,2.204932e+01,2.204932e+01,2.198039e+01,2.198039e+01,2.196660e+01,2.194591e+01,2.204932e+01,2.200797e+01,2.204932e+01,2.221457e+01,2.202176e+01,2.204243e+01,2.215952e+01,2.203554e+01,2.210443e+01,2.206999e+01,2.207688e+01,2.205621e+01,2.209066e+01,2.219393e+01,2.208377e+01,2.205621e+01,2.219393e+01,2.216640e+01,2.213886e+01,2.222145e+01,2.215263e+01,2.208377e+01,2.214575e+01,2.213886e+01,2.218016e+01,2.218016e+01,2.224896e+01,2.241389e+01,2.217328e+01,2.231084e+01,2.225584e+01,2.218016e+01,2.220769e+01,2.222833e+01,2.228334e+01,2.225584e+01,2.224208e+01,2.230396e+01,2.228334e+01,2.230396e+01,2.220081e+01,2.226271e+01,2.227647e+01,2.226959e+01,2.226271e+01,2.214575e+01,2.215952e+01,2.222145e+01,2.222145e+01,2.221457e+01,2.217328e+01,2.215263e+01,2.218016e+01,2.210443e+01,2.204243e+01,2.209755e+01,2.211821e+01,2.211132e+01,2.209755e+01,2.213886e+01,2.215263e+01,2.218016e+01,2.202176e+01,2.211821e+01,2.206999e+01,2.210443e+01,2.207688e+01,2.212509e+01,2.202176e+01,2.206310e+01,2.199418e+01,2.193211e+01,2.211132e+01,2.204932e+01,2.211132e+01,2.206999e+01,2.202176e+01,2.198729e+01,2.199418e+01,2.191141e+01,2.195970e+01,2.195280e+01,2.189761e+01,2.196660e+01,2.198729e+01,2.197349e+01,2.194591e+01,2.178713e+01,2.189761e+01,2.175949e+01,2.174567e+01,2.186310e+01,2.188381e+01,2.182167e+01,2.177332e+01,2.171802e+01,2.180786e+01,2.173185e+01,2.174567e+01,2.167654e+01,2.180095e+01,2.176641e+01,2.172494e+01,2.173185e+01,2.175258e+01,2.170420e+01,2.178022e+01,2.177332e+01,2.176641e+01,2.175949e+01,2.175949e+01,2.168345e+01,2.172494e+01,2.172494e+01,2.164887e+01,2.171802e+01,2.179404e+01,2.171111e+01,2.166270e+01,2.167654e+01,2.169037e+01,2.168345e+01,2.162119e+01,2.162811e+01,2.166962e+01,2.182858e+01,2.164195e+01,2.163503e+01,2.165579e+01,2.171802e+01,2.160735e+01,2.169728e+01,2.170420e+01,2.161427e+01,2.169037e+01,2.176641e+01,2.175949e+01,2.172494e+01,2.177332e+01,2.173185e+01,2.173185e+01,2.178713e+01,2.171802e+01,2.181476e+01,2.171802e+01,2.175949e+01,2.173876e+01,2.173185e+01,2.173876e+01,2.172494e+01,2.176641e+01,2.178022e+01,2.180095e+01,2.180095e+01,2.183548e+01,2.185620e+01,2.182167e+01,2.180786e+01,2.179404e+01,2.182858e+01,2.182858e+01,2.186310e+01,2.188381e+01,2.175258e+01,2.183548e+01,2.175258e+01,2.181476e+01,2.185620e+01,2.179404e+01,2.187691e+01,2.192521e+01,2.184239e+01,2.187000e+01,2.187691e+01,2.180095e+01,2.194591e+01,2.207688e+01,2.209755e+01,2.210443e+01,2.211821e+01,2.219393e+01,2.209066e+01,2.225584e+01,2.228334e+01,2.224896e+01,2.211132e+01,2.224896e+01,2.215263e+01,2.228334e+01,2.226271e+01,2.213198e+01,2.233833e+01,2.237268e+01,2.233833e+01,2.233146e+01,2.231084e+01,2.231771e+01,2.225584e+01,2.248252e+01,2.226959e+01,2.240015e+01,2.246194e+01,2.233833e+01,2.237955e+01,2.240015e+01,2.237268e+01,2.253055e+01,2.242762e+01,2.249625e+01,2.245507e+01,2.246194e+01,2.244135e+01,2.248252e+01,2.241389e+01,2.242075e+01,2.234520e+01,2.234520e+01,2.242762e+01,2.225584e+01,2.224208e+01,2.224896e+01,2.229709e+01,2.224896e+01,2.230396e+01,2.227647e+01,2.239328e+01,2.242762e+01,2.233146e+01,2.233146e+01
2.248252e+01,2.261282e+01,2.264022e+01,2.261967e+01,2.264708e+01,2.258540e+01,2.264708e+01,2.261967e+01,2.250311e+01,2.264708e+01,2.266078e+01,2.261967e+01,2.292074e+01,2.267447e+01,2.270187e+01,2.269502e+01,2.271556e+01,2.268817e+01,2.272241e+01,2.266763e+01,2.264708e+01,2.266763e+01,2.265392e+01,2.268132e+01,2.268132e+01,2.266763e+01,2.276347e+01,2.277716e+01,2.265392e+01,2.267447e+01,2.266763e+01,2.261967e+01,2.284555e+01,2.265392e+01,2.267447e+01,2.261282e+01,2.268817e+01,2.279768e+01,2.281136e+01,2.266078e+01,2.268817e+01,2.269502e+01,2.268817e+01,2.271556e+01,2.272925e+01,2.253055e+01,2.253741e+01,2.267447e+01,2.266763e+01,2.269502e+01,2.275663e+01,2.268132e+01,2.268132e+01,2.268817e+01,2.265392e+01,2.264708e+01,2.264708e+01,2.264022e+01,2.261282e+01,2.253741e+01,2.257169e+01,2.255798e+01,2.258540e+01,2.257854e+01,2.257854e+01,2.259225e+01,2.252369e+01,2.261967e+01,2.272925e+01,2.270187e+01,2.301635e+01,2.362889e+01,2.298221e+01,2.244135e+01,2.270187e+01,2.272925e+01,2.277716e+01,2.289341e+01,2.288657e+01,2.306412e+01,2.313233e+01,2.313915e+01,2.310505e+01,2.313233e+01,2.312551e+01,2.322093e+01,2.331627e+01,2.329585e+01,2.347269e+01,2.345910e+01,2.343191e+01,2.344551e+01,2.358138e+01,2.351346e+01,2.334349e+01,2.356101e+01,2.347269e+01,2.347949e+01,2.343871e+01,2.343871e+01,2.344551e+01,2.352026e+01,2.349308e+01,2.355421e+01,2.362889e+01,2.364924e+01,2.348629e+01,2.335029e+01,2.339791e+01,2.347269e+01,2.341151e+01,2.350667e+01,2.354063e+01,2.344551e+01,2.349308e+01,2.353384e+01,2.353384e+01,2.359495e+01,2.358138e+01,2.359495e+01,2.366959e+01,2.382549e+01,2.369672e+01,2.374418e+01,2.377129e+01,2.377129e+01,2.375096e+01,2.362210e+01,2.376451e+01,2.377129e+01,2.375096e+01,2.368316e+01,2.366281e+01,2.356101e+01,2.368316e+01,2.358816e+01,2.352026e+01,2.373062e+01,2.358816e+01,2.370350e+01,2.372384e+01,2.368316e+01,2.354742e+01,2.336390e+01,2.339111e+01,2.332307e+01,2.332307e+01,2.336390e+01,2.331627e+01,2.330265e+01,2.330946e+01,2.328223e+01,2.322093e+01,2.325499e+01,2.334349e+01,2.324818e+01,2.325499e+01,2.324137e+01,2.318686e+01,2.313915e+01,2.314597e+01,2.324137e+01,2.314597e+01,2.323456e+01,2.325499e+01,2.321412e+01,2.323456e+01,2.311187e+01,2.307777e+01,2.315960e+01,2.311187e+01,2.315960e+01,2.316642e+01,2.330265e+01,2.316642e+01,2.315278e+01,2.323456e+01,2.326861e+01,2.319368e+01,2.323456e+01,2.312551e+01,2.305730e+01,2.315278e+01,2.313233e+01,2.309141e+01,2.294807e+01,2.287290e+01,2.283872e+01,2.259911e+01,2.226959e+01,2.226959e+01,2.240702e+01,2.243448e+01,2.230396e+01,2.233146e+01,2.240015e+01,2.238642e+01,2.247566e+01,2.236581e+01,2.250311e+01,2.250311e+01,2.243448e+01,2.249625e+01,2.250997e+01,2.247566e+01,2.248939e+01,2.242075e+01,2.248939e+01,2.242762e+01,2.250997e+01,2.246880e+01,2.240702e+01,2.246880e+01,2.244135e+01,2.244821e+01,2.249625e+01,2.246194e+01,2.237955e+01,2.257169e+01,2.254426e+01,2.254426e+01,2.250311e+01,2.252369e+01,2.243448e+01,2.248939e+01,2.250311e+01,2.248939e+01,2.248939e+01,2.247566e+01,2.240702e+01,2.243448e+01,2.245507e+01,2.240015e+01,2.240702e+01,2.240702e+01,2.237268e+01,2.235207e+01,2.237268e+01,2.233833e+01,2.233146e+01,2.244135e+01,2.233833e+01,2.244135e+01,2.244135e+01,2.241389e+01,2.239328e+01,2.243448e+01,2.243448e+01,2.239328e+01,2.247566e+01,2.246880e+01,2.241389e+01,2.245507e+01,2.237268e+01,2.231771e+01,2.244135e+01,2.235207e+01,2.234520e+01,2.226959e+01,2.246194e+01,2.234520e+01,2.233833e+01,2.238642e+01,2.237955e+01,2.236581e+01,2.235894e+01,2.236581e+01,2.235894e+01,2.231771e+01,2.231771e+01,2.231771e+01,2.233146e+01,2.231771e+01,2.221457e+01,2.233146e+01,2.234520e+01,2.217328e+01,2.229709e+01,2.231771e+01,2.220769e+01,2.231084e+01,2.228334e+01,2.215263e+01,2.219393e+01,2.222833e+01,2.227647e+01,2.228334e+01,2.226959e+01,2.225584e+01,2.227647e+01,2.226959e+01,2.224896e+01,2.227647e+01,2.230396e+01,2.229022e+01,2.233146e+01,2.225584e+01,2.222145e+01,2.232458e+01,2.229709e+01,2.232458e+01,2.222145e+01,2.224208e+01,2.228334e+01,2.226959e+01,2.230396e+01,2.233146e+01,2.222833e+01,2.228334e+01,2.226959e+01,2.228334e+01,2.228334e+01,2.227647e+01,2.222145e+01,2.227647e+01,2.229709e+01,2.223520e+01,2.230396e+01,2.228334e+01,2.220081e+01,2.224896e+01,2.233146e+01,2.222833e+01,2.219393e+01,2.228334e+01,2.229022e+01,2.227647e+01,2.226271e+01,2.230396e+01,2.223520e+01,2.224208e+01,2.228334e+01,2.226959e+01,2.220081e+01,2.231084e+01,2.226271e+01,2.225584e+01,2.223520e+01,2.222145e+01,2.217328e+01,2.233833e+01,2.215952e+01,2.218016e+01,2.226271e+01,2.213886e+01,2.229022e+01,2.222145e+01,2.215263e+01,2.215952e+01,2.225584e+01,2.222145e+01,2.219393e+01,2.226271e+01,2.224896e+01,2.217328e+01,2.218016e+01,2.229022e+01,2.218705e+01,2.224896e+01,2.226959e+01,2.228334e+01,2.226271e+01,2.226271e+01,2.204243e+01,2.198729e+01,2.187000e+01,2.187000e+01,2.189761e+01,2.191141e+01,2.199418e+01,2.204243e+01,2.214575e+01,2.209755e+01,2.209066e+01,2.215952e+01,2.212509e+01,2.223520e+01,2.213886e+01,2.212509e+01,2.216640e+01,2.215952e+01,2.218016e+01,2.223520e+01,2.224208e+01,2.221457e+01,2.214575e+01,2.223520e+01,2.222145e+01,2.230396e+01,2.242762e+01,2.220769e+01,2.220081e+01,2.224896e+01,2.222833e+01,2.229022e+01,2.228334e+01,2.222833e+01,2.215263e+01,2.221457e+01,2.221457e+01,2.212509e+01,2.215952e+01,2.205621e+01,2.209066e+01,2.206999e+01,2.211821e+01,2.213886e+01,2.218705e+01,2.196660e+01,2.193211e+01,2.203554e+01,2.201486e+01,2.206999e+01,2.205621e+01,2.204932e+01,2.211821e+01,2.220081e+01,2.194591e+01,2.204243e+01,2.214575e+01,2.212509e+01,2.215952e+01,2.207688e+01,2.209755e+01,2.206310e+01,2.213886e+01,2.221457e+01,2.215952e+01,2.223520e+01,2.220081e+01,2.213198e+01,2.208377e+01,2.210443e+01,2.210443e+01,2.221457e+01,2.219393e+01,2.212509e+01,2.218705e+01,2.215263e+01,2.216640e+01,2.231084e+01,2.225584e+01,2.230396e+01,2.214575e+01,2.229709e+01,2.219393e+01,2.228334e+01,2.227647e+01,2.224208e+01,2.234520e+01,2.228334e+01,2.220769e+01,2.227647e+01,2.228334e+01,2.215952e+01,2.215952e+01,2.224896e+01,2.224208e+01,2.216640e+01,2.219393e+01,2.212509e+01,2.219393e+01,2.215952e+01,2.218705e+01,2.218016e+01,2.214575e+01,2.209755e+01,2.237268e+01,2.211821e+01,2.213198e+01,2.214575e+01,2.204932e+01,2.211821e+01,2.213198e+01,2.211821e+01,2.207688e+01,2.211821e+01,2.209066e+01,2.221457e+01,2.206999e+01,2.206999e+01,2.209755e+01,2.189761e+01,2.207688e+01,2.209066e+01,2.195280e+01,2.191831e+01,2.192521e+01,2.200797e+01,2.188381e+01,2.187000e+01,2.191141e+01,2.191141e+01,2.164887e+01,2.174567e+01,2.180095e+01,2.165579e+01,2.176641e+01,2.156582e+01,2.151042e+01,2.173876e+01,2.157967e+01,2.161427e+01,2.160735e+01,2.160043e+01,2.183548e+01,2.167654e+01,2.165579e+01,2.177332e+01,2.164887e+01,2.166270e+01,2.168345e+01,2.175258e+01,2.171802e+01,2.171111e+01,2.178022e+01,2.155197e+01,2.168345e+01,2.178713e+01,2.176641e+01,2.171111e+01,2.172494e+01,2.167654e+01,2.164195e+01,2.170420e+01,2.171802e+01,2.170420e+01,2.168345e+01,2.173185e+01,2.167654e+01,2.165579e+01,2.171802e+01,2.164195e+01,2.167654e+01,2.165579e+01,2.164887e+01,2.180095e+01,2.165579e+01,2.166270e+01,2.168345e+01,2.160043e+01,2.169037e+01,2.176641e+01,2.162119e+01,2.160043e+01,2.166962e+01,2.169728e+01,2.174567e+01,2.169728e+01,2.178713e+01,2.175258e+01,2.170420e+01,2.171802e+01,2.178713e+01,2.175258e+01,2.167654e+01,2.170420e+01,2.173876e+01,2.182858e+01,2.174567e+01,2.169728e+01,2.167654e+01,2.184929e+01,2.179404e+01,2.178713e+01,2.179404e+01,2.177332e+01,2.180095e+01,2.180786e+01,2.179404e+01,2.181476e+01,2.182167e+01,2.173876e+01,2.182858e+01,2.164887e+01,2.173876e+01,2.187000e+01,2.182858e+01,2.185620e+01,2.189761e+01,2.188381e+01,2.187000e+01,2.189071e+01,2.185620e+01,2.187691e+01,2.198729e+01,2.198039e+01,2.193901e+01,2.209755e+01,2.200797e+01,2.206999e+01,2.219393e+01,2.222833e+01,2.224896e+01,2.225584e+01,2.218705e+01,2.219393e+01,2.226959e+01,2.234520e+01,2.223520e+01,2.229709e+01,2.224896e+01,2.238642e+01,2.240702e+01,2.237955e+01,2.229709e+01,2.243448e+01,2.235207e+01,2.239328e+01,2.233146e+01,2.239328e+01,2.248252e+01,2.235894e+01,2.237955e+01,2.252369e+01,2.246194e+01,2.245507e+01,2.249625e+01,2.249625e+01,2.249625e+01,2.248939e+01,2.246194e+01,2.244821e+01,2.240702e+01,2.237268e+01,2.240015e+01,2.235207e+01,2.224896e+01,2.239328e+01,2.242075e+01,2.225584e+01,2.229022e+01,2.229709e+01,2.230396e+01,2.229709e+01,2.223520e+01,2.226271e+01,2.220769e+01,2.219393e+01,2.226959e+01
2.264022e+01,2.264708e+01,2.259911e+01,2.248252e+01,2.257854e+01,2.270187e+01,2.272241e+01,2.267447e+01,2.262652e+01,2.259225e+01,2.264022e+01,2.264022e+01,2.268132e+01,2.269502e+01,2.269502e+01,2.268817e+01,2.269502e+01,2.269502e+01,2.268132e+01,2.244135e+01,2.270187e+01,2.264022e+01,2.275663e+01,2.267447e+01,2.272241e+01,2.268132e+01,2.267447e+01,2.273610e+01,2.278400e+01,2.264022e+01,2.272925e+01,2.262652e+01,2.279084e+01,2.262652e+01,2.268817e+01,2.268817e+01,2.277032e+01,2.270871e+01,2.276347e+01,2.276347e+01,2.270871e+01,2.272241e+01,2.268817e+01,2.272241e+01,2.272241e+01,2.272241e+01,2.270187e+01,2.269502e+01,2.267447e+01,2.264708e+01,2.270187e+01,2.272241e+01,2.272241e+01,2.275663e+01,2.271556e+01,2.265392e+01,2.264022e+01,2.268132e+01,2.262652e+01,2.254426e+01,2.262652e+01,2.259911e+01,2.251683e+01,2.257854e+01,2.259911e+01,2.253055e+01,2.260596e+01,2.255798e+01,2.275663e+01,2.248939e+01,2.291391e+01,2.284555e+01,2.274978e+01,2.265392e+01,2.258540e+01,2.272241e+01,2.271556e+01,2.287974e+01,2.293440e+01,2.293440e+01,2.292074e+01,2.301635e+01,2.311869e+01,2.311869e+01,2.311187e+01,2.312551e+01,2.337751e+01,2.335029e+01,2.341831e+01,2.343871e+01,2.348629e+01,2.332988e+01,2.342511e+01,2.358138e+01,2.343191e+01,2.340471e+01,2.343191e+01,2.345230e+01,2.339111e+01,2.352026e+01,2.347949e+01,2.354063e+01,2.359495e+01,2.355421e+01,2.361531e+01,2.360174e+01,2.344551e+01,2.334349e+01,2.330946e+01,2.341151e+01,2.339791e+01,2.345230e+01,2.341151e+01,2.341151e+01,2.332307e+01,2.351346e+01,2.354742e+01,2.353384e+01,2.361531e+01,2.359495e+01,2.368994e+01,2.356779e+01,2.366281e+01,2.375774e+01,2.376451e+01,2.377807e+01,2.373740e+01,2.379162e+01,2.377129e+01,2.375774e+01,2.370350e+01,2.368316e+01,2.370350e+01,2.370350e+01,2.352026e+01,2.358816e+01,2.361531e+01,2.356779e+01,2.354742e+01,2.357458e+01,2.366959e+01,2.364246e+01,2.366959e+01,2.363567e+01,2.347269e+01,2.341151e+01,2.332307e+01,2.330946e+01,2.329585e+01,2.335029e+01,2.326180e+01,2.327542e+01,2.328223e+01,2.313233e+01,2.326180e+01,2.316642e+01,2.322093e+01,2.327542e+01,2.316642e+01,2.314597e+01,2.312551e+01,2.313915e+01,2.307777e+01,2.321412e+01,2.321412e+01,2.311869e+01,2.316642e+01,2.307777e+01,2.328904e+01,2.302318e+01,2.316642e+01,2.310505e+01,2.318686e+01,2.313915e+01,2.318686e+01,2.308459e+01,2.315278e+01,2.327542e+01,2.308459e+01,2.320731e+01,2.313233e+01,2.303000e+01,2.313915e+01,2.300953e+01,2.303683e+01,2.285239e+01,2.284555e+01,2.262652e+01,2.254426e+01,2.203554e+01,2.224208e+01,2.237268e+01,2.239328e+01,2.238642e+01,2.240702e+01,2.241389e+01,2.234520e+01,2.239328e+01,2.242075e+01,2.244821e+01,2.235894e+01,2.232458e+01,2.244821e+01,2.244135e+01,2.248252e+01,2.240015e+01,2.240015e+01,2.248939e+01,2.237268e+01,2.238642e+01,2.241389e+01,2.248252e+01,2.244135e+01,2.241389e+01,2.258540e+01,2.245507e+01,2.251683e+01,2.251683e+01,2.249625e+01,2.244135e+01,2.253055e+01,2.252369e+01,2.251683e+01,2.246194e+01,2.253741e+01,2.240702e+01,2.248939e+01,2.253741e+01,2.242762e+01,2.248252e+01,2.239328e+01,2.239328e+01,2.249625e+01,2.250997e+01,2.239328e+01,2.250311e+01,2.246880e+01,2.242762e+01,2.239328e+01,2.249625e+01,2.233833e+01,2.244135e+01,2.241389e+01,2.232458e+01,2.244135e+01,2.243448e+01,2.248252e+01,2.247566e+01,2.242075e+01,2.244821e+01,2.243448e+01,2.246880e+01,2.242075e+01,2.235207e+01,2.235894e+01,2.237268e+01,2.239328e+01,2.240015e+01,2.235207e+01,2.238642e+01,2.235207e+01,2.243448e+01,2.238642e+01,2.236581e+01,2.237268e+01,2.237268e+01,2.237268e+01,2.233146e+01,2.237955e+01,2.231771e+01,2.228334e+01,2.233833e+01,2.234520e+01,2.225584e+01,2.233146e+01,2.227647e+01,2.226271e+01,2.226959e+01,2.230396e+01,2.235207e+01,2.229709e+01,2.218705e+01,2.228334e+01,2.227647e+01,2.226959e+01,2.227647e+01,2.229022e+01,2.226271e+01,2.224896e+01,2.224896e+01,2.231084e+01,2.226271e+01,2.223520e+01,2.226271e+01,2.231771e+01,2.221457e+01,2.231084e+01,2.233833e+01,2.228334e+01,2.228334e+01,2.220081e+01,2.231084e+01,2.233833e+01,2.230396e+01,2.230396e+01,2.233833e+01,2.219393e+01,2.220769e+01,2.229709e+01,2.224896e+01,2.222145e+01,2.229709e+01,2.222833e+01,2.222145e+01,2.224208e+01,2.226271e+01,2.233146e+01,2.229022e+01,2.228334e+01,2.225584e+01,2.227647e+01,2.232458e+01,2.226959e+01,2.231084e+01,2.225584e+01,2.231771e+01,2.225584e+01,2.229022e+01,2.229709e+01,2.228334e+01,2.231771e+01,2.233146e+01,2.222833e+01,2.231771e+01,2.222833e+01,2.222145e+01,2.219393e+01,2.233146e+01,2.236581e+01,2.220081e+01,2.236581e+01,2.216640e+01,2.230396e+01,2.225584e+01,2.220769e+01,2.225584e+01,2.226959e+01,2.228334e+01,2.211821e+01,2.226959e+01,2.215263e+01,2.220081e+01,2.225584e+01,2.226271e+01,2.218705e+01,2.223520e+01,2.222145e+01,2.226959e+01,2.224896e+01,2.226959e+01,2.215952e+01,2.229709e+01,2.215263e+01,2.195970e+01,2.188381e+01,2.184929e+01,2.187691e+01,2.193901e+01,2.196660e+01,2.206999e+01,2.218705e+01,2.211132e+01,2.211821e+01,2.207688e+01,2.213886e+01,2.218016e+01,2.218016e+01,2.222145e+01,2.220769e+01,2.218016e+01,2.218016e+01,2.224896e+01,2.224208e+01,2.215952e+01,2.218016e+01,2.218016e+01,2.219393e+01,2.223520e+01,2.228334e+01,2.217328e+01,2.222833e+01,2.237268e+01,2.235894e+01,2.224208e+01,2.218705e+01,2.216640e+01,2.218016e+01,2.224208e+01,2.219393e+01,2.208377e+01,2.212509e+01,2.220081e+01,2.210443e+01,2.210443e+01,2.216640e+01,2.215952e+01,2.209755e+01,2.218705e+01,2.193901e+01,2.206999e+01,2.190451e+01,2.198039e+01,2.208377e+01,2.208377e+01,2.204932e+01,2.204243e+01,2.203554e+01,2.222833e+01,2.202176e+01,2.217328e+01,2.214575e+01,2.208377e+01,2.215263e+01,2.223520e+01,2.210443e+01,2.218016e+01,2.209066e+01,2.216640e+01,2.226271e+01,2.217328e+01,2.222833e+01,2.220081e+01,2.230396e+01,2.215263e+01,2.226959e+01,2.224208e+01,2.217328e+01,2.224896e+01,2.229709e+01,2.228334e+01,2.220769e+01,2.229709e+01,2.229022e+01,2.224208e+01,2.229709e+01,2.230396e+01,2.221457e+01,2.228334e+01,2.225584e+01,2.228334e+01,2.226271e+01,2.226959e+01,2.221457e+01,2.227647e+01,2.215952e+01,2.227647e+01,2.216640e+01,2.215952e+01,2.219393e+01,2.214575e+01,2.213886e+01,2.218016e+01,2.221457e+01,2.203554e+01,2.211132e+01,2.214575e+01,2.206999e+01,2.211821e+01,2.213886e+01,2.219393e+01,2.215952e+01,2.213886e+01,2.213886e+01,2.206310e+01,2.215263e+01,2.212509e+01,2.215263e+01,2.211132e+01,2.213198e+01,2.208377e+01,2.220769e+01,2.211821e+01,2.210443e+01,2.207688e+01,2.203554e+01,2.201486e+01,2.182858e+01,2.202176e+01,2.201486e+01,2.185620e+01,2.185620e+01,2.189071e+01,2.189761e+01,2.174567e+01,2.174567e+01,2.167654e+01,2.173185e+01,2.170420e+01,2.155890e+01,2.142725e+01,2.145498e+01,2.160735e+01,2.139952e+01,2.144805e+01,2.160735e+01,2.144112e+01,2.160043e+01,2.166270e+01,2.170420e+01,2.166270e+01,2.153812e+01,2.163503e+01,2.171802e+01,2.166962e+01,2.162119e+01,2.166270e+01,2.172494e+01,2.177332e+01,2.174567e+01,2.169037e+01,2.173876e+01,2.169728e+01,2.168345e+01,2.167654e+01,2.171111e+01,2.171802e+01,2.169728e+01,2.175949e+01,2.167654e+01,2.163503e+01,2.166270e+01,2.169037e+01,2.175258e+01,2.170420e+01,2.155197e+01,2.166962e+01,2.169728e+01,2.166270e+01,2.171111e+01,2.170420e+01,2.171111e+01,2.175258e+01,2.178022e+01,2.162811e+01,2.165579e+01,2.174567e+01,2.164887e+01,2.175949e+01,2.177332e+01,2.175258e+01,2.175949e+01,2.175949e+01,2.160735e+01,2.165579e+01,2.170420e+01,2.173876e+01,2.169037e+01,2.171802e+01,2.178022e+01,2.164887e+01,2.165579e+01,2.168345e+01,2.173876e+01,2.198729e+01,2.188381e+01,2.173876e+01,2.173185e+01,2.173876e+01,2.179404e+01,2.178022e+01,2.175258e+01,2.175949e+01,2.182167e+01,2.187000e+01,2.186310e+01,2.191831e+01,2.177332e+01,2.186310e+01,2.187000e+01,2.182858e+01,2.189071e+01,2.182858e+01,2.193211e+01,2.189761e+01,2.187000e+01,2.194591e+01,2.191831e+01,2.196660e+01,2.202865e+01,2.216640e+01,2.206999e+01,2.223520e+01,2.221457e+01,2.229022e+01,2.224208e+01,2.226271e+01,2.228334e+01,2.225584e+01,2.231771e+01,2.226271e+01,2.227647e+01,2.225584e+01,2.229709e+01,2.244821e+01,2.253741e+01,2.229709e+01,2.247566e+01,2.235207e+01,2.237955e+01,2.246880e+01,2.223520e+01,2.240015e+01,2.226959e+01,2.244135e+01,2.253741e+01,2.247566e+01,2.252369e+01,2.244135e+01,2.249625e+01,2.244821e+01,2.244821e+01,2.256483e+01,2.231771e+01,2.242762e+01,2.235894e+01,2.247566e+01,2.241389e+01,2.232458e+01,2.239328e+01,2.235894e+01,2.223520e+01,2.224208e+01,2.224896e+01,2.204932e+01,2.224896e+01,2.222145e+01,2.222145e+01,2.229709e+01,2.218705e+01,2.236581e+01
2.257854e+01,2.248939e+01,2.259911e+01,2.261967e+01,2.261282e+01,2.255112e+01,2.263337e+01,2.257854e+01,2.268132e+01,2.264708e+01,2.254426e+01,2.270187e+01,2.267447e+01,2.270187e+01,2.265392e+01,2.269502e+01,2.276347e+01,2.265392e+01,2.269502e+01,2.271556e+01,2.270871e+01,2.256483e+01,2.270871e+01,2.264708e+01,2.263337e+01,2.264708e+01,2.265392e+01,2.266078e+01,2.268817e+01,2.273610e+01,2.264708e+01,2.271556e+01,2.277032e+01,2.271556e+01,2.285239e+01,2.273610e+01,2.280452e+01,2.266078e+01,2.266078e+01,2.269502e+01,2.271556e+01,2.271556e+01,2.269502e+01,2.269502e+01,2.279768e+01,2.270187e+01,2.270871e+01,2.266078e+01,2.266763e+01,2.269502e+01,2.271556e+01,2.270871e+01,2.261967e+01,2.272925e+01,2.264708e+01,2.270187e+01,2.275663e+01,2.264708e+01,2.262652e+01,2.248252e+01,2.255112e+01,2.244821e+01,2.260596e+01,2.260596e+01,2.261967e+01,2.254426e+01,2.259911e+01,2.256483e+01,2.248939e+01,2.260596e+01,2.261282e+01,2.253055e+01,2.248939e+01,2.235894e+01,2.258540e+01,2.278400e+01,2.274978e+01,2.275663e+01,2.288657e+01,2.288657e+01,2.292757e+01,2.298904e+01,2.311187e+01,2.309141e+01,2.327542e+01,2.311187e+01,2.318005e+01,2.323456e+01,2.332307e+01,2.335710e+01,2.339791e+01,2.352026e+01,2.339111e+01,2.344551e+01,2.333668e+01,2.331627e+01,2.343871e+01,2.345910e+01,2.340471e+01,2.355421e+01,2.354742e+01,2.349988e+01,2.359495e+01,2.349988e+01,2.351346e+01,2.346590e+01,2.338431e+01,2.336390e+01,2.340471e+01,2.324137e+01,2.332307e+01,2.347949e+01,2.341151e+01,2.343871e+01,2.332988e+01,2.349988e+01,2.353384e+01,2.360853e+01,2.357458e+01,2.358138e+01,2.362889e+01,2.359495e+01,2.356101e+01,2.359495e+01,2.362889e+01,2.361531e+01,2.368994e+01,2.374418e+01,2.369672e+01,2.370350e+01,2.361531e+01,2.376451e+01,2.365602e+01,2.359495e+01,2.365602e+01,2.354063e+01,2.354063e+01,2.348629e+01,2.360174e+01,2.364246e+01,2.352705e+01,2.362889e+01,2.364246e+01,2.360174e+01,2.349308e+01,2.337751e+01,2.339111e+01,2.336390e+01,2.330265e+01,2.338431e+01,2.320049e+01,2.326861e+01,2.318686e+01,2.326861e+01,2.328223e+01,2.309141e+01,2.311869e+01,2.328904e+01,2.317323e+01,2.314597e+01,2.308459e+01,2.309141e+01,2.313915e+01,2.317323e+01,2.303683e+01,2.309823e+01,2.311187e+01,2.305730e+01,2.311187e+01,2.316642e+01,2.319368e+01,2.305730e+01,2.301635e+01,2.306412e+01,2.309823e+01,2.324818e+01,2.306412e+01,2.301635e+01,2.318005e+01,2.314597e+01,2.305730e+01,2.310505e+01,2.312551e+01,2.298221e+01,2.294123e+01,2.294123e+01,2.285239e+01,2.263337e+01,2.240015e+01,2.222833e+01,2.231084e+01,2.233833e+01,2.246194e+01,2.244135e+01,2.230396e+01,2.241389e+01,2.239328e+01,2.246880e+01,2.236581e+01,2.235207e+01,2.253055e+01,2.238642e+01,2.244821e+01,2.251683e+01,2.242075e+01,2.248252e+01,2.248939e+01,2.239328e+01,2.241389e+01,2.245507e+01,2.236581e+01,2.237268e+01,2.243448e+01,2.245507e+01,2.244135e+01,2.248252e+01,2.247566e+01,2.245507e+01,2.251683e+01,2.253055e+01,2.248252e+01,2.245507e+01,2.242075e+01,2.255112e+01,2.250311e+01,2.252369e+01,2.237955e+01,2.246194e+01,2.245507e+01,2.243448e+01,2.244821e+01,2.247566e+01,2.249625e+01,2.237268e+01,2.250997e+01,2.255112e+01,2.233833e+01,2.248252e+01,2.234520e+01,2.244821e+01,2.242762e+01,2.242075e+01,2.246194e+01,2.244821e+01,2.246194e+01,2.248252e+01,2.244135e+01,2.243448e+01,2.242762e+01,2.248252e+01,2.234520e+01,2.244135e+01,2.236581e+01,2.237955e+01,2.244135e+01,2.237955e+01,2.246194e+01,2.240015e+01,2.231084e+01,2.245507e+01,2.235207e+01,2.240702e+01,2.240702e+01,2.236581e+01,2.237268e+01,2.239328e+01,2.235894e+01,2.235207e+01,2.240015e+01,2.229022e+01,2.231084e+01,2.230396e+01,2.231771e+01,2.232458e+01,2.230396e+01,2.230396e+01,2.231771e+01,2.242075e+01,2.231084e+01,2.229709e+01,2.246880e+01,2.227647e+01,2.228334e+01,2.228334e+01,2.222833e+01,2.233833e+01,2.233833e+01,2.229709e+01,2.228334e+01,2.226271e+01,2.228334e+01,2.229022e+01,2.230396e+01,2.229709e+01,2.226271e+01,2.231084e+01,2.233833e+01,2.228334e+01,2.217328e+01,2.224208e+01,2.220081e+01,2.229709e+01,2.231084e+01,2.235207e+01,2.233833e+01,2.224896e+01,2.236581e+01,2.222833e+01,2.222833e+01,2.222833e+01,2.229022e+01,2.220081e+01,2.215952e+01,2.226271e+01,2.225584e+01,2.223520e+01,2.216640e+01,2.222833e+01,2.222833e+01,2.233146e+01,2.223520e+01,2.223520e+01,2.231084e+01,2.227647e+01,2.222833e+01,2.225584e+01,2.244135e+01,2.221457e+01,2.211821e+01,2.229709e+01,2.224896e+01,2.226959e+01,2.224896e+01,2.226959e+01,2.224208e+01,2.226271e+01,2.224896e+01,2.228334e+01,2.222833e+01,2.228334e+01,2.219393e+01,2.218016e+01,2.219393e+01,2.233833e+01,2.214575e+01,2.220081e+01,2.222833e+01,2.218016e+01,2.216640e+01,2.222833e+01,2.222145e+01,2.217328e+01,2.221457e+01,2.218016e+01,2.220769e+01,2.218016e+01,2.220769e+01,2.220769e+01,2.229709e+01,2.224208e+01,2.228334e+01,2.224208e+01,2.215952e+01,2.205621e+01,2.184239e+01,2.187000e+01,2.191141e+01,2.194591e+01,2.204932e+01,2.204243e+01,2.210443e+01,2.213198e+01,2.217328e+01,2.211132e+01,2.221457e+01,2.214575e+01,2.211132e+01,2.224896e+01,2.219393e+01,2.211132e+01,2.206310e+01,2.216640e+01,2.215952e+01,2.222145e+01,2.223520e+01,2.224896e+01,2.221457e+01,2.220769e+01,2.224896e+01,2.224896e+01,2.223520e+01,2.221457e+01,2.218705e+01,2.220081e+01,2.222145e+01,2.221457e+01,2.220081e+01,2.220769e+01,2.222833e+01,2.219393e+01,2.223520e+01,2.214575e+01,2.218016e+01,2.206310e+01,2.203554e+01,2.208377e+01,2.205621e+01,2.214575e+01,2.204932e+01,2.211132e+01,2.202176e+01,2.193211e+01,2.198039e+01,2.200107e+01,2.207688e+01,2.220769e+01,2.206999e+01,2.205621e+01,2.217328e+01,2.209755e+01,2.204932e+01,2.202865e+01,2.226271e+01,2.213198e+01,2.226271e+01,2.206310e+01,2.220769e+01,2.224208e+01,2.220081e+01,2.227647e+01,2.230396e+01,2.214575e+01,2.215952e+01,2.220081e+01,2.218705e+01,2.213886e+01,2.227647e+01,2.229709e+01,2.224208e+01,2.221457e+01,2.231084e+01,2.215263e+01,2.218705e+01,2.229022e+01,2.233146e+01,2.233146e+01,2.238642e+01,2.229022e+01,2.223520e+01,2.233833e+01,2.225584e+01,2.222833e+01,2.229709e+01,2.226959e+01,2.226959e+01,2.222833e+01,2.220081e+01,2.223520e+01,2.216640e+01,2.219393e+01,2.222145e+01,2.223520e+01,2.222145e+01,2.211821e+01,2.213886e+01,2.210443e+01,2.208377e+01,2.216640e+01,2.220769e+01,2.217328e+01,2.227647e+01,2.220081e+01,2.222833e+01,2.218016e+01,2.221457e+01,2.213198e+01,2.225584e+01,2.217328e+01,2.217328e+01,2.210443e+01,2.217328e+01,2.215952e+01,2.212509e+01,2.216640e+01,2.204243e+01,2.206999e+01,2.209755e+01,2.195970e+01,2.198039e+01,2.189071e+01,2.187691e+01,2.195280e+01,2.175258e+01,2.177332e+01,2.173876e+01,2.172494e+01,2.174567e+01,2.171802e+01,2.162119e+01,2.144805e+01,2.165579e+01,2.140645e+01,2.143419e+01,2.144805e+01,2.143419e+01,2.154505e+01,2.147577e+01,2.155890e+01,2.146884e+01,2.174567e+01,2.173185e+01,2.166270e+01,2.173185e+01,2.166962e+01,2.166270e+01,2.154505e+01,2.165579e+01,2.171802e+01,2.161427e+01,2.160735e+01,2.173185e+01,2.156582e+01,2.173876e+01,2.173185e+01,2.169728e+01,2.165579e+01,2.174567e+01,2.169037e+01,2.166962e+01,2.167654e+01,2.177332e+01,2.164887e+01,2.156582e+01,2.164195e+01,2.168345e+01,2.171802e+01,2.161427e+01,2.169037e+01,2.163503e+01,2.166270e+01,2.165579e+01,2.162811e+01,2.178022e+01,2.167654e+01,2.162811e+01,2.175949e+01,2.178022e+01,2.175949e+01,2.178022e+01,2.178022e+01,2.160043e+01,2.169037e+01,2.176641e+01,2.172494e+01,2.168345e+01,2.166270e+01,2.175949e+01,2.174567e+01,2.168345e+01,2.162811e+01,2.167654e+01,2.196660e+01,2.189761e+01,2.169728e+01,2.173876e+01,2.173876e+01,2.177332e+01,2.173876e+01,2.179404e+01,2.175949e+01,2.188381e+01,2.184239e+01,2.176641e+01,2.190451e+01,2.178713e+01,2.182167e+01,2.187000e+01,2.177332e+01,2.187691e+01,2.184239e+01,2.180786e+01,2.186310e+01,2.206310e+01,2.180786e+01,2.195280e+01,2.202176e+01,2.197349e+01,2.200107e+01,2.202865e+01,2.213198e+01,2.219393e+01,2.206999e+01,2.224896e+01,2.226271e+01,2.226959e+01,2.226959e+01,2.231771e+01,2.228334e+01,2.228334e+01,2.235207e+01,2.235894e+01,2.237955e+01,2.237268e+01,2.237268e+01,2.238642e+01,2.251683e+01,2.248252e+01,2.255112e+01,2.246194e+01,2.229709e+01,2.248939e+01,2.231084e+01,2.248252e+01,2.244821e+01,2.240702e+01,2.247566e+01,2.254426e+01,2.250997e+01,2.251683e+01,2.251683e+01,2.247566e+01,2.246880e+01,2.245507e+01,2.234520e+01,2.233146e+01,2.232458e+01,2.244821e+01,2.227647e+01,2.241389e+01,2.229709e+01,2.244821e+01,2.226271e+01,2.220081e+01,2.224208e+01,2.226271e+01,2.215952e+01,2.211821e+01,2.217328e+01,2.211132e+01,2.214575e+01
2.250997e+01,2.252369e+01,2.258540e+01,2.254426e+01,2.259225e+01,2.262652e+01,2.251683e+01,2.253741e+01,2.262652e+01,2.264022e+01,2.264708e+01,2.266078e+01,2.268817e+01,2.266078e+01,2.261967e+01,2.264022e+01,2.267447e+01,2.268132e+01,2.266763e+01,2.255798e+01,2.271556e+01,2.268817e+01,2.274294e+01,2.273610e+01,2.267447e+01,2.266763e+01,2.266078e+01,2.265392e+01,2.265392e+01,2.266078e+01,2.276347e+01,2.262652e+01,2.268817e+01,2.275663e+01,2.274294e+01,2.272241e+01,2.278400e+01,2.275663e+01,2.275663e+01,2.261282e+01,2.269502e+01,2.263337e+01,2.272241e+01,2.270871e+01,2.269502e+01,2.281136e+01,2.272241e+01,2.260596e+01,2.256483e+01,2.270871e+01,2.266078e+01,2.270871e+01,2.264708e+01,2.268132e+01,2.279768e+01,2.267447e+01,2.272925e+01,2.264022e+01,2.257169e+01,2.257169e+01,2.255112e+01,2.255112e+01,2.255798e+01,2.257854e+01,2.246880e+01,2.241389e+01,2.256483e+01,2.259225e+01,2.255798e+01,2.248252e+01,2.250311e+01,2.253741e+01,2.253741e+01,2.233833e+01,2.242075e+01,2.264708e+01,2.274294e+01,2.284555e+01,2.278400e+01,2.290024e+01,2.291391e+01,2.294807e+01,2.300953e+01,2.313915e+01,2.312551e+01,2.309141e+01,2.308459e+01,2.317323e+01,2.329585e+01,2.328904e+01,2.336390e+01,2.330265e+01,2.332988e+01,2.331627e+01,2.332307e+01,2.338431e+01,2.337070e+01,2.337751e+01,2.339791e+01,2.345230e+01,2.345230e+01,2.356101e+01,2.357458e+01,2.332988e+01,2.334349e+01,2.341151e+01,2.341831e+01,2.330946e+01,2.318686e+01,2.323456e+01,2.328223e+01,2.339791e+01,2.340471e+01,2.345910e+01,2.345230e+01,2.342511e+01,2.354742e+01,2.343871e+01,2.354742e+01,2.360174e+01,2.366281e+01,2.358816e+01,2.356779e+01,2.358138e+01,2.357458e+01,2.362889e+01,2.365602e+01,2.356779e+01,2.360174e+01,2.363567e+01,2.358138e+01,2.362210e+01,2.364246e+01,2.355421e+01,2.358138e+01,2.349988e+01,2.350667e+01,2.343871e+01,2.349308e+01,2.334349e+01,2.337751e+01,2.349308e+01,2.346590e+01,2.349308e+01,2.342511e+01,2.333668e+01,2.326180e+01,2.337070e+01,2.343191e+01,2.332307e+01,2.335029e+01,2.313915e+01,2.318686e+01,2.304365e+01,2.304365e+01,2.309141e+01,2.309141e+01,2.305730e+01,2.311869e+01,2.303683e+01,2.298221e+01,2.310505e+01,2.305048e+01,2.300953e+01,2.303683e+01,2.300953e+01,2.292074e+01,2.296856e+01,2.301635e+01,2.313915e+01,2.305048e+01,2.310505e+01,2.308459e+01,2.304365e+01,2.309141e+01,2.311187e+01,2.307777e+01,2.302318e+01,2.304365e+01,2.298904e+01,2.300953e+01,2.301635e+01,2.291391e+01,2.302318e+01,2.280452e+01,2.281820e+01,2.264708e+01,2.266763e+01,2.226959e+01,2.198039e+01,2.225584e+01,2.222833e+01,2.231771e+01,2.235894e+01,2.226959e+01,2.230396e+01,2.231084e+01,2.243448e+01,2.246194e+01,2.248252e+01,2.242075e+01,2.248252e+01,2.246194e+01,2.240702e+01,2.241389e+01,2.235207e+01,2.242075e+01,2.239328e+01,2.237268e+01,2.242075e+01,2.237268e+01,2.239328e+01,2.237955e+01,2.237268e+01,2.244135e+01,2.253741e+01,2.239328e+01,2.236581e+01,2.255112e+01,2.237268e+01,2.248939e+01,2.254426e+01,2.244821e+01,2.244135e+01,2.239328e+01,2.253055e+01,2.252369e+01,2.237955e+01,2.245507e+01,2.237955e+01,2.235894e+01,2.242075e+01,2.231084e+01,2.247566e+01,2.238642e+01,2.243448e+01,2.244135e+01,2.239328e+01,2.236581e+01,2.249625e+01,2.248252e+01,2.234520e+01,2.249625e+01,2.244135e+01,2.231771e+01,2.242762e+01,2.249625e+01,2.246880e+01,2.245507e+01,2.242762e+01,2.240702e+01,2.243448e+01,2.243448e+01,2.238642e+01,2.240015e+01,2.244821e+01,2.231084e+01,2.237268e+01,2.236581e+01,2.242075e+01,2.234520e+01,2.233833e+01,2.239328e+01,2.239328e+01,2.241389e+01,2.235207e+01,2.231084e+01,2.240702e+01,2.232458e+01,2.229709e+01,2.231084e+01,2.238642e+01,2.227647e+01,2.231084e+01,2.228334e+01,2.235207e+01,2.227647e+01,2.233146e+01,2.237268e+01,2.221457e+01,2.225584e+01,2.225584e+01,2.229022e+01,2.226959e+01,2.230396e+01,2.229709e+01,2.229022e+01,2.220769e+01,2.229022e+01,2.220081e+01,2.220081e+01,2.230396e+01,2.227647e+01,2.229709e+01,2.231771e+01,2.230396e+01,2.229022e+01,2.226271e+01,2.222833e+01,2.229022e+01,2.229709e+01,2.229022e+01,2.230396e+01,2.226271e+01,2.227647e+01,2.232458e+01,2.222833e+01,2.224896e+01,2.216640e+01,2.221457e+01,2.222145e+01,2.225584e+01,2.220081e+01,2.226271e+01,2.220769e+01,2.220769e+01,2.215952e+01,2.217328e+01,2.223520e+01,2.229022e+01,2.219393e+01,2.232458e+01,2.224208e+01,2.222833e+01,2.224896e+01,2.224896e+01,2.228334e+01,2.220769e+01,2.227647e+01,2.220081e+01,2.222145e+01,2.224208e+01,2.225584e+01,2.226271e+01,2.228334e+01,2.226959e+01,2.224208e+01,2.223520e+01,2.221457e+01,2.218705e+01,2.222833e+01,2.236581e+01,2.217328e+01,2.222145e+01,2.213886e+01,2.213886e+01,2.215263e+01,2.220081e+01,2.219393e+01,2.222833e+01,2.222833e+01,2.220769e+01,2.222833e+01,2.227647e+01,2.222833e+01,2.228334e+01,2.222833e+01,2.226959e+01,2.222833e+01,2.223520e+01,2.224208e+01,2.207688e+01,2.208377e+01,2.189071e+01,2.189071e+01,2.194591e+01,2.186310e+01,2.204932e+01,2.207688e+01,2.204932e+01,2.217328e+01,2.207688e+01,2.205621e+01,2.211821e+01,2.217328e+01,2.211821e+01,2.206310e+01,2.212509e+01,2.211132e+01,2.218016e+01,2.214575e+01,2.215952e+01,2.224896e+01,2.225584e+01,2.224896e+01,2.222833e+01,2.226959e+01,2.222833e+01,2.220081e+01,2.223520e+01,2.228334e+01,2.222833e+01,2.223520e+01,2.231084e+01,2.223520e+01,2.223520e+01,2.219393e+01,2.222833e+01,2.217328e+01,2.219393e+01,2.218705e+01,2.217328e+01,2.216640e+01,2.216640e+01,2.204932e+01,2.213886e+01,2.208377e+01,2.206310e+01,2.204932e+01,2.188381e+01,2.198039e+01,2.191831e+01,2.205621e+01,2.209066e+01,2.211132e+01,2.206310e+01,2.215952e+01,2.213198e+01,2.224896e+01,2.214575e+01,2.207688e+01,2.213886e+01,2.206999e+01,2.218705e+01,2.224896e+01,2.214575e+01,2.215263e+01,2.227647e+01,2.233146e+01,2.218016e+01,2.233833e+01,2.218705e+01,2.229709e+01,2.229022e+01,2.209066e+01,2.222833e+01,2.224896e+01,2.233146e+01,2.228334e+01,2.226959e+01,2.222833e+01,2.226959e+01,2.226959e+01,2.229022e+01,2.235207e+01,2.244821e+01,2.233833e+01,2.229709e+01,2.221457e+01,2.231771e+01,2.222145e+01,2.220769e+01,2.222833e+01,2.224896e+01,2.224208e+01,2.223520e+01,2.218705e+01,2.222145e+01,2.212509e+01,2.216640e+01,2.213198e+01,2.211821e+01,2.211132e+01,2.211821e+01,2.218705e+01,2.211132e+01,2.207688e+01,2.222833e+01,2.211132e+01,2.216640e+01,2.219393e+01,2.218016e+01,2.218016e+01,2.220769e+01,2.215263e+01,2.214575e+01,2.215263e+01,2.213198e+01,2.216640e+01,2.214575e+01,2.209755e+01,2.206310e+01,2.213198e+01,2.209066e+01,2.211132e+01,2.202176e+01,2.200797e+01,2.206999e+01,2.193211e+01,2.186310e+01,2.186310e+01,2.185620e+01,2.178022e+01,2.184239e+01,2.182858e+01,2.178022e+01,2.178022e+01,2.170420e+01,2.167654e+01,2.134402e+01,2.146884e+01,2.135096e+01,2.137177e+01,2.134402e+01,2.134402e+01,2.145498e+01,2.153812e+01,2.153119e+01,2.147577e+01,2.148270e+01,2.157274e+01,2.153119e+01,2.160735e+01,2.159351e+01,2.162811e+01,2.156582e+01,2.150349e+01,2.158659e+01,2.156582e+01,2.162119e+01,2.157967e+01,2.174567e+01,2.162119e+01,2.164195e+01,2.171802e+01,2.171802e+01,2.162119e+01,2.171802e+01,2.166962e+01,2.166270e+01,2.174567e+01,2.173876e+01,2.157967e+01,2.169728e+01,2.167654e+01,2.157274e+01,2.163503e+01,2.153812e+01,2.169728e+01,2.162119e+01,2.168345e+01,2.161427e+01,2.169728e+01,2.162119e+01,2.162119e+01,2.179404e+01,2.168345e+01,2.164195e+01,2.169037e+01,2.166962e+01,2.157967e+01,2.170420e+01,2.171802e+01,2.164195e+01,2.161427e+01,2.175258e+01,2.160043e+01,2.168345e+01,2.173185e+01,2.167654e+01,2.160043e+01,2.169037e+01,2.168345e+01,2.164887e+01,2.172494e+01,2.170420e+01,2.171111e+01,2.178022e+01,2.180786e+01,2.178713e+01,2.179404e+01,2.193211e+01,2.182167e+01,2.192521e+01,2.191141e+01,2.180786e+01,2.193901e+01,2.185620e+01,2.179404e+01,2.188381e+01,2.180095e+01,2.187691e+01,2.182858e+01,2.183548e+01,2.189071e+01,2.211821e+01,2.199418e+01,2.200797e+01,2.202176e+01,2.204243e+01,2.218705e+01,2.215263e+01,2.218016e+01,2.229022e+01,2.227647e+01,2.224896e+01,2.230396e+01,2.228334e+01,2.225584e+01,2.229022e+01,2.227647e+01,2.233833e+01,2.240702e+01,2.235894e+01,2.236581e+01,2.229022e+01,2.241389e+01,2.248939e+01,2.239328e+01,2.250997e+01,2.243448e+01,2.233833e+01,2.247566e+01,2.227647e+01,2.244135e+01,2.239328e+01,2.248252e+01,2.249625e+01,2.236581e+01,2.250997e+01,2.240702e+01,2.237955e+01,2.235894e+01,2.238642e+01,2.242075e+01,2.232458e+01,2.233833e+01,2.241389e+01,2.234520e+01,2.231771e+01,2.220081e+01,2.225584e+01,2.223520e+01,2.223520e+01,2.198729e+01,2.213198e+01,2.205621e+01,2.225584e+01,2.209755e+01,2.213886e+01
2.257854e+01,2.244821e+01,2.255798e+01,2.253741e+01,2.257169e+01,2.272241e+01,2.272925e+01,2.252369e+01,2.259911e+01,2.255112e+01,2.264708e+01,2.271556e+01,2.268132e+01,2.269502e+01,2.269502e+01,2.268132e+01,2.268132e+01,2.264708e+01,2.266763e+01,2.265392e+01,2.270871e+01,2.267447e+01,2.270187e+01,2.265392e+01,2.264022e+01,2.266763e+01,2.264708e+01,2.264022e+01,2.268132e+01,2.266763e+01,2.266078e+01,2.271556e+01,2.274978e+01,2.278400e+01,2.278400e+01,2.275663e+01,2.273610e+01,2.268132e+01,2.250311e+01,2.270187e+01,2.275663e+01,2.270187e+01,2.268817e+01,2.266078e+01,2.272241e+01,2.264708e+01,2.271556e+01,2.269502e+01,2.269502e+01,2.290024e+01,2.263337e+01,2.266763e+01,2.265392e+01,2.264708e+01,2.264022e+01,2.269502e+01,2.262652e+01,2.259911e+01,2.265392e+01,2.255112e+01,2.263337e+01,2.246880e+01,2.259225e+01,2.258540e+01,2.263337e+01,2.257169e+01,2.255798e+01,2.249625e+01,2.257854e+01,2.255112e+01,2.248252e+01,2.240015e+01,2.240702e+01,2.251683e+01,2.261967e+01,2.266078e+01,2.261967e+01,2.274978e+01,2.281820e+01,2.288657e+01,2.292757e+01,2.298221e+01,2.301635e+01,2.298904e+01,2.310505e+01,2.311869e+01,2.311187e+01,2.315960e+01,2.313915e+01,2.326861e+01,2.329585e+01,2.329585e+01,2.329585e+01,2.330946e+01,2.328904e+01,2.333668e+01,2.335029e+01,2.337070e+01,2.337751e+01,2.341151e+01,2.343871e+01,2.347269e+01,2.342511e+01,2.353384e+01,2.324818e+01,2.332988e+01,2.336390e+01,2.330946e+01,2.327542e+01,2.339111e+01,2.320731e+01,2.339791e+01,2.340471e+01,2.343871e+01,2.335710e+01,2.351346e+01,2.322093e+01,2.355421e+01,2.343191e+01,2.340471e+01,2.352026e+01,2.342511e+01,2.354063e+01,2.330946e+01,2.357458e+01,2.353384e+01,2.362889e+01,2.360174e+01,2.353384e+01,2.356101e+01,2.360853e+01,2.348629e+01,2.369672e+01,2.362210e+01,2.359495e+01,2.339791e+01,2.338431e+01,2.341831e+01,2.337751e+01,2.337751e+01,2.337070e+01,2.337070e+01,2.342511e+01,2.347269e+01,2.347949e+01,2.341831e+01,2.331627e+01,2.347949e+01,2.348629e+01,2.346590e+01,2.326861e+01,2.328904e+01,2.317323e+01,2.318686e+01,2.321412e+01,2.303683e+01,2.305048e+01,2.307095e+01,2.302318e+01,2.305048e+01,2.307777e+01,2.296173e+01,2.296856e+01,2.309823e+01,2.296173e+01,2.298904e+01,2.307095e+01,2.298904e+01,2.297539e+01,2.298904e+01,2.304365e+01,2.302318e+01,2.305048e+01,2.303683e+01,2.312551e+01,2.303683e+01,2.306412e+01,2.306412e+01,2.298904e+01,2.298904e+01,2.295490e+01,2.310505e+01,2.294123e+01,2.280452e+01,2.281136e+01,2.278400e+01,2.264022e+01,2.248939e+01,2.240702e+01,2.222833e+01,2.226271e+01,2.231771e+01,2.233146e+01,2.233146e+01,2.235207e+01,2.233146e+01,2.242075e+01,2.229709e+01,2.226959e+01,2.229022e+01,2.239328e+01,2.247566e+01,2.248252e+01,2.242075e+01,2.224208e+01,2.241389e+01,2.243448e+01,2.234520e+01,2.246880e+01,2.243448e+01,2.239328e+01,2.243448e+01,2.240015e+01,2.240702e+01,2.251683e+01,2.250997e+01,2.255798e+01,2.249625e+01,2.248939e+01,2.249625e+01,2.256483e+01,2.251683e+01,2.241389e+01,2.238642e+01,2.240015e+01,2.237268e+01,2.238642e+01,2.247566e+01,2.236581e+01,2.242762e+01,2.229709e+01,2.241389e+01,2.247566e+01,2.231771e+01,2.244821e+01,2.240015e+01,2.237955e+01,2.246880e+01,2.239328e+01,2.246194e+01,2.234520e+01,2.244821e+01,2.248939e+01,2.240015e+01,2.249625e+01,2.239328e+01,2.243448e+01,2.253055e+01,2.242075e+01,2.251683e+01,2.229709e+01,2.243448e+01,2.241389e+01,2.247566e+01,2.240015e+01,2.244135e+01,2.242075e+01,2.242075e+01,2.234520e+01,2.238642e+01,2.236581e+01,2.240015e+01,2.236581e+01,2.234520e+01,2.247566e+01,2.242075e+01,2.235894e+01,2.231771e+01,2.239328e+01,2.238642e+01,2.240015e+01,2.235894e+01,2.229709e+01,2.233146e+01,2.229022e+01,2.233833e+01,2.231084e+01,2.226959e+01,2.229709e+01,2.220769e+01,2.241389e+01,2.231771e+01,2.232458e+01,2.223520e+01,2.235894e+01,2.221457e+01,2.222833e+01,2.229022e+01,2.229022e+01,2.224896e+01,2.205621e+01,2.229022e+01,2.226271e+01,2.230396e+01,2.229709e+01,2.217328e+01,2.228334e+01,2.228334e+01,2.228334e+01,2.228334e+01,2.228334e+01,2.232458e+01,2.235207e+01,2.232458e+01,2.229709e+01,2.223520e+01,2.231084e+01,2.224896e+01,2.231771e+01,2.225584e+01,2.226959e+01,2.242762e+01,2.225584e+01,2.222833e+01,2.226271e+01,2.230396e+01,2.216640e+01,2.225584e+01,2.217328e+01,2.226271e+01,2.228334e+01,2.223520e+01,2.226271e+01,2.222833e+01,2.227647e+01,2.222833e+01,2.228334e+01,2.232458e+01,2.231084e+01,2.229709e+01,2.230396e+01,2.226959e+01,2.225584e+01,2.224208e+01,2.226271e+01,2.222833e+01,2.219393e+01,2.222833e+01,2.221457e+01,2.218705e+01,2.218016e+01,2.220769e+01,2.225584e+01,2.216640e+01,2.215952e+01,2.224208e+01,2.211132e+01,2.205621e+01,2.209755e+01,2.219393e+01,2.221457e+01,2.214575e+01,2.218705e+01,2.218705e+01,2.215952e+01,2.215952e+01,2.218705e+01,2.224208e+01,2.221457e+01,2.214575e+01,2.215263e+01,2.215952e+01,2.186310e+01,2.187691e+01,2.188381e+01,2.203554e+01,2.195280e+01,2.218016e+01,2.205621e+01,2.211132e+01,2.206999e+01,2.206999e+01,2.218016e+01,2.222145e+01,2.212509e+01,2.215263e+01,2.212509e+01,2.224208e+01,2.218016e+01,2.216640e+01,2.210443e+01,2.218705e+01,2.210443e+01,2.213198e+01,2.220769e+01,2.218705e+01,2.226271e+01,2.229709e+01,2.228334e+01,2.225584e+01,2.226959e+01,2.225584e+01,2.229022e+01,2.226959e+01,2.220769e+01,2.218016e+01,2.221457e+01,2.218016e+01,2.211821e+01,2.219393e+01,2.212509e+01,2.214575e+01,2.204932e+01,2.217328e+01,2.214575e+01,2.205621e+01,2.211132e+01,2.217328e+01,2.208377e+01,2.203554e+01,2.199418e+01,2.198729e+01,2.214575e+01,2.211821e+01,2.217328e+01,2.218016e+01,2.220081e+01,2.213886e+01,2.229022e+01,2.222833e+01,2.216640e+01,2.209066e+01,2.229022e+01,2.216640e+01,2.228334e+01,2.212509e+01,2.225584e+01,2.231771e+01,2.219393e+01,2.216640e+01,2.235207e+01,2.226959e+01,2.211821e+01,2.225584e+01,2.226959e+01,2.215263e+01,2.229709e+01,2.235894e+01,2.235894e+01,2.224208e+01,2.226959e+01,2.232458e+01,2.227647e+01,2.233146e+01,2.235207e+01,2.237955e+01,2.231771e+01,2.229709e+01,2.229709e+01,2.231771e+01,2.225584e+01,2.229022e+01,2.218705e+01,2.225584e+01,2.215952e+01,2.219393e+01,2.221457e+01,2.218705e+01,2.214575e+01,2.227647e+01,2.215952e+01,2.209066e+01,2.204243e+01,2.209066e+01,2.203554e+01,2.211132e+01,2.213198e+01,2.216640e+01,2.225584e+01,2.218705e+01,2.218705e+01,2.218705e+01,2.217328e+01,2.214575e+01,2.218016e+01,2.221457e+01,2.213886e+01,2.209066e+01,2.214575e+01,2.213198e+01,2.221457e+01,2.209066e+01,2.209066e+01,2.214575e+01,2.211132e+01,2.209755e+01,2.198729e+01,2.197349e+01,2.196660e+01,2.204243e+01,2.187691e+01,2.198729e+01,2.209755e+01,2.207688e+01,2.181476e+01,2.184239e+01,2.169037e+01,2.166962e+01,2.166962e+01,2.158659e+01,2.143419e+01,2.136484e+01,2.136484e+01,2.142725e+01,2.119126e+01,2.139952e+01,2.147577e+01,2.150349e+01,2.149656e+01,2.144112e+01,2.157967e+01,2.163503e+01,2.154505e+01,2.157967e+01,2.166962e+01,2.151734e+01,2.165579e+01,2.163503e+01,2.161427e+01,2.157274e+01,2.158659e+01,2.162119e+01,2.161427e+01,2.169037e+01,2.163503e+01,2.162811e+01,2.171111e+01,2.171111e+01,2.172494e+01,2.166270e+01,2.171111e+01,2.162811e+01,2.173185e+01,2.168345e+01,2.158659e+01,2.165579e+01,2.169728e+01,2.161427e+01,2.163503e+01,2.162119e+01,2.171111e+01,2.164195e+01,2.169037e+01,2.172494e+01,2.172494e+01,2.164887e+01,2.158659e+01,2.167654e+01,2.162811e+01,2.160735e+01,2.164195e+01,2.163503e+01,2.171111e+01,2.175258e+01,2.162811e+01,2.158659e+01,2.164887e+01,2.159351e+01,2.166962e+01,2.166270e+01,2.169037e+01,2.164195e+01,2.169037e+01,2.173185e+01,2.169037e+01,2.167654e+01,2.179404e+01,2.175258e+01,2.182167e+01,2.178713e+01,2.178022e+01,2.183548e+01,2.182167e+01,2.178022e+01,2.193901e+01,2.191831e+01,2.181476e+01,2.178022e+01,2.182858e+01,2.180786e+01,2.186310e+01,2.189071e+01,2.189761e+01,2.204243e+01,2.186310e+01,2.211132e+01,2.198729e+01,2.212509e+01,2.213886e+01,2.208377e+01,2.211132e+01,2.206999e+01,2.226271e+01,2.224896e+01,2.225584e+01,2.226271e+01,2.235207e+01,2.225584e+01,2.228334e+01,2.236581e+01,2.230396e+01,2.226959e+01,2.248252e+01,2.241389e+01,2.239328e+01,2.248252e+01,2.241389e+01,2.235894e+01,2.234520e+01,2.242762e+01,2.232458e+01,2.244821e+01,2.248252e+01,2.244821e+01,2.226959e+01,2.232458e+01,2.235207e+01,2.238642e+01,2.240015e+01,2.244135e+01,2.241389e+01,2.235207e+01,2.234520e+01,2.242075e+01,2.240702e+01,2.231084e+01,2.238642e+01,2.244135e+01,2.228334e+01,2.224896e+01,2.222833e+01,2.222145e+01,2.206999e+01,2.224896e+01,2.206310e+01,2.211821e+01,2.196660e+01,2.209066e+01,2.211132e+01,2.215263e+01
2.258540e+01,2.276347e+01,2.255798e+01,2.257854e+01,2.256483e+01,2.257169e+01,2.254426e+01,2.263337e+01,2.253741e+01,2.270187e+01,2.269502e+01,2.261967e+01,2.268817e+01,2.267447e+01,2.261967e+01,2.264708e+01,2.274294e+01,2.270187e+01,2.264022e+01,2.261967e+01,2.261282e+01,2.261967e+01,2.282504e+01,2.270871e+01,2.273610e+01,2.261967e+01,2.268817e+01,2.264022e+01,2.270871e+01,2.270187e+01,2.268132e+01,2.265392e+01,2.270187e+01,2.270187e+01,2.279768e+01,2.272925e+01,2.272241e+01,2.268132e+01,2.268132e+01,2.267447e+01,2.277032e+01,2.272925e+01,2.277032e+01,2.272241e+01,2.272241e+01,2.266763e+01,2.282504e+01,2.263337e+01,2.261967e+01,2.266078e+01,2.272241e+01,2.272241e+01,2.266763e+01,2.266078e+01,2.300270e+01,2.265392e+01,2.266078e+01,2.272241e+01,2.253741e+01,2.259225e+01,2.261282e+01,2.255112e+01,2.250997e+01,2.255112e+01,2.254426e+01,2.263337e+01,2.254426e+01,2.248252e+01,2.247566e+01,2.254426e+01,2.250997e+01,2.255798e+01,2.233833e+01,2.240702e+01,2.264708e+01,2.259911e+01,2.266078e+01,2.266078e+01,2.279768e+01,2.287290e+01,2.289341e+01,2.296173e+01,2.296856e+01,2.306412e+01,2.287290e+01,2.310505e+01,2.309823e+01,2.323456e+01,2.328223e+01,2.313233e+01,2.326180e+01,2.323456e+01,2.328223e+01,2.329585e+01,2.330946e+01,2.320731e+01,2.333668e+01,2.331627e+01,2.338431e+01,2.338431e+01,2.331627e+01,2.327542e+01,2.341831e+01,2.349988e+01,2.324137e+01,2.321412e+01,2.323456e+01,2.330265e+01,2.323456e+01,2.325499e+01,2.320731e+01,2.343191e+01,2.330265e+01,2.335710e+01,2.341831e+01,2.341151e+01,2.343871e+01,2.342511e+01,2.337070e+01,2.337070e+01,2.341151e+01,2.355421e+01,2.342511e+01,2.354742e+01,2.337070e+01,2.349988e+01,2.354742e+01,2.352705e+01,2.351346e+01,2.349308e+01,2.348629e+01,2.339791e+01,2.361531e+01,2.350667e+01,2.361531e+01,2.356101e+01,2.340471e+01,2.332307e+01,2.328223e+01,2.333668e+01,2.342511e+01,2.326861e+01,2.318005e+01,2.342511e+01,2.343191e+01,2.345230e+01,2.347949e+01,2.340471e+01,2.349308e+01,2.345230e+01,2.331627e+01,2.339791e+01,2.329585e+01,2.317323e+01,2.309823e+01,2.304365e+01,2.303683e+01,2.298221e+01,2.309823e+01,2.307777e+01,2.297539e+01,2.305048e+01,2.298221e+01,2.301635e+01,2.294807e+01,2.291391e+01,2.296173e+01,2.308459e+01,2.298221e+01,2.310505e+01,2.300953e+01,2.301635e+01,2.305048e+01,2.307095e+01,2.299587e+01,2.287290e+01,2.309141e+01,2.300270e+01,2.282504e+01,2.294807e+01,2.290707e+01,2.287290e+01,2.279768e+01,2.270871e+01,2.280452e+01,2.269502e+01,2.253741e+01,2.258540e+01,2.236581e+01,2.224896e+01,2.211132e+01,2.226959e+01,2.227647e+01,2.254426e+01,2.233833e+01,2.241389e+01,2.230396e+01,2.230396e+01,2.242762e+01,2.246194e+01,2.237955e+01,2.249625e+01,2.249625e+01,2.236581e+01,2.239328e+01,2.250997e+01,2.237268e+01,2.225584e+01,2.242075e+01,2.235894e+01,2.238642e+01,2.238642e+01,2.239328e+01,2.247566e+01,2.243448e+01,2.249625e+01,2.240015e+01,2.253741e+01,2.244821e+01,2.249625e+01,2.249625e+01,2.240702e+01,2.247566e+01,2.255798e+01,2.240015e+01,2.246194e+01,2.235207e+01,2.247566e+01,2.236581e+01,2.236581e+01,2.246194e+01,2.245507e+01,2.242075e+01,2.246880e+01,2.241389e+01,2.242075e+01,2.243448e+01,2.250997e+01,2.253055e+01,2.242762e+01,2.244135e+01,2.248939e+01,2.244135e+01,2.245507e+01,2.242762e+01,2.240702e+01,2.240015e+01,2.246194e+01,2.245507e+01,2.247566e+01,2.238642e+01,2.235894e+01,2.242075e+01,2.244821e+01,2.240702e+01,2.231771e+01,2.243448e+01,2.233146e+01,2.240702e+01,2.236581e+01,2.237268e+01,2.234520e+01,2.235207e+01,2.227647e+01,2.240702e+01,2.241389e+01,2.241389e+01,2.238642e+01,2.239328e+01,2.244135e+01,2.237955e+01,2.235207e+01,2.237268e+01,2.235207e+01,2.240015e+01,2.232458e+01,2.232458e+01,2.228334e+01,2.242762e+01,2.237268e+01,2.225584e+01,2.236581e+01,2.234520e+01,2.233833e+01,2.244135e+01,2.232458e+01,2.230396e+01,2.223520e+01,2.229709e+01,2.227647e+01,2.231771e+01,2.227647e+01,2.227647e+01,2.233146e+01,2.229022e+01,2.228334e+01,2.229709e+01,2.229022e+01,2.231084e+01,2.224208e+01,2.231771e+01,2.230396e+01,2.229709e+01,2.225584e+01,2.232458e+01,2.228334e+01,2.224896e+01,2.229709e+01,2.218705e+01,2.224896e+01,2.230396e+01,2.227647e+01,2.221457e+01,2.226959e+01,2.227647e+01,2.220081e+01,2.214575e+01,2.218016e+01,2.221457e+01,2.229709e+01,2.229022e+01,2.224896e+01,2.224208e+01,2.222145e+01,2.224896e+01,2.224896e+01,2.224208e+01,2.213198e+01,2.223520e+01,2.218705e+01,2.229709e+01,2.222833e+01,2.229022e+01,2.229022e+01,2.222833e+01,2.225584e+01,2.223520e+01,2.221457e+01,2.220081e+01,2.222145e+01,2.225584e+01,2.217328e+01,2.215952e+01,2.218705e+01,2.218705e+01,2.219393e+01,2.213198e+01,2.215952e+01,2.223520e+01,2.219393e+01,2.219393e+01,2.222145e+01,2.220081e+01,2.222145e+01,2.225584e+01,2.221457e+01,2.224208e+01,2.187000e+01,2.215952e+01,2.217328e+01,2.224208e+01,2.203554e+01,2.198729e+01,2.194591e+01,2.195280e+01,2.189761e+01,2.196660e+01,2.204243e+01,2.209066e+01,2.204243e+01,2.211821e+01,2.205621e+01,2.218016e+01,2.211821e+01,2.208377e+01,2.213198e+01,2.209066e+01,2.223520e+01,2.218705e+01,2.205621e+01,2.222145e+01,2.213886e+01,2.212509e+01,2.222833e+01,2.221457e+01,2.223520e+01,2.222833e+01,2.226271e+01,2.229709e+01,2.224208e+01,2.221457e+01,2.215263e+01,2.219393e+01,2.213886e+01,2.217328e+01,2.215952e+01,2.219393e+01,2.221457e+01,2.221457e+01,2.236581e+01,2.213198e+01,2.213198e+01,2.209066e+01,2.212509e+01,2.212509e+01,2.206999e+01,2.214575e+01,2.217328e+01,2.204243e+01,2.195970e+01,2.200107e+01,2.204243e+01,2.217328e+01,2.211132e+01,2.213198e+01,2.214575e+01,2.215952e+01,2.220769e+01,2.216640e+01,2.224208e+01,2.210443e+01,2.211821e+01,2.213886e+01,2.227647e+01,2.211132e+01,2.231084e+01,2.231084e+01,2.231771e+01,2.229709e+01,2.232458e+01,2.221457e+01,2.231084e+01,2.228334e+01,2.213886e+01,2.232458e+01,2.233833e+01,2.228334e+01,2.235207e+01,2.238642e+01,2.235894e+01,2.233833e+01,2.223520e+01,2.229709e+01,2.224896e+01,2.229022e+01,2.235207e+01,2.233146e+01,2.229709e+01,2.237955e+01,2.246880e+01,2.222833e+01,2.220081e+01,2.223520e+01,2.222833e+01,2.241389e+01,2.229022e+01,2.232458e+01,2.221457e+01,2.222145e+01,2.221457e+01,2.224208e+01,2.213198e+01,2.199418e+01,2.215263e+01,2.209755e+01,2.215263e+01,2.214575e+01,2.215952e+01,2.218016e+01,2.222833e+01,2.222833e+01,2.222833e+01,2.218705e+01,2.218705e+01,2.222145e+01,2.215263e+01,2.213886e+01,2.220081e+01,2.220081e+01,2.217328e+01,2.212509e+01,2.217328e+01,2.214575e+01,2.217328e+01,2.209755e+01,2.213886e+01,2.207688e+01,2.218705e+01,2.209066e+01,2.207688e+01,2.209066e+01,2.211132e+01,2.194591e+01,2.188381e+01,2.206999e+01,2.208377e+01,2.180786e+01,2.169728e+01,2.150349e+01,2.150349e+01,2.147577e+01,2.136484e+01,2.147577e+01,2.138565e+01,2.153119e+01,2.142725e+01,2.146884e+01,2.146884e+01,2.155197e+01,2.153812e+01,2.151042e+01,2.164195e+01,2.164195e+01,2.152427e+01,2.164195e+01,2.164195e+01,2.161427e+01,2.156582e+01,2.158659e+01,2.157967e+01,2.170420e+01,2.164195e+01,2.162811e+01,2.173185e+01,2.169037e+01,2.165579e+01,2.168345e+01,2.172494e+01,2.171802e+01,2.171111e+01,2.175949e+01,2.173185e+01,2.176641e+01,2.175949e+01,2.164195e+01,2.157967e+01,2.168345e+01,2.177332e+01,2.160043e+01,2.154505e+01,2.164195e+01,2.164887e+01,2.167654e+01,2.163503e+01,2.161427e+01,2.177332e+01,2.168345e+01,2.163503e+01,2.166962e+01,2.166270e+01,2.168345e+01,2.171802e+01,2.173876e+01,2.175258e+01,2.164195e+01,2.166270e+01,2.164887e+01,2.169728e+01,2.170420e+01,2.166270e+01,2.169037e+01,2.163503e+01,2.172494e+01,2.166962e+01,2.182858e+01,2.174567e+01,2.182858e+01,2.185620e+01,2.182858e+01,2.184929e+01,2.182858e+01,2.189071e+01,2.192521e+01,2.184929e+01,2.193901e+01,2.193901e+01,2.188381e+01,2.183548e+01,2.180095e+01,2.200797e+01,2.187000e+01,2.189071e+01,2.191141e+01,2.208377e+01,2.204932e+01,2.203554e+01,2.207688e+01,2.216640e+01,2.213886e+01,2.207688e+01,2.206310e+01,2.235207e+01,2.223520e+01,2.214575e+01,2.224896e+01,2.231084e+01,2.235207e+01,2.225584e+01,2.241389e+01,2.231084e+01,2.227647e+01,2.231771e+01,2.238642e+01,2.234520e+01,2.240702e+01,2.239328e+01,2.237268e+01,2.236581e+01,2.243448e+01,2.246880e+01,2.244821e+01,2.247566e+01,2.244821e+01,2.246194e+01,2.236581e+01,2.235207e+01,2.236581e+01,2.243448e+01,2.234520e+01,2.237268e+01,2.237955e+01,2.230396e+01,2.245507e+01,2.219393e+01,2.230396e+01,2.237268e+01,2.226959e+01,2.225584e+01,2.226271e+01,2.224896e+01,2.226959e+01,2.222833e+01,2.207688e+01,2.212509e+01,2.208377e+01,2.209066e+01,2.204243e+01,2.215952e+01,2.217328e+01,2.215952e+01
2.260596e+01,2.250997e+01,2.266763e+01,2.259225e+01,2.267447e+01,2.272925e+01,2.251683e+01,2.263337e+01,2.270871e+01,2.279768e+01,2.265392e+01,2.268817e+01,2.264708e+01,2.261282e+01,2.263337e+01,2.274294e+01,2.262652e+01,2.277032e+01,2.262652e+01,2.261967e+01,2.266078e+01,2.257169e+01,2.263337e+01,2.261282e+01,2.262652e+01,2.261282e+01,2.264022e+01,2.265392e+01,2.265392e+01,2.267447e+01,2.265392e+01,2.266763e+01,2.281820e+01,2.268132e+01,2.270187e+01,2.269502e+01,2.271556e+01,2.270187e+01,2.272241e+01,2.265392e+01,2.253741e+01,2.272241e+01,2.266078e+01,2.271556e+01,2.272925e+01,2.272925e+01,2.270871e+01,2.268817e+01,2.265392e+01,2.273610e+01,2.267447e+01,2.273610e+01,2.266078e+01,2.274294e+01,2.273610e+01,2.265392e+01,2.255112e+01,2.282504e+01,2.250997e+01,2.253741e+01,2.254426e+01,2.261282e+01,2.262652e+01,2.248252e+01,2.261282e+01,2.258540e+01,2.244821e+01,2.249625e+01,2.245507e+01,2.249625e+01,2.246880e+01,2.248252e+01,2.244821e+01,2.246880e+01,2.262652e+01,2.263337e+01,2.280452e+01,2.288657e+01,2.283872e+01,2.270871e+01,2.272925e+01,2.277716e+01,2.300953e+01,2.305048e+01,2.313915e+01,2.301635e+01,2.302318e+01,2.314597e+01,2.307095e+01,2.319368e+01,2.308459e+01,2.318686e+01,2.328223e+01,2.320049e+01,2.320049e+01,2.328904e+01,2.332988e+01,2.335029e+01,2.338431e+01,2.341831e+01,2.341151e+01,2.345910e+01,2.330265e+01,2.326861e+01,2.329585e+01,2.326861e+01,2.310505e+01,2.318686e+01,2.322093e+01,2.324137e+01,2.327542e+01,2.321412e+01,2.327542e+01,2.320731e+01,2.329585e+01,2.337751e+01,2.328223e+01,2.322775e+01,2.333668e+01,2.339791e+01,2.332988e+01,2.352705e+01,2.349988e+01,2.333668e+01,2.347269e+01,2.343191e+01,2.351346e+01,2.349308e+01,2.343191e+01,2.345230e+01,2.347949e+01,2.352705e+01,2.332988e+01,2.349308e+01,2.341151e+01,2.339111e+01,2.340471e+01,2.333668e+01,2.328904e+01,2.323456e+01,2.323456e+01,2.320049e+01,2.325499e+01,2.324818e+01,2.328904e+01,2.339791e+01,2.345230e+01,2.332988e+01,2.368994e+01,2.341151e+01,2.349988e+01,2.339791e+01,2.333668e+01,2.324137e+01,2.309141e+01,2.313915e+01,2.309823e+01,2.303000e+01,2.306412e+01,2.297539e+01,2.295490e+01,2.296173e+01,2.290707e+01,2.296856e+01,2.298221e+01,2.287290e+01,2.311187e+01,2.299587e+01,2.294123e+01,2.304365e+01,2.307777e+01,2.293440e+01,2.305730e+01,2.305730e+01,2.301635e+01,2.298904e+01,2.294807e+01,2.286607e+01,2.286607e+01,2.293440e+01,2.287290e+01,2.290024e+01,2.261282e+01,2.281136e+01,2.251683e+01,2.257169e+01,2.250997e+01,2.252369e+01,2.237955e+01,2.215952e+01,2.220081e+01,2.231084e+01,2.227647e+01,2.229709e+01,2.240702e+01,2.239328e+01,2.246880e+01,2.242762e+01,2.244821e+01,2.247566e+01,2.248939e+01,2.244821e+01,2.238642e+01,2.242075e+01,2.248252e+01,2.231771e+01,2.227647e+01,2.233833e+01,2.226959e+01,2.227647e+01,2.241389e+01,2.247566e+01,2.241389e+01,2.248252e+01,2.248252e+01,2.246880e+01,2.252369e+01,2.243448e+01,2.248939e+01,2.240015e+01,2.239328e+01,2.246194e+01,2.242762e+01,2.242762e+01,2.243448e+01,2.240702e+01,2.235894e+01,2.241389e+01,2.242075e+01,2.245507e+01,2.234520e+01,2.231771e+01,2.245507e+01,2.240702e+01,2.244135e+01,2.246880e+01,2.246194e+01,2.240702e+01,2.241389e+01,2.244135e+01,2.238642e+01,2.233146e+01,2.248252e+01,2.245507e+01,2.237268e+01,2.240015e+01,2.247566e+01,2.253741e+01,2.246880e+01,2.249625e+01,2.240702e+01,2.243448e+01,2.238642e+01,2.242762e+01,2.246880e+01,2.230396e+01,2.237955e+01,2.247566e+01,2.235894e+01,2.236581e+01,2.237955e+01,2.237955e+01,2.238642e+01,2.226959e+01,2.235894e+01,2.241389e+01,2.232458e+01,2.240015e+01,2.230396e+01,2.239328e+01,2.243448e+01,2.240015e+01,2.237955e+01,2.232458e+01,2.231771e+01,2.231084e+01,2.230396e+01,2.231771e+01,2.227647e+01,2.227647e+01,2.224896e+01,2.229709e+01,2.223520e+01,2.231771e+01,2.231771e+01,2.220769e+01,2.232458e+01,2.234520e+01,2.231084e+01,2.234520e+01,2.233833e+01,2.224896e+01,2.228334e+01,2.230396e+01,2.234520e+01,2.229022e+01,2.243448e+01,2.231771e+01,2.232458e+01,2.232458e+01,2.233146e+01,2.231771e+01,2.226271e+01,2.229709e+01,2.233146e+01,2.227647e+01,2.224896e+01,2.225584e+01,2.226271e+01,2.224208e+01,2.224208e+01,2.228334e+01,2.226959e+01,2.229709e+01,2.237955e+01,2.234520e+01,2.236581e+01,2.229709e+01,2.229709e+01,2.227647e+01,2.235894e+01,2.230396e+01,2.224896e+01,2.223520e+01,2.225584e+01,2.227647e+01,2.226959e+01,2.226959e+01,2.221457e+01,2.217328e+01,2.224896e+01,2.221457e+01,2.228334e+01,2.228334e+01,2.226959e+01,2.225584e+01,2.217328e+01,2.220769e+01,2.222833e+01,2.222145e+01,2.222145e+01,2.216640e+01,2.214575e+01,2.224896e+01,2.218705e+01,2.241389e+01,2.211132e+01,2.220769e+01,2.222833e+01,2.219393e+01,2.218016e+01,2.217328e+01,2.218705e+01,2.230396e+01,2.213198e+01,2.221457e+01,2.222145e+01,2.226271e+01,2.224208e+01,2.224896e+01,2.226271e+01,2.202176e+01,2.193901e+01,2.188381e+01,2.189071e+01,2.199418e+01,2.196660e+01,2.204243e+01,2.194591e+01,2.209755e+01,2.210443e+01,2.205621e+01,2.218016e+01,2.215952e+01,2.219393e+01,2.218016e+01,2.216640e+01,2.222833e+01,2.212509e+01,2.214575e+01,2.211132e+01,2.214575e+01,2.222833e+01,2.213886e+01,2.212509e+01,2.220769e+01,2.224896e+01,2.222145e+01,2.226959e+01,2.222145e+01,2.222833e+01,2.221457e+01,2.231084e+01,2.217328e+01,2.226271e+01,2.225584e+01,2.215263e+01,2.220769e+01,2.222833e+01,2.215952e+01,2.209755e+01,2.220081e+01,2.210443e+01,2.206999e+01,2.213198e+01,2.206999e+01,2.209755e+01,2.211132e+01,2.206310e+01,2.205621e+01,2.193901e+01,2.212509e+01,2.211821e+01,2.212509e+01,2.213886e+01,2.211821e+01,2.222833e+01,2.225584e+01,2.218705e+01,2.231771e+01,2.216640e+01,2.226959e+01,2.228334e+01,2.216640e+01,2.229709e+01,2.224208e+01,2.229709e+01,2.230396e+01,2.231771e+01,2.226959e+01,2.219393e+01,2.223520e+01,2.233833e+01,2.233146e+01,2.233833e+01,2.237955e+01,2.228334e+01,2.231771e+01,2.226271e+01,2.236581e+01,2.230396e+01,2.238642e+01,2.237955e+01,2.239328e+01,2.231084e+01,2.235207e+01,2.233833e+01,2.233146e+01,2.226271e+01,2.233146e+01,2.232458e+01,2.228334e+01,2.229022e+01,2.222833e+01,2.233146e+01,2.233833e+01,2.229022e+01,2.229709e+01,2.235894e+01,2.233833e+01,2.222145e+01,2.206310e+01,2.216640e+01,2.209755e+01,2.215952e+01,2.213886e+01,2.211132e+01,2.211821e+01,2.213886e+01,2.219393e+01,2.221457e+01,2.218016e+01,2.224208e+01,2.222833e+01,2.224208e+01,2.215263e+01,2.211821e+01,2.219393e+01,2.213886e+01,2.211821e+01,2.215952e+01,2.213886e+01,2.211132e+01,2.214575e+01,2.211132e+01,2.213886e+01,2.214575e+01,2.204932e+01,2.207688e+01,2.209755e+01,2.209066e+01,2.211821e+01,2.205621e+01,2.196660e+01,2.198729e+01,2.182858e+01,2.185620e+01,2.166270e+01,2.164887e+01,2.153119e+01,2.153812e+01,2.158659e+01,2.149656e+01,2.133708e+01,2.148270e+01,2.146191e+01,2.154505e+01,2.148963e+01,2.173185e+01,2.155890e+01,2.155890e+01,2.160043e+01,2.157967e+01,2.154505e+01,2.159351e+01,2.153119e+01,2.151042e+01,2.153812e+01,2.160735e+01,2.158659e+01,2.163503e+01,2.167654e+01,2.175949e+01,2.164887e+01,2.166962e+01,2.161427e+01,2.167654e+01,2.171802e+01,2.181476e+01,2.177332e+01,2.173185e+01,2.171802e+01,2.167654e+01,2.180786e+01,2.162119e+01,2.166270e+01,2.164887e+01,2.171802e+01,2.163503e+01,2.162119e+01,2.163503e+01,2.170420e+01,2.169037e+01,2.176641e+01,2.164887e+01,2.175949e+01,2.171111e+01,2.172494e+01,2.164887e+01,2.178713e+01,2.175258e+01,2.167654e+01,2.163503e+01,2.174567e+01,2.174567e+01,2.173185e+01,2.164195e+01,2.174567e+01,2.166270e+01,2.169037e+01,2.169728e+01,2.162811e+01,2.193901e+01,2.171111e+01,2.185620e+01,2.175258e+01,2.186310e+01,2.169037e+01,2.180786e+01,2.192521e+01,2.191141e+01,2.193211e+01,2.187691e+01,2.187691e+01,2.189761e+01,2.186310e+01,2.193211e+01,2.190451e+01,2.202865e+01,2.183548e+01,2.200797e+01,2.200107e+01,2.198729e+01,2.199418e+01,2.204932e+01,2.203554e+01,2.204932e+01,2.218016e+01,2.222833e+01,2.207688e+01,2.226271e+01,2.223520e+01,2.221457e+01,2.222833e+01,2.228334e+01,2.234520e+01,2.220769e+01,2.240702e+01,2.240015e+01,2.243448e+01,2.237955e+01,2.233146e+01,2.247566e+01,2.237268e+01,2.236581e+01,2.235894e+01,2.237268e+01,2.236581e+01,2.237268e+01,2.249625e+01,2.244821e+01,2.239328e+01,2.240015e+01,2.241389e+01,2.232458e+01,2.234520e+01,2.234520e+01,2.226959e+01,2.246194e+01,2.237955e+01,2.236581e+01,2.236581e+01,2.220081e+01,2.235207e+01,2.237955e+01,2.229709e+01,2.226959e+01,2.223520e+01,2.225584e+01,2.225584e+01,2.224896e+01,2.206310e+01,2.208377e+01,2.224208e+01,2.208377e+01,2.218705e+01,2.218705e+01,2.196660e+01,2.216640e+01,2.232458e+01
2.262652e+01,2.264022e+01,2.276347e+01,2.272241e+01,2.261282e+01,2.257169e+01,2.268817e+01,2.255798e+01,2.265392e+01,2.273610e+01,2.264708e+01,2.272925e+01,2.265392e+01,2.265392e+01,2.266763e+01,2.264708e+01,2.262652e+01,2.263337e+01,2.274294e+01,2.261282e+01,2.250997e+01,2.255112e+01,2.259911e+01,2.260596e+01,2.255112e+01,2.266763e+01,2.265392e+01,2.263337e+01,2.263337e+01,2.266078e+01,2.265392e+01,2.266078e+01,2.268132e+01,2.266763e+01,2.270871e+01,2.273610e+01,2.266078e+01,2.268817e+01,2.268132e+01,2.264022e+01,2.259225e+01,2.267447e+01,2.268132e+01,2.249625e+01,2.250997e+01,2.268132e+01,2.265392e+01,2.268817e+01,2.266078e+01,2.270871e+01,2.265392e+01,2.265392e+01,2.268817e+01,2.265392e+01,2.259225e+01,2.268132e+01,2.279084e+01,2.255798e+01,2.260596e+01,2.249625e+01,2.255798e+01,2.253055e+01,2.248252e+01,2.246194e+01,2.260596e+01,2.261282e+01,2.253055e+01,2.261282e+01,2.248939e+01,2.249625e+01,2.246880e+01,2.242762e+01,2.248939e+01,2.235894e+01,2.255798e+01,2.259225e+01,2.263337e+01,2.287290e+01,2.266763e+01,2.286607e+01,2.285239e+01,2.285239e+01,2.284555e+01,2.293440e+01,2.293440e+01,2.310505e+01,2.302318e+01,2.305048e+01,2.330946e+01,2.324818e+01,2.322093e+01,2.324818e+01,2.316642e+01,2.319368e+01,2.320049e+01,2.317323e+01,2.322093e+01,2.309823e+01,2.326180e+01,2.330265e+01,2.324818e+01,2.334349e+01,2.330946e+01,2.322093e+01,2.303683e+01,2.339791e+01,2.301635e+01,2.314597e+01,2.318686e+01,2.330265e+01,2.329585e+01,2.328904e+01,2.301635e+01,2.309141e+01,2.311869e+01,2.319368e+01,2.329585e+01,2.318005e+01,2.310505e+01,2.330265e+01,2.313233e+01,2.316642e+01,2.329585e+01,2.318686e+01,2.321412e+01,2.316642e+01,2.310505e+01,2.321412e+01,2.314597e+01,2.324137e+01,2.339791e+01,2.337070e+01,2.338431e+01,2.334349e+01,2.336390e+01,2.334349e+01,2.329585e+01,2.322775e+01,2.326861e+01,2.313233e+01,2.325499e+01,2.316642e+01,2.322093e+01,2.320049e+01,2.326180e+01,2.322775e+01,2.322775e+01,2.328904e+01,2.341831e+01,2.329585e+01,2.348629e+01,2.333668e+01,2.326861e+01,2.328904e+01,2.325499e+01,2.324137e+01,2.314597e+01,2.300270e+01,2.298221e+01,2.296856e+01,2.294807e+01,2.293440e+01,2.288657e+01,2.292074e+01,2.296173e+01,2.301635e+01,2.300953e+01,2.296856e+01,2.298904e+01,2.293440e+01,2.295490e+01,2.290707e+01,2.307095e+01,2.303000e+01,2.285239e+01,2.294807e+01,2.285923e+01,2.282504e+01,2.286607e+01,2.283872e+01,2.270871e+01,2.287974e+01,2.285923e+01,2.250997e+01,2.255112e+01,2.250311e+01,2.250311e+01,2.240702e+01,2.218016e+01,2.223520e+01,2.206999e+01,2.222145e+01,2.231771e+01,2.231771e+01,2.237955e+01,2.235894e+01,2.243448e+01,2.250997e+01,2.235207e+01,2.236581e+01,2.239328e+01,2.252369e+01,2.250311e+01,2.242075e+01,2.248939e+01,2.235207e+01,2.231084e+01,2.233146e+01,2.234520e+01,2.235894e+01,2.237268e+01,2.239328e+01,2.243448e+01,2.246880e+01,2.240702e+01,2.248252e+01,2.244821e+01,2.239328e+01,2.255112e+01,2.238642e+01,2.239328e+01,2.244135e+01,2.243448e+01,2.246194e+01,2.240015e+01,2.242762e+01,2.245507e+01,2.237268e+01,2.242075e+01,2.246880e+01,2.244821e+01,2.243448e+01,2.244135e+01,2.240015e+01,2.244821e+01,2.240702e+01,2.243448e+01,2.244821e+01,2.248939e+01,2.242075e+01,2.250311e+01,2.237268e+01,2.246880e+01,2.241389e+01,2.244135e+01,2.240015e+01,2.233833e+01,2.244135e+01,2.237955e+01,2.238642e+01,2.250311e+01,2.240015e+01,2.246194e+01,2.241389e+01,2.242762e+01,2.231771e+01,2.233833e+01,2.246880e+01,2.235207e+01,2.236581e+01,2.235894e+01,2.229709e+01,2.237955e+01,2.229022e+01,2.237955e+01,2.241389e+01,2.242075e+01,2.240015e+01,2.238642e+01,2.237268e+01,2.237955e+01,2.238642e+01,2.237955e+01,2.229022e+01,2.226271e+01,2.232458e+01,2.235894e+01,2.246194e+01,2.231771e+01,2.235894e+01,2.226959e+01,2.231771e+01,2.229709e+01,2.233833e+01,2.224896e+01,2.230396e+01,2.231084e+01,2.227647e+01,2.237268e+01,2.227647e+01,2.229022e+01,2.223520e+01,2.223520e+01,2.226271e+01,2.231084e+01,2.230396e+01,2.231084e+01,2.233146e+01,2.223520e+01,2.230396e+01,2.233833e+01,2.231084e+01,2.228334e+01,2.233833e+01,2.225584e+01,2.226271e+01,2.219393e+01,2.220081e+01,2.226959e+01,2.231084e+01,2.223520e+01,2.229022e+01,2.231084e+01,2.236581e+01,2.224896e+01,2.231084e+01,2.225584e+01,2.227647e+01,2.225584e+01,2.229022e+01,2.222145e+01,2.224896e+01,2.222833e+01,2.225584e+01,2.226959e+01,2.222833e+01,2.215263e+01,2.227647e+01,2.223520e+01,2.225584e+01,2.221457e+01,2.218705e+01,2.235207e+01,2.223520e+01,2.226271e+01,2.220769e+01,2.228334e+01,2.220081e+01,2.221457e+01,2.222145e+01,2.220769e+01,2.219393e+01,2.223520e+01,2.215952e+01,2.218016e+01,2.220769e+01,2.213198e+01,2.215952e+01,2.216640e+01,2.214575e+01,2.217328e+01,2.214575e+01,2.220081e+01,2.230396e+01,2.212509e+01,2.214575e+01,2.222833e+01,2.213198e+01,2.214575e+01,2.213886e+01,2.210443e+01,2.204932e+01,2.187000e+01,2.191141e+01,2.198039e+01,2.195280e+01,2.204932e+01,2.199418e+01,2.214575e+01,2.208377e+01,2.201486e+01,2.206999e+01,2.208377e+01,2.208377e+01,2.220769e+01,2.224896e+01,2.208377e+01,2.211132e+01,2.215263e+01,2.219393e+01,2.213198e+01,2.212509e+01,2.222145e+01,2.221457e+01,2.223520e+01,2.215263e+01,2.224208e+01,2.220769e+01,2.222145e+01,2.226271e+01,2.220769e+01,2.220081e+01,2.231084e+01,2.225584e+01,2.215952e+01,2.220081e+01,2.215952e+01,2.231084e+01,2.218705e+01,2.214575e+01,2.213886e+01,2.217328e+01,2.211132e+01,2.206999e+01,2.201486e+01,2.212509e+01,2.197349e+01,2.205621e+01,2.197349e+01,2.198039e+01,2.202176e+01,2.206999e+01,2.215263e+01,2.218705e+01,2.222145e+01,2.222833e+01,2.222833e+01,2.227647e+01,2.236581e+01,2.218705e+01,2.226271e+01,2.227647e+01,2.217328e+01,2.222145e+01,2.232458e+01,2.219393e+01,2.218016e+01,2.231771e+01,2.231084e+01,2.236581e+01,2.233146e+01,2.235894e+01,2.233146e+01,2.232458e+01,2.244821e+01,2.233833e+01,2.235894e+01,2.230396e+01,2.244821e+01,2.226959e+01,2.225584e+01,2.237268e+01,2.238642e+01,2.243448e+01,2.235894e+01,2.236581e+01,2.242075e+01,2.246194e+01,2.233146e+01,2.221457e+01,2.229022e+01,2.222145e+01,2.222145e+01,2.222833e+01,2.240702e+01,2.231084e+01,2.240015e+01,2.237955e+01,2.235894e+01,2.233146e+01,2.231771e+01,2.235894e+01,2.221457e+01,2.222145e+01,2.219393e+01,2.215952e+01,2.216640e+01,2.219393e+01,2.218705e+01,2.218705e+01,2.219393e+01,2.211821e+01,2.224208e+01,2.213198e+01,2.222833e+01,2.213886e+01,2.216640e+01,2.215263e+01,2.206310e+01,2.216640e+01,2.197349e+01,2.218705e+01,2.216640e+01,2.208377e+01,2.202865e+01,2.203554e+01,2.213198e+01,2.206310e+01,2.206999e+01,2.204243e+01,2.210443e+01,2.197349e+01,2.191141e+01,2.195280e+01,2.204932e+01,2.184239e+01,2.172494e+01,2.179404e+01,2.160735e+01,2.153119e+01,2.162811e+01,2.151042e+01,2.151734e+01,2.155890e+01,2.144112e+01,2.139258e+01,2.155890e+01,2.155197e+01,2.152427e+01,2.155197e+01,2.162119e+01,2.155197e+01,2.145498e+01,2.153812e+01,2.141339e+01,2.155197e+01,2.151734e+01,2.146191e+01,2.177332e+01,2.157967e+01,2.166962e+01,2.166270e+01,2.181476e+01,2.180786e+01,2.166270e+01,2.150349e+01,2.171111e+01,2.183548e+01,2.169728e+01,2.169037e+01,2.168345e+01,2.166270e+01,2.167654e+01,2.164195e+01,2.162119e+01,2.162119e+01,2.178713e+01,2.166270e+01,2.182167e+01,2.162119e+01,2.161427e+01,2.160735e+01,2.173185e+01,2.171802e+01,2.170420e+01,2.169728e+01,2.178022e+01,2.172494e+01,2.171802e+01,2.177332e+01,2.176641e+01,2.171111e+01,2.172494e+01,2.173185e+01,2.164887e+01,2.171802e+01,2.174567e+01,2.182167e+01,2.173185e+01,2.183548e+01,2.177332e+01,2.193211e+01,2.187691e+01,2.173185e+01,2.197349e+01,2.186310e+01,2.184929e+01,2.184929e+01,2.182858e+01,2.185620e+01,2.189071e+01,2.187691e+01,2.183548e+01,2.187000e+01,2.199418e+01,2.191831e+01,2.194591e+01,2.187000e+01,2.202865e+01,2.193901e+01,2.200107e+01,2.202865e+01,2.215263e+01,2.199418e+01,2.199418e+01,2.218705e+01,2.218016e+01,2.218705e+01,2.211821e+01,2.217328e+01,2.221457e+01,2.239328e+01,2.211132e+01,2.226959e+01,2.241389e+01,2.242075e+01,2.227647e+01,2.239328e+01,2.238642e+01,2.235207e+01,2.237955e+01,2.247566e+01,2.242762e+01,2.248252e+01,2.241389e+01,2.234520e+01,2.241389e+01,2.242762e+01,2.237955e+01,2.244135e+01,2.241389e+01,2.238642e+01,2.246880e+01,2.234520e+01,2.237955e+01,2.234520e+01,2.235207e+01,2.258540e+01,2.233146e+01,2.235207e+01,2.232458e+01,2.248252e+01,2.216640e+01,2.236581e+01,2.218016e+01,2.216640e+01,2.230396e+01,2.222833e+01,2.218016e+01,2.224896e+01,2.218705e+01,2.208377e+01,2.211132e+01,2.210443e+01,2.209755e+01,2.209066e+01,2.209066e+01,2.199418e+01,2.218016e+01,2.218016e+01
2.269502e+01,2.266078e+01,2.260596e+01,2.264708e+01,2.262652e+01,2.273610e+01,2.265392e+01,2.261282e+01,2.264708e+01,2.244135e+01,2.261282e+01,2.274978e+01,2.270187e+01,2.268132e+01,2.275663e+01,2.263337e+01,2.264708e+01,2.278400e+01,2.272241e+01,2.261967e+01,2.270871e+01,2.260596e+01,2.279084e+01,2.267447e+01,2.266763e+01,2.272925e+01,2.265392e+01,2.253741e+01,2.270871e+01,2.272925e+01,2.262652e+01,2.268132e+01,2.279768e+01,2.266078e+01,2.263337e+01,2.273610e+01,2.268817e+01,2.256483e+01,2.272241e+01,2.265392e+01,2.272925e+01,2.272925e+01,2.269502e+01,2.269502e+01,2.266763e+01,2.262652e+01,2.262652e+01,2.266078e+01,2.265392e+01,2.267447e+01,2.266078e+01,2.269502e+01,2.262652e+01,2.271556e+01,2.272241e+01,2.277716e+01,2.275663e+01,2.276347e+01,2.260596e+01,2.264708e+01,2.249625e+01,2.259225e+01,2.261967e+01,2.265392e+01,2.264022e+01,2.253741e+01,2.249625e+01,2.244821e+01,2.255112e+01,2.246880e+01,2.252369e+01,2.244135e+01,2.234520e+01,2.247566e+01,2.248252e+01,2.256483e+01,2.258540e+01,2.264022e+01,2.287974e+01,2.279768e+01,2.287974e+01,2.282504e+01,2.293440e+01,2.290707e+01,2.296856e+01,2.298221e+01,2.296856e+01,2.300270e+01,2.305730e+01,2.305730e+01,2.315960e+01,2.325499e+01,2.324137e+01,2.322775e+01,2.321412e+01,2.315960e+01,2.317323e+01,2.313233e+01,2.324818e+01,2.320049e+01,2.328223e+01,2.323456e+01,2.331627e+01,2.328223e+01,2.313915e+01,2.319368e+01,2.322093e+01,2.319368e+01,2.317323e+01,2.322775e+01,2.309141e+01,2.307095e+01,2.290707e+01,2.307777e+01,2.309823e+01,2.313233e+01,2.309141e+01,2.298221e+01,2.301635e+01,2.296856e+01,2.303683e+01,2.292074e+01,2.297539e+01,2.307777e+01,2.314597e+01,2.314597e+01,2.304365e+01,2.307777e+01,2.307095e+01,2.299587e+01,2.305730e+01,2.330946e+01,2.337751e+01,2.333668e+01,2.322093e+01,2.326861e+01,2.330946e+01,2.329585e+01,2.327542e+01,2.326861e+01,2.329585e+01,2.319368e+01,2.312551e+01,2.313915e+01,2.303683e+01,2.311869e+01,2.300953e+01,2.324818e+01,2.330946e+01,2.335710e+01,2.335029e+01,2.330946e+01,2.345230e+01,2.332988e+01,2.332307e+01,2.326180e+01,2.320049e+01,2.303000e+01,2.312551e+01,2.296856e+01,2.299587e+01,2.293440e+01,2.285239e+01,2.294123e+01,2.307095e+01,2.300270e+01,2.290707e+01,2.286607e+01,2.294123e+01,2.290707e+01,2.291391e+01,2.303000e+01,2.296856e+01,2.289341e+01,2.272925e+01,2.285239e+01,2.292757e+01,2.282504e+01,2.281820e+01,2.268132e+01,2.270871e+01,2.259911e+01,2.257169e+01,2.253741e+01,2.256483e+01,2.253055e+01,2.245507e+01,2.222833e+01,2.230396e+01,2.222145e+01,2.212509e+01,2.224208e+01,2.241389e+01,2.239328e+01,2.242762e+01,2.240702e+01,2.235207e+01,2.249625e+01,2.241389e+01,2.248252e+01,2.250997e+01,2.233146e+01,2.250997e+01,2.253055e+01,2.230396e+01,2.235207e+01,2.231084e+01,2.242762e+01,2.240015e+01,2.243448e+01,2.244135e+01,2.244821e+01,2.240702e+01,2.237955e+01,2.245507e+01,2.230396e+01,2.247566e+01,2.242075e+01,2.237955e+01,2.256483e+01,2.244821e+01,2.256483e+01,2.240702e+01,2.242075e+01,2.240702e+01,2.249625e+01,2.245507e+01,2.243448e+01,2.241389e+01,2.246880e+01,2.242762e+01,2.248939e+01,2.243448e+01,2.241389e+01,2.244135e+01,2.237268e+01,2.248252e+01,2.244135e+01,2.240702e+01,2.256483e+01,2.250997e+01,2.251683e+01,2.237268e+01,2.246880e+01,2.244821e+01,2.239328e+01,2.246194e+01,2.242762e+01,2.240015e+01,2.246880e+01,2.250311e+01,2.250997e+01,2.233146e+01,2.245507e+01,2.244821e+01,2.235207e+01,2.246194e+01,2.248252e+01,2.238642e+01,2.237955e+01,2.240702e+01,2.252369e+01,2.239328e+01,2.240015e+01,2.237268e+01,2.240702e+01,2.242075e+01,2.240702e+01,2.235207e+01,2.236581e+01,2.242075e+01,2.235894e+01,2.237955e+01,2.235894e+01,2.233146e+01,2.230396e+01,2.229022e+01,2.233146e+01,2.233146e+01,2.226959e+01,2.232458e+01,2.236581e+01,2.229022e+01,2.226271e+01,2.232458e+01,2.226271e+01,2.233146e+01,2.230396e+01,2.233833e+01,2.236581e+01,2.231771e+01,2.222833e+01,2.231084e+01,2.230396e+01,2.221457e+01,2.231771e+01,2.226271e+01,2.230396e+01,2.230396e+01,2.227647e+01,2.231084e+01,2.226271e+01,2.228334e+01,2.229709e+01,2.229022e+01,2.227647e+01,2.224896e+01,2.225584e+01,2.225584e+01,2.231771e+01,2.223520e+01,2.233833e+01,2.226271e+01,2.234520e+01,2.226959e+01,2.223520e+01,2.228334e+01,2.226271e+01,2.229709e+01,2.234520e+01,2.223520e+01,2.231771e+01,2.229709e+01,2.225584e+01,2.222145e+01,2.228334e+01,2.223520e+01,2.230396e+01,2.231771e+01,2.224896e+01,2.219393e+01,2.224208e+01,2.223520e+01,2.236581e+01,2.229022e+01,2.228334e+01,2.247566e+01,2.222833e+01,2.216640e+01,2.213886e+01,2.224896e+01,2.222145e+01,2.223520e+01,2.224208e+01,2.224896e+01,2.222145e+01,2.221457e+01,2.219393e+01,2.215952e+01,2.220769e+01,2.222833e+01,2.219393e+01,2.218016e+01,2.213198e+01,2.217328e+01,2.211132e+01,2.212509e+01,2.212509e+01,2.213886e+01,2.211821e+01,2.212509e+01,2.189071e+01,2.187000e+01,2.198729e+01,2.197349e+01,2.194591e+01,2.200797e+01,2.202176e+01,2.205621e+01,2.204932e+01,2.217328e+01,2.216640e+01,2.212509e+01,2.222145e+01,2.211132e+01,2.213886e+01,2.217328e+01,2.218016e+01,2.216640e+01,2.216640e+01,2.224208e+01,2.223520e+01,2.210443e+01,2.226959e+01,2.224896e+01,2.227647e+01,2.216640e+01,2.224208e+01,2.220769e+01,2.223520e+01,2.223520e+01,2.220769e+01,2.224208e+01,2.233833e+01,2.228334e+01,2.218705e+01,2.225584e+01,2.211821e+01,2.221457e+01,2.219393e+01,2.212509e+01,2.210443e+01,2.215263e+01,2.212509e+01,2.210443e+01,2.210443e+01,2.213198e+01,2.206310e+01,2.200107e+01,2.195280e+01,2.196660e+01,2.199418e+01,2.207688e+01,2.219393e+01,2.218705e+01,2.214575e+01,2.226271e+01,2.220769e+01,2.226271e+01,2.226271e+01,2.220081e+01,2.239328e+01,2.242762e+01,2.233833e+01,2.230396e+01,2.232458e+01,2.231771e+01,2.233833e+01,2.224208e+01,2.239328e+01,2.237268e+01,2.243448e+01,2.242075e+01,2.241389e+01,2.232458e+01,2.250311e+01,2.223520e+01,2.231084e+01,2.235207e+01,2.236581e+01,2.237268e+01,2.240015e+01,2.237955e+01,2.236581e+01,2.235894e+01,2.244135e+01,2.244821e+01,2.242075e+01,2.235207e+01,2.242762e+01,2.232458e+01,2.229709e+01,2.226959e+01,2.227647e+01,2.245507e+01,2.238642e+01,2.232458e+01,2.231771e+01,2.238642e+01,2.237268e+01,2.222145e+01,2.240015e+01,2.226959e+01,2.226271e+01,2.215263e+01,2.214575e+01,2.216640e+01,2.218016e+01,2.215952e+01,2.205621e+01,2.210443e+01,2.218016e+01,2.213198e+01,2.218016e+01,2.218705e+01,2.209755e+01,2.213886e+01,2.220769e+01,2.214575e+01,2.212509e+01,2.206999e+01,2.207688e+01,2.209066e+01,2.209066e+01,2.214575e+01,2.212509e+01,2.210443e+01,2.215263e+01,2.209755e+01,2.207688e+01,2.209066e+01,2.204932e+01,2.206999e+01,2.190451e+01,2.204932e+01,2.189761e+01,2.180095e+01,2.182858e+01,2.157274e+01,2.162811e+01,2.152427e+01,2.152427e+01,2.155197e+01,2.151734e+01,2.137177e+01,2.153119e+01,2.144112e+01,2.163503e+01,2.153812e+01,2.164887e+01,2.151734e+01,2.153812e+01,2.156582e+01,2.152427e+01,2.151042e+01,2.148963e+01,2.160735e+01,2.161427e+01,2.180095e+01,2.180095e+01,2.180786e+01,2.182167e+01,2.172494e+01,2.173185e+01,2.171802e+01,2.166270e+01,2.168345e+01,2.175949e+01,2.187000e+01,2.185620e+01,2.179404e+01,2.166962e+01,2.169037e+01,2.178022e+01,2.180095e+01,2.166270e+01,2.163503e+01,2.162119e+01,2.173185e+01,2.180095e+01,2.182167e+01,2.173876e+01,2.178713e+01,2.169728e+01,2.169037e+01,2.171802e+01,2.180786e+01,2.171111e+01,2.173876e+01,2.179404e+01,2.186310e+01,2.173185e+01,2.174567e+01,2.175258e+01,2.191831e+01,2.171111e+01,2.183548e+01,2.181476e+01,2.169728e+01,2.168345e+01,2.193901e+01,2.175949e+01,2.175258e+01,2.177332e+01,2.178022e+01,2.200107e+01,2.184929e+01,2.194591e+01,2.187000e+01,2.200107e+01,2.200797e+01,2.191141e+01,2.195970e+01,2.199418e+01,2.204243e+01,2.187000e+01,2.198039e+01,2.212509e+01,2.203554e+01,2.215952e+01,2.199418e+01,2.213886e+01,2.209755e+01,2.218705e+01,2.216640e+01,2.215952e+01,2.216640e+01,2.224896e+01,2.223520e+01,2.224208e+01,2.231771e+01,2.231084e+01,2.220769e+01,2.229709e+01,2.231084e+01,2.238642e+01,2.237955e+01,2.241389e+01,2.240702e+01,2.240015e+01,2.246880e+01,2.246880e+01,2.247566e+01,2.247566e+01,2.237955e+01,2.238642e+01,2.239328e+01,2.236581e+01,2.240702e+01,2.244821e+01,2.248252e+01,2.250997e+01,2.237955e+01,2.233146e+01,2.238642e+01,2.237955e+01,2.233833e+01,2.226271e+01,2.228334e+01,2.227647e+01,2.215952e+01,2.233146e+01,2.216640e+01,2.226959e+01,2.216640e+01,2.229709e+01,2.226271e+01,2.223520e+01,2.217328e+01,2.224208e+01,2.222833e+01,2.206999e+01,2.210443e+01,2.218705e+01,2.220081e+01,2.217328e+01,2.200797e+01,2.237955e+01,2.218705e+01,2.229022e+01
2.246194e+01,2.255112e+01,2.262652e+01,2.259225e+01,2.261282e+01,2.257854e+01,2.270187e+01,2.265392e+01,2.261967e+01,2.262652e+01,2.262652e+01,2.261282e+01,2.261282e+01,2.261967e+01,2.262652e+01,2.267447e+01,2.270871e+01,2.264708e+01,2.274978e+01,2.267447e+01,2.264708e+01,2.261282e+01,2.264708e+01,2.266763e+01,2.262652e+01,2.276347e+01,2.261967e+01,2.261282e+01,2.268817e+01,2.259911e+01,2.270187e+01,2.266078e+01,2.270187e+01,2.270871e+01,2.269502e+01,2.272241e+01,2.267447e+01,2.258540e+01,2.262652e+01,2.270187e+01,2.266078e+01,2.266078e+01,2.272241e+01,2.268132e+01,2.272925e+01,2.264022e+01,2.261967e+01,2.270871e+01,2.261967e+01,2.268817e+01,2.274978e+01,2.268132e+01,2.257854e+01,2.256483e+01,2.254426e+01,2.254426e+01,2.257169e+01,2.274978e+01,2.265392e+01,2.248939e+01,2.259911e+01,2.253055e+01,2.254426e+01,2.253741e+01,2.257169e+01,2.263337e+01,2.256483e+01,2.256483e+01,2.248252e+01,2.246194e+01,2.252369e+01,2.240702e+01,2.231084e+01,2.235894e+01,2.248939e+01,2.254426e+01,2.244135e+01,2.266078e+01,2.269502e+01,2.268817e+01,2.280452e+01,2.279768e+01,2.285239e+01,2.286607e+01,2.294807e+01,2.295490e+01,2.286607e+01,2.305730e+01,2.307095e+01,2.297539e+01,2.306412e+01,2.310505e+01,2.307095e+01,2.320049e+01,2.312551e+01,2.307777e+01,2.309823e+01,2.310505e+01,2.310505e+01,2.309823e+01,2.315960e+01,2.311187e+01,2.299587e+01,2.305048e+01,2.313915e+01,2.303683e+01,2.300953e+01,2.312551e+01,2.309823e+01,2.297539e+01,2.292074e+01,2.288657e+01,2.279084e+01,2.286607e+01,2.268817e+01,2.278400e+01,2.285923e+01,2.296173e+01,2.292074e+01,2.286607e+01,2.297539e+01,2.294807e+01,2.292074e+01,2.302318e+01,2.280452e+01,2.283188e+01,2.296173e+01,2.283188e+01,2.277032e+01,2.283872e+01,2.298221e+01,2.302318e+01,2.310505e+01,2.310505e+01,2.311187e+01,2.290707e+01,2.314597e+01,2.299587e+01,2.310505e+01,2.321412e+01,2.325499e+01,2.319368e+01,2.318005e+01,2.303000e+01,2.305730e+01,2.303683e+01,2.311187e+01,2.322775e+01,2.327542e+01,2.329585e+01,2.327542e+01,2.330265e+01,2.321412e+01,2.319368e+01,2.328904e+01,2.328223e+01,2.320731e+01,2.315960e+01,2.312551e+01,2.294807e+01,2.298904e+01,2.296173e+01,2.288657e+01,2.295490e+01,2.299587e+01,2.287290e+01,2.296173e+01,2.292757e+01,2.281820e+01,2.277032e+01,2.278400e+01,2.298221e+01,2.283188e+01,2.287974e+01,2.269502e+01,2.281820e+01,2.281136e+01,2.264022e+01,2.287290e+01,2.264708e+01,2.253055e+01,2.264708e+01,2.253055e+01,2.253055e+01,2.248939e+01,2.235207e+01,2.248252e+01,2.238642e+01,2.215952e+01,2.214575e+01,2.218705e+01,2.227647e+01,2.231771e+01,2.234520e+01,2.241389e+01,2.243448e+01,2.248939e+01,2.241389e+01,2.241389e+01,2.249625e+01,2.241389e+01,2.247566e+01,2.255112e+01,2.233146e+01,2.229709e+01,2.233146e+01,2.235894e+01,2.239328e+01,2.234520e+01,2.236581e+01,2.237955e+01,2.241389e+01,2.240702e+01,2.247566e+01,2.248252e+01,2.233833e+01,2.242075e+01,2.232458e+01,2.235894e+01,2.237955e+01,2.237955e+01,2.243448e+01,2.251683e+01,2.242075e+01,2.244135e+01,2.245507e+01,2.244821e+01,2.240702e+01,2.244821e+01,2.240702e+01,2.241389e+01,2.244821e+01,2.240702e+01,2.248939e+01,2.248252e+01,2.249625e+01,2.240015e+01,2.243448e+01,2.248252e+01,2.240015e+01,2.249625e+01,2.255798e+01,2.253055e+01,2.248252e+01,2.246880e+01,2.239328e+01,2.236581e+01,2.246194e+01,2.244135e+01,2.245507e+01,2.251683e+01,2.243448e+01,2.247566e+01,2.245507e+01,2.246194e+01,2.242762e+01,2.244821e+01,2.236581e+01,2.237955e+01,2.248252e+01,2.234520e+01,2.240702e+01,2.252369e+01,2.237268e+01,2.240015e+01,2.236581e+01,2.237268e+01,2.233833e+01,2.240015e+01,2.242762e+01,2.241389e+01,2.237955e+01,2.234520e+01,2.238642e+01,2.232458e+01,2.233833e+01,2.232458e+01,2.233833e+01,2.233146e+01,2.235894e+01,2.235207e+01,2.226959e+01,2.237955e+01,2.237955e+01,2.231771e+01,2.233146e+01,2.224896e+01,2.223520e+01,2.233146e+01,2.226959e+01,2.227647e+01,2.224208e+01,2.229709e+01,2.229022e+01,2.224896e+01,2.227647e+01,2.226271e+01,2.220769e+01,2.222145e+01,2.229022e+01,2.228334e+01,2.229709e+01,2.225584e+01,2.228334e+01,2.231084e+01,2.226959e+01,2.228334e+01,2.224896e+01,2.228334e+01,2.226271e+01,2.226271e+01,2.237955e+01,2.233833e+01,2.218016e+01,2.233146e+01,2.224896e+01,2.220081e+01,2.231084e+01,2.230396e+01,2.232458e+01,2.222833e+01,2.225584e+01,2.226271e+01,2.225584e+01,2.222833e+01,2.227647e+01,2.224208e+01,2.227647e+01,2.222833e+01,2.220081e+01,2.235207e+01,2.222145e+01,2.229709e+01,2.226271e+01,2.231084e+01,2.231084e+01,2.220769e+01,2.226271e+01,2.222833e+01,2.224896e+01,2.225584e+01,2.224208e+01,2.213886e+01,2.221457e+01,2.220081e+01,2.214575e+01,2.223520e+01,2.221457e+01,2.224208e+01,2.216640e+01,2.218705e+01,2.217328e+01,2.211132e+01,2.215952e+01,2.212509e+01,2.217328e+01,2.220769e+01,2.215952e+01,2.222833e+01,2.213886e+01,2.209066e+01,2.190451e+01,2.193901e+01,2.192521e+01,2.204243e+01,2.205621e+01,2.205621e+01,2.206310e+01,2.197349e+01,2.200107e+01,2.206310e+01,2.202176e+01,2.209755e+01,2.212509e+01,2.214575e+01,2.214575e+01,2.211132e+01,2.220769e+01,2.213886e+01,2.220081e+01,2.220081e+01,2.215263e+01,2.213886e+01,2.219393e+01,2.224208e+01,2.213198e+01,2.227647e+01,2.226959e+01,2.223520e+01,2.224208e+01,2.222145e+01,2.225584e+01,2.224208e+01,2.220769e+01,2.225584e+01,2.224208e+01,2.216640e+01,2.214575e+01,2.211821e+01,2.221457e+01,2.207688e+01,2.213198e+01,2.207688e+01,2.195970e+01,2.211821e+01,2.201486e+01,2.209066e+01,2.200797e+01,2.202176e+01,2.196660e+01,2.199418e+01,2.198729e+01,2.215263e+01,2.226959e+01,2.238642e+01,2.225584e+01,2.226959e+01,2.226959e+01,2.225584e+01,2.226959e+01,2.219393e+01,2.237268e+01,2.239328e+01,2.237268e+01,2.234520e+01,2.231771e+01,2.233146e+01,2.235894e+01,2.242762e+01,2.234520e+01,2.236581e+01,2.241389e+01,2.235207e+01,2.223520e+01,2.228334e+01,2.226271e+01,2.226959e+01,2.231771e+01,2.231084e+01,2.237955e+01,2.234520e+01,2.239328e+01,2.231084e+01,2.238642e+01,2.240702e+01,2.246194e+01,2.246194e+01,2.238642e+01,2.237268e+01,2.237268e+01,2.240702e+01,2.222833e+01,2.228334e+01,2.238642e+01,2.246880e+01,2.227647e+01,2.226271e+01,2.238642e+01,2.240702e+01,2.240015e+01,2.236581e+01,2.222145e+01,2.233833e+01,2.215263e+01,2.216640e+01,2.220081e+01,2.214575e+01,2.208377e+01,2.215952e+01,2.215263e+01,2.215263e+01,2.214575e+01,2.211132e+01,2.204243e+01,2.214575e+01,2.205621e+01,2.211132e+01,2.207688e+01,2.203554e+01,2.197349e+01,2.214575e+01,2.206310e+01,2.210443e+01,2.198039e+01,2.212509e+01,2.200107e+01,2.211821e+01,2.204243e+01,2.206999e+01,2.199418e+01,2.206310e+01,2.209066e+01,2.209066e+01,2.180095e+01,2.188381e+01,2.186310e+01,2.181476e+01,2.178022e+01,2.165579e+01,2.169037e+01,2.165579e+01,2.162119e+01,2.153812e+01,2.154505e+01,2.151734e+01,2.156582e+01,2.157274e+01,2.160735e+01,2.153812e+01,2.160735e+01,2.148963e+01,2.150349e+01,2.155197e+01,2.150349e+01,2.180095e+01,2.147577e+01,2.164195e+01,2.179404e+01,2.178713e+01,2.167654e+01,2.181476e+01,2.184929e+01,2.180095e+01,2.185620e+01,2.170420e+01,2.171111e+01,2.180786e+01,2.180095e+01,2.187691e+01,2.178713e+01,2.175949e+01,2.175258e+01,2.167654e+01,2.171111e+01,2.164195e+01,2.175258e+01,2.176641e+01,2.178022e+01,2.170420e+01,2.166962e+01,2.175258e+01,2.170420e+01,2.171802e+01,2.181476e+01,2.179404e+01,2.173876e+01,2.168345e+01,2.184239e+01,2.175949e+01,2.181476e+01,2.175949e+01,2.175949e+01,2.180095e+01,2.173876e+01,2.178713e+01,2.178022e+01,2.181476e+01,2.209755e+01,2.184929e+01,2.188381e+01,2.196660e+01,2.182858e+01,2.191831e+01,2.197349e+01,2.189071e+01,2.183548e+01,2.185620e+01,2.199418e+01,2.187691e+01,2.204932e+01,2.201486e+01,2.200107e+01,2.200107e+01,2.203554e+01,2.205621e+01,2.204932e+01,2.205621e+01,2.206310e+01,2.209066e+01,2.213886e+01,2.213198e+01,2.218016e+01,2.217328e+01,2.218705e+01,2.215952e+01,2.210443e+01,2.233833e+01,2.210443e+01,2.236581e+01,2.222833e+01,2.229022e+01,2.244821e+01,2.224896e+01,2.254426e+01,2.243448e+01,2.240015e+01,2.240702e+01,2.242075e+01,2.227647e+01,2.239328e+01,2.248939e+01,2.246194e+01,2.247566e+01,2.230396e+01,2.236581e+01,2.238642e+01,2.239328e+01,2.238642e+01,2.233146e+01,2.251683e+01,2.246880e+01,2.233833e+01,2.237955e+01,2.240702e+01,2.240015e+01,2.242075e+01,2.237955e+01,2.235207e+01,2.225584e+01,2.220081e+01,2.233833e+01,2.223520e+01,2.226271e+01,2.220769e+01,2.213886e+01,2.204243e+01,2.213886e+01,2.224896e+01,2.216640e+01,2.221457e+01,2.224208e+01,2.193901e+01,2.207688e+01,2.209066e+01,2.212509e+01,2.199418e+01,2.200107e+01,2.210443e+01,2.202176e+01,2.199418e+01
2.262652e+01,2.253055e+01,2.264022e+01,2.266078e+01,2.257854e+01,2.262652e+01,2.261282e+01,2.263337e+01,2.274294e+01,2.257169e+01,2.263337e+01,2.278400e+01,2.264708e+01,2.264708e+01,2.262652e+01,2.271556e+01,2.269502e+01,2.266763e+01,2.261967e+01,2.262652e+01,2.258540e+01,2.261282e+01,2.264022e+01,2.272925e+01,2.277716e+01,2.277032e+01,2.274294e+01,2.278400e+01,2.259911e+01,2.277032e+01,2.268132e+01,2.266078e+01,2.262652e+01,2.272241e+01,2.272925e+01,2.271556e+01,2.277716e+01,2.255112e+01,2.261967e+01,2.266078e+01,2.264708e+01,2.267447e+01,2.270871e+01,2.250997e+01,2.266763e+01,2.262652e+01,2.260596e+01,2.266763e+01,2.259911e+01,2.259911e+01,2.268132e+01,2.263337e+01,2.261967e+01,2.253741e+01,2.276347e+01,2.257854e+01,2.253741e+01,2.255112e+01,2.245507e+01,2.262652e+01,2.259225e+01,2.263337e+01,2.251683e+01,2.248252e+01,2.260596e+01,2.253055e+01,2.258540e+01,2.250311e+01,2.248939e+01,2.246880e+01,2.242075e+01,2.235207e+01,2.242075e+01,2.233146e+01,2.242075e+01,2.246880e+01,2.249625e+01,2.266763e+01,2.274978e+01,2.277716e+01,2.270871e+01,2.278400e+01,2.285239e+01,2.287290e+01,2.290707e+01,2.298904e+01,2.290024e+01,2.290707e+01,2.297539e+01,2.305730e+01,2.301635e+01,2.303000e+01,2.300270e+01,2.306412e+01,2.304365e+01,2.309823e+01,2.313233e+01,2.309823e+01,2.309141e+01,2.311187e+01,2.308459e+01,2.288657e+01,2.305048e+01,2.286607e+01,2.296173e+01,2.300953e+01,2.301635e+01,2.316642e+01,2.292074e+01,2.283188e+01,2.277032e+01,2.279084e+01,2.282504e+01,2.267447e+01,2.264708e+01,2.288657e+01,2.271556e+01,2.274978e+01,2.272241e+01,2.283188e+01,2.282504e+01,2.259225e+01,2.257854e+01,2.282504e+01,2.279084e+01,2.275663e+01,2.274294e+01,2.292074e+01,2.275663e+01,2.274294e+01,2.281820e+01,2.286607e+01,2.298221e+01,2.278400e+01,2.278400e+01,2.286607e+01,2.294123e+01,2.289341e+01,2.296856e+01,2.298221e+01,2.311187e+01,2.297539e+01,2.313233e+01,2.317323e+01,2.311187e+01,2.299587e+01,2.300270e+01,2.311869e+01,2.316642e+01,2.319368e+01,2.311187e+01,2.320731e+01,2.326180e+01,2.311869e+01,2.320731e+01,2.315278e+01,2.307777e+01,2.315278e+01,2.319368e+01,2.304365e+01,2.298904e+01,2.288657e+01,2.294807e+01,2.287974e+01,2.293440e+01,2.276347e+01,2.287974e+01,2.290707e+01,2.279084e+01,2.274294e+01,2.272925e+01,2.269502e+01,2.271556e+01,2.269502e+01,2.266763e+01,2.266763e+01,2.264708e+01,2.251683e+01,2.255112e+01,2.262652e+01,2.253741e+01,2.237268e+01,2.248939e+01,2.242075e+01,2.248939e+01,2.246880e+01,2.226271e+01,2.222833e+01,2.218705e+01,2.198729e+01,2.221457e+01,2.245507e+01,2.242762e+01,2.237955e+01,2.245507e+01,2.238642e+01,2.250311e+01,2.240015e+01,2.240015e+01,2.250997e+01,2.237268e+01,2.250311e+01,2.247566e+01,2.243448e+01,2.248252e+01,2.245507e+01,2.245507e+01,2.233833e+01,2.233833e+01,2.237955e+01,2.242075e+01,2.241389e+01,2.236581e+01,2.242762e+01,2.245507e+01,2.231084e+01,2.249625e+01,2.246880e+01,2.245507e+01,2.254426e+01,2.248252e+01,2.241389e+01,2.240702e+01,2.246194e+01,2.244821e+01,2.245507e+01,2.244135e+01,2.244821e+01,2.238642e+01,2.244135e+01,2.240015e+01,2.245507e+01,2.244135e+01,2.245507e+01,2.241389e+01,2.226959e+01,2.237955e+01,2.253741e+01,2.251683e+01,2.245507e+01,2.253055e+01,2.250997e+01,2.242762e+01,2.242762e+01,2.246194e+01,2.242075e+01,2.250311e+01,2.244135e+01,2.245507e+01,2.245507e+01,2.249625e+01,2.248252e+01,2.248252e+01,2.248252e+01,2.244821e+01,2.248252e+01,2.240015e+01,2.234520e+01,2.262652e+01,2.237268e+01,2.243448e+01,2.241389e+01,2.240702e+01,2.241389e+01,2.238642e+01,2.238642e+01,2.235894e+01,2.237955e+01,2.237268e+01,2.234520e+01,2.235894e+01,2.233833e+01,2.233833e+01,2.235894e+01,2.231771e+01,2.231771e+01,2.231084e+01,2.224896e+01,2.231084e+01,2.225584e+01,2.237268e+01,2.235207e+01,2.235894e+01,2.230396e+01,2.234520e+01,2.231771e+01,2.231771e+01,2.226959e+01,2.229709e+01,2.229709e+01,2.220769e+01,2.220769e+01,2.228334e+01,2.237955e+01,2.230396e+01,2.226271e+01,2.224208e+01,2.226271e+01,2.229709e+01,2.224896e+01,2.226959e+01,2.224208e+01,2.226271e+01,2.226271e+01,2.226271e+01,2.218705e+01,2.235894e+01,2.226271e+01,2.224896e+01,2.227647e+01,2.223520e+01,2.231084e+01,2.228334e+01,2.223520e+01,2.220769e+01,2.226959e+01,2.229709e+01,2.220769e+01,2.231084e+01,2.229022e+01,2.231771e+01,2.226959e+01,2.225584e+01,2.234520e+01,2.235207e+01,2.218016e+01,2.223520e+01,2.231771e+01,2.229709e+01,2.245507e+01,2.220081e+01,2.232458e+01,2.233146e+01,2.231084e+01,2.223520e+01,2.238642e+01,2.224896e+01,2.226271e+01,2.225584e+01,2.220081e+01,2.226271e+01,2.233146e+01,2.215263e+01,2.217328e+01,2.220081e+01,2.216640e+01,2.218705e+01,2.216640e+01,2.216640e+01,2.222145e+01,2.217328e+01,2.206310e+01,2.215263e+01,2.209755e+01,2.215952e+01,2.211821e+01,2.214575e+01,2.213198e+01,2.215263e+01,2.209755e+01,2.200797e+01,2.185620e+01,2.188381e+01,2.194591e+01,2.192521e+01,2.195970e+01,2.204243e+01,2.204932e+01,2.216640e+01,2.200797e+01,2.209066e+01,2.213198e+01,2.215952e+01,2.220081e+01,2.220769e+01,2.210443e+01,2.220769e+01,2.220769e+01,2.225584e+01,2.210443e+01,2.218016e+01,2.211132e+01,2.220769e+01,2.221457e+01,2.211132e+01,2.220081e+01,2.220081e+01,2.224896e+01,2.220081e+01,2.220081e+01,2.230396e+01,2.225584e+01,2.224896e+01,2.225584e+01,2.217328e+01,2.221457e+01,2.216640e+01,2.213198e+01,2.218016e+01,2.222145e+01,2.214575e+01,2.206310e+01,2.210443e+01,2.213886e+01,2.210443e+01,2.215263e+01,2.206999e+01,2.213198e+01,2.198729e+01,2.198729e+01,2.200797e+01,2.209755e+01,2.221457e+01,2.226959e+01,2.224208e+01,2.226271e+01,2.233833e+01,2.223520e+01,2.222833e+01,2.227647e+01,2.227647e+01,2.261282e+01,2.223520e+01,2.237955e+01,2.236581e+01,2.233833e+01,2.235894e+01,2.248939e+01,2.232458e+01,2.235894e+01,2.238642e+01,2.227647e+01,2.228334e+01,2.229709e+01,2.218705e+01,2.224896e+01,2.208377e+01,2.226271e+01,2.224208e+01,2.236581e+01,2.234520e+01,2.240015e+01,2.231771e+01,2.243448e+01,2.244821e+01,2.243448e+01,2.240015e+01,2.231084e+01,2.238642e+01,2.242075e+01,2.237268e+01,2.223520e+01,2.243448e+01,2.244821e+01,2.246194e+01,2.240015e+01,2.244821e+01,2.240015e+01,2.230396e+01,2.226959e+01,2.231771e+01,2.226959e+01,2.219393e+01,2.237268e+01,2.221457e+01,2.218016e+01,2.214575e+01,2.220081e+01,2.207688e+01,2.213198e+01,2.215952e+01,2.213198e+01,2.205621e+01,2.210443e+01,2.202865e+01,2.208377e+01,2.201486e+01,2.206999e+01,2.204243e+01,2.202865e+01,2.208377e+01,2.190451e+01,2.209755e+01,2.204243e+01,2.209066e+01,2.205621e+01,2.196660e+01,2.206310e+01,2.198039e+01,2.187691e+01,2.180095e+01,2.195280e+01,2.191831e+01,2.192521e+01,2.189761e+01,2.186310e+01,2.186310e+01,2.182858e+01,2.169728e+01,2.173876e+01,2.170420e+01,2.153119e+01,2.160043e+01,2.160735e+01,2.157967e+01,2.153812e+01,2.157274e+01,2.146191e+01,2.153119e+01,2.148270e+01,2.169037e+01,2.166962e+01,2.162811e+01,2.152427e+01,2.151042e+01,2.162811e+01,2.166962e+01,2.181476e+01,2.186310e+01,2.180786e+01,2.191831e+01,2.182167e+01,2.187000e+01,2.187000e+01,2.170420e+01,2.186310e+01,2.175949e+01,2.195970e+01,2.189761e+01,2.191141e+01,2.166962e+01,2.178713e+01,2.187691e+01,2.180786e+01,2.187000e+01,2.178713e+01,2.179404e+01,2.180786e+01,2.178713e+01,2.182858e+01,2.180095e+01,2.171111e+01,2.172494e+01,2.182167e+01,2.175949e+01,2.178713e+01,2.188381e+01,2.185620e+01,2.184239e+01,2.191831e+01,2.187691e+01,2.180095e+01,2.185620e+01,2.177332e+01,2.187000e+01,2.186310e+01,2.178713e+01,2.179404e+01,2.184929e+01,2.182858e+01,2.178713e+01,2.195970e+01,2.203554e+01,2.195280e+01,2.190451e+01,2.188381e+01,2.186310e+01,2.201486e+01,2.201486e+01,2.211132e+01,2.200797e+01,2.206310e+01,2.203554e+01,2.213198e+01,2.204243e+01,2.224208e+01,2.206999e+01,2.226271e+01,2.211821e+01,2.193211e+01,2.214575e+01,2.217328e+01,2.228334e+01,2.228334e+01,2.219393e+01,2.226271e+01,2.219393e+01,2.228334e+01,2.212509e+01,2.232458e+01,2.226271e+01,2.241389e+01,2.246194e+01,2.240702e+01,2.244821e+01,2.242075e+01,2.244135e+01,2.236581e+01,2.236581e+01,2.246194e+01,2.239328e+01,2.237955e+01,2.249625e+01,2.249625e+01,2.235207e+01,2.237268e+01,2.239328e+01,2.239328e+01,2.238642e+01,2.249625e+01,2.233146e+01,2.235207e+01,2.233833e+01,2.231771e+01,2.237955e+01,2.225584e+01,2.231771e+01,2.226271e+01,2.228334e+01,2.224208e+01,2.222145e+01,2.226959e+01,2.218016e+01,2.214575e+01,2.223520e+01,2.216640e+01,2.222833e+01,2.207688e+01,2.213198e+01,2.208377e+01,2.222145e+01,2.219393e+01,2.209755e+01,2.209755e+01,2.194591e+01,2.205621e+01,2.206310e+01,2.209066e+01,2.207688e+01,2.201486e+01
2.264708e+01,2.265392e+01,2.263337e+01,2.264708e+01,2.259225e+01,2.257854e+01,2.257854e+01,2.266763e+01,2.261967e+01,2.261967e+01,2.258540e+01,2.264022e+01,2.259225e+01,2.265392e+01,2.268817e+01,2.266763e+01,2.265392e+01,2.267447e+01,2.259911e+01,2.264708e+01,2.261967e+01,2.268132e+01,2.268817e+01,2.265392e+01,2.255798e+01,2.267447e+01,2.277032e+01,2.277716e+01,2.274294e+01,2.273610e+01,2.281820e+01,2.277032e+01,2.269502e+01,2.270871e+01,2.274294e+01,2.275663e+01,2.270871e+01,2.253055e+01,2.268132e+01,2.268132e+01,2.269502e+01,2.266763e+01,2.269502e+01,2.263337e+01,2.262652e+01,2.260596e+01,2.261282e+01,2.261967e+01,2.257854e+01,2.267447e+01,2.270187e+01,2.257854e+01,2.259911e+01,2.255112e+01,2.268132e+01,2.266078e+01,2.255798e+01,2.253055e+01,2.252369e+01,2.252369e+01,2.259911e+01,2.259911e+01,2.258540e+01,2.257169e+01,2.253055e+01,2.256483e+01,2.255112e+01,2.253741e+01,2.249625e+01,2.256483e+01,2.237268e+01,2.234520e+01,2.219393e+01,2.213198e+01,2.235894e+01,2.226959e+01,2.249625e+01,2.256483e+01,2.263337e+01,2.259911e+01,2.271556e+01,2.278400e+01,2.270187e+01,2.285239e+01,2.285239e+01,2.286607e+01,2.292757e+01,2.282504e+01,2.300270e+01,2.273610e+01,2.302318e+01,2.301635e+01,2.303000e+01,2.291391e+01,2.302318e+01,2.288657e+01,2.302318e+01,2.304365e+01,2.301635e+01,2.279768e+01,2.289341e+01,2.285923e+01,2.289341e+01,2.281136e+01,2.292074e+01,2.292757e+01,2.303683e+01,2.291391e+01,2.283872e+01,2.270871e+01,2.262652e+01,2.275663e+01,2.248939e+01,2.265392e+01,2.257169e+01,2.253055e+01,2.261282e+01,2.266078e+01,2.257169e+01,2.277716e+01,2.257169e+01,2.261282e+01,2.255798e+01,2.258540e+01,2.253741e+01,2.265392e+01,2.259911e+01,2.258540e+01,2.257854e+01,2.270871e+01,2.259225e+01,2.261282e+01,2.251683e+01,2.258540e+01,2.277032e+01,2.258540e+01,2.278400e+01,2.272925e+01,2.276347e+01,2.259911e+01,2.269502e+01,2.295490e+01,2.293440e+01,2.296856e+01,2.296173e+01,2.301635e+01,2.308459e+01,2.303683e+01,2.308459e+01,2.304365e+01,2.303000e+01,2.286607e+01,2.287290e+01,2.287290e+01,2.284555e+01,2.283188e+01,2.312551e+01,2.307095e+01,2.295490e+01,2.303683e+01,2.284555e+01,2.282504e+01,2.274978e+01,2.271556e+01,2.269502e+01,2.266763e+01,2.256483e+01,2.260596e+01,2.258540e+01,2.261282e+01,2.271556e+01,2.264708e+01,2.250997e+01,2.257854e+01,2.255798e+01,2.240015e+01,2.251683e+01,2.250311e+01,2.257169e+01,2.255112e+01,2.232458e+01,2.239328e+01,2.248939e+01,2.238642e+01,2.249625e+01,2.218016e+01,2.212509e+01,2.202176e+01,2.198039e+01,2.193211e+01,2.213886e+01,2.223520e+01,2.243448e+01,2.242762e+01,2.236581e+01,2.240015e+01,2.248252e+01,2.235894e+01,2.240702e+01,2.246194e+01,2.248939e+01,2.243448e+01,2.246880e+01,2.236581e+01,2.233833e+01,2.244135e+01,2.242075e+01,2.238642e+01,2.235894e+01,2.236581e+01,2.234520e+01,2.241389e+01,2.232458e+01,2.244135e+01,2.232458e+01,2.232458e+01,2.246194e+01,2.247566e+01,2.240015e+01,2.233833e+01,2.253055e+01,2.245507e+01,2.242075e+01,2.240702e+01,2.242075e+01,2.246880e+01,2.243448e+01,2.246194e+01,2.242762e+01,2.244135e+01,2.244135e+01,2.242762e+01,2.242762e+01,2.246194e+01,2.249625e+01,2.251683e+01,2.238642e+01,2.242075e+01,2.251683e+01,2.246194e+01,2.232458e+01,2.254426e+01,2.248939e+01,2.244135e+01,2.257169e+01,2.260596e+01,2.246880e+01,2.245507e+01,2.240702e+01,2.249625e+01,2.248939e+01,2.250311e+01,2.249625e+01,2.253055e+01,2.236581e+01,2.229709e+01,2.244821e+01,2.244135e+01,2.236581e+01,2.242075e+01,2.246194e+01,2.238642e+01,2.237268e+01,2.233833e+01,2.238642e+01,2.234520e+01,2.240015e+01,2.238642e+01,2.235207e+01,2.229709e+01,2.235207e+01,2.233146e+01,2.233146e+01,2.232458e+01,2.241389e+01,2.235207e+01,2.231084e+01,2.226959e+01,2.231084e+01,2.242762e+01,2.233146e+01,2.237268e+01,2.228334e+01,2.228334e+01,2.232458e+01,2.233833e+01,2.223520e+01,2.235894e+01,2.226959e+01,2.216640e+01,2.229022e+01,2.227647e+01,2.226959e+01,2.233833e+01,2.220769e+01,2.229022e+01,2.225584e+01,2.228334e+01,2.224896e+01,2.229022e+01,2.226271e+01,2.223520e+01,2.226271e+01,2.227647e+01,2.224208e+01,2.226271e+01,2.216640e+01,2.224896e+01,2.224896e+01,2.229022e+01,2.222833e+01,2.211132e+01,2.233833e+01,2.225584e+01,2.221457e+01,2.222145e+01,2.229022e+01,2.226271e+01,2.226271e+01,2.227647e+01,2.224208e+01,2.230396e+01,2.224896e+01,2.214575e+01,2.226271e+01,2.227647e+01,2.233833e+01,2.222833e+01,2.231771e+01,2.227647e+01,2.227647e+01,2.225584e+01,2.222145e+01,2.225584e+01,2.240702e+01,2.231084e+01,2.224896e+01,2.229022e+01,2.223520e+01,2.218705e+01,2.224208e+01,2.227647e+01,2.218016e+01,2.216640e+01,2.214575e+01,2.218705e+01,2.218705e+01,2.226271e+01,2.206310e+01,2.218705e+01,2.214575e+01,2.213886e+01,2.204243e+01,2.218016e+01,2.217328e+01,2.213886e+01,2.217328e+01,2.215263e+01,2.211821e+01,2.205621e+01,2.213198e+01,2.184239e+01,2.192521e+01,2.180786e+01,2.203554e+01,2.196660e+01,2.207688e+01,2.222145e+01,2.204243e+01,2.210443e+01,2.211132e+01,2.213886e+01,2.213886e+01,2.221457e+01,2.220769e+01,2.211821e+01,2.211821e+01,2.212509e+01,2.214575e+01,2.222145e+01,2.220081e+01,2.208377e+01,2.209755e+01,2.218705e+01,2.216640e+01,2.220769e+01,2.222833e+01,2.220081e+01,2.223520e+01,2.219393e+01,2.228334e+01,2.215263e+01,2.223520e+01,2.221457e+01,2.222833e+01,2.224896e+01,2.221457e+01,2.216640e+01,2.215263e+01,2.212509e+01,2.208377e+01,2.211132e+01,2.217328e+01,2.200107e+01,2.215263e+01,2.206310e+01,2.209755e+01,2.210443e+01,2.201486e+01,2.200797e+01,2.203554e+01,2.204932e+01,2.228334e+01,2.239328e+01,2.226959e+01,2.225584e+01,2.231084e+01,2.237268e+01,2.233146e+01,2.226959e+01,2.235894e+01,2.233146e+01,2.238642e+01,2.224208e+01,2.244821e+01,2.231084e+01,2.236581e+01,2.232458e+01,2.234520e+01,2.240015e+01,2.234520e+01,2.235207e+01,2.222833e+01,2.215263e+01,2.220769e+01,2.215263e+01,2.220081e+01,2.229709e+01,2.226959e+01,2.226959e+01,2.230396e+01,2.242075e+01,2.236581e+01,2.243448e+01,2.251683e+01,2.239328e+01,2.237955e+01,2.237955e+01,2.238642e+01,2.244135e+01,2.223520e+01,2.226271e+01,2.231084e+01,2.233833e+01,2.234520e+01,2.222145e+01,2.222833e+01,2.225584e+01,2.231084e+01,2.227647e+01,2.222833e+01,2.233833e+01,2.224896e+01,2.226959e+01,2.226959e+01,2.227647e+01,2.218705e+01,2.213886e+01,2.217328e+01,2.216640e+01,2.201486e+01,2.192521e+01,2.184239e+01,2.183548e+01,2.202865e+01,2.200107e+01,2.200107e+01,2.198039e+01,2.187691e+01,2.195970e+01,2.200797e+01,2.195280e+01,2.201486e+01,2.218705e+01,2.204932e+01,2.202865e+01,2.196660e+01,2.185620e+01,2.201486e+01,2.178713e+01,2.189761e+01,2.197349e+01,2.178713e+01,2.188381e+01,2.187691e+01,2.187000e+01,2.188381e+01,2.185620e+01,2.176641e+01,2.181476e+01,2.173185e+01,2.178022e+01,2.158659e+01,2.163503e+01,2.157274e+01,2.164195e+01,2.159351e+01,2.160735e+01,2.161427e+01,2.154505e+01,2.149656e+01,2.168345e+01,2.153812e+01,2.164195e+01,2.155197e+01,2.162119e+01,2.175949e+01,2.181476e+01,2.195970e+01,2.181476e+01,2.185620e+01,2.187691e+01,2.190451e+01,2.187000e+01,2.193211e+01,2.193211e+01,2.194591e+01,2.195970e+01,2.179404e+01,2.169037e+01,2.186310e+01,2.190451e+01,2.183548e+01,2.188381e+01,2.194591e+01,2.184239e+01,2.178022e+01,2.180095e+01,2.180786e+01,2.198039e+01,2.182167e+01,2.184929e+01,2.186310e+01,2.186310e+01,2.178022e+01,2.182167e+01,2.181476e+01,2.187000e+01,2.187691e+01,2.193211e+01,2.186310e+01,2.189761e+01,2.194591e+01,2.182858e+01,2.189761e+01,2.186310e+01,2.194591e+01,2.183548e+01,2.199418e+01,2.197349e+01,2.191141e+01,2.211132e+01,2.206999e+01,2.192521e+01,2.193211e+01,2.207688e+01,2.195970e+01,2.202176e+01,2.215952e+01,2.202176e+01,2.202176e+01,2.224208e+01,2.224896e+01,2.208377e+01,2.205621e+01,2.213198e+01,2.219393e+01,2.229709e+01,2.212509e+01,2.221457e+01,2.227647e+01,2.229022e+01,2.206310e+01,2.233833e+01,2.233833e+01,2.226271e+01,2.239328e+01,2.244821e+01,2.212509e+01,2.224896e+01,2.243448e+01,2.246880e+01,2.243448e+01,2.250311e+01,2.240702e+01,2.241389e+01,2.242075e+01,2.242075e+01,2.244135e+01,2.235894e+01,2.245507e+01,2.238642e+01,2.245507e+01,2.234520e+01,2.240015e+01,2.235894e+01,2.237955e+01,2.240702e+01,2.237955e+01,2.235894e+01,2.228334e+01,2.230396e+01,2.229709e+01,2.230396e+01,2.240015e+01,2.239328e+01,2.222145e+01,2.229022e+01,2.223520e+01,2.215263e+01,2.219393e+01,2.230396e+01,2.211821e+01,2.220081e+01,2.218705e+01,2.216640e+01,2.216640e+01,2.213198e+01,2.202865e+01,2.221457e+01,2.222145e+01,2.208377e+01,2.204243e+01,2.197349e+01,2.206999e+01,2.207688e+01,2.209755e+01,2.208377e+01,2.206310e+01,2.202865e+01
2.266078e+01,2.255798e+01,2.253055e+01,2.259911e+01,2.264022e+01,2.264708e+01,2.259911e+01,2.264022e+01,2.257854e+01,2.257169e+01,2.266078e+01,2.269502e+01,2.266078e+01,2.266078e+01,2.270187e+01,2.266078e+01,2.264708e+01,2.272241e+01,2.272241e+01,2.273610e+01,2.264708e+01,2.273610e+01,2.256483e+01,2.270871e+01,2.261282e+01,2.278400e+01,2.259911e+01,2.276347e+01,2.276347e+01,2.279084e+01,2.272241e+01,2.274978e+01,2.274294e+01,2.270187e+01,2.272241e+01,2.268132e+01,2.269502e+01,2.263337e+01,2.250997e+01,2.269502e+01,2.259911e+01,2.264708e+01,2.262652e+01,2.263337e+01,2.261282e+01,2.259911e+01,2.255798e+01,2.272925e+01,2.264708e+01,2.266763e+01,2.257854e+01,2.268817e+01,2.255112e+01,2.268132e+01,2.272925e+01,2.251683e+01,2.257854e+01,2.261967e+01,2.266078e+01,2.252369e+01,2.254426e+01,2.261967e+01,2.258540e+01,2.258540e+01,2.255798e+01,2.250311e+01,2.261282e+01,2.255798e+01,2.246880e+01,2.242762e+01,2.233833e+01,2.235894e+01,2.222145e+01,2.240702e+01,2.224896e+01,2.230396e+01,2.243448e+01,2.248939e+01,2.259225e+01,2.258540e+01,2.253055e+01,2.279084e+01,2.271556e+01,2.279084e+01,2.287974e+01,2.274978e+01,2.283872e+01,2.277032e+01,2.288657e+01,2.288657e+01,2.279768e+01,2.279768e+01,2.278400e+01,2.296856e+01,2.277032e+01,2.283188e+01,2.279084e+01,2.273610e+01,2.282504e+01,2.273610e+01,2.281136e+01,2.271556e+01,2.284555e+01,2.290024e+01,2.279084e+01,2.300953e+01,2.287290e+01,2.259911e+01,2.264708e+01,2.255112e+01,2.255798e+01,2.248252e+01,2.257169e+01,2.255798e+01,2.240015e+01,2.262652e+01,2.235207e+01,2.240702e+01,2.257854e+01,2.257854e+01,2.255798e+01,2.253055e+01,2.256483e+01,2.246194e+01,2.251683e+01,2.250311e+01,2.240015e+01,2.261282e+01,2.241389e+01,2.251683e+01,2.256483e+01,2.255112e+01,2.260596e+01,2.258540e+01,2.255798e+01,2.258540e+01,2.257854e+01,2.261967e+01,2.258540e+01,2.257169e+01,2.272925e+01,2.268817e+01,2.253741e+01,2.270871e+01,2.290024e+01,2.261967e+01,2.259911e+01,2.268817e+01,2.272925e+01,2.277716e+01,2.271556e+01,2.260596e+01,2.281820e+01,2.284555e+01,2.281136e+01,2.279768e+01,2.279768e+01,2.281820e+01,2.281820e+01,2.258540e+01,2.279768e+01,2.270871e+01,2.276347e+01,2.274978e+01,2.270187e+01,2.264022e+01,2.268132e+01,2.268817e+01,2.267447e+01,2.256483e+01,2.268817e+01,2.259911e+01,2.257854e+01,2.257169e+01,2.237955e+01,2.242762e+01,2.247566e+01,2.242075e+01,2.247566e+01,2.234520e+01,2.234520e+01,2.235894e+01,2.234520e+01,2.230396e+01,2.221457e+01,2.211821e+01,2.199418e+01,2.192521e+01,2.193901e+01,2.189071e+01,2.193211e+01,2.211821e+01,2.224896e+01,2.241389e+01,2.242075e+01,2.243448e+01,2.240015e+01,2.242075e+01,2.239328e+01,2.247566e+01,2.246880e+01,2.247566e+01,2.245507e+01,2.238642e+01,2.242075e+01,2.235894e+01,2.244821e+01,2.234520e+01,2.232458e+01,2.229709e+01,2.233833e+01,2.241389e+01,2.242075e+01,2.242075e+01,2.248939e+01,2.231084e+01,2.246880e+01,2.252369e+01,2.231084e+01,2.235894e+01,2.241389e+01,2.234520e+01,2.237955e+01,2.244135e+01,2.235894e+01,2.247566e+01,2.244821e+01,2.239328e+01,2.249625e+01,2.240702e+01,2.245507e+01,2.248939e+01,2.246194e+01,2.240015e+01,2.237955e+01,2.258540e+01,2.252369e+01,2.259225e+01,2.250311e+01,2.253741e+01,2.247566e+01,2.244821e+01,2.246880e+01,2.244135e+01,2.245507e+01,2.248939e+01,2.250997e+01,2.254426e+01,2.255112e+01,2.248252e+01,2.244135e+01,2.248939e+01,2.246194e+01,2.246194e+01,2.245507e+01,2.249625e+01,2.244135e+01,2.244135e+01,2.239328e+01,2.249625e+01,2.240015e+01,2.244821e+01,2.242075e+01,2.242075e+01,2.237955e+01,2.240015e+01,2.226959e+01,2.237268e+01,2.233833e+01,2.234520e+01,2.233833e+01,2.231771e+01,2.235894e+01,2.239328e+01,2.238642e+01,2.233146e+01,2.244821e+01,2.229709e+01,2.230396e+01,2.235207e+01,2.231771e+01,2.236581e+01,2.244821e+01,2.219393e+01,2.235207e+01,2.237955e+01,2.231771e+01,2.233146e+01,2.226271e+01,2.223520e+01,2.227647e+01,2.235894e+01,2.220769e+01,2.233146e+01,2.219393e+01,2.227647e+01,2.233146e+01,2.220769e+01,2.213886e+01,2.224896e+01,2.221457e+01,2.224896e+01,2.228334e+01,2.226959e+01,2.225584e+01,2.231084e+01,2.226271e+01,2.228334e+01,2.224896e+01,2.228334e+01,2.227647e+01,2.229022e+01,2.222833e+01,2.220081e+01,2.235207e+01,2.225584e+01,2.229022e+01,2.231084e+01,2.242762e+01,2.237268e+01,2.235207e+01,2.224896e+01,2.237268e+01,2.233833e+01,2.231771e+01,2.222145e+01,2.249625e+01,2.229709e+01,2.233833e+01,2.232458e+01,2.225584e+01,2.231084e+01,2.232458e+01,2.231771e+01,2.227647e+01,2.232458e+01,2.228334e+01,2.230396e+01,2.229022e+01,2.227647e+01,2.229709e+01,2.211821e+01,2.218016e+01,2.227647e+01,2.213198e+01,2.215952e+01,2.218705e+01,2.223520e+01,2.217328e+01,2.210443e+01,2.200797e+01,2.216640e+01,2.195970e+01,2.203554e+01,2.209066e+01,2.218016e+01,2.215263e+01,2.210443e+01,2.215952e+01,2.210443e+01,2.204243e+01,2.195970e+01,2.185620e+01,2.198039e+01,2.196660e+01,2.199418e+01,2.200107e+01,2.203554e+01,2.208377e+01,2.222833e+01,2.209755e+01,2.201486e+01,2.212509e+01,2.212509e+01,2.215952e+01,2.218016e+01,2.207688e+01,2.218705e+01,2.222145e+01,2.225584e+01,2.220081e+01,2.218705e+01,2.216640e+01,2.218705e+01,2.212509e+01,2.220081e+01,2.225584e+01,2.218705e+01,2.216640e+01,2.222145e+01,2.223520e+01,2.226271e+01,2.221457e+01,2.221457e+01,2.218705e+01,2.218705e+01,2.215263e+01,2.212509e+01,2.217328e+01,2.209755e+01,2.214575e+01,2.203554e+01,2.212509e+01,2.208377e+01,2.211132e+01,2.207688e+01,2.209066e+01,2.209066e+01,2.202865e+01,2.205621e+01,2.206310e+01,2.214575e+01,2.218705e+01,2.222145e+01,2.238642e+01,2.221457e+01,2.232458e+01,2.237268e+01,2.233146e+01,2.238642e+01,2.240015e+01,2.234520e+01,2.240702e+01,2.233146e+01,2.237955e+01,2.248252e+01,2.252369e+01,2.237955e+01,2.240702e+01,2.243448e+01,2.240015e+01,2.236581e+01,2.233833e+01,2.217328e+01,2.224896e+01,2.219393e+01,2.226959e+01,2.220769e+01,2.225584e+01,2.226959e+01,2.224208e+01,2.231084e+01,2.235207e+01,2.253741e+01,2.254426e+01,2.243448e+01,2.240702e+01,2.245507e+01,2.241389e+01,2.237268e+01,2.237268e+01,2.233146e+01,2.238642e+01,2.239328e+01,2.235894e+01,2.226959e+01,2.220769e+01,2.220081e+01,2.219393e+01,2.224208e+01,2.230396e+01,2.230396e+01,2.227647e+01,2.224208e+01,2.227647e+01,2.205621e+01,2.214575e+01,2.208377e+01,2.195970e+01,2.190451e+01,2.191831e+01,2.182167e+01,2.183548e+01,2.203554e+01,2.183548e+01,2.185620e+01,2.191831e+01,2.184239e+01,2.190451e+01,2.206310e+01,2.203554e+01,2.218705e+01,2.207688e+01,2.204932e+01,2.193901e+01,2.201486e+01,2.200797e+01,2.185620e+01,2.182167e+01,2.180786e+01,2.181476e+01,2.191831e+01,2.184239e+01,2.193211e+01,2.189071e+01,2.191141e+01,2.181476e+01,2.179404e+01,2.191141e+01,2.184239e+01,2.175949e+01,2.180786e+01,2.169728e+01,2.176641e+01,2.169728e+01,2.157967e+01,2.163503e+01,2.168345e+01,2.157967e+01,2.160043e+01,2.159351e+01,2.150349e+01,2.151734e+01,2.156582e+01,2.158659e+01,2.183548e+01,2.182858e+01,2.180095e+01,2.192521e+01,2.181476e+01,2.194591e+01,2.189761e+01,2.188381e+01,2.191831e+01,2.185620e+01,2.187691e+01,2.181476e+01,2.193901e+01,2.193901e+01,2.187000e+01,2.187691e+01,2.191141e+01,2.205621e+01,2.190451e+01,2.191831e+01,2.183548e+01,2.186310e+01,2.179404e+01,2.202176e+01,2.200797e+01,2.191141e+01,2.187691e+01,2.189761e+01,2.202176e+01,2.183548e+01,2.195280e+01,2.182167e+01,2.187000e+01,2.191141e+01,2.189071e+01,2.206310e+01,2.191141e+01,2.193901e+01,2.195280e+01,2.201486e+01,2.203554e+01,2.195970e+01,2.182858e+01,2.211132e+01,2.206310e+01,2.210443e+01,2.205621e+01,2.206999e+01,2.213198e+01,2.198729e+01,2.218016e+01,2.212509e+01,2.209066e+01,2.211821e+01,2.208377e+01,2.218705e+01,2.231771e+01,2.233833e+01,2.213198e+01,2.220769e+01,2.228334e+01,2.215263e+01,2.226959e+01,2.228334e+01,2.226959e+01,2.235207e+01,2.234520e+01,2.231084e+01,2.237268e+01,2.235207e+01,2.240702e+01,2.243448e+01,2.237268e+01,2.250311e+01,2.246880e+01,2.246880e+01,2.249625e+01,2.248252e+01,2.244135e+01,2.250997e+01,2.243448e+01,2.246194e+01,2.251683e+01,2.244135e+01,2.244821e+01,2.244135e+01,2.248252e+01,2.248252e+01,2.238642e+01,2.248252e+01,2.247566e+01,2.235894e+01,2.237955e+01,2.231084e+01,2.235207e+01,2.226271e+01,2.226959e+01,2.223520e+01,2.228334e+01,2.224208e+01,2.226959e+01,2.223520e+01,2.221457e+01,2.228334e+01,2.223520e+01,2.229709e+01,2.217328e+01,2.222145e+01,2.220081e+01,2.210443e+01,2.209755e+01,2.209755e+01,2.206310e+01,2.209066e+01,2.208377e+01,2.199418e+01,2.199418e+01,2.206999e+01,2.208377e+01,2.209755e+01,2.206310e+01,2.204243e+01,2.204243e+01,2.203554e+01,2.222145e+01
2.278400e+01,2.259225e+01,2.263337e+01,2.259911e+01,2.261967e+01,2.266078e+01,2.263337e+01,2.260596e+01,2.274978e+01,2.271556e+01,2.261282e+01,2.258540e+01,2.270187e+01,2.252369e+01,2.271556e+01,2.279768e+01,2.264022e+01,2.268132e+01,2.266078e+01,2.266763e+01,2.274978e+01,2.273610e+01,2.270187e+01,2.286607e+01,2.263337e+01,2.266763e+01,2.272925e+01,2.270871e+01,2.278400e+01,2.275663e+01,2.276347e+01,2.284555e+01,2.261967e+01,2.271556e+01,2.262652e+01,2.270871e+01,2.261282e+01,2.268817e+01,2.276347e+01,2.264708e+01,2.266078e+01,2.266078e+01,2.262652e+01,2.266763e+01,2.258540e+01,2.259225e+01,2.261967e+01,2.262652e+01,2.264708e+01,2.268132e+01,2.265392e+01,2.257169e+01,2.264022e+01,2.264708e+01,2.257169e+01,2.259225e+01,2.261282e+01,2.260596e+01,2.251683e+01,2.258540e+01,2.256483e+01,2.254426e+01,2.255798e+01,2.264022e+01,2.263337e+01,2.250311e+01,2.262652e+01,2.248939e+01,2.266763e+01,2.255798e+01,2.253055e+01,2.235894e+01,2.214575e+01,2.206999e+01,2.224896e+01,2.220769e+01,2.250311e+01,2.249625e+01,2.255112e+01,2.248252e+01,2.264022e+01,2.270871e+01,2.262652e+01,2.253741e+01,2.258540e+01,2.284555e+01,2.269502e+01,2.277032e+01,2.274978e+01,2.290024e+01,2.282504e+01,2.277716e+01,2.268817e+01,2.270187e+01,2.277032e+01,2.274294e+01,2.279768e+01,2.265392e+01,2.274294e+01,2.279768e+01,2.268817e+01,2.274978e+01,2.256483e+01,2.253741e+01,2.300270e+01,2.276347e+01,2.263337e+01,2.266078e+01,2.242762e+01,2.259911e+01,2.250997e+01,2.253055e+01,2.246880e+01,2.250311e+01,2.246880e+01,2.242762e+01,2.239328e+01,2.254426e+01,2.231771e+01,2.226959e+01,2.257854e+01,2.237955e+01,2.243448e+01,2.242075e+01,2.237268e+01,2.235207e+01,2.244135e+01,2.241389e+01,2.241389e+01,2.240015e+01,2.240015e+01,2.251683e+01,2.246194e+01,2.250997e+01,2.253741e+01,2.255798e+01,2.252369e+01,2.259911e+01,2.260596e+01,2.242762e+01,2.252369e+01,2.251683e+01,2.250997e+01,2.238642e+01,2.255798e+01,2.263337e+01,2.257169e+01,2.267447e+01,2.260596e+01,2.245507e+01,2.268132e+01,2.264708e+01,2.271556e+01,2.254426e+01,2.261967e+01,2.266078e+01,2.257169e+01,2.256483e+01,2.257169e+01,2.257854e+01,2.248252e+01,2.262652e+01,2.263337e+01,2.244135e+01,2.267447e+01,2.265392e+01,2.249625e+01,2.244135e+01,2.239328e+01,2.236581e+01,2.261967e+01,2.233146e+01,2.235894e+01,2.251683e+01,2.250311e+01,2.233146e+01,2.240015e+01,2.230396e+01,2.231771e+01,2.230396e+01,2.215952e+01,2.219393e+01,2.209066e+01,2.211132e+01,2.202865e+01,2.209066e+01,2.195280e+01,2.187691e+01,2.190451e+01,2.192521e+01,2.195280e+01,2.227647e+01,2.250997e+01,2.242075e+01,2.242762e+01,2.240015e+01,2.241389e+01,2.231084e+01,2.230396e+01,2.237955e+01,2.244135e+01,2.248939e+01,2.248252e+01,2.247566e+01,2.245507e+01,2.228334e+01,2.238642e+01,2.238642e+01,2.233833e+01,2.235894e+01,2.234520e+01,2.242762e+01,2.243448e+01,2.233146e+01,2.250311e+01,2.240015e+01,2.235894e+01,2.233833e+01,2.240015e+01,2.235207e+01,2.237955e+01,2.233146e+01,2.240702e+01,2.240702e+01,2.240702e+01,2.245507e+01,2.237268e+01,2.247566e+01,2.241389e+01,2.249625e+01,2.252369e+01,2.244135e+01,2.248939e+01,2.242075e+01,2.237955e+01,2.233833e+01,2.238642e+01,2.247566e+01,2.251683e+01,2.250997e+01,2.253055e+01,2.248252e+01,2.253055e+01,2.248939e+01,2.244821e+01,2.244135e+01,2.248939e+01,2.249625e+01,2.245507e+01,2.248252e+01,2.249625e+01,2.249625e+01,2.247566e+01,2.242762e+01,2.252369e+01,2.244821e+01,2.240702e+01,2.249625e+01,2.240702e+01,2.243448e+01,2.246194e+01,2.244821e+01,2.242075e+01,2.238642e+01,2.235894e+01,2.246194e+01,2.242762e+01,2.239328e+01,2.244135e+01,2.235894e+01,2.234520e+01,2.238642e+01,2.239328e+01,2.244135e+01,2.233146e+01,2.228334e+01,2.238642e+01,2.248939e+01,2.237955e+01,2.233146e+01,2.240015e+01,2.234520e+01,2.237268e+01,2.224208e+01,2.239328e+01,2.227647e+01,2.227647e+01,2.236581e+01,2.229022e+01,2.226271e+01,2.222145e+01,2.229022e+01,2.226959e+01,2.226271e+01,2.231084e+01,2.225584e+01,2.234520e+01,2.231771e+01,2.209755e+01,2.224208e+01,2.224208e+01,2.226271e+01,2.227647e+01,2.226271e+01,2.226271e+01,2.226959e+01,2.220769e+01,2.225584e+01,2.224896e+01,2.231084e+01,2.224896e+01,2.235207e+01,2.223520e+01,2.228334e+01,2.222833e+01,2.228334e+01,2.229709e+01,2.225584e+01,2.228334e+01,2.232458e+01,2.223520e+01,2.231771e+01,2.235894e+01,2.236581e+01,2.221457e+01,2.235207e+01,2.237955e+01,2.235894e+01,2.226959e+01,2.229709e+01,2.225584e+01,2.239328e+01,2.226959e+01,2.231771e+01,2.233146e+01,2.231084e+01,2.224208e+01,2.227647e+01,2.227647e+01,2.242762e+01,2.224896e+01,2.222833e+01,2.231084e+01,2.231084e+01,2.218705e+01,2.220769e+01,2.215263e+01,2.203554e+01,2.198039e+01,2.200107e+01,2.189071e+01,2.188381e+01,2.202865e+01,2.208377e+01,2.200797e+01,2.213886e+01,2.204932e+01,2.209066e+01,2.211132e+01,2.206310e+01,2.215263e+01,2.197349e+01,2.186310e+01,2.188381e+01,2.195280e+01,2.198729e+01,2.205621e+01,2.200107e+01,2.199418e+01,2.217328e+01,2.206999e+01,2.211821e+01,2.215263e+01,2.213886e+01,2.220081e+01,2.213198e+01,2.222833e+01,2.222833e+01,2.220081e+01,2.221457e+01,2.200797e+01,2.222145e+01,2.217328e+01,2.217328e+01,2.226959e+01,2.218705e+01,2.215263e+01,2.218016e+01,2.225584e+01,2.220081e+01,2.221457e+01,2.220769e+01,2.221457e+01,2.218016e+01,2.221457e+01,2.221457e+01,2.215263e+01,2.213198e+01,2.216640e+01,2.204243e+01,2.212509e+01,2.215263e+01,2.216640e+01,2.212509e+01,2.208377e+01,2.221457e+01,2.209066e+01,2.210443e+01,2.206999e+01,2.206310e+01,2.198729e+01,2.229709e+01,2.233146e+01,2.240015e+01,2.239328e+01,2.243448e+01,2.241389e+01,2.243448e+01,2.242762e+01,2.242075e+01,2.229022e+01,2.233833e+01,2.233833e+01,2.248252e+01,2.258540e+01,2.253055e+01,2.246194e+01,2.242762e+01,2.236581e+01,2.230396e+01,2.222145e+01,2.222145e+01,2.233146e+01,2.227647e+01,2.231084e+01,2.214575e+01,2.224896e+01,2.227647e+01,2.229709e+01,2.233146e+01,2.226271e+01,2.230396e+01,2.241389e+01,2.240015e+01,2.240015e+01,2.244135e+01,2.237955e+01,2.244135e+01,2.242762e+01,2.237268e+01,2.237268e+01,2.239328e+01,2.236581e+01,2.237268e+01,2.229709e+01,2.220769e+01,2.226959e+01,2.222145e+01,2.222145e+01,2.229022e+01,2.224896e+01,2.231771e+01,2.220081e+01,2.218705e+01,2.208377e+01,2.206310e+01,2.208377e+01,2.203554e+01,2.202176e+01,2.193211e+01,2.179404e+01,2.175258e+01,2.165579e+01,2.182858e+01,2.181476e+01,2.172494e+01,2.162811e+01,2.180095e+01,2.180786e+01,2.186310e+01,2.200107e+01,2.189071e+01,2.204243e+01,2.202176e+01,2.202865e+01,2.202176e+01,2.185620e+01,2.195970e+01,2.175258e+01,2.181476e+01,2.182167e+01,2.189761e+01,2.183548e+01,2.189071e+01,2.182858e+01,2.178022e+01,2.187691e+01,2.186310e+01,2.187691e+01,2.180786e+01,2.186310e+01,2.173876e+01,2.177332e+01,2.157274e+01,2.173185e+01,2.162811e+01,2.177332e+01,2.162811e+01,2.164887e+01,2.168345e+01,2.168345e+01,2.162119e+01,2.176641e+01,2.170420e+01,2.149656e+01,2.182167e+01,2.210443e+01,2.188381e+01,2.211821e+01,2.195280e+01,2.201486e+01,2.203554e+01,2.198039e+01,2.220081e+01,2.208377e+01,2.187000e+01,2.200797e+01,2.200797e+01,2.192521e+01,2.192521e+01,2.192521e+01,2.192521e+01,2.191831e+01,2.191831e+01,2.204932e+01,2.193211e+01,2.193211e+01,2.186310e+01,2.188381e+01,2.191141e+01,2.192521e+01,2.193901e+01,2.189071e+01,2.211821e+01,2.194591e+01,2.192521e+01,2.203554e+01,2.206310e+01,2.202176e+01,2.209755e+01,2.210443e+01,2.198039e+01,2.209755e+01,2.213886e+01,2.208377e+01,2.206310e+01,2.209755e+01,2.212509e+01,2.202176e+01,2.202176e+01,2.210443e+01,2.208377e+01,2.210443e+01,2.200797e+01,2.216640e+01,2.214575e+01,2.211132e+01,2.226271e+01,2.229022e+01,2.220769e+01,2.220081e+01,2.225584e+01,2.225584e+01,2.227647e+01,2.235207e+01,2.227647e+01,2.222833e+01,2.239328e+01,2.225584e+01,2.234520e+01,2.240015e+01,2.237268e+01,2.229022e+01,2.242075e+01,2.235894e+01,2.235207e+01,2.238642e+01,2.244135e+01,2.248939e+01,2.257854e+01,2.244821e+01,2.252369e+01,2.241389e+01,2.238642e+01,2.254426e+01,2.243448e+01,2.243448e+01,2.247566e+01,2.247566e+01,2.227647e+01,2.238642e+01,2.255112e+01,2.233833e+01,2.250311e+01,2.255798e+01,2.240015e+01,2.237268e+01,2.235207e+01,2.235207e+01,2.229022e+01,2.224208e+01,2.226271e+01,2.220769e+01,2.229022e+01,2.218705e+01,2.213886e+01,2.228334e+01,2.228334e+01,2.220769e+01,2.224208e+01,2.213198e+01,2.213886e+01,2.217328e+01,2.211821e+01,2.210443e+01,2.208377e+01,2.207688e+01,2.208377e+01,2.206310e+01,2.204932e+01,2.206310e+01,2.203554e+01,2.204932e+01,2.209755e+01,2.207688e+01,2.203554e+01,2.204932e+01,2.210443e+01,2.203554e+01,2.194591e+01
2.261967e+01,2.266078e+01,2.259911e+01,2.265392e+01,2.259225e+01,2.264708e+01,2.265392e+01,2.265392e+01,2.256483e+01,2.268132e+01,2.258540e+01,2.262652e+01,2.270187e+01,2.264708e+01,2.258540e+01,2.270187e+01,2.268817e+01,2.274294e+01,2.263337e+01,2.268817e+01,2.264708e+01,2.267447e+01,2.268132e+01,2.260596e+01,2.261282e+01,2.269502e+01,2.272241e+01,2.255112e+01,2.273610e+01,2.274978e+01,2.279768e+01,2.259911e+01,2.273610e+01,2.261967e+01,2.266763e+01,2.264708e+01,2.264022e+01,2.258540e+01,2.263337e+01,2.275663e+01,2.261282e+01,2.259911e+01,2.264022e+01,2.277716e+01,2.259911e+01,2.264022e+01,2.258540e+01,2.270187e+01,2.256483e+01,2.263337e+01,2.257169e+01,2.257169e+01,2.265392e+01,2.268132e+01,2.268132e+01,2.255798e+01,2.255798e+01,2.261282e+01,2.255798e+01,2.255798e+01,2.261967e+01,2.257854e+01,2.257854e+01,2.251683e+01,2.253741e+01,2.255112e+01,2.257854e+01,2.257854e+01,2.256483e+01,2.230396e+01,2.223520e+01,2.244821e+01,2.206999e+01,2.210443e+01,2.226959e+01,2.253741e+01,2.251683e+01,2.230396e+01,2.255112e+01,2.248252e+01,2.253055e+01,2.247566e+01,2.264022e+01,2.267447e+01,2.258540e+01,2.270871e+01,2.272241e+01,2.270871e+01,2.274294e+01,2.270871e+01,2.271556e+01,2.268132e+01,2.266763e+01,2.276347e+01,2.260596e+01,2.264708e+01,2.257854e+01,2.262652e+01,2.260596e+01,2.272241e+01,2.269502e+01,2.263337e+01,2.270187e+01,2.254426e+01,2.273610e+01,2.246194e+01,2.243448e+01,2.240702e+01,2.229022e+01,2.227647e+01,2.229022e+01,2.227647e+01,2.240015e+01,2.233146e+01,2.227647e+01,2.227647e+01,2.228334e+01,2.238642e+01,2.238642e+01,2.232458e+01,2.237268e+01,2.215263e+01,2.228334e+01,2.235894e+01,2.226271e+01,2.225584e+01,2.242075e+01,2.224208e+01,2.222145e+01,2.236581e+01,2.244821e+01,2.229022e+01,2.225584e+01,2.222833e+01,2.240702e+01,2.223520e+01,2.242762e+01,2.248252e+01,2.238642e+01,2.237955e+01,2.237955e+01,2.235894e+01,2.231771e+01,2.240015e+01,2.234520e+01,2.233146e+01,2.240702e+01,2.243448e+01,2.248939e+01,2.244135e+01,2.264022e+01,2.268132e+01,2.250311e+01,2.257854e+01,2.244135e+01,2.246880e+01,2.240702e+01,2.244821e+01,2.248939e+01,2.249625e+01,2.242075e+01,2.240702e+01,2.250997e+01,2.242762e+01,2.234520e+01,2.257854e+01,2.246880e+01,2.240702e+01,2.240015e+01,2.237268e+01,2.231771e+01,2.237268e+01,2.225584e+01,2.233833e+01,2.228334e+01,2.222145e+01,2.222145e+01,2.227647e+01,2.218705e+01,2.235207e+01,2.215952e+01,2.211132e+01,2.197349e+01,2.202865e+01,2.195280e+01,2.182167e+01,2.190451e+01,2.183548e+01,2.184929e+01,2.199418e+01,2.202176e+01,2.225584e+01,2.241389e+01,2.242762e+01,2.228334e+01,2.235894e+01,2.243448e+01,2.241389e+01,2.237955e+01,2.248939e+01,2.236581e+01,2.240015e+01,2.248252e+01,2.240015e+01,2.229709e+01,2.230396e+01,2.240015e+01,2.239328e+01,2.239328e+01,2.233146e+01,2.240702e+01,2.224896e+01,2.237955e+01,2.242075e+01,2.231771e+01,2.244135e+01,2.241389e+01,2.240702e+01,2.231771e+01,2.239328e+01,2.238642e+01,2.240015e+01,2.240702e+01,2.240015e+01,2.235894e+01,2.239328e+01,2.248252e+01,2.240015e+01,2.237268e+01,2.248939e+01,2.237268e+01,2.250311e+01,2.237268e+01,2.240702e+01,2.249625e+01,2.243448e+01,2.237955e+01,2.253055e+01,2.244135e+01,2.246194e+01,2.247566e+01,2.253741e+01,2.246880e+01,2.246194e+01,2.240702e+01,2.252369e+01,2.250311e+01,2.250311e+01,2.245507e+01,2.247566e+01,2.253055e+01,2.246194e+01,2.249625e+01,2.249625e+01,2.244821e+01,2.244135e+01,2.246880e+01,2.244821e+01,2.250997e+01,2.246194e+01,2.246880e+01,2.242075e+01,2.242762e+01,2.240015e+01,2.242762e+01,2.243448e+01,2.240015e+01,2.233146e+01,2.235894e+01,2.238642e+01,2.231771e+01,2.237955e+01,2.241389e+01,2.242075e+01,2.223520e+01,2.226959e+01,2.251683e+01,2.227647e+01,2.235207e+01,2.233833e+01,2.233833e+01,2.232458e+01,2.227647e+01,2.240015e+01,2.238642e+01,2.233146e+01,2.231084e+01,2.233146e+01,2.233146e+01,2.231771e+01,2.228334e+01,2.232458e+01,2.231771e+01,2.230396e+01,2.222833e+01,2.225584e+01,2.231084e+01,2.218016e+01,2.231084e+01,2.223520e+01,2.226959e+01,2.226959e+01,2.224896e+01,2.226271e+01,2.220769e+01,2.230396e+01,2.226959e+01,2.226271e+01,2.233833e+01,2.224208e+01,2.234520e+01,2.228334e+01,2.233146e+01,2.220769e+01,2.235207e+01,2.230396e+01,2.237268e+01,2.225584e+01,2.232458e+01,2.233833e+01,2.233833e+01,2.228334e+01,2.229709e+01,2.229022e+01,2.237268e+01,2.233833e+01,2.231084e+01,2.231084e+01,2.236581e+01,2.237268e+01,2.236581e+01,2.239328e+01,2.229022e+01,2.234520e+01,2.235207e+01,2.231771e+01,2.233146e+01,2.229022e+01,2.232458e+01,2.226959e+01,2.226959e+01,2.229709e+01,2.211132e+01,2.224896e+01,2.222833e+01,2.221457e+01,2.202865e+01,2.193901e+01,2.155197e+01,2.158659e+01,2.165579e+01,2.154505e+01,2.153119e+01,2.170420e+01,2.174567e+01,2.186310e+01,2.186310e+01,2.199418e+01,2.202176e+01,2.202865e+01,2.201486e+01,2.193901e+01,2.194591e+01,2.197349e+01,2.198039e+01,2.205621e+01,2.202865e+01,2.206310e+01,2.204243e+01,2.202865e+01,2.211132e+01,2.213198e+01,2.198039e+01,2.211821e+01,2.215952e+01,2.213198e+01,2.211132e+01,2.207688e+01,2.220081e+01,2.222833e+01,2.222145e+01,2.200797e+01,2.218705e+01,2.218016e+01,2.220081e+01,2.217328e+01,2.217328e+01,2.215263e+01,2.215263e+01,2.218705e+01,2.221457e+01,2.218016e+01,2.231084e+01,2.226271e+01,2.226271e+01,2.215263e+01,2.222145e+01,2.221457e+01,2.230396e+01,2.213886e+01,2.219393e+01,2.213198e+01,2.209755e+01,2.209755e+01,2.213886e+01,2.208377e+01,2.202176e+01,2.211821e+01,2.200107e+01,2.205621e+01,2.202176e+01,2.222833e+01,2.241389e+01,2.238642e+01,2.240702e+01,2.242075e+01,2.244821e+01,2.229022e+01,2.244135e+01,2.242075e+01,2.232458e+01,2.236581e+01,2.242762e+01,2.247566e+01,2.243448e+01,2.253741e+01,2.236581e+01,2.241389e+01,2.229022e+01,2.224896e+01,2.220769e+01,2.226271e+01,2.220769e+01,2.229022e+01,2.226271e+01,2.222145e+01,2.230396e+01,2.223520e+01,2.236581e+01,2.224896e+01,2.226959e+01,2.224208e+01,2.235894e+01,2.237268e+01,2.236581e+01,2.236581e+01,2.241389e+01,2.246880e+01,2.240702e+01,2.250997e+01,2.235894e+01,2.237955e+01,2.242762e+01,2.238642e+01,2.220769e+01,2.220081e+01,2.222833e+01,2.231771e+01,2.229022e+01,2.224208e+01,2.226271e+01,2.213886e+01,2.229022e+01,2.217328e+01,2.210443e+01,2.202176e+01,2.189761e+01,2.200107e+01,2.193901e+01,2.193901e+01,2.194591e+01,2.171802e+01,2.155890e+01,2.162119e+01,2.167654e+01,2.168345e+01,2.164887e+01,2.178022e+01,2.178713e+01,2.187691e+01,2.183548e+01,2.204243e+01,2.201486e+01,2.196660e+01,2.198729e+01,2.188381e+01,2.188381e+01,2.180786e+01,2.180786e+01,2.180095e+01,2.178022e+01,2.177332e+01,2.189761e+01,2.185620e+01,2.191141e+01,2.194591e+01,2.195970e+01,2.192521e+01,2.182167e+01,2.191831e+01,2.177332e+01,2.182167e+01,2.181476e+01,2.183548e+01,2.183548e+01,2.181476e+01,2.167654e+01,2.171802e+01,2.162119e+01,2.166270e+01,2.175258e+01,2.173876e+01,2.173185e+01,2.151042e+01,2.162811e+01,2.195970e+01,2.211132e+01,2.215952e+01,2.200797e+01,2.216640e+01,2.195280e+01,2.215952e+01,2.202865e+01,2.215952e+01,2.200107e+01,2.194591e+01,2.188381e+01,2.199418e+01,2.209066e+01,2.189761e+01,2.208377e+01,2.209066e+01,2.202865e+01,2.206999e+01,2.213886e+01,2.214575e+01,2.203554e+01,2.198039e+01,2.203554e+01,2.194591e+01,2.204932e+01,2.201486e+01,2.192521e+01,2.203554e+01,2.196660e+01,2.209066e+01,2.201486e+01,2.215263e+01,2.206999e+01,2.206999e+01,2.200797e+01,2.202865e+01,2.212509e+01,2.204243e+01,2.215952e+01,2.206999e+01,2.213198e+01,2.209066e+01,2.216640e+01,2.204932e+01,2.220081e+01,2.202865e+01,2.233833e+01,2.214575e+01,2.221457e+01,2.216640e+01,2.228334e+01,2.219393e+01,2.228334e+01,2.240015e+01,2.224208e+01,2.230396e+01,2.235894e+01,2.239328e+01,2.237955e+01,2.236581e+01,2.231084e+01,2.229022e+01,2.235894e+01,2.224896e+01,2.235894e+01,2.237268e+01,2.235894e+01,2.241389e+01,2.237955e+01,2.243448e+01,2.244135e+01,2.244821e+01,2.246880e+01,2.248939e+01,2.249625e+01,2.250311e+01,2.246880e+01,2.253055e+01,2.246880e+01,2.241389e+01,2.253055e+01,2.242075e+01,2.244821e+01,2.234520e+01,2.252369e+01,2.234520e+01,2.235894e+01,2.239328e+01,2.234520e+01,2.240015e+01,2.237268e+01,2.266078e+01,2.224896e+01,2.224896e+01,2.219393e+01,2.236581e+01,2.224208e+01,2.211821e+01,2.218016e+01,2.235894e+01,2.231084e+01,2.225584e+01,2.221457e+01,2.216640e+01,2.218016e+01,2.214575e+01,2.209755e+01,2.206999e+01,2.205621e+01,2.206999e+01,2.209755e+01,2.209755e+01,2.209066e+01,2.202865e+01,2.204932e+01,2.216640e+01,2.203554e+01,2.200107e+01,2.204932e+01,2.202865e+01,2.200797e+01,2.201486e+01,2.207688e+01,2.202865e+01
2.255798e+01,2.267447e+01,2.266763e+01,2.265392e+01,2.275663e+01,2.264708e+01,2.247566e+01,2.264022e+01,2.266078e+01,2.259225e+01,2.271556e+01,2.259225e+01,2.261282e+01,2.267447e+01,2.263337e+01,2.270187e+01,2.255112e+01,2.271556e+01,2.272925e+01,2.251683e+01,2.274294e+01,2.268817e+01,2.272925e+01,2.268817e+01,2.239328e+01,2.259225e+01,2.257854e+01,2.259911e+01,2.253055e+01,2.270871e+01,2.272241e+01,2.272241e+01,2.266763e+01,2.261282e+01,2.268817e+01,2.264708e+01,2.268817e+01,2.271556e+01,2.272925e+01,2.257169e+01,2.261967e+01,2.264022e+01,2.262652e+01,2.270187e+01,2.261282e+01,2.259225e+01,2.259225e+01,2.259911e+01,2.257169e+01,2.271556e+01,2.260596e+01,2.260596e+01,2.257169e+01,2.259225e+01,2.255798e+01,2.260596e+01,2.264022e+01,2.259911e+01,2.254426e+01,2.261282e+01,2.253055e+01,2.256483e+01,2.258540e+01,2.256483e+01,2.257854e+01,2.257169e+01,2.256483e+01,2.252369e+01,2.255798e+01,2.242762e+01,2.222145e+01,2.224208e+01,2.197349e+01,2.205621e+01,2.211132e+01,2.209066e+01,2.215952e+01,2.230396e+01,2.242075e+01,2.228334e+01,2.259911e+01,2.245507e+01,2.257169e+01,2.261967e+01,2.265392e+01,2.247566e+01,2.246880e+01,2.255112e+01,2.273610e+01,2.250311e+01,2.266763e+01,2.266078e+01,2.260596e+01,2.268817e+01,2.253741e+01,2.258540e+01,2.258540e+01,2.252369e+01,2.264022e+01,2.266078e+01,2.262652e+01,2.262652e+01,2.251683e+01,2.247566e+01,2.248939e+01,2.244135e+01,2.233833e+01,2.243448e+01,2.235207e+01,2.226271e+01,2.222833e+01,2.228334e+01,2.226271e+01,2.226271e+01,2.229022e+01,2.210443e+01,2.231084e+01,2.220081e+01,2.210443e+01,2.220769e+01,2.211132e+01,2.213886e+01,2.213198e+01,2.217328e+01,2.216640e+01,2.222833e+01,2.211821e+01,2.215263e+01,2.210443e+01,2.218016e+01,2.219393e+01,2.214575e+01,2.218016e+01,2.220769e+01,2.225584e+01,2.221457e+01,2.222833e+01,2.218016e+01,2.233833e+01,2.221457e+01,2.233833e+01,2.227647e+01,2.233146e+01,2.226959e+01,2.230396e+01,2.232458e+01,2.242075e+01,2.232458e+01,2.240702e+01,2.239328e+01,2.237955e+01,2.240702e+01,2.225584e+01,2.241389e+01,2.231771e+01,2.244821e+01,2.236581e+01,2.244135e+01,2.237268e+01,2.247566e+01,2.222833e+01,2.232458e+01,2.239328e+01,2.244821e+01,2.242762e+01,2.226959e+01,2.224896e+01,2.226271e+01,2.230396e+01,2.216640e+01,2.218705e+01,2.215952e+01,2.207688e+01,2.230396e+01,2.221457e+01,2.211132e+01,2.213886e+01,2.217328e+01,2.211132e+01,2.202865e+01,2.204932e+01,2.200107e+01,2.206999e+01,2.198039e+01,2.211132e+01,2.192521e+01,2.206310e+01,2.208377e+01,2.208377e+01,2.203554e+01,2.229022e+01,2.231771e+01,2.241389e+01,2.239328e+01,2.233146e+01,2.229709e+01,2.242762e+01,2.246194e+01,2.244821e+01,2.239328e+01,2.246880e+01,2.246880e+01,2.242762e+01,2.233146e+01,2.239328e+01,2.225584e+01,2.227647e+01,2.241389e+01,2.225584e+01,2.237955e+01,2.224208e+01,2.233146e+01,2.236581e+01,2.235207e+01,2.233833e+01,2.230396e+01,2.240702e+01,2.235207e+01,2.241389e+01,2.237268e+01,2.233833e+01,2.231084e+01,2.240702e+01,2.242075e+01,2.245507e+01,2.237955e+01,2.239328e+01,2.242762e+01,2.246880e+01,2.238642e+01,2.246880e+01,2.237955e+01,2.241389e+01,2.241389e+01,2.237268e+01,2.245507e+01,2.241389e+01,2.241389e+01,2.244821e+01,2.251683e+01,2.246880e+01,2.251683e+01,2.250997e+01,2.251683e+01,2.250997e+01,2.250997e+01,2.248252e+01,2.249625e+01,2.250997e+01,2.247566e+01,2.250311e+01,2.250311e+01,2.246194e+01,2.247566e+01,2.250997e+01,2.245507e+01,2.244135e+01,2.250311e+01,2.243448e+01,2.243448e+01,2.245507e+01,2.244135e+01,2.245507e+01,2.237955e+01,2.244821e+01,2.240702e+01,2.236581e+01,2.238642e+01,2.232458e+01,2.233833e+01,2.236581e+01,2.226271e+01,2.240702e+01,2.241389e+01,2.224896e+01,2.240702e+01,2.235207e+01,2.234520e+01,2.232458e+01,2.226271e+01,2.232458e+01,2.231084e+01,2.242075e+01,2.228334e+01,2.234520e+01,2.231084e+01,2.232458e+01,2.228334e+01,2.228334e+01,2.228334e+01,2.233146e+01,2.224896e+01,2.227647e+01,2.218016e+01,2.231084e+01,2.231084e+01,2.229709e+01,2.228334e+01,2.232458e+01,2.224896e+01,2.229709e+01,2.230396e+01,2.214575e+01,2.222145e+01,2.225584e+01,2.224896e+01,2.227647e+01,2.225584e+01,2.226271e+01,2.213198e+01,2.226959e+01,2.211132e+01,2.223520e+01,2.225584e+01,2.229022e+01,2.230396e+01,2.239328e+01,2.233146e+01,2.231084e+01,2.230396e+01,2.235207e+01,2.232458e+01,2.230396e+01,2.228334e+01,2.230396e+01,2.238642e+01,2.224208e+01,2.233833e+01,2.224208e+01,2.231084e+01,2.233833e+01,2.232458e+01,2.234520e+01,2.229022e+01,2.229022e+01,2.223520e+01,2.226959e+01,2.232458e+01,2.221457e+01,2.228334e+01,2.226271e+01,2.226959e+01,2.215952e+01,2.220081e+01,2.211132e+01,2.199418e+01,2.168345e+01,2.145498e+01,2.137871e+01,2.158659e+01,2.144112e+01,2.146191e+01,2.167654e+01,2.169728e+01,2.157967e+01,2.155197e+01,2.167654e+01,2.180095e+01,2.190451e+01,2.198039e+01,2.191831e+01,2.189761e+01,2.191141e+01,2.195970e+01,2.191831e+01,2.199418e+01,2.203554e+01,2.204932e+01,2.205621e+01,2.208377e+01,2.209066e+01,2.213198e+01,2.213198e+01,2.215952e+01,2.204932e+01,2.215952e+01,2.223520e+01,2.207688e+01,2.206999e+01,2.222833e+01,2.200107e+01,2.199418e+01,2.224896e+01,2.211821e+01,2.215263e+01,2.214575e+01,2.211132e+01,2.216640e+01,2.218016e+01,2.220769e+01,2.225584e+01,2.222833e+01,2.222833e+01,2.222145e+01,2.225584e+01,2.214575e+01,2.210443e+01,2.221457e+01,2.212509e+01,2.218016e+01,2.218016e+01,2.211821e+01,2.218016e+01,2.211821e+01,2.213886e+01,2.211132e+01,2.211821e+01,2.214575e+01,2.218016e+01,2.210443e+01,2.206310e+01,2.238642e+01,2.237268e+01,2.242075e+01,2.246880e+01,2.244821e+01,2.245507e+01,2.244135e+01,2.246194e+01,2.246194e+01,2.226271e+01,2.247566e+01,2.246194e+01,2.240702e+01,2.233146e+01,2.235207e+01,2.233146e+01,2.231771e+01,2.226271e+01,2.215952e+01,2.231084e+01,2.221457e+01,2.227647e+01,2.211821e+01,2.227647e+01,2.220769e+01,2.229709e+01,2.226271e+01,2.224208e+01,2.224896e+01,2.226271e+01,2.213886e+01,2.224208e+01,2.235894e+01,2.238642e+01,2.235894e+01,2.235894e+01,2.234520e+01,2.250311e+01,2.227647e+01,2.240015e+01,2.222833e+01,2.229709e+01,2.237268e+01,2.215952e+01,2.231771e+01,2.217328e+01,2.230396e+01,2.220769e+01,2.216640e+01,2.227647e+01,2.211132e+01,2.220081e+01,2.207688e+01,2.217328e+01,2.204932e+01,2.195280e+01,2.190451e+01,2.182167e+01,2.196660e+01,2.177332e+01,2.171111e+01,2.154505e+01,2.160043e+01,2.160735e+01,2.170420e+01,2.170420e+01,2.180095e+01,2.182858e+01,2.182858e+01,2.181476e+01,2.202176e+01,2.203554e+01,2.198729e+01,2.203554e+01,2.193211e+01,2.187000e+01,2.188381e+01,2.189071e+01,2.198039e+01,2.179404e+01,2.175949e+01,2.177332e+01,2.189071e+01,2.193901e+01,2.198729e+01,2.189071e+01,2.196660e+01,2.188381e+01,2.184929e+01,2.184929e+01,2.180786e+01,2.178713e+01,2.181476e+01,2.184239e+01,2.179404e+01,2.184239e+01,2.166270e+01,2.174567e+01,2.171802e+01,2.173185e+01,2.173876e+01,2.150349e+01,2.154505e+01,2.198039e+01,2.199418e+01,2.215263e+01,2.217328e+01,2.215952e+01,2.214575e+01,2.224208e+01,2.226271e+01,2.220081e+01,2.210443e+01,2.200107e+01,2.202865e+01,2.228334e+01,2.213886e+01,2.215263e+01,2.213198e+01,2.215263e+01,2.209755e+01,2.208377e+01,2.209066e+01,2.213198e+01,2.202176e+01,2.206310e+01,2.205621e+01,2.205621e+01,2.198729e+01,2.194591e+01,2.198729e+01,2.202176e+01,2.211821e+01,2.222833e+01,2.211132e+01,2.209066e+01,2.209755e+01,2.200797e+01,2.200797e+01,2.213198e+01,2.210443e+01,2.215952e+01,2.216640e+01,2.214575e+01,2.217328e+01,2.206999e+01,2.219393e+01,2.222145e+01,2.218705e+01,2.216640e+01,2.224896e+01,2.231771e+01,2.222833e+01,2.230396e+01,2.229022e+01,2.233146e+01,2.226959e+01,2.234520e+01,2.237268e+01,2.235894e+01,2.235894e+01,2.237955e+01,2.236581e+01,2.237268e+01,2.227647e+01,2.234520e+01,2.215952e+01,2.237268e+01,2.244135e+01,2.246194e+01,2.240015e+01,2.242075e+01,2.244821e+01,2.234520e+01,2.241389e+01,2.240015e+01,2.243448e+01,2.244821e+01,2.248252e+01,2.246194e+01,2.253741e+01,2.246194e+01,2.252369e+01,2.252369e+01,2.246880e+01,2.244821e+01,2.246880e+01,2.239328e+01,2.246880e+01,2.237268e+01,2.235207e+01,2.252369e+01,2.237955e+01,2.235207e+01,2.235207e+01,2.231084e+01,2.221457e+01,2.223520e+01,2.224208e+01,2.224208e+01,2.224896e+01,2.220081e+01,2.221457e+01,2.231084e+01,2.220081e+01,2.214575e+01,2.219393e+01,2.220081e+01,2.210443e+01,2.211821e+01,2.213198e+01,2.218705e+01,2.215952e+01,2.206999e+01,2.211132e+01,2.207688e+01,2.213198e+01,2.202865e+01,2.204932e+01,2.203554e+01,2.193901e+01,2.217328e+01,2.204243e+01,2.200797e+01,2.205621e+01,2.201486e+01,2.204932e+01,2.198729e+01,2.202176e+01
2.260596e+01,2.263337e+01,2.267447e+01,2.267447e+01,2.272241e+01,2.265392e+01,2.277032e+01,2.264022e+01,2.264708e+01,2.270187e+01,2.263337e+01,2.265392e+01,2.274294e+01,2.262652e+01,2.269502e+01,2.265392e+01,2.267447e+01,2.264708e+01,2.270187e+01,2.271556e+01,2.266763e+01,2.270187e+01,2.264708e+01,2.263337e+01,2.263337e+01,2.261282e+01,2.270187e+01,2.262652e+01,2.262652e+01,2.264022e+01,2.269502e+01,2.266763e+01,2.270871e+01,2.277032e+01,2.277032e+01,2.265392e+01,2.264708e+01,2.264022e+01,2.263337e+01,2.261967e+01,2.244821e+01,2.274978e+01,2.262652e+01,2.265392e+01,2.269502e+01,2.264708e+01,2.253741e+01,2.268132e+01,2.265392e+01,2.267447e+01,2.268817e+01,2.267447e+01,2.270187e+01,2.268132e+01,2.268817e+01,2.255112e+01,2.266078e+01,2.255798e+01,2.259225e+01,2.257854e+01,2.258540e+01,2.255112e+01,2.257854e+01,2.257169e+01,2.264022e+01,2.269502e+01,2.259911e+01,2.253741e+01,2.257169e+01,2.255798e+01,2.228334e+01,2.209066e+01,2.169037e+01,2.181476e+01,2.198729e+01,2.204243e+01,2.220769e+01,2.220081e+01,2.226959e+01,2.247566e+01,2.237268e+01,2.235894e+01,2.249625e+01,2.237955e+01,2.242762e+01,2.246194e+01,2.243448e+01,2.243448e+01,2.253055e+01,2.259911e+01,2.246194e+01,2.257854e+01,2.242762e+01,2.259225e+01,2.239328e+01,2.254426e+01,2.253741e+01,2.250997e+01,2.237268e+01,2.240015e+01,2.253055e+01,2.230396e+01,2.240015e+01,2.231084e+01,2.235894e+01,2.233833e+01,2.220769e+01,2.221457e+01,2.220081e+01,2.217328e+01,2.220769e+01,2.205621e+01,2.215952e+01,2.208377e+01,2.202176e+01,2.213198e+01,2.206310e+01,2.204243e+01,2.204932e+01,2.192521e+01,2.219393e+01,2.211821e+01,2.209066e+01,2.212509e+01,2.209755e+01,2.214575e+01,2.215952e+01,2.206310e+01,2.205621e+01,2.220081e+01,2.211132e+01,2.207688e+01,2.219393e+01,2.213198e+01,2.215952e+01,2.206310e+01,2.212509e+01,2.224896e+01,2.228334e+01,2.219393e+01,2.210443e+01,2.219393e+01,2.220769e+01,2.228334e+01,2.230396e+01,2.231771e+01,2.231771e+01,2.232458e+01,2.233146e+01,2.237268e+01,2.240702e+01,2.226959e+01,2.235894e+01,2.225584e+01,2.227647e+01,2.228334e+01,2.220081e+01,2.222145e+01,2.238642e+01,2.223520e+01,2.221457e+01,2.223520e+01,2.230396e+01,2.227647e+01,2.226959e+01,2.222833e+01,2.220769e+01,2.222145e+01,2.209066e+01,2.205621e+01,2.212509e+01,2.211821e+01,2.206999e+01,2.211132e+01,2.220769e+01,2.211132e+01,2.226959e+01,2.213198e+01,2.187691e+01,2.218016e+01,2.210443e+01,2.215952e+01,2.216640e+01,2.226271e+01,2.221457e+01,2.222145e+01,2.230396e+01,2.233833e+01,2.235207e+01,2.231084e+01,2.255112e+01,2.229022e+01,2.237955e+01,2.242075e+01,2.240702e+01,2.242762e+01,2.243448e+01,2.244135e+01,2.244821e+01,2.235894e+01,2.237955e+01,2.245507e+01,2.234520e+01,2.235207e+01,2.242762e+01,2.237268e+01,2.232458e+01,2.237955e+01,2.229022e+01,2.224208e+01,2.222833e+01,2.233833e+01,2.225584e+01,2.234520e+01,2.230396e+01,2.233146e+01,2.244135e+01,2.243448e+01,2.230396e+01,2.232458e+01,2.241389e+01,2.239328e+01,2.240015e+01,2.238642e+01,2.240702e+01,2.240015e+01,2.231084e+01,2.235207e+01,2.245507e+01,2.243448e+01,2.235207e+01,2.246880e+01,2.237268e+01,2.236581e+01,2.244821e+01,2.235207e+01,2.235894e+01,2.244821e+01,2.256483e+01,2.250997e+01,2.251683e+01,2.251683e+01,2.240015e+01,2.251683e+01,2.250311e+01,2.250311e+01,2.240015e+01,2.246880e+01,2.244821e+01,2.252369e+01,2.250997e+01,2.242075e+01,2.246880e+01,2.247566e+01,2.246880e+01,2.254426e+01,2.248939e+01,2.248939e+01,2.244135e+01,2.248939e+01,2.245507e+01,2.243448e+01,2.239328e+01,2.243448e+01,2.240702e+01,2.240015e+01,2.239328e+01,2.237955e+01,2.238642e+01,2.235894e+01,2.229022e+01,2.231771e+01,2.240702e+01,2.223520e+01,2.225584e+01,2.226959e+01,2.229709e+01,2.232458e+01,2.237268e+01,2.234520e+01,2.233146e+01,2.232458e+01,2.229022e+01,2.235894e+01,2.233833e+01,2.232458e+01,2.230396e+01,2.229709e+01,2.228334e+01,2.222833e+01,2.229709e+01,2.228334e+01,2.228334e+01,2.222833e+01,2.226959e+01,2.229709e+01,2.231771e+01,2.226959e+01,2.231084e+01,2.230396e+01,2.221457e+01,2.224208e+01,2.227647e+01,2.229709e+01,2.229022e+01,2.230396e+01,2.233146e+01,2.233833e+01,2.222833e+01,2.216640e+01,2.235207e+01,2.224208e+01,2.230396e+01,2.224896e+01,2.230396e+01,2.235207e+01,2.234520e+01,2.232458e+01,2.231084e+01,2.231084e+01,2.229709e+01,2.231771e+01,2.227647e+01,2.235207e+01,2.234520e+01,2.224208e+01,2.229709e+01,2.231771e+01,2.229022e+01,2.222145e+01,2.233146e+01,2.231771e+01,2.235894e+01,2.235894e+01,2.240015e+01,2.229022e+01,2.229709e+01,2.230396e+01,2.227647e+01,2.222833e+01,2.225584e+01,2.231084e+01,2.230396e+01,2.223520e+01,2.195280e+01,2.145498e+01,2.144805e+01,2.144112e+01,2.144112e+01,2.144112e+01,2.157274e+01,2.150349e+01,2.153812e+01,2.147577e+01,2.154505e+01,2.162119e+01,2.160043e+01,2.173185e+01,2.193901e+01,2.188381e+01,2.190451e+01,2.197349e+01,2.193901e+01,2.189761e+01,2.205621e+01,2.195280e+01,2.201486e+01,2.203554e+01,2.211132e+01,2.210443e+01,2.202865e+01,2.211821e+01,2.216640e+01,2.216640e+01,2.200797e+01,2.205621e+01,2.186310e+01,2.215263e+01,2.204243e+01,2.210443e+01,2.218705e+01,2.202865e+01,2.200797e+01,2.222145e+01,2.212509e+01,2.222833e+01,2.220769e+01,2.220769e+01,2.212509e+01,2.218705e+01,2.220769e+01,2.220081e+01,2.221457e+01,2.224208e+01,2.224208e+01,2.221457e+01,2.213198e+01,2.222833e+01,2.213198e+01,2.214575e+01,2.220769e+01,2.204243e+01,2.213886e+01,2.215263e+01,2.215952e+01,2.225584e+01,2.210443e+01,2.210443e+01,2.209066e+01,2.203554e+01,2.212509e+01,2.237268e+01,2.243448e+01,2.243448e+01,2.232458e+01,2.245507e+01,2.245507e+01,2.245507e+01,2.246880e+01,2.250997e+01,2.242075e+01,2.246194e+01,2.243448e+01,2.244821e+01,2.245507e+01,2.240015e+01,2.230396e+01,2.230396e+01,2.222145e+01,2.224896e+01,2.226271e+01,2.231084e+01,2.224896e+01,2.227647e+01,2.225584e+01,2.226271e+01,2.232458e+01,2.234520e+01,2.235207e+01,2.235894e+01,2.227647e+01,2.226959e+01,2.223520e+01,2.233146e+01,2.235207e+01,2.237955e+01,2.233833e+01,2.233146e+01,2.229022e+01,2.246194e+01,2.225584e+01,2.228334e+01,2.233833e+01,2.218705e+01,2.233833e+01,2.213886e+01,2.223520e+01,2.211132e+01,2.229022e+01,2.219393e+01,2.222833e+01,2.224208e+01,2.212509e+01,2.205621e+01,2.193211e+01,2.195280e+01,2.200107e+01,2.197349e+01,2.178022e+01,2.189761e+01,2.174567e+01,2.172494e+01,2.173876e+01,2.158659e+01,2.173185e+01,2.159351e+01,2.166270e+01,2.179404e+01,2.183548e+01,2.182858e+01,2.203554e+01,2.201486e+01,2.206999e+01,2.201486e+01,2.191831e+01,2.187691e+01,2.189761e+01,2.197349e+01,2.189071e+01,2.189071e+01,2.187000e+01,2.180095e+01,2.178713e+01,2.193211e+01,2.189761e+01,2.194591e+01,2.197349e+01,2.197349e+01,2.188381e+01,2.200107e+01,2.178022e+01,2.190451e+01,2.183548e+01,2.182167e+01,2.171111e+01,2.178713e+01,2.185620e+01,2.170420e+01,2.167654e+01,2.169728e+01,2.169728e+01,2.173185e+01,2.181476e+01,2.198729e+01,2.200797e+01,2.225584e+01,2.217328e+01,2.229022e+01,2.224208e+01,2.218705e+01,2.229709e+01,2.225584e+01,2.223520e+01,2.221457e+01,2.226959e+01,2.220769e+01,2.215263e+01,2.215263e+01,2.211132e+01,2.204243e+01,2.213886e+01,2.216640e+01,2.224208e+01,2.218705e+01,2.220769e+01,2.210443e+01,2.205621e+01,2.215263e+01,2.204932e+01,2.203554e+01,2.204932e+01,2.224208e+01,2.216640e+01,2.216640e+01,2.209066e+01,2.209066e+01,2.221457e+01,2.229709e+01,2.211821e+01,2.220769e+01,2.231771e+01,2.213886e+01,2.218705e+01,2.215263e+01,2.215952e+01,2.215263e+01,2.215952e+01,2.240702e+01,2.230396e+01,2.220769e+01,2.237268e+01,2.236581e+01,2.229022e+01,2.220769e+01,2.224208e+01,2.237955e+01,2.236581e+01,2.229709e+01,2.232458e+01,2.238642e+01,2.240702e+01,2.242075e+01,2.237955e+01,2.235207e+01,2.237268e+01,2.240702e+01,2.225584e+01,2.238642e+01,2.237955e+01,2.240015e+01,2.239328e+01,2.244135e+01,2.242762e+01,2.243448e+01,2.247566e+01,2.231771e+01,2.244821e+01,2.244135e+01,2.244821e+01,2.249625e+01,2.246194e+01,2.244821e+01,2.246880e+01,2.246880e+01,2.249625e+01,2.248252e+01,2.246194e+01,2.245507e+01,2.248252e+01,2.235207e+01,2.249625e+01,2.230396e+01,2.228334e+01,2.238642e+01,2.240015e+01,2.233146e+01,2.227647e+01,2.223520e+01,2.231084e+01,2.228334e+01,2.221457e+01,2.225584e+01,2.218705e+01,2.215263e+01,2.219393e+01,2.218016e+01,2.230396e+01,2.222145e+01,2.217328e+01,2.219393e+01,2.218016e+01,2.223520e+01,2.209755e+01,2.217328e+01,2.205621e+01,2.209066e+01,2.212509e+01,2.209755e+01,2.212509e+01,2.198729e+01,2.201486e+01,2.202865e+01,2.191141e+01,2.201486e+01,2.206999e+01,2.209066e+01,2.200797e+01,2.206999e+01,2.202865e+01,2.204243e+01
2.252369e+01,2.266763e+01,2.267447e+01,2.261967e+01,2.266763e+01,2.262652e+01,2.270871e+01,2.254426e+01,2.261967e+01,2.262652e+01,2.275663e+01,2.277716e+01,2.279768e+01,2.268132e+01,2.294123e+01,2.264708e+01,2.266078e+01,2.275663e+01,2.265392e+01,2.260596e+01,2.269502e+01,2.266078e+01,2.261282e+01,2.261282e+01,2.252369e+01,2.264708e+01,2.269502e+01,2.270187e+01,2.259911e+01,2.260596e+01,2.270187e+01,2.277716e+01,2.274978e+01,2.261967e+01,2.262652e+01,2.265392e+01,2.260596e+01,2.258540e+01,2.272241e+01,2.260596e+01,2.264708e+01,2.276347e+01,2.259225e+01,2.270187e+01,2.270871e+01,2.259225e+01,2.264708e+01,2.266078e+01,2.251683e+01,2.255112e+01,2.257169e+01,2.258540e+01,2.268132e+01,2.264708e+01,2.264708e+01,2.257854e+01,2.264022e+01,2.255798e+01,2.254426e+01,2.260596e+01,2.264022e+01,2.266078e+01,2.260596e+01,2.259225e+01,2.265392e+01,2.257854e+01,2.255798e+01,2.255798e+01,2.233833e+01,2.252369e+01,2.244821e+01,2.219393e+01,2.195280e+01,2.182858e+01,2.200107e+01,2.200107e+01,2.213886e+01,2.218705e+01,2.227647e+01,2.217328e+01,2.231771e+01,2.232458e+01,2.226959e+01,2.236581e+01,2.243448e+01,2.246194e+01,2.244821e+01,2.246194e+01,2.244821e+01,2.244821e+01,2.244821e+01,2.227647e+01,2.229022e+01,2.231084e+01,2.231771e+01,2.245507e+01,2.240702e+01,2.232458e+01,2.231771e+01,2.212509e+01,2.222145e+01,2.207688e+01,2.224896e+01,2.220769e+01,2.212509e+01,2.211132e+01,2.223520e+01,2.202865e+01,2.220081e+01,2.209755e+01,2.206310e+01,2.211132e+01,2.191831e+01,2.218705e+01,2.192521e+01,2.196660e+01,2.208377e+01,2.201486e+01,2.209755e+01,2.195280e+01,2.201486e+01,2.213886e+01,2.210443e+01,2.209066e+01,2.212509e+01,2.200797e+01,2.208377e+01,2.206999e+01,2.211821e+01,2.202865e+01,2.215952e+01,2.218705e+01,2.219393e+01,2.230396e+01,2.213886e+01,2.226271e+01,2.231084e+01,2.227647e+01,2.228334e+01,2.237268e+01,2.231771e+01,2.227647e+01,2.231084e+01,2.235894e+01,2.229709e+01,2.227647e+01,2.239328e+01,2.231084e+01,2.235894e+01,2.222833e+01,2.227647e+01,2.234520e+01,2.232458e+01,2.226959e+01,2.226959e+01,2.222145e+01,2.236581e+01,2.235894e+01,2.232458e+01,2.223520e+01,2.229022e+01,2.222833e+01,2.222833e+01,2.231084e+01,2.226271e+01,2.224208e+01,2.222145e+01,2.217328e+01,2.213886e+01,2.220081e+01,2.216640e+01,2.221457e+01,2.211821e+01,2.209755e+01,2.224896e+01,2.217328e+01,2.220081e+01,2.226271e+01,2.222833e+01,2.222145e+01,2.232458e+01,2.231084e+01,2.230396e+01,2.231084e+01,2.234520e+01,2.237955e+01,2.242762e+01,2.237955e+01,2.235894e+01,2.240702e+01,2.239328e+01,2.237268e+01,2.228334e+01,2.234520e+01,2.227647e+01,2.243448e+01,2.244821e+01,2.241389e+01,2.233833e+01,2.240015e+01,2.235894e+01,2.240015e+01,2.236581e+01,2.235207e+01,2.235894e+01,2.234520e+01,2.235207e+01,2.228334e+01,2.237955e+01,2.234520e+01,2.235207e+01,2.226271e+01,2.242075e+01,2.224896e+01,2.232458e+01,2.241389e+01,2.234520e+01,2.226959e+01,2.231084e+01,2.240015e+01,2.234520e+01,2.233146e+01,2.242075e+01,2.235207e+01,2.239328e+01,2.238642e+01,2.244135e+01,2.239328e+01,2.242762e+01,2.244821e+01,2.231771e+01,2.239328e+01,2.237955e+01,2.238642e+01,2.244821e+01,2.241389e+01,2.239328e+01,2.240702e+01,2.253055e+01,2.242075e+01,2.250997e+01,2.254426e+01,2.248939e+01,2.253055e+01,2.250311e+01,2.249625e+01,2.251683e+01,2.222833e+01,2.257854e+01,2.250997e+01,2.246880e+01,2.244821e+01,2.255112e+01,2.250997e+01,2.253741e+01,2.241389e+01,2.248939e+01,2.253741e+01,2.246194e+01,2.250311e+01,2.247566e+01,2.245507e+01,2.246194e+01,2.243448e+01,2.246880e+01,2.242075e+01,2.250311e+01,2.241389e+01,2.240702e+01,2.231084e+01,2.238642e+01,2.242762e+01,2.245507e+01,2.228334e+01,2.232458e+01,2.240015e+01,2.238642e+01,2.235894e+01,2.246880e+01,2.234520e+01,2.248252e+01,2.233833e+01,2.230396e+01,2.234520e+01,2.232458e+01,2.229709e+01,2.230396e+01,2.229022e+01,2.235894e+01,2.226271e+01,2.229022e+01,2.228334e+01,2.225584e+01,2.226271e+01,2.229022e+01,2.219393e+01,2.223520e+01,2.220769e+01,2.214575e+01,2.233833e+01,2.232458e+01,2.219393e+01,2.222145e+01,2.233146e+01,2.226959e+01,2.224896e+01,2.226271e+01,2.225584e+01,2.232458e+01,2.223520e+01,2.221457e+01,2.229022e+01,2.226959e+01,2.220081e+01,2.236581e+01,2.229709e+01,2.220769e+01,2.237268e+01,2.232458e+01,2.220769e+01,2.230396e+01,2.233833e+01,2.227647e+01,2.230396e+01,2.225584e+01,2.224896e+01,2.229709e+01,2.226959e+01,2.227647e+01,2.232458e+01,2.232458e+01,2.236581e+01,2.225584e+01,2.233833e+01,2.227647e+01,2.236581e+01,2.242075e+01,2.229022e+01,2.235207e+01,2.235894e+01,2.226959e+01,2.235207e+01,2.232458e+01,2.220081e+01,2.191141e+01,2.145498e+01,2.139258e+01,2.152427e+01,2.151734e+01,2.146884e+01,2.162119e+01,2.167654e+01,2.152427e+01,2.156582e+01,2.170420e+01,2.175949e+01,2.171111e+01,2.173876e+01,2.191831e+01,2.173185e+01,2.187691e+01,2.191141e+01,2.193901e+01,2.206310e+01,2.202176e+01,2.209066e+01,2.207688e+01,2.206310e+01,2.205621e+01,2.200797e+01,2.213198e+01,2.204932e+01,2.210443e+01,2.213198e+01,2.213886e+01,2.206999e+01,2.217328e+01,2.206999e+01,2.207688e+01,2.210443e+01,2.217328e+01,2.214575e+01,2.222833e+01,2.218705e+01,2.215952e+01,2.212509e+01,2.223520e+01,2.215263e+01,2.219393e+01,2.218705e+01,2.213886e+01,2.222145e+01,2.215263e+01,2.222833e+01,2.223520e+01,2.214575e+01,2.220081e+01,2.213886e+01,2.212509e+01,2.213198e+01,2.222145e+01,2.206999e+01,2.213198e+01,2.213886e+01,2.214575e+01,2.209755e+01,2.218016e+01,2.211821e+01,2.211132e+01,2.211821e+01,2.217328e+01,2.242075e+01,2.246880e+01,2.246194e+01,2.242762e+01,2.244821e+01,2.246194e+01,2.247566e+01,2.246880e+01,2.247566e+01,2.252369e+01,2.247566e+01,2.242762e+01,2.237955e+01,2.226959e+01,2.229709e+01,2.222145e+01,2.220769e+01,2.227647e+01,2.229022e+01,2.236581e+01,2.232458e+01,2.227647e+01,2.229709e+01,2.227647e+01,2.222833e+01,2.227647e+01,2.233833e+01,2.235894e+01,2.229022e+01,2.229022e+01,2.228334e+01,2.231084e+01,2.232458e+01,2.235207e+01,2.233833e+01,2.233833e+01,2.235207e+01,2.231771e+01,2.238642e+01,2.233833e+01,2.236581e+01,2.237268e+01,2.219393e+01,2.231084e+01,2.228334e+01,2.222833e+01,2.212509e+01,2.229022e+01,2.221457e+01,2.209755e+01,2.211821e+01,2.216640e+01,2.200107e+01,2.195970e+01,2.193901e+01,2.190451e+01,2.186310e+01,2.193901e+01,2.189071e+01,2.183548e+01,2.191831e+01,2.174567e+01,2.177332e+01,2.167654e+01,2.177332e+01,2.169728e+01,2.177332e+01,2.182167e+01,2.184239e+01,2.200107e+01,2.199418e+01,2.186310e+01,2.202176e+01,2.198729e+01,2.221457e+01,2.187691e+01,2.203554e+01,2.190451e+01,2.185620e+01,2.204243e+01,2.202865e+01,2.198039e+01,2.195970e+01,2.197349e+01,2.193901e+01,2.191141e+01,2.194591e+01,2.196660e+01,2.190451e+01,2.190451e+01,2.182858e+01,2.182167e+01,2.176641e+01,2.180786e+01,2.189071e+01,2.171111e+01,2.190451e+01,2.171111e+01,2.178022e+01,2.174567e+01,2.174567e+01,2.179404e+01,2.197349e+01,2.215952e+01,2.225584e+01,2.217328e+01,2.240702e+01,2.229022e+01,2.220769e+01,2.221457e+01,2.222833e+01,2.230396e+01,2.224896e+01,2.230396e+01,2.220081e+01,2.225584e+01,2.218705e+01,2.220081e+01,2.226959e+01,2.231084e+01,2.219393e+01,2.224896e+01,2.237268e+01,2.218705e+01,2.230396e+01,2.222145e+01,2.222145e+01,2.211821e+01,2.213886e+01,2.218016e+01,2.205621e+01,2.229709e+01,2.234520e+01,2.231771e+01,2.216640e+01,2.228334e+01,2.229709e+01,2.222145e+01,2.224896e+01,2.234520e+01,2.233146e+01,2.227647e+01,2.233833e+01,2.226271e+01,2.230396e+01,2.229709e+01,2.227647e+01,2.221457e+01,2.233146e+01,2.233833e+01,2.233833e+01,2.236581e+01,2.235207e+01,2.241389e+01,2.233146e+01,2.239328e+01,2.242762e+01,2.240015e+01,2.242762e+01,2.238642e+01,2.253741e+01,2.234520e+01,2.242075e+01,2.237955e+01,2.244821e+01,2.233833e+01,2.239328e+01,2.249625e+01,2.241389e+01,2.257169e+01,2.235894e+01,2.253055e+01,2.229022e+01,2.242762e+01,2.241389e+01,2.245507e+01,2.253741e+01,2.243448e+01,2.242762e+01,2.251683e+01,2.243448e+01,2.250311e+01,2.244821e+01,2.249625e+01,2.233146e+01,2.256483e+01,2.233833e+01,2.233833e+01,2.233833e+01,2.231771e+01,2.235894e+01,2.229709e+01,2.237955e+01,2.229709e+01,2.239328e+01,2.222145e+01,2.222833e+01,2.224896e+01,2.220081e+01,2.218016e+01,2.224896e+01,2.214575e+01,2.209066e+01,2.217328e+01,2.215952e+01,2.207688e+01,2.215263e+01,2.218705e+01,2.214575e+01,2.218016e+01,2.218705e+01,2.207688e+01,2.217328e+01,2.204932e+01,2.211132e+01,2.214575e+01,2.215263e+01,2.208377e+01,2.209755e+01,2.192521e+01,2.209755e+01,2.201486e+01,2.191141e+01,2.200107e+01,2.211132e+01,2.201486e+01,2.207688e+01,2.202176e+01,2.204932e+01
2.264022e+01,2.260596e+01,2.254426e+01,2.267447e+01,2.260596e+01,2.273610e+01,2.266078e+01,2.265392e+01,2.259911e+01,2.266078e+01,2.261282e+01,2.270187e+01,2.265392e+01,2.277716e+01,2.263337e+01,2.267447e+01,2.270187e+01,2.293440e+01,2.266763e+01,2.267447e+01,2.270187e+01,2.274294e+01,2.269502e+01,2.261282e+01,2.264022e+01,2.258540e+01,2.265392e+01,2.263337e+01,2.266078e+01,2.262652e+01,2.262652e+01,2.272925e+01,2.276347e+01,2.270871e+01,2.264022e+01,2.261967e+01,2.260596e+01,2.273610e+01,2.257169e+01,2.257854e+01,2.268817e+01,2.255112e+01,2.271556e+01,2.262652e+01,2.252369e+01,2.268817e+01,2.259225e+01,2.257169e+01,2.257854e+01,2.267447e+01,2.260596e+01,2.262652e+01,2.268817e+01,2.244135e+01,2.248939e+01,2.259225e+01,2.257854e+01,2.256483e+01,2.255112e+01,2.257854e+01,2.264022e+01,2.256483e+01,2.257854e+01,2.258540e+01,2.248939e+01,2.270187e+01,2.252369e+01,2.257169e+01,2.255798e+01,2.245507e+01,2.245507e+01,2.220769e+01,2.210443e+01,2.193211e+01,2.203554e+01,2.205621e+01,2.209066e+01,2.204243e+01,2.209066e+01,2.223520e+01,2.213198e+01,2.225584e+01,2.231084e+01,2.233146e+01,2.233146e+01,2.237268e+01,2.233146e+01,2.197349e+01,2.240015e+01,2.226959e+01,2.227647e+01,2.228334e+01,2.218705e+01,2.230396e+01,2.217328e+01,2.233833e+01,2.212509e+01,2.212509e+01,2.212509e+01,2.210443e+01,2.197349e+01,2.205621e+01,2.200797e+01,2.200797e+01,2.200107e+01,2.214575e+01,2.191831e+01,2.209066e+01,2.204932e+01,2.201486e+01,2.199418e+01,2.200107e+01,2.188381e+01,2.206999e+01,2.204243e+01,2.193211e+01,2.200107e+01,2.195280e+01,2.193901e+01,2.193901e+01,2.216640e+01,2.211132e+01,2.222833e+01,2.215263e+01,2.213198e+01,2.211821e+01,2.217328e+01,2.218705e+01,2.219393e+01,2.219393e+01,2.221457e+01,2.234520e+01,2.234520e+01,2.226271e+01,2.221457e+01,2.232458e+01,2.235894e+01,2.230396e+01,2.231771e+01,2.232458e+01,2.236581e+01,2.232458e+01,2.238642e+01,2.232458e+01,2.242075e+01,2.244821e+01,2.236581e+01,2.231771e+01,2.232458e+01,2.236581e+01,2.240702e+01,2.235894e+01,2.226271e+01,2.231771e+01,2.223520e+01,2.232458e+01,2.224896e+01,2.232458e+01,2.222145e+01,2.222833e+01,2.231771e+01,2.211821e+01,2.228334e+01,2.223520e+01,2.230396e+01,2.235894e+01,2.219393e+01,2.215952e+01,2.216640e+01,2.222145e+01,2.228334e+01,2.224896e+01,2.222145e+01,2.231084e+01,2.227647e+01,2.223520e+01,2.205621e+01,2.226959e+01,2.220769e+01,2.228334e+01,2.228334e+01,2.227647e+01,2.228334e+01,2.228334e+01,2.229709e+01,2.229709e+01,2.231771e+01,2.237955e+01,2.236581e+01,2.235207e+01,2.240015e+01,2.233833e+01,2.231084e+01,2.237955e+01,2.243448e+01,2.244135e+01,2.226271e+01,2.238642e+01,2.241389e+01,2.234520e+01,2.234520e+01,2.241389e+01,2.238642e+01,2.237268e+01,2.235894e+01,2.233146e+01,2.233146e+01,2.204932e+01,2.228334e+01,2.235894e+01,2.231771e+01,2.229022e+01,2.229022e+01,2.222145e+01,2.223520e+01,2.226959e+01,2.222833e+01,2.233146e+01,2.233146e+01,2.244821e+01,2.234520e+01,2.236581e+01,2.241389e+01,2.237268e+01,2.237268e+01,2.244135e+01,2.237268e+01,2.231771e+01,2.235207e+01,2.234520e+01,2.243448e+01,2.236581e+01,2.235894e+01,2.237268e+01,2.237955e+01,2.235894e+01,2.242762e+01,2.235207e+01,2.241389e+01,2.244821e+01,2.233833e+01,2.254426e+01,2.251683e+01,2.251683e+01,2.246880e+01,2.244135e+01,2.246880e+01,2.248252e+01,2.250311e+01,2.244135e+01,2.246880e+01,2.257854e+01,2.242075e+01,2.250997e+01,2.250311e+01,2.249625e+01,2.259911e+01,2.242075e+01,2.257854e+01,2.246880e+01,2.250997e+01,2.246880e+01,2.233146e+01,2.244135e+01,2.246880e+01,2.251683e+01,2.237955e+01,2.246880e+01,2.240702e+01,2.233146e+01,2.232458e+01,2.238642e+01,2.228334e+01,2.243448e+01,2.240015e+01,2.238642e+01,2.239328e+01,2.240015e+01,2.244821e+01,2.226959e+01,2.233833e+01,2.237955e+01,2.247566e+01,2.231771e+01,2.226271e+01,2.229022e+01,2.226959e+01,2.231084e+01,2.229022e+01,2.231771e+01,2.231084e+01,2.225584e+01,2.223520e+01,2.224896e+01,2.222145e+01,2.215263e+01,2.219393e+01,2.228334e+01,2.217328e+01,2.223520e+01,2.219393e+01,2.225584e+01,2.241389e+01,2.226959e+01,2.226271e+01,2.228334e+01,2.228334e+01,2.223520e+01,2.229022e+01,2.222145e+01,2.220081e+01,2.224208e+01,2.231771e+01,2.222145e+01,2.222145e+01,2.223520e+01,2.233146e+01,2.224208e+01,2.216640e+01,2.229022e+01,2.218705e+01,2.231084e+01,2.216640e+01,2.231771e+01,2.234520e+01,2.223520e+01,2.233833e+01,2.231084e+01,2.229709e+01,2.230396e+01,2.229022e+01,2.232458e+01,2.233833e+01,2.231771e+01,2.228334e+01,2.229022e+01,2.229022e+01,2.229022e+01,2.229022e+01,2.244821e+01,2.228334e+01,2.233833e+01,2.234520e+01,2.224208e+01,2.191831e+01,2.146884e+01,2.145498e+01,2.152427e+01,2.150349e+01,2.130932e+01,2.155890e+01,2.155890e+01,2.149656e+01,2.160735e+01,2.157967e+01,2.160043e+01,2.168345e+01,2.169728e+01,2.174567e+01,2.187000e+01,2.192521e+01,2.210443e+01,2.193901e+01,2.192521e+01,2.193211e+01,2.195280e+01,2.197349e+01,2.200797e+01,2.195970e+01,2.207688e+01,2.208377e+01,2.195970e+01,2.213886e+01,2.202176e+01,2.207688e+01,2.213198e+01,2.202865e+01,2.218016e+01,2.205621e+01,2.206999e+01,2.209066e+01,2.210443e+01,2.213198e+01,2.215263e+01,2.211821e+01,2.215952e+01,2.214575e+01,2.209066e+01,2.222145e+01,2.216640e+01,2.221457e+01,2.222145e+01,2.201486e+01,2.204932e+01,2.222833e+01,2.210443e+01,2.223520e+01,2.218016e+01,2.217328e+01,2.217328e+01,2.214575e+01,2.213886e+01,2.220769e+01,2.215952e+01,2.213198e+01,2.220081e+01,2.206310e+01,2.215263e+01,2.202865e+01,2.200797e+01,2.216640e+01,2.254426e+01,2.245507e+01,2.249625e+01,2.244821e+01,2.245507e+01,2.243448e+01,2.244135e+01,2.246194e+01,2.248939e+01,2.236581e+01,2.248252e+01,2.235207e+01,2.224208e+01,2.223520e+01,2.213198e+01,2.220081e+01,2.215952e+01,2.217328e+01,2.223520e+01,2.219393e+01,2.227647e+01,2.228334e+01,2.224896e+01,2.226959e+01,2.214575e+01,2.215263e+01,2.224208e+01,2.225584e+01,2.229709e+01,2.226959e+01,2.233833e+01,2.237955e+01,2.232458e+01,2.231084e+01,2.233833e+01,2.226271e+01,2.229022e+01,2.233146e+01,2.229709e+01,2.229709e+01,2.224208e+01,2.219393e+01,2.210443e+01,2.220769e+01,2.213886e+01,2.218705e+01,2.215952e+01,2.218705e+01,2.220081e+01,2.211132e+01,2.214575e+01,2.205621e+01,2.198729e+01,2.196660e+01,2.190451e+01,2.198729e+01,2.182167e+01,2.194591e+01,2.191141e+01,2.191831e+01,2.180095e+01,2.180095e+01,2.185620e+01,2.180786e+01,2.179404e+01,2.180095e+01,2.173876e+01,2.196660e+01,2.177332e+01,2.185620e+01,2.195970e+01,2.196660e+01,2.190451e+01,2.198729e+01,2.187691e+01,2.186310e+01,2.189071e+01,2.188381e+01,2.192521e+01,2.186310e+01,2.193211e+01,2.196660e+01,2.193901e+01,2.195280e+01,2.198729e+01,2.191141e+01,2.194591e+01,2.198039e+01,2.179404e+01,2.175949e+01,2.187000e+01,2.179404e+01,2.181476e+01,2.185620e+01,2.175949e+01,2.173185e+01,2.179404e+01,2.168345e+01,2.173185e+01,2.174567e+01,2.171111e+01,2.187691e+01,2.217328e+01,2.220769e+01,2.239328e+01,2.246194e+01,2.248252e+01,2.224896e+01,2.229709e+01,2.220081e+01,2.224896e+01,2.224896e+01,2.226271e+01,2.231084e+01,2.235894e+01,2.217328e+01,2.224208e+01,2.226959e+01,2.222145e+01,2.234520e+01,2.215952e+01,2.218705e+01,2.215952e+01,2.226271e+01,2.230396e+01,2.227647e+01,2.231084e+01,2.229709e+01,2.228334e+01,2.215263e+01,2.234520e+01,2.218016e+01,2.230396e+01,2.230396e+01,2.235894e+01,2.210443e+01,2.248252e+01,2.237955e+01,2.238642e+01,2.231084e+01,2.238642e+01,2.234520e+01,2.235207e+01,2.233146e+01,2.232458e+01,2.231771e+01,2.230396e+01,2.229709e+01,2.240015e+01,2.210443e+01,2.244821e+01,2.236581e+01,2.235894e+01,2.240015e+01,2.234520e+01,2.233833e+01,2.245507e+01,2.239328e+01,2.233146e+01,2.235207e+01,2.240015e+01,2.242075e+01,2.235894e+01,2.238642e+01,2.239328e+01,2.227647e+01,2.242075e+01,2.230396e+01,2.244821e+01,2.244821e+01,2.238642e+01,2.245507e+01,2.243448e+01,2.250997e+01,2.236581e+01,2.244821e+01,2.241389e+01,2.241389e+01,2.242075e+01,2.250997e+01,2.242075e+01,2.248939e+01,2.235207e+01,2.246880e+01,2.242762e+01,2.237955e+01,2.247566e+01,2.237268e+01,2.232458e+01,2.231084e+01,2.231771e+01,2.233146e+01,2.231084e+01,2.226959e+01,2.226271e+01,2.233146e+01,2.224208e+01,2.226959e+01,2.229709e+01,2.204932e+01,2.220769e+01,2.220081e+01,2.219393e+01,2.228334e+01,2.213198e+01,2.217328e+01,2.220081e+01,2.231084e+01,2.223520e+01,2.209755e+01,2.212509e+01,2.211821e+01,2.213198e+01,2.211821e+01,2.203554e+01,2.215263e+01,2.198039e+01,2.215263e+01,2.193211e+01,2.209066e+01,2.200797e+01,2.200107e+01,2.190451e+01,2.202176e+01,2.202176e+01,2.202865e+01,2.206999e+01,2.204932e+01,2.205621e+01
2.264022e+01,2.251683e+01,2.267447e+01,2.264022e+01,2.272925e+01,2.267447e+01,2.260596e+01,2.261282e+01,2.263337e+01,2.264022e+01,2.272925e+01,2.278400e+01,2.264022e+01,2.277716e+01,2.270187e+01,2.255112e+01,2.260596e+01,2.268132e+01,2.270871e+01,2.270871e+01,2.271556e+01,2.263337e+01,2.261282e+01,2.276347e+01,2.268817e+01,2.245507e+01,2.264022e+01,2.272241e+01,2.266078e+01,2.265392e+01,2.272241e+01,2.260596e+01,2.265392e+01,2.271556e+01,2.264022e+01,2.261967e+01,2.259225e+01,2.270871e+01,2.258540e+01,2.258540e+01,2.257854e+01,2.266078e+01,2.261967e+01,2.267447e+01,2.264022e+01,2.256483e+01,2.266078e+01,2.247566e+01,2.255112e+01,2.254426e+01,2.269502e+01,2.256483e+01,2.255112e+01,2.270871e+01,2.256483e+01,2.259225e+01,2.255798e+01,2.261967e+01,2.261282e+01,2.260596e+01,2.257169e+01,2.265392e+01,2.263337e+01,2.252369e+01,2.256483e+01,2.249625e+01,2.247566e+01,2.254426e+01,2.258540e+01,2.244821e+01,2.246880e+01,2.248252e+01,2.249625e+01,2.247566e+01,2.225584e+01,2.229709e+01,2.241389e+01,2.211821e+01,2.219393e+01,2.210443e+01,2.230396e+01,2.224896e+01,2.240015e+01,2.225584e+01,2.230396e+01,2.231771e+01,2.239328e+01,2.223520e+01,2.225584e+01,2.230396e+01,2.225584e+01,2.224208e+01,2.220769e+01,2.229022e+01,2.206310e+01,2.207688e+01,2.211132e+01,2.210443e+01,2.209066e+01,2.212509e+01,2.212509e+01,2.210443e+01,2.199418e+01,2.206999e+01,2.209066e+01,2.198039e+01,2.208377e+01,2.202176e+01,2.202865e+01,2.201486e+01,2.201486e+01,2.193211e+01,2.209066e+01,2.222833e+01,2.209066e+01,2.215952e+01,2.219393e+01,2.218016e+01,2.218705e+01,2.215263e+01,2.203554e+01,2.225584e+01,2.218016e+01,2.227647e+01,2.222145e+01,2.225584e+01,2.224208e+01,2.227647e+01,2.222833e+01,2.237268e+01,2.231084e+01,2.237955e+01,2.232458e+01,2.238642e+01,2.230396e+01,2.233833e+01,2.227647e+01,2.259911e+01,2.230396e+01,2.231771e+01,2.222145e+01,2.232458e+01,2.235894e+01,2.235894e+01,2.244135e+01,2.242762e+01,2.231771e+01,2.237955e+01,2.237268e+01,2.229022e+01,2.242075e+01,2.229022e+01,2.229709e+01,2.226271e+01,2.235207e+01,2.233833e+01,2.229022e+01,2.227647e+01,2.222833e+01,2.233833e+01,2.229022e+01,2.227647e+01,2.233146e+01,2.226959e+01,2.217328e+01,2.217328e+01,2.224896e+01,2.224208e+01,2.219393e+01,2.218016e+01,2.220769e+01,2.222833e+01,2.214575e+01,2.241389e+01,2.228334e+01,2.224896e+01,2.222145e+01,2.232458e+01,2.230396e+01,2.229709e+01,2.229709e+01,2.227647e+01,2.227647e+01,2.234520e+01,2.231084e+01,2.233146e+01,2.238642e+01,2.236581e+01,2.239328e+01,2.235207e+01,2.237955e+01,2.235207e+01,2.235894e+01,2.229022e+01,2.226959e+01,2.242762e+01,2.243448e+01,2.244135e+01,2.242075e+01,2.246194e+01,2.235894e+01,2.236581e+01,2.234520e+01,2.232458e+01,2.233833e+01,2.229709e+01,2.234520e+01,2.229022e+01,2.235207e+01,2.233833e+01,2.224208e+01,2.225584e+01,2.226959e+01,2.239328e+01,2.226959e+01,2.244135e+01,2.224208e+01,2.229709e+01,2.231771e+01,2.230396e+01,2.237955e+01,2.235207e+01,2.231771e+01,2.233833e+01,2.244821e+01,2.233146e+01,2.246880e+01,2.230396e+01,2.235207e+01,2.234520e+01,2.244135e+01,2.240015e+01,2.234520e+01,2.235894e+01,2.241389e+01,2.237268e+01,2.240015e+01,2.241389e+01,2.251683e+01,2.254426e+01,2.233833e+01,2.231084e+01,2.247566e+01,2.249625e+01,2.241389e+01,2.243448e+01,2.247566e+01,2.245507e+01,2.248939e+01,2.248252e+01,2.252369e+01,2.255112e+01,2.250997e+01,2.251683e+01,2.253055e+01,2.241389e+01,2.243448e+01,2.255798e+01,2.247566e+01,2.251683e+01,2.247566e+01,2.228334e+01,2.233146e+01,2.252369e+01,2.235894e+01,2.248252e+01,2.244135e+01,2.243448e+01,2.241389e+01,2.230396e+01,2.242762e+01,2.242075e+01,2.247566e+01,2.242075e+01,2.233146e+01,2.241389e+01,2.240015e+01,2.244821e+01,2.246880e+01,2.235207e+01,2.231084e+01,2.239328e+01,2.231084e+01,2.232458e+01,2.247566e+01,2.226959e+01,2.228334e+01,2.233833e+01,2.227647e+01,2.226271e+01,2.229022e+01,2.224208e+01,2.220081e+01,2.229022e+01,2.220769e+01,2.231084e+01,2.218705e+01,2.220081e+01,2.232458e+01,2.230396e+01,2.221457e+01,2.218705e+01,2.224896e+01,2.222833e+01,2.227647e+01,2.227647e+01,2.229709e+01,2.228334e+01,2.228334e+01,2.220769e+01,2.220769e+01,2.228334e+01,2.237955e+01,2.218016e+01,2.230396e+01,2.220081e+01,2.237268e+01,2.233833e+01,2.225584e+01,2.230396e+01,2.226959e+01,2.231084e+01,2.234520e+01,2.231771e+01,2.236581e+01,2.230396e+01,2.240015e+01,2.224896e+01,2.226271e+01,2.229709e+01,2.226959e+01,2.235207e+01,2.233146e+01,2.241389e+01,2.229709e+01,2.230396e+01,2.226959e+01,2.229022e+01,2.230396e+01,2.226959e+01,2.231084e+01,2.235894e+01,2.234520e+01,2.233146e+01,2.201486e+01,2.144112e+01,2.143419e+01,2.150349e+01,2.146884e+01,2.156582e+01,2.152427e+01,2.149656e+01,2.153119e+01,2.164887e+01,2.174567e+01,2.167654e+01,2.173185e+01,2.170420e+01,2.178713e+01,2.189071e+01,2.193901e+01,2.192521e+01,2.195970e+01,2.209755e+01,2.193901e+01,2.211821e+01,2.208377e+01,2.206310e+01,2.191831e+01,2.204243e+01,2.211821e+01,2.210443e+01,2.200107e+01,2.204243e+01,2.204243e+01,2.209755e+01,2.201486e+01,2.204932e+01,2.211821e+01,2.215263e+01,2.210443e+01,2.211132e+01,2.214575e+01,2.218705e+01,2.213886e+01,2.217328e+01,2.211821e+01,2.215952e+01,2.220081e+01,2.221457e+01,2.214575e+01,2.220081e+01,2.224208e+01,2.220081e+01,2.220081e+01,2.218705e+01,2.211132e+01,2.209755e+01,2.213886e+01,2.220769e+01,2.214575e+01,2.220081e+01,2.215263e+01,2.218705e+01,2.204932e+01,2.217328e+01,2.219393e+01,2.220081e+01,2.213198e+01,2.208377e+01,2.224208e+01,2.254426e+01,2.256483e+01,2.253055e+01,2.247566e+01,2.244821e+01,2.248252e+01,2.245507e+01,2.249625e+01,2.246880e+01,2.249625e+01,2.248939e+01,2.246194e+01,2.226959e+01,2.200107e+01,2.209755e+01,2.215263e+01,2.214575e+01,2.222833e+01,2.225584e+01,2.218705e+01,2.223520e+01,2.220081e+01,2.224896e+01,2.224208e+01,2.211132e+01,2.215952e+01,2.228334e+01,2.229022e+01,2.225584e+01,2.228334e+01,2.230396e+01,2.228334e+01,2.235894e+01,2.227647e+01,2.226271e+01,2.224208e+01,2.229709e+01,2.217328e+01,2.211821e+01,2.231771e+01,2.215952e+01,2.221457e+01,2.229022e+01,2.221457e+01,2.209066e+01,2.224208e+01,2.215263e+01,2.214575e+01,2.215263e+01,2.211821e+01,2.213198e+01,2.208377e+01,2.196660e+01,2.196660e+01,2.193901e+01,2.190451e+01,2.183548e+01,2.196660e+01,2.189071e+01,2.202176e+01,2.197349e+01,2.198729e+01,2.198039e+01,2.178022e+01,2.190451e+01,2.184239e+01,2.200107e+01,2.188381e+01,2.187691e+01,2.197349e+01,2.193901e+01,2.208377e+01,2.196660e+01,2.191141e+01,2.184239e+01,2.204243e+01,2.198039e+01,2.192521e+01,2.204243e+01,2.184929e+01,2.196660e+01,2.201486e+01,2.192521e+01,2.199418e+01,2.192521e+01,2.191831e+01,2.187000e+01,2.179404e+01,2.182858e+01,2.188381e+01,2.178713e+01,2.188381e+01,2.180095e+01,2.175949e+01,2.174567e+01,2.182858e+01,2.169728e+01,2.169037e+01,2.172494e+01,2.173185e+01,2.191141e+01,2.227647e+01,2.213198e+01,2.237955e+01,2.244135e+01,2.231771e+01,2.237268e+01,2.238642e+01,2.240702e+01,2.237268e+01,2.242762e+01,2.240015e+01,2.233146e+01,2.234520e+01,2.242762e+01,2.233146e+01,2.233833e+01,2.235207e+01,2.232458e+01,2.231084e+01,2.233833e+01,2.239328e+01,2.237268e+01,2.240702e+01,2.231084e+01,2.225584e+01,2.224208e+01,2.224896e+01,2.234520e+01,2.224208e+01,2.239328e+01,2.240015e+01,2.244135e+01,2.233833e+01,2.240702e+01,2.225584e+01,2.246194e+01,2.233146e+01,2.229022e+01,2.243448e+01,2.241389e+01,2.231084e+01,2.260596e+01,2.237955e+01,2.229709e+01,2.231771e+01,2.237955e+01,2.232458e+01,2.243448e+01,2.240015e+01,2.246194e+01,2.243448e+01,2.247566e+01,2.238642e+01,2.248939e+01,2.247566e+01,2.242762e+01,2.243448e+01,2.254426e+01,2.252369e+01,2.254426e+01,2.251683e+01,2.244821e+01,2.243448e+01,2.240702e+01,2.242075e+01,2.253055e+01,2.234520e+01,2.244135e+01,2.249625e+01,2.242075e+01,2.244821e+01,2.252369e+01,2.243448e+01,2.243448e+01,2.244135e+01,2.243448e+01,2.243448e+01,2.221457e+01,2.248939e+01,2.245507e+01,2.243448e+01,2.248939e+01,2.237955e+01,2.248252e+01,2.249625e+01,2.231084e+01,2.235207e+01,2.237268e+01,2.237955e+01,2.236581e+01,2.229709e+01,2.231084e+01,2.222145e+01,2.234520e+01,2.220081e+01,2.221457e+01,2.222145e+01,2.222833e+01,2.215952e+01,2.226959e+01,2.217328e+01,2.202176e+01,2.209755e+01,2.213198e+01,2.215263e+01,2.216640e+01,2.222145e+01,2.209755e+01,2.206310e+01,2.211132e+01,2.213886e+01,2.220081e+01,2.216640e+01,2.217328e+01,2.213198e+01,2.192521e+01,2.203554e+01,2.214575e+01,2.191831e+01,2.193211e+01,2.202176e+01,2.199418e+01,2.206310e+01,2.203554e+01,2.202176e+01,2.200107e+01,2.202176e+01,2.219393e+01
2.264022e+01,2.267447e+01,2.266078e+01,2.265392e+01,2.268132e+01,2.262652e+01,2.261967e+01,2.257854e+01,2.264708e+01,2.269502e+01,2.269502e+01,2.275663e+01,2.272925e+01,2.273610e+01,2.269502e+01,2.263337e+01,2.253055e+01,2.267447e+01,2.268817e+01,2.266078e+01,2.255112e+01,2.267447e+01,2.268132e+01,2.267447e+01,2.274978e+01,2.272241e+01,2.268817e+01,2.268132e+01,2.266763e+01,2.274294e+01,2.274294e+01,2.276347e+01,2.271556e+01,2.268817e+01,2.266763e+01,2.261282e+01,2.274978e+01,2.261967e+01,2.274294e+01,2.257169e+01,2.265392e+01,2.261282e+01,2.262652e+01,2.266078e+01,2.266078e+01,2.255112e+01,2.267447e+01,2.256483e+01,2.242075e+01,2.261282e+01,2.257854e+01,2.268132e+01,2.257169e+01,2.251683e+01,2.259911e+01,2.257169e+01,2.253741e+01,2.253055e+01,2.266078e+01,2.254426e+01,2.261967e+01,2.266763e+01,2.264022e+01,2.266078e+01,2.253741e+01,2.255112e+01,2.257854e+01,2.257169e+01,2.259225e+01,2.242075e+01,2.248939e+01,2.246880e+01,2.248252e+01,2.252369e+01,2.242762e+01,2.253741e+01,2.244821e+01,2.231084e+01,2.242762e+01,2.244135e+01,2.236581e+01,2.234520e+01,2.239328e+01,2.238642e+01,2.231771e+01,2.226959e+01,2.232458e+01,2.215952e+01,2.219393e+01,2.220769e+01,2.211132e+01,2.210443e+01,2.228334e+01,2.207688e+01,2.207688e+01,2.205621e+01,2.207688e+01,2.214575e+01,2.209755e+01,2.201486e+01,2.204243e+01,2.203554e+01,2.204243e+01,2.199418e+01,2.212509e+01,2.218705e+01,2.209066e+01,2.209066e+01,2.202865e+01,2.210443e+01,2.218705e+01,2.207688e+01,2.214575e+01,2.224896e+01,2.209755e+01,2.205621e+01,2.221457e+01,2.217328e+01,2.219393e+01,2.217328e+01,2.237268e+01,2.215263e+01,2.219393e+01,2.231771e+01,2.226959e+01,2.238642e+01,2.235207e+01,2.230396e+01,2.236581e+01,2.226959e+01,2.234520e+01,2.237955e+01,2.242075e+01,2.234520e+01,2.233833e+01,2.236581e+01,2.234520e+01,2.234520e+01,2.237955e+01,2.226271e+01,2.230396e+01,2.237955e+01,2.234520e+01,2.237955e+01,2.234520e+01,2.230396e+01,2.232458e+01,2.248252e+01,2.235894e+01,2.228334e+01,2.229709e+01,2.238642e+01,2.239328e+01,2.235207e+01,2.236581e+01,2.229022e+01,2.240702e+01,2.234520e+01,2.229709e+01,2.236581e+01,2.237268e+01,2.231084e+01,2.233146e+01,2.232458e+01,2.226959e+01,2.232458e+01,2.224208e+01,2.229022e+01,2.223520e+01,2.226271e+01,2.229022e+01,2.227647e+01,2.226271e+01,2.231771e+01,2.231084e+01,2.222833e+01,2.228334e+01,2.228334e+01,2.233146e+01,2.232458e+01,2.233146e+01,2.232458e+01,2.229022e+01,2.220769e+01,2.229709e+01,2.234520e+01,2.235207e+01,2.240702e+01,2.236581e+01,2.234520e+01,2.232458e+01,2.240015e+01,2.240702e+01,2.235207e+01,2.241389e+01,2.231084e+01,2.241389e+01,2.242762e+01,2.240015e+01,2.230396e+01,2.238642e+01,2.238642e+01,2.235894e+01,2.245507e+01,2.233833e+01,2.224208e+01,2.229709e+01,2.235207e+01,2.230396e+01,2.231084e+01,2.224208e+01,2.227647e+01,2.226271e+01,2.223520e+01,2.236581e+01,2.224208e+01,2.224896e+01,2.227647e+01,2.229022e+01,2.230396e+01,2.233833e+01,2.237955e+01,2.235207e+01,2.232458e+01,2.240015e+01,2.233833e+01,2.236581e+01,2.237268e+01,2.228334e+01,2.243448e+01,2.234520e+01,2.238642e+01,2.233833e+01,2.233146e+01,2.242762e+01,2.240015e+01,2.248252e+01,2.233146e+01,2.238642e+01,2.234520e+01,2.238642e+01,2.252369e+01,2.248252e+01,2.248939e+01,2.248939e+01,2.246880e+01,2.247566e+01,2.248252e+01,2.247566e+01,2.248252e+01,2.249625e+01,2.240015e+01,2.253741e+01,2.246880e+01,2.242762e+01,2.257854e+01,2.245507e+01,2.250997e+01,2.254426e+01,2.258540e+01,2.255112e+01,2.244135e+01,2.244135e+01,2.253055e+01,2.247566e+01,2.246194e+01,2.248252e+01,2.242075e+01,2.241389e+01,2.241389e+01,2.243448e+01,2.245507e+01,2.240702e+01,2.240702e+01,2.242762e+01,2.239328e+01,2.240702e+01,2.239328e+01,2.237268e+01,2.240702e+01,2.238642e+01,2.229709e+01,2.237268e+01,2.230396e+01,2.232458e+01,2.232458e+01,2.231771e+01,2.224896e+01,2.235207e+01,2.233833e+01,2.225584e+01,2.232458e+01,2.236581e+01,2.223520e+01,2.222145e+01,2.214575e+01,2.226271e+01,2.220769e+01,2.218016e+01,2.227647e+01,2.230396e+01,2.220769e+01,2.224896e+01,2.226959e+01,2.226271e+01,2.229022e+01,2.229709e+01,2.224896e+01,2.230396e+01,2.228334e+01,2.221457e+01,2.219393e+01,2.233833e+01,2.228334e+01,2.224208e+01,2.220769e+01,2.225584e+01,2.234520e+01,2.235894e+01,2.229022e+01,2.226959e+01,2.238642e+01,2.220081e+01,2.240015e+01,2.217328e+01,2.225584e+01,2.229022e+01,2.235207e+01,2.226271e+01,2.233146e+01,2.244821e+01,2.233833e+01,2.234520e+01,2.230396e+01,2.227647e+01,2.227647e+01,2.226271e+01,2.235207e+01,2.242075e+01,2.225584e+01,2.226959e+01,2.235894e+01,2.234520e+01,2.231084e+01,2.212509e+01,2.148963e+01,2.144112e+01,2.154505e+01,2.146884e+01,2.148963e+01,2.153119e+01,2.156582e+01,2.158659e+01,2.157967e+01,2.171802e+01,2.178713e+01,2.171111e+01,2.173876e+01,2.172494e+01,2.193211e+01,2.184929e+01,2.189761e+01,2.200797e+01,2.213198e+01,2.190451e+01,2.192521e+01,2.192521e+01,2.209066e+01,2.204932e+01,2.213198e+01,2.211132e+01,2.206310e+01,2.204243e+01,2.200107e+01,2.220769e+01,2.218016e+01,2.201486e+01,2.205621e+01,2.204932e+01,2.206999e+01,2.208377e+01,2.221457e+01,2.213886e+01,2.185620e+01,2.221457e+01,2.212509e+01,2.216640e+01,2.217328e+01,2.218016e+01,2.213886e+01,2.203554e+01,2.220769e+01,2.224208e+01,2.222145e+01,2.220081e+01,2.223520e+01,2.224896e+01,2.215263e+01,2.219393e+01,2.228334e+01,2.220769e+01,2.213886e+01,2.211821e+01,2.224208e+01,2.209066e+01,2.214575e+01,2.209755e+01,2.215263e+01,2.218016e+01,2.222833e+01,2.242762e+01,2.247566e+01,2.248252e+01,2.251683e+01,2.251683e+01,2.242762e+01,2.250997e+01,2.247566e+01,2.250311e+01,2.248252e+01,2.248939e+01,2.233833e+01,2.226959e+01,2.214575e+01,2.218016e+01,2.218016e+01,2.215263e+01,2.211132e+01,2.222833e+01,2.215263e+01,2.220769e+01,2.222833e+01,2.229022e+01,2.218705e+01,2.222833e+01,2.222833e+01,2.223520e+01,2.223520e+01,2.231084e+01,2.227647e+01,2.222833e+01,2.231771e+01,2.231771e+01,2.219393e+01,2.226959e+01,2.228334e+01,2.231084e+01,2.222145e+01,2.218705e+01,2.215952e+01,2.208377e+01,2.206310e+01,2.220081e+01,2.209755e+01,2.216640e+01,2.209755e+01,2.211821e+01,2.204243e+01,2.214575e+01,2.213198e+01,2.215263e+01,2.211132e+01,2.210443e+01,2.207688e+01,2.189071e+01,2.218016e+01,2.201486e+01,2.195970e+01,2.204932e+01,2.200797e+01,2.203554e+01,2.202865e+01,2.198729e+01,2.180786e+01,2.199418e+01,2.192521e+01,2.177332e+01,2.204932e+01,2.192521e+01,2.192521e+01,2.185620e+01,2.203554e+01,2.198729e+01,2.197349e+01,2.214575e+01,2.190451e+01,2.209066e+01,2.202865e+01,2.200797e+01,2.206999e+01,2.198729e+01,2.200107e+01,2.195280e+01,2.196660e+01,2.191831e+01,2.191831e+01,2.195280e+01,2.188381e+01,2.192521e+01,2.186310e+01,2.187691e+01,2.180095e+01,2.178713e+01,2.180786e+01,2.180095e+01,2.184929e+01,2.171111e+01,2.169728e+01,2.168345e+01,2.189071e+01,2.173185e+01,2.210443e+01,2.240702e+01,2.242075e+01,2.248252e+01,2.249625e+01,2.246880e+01,2.250311e+01,2.242762e+01,2.239328e+01,2.239328e+01,2.229022e+01,2.243448e+01,2.238642e+01,2.244821e+01,2.231771e+01,2.234520e+01,2.239328e+01,2.231084e+01,2.236581e+01,2.241389e+01,2.244821e+01,2.244135e+01,2.243448e+01,2.244135e+01,2.241389e+01,2.242075e+01,2.245507e+01,2.238642e+01,2.237955e+01,2.233833e+01,2.236581e+01,2.244135e+01,2.236581e+01,2.239328e+01,2.240015e+01,2.235894e+01,2.245507e+01,2.252369e+01,2.244821e+01,2.245507e+01,2.243448e+01,2.244821e+01,2.237268e+01,2.237955e+01,2.233833e+01,2.231771e+01,2.237955e+01,2.235207e+01,2.242762e+01,2.242762e+01,2.241389e+01,2.241389e+01,2.241389e+01,2.244135e+01,2.244135e+01,2.243448e+01,2.248252e+01,2.250311e+01,2.244135e+01,2.241389e+01,2.236581e+01,2.243448e+01,2.255112e+01,2.258540e+01,2.235894e+01,2.240702e+01,2.246880e+01,2.240702e+01,2.254426e+01,2.239328e+01,2.240015e+01,2.245507e+01,2.238642e+01,2.247566e+01,2.243448e+01,2.242762e+01,2.249625e+01,2.244135e+01,2.239328e+01,2.241389e+01,2.244135e+01,2.236581e+01,2.239328e+01,2.246194e+01,2.231771e+01,2.235894e+01,2.236581e+01,2.233833e+01,2.225584e+01,2.235894e+01,2.229709e+01,2.229709e+01,2.225584e+01,2.218705e+01,2.221457e+01,2.220081e+01,2.223520e+01,2.212509e+01,2.211821e+01,2.206999e+01,2.202176e+01,2.214575e+01,2.217328e+01,2.212509e+01,2.216640e+01,2.217328e+01,2.207688e+01,2.200797e+01,2.215263e+01,2.212509e+01,2.214575e+01,2.216640e+01,2.195970e+01,2.215263e+01,2.223520e+01,2.211132e+01,2.214575e+01,2.212509e+01,2.204932e+01,2.198039e+01,2.195970e+01,2.195280e+01,2.199418e+01,2.184929e+01,2.191831e+01,2.204243e+01,2.181476e+01,2.195970e+01,2.206310e+01
2.274294e+01,2.272241e+01,2.270871e+01,2.277716e+01,2.258540e+01,2.274294e+01,2.271556e+01,2.271556e+01,2.260596e+01,2.266078e+01,2.261967e+01,2.268817e+01,2.273610e+01,2.264708e+01,2.270187e+01,2.257169e+01,2.266763e+01,2.263337e+01,2.253741e+01,2.268132e+01,2.271556e+01,2.267447e+01,2.264708e+01,2.265392e+01,2.268817e+01,2.261967e+01,2.270187e+01,2.276347e+01,2.264708e+01,2.268132e+01,2.272241e+01,2.274978e+01,2.274294e+01,2.278400e+01,2.260596e+01,2.264022e+01,2.261282e+01,2.268817e+01,2.269502e+01,2.268817e+01,2.264708e+01,2.262652e+01,2.260596e+01,2.257854e+01,2.259911e+01,2.259911e+01,2.261967e+01,2.257169e+01,2.253055e+01,2.260596e+01,2.251683e+01,2.266763e+01,2.263337e+01,2.263337e+01,2.253741e+01,2.255112e+01,2.254426e+01,2.257854e+01,2.253055e+01,2.249625e+01,2.259225e+01,2.266078e+01,2.255798e+01,2.266078e+01,2.248939e+01,2.252369e+01,2.256483e+01,2.250997e+01,2.250311e+01,2.258540e+01,2.251683e+01,2.248252e+01,2.255798e+01,2.253055e+01,2.255798e+01,2.246194e+01,2.243448e+01,2.234520e+01,2.243448e+01,2.244821e+01,2.242075e+01,2.245507e+01,2.229022e+01,2.226959e+01,2.226959e+01,2.226959e+01,2.232458e+01,2.221457e+01,2.221457e+01,2.214575e+01,2.213198e+01,2.229022e+01,2.226959e+01,2.212509e+01,2.212509e+01,2.209066e+01,2.218016e+01,2.217328e+01,2.204932e+01,2.201486e+01,2.211132e+01,2.211821e+01,2.213886e+01,2.205621e+01,2.210443e+01,2.211132e+01,2.213198e+01,2.214575e+01,2.216640e+01,2.208377e+01,2.206999e+01,2.206999e+01,2.229709e+01,2.220769e+01,2.226959e+01,2.220081e+01,2.219393e+01,2.217328e+01,2.220081e+01,2.215263e+01,2.218016e+01,2.228334e+01,2.231084e+01,2.232458e+01,2.227647e+01,2.229709e+01,2.231771e+01,2.240702e+01,2.224896e+01,2.224896e+01,2.237955e+01,2.236581e+01,2.232458e+01,2.237268e+01,2.228334e+01,2.231084e+01,2.233146e+01,2.242075e+01,2.227647e+01,2.237955e+01,2.237955e+01,2.238642e+01,2.241389e+01,2.237268e+01,2.239328e+01,2.233146e+01,2.233146e+01,2.235894e+01,2.235207e+01,2.233833e+01,2.234520e+01,2.227647e+01,2.240702e+01,2.238642e+01,2.243448e+01,2.233146e+01,2.233833e+01,2.227647e+01,2.231771e+01,2.236581e+01,2.237268e+01,2.237955e+01,2.229709e+01,2.223520e+01,2.224896e+01,2.225584e+01,2.215263e+01,2.222145e+01,2.229022e+01,2.218016e+01,2.213198e+01,2.227647e+01,2.214575e+01,2.225584e+01,2.219393e+01,2.223520e+01,2.225584e+01,2.223520e+01,2.219393e+01,2.230396e+01,2.227647e+01,2.222145e+01,2.229709e+01,2.235207e+01,2.219393e+01,2.232458e+01,2.231084e+01,2.240702e+01,2.233146e+01,2.236581e+01,2.233833e+01,2.235207e+01,2.231771e+01,2.238642e+01,2.228334e+01,2.239328e+01,2.243448e+01,2.242075e+01,2.243448e+01,2.239328e+01,2.237955e+01,2.242075e+01,2.242762e+01,2.231084e+01,2.235894e+01,2.226959e+01,2.228334e+01,2.225584e+01,2.226959e+01,2.229709e+01,2.222145e+01,2.232458e+01,2.229709e+01,2.230396e+01,2.223520e+01,2.241389e+01,2.232458e+01,2.235894e+01,2.227647e+01,2.229022e+01,2.226959e+01,2.234520e+01,2.241389e+01,2.238642e+01,2.233146e+01,2.230396e+01,2.237268e+01,2.231084e+01,2.233146e+01,2.239328e+01,2.236581e+01,2.241389e+01,2.242762e+01,2.233146e+01,2.234520e+01,2.235207e+01,2.237955e+01,2.240702e+01,2.240702e+01,2.234520e+01,2.242075e+01,2.242762e+01,2.238642e+01,2.244135e+01,2.247566e+01,2.247566e+01,2.245507e+01,2.244821e+01,2.244135e+01,2.249625e+01,2.239328e+01,2.247566e+01,2.240015e+01,2.255112e+01,2.244135e+01,2.254426e+01,2.226959e+01,2.248252e+01,2.257169e+01,2.255798e+01,2.255112e+01,2.236581e+01,2.234520e+01,2.248252e+01,2.242075e+01,2.255798e+01,2.240015e+01,2.237955e+01,2.237268e+01,2.247566e+01,2.239328e+01,2.246194e+01,2.235207e+01,2.242075e+01,2.240702e+01,2.233833e+01,2.240015e+01,2.241389e+01,2.243448e+01,2.240702e+01,2.229709e+01,2.242075e+01,2.234520e+01,2.232458e+01,2.224208e+01,2.240015e+01,2.229022e+01,2.231084e+01,2.226959e+01,2.231771e+01,2.223520e+01,2.224896e+01,2.222145e+01,2.226271e+01,2.220081e+01,2.224896e+01,2.225584e+01,2.225584e+01,2.224896e+01,2.224896e+01,2.231084e+01,2.222145e+01,2.232458e+01,2.238642e+01,2.231771e+01,2.227647e+01,2.227647e+01,2.222145e+01,2.229022e+01,2.222145e+01,2.224896e+01,2.218705e+01,2.228334e+01,2.230396e+01,2.230396e+01,2.226271e+01,2.226959e+01,2.225584e+01,2.226959e+01,2.228334e+01,2.224896e+01,2.223520e+01,2.235207e+01,2.229709e+01,2.235207e+01,2.235207e+01,2.233146e+01,2.221457e+01,2.234520e+01,2.233833e+01,2.237268e+01,2.235207e+01,2.235894e+01,2.236581e+01,2.234520e+01,2.229709e+01,2.229709e+01,2.235894e+01,2.227647e+01,2.232458e+01,2.236581e+01,2.234520e+01,2.228334e+01,2.235894e+01,2.230396e+01,2.207688e+01,2.148270e+01,2.146884e+01,2.151042e+01,2.155890e+01,2.156582e+01,2.148270e+01,2.153119e+01,2.159351e+01,2.169037e+01,2.163503e+01,2.179404e+01,2.172494e+01,2.184239e+01,2.191141e+01,2.191141e+01,2.197349e+01,2.188381e+01,2.194591e+01,2.206310e+01,2.200797e+01,2.200797e+01,2.195280e+01,2.195970e+01,2.203554e+01,2.206999e+01,2.213886e+01,2.211132e+01,2.204932e+01,2.215952e+01,2.214575e+01,2.195970e+01,2.211821e+01,2.205621e+01,2.205621e+01,2.203554e+01,2.216640e+01,2.218016e+01,2.220081e+01,2.215952e+01,2.208377e+01,2.217328e+01,2.216640e+01,2.218705e+01,2.217328e+01,2.222145e+01,2.214575e+01,2.220081e+01,2.215952e+01,2.221457e+01,2.226959e+01,2.220769e+01,2.226271e+01,2.221457e+01,2.213198e+01,2.214575e+01,2.211132e+01,2.218016e+01,2.213886e+01,2.221457e+01,2.220081e+01,2.206310e+01,2.213198e+01,2.211132e+01,2.213886e+01,2.232458e+01,2.244821e+01,2.243448e+01,2.244135e+01,2.253055e+01,2.248252e+01,2.249625e+01,2.242075e+01,2.248939e+01,2.243448e+01,2.216640e+01,2.215952e+01,2.215952e+01,2.215952e+01,2.215263e+01,2.216640e+01,2.211132e+01,2.220769e+01,2.211821e+01,2.218705e+01,2.222833e+01,2.216640e+01,2.213198e+01,2.219393e+01,2.213198e+01,2.213198e+01,2.221457e+01,2.212509e+01,2.215952e+01,2.224896e+01,2.221457e+01,2.211132e+01,2.211821e+01,2.220769e+01,2.218016e+01,2.207688e+01,2.216640e+01,2.209066e+01,2.209755e+01,2.200797e+01,2.209066e+01,2.210443e+01,2.207688e+01,2.209755e+01,2.211132e+01,2.209755e+01,2.216640e+01,2.217328e+01,2.210443e+01,2.213198e+01,2.209755e+01,2.206310e+01,2.210443e+01,2.202176e+01,2.196660e+01,2.209066e+01,2.198039e+01,2.196660e+01,2.203554e+01,2.198729e+01,2.202865e+01,2.196660e+01,2.190451e+01,2.206999e+01,2.195280e+01,2.195970e+01,2.186310e+01,2.204243e+01,2.196660e+01,2.211821e+01,2.206310e+01,2.202176e+01,2.209755e+01,2.202865e+01,2.199418e+01,2.197349e+01,2.202176e+01,2.205621e+01,2.201486e+01,2.198729e+01,2.178022e+01,2.199418e+01,2.192521e+01,2.193211e+01,2.196660e+01,2.200797e+01,2.182167e+01,2.180786e+01,2.182167e+01,2.175949e+01,2.179404e+01,2.187000e+01,2.179404e+01,2.178022e+01,2.180786e+01,2.173185e+01,2.174567e+01,2.175258e+01,2.175949e+01,2.180786e+01,2.187691e+01,2.233833e+01,2.250997e+01,2.233833e+01,2.244821e+01,2.235894e+01,2.244135e+01,2.250311e+01,2.246880e+01,2.252369e+01,2.242762e+01,2.232458e+01,2.245507e+01,2.240702e+01,2.250311e+01,2.234520e+01,2.237955e+01,2.243448e+01,2.243448e+01,2.240015e+01,2.240702e+01,2.245507e+01,2.240702e+01,2.246880e+01,2.242075e+01,2.249625e+01,2.239328e+01,2.237268e+01,2.242075e+01,2.235207e+01,2.235894e+01,2.244821e+01,2.240702e+01,2.233146e+01,2.240702e+01,2.241389e+01,2.248252e+01,2.239328e+01,2.241389e+01,2.244821e+01,2.246194e+01,2.245507e+01,2.246194e+01,2.239328e+01,2.245507e+01,2.254426e+01,2.240702e+01,2.237268e+01,2.236581e+01,2.236581e+01,2.240702e+01,2.250997e+01,2.246194e+01,2.246194e+01,2.242762e+01,2.240702e+01,2.248939e+01,2.243448e+01,2.239328e+01,2.249625e+01,2.250997e+01,2.253055e+01,2.250997e+01,2.246194e+01,2.253741e+01,2.238642e+01,2.246880e+01,2.240702e+01,2.242075e+01,2.244821e+01,2.242762e+01,2.242075e+01,2.237955e+01,2.248252e+01,2.240702e+01,2.242075e+01,2.245507e+01,2.242762e+01,2.243448e+01,2.242075e+01,2.229709e+01,2.239328e+01,2.233146e+01,2.242762e+01,2.246880e+01,2.246194e+01,2.242075e+01,2.232458e+01,2.232458e+01,2.233146e+01,2.231084e+01,2.231771e+01,2.222833e+01,2.208377e+01,2.223520e+01,2.222833e+01,2.218016e+01,2.215263e+01,2.215952e+01,2.217328e+01,2.215952e+01,2.213198e+01,2.218705e+01,2.202865e+01,2.211132e+01,2.202865e+01,2.202176e+01,2.200797e+01,2.200797e+01,2.200107e+01,2.198729e+01,2.221457e+01,2.213886e+01,2.214575e+01,2.210443e+01,2.206310e+01,2.209755e+01,2.203554e+01,2.209066e+01,2.196660e+01,2.206310e+01,2.198729e+01,2.204243e+01,2.199418e+01,2.186310e+01,2.202176e+01,2.201486e+01,2.199418e+01,2.199418e+01,2.199418e+01
2.271556e+01,2.275663e+01,2.263337e+01,2.262652e+01,2.265392e+01,2.264022e+01,2.280452e+01,2.266078e+01,2.264022e+01,2.276347e+01,2.268817e+01,2.270187e+01,2.274294e+01,2.274978e+01,2.272925e+01,2.271556e+01,2.270871e+01,2.272925e+01,2.266078e+01,2.270871e+01,2.268132e+01,2.267447e+01,2.270871e+01,2.266078e+01,2.261967e+01,2.266763e+01,2.273610e+01,2.275663e+01,2.273610e+01,2.277032e+01,2.274294e+01,2.268817e+01,2.275663e+01,2.255798e+01,2.270187e+01,2.267447e+01,2.262652e+01,2.260596e+01,2.266763e+01,2.262652e+01,2.257169e+01,2.264708e+01,2.258540e+01,2.258540e+01,2.265392e+01,2.266078e+01,2.266078e+01,2.255798e+01,2.260596e+01,2.256483e+01,2.261282e+01,2.272925e+01,2.268817e+01,2.263337e+01,2.253055e+01,2.276347e+01,2.254426e+01,2.259225e+01,2.255798e+01,2.262652e+01,2.255112e+01,2.256483e+01,2.263337e+01,2.272241e+01,2.255112e+01,2.257854e+01,2.255798e+01,2.253741e+01,2.251683e+01,2.261967e+01,2.245507e+01,2.258540e+01,2.255112e+01,2.257169e+01,2.246880e+01,2.247566e+01,2.246194e+01,2.248939e+01,2.257169e+01,2.229022e+01,2.228334e+01,2.236581e+01,2.242075e+01,2.235894e+01,2.235894e+01,2.239328e+01,2.235207e+01,2.218705e+01,2.226271e+01,2.229709e+01,2.228334e+01,2.221457e+01,2.204932e+01,2.208377e+01,2.213198e+01,2.213198e+01,2.209066e+01,2.218016e+01,2.212509e+01,2.213886e+01,2.215263e+01,2.214575e+01,2.206310e+01,2.222833e+01,2.218705e+01,2.218016e+01,2.211821e+01,2.213198e+01,2.222833e+01,2.215263e+01,2.229709e+01,2.207688e+01,2.226271e+01,2.224896e+01,2.228334e+01,2.219393e+01,2.220081e+01,2.233146e+01,2.221457e+01,2.231771e+01,2.235894e+01,2.229022e+01,2.215263e+01,2.232458e+01,2.238642e+01,2.234520e+01,2.225584e+01,2.230396e+01,2.226271e+01,2.233146e+01,2.244135e+01,2.237268e+01,2.240702e+01,2.235894e+01,2.237268e+01,2.235894e+01,2.238642e+01,2.225584e+01,2.239328e+01,2.241389e+01,2.239328e+01,2.235894e+01,2.244135e+01,2.245507e+01,2.240702e+01,2.242075e+01,2.239328e+01,2.236581e+01,2.235894e+01,2.235894e+01,2.237268e+01,2.243448e+01,2.231771e+01,2.231771e+01,2.242075e+01,2.229709e+01,2.229709e+01,2.237955e+01,2.236581e+01,2.233833e+01,2.234520e+01,2.224896e+01,2.224896e+01,2.233833e+01,2.223520e+01,2.232458e+01,2.244135e+01,2.229709e+01,2.224208e+01,2.248252e+01,2.219393e+01,2.217328e+01,2.224208e+01,2.229022e+01,2.218016e+01,2.220081e+01,2.226271e+01,2.220769e+01,2.221457e+01,2.226959e+01,2.222145e+01,2.217328e+01,2.215952e+01,2.232458e+01,2.232458e+01,2.230396e+01,2.230396e+01,2.213886e+01,2.232458e+01,2.233146e+01,2.231084e+01,2.239328e+01,2.240702e+01,2.238642e+01,2.228334e+01,2.240702e+01,2.238642e+01,2.245507e+01,2.226271e+01,2.240702e+01,2.240702e+01,2.233146e+01,2.239328e+01,2.247566e+01,2.230396e+01,2.242762e+01,2.224208e+01,2.225584e+01,2.226959e+01,2.228334e+01,2.228334e+01,2.231084e+01,2.224896e+01,2.227647e+01,2.224896e+01,2.238642e+01,2.240015e+01,2.229022e+01,2.228334e+01,2.238642e+01,2.232458e+01,2.233146e+01,2.236581e+01,2.250311e+01,2.235207e+01,2.231084e+01,2.241389e+01,2.241389e+01,2.240702e+01,2.239328e+01,2.236581e+01,2.237268e+01,2.233833e+01,2.232458e+01,2.235894e+01,2.242075e+01,2.235894e+01,2.237955e+01,2.239328e+01,2.243448e+01,2.240702e+01,2.243448e+01,2.244135e+01,2.240015e+01,2.242762e+01,2.242075e+01,2.246880e+01,2.246880e+01,2.241389e+01,2.242075e+01,2.246194e+01,2.250997e+01,2.255798e+01,2.246880e+01,2.246880e+01,2.242762e+01,2.250311e+01,2.254426e+01,2.254426e+01,2.257854e+01,2.248939e+01,2.253741e+01,2.252369e+01,2.244821e+01,2.250997e+01,2.254426e+01,2.237955e+01,2.235894e+01,2.240702e+01,2.254426e+01,2.247566e+01,2.252369e+01,2.234520e+01,2.247566e+01,2.243448e+01,2.244821e+01,2.245507e+01,2.238642e+01,2.239328e+01,2.238642e+01,2.238642e+01,2.244821e+01,2.234520e+01,2.246880e+01,2.248252e+01,2.229709e+01,2.240015e+01,2.237268e+01,2.227647e+01,2.230396e+01,2.232458e+01,2.224896e+01,2.233146e+01,2.224896e+01,2.220769e+01,2.225584e+01,2.228334e+01,2.228334e+01,2.230396e+01,2.221457e+01,2.233833e+01,2.231084e+01,2.244135e+01,2.229709e+01,2.230396e+01,2.231084e+01,2.226271e+01,2.226271e+01,2.223520e+01,2.224896e+01,2.226271e+01,2.229022e+01,2.229709e+01,2.222145e+01,2.224208e+01,2.227647e+01,2.227647e+01,2.239328e+01,2.226959e+01,2.229022e+01,2.231084e+01,2.237268e+01,2.226271e+01,2.224896e+01,2.234520e+01,2.226271e+01,2.233833e+01,2.231084e+01,2.233146e+01,2.244821e+01,2.239328e+01,2.232458e+01,2.235894e+01,2.237955e+01,2.237268e+01,2.235207e+01,2.233833e+01,2.229022e+01,2.224896e+01,2.233833e+01,2.234520e+01,2.235894e+01,2.235207e+01,2.246880e+01,2.235894e+01,2.226271e+01,2.170420e+01,2.145498e+01,2.142032e+01,2.151042e+01,2.147577e+01,2.157274e+01,2.149656e+01,2.162119e+01,2.166962e+01,2.175258e+01,2.177332e+01,2.183548e+01,2.183548e+01,2.185620e+01,2.191141e+01,2.192521e+01,2.200797e+01,2.200107e+01,2.199418e+01,2.203554e+01,2.203554e+01,2.207688e+01,2.197349e+01,2.209755e+01,2.210443e+01,2.213198e+01,2.211821e+01,2.228334e+01,2.215952e+01,2.219393e+01,2.206310e+01,2.213198e+01,2.207688e+01,2.206310e+01,2.217328e+01,2.211821e+01,2.212509e+01,2.218016e+01,2.223520e+01,2.217328e+01,2.216640e+01,2.213198e+01,2.233146e+01,2.216640e+01,2.220081e+01,2.222145e+01,2.225584e+01,2.224208e+01,2.225584e+01,2.215263e+01,2.222145e+01,2.221457e+01,2.213198e+01,2.222145e+01,2.226959e+01,2.217328e+01,2.215952e+01,2.219393e+01,2.218705e+01,2.216640e+01,2.211821e+01,2.219393e+01,2.213198e+01,2.233146e+01,2.235207e+01,2.244821e+01,2.231771e+01,2.248252e+01,2.253055e+01,2.231771e+01,2.250311e+01,2.248252e+01,2.244135e+01,2.242762e+01,2.216640e+01,2.214575e+01,2.218016e+01,2.216640e+01,2.212509e+01,2.217328e+01,2.208377e+01,2.219393e+01,2.211132e+01,2.220769e+01,2.218705e+01,2.221457e+01,2.215952e+01,2.218705e+01,2.214575e+01,2.213198e+01,2.214575e+01,2.216640e+01,2.205621e+01,2.222145e+01,2.213886e+01,2.213198e+01,2.211821e+01,2.210443e+01,2.209755e+01,2.209755e+01,2.209066e+01,2.206310e+01,2.200797e+01,2.204243e+01,2.203554e+01,2.206310e+01,2.209066e+01,2.213886e+01,2.210443e+01,2.217328e+01,2.204243e+01,2.213886e+01,2.215263e+01,2.211132e+01,2.214575e+01,2.217328e+01,2.213198e+01,2.220769e+01,2.204932e+01,2.214575e+01,2.201486e+01,2.206310e+01,2.211821e+01,2.213886e+01,2.214575e+01,2.204932e+01,2.201486e+01,2.199418e+01,2.203554e+01,2.200107e+01,2.196660e+01,2.200797e+01,2.213886e+01,2.203554e+01,2.202176e+01,2.212509e+01,2.211821e+01,2.210443e+01,2.211821e+01,2.220081e+01,2.209066e+01,2.213886e+01,2.200107e+01,2.198039e+01,2.190451e+01,2.199418e+01,2.191831e+01,2.188381e+01,2.182858e+01,2.179404e+01,2.189071e+01,2.184929e+01,2.184929e+01,2.184929e+01,2.186310e+01,2.183548e+01,2.182167e+01,2.184929e+01,2.184929e+01,2.175258e+01,2.183548e+01,2.178022e+01,2.173185e+01,2.175258e+01,2.206310e+01,2.237955e+01,2.251683e+01,2.248939e+01,2.247566e+01,2.253055e+01,2.254426e+01,2.254426e+01,2.254426e+01,2.253055e+01,2.253741e+01,2.255112e+01,2.261967e+01,2.261967e+01,2.253055e+01,2.239328e+01,2.253055e+01,2.260596e+01,2.259911e+01,2.261282e+01,2.244135e+01,2.257854e+01,2.246880e+01,2.242762e+01,2.247566e+01,2.241389e+01,2.246194e+01,2.241389e+01,2.238642e+01,2.237955e+01,2.253741e+01,2.244821e+01,2.242075e+01,2.250997e+01,2.244135e+01,2.242075e+01,2.248939e+01,2.250311e+01,2.248939e+01,2.250997e+01,2.246880e+01,2.245507e+01,2.247566e+01,2.237955e+01,2.244135e+01,2.260596e+01,2.241389e+01,2.253055e+01,2.238642e+01,2.242075e+01,2.249625e+01,2.253055e+01,2.251683e+01,2.238642e+01,2.248939e+01,2.250997e+01,2.246880e+01,2.243448e+01,2.241389e+01,2.255112e+01,2.256483e+01,2.257169e+01,2.253741e+01,2.255798e+01,2.253741e+01,2.247566e+01,2.244135e+01,2.240702e+01,2.257169e+01,2.246194e+01,2.248252e+01,2.239328e+01,2.242075e+01,2.243448e+01,2.243448e+01,2.245507e+01,2.241389e+01,2.245507e+01,2.238642e+01,2.243448e+01,2.240702e+01,2.242075e+01,2.240702e+01,2.249625e+01,2.248939e+01,2.249625e+01,2.235894e+01,2.240015e+01,2.226271e+01,2.230396e+01,2.224896e+01,2.223520e+01,2.221457e+01,2.225584e+01,2.215263e+01,2.229709e+01,2.215263e+01,2.218705e+01,2.215263e+01,2.208377e+01,2.205621e+01,2.211821e+01,2.212509e+01,2.211821e+01,2.206310e+01,2.208377e+01,2.209755e+01,2.202865e+01,2.220081e+01,2.206310e+01,2.204932e+01,2.212509e+01,2.209755e+01,2.214575e+01,2.211132e+01,2.206999e+01,2.198729e+01,2.198729e+01,2.187000e+01,2.204932e+01,2.206310e+01,2.199418e+01,2.195280e+01,2.198729e+01,2.196660e+01,2.200797e+01,2.207688e+01,2.191141e+01,2.197349e+01,2.199418e+01
2.273610e+01,2.270871e+01,2.265392e+01,2.275663e+01,2.260596e+01,2.273610e+01,2.259225e+01,2.270871e+01,2.279768e+01,2.262652e+01,2.264022e+01,2.272925e+01,2.276347e+01,2.262652e+01,2.264022e+01,2.279084e+01,2.261282e+01,2.261967e+01,2.275663e+01,2.264708e+01,2.272241e+01,2.263337e+01,2.264022e+01,2.266078e+01,2.267447e+01,2.255112e+01,2.268817e+01,2.266763e+01,2.279768e+01,2.268817e+01,2.274978e+01,2.269502e+01,2.274294e+01,2.277032e+01,2.269502e+01,2.268817e+01,2.272925e+01,2.254426e+01,2.253055e+01,2.263337e+01,2.258540e+01,2.261967e+01,2.258540e+01,2.255112e+01,2.255112e+01,2.256483e+01,2.267447e+01,2.267447e+01,2.256483e+01,2.258540e+01,2.268817e+01,2.268817e+01,2.266763e+01,2.265392e+01,2.255112e+01,2.254426e+01,2.253741e+01,2.254426e+01,2.249625e+01,2.250311e+01,2.259911e+01,2.255112e+01,2.256483e+01,2.252369e+01,2.255112e+01,2.250997e+01,2.257854e+01,2.250997e+01,2.259911e+01,2.246194e+01,2.251683e+01,2.259225e+01,2.244135e+01,2.262652e+01,2.248252e+01,2.244135e+01,2.244135e+01,2.240015e+01,2.237268e+01,2.241389e+01,2.219393e+01,2.237268e+01,2.233833e+01,2.230396e+01,2.217328e+01,2.220081e+01,2.229709e+01,2.219393e+01,2.222833e+01,2.229022e+01,2.220081e+01,2.218705e+01,2.221457e+01,2.213886e+01,2.222145e+01,2.211132e+01,2.209755e+01,2.205621e+01,2.207688e+01,2.218016e+01,2.205621e+01,2.212509e+01,2.215263e+01,2.213886e+01,2.209066e+01,2.215263e+01,2.211132e+01,2.215952e+01,2.224208e+01,2.211821e+01,2.225584e+01,2.219393e+01,2.221457e+01,2.223520e+01,2.212509e+01,2.211132e+01,2.222145e+01,2.220769e+01,2.220081e+01,2.225584e+01,2.231771e+01,2.216640e+01,2.232458e+01,2.218016e+01,2.232458e+01,2.224896e+01,2.233146e+01,2.225584e+01,2.218016e+01,2.225584e+01,2.235207e+01,2.227647e+01,2.230396e+01,2.234520e+01,2.233833e+01,2.231771e+01,2.233146e+01,2.236581e+01,2.236581e+01,2.233146e+01,2.237268e+01,2.240702e+01,2.231084e+01,2.237955e+01,2.236581e+01,2.240015e+01,2.235894e+01,2.234520e+01,2.236581e+01,2.236581e+01,2.240015e+01,2.235207e+01,2.231084e+01,2.233833e+01,2.229709e+01,2.235894e+01,2.237268e+01,2.230396e+01,2.237955e+01,2.230396e+01,2.237268e+01,2.220081e+01,2.226959e+01,2.220081e+01,2.231084e+01,2.230396e+01,2.222833e+01,2.218016e+01,2.223520e+01,2.226271e+01,2.220081e+01,2.229709e+01,2.220081e+01,2.215952e+01,2.218705e+01,2.218016e+01,2.218705e+01,2.224896e+01,2.221457e+01,2.218705e+01,2.228334e+01,2.222145e+01,2.232458e+01,2.231771e+01,2.228334e+01,2.220081e+01,2.222833e+01,2.240702e+01,2.231771e+01,2.230396e+01,2.229022e+01,2.236581e+01,2.236581e+01,2.240702e+01,2.244135e+01,2.240702e+01,2.236581e+01,2.224208e+01,2.238642e+01,2.235894e+01,2.238642e+01,2.242075e+01,2.232458e+01,2.233146e+01,2.229709e+01,2.226959e+01,2.222145e+01,2.223520e+01,2.219393e+01,2.222145e+01,2.228334e+01,2.226959e+01,2.226959e+01,2.226959e+01,2.229022e+01,2.231771e+01,2.226271e+01,2.225584e+01,2.220769e+01,2.215952e+01,2.224208e+01,2.217328e+01,2.230396e+01,2.232458e+01,2.228334e+01,2.229709e+01,2.229022e+01,2.237268e+01,2.240015e+01,2.238642e+01,2.238642e+01,2.235207e+01,2.234520e+01,2.241389e+01,2.232458e+01,2.233833e+01,2.231084e+01,2.233833e+01,2.242075e+01,2.244135e+01,2.237955e+01,2.239328e+01,2.244821e+01,2.240702e+01,2.238642e+01,2.240015e+01,2.246194e+01,2.240015e+01,2.244135e+01,2.244821e+01,2.240015e+01,2.239328e+01,2.240015e+01,2.239328e+01,2.240702e+01,2.242762e+01,2.244135e+01,2.249625e+01,2.244821e+01,2.253741e+01,2.248252e+01,2.243448e+01,2.253055e+01,2.253055e+01,2.256483e+01,2.248939e+01,2.255798e+01,2.231771e+01,2.235894e+01,2.236581e+01,2.244135e+01,2.241389e+01,2.240702e+01,2.243448e+01,2.248252e+01,2.244135e+01,2.245507e+01,2.243448e+01,2.240702e+01,2.240702e+01,2.235894e+01,2.240015e+01,2.236581e+01,2.237268e+01,2.237955e+01,2.240015e+01,2.248252e+01,2.240015e+01,2.226959e+01,2.233146e+01,2.233146e+01,2.226271e+01,2.229709e+01,2.239328e+01,2.221457e+01,2.222145e+01,2.230396e+01,2.231084e+01,2.223520e+01,2.222833e+01,2.231771e+01,2.237268e+01,2.233833e+01,2.233833e+01,2.229022e+01,2.229022e+01,2.226271e+01,2.225584e+01,2.224896e+01,2.222833e+01,2.220769e+01,2.226271e+01,2.237955e+01,2.226271e+01,2.236581e+01,2.237268e+01,2.232458e+01,2.226271e+01,2.231084e+01,2.230396e+01,2.233833e+01,2.233833e+01,2.234520e+01,2.224208e+01,2.229022e+01,2.237268e+01,2.233146e+01,2.234520e+01,2.230396e+01,2.235207e+01,2.229022e+01,2.231084e+01,2.231084e+01,2.234520e+01,2.230396e+01,2.228334e+01,2.235207e+01,2.234520e+01,2.231771e+01,2.230396e+01,2.236581e+01,2.241389e+01,2.237955e+01,2.235894e+01,2.237268e+01,2.221457e+01,2.189761e+01,2.141339e+01,2.141339e+01,2.143419e+01,2.149656e+01,2.144805e+01,2.163503e+01,2.169037e+01,2.163503e+01,2.167654e+01,2.176641e+01,2.174567e+01,2.175258e+01,2.202176e+01,2.194591e+01,2.191831e+01,2.190451e+01,2.187691e+01,2.196660e+01,2.201486e+01,2.209066e+01,2.202865e+01,2.206310e+01,2.204243e+01,2.205621e+01,2.201486e+01,2.206999e+01,2.206999e+01,2.206310e+01,2.212509e+01,2.204243e+01,2.207688e+01,2.211821e+01,2.214575e+01,2.209066e+01,2.214575e+01,2.211821e+01,2.208377e+01,2.223520e+01,2.218016e+01,2.218705e+01,2.220769e+01,2.219393e+01,2.215263e+01,2.223520e+01,2.218705e+01,2.218016e+01,2.226271e+01,2.226959e+01,2.211132e+01,2.229022e+01,2.218705e+01,2.222145e+01,2.222145e+01,2.210443e+01,2.213886e+01,2.209755e+01,2.213198e+01,2.214575e+01,2.211821e+01,2.213886e+01,2.223520e+01,2.214575e+01,2.215952e+01,2.236581e+01,2.240015e+01,2.241389e+01,2.229709e+01,2.248252e+01,2.248252e+01,2.231771e+01,2.237268e+01,2.231771e+01,2.212509e+01,2.214575e+01,2.214575e+01,2.213886e+01,2.216640e+01,2.213886e+01,2.219393e+01,2.214575e+01,2.214575e+01,2.222145e+01,2.215263e+01,2.219393e+01,2.211132e+01,2.213198e+01,2.198039e+01,2.215263e+01,2.210443e+01,2.219393e+01,2.204243e+01,2.209066e+01,2.220081e+01,2.211132e+01,2.211821e+01,2.218705e+01,2.208377e+01,2.209066e+01,2.210443e+01,2.211132e+01,2.209755e+01,2.209066e+01,2.204243e+01,2.209066e+01,2.210443e+01,2.203554e+01,2.213886e+01,2.205621e+01,2.204932e+01,2.213198e+01,2.210443e+01,2.198039e+01,2.209755e+01,2.206310e+01,2.220769e+01,2.212509e+01,2.201486e+01,2.202865e+01,2.198729e+01,2.198039e+01,2.202176e+01,2.205621e+01,2.194591e+01,2.206999e+01,2.197349e+01,2.199418e+01,2.200797e+01,2.209066e+01,2.200107e+01,2.202865e+01,2.201486e+01,2.202176e+01,2.202865e+01,2.208377e+01,2.206999e+01,2.212509e+01,2.196660e+01,2.209066e+01,2.210443e+01,2.212509e+01,2.202865e+01,2.199418e+01,2.193901e+01,2.182167e+01,2.192521e+01,2.202176e+01,2.182858e+01,2.188381e+01,2.189071e+01,2.195280e+01,2.191141e+01,2.182858e+01,2.185620e+01,2.181476e+01,2.180786e+01,2.172494e+01,2.173185e+01,2.178022e+01,2.177332e+01,2.173876e+01,2.180786e+01,2.170420e+01,2.193211e+01,2.248939e+01,2.240015e+01,2.253055e+01,2.252369e+01,2.244135e+01,2.255112e+01,2.266078e+01,2.257854e+01,2.246880e+01,2.250997e+01,2.244821e+01,2.253055e+01,2.246880e+01,2.250997e+01,2.252369e+01,2.243448e+01,2.258540e+01,2.244821e+01,2.245507e+01,2.264022e+01,2.259911e+01,2.256483e+01,2.253741e+01,2.247566e+01,2.249625e+01,2.242762e+01,2.248252e+01,2.231771e+01,2.228334e+01,2.248252e+01,2.241389e+01,2.229022e+01,2.242075e+01,2.246880e+01,2.248252e+01,2.252369e+01,2.250997e+01,2.251683e+01,2.248939e+01,2.248939e+01,2.253055e+01,2.244821e+01,2.253741e+01,2.215952e+01,2.240702e+01,2.246880e+01,2.242075e+01,2.237268e+01,2.239328e+01,2.245507e+01,2.239328e+01,2.251683e+01,2.245507e+01,2.255112e+01,2.237268e+01,2.248939e+01,2.255798e+01,2.254426e+01,2.252369e+01,2.256483e+01,2.245507e+01,2.244821e+01,2.242762e+01,2.248939e+01,2.236581e+01,2.250997e+01,2.243448e+01,2.246194e+01,2.246194e+01,2.244821e+01,2.250311e+01,2.236581e+01,2.244821e+01,2.240015e+01,2.244821e+01,2.253741e+01,2.260596e+01,2.244821e+01,2.236581e+01,2.242762e+01,2.238642e+01,2.244135e+01,2.246194e+01,2.233146e+01,2.237955e+01,2.244135e+01,2.226271e+01,2.221457e+01,2.231084e+01,2.225584e+01,2.226959e+01,2.220769e+01,2.222833e+01,2.223520e+01,2.220081e+01,2.202176e+01,2.201486e+01,2.207688e+01,2.202865e+01,2.202865e+01,2.204932e+01,2.209755e+01,2.219393e+01,2.204243e+01,2.206999e+01,2.204243e+01,2.211821e+01,2.201486e+01,2.197349e+01,2.211132e+01,2.204243e+01,2.197349e+01,2.204243e+01,2.213886e+01,2.206310e+01,2.207688e+01,2.204243e+01,2.206310e+01,2.203554e+01,2.205621e+01,2.198729e+01,2.197349e+01,2.199418e+01,2.196660e+01,2.200797e+01,2.189761e+01,2.203554e+01,2.189761e+01,2.190451e+01,2.199418e+01
2.277716e+01,2.279084e+01,2.274978e+01,2.259225e+01,2.263337e+01,2.259911e+01,2.271556e+01,2.273610e+01,2.274294e+01,2.270871e+01,2.269502e+01,2.272925e+01,2.259911e+01,2.270871e+01,2.266078e+01,2.267447e+01,2.264022e+01,2.257854e+01,2.269502e+01,2.273610e+01,2.273610e+01,2.268817e+01,2.267447e+01,2.267447e+01,2.266078e+01,2.267447e+01,2.275663e+01,2.268817e+01,2.268817e+01,2.271556e+01,2.275663e+01,2.268132e+01,2.265392e+01,2.264708e+01,2.262652e+01,2.268132e+01,2.260596e+01,2.263337e+01,2.268132e+01,2.266078e+01,2.261282e+01,2.259225e+01,2.257169e+01,2.259225e+01,2.261282e+01,2.256483e+01,2.250311e+01,2.264708e+01,2.254426e+01,2.253741e+01,2.268132e+01,2.270187e+01,2.272241e+01,2.274294e+01,2.268132e+01,2.260596e+01,2.261967e+01,2.251683e+01,2.266078e+01,2.251683e+01,2.257169e+01,2.264708e+01,2.251683e+01,2.257169e+01,2.257854e+01,2.253741e+01,2.255112e+01,2.257854e+01,2.257854e+01,2.259225e+01,2.244821e+01,2.255798e+01,2.255798e+01,2.252369e+01,2.266763e+01,2.249625e+01,2.254426e+01,2.234520e+01,2.232458e+01,2.242762e+01,2.226959e+01,2.244821e+01,2.240702e+01,2.233146e+01,2.236581e+01,2.238642e+01,2.239328e+01,2.224896e+01,2.230396e+01,2.219393e+01,2.219393e+01,2.215263e+01,2.217328e+01,2.220769e+01,2.217328e+01,2.215263e+01,2.213886e+01,2.217328e+01,2.208377e+01,2.218705e+01,2.205621e+01,2.204932e+01,2.200797e+01,2.214575e+01,2.215952e+01,2.209066e+01,2.210443e+01,2.209755e+01,2.210443e+01,2.223520e+01,2.220769e+01,2.215263e+01,2.220769e+01,2.218016e+01,2.222145e+01,2.223520e+01,2.222145e+01,2.215952e+01,2.220769e+01,2.216640e+01,2.197349e+01,2.235207e+01,2.231771e+01,2.222833e+01,2.232458e+01,2.220081e+01,2.234520e+01,2.229709e+01,2.235207e+01,2.225584e+01,2.222833e+01,2.233146e+01,2.241389e+01,2.235207e+01,2.231771e+01,2.231084e+01,2.231084e+01,2.236581e+01,2.237268e+01,2.239328e+01,2.235894e+01,2.235207e+01,2.231084e+01,2.240015e+01,2.240015e+01,2.237955e+01,2.235894e+01,2.234520e+01,2.236581e+01,2.227647e+01,2.229709e+01,2.240015e+01,2.238642e+01,2.237955e+01,2.234520e+01,2.235207e+01,2.244135e+01,2.231084e+01,2.236581e+01,2.236581e+01,2.235207e+01,2.233146e+01,2.232458e+01,2.229022e+01,2.231771e+01,2.231771e+01,2.223520e+01,2.222145e+01,2.223520e+01,2.220081e+01,2.233146e+01,2.225584e+01,2.220769e+01,2.226271e+01,2.222145e+01,2.219393e+01,2.223520e+01,2.221457e+01,2.218016e+01,2.226959e+01,2.229709e+01,2.215952e+01,2.224896e+01,2.230396e+01,2.229022e+01,2.231771e+01,2.233146e+01,2.229022e+01,2.226271e+01,2.230396e+01,2.231084e+01,2.227647e+01,2.237955e+01,2.239328e+01,2.234520e+01,2.231084e+01,2.234520e+01,2.236581e+01,2.221457e+01,2.235894e+01,2.237268e+01,2.234520e+01,2.229022e+01,2.222145e+01,2.228334e+01,2.226959e+01,2.224896e+01,2.225584e+01,2.223520e+01,2.226271e+01,2.229709e+01,2.229709e+01,2.231771e+01,2.231771e+01,2.226959e+01,2.223520e+01,2.222145e+01,2.215952e+01,2.227647e+01,2.223520e+01,2.224896e+01,2.228334e+01,2.226959e+01,2.228334e+01,2.225584e+01,2.226271e+01,2.233146e+01,2.232458e+01,2.233833e+01,2.242075e+01,2.240015e+01,2.232458e+01,2.237268e+01,2.234520e+01,2.237955e+01,2.226959e+01,2.244135e+01,2.235207e+01,2.240015e+01,2.243448e+01,2.231771e+01,2.236581e+01,2.247566e+01,2.244135e+01,2.245507e+01,2.242075e+01,2.239328e+01,2.240015e+01,2.239328e+01,2.242762e+01,2.237268e+01,2.244135e+01,2.236581e+01,2.241389e+01,2.247566e+01,2.244821e+01,2.245507e+01,2.248252e+01,2.250311e+01,2.252369e+01,2.247566e+01,2.244135e+01,2.246194e+01,2.257854e+01,2.242075e+01,2.246880e+01,2.229022e+01,2.245507e+01,2.232458e+01,2.248939e+01,2.248939e+01,2.248939e+01,2.244135e+01,2.242762e+01,2.248252e+01,2.244135e+01,2.225584e+01,2.240702e+01,2.246880e+01,2.240702e+01,2.238642e+01,2.244135e+01,2.231084e+01,2.238642e+01,2.231084e+01,2.242075e+01,2.233833e+01,2.242075e+01,2.233146e+01,2.244135e+01,2.234520e+01,2.224208e+01,2.233833e+01,2.226959e+01,2.236581e+01,2.227647e+01,2.223520e+01,2.231084e+01,2.231771e+01,2.226959e+01,2.225584e+01,2.231084e+01,2.237268e+01,2.224208e+01,2.225584e+01,2.233146e+01,2.224896e+01,2.222833e+01,2.224208e+01,2.225584e+01,2.225584e+01,2.222145e+01,2.226271e+01,2.225584e+01,2.233833e+01,2.228334e+01,2.235894e+01,2.226271e+01,2.224896e+01,2.225584e+01,2.236581e+01,2.231771e+01,2.233146e+01,2.221457e+01,2.237955e+01,2.229022e+01,2.234520e+01,2.237955e+01,2.233833e+01,2.238642e+01,2.233146e+01,2.237955e+01,2.227647e+01,2.229709e+01,2.235207e+01,2.237955e+01,2.237268e+01,2.235894e+01,2.229709e+01,2.241389e+01,2.248939e+01,2.233146e+01,2.237955e+01,2.237268e+01,2.236581e+01,2.235207e+01,2.221457e+01,2.187691e+01,2.151042e+01,2.144112e+01,2.153812e+01,2.153812e+01,2.155890e+01,2.157274e+01,2.164195e+01,2.164887e+01,2.177332e+01,2.178713e+01,2.178713e+01,2.182167e+01,2.191831e+01,2.191141e+01,2.200797e+01,2.198729e+01,2.203554e+01,2.205621e+01,2.201486e+01,2.199418e+01,2.199418e+01,2.198039e+01,2.219393e+01,2.217328e+01,2.201486e+01,2.209755e+01,2.214575e+01,2.214575e+01,2.213198e+01,2.215952e+01,2.205621e+01,2.215263e+01,2.216640e+01,2.219393e+01,2.219393e+01,2.214575e+01,2.219393e+01,2.221457e+01,2.215952e+01,2.228334e+01,2.216640e+01,2.219393e+01,2.222145e+01,2.222145e+01,2.223520e+01,2.221457e+01,2.225584e+01,2.226959e+01,2.219393e+01,2.220081e+01,2.221457e+01,2.211132e+01,2.222145e+01,2.220081e+01,2.215263e+01,2.215952e+01,2.220769e+01,2.208377e+01,2.209755e+01,2.210443e+01,2.205621e+01,2.218016e+01,2.217328e+01,2.215263e+01,2.235894e+01,2.233146e+01,2.233833e+01,2.248939e+01,2.233146e+01,2.233833e+01,2.235207e+01,2.215952e+01,2.218016e+01,2.212509e+01,2.223520e+01,2.217328e+01,2.213198e+01,2.218705e+01,2.213886e+01,2.222833e+01,2.222145e+01,2.218016e+01,2.209066e+01,2.209755e+01,2.212509e+01,2.213198e+01,2.199418e+01,2.198729e+01,2.193901e+01,2.210443e+01,2.206999e+01,2.215263e+01,2.211132e+01,2.213198e+01,2.206310e+01,2.205621e+01,2.204243e+01,2.206310e+01,2.207688e+01,2.209755e+01,2.195280e+01,2.197349e+01,2.210443e+01,2.202176e+01,2.203554e+01,2.207688e+01,2.204243e+01,2.215952e+01,2.213886e+01,2.204932e+01,2.215952e+01,2.215952e+01,2.203554e+01,2.215952e+01,2.203554e+01,2.211132e+01,2.204932e+01,2.205621e+01,2.198729e+01,2.197349e+01,2.207688e+01,2.198039e+01,2.212509e+01,2.210443e+01,2.202865e+01,2.218016e+01,2.198729e+01,2.199418e+01,2.216640e+01,2.209755e+01,2.205621e+01,2.211132e+01,2.205621e+01,2.212509e+01,2.236581e+01,2.209755e+01,2.211132e+01,2.207688e+01,2.206999e+01,2.206999e+01,2.192521e+01,2.194591e+01,2.186310e+01,2.183548e+01,2.193211e+01,2.184929e+01,2.187691e+01,2.182167e+01,2.187691e+01,2.188381e+01,2.186310e+01,2.180095e+01,2.178022e+01,2.178713e+01,2.183548e+01,2.182858e+01,2.180095e+01,2.182858e+01,2.176641e+01,2.180786e+01,2.190451e+01,2.234520e+01,2.248939e+01,2.251683e+01,2.236581e+01,2.248252e+01,2.249625e+01,2.252369e+01,2.249625e+01,2.259911e+01,2.240015e+01,2.253741e+01,2.254426e+01,2.255798e+01,2.259225e+01,2.255112e+01,2.252369e+01,2.264022e+01,2.251683e+01,2.264708e+01,2.242075e+01,2.247566e+01,2.245507e+01,2.257169e+01,2.250311e+01,2.255112e+01,2.236581e+01,2.249625e+01,2.264022e+01,2.242075e+01,2.246880e+01,2.246880e+01,2.241389e+01,2.247566e+01,2.255798e+01,2.254426e+01,2.250311e+01,2.246880e+01,2.248939e+01,2.246880e+01,2.246880e+01,2.245507e+01,2.245507e+01,2.258540e+01,2.243448e+01,2.243448e+01,2.260596e+01,2.259911e+01,2.258540e+01,2.247566e+01,2.239328e+01,2.238642e+01,2.235894e+01,2.257169e+01,2.257854e+01,2.253055e+01,2.247566e+01,2.240015e+01,2.242075e+01,2.252369e+01,2.255112e+01,2.251683e+01,2.241389e+01,2.248252e+01,2.233833e+01,2.253741e+01,2.244135e+01,2.244821e+01,2.242075e+01,2.237955e+01,2.242762e+01,2.242762e+01,2.252369e+01,2.246880e+01,2.271556e+01,2.245507e+01,2.243448e+01,2.246194e+01,2.241389e+01,2.248939e+01,2.233146e+01,2.233146e+01,2.235207e+01,2.233146e+01,2.237955e+01,2.246194e+01,2.239328e+01,2.232458e+01,2.236581e+01,2.220769e+01,2.231771e+01,2.225584e+01,2.221457e+01,2.226959e+01,2.219393e+01,2.219393e+01,2.213198e+01,2.215952e+01,2.213198e+01,2.206999e+01,2.203554e+01,2.209755e+01,2.202865e+01,2.215263e+01,2.217328e+01,2.214575e+01,2.213886e+01,2.204243e+01,2.204932e+01,2.204243e+01,2.216640e+01,2.206999e+01,2.203554e+01,2.218705e+01,2.211132e+01,2.213198e+01,2.211132e+01,2.215263e+01,2.203554e+01,2.197349e+01,2.202176e+01,2.201486e+01,2.195970e+01,2.191831e+01,2.198729e+01,2.212509e+01,2.199418e+01,2.204932e+01,2.204243e+01,2.193901e+01,2.199418e+01,2.195280e+01
2.261282e+01,2.269502e+01,2.272925e+01,2.261282e+01,2.270871e+01,2.270871e+01,2.277716e+01,2.268817e+01,2.272925e+01,2.266078e+01,2.259225e+01,2.272241e+01,2.274294e+01,2.271556e+01,2.268817e+01,2.277032e+01,2.281136e+01,2.263337e+01,2.266763e+01,2.266078e+01,2.265392e+01,2.262652e+01,2.268817e+01,2.270871e+01,2.268817e+01,2.268132e+01,2.272925e+01,2.268817e+01,2.268817e+01,2.268132e+01,2.271556e+01,2.268817e+01,2.269502e+01,2.266078e+01,2.273610e+01,2.272925e+01,2.261282e+01,2.263337e+01,2.257854e+01,2.259911e+01,2.259225e+01,2.260596e+01,2.259911e+01,2.255798e+01,2.263337e+01,2.264708e+01,2.263337e+01,2.261282e+01,2.269502e+01,2.253741e+01,2.257854e+01,2.267447e+01,2.262652e+01,2.266763e+01,2.269502e+01,2.263337e+01,2.270871e+01,2.257169e+01,2.259911e+01,2.264022e+01,2.254426e+01,2.266078e+01,2.253055e+01,2.252369e+01,2.266078e+01,2.261967e+01,2.257169e+01,2.247566e+01,2.246880e+01,2.244821e+01,2.246194e+01,2.246880e+01,2.261967e+01,2.250997e+01,2.255112e+01,2.242075e+01,2.243448e+01,2.244821e+01,2.242762e+01,2.235894e+01,2.239328e+01,2.237268e+01,2.229709e+01,2.231084e+01,2.222145e+01,2.223520e+01,2.228334e+01,2.226271e+01,2.220769e+01,2.211132e+01,2.218705e+01,2.215263e+01,2.207688e+01,2.218016e+01,2.209066e+01,2.204243e+01,2.207688e+01,2.211132e+01,2.195970e+01,2.213886e+01,2.214575e+01,2.209066e+01,2.204243e+01,2.219393e+01,2.220769e+01,2.211132e+01,2.216640e+01,2.210443e+01,2.213886e+01,2.211821e+01,2.217328e+01,2.202176e+01,2.213198e+01,2.224208e+01,2.212509e+01,2.225584e+01,2.214575e+01,2.220769e+01,2.220081e+01,2.215263e+01,2.215263e+01,2.215952e+01,2.233833e+01,2.222145e+01,2.233146e+01,2.228334e+01,2.222145e+01,2.231084e+01,2.222833e+01,2.235207e+01,2.227647e+01,2.233833e+01,2.232458e+01,2.235894e+01,2.239328e+01,2.232458e+01,2.237955e+01,2.226959e+01,2.237268e+01,2.237955e+01,2.239328e+01,2.237955e+01,2.240015e+01,2.238642e+01,2.234520e+01,2.237955e+01,2.229709e+01,2.241389e+01,2.227647e+01,2.258540e+01,2.235894e+01,2.239328e+01,2.237268e+01,2.240702e+01,2.235894e+01,2.231771e+01,2.238642e+01,2.232458e+01,2.233146e+01,2.233146e+01,2.237955e+01,2.235894e+01,2.236581e+01,2.231084e+01,2.231084e+01,2.237268e+01,2.228334e+01,2.222145e+01,2.224208e+01,2.220769e+01,2.218705e+01,2.226959e+01,2.218016e+01,2.221457e+01,2.226271e+01,2.219393e+01,2.224208e+01,2.218705e+01,2.218705e+01,2.221457e+01,2.230396e+01,2.227647e+01,2.222145e+01,2.228334e+01,2.231771e+01,2.223520e+01,2.223520e+01,2.223520e+01,2.226959e+01,2.229709e+01,2.236581e+01,2.227647e+01,2.233833e+01,2.228334e+01,2.235894e+01,2.237955e+01,2.241389e+01,2.233146e+01,2.235894e+01,2.236581e+01,2.227647e+01,2.234520e+01,2.233833e+01,2.230396e+01,2.222833e+01,2.228334e+01,2.228334e+01,2.221457e+01,2.227647e+01,2.229709e+01,2.222833e+01,2.226271e+01,2.229709e+01,2.226959e+01,2.224896e+01,2.223520e+01,2.235894e+01,2.213886e+01,2.230396e+01,2.222145e+01,2.226959e+01,2.224896e+01,2.222145e+01,2.226271e+01,2.227647e+01,2.229709e+01,2.225584e+01,2.231771e+01,2.234520e+01,2.230396e+01,2.233146e+01,2.227647e+01,2.217328e+01,2.230396e+01,2.229022e+01,2.228334e+01,2.233833e+01,2.229022e+01,2.233833e+01,2.242075e+01,2.233146e+01,2.238642e+01,2.243448e+01,2.235207e+01,2.236581e+01,2.245507e+01,2.242762e+01,2.239328e+01,2.240015e+01,2.241389e+01,2.241389e+01,2.250997e+01,2.249625e+01,2.239328e+01,2.248252e+01,2.242075e+01,2.249625e+01,2.249625e+01,2.248939e+01,2.244821e+01,2.244135e+01,2.242762e+01,2.238642e+01,2.245507e+01,2.258540e+01,2.238642e+01,2.247566e+01,2.255112e+01,2.250997e+01,2.242762e+01,2.251683e+01,2.248252e+01,2.249625e+01,2.247566e+01,2.244135e+01,2.233146e+01,2.237955e+01,2.238642e+01,2.240702e+01,2.237955e+01,2.242075e+01,2.240702e+01,2.239328e+01,2.237268e+01,2.240015e+01,2.242075e+01,2.243448e+01,2.240702e+01,2.235207e+01,2.226271e+01,2.235207e+01,2.231084e+01,2.231084e+01,2.242762e+01,2.233833e+01,2.230396e+01,2.239328e+01,2.231084e+01,2.231084e+01,2.229709e+01,2.240015e+01,2.223520e+01,2.223520e+01,2.225584e+01,2.224896e+01,2.244135e+01,2.224896e+01,2.224208e+01,2.231771e+01,2.224896e+01,2.223520e+01,2.235207e+01,2.228334e+01,2.231771e+01,2.235894e+01,2.237268e+01,2.239328e+01,2.225584e+01,2.230396e+01,2.233146e+01,2.233146e+01,2.233833e+01,2.229022e+01,2.237268e+01,2.230396e+01,2.239328e+01,2.236581e+01,2.231084e+01,2.236581e+01,2.238642e+01,2.241389e+01,2.231084e+01,2.231084e+01,2.239328e+01,2.234520e+01,2.235207e+01,2.238642e+01,2.237955e+01,2.240015e+01,2.231771e+01,2.234520e+01,2.242762e+01,2.243448e+01,2.234520e+01,2.237268e+01,2.238642e+01,2.230396e+01,2.190451e+01,2.159351e+01,2.144112e+01,2.148270e+01,2.146191e+01,2.152427e+01,2.161427e+01,2.163503e+01,2.164195e+01,2.182167e+01,2.178022e+01,2.204932e+01,2.177332e+01,2.195280e+01,2.194591e+01,2.196660e+01,2.200797e+01,2.195280e+01,2.198039e+01,2.200107e+01,2.196660e+01,2.206310e+01,2.209066e+01,2.207688e+01,2.200797e+01,2.209066e+01,2.205621e+01,2.208377e+01,2.208377e+01,2.213198e+01,2.209755e+01,2.212509e+01,2.215952e+01,2.216640e+01,2.215263e+01,2.218705e+01,2.220769e+01,2.226271e+01,2.224208e+01,2.220769e+01,2.224896e+01,2.224896e+01,2.218705e+01,2.233146e+01,2.222833e+01,2.220769e+01,2.229709e+01,2.230396e+01,2.220769e+01,2.220081e+01,2.211821e+01,2.220081e+01,2.220769e+01,2.218705e+01,2.213198e+01,2.211821e+01,2.221457e+01,2.217328e+01,2.215263e+01,2.206999e+01,2.226271e+01,2.218016e+01,2.226959e+01,2.216640e+01,2.207688e+01,2.221457e+01,2.207688e+01,2.225584e+01,2.209755e+01,2.244821e+01,2.228334e+01,2.220769e+01,2.202865e+01,2.209066e+01,2.211132e+01,2.218705e+01,2.214575e+01,2.218705e+01,2.219393e+01,2.220769e+01,2.221457e+01,2.222145e+01,2.226959e+01,2.206999e+01,2.206999e+01,2.211132e+01,2.211132e+01,2.211821e+01,2.210443e+01,2.207688e+01,2.204932e+01,2.209755e+01,2.206310e+01,2.211821e+01,2.209066e+01,2.203554e+01,2.206999e+01,2.208377e+01,2.204932e+01,2.198729e+01,2.191141e+01,2.207688e+01,2.195280e+01,2.204243e+01,2.200797e+01,2.205621e+01,2.203554e+01,2.209066e+01,2.213886e+01,2.205621e+01,2.205621e+01,2.204243e+01,2.212509e+01,2.207688e+01,2.215263e+01,2.215263e+01,2.210443e+01,2.203554e+01,2.211821e+01,2.200107e+01,2.200107e+01,2.211821e+01,2.207688e+01,2.202865e+01,2.212509e+01,2.209066e+01,2.209755e+01,2.212509e+01,2.200797e+01,2.218016e+01,2.201486e+01,2.200107e+01,2.215952e+01,2.213198e+01,2.208377e+01,2.211821e+01,2.211821e+01,2.209755e+01,2.210443e+01,2.211821e+01,2.203554e+01,2.200797e+01,2.189071e+01,2.189761e+01,2.178713e+01,2.186310e+01,2.186310e+01,2.186310e+01,2.190451e+01,2.187000e+01,2.184929e+01,2.186310e+01,2.176641e+01,2.175258e+01,2.178713e+01,2.176641e+01,2.186310e+01,2.182167e+01,2.179404e+01,2.175258e+01,2.177332e+01,2.215263e+01,2.251683e+01,2.236581e+01,2.251683e+01,2.253741e+01,2.244821e+01,2.253055e+01,2.267447e+01,2.252369e+01,2.266763e+01,2.251683e+01,2.265392e+01,2.264022e+01,2.251683e+01,2.255798e+01,2.253741e+01,2.257854e+01,2.253741e+01,2.243448e+01,2.268132e+01,2.242762e+01,2.253055e+01,2.256483e+01,2.257854e+01,2.259911e+01,2.258540e+01,2.247566e+01,2.249625e+01,2.248939e+01,2.247566e+01,2.254426e+01,2.258540e+01,2.242075e+01,2.246194e+01,2.256483e+01,2.255112e+01,2.246880e+01,2.251683e+01,2.248252e+01,2.247566e+01,2.245507e+01,2.244821e+01,2.244135e+01,2.244821e+01,2.243448e+01,2.246880e+01,2.255112e+01,2.242762e+01,2.255798e+01,2.256483e+01,2.254426e+01,2.244135e+01,2.245507e+01,2.246880e+01,2.258540e+01,2.244821e+01,2.241389e+01,2.242075e+01,2.250997e+01,2.253741e+01,2.249625e+01,2.249625e+01,2.242075e+01,2.253055e+01,2.254426e+01,2.253741e+01,2.253055e+01,2.247566e+01,2.237955e+01,2.246194e+01,2.241389e+01,2.246194e+01,2.249625e+01,2.248252e+01,2.244821e+01,2.244821e+01,2.245507e+01,2.247566e+01,2.244135e+01,2.244135e+01,2.240015e+01,2.230396e+01,2.248939e+01,2.242762e+01,2.243448e+01,2.245507e+01,2.250997e+01,2.241389e+01,2.236581e+01,2.229022e+01,2.234520e+01,2.224896e+01,2.215263e+01,2.218016e+01,2.220769e+01,2.216640e+01,2.220769e+01,2.214575e+01,2.212509e+01,2.202176e+01,2.215263e+01,2.203554e+01,2.206310e+01,2.219393e+01,2.212509e+01,2.204932e+01,2.209755e+01,2.207688e+01,2.203554e+01,2.199418e+01,2.207688e+01,2.204932e+01,2.202176e+01,2.211132e+01,2.207688e+01,2.211821e+01,2.215952e+01,2.192521e+01,2.198729e+01,2.200797e+01,2.197349e+01,2.206310e+01,2.195970e+01,2.206310e+01,2.203554e+01,2.204932e+01,2.202176e+01,2.199418e+01,2.204932e+01,2.207688e+01,2.197349e+01,2.183548e+01
2.263337e+01,2.277032e+01,2.259225e+01,2.261967e+01,2.266078e+01,2.268817e+01,2.270871e+01,2.272241e+01,2.271556e+01,2.267447e+01,2.278400e+01,2.277716e+01,2.254426e+01,2.258540e+01,2.264708e+01,2.274294e+01,2.262652e+01,2.262652e+01,2.248939e+01,2.268132e+01,2.261282e+01,2.270187e+01,2.270187e+01,2.262652e+01,2.268132e+01,2.258540e+01,2.268132e+01,2.270187e+01,2.274294e+01,2.287974e+01,2.264022e+01,2.266763e+01,2.264708e+01,2.272925e+01,2.269502e+01,2.260596e+01,2.265392e+01,2.266078e+01,2.258540e+01,2.266763e+01,2.258540e+01,2.255112e+01,2.261282e+01,2.263337e+01,2.252369e+01,2.257854e+01,2.253055e+01,2.248252e+01,2.257169e+01,2.272925e+01,2.272241e+01,2.269502e+01,2.259911e+01,2.261282e+01,2.261967e+01,2.265392e+01,2.255112e+01,2.247566e+01,2.272925e+01,2.256483e+01,2.259225e+01,2.257854e+01,2.257854e+01,2.253741e+01,2.250997e+01,2.262652e+01,2.247566e+01,2.245507e+01,2.263337e+01,2.246194e+01,2.255112e+01,2.250997e+01,2.246880e+01,2.255112e+01,2.253055e+01,2.255112e+01,2.247566e+01,2.242075e+01,2.244135e+01,2.240702e+01,2.233833e+01,2.224896e+01,2.234520e+01,2.233146e+01,2.224896e+01,2.220081e+01,2.221457e+01,2.221457e+01,2.211821e+01,2.209066e+01,2.220081e+01,2.211821e+01,2.218016e+01,2.215952e+01,2.211821e+01,2.214575e+01,2.215263e+01,2.211132e+01,2.212509e+01,2.218016e+01,2.206310e+01,2.203554e+01,2.210443e+01,2.206310e+01,2.213886e+01,2.215263e+01,2.218016e+01,2.215952e+01,2.209755e+01,2.204932e+01,2.209066e+01,2.213198e+01,2.209066e+01,2.233146e+01,2.216640e+01,2.219393e+01,2.211821e+01,2.215952e+01,2.212509e+01,2.212509e+01,2.229022e+01,2.231771e+01,2.233146e+01,2.231084e+01,2.216640e+01,2.224896e+01,2.226959e+01,2.225584e+01,2.224896e+01,2.237268e+01,2.233146e+01,2.225584e+01,2.231084e+01,2.236581e+01,2.227647e+01,2.240702e+01,2.225584e+01,2.231771e+01,2.236581e+01,2.237268e+01,2.220081e+01,2.231084e+01,2.239328e+01,2.234520e+01,2.237955e+01,2.238642e+01,2.240015e+01,2.225584e+01,2.234520e+01,2.237955e+01,2.231771e+01,2.232458e+01,2.233833e+01,2.237268e+01,2.238642e+01,2.233146e+01,2.231771e+01,2.231771e+01,2.233833e+01,2.240702e+01,2.233833e+01,2.222145e+01,2.224896e+01,2.228334e+01,2.226271e+01,2.236581e+01,2.229022e+01,2.224896e+01,2.222145e+01,2.220769e+01,2.217328e+01,2.229022e+01,2.218705e+01,2.224208e+01,2.220081e+01,2.224896e+01,2.222145e+01,2.226271e+01,2.215263e+01,2.220081e+01,2.228334e+01,2.209755e+01,2.229022e+01,2.224208e+01,2.223520e+01,2.221457e+01,2.226959e+01,2.226271e+01,2.226271e+01,2.230396e+01,2.231771e+01,2.224896e+01,2.224896e+01,2.231084e+01,2.231084e+01,2.239328e+01,2.241389e+01,2.233833e+01,2.223520e+01,2.224208e+01,2.245507e+01,2.234520e+01,2.235207e+01,2.235207e+01,2.227647e+01,2.224896e+01,2.225584e+01,2.225584e+01,2.225584e+01,2.224208e+01,2.225584e+01,2.218705e+01,2.220769e+01,2.219393e+01,2.220081e+01,2.224208e+01,2.219393e+01,2.230396e+01,2.230396e+01,2.226271e+01,2.226959e+01,2.222833e+01,2.229709e+01,2.227647e+01,2.225584e+01,2.227647e+01,2.228334e+01,2.229022e+01,2.229709e+01,2.241389e+01,2.222145e+01,2.241389e+01,2.233146e+01,2.229709e+01,2.235894e+01,2.238642e+01,2.237268e+01,2.233833e+01,2.246194e+01,2.232458e+01,2.231084e+01,2.238642e+01,2.226959e+01,2.233146e+01,2.236581e+01,2.239328e+01,2.242762e+01,2.242075e+01,2.243448e+01,2.241389e+01,2.235207e+01,2.244821e+01,2.240702e+01,2.248252e+01,2.237955e+01,2.247566e+01,2.244821e+01,2.247566e+01,2.246194e+01,2.241389e+01,2.245507e+01,2.238642e+01,2.242762e+01,2.249625e+01,2.248252e+01,2.250997e+01,2.246194e+01,2.249625e+01,2.250997e+01,2.248252e+01,2.241389e+01,2.243448e+01,2.240015e+01,2.238642e+01,2.240015e+01,2.241389e+01,2.250997e+01,2.248252e+01,2.247566e+01,2.255112e+01,2.240015e+01,2.235207e+01,2.240702e+01,2.246880e+01,2.240015e+01,2.233146e+01,2.237955e+01,2.237268e+01,2.233146e+01,2.233146e+01,2.230396e+01,2.232458e+01,2.235207e+01,2.231084e+01,2.233146e+01,2.233146e+01,2.247566e+01,2.226271e+01,2.221457e+01,2.237955e+01,2.235207e+01,2.226959e+01,2.239328e+01,2.243448e+01,2.224208e+01,2.223520e+01,2.226271e+01,2.225584e+01,2.223520e+01,2.226271e+01,2.228334e+01,2.227647e+01,2.230396e+01,2.231771e+01,2.240015e+01,2.235894e+01,2.213886e+01,2.226959e+01,2.229022e+01,2.226959e+01,2.231771e+01,2.231084e+01,2.223520e+01,2.242075e+01,2.229022e+01,2.230396e+01,2.249625e+01,2.235207e+01,2.233146e+01,2.242762e+01,2.229709e+01,2.229709e+01,2.233146e+01,2.231771e+01,2.227647e+01,2.233146e+01,2.238642e+01,2.231771e+01,2.237955e+01,2.251683e+01,2.253055e+01,2.242075e+01,2.243448e+01,2.253741e+01,2.246194e+01,2.240702e+01,2.248252e+01,2.229022e+01,2.172494e+01,2.150349e+01,2.154505e+01,2.142032e+01,2.163503e+01,2.159351e+01,2.160735e+01,2.163503e+01,2.169037e+01,2.178022e+01,2.166270e+01,2.179404e+01,2.180095e+01,2.189071e+01,2.190451e+01,2.202865e+01,2.203554e+01,2.204243e+01,2.195280e+01,2.198729e+01,2.202176e+01,2.205621e+01,2.209755e+01,2.209066e+01,2.212509e+01,2.204243e+01,2.213198e+01,2.213886e+01,2.212509e+01,2.213198e+01,2.214575e+01,2.216640e+01,2.215952e+01,2.220081e+01,2.219393e+01,2.221457e+01,2.218705e+01,2.222833e+01,2.226959e+01,2.228334e+01,2.228334e+01,2.228334e+01,2.218705e+01,2.227647e+01,2.233146e+01,2.230396e+01,2.230396e+01,2.214575e+01,2.215263e+01,2.217328e+01,2.220769e+01,2.215952e+01,2.209066e+01,2.213198e+01,2.207688e+01,2.207688e+01,2.226271e+01,2.220769e+01,2.222145e+01,2.208377e+01,2.205621e+01,2.226271e+01,2.213198e+01,2.218016e+01,2.202865e+01,2.198039e+01,2.193901e+01,2.209066e+01,2.203554e+01,2.209066e+01,2.209066e+01,2.210443e+01,2.204932e+01,2.218016e+01,2.217328e+01,2.214575e+01,2.216640e+01,2.218705e+01,2.215952e+01,2.218705e+01,2.216640e+01,2.202865e+01,2.213198e+01,2.213886e+01,2.212509e+01,2.207688e+01,2.196660e+01,2.206310e+01,2.210443e+01,2.208377e+01,2.209066e+01,2.211132e+01,2.209066e+01,2.206999e+01,2.204932e+01,2.218705e+01,2.201486e+01,2.204932e+01,2.180095e+01,2.193901e+01,2.211132e+01,2.201486e+01,2.193901e+01,2.209755e+01,2.196660e+01,2.206310e+01,2.204243e+01,2.203554e+01,2.211821e+01,2.203554e+01,2.207688e+01,2.208377e+01,2.208377e+01,2.215952e+01,2.214575e+01,2.213886e+01,2.208377e+01,2.206310e+01,2.213198e+01,2.218016e+01,2.200107e+01,2.210443e+01,2.208377e+01,2.208377e+01,2.211132e+01,2.204932e+01,2.210443e+01,2.200797e+01,2.210443e+01,2.209066e+01,2.205621e+01,2.202865e+01,2.213198e+01,2.204932e+01,2.207688e+01,2.212509e+01,2.211132e+01,2.202865e+01,2.207688e+01,2.195280e+01,2.200107e+01,2.193211e+01,2.190451e+01,2.186310e+01,2.164887e+01,2.166962e+01,2.164887e+01,2.180095e+01,2.173876e+01,2.183548e+01,2.182858e+01,2.167654e+01,2.172494e+01,2.181476e+01,2.166270e+01,2.168345e+01,2.176641e+01,2.138565e+01,2.198039e+01,2.214575e+01,2.244135e+01,2.256483e+01,2.246880e+01,2.255798e+01,2.252369e+01,2.262652e+01,2.250311e+01,2.259911e+01,2.250311e+01,2.266078e+01,2.257169e+01,2.251683e+01,2.253055e+01,2.259225e+01,2.253741e+01,2.269502e+01,2.261967e+01,2.248252e+01,2.245507e+01,2.250997e+01,2.263337e+01,2.264022e+01,2.260596e+01,2.253741e+01,2.250997e+01,2.248939e+01,2.250997e+01,2.250997e+01,2.249625e+01,2.246194e+01,2.253055e+01,2.248252e+01,2.257169e+01,2.254426e+01,2.253055e+01,2.246194e+01,2.254426e+01,2.246194e+01,2.247566e+01,2.249625e+01,2.255798e+01,2.250997e+01,2.248939e+01,2.246194e+01,2.247566e+01,2.244135e+01,2.248939e+01,2.253741e+01,2.258540e+01,2.238642e+01,2.253741e+01,2.248939e+01,2.254426e+01,2.252369e+01,2.260596e+01,2.250997e+01,2.248939e+01,2.248939e+01,2.244135e+01,2.249625e+01,2.255798e+01,2.248939e+01,2.246880e+01,2.246880e+01,2.255112e+01,2.252369e+01,2.250311e+01,2.248252e+01,2.248252e+01,2.240702e+01,2.243448e+01,2.239328e+01,2.240015e+01,2.242762e+01,2.245507e+01,2.246194e+01,2.233146e+01,2.246880e+01,2.244821e+01,2.229022e+01,2.236581e+01,2.243448e+01,2.231084e+01,2.232458e+01,2.211821e+01,2.235207e+01,2.245507e+01,2.236581e+01,2.219393e+01,2.222833e+01,2.220081e+01,2.224896e+01,2.226959e+01,2.220081e+01,2.215952e+01,2.220081e+01,2.220081e+01,2.213886e+01,2.203554e+01,2.213886e+01,2.213886e+01,2.212509e+01,2.206999e+01,2.193901e+01,2.197349e+01,2.202176e+01,2.204243e+01,2.205621e+01,2.209755e+01,2.194591e+01,2.211132e+01,2.204243e+01,2.211821e+01,2.218016e+01,2.211132e+01,2.211132e+01,2.207688e+01,2.217328e+01,2.202176e+01,2.198729e+01,2.202865e+01,2.195970e+01,2.198729e+01,2.200797e+01,2.195280e+01,2.202865e+01,2.209755e+01,2.204243e+01,2.201486e+01,2.205621e+01,2.199418e+01,2.204243e+01
2.268132e+01,2.268132e+01,2.260596e+01,2.259911e+01,2.263337e+01,2.271556e+01,2.267447e+01,2.268817e+01,2.253741e+01,2.268817e+01,2.266763e+01,2.268132e+01,2.268817e+01,2.272241e+01,2.274294e+01,2.256483e+01,2.270187e+01,2.261282e+01,2.264022e+01,2.270187e+01,2.268817e+01,2.272925e+01,2.262652e+01,2.269502e+01,2.268817e+01,2.272925e+01,2.261967e+01,2.272241e+01,2.274978e+01,2.264708e+01,2.270871e+01,2.272241e+01,2.268817e+01,2.264708e+01,2.273610e+01,2.275663e+01,2.260596e+01,2.264708e+01,2.262652e+01,2.259225e+01,2.257169e+01,2.259911e+01,2.262652e+01,2.260596e+01,2.253741e+01,2.250997e+01,2.252369e+01,2.250311e+01,2.279768e+01,2.268817e+01,2.246880e+01,2.264022e+01,2.254426e+01,2.268132e+01,2.266763e+01,2.267447e+01,2.265392e+01,2.261282e+01,2.270871e+01,2.257169e+01,2.263337e+01,2.259225e+01,2.241389e+01,2.263337e+01,2.258540e+01,2.248252e+01,2.263337e+01,2.250311e+01,2.261967e+01,2.247566e+01,2.250997e+01,2.251683e+01,2.281820e+01,2.253741e+01,2.255798e+01,2.253055e+01,2.252369e+01,2.245507e+01,2.250311e+01,2.240702e+01,2.237268e+01,2.231084e+01,2.238642e+01,2.229709e+01,2.231084e+01,2.234520e+01,2.223520e+01,2.225584e+01,2.228334e+01,2.215952e+01,2.215952e+01,2.213886e+01,2.213198e+01,2.214575e+01,2.218705e+01,2.215263e+01,2.211132e+01,2.215952e+01,2.204932e+01,2.220081e+01,2.206999e+01,2.212509e+01,2.209755e+01,2.212509e+01,2.215263e+01,2.215263e+01,2.213886e+01,2.202865e+01,2.220769e+01,2.205621e+01,2.222833e+01,2.227647e+01,2.218016e+01,2.218705e+01,2.211821e+01,2.214575e+01,2.211132e+01,2.221457e+01,2.231771e+01,2.213886e+01,2.215263e+01,2.214575e+01,2.218016e+01,2.224208e+01,2.233146e+01,2.225584e+01,2.218016e+01,2.233146e+01,2.229709e+01,2.237955e+01,2.246194e+01,2.224208e+01,2.235894e+01,2.235894e+01,2.234520e+01,2.232458e+01,2.227647e+01,2.236581e+01,2.237268e+01,2.234520e+01,2.233146e+01,2.233833e+01,2.235207e+01,2.233833e+01,2.234520e+01,2.238642e+01,2.238642e+01,2.238642e+01,2.238642e+01,2.229022e+01,2.235207e+01,2.233833e+01,2.234520e+01,2.233833e+01,2.233833e+01,2.235894e+01,2.245507e+01,2.232458e+01,2.241389e+01,2.234520e+01,2.236581e+01,2.236581e+01,2.229022e+01,2.228334e+01,2.235207e+01,2.233146e+01,2.226959e+01,2.228334e+01,2.225584e+01,2.221457e+01,2.226271e+01,2.222833e+01,2.220769e+01,2.226959e+01,2.225584e+01,2.229022e+01,2.218705e+01,2.222833e+01,2.226959e+01,2.231084e+01,2.226271e+01,2.218705e+01,2.223520e+01,2.224208e+01,2.224208e+01,2.222145e+01,2.225584e+01,2.226271e+01,2.226959e+01,2.226271e+01,2.224208e+01,2.222833e+01,2.227647e+01,2.233833e+01,2.226271e+01,2.239328e+01,2.237268e+01,2.233146e+01,2.220769e+01,2.230396e+01,2.234520e+01,2.242762e+01,2.232458e+01,2.229709e+01,2.227647e+01,2.221457e+01,2.226271e+01,2.226959e+01,2.224896e+01,2.224896e+01,2.224896e+01,2.225584e+01,2.223520e+01,2.226959e+01,2.225584e+01,2.226959e+01,2.224896e+01,2.228334e+01,2.226959e+01,2.229022e+01,2.220769e+01,2.227647e+01,2.231771e+01,2.223520e+01,2.224208e+01,2.226271e+01,2.222833e+01,2.229022e+01,2.230396e+01,2.227647e+01,2.232458e+01,2.236581e+01,2.224208e+01,2.236581e+01,2.233146e+01,2.231771e+01,2.230396e+01,2.237955e+01,2.227647e+01,2.233833e+01,2.233833e+01,2.240702e+01,2.235207e+01,2.232458e+01,2.237268e+01,2.240015e+01,2.243448e+01,2.238642e+01,2.240015e+01,2.235207e+01,2.239328e+01,2.240015e+01,2.235207e+01,2.250997e+01,2.234520e+01,2.248252e+01,2.246194e+01,2.247566e+01,2.245507e+01,2.246194e+01,2.245507e+01,2.247566e+01,2.244135e+01,2.245507e+01,2.246880e+01,2.250311e+01,2.244135e+01,2.248252e+01,2.243448e+01,2.244135e+01,2.250997e+01,2.240015e+01,2.240702e+01,2.245507e+01,2.245507e+01,2.242075e+01,2.243448e+01,2.246194e+01,2.241389e+01,2.248252e+01,2.237955e+01,2.244135e+01,2.232458e+01,2.244135e+01,2.242762e+01,2.251683e+01,2.250997e+01,2.236581e+01,2.233833e+01,2.234520e+01,2.235894e+01,2.232458e+01,2.233833e+01,2.233146e+01,2.236581e+01,2.239328e+01,2.239328e+01,2.237955e+01,2.229709e+01,2.232458e+01,2.235207e+01,2.234520e+01,2.235894e+01,2.238642e+01,2.244821e+01,2.226271e+01,2.229022e+01,2.227647e+01,2.226959e+01,2.229022e+01,2.233146e+01,2.233833e+01,2.231771e+01,2.233146e+01,2.238642e+01,2.230396e+01,2.238642e+01,2.237955e+01,2.228334e+01,2.231084e+01,2.242762e+01,2.242762e+01,2.240015e+01,2.239328e+01,2.240702e+01,2.243448e+01,2.232458e+01,2.244135e+01,2.238642e+01,2.242762e+01,2.243448e+01,2.232458e+01,2.243448e+01,2.226959e+01,2.242075e+01,2.242762e+01,2.233146e+01,2.236581e+01,2.245507e+01,2.235894e+01,2.250311e+01,2.248939e+01,2.255112e+01,2.248939e+01,2.248939e+01,2.242762e+01,2.247566e+01,2.241389e+01,2.187000e+01,2.147577e+01,2.141339e+01,2.153812e+01,2.153119e+01,2.162811e+01,2.167654e+01,2.164195e+01,2.164195e+01,2.173185e+01,2.175949e+01,2.178713e+01,2.184929e+01,2.193211e+01,2.209066e+01,2.197349e+01,2.202176e+01,2.202865e+01,2.199418e+01,2.201486e+01,2.198039e+01,2.208377e+01,2.202176e+01,2.206999e+01,2.209066e+01,2.205621e+01,2.210443e+01,2.200797e+01,2.211132e+01,2.210443e+01,2.213886e+01,2.218016e+01,2.217328e+01,2.212509e+01,2.213886e+01,2.222145e+01,2.223520e+01,2.225584e+01,2.221457e+01,2.227647e+01,2.217328e+01,2.229022e+01,2.214575e+01,2.220081e+01,2.218705e+01,2.224896e+01,2.231084e+01,2.216640e+01,2.210443e+01,2.216640e+01,2.209755e+01,2.218016e+01,2.209755e+01,2.206999e+01,2.206310e+01,2.226959e+01,2.212509e+01,2.218016e+01,2.211132e+01,2.207688e+01,2.209066e+01,2.214575e+01,2.208377e+01,2.214575e+01,2.215263e+01,2.195970e+01,2.206999e+01,2.202176e+01,2.208377e+01,2.206310e+01,2.208377e+01,2.207688e+01,2.207688e+01,2.213886e+01,2.209066e+01,2.208377e+01,2.215263e+01,2.214575e+01,2.226271e+01,2.218705e+01,2.220081e+01,2.209066e+01,2.213198e+01,2.208377e+01,2.209755e+01,2.207688e+01,2.209755e+01,2.197349e+01,2.193901e+01,2.206999e+01,2.208377e+01,2.206310e+01,2.212509e+01,2.206310e+01,2.210443e+01,2.206999e+01,2.204243e+01,2.197349e+01,2.198729e+01,2.191831e+01,2.192521e+01,2.197349e+01,2.194591e+01,2.207688e+01,2.196660e+01,2.209755e+01,2.209755e+01,2.205621e+01,2.212509e+01,2.211821e+01,2.206999e+01,2.208377e+01,2.213198e+01,2.200797e+01,2.209066e+01,2.204243e+01,2.200107e+01,2.204932e+01,2.213198e+01,2.209066e+01,2.215952e+01,2.206999e+01,2.201486e+01,2.212509e+01,2.214575e+01,2.210443e+01,2.213198e+01,2.201486e+01,2.212509e+01,2.213886e+01,2.206310e+01,2.209066e+01,2.206999e+01,2.214575e+01,2.204932e+01,2.207688e+01,2.215263e+01,2.206310e+01,2.211821e+01,2.192521e+01,2.213198e+01,2.191141e+01,2.188381e+01,2.187691e+01,2.171802e+01,2.171802e+01,2.173185e+01,2.170420e+01,2.169728e+01,2.177332e+01,2.178022e+01,2.170420e+01,2.179404e+01,2.179404e+01,2.181476e+01,2.175949e+01,2.175258e+01,2.182167e+01,2.211821e+01,2.247566e+01,2.251683e+01,2.250311e+01,2.259225e+01,2.273610e+01,2.257169e+01,2.253055e+01,2.261967e+01,2.259911e+01,2.252369e+01,2.256483e+01,2.253055e+01,2.266078e+01,2.264708e+01,2.266763e+01,2.270871e+01,2.248252e+01,2.267447e+01,2.268817e+01,2.258540e+01,2.259911e+01,2.260596e+01,2.266763e+01,2.257169e+01,2.259225e+01,2.250997e+01,2.259911e+01,2.253741e+01,2.251683e+01,2.257169e+01,2.253055e+01,2.250311e+01,2.254426e+01,2.255112e+01,2.257169e+01,2.246880e+01,2.254426e+01,2.251683e+01,2.248939e+01,2.253055e+01,2.246194e+01,2.259225e+01,2.260596e+01,2.245507e+01,2.244135e+01,2.246880e+01,2.253055e+01,2.249625e+01,2.245507e+01,2.250311e+01,2.246880e+01,2.252369e+01,2.247566e+01,2.237955e+01,2.240015e+01,2.250311e+01,2.248939e+01,2.249625e+01,2.256483e+01,2.244821e+01,2.251683e+01,2.272241e+01,2.252369e+01,2.250997e+01,2.253741e+01,2.253741e+01,2.255112e+01,2.253741e+01,2.246880e+01,2.248939e+01,2.240015e+01,2.244821e+01,2.244821e+01,2.240015e+01,2.244135e+01,2.241389e+01,2.242075e+01,2.240702e+01,2.242762e+01,2.235207e+01,2.240702e+01,2.240015e+01,2.237955e+01,2.242075e+01,2.220081e+01,2.242762e+01,2.231771e+01,2.220769e+01,2.218705e+01,2.218705e+01,2.219393e+01,2.215263e+01,2.229022e+01,2.222145e+01,2.215263e+01,2.215263e+01,2.200797e+01,2.211821e+01,2.211821e+01,2.210443e+01,2.210443e+01,2.206310e+01,2.199418e+01,2.205621e+01,2.211132e+01,2.200107e+01,2.202176e+01,2.206310e+01,2.209066e+01,2.206310e+01,2.206999e+01,2.200107e+01,2.206999e+01,2.208377e+01,2.215952e+01,2.209066e+01,2.213198e+01,2.209755e+01,2.212509e+01,2.206999e+01,2.213198e+01,2.205621e+01,2.198729e+01,2.202865e+01,2.206310e+01,2.205621e+01,2.202176e+01,2.206999e+01,2.204932e+01,2.208377e+01,2.206310e+01,2.200797e+01,2.199418e+01
2.270187e+01,2.272241e+01,2.264022e+01,2.268132e+01,2.268817e+01,2.259911e+01,2.270187e+01,2.261967e+01,2.265392e+01,2.270871e+01,2.261282e+01,2.257169e+01,2.270871e+01,2.261967e+01,2.279084e+01,2.268132e+01,2.270871e+01,2.256483e+01,2.238642e+01,2.268132e+01,2.264022e+01,2.272241e+01,2.270871e+01,2.266763e+01,2.267447e+01,2.267447e+01,2.268132e+01,2.259225e+01,2.259911e+01,2.270871e+01,2.277716e+01,2.265392e+01,2.278400e+01,2.262652e+01,2.263337e+01,2.264708e+01,2.269502e+01,2.264708e+01,2.253055e+01,2.259911e+01,2.260596e+01,2.261282e+01,2.259225e+01,2.258540e+01,2.261282e+01,2.258540e+01,2.259225e+01,2.257854e+01,2.255112e+01,2.256483e+01,2.274978e+01,2.263337e+01,2.258540e+01,2.258540e+01,2.263337e+01,2.262652e+01,2.260596e+01,2.265392e+01,2.267447e+01,2.257169e+01,2.259911e+01,2.261967e+01,2.254426e+01,2.257169e+01,2.252369e+01,2.255112e+01,2.259911e+01,2.269502e+01,2.256483e+01,2.260596e+01,2.247566e+01,2.252369e+01,2.263337e+01,2.255798e+01,2.253741e+01,2.259911e+01,2.252369e+01,2.248252e+01,2.246194e+01,2.240015e+01,2.231771e+01,2.238642e+01,2.228334e+01,2.231771e+01,2.231771e+01,2.230396e+01,2.224896e+01,2.223520e+01,2.232458e+01,2.222833e+01,2.222833e+01,2.218016e+01,2.246194e+01,2.219393e+01,2.209755e+01,2.207688e+01,2.216640e+01,2.213198e+01,2.211132e+01,2.213886e+01,2.206999e+01,2.220769e+01,2.222145e+01,2.222833e+01,2.209755e+01,2.218705e+01,2.211132e+01,2.219393e+01,2.214575e+01,2.223520e+01,2.210443e+01,2.205621e+01,2.208377e+01,2.209066e+01,2.215952e+01,2.209755e+01,2.223520e+01,2.213886e+01,2.216640e+01,2.228334e+01,2.212509e+01,2.218705e+01,2.222833e+01,2.225584e+01,2.235894e+01,2.236581e+01,2.233833e+01,2.228334e+01,2.228334e+01,2.222833e+01,2.229709e+01,2.234520e+01,2.233833e+01,2.229709e+01,2.232458e+01,2.240702e+01,2.232458e+01,2.240015e+01,2.229709e+01,2.234520e+01,2.234520e+01,2.224208e+01,2.231084e+01,2.235894e+01,2.235894e+01,2.237268e+01,2.237268e+01,2.240015e+01,2.239328e+01,2.237268e+01,2.240702e+01,2.235207e+01,2.240702e+01,2.234520e+01,2.235207e+01,2.234520e+01,2.233833e+01,2.232458e+01,2.238642e+01,2.238642e+01,2.238642e+01,2.231084e+01,2.236581e+01,2.236581e+01,2.238642e+01,2.228334e+01,2.242075e+01,2.226959e+01,2.237268e+01,2.222145e+01,2.225584e+01,2.228334e+01,2.211821e+01,2.229709e+01,2.229709e+01,2.229022e+01,2.224208e+01,2.218016e+01,2.229709e+01,2.220769e+01,2.215263e+01,2.222833e+01,2.223520e+01,2.222833e+01,2.224896e+01,2.222833e+01,2.226959e+01,2.222833e+01,2.243448e+01,2.223520e+01,2.224208e+01,2.230396e+01,2.226959e+01,2.230396e+01,2.228334e+01,2.234520e+01,2.225584e+01,2.232458e+01,2.235894e+01,2.222145e+01,2.231771e+01,2.231771e+01,2.232458e+01,2.234520e+01,2.230396e+01,2.221457e+01,2.222145e+01,2.218016e+01,2.221457e+01,2.216640e+01,2.215952e+01,2.220769e+01,2.223520e+01,2.225584e+01,2.226271e+01,2.231771e+01,2.228334e+01,2.232458e+01,2.224896e+01,2.224896e+01,2.228334e+01,2.229022e+01,2.222145e+01,2.221457e+01,2.223520e+01,2.226271e+01,2.227647e+01,2.231084e+01,2.229022e+01,2.230396e+01,2.233833e+01,2.228334e+01,2.234520e+01,2.233833e+01,2.231771e+01,2.232458e+01,2.232458e+01,2.229022e+01,2.234520e+01,2.226271e+01,2.229022e+01,2.239328e+01,2.233146e+01,2.228334e+01,2.231084e+01,2.233146e+01,2.226959e+01,2.237955e+01,2.238642e+01,2.256483e+01,2.234520e+01,2.238642e+01,2.240015e+01,2.250997e+01,2.242075e+01,2.247566e+01,2.245507e+01,2.245507e+01,2.243448e+01,2.242075e+01,2.244821e+01,2.243448e+01,2.243448e+01,2.242762e+01,2.242075e+01,2.265392e+01,2.234520e+01,2.253055e+01,2.245507e+01,2.253055e+01,2.257169e+01,2.257854e+01,2.256483e+01,2.242075e+01,2.254426e+01,2.241389e+01,2.244821e+01,2.253055e+01,2.250997e+01,2.244135e+01,2.237955e+01,2.240015e+01,2.242075e+01,2.246880e+01,2.244821e+01,2.242762e+01,2.240015e+01,2.240702e+01,2.238642e+01,2.242075e+01,2.235207e+01,2.236581e+01,2.232458e+01,2.233833e+01,2.231771e+01,2.230396e+01,2.244821e+01,2.233146e+01,2.235894e+01,2.234520e+01,2.235894e+01,2.231771e+01,2.233833e+01,2.235207e+01,2.226959e+01,2.242762e+01,2.229022e+01,2.231084e+01,2.229022e+01,2.230396e+01,2.235207e+01,2.234520e+01,2.231084e+01,2.233146e+01,2.242075e+01,2.236581e+01,2.232458e+01,2.232458e+01,2.235894e+01,2.232458e+01,2.246194e+01,2.245507e+01,2.246194e+01,2.240702e+01,2.231084e+01,2.229022e+01,2.237268e+01,2.253055e+01,2.229709e+01,2.242075e+01,2.243448e+01,2.231084e+01,2.222833e+01,2.237955e+01,2.250997e+01,2.247566e+01,2.248252e+01,2.253055e+01,2.231771e+01,2.246880e+01,2.248252e+01,2.254426e+01,2.253055e+01,2.248252e+01,2.245507e+01,2.248939e+01,2.248939e+01,2.255112e+01,2.237955e+01,2.185620e+01,2.151734e+01,2.151734e+01,2.153119e+01,2.155197e+01,2.163503e+01,2.175258e+01,2.164887e+01,2.174567e+01,2.171111e+01,2.185620e+01,2.189761e+01,2.180095e+01,2.183548e+01,2.191831e+01,2.198039e+01,2.203554e+01,2.200107e+01,2.193211e+01,2.208377e+01,2.206999e+01,2.202176e+01,2.208377e+01,2.207688e+01,2.204932e+01,2.212509e+01,2.213886e+01,2.214575e+01,2.213198e+01,2.209066e+01,2.215952e+01,2.225584e+01,2.216640e+01,2.226271e+01,2.228334e+01,2.223520e+01,2.227647e+01,2.219393e+01,2.228334e+01,2.228334e+01,2.224896e+01,2.222145e+01,2.220769e+01,2.219393e+01,2.227647e+01,2.215263e+01,2.216640e+01,2.213198e+01,2.206999e+01,2.212509e+01,2.210443e+01,2.218705e+01,2.220081e+01,2.207688e+01,2.219393e+01,2.215952e+01,2.209066e+01,2.218705e+01,2.216640e+01,2.213198e+01,2.210443e+01,2.206999e+01,2.205621e+01,2.215952e+01,2.214575e+01,2.206310e+01,2.193901e+01,2.203554e+01,2.193901e+01,2.206999e+01,2.214575e+01,2.206310e+01,2.209066e+01,2.206310e+01,2.208377e+01,2.215952e+01,2.207688e+01,2.211132e+01,2.218016e+01,2.218705e+01,2.209066e+01,2.215952e+01,2.208377e+01,2.209066e+01,2.208377e+01,2.204932e+01,2.205621e+01,2.209066e+01,2.204932e+01,2.206310e+01,2.209066e+01,2.206999e+01,2.207688e+01,2.206310e+01,2.208377e+01,2.208377e+01,2.201486e+01,2.179404e+01,2.191831e+01,2.191141e+01,2.193901e+01,2.188381e+01,2.205621e+01,2.202865e+01,2.199418e+01,2.210443e+01,2.209066e+01,2.209066e+01,2.204243e+01,2.209755e+01,2.209066e+01,2.208377e+01,2.206999e+01,2.206999e+01,2.213198e+01,2.198039e+01,2.205621e+01,2.205621e+01,2.210443e+01,2.215263e+01,2.212509e+01,2.212509e+01,2.215263e+01,2.219393e+01,2.200797e+01,2.211132e+01,2.207688e+01,2.211821e+01,2.211132e+01,2.216640e+01,2.209755e+01,2.215952e+01,2.202865e+01,2.216640e+01,2.213198e+01,2.201486e+01,2.202865e+01,2.193901e+01,2.191831e+01,2.199418e+01,2.187691e+01,2.178713e+01,2.189071e+01,2.171802e+01,2.178022e+01,2.175258e+01,2.167654e+01,2.171802e+01,2.166270e+01,2.168345e+01,2.169037e+01,2.164195e+01,2.171111e+01,2.177332e+01,2.184239e+01,2.202176e+01,2.228334e+01,2.238642e+01,2.259911e+01,2.259911e+01,2.250997e+01,2.261967e+01,2.268817e+01,2.259911e+01,2.260596e+01,2.257169e+01,2.256483e+01,2.255798e+01,2.253055e+01,2.267447e+01,2.250311e+01,2.249625e+01,2.258540e+01,2.249625e+01,2.264708e+01,2.253055e+01,2.267447e+01,2.261282e+01,2.241389e+01,2.264022e+01,2.259911e+01,2.263337e+01,2.256483e+01,2.261282e+01,2.250311e+01,2.251683e+01,2.257169e+01,2.253741e+01,2.248939e+01,2.256483e+01,2.251683e+01,2.256483e+01,2.255112e+01,2.250311e+01,2.248252e+01,2.255798e+01,2.250997e+01,2.246880e+01,2.254426e+01,2.242075e+01,2.259911e+01,2.242075e+01,2.259225e+01,2.254426e+01,2.248252e+01,2.249625e+01,2.253055e+01,2.250311e+01,2.244821e+01,2.246194e+01,2.244135e+01,2.240015e+01,2.267447e+01,2.245507e+01,2.255798e+01,2.248252e+01,2.251683e+01,2.245507e+01,2.245507e+01,2.250997e+01,2.246194e+01,2.250997e+01,2.253055e+01,2.245507e+01,2.242075e+01,2.245507e+01,2.240015e+01,2.244821e+01,2.247566e+01,2.238642e+01,2.241389e+01,2.247566e+01,2.240015e+01,2.237955e+01,2.239328e+01,2.240702e+01,2.235894e+01,2.237955e+01,2.237955e+01,2.238642e+01,2.239328e+01,2.226271e+01,2.234520e+01,2.222833e+01,2.233833e+01,2.229709e+01,2.223520e+01,2.218016e+01,2.215263e+01,2.220081e+01,2.211821e+01,2.212509e+01,2.209755e+01,2.213198e+01,2.211821e+01,2.215952e+01,2.212509e+01,2.206310e+01,2.199418e+01,2.198039e+01,2.209066e+01,2.206310e+01,2.210443e+01,2.200797e+01,2.201486e+01,2.204243e+01,2.202865e+01,2.206310e+01,2.204243e+01,2.200797e+01,2.198039e+01,2.214575e+01,2.206310e+01,2.204932e+01,2.185620e+01,2.205621e+01,2.204932e+01,2.185620e+01,2.205621e+01,2.206999e+01,2.204932e+01,2.202176e+01,2.206310e+01,2.200107e+01,2.210443e+01,2.203554e+01,2.206310e+01,2.206310e+01,2.217328e+01,2.191831e+01,2.213198e+01
2.265392e+01,2.271556e+01,2.244821e+01,2.277716e+01,2.243448e+01,2.253741e+01,2.257854e+01,2.266078e+01,2.254426e+01,2.268132e+01,2.253055e+01,2.277716e+01,2.264708e+01,2.266763e+01,2.259911e+01,2.263337e+01,2.265392e+01,2.257854e+01,2.259911e+01,2.263337e+01,2.269502e+01,2.261282e+01,2.272241e+01,2.265392e+01,2.269502e+01,2.267447e+01,2.275663e+01,2.275663e+01,2.264708e+01,2.275663e+01,2.260596e+01,2.270871e+01,2.265392e+01,2.271556e+01,2.263337e+01,2.267447e+01,2.262652e+01,2.255798e+01,2.271556e+01,2.255798e+01,2.253055e+01,2.259911e+01,2.254426e+01,2.257854e+01,2.247566e+01,2.254426e+01,2.255112e+01,2.275663e+01,2.258540e+01,2.253055e+01,2.271556e+01,2.270871e+01,2.270187e+01,2.258540e+01,2.264022e+01,2.265392e+01,2.266078e+01,2.271556e+01,2.268132e+01,2.248252e+01,2.263337e+01,2.264022e+01,2.255112e+01,2.257169e+01,2.255798e+01,2.258540e+01,2.264708e+01,2.248252e+01,2.258540e+01,2.258540e+01,2.256483e+01,2.253055e+01,2.262652e+01,2.269502e+01,2.261967e+01,2.256483e+01,2.242075e+01,2.251683e+01,2.244821e+01,2.248939e+01,2.262652e+01,2.226271e+01,2.237268e+01,2.231771e+01,2.235207e+01,2.234520e+01,2.232458e+01,2.222833e+01,2.225584e+01,2.222833e+01,2.218016e+01,2.222833e+01,2.212509e+01,2.213886e+01,2.210443e+01,2.214575e+01,2.209755e+01,2.204243e+01,2.212509e+01,2.201486e+01,2.205621e+01,2.222145e+01,2.210443e+01,2.207688e+01,2.213198e+01,2.206999e+01,2.200797e+01,2.207688e+01,2.216640e+01,2.222833e+01,2.215263e+01,2.220081e+01,2.208377e+01,2.207688e+01,2.201486e+01,2.212509e+01,2.219393e+01,2.215952e+01,2.213198e+01,2.229709e+01,2.217328e+01,2.220081e+01,2.220081e+01,2.215952e+01,2.215263e+01,2.231771e+01,2.225584e+01,2.226271e+01,2.226959e+01,2.235207e+01,2.233833e+01,2.231771e+01,2.228334e+01,2.237955e+01,2.236581e+01,2.230396e+01,2.242762e+01,2.226271e+01,2.222833e+01,2.222833e+01,2.228334e+01,2.233833e+01,2.233833e+01,2.234520e+01,2.237955e+01,2.231771e+01,2.234520e+01,2.240015e+01,2.240015e+01,2.240015e+01,2.235894e+01,2.236581e+01,2.237955e+01,2.242762e+01,2.246194e+01,2.238642e+01,2.241389e+01,2.241389e+01,2.240702e+01,2.237268e+01,2.227647e+01,2.239328e+01,2.238642e+01,2.232458e+01,2.236581e+01,2.233146e+01,2.232458e+01,2.222145e+01,2.226959e+01,2.222145e+01,2.231771e+01,2.229709e+01,2.229709e+01,2.228334e+01,2.224208e+01,2.222833e+01,2.222145e+01,2.225584e+01,2.221457e+01,2.222833e+01,2.220081e+01,2.219393e+01,2.222833e+01,2.222833e+01,2.226271e+01,2.222145e+01,2.225584e+01,2.224208e+01,2.229022e+01,2.231084e+01,2.229709e+01,2.226959e+01,2.222833e+01,2.230396e+01,2.226959e+01,2.226959e+01,2.227647e+01,2.226959e+01,2.226959e+01,2.223520e+01,2.235894e+01,2.242762e+01,2.241389e+01,2.226959e+01,2.220769e+01,2.213886e+01,2.234520e+01,2.213198e+01,2.232458e+01,2.213198e+01,2.222833e+01,2.216640e+01,2.220769e+01,2.210443e+01,2.224208e+01,2.222145e+01,2.212509e+01,2.248939e+01,2.224896e+01,2.233146e+01,2.226959e+01,2.222145e+01,2.230396e+01,2.226959e+01,2.229022e+01,2.223520e+01,2.221457e+01,2.234520e+01,2.230396e+01,2.227647e+01,2.220769e+01,2.222833e+01,2.229022e+01,2.231084e+01,2.229022e+01,2.229709e+01,2.226959e+01,2.226959e+01,2.238642e+01,2.233833e+01,2.232458e+01,2.232458e+01,2.227647e+01,2.233833e+01,2.229709e+01,2.233833e+01,2.233146e+01,2.237268e+01,2.238642e+01,2.238642e+01,2.235207e+01,2.229709e+01,2.238642e+01,2.238642e+01,2.235894e+01,2.246194e+01,2.239328e+01,2.246194e+01,2.238642e+01,2.241389e+01,2.240702e+01,2.237955e+01,2.246194e+01,2.248939e+01,2.247566e+01,2.252369e+01,2.241389e+01,2.253741e+01,2.247566e+01,2.250997e+01,2.239328e+01,2.238642e+01,2.244821e+01,2.251683e+01,2.246194e+01,2.252369e+01,2.253055e+01,2.245507e+01,2.245507e+01,2.244821e+01,2.244821e+01,2.244135e+01,2.239328e+01,2.240702e+01,2.246194e+01,2.242762e+01,2.246880e+01,2.242075e+01,2.241389e+01,2.233833e+01,2.232458e+01,2.235207e+01,2.233146e+01,2.247566e+01,2.247566e+01,2.236581e+01,2.237955e+01,2.237268e+01,2.235207e+01,2.235894e+01,2.231771e+01,2.231084e+01,2.234520e+01,2.242075e+01,2.234520e+01,2.226959e+01,2.231771e+01,2.232458e+01,2.231084e+01,2.235207e+01,2.234520e+01,2.233833e+01,2.233833e+01,2.235894e+01,2.238642e+01,2.242075e+01,2.234520e+01,2.235894e+01,2.227647e+01,2.235207e+01,2.242762e+01,2.241389e+01,2.235894e+01,2.242075e+01,2.239328e+01,2.244135e+01,2.244821e+01,2.234520e+01,2.244135e+01,2.241389e+01,2.240015e+01,2.238642e+01,2.240015e+01,2.253055e+01,2.257854e+01,2.248939e+01,2.252369e+01,2.252369e+01,2.251683e+01,2.252369e+01,2.250311e+01,2.255798e+01,2.248252e+01,2.246194e+01,2.247566e+01,2.254426e+01,2.265392e+01,2.261282e+01,2.257169e+01,2.209755e+01,2.157274e+01,2.155197e+01,2.153812e+01,2.156582e+01,2.155890e+01,2.155890e+01,2.170420e+01,2.172494e+01,2.175949e+01,2.174567e+01,2.182167e+01,2.189761e+01,2.192521e+01,2.195280e+01,2.193901e+01,2.206310e+01,2.208377e+01,2.202865e+01,2.203554e+01,2.201486e+01,2.206999e+01,2.206999e+01,2.206999e+01,2.211821e+01,2.203554e+01,2.208377e+01,2.211132e+01,2.213886e+01,2.217328e+01,2.221457e+01,2.223520e+01,2.220081e+01,2.216640e+01,2.233833e+01,2.223520e+01,2.224896e+01,2.226959e+01,2.214575e+01,2.225584e+01,2.215952e+01,2.220081e+01,2.220081e+01,2.216640e+01,2.224208e+01,2.213198e+01,2.209066e+01,2.210443e+01,2.209066e+01,2.209066e+01,2.218016e+01,2.209755e+01,2.208377e+01,2.207688e+01,2.222145e+01,2.226271e+01,2.220769e+01,2.206999e+01,2.219393e+01,2.211821e+01,2.213198e+01,2.206310e+01,2.212509e+01,2.206310e+01,2.202176e+01,2.202865e+01,2.190451e+01,2.195280e+01,2.206310e+01,2.187000e+01,2.203554e+01,2.204932e+01,2.208377e+01,2.209755e+01,2.204932e+01,2.219393e+01,2.210443e+01,2.212509e+01,2.212509e+01,2.211132e+01,2.215952e+01,2.200107e+01,2.201486e+01,2.204932e+01,2.204243e+01,2.200107e+01,2.202176e+01,2.211132e+01,2.199418e+01,2.204932e+01,2.214575e+01,2.207688e+01,2.209066e+01,2.207688e+01,2.209066e+01,2.204243e+01,2.182858e+01,2.176641e+01,2.185620e+01,2.172494e+01,2.191831e+01,2.193211e+01,2.190451e+01,2.201486e+01,2.198039e+01,2.206310e+01,2.193211e+01,2.198039e+01,2.208377e+01,2.208377e+01,2.208377e+01,2.208377e+01,2.202176e+01,2.205621e+01,2.205621e+01,2.213198e+01,2.206999e+01,2.209755e+01,2.218705e+01,2.211821e+01,2.211132e+01,2.218016e+01,2.211132e+01,2.196660e+01,2.210443e+01,2.197349e+01,2.197349e+01,2.212509e+01,2.198729e+01,2.211132e+01,2.220081e+01,2.211821e+01,2.207688e+01,2.206999e+01,2.208377e+01,2.192521e+01,2.201486e+01,2.199418e+01,2.191831e+01,2.174567e+01,2.180095e+01,2.176641e+01,2.176641e+01,2.171111e+01,2.177332e+01,2.175258e+01,2.168345e+01,2.171111e+01,2.168345e+01,2.164195e+01,2.157967e+01,2.171802e+01,2.178022e+01,2.184929e+01,2.204243e+01,2.249625e+01,2.231771e+01,2.261282e+01,2.255112e+01,2.255112e+01,2.257854e+01,2.263337e+01,2.261282e+01,2.245507e+01,2.260596e+01,2.260596e+01,2.253741e+01,2.258540e+01,2.264022e+01,2.259911e+01,2.250311e+01,2.274978e+01,2.269502e+01,2.258540e+01,2.252369e+01,2.260596e+01,2.257854e+01,2.263337e+01,2.264022e+01,2.259225e+01,2.257169e+01,2.261282e+01,2.257854e+01,2.250311e+01,2.259911e+01,2.251683e+01,2.249625e+01,2.251683e+01,2.249625e+01,2.250997e+01,2.257854e+01,2.254426e+01,2.251683e+01,2.251683e+01,2.257854e+01,2.255112e+01,2.248939e+01,2.248939e+01,2.247566e+01,2.259225e+01,2.243448e+01,2.259911e+01,2.258540e+01,2.245507e+01,2.237955e+01,2.250311e+01,2.236581e+01,2.249625e+01,2.252369e+01,2.247566e+01,2.244821e+01,2.249625e+01,2.247566e+01,2.244135e+01,2.250311e+01,2.248939e+01,2.243448e+01,2.254426e+01,2.251683e+01,2.244821e+01,2.249625e+01,2.242762e+01,2.248939e+01,2.250311e+01,2.242075e+01,2.251683e+01,2.252369e+01,2.233833e+01,2.241389e+01,2.240015e+01,2.242075e+01,2.240015e+01,2.240015e+01,2.235207e+01,2.239328e+01,2.235894e+01,2.240702e+01,2.240702e+01,2.238642e+01,2.235207e+01,2.240015e+01,2.226271e+01,2.226271e+01,2.222145e+01,2.237268e+01,2.226271e+01,2.226959e+01,2.227647e+01,2.226959e+01,2.222145e+01,2.206310e+01,2.209755e+01,2.209066e+01,2.204243e+01,2.210443e+01,2.200797e+01,2.210443e+01,2.212509e+01,2.194591e+01,2.208377e+01,2.187000e+01,2.206310e+01,2.206310e+01,2.201486e+01,2.199418e+01,2.207688e+01,2.202865e+01,2.202176e+01,2.206310e+01,2.200797e+01,2.193901e+01,2.202865e+01,2.189071e+01,2.206310e+01,2.203554e+01,2.188381e+01,2.213198e+01,2.208377e+01,2.205621e+01,2.210443e+01,2.213886e+01,2.203554e+01,2.209066e+01,2.212509e+01,2.201486e+01,2.206310e+01,2.196660e+01,2.208377e+01,2.205621e+01,2.193901e+01,2.200107e+01
2.265392e+01,2.262652e+01,2.259911e+01,2.265392e+01,2.259225e+01,2.264022e+01,2.262652e+01,2.255798e+01,2.253055e+01,2.263337e+01,2.259911e+01,2.274294e+01,2.281820e+01,2.257169e+01,2.259225e+01,2.261967e+01,2.266078e+01,2.261282e+01,2.264022e+01,2.258540e+01,2.260596e+01,2.262652e+01,2.268132e+01,2.264022e+01,2.259911e+01,2.268817e+01,2.262652e+01,2.258540e+01,2.259911e+01,2.261282e+01,2.281136e+01,2.257854e+01,2.264708e+01,2.270187e+01,2.270871e+01,2.260596e+01,2.270871e+01,2.264022e+01,2.259911e+01,2.251683e+01,2.266078e+01,2.267447e+01,2.256483e+01,2.255798e+01,2.256483e+01,2.255112e+01,2.243448e+01,2.254426e+01,2.253055e+01,2.259225e+01,2.259225e+01,2.274294e+01,2.271556e+01,2.268132e+01,2.268817e+01,2.264708e+01,2.248939e+01,2.259911e+01,2.246194e+01,2.257854e+01,2.270871e+01,2.259911e+01,2.255112e+01,2.261282e+01,2.250311e+01,2.255798e+01,2.266078e+01,2.255798e+01,2.252369e+01,2.253741e+01,2.254426e+01,2.255112e+01,2.251683e+01,2.255112e+01,2.261967e+01,2.244821e+01,2.248939e+01,2.241389e+01,2.235894e+01,2.245507e+01,2.237268e+01,2.237268e+01,2.250311e+01,2.231771e+01,2.227647e+01,2.226271e+01,2.227647e+01,2.230396e+01,2.224208e+01,2.229709e+01,2.222145e+01,2.222833e+01,2.216640e+01,2.215952e+01,2.218705e+01,2.211821e+01,2.211132e+01,2.207688e+01,2.215952e+01,2.211821e+01,2.211132e+01,2.204932e+01,2.211821e+01,2.222833e+01,2.215952e+01,2.211132e+01,2.210443e+01,2.221457e+01,2.195970e+01,2.223520e+01,2.219393e+01,2.220081e+01,2.218016e+01,2.218705e+01,2.220081e+01,2.210443e+01,2.213198e+01,2.223520e+01,2.217328e+01,2.215263e+01,2.222145e+01,2.217328e+01,2.209066e+01,2.222145e+01,2.224208e+01,2.224896e+01,2.233146e+01,2.224896e+01,2.223520e+01,2.229022e+01,2.225584e+01,2.228334e+01,2.237955e+01,2.230396e+01,2.227647e+01,2.230396e+01,2.224896e+01,2.241389e+01,2.233146e+01,2.233833e+01,2.230396e+01,2.235894e+01,2.239328e+01,2.228334e+01,2.240015e+01,2.235894e+01,2.243448e+01,2.235207e+01,2.240702e+01,2.240015e+01,2.237955e+01,2.235207e+01,2.242075e+01,2.238642e+01,2.242075e+01,2.240015e+01,2.246194e+01,2.241389e+01,2.242762e+01,2.242762e+01,2.244821e+01,2.237268e+01,2.234520e+01,2.231771e+01,2.233833e+01,2.240015e+01,2.217328e+01,2.235207e+01,2.233833e+01,2.231771e+01,2.235894e+01,2.237268e+01,2.222145e+01,2.228334e+01,2.215263e+01,2.223520e+01,2.229709e+01,2.221457e+01,2.221457e+01,2.232458e+01,2.223520e+01,2.224208e+01,2.224208e+01,2.229022e+01,2.222833e+01,2.221457e+01,2.224208e+01,2.224896e+01,2.216640e+01,2.228334e+01,2.225584e+01,2.228334e+01,2.229709e+01,2.233146e+01,2.227647e+01,2.213886e+01,2.227647e+01,2.228334e+01,2.222833e+01,2.229709e+01,2.239328e+01,2.226959e+01,2.222833e+01,2.233833e+01,2.236581e+01,2.229709e+01,2.223520e+01,2.218705e+01,2.212509e+01,2.219393e+01,2.224208e+01,2.213886e+01,2.213886e+01,2.223520e+01,2.218016e+01,2.226271e+01,2.218016e+01,2.227647e+01,2.226959e+01,2.228334e+01,2.232458e+01,2.220081e+01,2.232458e+01,2.226959e+01,2.224896e+01,2.231771e+01,2.229022e+01,2.220769e+01,2.231084e+01,2.222145e+01,2.222833e+01,2.230396e+01,2.231084e+01,2.229709e+01,2.229022e+01,2.233833e+01,2.228334e+01,2.231771e+01,2.228334e+01,2.238642e+01,2.224896e+01,2.228334e+01,2.228334e+01,2.234520e+01,2.229022e+01,2.229709e+01,2.229709e+01,2.241389e+01,2.235894e+01,2.228334e+01,2.233146e+01,2.235894e+01,2.237955e+01,2.229709e+01,2.239328e+01,2.241389e+01,2.235894e+01,2.242075e+01,2.244821e+01,2.246880e+01,2.237268e+01,2.241389e+01,2.246194e+01,2.244821e+01,2.252369e+01,2.243448e+01,2.243448e+01,2.247566e+01,2.246194e+01,2.241389e+01,2.240702e+01,2.237955e+01,2.244821e+01,2.240702e+01,2.245507e+01,2.258540e+01,2.247566e+01,2.244135e+01,2.244821e+01,2.246194e+01,2.244821e+01,2.243448e+01,2.244135e+01,2.246880e+01,2.248939e+01,2.250311e+01,2.227647e+01,2.247566e+01,2.244821e+01,2.235894e+01,2.234520e+01,2.236581e+01,2.237955e+01,2.237955e+01,2.240015e+01,2.245507e+01,2.237955e+01,2.235894e+01,2.234520e+01,2.232458e+01,2.238642e+01,2.238642e+01,2.235207e+01,2.224896e+01,2.255112e+01,2.233146e+01,2.231084e+01,2.235207e+01,2.234520e+01,2.237955e+01,2.237268e+01,2.237268e+01,2.233833e+01,2.231771e+01,2.232458e+01,2.218705e+01,2.232458e+01,2.241389e+01,2.236581e+01,2.233833e+01,2.240015e+01,2.240015e+01,2.245507e+01,2.244135e+01,2.236581e+01,2.247566e+01,2.244821e+01,2.246880e+01,2.242762e+01,2.239328e+01,2.250311e+01,2.249625e+01,2.247566e+01,2.254426e+01,2.247566e+01,2.253055e+01,2.248939e+01,2.251683e+01,2.250997e+01,2.250997e+01,2.250311e+01,2.257854e+01,2.261967e+01,2.261282e+01,2.259225e+01,2.261282e+01,2.267447e+01,2.255798e+01,2.259911e+01,2.241389e+01,2.204932e+01,2.164195e+01,2.161427e+01,2.162119e+01,2.160735e+01,2.164195e+01,2.162811e+01,2.174567e+01,2.173185e+01,2.172494e+01,2.189071e+01,2.189761e+01,2.181476e+01,2.205621e+01,2.189761e+01,2.195970e+01,2.204243e+01,2.201486e+01,2.208377e+01,2.223520e+01,2.206310e+01,2.206310e+01,2.209755e+01,2.206999e+01,2.212509e+01,2.211132e+01,2.206999e+01,2.221457e+01,2.219393e+01,2.224208e+01,2.225584e+01,2.227647e+01,2.226271e+01,2.227647e+01,2.224896e+01,2.231084e+01,2.214575e+01,2.219393e+01,2.215263e+01,2.213886e+01,2.220769e+01,2.214575e+01,2.220769e+01,2.215263e+01,2.214575e+01,2.223520e+01,2.212509e+01,2.208377e+01,2.219393e+01,2.213198e+01,2.217328e+01,2.207688e+01,2.218705e+01,2.210443e+01,2.222145e+01,2.218705e+01,2.218705e+01,2.218016e+01,2.211132e+01,2.206310e+01,2.212509e+01,2.215263e+01,2.203554e+01,2.196660e+01,2.195970e+01,2.193211e+01,2.209066e+01,2.207688e+01,2.209755e+01,2.209066e+01,2.206999e+01,2.211132e+01,2.205621e+01,2.211132e+01,2.216640e+01,2.209066e+01,2.219393e+01,2.209755e+01,2.213198e+01,2.215263e+01,2.220769e+01,2.202865e+01,2.202865e+01,2.205621e+01,2.198729e+01,2.200107e+01,2.202176e+01,2.200107e+01,2.204932e+01,2.205621e+01,2.208377e+01,2.206999e+01,2.206999e+01,2.195970e+01,2.189761e+01,2.176641e+01,2.179404e+01,2.175258e+01,2.171111e+01,2.191831e+01,2.188381e+01,2.195280e+01,2.204932e+01,2.206310e+01,2.208377e+01,2.197349e+01,2.210443e+01,2.200107e+01,2.209066e+01,2.209066e+01,2.204932e+01,2.199418e+01,2.205621e+01,2.211132e+01,2.207688e+01,2.207688e+01,2.207688e+01,2.215263e+01,2.206310e+01,2.210443e+01,2.215263e+01,2.201486e+01,2.201486e+01,2.198039e+01,2.196660e+01,2.195970e+01,2.198729e+01,2.193901e+01,2.204243e+01,2.205621e+01,2.203554e+01,2.205621e+01,2.215263e+01,2.209755e+01,2.202865e+01,2.190451e+01,2.198729e+01,2.196660e+01,2.189761e+01,2.175258e+01,2.182167e+01,2.178022e+01,2.180095e+01,2.168345e+01,2.171802e+01,2.173185e+01,2.166270e+01,2.177332e+01,2.159351e+01,2.172494e+01,2.182167e+01,2.203554e+01,2.226959e+01,2.232458e+01,2.257854e+01,2.257854e+01,2.254426e+01,2.259225e+01,2.259225e+01,2.255798e+01,2.246880e+01,2.237955e+01,2.264022e+01,2.264022e+01,2.259911e+01,2.253055e+01,2.259225e+01,2.252369e+01,2.255112e+01,2.258540e+01,2.260596e+01,2.257854e+01,2.248252e+01,2.268132e+01,2.257169e+01,2.262652e+01,2.265392e+01,2.273610e+01,2.257169e+01,2.256483e+01,2.256483e+01,2.256483e+01,2.255112e+01,2.244135e+01,2.244821e+01,2.252369e+01,2.250311e+01,2.259225e+01,2.256483e+01,2.258540e+01,2.248939e+01,2.259225e+01,2.253741e+01,2.248939e+01,2.256483e+01,2.259225e+01,2.257169e+01,2.257854e+01,2.264708e+01,2.248252e+01,2.255798e+01,2.243448e+01,2.250311e+01,2.255112e+01,2.255112e+01,2.256483e+01,2.245507e+01,2.252369e+01,2.243448e+01,2.242075e+01,2.244821e+01,2.252369e+01,2.246194e+01,2.246194e+01,2.240015e+01,2.247566e+01,2.242762e+01,2.252369e+01,2.245507e+01,2.262652e+01,2.245507e+01,2.272925e+01,2.250997e+01,2.257169e+01,2.246880e+01,2.242075e+01,2.236581e+01,2.240702e+01,2.246880e+01,2.238642e+01,2.240015e+01,2.241389e+01,2.241389e+01,2.234520e+01,2.241389e+01,2.242075e+01,2.238642e+01,2.238642e+01,2.239328e+01,2.238642e+01,2.223520e+01,2.235207e+01,2.235894e+01,2.221457e+01,2.220769e+01,2.223520e+01,2.215263e+01,2.210443e+01,2.222145e+01,2.207688e+01,2.210443e+01,2.204932e+01,2.205621e+01,2.206999e+01,2.233146e+01,2.200797e+01,2.195280e+01,2.209755e+01,2.191831e+01,2.208377e+01,2.195970e+01,2.210443e+01,2.194591e+01,2.200107e+01,2.208377e+01,2.201486e+01,2.195970e+01,2.202176e+01,2.200107e+01,2.207688e+01,2.211132e+01,2.203554e+01,2.189761e+01,2.204932e+01,2.194591e+01,2.206999e+01,2.214575e+01,2.215952e+01,2.209755e+01,2.216640e+01,2.208377e+01,2.206999e+01,2.196660e+01,2.202865e+01,2.207688e+01,2.205621e+01,2.195280e+01,2.202865e+01,2.205621e+01,2.220769e+01
2.253055e+01,2.259911e+01,2.264708e+01,2.251683e+01,2.259911e+01,2.250997e+01,2.267447e+01,2.271556e+01,2.251683e+01,2.266763e+01,2.268817e+01,2.256483e+01,2.261282e+01,2.257169e+01,2.259225e+01,2.268132e+01,2.257169e+01,2.259911e+01,2.257854e+01,2.258540e+01,2.259911e+01,2.276347e+01,2.283872e+01,2.258540e+01,2.259225e+01,2.255798e+01,2.255798e+01,2.269502e+01,2.266763e+01,2.270187e+01,2.259225e+01,2.265392e+01,2.270871e+01,2.276347e+01,2.265392e+01,2.260596e+01,2.266078e+01,2.259225e+01,2.258540e+01,2.259911e+01,2.262652e+01,2.257854e+01,2.257854e+01,2.250311e+01,2.258540e+01,2.253741e+01,2.256483e+01,2.259911e+01,2.260596e+01,2.256483e+01,2.261967e+01,2.259911e+01,2.260596e+01,2.264022e+01,2.266763e+01,2.268132e+01,2.260596e+01,2.264708e+01,2.268817e+01,2.254426e+01,2.264708e+01,2.253741e+01,2.255798e+01,2.271556e+01,2.251683e+01,2.263337e+01,2.259225e+01,2.261282e+01,2.255798e+01,2.249625e+01,2.240702e+01,2.260596e+01,2.251683e+01,2.253741e+01,2.260596e+01,2.245507e+01,2.246880e+01,2.242075e+01,2.249625e+01,2.239328e+01,2.233146e+01,2.244821e+01,2.233146e+01,2.258540e+01,2.238642e+01,2.244135e+01,2.233146e+01,2.229709e+01,2.229709e+01,2.219393e+01,2.223520e+01,2.219393e+01,2.213198e+01,2.218705e+01,2.226271e+01,2.211132e+01,2.211132e+01,2.218705e+01,2.210443e+01,2.212509e+01,2.219393e+01,2.206999e+01,2.208377e+01,2.209755e+01,2.209066e+01,2.207688e+01,2.203554e+01,2.209066e+01,2.226271e+01,2.198729e+01,2.221457e+01,2.218705e+01,2.206310e+01,2.220081e+01,2.214575e+01,2.218016e+01,2.215263e+01,2.213198e+01,2.213198e+01,2.228334e+01,2.218705e+01,2.218705e+01,2.225584e+01,2.220769e+01,2.222833e+01,2.230396e+01,2.223520e+01,2.223520e+01,2.232458e+01,2.229022e+01,2.229709e+01,2.230396e+01,2.230396e+01,2.240015e+01,2.220081e+01,2.222145e+01,2.235207e+01,2.234520e+01,2.237955e+01,2.231084e+01,2.231084e+01,2.226271e+01,2.224896e+01,2.240015e+01,2.244135e+01,2.242762e+01,2.242075e+01,2.239328e+01,2.245507e+01,2.249625e+01,2.240015e+01,2.235894e+01,2.239328e+01,2.239328e+01,2.237955e+01,2.242075e+01,2.240702e+01,2.244821e+01,2.241389e+01,2.249625e+01,2.240015e+01,2.240015e+01,2.244135e+01,2.239328e+01,2.239328e+01,2.237955e+01,2.233146e+01,2.233833e+01,2.224208e+01,2.236581e+01,2.235894e+01,2.223520e+01,2.219393e+01,2.240015e+01,2.226959e+01,2.224208e+01,2.222833e+01,2.222833e+01,2.217328e+01,2.230396e+01,2.226959e+01,2.220769e+01,2.225584e+01,2.230396e+01,2.221457e+01,2.222145e+01,2.229022e+01,2.218705e+01,2.229709e+01,2.231084e+01,2.233146e+01,2.219393e+01,2.228334e+01,2.219393e+01,2.226959e+01,2.220769e+01,2.227647e+01,2.228334e+01,2.226271e+01,2.228334e+01,2.223520e+01,2.224896e+01,2.228334e+01,2.224208e+01,2.222145e+01,2.228334e+01,2.220769e+01,2.210443e+01,2.229709e+01,2.218705e+01,2.217328e+01,2.218705e+01,2.226271e+01,2.229709e+01,2.218016e+01,2.233833e+01,2.220081e+01,2.222145e+01,2.230396e+01,2.226271e+01,2.220081e+01,2.227647e+01,2.227647e+01,2.217328e+01,2.226959e+01,2.226959e+01,2.228334e+01,2.228334e+01,2.229022e+01,2.227647e+01,2.235894e+01,2.226959e+01,2.233833e+01,2.227647e+01,2.231084e+01,2.228334e+01,2.230396e+01,2.229022e+01,2.229709e+01,2.228334e+01,2.235894e+01,2.229022e+01,2.235207e+01,2.238642e+01,2.231084e+01,2.233833e+01,2.240015e+01,2.231084e+01,2.241389e+01,2.235207e+01,2.230396e+01,2.233146e+01,2.235894e+01,2.230396e+01,2.235207e+01,2.231084e+01,2.236581e+01,2.241389e+01,2.239328e+01,2.247566e+01,2.243448e+01,2.242762e+01,2.247566e+01,2.247566e+01,2.246194e+01,2.242762e+01,2.249625e+01,2.244135e+01,2.250311e+01,2.241389e+01,2.247566e+01,2.244135e+01,2.247566e+01,2.243448e+01,2.245507e+01,2.243448e+01,2.253055e+01,2.247566e+01,2.248939e+01,2.246880e+01,2.245507e+01,2.242762e+01,2.245507e+01,2.242075e+01,2.249625e+01,2.238642e+01,2.250311e+01,2.232458e+01,2.240702e+01,2.242075e+01,2.240015e+01,2.245507e+01,2.245507e+01,2.248939e+01,2.235207e+01,2.239328e+01,2.246880e+01,2.235207e+01,2.239328e+01,2.241389e+01,2.241389e+01,2.235207e+01,2.241389e+01,2.235894e+01,2.233833e+01,2.231084e+01,2.232458e+01,2.233146e+01,2.231771e+01,2.231084e+01,2.236581e+01,2.236581e+01,2.245507e+01,2.243448e+01,2.241389e+01,2.235207e+01,2.240015e+01,2.235207e+01,2.237955e+01,2.237268e+01,2.259225e+01,2.234520e+01,2.237268e+01,2.238642e+01,2.237955e+01,2.238642e+01,2.248252e+01,2.248252e+01,2.247566e+01,2.253741e+01,2.252369e+01,2.246880e+01,2.259225e+01,2.248939e+01,2.259225e+01,2.257169e+01,2.262652e+01,2.250311e+01,2.250997e+01,2.248252e+01,2.274978e+01,2.258540e+01,2.266763e+01,2.265392e+01,2.262652e+01,2.263337e+01,2.253741e+01,2.270187e+01,2.272925e+01,2.268817e+01,2.244821e+01,2.173185e+01,2.165579e+01,2.157967e+01,2.162811e+01,2.172494e+01,2.170420e+01,2.163503e+01,2.172494e+01,2.171802e+01,2.173876e+01,2.189071e+01,2.190451e+01,2.192521e+01,2.180786e+01,2.199418e+01,2.199418e+01,2.203554e+01,2.204243e+01,2.206999e+01,2.204243e+01,2.207688e+01,2.211821e+01,2.210443e+01,2.212509e+01,2.216640e+01,2.200107e+01,2.214575e+01,2.220081e+01,2.224208e+01,2.217328e+01,2.227647e+01,2.218705e+01,2.229709e+01,2.211132e+01,2.229709e+01,2.211821e+01,2.213886e+01,2.225584e+01,2.224208e+01,2.221457e+01,2.221457e+01,2.224208e+01,2.222833e+01,2.217328e+01,2.208377e+01,2.215263e+01,2.211821e+01,2.212509e+01,2.207688e+01,2.214575e+01,2.206310e+01,2.209755e+01,2.213886e+01,2.220081e+01,2.215952e+01,2.220081e+01,2.218705e+01,2.199418e+01,2.217328e+01,2.206999e+01,2.206310e+01,2.199418e+01,2.207688e+01,2.200107e+01,2.200797e+01,2.206310e+01,2.207688e+01,2.204243e+01,2.202865e+01,2.206310e+01,2.208377e+01,2.211132e+01,2.209755e+01,2.206999e+01,2.210443e+01,2.207688e+01,2.215952e+01,2.213886e+01,2.218705e+01,2.204932e+01,2.199418e+01,2.192521e+01,2.195970e+01,2.198039e+01,2.196660e+01,2.200107e+01,2.210443e+01,2.207688e+01,2.204243e+01,2.206999e+01,2.206310e+01,2.190451e+01,2.184929e+01,2.184929e+01,2.178713e+01,2.178022e+01,2.169037e+01,2.183548e+01,2.183548e+01,2.189071e+01,2.191141e+01,2.203554e+01,2.205621e+01,2.192521e+01,2.204932e+01,2.200107e+01,2.203554e+01,2.205621e+01,2.206310e+01,2.206310e+01,2.206999e+01,2.209066e+01,2.210443e+01,2.209066e+01,2.212509e+01,2.211821e+01,2.224896e+01,2.214575e+01,2.215263e+01,2.211821e+01,2.206999e+01,2.217328e+01,2.213198e+01,2.200107e+01,2.197349e+01,2.195970e+01,2.198729e+01,2.195280e+01,2.210443e+01,2.207688e+01,2.210443e+01,2.203554e+01,2.202176e+01,2.198729e+01,2.194591e+01,2.185620e+01,2.183548e+01,2.181476e+01,2.177332e+01,2.175949e+01,2.175949e+01,2.173185e+01,2.174567e+01,2.165579e+01,2.175949e+01,2.175258e+01,2.177332e+01,2.175949e+01,2.175949e+01,2.208377e+01,2.237268e+01,2.247566e+01,2.259225e+01,2.254426e+01,2.259911e+01,2.256483e+01,2.260596e+01,2.257854e+01,2.260596e+01,2.257169e+01,2.260596e+01,2.259911e+01,2.264708e+01,2.262652e+01,2.261967e+01,2.263337e+01,2.260596e+01,2.263337e+01,2.264022e+01,2.261282e+01,2.260596e+01,2.259911e+01,2.257169e+01,2.259911e+01,2.264022e+01,2.259911e+01,2.269502e+01,2.269502e+01,2.256483e+01,2.256483e+01,2.254426e+01,2.252369e+01,2.260596e+01,2.257169e+01,2.244821e+01,2.254426e+01,2.251683e+01,2.243448e+01,2.246880e+01,2.260596e+01,2.255798e+01,2.251683e+01,2.256483e+01,2.263337e+01,2.257169e+01,2.261967e+01,2.254426e+01,2.253055e+01,2.254426e+01,2.258540e+01,2.256483e+01,2.237268e+01,2.243448e+01,2.252369e+01,2.247566e+01,2.244821e+01,2.250311e+01,2.247566e+01,2.246194e+01,2.263337e+01,2.246880e+01,2.239328e+01,2.260596e+01,2.244821e+01,2.255112e+01,2.244821e+01,2.258540e+01,2.248939e+01,2.246194e+01,2.242075e+01,2.244135e+01,2.244821e+01,2.244821e+01,2.249625e+01,2.243448e+01,2.240702e+01,2.245507e+01,2.240702e+01,2.244135e+01,2.240015e+01,2.253055e+01,2.237268e+01,2.237268e+01,2.241389e+01,2.233833e+01,2.246880e+01,2.228334e+01,2.225584e+01,2.237955e+01,2.229709e+01,2.223520e+01,2.220769e+01,2.231771e+01,2.218016e+01,2.229709e+01,2.233833e+01,2.228334e+01,2.206310e+01,2.210443e+01,2.211132e+01,2.218016e+01,2.213198e+01,2.205621e+01,2.204932e+01,2.194591e+01,2.209066e+01,2.199418e+01,2.213198e+01,2.214575e+01,2.218705e+01,2.204243e+01,2.206999e+01,2.203554e+01,2.202176e+01,2.181476e+01,2.200107e+01,2.195970e+01,2.207688e+01,2.200107e+01,2.207688e+01,2.215952e+01,2.206999e+01,2.212509e+01,2.205621e+01,2.207688e+01,2.209066e+01,2.219393e+01,2.216640e+01,2.222833e+01,2.223520e+01,2.191831e+01,2.212509e+01,2.202865e+01,2.210443e+01,2.208377e+01,2.206310e+01,2.205621e+01,2.207688e+01,2.220769e+01
2.260596e+01,2.266763e+01,2.264708e+01,2.260596e+01,2.253741e+01,2.254426e+01,2.253055e+01,2.250997e+01,2.253741e+01,2.257854e+01,2.256483e+01,2.256483e+01,2.259911e+01,2.255798e+01,2.246880e+01,2.264022e+01,2.255112e+01,2.256483e+01,2.262652e+01,2.259225e+01,2.259911e+01,2.248939e+01,2.259911e+01,2.249625e+01,2.264708e+01,2.271556e+01,2.244135e+01,2.260596e+01,2.264708e+01,2.265392e+01,2.264708e+01,2.258540e+01,2.271556e+01,2.266078e+01,2.262652e+01,2.268132e+01,2.257169e+01,2.262652e+01,2.264022e+01,2.261967e+01,2.262652e+01,2.257169e+01,2.250997e+01,2.257169e+01,2.254426e+01,2.242762e+01,2.253055e+01,2.251683e+01,2.256483e+01,2.253741e+01,2.261967e+01,2.260596e+01,2.261967e+01,2.260596e+01,2.267447e+01,2.268132e+01,2.246880e+01,2.269502e+01,2.264708e+01,2.262652e+01,2.262652e+01,2.258540e+01,2.263337e+01,2.254426e+01,2.252369e+01,2.264708e+01,2.258540e+01,2.255798e+01,2.249625e+01,2.257854e+01,2.255798e+01,2.244135e+01,2.248939e+01,2.247566e+01,2.250311e+01,2.248939e+01,2.249625e+01,2.245507e+01,2.250997e+01,2.236581e+01,2.249625e+01,2.235207e+01,2.235894e+01,2.234520e+01,2.237268e+01,2.229709e+01,2.227647e+01,2.229022e+01,2.224896e+01,2.228334e+01,2.237955e+01,2.222145e+01,2.215263e+01,2.235894e+01,2.213886e+01,2.212509e+01,2.210443e+01,2.222145e+01,2.206310e+01,2.206310e+01,2.213886e+01,2.211821e+01,2.209755e+01,2.206999e+01,2.212509e+01,2.212509e+01,2.221457e+01,2.205621e+01,2.224896e+01,2.206310e+01,2.208377e+01,2.211821e+01,2.195970e+01,2.217328e+01,2.218705e+01,2.215263e+01,2.211821e+01,2.213198e+01,2.209755e+01,2.212509e+01,2.204932e+01,2.217328e+01,2.220081e+01,2.225584e+01,2.229022e+01,2.223520e+01,2.226959e+01,2.221457e+01,2.224896e+01,2.221457e+01,2.231084e+01,2.223520e+01,2.226271e+01,2.228334e+01,2.226959e+01,2.226271e+01,2.224896e+01,2.231084e+01,2.235207e+01,2.228334e+01,2.231084e+01,2.222145e+01,2.231084e+01,2.226271e+01,2.242075e+01,2.233833e+01,2.245507e+01,2.240702e+01,2.237955e+01,2.237268e+01,2.236581e+01,2.232458e+01,2.234520e+01,2.242075e+01,2.240702e+01,2.238642e+01,2.244821e+01,2.240702e+01,2.241389e+01,2.244821e+01,2.241389e+01,2.242762e+01,2.241389e+01,2.236581e+01,2.239328e+01,2.237955e+01,2.236581e+01,2.237268e+01,2.223520e+01,2.235894e+01,2.227647e+01,2.237268e+01,2.238642e+01,2.221457e+01,2.224896e+01,2.225584e+01,2.240702e+01,2.221457e+01,2.220081e+01,2.220769e+01,2.221457e+01,2.219393e+01,2.218705e+01,2.224208e+01,2.223520e+01,2.220769e+01,2.218705e+01,2.229022e+01,2.222145e+01,2.224896e+01,2.226271e+01,2.221457e+01,2.217328e+01,2.217328e+01,2.222833e+01,2.227647e+01,2.225584e+01,2.230396e+01,2.228334e+01,2.233146e+01,2.226959e+01,2.226271e+01,2.229022e+01,2.222833e+01,2.213886e+01,2.209066e+01,2.212509e+01,2.229022e+01,2.218016e+01,2.217328e+01,2.216640e+01,2.228334e+01,2.230396e+01,2.231084e+01,2.218705e+01,2.218016e+01,2.232458e+01,2.218705e+01,2.227647e+01,2.225584e+01,2.227647e+01,2.226959e+01,2.231084e+01,2.226959e+01,2.226271e+01,2.228334e+01,2.227647e+01,2.227647e+01,2.226271e+01,2.226271e+01,2.221457e+01,2.228334e+01,2.231771e+01,2.222833e+01,2.231771e+01,2.232458e+01,2.229022e+01,2.215952e+01,2.229709e+01,2.237268e+01,2.230396e+01,2.227647e+01,2.236581e+01,2.244135e+01,2.240015e+01,2.229022e+01,2.234520e+01,2.240702e+01,2.234520e+01,2.237955e+01,2.231084e+01,2.233146e+01,2.234520e+01,2.237955e+01,2.233833e+01,2.235207e+01,2.243448e+01,2.235894e+01,2.246194e+01,2.240702e+01,2.244821e+01,2.237268e+01,2.235207e+01,2.250997e+01,2.253741e+01,2.253055e+01,2.246880e+01,2.246880e+01,2.244135e+01,2.246880e+01,2.253055e+01,2.235207e+01,2.243448e+01,2.252369e+01,2.244135e+01,2.239328e+01,2.252369e+01,2.250311e+01,2.252369e+01,2.250997e+01,2.246880e+01,2.244135e+01,2.241389e+01,2.242762e+01,2.248252e+01,2.252369e+01,2.243448e+01,2.239328e+01,2.240702e+01,2.235894e+01,2.240015e+01,2.244135e+01,2.240702e+01,2.240702e+01,2.241389e+01,2.240015e+01,2.236581e+01,2.243448e+01,2.231771e+01,2.231771e+01,2.235207e+01,2.233146e+01,2.237955e+01,2.226959e+01,2.234520e+01,2.233146e+01,2.253055e+01,2.237268e+01,2.236581e+01,2.235894e+01,2.235894e+01,2.244135e+01,2.237955e+01,2.235894e+01,2.242762e+01,2.243448e+01,2.237955e+01,2.244821e+01,2.239328e+01,2.250997e+01,2.236581e+01,2.237955e+01,2.231771e+01,2.236581e+01,2.250311e+01,2.249625e+01,2.239328e+01,2.251683e+01,2.255112e+01,2.255112e+01,2.251683e+01,2.257854e+01,2.261282e+01,2.261282e+01,2.250997e+01,2.260596e+01,2.258540e+01,2.264708e+01,2.258540e+01,2.258540e+01,2.264708e+01,2.262652e+01,2.266763e+01,2.275663e+01,2.264708e+01,2.272241e+01,2.268132e+01,2.269502e+01,2.268817e+01,2.273610e+01,2.267447e+01,2.224896e+01,2.172494e+01,2.161427e+01,2.156582e+01,2.166962e+01,2.164195e+01,2.170420e+01,2.173876e+01,2.187000e+01,2.184239e+01,2.184239e+01,2.191141e+01,2.191141e+01,2.200797e+01,2.201486e+01,2.204243e+01,2.202176e+01,2.198039e+01,2.205621e+01,2.204932e+01,2.206310e+01,2.212509e+01,2.211821e+01,2.210443e+01,2.214575e+01,2.210443e+01,2.206310e+01,2.209755e+01,2.222833e+01,2.219393e+01,2.217328e+01,2.216640e+01,2.227647e+01,2.211821e+01,2.224208e+01,2.226959e+01,2.224896e+01,2.213886e+01,2.209755e+01,2.223520e+01,2.213198e+01,2.219393e+01,2.217328e+01,2.213886e+01,2.212509e+01,2.217328e+01,2.213198e+01,2.208377e+01,2.209755e+01,2.207688e+01,2.207688e+01,2.209755e+01,2.211821e+01,2.214575e+01,2.215952e+01,2.211821e+01,2.213198e+01,2.215263e+01,2.216640e+01,2.210443e+01,2.218016e+01,2.200107e+01,2.204243e+01,2.202865e+01,2.202865e+01,2.196660e+01,2.202176e+01,2.199418e+01,2.204932e+01,2.205621e+01,2.210443e+01,2.209755e+01,2.209755e+01,2.206999e+01,2.208377e+01,2.206310e+01,2.206999e+01,2.203554e+01,2.218705e+01,2.207688e+01,2.190451e+01,2.195970e+01,2.209755e+01,2.190451e+01,2.205621e+01,2.211132e+01,2.193211e+01,2.207688e+01,2.195280e+01,2.195280e+01,2.202865e+01,2.189071e+01,2.189761e+01,2.188381e+01,2.185620e+01,2.183548e+01,2.184239e+01,2.187000e+01,2.172494e+01,2.169728e+01,2.194591e+01,2.189761e+01,2.202176e+01,2.196660e+01,2.204932e+01,2.198729e+01,2.193211e+01,2.199418e+01,2.204932e+01,2.205621e+01,2.208377e+01,2.210443e+01,2.219393e+01,2.212509e+01,2.211132e+01,2.207688e+01,2.210443e+01,2.209755e+01,2.209066e+01,2.214575e+01,2.211132e+01,2.214575e+01,2.213198e+01,2.198039e+01,2.209066e+01,2.202176e+01,2.197349e+01,2.202865e+01,2.205621e+01,2.209066e+01,2.210443e+01,2.202865e+01,2.203554e+01,2.202176e+01,2.185620e+01,2.192521e+01,2.177332e+01,2.169037e+01,2.173876e+01,2.171111e+01,2.169037e+01,2.163503e+01,2.163503e+01,2.180095e+01,2.166962e+01,2.171802e+01,2.177332e+01,2.205621e+01,2.219393e+01,2.242762e+01,2.246880e+01,2.249625e+01,2.257169e+01,2.258540e+01,2.254426e+01,2.258540e+01,2.257854e+01,2.261282e+01,2.257169e+01,2.260596e+01,2.260596e+01,2.257169e+01,2.264022e+01,2.268132e+01,2.250997e+01,2.260596e+01,2.258540e+01,2.254426e+01,2.260596e+01,2.272925e+01,2.275663e+01,2.261967e+01,2.266078e+01,2.255798e+01,2.255112e+01,2.267447e+01,2.250997e+01,2.257854e+01,2.248939e+01,2.255112e+01,2.254426e+01,2.253741e+01,2.259225e+01,2.250311e+01,2.244821e+01,2.269502e+01,2.252369e+01,2.255798e+01,2.257854e+01,2.242762e+01,2.245507e+01,2.237955e+01,2.247566e+01,2.255112e+01,2.253741e+01,2.251683e+01,2.268132e+01,2.245507e+01,2.250311e+01,2.246194e+01,2.252369e+01,2.254426e+01,2.255112e+01,2.246194e+01,2.249625e+01,2.248252e+01,2.253741e+01,2.245507e+01,2.253741e+01,2.252369e+01,2.248939e+01,2.255112e+01,2.246880e+01,2.233146e+01,2.246194e+01,2.248939e+01,2.244821e+01,2.242762e+01,2.247566e+01,2.235894e+01,2.246194e+01,2.245507e+01,2.242075e+01,2.249625e+01,2.229709e+01,2.237955e+01,2.237268e+01,2.240015e+01,2.233146e+01,2.242075e+01,2.240702e+01,2.239328e+01,2.240702e+01,2.240015e+01,2.235207e+01,2.233833e+01,2.239328e+01,2.237268e+01,2.229709e+01,2.221457e+01,2.216640e+01,2.233833e+01,2.215952e+01,2.214575e+01,2.223520e+01,2.215952e+01,2.231084e+01,2.212509e+01,2.202865e+01,2.215952e+01,2.206310e+01,2.205621e+01,2.207688e+01,2.202176e+01,2.204243e+01,2.197349e+01,2.202865e+01,2.211821e+01,2.202176e+01,2.202865e+01,2.195970e+01,2.200797e+01,2.181476e+01,2.195970e+01,2.202865e+01,2.209755e+01,2.217328e+01,2.192521e+01,2.209066e+01,2.215952e+01,2.206999e+01,2.205621e+01,2.208377e+01,2.211132e+01,2.207688e+01,2.213886e+01,2.213886e+01,2.220081e+01,2.206999e+01,2.212509e+01,2.203554e+01,2.213886e+01,2.185620e+01,2.200797e+01,2.214575e+01,2.211821e+01,2.202176e+01,2.208377e+01,2.204932e+01
2.247566e+01,2.247566e+01,2.264022e+01,2.249625e+01,2.252369e+01,2.250997e+01,2.264022e+01,2.243448e+01,2.250311e+01,2.248939e+01,2.256483e+01,2.258540e+01,2.259225e+01,2.242762e+01,2.257854e+01,2.256483e+01,2.253055e+01,2.259225e+01,2.261282e+01,2.255112e+01,2.257854e+01,2.257854e+01,2.261967e+01,2.259911e+01,2.250311e+01,2.255112e+01,2.264022e+01,2.258540e+01,2.265392e+01,2.266078e+01,2.265392e+01,2.250311e+01,2.261282e+01,2.273610e+01,2.272925e+01,2.263337e+01,2.259911e+01,2.265392e+01,2.260596e+01,2.262652e+01,2.250997e+01,2.263337e+01,2.258540e+01,2.259225e+01,2.258540e+01,2.251683e+01,2.255798e+01,2.250997e+01,2.264022e+01,2.265392e+01,2.254426e+01,2.259911e+01,2.257169e+01,2.259911e+01,2.268132e+01,2.267447e+01,2.241389e+01,2.264022e+01,2.264708e+01,2.263337e+01,2.260596e+01,2.250311e+01,2.259225e+01,2.259225e+01,2.264708e+01,2.257169e+01,2.263337e+01,2.253055e+01,2.253741e+01,2.260596e+01,2.259911e+01,2.247566e+01,2.259225e+01,2.251683e+01,2.256483e+01,2.250997e+01,2.256483e+01,2.243448e+01,2.250311e+01,2.238642e+01,2.244821e+01,2.243448e+01,2.244135e+01,2.246880e+01,2.233146e+01,2.235207e+01,2.232458e+01,2.226271e+01,2.229709e+01,2.222145e+01,2.226271e+01,2.220769e+01,2.229022e+01,2.220081e+01,2.206999e+01,2.212509e+01,2.213886e+01,2.210443e+01,2.208377e+01,2.218705e+01,2.203554e+01,2.204243e+01,2.218016e+01,2.214575e+01,2.208377e+01,2.206310e+01,2.202176e+01,2.207688e+01,2.218705e+01,2.200797e+01,2.218016e+01,2.218705e+01,2.200797e+01,2.199418e+01,2.209066e+01,2.209066e+01,2.218705e+01,2.211821e+01,2.213198e+01,2.212509e+01,2.218016e+01,2.214575e+01,2.226271e+01,2.220081e+01,2.225584e+01,2.224896e+01,2.219393e+01,2.221457e+01,2.213886e+01,2.229022e+01,2.227647e+01,2.228334e+01,2.220081e+01,2.230396e+01,2.226271e+01,2.228334e+01,2.223520e+01,2.228334e+01,2.224896e+01,2.231771e+01,2.233146e+01,2.234520e+01,2.220081e+01,2.239328e+01,2.239328e+01,2.237955e+01,2.235894e+01,2.240015e+01,2.235207e+01,2.235207e+01,2.237955e+01,2.239328e+01,2.240702e+01,2.231084e+01,2.233146e+01,2.232458e+01,2.242075e+01,2.240702e+01,2.245507e+01,2.246194e+01,2.240702e+01,2.240015e+01,2.244821e+01,2.239328e+01,2.239328e+01,2.239328e+01,2.237955e+01,2.240015e+01,2.237268e+01,2.237955e+01,2.247566e+01,2.234520e+01,2.229022e+01,2.240015e+01,2.233146e+01,2.220769e+01,2.226271e+01,2.224208e+01,2.232458e+01,2.220081e+01,2.228334e+01,2.227647e+01,2.218016e+01,2.218016e+01,2.229022e+01,2.228334e+01,2.216640e+01,2.222145e+01,2.226959e+01,2.222833e+01,2.224208e+01,2.223520e+01,2.215952e+01,2.222145e+01,2.219393e+01,2.232458e+01,2.229022e+01,2.226271e+01,2.229022e+01,2.227647e+01,2.233833e+01,2.228334e+01,2.233833e+01,2.218705e+01,2.221457e+01,2.228334e+01,2.226959e+01,2.226959e+01,2.226271e+01,2.223520e+01,2.220081e+01,2.216640e+01,2.226959e+01,2.222145e+01,2.209066e+01,2.220081e+01,2.224208e+01,2.213886e+01,2.230396e+01,2.229022e+01,2.220081e+01,2.213198e+01,2.224208e+01,2.226271e+01,2.225584e+01,2.230396e+01,2.225584e+01,2.226959e+01,2.229022e+01,2.225584e+01,2.224896e+01,2.230396e+01,2.236581e+01,2.235207e+01,2.234520e+01,2.236581e+01,2.230396e+01,2.227647e+01,2.229709e+01,2.235207e+01,2.220769e+01,2.240015e+01,2.232458e+01,2.231771e+01,2.222145e+01,2.231771e+01,2.228334e+01,2.231084e+01,2.237955e+01,2.231084e+01,2.233146e+01,2.235894e+01,2.235894e+01,2.236581e+01,2.233146e+01,2.235207e+01,2.233833e+01,2.249625e+01,2.237268e+01,2.242762e+01,2.238642e+01,2.235894e+01,2.241389e+01,2.242762e+01,2.253741e+01,2.244821e+01,2.244821e+01,2.249625e+01,2.250311e+01,2.242075e+01,2.240702e+01,2.252369e+01,2.236581e+01,2.248939e+01,2.247566e+01,2.243448e+01,2.246880e+01,2.246880e+01,2.248252e+01,2.246880e+01,2.244821e+01,2.237268e+01,2.246194e+01,2.253055e+01,2.256483e+01,2.234520e+01,2.253741e+01,2.244135e+01,2.236581e+01,2.240015e+01,2.238642e+01,2.240015e+01,2.242075e+01,2.242762e+01,2.232458e+01,2.237955e+01,2.235207e+01,2.233146e+01,2.233833e+01,2.237268e+01,2.231771e+01,2.226959e+01,2.239328e+01,2.235894e+01,2.233146e+01,2.235894e+01,2.253741e+01,2.231084e+01,2.242762e+01,2.241389e+01,2.233833e+01,2.235894e+01,2.233833e+01,2.246880e+01,2.249625e+01,2.237268e+01,2.247566e+01,2.248939e+01,2.241389e+01,2.245507e+01,2.233833e+01,2.248939e+01,2.246194e+01,2.243448e+01,2.251683e+01,2.238642e+01,2.245507e+01,2.255798e+01,2.255798e+01,2.253741e+01,2.257169e+01,2.263337e+01,2.250997e+01,2.259225e+01,2.259911e+01,2.259911e+01,2.266078e+01,2.268817e+01,2.268817e+01,2.258540e+01,2.263337e+01,2.270871e+01,2.265392e+01,2.264708e+01,2.266763e+01,2.266078e+01,2.270187e+01,2.287974e+01,2.259911e+01,2.271556e+01,2.274978e+01,2.255798e+01,2.204243e+01,2.170420e+01,2.162119e+01,2.166962e+01,2.155197e+01,2.171802e+01,2.179404e+01,2.173876e+01,2.185620e+01,2.184239e+01,2.191141e+01,2.193211e+01,2.193901e+01,2.199418e+01,2.199418e+01,2.202176e+01,2.195970e+01,2.201486e+01,2.205621e+01,2.207688e+01,2.195280e+01,2.206310e+01,2.210443e+01,2.220081e+01,2.207688e+01,2.206310e+01,2.204243e+01,2.208377e+01,2.217328e+01,2.218705e+01,2.215952e+01,2.213198e+01,2.220769e+01,2.222833e+01,2.213886e+01,2.211132e+01,2.210443e+01,2.222833e+01,2.206999e+01,2.223520e+01,2.211821e+01,2.222833e+01,2.209755e+01,2.217328e+01,2.203554e+01,2.211132e+01,2.208377e+01,2.209755e+01,2.205621e+01,2.219393e+01,2.225584e+01,2.221457e+01,2.211821e+01,2.208377e+01,2.213198e+01,2.213886e+01,2.206310e+01,2.197349e+01,2.211132e+01,2.202176e+01,2.202865e+01,2.202865e+01,2.199418e+01,2.195970e+01,2.200107e+01,2.205621e+01,2.206310e+01,2.209755e+01,2.209755e+01,2.210443e+01,2.215263e+01,2.204932e+01,2.209755e+01,2.211821e+01,2.210443e+01,2.207688e+01,2.211132e+01,2.198039e+01,2.197349e+01,2.200797e+01,2.202865e+01,2.190451e+01,2.193211e+01,2.192521e+01,2.200107e+01,2.190451e+01,2.208377e+01,2.198729e+01,2.202176e+01,2.200797e+01,2.206310e+01,2.178713e+01,2.182858e+01,2.186310e+01,2.176641e+01,2.187000e+01,2.182167e+01,2.191141e+01,2.182167e+01,2.189761e+01,2.196660e+01,2.202176e+01,2.198039e+01,2.196660e+01,2.195970e+01,2.194591e+01,2.201486e+01,2.205621e+01,2.204932e+01,2.213886e+01,2.217328e+01,2.209755e+01,2.209755e+01,2.213886e+01,2.222145e+01,2.224896e+01,2.222833e+01,2.211132e+01,2.209755e+01,2.210443e+01,2.217328e+01,2.201486e+01,2.208377e+01,2.204243e+01,2.195280e+01,2.204243e+01,2.204932e+01,2.203554e+01,2.199418e+01,2.198729e+01,2.199418e+01,2.195970e+01,2.179404e+01,2.192521e+01,2.176641e+01,2.183548e+01,2.174567e+01,2.174567e+01,2.172494e+01,2.169037e+01,2.169037e+01,2.175258e+01,2.188381e+01,2.187000e+01,2.202865e+01,2.218016e+01,2.241389e+01,2.246880e+01,2.247566e+01,2.250997e+01,2.258540e+01,2.255798e+01,2.258540e+01,2.256483e+01,2.257169e+01,2.255112e+01,2.259225e+01,2.256483e+01,2.257169e+01,2.262652e+01,2.260596e+01,2.259911e+01,2.266763e+01,2.257169e+01,2.259911e+01,2.264708e+01,2.261282e+01,2.245507e+01,2.264022e+01,2.259225e+01,2.257854e+01,2.253055e+01,2.252369e+01,2.269502e+01,2.253741e+01,2.247566e+01,2.253741e+01,2.255112e+01,2.260596e+01,2.255798e+01,2.251683e+01,2.260596e+01,2.246194e+01,2.255798e+01,2.253741e+01,2.250997e+01,2.250997e+01,2.260596e+01,2.257854e+01,2.257854e+01,2.261967e+01,2.266078e+01,2.249625e+01,2.255112e+01,2.266763e+01,2.256483e+01,2.250311e+01,2.242075e+01,2.257169e+01,2.255798e+01,2.246194e+01,2.248939e+01,2.248939e+01,2.246194e+01,2.250997e+01,2.251683e+01,2.228334e+01,2.246194e+01,2.248252e+01,2.250311e+01,2.242075e+01,2.248252e+01,2.233146e+01,2.249625e+01,2.249625e+01,2.253055e+01,2.242075e+01,2.253055e+01,2.249625e+01,2.249625e+01,2.240702e+01,2.231084e+01,2.231084e+01,2.256483e+01,2.246194e+01,2.235894e+01,2.236581e+01,2.231771e+01,2.240015e+01,2.232458e+01,2.240015e+01,2.240015e+01,2.237268e+01,2.235207e+01,2.229022e+01,2.231084e+01,2.221457e+01,2.225584e+01,2.217328e+01,2.224896e+01,2.216640e+01,2.217328e+01,2.212509e+01,2.215263e+01,2.216640e+01,2.215263e+01,2.211821e+01,2.209755e+01,2.199418e+01,2.206999e+01,2.209755e+01,2.196660e+01,2.213886e+01,2.193211e+01,2.212509e+01,2.199418e+01,2.202176e+01,2.187691e+01,2.200797e+01,2.198729e+01,2.202176e+01,2.200797e+01,2.191141e+01,2.196660e+01,2.197349e+01,2.214575e+01,2.200797e+01,2.213198e+01,2.204932e+01,2.229709e+01,2.210443e+01,2.212509e+01,2.207688e+01,2.208377e+01,2.211821e+01,2.209755e+01,2.205621e+01,2.206310e+01,2.211132e+01,2.204932e+01,2.204932e+01,2.205621e+01,2.215952e+01,2.208377e+01,2.208377e+01,2.209066e+01,2.208377e+01,2.206310e+01
2.246194e+01,2.268817e+01,2.247566e+01,2.255798e+01,2.250311e+01,2.242762e+01,2.247566e+01,2.251683e+01,2.240015e+01,2.259225e+01,2.247566e+01,2.255112e+01,2.240702e+01,2.257169e+01,2.256483e+01,2.263337e+01,2.259911e+01,2.264022e+01,2.255112e+01,2.266763e+01,2.254426e+01,2.273610e+01,2.254426e+01,2.255798e+01,2.253055e+01,2.267447e+01,2.255112e+01,2.255798e+01,2.265392e+01,2.257854e+01,2.264022e+01,2.267447e+01,2.278400e+01,2.261282e+01,2.256483e+01,2.259911e+01,2.262652e+01,2.257854e+01,2.255112e+01,2.259225e+01,2.266078e+01,2.270871e+01,2.251683e+01,2.252369e+01,2.253741e+01,2.259225e+01,2.264708e+01,2.261282e+01,2.250311e+01,2.255112e+01,2.261967e+01,2.261282e+01,2.260596e+01,2.262652e+01,2.256483e+01,2.262652e+01,2.265392e+01,2.265392e+01,2.266763e+01,2.260596e+01,2.256483e+01,2.264708e+01,2.242075e+01,2.258540e+01,2.253741e+01,2.254426e+01,2.263337e+01,2.250997e+01,2.246194e+01,2.259911e+01,2.261282e+01,2.261967e+01,2.257169e+01,2.253741e+01,2.256483e+01,2.246880e+01,2.254426e+01,2.250997e+01,2.244821e+01,2.248252e+01,2.250311e+01,2.243448e+01,2.250311e+01,2.242075e+01,2.243448e+01,2.233833e+01,2.237268e+01,2.240702e+01,2.225584e+01,2.220081e+01,2.229709e+01,2.219393e+01,2.222833e+01,2.229022e+01,2.211821e+01,2.217328e+01,2.210443e+01,2.213198e+01,2.223520e+01,2.207688e+01,2.207688e+01,2.203554e+01,2.211132e+01,2.215952e+01,2.204243e+01,2.217328e+01,2.204932e+01,2.202176e+01,2.204932e+01,2.204243e+01,2.218016e+01,2.213886e+01,2.211821e+01,2.218705e+01,2.210443e+01,2.213198e+01,2.195970e+01,2.214575e+01,2.206310e+01,2.215952e+01,2.209755e+01,2.215952e+01,2.224896e+01,2.228334e+01,2.215263e+01,2.220769e+01,2.218705e+01,2.225584e+01,2.222833e+01,2.219393e+01,2.226959e+01,2.229022e+01,2.226959e+01,2.227647e+01,2.218016e+01,2.229709e+01,2.232458e+01,2.235894e+01,2.231771e+01,2.231084e+01,2.234520e+01,2.235894e+01,2.237268e+01,2.236581e+01,2.236581e+01,2.229709e+01,2.235207e+01,2.239328e+01,2.244821e+01,2.252369e+01,2.237955e+01,2.234520e+01,2.243448e+01,2.246194e+01,2.244135e+01,2.248939e+01,2.238642e+01,2.247566e+01,2.244821e+01,2.247566e+01,2.238642e+01,2.242762e+01,2.244821e+01,2.245507e+01,2.237955e+01,2.245507e+01,2.237955e+01,2.240702e+01,2.237955e+01,2.230396e+01,2.240015e+01,2.231771e+01,2.226271e+01,2.231771e+01,2.237955e+01,2.239328e+01,2.234520e+01,2.222145e+01,2.226271e+01,2.232458e+01,2.223520e+01,2.222145e+01,2.226959e+01,2.222145e+01,2.228334e+01,2.232458e+01,2.219393e+01,2.226271e+01,2.231771e+01,2.224208e+01,2.229022e+01,2.218705e+01,2.218016e+01,2.228334e+01,2.231771e+01,2.225584e+01,2.227647e+01,2.228334e+01,2.227647e+01,2.227647e+01,2.229709e+01,2.231771e+01,2.224208e+01,2.222145e+01,2.225584e+01,2.224896e+01,2.227647e+01,2.230396e+01,2.221457e+01,2.222145e+01,2.222833e+01,2.218705e+01,2.224208e+01,2.218705e+01,2.222833e+01,2.219393e+01,2.219393e+01,2.219393e+01,2.226271e+01,2.235207e+01,2.220081e+01,2.231084e+01,2.227647e+01,2.226959e+01,2.221457e+01,2.228334e+01,2.229022e+01,2.231084e+01,2.229709e+01,2.225584e+01,2.229022e+01,2.235894e+01,2.222145e+01,2.222145e+01,2.233833e+01,2.229709e+01,2.232458e+01,2.235207e+01,2.232458e+01,2.230396e+01,2.224208e+01,2.232458e+01,2.227647e+01,2.234520e+01,2.231084e+01,2.231084e+01,2.233146e+01,2.225584e+01,2.228334e+01,2.241389e+01,2.233146e+01,2.232458e+01,2.231771e+01,2.234520e+01,2.235894e+01,2.236581e+01,2.236581e+01,2.229709e+01,2.240015e+01,2.248252e+01,2.237955e+01,2.236581e+01,2.249625e+01,2.248252e+01,2.248252e+01,2.250997e+01,2.255112e+01,2.246194e+01,2.252369e+01,2.249625e+01,2.247566e+01,2.241389e+01,2.242762e+01,2.247566e+01,2.253055e+01,2.247566e+01,2.250311e+01,2.253055e+01,2.248939e+01,2.246880e+01,2.246880e+01,2.246194e+01,2.244135e+01,2.241389e+01,2.250311e+01,2.246880e+01,2.250997e+01,2.255798e+01,2.248939e+01,2.237268e+01,2.240702e+01,2.238642e+01,2.237268e+01,2.239328e+01,2.237955e+01,2.240015e+01,2.238642e+01,2.237268e+01,2.240015e+01,2.240702e+01,2.242075e+01,2.228334e+01,2.236581e+01,2.239328e+01,2.236581e+01,2.242762e+01,2.233833e+01,2.233833e+01,2.244821e+01,2.236581e+01,2.235207e+01,2.233833e+01,2.247566e+01,2.248939e+01,2.244135e+01,2.248252e+01,2.242762e+01,2.243448e+01,2.250997e+01,2.250311e+01,2.257169e+01,2.252369e+01,2.243448e+01,2.252369e+01,2.238642e+01,2.256483e+01,2.254426e+01,2.265392e+01,2.254426e+01,2.258540e+01,2.252369e+01,2.261967e+01,2.276347e+01,2.266763e+01,2.264022e+01,2.265392e+01,2.266078e+01,2.267447e+01,2.268817e+01,2.281820e+01,2.266763e+01,2.276347e+01,2.264708e+01,2.272241e+01,2.276347e+01,2.270187e+01,2.266763e+01,2.271556e+01,2.270187e+01,2.277716e+01,2.272925e+01,2.272925e+01,2.253741e+01,2.206310e+01,2.166962e+01,2.171111e+01,2.173185e+01,2.180786e+01,2.181476e+01,2.185620e+01,2.183548e+01,2.204243e+01,2.179404e+01,2.202176e+01,2.196660e+01,2.204243e+01,2.202865e+01,2.206310e+01,2.200797e+01,2.199418e+01,2.200797e+01,2.204932e+01,2.207688e+01,2.210443e+01,2.204932e+01,2.215952e+01,2.200797e+01,2.209066e+01,2.214575e+01,2.219393e+01,2.216640e+01,2.220081e+01,2.218016e+01,2.213198e+01,2.219393e+01,2.221457e+01,2.226271e+01,2.229709e+01,2.212509e+01,2.201486e+01,2.222145e+01,2.193211e+01,2.213198e+01,2.225584e+01,2.219393e+01,2.205621e+01,2.206999e+01,2.201486e+01,2.212509e+01,2.210443e+01,2.217328e+01,2.215952e+01,2.222833e+01,2.215952e+01,2.213886e+01,2.215263e+01,2.213198e+01,2.216640e+01,2.217328e+01,2.205621e+01,2.213198e+01,2.210443e+01,2.204243e+01,2.194591e+01,2.196660e+01,2.205621e+01,2.198729e+01,2.208377e+01,2.209066e+01,2.205621e+01,2.206999e+01,2.204243e+01,2.211821e+01,2.213198e+01,2.215952e+01,2.209755e+01,2.202865e+01,2.204932e+01,2.201486e+01,2.201486e+01,2.202176e+01,2.200797e+01,2.195970e+01,2.190451e+01,2.198729e+01,2.214575e+01,2.206310e+01,2.195280e+01,2.197349e+01,2.191831e+01,2.201486e+01,2.209066e+01,2.186310e+01,2.192521e+01,2.182167e+01,2.191141e+01,2.180095e+01,2.175258e+01,2.187000e+01,2.188381e+01,2.188381e+01,2.180786e+01,2.188381e+01,2.195280e+01,2.191831e+01,2.187691e+01,2.198729e+01,2.204243e+01,2.206310e+01,2.211821e+01,2.210443e+01,2.212509e+01,2.219393e+01,2.217328e+01,2.218016e+01,2.229022e+01,2.211821e+01,2.216640e+01,2.209755e+01,2.226271e+01,2.216640e+01,2.213198e+01,2.215952e+01,2.221457e+01,2.213198e+01,2.202176e+01,2.206999e+01,2.204243e+01,2.204932e+01,2.203554e+01,2.195970e+01,2.195970e+01,2.195970e+01,2.190451e+01,2.195970e+01,2.163503e+01,2.164195e+01,2.168345e+01,2.165579e+01,2.164887e+01,2.164887e+01,2.164887e+01,2.174567e+01,2.194591e+01,2.203554e+01,2.226271e+01,2.229709e+01,2.242075e+01,2.244821e+01,2.248939e+01,2.246194e+01,2.255112e+01,2.258540e+01,2.255112e+01,2.257169e+01,2.257169e+01,2.255798e+01,2.264022e+01,2.260596e+01,2.258540e+01,2.263337e+01,2.262652e+01,2.270871e+01,2.268817e+01,2.255798e+01,2.257854e+01,2.259911e+01,2.261282e+01,2.260596e+01,2.261967e+01,2.256483e+01,2.259225e+01,2.254426e+01,2.253741e+01,2.257854e+01,2.253741e+01,2.265392e+01,2.257169e+01,2.255798e+01,2.250997e+01,2.250311e+01,2.251683e+01,2.253741e+01,2.259225e+01,2.248939e+01,2.259911e+01,2.250311e+01,2.243448e+01,2.244821e+01,2.254426e+01,2.257169e+01,2.249625e+01,2.247566e+01,2.246880e+01,2.246194e+01,2.251683e+01,2.244135e+01,2.248252e+01,2.251683e+01,2.253741e+01,2.264022e+01,2.254426e+01,2.253741e+01,2.252369e+01,2.250311e+01,2.249625e+01,2.247566e+01,2.247566e+01,2.251683e+01,2.250311e+01,2.248939e+01,2.248939e+01,2.246194e+01,2.248939e+01,2.246194e+01,2.248939e+01,2.257169e+01,2.255798e+01,2.245507e+01,2.254426e+01,2.248252e+01,2.239328e+01,2.236581e+01,2.242075e+01,2.235894e+01,2.238642e+01,2.240015e+01,2.247566e+01,2.244821e+01,2.243448e+01,2.230396e+01,2.240015e+01,2.239328e+01,2.240015e+01,2.227647e+01,2.233146e+01,2.234520e+01,2.220081e+01,2.233833e+01,2.222833e+01,2.222145e+01,2.209066e+01,2.211821e+01,2.211821e+01,2.238642e+01,2.198729e+01,2.209755e+01,2.215952e+01,2.217328e+01,2.211821e+01,2.198039e+01,2.202176e+01,2.211132e+01,2.202176e+01,2.198039e+01,2.212509e+01,2.208377e+01,2.213198e+01,2.202176e+01,2.188381e+01,2.202176e+01,2.211132e+01,2.194591e+01,2.200797e+01,2.198039e+01,2.198729e+01,2.220081e+01,2.217328e+01,2.215263e+01,2.212509e+01,2.209755e+01,2.206310e+01,2.217328e+01,2.204243e+01,2.206310e+01,2.208377e+01,2.212509e+01,2.213198e+01,2.204932e+01,2.216640e+01,2.218016e+01,2.202176e+01,2.207688e+01,2.213198e+01,2.186310e+01,2.211132e+01,2.214575e+01,2.208377e+01,2.208377e+01,2.211821e+01
2.244821e+01,2.246880e+01,2.255798e+01,2.249625e+01,2.247566e+01,2.248252e+01,2.251683e+01,2.236581e+01,2.250997e+01,2.245507e+01,2.241389e+01,2.261282e+01,2.255112e+01,2.248939e+01,2.243448e+01,2.255798e+01,2.253055e+01,2.255798e+01,2.245507e+01,2.253055e+01,2.246880e+01,2.252369e+01,2.255798e+01,2.253741e+01,2.255112e+01,2.247566e+01,2.257854e+01,2.247566e+01,2.254426e+01,2.267447e+01,2.246880e+01,2.248252e+01,2.250311e+01,2.261282e+01,2.256483e+01,2.253055e+01,2.259225e+01,2.259225e+01,2.260596e+01,2.255798e+01,2.237268e+01,2.251683e+01,2.251683e+01,2.254426e+01,2.246194e+01,2.261967e+01,2.258540e+01,2.246880e+01,2.252369e+01,2.248939e+01,2.254426e+01,2.261282e+01,2.256483e+01,2.255112e+01,2.246880e+01,2.261282e+01,2.255112e+01,2.253055e+01,2.253741e+01,2.257854e+01,2.261967e+01,2.250997e+01,2.262652e+01,2.264708e+01,2.257854e+01,2.253055e+01,2.257854e+01,2.262652e+01,2.266078e+01,2.265392e+01,2.260596e+01,2.258540e+01,2.259911e+01,2.251683e+01,2.257854e+01,2.240702e+01,2.248939e+01,2.256483e+01,2.244821e+01,2.246194e+01,2.248252e+01,2.248252e+01,2.247566e+01,2.231771e+01,2.244135e+01,2.236581e+01,2.224208e+01,2.242762e+01,2.222145e+01,2.224208e+01,2.224896e+01,2.226271e+01,2.222833e+01,2.238642e+01,2.218705e+01,2.208377e+01,2.220081e+01,2.213198e+01,2.210443e+01,2.203554e+01,2.208377e+01,2.206310e+01,2.209066e+01,2.205621e+01,2.205621e+01,2.204243e+01,2.206310e+01,2.208377e+01,2.209066e+01,2.213886e+01,2.220769e+01,2.208377e+01,2.209066e+01,2.204932e+01,2.204243e+01,2.206310e+01,2.219393e+01,2.213198e+01,2.211821e+01,2.215952e+01,2.211132e+01,2.215952e+01,2.224208e+01,2.227647e+01,2.215952e+01,2.226271e+01,2.219393e+01,2.212509e+01,2.231084e+01,2.227647e+01,2.223520e+01,2.217328e+01,2.231084e+01,2.228334e+01,2.224208e+01,2.228334e+01,2.229709e+01,2.232458e+01,2.235894e+01,2.230396e+01,2.231771e+01,2.232458e+01,2.224208e+01,2.248252e+01,2.237955e+01,2.235894e+01,2.236581e+01,2.236581e+01,2.229709e+01,2.235894e+01,2.237955e+01,2.232458e+01,2.238642e+01,2.243448e+01,2.240702e+01,2.240702e+01,2.233833e+01,2.230396e+01,2.244135e+01,2.238642e+01,2.250997e+01,2.241389e+01,2.246880e+01,2.244135e+01,2.242075e+01,2.240015e+01,2.238642e+01,2.248252e+01,2.237955e+01,2.237268e+01,2.232458e+01,2.242075e+01,2.220769e+01,2.230396e+01,2.223520e+01,2.233146e+01,2.225584e+01,2.222833e+01,2.228334e+01,2.233833e+01,2.218016e+01,2.233833e+01,2.220769e+01,2.224208e+01,2.213886e+01,2.228334e+01,2.235894e+01,2.229709e+01,2.215952e+01,2.229709e+01,2.215952e+01,2.222833e+01,2.224208e+01,2.226271e+01,2.224896e+01,2.226959e+01,2.227647e+01,2.224896e+01,2.229022e+01,2.226271e+01,2.224896e+01,2.226271e+01,2.219393e+01,2.222145e+01,2.226959e+01,2.218016e+01,2.222833e+01,2.230396e+01,2.229709e+01,2.217328e+01,2.227647e+01,2.221457e+01,2.219393e+01,2.219393e+01,2.221457e+01,2.220769e+01,2.221457e+01,2.220769e+01,2.206310e+01,2.213886e+01,2.222833e+01,2.229709e+01,2.222145e+01,2.222833e+01,2.218016e+01,2.222145e+01,2.226271e+01,2.226271e+01,2.231771e+01,2.229709e+01,2.226271e+01,2.222145e+01,2.231771e+01,2.235894e+01,2.214575e+01,2.235207e+01,2.235894e+01,2.235894e+01,2.232458e+01,2.228334e+01,2.234520e+01,2.233833e+01,2.229709e+01,2.237955e+01,2.232458e+01,2.233146e+01,2.234520e+01,2.234520e+01,2.238642e+01,2.231771e+01,2.222833e+01,2.232458e+01,2.231771e+01,2.235894e+01,2.240702e+01,2.244135e+01,2.233146e+01,2.230396e+01,2.234520e+01,2.235894e+01,2.237955e+01,2.231771e+01,2.236581e+01,2.233146e+01,2.244821e+01,2.253741e+01,2.246194e+01,2.248252e+01,2.248939e+01,2.250311e+01,2.246880e+01,2.245507e+01,2.257169e+01,2.247566e+01,2.242762e+01,2.254426e+01,2.251683e+01,2.247566e+01,2.231771e+01,2.255112e+01,2.248939e+01,2.245507e+01,2.224896e+01,2.242762e+01,2.235894e+01,2.236581e+01,2.246880e+01,2.240015e+01,2.236581e+01,2.249625e+01,2.250311e+01,2.236581e+01,2.251683e+01,2.249625e+01,2.233146e+01,2.244821e+01,2.237955e+01,2.236581e+01,2.240015e+01,2.237268e+01,2.231084e+01,2.240015e+01,2.239328e+01,2.235894e+01,2.238642e+01,2.240702e+01,2.236581e+01,2.237955e+01,2.235207e+01,2.240702e+01,2.246194e+01,2.250311e+01,2.234520e+01,2.235207e+01,2.242762e+01,2.242075e+01,2.245507e+01,2.255798e+01,2.254426e+01,2.244821e+01,2.245507e+01,2.255112e+01,2.248939e+01,2.257854e+01,2.254426e+01,2.251683e+01,2.259911e+01,2.255112e+01,2.267447e+01,2.260596e+01,2.257169e+01,2.257169e+01,2.262652e+01,2.266078e+01,2.261282e+01,2.266763e+01,2.270871e+01,2.275663e+01,2.268817e+01,2.270187e+01,2.266763e+01,2.280452e+01,2.285239e+01,2.286607e+01,2.271556e+01,2.270187e+01,2.272241e+01,2.272925e+01,2.268132e+01,2.285239e+01,2.274294e+01,2.274978e+01,2.257854e+01,2.231771e+01,2.167654e+01,2.169728e+01,2.169037e+01,2.169728e+01,2.175258e+01,2.185620e+01,2.184929e+01,2.184929e+01,2.200107e+01,2.185620e+01,2.199418e+01,2.196660e+01,2.200107e+01,2.197349e+01,2.189761e+01,2.199418e+01,2.186310e+01,2.200797e+01,2.193211e+01,2.196660e+01,2.201486e+01,2.202865e+01,2.200107e+01,2.199418e+01,2.207688e+01,2.210443e+01,2.223520e+01,2.211132e+01,2.218016e+01,2.220769e+01,2.224896e+01,2.213198e+01,2.219393e+01,2.211821e+01,2.198729e+01,2.208377e+01,2.226959e+01,2.218705e+01,2.209755e+01,2.209066e+01,2.208377e+01,2.216640e+01,2.203554e+01,2.209755e+01,2.209066e+01,2.204932e+01,2.208377e+01,2.218705e+01,2.209066e+01,2.218705e+01,2.208377e+01,2.212509e+01,2.207688e+01,2.207688e+01,2.201486e+01,2.208377e+01,2.207688e+01,2.208377e+01,2.207688e+01,2.200797e+01,2.195280e+01,2.202176e+01,2.200107e+01,2.183548e+01,2.209066e+01,2.197349e+01,2.198729e+01,2.209066e+01,2.201486e+01,2.213198e+01,2.210443e+01,2.204243e+01,2.209755e+01,2.206310e+01,2.199418e+01,2.194591e+01,2.205621e+01,2.192521e+01,2.194591e+01,2.195280e+01,2.209755e+01,2.193211e+01,2.198039e+01,2.198729e+01,2.187000e+01,2.193211e+01,2.201486e+01,2.191831e+01,2.191831e+01,2.184239e+01,2.186310e+01,2.180786e+01,2.177332e+01,2.173185e+01,2.179404e+01,2.184929e+01,2.193901e+01,2.183548e+01,2.187691e+01,2.180095e+01,2.191831e+01,2.196660e+01,2.194591e+01,2.196660e+01,2.192521e+01,2.211821e+01,2.209755e+01,2.213198e+01,2.215952e+01,2.215263e+01,2.209755e+01,2.215263e+01,2.221457e+01,2.209755e+01,2.226959e+01,2.212509e+01,2.211132e+01,2.212509e+01,2.211821e+01,2.209755e+01,2.210443e+01,2.204243e+01,2.204243e+01,2.193901e+01,2.204932e+01,2.197349e+01,2.193901e+01,2.198729e+01,2.198039e+01,2.200797e+01,2.189071e+01,2.184929e+01,2.162119e+01,2.186310e+01,2.155197e+01,2.153812e+01,2.164887e+01,2.166962e+01,2.198729e+01,2.204243e+01,2.213886e+01,2.242762e+01,2.234520e+01,2.250311e+01,2.247566e+01,2.242075e+01,2.254426e+01,2.242075e+01,2.259225e+01,2.253741e+01,2.263337e+01,2.255112e+01,2.262652e+01,2.258540e+01,2.261967e+01,2.258540e+01,2.264708e+01,2.258540e+01,2.259911e+01,2.262652e+01,2.258540e+01,2.261282e+01,2.254426e+01,2.253055e+01,2.259225e+01,2.254426e+01,2.251683e+01,2.247566e+01,2.253741e+01,2.257169e+01,2.271556e+01,2.259911e+01,2.258540e+01,2.254426e+01,2.259911e+01,2.254426e+01,2.252369e+01,2.251683e+01,2.259225e+01,2.252369e+01,2.256483e+01,2.249625e+01,2.247566e+01,2.249625e+01,2.253055e+01,2.253741e+01,2.255798e+01,2.246880e+01,2.251683e+01,2.237955e+01,2.242762e+01,2.247566e+01,2.262652e+01,2.248252e+01,2.259911e+01,2.235894e+01,2.248252e+01,2.247566e+01,2.251683e+01,2.257169e+01,2.248939e+01,2.248252e+01,2.248252e+01,2.247566e+01,2.248252e+01,2.249625e+01,2.248939e+01,2.249625e+01,2.248939e+01,2.246880e+01,2.244135e+01,2.240702e+01,2.252369e+01,2.245507e+01,2.250311e+01,2.245507e+01,2.250311e+01,2.245507e+01,2.249625e+01,2.244135e+01,2.238642e+01,2.237268e+01,2.236581e+01,2.237268e+01,2.237955e+01,2.242075e+01,2.235894e+01,2.242075e+01,2.240015e+01,2.237268e+01,2.233833e+01,2.221457e+01,2.233146e+01,2.225584e+01,2.226959e+01,2.218016e+01,2.215952e+01,2.218016e+01,2.204932e+01,2.215263e+01,2.211132e+01,2.215263e+01,2.212509e+01,2.213198e+01,2.213198e+01,2.213886e+01,2.214575e+01,2.198039e+01,2.211132e+01,2.209755e+01,2.206999e+01,2.201486e+01,2.212509e+01,2.201486e+01,2.212509e+01,2.198729e+01,2.210443e+01,2.189761e+01,2.196660e+01,2.192521e+01,2.193901e+01,2.195280e+01,2.211821e+01,2.215263e+01,2.216640e+01,2.216640e+01,2.213198e+01,2.204243e+01,2.199418e+01,2.207688e+01,2.208377e+01,2.218705e+01,2.212509e+01,2.216640e+01,2.193211e+01,2.207688e+01,2.206310e+01,2.217328e+01,2.198729e+01,2.208377e+01,2.214575e+01,2.214575e+01,2.213886e+01,2.214575e+01,2.202176e+01,2.211132e+01
2.244135e+01,2.243448e+01,2.241389e+01,2.248939e+01,2.249625e+01,2.249625e+01,2.248939e+01,2.257169e+01,2.253055e+01,2.252369e+01,2.247566e+01,2.251683e+01,2.240015e+01,2.250311e+01,2.255798e+01,2.246194e+01,2.255112e+01,2.256483e+01,2.250311e+01,2.249625e+01,2.255112e+01,2.251683e+01,2.246880e+01,2.248939e+01,2.258540e+01,2.264708e+01,2.257169e+01,2.268817e+01,2.266763e+01,2.268132e+01,2.264708e+01,2.247566e+01,2.247566e+01,2.260596e+01,2.256483e+01,2.259225e+01,2.261282e+01,2.256483e+01,2.261282e+01,2.253741e+01,2.241389e+01,2.260596e+01,2.250311e+01,2.253741e+01,2.248939e+01,2.253741e+01,2.257169e+01,2.255798e+01,2.259911e+01,2.270187e+01,2.265392e+01,2.261282e+01,2.256483e+01,2.253741e+01,2.258540e+01,2.262652e+01,2.264022e+01,2.268132e+01,2.250311e+01,2.252369e+01,2.261282e+01,2.262652e+01,2.252369e+01,2.255112e+01,2.264022e+01,2.264022e+01,2.264708e+01,2.260596e+01,2.259911e+01,2.264708e+01,2.257169e+01,2.257854e+01,2.256483e+01,2.259225e+01,2.253055e+01,2.254426e+01,2.255112e+01,2.252369e+01,2.253055e+01,2.255112e+01,2.250311e+01,2.242762e+01,2.247566e+01,2.245507e+01,2.231771e+01,2.239328e+01,2.241389e+01,2.245507e+01,2.240702e+01,2.246194e+01,2.227647e+01,2.220769e+01,2.226271e+01,2.224208e+01,2.224896e+01,2.222145e+01,2.213886e+01,2.223520e+01,2.209066e+01,2.222833e+01,2.204932e+01,2.206999e+01,2.212509e+01,2.204932e+01,2.205621e+01,2.204932e+01,2.206310e+01,2.205621e+01,2.208377e+01,2.212509e+01,2.214575e+01,2.210443e+01,2.209755e+01,2.209066e+01,2.217328e+01,2.220081e+01,2.212509e+01,2.208377e+01,2.211821e+01,2.215952e+01,2.224208e+01,2.219393e+01,2.226271e+01,2.224896e+01,2.227647e+01,2.221457e+01,2.226959e+01,2.229022e+01,2.228334e+01,2.220769e+01,2.220769e+01,2.219393e+01,2.232458e+01,2.222145e+01,2.231084e+01,2.221457e+01,2.226959e+01,2.222833e+01,2.229022e+01,2.236581e+01,2.236581e+01,2.236581e+01,2.227647e+01,2.231771e+01,2.234520e+01,2.240015e+01,2.242075e+01,2.229709e+01,2.232458e+01,2.247566e+01,2.234520e+01,2.245507e+01,2.244821e+01,2.246880e+01,2.237955e+01,2.245507e+01,2.237955e+01,2.248252e+01,2.241389e+01,2.241389e+01,2.250997e+01,2.246880e+01,2.241389e+01,2.238642e+01,2.242075e+01,2.246194e+01,2.240702e+01,2.243448e+01,2.245507e+01,2.245507e+01,2.233833e+01,2.246880e+01,2.227647e+01,2.243448e+01,2.241389e+01,2.233833e+01,2.235894e+01,2.231771e+01,2.231771e+01,2.234520e+01,2.227647e+01,2.222833e+01,2.219393e+01,2.224208e+01,2.229022e+01,2.221457e+01,2.222833e+01,2.218705e+01,2.219393e+01,2.227647e+01,2.222145e+01,2.229022e+01,2.232458e+01,2.225584e+01,2.229709e+01,2.224896e+01,2.225584e+01,2.226959e+01,2.225584e+01,2.228334e+01,2.225584e+01,2.233833e+01,2.220081e+01,2.222145e+01,2.225584e+01,2.229022e+01,2.224208e+01,2.226959e+01,2.226271e+01,2.222833e+01,2.234520e+01,2.224896e+01,2.226271e+01,2.215263e+01,2.218705e+01,2.223520e+01,2.220769e+01,2.229709e+01,2.226959e+01,2.229709e+01,2.229709e+01,2.224896e+01,2.229709e+01,2.230396e+01,2.228334e+01,2.225584e+01,2.222145e+01,2.231771e+01,2.237268e+01,2.232458e+01,2.231084e+01,2.230396e+01,2.232458e+01,2.234520e+01,2.233146e+01,2.235207e+01,2.229709e+01,2.232458e+01,2.233833e+01,2.230396e+01,2.227647e+01,2.235207e+01,2.233146e+01,2.234520e+01,2.233833e+01,2.229709e+01,2.233833e+01,2.227647e+01,2.231084e+01,2.237268e+01,2.232458e+01,2.232458e+01,2.231771e+01,2.234520e+01,2.235894e+01,2.237268e+01,2.233833e+01,2.240015e+01,2.231084e+01,2.246194e+01,2.244821e+01,2.242762e+01,2.247566e+01,2.249625e+01,2.244821e+01,2.244135e+01,2.239328e+01,2.248939e+01,2.250997e+01,2.249625e+01,2.244821e+01,2.248939e+01,2.241389e+01,2.246194e+01,2.240702e+01,2.244135e+01,2.252369e+01,2.248252e+01,2.259225e+01,2.244821e+01,2.244821e+01,2.249625e+01,2.247566e+01,2.238642e+01,2.250997e+01,2.246194e+01,2.246194e+01,2.244821e+01,2.247566e+01,2.244821e+01,2.239328e+01,2.248252e+01,2.248252e+01,2.242762e+01,2.250997e+01,2.241389e+01,2.240015e+01,2.237268e+01,2.241389e+01,2.242075e+01,2.241389e+01,2.240702e+01,2.233146e+01,2.240015e+01,2.240015e+01,2.241389e+01,2.241389e+01,2.240015e+01,2.241389e+01,2.250311e+01,2.233833e+01,2.248252e+01,2.245507e+01,2.247566e+01,2.243448e+01,2.244135e+01,2.245507e+01,2.243448e+01,2.259911e+01,2.245507e+01,2.264708e+01,2.267447e+01,2.255112e+01,2.255798e+01,2.261282e+01,2.256483e+01,2.264022e+01,2.258540e+01,2.265392e+01,2.266763e+01,2.272241e+01,2.276347e+01,2.269502e+01,2.272241e+01,2.267447e+01,2.271556e+01,2.268817e+01,2.269502e+01,2.279084e+01,2.274294e+01,2.287290e+01,2.281136e+01,2.281820e+01,2.278400e+01,2.276347e+01,2.274978e+01,2.277032e+01,2.281136e+01,2.272241e+01,2.278400e+01,2.282504e+01,2.280452e+01,2.273610e+01,2.270871e+01,2.205621e+01,2.194591e+01,2.170420e+01,2.169037e+01,2.175949e+01,2.191831e+01,2.184929e+01,2.183548e+01,2.187000e+01,2.200107e+01,2.198729e+01,2.191141e+01,2.194591e+01,2.199418e+01,2.195280e+01,2.201486e+01,2.198729e+01,2.198039e+01,2.202176e+01,2.198039e+01,2.197349e+01,2.206310e+01,2.201486e+01,2.218016e+01,2.205621e+01,2.212509e+01,2.216640e+01,2.211132e+01,2.231771e+01,2.231771e+01,2.219393e+01,2.226959e+01,2.215952e+01,2.209755e+01,2.211821e+01,2.209755e+01,2.204243e+01,2.215263e+01,2.213886e+01,2.205621e+01,2.216640e+01,2.204932e+01,2.218705e+01,2.215952e+01,2.221457e+01,2.215952e+01,2.224208e+01,2.216640e+01,2.215952e+01,2.218016e+01,2.218016e+01,2.215952e+01,2.215263e+01,2.211821e+01,2.209066e+01,2.204932e+01,2.202865e+01,2.201486e+01,2.209755e+01,2.200107e+01,2.209755e+01,2.206310e+01,2.194591e+01,2.209755e+01,2.208377e+01,2.200797e+01,2.204932e+01,2.197349e+01,2.209066e+01,2.206999e+01,2.213198e+01,2.215263e+01,2.200107e+01,2.200797e+01,2.203554e+01,2.193901e+01,2.198729e+01,2.201486e+01,2.224208e+01,2.196660e+01,2.199418e+01,2.193211e+01,2.200797e+01,2.189761e+01,2.195970e+01,2.200107e+01,2.193211e+01,2.197349e+01,2.191141e+01,2.200797e+01,2.189071e+01,2.188381e+01,2.179404e+01,2.185620e+01,2.176641e+01,2.181476e+01,2.178022e+01,2.198039e+01,2.203554e+01,2.204243e+01,2.196660e+01,2.197349e+01,2.204932e+01,2.210443e+01,2.208377e+01,2.206999e+01,2.220769e+01,2.215263e+01,2.215263e+01,2.213198e+01,2.227647e+01,2.213886e+01,2.225584e+01,2.216640e+01,2.215263e+01,2.215263e+01,2.217328e+01,2.206999e+01,2.214575e+01,2.209755e+01,2.211821e+01,2.204932e+01,2.206999e+01,2.201486e+01,2.197349e+01,2.199418e+01,2.188381e+01,2.198039e+01,2.193211e+01,2.178022e+01,2.187691e+01,2.182858e+01,2.173185e+01,2.173185e+01,2.148270e+01,2.153119e+01,2.151042e+01,2.183548e+01,2.233146e+01,2.235894e+01,2.246194e+01,2.231771e+01,2.244821e+01,2.250311e+01,2.249625e+01,2.246880e+01,2.252369e+01,2.259911e+01,2.257854e+01,2.248939e+01,2.261967e+01,2.255798e+01,2.264022e+01,2.256483e+01,2.265392e+01,2.257854e+01,2.260596e+01,2.261967e+01,2.257854e+01,2.266763e+01,2.250311e+01,2.256483e+01,2.253741e+01,2.254426e+01,2.274294e+01,2.261967e+01,2.272241e+01,2.255798e+01,2.257854e+01,2.261282e+01,2.257169e+01,2.246880e+01,2.259225e+01,2.261967e+01,2.261282e+01,2.260596e+01,2.255112e+01,2.256483e+01,2.253055e+01,2.270871e+01,2.255798e+01,2.264022e+01,2.247566e+01,2.252369e+01,2.258540e+01,2.255798e+01,2.261282e+01,2.258540e+01,2.246880e+01,2.253055e+01,2.238642e+01,2.259911e+01,2.254426e+01,2.250311e+01,2.248939e+01,2.265392e+01,2.253055e+01,2.244135e+01,2.251683e+01,2.255798e+01,2.255112e+01,2.244821e+01,2.248939e+01,2.246194e+01,2.249625e+01,2.240015e+01,2.253055e+01,2.247566e+01,2.241389e+01,2.246880e+01,2.250311e+01,2.245507e+01,2.245507e+01,2.250311e+01,2.257854e+01,2.261967e+01,2.244821e+01,2.255112e+01,2.245507e+01,2.238642e+01,2.248939e+01,2.235894e+01,2.244821e+01,2.240015e+01,2.248939e+01,2.237268e+01,2.230396e+01,2.240702e+01,2.234520e+01,2.240702e+01,2.236581e+01,2.229022e+01,2.227647e+01,2.229022e+01,2.219393e+01,2.216640e+01,2.214575e+01,2.207688e+01,2.221457e+01,2.217328e+01,2.213886e+01,2.211132e+01,2.212509e+01,2.214575e+01,2.209755e+01,2.206999e+01,2.211132e+01,2.202865e+01,2.200797e+01,2.213886e+01,2.203554e+01,2.195970e+01,2.212509e+01,2.211132e+01,2.210443e+01,2.213198e+01,2.211821e+01,2.191831e+01,2.209066e+01,2.200107e+01,2.205621e+01,2.211132e+01,2.213198e+01,2.218016e+01,2.220769e+01,2.207688e+01,2.213198e+01,2.210443e+01,2.217328e+01,2.202176e+01,2.213886e+01,2.212509e+01,2.217328e+01,2.230396e+01,2.219393e+01,2.215952e+01,2.224208e+01,2.209755e+01,2.204932e+01,2.209755e+01,2.209755e+01,2.207688e+01,2.215263e+01,2.209755e+01,2.210443e+01,2.213886e+01
2.245507e+01,2.248252e+01,2.235894e+01,2.244135e+01,2.240702e+01,2.250997e+01,2.248939e+01,2.245507e+01,2.248939e+01,2.264022e+01,2.244821e+01,2.244821e+01,2.248939e+01,2.253055e+01,2.248939e+01,2.248939e+01,2.242762e+01,2.244135e+01,2.242075e+01,2.242075e+01,2.248939e+01,2.252369e+01,2.248939e+01,2.247566e+01,2.250997e+01,2.258540e+01,2.253741e+01,2.257169e+01,2.254426e+01,2.253741e+01,2.258540e+01,2.257169e+01,2.252369e+01,2.252369e+01,2.256483e+01,2.259225e+01,2.246880e+01,2.259225e+01,2.255798e+01,2.250311e+01,2.250997e+01,2.253055e+01,2.260596e+01,2.268817e+01,2.243448e+01,2.254426e+01,2.252369e+01,2.248252e+01,2.256483e+01,2.267447e+01,2.265392e+01,2.259225e+01,2.263337e+01,2.253741e+01,2.266078e+01,2.250311e+01,2.261282e+01,2.257854e+01,2.266078e+01,2.248939e+01,2.242762e+01,2.250997e+01,2.249625e+01,2.249625e+01,2.261282e+01,2.274294e+01,2.262652e+01,2.266763e+01,2.264708e+01,2.266763e+01,2.262652e+01,2.257169e+01,2.261282e+01,2.256483e+01,2.257854e+01,2.253055e+01,2.259911e+01,2.261282e+01,2.253741e+01,2.249625e+01,2.253741e+01,2.242762e+01,2.246194e+01,2.250997e+01,2.250311e+01,2.243448e+01,2.241389e+01,2.242075e+01,2.241389e+01,2.242762e+01,2.231084e+01,2.229022e+01,2.229709e+01,2.210443e+01,2.218705e+01,2.215952e+01,2.201486e+01,2.209755e+01,2.207688e+01,2.203554e+01,2.210443e+01,2.208377e+01,2.212509e+01,2.209755e+01,2.204243e+01,2.215263e+01,2.209066e+01,2.216640e+01,2.208377e+01,2.209755e+01,2.201486e+01,2.212509e+01,2.219393e+01,2.218016e+01,2.213886e+01,2.213198e+01,2.213198e+01,2.213198e+01,2.215263e+01,2.209066e+01,2.222833e+01,2.213198e+01,2.215263e+01,2.226959e+01,2.221457e+01,2.224208e+01,2.216640e+01,2.224208e+01,2.226959e+01,2.216640e+01,2.224208e+01,2.220081e+01,2.218016e+01,2.219393e+01,2.219393e+01,2.230396e+01,2.224896e+01,2.220769e+01,2.237955e+01,2.229022e+01,2.231771e+01,2.235207e+01,2.227647e+01,2.233146e+01,2.237955e+01,2.235207e+01,2.230396e+01,2.236581e+01,2.225584e+01,2.230396e+01,2.244821e+01,2.243448e+01,2.237955e+01,2.253055e+01,2.248939e+01,2.242075e+01,2.241389e+01,2.235207e+01,2.249625e+01,2.237955e+01,2.243448e+01,2.248252e+01,2.244135e+01,2.242762e+01,2.247566e+01,2.237268e+01,2.237955e+01,2.244135e+01,2.240702e+01,2.240702e+01,2.235894e+01,2.242762e+01,2.246194e+01,2.237955e+01,2.238642e+01,2.240015e+01,2.237268e+01,2.233833e+01,2.234520e+01,2.224208e+01,2.223520e+01,2.235894e+01,2.226271e+01,2.229709e+01,2.225584e+01,2.223520e+01,2.229709e+01,2.224208e+01,2.237955e+01,2.230396e+01,2.226271e+01,2.224896e+01,2.229022e+01,2.215263e+01,2.237268e+01,2.209066e+01,2.225584e+01,2.225584e+01,2.219393e+01,2.224208e+01,2.224208e+01,2.222145e+01,2.222833e+01,2.225584e+01,2.224896e+01,2.226271e+01,2.225584e+01,2.219393e+01,2.215263e+01,2.220081e+01,2.220081e+01,2.213198e+01,2.235207e+01,2.220769e+01,2.224896e+01,2.224896e+01,2.235207e+01,2.222833e+01,2.239328e+01,2.223520e+01,2.220081e+01,2.224896e+01,2.226959e+01,2.231771e+01,2.229709e+01,2.231084e+01,2.231084e+01,2.233146e+01,2.231771e+01,2.229022e+01,2.227647e+01,2.229022e+01,2.231771e+01,2.221457e+01,2.233146e+01,2.235207e+01,2.227647e+01,2.235207e+01,2.229022e+01,2.231084e+01,2.228334e+01,2.229022e+01,2.226959e+01,2.226271e+01,2.235894e+01,2.224208e+01,2.228334e+01,2.221457e+01,2.238642e+01,2.229022e+01,2.231084e+01,2.231084e+01,2.233833e+01,2.236581e+01,2.228334e+01,2.236581e+01,2.228334e+01,2.240015e+01,2.229022e+01,2.242075e+01,2.237268e+01,2.240015e+01,2.231771e+01,2.240015e+01,2.246880e+01,2.243448e+01,2.244821e+01,2.242075e+01,2.239328e+01,2.245507e+01,2.240702e+01,2.249625e+01,2.253741e+01,2.252369e+01,2.253741e+01,2.233146e+01,2.248252e+01,2.248252e+01,2.248939e+01,2.237268e+01,2.233833e+01,2.253055e+01,2.240702e+01,2.242075e+01,2.253055e+01,2.252369e+01,2.249625e+01,2.240015e+01,2.246880e+01,2.243448e+01,2.240015e+01,2.236581e+01,2.236581e+01,2.244135e+01,2.235207e+01,2.242762e+01,2.240702e+01,2.229709e+01,2.234520e+01,2.243448e+01,2.241389e+01,2.234520e+01,2.244135e+01,2.241389e+01,2.240015e+01,2.242762e+01,2.241389e+01,2.236581e+01,2.248252e+01,2.237955e+01,2.240015e+01,2.237955e+01,2.242762e+01,2.240015e+01,2.247566e+01,2.259225e+01,2.246880e+01,2.253055e+01,2.250997e+01,2.250311e+01,2.253055e+01,2.265392e+01,2.257854e+01,2.261282e+01,2.267447e+01,2.265392e+01,2.265392e+01,2.271556e+01,2.266078e+01,2.273610e+01,2.270187e+01,2.272925e+01,2.270187e+01,2.269502e+01,2.281820e+01,2.273610e+01,2.277716e+01,2.280452e+01,2.268817e+01,2.267447e+01,2.264022e+01,2.271556e+01,2.277716e+01,2.289341e+01,2.271556e+01,2.272925e+01,2.285923e+01,2.271556e+01,2.272241e+01,2.280452e+01,2.279768e+01,2.278400e+01,2.275663e+01,2.269502e+01,2.250311e+01,2.204932e+01,2.201486e+01,2.166962e+01,2.178713e+01,2.182858e+01,2.184929e+01,2.193901e+01,2.185620e+01,2.189071e+01,2.183548e+01,2.182858e+01,2.190451e+01,2.193901e+01,2.194591e+01,2.194591e+01,2.192521e+01,2.202176e+01,2.201486e+01,2.196660e+01,2.206999e+01,2.214575e+01,2.195970e+01,2.208377e+01,2.195970e+01,2.210443e+01,2.204243e+01,2.209066e+01,2.213198e+01,2.218016e+01,2.222145e+01,2.209066e+01,2.213198e+01,2.207688e+01,2.208377e+01,2.205621e+01,2.211821e+01,2.206999e+01,2.212509e+01,2.211821e+01,2.211132e+01,2.217328e+01,2.208377e+01,2.204243e+01,2.229709e+01,2.207688e+01,2.218705e+01,2.211132e+01,2.206999e+01,2.213886e+01,2.215952e+01,2.211821e+01,2.214575e+01,2.211132e+01,2.209755e+01,2.203554e+01,2.206310e+01,2.211132e+01,2.199418e+01,2.204932e+01,2.207688e+01,2.209066e+01,2.210443e+01,2.205621e+01,2.206999e+01,2.195970e+01,2.201486e+01,2.209066e+01,2.206999e+01,2.207688e+01,2.215263e+01,2.215263e+01,2.202176e+01,2.206999e+01,2.205621e+01,2.196660e+01,2.203554e+01,2.198039e+01,2.202176e+01,2.195970e+01,2.195970e+01,2.194591e+01,2.195280e+01,2.194591e+01,2.193211e+01,2.193901e+01,2.192521e+01,2.182167e+01,2.189761e+01,2.181476e+01,2.181476e+01,2.180095e+01,2.186310e+01,2.184239e+01,2.176641e+01,2.187000e+01,2.202176e+01,2.191831e+01,2.200107e+01,2.192521e+01,2.193901e+01,2.200107e+01,2.201486e+01,2.218705e+01,2.208377e+01,2.218016e+01,2.213198e+01,2.214575e+01,2.231771e+01,2.212509e+01,2.213198e+01,2.220081e+01,2.218705e+01,2.209755e+01,2.214575e+01,2.215952e+01,2.213198e+01,2.211821e+01,2.210443e+01,2.203554e+01,2.195970e+01,2.203554e+01,2.196660e+01,2.193211e+01,2.200107e+01,2.197349e+01,2.189761e+01,2.196660e+01,2.178713e+01,2.164195e+01,2.187000e+01,2.162119e+01,2.182858e+01,2.144805e+01,2.154505e+01,2.137871e+01,2.165579e+01,2.199418e+01,2.220769e+01,2.231771e+01,2.221457e+01,2.239328e+01,2.236581e+01,2.253741e+01,2.245507e+01,2.236581e+01,2.252369e+01,2.248939e+01,2.248939e+01,2.240015e+01,2.255112e+01,2.250997e+01,2.248252e+01,2.255798e+01,2.261282e+01,2.265392e+01,2.261282e+01,2.257169e+01,2.251683e+01,2.253055e+01,2.258540e+01,2.263337e+01,2.253055e+01,2.253741e+01,2.249625e+01,2.254426e+01,2.264022e+01,2.256483e+01,2.257169e+01,2.253055e+01,2.254426e+01,2.245507e+01,2.259911e+01,2.251683e+01,2.260596e+01,2.255798e+01,2.261282e+01,2.246880e+01,2.250997e+01,2.247566e+01,2.258540e+01,2.257854e+01,2.259911e+01,2.242762e+01,2.255112e+01,2.244821e+01,2.245507e+01,2.254426e+01,2.250311e+01,2.253741e+01,2.251683e+01,2.249625e+01,2.234520e+01,2.240015e+01,2.245507e+01,2.264022e+01,2.255112e+01,2.246880e+01,2.247566e+01,2.253055e+01,2.247566e+01,2.243448e+01,2.257169e+01,2.256483e+01,2.248252e+01,2.246880e+01,2.261282e+01,2.248939e+01,2.242075e+01,2.246880e+01,2.247566e+01,2.244821e+01,2.244135e+01,2.240702e+01,2.244821e+01,2.243448e+01,2.246880e+01,2.242762e+01,2.242762e+01,2.240015e+01,2.242075e+01,2.246880e+01,2.239328e+01,2.233146e+01,2.229709e+01,2.240015e+01,2.227647e+01,2.235207e+01,2.240702e+01,2.229022e+01,2.230396e+01,2.237955e+01,2.220081e+01,2.216640e+01,2.218705e+01,2.229022e+01,2.215952e+01,2.209066e+01,2.209755e+01,2.202865e+01,2.208377e+01,2.212509e+01,2.200797e+01,2.209755e+01,2.204932e+01,2.200797e+01,2.211132e+01,2.200797e+01,2.201486e+01,2.190451e+01,2.213198e+01,2.207688e+01,2.210443e+01,2.189761e+01,2.211821e+01,2.211821e+01,2.192521e+01,2.206310e+01,2.211132e+01,2.214575e+01,2.214575e+01,2.198729e+01,2.218016e+01,2.219393e+01,2.219393e+01,2.224208e+01,2.209755e+01,2.220769e+01,2.215952e+01,2.218016e+01,2.212509e+01,2.211821e+01,2.207688e+01,2.209066e+01,2.213886e+01,2.215263e+01,2.207688e+01,2.210443e+01,2.214575e+01,2.209066e+01,2.222833e+01,2.205621e+01,2.208377e+01,2.213886e+01,2.203554e+01,2.212509e+01
2.240702e+01,2.244135e+01,2.235207e+01,2.248252e+01,2.248252e+01,2.247566e+01,2.241389e+01,2.241389e+01,2.244821e+01,2.253741e+01,2.243448e+01,2.255112e+01,2.246194e+01,2.245507e+01,2.246880e+01,2.246194e+01,2.244821e+01,2.248252e+01,2.244135e+01,2.248939e+01,2.244821e+01,2.247566e+01,2.258540e+01,2.243448e+01,2.245507e+01,2.251683e+01,2.248939e+01,2.242075e+01,2.252369e+01,2.261282e+01,2.248939e+01,2.250997e+01,2.248252e+01,2.244821e+01,2.253055e+01,2.250311e+01,2.246880e+01,2.255112e+01,2.253741e+01,2.249625e+01,2.247566e+01,2.250311e+01,2.255798e+01,2.255798e+01,2.248252e+01,2.242762e+01,2.255112e+01,2.248939e+01,2.252369e+01,2.250997e+01,2.263337e+01,2.257854e+01,2.257854e+01,2.260596e+01,2.260596e+01,2.264022e+01,2.258540e+01,2.252369e+01,2.253741e+01,2.252369e+01,2.259225e+01,2.248939e+01,2.264708e+01,2.261967e+01,2.257169e+01,2.261967e+01,2.259225e+01,2.249625e+01,2.258540e+01,2.262652e+01,2.255112e+01,2.248939e+01,2.260596e+01,2.251683e+01,2.254426e+01,2.256483e+01,2.257169e+01,2.258540e+01,2.249625e+01,2.247566e+01,2.247566e+01,2.243448e+01,2.240702e+01,2.233833e+01,2.256483e+01,2.241389e+01,2.238642e+01,2.231084e+01,2.235207e+01,2.233146e+01,2.229709e+01,2.226271e+01,2.226959e+01,2.223520e+01,2.220081e+01,2.203554e+01,2.220769e+01,2.222145e+01,2.209066e+01,2.206310e+01,2.204932e+01,2.210443e+01,2.207688e+01,2.213886e+01,2.218705e+01,2.206310e+01,2.200797e+01,2.210443e+01,2.211821e+01,2.213198e+01,2.224208e+01,2.210443e+01,2.216640e+01,2.211132e+01,2.215263e+01,2.216640e+01,2.220769e+01,2.212509e+01,2.214575e+01,2.211132e+01,2.215263e+01,2.223520e+01,2.213886e+01,2.214575e+01,2.213886e+01,2.208377e+01,2.225584e+01,2.213198e+01,2.226959e+01,2.224208e+01,2.226271e+01,2.222833e+01,2.223520e+01,2.219393e+01,2.222145e+01,2.218016e+01,2.229022e+01,2.224896e+01,2.230396e+01,2.222833e+01,2.221457e+01,2.231084e+01,2.231084e+01,2.233833e+01,2.232458e+01,2.229709e+01,2.231084e+01,2.235894e+01,2.239328e+01,2.238642e+01,2.237955e+01,2.232458e+01,2.240702e+01,2.239328e+01,2.243448e+01,2.246880e+01,2.239328e+01,2.237955e+01,2.237955e+01,2.246194e+01,2.253055e+01,2.233833e+01,2.244821e+01,2.240015e+01,2.237955e+01,2.245507e+01,2.237955e+01,2.238642e+01,2.237268e+01,2.235207e+01,2.230396e+01,2.226959e+01,2.245507e+01,2.228334e+01,2.250997e+01,2.238642e+01,2.230396e+01,2.235207e+01,2.234520e+01,2.236581e+01,2.205621e+01,2.224208e+01,2.238642e+01,2.231084e+01,2.229022e+01,2.223520e+01,2.231084e+01,2.231771e+01,2.227647e+01,2.229709e+01,2.226271e+01,2.227647e+01,2.223520e+01,2.230396e+01,2.225584e+01,2.224208e+01,2.222145e+01,2.227647e+01,2.225584e+01,2.221457e+01,2.222833e+01,2.222833e+01,2.225584e+01,2.212509e+01,2.225584e+01,2.224896e+01,2.220769e+01,2.220769e+01,2.218016e+01,2.218016e+01,2.216640e+01,2.220769e+01,2.229709e+01,2.217328e+01,2.222833e+01,2.238642e+01,2.231084e+01,2.223520e+01,2.231084e+01,2.226271e+01,2.230396e+01,2.229709e+01,2.224208e+01,2.230396e+01,2.226271e+01,2.232458e+01,2.223520e+01,2.230396e+01,2.229709e+01,2.229022e+01,2.228334e+01,2.229709e+01,2.231771e+01,2.229709e+01,2.224896e+01,2.233833e+01,2.229709e+01,2.227647e+01,2.224208e+01,2.237268e+01,2.229709e+01,2.233833e+01,2.236581e+01,2.235894e+01,2.232458e+01,2.233833e+01,2.233146e+01,2.229022e+01,2.230396e+01,2.220769e+01,2.222833e+01,2.229022e+01,2.222833e+01,2.231084e+01,2.230396e+01,2.231084e+01,2.239328e+01,2.233833e+01,2.242762e+01,2.235207e+01,2.240015e+01,2.240015e+01,2.239328e+01,2.229709e+01,2.240702e+01,2.238642e+01,2.240702e+01,2.238642e+01,2.240702e+01,2.237268e+01,2.240015e+01,2.248252e+01,2.237955e+01,2.253741e+01,2.244135e+01,2.224208e+01,2.244821e+01,2.244135e+01,2.248252e+01,2.258540e+01,2.237268e+01,2.246880e+01,2.243448e+01,2.237268e+01,2.246194e+01,2.246194e+01,2.257854e+01,2.235207e+01,2.240702e+01,2.234520e+01,2.246880e+01,2.247566e+01,2.248252e+01,2.237955e+01,2.236581e+01,2.240702e+01,2.233146e+01,2.242075e+01,2.237268e+01,2.237268e+01,2.228334e+01,2.240702e+01,2.241389e+01,2.246880e+01,2.248252e+01,2.248252e+01,2.247566e+01,2.242075e+01,2.241389e+01,2.246194e+01,2.229709e+01,2.243448e+01,2.240702e+01,2.251683e+01,2.250997e+01,2.246194e+01,2.257854e+01,2.252369e+01,2.251683e+01,2.253055e+01,2.248939e+01,2.250997e+01,2.258540e+01,2.269502e+01,2.262652e+01,2.264708e+01,2.267447e+01,2.271556e+01,2.270871e+01,2.268132e+01,2.272241e+01,2.270187e+01,2.273610e+01,2.281136e+01,2.273610e+01,2.284555e+01,2.281136e+01,2.285923e+01,2.279084e+01,2.281136e+01,2.271556e+01,2.292074e+01,2.270187e+01,2.266078e+01,2.290707e+01,2.268132e+01,2.272241e+01,2.264708e+01,2.262652e+01,2.270187e+01,2.260596e+01,2.253055e+01,2.250311e+01,2.267447e+01,2.255112e+01,2.245507e+01,2.200797e+01,2.174567e+01,2.184929e+01,2.180786e+01,2.177332e+01,2.186310e+01,2.186310e+01,2.183548e+01,2.184239e+01,2.186310e+01,2.206999e+01,2.194591e+01,2.193901e+01,2.189071e+01,2.195970e+01,2.197349e+01,2.200107e+01,2.187000e+01,2.195970e+01,2.197349e+01,2.194591e+01,2.193901e+01,2.208377e+01,2.196660e+01,2.210443e+01,2.198039e+01,2.209066e+01,2.216640e+01,2.204932e+01,2.220769e+01,2.212509e+01,2.205621e+01,2.211132e+01,2.213198e+01,2.202865e+01,2.213198e+01,2.206310e+01,2.211132e+01,2.213198e+01,2.215952e+01,2.213198e+01,2.207688e+01,2.213198e+01,2.211132e+01,2.223520e+01,2.216640e+01,2.208377e+01,2.215263e+01,2.213886e+01,2.215263e+01,2.213198e+01,2.213886e+01,2.209755e+01,2.206310e+01,2.198729e+01,2.203554e+01,2.207688e+01,2.206999e+01,2.206310e+01,2.210443e+01,2.191141e+01,2.194591e+01,2.206999e+01,2.204243e+01,2.205621e+01,2.205621e+01,2.195970e+01,2.206310e+01,2.189761e+01,2.204243e+01,2.204932e+01,2.194591e+01,2.201486e+01,2.196660e+01,2.198729e+01,2.200797e+01,2.199418e+01,2.195970e+01,2.195280e+01,2.197349e+01,2.193211e+01,2.189761e+01,2.191831e+01,2.191831e+01,2.180786e+01,2.175258e+01,2.180095e+01,2.175949e+01,2.172494e+01,2.172494e+01,2.180786e+01,2.168345e+01,2.175258e+01,2.189761e+01,2.193211e+01,2.184239e+01,2.195280e+01,2.200107e+01,2.191831e+01,2.199418e+01,2.204243e+01,2.204243e+01,2.206999e+01,2.209755e+01,2.220081e+01,2.220769e+01,2.224896e+01,2.213198e+01,2.216640e+01,2.211132e+01,2.194591e+01,2.202865e+01,2.198039e+01,2.194591e+01,2.211132e+01,2.204243e+01,2.202176e+01,2.196660e+01,2.202176e+01,2.204243e+01,2.199418e+01,2.171111e+01,2.183548e+01,2.175258e+01,2.180095e+01,2.185620e+01,2.180095e+01,2.173876e+01,2.172494e+01,2.173185e+01,2.155890e+01,2.156582e+01,2.172494e+01,2.139258e+01,2.146191e+01,2.171802e+01,2.207688e+01,2.220769e+01,2.229709e+01,2.229022e+01,2.243448e+01,2.248252e+01,2.242762e+01,2.244821e+01,2.248939e+01,2.243448e+01,2.248252e+01,2.246880e+01,2.244135e+01,2.260596e+01,2.254426e+01,2.253741e+01,2.256483e+01,2.259225e+01,2.246880e+01,2.251683e+01,2.254426e+01,2.250997e+01,2.253055e+01,2.248939e+01,2.259225e+01,2.245507e+01,2.254426e+01,2.253741e+01,2.244135e+01,2.260596e+01,2.261967e+01,2.248252e+01,2.259225e+01,2.256483e+01,2.260596e+01,2.260596e+01,2.242075e+01,2.260596e+01,2.257854e+01,2.243448e+01,2.253055e+01,2.261282e+01,2.257169e+01,2.243448e+01,2.255798e+01,2.240702e+01,2.246880e+01,2.253741e+01,2.251683e+01,2.249625e+01,2.249625e+01,2.229022e+01,2.248252e+01,2.252369e+01,2.248252e+01,2.242075e+01,2.247566e+01,2.257169e+01,2.252369e+01,2.246194e+01,2.247566e+01,2.237268e+01,2.253741e+01,2.239328e+01,2.249625e+01,2.245507e+01,2.237268e+01,2.248252e+01,2.232458e+01,2.242762e+01,2.236581e+01,2.248252e+01,2.252369e+01,2.242762e+01,2.245507e+01,2.242762e+01,2.245507e+01,2.247566e+01,2.247566e+01,2.245507e+01,2.237955e+01,2.235894e+01,2.237268e+01,2.239328e+01,2.233833e+01,2.233833e+01,2.239328e+01,2.241389e+01,2.224896e+01,2.223520e+01,2.223520e+01,2.224896e+01,2.226271e+01,2.226271e+01,2.215952e+01,2.223520e+01,2.235894e+01,2.211821e+01,2.212509e+01,2.204243e+01,2.199418e+01,2.207688e+01,2.206999e+01,2.201486e+01,2.218016e+01,2.201486e+01,2.198039e+01,2.205621e+01,2.202176e+01,2.200797e+01,2.202176e+01,2.204932e+01,2.215952e+01,2.200797e+01,2.208377e+01,2.193211e+01,2.212509e+01,2.213886e+01,2.207688e+01,2.203554e+01,2.193901e+01,2.211132e+01,2.216640e+01,2.196660e+01,2.209755e+01,2.216640e+01,2.204932e+01,2.205621e+01,2.202865e+01,2.214575e+01,2.205621e+01,2.205621e+01,2.214575e+01,2.213198e+01,2.213198e+01,2.213886e+01,2.215263e+01,2.215263e+01,2.205621e+01,2.206999e+01,2.214575e+01,2.200107e+01,2.193211e+01,2.212509e+01,2.209755e+01,2.212509e+01,2.208377e+01,2.215263e+01
2.233833e+01,2.246194e+01,2.235207e+01,2.233146e+01,2.236581e+01,2.231771e+01,2.245507e+01,2.231771e+01,2.229022e+01,2.233833e+01,2.243448e+01,2.229022e+01,2.239328e+01,2.233146e+01,2.244135e+01,2.236581e+01,2.238642e+01,2.242075e+01,2.229709e+01,2.243448e+01,2.244821e+01,2.246880e+01,2.246194e+01,2.240702e+01,2.250997e+01,2.250997e+01,2.241389e+01,2.250311e+01,2.256483e+01,2.260596e+01,2.238642e+01,2.249625e+01,2.256483e+01,2.248252e+01,2.246880e+01,2.250311e+01,2.247566e+01,2.245507e+01,2.250311e+01,2.246880e+01,2.244135e+01,2.250311e+01,2.235894e+01,2.255798e+01,2.250997e+01,2.235207e+01,2.244821e+01,2.259225e+01,2.251683e+01,2.246880e+01,2.268132e+01,2.254426e+01,2.257169e+01,2.249625e+01,2.265392e+01,2.262652e+01,2.256483e+01,2.256483e+01,2.261282e+01,2.255112e+01,2.269502e+01,2.240015e+01,2.253055e+01,2.251683e+01,2.258540e+01,2.264022e+01,2.263337e+01,2.261967e+01,2.256483e+01,2.261282e+01,2.257169e+01,2.264708e+01,2.260596e+01,2.254426e+01,2.253055e+01,2.241389e+01,2.250997e+01,2.251683e+01,2.252369e+01,2.250997e+01,2.242762e+01,2.274294e+01,2.250997e+01,2.239328e+01,2.239328e+01,2.238642e+01,2.243448e+01,2.236581e+01,2.230396e+01,2.234520e+01,2.228334e+01,2.247566e+01,2.237955e+01,2.227647e+01,2.210443e+01,2.220081e+01,2.220769e+01,2.220081e+01,2.206999e+01,2.204243e+01,2.204243e+01,2.199418e+01,2.211821e+01,2.215263e+01,2.203554e+01,2.208377e+01,2.205621e+01,2.207688e+01,2.213886e+01,2.211821e+01,2.213198e+01,2.215952e+01,2.221457e+01,2.222833e+01,2.216640e+01,2.213886e+01,2.215952e+01,2.216640e+01,2.211132e+01,2.211132e+01,2.218016e+01,2.216640e+01,2.226271e+01,2.209066e+01,2.228334e+01,2.216640e+01,2.217328e+01,2.222833e+01,2.213886e+01,2.220081e+01,2.203554e+01,2.232458e+01,2.221457e+01,2.226959e+01,2.220081e+01,2.221457e+01,2.226271e+01,2.226271e+01,2.224896e+01,2.218705e+01,2.233146e+01,2.231771e+01,2.230396e+01,2.222145e+01,2.235894e+01,2.230396e+01,2.235894e+01,2.237268e+01,2.234520e+01,2.233833e+01,2.242075e+01,2.242075e+01,2.233146e+01,2.244135e+01,2.238642e+01,2.244821e+01,2.242075e+01,2.237268e+01,2.240702e+01,2.234520e+01,2.239328e+01,2.244135e+01,2.257169e+01,2.248252e+01,2.248252e+01,2.245507e+01,2.244135e+01,2.240702e+01,2.242762e+01,2.242762e+01,2.242075e+01,2.239328e+01,2.226959e+01,2.242075e+01,2.242762e+01,2.229709e+01,2.233833e+01,2.237268e+01,2.239328e+01,2.233833e+01,2.233833e+01,2.229022e+01,2.225584e+01,2.229022e+01,2.223520e+01,2.224208e+01,2.227647e+01,2.228334e+01,2.229022e+01,2.229022e+01,2.225584e+01,2.226271e+01,2.232458e+01,2.223520e+01,2.231084e+01,2.215263e+01,2.225584e+01,2.222145e+01,2.223520e+01,2.216640e+01,2.231771e+01,2.216640e+01,2.224896e+01,2.221457e+01,2.222145e+01,2.220081e+01,2.223520e+01,2.221457e+01,2.215952e+01,2.221457e+01,2.219393e+01,2.212509e+01,2.226271e+01,2.235207e+01,2.225584e+01,2.229022e+01,2.227647e+01,2.235894e+01,2.231084e+01,2.216640e+01,2.222833e+01,2.226959e+01,2.227647e+01,2.224208e+01,2.226271e+01,2.229709e+01,2.228334e+01,2.218705e+01,2.230396e+01,2.232458e+01,2.230396e+01,2.225584e+01,2.222833e+01,2.233146e+01,2.233146e+01,2.233833e+01,2.226959e+01,2.226959e+01,2.227647e+01,2.237268e+01,2.231771e+01,2.224208e+01,2.229022e+01,2.231771e+01,2.233146e+01,2.235894e+01,2.231084e+01,2.228334e+01,2.223520e+01,2.227647e+01,2.226271e+01,2.234520e+01,2.237268e+01,2.229709e+01,2.234520e+01,2.240015e+01,2.239328e+01,2.239328e+01,2.237268e+01,2.235207e+01,2.240015e+01,2.242762e+01,2.240702e+01,2.241389e+01,2.240015e+01,2.240702e+01,2.237955e+01,2.247566e+01,2.236581e+01,2.243448e+01,2.246880e+01,2.234520e+01,2.242762e+01,2.223520e+01,2.244135e+01,2.231771e+01,2.246880e+01,2.242075e+01,2.240702e+01,2.245507e+01,2.246880e+01,2.245507e+01,2.237955e+01,2.241389e+01,2.238642e+01,2.246194e+01,2.240015e+01,2.242762e+01,2.234520e+01,2.244135e+01,2.248939e+01,2.248252e+01,2.240015e+01,2.245507e+01,2.245507e+01,2.237955e+01,2.233833e+01,2.244821e+01,2.231771e+01,2.233146e+01,2.236581e+01,2.246194e+01,2.245507e+01,2.244821e+01,2.244135e+01,2.242762e+01,2.241389e+01,2.242762e+01,2.246880e+01,2.247566e+01,2.243448e+01,2.246194e+01,2.250311e+01,2.244135e+01,2.247566e+01,2.244821e+01,2.251683e+01,2.254426e+01,2.250311e+01,2.250997e+01,2.264708e+01,2.265392e+01,2.258540e+01,2.263337e+01,2.266078e+01,2.266078e+01,2.270187e+01,2.274978e+01,2.274978e+01,2.284555e+01,2.266763e+01,2.271556e+01,2.273610e+01,2.274978e+01,2.272925e+01,2.278400e+01,2.274294e+01,2.278400e+01,2.282504e+01,2.278400e+01,2.294807e+01,2.266078e+01,2.231084e+01,2.231084e+01,2.226959e+01,2.211821e+01,2.211132e+01,2.211132e+01,2.231084e+01,2.230396e+01,2.222833e+01,2.215952e+01,2.250311e+01,2.253055e+01,2.254426e+01,2.249625e+01,2.239328e+01,2.197349e+01,2.194591e+01,2.179404e+01,2.178713e+01,2.183548e+01,2.188381e+01,2.186310e+01,2.184929e+01,2.191141e+01,2.189761e+01,2.189761e+01,2.191141e+01,2.195970e+01,2.192521e+01,2.186310e+01,2.200107e+01,2.191141e+01,2.199418e+01,2.197349e+01,2.195280e+01,2.196660e+01,2.195280e+01,2.203554e+01,2.199418e+01,2.203554e+01,2.204932e+01,2.211132e+01,2.206999e+01,2.205621e+01,2.212509e+01,2.207688e+01,2.211132e+01,2.201486e+01,2.209066e+01,2.199418e+01,2.209066e+01,2.213886e+01,2.217328e+01,2.211821e+01,2.212509e+01,2.215263e+01,2.213886e+01,2.215263e+01,2.212509e+01,2.213886e+01,2.209755e+01,2.212509e+01,2.209066e+01,2.214575e+01,2.202865e+01,2.203554e+01,2.209066e+01,2.204243e+01,2.217328e+01,2.200107e+01,2.215263e+01,2.209755e+01,2.204932e+01,2.215263e+01,2.186310e+01,2.197349e+01,2.208377e+01,2.217328e+01,2.207688e+01,2.193211e+01,2.193211e+01,2.192521e+01,2.196660e+01,2.203554e+01,2.193211e+01,2.203554e+01,2.202865e+01,2.201486e+01,2.196660e+01,2.186310e+01,2.195970e+01,2.195280e+01,2.195970e+01,2.191831e+01,2.190451e+01,2.184929e+01,2.186310e+01,2.198039e+01,2.190451e+01,2.174567e+01,2.175949e+01,2.173185e+01,2.173185e+01,2.175949e+01,2.171111e+01,2.178022e+01,2.178022e+01,2.186310e+01,2.178713e+01,2.180095e+01,2.198039e+01,2.200107e+01,2.204932e+01,2.202176e+01,2.203554e+01,2.209755e+01,2.209066e+01,2.206310e+01,2.211821e+01,2.213198e+01,2.211821e+01,2.206310e+01,2.211821e+01,2.213198e+01,2.187000e+01,2.208377e+01,2.186310e+01,2.191141e+01,2.193211e+01,2.199418e+01,2.194591e+01,2.187000e+01,2.180786e+01,2.182858e+01,2.199418e+01,2.178022e+01,2.180095e+01,2.168345e+01,2.171802e+01,2.175258e+01,2.180786e+01,2.170420e+01,2.178713e+01,2.168345e+01,2.175258e+01,2.170420e+01,2.151734e+01,2.138565e+01,2.145498e+01,2.159351e+01,2.171111e+01,2.211132e+01,2.212509e+01,2.230396e+01,2.233833e+01,2.241389e+01,2.238642e+01,2.250311e+01,2.243448e+01,2.249625e+01,2.249625e+01,2.248252e+01,2.251683e+01,2.240702e+01,2.256483e+01,2.254426e+01,2.259911e+01,2.253055e+01,2.264708e+01,2.251683e+01,2.250311e+01,2.255798e+01,2.255798e+01,2.255112e+01,2.250311e+01,2.246880e+01,2.255112e+01,2.260596e+01,2.246194e+01,2.253055e+01,2.259911e+01,2.252369e+01,2.251683e+01,2.253741e+01,2.249625e+01,2.258540e+01,2.253741e+01,2.254426e+01,2.255798e+01,2.253055e+01,2.254426e+01,2.247566e+01,2.230396e+01,2.259225e+01,2.254426e+01,2.250997e+01,2.252369e+01,2.255112e+01,2.246880e+01,2.257169e+01,2.250997e+01,2.252369e+01,2.249625e+01,2.247566e+01,2.247566e+01,2.247566e+01,2.255112e+01,2.243448e+01,2.246880e+01,2.246880e+01,2.248252e+01,2.249625e+01,2.239328e+01,2.243448e+01,2.244135e+01,2.250997e+01,2.248252e+01,2.243448e+01,2.244135e+01,2.249625e+01,2.242075e+01,2.242762e+01,2.240015e+01,2.244821e+01,2.242762e+01,2.242762e+01,2.244821e+01,2.246880e+01,2.245507e+01,2.238642e+01,2.252369e+01,2.240015e+01,2.246194e+01,2.229709e+01,2.233833e+01,2.231771e+01,2.231771e+01,2.222833e+01,2.222145e+01,2.234520e+01,2.223520e+01,2.225584e+01,2.217328e+01,2.218705e+01,2.214575e+01,2.213886e+01,2.220769e+01,2.213198e+01,2.204243e+01,2.209755e+01,2.208377e+01,2.205621e+01,2.206999e+01,2.218705e+01,2.198039e+01,2.206999e+01,2.205621e+01,2.198729e+01,2.203554e+01,2.205621e+01,2.203554e+01,2.194591e+01,2.204932e+01,2.218705e+01,2.206999e+01,2.207688e+01,2.210443e+01,2.209755e+01,2.218016e+01,2.210443e+01,2.213886e+01,2.209066e+01,2.206999e+01,2.215263e+01,2.210443e+01,2.218705e+01,2.215952e+01,2.221457e+01,2.204932e+01,2.208377e+01,2.215952e+01,2.213198e+01,2.213886e+01,2.213198e+01,2.215952e+01,2.213198e+01,2.213886e+01,2.206310e+01,2.208377e+01,2.207688e+01,2.203554e+01,2.202865e+01,2.210443e+01,2.210443e+01,2.202176e+01,2.209066e+01,2.211132e+01,2.215952e+01
2.242762e+01,2.234520e+01,2.245507e+01,2.234520e+01,2.243448e+01,2.237268e+01,2.250311e+01,2.229709e+01,2.229022e+01,2.237955e+01,2.239328e+01,2.234520e+01,2.241389e+01,2.232458e+01,2.233146e+01,2.234520e+01,2.242075e+01,2.235894e+01,2.243448e+01,2.234520e+01,2.240015e+01,2.243448e+01,2.246194e+01,2.242762e+01,2.242075e+01,2.250311e+01,2.245507e+01,2.231084e+01,2.244821e+01,2.257854e+01,2.244135e+01,2.257854e+01,2.237955e+01,2.254426e+01,2.239328e+01,2.227647e+01,2.244135e+01,2.245507e+01,2.246194e+01,2.244821e+01,2.253055e+01,2.245507e+01,2.240702e+01,2.237955e+01,2.244135e+01,2.253055e+01,2.259225e+01,2.253055e+01,2.255112e+01,2.253741e+01,2.255798e+01,2.255112e+01,2.251683e+01,2.252369e+01,2.258540e+01,2.263337e+01,2.260596e+01,2.258540e+01,2.251683e+01,2.256483e+01,2.252369e+01,2.258540e+01,2.255798e+01,2.266078e+01,2.268132e+01,2.253741e+01,2.253741e+01,2.261282e+01,2.260596e+01,2.251683e+01,2.252369e+01,2.252369e+01,2.268132e+01,2.268132e+01,2.262652e+01,2.251683e+01,2.267447e+01,2.249625e+01,2.249625e+01,2.247566e+01,2.241389e+01,2.241389e+01,2.237955e+01,2.237955e+01,2.246880e+01,2.236581e+01,2.237268e+01,2.240015e+01,2.238642e+01,2.233833e+01,2.231771e+01,2.238642e+01,2.235894e+01,2.230396e+01,2.229709e+01,2.225584e+01,2.220081e+01,2.213198e+01,2.213198e+01,2.215952e+01,2.209755e+01,2.209066e+01,2.208377e+01,2.215263e+01,2.210443e+01,2.212509e+01,2.215952e+01,2.213886e+01,2.213886e+01,2.212509e+01,2.213198e+01,2.209066e+01,2.216640e+01,2.222145e+01,2.225584e+01,2.208377e+01,2.210443e+01,2.217328e+01,2.211132e+01,2.221457e+01,2.214575e+01,2.222833e+01,2.215952e+01,2.226959e+01,2.222145e+01,2.220081e+01,2.220769e+01,2.234520e+01,2.226271e+01,2.220081e+01,2.223520e+01,2.226271e+01,2.220769e+01,2.218705e+01,2.215952e+01,2.226271e+01,2.220769e+01,2.225584e+01,2.233146e+01,2.226959e+01,2.233146e+01,2.231084e+01,2.233833e+01,2.231771e+01,2.225584e+01,2.233146e+01,2.236581e+01,2.236581e+01,2.236581e+01,2.225584e+01,2.237268e+01,2.239328e+01,2.225584e+01,2.230396e+01,2.241389e+01,2.218705e+01,2.242762e+01,2.240702e+01,2.241389e+01,2.246880e+01,2.239328e+01,2.236581e+01,2.240702e+01,2.250997e+01,2.248252e+01,2.242075e+01,2.240015e+01,2.245507e+01,2.236581e+01,2.242075e+01,2.242762e+01,2.236581e+01,2.240015e+01,2.238642e+01,2.248939e+01,2.226271e+01,2.237955e+01,2.239328e+01,2.233146e+01,2.233146e+01,2.233146e+01,2.235207e+01,2.232458e+01,2.231084e+01,2.226271e+01,2.229022e+01,2.224208e+01,2.229709e+01,2.234520e+01,2.228334e+01,2.227647e+01,2.223520e+01,2.226959e+01,2.224896e+01,2.226271e+01,2.226959e+01,2.220769e+01,2.221457e+01,2.223520e+01,2.229022e+01,2.227647e+01,2.223520e+01,2.234520e+01,2.218016e+01,2.224896e+01,2.231771e+01,2.223520e+01,2.221457e+01,2.215952e+01,2.220769e+01,2.226271e+01,2.233833e+01,2.222833e+01,2.233833e+01,2.222145e+01,2.221457e+01,2.235894e+01,2.221457e+01,2.218705e+01,2.225584e+01,2.227647e+01,2.225584e+01,2.224208e+01,2.226271e+01,2.223520e+01,2.230396e+01,2.226959e+01,2.233146e+01,2.229709e+01,2.225584e+01,2.229022e+01,2.230396e+01,2.229022e+01,2.231084e+01,2.227647e+01,2.226271e+01,2.226271e+01,2.235894e+01,2.233146e+01,2.231771e+01,2.229709e+01,2.229022e+01,2.232458e+01,2.226959e+01,2.234520e+01,2.231771e+01,2.229709e+01,2.226959e+01,2.230396e+01,2.228334e+01,2.231084e+01,2.238642e+01,2.234520e+01,2.227647e+01,2.226959e+01,2.228334e+01,2.232458e+01,2.239328e+01,2.236581e+01,2.238642e+01,2.229709e+01,2.229022e+01,2.243448e+01,2.228334e+01,2.231771e+01,2.248252e+01,2.238642e+01,2.237268e+01,2.237955e+01,2.244821e+01,2.235207e+01,2.236581e+01,2.239328e+01,2.253055e+01,2.243448e+01,2.243448e+01,2.250997e+01,2.242762e+01,2.249625e+01,2.235894e+01,2.235894e+01,2.240015e+01,2.240702e+01,2.249625e+01,2.246880e+01,2.250997e+01,2.239328e+01,2.238642e+01,2.237955e+01,2.237268e+01,2.240015e+01,2.235894e+01,2.245507e+01,2.242075e+01,2.234520e+01,2.239328e+01,2.244135e+01,2.239328e+01,2.240015e+01,2.242075e+01,2.242075e+01,2.244135e+01,2.245507e+01,2.244821e+01,2.246880e+01,2.244135e+01,2.249625e+01,2.244821e+01,2.243448e+01,2.249625e+01,2.247566e+01,2.253055e+01,2.247566e+01,2.248252e+01,2.255798e+01,2.257854e+01,2.253055e+01,2.256483e+01,2.262652e+01,2.262652e+01,2.271556e+01,2.267447e+01,2.260596e+01,2.261967e+01,2.268817e+01,2.269502e+01,2.288657e+01,2.277716e+01,2.287290e+01,2.274294e+01,2.274294e+01,2.300953e+01,2.274978e+01,2.281136e+01,2.276347e+01,2.274294e+01,2.281136e+01,2.276347e+01,2.280452e+01,2.277716e+01,2.253741e+01,2.224896e+01,2.185620e+01,2.157274e+01,2.157967e+01,2.152427e+01,2.157274e+01,2.165579e+01,2.179404e+01,2.165579e+01,2.171802e+01,2.172494e+01,2.175258e+01,2.209066e+01,2.211132e+01,2.244821e+01,2.244821e+01,2.239328e+01,2.224896e+01,2.190451e+01,2.176641e+01,2.182858e+01,2.187000e+01,2.170420e+01,2.192521e+01,2.185620e+01,2.196660e+01,2.195970e+01,2.192521e+01,2.200107e+01,2.201486e+01,2.195970e+01,2.187691e+01,2.207688e+01,2.198039e+01,2.199418e+01,2.198729e+01,2.196660e+01,2.199418e+01,2.201486e+01,2.201486e+01,2.188381e+01,2.203554e+01,2.200107e+01,2.212509e+01,2.202865e+01,2.200797e+01,2.196660e+01,2.203554e+01,2.206310e+01,2.204243e+01,2.198039e+01,2.210443e+01,2.212509e+01,2.209755e+01,2.212509e+01,2.215952e+01,2.218705e+01,2.213886e+01,2.211821e+01,2.209066e+01,2.209066e+01,2.211821e+01,2.208377e+01,2.215952e+01,2.217328e+01,2.216640e+01,2.207688e+01,2.209066e+01,2.210443e+01,2.208377e+01,2.204932e+01,2.189761e+01,2.227647e+01,2.229709e+01,2.216640e+01,2.211132e+01,2.204243e+01,2.198729e+01,2.199418e+01,2.204932e+01,2.205621e+01,2.204932e+01,2.206999e+01,2.200797e+01,2.195280e+01,2.205621e+01,2.202865e+01,2.178022e+01,2.206310e+01,2.205621e+01,2.200797e+01,2.192521e+01,2.195280e+01,2.205621e+01,2.192521e+01,2.195280e+01,2.198039e+01,2.207688e+01,2.199418e+01,2.192521e+01,2.196660e+01,2.178022e+01,2.174567e+01,2.193211e+01,2.175949e+01,2.174567e+01,2.178713e+01,2.179404e+01,2.188381e+01,2.201486e+01,2.206999e+01,2.202176e+01,2.200107e+01,2.200107e+01,2.215263e+01,2.202176e+01,2.210443e+01,2.208377e+01,2.206310e+01,2.211132e+01,2.189761e+01,2.193901e+01,2.195280e+01,2.186310e+01,2.188381e+01,2.175949e+01,2.166270e+01,2.191831e+01,2.185620e+01,2.175949e+01,2.173876e+01,2.167654e+01,2.168345e+01,2.167654e+01,2.172494e+01,2.166962e+01,2.169728e+01,2.166962e+01,2.159351e+01,2.169037e+01,2.173876e+01,2.172494e+01,2.172494e+01,2.183548e+01,2.181476e+01,2.169728e+01,2.156582e+01,2.162119e+01,2.157967e+01,2.144805e+01,2.160735e+01,2.158659e+01,2.173185e+01,2.187000e+01,2.229022e+01,2.229709e+01,2.233146e+01,2.237955e+01,2.243448e+01,2.243448e+01,2.240015e+01,2.242762e+01,2.251683e+01,2.253741e+01,2.249625e+01,2.243448e+01,2.249625e+01,2.257169e+01,2.252369e+01,2.253055e+01,2.253055e+01,2.255112e+01,2.257854e+01,2.258540e+01,2.257169e+01,2.250997e+01,2.253741e+01,2.254426e+01,2.255112e+01,2.245507e+01,2.253741e+01,2.239328e+01,2.260596e+01,2.262652e+01,2.261967e+01,2.244135e+01,2.259225e+01,2.246194e+01,2.250311e+01,2.253741e+01,2.258540e+01,2.258540e+01,2.247566e+01,2.255112e+01,2.244135e+01,2.233833e+01,2.254426e+01,2.249625e+01,2.241389e+01,2.253055e+01,2.242762e+01,2.248939e+01,2.242762e+01,2.250997e+01,2.249625e+01,2.246194e+01,2.250311e+01,2.251683e+01,2.253741e+01,2.257854e+01,2.250997e+01,2.246880e+01,2.233146e+01,2.242075e+01,2.246880e+01,2.235207e+01,2.253741e+01,2.240702e+01,2.242075e+01,2.248252e+01,2.238642e+01,2.240702e+01,2.235894e+01,2.242075e+01,2.243448e+01,2.240015e+01,2.243448e+01,2.244135e+01,2.246194e+01,2.246194e+01,2.242075e+01,2.240015e+01,2.248252e+01,2.232458e+01,2.236581e+01,2.230396e+01,2.223520e+01,2.220769e+01,2.222833e+01,2.229022e+01,2.222145e+01,2.226271e+01,2.215263e+01,2.217328e+01,2.224208e+01,2.224208e+01,2.216640e+01,2.214575e+01,2.218705e+01,2.213198e+01,2.210443e+01,2.213198e+01,2.204243e+01,2.210443e+01,2.208377e+01,2.213198e+01,2.198729e+01,2.206310e+01,2.203554e+01,2.206999e+01,2.192521e+01,2.204932e+01,2.206310e+01,2.209066e+01,2.207688e+01,2.208377e+01,2.198729e+01,2.202176e+01,2.212509e+01,2.200797e+01,2.216640e+01,2.218705e+01,2.213886e+01,2.198729e+01,2.196660e+01,2.211132e+01,2.208377e+01,2.219393e+01,2.213886e+01,2.220081e+01,2.213198e+01,2.209066e+01,2.213198e+01,2.210443e+01,2.213198e+01,2.217328e+01,2.216640e+01,2.214575e+01,2.218705e+01,2.211821e+01,2.210443e+01,2.206999e+01,2.214575e+01,2.220769e+01,2.221457e+01,2.202176e+01,2.197349e+01,2.197349e+01,2.220081e+01
2.239328e+01,2.237268e+01,2.238642e+01,2.233146e+01,2.246880e+01,2.237268e+01,2.240015e+01,2.237955e+01,2.228334e+01,2.231084e+01,2.235894e+01,2.246194e+01,2.227647e+01,2.230396e+01,2.240015e+01,2.235207e+01,2.248252e+01,2.244821e+01,2.239328e+01,2.239328e+01,2.239328e+01,2.246194e+01,2.247566e+01,2.243448e+01,2.246194e+01,2.246880e+01,2.243448e+01,2.237955e+01,2.247566e+01,2.244821e+01,2.248252e+01,2.251683e+01,2.255112e+01,2.249625e+01,2.250311e+01,2.253741e+01,2.248252e+01,2.250997e+01,2.242075e+01,2.242075e+01,2.240702e+01,2.242762e+01,2.244135e+01,2.254426e+01,2.246194e+01,2.226271e+01,2.259225e+01,2.246880e+01,2.247566e+01,2.248939e+01,2.255112e+01,2.257854e+01,2.261282e+01,2.264708e+01,2.263337e+01,2.261282e+01,2.255798e+01,2.264022e+01,2.256483e+01,2.257169e+01,2.262652e+01,2.256483e+01,2.267447e+01,2.254426e+01,2.261282e+01,2.261282e+01,2.261967e+01,2.256483e+01,2.264022e+01,2.261967e+01,2.260596e+01,2.262652e+01,2.266763e+01,2.268132e+01,2.263337e+01,2.257169e+01,2.253055e+01,2.237268e+01,2.245507e+01,2.246880e+01,2.242075e+01,2.254426e+01,2.248252e+01,2.249625e+01,2.249625e+01,2.247566e+01,2.241389e+01,2.237268e+01,2.235894e+01,2.237268e+01,2.240702e+01,2.228334e+01,2.230396e+01,2.223520e+01,2.217328e+01,2.209066e+01,2.231771e+01,2.218016e+01,2.213198e+01,2.215952e+01,2.213886e+01,2.204932e+01,2.204932e+01,2.200107e+01,2.219393e+01,2.204243e+01,2.212509e+01,2.215952e+01,2.215263e+01,2.214575e+01,2.209066e+01,2.213198e+01,2.207688e+01,2.209755e+01,2.224208e+01,2.209066e+01,2.213886e+01,2.215263e+01,2.209066e+01,2.220769e+01,2.219393e+01,2.223520e+01,2.198729e+01,2.226271e+01,2.228334e+01,2.218016e+01,2.224896e+01,2.235207e+01,2.215952e+01,2.219393e+01,2.216640e+01,2.222145e+01,2.222145e+01,2.226959e+01,2.223520e+01,2.226959e+01,2.224208e+01,2.221457e+01,2.232458e+01,2.222833e+01,2.221457e+01,2.225584e+01,2.235207e+01,2.232458e+01,2.233833e+01,2.235207e+01,2.217328e+01,2.235207e+01,2.234520e+01,2.234520e+01,2.237268e+01,2.237268e+01,2.235207e+01,2.242075e+01,2.247566e+01,2.241389e+01,2.235207e+01,2.239328e+01,2.237955e+01,2.244821e+01,2.233833e+01,2.233833e+01,2.251683e+01,2.241389e+01,2.245507e+01,2.253741e+01,2.234520e+01,2.250997e+01,2.246194e+01,2.244821e+01,2.246880e+01,2.250997e+01,2.235207e+01,2.238642e+01,2.238642e+01,2.243448e+01,2.233833e+01,2.244135e+01,2.240015e+01,2.234520e+01,2.235207e+01,2.231771e+01,2.232458e+01,2.226271e+01,2.225584e+01,2.229709e+01,2.225584e+01,2.233146e+01,2.231084e+01,2.226271e+01,2.227647e+01,2.226959e+01,2.224896e+01,2.224896e+01,2.224208e+01,2.222833e+01,2.222833e+01,2.221457e+01,2.230396e+01,2.222145e+01,2.233833e+01,2.226959e+01,2.218016e+01,2.215952e+01,2.228334e+01,2.218705e+01,2.219393e+01,2.220081e+01,2.221457e+01,2.227647e+01,2.228334e+01,2.222145e+01,2.225584e+01,2.224208e+01,2.233146e+01,2.224208e+01,2.224896e+01,2.230396e+01,2.228334e+01,2.226271e+01,2.232458e+01,2.223520e+01,2.226271e+01,2.224896e+01,2.218705e+01,2.222833e+01,2.232458e+01,2.234520e+01,2.231771e+01,2.233146e+01,2.231084e+01,2.227647e+01,2.222833e+01,2.234520e+01,2.229709e+01,2.230396e+01,2.229022e+01,2.226271e+01,2.229709e+01,2.219393e+01,2.237955e+01,2.239328e+01,2.237268e+01,2.237955e+01,2.223520e+01,2.235894e+01,2.237955e+01,2.225584e+01,2.233146e+01,2.229022e+01,2.231084e+01,2.234520e+01,2.235207e+01,2.231084e+01,2.235894e+01,2.231771e+01,2.231771e+01,2.229709e+01,2.228334e+01,2.235207e+01,2.241389e+01,2.225584e+01,2.232458e+01,2.231084e+01,2.242075e+01,2.245507e+01,2.237955e+01,2.242762e+01,2.236581e+01,2.246194e+01,2.237268e+01,2.239328e+01,2.253055e+01,2.250311e+01,2.248252e+01,2.243448e+01,2.243448e+01,2.233833e+01,2.253055e+01,2.245507e+01,2.237955e+01,2.248939e+01,2.237955e+01,2.240702e+01,2.239328e+01,2.242762e+01,2.240015e+01,2.244135e+01,2.236581e+01,2.244821e+01,2.244821e+01,2.244135e+01,2.239328e+01,2.242762e+01,2.246880e+01,2.239328e+01,2.245507e+01,2.248939e+01,2.244821e+01,2.248939e+01,2.238642e+01,2.252369e+01,2.250997e+01,2.245507e+01,2.237955e+01,2.246880e+01,2.244135e+01,2.242762e+01,2.250311e+01,2.242762e+01,2.255112e+01,2.249625e+01,2.255798e+01,2.261282e+01,2.253055e+01,2.255112e+01,2.257854e+01,2.255798e+01,2.259225e+01,2.268817e+01,2.272925e+01,2.256483e+01,2.266763e+01,2.261282e+01,2.277032e+01,2.272241e+01,2.270871e+01,2.272925e+01,2.277716e+01,2.279768e+01,2.274294e+01,2.295490e+01,2.292757e+01,2.278400e+01,2.285239e+01,2.278400e+01,2.287290e+01,2.283872e+01,2.270871e+01,2.250311e+01,2.182167e+01,2.155197e+01,2.153119e+01,2.134402e+01,2.146884e+01,2.139952e+01,2.137871e+01,2.144112e+01,2.162119e+01,2.155197e+01,2.158659e+01,2.160043e+01,2.164195e+01,2.173876e+01,2.173876e+01,2.201486e+01,2.226271e+01,2.239328e+01,2.233833e+01,2.191831e+01,2.179404e+01,2.185620e+01,2.186310e+01,2.180095e+01,2.187691e+01,2.191141e+01,2.196660e+01,2.200107e+01,2.193211e+01,2.191831e+01,2.194591e+01,2.190451e+01,2.189761e+01,2.195970e+01,2.199418e+01,2.200107e+01,2.200797e+01,2.200797e+01,2.204243e+01,2.198729e+01,2.202176e+01,2.202176e+01,2.213198e+01,2.213886e+01,2.198729e+01,2.202865e+01,2.201486e+01,2.206999e+01,2.201486e+01,2.206999e+01,2.201486e+01,2.200797e+01,2.212509e+01,2.204243e+01,2.198729e+01,2.207688e+01,2.212509e+01,2.217328e+01,2.210443e+01,2.218016e+01,2.211132e+01,2.213886e+01,2.207688e+01,2.215263e+01,2.215952e+01,2.209755e+01,2.210443e+01,2.209755e+01,2.216640e+01,2.209755e+01,2.215263e+01,2.202865e+01,2.204243e+01,2.217328e+01,2.223520e+01,2.209066e+01,2.190451e+01,2.188381e+01,2.189071e+01,2.194591e+01,2.213886e+01,2.201486e+01,2.206999e+01,2.200107e+01,2.200107e+01,2.198729e+01,2.196660e+01,2.205621e+01,2.179404e+01,2.200797e+01,2.192521e+01,2.189071e+01,2.196660e+01,2.191141e+01,2.197349e+01,2.195280e+01,2.204932e+01,2.199418e+01,2.187000e+01,2.187000e+01,2.183548e+01,2.177332e+01,2.181476e+01,2.175258e+01,2.174567e+01,2.176641e+01,2.177332e+01,2.177332e+01,2.175258e+01,2.180095e+01,2.200797e+01,2.196660e+01,2.213886e+01,2.209066e+01,2.211132e+01,2.203554e+01,2.210443e+01,2.207688e+01,2.204932e+01,2.200107e+01,2.195970e+01,2.198039e+01,2.190451e+01,2.187000e+01,2.168345e+01,2.166962e+01,2.169037e+01,2.164887e+01,2.177332e+01,2.175949e+01,2.170420e+01,2.159351e+01,2.150349e+01,2.147577e+01,2.173185e+01,2.166962e+01,2.166962e+01,2.175258e+01,2.162811e+01,2.167654e+01,2.163503e+01,2.164887e+01,2.175258e+01,2.172494e+01,2.173876e+01,2.175258e+01,2.173876e+01,2.162119e+01,2.164195e+01,2.163503e+01,2.145498e+01,2.164195e+01,2.159351e+01,2.170420e+01,2.193211e+01,2.204243e+01,2.211821e+01,2.211821e+01,2.235894e+01,2.244135e+01,2.238642e+01,2.251683e+01,2.242762e+01,2.244821e+01,2.248939e+01,2.245507e+01,2.256483e+01,2.262652e+01,2.253741e+01,2.254426e+01,2.255112e+01,2.251683e+01,2.252369e+01,2.248252e+01,2.248252e+01,2.257169e+01,2.248939e+01,2.250997e+01,2.258540e+01,2.253055e+01,2.256483e+01,2.248252e+01,2.253055e+01,2.259225e+01,2.251683e+01,2.249625e+01,2.246880e+01,2.245507e+01,2.248252e+01,2.246880e+01,2.253055e+01,2.253055e+01,2.249625e+01,2.255798e+01,2.244821e+01,2.255112e+01,2.250311e+01,2.246880e+01,2.244821e+01,2.252369e+01,2.253741e+01,2.240702e+01,2.248939e+01,2.252369e+01,2.251683e+01,2.250997e+01,2.253741e+01,2.253741e+01,2.250997e+01,2.238642e+01,2.245507e+01,2.240702e+01,2.253055e+01,2.253741e+01,2.233146e+01,2.244821e+01,2.237955e+01,2.248939e+01,2.240015e+01,2.244135e+01,2.248939e+01,2.240015e+01,2.257854e+01,2.255112e+01,2.241389e+01,2.246194e+01,2.239328e+01,2.242762e+01,2.244821e+01,2.240015e+01,2.231771e+01,2.250311e+01,2.250997e+01,2.231084e+01,2.235207e+01,2.230396e+01,2.228334e+01,2.235894e+01,2.227647e+01,2.224896e+01,2.221457e+01,2.223520e+01,2.227647e+01,2.225584e+01,2.217328e+01,2.201486e+01,2.222145e+01,2.220081e+01,2.209066e+01,2.210443e+01,2.213886e+01,2.205621e+01,2.211132e+01,2.206999e+01,2.208377e+01,2.200107e+01,2.209066e+01,2.207688e+01,2.211132e+01,2.205621e+01,2.203554e+01,2.209066e+01,2.198039e+01,2.204932e+01,2.203554e+01,2.201486e+01,2.213886e+01,2.212509e+01,2.198729e+01,2.211821e+01,2.204932e+01,2.218705e+01,2.218705e+01,2.217328e+01,2.216640e+01,2.218016e+01,2.209755e+01,2.213886e+01,2.219393e+01,2.219393e+01,2.208377e+01,2.213886e+01,2.210443e+01,2.210443e+01,2.206310e+01,2.209755e+01,2.218016e+01,2.213198e+01,2.213198e+01,2.209755e+01,2.209066e+01,2.209755e+01,2.230396e+01,2.204243e+01,2.201486e+01,2.208377e+01,2.189761e+01,2.214575e+01,2.209066e+01,2.201486e+01
2.241389e+01,2.229022e+01,2.236581e+01,2.242762e+01,2.238642e+01,2.244135e+01,2.246194e+01,2.236581e+01,2.229709e+01,2.227647e+01,2.231084e+01,2.226271e+01,2.236581e+01,2.240015e+01,2.233833e+01,2.235207e+01,2.235894e+01,2.233833e+01,2.236581e+01,2.249625e+01,2.239328e+01,2.241389e+01,2.244821e+01,2.234520e+01,2.243448e+01,2.235894e+01,2.245507e+01,2.244821e+01,2.244821e+01,2.258540e+01,2.247566e+01,2.250311e+01,2.255798e+01,2.251683e+01,2.245507e+01,2.250311e+01,2.239328e+01,2.242075e+01,2.245507e+01,2.242075e+01,2.246194e+01,2.253055e+01,2.237955e+01,2.237268e+01,2.244821e+01,2.257169e+01,2.257854e+01,2.254426e+01,2.253055e+01,2.255798e+01,2.255798e+01,2.256483e+01,2.247566e+01,2.238642e+01,2.266078e+01,2.265392e+01,2.267447e+01,2.257854e+01,2.261967e+01,2.256483e+01,2.255798e+01,2.258540e+01,2.250997e+01,2.267447e+01,2.259225e+01,2.253055e+01,2.261282e+01,2.257854e+01,2.260596e+01,2.254426e+01,2.267447e+01,2.269502e+01,2.255798e+01,2.242762e+01,2.250997e+01,2.243448e+01,2.250311e+01,2.253741e+01,2.257169e+01,2.240702e+01,2.248252e+01,2.255798e+01,2.242762e+01,2.242762e+01,2.248939e+01,2.248252e+01,2.239328e+01,2.237955e+01,2.237268e+01,2.242075e+01,2.232458e+01,2.233833e+01,2.227647e+01,2.221457e+01,2.208377e+01,2.231084e+01,2.229022e+01,2.220081e+01,2.214575e+01,2.209755e+01,2.213198e+01,2.204932e+01,2.207688e+01,2.206999e+01,2.204932e+01,2.204243e+01,2.213886e+01,2.215952e+01,2.213886e+01,2.213886e+01,2.215263e+01,2.208377e+01,2.207688e+01,2.218705e+01,2.211821e+01,2.211132e+01,2.219393e+01,2.209755e+01,2.221457e+01,2.219393e+01,2.221457e+01,2.222833e+01,2.241389e+01,2.217328e+01,2.219393e+01,2.222145e+01,2.222833e+01,2.226271e+01,2.220081e+01,2.218016e+01,2.222833e+01,2.222145e+01,2.223520e+01,2.229709e+01,2.231084e+01,2.224896e+01,2.230396e+01,2.231771e+01,2.237955e+01,2.234520e+01,2.233146e+01,2.233833e+01,2.235207e+01,2.232458e+01,2.223520e+01,2.236581e+01,2.229709e+01,2.230396e+01,2.233833e+01,2.236581e+01,2.235207e+01,2.241389e+01,2.237955e+01,2.259225e+01,2.248252e+01,2.243448e+01,2.235207e+01,2.248252e+01,2.243448e+01,2.254426e+01,2.252369e+01,2.255112e+01,2.254426e+01,2.249625e+01,2.242075e+01,2.250311e+01,2.246194e+01,2.246194e+01,2.246194e+01,2.248939e+01,2.246880e+01,2.239328e+01,2.239328e+01,2.253741e+01,2.242075e+01,2.242075e+01,2.244821e+01,2.250311e+01,2.243448e+01,2.237955e+01,2.235207e+01,2.237268e+01,2.237268e+01,2.232458e+01,2.229022e+01,2.237268e+01,2.222145e+01,2.227647e+01,2.237955e+01,2.233146e+01,2.227647e+01,2.240702e+01,2.229022e+01,2.230396e+01,2.231084e+01,2.224896e+01,2.229709e+01,2.239328e+01,2.226959e+01,2.224208e+01,2.218016e+01,2.233146e+01,2.233146e+01,2.220769e+01,2.226271e+01,2.222833e+01,2.225584e+01,2.221457e+01,2.225584e+01,2.222145e+01,2.225584e+01,2.228334e+01,2.227647e+01,2.218705e+01,2.220081e+01,2.220769e+01,2.217328e+01,2.231771e+01,2.226959e+01,2.229022e+01,2.228334e+01,2.225584e+01,2.224896e+01,2.226959e+01,2.219393e+01,2.229022e+01,2.232458e+01,2.230396e+01,2.230396e+01,2.234520e+01,2.222833e+01,2.228334e+01,2.229709e+01,2.233833e+01,2.228334e+01,2.242762e+01,2.230396e+01,2.226271e+01,2.229022e+01,2.232458e+01,2.235207e+01,2.236581e+01,2.226271e+01,2.242075e+01,2.236581e+01,2.238642e+01,2.237268e+01,2.235207e+01,2.235207e+01,2.224208e+01,2.235894e+01,2.229022e+01,2.231771e+01,2.232458e+01,2.229709e+01,2.236581e+01,2.233833e+01,2.235207e+01,2.236581e+01,2.235207e+01,2.233833e+01,2.241389e+01,2.233833e+01,2.237268e+01,2.229709e+01,2.244821e+01,2.229709e+01,2.235207e+01,2.236581e+01,2.233833e+01,2.239328e+01,2.239328e+01,2.243448e+01,2.247566e+01,2.240702e+01,2.244821e+01,2.244821e+01,2.244821e+01,2.246194e+01,2.235894e+01,2.237955e+01,2.247566e+01,2.246880e+01,2.248939e+01,2.250997e+01,2.252369e+01,2.253055e+01,2.237268e+01,2.244135e+01,2.246194e+01,2.246194e+01,2.246194e+01,2.241389e+01,2.239328e+01,2.247566e+01,2.248252e+01,2.240015e+01,2.238642e+01,2.244135e+01,2.239328e+01,2.239328e+01,2.249625e+01,2.241389e+01,2.245507e+01,2.250997e+01,2.255112e+01,2.246194e+01,2.251683e+01,2.250997e+01,2.250311e+01,2.248939e+01,2.263337e+01,2.259911e+01,2.259911e+01,2.261282e+01,2.259225e+01,2.265392e+01,2.273610e+01,2.262652e+01,2.263337e+01,2.252369e+01,2.277032e+01,2.272241e+01,2.272241e+01,2.272925e+01,2.274978e+01,2.281820e+01,2.271556e+01,2.286607e+01,2.287974e+01,2.278400e+01,2.280452e+01,2.282504e+01,2.280452e+01,2.279768e+01,2.278400e+01,2.286607e+01,2.285239e+01,2.279768e+01,2.202865e+01,2.146191e+01,2.135096e+01,2.133708e+01,2.131626e+01,2.137177e+01,2.144112e+01,2.148270e+01,2.148270e+01,2.143419e+01,2.142725e+01,2.157274e+01,2.158659e+01,2.156582e+01,2.160043e+01,2.169037e+01,2.161427e+01,2.187691e+01,2.198729e+01,2.193211e+01,2.174567e+01,2.178022e+01,2.166962e+01,2.182858e+01,2.185620e+01,2.190451e+01,2.187691e+01,2.189761e+01,2.184239e+01,2.198039e+01,2.200797e+01,2.188381e+01,2.188381e+01,2.200107e+01,2.189761e+01,2.193211e+01,2.199418e+01,2.197349e+01,2.198729e+01,2.196660e+01,2.189761e+01,2.199418e+01,2.199418e+01,2.204243e+01,2.190451e+01,2.195970e+01,2.203554e+01,2.210443e+01,2.201486e+01,2.198039e+01,2.200797e+01,2.202176e+01,2.200797e+01,2.202176e+01,2.206310e+01,2.211821e+01,2.211132e+01,2.209755e+01,2.211821e+01,2.226959e+01,2.217328e+01,2.215263e+01,2.213198e+01,2.208377e+01,2.212509e+01,2.206310e+01,2.212509e+01,2.219393e+01,2.207688e+01,2.199418e+01,2.202865e+01,2.196660e+01,2.204932e+01,2.212509e+01,2.207688e+01,2.224208e+01,2.209066e+01,2.211821e+01,2.200107e+01,2.209066e+01,2.209066e+01,2.201486e+01,2.206999e+01,2.211821e+01,2.200107e+01,2.202865e+01,2.196660e+01,2.196660e+01,2.197349e+01,2.213198e+01,2.196660e+01,2.198039e+01,2.202176e+01,2.203554e+01,2.193211e+01,2.199418e+01,2.192521e+01,2.189071e+01,2.191141e+01,2.195280e+01,2.196660e+01,2.189761e+01,2.185620e+01,2.187691e+01,2.175949e+01,2.165579e+01,2.182858e+01,2.179404e+01,2.176641e+01,2.199418e+01,2.187691e+01,2.189071e+01,2.193211e+01,2.211132e+01,2.200797e+01,2.210443e+01,2.202176e+01,2.206310e+01,2.198039e+01,2.203554e+01,2.199418e+01,2.207688e+01,2.183548e+01,2.187000e+01,2.189071e+01,2.166962e+01,2.170420e+01,2.162811e+01,2.166962e+01,2.161427e+01,2.157967e+01,2.149656e+01,2.149656e+01,2.155890e+01,2.146884e+01,2.148270e+01,2.160043e+01,2.154505e+01,2.155890e+01,2.161427e+01,2.164887e+01,2.171111e+01,2.168345e+01,2.166270e+01,2.160735e+01,2.174567e+01,2.180786e+01,2.175949e+01,2.189071e+01,2.178713e+01,2.160043e+01,2.164887e+01,2.160735e+01,2.164887e+01,2.157967e+01,2.175949e+01,2.177332e+01,2.190451e+01,2.200797e+01,2.216640e+01,2.238642e+01,2.244821e+01,2.249625e+01,2.242762e+01,2.255798e+01,2.246194e+01,2.249625e+01,2.252369e+01,2.252369e+01,2.245507e+01,2.255112e+01,2.256483e+01,2.250311e+01,2.256483e+01,2.255112e+01,2.253055e+01,2.261282e+01,2.256483e+01,2.262652e+01,2.250997e+01,2.256483e+01,2.254426e+01,2.260596e+01,2.261282e+01,2.250997e+01,2.261282e+01,2.265392e+01,2.247566e+01,2.246880e+01,2.242075e+01,2.250997e+01,2.253741e+01,2.253055e+01,2.254426e+01,2.255112e+01,2.242762e+01,2.246194e+01,2.246194e+01,2.250997e+01,2.253741e+01,2.242075e+01,2.248939e+01,2.256483e+01,2.249625e+01,2.247566e+01,2.256483e+01,2.253055e+01,2.251683e+01,2.248939e+01,2.248939e+01,2.256483e+01,2.252369e+01,2.255112e+01,2.248939e+01,2.255112e+01,2.253741e+01,2.248252e+01,2.255112e+01,2.253741e+01,2.244135e+01,2.252369e+01,2.238642e+01,2.240702e+01,2.253741e+01,2.256483e+01,2.244135e+01,2.238642e+01,2.233833e+01,2.252369e+01,2.245507e+01,2.244821e+01,2.237955e+01,2.242075e+01,2.249625e+01,2.236581e+01,2.216640e+01,2.224896e+01,2.237955e+01,2.222145e+01,2.220769e+01,2.228334e+01,2.221457e+01,2.221457e+01,2.224208e+01,2.215263e+01,2.226271e+01,2.220769e+01,2.216640e+01,2.220081e+01,2.215263e+01,2.209066e+01,2.215263e+01,2.208377e+01,2.202176e+01,2.194591e+01,2.201486e+01,2.209755e+01,2.205621e+01,2.204243e+01,2.207688e+01,2.205621e+01,2.198039e+01,2.200797e+01,2.212509e+01,2.187000e+01,2.195280e+01,2.205621e+01,2.200797e+01,2.196660e+01,2.212509e+01,2.202176e+01,2.217328e+01,2.215952e+01,2.211821e+01,2.216640e+01,2.214575e+01,2.213198e+01,2.212509e+01,2.211821e+01,2.209066e+01,2.218705e+01,2.213886e+01,2.218705e+01,2.222145e+01,2.218705e+01,2.213198e+01,2.209066e+01,2.214575e+01,2.206310e+01,2.214575e+01,2.202865e+01,2.216640e+01,2.208377e+01,2.206999e+01,2.191141e+01,2.204932e+01,2.204932e+01,2.207688e+01,2.201486e+01,2.202176e+01,2.219393e+01
2.235894e+01,2.239328e+01,2.237955e+01,2.242762e+01,2.233146e+01,2.236581e+01,2.227647e+01,2.227647e+01,2.233833e+01,2.253055e+01,2.235894e+01,2.233833e+01,2.240015e+01,2.226271e+01,2.224208e+01,2.235894e+01,2.253741e+01,2.237268e+01,2.238642e+01,2.237955e+01,2.241389e+01,2.242075e+01,2.223520e+01,2.238642e+01,2.247566e+01,2.245507e+01,2.239328e+01,2.244821e+01,2.246194e+01,2.254426e+01,2.243448e+01,2.255112e+01,2.249625e+01,2.245507e+01,2.250997e+01,2.253055e+01,2.248939e+01,2.242762e+01,2.250997e+01,2.242075e+01,2.251683e+01,2.255798e+01,2.244135e+01,2.250997e+01,2.259225e+01,2.245507e+01,2.257169e+01,2.259225e+01,2.242075e+01,2.245507e+01,2.257169e+01,2.255798e+01,2.255798e+01,2.257169e+01,2.268132e+01,2.252369e+01,2.258540e+01,2.265392e+01,2.260596e+01,2.261967e+01,2.255798e+01,2.259225e+01,2.261282e+01,2.257854e+01,2.250997e+01,2.257854e+01,2.264708e+01,2.253741e+01,2.259225e+01,2.259225e+01,2.257854e+01,2.270187e+01,2.269502e+01,2.253055e+01,2.253741e+01,2.275663e+01,2.254426e+01,2.256483e+01,2.255798e+01,2.257169e+01,2.253055e+01,2.249625e+01,2.250311e+01,2.252369e+01,2.246880e+01,2.248252e+01,2.245507e+01,2.238642e+01,2.238642e+01,2.239328e+01,2.242075e+01,2.246880e+01,2.231084e+01,2.242075e+01,2.231771e+01,2.229709e+01,2.237268e+01,2.218016e+01,2.216640e+01,2.213886e+01,2.211821e+01,2.209066e+01,2.212509e+01,2.211132e+01,2.206999e+01,2.208377e+01,2.206310e+01,2.206310e+01,2.215263e+01,2.216640e+01,2.213886e+01,2.214575e+01,2.212509e+01,2.222145e+01,2.221457e+01,2.209066e+01,2.208377e+01,2.220769e+01,2.222145e+01,2.221457e+01,2.220769e+01,2.224208e+01,2.226271e+01,2.219393e+01,2.220081e+01,2.220769e+01,2.220081e+01,2.220081e+01,2.231084e+01,2.229709e+01,2.224208e+01,2.229709e+01,2.231771e+01,2.226959e+01,2.224208e+01,2.224896e+01,2.225584e+01,2.220081e+01,2.233146e+01,2.233833e+01,2.232458e+01,2.233146e+01,2.230396e+01,2.231084e+01,2.237955e+01,2.237268e+01,2.235894e+01,2.235894e+01,2.238642e+01,2.233146e+01,2.233833e+01,2.241389e+01,2.240015e+01,2.242075e+01,2.250997e+01,2.240702e+01,2.253741e+01,2.235207e+01,2.241389e+01,2.250997e+01,2.252369e+01,2.242762e+01,2.251683e+01,2.246880e+01,2.249625e+01,2.246194e+01,2.242762e+01,2.247566e+01,2.252369e+01,2.248252e+01,2.250997e+01,2.256483e+01,2.244821e+01,2.247566e+01,2.242075e+01,2.244135e+01,2.241389e+01,2.245507e+01,2.229709e+01,2.239328e+01,2.244135e+01,2.237268e+01,2.239328e+01,2.228334e+01,2.231084e+01,2.244821e+01,2.246194e+01,2.229022e+01,2.236581e+01,2.244135e+01,2.233146e+01,2.226959e+01,2.230396e+01,2.229022e+01,2.241389e+01,2.224208e+01,2.220769e+01,2.237955e+01,2.240702e+01,2.222833e+01,2.218705e+01,2.218016e+01,2.233833e+01,2.220769e+01,2.230396e+01,2.222145e+01,2.225584e+01,2.226959e+01,2.224208e+01,2.220081e+01,2.218016e+01,2.220081e+01,2.231084e+01,2.228334e+01,2.227647e+01,2.228334e+01,2.231084e+01,2.233833e+01,2.222833e+01,2.230396e+01,2.227647e+01,2.234520e+01,2.226959e+01,2.228334e+01,2.234520e+01,2.231084e+01,2.242762e+01,2.240702e+01,2.244135e+01,2.244821e+01,2.232458e+01,2.242762e+01,2.234520e+01,2.230396e+01,2.246880e+01,2.241389e+01,2.245507e+01,2.234520e+01,2.239328e+01,2.235894e+01,2.237955e+01,2.236581e+01,2.230396e+01,2.242075e+01,2.233833e+01,2.235207e+01,2.237955e+01,2.228334e+01,2.231771e+01,2.230396e+01,2.229709e+01,2.233833e+01,2.222833e+01,2.237268e+01,2.237268e+01,2.233146e+01,2.239328e+01,2.236581e+01,2.231084e+01,2.233833e+01,2.243448e+01,2.241389e+01,2.245507e+01,2.245507e+01,2.245507e+01,2.246194e+01,2.242075e+01,2.246194e+01,2.248252e+01,2.251683e+01,2.236581e+01,2.240702e+01,2.240015e+01,2.237955e+01,2.244821e+01,2.241389e+01,2.242762e+01,2.237955e+01,2.244821e+01,2.249625e+01,2.249625e+01,2.246194e+01,2.247566e+01,2.256483e+01,2.249625e+01,2.253741e+01,2.253055e+01,2.246880e+01,2.245507e+01,2.243448e+01,2.248939e+01,2.246194e+01,2.245507e+01,2.250311e+01,2.245507e+01,2.240015e+01,2.233833e+01,2.240702e+01,2.242075e+01,2.255112e+01,2.244135e+01,2.251683e+01,2.255112e+01,2.252369e+01,2.252369e+01,2.250311e+01,2.262652e+01,2.254426e+01,2.259225e+01,2.259911e+01,2.253741e+01,2.261967e+01,2.261967e+01,2.261282e+01,2.255798e+01,2.259225e+01,2.270871e+01,2.279084e+01,2.275663e+01,2.259225e+01,2.265392e+01,2.270187e+01,2.281136e+01,2.277716e+01,2.270187e+01,2.269502e+01,2.271556e+01,2.281136e+01,2.279084e+01,2.289341e+01,2.281820e+01,2.290024e+01,2.282504e+01,2.285239e+01,2.274978e+01,2.283188e+01,2.275663e+01,2.273610e+01,2.272925e+01,2.197349e+01,2.143419e+01,2.121210e+01,2.123294e+01,2.146191e+01,2.143419e+01,2.136484e+01,2.148963e+01,2.141339e+01,2.139952e+01,2.157274e+01,2.159351e+01,2.157274e+01,2.164195e+01,2.163503e+01,2.170420e+01,2.169037e+01,2.170420e+01,2.183548e+01,2.169728e+01,2.176641e+01,2.177332e+01,2.181476e+01,2.180095e+01,2.191141e+01,2.185620e+01,2.190451e+01,2.189071e+01,2.210443e+01,2.199418e+01,2.200107e+01,2.198039e+01,2.200107e+01,2.190451e+01,2.191141e+01,2.198729e+01,2.197349e+01,2.182858e+01,2.199418e+01,2.198729e+01,2.195970e+01,2.193211e+01,2.195280e+01,2.199418e+01,2.194591e+01,2.198039e+01,2.195970e+01,2.200797e+01,2.206999e+01,2.209066e+01,2.199418e+01,2.207688e+01,2.207688e+01,2.210443e+01,2.211821e+01,2.208377e+01,2.192521e+01,2.210443e+01,2.209755e+01,2.217328e+01,2.212509e+01,2.226959e+01,2.212509e+01,2.213886e+01,2.209755e+01,2.212509e+01,2.211132e+01,2.195970e+01,2.185620e+01,2.187691e+01,2.196660e+01,2.206310e+01,2.204243e+01,2.204932e+01,2.222833e+01,2.227647e+01,2.218016e+01,2.213198e+01,2.187691e+01,2.191141e+01,2.204243e+01,2.202865e+01,2.204932e+01,2.205621e+01,2.207688e+01,2.195970e+01,2.202865e+01,2.199418e+01,2.205621e+01,2.195970e+01,2.205621e+01,2.195280e+01,2.196660e+01,2.202865e+01,2.198039e+01,2.191141e+01,2.194591e+01,2.204243e+01,2.193211e+01,2.195970e+01,2.187000e+01,2.184239e+01,2.184239e+01,2.181476e+01,2.187000e+01,2.180095e+01,2.184239e+01,2.180095e+01,2.181476e+01,2.193901e+01,2.194591e+01,2.198039e+01,2.206310e+01,2.206310e+01,2.199418e+01,2.199418e+01,2.209066e+01,2.204932e+01,2.204932e+01,2.203554e+01,2.197349e+01,2.202865e+01,2.193211e+01,2.189761e+01,2.162811e+01,2.169037e+01,2.158659e+01,2.162811e+01,2.161427e+01,2.162119e+01,2.161427e+01,2.152427e+01,2.150349e+01,2.157274e+01,2.159351e+01,2.153812e+01,2.157967e+01,2.157967e+01,2.164887e+01,2.169728e+01,2.169728e+01,2.174567e+01,2.162811e+01,2.164195e+01,2.166270e+01,2.182858e+01,2.167654e+01,2.171802e+01,2.173876e+01,2.189071e+01,2.178022e+01,2.161427e+01,2.175258e+01,2.183548e+01,2.176641e+01,2.176641e+01,2.175949e+01,2.200107e+01,2.195280e+01,2.195280e+01,2.213886e+01,2.222833e+01,2.244821e+01,2.253055e+01,2.244135e+01,2.244135e+01,2.247566e+01,2.254426e+01,2.249625e+01,2.255798e+01,2.250997e+01,2.253055e+01,2.253741e+01,2.253741e+01,2.250997e+01,2.252369e+01,2.252369e+01,2.261282e+01,2.257854e+01,2.259225e+01,2.257169e+01,2.257854e+01,2.256483e+01,2.251683e+01,2.255798e+01,2.249625e+01,2.240015e+01,2.264708e+01,2.261282e+01,2.261967e+01,2.257854e+01,2.255798e+01,2.254426e+01,2.255112e+01,2.254426e+01,2.241389e+01,2.249625e+01,2.252369e+01,2.253055e+01,2.241389e+01,2.247566e+01,2.243448e+01,2.243448e+01,2.248252e+01,2.250997e+01,2.249625e+01,2.240015e+01,2.253741e+01,2.254426e+01,2.248252e+01,2.249625e+01,2.257854e+01,2.262652e+01,2.249625e+01,2.249625e+01,2.251683e+01,2.250311e+01,2.255112e+01,2.249625e+01,2.251683e+01,2.250311e+01,2.244135e+01,2.250311e+01,2.253055e+01,2.254426e+01,2.253741e+01,2.242762e+01,2.245507e+01,2.255798e+01,2.241389e+01,2.242762e+01,2.243448e+01,2.244821e+01,2.249625e+01,2.237268e+01,2.237268e+01,2.231771e+01,2.221457e+01,2.223520e+01,2.229022e+01,2.229022e+01,2.222145e+01,2.220081e+01,2.205621e+01,2.205621e+01,2.221457e+01,2.203554e+01,2.222145e+01,2.204243e+01,2.218016e+01,2.215263e+01,2.218705e+01,2.208377e+01,2.206999e+01,2.206999e+01,2.210443e+01,2.203554e+01,2.206310e+01,2.206310e+01,2.209755e+01,2.211132e+01,2.204243e+01,2.208377e+01,2.210443e+01,2.210443e+01,2.199418e+01,2.209066e+01,2.203554e+01,2.211132e+01,2.205621e+01,2.220081e+01,2.219393e+01,2.204932e+01,2.220769e+01,2.210443e+01,2.202865e+01,2.206310e+01,2.205621e+01,2.215263e+01,2.212509e+01,2.214575e+01,2.220081e+01,2.222145e+01,2.214575e+01,2.215263e+01,2.212509e+01,2.206310e+01,2.217328e+01,2.218016e+01,2.220769e+01,2.210443e+01,2.210443e+01,2.213198e+01,2.207688e+01,2.211132e+01,2.202865e+01,2.201486e+01,2.203554e+01,2.202865e+01,2.215952e+01,2.207688e+01
2.236581e+01,2.238642e+01,2.232458e+01,2.218016e+01,2.227647e+01,2.224208e+01,2.227647e+01,2.231771e+01,2.231771e+01,2.226959e+01,2.226271e+01,2.237268e+01,2.224896e+01,2.237268e+01,2.239328e+01,2.235894e+01,2.252369e+01,2.222833e+01,2.237268e+01,2.231084e+01,2.232458e+01,2.239328e+01,2.242075e+01,2.239328e+01,2.240702e+01,2.237268e+01,2.235894e+01,2.246194e+01,2.248939e+01,2.240702e+01,2.250311e+01,2.237955e+01,2.248252e+01,2.232458e+01,2.238642e+01,2.246880e+01,2.248939e+01,2.246880e+01,2.251683e+01,2.230396e+01,2.249625e+01,2.248939e+01,2.247566e+01,2.251683e+01,2.242762e+01,2.251683e+01,2.253741e+01,2.242762e+01,2.250311e+01,2.255112e+01,2.252369e+01,2.257854e+01,2.255112e+01,2.256483e+01,2.266078e+01,2.258540e+01,2.250311e+01,2.252369e+01,2.253741e+01,2.251683e+01,2.257854e+01,2.255798e+01,2.255798e+01,2.255112e+01,2.255112e+01,2.256483e+01,2.259911e+01,2.257854e+01,2.257169e+01,2.261282e+01,2.253055e+01,2.258540e+01,2.255798e+01,2.253741e+01,2.244135e+01,2.246880e+01,2.270871e+01,2.243448e+01,2.265392e+01,2.245507e+01,2.244821e+01,2.245507e+01,2.247566e+01,2.245507e+01,2.248939e+01,2.242762e+01,2.244135e+01,2.247566e+01,2.244821e+01,2.233833e+01,2.229709e+01,2.244821e+01,2.233833e+01,2.228334e+01,2.222833e+01,2.220769e+01,2.225584e+01,2.225584e+01,2.235207e+01,2.218705e+01,2.215263e+01,2.214575e+01,2.206310e+01,2.210443e+01,2.205621e+01,2.206999e+01,2.209066e+01,2.206999e+01,2.206310e+01,2.220769e+01,2.209755e+01,2.213886e+01,2.213886e+01,2.220769e+01,2.209755e+01,2.207688e+01,2.218705e+01,2.215263e+01,2.212509e+01,2.216640e+01,2.219393e+01,2.222833e+01,2.211821e+01,2.214575e+01,2.223520e+01,2.215263e+01,2.228334e+01,2.226959e+01,2.229022e+01,2.222833e+01,2.217328e+01,2.233146e+01,2.225584e+01,2.226959e+01,2.222145e+01,2.231084e+01,2.234520e+01,2.221457e+01,2.232458e+01,2.233833e+01,2.224208e+01,2.234520e+01,2.232458e+01,2.228334e+01,2.236581e+01,2.235207e+01,2.237955e+01,2.233146e+01,2.236581e+01,2.235894e+01,2.242075e+01,2.237955e+01,2.238642e+01,2.237268e+01,2.242075e+01,2.238642e+01,2.254426e+01,2.240015e+01,2.256483e+01,2.242762e+01,2.239328e+01,2.240015e+01,2.252369e+01,2.248252e+01,2.249625e+01,2.248939e+01,2.244135e+01,2.248252e+01,2.243448e+01,2.243448e+01,2.240702e+01,2.247566e+01,2.250311e+01,2.242762e+01,2.250997e+01,2.244821e+01,2.242075e+01,2.244821e+01,2.242762e+01,2.237268e+01,2.231771e+01,2.239328e+01,2.240015e+01,2.242075e+01,2.232458e+01,2.235207e+01,2.234520e+01,2.223520e+01,2.250311e+01,2.231084e+01,2.239328e+01,2.227647e+01,2.234520e+01,2.226959e+01,2.224896e+01,2.237268e+01,2.222145e+01,2.224208e+01,2.222833e+01,2.226271e+01,2.223520e+01,2.233146e+01,2.228334e+01,2.231084e+01,2.221457e+01,2.220769e+01,2.222145e+01,2.221457e+01,2.227647e+01,2.230396e+01,2.220081e+01,2.230396e+01,2.233146e+01,2.228334e+01,2.229709e+01,2.220081e+01,2.231771e+01,2.224896e+01,2.228334e+01,2.229022e+01,2.221457e+01,2.233833e+01,2.238642e+01,2.229709e+01,2.227647e+01,2.231771e+01,2.232458e+01,2.239328e+01,2.240702e+01,2.241389e+01,2.228334e+01,2.242075e+01,2.226959e+01,2.230396e+01,2.231771e+01,2.240015e+01,2.222833e+01,2.240702e+01,2.222833e+01,2.232458e+01,2.237955e+01,2.234520e+01,2.233146e+01,2.233833e+01,2.236581e+01,2.226959e+01,2.234520e+01,2.228334e+01,2.245507e+01,2.233146e+01,2.230396e+01,2.235207e+01,2.237268e+01,2.240015e+01,2.228334e+01,2.229709e+01,2.235207e+01,2.233833e+01,2.236581e+01,2.240702e+01,2.243448e+01,2.235894e+01,2.235207e+01,2.238642e+01,2.233833e+01,2.245507e+01,2.237268e+01,2.229022e+01,2.237268e+01,2.251683e+01,2.235894e+01,2.237955e+01,2.244135e+01,2.250997e+01,2.230396e+01,2.239328e+01,2.244135e+01,2.244135e+01,2.246880e+01,2.244135e+01,2.256483e+01,2.246194e+01,2.236581e+01,2.246880e+01,2.248939e+01,2.242075e+01,2.252369e+01,2.252369e+01,2.241389e+01,2.248252e+01,2.248939e+01,2.251683e+01,2.246880e+01,2.248939e+01,2.245507e+01,2.250997e+01,2.246880e+01,2.243448e+01,2.252369e+01,2.240015e+01,2.243448e+01,2.251683e+01,2.250311e+01,2.252369e+01,2.253741e+01,2.250997e+01,2.251683e+01,2.255112e+01,2.252369e+01,2.254426e+01,2.257169e+01,2.254426e+01,2.261967e+01,2.258540e+01,2.257169e+01,2.268817e+01,2.263337e+01,2.261282e+01,2.259911e+01,2.266078e+01,2.270187e+01,2.268132e+01,2.279768e+01,2.274294e+01,2.273610e+01,2.274978e+01,2.270871e+01,2.281136e+01,2.278400e+01,2.279084e+01,2.283188e+01,2.282504e+01,2.283188e+01,2.284555e+01,2.283872e+01,2.287974e+01,2.281820e+01,2.280452e+01,2.268132e+01,2.210443e+01,2.146191e+01,2.133708e+01,2.133708e+01,2.140645e+01,2.139952e+01,2.140645e+01,2.133708e+01,2.151734e+01,2.137177e+01,2.143419e+01,2.158659e+01,2.155890e+01,2.157274e+01,2.169037e+01,2.164887e+01,2.169037e+01,2.160735e+01,2.162811e+01,2.163503e+01,2.163503e+01,2.180786e+01,2.182858e+01,2.180786e+01,2.183548e+01,2.182858e+01,2.188381e+01,2.183548e+01,2.193211e+01,2.187000e+01,2.186310e+01,2.191831e+01,2.187691e+01,2.198039e+01,2.191141e+01,2.188381e+01,2.198039e+01,2.193901e+01,2.191141e+01,2.191831e+01,2.193211e+01,2.192521e+01,2.193211e+01,2.191831e+01,2.196660e+01,2.195280e+01,2.191141e+01,2.198729e+01,2.200107e+01,2.195970e+01,2.204932e+01,2.195970e+01,2.194591e+01,2.204932e+01,2.213198e+01,2.211821e+01,2.194591e+01,2.196660e+01,2.210443e+01,2.206999e+01,2.210443e+01,2.212509e+01,2.209755e+01,2.211821e+01,2.228334e+01,2.222145e+01,2.198729e+01,2.190451e+01,2.191831e+01,2.173876e+01,2.183548e+01,2.186310e+01,2.175258e+01,2.204243e+01,2.209755e+01,2.233833e+01,2.231084e+01,2.209066e+01,2.187691e+01,2.187000e+01,2.206999e+01,2.207688e+01,2.204243e+01,2.207688e+01,2.195280e+01,2.200107e+01,2.208377e+01,2.192521e+01,2.193901e+01,2.194591e+01,2.190451e+01,2.192521e+01,2.191141e+01,2.195970e+01,2.197349e+01,2.185620e+01,2.191141e+01,2.193211e+01,2.184239e+01,2.189761e+01,2.185620e+01,2.180786e+01,2.181476e+01,2.182167e+01,2.182167e+01,2.182167e+01,2.182858e+01,2.185620e+01,2.189071e+01,2.193901e+01,2.187691e+01,2.209066e+01,2.190451e+01,2.209066e+01,2.210443e+01,2.204932e+01,2.204243e+01,2.203554e+01,2.196660e+01,2.191831e+01,2.189071e+01,2.187691e+01,2.192521e+01,2.171111e+01,2.176641e+01,2.162811e+01,2.172494e+01,2.159351e+01,2.160043e+01,2.144112e+01,2.146884e+01,2.151734e+01,2.143419e+01,2.144805e+01,2.137177e+01,2.149656e+01,2.151042e+01,2.159351e+01,2.161427e+01,2.164195e+01,2.163503e+01,2.164195e+01,2.171802e+01,2.169037e+01,2.165579e+01,2.177332e+01,2.165579e+01,2.170420e+01,2.166270e+01,2.177332e+01,2.170420e+01,2.164195e+01,2.177332e+01,2.160735e+01,2.176641e+01,2.166270e+01,2.175949e+01,2.164887e+01,2.178022e+01,2.161427e+01,2.193211e+01,2.218016e+01,2.239328e+01,2.244821e+01,2.256483e+01,2.245507e+01,2.245507e+01,2.244135e+01,2.250997e+01,2.245507e+01,2.255112e+01,2.247566e+01,2.250311e+01,2.252369e+01,2.254426e+01,2.254426e+01,2.253055e+01,2.256483e+01,2.253055e+01,2.261967e+01,2.257169e+01,2.263337e+01,2.257854e+01,2.250997e+01,2.259225e+01,2.250997e+01,2.250997e+01,2.255112e+01,2.239328e+01,2.257854e+01,2.260596e+01,2.258540e+01,2.254426e+01,2.248252e+01,2.254426e+01,2.257169e+01,2.256483e+01,2.253055e+01,2.253741e+01,2.254426e+01,2.248939e+01,2.254426e+01,2.248939e+01,2.250997e+01,2.247566e+01,2.250997e+01,2.244135e+01,2.242762e+01,2.244135e+01,2.247566e+01,2.251683e+01,2.255798e+01,2.253055e+01,2.248252e+01,2.251683e+01,2.250997e+01,2.255798e+01,2.244135e+01,2.246880e+01,2.251683e+01,2.253055e+01,2.242075e+01,2.240015e+01,2.246194e+01,2.250311e+01,2.256483e+01,2.240702e+01,2.244821e+01,2.241389e+01,2.245507e+01,2.245507e+01,2.243448e+01,2.252369e+01,2.237268e+01,2.231084e+01,2.223520e+01,2.220081e+01,2.216640e+01,2.218016e+01,2.230396e+01,2.207688e+01,2.201486e+01,2.220769e+01,2.220769e+01,2.222145e+01,2.214575e+01,2.214575e+01,2.220081e+01,2.216640e+01,2.216640e+01,2.209066e+01,2.198039e+01,2.204932e+01,2.206310e+01,2.198729e+01,2.194591e+01,2.208377e+01,2.209066e+01,2.200797e+01,2.211132e+01,2.212509e+01,2.210443e+01,2.210443e+01,2.211132e+01,2.210443e+01,2.207688e+01,2.195970e+01,2.206310e+01,2.204243e+01,2.211132e+01,2.206310e+01,2.211821e+01,2.214575e+01,2.211821e+01,2.211821e+01,2.196660e+01,2.215263e+01,2.209755e+01,2.202176e+01,2.216640e+01,2.205621e+01,2.204932e+01,2.219393e+01,2.203554e+01,2.207688e+01,2.207688e+01,2.212509e+01,2.213198e+01,2.212509e+01,2.216640e+01,2.204243e+01,2.206999e+01,2.206999e+01,2.206999e+01,2.206999e+01,2.202176e+01,2.201486e+01,2.200797e+01,2.202865e+01,2.208377e+01,2.199418e+01
2.233146e+01,2.231084e+01,2.242762e+01,2.226271e+01,2.227647e+01,2.229709e+01,2.229709e+01,2.229709e+01,2.226271e+01,2.233833e+01,2.226271e+01,2.232458e+01,2.230396e+01,2.224208e+01,2.236581e+01,2.232458e+01,2.226959e+01,2.218705e+01,2.226959e+01,2.226271e+01,2.242762e+01,2.235894e+01,2.243448e+01,2.234520e+01,2.244135e+01,2.236581e+01,2.230396e+01,2.234520e+01,2.234520e+01,2.246880e+01,2.239328e+01,2.233833e+01,2.233146e+01,2.235207e+01,2.240015e+01,2.240702e+01,2.250311e+01,2.246194e+01,2.241389e+01,2.237268e+01,2.245507e+01,2.247566e+01,2.250997e+01,2.250311e+01,2.242762e+01,2.244821e+01,2.257169e+01,2.262652e+01,2.243448e+01,2.258540e+01,2.258540e+01,2.253055e+01,2.251683e+01,2.249625e+01,2.270871e+01,2.251683e+01,2.261282e+01,2.255112e+01,2.262652e+01,2.253741e+01,2.258540e+01,2.256483e+01,2.255798e+01,2.261282e+01,2.255798e+01,2.263337e+01,2.257854e+01,2.257169e+01,2.259911e+01,2.259911e+01,2.255798e+01,2.255112e+01,2.257854e+01,2.255112e+01,2.255112e+01,2.268132e+01,2.253741e+01,2.255112e+01,2.255112e+01,2.250311e+01,2.249625e+01,2.253055e+01,2.249625e+01,2.252369e+01,2.249625e+01,2.246194e+01,2.246194e+01,2.237268e+01,2.246194e+01,2.246880e+01,2.237955e+01,2.245507e+01,2.242762e+01,2.235894e+01,2.227647e+01,2.233833e+01,2.221457e+01,2.220081e+01,2.218705e+01,2.216640e+01,2.215952e+01,2.208377e+01,2.204932e+01,2.212509e+01,2.206310e+01,2.211821e+01,2.210443e+01,2.205621e+01,2.205621e+01,2.216640e+01,2.216640e+01,2.215263e+01,2.222145e+01,2.212509e+01,2.224896e+01,2.218016e+01,2.215263e+01,2.222145e+01,2.211821e+01,2.216640e+01,2.211821e+01,2.222145e+01,2.213198e+01,2.218705e+01,2.225584e+01,2.219393e+01,2.218016e+01,2.219393e+01,2.222145e+01,2.218705e+01,2.221457e+01,2.220769e+01,2.231084e+01,2.211132e+01,2.229709e+01,2.219393e+01,2.224208e+01,2.232458e+01,2.220081e+01,2.231771e+01,2.229709e+01,2.233833e+01,2.232458e+01,2.237268e+01,2.229022e+01,2.229709e+01,2.236581e+01,2.234520e+01,2.234520e+01,2.238642e+01,2.245507e+01,2.235894e+01,2.237955e+01,2.237955e+01,2.237955e+01,2.240702e+01,2.240702e+01,2.240702e+01,2.255798e+01,2.240015e+01,2.253055e+01,2.241389e+01,2.250311e+01,2.244135e+01,2.245507e+01,2.242762e+01,2.244821e+01,2.240015e+01,2.252369e+01,2.241389e+01,2.242762e+01,2.252369e+01,2.243448e+01,2.247566e+01,2.248252e+01,2.237268e+01,2.240702e+01,2.250311e+01,2.237955e+01,2.242762e+01,2.244135e+01,2.238642e+01,2.242075e+01,2.230396e+01,2.238642e+01,2.246194e+01,2.250997e+01,2.233833e+01,2.234520e+01,2.235207e+01,2.232458e+01,2.226959e+01,2.231771e+01,2.228334e+01,2.226959e+01,2.227647e+01,2.223520e+01,2.220081e+01,2.231771e+01,2.227647e+01,2.220769e+01,2.226959e+01,2.228334e+01,2.239328e+01,2.226271e+01,2.222145e+01,2.232458e+01,2.229022e+01,2.231771e+01,2.231084e+01,2.231084e+01,2.230396e+01,2.235207e+01,2.224208e+01,2.229022e+01,2.227647e+01,2.232458e+01,2.230396e+01,2.231771e+01,2.232458e+01,2.226959e+01,2.228334e+01,2.239328e+01,2.232458e+01,2.222833e+01,2.228334e+01,2.238642e+01,2.229022e+01,2.238642e+01,2.239328e+01,2.234520e+01,2.235207e+01,2.234520e+01,2.228334e+01,2.235894e+01,2.245507e+01,2.243448e+01,2.244135e+01,2.233146e+01,2.236581e+01,2.235894e+01,2.235207e+01,2.242762e+01,2.235207e+01,2.233833e+01,2.240702e+01,2.232458e+01,2.233146e+01,2.245507e+01,2.229022e+01,2.237955e+01,2.216640e+01,2.234520e+01,2.231771e+01,2.224896e+01,2.233146e+01,2.236581e+01,2.240015e+01,2.242075e+01,2.238642e+01,2.242075e+01,2.243448e+01,2.246194e+01,2.240015e+01,2.237955e+01,2.242075e+01,2.231084e+01,2.248939e+01,2.248939e+01,2.239328e+01,2.249625e+01,2.246880e+01,2.232458e+01,2.242075e+01,2.241389e+01,2.235207e+01,2.246194e+01,2.245507e+01,2.247566e+01,2.244821e+01,2.245507e+01,2.246880e+01,2.231771e+01,2.248939e+01,2.251683e+01,2.251683e+01,2.242762e+01,2.242762e+01,2.241389e+01,2.241389e+01,2.249625e+01,2.252369e+01,2.248939e+01,2.246880e+01,2.252369e+01,2.245507e+01,2.244135e+01,2.248939e+01,2.256483e+01,2.245507e+01,2.241389e+01,2.254426e+01,2.253055e+01,2.251683e+01,2.255112e+01,2.251683e+01,2.253741e+01,2.264022e+01,2.255112e+01,2.258540e+01,2.265392e+01,2.261967e+01,2.264022e+01,2.268132e+01,2.266078e+01,2.267447e+01,2.265392e+01,2.268817e+01,2.268817e+01,2.267447e+01,2.269502e+01,2.274294e+01,2.279768e+01,2.268817e+01,2.272241e+01,2.282504e+01,2.283188e+01,2.277716e+01,2.280452e+01,2.284555e+01,2.278400e+01,2.283872e+01,2.282504e+01,2.286607e+01,2.282504e+01,2.268817e+01,2.276347e+01,2.281820e+01,2.279768e+01,2.235894e+01,2.146191e+01,2.135096e+01,2.138565e+01,2.139258e+01,2.137871e+01,2.140645e+01,2.146884e+01,2.140645e+01,2.138565e+01,2.159351e+01,2.159351e+01,2.157967e+01,2.154505e+01,2.160735e+01,2.162119e+01,2.171802e+01,2.163503e+01,2.171802e+01,2.175949e+01,2.167654e+01,2.182167e+01,2.178713e+01,2.184239e+01,2.180095e+01,2.186310e+01,2.193211e+01,2.184929e+01,2.182858e+01,2.184239e+01,2.185620e+01,2.180095e+01,2.190451e+01,2.191831e+01,2.194591e+01,2.193901e+01,2.192521e+01,2.186310e+01,2.191831e+01,2.192521e+01,2.192521e+01,2.190451e+01,2.192521e+01,2.192521e+01,2.193211e+01,2.194591e+01,2.198039e+01,2.194591e+01,2.203554e+01,2.201486e+01,2.198729e+01,2.205621e+01,2.205621e+01,2.204243e+01,2.206999e+01,2.213198e+01,2.209755e+01,2.209755e+01,2.192521e+01,2.207688e+01,2.206999e+01,2.204243e+01,2.212509e+01,2.212509e+01,2.212509e+01,2.212509e+01,2.194591e+01,2.190451e+01,2.187691e+01,2.183548e+01,2.177332e+01,2.186310e+01,2.179404e+01,2.193901e+01,2.204243e+01,2.217328e+01,2.225584e+01,2.207688e+01,2.190451e+01,2.191141e+01,2.195970e+01,2.189071e+01,2.191831e+01,2.204932e+01,2.202176e+01,2.198729e+01,2.198729e+01,2.195280e+01,2.197349e+01,2.203554e+01,2.197349e+01,2.195970e+01,2.194591e+01,2.210443e+01,2.193901e+01,2.192521e+01,2.182167e+01,2.194591e+01,2.186310e+01,2.186310e+01,2.196660e+01,2.184239e+01,2.182167e+01,2.181476e+01,2.181476e+01,2.189071e+01,2.187000e+01,2.190451e+01,2.191831e+01,2.200107e+01,2.193211e+01,2.195280e+01,2.193901e+01,2.193211e+01,2.197349e+01,2.195280e+01,2.191831e+01,2.202865e+01,2.198039e+01,2.198039e+01,2.173185e+01,2.184929e+01,2.188381e+01,2.168345e+01,2.168345e+01,2.162811e+01,2.162811e+01,2.155890e+01,2.157274e+01,2.139258e+01,2.149656e+01,2.142032e+01,2.142725e+01,2.131626e+01,2.148963e+01,2.157967e+01,2.150349e+01,2.162119e+01,2.167654e+01,2.179404e+01,2.162811e+01,2.166270e+01,2.168345e+01,2.166962e+01,2.164887e+01,2.172494e+01,2.168345e+01,2.164887e+01,2.179404e+01,2.172494e+01,2.171111e+01,2.177332e+01,2.169037e+01,2.175258e+01,2.173185e+01,2.181476e+01,2.173185e+01,2.167654e+01,2.172494e+01,2.157967e+01,2.186310e+01,2.187000e+01,2.198039e+01,2.224208e+01,2.224896e+01,2.250997e+01,2.248939e+01,2.254426e+01,2.249625e+01,2.243448e+01,2.246194e+01,2.245507e+01,2.253741e+01,2.252369e+01,2.250997e+01,2.253055e+01,2.253055e+01,2.251683e+01,2.260596e+01,2.253741e+01,2.250311e+01,2.251683e+01,2.252369e+01,2.256483e+01,2.252369e+01,2.250311e+01,2.251683e+01,2.252369e+01,2.242075e+01,2.256483e+01,2.253741e+01,2.256483e+01,2.250311e+01,2.257169e+01,2.252369e+01,2.253741e+01,2.241389e+01,2.243448e+01,2.265392e+01,2.259911e+01,2.262652e+01,2.245507e+01,2.245507e+01,2.239328e+01,2.247566e+01,2.244821e+01,2.244821e+01,2.251683e+01,2.253055e+01,2.240702e+01,2.246880e+01,2.244821e+01,2.250311e+01,2.254426e+01,2.250311e+01,2.252369e+01,2.257169e+01,2.253741e+01,2.251683e+01,2.251683e+01,2.244135e+01,2.248939e+01,2.255112e+01,2.253741e+01,2.239328e+01,2.240702e+01,2.245507e+01,2.241389e+01,2.230396e+01,2.239328e+01,2.235207e+01,2.243448e+01,2.240015e+01,2.229022e+01,2.243448e+01,2.224896e+01,2.224208e+01,2.220081e+01,2.227647e+01,2.231084e+01,2.213886e+01,2.224896e+01,2.218016e+01,2.219393e+01,2.220769e+01,2.220769e+01,2.204932e+01,2.214575e+01,2.218705e+01,2.212509e+01,2.232458e+01,2.202865e+01,2.194591e+01,2.198729e+01,2.197349e+01,2.209755e+01,2.201486e+01,2.204243e+01,2.219393e+01,2.208377e+01,2.202176e+01,2.200797e+01,2.207688e+01,2.210443e+01,2.210443e+01,2.205621e+01,2.205621e+01,2.204243e+01,2.201486e+01,2.207688e+01,2.204243e+01,2.209066e+01,2.211132e+01,2.216640e+01,2.213198e+01,2.215263e+01,2.192521e+01,2.206999e+01,2.221457e+01,2.193901e+01,2.205621e+01,2.221457e+01,2.202865e+01,2.220081e+01,2.224208e+01,2.224208e+01,2.209066e+01,2.215952e+01,2.198729e+01,2.214575e+01,2.211821e+01,2.211132e+01,2.198729e+01,2.206999e+01,2.204243e+01,2.197349e+01,2.209066e+01,2.206999e+01,2.202865e+01,2.201486e+01,2.198729e+01
2.220769e+01,2.223520e+01,2.222833e+01,2.228334e+01,2.215263e+01,2.230396e+01,2.233146e+01,2.233146e+01,2.226959e+01,2.225584e+01,2.230396e+01,2.224208e+01,2.224896e+01,2.228334e+01,2.231084e+01,2.227647e+01,2.222833e+01,2.222833e+01,2.223520e+01,2.229022e+01,2.233146e+01,2.224896e+01,2.228334e+01,2.234520e+01,2.230396e+01,2.232458e+01,2.235207e+01,2.235894e+01,2.241389e+01,2.236581e+01,2.245507e+01,2.248939e+01,2.242075e+01,2.238642e+01,2.231084e+01,2.238642e+01,2.240015e+01,2.254426e+01,2.257169e+01,2.239328e+01,2.250997e+01,2.237268e+01,2.236581e+01,2.242075e+01,2.247566e+01,2.247566e+01,2.262652e+01,2.248939e+01,2.261282e+01,2.249625e+01,2.264022e+01,2.256483e+01,2.246194e+01,2.253055e+01,2.252369e+01,2.258540e+01,2.249625e+01,2.253741e+01,2.259911e+01,2.259225e+01,2.258540e+01,2.258540e+01,2.259225e+01,2.256483e+01,2.258540e+01,2.255798e+01,2.259911e+01,2.257169e+01,2.257169e+01,2.264022e+01,2.254426e+01,2.260596e+01,2.261967e+01,2.257854e+01,2.254426e+01,2.254426e+01,2.255112e+01,2.255798e+01,2.257169e+01,2.256483e+01,2.255112e+01,2.250997e+01,2.248939e+01,2.246880e+01,2.247566e+01,2.248939e+01,2.237268e+01,2.246194e+01,2.244821e+01,2.246880e+01,2.242762e+01,2.241389e+01,2.241389e+01,2.234520e+01,2.222145e+01,2.224896e+01,2.224208e+01,2.215263e+01,2.230396e+01,2.214575e+01,2.214575e+01,2.222145e+01,2.203554e+01,2.204932e+01,2.206310e+01,2.212509e+01,2.211132e+01,2.206999e+01,2.211821e+01,2.218016e+01,2.200107e+01,2.222145e+01,2.204932e+01,2.208377e+01,2.213198e+01,2.210443e+01,2.218016e+01,2.218705e+01,2.217328e+01,2.221457e+01,2.220769e+01,2.210443e+01,2.213198e+01,2.213886e+01,2.222833e+01,2.205621e+01,2.221457e+01,2.222833e+01,2.230396e+01,2.228334e+01,2.222145e+01,2.219393e+01,2.224208e+01,2.222145e+01,2.224208e+01,2.225584e+01,2.228334e+01,2.231084e+01,2.230396e+01,2.222145e+01,2.232458e+01,2.234520e+01,2.233833e+01,2.228334e+01,2.236581e+01,2.229709e+01,2.236581e+01,2.240702e+01,2.241389e+01,2.235894e+01,2.238642e+01,2.238642e+01,2.237268e+01,2.239328e+01,2.237268e+01,2.238642e+01,2.239328e+01,2.241389e+01,2.255112e+01,2.250997e+01,2.244821e+01,2.242075e+01,2.255112e+01,2.244821e+01,2.255112e+01,2.240702e+01,2.241389e+01,2.244135e+01,2.240015e+01,2.241389e+01,2.242075e+01,2.247566e+01,2.246880e+01,2.239328e+01,2.244821e+01,2.248939e+01,2.237955e+01,2.235894e+01,2.239328e+01,2.239328e+01,2.239328e+01,2.239328e+01,2.241389e+01,2.237268e+01,2.233833e+01,2.235207e+01,2.237955e+01,2.228334e+01,2.230396e+01,2.237955e+01,2.241389e+01,2.232458e+01,2.237955e+01,2.230396e+01,2.225584e+01,2.233146e+01,2.231771e+01,2.233833e+01,2.229022e+01,2.227647e+01,2.231771e+01,2.225584e+01,2.233833e+01,2.233833e+01,2.227647e+01,2.220769e+01,2.231084e+01,2.231084e+01,2.231084e+01,2.218705e+01,2.219393e+01,2.226271e+01,2.231771e+01,2.227647e+01,2.224208e+01,2.227647e+01,2.225584e+01,2.229022e+01,2.231771e+01,2.226271e+01,2.231771e+01,2.224896e+01,2.227647e+01,2.234520e+01,2.226271e+01,2.231771e+01,2.235894e+01,2.229709e+01,2.240702e+01,2.224896e+01,2.237268e+01,2.246880e+01,2.230396e+01,2.231771e+01,2.235207e+01,2.237955e+01,2.235894e+01,2.224208e+01,2.229709e+01,2.237268e+01,2.234520e+01,2.237268e+01,2.235207e+01,2.235207e+01,2.236581e+01,2.237955e+01,2.235894e+01,2.242075e+01,2.234520e+01,2.242075e+01,2.236581e+01,2.237955e+01,2.233146e+01,2.234520e+01,2.231084e+01,2.233833e+01,2.240015e+01,2.242762e+01,2.242762e+01,2.240702e+01,2.239328e+01,2.237268e+01,2.236581e+01,2.244821e+01,2.235207e+01,2.242762e+01,2.236581e+01,2.233146e+01,2.234520e+01,2.241389e+01,2.245507e+01,2.243448e+01,2.248939e+01,2.251683e+01,2.243448e+01,2.246880e+01,2.244821e+01,2.248939e+01,2.245507e+01,2.245507e+01,2.243448e+01,2.239328e+01,2.250311e+01,2.250311e+01,2.249625e+01,2.247566e+01,2.248939e+01,2.245507e+01,2.250311e+01,2.247566e+01,2.248939e+01,2.241389e+01,2.249625e+01,2.252369e+01,2.250311e+01,2.246194e+01,2.256483e+01,2.246194e+01,2.244821e+01,2.243448e+01,2.247566e+01,2.257169e+01,2.253741e+01,2.258540e+01,2.255798e+01,2.251683e+01,2.255112e+01,2.266078e+01,2.254426e+01,2.262652e+01,2.265392e+01,2.263337e+01,2.264022e+01,2.266763e+01,2.261967e+01,2.270187e+01,2.266763e+01,2.272241e+01,2.266763e+01,2.270187e+01,2.266763e+01,2.281820e+01,2.268817e+01,2.272925e+01,2.277032e+01,2.268817e+01,2.269502e+01,2.278400e+01,2.280452e+01,2.280452e+01,2.281820e+01,2.286607e+01,2.281820e+01,2.285923e+01,2.285923e+01,2.278400e+01,2.277716e+01,2.266078e+01,2.273610e+01,2.246194e+01,2.160043e+01,2.122600e+01,2.126767e+01,2.131626e+01,2.139952e+01,2.140645e+01,2.140645e+01,2.141339e+01,2.147577e+01,2.139952e+01,2.157967e+01,2.152427e+01,2.160043e+01,2.156582e+01,2.150349e+01,2.161427e+01,2.160735e+01,2.172494e+01,2.172494e+01,2.179404e+01,2.182858e+01,2.180095e+01,2.184239e+01,2.178022e+01,2.202865e+01,2.186310e+01,2.180095e+01,2.194591e+01,2.184239e+01,2.202176e+01,2.201486e+01,2.182167e+01,2.194591e+01,2.197349e+01,2.195970e+01,2.189761e+01,2.187691e+01,2.192521e+01,2.193901e+01,2.188381e+01,2.196660e+01,2.195280e+01,2.187691e+01,2.184929e+01,2.187000e+01,2.189761e+01,2.200797e+01,2.191141e+01,2.200797e+01,2.205621e+01,2.206999e+01,2.206999e+01,2.201486e+01,2.210443e+01,2.209066e+01,2.204932e+01,2.213886e+01,2.210443e+01,2.217328e+01,2.220081e+01,2.218705e+01,2.208377e+01,2.215263e+01,2.211821e+01,2.199418e+01,2.195970e+01,2.189761e+01,2.168345e+01,2.197349e+01,2.176641e+01,2.185620e+01,2.174567e+01,2.182858e+01,2.176641e+01,2.198039e+01,2.215263e+01,2.186310e+01,2.187691e+01,2.202176e+01,2.202176e+01,2.203554e+01,2.193211e+01,2.192521e+01,2.200107e+01,2.200107e+01,2.200107e+01,2.204243e+01,2.194591e+01,2.195970e+01,2.187691e+01,2.198039e+01,2.199418e+01,2.193211e+01,2.193211e+01,2.186310e+01,2.190451e+01,2.191141e+01,2.187000e+01,2.181476e+01,2.179404e+01,2.180095e+01,2.181476e+01,2.179404e+01,2.178713e+01,2.178022e+01,2.192521e+01,2.182858e+01,2.193901e+01,2.188381e+01,2.198039e+01,2.204932e+01,2.202865e+01,2.204932e+01,2.199418e+01,2.194591e+01,2.198039e+01,2.193211e+01,2.192521e+01,2.187691e+01,2.191831e+01,2.186310e+01,2.185620e+01,2.166962e+01,2.176641e+01,2.180095e+01,2.162119e+01,2.164887e+01,2.160043e+01,2.151042e+01,2.144805e+01,2.143419e+01,2.142725e+01,2.144805e+01,2.149656e+01,2.155890e+01,2.160043e+01,2.151734e+01,2.161427e+01,2.166962e+01,2.179404e+01,2.170420e+01,2.178713e+01,2.171111e+01,2.170420e+01,2.182167e+01,2.172494e+01,2.171802e+01,2.171111e+01,2.169037e+01,2.173185e+01,2.167654e+01,2.174567e+01,2.174567e+01,2.164887e+01,2.171802e+01,2.161427e+01,2.162811e+01,2.162811e+01,2.148963e+01,2.157274e+01,2.166962e+01,2.182167e+01,2.214575e+01,2.217328e+01,2.222833e+01,2.244135e+01,2.243448e+01,2.250997e+01,2.248939e+01,2.248252e+01,2.246880e+01,2.246194e+01,2.252369e+01,2.251683e+01,2.259225e+01,2.254426e+01,2.256483e+01,2.269502e+01,2.253741e+01,2.259911e+01,2.255112e+01,2.253055e+01,2.252369e+01,2.250997e+01,2.262652e+01,2.236581e+01,2.253055e+01,2.254426e+01,2.257854e+01,2.253055e+01,2.250311e+01,2.250311e+01,2.243448e+01,2.253055e+01,2.242762e+01,2.250311e+01,2.257854e+01,2.241389e+01,2.259911e+01,2.246194e+01,2.242075e+01,2.245507e+01,2.244135e+01,2.250997e+01,2.247566e+01,2.246880e+01,2.244821e+01,2.246194e+01,2.242762e+01,2.252369e+01,2.245507e+01,2.248252e+01,2.253055e+01,2.250311e+01,2.251683e+01,2.256483e+01,2.245507e+01,2.247566e+01,2.253055e+01,2.244135e+01,2.244135e+01,2.237268e+01,2.246194e+01,2.254426e+01,2.236581e+01,2.240702e+01,2.236581e+01,2.242762e+01,2.236581e+01,2.242075e+01,2.231084e+01,2.239328e+01,2.233833e+01,2.227647e+01,2.225584e+01,2.231771e+01,2.222145e+01,2.226271e+01,2.213198e+01,2.216640e+01,2.206310e+01,2.208377e+01,2.198729e+01,2.206310e+01,2.200107e+01,2.198039e+01,2.218705e+01,2.212509e+01,2.201486e+01,2.202176e+01,2.202865e+01,2.198039e+01,2.218705e+01,2.192521e+01,2.204243e+01,2.202865e+01,2.201486e+01,2.210443e+01,2.195970e+01,2.204243e+01,2.211821e+01,2.208377e+01,2.202865e+01,2.208377e+01,2.206310e+01,2.206999e+01,2.207688e+01,2.203554e+01,2.197349e+01,2.200107e+01,2.203554e+01,2.214575e+01,2.206310e+01,2.207688e+01,2.202865e+01,2.203554e+01,2.209066e+01,2.199418e+01,2.207688e+01,2.220081e+01,2.218705e+01,2.218016e+01,2.206999e+01,2.215263e+01,2.204243e+01,2.214575e+01,2.213886e+01,2.207688e+01,2.196660e+01,2.199418e+01,2.208377e+01,2.201486e+01,2.207688e+01,2.201486e+01,2.193211e+01,2.189071e+01,2.195280e+01,2.194591e+01,2.198039e+01,2.211821e+01
2.235207e+01,2.227647e+01,2.231084e+01,2.218705e+01,2.229709e+01,2.231771e+01,2.231771e+01,2.220081e+01,2.235207e+01,2.229709e+01,2.222145e+01,2.225584e+01,2.227647e+01,2.226271e+01,2.221457e+01,2.231771e+01,2.224208e+01,2.225584e+01,2.224208e+01,2.221457e+01,2.226959e+01,2.231084e+01,2.245507e+01,2.233146e+01,2.235894e+01,2.231084e+01,2.229022e+01,2.233833e+01,2.235207e+01,2.236581e+01,2.226271e+01,2.244821e+01,2.231771e+01,2.238642e+01,2.237268e+01,2.238642e+01,2.244821e+01,2.243448e+01,2.256483e+01,2.240015e+01,2.243448e+01,2.240015e+01,2.251683e+01,2.250311e+01,2.245507e+01,2.241389e+01,2.255798e+01,2.258540e+01,2.250311e+01,2.250997e+01,2.259225e+01,2.248252e+01,2.254426e+01,2.257854e+01,2.253055e+01,2.253741e+01,2.253741e+01,2.257854e+01,2.259225e+01,2.258540e+01,2.259225e+01,2.257169e+01,2.263337e+01,2.261967e+01,2.254426e+01,2.251683e+01,2.255798e+01,2.268132e+01,2.259225e+01,2.254426e+01,2.257854e+01,2.253055e+01,2.263337e+01,2.261282e+01,2.258540e+01,2.248252e+01,2.250997e+01,2.244135e+01,2.254426e+01,2.249625e+01,2.254426e+01,2.256483e+01,2.250997e+01,2.249625e+01,2.243448e+01,2.244135e+01,2.243448e+01,2.245507e+01,2.244135e+01,2.246194e+01,2.235207e+01,2.242075e+01,2.240702e+01,2.231084e+01,2.240015e+01,2.237955e+01,2.231084e+01,2.241389e+01,2.215952e+01,2.213886e+01,2.229022e+01,2.209066e+01,2.216640e+01,2.209066e+01,2.215263e+01,2.211821e+01,2.209755e+01,2.205621e+01,2.203554e+01,2.218016e+01,2.202865e+01,2.220081e+01,2.212509e+01,2.212509e+01,2.220769e+01,2.212509e+01,2.220769e+01,2.219393e+01,2.217328e+01,2.209066e+01,2.185620e+01,2.224896e+01,2.204932e+01,2.205621e+01,2.228334e+01,2.218705e+01,2.233146e+01,2.220769e+01,2.231771e+01,2.227647e+01,2.224208e+01,2.235894e+01,2.219393e+01,2.222833e+01,2.224896e+01,2.227647e+01,2.226959e+01,2.229022e+01,2.222145e+01,2.227647e+01,2.233833e+01,2.231771e+01,2.233833e+01,2.235894e+01,2.250311e+01,2.242762e+01,2.235207e+01,2.246194e+01,2.231084e+01,2.235894e+01,2.244135e+01,2.244821e+01,2.240015e+01,2.237268e+01,2.240015e+01,2.237955e+01,2.240702e+01,2.236581e+01,2.239328e+01,2.254426e+01,2.252369e+01,2.249625e+01,2.250997e+01,2.238642e+01,2.252369e+01,2.231084e+01,2.255112e+01,2.250311e+01,2.236581e+01,2.251683e+01,2.248252e+01,2.251683e+01,2.248252e+01,2.244135e+01,2.249625e+01,2.236581e+01,2.241389e+01,2.245507e+01,2.238642e+01,2.247566e+01,2.233833e+01,2.235207e+01,2.240015e+01,2.225584e+01,2.236581e+01,2.243448e+01,2.241389e+01,2.238642e+01,2.235894e+01,2.238642e+01,2.236581e+01,2.227647e+01,2.240015e+01,2.231084e+01,2.230396e+01,2.232458e+01,2.228334e+01,2.223520e+01,2.229022e+01,2.224896e+01,2.239328e+01,2.229709e+01,2.233146e+01,2.230396e+01,2.235894e+01,2.218705e+01,2.231084e+01,2.226959e+01,2.224896e+01,2.246194e+01,2.230396e+01,2.231771e+01,2.224896e+01,2.227647e+01,2.229022e+01,2.225584e+01,2.224896e+01,2.232458e+01,2.229022e+01,2.235894e+01,2.238642e+01,2.235207e+01,2.233146e+01,2.235894e+01,2.233146e+01,2.234520e+01,2.240015e+01,2.240015e+01,2.240015e+01,2.237955e+01,2.237955e+01,2.246194e+01,2.236581e+01,2.224208e+01,2.232458e+01,2.237955e+01,2.236581e+01,2.235207e+01,2.231084e+01,2.231771e+01,2.237955e+01,2.235894e+01,2.239328e+01,2.237955e+01,2.237955e+01,2.236581e+01,2.235894e+01,2.244821e+01,2.241389e+01,2.237955e+01,2.235894e+01,2.234520e+01,2.238642e+01,2.235207e+01,2.239328e+01,2.243448e+01,2.225584e+01,2.244821e+01,2.237268e+01,2.245507e+01,2.246880e+01,2.244135e+01,2.246194e+01,2.244821e+01,2.248939e+01,2.240015e+01,2.237268e+01,2.233833e+01,2.231771e+01,2.247566e+01,2.246194e+01,2.250997e+01,2.248939e+01,2.247566e+01,2.248252e+01,2.248252e+01,2.246880e+01,2.244821e+01,2.246194e+01,2.240702e+01,2.244135e+01,2.246880e+01,2.239328e+01,2.233146e+01,2.246194e+01,2.246194e+01,2.242075e+01,2.244135e+01,2.248939e+01,2.250311e+01,2.247566e+01,2.243448e+01,2.251683e+01,2.253055e+01,2.254426e+01,2.253055e+01,2.247566e+01,2.255112e+01,2.248939e+01,2.257169e+01,2.256483e+01,2.240015e+01,2.252369e+01,2.246880e+01,2.256483e+01,2.246880e+01,2.261282e+01,2.255112e+01,2.263337e+01,2.263337e+01,2.257854e+01,2.266078e+01,2.270187e+01,2.269502e+01,2.264708e+01,2.270871e+01,2.266078e+01,2.263337e+01,2.270871e+01,2.271556e+01,2.270187e+01,2.267447e+01,2.266078e+01,2.264708e+01,2.283872e+01,2.269502e+01,2.267447e+01,2.268132e+01,2.296856e+01,2.281820e+01,2.282504e+01,2.284555e+01,2.282504e+01,2.283872e+01,2.277716e+01,2.270187e+01,2.274294e+01,2.277716e+01,2.266078e+01,2.251683e+01,2.192521e+01,2.135790e+01,2.126072e+01,2.124683e+01,2.139258e+01,2.137177e+01,2.139952e+01,2.151042e+01,2.139952e+01,2.155890e+01,2.156582e+01,2.151734e+01,2.155197e+01,2.145498e+01,2.162119e+01,2.162119e+01,2.166962e+01,2.172494e+01,2.167654e+01,2.183548e+01,2.181476e+01,2.182167e+01,2.176641e+01,2.180095e+01,2.187000e+01,2.185620e+01,2.184239e+01,2.184239e+01,2.182858e+01,2.184239e+01,2.182858e+01,2.178022e+01,2.191141e+01,2.189071e+01,2.189071e+01,2.190451e+01,2.187000e+01,2.187691e+01,2.195970e+01,2.184929e+01,2.187000e+01,2.182858e+01,2.191141e+01,2.189761e+01,2.198039e+01,2.194591e+01,2.194591e+01,2.199418e+01,2.202176e+01,2.203554e+01,2.211821e+01,2.215263e+01,2.205621e+01,2.209066e+01,2.209755e+01,2.210443e+01,2.211821e+01,2.202176e+01,2.213198e+01,2.224208e+01,2.212509e+01,2.202865e+01,2.221457e+01,2.212509e+01,2.198039e+01,2.184239e+01,2.174567e+01,2.191141e+01,2.187691e+01,2.183548e+01,2.175258e+01,2.173185e+01,2.171802e+01,2.170420e+01,2.197349e+01,2.210443e+01,2.182858e+01,2.172494e+01,2.184929e+01,2.204932e+01,2.188381e+01,2.194591e+01,2.196660e+01,2.198729e+01,2.198729e+01,2.198729e+01,2.198729e+01,2.193211e+01,2.190451e+01,2.195280e+01,2.192521e+01,2.188381e+01,2.189071e+01,2.186310e+01,2.182167e+01,2.185620e+01,2.181476e+01,2.184929e+01,2.180095e+01,2.183548e+01,2.182858e+01,2.162119e+01,2.183548e+01,2.175949e+01,2.156582e+01,2.187691e+01,2.187691e+01,2.192521e+01,2.193211e+01,2.198729e+01,2.197349e+01,2.190451e+01,2.200107e+01,2.202865e+01,2.200797e+01,2.185620e+01,2.194591e+01,2.192521e+01,2.195280e+01,2.178713e+01,2.187691e+01,2.184929e+01,2.177332e+01,2.160043e+01,2.178713e+01,2.178022e+01,2.166962e+01,2.174567e+01,2.153119e+01,2.163503e+01,2.155197e+01,2.156582e+01,2.144112e+01,2.154505e+01,2.153119e+01,2.157274e+01,2.152427e+01,2.169728e+01,2.166270e+01,2.173876e+01,2.171111e+01,2.170420e+01,2.173185e+01,2.173876e+01,2.171111e+01,2.187000e+01,2.171802e+01,2.168345e+01,2.169728e+01,2.166962e+01,2.166962e+01,2.172494e+01,2.180786e+01,2.161427e+01,2.174567e+01,2.168345e+01,2.162811e+01,2.168345e+01,2.160735e+01,2.160735e+01,2.153812e+01,2.164195e+01,2.188381e+01,2.207688e+01,2.243448e+01,2.242762e+01,2.242762e+01,2.248252e+01,2.250311e+01,2.248252e+01,2.257169e+01,2.246194e+01,2.247566e+01,2.253055e+01,2.251683e+01,2.253741e+01,2.256483e+01,2.255112e+01,2.260596e+01,2.253741e+01,2.256483e+01,2.247566e+01,2.250997e+01,2.250311e+01,2.259225e+01,2.254426e+01,2.257854e+01,2.251683e+01,2.256483e+01,2.257854e+01,2.252369e+01,2.243448e+01,2.243448e+01,2.244821e+01,2.260596e+01,2.259911e+01,2.258540e+01,2.242762e+01,2.241389e+01,2.244135e+01,2.244821e+01,2.254426e+01,2.250997e+01,2.245507e+01,2.246194e+01,2.255112e+01,2.250997e+01,2.257854e+01,2.244135e+01,2.254426e+01,2.236581e+01,2.245507e+01,2.247566e+01,2.253055e+01,2.240015e+01,2.246880e+01,2.244821e+01,2.246194e+01,2.249625e+01,2.249625e+01,2.258540e+01,2.246194e+01,2.253055e+01,2.264022e+01,2.243448e+01,2.242075e+01,2.239328e+01,2.246194e+01,2.241389e+01,2.224208e+01,2.231771e+01,2.237955e+01,2.229022e+01,2.228334e+01,2.224896e+01,2.219393e+01,2.221457e+01,2.214575e+01,2.214575e+01,2.213886e+01,2.218016e+01,2.205621e+01,2.202176e+01,2.203554e+01,2.202865e+01,2.208377e+01,2.202865e+01,2.209755e+01,2.209066e+01,2.216640e+01,2.200797e+01,2.205621e+01,2.194591e+01,2.201486e+01,2.202865e+01,2.209755e+01,2.196660e+01,2.216640e+01,2.198729e+01,2.205621e+01,2.211821e+01,2.193901e+01,2.205621e+01,2.189761e+01,2.204932e+01,2.192521e+01,2.209755e+01,2.217328e+01,2.204243e+01,2.206310e+01,2.204243e+01,2.209066e+01,2.196660e+01,2.207688e+01,2.213886e+01,2.214575e+01,2.207688e+01,2.233833e+01,2.217328e+01,2.215263e+01,2.213886e+01,2.205621e+01,2.215952e+01,2.211821e+01,2.211821e+01,2.208377e+01,2.215263e+01,2.201486e+01,2.194591e+01,2.205621e+01,2.199418e+01,2.204932e+01,2.193901e+01,2.203554e+01,2.195970e+01,2.195280e+01,2.196660e+01,2.195970e+01,2.186310e+01,2.220081e+01
2.230396e+01,2.218705e+01,2.218016e+01,2.218705e+01,2.228334e+01,2.229709e+01,2.235894e+01,2.226271e+01,2.225584e+01,2.221457e+01,2.228334e+01,2.224208e+01,2.219393e+01,2.223520e+01,2.224208e+01,2.240015e+01,2.226959e+01,2.226271e+01,2.209755e+01,2.229022e+01,2.229022e+01,2.226959e+01,2.219393e+01,2.229709e+01,2.237955e+01,2.235894e+01,2.227647e+01,2.232458e+01,2.231084e+01,2.226271e+01,2.238642e+01,2.247566e+01,2.249625e+01,2.226959e+01,2.235207e+01,2.233833e+01,2.242075e+01,2.244821e+01,2.241389e+01,2.237955e+01,2.247566e+01,2.248939e+01,2.241389e+01,2.251683e+01,2.248252e+01,2.251683e+01,2.255798e+01,2.250311e+01,2.248939e+01,2.248252e+01,2.246880e+01,2.257854e+01,2.253055e+01,2.244821e+01,2.255112e+01,2.255112e+01,2.250997e+01,2.256483e+01,2.256483e+01,2.256483e+01,2.253055e+01,2.257169e+01,2.258540e+01,2.254426e+01,2.266763e+01,2.253055e+01,2.257169e+01,2.270187e+01,2.256483e+01,2.256483e+01,2.256483e+01,2.257854e+01,2.260596e+01,2.249625e+01,2.264708e+01,2.253741e+01,2.253741e+01,2.255798e+01,2.253055e+01,2.257854e+01,2.257169e+01,2.254426e+01,2.253055e+01,2.251683e+01,2.251683e+01,2.251683e+01,2.249625e+01,2.242762e+01,2.241389e+01,2.235894e+01,2.242762e+01,2.247566e+01,2.242075e+01,2.230396e+01,2.230396e+01,2.228334e+01,2.231771e+01,2.214575e+01,2.222145e+01,2.221457e+01,2.227647e+01,2.206310e+01,2.221457e+01,2.218016e+01,2.203554e+01,2.215263e+01,2.215263e+01,2.220081e+01,2.213886e+01,2.218705e+01,2.213198e+01,2.223520e+01,2.210443e+01,2.220081e+01,2.211821e+01,2.222833e+01,2.220081e+01,2.212509e+01,2.216640e+01,2.216640e+01,2.212509e+01,2.213198e+01,2.211132e+01,2.218705e+01,2.210443e+01,2.220081e+01,2.220769e+01,2.224208e+01,2.220769e+01,2.225584e+01,2.226271e+01,2.226271e+01,2.223520e+01,2.226271e+01,2.227647e+01,2.225584e+01,2.230396e+01,2.235207e+01,2.221457e+01,2.225584e+01,2.235207e+01,2.229709e+01,2.229022e+01,2.233146e+01,2.242762e+01,2.239328e+01,2.233833e+01,2.237955e+01,2.233146e+01,2.242075e+01,2.239328e+01,2.240015e+01,2.236581e+01,2.237268e+01,2.239328e+01,2.235894e+01,2.237955e+01,2.236581e+01,2.248939e+01,2.250997e+01,2.247566e+01,2.250311e+01,2.244135e+01,2.248939e+01,2.250311e+01,2.246194e+01,2.249625e+01,2.243448e+01,2.253055e+01,2.248252e+01,2.245507e+01,2.246194e+01,2.242075e+01,2.244821e+01,2.235894e+01,2.236581e+01,2.235207e+01,2.242075e+01,2.233833e+01,2.235207e+01,2.238642e+01,2.246880e+01,2.238642e+01,2.240702e+01,2.241389e+01,2.244135e+01,2.237955e+01,2.239328e+01,2.236581e+01,2.237955e+01,2.233833e+01,2.233146e+01,2.237955e+01,2.237955e+01,2.233833e+01,2.234520e+01,2.232458e+01,2.232458e+01,2.232458e+01,2.228334e+01,2.235207e+01,2.234520e+01,2.233833e+01,2.233833e+01,2.225584e+01,2.221457e+01,2.226271e+01,2.229022e+01,2.231771e+01,2.226959e+01,2.221457e+01,2.250311e+01,2.227647e+01,2.229022e+01,2.229709e+01,2.233146e+01,2.226959e+01,2.229022e+01,2.233146e+01,2.237268e+01,2.229022e+01,2.226959e+01,2.240015e+01,2.239328e+01,2.235207e+01,2.233833e+01,2.232458e+01,2.231771e+01,2.234520e+01,2.234520e+01,2.240702e+01,2.239328e+01,2.240015e+01,2.236581e+01,2.235207e+01,2.232458e+01,2.237268e+01,2.236581e+01,2.231084e+01,2.234520e+01,2.235207e+01,2.240702e+01,2.236581e+01,2.232458e+01,2.238642e+01,2.235894e+01,2.248939e+01,2.242075e+01,2.236581e+01,2.232458e+01,2.242075e+01,2.238642e+01,2.235207e+01,2.244821e+01,2.239328e+01,2.240015e+01,2.233146e+01,2.237955e+01,2.231084e+01,2.242762e+01,2.242762e+01,2.236581e+01,2.248252e+01,2.240702e+01,2.244821e+01,2.239328e+01,2.240015e+01,2.246194e+01,2.246880e+01,2.249625e+01,2.250997e+01,2.250997e+01,2.244821e+01,2.246194e+01,2.246880e+01,2.245507e+01,2.244821e+01,2.243448e+01,2.240015e+01,2.243448e+01,2.244135e+01,2.244821e+01,2.246880e+01,2.235894e+01,2.255112e+01,2.249625e+01,2.243448e+01,2.252369e+01,2.243448e+01,2.244821e+01,2.245507e+01,2.249625e+01,2.241389e+01,2.250997e+01,2.252369e+01,2.249625e+01,2.255112e+01,2.257854e+01,2.256483e+01,2.252369e+01,2.248252e+01,2.253741e+01,2.255798e+01,2.255112e+01,2.255798e+01,2.255798e+01,2.256483e+01,2.253741e+01,2.266078e+01,2.259225e+01,2.256483e+01,2.269502e+01,2.272925e+01,2.277032e+01,2.265392e+01,2.259225e+01,2.270871e+01,2.267447e+01,2.268817e+01,2.274294e+01,2.266078e+01,2.273610e+01,2.268817e+01,2.266078e+01,2.279768e+01,2.280452e+01,2.278400e+01,2.277716e+01,2.270871e+01,2.270871e+01,2.272241e+01,2.288657e+01,2.274294e+01,2.275663e+01,2.277716e+01,2.272925e+01,2.277032e+01,2.270187e+01,2.268817e+01,2.250311e+01,2.227647e+01,2.162811e+01,2.127461e+01,2.129544e+01,2.133708e+01,2.137177e+01,2.138565e+01,2.141339e+01,2.135790e+01,2.148270e+01,2.149656e+01,2.155197e+01,2.149656e+01,2.157274e+01,2.174567e+01,2.160735e+01,2.162811e+01,2.161427e+01,2.180095e+01,2.183548e+01,2.180786e+01,2.180786e+01,2.176641e+01,2.182858e+01,2.185620e+01,2.185620e+01,2.202176e+01,2.182167e+01,2.179404e+01,2.176641e+01,2.179404e+01,2.180786e+01,2.176641e+01,2.194591e+01,2.186310e+01,2.190451e+01,2.190451e+01,2.186310e+01,2.188381e+01,2.191831e+01,2.191141e+01,2.191831e+01,2.182167e+01,2.186310e+01,2.193901e+01,2.192521e+01,2.195280e+01,2.205621e+01,2.193211e+01,2.200797e+01,2.199418e+01,2.200797e+01,2.202176e+01,2.209066e+01,2.208377e+01,2.200797e+01,2.211821e+01,2.208377e+01,2.209755e+01,2.207688e+01,2.212509e+01,2.225584e+01,2.211132e+01,2.205621e+01,2.210443e+01,2.168345e+01,2.179404e+01,2.182858e+01,2.183548e+01,2.185620e+01,2.169728e+01,2.164195e+01,2.165579e+01,2.159351e+01,2.152427e+01,2.178713e+01,2.176641e+01,2.173876e+01,2.181476e+01,2.189071e+01,2.189071e+01,2.191831e+01,2.193211e+01,2.196660e+01,2.195280e+01,2.193901e+01,2.183548e+01,2.198729e+01,2.194591e+01,2.200107e+01,2.193211e+01,2.184239e+01,2.195280e+01,2.189071e+01,2.186310e+01,2.173185e+01,2.182167e+01,2.160735e+01,2.175949e+01,2.178713e+01,2.180095e+01,2.180095e+01,2.178022e+01,2.178022e+01,2.180786e+01,2.187000e+01,2.186310e+01,2.191141e+01,2.200797e+01,2.198729e+01,2.206999e+01,2.200797e+01,2.200107e+01,2.206999e+01,2.200107e+01,2.199418e+01,2.198039e+01,2.198039e+01,2.197349e+01,2.194591e+01,2.194591e+01,2.174567e+01,2.181476e+01,2.181476e+01,2.175258e+01,2.166962e+01,2.183548e+01,2.178022e+01,2.168345e+01,2.180095e+01,2.174567e+01,2.158659e+01,2.150349e+01,2.153812e+01,2.156582e+01,2.157274e+01,2.155197e+01,2.172494e+01,2.169037e+01,2.174567e+01,2.174567e+01,2.171111e+01,2.170420e+01,2.169728e+01,2.168345e+01,2.169037e+01,2.164887e+01,2.166270e+01,2.169728e+01,2.175258e+01,2.169037e+01,2.161427e+01,2.168345e+01,2.166270e+01,2.162811e+01,2.166270e+01,2.157967e+01,2.164887e+01,2.155890e+01,2.155890e+01,2.150349e+01,2.158659e+01,2.169728e+01,2.189761e+01,2.215263e+01,2.216640e+01,2.250997e+01,2.246880e+01,2.251683e+01,2.245507e+01,2.249625e+01,2.264022e+01,2.263337e+01,2.245507e+01,2.259225e+01,2.252369e+01,2.246194e+01,2.253055e+01,2.252369e+01,2.243448e+01,2.250997e+01,2.246194e+01,2.248252e+01,2.246880e+01,2.248252e+01,2.250997e+01,2.253055e+01,2.256483e+01,2.251683e+01,2.252369e+01,2.253055e+01,2.257854e+01,2.250997e+01,2.260596e+01,2.250311e+01,2.244135e+01,2.255798e+01,2.247566e+01,2.253741e+01,2.244821e+01,2.243448e+01,2.246880e+01,2.255798e+01,2.247566e+01,2.246880e+01,2.250311e+01,2.242762e+01,2.253055e+01,2.244821e+01,2.254426e+01,2.248939e+01,2.249625e+01,2.268817e+01,2.241389e+01,2.253741e+01,2.250311e+01,2.255798e+01,2.247566e+01,2.247566e+01,2.250997e+01,2.238642e+01,2.236581e+01,2.248939e+01,2.237955e+01,2.242075e+01,2.242762e+01,2.244821e+01,2.237268e+01,2.244821e+01,2.226271e+01,2.226959e+01,2.225584e+01,2.223520e+01,2.221457e+01,2.226959e+01,2.222833e+01,2.222145e+01,2.215263e+01,2.214575e+01,2.210443e+01,2.210443e+01,2.211132e+01,2.204243e+01,2.215263e+01,2.205621e+01,2.199418e+01,2.196660e+01,2.204243e+01,2.211821e+01,2.193211e+01,2.204932e+01,2.204932e+01,2.198729e+01,2.192521e+01,2.200797e+01,2.182858e+01,2.199418e+01,2.202865e+01,2.199418e+01,2.208377e+01,2.203554e+01,2.206999e+01,2.205621e+01,2.204932e+01,2.204932e+01,2.204932e+01,2.191831e+01,2.213198e+01,2.204243e+01,2.206310e+01,2.206310e+01,2.208377e+01,2.209066e+01,2.194591e+01,2.211132e+01,2.213198e+01,2.204243e+01,2.201486e+01,2.209755e+01,2.202176e+01,2.193901e+01,2.211132e+01,2.211132e+01,2.203554e+01,2.207688e+01,2.202176e+01,2.204243e+01,2.207688e+01,2.207688e+01,2.202865e+01,2.191831e+01,2.194591e+01,2.200797e+01,2.195280e+01,2.193211e+01,2.197349e+01,2.188381e+01,2.188381e+01,2.189071e+01,2.198039e+01
2.224896e+01,2.217328e+01,2.224208e+01,2.215952e+01,2.220769e+01,2.218705e+01,2.233833e+01,2.222833e+01,2.226271e+01,2.223520e+01,2.222145e+01,2.215263e+01,2.233833e+01,2.228334e+01,2.227647e+01,2.226959e+01,2.222145e+01,2.226959e+01,2.224896e+01,2.220769e+01,2.220769e+01,2.222145e+01,2.226271e+01,2.228334e+01,2.229709e+01,2.228334e+01,2.234520e+01,2.237955e+01,2.238642e+01,2.240015e+01,2.222833e+01,2.237268e+01,2.245507e+01,2.220769e+01,2.244135e+01,2.222833e+01,2.232458e+01,2.238642e+01,2.243448e+01,2.237268e+01,2.250311e+01,2.253741e+01,2.253055e+01,2.244135e+01,2.246880e+01,2.249625e+01,2.250311e+01,2.247566e+01,2.248939e+01,2.246880e+01,2.250311e+01,2.248939e+01,2.251683e+01,2.240015e+01,2.248252e+01,2.251683e+01,2.248939e+01,2.254426e+01,2.258540e+01,2.258540e+01,2.259911e+01,2.259225e+01,2.256483e+01,2.257854e+01,2.256483e+01,2.257854e+01,2.261967e+01,2.259911e+01,2.265392e+01,2.253741e+01,2.255798e+01,2.258540e+01,2.252369e+01,2.261967e+01,2.259911e+01,2.263337e+01,2.259911e+01,2.248939e+01,2.253741e+01,2.250311e+01,2.261967e+01,2.255112e+01,2.250997e+01,2.252369e+01,2.253055e+01,2.253741e+01,2.246194e+01,2.236581e+01,2.238642e+01,2.244821e+01,2.237268e+01,2.246194e+01,2.246194e+01,2.241389e+01,2.237955e+01,2.239328e+01,2.225584e+01,2.229709e+01,2.231084e+01,2.220769e+01,2.220081e+01,2.222145e+01,2.220081e+01,2.224208e+01,2.220081e+01,2.213886e+01,2.203554e+01,2.213886e+01,2.222145e+01,2.213886e+01,2.215263e+01,2.220081e+01,2.206310e+01,2.221457e+01,2.211132e+01,2.219393e+01,2.215952e+01,2.216640e+01,2.211821e+01,2.207688e+01,2.218016e+01,2.224208e+01,2.217328e+01,2.213198e+01,2.231084e+01,2.223520e+01,2.210443e+01,2.227647e+01,2.224208e+01,2.221457e+01,2.228334e+01,2.233833e+01,2.234520e+01,2.224896e+01,2.232458e+01,2.227647e+01,2.229022e+01,2.233833e+01,2.227647e+01,2.233146e+01,2.231084e+01,2.232458e+01,2.231084e+01,2.242075e+01,2.234520e+01,2.242075e+01,2.250311e+01,2.243448e+01,2.245507e+01,2.232458e+01,2.246880e+01,2.237268e+01,2.239328e+01,2.237268e+01,2.237955e+01,2.237268e+01,2.256483e+01,2.240015e+01,2.243448e+01,2.245507e+01,2.244821e+01,2.242762e+01,2.244821e+01,2.244135e+01,2.248252e+01,2.253741e+01,2.242075e+01,2.236581e+01,2.245507e+01,2.243448e+01,2.241389e+01,2.242075e+01,2.243448e+01,2.253055e+01,2.243448e+01,2.252369e+01,2.247566e+01,2.243448e+01,2.249625e+01,2.245507e+01,2.243448e+01,2.243448e+01,2.242075e+01,2.246880e+01,2.240702e+01,2.240015e+01,2.235207e+01,2.231771e+01,2.229022e+01,2.237268e+01,2.236581e+01,2.231084e+01,2.229709e+01,2.234520e+01,2.227647e+01,2.225584e+01,2.224208e+01,2.234520e+01,2.226959e+01,2.231771e+01,2.241389e+01,2.229709e+01,2.233146e+01,2.230396e+01,2.223520e+01,2.220769e+01,2.223520e+01,2.229022e+01,2.222833e+01,2.222833e+01,2.229022e+01,2.234520e+01,2.235207e+01,2.236581e+01,2.245507e+01,2.230396e+01,2.233146e+01,2.230396e+01,2.233146e+01,2.235207e+01,2.221457e+01,2.233833e+01,2.228334e+01,2.230396e+01,2.235207e+01,2.232458e+01,2.245507e+01,2.235207e+01,2.244135e+01,2.233146e+01,2.237955e+01,2.240015e+01,2.243448e+01,2.223520e+01,2.239328e+01,2.225584e+01,2.236581e+01,2.236581e+01,2.235207e+01,2.240015e+01,2.238642e+01,2.239328e+01,2.234520e+01,2.238642e+01,2.240015e+01,2.238642e+01,2.238642e+01,2.240015e+01,2.236581e+01,2.235894e+01,2.235207e+01,2.235207e+01,2.237268e+01,2.239328e+01,2.237268e+01,2.235207e+01,2.233146e+01,2.241389e+01,2.240015e+01,2.237268e+01,2.229709e+01,2.234520e+01,2.232458e+01,2.235207e+01,2.239328e+01,2.241389e+01,2.237268e+01,2.243448e+01,2.244821e+01,2.248252e+01,2.247566e+01,2.246880e+01,2.243448e+01,2.237955e+01,2.246880e+01,2.240702e+01,2.248939e+01,2.244135e+01,2.240702e+01,2.241389e+01,2.244821e+01,2.239328e+01,2.240702e+01,2.246880e+01,2.248939e+01,2.246880e+01,2.246194e+01,2.244135e+01,2.248252e+01,2.250997e+01,2.249625e+01,2.246194e+01,2.251683e+01,2.257854e+01,2.248939e+01,2.250997e+01,2.261282e+01,2.248252e+01,2.250997e+01,2.252369e+01,2.258540e+01,2.251683e+01,2.246194e+01,2.263337e+01,2.253055e+01,2.249625e+01,2.259911e+01,2.259225e+01,2.261282e+01,2.250311e+01,2.253741e+01,2.254426e+01,2.271556e+01,2.253055e+01,2.271556e+01,2.272241e+01,2.270871e+01,2.270871e+01,2.266763e+01,2.264708e+01,2.264022e+01,2.265392e+01,2.279768e+01,2.268132e+01,2.281820e+01,2.272241e+01,2.277032e+01,2.274978e+01,2.272241e+01,2.267447e+01,2.268132e+01,2.287290e+01,2.269502e+01,2.265392e+01,2.276347e+01,2.272925e+01,2.264022e+01,2.274294e+01,2.271556e+01,2.263337e+01,2.250997e+01,2.192521e+01,2.137871e+01,2.139258e+01,2.129544e+01,2.135096e+01,2.137871e+01,2.139258e+01,2.139258e+01,2.144112e+01,2.142725e+01,2.154505e+01,2.148963e+01,2.155197e+01,2.153812e+01,2.153119e+01,2.161427e+01,2.156582e+01,2.165579e+01,2.187000e+01,2.178713e+01,2.169728e+01,2.178713e+01,2.179404e+01,2.187691e+01,2.181476e+01,2.181476e+01,2.182858e+01,2.184929e+01,2.178022e+01,2.178713e+01,2.176641e+01,2.194591e+01,2.179404e+01,2.187691e+01,2.185620e+01,2.189071e+01,2.208377e+01,2.184929e+01,2.181476e+01,2.183548e+01,2.186310e+01,2.197349e+01,2.184239e+01,2.195970e+01,2.194591e+01,2.202865e+01,2.206999e+01,2.198729e+01,2.204243e+01,2.212509e+01,2.201486e+01,2.209755e+01,2.211821e+01,2.202176e+01,2.201486e+01,2.205621e+01,2.211132e+01,2.213198e+01,2.217328e+01,2.218016e+01,2.215952e+01,2.218705e+01,2.191141e+01,2.195280e+01,2.185620e+01,2.178713e+01,2.169728e+01,2.183548e+01,2.184239e+01,2.178022e+01,2.172494e+01,2.173876e+01,2.160735e+01,2.149656e+01,2.149656e+01,2.159351e+01,2.159351e+01,2.180786e+01,2.183548e+01,2.181476e+01,2.191141e+01,2.194591e+01,2.195280e+01,2.202176e+01,2.192521e+01,2.196660e+01,2.200107e+01,2.190451e+01,2.187000e+01,2.188381e+01,2.189071e+01,2.187000e+01,2.189761e+01,2.175258e+01,2.189071e+01,2.186310e+01,2.170420e+01,2.175258e+01,2.171802e+01,2.171802e+01,2.177332e+01,2.178022e+01,2.185620e+01,2.182858e+01,2.183548e+01,2.198729e+01,2.191831e+01,2.198729e+01,2.191141e+01,2.201486e+01,2.195280e+01,2.193211e+01,2.208377e+01,2.196660e+01,2.199418e+01,2.195970e+01,2.198039e+01,2.193211e+01,2.193901e+01,2.193901e+01,2.195280e+01,2.179404e+01,2.180786e+01,2.183548e+01,2.177332e+01,2.179404e+01,2.178022e+01,2.178713e+01,2.180095e+01,2.169037e+01,2.157274e+01,2.169728e+01,2.159351e+01,2.171111e+01,2.156582e+01,2.160735e+01,2.166270e+01,2.174567e+01,2.171802e+01,2.167654e+01,2.173876e+01,2.172494e+01,2.170420e+01,2.169037e+01,2.172494e+01,2.171111e+01,2.161427e+01,2.162811e+01,2.169037e+01,2.160735e+01,2.171802e+01,2.163503e+01,2.164195e+01,2.176641e+01,2.164195e+01,2.156582e+01,2.157967e+01,2.160043e+01,2.153812e+01,2.152427e+01,2.144805e+01,2.160043e+01,2.178022e+01,2.200107e+01,2.246194e+01,2.242762e+01,2.250311e+01,2.241389e+01,2.253741e+01,2.246880e+01,2.249625e+01,2.247566e+01,2.250997e+01,2.250311e+01,2.253741e+01,2.257169e+01,2.255112e+01,2.255112e+01,2.254426e+01,2.246194e+01,2.250311e+01,2.249625e+01,2.256483e+01,2.251683e+01,2.245507e+01,2.257854e+01,2.257169e+01,2.257854e+01,2.267447e+01,2.260596e+01,2.259911e+01,2.250311e+01,2.256483e+01,2.259225e+01,2.247566e+01,2.246880e+01,2.240702e+01,2.256483e+01,2.257169e+01,2.246880e+01,2.258540e+01,2.250997e+01,2.250311e+01,2.257854e+01,2.250997e+01,2.243448e+01,2.254426e+01,2.237955e+01,2.248252e+01,2.251683e+01,2.250311e+01,2.250997e+01,2.248939e+01,2.248939e+01,2.251683e+01,2.242075e+01,2.246194e+01,2.248939e+01,2.246194e+01,2.237955e+01,2.240015e+01,2.244135e+01,2.223520e+01,2.241389e+01,2.241389e+01,2.224208e+01,2.231084e+01,2.235894e+01,2.234520e+01,2.235207e+01,2.225584e+01,2.238642e+01,2.209066e+01,2.231771e+01,2.226959e+01,2.217328e+01,2.219393e+01,2.211132e+01,2.210443e+01,2.206310e+01,2.201486e+01,2.202176e+01,2.203554e+01,2.206999e+01,2.203554e+01,2.202865e+01,2.208377e+01,2.193901e+01,2.198729e+01,2.206310e+01,2.199418e+01,2.194591e+01,2.202176e+01,2.195280e+01,2.199418e+01,2.188381e+01,2.201486e+01,2.208377e+01,2.202176e+01,2.204932e+01,2.197349e+01,2.205621e+01,2.204243e+01,2.212509e+01,2.202865e+01,2.195280e+01,2.202176e+01,2.195280e+01,2.200797e+01,2.213886e+01,2.206999e+01,2.218705e+01,2.204932e+01,2.200107e+01,2.208377e+01,2.202865e+01,2.212509e+01,2.194591e+01,2.207688e+01,2.192521e+01,2.193901e+01,2.206999e+01,2.208377e+01,2.208377e+01,2.201486e+01,2.212509e+01,2.211821e+01,2.187000e+01,2.196660e+01,2.205621e+01,2.195280e+01,2.193901e+01,2.187691e+01,2.194591e+01,2.189071e+01,2.184929e+01,2.184239e+01,2.186310e+01,2.176641e+01
2.228334e+01,2.207688e+01,2.226959e+01,2.216640e+01,2.214575e+01,2.232458e+01,2.216640e+01,2.219393e+01,2.226959e+01,2.228334e+01,2.228334e+01,2.221457e+01,2.227647e+01,2.228334e+01,2.227647e+01,2.224208e+01,2.209755e+01,2.212509e+01,2.212509e+01,2.209066e+01,2.226271e+01,2.228334e+01,2.226271e+01,2.235207e+01,2.231084e+01,2.226271e+01,2.226959e+01,2.222145e+01,2.227647e+01,2.239328e+01,2.229709e+01,2.244821e+01,2.233833e+01,2.240015e+01,2.233146e+01,2.246880e+01,2.230396e+01,2.233833e+01,2.235207e+01,2.235207e+01,2.233146e+01,2.240702e+01,2.252369e+01,2.246194e+01,2.241389e+01,2.252369e+01,2.246880e+01,2.246880e+01,2.244135e+01,2.241389e+01,2.247566e+01,2.245507e+01,2.250997e+01,2.257854e+01,2.253055e+01,2.250997e+01,2.256483e+01,2.251683e+01,2.257854e+01,2.244135e+01,2.257169e+01,2.258540e+01,2.253741e+01,2.264022e+01,2.255112e+01,2.255798e+01,2.263337e+01,2.256483e+01,2.257169e+01,2.257169e+01,2.262652e+01,2.250997e+01,2.248252e+01,2.263337e+01,2.262652e+01,2.249625e+01,2.244821e+01,2.257854e+01,2.262652e+01,2.251683e+01,2.247566e+01,2.259225e+01,2.255112e+01,2.251683e+01,2.250997e+01,2.246880e+01,2.247566e+01,2.244821e+01,2.237955e+01,2.235894e+01,2.242075e+01,2.246880e+01,2.239328e+01,2.242075e+01,2.235207e+01,2.236581e+01,2.232458e+01,2.231084e+01,2.231084e+01,2.211132e+01,2.219393e+01,2.215263e+01,2.225584e+01,2.215263e+01,2.215263e+01,2.213886e+01,2.211132e+01,2.212509e+01,2.213886e+01,2.220769e+01,2.215952e+01,2.212509e+01,2.209066e+01,2.226959e+01,2.223520e+01,2.220769e+01,2.226959e+01,2.218016e+01,2.208377e+01,2.211821e+01,2.189761e+01,2.217328e+01,2.222833e+01,2.222833e+01,2.219393e+01,2.223520e+01,2.223520e+01,2.219393e+01,2.226271e+01,2.220081e+01,2.222833e+01,2.224896e+01,2.223520e+01,2.226959e+01,2.233146e+01,2.225584e+01,2.224896e+01,2.230396e+01,2.235207e+01,2.237268e+01,2.244821e+01,2.242762e+01,2.233146e+01,2.243448e+01,2.239328e+01,2.237955e+01,2.250311e+01,2.244821e+01,2.241389e+01,2.239328e+01,2.237955e+01,2.236581e+01,2.243448e+01,2.232458e+01,2.255798e+01,2.243448e+01,2.243448e+01,2.240702e+01,2.250997e+01,2.244821e+01,2.244135e+01,2.239328e+01,2.242075e+01,2.240702e+01,2.244821e+01,2.247566e+01,2.239328e+01,2.247566e+01,2.240702e+01,2.255798e+01,2.243448e+01,2.242075e+01,2.246880e+01,2.237268e+01,2.240702e+01,2.238642e+01,2.250997e+01,2.249625e+01,2.244821e+01,2.243448e+01,2.245507e+01,2.245507e+01,2.240702e+01,2.239328e+01,2.238642e+01,2.240702e+01,2.231771e+01,2.233146e+01,2.231084e+01,2.237268e+01,2.239328e+01,2.239328e+01,2.234520e+01,2.225584e+01,2.233146e+01,2.235207e+01,2.234520e+01,2.233146e+01,2.231771e+01,2.237268e+01,2.235207e+01,2.236581e+01,2.231771e+01,2.234520e+01,2.229022e+01,2.227647e+01,2.234520e+01,2.229022e+01,2.224208e+01,2.228334e+01,2.222833e+01,2.229709e+01,2.235894e+01,2.226959e+01,2.233833e+01,2.231771e+01,2.235207e+01,2.231771e+01,2.230396e+01,2.237268e+01,2.229022e+01,2.237955e+01,2.229709e+01,2.237268e+01,2.237268e+01,2.238642e+01,2.233833e+01,2.235207e+01,2.240015e+01,2.226959e+01,2.234520e+01,2.241389e+01,2.236581e+01,2.242075e+01,2.242075e+01,2.237268e+01,2.237955e+01,2.240015e+01,2.235894e+01,2.242075e+01,2.235894e+01,2.241389e+01,2.230396e+01,2.239328e+01,2.240702e+01,2.242762e+01,2.242762e+01,2.238642e+01,2.247566e+01,2.225584e+01,2.237955e+01,2.237268e+01,2.242075e+01,2.241389e+01,2.237955e+01,2.244821e+01,2.235207e+01,2.236581e+01,2.231771e+01,2.235894e+01,2.246880e+01,2.243448e+01,2.236581e+01,2.235894e+01,2.242762e+01,2.242075e+01,2.242075e+01,2.235207e+01,2.242762e+01,2.244135e+01,2.248252e+01,2.244821e+01,2.248939e+01,2.240702e+01,2.250311e+01,2.244135e+01,2.258540e+01,2.244821e+01,2.241389e+01,2.245507e+01,2.245507e+01,2.242762e+01,2.243448e+01,2.257169e+01,2.248939e+01,2.246194e+01,2.248252e+01,2.250311e+01,2.248939e+01,2.249625e+01,2.250311e+01,2.247566e+01,2.240702e+01,2.249625e+01,2.251683e+01,2.249625e+01,2.251683e+01,2.249625e+01,2.247566e+01,2.250997e+01,2.249625e+01,2.237955e+01,2.254426e+01,2.264708e+01,2.253741e+01,2.253055e+01,2.260596e+01,2.244135e+01,2.264022e+01,2.250311e+01,2.266078e+01,2.248252e+01,2.272925e+01,2.253055e+01,2.265392e+01,2.266763e+01,2.261282e+01,2.263337e+01,2.261967e+01,2.264708e+01,2.264022e+01,2.265392e+01,2.266078e+01,2.262652e+01,2.264708e+01,2.271556e+01,2.268817e+01,2.266078e+01,2.271556e+01,2.272241e+01,2.268817e+01,2.266078e+01,2.274978e+01,2.272925e+01,2.266078e+01,2.269502e+01,2.266763e+01,2.266078e+01,2.261282e+01,2.263337e+01,2.254426e+01,2.218016e+01,2.157967e+01,2.131626e+01,2.139258e+01,2.127461e+01,2.128850e+01,2.138565e+01,2.137177e+01,2.139952e+01,2.146884e+01,2.146884e+01,2.154505e+01,2.160735e+01,2.153812e+01,2.154505e+01,2.156582e+01,2.160735e+01,2.169728e+01,2.169037e+01,2.177332e+01,2.176641e+01,2.178713e+01,2.180786e+01,2.187000e+01,2.185620e+01,2.178022e+01,2.179404e+01,2.179404e+01,2.183548e+01,2.178022e+01,2.179404e+01,2.175258e+01,2.177332e+01,2.194591e+01,2.184239e+01,2.180786e+01,2.181476e+01,2.180095e+01,2.182858e+01,2.182167e+01,2.184239e+01,2.186310e+01,2.189071e+01,2.189071e+01,2.195280e+01,2.190451e+01,2.193901e+01,2.204243e+01,2.193901e+01,2.199418e+01,2.202176e+01,2.198039e+01,2.202865e+01,2.212509e+01,2.211132e+01,2.207688e+01,2.208377e+01,2.214575e+01,2.208377e+01,2.218705e+01,2.211132e+01,2.203554e+01,2.200797e+01,2.178713e+01,2.176641e+01,2.184239e+01,2.182167e+01,2.178713e+01,2.173185e+01,2.172494e+01,2.170420e+01,2.162119e+01,2.163503e+01,2.146884e+01,2.157274e+01,2.179404e+01,2.179404e+01,2.183548e+01,2.187691e+01,2.183548e+01,2.193901e+01,2.191141e+01,2.188381e+01,2.184929e+01,2.196660e+01,2.190451e+01,2.199418e+01,2.190451e+01,2.195970e+01,2.179404e+01,2.188381e+01,2.187000e+01,2.183548e+01,2.176641e+01,2.181476e+01,2.173185e+01,2.171111e+01,2.165579e+01,2.164887e+01,2.172494e+01,2.169728e+01,2.166962e+01,2.178713e+01,2.185620e+01,2.191831e+01,2.186310e+01,2.194591e+01,2.196660e+01,2.204932e+01,2.208377e+01,2.203554e+01,2.208377e+01,2.193211e+01,2.197349e+01,2.198729e+01,2.197349e+01,2.197349e+01,2.192521e+01,2.194591e+01,2.194591e+01,2.194591e+01,2.185620e+01,2.183548e+01,2.189071e+01,2.171111e+01,2.178713e+01,2.171802e+01,2.184239e+01,2.184239e+01,2.173876e+01,2.177332e+01,2.180095e+01,2.166962e+01,2.175949e+01,2.180095e+01,2.179404e+01,2.169037e+01,2.168345e+01,2.169728e+01,2.175258e+01,2.173876e+01,2.173876e+01,2.170420e+01,2.167654e+01,2.170420e+01,2.168345e+01,2.171111e+01,2.163503e+01,2.162119e+01,2.161427e+01,2.164195e+01,2.164887e+01,2.160043e+01,2.165579e+01,2.160043e+01,2.157967e+01,2.144112e+01,2.160043e+01,2.148270e+01,2.153119e+01,2.155197e+01,2.146884e+01,2.157967e+01,2.185620e+01,2.240015e+01,2.244821e+01,2.242762e+01,2.241389e+01,2.247566e+01,2.247566e+01,2.245507e+01,2.246194e+01,2.250311e+01,2.250997e+01,2.249625e+01,2.248252e+01,2.258540e+01,2.250997e+01,2.262652e+01,2.251683e+01,2.244135e+01,2.245507e+01,2.260596e+01,2.244821e+01,2.247566e+01,2.257854e+01,2.259225e+01,2.244821e+01,2.254426e+01,2.248939e+01,2.243448e+01,2.248252e+01,2.249625e+01,2.255112e+01,2.237268e+01,2.250997e+01,2.244821e+01,2.248939e+01,2.257169e+01,2.248939e+01,2.244135e+01,2.242762e+01,2.250311e+01,2.258540e+01,2.248252e+01,2.258540e+01,2.246880e+01,2.246880e+01,2.257854e+01,2.250997e+01,2.250311e+01,2.244821e+01,2.250311e+01,2.251683e+01,2.268817e+01,2.250997e+01,2.243448e+01,2.250997e+01,2.254426e+01,2.244821e+01,2.242075e+01,2.238642e+01,2.238642e+01,2.237268e+01,2.232458e+01,2.234520e+01,2.235894e+01,2.225584e+01,2.235894e+01,2.240015e+01,2.214575e+01,2.225584e+01,2.223520e+01,2.206310e+01,2.215952e+01,2.214575e+01,2.205621e+01,2.210443e+01,2.214575e+01,2.203554e+01,2.205621e+01,2.198039e+01,2.195280e+01,2.198039e+01,2.198729e+01,2.197349e+01,2.193901e+01,2.204243e+01,2.201486e+01,2.201486e+01,2.196660e+01,2.199418e+01,2.191831e+01,2.204932e+01,2.202176e+01,2.196660e+01,2.197349e+01,2.196660e+01,2.195970e+01,2.204932e+01,2.202176e+01,2.193901e+01,2.198729e+01,2.204932e+01,2.204243e+01,2.198729e+01,2.193901e+01,2.201486e+01,2.193211e+01,2.209066e+01,2.193211e+01,2.210443e+01,2.194591e+01,2.198039e+01,2.211821e+01,2.209066e+01,2.204932e+01,2.204243e+01,2.197349e+01,2.201486e+01,2.197349e+01,2.189761e+01,2.192521e+01,2.202176e+01,2.188381e+01,2.201486e+01,2.209066e+01,2.195280e+01,2.190451e+01,2.190451e+01,2.188381e+01,2.191831e+01,2.181476e+01,2.189761e+01,2.188381e+01,2.187000e+01,2.184239e+01,2.183548e+01,2.192521e+01
2.226271e+01,2.218705e+01,2.218705e+01,2.216640e+01,2.215263e+01,2.219393e+01,2.229022e+01,2.215952e+01,2.214575e+01,2.225584e+01,2.218016e+01,2.226271e+01,2.228334e+01,2.239328e+01,2.222145e+01,2.235207e+01,2.226959e+01,2.229709e+01,2.216640e+01,2.222145e+01,2.221457e+01,2.221457e+01,2.231771e+01,2.222145e+01,2.237268e+01,2.226959e+01,2.225584e+01,2.230396e+01,2.226271e+01,2.231084e+01,2.240015e+01,2.240702e+01,2.242762e+01,2.237268e+01,2.236581e+01,2.245507e+01,2.232458e+01,2.234520e+01,2.246880e+01,2.233146e+01,2.246880e+01,2.240015e+01,2.238642e+01,2.246194e+01,2.245507e+01,2.245507e+01,2.248252e+01,2.246880e+01,2.250997e+01,2.246880e+01,2.250311e+01,2.244135e+01,2.252369e+01,2.242762e+01,2.257854e+01,2.262652e+01,2.248939e+01,2.250997e+01,2.253055e+01,2.259225e+01,2.252369e+01,2.264708e+01,2.258540e+01,2.253741e+01,2.254426e+01,2.256483e+01,2.262652e+01,2.266078e+01,2.253741e+01,2.261967e+01,2.264708e+01,2.250997e+01,2.243448e+01,2.264022e+01,2.252369e+01,2.252369e+01,2.251683e+01,2.258540e+01,2.252369e+01,2.251683e+01,2.253055e+01,2.251683e+01,2.259911e+01,2.258540e+01,2.249625e+01,2.251683e+01,2.251683e+01,2.248252e+01,2.250311e+01,2.236581e+01,2.249625e+01,2.244135e+01,2.247566e+01,2.231084e+01,2.233833e+01,2.231771e+01,2.232458e+01,2.235207e+01,2.215952e+01,2.222145e+01,2.213886e+01,2.224208e+01,2.223520e+01,2.217328e+01,2.218016e+01,2.213198e+01,2.215952e+01,2.214575e+01,2.210443e+01,2.195280e+01,2.220769e+01,2.222833e+01,2.211821e+01,2.219393e+01,2.224208e+01,2.220081e+01,2.218016e+01,2.216640e+01,2.218705e+01,2.211132e+01,2.217328e+01,2.212509e+01,2.224896e+01,2.226271e+01,2.212509e+01,2.218705e+01,2.215263e+01,2.229022e+01,2.220769e+01,2.218705e+01,2.224896e+01,2.230396e+01,2.225584e+01,2.228334e+01,2.229022e+01,2.231084e+01,2.228334e+01,2.235894e+01,2.231771e+01,2.237955e+01,2.231771e+01,2.237268e+01,2.229709e+01,2.239328e+01,2.241389e+01,2.243448e+01,2.244821e+01,2.240702e+01,2.244135e+01,2.239328e+01,2.253741e+01,2.243448e+01,2.244821e+01,2.242762e+01,2.242075e+01,2.242762e+01,2.244821e+01,2.246194e+01,2.246194e+01,2.246880e+01,2.246194e+01,2.244135e+01,2.250311e+01,2.246194e+01,2.245507e+01,2.250997e+01,2.248252e+01,2.243448e+01,2.242075e+01,2.245507e+01,2.250997e+01,2.244821e+01,2.242075e+01,2.246194e+01,2.246880e+01,2.240015e+01,2.244135e+01,2.247566e+01,2.241389e+01,2.245507e+01,2.243448e+01,2.233146e+01,2.247566e+01,2.237955e+01,2.248939e+01,2.239328e+01,2.240702e+01,2.233833e+01,2.238642e+01,2.237955e+01,2.229709e+01,2.236581e+01,2.227647e+01,2.224208e+01,2.235894e+01,2.244821e+01,2.235207e+01,2.234520e+01,2.229022e+01,2.233833e+01,2.237268e+01,2.229709e+01,2.236581e+01,2.237268e+01,2.227647e+01,2.226959e+01,2.225584e+01,2.222833e+01,2.225584e+01,2.226271e+01,2.229709e+01,2.229709e+01,2.233146e+01,2.224208e+01,2.233833e+01,2.233146e+01,2.215952e+01,2.231084e+01,2.233146e+01,2.231771e+01,2.231771e+01,2.243448e+01,2.240015e+01,2.232458e+01,2.235207e+01,2.237955e+01,2.238642e+01,2.236581e+01,2.235207e+01,2.231771e+01,2.240702e+01,2.235207e+01,2.238642e+01,2.239328e+01,2.240702e+01,2.236581e+01,2.229709e+01,2.238642e+01,2.242762e+01,2.242075e+01,2.244135e+01,2.234520e+01,2.243448e+01,2.237268e+01,2.242762e+01,2.242762e+01,2.240015e+01,2.240015e+01,2.241389e+01,2.249625e+01,2.235207e+01,2.235894e+01,2.234520e+01,2.244135e+01,2.233146e+01,2.241389e+01,2.235207e+01,2.248252e+01,2.238642e+01,2.236581e+01,2.246194e+01,2.240702e+01,2.238642e+01,2.241389e+01,2.247566e+01,2.240702e+01,2.240702e+01,2.242075e+01,2.244821e+01,2.240015e+01,2.243448e+01,2.246194e+01,2.242762e+01,2.248939e+01,2.238642e+01,2.248939e+01,2.248252e+01,2.245507e+01,2.243448e+01,2.247566e+01,2.244821e+01,2.244821e+01,2.247566e+01,2.242762e+01,2.240015e+01,2.250311e+01,2.247566e+01,2.245507e+01,2.247566e+01,2.246880e+01,2.244821e+01,2.253055e+01,2.257169e+01,2.257169e+01,2.244135e+01,2.247566e+01,2.248939e+01,2.213198e+01,2.222833e+01,2.220769e+01,2.221457e+01,2.226959e+01,2.226271e+01,2.233833e+01,2.241389e+01,2.234520e+01,2.236581e+01,2.226959e+01,2.250997e+01,2.240015e+01,2.238642e+01,2.270871e+01,2.247566e+01,2.250997e+01,2.242075e+01,2.244135e+01,2.249625e+01,2.245507e+01,2.259911e+01,2.261282e+01,2.257854e+01,2.259911e+01,2.264708e+01,2.264708e+01,2.261967e+01,2.258540e+01,2.273610e+01,2.259911e+01,2.261967e+01,2.261282e+01,2.266078e+01,2.266078e+01,2.271556e+01,2.263337e+01,2.264022e+01,2.266078e+01,2.264708e+01,2.264708e+01,2.266763e+01,2.264022e+01,2.260596e+01,2.257854e+01,2.180786e+01,2.137871e+01,2.130238e+01,2.126767e+01,2.133708e+01,2.132320e+01,2.135790e+01,2.141339e+01,2.148270e+01,2.142032e+01,2.155890e+01,2.151042e+01,2.154505e+01,2.162811e+01,2.157274e+01,2.155890e+01,2.166270e+01,2.170420e+01,2.191831e+01,2.187000e+01,2.174567e+01,2.177332e+01,2.181476e+01,2.182858e+01,2.181476e+01,2.187691e+01,2.178713e+01,2.177332e+01,2.181476e+01,2.180095e+01,2.184239e+01,2.180095e+01,2.183548e+01,2.180095e+01,2.176641e+01,2.184239e+01,2.178713e+01,2.182167e+01,2.181476e+01,2.182858e+01,2.184929e+01,2.189071e+01,2.186310e+01,2.184239e+01,2.196660e+01,2.193211e+01,2.190451e+01,2.189761e+01,2.199418e+01,2.204243e+01,2.200797e+01,2.202865e+01,2.221457e+01,2.207688e+01,2.222145e+01,2.213886e+01,2.212509e+01,2.211821e+01,2.211821e+01,2.200107e+01,2.215952e+01,2.198039e+01,2.184239e+01,2.178022e+01,2.179404e+01,2.177332e+01,2.176641e+01,2.180095e+01,2.176641e+01,2.169728e+01,2.162119e+01,2.162811e+01,2.160043e+01,2.165579e+01,2.162811e+01,2.165579e+01,2.194591e+01,2.178713e+01,2.179404e+01,2.183548e+01,2.190451e+01,2.191831e+01,2.195970e+01,2.186310e+01,2.197349e+01,2.195970e+01,2.191831e+01,2.183548e+01,2.186310e+01,2.186310e+01,2.175258e+01,2.175258e+01,2.190451e+01,2.185620e+01,2.173876e+01,2.172494e+01,2.166962e+01,2.167654e+01,2.175949e+01,2.171802e+01,2.184929e+01,2.184239e+01,2.182858e+01,2.187691e+01,2.190451e+01,2.193211e+01,2.200107e+01,2.195280e+01,2.204243e+01,2.198039e+01,2.190451e+01,2.193211e+01,2.189761e+01,2.194591e+01,2.215952e+01,2.194591e+01,2.208377e+01,2.197349e+01,2.191141e+01,2.195970e+01,2.189761e+01,2.184239e+01,2.189761e+01,2.179404e+01,2.174567e+01,2.182858e+01,2.174567e+01,2.175258e+01,2.189761e+01,2.186310e+01,2.180786e+01,2.180095e+01,2.184929e+01,2.180095e+01,2.179404e+01,2.166962e+01,2.168345e+01,2.169037e+01,2.173185e+01,2.151734e+01,2.169037e+01,2.173876e+01,2.169037e+01,2.166270e+01,2.170420e+01,2.162119e+01,2.168345e+01,2.162811e+01,2.162811e+01,2.160735e+01,2.156582e+01,2.156582e+01,2.159351e+01,2.162811e+01,2.160043e+01,2.157967e+01,2.146884e+01,2.152427e+01,2.159351e+01,2.146191e+01,2.137177e+01,2.154505e+01,2.187000e+01,2.217328e+01,2.244135e+01,2.240702e+01,2.242075e+01,2.244135e+01,2.242762e+01,2.244821e+01,2.264708e+01,2.248939e+01,2.253055e+01,2.251683e+01,2.246194e+01,2.246880e+01,2.262652e+01,2.246880e+01,2.251683e+01,2.254426e+01,2.244821e+01,2.266763e+01,2.255798e+01,2.255112e+01,2.257854e+01,2.248252e+01,2.263337e+01,2.254426e+01,2.257169e+01,2.246194e+01,2.244135e+01,2.245507e+01,2.253055e+01,2.247566e+01,2.240702e+01,2.246194e+01,2.249625e+01,2.243448e+01,2.249625e+01,2.253741e+01,2.257854e+01,2.251683e+01,2.249625e+01,2.248939e+01,2.238642e+01,2.257169e+01,2.255798e+01,2.255798e+01,2.248252e+01,2.245507e+01,2.248939e+01,2.251683e+01,2.245507e+01,2.252369e+01,2.251683e+01,2.250311e+01,2.242075e+01,2.246880e+01,2.246194e+01,2.240702e+01,2.241389e+01,2.239328e+01,2.238642e+01,2.231771e+01,2.228334e+01,2.235207e+01,2.226959e+01,2.229022e+01,2.223520e+01,2.235894e+01,2.227647e+01,2.225584e+01,2.222145e+01,2.215263e+01,2.210443e+01,2.213886e+01,2.202176e+01,2.202865e+01,2.206310e+01,2.199418e+01,2.195970e+01,2.204243e+01,2.197349e+01,2.192521e+01,2.211821e+01,2.196660e+01,2.194591e+01,2.200797e+01,2.200797e+01,2.198729e+01,2.194591e+01,2.191141e+01,2.206310e+01,2.194591e+01,2.204243e+01,2.200107e+01,2.198729e+01,2.191141e+01,2.193211e+01,2.191141e+01,2.205621e+01,2.202176e+01,2.195280e+01,2.195970e+01,2.188381e+01,2.194591e+01,2.184929e+01,2.204243e+01,2.220081e+01,2.193211e+01,2.193211e+01,2.191831e+01,2.213198e+01,2.191141e+01,2.206310e+01,2.197349e+01,2.201486e+01,2.193901e+01,2.193211e+01,2.209066e+01,2.202865e+01,2.193211e+01,2.199418e+01,2.199418e+01,2.204932e+01,2.214575e+01,2.180786e+01,2.198039e+01,2.186310e+01,2.195970e+01,2.187000e+01,2.192521e+01,2.194591e+01,2.178713e+01,2.181476e+01,2.180095e+01,2.175949e+01,2.180095e+01
2.225584e+01,2.215952e+01,2.235207e+01,2.215263e+01,2.214575e+01,2.220769e+01,2.218016e+01,2.218705e+01,2.215952e+01,2.218705e+01,2.224896e+01,2.229022e+01,2.215952e+01,2.216640e+01,2.231771e+01,2.230396e+01,2.231771e+01,2.233833e+01,2.218016e+01,2.229022e+01,2.224208e+01,2.233146e+01,2.222833e+01,2.228334e+01,2.226959e+01,2.222145e+01,2.228334e+01,2.224208e+01,2.235894e+01,2.236581e+01,2.229022e+01,2.243448e+01,2.242762e+01,2.226271e+01,2.231771e+01,2.227647e+01,2.244821e+01,2.232458e+01,2.231084e+01,2.229022e+01,2.233833e+01,2.233146e+01,2.233146e+01,2.253741e+01,2.234520e+01,2.250997e+01,2.245507e+01,2.246194e+01,2.222833e+01,2.239328e+01,2.245507e+01,2.244821e+01,2.250311e+01,2.251683e+01,2.246880e+01,2.248939e+01,2.248939e+01,2.248939e+01,2.255798e+01,2.264022e+01,2.246194e+01,2.244821e+01,2.246194e+01,2.246880e+01,2.259225e+01,2.251683e+01,2.263337e+01,2.263337e+01,2.259225e+01,2.251683e+01,2.250311e+01,2.261282e+01,2.255112e+01,2.253055e+01,2.252369e+01,2.250997e+01,2.246194e+01,2.255112e+01,2.264022e+01,2.253741e+01,2.251683e+01,2.255112e+01,2.246194e+01,2.255112e+01,2.261967e+01,2.253055e+01,2.248939e+01,2.244135e+01,2.239328e+01,2.240702e+01,2.248939e+01,2.246194e+01,2.231084e+01,2.240702e+01,2.242075e+01,2.230396e+01,2.235207e+01,2.238642e+01,2.218016e+01,2.218016e+01,2.222145e+01,2.223520e+01,2.223520e+01,2.224208e+01,2.222145e+01,2.225584e+01,2.213886e+01,2.203554e+01,2.209066e+01,2.211821e+01,2.222833e+01,2.226271e+01,2.215952e+01,2.218705e+01,2.218705e+01,2.218705e+01,2.218016e+01,2.210443e+01,2.210443e+01,2.226271e+01,2.215263e+01,2.224896e+01,2.215952e+01,2.218705e+01,2.228334e+01,2.222145e+01,2.224208e+01,2.223520e+01,2.220081e+01,2.231771e+01,2.231771e+01,2.221457e+01,2.229709e+01,2.223520e+01,2.230396e+01,2.232458e+01,2.228334e+01,2.236581e+01,2.233833e+01,2.239328e+01,2.228334e+01,2.237268e+01,2.231771e+01,2.239328e+01,2.237955e+01,2.243448e+01,2.242075e+01,2.250311e+01,2.242762e+01,2.235894e+01,2.242075e+01,2.246194e+01,2.240702e+01,2.243448e+01,2.244821e+01,2.242762e+01,2.243448e+01,2.239328e+01,2.240702e+01,2.241389e+01,2.240702e+01,2.241389e+01,2.247566e+01,2.237268e+01,2.244135e+01,2.242075e+01,2.241389e+01,2.239328e+01,2.241389e+01,2.241389e+01,2.246194e+01,2.248252e+01,2.235894e+01,2.244821e+01,2.235207e+01,2.250311e+01,2.244821e+01,2.244135e+01,2.239328e+01,2.240702e+01,2.243448e+01,2.243448e+01,2.242075e+01,2.233146e+01,2.241389e+01,2.237955e+01,2.243448e+01,2.233833e+01,2.234520e+01,2.237955e+01,2.241389e+01,2.229709e+01,2.232458e+01,2.234520e+01,2.238642e+01,2.235207e+01,2.234520e+01,2.230396e+01,2.221457e+01,2.235207e+01,2.231771e+01,2.235894e+01,2.233146e+01,2.235894e+01,2.226959e+01,2.225584e+01,2.233146e+01,2.233833e+01,2.224208e+01,2.233146e+01,2.227647e+01,2.226271e+01,2.238642e+01,2.233146e+01,2.235894e+01,2.232458e+01,2.233146e+01,2.232458e+01,2.240015e+01,2.234520e+01,2.231771e+01,2.240702e+01,2.229709e+01,2.237268e+01,2.234520e+01,2.231771e+01,2.237955e+01,2.237955e+01,2.239328e+01,2.241389e+01,2.235207e+01,2.245507e+01,2.220081e+01,2.242762e+01,2.237955e+01,2.239328e+01,2.236581e+01,2.238642e+01,2.240702e+01,2.235894e+01,2.241389e+01,2.237955e+01,2.233146e+01,2.241389e+01,2.240702e+01,2.242075e+01,2.245507e+01,2.239328e+01,2.238642e+01,2.239328e+01,2.236581e+01,2.237268e+01,2.235894e+01,2.238642e+01,2.233146e+01,2.244821e+01,2.237955e+01,2.249625e+01,2.240015e+01,2.241389e+01,2.250997e+01,2.240702e+01,2.240702e+01,2.232458e+01,2.242075e+01,2.246880e+01,2.240702e+01,2.241389e+01,2.244821e+01,2.235894e+01,2.248252e+01,2.253741e+01,2.246880e+01,2.245507e+01,2.239328e+01,2.244135e+01,2.244821e+01,2.242762e+01,2.242762e+01,2.244135e+01,2.242762e+01,2.261282e+01,2.253741e+01,2.246194e+01,2.248252e+01,2.254426e+01,2.259225e+01,2.252369e+01,2.253741e+01,2.252369e+01,2.254426e+01,2.253741e+01,2.247566e+01,2.255112e+01,2.253741e+01,2.250311e+01,2.226271e+01,2.184929e+01,2.182167e+01,2.171802e+01,2.170420e+01,2.173185e+01,2.177332e+01,2.186310e+01,2.195280e+01,2.178022e+01,2.175258e+01,2.180095e+01,2.188381e+01,2.191831e+01,2.182167e+01,2.178713e+01,2.198729e+01,2.203554e+01,2.204243e+01,2.204932e+01,2.205621e+01,2.206310e+01,2.218016e+01,2.240702e+01,2.242762e+01,2.242075e+01,2.241389e+01,2.239328e+01,2.262652e+01,2.261967e+01,2.259225e+01,2.258540e+01,2.259225e+01,2.250997e+01,2.251683e+01,2.268132e+01,2.261967e+01,2.273610e+01,2.266763e+01,2.263337e+01,2.261967e+01,2.263337e+01,2.259225e+01,2.261282e+01,2.259225e+01,2.255798e+01,2.215952e+01,2.170420e+01,2.143419e+01,2.129544e+01,2.130932e+01,2.130932e+01,2.135096e+01,2.132320e+01,2.139258e+01,2.123294e+01,2.153119e+01,2.152427e+01,2.154505e+01,2.154505e+01,2.164195e+01,2.166270e+01,2.170420e+01,2.163503e+01,2.181476e+01,2.182167e+01,2.175949e+01,2.179404e+01,2.178022e+01,2.190451e+01,2.178022e+01,2.185620e+01,2.180095e+01,2.183548e+01,2.184239e+01,2.178713e+01,2.175258e+01,2.175258e+01,2.180786e+01,2.178713e+01,2.180786e+01,2.176641e+01,2.175258e+01,2.183548e+01,2.187000e+01,2.182858e+01,2.190451e+01,2.189071e+01,2.189071e+01,2.189761e+01,2.189071e+01,2.193901e+01,2.190451e+01,2.196660e+01,2.196660e+01,2.203554e+01,2.202176e+01,2.199418e+01,2.202865e+01,2.213198e+01,2.206310e+01,2.202176e+01,2.212509e+01,2.209755e+01,2.210443e+01,2.218016e+01,2.200107e+01,2.187000e+01,2.181476e+01,2.177332e+01,2.178713e+01,2.175949e+01,2.178713e+01,2.171111e+01,2.182858e+01,2.166962e+01,2.166962e+01,2.177332e+01,2.163503e+01,2.169037e+01,2.182167e+01,2.171802e+01,2.195970e+01,2.183548e+01,2.185620e+01,2.180786e+01,2.197349e+01,2.182167e+01,2.195970e+01,2.193211e+01,2.189071e+01,2.194591e+01,2.179404e+01,2.181476e+01,2.187691e+01,2.187000e+01,2.180786e+01,2.179404e+01,2.189761e+01,2.189071e+01,2.178713e+01,2.177332e+01,2.172494e+01,2.171802e+01,2.173185e+01,2.184929e+01,2.182167e+01,2.189761e+01,2.193211e+01,2.194591e+01,2.182167e+01,2.195970e+01,2.199418e+01,2.195280e+01,2.189761e+01,2.187000e+01,2.189071e+01,2.193901e+01,2.199418e+01,2.195970e+01,2.184239e+01,2.192521e+01,2.189761e+01,2.189071e+01,2.195280e+01,2.187691e+01,2.183548e+01,2.189761e+01,2.175949e+01,2.177332e+01,2.174567e+01,2.173876e+01,2.185620e+01,2.183548e+01,2.178713e+01,2.173876e+01,2.176641e+01,2.180786e+01,2.183548e+01,2.179404e+01,2.170420e+01,2.168345e+01,2.173185e+01,2.172494e+01,2.162119e+01,2.165579e+01,2.171111e+01,2.166962e+01,2.169037e+01,2.171111e+01,2.166962e+01,2.158659e+01,2.161427e+01,2.166270e+01,2.162119e+01,2.169728e+01,2.164195e+01,2.161427e+01,2.158659e+01,2.152427e+01,2.150349e+01,2.144112e+01,2.155197e+01,2.156582e+01,2.146191e+01,2.151042e+01,2.145498e+01,2.151734e+01,2.163503e+01,2.216640e+01,2.240702e+01,2.253741e+01,2.243448e+01,2.244821e+01,2.247566e+01,2.247566e+01,2.251683e+01,2.243448e+01,2.250997e+01,2.243448e+01,2.255798e+01,2.254426e+01,2.263337e+01,2.250997e+01,2.255798e+01,2.250997e+01,2.250997e+01,2.264708e+01,2.252369e+01,2.255798e+01,2.257854e+01,2.252369e+01,2.254426e+01,2.245507e+01,2.245507e+01,2.252369e+01,2.255798e+01,2.257854e+01,2.242075e+01,2.237268e+01,2.246194e+01,2.248939e+01,2.248252e+01,2.237955e+01,2.244821e+01,2.240702e+01,2.243448e+01,2.242075e+01,2.255798e+01,2.239328e+01,2.250311e+01,2.255798e+01,2.253741e+01,2.255798e+01,2.259225e+01,2.242075e+01,2.245507e+01,2.251683e+01,2.246880e+01,2.253055e+01,2.250311e+01,2.246880e+01,2.244821e+01,2.240015e+01,2.236581e+01,2.240702e+01,2.240015e+01,2.237955e+01,2.233833e+01,2.239328e+01,2.231084e+01,2.230396e+01,2.226271e+01,2.225584e+01,2.224208e+01,2.211132e+01,2.225584e+01,2.231084e+01,2.210443e+01,2.211132e+01,2.216640e+01,2.211132e+01,2.219393e+01,2.204243e+01,2.196660e+01,2.200797e+01,2.204932e+01,2.197349e+01,2.195970e+01,2.204243e+01,2.199418e+01,2.197349e+01,2.202865e+01,2.198039e+01,2.198729e+01,2.204932e+01,2.196660e+01,2.195970e+01,2.195970e+01,2.199418e+01,2.206310e+01,2.199418e+01,2.198039e+01,2.195970e+01,2.199418e+01,2.195970e+01,2.207688e+01,2.191831e+01,2.191831e+01,2.191831e+01,2.194591e+01,2.190451e+01,2.197349e+01,2.199418e+01,2.194591e+01,2.206999e+01,2.203554e+01,2.195280e+01,2.200797e+01,2.195970e+01,2.189761e+01,2.193211e+01,2.200797e+01,2.198039e+01,2.194591e+01,2.204932e+01,2.205621e+01,2.200797e+01,2.202865e+01,2.195970e+01,2.219393e+01,2.194591e+01,2.211821e+01,2.192521e+01,2.194591e+01,2.193901e+01,2.193901e+01,2.180786e+01,2.180095e+01,2.181476e+01,2.181476e+01,2.176641e+01,2.184239e+01,2.166962e+01
2.227647e+01,2.229709e+01,2.231771e+01,2.215263e+01,2.220769e+01,2.222833e+01,2.217328e+01,2.216640e+01,2.220081e+01,2.223520e+01,2.238642e+01,2.228334e+01,2.224208e+01,2.233146e+01,2.237268e+01,2.237955e+01,2.238642e+01,2.232458e+01,2.224896e+01,2.226271e+01,2.208377e+01,2.222145e+01,2.223520e+01,2.228334e+01,2.240015e+01,2.233146e+01,2.225584e+01,2.224896e+01,2.233833e+01,2.219393e+01,2.229709e+01,2.231084e+01,2.231771e+01,2.232458e+01,2.240015e+01,2.236581e+01,2.231771e+01,2.238642e+01,2.231084e+01,2.231771e+01,2.247566e+01,2.237955e+01,2.253055e+01,2.240702e+01,2.259225e+01,2.248252e+01,2.245507e+01,2.244821e+01,2.246194e+01,2.246880e+01,2.246194e+01,2.240702e+01,2.249625e+01,2.249625e+01,2.252369e+01,2.264708e+01,2.248939e+01,2.252369e+01,2.253055e+01,2.259225e+01,2.272241e+01,2.248939e+01,2.260596e+01,2.247566e+01,2.261282e+01,2.261967e+01,2.261282e+01,2.255798e+01,2.261967e+01,2.256483e+01,2.255112e+01,2.246880e+01,2.244135e+01,2.253055e+01,2.250311e+01,2.255112e+01,2.257854e+01,2.252369e+01,2.253741e+01,2.253741e+01,2.252369e+01,2.248252e+01,2.263337e+01,2.241389e+01,2.251683e+01,2.250997e+01,2.232458e+01,2.253055e+01,2.248939e+01,2.242762e+01,2.243448e+01,2.233833e+01,2.248252e+01,2.239328e+01,2.230396e+01,2.236581e+01,2.235207e+01,2.233833e+01,2.220769e+01,2.237955e+01,2.219393e+01,2.235207e+01,2.223520e+01,2.220769e+01,2.222833e+01,2.215952e+01,2.213886e+01,2.211132e+01,2.212509e+01,2.219393e+01,2.206999e+01,2.223520e+01,2.211821e+01,2.214575e+01,2.213198e+01,2.221457e+01,2.218016e+01,2.220769e+01,2.211132e+01,2.215263e+01,2.226271e+01,2.220769e+01,2.217328e+01,2.210443e+01,2.221457e+01,2.222833e+01,2.224208e+01,2.237268e+01,2.222833e+01,2.226271e+01,2.224208e+01,2.229709e+01,2.225584e+01,2.230396e+01,2.230396e+01,2.232458e+01,2.235894e+01,2.227647e+01,2.235894e+01,2.246194e+01,2.226959e+01,2.239328e+01,2.231771e+01,2.238642e+01,2.238642e+01,2.250311e+01,2.238642e+01,2.244135e+01,2.248252e+01,2.245507e+01,2.237955e+01,2.233833e+01,2.236581e+01,2.240702e+01,2.243448e+01,2.246194e+01,2.242762e+01,2.240015e+01,2.240702e+01,2.242075e+01,2.237268e+01,2.246194e+01,2.244821e+01,2.244135e+01,2.236581e+01,2.239328e+01,2.244135e+01,2.240015e+01,2.251683e+01,2.239328e+01,2.246880e+01,2.244821e+01,2.234520e+01,2.243448e+01,2.235207e+01,2.245507e+01,2.253055e+01,2.246194e+01,2.247566e+01,2.243448e+01,2.244135e+01,2.246194e+01,2.239328e+01,2.240015e+01,2.244821e+01,2.234520e+01,2.243448e+01,2.240015e+01,2.239328e+01,2.233146e+01,2.234520e+01,2.227647e+01,2.236581e+01,2.234520e+01,2.243448e+01,2.232458e+01,2.233833e+01,2.233146e+01,2.224896e+01,2.230396e+01,2.231084e+01,2.239328e+01,2.228334e+01,2.229709e+01,2.233833e+01,2.237955e+01,2.226271e+01,2.227647e+01,2.235894e+01,2.229709e+01,2.230396e+01,2.232458e+01,2.240015e+01,2.237955e+01,2.233833e+01,2.244135e+01,2.234520e+01,2.227647e+01,2.233146e+01,2.236581e+01,2.235207e+01,2.237955e+01,2.235207e+01,2.239328e+01,2.239328e+01,2.237268e+01,2.237268e+01,2.239328e+01,2.238642e+01,2.235894e+01,2.235894e+01,2.234520e+01,2.233146e+01,2.244821e+01,2.240702e+01,2.234520e+01,2.240702e+01,2.233146e+01,2.240702e+01,2.244821e+01,2.243448e+01,2.236581e+01,2.235894e+01,2.236581e+01,2.237955e+01,2.238642e+01,2.239328e+01,2.235207e+01,2.237268e+01,2.232458e+01,2.236581e+01,2.239328e+01,2.234520e+01,2.239328e+01,2.235207e+01,2.244821e+01,2.248252e+01,2.244135e+01,2.246880e+01,2.248939e+01,2.252369e+01,2.239328e+01,2.240702e+01,2.242075e+01,2.243448e+01,2.253741e+01,2.240702e+01,2.250997e+01,2.242762e+01,2.243448e+01,2.245507e+01,2.246194e+01,2.246194e+01,2.248939e+01,2.248252e+01,2.240702e+01,2.246194e+01,2.244135e+01,2.248939e+01,2.246880e+01,2.246880e+01,2.245507e+01,2.251683e+01,2.247566e+01,2.256483e+01,2.254426e+01,2.259225e+01,2.259225e+01,2.262652e+01,2.250311e+01,2.250311e+01,2.247566e+01,2.255112e+01,2.250311e+01,2.250311e+01,2.229709e+01,2.166962e+01,2.169037e+01,2.166270e+01,2.170420e+01,2.169728e+01,2.173876e+01,2.173185e+01,2.171111e+01,2.174567e+01,2.173185e+01,2.174567e+01,2.182167e+01,2.170420e+01,2.167654e+01,2.174567e+01,2.169728e+01,2.189761e+01,2.168345e+01,2.169037e+01,2.175258e+01,2.172494e+01,2.174567e+01,2.162119e+01,2.173185e+01,2.178022e+01,2.171802e+01,2.179404e+01,2.197349e+01,2.199418e+01,2.242075e+01,2.243448e+01,2.251683e+01,2.253741e+01,2.259225e+01,2.259911e+01,2.273610e+01,2.263337e+01,2.259911e+01,2.264022e+01,2.261282e+01,2.257854e+01,2.261282e+01,2.259225e+01,2.261282e+01,2.253055e+01,2.255798e+01,2.231084e+01,2.211132e+01,2.137871e+01,2.137871e+01,2.121905e+01,2.136484e+01,2.135790e+01,2.139258e+01,2.132320e+01,2.151042e+01,2.149656e+01,2.157274e+01,2.148963e+01,2.157967e+01,2.156582e+01,2.170420e+01,2.156582e+01,2.157274e+01,2.176641e+01,2.168345e+01,2.193211e+01,2.171802e+01,2.186310e+01,2.177332e+01,2.183548e+01,2.186310e+01,2.182858e+01,2.180786e+01,2.171802e+01,2.174567e+01,2.176641e+01,2.175949e+01,2.175258e+01,2.166962e+01,2.173185e+01,2.175949e+01,2.184239e+01,2.183548e+01,2.178022e+01,2.188381e+01,2.188381e+01,2.187691e+01,2.188381e+01,2.188381e+01,2.190451e+01,2.191831e+01,2.192521e+01,2.191831e+01,2.202176e+01,2.204243e+01,2.200107e+01,2.202865e+01,2.211132e+01,2.202865e+01,2.202176e+01,2.205621e+01,2.222833e+01,2.208377e+01,2.208377e+01,2.211821e+01,2.222833e+01,2.188381e+01,2.178022e+01,2.178713e+01,2.176641e+01,2.175949e+01,2.179404e+01,2.182167e+01,2.180095e+01,2.175949e+01,2.169728e+01,2.175258e+01,2.178713e+01,2.175258e+01,2.180786e+01,2.183548e+01,2.187000e+01,2.180786e+01,2.198039e+01,2.193211e+01,2.201486e+01,2.188381e+01,2.182167e+01,2.188381e+01,2.192521e+01,2.182167e+01,2.186310e+01,2.182167e+01,2.180786e+01,2.184239e+01,2.184239e+01,2.186310e+01,2.171111e+01,2.170420e+01,2.178713e+01,2.168345e+01,2.169728e+01,2.175258e+01,2.182858e+01,2.178713e+01,2.183548e+01,2.184239e+01,2.182167e+01,2.189071e+01,2.187000e+01,2.191141e+01,2.191141e+01,2.193901e+01,2.177332e+01,2.196660e+01,2.186310e+01,2.182858e+01,2.193901e+01,2.192521e+01,2.197349e+01,2.194591e+01,2.189071e+01,2.190451e+01,2.193211e+01,2.182858e+01,2.188381e+01,2.189761e+01,2.177332e+01,2.175258e+01,2.171111e+01,2.164887e+01,2.171111e+01,2.184239e+01,2.176641e+01,2.182167e+01,2.182167e+01,2.176641e+01,2.184239e+01,2.178022e+01,2.174567e+01,2.171802e+01,2.172494e+01,2.168345e+01,2.173185e+01,2.178713e+01,2.169037e+01,2.162119e+01,2.166962e+01,2.157967e+01,2.157967e+01,2.157967e+01,2.160735e+01,2.156582e+01,2.160735e+01,2.153119e+01,2.154505e+01,2.156582e+01,2.156582e+01,2.166270e+01,2.155890e+01,2.170420e+01,2.173876e+01,2.177332e+01,2.173185e+01,2.147577e+01,2.172494e+01,2.166962e+01,2.190451e+01,2.229709e+01,2.235894e+01,2.257854e+01,2.241389e+01,2.245507e+01,2.249625e+01,2.247566e+01,2.249625e+01,2.247566e+01,2.242075e+01,2.252369e+01,2.247566e+01,2.240702e+01,2.244821e+01,2.250311e+01,2.253741e+01,2.253055e+01,2.253741e+01,2.253741e+01,2.253741e+01,2.250311e+01,2.255112e+01,2.250997e+01,2.258540e+01,2.264708e+01,2.257169e+01,2.256483e+01,2.242762e+01,2.254426e+01,2.242075e+01,2.250311e+01,2.242762e+01,2.244821e+01,2.257854e+01,2.238642e+01,2.244821e+01,2.237955e+01,2.244135e+01,2.246880e+01,2.257854e+01,2.241389e+01,2.240702e+01,2.257854e+01,2.241389e+01,2.255798e+01,2.244135e+01,2.250311e+01,2.253055e+01,2.252369e+01,2.248252e+01,2.246880e+01,2.240015e+01,2.239328e+01,2.244135e+01,2.245507e+01,2.241389e+01,2.240702e+01,2.242762e+01,2.238642e+01,2.235894e+01,2.233833e+01,2.237955e+01,2.229022e+01,2.220081e+01,2.225584e+01,2.227647e+01,2.216640e+01,2.213198e+01,2.211132e+01,2.211821e+01,2.204243e+01,2.203554e+01,2.222145e+01,2.212509e+01,2.210443e+01,2.203554e+01,2.215263e+01,2.199418e+01,2.198729e+01,2.189071e+01,2.198039e+01,2.206999e+01,2.205621e+01,2.193901e+01,2.209755e+01,2.203554e+01,2.191831e+01,2.186310e+01,2.194591e+01,2.195970e+01,2.195280e+01,2.197349e+01,2.200107e+01,2.189761e+01,2.200797e+01,2.193901e+01,2.197349e+01,2.195280e+01,2.195280e+01,2.197349e+01,2.198039e+01,2.193901e+01,2.191831e+01,2.193901e+01,2.201486e+01,2.193211e+01,2.195280e+01,2.199418e+01,2.195280e+01,2.198729e+01,2.197349e+01,2.195280e+01,2.193211e+01,2.189761e+01,2.194591e+01,2.192521e+01,2.194591e+01,2.202176e+01,2.193901e+01,2.201486e+01,2.202865e+01,2.205621e+01,2.193211e+01,2.192521e+01,2.194591e+01,2.190451e+01,2.193901e+01,2.180786e+01,2.178022e+01,2.181476e+01,2.180095e+01,2.177332e+01,2.182167e+01,2.188381e+01,2.189761e+01
2.225584e+01,2.213886e+01,2.230396e+01,2.213886e+01,2.214575e+01,2.220769e+01,2.215952e+01,2.220081e+01,2.219393e+01,2.218016e+01,2.223520e+01,2.216640e+01,2.233833e+01,2.213198e+01,2.209755e+01,2.227647e+01,2.233833e+01,2.229709e+01,2.210443e+01,2.216640e+01,2.215263e+01,2.213886e+01,2.218705e+01,2.214575e+01,2.224208e+01,2.216640e+01,2.216640e+01,2.224896e+01,2.229022e+01,2.233833e+01,2.235207e+01,2.232458e+01,2.231771e+01,2.224896e+01,2.229022e+01,2.231084e+01,2.235207e+01,2.233146e+01,2.240015e+01,2.242075e+01,2.224208e+01,2.238642e+01,2.247566e+01,2.240015e+01,2.250311e+01,2.243448e+01,2.245507e+01,2.244821e+01,2.244821e+01,2.245507e+01,2.244135e+01,2.248252e+01,2.253741e+01,2.249625e+01,2.253055e+01,2.250997e+01,2.264708e+01,2.251683e+01,2.238642e+01,2.250997e+01,2.259225e+01,2.245507e+01,2.255798e+01,2.254426e+01,2.256483e+01,2.254426e+01,2.263337e+01,2.262652e+01,2.258540e+01,2.254426e+01,2.256483e+01,2.260596e+01,2.248939e+01,2.251683e+01,2.269502e+01,2.251683e+01,2.249625e+01,2.252369e+01,2.247566e+01,2.261282e+01,2.255798e+01,2.250311e+01,2.248939e+01,2.249625e+01,2.247566e+01,2.257854e+01,2.249625e+01,2.253055e+01,2.248939e+01,2.248939e+01,2.245507e+01,2.242075e+01,2.248252e+01,2.238642e+01,2.234520e+01,2.229022e+01,2.238642e+01,2.229709e+01,2.222145e+01,2.224896e+01,2.220081e+01,2.218016e+01,2.223520e+01,2.218705e+01,2.219393e+01,2.218016e+01,2.212509e+01,2.215263e+01,2.203554e+01,2.209755e+01,2.213886e+01,2.224208e+01,2.215952e+01,2.216640e+01,2.215952e+01,2.213198e+01,2.216640e+01,2.225584e+01,2.211821e+01,2.209066e+01,2.211821e+01,2.222833e+01,2.220081e+01,2.228334e+01,2.218705e+01,2.212509e+01,2.222145e+01,2.215952e+01,2.225584e+01,2.222145e+01,2.222145e+01,2.226271e+01,2.218705e+01,2.235207e+01,2.231084e+01,2.239328e+01,2.234520e+01,2.237955e+01,2.229022e+01,2.226959e+01,2.231771e+01,2.234520e+01,2.231771e+01,2.231084e+01,2.239328e+01,2.239328e+01,2.244821e+01,2.240702e+01,2.242762e+01,2.238642e+01,2.250311e+01,2.232458e+01,2.234520e+01,2.242075e+01,2.250311e+01,2.247566e+01,2.240015e+01,2.240015e+01,2.240702e+01,2.239328e+01,2.237955e+01,2.237268e+01,2.246880e+01,2.242075e+01,2.237955e+01,2.239328e+01,2.242075e+01,2.226271e+01,2.240702e+01,2.252369e+01,2.244135e+01,2.231084e+01,2.246880e+01,2.248252e+01,2.238642e+01,2.247566e+01,2.237268e+01,2.240702e+01,2.240015e+01,2.239328e+01,2.244821e+01,2.243448e+01,2.240015e+01,2.237268e+01,2.247566e+01,2.234520e+01,2.235894e+01,2.236581e+01,2.230396e+01,2.247566e+01,2.234520e+01,2.225584e+01,2.233146e+01,2.235894e+01,2.242762e+01,2.235207e+01,2.233146e+01,2.229022e+01,2.229022e+01,2.226959e+01,2.230396e+01,2.229022e+01,2.241389e+01,2.224896e+01,2.229709e+01,2.226271e+01,2.229022e+01,2.225584e+01,2.229709e+01,2.225584e+01,2.232458e+01,2.234520e+01,2.236581e+01,2.234520e+01,2.222833e+01,2.248252e+01,2.233833e+01,2.231084e+01,2.235894e+01,2.228334e+01,2.229022e+01,2.234520e+01,2.225584e+01,2.245507e+01,2.242762e+01,2.240015e+01,2.240702e+01,2.242075e+01,2.242075e+01,2.240702e+01,2.244135e+01,2.248939e+01,2.244135e+01,2.248252e+01,2.242075e+01,2.231084e+01,2.236581e+01,2.237955e+01,2.243448e+01,2.240702e+01,2.239328e+01,2.240702e+01,2.236581e+01,2.244135e+01,2.242762e+01,2.244135e+01,2.240702e+01,2.237955e+01,2.243448e+01,2.238642e+01,2.243448e+01,2.240702e+01,2.234520e+01,2.236581e+01,2.235894e+01,2.235207e+01,2.244821e+01,2.246880e+01,2.235894e+01,2.253741e+01,2.252369e+01,2.237955e+01,2.246880e+01,2.244135e+01,2.244135e+01,2.240702e+01,2.249625e+01,2.246880e+01,2.247566e+01,2.240015e+01,2.246194e+01,2.253055e+01,2.251683e+01,2.254426e+01,2.240702e+01,2.242762e+01,2.251683e+01,2.248252e+01,2.246194e+01,2.252369e+01,2.248939e+01,2.249625e+01,2.250997e+01,2.248939e+01,2.255112e+01,2.256483e+01,2.259225e+01,2.250997e+01,2.255798e+01,2.261282e+01,2.253741e+01,2.253055e+01,2.256483e+01,2.254426e+01,2.241389e+01,2.186310e+01,2.179404e+01,2.167654e+01,2.166270e+01,2.167654e+01,2.173185e+01,2.170420e+01,2.171802e+01,2.174567e+01,2.173876e+01,2.164195e+01,2.177332e+01,2.168345e+01,2.177332e+01,2.167654e+01,2.189071e+01,2.169037e+01,2.178022e+01,2.178022e+01,2.170420e+01,2.172494e+01,2.175949e+01,2.166962e+01,2.171802e+01,2.162811e+01,2.174567e+01,2.176641e+01,2.164195e+01,2.169728e+01,2.172494e+01,2.174567e+01,2.195280e+01,2.245507e+01,2.255112e+01,2.260596e+01,2.258540e+01,2.250311e+01,2.245507e+01,2.258540e+01,2.259225e+01,2.257169e+01,2.255798e+01,2.254426e+01,2.250997e+01,2.247566e+01,2.256483e+01,2.259911e+01,2.248939e+01,2.213886e+01,2.150349e+01,2.121210e+01,2.136484e+01,2.127461e+01,2.133708e+01,2.123294e+01,2.134402e+01,2.133708e+01,2.151734e+01,2.153119e+01,2.151734e+01,2.155197e+01,2.156582e+01,2.155890e+01,2.162811e+01,2.166962e+01,2.175258e+01,2.166270e+01,2.178022e+01,2.185620e+01,2.177332e+01,2.178713e+01,2.187691e+01,2.178022e+01,2.175258e+01,2.178022e+01,2.180786e+01,2.175258e+01,2.175949e+01,2.175949e+01,2.178022e+01,2.170420e+01,2.169728e+01,2.175258e+01,2.182167e+01,2.183548e+01,2.187691e+01,2.189761e+01,2.189071e+01,2.183548e+01,2.189071e+01,2.191831e+01,2.181476e+01,2.198039e+01,2.194591e+01,2.200797e+01,2.190451e+01,2.201486e+01,2.196660e+01,2.200107e+01,2.202176e+01,2.216640e+01,2.200797e+01,2.211132e+01,2.211821e+01,2.211132e+01,2.206999e+01,2.206310e+01,2.196660e+01,2.184929e+01,2.184929e+01,2.173185e+01,2.174567e+01,2.180786e+01,2.178022e+01,2.183548e+01,2.182167e+01,2.171802e+01,2.178022e+01,2.187000e+01,2.178022e+01,2.177332e+01,2.178713e+01,2.173185e+01,2.185620e+01,2.181476e+01,2.191831e+01,2.187691e+01,2.183548e+01,2.196660e+01,2.195280e+01,2.188381e+01,2.185620e+01,2.180786e+01,2.190451e+01,2.179404e+01,2.174567e+01,2.175258e+01,2.175258e+01,2.177332e+01,2.180786e+01,2.173876e+01,2.175949e+01,2.171802e+01,2.160043e+01,2.185620e+01,2.175258e+01,2.183548e+01,2.177332e+01,2.171111e+01,2.184239e+01,2.190451e+01,2.189071e+01,2.192521e+01,2.189761e+01,2.198729e+01,2.189761e+01,2.198039e+01,2.188381e+01,2.191831e+01,2.186310e+01,2.189761e+01,2.182167e+01,2.194591e+01,2.181476e+01,2.194591e+01,2.187691e+01,2.180786e+01,2.181476e+01,2.167654e+01,2.169728e+01,2.166962e+01,2.162119e+01,2.162811e+01,2.166962e+01,2.169728e+01,2.183548e+01,2.178022e+01,2.180786e+01,2.187000e+01,2.182167e+01,2.177332e+01,2.175258e+01,2.169728e+01,2.171802e+01,2.172494e+01,2.170420e+01,2.167654e+01,2.178713e+01,2.153812e+01,2.155890e+01,2.155890e+01,2.160735e+01,2.157967e+01,2.160043e+01,2.160043e+01,2.153812e+01,2.164195e+01,2.156582e+01,2.165579e+01,2.156582e+01,2.183548e+01,2.191831e+01,2.195970e+01,2.203554e+01,2.200797e+01,2.200797e+01,2.200797e+01,2.200797e+01,2.216640e+01,2.219393e+01,2.237268e+01,2.237955e+01,2.243448e+01,2.242075e+01,2.243448e+01,2.254426e+01,2.248252e+01,2.250311e+01,2.242762e+01,2.241389e+01,2.252369e+01,2.253055e+01,2.250997e+01,2.248939e+01,2.250311e+01,2.250997e+01,2.254426e+01,2.255112e+01,2.246880e+01,2.252369e+01,2.255112e+01,2.256483e+01,2.257854e+01,2.259225e+01,2.245507e+01,2.257169e+01,2.249625e+01,2.257854e+01,2.255112e+01,2.241389e+01,2.238642e+01,2.249625e+01,2.242075e+01,2.237268e+01,2.255798e+01,2.250997e+01,2.246880e+01,2.255798e+01,2.248939e+01,2.242762e+01,2.243448e+01,2.254426e+01,2.240702e+01,2.253741e+01,2.242762e+01,2.245507e+01,2.247566e+01,2.241389e+01,2.245507e+01,2.242762e+01,2.245507e+01,2.244135e+01,2.250311e+01,2.249625e+01,2.242762e+01,2.237268e+01,2.236581e+01,2.221457e+01,2.237955e+01,2.244135e+01,2.253055e+01,2.231084e+01,2.227647e+01,2.217328e+01,2.225584e+01,2.217328e+01,2.218705e+01,2.217328e+01,2.235207e+01,2.209755e+01,2.211132e+01,2.195280e+01,2.210443e+01,2.195280e+01,2.211132e+01,2.208377e+01,2.208377e+01,2.206999e+01,2.197349e+01,2.198039e+01,2.201486e+01,2.195280e+01,2.203554e+01,2.192521e+01,2.204243e+01,2.205621e+01,2.204243e+01,2.189071e+01,2.184929e+01,2.190451e+01,2.198729e+01,2.198039e+01,2.198729e+01,2.193211e+01,2.198039e+01,2.195970e+01,2.206999e+01,2.193211e+01,2.198039e+01,2.199418e+01,2.198729e+01,2.182167e+01,2.197349e+01,2.194591e+01,2.188381e+01,2.181476e+01,2.192521e+01,2.193211e+01,2.193211e+01,2.187691e+01,2.188381e+01,2.195970e+01,2.189071e+01,2.188381e+01,2.199418e+01,2.189071e+01,2.188381e+01,2.186310e+01,2.201486e+01,2.186310e+01,2.200797e+01,2.191141e+01,2.208377e+01,2.188381e+01,2.195280e+01,2.186310e+01,2.180786e+01,2.184239e+01,2.182167e+01,2.175258e+01,2.191831e+01,2.189071e+01,2.182167e+01,2.180095e+01,2.171111e+01
2.224208e+01,2.226959e+01,2.225584e+01,2.215952e+01,2.219393e+01,2.220769e+01,2.222145e+01,2.220081e+01,2.215263e+01,2.222833e+01,2.219393e+01,2.231084e+01,2.217328e+01,2.227647e+01,2.214575e+01,2.215263e+01,2.222145e+01,2.220081e+01,2.214575e+01,2.218016e+01,2.209755e+01,2.218016e+01,2.241389e+01,2.224896e+01,2.224896e+01,2.226271e+01,2.225584e+01,2.229709e+01,2.224208e+01,2.229709e+01,2.229022e+01,2.229022e+01,2.242075e+01,2.235207e+01,2.235207e+01,2.234520e+01,2.237268e+01,2.233833e+01,2.237268e+01,2.236581e+01,2.233833e+01,2.237955e+01,2.245507e+01,2.240015e+01,2.240702e+01,2.241389e+01,2.244821e+01,2.245507e+01,2.240702e+01,2.245507e+01,2.240702e+01,2.245507e+01,2.247566e+01,2.249625e+01,2.249625e+01,2.253741e+01,2.248252e+01,2.249625e+01,2.248252e+01,2.240015e+01,2.248252e+01,2.258540e+01,2.252369e+01,2.268132e+01,2.257854e+01,2.261282e+01,2.265392e+01,2.257854e+01,2.252369e+01,2.241389e+01,2.256483e+01,2.250311e+01,2.250311e+01,2.260596e+01,2.250311e+01,2.255798e+01,2.235894e+01,2.255798e+01,2.251683e+01,2.251683e+01,2.253055e+01,2.255798e+01,2.248252e+01,2.249625e+01,2.248252e+01,2.244821e+01,2.251683e+01,2.251683e+01,2.248252e+01,2.248252e+01,2.249625e+01,2.244821e+01,2.247566e+01,2.241389e+01,2.237268e+01,2.223520e+01,2.233833e+01,2.220081e+01,2.221457e+01,2.228334e+01,2.217328e+01,2.219393e+01,2.223520e+01,2.222833e+01,2.222833e+01,2.223520e+01,2.213198e+01,2.200797e+01,2.210443e+01,2.215263e+01,2.222145e+01,2.216640e+01,2.214575e+01,2.218705e+01,2.215263e+01,2.222833e+01,2.215952e+01,2.216640e+01,2.211821e+01,2.209755e+01,2.213198e+01,2.214575e+01,2.222145e+01,2.220081e+01,2.220769e+01,2.222833e+01,2.224896e+01,2.225584e+01,2.229022e+01,2.224208e+01,2.224896e+01,2.231084e+01,2.246194e+01,2.224208e+01,2.237955e+01,2.239328e+01,2.237268e+01,2.239328e+01,2.244821e+01,2.237955e+01,2.239328e+01,2.235894e+01,2.232458e+01,2.239328e+01,2.237955e+01,2.247566e+01,2.237955e+01,2.249625e+01,2.239328e+01,2.244135e+01,2.237955e+01,2.241389e+01,2.238642e+01,2.223520e+01,2.236581e+01,2.242075e+01,2.241389e+01,2.241389e+01,2.230396e+01,2.249625e+01,2.236581e+01,2.248252e+01,2.248939e+01,2.239328e+01,2.240015e+01,2.240702e+01,2.242075e+01,2.235207e+01,2.244821e+01,2.242075e+01,2.231771e+01,2.244135e+01,2.248252e+01,2.240015e+01,2.237955e+01,2.250311e+01,2.253741e+01,2.241389e+01,2.241389e+01,2.237268e+01,2.233146e+01,2.240015e+01,2.237955e+01,2.235207e+01,2.248939e+01,2.245507e+01,2.235207e+01,2.238642e+01,2.237268e+01,2.238642e+01,2.243448e+01,2.235894e+01,2.229709e+01,2.237955e+01,2.231084e+01,2.233146e+01,2.233833e+01,2.231084e+01,2.236581e+01,2.233833e+01,2.216640e+01,2.236581e+01,2.238642e+01,2.225584e+01,2.222145e+01,2.230396e+01,2.236581e+01,2.229709e+01,2.226271e+01,2.227647e+01,2.234520e+01,2.234520e+01,2.222833e+01,2.234520e+01,2.233833e+01,2.235894e+01,2.238642e+01,2.246194e+01,2.226959e+01,2.240702e+01,2.228334e+01,2.228334e+01,2.239328e+01,2.244821e+01,2.239328e+01,2.235894e+01,2.239328e+01,2.246194e+01,2.244821e+01,2.243448e+01,2.231084e+01,2.247566e+01,2.246194e+01,2.244135e+01,2.244135e+01,2.240702e+01,2.243448e+01,2.240702e+01,2.240015e+01,2.242075e+01,2.234520e+01,2.243448e+01,2.241389e+01,2.237955e+01,2.243448e+01,2.242075e+01,2.237268e+01,2.237955e+01,2.237955e+01,2.242075e+01,2.237268e+01,2.241389e+01,2.243448e+01,2.236581e+01,2.235894e+01,2.236581e+01,2.246194e+01,2.241389e+01,2.242762e+01,2.232458e+01,2.242762e+01,2.241389e+01,2.237268e+01,2.243448e+01,2.245507e+01,2.246194e+01,2.249625e+01,2.251683e+01,2.248939e+01,2.240015e+01,2.250311e+01,2.252369e+01,2.254426e+01,2.247566e+01,2.238642e+01,2.250997e+01,2.252369e+01,2.248939e+01,2.248939e+01,2.244135e+01,2.249625e+01,2.246880e+01,2.248939e+01,2.252369e+01,2.252369e+01,2.254426e+01,2.252369e+01,2.255112e+01,2.255798e+01,2.256483e+01,2.252369e+01,2.249625e+01,2.244821e+01,2.250997e+01,2.238642e+01,2.191831e+01,2.178713e+01,2.168345e+01,2.170420e+01,2.166270e+01,2.170420e+01,2.175258e+01,2.169728e+01,2.180095e+01,2.171111e+01,2.186310e+01,2.174567e+01,2.181476e+01,2.180095e+01,2.175949e+01,2.182858e+01,2.173185e+01,2.169728e+01,2.169728e+01,2.175258e+01,2.170420e+01,2.175949e+01,2.176641e+01,2.178022e+01,2.181476e+01,2.172494e+01,2.181476e+01,2.171802e+01,2.164195e+01,2.171111e+01,2.171802e+01,2.178022e+01,2.191831e+01,2.232458e+01,2.256483e+01,2.260596e+01,2.257169e+01,2.247566e+01,2.253055e+01,2.251683e+01,2.250997e+01,2.248252e+01,2.248939e+01,2.247566e+01,2.249625e+01,2.253055e+01,2.252369e+01,2.240015e+01,2.240702e+01,2.197349e+01,2.146191e+01,2.121905e+01,2.129544e+01,2.132320e+01,2.126767e+01,2.128850e+01,2.133014e+01,2.146191e+01,2.148270e+01,2.148963e+01,2.153812e+01,2.143419e+01,2.155890e+01,2.160735e+01,2.163503e+01,2.163503e+01,2.171111e+01,2.164887e+01,2.178022e+01,2.175949e+01,2.191831e+01,2.179404e+01,2.186310e+01,2.181476e+01,2.167654e+01,2.170420e+01,2.177332e+01,2.175949e+01,2.163503e+01,2.175258e+01,2.179404e+01,2.163503e+01,2.178022e+01,2.166962e+01,2.185620e+01,2.181476e+01,2.188381e+01,2.186310e+01,2.189761e+01,2.191141e+01,2.187000e+01,2.191141e+01,2.190451e+01,2.195280e+01,2.196660e+01,2.194591e+01,2.196660e+01,2.206310e+01,2.208377e+01,2.202176e+01,2.210443e+01,2.209755e+01,2.211132e+01,2.212509e+01,2.221457e+01,2.213886e+01,2.218705e+01,2.199418e+01,2.179404e+01,2.178713e+01,2.173185e+01,2.182858e+01,2.173185e+01,2.176641e+01,2.182858e+01,2.185620e+01,2.181476e+01,2.191141e+01,2.181476e+01,2.182167e+01,2.191831e+01,2.185620e+01,2.186310e+01,2.187691e+01,2.185620e+01,2.182167e+01,2.181476e+01,2.181476e+01,2.180786e+01,2.183548e+01,2.189761e+01,2.183548e+01,2.180095e+01,2.177332e+01,2.184239e+01,2.181476e+01,2.180786e+01,2.191831e+01,2.174567e+01,2.172494e+01,2.185620e+01,2.174567e+01,2.169037e+01,2.163503e+01,2.171111e+01,2.169728e+01,2.170420e+01,2.176641e+01,2.181476e+01,2.193901e+01,2.191141e+01,2.183548e+01,2.171802e+01,2.188381e+01,2.190451e+01,2.186310e+01,2.187000e+01,2.189761e+01,2.180786e+01,2.185620e+01,2.179404e+01,2.197349e+01,2.195280e+01,2.180095e+01,2.183548e+01,2.171802e+01,2.182167e+01,2.178713e+01,2.175949e+01,2.187691e+01,2.157274e+01,2.160735e+01,2.166270e+01,2.165579e+01,2.164887e+01,2.175949e+01,2.174567e+01,2.180786e+01,2.181476e+01,2.174567e+01,2.167654e+01,2.180786e+01,2.165579e+01,2.176641e+01,2.168345e+01,2.160043e+01,2.173185e+01,2.159351e+01,2.155197e+01,2.163503e+01,2.173185e+01,2.164195e+01,2.158659e+01,2.163503e+01,2.155197e+01,2.148270e+01,2.153119e+01,2.162811e+01,2.169728e+01,2.179404e+01,2.198729e+01,2.213886e+01,2.230396e+01,2.213886e+01,2.220769e+01,2.233146e+01,2.229022e+01,2.246194e+01,2.249625e+01,2.233833e+01,2.234520e+01,2.240702e+01,2.243448e+01,2.236581e+01,2.241389e+01,2.246194e+01,2.253741e+01,2.242075e+01,2.241389e+01,2.255798e+01,2.255112e+01,2.237268e+01,2.246194e+01,2.250311e+01,2.249625e+01,2.253741e+01,2.253741e+01,2.250997e+01,2.250997e+01,2.248939e+01,2.248939e+01,2.236581e+01,2.240702e+01,2.252369e+01,2.247566e+01,2.254426e+01,2.257169e+01,2.256483e+01,2.247566e+01,2.256483e+01,2.246194e+01,2.250311e+01,2.241389e+01,2.246194e+01,2.238642e+01,2.245507e+01,2.259225e+01,2.245507e+01,2.257169e+01,2.242075e+01,2.238642e+01,2.255112e+01,2.259225e+01,2.238642e+01,2.238642e+01,2.242075e+01,2.253741e+01,2.243448e+01,2.243448e+01,2.234520e+01,2.251683e+01,2.235207e+01,2.237955e+01,2.239328e+01,2.240015e+01,2.223520e+01,2.236581e+01,2.240015e+01,2.227647e+01,2.250311e+01,2.239328e+01,2.230396e+01,2.230396e+01,2.219393e+01,2.230396e+01,2.220081e+01,2.206999e+01,2.215263e+01,2.218016e+01,2.209755e+01,2.213198e+01,2.217328e+01,2.203554e+01,2.212509e+01,2.206310e+01,2.207688e+01,2.208377e+01,2.202176e+01,2.197349e+01,2.193901e+01,2.201486e+01,2.202176e+01,2.198039e+01,2.198729e+01,2.206310e+01,2.205621e+01,2.205621e+01,2.196660e+01,2.197349e+01,2.189761e+01,2.197349e+01,2.189761e+01,2.194591e+01,2.200107e+01,2.182167e+01,2.195280e+01,2.197349e+01,2.196660e+01,2.189761e+01,2.193211e+01,2.196660e+01,2.193901e+01,2.195280e+01,2.195970e+01,2.189071e+01,2.187691e+01,2.195970e+01,2.198039e+01,2.196660e+01,2.198729e+01,2.197349e+01,2.193901e+01,2.187691e+01,2.202865e+01,2.196660e+01,2.191831e+01,2.220081e+01,2.182858e+01,2.180786e+01,2.193211e+01,2.182167e+01,2.187000e+01,2.206999e+01,2.199418e+01,2.188381e+01,2.191831e+01,2.190451e+01,2.189761e+01,2.189071e+01,2.185620e+01,2.184929e+01,2.177332e+01,2.180095e+01,2.182858e+01,2.166270e+01
2.223520e+01,2.222145e+01,2.217328e+01,2.214575e+01,2.205621e+01,2.222145e+01,2.217328e+01,2.221457e+01,2.214575e+01,2.218705e+01,2.218705e+01,2.222833e+01,2.223520e+01,2.223520e+01,2.222145e+01,2.226271e+01,2.218705e+01,2.219393e+01,2.217328e+01,2.218016e+01,2.222145e+01,2.221457e+01,2.224896e+01,2.227647e+01,2.223520e+01,2.222833e+01,2.218016e+01,2.224896e+01,2.224208e+01,2.225584e+01,2.224208e+01,2.222833e+01,2.240015e+01,2.237268e+01,2.236581e+01,2.236581e+01,2.235894e+01,2.233833e+01,2.237955e+01,2.242762e+01,2.235207e+01,2.247566e+01,2.238642e+01,2.240015e+01,2.242762e+01,2.242762e+01,2.247566e+01,2.239328e+01,2.244821e+01,2.245507e+01,2.248939e+01,2.244821e+01,2.248252e+01,2.251683e+01,2.250311e+01,2.257169e+01,2.249625e+01,2.246194e+01,2.253741e+01,2.248252e+01,2.255798e+01,2.246880e+01,2.256483e+01,2.248939e+01,2.250311e+01,2.257854e+01,2.261967e+01,2.262652e+01,2.253055e+01,2.250311e+01,2.240015e+01,2.247566e+01,2.254426e+01,2.259911e+01,2.256483e+01,2.261282e+01,2.253741e+01,2.252369e+01,2.248252e+01,2.253741e+01,2.256483e+01,2.250311e+01,2.253055e+01,2.255112e+01,2.255798e+01,2.256483e+01,2.249625e+01,2.249625e+01,2.253055e+01,2.246880e+01,2.250311e+01,2.248252e+01,2.245507e+01,2.247566e+01,2.236581e+01,2.234520e+01,2.228334e+01,2.230396e+01,2.225584e+01,2.224896e+01,2.218705e+01,2.224896e+01,2.222833e+01,2.218016e+01,2.225584e+01,2.225584e+01,2.217328e+01,2.217328e+01,2.212509e+01,2.214575e+01,2.214575e+01,2.222145e+01,2.212509e+01,2.221457e+01,2.233146e+01,2.214575e+01,2.210443e+01,2.222833e+01,2.217328e+01,2.217328e+01,2.215263e+01,2.227647e+01,2.220769e+01,2.221457e+01,2.221457e+01,2.215952e+01,2.228334e+01,2.225584e+01,2.233146e+01,2.222833e+01,2.222833e+01,2.224896e+01,2.246194e+01,2.229022e+01,2.235207e+01,2.237268e+01,2.238642e+01,2.229022e+01,2.237268e+01,2.242762e+01,2.232458e+01,2.238642e+01,2.237955e+01,2.235207e+01,2.235207e+01,2.233833e+01,2.213886e+01,2.236581e+01,2.239328e+01,2.242762e+01,2.241389e+01,2.244821e+01,2.233833e+01,2.237268e+01,2.240702e+01,2.241389e+01,2.240702e+01,2.249625e+01,2.244135e+01,2.240015e+01,2.238642e+01,2.240015e+01,2.239328e+01,2.242075e+01,2.240015e+01,2.247566e+01,2.244821e+01,2.242075e+01,2.244821e+01,2.242762e+01,2.254426e+01,2.246194e+01,2.245507e+01,2.244135e+01,2.244135e+01,2.241389e+01,2.237955e+01,2.246880e+01,2.237268e+01,2.246880e+01,2.229022e+01,2.229022e+01,2.229022e+01,2.233146e+01,2.236581e+01,2.251683e+01,2.234520e+01,2.234520e+01,2.235207e+01,2.233833e+01,2.233833e+01,2.234520e+01,2.233833e+01,2.233833e+01,2.237955e+01,2.245507e+01,2.233833e+01,2.231771e+01,2.234520e+01,2.231771e+01,2.235207e+01,2.234520e+01,2.240015e+01,2.230396e+01,2.233146e+01,2.235894e+01,2.220081e+01,2.230396e+01,2.234520e+01,2.238642e+01,2.235894e+01,2.235207e+01,2.235894e+01,2.231771e+01,2.233146e+01,2.235894e+01,2.237268e+01,2.231771e+01,2.233146e+01,2.236581e+01,2.225584e+01,2.224896e+01,2.239328e+01,2.242762e+01,2.226271e+01,2.244821e+01,2.240015e+01,2.242762e+01,2.242762e+01,2.244821e+01,2.235207e+01,2.235894e+01,2.242075e+01,2.239328e+01,2.250311e+01,2.239328e+01,2.244821e+01,2.243448e+01,2.244821e+01,2.244821e+01,2.235207e+01,2.242762e+01,2.243448e+01,2.237268e+01,2.241389e+01,2.244821e+01,2.242762e+01,2.240015e+01,2.242075e+01,2.242762e+01,2.240702e+01,2.235894e+01,2.236581e+01,2.243448e+01,2.246194e+01,2.246880e+01,2.233833e+01,2.255798e+01,2.240702e+01,2.242075e+01,2.250311e+01,2.244821e+01,2.245507e+01,2.243448e+01,2.250311e+01,2.247566e+01,2.251683e+01,2.251683e+01,2.250311e+01,2.250997e+01,2.241389e+01,2.245507e+01,2.246880e+01,2.251683e+01,2.252369e+01,2.240015e+01,2.242075e+01,2.233146e+01,2.255112e+01,2.250997e+01,2.252369e+01,2.249625e+01,2.250997e+01,2.255798e+01,2.257854e+01,2.245507e+01,2.255112e+01,2.255112e+01,2.252369e+01,2.252369e+01,2.246194e+01,2.254426e+01,2.255112e+01,2.255112e+01,2.228334e+01,2.206999e+01,2.173185e+01,2.169728e+01,2.169728e+01,2.167654e+01,2.173185e+01,2.184929e+01,2.178022e+01,2.171111e+01,2.169728e+01,2.175949e+01,2.176641e+01,2.175949e+01,2.187691e+01,2.175258e+01,2.179404e+01,2.182858e+01,2.183548e+01,2.171802e+01,2.181476e+01,2.170420e+01,2.178022e+01,2.174567e+01,2.182167e+01,2.179404e+01,2.178022e+01,2.172494e+01,2.176641e+01,2.174567e+01,2.175258e+01,2.174567e+01,2.170420e+01,2.171802e+01,2.174567e+01,2.208377e+01,2.231084e+01,2.244135e+01,2.244821e+01,2.253741e+01,2.250311e+01,2.250311e+01,2.253741e+01,2.257854e+01,2.245507e+01,2.241389e+01,2.241389e+01,2.251683e+01,2.238642e+01,2.248252e+01,2.234520e+01,2.178022e+01,2.133708e+01,2.130932e+01,2.130932e+01,2.135790e+01,2.139258e+01,2.141339e+01,2.146191e+01,2.137871e+01,2.146191e+01,2.156582e+01,2.159351e+01,2.150349e+01,2.161427e+01,2.154505e+01,2.159351e+01,2.173185e+01,2.175949e+01,2.178022e+01,2.180786e+01,2.179404e+01,2.179404e+01,2.181476e+01,2.178022e+01,2.180095e+01,2.171802e+01,2.170420e+01,2.162811e+01,2.162811e+01,2.171802e+01,2.166962e+01,2.178022e+01,2.170420e+01,2.173876e+01,2.178022e+01,2.182858e+01,2.177332e+01,2.187691e+01,2.184929e+01,2.183548e+01,2.189761e+01,2.195280e+01,2.193901e+01,2.189761e+01,2.191831e+01,2.196660e+01,2.200107e+01,2.203554e+01,2.205621e+01,2.213886e+01,2.211132e+01,2.215952e+01,2.215263e+01,2.209755e+01,2.220081e+01,2.213198e+01,2.200107e+01,2.198039e+01,2.182858e+01,2.185620e+01,2.174567e+01,2.180786e+01,2.174567e+01,2.178713e+01,2.178713e+01,2.179404e+01,2.181476e+01,2.183548e+01,2.182167e+01,2.185620e+01,2.187691e+01,2.189071e+01,2.186310e+01,2.170420e+01,2.184239e+01,2.178713e+01,2.183548e+01,2.187000e+01,2.184929e+01,2.184239e+01,2.182858e+01,2.181476e+01,2.179404e+01,2.177332e+01,2.178022e+01,2.177332e+01,2.182167e+01,2.176641e+01,2.178022e+01,2.174567e+01,2.171111e+01,2.176641e+01,2.177332e+01,2.177332e+01,2.171111e+01,2.171111e+01,2.181476e+01,2.184239e+01,2.191141e+01,2.187000e+01,2.198039e+01,2.173876e+01,2.196660e+01,2.171111e+01,2.187000e+01,2.184929e+01,2.180095e+01,2.186310e+01,2.189071e+01,2.187000e+01,2.179404e+01,2.185620e+01,2.176641e+01,2.179404e+01,2.191831e+01,2.173876e+01,2.175949e+01,2.171111e+01,2.177332e+01,2.162811e+01,2.157274e+01,2.154505e+01,2.145498e+01,2.157967e+01,2.181476e+01,2.182167e+01,2.169728e+01,2.179404e+01,2.174567e+01,2.185620e+01,2.170420e+01,2.171802e+01,2.174567e+01,2.179404e+01,2.174567e+01,2.157274e+01,2.167654e+01,2.163503e+01,2.159351e+01,2.149656e+01,2.161427e+01,2.162119e+01,2.164195e+01,2.161427e+01,2.166962e+01,2.187691e+01,2.169728e+01,2.198729e+01,2.199418e+01,2.209066e+01,2.213198e+01,2.218705e+01,2.233146e+01,2.215263e+01,2.231771e+01,2.238642e+01,2.248939e+01,2.224208e+01,2.231084e+01,2.239328e+01,2.235894e+01,2.236581e+01,2.242762e+01,2.244821e+01,2.243448e+01,2.243448e+01,2.244135e+01,2.252369e+01,2.240015e+01,2.257169e+01,2.251683e+01,2.247566e+01,2.250997e+01,2.254426e+01,2.251683e+01,2.251683e+01,2.248252e+01,2.252369e+01,2.249625e+01,2.250997e+01,2.254426e+01,2.250311e+01,2.240702e+01,2.257854e+01,2.253741e+01,2.257169e+01,2.251683e+01,2.255112e+01,2.256483e+01,2.248252e+01,2.254426e+01,2.253055e+01,2.244135e+01,2.261282e+01,2.240702e+01,2.240015e+01,2.240702e+01,2.249625e+01,2.245507e+01,2.256483e+01,2.243448e+01,2.247566e+01,2.242075e+01,2.242075e+01,2.255798e+01,2.247566e+01,2.250311e+01,2.243448e+01,2.236581e+01,2.239328e+01,2.237268e+01,2.238642e+01,2.243448e+01,2.243448e+01,2.240702e+01,2.244821e+01,2.248939e+01,2.244821e+01,2.231771e+01,2.234520e+01,2.213198e+01,2.233833e+01,2.220769e+01,2.229709e+01,2.224896e+01,2.226959e+01,2.212509e+01,2.214575e+01,2.213198e+01,2.206999e+01,2.213198e+01,2.221457e+01,2.211132e+01,2.215263e+01,2.211821e+01,2.200107e+01,2.213198e+01,2.205621e+01,2.200797e+01,2.184929e+01,2.200107e+01,2.192521e+01,2.204243e+01,2.203554e+01,2.204243e+01,2.191831e+01,2.204932e+01,2.198039e+01,2.200797e+01,2.191141e+01,2.190451e+01,2.200107e+01,2.199418e+01,2.194591e+01,2.189071e+01,2.199418e+01,2.198729e+01,2.184929e+01,2.199418e+01,2.194591e+01,2.195280e+01,2.192521e+01,2.182858e+01,2.199418e+01,2.186310e+01,2.194591e+01,2.196660e+01,2.196660e+01,2.198729e+01,2.199418e+01,2.204243e+01,2.187000e+01,2.201486e+01,2.203554e+01,2.198039e+01,2.198729e+01,2.200107e+01,2.199418e+01,2.204243e+01,2.203554e+01,2.193901e+01,2.201486e+01,2.189071e+01,2.188381e+01,2.198039e+01,2.181476e+01,2.182167e+01,2.180095e+01,2.186310e+01,2.182858e+01,2.189071e+01,2.186310e+01,2.183548e+01,2.189761e+01,2.189761e+01
2.220769e+01,2.222145e+01,2.220081e+01,2.221457e+01,2.220081e+01,2.221457e+01,2.224896e+01,2.221457e+01,2.213198e+01,2.215952e+01,2.203554e+01,2.218705e+01,2.220769e+01,2.226271e+01,2.220081e+01,2.229709e+01,2.218016e+01,2.219393e+01,2.224208e+01,2.218705e+01,2.216640e+01,2.222145e+01,2.239328e+01,2.213886e+01,2.226271e+01,2.228334e+01,2.227647e+01,2.227647e+01,2.237955e+01,2.230396e+01,2.228334e+01,2.234520e+01,2.238642e+01,2.240702e+01,2.239328e+01,2.242075e+01,2.240015e+01,2.235207e+01,2.238642e+01,2.238642e+01,2.236581e+01,2.247566e+01,2.246194e+01,2.253055e+01,2.242762e+01,2.242075e+01,2.250997e+01,2.235894e+01,2.245507e+01,2.246880e+01,2.248252e+01,2.248252e+01,2.237955e+01,2.248252e+01,2.248939e+01,2.251683e+01,2.249625e+01,2.247566e+01,2.259225e+01,2.250997e+01,2.259225e+01,2.253055e+01,2.255112e+01,2.249625e+01,2.256483e+01,2.252369e+01,2.259225e+01,2.266763e+01,2.251683e+01,2.255798e+01,2.250311e+01,2.270187e+01,2.262652e+01,2.264708e+01,2.253055e+01,2.262652e+01,2.264708e+01,2.254426e+01,2.260596e+01,2.255798e+01,2.257169e+01,2.256483e+01,2.244135e+01,2.255798e+01,2.257854e+01,2.254426e+01,2.258540e+01,2.246880e+01,2.248939e+01,2.243448e+01,2.250311e+01,2.249625e+01,2.250997e+01,2.235894e+01,2.248939e+01,2.238642e+01,2.233833e+01,2.235894e+01,2.228334e+01,2.231771e+01,2.223520e+01,2.235207e+01,2.230396e+01,2.226959e+01,2.222833e+01,2.217328e+01,2.217328e+01,2.222145e+01,2.233146e+01,2.221457e+01,2.215952e+01,2.220769e+01,2.220769e+01,2.219393e+01,2.222145e+01,2.224896e+01,2.222833e+01,2.219393e+01,2.224208e+01,2.218016e+01,2.222833e+01,2.217328e+01,2.226271e+01,2.216640e+01,2.218705e+01,2.230396e+01,2.225584e+01,2.224896e+01,2.224896e+01,2.226959e+01,2.225584e+01,2.249625e+01,2.248252e+01,2.226271e+01,2.233146e+01,2.225584e+01,2.242075e+01,2.240015e+01,2.235894e+01,2.231084e+01,2.230396e+01,2.238642e+01,2.233146e+01,2.239328e+01,2.243448e+01,2.234520e+01,2.237268e+01,2.242762e+01,2.242075e+01,2.242762e+01,2.242762e+01,2.242762e+01,2.237955e+01,2.240702e+01,2.242075e+01,2.241389e+01,2.244135e+01,2.241389e+01,2.242075e+01,2.243448e+01,2.240702e+01,2.241389e+01,2.242075e+01,2.240702e+01,2.246194e+01,2.241389e+01,2.243448e+01,2.244135e+01,2.242762e+01,2.240702e+01,2.240015e+01,2.239328e+01,2.242762e+01,2.247566e+01,2.246194e+01,2.246880e+01,2.249625e+01,2.253055e+01,2.242762e+01,2.240015e+01,2.239328e+01,2.236581e+01,2.246194e+01,2.244821e+01,2.239328e+01,2.237268e+01,2.234520e+01,2.248252e+01,2.239328e+01,2.235894e+01,2.234520e+01,2.234520e+01,2.237955e+01,2.237955e+01,2.239328e+01,2.235894e+01,2.252369e+01,2.235207e+01,2.234520e+01,2.234520e+01,2.237955e+01,2.236581e+01,2.248252e+01,2.235894e+01,2.239328e+01,2.234520e+01,2.233833e+01,2.240015e+01,2.233833e+01,2.240702e+01,2.253055e+01,2.237955e+01,2.244821e+01,2.235894e+01,2.246194e+01,2.232458e+01,2.233833e+01,2.240702e+01,2.234520e+01,2.236581e+01,2.231771e+01,2.243448e+01,2.240702e+01,2.240702e+01,2.237955e+01,2.245507e+01,2.243448e+01,2.241389e+01,2.238642e+01,2.248252e+01,2.237955e+01,2.235894e+01,2.248252e+01,2.238642e+01,2.240702e+01,2.250311e+01,2.242762e+01,2.245507e+01,2.244821e+01,2.246194e+01,2.242762e+01,2.246880e+01,2.248939e+01,2.245507e+01,2.240702e+01,2.240702e+01,2.241389e+01,2.240015e+01,2.240702e+01,2.237955e+01,2.245507e+01,2.239328e+01,2.250997e+01,2.250311e+01,2.240015e+01,2.246880e+01,2.244821e+01,2.261282e+01,2.253055e+01,2.267447e+01,2.244135e+01,2.246880e+01,2.245507e+01,2.245507e+01,2.253055e+01,2.248252e+01,2.250997e+01,2.249625e+01,2.248939e+01,2.251683e+01,2.255112e+01,2.250997e+01,2.253741e+01,2.242762e+01,2.250997e+01,2.254426e+01,2.250311e+01,2.259225e+01,2.257854e+01,2.250311e+01,2.253055e+01,2.253741e+01,2.252369e+01,2.258540e+01,2.228334e+01,2.251683e+01,2.254426e+01,2.253055e+01,2.249625e+01,2.249625e+01,2.255798e+01,2.253055e+01,2.244135e+01,2.237268e+01,2.217328e+01,2.176641e+01,2.164887e+01,2.180786e+01,2.176641e+01,2.180095e+01,2.180095e+01,2.172494e+01,2.182167e+01,2.184239e+01,2.187691e+01,2.185620e+01,2.187691e+01,2.182858e+01,2.192521e+01,2.184239e+01,2.182167e+01,2.179404e+01,2.188381e+01,2.180786e+01,2.182858e+01,2.175949e+01,2.191831e+01,2.180095e+01,2.179404e+01,2.200797e+01,2.182167e+01,2.187000e+01,2.204243e+01,2.177332e+01,2.185620e+01,2.187691e+01,2.189071e+01,2.191831e+01,2.179404e+01,2.181476e+01,2.206999e+01,2.248252e+01,2.250311e+01,2.244821e+01,2.243448e+01,2.252369e+01,2.252369e+01,2.235207e+01,2.253055e+01,2.252369e+01,2.246194e+01,2.242075e+01,2.237955e+01,2.249625e+01,2.229022e+01,2.215952e+01,2.165579e+01,2.130932e+01,2.128850e+01,2.126072e+01,2.135096e+01,2.137871e+01,2.146191e+01,2.145498e+01,2.146884e+01,2.145498e+01,2.149656e+01,2.154505e+01,2.161427e+01,2.160043e+01,2.171111e+01,2.167654e+01,2.174567e+01,2.179404e+01,2.178713e+01,2.175258e+01,2.190451e+01,2.175258e+01,2.185620e+01,2.185620e+01,2.174567e+01,2.174567e+01,2.175949e+01,2.178022e+01,2.168345e+01,2.168345e+01,2.169728e+01,2.177332e+01,2.166270e+01,2.178713e+01,2.182167e+01,2.182858e+01,2.189761e+01,2.187691e+01,2.189761e+01,2.191141e+01,2.195970e+01,2.197349e+01,2.187691e+01,2.188381e+01,2.193211e+01,2.202865e+01,2.213198e+01,2.214575e+01,2.214575e+01,2.211821e+01,2.212509e+01,2.213886e+01,2.211132e+01,2.213198e+01,2.218016e+01,2.213886e+01,2.194591e+01,2.184929e+01,2.179404e+01,2.175258e+01,2.178022e+01,2.180095e+01,2.178713e+01,2.178022e+01,2.186310e+01,2.181476e+01,2.183548e+01,2.193901e+01,2.194591e+01,2.185620e+01,2.185620e+01,2.189761e+01,2.191141e+01,2.182858e+01,2.173876e+01,2.182858e+01,2.188381e+01,2.184239e+01,2.192521e+01,2.187000e+01,2.183548e+01,2.183548e+01,2.182858e+01,2.177332e+01,2.178713e+01,2.187691e+01,2.194591e+01,2.193211e+01,2.181476e+01,2.178713e+01,2.179404e+01,2.171802e+01,2.171802e+01,2.170420e+01,2.198729e+01,2.179404e+01,2.184239e+01,2.186310e+01,2.183548e+01,2.174567e+01,2.174567e+01,2.179404e+01,2.182858e+01,2.182858e+01,2.184929e+01,2.186310e+01,2.189071e+01,2.188381e+01,2.178713e+01,2.179404e+01,2.180786e+01,2.171802e+01,2.178022e+01,2.162119e+01,2.163503e+01,2.170420e+01,2.177332e+01,2.169728e+01,2.163503e+01,2.145498e+01,2.162811e+01,2.161427e+01,2.168345e+01,2.179404e+01,2.180786e+01,2.176641e+01,2.187691e+01,2.176641e+01,2.196660e+01,2.180095e+01,2.180786e+01,2.167654e+01,2.166270e+01,2.160735e+01,2.169037e+01,2.166270e+01,2.157274e+01,2.162119e+01,2.160735e+01,2.164887e+01,2.166270e+01,2.156582e+01,2.170420e+01,2.183548e+01,2.169728e+01,2.193901e+01,2.193901e+01,2.203554e+01,2.206310e+01,2.231084e+01,2.223520e+01,2.217328e+01,2.217328e+01,2.230396e+01,2.239328e+01,2.221457e+01,2.237268e+01,2.231771e+01,2.246880e+01,2.246880e+01,2.254426e+01,2.246880e+01,2.248939e+01,2.250997e+01,2.247566e+01,2.246880e+01,2.248252e+01,2.249625e+01,2.259225e+01,2.247566e+01,2.254426e+01,2.254426e+01,2.252369e+01,2.253055e+01,2.250997e+01,2.255112e+01,2.252369e+01,2.254426e+01,2.253055e+01,2.254426e+01,2.251683e+01,2.253741e+01,2.261282e+01,2.255798e+01,2.249625e+01,2.250997e+01,2.251683e+01,2.256483e+01,2.256483e+01,2.251683e+01,2.251683e+01,2.246880e+01,2.240702e+01,2.253741e+01,2.246880e+01,2.242075e+01,2.255798e+01,2.244135e+01,2.257854e+01,2.243448e+01,2.243448e+01,2.252369e+01,2.250311e+01,2.248252e+01,2.243448e+01,2.250311e+01,2.253055e+01,2.253055e+01,2.251683e+01,2.234520e+01,2.236581e+01,2.252369e+01,2.247566e+01,2.244135e+01,2.244821e+01,2.234520e+01,2.244135e+01,2.235207e+01,2.223520e+01,2.237268e+01,2.218016e+01,2.224208e+01,2.217328e+01,2.225584e+01,2.213886e+01,2.213886e+01,2.219393e+01,2.218016e+01,2.209755e+01,2.209066e+01,2.206999e+01,2.206310e+01,2.204243e+01,2.201486e+01,2.215263e+01,2.215263e+01,2.211132e+01,2.204243e+01,2.220081e+01,2.218705e+01,2.204932e+01,2.205621e+01,2.205621e+01,2.205621e+01,2.200107e+01,2.198729e+01,2.189071e+01,2.195970e+01,2.201486e+01,2.195970e+01,2.193211e+01,2.191831e+01,2.180095e+01,2.197349e+01,2.190451e+01,2.192521e+01,2.192521e+01,2.185620e+01,2.198039e+01,2.194591e+01,2.187691e+01,2.193901e+01,2.191831e+01,2.191831e+01,2.188381e+01,2.194591e+01,2.188381e+01,2.197349e+01,2.202865e+01,2.187691e+01,2.223520e+01,2.200797e+01,2.196660e+01,2.196660e+01,2.202176e+01,2.191831e+01,2.198039e+01,2.195970e+01,2.194591e+01,2.186310e+01,2.191831e+01,2.187691e+01,2.188381e+01,2.191141e+01,2.200797e+01,2.182167e+01,2.191141e+01,2.185620e+01,2.187000e+01,2.187691e+01,2.193211e+01,2.189761e+01,2.190451e+01,2.193211e+01
2.219393e+01,2.210443e+01,2.224896e+01,2.222145e+01,2.222833e+01,2.235207e+01,2.218705e+01,2.224896e+01,2.216640e+01,2.222145e+01,2.219393e+01,2.222145e+01,2.217328e+01,2.220769e+01,2.216640e+01,2.233146e+01,2.224896e+01,2.222833e+01,2.224896e+01,2.216640e+01,2.222833e+01,2.222833e+01,2.240015e+01,2.213198e+01,2.226271e+01,2.223520e+01,2.228334e+01,2.224896e+01,2.233146e+01,2.220081e+01,2.225584e+01,2.239328e+01,2.240702e+01,2.228334e+01,2.230396e+01,2.240015e+01,2.235207e+01,2.237268e+01,2.240702e+01,2.233146e+01,2.240702e+01,2.250997e+01,2.233146e+01,2.247566e+01,2.240015e+01,2.235894e+01,2.250997e+01,2.250997e+01,2.240015e+01,2.236581e+01,2.243448e+01,2.249625e+01,2.233833e+01,2.242762e+01,2.254426e+01,2.244135e+01,2.247566e+01,2.248939e+01,2.255112e+01,2.247566e+01,2.248939e+01,2.245507e+01,2.245507e+01,2.246880e+01,2.261967e+01,2.264022e+01,2.269502e+01,2.247566e+01,2.247566e+01,2.251683e+01,2.260596e+01,2.250997e+01,2.266763e+01,2.261967e+01,2.265392e+01,2.262652e+01,2.259225e+01,2.257169e+01,2.256483e+01,2.241389e+01,2.246880e+01,2.257854e+01,2.248252e+01,2.255798e+01,2.246194e+01,2.261282e+01,2.251683e+01,2.251683e+01,2.252369e+01,2.255112e+01,2.248252e+01,2.255112e+01,2.248939e+01,2.241389e+01,2.239328e+01,2.235207e+01,2.237268e+01,2.237955e+01,2.224208e+01,2.241389e+01,2.219393e+01,2.218705e+01,2.224896e+01,2.224208e+01,2.218705e+01,2.213886e+01,2.220081e+01,2.213198e+01,2.210443e+01,2.220081e+01,2.226959e+01,2.222833e+01,2.218016e+01,2.220081e+01,2.224208e+01,2.221457e+01,2.224896e+01,2.213198e+01,2.218016e+01,2.221457e+01,2.226271e+01,2.227647e+01,2.214575e+01,2.226271e+01,2.219393e+01,2.237268e+01,2.224896e+01,2.217328e+01,2.225584e+01,2.227647e+01,2.223520e+01,2.222833e+01,2.228334e+01,2.244135e+01,2.232458e+01,2.233833e+01,2.236581e+01,2.230396e+01,2.227647e+01,2.237268e+01,2.225584e+01,2.237955e+01,2.235207e+01,2.242075e+01,2.241389e+01,2.237955e+01,2.237268e+01,2.239328e+01,2.242075e+01,2.239328e+01,2.239328e+01,2.241389e+01,2.242075e+01,2.241389e+01,2.238642e+01,2.246194e+01,2.237268e+01,2.231771e+01,2.233833e+01,2.242075e+01,2.238642e+01,2.240015e+01,2.248252e+01,2.245507e+01,2.242075e+01,2.243448e+01,2.244821e+01,2.242762e+01,2.240015e+01,2.242762e+01,2.244821e+01,2.241389e+01,2.240015e+01,2.238642e+01,2.248252e+01,2.237955e+01,2.254426e+01,2.241389e+01,2.242762e+01,2.235894e+01,2.237955e+01,2.239328e+01,2.226959e+01,2.235207e+01,2.240702e+01,2.235894e+01,2.235207e+01,2.235207e+01,2.237268e+01,2.249625e+01,2.235894e+01,2.237268e+01,2.236581e+01,2.237268e+01,2.240702e+01,2.234520e+01,2.235207e+01,2.229709e+01,2.237955e+01,2.228334e+01,2.252369e+01,2.239328e+01,2.237268e+01,2.240015e+01,2.239328e+01,2.237268e+01,2.239328e+01,2.242075e+01,2.235207e+01,2.234520e+01,2.242762e+01,2.235207e+01,2.237268e+01,2.239328e+01,2.240015e+01,2.237268e+01,2.238642e+01,2.239328e+01,2.239328e+01,2.231084e+01,2.233146e+01,2.233146e+01,2.240015e+01,2.233833e+01,2.241389e+01,2.237955e+01,2.241389e+01,2.244821e+01,2.247566e+01,2.243448e+01,2.237268e+01,2.244135e+01,2.248939e+01,2.241389e+01,2.242075e+01,2.246880e+01,2.239328e+01,2.245507e+01,2.248939e+01,2.242762e+01,2.250311e+01,2.244135e+01,2.248252e+01,2.240015e+01,2.241389e+01,2.245507e+01,2.237268e+01,2.241389e+01,2.237955e+01,2.239328e+01,2.238642e+01,2.240702e+01,2.241389e+01,2.246194e+01,2.247566e+01,2.254426e+01,2.252369e+01,2.248252e+01,2.245507e+01,2.251683e+01,2.240702e+01,2.244821e+01,2.252369e+01,2.233833e+01,2.250997e+01,2.250997e+01,2.242762e+01,2.248939e+01,2.242075e+01,2.254426e+01,2.254426e+01,2.253741e+01,2.237268e+01,2.250311e+01,2.250997e+01,2.242075e+01,2.244821e+01,2.248252e+01,2.259225e+01,2.255798e+01,2.251683e+01,2.253741e+01,2.252369e+01,2.250997e+01,2.254426e+01,2.253741e+01,2.253055e+01,2.251683e+01,2.252369e+01,2.247566e+01,2.253741e+01,2.253741e+01,2.248939e+01,2.231771e+01,2.195970e+01,2.176641e+01,2.171802e+01,2.180095e+01,2.175949e+01,2.180095e+01,2.183548e+01,2.183548e+01,2.178022e+01,2.184239e+01,2.181476e+01,2.184239e+01,2.183548e+01,2.193211e+01,2.193901e+01,2.182167e+01,2.191141e+01,2.186310e+01,2.184239e+01,2.190451e+01,2.178022e+01,2.177332e+01,2.196660e+01,2.178713e+01,2.176641e+01,2.185620e+01,2.184929e+01,2.186310e+01,2.180786e+01,2.179404e+01,2.176641e+01,2.179404e+01,2.184929e+01,2.169037e+01,2.171802e+01,2.171802e+01,2.188381e+01,2.208377e+01,2.237955e+01,2.250997e+01,2.249625e+01,2.244821e+01,2.254426e+01,2.238642e+01,2.237955e+01,2.240702e+01,2.240702e+01,2.244821e+01,2.239328e+01,2.237268e+01,2.226271e+01,2.226959e+01,2.184929e+01,2.132320e+01,2.128850e+01,2.143419e+01,2.143419e+01,2.132320e+01,2.139258e+01,2.131626e+01,2.146884e+01,2.152427e+01,2.149656e+01,2.149656e+01,2.152427e+01,2.151734e+01,2.152427e+01,2.167654e+01,2.168345e+01,2.160043e+01,2.180786e+01,2.180786e+01,2.178713e+01,2.180786e+01,2.178713e+01,2.191141e+01,2.175258e+01,2.171111e+01,2.172494e+01,2.162811e+01,2.171802e+01,2.164887e+01,2.162811e+01,2.179404e+01,2.160043e+01,2.169037e+01,2.179404e+01,2.184929e+01,2.183548e+01,2.184929e+01,2.184929e+01,2.187000e+01,2.203554e+01,2.200107e+01,2.190451e+01,2.188381e+01,2.196660e+01,2.204243e+01,2.211132e+01,2.213198e+01,2.215263e+01,2.212509e+01,2.208377e+01,2.209066e+01,2.215263e+01,2.193901e+01,2.198729e+01,2.201486e+01,2.195970e+01,2.185620e+01,2.174567e+01,2.182167e+01,2.178022e+01,2.179404e+01,2.180095e+01,2.187000e+01,2.178022e+01,2.180786e+01,2.193211e+01,2.191141e+01,2.183548e+01,2.191831e+01,2.183548e+01,2.180095e+01,2.188381e+01,2.171111e+01,2.181476e+01,2.189761e+01,2.185620e+01,2.191831e+01,2.186310e+01,2.186310e+01,2.187000e+01,2.185620e+01,2.185620e+01,2.181476e+01,2.184239e+01,2.178022e+01,2.183548e+01,2.176641e+01,2.178713e+01,2.179404e+01,2.175949e+01,2.175258e+01,2.180095e+01,2.178022e+01,2.187000e+01,2.170420e+01,2.185620e+01,2.182858e+01,2.180786e+01,2.175258e+01,2.169728e+01,2.182858e+01,2.164887e+01,2.171111e+01,2.166962e+01,2.162119e+01,2.169037e+01,2.174567e+01,2.164195e+01,2.173185e+01,2.171111e+01,2.162811e+01,2.170420e+01,2.163503e+01,2.159351e+01,2.156582e+01,2.157274e+01,2.162119e+01,2.159351e+01,2.157274e+01,2.146884e+01,2.162811e+01,2.158659e+01,2.170420e+01,2.181476e+01,2.183548e+01,2.187000e+01,2.180095e+01,2.178713e+01,2.183548e+01,2.171802e+01,2.164195e+01,2.164887e+01,2.172494e+01,2.175258e+01,2.170420e+01,2.173185e+01,2.176641e+01,2.161427e+01,2.171802e+01,2.168345e+01,2.193211e+01,2.181476e+01,2.189071e+01,2.185620e+01,2.200797e+01,2.193901e+01,2.197349e+01,2.206999e+01,2.209066e+01,2.227647e+01,2.228334e+01,2.228334e+01,2.237268e+01,2.227647e+01,2.229022e+01,2.233146e+01,2.237955e+01,2.244135e+01,2.238642e+01,2.251683e+01,2.251683e+01,2.255112e+01,2.254426e+01,2.248252e+01,2.257169e+01,2.242762e+01,2.253741e+01,2.255112e+01,2.244821e+01,2.256483e+01,2.250311e+01,2.253741e+01,2.254426e+01,2.254426e+01,2.255112e+01,2.249625e+01,2.247566e+01,2.240015e+01,2.254426e+01,2.252369e+01,2.257854e+01,2.259225e+01,2.261967e+01,2.253055e+01,2.250311e+01,2.253055e+01,2.248252e+01,2.253055e+01,2.251683e+01,2.257169e+01,2.246194e+01,2.247566e+01,2.242762e+01,2.242762e+01,2.247566e+01,2.242762e+01,2.244135e+01,2.242075e+01,2.252369e+01,2.245507e+01,2.246194e+01,2.247566e+01,2.246194e+01,2.249625e+01,2.252369e+01,2.248252e+01,2.250997e+01,2.253055e+01,2.249625e+01,2.251683e+01,2.251683e+01,2.255112e+01,2.238642e+01,2.242075e+01,2.227647e+01,2.224208e+01,2.235207e+01,2.231084e+01,2.242075e+01,2.224208e+01,2.214575e+01,2.220769e+01,2.219393e+01,2.218016e+01,2.218705e+01,2.209066e+01,2.218705e+01,2.209066e+01,2.206999e+01,2.204243e+01,2.213886e+01,2.209755e+01,2.212509e+01,2.211132e+01,2.208377e+01,2.204932e+01,2.215952e+01,2.195970e+01,2.203554e+01,2.211821e+01,2.206310e+01,2.206999e+01,2.206310e+01,2.204243e+01,2.199418e+01,2.197349e+01,2.215263e+01,2.196660e+01,2.195280e+01,2.198039e+01,2.194591e+01,2.186310e+01,2.195970e+01,2.200797e+01,2.192521e+01,2.187000e+01,2.187691e+01,2.201486e+01,2.201486e+01,2.202176e+01,2.196660e+01,2.197349e+01,2.198729e+01,2.201486e+01,2.193901e+01,2.191141e+01,2.191831e+01,2.193211e+01,2.202176e+01,2.205621e+01,2.196660e+01,2.193211e+01,2.199418e+01,2.193901e+01,2.211132e+01,2.195280e+01,2.183548e+01,2.191831e+01,2.201486e+01,2.203554e+01,2.187000e+01,2.194591e+01,2.187000e+01,2.197349e+01,2.182167e+01,2.184929e+01,2.180786e+01,2.203554e+01,2.186310e+01,2.193901e+01,2.182858e+01,2.176641e+01,2.196660e+01
2.226959e+01,2.213198e+01,2.219393e+01,2.220769e+01,2.220081e+01,2.216640e+01,2.219393e+01,2.216640e+01,2.211821e+01,2.216640e+01,2.206310e+01,2.227647e+01,2.218705e+01,2.221457e+01,2.214575e+01,2.219393e+01,2.223520e+01,2.220081e+01,2.216640e+01,2.219393e+01,2.218016e+01,2.222833e+01,2.225584e+01,2.226959e+01,2.231084e+01,2.233146e+01,2.237955e+01,2.230396e+01,2.232458e+01,2.228334e+01,2.235894e+01,2.238642e+01,2.236581e+01,2.225584e+01,2.232458e+01,2.238642e+01,2.230396e+01,2.216640e+01,2.229022e+01,2.233146e+01,2.246194e+01,2.240015e+01,2.243448e+01,2.248939e+01,2.257169e+01,2.240702e+01,2.244135e+01,2.253055e+01,2.243448e+01,2.229709e+01,2.233146e+01,2.248939e+01,2.251683e+01,2.249625e+01,2.243448e+01,2.244821e+01,2.242762e+01,2.246194e+01,2.236581e+01,2.242075e+01,2.251683e+01,2.244821e+01,2.246880e+01,2.249625e+01,2.250311e+01,2.246194e+01,2.255112e+01,2.261967e+01,2.261282e+01,2.257854e+01,2.253741e+01,2.255798e+01,2.257169e+01,2.257169e+01,2.264022e+01,2.257169e+01,2.262652e+01,2.244135e+01,2.246880e+01,2.253055e+01,2.256483e+01,2.268132e+01,2.255112e+01,2.250311e+01,2.255112e+01,2.247566e+01,2.250311e+01,2.253055e+01,2.242762e+01,2.244135e+01,2.249625e+01,2.242075e+01,2.248252e+01,2.236581e+01,2.238642e+01,2.238642e+01,2.244821e+01,2.230396e+01,2.227647e+01,2.235894e+01,2.223520e+01,2.227647e+01,2.226271e+01,2.218705e+01,2.219393e+01,2.226959e+01,2.214575e+01,2.209755e+01,2.219393e+01,2.223520e+01,2.215263e+01,2.218016e+01,2.215952e+01,2.213198e+01,2.222145e+01,2.219393e+01,2.215952e+01,2.224208e+01,2.219393e+01,2.220769e+01,2.215263e+01,2.226271e+01,2.213886e+01,2.229022e+01,2.221457e+01,2.224896e+01,2.230396e+01,2.224896e+01,2.226271e+01,2.224208e+01,2.225584e+01,2.224208e+01,2.230396e+01,2.231771e+01,2.224896e+01,2.230396e+01,2.235207e+01,2.233833e+01,2.231771e+01,2.231771e+01,2.221457e+01,2.244135e+01,2.232458e+01,2.226959e+01,2.233146e+01,2.240015e+01,2.235894e+01,2.239328e+01,2.237955e+01,2.244821e+01,2.244821e+01,2.238642e+01,2.236581e+01,2.240015e+01,2.238642e+01,2.239328e+01,2.237268e+01,2.236581e+01,2.240702e+01,2.237268e+01,2.238642e+01,2.237955e+01,2.246194e+01,2.245507e+01,2.244135e+01,2.237268e+01,2.245507e+01,2.236581e+01,2.248252e+01,2.237955e+01,2.238642e+01,2.240702e+01,2.246880e+01,2.242075e+01,2.238642e+01,2.243448e+01,2.242762e+01,2.246880e+01,2.244135e+01,2.241389e+01,2.236581e+01,2.238642e+01,2.230396e+01,2.233833e+01,2.234520e+01,2.233833e+01,2.237268e+01,2.235894e+01,2.233146e+01,2.237955e+01,2.242075e+01,2.235894e+01,2.237955e+01,2.235207e+01,2.236581e+01,2.234520e+01,2.232458e+01,2.234520e+01,2.237955e+01,2.224208e+01,2.234520e+01,2.235894e+01,2.239328e+01,2.240702e+01,2.231084e+01,2.237955e+01,2.235207e+01,2.238642e+01,2.236581e+01,2.240702e+01,2.238642e+01,2.247566e+01,2.240702e+01,2.233146e+01,2.237268e+01,2.233833e+01,2.240015e+01,2.240702e+01,2.237268e+01,2.245507e+01,2.244135e+01,2.235894e+01,2.246880e+01,2.240015e+01,2.237955e+01,2.247566e+01,2.240015e+01,2.245507e+01,2.243448e+01,2.239328e+01,2.244821e+01,2.232458e+01,2.240015e+01,2.237268e+01,2.242075e+01,2.240015e+01,2.240702e+01,2.240702e+01,2.246880e+01,2.242762e+01,2.247566e+01,2.246194e+01,2.245507e+01,2.239328e+01,2.242075e+01,2.234520e+01,2.235894e+01,2.235894e+01,2.237955e+01,2.242075e+01,2.237268e+01,2.242762e+01,2.249625e+01,2.249625e+01,2.248252e+01,2.244135e+01,2.245507e+01,2.242762e+01,2.246194e+01,2.248939e+01,2.245507e+01,2.235207e+01,2.237955e+01,2.253055e+01,2.253055e+01,2.246194e+01,2.246194e+01,2.255798e+01,2.242075e+01,2.257854e+01,2.245507e+01,2.252369e+01,2.255112e+01,2.242762e+01,2.248939e+01,2.244135e+01,2.256483e+01,2.239328e+01,2.255798e+01,2.255112e+01,2.252369e+01,2.251683e+01,2.249625e+01,2.250997e+01,2.247566e+01,2.249625e+01,2.248939e+01,2.246194e+01,2.248252e+01,2.243448e+01,2.240015e+01,2.245507e+01,2.230396e+01,2.228334e+01,2.174567e+01,2.172494e+01,2.174567e+01,2.176641e+01,2.176641e+01,2.178022e+01,2.176641e+01,2.187000e+01,2.189071e+01,2.187691e+01,2.185620e+01,2.187000e+01,2.179404e+01,2.193211e+01,2.190451e+01,2.198039e+01,2.178713e+01,2.180786e+01,2.199418e+01,2.184929e+01,2.194591e+01,2.195280e+01,2.177332e+01,2.195280e+01,2.195280e+01,2.189761e+01,2.186310e+01,2.185620e+01,2.184929e+01,2.176641e+01,2.179404e+01,2.179404e+01,2.180786e+01,2.184929e+01,2.172494e+01,2.182858e+01,2.182167e+01,2.185620e+01,2.237268e+01,2.237955e+01,2.246880e+01,2.234520e+01,2.246194e+01,2.237955e+01,2.234520e+01,2.235207e+01,2.240015e+01,2.235894e+01,2.239328e+01,2.238642e+01,2.235207e+01,2.220769e+01,2.218016e+01,2.165579e+01,2.129544e+01,2.128850e+01,2.130238e+01,2.139952e+01,2.137177e+01,2.142725e+01,2.143419e+01,2.151042e+01,2.148270e+01,2.151734e+01,2.157274e+01,2.162119e+01,2.162119e+01,2.166270e+01,2.164887e+01,2.169728e+01,2.175258e+01,2.178713e+01,2.173876e+01,2.175949e+01,2.191831e+01,2.173876e+01,2.173185e+01,2.172494e+01,2.166270e+01,2.169037e+01,2.175258e+01,2.165579e+01,2.164887e+01,2.165579e+01,2.157274e+01,2.165579e+01,2.171802e+01,2.167654e+01,2.184239e+01,2.188381e+01,2.185620e+01,2.187000e+01,2.189071e+01,2.194591e+01,2.202176e+01,2.194591e+01,2.197349e+01,2.193901e+01,2.215263e+01,2.214575e+01,2.211821e+01,2.204932e+01,2.212509e+01,2.209066e+01,2.209755e+01,2.207688e+01,2.211132e+01,2.214575e+01,2.191831e+01,2.180786e+01,2.180095e+01,2.175258e+01,2.175949e+01,2.182858e+01,2.183548e+01,2.182167e+01,2.174567e+01,2.185620e+01,2.187691e+01,2.190451e+01,2.188381e+01,2.189071e+01,2.185620e+01,2.181476e+01,2.182167e+01,2.170420e+01,2.171802e+01,2.182858e+01,2.179404e+01,2.191141e+01,2.188381e+01,2.190451e+01,2.186310e+01,2.186310e+01,2.189761e+01,2.178713e+01,2.181476e+01,2.177332e+01,2.180786e+01,2.180786e+01,2.171802e+01,2.178022e+01,2.178022e+01,2.176641e+01,2.192521e+01,2.184929e+01,2.187691e+01,2.183548e+01,2.169728e+01,2.179404e+01,2.163503e+01,2.175949e+01,2.175258e+01,2.166962e+01,2.171111e+01,2.168345e+01,2.152427e+01,2.151042e+01,2.166962e+01,2.158659e+01,2.159351e+01,2.162811e+01,2.135096e+01,2.140645e+01,2.145498e+01,2.153119e+01,2.153119e+01,2.148963e+01,2.135096e+01,2.157967e+01,2.157274e+01,2.158659e+01,2.157274e+01,2.157967e+01,2.157967e+01,2.174567e+01,2.180786e+01,2.176641e+01,2.185620e+01,2.178022e+01,2.178713e+01,2.178713e+01,2.187000e+01,2.184239e+01,2.175949e+01,2.174567e+01,2.173876e+01,2.182858e+01,2.182167e+01,2.181476e+01,2.187000e+01,2.175258e+01,2.192521e+01,2.189761e+01,2.185620e+01,2.196660e+01,2.192521e+01,2.204243e+01,2.195970e+01,2.200797e+01,2.209755e+01,2.218016e+01,2.216640e+01,2.233833e+01,2.220081e+01,2.224896e+01,2.229022e+01,2.223520e+01,2.231084e+01,2.231084e+01,2.240015e+01,2.237268e+01,2.246880e+01,2.245507e+01,2.233146e+01,2.253741e+01,2.232458e+01,2.244821e+01,2.254426e+01,2.237268e+01,2.248939e+01,2.248252e+01,2.247566e+01,2.251683e+01,2.250311e+01,2.253055e+01,2.250997e+01,2.253741e+01,2.252369e+01,2.246880e+01,2.250311e+01,2.248252e+01,2.249625e+01,2.259225e+01,2.252369e+01,2.254426e+01,2.253055e+01,2.252369e+01,2.251683e+01,2.254426e+01,2.243448e+01,2.249625e+01,2.250311e+01,2.250997e+01,2.248252e+01,2.242075e+01,2.244135e+01,2.253741e+01,2.246880e+01,2.256483e+01,2.255112e+01,2.253741e+01,2.246880e+01,2.248939e+01,2.235207e+01,2.250311e+01,2.246880e+01,2.254426e+01,2.245507e+01,2.252369e+01,2.244821e+01,2.231084e+01,2.236581e+01,2.238642e+01,2.252369e+01,2.248252e+01,2.239328e+01,2.240702e+01,2.243448e+01,2.239328e+01,2.224896e+01,2.229022e+01,2.232458e+01,2.217328e+01,2.220081e+01,2.222833e+01,2.222833e+01,2.220769e+01,2.213886e+01,2.204932e+01,2.210443e+01,2.209755e+01,2.202176e+01,2.208377e+01,2.209755e+01,2.202865e+01,2.196660e+01,2.206999e+01,2.204243e+01,2.202865e+01,2.210443e+01,2.204243e+01,2.206310e+01,2.207688e+01,2.206310e+01,2.205621e+01,2.198039e+01,2.198039e+01,2.198039e+01,2.209066e+01,2.190451e+01,2.187691e+01,2.196660e+01,2.196660e+01,2.195970e+01,2.200797e+01,2.185620e+01,2.197349e+01,2.209755e+01,2.192521e+01,2.187000e+01,2.187000e+01,2.189071e+01,2.202176e+01,2.185620e+01,2.202865e+01,2.198729e+01,2.191141e+01,2.189761e+01,2.193211e+01,2.195280e+01,2.197349e+01,2.203554e+01,2.195970e+01,2.191141e+01,2.198729e+01,2.193901e+01,2.195280e+01,2.195280e+01,2.194591e+01,2.198729e+01,2.187000e+01,2.195280e+01,2.191141e+01,2.198039e+01,2.178713e+01,2.184929e+01,2.184929e+01,2.182167e+01,2.191141e+01,2.178713e+01,2.178713e+01,2.178022e+01,2.189071e+01,2.172494e+01,2.178022e+01
2.213198e+01,2.226271e+01,2.218016e+01,2.219393e+01,2.218016e+01,2.218016e+01,2.213198e+01,2.207688e+01,2.206310e+01,2.220769e+01,2.221457e+01,2.211821e+01,2.215952e+01,2.218016e+01,2.213198e+01,2.218705e+01,2.217328e+01,2.219393e+01,2.218016e+01,2.220081e+01,2.220769e+01,2.221457e+01,2.233833e+01,2.223520e+01,2.225584e+01,2.218016e+01,2.220081e+01,2.224896e+01,2.224896e+01,2.235894e+01,2.235207e+01,2.229022e+01,2.233833e+01,2.237268e+01,2.233146e+01,2.237955e+01,2.237955e+01,2.227647e+01,2.233146e+01,2.233833e+01,2.243448e+01,2.233146e+01,2.243448e+01,2.244821e+01,2.255112e+01,2.240015e+01,2.241389e+01,2.247566e+01,2.247566e+01,2.237268e+01,2.224896e+01,2.235207e+01,2.237955e+01,2.248252e+01,2.247566e+01,2.246194e+01,2.258540e+01,2.235207e+01,2.248252e+01,2.254426e+01,2.263337e+01,2.249625e+01,2.250997e+01,2.245507e+01,2.251683e+01,2.247566e+01,2.242762e+01,2.248939e+01,2.251683e+01,2.260596e+01,2.255112e+01,2.249625e+01,2.245507e+01,2.253055e+01,2.261282e+01,2.254426e+01,2.261967e+01,2.263337e+01,2.244135e+01,2.267447e+01,2.256483e+01,2.257169e+01,2.253741e+01,2.264708e+01,2.243448e+01,2.258540e+01,2.249625e+01,2.253055e+01,2.242762e+01,2.250311e+01,2.248939e+01,2.244135e+01,2.243448e+01,2.260596e+01,2.236581e+01,2.242075e+01,2.240015e+01,2.237268e+01,2.235894e+01,2.224896e+01,2.230396e+01,2.223520e+01,2.221457e+01,2.219393e+01,2.216640e+01,2.226959e+01,2.224896e+01,2.211821e+01,2.218016e+01,2.215263e+01,2.220081e+01,2.213886e+01,2.215952e+01,2.221457e+01,2.229022e+01,2.227647e+01,2.222145e+01,2.222145e+01,2.219393e+01,2.227647e+01,2.226271e+01,2.218705e+01,2.230396e+01,2.224896e+01,2.226959e+01,2.228334e+01,2.229022e+01,2.222145e+01,2.224208e+01,2.226959e+01,2.226271e+01,2.238642e+01,2.230396e+01,2.237268e+01,2.244821e+01,2.240702e+01,2.235207e+01,2.235894e+01,2.235894e+01,2.227647e+01,2.239328e+01,2.237268e+01,2.246880e+01,2.238642e+01,2.237268e+01,2.235207e+01,2.237955e+01,2.237955e+01,2.237268e+01,2.240702e+01,2.241389e+01,2.243448e+01,2.238642e+01,2.241389e+01,2.235894e+01,2.236581e+01,2.240702e+01,2.244821e+01,2.233833e+01,2.237268e+01,2.253055e+01,2.237955e+01,2.253055e+01,2.242762e+01,2.233833e+01,2.243448e+01,2.239328e+01,2.234520e+01,2.242762e+01,2.242075e+01,2.244135e+01,2.243448e+01,2.240702e+01,2.240015e+01,2.238642e+01,2.248939e+01,2.242762e+01,2.242075e+01,2.231771e+01,2.242762e+01,2.244821e+01,2.235894e+01,2.225584e+01,2.237268e+01,2.233146e+01,2.232458e+01,2.234520e+01,2.240015e+01,2.236581e+01,2.238642e+01,2.237955e+01,2.242075e+01,2.240015e+01,2.228334e+01,2.235894e+01,2.235894e+01,2.233833e+01,2.233833e+01,2.231771e+01,2.237268e+01,2.235207e+01,2.233146e+01,2.237955e+01,2.237955e+01,2.239328e+01,2.242762e+01,2.229709e+01,2.235894e+01,2.242762e+01,2.242762e+01,2.242762e+01,2.241389e+01,2.240015e+01,2.235207e+01,2.246194e+01,2.236581e+01,2.241389e+01,2.238642e+01,2.240015e+01,2.233833e+01,2.236581e+01,2.239328e+01,2.242075e+01,2.248252e+01,2.237955e+01,2.239328e+01,2.242075e+01,2.233146e+01,2.245507e+01,2.243448e+01,2.246880e+01,2.233146e+01,2.242762e+01,2.242075e+01,2.246194e+01,2.240702e+01,2.251683e+01,2.239328e+01,2.244821e+01,2.246880e+01,2.247566e+01,2.244135e+01,2.245507e+01,2.255112e+01,2.248252e+01,2.244821e+01,2.239328e+01,2.238642e+01,2.241389e+01,2.237955e+01,2.243448e+01,2.246194e+01,2.242762e+01,2.252369e+01,2.239328e+01,2.243448e+01,2.253741e+01,2.253741e+01,2.245507e+01,2.256483e+01,2.248939e+01,2.238642e+01,2.243448e+01,2.253741e+01,2.253741e+01,2.243448e+01,2.243448e+01,2.243448e+01,2.254426e+01,2.258540e+01,2.257169e+01,2.257169e+01,2.256483e+01,2.243448e+01,2.243448e+01,2.246194e+01,2.252369e+01,2.250997e+01,2.250997e+01,2.254426e+01,2.251683e+01,2.248252e+01,2.241389e+01,2.242762e+01,2.240015e+01,2.243448e+01,2.245507e+01,2.247566e+01,2.248252e+01,2.242762e+01,2.243448e+01,2.233833e+01,2.235207e+01,2.199418e+01,2.172494e+01,2.177332e+01,2.172494e+01,2.173876e+01,2.174567e+01,2.187691e+01,2.174567e+01,2.179404e+01,2.187000e+01,2.195280e+01,2.200107e+01,2.187691e+01,2.189071e+01,2.183548e+01,2.197349e+01,2.195970e+01,2.197349e+01,2.190451e+01,2.202176e+01,2.200797e+01,2.198039e+01,2.193901e+01,2.175949e+01,2.193211e+01,2.195280e+01,2.190451e+01,2.189761e+01,2.184929e+01,2.193211e+01,2.190451e+01,2.178022e+01,2.192521e+01,2.184239e+01,2.180095e+01,2.192521e+01,2.175949e+01,2.187000e+01,2.193901e+01,2.229022e+01,2.231771e+01,2.255112e+01,2.235207e+01,2.253055e+01,2.246194e+01,2.237268e+01,2.237955e+01,2.230396e+01,2.231084e+01,2.229022e+01,2.238642e+01,2.231771e+01,2.221457e+01,2.224896e+01,2.185620e+01,2.164887e+01,2.128156e+01,2.128850e+01,2.129544e+01,2.129544e+01,2.138565e+01,2.141339e+01,2.146884e+01,2.145498e+01,2.152427e+01,2.146191e+01,2.158659e+01,2.155197e+01,2.160043e+01,2.164887e+01,2.163503e+01,2.175258e+01,2.177332e+01,2.174567e+01,2.175949e+01,2.178713e+01,2.189761e+01,2.193211e+01,2.173876e+01,2.169037e+01,2.176641e+01,2.178713e+01,2.167654e+01,2.170420e+01,2.169728e+01,2.162119e+01,2.169037e+01,2.171111e+01,2.171802e+01,2.183548e+01,2.175258e+01,2.187691e+01,2.188381e+01,2.202865e+01,2.189071e+01,2.192521e+01,2.204243e+01,2.204243e+01,2.194591e+01,2.218016e+01,2.216640e+01,2.211132e+01,2.208377e+01,2.195970e+01,2.199418e+01,2.200107e+01,2.209066e+01,2.210443e+01,2.205621e+01,2.187000e+01,2.189761e+01,2.178022e+01,2.173185e+01,2.178713e+01,2.177332e+01,2.178713e+01,2.173185e+01,2.186310e+01,2.189761e+01,2.187691e+01,2.189071e+01,2.187000e+01,2.187000e+01,2.186310e+01,2.191141e+01,2.180095e+01,2.180786e+01,2.185620e+01,2.180786e+01,2.186310e+01,2.189761e+01,2.189071e+01,2.193211e+01,2.189761e+01,2.187000e+01,2.184239e+01,2.181476e+01,2.179404e+01,2.179404e+01,2.178022e+01,2.179404e+01,2.176641e+01,2.169728e+01,2.182167e+01,2.173876e+01,2.174567e+01,2.182167e+01,2.178713e+01,2.184239e+01,2.180095e+01,2.177332e+01,2.156582e+01,2.171111e+01,2.146191e+01,2.165579e+01,2.143419e+01,2.157967e+01,2.137871e+01,2.132320e+01,2.137177e+01,2.144112e+01,2.143419e+01,2.138565e+01,2.135790e+01,2.135790e+01,2.146191e+01,2.138565e+01,2.139952e+01,2.140645e+01,2.156582e+01,2.160735e+01,2.153812e+01,2.162811e+01,2.158659e+01,2.157967e+01,2.175258e+01,2.180095e+01,2.189761e+01,2.181476e+01,2.192521e+01,2.184929e+01,2.181476e+01,2.179404e+01,2.184929e+01,2.193901e+01,2.193211e+01,2.195280e+01,2.192521e+01,2.188381e+01,2.201486e+01,2.192521e+01,2.193211e+01,2.175949e+01,2.190451e+01,2.187000e+01,2.186310e+01,2.195280e+01,2.187000e+01,2.201486e+01,2.192521e+01,2.202865e+01,2.207688e+01,2.213198e+01,2.214575e+01,2.218705e+01,2.226959e+01,2.224208e+01,2.240015e+01,2.235894e+01,2.239328e+01,2.237268e+01,2.242075e+01,2.242075e+01,2.248252e+01,2.249625e+01,2.244821e+01,2.244821e+01,2.245507e+01,2.257169e+01,2.245507e+01,2.247566e+01,2.255112e+01,2.248939e+01,2.248252e+01,2.261282e+01,2.250997e+01,2.255798e+01,2.252369e+01,2.255112e+01,2.254426e+01,2.250311e+01,2.253741e+01,2.261282e+01,2.248252e+01,2.259225e+01,2.252369e+01,2.253055e+01,2.260596e+01,2.247566e+01,2.244821e+01,2.252369e+01,2.252369e+01,2.224896e+01,2.253741e+01,2.246194e+01,2.248939e+01,2.253741e+01,2.243448e+01,2.242762e+01,2.257854e+01,2.243448e+01,2.242075e+01,2.244821e+01,2.232458e+01,2.248939e+01,2.247566e+01,2.244135e+01,2.246880e+01,2.244821e+01,2.244135e+01,2.251683e+01,2.227647e+01,2.233833e+01,2.228334e+01,2.244821e+01,2.243448e+01,2.241389e+01,2.233146e+01,2.240702e+01,2.228334e+01,2.242762e+01,2.235894e+01,2.225584e+01,2.223520e+01,2.223520e+01,2.224208e+01,2.198039e+01,2.207688e+01,2.221457e+01,2.209755e+01,2.211132e+01,2.214575e+01,2.217328e+01,2.207688e+01,2.203554e+01,2.202865e+01,2.202176e+01,2.206999e+01,2.211132e+01,2.216640e+01,2.208377e+01,2.206310e+01,2.206310e+01,2.206310e+01,2.207688e+01,2.208377e+01,2.206999e+01,2.204932e+01,2.201486e+01,2.189071e+01,2.204932e+01,2.211132e+01,2.196660e+01,2.189761e+01,2.185620e+01,2.193211e+01,2.182167e+01,2.190451e+01,2.182858e+01,2.192521e+01,2.189071e+01,2.207688e+01,2.201486e+01,2.192521e+01,2.196660e+01,2.189761e+01,2.198039e+01,2.200797e+01,2.205621e+01,2.186310e+01,2.186310e+01,2.195970e+01,2.189761e+01,2.200107e+01,2.193901e+01,2.195970e+01,2.200107e+01,2.196660e+01,2.208377e+01,2.194591e+01,2.182167e+01,2.209755e+01,2.195280e+01,2.194591e+01,2.169728e+01,2.200797e+01,2.192521e+01,2.186310e+01,2.189071e+01,2.190451e+01,2.181476e+01,2.186310e+01,2.174567e+01,2.173185e+01,2.191141e+01,2.182858e+01,2.169728e+01
2.206999e+01,2.207688e+01,2.221457e+01,2.220769e+01,2.222145e+01,2.219393e+01,2.217328e+01,2.218016e+01,2.231771e+01,2.215263e+01,2.228334e+01,2.218016e+01,2.220081e+01,2.216640e+01,2.218705e+01,2.218705e+01,2.216640e+01,2.215952e+01,2.217328e+01,2.224896e+01,2.218016e+01,2.222833e+01,2.233833e+01,2.226959e+01,2.228334e+01,2.226271e+01,2.224896e+01,2.234520e+01,2.240702e+01,2.237955e+01,2.224208e+01,2.223520e+01,2.220769e+01,2.234520e+01,2.228334e+01,2.226271e+01,2.233833e+01,2.237268e+01,2.243448e+01,2.229022e+01,2.239328e+01,2.237268e+01,2.244821e+01,2.242762e+01,2.243448e+01,2.246194e+01,2.250311e+01,2.255798e+01,2.234520e+01,2.235207e+01,2.246194e+01,2.249625e+01,2.238642e+01,2.243448e+01,2.237268e+01,2.244135e+01,2.242762e+01,2.244135e+01,2.246194e+01,2.244821e+01,2.255112e+01,2.245507e+01,2.255112e+01,2.251683e+01,2.248252e+01,2.248252e+01,2.255112e+01,2.246880e+01,2.254426e+01,2.250311e+01,2.259911e+01,2.246880e+01,2.258540e+01,2.252369e+01,2.248939e+01,2.251683e+01,2.264708e+01,2.261282e+01,2.257169e+01,2.254426e+01,2.254426e+01,2.269502e+01,2.248939e+01,2.244821e+01,2.242762e+01,2.249625e+01,2.248939e+01,2.244135e+01,2.242075e+01,2.253055e+01,2.244135e+01,2.237268e+01,2.247566e+01,2.253055e+01,2.239328e+01,2.239328e+01,2.244135e+01,2.237268e+01,2.231771e+01,2.231771e+01,2.228334e+01,2.221457e+01,2.220769e+01,2.219393e+01,2.229709e+01,2.215952e+01,2.221457e+01,2.224896e+01,2.222145e+01,2.218705e+01,2.216640e+01,2.224208e+01,2.225584e+01,2.226271e+01,2.224208e+01,2.208377e+01,2.227647e+01,2.217328e+01,2.223520e+01,2.219393e+01,2.207688e+01,2.213198e+01,2.233146e+01,2.213198e+01,2.217328e+01,2.233833e+01,2.233146e+01,2.235207e+01,2.224896e+01,2.222833e+01,2.235207e+01,2.226271e+01,2.227647e+01,2.235207e+01,2.243448e+01,2.234520e+01,2.235894e+01,2.237268e+01,2.232458e+01,2.238642e+01,2.245507e+01,2.246880e+01,2.246880e+01,2.240015e+01,2.237955e+01,2.237268e+01,2.235207e+01,2.235207e+01,2.237268e+01,2.244821e+01,2.238642e+01,2.244821e+01,2.230396e+01,2.237268e+01,2.244821e+01,2.252369e+01,2.239328e+01,2.238642e+01,2.242762e+01,2.235207e+01,2.234520e+01,2.255798e+01,2.240015e+01,2.239328e+01,2.240702e+01,2.233833e+01,2.230396e+01,2.242075e+01,2.244821e+01,2.244821e+01,2.248939e+01,2.246194e+01,2.235207e+01,2.242762e+01,2.244135e+01,2.245507e+01,2.242762e+01,2.255798e+01,2.242075e+01,2.240702e+01,2.234520e+01,2.233833e+01,2.237955e+01,2.235207e+01,2.231084e+01,2.239328e+01,2.233146e+01,2.235207e+01,2.235207e+01,2.236581e+01,2.237268e+01,2.233146e+01,2.234520e+01,2.238642e+01,2.235207e+01,2.244821e+01,2.235894e+01,2.240702e+01,2.237268e+01,2.235894e+01,2.237955e+01,2.237268e+01,2.242762e+01,2.239328e+01,2.225584e+01,2.235894e+01,2.235894e+01,2.235207e+01,2.240702e+01,2.237955e+01,2.231771e+01,2.231771e+01,2.238642e+01,2.235207e+01,2.238642e+01,2.240702e+01,2.238642e+01,2.238642e+01,2.241389e+01,2.233146e+01,2.245507e+01,2.237955e+01,2.244821e+01,2.227647e+01,2.245507e+01,2.238642e+01,2.244821e+01,2.244135e+01,2.244821e+01,2.238642e+01,2.235894e+01,2.238642e+01,2.240015e+01,2.241389e+01,2.241389e+01,2.255112e+01,2.239328e+01,2.241389e+01,2.257169e+01,2.242762e+01,2.243448e+01,2.245507e+01,2.248252e+01,2.243448e+01,2.256483e+01,2.254426e+01,2.240702e+01,2.250997e+01,2.237268e+01,2.240702e+01,2.250997e+01,2.244135e+01,2.247566e+01,2.256483e+01,2.240015e+01,2.250997e+01,2.252369e+01,2.246194e+01,2.248939e+01,2.248939e+01,2.259225e+01,2.248252e+01,2.255112e+01,2.248252e+01,2.268817e+01,2.250311e+01,2.246194e+01,2.255798e+01,2.246880e+01,2.257854e+01,2.246880e+01,2.246880e+01,2.245507e+01,2.258540e+01,2.246194e+01,2.250997e+01,2.247566e+01,2.253055e+01,2.250997e+01,2.242762e+01,2.247566e+01,2.244821e+01,2.237268e+01,2.253055e+01,2.238642e+01,2.239328e+01,2.241389e+01,2.239328e+01,2.243448e+01,2.237955e+01,2.233146e+01,2.243448e+01,2.229022e+01,2.200107e+01,2.173876e+01,2.189761e+01,2.167654e+01,2.175949e+01,2.175258e+01,2.178713e+01,2.187691e+01,2.193901e+01,2.187691e+01,2.193211e+01,2.200797e+01,2.193901e+01,2.187691e+01,2.179404e+01,2.196660e+01,2.194591e+01,2.197349e+01,2.195970e+01,2.185620e+01,2.197349e+01,2.206310e+01,2.206310e+01,2.193211e+01,2.197349e+01,2.188381e+01,2.195970e+01,2.202865e+01,2.193211e+01,2.188381e+01,2.195970e+01,2.193211e+01,2.183548e+01,2.193211e+01,2.191141e+01,2.180786e+01,2.182167e+01,2.179404e+01,2.180095e+01,2.187000e+01,2.218016e+01,2.233833e+01,2.233146e+01,2.234520e+01,2.236581e+01,2.238642e+01,2.239328e+01,2.235894e+01,2.235207e+01,2.237268e+01,2.235207e+01,2.229709e+01,2.222833e+01,2.220769e+01,2.227647e+01,2.196660e+01,2.143419e+01,2.128156e+01,2.127461e+01,2.134402e+01,2.134402e+01,2.138565e+01,2.158659e+01,2.142032e+01,2.156582e+01,2.155890e+01,2.162811e+01,2.166270e+01,2.162811e+01,2.158659e+01,2.169037e+01,2.175949e+01,2.169728e+01,2.175258e+01,2.178713e+01,2.182858e+01,2.189761e+01,2.189761e+01,2.187000e+01,2.176641e+01,2.178713e+01,2.171111e+01,2.178022e+01,2.166962e+01,2.164887e+01,2.168345e+01,2.175258e+01,2.171802e+01,2.176641e+01,2.186310e+01,2.184239e+01,2.190451e+01,2.203554e+01,2.200797e+01,2.201486e+01,2.202176e+01,2.199418e+01,2.206310e+01,2.205621e+01,2.198729e+01,2.199418e+01,2.206999e+01,2.216640e+01,2.202865e+01,2.205621e+01,2.202865e+01,2.198729e+01,2.209066e+01,2.189071e+01,2.193901e+01,2.188381e+01,2.186310e+01,2.179404e+01,2.179404e+01,2.180786e+01,2.180095e+01,2.185620e+01,2.184929e+01,2.188381e+01,2.193211e+01,2.187000e+01,2.191141e+01,2.191141e+01,2.189761e+01,2.185620e+01,2.182858e+01,2.184929e+01,2.188381e+01,2.188381e+01,2.193901e+01,2.183548e+01,2.191831e+01,2.191831e+01,2.186310e+01,2.191141e+01,2.187691e+01,2.180786e+01,2.178713e+01,2.182858e+01,2.178713e+01,2.178022e+01,2.182858e+01,2.181476e+01,2.180095e+01,2.175949e+01,2.177332e+01,2.178022e+01,2.169037e+01,2.163503e+01,2.182167e+01,2.173185e+01,2.159351e+01,2.156582e+01,2.142725e+01,2.157274e+01,2.144805e+01,2.143419e+01,2.134402e+01,2.131626e+01,2.131626e+01,2.130238e+01,2.137871e+01,2.139258e+01,2.133014e+01,2.133014e+01,2.135790e+01,2.133014e+01,2.139258e+01,2.141339e+01,2.151734e+01,2.157274e+01,2.168345e+01,2.158659e+01,2.158659e+01,2.159351e+01,2.173185e+01,2.175949e+01,2.186310e+01,2.194591e+01,2.197349e+01,2.189761e+01,2.189071e+01,2.192521e+01,2.194591e+01,2.194591e+01,2.191141e+01,2.184239e+01,2.195970e+01,2.189761e+01,2.188381e+01,2.184929e+01,2.189071e+01,2.186310e+01,2.182858e+01,2.191141e+01,2.191141e+01,2.191831e+01,2.201486e+01,2.202176e+01,2.193901e+01,2.202176e+01,2.209066e+01,2.213198e+01,2.211132e+01,2.226959e+01,2.220081e+01,2.225584e+01,2.226959e+01,2.239328e+01,2.226959e+01,2.229709e+01,2.241389e+01,2.244135e+01,2.238642e+01,2.246880e+01,2.251683e+01,2.247566e+01,2.249625e+01,2.255112e+01,2.240702e+01,2.248252e+01,2.250997e+01,2.251683e+01,2.257169e+01,2.254426e+01,2.247566e+01,2.248252e+01,2.250311e+01,2.249625e+01,2.250997e+01,2.253741e+01,2.269502e+01,2.253741e+01,2.260596e+01,2.257854e+01,2.253055e+01,2.244821e+01,2.252369e+01,2.242762e+01,2.251683e+01,2.255798e+01,2.248252e+01,2.255112e+01,2.253741e+01,2.244821e+01,2.250311e+01,2.255112e+01,2.248939e+01,2.243448e+01,2.243448e+01,2.245507e+01,2.254426e+01,2.242762e+01,2.240015e+01,2.254426e+01,2.256483e+01,2.250311e+01,2.245507e+01,2.241389e+01,2.247566e+01,2.240702e+01,2.247566e+01,2.253055e+01,2.244821e+01,2.244821e+01,2.238642e+01,2.235207e+01,2.237955e+01,2.239328e+01,2.233146e+01,2.230396e+01,2.229709e+01,2.225584e+01,2.213198e+01,2.223520e+01,2.216640e+01,2.220081e+01,2.222833e+01,2.214575e+01,2.208377e+01,2.211821e+01,2.219393e+01,2.216640e+01,2.204243e+01,2.214575e+01,2.204932e+01,2.203554e+01,2.204243e+01,2.213198e+01,2.211132e+01,2.216640e+01,2.209066e+01,2.209066e+01,2.209755e+01,2.207688e+01,2.208377e+01,2.205621e+01,2.209066e+01,2.201486e+01,2.206999e+01,2.200107e+01,2.210443e+01,2.204932e+01,2.193901e+01,2.187000e+01,2.195280e+01,2.211132e+01,2.195280e+01,2.193211e+01,2.186310e+01,2.195970e+01,2.191141e+01,2.195970e+01,2.198039e+01,2.208377e+01,2.196660e+01,2.191831e+01,2.202176e+01,2.188381e+01,2.195280e+01,2.204932e+01,2.197349e+01,2.198039e+01,2.193901e+01,2.197349e+01,2.193901e+01,2.191831e+01,2.204932e+01,2.203554e+01,2.209755e+01,2.198039e+01,2.195280e+01,2.198039e+01,2.204932e+01,2.194591e+01,2.202865e+01,2.193211e+01,2.192521e+01,2.192521e+01,2.189071e+01,2.209755e+01,2.189761e+01,2.198039e+01,2.199418e+01,2.177332e+01,2.189761e+01,2.168345e+01
2.218705e+01,2.212509e+01,2.206310e+01,2.223520e+01,2.215952e+01,2.217328e+01,2.222833e+01,2.219393e+01,2.219393e+01,2.214575e+01,2.219393e+01,2.227647e+01,2.214575e+01,2.223520e+01,2.213198e+01,2.222145e+01,2.217328e+01,2.216640e+01,2.229709e+01,2.225584e+01,2.222145e+01,2.220769e+01,2.222833e+01,2.221457e+01,2.222833e+01,2.237268e+01,2.225584e+01,2.226959e+01,2.237955e+01,2.228334e+01,2.231084e+01,2.235207e+01,2.237955e+01,2.228334e+01,2.233833e+01,2.233146e+01,2.242075e+01,2.223520e+01,2.233833e+01,2.231771e+01,2.235894e+01,2.246194e+01,2.239328e+01,2.245507e+01,2.257169e+01,2.255112e+01,2.248939e+01,2.249625e+01,2.250311e+01,2.237268e+01,2.261967e+01,2.244821e+01,2.241389e+01,2.247566e+01,2.244821e+01,2.250997e+01,2.242075e+01,2.248252e+01,2.247566e+01,2.249625e+01,2.249625e+01,2.244821e+01,2.254426e+01,2.250311e+01,2.256483e+01,2.253741e+01,2.259225e+01,2.252369e+01,2.246194e+01,2.257854e+01,2.248939e+01,2.259225e+01,2.255112e+01,2.259911e+01,2.264022e+01,2.261967e+01,2.255112e+01,2.263337e+01,2.250997e+01,2.258540e+01,2.258540e+01,2.252369e+01,2.257169e+01,2.265392e+01,2.248252e+01,2.258540e+01,2.253741e+01,2.254426e+01,2.251683e+01,2.249625e+01,2.245507e+01,2.268817e+01,2.248252e+01,2.247566e+01,2.237268e+01,2.246194e+01,2.243448e+01,2.242762e+01,2.240702e+01,2.233833e+01,2.229709e+01,2.244135e+01,2.231771e+01,2.221457e+01,2.211821e+01,2.235894e+01,2.231084e+01,2.210443e+01,2.221457e+01,2.213198e+01,2.218705e+01,2.227647e+01,2.218016e+01,2.213198e+01,2.226959e+01,2.230396e+01,2.220081e+01,2.218016e+01,2.222145e+01,2.225584e+01,2.212509e+01,2.215263e+01,2.220769e+01,2.220081e+01,2.219393e+01,2.234520e+01,2.229709e+01,2.228334e+01,2.238642e+01,2.230396e+01,2.226271e+01,2.233833e+01,2.242762e+01,2.243448e+01,2.233833e+01,2.228334e+01,2.237955e+01,2.234520e+01,2.237955e+01,2.238642e+01,2.240702e+01,2.242075e+01,2.233833e+01,2.239328e+01,2.233833e+01,2.245507e+01,2.239328e+01,2.238642e+01,2.240015e+01,2.241389e+01,2.234520e+01,2.248939e+01,2.237955e+01,2.245507e+01,2.238642e+01,2.238642e+01,2.241389e+01,2.257169e+01,2.242075e+01,2.238642e+01,2.234520e+01,2.240702e+01,2.240702e+01,2.243448e+01,2.239328e+01,2.244135e+01,2.235894e+01,2.239328e+01,2.240702e+01,2.242075e+01,2.242075e+01,2.244821e+01,2.242075e+01,2.245507e+01,2.237955e+01,2.245507e+01,2.240702e+01,2.241389e+01,2.233833e+01,2.233146e+01,2.229022e+01,2.244135e+01,2.237268e+01,2.260596e+01,2.241389e+01,2.226959e+01,2.231084e+01,2.241389e+01,2.244135e+01,2.229709e+01,2.246194e+01,2.240702e+01,2.228334e+01,2.235894e+01,2.232458e+01,2.238642e+01,2.238642e+01,2.235207e+01,2.233146e+01,2.240015e+01,2.241389e+01,2.237268e+01,2.236581e+01,2.237268e+01,2.234520e+01,2.231771e+01,2.231084e+01,2.231771e+01,2.242075e+01,2.244821e+01,2.236581e+01,2.232458e+01,2.235894e+01,2.240702e+01,2.240702e+01,2.241389e+01,2.240015e+01,2.241389e+01,2.237955e+01,2.240702e+01,2.234520e+01,2.241389e+01,2.244135e+01,2.248252e+01,2.236581e+01,2.242075e+01,2.244821e+01,2.248252e+01,2.248939e+01,2.237955e+01,2.244135e+01,2.240015e+01,2.242762e+01,2.242762e+01,2.242075e+01,2.243448e+01,2.244135e+01,2.248252e+01,2.244821e+01,2.248939e+01,2.250997e+01,2.246880e+01,2.248252e+01,2.245507e+01,2.252369e+01,2.238642e+01,2.249625e+01,2.244821e+01,2.245507e+01,2.248939e+01,2.253741e+01,2.252369e+01,2.244821e+01,2.248939e+01,2.253055e+01,2.248939e+01,2.253055e+01,2.249625e+01,2.247566e+01,2.259225e+01,2.260596e+01,2.255798e+01,2.253055e+01,2.255112e+01,2.270871e+01,2.247566e+01,2.254426e+01,2.250311e+01,2.260596e+01,2.248252e+01,2.257169e+01,2.257854e+01,2.259911e+01,2.244135e+01,2.235207e+01,2.240015e+01,2.248252e+01,2.245507e+01,2.249625e+01,2.250311e+01,2.237268e+01,2.242762e+01,2.242075e+01,2.236581e+01,2.247566e+01,2.242075e+01,2.235894e+01,2.245507e+01,2.238642e+01,2.231771e+01,2.235894e+01,2.239328e+01,2.224208e+01,2.195970e+01,2.167654e+01,2.187691e+01,2.189761e+01,2.186310e+01,2.190451e+01,2.175949e+01,2.183548e+01,2.185620e+01,2.186310e+01,2.193211e+01,2.191831e+01,2.191831e+01,2.197349e+01,2.198039e+01,2.199418e+01,2.193901e+01,2.199418e+01,2.203554e+01,2.188381e+01,2.195970e+01,2.195970e+01,2.197349e+01,2.194591e+01,2.190451e+01,2.192521e+01,2.197349e+01,2.204243e+01,2.200797e+01,2.200107e+01,2.193901e+01,2.195280e+01,2.192521e+01,2.196660e+01,2.184239e+01,2.198039e+01,2.179404e+01,2.180786e+01,2.178713e+01,2.180095e+01,2.230396e+01,2.231084e+01,2.231084e+01,2.233833e+01,2.235894e+01,2.237955e+01,2.241389e+01,2.231771e+01,2.226271e+01,2.229022e+01,2.231084e+01,2.234520e+01,2.233833e+01,2.235207e+01,2.233146e+01,2.219393e+01,2.177332e+01,2.128850e+01,2.128156e+01,2.128850e+01,2.141339e+01,2.138565e+01,2.141339e+01,2.141339e+01,2.157274e+01,2.145498e+01,2.157967e+01,2.159351e+01,2.167654e+01,2.158659e+01,2.170420e+01,2.187000e+01,2.171802e+01,2.180095e+01,2.191141e+01,2.172494e+01,2.175949e+01,2.193211e+01,2.175258e+01,2.165579e+01,2.177332e+01,2.177332e+01,2.175949e+01,2.161427e+01,2.164887e+01,2.173185e+01,2.168345e+01,2.173876e+01,2.175949e+01,2.171111e+01,2.186310e+01,2.192521e+01,2.189761e+01,2.193901e+01,2.203554e+01,2.202865e+01,2.202865e+01,2.198729e+01,2.204243e+01,2.217328e+01,2.215263e+01,2.208377e+01,2.206999e+01,2.200797e+01,2.203554e+01,2.209066e+01,2.202865e+01,2.202176e+01,2.195970e+01,2.211821e+01,2.214575e+01,2.180095e+01,2.175949e+01,2.174567e+01,2.177332e+01,2.170420e+01,2.181476e+01,2.188381e+01,2.191831e+01,2.190451e+01,2.191141e+01,2.185620e+01,2.189071e+01,2.191141e+01,2.189761e+01,2.188381e+01,2.186310e+01,2.188381e+01,2.187691e+01,2.191141e+01,2.192521e+01,2.195280e+01,2.191141e+01,2.191831e+01,2.187000e+01,2.181476e+01,2.183548e+01,2.175949e+01,2.178022e+01,2.178713e+01,2.178022e+01,2.182858e+01,2.181476e+01,2.173876e+01,2.179404e+01,2.177332e+01,2.165579e+01,2.162811e+01,2.162811e+01,2.177332e+01,2.157967e+01,2.161427e+01,2.151042e+01,2.146884e+01,2.150349e+01,2.130932e+01,2.137177e+01,2.128156e+01,2.127461e+01,2.122600e+01,2.138565e+01,2.135096e+01,2.138565e+01,2.133708e+01,2.151734e+01,2.150349e+01,2.139258e+01,2.139952e+01,2.151042e+01,2.148270e+01,2.162119e+01,2.157967e+01,2.167654e+01,2.157274e+01,2.171802e+01,2.175949e+01,2.175258e+01,2.181476e+01,2.191831e+01,2.191831e+01,2.195970e+01,2.189071e+01,2.197349e+01,2.184929e+01,2.182167e+01,2.193901e+01,2.184239e+01,2.195280e+01,2.200797e+01,2.189761e+01,2.189071e+01,2.189071e+01,2.189071e+01,2.191831e+01,2.191141e+01,2.194591e+01,2.187000e+01,2.186310e+01,2.188381e+01,2.200107e+01,2.189761e+01,2.195970e+01,2.228334e+01,2.213886e+01,2.224896e+01,2.219393e+01,2.230396e+01,2.236581e+01,2.223520e+01,2.232458e+01,2.248939e+01,2.235894e+01,2.245507e+01,2.243448e+01,2.245507e+01,2.237268e+01,2.242075e+01,2.251683e+01,2.240702e+01,2.245507e+01,2.248252e+01,2.248252e+01,2.250997e+01,2.255798e+01,2.252369e+01,2.251683e+01,2.252369e+01,2.250311e+01,2.249625e+01,2.253741e+01,2.253055e+01,2.254426e+01,2.248939e+01,2.248252e+01,2.255112e+01,2.244821e+01,2.253741e+01,2.259911e+01,2.242762e+01,2.255112e+01,2.251683e+01,2.244821e+01,2.240702e+01,2.246880e+01,2.248252e+01,2.242762e+01,2.260596e+01,2.243448e+01,2.252369e+01,2.248939e+01,2.240702e+01,2.244821e+01,2.240015e+01,2.257854e+01,2.242762e+01,2.254426e+01,2.251683e+01,2.245507e+01,2.246880e+01,2.246880e+01,2.247566e+01,2.244821e+01,2.242762e+01,2.221457e+01,2.242075e+01,2.241389e+01,2.227647e+01,2.236581e+01,2.224208e+01,2.229022e+01,2.230396e+01,2.231084e+01,2.224208e+01,2.216640e+01,2.224896e+01,2.227647e+01,2.222145e+01,2.220769e+01,2.219393e+01,2.222145e+01,2.206999e+01,2.209755e+01,2.209066e+01,2.205621e+01,2.206310e+01,2.204243e+01,2.205621e+01,2.201486e+01,2.200797e+01,2.213886e+01,2.212509e+01,2.204243e+01,2.202865e+01,2.226959e+01,2.209066e+01,2.207688e+01,2.209066e+01,2.206999e+01,2.208377e+01,2.206999e+01,2.202176e+01,2.201486e+01,2.209066e+01,2.202176e+01,2.195970e+01,2.203554e+01,2.202865e+01,2.183548e+01,2.198039e+01,2.195280e+01,2.197349e+01,2.196660e+01,2.190451e+01,2.191831e+01,2.200107e+01,2.188381e+01,2.198729e+01,2.209755e+01,2.195280e+01,2.199418e+01,2.193901e+01,2.195970e+01,2.184929e+01,2.215952e+01,2.195970e+01,2.182858e+01,2.213198e+01,2.204243e+01,2.209066e+01,2.206310e+01,2.206999e+01,2.200107e+01,2.192521e+01,2.201486e+01,2.201486e+01,2.185620e+01,2.190451e+01,2.191141e+01,2.187000e+01,2.189071e+01,2.199418e+01,2.190451e+01,2.189761e+01,2.191141e+01,2.193901e+01,2.174567e+01,2.195280e+01
2.232458e+01,2.220081e+01,2.209066e+01,2.216640e+01,2.218705e+01,2.216640e+01,2.228334e+01,2.218705e+01,2.222145e+01,2.211821e+01,2.225584e+01,2.215952e+01,2.225584e+01,2.223520e+01,2.224208e+01,2.224208e+01,2.220081e+01,2.223520e+01,2.219393e+01,2.225584e+01,2.226959e+01,2.218705e+01,2.226959e+01,2.220769e+01,2.216640e+01,2.235207e+01,2.231084e+01,2.229022e+01,2.228334e+01,2.229022e+01,2.231771e+01,2.235894e+01,2.229022e+01,2.233146e+01,2.225584e+01,2.226271e+01,2.235207e+01,2.242762e+01,2.224208e+01,2.223520e+01,2.243448e+01,2.245507e+01,2.245507e+01,2.242762e+01,2.261967e+01,2.244135e+01,2.249625e+01,2.249625e+01,2.248939e+01,2.238642e+01,2.245507e+01,2.240015e+01,2.250997e+01,2.244135e+01,2.241389e+01,2.242762e+01,2.235894e+01,2.250997e+01,2.239328e+01,2.236581e+01,2.242762e+01,2.246194e+01,2.249625e+01,2.246880e+01,2.248939e+01,2.248252e+01,2.253741e+01,2.253741e+01,2.245507e+01,2.256483e+01,2.248252e+01,2.251683e+01,2.251683e+01,2.246880e+01,2.262652e+01,2.257854e+01,2.258540e+01,2.260596e+01,2.257854e+01,2.262652e+01,2.257854e+01,2.260596e+01,2.255798e+01,2.257854e+01,2.261282e+01,2.241389e+01,2.255112e+01,2.250997e+01,2.242075e+01,2.246880e+01,2.247566e+01,2.242075e+01,2.237955e+01,2.235207e+01,2.240015e+01,2.246194e+01,2.241389e+01,2.240702e+01,2.232458e+01,2.230396e+01,2.235894e+01,2.231084e+01,2.228334e+01,2.224208e+01,2.217328e+01,2.222145e+01,2.225584e+01,2.231084e+01,2.223520e+01,2.218705e+01,2.225584e+01,2.226271e+01,2.224896e+01,2.226271e+01,2.225584e+01,2.225584e+01,2.220081e+01,2.228334e+01,2.227647e+01,2.220769e+01,2.213886e+01,2.229709e+01,2.220081e+01,2.231771e+01,2.233833e+01,2.226959e+01,2.229022e+01,2.221457e+01,2.222145e+01,2.234520e+01,2.227647e+01,2.225584e+01,2.231771e+01,2.230396e+01,2.231084e+01,2.233146e+01,2.243448e+01,2.241389e+01,2.238642e+01,2.233833e+01,2.239328e+01,2.231084e+01,2.231084e+01,2.237955e+01,2.240015e+01,2.206999e+01,2.240702e+01,2.242075e+01,2.234520e+01,2.243448e+01,2.230396e+01,2.248252e+01,2.240702e+01,2.239328e+01,2.235894e+01,2.244135e+01,2.254426e+01,2.236581e+01,2.237955e+01,2.242075e+01,2.237955e+01,2.235207e+01,2.243448e+01,2.248939e+01,2.235207e+01,2.242075e+01,2.233146e+01,2.246194e+01,2.236581e+01,2.237268e+01,2.237268e+01,2.246880e+01,2.239328e+01,2.244135e+01,2.244821e+01,2.233833e+01,2.242075e+01,2.244821e+01,2.243448e+01,2.241389e+01,2.241389e+01,2.241389e+01,2.229709e+01,2.237268e+01,2.240702e+01,2.240702e+01,2.225584e+01,2.231771e+01,2.230396e+01,2.239328e+01,2.244135e+01,2.240702e+01,2.232458e+01,2.234520e+01,2.237268e+01,2.235894e+01,2.234520e+01,2.244821e+01,2.238642e+01,2.231771e+01,2.248252e+01,2.235894e+01,2.268817e+01,2.231771e+01,2.237955e+01,2.234520e+01,2.240702e+01,2.238642e+01,2.236581e+01,2.241389e+01,2.230396e+01,2.235207e+01,2.240702e+01,2.235207e+01,2.237268e+01,2.238642e+01,2.241389e+01,2.242075e+01,2.238642e+01,2.232458e+01,2.240702e+01,2.239328e+01,2.247566e+01,2.248939e+01,2.241389e+01,2.245507e+01,2.239328e+01,2.237955e+01,2.247566e+01,2.248939e+01,2.240702e+01,2.242075e+01,2.244135e+01,2.242075e+01,2.247566e+01,2.243448e+01,2.231084e+01,2.244821e+01,2.250997e+01,2.253741e+01,2.250997e+01,2.248252e+01,2.250997e+01,2.255798e+01,2.251683e+01,2.246194e+01,2.246194e+01,2.241389e+01,2.244821e+01,2.244135e+01,2.244135e+01,2.253741e+01,2.246880e+01,2.253055e+01,2.248252e+01,2.237955e+01,2.238642e+01,2.253741e+01,2.242075e+01,2.245507e+01,2.261282e+01,2.259911e+01,2.257854e+01,2.249625e+01,2.251683e+01,2.255798e+01,2.253741e+01,2.249625e+01,2.248939e+01,2.252369e+01,2.253055e+01,2.245507e+01,2.242075e+01,2.245507e+01,2.237268e+01,2.238642e+01,2.250997e+01,2.240015e+01,2.247566e+01,2.241389e+01,2.248939e+01,2.233146e+01,2.239328e+01,2.240015e+01,2.235894e+01,2.233146e+01,2.235207e+01,2.229022e+01,2.237268e+01,2.229022e+01,2.238642e+01,2.242075e+01,2.231084e+01,2.187691e+01,2.180786e+01,2.177332e+01,2.188381e+01,2.178713e+01,2.193901e+01,2.184239e+01,2.187000e+01,2.198729e+01,2.198039e+01,2.189071e+01,2.195280e+01,2.195280e+01,2.192521e+01,2.200107e+01,2.200107e+01,2.195280e+01,2.195970e+01,2.191141e+01,2.198729e+01,2.198729e+01,2.187691e+01,2.198039e+01,2.203554e+01,2.191141e+01,2.197349e+01,2.191831e+01,2.203554e+01,2.201486e+01,2.203554e+01,2.201486e+01,2.196660e+01,2.198039e+01,2.197349e+01,2.184929e+01,2.182858e+01,2.182858e+01,2.180095e+01,2.195970e+01,2.179404e+01,2.197349e+01,2.222833e+01,2.230396e+01,2.239328e+01,2.230396e+01,2.222145e+01,2.233833e+01,2.238642e+01,2.233146e+01,2.234520e+01,2.234520e+01,2.235894e+01,2.224896e+01,2.231771e+01,2.233146e+01,2.222833e+01,2.216640e+01,2.162811e+01,2.153119e+01,2.129544e+01,2.135790e+01,2.133014e+01,2.140645e+01,2.139952e+01,2.146884e+01,2.164195e+01,2.159351e+01,2.157967e+01,2.162811e+01,2.166962e+01,2.162811e+01,2.179404e+01,2.166270e+01,2.182167e+01,2.180786e+01,2.180786e+01,2.187691e+01,2.180786e+01,2.173185e+01,2.173876e+01,2.171111e+01,2.175949e+01,2.176641e+01,2.165579e+01,2.174567e+01,2.175258e+01,2.169728e+01,2.169728e+01,2.173185e+01,2.187691e+01,2.173185e+01,2.189761e+01,2.189761e+01,2.204243e+01,2.189071e+01,2.202865e+01,2.202865e+01,2.193901e+01,2.199418e+01,2.212509e+01,2.213198e+01,2.195280e+01,2.207688e+01,2.200797e+01,2.195970e+01,2.195280e+01,2.194591e+01,2.211821e+01,2.218016e+01,2.214575e+01,2.210443e+01,2.198039e+01,2.176641e+01,2.180786e+01,2.187000e+01,2.168345e+01,2.187691e+01,2.191831e+01,2.186310e+01,2.190451e+01,2.188381e+01,2.194591e+01,2.193901e+01,2.191141e+01,2.190451e+01,2.190451e+01,2.189071e+01,2.188381e+01,2.190451e+01,2.191831e+01,2.185620e+01,2.199418e+01,2.182858e+01,2.192521e+01,2.191141e+01,2.173876e+01,2.180786e+01,2.183548e+01,2.182858e+01,2.176641e+01,2.180095e+01,2.174567e+01,2.185620e+01,2.178022e+01,2.173876e+01,2.177332e+01,2.177332e+01,2.174567e+01,2.173185e+01,2.173876e+01,2.171802e+01,2.166962e+01,2.157274e+01,2.151734e+01,2.121905e+01,2.124683e+01,2.128850e+01,2.133014e+01,2.130238e+01,2.119126e+01,2.129544e+01,2.126072e+01,2.136484e+01,2.137871e+01,2.139258e+01,2.136484e+01,2.142032e+01,2.155197e+01,2.151042e+01,2.160043e+01,2.153812e+01,2.161427e+01,2.165579e+01,2.156582e+01,2.153812e+01,2.169728e+01,2.155197e+01,2.166270e+01,2.178022e+01,2.189071e+01,2.198729e+01,2.195280e+01,2.195970e+01,2.194591e+01,2.198039e+01,2.193211e+01,2.189761e+01,2.202865e+01,2.209066e+01,2.189071e+01,2.193901e+01,2.193211e+01,2.198729e+01,2.189071e+01,2.182858e+01,2.185620e+01,2.188381e+01,2.184929e+01,2.202176e+01,2.188381e+01,2.202865e+01,2.214575e+01,2.215952e+01,2.217328e+01,2.230396e+01,2.218016e+01,2.231771e+01,2.234520e+01,2.239328e+01,2.231084e+01,2.244821e+01,2.233833e+01,2.245507e+01,2.243448e+01,2.242075e+01,2.243448e+01,2.246880e+01,2.239328e+01,2.254426e+01,2.249625e+01,2.245507e+01,2.248939e+01,2.248939e+01,2.255112e+01,2.254426e+01,2.248252e+01,2.276347e+01,2.249625e+01,2.244821e+01,2.251683e+01,2.257854e+01,2.248939e+01,2.253055e+01,2.257854e+01,2.246194e+01,2.242762e+01,2.259911e+01,2.250311e+01,2.251683e+01,2.246880e+01,2.240015e+01,2.247566e+01,2.239328e+01,2.254426e+01,2.253741e+01,2.245507e+01,2.246880e+01,2.244821e+01,2.247566e+01,2.237955e+01,2.248939e+01,2.242762e+01,2.237955e+01,2.235894e+01,2.247566e+01,2.254426e+01,2.250311e+01,2.248939e+01,2.244135e+01,2.244821e+01,2.242075e+01,2.247566e+01,2.244821e+01,2.239328e+01,2.246880e+01,2.234520e+01,2.236581e+01,2.237268e+01,2.232458e+01,2.233146e+01,2.228334e+01,2.218016e+01,2.221457e+01,2.214575e+01,2.229709e+01,2.220769e+01,2.223520e+01,2.220769e+01,2.218705e+01,2.214575e+01,2.205621e+01,2.212509e+01,2.201486e+01,2.206999e+01,2.218705e+01,2.203554e+01,2.210443e+01,2.200107e+01,2.203554e+01,2.206310e+01,2.204243e+01,2.211132e+01,2.210443e+01,2.211132e+01,2.214575e+01,2.208377e+01,2.206310e+01,2.213198e+01,2.206310e+01,2.206999e+01,2.211821e+01,2.209066e+01,2.198729e+01,2.205621e+01,2.200797e+01,2.191141e+01,2.193901e+01,2.185620e+01,2.191141e+01,2.198039e+01,2.200107e+01,2.198039e+01,2.209066e+01,2.200107e+01,2.203554e+01,2.202865e+01,2.204932e+01,2.209755e+01,2.200797e+01,2.202865e+01,2.202865e+01,2.198039e+01,2.187691e+01,2.195970e+01,2.195970e+01,2.204243e+01,2.193901e+01,2.211821e+01,2.200797e+01,2.204932e+01,2.200797e+01,2.203554e+01,2.198729e+01,2.206999e+01,2.198729e+01,2.198729e+01,2.190451e+01,2.197349e+01,2.193901e+01,2.198039e+01,2.195280e+01,2.186310e+01,2.194591e+01,2.191831e+01,2.191141e+01,2.191831e+01,2.192521e+01
2.231771e+01,2.201486e+01,2.221457e+01,2.207688e+01,2.215263e+01,2.213198e+01,2.217328e+01,2.221457e+01,2.222145e+01,2.218705e+01,2.200797e+01,2.218016e+01,2.224896e+01,2.226959e+01,2.222833e+01,2.218016e+01,2.218016e+01,2.217328e+01,2.224208e+01,2.220081e+01,2.222145e+01,2.215952e+01,2.230396e+01,2.222833e+01,2.224208e+01,2.227647e+01,2.224896e+01,2.226959e+01,2.240015e+01,2.236581e+01,2.228334e+01,2.235207e+01,2.228334e+01,2.226271e+01,2.248939e+01,2.233146e+01,2.237268e+01,2.226959e+01,2.244135e+01,2.228334e+01,2.244821e+01,2.245507e+01,2.244821e+01,2.246194e+01,2.240702e+01,2.244135e+01,2.244821e+01,2.240702e+01,2.240702e+01,2.244135e+01,2.251683e+01,2.240015e+01,2.250311e+01,2.240015e+01,2.238642e+01,2.244135e+01,2.236581e+01,2.247566e+01,2.248939e+01,2.246194e+01,2.246880e+01,2.245507e+01,2.246194e+01,2.245507e+01,2.255112e+01,2.244821e+01,2.249625e+01,2.246194e+01,2.255798e+01,2.256483e+01,2.254426e+01,2.258540e+01,2.253741e+01,2.258540e+01,2.246880e+01,2.244821e+01,2.249625e+01,2.252369e+01,2.249625e+01,2.257169e+01,2.255112e+01,2.260596e+01,2.255798e+01,2.257169e+01,2.258540e+01,2.253741e+01,2.244821e+01,2.252369e+01,2.246194e+01,2.248252e+01,2.244821e+01,2.245507e+01,2.243448e+01,2.237955e+01,2.246880e+01,2.236581e+01,2.239328e+01,2.225584e+01,2.234520e+01,2.231771e+01,2.235207e+01,2.231771e+01,2.226959e+01,2.224208e+01,2.223520e+01,2.222145e+01,2.231771e+01,2.224896e+01,2.235207e+01,2.224208e+01,2.231084e+01,2.224896e+01,2.218016e+01,2.223520e+01,2.224208e+01,2.217328e+01,2.218705e+01,2.223520e+01,2.222145e+01,2.221457e+01,2.223520e+01,2.222145e+01,2.226959e+01,2.220081e+01,2.222145e+01,2.233833e+01,2.231084e+01,2.224208e+01,2.225584e+01,2.233833e+01,2.232458e+01,2.246194e+01,2.233146e+01,2.233146e+01,2.231771e+01,2.227647e+01,2.245507e+01,2.234520e+01,2.244135e+01,2.243448e+01,2.242762e+01,2.233146e+01,2.235207e+01,2.231771e+01,2.240702e+01,2.234520e+01,2.243448e+01,2.242762e+01,2.235207e+01,2.239328e+01,2.244135e+01,2.245507e+01,2.238642e+01,2.239328e+01,2.239328e+01,2.244821e+01,2.248252e+01,2.238642e+01,2.240702e+01,2.238642e+01,2.242075e+01,2.242075e+01,2.240015e+01,2.237268e+01,2.240702e+01,2.230396e+01,2.237955e+01,2.237955e+01,2.237955e+01,2.242075e+01,2.240015e+01,2.238642e+01,2.239328e+01,2.240015e+01,2.244135e+01,2.248939e+01,2.242075e+01,2.242075e+01,2.231084e+01,2.242075e+01,2.233833e+01,2.231771e+01,2.239328e+01,2.244821e+01,2.229709e+01,2.234520e+01,2.230396e+01,2.229022e+01,2.240015e+01,2.237268e+01,2.227647e+01,2.234520e+01,2.231771e+01,2.229022e+01,2.234520e+01,2.235894e+01,2.233833e+01,2.240015e+01,2.230396e+01,2.237955e+01,2.236581e+01,2.231771e+01,2.237268e+01,2.230396e+01,2.235894e+01,2.235207e+01,2.235207e+01,2.240702e+01,2.246880e+01,2.244821e+01,2.231084e+01,2.229709e+01,2.241389e+01,2.233146e+01,2.232458e+01,2.233146e+01,2.238642e+01,2.241389e+01,2.239328e+01,2.240015e+01,2.240702e+01,2.250997e+01,2.238642e+01,2.249625e+01,2.248939e+01,2.242075e+01,2.241389e+01,2.236581e+01,2.239328e+01,2.246194e+01,2.240015e+01,2.244821e+01,2.246194e+01,2.247566e+01,2.244821e+01,2.246194e+01,2.246194e+01,2.253055e+01,2.250997e+01,2.249625e+01,2.248252e+01,2.248252e+01,2.250997e+01,2.247566e+01,2.255112e+01,2.253741e+01,2.255798e+01,2.252369e+01,2.246880e+01,2.250311e+01,2.252369e+01,2.250997e+01,2.250311e+01,2.253741e+01,2.256483e+01,2.253741e+01,2.255112e+01,2.251683e+01,2.258540e+01,2.258540e+01,2.261282e+01,2.246880e+01,2.256483e+01,2.253741e+01,2.258540e+01,2.252369e+01,2.250311e+01,2.244821e+01,2.251683e+01,2.251683e+01,2.244821e+01,2.254426e+01,2.248252e+01,2.245507e+01,2.236581e+01,2.237268e+01,2.244135e+01,2.236581e+01,2.242075e+01,2.229022e+01,2.229709e+01,2.237268e+01,2.227647e+01,2.232458e+01,2.233833e+01,2.235894e+01,2.225584e+01,2.229709e+01,2.230396e+01,2.225584e+01,2.228334e+01,2.227647e+01,2.204243e+01,2.175949e+01,2.176641e+01,2.166962e+01,2.187691e+01,2.187691e+01,2.182858e+01,2.190451e+01,2.184239e+01,2.191141e+01,2.195280e+01,2.192521e+01,2.190451e+01,2.198729e+01,2.205621e+01,2.201486e+01,2.198039e+01,2.199418e+01,2.195970e+01,2.200797e+01,2.211132e+01,2.203554e+01,2.200797e+01,2.202176e+01,2.194591e+01,2.201486e+01,2.200797e+01,2.194591e+01,2.204932e+01,2.197349e+01,2.198039e+01,2.195280e+01,2.189761e+01,2.187000e+01,2.184929e+01,2.190451e+01,2.182167e+01,2.190451e+01,2.178022e+01,2.179404e+01,2.185620e+01,2.198039e+01,2.220769e+01,2.232458e+01,2.235207e+01,2.232458e+01,2.228334e+01,2.225584e+01,2.228334e+01,2.231084e+01,2.227647e+01,2.230396e+01,2.231771e+01,2.222145e+01,2.231084e+01,2.240702e+01,2.218705e+01,2.229022e+01,2.198729e+01,2.166270e+01,2.132320e+01,2.129544e+01,2.139952e+01,2.137871e+01,2.140645e+01,2.144112e+01,2.151042e+01,2.142032e+01,2.163503e+01,2.163503e+01,2.166270e+01,2.162811e+01,2.158659e+01,2.177332e+01,2.168345e+01,2.172494e+01,2.181476e+01,2.170420e+01,2.177332e+01,2.171111e+01,2.173876e+01,2.180095e+01,2.171111e+01,2.176641e+01,2.166962e+01,2.171802e+01,2.179404e+01,2.168345e+01,2.168345e+01,2.172494e+01,2.169037e+01,2.189071e+01,2.174567e+01,2.192521e+01,2.188381e+01,2.191831e+01,2.195280e+01,2.202865e+01,2.210443e+01,2.211821e+01,2.211132e+01,2.209755e+01,2.210443e+01,2.204932e+01,2.195280e+01,2.196660e+01,2.200797e+01,2.191831e+01,2.206310e+01,2.214575e+01,2.195970e+01,2.215263e+01,2.192521e+01,2.176641e+01,2.187000e+01,2.180786e+01,2.183548e+01,2.173876e+01,2.184239e+01,2.184239e+01,2.192521e+01,2.198729e+01,2.193211e+01,2.193211e+01,2.192521e+01,2.184929e+01,2.188381e+01,2.188381e+01,2.186310e+01,2.189071e+01,2.193211e+01,2.191831e+01,2.193211e+01,2.187691e+01,2.189071e+01,2.187000e+01,2.186310e+01,2.189761e+01,2.194591e+01,2.181476e+01,2.179404e+01,2.181476e+01,2.177332e+01,2.182167e+01,2.181476e+01,2.171802e+01,2.180786e+01,2.174567e+01,2.173876e+01,2.152427e+01,2.181476e+01,2.169037e+01,2.159351e+01,2.157967e+01,2.128156e+01,2.126767e+01,2.133014e+01,2.130238e+01,2.130238e+01,2.133014e+01,2.128850e+01,2.126767e+01,2.123294e+01,2.128850e+01,2.135790e+01,2.136484e+01,2.149656e+01,2.148270e+01,2.150349e+01,2.151042e+01,2.160043e+01,2.152427e+01,2.158659e+01,2.158659e+01,2.160735e+01,2.169728e+01,2.157967e+01,2.160735e+01,2.155197e+01,2.174567e+01,2.175258e+01,2.189071e+01,2.191831e+01,2.201486e+01,2.194591e+01,2.190451e+01,2.192521e+01,2.195970e+01,2.190451e+01,2.196660e+01,2.197349e+01,2.200107e+01,2.193211e+01,2.189761e+01,2.193211e+01,2.186310e+01,2.190451e+01,2.184239e+01,2.188381e+01,2.209066e+01,2.203554e+01,2.200797e+01,2.207688e+01,2.213886e+01,2.215263e+01,2.222833e+01,2.219393e+01,2.217328e+01,2.228334e+01,2.240015e+01,2.239328e+01,2.232458e+01,2.248939e+01,2.242762e+01,2.242075e+01,2.242075e+01,2.253055e+01,2.254426e+01,2.253055e+01,2.266763e+01,2.251683e+01,2.245507e+01,2.249625e+01,2.250311e+01,2.251683e+01,2.249625e+01,2.249625e+01,2.243448e+01,2.254426e+01,2.253055e+01,2.259225e+01,2.257854e+01,2.250311e+01,2.252369e+01,2.258540e+01,2.250997e+01,2.245507e+01,2.253055e+01,2.243448e+01,2.242075e+01,2.239328e+01,2.243448e+01,2.246880e+01,2.254426e+01,2.243448e+01,2.250311e+01,2.246194e+01,2.245507e+01,2.253055e+01,2.244135e+01,2.241389e+01,2.248252e+01,2.248939e+01,2.241389e+01,2.244821e+01,2.250997e+01,2.244821e+01,2.248939e+01,2.244821e+01,2.244821e+01,2.247566e+01,2.245507e+01,2.246194e+01,2.242075e+01,2.242075e+01,2.240015e+01,2.250311e+01,2.240702e+01,2.237268e+01,2.231771e+01,2.230396e+01,2.222833e+01,2.223520e+01,2.218705e+01,2.222833e+01,2.225584e+01,2.217328e+01,2.218016e+01,2.217328e+01,2.215952e+01,2.212509e+01,2.219393e+01,2.203554e+01,2.203554e+01,2.194591e+01,2.211821e+01,2.204932e+01,2.211132e+01,2.206310e+01,2.200797e+01,2.210443e+01,2.207688e+01,2.211132e+01,2.211132e+01,2.211821e+01,2.206999e+01,2.205621e+01,2.211132e+01,2.207688e+01,2.213198e+01,2.204243e+01,2.211132e+01,2.211821e+01,2.204932e+01,2.200797e+01,2.200107e+01,2.204932e+01,2.198039e+01,2.210443e+01,2.198729e+01,2.192521e+01,2.189071e+01,2.190451e+01,2.200797e+01,2.199418e+01,2.194591e+01,2.198039e+01,2.195970e+01,2.205621e+01,2.202865e+01,2.204932e+01,2.197349e+01,2.199418e+01,2.197349e+01,2.198039e+01,2.192521e+01,2.210443e+01,2.195970e+01,2.197349e+01,2.200797e+01,2.199418e+01,2.196660e+01,2.200107e+01,2.191141e+01,2.199418e+01,2.211132e+01,2.194591e+01,2.198039e+01,2.191141e+01,2.189761e+01,2.191831e+01,2.190451e+01,2.194591e+01,2.194591e+01,2.193901e+01,2.194591e+01,2.194591e+01,2.191831e+01
2.214575e+01,2.226271e+01,2.215263e+01,2.205621e+01,2.220081e+01,2.208377e+01,2.216640e+01,2.219393e+01,2.222145e+01,2.211132e+01,2.222145e+01,2.229709e+01,2.215952e+01,2.223520e+01,2.219393e+01,2.220081e+01,2.220081e+01,2.213886e+01,2.214575e+01,2.215952e+01,2.215952e+01,2.221457e+01,2.222833e+01,2.220769e+01,2.216640e+01,2.217328e+01,2.227647e+01,2.226271e+01,2.245507e+01,2.229022e+01,2.228334e+01,2.234520e+01,2.230396e+01,2.232458e+01,2.228334e+01,2.219393e+01,2.234520e+01,2.240702e+01,2.233146e+01,2.233146e+01,2.246194e+01,2.224896e+01,2.248252e+01,2.244135e+01,2.244135e+01,2.241389e+01,2.244135e+01,2.245507e+01,2.249625e+01,2.245507e+01,2.250997e+01,2.238642e+01,2.240702e+01,2.244821e+01,2.233146e+01,2.240015e+01,2.239328e+01,2.234520e+01,2.237268e+01,2.237268e+01,2.237955e+01,2.250997e+01,2.252369e+01,2.245507e+01,2.246194e+01,2.256483e+01,2.242762e+01,2.256483e+01,2.257169e+01,2.254426e+01,2.253741e+01,2.251683e+01,2.252369e+01,2.259225e+01,2.246194e+01,2.246880e+01,2.254426e+01,2.250997e+01,2.259911e+01,2.248252e+01,2.246880e+01,2.236581e+01,2.247566e+01,2.244135e+01,2.241389e+01,2.240015e+01,2.256483e+01,2.242075e+01,2.245507e+01,2.246880e+01,2.242762e+01,2.245507e+01,2.246880e+01,2.237268e+01,2.250997e+01,2.235207e+01,2.233833e+01,2.231771e+01,2.233146e+01,2.235207e+01,2.231771e+01,2.231084e+01,2.227647e+01,2.225584e+01,2.226959e+01,2.215263e+01,2.227647e+01,2.223520e+01,2.223520e+01,2.233146e+01,2.227647e+01,2.221457e+01,2.230396e+01,2.224896e+01,2.224896e+01,2.226271e+01,2.222145e+01,2.218705e+01,2.225584e+01,2.222833e+01,2.220081e+01,2.230396e+01,2.220081e+01,2.220769e+01,2.204932e+01,2.218016e+01,2.221457e+01,2.231084e+01,2.233146e+01,2.215263e+01,2.233833e+01,2.231771e+01,2.233833e+01,2.227647e+01,2.231771e+01,2.233833e+01,2.232458e+01,2.236581e+01,2.239328e+01,2.244135e+01,2.234520e+01,2.231084e+01,2.233146e+01,2.233833e+01,2.233833e+01,2.235207e+01,2.243448e+01,2.233146e+01,2.238642e+01,2.239328e+01,2.242762e+01,2.240015e+01,2.235894e+01,2.245507e+01,2.240702e+01,2.240702e+01,2.246194e+01,2.238642e+01,2.240702e+01,2.239328e+01,2.237955e+01,2.238642e+01,2.231771e+01,2.243448e+01,2.240015e+01,2.240702e+01,2.246194e+01,2.237955e+01,2.226959e+01,2.237955e+01,2.240015e+01,2.237955e+01,2.219393e+01,2.240702e+01,2.237268e+01,2.245507e+01,2.241389e+01,2.244135e+01,2.240015e+01,2.242762e+01,2.240015e+01,2.230396e+01,2.231771e+01,2.237955e+01,2.229022e+01,2.227647e+01,2.240015e+01,2.229709e+01,2.229709e+01,2.240702e+01,2.231084e+01,2.232458e+01,2.227647e+01,2.233146e+01,2.237268e+01,2.237268e+01,2.235894e+01,2.234520e+01,2.236581e+01,2.234520e+01,2.233146e+01,2.242075e+01,2.227647e+01,2.244135e+01,2.233146e+01,2.235894e+01,2.236581e+01,2.233146e+01,2.235207e+01,2.243448e+01,2.239328e+01,2.240702e+01,2.234520e+01,2.235207e+01,2.240702e+01,2.238642e+01,2.235894e+01,2.237955e+01,2.240015e+01,2.237955e+01,2.237955e+01,2.242762e+01,2.239328e+01,2.246194e+01,2.236581e+01,2.245507e+01,2.244821e+01,2.237955e+01,2.237955e+01,2.240015e+01,2.240702e+01,2.249625e+01,2.244821e+01,2.245507e+01,2.248939e+01,2.261967e+01,2.255112e+01,2.252369e+01,2.246194e+01,2.250997e+01,2.249625e+01,2.254426e+01,2.250997e+01,2.249625e+01,2.250997e+01,2.248939e+01,2.252369e+01,2.246880e+01,2.250311e+01,2.248252e+01,2.260596e+01,2.246880e+01,2.248939e+01,2.266078e+01,2.257169e+01,2.243448e+01,2.264022e+01,2.254426e+01,2.259911e+01,2.251683e+01,2.258540e+01,2.251683e+01,2.261282e+01,2.256483e+01,2.255798e+01,2.257854e+01,2.239328e+01,2.254426e+01,2.252369e+01,2.252369e+01,2.250997e+01,2.246880e+01,2.242762e+01,2.242075e+01,2.237268e+01,2.233833e+01,2.234520e+01,2.235894e+01,2.234520e+01,2.228334e+01,2.248939e+01,2.224896e+01,2.237268e+01,2.233146e+01,2.223520e+01,2.226959e+01,2.226959e+01,2.225584e+01,2.232458e+01,2.217328e+01,2.234520e+01,2.199418e+01,2.182858e+01,2.166270e+01,2.180095e+01,2.184239e+01,2.175258e+01,2.195970e+01,2.184239e+01,2.196660e+01,2.193211e+01,2.189071e+01,2.192521e+01,2.194591e+01,2.203554e+01,2.197349e+01,2.201486e+01,2.201486e+01,2.202865e+01,2.192521e+01,2.201486e+01,2.200797e+01,2.189761e+01,2.206310e+01,2.184929e+01,2.198039e+01,2.200797e+01,2.202176e+01,2.201486e+01,2.198729e+01,2.204932e+01,2.195970e+01,2.201486e+01,2.195970e+01,2.201486e+01,2.192521e+01,2.198729e+01,2.193211e+01,2.182167e+01,2.189761e+01,2.184929e+01,2.190451e+01,2.194591e+01,2.179404e+01,2.189761e+01,2.222145e+01,2.229022e+01,2.230396e+01,2.229022e+01,2.227647e+01,2.217328e+01,2.224896e+01,2.222833e+01,2.215952e+01,2.223520e+01,2.223520e+01,2.233146e+01,2.220769e+01,2.220081e+01,2.214575e+01,2.223520e+01,2.198729e+01,2.160735e+01,2.139258e+01,2.127461e+01,2.139952e+01,2.140645e+01,2.142032e+01,2.146884e+01,2.151042e+01,2.160043e+01,2.155197e+01,2.170420e+01,2.162119e+01,2.172494e+01,2.176641e+01,2.170420e+01,2.174567e+01,2.169037e+01,2.169037e+01,2.171111e+01,2.173185e+01,2.178022e+01,2.178713e+01,2.180095e+01,2.180095e+01,2.177332e+01,2.175258e+01,2.168345e+01,2.168345e+01,2.173876e+01,2.177332e+01,2.175258e+01,2.175258e+01,2.176641e+01,2.181476e+01,2.194591e+01,2.189071e+01,2.200107e+01,2.213886e+01,2.206310e+01,2.209066e+01,2.210443e+01,2.198729e+01,2.209755e+01,2.185620e+01,2.188381e+01,2.189761e+01,2.190451e+01,2.193211e+01,2.188381e+01,2.195280e+01,2.191141e+01,2.190451e+01,2.189761e+01,2.182858e+01,2.171111e+01,2.180786e+01,2.168345e+01,2.186310e+01,2.191141e+01,2.191831e+01,2.195280e+01,2.194591e+01,2.198729e+01,2.191141e+01,2.191831e+01,2.190451e+01,2.182858e+01,2.188381e+01,2.187000e+01,2.191141e+01,2.189761e+01,2.189761e+01,2.193901e+01,2.188381e+01,2.195280e+01,2.192521e+01,2.191831e+01,2.188381e+01,2.191831e+01,2.189761e+01,2.178022e+01,2.178713e+01,2.182167e+01,2.180095e+01,2.188381e+01,2.189761e+01,2.183548e+01,2.180095e+01,2.188381e+01,2.180095e+01,2.191141e+01,2.188381e+01,2.160735e+01,2.159351e+01,2.136484e+01,2.132320e+01,2.124683e+01,2.134402e+01,2.139258e+01,2.135096e+01,2.133708e+01,2.127461e+01,2.128850e+01,2.133708e+01,2.154505e+01,2.144805e+01,2.157274e+01,2.148963e+01,2.162811e+01,2.151042e+01,2.145498e+01,2.143419e+01,2.165579e+01,2.153812e+01,2.155197e+01,2.152427e+01,2.161427e+01,2.162119e+01,2.146191e+01,2.139258e+01,2.149656e+01,2.169728e+01,2.166270e+01,2.178022e+01,2.189071e+01,2.190451e+01,2.200797e+01,2.206310e+01,2.197349e+01,2.202865e+01,2.212509e+01,2.201486e+01,2.196660e+01,2.180786e+01,2.207688e+01,2.195280e+01,2.195970e+01,2.196660e+01,2.195280e+01,2.196660e+01,2.205621e+01,2.204932e+01,2.194591e+01,2.212509e+01,2.208377e+01,2.219393e+01,2.221457e+01,2.220081e+01,2.217328e+01,2.235894e+01,2.238642e+01,2.244821e+01,2.236581e+01,2.238642e+01,2.239328e+01,2.236581e+01,2.246880e+01,2.239328e+01,2.240015e+01,2.244135e+01,2.244135e+01,2.253055e+01,2.250997e+01,2.248252e+01,2.249625e+01,2.248939e+01,2.251683e+01,2.255798e+01,2.243448e+01,2.244135e+01,2.245507e+01,2.251683e+01,2.249625e+01,2.257169e+01,2.246194e+01,2.250997e+01,2.252369e+01,2.244135e+01,2.242762e+01,2.244135e+01,2.255112e+01,2.251683e+01,2.249625e+01,2.235207e+01,2.248252e+01,2.244135e+01,2.251683e+01,2.248939e+01,2.248939e+01,2.243448e+01,2.249625e+01,2.247566e+01,2.244135e+01,2.239328e+01,2.240015e+01,2.241389e+01,2.248252e+01,2.240015e+01,2.246880e+01,2.242762e+01,2.246194e+01,2.243448e+01,2.244821e+01,2.238642e+01,2.240015e+01,2.242075e+01,2.242075e+01,2.230396e+01,2.238642e+01,2.229022e+01,2.222833e+01,2.216640e+01,2.223520e+01,2.229022e+01,2.215952e+01,2.217328e+01,2.218016e+01,2.213886e+01,2.213198e+01,2.215263e+01,2.224208e+01,2.209066e+01,2.220081e+01,2.208377e+01,2.206310e+01,2.202865e+01,2.206999e+01,2.202176e+01,2.211821e+01,2.206999e+01,2.223520e+01,2.209755e+01,2.211132e+01,2.209755e+01,2.205621e+01,2.220769e+01,2.215952e+01,2.202865e+01,2.195280e+01,2.211132e+01,2.215263e+01,2.204243e+01,2.203554e+01,2.201486e+01,2.209066e+01,2.200107e+01,2.206999e+01,2.201486e+01,2.197349e+01,2.194591e+01,2.189761e+01,2.190451e+01,2.206310e+01,2.210443e+01,2.204243e+01,2.210443e+01,2.193211e+01,2.207688e+01,2.196660e+01,2.201486e+01,2.204243e+01,2.195970e+01,2.202865e+01,2.198729e+01,2.192521e+01,2.210443e+01,2.202176e+01,2.193901e+01,2.199418e+01,2.197349e+01,2.202176e+01,2.198729e+01,2.207688e+01,2.200107e+01,2.193901e+01,2.202865e+01,2.197349e+01,2.188381e+01,2.193211e+01,2.197349e+01,2.192521e+01,2.195970e+01,2.193211e+01,2.195970e+01,2.194591e+01,2.191141e+01,2.190451e+01,2.204243e+01
2.210443e+01,2.220081e+01,2.212509e+01,2.222145e+01,2.217328e+01,2.220081e+01,2.220769e+01,2.218705e+01,2.222145e+01,2.220769e+01,2.211821e+01,2.217328e+01,2.224208e+01,2.222145e+01,2.222833e+01,2.213886e+01,2.209755e+01,2.223520e+01,2.229022e+01,2.215263e+01,2.224208e+01,2.223520e+01,2.219393e+01,2.233146e+01,2.220081e+01,2.213886e+01,2.222145e+01,2.220081e+01,2.226959e+01,2.230396e+01,2.231084e+01,2.239328e+01,2.229022e+01,2.231084e+01,2.228334e+01,2.216640e+01,2.228334e+01,2.220081e+01,2.224208e+01,2.219393e+01,2.244135e+01,2.240702e+01,2.234520e+01,2.236581e+01,2.236581e+01,2.236581e+01,2.244821e+01,2.246880e+01,2.242075e+01,2.245507e+01,2.242075e+01,2.246194e+01,2.237955e+01,2.240702e+01,2.235894e+01,2.240015e+01,2.235207e+01,2.240702e+01,2.233146e+01,2.240702e+01,2.242762e+01,2.252369e+01,2.249625e+01,2.240702e+01,2.241389e+01,2.238642e+01,2.241389e+01,2.240702e+01,2.246194e+01,2.261282e+01,2.246880e+01,2.250997e+01,2.245507e+01,2.248939e+01,2.248939e+01,2.249625e+01,2.259911e+01,2.256483e+01,2.246880e+01,2.252369e+01,2.250997e+01,2.250997e+01,2.253055e+01,2.257169e+01,2.240015e+01,2.252369e+01,2.250311e+01,2.245507e+01,2.251683e+01,2.248252e+01,2.247566e+01,2.248252e+01,2.237955e+01,2.235207e+01,2.235894e+01,2.235207e+01,2.233833e+01,2.244821e+01,2.234520e+01,2.229709e+01,2.230396e+01,2.233833e+01,2.237268e+01,2.231084e+01,2.222833e+01,2.226959e+01,2.223520e+01,2.220769e+01,2.224896e+01,2.220769e+01,2.228334e+01,2.227647e+01,2.220081e+01,2.222145e+01,2.225584e+01,2.226959e+01,2.226959e+01,2.224896e+01,2.228334e+01,2.229022e+01,2.221457e+01,2.220769e+01,2.227647e+01,2.224208e+01,2.224208e+01,2.225584e+01,2.224208e+01,2.228334e+01,2.227647e+01,2.229022e+01,2.235207e+01,2.231771e+01,2.231771e+01,2.207688e+01,2.237955e+01,2.228334e+01,2.222145e+01,2.220081e+01,2.230396e+01,2.238642e+01,2.237268e+01,2.231084e+01,2.240015e+01,2.237955e+01,2.240015e+01,2.231084e+01,2.242762e+01,2.237268e+01,2.239328e+01,2.231084e+01,2.243448e+01,2.244821e+01,2.243448e+01,2.240702e+01,2.241389e+01,2.240702e+01,2.242075e+01,2.241389e+01,2.239328e+01,2.240015e+01,2.244135e+01,2.237268e+01,2.244135e+01,2.242762e+01,2.243448e+01,2.242762e+01,2.226959e+01,2.235207e+01,2.237268e+01,2.237268e+01,2.239328e+01,2.240702e+01,2.241389e+01,2.239328e+01,2.235894e+01,2.242762e+01,2.235894e+01,2.242762e+01,2.231084e+01,2.238642e+01,2.235207e+01,2.239328e+01,2.244135e+01,2.225584e+01,2.229022e+01,2.233833e+01,2.229022e+01,2.230396e+01,2.229709e+01,2.235894e+01,2.232458e+01,2.240015e+01,2.233833e+01,2.232458e+01,2.237268e+01,2.236581e+01,2.229709e+01,2.233833e+01,2.234520e+01,2.233146e+01,2.226959e+01,2.231084e+01,2.245507e+01,2.228334e+01,2.240702e+01,2.235894e+01,2.242762e+01,2.234520e+01,2.235894e+01,2.238642e+01,2.240702e+01,2.236581e+01,2.233146e+01,2.241389e+01,2.236581e+01,2.240702e+01,2.251683e+01,2.239328e+01,2.242762e+01,2.237268e+01,2.250997e+01,2.240015e+01,2.248939e+01,2.240702e+01,2.238642e+01,2.242762e+01,2.261967e+01,2.237268e+01,2.263337e+01,2.253741e+01,2.248252e+01,2.240015e+01,2.248252e+01,2.242762e+01,2.244135e+01,2.248252e+01,2.245507e+01,2.251683e+01,2.246880e+01,2.247566e+01,2.246880e+01,2.250311e+01,2.247566e+01,2.257169e+01,2.251683e+01,2.249625e+01,2.252369e+01,2.253741e+01,2.252369e+01,2.249625e+01,2.252369e+01,2.249625e+01,2.252369e+01,2.257169e+01,2.248939e+01,2.250311e+01,2.255112e+01,2.245507e+01,2.253741e+01,2.259911e+01,2.253741e+01,2.235894e+01,2.263337e+01,2.250311e+01,2.244821e+01,2.244135e+01,2.244135e+01,2.247566e+01,2.246194e+01,2.248252e+01,2.240015e+01,2.242075e+01,2.243448e+01,2.241389e+01,2.236581e+01,2.235894e+01,2.235207e+01,2.237955e+01,2.233833e+01,2.223520e+01,2.225584e+01,2.229022e+01,2.223520e+01,2.231084e+01,2.228334e+01,2.221457e+01,2.222833e+01,2.224208e+01,2.227647e+01,2.220081e+01,2.215952e+01,2.189071e+01,2.182858e+01,2.168345e+01,2.185620e+01,2.182167e+01,2.169037e+01,2.182858e+01,2.195280e+01,2.193901e+01,2.193901e+01,2.190451e+01,2.198729e+01,2.201486e+01,2.194591e+01,2.198039e+01,2.198729e+01,2.200797e+01,2.200797e+01,2.201486e+01,2.202176e+01,2.202176e+01,2.212509e+01,2.200797e+01,2.211132e+01,2.212509e+01,2.206310e+01,2.195970e+01,2.202865e+01,2.209066e+01,2.206310e+01,2.203554e+01,2.202176e+01,2.193901e+01,2.195280e+01,2.199418e+01,2.200797e+01,2.201486e+01,2.191831e+01,2.188381e+01,2.188381e+01,2.184929e+01,2.184929e+01,2.190451e+01,2.191141e+01,2.216640e+01,2.217328e+01,2.218705e+01,2.219393e+01,2.228334e+01,2.223520e+01,2.220769e+01,2.215952e+01,2.224896e+01,2.213886e+01,2.219393e+01,2.216640e+01,2.225584e+01,2.226271e+01,2.218016e+01,2.213886e+01,2.213886e+01,2.209066e+01,2.168345e+01,2.142032e+01,2.133014e+01,2.137177e+01,2.145498e+01,2.140645e+01,2.139952e+01,2.150349e+01,2.155890e+01,2.153119e+01,2.154505e+01,2.164887e+01,2.164887e+01,2.163503e+01,2.174567e+01,2.164195e+01,2.166270e+01,2.147577e+01,2.171111e+01,2.169037e+01,2.176641e+01,2.175949e+01,2.172494e+01,2.171802e+01,2.171802e+01,2.170420e+01,2.168345e+01,2.172494e+01,2.166962e+01,2.176641e+01,2.175949e+01,2.175258e+01,2.188381e+01,2.180786e+01,2.194591e+01,2.199418e+01,2.200107e+01,2.204932e+01,2.210443e+01,2.189071e+01,2.194591e+01,2.195970e+01,2.189071e+01,2.198729e+01,2.187691e+01,2.187691e+01,2.191831e+01,2.205621e+01,2.187691e+01,2.191141e+01,2.191141e+01,2.189761e+01,2.182858e+01,2.187000e+01,2.187691e+01,2.175949e+01,2.184239e+01,2.188381e+01,2.189071e+01,2.193901e+01,2.180095e+01,2.201486e+01,2.202176e+01,2.192521e+01,2.193901e+01,2.181476e+01,2.189761e+01,2.189071e+01,2.191831e+01,2.193901e+01,2.189761e+01,2.204932e+01,2.191831e+01,2.192521e+01,2.190451e+01,2.192521e+01,2.188381e+01,2.180095e+01,2.182858e+01,2.180095e+01,2.182167e+01,2.183548e+01,2.187691e+01,2.189071e+01,2.180095e+01,2.175949e+01,2.184929e+01,2.185620e+01,2.185620e+01,2.168345e+01,2.173185e+01,2.172494e+01,2.163503e+01,2.142032e+01,2.147577e+01,2.132320e+01,2.140645e+01,2.146191e+01,2.137177e+01,2.136484e+01,2.141339e+01,2.130932e+01,2.135790e+01,2.153812e+01,2.139258e+01,2.153119e+01,2.153812e+01,2.151042e+01,2.151042e+01,2.149656e+01,2.162119e+01,2.156582e+01,2.159351e+01,2.160735e+01,2.144112e+01,2.147577e+01,2.157967e+01,2.137871e+01,2.152427e+01,2.137871e+01,2.148270e+01,2.151042e+01,2.153812e+01,2.181476e+01,2.186310e+01,2.189761e+01,2.200107e+01,2.194591e+01,2.204932e+01,2.197349e+01,2.207688e+01,2.193901e+01,2.193901e+01,2.194591e+01,2.193901e+01,2.190451e+01,2.194591e+01,2.194591e+01,2.200797e+01,2.196660e+01,2.201486e+01,2.204243e+01,2.209066e+01,2.218016e+01,2.220769e+01,2.225584e+01,2.231771e+01,2.231771e+01,2.225584e+01,2.230396e+01,2.235894e+01,2.233146e+01,2.231084e+01,2.245507e+01,2.242762e+01,2.243448e+01,2.247566e+01,2.244135e+01,2.242075e+01,2.248939e+01,2.250311e+01,2.250311e+01,2.246880e+01,2.242762e+01,2.255112e+01,2.248252e+01,2.248939e+01,2.250311e+01,2.248252e+01,2.245507e+01,2.246194e+01,2.248939e+01,2.250997e+01,2.250997e+01,2.248252e+01,2.255798e+01,2.258540e+01,2.254426e+01,2.243448e+01,2.249625e+01,2.240015e+01,2.246880e+01,2.247566e+01,2.246880e+01,2.250311e+01,2.249625e+01,2.241389e+01,2.245507e+01,2.248252e+01,2.239328e+01,2.237268e+01,2.244135e+01,2.240702e+01,2.243448e+01,2.241389e+01,2.250997e+01,2.242762e+01,2.247566e+01,2.225584e+01,2.239328e+01,2.238642e+01,2.229022e+01,2.245507e+01,2.240015e+01,2.238642e+01,2.237268e+01,2.230396e+01,2.224896e+01,2.229709e+01,2.219393e+01,2.228334e+01,2.233146e+01,2.218705e+01,2.215952e+01,2.217328e+01,2.219393e+01,2.215952e+01,2.217328e+01,2.215263e+01,2.214575e+01,2.204243e+01,2.215952e+01,2.209066e+01,2.206310e+01,2.211821e+01,2.211132e+01,2.211821e+01,2.202176e+01,2.197349e+01,2.209755e+01,2.209755e+01,2.195970e+01,2.210443e+01,2.212509e+01,2.195280e+01,2.230396e+01,2.208377e+01,2.205621e+01,2.202176e+01,2.209066e+01,2.203554e+01,2.203554e+01,2.206310e+01,2.204243e+01,2.201486e+01,2.198729e+01,2.205621e+01,2.198039e+01,2.206310e+01,2.189071e+01,2.189761e+01,2.213198e+01,2.211132e+01,2.206310e+01,2.206310e+01,2.200107e+01,2.206999e+01,2.198729e+01,2.198729e+01,2.198729e+01,2.202176e+01,2.202176e+01,2.198729e+01,2.204243e+01,2.200797e+01,2.204932e+01,2.211821e+01,2.212509e+01,2.197349e+01,2.204932e+01,2.200797e+01,2.201486e+01,2.199418e+01,2.206999e+01,2.200107e+01,2.201486e+01,2.199418e+01,2.200797e+01,2.195970e+01,2.198729e+01,2.193211e+01,2.195280e+01,2.195970e+01,2.196660e+01,2.191141e+01,2.185620e+01,2.200107e+01
2.207688e+01,2.231771e+01,2.213886e+01,2.213198e+01,2.215263e+01,2.217328e+01,2.221457e+01,2.220081e+01,2.215952e+01,2.224208e+01,2.220081e+01,2.223520e+01,2.222145e+01,2.223520e+01,2.213198e+01,2.220081e+01,2.209066e+01,2.222145e+01,2.234520e+01,2.214575e+01,2.216640e+01,2.219393e+01,2.215952e+01,2.225584e+01,2.227647e+01,2.213886e+01,2.232458e+01,2.227647e+01,2.212509e+01,2.232458e+01,2.233146e+01,2.233146e+01,2.226959e+01,2.235207e+01,2.226959e+01,2.226271e+01,2.235207e+01,2.241389e+01,2.242762e+01,2.244821e+01,2.244135e+01,2.228334e+01,2.238642e+01,2.242075e+01,2.237268e+01,2.242075e+01,2.242762e+01,2.244135e+01,2.244821e+01,2.241389e+01,2.254426e+01,2.252369e+01,2.245507e+01,2.243448e+01,2.238642e+01,2.236581e+01,2.229022e+01,2.231771e+01,2.244135e+01,2.248252e+01,2.241389e+01,2.249625e+01,2.241389e+01,2.245507e+01,2.240702e+01,2.244135e+01,2.242075e+01,2.254426e+01,2.255112e+01,2.261967e+01,2.244821e+01,2.259225e+01,2.258540e+01,2.257854e+01,2.246194e+01,2.254426e+01,2.248252e+01,2.252369e+01,2.250311e+01,2.242762e+01,2.252369e+01,2.248252e+01,2.242762e+01,2.246194e+01,2.252369e+01,2.253055e+01,2.243448e+01,2.246880e+01,2.256483e+01,2.248939e+01,2.247566e+01,2.244821e+01,2.253741e+01,2.243448e+01,2.236581e+01,2.237955e+01,2.246880e+01,2.231771e+01,2.231084e+01,2.237268e+01,2.220769e+01,2.233146e+01,2.222833e+01,2.224896e+01,2.222833e+01,2.231084e+01,2.223520e+01,2.229709e+01,2.230396e+01,2.224896e+01,2.229709e+01,2.219393e+01,2.223520e+01,2.222833e+01,2.227647e+01,2.228334e+01,2.226959e+01,2.220769e+01,2.227647e+01,2.225584e+01,2.218016e+01,2.222145e+01,2.224896e+01,2.222833e+01,2.224208e+01,2.229022e+01,2.227647e+01,2.228334e+01,2.228334e+01,2.226271e+01,2.229709e+01,2.235894e+01,2.239328e+01,2.227647e+01,2.233833e+01,2.237268e+01,2.222145e+01,2.232458e+01,2.232458e+01,2.235207e+01,2.224208e+01,2.240702e+01,2.240015e+01,2.240015e+01,2.237955e+01,2.230396e+01,2.240702e+01,2.244821e+01,2.243448e+01,2.240702e+01,2.242762e+01,2.237955e+01,2.240702e+01,2.244135e+01,2.245507e+01,2.244821e+01,2.242762e+01,2.242762e+01,2.242075e+01,2.233146e+01,2.250997e+01,2.241389e+01,2.242075e+01,2.240702e+01,2.241389e+01,2.238642e+01,2.239328e+01,2.231771e+01,2.239328e+01,2.249625e+01,2.244821e+01,2.238642e+01,2.240702e+01,2.238642e+01,2.239328e+01,2.246194e+01,2.237955e+01,2.237268e+01,2.234520e+01,2.235207e+01,2.238642e+01,2.230396e+01,2.235207e+01,2.244135e+01,2.226959e+01,2.236581e+01,2.228334e+01,2.228334e+01,2.233833e+01,2.237268e+01,2.240702e+01,2.223520e+01,2.233833e+01,2.233146e+01,2.235894e+01,2.238642e+01,2.230396e+01,2.237955e+01,2.236581e+01,2.238642e+01,2.233146e+01,2.233146e+01,2.239328e+01,2.241389e+01,2.237268e+01,2.233146e+01,2.242075e+01,2.235894e+01,2.235207e+01,2.235207e+01,2.238642e+01,2.240702e+01,2.244135e+01,2.241389e+01,2.237268e+01,2.239328e+01,2.243448e+01,2.240015e+01,2.239328e+01,2.237955e+01,2.243448e+01,2.236581e+01,2.246194e+01,2.253741e+01,2.236581e+01,2.279084e+01,2.236581e+01,2.236581e+01,2.241389e+01,2.244135e+01,2.250997e+01,2.247566e+01,2.256483e+01,2.249625e+01,2.248252e+01,2.255798e+01,2.249625e+01,2.254426e+01,2.257854e+01,2.246880e+01,2.259911e+01,2.248939e+01,2.251683e+01,2.255798e+01,2.254426e+01,2.253741e+01,2.251683e+01,2.258540e+01,2.250997e+01,2.254426e+01,2.255112e+01,2.259911e+01,2.253741e+01,2.257854e+01,2.256483e+01,2.244135e+01,2.244135e+01,2.261282e+01,2.255112e+01,2.254426e+01,2.254426e+01,2.257854e+01,2.255798e+01,2.245507e+01,2.250997e+01,2.242762e+01,2.255798e+01,2.248939e+01,2.233833e+01,2.243448e+01,2.241389e+01,2.242762e+01,2.240702e+01,2.237268e+01,2.229709e+01,2.233146e+01,2.233833e+01,2.229022e+01,2.224208e+01,2.222833e+01,2.225584e+01,2.227647e+01,2.223520e+01,2.230396e+01,2.222833e+01,2.220081e+01,2.231771e+01,2.225584e+01,2.222833e+01,2.220081e+01,2.200107e+01,2.175949e+01,2.172494e+01,2.173876e+01,2.179404e+01,2.181476e+01,2.183548e+01,2.191141e+01,2.182858e+01,2.193901e+01,2.191141e+01,2.194591e+01,2.195970e+01,2.195280e+01,2.201486e+01,2.200797e+01,2.198729e+01,2.199418e+01,2.201486e+01,2.205621e+01,2.205621e+01,2.187000e+01,2.211132e+01,2.209066e+01,2.208377e+01,2.202865e+01,2.206999e+01,2.204932e+01,2.203554e+01,2.202176e+01,2.203554e+01,2.206999e+01,2.211132e+01,2.202865e+01,2.197349e+01,2.193901e+01,2.193901e+01,2.196660e+01,2.196660e+01,2.187691e+01,2.189761e+01,2.189071e+01,2.183548e+01,2.182858e+01,2.183548e+01,2.220081e+01,2.230396e+01,2.231771e+01,2.223520e+01,2.215952e+01,2.222145e+01,2.225584e+01,2.222145e+01,2.214575e+01,2.230396e+01,2.215952e+01,2.215952e+01,2.229709e+01,2.223520e+01,2.218705e+01,2.218705e+01,2.221457e+01,2.220081e+01,2.196660e+01,2.171111e+01,2.146191e+01,2.147577e+01,2.142725e+01,2.145498e+01,2.135096e+01,2.137177e+01,2.155890e+01,2.154505e+01,2.157274e+01,2.160043e+01,2.162811e+01,2.160735e+01,2.167654e+01,2.171111e+01,2.171802e+01,2.169037e+01,2.171802e+01,2.165579e+01,2.179404e+01,2.171111e+01,2.169728e+01,2.171111e+01,2.173185e+01,2.169728e+01,2.176641e+01,2.169728e+01,2.168345e+01,2.155197e+01,2.173876e+01,2.165579e+01,2.194591e+01,2.197349e+01,2.186310e+01,2.206310e+01,2.210443e+01,2.206310e+01,2.209066e+01,2.191141e+01,2.190451e+01,2.194591e+01,2.197349e+01,2.198039e+01,2.184929e+01,2.189761e+01,2.193901e+01,2.189761e+01,2.188381e+01,2.182167e+01,2.179404e+01,2.185620e+01,2.179404e+01,2.187691e+01,2.195970e+01,2.184239e+01,2.195970e+01,2.190451e+01,2.191141e+01,2.198729e+01,2.199418e+01,2.182858e+01,2.200797e+01,2.195970e+01,2.183548e+01,2.191831e+01,2.193211e+01,2.193901e+01,2.193901e+01,2.196660e+01,2.192521e+01,2.195280e+01,2.190451e+01,2.191831e+01,2.188381e+01,2.190451e+01,2.193211e+01,2.187691e+01,2.186310e+01,2.184929e+01,2.193901e+01,2.183548e+01,2.189761e+01,2.176641e+01,2.186310e+01,2.174567e+01,2.180095e+01,2.184929e+01,2.174567e+01,2.180786e+01,2.180786e+01,2.158659e+01,2.162811e+01,2.161427e+01,2.135096e+01,2.158659e+01,2.157967e+01,2.160735e+01,2.150349e+01,2.166962e+01,2.157967e+01,2.142032e+01,2.155890e+01,2.158659e+01,2.158659e+01,2.148270e+01,2.160735e+01,2.158659e+01,2.155197e+01,2.153812e+01,2.152427e+01,2.148963e+01,2.158659e+01,2.147577e+01,2.148963e+01,2.148270e+01,2.142725e+01,2.142032e+01,2.151734e+01,2.130932e+01,2.143419e+01,2.145498e+01,2.150349e+01,2.164195e+01,2.178022e+01,2.178022e+01,2.211821e+01,2.197349e+01,2.215952e+01,2.193901e+01,2.208377e+01,2.198729e+01,2.198729e+01,2.199418e+01,2.198039e+01,2.197349e+01,2.191141e+01,2.195970e+01,2.205621e+01,2.203554e+01,2.199418e+01,2.204243e+01,2.202865e+01,2.213198e+01,2.219393e+01,2.215952e+01,2.215263e+01,2.229709e+01,2.226959e+01,2.226959e+01,2.247566e+01,2.242762e+01,2.233833e+01,2.235207e+01,2.242762e+01,2.240015e+01,2.243448e+01,2.244821e+01,2.251683e+01,2.246194e+01,2.240702e+01,2.254426e+01,2.246194e+01,2.255798e+01,2.253055e+01,2.250311e+01,2.250997e+01,2.248939e+01,2.249625e+01,2.241389e+01,2.246880e+01,2.248252e+01,2.249625e+01,2.248939e+01,2.248939e+01,2.255798e+01,2.252369e+01,2.253055e+01,2.246880e+01,2.242075e+01,2.247566e+01,2.233146e+01,2.246880e+01,2.246880e+01,2.244135e+01,2.246880e+01,2.239328e+01,2.248252e+01,2.245507e+01,2.246880e+01,2.251683e+01,2.248252e+01,2.250997e+01,2.238642e+01,2.241389e+01,2.247566e+01,2.243448e+01,2.232458e+01,2.240702e+01,2.245507e+01,2.244135e+01,2.244821e+01,2.244821e+01,2.231771e+01,2.237268e+01,2.237268e+01,2.231084e+01,2.235207e+01,2.225584e+01,2.220769e+01,2.220769e+01,2.223520e+01,2.221457e+01,2.218705e+01,2.218016e+01,2.215263e+01,2.220081e+01,2.217328e+01,2.229709e+01,2.228334e+01,2.205621e+01,2.204243e+01,2.204932e+01,2.201486e+01,2.199418e+01,2.196660e+01,2.204243e+01,2.211821e+01,2.210443e+01,2.215263e+01,2.215263e+01,2.204932e+01,2.209755e+01,2.207688e+01,2.218016e+01,2.213198e+01,2.204243e+01,2.215952e+01,2.215952e+01,2.226959e+01,2.209755e+01,2.213886e+01,2.206999e+01,2.203554e+01,2.206310e+01,2.203554e+01,2.209755e+01,2.207688e+01,2.204243e+01,2.191831e+01,2.202865e+01,2.205621e+01,2.203554e+01,2.194591e+01,2.206999e+01,2.209755e+01,2.208377e+01,2.201486e+01,2.203554e+01,2.208377e+01,2.202176e+01,2.202865e+01,2.200797e+01,2.209066e+01,2.209066e+01,2.197349e+01,2.196660e+01,2.204243e+01,2.212509e+01,2.204243e+01,2.208377e+01,2.209066e+01,2.209066e+01,2.204243e+01,2.195970e+01,2.198039e+01,2.208377e+01,2.211132e+01,2.201486e+01,2.200107e+01,2.198729e+01,2.195970e+01,2.200107e+01,2.198039e+01,2.199418e+01,2.191141e+01,2.198039e+01
2.209066e+01,2.212509e+01,2.224208e+01,2.213198e+01,2.218016e+01,2.218705e+01,2.218705e+01,2.242075e+01,2.222145e+01,2.212509e+01,2.224208e+01,2.211821e+01,2.221457e+01,2.215263e+01,2.213886e+01,2.217328e+01,2.222145e+01,2.209755e+01,2.225584e+01,2.219393e+01,2.224896e+01,2.227647e+01,2.209755e+01,2.226959e+01,2.224896e+01,2.224208e+01,2.224208e+01,2.230396e+01,2.227647e+01,2.224896e+01,2.225584e+01,2.227647e+01,2.226271e+01,2.227647e+01,2.229709e+01,2.226271e+01,2.229022e+01,2.229709e+01,2.240015e+01,2.226271e+01,2.239328e+01,2.242075e+01,2.246194e+01,2.240015e+01,2.249625e+01,2.239328e+01,2.243448e+01,2.239328e+01,2.240702e+01,2.243448e+01,2.245507e+01,2.244135e+01,2.246194e+01,2.242762e+01,2.240702e+01,2.236581e+01,2.244821e+01,2.246880e+01,2.242762e+01,2.250997e+01,2.242762e+01,2.243448e+01,2.240702e+01,2.241389e+01,2.265392e+01,2.258540e+01,2.237268e+01,2.260596e+01,2.255798e+01,2.250311e+01,2.246880e+01,2.257854e+01,2.248939e+01,2.257169e+01,2.257169e+01,2.250997e+01,2.237955e+01,2.249625e+01,2.253055e+01,2.261282e+01,2.246194e+01,2.244821e+01,2.257854e+01,2.251683e+01,2.251683e+01,2.252369e+01,2.250311e+01,2.255798e+01,2.244821e+01,2.249625e+01,2.258540e+01,2.249625e+01,2.250311e+01,2.244135e+01,2.235207e+01,2.235894e+01,2.234520e+01,2.228334e+01,2.230396e+01,2.240015e+01,2.232458e+01,2.233833e+01,2.234520e+01,2.237268e+01,2.241389e+01,2.221457e+01,2.222833e+01,2.226959e+01,2.225584e+01,2.231084e+01,2.226959e+01,2.224896e+01,2.223520e+01,2.236581e+01,2.226271e+01,2.229022e+01,2.224896e+01,2.228334e+01,2.221457e+01,2.228334e+01,2.224208e+01,2.223520e+01,2.226959e+01,2.233833e+01,2.226271e+01,2.223520e+01,2.232458e+01,2.228334e+01,2.229022e+01,2.237268e+01,2.224208e+01,2.240015e+01,2.224208e+01,2.233833e+01,2.236581e+01,2.236581e+01,2.225584e+01,2.234520e+01,2.231771e+01,2.233833e+01,2.239328e+01,2.238642e+01,2.240702e+01,2.239328e+01,2.240015e+01,2.239328e+01,2.240015e+01,2.237955e+01,2.246194e+01,2.236581e+01,2.233146e+01,2.232458e+01,2.235894e+01,2.244135e+01,2.239328e+01,2.244135e+01,2.241389e+01,2.244135e+01,2.244135e+01,2.244135e+01,2.251683e+01,2.231771e+01,2.237268e+01,2.248939e+01,2.240702e+01,2.237955e+01,2.238642e+01,2.240702e+01,2.246880e+01,2.241389e+01,2.240015e+01,2.245507e+01,2.240702e+01,2.237955e+01,2.237955e+01,2.236581e+01,2.235207e+01,2.237268e+01,2.230396e+01,2.238642e+01,2.230396e+01,2.235894e+01,2.228334e+01,2.234520e+01,2.236581e+01,2.235894e+01,2.231771e+01,2.235894e+01,2.238642e+01,2.227647e+01,2.235894e+01,2.233833e+01,2.231771e+01,2.235207e+01,2.239328e+01,2.231084e+01,2.229709e+01,2.236581e+01,2.235894e+01,2.228334e+01,2.236581e+01,2.229022e+01,2.230396e+01,2.231771e+01,2.235207e+01,2.240015e+01,2.237268e+01,2.235207e+01,2.233833e+01,2.234520e+01,2.244135e+01,2.235207e+01,2.239328e+01,2.235207e+01,2.245507e+01,2.240702e+01,2.256483e+01,2.248939e+01,2.232458e+01,2.248252e+01,2.237955e+01,2.247566e+01,2.251683e+01,2.235207e+01,2.248939e+01,2.254426e+01,2.250311e+01,2.250311e+01,2.250311e+01,2.248252e+01,2.239328e+01,2.243448e+01,2.243448e+01,2.254426e+01,2.253741e+01,2.250311e+01,2.256483e+01,2.255798e+01,2.250997e+01,2.246880e+01,2.252369e+01,2.259225e+01,2.255798e+01,2.257854e+01,2.250997e+01,2.255798e+01,2.253055e+01,2.257169e+01,2.255798e+01,2.250997e+01,2.259911e+01,2.258540e+01,2.255112e+01,2.250997e+01,2.256483e+01,2.258540e+01,2.257169e+01,2.253741e+01,2.270187e+01,2.252369e+01,2.252369e+01,2.250311e+01,2.250311e+01,2.244821e+01,2.256483e+01,2.239328e+01,2.245507e+01,2.236581e+01,2.244821e+01,2.243448e+01,2.238642e+01,2.238642e+01,2.237955e+01,2.227647e+01,2.225584e+01,2.224208e+01,2.228334e+01,2.229022e+01,2.224896e+01,2.228334e+01,2.227647e+01,2.220769e+01,2.221457e+01,2.231084e+01,2.230396e+01,2.224208e+01,2.217328e+01,2.218016e+01,2.220769e+01,2.216640e+01,2.183548e+01,2.182167e+01,2.167654e+01,2.174567e+01,2.182167e+01,2.168345e+01,2.179404e+01,2.183548e+01,2.178022e+01,2.190451e+01,2.189071e+01,2.198729e+01,2.196660e+01,2.196660e+01,2.204932e+01,2.201486e+01,2.207688e+01,2.205621e+01,2.204243e+01,2.200797e+01,2.203554e+01,2.204932e+01,2.209755e+01,2.211821e+01,2.200797e+01,2.206310e+01,2.202865e+01,2.206310e+01,2.204932e+01,2.205621e+01,2.200797e+01,2.200107e+01,2.199418e+01,2.203554e+01,2.206999e+01,2.203554e+01,2.203554e+01,2.204932e+01,2.194591e+01,2.185620e+01,2.182858e+01,2.188381e+01,2.188381e+01,2.184929e+01,2.184239e+01,2.215263e+01,2.216640e+01,2.220081e+01,2.218016e+01,2.229022e+01,2.215263e+01,2.215952e+01,2.222833e+01,2.222833e+01,2.230396e+01,2.213198e+01,2.213198e+01,2.226959e+01,2.213886e+01,2.220769e+01,2.215263e+01,2.224896e+01,2.231771e+01,2.213198e+01,2.208377e+01,2.172494e+01,2.146884e+01,2.144805e+01,2.146191e+01,2.139258e+01,2.149656e+01,2.153119e+01,2.156582e+01,2.164887e+01,2.171111e+01,2.166962e+01,2.163503e+01,2.163503e+01,2.160735e+01,2.157967e+01,2.166962e+01,2.167654e+01,2.178713e+01,2.171802e+01,2.163503e+01,2.171802e+01,2.171111e+01,2.171111e+01,2.170420e+01,2.176641e+01,2.176641e+01,2.171802e+01,2.171111e+01,2.170420e+01,2.180786e+01,2.183548e+01,2.169037e+01,2.197349e+01,2.213198e+01,2.196660e+01,2.205621e+01,2.203554e+01,2.200797e+01,2.202865e+01,2.194591e+01,2.204932e+01,2.192521e+01,2.195970e+01,2.197349e+01,2.191831e+01,2.182858e+01,2.179404e+01,2.180095e+01,2.182167e+01,2.180095e+01,2.175949e+01,2.171802e+01,2.186310e+01,2.208377e+01,2.202865e+01,2.200797e+01,2.198729e+01,2.199418e+01,2.197349e+01,2.187691e+01,2.213886e+01,2.193901e+01,2.184929e+01,2.184929e+01,2.189071e+01,2.195280e+01,2.193901e+01,2.194591e+01,2.195280e+01,2.187691e+01,2.195280e+01,2.193901e+01,2.190451e+01,2.188381e+01,2.184929e+01,2.189761e+01,2.186310e+01,2.189761e+01,2.187000e+01,2.180095e+01,2.180095e+01,2.190451e+01,2.190451e+01,2.188381e+01,2.181476e+01,2.184929e+01,2.182858e+01,2.178022e+01,2.180095e+01,2.178022e+01,2.160735e+01,2.161427e+01,2.157967e+01,2.156582e+01,2.166962e+01,2.157967e+01,2.160043e+01,2.160043e+01,2.151734e+01,2.162119e+01,2.153119e+01,2.155197e+01,2.157967e+01,2.157274e+01,2.152427e+01,2.151734e+01,2.157967e+01,2.147577e+01,2.154505e+01,2.153812e+01,2.156582e+01,2.146884e+01,2.143419e+01,2.144805e+01,2.141339e+01,2.146884e+01,2.137177e+01,2.141339e+01,2.129544e+01,2.136484e+01,2.133708e+01,2.148963e+01,2.173876e+01,2.179404e+01,2.194591e+01,2.198039e+01,2.197349e+01,2.200797e+01,2.202176e+01,2.200107e+01,2.195280e+01,2.197349e+01,2.192521e+01,2.195280e+01,2.187691e+01,2.195280e+01,2.196660e+01,2.204932e+01,2.207688e+01,2.202865e+01,2.210443e+01,2.217328e+01,2.219393e+01,2.227647e+01,2.227647e+01,2.228334e+01,2.233833e+01,2.231084e+01,2.230396e+01,2.231771e+01,2.225584e+01,2.230396e+01,2.244821e+01,2.244135e+01,2.246880e+01,2.244135e+01,2.246194e+01,2.248939e+01,2.248252e+01,2.256483e+01,2.256483e+01,2.246880e+01,2.254426e+01,2.252369e+01,2.255798e+01,2.251683e+01,2.250311e+01,2.248939e+01,2.253055e+01,2.248939e+01,2.245507e+01,2.250997e+01,2.249625e+01,2.251683e+01,2.254426e+01,2.255798e+01,2.242762e+01,2.245507e+01,2.248252e+01,2.244821e+01,2.252369e+01,2.245507e+01,2.238642e+01,2.241389e+01,2.246194e+01,2.237955e+01,2.264022e+01,2.247566e+01,2.248939e+01,2.238642e+01,2.246194e+01,2.247566e+01,2.250311e+01,2.242762e+01,2.237955e+01,2.235207e+01,2.240702e+01,2.240702e+01,2.243448e+01,2.242762e+01,2.240702e+01,2.235894e+01,2.233833e+01,2.229709e+01,2.232458e+01,2.235894e+01,2.226959e+01,2.223520e+01,2.226271e+01,2.224208e+01,2.222145e+01,2.218705e+01,2.221457e+01,2.218016e+01,2.229709e+01,2.222145e+01,2.222145e+01,2.209755e+01,2.206999e+01,2.206999e+01,2.210443e+01,2.198039e+01,2.194591e+01,2.201486e+01,2.212509e+01,2.202865e+01,2.206310e+01,2.210443e+01,2.204932e+01,2.202865e+01,2.205621e+01,2.214575e+01,2.214575e+01,2.206310e+01,2.205621e+01,2.206310e+01,2.222833e+01,2.216640e+01,2.216640e+01,2.209066e+01,2.211132e+01,2.209066e+01,2.203554e+01,2.209755e+01,2.208377e+01,2.205621e+01,2.190451e+01,2.198039e+01,2.195280e+01,2.198039e+01,2.211132e+01,2.205621e+01,2.208377e+01,2.207688e+01,2.229709e+01,2.205621e+01,2.209066e+01,2.202176e+01,2.226271e+01,2.198039e+01,2.200797e+01,2.204243e+01,2.213886e+01,2.207688e+01,2.198729e+01,2.203554e+01,2.199418e+01,2.206310e+01,2.205621e+01,2.199418e+01,2.204243e+01,2.199418e+01,2.201486e+01,2.198039e+01,2.198039e+01,2.200797e+01,2.202865e+01,2.197349e+01,2.202865e+01,2.191831e+01,2.197349e+01,2.198039e+01,2.198729e+01,2.212509e+01,2.202865e+01
2.204932e+01,2.209066e+01,2.229709e+01,2.206310e+01,2.205621e+01,2.210443e+01,2.219393e+01,2.215952e+01,2.216640e+01,2.226959e+01,2.218705e+01,2.216640e+01,2.220769e+01,2.209066e+01,2.208377e+01,2.209755e+01,2.226271e+01,2.226271e+01,2.222833e+01,2.222833e+01,2.215263e+01,2.211821e+01,2.209755e+01,2.223520e+01,2.225584e+01,2.222145e+01,2.222145e+01,2.231084e+01,2.224208e+01,2.222145e+01,2.222145e+01,2.224208e+01,2.226959e+01,2.230396e+01,2.217328e+01,2.220769e+01,2.226271e+01,2.235207e+01,2.226271e+01,2.237955e+01,2.235207e+01,2.237955e+01,2.238642e+01,2.242762e+01,2.242762e+01,2.239328e+01,2.237955e+01,2.240015e+01,2.235894e+01,2.237955e+01,2.252369e+01,2.246194e+01,2.248252e+01,2.240702e+01,2.244135e+01,2.237268e+01,2.242075e+01,2.250311e+01,2.244821e+01,2.242075e+01,2.252369e+01,2.246880e+01,2.245507e+01,2.255798e+01,2.240702e+01,2.246880e+01,2.241389e+01,2.253055e+01,2.249625e+01,2.253055e+01,2.256483e+01,2.255798e+01,2.261967e+01,2.246880e+01,2.253741e+01,2.248939e+01,2.257854e+01,2.257854e+01,2.254426e+01,2.242762e+01,2.255112e+01,2.253741e+01,2.253055e+01,2.254426e+01,2.254426e+01,2.247566e+01,2.244135e+01,2.253741e+01,2.249625e+01,2.249625e+01,2.246194e+01,2.248252e+01,2.250311e+01,2.257169e+01,2.233833e+01,2.233146e+01,2.237268e+01,2.246194e+01,2.233146e+01,2.235207e+01,2.223520e+01,2.235894e+01,2.233833e+01,2.221457e+01,2.218016e+01,2.235894e+01,2.221457e+01,2.219393e+01,2.231084e+01,2.232458e+01,2.224896e+01,2.224208e+01,2.225584e+01,2.223520e+01,2.218705e+01,2.226271e+01,2.225584e+01,2.218705e+01,2.225584e+01,2.224896e+01,2.222833e+01,2.224896e+01,2.222145e+01,2.223520e+01,2.224208e+01,2.225584e+01,2.226959e+01,2.226271e+01,2.217328e+01,2.231771e+01,2.229022e+01,2.237268e+01,2.226271e+01,2.224896e+01,2.229022e+01,2.234520e+01,2.246194e+01,2.235207e+01,2.240015e+01,2.240015e+01,2.240702e+01,2.238642e+01,2.225584e+01,2.231084e+01,2.229709e+01,2.229709e+01,2.239328e+01,2.232458e+01,2.235894e+01,2.246194e+01,2.238642e+01,2.233833e+01,2.236581e+01,2.237955e+01,2.240702e+01,2.240702e+01,2.244821e+01,2.248252e+01,2.245507e+01,2.244135e+01,2.247566e+01,2.242762e+01,2.245507e+01,2.239328e+01,2.235894e+01,2.233833e+01,2.239328e+01,2.241389e+01,2.240015e+01,2.240702e+01,2.251683e+01,2.240015e+01,2.240702e+01,2.242762e+01,2.238642e+01,2.235894e+01,2.234520e+01,2.234520e+01,2.231084e+01,2.240702e+01,2.233833e+01,2.234520e+01,2.234520e+01,2.237268e+01,2.236581e+01,2.234520e+01,2.229709e+01,2.236581e+01,2.227647e+01,2.235894e+01,2.234520e+01,2.231771e+01,2.237955e+01,2.236581e+01,2.231084e+01,2.240015e+01,2.236581e+01,2.237955e+01,2.240015e+01,2.235207e+01,2.223520e+01,2.224896e+01,2.237955e+01,2.225584e+01,2.228334e+01,2.233146e+01,2.240702e+01,2.235207e+01,2.237268e+01,2.234520e+01,2.235894e+01,2.242075e+01,2.244135e+01,2.241389e+01,2.240015e+01,2.240702e+01,2.244821e+01,2.250997e+01,2.242075e+01,2.242075e+01,2.244821e+01,2.246194e+01,2.235894e+01,2.241389e+01,2.237955e+01,2.251683e+01,2.246880e+01,2.246880e+01,2.250997e+01,2.253741e+01,2.252369e+01,2.250311e+01,2.249625e+01,2.247566e+01,2.244821e+01,2.255112e+01,2.254426e+01,2.258540e+01,2.258540e+01,2.253055e+01,2.246880e+01,2.261967e+01,2.250997e+01,2.256483e+01,2.255112e+01,2.259225e+01,2.259225e+01,2.251683e+01,2.250997e+01,2.253055e+01,2.256483e+01,2.257854e+01,2.245507e+01,2.255112e+01,2.244135e+01,2.260596e+01,2.250311e+01,2.255112e+01,2.255112e+01,2.250997e+01,2.247566e+01,2.256483e+01,2.255798e+01,2.243448e+01,2.252369e+01,2.246194e+01,2.240702e+01,2.235207e+01,2.242075e+01,2.235894e+01,2.236581e+01,2.229022e+01,2.235207e+01,2.223520e+01,2.229709e+01,2.224208e+01,2.224208e+01,2.222145e+01,2.226959e+01,2.224208e+01,2.222833e+01,2.222833e+01,2.227647e+01,2.220769e+01,2.219393e+01,2.218705e+01,2.217328e+01,2.218016e+01,2.222145e+01,2.220769e+01,2.189071e+01,2.173876e+01,2.167654e+01,2.169728e+01,2.169728e+01,2.169037e+01,2.177332e+01,2.191831e+01,2.181476e+01,2.186310e+01,2.190451e+01,2.198729e+01,2.192521e+01,2.198039e+01,2.199418e+01,2.202865e+01,2.198729e+01,2.204243e+01,2.204932e+01,2.206999e+01,2.208377e+01,2.199418e+01,2.207688e+01,2.211821e+01,2.216640e+01,2.209755e+01,2.207688e+01,2.206999e+01,2.206999e+01,2.205621e+01,2.209755e+01,2.211132e+01,2.202865e+01,2.209755e+01,2.210443e+01,2.204243e+01,2.203554e+01,2.198039e+01,2.199418e+01,2.204932e+01,2.189761e+01,2.196660e+01,2.198729e+01,2.189761e+01,2.190451e+01,2.183548e+01,2.215263e+01,2.220081e+01,2.213198e+01,2.225584e+01,2.220081e+01,2.218016e+01,2.214575e+01,2.214575e+01,2.211821e+01,2.216640e+01,2.214575e+01,2.215263e+01,2.224208e+01,2.214575e+01,2.207688e+01,2.220769e+01,2.218705e+01,2.218705e+01,2.214575e+01,2.197349e+01,2.202176e+01,2.169037e+01,2.147577e+01,2.146884e+01,2.150349e+01,2.162119e+01,2.160735e+01,2.154505e+01,2.161427e+01,2.157967e+01,2.164195e+01,2.161427e+01,2.158659e+01,2.167654e+01,2.167654e+01,2.164887e+01,2.167654e+01,2.143419e+01,2.168345e+01,2.166270e+01,2.165579e+01,2.171111e+01,2.166270e+01,2.176641e+01,2.174567e+01,2.169728e+01,2.170420e+01,2.185620e+01,2.173185e+01,2.180095e+01,2.188381e+01,2.195970e+01,2.188381e+01,2.189761e+01,2.187691e+01,2.192521e+01,2.203554e+01,2.189761e+01,2.204932e+01,2.200107e+01,2.184929e+01,2.193211e+01,2.186310e+01,2.186310e+01,2.182858e+01,2.189761e+01,2.187691e+01,2.183548e+01,2.178022e+01,2.178713e+01,2.182858e+01,2.179404e+01,2.198729e+01,2.210443e+01,2.210443e+01,2.185620e+01,2.188381e+01,2.191141e+01,2.187691e+01,2.202176e+01,2.191141e+01,2.182858e+01,2.192521e+01,2.190451e+01,2.195280e+01,2.195970e+01,2.184239e+01,2.171111e+01,2.181476e+01,2.189071e+01,2.180786e+01,2.186310e+01,2.181476e+01,2.178022e+01,2.185620e+01,2.182858e+01,2.182167e+01,2.181476e+01,2.190451e+01,2.175949e+01,2.174567e+01,2.188381e+01,2.185620e+01,2.184929e+01,2.185620e+01,2.187691e+01,2.191141e+01,2.177332e+01,2.169037e+01,2.176641e+01,2.161427e+01,2.160735e+01,2.157967e+01,2.171802e+01,2.156582e+01,2.169037e+01,2.160735e+01,2.160735e+01,2.155890e+01,2.156582e+01,2.153119e+01,2.159351e+01,2.159351e+01,2.148270e+01,2.155197e+01,2.158659e+01,2.162119e+01,2.156582e+01,2.158659e+01,2.144805e+01,2.144805e+01,2.144805e+01,2.140645e+01,2.141339e+01,2.144805e+01,2.148963e+01,2.136484e+01,2.133014e+01,2.125378e+01,2.137871e+01,2.132320e+01,2.137871e+01,2.164887e+01,2.194591e+01,2.193901e+01,2.195970e+01,2.199418e+01,2.198729e+01,2.195280e+01,2.195970e+01,2.191141e+01,2.196660e+01,2.191141e+01,2.194591e+01,2.196660e+01,2.190451e+01,2.199418e+01,2.206310e+01,2.204932e+01,2.205621e+01,2.211132e+01,2.219393e+01,2.220769e+01,2.222833e+01,2.226959e+01,2.229022e+01,2.229709e+01,2.237268e+01,2.225584e+01,2.235894e+01,2.241389e+01,2.243448e+01,2.244135e+01,2.245507e+01,2.243448e+01,2.246194e+01,2.241389e+01,2.242075e+01,2.252369e+01,2.244821e+01,2.256483e+01,2.249625e+01,2.249625e+01,2.255112e+01,2.250997e+01,2.254426e+01,2.250997e+01,2.250311e+01,2.250311e+01,2.250997e+01,2.246194e+01,2.248939e+01,2.250997e+01,2.253741e+01,2.247566e+01,2.248252e+01,2.251683e+01,2.241389e+01,2.240702e+01,2.247566e+01,2.246194e+01,2.236581e+01,2.246194e+01,2.240015e+01,2.244135e+01,2.230396e+01,2.246880e+01,2.250997e+01,2.250311e+01,2.240015e+01,2.243448e+01,2.237268e+01,2.255112e+01,2.251683e+01,2.235207e+01,2.231084e+01,2.234520e+01,2.244821e+01,2.231771e+01,2.233146e+01,2.226959e+01,2.233146e+01,2.228334e+01,2.229022e+01,2.228334e+01,2.233833e+01,2.227647e+01,2.218016e+01,2.216640e+01,2.215952e+01,2.213198e+01,2.217328e+01,2.221457e+01,2.210443e+01,2.213198e+01,2.217328e+01,2.200797e+01,2.200107e+01,2.203554e+01,2.198039e+01,2.209755e+01,2.202865e+01,2.208377e+01,2.209066e+01,2.202176e+01,2.210443e+01,2.209066e+01,2.198039e+01,2.206310e+01,2.205621e+01,2.199418e+01,2.198729e+01,2.209755e+01,2.196660e+01,2.195970e+01,2.211821e+01,2.209066e+01,2.213198e+01,2.185620e+01,2.202176e+01,2.204932e+01,2.200797e+01,2.202176e+01,2.193901e+01,2.204932e+01,2.197349e+01,2.194591e+01,2.204243e+01,2.204243e+01,2.200107e+01,2.206999e+01,2.206310e+01,2.191141e+01,2.205621e+01,2.201486e+01,2.195970e+01,2.214575e+01,2.201486e+01,2.206310e+01,2.213198e+01,2.199418e+01,2.214575e+01,2.214575e+01,2.205621e+01,2.209066e+01,2.208377e+01,2.203554e+01,2.204932e+01,2.207688e+01,2.213198e+01,2.203554e+01,2.211821e+01,2.198039e+01,2.198039e+01,2.212509e+01,2.211132e+01,2.203554e+01,2.193901e+01,2.204243e+01,2.197349e+01,2.184239e+01,2.197349e+01,2.197349e+01,2.198039e+01
2.225584e+01,2.223520e+01,2.215263e+01,2.215952e+01,2.212509e+01,2.202865e+01,2.202176e+01,2.222833e+01,2.226271e+01,2.226271e+01,2.226271e+01,2.220081e+01,2.223520e+01,2.210443e+01,2.209066e+01,2.220081e+01,2.227647e+01,2.216640e+01,2.226271e+01,2.215263e+01,2.223520e+01,2.217328e+01,2.220081e+01,2.221457e+01,2.237268e+01,2.234520e+01,2.222833e+01,2.233146e+01,2.224208e+01,2.224896e+01,2.226271e+01,2.224896e+01,2.223520e+01,2.227647e+01,2.226271e+01,2.221457e+01,2.226959e+01,2.229709e+01,2.234520e+01,2.231084e+01,2.229022e+01,2.237955e+01,2.238642e+01,2.238642e+01,2.242075e+01,2.239328e+01,2.238642e+01,2.238642e+01,2.238642e+01,2.236581e+01,2.246880e+01,2.244821e+01,2.237955e+01,2.242762e+01,2.244135e+01,2.240702e+01,2.240702e+01,2.244135e+01,2.248939e+01,2.240702e+01,2.238642e+01,2.237955e+01,2.238642e+01,2.235207e+01,2.242075e+01,2.249625e+01,2.234520e+01,2.250311e+01,2.243448e+01,2.253741e+01,2.250997e+01,2.257169e+01,2.254426e+01,2.255112e+01,2.253055e+01,2.254426e+01,2.251683e+01,2.257854e+01,2.257854e+01,2.254426e+01,2.245507e+01,2.252369e+01,2.251683e+01,2.257854e+01,2.257854e+01,2.247566e+01,2.244821e+01,2.248939e+01,2.250997e+01,2.248939e+01,2.249625e+01,2.248939e+01,2.250997e+01,2.250311e+01,2.244821e+01,2.248939e+01,2.235207e+01,2.244135e+01,2.240702e+01,2.226271e+01,2.233146e+01,2.231084e+01,2.237268e+01,2.220081e+01,2.241389e+01,2.226959e+01,2.224896e+01,2.218016e+01,2.229709e+01,2.233146e+01,2.227647e+01,2.226271e+01,2.224896e+01,2.230396e+01,2.226271e+01,2.234520e+01,2.233146e+01,2.230396e+01,2.222145e+01,2.229709e+01,2.228334e+01,2.226271e+01,2.231084e+01,2.229022e+01,2.224896e+01,2.222145e+01,2.236581e+01,2.213886e+01,2.226959e+01,2.229022e+01,2.226271e+01,2.227647e+01,2.233146e+01,2.226959e+01,2.230396e+01,2.227647e+01,2.233146e+01,2.233833e+01,2.237268e+01,2.240702e+01,2.238642e+01,2.215952e+01,2.224208e+01,2.238642e+01,2.239328e+01,2.241389e+01,2.237268e+01,2.244821e+01,2.242075e+01,2.233833e+01,2.233146e+01,2.246194e+01,2.235894e+01,2.248939e+01,2.243448e+01,2.240702e+01,2.247566e+01,2.234520e+01,2.246194e+01,2.250311e+01,2.250997e+01,2.245507e+01,2.237268e+01,2.241389e+01,2.244821e+01,2.241389e+01,2.243448e+01,2.238642e+01,2.244821e+01,2.235894e+01,2.245507e+01,2.237955e+01,2.237955e+01,2.239328e+01,2.237955e+01,2.235894e+01,2.235894e+01,2.240015e+01,2.236581e+01,2.233833e+01,2.236581e+01,2.233833e+01,2.238642e+01,2.235207e+01,2.224208e+01,2.242762e+01,2.224208e+01,2.229709e+01,2.231771e+01,2.231084e+01,2.231084e+01,2.231084e+01,2.233833e+01,2.231771e+01,2.237955e+01,2.235207e+01,2.227647e+01,2.238642e+01,2.221457e+01,2.233146e+01,2.234520e+01,2.218016e+01,2.233833e+01,2.237955e+01,2.233146e+01,2.233833e+01,2.234520e+01,2.241389e+01,2.229709e+01,2.231084e+01,2.242762e+01,2.229709e+01,2.243448e+01,2.237268e+01,2.239328e+01,2.245507e+01,2.237955e+01,2.233146e+01,2.254426e+01,2.244135e+01,2.242762e+01,2.245507e+01,2.252369e+01,2.250311e+01,2.250997e+01,2.251683e+01,2.250311e+01,2.249625e+01,2.247566e+01,2.253055e+01,2.244821e+01,2.255112e+01,2.250311e+01,2.249625e+01,2.258540e+01,2.261967e+01,2.250997e+01,2.260596e+01,2.251683e+01,2.251683e+01,2.261282e+01,2.256483e+01,2.257169e+01,2.257854e+01,2.259225e+01,2.255798e+01,2.259911e+01,2.256483e+01,2.258540e+01,2.258540e+01,2.257169e+01,2.254426e+01,2.255798e+01,2.257854e+01,2.256483e+01,2.248939e+01,2.257169e+01,2.246194e+01,2.250311e+01,2.253055e+01,2.248252e+01,2.253055e+01,2.247566e+01,2.242762e+01,2.248252e+01,2.244135e+01,2.240702e+01,2.242075e+01,2.227647e+01,2.235207e+01,2.231771e+01,2.226959e+01,2.224208e+01,2.224896e+01,2.228334e+01,2.218705e+01,2.219393e+01,2.217328e+01,2.222833e+01,2.218016e+01,2.218016e+01,2.229022e+01,2.218705e+01,2.225584e+01,2.229709e+01,2.232458e+01,2.233833e+01,2.219393e+01,2.219393e+01,2.219393e+01,2.197349e+01,2.181476e+01,2.162119e+01,2.181476e+01,2.168345e+01,2.176641e+01,2.184929e+01,2.178713e+01,2.181476e+01,2.191141e+01,2.193211e+01,2.195280e+01,2.198729e+01,2.197349e+01,2.202865e+01,2.201486e+01,2.202176e+01,2.199418e+01,2.207688e+01,2.194591e+01,2.199418e+01,2.194591e+01,2.202176e+01,2.201486e+01,2.215952e+01,2.209066e+01,2.208377e+01,2.207688e+01,2.204243e+01,2.209066e+01,2.221457e+01,2.209755e+01,2.208377e+01,2.199418e+01,2.196660e+01,2.207688e+01,2.198039e+01,2.193211e+01,2.187000e+01,2.193901e+01,2.193211e+01,2.201486e+01,2.191831e+01,2.198729e+01,2.197349e+01,2.198729e+01,2.214575e+01,2.220769e+01,2.213886e+01,2.226271e+01,2.218705e+01,2.206310e+01,2.208377e+01,2.205621e+01,2.216640e+01,2.215952e+01,2.213886e+01,2.220081e+01,2.215952e+01,2.202176e+01,2.211821e+01,2.216640e+01,2.207688e+01,2.217328e+01,2.220769e+01,2.220769e+01,2.211132e+01,2.206999e+01,2.178713e+01,2.174567e+01,2.157274e+01,2.148963e+01,2.164195e+01,2.157274e+01,2.155890e+01,2.163503e+01,2.160043e+01,2.166270e+01,2.159351e+01,2.166270e+01,2.169037e+01,2.167654e+01,2.166962e+01,2.166270e+01,2.162811e+01,2.170420e+01,2.169728e+01,2.169037e+01,2.168345e+01,2.171802e+01,2.176641e+01,2.174567e+01,2.178713e+01,2.183548e+01,2.180095e+01,2.185620e+01,2.187000e+01,2.189761e+01,2.192521e+01,2.189761e+01,2.197349e+01,2.200107e+01,2.203554e+01,2.204243e+01,2.206310e+01,2.202865e+01,2.198729e+01,2.194591e+01,2.195970e+01,2.193901e+01,2.184239e+01,2.185620e+01,2.182167e+01,2.182858e+01,2.181476e+01,2.181476e+01,2.179404e+01,2.173876e+01,2.180786e+01,2.198729e+01,2.211132e+01,2.195970e+01,2.198729e+01,2.185620e+01,2.204932e+01,2.201486e+01,2.185620e+01,2.194591e+01,2.194591e+01,2.193901e+01,2.194591e+01,2.191831e+01,2.183548e+01,2.190451e+01,2.195280e+01,2.189071e+01,2.185620e+01,2.184929e+01,2.188381e+01,2.186310e+01,2.187000e+01,2.184929e+01,2.178713e+01,2.181476e+01,2.174567e+01,2.188381e+01,2.188381e+01,2.188381e+01,2.184239e+01,2.182858e+01,2.182858e+01,2.178713e+01,2.182167e+01,2.174567e+01,2.176641e+01,2.166962e+01,2.164195e+01,2.163503e+01,2.165579e+01,2.160043e+01,2.161427e+01,2.161427e+01,2.166962e+01,2.160043e+01,2.154505e+01,2.160043e+01,2.156582e+01,2.156582e+01,2.158659e+01,2.156582e+01,2.154505e+01,2.155890e+01,2.157274e+01,2.153119e+01,2.156582e+01,2.155197e+01,2.151734e+01,2.145498e+01,2.141339e+01,2.139952e+01,2.156582e+01,2.133708e+01,2.132320e+01,2.134402e+01,2.133014e+01,2.128850e+01,2.130932e+01,2.133014e+01,2.146191e+01,2.171802e+01,2.200107e+01,2.215263e+01,2.204243e+01,2.203554e+01,2.198039e+01,2.193901e+01,2.193211e+01,2.191141e+01,2.200797e+01,2.204932e+01,2.191141e+01,2.194591e+01,2.202176e+01,2.198729e+01,2.200107e+01,2.206999e+01,2.202865e+01,2.220769e+01,2.218016e+01,2.223520e+01,2.218016e+01,2.229022e+01,2.227647e+01,2.229022e+01,2.235894e+01,2.235894e+01,2.237268e+01,2.237955e+01,2.240702e+01,2.241389e+01,2.246194e+01,2.247566e+01,2.246194e+01,2.243448e+01,2.252369e+01,2.245507e+01,2.257169e+01,2.254426e+01,2.253741e+01,2.252369e+01,2.250311e+01,2.255112e+01,2.257854e+01,2.252369e+01,2.248252e+01,2.244135e+01,2.247566e+01,2.245507e+01,2.252369e+01,2.244135e+01,2.247566e+01,2.239328e+01,2.245507e+01,2.249625e+01,2.241389e+01,2.251683e+01,2.253055e+01,2.245507e+01,2.242075e+01,2.245507e+01,2.244821e+01,2.242762e+01,2.246194e+01,2.245507e+01,2.241389e+01,2.249625e+01,2.253741e+01,2.251683e+01,2.250311e+01,2.233146e+01,2.236581e+01,2.241389e+01,2.244135e+01,2.246880e+01,2.235894e+01,2.249625e+01,2.233833e+01,2.229709e+01,2.226959e+01,2.227647e+01,2.220081e+01,2.231084e+01,2.233146e+01,2.224896e+01,2.223520e+01,2.224208e+01,2.219393e+01,2.219393e+01,2.216640e+01,2.213198e+01,2.214575e+01,2.218705e+01,2.209755e+01,2.202865e+01,2.198729e+01,2.206310e+01,2.202176e+01,2.201486e+01,2.202865e+01,2.205621e+01,2.204932e+01,2.212509e+01,2.209755e+01,2.209066e+01,2.191141e+01,2.206310e+01,2.202176e+01,2.209755e+01,2.215952e+01,2.196660e+01,2.196660e+01,2.203554e+01,2.200107e+01,2.206999e+01,2.212509e+01,2.209066e+01,2.211821e+01,2.206310e+01,2.204243e+01,2.218705e+01,2.218705e+01,2.206999e+01,2.220081e+01,2.196660e+01,2.208377e+01,2.206310e+01,2.205621e+01,2.218705e+01,2.207688e+01,2.202865e+01,2.197349e+01,2.192521e+01,2.205621e+01,2.196660e+01,2.202865e+01,2.204932e+01,2.206310e+01,2.213198e+01,2.202176e+01,2.206310e+01,2.204243e+01,2.203554e+01,2.205621e+01,2.208377e+01,2.200107e+01,2.210443e+01,2.211132e+01,2.209066e+01,2.209755e+01,2.202176e+01,2.209755e+01,2.193211e+01,2.209066e+01,2.208377e+01,2.204932e+01,2.195280e+01,2.211132e+01,2.207688e+01,2.202176e+01,2.196660e+01
2.218016e+01,2.218016e+01,2.213886e+01,2.203554e+01,2.215952e+01,2.216640e+01,2.225584e+01,2.224896e+01,2.223520e+01,2.224896e+01,2.224896e+01,2.211821e+01,2.223520e+01,2.211821e+01,2.211132e+01,2.223520e+01,2.211821e+01,2.211821e+01,2.224208e+01,2.226959e+01,2.226959e+01,2.211132e+01,2.226959e+01,2.227647e+01,2.224896e+01,2.223520e+01,2.221457e+01,2.224208e+01,2.226271e+01,2.224208e+01,2.228334e+01,2.226959e+01,2.224208e+01,2.223520e+01,2.229709e+01,2.224896e+01,2.228334e+01,2.227647e+01,2.224208e+01,2.224896e+01,2.222833e+01,2.233833e+01,2.238642e+01,2.237955e+01,2.248939e+01,2.231771e+01,2.237268e+01,2.248939e+01,2.244821e+01,2.248252e+01,2.247566e+01,2.250997e+01,2.245507e+01,2.239328e+01,2.242762e+01,2.240015e+01,2.240015e+01,2.243448e+01,2.237268e+01,2.246194e+01,2.237955e+01,2.241389e+01,2.241389e+01,2.234520e+01,2.229022e+01,2.244821e+01,2.247566e+01,2.237955e+01,2.254426e+01,2.253055e+01,2.250997e+01,2.254426e+01,2.254426e+01,2.253741e+01,2.246880e+01,2.248252e+01,2.254426e+01,2.255798e+01,2.250311e+01,2.245507e+01,2.244821e+01,2.268132e+01,2.252369e+01,2.245507e+01,2.251683e+01,2.249625e+01,2.250997e+01,2.253055e+01,2.257854e+01,2.247566e+01,2.248939e+01,2.250311e+01,2.251683e+01,2.252369e+01,2.234520e+01,2.239328e+01,2.231084e+01,2.242075e+01,2.233833e+01,2.238642e+01,2.231771e+01,2.234520e+01,2.234520e+01,2.233833e+01,2.229709e+01,2.231771e+01,2.230396e+01,2.217328e+01,2.230396e+01,2.233146e+01,2.231084e+01,2.226271e+01,2.229709e+01,2.226959e+01,2.223520e+01,2.223520e+01,2.229709e+01,2.235894e+01,2.224896e+01,2.222145e+01,2.219393e+01,2.230396e+01,2.225584e+01,2.227647e+01,2.234520e+01,2.232458e+01,2.226959e+01,2.234520e+01,2.228334e+01,2.232458e+01,2.235207e+01,2.228334e+01,2.229709e+01,2.233833e+01,2.230396e+01,2.233146e+01,2.229709e+01,2.238642e+01,2.240015e+01,2.233833e+01,2.234520e+01,2.237268e+01,2.230396e+01,2.236581e+01,2.238642e+01,2.236581e+01,2.243448e+01,2.234520e+01,2.244821e+01,2.233146e+01,2.233146e+01,2.235894e+01,2.244135e+01,2.240702e+01,2.250311e+01,2.244135e+01,2.242075e+01,2.243448e+01,2.244135e+01,2.248939e+01,2.244821e+01,2.242075e+01,2.248939e+01,2.245507e+01,2.242075e+01,2.242762e+01,2.240015e+01,2.244135e+01,2.255112e+01,2.240702e+01,2.244135e+01,2.238642e+01,2.237955e+01,2.240702e+01,2.237268e+01,2.234520e+01,2.233833e+01,2.234520e+01,2.231084e+01,2.235207e+01,2.235207e+01,2.237955e+01,2.221457e+01,2.231771e+01,2.229022e+01,2.226271e+01,2.235207e+01,2.228334e+01,2.226959e+01,2.231771e+01,2.233833e+01,2.233146e+01,2.233833e+01,2.233146e+01,2.229709e+01,2.231771e+01,2.228334e+01,2.229022e+01,2.222833e+01,2.237268e+01,2.233146e+01,2.246880e+01,2.237955e+01,2.235894e+01,2.233833e+01,2.235207e+01,2.245507e+01,2.233833e+01,2.237268e+01,2.242075e+01,2.225584e+01,2.231084e+01,2.236581e+01,2.242075e+01,2.245507e+01,2.244135e+01,2.243448e+01,2.230396e+01,2.237268e+01,2.251683e+01,2.246194e+01,2.250311e+01,2.251683e+01,2.249625e+01,2.237955e+01,2.251683e+01,2.249625e+01,2.250311e+01,2.251683e+01,2.258540e+01,2.248252e+01,2.254426e+01,2.259911e+01,2.254426e+01,2.261282e+01,2.260596e+01,2.247566e+01,2.258540e+01,2.262652e+01,2.262652e+01,2.260596e+01,2.261282e+01,2.257169e+01,2.257169e+01,2.256483e+01,2.249625e+01,2.257854e+01,2.259225e+01,2.247566e+01,2.259225e+01,2.258540e+01,2.244821e+01,2.260596e+01,2.248252e+01,2.253055e+01,2.259225e+01,2.256483e+01,2.256483e+01,2.259225e+01,2.250997e+01,2.246880e+01,2.244135e+01,2.245507e+01,2.244135e+01,2.240702e+01,2.243448e+01,2.236581e+01,2.235894e+01,2.223520e+01,2.235894e+01,2.224208e+01,2.232458e+01,2.222145e+01,2.215952e+01,2.224208e+01,2.224896e+01,2.224208e+01,2.208377e+01,2.213886e+01,2.211821e+01,2.213198e+01,2.224896e+01,2.226959e+01,2.217328e+01,2.227647e+01,2.223520e+01,2.217328e+01,2.226959e+01,2.225584e+01,2.226959e+01,2.216640e+01,2.204932e+01,2.172494e+01,2.178022e+01,2.170420e+01,2.178022e+01,2.175258e+01,2.179404e+01,2.175949e+01,2.188381e+01,2.195280e+01,2.195280e+01,2.195970e+01,2.199418e+01,2.202865e+01,2.201486e+01,2.205621e+01,2.198729e+01,2.207688e+01,2.208377e+01,2.211821e+01,2.208377e+01,2.206999e+01,2.212509e+01,2.209755e+01,2.211132e+01,2.210443e+01,2.210443e+01,2.199418e+01,2.210443e+01,2.211132e+01,2.211132e+01,2.204932e+01,2.200107e+01,2.209755e+01,2.206999e+01,2.200797e+01,2.198039e+01,2.204243e+01,2.192521e+01,2.189071e+01,2.204932e+01,2.195280e+01,2.198039e+01,2.198729e+01,2.182858e+01,2.210443e+01,2.206310e+01,2.208377e+01,2.216640e+01,2.202176e+01,2.212509e+01,2.209066e+01,2.213198e+01,2.208377e+01,2.219393e+01,2.219393e+01,2.208377e+01,2.214575e+01,2.220081e+01,2.218016e+01,2.210443e+01,2.209755e+01,2.216640e+01,2.214575e+01,2.215952e+01,2.220081e+01,2.218705e+01,2.219393e+01,2.208377e+01,2.175258e+01,2.162119e+01,2.162811e+01,2.163503e+01,2.149656e+01,2.166270e+01,2.164887e+01,2.161427e+01,2.153812e+01,2.162811e+01,2.164887e+01,2.169728e+01,2.164195e+01,2.168345e+01,2.169037e+01,2.161427e+01,2.166270e+01,2.168345e+01,2.170420e+01,2.169728e+01,2.169728e+01,2.174567e+01,2.181476e+01,2.178713e+01,2.183548e+01,2.189761e+01,2.194591e+01,2.191831e+01,2.189071e+01,2.188381e+01,2.189761e+01,2.191831e+01,2.193901e+01,2.187691e+01,2.201486e+01,2.186310e+01,2.191141e+01,2.184929e+01,2.193901e+01,2.189761e+01,2.189761e+01,2.182167e+01,2.183548e+01,2.184929e+01,2.173185e+01,2.179404e+01,2.184929e+01,2.180786e+01,2.191141e+01,2.202865e+01,2.198729e+01,2.193901e+01,2.195280e+01,2.198729e+01,2.192521e+01,2.199418e+01,2.187000e+01,2.184929e+01,2.196660e+01,2.193901e+01,2.178713e+01,2.182858e+01,2.183548e+01,2.182167e+01,2.190451e+01,2.180786e+01,2.182167e+01,2.185620e+01,2.184929e+01,2.182858e+01,2.176641e+01,2.183548e+01,2.188381e+01,2.174567e+01,2.184929e+01,2.180095e+01,2.184239e+01,2.184929e+01,2.181476e+01,2.189071e+01,2.180786e+01,2.178713e+01,2.175949e+01,2.175258e+01,2.167654e+01,2.165579e+01,2.172494e+01,2.164887e+01,2.173185e+01,2.162811e+01,2.169728e+01,2.165579e+01,2.162811e+01,2.162119e+01,2.166270e+01,2.155890e+01,2.151734e+01,2.154505e+01,2.157967e+01,2.154505e+01,2.156582e+01,2.155890e+01,2.155890e+01,2.155890e+01,2.155197e+01,2.153812e+01,2.141339e+01,2.144805e+01,2.139258e+01,2.140645e+01,2.134402e+01,2.137177e+01,2.131626e+01,2.130932e+01,2.135096e+01,2.128850e+01,2.135096e+01,2.133014e+01,2.142725e+01,2.178713e+01,2.202865e+01,2.216640e+01,2.206310e+01,2.208377e+01,2.196660e+01,2.204932e+01,2.197349e+01,2.206999e+01,2.195280e+01,2.204932e+01,2.195970e+01,2.213886e+01,2.201486e+01,2.204932e+01,2.202176e+01,2.204243e+01,2.215263e+01,2.211821e+01,2.226959e+01,2.222145e+01,2.211821e+01,2.218705e+01,2.227647e+01,2.221457e+01,2.239328e+01,2.241389e+01,2.237955e+01,2.234520e+01,2.248252e+01,2.242075e+01,2.245507e+01,2.251683e+01,2.242075e+01,2.246880e+01,2.235207e+01,2.236581e+01,2.251683e+01,2.250997e+01,2.255798e+01,2.253055e+01,2.252369e+01,2.253055e+01,2.255798e+01,2.256483e+01,2.258540e+01,2.250311e+01,2.244821e+01,2.245507e+01,2.246880e+01,2.241389e+01,2.255112e+01,2.246880e+01,2.241389e+01,2.255798e+01,2.247566e+01,2.242075e+01,2.241389e+01,2.253741e+01,2.239328e+01,2.241389e+01,2.244821e+01,2.242075e+01,2.252369e+01,2.239328e+01,2.233833e+01,2.245507e+01,2.237955e+01,2.250311e+01,2.248252e+01,2.246880e+01,2.241389e+01,2.238642e+01,2.231771e+01,2.234520e+01,2.237268e+01,2.226959e+01,2.229709e+01,2.229022e+01,2.232458e+01,2.224208e+01,2.226271e+01,2.229022e+01,2.226271e+01,2.226271e+01,2.222833e+01,2.223520e+01,2.207688e+01,2.221457e+01,2.224896e+01,2.218016e+01,2.218705e+01,2.218016e+01,2.217328e+01,2.216640e+01,2.201486e+01,2.209066e+01,2.200797e+01,2.202176e+01,2.203554e+01,2.201486e+01,2.207688e+01,2.207688e+01,2.206999e+01,2.206999e+01,2.206310e+01,2.206999e+01,2.206999e+01,2.204243e+01,2.206310e+01,2.210443e+01,2.210443e+01,2.201486e+01,2.202176e+01,2.209066e+01,2.212509e+01,2.202865e+01,2.198729e+01,2.211132e+01,2.209066e+01,2.200107e+01,2.205621e+01,2.217328e+01,2.206310e+01,2.208377e+01,2.207688e+01,2.211132e+01,2.202865e+01,2.203554e+01,2.202176e+01,2.205621e+01,2.218016e+01,2.204932e+01,2.206310e+01,2.205621e+01,2.206999e+01,2.208377e+01,2.208377e+01,2.207688e+01,2.211821e+01,2.206999e+01,2.205621e+01,2.206310e+01,2.206310e+01,2.207688e+01,2.209066e+01,2.209755e+01,2.204932e+01,2.202176e+01,2.205621e+01,2.200797e+01,2.213886e+01,2.213886e+01,2.201486e+01,2.211132e+01,2.207688e+01,2.206310e+01,2.195970e+01,2.206310e+01,2.199418e+01,2.225584e+01
2.220081e+01,2.216640e+01,2.214575e+01,2.217328e+01,2.210443e+01,2.231084e+01,2.227647e+01,2.222833e+01,2.222833e+01,2.221457e+01,2.219393e+01,2.226271e+01,2.223520e+01,2.231771e+01,2.224896e+01,2.213886e+01,2.213886e+01,2.216640e+01,2.220769e+01,2.213198e+01,2.220081e+01,2.230396e+01,2.218705e+01,2.220081e+01,2.232458e+01,2.220769e+01,2.234520e+01,2.222145e+01,2.235207e+01,2.225584e+01,2.213886e+01,2.229022e+01,2.229709e+01,2.231084e+01,2.233146e+01,2.222833e+01,2.229022e+01,2.226271e+01,2.231771e+01,2.245507e+01,2.225584e+01,2.231084e+01,2.239328e+01,2.237955e+01,2.241389e+01,2.245507e+01,2.244135e+01,2.243448e+01,2.240015e+01,2.242762e+01,2.246880e+01,2.248939e+01,2.250311e+01,2.250311e+01,2.237955e+01,2.238642e+01,2.242762e+01,2.238642e+01,2.238642e+01,2.245507e+01,2.242762e+01,2.237955e+01,2.238642e+01,2.241389e+01,2.244135e+01,2.248252e+01,2.253055e+01,2.247566e+01,2.249625e+01,2.243448e+01,2.246194e+01,2.251683e+01,2.249625e+01,2.256483e+01,2.257854e+01,2.244821e+01,2.246194e+01,2.250311e+01,2.258540e+01,2.254426e+01,2.243448e+01,2.264708e+01,2.250997e+01,2.250997e+01,2.251683e+01,2.256483e+01,2.248939e+01,2.255798e+01,2.246194e+01,2.245507e+01,2.247566e+01,2.249625e+01,2.256483e+01,2.242075e+01,2.238642e+01,2.249625e+01,2.253055e+01,2.242075e+01,2.261282e+01,2.235207e+01,2.242762e+01,2.234520e+01,2.236581e+01,2.232458e+01,2.231771e+01,2.230396e+01,2.240702e+01,2.229022e+01,2.235894e+01,2.231084e+01,2.227647e+01,2.211821e+01,2.235894e+01,2.237268e+01,2.232458e+01,2.247566e+01,2.226959e+01,2.223520e+01,2.218016e+01,2.233146e+01,2.229709e+01,2.238642e+01,2.233833e+01,2.231771e+01,2.235894e+01,2.236581e+01,2.211132e+01,2.234520e+01,2.241389e+01,2.235207e+01,2.237955e+01,2.228334e+01,2.236581e+01,2.229709e+01,2.225584e+01,2.235894e+01,2.235894e+01,2.237955e+01,2.231084e+01,2.237955e+01,2.238642e+01,2.237955e+01,2.238642e+01,2.240702e+01,2.237955e+01,2.239328e+01,2.263337e+01,2.246880e+01,2.238642e+01,2.237955e+01,2.235207e+01,2.239328e+01,2.244821e+01,2.246880e+01,2.248939e+01,2.241389e+01,2.248252e+01,2.240702e+01,2.237268e+01,2.252369e+01,2.242075e+01,2.249625e+01,2.248939e+01,2.249625e+01,2.250311e+01,2.245507e+01,2.243448e+01,2.244821e+01,2.237955e+01,2.244135e+01,2.246194e+01,2.244821e+01,2.240702e+01,2.244821e+01,2.237955e+01,2.246194e+01,2.246880e+01,2.235207e+01,2.238642e+01,2.231084e+01,2.233833e+01,2.235207e+01,2.233146e+01,2.235894e+01,2.226271e+01,2.231084e+01,2.229022e+01,2.231084e+01,2.230396e+01,2.230396e+01,2.231084e+01,2.220081e+01,2.232458e+01,2.233146e+01,2.232458e+01,2.235894e+01,2.237268e+01,2.232458e+01,2.235207e+01,2.237268e+01,2.236581e+01,2.237268e+01,2.242762e+01,2.242075e+01,2.235894e+01,2.238642e+01,2.233833e+01,2.230396e+01,2.231771e+01,2.233146e+01,2.233833e+01,2.240015e+01,2.246194e+01,2.245507e+01,2.243448e+01,2.244821e+01,2.242762e+01,2.242762e+01,2.244135e+01,2.246194e+01,2.243448e+01,2.250311e+01,2.255798e+01,2.253055e+01,2.252369e+01,2.246880e+01,2.250311e+01,2.244821e+01,2.253741e+01,2.261282e+01,2.251683e+01,2.252369e+01,2.257169e+01,2.249625e+01,2.260596e+01,2.252369e+01,2.259911e+01,2.262652e+01,2.262652e+01,2.258540e+01,2.255798e+01,2.255798e+01,2.260596e+01,2.257169e+01,2.258540e+01,2.258540e+01,2.268132e+01,2.262652e+01,2.263337e+01,2.260596e+01,2.261282e+01,2.255798e+01,2.257169e+01,2.251683e+01,2.255112e+01,2.259911e+01,2.257854e+01,2.255798e+01,2.257169e+01,2.257169e+01,2.246880e+01,2.229709e+01,2.242762e+01,2.238642e+01,2.243448e+01,2.243448e+01,2.229022e+01,2.233833e+01,2.216640e+01,2.227647e+01,2.225584e+01,2.202865e+01,2.216640e+01,2.209755e+01,2.217328e+01,2.224208e+01,2.226271e+01,2.226959e+01,2.225584e+01,2.213198e+01,2.223520e+01,2.231084e+01,2.218705e+01,2.218016e+01,2.219393e+01,2.224896e+01,2.213886e+01,2.219393e+01,2.231084e+01,2.230396e+01,2.228334e+01,2.224208e+01,2.199418e+01,2.182167e+01,2.177332e+01,2.180095e+01,2.175258e+01,2.175949e+01,2.189761e+01,2.191141e+01,2.193211e+01,2.191831e+01,2.194591e+01,2.195280e+01,2.204932e+01,2.204243e+01,2.206310e+01,2.209066e+01,2.211132e+01,2.207688e+01,2.211132e+01,2.210443e+01,2.217328e+01,2.214575e+01,2.216640e+01,2.213886e+01,2.207688e+01,2.211821e+01,2.226959e+01,2.211132e+01,2.210443e+01,2.210443e+01,2.209755e+01,2.214575e+01,2.191831e+01,2.209755e+01,2.200107e+01,2.204243e+01,2.199418e+01,2.206310e+01,2.195970e+01,2.195280e+01,2.200107e+01,2.201486e+01,2.195280e+01,2.197349e+01,2.193901e+01,2.204932e+01,2.203554e+01,2.206999e+01,2.221457e+01,2.220769e+01,2.208377e+01,2.220081e+01,2.209755e+01,2.213198e+01,2.217328e+01,2.211132e+01,2.210443e+01,2.211821e+01,2.216640e+01,2.205621e+01,2.220769e+01,2.216640e+01,2.217328e+01,2.222145e+01,2.207688e+01,2.222145e+01,2.213198e+01,2.222833e+01,2.209755e+01,2.204243e+01,2.190451e+01,2.161427e+01,2.164195e+01,2.168345e+01,2.164887e+01,2.171111e+01,2.169728e+01,2.159351e+01,2.164887e+01,2.160735e+01,2.165579e+01,2.165579e+01,2.170420e+01,2.166962e+01,2.165579e+01,2.169037e+01,2.153119e+01,2.169037e+01,2.173876e+01,2.175258e+01,2.174567e+01,2.175949e+01,2.183548e+01,2.193211e+01,2.183548e+01,2.187000e+01,2.196660e+01,2.188381e+01,2.191141e+01,2.199418e+01,2.191141e+01,2.189071e+01,2.193211e+01,2.199418e+01,2.197349e+01,2.191831e+01,2.188381e+01,2.185620e+01,2.190451e+01,2.184239e+01,2.185620e+01,2.181476e+01,2.181476e+01,2.177332e+01,2.180095e+01,2.197349e+01,2.182167e+01,2.194591e+01,2.202176e+01,2.198729e+01,2.195970e+01,2.196660e+01,2.202865e+01,2.199418e+01,2.202865e+01,2.193211e+01,2.195280e+01,2.196660e+01,2.176641e+01,2.187000e+01,2.191141e+01,2.180786e+01,2.187000e+01,2.178713e+01,2.178022e+01,2.179404e+01,2.184239e+01,2.182858e+01,2.184929e+01,2.180786e+01,2.180786e+01,2.180095e+01,2.182167e+01,2.180786e+01,2.184239e+01,2.183548e+01,2.182167e+01,2.184239e+01,2.180786e+01,2.175949e+01,2.182858e+01,2.178022e+01,2.167654e+01,2.163503e+01,2.166270e+01,2.171111e+01,2.164887e+01,2.160735e+01,2.164195e+01,2.161427e+01,2.171111e+01,2.162119e+01,2.161427e+01,2.158659e+01,2.150349e+01,2.157274e+01,2.146191e+01,2.149656e+01,2.155890e+01,2.139258e+01,2.155197e+01,2.144112e+01,2.153119e+01,2.146884e+01,2.152427e+01,2.139258e+01,2.142725e+01,2.146884e+01,2.133014e+01,2.132320e+01,2.139258e+01,2.131626e+01,2.130932e+01,2.123294e+01,2.135096e+01,2.137177e+01,2.169728e+01,2.180786e+01,2.205621e+01,2.206999e+01,2.213198e+01,2.206310e+01,2.210443e+01,2.208377e+01,2.210443e+01,2.203554e+01,2.192521e+01,2.209755e+01,2.208377e+01,2.206310e+01,2.203554e+01,2.206310e+01,2.200797e+01,2.205621e+01,2.224208e+01,2.211132e+01,2.215952e+01,2.226271e+01,2.222145e+01,2.226271e+01,2.227647e+01,2.233833e+01,2.253055e+01,2.233833e+01,2.238642e+01,2.240702e+01,2.246194e+01,2.240702e+01,2.242075e+01,2.244821e+01,2.251683e+01,2.247566e+01,2.248939e+01,2.253741e+01,2.248939e+01,2.258540e+01,2.255798e+01,2.254426e+01,2.255798e+01,2.251683e+01,2.260596e+01,2.252369e+01,2.253055e+01,2.257854e+01,2.250997e+01,2.247566e+01,2.250997e+01,2.243448e+01,2.256483e+01,2.250311e+01,2.261282e+01,2.261282e+01,2.243448e+01,2.237268e+01,2.250997e+01,2.240015e+01,2.240015e+01,2.244135e+01,2.240702e+01,2.247566e+01,2.246880e+01,2.243448e+01,2.238642e+01,2.254426e+01,2.236581e+01,2.246880e+01,2.248939e+01,2.248252e+01,2.248252e+01,2.231771e+01,2.238642e+01,2.233146e+01,2.234520e+01,2.243448e+01,2.229709e+01,2.228334e+01,2.222833e+01,2.220769e+01,2.224208e+01,2.230396e+01,2.225584e+01,2.220081e+01,2.216640e+01,2.217328e+01,2.228334e+01,2.220081e+01,2.219393e+01,2.220081e+01,2.208377e+01,2.207688e+01,2.211132e+01,2.202176e+01,2.203554e+01,2.208377e+01,2.200797e+01,2.217328e+01,2.205621e+01,2.206310e+01,2.204243e+01,2.208377e+01,2.200797e+01,2.205621e+01,2.213886e+01,2.205621e+01,2.212509e+01,2.206999e+01,2.220769e+01,2.213886e+01,2.208377e+01,2.209066e+01,2.204243e+01,2.214575e+01,2.204932e+01,2.208377e+01,2.213886e+01,2.212509e+01,2.211132e+01,2.212509e+01,2.217328e+01,2.213886e+01,2.211132e+01,2.215952e+01,2.206999e+01,2.213886e+01,2.211821e+01,2.215952e+01,2.204243e+01,2.209755e+01,2.200797e+01,2.211132e+01,2.216640e+01,2.210443e+01,2.208377e+01,2.207688e+01,2.209066e+01,2.212509e+01,2.210443e+01,2.215952e+01,2.228334e+01,2.227647e+01,2.227647e+01,2.208377e+01,2.209066e+01,2.200797e+01,2.221457e+01,2.224896e+01,2.211821e+01,2.214575e+01,2.213886e+01,2.213198e+01,2.213886e+01,2.205621e+01,2.209066e+01,2.209755e+01,2.193901e+01,2.220769e+01,2.196660e+01,2.214575e+01
2.222145e+01,2.220769e+01,2.222833e+01,2.224208e+01,2.229709e+01,2.206999e+01,2.228334e+01,2.212509e+01,2.200797e+01,2.221457e+01,2.222145e+01,2.215263e+01,2.224208e+01,2.212509e+01,2.229022e+01,2.242075e+01,2.213198e+01,2.215952e+01,2.223520e+01,2.212509e+01,2.228334e+01,2.215952e+01,2.229022e+01,2.228334e+01,2.215952e+01,2.230396e+01,2.235207e+01,2.224208e+01,2.220769e+01,2.216640e+01,2.231771e+01,2.220769e+01,2.230396e+01,2.227647e+01,2.231771e+01,2.225584e+01,2.223520e+01,2.221457e+01,2.228334e+01,2.222145e+01,2.229709e+01,2.223520e+01,2.231771e+01,2.224208e+01,2.230396e+01,2.240702e+01,2.244135e+01,2.252369e+01,2.243448e+01,2.246194e+01,2.239328e+01,2.244821e+01,2.244135e+01,2.240015e+01,2.235894e+01,2.242762e+01,2.233146e+01,2.244135e+01,2.233833e+01,2.231084e+01,2.242762e+01,2.246194e+01,2.240702e+01,2.240702e+01,2.246194e+01,2.245507e+01,2.248252e+01,2.246880e+01,2.242762e+01,2.253741e+01,2.244821e+01,2.248939e+01,2.246880e+01,2.251683e+01,2.256483e+01,2.257169e+01,2.246880e+01,2.253741e+01,2.239328e+01,2.236581e+01,2.250311e+01,2.259225e+01,2.257854e+01,2.246194e+01,2.254426e+01,2.248939e+01,2.252369e+01,2.257854e+01,2.250997e+01,2.250311e+01,2.249625e+01,2.246194e+01,2.250997e+01,2.254426e+01,2.240702e+01,2.238642e+01,2.250311e+01,2.241389e+01,2.239328e+01,2.237955e+01,2.233833e+01,2.231771e+01,2.231771e+01,2.235207e+01,2.231084e+01,2.233146e+01,2.227647e+01,2.236581e+01,2.229709e+01,2.231084e+01,2.232458e+01,2.228334e+01,2.230396e+01,2.231084e+01,2.241389e+01,2.226959e+01,2.225584e+01,2.227647e+01,2.233833e+01,2.224208e+01,2.229709e+01,2.230396e+01,2.228334e+01,2.231084e+01,2.233833e+01,2.231084e+01,2.240015e+01,2.233833e+01,2.228334e+01,2.238642e+01,2.231084e+01,2.237955e+01,2.229022e+01,2.228334e+01,2.226271e+01,2.232458e+01,2.228334e+01,2.233833e+01,2.227647e+01,2.240702e+01,2.242075e+01,2.234520e+01,2.229709e+01,2.236581e+01,2.237955e+01,2.235207e+01,2.241389e+01,2.240702e+01,2.242075e+01,2.247566e+01,2.242075e+01,2.236581e+01,2.244135e+01,2.244821e+01,2.247566e+01,2.244821e+01,2.242075e+01,2.252369e+01,2.244821e+01,2.250997e+01,2.246194e+01,2.246880e+01,2.246194e+01,2.244135e+01,2.250311e+01,2.246880e+01,2.246880e+01,2.241389e+01,2.247566e+01,2.235207e+01,2.247566e+01,2.240015e+01,2.241389e+01,2.246194e+01,2.226271e+01,2.244821e+01,2.241389e+01,2.233146e+01,2.233833e+01,2.236581e+01,2.237268e+01,2.246194e+01,2.237268e+01,2.237268e+01,2.235207e+01,2.230396e+01,2.227647e+01,2.229022e+01,2.231771e+01,2.227647e+01,2.230396e+01,2.231771e+01,2.237268e+01,2.233833e+01,2.232458e+01,2.227647e+01,2.215263e+01,2.218705e+01,2.230396e+01,2.237955e+01,2.237268e+01,2.235207e+01,2.239328e+01,2.233833e+01,2.224208e+01,2.247566e+01,2.232458e+01,2.233146e+01,2.241389e+01,2.243448e+01,2.242762e+01,2.227647e+01,2.238642e+01,2.246880e+01,2.244135e+01,2.244821e+01,2.246880e+01,2.243448e+01,2.244135e+01,2.238642e+01,2.240702e+01,2.257169e+01,2.240015e+01,2.248939e+01,2.249625e+01,2.252369e+01,2.252369e+01,2.248939e+01,2.247566e+01,2.257854e+01,2.259225e+01,2.253055e+01,2.255798e+01,2.254426e+01,2.261282e+01,2.256483e+01,2.246880e+01,2.259911e+01,2.251683e+01,2.257854e+01,2.260596e+01,2.257854e+01,2.256483e+01,2.270871e+01,2.259911e+01,2.257169e+01,2.259911e+01,2.260596e+01,2.262652e+01,2.261282e+01,2.258540e+01,2.258540e+01,2.255798e+01,2.257854e+01,2.255798e+01,2.257854e+01,2.256483e+01,2.250311e+01,2.257854e+01,2.249625e+01,2.244135e+01,2.240015e+01,2.244135e+01,2.216640e+01,2.224208e+01,2.226959e+01,2.211132e+01,2.195970e+01,2.204932e+01,2.196660e+01,2.194591e+01,2.189071e+01,2.189071e+01,2.189071e+01,2.187000e+01,2.166962e+01,2.187000e+01,2.198039e+01,2.219393e+01,2.212509e+01,2.207688e+01,2.226271e+01,2.227647e+01,2.224208e+01,2.229022e+01,2.231084e+01,2.227647e+01,2.228334e+01,2.230396e+01,2.218016e+01,2.218705e+01,2.225584e+01,2.219393e+01,2.211132e+01,2.184239e+01,2.173185e+01,2.177332e+01,2.173876e+01,2.175258e+01,2.200797e+01,2.203554e+01,2.193901e+01,2.205621e+01,2.203554e+01,2.197349e+01,2.209066e+01,2.200107e+01,2.208377e+01,2.209066e+01,2.206999e+01,2.216640e+01,2.209755e+01,2.207688e+01,2.214575e+01,2.217328e+01,2.197349e+01,2.207688e+01,2.213886e+01,2.213886e+01,2.210443e+01,2.211821e+01,2.209066e+01,2.215263e+01,2.202865e+01,2.202865e+01,2.202176e+01,2.202865e+01,2.200797e+01,2.195280e+01,2.196660e+01,2.193901e+01,2.197349e+01,2.194591e+01,2.194591e+01,2.191831e+01,2.187691e+01,2.186310e+01,2.203554e+01,2.218705e+01,2.207688e+01,2.216640e+01,2.207688e+01,2.206999e+01,2.220769e+01,2.211132e+01,2.212509e+01,2.206999e+01,2.213198e+01,2.211132e+01,2.212509e+01,2.213198e+01,2.197349e+01,2.213198e+01,2.213198e+01,2.220081e+01,2.216640e+01,2.220769e+01,2.220081e+01,2.220081e+01,2.206310e+01,2.218016e+01,2.219393e+01,2.204932e+01,2.189071e+01,2.174567e+01,2.165579e+01,2.162811e+01,2.164195e+01,2.157274e+01,2.157967e+01,2.164195e+01,2.165579e+01,2.166270e+01,2.162119e+01,2.164195e+01,2.166962e+01,2.165579e+01,2.164195e+01,2.159351e+01,2.157274e+01,2.173185e+01,2.171802e+01,2.181476e+01,2.184239e+01,2.175949e+01,2.189761e+01,2.187691e+01,2.187691e+01,2.202176e+01,2.201486e+01,2.195280e+01,2.202176e+01,2.188381e+01,2.190451e+01,2.185620e+01,2.197349e+01,2.180095e+01,2.192521e+01,2.183548e+01,2.189071e+01,2.188381e+01,2.187691e+01,2.189071e+01,2.191141e+01,2.186310e+01,2.184239e+01,2.182167e+01,2.188381e+01,2.192521e+01,2.204932e+01,2.194591e+01,2.195280e+01,2.196660e+01,2.201486e+01,2.195970e+01,2.195280e+01,2.191831e+01,2.201486e+01,2.199418e+01,2.206310e+01,2.187691e+01,2.189071e+01,2.180095e+01,2.177332e+01,2.179404e+01,2.193211e+01,2.180786e+01,2.181476e+01,2.180095e+01,2.179404e+01,2.173185e+01,2.182858e+01,2.175949e+01,2.180095e+01,2.178022e+01,2.169728e+01,2.182167e+01,2.181476e+01,2.182858e+01,2.186310e+01,2.179404e+01,2.182167e+01,2.172494e+01,2.173876e+01,2.172494e+01,2.182167e+01,2.172494e+01,2.167654e+01,2.166270e+01,2.164887e+01,2.166962e+01,2.162811e+01,2.155197e+01,2.156582e+01,2.152427e+01,2.150349e+01,2.151734e+01,2.151042e+01,2.150349e+01,2.149656e+01,2.140645e+01,2.152427e+01,2.153812e+01,2.155197e+01,2.148270e+01,2.139952e+01,2.151042e+01,2.141339e+01,2.141339e+01,2.139258e+01,2.138565e+01,2.133708e+01,2.128850e+01,2.130932e+01,2.123294e+01,2.139258e+01,2.154505e+01,2.146884e+01,2.168345e+01,2.204932e+01,2.213198e+01,2.221457e+01,2.212509e+01,2.210443e+01,2.206310e+01,2.205621e+01,2.211821e+01,2.206310e+01,2.207688e+01,2.207688e+01,2.204243e+01,2.207688e+01,2.202865e+01,2.204932e+01,2.212509e+01,2.203554e+01,2.217328e+01,2.218705e+01,2.220769e+01,2.218705e+01,2.224208e+01,2.220081e+01,2.232458e+01,2.224208e+01,2.241389e+01,2.237268e+01,2.237268e+01,2.238642e+01,2.240015e+01,2.242762e+01,2.240702e+01,2.247566e+01,2.251683e+01,2.241389e+01,2.248939e+01,2.244135e+01,2.246194e+01,2.257854e+01,2.253741e+01,2.249625e+01,2.253741e+01,2.253741e+01,2.243448e+01,2.253741e+01,2.252369e+01,2.254426e+01,2.250311e+01,2.249625e+01,2.245507e+01,2.250997e+01,2.250997e+01,2.250997e+01,2.245507e+01,2.243448e+01,2.248252e+01,2.255112e+01,2.252369e+01,2.244821e+01,2.243448e+01,2.246880e+01,2.246194e+01,2.244821e+01,2.243448e+01,2.247566e+01,2.246880e+01,2.241389e+01,2.235207e+01,2.242762e+01,2.248939e+01,2.247566e+01,2.241389e+01,2.248939e+01,2.234520e+01,2.243448e+01,2.244821e+01,2.239328e+01,2.233146e+01,2.229022e+01,2.222833e+01,2.219393e+01,2.226271e+01,2.224208e+01,2.224896e+01,2.225584e+01,2.224896e+01,2.241389e+01,2.228334e+01,2.218705e+01,2.210443e+01,2.206310e+01,2.203554e+01,2.212509e+01,2.206310e+01,2.216640e+01,2.204932e+01,2.202176e+01,2.215263e+01,2.208377e+01,2.205621e+01,2.202176e+01,2.202176e+01,2.209066e+01,2.204932e+01,2.211132e+01,2.207688e+01,2.206999e+01,2.211132e+01,2.213198e+01,2.216640e+01,2.206999e+01,2.215952e+01,2.206999e+01,2.207688e+01,2.206999e+01,2.204243e+01,2.204243e+01,2.210443e+01,2.201486e+01,2.205621e+01,2.209755e+01,2.204932e+01,2.214575e+01,2.205621e+01,2.209755e+01,2.210443e+01,2.210443e+01,2.206999e+01,2.211821e+01,2.206999e+01,2.203554e+01,2.206310e+01,2.207688e+01,2.206310e+01,2.205621e+01,2.209755e+01,2.204243e+01,2.211821e+01,2.211132e+01,2.209755e+01,2.211132e+01,2.210443e+01,2.206999e+01,2.225584e+01,2.210443e+01,2.209066e+01,2.209755e+01,2.209066e+01,2.212509e+01,2.218016e+01,2.215952e+01,2.204932e+01,2.215263e+01,2.210443e+01,2.206999e+01,2.213198e+01,2.201486e+01,2.193211e+01,2.193901e+01,2.211132e+01,2.212509e+01
2.218016e+01,2.219393e+01,2.218705e+01,2.209755e+01,2.211821e+01,2.209066e+01,2.209066e+01,2.218016e+01,2.220081e+01,2.219393e+01,2.215263e+01,2.220081e+01,2.230396e+01,2.225584e+01,2.226959e+01,2.217328e+01,2.216640e+01,2.214575e+01,2.229022e+01,2.227647e+01,2.226271e+01,2.218016e+01,2.225584e+01,2.215263e+01,2.220081e+01,2.222145e+01,2.225584e+01,2.220081e+01,2.234520e+01,2.217328e+01,2.230396e+01,2.232458e+01,2.218016e+01,2.227647e+01,2.229022e+01,2.222145e+01,2.226271e+01,2.227647e+01,2.222145e+01,2.225584e+01,2.235894e+01,2.241389e+01,2.230396e+01,2.231084e+01,2.233146e+01,2.234520e+01,2.234520e+01,2.236581e+01,2.251683e+01,2.240702e+01,2.242762e+01,2.251683e+01,2.238642e+01,2.238642e+01,2.237268e+01,2.240015e+01,2.240702e+01,2.238642e+01,2.240015e+01,2.233146e+01,2.240015e+01,2.242762e+01,2.240015e+01,2.244821e+01,2.244135e+01,2.250311e+01,2.248939e+01,2.248252e+01,2.248939e+01,2.243448e+01,2.244821e+01,2.250311e+01,2.246880e+01,2.242075e+01,2.246880e+01,2.253055e+01,2.255798e+01,2.247566e+01,2.250311e+01,2.259225e+01,2.255798e+01,2.255798e+01,2.250997e+01,2.246194e+01,2.253055e+01,2.249625e+01,2.254426e+01,2.242762e+01,2.261282e+01,2.248939e+01,2.247566e+01,2.248252e+01,2.254426e+01,2.257854e+01,2.253055e+01,2.257169e+01,2.253055e+01,2.240015e+01,2.250311e+01,2.240702e+01,2.234520e+01,2.235894e+01,2.239328e+01,2.231771e+01,2.234520e+01,2.226271e+01,2.240702e+01,2.240702e+01,2.229709e+01,2.240702e+01,2.229709e+01,2.237955e+01,2.229709e+01,2.241389e+01,2.232458e+01,2.236581e+01,2.223520e+01,2.228334e+01,2.237268e+01,2.223520e+01,2.231771e+01,2.239328e+01,2.235207e+01,2.231771e+01,2.238642e+01,2.233833e+01,2.233833e+01,2.240702e+01,2.237268e+01,2.230396e+01,2.229022e+01,2.238642e+01,2.227647e+01,2.237955e+01,2.234520e+01,2.231771e+01,2.229709e+01,2.243448e+01,2.243448e+01,2.241389e+01,2.233833e+01,2.237955e+01,2.233833e+01,2.236581e+01,2.237955e+01,2.236581e+01,2.241389e+01,2.238642e+01,2.241389e+01,2.244135e+01,2.248252e+01,2.248252e+01,2.246194e+01,2.242762e+01,2.249625e+01,2.246194e+01,2.245507e+01,2.245507e+01,2.246880e+01,2.229709e+01,2.248252e+01,2.250997e+01,2.250311e+01,2.250997e+01,2.252369e+01,2.248252e+01,2.246880e+01,2.253741e+01,2.247566e+01,2.240015e+01,2.247566e+01,2.243448e+01,2.244821e+01,2.248252e+01,2.242762e+01,2.241389e+01,2.232458e+01,2.236581e+01,2.235207e+01,2.237268e+01,2.237268e+01,2.237268e+01,2.237955e+01,2.236581e+01,2.239328e+01,2.226959e+01,2.240015e+01,2.229709e+01,2.233833e+01,2.231084e+01,2.233146e+01,2.234520e+01,2.234520e+01,2.233146e+01,2.232458e+01,2.232458e+01,2.236581e+01,2.223520e+01,2.237268e+01,2.235207e+01,2.237955e+01,2.242762e+01,2.240015e+01,2.243448e+01,2.240015e+01,2.236581e+01,2.229709e+01,2.242762e+01,2.244135e+01,2.240702e+01,2.245507e+01,2.244135e+01,2.240702e+01,2.246194e+01,2.250311e+01,2.246880e+01,2.255798e+01,2.251683e+01,2.246880e+01,2.250311e+01,2.253055e+01,2.259225e+01,2.242762e+01,2.259911e+01,2.244821e+01,2.254426e+01,2.252369e+01,2.250997e+01,2.253055e+01,2.261282e+01,2.271556e+01,2.255112e+01,2.262652e+01,2.257169e+01,2.264708e+01,2.257169e+01,2.263337e+01,2.253741e+01,2.257854e+01,2.254426e+01,2.268132e+01,2.268817e+01,2.250997e+01,2.264022e+01,2.263337e+01,2.266078e+01,2.258540e+01,2.261967e+01,2.261282e+01,2.257169e+01,2.261282e+01,2.253741e+01,2.255798e+01,2.257854e+01,2.248252e+01,2.253055e+01,2.246880e+01,2.250311e+01,2.235207e+01,2.227647e+01,2.226959e+01,2.188381e+01,2.207688e+01,2.175949e+01,2.174567e+01,2.161427e+01,2.167654e+01,2.158659e+01,2.172494e+01,2.169037e+01,2.155890e+01,2.156582e+01,2.154505e+01,2.153812e+01,2.152427e+01,2.151042e+01,2.148963e+01,2.148963e+01,2.171802e+01,2.204243e+01,2.226271e+01,2.232458e+01,2.224896e+01,2.218705e+01,2.224896e+01,2.230396e+01,2.218016e+01,2.227647e+01,2.226271e+01,2.220081e+01,2.226271e+01,2.218705e+01,2.220081e+01,2.213198e+01,2.224896e+01,2.213198e+01,2.178022e+01,2.185620e+01,2.181476e+01,2.180095e+01,2.195970e+01,2.198729e+01,2.204243e+01,2.208377e+01,2.206999e+01,2.200797e+01,2.214575e+01,2.209755e+01,2.209755e+01,2.201486e+01,2.207688e+01,2.211132e+01,2.204932e+01,2.210443e+01,2.210443e+01,2.211132e+01,2.210443e+01,2.209066e+01,2.209755e+01,2.215952e+01,2.214575e+01,2.211821e+01,2.208377e+01,2.218016e+01,2.208377e+01,2.206310e+01,2.202176e+01,2.201486e+01,2.200107e+01,2.204932e+01,2.209066e+01,2.200107e+01,2.195970e+01,2.198039e+01,2.187691e+01,2.187691e+01,2.193901e+01,2.191141e+01,2.211132e+01,2.199418e+01,2.214575e+01,2.204932e+01,2.206310e+01,2.211821e+01,2.209755e+01,2.206999e+01,2.208377e+01,2.208377e+01,2.211821e+01,2.211821e+01,2.211132e+01,2.209066e+01,2.211821e+01,2.216640e+01,2.213198e+01,2.211132e+01,2.198729e+01,2.213886e+01,2.211821e+01,2.210443e+01,2.206999e+01,2.210443e+01,2.211821e+01,2.195970e+01,2.163503e+01,2.164887e+01,2.158659e+01,2.173876e+01,2.165579e+01,2.164887e+01,2.164195e+01,2.169037e+01,2.163503e+01,2.166962e+01,2.156582e+01,2.160735e+01,2.163503e+01,2.148270e+01,2.160735e+01,2.161427e+01,2.162119e+01,2.178713e+01,2.171802e+01,2.187691e+01,2.189761e+01,2.184239e+01,2.191831e+01,2.193211e+01,2.204243e+01,2.198729e+01,2.202865e+01,2.199418e+01,2.186310e+01,2.193901e+01,2.188381e+01,2.188381e+01,2.189761e+01,2.182858e+01,2.182167e+01,2.181476e+01,2.182167e+01,2.187691e+01,2.188381e+01,2.191141e+01,2.189761e+01,2.199418e+01,2.204932e+01,2.197349e+01,2.196660e+01,2.195970e+01,2.197349e+01,2.198039e+01,2.200107e+01,2.207688e+01,2.200797e+01,2.198729e+01,2.195970e+01,2.183548e+01,2.200107e+01,2.184929e+01,2.184239e+01,2.182167e+01,2.184239e+01,2.178022e+01,2.179404e+01,2.183548e+01,2.184239e+01,2.184239e+01,2.183548e+01,2.184929e+01,2.183548e+01,2.180786e+01,2.174567e+01,2.173185e+01,2.180095e+01,2.177332e+01,2.182858e+01,2.176641e+01,2.184239e+01,2.173185e+01,2.180786e+01,2.182858e+01,2.181476e+01,2.182858e+01,2.181476e+01,2.171111e+01,2.165579e+01,2.160735e+01,2.164195e+01,2.164195e+01,2.168345e+01,2.168345e+01,2.166962e+01,2.149656e+01,2.155197e+01,2.159351e+01,2.151042e+01,2.158659e+01,2.144112e+01,2.151734e+01,2.148963e+01,2.147577e+01,2.141339e+01,2.145498e+01,2.142032e+01,2.153119e+01,2.150349e+01,2.138565e+01,2.145498e+01,2.140645e+01,2.131626e+01,2.124683e+01,2.130932e+01,2.135790e+01,2.140645e+01,2.142725e+01,2.173185e+01,2.192521e+01,2.210443e+01,2.207688e+01,2.222833e+01,2.219393e+01,2.216640e+01,2.211821e+01,2.210443e+01,2.206999e+01,2.209755e+01,2.236581e+01,2.208377e+01,2.201486e+01,2.198729e+01,2.209066e+01,2.212509e+01,2.212509e+01,2.215263e+01,2.211821e+01,2.213198e+01,2.222145e+01,2.218705e+01,2.225584e+01,2.219393e+01,2.233833e+01,2.221457e+01,2.230396e+01,2.231084e+01,2.239328e+01,2.232458e+01,2.244821e+01,2.254426e+01,2.250311e+01,2.242075e+01,2.253741e+01,2.251683e+01,2.253055e+01,2.254426e+01,2.253055e+01,2.253741e+01,2.254426e+01,2.256483e+01,2.249625e+01,2.253741e+01,2.256483e+01,2.256483e+01,2.259911e+01,2.253741e+01,2.253055e+01,2.251683e+01,2.252369e+01,2.252369e+01,2.256483e+01,2.255798e+01,2.250311e+01,2.247566e+01,2.253055e+01,2.253055e+01,2.242075e+01,2.252369e+01,2.253055e+01,2.250311e+01,2.242075e+01,2.247566e+01,2.243448e+01,2.252369e+01,2.251683e+01,2.240702e+01,2.238642e+01,2.249625e+01,2.228334e+01,2.248252e+01,2.240015e+01,2.253741e+01,2.235894e+01,2.229709e+01,2.230396e+01,2.227647e+01,2.227647e+01,2.237268e+01,2.235894e+01,2.222145e+01,2.221457e+01,2.231771e+01,2.223520e+01,2.222833e+01,2.223520e+01,2.227647e+01,2.224208e+01,2.214575e+01,2.224896e+01,2.208377e+01,2.211132e+01,2.204243e+01,2.204243e+01,2.203554e+01,2.206310e+01,2.209755e+01,2.207688e+01,2.202176e+01,2.207688e+01,2.215952e+01,2.198039e+01,2.212509e+01,2.215952e+01,2.208377e+01,2.204932e+01,2.207688e+01,2.207688e+01,2.214575e+01,2.194591e+01,2.213886e+01,2.215952e+01,2.200107e+01,2.205621e+01,2.218016e+01,2.221457e+01,2.212509e+01,2.206999e+01,2.214575e+01,2.209066e+01,2.209066e+01,2.208377e+01,2.208377e+01,2.204243e+01,2.214575e+01,2.211132e+01,2.196660e+01,2.215263e+01,2.208377e+01,2.213886e+01,2.213198e+01,2.211132e+01,2.215263e+01,2.213198e+01,2.214575e+01,2.207688e+01,2.219393e+01,2.207688e+01,2.216640e+01,2.217328e+01,2.211821e+01,2.208377e+01,2.220081e+01,2.223520e+01,2.227647e+01,2.224208e+01,2.217328e+01,2.220769e+01,2.213198e+01,2.211132e+01,2.217328e+01,2.217328e+01,2.219393e+01,2.214575e+01,2.205621e+01,2.215263e+01,2.211821e+01,2.214575e+01,2.213198e+01,2.218016e+01,2.211132e+01,2.215263e+01
2.209066e+01,2.222145e+01,2.198729e+01,2.228334e+01,2.220769e+01,2.222833e+01,2.226959e+01,2.213886e+01,2.215952e+01,2.216640e+01,2.215952e+01,2.216640e+01,2.221457e+01,2.220769e+01,2.218016e+01,2.218705e+01,2.231084e+01,2.226271e+01,2.232458e+01,2.229709e+01,2.218705e+01,2.215263e+01,2.226959e+01,2.219393e+01,2.224896e+01,2.223520e+01,2.225584e+01,2.219393e+01,2.225584e+01,2.224896e+01,2.225584e+01,2.220769e+01,2.227647e+01,2.226959e+01,2.222833e+01,2.219393e+01,2.233146e+01,2.223520e+01,2.215263e+01,2.217328e+01,2.224208e+01,2.236581e+01,2.231084e+01,2.233146e+01,2.233833e+01,2.244135e+01,2.253741e+01,2.244135e+01,2.241389e+01,2.244135e+01,2.248939e+01,2.244821e+01,2.244135e+01,2.237955e+01,2.241389e+01,2.237955e+01,2.240702e+01,2.242762e+01,2.236581e+01,2.229022e+01,2.240702e+01,2.238642e+01,2.238642e+01,2.240702e+01,2.236581e+01,2.249625e+01,2.242762e+01,2.248252e+01,2.244135e+01,2.246194e+01,2.241389e+01,2.250311e+01,2.240702e+01,2.241389e+01,2.246194e+01,2.247566e+01,2.258540e+01,2.248252e+01,2.247566e+01,2.235207e+01,2.246880e+01,2.248939e+01,2.244135e+01,2.252369e+01,2.246194e+01,2.254426e+01,2.264022e+01,2.250311e+01,2.253741e+01,2.248252e+01,2.253741e+01,2.244821e+01,2.257169e+01,2.250311e+01,2.240702e+01,2.242075e+01,2.244135e+01,2.243448e+01,2.230396e+01,2.240015e+01,2.229709e+01,2.236581e+01,2.235894e+01,2.242762e+01,2.224896e+01,2.231771e+01,2.230396e+01,2.228334e+01,2.229022e+01,2.241389e+01,2.244135e+01,2.228334e+01,2.240702e+01,2.231771e+01,2.242762e+01,2.232458e+01,2.235894e+01,2.237268e+01,2.230396e+01,2.230396e+01,2.235207e+01,2.227647e+01,2.231084e+01,2.233146e+01,2.233146e+01,2.236581e+01,2.234520e+01,2.226959e+01,2.228334e+01,2.232458e+01,2.227647e+01,2.231771e+01,2.237955e+01,2.233833e+01,2.232458e+01,2.230396e+01,2.232458e+01,2.231771e+01,2.231771e+01,2.242762e+01,2.237268e+01,2.239328e+01,2.243448e+01,2.235894e+01,2.234520e+01,2.240702e+01,2.239328e+01,2.242762e+01,2.244135e+01,2.244135e+01,2.236581e+01,2.242075e+01,2.255112e+01,2.237268e+01,2.246880e+01,2.248252e+01,2.241389e+01,2.244135e+01,2.240015e+01,2.231771e+01,2.244135e+01,2.257169e+01,2.247566e+01,2.245507e+01,2.246880e+01,2.244821e+01,2.252369e+01,2.246880e+01,2.246880e+01,2.250997e+01,2.252369e+01,2.242075e+01,2.244821e+01,2.246194e+01,2.246194e+01,2.233146e+01,2.232458e+01,2.234520e+01,2.242075e+01,2.239328e+01,2.235894e+01,2.233833e+01,2.238642e+01,2.232458e+01,2.226959e+01,2.242075e+01,2.236581e+01,2.232458e+01,2.231771e+01,2.223520e+01,2.226959e+01,2.231084e+01,2.232458e+01,2.235207e+01,2.227647e+01,2.236581e+01,2.235207e+01,2.240015e+01,2.236581e+01,2.236581e+01,2.232458e+01,2.237955e+01,2.240015e+01,2.236581e+01,2.226271e+01,2.237268e+01,2.237268e+01,2.231084e+01,2.238642e+01,2.231084e+01,2.244821e+01,2.231084e+01,2.229022e+01,2.248939e+01,2.246194e+01,2.249625e+01,2.243448e+01,2.252369e+01,2.241389e+01,2.244821e+01,2.248252e+01,2.244821e+01,2.261282e+01,2.253741e+01,2.258540e+01,2.255112e+01,2.255112e+01,2.259225e+01,2.256483e+01,2.252369e+01,2.253055e+01,2.259225e+01,2.257854e+01,2.255112e+01,2.257169e+01,2.258540e+01,2.253741e+01,2.261967e+01,2.266078e+01,2.250997e+01,2.258540e+01,2.257854e+01,2.260596e+01,2.261282e+01,2.259225e+01,2.261282e+01,2.257854e+01,2.261967e+01,2.256483e+01,2.249625e+01,2.257169e+01,2.257169e+01,2.257169e+01,2.251683e+01,2.229022e+01,2.224896e+01,2.224208e+01,2.197349e+01,2.184239e+01,2.173876e+01,2.170420e+01,2.157274e+01,2.149656e+01,2.157274e+01,2.157967e+01,2.171111e+01,2.157967e+01,2.164887e+01,2.159351e+01,2.152427e+01,2.156582e+01,2.155197e+01,2.152427e+01,2.151734e+01,2.151042e+01,2.148270e+01,2.146884e+01,2.144805e+01,2.151734e+01,2.202865e+01,2.220081e+01,2.214575e+01,2.229022e+01,2.230396e+01,2.225584e+01,2.231771e+01,2.225584e+01,2.225584e+01,2.233146e+01,2.227647e+01,2.224208e+01,2.226271e+01,2.225584e+01,2.218016e+01,2.209755e+01,2.222145e+01,2.215263e+01,2.191141e+01,2.190451e+01,2.178022e+01,2.194591e+01,2.202176e+01,2.199418e+01,2.207688e+01,2.200107e+01,2.202176e+01,2.205621e+01,2.208377e+01,2.209066e+01,2.206310e+01,2.214575e+01,2.209066e+01,2.207688e+01,2.214575e+01,2.220081e+01,2.222145e+01,2.210443e+01,2.224896e+01,2.209755e+01,2.204243e+01,2.213198e+01,2.211132e+01,2.207688e+01,2.206310e+01,2.201486e+01,2.206999e+01,2.197349e+01,2.198729e+01,2.203554e+01,2.202176e+01,2.194591e+01,2.208377e+01,2.195280e+01,2.193901e+01,2.193211e+01,2.191141e+01,2.187000e+01,2.178713e+01,2.189071e+01,2.204243e+01,2.206310e+01,2.204243e+01,2.198039e+01,2.217328e+01,2.219393e+01,2.200107e+01,2.209066e+01,2.207688e+01,2.207688e+01,2.208377e+01,2.211132e+01,2.208377e+01,2.204243e+01,2.198729e+01,2.195970e+01,2.174567e+01,2.174567e+01,2.191141e+01,2.175949e+01,2.171111e+01,2.173876e+01,2.178022e+01,2.192521e+01,2.163503e+01,2.164195e+01,2.162811e+01,2.162811e+01,2.164887e+01,2.164887e+01,2.162811e+01,2.157274e+01,2.165579e+01,2.162119e+01,2.161427e+01,2.157967e+01,2.160735e+01,2.159351e+01,2.158659e+01,2.160043e+01,2.155890e+01,2.152427e+01,2.173185e+01,2.169037e+01,2.171111e+01,2.181476e+01,2.181476e+01,2.183548e+01,2.202176e+01,2.188381e+01,2.206310e+01,2.211132e+01,2.192521e+01,2.209066e+01,2.192521e+01,2.190451e+01,2.190451e+01,2.187691e+01,2.188381e+01,2.175949e+01,2.187000e+01,2.189761e+01,2.195280e+01,2.191831e+01,2.197349e+01,2.195280e+01,2.203554e+01,2.196660e+01,2.202865e+01,2.193211e+01,2.198729e+01,2.206999e+01,2.197349e+01,2.204932e+01,2.204243e+01,2.207688e+01,2.191831e+01,2.196660e+01,2.194591e+01,2.185620e+01,2.183548e+01,2.184239e+01,2.184929e+01,2.175258e+01,2.184929e+01,2.182167e+01,2.178713e+01,2.184239e+01,2.186310e+01,2.184239e+01,2.177332e+01,2.184239e+01,2.181476e+01,2.178713e+01,2.171111e+01,2.180786e+01,2.173185e+01,2.173185e+01,2.171802e+01,2.180786e+01,2.175258e+01,2.173185e+01,2.182167e+01,2.177332e+01,2.168345e+01,2.168345e+01,2.166962e+01,2.162811e+01,2.164195e+01,2.160043e+01,2.169728e+01,2.165579e+01,2.166270e+01,2.163503e+01,2.145498e+01,2.138565e+01,2.144805e+01,2.155197e+01,2.149656e+01,2.151734e+01,2.152427e+01,2.155890e+01,2.150349e+01,2.142032e+01,2.148270e+01,2.150349e+01,2.155197e+01,2.147577e+01,2.136484e+01,2.140645e+01,2.133708e+01,2.142032e+01,2.156582e+01,2.148270e+01,2.169037e+01,2.162119e+01,2.198729e+01,2.211821e+01,2.208377e+01,2.213886e+01,2.211821e+01,2.220769e+01,2.218705e+01,2.216640e+01,2.211821e+01,2.204243e+01,2.208377e+01,2.206999e+01,2.209755e+01,2.203554e+01,2.210443e+01,2.200797e+01,2.208377e+01,2.215263e+01,2.213886e+01,2.213886e+01,2.213886e+01,2.219393e+01,2.211821e+01,2.220769e+01,2.224208e+01,2.224208e+01,2.220769e+01,2.223520e+01,2.222145e+01,2.235894e+01,2.229022e+01,2.242075e+01,2.241389e+01,2.246880e+01,2.251683e+01,2.254426e+01,2.246880e+01,2.247566e+01,2.244135e+01,2.253055e+01,2.246880e+01,2.237955e+01,2.250997e+01,2.259225e+01,2.244821e+01,2.247566e+01,2.250997e+01,2.260596e+01,2.252369e+01,2.251683e+01,2.253741e+01,2.248939e+01,2.250311e+01,2.248939e+01,2.245507e+01,2.246880e+01,2.246880e+01,2.241389e+01,2.250997e+01,2.250997e+01,2.224896e+01,2.246880e+01,2.250997e+01,2.247566e+01,2.247566e+01,2.244135e+01,2.244821e+01,2.240702e+01,2.255798e+01,2.234520e+01,2.241389e+01,2.229709e+01,2.235894e+01,2.248939e+01,2.241389e+01,2.241389e+01,2.236581e+01,2.231771e+01,2.226271e+01,2.229022e+01,2.224896e+01,2.237268e+01,2.228334e+01,2.220769e+01,2.223520e+01,2.232458e+01,2.217328e+01,2.220081e+01,2.226271e+01,2.217328e+01,2.219393e+01,2.227647e+01,2.205621e+01,2.208377e+01,2.215263e+01,2.216640e+01,2.211821e+01,2.203554e+01,2.211821e+01,2.208377e+01,2.198729e+01,2.203554e+01,2.217328e+01,2.216640e+01,2.202865e+01,2.206310e+01,2.210443e+01,2.206310e+01,2.204243e+01,2.208377e+01,2.206999e+01,2.206310e+01,2.210443e+01,2.210443e+01,2.206310e+01,2.200797e+01,2.211132e+01,2.212509e+01,2.228334e+01,2.220081e+01,2.219393e+01,2.204243e+01,2.212509e+01,2.201486e+01,2.226271e+01,2.226271e+01,2.207688e+01,2.215952e+01,2.200107e+01,2.201486e+01,2.215952e+01,2.207688e+01,2.210443e+01,2.206999e+01,2.209755e+01,2.209066e+01,2.211132e+01,2.216640e+01,2.213886e+01,2.205621e+01,2.219393e+01,2.215263e+01,2.210443e+01,2.214575e+01,2.206310e+01,2.206310e+01,2.218705e+01,2.222833e+01,2.215263e+01,2.211132e+01,2.211821e+01,2.213198e+01,2.219393e+01,2.225584e+01,2.213886e+01,2.217328e+01,2.226959e+01,2.211821e+01,2.228334e+01,2.211821e+01,2.221457e+01,2.224208e+01,2.215952e+01,2.221457e+01,2.219393e+01
2.214575e+01,2.211821e+01,2.198729e+01,2.218705e+01,2.214575e+01,2.221457e+01,2.207688e+01,2.206310e+01,2.219393e+01,2.218705e+01,2.215952e+01,2.215263e+01,2.224896e+01,2.218705e+01,2.219393e+01,2.227647e+01,2.219393e+01,2.227647e+01,2.233833e+01,2.213886e+01,2.227647e+01,2.218705e+01,2.220081e+01,2.231771e+01,2.235207e+01,2.220769e+01,2.219393e+01,2.228334e+01,2.226959e+01,2.226959e+01,2.226271e+01,2.224896e+01,2.230396e+01,2.226271e+01,2.230396e+01,2.222145e+01,2.224208e+01,2.226271e+01,2.226271e+01,2.231771e+01,2.226271e+01,2.229709e+01,2.234520e+01,2.228334e+01,2.236581e+01,2.233833e+01,2.234520e+01,2.239328e+01,2.239328e+01,2.230396e+01,2.244135e+01,2.242075e+01,2.242075e+01,2.242762e+01,2.240702e+01,2.236581e+01,2.240702e+01,2.238642e+01,2.245507e+01,2.229022e+01,2.231771e+01,2.235894e+01,2.229709e+01,2.244135e+01,2.233833e+01,2.245507e+01,2.255798e+01,2.242075e+01,2.233146e+01,2.240702e+01,2.240702e+01,2.239328e+01,2.257169e+01,2.246194e+01,2.246194e+01,2.240702e+01,2.246194e+01,2.250311e+01,2.247566e+01,2.259911e+01,2.249625e+01,2.248252e+01,2.251683e+01,2.246880e+01,2.248252e+01,2.248252e+01,2.242762e+01,2.259225e+01,2.246194e+01,2.258540e+01,2.242075e+01,2.251683e+01,2.244135e+01,2.253741e+01,2.253741e+01,2.254426e+01,2.246880e+01,2.253741e+01,2.243448e+01,2.228334e+01,2.240702e+01,2.235207e+01,2.235207e+01,2.242762e+01,2.237955e+01,2.243448e+01,2.243448e+01,2.229709e+01,2.229709e+01,2.227647e+01,2.236581e+01,2.242075e+01,2.240702e+01,2.242075e+01,2.226959e+01,2.236581e+01,2.235894e+01,2.231771e+01,2.232458e+01,2.231771e+01,2.224208e+01,2.231771e+01,2.231771e+01,2.232458e+01,2.234520e+01,2.231084e+01,2.229709e+01,2.226271e+01,2.230396e+01,2.232458e+01,2.229022e+01,2.230396e+01,2.235207e+01,2.235207e+01,2.229709e+01,2.232458e+01,2.231084e+01,2.228334e+01,2.242075e+01,2.238642e+01,2.233146e+01,2.242762e+01,2.244821e+01,2.244821e+01,2.244135e+01,2.244135e+01,2.242762e+01,2.242762e+01,2.241389e+01,2.242762e+01,2.239328e+01,2.240015e+01,2.246194e+01,2.235894e+01,2.238642e+01,2.242075e+01,2.242762e+01,2.246194e+01,2.250997e+01,2.244821e+01,2.247566e+01,2.256483e+01,2.248252e+01,2.257169e+01,2.250997e+01,2.248939e+01,2.246194e+01,2.244135e+01,2.249625e+01,2.253741e+01,2.253741e+01,2.250311e+01,2.242762e+01,2.244135e+01,2.231771e+01,2.242762e+01,2.239328e+01,2.239328e+01,2.238642e+01,2.240702e+01,2.231084e+01,2.237955e+01,2.234520e+01,2.236581e+01,2.234520e+01,2.237955e+01,2.232458e+01,2.238642e+01,2.230396e+01,2.231771e+01,2.228334e+01,2.227647e+01,2.238642e+01,2.237268e+01,2.231771e+01,2.233146e+01,2.229709e+01,2.235894e+01,2.227647e+01,2.236581e+01,2.238642e+01,2.237268e+01,2.243448e+01,2.237955e+01,2.235894e+01,2.223520e+01,2.236581e+01,2.239328e+01,2.242075e+01,2.242762e+01,2.244821e+01,2.246880e+01,2.246880e+01,2.248939e+01,2.247566e+01,2.248252e+01,2.252369e+01,2.247566e+01,2.253741e+01,2.250997e+01,2.250997e+01,2.259225e+01,2.253741e+01,2.261282e+01,2.251683e+01,2.250997e+01,2.254426e+01,2.249625e+01,2.254426e+01,2.250997e+01,2.245507e+01,2.256483e+01,2.255112e+01,2.253055e+01,2.258540e+01,2.263337e+01,2.257169e+01,2.253741e+01,2.263337e+01,2.254426e+01,2.266763e+01,2.268132e+01,2.264708e+01,2.259911e+01,2.261282e+01,2.266763e+01,2.264022e+01,2.262652e+01,2.264708e+01,2.259911e+01,2.244135e+01,2.257169e+01,2.257854e+01,2.242762e+01,2.192521e+01,2.166270e+01,2.166962e+01,2.169037e+01,2.170420e+01,2.172494e+01,2.171802e+01,2.156582e+01,2.158659e+01,2.155890e+01,2.157967e+01,2.147577e+01,2.162811e+01,2.155197e+01,2.160043e+01,2.157274e+01,2.158659e+01,2.162119e+01,2.148270e+01,2.162119e+01,2.149656e+01,2.148963e+01,2.153119e+01,2.133708e+01,2.149656e+01,2.205621e+01,2.226271e+01,2.223520e+01,2.224896e+01,2.231771e+01,2.217328e+01,2.230396e+01,2.216640e+01,2.226959e+01,2.220769e+01,2.226959e+01,2.227647e+01,2.227647e+01,2.219393e+01,2.220769e+01,2.220081e+01,2.218016e+01,2.209755e+01,2.207688e+01,2.200797e+01,2.193901e+01,2.195970e+01,2.198039e+01,2.202176e+01,2.201486e+01,2.204932e+01,2.202865e+01,2.202176e+01,2.205621e+01,2.215952e+01,2.210443e+01,2.209066e+01,2.217328e+01,2.215263e+01,2.209066e+01,2.212509e+01,2.206310e+01,2.211821e+01,2.206999e+01,2.220769e+01,2.213198e+01,2.212509e+01,2.206999e+01,2.211821e+01,2.206999e+01,2.210443e+01,2.213198e+01,2.200797e+01,2.207688e+01,2.200797e+01,2.201486e+01,2.201486e+01,2.192521e+01,2.191141e+01,2.197349e+01,2.192521e+01,2.191831e+01,2.188381e+01,2.187000e+01,2.201486e+01,2.197349e+01,2.202176e+01,2.199418e+01,2.204932e+01,2.210443e+01,2.202865e+01,2.215952e+01,2.205621e+01,2.211821e+01,2.207688e+01,2.210443e+01,2.215952e+01,2.197349e+01,2.196660e+01,2.167654e+01,2.151042e+01,2.141339e+01,2.138565e+01,2.143419e+01,2.151734e+01,2.151042e+01,2.143419e+01,2.157967e+01,2.162119e+01,2.166270e+01,2.174567e+01,2.158659e+01,2.163503e+01,2.164195e+01,2.165579e+01,2.165579e+01,2.167654e+01,2.163503e+01,2.162119e+01,2.154505e+01,2.156582e+01,2.155890e+01,2.158659e+01,2.162811e+01,2.155890e+01,2.155890e+01,2.156582e+01,2.159351e+01,2.175949e+01,2.171111e+01,2.169728e+01,2.178713e+01,2.184239e+01,2.182858e+01,2.187000e+01,2.206999e+01,2.205621e+01,2.210443e+01,2.212509e+01,2.206310e+01,2.218016e+01,2.209755e+01,2.215263e+01,2.210443e+01,2.178713e+01,2.190451e+01,2.213198e+01,2.198039e+01,2.211132e+01,2.210443e+01,2.193211e+01,2.193211e+01,2.191831e+01,2.199418e+01,2.195280e+01,2.192521e+01,2.200797e+01,2.211132e+01,2.202176e+01,2.193211e+01,2.200797e+01,2.199418e+01,2.193211e+01,2.190451e+01,2.189761e+01,2.185620e+01,2.181476e+01,2.184239e+01,2.187691e+01,2.182167e+01,2.171802e+01,2.179404e+01,2.180786e+01,2.182858e+01,2.184929e+01,2.183548e+01,2.182167e+01,2.175949e+01,2.182858e+01,2.173876e+01,2.174567e+01,2.171111e+01,2.169728e+01,2.182858e+01,2.173876e+01,2.177332e+01,2.179404e+01,2.169728e+01,2.198039e+01,2.182167e+01,2.184929e+01,2.168345e+01,2.165579e+01,2.165579e+01,2.166270e+01,2.165579e+01,2.169037e+01,2.164195e+01,2.163503e+01,2.158659e+01,2.146884e+01,2.150349e+01,2.144805e+01,2.152427e+01,2.159351e+01,2.124683e+01,2.151734e+01,2.153812e+01,2.149656e+01,2.153812e+01,2.156582e+01,2.173876e+01,2.157967e+01,2.158659e+01,2.161427e+01,2.176641e+01,2.176641e+01,2.182167e+01,2.198729e+01,2.206310e+01,2.204932e+01,2.205621e+01,2.209755e+01,2.205621e+01,2.218705e+01,2.217328e+01,2.213198e+01,2.220769e+01,2.222833e+01,2.224208e+01,2.221457e+01,2.213886e+01,2.213886e+01,2.209066e+01,2.218016e+01,2.210443e+01,2.201486e+01,2.202176e+01,2.209755e+01,2.213198e+01,2.211132e+01,2.210443e+01,2.207688e+01,2.214575e+01,2.211132e+01,2.220769e+01,2.222833e+01,2.228334e+01,2.239328e+01,2.239328e+01,2.229022e+01,2.229022e+01,2.252369e+01,2.240702e+01,2.224896e+01,2.240015e+01,2.235207e+01,2.247566e+01,2.242762e+01,2.236581e+01,2.248252e+01,2.246194e+01,2.246194e+01,2.249625e+01,2.256483e+01,2.255112e+01,2.234520e+01,2.253741e+01,2.250311e+01,2.257854e+01,2.249625e+01,2.252369e+01,2.253055e+01,2.253741e+01,2.248252e+01,2.254426e+01,2.249625e+01,2.250997e+01,2.245507e+01,2.246880e+01,2.247566e+01,2.247566e+01,2.246194e+01,2.246880e+01,2.253741e+01,2.250997e+01,2.243448e+01,2.255798e+01,2.244135e+01,2.246194e+01,2.240702e+01,2.235894e+01,2.244821e+01,2.250311e+01,2.242075e+01,2.241389e+01,2.242762e+01,2.240015e+01,2.240702e+01,2.240702e+01,2.226271e+01,2.228334e+01,2.231084e+01,2.241389e+01,2.222833e+01,2.235894e+01,2.227647e+01,2.225584e+01,2.224896e+01,2.222833e+01,2.228334e+01,2.215263e+01,2.224896e+01,2.210443e+01,2.206310e+01,2.209066e+01,2.209755e+01,2.217328e+01,2.217328e+01,2.202176e+01,2.202176e+01,2.200107e+01,2.200107e+01,2.203554e+01,2.206999e+01,2.197349e+01,2.216640e+01,2.215263e+01,2.205621e+01,2.192521e+01,2.211821e+01,2.208377e+01,2.206310e+01,2.209066e+01,2.209066e+01,2.215952e+01,2.224208e+01,2.228334e+01,2.201486e+01,2.201486e+01,2.202176e+01,2.206999e+01,2.220081e+01,2.204932e+01,2.200797e+01,2.208377e+01,2.211821e+01,2.205621e+01,2.209066e+01,2.207688e+01,2.193901e+01,2.215952e+01,2.200797e+01,2.215263e+01,2.213886e+01,2.211821e+01,2.206999e+01,2.212509e+01,2.216640e+01,2.216640e+01,2.219393e+01,2.217328e+01,2.215263e+01,2.219393e+01,2.218705e+01,2.222833e+01,2.213198e+01,2.204243e+01,2.208377e+01,2.216640e+01,2.225584e+01,2.221457e+01,2.215263e+01,2.250997e+01,2.220769e+01,2.215263e+01,2.228334e+01,2.217328e+01,2.205621e+01,2.222145e+01,2.213198e+01,2.218705e+01,2.222833e+01,2.220769e+01,2.226959e+01,2.223520e+01
2.213198e+01,2.220081e+01,2.221457e+01,2.220769e+01,2.201486e+01,2.222145e+01,2.206999e+01,2.204932e+01,2.221457e+01,2.213198e+01,2.220081e+01,2.214575e+01,2.222833e+01,2.215263e+01,2.221457e+01,2.221457e+01,2.218705e+01,2.224896e+01,2.233146e+01,2.223520e+01,2.226271e+01,2.229709e+01,2.218016e+01,2.224208e+01,2.219393e+01,2.217328e+01,2.218016e+01,2.224896e+01,2.215952e+01,2.224896e+01,2.229022e+01,2.226271e+01,2.226959e+01,2.226959e+01,2.220769e+01,2.220769e+01,2.225584e+01,2.220769e+01,2.224208e+01,2.230396e+01,2.222833e+01,2.230396e+01,2.231084e+01,2.231771e+01,2.233146e+01,2.234520e+01,2.236581e+01,2.244135e+01,2.231084e+01,2.234520e+01,2.244135e+01,2.245507e+01,2.242762e+01,2.239328e+01,2.239328e+01,2.235207e+01,2.235894e+01,2.237955e+01,2.227647e+01,2.229022e+01,2.225584e+01,2.238642e+01,2.238642e+01,2.237955e+01,2.238642e+01,2.238642e+01,2.242762e+01,2.235894e+01,2.246880e+01,2.242762e+01,2.251683e+01,2.244135e+01,2.241389e+01,2.242075e+01,2.248252e+01,2.244135e+01,2.259225e+01,2.248252e+01,2.249625e+01,2.248939e+01,2.244135e+01,2.248939e+01,2.246880e+01,2.246880e+01,2.242075e+01,2.240015e+01,2.246880e+01,2.251683e+01,2.255112e+01,2.253741e+01,2.252369e+01,2.255798e+01,2.254426e+01,2.256483e+01,2.250997e+01,2.255798e+01,2.250997e+01,2.226271e+01,2.240702e+01,2.231771e+01,2.240702e+01,2.238642e+01,2.238642e+01,2.243448e+01,2.233833e+01,2.243448e+01,2.244135e+01,2.240702e+01,2.230396e+01,2.228334e+01,2.240015e+01,2.240702e+01,2.236581e+01,2.240702e+01,2.242075e+01,2.234520e+01,2.234520e+01,2.234520e+01,2.235894e+01,2.233833e+01,2.229022e+01,2.225584e+01,2.233146e+01,2.240702e+01,2.228334e+01,2.232458e+01,2.233146e+01,2.231084e+01,2.231084e+01,2.220081e+01,2.233833e+01,2.231771e+01,2.245507e+01,2.237955e+01,2.233833e+01,2.241389e+01,2.226271e+01,2.231084e+01,2.234520e+01,2.235207e+01,2.235894e+01,2.236581e+01,2.240015e+01,2.235894e+01,2.244821e+01,2.237955e+01,2.235207e+01,2.237955e+01,2.236581e+01,2.240015e+01,2.239328e+01,2.242075e+01,2.226271e+01,2.246194e+01,2.242762e+01,2.250997e+01,2.250311e+01,2.250311e+01,2.244821e+01,2.252369e+01,2.237955e+01,2.243448e+01,2.256483e+01,2.253741e+01,2.249625e+01,2.246880e+01,2.248939e+01,2.244135e+01,2.244135e+01,2.248252e+01,2.241389e+01,2.248939e+01,2.248252e+01,2.244135e+01,2.246194e+01,2.244135e+01,2.242762e+01,2.243448e+01,2.238642e+01,2.238642e+01,2.238642e+01,2.231771e+01,2.233146e+01,2.233833e+01,2.231084e+01,2.229709e+01,2.231771e+01,2.229022e+01,2.228334e+01,2.229709e+01,2.229709e+01,2.227647e+01,2.220081e+01,2.224896e+01,2.228334e+01,2.231084e+01,2.233833e+01,2.226959e+01,2.227647e+01,2.243448e+01,2.238642e+01,2.235207e+01,2.239328e+01,2.238642e+01,2.237268e+01,2.237268e+01,2.238642e+01,2.238642e+01,2.243448e+01,2.243448e+01,2.244135e+01,2.247566e+01,2.248252e+01,2.246880e+01,2.251683e+01,2.246194e+01,2.252369e+01,2.249625e+01,2.244135e+01,2.244821e+01,2.242762e+01,2.252369e+01,2.251683e+01,2.256483e+01,2.258540e+01,2.250997e+01,2.257854e+01,2.249625e+01,2.252369e+01,2.253741e+01,2.246880e+01,2.254426e+01,2.249625e+01,2.257169e+01,2.259225e+01,2.256483e+01,2.248939e+01,2.257169e+01,2.252369e+01,2.251683e+01,2.255798e+01,2.259225e+01,2.260596e+01,2.262652e+01,2.256483e+01,2.263337e+01,2.254426e+01,2.254426e+01,2.257854e+01,2.246880e+01,2.244821e+01,2.216640e+01,2.200797e+01,2.201486e+01,2.179404e+01,2.163503e+01,2.166962e+01,2.168345e+01,2.169037e+01,2.168345e+01,2.171802e+01,2.151734e+01,2.158659e+01,2.160735e+01,2.165579e+01,2.165579e+01,2.162811e+01,2.175949e+01,2.158659e+01,2.148270e+01,2.152427e+01,2.175258e+01,2.160043e+01,2.151042e+01,2.153812e+01,2.143419e+01,2.145498e+01,2.155197e+01,2.159351e+01,2.203554e+01,2.204243e+01,2.226959e+01,2.224208e+01,2.222145e+01,2.225584e+01,2.220081e+01,2.221457e+01,2.229022e+01,2.225584e+01,2.226271e+01,2.222833e+01,2.211132e+01,2.215263e+01,2.212509e+01,2.211132e+01,2.220081e+01,2.209066e+01,2.217328e+01,2.211132e+01,2.197349e+01,2.198039e+01,2.198729e+01,2.198039e+01,2.195970e+01,2.202176e+01,2.204243e+01,2.209066e+01,2.216640e+01,2.212509e+01,2.213886e+01,2.214575e+01,2.211132e+01,2.210443e+01,2.209066e+01,2.212509e+01,2.204932e+01,2.206310e+01,2.213198e+01,2.205621e+01,2.210443e+01,2.209066e+01,2.204243e+01,2.213886e+01,2.207688e+01,2.211821e+01,2.196660e+01,2.198039e+01,2.204932e+01,2.204243e+01,2.210443e+01,2.197349e+01,2.199418e+01,2.203554e+01,2.206310e+01,2.206999e+01,2.187000e+01,2.188381e+01,2.189071e+01,2.190451e+01,2.201486e+01,2.198729e+01,2.206310e+01,2.204243e+01,2.202176e+01,2.203554e+01,2.214575e+01,2.207688e+01,2.206999e+01,2.209066e+01,2.209755e+01,2.180095e+01,2.189071e+01,2.153119e+01,2.139258e+01,2.124683e+01,2.136484e+01,2.139952e+01,2.142032e+01,2.144112e+01,2.145498e+01,2.146191e+01,2.158659e+01,2.155197e+01,2.150349e+01,2.174567e+01,2.151042e+01,2.164195e+01,2.166270e+01,2.164195e+01,2.145498e+01,2.155890e+01,2.152427e+01,2.148270e+01,2.153119e+01,2.154505e+01,2.157967e+01,2.154505e+01,2.145498e+01,2.146191e+01,2.160043e+01,2.157274e+01,2.156582e+01,2.169037e+01,2.170420e+01,2.170420e+01,2.175949e+01,2.176641e+01,2.182167e+01,2.198039e+01,2.200107e+01,2.190451e+01,2.207688e+01,2.207688e+01,2.204243e+01,2.211132e+01,2.209066e+01,2.205621e+01,2.205621e+01,2.206999e+01,2.211821e+01,2.214575e+01,2.202865e+01,2.200797e+01,2.195970e+01,2.188381e+01,2.183548e+01,2.185620e+01,2.195970e+01,2.187691e+01,2.214575e+01,2.207688e+01,2.213886e+01,2.208377e+01,2.198729e+01,2.201486e+01,2.197349e+01,2.194591e+01,2.194591e+01,2.189071e+01,2.195970e+01,2.180786e+01,2.184929e+01,2.179404e+01,2.186310e+01,2.183548e+01,2.180786e+01,2.185620e+01,2.181476e+01,2.175949e+01,2.164195e+01,2.184239e+01,2.180095e+01,2.179404e+01,2.174567e+01,2.177332e+01,2.179404e+01,2.183548e+01,2.171111e+01,2.173876e+01,2.178713e+01,2.180095e+01,2.191141e+01,2.176641e+01,2.172494e+01,2.168345e+01,2.168345e+01,2.157274e+01,2.166962e+01,2.151734e+01,2.164887e+01,2.149656e+01,2.151042e+01,2.160043e+01,2.150349e+01,2.155197e+01,2.146191e+01,2.158659e+01,2.150349e+01,2.160043e+01,2.153812e+01,2.153812e+01,2.156582e+01,2.155197e+01,2.185620e+01,2.191141e+01,2.202865e+01,2.213198e+01,2.191831e+01,2.193211e+01,2.215263e+01,2.217328e+01,2.212509e+01,2.218705e+01,2.206310e+01,2.222145e+01,2.205621e+01,2.209066e+01,2.220081e+01,2.211821e+01,2.213886e+01,2.210443e+01,2.215952e+01,2.218705e+01,2.215952e+01,2.222145e+01,2.213198e+01,2.211132e+01,2.209755e+01,2.211132e+01,2.217328e+01,2.207688e+01,2.198729e+01,2.204243e+01,2.203554e+01,2.206999e+01,2.209755e+01,2.206999e+01,2.212509e+01,2.212509e+01,2.220081e+01,2.229022e+01,2.220081e+01,2.225584e+01,2.237955e+01,2.224896e+01,2.240702e+01,2.232458e+01,2.243448e+01,2.241389e+01,2.237268e+01,2.250311e+01,2.240015e+01,2.247566e+01,2.235207e+01,2.251683e+01,2.238642e+01,2.250997e+01,2.247566e+01,2.250997e+01,2.255112e+01,2.255112e+01,2.244821e+01,2.244135e+01,2.243448e+01,2.247566e+01,2.241389e+01,2.246880e+01,2.247566e+01,2.253741e+01,2.259911e+01,2.242762e+01,2.238642e+01,2.248252e+01,2.245507e+01,2.252369e+01,2.248252e+01,2.230396e+01,2.245507e+01,2.246194e+01,2.243448e+01,2.240702e+01,2.242762e+01,2.240015e+01,2.250997e+01,2.237268e+01,2.243448e+01,2.242075e+01,2.240015e+01,2.246880e+01,2.248252e+01,2.229022e+01,2.222833e+01,2.240702e+01,2.238642e+01,2.220081e+01,2.238642e+01,2.237268e+01,2.216640e+01,2.227647e+01,2.219393e+01,2.226959e+01,2.220081e+01,2.217328e+01,2.214575e+01,2.224896e+01,2.213198e+01,2.204243e+01,2.211132e+01,2.206310e+01,2.213198e+01,2.207688e+01,2.205621e+01,2.220081e+01,2.212509e+01,2.196660e+01,2.202176e+01,2.205621e+01,2.209066e+01,2.196660e+01,2.211821e+01,2.206999e+01,2.191831e+01,2.206999e+01,2.197349e+01,2.208377e+01,2.208377e+01,2.206310e+01,2.209066e+01,2.187691e+01,2.211821e+01,2.204932e+01,2.209755e+01,2.198039e+01,2.213198e+01,2.204932e+01,2.198729e+01,2.205621e+01,2.204932e+01,2.201486e+01,2.204243e+01,2.206310e+01,2.207688e+01,2.204243e+01,2.198729e+01,2.200107e+01,2.214575e+01,2.216640e+01,2.209755e+01,2.209066e+01,2.204932e+01,2.211132e+01,2.204932e+01,2.203554e+01,2.204243e+01,2.206999e+01,2.209755e+01,2.215952e+01,2.209066e+01,2.218705e+01,2.216640e+01,2.220769e+01,2.224896e+01,2.218705e+01,2.218016e+01,2.220081e+01,2.222833e+01,2.213198e+01,2.219393e+01,2.227647e+01,2.213198e+01,2.219393e+01,2.217328e+01,2.213886e+01,2.226959e+01,2.220081e+01,2.217328e+01,2.228334e+01,2.221457e+01,2.225584e+01,2.223520e+01
2.220081e+01,2.224208e+01,2.221457e+01,2.220081e+01,2.210443e+01,2.219393e+01,2.220081e+01,2.220769e+01,2.220769e+01,2.221457e+01,2.226271e+01,2.218016e+01,2.202176e+01,2.220081e+01,2.220081e+01,2.224896e+01,2.229709e+01,2.225584e+01,2.228334e+01,2.216640e+01,2.220081e+01,2.232458e+01,2.221457e+01,2.220081e+01,2.221457e+01,2.224208e+01,2.222145e+01,2.226271e+01,2.222145e+01,2.224208e+01,2.224896e+01,2.224208e+01,2.236581e+01,2.225584e+01,2.232458e+01,2.231771e+01,2.225584e+01,2.224896e+01,2.232458e+01,2.219393e+01,2.218705e+01,2.232458e+01,2.215952e+01,2.244135e+01,2.237268e+01,2.243448e+01,2.252369e+01,2.225584e+01,2.255798e+01,2.241389e+01,2.223520e+01,2.246194e+01,2.243448e+01,2.237268e+01,2.243448e+01,2.233146e+01,2.235894e+01,2.234520e+01,2.226271e+01,2.231084e+01,2.242075e+01,2.236581e+01,2.226271e+01,2.244135e+01,2.232458e+01,2.239328e+01,2.243448e+01,2.237955e+01,2.244135e+01,2.244135e+01,2.246880e+01,2.245507e+01,2.246194e+01,2.240702e+01,2.245507e+01,2.242762e+01,2.245507e+01,2.246880e+01,2.235894e+01,2.244821e+01,2.233146e+01,2.244821e+01,2.247566e+01,2.256483e+01,2.242075e+01,2.250997e+01,2.240015e+01,2.246880e+01,2.253741e+01,2.248252e+01,2.251683e+01,2.251683e+01,2.250311e+01,2.250311e+01,2.250997e+01,2.248939e+01,2.250311e+01,2.246880e+01,2.244135e+01,2.246194e+01,2.244821e+01,2.250311e+01,2.241389e+01,2.241389e+01,2.244821e+01,2.246880e+01,2.236581e+01,2.225584e+01,2.246194e+01,2.228334e+01,2.231084e+01,2.231084e+01,2.240015e+01,2.239328e+01,2.244135e+01,2.236581e+01,2.242762e+01,2.233833e+01,2.233833e+01,2.235894e+01,2.235207e+01,2.230396e+01,2.242075e+01,2.237268e+01,2.230396e+01,2.234520e+01,2.226271e+01,2.229022e+01,2.226959e+01,2.236581e+01,2.239328e+01,2.232458e+01,2.242075e+01,2.229022e+01,2.224896e+01,2.239328e+01,2.236581e+01,2.228334e+01,2.237268e+01,2.226959e+01,2.224208e+01,2.236581e+01,2.233146e+01,2.237955e+01,2.241389e+01,2.234520e+01,2.241389e+01,2.239328e+01,2.241389e+01,2.242075e+01,2.245507e+01,2.246880e+01,2.244821e+01,2.250311e+01,2.248939e+01,2.245507e+01,2.250997e+01,2.247566e+01,2.244821e+01,2.246880e+01,2.251683e+01,2.242075e+01,2.248939e+01,2.256483e+01,2.252369e+01,2.249625e+01,2.241389e+01,2.248939e+01,2.257854e+01,2.244135e+01,2.246880e+01,2.239328e+01,2.240015e+01,2.244821e+01,2.239328e+01,2.252369e+01,2.242075e+01,2.230396e+01,2.239328e+01,2.240702e+01,2.231084e+01,2.235207e+01,2.229709e+01,2.242762e+01,2.229709e+01,2.229709e+01,2.232458e+01,2.229709e+01,2.229022e+01,2.230396e+01,2.230396e+01,2.229709e+01,2.242762e+01,2.230396e+01,2.235894e+01,2.226271e+01,2.226271e+01,2.233146e+01,2.237955e+01,2.237955e+01,2.225584e+01,2.232458e+01,2.237268e+01,2.231771e+01,2.228334e+01,2.239328e+01,2.242075e+01,2.240015e+01,2.239328e+01,2.242762e+01,2.240702e+01,2.244821e+01,2.232458e+01,2.248939e+01,2.246880e+01,2.249625e+01,2.243448e+01,2.251683e+01,2.245507e+01,2.251683e+01,2.250997e+01,2.254426e+01,2.256483e+01,2.258540e+01,2.257169e+01,2.264708e+01,2.250997e+01,2.253055e+01,2.255798e+01,2.254426e+01,2.257169e+01,2.258540e+01,2.255112e+01,2.246194e+01,2.256483e+01,2.253741e+01,2.264022e+01,2.261282e+01,2.253741e+01,2.260596e+01,2.258540e+01,2.263337e+01,2.262652e+01,2.253055e+01,2.252369e+01,2.257169e+01,2.255798e+01,2.253055e+01,2.256483e+01,2.246880e+01,2.202865e+01,2.188381e+01,2.166962e+01,2.166962e+01,2.164887e+01,2.163503e+01,2.167654e+01,2.171111e+01,2.168345e+01,2.171111e+01,2.173185e+01,2.171802e+01,2.162811e+01,2.151734e+01,2.173876e+01,2.172494e+01,2.176641e+01,2.172494e+01,2.173876e+01,2.166270e+01,2.164887e+01,2.165579e+01,2.164887e+01,2.162119e+01,2.157274e+01,2.141339e+01,2.152427e+01,2.151734e+01,2.159351e+01,2.204243e+01,2.213886e+01,2.228334e+01,2.223520e+01,2.226959e+01,2.222145e+01,2.229022e+01,2.230396e+01,2.223520e+01,2.221457e+01,2.224896e+01,2.219393e+01,2.220769e+01,2.219393e+01,2.216640e+01,2.224896e+01,2.206310e+01,2.215952e+01,2.218016e+01,2.217328e+01,2.198729e+01,2.198729e+01,2.195280e+01,2.194591e+01,2.202865e+01,2.197349e+01,2.204932e+01,2.204932e+01,2.206999e+01,2.218705e+01,2.209755e+01,2.209755e+01,2.214575e+01,2.212509e+01,2.214575e+01,2.216640e+01,2.204932e+01,2.218705e+01,2.209066e+01,2.212509e+01,2.214575e+01,2.212509e+01,2.215263e+01,2.206999e+01,2.209066e+01,2.211132e+01,2.215263e+01,2.206999e+01,2.192521e+01,2.204243e+01,2.202176e+01,2.203554e+01,2.204932e+01,2.198039e+01,2.192521e+01,2.189761e+01,2.199418e+01,2.188381e+01,2.189071e+01,2.163503e+01,2.198729e+01,2.200107e+01,2.199418e+01,2.202176e+01,2.209066e+01,2.198729e+01,2.208377e+01,2.209755e+01,2.215952e+01,2.195280e+01,2.175949e+01,2.168345e+01,2.128850e+01,2.117041e+01,2.129544e+01,2.114955e+01,2.137177e+01,2.138565e+01,2.141339e+01,2.137177e+01,2.145498e+01,2.147577e+01,2.158659e+01,2.155197e+01,2.154505e+01,2.158659e+01,2.171802e+01,2.149656e+01,2.165579e+01,2.165579e+01,2.151734e+01,2.154505e+01,2.166270e+01,2.151042e+01,2.159351e+01,2.155890e+01,2.143419e+01,2.160735e+01,2.163503e+01,2.144112e+01,2.161427e+01,2.160043e+01,2.164195e+01,2.163503e+01,2.160735e+01,2.170420e+01,2.178713e+01,2.179404e+01,2.179404e+01,2.181476e+01,2.209066e+01,2.208377e+01,2.211132e+01,2.218705e+01,2.207688e+01,2.207688e+01,2.218705e+01,2.213198e+01,2.220081e+01,2.216640e+01,2.211132e+01,2.210443e+01,2.203554e+01,2.194591e+01,2.195970e+01,2.182167e+01,2.191141e+01,2.191141e+01,2.190451e+01,2.191141e+01,2.198729e+01,2.215263e+01,2.215952e+01,2.200797e+01,2.186310e+01,2.191831e+01,2.189071e+01,2.188381e+01,2.189761e+01,2.184929e+01,2.189071e+01,2.182858e+01,2.184239e+01,2.176641e+01,2.173876e+01,2.184239e+01,2.186310e+01,2.183548e+01,2.181476e+01,2.179404e+01,2.173185e+01,2.173185e+01,2.181476e+01,2.176641e+01,2.182167e+01,2.171802e+01,2.183548e+01,2.170420e+01,2.175949e+01,2.170420e+01,2.179404e+01,2.177332e+01,2.184929e+01,2.177332e+01,2.173185e+01,2.170420e+01,2.161427e+01,2.161427e+01,2.166962e+01,2.163503e+01,2.166270e+01,2.148963e+01,2.149656e+01,2.148270e+01,2.150349e+01,2.150349e+01,2.144112e+01,2.162811e+01,2.164887e+01,2.164887e+01,2.183548e+01,2.191141e+01,2.187691e+01,2.200107e+01,2.204932e+01,2.210443e+01,2.218016e+01,2.210443e+01,2.217328e+01,2.214575e+01,2.217328e+01,2.218016e+01,2.217328e+01,2.219393e+01,2.217328e+01,2.210443e+01,2.219393e+01,2.220769e+01,2.219393e+01,2.217328e+01,2.209066e+01,2.213886e+01,2.219393e+01,2.221457e+01,2.224208e+01,2.223520e+01,2.213198e+01,2.215952e+01,2.213886e+01,2.213886e+01,2.211821e+01,2.206310e+01,2.216640e+01,2.214575e+01,2.210443e+01,2.201486e+01,2.205621e+01,2.208377e+01,2.207688e+01,2.213886e+01,2.212509e+01,2.218016e+01,2.223520e+01,2.227647e+01,2.227647e+01,2.240702e+01,2.229022e+01,2.242075e+01,2.238642e+01,2.237268e+01,2.246880e+01,2.251683e+01,2.250997e+01,2.249625e+01,2.240015e+01,2.248252e+01,2.237955e+01,2.252369e+01,2.250311e+01,2.257854e+01,2.253741e+01,2.253055e+01,2.243448e+01,2.249625e+01,2.255798e+01,2.254426e+01,2.259225e+01,2.238642e+01,2.257854e+01,2.249625e+01,2.257854e+01,2.258540e+01,2.247566e+01,2.255112e+01,2.251683e+01,2.245507e+01,2.242762e+01,2.249625e+01,2.244135e+01,2.243448e+01,2.245507e+01,2.245507e+01,2.242762e+01,2.239328e+01,2.249625e+01,2.237955e+01,2.244821e+01,2.244135e+01,2.246194e+01,2.242762e+01,2.235207e+01,2.229022e+01,2.237268e+01,2.235207e+01,2.230396e+01,2.221457e+01,2.222833e+01,2.220081e+01,2.224896e+01,2.229709e+01,2.225584e+01,2.217328e+01,2.222145e+01,2.220081e+01,2.220769e+01,2.213886e+01,2.229022e+01,2.205621e+01,2.229022e+01,2.204932e+01,2.227647e+01,2.224896e+01,2.204243e+01,2.195280e+01,2.213198e+01,2.211821e+01,2.196660e+01,2.197349e+01,2.198729e+01,2.198729e+01,2.200797e+01,2.204932e+01,2.211132e+01,2.201486e+01,2.207688e+01,2.209755e+01,2.203554e+01,2.205621e+01,2.208377e+01,2.205621e+01,2.205621e+01,2.212509e+01,2.210443e+01,2.213886e+01,2.198729e+01,2.204243e+01,2.195280e+01,2.204243e+01,2.208377e+01,2.200797e+01,2.211821e+01,2.211132e+01,2.203554e+01,2.206999e+01,2.201486e+01,2.198039e+01,2.197349e+01,2.209755e+01,2.206999e+01,2.213886e+01,2.214575e+01,2.215263e+01,2.213886e+01,2.213198e+01,2.203554e+01,2.209755e+01,2.210443e+01,2.206999e+01,2.215263e+01,2.211132e+01,2.225584e+01,2.221457e+01,2.228334e+01,2.212509e+01,2.219393e+01,2.221457e+01,2.222145e+01,2.226959e+01,2.226959e+01,2.224896e+01,2.216640e+01,2.210443e+01,2.216640e+01,2.211821e+01,2.227647e+01,2.225584e+01,2.222145e+01,2.218705e+01,2.215263e+01,2.216640e+01,2.224208e+01
2.224208e+01,2.213198e+01,2.223520e+01,2.199418e+01,2.220769e+01,2.221457e+01,2.220081e+01,2.222145e+01,2.220769e+01,2.217328e+01,2.218705e+01,2.216640e+01,2.218705e+01,2.225584e+01,2.218016e+01,2.219393e+01,2.225584e+01,2.221457e+01,2.227647e+01,2.223520e+01,2.225584e+01,2.218016e+01,2.224896e+01,2.225584e+01,2.217328e+01,2.216640e+01,2.216640e+01,2.228334e+01,2.219393e+01,2.224208e+01,2.220769e+01,2.212509e+01,2.211821e+01,2.209755e+01,2.213198e+01,2.215263e+01,2.223520e+01,2.222833e+01,2.223520e+01,2.224896e+01,2.223520e+01,2.222145e+01,2.232458e+01,2.227647e+01,2.230396e+01,2.227647e+01,2.227647e+01,2.233146e+01,2.246880e+01,2.230396e+01,2.232458e+01,2.228334e+01,2.244821e+01,2.226959e+01,2.231771e+01,2.233833e+01,2.229709e+01,2.235894e+01,2.237955e+01,2.241389e+01,2.226271e+01,2.242075e+01,2.229022e+01,2.233833e+01,2.248939e+01,2.235894e+01,2.248252e+01,2.246194e+01,2.245507e+01,2.249625e+01,2.240702e+01,2.235207e+01,2.241389e+01,2.244821e+01,2.244135e+01,2.242075e+01,2.245507e+01,2.247566e+01,2.246880e+01,2.240015e+01,2.237955e+01,2.245507e+01,2.245507e+01,2.240702e+01,2.240702e+01,2.246194e+01,2.250311e+01,2.252369e+01,2.240015e+01,2.251683e+01,2.253741e+01,2.255798e+01,2.249625e+01,2.249625e+01,2.249625e+01,2.250311e+01,2.265392e+01,2.248252e+01,2.250997e+01,2.242075e+01,2.247566e+01,2.244135e+01,2.249625e+01,2.242075e+01,2.244135e+01,2.237955e+01,2.231084e+01,2.235894e+01,2.241389e+01,2.242762e+01,2.245507e+01,2.238642e+01,2.248252e+01,2.238642e+01,2.245507e+01,2.235894e+01,2.233833e+01,2.231771e+01,2.237955e+01,2.235894e+01,2.230396e+01,2.229709e+01,2.231771e+01,2.241389e+01,2.230396e+01,2.229022e+01,2.228334e+01,2.239328e+01,2.224896e+01,2.234520e+01,2.240015e+01,2.243448e+01,2.243448e+01,2.235207e+01,2.240015e+01,2.242762e+01,2.241389e+01,2.245507e+01,2.235207e+01,2.237955e+01,2.240702e+01,2.226271e+01,2.240015e+01,2.236581e+01,2.240702e+01,2.242075e+01,2.237955e+01,2.237268e+01,2.240015e+01,2.239328e+01,2.244135e+01,2.235894e+01,2.240702e+01,2.241389e+01,2.240015e+01,2.245507e+01,2.245507e+01,2.249625e+01,2.255112e+01,2.257169e+01,2.253741e+01,2.254426e+01,2.238642e+01,2.237268e+01,2.254426e+01,2.244135e+01,2.240015e+01,2.256483e+01,2.244135e+01,2.236581e+01,2.248939e+01,2.242762e+01,2.250997e+01,2.259225e+01,2.242762e+01,2.246880e+01,2.247566e+01,2.242762e+01,2.239328e+01,2.239328e+01,2.242762e+01,2.240702e+01,2.229022e+01,2.224208e+01,2.229022e+01,2.227647e+01,2.229022e+01,2.231084e+01,2.226959e+01,2.227647e+01,2.230396e+01,2.244135e+01,2.226959e+01,2.228334e+01,2.224208e+01,2.236581e+01,2.225584e+01,2.230396e+01,2.237955e+01,2.235894e+01,2.245507e+01,2.238642e+01,2.237268e+01,2.238642e+01,2.240015e+01,2.240015e+01,2.238642e+01,2.240015e+01,2.246194e+01,2.244821e+01,2.244135e+01,2.246880e+01,2.251683e+01,2.248252e+01,2.250997e+01,2.248252e+01,2.250311e+01,2.255112e+01,2.248252e+01,2.253055e+01,2.249625e+01,2.253741e+01,2.258540e+01,2.249625e+01,2.249625e+01,2.255798e+01,2.258540e+01,2.250997e+01,2.258540e+01,2.255112e+01,2.251683e+01,2.255112e+01,2.260596e+01,2.248939e+01,2.252369e+01,2.255798e+01,2.253741e+01,2.255112e+01,2.253055e+01,2.259911e+01,2.261282e+01,2.260596e+01,2.254426e+01,2.257169e+01,2.243448e+01,2.250311e+01,2.250997e+01,2.248252e+01,2.212509e+01,2.184929e+01,2.178022e+01,2.169728e+01,2.168345e+01,2.169728e+01,2.172494e+01,2.178713e+01,2.176641e+01,2.166270e+01,2.171111e+01,2.171111e+01,2.164887e+01,2.171111e+01,2.175258e+01,2.164887e+01,2.162119e+01,2.178022e+01,2.178022e+01,2.173876e+01,2.167654e+01,2.171111e+01,2.170420e+01,2.162811e+01,2.163503e+01,2.162119e+01,2.155890e+01,2.152427e+01,2.153119e+01,2.151042e+01,2.156582e+01,2.204932e+01,2.224208e+01,2.224896e+01,2.223520e+01,2.222145e+01,2.225584e+01,2.219393e+01,2.216640e+01,2.218705e+01,2.215952e+01,2.211821e+01,2.220081e+01,2.217328e+01,2.213198e+01,2.210443e+01,2.213198e+01,2.219393e+01,2.201486e+01,2.203554e+01,2.204932e+01,2.201486e+01,2.198729e+01,2.202865e+01,2.195970e+01,2.197349e+01,2.195280e+01,2.210443e+01,2.206999e+01,2.206999e+01,2.208377e+01,2.211132e+01,2.215263e+01,2.209066e+01,2.202865e+01,2.206999e+01,2.201486e+01,2.201486e+01,2.206310e+01,2.202865e+01,2.204243e+01,2.220769e+01,2.207688e+01,2.206999e+01,2.207688e+01,2.211132e+01,2.204243e+01,2.206999e+01,2.211132e+01,2.210443e+01,2.195970e+01,2.202865e+01,2.202865e+01,2.202865e+01,2.193211e+01,2.193211e+01,2.187691e+01,2.188381e+01,2.191831e+01,2.192521e+01,2.191141e+01,2.205621e+01,2.213198e+01,2.198729e+01,2.199418e+01,2.207688e+01,2.204243e+01,2.201486e+01,2.209755e+01,2.202865e+01,2.193901e+01,2.170420e+01,2.130238e+01,2.124683e+01,2.127461e+01,2.117736e+01,2.117041e+01,2.133708e+01,2.133014e+01,2.132320e+01,2.147577e+01,2.142725e+01,2.157274e+01,2.155197e+01,2.157967e+01,2.153119e+01,2.156582e+01,2.166962e+01,2.160735e+01,2.165579e+01,2.158659e+01,2.159351e+01,2.153119e+01,2.153119e+01,2.155197e+01,2.152427e+01,2.156582e+01,2.155890e+01,2.157274e+01,2.142032e+01,2.158659e+01,2.151734e+01,2.164195e+01,2.160735e+01,2.169728e+01,2.170420e+01,2.178713e+01,2.180095e+01,2.180786e+01,2.181476e+01,2.179404e+01,2.200107e+01,2.210443e+01,2.218705e+01,2.209066e+01,2.209066e+01,2.204243e+01,2.209755e+01,2.210443e+01,2.214575e+01,2.216640e+01,2.215263e+01,2.201486e+01,2.206310e+01,2.175949e+01,2.187691e+01,2.191831e+01,2.184929e+01,2.188381e+01,2.192521e+01,2.200797e+01,2.206999e+01,2.218016e+01,2.215952e+01,2.175949e+01,2.184929e+01,2.194591e+01,2.189071e+01,2.190451e+01,2.194591e+01,2.184929e+01,2.188381e+01,2.182167e+01,2.179404e+01,2.184929e+01,2.184929e+01,2.184929e+01,2.181476e+01,2.180786e+01,2.181476e+01,2.176641e+01,2.159351e+01,2.180095e+01,2.182167e+01,2.180095e+01,2.181476e+01,2.175258e+01,2.184239e+01,2.197349e+01,2.195970e+01,2.204932e+01,2.184239e+01,2.184929e+01,2.187000e+01,2.202176e+01,2.172494e+01,2.174567e+01,2.168345e+01,2.171802e+01,2.167654e+01,2.165579e+01,2.179404e+01,2.148963e+01,2.159351e+01,2.166962e+01,2.160735e+01,2.165579e+01,2.165579e+01,2.180786e+01,2.211132e+01,2.210443e+01,2.213886e+01,2.195280e+01,2.218705e+01,2.219393e+01,2.211132e+01,2.221457e+01,2.218705e+01,2.218705e+01,2.213886e+01,2.215263e+01,2.213886e+01,2.222145e+01,2.217328e+01,2.214575e+01,2.219393e+01,2.221457e+01,2.220081e+01,2.221457e+01,2.221457e+01,2.224896e+01,2.216640e+01,2.208377e+01,2.217328e+01,2.225584e+01,2.218016e+01,2.213198e+01,2.218705e+01,2.213198e+01,2.214575e+01,2.212509e+01,2.213198e+01,2.206999e+01,2.206999e+01,2.212509e+01,2.205621e+01,2.210443e+01,2.210443e+01,2.200107e+01,2.209066e+01,2.214575e+01,2.215952e+01,2.226271e+01,2.222833e+01,2.229709e+01,2.222145e+01,2.240015e+01,2.233146e+01,2.240702e+01,2.240015e+01,2.233833e+01,2.240702e+01,2.244821e+01,2.235894e+01,2.250997e+01,2.244135e+01,2.243448e+01,2.241389e+01,2.253741e+01,2.258540e+01,2.257169e+01,2.240015e+01,2.253741e+01,2.258540e+01,2.253741e+01,2.252369e+01,2.257854e+01,2.250311e+01,2.253741e+01,2.249625e+01,2.250311e+01,2.252369e+01,2.250311e+01,2.247566e+01,2.241389e+01,2.258540e+01,2.252369e+01,2.250311e+01,2.250311e+01,2.243448e+01,2.242075e+01,2.242762e+01,2.240015e+01,2.244821e+01,2.248252e+01,2.246194e+01,2.242075e+01,2.231771e+01,2.242762e+01,2.240702e+01,2.238642e+01,2.240702e+01,2.226271e+01,2.235894e+01,2.237955e+01,2.222833e+01,2.224896e+01,2.240702e+01,2.226271e+01,2.233833e+01,2.220081e+01,2.219393e+01,2.219393e+01,2.218705e+01,2.221457e+01,2.219393e+01,2.215263e+01,2.206310e+01,2.217328e+01,2.202176e+01,2.224208e+01,2.212509e+01,2.226271e+01,2.200107e+01,2.200107e+01,2.224896e+01,2.208377e+01,2.204932e+01,2.195970e+01,2.196660e+01,2.193901e+01,2.197349e+01,2.193901e+01,2.203554e+01,2.205621e+01,2.189071e+01,2.193211e+01,2.198729e+01,2.187000e+01,2.208377e+01,2.203554e+01,2.205621e+01,2.211821e+01,2.202865e+01,2.203554e+01,2.203554e+01,2.211821e+01,2.205621e+01,2.208377e+01,2.198039e+01,2.211821e+01,2.209755e+01,2.211821e+01,2.191831e+01,2.212509e+01,2.202865e+01,2.191141e+01,2.219393e+01,2.218705e+01,2.204243e+01,2.207688e+01,2.209066e+01,2.216640e+01,2.221457e+01,2.212509e+01,2.191141e+01,2.213886e+01,2.217328e+01,2.215952e+01,2.218705e+01,2.217328e+01,2.209066e+01,2.215263e+01,2.224208e+01,2.225584e+01,2.223520e+01,2.211821e+01,2.225584e+01,2.224208e+01,2.231084e+01,2.229022e+01,2.230396e+01,2.235894e+01,2.216640e+01,2.231084e+01,2.228334e+01,2.227647e+01,2.227647e+01,2.230396e+01,2.221457e+01,2.221457e+01,2.222145e+01
2.224896e+01,2.218705e+01,2.220769e+01,2.211821e+01,2.225584e+01,2.220081e+01,2.220081e+01,2.215952e+01,2.218016e+01,2.217328e+01,2.216640e+01,2.218705e+01,2.220081e+01,2.217328e+01,2.219393e+01,2.231084e+01,2.222833e+01,2.226959e+01,2.221457e+01,2.222833e+01,2.216640e+01,2.220769e+01,2.216640e+01,2.228334e+01,2.230396e+01,2.213886e+01,2.220081e+01,2.213886e+01,2.224208e+01,2.228334e+01,2.221457e+01,2.223520e+01,2.223520e+01,2.227647e+01,2.224896e+01,2.212509e+01,2.224208e+01,2.220769e+01,2.222833e+01,2.229709e+01,2.226959e+01,2.222145e+01,2.226271e+01,2.229022e+01,2.224896e+01,2.230396e+01,2.228334e+01,2.214575e+01,2.233146e+01,2.220769e+01,2.243448e+01,2.240015e+01,2.240702e+01,2.243448e+01,2.239328e+01,2.233146e+01,2.229709e+01,2.233146e+01,2.229709e+01,2.235894e+01,2.242762e+01,2.242075e+01,2.245507e+01,2.243448e+01,2.246880e+01,2.244821e+01,2.240702e+01,2.237955e+01,2.240015e+01,2.240015e+01,2.244135e+01,2.240702e+01,2.240702e+01,2.247566e+01,2.253055e+01,2.254426e+01,2.250997e+01,2.248252e+01,2.235894e+01,2.238642e+01,2.242075e+01,2.238642e+01,2.239328e+01,2.238642e+01,2.244135e+01,2.240015e+01,2.254426e+01,2.253055e+01,2.240702e+01,2.245507e+01,2.255112e+01,2.250997e+01,2.250997e+01,2.249625e+01,2.251683e+01,2.251683e+01,2.250311e+01,2.253055e+01,2.241389e+01,2.248252e+01,2.252369e+01,2.249625e+01,2.246194e+01,2.243448e+01,2.243448e+01,2.237268e+01,2.243448e+01,2.244135e+01,2.242762e+01,2.242762e+01,2.244821e+01,2.242762e+01,2.235894e+01,2.246880e+01,2.246194e+01,2.242762e+01,2.241389e+01,2.246194e+01,2.234520e+01,2.246880e+01,2.229709e+01,2.234520e+01,2.240702e+01,2.231771e+01,2.237268e+01,2.233833e+01,2.231771e+01,2.230396e+01,2.242075e+01,2.240015e+01,2.233833e+01,2.245507e+01,2.239328e+01,2.237955e+01,2.237268e+01,2.229022e+01,2.241389e+01,2.242762e+01,2.244135e+01,2.239328e+01,2.230396e+01,2.241389e+01,2.237268e+01,2.237955e+01,2.230396e+01,2.238642e+01,2.238642e+01,2.236581e+01,2.235894e+01,2.239328e+01,2.242075e+01,2.246194e+01,2.239328e+01,2.240702e+01,2.242075e+01,2.245507e+01,2.243448e+01,2.248939e+01,2.244821e+01,2.253741e+01,2.243448e+01,2.249625e+01,2.248939e+01,2.249625e+01,2.253741e+01,2.257169e+01,2.247566e+01,2.241389e+01,2.245507e+01,2.248252e+01,2.250311e+01,2.244821e+01,2.244135e+01,2.244135e+01,2.248252e+01,2.231771e+01,2.242762e+01,2.237955e+01,2.242075e+01,2.245507e+01,2.235894e+01,2.239328e+01,2.229022e+01,2.237955e+01,2.237268e+01,2.232458e+01,2.226271e+01,2.227647e+01,2.233146e+01,2.232458e+01,2.229709e+01,2.232458e+01,2.231771e+01,2.234520e+01,2.233146e+01,2.236581e+01,2.235894e+01,2.240702e+01,2.235894e+01,2.241389e+01,2.236581e+01,2.237955e+01,2.229709e+01,2.238642e+01,2.241389e+01,2.242075e+01,2.241389e+01,2.240015e+01,2.247566e+01,2.244821e+01,2.251683e+01,2.240702e+01,2.245507e+01,2.247566e+01,2.254426e+01,2.249625e+01,2.243448e+01,2.244821e+01,2.240015e+01,2.257169e+01,2.258540e+01,2.257854e+01,2.256483e+01,2.257169e+01,2.250311e+01,2.253055e+01,2.259225e+01,2.257169e+01,2.253055e+01,2.255798e+01,2.253741e+01,2.268817e+01,2.261967e+01,2.250997e+01,2.256483e+01,2.261282e+01,2.252369e+01,2.258540e+01,2.265392e+01,2.273610e+01,2.259225e+01,2.265392e+01,2.250311e+01,2.253055e+01,2.224208e+01,2.205621e+01,2.206310e+01,2.188381e+01,2.171802e+01,2.166962e+01,2.166962e+01,2.167654e+01,2.169728e+01,2.173876e+01,2.163503e+01,2.168345e+01,2.181476e+01,2.169037e+01,2.178713e+01,2.168345e+01,2.182858e+01,2.166962e+01,2.175258e+01,2.176641e+01,2.179404e+01,2.175258e+01,2.180095e+01,2.180095e+01,2.174567e+01,2.171111e+01,2.166962e+01,2.165579e+01,2.164195e+01,2.164195e+01,2.162119e+01,2.157967e+01,2.160043e+01,2.159351e+01,2.160043e+01,2.206310e+01,2.222833e+01,2.221457e+01,2.226959e+01,2.220081e+01,2.223520e+01,2.222833e+01,2.221457e+01,2.219393e+01,2.222145e+01,2.224896e+01,2.215952e+01,2.205621e+01,2.218016e+01,2.215263e+01,2.219393e+01,2.218016e+01,2.222145e+01,2.213886e+01,2.204243e+01,2.211821e+01,2.204932e+01,2.216640e+01,2.199418e+01,2.211821e+01,2.208377e+01,2.209755e+01,2.205621e+01,2.206310e+01,2.214575e+01,2.210443e+01,2.217328e+01,2.208377e+01,2.209755e+01,2.209755e+01,2.208377e+01,2.211132e+01,2.215263e+01,2.207688e+01,2.196660e+01,2.204932e+01,2.215952e+01,2.210443e+01,2.212509e+01,2.202176e+01,2.221457e+01,2.217328e+01,2.207688e+01,2.206999e+01,2.202865e+01,2.211132e+01,2.210443e+01,2.198729e+01,2.191141e+01,2.206310e+01,2.193211e+01,2.188381e+01,2.190451e+01,2.191141e+01,2.193211e+01,2.195970e+01,2.206999e+01,2.203554e+01,2.200107e+01,2.209755e+01,2.204243e+01,2.206310e+01,2.201486e+01,2.201486e+01,2.184929e+01,2.126072e+01,2.118431e+01,2.116345e+01,2.117041e+01,2.102434e+01,2.119820e+01,2.135790e+01,2.129544e+01,2.137177e+01,2.146884e+01,2.149656e+01,2.141339e+01,2.155197e+01,2.151042e+01,2.148963e+01,2.157274e+01,2.160043e+01,2.161427e+01,2.164195e+01,2.157967e+01,2.159351e+01,2.157967e+01,2.163503e+01,2.154505e+01,2.156582e+01,2.162119e+01,2.155197e+01,2.153812e+01,2.157274e+01,2.165579e+01,2.166270e+01,2.160735e+01,2.160043e+01,2.162811e+01,2.178713e+01,2.158659e+01,2.180095e+01,2.177332e+01,2.178022e+01,2.186310e+01,2.210443e+01,2.206999e+01,2.207688e+01,2.215952e+01,2.217328e+01,2.231771e+01,2.221457e+01,2.221457e+01,2.220769e+01,2.207688e+01,2.205621e+01,2.195280e+01,2.192521e+01,2.185620e+01,2.182858e+01,2.189071e+01,2.183548e+01,2.193211e+01,2.199418e+01,2.220769e+01,2.215263e+01,2.204932e+01,2.195970e+01,2.193211e+01,2.179404e+01,2.173185e+01,2.191141e+01,2.191831e+01,2.168345e+01,2.189071e+01,2.182167e+01,2.169037e+01,2.175258e+01,2.178713e+01,2.182167e+01,2.182167e+01,2.175258e+01,2.178022e+01,2.177332e+01,2.175949e+01,2.178713e+01,2.182167e+01,2.179404e+01,2.176641e+01,2.181476e+01,2.182858e+01,2.185620e+01,2.196660e+01,2.201486e+01,2.215952e+01,2.206310e+01,2.215952e+01,2.204243e+01,2.201486e+01,2.187691e+01,2.192521e+01,2.182167e+01,2.178713e+01,2.198039e+01,2.183548e+01,2.178022e+01,2.187691e+01,2.195280e+01,2.181476e+01,2.200107e+01,2.213198e+01,2.209755e+01,2.208377e+01,2.213886e+01,2.222145e+01,2.216640e+01,2.218016e+01,2.215263e+01,2.218705e+01,2.219393e+01,2.224208e+01,2.220081e+01,2.220769e+01,2.217328e+01,2.217328e+01,2.240015e+01,2.215952e+01,2.206310e+01,2.220769e+01,2.217328e+01,2.220769e+01,2.222833e+01,2.223520e+01,2.207688e+01,2.220769e+01,2.213198e+01,2.219393e+01,2.226271e+01,2.211132e+01,2.218016e+01,2.224896e+01,2.214575e+01,2.213886e+01,2.213198e+01,2.213198e+01,2.214575e+01,2.211132e+01,2.213886e+01,2.214575e+01,2.208377e+01,2.208377e+01,2.206310e+01,2.208377e+01,2.214575e+01,2.213198e+01,2.213198e+01,2.218705e+01,2.225584e+01,2.218016e+01,2.221457e+01,2.232458e+01,2.241389e+01,2.239328e+01,2.241389e+01,2.231771e+01,2.248252e+01,2.248252e+01,2.247566e+01,2.244821e+01,2.248939e+01,2.246194e+01,2.253055e+01,2.248939e+01,2.255798e+01,2.250997e+01,2.253741e+01,2.248939e+01,2.246880e+01,2.261282e+01,2.253055e+01,2.257169e+01,2.259225e+01,2.244821e+01,2.246194e+01,2.245507e+01,2.249625e+01,2.249625e+01,2.253055e+01,2.255112e+01,2.248939e+01,2.257854e+01,2.243448e+01,2.244135e+01,2.244135e+01,2.244135e+01,2.241389e+01,2.244821e+01,2.239328e+01,2.244135e+01,2.242762e+01,2.246880e+01,2.235207e+01,2.237955e+01,2.229022e+01,2.242762e+01,2.242762e+01,2.242762e+01,2.231771e+01,2.233146e+01,2.227647e+01,2.245507e+01,2.242075e+01,2.220081e+01,2.235207e+01,2.222145e+01,2.218705e+01,2.219393e+01,2.219393e+01,2.214575e+01,2.218705e+01,2.221457e+01,2.217328e+01,2.221457e+01,2.211821e+01,2.222833e+01,2.211821e+01,2.209066e+01,2.223520e+01,2.216640e+01,2.202176e+01,2.193211e+01,2.198729e+01,2.196660e+01,2.205621e+01,2.198729e+01,2.202865e+01,2.206310e+01,2.204932e+01,2.198039e+01,2.199418e+01,2.198039e+01,2.207688e+01,2.209755e+01,2.205621e+01,2.205621e+01,2.209755e+01,2.212509e+01,2.208377e+01,2.213198e+01,2.210443e+01,2.205621e+01,2.209066e+01,2.202176e+01,2.213886e+01,2.206310e+01,2.209755e+01,2.207688e+01,2.195280e+01,2.201486e+01,2.216640e+01,2.196660e+01,2.218705e+01,2.213886e+01,2.207688e+01,2.205621e+01,2.207688e+01,2.213198e+01,2.199418e+01,2.214575e+01,2.212509e+01,2.211821e+01,2.211132e+01,2.226959e+01,2.216640e+01,2.219393e+01,2.222145e+01,2.227647e+01,2.218016e+01,2.224896e+01,2.221457e+01,2.216640e+01,2.225584e+01,2.222145e+01,2.220081e+01,2.233146e+01,2.219393e+01,2.226959e+01,2.221457e+01,2.214575e+01,2.224208e+01,2.215952e+01,2.218016e+01,2.237955e+01,2.218016e+01,2.220769e+01,2.226959e+01
2.220769e+01,2.216640e+01,2.228334e+01,2.220769e+01,2.220081e+01,2.217328e+01,2.223520e+01,2.217328e+01,2.216640e+01,2.221457e+01,2.218016e+01,2.232458e+01,2.229022e+01,2.223520e+01,2.219393e+01,2.222833e+01,2.215952e+01,2.227647e+01,2.226271e+01,2.225584e+01,2.224208e+01,2.226271e+01,2.216640e+01,2.222145e+01,2.228334e+01,2.217328e+01,2.226959e+01,2.222833e+01,2.217328e+01,2.218016e+01,2.213886e+01,2.219393e+01,2.223520e+01,2.213198e+01,2.219393e+01,2.224896e+01,2.223520e+01,2.222833e+01,2.222833e+01,2.228334e+01,2.222145e+01,2.220769e+01,2.222145e+01,2.222145e+01,2.229709e+01,2.234520e+01,2.229022e+01,2.216640e+01,2.244821e+01,2.244135e+01,2.230396e+01,2.240702e+01,2.240702e+01,2.242075e+01,2.240015e+01,2.238642e+01,2.231771e+01,2.236581e+01,2.232458e+01,2.237955e+01,2.239328e+01,2.239328e+01,2.245507e+01,2.246194e+01,2.242762e+01,2.248939e+01,2.242762e+01,2.240702e+01,2.244821e+01,2.234520e+01,2.240702e+01,2.238642e+01,2.239328e+01,2.244821e+01,2.235894e+01,2.253055e+01,2.240702e+01,2.252369e+01,2.248252e+01,2.251683e+01,2.240702e+01,2.237955e+01,2.245507e+01,2.256483e+01,2.247566e+01,2.253741e+01,2.240702e+01,2.234520e+01,2.250311e+01,2.240015e+01,2.250311e+01,2.247566e+01,2.248939e+01,2.250311e+01,2.240702e+01,2.249625e+01,2.246880e+01,2.255112e+01,2.255798e+01,2.250311e+01,2.251683e+01,2.242762e+01,2.247566e+01,2.242075e+01,2.240702e+01,2.244135e+01,2.244821e+01,2.240702e+01,2.245507e+01,2.249625e+01,2.244821e+01,2.248939e+01,2.232458e+01,2.249625e+01,2.242762e+01,2.245507e+01,2.248939e+01,2.242762e+01,2.242762e+01,2.240702e+01,2.234520e+01,2.235207e+01,2.240702e+01,2.235894e+01,2.243448e+01,2.232458e+01,2.235207e+01,2.241389e+01,2.237955e+01,2.236581e+01,2.234520e+01,2.248939e+01,2.241389e+01,2.248252e+01,2.243448e+01,2.238642e+01,2.242762e+01,2.237955e+01,2.235894e+01,2.241389e+01,2.235207e+01,2.242075e+01,2.244135e+01,2.243448e+01,2.240702e+01,2.241389e+01,2.240702e+01,2.235207e+01,2.237955e+01,2.240702e+01,2.230396e+01,2.239328e+01,2.247566e+01,2.244821e+01,2.241389e+01,2.240702e+01,2.248939e+01,2.247566e+01,2.244821e+01,2.241389e+01,2.253055e+01,2.256483e+01,2.257854e+01,2.255112e+01,2.255798e+01,2.250997e+01,2.252369e+01,2.244135e+01,2.255112e+01,2.243448e+01,2.249625e+01,2.245507e+01,2.247566e+01,2.242762e+01,2.232458e+01,2.245507e+01,2.250311e+01,2.241389e+01,2.242075e+01,2.228334e+01,2.243448e+01,2.233146e+01,2.235207e+01,2.229709e+01,2.231084e+01,2.228334e+01,2.235894e+01,2.227647e+01,2.240702e+01,2.232458e+01,2.237955e+01,2.222833e+01,2.235207e+01,2.232458e+01,2.234520e+01,2.229709e+01,2.234520e+01,2.240015e+01,2.238642e+01,2.237268e+01,2.236581e+01,2.239328e+01,2.235894e+01,2.238642e+01,2.245507e+01,2.248252e+01,2.241389e+01,2.252369e+01,2.246880e+01,2.244135e+01,2.250311e+01,2.245507e+01,2.243448e+01,2.252369e+01,2.250997e+01,2.250997e+01,2.259911e+01,2.259911e+01,2.260596e+01,2.248939e+01,2.259225e+01,2.249625e+01,2.254426e+01,2.257169e+01,2.257854e+01,2.257169e+01,2.249625e+01,2.257854e+01,2.259225e+01,2.256483e+01,2.265392e+01,2.268132e+01,2.260596e+01,2.254426e+01,2.257854e+01,2.255798e+01,2.256483e+01,2.254426e+01,2.255798e+01,2.259911e+01,2.264022e+01,2.261967e+01,2.250311e+01,2.231084e+01,2.172494e+01,2.179404e+01,2.178713e+01,2.180786e+01,2.170420e+01,2.176641e+01,2.180786e+01,2.167654e+01,2.186310e+01,2.171111e+01,2.176641e+01,2.178713e+01,2.179404e+01,2.184239e+01,2.171802e+01,2.177332e+01,2.181476e+01,2.182167e+01,2.185620e+01,2.177332e+01,2.178022e+01,2.185620e+01,2.180786e+01,2.178713e+01,2.179404e+01,2.173185e+01,2.166270e+01,2.167654e+01,2.171802e+01,2.191831e+01,2.161427e+01,2.162811e+01,2.155890e+01,2.162119e+01,2.187691e+01,2.211821e+01,2.209755e+01,2.219393e+01,2.225584e+01,2.227647e+01,2.217328e+01,2.225584e+01,2.219393e+01,2.220081e+01,2.219393e+01,2.215952e+01,2.216640e+01,2.213886e+01,2.199418e+01,2.208377e+01,2.208377e+01,2.198729e+01,2.198039e+01,2.197349e+01,2.189071e+01,2.200797e+01,2.204243e+01,2.211821e+01,2.198729e+01,2.194591e+01,2.196660e+01,2.212509e+01,2.208377e+01,2.215952e+01,2.216640e+01,2.213886e+01,2.215952e+01,2.209755e+01,2.214575e+01,2.211821e+01,2.206310e+01,2.205621e+01,2.204243e+01,2.203554e+01,2.200797e+01,2.206999e+01,2.209755e+01,2.202865e+01,2.205621e+01,2.209755e+01,2.206310e+01,2.201486e+01,2.201486e+01,2.209755e+01,2.201486e+01,2.202176e+01,2.202865e+01,2.191141e+01,2.206310e+01,2.199418e+01,2.189071e+01,2.198039e+01,2.197349e+01,2.193901e+01,2.190451e+01,2.210443e+01,2.205621e+01,2.215952e+01,2.206999e+01,2.204243e+01,2.213198e+01,2.209755e+01,2.209066e+01,2.189071e+01,2.148963e+01,2.140645e+01,2.123294e+01,2.112869e+01,2.119126e+01,2.124683e+01,2.124683e+01,2.137871e+01,2.139258e+01,2.140645e+01,2.149656e+01,2.142725e+01,2.145498e+01,2.148963e+01,2.159351e+01,2.154505e+01,2.150349e+01,2.159351e+01,2.158659e+01,2.158659e+01,2.160043e+01,2.159351e+01,2.155197e+01,2.153119e+01,2.151042e+01,2.152427e+01,2.151042e+01,2.142725e+01,2.142032e+01,2.162119e+01,2.155197e+01,2.162119e+01,2.162811e+01,2.162811e+01,2.168345e+01,2.179404e+01,2.173876e+01,2.168345e+01,2.177332e+01,2.180095e+01,2.177332e+01,2.195280e+01,2.199418e+01,2.207688e+01,2.218705e+01,2.216640e+01,2.215263e+01,2.218705e+01,2.225584e+01,2.211821e+01,2.208377e+01,2.183548e+01,2.184239e+01,2.191831e+01,2.182167e+01,2.200797e+01,2.185620e+01,2.206999e+01,2.218016e+01,2.220081e+01,2.202176e+01,2.215952e+01,2.194591e+01,2.191141e+01,2.180095e+01,2.181476e+01,2.179404e+01,2.191831e+01,2.176641e+01,2.178022e+01,2.178713e+01,2.175949e+01,2.173185e+01,2.178022e+01,2.176641e+01,2.173185e+01,2.174567e+01,2.182167e+01,2.176641e+01,2.184239e+01,2.179404e+01,2.175949e+01,2.178022e+01,2.180786e+01,2.184929e+01,2.180095e+01,2.171111e+01,2.173185e+01,2.187000e+01,2.200107e+01,2.212509e+01,2.201486e+01,2.216640e+01,2.224896e+01,2.219393e+01,2.208377e+01,2.222833e+01,2.213198e+01,2.200107e+01,2.215952e+01,2.212509e+01,2.209755e+01,2.215952e+01,2.220081e+01,2.213886e+01,2.214575e+01,2.222833e+01,2.225584e+01,2.209755e+01,2.211821e+01,2.211132e+01,2.218705e+01,2.223520e+01,2.215263e+01,2.222145e+01,2.222145e+01,2.213198e+01,2.223520e+01,2.219393e+01,2.220081e+01,2.213886e+01,2.221457e+01,2.219393e+01,2.214575e+01,2.222145e+01,2.219393e+01,2.224896e+01,2.225584e+01,2.223520e+01,2.222833e+01,2.220081e+01,2.211821e+01,2.224896e+01,2.220081e+01,2.218705e+01,2.224896e+01,2.213198e+01,2.215263e+01,2.215263e+01,2.216640e+01,2.214575e+01,2.195970e+01,2.211821e+01,2.210443e+01,2.217328e+01,2.211821e+01,2.209066e+01,2.210443e+01,2.211821e+01,2.211821e+01,2.214575e+01,2.220081e+01,2.215263e+01,2.216640e+01,2.224208e+01,2.235894e+01,2.235207e+01,2.231771e+01,2.240702e+01,2.231084e+01,2.225584e+01,2.238642e+01,2.243448e+01,2.240015e+01,2.245507e+01,2.246880e+01,2.250997e+01,2.251683e+01,2.256483e+01,2.254426e+01,2.255798e+01,2.236581e+01,2.253741e+01,2.255112e+01,2.253741e+01,2.248252e+01,2.252369e+01,2.254426e+01,2.249625e+01,2.245507e+01,2.246194e+01,2.251683e+01,2.248939e+01,2.247566e+01,2.255112e+01,2.249625e+01,2.255798e+01,2.241389e+01,2.251683e+01,2.240015e+01,2.241389e+01,2.237955e+01,2.240015e+01,2.240702e+01,2.238642e+01,2.233833e+01,2.242075e+01,2.242075e+01,2.237268e+01,2.235894e+01,2.237955e+01,2.235894e+01,2.232458e+01,2.240015e+01,2.226271e+01,2.226271e+01,2.226271e+01,2.240702e+01,2.222833e+01,2.221457e+01,2.222145e+01,2.220081e+01,2.219393e+01,2.220081e+01,2.219393e+01,2.219393e+01,2.211132e+01,2.206999e+01,2.220081e+01,2.226271e+01,2.209755e+01,2.202176e+01,2.211821e+01,2.208377e+01,2.217328e+01,2.212509e+01,2.210443e+01,2.212509e+01,2.194591e+01,2.204932e+01,2.204243e+01,2.189761e+01,2.200797e+01,2.202176e+01,2.197349e+01,2.215952e+01,2.217328e+01,2.196660e+01,2.202176e+01,2.197349e+01,2.205621e+01,2.204243e+01,2.202865e+01,2.211132e+01,2.204243e+01,2.204243e+01,2.203554e+01,2.204932e+01,2.206310e+01,2.208377e+01,2.191831e+01,2.211132e+01,2.204243e+01,2.204932e+01,2.213198e+01,2.215263e+01,2.212509e+01,2.217328e+01,2.209066e+01,2.209066e+01,2.217328e+01,2.210443e+01,2.209755e+01,2.211821e+01,2.213198e+01,2.213198e+01,2.215952e+01,2.214575e+01,2.219393e+01,2.216640e+01,2.223520e+01,2.223520e+01,2.227647e+01,2.229022e+01,2.226271e+01,2.226271e+01,2.214575e+01,2.222145e+01,2.215952e+01,2.231771e+01,2.236581e+01,2.234520e+01,2.229022e+01,2.231771e+01,2.229709e+01,2.222833e+01,2.214575e+01,2.220081e+01,2.218016e+01,2.231771e+01,2.237955e+01,2.227647e+01
2.214575e+01,2.220081e+01,2.221457e+01,2.213886e+01,2.220081e+01,2.235207e+01,2.222833e+01,2.211821e+01,2.216640e+01,2.215952e+01,2.216640e+01,2.200107e+01,2.215263e+01,2.217328e+01,2.222833e+01,2.227647e+01,2.226271e+01,2.240702e+01,2.222833e+01,2.214575e+01,2.226271e+01,2.226959e+01,2.215952e+01,2.225584e+01,2.222833e+01,2.215952e+01,2.220769e+01,2.215952e+01,2.216640e+01,2.218016e+01,2.224896e+01,2.225584e+01,2.220769e+01,2.218016e+01,2.220081e+01,2.222145e+01,2.218016e+01,2.222145e+01,2.222833e+01,2.225584e+01,2.220769e+01,2.213198e+01,2.229022e+01,2.218016e+01,2.226959e+01,2.228334e+01,2.250997e+01,2.229022e+01,2.231084e+01,2.236581e+01,2.225584e+01,2.242075e+01,2.241389e+01,2.232458e+01,2.248252e+01,2.243448e+01,2.226271e+01,2.234520e+01,2.238642e+01,2.240702e+01,2.240702e+01,2.242075e+01,2.244821e+01,2.231771e+01,2.235894e+01,2.233146e+01,2.240702e+01,2.241389e+01,2.236581e+01,2.242762e+01,2.238642e+01,2.236581e+01,2.238642e+01,2.241389e+01,2.242762e+01,2.235894e+01,2.240702e+01,2.246880e+01,2.249625e+01,2.250997e+01,2.236581e+01,2.254426e+01,2.262652e+01,2.252369e+01,2.245507e+01,2.250997e+01,2.248252e+01,2.249625e+01,2.253055e+01,2.246194e+01,2.255112e+01,2.251683e+01,2.239328e+01,2.252369e+01,2.248252e+01,2.244135e+01,2.246880e+01,2.250997e+01,2.252369e+01,2.253055e+01,2.253055e+01,2.248252e+01,2.241389e+01,2.252369e+01,2.255112e+01,2.244821e+01,2.245507e+01,2.240702e+01,2.233833e+01,2.231084e+01,2.244135e+01,2.244821e+01,2.248939e+01,2.248252e+01,2.248252e+01,2.243448e+01,2.250997e+01,2.248252e+01,2.248252e+01,2.245507e+01,2.235207e+01,2.242075e+01,2.242762e+01,2.243448e+01,2.241389e+01,2.242075e+01,2.249625e+01,2.240015e+01,2.227647e+01,2.233833e+01,2.240015e+01,2.237955e+01,2.243448e+01,2.242762e+01,2.237268e+01,2.239328e+01,2.242075e+01,2.244135e+01,2.240702e+01,2.226271e+01,2.242075e+01,2.243448e+01,2.254426e+01,2.254426e+01,2.241389e+01,2.240015e+01,2.236581e+01,2.237268e+01,2.237268e+01,2.238642e+01,2.238642e+01,2.242762e+01,2.242762e+01,2.244821e+01,2.238642e+01,2.247566e+01,2.234520e+01,2.241389e+01,2.244821e+01,2.244821e+01,2.248939e+01,2.248939e+01,2.258540e+01,2.255112e+01,2.248939e+01,2.249625e+01,2.244821e+01,2.246880e+01,2.244821e+01,2.244135e+01,2.244821e+01,2.250997e+01,2.259225e+01,2.244821e+01,2.250311e+01,2.248252e+01,2.250311e+01,2.243448e+01,2.240702e+01,2.241389e+01,2.239328e+01,2.240702e+01,2.233833e+01,2.229709e+01,2.238642e+01,2.232458e+01,2.233146e+01,2.239328e+01,2.233146e+01,2.242762e+01,2.230396e+01,2.231084e+01,2.234520e+01,2.233146e+01,2.235207e+01,2.235207e+01,2.242762e+01,2.235207e+01,2.239328e+01,2.248939e+01,2.237955e+01,2.254426e+01,2.241389e+01,2.243448e+01,2.249625e+01,2.248939e+01,2.239328e+01,2.239328e+01,2.256483e+01,2.250311e+01,2.244821e+01,2.247566e+01,2.244135e+01,2.255112e+01,2.257169e+01,2.248252e+01,2.257854e+01,2.260596e+01,2.260596e+01,2.259911e+01,2.259911e+01,2.255798e+01,2.259225e+01,2.256483e+01,2.259225e+01,2.259911e+01,2.254426e+01,2.257169e+01,2.256483e+01,2.255112e+01,2.260596e+01,2.258540e+01,2.266078e+01,2.261967e+01,2.257854e+01,2.261967e+01,2.259225e+01,2.260596e+01,2.253055e+01,2.258540e+01,2.259911e+01,2.250311e+01,2.230396e+01,2.185620e+01,2.178022e+01,2.167654e+01,2.166962e+01,2.171802e+01,2.179404e+01,2.173185e+01,2.177332e+01,2.171111e+01,2.175258e+01,2.183548e+01,2.180095e+01,2.180786e+01,2.188381e+01,2.181476e+01,2.182858e+01,2.189071e+01,2.187000e+01,2.173185e+01,2.177332e+01,2.180095e+01,2.174567e+01,2.182167e+01,2.184929e+01,2.176641e+01,2.175258e+01,2.183548e+01,2.175949e+01,2.177332e+01,2.166270e+01,2.162811e+01,2.162811e+01,2.163503e+01,2.157967e+01,2.153812e+01,2.182167e+01,2.211821e+01,2.216640e+01,2.220081e+01,2.212509e+01,2.220081e+01,2.218016e+01,2.227647e+01,2.215952e+01,2.212509e+01,2.217328e+01,2.200107e+01,2.212509e+01,2.203554e+01,2.204243e+01,2.191141e+01,2.187691e+01,2.180095e+01,2.182167e+01,2.196660e+01,2.195280e+01,2.187000e+01,2.198039e+01,2.195280e+01,2.197349e+01,2.198039e+01,2.204932e+01,2.205621e+01,2.208377e+01,2.208377e+01,2.214575e+01,2.213198e+01,2.220081e+01,2.212509e+01,2.215952e+01,2.204932e+01,2.210443e+01,2.215263e+01,2.202865e+01,2.203554e+01,2.213198e+01,2.204932e+01,2.202176e+01,2.205621e+01,2.201486e+01,2.206310e+01,2.208377e+01,2.202865e+01,2.202865e+01,2.203554e+01,2.203554e+01,2.203554e+01,2.204932e+01,2.201486e+01,2.194591e+01,2.195970e+01,2.189071e+01,2.189761e+01,2.188381e+01,2.189761e+01,2.198729e+01,2.204243e+01,2.203554e+01,2.206999e+01,2.209755e+01,2.218705e+01,2.218016e+01,2.211132e+01,2.204243e+01,2.183548e+01,2.122600e+01,2.122600e+01,2.118431e+01,2.112869e+01,2.123989e+01,2.117736e+01,2.121210e+01,2.121210e+01,2.135096e+01,2.143419e+01,2.141339e+01,2.135096e+01,2.138565e+01,2.166270e+01,2.139258e+01,2.155197e+01,2.153119e+01,2.155890e+01,2.161427e+01,2.154505e+01,2.158659e+01,2.159351e+01,2.157274e+01,2.151734e+01,2.151734e+01,2.153119e+01,2.153119e+01,2.155890e+01,2.155197e+01,2.157274e+01,2.158659e+01,2.163503e+01,2.162119e+01,2.162811e+01,2.165579e+01,2.193901e+01,2.190451e+01,2.179404e+01,2.180095e+01,2.178713e+01,2.195280e+01,2.187000e+01,2.209066e+01,2.216640e+01,2.226271e+01,2.212509e+01,2.231771e+01,2.216640e+01,2.209755e+01,2.194591e+01,2.194591e+01,2.178713e+01,2.185620e+01,2.189071e+01,2.172494e+01,2.188381e+01,2.209066e+01,2.226271e+01,2.221457e+01,2.216640e+01,2.210443e+01,2.215952e+01,2.195280e+01,2.174567e+01,2.181476e+01,2.168345e+01,2.162811e+01,2.188381e+01,2.176641e+01,2.178022e+01,2.177332e+01,2.178022e+01,2.161427e+01,2.176641e+01,2.170420e+01,2.178713e+01,2.180095e+01,2.178022e+01,2.174567e+01,2.175258e+01,2.175258e+01,2.179404e+01,2.166270e+01,2.175258e+01,2.172494e+01,2.173185e+01,2.169728e+01,2.170420e+01,2.191831e+01,2.171111e+01,2.198039e+01,2.198729e+01,2.219393e+01,2.220769e+01,2.219393e+01,2.218016e+01,2.218016e+01,2.222833e+01,2.217328e+01,2.228334e+01,2.221457e+01,2.215952e+01,2.221457e+01,2.218705e+01,2.216640e+01,2.220081e+01,2.227647e+01,2.215952e+01,2.211132e+01,2.228334e+01,2.213198e+01,2.222833e+01,2.218705e+01,2.220081e+01,2.219393e+01,2.215263e+01,2.219393e+01,2.218705e+01,2.226271e+01,2.224896e+01,2.223520e+01,2.224208e+01,2.220081e+01,2.220081e+01,2.213198e+01,2.223520e+01,2.213886e+01,2.222833e+01,2.226271e+01,2.223520e+01,2.220081e+01,2.215952e+01,2.218016e+01,2.222145e+01,2.219393e+01,2.213198e+01,2.221457e+01,2.210443e+01,2.218016e+01,2.215952e+01,2.213886e+01,2.212509e+01,2.209066e+01,2.212509e+01,2.213886e+01,2.214575e+01,2.213198e+01,2.209755e+01,2.213886e+01,2.213886e+01,2.207688e+01,2.213886e+01,2.216640e+01,2.217328e+01,2.219393e+01,2.240015e+01,2.232458e+01,2.236581e+01,2.237268e+01,2.238642e+01,2.242075e+01,2.251683e+01,2.233833e+01,2.229022e+01,2.246194e+01,2.251683e+01,2.240702e+01,2.243448e+01,2.255798e+01,2.252369e+01,2.236581e+01,2.237955e+01,2.246880e+01,2.253741e+01,2.240702e+01,2.239328e+01,2.257854e+01,2.255798e+01,2.245507e+01,2.246194e+01,2.250311e+01,2.248252e+01,2.252369e+01,2.259225e+01,2.255112e+01,2.248252e+01,2.254426e+01,2.237955e+01,2.234520e+01,2.234520e+01,2.236581e+01,2.237955e+01,2.249625e+01,2.235207e+01,2.241389e+01,2.244135e+01,2.233146e+01,2.236581e+01,2.235894e+01,2.235894e+01,2.263337e+01,2.233833e+01,2.226959e+01,2.226271e+01,2.227647e+01,2.224896e+01,2.226959e+01,2.226271e+01,2.233833e+01,2.224896e+01,2.222833e+01,2.221457e+01,2.218705e+01,2.210443e+01,2.220081e+01,2.218016e+01,2.218016e+01,2.209755e+01,2.211821e+01,2.209066e+01,2.211132e+01,2.207688e+01,2.215952e+01,2.212509e+01,2.210443e+01,2.211821e+01,2.205621e+01,2.195970e+01,2.211132e+01,2.198039e+01,2.198729e+01,2.201486e+01,2.201486e+01,2.205621e+01,2.193901e+01,2.201486e+01,2.207688e+01,2.213886e+01,2.198729e+01,2.204243e+01,2.210443e+01,2.200107e+01,2.210443e+01,2.204243e+01,2.200797e+01,2.220081e+01,2.203554e+01,2.207688e+01,2.209755e+01,2.210443e+01,2.222145e+01,2.215952e+01,2.215952e+01,2.205621e+01,2.211821e+01,2.204243e+01,2.213198e+01,2.209755e+01,2.211821e+01,2.223520e+01,2.209755e+01,2.212509e+01,2.210443e+01,2.210443e+01,2.211821e+01,2.200797e+01,2.213198e+01,2.222145e+01,2.222145e+01,2.215952e+01,2.226271e+01,2.221457e+01,2.229709e+01,2.229022e+01,2.220769e+01,2.235207e+01,2.231771e+01,2.238642e+01,2.231771e+01,2.235207e+01,2.236581e+01,2.238642e+01,2.234520e+01,2.222833e+01,2.231084e+01,2.229709e+01,2.230396e+01,2.225584e+01,2.226271e+01,2.220081e+01,2.226271e+01,2.229022e+01
2.227647e+01,2.209066e+01,2.220769e+01,2.228334e+01,2.233833e+01,2.224208e+01,2.215263e+01,2.220769e+01,2.218705e+01,2.214575e+01,2.230396e+01,2.218705e+01,2.225584e+01,2.224896e+01,2.224208e+01,2.219393e+01,2.230396e+01,2.215952e+01,2.228334e+01,2.228334e+01,2.215263e+01,2.213886e+01,2.218016e+01,2.231084e+01,2.207688e+01,2.235207e+01,2.204932e+01,2.220081e+01,2.217328e+01,2.231084e+01,2.212509e+01,2.219393e+01,2.220769e+01,2.220769e+01,2.220081e+01,2.215263e+01,2.220769e+01,2.220769e+01,2.220081e+01,2.222145e+01,2.220081e+01,2.213198e+01,2.233833e+01,2.229709e+01,2.231771e+01,2.216640e+01,2.218016e+01,2.228334e+01,2.225584e+01,2.240015e+01,2.229709e+01,2.235894e+01,2.241389e+01,2.238642e+01,2.236581e+01,2.236581e+01,2.224208e+01,2.227647e+01,2.229022e+01,2.227647e+01,2.232458e+01,2.235894e+01,2.236581e+01,2.237268e+01,2.234520e+01,2.253055e+01,2.250997e+01,2.234520e+01,2.240015e+01,2.242075e+01,2.238642e+01,2.237955e+01,2.239328e+01,2.233833e+01,2.247566e+01,2.246194e+01,2.247566e+01,2.238642e+01,2.255112e+01,2.249625e+01,2.239328e+01,2.257169e+01,2.242075e+01,2.250997e+01,2.250311e+01,2.250997e+01,2.247566e+01,2.249625e+01,2.251683e+01,2.246880e+01,2.252369e+01,2.250997e+01,2.253055e+01,2.255798e+01,2.248939e+01,2.250311e+01,2.248252e+01,2.247566e+01,2.246880e+01,2.243448e+01,2.241389e+01,2.242762e+01,2.248252e+01,2.231771e+01,2.248252e+01,2.244821e+01,2.244821e+01,2.244821e+01,2.250997e+01,2.247566e+01,2.234520e+01,2.248252e+01,2.245507e+01,2.256483e+01,2.253055e+01,2.248939e+01,2.248252e+01,2.248252e+01,2.247566e+01,2.242762e+01,2.250311e+01,2.239328e+01,2.237955e+01,2.237955e+01,2.231084e+01,2.247566e+01,2.257169e+01,2.243448e+01,2.246194e+01,2.239328e+01,2.243448e+01,2.240702e+01,2.237955e+01,2.240015e+01,2.224896e+01,2.241389e+01,2.236581e+01,2.246194e+01,2.243448e+01,2.244821e+01,2.231084e+01,2.245507e+01,2.238642e+01,2.238642e+01,2.240015e+01,2.235207e+01,2.238642e+01,2.237955e+01,2.240702e+01,2.237955e+01,2.237268e+01,2.244821e+01,2.246880e+01,2.246194e+01,2.246880e+01,2.246194e+01,2.243448e+01,2.242762e+01,2.237955e+01,2.242762e+01,2.248939e+01,2.249625e+01,2.242075e+01,2.249625e+01,2.251683e+01,2.246880e+01,2.240015e+01,2.244135e+01,2.246194e+01,2.249625e+01,2.248252e+01,2.241389e+01,2.248252e+01,2.244135e+01,2.248939e+01,2.243448e+01,2.250997e+01,2.234520e+01,2.248252e+01,2.243448e+01,2.240015e+01,2.236581e+01,2.236581e+01,2.232458e+01,2.233833e+01,2.240015e+01,2.235207e+01,2.226271e+01,2.230396e+01,2.231084e+01,2.236581e+01,2.226271e+01,2.241389e+01,2.245507e+01,2.237955e+01,2.240015e+01,2.239328e+01,2.235207e+01,2.241389e+01,2.238642e+01,2.240015e+01,2.242075e+01,2.248939e+01,2.246194e+01,2.242762e+01,2.250311e+01,2.248252e+01,2.246194e+01,2.253741e+01,2.252369e+01,2.254426e+01,2.248252e+01,2.257169e+01,2.257169e+01,2.251683e+01,2.251683e+01,2.258540e+01,2.258540e+01,2.269502e+01,2.261282e+01,2.256483e+01,2.261282e+01,2.257854e+01,2.256483e+01,2.257169e+01,2.254426e+01,2.261967e+01,2.258540e+01,2.261967e+01,2.251683e+01,2.254426e+01,2.255798e+01,2.251683e+01,2.257169e+01,2.258540e+01,2.257854e+01,2.261282e+01,2.265392e+01,2.266763e+01,2.263337e+01,2.259911e+01,2.248939e+01,2.194591e+01,2.182858e+01,2.171111e+01,2.181476e+01,2.180095e+01,2.173876e+01,2.187000e+01,2.175949e+01,2.183548e+01,2.178713e+01,2.176641e+01,2.191141e+01,2.189071e+01,2.185620e+01,2.185620e+01,2.183548e+01,2.186310e+01,2.181476e+01,2.179404e+01,2.174567e+01,2.186310e+01,2.187691e+01,2.191831e+01,2.187000e+01,2.187691e+01,2.181476e+01,2.181476e+01,2.164887e+01,2.170420e+01,2.166270e+01,2.163503e+01,2.173185e+01,2.165579e+01,2.159351e+01,2.164195e+01,2.163503e+01,2.166270e+01,2.196660e+01,2.219393e+01,2.220081e+01,2.219393e+01,2.222833e+01,2.215263e+01,2.225584e+01,2.210443e+01,2.209066e+01,2.210443e+01,2.210443e+01,2.209755e+01,2.204243e+01,2.185620e+01,2.179404e+01,2.183548e+01,2.188381e+01,2.194591e+01,2.186310e+01,2.186310e+01,2.185620e+01,2.188381e+01,2.191831e+01,2.196660e+01,2.193211e+01,2.197349e+01,2.207688e+01,2.211821e+01,2.211821e+01,2.215952e+01,2.210443e+01,2.206310e+01,2.215263e+01,2.213886e+01,2.215263e+01,2.208377e+01,2.208377e+01,2.205621e+01,2.208377e+01,2.206310e+01,2.215263e+01,2.204243e+01,2.206999e+01,2.192521e+01,2.201486e+01,2.187691e+01,2.212509e+01,2.204243e+01,2.207688e+01,2.202865e+01,2.213198e+01,2.204932e+01,2.198039e+01,2.202176e+01,2.190451e+01,2.189071e+01,2.190451e+01,2.191831e+01,2.188381e+01,2.181476e+01,2.202865e+01,2.209755e+01,2.215263e+01,2.218705e+01,2.208377e+01,2.216640e+01,2.215263e+01,2.218016e+01,2.177332e+01,2.146191e+01,2.112174e+01,2.114955e+01,2.116345e+01,2.114955e+01,2.127461e+01,2.121210e+01,2.132320e+01,2.137177e+01,2.128850e+01,2.136484e+01,2.148270e+01,2.142032e+01,2.137177e+01,2.150349e+01,2.151734e+01,2.154505e+01,2.149656e+01,2.135790e+01,2.143419e+01,2.142032e+01,2.154505e+01,2.147577e+01,2.154505e+01,2.148963e+01,2.149656e+01,2.146884e+01,2.144805e+01,2.157967e+01,2.158659e+01,2.159351e+01,2.164195e+01,2.165579e+01,2.178022e+01,2.175258e+01,2.190451e+01,2.208377e+01,2.193211e+01,2.177332e+01,2.176641e+01,2.165579e+01,2.184239e+01,2.204932e+01,2.218016e+01,2.218016e+01,2.219393e+01,2.218705e+01,2.204243e+01,2.190451e+01,2.182167e+01,2.180095e+01,2.187691e+01,2.176641e+01,2.191141e+01,2.189761e+01,2.209066e+01,2.223520e+01,2.232458e+01,2.229709e+01,2.226271e+01,2.226271e+01,2.214575e+01,2.199418e+01,2.175949e+01,2.162811e+01,2.173185e+01,2.157967e+01,2.174567e+01,2.164887e+01,2.173876e+01,2.169728e+01,2.174567e+01,2.171802e+01,2.175258e+01,2.164195e+01,2.171111e+01,2.176641e+01,2.168345e+01,2.176641e+01,2.174567e+01,2.172494e+01,2.173876e+01,2.171802e+01,2.169728e+01,2.160735e+01,2.171802e+01,2.171111e+01,2.168345e+01,2.175258e+01,2.173876e+01,2.180786e+01,2.194591e+01,2.195970e+01,2.202176e+01,2.220769e+01,2.237955e+01,2.239328e+01,2.218705e+01,2.218705e+01,2.224896e+01,2.216640e+01,2.219393e+01,2.215952e+01,2.211132e+01,2.214575e+01,2.221457e+01,2.208377e+01,2.207688e+01,2.226959e+01,2.211821e+01,2.215952e+01,2.224896e+01,2.215263e+01,2.224896e+01,2.218705e+01,2.220769e+01,2.222145e+01,2.229709e+01,2.218705e+01,2.235207e+01,2.220081e+01,2.222833e+01,2.212509e+01,2.226271e+01,2.222833e+01,2.224208e+01,2.218016e+01,2.220769e+01,2.224896e+01,2.221457e+01,2.222145e+01,2.219393e+01,2.219393e+01,2.218016e+01,2.222145e+01,2.215952e+01,2.213886e+01,2.220081e+01,2.221457e+01,2.216640e+01,2.221457e+01,2.194591e+01,2.215952e+01,2.207688e+01,2.212509e+01,2.211821e+01,2.218016e+01,2.214575e+01,2.214575e+01,2.215263e+01,2.214575e+01,2.211821e+01,2.223520e+01,2.220769e+01,2.221457e+01,2.218016e+01,2.222833e+01,2.227647e+01,2.224896e+01,2.237955e+01,2.230396e+01,2.229022e+01,2.230396e+01,2.238642e+01,2.246194e+01,2.255798e+01,2.250997e+01,2.253055e+01,2.253741e+01,2.253741e+01,2.254426e+01,2.247566e+01,2.253741e+01,2.252369e+01,2.240702e+01,2.241389e+01,2.256483e+01,2.244821e+01,2.251683e+01,2.248939e+01,2.253055e+01,2.246880e+01,2.244821e+01,2.251683e+01,2.250311e+01,2.233833e+01,2.235207e+01,2.232458e+01,2.249625e+01,2.233146e+01,2.237955e+01,2.237955e+01,2.244821e+01,2.242762e+01,2.238642e+01,2.247566e+01,2.242075e+01,2.240702e+01,2.236581e+01,2.250997e+01,2.233833e+01,2.232458e+01,2.229709e+01,2.225584e+01,2.226271e+01,2.226271e+01,2.228334e+01,2.224896e+01,2.236581e+01,2.225584e+01,2.223520e+01,2.223520e+01,2.220769e+01,2.215952e+01,2.221457e+01,2.213198e+01,2.212509e+01,2.220769e+01,2.221457e+01,2.209066e+01,2.226271e+01,2.210443e+01,2.210443e+01,2.211821e+01,2.211132e+01,2.193901e+01,2.211132e+01,2.193901e+01,2.209066e+01,2.202176e+01,2.197349e+01,2.203554e+01,2.202176e+01,2.196660e+01,2.210443e+01,2.198729e+01,2.209066e+01,2.210443e+01,2.208377e+01,2.195970e+01,2.206310e+01,2.213198e+01,2.208377e+01,2.202865e+01,2.208377e+01,2.213198e+01,2.207688e+01,2.190451e+01,2.197349e+01,2.211132e+01,2.209066e+01,2.203554e+01,2.204932e+01,2.206310e+01,2.206999e+01,2.208377e+01,2.220081e+01,2.212509e+01,2.206310e+01,2.208377e+01,2.209755e+01,2.215952e+01,2.212509e+01,2.209755e+01,2.214575e+01,2.218705e+01,2.213886e+01,2.211132e+01,2.212509e+01,2.218016e+01,2.214575e+01,2.228334e+01,2.220769e+01,2.227647e+01,2.231084e+01,2.224208e+01,2.235207e+01,2.231771e+01,2.235894e+01,2.236581e+01,2.237268e+01,2.237268e+01,2.235207e+01,2.232458e+01,2.224208e+01,2.225584e+01,2.226271e+01,2.224208e+01,2.231771e+01,2.223520e+01,2.239328e+01,2.238642e+01
2.209066e+01,2.224896e+01,2.214575e+01,2.233833e+01,2.230396e+01,2.224896e+01,2.214575e+01,2.219393e+01,2.207688e+01,2.204932e+01,2.229022e+01,2.211821e+01,2.232458e+01,2.234520e+01,2.224208e+01,2.223520e+01,2.220081e+01,2.229709e+01,2.215263e+01,2.220081e+01,2.217328e+01,2.215952e+01,2.216640e+01,2.220081e+01,2.219393e+01,2.216640e+01,2.216640e+01,2.217328e+01,2.220081e+01,2.226271e+01,2.222145e+01,2.215952e+01,2.218016e+01,2.223520e+01,2.224208e+01,2.218016e+01,2.221457e+01,2.220769e+01,2.217328e+01,2.213886e+01,2.212509e+01,2.217328e+01,2.225584e+01,2.231771e+01,2.231084e+01,2.218705e+01,2.233146e+01,2.218016e+01,2.215952e+01,2.239328e+01,2.242762e+01,2.218016e+01,2.234520e+01,2.236581e+01,2.237955e+01,2.233833e+01,2.229709e+01,2.244135e+01,2.230396e+01,2.224896e+01,2.242762e+01,2.240015e+01,2.233833e+01,2.244135e+01,2.233146e+01,2.233146e+01,2.237955e+01,2.237268e+01,2.240702e+01,2.250997e+01,2.240702e+01,2.246880e+01,2.236581e+01,2.237955e+01,2.239328e+01,2.248252e+01,2.242075e+01,2.244135e+01,2.248252e+01,2.253741e+01,2.242075e+01,2.248252e+01,2.253741e+01,2.243448e+01,2.248252e+01,2.250997e+01,2.250997e+01,2.248252e+01,2.249625e+01,2.248939e+01,2.256483e+01,2.246880e+01,2.255798e+01,2.246880e+01,2.244135e+01,2.248252e+01,2.248939e+01,2.255112e+01,2.244821e+01,2.246194e+01,2.244135e+01,2.240702e+01,2.255798e+01,2.245507e+01,2.251683e+01,2.242762e+01,2.247566e+01,2.255798e+01,2.244135e+01,2.250311e+01,2.245507e+01,2.248252e+01,2.252369e+01,2.246880e+01,2.256483e+01,2.250997e+01,2.246194e+01,2.243448e+01,2.249625e+01,2.246880e+01,2.240015e+01,2.246880e+01,2.246194e+01,2.238642e+01,2.243448e+01,2.238642e+01,2.238642e+01,2.244821e+01,2.238642e+01,2.245507e+01,2.237268e+01,2.237955e+01,2.245507e+01,2.246880e+01,2.244135e+01,2.240702e+01,2.233146e+01,2.236581e+01,2.242075e+01,2.235894e+01,2.246194e+01,2.236581e+01,2.247566e+01,2.240015e+01,2.235207e+01,2.243448e+01,2.240015e+01,2.238642e+01,2.238642e+01,2.237268e+01,2.238642e+01,2.248939e+01,2.244135e+01,2.237955e+01,2.248252e+01,2.241389e+01,2.248252e+01,2.240015e+01,2.243448e+01,2.246880e+01,2.256483e+01,2.237955e+01,2.252369e+01,2.247566e+01,2.250997e+01,2.244135e+01,2.244135e+01,2.245507e+01,2.248252e+01,2.237955e+01,2.254426e+01,2.242075e+01,2.246194e+01,2.242075e+01,2.249625e+01,2.244821e+01,2.240702e+01,2.248252e+01,2.246194e+01,2.232458e+01,2.240702e+01,2.235894e+01,2.233833e+01,2.234520e+01,2.232458e+01,2.233146e+01,2.231771e+01,2.239328e+01,2.230396e+01,2.233833e+01,2.227647e+01,2.235894e+01,2.231771e+01,2.229709e+01,2.241389e+01,2.235207e+01,2.237268e+01,2.237268e+01,2.235894e+01,2.248252e+01,2.244821e+01,2.246194e+01,2.246880e+01,2.240702e+01,2.248939e+01,2.248252e+01,2.252369e+01,2.246194e+01,2.250311e+01,2.248252e+01,2.257169e+01,2.255798e+01,2.248252e+01,2.257854e+01,2.248252e+01,2.252369e+01,2.256483e+01,2.257854e+01,2.257854e+01,2.268132e+01,2.259911e+01,2.259911e+01,2.255798e+01,2.259911e+01,2.254426e+01,2.266078e+01,2.259225e+01,2.264708e+01,2.260596e+01,2.250997e+01,2.259225e+01,2.256483e+01,2.254426e+01,2.258540e+01,2.255112e+01,2.259911e+01,2.261967e+01,2.264708e+01,2.261282e+01,2.252369e+01,2.246880e+01,2.233146e+01,2.172494e+01,2.182167e+01,2.178713e+01,2.173185e+01,2.175949e+01,2.177332e+01,2.184929e+01,2.188381e+01,2.174567e+01,2.188381e+01,2.188381e+01,2.189761e+01,2.178022e+01,2.191831e+01,2.183548e+01,2.195970e+01,2.191831e+01,2.182167e+01,2.192521e+01,2.170420e+01,2.191831e+01,2.184929e+01,2.191141e+01,2.177332e+01,2.183548e+01,2.189071e+01,2.182167e+01,2.178713e+01,2.183548e+01,2.173185e+01,2.173185e+01,2.160043e+01,2.165579e+01,2.165579e+01,2.155197e+01,2.156582e+01,2.168345e+01,2.204243e+01,2.216640e+01,2.205621e+01,2.210443e+01,2.218016e+01,2.207688e+01,2.210443e+01,2.223520e+01,2.213198e+01,2.214575e+01,2.201486e+01,2.187000e+01,2.183548e+01,2.173185e+01,2.182167e+01,2.178022e+01,2.177332e+01,2.187000e+01,2.185620e+01,2.188381e+01,2.193901e+01,2.189761e+01,2.184929e+01,2.181476e+01,2.197349e+01,2.204932e+01,2.206999e+01,2.206999e+01,2.206999e+01,2.213198e+01,2.205621e+01,2.215263e+01,2.212509e+01,2.206999e+01,2.205621e+01,2.202865e+01,2.213886e+01,2.206310e+01,2.214575e+01,2.213198e+01,2.209066e+01,2.213198e+01,2.198729e+01,2.213198e+01,2.204932e+01,2.206310e+01,2.199418e+01,2.209066e+01,2.209755e+01,2.204932e+01,2.203554e+01,2.203554e+01,2.202176e+01,2.204243e+01,2.191831e+01,2.190451e+01,2.195280e+01,2.192521e+01,2.189761e+01,2.191831e+01,2.200797e+01,2.212509e+01,2.220769e+01,2.219393e+01,2.208377e+01,2.210443e+01,2.223520e+01,2.219393e+01,2.206310e+01,2.152427e+01,2.124683e+01,2.118431e+01,2.123294e+01,2.125378e+01,2.126072e+01,2.119820e+01,2.121210e+01,2.122600e+01,2.132320e+01,2.130932e+01,2.139952e+01,2.147577e+01,2.145498e+01,2.138565e+01,2.132320e+01,2.138565e+01,2.138565e+01,2.137177e+01,2.137871e+01,2.142032e+01,2.136484e+01,2.144112e+01,2.147577e+01,2.147577e+01,2.149656e+01,2.142725e+01,2.155197e+01,2.157274e+01,2.159351e+01,2.159351e+01,2.157967e+01,2.161427e+01,2.165579e+01,2.164887e+01,2.202865e+01,2.229709e+01,2.206999e+01,2.174567e+01,2.176641e+01,2.175949e+01,2.188381e+01,2.198729e+01,2.217328e+01,2.212509e+01,2.216640e+01,2.215263e+01,2.202176e+01,2.178713e+01,2.173876e+01,2.176641e+01,2.178022e+01,2.182858e+01,2.182167e+01,2.203554e+01,2.234520e+01,2.218705e+01,2.229709e+01,2.223520e+01,2.220081e+01,2.226959e+01,2.224208e+01,2.185620e+01,2.173876e+01,2.161427e+01,2.159351e+01,2.162811e+01,2.164195e+01,2.165579e+01,2.178022e+01,2.163503e+01,2.176641e+01,2.160043e+01,2.172494e+01,2.165579e+01,2.173876e+01,2.164887e+01,2.175949e+01,2.164887e+01,2.172494e+01,2.173185e+01,2.171802e+01,2.171802e+01,2.156582e+01,2.175949e+01,2.173185e+01,2.167654e+01,2.169037e+01,2.168345e+01,2.171802e+01,2.169037e+01,2.164887e+01,2.172494e+01,2.195280e+01,2.224208e+01,2.224896e+01,2.225584e+01,2.220769e+01,2.222145e+01,2.222145e+01,2.228334e+01,2.218705e+01,2.225584e+01,2.224208e+01,2.215952e+01,2.226271e+01,2.218705e+01,2.207688e+01,2.217328e+01,2.210443e+01,2.226959e+01,2.224896e+01,2.213198e+01,2.222833e+01,2.224208e+01,2.222145e+01,2.224896e+01,2.228334e+01,2.221457e+01,2.219393e+01,2.226271e+01,2.209755e+01,2.225584e+01,2.220081e+01,2.222145e+01,2.219393e+01,2.213198e+01,2.224896e+01,2.218016e+01,2.223520e+01,2.234520e+01,2.220769e+01,2.220081e+01,2.220081e+01,2.228334e+01,2.226959e+01,2.218016e+01,2.226959e+01,2.216640e+01,2.217328e+01,2.219393e+01,2.215263e+01,2.211821e+01,2.213198e+01,2.213198e+01,2.211821e+01,2.213886e+01,2.213886e+01,2.214575e+01,2.209755e+01,2.211821e+01,2.206999e+01,2.213198e+01,2.223520e+01,2.220769e+01,2.220769e+01,2.221457e+01,2.229709e+01,2.229022e+01,2.226271e+01,2.246880e+01,2.229709e+01,2.237268e+01,2.242075e+01,2.249625e+01,2.252369e+01,2.237268e+01,2.253741e+01,2.248252e+01,2.254426e+01,2.251683e+01,2.255112e+01,2.257169e+01,2.249625e+01,2.248252e+01,2.240015e+01,2.254426e+01,2.248939e+01,2.252369e+01,2.255112e+01,2.247566e+01,2.248939e+01,2.250311e+01,2.261282e+01,2.250311e+01,2.249625e+01,2.233146e+01,2.243448e+01,2.242762e+01,2.238642e+01,2.241389e+01,2.235894e+01,2.237955e+01,2.236581e+01,2.226959e+01,2.241389e+01,2.237268e+01,2.244135e+01,2.233146e+01,2.232458e+01,2.231771e+01,2.231084e+01,2.226271e+01,2.230396e+01,2.227647e+01,2.231084e+01,2.223520e+01,2.226959e+01,2.226959e+01,2.231084e+01,2.224896e+01,2.222833e+01,2.231084e+01,2.217328e+01,2.225584e+01,2.218016e+01,2.213886e+01,2.218705e+01,2.200107e+01,2.217328e+01,2.224896e+01,2.211132e+01,2.213886e+01,2.211132e+01,2.210443e+01,2.211821e+01,2.209755e+01,2.199418e+01,2.198039e+01,2.211132e+01,2.212509e+01,2.201486e+01,2.201486e+01,2.213886e+01,2.201486e+01,2.207688e+01,2.206999e+01,2.209066e+01,2.209066e+01,2.195970e+01,2.198039e+01,2.202865e+01,2.213198e+01,2.209066e+01,2.216640e+01,2.210443e+01,2.214575e+01,2.193901e+01,2.215952e+01,2.220081e+01,2.213198e+01,2.215263e+01,2.204243e+01,2.205621e+01,2.225584e+01,2.202176e+01,2.213198e+01,2.221457e+01,2.216640e+01,2.209755e+01,2.211132e+01,2.213886e+01,2.215263e+01,2.210443e+01,2.211821e+01,2.209755e+01,2.208377e+01,2.213886e+01,2.224208e+01,2.229709e+01,2.227647e+01,2.229022e+01,2.229022e+01,2.224208e+01,2.240015e+01,2.233833e+01,2.227647e+01,2.240702e+01,2.244821e+01,2.236581e+01,2.233146e+01,2.223520e+01,2.238642e+01,2.237268e+01,2.231084e+01,2.220769e+01,2.211132e+01,2.228334e+01,2.237268e+01,2.237955e+01,2.229709e+01,2.233833e+01
2.211821e+01,2.216640e+01,2.225584e+01,2.231771e+01,2.218705e+01,2.225584e+01,2.211821e+01,2.217328e+01,2.216640e+01,2.229022e+01,2.225584e+01,2.207688e+01,2.224208e+01,2.223520e+01,2.224208e+01,2.225584e+01,2.220769e+01,2.224208e+01,2.226271e+01,2.222145e+01,2.220081e+01,2.215952e+01,2.220769e+01,2.219393e+01,2.224208e+01,2.213198e+01,2.213198e+01,2.222145e+01,2.228334e+01,2.217328e+01,2.220081e+01,2.215952e+01,2.223520e+01,2.217328e+01,2.211132e+01,2.221457e+01,2.212509e+01,2.214575e+01,2.217328e+01,2.229022e+01,2.224896e+01,2.220081e+01,2.219393e+01,2.213886e+01,2.218705e+01,2.220769e+01,2.230396e+01,2.220769e+01,2.216640e+01,2.234520e+01,2.240702e+01,2.235894e+01,2.226959e+01,2.239328e+01,2.238642e+01,2.234520e+01,2.228334e+01,2.224896e+01,2.245507e+01,2.242075e+01,2.228334e+01,2.238642e+01,2.244821e+01,2.229709e+01,2.233833e+01,2.231771e+01,2.236581e+01,2.234520e+01,2.240702e+01,2.241389e+01,2.244135e+01,2.243448e+01,2.257854e+01,2.241389e+01,2.242762e+01,2.242762e+01,2.249625e+01,2.243448e+01,2.253055e+01,2.240015e+01,2.247566e+01,2.251683e+01,2.251683e+01,2.249625e+01,2.248252e+01,2.248939e+01,2.246194e+01,2.248252e+01,2.255798e+01,2.249625e+01,2.248939e+01,2.256483e+01,2.261967e+01,2.259911e+01,2.249625e+01,2.250311e+01,2.248252e+01,2.243448e+01,2.251683e+01,2.246880e+01,2.251683e+01,2.253055e+01,2.254426e+01,2.244135e+01,2.246880e+01,2.247566e+01,2.244821e+01,2.245507e+01,2.253741e+01,2.244821e+01,2.247566e+01,2.248252e+01,2.242762e+01,2.249625e+01,2.254426e+01,2.250311e+01,2.250997e+01,2.244821e+01,2.242075e+01,2.248252e+01,2.240702e+01,2.242762e+01,2.249625e+01,2.239328e+01,2.244135e+01,2.238642e+01,2.242075e+01,2.251683e+01,2.242762e+01,2.244135e+01,2.257854e+01,2.241389e+01,2.252369e+01,2.248252e+01,2.243448e+01,2.233833e+01,2.235894e+01,2.242075e+01,2.243448e+01,2.237955e+01,2.252369e+01,2.242762e+01,2.241389e+01,2.245507e+01,2.238642e+01,2.238642e+01,2.242075e+01,2.240702e+01,2.239328e+01,2.240702e+01,2.233833e+01,2.244135e+01,2.246194e+01,2.246194e+01,2.244821e+01,2.246880e+01,2.245507e+01,2.242762e+01,2.251683e+01,2.250311e+01,2.248939e+01,2.248939e+01,2.247566e+01,2.246194e+01,2.248252e+01,2.251683e+01,2.245507e+01,2.247566e+01,2.241389e+01,2.246194e+01,2.247566e+01,2.244135e+01,2.245507e+01,2.243448e+01,2.245507e+01,2.258540e+01,2.248252e+01,2.247566e+01,2.244135e+01,2.236581e+01,2.241389e+01,2.237955e+01,2.234520e+01,2.237268e+01,2.235207e+01,2.232458e+01,2.241389e+01,2.239328e+01,2.242075e+01,2.229709e+01,2.234520e+01,2.244821e+01,2.236581e+01,2.243448e+01,2.232458e+01,2.238642e+01,2.240015e+01,2.236581e+01,2.240015e+01,2.239328e+01,2.246194e+01,2.246880e+01,2.248939e+01,2.250311e+01,2.242075e+01,2.250311e+01,2.244135e+01,2.253741e+01,2.254426e+01,2.247566e+01,2.257854e+01,2.253741e+01,2.257169e+01,2.250997e+01,2.251683e+01,2.248939e+01,2.254426e+01,2.253741e+01,2.255798e+01,2.256483e+01,2.257854e+01,2.259911e+01,2.255798e+01,2.260596e+01,2.255112e+01,2.260596e+01,2.259225e+01,2.258540e+01,2.255112e+01,2.265392e+01,2.263337e+01,2.261282e+01,2.260596e+01,2.259225e+01,2.269502e+01,2.281136e+01,2.273610e+01,2.261282e+01,2.258540e+01,2.252369e+01,2.242075e+01,2.186310e+01,2.180095e+01,2.176641e+01,2.175949e+01,2.179404e+01,2.172494e+01,2.185620e+01,2.182858e+01,2.182858e+01,2.186310e+01,2.189071e+01,2.183548e+01,2.191831e+01,2.178022e+01,2.188381e+01,2.178713e+01,2.191831e+01,2.200107e+01,2.182858e+01,2.183548e+01,2.195280e+01,2.190451e+01,2.201486e+01,2.187691e+01,2.180095e+01,2.191141e+01,2.183548e+01,2.182167e+01,2.180095e+01,2.175258e+01,2.180095e+01,2.166962e+01,2.181476e+01,2.165579e+01,2.179404e+01,2.169728e+01,2.167654e+01,2.165579e+01,2.216640e+01,2.218705e+01,2.212509e+01,2.213198e+01,2.213886e+01,2.209755e+01,2.212509e+01,2.202865e+01,2.211132e+01,2.203554e+01,2.179404e+01,2.171111e+01,2.171111e+01,2.173185e+01,2.169037e+01,2.181476e+01,2.182167e+01,2.184239e+01,2.190451e+01,2.193211e+01,2.188381e+01,2.193901e+01,2.184239e+01,2.195970e+01,2.198729e+01,2.206310e+01,2.213886e+01,2.213886e+01,2.210443e+01,2.205621e+01,2.208377e+01,2.209066e+01,2.219393e+01,2.215952e+01,2.209066e+01,2.210443e+01,2.212509e+01,2.207688e+01,2.208377e+01,2.206310e+01,2.208377e+01,2.204932e+01,2.190451e+01,2.211132e+01,2.211132e+01,2.206999e+01,2.201486e+01,2.206999e+01,2.187691e+01,2.211821e+01,2.211821e+01,2.207688e+01,2.215263e+01,2.193211e+01,2.193901e+01,2.192521e+01,2.199418e+01,2.198729e+01,2.200797e+01,2.197349e+01,2.200797e+01,2.224896e+01,2.219393e+01,2.220081e+01,2.222145e+01,2.220769e+01,2.224896e+01,2.223520e+01,2.221457e+01,2.193211e+01,2.138565e+01,2.122600e+01,2.118431e+01,2.115650e+01,2.117736e+01,2.114955e+01,2.122600e+01,2.119126e+01,2.133708e+01,2.129544e+01,2.130238e+01,2.133014e+01,2.132320e+01,2.143419e+01,2.131626e+01,2.133014e+01,2.135096e+01,2.135096e+01,2.137871e+01,2.124683e+01,2.133708e+01,2.144112e+01,2.146884e+01,2.146884e+01,2.142032e+01,2.146884e+01,2.157967e+01,2.146191e+01,2.157967e+01,2.161427e+01,2.158659e+01,2.160043e+01,2.164195e+01,2.176641e+01,2.224896e+01,2.238642e+01,2.220769e+01,2.205621e+01,2.178713e+01,2.178713e+01,2.178022e+01,2.179404e+01,2.215952e+01,2.218705e+01,2.206310e+01,2.189071e+01,2.175949e+01,2.178022e+01,2.178022e+01,2.176641e+01,2.180095e+01,2.213198e+01,2.222833e+01,2.219393e+01,2.222833e+01,2.221457e+01,2.216640e+01,2.227647e+01,2.233146e+01,2.235894e+01,2.220081e+01,2.180786e+01,2.174567e+01,2.169728e+01,2.167654e+01,2.166270e+01,2.173185e+01,2.175258e+01,2.173876e+01,2.165579e+01,2.172494e+01,2.173185e+01,2.168345e+01,2.169728e+01,2.167654e+01,2.157967e+01,2.162119e+01,2.170420e+01,2.171802e+01,2.171802e+01,2.170420e+01,2.160735e+01,2.173185e+01,2.169728e+01,2.178713e+01,2.179404e+01,2.171802e+01,2.171111e+01,2.186310e+01,2.154505e+01,2.165579e+01,2.164195e+01,2.165579e+01,2.216640e+01,2.220081e+01,2.223520e+01,2.201486e+01,2.224896e+01,2.220769e+01,2.226959e+01,2.226271e+01,2.215263e+01,2.222833e+01,2.224208e+01,2.226271e+01,2.219393e+01,2.226271e+01,2.223520e+01,2.227647e+01,2.215952e+01,2.214575e+01,2.226271e+01,2.225584e+01,2.220081e+01,2.222145e+01,2.227647e+01,2.232458e+01,2.230396e+01,2.220769e+01,2.220081e+01,2.226271e+01,2.222145e+01,2.226271e+01,2.214575e+01,2.217328e+01,2.224208e+01,2.224896e+01,2.222145e+01,2.215952e+01,2.220769e+01,2.216640e+01,2.220769e+01,2.215952e+01,2.218705e+01,2.218705e+01,2.221457e+01,2.218705e+01,2.215263e+01,2.209066e+01,2.218016e+01,2.213198e+01,2.216640e+01,2.212509e+01,2.213198e+01,2.200797e+01,2.203554e+01,2.216640e+01,2.227647e+01,2.212509e+01,2.198729e+01,2.211821e+01,2.215952e+01,2.220081e+01,2.221457e+01,2.222833e+01,2.222833e+01,2.223520e+01,2.237955e+01,2.225584e+01,2.229709e+01,2.234520e+01,2.240015e+01,2.244135e+01,2.234520e+01,2.246880e+01,2.231771e+01,2.250311e+01,2.262652e+01,2.244821e+01,2.246194e+01,2.248939e+01,2.246194e+01,2.253741e+01,2.253055e+01,2.257854e+01,2.254426e+01,2.253055e+01,2.242762e+01,2.253741e+01,2.238642e+01,2.248252e+01,2.248939e+01,2.245507e+01,2.246880e+01,2.244821e+01,2.242762e+01,2.242075e+01,2.237955e+01,2.238642e+01,2.239328e+01,2.232458e+01,2.237268e+01,2.243448e+01,2.240015e+01,2.239328e+01,2.238642e+01,2.235207e+01,2.241389e+01,2.233833e+01,2.237955e+01,2.230396e+01,2.228334e+01,2.229022e+01,2.230396e+01,2.233146e+01,2.233833e+01,2.233146e+01,2.222833e+01,2.224208e+01,2.220081e+01,2.224896e+01,2.233146e+01,2.221457e+01,2.215263e+01,2.214575e+01,2.215263e+01,2.211821e+01,2.211132e+01,2.223520e+01,2.220769e+01,2.212509e+01,2.209066e+01,2.213886e+01,2.209755e+01,2.213198e+01,2.211821e+01,2.206999e+01,2.205621e+01,2.195280e+01,2.210443e+01,2.196660e+01,2.204243e+01,2.217328e+01,2.207688e+01,2.202865e+01,2.204243e+01,2.208377e+01,2.206310e+01,2.201486e+01,2.207688e+01,2.199418e+01,2.211132e+01,2.201486e+01,2.207688e+01,2.190451e+01,2.214575e+01,2.212509e+01,2.199418e+01,2.218705e+01,2.213886e+01,2.212509e+01,2.211821e+01,2.223520e+01,2.208377e+01,2.202176e+01,2.198729e+01,2.210443e+01,2.213198e+01,2.222145e+01,2.215952e+01,2.215263e+01,2.211132e+01,2.211821e+01,2.214575e+01,2.223520e+01,2.231084e+01,2.208377e+01,2.229022e+01,2.222145e+01,2.224896e+01,2.229022e+01,2.230396e+01,2.229022e+01,2.235207e+01,2.239328e+01,2.228334e+01,2.239328e+01,2.241389e+01,2.231771e+01,2.239328e+01,2.248939e+01,2.242075e+01,2.229709e+01,2.232458e+01,2.230396e+01,2.236581e+01,2.244821e+01,2.233833e+01,2.224208e+01,2.232458e+01,2.231771e+01
2.212509e+01,2.220081e+01,2.217328e+01,2.226959e+01,2.218705e+01,2.218016e+01,2.228334e+01,2.213886e+01,2.220081e+01,2.233833e+01,2.230396e+01,2.209755e+01,2.224208e+01,2.222145e+01,2.222145e+01,2.222833e+01,2.220769e+01,2.218016e+01,2.223520e+01,2.215263e+01,2.219393e+01,2.214575e+01,2.220769e+01,2.212509e+01,2.219393e+01,2.217328e+01,2.229022e+01,2.223520e+01,2.229709e+01,2.218705e+01,2.215952e+01,2.213886e+01,2.222833e+01,2.216640e+01,2.211821e+01,2.214575e+01,2.220769e+01,2.211821e+01,2.208377e+01,2.213198e+01,2.222145e+01,2.227647e+01,2.223520e+01,2.224896e+01,2.231771e+01,2.218016e+01,2.224896e+01,2.236581e+01,2.217328e+01,2.230396e+01,2.244821e+01,2.236581e+01,2.240702e+01,2.220769e+01,2.233146e+01,2.228334e+01,2.235894e+01,2.229709e+01,2.231771e+01,2.231084e+01,2.235207e+01,2.244821e+01,2.229709e+01,2.229022e+01,2.240015e+01,2.231084e+01,2.231771e+01,2.231771e+01,2.250311e+01,2.250311e+01,2.238642e+01,2.240015e+01,2.243448e+01,2.244821e+01,2.239328e+01,2.246880e+01,2.245507e+01,2.243448e+01,2.256483e+01,2.246194e+01,2.246194e+01,2.239328e+01,2.245507e+01,2.250997e+01,2.252369e+01,2.249625e+01,2.252369e+01,2.246194e+01,2.252369e+01,2.247566e+01,2.256483e+01,2.251683e+01,2.253055e+01,2.250311e+01,2.251683e+01,2.249625e+01,2.247566e+01,2.244821e+01,2.245507e+01,2.252369e+01,2.249625e+01,2.247566e+01,2.244135e+01,2.253741e+01,2.252369e+01,2.249625e+01,2.255112e+01,2.253741e+01,2.249625e+01,2.247566e+01,2.258540e+01,2.252369e+01,2.255798e+01,2.249625e+01,2.250311e+01,2.244135e+01,2.253055e+01,2.238642e+01,2.248252e+01,2.246194e+01,2.250311e+01,2.241389e+01,2.250311e+01,2.246880e+01,2.241389e+01,2.252369e+01,2.239328e+01,2.249625e+01,2.248939e+01,2.242762e+01,2.240015e+01,2.243448e+01,2.243448e+01,2.238642e+01,2.251683e+01,2.233833e+01,2.241389e+01,2.236581e+01,2.235207e+01,2.233833e+01,2.242762e+01,2.246194e+01,2.235207e+01,2.263337e+01,2.240702e+01,2.243448e+01,2.242075e+01,2.243448e+01,2.240015e+01,2.246194e+01,2.240702e+01,2.247566e+01,2.241389e+01,2.242075e+01,2.248939e+01,2.247566e+01,2.246194e+01,2.251683e+01,2.248939e+01,2.252369e+01,2.234520e+01,2.250311e+01,2.248939e+01,2.240702e+01,2.246880e+01,2.246880e+01,2.243448e+01,2.245507e+01,2.246194e+01,2.246880e+01,2.243448e+01,2.242075e+01,2.244135e+01,2.246880e+01,2.247566e+01,2.250311e+01,2.248939e+01,2.244135e+01,2.244821e+01,2.238642e+01,2.249625e+01,2.237955e+01,2.235894e+01,2.238642e+01,2.236581e+01,2.238642e+01,2.234520e+01,2.241389e+01,2.242075e+01,2.231771e+01,2.242762e+01,2.231771e+01,2.251683e+01,2.233146e+01,2.242075e+01,2.237955e+01,2.235894e+01,2.242075e+01,2.237955e+01,2.243448e+01,2.247566e+01,2.244821e+01,2.244821e+01,2.250997e+01,2.251683e+01,2.240702e+01,2.251683e+01,2.255112e+01,2.251683e+01,2.253055e+01,2.247566e+01,2.248252e+01,2.264022e+01,2.258540e+01,2.262652e+01,2.251683e+01,2.260596e+01,2.255798e+01,2.258540e+01,2.258540e+01,2.263337e+01,2.258540e+01,2.260596e+01,2.259225e+01,2.260596e+01,2.262652e+01,2.254426e+01,2.258540e+01,2.252369e+01,2.262652e+01,2.262652e+01,2.266763e+01,2.266078e+01,2.266078e+01,2.258540e+01,2.266078e+01,2.253741e+01,2.259225e+01,2.250997e+01,2.243448e+01,2.215263e+01,2.178713e+01,2.178022e+01,2.179404e+01,2.182167e+01,2.184239e+01,2.185620e+01,2.191141e+01,2.188381e+01,2.194591e+01,2.189761e+01,2.191831e+01,2.193211e+01,2.191141e+01,2.194591e+01,2.189761e+01,2.187000e+01,2.180786e+01,2.192521e+01,2.197349e+01,2.198039e+01,2.198729e+01,2.195280e+01,2.191141e+01,2.189761e+01,2.189761e+01,2.182858e+01,2.190451e+01,2.182858e+01,2.182167e+01,2.180095e+01,2.180095e+01,2.170420e+01,2.183548e+01,2.168345e+01,2.167654e+01,2.165579e+01,2.164887e+01,2.180095e+01,2.205621e+01,2.218705e+01,2.219393e+01,2.202176e+01,2.211821e+01,2.211132e+01,2.207688e+01,2.209066e+01,2.205621e+01,2.195280e+01,2.177332e+01,2.175949e+01,2.173185e+01,2.171111e+01,2.174567e+01,2.176641e+01,2.182167e+01,2.185620e+01,2.184239e+01,2.187691e+01,2.187000e+01,2.189071e+01,2.185620e+01,2.196660e+01,2.197349e+01,2.215263e+01,2.201486e+01,2.199418e+01,2.202865e+01,2.211821e+01,2.204932e+01,2.206310e+01,2.213198e+01,2.205621e+01,2.213198e+01,2.209066e+01,2.216640e+01,2.205621e+01,2.216640e+01,2.211821e+01,2.206310e+01,2.203554e+01,2.212509e+01,2.214575e+01,2.207688e+01,2.204932e+01,2.209066e+01,2.210443e+01,2.208377e+01,2.204243e+01,2.206999e+01,2.211132e+01,2.202176e+01,2.205621e+01,2.190451e+01,2.199418e+01,2.196660e+01,2.194591e+01,2.196660e+01,2.204243e+01,2.217328e+01,2.223520e+01,2.222145e+01,2.220081e+01,2.239328e+01,2.229709e+01,2.222833e+01,2.221457e+01,2.222145e+01,2.220769e+01,2.193901e+01,2.176641e+01,2.131626e+01,2.117736e+01,2.117736e+01,2.115650e+01,2.121905e+01,2.126072e+01,2.121210e+01,2.131626e+01,2.130238e+01,2.128850e+01,2.135096e+01,2.128156e+01,2.128850e+01,2.128156e+01,2.130238e+01,2.129544e+01,2.127461e+01,2.131626e+01,2.129544e+01,2.134402e+01,2.140645e+01,2.134402e+01,2.135096e+01,2.141339e+01,2.153119e+01,2.157274e+01,2.157967e+01,2.159351e+01,2.164195e+01,2.165579e+01,2.166962e+01,2.181476e+01,2.247566e+01,2.241389e+01,2.226271e+01,2.200797e+01,2.189071e+01,2.187000e+01,2.174567e+01,2.174567e+01,2.206999e+01,2.202865e+01,2.182167e+01,2.175949e+01,2.178022e+01,2.176641e+01,2.177332e+01,2.178022e+01,2.200107e+01,2.199418e+01,2.228334e+01,2.237955e+01,2.228334e+01,2.231084e+01,2.231084e+01,2.234520e+01,2.225584e+01,2.225584e+01,2.226959e+01,2.198039e+01,2.161427e+01,2.160043e+01,2.162811e+01,2.164195e+01,2.172494e+01,2.175949e+01,2.163503e+01,2.173876e+01,2.165579e+01,2.166962e+01,2.164887e+01,2.169728e+01,2.166270e+01,2.169728e+01,2.171802e+01,2.174567e+01,2.169728e+01,2.157274e+01,2.169728e+01,2.173876e+01,2.177332e+01,2.175258e+01,2.165579e+01,2.165579e+01,2.167654e+01,2.175949e+01,2.162811e+01,2.171802e+01,2.154505e+01,2.168345e+01,2.155890e+01,2.186310e+01,2.200107e+01,2.224208e+01,2.229709e+01,2.226271e+01,2.223520e+01,2.225584e+01,2.223520e+01,2.211821e+01,2.225584e+01,2.224208e+01,2.226271e+01,2.221457e+01,2.221457e+01,2.227647e+01,2.225584e+01,2.220081e+01,2.218016e+01,2.218705e+01,2.214575e+01,2.228334e+01,2.230396e+01,2.231084e+01,2.224208e+01,2.228334e+01,2.218016e+01,2.220769e+01,2.225584e+01,2.222833e+01,2.225584e+01,2.220081e+01,2.224208e+01,2.224208e+01,2.211132e+01,2.223520e+01,2.225584e+01,2.223520e+01,2.222833e+01,2.211132e+01,2.230396e+01,2.202865e+01,2.220081e+01,2.218016e+01,2.216640e+01,2.214575e+01,2.211132e+01,2.213198e+01,2.218016e+01,2.216640e+01,2.218016e+01,2.209755e+01,2.210443e+01,2.214575e+01,2.213886e+01,2.212509e+01,2.205621e+01,2.211132e+01,2.210443e+01,2.222145e+01,2.206999e+01,2.220081e+01,2.221457e+01,2.226271e+01,2.224208e+01,2.235894e+01,2.236581e+01,2.241389e+01,2.240015e+01,2.244821e+01,2.247566e+01,2.239328e+01,2.243448e+01,2.250997e+01,2.247566e+01,2.255798e+01,2.257854e+01,2.244821e+01,2.240015e+01,2.247566e+01,2.247566e+01,2.252369e+01,2.254426e+01,2.251683e+01,2.253055e+01,2.250311e+01,2.251683e+01,2.253741e+01,2.249625e+01,2.248252e+01,2.245507e+01,2.243448e+01,2.246880e+01,2.248252e+01,2.248939e+01,2.238642e+01,2.246880e+01,2.257169e+01,2.242762e+01,2.228334e+01,2.224896e+01,2.240015e+01,2.237268e+01,2.231084e+01,2.240702e+01,2.243448e+01,2.236581e+01,2.233146e+01,2.230396e+01,2.231084e+01,2.230396e+01,2.232458e+01,2.229709e+01,2.232458e+01,2.230396e+01,2.226959e+01,2.224208e+01,2.220081e+01,2.221457e+01,2.218016e+01,2.217328e+01,2.219393e+01,2.213886e+01,2.218016e+01,2.213886e+01,2.218705e+01,2.217328e+01,2.208377e+01,2.212509e+01,2.212509e+01,2.211821e+01,2.212509e+01,2.213198e+01,2.209755e+01,2.203554e+01,2.206310e+01,2.201486e+01,2.198729e+01,2.204932e+01,2.202865e+01,2.205621e+01,2.209066e+01,2.204932e+01,2.206999e+01,2.201486e+01,2.209755e+01,2.210443e+01,2.199418e+01,2.201486e+01,2.203554e+01,2.208377e+01,2.209755e+01,2.213198e+01,2.222833e+01,2.200107e+01,2.217328e+01,2.215952e+01,2.213886e+01,2.213886e+01,2.210443e+01,2.202176e+01,2.220769e+01,2.202865e+01,2.208377e+01,2.222833e+01,2.219393e+01,2.215952e+01,2.215263e+01,2.217328e+01,2.213198e+01,2.213886e+01,2.211132e+01,2.227647e+01,2.227647e+01,2.220769e+01,2.231771e+01,2.221457e+01,2.229709e+01,2.221457e+01,2.244821e+01,2.231084e+01,2.232458e+01,2.235207e+01,2.237268e+01,2.254426e+01,2.236581e+01,2.244135e+01,2.248252e+01,2.244135e+01,2.229709e+01,2.239328e+01,2.237955e+01,2.250311e+01,2.226271e+01,2.242075e+01,2.244135e+01,2.243448e+01,2.235894e+01,2.230396e+01
2.215952e+01,2.229022e+01,2.222833e+01,2.227647e+01,2.217328e+01,2.227647e+01,2.226959e+01,2.217328e+01,2.213886e+01,2.218016e+01,2.225584e+01,2.234520e+01,2.234520e+01,2.233146e+01,2.224896e+01,2.222833e+01,2.220081e+01,2.219393e+01,2.222833e+01,2.215952e+01,2.220081e+01,2.222145e+01,2.207688e+01,2.210443e+01,2.212509e+01,2.212509e+01,2.224896e+01,2.213886e+01,2.217328e+01,2.220769e+01,2.215952e+01,2.216640e+01,2.213886e+01,2.220769e+01,2.225584e+01,2.207688e+01,2.211821e+01,2.215952e+01,2.213886e+01,2.211821e+01,2.216640e+01,2.222833e+01,2.224896e+01,2.224896e+01,2.224896e+01,2.217328e+01,2.216640e+01,2.218016e+01,2.220769e+01,2.226959e+01,2.226271e+01,2.231084e+01,2.239328e+01,2.236581e+01,2.246194e+01,2.235207e+01,2.233146e+01,2.237955e+01,2.230396e+01,2.232458e+01,2.230396e+01,2.236581e+01,2.230396e+01,2.237955e+01,2.299587e+01,2.268132e+01,2.237955e+01,2.242075e+01,2.240702e+01,2.250997e+01,2.252369e+01,2.253741e+01,2.245507e+01,2.246880e+01,2.230396e+01,2.241389e+01,2.242075e+01,2.244821e+01,2.246194e+01,2.246194e+01,2.240702e+01,2.250997e+01,2.250997e+01,2.242075e+01,2.249625e+01,2.245507e+01,2.250997e+01,2.246194e+01,2.244135e+01,2.252369e+01,2.246194e+01,2.244135e+01,2.253741e+01,2.251683e+01,2.255112e+01,2.248252e+01,2.259225e+01,2.257169e+01,2.257854e+01,2.242075e+01,2.257854e+01,2.250997e+01,2.251683e+01,2.246880e+01,2.250311e+01,2.254426e+01,2.248252e+01,2.246194e+01,2.246880e+01,2.246880e+01,2.248939e+01,2.233833e+01,2.240702e+01,2.255112e+01,2.253741e+01,2.246880e+01,2.253055e+01,2.250311e+01,2.243448e+01,2.247566e+01,2.246194e+01,2.242762e+01,2.252369e+01,2.248252e+01,2.240015e+01,2.250997e+01,2.239328e+01,2.257854e+01,2.247566e+01,2.245507e+01,2.242075e+01,2.251683e+01,2.244821e+01,2.240702e+01,2.248939e+01,2.248252e+01,2.245507e+01,2.248939e+01,2.240015e+01,2.242762e+01,2.242075e+01,2.249625e+01,2.237268e+01,2.248252e+01,2.238642e+01,2.238642e+01,2.244135e+01,2.246880e+01,2.240702e+01,2.240015e+01,2.225584e+01,2.239328e+01,2.243448e+01,2.244135e+01,2.243448e+01,2.248252e+01,2.244821e+01,2.244135e+01,2.240015e+01,2.240015e+01,2.248252e+01,2.249625e+01,2.248252e+01,2.264708e+01,2.247566e+01,2.246880e+01,2.250997e+01,2.246194e+01,2.246880e+01,2.242762e+01,2.248252e+01,2.247566e+01,2.246880e+01,2.245507e+01,2.244821e+01,2.247566e+01,2.245507e+01,2.249625e+01,2.244821e+01,2.239328e+01,2.227647e+01,2.231771e+01,2.238642e+01,2.232458e+01,2.242075e+01,2.235894e+01,2.235207e+01,2.233146e+01,2.244135e+01,2.239328e+01,2.246194e+01,2.235894e+01,2.237955e+01,2.235894e+01,2.237955e+01,2.242075e+01,2.242075e+01,2.234520e+01,2.254426e+01,2.247566e+01,2.245507e+01,2.246194e+01,2.251683e+01,2.248939e+01,2.247566e+01,2.250997e+01,2.242762e+01,2.250311e+01,2.248939e+01,2.249625e+01,2.254426e+01,2.248939e+01,2.258540e+01,2.258540e+01,2.250997e+01,2.253055e+01,2.255798e+01,2.257169e+01,2.257854e+01,2.257854e+01,2.248252e+01,2.284555e+01,2.261967e+01,2.253741e+01,2.261967e+01,2.259225e+01,2.264022e+01,2.261282e+01,2.256483e+01,2.261282e+01,2.265392e+01,2.255798e+01,2.270187e+01,2.268817e+01,2.258540e+01,2.253055e+01,2.257169e+01,2.255112e+01,2.252369e+01,2.227647e+01,2.192521e+01,2.182167e+01,2.182858e+01,2.181476e+01,2.182858e+01,2.189761e+01,2.187000e+01,2.186310e+01,2.191141e+01,2.184929e+01,2.192521e+01,2.191141e+01,2.194591e+01,2.187691e+01,2.192521e+01,2.189761e+01,2.192521e+01,2.204243e+01,2.207688e+01,2.197349e+01,2.192521e+01,2.184929e+01,2.187691e+01,2.206310e+01,2.200107e+01,2.189761e+01,2.187691e+01,2.185620e+01,2.187691e+01,2.178713e+01,2.179404e+01,2.181476e+01,2.178713e+01,2.168345e+01,2.161427e+01,2.171111e+01,2.160043e+01,2.168345e+01,2.187691e+01,2.207688e+01,2.211132e+01,2.205621e+01,2.204243e+01,2.209755e+01,2.208377e+01,2.206999e+01,2.206310e+01,2.202176e+01,2.202176e+01,2.169037e+01,2.173876e+01,2.177332e+01,2.164195e+01,2.169037e+01,2.170420e+01,2.176641e+01,2.178713e+01,2.189761e+01,2.198729e+01,2.179404e+01,2.198729e+01,2.196660e+01,2.195280e+01,2.196660e+01,2.200107e+01,2.199418e+01,2.209066e+01,2.204932e+01,2.210443e+01,2.212509e+01,2.202176e+01,2.208377e+01,2.211821e+01,2.209066e+01,2.200107e+01,2.212509e+01,2.211132e+01,2.205621e+01,2.204932e+01,2.206999e+01,2.211132e+01,2.208377e+01,2.202865e+01,2.200797e+01,2.206999e+01,2.209066e+01,2.210443e+01,2.211132e+01,2.201486e+01,2.206999e+01,2.206310e+01,2.206310e+01,2.202865e+01,2.195970e+01,2.199418e+01,2.195280e+01,2.203554e+01,2.191141e+01,2.186310e+01,2.215952e+01,2.224208e+01,2.223520e+01,2.223520e+01,2.238642e+01,2.241389e+01,2.241389e+01,2.222833e+01,2.237268e+01,2.233146e+01,2.232458e+01,2.209066e+01,2.184239e+01,2.150349e+01,2.122600e+01,2.122600e+01,2.118431e+01,2.122600e+01,2.117041e+01,2.126767e+01,2.128156e+01,2.127461e+01,2.133708e+01,2.122600e+01,2.129544e+01,2.121210e+01,2.129544e+01,2.130932e+01,2.127461e+01,2.130932e+01,2.126072e+01,2.142725e+01,2.128850e+01,2.137871e+01,2.133708e+01,2.143419e+01,2.135790e+01,2.155890e+01,2.157967e+01,2.158659e+01,2.153812e+01,2.166962e+01,2.176641e+01,2.219393e+01,2.237955e+01,2.232458e+01,2.229709e+01,2.209066e+01,2.180786e+01,2.175949e+01,2.168345e+01,2.166962e+01,2.186310e+01,2.180095e+01,2.182858e+01,2.175949e+01,2.176641e+01,2.178022e+01,2.175949e+01,2.219393e+01,2.218705e+01,2.233833e+01,2.229709e+01,2.239328e+01,2.226271e+01,2.238642e+01,2.222833e+01,2.226959e+01,2.234520e+01,2.224896e+01,2.206999e+01,2.191141e+01,2.148270e+01,2.148963e+01,2.157967e+01,2.166270e+01,2.158659e+01,2.170420e+01,2.169037e+01,2.168345e+01,2.167654e+01,2.168345e+01,2.164195e+01,2.165579e+01,2.160043e+01,2.166962e+01,2.168345e+01,2.175258e+01,2.176641e+01,2.165579e+01,2.171802e+01,2.167654e+01,2.171111e+01,2.166270e+01,2.176641e+01,2.171111e+01,2.170420e+01,2.169037e+01,2.161427e+01,2.160043e+01,2.154505e+01,2.153812e+01,2.153119e+01,2.168345e+01,2.189071e+01,2.222833e+01,2.224896e+01,2.218016e+01,2.229709e+01,2.230396e+01,2.229709e+01,2.226959e+01,2.224208e+01,2.223520e+01,2.224896e+01,2.222833e+01,2.229709e+01,2.223520e+01,2.219393e+01,2.222145e+01,2.224896e+01,2.218016e+01,2.226271e+01,2.224896e+01,2.221457e+01,2.229709e+01,2.221457e+01,2.222145e+01,2.223520e+01,2.212509e+01,2.220081e+01,2.221457e+01,2.213886e+01,2.221457e+01,2.216640e+01,2.216640e+01,2.216640e+01,2.227647e+01,2.222833e+01,2.224208e+01,2.221457e+01,2.223520e+01,2.224208e+01,2.224896e+01,2.219393e+01,2.217328e+01,2.218705e+01,2.219393e+01,2.216640e+01,2.214575e+01,2.212509e+01,2.215263e+01,2.214575e+01,2.216640e+01,2.224208e+01,2.215263e+01,2.224208e+01,2.211132e+01,2.213198e+01,2.213886e+01,2.210443e+01,2.215263e+01,2.217328e+01,2.229709e+01,2.218016e+01,2.223520e+01,2.226271e+01,2.227647e+01,2.226959e+01,2.226271e+01,2.225584e+01,2.225584e+01,2.246194e+01,2.238642e+01,2.246194e+01,2.242075e+01,2.246194e+01,2.244135e+01,2.245507e+01,2.247566e+01,2.238642e+01,2.246194e+01,2.250997e+01,2.251683e+01,2.249625e+01,2.252369e+01,2.243448e+01,2.250997e+01,2.249625e+01,2.250311e+01,2.252369e+01,2.244821e+01,2.238642e+01,2.231084e+01,2.263337e+01,2.248939e+01,2.242075e+01,2.237955e+01,2.247566e+01,2.246880e+01,2.234520e+01,2.243448e+01,2.229709e+01,2.240702e+01,2.231771e+01,2.236581e+01,2.241389e+01,2.231084e+01,2.234520e+01,2.233833e+01,2.229022e+01,2.231084e+01,2.234520e+01,2.224896e+01,2.231084e+01,2.231771e+01,2.215263e+01,2.226271e+01,2.222833e+01,2.218016e+01,2.224896e+01,2.221457e+01,2.220081e+01,2.218016e+01,2.226959e+01,2.212509e+01,2.218016e+01,2.209755e+01,2.208377e+01,2.211132e+01,2.209066e+01,2.213886e+01,2.217328e+01,2.212509e+01,2.207688e+01,2.206999e+01,2.195970e+01,2.191141e+01,2.205621e+01,2.195280e+01,2.202176e+01,2.204243e+01,2.201486e+01,2.211132e+01,2.207688e+01,2.207688e+01,2.204932e+01,2.209066e+01,2.209066e+01,2.213886e+01,2.204243e+01,2.213886e+01,2.202865e+01,2.209755e+01,2.211132e+01,2.206999e+01,2.210443e+01,2.212509e+01,2.204932e+01,2.214575e+01,2.215263e+01,2.220769e+01,2.218705e+01,2.206999e+01,2.215952e+01,2.211132e+01,2.208377e+01,2.202176e+01,2.218016e+01,2.212509e+01,2.215952e+01,2.213198e+01,2.213198e+01,2.222145e+01,2.211132e+01,2.212509e+01,2.215952e+01,2.224896e+01,2.217328e+01,2.227647e+01,2.226271e+01,2.226271e+01,2.229022e+01,2.235207e+01,2.237268e+01,2.238642e+01,2.230396e+01,2.237955e+01,2.246194e+01,2.245507e+01,2.247566e+01,2.237955e+01,2.236581e+01,2.227647e+01,2.242075e+01,2.237268e+01,2.237955e+01,2.238642e+01,2.230396e+01,2.242762e+01,2.225584e+01
2.228334e+01,2.218705e+01,2.226271e+01,2.248252e+01,2.214575e+01,2.213886e+01,2.213886e+01,2.213886e+01,2.216640e+01,2.216640e+01,2.223520e+01,2.224208e+01,2.223520e+01,2.229022e+01,2.218705e+01,2.222833e+01,2.224896e+01,2.212509e+01,2.213886e+01,2.226271e+01,2.211821e+01,2.219393e+01,2.210443e+01,2.223520e+01,2.209066e+01,2.215263e+01,2.224208e+01,2.209755e+01,2.224896e+01,2.216640e+01,2.214575e+01,2.216640e+01,2.220769e+01,2.222145e+01,2.213198e+01,2.209755e+01,2.202176e+01,2.220769e+01,2.228334e+01,2.225584e+01,2.213198e+01,2.230396e+01,2.221457e+01,2.236581e+01,2.231771e+01,2.235207e+01,2.229022e+01,2.232458e+01,2.220769e+01,2.247566e+01,2.231771e+01,2.241389e+01,2.231084e+01,2.240015e+01,2.234520e+01,2.245507e+01,2.233146e+01,2.236581e+01,2.239328e+01,2.236581e+01,2.240702e+01,2.231771e+01,2.229709e+01,2.242075e+01,2.247566e+01,2.235894e+01,2.250311e+01,2.253055e+01,2.247566e+01,2.247566e+01,2.228334e+01,2.230396e+01,2.242762e+01,2.253741e+01,2.247566e+01,2.240015e+01,2.245507e+01,2.247566e+01,2.229709e+01,2.246880e+01,2.246194e+01,2.248939e+01,2.244821e+01,2.244821e+01,2.268817e+01,2.244135e+01,2.250997e+01,2.245507e+01,2.250311e+01,2.253741e+01,2.252369e+01,2.260596e+01,2.259225e+01,2.255112e+01,2.247566e+01,2.260596e+01,2.253741e+01,2.253055e+01,2.250311e+01,2.242075e+01,2.253741e+01,2.255112e+01,2.255798e+01,2.249625e+01,2.249625e+01,2.248939e+01,2.247566e+01,2.246194e+01,2.249625e+01,2.255798e+01,2.242762e+01,2.249625e+01,2.254426e+01,2.246194e+01,2.243448e+01,2.247566e+01,2.251683e+01,2.251683e+01,2.254426e+01,2.250311e+01,2.259911e+01,2.248939e+01,2.249625e+01,2.252369e+01,2.248939e+01,2.249625e+01,2.250311e+01,2.250997e+01,2.234520e+01,2.250311e+01,2.248252e+01,2.248252e+01,2.253055e+01,2.248252e+01,2.246880e+01,2.246880e+01,2.249625e+01,2.245507e+01,2.248252e+01,2.246194e+01,2.246880e+01,2.240015e+01,2.237955e+01,2.252369e+01,2.241389e+01,2.249625e+01,2.243448e+01,2.246880e+01,2.240015e+01,2.243448e+01,2.242075e+01,2.244821e+01,2.244135e+01,2.243448e+01,2.242075e+01,2.242075e+01,2.249625e+01,2.247566e+01,2.245507e+01,2.243448e+01,2.247566e+01,2.246880e+01,2.244821e+01,2.253741e+01,2.246194e+01,2.248252e+01,2.251683e+01,2.246880e+01,2.246880e+01,2.242075e+01,2.253055e+01,2.242762e+01,2.246194e+01,2.257854e+01,2.245507e+01,2.255112e+01,2.253055e+01,2.252369e+01,2.245507e+01,2.242075e+01,2.244135e+01,2.238642e+01,2.229709e+01,2.237268e+01,2.244135e+01,2.236581e+01,2.235894e+01,2.244821e+01,2.241389e+01,2.244821e+01,2.237955e+01,2.234520e+01,2.245507e+01,2.244821e+01,2.241389e+01,2.249625e+01,2.242075e+01,2.248252e+01,2.259911e+01,2.255798e+01,2.254426e+01,2.255798e+01,2.253741e+01,2.257169e+01,2.250311e+01,2.251683e+01,2.248252e+01,2.253741e+01,2.252369e+01,2.251683e+01,2.251683e+01,2.247566e+01,2.264708e+01,2.260596e+01,2.261967e+01,2.258540e+01,2.257169e+01,2.257854e+01,2.261282e+01,2.261967e+01,2.259911e+01,2.261967e+01,2.260596e+01,2.262652e+01,2.261967e+01,2.274294e+01,2.265392e+01,2.259225e+01,2.271556e+01,2.263337e+01,2.268817e+01,2.267447e+01,2.264022e+01,2.261967e+01,2.261967e+01,2.250997e+01,2.253741e+01,2.256483e+01,2.220081e+01,2.197349e+01,2.180095e+01,2.193211e+01,2.188381e+01,2.189761e+01,2.186310e+01,2.187691e+01,2.191831e+01,2.193211e+01,2.195280e+01,2.191831e+01,2.200797e+01,2.182167e+01,2.202176e+01,2.198729e+01,2.202865e+01,2.194591e+01,2.196660e+01,2.192521e+01,2.202865e+01,2.198039e+01,2.197349e+01,2.202176e+01,2.189761e+01,2.204243e+01,2.190451e+01,2.202176e+01,2.187691e+01,2.184239e+01,2.190451e+01,2.190451e+01,2.181476e+01,2.187691e+01,2.179404e+01,2.179404e+01,2.175949e+01,2.170420e+01,2.171111e+01,2.175949e+01,2.202176e+01,2.213198e+01,2.208377e+01,2.213886e+01,2.209755e+01,2.206310e+01,2.208377e+01,2.206999e+01,2.206999e+01,2.200797e+01,2.204243e+01,2.181476e+01,2.166270e+01,2.174567e+01,2.169728e+01,2.171111e+01,2.173876e+01,2.174567e+01,2.188381e+01,2.169037e+01,2.183548e+01,2.189071e+01,2.187691e+01,2.193211e+01,2.183548e+01,2.184929e+01,2.198039e+01,2.195280e+01,2.199418e+01,2.200797e+01,2.200107e+01,2.211821e+01,2.207688e+01,2.200107e+01,2.210443e+01,2.208377e+01,2.210443e+01,2.209755e+01,2.209755e+01,2.213198e+01,2.206999e+01,2.191141e+01,2.208377e+01,2.202176e+01,2.210443e+01,2.211132e+01,2.206999e+01,2.206999e+01,2.203554e+01,2.202176e+01,2.206310e+01,2.209066e+01,2.205621e+01,2.207688e+01,2.204932e+01,2.205621e+01,2.194591e+01,2.196660e+01,2.200107e+01,2.196660e+01,2.191141e+01,2.191831e+01,2.233146e+01,2.240015e+01,2.240015e+01,2.242762e+01,2.239328e+01,2.239328e+01,2.240015e+01,2.242762e+01,2.240702e+01,2.229022e+01,2.241389e+01,2.226271e+01,2.213886e+01,2.176641e+01,2.157274e+01,2.121210e+01,2.128850e+01,2.119126e+01,2.124683e+01,2.128850e+01,2.128850e+01,2.121210e+01,2.119820e+01,2.117041e+01,2.123294e+01,2.117041e+01,2.124683e+01,2.130238e+01,2.133708e+01,2.128850e+01,2.123989e+01,2.139258e+01,2.129544e+01,2.138565e+01,2.153119e+01,2.154505e+01,2.155197e+01,2.157274e+01,2.157967e+01,2.168345e+01,2.162119e+01,2.187000e+01,2.232458e+01,2.255798e+01,2.244821e+01,2.217328e+01,2.211132e+01,2.189071e+01,2.177332e+01,2.160043e+01,2.178022e+01,2.170420e+01,2.165579e+01,2.164887e+01,2.192521e+01,2.186310e+01,2.191831e+01,2.215263e+01,2.229022e+01,2.226271e+01,2.224896e+01,2.225584e+01,2.243448e+01,2.237955e+01,2.227647e+01,2.215263e+01,2.231771e+01,2.233146e+01,2.221457e+01,2.202865e+01,2.178713e+01,2.162119e+01,2.151734e+01,2.164195e+01,2.169728e+01,2.173876e+01,2.178022e+01,2.166962e+01,2.168345e+01,2.159351e+01,2.165579e+01,2.172494e+01,2.169037e+01,2.165579e+01,2.158659e+01,2.160735e+01,2.165579e+01,2.165579e+01,2.172494e+01,2.173876e+01,2.164195e+01,2.161427e+01,2.170420e+01,2.169728e+01,2.175258e+01,2.162119e+01,2.168345e+01,2.166962e+01,2.156582e+01,2.155890e+01,2.158659e+01,2.143419e+01,2.154505e+01,2.176641e+01,2.189761e+01,2.222145e+01,2.225584e+01,2.224208e+01,2.213198e+01,2.226959e+01,2.222833e+01,2.222833e+01,2.224896e+01,2.224208e+01,2.229709e+01,2.223520e+01,2.224896e+01,2.221457e+01,2.224208e+01,2.222833e+01,2.215952e+01,2.232458e+01,2.222145e+01,2.230396e+01,2.222145e+01,2.222145e+01,2.225584e+01,2.220769e+01,2.224896e+01,2.224208e+01,2.222833e+01,2.225584e+01,2.224208e+01,2.222833e+01,2.227647e+01,2.224208e+01,2.219393e+01,2.223520e+01,2.218016e+01,2.224896e+01,2.225584e+01,2.224208e+01,2.212509e+01,2.207688e+01,2.220769e+01,2.217328e+01,2.217328e+01,2.213886e+01,2.212509e+01,2.218016e+01,2.203554e+01,2.215952e+01,2.208377e+01,2.213198e+01,2.218705e+01,2.211132e+01,2.220081e+01,2.209066e+01,2.213198e+01,2.212509e+01,2.218705e+01,2.213886e+01,2.220081e+01,2.222833e+01,2.221457e+01,2.226959e+01,2.225584e+01,2.224896e+01,2.238642e+01,2.238642e+01,2.246194e+01,2.248252e+01,2.249625e+01,2.244135e+01,2.234520e+01,2.250997e+01,2.245507e+01,2.245507e+01,2.246194e+01,2.245507e+01,2.253055e+01,2.246194e+01,2.261967e+01,2.253741e+01,2.261282e+01,2.252369e+01,2.253055e+01,2.250311e+01,2.247566e+01,2.253055e+01,2.253741e+01,2.250311e+01,2.243448e+01,2.245507e+01,2.240702e+01,2.246880e+01,2.242075e+01,2.235207e+01,2.234520e+01,2.240702e+01,2.237955e+01,2.242075e+01,2.235894e+01,2.240702e+01,2.235207e+01,2.233146e+01,2.253741e+01,2.233146e+01,2.235207e+01,2.230396e+01,2.219393e+01,2.229709e+01,2.227647e+01,2.233833e+01,2.222145e+01,2.226959e+01,2.233146e+01,2.223520e+01,2.220081e+01,2.223520e+01,2.216640e+01,2.215263e+01,2.215952e+01,2.213198e+01,2.214575e+01,2.220081e+01,2.212509e+01,2.226959e+01,2.201486e+01,2.206310e+01,2.209755e+01,2.211132e+01,2.208377e+01,2.208377e+01,2.209066e+01,2.215952e+01,2.208377e+01,2.205621e+01,2.204932e+01,2.207688e+01,2.202865e+01,2.213198e+01,2.206999e+01,2.204243e+01,2.203554e+01,2.202865e+01,2.202865e+01,2.207688e+01,2.214575e+01,2.198039e+01,2.211821e+01,2.215952e+01,2.191831e+01,2.215263e+01,2.210443e+01,2.204243e+01,2.204243e+01,2.212509e+01,2.213198e+01,2.217328e+01,2.205621e+01,2.222833e+01,2.212509e+01,2.215952e+01,2.211821e+01,2.217328e+01,2.220769e+01,2.218016e+01,2.226959e+01,2.218016e+01,2.229022e+01,2.224896e+01,2.226271e+01,2.231084e+01,2.215952e+01,2.218705e+01,2.218705e+01,2.231084e+01,2.226959e+01,2.230396e+01,2.231084e+01,2.229709e+01,2.237268e+01,2.255112e+01,2.242075e+01,2.232458e+01,2.238642e+01,2.244821e+01,2.250997e+01,2.244821e+01,2.240015e+01,2.239328e+01,2.248939e+01,2.239328e+01,2.243448e+01,2.244821e+01,2.238642e+01,2.235894e+01,2.244821e+01,2.229022e+01
2.217328e+01,2.216640e+01,2.221457e+01,2.215263e+01,2.214575e+01,2.220769e+01,2.213198e+01,2.215952e+01,2.231771e+01,2.229022e+01,2.227647e+01,2.209755e+01,2.216640e+01,2.224208e+01,2.226959e+01,2.220769e+01,2.226959e+01,2.218016e+01,2.223520e+01,2.212509e+01,2.216640e+01,2.213198e+01,2.209755e+01,2.212509e+01,2.216640e+01,2.212509e+01,2.207688e+01,2.217328e+01,2.216640e+01,2.216640e+01,2.213198e+01,2.217328e+01,2.209755e+01,2.221457e+01,2.211132e+01,2.222833e+01,2.213886e+01,2.209066e+01,2.211821e+01,2.211132e+01,2.231084e+01,2.220081e+01,2.222833e+01,2.215263e+01,2.215952e+01,2.230396e+01,2.228334e+01,2.245507e+01,2.228334e+01,2.224896e+01,2.247566e+01,2.231084e+01,2.230396e+01,2.235894e+01,2.233146e+01,2.232458e+01,2.237268e+01,2.237268e+01,2.237268e+01,2.236581e+01,2.240015e+01,2.235894e+01,2.239328e+01,2.230396e+01,2.233833e+01,2.244135e+01,2.242075e+01,2.244135e+01,2.235894e+01,2.234520e+01,2.236581e+01,2.251683e+01,2.234520e+01,2.247566e+01,2.239328e+01,2.255798e+01,2.244821e+01,2.241389e+01,2.243448e+01,2.241389e+01,2.251683e+01,2.246880e+01,2.252369e+01,2.246194e+01,2.244135e+01,2.247566e+01,2.244135e+01,2.247566e+01,2.244135e+01,2.250997e+01,2.244821e+01,2.242762e+01,2.240015e+01,2.259911e+01,2.248252e+01,2.252369e+01,2.256483e+01,2.255798e+01,2.259225e+01,2.261282e+01,2.247566e+01,2.252369e+01,2.257169e+01,2.255112e+01,2.248939e+01,2.248939e+01,2.255798e+01,2.253055e+01,2.248939e+01,2.253741e+01,2.248939e+01,2.257854e+01,2.241389e+01,2.241389e+01,2.243448e+01,2.246194e+01,2.254426e+01,2.248252e+01,2.253055e+01,2.245507e+01,2.256483e+01,2.253741e+01,2.251683e+01,2.250997e+01,2.250311e+01,2.249625e+01,2.253741e+01,2.244135e+01,2.240015e+01,2.250311e+01,2.249625e+01,2.240702e+01,2.248252e+01,2.244135e+01,2.243448e+01,2.245507e+01,2.249625e+01,2.235894e+01,2.243448e+01,2.233146e+01,2.236581e+01,2.235207e+01,2.236581e+01,2.233833e+01,2.240702e+01,2.242075e+01,2.245507e+01,2.244135e+01,2.249625e+01,2.244135e+01,2.240015e+01,2.244135e+01,2.233833e+01,2.243448e+01,2.244135e+01,2.246880e+01,2.246880e+01,2.253055e+01,2.247566e+01,2.238642e+01,2.247566e+01,2.244821e+01,2.252369e+01,2.245507e+01,2.257854e+01,2.252369e+01,2.253741e+01,2.242075e+01,2.236581e+01,2.255798e+01,2.240015e+01,2.248939e+01,2.245507e+01,2.246194e+01,2.248939e+01,2.247566e+01,2.247566e+01,2.245507e+01,2.250311e+01,2.236581e+01,2.235207e+01,2.244821e+01,2.241389e+01,2.246880e+01,2.241389e+01,2.224896e+01,2.232458e+01,2.235894e+01,2.235207e+01,2.239328e+01,2.239328e+01,2.244135e+01,2.243448e+01,2.248252e+01,2.247566e+01,2.245507e+01,2.242762e+01,2.253741e+01,2.235894e+01,2.244821e+01,2.240702e+01,2.254426e+01,2.255112e+01,2.250997e+01,2.245507e+01,2.255798e+01,2.251683e+01,2.235894e+01,2.251683e+01,2.250997e+01,2.248939e+01,2.251683e+01,2.257854e+01,2.263337e+01,2.259911e+01,2.261282e+01,2.260596e+01,2.269502e+01,2.259911e+01,2.259911e+01,2.265392e+01,2.266078e+01,2.266078e+01,2.266763e+01,2.266078e+01,2.265392e+01,2.264708e+01,2.261967e+01,2.261282e+01,2.263337e+01,2.261282e+01,2.264022e+01,2.264708e+01,2.261967e+01,2.269502e+01,2.259911e+01,2.253055e+01,2.220769e+01,2.198729e+01,2.180786e+01,2.199418e+01,2.186310e+01,2.183548e+01,2.187000e+01,2.191831e+01,2.191141e+01,2.191831e+01,2.200107e+01,2.199418e+01,2.195970e+01,2.195280e+01,2.192521e+01,2.199418e+01,2.200107e+01,2.206310e+01,2.203554e+01,2.200107e+01,2.196660e+01,2.202176e+01,2.210443e+01,2.204243e+01,2.209066e+01,2.189071e+01,2.198039e+01,2.190451e+01,2.191831e+01,2.193901e+01,2.184239e+01,2.191831e+01,2.184239e+01,2.191831e+01,2.179404e+01,2.182858e+01,2.177332e+01,2.175949e+01,2.169728e+01,2.175949e+01,2.173876e+01,2.202176e+01,2.195970e+01,2.204243e+01,2.213886e+01,2.212509e+01,2.206310e+01,2.206999e+01,2.209066e+01,2.205621e+01,2.207688e+01,2.205621e+01,2.203554e+01,2.177332e+01,2.178022e+01,2.150349e+01,2.167654e+01,2.171802e+01,2.181476e+01,2.170420e+01,2.171802e+01,2.174567e+01,2.185620e+01,2.166270e+01,2.181476e+01,2.178713e+01,2.183548e+01,2.182858e+01,2.198729e+01,2.198039e+01,2.212509e+01,2.198039e+01,2.211132e+01,2.198729e+01,2.198729e+01,2.210443e+01,2.206999e+01,2.210443e+01,2.207688e+01,2.194591e+01,2.207688e+01,2.207688e+01,2.213198e+01,2.213198e+01,2.210443e+01,2.202176e+01,2.198039e+01,2.206310e+01,2.198039e+01,2.202865e+01,2.200797e+01,2.202176e+01,2.198729e+01,2.201486e+01,2.209755e+01,2.194591e+01,2.198729e+01,2.194591e+01,2.195970e+01,2.198729e+01,2.190451e+01,2.191141e+01,2.214575e+01,2.234520e+01,2.234520e+01,2.243448e+01,2.235207e+01,2.243448e+01,2.237955e+01,2.249625e+01,2.240015e+01,2.233146e+01,2.242762e+01,2.236581e+01,2.239328e+01,2.235207e+01,2.228334e+01,2.185620e+01,2.166270e+01,2.133014e+01,2.123294e+01,2.124683e+01,2.114260e+01,2.099649e+01,2.124683e+01,2.117041e+01,2.119126e+01,2.117736e+01,2.118431e+01,2.121210e+01,2.123989e+01,2.112174e+01,2.128850e+01,2.141339e+01,2.138565e+01,2.134402e+01,2.134402e+01,2.135096e+01,2.146191e+01,2.134402e+01,2.157967e+01,2.157967e+01,2.166270e+01,2.184239e+01,2.215263e+01,2.241389e+01,2.246194e+01,2.244135e+01,2.240702e+01,2.198729e+01,2.183548e+01,2.171802e+01,2.180095e+01,2.160043e+01,2.159351e+01,2.171802e+01,2.173185e+01,2.190451e+01,2.195280e+01,2.211821e+01,2.234520e+01,2.224896e+01,2.218016e+01,2.222145e+01,2.222145e+01,2.222833e+01,2.221457e+01,2.238642e+01,2.225584e+01,2.214575e+01,2.220769e+01,2.183548e+01,2.157274e+01,2.146191e+01,2.148270e+01,2.151042e+01,2.155197e+01,2.154505e+01,2.157274e+01,2.157274e+01,2.167654e+01,2.181476e+01,2.164887e+01,2.167654e+01,2.167654e+01,2.166270e+01,2.160735e+01,2.162119e+01,2.155890e+01,2.164195e+01,2.175949e+01,2.167654e+01,2.169037e+01,2.170420e+01,2.150349e+01,2.165579e+01,2.157967e+01,2.173876e+01,2.156582e+01,2.160043e+01,2.162119e+01,2.149656e+01,2.159351e+01,2.146191e+01,2.141339e+01,2.148270e+01,2.155890e+01,2.184929e+01,2.213886e+01,2.210443e+01,2.222145e+01,2.216640e+01,2.222833e+01,2.224208e+01,2.224896e+01,2.226959e+01,2.222833e+01,2.234520e+01,2.218016e+01,2.234520e+01,2.220769e+01,2.227647e+01,2.227647e+01,2.226959e+01,2.220081e+01,2.215263e+01,2.224896e+01,2.229022e+01,2.229022e+01,2.222145e+01,2.229022e+01,2.224208e+01,2.220769e+01,2.225584e+01,2.220081e+01,2.223520e+01,2.214575e+01,2.215263e+01,2.219393e+01,2.215952e+01,2.224896e+01,2.220769e+01,2.215952e+01,2.219393e+01,2.226271e+01,2.225584e+01,2.223520e+01,2.215263e+01,2.218705e+01,2.216640e+01,2.214575e+01,2.215952e+01,2.213198e+01,2.209755e+01,2.218016e+01,2.215263e+01,2.211821e+01,2.206310e+01,2.210443e+01,2.211132e+01,2.210443e+01,2.209755e+01,2.215263e+01,2.213886e+01,2.212509e+01,2.220081e+01,2.220769e+01,2.222833e+01,2.220081e+01,2.235207e+01,2.233833e+01,2.227647e+01,2.237268e+01,2.244821e+01,2.242075e+01,2.232458e+01,2.240015e+01,2.241389e+01,2.244135e+01,2.238642e+01,2.260596e+01,2.238642e+01,2.248939e+01,2.248252e+01,2.254426e+01,2.241389e+01,2.244135e+01,2.246880e+01,2.253055e+01,2.248252e+01,2.252369e+01,2.260596e+01,2.237268e+01,2.244135e+01,2.237268e+01,2.244821e+01,2.246194e+01,2.241389e+01,2.241389e+01,2.240015e+01,2.242075e+01,2.253055e+01,2.229709e+01,2.231084e+01,2.243448e+01,2.244135e+01,2.239328e+01,2.235894e+01,2.237955e+01,2.239328e+01,2.246880e+01,2.232458e+01,2.229709e+01,2.233833e+01,2.225584e+01,2.220769e+01,2.219393e+01,2.214575e+01,2.233146e+01,2.223520e+01,2.223520e+01,2.219393e+01,2.215952e+01,2.223520e+01,2.221457e+01,2.218705e+01,2.211821e+01,2.211132e+01,2.220081e+01,2.210443e+01,2.208377e+01,2.206999e+01,2.207688e+01,2.202176e+01,2.206999e+01,2.200797e+01,2.204932e+01,2.210443e+01,2.207688e+01,2.202176e+01,2.205621e+01,2.200107e+01,2.202865e+01,2.202176e+01,2.200797e+01,2.212509e+01,2.198729e+01,2.206310e+01,2.215263e+01,2.200797e+01,2.212509e+01,2.204932e+01,2.194591e+01,2.205621e+01,2.213886e+01,2.211132e+01,2.204243e+01,2.217328e+01,2.206310e+01,2.202865e+01,2.213198e+01,2.206999e+01,2.200107e+01,2.221457e+01,2.222833e+01,2.207688e+01,2.207688e+01,2.207688e+01,2.219393e+01,2.218016e+01,2.217328e+01,2.218705e+01,2.220081e+01,2.219393e+01,2.216640e+01,2.214575e+01,2.218705e+01,2.213198e+01,2.214575e+01,2.232458e+01,2.220769e+01,2.220769e+01,2.228334e+01,2.231771e+01,2.226271e+01,2.250997e+01,2.242075e+01,2.238642e+01,2.240702e+01,2.238642e+01,2.242762e+01,2.244821e+01,2.248252e+01,2.237955e+01,2.226271e+01,2.246194e+01,2.240702e+01,2.247566e+01,2.247566e+01,2.233146e+01,2.239328e+01,2.241389e+01,2.223520e+01
2.217328e+01,2.220081e+01,2.215263e+01,2.220081e+01,2.216640e+01,2.240015e+01,2.229022e+01,2.213886e+01,2.202865e+01,2.224896e+01,2.211821e+01,2.213198e+01,2.226959e+01,2.218705e+01,2.210443e+01,2.224208e+01,2.215952e+01,2.224208e+01,2.222833e+01,2.222833e+01,2.224208e+01,2.210443e+01,2.220769e+01,2.224208e+01,2.215952e+01,2.215263e+01,2.220081e+01,2.210443e+01,2.215263e+01,2.229709e+01,2.212509e+01,2.213198e+01,2.213886e+01,2.213886e+01,2.205621e+01,2.209066e+01,2.200797e+01,2.203554e+01,2.213886e+01,2.210443e+01,2.215952e+01,2.215263e+01,2.211132e+01,2.220769e+01,2.215263e+01,2.230396e+01,2.225584e+01,2.222145e+01,2.228334e+01,2.228334e+01,2.231084e+01,2.228334e+01,2.227647e+01,2.238642e+01,2.233833e+01,2.238642e+01,2.237955e+01,2.233146e+01,2.230396e+01,2.231084e+01,2.231084e+01,2.236581e+01,2.233833e+01,2.238642e+01,2.242075e+01,2.235207e+01,2.246880e+01,2.244135e+01,2.235894e+01,2.235207e+01,2.244821e+01,2.243448e+01,2.240702e+01,2.245507e+01,2.262652e+01,2.246194e+01,2.246880e+01,2.237955e+01,2.245507e+01,2.248939e+01,2.252369e+01,2.256483e+01,2.238642e+01,2.245507e+01,2.249625e+01,2.246880e+01,2.253741e+01,2.259225e+01,2.258540e+01,2.256483e+01,2.261282e+01,2.258540e+01,2.254426e+01,2.255798e+01,2.256483e+01,2.257854e+01,2.253741e+01,2.255798e+01,2.255798e+01,2.248939e+01,2.253055e+01,2.248252e+01,2.250311e+01,2.253741e+01,2.247566e+01,2.249625e+01,2.251683e+01,2.244821e+01,2.248939e+01,2.261282e+01,2.253055e+01,2.248252e+01,2.255798e+01,2.247566e+01,2.253741e+01,2.248252e+01,2.250311e+01,2.257169e+01,2.253741e+01,2.254426e+01,2.241389e+01,2.245507e+01,2.252369e+01,2.251683e+01,2.254426e+01,2.254426e+01,2.248252e+01,2.254426e+01,2.254426e+01,2.246880e+01,2.248939e+01,2.250997e+01,2.250997e+01,2.241389e+01,2.243448e+01,2.244821e+01,2.244821e+01,2.266078e+01,2.246880e+01,2.242762e+01,2.250311e+01,2.248939e+01,2.244135e+01,2.242075e+01,2.244135e+01,2.242762e+01,2.241389e+01,2.244821e+01,2.243448e+01,2.243448e+01,2.243448e+01,2.240015e+01,2.242075e+01,2.250997e+01,2.242762e+01,2.242762e+01,2.237955e+01,2.242762e+01,2.235207e+01,2.253741e+01,2.243448e+01,2.246194e+01,2.237268e+01,2.251683e+01,2.255798e+01,2.255798e+01,2.250311e+01,2.246194e+01,2.247566e+01,2.255112e+01,2.240702e+01,2.239328e+01,2.240015e+01,2.248939e+01,2.247566e+01,2.248252e+01,2.246194e+01,2.236581e+01,2.236581e+01,2.245507e+01,2.245507e+01,2.246194e+01,2.250997e+01,2.230396e+01,2.235894e+01,2.250311e+01,2.243448e+01,2.242075e+01,2.247566e+01,2.251683e+01,2.243448e+01,2.237955e+01,2.244135e+01,2.246880e+01,2.249625e+01,2.248252e+01,2.245507e+01,2.250311e+01,2.246880e+01,2.254426e+01,2.253741e+01,2.254426e+01,2.250997e+01,2.250311e+01,2.256483e+01,2.258540e+01,2.244821e+01,2.254426e+01,2.253741e+01,2.253055e+01,2.267447e+01,2.253741e+01,2.256483e+01,2.250997e+01,2.253055e+01,2.254426e+01,2.269502e+01,2.261282e+01,2.259911e+01,2.264708e+01,2.264708e+01,2.264022e+01,2.270871e+01,2.260596e+01,2.261967e+01,2.267447e+01,2.267447e+01,2.263337e+01,2.266763e+01,2.261967e+01,2.255112e+01,2.249625e+01,2.270871e+01,2.272241e+01,2.270187e+01,2.255112e+01,2.229022e+01,2.228334e+01,2.184239e+01,2.176641e+01,2.187691e+01,2.189071e+01,2.193211e+01,2.189761e+01,2.194591e+01,2.195970e+01,2.193901e+01,2.205621e+01,2.207688e+01,2.196660e+01,2.191141e+01,2.203554e+01,2.194591e+01,2.205621e+01,2.198729e+01,2.200107e+01,2.198039e+01,2.211821e+01,2.211132e+01,2.207688e+01,2.196660e+01,2.210443e+01,2.196660e+01,2.203554e+01,2.191141e+01,2.187000e+01,2.191831e+01,2.191831e+01,2.189071e+01,2.182167e+01,2.191141e+01,2.180095e+01,2.179404e+01,2.178022e+01,2.176641e+01,2.175258e+01,2.171802e+01,2.195970e+01,2.207688e+01,2.200107e+01,2.204243e+01,2.202865e+01,2.208377e+01,2.206999e+01,2.206999e+01,2.209755e+01,2.204243e+01,2.212509e+01,2.204932e+01,2.204243e+01,2.204243e+01,2.166270e+01,2.167654e+01,2.149656e+01,2.170420e+01,2.173185e+01,2.173185e+01,2.167654e+01,2.169728e+01,2.173876e+01,2.169728e+01,2.177332e+01,2.178713e+01,2.171111e+01,2.182167e+01,2.182167e+01,2.191831e+01,2.189071e+01,2.194591e+01,2.194591e+01,2.198039e+01,2.196660e+01,2.209066e+01,2.202176e+01,2.197349e+01,2.204243e+01,2.209066e+01,2.211132e+01,2.211132e+01,2.212509e+01,2.211821e+01,2.207688e+01,2.195970e+01,2.206310e+01,2.207688e+01,2.201486e+01,2.207688e+01,2.204243e+01,2.199418e+01,2.204932e+01,2.202176e+01,2.203554e+01,2.210443e+01,2.206999e+01,2.196660e+01,2.200797e+01,2.194591e+01,2.187691e+01,2.192521e+01,2.213886e+01,2.227647e+01,2.246880e+01,2.249625e+01,2.253055e+01,2.240015e+01,2.240702e+01,2.253055e+01,2.239328e+01,2.244135e+01,2.237955e+01,2.242762e+01,2.234520e+01,2.238642e+01,2.235207e+01,2.226271e+01,2.224208e+01,2.189071e+01,2.189071e+01,2.161427e+01,2.145498e+01,2.132320e+01,2.128850e+01,2.116345e+01,2.113565e+01,2.105218e+01,2.119126e+01,2.121210e+01,2.125378e+01,2.121905e+01,2.131626e+01,2.128850e+01,2.138565e+01,2.137177e+01,2.140645e+01,2.140645e+01,2.135790e+01,2.144112e+01,2.155197e+01,2.157274e+01,2.172494e+01,2.213198e+01,2.242762e+01,2.250997e+01,2.245507e+01,2.240702e+01,2.224896e+01,2.195970e+01,2.164887e+01,2.167654e+01,2.157967e+01,2.159351e+01,2.164887e+01,2.169728e+01,2.180786e+01,2.204243e+01,2.214575e+01,2.223520e+01,2.234520e+01,2.231084e+01,2.235207e+01,2.223520e+01,2.235207e+01,2.244135e+01,2.233146e+01,2.229022e+01,2.207688e+01,2.191141e+01,2.162119e+01,2.145498e+01,2.145498e+01,2.135790e+01,2.141339e+01,2.142725e+01,2.148270e+01,2.156582e+01,2.164195e+01,2.169037e+01,2.172494e+01,2.166962e+01,2.170420e+01,2.155197e+01,2.166962e+01,2.157967e+01,2.169728e+01,2.158659e+01,2.175949e+01,2.157274e+01,2.169728e+01,2.169728e+01,2.164195e+01,2.168345e+01,2.172494e+01,2.169037e+01,2.149656e+01,2.168345e+01,2.171802e+01,2.162119e+01,2.158659e+01,2.153812e+01,2.153812e+01,2.147577e+01,2.142725e+01,2.151042e+01,2.139258e+01,2.166270e+01,2.202176e+01,2.219393e+01,2.220769e+01,2.244821e+01,2.218705e+01,2.227647e+01,2.224208e+01,2.222833e+01,2.223520e+01,2.232458e+01,2.225584e+01,2.219393e+01,2.219393e+01,2.218016e+01,2.217328e+01,2.214575e+01,2.228334e+01,2.224896e+01,2.213198e+01,2.222833e+01,2.221457e+01,2.227647e+01,2.224208e+01,2.220769e+01,2.214575e+01,2.223520e+01,2.215263e+01,2.219393e+01,2.222833e+01,2.224208e+01,2.217328e+01,2.215952e+01,2.225584e+01,2.218705e+01,2.224208e+01,2.219393e+01,2.213886e+01,2.220769e+01,2.224896e+01,2.209755e+01,2.210443e+01,2.209755e+01,2.212509e+01,2.213198e+01,2.211132e+01,2.214575e+01,2.214575e+01,2.208377e+01,2.204243e+01,2.204932e+01,2.198729e+01,2.211821e+01,2.213886e+01,2.209066e+01,2.209066e+01,2.210443e+01,2.220081e+01,2.223520e+01,2.238642e+01,2.223520e+01,2.214575e+01,2.231771e+01,2.233833e+01,2.231084e+01,2.233146e+01,2.244135e+01,2.230396e+01,2.248252e+01,2.241389e+01,2.235894e+01,2.238642e+01,2.249625e+01,2.245507e+01,2.246194e+01,2.255112e+01,2.244135e+01,2.246194e+01,2.246194e+01,2.248252e+01,2.255798e+01,2.258540e+01,2.248939e+01,2.249625e+01,2.258540e+01,2.247566e+01,2.246880e+01,2.246194e+01,2.247566e+01,2.261282e+01,2.242075e+01,2.259225e+01,2.243448e+01,2.247566e+01,2.238642e+01,2.242762e+01,2.242075e+01,2.239328e+01,2.240702e+01,2.237955e+01,2.235207e+01,2.229709e+01,2.235894e+01,2.235207e+01,2.235207e+01,2.246880e+01,2.229709e+01,2.229022e+01,2.220081e+01,2.221457e+01,2.233146e+01,2.220769e+01,2.225584e+01,2.230396e+01,2.224208e+01,2.222145e+01,2.218705e+01,2.217328e+01,2.216640e+01,2.211821e+01,2.213198e+01,2.207688e+01,2.223520e+01,2.212509e+01,2.213198e+01,2.211132e+01,2.209755e+01,2.208377e+01,2.204932e+01,2.209066e+01,2.208377e+01,2.208377e+01,2.208377e+01,2.208377e+01,2.207688e+01,2.202176e+01,2.202176e+01,2.202865e+01,2.202865e+01,2.201486e+01,2.216640e+01,2.205621e+01,2.205621e+01,2.205621e+01,2.203554e+01,2.194591e+01,2.222145e+01,2.218705e+01,2.226271e+01,2.214575e+01,2.211821e+01,2.210443e+01,2.204932e+01,2.220081e+01,2.223520e+01,2.213198e+01,2.218705e+01,2.219393e+01,2.222833e+01,2.212509e+01,2.217328e+01,2.213886e+01,2.217328e+01,2.216640e+01,2.219393e+01,2.223520e+01,2.223520e+01,2.226959e+01,2.218016e+01,2.220081e+01,2.231771e+01,2.235207e+01,2.224208e+01,2.222145e+01,2.231084e+01,2.225584e+01,2.231771e+01,2.235894e+01,2.231084e+01,2.236581e+01,2.240702e+01,2.244135e+01,2.242075e+01,2.250311e+01,2.248252e+01,2.240015e+01,2.257854e+01,2.248252e+01,2.242075e+01,2.243448e+01,2.244135e+01,2.229022e+01,2.234520e+01,2.244821e+01,2.243448e+01,2.239328e+01
2.226959e+01,2.227647e+01,2.214575e+01,2.215263e+01,2.215263e+01,2.221457e+01,2.217328e+01,2.225584e+01,2.216640e+01,2.227647e+01,2.215263e+01,2.223520e+01,2.219393e+01,2.212509e+01,2.215952e+01,2.211132e+01,2.226959e+01,2.209066e+01,2.217328e+01,2.209066e+01,2.224896e+01,2.222833e+01,2.224208e+01,2.220769e+01,2.214575e+01,2.212509e+01,2.220081e+01,2.213886e+01,2.216640e+01,2.213886e+01,2.213886e+01,2.194591e+01,2.215263e+01,2.212509e+01,2.207688e+01,2.218016e+01,2.213198e+01,2.213198e+01,2.214575e+01,2.211132e+01,2.212509e+01,2.211132e+01,2.220081e+01,2.215952e+01,2.210443e+01,2.226271e+01,2.218705e+01,2.224208e+01,2.226959e+01,2.227647e+01,2.227647e+01,2.228334e+01,2.233146e+01,2.229709e+01,2.234520e+01,2.233146e+01,2.233833e+01,2.223520e+01,2.231084e+01,2.235207e+01,2.231084e+01,2.236581e+01,2.233146e+01,2.237268e+01,2.241389e+01,2.238642e+01,2.246880e+01,2.244821e+01,2.247566e+01,2.239328e+01,2.248939e+01,2.234520e+01,2.242075e+01,2.241389e+01,2.248939e+01,2.244135e+01,2.248939e+01,2.231084e+01,2.244135e+01,2.243448e+01,2.242762e+01,2.249625e+01,2.251683e+01,2.250311e+01,2.244135e+01,2.237955e+01,2.245507e+01,2.252369e+01,2.261282e+01,2.252369e+01,2.260596e+01,2.257169e+01,2.255112e+01,2.257169e+01,2.257854e+01,2.255798e+01,2.248252e+01,2.251683e+01,2.254426e+01,2.244135e+01,2.246880e+01,2.248939e+01,2.251683e+01,2.259225e+01,2.252369e+01,2.250311e+01,2.245507e+01,2.255798e+01,2.255798e+01,2.254426e+01,2.245507e+01,2.258540e+01,2.257854e+01,2.245507e+01,2.249625e+01,2.264022e+01,2.256483e+01,2.256483e+01,2.255112e+01,2.253055e+01,2.243448e+01,2.250311e+01,2.238642e+01,2.244821e+01,2.250311e+01,2.250311e+01,2.246880e+01,2.245507e+01,2.249625e+01,2.242075e+01,2.248939e+01,2.247566e+01,2.253741e+01,2.253055e+01,2.248252e+01,2.243448e+01,2.239328e+01,2.258540e+01,2.246194e+01,2.235894e+01,2.246880e+01,2.241389e+01,2.238642e+01,2.245507e+01,2.244135e+01,2.242762e+01,2.243448e+01,2.243448e+01,2.250997e+01,2.248252e+01,2.245507e+01,2.242075e+01,2.243448e+01,2.241389e+01,2.246880e+01,2.242762e+01,2.252369e+01,2.250311e+01,2.245507e+01,2.244821e+01,2.242762e+01,2.246880e+01,2.247566e+01,2.248252e+01,2.254426e+01,2.256483e+01,2.244135e+01,2.245507e+01,2.242762e+01,2.246880e+01,2.253741e+01,2.246880e+01,2.249625e+01,2.250997e+01,2.246194e+01,2.237955e+01,2.237955e+01,2.246194e+01,2.245507e+01,2.236581e+01,2.236581e+01,2.244821e+01,2.236581e+01,2.232458e+01,2.245507e+01,2.244821e+01,2.237955e+01,2.238642e+01,2.238642e+01,2.236581e+01,2.246880e+01,2.247566e+01,2.240702e+01,2.235894e+01,2.248939e+01,2.250997e+01,2.253741e+01,2.253055e+01,2.253055e+01,2.254426e+01,2.253055e+01,2.252369e+01,2.248939e+01,2.250311e+01,2.261282e+01,2.247566e+01,2.247566e+01,2.257854e+01,2.252369e+01,2.253741e+01,2.253055e+01,2.257854e+01,2.258540e+01,2.258540e+01,2.256483e+01,2.261282e+01,2.261282e+01,2.261967e+01,2.262652e+01,2.263337e+01,2.270187e+01,2.270187e+01,2.269502e+01,2.268132e+01,2.265392e+01,2.266078e+01,2.260596e+01,2.274294e+01,2.265392e+01,2.268132e+01,2.268817e+01,2.264708e+01,2.263337e+01,2.266078e+01,2.261967e+01,2.254426e+01,2.233146e+01,2.191141e+01,2.187000e+01,2.182858e+01,2.193211e+01,2.194591e+01,2.191141e+01,2.196660e+01,2.204932e+01,2.195970e+01,2.197349e+01,2.207688e+01,2.194591e+01,2.200797e+01,2.206310e+01,2.202176e+01,2.202865e+01,2.196660e+01,2.195970e+01,2.200107e+01,2.215263e+01,2.206999e+01,2.201486e+01,2.210443e+01,2.199418e+01,2.187691e+01,2.200797e+01,2.200797e+01,2.193901e+01,2.197349e+01,2.184239e+01,2.191141e+01,2.189071e+01,2.185620e+01,2.186310e+01,2.182858e+01,2.180095e+01,2.175258e+01,2.179404e+01,2.174567e+01,2.176641e+01,2.201486e+01,2.199418e+01,2.204932e+01,2.209755e+01,2.208377e+01,2.207688e+01,2.207688e+01,2.211132e+01,2.211132e+01,2.211132e+01,2.209066e+01,2.213886e+01,2.206310e+01,2.211132e+01,2.209066e+01,2.160043e+01,2.175949e+01,2.162811e+01,2.169728e+01,2.163503e+01,2.171111e+01,2.169728e+01,2.162811e+01,2.177332e+01,2.169728e+01,2.177332e+01,2.168345e+01,2.177332e+01,2.188381e+01,2.186310e+01,2.191831e+01,2.191831e+01,2.198039e+01,2.198039e+01,2.205621e+01,2.197349e+01,2.192521e+01,2.210443e+01,2.204243e+01,2.200107e+01,2.206310e+01,2.205621e+01,2.207688e+01,2.212509e+01,2.207688e+01,2.200797e+01,2.204932e+01,2.205621e+01,2.202176e+01,2.200797e+01,2.200107e+01,2.202865e+01,2.200107e+01,2.205621e+01,2.213886e+01,2.198729e+01,2.206999e+01,2.195970e+01,2.198039e+01,2.195970e+01,2.193901e+01,2.191831e+01,2.201486e+01,2.231771e+01,2.244135e+01,2.244135e+01,2.261282e+01,2.249625e+01,2.255798e+01,2.244135e+01,2.248252e+01,2.257169e+01,2.244821e+01,2.240015e+01,2.240015e+01,2.246194e+01,2.243448e+01,2.249625e+01,2.241389e+01,2.226959e+01,2.242075e+01,2.221457e+01,2.202176e+01,2.196660e+01,2.154505e+01,2.141339e+01,2.135790e+01,2.126767e+01,2.117041e+01,2.129544e+01,2.121210e+01,2.122600e+01,2.136484e+01,2.134402e+01,2.133708e+01,2.125378e+01,2.133708e+01,2.151734e+01,2.135790e+01,2.160735e+01,2.164887e+01,2.180786e+01,2.222833e+01,2.255112e+01,2.267447e+01,2.253741e+01,2.257854e+01,2.235894e+01,2.197349e+01,2.164195e+01,2.163503e+01,2.160735e+01,2.155890e+01,2.165579e+01,2.178713e+01,2.195280e+01,2.207688e+01,2.218705e+01,2.234520e+01,2.226271e+01,2.225584e+01,2.235207e+01,2.231084e+01,2.225584e+01,2.238642e+01,2.237268e+01,2.234520e+01,2.215952e+01,2.196660e+01,2.174567e+01,2.160735e+01,2.148963e+01,2.151734e+01,2.130238e+01,2.131626e+01,2.139258e+01,2.142725e+01,2.151042e+01,2.153119e+01,2.155890e+01,2.174567e+01,2.161427e+01,2.169728e+01,2.158659e+01,2.166962e+01,2.167654e+01,2.162811e+01,2.166270e+01,2.156582e+01,2.158659e+01,2.169728e+01,2.156582e+01,2.168345e+01,2.151734e+01,2.166270e+01,2.171111e+01,2.157967e+01,2.151734e+01,2.160043e+01,2.169728e+01,2.156582e+01,2.158659e+01,2.145498e+01,2.148963e+01,2.139952e+01,2.135096e+01,2.139952e+01,2.147577e+01,2.185620e+01,2.206999e+01,2.210443e+01,2.217328e+01,2.220081e+01,2.224896e+01,2.226959e+01,2.224896e+01,2.231084e+01,2.224208e+01,2.218705e+01,2.224208e+01,2.224208e+01,2.218016e+01,2.222833e+01,2.215952e+01,2.215952e+01,2.217328e+01,2.226959e+01,2.223520e+01,2.224208e+01,2.218016e+01,2.220081e+01,2.222145e+01,2.222833e+01,2.218016e+01,2.220769e+01,2.222833e+01,2.218705e+01,2.216640e+01,2.217328e+01,2.223520e+01,2.215263e+01,2.212509e+01,2.221457e+01,2.220769e+01,2.216640e+01,2.211132e+01,2.207688e+01,2.213198e+01,2.212509e+01,2.218016e+01,2.210443e+01,2.213886e+01,2.215263e+01,2.209066e+01,2.210443e+01,2.211821e+01,2.204243e+01,2.222833e+01,2.202176e+01,2.204243e+01,2.218016e+01,2.210443e+01,2.205621e+01,2.204932e+01,2.207688e+01,2.218016e+01,2.217328e+01,2.220081e+01,2.237268e+01,2.224208e+01,2.232458e+01,2.231771e+01,2.237268e+01,2.239328e+01,2.245507e+01,2.242762e+01,2.243448e+01,2.240015e+01,2.244135e+01,2.236581e+01,2.251683e+01,2.252369e+01,2.244821e+01,2.248252e+01,2.251683e+01,2.245507e+01,2.242762e+01,2.245507e+01,2.244135e+01,2.259225e+01,2.245507e+01,2.248252e+01,2.254426e+01,2.250311e+01,2.240702e+01,2.250997e+01,2.244821e+01,2.242762e+01,2.242075e+01,2.240015e+01,2.244821e+01,2.240702e+01,2.233146e+01,2.241389e+01,2.240702e+01,2.238642e+01,2.241389e+01,2.241389e+01,2.227647e+01,2.253055e+01,2.231084e+01,2.233146e+01,2.242075e+01,2.229022e+01,2.232458e+01,2.217328e+01,2.238642e+01,2.237955e+01,2.222145e+01,2.225584e+01,2.229022e+01,2.224896e+01,2.225584e+01,2.203554e+01,2.208377e+01,2.222833e+01,2.222833e+01,2.213886e+01,2.210443e+01,2.208377e+01,2.210443e+01,2.209066e+01,2.209755e+01,2.217328e+01,2.211821e+01,2.213198e+01,2.211821e+01,2.209066e+01,2.207688e+01,2.206310e+01,2.210443e+01,2.200107e+01,2.202176e+01,2.205621e+01,2.218705e+01,2.200797e+01,2.198729e+01,2.209755e+01,2.206310e+01,2.222145e+01,2.202176e+01,2.201486e+01,2.208377e+01,2.198039e+01,2.196660e+01,2.198729e+01,2.209755e+01,2.211132e+01,2.210443e+01,2.215952e+01,2.213886e+01,2.210443e+01,2.204932e+01,2.206999e+01,2.222145e+01,2.218705e+01,2.220769e+01,2.223520e+01,2.209755e+01,2.192521e+01,2.220081e+01,2.221457e+01,2.219393e+01,2.219393e+01,2.219393e+01,2.224896e+01,2.219393e+01,2.222833e+01,2.232458e+01,2.235207e+01,2.239328e+01,2.240015e+01,2.226959e+01,2.234520e+01,2.236581e+01,2.238642e+01,2.236581e+01,2.242075e+01,2.241389e+01,2.243448e+01,2.242075e+01,2.256483e+01,2.236581e+01,2.246194e+01,2.249625e+01,2.244821e+01,2.246880e+01,2.231771e+01,2.235894e+01,2.232458e+01,2.235894e+01,2.229709e+01,2.234520e+01
2.216640e+01,2.229709e+01,2.226271e+01,2.220081e+01,2.235207e+01,2.225584e+01,2.218705e+01,2.223520e+01,2.224896e+01,2.217328e+01,2.217328e+01,2.226959e+01,2.228334e+01,2.218016e+01,2.217328e+01,2.225584e+01,2.220081e+01,2.224208e+01,2.218016e+01,2.208377e+01,2.219393e+01,2.223520e+01,2.222145e+01,2.215263e+01,2.216640e+01,2.214575e+01,2.209066e+01,2.211132e+01,2.210443e+01,2.211132e+01,2.214575e+01,2.208377e+01,2.215263e+01,2.206310e+01,2.207688e+01,2.221457e+01,2.218016e+01,2.202865e+01,2.212509e+01,2.205621e+01,2.210443e+01,2.218016e+01,2.216640e+01,2.218705e+01,2.224896e+01,2.225584e+01,2.215952e+01,2.221457e+01,2.234520e+01,2.226959e+01,2.229022e+01,2.228334e+01,2.229022e+01,2.237268e+01,2.233833e+01,2.237955e+01,2.219393e+01,2.238642e+01,2.236581e+01,2.233146e+01,2.235207e+01,2.235894e+01,2.239328e+01,2.235894e+01,2.243448e+01,2.240702e+01,2.237268e+01,2.240015e+01,2.241389e+01,2.240015e+01,2.245507e+01,2.239328e+01,2.257854e+01,2.244821e+01,2.242762e+01,2.233833e+01,2.240015e+01,2.230396e+01,2.246880e+01,2.253741e+01,2.253741e+01,2.253741e+01,2.253741e+01,2.249625e+01,2.247566e+01,2.247566e+01,2.258540e+01,2.253055e+01,2.258540e+01,2.259225e+01,2.259911e+01,2.259911e+01,2.249625e+01,2.260596e+01,2.251683e+01,2.249625e+01,2.251683e+01,2.259911e+01,2.248939e+01,2.249625e+01,2.261282e+01,2.248939e+01,2.257854e+01,2.251683e+01,2.252369e+01,2.250311e+01,2.248252e+01,2.246880e+01,2.255798e+01,2.246880e+01,2.255798e+01,2.258540e+01,2.255112e+01,2.247566e+01,2.249625e+01,2.263337e+01,2.260596e+01,2.263337e+01,2.245507e+01,2.264022e+01,2.250997e+01,2.247566e+01,2.257169e+01,2.251683e+01,2.254426e+01,2.244135e+01,2.246194e+01,2.254426e+01,2.250311e+01,2.257169e+01,2.249625e+01,2.248252e+01,2.249625e+01,2.247566e+01,2.249625e+01,2.246880e+01,2.246880e+01,2.259225e+01,2.248939e+01,2.231771e+01,2.248252e+01,2.251683e+01,2.241389e+01,2.242075e+01,2.243448e+01,2.243448e+01,2.244821e+01,2.246194e+01,2.244821e+01,2.250997e+01,2.242762e+01,2.242075e+01,2.254426e+01,2.254426e+01,2.244135e+01,2.244135e+01,2.242075e+01,2.244135e+01,2.255112e+01,2.250997e+01,2.243448e+01,2.249625e+01,2.233146e+01,2.243448e+01,2.240702e+01,2.246880e+01,2.246880e+01,2.244821e+01,2.234520e+01,2.240702e+01,2.247566e+01,2.242075e+01,2.236581e+01,2.245507e+01,2.245507e+01,2.246194e+01,2.244821e+01,2.237268e+01,2.242075e+01,2.246880e+01,2.239328e+01,2.242762e+01,2.244821e+01,2.232458e+01,2.242075e+01,2.235894e+01,2.243448e+01,2.246194e+01,2.242075e+01,2.248252e+01,2.247566e+01,2.257169e+01,2.248252e+01,2.248252e+01,2.252369e+01,2.249625e+01,2.250997e+01,2.252369e+01,2.252369e+01,2.253055e+01,2.250311e+01,2.255798e+01,2.250997e+01,2.251683e+01,2.255112e+01,2.253741e+01,2.255798e+01,2.259225e+01,2.256483e+01,2.257169e+01,2.253741e+01,2.262652e+01,2.246194e+01,2.261967e+01,2.255112e+01,2.263337e+01,2.266078e+01,2.262652e+01,2.261967e+01,2.272925e+01,2.271556e+01,2.268817e+01,2.261282e+01,2.267447e+01,2.268132e+01,2.264708e+01,2.268132e+01,2.258540e+01,2.264708e+01,2.259225e+01,2.265392e+01,2.265392e+01,2.267447e+01,2.248939e+01,2.272241e+01,2.250997e+01,2.212509e+01,2.193901e+01,2.187000e+01,2.195280e+01,2.192521e+01,2.193901e+01,2.201486e+01,2.196660e+01,2.193901e+01,2.202865e+01,2.202865e+01,2.204243e+01,2.204243e+01,2.197349e+01,2.206310e+01,2.209066e+01,2.201486e+01,2.205621e+01,2.206999e+01,2.198729e+01,2.200797e+01,2.216640e+01,2.212509e+01,2.206310e+01,2.210443e+01,2.197349e+01,2.208377e+01,2.202176e+01,2.198039e+01,2.195280e+01,2.188381e+01,2.190451e+01,2.189071e+01,2.187691e+01,2.181476e+01,2.178713e+01,2.174567e+01,2.177332e+01,2.176641e+01,2.176641e+01,2.171802e+01,2.215263e+01,2.198729e+01,2.206999e+01,2.208377e+01,2.199418e+01,2.204243e+01,2.209066e+01,2.205621e+01,2.206999e+01,2.215952e+01,2.206310e+01,2.208377e+01,2.209755e+01,2.215263e+01,2.202176e+01,2.201486e+01,2.206310e+01,2.178022e+01,2.166962e+01,2.164195e+01,2.164887e+01,2.169728e+01,2.173185e+01,2.164887e+01,2.178713e+01,2.175949e+01,2.182167e+01,2.181476e+01,2.178022e+01,2.190451e+01,2.193901e+01,2.191831e+01,2.190451e+01,2.192521e+01,2.193901e+01,2.206999e+01,2.191831e+01,2.195280e+01,2.197349e+01,2.188381e+01,2.198729e+01,2.194591e+01,2.206310e+01,2.199418e+01,2.209755e+01,2.195280e+01,2.206310e+01,2.206310e+01,2.204932e+01,2.206999e+01,2.201486e+01,2.202176e+01,2.199418e+01,2.202176e+01,2.202865e+01,2.204243e+01,2.198039e+01,2.206999e+01,2.206999e+01,2.196660e+01,2.185620e+01,2.196660e+01,2.223520e+01,2.245507e+01,2.247566e+01,2.252369e+01,2.261282e+01,2.251683e+01,2.249625e+01,2.262652e+01,2.245507e+01,2.245507e+01,2.260596e+01,2.249625e+01,2.248939e+01,2.241389e+01,2.238642e+01,2.253055e+01,2.253741e+01,2.257169e+01,2.240015e+01,2.218705e+01,2.187691e+01,2.184929e+01,2.199418e+01,2.158659e+01,2.161427e+01,2.152427e+01,2.151042e+01,2.129544e+01,2.121905e+01,2.121210e+01,2.127461e+01,2.133014e+01,2.146191e+01,2.150349e+01,2.142032e+01,2.137871e+01,2.164195e+01,2.182167e+01,2.204932e+01,2.229022e+01,2.257169e+01,2.243448e+01,2.269502e+01,2.266078e+01,2.242075e+01,2.200107e+01,2.194591e+01,2.162811e+01,2.162811e+01,2.161427e+01,2.155890e+01,2.161427e+01,2.178022e+01,2.224896e+01,2.224208e+01,2.229709e+01,2.231084e+01,2.222145e+01,2.232458e+01,2.235894e+01,2.235894e+01,2.237268e+01,2.236581e+01,2.224208e+01,2.222833e+01,2.184239e+01,2.165579e+01,2.155890e+01,2.148270e+01,2.153812e+01,2.149656e+01,2.139258e+01,2.136484e+01,2.144805e+01,2.138565e+01,2.139258e+01,2.139258e+01,2.148963e+01,2.146884e+01,2.164887e+01,2.155197e+01,2.161427e+01,2.167654e+01,2.166962e+01,2.164195e+01,2.152427e+01,2.164887e+01,2.163503e+01,2.153812e+01,2.162119e+01,2.166962e+01,2.155890e+01,2.174567e+01,2.164195e+01,2.165579e+01,2.162811e+01,2.165579e+01,2.163503e+01,2.154505e+01,2.148963e+01,2.148270e+01,2.153812e+01,2.153812e+01,2.141339e+01,2.139258e+01,2.139952e+01,2.160735e+01,2.196660e+01,2.215263e+01,2.224208e+01,2.224208e+01,2.224208e+01,2.221457e+01,2.225584e+01,2.222833e+01,2.226959e+01,2.220081e+01,2.219393e+01,2.223520e+01,2.218705e+01,2.223520e+01,2.218016e+01,2.228334e+01,2.229022e+01,2.227647e+01,2.222833e+01,2.227647e+01,2.222145e+01,2.218016e+01,2.217328e+01,2.222833e+01,2.213198e+01,2.223520e+01,2.218705e+01,2.215952e+01,2.219393e+01,2.217328e+01,2.220769e+01,2.219393e+01,2.222145e+01,2.216640e+01,2.218705e+01,2.220081e+01,2.215263e+01,2.211132e+01,2.210443e+01,2.208377e+01,2.215263e+01,2.211821e+01,2.211132e+01,2.205621e+01,2.203554e+01,2.204243e+01,2.201486e+01,2.202865e+01,2.199418e+01,2.201486e+01,2.207688e+01,2.206310e+01,2.204932e+01,2.209755e+01,2.211821e+01,2.198039e+01,2.213886e+01,2.213886e+01,2.217328e+01,2.227647e+01,2.233146e+01,2.230396e+01,2.233146e+01,2.232458e+01,2.233146e+01,2.242762e+01,2.244821e+01,2.239328e+01,2.236581e+01,2.250997e+01,2.240015e+01,2.243448e+01,2.229709e+01,2.248252e+01,2.248252e+01,2.247566e+01,2.243448e+01,2.248252e+01,2.253741e+01,2.252369e+01,2.249625e+01,2.249625e+01,2.243448e+01,2.248252e+01,2.244135e+01,2.250997e+01,2.244135e+01,2.246880e+01,2.243448e+01,2.244821e+01,2.237268e+01,2.236581e+01,2.244821e+01,2.238642e+01,2.236581e+01,2.239328e+01,2.243448e+01,2.242762e+01,2.239328e+01,2.229709e+01,2.240702e+01,2.236581e+01,2.238642e+01,2.231771e+01,2.231771e+01,2.227647e+01,2.231084e+01,2.222833e+01,2.226959e+01,2.223520e+01,2.215952e+01,2.218705e+01,2.226271e+01,2.218705e+01,2.215952e+01,2.226959e+01,2.222833e+01,2.206310e+01,2.208377e+01,2.214575e+01,2.209066e+01,2.231084e+01,2.212509e+01,2.213886e+01,2.212509e+01,2.213198e+01,2.213198e+01,2.198729e+01,2.206310e+01,2.206310e+01,2.201486e+01,2.208377e+01,2.205621e+01,2.197349e+01,2.202176e+01,2.208377e+01,2.214575e+01,2.205621e+01,2.211821e+01,2.206310e+01,2.208377e+01,2.202865e+01,2.201486e+01,2.197349e+01,2.202176e+01,2.209755e+01,2.209066e+01,2.211132e+01,2.208377e+01,2.210443e+01,2.208377e+01,2.217328e+01,2.213198e+01,2.206999e+01,2.223520e+01,2.220769e+01,2.224208e+01,2.221457e+01,2.214575e+01,2.222833e+01,2.224896e+01,2.219393e+01,2.218705e+01,2.218705e+01,2.218705e+01,2.218705e+01,2.220081e+01,2.222145e+01,2.222833e+01,2.234520e+01,2.224208e+01,2.226959e+01,2.231084e+01,2.231771e+01,2.226959e+01,2.237268e+01,2.233146e+01,2.235894e+01,2.240015e+01,2.241389e+01,2.249625e+01,2.244135e+01,2.242762e+01,2.245507e+01,2.231084e+01,2.245507e+01,2.229709e+01,2.242762e+01,2.241389e+01,2.231084e+01,2.237955e+01,2.229022e+01,2.240015e+01,2.237955e+01
2.229022e+01,2.223520e+01,2.215952e+01,2.233146e+01,2.213886e+01,2.217328e+01,2.228334e+01,2.230396e+01,2.231771e+01,2.228334e+01,2.224208e+01,2.216640e+01,2.225584e+01,2.220081e+01,2.223520e+01,2.231771e+01,2.224896e+01,2.223520e+01,2.211132e+01,2.220081e+01,2.224208e+01,2.209066e+01,2.213886e+01,2.208377e+01,2.218705e+01,2.202865e+01,2.209755e+01,2.220769e+01,2.210443e+01,2.218016e+01,2.199418e+01,2.215952e+01,2.216640e+01,2.217328e+01,2.207688e+01,2.218016e+01,2.207688e+01,2.204932e+01,2.220081e+01,2.214575e+01,2.213886e+01,2.211132e+01,2.220769e+01,2.212509e+01,2.218705e+01,2.218016e+01,2.222833e+01,2.221457e+01,2.229022e+01,2.226271e+01,2.226959e+01,2.235207e+01,2.229022e+01,2.233833e+01,2.235207e+01,2.232458e+01,2.237955e+01,2.237955e+01,2.218705e+01,2.243448e+01,2.235207e+01,2.236581e+01,2.226959e+01,2.233833e+01,2.233833e+01,2.244821e+01,2.242075e+01,2.236581e+01,2.237268e+01,2.237268e+01,2.244821e+01,2.242075e+01,2.253055e+01,2.242075e+01,2.257169e+01,2.244135e+01,2.255798e+01,2.243448e+01,2.245507e+01,2.246880e+01,2.253741e+01,2.249625e+01,2.257854e+01,2.257169e+01,2.256483e+01,2.254426e+01,2.248252e+01,2.262652e+01,2.247566e+01,2.257169e+01,2.259225e+01,2.262652e+01,2.249625e+01,2.256483e+01,2.262652e+01,2.257854e+01,2.266763e+01,2.262652e+01,2.248252e+01,2.259911e+01,2.258540e+01,2.260596e+01,2.248252e+01,2.250997e+01,2.251683e+01,2.254426e+01,2.257169e+01,2.255798e+01,2.255798e+01,2.266763e+01,2.261967e+01,2.253741e+01,2.242762e+01,2.252369e+01,2.261967e+01,2.264022e+01,2.257169e+01,2.255798e+01,2.254426e+01,2.259911e+01,2.261282e+01,2.247566e+01,2.252369e+01,2.255112e+01,2.253741e+01,2.254426e+01,2.259225e+01,2.244821e+01,2.250311e+01,2.250311e+01,2.241389e+01,2.254426e+01,2.250311e+01,2.245507e+01,2.250997e+01,2.250997e+01,2.253741e+01,2.247566e+01,2.244821e+01,2.250997e+01,2.254426e+01,2.248252e+01,2.250311e+01,2.248252e+01,2.244821e+01,2.243448e+01,2.244135e+01,2.244821e+01,2.243448e+01,2.243448e+01,2.250311e+01,2.241389e+01,2.242075e+01,2.257169e+01,2.242075e+01,2.243448e+01,2.256483e+01,2.243448e+01,2.252369e+01,2.250311e+01,2.246194e+01,2.246880e+01,2.228334e+01,2.243448e+01,2.248252e+01,2.250997e+01,2.249625e+01,2.240015e+01,2.242762e+01,2.238642e+01,2.241389e+01,2.240702e+01,2.253055e+01,2.246880e+01,2.225584e+01,2.246194e+01,2.245507e+01,2.239328e+01,2.240702e+01,2.242075e+01,2.245507e+01,2.250311e+01,2.243448e+01,2.240702e+01,2.238642e+01,2.244821e+01,2.244821e+01,2.241389e+01,2.248252e+01,2.245507e+01,2.242075e+01,2.246194e+01,2.248939e+01,2.244821e+01,2.251683e+01,2.250997e+01,2.252369e+01,2.253055e+01,2.251683e+01,2.253741e+01,2.252369e+01,2.259225e+01,2.248252e+01,2.255112e+01,2.264022e+01,2.259225e+01,2.257854e+01,2.254426e+01,2.256483e+01,2.257854e+01,2.257854e+01,2.266078e+01,2.261282e+01,2.258540e+01,2.259225e+01,2.266763e+01,2.264708e+01,2.270187e+01,2.262652e+01,2.262652e+01,2.263337e+01,2.269502e+01,2.261282e+01,2.260596e+01,2.264708e+01,2.254426e+01,2.245507e+01,2.262652e+01,2.255798e+01,2.253741e+01,2.261282e+01,2.257169e+01,2.254426e+01,2.244821e+01,2.245507e+01,2.253055e+01,2.216640e+01,2.191141e+01,2.191831e+01,2.193901e+01,2.204932e+01,2.203554e+01,2.195970e+01,2.199418e+01,2.199418e+01,2.200107e+01,2.205621e+01,2.197349e+01,2.205621e+01,2.204932e+01,2.208377e+01,2.206999e+01,2.210443e+01,2.205621e+01,2.207688e+01,2.211132e+01,2.216640e+01,2.217328e+01,2.213198e+01,2.213198e+01,2.213198e+01,2.203554e+01,2.198039e+01,2.209066e+01,2.193901e+01,2.200107e+01,2.192521e+01,2.196660e+01,2.190451e+01,2.185620e+01,2.184239e+01,2.184239e+01,2.175258e+01,2.179404e+01,2.187691e+01,2.171111e+01,2.193211e+01,2.180786e+01,2.200107e+01,2.202865e+01,2.206310e+01,2.207688e+01,2.205621e+01,2.222145e+01,2.206310e+01,2.212509e+01,2.208377e+01,2.209755e+01,2.213886e+01,2.209066e+01,2.216640e+01,2.211821e+01,2.213198e+01,2.209755e+01,2.211821e+01,2.199418e+01,2.178022e+01,2.167654e+01,2.158659e+01,2.170420e+01,2.174567e+01,2.173185e+01,2.174567e+01,2.173185e+01,2.183548e+01,2.179404e+01,2.188381e+01,2.189071e+01,2.194591e+01,2.195280e+01,2.193901e+01,2.197349e+01,2.191831e+01,2.200107e+01,2.194591e+01,2.190451e+01,2.198039e+01,2.202176e+01,2.190451e+01,2.207688e+01,2.191141e+01,2.206999e+01,2.189761e+01,2.197349e+01,2.207688e+01,2.202176e+01,2.198729e+01,2.203554e+01,2.198039e+01,2.206999e+01,2.202865e+01,2.196660e+01,2.202865e+01,2.205621e+01,2.221457e+01,2.220081e+01,2.200797e+01,2.191831e+01,2.198729e+01,2.225584e+01,2.244821e+01,2.257169e+01,2.246880e+01,2.265392e+01,2.266078e+01,2.264022e+01,2.267447e+01,2.259911e+01,2.253741e+01,2.253741e+01,2.261967e+01,2.257854e+01,2.254426e+01,2.259225e+01,2.259911e+01,2.261967e+01,2.233146e+01,2.217328e+01,2.144805e+01,2.137177e+01,2.126072e+01,2.130932e+01,2.133014e+01,2.131626e+01,2.147577e+01,2.154505e+01,2.156582e+01,2.157967e+01,2.181476e+01,2.182167e+01,2.174567e+01,2.163503e+01,2.176641e+01,2.178713e+01,2.203554e+01,2.234520e+01,2.247566e+01,2.244135e+01,2.273610e+01,2.271556e+01,2.264022e+01,2.255112e+01,2.251683e+01,2.199418e+01,2.161427e+01,2.162811e+01,2.157967e+01,2.164195e+01,2.164195e+01,2.157274e+01,2.171111e+01,2.218016e+01,2.229022e+01,2.228334e+01,2.224896e+01,2.236581e+01,2.233146e+01,2.234520e+01,2.242075e+01,2.237268e+01,2.235894e+01,2.227647e+01,2.231084e+01,2.195970e+01,2.159351e+01,2.162811e+01,2.153812e+01,2.148270e+01,2.139952e+01,2.137177e+01,2.137177e+01,2.136484e+01,2.144805e+01,2.134402e+01,2.136484e+01,2.139952e+01,2.148963e+01,2.144805e+01,2.151042e+01,2.161427e+01,2.150349e+01,2.160735e+01,2.166270e+01,2.155890e+01,2.161427e+01,2.151042e+01,2.164195e+01,2.159351e+01,2.148270e+01,2.164887e+01,2.168345e+01,2.155890e+01,2.156582e+01,2.166270e+01,2.151734e+01,2.164195e+01,2.160735e+01,2.160043e+01,2.152427e+01,2.157967e+01,2.146884e+01,2.157274e+01,2.137871e+01,2.139258e+01,2.156582e+01,2.180095e+01,2.191831e+01,2.201486e+01,2.218705e+01,2.224896e+01,2.227647e+01,2.226959e+01,2.226271e+01,2.221457e+01,2.224896e+01,2.220081e+01,2.223520e+01,2.224208e+01,2.214575e+01,2.215952e+01,2.226271e+01,2.229709e+01,2.227647e+01,2.224208e+01,2.220769e+01,2.217328e+01,2.223520e+01,2.220081e+01,2.222145e+01,2.221457e+01,2.218016e+01,2.217328e+01,2.220081e+01,2.215263e+01,2.218016e+01,2.220081e+01,2.213198e+01,2.215263e+01,2.214575e+01,2.226959e+01,2.217328e+01,2.210443e+01,2.216640e+01,2.208377e+01,2.226271e+01,2.213886e+01,2.206310e+01,2.220769e+01,2.203554e+01,2.209755e+01,2.200107e+01,2.204243e+01,2.203554e+01,2.203554e+01,2.202176e+01,2.217328e+01,2.196660e+01,2.213886e+01,2.207688e+01,2.213198e+01,2.207688e+01,2.218016e+01,2.237268e+01,2.215263e+01,2.224208e+01,2.222833e+01,2.229022e+01,2.221457e+01,2.236581e+01,2.238642e+01,2.248252e+01,2.233146e+01,2.244135e+01,2.246194e+01,2.251683e+01,2.244821e+01,2.240015e+01,2.246880e+01,2.254426e+01,2.253055e+01,2.252369e+01,2.242762e+01,2.255798e+01,2.247566e+01,2.246194e+01,2.252369e+01,2.249625e+01,2.253741e+01,2.242075e+01,2.246880e+01,2.250997e+01,2.242762e+01,2.247566e+01,2.248252e+01,2.243448e+01,2.248939e+01,2.240702e+01,2.240702e+01,2.246880e+01,2.237268e+01,2.237268e+01,2.235894e+01,2.236581e+01,2.230396e+01,2.240015e+01,2.237955e+01,2.230396e+01,2.236581e+01,2.231771e+01,2.239328e+01,2.226959e+01,2.227647e+01,2.236581e+01,2.240015e+01,2.234520e+01,2.231084e+01,2.229022e+01,2.220769e+01,2.219393e+01,2.223520e+01,2.222833e+01,2.220081e+01,2.218016e+01,2.225584e+01,2.210443e+01,2.222145e+01,2.205621e+01,2.216640e+01,2.209755e+01,2.205621e+01,2.199418e+01,2.204243e+01,2.213198e+01,2.206999e+01,2.201486e+01,2.208377e+01,2.199418e+01,2.202176e+01,2.204243e+01,2.220769e+01,2.211821e+01,2.209066e+01,2.206310e+01,2.210443e+01,2.213886e+01,2.206999e+01,2.206310e+01,2.209066e+01,2.208377e+01,2.202865e+01,2.203554e+01,2.204932e+01,2.214575e+01,2.203554e+01,2.213198e+01,2.216640e+01,2.218705e+01,2.214575e+01,2.206999e+01,2.206310e+01,2.216640e+01,2.212509e+01,2.211821e+01,2.218705e+01,2.213198e+01,2.229022e+01,2.214575e+01,2.217328e+01,2.220769e+01,2.219393e+01,2.222833e+01,2.222145e+01,2.214575e+01,2.220769e+01,2.217328e+01,2.220081e+01,2.217328e+01,2.224896e+01,2.245507e+01,2.245507e+01,2.228334e+01,2.244135e+01,2.237955e+01,2.243448e+01,2.240702e+01,2.248252e+01,2.244135e+01,2.239328e+01,2.245507e+01,2.243448e+01,2.245507e+01,2.240015e+01,2.233146e+01,2.241389e+01,2.245507e+01,2.235894e+01,2.230396e+01,2.235894e+01,2.235207e+01,2.237268e+01
2.213886e+01,2.229709e+01,2.215263e+01,2.233833e+01,2.231771e+01,2.212509e+01,2.222145e+01,2.222833e+01,2.218016e+01,2.225584e+01,2.218016e+01,2.223520e+01,2.216640e+01,2.213198e+01,2.211821e+01,2.226959e+01,2.220081e+01,2.224896e+01,2.199418e+01,2.213886e+01,2.193211e+01,2.215263e+01,2.220769e+01,2.210443e+01,2.212509e+01,2.215952e+01,2.220769e+01,2.218705e+01,2.210443e+01,2.212509e+01,2.212509e+01,2.214575e+01,2.215952e+01,2.203554e+01,2.217328e+01,2.206999e+01,2.216640e+01,2.211821e+01,2.192521e+01,2.199418e+01,2.211132e+01,2.209755e+01,2.211132e+01,2.213886e+01,2.213198e+01,2.229022e+01,2.220081e+01,2.218705e+01,2.226271e+01,2.222833e+01,2.226271e+01,2.238642e+01,2.230396e+01,2.233146e+01,2.237955e+01,2.227647e+01,2.229709e+01,2.236581e+01,2.226959e+01,2.223520e+01,2.237955e+01,2.234520e+01,2.239328e+01,2.229022e+01,2.230396e+01,2.244135e+01,2.244135e+01,2.239328e+01,2.246194e+01,2.240015e+01,2.240702e+01,2.245507e+01,2.248939e+01,2.237955e+01,2.249625e+01,2.248252e+01,2.246880e+01,2.250997e+01,2.240015e+01,2.238642e+01,2.250311e+01,2.242762e+01,2.253741e+01,2.253055e+01,2.247566e+01,2.250997e+01,2.250311e+01,2.250997e+01,2.264022e+01,2.249625e+01,2.257169e+01,2.263337e+01,2.257854e+01,2.259911e+01,2.269502e+01,2.254426e+01,2.249625e+01,2.265392e+01,2.261967e+01,2.261967e+01,2.244135e+01,2.259911e+01,2.250997e+01,2.257854e+01,2.249625e+01,2.256483e+01,2.260596e+01,2.250311e+01,2.248939e+01,2.253741e+01,2.255798e+01,2.253741e+01,2.254426e+01,2.250997e+01,2.262652e+01,2.253741e+01,2.259911e+01,2.251683e+01,2.259225e+01,2.248252e+01,2.261967e+01,2.256483e+01,2.248939e+01,2.253055e+01,2.246194e+01,2.247566e+01,2.250311e+01,2.251683e+01,2.249625e+01,2.255112e+01,2.261282e+01,2.244135e+01,2.248939e+01,2.254426e+01,2.253741e+01,2.231084e+01,2.246194e+01,2.251683e+01,2.247566e+01,2.245507e+01,2.250311e+01,2.250997e+01,2.246880e+01,2.244821e+01,2.240015e+01,2.243448e+01,2.246194e+01,2.245507e+01,2.244135e+01,2.243448e+01,2.248252e+01,2.242762e+01,2.242762e+01,2.242075e+01,2.248939e+01,2.241389e+01,2.256483e+01,2.253055e+01,2.255112e+01,2.244821e+01,2.246880e+01,2.253055e+01,2.248939e+01,2.246880e+01,2.243448e+01,2.246880e+01,2.240015e+01,2.240702e+01,2.243448e+01,2.237268e+01,2.245507e+01,2.246880e+01,2.245507e+01,2.244135e+01,2.249625e+01,2.239328e+01,2.245507e+01,2.235207e+01,2.237268e+01,2.246194e+01,2.231084e+01,2.239328e+01,2.240015e+01,2.246194e+01,2.235207e+01,2.244135e+01,2.247566e+01,2.246880e+01,2.252369e+01,2.242075e+01,2.242075e+01,2.242762e+01,2.248252e+01,2.251683e+01,2.254426e+01,2.251683e+01,2.250311e+01,2.254426e+01,2.255112e+01,2.257854e+01,2.254426e+01,2.263337e+01,2.250311e+01,2.257854e+01,2.257854e+01,2.257169e+01,2.255112e+01,2.259225e+01,2.252369e+01,2.255798e+01,2.255798e+01,2.253741e+01,2.255112e+01,2.268132e+01,2.264022e+01,2.264022e+01,2.261967e+01,2.267447e+01,2.261967e+01,2.272241e+01,2.265392e+01,2.271556e+01,2.262652e+01,2.250311e+01,2.243448e+01,2.224896e+01,2.193901e+01,2.204243e+01,2.200797e+01,2.242762e+01,2.211132e+01,2.188381e+01,2.196660e+01,2.183548e+01,2.190451e+01,2.195970e+01,2.198729e+01,2.194591e+01,2.188381e+01,2.187000e+01,2.206310e+01,2.206999e+01,2.203554e+01,2.203554e+01,2.204932e+01,2.202865e+01,2.202865e+01,2.200797e+01,2.207688e+01,2.208377e+01,2.209066e+01,2.204243e+01,2.209755e+01,2.209066e+01,2.217328e+01,2.207688e+01,2.206310e+01,2.218705e+01,2.212509e+01,2.213886e+01,2.212509e+01,2.209755e+01,2.212509e+01,2.197349e+01,2.196660e+01,2.194591e+01,2.186310e+01,2.191831e+01,2.193211e+01,2.189071e+01,2.189071e+01,2.171111e+01,2.180786e+01,2.175949e+01,2.176641e+01,2.167654e+01,2.173876e+01,2.169728e+01,2.186310e+01,2.205621e+01,2.209755e+01,2.204243e+01,2.200797e+01,2.212509e+01,2.216640e+01,2.211821e+01,2.210443e+01,2.213886e+01,2.217328e+01,2.212509e+01,2.215263e+01,2.215952e+01,2.200797e+01,2.214575e+01,2.221457e+01,2.192521e+01,2.189761e+01,2.186310e+01,2.171802e+01,2.166962e+01,2.166962e+01,2.171111e+01,2.176641e+01,2.179404e+01,2.180786e+01,2.177332e+01,2.184929e+01,2.186310e+01,2.180095e+01,2.191141e+01,2.187000e+01,2.195280e+01,2.192521e+01,2.195280e+01,2.196660e+01,2.188381e+01,2.187000e+01,2.188381e+01,2.194591e+01,2.184929e+01,2.194591e+01,2.192521e+01,2.204243e+01,2.198729e+01,2.196660e+01,2.189071e+01,2.196660e+01,2.193901e+01,2.192521e+01,2.206310e+01,2.202176e+01,2.191831e+01,2.206999e+01,2.201486e+01,2.205621e+01,2.196660e+01,2.201486e+01,2.206310e+01,2.203554e+01,2.246880e+01,2.249625e+01,2.259911e+01,2.261967e+01,2.266078e+01,2.266078e+01,2.261967e+01,2.266763e+01,2.268817e+01,2.267447e+01,2.264022e+01,2.257169e+01,2.255798e+01,2.261282e+01,2.270871e+01,2.254426e+01,2.257854e+01,2.218016e+01,2.142032e+01,2.114260e+01,2.105914e+01,2.101738e+01,2.111479e+01,2.094774e+01,2.097560e+01,2.101042e+01,2.114260e+01,2.135790e+01,2.184239e+01,2.222145e+01,2.244821e+01,2.240015e+01,2.240702e+01,2.240702e+01,2.242075e+01,2.244135e+01,2.266078e+01,2.264708e+01,2.270187e+01,2.270187e+01,2.272241e+01,2.271556e+01,2.246880e+01,2.193211e+01,2.177332e+01,2.166270e+01,2.164195e+01,2.162811e+01,2.164195e+01,2.173185e+01,2.175258e+01,2.202176e+01,2.226271e+01,2.229022e+01,2.237955e+01,2.226959e+01,2.226959e+01,2.224896e+01,2.234520e+01,2.234520e+01,2.229709e+01,2.226271e+01,2.228334e+01,2.200107e+01,2.171802e+01,2.153119e+01,2.157967e+01,2.151734e+01,2.151042e+01,2.153119e+01,2.152427e+01,2.157274e+01,2.154505e+01,2.137177e+01,2.137871e+01,2.134402e+01,2.131626e+01,2.139952e+01,2.133014e+01,2.138565e+01,2.142725e+01,2.144805e+01,2.146884e+01,2.142725e+01,2.164195e+01,2.159351e+01,2.157967e+01,2.150349e+01,2.167654e+01,2.157274e+01,2.156582e+01,2.157274e+01,2.156582e+01,2.151042e+01,2.152427e+01,2.151734e+01,2.147577e+01,2.148270e+01,2.161427e+01,2.145498e+01,2.148270e+01,2.136484e+01,2.134402e+01,2.139258e+01,2.158659e+01,2.141339e+01,2.155890e+01,2.193901e+01,2.215952e+01,2.218705e+01,2.216640e+01,2.218016e+01,2.229709e+01,2.224896e+01,2.221457e+01,2.222833e+01,2.218016e+01,2.217328e+01,2.225584e+01,2.221457e+01,2.224896e+01,2.210443e+01,2.229022e+01,2.212509e+01,2.225584e+01,2.217328e+01,2.213198e+01,2.222145e+01,2.211821e+01,2.224896e+01,2.224896e+01,2.215952e+01,2.220081e+01,2.219393e+01,2.218016e+01,2.221457e+01,2.214575e+01,2.213198e+01,2.207688e+01,2.218705e+01,2.209066e+01,2.212509e+01,2.215952e+01,2.213886e+01,2.212509e+01,2.211821e+01,2.212509e+01,2.207688e+01,2.213886e+01,2.206310e+01,2.209066e+01,2.206310e+01,2.209755e+01,2.202176e+01,2.203554e+01,2.201486e+01,2.200107e+01,2.199418e+01,2.197349e+01,2.198039e+01,2.203554e+01,2.199418e+01,2.204932e+01,2.215263e+01,2.211821e+01,2.212509e+01,2.228334e+01,2.229709e+01,2.231084e+01,2.233146e+01,2.231084e+01,2.236581e+01,2.237268e+01,2.254426e+01,2.245507e+01,2.243448e+01,2.244135e+01,2.248939e+01,2.252369e+01,2.251683e+01,2.253055e+01,2.251683e+01,2.251683e+01,2.240702e+01,2.253055e+01,2.250311e+01,2.251683e+01,2.242075e+01,2.246880e+01,2.237955e+01,2.250311e+01,2.249625e+01,2.249625e+01,2.251683e+01,2.248939e+01,2.244135e+01,2.246194e+01,2.242762e+01,2.240015e+01,2.238642e+01,2.239328e+01,2.238642e+01,2.246880e+01,2.238642e+01,2.242075e+01,2.239328e+01,2.242075e+01,2.242075e+01,2.234520e+01,2.237955e+01,2.239328e+01,2.235207e+01,2.229022e+01,2.232458e+01,2.229709e+01,2.224896e+01,2.228334e+01,2.226959e+01,2.228334e+01,2.225584e+01,2.214575e+01,2.219393e+01,2.215263e+01,2.215263e+01,2.203554e+01,2.206999e+01,2.209066e+01,2.210443e+01,2.205621e+01,2.207688e+01,2.203554e+01,2.215952e+01,2.211821e+01,2.214575e+01,2.207688e+01,2.199418e+01,2.209066e+01,2.205621e+01,2.191141e+01,2.203554e+01,2.200797e+01,2.202865e+01,2.204243e+01,2.199418e+01,2.198039e+01,2.206999e+01,2.208377e+01,2.209755e+01,2.205621e+01,2.206310e+01,2.206310e+01,2.203554e+01,2.212509e+01,2.202176e+01,2.214575e+01,2.208377e+01,2.211821e+01,2.210443e+01,2.213198e+01,2.212509e+01,2.220769e+01,2.217328e+01,2.218016e+01,2.222833e+01,2.214575e+01,2.215263e+01,2.226271e+01,2.218705e+01,2.224896e+01,2.220081e+01,2.221457e+01,2.216640e+01,2.220081e+01,2.230396e+01,2.218016e+01,2.226959e+01,2.213886e+01,2.224208e+01,2.235894e+01,2.226271e+01,2.239328e+01,2.242762e+01,2.244821e+01,2.241389e+01,2.242762e+01,2.242762e+01,2.244821e+01,2.248939e+01,2.247566e+01,2.247566e+01,2.241389e+01,2.237955e+01,2.240702e+01,2.246880e+01,2.233833e+01,2.226271e+01,2.231084e+01,2.242762e+01,2.245507e+01,2.224208e+01,2.232458e+01
2.226271e+01,2.231771e+01,2.218016e+01,2.225584e+01,2.219393e+01,2.213886e+01,2.204243e+01,2.220769e+01,2.225584e+01,2.222145e+01,2.223520e+01,2.226271e+01,2.220769e+01,2.219393e+01,2.205621e+01,2.220769e+01,2.213886e+01,2.218705e+01,2.226271e+01,2.213886e+01,2.211132e+01,2.221457e+01,2.213886e+01,2.204243e+01,2.221457e+01,2.215952e+01,2.216640e+01,2.215952e+01,2.218705e+01,2.213198e+01,2.209066e+01,2.216640e+01,2.213886e+01,2.204243e+01,2.210443e+01,2.217328e+01,2.217328e+01,2.213886e+01,2.209066e+01,2.209755e+01,2.210443e+01,2.212509e+01,2.219393e+01,2.224208e+01,2.215952e+01,2.220081e+01,2.221457e+01,2.220769e+01,2.233146e+01,2.214575e+01,2.238642e+01,2.222833e+01,2.233833e+01,2.239328e+01,2.230396e+01,2.242762e+01,2.235207e+01,2.240015e+01,2.228334e+01,2.229022e+01,2.236581e+01,2.233146e+01,2.234520e+01,2.224208e+01,2.244135e+01,2.244821e+01,2.238642e+01,2.240702e+01,2.239328e+01,2.244821e+01,2.246880e+01,2.240702e+01,2.246880e+01,2.242762e+01,2.240015e+01,2.240702e+01,2.244821e+01,2.246194e+01,2.253741e+01,2.248252e+01,2.248939e+01,2.246880e+01,2.248252e+01,2.257169e+01,2.251683e+01,2.255798e+01,2.248939e+01,2.261282e+01,2.254426e+01,2.250997e+01,2.264022e+01,2.259911e+01,2.256483e+01,2.250311e+01,2.268132e+01,2.259911e+01,2.260596e+01,2.254426e+01,2.258540e+01,2.264708e+01,2.256483e+01,2.258540e+01,2.249625e+01,2.255112e+01,2.249625e+01,2.266078e+01,2.255798e+01,2.255112e+01,2.250997e+01,2.259911e+01,2.254426e+01,2.259911e+01,2.265392e+01,2.257854e+01,2.259225e+01,2.250997e+01,2.247566e+01,2.257854e+01,2.247566e+01,2.252369e+01,2.261967e+01,2.255112e+01,2.249625e+01,2.253741e+01,2.248939e+01,2.252369e+01,2.255112e+01,2.249625e+01,2.253741e+01,2.258540e+01,2.249625e+01,2.247566e+01,2.256483e+01,2.254426e+01,2.255112e+01,2.245507e+01,2.243448e+01,2.248252e+01,2.248939e+01,2.250311e+01,2.268132e+01,2.253055e+01,2.242075e+01,2.247566e+01,2.242762e+01,2.244821e+01,2.244821e+01,2.248939e+01,2.240015e+01,2.248939e+01,2.242075e+01,2.251683e+01,2.241389e+01,2.246194e+01,2.242075e+01,2.248939e+01,2.242075e+01,2.242762e+01,2.235207e+01,2.244135e+01,2.245507e+01,2.246194e+01,2.243448e+01,2.245507e+01,2.248939e+01,2.243448e+01,2.246880e+01,2.246194e+01,2.240015e+01,2.242762e+01,2.227647e+01,2.243448e+01,2.238642e+01,2.246194e+01,2.242762e+01,2.243448e+01,2.242762e+01,2.242075e+01,2.235894e+01,2.242075e+01,2.240702e+01,2.241389e+01,2.246194e+01,2.244821e+01,2.245507e+01,2.246194e+01,2.246880e+01,2.245507e+01,2.245507e+01,2.255112e+01,2.250311e+01,2.244135e+01,2.248252e+01,2.244821e+01,2.256483e+01,2.251683e+01,2.248252e+01,2.250311e+01,2.257854e+01,2.251683e+01,2.264708e+01,2.260596e+01,2.264022e+01,2.255798e+01,2.258540e+01,2.258540e+01,2.256483e+01,2.255112e+01,2.260596e+01,2.260596e+01,2.258540e+01,2.257169e+01,2.265392e+01,2.259225e+01,2.268817e+01,2.264022e+01,2.275663e+01,2.261282e+01,2.264708e+01,2.269502e+01,2.271556e+01,2.272241e+01,2.242762e+01,2.243448e+01,2.202865e+01,2.180095e+01,2.129544e+01,2.146884e+01,2.146884e+01,2.176641e+01,2.200107e+01,2.175258e+01,2.184239e+01,2.169037e+01,2.182167e+01,2.184239e+01,2.195280e+01,2.189761e+01,2.190451e+01,2.203554e+01,2.196660e+01,2.209066e+01,2.204932e+01,2.198039e+01,2.201486e+01,2.202865e+01,2.205621e+01,2.209755e+01,2.206999e+01,2.212509e+01,2.223520e+01,2.208377e+01,2.215263e+01,2.213886e+01,2.208377e+01,2.209066e+01,2.216640e+01,2.216640e+01,2.217328e+01,2.216640e+01,2.208377e+01,2.196660e+01,2.195970e+01,2.195970e+01,2.200797e+01,2.193901e+01,2.192521e+01,2.196660e+01,2.193211e+01,2.184929e+01,2.184239e+01,2.177332e+01,2.175949e+01,2.180095e+01,2.169037e+01,2.164195e+01,2.183548e+01,2.168345e+01,2.197349e+01,2.198039e+01,2.209066e+01,2.209066e+01,2.213886e+01,2.213886e+01,2.209755e+01,2.213198e+01,2.207688e+01,2.216640e+01,2.215952e+01,2.214575e+01,2.204243e+01,2.215263e+01,2.222145e+01,2.215952e+01,2.219393e+01,2.226271e+01,2.224208e+01,2.220769e+01,2.182858e+01,2.180095e+01,2.176641e+01,2.176641e+01,2.175949e+01,2.180095e+01,2.169037e+01,2.178022e+01,2.182167e+01,2.184929e+01,2.187000e+01,2.194591e+01,2.184239e+01,2.191141e+01,2.191141e+01,2.198729e+01,2.195280e+01,2.194591e+01,2.201486e+01,2.200107e+01,2.183548e+01,2.191141e+01,2.200107e+01,2.201486e+01,2.200107e+01,2.187000e+01,2.182858e+01,2.184929e+01,2.198729e+01,2.192521e+01,2.206310e+01,2.202176e+01,2.198729e+01,2.203554e+01,2.204243e+01,2.203554e+01,2.205621e+01,2.197349e+01,2.198729e+01,2.195280e+01,2.206999e+01,2.247566e+01,2.269502e+01,2.268817e+01,2.264708e+01,2.264708e+01,2.268132e+01,2.271556e+01,2.266763e+01,2.259911e+01,2.253055e+01,2.251683e+01,2.281820e+01,2.254426e+01,2.258540e+01,2.255112e+01,2.260596e+01,2.257854e+01,2.187000e+01,2.110783e+01,2.124683e+01,2.105914e+01,2.096167e+01,2.109392e+01,2.108001e+01,2.091291e+01,2.095471e+01,2.093381e+01,2.112869e+01,2.147577e+01,2.216640e+01,2.262652e+01,2.265392e+01,2.268132e+01,2.268817e+01,2.271556e+01,2.270187e+01,2.278400e+01,2.264708e+01,2.270871e+01,2.286607e+01,2.270871e+01,2.253741e+01,2.215263e+01,2.178022e+01,2.173876e+01,2.155890e+01,2.164887e+01,2.146191e+01,2.165579e+01,2.178022e+01,2.202176e+01,2.227647e+01,2.237268e+01,2.240015e+01,2.231771e+01,2.236581e+01,2.235207e+01,2.233146e+01,2.224208e+01,2.222833e+01,2.235894e+01,2.230396e+01,2.224896e+01,2.200797e+01,2.152427e+01,2.154505e+01,2.155197e+01,2.157274e+01,2.157967e+01,2.146191e+01,2.153119e+01,2.153812e+01,2.151042e+01,2.142725e+01,2.135790e+01,2.133014e+01,2.125378e+01,2.137177e+01,2.148270e+01,2.140645e+01,2.142032e+01,2.144112e+01,2.146191e+01,2.145498e+01,2.142032e+01,2.153119e+01,2.145498e+01,2.144805e+01,2.152427e+01,2.158659e+01,2.145498e+01,2.153119e+01,2.157274e+01,2.146884e+01,2.145498e+01,2.150349e+01,2.147577e+01,2.155197e+01,2.138565e+01,2.152427e+01,2.137871e+01,2.140645e+01,2.135790e+01,2.137871e+01,2.137871e+01,2.133708e+01,2.144112e+01,2.189761e+01,2.220081e+01,2.218705e+01,2.229709e+01,2.208377e+01,2.233146e+01,2.220769e+01,2.216640e+01,2.219393e+01,2.222833e+01,2.215952e+01,2.227647e+01,2.225584e+01,2.216640e+01,2.223520e+01,2.227647e+01,2.220081e+01,2.222145e+01,2.220081e+01,2.219393e+01,2.215952e+01,2.218705e+01,2.215952e+01,2.218705e+01,2.209755e+01,2.220769e+01,2.215263e+01,2.218016e+01,2.215263e+01,2.213886e+01,2.219393e+01,2.211132e+01,2.214575e+01,2.205621e+01,2.209755e+01,2.211132e+01,2.218016e+01,2.209755e+01,2.214575e+01,2.212509e+01,2.204243e+01,2.208377e+01,2.209066e+01,2.205621e+01,2.204243e+01,2.210443e+01,2.204932e+01,2.202865e+01,2.205621e+01,2.202176e+01,2.201486e+01,2.195280e+01,2.214575e+01,2.200797e+01,2.211821e+01,2.206310e+01,2.201486e+01,2.215952e+01,2.213886e+01,2.212509e+01,2.220081e+01,2.232458e+01,2.233833e+01,2.232458e+01,2.234520e+01,2.246194e+01,2.246194e+01,2.244821e+01,2.245507e+01,2.242762e+01,2.248939e+01,2.248939e+01,2.250997e+01,2.253055e+01,2.247566e+01,2.244135e+01,2.252369e+01,2.253055e+01,2.253055e+01,2.251683e+01,2.252369e+01,2.246194e+01,2.247566e+01,2.242762e+01,2.252369e+01,2.245507e+01,2.248252e+01,2.253055e+01,2.248252e+01,2.246880e+01,2.248939e+01,2.242075e+01,2.224896e+01,2.248252e+01,2.244135e+01,2.235894e+01,2.241389e+01,2.237268e+01,2.240015e+01,2.239328e+01,2.239328e+01,2.240015e+01,2.237955e+01,2.227647e+01,2.231084e+01,2.235207e+01,2.231771e+01,2.240015e+01,2.229022e+01,2.224896e+01,2.226959e+01,2.225584e+01,2.213198e+01,2.222145e+01,2.225584e+01,2.222833e+01,2.223520e+01,2.222833e+01,2.227647e+01,2.209755e+01,2.220081e+01,2.205621e+01,2.209755e+01,2.198039e+01,2.214575e+01,2.202865e+01,2.205621e+01,2.206310e+01,2.215952e+01,2.203554e+01,2.213198e+01,2.204932e+01,2.209066e+01,2.210443e+01,2.209066e+01,2.175949e+01,2.207688e+01,2.206999e+01,2.207688e+01,2.216640e+01,2.208377e+01,2.211821e+01,2.212509e+01,2.211132e+01,2.214575e+01,2.201486e+01,2.205621e+01,2.218016e+01,2.215263e+01,2.208377e+01,2.211132e+01,2.217328e+01,2.210443e+01,2.218705e+01,2.215952e+01,2.216640e+01,2.213886e+01,2.209755e+01,2.215952e+01,2.224896e+01,2.215952e+01,2.222145e+01,2.218705e+01,2.219393e+01,2.218016e+01,2.224896e+01,2.212509e+01,2.220081e+01,2.218016e+01,2.228334e+01,2.237268e+01,2.232458e+01,2.231771e+01,2.246880e+01,2.244135e+01,2.244135e+01,2.245507e+01,2.242075e+01,2.241389e+01,2.257854e+01,2.248252e+01,2.247566e+01,2.245507e+01,2.247566e+01,2.242075e+01,2.240702e+01,2.247566e+01,2.238642e+01,2.231771e+01,2.244821e+01,2.246194e+01,2.246194e+01,2.231084e+01,2.236581e+01
2.213198e+01,2.220769e+01,2.214575e+01,2.217328e+01,2.218016e+01,2.225584e+01,2.224208e+01,2.220769e+01,2.229709e+01,2.226271e+01,2.216640e+01,2.230396e+01,2.212509e+01,2.220081e+01,2.220769e+01,2.222145e+01,2.215952e+01,2.218705e+01,2.220769e+01,2.217328e+01,2.213886e+01,2.218016e+01,2.212509e+01,2.201486e+01,2.211132e+01,2.215263e+01,2.208377e+01,2.213198e+01,2.215263e+01,2.211132e+01,2.203554e+01,2.211821e+01,2.214575e+01,2.214575e+01,2.213886e+01,2.214575e+01,2.217328e+01,2.205621e+01,2.206310e+01,2.205621e+01,2.207688e+01,2.215952e+01,2.210443e+01,2.217328e+01,2.211821e+01,2.215952e+01,2.217328e+01,2.220769e+01,2.218016e+01,2.221457e+01,2.221457e+01,2.235207e+01,2.235207e+01,2.226959e+01,2.241389e+01,2.237268e+01,2.240702e+01,2.237268e+01,2.237268e+01,2.235894e+01,2.225584e+01,2.235894e+01,2.235894e+01,2.240702e+01,2.233146e+01,2.243448e+01,2.241389e+01,2.248939e+01,2.238642e+01,2.255112e+01,2.244821e+01,2.246880e+01,2.244135e+01,2.241389e+01,2.243448e+01,2.248939e+01,2.248252e+01,2.248252e+01,2.242762e+01,2.242762e+01,2.244135e+01,2.251683e+01,2.244821e+01,2.246194e+01,2.253055e+01,2.250311e+01,2.242762e+01,2.249625e+01,2.250997e+01,2.265392e+01,2.251683e+01,2.261967e+01,2.243448e+01,2.272925e+01,2.266763e+01,2.257854e+01,2.263337e+01,2.263337e+01,2.256483e+01,2.255798e+01,2.251683e+01,2.251683e+01,2.255798e+01,2.254426e+01,2.264022e+01,2.257854e+01,2.250997e+01,2.255112e+01,2.261282e+01,2.253741e+01,2.255798e+01,2.259225e+01,2.257854e+01,2.255798e+01,2.255798e+01,2.253055e+01,2.264022e+01,2.250311e+01,2.253741e+01,2.263337e+01,2.252369e+01,2.250997e+01,2.253055e+01,2.253741e+01,2.253055e+01,2.258540e+01,2.255798e+01,2.259225e+01,2.258540e+01,2.252369e+01,2.242762e+01,2.246194e+01,2.254426e+01,2.255798e+01,2.242762e+01,2.248939e+01,2.250311e+01,2.248252e+01,2.249625e+01,2.246194e+01,2.245507e+01,2.246880e+01,2.246194e+01,2.251683e+01,2.244135e+01,2.244821e+01,2.248252e+01,2.246880e+01,2.244821e+01,2.242762e+01,2.246880e+01,2.232458e+01,2.243448e+01,2.242075e+01,2.238642e+01,2.238642e+01,2.236581e+01,2.236581e+01,2.243448e+01,2.242762e+01,2.250997e+01,2.235894e+01,2.240015e+01,2.233146e+01,2.248939e+01,2.246880e+01,2.243448e+01,2.237955e+01,2.234520e+01,2.246194e+01,2.242762e+01,2.244821e+01,2.240702e+01,2.234520e+01,2.235207e+01,2.238642e+01,2.244821e+01,2.243448e+01,2.242762e+01,2.242762e+01,2.245507e+01,2.240702e+01,2.246194e+01,2.241389e+01,2.241389e+01,2.242075e+01,2.246880e+01,2.242075e+01,2.245507e+01,2.242075e+01,2.237268e+01,2.242762e+01,2.246194e+01,2.244821e+01,2.249625e+01,2.254426e+01,2.248939e+01,2.256483e+01,2.255798e+01,2.255798e+01,2.259225e+01,2.262652e+01,2.265392e+01,2.255112e+01,2.264022e+01,2.250997e+01,2.254426e+01,2.264022e+01,2.247566e+01,2.252369e+01,2.257854e+01,2.270871e+01,2.264708e+01,2.253741e+01,2.271556e+01,2.266763e+01,2.258540e+01,2.256483e+01,2.262652e+01,2.262652e+01,2.260596e+01,2.260596e+01,2.240702e+01,2.204932e+01,2.176641e+01,2.121905e+01,2.122600e+01,2.123294e+01,2.118431e+01,2.137871e+01,2.180095e+01,2.155197e+01,2.171111e+01,2.175949e+01,2.173185e+01,2.191831e+01,2.188381e+01,2.184929e+01,2.203554e+01,2.206999e+01,2.204243e+01,2.198729e+01,2.195280e+01,2.205621e+01,2.211132e+01,2.208377e+01,2.212509e+01,2.198039e+01,2.198039e+01,2.207688e+01,2.213886e+01,2.206310e+01,2.212509e+01,2.208377e+01,2.211132e+01,2.215263e+01,2.216640e+01,2.215263e+01,2.209755e+01,2.209755e+01,2.213198e+01,2.204932e+01,2.198729e+01,2.193211e+01,2.198039e+01,2.191141e+01,2.190451e+01,2.193211e+01,2.195970e+01,2.191141e+01,2.174567e+01,2.173185e+01,2.171111e+01,2.180786e+01,2.175949e+01,2.178022e+01,2.181476e+01,2.164887e+01,2.190451e+01,2.200107e+01,2.209755e+01,2.206310e+01,2.205621e+01,2.208377e+01,2.207688e+01,2.210443e+01,2.213198e+01,2.206310e+01,2.216640e+01,2.207688e+01,2.215952e+01,2.215263e+01,2.211132e+01,2.221457e+01,2.226271e+01,2.227647e+01,2.222833e+01,2.232458e+01,2.221457e+01,2.218016e+01,2.181476e+01,2.177332e+01,2.178022e+01,2.176641e+01,2.169728e+01,2.173185e+01,2.179404e+01,2.178713e+01,2.191141e+01,2.184239e+01,2.189761e+01,2.190451e+01,2.187000e+01,2.181476e+01,2.183548e+01,2.180786e+01,2.180095e+01,2.190451e+01,2.198729e+01,2.184239e+01,2.182167e+01,2.189071e+01,2.185620e+01,2.174567e+01,2.195280e+01,2.183548e+01,2.183548e+01,2.187691e+01,2.187000e+01,2.204932e+01,2.195280e+01,2.191141e+01,2.197349e+01,2.200107e+01,2.215952e+01,2.198039e+01,2.196660e+01,2.211821e+01,2.229022e+01,2.248252e+01,2.270871e+01,2.271556e+01,2.279768e+01,2.266078e+01,2.267447e+01,2.270871e+01,2.268132e+01,2.256483e+01,2.261282e+01,2.262652e+01,2.254426e+01,2.258540e+01,2.267447e+01,2.277716e+01,2.257854e+01,2.242075e+01,2.155197e+01,2.111479e+01,2.103130e+01,2.107305e+01,2.106609e+01,2.094077e+01,2.089897e+01,2.092684e+01,2.091291e+01,2.089897e+01,2.096864e+01,2.115650e+01,2.146884e+01,2.238642e+01,2.274294e+01,2.279768e+01,2.265392e+01,2.270871e+01,2.273610e+01,2.281136e+01,2.274294e+01,2.281136e+01,2.272241e+01,2.263337e+01,2.213198e+01,2.169728e+01,2.154505e+01,2.147577e+01,2.155197e+01,2.152427e+01,2.156582e+01,2.175949e+01,2.220769e+01,2.219393e+01,2.238642e+01,2.242075e+01,2.238642e+01,2.243448e+01,2.230396e+01,2.233833e+01,2.230396e+01,2.228334e+01,2.231084e+01,2.231771e+01,2.208377e+01,2.204932e+01,2.164195e+01,2.157967e+01,2.152427e+01,2.155890e+01,2.157274e+01,2.149656e+01,2.151042e+01,2.159351e+01,2.160043e+01,2.153119e+01,2.138565e+01,2.136484e+01,2.137871e+01,2.137177e+01,2.135096e+01,2.129544e+01,2.121905e+01,2.121905e+01,2.119126e+01,2.123294e+01,2.123294e+01,2.132320e+01,2.139258e+01,2.139952e+01,2.143419e+01,2.144112e+01,2.143419e+01,2.137871e+01,2.130238e+01,2.146191e+01,2.145498e+01,2.147577e+01,2.145498e+01,2.133708e+01,2.143419e+01,2.135096e+01,2.139258e+01,2.134402e+01,2.135790e+01,2.140645e+01,2.135790e+01,2.142725e+01,2.133014e+01,2.155890e+01,2.185620e+01,2.198729e+01,2.209755e+01,2.203554e+01,2.198039e+01,2.203554e+01,2.218016e+01,2.215263e+01,2.209755e+01,2.211132e+01,2.219393e+01,2.224896e+01,2.217328e+01,2.213198e+01,2.215952e+01,2.226959e+01,2.215952e+01,2.220769e+01,2.220081e+01,2.220769e+01,2.206999e+01,2.220081e+01,2.201486e+01,2.218016e+01,2.218705e+01,2.217328e+01,2.218705e+01,2.218016e+01,2.218016e+01,2.212509e+01,2.221457e+01,2.213886e+01,2.213198e+01,2.204932e+01,2.210443e+01,2.212509e+01,2.208377e+01,2.212509e+01,2.201486e+01,2.202865e+01,2.200797e+01,2.195970e+01,2.206310e+01,2.208377e+01,2.217328e+01,2.203554e+01,2.205621e+01,2.204932e+01,2.205621e+01,2.198039e+01,2.199418e+01,2.198729e+01,2.199418e+01,2.204932e+01,2.202865e+01,2.203554e+01,2.202865e+01,2.206310e+01,2.211132e+01,2.212509e+01,2.234520e+01,2.234520e+01,2.226271e+01,2.235207e+01,2.235207e+01,2.231771e+01,2.238642e+01,2.237268e+01,2.243448e+01,2.227647e+01,2.243448e+01,2.251683e+01,2.246194e+01,2.253741e+01,2.250311e+01,2.256483e+01,2.251683e+01,2.242762e+01,2.249625e+01,2.251683e+01,2.251683e+01,2.250997e+01,2.248939e+01,2.243448e+01,2.250311e+01,2.243448e+01,2.244821e+01,2.251683e+01,2.248252e+01,2.244821e+01,2.248939e+01,2.244821e+01,2.237268e+01,2.237268e+01,2.228334e+01,2.237955e+01,2.240702e+01,2.241389e+01,2.242762e+01,2.222145e+01,2.238642e+01,2.237268e+01,2.235207e+01,2.237268e+01,2.228334e+01,2.222833e+01,2.239328e+01,2.231771e+01,2.233833e+01,2.233833e+01,2.232458e+01,2.225584e+01,2.226271e+01,2.215263e+01,2.222833e+01,2.226959e+01,2.218016e+01,2.222833e+01,2.217328e+01,2.213886e+01,2.207688e+01,2.215263e+01,2.209755e+01,2.206310e+01,2.212509e+01,2.204932e+01,2.201486e+01,2.204243e+01,2.211821e+01,2.209755e+01,2.215263e+01,2.203554e+01,2.212509e+01,2.211821e+01,2.212509e+01,2.202865e+01,2.202865e+01,2.210443e+01,2.209066e+01,2.209755e+01,2.205621e+01,2.208377e+01,2.207688e+01,2.210443e+01,2.211821e+01,2.217328e+01,2.219393e+01,2.209066e+01,2.209755e+01,2.207688e+01,2.212509e+01,2.215952e+01,2.211821e+01,2.203554e+01,2.213886e+01,2.208377e+01,2.220081e+01,2.229709e+01,2.226959e+01,2.216640e+01,2.239328e+01,2.225584e+01,2.223520e+01,2.218705e+01,2.214575e+01,2.218016e+01,2.214575e+01,2.218016e+01,2.218016e+01,2.236581e+01,2.224896e+01,2.244135e+01,2.244135e+01,2.224896e+01,2.231084e+01,2.242075e+01,2.242762e+01,2.244821e+01,2.245507e+01,2.244821e+01,2.245507e+01,2.244821e+01,2.244135e+01,2.244135e+01,2.229022e+01,2.248939e+01,2.239328e+01,2.235207e+01,2.244135e+01,2.244821e+01,2.244821e+01,2.235207e+01,2.248252e+01,2.238642e+01
2.237955e+01,2.212509e+01,2.213886e+01,2.215952e+01,2.215263e+01,2.216640e+01,2.229709e+01,2.222145e+01,2.221457e+01,2.215263e+01,2.213886e+01,2.216640e+01,2.220769e+01,2.216640e+01,2.220769e+01,2.211821e+01,2.214575e+01,2.209755e+01,2.212509e+01,2.210443e+01,2.215952e+01,2.195970e+01,2.200797e+01,2.200107e+01,2.217328e+01,2.202176e+01,2.204932e+01,2.210443e+01,2.200797e+01,2.201486e+01,2.208377e+01,2.195280e+01,2.218705e+01,2.211821e+01,2.220081e+01,2.213886e+01,2.200107e+01,2.209755e+01,2.220081e+01,2.217328e+01,2.197349e+01,2.218016e+01,2.210443e+01,2.209066e+01,2.212509e+01,2.211821e+01,2.220081e+01,2.217328e+01,2.237268e+01,2.222145e+01,2.224896e+01,2.222833e+01,2.232458e+01,2.224896e+01,2.233146e+01,2.238642e+01,2.240015e+01,2.231084e+01,2.238642e+01,2.239328e+01,2.228334e+01,2.231771e+01,2.238642e+01,2.225584e+01,2.240702e+01,2.240015e+01,2.243448e+01,2.239328e+01,2.251683e+01,2.245507e+01,2.246194e+01,2.237955e+01,2.240015e+01,2.242075e+01,2.247566e+01,2.250997e+01,2.248252e+01,2.249625e+01,2.247566e+01,2.248939e+01,2.247566e+01,2.248252e+01,2.254426e+01,2.245507e+01,2.251683e+01,2.248252e+01,2.251683e+01,2.261282e+01,2.256483e+01,2.251683e+01,2.260596e+01,2.253741e+01,2.256483e+01,2.258540e+01,2.258540e+01,2.257854e+01,2.253741e+01,2.261282e+01,2.244821e+01,2.259225e+01,2.252369e+01,2.253055e+01,2.266763e+01,2.258540e+01,2.266763e+01,2.261282e+01,2.248939e+01,2.252369e+01,2.257854e+01,2.259911e+01,2.253055e+01,2.259225e+01,2.251683e+01,2.256483e+01,2.255798e+01,2.256483e+01,2.259911e+01,2.247566e+01,2.250997e+01,2.255798e+01,2.255798e+01,2.251683e+01,2.251683e+01,2.248939e+01,2.253741e+01,2.256483e+01,2.259911e+01,2.258540e+01,2.243448e+01,2.251683e+01,2.248939e+01,2.261282e+01,2.255798e+01,2.245507e+01,2.248939e+01,2.244821e+01,2.257169e+01,2.262652e+01,2.255112e+01,2.251683e+01,2.244135e+01,2.251683e+01,2.248939e+01,2.239328e+01,2.255112e+01,2.246880e+01,2.240015e+01,2.250311e+01,2.249625e+01,2.241389e+01,2.244821e+01,2.240015e+01,2.250311e+01,2.236581e+01,2.239328e+01,2.246194e+01,2.245507e+01,2.242075e+01,2.239328e+01,2.245507e+01,2.237955e+01,2.244821e+01,2.246880e+01,2.245507e+01,2.243448e+01,2.248939e+01,2.239328e+01,2.241389e+01,2.244135e+01,2.233833e+01,2.232458e+01,2.233146e+01,2.242762e+01,2.240015e+01,2.237268e+01,2.240702e+01,2.238642e+01,2.233833e+01,2.241389e+01,2.239328e+01,2.231771e+01,2.248252e+01,2.243448e+01,2.240015e+01,2.250997e+01,2.243448e+01,2.244821e+01,2.245507e+01,2.248939e+01,2.249625e+01,2.252369e+01,2.248252e+01,2.253741e+01,2.241389e+01,2.258540e+01,2.246880e+01,2.248939e+01,2.254426e+01,2.250997e+01,2.252369e+01,2.261282e+01,2.266763e+01,2.270187e+01,2.250311e+01,2.257169e+01,2.259225e+01,2.256483e+01,2.257854e+01,2.253741e+01,2.252369e+01,2.250311e+01,2.255798e+01,2.256483e+01,2.256483e+01,2.259225e+01,2.259911e+01,2.274294e+01,2.266078e+01,2.261967e+01,2.258540e+01,2.267447e+01,2.255112e+01,2.227647e+01,2.175949e+01,2.133014e+01,2.110783e+01,2.121905e+01,2.114955e+01,2.144112e+01,2.198729e+01,2.187000e+01,2.179404e+01,2.182167e+01,2.180095e+01,2.186310e+01,2.191831e+01,2.198039e+01,2.191141e+01,2.200107e+01,2.202865e+01,2.204932e+01,2.212509e+01,2.204932e+01,2.211821e+01,2.208377e+01,2.211132e+01,2.209755e+01,2.211821e+01,2.209066e+01,2.214575e+01,2.215263e+01,2.213198e+01,2.209755e+01,2.209066e+01,2.213886e+01,2.216640e+01,2.216640e+01,2.214575e+01,2.206999e+01,2.206999e+01,2.203554e+01,2.206999e+01,2.198729e+01,2.193901e+01,2.193901e+01,2.187000e+01,2.195970e+01,2.186310e+01,2.194591e+01,2.191831e+01,2.177332e+01,2.183548e+01,2.173876e+01,2.173876e+01,2.169728e+01,2.175258e+01,2.181476e+01,2.200107e+01,2.209066e+01,2.197349e+01,2.203554e+01,2.202865e+01,2.207688e+01,2.202176e+01,2.203554e+01,2.224208e+01,2.216640e+01,2.216640e+01,2.215263e+01,2.203554e+01,2.219393e+01,2.208377e+01,2.216640e+01,2.222145e+01,2.231084e+01,2.220769e+01,2.222833e+01,2.237268e+01,2.222145e+01,2.224896e+01,2.208377e+01,2.187000e+01,2.179404e+01,2.178022e+01,2.171111e+01,2.173185e+01,2.174567e+01,2.169728e+01,2.182167e+01,2.187000e+01,2.187000e+01,2.190451e+01,2.191831e+01,2.180786e+01,2.181476e+01,2.195970e+01,2.188381e+01,2.184929e+01,2.197349e+01,2.184929e+01,2.191141e+01,2.182858e+01,2.169037e+01,2.173876e+01,2.182858e+01,2.180786e+01,2.192521e+01,2.181476e+01,2.192521e+01,2.189761e+01,2.193901e+01,2.197349e+01,2.191831e+01,2.198039e+01,2.195280e+01,2.215952e+01,2.229709e+01,2.241389e+01,2.259225e+01,2.256483e+01,2.270871e+01,2.270871e+01,2.263337e+01,2.272241e+01,2.274978e+01,2.272241e+01,2.268132e+01,2.271556e+01,2.272925e+01,2.266078e+01,2.282504e+01,2.257854e+01,2.269502e+01,2.266763e+01,2.259225e+01,2.234520e+01,2.146884e+01,2.113565e+01,2.098953e+01,2.098953e+01,2.103130e+01,2.100345e+01,2.086412e+01,2.086412e+01,2.100345e+01,2.091291e+01,2.089897e+01,2.090594e+01,2.118431e+01,2.200797e+01,2.246880e+01,2.281136e+01,2.280452e+01,2.272925e+01,2.281136e+01,2.270187e+01,2.264708e+01,2.264708e+01,2.250311e+01,2.209755e+01,2.160735e+01,2.154505e+01,2.148270e+01,2.147577e+01,2.150349e+01,2.157967e+01,2.169037e+01,2.182858e+01,2.220081e+01,2.240702e+01,2.238642e+01,2.239328e+01,2.240015e+01,2.227647e+01,2.238642e+01,2.229709e+01,2.228334e+01,2.231771e+01,2.231084e+01,2.231084e+01,2.224208e+01,2.201486e+01,2.162119e+01,2.154505e+01,2.151734e+01,2.157274e+01,2.153812e+01,2.156582e+01,2.158659e+01,2.154505e+01,2.160735e+01,2.166270e+01,2.157967e+01,2.153812e+01,2.145498e+01,2.130932e+01,2.133708e+01,2.126072e+01,2.128156e+01,2.128850e+01,2.118431e+01,2.123294e+01,2.124683e+01,2.124683e+01,2.120515e+01,2.123989e+01,2.126767e+01,2.137177e+01,2.142725e+01,2.146191e+01,2.138565e+01,2.146884e+01,2.148963e+01,2.144112e+01,2.140645e+01,2.140645e+01,2.137871e+01,2.143419e+01,2.131626e+01,2.139258e+01,2.142032e+01,2.133014e+01,2.133014e+01,2.146884e+01,2.141339e+01,2.157967e+01,2.160735e+01,2.182858e+01,2.161427e+01,2.178022e+01,2.189761e+01,2.175949e+01,2.159351e+01,2.189071e+01,2.181476e+01,2.180095e+01,2.189071e+01,2.205621e+01,2.205621e+01,2.215952e+01,2.209755e+01,2.222833e+01,2.213198e+01,2.213886e+01,2.218016e+01,2.210443e+01,2.222145e+01,2.218705e+01,2.219393e+01,2.213886e+01,2.207688e+01,2.216640e+01,2.215263e+01,2.213886e+01,2.213198e+01,2.220769e+01,2.208377e+01,2.212509e+01,2.207688e+01,2.212509e+01,2.206999e+01,2.206310e+01,2.202865e+01,2.205621e+01,2.204932e+01,2.202865e+01,2.210443e+01,2.209066e+01,2.217328e+01,2.198729e+01,2.200797e+01,2.196660e+01,2.197349e+01,2.192521e+01,2.199418e+01,2.193901e+01,2.206999e+01,2.198039e+01,2.208377e+01,2.196660e+01,2.211821e+01,2.202865e+01,2.201486e+01,2.211132e+01,2.215952e+01,2.215952e+01,2.222833e+01,2.215263e+01,2.222833e+01,2.226271e+01,2.229022e+01,2.242762e+01,2.233146e+01,2.243448e+01,2.238642e+01,2.244821e+01,2.249625e+01,2.246880e+01,2.246194e+01,2.244821e+01,2.246880e+01,2.251683e+01,2.241389e+01,2.248252e+01,2.242762e+01,2.249625e+01,2.252369e+01,2.250997e+01,2.255112e+01,2.246194e+01,2.242762e+01,2.253055e+01,2.250311e+01,2.255112e+01,2.247566e+01,2.248939e+01,2.245507e+01,2.242762e+01,2.234520e+01,2.246880e+01,2.242075e+01,2.237268e+01,2.231771e+01,2.237268e+01,2.233833e+01,2.244821e+01,2.233833e+01,2.232458e+01,2.231771e+01,2.233833e+01,2.233146e+01,2.229709e+01,2.238642e+01,2.230396e+01,2.226959e+01,2.229709e+01,2.219393e+01,2.237955e+01,2.225584e+01,2.222145e+01,2.206310e+01,2.216640e+01,2.215263e+01,2.209066e+01,2.226271e+01,2.211821e+01,2.208377e+01,2.213886e+01,2.230396e+01,2.191831e+01,2.209755e+01,2.204932e+01,2.204932e+01,2.213886e+01,2.194591e+01,2.204243e+01,2.201486e+01,2.202176e+01,2.202176e+01,2.203554e+01,2.211821e+01,2.209066e+01,2.204243e+01,2.203554e+01,2.205621e+01,2.213886e+01,2.211132e+01,2.204243e+01,2.208377e+01,2.211132e+01,2.210443e+01,2.200797e+01,2.196660e+01,2.204932e+01,2.211132e+01,2.209066e+01,2.211821e+01,2.212509e+01,2.211132e+01,2.215263e+01,2.209755e+01,2.213886e+01,2.213886e+01,2.218705e+01,2.226271e+01,2.218016e+01,2.226959e+01,2.215952e+01,2.224208e+01,2.215952e+01,2.217328e+01,2.222833e+01,2.218705e+01,2.219393e+01,2.218016e+01,2.219393e+01,2.222833e+01,2.237268e+01,2.242075e+01,2.238642e+01,2.244135e+01,2.246194e+01,2.241389e+01,2.242762e+01,2.237955e+01,2.246880e+01,2.251683e+01,2.240702e+01,2.240702e+01,2.241389e+01,2.236581e+01,2.231771e+01,2.236581e+01,2.242762e+01,2.233833e+01,2.231084e+01,2.241389e+01,2.242075e+01,2.235207e+01,2.229709e+01
2.215952e+01,2.211132e+01,2.201486e+01,2.206310e+01,2.217328e+01,2.215263e+01,2.222145e+01,2.215952e+01,2.199418e+01,2.222145e+01,2.222145e+01,2.221457e+01,2.228334e+01,2.213198e+01,2.210443e+01,2.220769e+01,2.217328e+01,2.211821e+01,2.209066e+01,2.211821e+01,2.207688e+01,2.184239e+01,2.217328e+01,2.222833e+01,2.215952e+01,2.202865e+01,2.211821e+01,2.191831e+01,2.212509e+01,2.203554e+01,2.200107e+01,2.204243e+01,2.204932e+01,2.205621e+01,2.196660e+01,2.201486e+01,2.200107e+01,2.197349e+01,2.213198e+01,2.202176e+01,2.204243e+01,2.206310e+01,2.218705e+01,2.219393e+01,2.221457e+01,2.210443e+01,2.219393e+01,2.215952e+01,2.235207e+01,2.217328e+01,2.227647e+01,2.231771e+01,2.224896e+01,2.232458e+01,2.232458e+01,2.233146e+01,2.242075e+01,2.235207e+01,2.238642e+01,2.237268e+01,2.240702e+01,2.235207e+01,2.237955e+01,2.237268e+01,2.240015e+01,2.238642e+01,2.239328e+01,2.241389e+01,2.235207e+01,2.236581e+01,2.248939e+01,2.239328e+01,2.246194e+01,2.244821e+01,2.247566e+01,2.245507e+01,2.246880e+01,2.244821e+01,2.244135e+01,2.261282e+01,2.252369e+01,2.248252e+01,2.241389e+01,2.246880e+01,2.246194e+01,2.255798e+01,2.248939e+01,2.257854e+01,2.252369e+01,2.257854e+01,2.262652e+01,2.253741e+01,2.255112e+01,2.250311e+01,2.263337e+01,2.259225e+01,2.259911e+01,2.258540e+01,2.261282e+01,2.255798e+01,2.254426e+01,2.264022e+01,2.261967e+01,2.264708e+01,2.248252e+01,2.259225e+01,2.252369e+01,2.261282e+01,2.252369e+01,2.253055e+01,2.253055e+01,2.255112e+01,2.257169e+01,2.256483e+01,2.258540e+01,2.251683e+01,2.257854e+01,2.248252e+01,2.255798e+01,2.247566e+01,2.253055e+01,2.252369e+01,2.247566e+01,2.244135e+01,2.255798e+01,2.258540e+01,2.258540e+01,2.258540e+01,2.257169e+01,2.248939e+01,2.251683e+01,2.253741e+01,2.266078e+01,2.257854e+01,2.246880e+01,2.256483e+01,2.255112e+01,2.246880e+01,2.257169e+01,2.250997e+01,2.253741e+01,2.251683e+01,2.248252e+01,2.252369e+01,2.243448e+01,2.244821e+01,2.242075e+01,2.242762e+01,2.239328e+01,2.240015e+01,2.242075e+01,2.247566e+01,2.242075e+01,2.240702e+01,2.233833e+01,2.245507e+01,2.240015e+01,2.244135e+01,2.237268e+01,2.213886e+01,2.237268e+01,2.235894e+01,2.238642e+01,2.237955e+01,2.245507e+01,2.237268e+01,2.246194e+01,2.238642e+01,2.235207e+01,2.240702e+01,2.242075e+01,2.238642e+01,2.240702e+01,2.235207e+01,2.233146e+01,2.238642e+01,2.241389e+01,2.244821e+01,2.244821e+01,2.230396e+01,2.236581e+01,2.245507e+01,2.245507e+01,2.239328e+01,2.250311e+01,2.244821e+01,2.246194e+01,2.247566e+01,2.249625e+01,2.253741e+01,2.248939e+01,2.253055e+01,2.246880e+01,2.251683e+01,2.256483e+01,2.250311e+01,2.253055e+01,2.253055e+01,2.257854e+01,2.254426e+01,2.259911e+01,2.262652e+01,2.266078e+01,2.268132e+01,2.259911e+01,2.261967e+01,2.259225e+01,2.256483e+01,2.257169e+01,2.248252e+01,2.257854e+01,2.249625e+01,2.261282e+01,2.255112e+01,2.259911e+01,2.254426e+01,2.264022e+01,2.270187e+01,2.256483e+01,2.255798e+01,2.259225e+01,2.227647e+01,2.187691e+01,2.144112e+01,2.144112e+01,2.123294e+01,2.146884e+01,2.151734e+01,2.178713e+01,2.224208e+01,2.204243e+01,2.156582e+01,2.180786e+01,2.178022e+01,2.175949e+01,2.182167e+01,2.189761e+01,2.195280e+01,2.202865e+01,2.200107e+01,2.202865e+01,2.212509e+01,2.218016e+01,2.204932e+01,2.201486e+01,2.210443e+01,2.209066e+01,2.208377e+01,2.215263e+01,2.209755e+01,2.215952e+01,2.210443e+01,2.213198e+01,2.215952e+01,2.209066e+01,2.217328e+01,2.211821e+01,2.213886e+01,2.211132e+01,2.200797e+01,2.203554e+01,2.200797e+01,2.202176e+01,2.199418e+01,2.195970e+01,2.184929e+01,2.185620e+01,2.184929e+01,2.192521e+01,2.189071e+01,2.177332e+01,2.176641e+01,2.178713e+01,2.176641e+01,2.185620e+01,2.187000e+01,2.193211e+01,2.198729e+01,2.196660e+01,2.200107e+01,2.203554e+01,2.202865e+01,2.209755e+01,2.201486e+01,2.221457e+01,2.219393e+01,2.204932e+01,2.211821e+01,2.218705e+01,2.226959e+01,2.222833e+01,2.211132e+01,2.226271e+01,2.233146e+01,2.220769e+01,2.222145e+01,2.221457e+01,2.231771e+01,2.222833e+01,2.213886e+01,2.222145e+01,2.208377e+01,2.193211e+01,2.176641e+01,2.175258e+01,2.171802e+01,2.175258e+01,2.176641e+01,2.180786e+01,2.176641e+01,2.175949e+01,2.184929e+01,2.187691e+01,2.191831e+01,2.183548e+01,2.196660e+01,2.179404e+01,2.180786e+01,2.180095e+01,2.181476e+01,2.184239e+01,2.187691e+01,2.196660e+01,2.177332e+01,2.178022e+01,2.181476e+01,2.191831e+01,2.183548e+01,2.184239e+01,2.199418e+01,2.193211e+01,2.195970e+01,2.195970e+01,2.198039e+01,2.200797e+01,2.204243e+01,2.245507e+01,2.242762e+01,2.271556e+01,2.262652e+01,2.277032e+01,2.268132e+01,2.270871e+01,2.267447e+01,2.276347e+01,2.269502e+01,2.277032e+01,2.268817e+01,2.250997e+01,2.237955e+01,2.231084e+01,2.231084e+01,2.255798e+01,2.255112e+01,2.250311e+01,2.225584e+01,2.132320e+01,2.103130e+01,2.096167e+01,2.099649e+01,2.096167e+01,2.086412e+01,2.089897e+01,2.084320e+01,2.086412e+01,2.098256e+01,2.091987e+01,2.097560e+01,2.091987e+01,2.156582e+01,2.253741e+01,2.269502e+01,2.277032e+01,2.270187e+01,2.266078e+01,2.274978e+01,2.271556e+01,2.249625e+01,2.200797e+01,2.159351e+01,2.144805e+01,2.146191e+01,2.146191e+01,2.153812e+01,2.151734e+01,2.151042e+01,2.168345e+01,2.229709e+01,2.239328e+01,2.225584e+01,2.246880e+01,2.244135e+01,2.236581e+01,2.229709e+01,2.231084e+01,2.233833e+01,2.229022e+01,2.229022e+01,2.232458e+01,2.233833e+01,2.219393e+01,2.195970e+01,2.162811e+01,2.155197e+01,2.153812e+01,2.157967e+01,2.161427e+01,2.161427e+01,2.160043e+01,2.163503e+01,2.160735e+01,2.162811e+01,2.166270e+01,2.152427e+01,2.141339e+01,2.148270e+01,2.126767e+01,2.142032e+01,2.132320e+01,2.128156e+01,2.124683e+01,2.125378e+01,2.117736e+01,2.119820e+01,2.121210e+01,2.128156e+01,2.119820e+01,2.120515e+01,2.121210e+01,2.122600e+01,2.128156e+01,2.142725e+01,2.145498e+01,2.142032e+01,2.137177e+01,2.133708e+01,2.113565e+01,2.133014e+01,2.133708e+01,2.129544e+01,2.134402e+01,2.115650e+01,2.114955e+01,2.114955e+01,2.130238e+01,2.114260e+01,2.116345e+01,2.127461e+01,2.144805e+01,2.135790e+01,2.134402e+01,2.152427e+01,2.143419e+01,2.149656e+01,2.155197e+01,2.153119e+01,2.165579e+01,2.191831e+01,2.201486e+01,2.204243e+01,2.199418e+01,2.209755e+01,2.222145e+01,2.213198e+01,2.218016e+01,2.206310e+01,2.212509e+01,2.209755e+01,2.220081e+01,2.208377e+01,2.211821e+01,2.208377e+01,2.215263e+01,2.201486e+01,2.211821e+01,2.211132e+01,2.208377e+01,2.214575e+01,2.209755e+01,2.205621e+01,2.208377e+01,2.206310e+01,2.218705e+01,2.199418e+01,2.210443e+01,2.209066e+01,2.202865e+01,2.211132e+01,2.206310e+01,2.197349e+01,2.195970e+01,2.201486e+01,2.203554e+01,2.199418e+01,2.203554e+01,2.198729e+01,2.205621e+01,2.195280e+01,2.192521e+01,2.195970e+01,2.200107e+01,2.204243e+01,2.203554e+01,2.204932e+01,2.218705e+01,2.211821e+01,2.221457e+01,2.218705e+01,2.214575e+01,2.229022e+01,2.233833e+01,2.244135e+01,2.229022e+01,2.243448e+01,2.234520e+01,2.241389e+01,2.244135e+01,2.248939e+01,2.241389e+01,2.240702e+01,2.247566e+01,2.248939e+01,2.248252e+01,2.248939e+01,2.252369e+01,2.247566e+01,2.250311e+01,2.246880e+01,2.248939e+01,2.251683e+01,2.253741e+01,2.243448e+01,2.250311e+01,2.243448e+01,2.235207e+01,2.254426e+01,2.246194e+01,2.252369e+01,2.244135e+01,2.233833e+01,2.240702e+01,2.237268e+01,2.233146e+01,2.241389e+01,2.243448e+01,2.229709e+01,2.231771e+01,2.236581e+01,2.231771e+01,2.232458e+01,2.238642e+01,2.232458e+01,2.229022e+01,2.224896e+01,2.223520e+01,2.222833e+01,2.225584e+01,2.230396e+01,2.211132e+01,2.220769e+01,2.215952e+01,2.218016e+01,2.241389e+01,2.220769e+01,2.214575e+01,2.220769e+01,2.213886e+01,2.212509e+01,2.207688e+01,2.211821e+01,2.213198e+01,2.206999e+01,2.204243e+01,2.210443e+01,2.210443e+01,2.199418e+01,2.200797e+01,2.211821e+01,2.204243e+01,2.203554e+01,2.202176e+01,2.207688e+01,2.210443e+01,2.203554e+01,2.202865e+01,2.204932e+01,2.211132e+01,2.216640e+01,2.208377e+01,2.198729e+01,2.203554e+01,2.198039e+01,2.210443e+01,2.213198e+01,2.214575e+01,2.213198e+01,2.208377e+01,2.225584e+01,2.212509e+01,2.213886e+01,2.211821e+01,2.211821e+01,2.207688e+01,2.211821e+01,2.220769e+01,2.206310e+01,2.223520e+01,2.221457e+01,2.211132e+01,2.215263e+01,2.224208e+01,2.218016e+01,2.221457e+01,2.216640e+01,2.225584e+01,2.227647e+01,2.233833e+01,2.224896e+01,2.231084e+01,2.236581e+01,2.243448e+01,2.242762e+01,2.228334e+01,2.242075e+01,2.248939e+01,2.247566e+01,2.246194e+01,2.240015e+01,2.251683e+01,2.240015e+01,2.237955e+01,2.244135e+01,2.240702e+01,2.237955e+01,2.241389e+01,2.233146e+01,2.238642e+01,2.230396e+01,2.228334e+01,2.228334e+01
2.213198e+01,2.211821e+01,2.220769e+01,2.213886e+01,2.214575e+01,2.220081e+01,2.218016e+01,2.215263e+01,2.215263e+01,2.218016e+01,2.215263e+01,2.223520e+01,2.213198e+01,2.214575e+01,2.210443e+01,2.196660e+01,2.211132e+01,2.218016e+01,2.210443e+01,2.211132e+01,2.195280e+01,2.215952e+01,2.220081e+01,2.206999e+01,2.203554e+01,2.206310e+01,2.207688e+01,2.203554e+01,2.202176e+01,2.220769e+01,2.212509e+01,2.192521e+01,2.206999e+01,2.201486e+01,2.207688e+01,2.204932e+01,2.204932e+01,2.195970e+01,2.197349e+01,2.206310e+01,2.208377e+01,2.204932e+01,2.209066e+01,2.206999e+01,2.213886e+01,2.212509e+01,2.211821e+01,2.220769e+01,2.219393e+01,2.213886e+01,2.225584e+01,2.227647e+01,2.220769e+01,2.226271e+01,2.231084e+01,2.229709e+01,2.233146e+01,2.234520e+01,2.229022e+01,2.241389e+01,2.228334e+01,2.241389e+01,2.236581e+01,2.240015e+01,2.240702e+01,2.240702e+01,2.239328e+01,2.244821e+01,2.240702e+01,2.251683e+01,2.240702e+01,2.246880e+01,2.243448e+01,2.240702e+01,2.245507e+01,2.240015e+01,2.246880e+01,2.249625e+01,2.247566e+01,2.262652e+01,2.247566e+01,2.254426e+01,2.246194e+01,2.241389e+01,2.248939e+01,2.246880e+01,2.264708e+01,2.252369e+01,2.250311e+01,2.262652e+01,2.250997e+01,2.252369e+01,2.252369e+01,2.264022e+01,2.255112e+01,2.258540e+01,2.260596e+01,2.261967e+01,2.259225e+01,2.260596e+01,2.253741e+01,2.257169e+01,2.256483e+01,2.265392e+01,2.257169e+01,2.249625e+01,2.256483e+01,2.261282e+01,2.261282e+01,2.257854e+01,2.259911e+01,2.259911e+01,2.255112e+01,2.255112e+01,2.257854e+01,2.256483e+01,2.261282e+01,2.261282e+01,2.257169e+01,2.257854e+01,2.260596e+01,2.245507e+01,2.255112e+01,2.242762e+01,2.257854e+01,2.251683e+01,2.258540e+01,2.255798e+01,2.256483e+01,2.257169e+01,2.257854e+01,2.259225e+01,2.255112e+01,2.256483e+01,2.253055e+01,2.253741e+01,2.249625e+01,2.250311e+01,2.252369e+01,2.255798e+01,2.255798e+01,2.249625e+01,2.253741e+01,2.246880e+01,2.247566e+01,2.247566e+01,2.241389e+01,2.244135e+01,2.248939e+01,2.242762e+01,2.243448e+01,2.244821e+01,2.244135e+01,2.240702e+01,2.239328e+01,2.237955e+01,2.240015e+01,2.237268e+01,2.234520e+01,2.240015e+01,2.241389e+01,2.240702e+01,2.237955e+01,2.240015e+01,2.244821e+01,2.240702e+01,2.237268e+01,2.244135e+01,2.231084e+01,2.229022e+01,2.240702e+01,2.237268e+01,2.248252e+01,2.243448e+01,2.237268e+01,2.243448e+01,2.242762e+01,2.237268e+01,2.237955e+01,2.234520e+01,2.238642e+01,2.248252e+01,2.253741e+01,2.245507e+01,2.247566e+01,2.251683e+01,2.252369e+01,2.251683e+01,2.244135e+01,2.246194e+01,2.249625e+01,2.248939e+01,2.262652e+01,2.255112e+01,2.257854e+01,2.255112e+01,2.255112e+01,2.255798e+01,2.254426e+01,2.252369e+01,2.260596e+01,2.264708e+01,2.266078e+01,2.268817e+01,2.261282e+01,2.260596e+01,2.255112e+01,2.246194e+01,2.258540e+01,2.258540e+01,2.255112e+01,2.254426e+01,2.261282e+01,2.263337e+01,2.271556e+01,2.261967e+01,2.266078e+01,2.257169e+01,2.253741e+01,2.257169e+01,2.224208e+01,2.189761e+01,2.157274e+01,2.139258e+01,2.148963e+01,2.153119e+01,2.152427e+01,2.170420e+01,2.169728e+01,2.220081e+01,2.218016e+01,2.183548e+01,2.178022e+01,2.184239e+01,2.196660e+01,2.191831e+01,2.193901e+01,2.192521e+01,2.192521e+01,2.213886e+01,2.213886e+01,2.215952e+01,2.217328e+01,2.204932e+01,2.206999e+01,2.209755e+01,2.211821e+01,2.212509e+01,2.216640e+01,2.224208e+01,2.210443e+01,2.211821e+01,2.213198e+01,2.218705e+01,2.216640e+01,2.217328e+01,2.211821e+01,2.209755e+01,2.211821e+01,2.201486e+01,2.200107e+01,2.195970e+01,2.197349e+01,2.195280e+01,2.195280e+01,2.185620e+01,2.185620e+01,2.187691e+01,2.187691e+01,2.180786e+01,2.182858e+01,2.178713e+01,2.178022e+01,2.182167e+01,2.189071e+01,2.195280e+01,2.202176e+01,2.213886e+01,2.214575e+01,2.201486e+01,2.204243e+01,2.221457e+01,2.204932e+01,2.202176e+01,2.217328e+01,2.217328e+01,2.204932e+01,2.220769e+01,2.216640e+01,2.226271e+01,2.220769e+01,2.226959e+01,2.208377e+01,2.233833e+01,2.218705e+01,2.220081e+01,2.222145e+01,2.227647e+01,2.226959e+01,2.227647e+01,2.223520e+01,2.220769e+01,2.222145e+01,2.205621e+01,2.176641e+01,2.164887e+01,2.175949e+01,2.179404e+01,2.181476e+01,2.181476e+01,2.174567e+01,2.181476e+01,2.181476e+01,2.180786e+01,2.183548e+01,2.187691e+01,2.193901e+01,2.180095e+01,2.182858e+01,2.180786e+01,2.182858e+01,2.180095e+01,2.186310e+01,2.170420e+01,2.173876e+01,2.182167e+01,2.181476e+01,2.179404e+01,2.182167e+01,2.187000e+01,2.195280e+01,2.193901e+01,2.194591e+01,2.197349e+01,2.200107e+01,2.215263e+01,2.239328e+01,2.252369e+01,2.255798e+01,2.273610e+01,2.268817e+01,2.269502e+01,2.266078e+01,2.275663e+01,2.274294e+01,2.268817e+01,2.258540e+01,2.220081e+01,2.182167e+01,2.164887e+01,2.164887e+01,2.142725e+01,2.171111e+01,2.254426e+01,2.253055e+01,2.241389e+01,2.117041e+01,2.097560e+01,2.097560e+01,2.098256e+01,2.087806e+01,2.087109e+01,2.101042e+01,2.072459e+01,2.091291e+01,2.089200e+01,2.091987e+01,2.091987e+01,2.096864e+01,2.141339e+01,2.234520e+01,2.275663e+01,2.274978e+01,2.254426e+01,2.273610e+01,2.268132e+01,2.253741e+01,2.204932e+01,2.160735e+01,2.142725e+01,2.143419e+01,2.147577e+01,2.149656e+01,2.149656e+01,2.151042e+01,2.161427e+01,2.167654e+01,2.215263e+01,2.240015e+01,2.236581e+01,2.240702e+01,2.249625e+01,2.235207e+01,2.242762e+01,2.233833e+01,2.233146e+01,2.229709e+01,2.235894e+01,2.235207e+01,2.218016e+01,2.232458e+01,2.194591e+01,2.163503e+01,2.164195e+01,2.162811e+01,2.164195e+01,2.160043e+01,2.161427e+01,2.166962e+01,2.155890e+01,2.162119e+01,2.158659e+01,2.156582e+01,2.155197e+01,2.146191e+01,2.145498e+01,2.142032e+01,2.148270e+01,2.124683e+01,2.124683e+01,2.128156e+01,2.126072e+01,2.120515e+01,2.116345e+01,2.123294e+01,2.126767e+01,2.123989e+01,2.119820e+01,2.118431e+01,2.119126e+01,2.121210e+01,2.144112e+01,2.146884e+01,2.119126e+01,2.113565e+01,2.123989e+01,2.110088e+01,2.103826e+01,2.101738e+01,2.104522e+01,2.114955e+01,2.108696e+01,2.103130e+01,2.111479e+01,2.113565e+01,2.112174e+01,2.121210e+01,2.129544e+01,2.129544e+01,2.124683e+01,2.139952e+01,2.146191e+01,2.139258e+01,2.151734e+01,2.144805e+01,2.151042e+01,2.144112e+01,2.155890e+01,2.185620e+01,2.205621e+01,2.201486e+01,2.206999e+01,2.209755e+01,2.208377e+01,2.211821e+01,2.206310e+01,2.204243e+01,2.204243e+01,2.201486e+01,2.199418e+01,2.216640e+01,2.212509e+01,2.210443e+01,2.210443e+01,2.207688e+01,2.204243e+01,2.204932e+01,2.211132e+01,2.206310e+01,2.191831e+01,2.198039e+01,2.207688e+01,2.206310e+01,2.200797e+01,2.202176e+01,2.209066e+01,2.200797e+01,2.201486e+01,2.204932e+01,2.202865e+01,2.200797e+01,2.193901e+01,2.195280e+01,2.204243e+01,2.200107e+01,2.197349e+01,2.203554e+01,2.191831e+01,2.192521e+01,2.202176e+01,2.196660e+01,2.206999e+01,2.206999e+01,2.203554e+01,2.205621e+01,2.220769e+01,2.216640e+01,2.230396e+01,2.226959e+01,2.235894e+01,2.243448e+01,2.237955e+01,2.231084e+01,2.233146e+01,2.240015e+01,2.233833e+01,2.244135e+01,2.246880e+01,2.246880e+01,2.240702e+01,2.253741e+01,2.244821e+01,2.247566e+01,2.248252e+01,2.245507e+01,2.253055e+01,2.255798e+01,2.252369e+01,2.253055e+01,2.252369e+01,2.251683e+01,2.244821e+01,2.245507e+01,2.247566e+01,2.249625e+01,2.242762e+01,2.234520e+01,2.240015e+01,2.231084e+01,2.242762e+01,2.240015e+01,2.238642e+01,2.228334e+01,2.240702e+01,2.240702e+01,2.233146e+01,2.226959e+01,2.237268e+01,2.229709e+01,2.230396e+01,2.229709e+01,2.234520e+01,2.237955e+01,2.228334e+01,2.231771e+01,2.221457e+01,2.216640e+01,2.223520e+01,2.211132e+01,2.211821e+01,2.221457e+01,2.219393e+01,2.219393e+01,2.215263e+01,2.218705e+01,2.215952e+01,2.193211e+01,2.209066e+01,2.212509e+01,2.204243e+01,2.209755e+01,2.209066e+01,2.211132e+01,2.203554e+01,2.203554e+01,2.206999e+01,2.208377e+01,2.202865e+01,2.208377e+01,2.202865e+01,2.203554e+01,2.203554e+01,2.206999e+01,2.209066e+01,2.209755e+01,2.206310e+01,2.205621e+01,2.205621e+01,2.203554e+01,2.208377e+01,2.205621e+01,2.203554e+01,2.219393e+01,2.212509e+01,2.211132e+01,2.215263e+01,2.213198e+01,2.215952e+01,2.213198e+01,2.224896e+01,2.222833e+01,2.212509e+01,2.222145e+01,2.237955e+01,2.214575e+01,2.216640e+01,2.215263e+01,2.226271e+01,2.214575e+01,2.220769e+01,2.213886e+01,2.218705e+01,2.226271e+01,2.224208e+01,2.222145e+01,2.231771e+01,2.223520e+01,2.226959e+01,2.230396e+01,2.240702e+01,2.224208e+01,2.235894e+01,2.246880e+01,2.247566e+01,2.263337e+01,2.246880e+01,2.248252e+01,2.242075e+01,2.239328e+01,2.239328e+01,2.240015e+01,2.243448e+01,2.237955e+01,2.237955e+01,2.240015e+01,2.244821e+01,2.240015e+01,2.235207e+01,2.245507e+01,2.233833e+01
2.202865e+01,2.213198e+01,2.213198e+01,2.208377e+01,2.205621e+01,2.202865e+01,2.216640e+01,2.218016e+01,2.216640e+01,2.226271e+01,2.222833e+01,2.213886e+01,2.214575e+01,2.215263e+01,2.211821e+01,2.214575e+01,2.213198e+01,2.212509e+01,2.209755e+01,2.210443e+01,2.212509e+01,2.204243e+01,2.213886e+01,2.217328e+01,2.206310e+01,2.211821e+01,2.209755e+01,2.198729e+01,2.206999e+01,2.206999e+01,2.195970e+01,2.193211e+01,2.212509e+01,2.205621e+01,2.202176e+01,2.199418e+01,2.206999e+01,2.198729e+01,2.195970e+01,2.217328e+01,2.202176e+01,2.200797e+01,2.202865e+01,2.212509e+01,2.212509e+01,2.222833e+01,2.209066e+01,2.223520e+01,2.210443e+01,2.209755e+01,2.210443e+01,2.228334e+01,2.226959e+01,2.228334e+01,2.224896e+01,2.239328e+01,2.231084e+01,2.233146e+01,2.234520e+01,2.234520e+01,2.240015e+01,2.232458e+01,2.229709e+01,2.229709e+01,2.234520e+01,2.240015e+01,2.240015e+01,2.237955e+01,2.239328e+01,2.247566e+01,2.246194e+01,2.244135e+01,2.235894e+01,2.246194e+01,2.248939e+01,2.250997e+01,2.250311e+01,2.256483e+01,2.255112e+01,2.247566e+01,2.253055e+01,2.247566e+01,2.250997e+01,2.247566e+01,2.265392e+01,2.252369e+01,2.255798e+01,2.259911e+01,2.246194e+01,2.254426e+01,2.261282e+01,2.254426e+01,2.264022e+01,2.258540e+01,2.249625e+01,2.258540e+01,2.256483e+01,2.259225e+01,2.261967e+01,2.261282e+01,2.254426e+01,2.257169e+01,2.255112e+01,2.257854e+01,2.266078e+01,2.255798e+01,2.264022e+01,2.255112e+01,2.258540e+01,2.252369e+01,2.259225e+01,2.255112e+01,2.259911e+01,2.259225e+01,2.246880e+01,2.248939e+01,2.257854e+01,2.254426e+01,2.255112e+01,2.249625e+01,2.248939e+01,2.251683e+01,2.253055e+01,2.259225e+01,2.259911e+01,2.248939e+01,2.258540e+01,2.255112e+01,2.256483e+01,2.257169e+01,2.257169e+01,2.255798e+01,2.271556e+01,2.257169e+01,2.254426e+01,2.248252e+01,2.244821e+01,2.237268e+01,2.251683e+01,2.250997e+01,2.249625e+01,2.250997e+01,2.251683e+01,2.248252e+01,2.255798e+01,2.249625e+01,2.249625e+01,2.251683e+01,2.249625e+01,2.235894e+01,2.244135e+01,2.244135e+01,2.244135e+01,2.233146e+01,2.240015e+01,2.239328e+01,2.231771e+01,2.241389e+01,2.235207e+01,2.254426e+01,2.242762e+01,2.238642e+01,2.240015e+01,2.228334e+01,2.249625e+01,2.236581e+01,2.231771e+01,2.237955e+01,2.233146e+01,2.237955e+01,2.240702e+01,2.233833e+01,2.240015e+01,2.238642e+01,2.245507e+01,2.239328e+01,2.235207e+01,2.237268e+01,2.244821e+01,2.235207e+01,2.244135e+01,2.238642e+01,2.249625e+01,2.243448e+01,2.251683e+01,2.251683e+01,2.248252e+01,2.249625e+01,2.240015e+01,2.253741e+01,2.249625e+01,2.253055e+01,2.256483e+01,2.254426e+01,2.256483e+01,2.260596e+01,2.260596e+01,2.254426e+01,2.257169e+01,2.262652e+01,2.261967e+01,2.256483e+01,2.256483e+01,2.262652e+01,2.264022e+01,2.256483e+01,2.261282e+01,2.249625e+01,2.253741e+01,2.261967e+01,2.261282e+01,2.259911e+01,2.259911e+01,2.257169e+01,2.259911e+01,2.259225e+01,2.260596e+01,2.255112e+01,2.255798e+01,2.242075e+01,2.193211e+01,2.153119e+01,2.152427e+01,2.144112e+01,2.157967e+01,2.164887e+01,2.165579e+01,2.169728e+01,2.169728e+01,2.222833e+01,2.222145e+01,2.174567e+01,2.176641e+01,2.187000e+01,2.191831e+01,2.197349e+01,2.194591e+01,2.197349e+01,2.193211e+01,2.217328e+01,2.204243e+01,2.216640e+01,2.206310e+01,2.215952e+01,2.207688e+01,2.212509e+01,2.215263e+01,2.211132e+01,2.217328e+01,2.211132e+01,2.218016e+01,2.217328e+01,2.207688e+01,2.219393e+01,2.213198e+01,2.215263e+01,2.213198e+01,2.213198e+01,2.206310e+01,2.206310e+01,2.202176e+01,2.199418e+01,2.193211e+01,2.190451e+01,2.184929e+01,2.184929e+01,2.184929e+01,2.180786e+01,2.182858e+01,2.184239e+01,2.184239e+01,2.182167e+01,2.180095e+01,2.202865e+01,2.205621e+01,2.202176e+01,2.209755e+01,2.218016e+01,2.217328e+01,2.217328e+01,2.217328e+01,2.204243e+01,2.203554e+01,2.208377e+01,2.209755e+01,2.215263e+01,2.220081e+01,2.224208e+01,2.224896e+01,2.222833e+01,2.226959e+01,2.229022e+01,2.229709e+01,2.218705e+01,2.231084e+01,2.236581e+01,2.217328e+01,2.229709e+01,2.224896e+01,2.226959e+01,2.221457e+01,2.209066e+01,2.189761e+01,2.179404e+01,2.168345e+01,2.175949e+01,2.165579e+01,2.176641e+01,2.169728e+01,2.180095e+01,2.178022e+01,2.177332e+01,2.187000e+01,2.187000e+01,2.176641e+01,2.195280e+01,2.180786e+01,2.184929e+01,2.178713e+01,2.178022e+01,2.180786e+01,2.177332e+01,2.182167e+01,2.178713e+01,2.173876e+01,2.178022e+01,2.182167e+01,2.182858e+01,2.179404e+01,2.185620e+01,2.181476e+01,2.188381e+01,2.189071e+01,2.185620e+01,2.189071e+01,2.200797e+01,2.220081e+01,2.252369e+01,2.257169e+01,2.259911e+01,2.261967e+01,2.265392e+01,2.275663e+01,2.266763e+01,2.264022e+01,2.222145e+01,2.187691e+01,2.154505e+01,2.139952e+01,2.139258e+01,2.134402e+01,2.123294e+01,2.147577e+01,2.226271e+01,2.266078e+01,2.211821e+01,2.125378e+01,2.095471e+01,2.096167e+01,2.098256e+01,2.096864e+01,2.089200e+01,2.098256e+01,2.091291e+01,2.088503e+01,2.094077e+01,2.100345e+01,2.096864e+01,2.105914e+01,2.123989e+01,2.248939e+01,2.272241e+01,2.274294e+01,2.274978e+01,2.262652e+01,2.254426e+01,2.202865e+01,2.155890e+01,2.140645e+01,2.150349e+01,2.145498e+01,2.140645e+01,2.151734e+01,2.153119e+01,2.153119e+01,2.155890e+01,2.155197e+01,2.184929e+01,2.204932e+01,2.221457e+01,2.240702e+01,2.240015e+01,2.243448e+01,2.244821e+01,2.230396e+01,2.228334e+01,2.220081e+01,2.234520e+01,2.234520e+01,2.226959e+01,2.221457e+01,2.191831e+01,2.166962e+01,2.154505e+01,2.162811e+01,2.158659e+01,2.160735e+01,2.164195e+01,2.165579e+01,2.163503e+01,2.173185e+01,2.154505e+01,2.166962e+01,2.155890e+01,2.150349e+01,2.164195e+01,2.148963e+01,2.147577e+01,2.150349e+01,2.139258e+01,2.144805e+01,2.126767e+01,2.128850e+01,2.123989e+01,2.119126e+01,2.126767e+01,2.121905e+01,2.122600e+01,2.107305e+01,2.117041e+01,2.118431e+01,2.120515e+01,2.114955e+01,2.114260e+01,2.110088e+01,2.110088e+01,2.109392e+01,2.108001e+01,2.110088e+01,2.110088e+01,2.106609e+01,2.103130e+01,2.105914e+01,2.110783e+01,2.108696e+01,2.114955e+01,2.110088e+01,2.121905e+01,2.133708e+01,2.126072e+01,2.142032e+01,2.137871e+01,2.138565e+01,2.142725e+01,2.146884e+01,2.148270e+01,2.155197e+01,2.166270e+01,2.166270e+01,2.174567e+01,2.176641e+01,2.187000e+01,2.205621e+01,2.206999e+01,2.205621e+01,2.207688e+01,2.205621e+01,2.201486e+01,2.211132e+01,2.191831e+01,2.209755e+01,2.207688e+01,2.195970e+01,2.204932e+01,2.200107e+01,2.202865e+01,2.204932e+01,2.207688e+01,2.197349e+01,2.209066e+01,2.211132e+01,2.210443e+01,2.198039e+01,2.195280e+01,2.193211e+01,2.197349e+01,2.196660e+01,2.199418e+01,2.197349e+01,2.195970e+01,2.200107e+01,2.200107e+01,2.201486e+01,2.201486e+01,2.200107e+01,2.200107e+01,2.195970e+01,2.199418e+01,2.194591e+01,2.197349e+01,2.201486e+01,2.207688e+01,2.206310e+01,2.202865e+01,2.209755e+01,2.214575e+01,2.220081e+01,2.212509e+01,2.219393e+01,2.218705e+01,2.238642e+01,2.228334e+01,2.233833e+01,2.254426e+01,2.244135e+01,2.236581e+01,2.243448e+01,2.242075e+01,2.248939e+01,2.244821e+01,2.244821e+01,2.244821e+01,2.252369e+01,2.245507e+01,2.254426e+01,2.234520e+01,2.244135e+01,2.255112e+01,2.260596e+01,2.239328e+01,2.248939e+01,2.247566e+01,2.233146e+01,2.252369e+01,2.249625e+01,2.244821e+01,2.248939e+01,2.241389e+01,2.246880e+01,2.249625e+01,2.233146e+01,2.233146e+01,2.239328e+01,2.237955e+01,2.233146e+01,2.235894e+01,2.231771e+01,2.235894e+01,2.233146e+01,2.229022e+01,2.228334e+01,2.237955e+01,2.233146e+01,2.229022e+01,2.232458e+01,2.224896e+01,2.233146e+01,2.212509e+01,2.220769e+01,2.237268e+01,2.219393e+01,2.220769e+01,2.214575e+01,2.219393e+01,2.219393e+01,2.208377e+01,2.217328e+01,2.226959e+01,2.206310e+01,2.208377e+01,2.204932e+01,2.202176e+01,2.205621e+01,2.213198e+01,2.207688e+01,2.205621e+01,2.204932e+01,2.202865e+01,2.208377e+01,2.213198e+01,2.202865e+01,2.209066e+01,2.204932e+01,2.209755e+01,2.206310e+01,2.206310e+01,2.204932e+01,2.210443e+01,2.206999e+01,2.217328e+01,2.209066e+01,2.223520e+01,2.206310e+01,2.200107e+01,2.210443e+01,2.213886e+01,2.200797e+01,2.213198e+01,2.217328e+01,2.220081e+01,2.215263e+01,2.215952e+01,2.212509e+01,2.222833e+01,2.215952e+01,2.226271e+01,2.215263e+01,2.217328e+01,2.213886e+01,2.214575e+01,2.223520e+01,2.230396e+01,2.226271e+01,2.227647e+01,2.222833e+01,2.230396e+01,2.220769e+01,2.226959e+01,2.235894e+01,2.240702e+01,2.244135e+01,2.233833e+01,2.244821e+01,2.244821e+01,2.232458e+01,2.236581e+01,2.242075e+01,2.241389e+01,2.242762e+01,2.244821e+01,2.238642e+01,2.244135e+01,2.243448e+01,2.239328e+01,2.229022e+01,2.246880e+01,2.246880e+01,2.226959e+01,2.242075e+01,2.241389e+01
2.211132e+01,2.204243e+01,2.218016e+01,2.210443e+01,2.218016e+01,2.213886e+01,2.214575e+01,2.217328e+01,2.217328e+01,2.214575e+01,2.220769e+01,2.221457e+01,2.216640e+01,2.227647e+01,2.211132e+01,2.218705e+01,2.209066e+01,2.213198e+01,2.209755e+01,2.206999e+01,2.206999e+01,2.209755e+01,2.208377e+01,2.207688e+01,2.203554e+01,2.211132e+01,2.207688e+01,2.195970e+01,2.206999e+01,2.196660e+01,2.196660e+01,2.198039e+01,2.215263e+01,2.206999e+01,2.206310e+01,2.206999e+01,2.200797e+01,2.195280e+01,2.198729e+01,2.202176e+01,2.200797e+01,2.203554e+01,2.202865e+01,2.208377e+01,2.209066e+01,2.214575e+01,2.213198e+01,2.212509e+01,2.210443e+01,2.224896e+01,2.222833e+01,2.224208e+01,2.223520e+01,2.236581e+01,2.233146e+01,2.234520e+01,2.233146e+01,2.236581e+01,2.230396e+01,2.226959e+01,2.229022e+01,2.206310e+01,2.245507e+01,2.236581e+01,2.250997e+01,2.239328e+01,2.237268e+01,2.240702e+01,2.247566e+01,2.237268e+01,2.243448e+01,2.244135e+01,2.235894e+01,2.246880e+01,2.235207e+01,2.253055e+01,2.248252e+01,2.236581e+01,2.248939e+01,2.248252e+01,2.253055e+01,2.250311e+01,2.248252e+01,2.248252e+01,2.250997e+01,2.251683e+01,2.246194e+01,2.257169e+01,2.248252e+01,2.259225e+01,2.266078e+01,2.261967e+01,2.257854e+01,2.265392e+01,2.268817e+01,2.251683e+01,2.257169e+01,2.257854e+01,2.257854e+01,2.257169e+01,2.259225e+01,2.257854e+01,2.266763e+01,2.260596e+01,2.264022e+01,2.250997e+01,2.247566e+01,2.256483e+01,2.261967e+01,2.253055e+01,2.261967e+01,2.258540e+01,2.255112e+01,2.246880e+01,2.260596e+01,2.259225e+01,2.251683e+01,2.256483e+01,2.256483e+01,2.252369e+01,2.244135e+01,2.250311e+01,2.260596e+01,2.259225e+01,2.255798e+01,2.258540e+01,2.248252e+01,2.255798e+01,2.252369e+01,2.251683e+01,2.247566e+01,2.253055e+01,2.255798e+01,2.244821e+01,2.255798e+01,2.251683e+01,2.250311e+01,2.246880e+01,2.257169e+01,2.242075e+01,2.251683e+01,2.248939e+01,2.246194e+01,2.246880e+01,2.244821e+01,2.244821e+01,2.249625e+01,2.245507e+01,2.237955e+01,2.243448e+01,2.248252e+01,2.240702e+01,2.231084e+01,2.242762e+01,2.240702e+01,2.240015e+01,2.234520e+01,2.236581e+01,2.248252e+01,2.237955e+01,2.248939e+01,2.235207e+01,2.239328e+01,2.239328e+01,2.237955e+01,2.239328e+01,2.233833e+01,2.242762e+01,2.239328e+01,2.242075e+01,2.237268e+01,2.238642e+01,2.241389e+01,2.236581e+01,2.236581e+01,2.231084e+01,2.235207e+01,2.235894e+01,2.240015e+01,2.238642e+01,2.246194e+01,2.236581e+01,2.246880e+01,2.245507e+01,2.241389e+01,2.243448e+01,2.240015e+01,2.255112e+01,2.248252e+01,2.255112e+01,2.252369e+01,2.249625e+01,2.253055e+01,2.253741e+01,2.257169e+01,2.264022e+01,2.255798e+01,2.255798e+01,2.260596e+01,2.259225e+01,2.259911e+01,2.261282e+01,2.259911e+01,2.246194e+01,2.257854e+01,2.254426e+01,2.242075e+01,2.253055e+01,2.256483e+01,2.257169e+01,2.261282e+01,2.254426e+01,2.257169e+01,2.257854e+01,2.259911e+01,2.259911e+01,2.253741e+01,2.255798e+01,2.238642e+01,2.213886e+01,2.189761e+01,2.150349e+01,2.154505e+01,2.156582e+01,2.155197e+01,2.162811e+01,2.166270e+01,2.160043e+01,2.167654e+01,2.199418e+01,2.233146e+01,2.193901e+01,2.188381e+01,2.191831e+01,2.187000e+01,2.189761e+01,2.192521e+01,2.200107e+01,2.202176e+01,2.206999e+01,2.207688e+01,2.211132e+01,2.205621e+01,2.211821e+01,2.217328e+01,2.217328e+01,2.210443e+01,2.221457e+01,2.218016e+01,2.214575e+01,2.221457e+01,2.213886e+01,2.207688e+01,2.213198e+01,2.212509e+01,2.212509e+01,2.209755e+01,2.213886e+01,2.211132e+01,2.202176e+01,2.201486e+01,2.191831e+01,2.203554e+01,2.198039e+01,2.202176e+01,2.193211e+01,2.204243e+01,2.187691e+01,2.185620e+01,2.185620e+01,2.184239e+01,2.179404e+01,2.184239e+01,2.203554e+01,2.196660e+01,2.204932e+01,2.206310e+01,2.211132e+01,2.209755e+01,2.211821e+01,2.221457e+01,2.218016e+01,2.211821e+01,2.208377e+01,2.218705e+01,2.210443e+01,2.228334e+01,2.218705e+01,2.225584e+01,2.229022e+01,2.226271e+01,2.226959e+01,2.222145e+01,2.230396e+01,2.232458e+01,2.238642e+01,2.234520e+01,2.239328e+01,2.230396e+01,2.218016e+01,2.207688e+01,2.192521e+01,2.163503e+01,2.166962e+01,2.159351e+01,2.158659e+01,2.157274e+01,2.159351e+01,2.169037e+01,2.167654e+01,2.175949e+01,2.174567e+01,2.176641e+01,2.175258e+01,2.183548e+01,2.179404e+01,2.178713e+01,2.182858e+01,2.177332e+01,2.180786e+01,2.187000e+01,2.180095e+01,2.177332e+01,2.173876e+01,2.180786e+01,2.177332e+01,2.180095e+01,2.180786e+01,2.183548e+01,2.184239e+01,2.188381e+01,2.185620e+01,2.188381e+01,2.188381e+01,2.188381e+01,2.195280e+01,2.201486e+01,2.226271e+01,2.259911e+01,2.271556e+01,2.261967e+01,2.268132e+01,2.274978e+01,2.244821e+01,2.211132e+01,2.157967e+01,2.134402e+01,2.141339e+01,2.131626e+01,2.129544e+01,2.137177e+01,2.132320e+01,2.155197e+01,2.250997e+01,2.263337e+01,2.239328e+01,2.130932e+01,2.113565e+01,2.097560e+01,2.110088e+01,2.088503e+01,2.096864e+01,2.099649e+01,2.089200e+01,2.105914e+01,2.097560e+01,2.102434e+01,2.101042e+01,2.102434e+01,2.131626e+01,2.259911e+01,2.278400e+01,2.275663e+01,2.248939e+01,2.228334e+01,2.188381e+01,2.149656e+01,2.139258e+01,2.139952e+01,2.132320e+01,2.144112e+01,2.142032e+01,2.148270e+01,2.151042e+01,2.151734e+01,2.155890e+01,2.168345e+01,2.171111e+01,2.183548e+01,2.191831e+01,2.205621e+01,2.235894e+01,2.228334e+01,2.230396e+01,2.231771e+01,2.238642e+01,2.237268e+01,2.231084e+01,2.233833e+01,2.222145e+01,2.223520e+01,2.195970e+01,2.163503e+01,2.157967e+01,2.163503e+01,2.169728e+01,2.163503e+01,2.171111e+01,2.164887e+01,2.166270e+01,2.166962e+01,2.161427e+01,2.161427e+01,2.157967e+01,2.155890e+01,2.157274e+01,2.151734e+01,2.130238e+01,2.152427e+01,2.148963e+01,2.126767e+01,2.127461e+01,2.128850e+01,2.122600e+01,2.132320e+01,2.129544e+01,2.125378e+01,2.125378e+01,2.116345e+01,2.105914e+01,2.117736e+01,2.116345e+01,2.107305e+01,2.105914e+01,2.113565e+01,2.112869e+01,2.108696e+01,2.102434e+01,2.107305e+01,2.107305e+01,2.109392e+01,2.101738e+01,2.115650e+01,2.104522e+01,2.111479e+01,2.118431e+01,2.114955e+01,2.123989e+01,2.123989e+01,2.133014e+01,2.134402e+01,2.149656e+01,2.150349e+01,2.152427e+01,2.144805e+01,2.145498e+01,2.153812e+01,2.164887e+01,2.154505e+01,2.151734e+01,2.160043e+01,2.170420e+01,2.193211e+01,2.175258e+01,2.191141e+01,2.207688e+01,2.207688e+01,2.215952e+01,2.197349e+01,2.201486e+01,2.211821e+01,2.196660e+01,2.206310e+01,2.198039e+01,2.202176e+01,2.204243e+01,2.202865e+01,2.197349e+01,2.197349e+01,2.210443e+01,2.199418e+01,2.206310e+01,2.195280e+01,2.196660e+01,2.198039e+01,2.199418e+01,2.195970e+01,2.199418e+01,2.196660e+01,2.195970e+01,2.198039e+01,2.200107e+01,2.199418e+01,2.194591e+01,2.195280e+01,2.202176e+01,2.189071e+01,2.197349e+01,2.200107e+01,2.194591e+01,2.199418e+01,2.198729e+01,2.200107e+01,2.210443e+01,2.206310e+01,2.206310e+01,2.220769e+01,2.226271e+01,2.227647e+01,2.209066e+01,2.229709e+01,2.238642e+01,2.240702e+01,2.240015e+01,2.240702e+01,2.233146e+01,2.242762e+01,2.241389e+01,2.244821e+01,2.242762e+01,2.244821e+01,2.243448e+01,2.245507e+01,2.254426e+01,2.250311e+01,2.244821e+01,2.242762e+01,2.246194e+01,2.257854e+01,2.244821e+01,2.253055e+01,2.255112e+01,2.244821e+01,2.250311e+01,2.237268e+01,2.250311e+01,2.248939e+01,2.243448e+01,2.235207e+01,2.240702e+01,2.242075e+01,2.244135e+01,2.231771e+01,2.244821e+01,2.233833e+01,2.231771e+01,2.237955e+01,2.231084e+01,2.231084e+01,2.235894e+01,2.233146e+01,2.246880e+01,2.233146e+01,2.225584e+01,2.235207e+01,2.226271e+01,2.227647e+01,2.220081e+01,2.222833e+01,2.224896e+01,2.213886e+01,2.218705e+01,2.222145e+01,2.209066e+01,2.209066e+01,2.208377e+01,2.213198e+01,2.209755e+01,2.198729e+01,2.204243e+01,2.202865e+01,2.203554e+01,2.206310e+01,2.200107e+01,2.211821e+01,2.209066e+01,2.200107e+01,2.205621e+01,2.204932e+01,2.202176e+01,2.202176e+01,2.206310e+01,2.202865e+01,2.209066e+01,2.208377e+01,2.205621e+01,2.204932e+01,2.206310e+01,2.210443e+01,2.205621e+01,2.198039e+01,2.205621e+01,2.206999e+01,2.208377e+01,2.207688e+01,2.213886e+01,2.213886e+01,2.218016e+01,2.217328e+01,2.214575e+01,2.218705e+01,2.217328e+01,2.215952e+01,2.217328e+01,2.211821e+01,2.222145e+01,2.222833e+01,2.220081e+01,2.226271e+01,2.221457e+01,2.229709e+01,2.222833e+01,2.224208e+01,2.224896e+01,2.230396e+01,2.223520e+01,2.223520e+01,2.241389e+01,2.227647e+01,2.229709e+01,2.230396e+01,2.237955e+01,2.242762e+01,2.232458e+01,2.249625e+01,2.240702e+01,2.237268e+01,2.242762e+01,2.245507e+01,2.240015e+01,2.242075e+01,2.246880e+01,2.240702e+01,2.247566e+01,2.237268e+01,2.249625e+01,2.233146e+01,2.226271e+01,2.226959e+01,2.228334e+01
2.204932e+01,2.206999e+01,2.218016e+01,2.211132e+01,2.218705e+01,2.209755e+01,2.209755e+01,2.203554e+01,2.221457e+01,2.212509e+01,2.229022e+01,2.229022e+01,2.214575e+01,2.222833e+01,2.213198e+01,2.219393e+01,2.213886e+01,2.213886e+01,2.211132e+01,2.219393e+01,2.209066e+01,2.211132e+01,2.211821e+01,2.202176e+01,2.208377e+01,2.207688e+01,2.198729e+01,2.201486e+01,2.193901e+01,2.205621e+01,2.195280e+01,2.194591e+01,2.205621e+01,2.208377e+01,2.215952e+01,2.202176e+01,2.206999e+01,2.202865e+01,2.196660e+01,2.202865e+01,2.198039e+01,2.200797e+01,2.204243e+01,2.202865e+01,2.206999e+01,2.209755e+01,2.209066e+01,2.209755e+01,2.219393e+01,2.210443e+01,2.211132e+01,2.226271e+01,2.226271e+01,2.224896e+01,2.231084e+01,2.224896e+01,2.232458e+01,2.226271e+01,2.231084e+01,2.229022e+01,2.229709e+01,2.230396e+01,2.242762e+01,2.237955e+01,2.238642e+01,2.240015e+01,2.249625e+01,2.240702e+01,2.240015e+01,2.240015e+01,2.240702e+01,2.253741e+01,2.244821e+01,2.248939e+01,2.248939e+01,2.251683e+01,2.242762e+01,2.254426e+01,2.248939e+01,2.249625e+01,2.256483e+01,2.253741e+01,2.247566e+01,2.250997e+01,2.256483e+01,2.253055e+01,2.257854e+01,2.257169e+01,2.255112e+01,2.269502e+01,2.253055e+01,2.270187e+01,2.259225e+01,2.251683e+01,2.251683e+01,2.251683e+01,2.254426e+01,2.258540e+01,2.257854e+01,2.258540e+01,2.256483e+01,2.251683e+01,2.254426e+01,2.261282e+01,2.266078e+01,2.257169e+01,2.250997e+01,2.253055e+01,2.248939e+01,2.257854e+01,2.247566e+01,2.248939e+01,2.263337e+01,2.252369e+01,2.257169e+01,2.255798e+01,2.254426e+01,2.261282e+01,2.258540e+01,2.259911e+01,2.250311e+01,2.242075e+01,2.255112e+01,2.253741e+01,2.253055e+01,2.260596e+01,2.256483e+01,2.255798e+01,2.255112e+01,2.255798e+01,2.256483e+01,2.255112e+01,2.255798e+01,2.253055e+01,2.252369e+01,2.250997e+01,2.253055e+01,2.246194e+01,2.259225e+01,2.251683e+01,2.246880e+01,2.242762e+01,2.246194e+01,2.245507e+01,2.232458e+01,2.246880e+01,2.244135e+01,2.249625e+01,2.246880e+01,2.234520e+01,2.240015e+01,2.233146e+01,2.244135e+01,2.242075e+01,2.231771e+01,2.240702e+01,2.237268e+01,2.235207e+01,2.238642e+01,2.239328e+01,2.233833e+01,2.244135e+01,2.238642e+01,2.234520e+01,2.248252e+01,2.244821e+01,2.233146e+01,2.242762e+01,2.237955e+01,2.236581e+01,2.236581e+01,2.242075e+01,2.240702e+01,2.236581e+01,2.236581e+01,2.242075e+01,2.244135e+01,2.234520e+01,2.252369e+01,2.240702e+01,2.233833e+01,2.240015e+01,2.246880e+01,2.246194e+01,2.247566e+01,2.251683e+01,2.253055e+01,2.254426e+01,2.258540e+01,2.256483e+01,2.254426e+01,2.253741e+01,2.249625e+01,2.253055e+01,2.259225e+01,2.259911e+01,2.259911e+01,2.259911e+01,2.253055e+01,2.261282e+01,2.261967e+01,2.257169e+01,2.257169e+01,2.259225e+01,2.259225e+01,2.253741e+01,2.261282e+01,2.252369e+01,2.266763e+01,2.252369e+01,2.253741e+01,2.260596e+01,2.259225e+01,2.261967e+01,2.258540e+01,2.251683e+01,2.248939e+01,2.242075e+01,2.234520e+01,2.193901e+01,2.153119e+01,2.151042e+01,2.157967e+01,2.157967e+01,2.164195e+01,2.169728e+01,2.157274e+01,2.170420e+01,2.166270e+01,2.189071e+01,2.234520e+01,2.221457e+01,2.173185e+01,2.192521e+01,2.195970e+01,2.195970e+01,2.200797e+01,2.193211e+01,2.193211e+01,2.215952e+01,2.216640e+01,2.212509e+01,2.215952e+01,2.216640e+01,2.221457e+01,2.215263e+01,2.217328e+01,2.224896e+01,2.221457e+01,2.212509e+01,2.221457e+01,2.218705e+01,2.221457e+01,2.216640e+01,2.216640e+01,2.213886e+01,2.185620e+01,2.213198e+01,2.210443e+01,2.202865e+01,2.202865e+01,2.202176e+01,2.192521e+01,2.190451e+01,2.196660e+01,2.195280e+01,2.191831e+01,2.186310e+01,2.185620e+01,2.179404e+01,2.178022e+01,2.168345e+01,2.180786e+01,2.202865e+01,2.205621e+01,2.202176e+01,2.213198e+01,2.204932e+01,2.211821e+01,2.213886e+01,2.215952e+01,2.214575e+01,2.222833e+01,2.222145e+01,2.212509e+01,2.222145e+01,2.215952e+01,2.218705e+01,2.220769e+01,2.225584e+01,2.225584e+01,2.222833e+01,2.227647e+01,2.245507e+01,2.230396e+01,2.233833e+01,2.235207e+01,2.236581e+01,2.224896e+01,2.220769e+01,2.176641e+01,2.159351e+01,2.157967e+01,2.157967e+01,2.156582e+01,2.153812e+01,2.163503e+01,2.156582e+01,2.164887e+01,2.165579e+01,2.175949e+01,2.171111e+01,2.176641e+01,2.173876e+01,2.178713e+01,2.178022e+01,2.178713e+01,2.188381e+01,2.184239e+01,2.182858e+01,2.178713e+01,2.178713e+01,2.181476e+01,2.180786e+01,2.173185e+01,2.181476e+01,2.183548e+01,2.182167e+01,2.182858e+01,2.198729e+01,2.187000e+01,2.184239e+01,2.188381e+01,2.188381e+01,2.185620e+01,2.192521e+01,2.193211e+01,2.198729e+01,2.246194e+01,2.246194e+01,2.268132e+01,2.263337e+01,2.249625e+01,2.180095e+01,2.169728e+01,2.134402e+01,2.141339e+01,2.146884e+01,2.133708e+01,2.129544e+01,2.132320e+01,2.123989e+01,2.164195e+01,2.250997e+01,2.277032e+01,2.246880e+01,2.154505e+01,2.107305e+01,2.108001e+01,2.110088e+01,2.103130e+01,2.095471e+01,2.098256e+01,2.102434e+01,2.099649e+01,2.107305e+01,2.100345e+01,2.109392e+01,2.114955e+01,2.161427e+01,2.254426e+01,2.269502e+01,2.268132e+01,2.231084e+01,2.175949e+01,2.155890e+01,2.131626e+01,2.137177e+01,2.139258e+01,2.142725e+01,2.139952e+01,2.139258e+01,2.154505e+01,2.171111e+01,2.157967e+01,2.178022e+01,2.160043e+01,2.167654e+01,2.173185e+01,2.175258e+01,2.183548e+01,2.201486e+01,2.226959e+01,2.226271e+01,2.218705e+01,2.227647e+01,2.226271e+01,2.224208e+01,2.224208e+01,2.232458e+01,2.217328e+01,2.192521e+01,2.167654e+01,2.153812e+01,2.164887e+01,2.167654e+01,2.162811e+01,2.169037e+01,2.171111e+01,2.164887e+01,2.160735e+01,2.164887e+01,2.164195e+01,2.157274e+01,2.158659e+01,2.154505e+01,2.153119e+01,2.144805e+01,2.148270e+01,2.150349e+01,2.143419e+01,2.146191e+01,2.140645e+01,2.137177e+01,2.123989e+01,2.112174e+01,2.125378e+01,2.124683e+01,2.114260e+01,2.117041e+01,2.117041e+01,2.117041e+01,2.105218e+01,2.106609e+01,2.108696e+01,2.114955e+01,2.110088e+01,2.111479e+01,2.112174e+01,2.108696e+01,2.102434e+01,2.109392e+01,2.112174e+01,2.115650e+01,2.110783e+01,2.108696e+01,2.123294e+01,2.121905e+01,2.126767e+01,2.131626e+01,2.133014e+01,2.151734e+01,2.151734e+01,2.153119e+01,2.151042e+01,2.152427e+01,2.159351e+01,2.155197e+01,2.162811e+01,2.152427e+01,2.148270e+01,2.158659e+01,2.160735e+01,2.156582e+01,2.184239e+01,2.195970e+01,2.193901e+01,2.196660e+01,2.195280e+01,2.199418e+01,2.196660e+01,2.195970e+01,2.205621e+01,2.193211e+01,2.193901e+01,2.202176e+01,2.193901e+01,2.203554e+01,2.202176e+01,2.193901e+01,2.196660e+01,2.209066e+01,2.200797e+01,2.204243e+01,2.193901e+01,2.192521e+01,2.195280e+01,2.195280e+01,2.188381e+01,2.182167e+01,2.187000e+01,2.198729e+01,2.198039e+01,2.195970e+01,2.189761e+01,2.189071e+01,2.189761e+01,2.204932e+01,2.193901e+01,2.192521e+01,2.175258e+01,2.205621e+01,2.197349e+01,2.207688e+01,2.207688e+01,2.209755e+01,2.209755e+01,2.218705e+01,2.216640e+01,2.232458e+01,2.236581e+01,2.236581e+01,2.239328e+01,2.243448e+01,2.231084e+01,2.233146e+01,2.239328e+01,2.244135e+01,2.246194e+01,2.243448e+01,2.240702e+01,2.245507e+01,2.242075e+01,2.248939e+01,2.259225e+01,2.246194e+01,2.256483e+01,2.250311e+01,2.249625e+01,2.245507e+01,2.245507e+01,2.247566e+01,2.250997e+01,2.247566e+01,2.250997e+01,2.241389e+01,2.237268e+01,2.239328e+01,2.246880e+01,2.250997e+01,2.235894e+01,2.238642e+01,2.246194e+01,2.224896e+01,2.243448e+01,2.221457e+01,2.241389e+01,2.237955e+01,2.234520e+01,2.231084e+01,2.226271e+01,2.233146e+01,2.258540e+01,2.228334e+01,2.240015e+01,2.225584e+01,2.222145e+01,2.224208e+01,2.222833e+01,2.224896e+01,2.222833e+01,2.219393e+01,2.217328e+01,2.217328e+01,2.213198e+01,2.209755e+01,2.209066e+01,2.212509e+01,2.208377e+01,2.215263e+01,2.205621e+01,2.205621e+01,2.210443e+01,2.209755e+01,2.198039e+01,2.199418e+01,2.209066e+01,2.211821e+01,2.200797e+01,2.202176e+01,2.204932e+01,2.206310e+01,2.197349e+01,2.199418e+01,2.216640e+01,2.211821e+01,2.207688e+01,2.215952e+01,2.206310e+01,2.202176e+01,2.220081e+01,2.215952e+01,2.215263e+01,2.213198e+01,2.213198e+01,2.225584e+01,2.218705e+01,2.222145e+01,2.215952e+01,2.219393e+01,2.218016e+01,2.220081e+01,2.216640e+01,2.219393e+01,2.205621e+01,2.209755e+01,2.210443e+01,2.221457e+01,2.210443e+01,2.216640e+01,2.231771e+01,2.207688e+01,2.218016e+01,2.228334e+01,2.224208e+01,2.231084e+01,2.239328e+01,2.235207e+01,2.231084e+01,2.235894e+01,2.236581e+01,2.240702e+01,2.248252e+01,2.240015e+01,2.236581e+01,2.236581e+01,2.244821e+01,2.244135e+01,2.246880e+01,2.242762e+01,2.239328e+01,2.230396e+01,2.244821e+01,2.242075e+01,2.241389e+01,2.235207e+01,2.237955e+01,2.235207e+01,2.225584e+01,2.225584e+01
2.202865e+01,2.210443e+01,2.218016e+01,2.208377e+01,2.214575e+01,2.214575e+01,2.206310e+01,2.211821e+01,2.206310e+01,2.224896e+01,2.213886e+01,2.220081e+01,2.213198e+01,2.223520e+01,2.211821e+01,2.223520e+01,2.216640e+01,2.218016e+01,2.220081e+01,2.212509e+01,2.212509e+01,2.207688e+01,2.210443e+01,2.201486e+01,2.210443e+01,2.210443e+01,2.207688e+01,2.207688e+01,2.208377e+01,2.208377e+01,2.202176e+01,2.206310e+01,2.197349e+01,2.206999e+01,2.211821e+01,2.203554e+01,2.200797e+01,2.197349e+01,2.202865e+01,2.201486e+01,2.198729e+01,2.203554e+01,2.202865e+01,2.215263e+01,2.211132e+01,2.208377e+01,2.215263e+01,2.211821e+01,2.224896e+01,2.219393e+01,2.225584e+01,2.224208e+01,2.221457e+01,2.224896e+01,2.240015e+01,2.230396e+01,2.235207e+01,2.226959e+01,2.231084e+01,2.229709e+01,2.230396e+01,2.226271e+01,2.235894e+01,2.237268e+01,2.238642e+01,2.244821e+01,2.231771e+01,2.245507e+01,2.246880e+01,2.245507e+01,2.242075e+01,2.236581e+01,2.236581e+01,2.235207e+01,2.236581e+01,2.250997e+01,2.250997e+01,2.257854e+01,2.251683e+01,2.247566e+01,2.251683e+01,2.248252e+01,2.250311e+01,2.257854e+01,2.253055e+01,2.259225e+01,2.260596e+01,2.255798e+01,2.257854e+01,2.249625e+01,2.256483e+01,2.262652e+01,2.264708e+01,2.255798e+01,2.254426e+01,2.250997e+01,2.249625e+01,2.257854e+01,2.255798e+01,2.263337e+01,2.259911e+01,2.256483e+01,2.258540e+01,2.263337e+01,2.251683e+01,2.265392e+01,2.257854e+01,2.266078e+01,2.259225e+01,2.257854e+01,2.252369e+01,2.253055e+01,2.250311e+01,2.261282e+01,2.256483e+01,2.256483e+01,2.247566e+01,2.254426e+01,2.250311e+01,2.257854e+01,2.246194e+01,2.256483e+01,2.254426e+01,2.247566e+01,2.249625e+01,2.252369e+01,2.250997e+01,2.253741e+01,2.254426e+01,2.252369e+01,2.248939e+01,2.253055e+01,2.244821e+01,2.246194e+01,2.249625e+01,2.246880e+01,2.257169e+01,2.255798e+01,2.244821e+01,2.246880e+01,2.243448e+01,2.242075e+01,2.242762e+01,2.242762e+01,2.243448e+01,2.246880e+01,2.242762e+01,2.244821e+01,2.245507e+01,2.235894e+01,2.241389e+01,2.245507e+01,2.234520e+01,2.244821e+01,2.233833e+01,2.231084e+01,2.235894e+01,2.237955e+01,2.235207e+01,2.243448e+01,2.237955e+01,2.237955e+01,2.238642e+01,2.238642e+01,2.231084e+01,2.231084e+01,2.237955e+01,2.233833e+01,2.242075e+01,2.240702e+01,2.235207e+01,2.242075e+01,2.238642e+01,2.237955e+01,2.237268e+01,2.235207e+01,2.249625e+01,2.234520e+01,2.244135e+01,2.241389e+01,2.235207e+01,2.243448e+01,2.244135e+01,2.248252e+01,2.249625e+01,2.246880e+01,2.254426e+01,2.257169e+01,2.236581e+01,2.258540e+01,2.252369e+01,2.255798e+01,2.253055e+01,2.257854e+01,2.256483e+01,2.263337e+01,2.252369e+01,2.256483e+01,2.254426e+01,2.253741e+01,2.257169e+01,2.257169e+01,2.269502e+01,2.246194e+01,2.257169e+01,2.248252e+01,2.235207e+01,2.250311e+01,2.254426e+01,2.246194e+01,2.253055e+01,2.257169e+01,2.249625e+01,2.258540e+01,2.259911e+01,2.243448e+01,2.260596e+01,2.222833e+01,2.213886e+01,2.151042e+01,2.151042e+01,2.157967e+01,2.157274e+01,2.162811e+01,2.157274e+01,2.166962e+01,2.166270e+01,2.164887e+01,2.164887e+01,2.171802e+01,2.207688e+01,2.229022e+01,2.198039e+01,2.192521e+01,2.194591e+01,2.195970e+01,2.192521e+01,2.194591e+01,2.195970e+01,2.197349e+01,2.204243e+01,2.220081e+01,2.207688e+01,2.216640e+01,2.213198e+01,2.215952e+01,2.211821e+01,2.215952e+01,2.219393e+01,2.209755e+01,2.219393e+01,2.220081e+01,2.214575e+01,2.220769e+01,2.217328e+01,2.207688e+01,2.206999e+01,2.214575e+01,2.203554e+01,2.201486e+01,2.199418e+01,2.198039e+01,2.203554e+01,2.200797e+01,2.198729e+01,2.187000e+01,2.176641e+01,2.182167e+01,2.181476e+01,2.175258e+01,2.181476e+01,2.170420e+01,2.178713e+01,2.202865e+01,2.205621e+01,2.206999e+01,2.209066e+01,2.202865e+01,2.205621e+01,2.225584e+01,2.224208e+01,2.217328e+01,2.213198e+01,2.215263e+01,2.224896e+01,2.222833e+01,2.229709e+01,2.215263e+01,2.238642e+01,2.223520e+01,2.227647e+01,2.229709e+01,2.226271e+01,2.231084e+01,2.218705e+01,2.218016e+01,2.231771e+01,2.225584e+01,2.234520e+01,2.200797e+01,2.165579e+01,2.159351e+01,2.155890e+01,2.157967e+01,2.156582e+01,2.150349e+01,2.171111e+01,2.159351e+01,2.163503e+01,2.173185e+01,2.162811e+01,2.165579e+01,2.164887e+01,2.159351e+01,2.168345e+01,2.173185e+01,2.178022e+01,2.175949e+01,2.178022e+01,2.175258e+01,2.184929e+01,2.182858e+01,2.180786e+01,2.180095e+01,2.196660e+01,2.180786e+01,2.182167e+01,2.191831e+01,2.182858e+01,2.185620e+01,2.184239e+01,2.175258e+01,2.182167e+01,2.184929e+01,2.181476e+01,2.184239e+01,2.181476e+01,2.186310e+01,2.218705e+01,2.244821e+01,2.257854e+01,2.245507e+01,2.195280e+01,2.172494e+01,2.146884e+01,2.146884e+01,2.142032e+01,2.137871e+01,2.142032e+01,2.131626e+01,2.128850e+01,2.132320e+01,2.202865e+01,2.252369e+01,2.281820e+01,2.262652e+01,2.189071e+01,2.112174e+01,2.090594e+01,2.101738e+01,2.101738e+01,2.117041e+01,2.108001e+01,2.099649e+01,2.112869e+01,2.101738e+01,2.105914e+01,2.108001e+01,2.117041e+01,2.195970e+01,2.269502e+01,2.272241e+01,2.238642e+01,2.162119e+01,2.145498e+01,2.117041e+01,2.130932e+01,2.137871e+01,2.134402e+01,2.130932e+01,2.139258e+01,2.160735e+01,2.203554e+01,2.231084e+01,2.193901e+01,2.189071e+01,2.175949e+01,2.156582e+01,2.157274e+01,2.171802e+01,2.171111e+01,2.184929e+01,2.184239e+01,2.192521e+01,2.202865e+01,2.220769e+01,2.220769e+01,2.222145e+01,2.225584e+01,2.235894e+01,2.215952e+01,2.202176e+01,2.180095e+01,2.173185e+01,2.173876e+01,2.169728e+01,2.168345e+01,2.165579e+01,2.166270e+01,2.167654e+01,2.164887e+01,2.164195e+01,2.162119e+01,2.158659e+01,2.157967e+01,2.162811e+01,2.154505e+01,2.152427e+01,2.155197e+01,2.148963e+01,2.144112e+01,2.144112e+01,2.132320e+01,2.141339e+01,2.136484e+01,2.135096e+01,2.127461e+01,2.131626e+01,2.129544e+01,2.128156e+01,2.110783e+01,2.135096e+01,2.118431e+01,2.120515e+01,2.110783e+01,2.118431e+01,2.122600e+01,2.105218e+01,2.109392e+01,2.106609e+01,2.112174e+01,2.110783e+01,2.119820e+01,2.112174e+01,2.113565e+01,2.112869e+01,2.118431e+01,2.128156e+01,2.128850e+01,2.126072e+01,2.139258e+01,2.144112e+01,2.130238e+01,2.144112e+01,2.153812e+01,2.148963e+01,2.149656e+01,2.156582e+01,2.148270e+01,2.153119e+01,2.153119e+01,2.161427e+01,2.161427e+01,2.153119e+01,2.166962e+01,2.151042e+01,2.180095e+01,2.160735e+01,2.171802e+01,2.193901e+01,2.192521e+01,2.192521e+01,2.198729e+01,2.193901e+01,2.197349e+01,2.189761e+01,2.202176e+01,2.200107e+01,2.198039e+01,2.193211e+01,2.195280e+01,2.191831e+01,2.195970e+01,2.211132e+01,2.193901e+01,2.206310e+01,2.195280e+01,2.193901e+01,2.194591e+01,2.188381e+01,2.193901e+01,2.187691e+01,2.195970e+01,2.193211e+01,2.193901e+01,2.195970e+01,2.192521e+01,2.191141e+01,2.176641e+01,2.194591e+01,2.191141e+01,2.209066e+01,2.198729e+01,2.209755e+01,2.209066e+01,2.200797e+01,2.216640e+01,2.216640e+01,2.226271e+01,2.229709e+01,2.215263e+01,2.227647e+01,2.235894e+01,2.231771e+01,2.226959e+01,2.235207e+01,2.244821e+01,2.235894e+01,2.244821e+01,2.242762e+01,2.250311e+01,2.240015e+01,2.261282e+01,2.248252e+01,2.248939e+01,2.246880e+01,2.246194e+01,2.243448e+01,2.250311e+01,2.236581e+01,2.243448e+01,2.246194e+01,2.246880e+01,2.250997e+01,2.229022e+01,2.241389e+01,2.244821e+01,2.249625e+01,2.246194e+01,2.241389e+01,2.238642e+01,2.242762e+01,2.238642e+01,2.239328e+01,2.240015e+01,2.240015e+01,2.235894e+01,2.224208e+01,2.240702e+01,2.239328e+01,2.229709e+01,2.235894e+01,2.237955e+01,2.238642e+01,2.232458e+01,2.225584e+01,2.233146e+01,2.220081e+01,2.224896e+01,2.220769e+01,2.221457e+01,2.211132e+01,2.222833e+01,2.215952e+01,2.219393e+01,2.210443e+01,2.211821e+01,2.218705e+01,2.200797e+01,2.202176e+01,2.208377e+01,2.207688e+01,2.214575e+01,2.203554e+01,2.208377e+01,2.206310e+01,2.204932e+01,2.202176e+01,2.202176e+01,2.209066e+01,2.209755e+01,2.195280e+01,2.202176e+01,2.198729e+01,2.204932e+01,2.204243e+01,2.206999e+01,2.204932e+01,2.214575e+01,2.209066e+01,2.217328e+01,2.212509e+01,2.217328e+01,2.212509e+01,2.208377e+01,2.215263e+01,2.210443e+01,2.216640e+01,2.216640e+01,2.221457e+01,2.218016e+01,2.218705e+01,2.218705e+01,2.220769e+01,2.224896e+01,2.218705e+01,2.220769e+01,2.210443e+01,2.229022e+01,2.213886e+01,2.229709e+01,2.235207e+01,2.216640e+01,2.231771e+01,2.219393e+01,2.220769e+01,2.230396e+01,2.242762e+01,2.235894e+01,2.224896e+01,2.235207e+01,2.236581e+01,2.246880e+01,2.240015e+01,2.237955e+01,2.247566e+01,2.244135e+01,2.239328e+01,2.241389e+01,2.238642e+01,2.232458e+01,2.231084e+01,2.240015e+01,2.234520e+01,2.222145e+01,2.226959e+01,2.229022e+01,2.245507e+01,2.239328e+01,2.238642e+01
2.202865e+01,2.205621e+01,2.218705e+01,2.213886e+01,2.211132e+01,2.220769e+01,2.204932e+01,2.210443e+01,2.210443e+01,2.209755e+01,2.215263e+01,2.218016e+01,2.229709e+01,2.213198e+01,2.213198e+01,2.219393e+01,2.221457e+01,2.212509e+01,2.215263e+01,2.206999e+01,2.218016e+01,2.210443e+01,2.207688e+01,2.207688e+01,2.210443e+01,2.201486e+01,2.202176e+01,2.198729e+01,2.196660e+01,2.202176e+01,2.205621e+01,2.206999e+01,2.203554e+01,2.197349e+01,2.200107e+01,2.196660e+01,2.201486e+01,2.202865e+01,2.202865e+01,2.203554e+01,2.204932e+01,2.218016e+01,2.188381e+01,2.204243e+01,2.200797e+01,2.200797e+01,2.214575e+01,2.211821e+01,2.212509e+01,2.216640e+01,2.212509e+01,2.233833e+01,2.222145e+01,2.224208e+01,2.237955e+01,2.227647e+01,2.227647e+01,2.237955e+01,2.228334e+01,2.232458e+01,2.234520e+01,2.229709e+01,2.224896e+01,2.231084e+01,2.233146e+01,2.233146e+01,2.246194e+01,2.239328e+01,2.240015e+01,2.242075e+01,2.244135e+01,2.240702e+01,2.245507e+01,2.244135e+01,2.239328e+01,2.248939e+01,2.236581e+01,2.251683e+01,2.251683e+01,2.258540e+01,2.255112e+01,2.255112e+01,2.254426e+01,2.247566e+01,2.249625e+01,2.254426e+01,2.257169e+01,2.255798e+01,2.252369e+01,2.257169e+01,2.257169e+01,2.253055e+01,2.262652e+01,2.259225e+01,2.253741e+01,2.250997e+01,2.254426e+01,2.259911e+01,2.253055e+01,2.258540e+01,2.259225e+01,2.256483e+01,2.248252e+01,2.253741e+01,2.262652e+01,2.249625e+01,2.248252e+01,2.257854e+01,2.259911e+01,2.257169e+01,2.252369e+01,2.255798e+01,2.249625e+01,2.249625e+01,2.243448e+01,2.250311e+01,2.253055e+01,2.253741e+01,2.248252e+01,2.246194e+01,2.259225e+01,2.246880e+01,2.252369e+01,2.253055e+01,2.253741e+01,2.255112e+01,2.248939e+01,2.254426e+01,2.249625e+01,2.255112e+01,2.252369e+01,2.252369e+01,2.250311e+01,2.250997e+01,2.254426e+01,2.250311e+01,2.250997e+01,2.246880e+01,2.244821e+01,2.258540e+01,2.246880e+01,2.242762e+01,2.246194e+01,2.240702e+01,2.240702e+01,2.244135e+01,2.245507e+01,2.234520e+01,2.241389e+01,2.242762e+01,2.236581e+01,2.237268e+01,2.237955e+01,2.240702e+01,2.239328e+01,2.237955e+01,2.237268e+01,2.240015e+01,2.240702e+01,2.236581e+01,2.235207e+01,2.229709e+01,2.239328e+01,2.231771e+01,2.236581e+01,2.235894e+01,2.231084e+01,2.239328e+01,2.241389e+01,2.242762e+01,2.241389e+01,2.245507e+01,2.233146e+01,2.240702e+01,2.238642e+01,2.233146e+01,2.246880e+01,2.250311e+01,2.250311e+01,2.249625e+01,2.244821e+01,2.237268e+01,2.250997e+01,2.245507e+01,2.245507e+01,2.249625e+01,2.248252e+01,2.257854e+01,2.258540e+01,2.253055e+01,2.259225e+01,2.253741e+01,2.250311e+01,2.261282e+01,2.258540e+01,2.255798e+01,2.253741e+01,2.261967e+01,2.250997e+01,2.258540e+01,2.261967e+01,2.258540e+01,2.260596e+01,2.260596e+01,2.255798e+01,2.257169e+01,2.251683e+01,2.253741e+01,2.258540e+01,2.253741e+01,2.247566e+01,2.254426e+01,2.255112e+01,2.257169e+01,2.247566e+01,2.244821e+01,2.239328e+01,2.221457e+01,2.184929e+01,2.157274e+01,2.167654e+01,2.152427e+01,2.160043e+01,2.167654e+01,2.174567e+01,2.170420e+01,2.164887e+01,2.171111e+01,2.164887e+01,2.171802e+01,2.180786e+01,2.195970e+01,2.199418e+01,2.191831e+01,2.195970e+01,2.193901e+01,2.201486e+01,2.200107e+01,2.215263e+01,2.200797e+01,2.211821e+01,2.222145e+01,2.204932e+01,2.220769e+01,2.216640e+01,2.214575e+01,2.211132e+01,2.218705e+01,2.216640e+01,2.222833e+01,2.213886e+01,2.219393e+01,2.218705e+01,2.220081e+01,2.213198e+01,2.220081e+01,2.215952e+01,2.213886e+01,2.207688e+01,2.204243e+01,2.202865e+01,2.202176e+01,2.203554e+01,2.196660e+01,2.200107e+01,2.193211e+01,2.184929e+01,2.202176e+01,2.186310e+01,2.181476e+01,2.184929e+01,2.187000e+01,2.201486e+01,2.205621e+01,2.214575e+01,2.212509e+01,2.204243e+01,2.215952e+01,2.216640e+01,2.216640e+01,2.211821e+01,2.222833e+01,2.222833e+01,2.224208e+01,2.227647e+01,2.224896e+01,2.220769e+01,2.219393e+01,2.222145e+01,2.226959e+01,2.229709e+01,2.229022e+01,2.226271e+01,2.222145e+01,2.218705e+01,2.218705e+01,2.218705e+01,2.212509e+01,2.184929e+01,2.174567e+01,2.153119e+01,2.145498e+01,2.144112e+01,2.155890e+01,2.164887e+01,2.155890e+01,2.148270e+01,2.151042e+01,2.157967e+01,2.166962e+01,2.157274e+01,2.167654e+01,2.164195e+01,2.164887e+01,2.166270e+01,2.173185e+01,2.172494e+01,2.175258e+01,2.169728e+01,2.177332e+01,2.171111e+01,2.173876e+01,2.176641e+01,2.177332e+01,2.176641e+01,2.177332e+01,2.177332e+01,2.183548e+01,2.181476e+01,2.183548e+01,2.181476e+01,2.181476e+01,2.184239e+01,2.193211e+01,2.180095e+01,2.181476e+01,2.184239e+01,2.182167e+01,2.206310e+01,2.250997e+01,2.258540e+01,2.210443e+01,2.154505e+01,2.155197e+01,2.160735e+01,2.151042e+01,2.156582e+01,2.141339e+01,2.139258e+01,2.133708e+01,2.143419e+01,2.144112e+01,2.248252e+01,2.285239e+01,2.279084e+01,2.281820e+01,2.213198e+01,2.133014e+01,2.104522e+01,2.115650e+01,2.103826e+01,2.103826e+01,2.110783e+01,2.102434e+01,2.103826e+01,2.110783e+01,2.110783e+01,2.115650e+01,2.146191e+01,2.237268e+01,2.257854e+01,2.226959e+01,2.173185e+01,2.149656e+01,2.137871e+01,2.126072e+01,2.128850e+01,2.144112e+01,2.129544e+01,2.139258e+01,2.176641e+01,2.210443e+01,2.229709e+01,2.255112e+01,2.230396e+01,2.212509e+01,2.205621e+01,2.185620e+01,2.182167e+01,2.180786e+01,2.186310e+01,2.181476e+01,2.180786e+01,2.185620e+01,2.192521e+01,2.218705e+01,2.217328e+01,2.221457e+01,2.226271e+01,2.221457e+01,2.220081e+01,2.213886e+01,2.184929e+01,2.180095e+01,2.171111e+01,2.168345e+01,2.161427e+01,2.169037e+01,2.166962e+01,2.166270e+01,2.165579e+01,2.165579e+01,2.158659e+01,2.163503e+01,2.157274e+01,2.155197e+01,2.157967e+01,2.151734e+01,2.145498e+01,2.139952e+01,2.148270e+01,2.128850e+01,2.139258e+01,2.141339e+01,2.131626e+01,2.137871e+01,2.130932e+01,2.139258e+01,2.110088e+01,2.128156e+01,2.122600e+01,2.126072e+01,2.137177e+01,2.125378e+01,2.142725e+01,2.110088e+01,2.123989e+01,2.115650e+01,2.112174e+01,2.122600e+01,2.106609e+01,2.114260e+01,2.119126e+01,2.117736e+01,2.112869e+01,2.111479e+01,2.124683e+01,2.126072e+01,2.127461e+01,2.133014e+01,2.136484e+01,2.132320e+01,2.151734e+01,2.146884e+01,2.145498e+01,2.146191e+01,2.146884e+01,2.155890e+01,2.154505e+01,2.147577e+01,2.160735e+01,2.157967e+01,2.139952e+01,2.154505e+01,2.141339e+01,2.151042e+01,2.153119e+01,2.151042e+01,2.156582e+01,2.162811e+01,2.162119e+01,2.169037e+01,2.192521e+01,2.191141e+01,2.206310e+01,2.203554e+01,2.191141e+01,2.198729e+01,2.215263e+01,2.198729e+01,2.198729e+01,2.206310e+01,2.196660e+01,2.193211e+01,2.198729e+01,2.193901e+01,2.191831e+01,2.182858e+01,2.194591e+01,2.189071e+01,2.196660e+01,2.191141e+01,2.181476e+01,2.193211e+01,2.193211e+01,2.195280e+01,2.183548e+01,2.192521e+01,2.189071e+01,2.196660e+01,2.186310e+01,2.200107e+01,2.196660e+01,2.206310e+01,2.203554e+01,2.210443e+01,2.211821e+01,2.214575e+01,2.230396e+01,2.231084e+01,2.226271e+01,2.235894e+01,2.229709e+01,2.225584e+01,2.230396e+01,2.227647e+01,2.234520e+01,2.242762e+01,2.245507e+01,2.237955e+01,2.247566e+01,2.244135e+01,2.242762e+01,2.250997e+01,2.261282e+01,2.250997e+01,2.247566e+01,2.249625e+01,2.249625e+01,2.243448e+01,2.229022e+01,2.242762e+01,2.244821e+01,2.240015e+01,2.240015e+01,2.242075e+01,2.244821e+01,2.236581e+01,2.248939e+01,2.243448e+01,2.242075e+01,2.237268e+01,2.248252e+01,2.244135e+01,2.238642e+01,2.238642e+01,2.240015e+01,2.245507e+01,2.243448e+01,2.233146e+01,2.237268e+01,2.238642e+01,2.229709e+01,2.235894e+01,2.227647e+01,2.240015e+01,2.230396e+01,2.224896e+01,2.224896e+01,2.218705e+01,2.222833e+01,2.224896e+01,2.220081e+01,2.211132e+01,2.210443e+01,2.209755e+01,2.213198e+01,2.210443e+01,2.213886e+01,2.204243e+01,2.213198e+01,2.211821e+01,2.206310e+01,2.205621e+01,2.201486e+01,2.215263e+01,2.213198e+01,2.200797e+01,2.203554e+01,2.206310e+01,2.211132e+01,2.201486e+01,2.208377e+01,2.214575e+01,2.200797e+01,2.209755e+01,2.198729e+01,2.205621e+01,2.207688e+01,2.203554e+01,2.215263e+01,2.213198e+01,2.214575e+01,2.206310e+01,2.241389e+01,2.211821e+01,2.214575e+01,2.217328e+01,2.214575e+01,2.215263e+01,2.218705e+01,2.221457e+01,2.220769e+01,2.215952e+01,2.211821e+01,2.216640e+01,2.226959e+01,2.220769e+01,2.226271e+01,2.216640e+01,2.218705e+01,2.223520e+01,2.231771e+01,2.216640e+01,2.222145e+01,2.233146e+01,2.232458e+01,2.228334e+01,2.234520e+01,2.238642e+01,2.235894e+01,2.232458e+01,2.237955e+01,2.240015e+01,2.224896e+01,2.235894e+01,2.237268e+01,2.238642e+01,2.248939e+01,2.233146e+01,2.235894e+01,2.241389e+01,2.237955e+01,2.223520e+01,2.238642e+01,2.237268e+01,2.238642e+01,2.228334e+01,2.233833e+01,2.226959e+01
2.203554e+01,2.205621e+01,2.200107e+01,2.211132e+01,2.209755e+01,2.210443e+01,2.211132e+01,2.210443e+01,2.215263e+01,2.211821e+01,2.213886e+01,2.210443e+01,2.224896e+01,2.216640e+01,2.218705e+01,2.219393e+01,2.220081e+01,2.222145e+01,2.218705e+01,2.207688e+01,2.213198e+01,2.207688e+01,2.209066e+01,2.209066e+01,2.209755e+01,2.203554e+01,2.206310e+01,2.197349e+01,2.207688e+01,2.198039e+01,2.202176e+01,2.206310e+01,2.200107e+01,2.195970e+01,2.215263e+01,2.208377e+01,2.203554e+01,2.202865e+01,2.204932e+01,2.200797e+01,2.200107e+01,2.199418e+01,2.204932e+01,2.210443e+01,2.206999e+01,2.215952e+01,2.212509e+01,2.205621e+01,2.211821e+01,2.206999e+01,2.224208e+01,2.219393e+01,2.221457e+01,2.224208e+01,2.223520e+01,2.226271e+01,2.224208e+01,2.219393e+01,2.229022e+01,2.229022e+01,2.227647e+01,2.235207e+01,2.230396e+01,2.242075e+01,2.229709e+01,2.243448e+01,2.240702e+01,2.237268e+01,2.244135e+01,2.244821e+01,2.240702e+01,2.242075e+01,2.242762e+01,2.244135e+01,2.247566e+01,2.244821e+01,2.242075e+01,2.248252e+01,2.248252e+01,2.252369e+01,2.250997e+01,2.253055e+01,2.247566e+01,2.259225e+01,2.257854e+01,2.255112e+01,2.257169e+01,2.253055e+01,2.257169e+01,2.257854e+01,2.260596e+01,2.244135e+01,2.250311e+01,2.267447e+01,2.268132e+01,2.250997e+01,2.256483e+01,2.257854e+01,2.252369e+01,2.253741e+01,2.254426e+01,2.269502e+01,2.256483e+01,2.261967e+01,2.264022e+01,2.252369e+01,2.265392e+01,2.244821e+01,2.259225e+01,2.248252e+01,2.246880e+01,2.255798e+01,2.255112e+01,2.261967e+01,2.261967e+01,2.258540e+01,2.261967e+01,2.262652e+01,2.257169e+01,2.261282e+01,2.258540e+01,2.258540e+01,2.259225e+01,2.250311e+01,2.250997e+01,2.253741e+01,2.252369e+01,2.256483e+01,2.260596e+01,2.250997e+01,2.253741e+01,2.248252e+01,2.257854e+01,2.248939e+01,2.250311e+01,2.244821e+01,2.248939e+01,2.244821e+01,2.246194e+01,2.234520e+01,2.245507e+01,2.239328e+01,2.242075e+01,2.235894e+01,2.238642e+01,2.242075e+01,2.242762e+01,2.242762e+01,2.246194e+01,2.248939e+01,2.246194e+01,2.246194e+01,2.251683e+01,2.235207e+01,2.239328e+01,2.232458e+01,2.231771e+01,2.235207e+01,2.235207e+01,2.242075e+01,2.242762e+01,2.233833e+01,2.244135e+01,2.236581e+01,2.231771e+01,2.244821e+01,2.233833e+01,2.244821e+01,2.244135e+01,2.237955e+01,2.235207e+01,2.235894e+01,2.238642e+01,2.243448e+01,2.243448e+01,2.240702e+01,2.236581e+01,2.248939e+01,2.248252e+01,2.248939e+01,2.245507e+01,2.245507e+01,2.249625e+01,2.248252e+01,2.257169e+01,2.253055e+01,2.256483e+01,2.250311e+01,2.250997e+01,2.252369e+01,2.263337e+01,2.255798e+01,2.263337e+01,2.257854e+01,2.261282e+01,2.257854e+01,2.255798e+01,2.259225e+01,2.255112e+01,2.251683e+01,2.265392e+01,2.264022e+01,2.260596e+01,2.261282e+01,2.259225e+01,2.255798e+01,2.248252e+01,2.233833e+01,2.257169e+01,2.255798e+01,2.250311e+01,2.254426e+01,2.257169e+01,2.246194e+01,2.243448e+01,2.242762e+01,2.236581e+01,2.209755e+01,2.158659e+01,2.150349e+01,2.151734e+01,2.160735e+01,2.174567e+01,2.170420e+01,2.167654e+01,2.169728e+01,2.167654e+01,2.171111e+01,2.171802e+01,2.171802e+01,2.163503e+01,2.171802e+01,2.184929e+01,2.198729e+01,2.195970e+01,2.198039e+01,2.206310e+01,2.195280e+01,2.202865e+01,2.213886e+01,2.217328e+01,2.217328e+01,2.214575e+01,2.217328e+01,2.215952e+01,2.214575e+01,2.214575e+01,2.219393e+01,2.213198e+01,2.212509e+01,2.222145e+01,2.216640e+01,2.221457e+01,2.211132e+01,2.220769e+01,2.213198e+01,2.206999e+01,2.215263e+01,2.213198e+01,2.214575e+01,2.200797e+01,2.202865e+01,2.202176e+01,2.193901e+01,2.204243e+01,2.196660e+01,2.200797e+01,2.204243e+01,2.202865e+01,2.202865e+01,2.202865e+01,2.200107e+01,2.218705e+01,2.209755e+01,2.218016e+01,2.210443e+01,2.220769e+01,2.224208e+01,2.219393e+01,2.216640e+01,2.222145e+01,2.226959e+01,2.213886e+01,2.224208e+01,2.229709e+01,2.224896e+01,2.226959e+01,2.214575e+01,2.230396e+01,2.228334e+01,2.230396e+01,2.226959e+01,2.213886e+01,2.220769e+01,2.215263e+01,2.171802e+01,2.145498e+01,2.144805e+01,2.144112e+01,2.173876e+01,2.182858e+01,2.160735e+01,2.143419e+01,2.155197e+01,2.146191e+01,2.142725e+01,2.162811e+01,2.150349e+01,2.153812e+01,2.159351e+01,2.157274e+01,2.162119e+01,2.159351e+01,2.173185e+01,2.160043e+01,2.165579e+01,2.173876e+01,2.166962e+01,2.175949e+01,2.166270e+01,2.169037e+01,2.168345e+01,2.171802e+01,2.171802e+01,2.171111e+01,2.178713e+01,2.179404e+01,2.176641e+01,2.181476e+01,2.180786e+01,2.182858e+01,2.189761e+01,2.180786e+01,2.181476e+01,2.181476e+01,2.180095e+01,2.193211e+01,2.186310e+01,2.196660e+01,2.224208e+01,2.246194e+01,2.177332e+01,2.160043e+01,2.155890e+01,2.154505e+01,2.158659e+01,2.153812e+01,2.146191e+01,2.142725e+01,2.144112e+01,2.144805e+01,2.192521e+01,2.279768e+01,2.287290e+01,2.283872e+01,2.292074e+01,2.255112e+01,2.166962e+01,2.132320e+01,2.117736e+01,2.129544e+01,2.110783e+01,2.118431e+01,2.109392e+01,2.111479e+01,2.116345e+01,2.134402e+01,2.123294e+01,2.196660e+01,2.261967e+01,2.242075e+01,2.154505e+01,2.153812e+01,2.138565e+01,2.124683e+01,2.133014e+01,2.135096e+01,2.144112e+01,2.139952e+01,2.162119e+01,2.211821e+01,2.211132e+01,2.231084e+01,2.230396e+01,2.224896e+01,2.226959e+01,2.219393e+01,2.225584e+01,2.198039e+01,2.195970e+01,2.179404e+01,2.194591e+01,2.174567e+01,2.193211e+01,2.189071e+01,2.199418e+01,2.199418e+01,2.193211e+01,2.208377e+01,2.220081e+01,2.214575e+01,2.215263e+01,2.198039e+01,2.183548e+01,2.174567e+01,2.176641e+01,2.175258e+01,2.192521e+01,2.164887e+01,2.195970e+01,2.182858e+01,2.170420e+01,2.170420e+01,2.169728e+01,2.151734e+01,2.157967e+01,2.163503e+01,2.155197e+01,2.151042e+01,2.150349e+01,2.147577e+01,2.146884e+01,2.146191e+01,2.125378e+01,2.141339e+01,2.134402e+01,2.142032e+01,2.134402e+01,2.130932e+01,2.138565e+01,2.136484e+01,2.143419e+01,2.142725e+01,2.126767e+01,2.123989e+01,2.127461e+01,2.121210e+01,2.121210e+01,2.123989e+01,2.120515e+01,2.119126e+01,2.109392e+01,2.126072e+01,2.117736e+01,2.135096e+01,2.119126e+01,2.127461e+01,2.125378e+01,2.135096e+01,2.134402e+01,2.144805e+01,2.131626e+01,2.142032e+01,2.151042e+01,2.142725e+01,2.153812e+01,2.148963e+01,2.147577e+01,2.146884e+01,2.146191e+01,2.146191e+01,2.153119e+01,2.142725e+01,2.157274e+01,2.133708e+01,2.146884e+01,2.142032e+01,2.147577e+01,2.139952e+01,2.148270e+01,2.129544e+01,2.168345e+01,2.164195e+01,2.189071e+01,2.206310e+01,2.188381e+01,2.187000e+01,2.190451e+01,2.195970e+01,2.198039e+01,2.198729e+01,2.195280e+01,2.205621e+01,2.195280e+01,2.191831e+01,2.191831e+01,2.189071e+01,2.193211e+01,2.191141e+01,2.193901e+01,2.186310e+01,2.195970e+01,2.194591e+01,2.193901e+01,2.200107e+01,2.193901e+01,2.209066e+01,2.199418e+01,2.198729e+01,2.190451e+01,2.202865e+01,2.200797e+01,2.195970e+01,2.209066e+01,2.207688e+01,2.207688e+01,2.220769e+01,2.218016e+01,2.215952e+01,2.228334e+01,2.231084e+01,2.238642e+01,2.233146e+01,2.229709e+01,2.241389e+01,2.231771e+01,2.241389e+01,2.241389e+01,2.246194e+01,2.243448e+01,2.236581e+01,2.240702e+01,2.242075e+01,2.246880e+01,2.254426e+01,2.250997e+01,2.250311e+01,2.246880e+01,2.246880e+01,2.233833e+01,2.250997e+01,2.242762e+01,2.246194e+01,2.248939e+01,2.243448e+01,2.253055e+01,2.246194e+01,2.229709e+01,2.233833e+01,2.242762e+01,2.247566e+01,2.238642e+01,2.246194e+01,2.243448e+01,2.237955e+01,2.241389e+01,2.238642e+01,2.241389e+01,2.241389e+01,2.235894e+01,2.233146e+01,2.233146e+01,2.237955e+01,2.236581e+01,2.237955e+01,2.227647e+01,2.221457e+01,2.222833e+01,2.226959e+01,2.213198e+01,2.224208e+01,2.225584e+01,2.213198e+01,2.214575e+01,2.211132e+01,2.208377e+01,2.218016e+01,2.211132e+01,2.212509e+01,2.213886e+01,2.213198e+01,2.211132e+01,2.206999e+01,2.199418e+01,2.198039e+01,2.203554e+01,2.206999e+01,2.203554e+01,2.206310e+01,2.213886e+01,2.206999e+01,2.197349e+01,2.222833e+01,2.210443e+01,2.198039e+01,2.206999e+01,2.210443e+01,2.206999e+01,2.211821e+01,2.209066e+01,2.214575e+01,2.215263e+01,2.213886e+01,2.218705e+01,2.224896e+01,2.215952e+01,2.226959e+01,2.215952e+01,2.217328e+01,2.222145e+01,2.214575e+01,2.218016e+01,2.215952e+01,2.217328e+01,2.211132e+01,2.213198e+01,2.222145e+01,2.218016e+01,2.231084e+01,2.212509e+01,2.215263e+01,2.222833e+01,2.215263e+01,2.218016e+01,2.232458e+01,2.229709e+01,2.233833e+01,2.226271e+01,2.220769e+01,2.240015e+01,2.240702e+01,2.233146e+01,2.240702e+01,2.228334e+01,2.233833e+01,2.231084e+01,2.239328e+01,2.237268e+01,2.235894e+01,2.241389e+01,2.245507e+01,2.225584e+01,2.237955e+01,2.240702e+01,2.235894e+01,2.240015e+01,2.243448e+01,2.229709e+01,2.227647e+01,2.224896e+01
2.207688e+01,2.207688e+01,2.208377e+01,2.208377e+01,2.207688e+01,2.209066e+01,2.215263e+01,2.213198e+01,2.204243e+01,2.211132e+01,2.213198e+01,2.215952e+01,2.211821e+01,2.217328e+01,2.211821e+01,2.226959e+01,2.221457e+01,2.215952e+01,2.206310e+01,2.212509e+01,2.206999e+01,2.202176e+01,2.205621e+01,2.205621e+01,2.189071e+01,2.194591e+01,2.208377e+01,2.198039e+01,2.204243e+01,2.194591e+01,2.202865e+01,2.201486e+01,2.200107e+01,2.199418e+01,2.200107e+01,2.197349e+01,2.200797e+01,2.202176e+01,2.197349e+01,2.200107e+01,2.190451e+01,2.204932e+01,2.213198e+01,2.202865e+01,2.204932e+01,2.217328e+01,2.236581e+01,2.210443e+01,2.218016e+01,2.211132e+01,2.209066e+01,2.209755e+01,2.218016e+01,2.222145e+01,2.226271e+01,2.223520e+01,2.226271e+01,2.226959e+01,2.227647e+01,2.233833e+01,2.224896e+01,2.233146e+01,2.240015e+01,2.239328e+01,2.237268e+01,2.240702e+01,2.244821e+01,2.246194e+01,2.239328e+01,2.239328e+01,2.250311e+01,2.243448e+01,2.242762e+01,2.245507e+01,2.248252e+01,2.246880e+01,2.251683e+01,2.244821e+01,2.244821e+01,2.246880e+01,2.247566e+01,2.257169e+01,2.246194e+01,2.259225e+01,2.255798e+01,2.256483e+01,2.258540e+01,2.258540e+01,2.260596e+01,2.261282e+01,2.261282e+01,2.259911e+01,2.263337e+01,2.254426e+01,2.257854e+01,2.251683e+01,2.250997e+01,2.251683e+01,2.255798e+01,2.254426e+01,2.248252e+01,2.254426e+01,2.252369e+01,2.267447e+01,2.241389e+01,2.253741e+01,2.259911e+01,2.260596e+01,2.257854e+01,2.258540e+01,2.272241e+01,2.257169e+01,2.262652e+01,2.249625e+01,2.248939e+01,2.253055e+01,2.253741e+01,2.249625e+01,2.247566e+01,2.256483e+01,2.255112e+01,2.237955e+01,2.259225e+01,2.255112e+01,2.253055e+01,2.249625e+01,2.250997e+01,2.250311e+01,2.260596e+01,2.264022e+01,2.248252e+01,2.249625e+01,2.253741e+01,2.249625e+01,2.247566e+01,2.245507e+01,2.247566e+01,2.245507e+01,2.255112e+01,2.246880e+01,2.247566e+01,2.236581e+01,2.242075e+01,2.240015e+01,2.237268e+01,2.240702e+01,2.233833e+01,2.243448e+01,2.233146e+01,2.238642e+01,2.229022e+01,2.236581e+01,2.240015e+01,2.240015e+01,2.238642e+01,2.234520e+01,2.233146e+01,2.243448e+01,2.226959e+01,2.240015e+01,2.230396e+01,2.240015e+01,2.243448e+01,2.233833e+01,2.234520e+01,2.232458e+01,2.244135e+01,2.242762e+01,2.244821e+01,2.237268e+01,2.240015e+01,2.246880e+01,2.242075e+01,2.248939e+01,2.242762e+01,2.248939e+01,2.242075e+01,2.237268e+01,2.248939e+01,2.250311e+01,2.250997e+01,2.247566e+01,2.254426e+01,2.247566e+01,2.253741e+01,2.250997e+01,2.253055e+01,2.255112e+01,2.255112e+01,2.250997e+01,2.253055e+01,2.253055e+01,2.265392e+01,2.255112e+01,2.281136e+01,2.257169e+01,2.257169e+01,2.253055e+01,2.252369e+01,2.256483e+01,2.256483e+01,2.259225e+01,2.250997e+01,2.251683e+01,2.258540e+01,2.255798e+01,2.256483e+01,2.254426e+01,2.251683e+01,2.247566e+01,2.255112e+01,2.253741e+01,2.253055e+01,2.234520e+01,2.245507e+01,2.242762e+01,2.231084e+01,2.176641e+01,2.157274e+01,2.157967e+01,2.158659e+01,2.159351e+01,2.163503e+01,2.169728e+01,2.166962e+01,2.171802e+01,2.172494e+01,2.169037e+01,2.171802e+01,2.171111e+01,2.163503e+01,2.166962e+01,2.165579e+01,2.173876e+01,2.187000e+01,2.198039e+01,2.206999e+01,2.191141e+01,2.193901e+01,2.209755e+01,2.205621e+01,2.215952e+01,2.212509e+01,2.211821e+01,2.211821e+01,2.212509e+01,2.213198e+01,2.207688e+01,2.221457e+01,2.218705e+01,2.207688e+01,2.221457e+01,2.220769e+01,2.211821e+01,2.220081e+01,2.215263e+01,2.211821e+01,2.209755e+01,2.213198e+01,2.207688e+01,2.209755e+01,2.202176e+01,2.196660e+01,2.195970e+01,2.201486e+01,2.201486e+01,2.192521e+01,2.191141e+01,2.202865e+01,2.197349e+01,2.201486e+01,2.198729e+01,2.210443e+01,2.207688e+01,2.212509e+01,2.210443e+01,2.221457e+01,2.213886e+01,2.229709e+01,2.225584e+01,2.214575e+01,2.217328e+01,2.227647e+01,2.228334e+01,2.229022e+01,2.231084e+01,2.226959e+01,2.213886e+01,2.227647e+01,2.217328e+01,2.210443e+01,2.162119e+01,2.167654e+01,2.148963e+01,2.144805e+01,2.154505e+01,2.144112e+01,2.139258e+01,2.144112e+01,2.185620e+01,2.220081e+01,2.215263e+01,2.168345e+01,2.142032e+01,2.146191e+01,2.133014e+01,2.142032e+01,2.148270e+01,2.148270e+01,2.154505e+01,2.156582e+01,2.171111e+01,2.154505e+01,2.155890e+01,2.155890e+01,2.164887e+01,2.162119e+01,2.162811e+01,2.163503e+01,2.172494e+01,2.158659e+01,2.167654e+01,2.171111e+01,2.171802e+01,2.169037e+01,2.176641e+01,2.177332e+01,2.177332e+01,2.172494e+01,2.178022e+01,2.179404e+01,2.180095e+01,2.180786e+01,2.181476e+01,2.180095e+01,2.184929e+01,2.181476e+01,2.184239e+01,2.191831e+01,2.220769e+01,2.209755e+01,2.169037e+01,2.157967e+01,2.153812e+01,2.160043e+01,2.151042e+01,2.151042e+01,2.149656e+01,2.142032e+01,2.144112e+01,2.195970e+01,2.266763e+01,2.295490e+01,2.299587e+01,2.306412e+01,2.296173e+01,2.302318e+01,2.261282e+01,2.198039e+01,2.164887e+01,2.164195e+01,2.153119e+01,2.129544e+01,2.120515e+01,2.112869e+01,2.126767e+01,2.128850e+01,2.139952e+01,2.224208e+01,2.220081e+01,2.159351e+01,2.137871e+01,2.126767e+01,2.133708e+01,2.128850e+01,2.120515e+01,2.126072e+01,2.142725e+01,2.155197e+01,2.164887e+01,2.193211e+01,2.192521e+01,2.206999e+01,2.202865e+01,2.196660e+01,2.195970e+01,2.220769e+01,2.224208e+01,2.209066e+01,2.197349e+01,2.194591e+01,2.179404e+01,2.184929e+01,2.186310e+01,2.189761e+01,2.186310e+01,2.184929e+01,2.193901e+01,2.197349e+01,2.200107e+01,2.218016e+01,2.202176e+01,2.202865e+01,2.195280e+01,2.191831e+01,2.176641e+01,2.175258e+01,2.177332e+01,2.175258e+01,2.178713e+01,2.169728e+01,2.165579e+01,2.162811e+01,2.170420e+01,2.163503e+01,2.155890e+01,2.151042e+01,2.153812e+01,2.152427e+01,2.152427e+01,2.164887e+01,2.148270e+01,2.146884e+01,2.155890e+01,2.149656e+01,2.135096e+01,2.130238e+01,2.141339e+01,2.139952e+01,2.139952e+01,2.137871e+01,2.138565e+01,2.134402e+01,2.142725e+01,2.139952e+01,2.124683e+01,2.130932e+01,2.126072e+01,2.123989e+01,2.130238e+01,2.126767e+01,2.119126e+01,2.123989e+01,2.127461e+01,2.123294e+01,2.123989e+01,2.121905e+01,2.137177e+01,2.137871e+01,2.128156e+01,2.151042e+01,2.143419e+01,2.145498e+01,2.144805e+01,2.144805e+01,2.150349e+01,2.152427e+01,2.150349e+01,2.156582e+01,2.152427e+01,2.140645e+01,2.142032e+01,2.149656e+01,2.143419e+01,2.140645e+01,2.142032e+01,2.140645e+01,2.149656e+01,2.134402e+01,2.148270e+01,2.149656e+01,2.146191e+01,2.153812e+01,2.164887e+01,2.193211e+01,2.204243e+01,2.183548e+01,2.197349e+01,2.196660e+01,2.193211e+01,2.200107e+01,2.192521e+01,2.198729e+01,2.191831e+01,2.199418e+01,2.192521e+01,2.195970e+01,2.193211e+01,2.194591e+01,2.194591e+01,2.195280e+01,2.180786e+01,2.194591e+01,2.193211e+01,2.204932e+01,2.193901e+01,2.193211e+01,2.190451e+01,2.189761e+01,2.192521e+01,2.189071e+01,2.191831e+01,2.194591e+01,2.193901e+01,2.202176e+01,2.213198e+01,2.209066e+01,2.215952e+01,2.229709e+01,2.222833e+01,2.224208e+01,2.223520e+01,2.234520e+01,2.233833e+01,2.233833e+01,2.234520e+01,2.236581e+01,2.240015e+01,2.245507e+01,2.243448e+01,2.240702e+01,2.248252e+01,2.246194e+01,2.259225e+01,2.244821e+01,2.261967e+01,2.244821e+01,2.250311e+01,2.238642e+01,2.249625e+01,2.246880e+01,2.251683e+01,2.251683e+01,2.242075e+01,2.251683e+01,2.253741e+01,2.235207e+01,2.247566e+01,2.246194e+01,2.242075e+01,2.254426e+01,2.235894e+01,2.244821e+01,2.240015e+01,2.240702e+01,2.240702e+01,2.243448e+01,2.239328e+01,2.236581e+01,2.247566e+01,2.233833e+01,2.234520e+01,2.240702e+01,2.237268e+01,2.231084e+01,2.230396e+01,2.218016e+01,2.217328e+01,2.223520e+01,2.224896e+01,2.218016e+01,2.208377e+01,2.219393e+01,2.215263e+01,2.207688e+01,2.210443e+01,2.209066e+01,2.205621e+01,2.211821e+01,2.204932e+01,2.209066e+01,2.213886e+01,2.200107e+01,2.217328e+01,2.200797e+01,2.202865e+01,2.193901e+01,2.202865e+01,2.213886e+01,2.209755e+01,2.209066e+01,2.210443e+01,2.209066e+01,2.206999e+01,2.209066e+01,2.208377e+01,2.199418e+01,2.215263e+01,2.211821e+01,2.209755e+01,2.216640e+01,2.215263e+01,2.212509e+01,2.222145e+01,2.215263e+01,2.218016e+01,2.215263e+01,2.221457e+01,2.220081e+01,2.218016e+01,2.211132e+01,2.211821e+01,2.212509e+01,2.213886e+01,2.217328e+01,2.222833e+01,2.224208e+01,2.230396e+01,2.219393e+01,2.220081e+01,2.223520e+01,2.303000e+01,2.233146e+01,2.233146e+01,2.228334e+01,2.232458e+01,2.231084e+01,2.220081e+01,2.231771e+01,2.236581e+01,2.239328e+01,2.240702e+01,2.226959e+01,2.231771e+01,2.238642e+01,2.237268e+01,2.237268e+01,2.242075e+01,2.245507e+01,2.244821e+01,2.226271e+01,2.235207e+01,2.234520e+01,2.237268e+01,2.240015e+01,2.237955e+01,2.228334e+01,2.228334e+01,2.225584e+01,2.224208e+01
2.206999e+01,2.195970e+01,2.206310e+01,2.195970e+01,2.209755e+01,2.209066e+01,2.207688e+01,2.213886e+01,2.207688e+01,2.217328e+01,2.215952e+01,2.213886e+01,2.214575e+01,2.216640e+01,2.215263e+01,2.211821e+01,2.206310e+01,2.216640e+01,2.206999e+01,2.218016e+01,2.203554e+01,2.205621e+01,2.210443e+01,2.175949e+01,2.207688e+01,2.202176e+01,2.191831e+01,2.215263e+01,2.206310e+01,2.203554e+01,2.198039e+01,2.195970e+01,2.195970e+01,2.204243e+01,2.191831e+01,2.200107e+01,2.200107e+01,2.199418e+01,2.195970e+01,2.203554e+01,2.205621e+01,2.206999e+01,2.204243e+01,2.200797e+01,2.200107e+01,2.215263e+01,2.215263e+01,2.211132e+01,2.215263e+01,2.210443e+01,2.215952e+01,2.216640e+01,2.229022e+01,2.222145e+01,2.224208e+01,2.220769e+01,2.218016e+01,2.234520e+01,2.230396e+01,2.239328e+01,2.231084e+01,2.224896e+01,2.224896e+01,2.235207e+01,2.236581e+01,2.224896e+01,2.238642e+01,2.237955e+01,2.246880e+01,2.255798e+01,2.244135e+01,2.246194e+01,2.246880e+01,2.247566e+01,2.247566e+01,2.244135e+01,2.244821e+01,2.242075e+01,2.246880e+01,2.243448e+01,2.252369e+01,2.243448e+01,2.250311e+01,2.244821e+01,2.253741e+01,2.283188e+01,2.248939e+01,2.246880e+01,2.255798e+01,2.261967e+01,2.265392e+01,2.269502e+01,2.261282e+01,2.264022e+01,2.253741e+01,2.257854e+01,2.253741e+01,2.269502e+01,2.248252e+01,2.251683e+01,2.266763e+01,2.250997e+01,2.257169e+01,2.250311e+01,2.254426e+01,2.253055e+01,2.255112e+01,2.250997e+01,2.259225e+01,2.254426e+01,2.261967e+01,2.246194e+01,2.244821e+01,2.251683e+01,2.250997e+01,2.253055e+01,2.247566e+01,2.256483e+01,2.243448e+01,2.257169e+01,2.246194e+01,2.253055e+01,2.247566e+01,2.257169e+01,2.257169e+01,2.246880e+01,2.249625e+01,2.259911e+01,2.248939e+01,2.254426e+01,2.250997e+01,2.254426e+01,2.246880e+01,2.252369e+01,2.246880e+01,2.235207e+01,2.244821e+01,2.235207e+01,2.242762e+01,2.235894e+01,2.237268e+01,2.248252e+01,2.240015e+01,2.245507e+01,2.244135e+01,2.231084e+01,2.242075e+01,2.240015e+01,2.231084e+01,2.236581e+01,2.229022e+01,2.246194e+01,2.233833e+01,2.238642e+01,2.239328e+01,2.238642e+01,2.242762e+01,2.233833e+01,2.241389e+01,2.242075e+01,2.234520e+01,2.239328e+01,2.238642e+01,2.230396e+01,2.239328e+01,2.237955e+01,2.235894e+01,2.233146e+01,2.231084e+01,2.236581e+01,2.235207e+01,2.245507e+01,2.244821e+01,2.247566e+01,2.248252e+01,2.241389e+01,2.249625e+01,2.241389e+01,2.242075e+01,2.251683e+01,2.246194e+01,2.247566e+01,2.244135e+01,2.246194e+01,2.251683e+01,2.246880e+01,2.256483e+01,2.254426e+01,2.256483e+01,2.257169e+01,2.249625e+01,2.254426e+01,2.253055e+01,2.253741e+01,2.239328e+01,2.252369e+01,2.255112e+01,2.252369e+01,2.253741e+01,2.261282e+01,2.253741e+01,2.244821e+01,2.258540e+01,2.257854e+01,2.257854e+01,2.250311e+01,2.258540e+01,2.240702e+01,2.240702e+01,2.242075e+01,2.242762e+01,2.242075e+01,2.257854e+01,2.250997e+01,2.235894e+01,2.217328e+01,2.219393e+01,2.161427e+01,2.159351e+01,2.156582e+01,2.160735e+01,2.161427e+01,2.169037e+01,2.172494e+01,2.164887e+01,2.171802e+01,2.171111e+01,2.174567e+01,2.173185e+01,2.179404e+01,2.169728e+01,2.186310e+01,2.169728e+01,2.165579e+01,2.176641e+01,2.198729e+01,2.197349e+01,2.194591e+01,2.200107e+01,2.216640e+01,2.207688e+01,2.207688e+01,2.213198e+01,2.217328e+01,2.213198e+01,2.223520e+01,2.222145e+01,2.217328e+01,2.211132e+01,2.221457e+01,2.210443e+01,2.219393e+01,2.218016e+01,2.218705e+01,2.211821e+01,2.218016e+01,2.216640e+01,2.199418e+01,2.213886e+01,2.206310e+01,2.200107e+01,2.201486e+01,2.201486e+01,2.202176e+01,2.193211e+01,2.190451e+01,2.188381e+01,2.205621e+01,2.200797e+01,2.210443e+01,2.204932e+01,2.201486e+01,2.214575e+01,2.205621e+01,2.209755e+01,2.222145e+01,2.217328e+01,2.213886e+01,2.218016e+01,2.220081e+01,2.220769e+01,2.219393e+01,2.215263e+01,2.229022e+01,2.217328e+01,2.224208e+01,2.217328e+01,2.206310e+01,2.182858e+01,2.181476e+01,2.156582e+01,2.141339e+01,2.152427e+01,2.148270e+01,2.143419e+01,2.141339e+01,2.142725e+01,2.149656e+01,2.162119e+01,2.223520e+01,2.239328e+01,2.235207e+01,2.218016e+01,2.191831e+01,2.146884e+01,2.143419e+01,2.144112e+01,2.137871e+01,2.151734e+01,2.155197e+01,2.151734e+01,2.155890e+01,2.151042e+01,2.163503e+01,2.160043e+01,2.164195e+01,2.161427e+01,2.162811e+01,2.166962e+01,2.165579e+01,2.169728e+01,2.165579e+01,2.167654e+01,2.169728e+01,2.170420e+01,2.175258e+01,2.179404e+01,2.171802e+01,2.178713e+01,2.182167e+01,2.182167e+01,2.181476e+01,2.178022e+01,2.178713e+01,2.189071e+01,2.191831e+01,2.188381e+01,2.179404e+01,2.178713e+01,2.182167e+01,2.188381e+01,2.173876e+01,2.154505e+01,2.153812e+01,2.161427e+01,2.152427e+01,2.154505e+01,2.146191e+01,2.149656e+01,2.182858e+01,2.246194e+01,2.301635e+01,2.303683e+01,2.303683e+01,2.307777e+01,2.311869e+01,2.323456e+01,2.302318e+01,2.297539e+01,2.279084e+01,2.268132e+01,2.242075e+01,2.191141e+01,2.172494e+01,2.151734e+01,2.135790e+01,2.129544e+01,2.140645e+01,2.162811e+01,2.139952e+01,2.131626e+01,2.133014e+01,2.126072e+01,2.130932e+01,2.126072e+01,2.134402e+01,2.144805e+01,2.146884e+01,2.155890e+01,2.166270e+01,2.173876e+01,2.171802e+01,2.185620e+01,2.185620e+01,2.184929e+01,2.180095e+01,2.196660e+01,2.198039e+01,2.197349e+01,2.197349e+01,2.195970e+01,2.191141e+01,2.193211e+01,2.191831e+01,2.200107e+01,2.190451e+01,2.188381e+01,2.194591e+01,2.189761e+01,2.194591e+01,2.192521e+01,2.204932e+01,2.192521e+01,2.192521e+01,2.195280e+01,2.178022e+01,2.177332e+01,2.181476e+01,2.173876e+01,2.180095e+01,2.180786e+01,2.173185e+01,2.166962e+01,2.166962e+01,2.159351e+01,2.158659e+01,2.153119e+01,2.160735e+01,2.155890e+01,2.151734e+01,2.147577e+01,2.150349e+01,2.151734e+01,2.150349e+01,2.151042e+01,2.146884e+01,2.155197e+01,2.146884e+01,2.144112e+01,2.154505e+01,2.141339e+01,2.143419e+01,2.142032e+01,2.135096e+01,2.142032e+01,2.143419e+01,2.133708e+01,2.133708e+01,2.125378e+01,2.130238e+01,2.126072e+01,2.128156e+01,2.123989e+01,2.129544e+01,2.122600e+01,2.131626e+01,2.142032e+01,2.135096e+01,2.137871e+01,2.145498e+01,2.141339e+01,2.152427e+01,2.145498e+01,2.147577e+01,2.147577e+01,2.156582e+01,2.149656e+01,2.153119e+01,2.142032e+01,2.150349e+01,2.149656e+01,2.144112e+01,2.149656e+01,2.129544e+01,2.151734e+01,2.142032e+01,2.138565e+01,2.145498e+01,2.137177e+01,2.123294e+01,2.127461e+01,2.128156e+01,2.139258e+01,2.160735e+01,2.170420e+01,2.197349e+01,2.184929e+01,2.180786e+01,2.194591e+01,2.182858e+01,2.198039e+01,2.195280e+01,2.194591e+01,2.197349e+01,2.195970e+01,2.194591e+01,2.195280e+01,2.196660e+01,2.194591e+01,2.192521e+01,2.196660e+01,2.194591e+01,2.190451e+01,2.195970e+01,2.193211e+01,2.176641e+01,2.187000e+01,2.192521e+01,2.193901e+01,2.187691e+01,2.188381e+01,2.199418e+01,2.197349e+01,2.193211e+01,2.205621e+01,2.207688e+01,2.208377e+01,2.213198e+01,2.211821e+01,2.222833e+01,2.224896e+01,2.237268e+01,2.233146e+01,2.232458e+01,2.238642e+01,2.232458e+01,2.236581e+01,2.235207e+01,2.247566e+01,2.243448e+01,2.252369e+01,2.242762e+01,2.253055e+01,2.251683e+01,2.249625e+01,2.246880e+01,2.244135e+01,2.261282e+01,2.247566e+01,2.244821e+01,2.244135e+01,2.245507e+01,2.250997e+01,2.236581e+01,2.250997e+01,2.246880e+01,2.250997e+01,2.235207e+01,2.246880e+01,2.237955e+01,2.236581e+01,2.238642e+01,2.242075e+01,2.226959e+01,2.242075e+01,2.244135e+01,2.240702e+01,2.234520e+01,2.243448e+01,2.236581e+01,2.233146e+01,2.244135e+01,2.229709e+01,2.226271e+01,2.233146e+01,2.235894e+01,2.229022e+01,2.225584e+01,2.217328e+01,2.222145e+01,2.226271e+01,2.229022e+01,2.213886e+01,2.204932e+01,2.209066e+01,2.211821e+01,2.205621e+01,2.209066e+01,2.213198e+01,2.216640e+01,2.206999e+01,2.212509e+01,2.202865e+01,2.199418e+01,2.198729e+01,2.200797e+01,2.211132e+01,2.206310e+01,2.203554e+01,2.212509e+01,2.213198e+01,2.204243e+01,2.204932e+01,2.214575e+01,2.202865e+01,2.201486e+01,2.208377e+01,2.207688e+01,2.192521e+01,2.211821e+01,2.210443e+01,2.212509e+01,2.214575e+01,2.217328e+01,2.220769e+01,2.222145e+01,2.215263e+01,2.217328e+01,2.213198e+01,2.215952e+01,2.213886e+01,2.213198e+01,2.215952e+01,2.220081e+01,2.220081e+01,2.218016e+01,2.221457e+01,2.222833e+01,2.224896e+01,2.224896e+01,2.224896e+01,2.414333e+01,2.288657e+01,2.222145e+01,2.233146e+01,2.229022e+01,2.233833e+01,2.229022e+01,2.232458e+01,2.265392e+01,2.234520e+01,2.242762e+01,2.238642e+01,2.232458e+01,2.233146e+01,2.247566e+01,2.235894e+01,2.242075e+01,2.240702e+01,2.241389e+01,2.222833e+01,2.233833e+01,2.230396e+01,2.234520e+01,2.229022e+01,2.250311e+01,2.237268e+01,2.226271e+01,2.224896e+01,2.240702e+01
2.196660e+01,2.215952e+01,2.198039e+01,2.201486e+01,2.205621e+01,2.213886e+01,2.208377e+01,2.214575e+01,2.214575e+01,2.210443e+01,2.213886e+01,2.230396e+01,2.209755e+01,2.215952e+01,2.211821e+01,2.217328e+01,2.214575e+01,2.215263e+01,2.212509e+01,2.206999e+01,2.208377e+01,2.207688e+01,2.209755e+01,2.207688e+01,2.195280e+01,2.209066e+01,2.204932e+01,2.198729e+01,2.204932e+01,2.204243e+01,2.200107e+01,2.209755e+01,2.199418e+01,2.199418e+01,2.197349e+01,2.198039e+01,2.198729e+01,2.204243e+01,2.199418e+01,2.197349e+01,2.198039e+01,2.202865e+01,2.208377e+01,2.206999e+01,2.197349e+01,2.204932e+01,2.207688e+01,2.209066e+01,2.201486e+01,2.208377e+01,2.211821e+01,2.212509e+01,2.211821e+01,2.222145e+01,2.225584e+01,2.228334e+01,2.215952e+01,2.220081e+01,2.229022e+01,2.227647e+01,2.223520e+01,2.226271e+01,2.222833e+01,2.236581e+01,2.236581e+01,2.235894e+01,2.240702e+01,2.244821e+01,2.248939e+01,2.249625e+01,2.258540e+01,2.248939e+01,2.249625e+01,2.248252e+01,2.244821e+01,2.251683e+01,2.256483e+01,2.248252e+01,2.228334e+01,2.254426e+01,2.249625e+01,2.248252e+01,2.251683e+01,2.253741e+01,2.259225e+01,2.252369e+01,2.256483e+01,2.246194e+01,2.259911e+01,2.246880e+01,2.265392e+01,2.247566e+01,2.260596e+01,2.257854e+01,2.260596e+01,2.266078e+01,2.256483e+01,2.264022e+01,2.258540e+01,2.264708e+01,2.255798e+01,2.250311e+01,2.253055e+01,2.266078e+01,2.251683e+01,2.255798e+01,2.253741e+01,2.249625e+01,2.263337e+01,2.244821e+01,2.244135e+01,2.234520e+01,2.253055e+01,2.254426e+01,2.248252e+01,2.252369e+01,2.244135e+01,2.252369e+01,2.249625e+01,2.259911e+01,2.248252e+01,2.246194e+01,2.250311e+01,2.257854e+01,2.247566e+01,2.254426e+01,2.259225e+01,2.249625e+01,2.246194e+01,2.257854e+01,2.253055e+01,2.250311e+01,2.253055e+01,2.248939e+01,2.246194e+01,2.235894e+01,2.244135e+01,2.238642e+01,2.235894e+01,2.237955e+01,2.235894e+01,2.235207e+01,2.236581e+01,2.233146e+01,2.226271e+01,2.237268e+01,2.240702e+01,2.231084e+01,2.235894e+01,2.231084e+01,2.235207e+01,2.242762e+01,2.226959e+01,2.239328e+01,2.242075e+01,2.239328e+01,2.235894e+01,2.242762e+01,2.243448e+01,2.242075e+01,2.240015e+01,2.234520e+01,2.231771e+01,2.239328e+01,2.246194e+01,2.235894e+01,2.235207e+01,2.237268e+01,2.232458e+01,2.242762e+01,2.240702e+01,2.242762e+01,2.244821e+01,2.246194e+01,2.235207e+01,2.246880e+01,2.248252e+01,2.236581e+01,2.238642e+01,2.249625e+01,2.250997e+01,2.228334e+01,2.246880e+01,2.256483e+01,2.251683e+01,2.254426e+01,2.248939e+01,2.249625e+01,2.253055e+01,2.249625e+01,2.255798e+01,2.259911e+01,2.261967e+01,2.256483e+01,2.255798e+01,2.261282e+01,2.255112e+01,2.253055e+01,2.253741e+01,2.256483e+01,2.265392e+01,2.262652e+01,2.257169e+01,2.261282e+01,2.242075e+01,2.257169e+01,2.243448e+01,2.245507e+01,2.243448e+01,2.246194e+01,2.242762e+01,2.253741e+01,2.255798e+01,2.243448e+01,2.239328e+01,2.209066e+01,2.181476e+01,2.154505e+01,2.168345e+01,2.166270e+01,2.163503e+01,2.165579e+01,2.172494e+01,2.170420e+01,2.171111e+01,2.164195e+01,2.175258e+01,2.173876e+01,2.173185e+01,2.171802e+01,2.168345e+01,2.159351e+01,2.171111e+01,2.188381e+01,2.178022e+01,2.185620e+01,2.182167e+01,2.200107e+01,2.212509e+01,2.215263e+01,2.215263e+01,2.216640e+01,2.218705e+01,2.212509e+01,2.220081e+01,2.222145e+01,2.222145e+01,2.220769e+01,2.219393e+01,2.218705e+01,2.209755e+01,2.213198e+01,2.220769e+01,2.208377e+01,2.217328e+01,2.208377e+01,2.215263e+01,2.212509e+01,2.210443e+01,2.212509e+01,2.199418e+01,2.196660e+01,2.199418e+01,2.186310e+01,2.187691e+01,2.189761e+01,2.180786e+01,2.203554e+01,2.204932e+01,2.200107e+01,2.206999e+01,2.214575e+01,2.211821e+01,2.207688e+01,2.213198e+01,2.212509e+01,2.218016e+01,2.213198e+01,2.219393e+01,2.225584e+01,2.213886e+01,2.216640e+01,2.230396e+01,2.209755e+01,2.195970e+01,2.162811e+01,2.162119e+01,2.158659e+01,2.158659e+01,2.155890e+01,2.157274e+01,2.139258e+01,2.137177e+01,2.145498e+01,2.136484e+01,2.133708e+01,2.142032e+01,2.146884e+01,2.194591e+01,2.229709e+01,2.245507e+01,2.244135e+01,2.248252e+01,2.224896e+01,2.211821e+01,2.176641e+01,2.153812e+01,2.160043e+01,2.161427e+01,2.155890e+01,2.137871e+01,2.151042e+01,2.150349e+01,2.153812e+01,2.161427e+01,2.156582e+01,2.158659e+01,2.162811e+01,2.162811e+01,2.157967e+01,2.169728e+01,2.165579e+01,2.155890e+01,2.167654e+01,2.171111e+01,2.173876e+01,2.172494e+01,2.170420e+01,2.179404e+01,2.178713e+01,2.171111e+01,2.176641e+01,2.182167e+01,2.186310e+01,2.182167e+01,2.180095e+01,2.184929e+01,2.183548e+01,2.185620e+01,2.173185e+01,2.170420e+01,2.165579e+01,2.164195e+01,2.160043e+01,2.159351e+01,2.155890e+01,2.158659e+01,2.159351e+01,2.187691e+01,2.257854e+01,2.301635e+01,2.303000e+01,2.315278e+01,2.323456e+01,2.322775e+01,2.337751e+01,2.335710e+01,2.333668e+01,2.333668e+01,2.329585e+01,2.325499e+01,2.320731e+01,2.286607e+01,2.258540e+01,2.240702e+01,2.219393e+01,2.171111e+01,2.133708e+01,2.137871e+01,2.133708e+01,2.130932e+01,2.121210e+01,2.132320e+01,2.119126e+01,2.147577e+01,2.147577e+01,2.148963e+01,2.153119e+01,2.168345e+01,2.175258e+01,2.171802e+01,2.173876e+01,2.173876e+01,2.178022e+01,2.190451e+01,2.180786e+01,2.193901e+01,2.198039e+01,2.195280e+01,2.195970e+01,2.190451e+01,2.192521e+01,2.200107e+01,2.187691e+01,2.192521e+01,2.199418e+01,2.176641e+01,2.191831e+01,2.184239e+01,2.191831e+01,2.195280e+01,2.189071e+01,2.194591e+01,2.178713e+01,2.179404e+01,2.177332e+01,2.189071e+01,2.180786e+01,2.178713e+01,2.173185e+01,2.176641e+01,2.171111e+01,2.170420e+01,2.165579e+01,2.162119e+01,2.160735e+01,2.159351e+01,2.154505e+01,2.156582e+01,2.152427e+01,2.149656e+01,2.141339e+01,2.149656e+01,2.153119e+01,2.149656e+01,2.151042e+01,2.157967e+01,2.160043e+01,2.156582e+01,2.161427e+01,2.146191e+01,2.146191e+01,2.147577e+01,2.154505e+01,2.148963e+01,2.137177e+01,2.146884e+01,2.131626e+01,2.144112e+01,2.139952e+01,2.144805e+01,2.129544e+01,2.133014e+01,2.130932e+01,2.134402e+01,2.135096e+01,2.137177e+01,2.137177e+01,2.144805e+01,2.148270e+01,2.147577e+01,2.148963e+01,2.151042e+01,2.151734e+01,2.153119e+01,2.159351e+01,2.149656e+01,2.153812e+01,2.146191e+01,2.152427e+01,2.137871e+01,2.153119e+01,2.143419e+01,2.144112e+01,2.144805e+01,2.142725e+01,2.142725e+01,2.139258e+01,2.137177e+01,2.149656e+01,2.128850e+01,2.138565e+01,2.135790e+01,2.155197e+01,2.181476e+01,2.196660e+01,2.191831e+01,2.192521e+01,2.198039e+01,2.193901e+01,2.193901e+01,2.189761e+01,2.196660e+01,2.200107e+01,2.198729e+01,2.198039e+01,2.198039e+01,2.194591e+01,2.191831e+01,2.201486e+01,2.195280e+01,2.202176e+01,2.204932e+01,2.191831e+01,2.191141e+01,2.189761e+01,2.199418e+01,2.190451e+01,2.195970e+01,2.187691e+01,2.188381e+01,2.199418e+01,2.205621e+01,2.210443e+01,2.209755e+01,2.206999e+01,2.222833e+01,2.215263e+01,2.215263e+01,2.231084e+01,2.228334e+01,2.235207e+01,2.237955e+01,2.239328e+01,2.237955e+01,2.242762e+01,2.239328e+01,2.240015e+01,2.247566e+01,2.246194e+01,2.237268e+01,2.251683e+01,2.251683e+01,2.247566e+01,2.250997e+01,2.248939e+01,2.244821e+01,2.258540e+01,2.255798e+01,2.246194e+01,2.251683e+01,2.250997e+01,2.249625e+01,2.240702e+01,2.246880e+01,2.243448e+01,2.243448e+01,2.242075e+01,2.237955e+01,2.243448e+01,2.242762e+01,2.241389e+01,2.235894e+01,2.239328e+01,2.244135e+01,2.235894e+01,2.240702e+01,2.233833e+01,2.247566e+01,2.234520e+01,2.235207e+01,2.243448e+01,2.227647e+01,2.244821e+01,2.231771e+01,2.224208e+01,2.238642e+01,2.231084e+01,2.226959e+01,2.228334e+01,2.224896e+01,2.216640e+01,2.218705e+01,2.220081e+01,2.232458e+01,2.209066e+01,2.211821e+01,2.220081e+01,2.221457e+01,2.206999e+01,2.206999e+01,2.209755e+01,2.217328e+01,2.209066e+01,2.206310e+01,2.203554e+01,2.206310e+01,2.207688e+01,2.206310e+01,2.210443e+01,2.208377e+01,2.208377e+01,2.198729e+01,2.210443e+01,2.192521e+01,2.209066e+01,2.212509e+01,2.214575e+01,2.211132e+01,2.212509e+01,2.216640e+01,2.226959e+01,2.215263e+01,2.213198e+01,2.211132e+01,2.215263e+01,2.209066e+01,2.213198e+01,2.215952e+01,2.216640e+01,2.220081e+01,2.213886e+01,2.220769e+01,2.218705e+01,2.222833e+01,2.234520e+01,2.220769e+01,2.224208e+01,2.239328e+01,2.221457e+01,2.237955e+01,2.218016e+01,2.227647e+01,2.204243e+01,2.226271e+01,2.231084e+01,2.231771e+01,2.234520e+01,2.237268e+01,2.233146e+01,2.231084e+01,2.227647e+01,2.242075e+01,2.238642e+01,2.237268e+01,2.237268e+01,2.238642e+01,2.238642e+01,2.238642e+01,2.242075e+01,2.244135e+01,2.236581e+01,2.233146e+01,2.236581e+01,2.237955e+01,2.239328e+01,2.239328e+01,2.225584e+01,2.241389e+01,2.227647e+01
2.204243e+01,2.201486e+01,2.202176e+01,2.206310e+01,2.198039e+01,2.210443e+01,2.215952e+01,2.207688e+01,2.204932e+01,2.211821e+01,2.217328e+01,2.234520e+01,2.219393e+01,2.208377e+01,2.221457e+01,2.220769e+01,2.215263e+01,2.222145e+01,2.212509e+01,2.214575e+01,2.213886e+01,2.214575e+01,2.213198e+01,2.220081e+01,2.207688e+01,2.201486e+01,2.199418e+01,2.194591e+01,2.202176e+01,2.205621e+01,2.206999e+01,2.200107e+01,2.196660e+01,2.202865e+01,2.209066e+01,2.201486e+01,2.194591e+01,2.194591e+01,2.227647e+01,2.193211e+01,2.200797e+01,2.199418e+01,2.191141e+01,2.199418e+01,2.206310e+01,2.200797e+01,2.210443e+01,2.208377e+01,2.209755e+01,2.213198e+01,2.222833e+01,2.225584e+01,2.213886e+01,2.210443e+01,2.226271e+01,2.230396e+01,2.230396e+01,2.232458e+01,2.234520e+01,2.225584e+01,2.229709e+01,2.223520e+01,2.227647e+01,2.236581e+01,2.238642e+01,2.239328e+01,2.241389e+01,2.244821e+01,2.250311e+01,2.242762e+01,2.254426e+01,2.252369e+01,2.251683e+01,2.234520e+01,2.248252e+01,2.256483e+01,2.244821e+01,2.248252e+01,2.240702e+01,2.248939e+01,2.258540e+01,2.246880e+01,2.244135e+01,2.249625e+01,2.266078e+01,2.253055e+01,2.253741e+01,2.259225e+01,2.250311e+01,2.264022e+01,2.262652e+01,2.260596e+01,2.259911e+01,2.261282e+01,2.258540e+01,2.257169e+01,2.253055e+01,2.252369e+01,2.250311e+01,2.249625e+01,2.256483e+01,2.253741e+01,2.262652e+01,2.266078e+01,2.253741e+01,2.254426e+01,2.253055e+01,2.251683e+01,2.260596e+01,2.247566e+01,2.248252e+01,2.264022e+01,2.257169e+01,2.256483e+01,2.255798e+01,2.250997e+01,2.257854e+01,2.247566e+01,2.255798e+01,2.255112e+01,2.251683e+01,2.248252e+01,2.244821e+01,2.248252e+01,2.255798e+01,2.255112e+01,2.257854e+01,2.246880e+01,2.251683e+01,2.248939e+01,2.255798e+01,2.253055e+01,2.255798e+01,2.248252e+01,2.253741e+01,2.245507e+01,2.245507e+01,2.238642e+01,2.242075e+01,2.236581e+01,2.233833e+01,2.237268e+01,2.237268e+01,2.238642e+01,2.240702e+01,2.235207e+01,2.235207e+01,2.237268e+01,2.232458e+01,2.239328e+01,2.244821e+01,2.246880e+01,2.237268e+01,2.235894e+01,2.244135e+01,2.242075e+01,2.242762e+01,2.239328e+01,2.241389e+01,2.235207e+01,2.236581e+01,2.238642e+01,2.234520e+01,2.235894e+01,2.234520e+01,2.235207e+01,2.239328e+01,2.242075e+01,2.231771e+01,2.239328e+01,2.231084e+01,2.247566e+01,2.246880e+01,2.246194e+01,2.247566e+01,2.245507e+01,2.244135e+01,2.247566e+01,2.250997e+01,2.248252e+01,2.246880e+01,2.242075e+01,2.247566e+01,2.247566e+01,2.248252e+01,2.246880e+01,2.252369e+01,2.254426e+01,2.247566e+01,2.262652e+01,2.255112e+01,2.249625e+01,2.257854e+01,2.262652e+01,2.273610e+01,2.258540e+01,2.248252e+01,2.255798e+01,2.250311e+01,2.257854e+01,2.261967e+01,2.259911e+01,2.254426e+01,2.261967e+01,2.264022e+01,2.250311e+01,2.246880e+01,2.262652e+01,2.246880e+01,2.245507e+01,2.257169e+01,2.253055e+01,2.252369e+01,2.231771e+01,2.232458e+01,2.207688e+01,2.166270e+01,2.163503e+01,2.160043e+01,2.162811e+01,2.165579e+01,2.166270e+01,2.180786e+01,2.170420e+01,2.173185e+01,2.178022e+01,2.176641e+01,2.176641e+01,2.173185e+01,2.175949e+01,2.173876e+01,2.173876e+01,2.189761e+01,2.188381e+01,2.185620e+01,2.189761e+01,2.191831e+01,2.197349e+01,2.195970e+01,2.211132e+01,2.206310e+01,2.215263e+01,2.215263e+01,2.215263e+01,2.224208e+01,2.218705e+01,2.215952e+01,2.218705e+01,2.232458e+01,2.221457e+01,2.237955e+01,2.224208e+01,2.215263e+01,2.208377e+01,2.216640e+01,2.218705e+01,2.209066e+01,2.209066e+01,2.211821e+01,2.209066e+01,2.195970e+01,2.204243e+01,2.185620e+01,2.187691e+01,2.183548e+01,2.188381e+01,2.176641e+01,2.175949e+01,2.198729e+01,2.206999e+01,2.213198e+01,2.202865e+01,2.217328e+01,2.211821e+01,2.214575e+01,2.213886e+01,2.214575e+01,2.213886e+01,2.233833e+01,2.225584e+01,2.224208e+01,2.204932e+01,2.193211e+01,2.190451e+01,2.160735e+01,2.156582e+01,2.148963e+01,2.156582e+01,2.156582e+01,2.155890e+01,2.152427e+01,2.150349e+01,2.141339e+01,2.142032e+01,2.141339e+01,2.139258e+01,2.152427e+01,2.159351e+01,2.222833e+01,2.244821e+01,2.241389e+01,2.244821e+01,2.243448e+01,2.235894e+01,2.236581e+01,2.230396e+01,2.209755e+01,2.189761e+01,2.186310e+01,2.165579e+01,2.136484e+01,2.147577e+01,2.160043e+01,2.148270e+01,2.160735e+01,2.162119e+01,2.154505e+01,2.153812e+01,2.160043e+01,2.156582e+01,2.157967e+01,2.157274e+01,2.160043e+01,2.164887e+01,2.172494e+01,2.166962e+01,2.173185e+01,2.163503e+01,2.175258e+01,2.169728e+01,2.171111e+01,2.169728e+01,2.182167e+01,2.184929e+01,2.178713e+01,2.184239e+01,2.202176e+01,2.203554e+01,2.184239e+01,2.179404e+01,2.173876e+01,2.160735e+01,2.166962e+01,2.176641e+01,2.162119e+01,2.180786e+01,2.191141e+01,2.219393e+01,2.282504e+01,2.296856e+01,2.317323e+01,2.316642e+01,2.310505e+01,2.327542e+01,2.325499e+01,2.339111e+01,2.339111e+01,2.332307e+01,2.336390e+01,2.341831e+01,2.339791e+01,2.339791e+01,2.326180e+01,2.317323e+01,2.315960e+01,2.256483e+01,2.171111e+01,2.131626e+01,2.129544e+01,2.139258e+01,2.139258e+01,2.125378e+01,2.123989e+01,2.152427e+01,2.150349e+01,2.152427e+01,2.161427e+01,2.155197e+01,2.173876e+01,2.178022e+01,2.174567e+01,2.178022e+01,2.173876e+01,2.178713e+01,2.191831e+01,2.190451e+01,2.198039e+01,2.193211e+01,2.187000e+01,2.187000e+01,2.193901e+01,2.200107e+01,2.190451e+01,2.188381e+01,2.188381e+01,2.186310e+01,2.185620e+01,2.186310e+01,2.183548e+01,2.197349e+01,2.178713e+01,2.182858e+01,2.193901e+01,2.178713e+01,2.180095e+01,2.186310e+01,2.187000e+01,2.185620e+01,2.185620e+01,2.175949e+01,2.174567e+01,2.176641e+01,2.171111e+01,2.167654e+01,2.169728e+01,2.160735e+01,2.161427e+01,2.171802e+01,2.157967e+01,2.160735e+01,2.157274e+01,2.145498e+01,2.163503e+01,2.148270e+01,2.149656e+01,2.162811e+01,2.147577e+01,2.134402e+01,2.133708e+01,2.151734e+01,2.151734e+01,2.149656e+01,2.161427e+01,2.146884e+01,2.138565e+01,2.144805e+01,2.146191e+01,2.148270e+01,2.143419e+01,2.142032e+01,2.139952e+01,2.146884e+01,2.139952e+01,2.137871e+01,2.146191e+01,2.142032e+01,2.133708e+01,2.139952e+01,2.143419e+01,2.146191e+01,2.153812e+01,2.147577e+01,2.152427e+01,2.153119e+01,2.157967e+01,2.153119e+01,2.145498e+01,2.157274e+01,2.146191e+01,2.149656e+01,2.144805e+01,2.151042e+01,2.144805e+01,2.142032e+01,2.144112e+01,2.142725e+01,2.144112e+01,2.137871e+01,2.144805e+01,2.129544e+01,2.133708e+01,2.148270e+01,2.153812e+01,2.167654e+01,2.189761e+01,2.195280e+01,2.194591e+01,2.189071e+01,2.191831e+01,2.185620e+01,2.197349e+01,2.190451e+01,2.198729e+01,2.196660e+01,2.198039e+01,2.196660e+01,2.193901e+01,2.193901e+01,2.184239e+01,2.186310e+01,2.193211e+01,2.204932e+01,2.196660e+01,2.191831e+01,2.191831e+01,2.202865e+01,2.200107e+01,2.197349e+01,2.195970e+01,2.191831e+01,2.191831e+01,2.195970e+01,2.204932e+01,2.200107e+01,2.200107e+01,2.218705e+01,2.211132e+01,2.220769e+01,2.218705e+01,2.215952e+01,2.223520e+01,2.233833e+01,2.227647e+01,2.237268e+01,2.242762e+01,2.226959e+01,2.244135e+01,2.244821e+01,2.241389e+01,2.244135e+01,2.240702e+01,2.244135e+01,2.252369e+01,2.249625e+01,2.256483e+01,2.251683e+01,2.250311e+01,2.250997e+01,2.250997e+01,2.251683e+01,2.257854e+01,2.248939e+01,2.250311e+01,2.250997e+01,2.251683e+01,2.251683e+01,2.244821e+01,2.239328e+01,2.240702e+01,2.240015e+01,2.240702e+01,2.238642e+01,2.240702e+01,2.231084e+01,2.244135e+01,2.235207e+01,2.240702e+01,2.242075e+01,2.235894e+01,2.232458e+01,2.235894e+01,2.240015e+01,2.242762e+01,2.243448e+01,2.235207e+01,2.226959e+01,2.231084e+01,2.230396e+01,2.230396e+01,2.228334e+01,2.224896e+01,2.215952e+01,2.200107e+01,2.213198e+01,2.213198e+01,2.223520e+01,2.220769e+01,2.222145e+01,2.213886e+01,2.210443e+01,2.217328e+01,2.211821e+01,2.207688e+01,2.212509e+01,2.222833e+01,2.202865e+01,2.198729e+01,2.204932e+01,2.199418e+01,2.210443e+01,2.212509e+01,2.206310e+01,2.209066e+01,2.216640e+01,2.211132e+01,2.215263e+01,2.215952e+01,2.206999e+01,2.212509e+01,2.215263e+01,2.212509e+01,2.210443e+01,2.214575e+01,2.221457e+01,2.210443e+01,2.211132e+01,2.223520e+01,2.221457e+01,2.218016e+01,2.221457e+01,2.221457e+01,2.221457e+01,2.220769e+01,2.218705e+01,2.229022e+01,2.233146e+01,2.226271e+01,2.227647e+01,2.231771e+01,2.229709e+01,2.235207e+01,2.230396e+01,2.218016e+01,2.222145e+01,2.229022e+01,2.229022e+01,2.231084e+01,2.223520e+01,2.222145e+01,2.231084e+01,2.237268e+01,2.240015e+01,2.235207e+01,2.239328e+01,2.237268e+01,2.235894e+01,2.237268e+01,2.246194e+01,2.233146e+01,2.236581e+01,2.229709e+01,2.231771e+01,2.246194e+01,2.246880e+01,2.244821e+01,2.244135e+01,2.233833e+01,2.244821e+01,2.244821e+01,2.221457e+01
2.200797e+01,2.196660e+01,2.194591e+01,2.195970e+01,2.194591e+01,2.212509e+01,2.209755e+01,2.211132e+01,2.213886e+01,2.199418e+01,2.198729e+01,2.211132e+01,2.212509e+01,2.209066e+01,2.206310e+01,2.211132e+01,2.219393e+01,2.213198e+01,2.218016e+01,2.217328e+01,2.202176e+01,2.200797e+01,2.192521e+01,2.204243e+01,2.201486e+01,2.205621e+01,2.203554e+01,2.204932e+01,2.203554e+01,2.198039e+01,2.192521e+01,2.197349e+01,2.205621e+01,2.184929e+01,2.187691e+01,2.199418e+01,2.194591e+01,2.204932e+01,2.184929e+01,2.204243e+01,2.202865e+01,2.202865e+01,2.200107e+01,2.211132e+01,2.211132e+01,2.213886e+01,2.202865e+01,2.211132e+01,2.215952e+01,2.208377e+01,2.207688e+01,2.212509e+01,2.208377e+01,2.213198e+01,2.206310e+01,2.213886e+01,2.223520e+01,2.218016e+01,2.229709e+01,2.220769e+01,2.227647e+01,2.234520e+01,2.232458e+01,2.235894e+01,2.229709e+01,2.242075e+01,2.242762e+01,2.240702e+01,2.249625e+01,2.251683e+01,2.250311e+01,2.254426e+01,2.250997e+01,2.250311e+01,2.248939e+01,2.248939e+01,2.231771e+01,2.249625e+01,2.249625e+01,2.253741e+01,2.247566e+01,2.257854e+01,2.261282e+01,2.246194e+01,2.261967e+01,2.247566e+01,2.245507e+01,2.248252e+01,2.250311e+01,2.257854e+01,2.262652e+01,2.259225e+01,2.268817e+01,2.256483e+01,2.255798e+01,2.254426e+01,2.255798e+01,2.252369e+01,2.255798e+01,2.251683e+01,2.251683e+01,2.258540e+01,2.267447e+01,2.251683e+01,2.252369e+01,2.255798e+01,2.249625e+01,2.242762e+01,2.248939e+01,2.248939e+01,2.249625e+01,2.251683e+01,2.256483e+01,2.256483e+01,2.251683e+01,2.254426e+01,2.250997e+01,2.236581e+01,2.257169e+01,2.244821e+01,2.250311e+01,2.245507e+01,2.256483e+01,2.257169e+01,2.253741e+01,2.251683e+01,2.244135e+01,2.256483e+01,2.242762e+01,2.248939e+01,2.253741e+01,2.249625e+01,2.254426e+01,2.246194e+01,2.244135e+01,2.227647e+01,2.240015e+01,2.230396e+01,2.233833e+01,2.232458e+01,2.232458e+01,2.235207e+01,2.235894e+01,2.240015e+01,2.235894e+01,2.235207e+01,2.233833e+01,2.235207e+01,2.234520e+01,2.232458e+01,2.231771e+01,2.232458e+01,2.233146e+01,2.237955e+01,2.237268e+01,2.242075e+01,2.229022e+01,2.240702e+01,2.233146e+01,2.233833e+01,2.239328e+01,2.240015e+01,2.236581e+01,2.231084e+01,2.235207e+01,2.236581e+01,2.236581e+01,2.241389e+01,2.236581e+01,2.242075e+01,2.237955e+01,2.245507e+01,2.244135e+01,2.240702e+01,2.253055e+01,2.242762e+01,2.246880e+01,2.250311e+01,2.248252e+01,2.246880e+01,2.247566e+01,2.229709e+01,2.245507e+01,2.274294e+01,2.247566e+01,2.244821e+01,2.248252e+01,2.256483e+01,2.255798e+01,2.258540e+01,2.247566e+01,2.250311e+01,2.252369e+01,2.252369e+01,2.253055e+01,2.254426e+01,2.260596e+01,2.259911e+01,2.255112e+01,2.254426e+01,2.253055e+01,2.253055e+01,2.254426e+01,2.243448e+01,2.270187e+01,2.262652e+01,2.259911e+01,2.253055e+01,2.246194e+01,2.244821e+01,2.235894e+01,2.237268e+01,2.240702e+01,2.234520e+01,2.215263e+01,2.176641e+01,2.162811e+01,2.160043e+01,2.162119e+01,2.162811e+01,2.164887e+01,2.166962e+01,2.174567e+01,2.172494e+01,2.175949e+01,2.178713e+01,2.179404e+01,2.177332e+01,2.182167e+01,2.177332e+01,2.187691e+01,2.187000e+01,2.182167e+01,2.183548e+01,2.202176e+01,2.200107e+01,2.200107e+01,2.200797e+01,2.210443e+01,2.202176e+01,2.219393e+01,2.222145e+01,2.209066e+01,2.218016e+01,2.218016e+01,2.229709e+01,2.216640e+01,2.222145e+01,2.221457e+01,2.218016e+01,2.220769e+01,2.230396e+01,2.213886e+01,2.222145e+01,2.221457e+01,2.214575e+01,2.208377e+01,2.212509e+01,2.213886e+01,2.209755e+01,2.193211e+01,2.200107e+01,2.187000e+01,2.193901e+01,2.172494e+01,2.173876e+01,2.191831e+01,2.183548e+01,2.200107e+01,2.214575e+01,2.198039e+01,2.206310e+01,2.214575e+01,2.214575e+01,2.220769e+01,2.214575e+01,2.224208e+01,2.213886e+01,2.226271e+01,2.208377e+01,2.198729e+01,2.192521e+01,2.157274e+01,2.155197e+01,2.153812e+01,2.162811e+01,2.147577e+01,2.153812e+01,2.155890e+01,2.153119e+01,2.148963e+01,2.148963e+01,2.148270e+01,2.142032e+01,2.129544e+01,2.137871e+01,2.158659e+01,2.223520e+01,2.242075e+01,2.236581e+01,2.237268e+01,2.240702e+01,2.233146e+01,2.246880e+01,2.244135e+01,2.246880e+01,2.237955e+01,2.225584e+01,2.236581e+01,2.214575e+01,2.187000e+01,2.183548e+01,2.160043e+01,2.156582e+01,2.133708e+01,2.148963e+01,2.147577e+01,2.152427e+01,2.149656e+01,2.148963e+01,2.151042e+01,2.151042e+01,2.146884e+01,2.148270e+01,2.167654e+01,2.164195e+01,2.163503e+01,2.169037e+01,2.169728e+01,2.175949e+01,2.173185e+01,2.178713e+01,2.174567e+01,2.182858e+01,2.182858e+01,2.186310e+01,2.209755e+01,2.231084e+01,2.207688e+01,2.170420e+01,2.168345e+01,2.183548e+01,2.182858e+01,2.186310e+01,2.204243e+01,2.230396e+01,2.266078e+01,2.300270e+01,2.300270e+01,2.309141e+01,2.324818e+01,2.322093e+01,2.320731e+01,2.322093e+01,2.339791e+01,2.332988e+01,2.341151e+01,2.351346e+01,2.352026e+01,2.344551e+01,2.353384e+01,2.352705e+01,2.347269e+01,2.322093e+01,2.280452e+01,2.215263e+01,2.135790e+01,2.130932e+01,2.121905e+01,2.128156e+01,2.123989e+01,2.129544e+01,2.140645e+01,2.144805e+01,2.160043e+01,2.150349e+01,2.157274e+01,2.154505e+01,2.165579e+01,2.175949e+01,2.171802e+01,2.173876e+01,2.183548e+01,2.186310e+01,2.187691e+01,2.180786e+01,2.182167e+01,2.188381e+01,2.184929e+01,2.199418e+01,2.193211e+01,2.193901e+01,2.198039e+01,2.195970e+01,2.186310e+01,2.184239e+01,2.189071e+01,2.197349e+01,2.195970e+01,2.192521e+01,2.194591e+01,2.190451e+01,2.181476e+01,2.181476e+01,2.185620e+01,2.185620e+01,2.183548e+01,2.182167e+01,2.183548e+01,2.176641e+01,2.171802e+01,2.170420e+01,2.165579e+01,2.170420e+01,2.173876e+01,2.171802e+01,2.169728e+01,2.167654e+01,2.163503e+01,2.157967e+01,2.153119e+01,2.154505e+01,2.168345e+01,2.155890e+01,2.160043e+01,2.153812e+01,2.152427e+01,2.155197e+01,2.157967e+01,2.162811e+01,2.160735e+01,2.161427e+01,2.153119e+01,2.137871e+01,2.144805e+01,2.146884e+01,2.156582e+01,2.151042e+01,2.146884e+01,2.147577e+01,2.150349e+01,2.146884e+01,2.146884e+01,2.148963e+01,2.150349e+01,2.141339e+01,2.139258e+01,2.145498e+01,2.142725e+01,2.147577e+01,2.157274e+01,2.146884e+01,2.147577e+01,2.162119e+01,2.157274e+01,2.152427e+01,2.153812e+01,2.154505e+01,2.153119e+01,2.141339e+01,2.144805e+01,2.151042e+01,2.151734e+01,2.150349e+01,2.145498e+01,2.128850e+01,2.131626e+01,2.144805e+01,2.145498e+01,2.130932e+01,2.130932e+01,2.130238e+01,2.153812e+01,2.159351e+01,2.178713e+01,2.189071e+01,2.184929e+01,2.200107e+01,2.186310e+01,2.184929e+01,2.209066e+01,2.199418e+01,2.190451e+01,2.196660e+01,2.190451e+01,2.193211e+01,2.189761e+01,2.196660e+01,2.200797e+01,2.202176e+01,2.180786e+01,2.198039e+01,2.195280e+01,2.191831e+01,2.201486e+01,2.200107e+01,2.194591e+01,2.191141e+01,2.193901e+01,2.203554e+01,2.193901e+01,2.204932e+01,2.199418e+01,2.204932e+01,2.200797e+01,2.218705e+01,2.219393e+01,2.211821e+01,2.214575e+01,2.220081e+01,2.222145e+01,2.223520e+01,2.230396e+01,2.231084e+01,2.242762e+01,2.240702e+01,2.237955e+01,2.246194e+01,2.238642e+01,2.245507e+01,2.233833e+01,2.246880e+01,2.250997e+01,2.253741e+01,2.242762e+01,2.242075e+01,2.257169e+01,2.259911e+01,2.248939e+01,2.246194e+01,2.244821e+01,2.245507e+01,2.246194e+01,2.251683e+01,2.245507e+01,2.252369e+01,2.246880e+01,2.245507e+01,2.238642e+01,2.238642e+01,2.237268e+01,2.242075e+01,2.240702e+01,2.242075e+01,2.240702e+01,2.228334e+01,2.236581e+01,2.231771e+01,2.238642e+01,2.237268e+01,2.236581e+01,2.237955e+01,2.240015e+01,2.229709e+01,2.233146e+01,2.228334e+01,2.224896e+01,2.226271e+01,2.228334e+01,2.215263e+01,2.233833e+01,2.218705e+01,2.217328e+01,2.218705e+01,2.226959e+01,2.216640e+01,2.220081e+01,2.220081e+01,2.219393e+01,2.208377e+01,2.209066e+01,2.218705e+01,2.215952e+01,2.209066e+01,2.200797e+01,2.214575e+01,2.205621e+01,2.203554e+01,2.206999e+01,2.206999e+01,2.212509e+01,2.209755e+01,2.202176e+01,2.208377e+01,2.202176e+01,2.215263e+01,2.214575e+01,2.217328e+01,2.220769e+01,2.210443e+01,2.212509e+01,2.223520e+01,2.221457e+01,2.217328e+01,2.224208e+01,2.203554e+01,2.226271e+01,2.213886e+01,2.225584e+01,2.215263e+01,2.215952e+01,2.224896e+01,2.220769e+01,2.217328e+01,2.220769e+01,2.220769e+01,2.226959e+01,2.229022e+01,2.231084e+01,2.224896e+01,2.238642e+01,2.226959e+01,2.226959e+01,2.233833e+01,2.226959e+01,2.237268e+01,2.231771e+01,2.236581e+01,2.221457e+01,2.235894e+01,2.244821e+01,2.236581e+01,2.233833e+01,2.237268e+01,2.236581e+01,2.236581e+01,2.235894e+01,2.238642e+01,2.237268e+01,2.246194e+01,2.248939e+01,2.233833e+01,2.235207e+01,2.220081e+01,2.244135e+01,2.240702e+01,2.250311e+01,2.229709e+01,2.228334e+01,2.220769e+01
2.199418e+01,2.190451e+01,2.191831e+01,2.194591e+01,2.205621e+01,2.206310e+01,2.206310e+01,2.195970e+01,2.211821e+01,2.215952e+01,2.202865e+01,2.210443e+01,2.213198e+01,2.204932e+01,2.212509e+01,2.224896e+01,2.214575e+01,2.216640e+01,2.215263e+01,2.218705e+01,2.194591e+01,2.200797e+01,2.211821e+01,2.214575e+01,2.211821e+01,2.197349e+01,2.206310e+01,2.195280e+01,2.208377e+01,2.198729e+01,2.199418e+01,2.193211e+01,2.202865e+01,2.182858e+01,2.196660e+01,2.208377e+01,2.198039e+01,2.194591e+01,2.195970e+01,2.200797e+01,2.200797e+01,2.201486e+01,2.193211e+01,2.204932e+01,2.213198e+01,2.197349e+01,2.200107e+01,2.211821e+01,2.204932e+01,2.202865e+01,2.211132e+01,2.207688e+01,2.209066e+01,2.204243e+01,2.211821e+01,2.215952e+01,2.215263e+01,2.239328e+01,2.214575e+01,2.226271e+01,2.224896e+01,2.226959e+01,2.234520e+01,2.234520e+01,2.230396e+01,2.239328e+01,2.244135e+01,2.243448e+01,2.242762e+01,2.242762e+01,2.244135e+01,2.255798e+01,2.253055e+01,2.248252e+01,2.240015e+01,2.248939e+01,2.247566e+01,2.253055e+01,2.248939e+01,2.248252e+01,2.245507e+01,2.244821e+01,2.248252e+01,2.256483e+01,2.243448e+01,2.258540e+01,2.253741e+01,2.246880e+01,2.257854e+01,2.254426e+01,2.248252e+01,2.252369e+01,2.255798e+01,2.264708e+01,2.255798e+01,2.256483e+01,2.252369e+01,2.253055e+01,2.259225e+01,2.257854e+01,2.253055e+01,2.253741e+01,2.254426e+01,2.256483e+01,2.250997e+01,2.253741e+01,2.253055e+01,2.252369e+01,2.254426e+01,2.256483e+01,2.248939e+01,2.253055e+01,2.250997e+01,2.255112e+01,2.251683e+01,2.237268e+01,2.251683e+01,2.240015e+01,2.247566e+01,2.255798e+01,2.254426e+01,2.246194e+01,2.255112e+01,2.255112e+01,2.246194e+01,2.242762e+01,2.249625e+01,2.253741e+01,2.242762e+01,2.248939e+01,2.249625e+01,2.242075e+01,2.241389e+01,2.247566e+01,2.245507e+01,2.226959e+01,2.244135e+01,2.242075e+01,2.226959e+01,2.231771e+01,2.233146e+01,2.233833e+01,2.230396e+01,2.229709e+01,2.234520e+01,2.238642e+01,2.237955e+01,2.235207e+01,2.237268e+01,2.233833e+01,2.229022e+01,2.233833e+01,2.237955e+01,2.240015e+01,2.229709e+01,2.237955e+01,2.239328e+01,2.234520e+01,2.242762e+01,2.234520e+01,2.232458e+01,2.226959e+01,2.235207e+01,2.238642e+01,2.238642e+01,2.235894e+01,2.238642e+01,2.235894e+01,2.236581e+01,2.241389e+01,2.240015e+01,2.242762e+01,2.242762e+01,2.242075e+01,2.242762e+01,2.237955e+01,2.243448e+01,2.248252e+01,2.251683e+01,2.248252e+01,2.250311e+01,2.254426e+01,2.235207e+01,2.246194e+01,2.253741e+01,2.244821e+01,2.250997e+01,2.254426e+01,2.249625e+01,2.250997e+01,2.253055e+01,2.255112e+01,2.252369e+01,2.253741e+01,2.255798e+01,2.253055e+01,2.252369e+01,2.252369e+01,2.255798e+01,2.250997e+01,2.255798e+01,2.250311e+01,2.255112e+01,2.250997e+01,2.242075e+01,2.246880e+01,2.245507e+01,2.246880e+01,2.245507e+01,2.254426e+01,2.250311e+01,2.231771e+01,2.212509e+01,2.227647e+01,2.162811e+01,2.152427e+01,2.149656e+01,2.157967e+01,2.163503e+01,2.163503e+01,2.173185e+01,2.172494e+01,2.169728e+01,2.171802e+01,2.178022e+01,2.180095e+01,2.178713e+01,2.181476e+01,2.155890e+01,2.174567e+01,2.182167e+01,2.179404e+01,2.185620e+01,2.191831e+01,2.200797e+01,2.200107e+01,2.198729e+01,2.210443e+01,2.197349e+01,2.201486e+01,2.202176e+01,2.216640e+01,2.213198e+01,2.215263e+01,2.221457e+01,2.220081e+01,2.220081e+01,2.225584e+01,2.221457e+01,2.219393e+01,2.209755e+01,2.228334e+01,2.220081e+01,2.219393e+01,2.212509e+01,2.199418e+01,2.205621e+01,2.210443e+01,2.206310e+01,2.189071e+01,2.178022e+01,2.171802e+01,2.170420e+01,2.171111e+01,2.172494e+01,2.195970e+01,2.195280e+01,2.202865e+01,2.191831e+01,2.198729e+01,2.204932e+01,2.224896e+01,2.218016e+01,2.214575e+01,2.216640e+01,2.222145e+01,2.215952e+01,2.207688e+01,2.198039e+01,2.167654e+01,2.157967e+01,2.148270e+01,2.157274e+01,2.169037e+01,2.155890e+01,2.157967e+01,2.158659e+01,2.158659e+01,2.159351e+01,2.149656e+01,2.148270e+01,2.146191e+01,2.146884e+01,2.127461e+01,2.140645e+01,2.138565e+01,2.156582e+01,2.206310e+01,2.237268e+01,2.243448e+01,2.243448e+01,2.246880e+01,2.239328e+01,2.248252e+01,2.244135e+01,2.242075e+01,2.235894e+01,2.239328e+01,2.236581e+01,2.236581e+01,2.226959e+01,2.230396e+01,2.199418e+01,2.169728e+01,2.157967e+01,2.138565e+01,2.146191e+01,2.153812e+01,2.149656e+01,2.153812e+01,2.151042e+01,2.150349e+01,2.151042e+01,2.162119e+01,2.162811e+01,2.154505e+01,2.156582e+01,2.164195e+01,2.166962e+01,2.167654e+01,2.166962e+01,2.174567e+01,2.173185e+01,2.177332e+01,2.168345e+01,2.162119e+01,2.206310e+01,2.242075e+01,2.228334e+01,2.166962e+01,2.167654e+01,2.174567e+01,2.226959e+01,2.261967e+01,2.290707e+01,2.293440e+01,2.292757e+01,2.306412e+01,2.326180e+01,2.323456e+01,2.326861e+01,2.327542e+01,2.335029e+01,2.342511e+01,2.342511e+01,2.339791e+01,2.347269e+01,2.347269e+01,2.352026e+01,2.350667e+01,2.347949e+01,2.340471e+01,2.349308e+01,2.294123e+01,2.222833e+01,2.153812e+01,2.132320e+01,2.133014e+01,2.123294e+01,2.131626e+01,2.126767e+01,2.132320e+01,2.133708e+01,2.146191e+01,2.156582e+01,2.151042e+01,2.162811e+01,2.156582e+01,2.174567e+01,2.169037e+01,2.170420e+01,2.175258e+01,2.178713e+01,2.180786e+01,2.170420e+01,2.182858e+01,2.188381e+01,2.189071e+01,2.188381e+01,2.191141e+01,2.186310e+01,2.187000e+01,2.196660e+01,2.188381e+01,2.182167e+01,2.182858e+01,2.182167e+01,2.178022e+01,2.186310e+01,2.180786e+01,2.183548e+01,2.188381e+01,2.190451e+01,2.184929e+01,2.180786e+01,2.178022e+01,2.178713e+01,2.177332e+01,2.182858e+01,2.182167e+01,2.179404e+01,2.173185e+01,2.172494e+01,2.176641e+01,2.168345e+01,2.165579e+01,2.162811e+01,2.171111e+01,2.160735e+01,2.166270e+01,2.157274e+01,2.166962e+01,2.163503e+01,2.157274e+01,2.155890e+01,2.162119e+01,2.152427e+01,2.157967e+01,2.154505e+01,2.151042e+01,2.153812e+01,2.169728e+01,2.150349e+01,2.161427e+01,2.154505e+01,2.150349e+01,2.144112e+01,2.157274e+01,2.155890e+01,2.146191e+01,2.151734e+01,2.155890e+01,2.147577e+01,2.148963e+01,2.145498e+01,2.144805e+01,2.142725e+01,2.146191e+01,2.156582e+01,2.148270e+01,2.145498e+01,2.151734e+01,2.151042e+01,2.155890e+01,2.153119e+01,2.148963e+01,2.151042e+01,2.146884e+01,2.147577e+01,2.150349e+01,2.157967e+01,2.153812e+01,2.145498e+01,2.144112e+01,2.142032e+01,2.141339e+01,2.142725e+01,2.131626e+01,2.144805e+01,2.139952e+01,2.131626e+01,2.150349e+01,2.155890e+01,2.177332e+01,2.182167e+01,2.186310e+01,2.183548e+01,2.192521e+01,2.187691e+01,2.193211e+01,2.200107e+01,2.202176e+01,2.196660e+01,2.204243e+01,2.192521e+01,2.202865e+01,2.200797e+01,2.184239e+01,2.197349e+01,2.182167e+01,2.202176e+01,2.196660e+01,2.195280e+01,2.202176e+01,2.192521e+01,2.196660e+01,2.204243e+01,2.193211e+01,2.193211e+01,2.194591e+01,2.206310e+01,2.200797e+01,2.188381e+01,2.210443e+01,2.208377e+01,2.204243e+01,2.211132e+01,2.221457e+01,2.222145e+01,2.219393e+01,2.227647e+01,2.224208e+01,2.226271e+01,2.226959e+01,2.222833e+01,2.235894e+01,2.235207e+01,2.241389e+01,2.238642e+01,2.235207e+01,2.239328e+01,2.242762e+01,2.237955e+01,2.254426e+01,2.245507e+01,2.256483e+01,2.231084e+01,2.239328e+01,2.247566e+01,2.248252e+01,2.246880e+01,2.245507e+01,2.254426e+01,2.246194e+01,2.244821e+01,2.248939e+01,2.238642e+01,2.243448e+01,2.240015e+01,2.240702e+01,2.233833e+01,2.237955e+01,2.240702e+01,2.241389e+01,2.235894e+01,2.240015e+01,2.236581e+01,2.239328e+01,2.235894e+01,2.233833e+01,2.239328e+01,2.234520e+01,2.229022e+01,2.235894e+01,2.234520e+01,2.224208e+01,2.231771e+01,2.229709e+01,2.219393e+01,2.226959e+01,2.223520e+01,2.238642e+01,2.218705e+01,2.211821e+01,2.213198e+01,2.217328e+01,2.217328e+01,2.220769e+01,2.213198e+01,2.209755e+01,2.210443e+01,2.224208e+01,2.209066e+01,2.213198e+01,2.213198e+01,2.203554e+01,2.212509e+01,2.203554e+01,2.205621e+01,2.207688e+01,2.207688e+01,2.206310e+01,2.200107e+01,2.209066e+01,2.209755e+01,2.215952e+01,2.215952e+01,2.209066e+01,2.220769e+01,2.222833e+01,2.217328e+01,2.225584e+01,2.218705e+01,2.218705e+01,2.218705e+01,2.213886e+01,2.211821e+01,2.218705e+01,2.215952e+01,2.215952e+01,2.220081e+01,2.219393e+01,2.218016e+01,2.219393e+01,2.220081e+01,2.215263e+01,2.224208e+01,2.226959e+01,2.226271e+01,2.222833e+01,2.238642e+01,2.236581e+01,2.231084e+01,2.241389e+01,2.228334e+01,2.218705e+01,2.238642e+01,2.230396e+01,2.231771e+01,2.229022e+01,2.236581e+01,2.240702e+01,2.235207e+01,2.233146e+01,2.237268e+01,2.236581e+01,2.234520e+01,2.235207e+01,2.237268e+01,2.233146e+01,2.237268e+01,2.250311e+01,2.233146e+01,2.235894e+01,2.226959e+01,2.229709e+01,2.246194e+01,2.246880e+01,2.241389e+01,2.231084e+01
2.193901e+01,2.193211e+01,2.190451e+01,2.190451e+01,2.198039e+01,2.209755e+01,2.199418e+01,2.207688e+01,2.212509e+01,2.204243e+01,2.213198e+01,2.211132e+01,2.197349e+01,2.206310e+01,2.213198e+01,2.205621e+01,2.198039e+01,2.213886e+01,2.214575e+01,2.198729e+01,2.195970e+01,2.209066e+01,2.202865e+01,2.215263e+01,2.204932e+01,2.195970e+01,2.198729e+01,2.195280e+01,2.192521e+01,2.207688e+01,2.200797e+01,2.198729e+01,2.198039e+01,2.195970e+01,2.198729e+01,2.194591e+01,2.183548e+01,2.187000e+01,2.199418e+01,2.207688e+01,2.189761e+01,2.193901e+01,2.211132e+01,2.197349e+01,2.208377e+01,2.200797e+01,2.202865e+01,2.209755e+01,2.207688e+01,2.201486e+01,2.206310e+01,2.206999e+01,2.220081e+01,2.218016e+01,2.212509e+01,2.214575e+01,2.218705e+01,2.218705e+01,2.223520e+01,2.226271e+01,2.223520e+01,2.235207e+01,2.229709e+01,2.235894e+01,2.233146e+01,2.239328e+01,2.242762e+01,2.237268e+01,2.244135e+01,2.249625e+01,2.242075e+01,2.245507e+01,2.254426e+01,2.245507e+01,2.233833e+01,2.246880e+01,2.247566e+01,2.249625e+01,2.254426e+01,2.247566e+01,2.249625e+01,2.247566e+01,2.247566e+01,2.243448e+01,2.249625e+01,2.246194e+01,2.230396e+01,2.249625e+01,2.245507e+01,2.254426e+01,2.249625e+01,2.253741e+01,2.247566e+01,2.259911e+01,2.257169e+01,2.247566e+01,2.259911e+01,2.248252e+01,2.251683e+01,2.258540e+01,2.253741e+01,2.257854e+01,2.251683e+01,2.255112e+01,2.257169e+01,2.250311e+01,2.251683e+01,2.244135e+01,2.251683e+01,2.244821e+01,2.262652e+01,2.255798e+01,2.253055e+01,2.251683e+01,2.251683e+01,2.251683e+01,2.246880e+01,2.254426e+01,2.246194e+01,2.236581e+01,2.246194e+01,2.248252e+01,2.253055e+01,2.235207e+01,2.244821e+01,2.252369e+01,2.241389e+01,2.242762e+01,2.245507e+01,2.244135e+01,2.250311e+01,2.251683e+01,2.242762e+01,2.253055e+01,2.235207e+01,2.244135e+01,2.234520e+01,2.228334e+01,2.233833e+01,2.237268e+01,2.235894e+01,2.231084e+01,2.235894e+01,2.233146e+01,2.234520e+01,2.231771e+01,2.229709e+01,2.235894e+01,2.237268e+01,2.237268e+01,2.225584e+01,2.236581e+01,2.236581e+01,2.237268e+01,2.244821e+01,2.219393e+01,2.227647e+01,2.232458e+01,2.238642e+01,2.238642e+01,2.233833e+01,2.233833e+01,2.232458e+01,2.234520e+01,2.234520e+01,2.239328e+01,2.237955e+01,2.229022e+01,2.237955e+01,2.246880e+01,2.235894e+01,2.240015e+01,2.242075e+01,2.240702e+01,2.242762e+01,2.244135e+01,2.244135e+01,2.244135e+01,2.247566e+01,2.246880e+01,2.248939e+01,2.255798e+01,2.245507e+01,2.247566e+01,2.248939e+01,2.253055e+01,2.244135e+01,2.246194e+01,2.253741e+01,2.247566e+01,2.249625e+01,2.248252e+01,2.253055e+01,2.252369e+01,2.252369e+01,2.252369e+01,2.253055e+01,2.253741e+01,2.252369e+01,2.253055e+01,2.259225e+01,2.249625e+01,2.262652e+01,2.237955e+01,2.247566e+01,2.242762e+01,2.243448e+01,2.246880e+01,2.256483e+01,2.253055e+01,2.250997e+01,2.238642e+01,2.217328e+01,2.169728e+01,2.148270e+01,2.156582e+01,2.158659e+01,2.160043e+01,2.162811e+01,2.167654e+01,2.173876e+01,2.175258e+01,2.171111e+01,2.179404e+01,2.180095e+01,2.176641e+01,2.177332e+01,2.179404e+01,2.180095e+01,2.178713e+01,2.164887e+01,2.181476e+01,2.185620e+01,2.185620e+01,2.185620e+01,2.183548e+01,2.202865e+01,2.195280e+01,2.202865e+01,2.202865e+01,2.212509e+01,2.217328e+01,2.213198e+01,2.218705e+01,2.218016e+01,2.218016e+01,2.222145e+01,2.219393e+01,2.222145e+01,2.223520e+01,2.225584e+01,2.220769e+01,2.213198e+01,2.221457e+01,2.207688e+01,2.211821e+01,2.196660e+01,2.188381e+01,2.199418e+01,2.186310e+01,2.187000e+01,2.173185e+01,2.174567e+01,2.186310e+01,2.187691e+01,2.198039e+01,2.206310e+01,2.195970e+01,2.213886e+01,2.207688e+01,2.211821e+01,2.218705e+01,2.207688e+01,2.223520e+01,2.224208e+01,2.217328e+01,2.215263e+01,2.189071e+01,2.158659e+01,2.155197e+01,2.157967e+01,2.161427e+01,2.149656e+01,2.160043e+01,2.153812e+01,2.151734e+01,2.157274e+01,2.149656e+01,2.151042e+01,2.155197e+01,2.154505e+01,2.148270e+01,2.128156e+01,2.134402e+01,2.136484e+01,2.135790e+01,2.191831e+01,2.243448e+01,2.243448e+01,2.255798e+01,2.242762e+01,2.244135e+01,2.231771e+01,2.248252e+01,2.248939e+01,2.244135e+01,2.246194e+01,2.240015e+01,2.238642e+01,2.238642e+01,2.242762e+01,2.235894e+01,2.221457e+01,2.201486e+01,2.148963e+01,2.144805e+01,2.156582e+01,2.144805e+01,2.151734e+01,2.148963e+01,2.144112e+01,2.149656e+01,2.154505e+01,2.154505e+01,2.155890e+01,2.159351e+01,2.171111e+01,2.170420e+01,2.158659e+01,2.163503e+01,2.153812e+01,2.164887e+01,2.161427e+01,2.175258e+01,2.167654e+01,2.177332e+01,2.224208e+01,2.232458e+01,2.244135e+01,2.183548e+01,2.183548e+01,2.164887e+01,2.190451e+01,2.252369e+01,2.286607e+01,2.289341e+01,2.299587e+01,2.309141e+01,2.311869e+01,2.328904e+01,2.324818e+01,2.330265e+01,2.335029e+01,2.344551e+01,2.329585e+01,2.341831e+01,2.343191e+01,2.368316e+01,2.341831e+01,2.347269e+01,2.345910e+01,2.349988e+01,2.303683e+01,2.222145e+01,2.154505e+01,2.133014e+01,2.126767e+01,2.130932e+01,2.126072e+01,2.127461e+01,2.142032e+01,2.128156e+01,2.154505e+01,2.151042e+01,2.155890e+01,2.157967e+01,2.157967e+01,2.171111e+01,2.162811e+01,2.164887e+01,2.173185e+01,2.172494e+01,2.184239e+01,2.186310e+01,2.169728e+01,2.176641e+01,2.178713e+01,2.185620e+01,2.183548e+01,2.184929e+01,2.187000e+01,2.184239e+01,2.180786e+01,2.184929e+01,2.182858e+01,2.180786e+01,2.184929e+01,2.180095e+01,2.181476e+01,2.175949e+01,2.196660e+01,2.182167e+01,2.183548e+01,2.180786e+01,2.178713e+01,2.188381e+01,2.183548e+01,2.181476e+01,2.184239e+01,2.182167e+01,2.176641e+01,2.174567e+01,2.168345e+01,2.172494e+01,2.172494e+01,2.164887e+01,2.165579e+01,2.171111e+01,2.160043e+01,2.168345e+01,2.160043e+01,2.160043e+01,2.162811e+01,2.158659e+01,2.156582e+01,2.150349e+01,2.155890e+01,2.165579e+01,2.164195e+01,2.154505e+01,2.161427e+01,2.163503e+01,2.149656e+01,2.148270e+01,2.158659e+01,2.147577e+01,2.149656e+01,2.143419e+01,2.142725e+01,2.144805e+01,2.144805e+01,2.153812e+01,2.147577e+01,2.161427e+01,2.146884e+01,2.148270e+01,2.145498e+01,2.148270e+01,2.148963e+01,2.153812e+01,2.151042e+01,2.146191e+01,2.159351e+01,2.143419e+01,2.153812e+01,2.145498e+01,2.147577e+01,2.155890e+01,2.146191e+01,2.144112e+01,2.145498e+01,2.158659e+01,2.144112e+01,2.142032e+01,2.144112e+01,2.143419e+01,2.141339e+01,2.135790e+01,2.139952e+01,2.134402e+01,2.133708e+01,2.132320e+01,2.157967e+01,2.167654e+01,2.191831e+01,2.186310e+01,2.185620e+01,2.191831e+01,2.187000e+01,2.197349e+01,2.200107e+01,2.202176e+01,2.200107e+01,2.198039e+01,2.192521e+01,2.191831e+01,2.200797e+01,2.189071e+01,2.198729e+01,2.197349e+01,2.202176e+01,2.198039e+01,2.201486e+01,2.206310e+01,2.198039e+01,2.206999e+01,2.189071e+01,2.202176e+01,2.198039e+01,2.179404e+01,2.195970e+01,2.204932e+01,2.204932e+01,2.205621e+01,2.208377e+01,2.205621e+01,2.220081e+01,2.204932e+01,2.222833e+01,2.223520e+01,2.226271e+01,2.222145e+01,2.229709e+01,2.230396e+01,2.226959e+01,2.233146e+01,2.240702e+01,2.245507e+01,2.234520e+01,2.235894e+01,2.242075e+01,2.241389e+01,2.248252e+01,2.235894e+01,2.253741e+01,2.238642e+01,2.255112e+01,2.244821e+01,2.241389e+01,2.244821e+01,2.246880e+01,2.249625e+01,2.256483e+01,2.245507e+01,2.247566e+01,2.250997e+01,2.249625e+01,2.246880e+01,2.240702e+01,2.235894e+01,2.214575e+01,2.240015e+01,2.242075e+01,2.237955e+01,2.233146e+01,2.243448e+01,2.239328e+01,2.239328e+01,2.240015e+01,2.240015e+01,2.237268e+01,2.230396e+01,2.229709e+01,2.223520e+01,2.236581e+01,2.222833e+01,2.231084e+01,2.217328e+01,2.220081e+01,2.215263e+01,2.222833e+01,2.215952e+01,2.209066e+01,2.218016e+01,2.213198e+01,2.210443e+01,2.214575e+01,2.215263e+01,2.212509e+01,2.211132e+01,2.218016e+01,2.204243e+01,2.209066e+01,2.220081e+01,2.204243e+01,2.215263e+01,2.203554e+01,2.218705e+01,2.206310e+01,2.206310e+01,2.208377e+01,2.202865e+01,2.208377e+01,2.200797e+01,2.198039e+01,2.215952e+01,2.218016e+01,2.217328e+01,2.216640e+01,2.218705e+01,2.213198e+01,2.212509e+01,2.211132e+01,2.218016e+01,2.218016e+01,2.221457e+01,2.217328e+01,2.222833e+01,2.219393e+01,2.216640e+01,2.220081e+01,2.215952e+01,2.227647e+01,2.218705e+01,2.222833e+01,2.216640e+01,2.226271e+01,2.222833e+01,2.222833e+01,2.227647e+01,2.235894e+01,2.224208e+01,2.238642e+01,2.236581e+01,2.228334e+01,2.224208e+01,2.221457e+01,2.224208e+01,2.242075e+01,2.233146e+01,2.240015e+01,2.235207e+01,2.235207e+01,2.234520e+01,2.231771e+01,2.229022e+01,2.232458e+01,2.240015e+01,2.236581e+01,2.241389e+01,2.233833e+01,2.236581e+01,2.236581e+01,2.234520e+01,2.233833e+01,2.229709e+01,2.225584e+01,2.238642e+01,2.233833e+01,2.220081e+01
2.180095e+01,2.190451e+01,2.191831e+01,2.195970e+01,2.202865e+01,2.203554e+01,2.203554e+01,2.204932e+01,2.197349e+01,2.209066e+01,2.214575e+01,2.204932e+01,2.200107e+01,2.218705e+01,2.208377e+01,2.204932e+01,2.210443e+01,2.214575e+01,2.215952e+01,2.202865e+01,2.195280e+01,2.220769e+01,2.211821e+01,2.206999e+01,2.211132e+01,2.206999e+01,2.208377e+01,2.204932e+01,2.197349e+01,2.195970e+01,2.195280e+01,2.191141e+01,2.196660e+01,2.204243e+01,2.202176e+01,2.199418e+01,2.197349e+01,2.202865e+01,2.199418e+01,2.202176e+01,2.204243e+01,2.205621e+01,2.204243e+01,2.208377e+01,2.206310e+01,2.200797e+01,2.209755e+01,2.209755e+01,2.209066e+01,2.198729e+01,2.208377e+01,2.205621e+01,2.211132e+01,2.218705e+01,2.213198e+01,2.210443e+01,2.226959e+01,2.215952e+01,2.218016e+01,2.220769e+01,2.226271e+01,2.228334e+01,2.228334e+01,2.229709e+01,2.234520e+01,2.239328e+01,2.239328e+01,2.246880e+01,2.245507e+01,2.242762e+01,2.247566e+01,2.241389e+01,2.241389e+01,2.246194e+01,2.246194e+01,2.249625e+01,2.250311e+01,2.250311e+01,2.248252e+01,2.248252e+01,2.257169e+01,2.246194e+01,2.248252e+01,2.255798e+01,2.259225e+01,2.250997e+01,2.253055e+01,2.254426e+01,2.248939e+01,2.254426e+01,2.250311e+01,2.252369e+01,2.252369e+01,2.254426e+01,2.255798e+01,2.247566e+01,2.255798e+01,2.251683e+01,2.255112e+01,2.257169e+01,2.261967e+01,2.254426e+01,2.253741e+01,2.248939e+01,2.254426e+01,2.254426e+01,2.251683e+01,2.246194e+01,2.250997e+01,2.239328e+01,2.254426e+01,2.249625e+01,2.250311e+01,2.254426e+01,2.249625e+01,2.250311e+01,2.249625e+01,2.248252e+01,2.249625e+01,2.250311e+01,2.248252e+01,2.251683e+01,2.238642e+01,2.242762e+01,2.246880e+01,2.235207e+01,2.242075e+01,2.248252e+01,2.241389e+01,2.238642e+01,2.248939e+01,2.235207e+01,2.250997e+01,2.243448e+01,2.248252e+01,2.233833e+01,2.237955e+01,2.237268e+01,2.235894e+01,2.237955e+01,2.229709e+01,2.229709e+01,2.235207e+01,2.235207e+01,2.249625e+01,2.235894e+01,2.238642e+01,2.230396e+01,2.242762e+01,2.233833e+01,2.233833e+01,2.236581e+01,2.231771e+01,2.233833e+01,2.234520e+01,2.235207e+01,2.241389e+01,2.235894e+01,2.237268e+01,2.237268e+01,2.233833e+01,2.230396e+01,2.235894e+01,2.226271e+01,2.236581e+01,2.235207e+01,2.235894e+01,2.239328e+01,2.237955e+01,2.242075e+01,2.243448e+01,2.241389e+01,2.241389e+01,2.243448e+01,2.248939e+01,2.242075e+01,2.248252e+01,2.242075e+01,2.253741e+01,2.252369e+01,2.253741e+01,2.248939e+01,2.251683e+01,2.247566e+01,2.250311e+01,2.246194e+01,2.249625e+01,2.250311e+01,2.251683e+01,2.251683e+01,2.248252e+01,2.246194e+01,2.250311e+01,2.253741e+01,2.252369e+01,2.251683e+01,2.246880e+01,2.251683e+01,2.250311e+01,2.251683e+01,2.250311e+01,2.259911e+01,2.253741e+01,2.248939e+01,2.250311e+01,2.252369e+01,2.246880e+01,2.236581e+01,2.240015e+01,2.227647e+01,2.243448e+01,2.223520e+01,2.213886e+01,2.164195e+01,2.155890e+01,2.150349e+01,2.159351e+01,2.158659e+01,2.162119e+01,2.171802e+01,2.191141e+01,2.183548e+01,2.199418e+01,2.178022e+01,2.179404e+01,2.175949e+01,2.178713e+01,2.194591e+01,2.177332e+01,2.175949e+01,2.181476e+01,2.184239e+01,2.181476e+01,2.186310e+01,2.189761e+01,2.195970e+01,2.198729e+01,2.204243e+01,2.215263e+01,2.204243e+01,2.211132e+01,2.208377e+01,2.214575e+01,2.217328e+01,2.223520e+01,2.216640e+01,2.221457e+01,2.219393e+01,2.220769e+01,2.224896e+01,2.212509e+01,2.220081e+01,2.218705e+01,2.213886e+01,2.204243e+01,2.200797e+01,2.205621e+01,2.199418e+01,2.200107e+01,2.188381e+01,2.192521e+01,2.178022e+01,2.202176e+01,2.201486e+01,2.210443e+01,2.208377e+01,2.207688e+01,2.209066e+01,2.211132e+01,2.215952e+01,2.211132e+01,2.222145e+01,2.219393e+01,2.218705e+01,2.220081e+01,2.209755e+01,2.186310e+01,2.177332e+01,2.153119e+01,2.159351e+01,2.161427e+01,2.160735e+01,2.155890e+01,2.165579e+01,2.164887e+01,2.159351e+01,2.164887e+01,2.156582e+01,2.152427e+01,2.148270e+01,2.144805e+01,2.146191e+01,2.144112e+01,2.147577e+01,2.136484e+01,2.156582e+01,2.220081e+01,2.245507e+01,2.243448e+01,2.247566e+01,2.247566e+01,2.232458e+01,2.244135e+01,2.247566e+01,2.243448e+01,2.248252e+01,2.243448e+01,2.236581e+01,2.235207e+01,2.233146e+01,2.235207e+01,2.237955e+01,2.233833e+01,2.211821e+01,2.155197e+01,2.137871e+01,2.138565e+01,2.142032e+01,2.135096e+01,2.146191e+01,2.146884e+01,2.146884e+01,2.145498e+01,2.148963e+01,2.142725e+01,2.146884e+01,2.158659e+01,2.157967e+01,2.149656e+01,2.154505e+01,2.164195e+01,2.170420e+01,2.178713e+01,2.177332e+01,2.172494e+01,2.180095e+01,2.226271e+01,2.243448e+01,2.253055e+01,2.240015e+01,2.182167e+01,2.162811e+01,2.177332e+01,2.220769e+01,2.290707e+01,2.305048e+01,2.309823e+01,2.331627e+01,2.330265e+01,2.318686e+01,2.331627e+01,2.330946e+01,2.332307e+01,2.352026e+01,2.339791e+01,2.354063e+01,2.356779e+01,2.347269e+01,2.354742e+01,2.352705e+01,2.332307e+01,2.292757e+01,2.201486e+01,2.160735e+01,2.139952e+01,2.139952e+01,2.140645e+01,2.137871e+01,2.148270e+01,2.142725e+01,2.155197e+01,2.162811e+01,2.152427e+01,2.157967e+01,2.156582e+01,2.177332e+01,2.160735e+01,2.179404e+01,2.166270e+01,2.171802e+01,2.174567e+01,2.169728e+01,2.169728e+01,2.175258e+01,2.181476e+01,2.183548e+01,2.178713e+01,2.182167e+01,2.189071e+01,2.191141e+01,2.181476e+01,2.181476e+01,2.178713e+01,2.184239e+01,2.178713e+01,2.182167e+01,2.178713e+01,2.183548e+01,2.181476e+01,2.194591e+01,2.191831e+01,2.181476e+01,2.180786e+01,2.183548e+01,2.176641e+01,2.184239e+01,2.177332e+01,2.183548e+01,2.179404e+01,2.178022e+01,2.173185e+01,2.178713e+01,2.170420e+01,2.176641e+01,2.171802e+01,2.169728e+01,2.174567e+01,2.173876e+01,2.171802e+01,2.169037e+01,2.168345e+01,2.173876e+01,2.166270e+01,2.160735e+01,2.159351e+01,2.155890e+01,2.157274e+01,2.157274e+01,2.168345e+01,2.164887e+01,2.157967e+01,2.161427e+01,2.165579e+01,2.162119e+01,2.157274e+01,2.161427e+01,2.157274e+01,2.143419e+01,2.146884e+01,2.151734e+01,2.147577e+01,2.151734e+01,2.146884e+01,2.150349e+01,2.153812e+01,2.147577e+01,2.146191e+01,2.152427e+01,2.151042e+01,2.149656e+01,2.153119e+01,2.154505e+01,2.149656e+01,2.153119e+01,2.147577e+01,2.148270e+01,2.150349e+01,2.156582e+01,2.148963e+01,2.142032e+01,2.144112e+01,2.140645e+01,2.142725e+01,2.145498e+01,2.144112e+01,2.145498e+01,2.141339e+01,2.142725e+01,2.136484e+01,2.133708e+01,2.133708e+01,2.135790e+01,2.161427e+01,2.162811e+01,2.176641e+01,2.185620e+01,2.186310e+01,2.190451e+01,2.198039e+01,2.183548e+01,2.216640e+01,2.202176e+01,2.192521e+01,2.192521e+01,2.192521e+01,2.195280e+01,2.201486e+01,2.196660e+01,2.195280e+01,2.196660e+01,2.193211e+01,2.205621e+01,2.196660e+01,2.199418e+01,2.208377e+01,2.211132e+01,2.204243e+01,2.182858e+01,2.201486e+01,2.198039e+01,2.207688e+01,2.206999e+01,2.202176e+01,2.209066e+01,2.206999e+01,2.204932e+01,2.213198e+01,2.218016e+01,2.210443e+01,2.222145e+01,2.222833e+01,2.238642e+01,2.239328e+01,2.230396e+01,2.236581e+01,2.245507e+01,2.235207e+01,2.235207e+01,2.235894e+01,2.233833e+01,2.235207e+01,2.251683e+01,2.241389e+01,2.242762e+01,2.253741e+01,2.237955e+01,2.237955e+01,2.246880e+01,2.242762e+01,2.245507e+01,2.244135e+01,2.248252e+01,2.246880e+01,2.255798e+01,2.255112e+01,2.245507e+01,2.247566e+01,2.244821e+01,2.235894e+01,2.244821e+01,2.233833e+01,2.240702e+01,2.237955e+01,2.238642e+01,2.239328e+01,2.237955e+01,2.237955e+01,2.235894e+01,2.240702e+01,2.242075e+01,2.233833e+01,2.231771e+01,2.232458e+01,2.231771e+01,2.224208e+01,2.233833e+01,2.233146e+01,2.232458e+01,2.225584e+01,2.229022e+01,2.219393e+01,2.218016e+01,2.220081e+01,2.215952e+01,2.205621e+01,2.211132e+01,2.215952e+01,2.211132e+01,2.210443e+01,2.206999e+01,2.222145e+01,2.209066e+01,2.213198e+01,2.202176e+01,2.187691e+01,2.209755e+01,2.204932e+01,2.207688e+01,2.208377e+01,2.206310e+01,2.205621e+01,2.208377e+01,2.217328e+01,2.207688e+01,2.197349e+01,2.215263e+01,2.216640e+01,2.211132e+01,2.220081e+01,2.209755e+01,2.220081e+01,2.222145e+01,2.224896e+01,2.219393e+01,2.220769e+01,2.205621e+01,2.213886e+01,2.216640e+01,2.221457e+01,2.221457e+01,2.226271e+01,2.214575e+01,2.218705e+01,2.218705e+01,2.229022e+01,2.231771e+01,2.224896e+01,2.219393e+01,2.230396e+01,2.224208e+01,2.223520e+01,2.222833e+01,2.237268e+01,2.228334e+01,2.223520e+01,2.231771e+01,2.226959e+01,2.237268e+01,2.235894e+01,2.233833e+01,2.240015e+01,2.238642e+01,2.237955e+01,2.242762e+01,2.235207e+01,2.229022e+01,2.228334e+01,2.235894e+01,2.235207e+01,2.238642e+01,2.246880e+01,2.238642e+01,2.233833e+01,2.233146e+01,2.222833e+01,2.231771e+01,2.231771e+01,2.223520e+01,2.233833e+01,2.231771e+01
2.191831e+01,2.185620e+01,2.189071e+01,2.195970e+01,2.193901e+01,2.200797e+01,2.194591e+01,2.195970e+01,2.204243e+01,2.211132e+01,2.202176e+01,2.220081e+01,2.209755e+01,2.199418e+01,2.211132e+01,2.206999e+01,2.198039e+01,2.212509e+01,2.215263e+01,2.223520e+01,2.193211e+01,2.211821e+01,2.195970e+01,2.206999e+01,2.202865e+01,2.208377e+01,2.195970e+01,2.193901e+01,2.195970e+01,2.191141e+01,2.192521e+01,2.193901e+01,2.194591e+01,2.202176e+01,2.200107e+01,2.198729e+01,2.201486e+01,2.189071e+01,2.198729e+01,2.195970e+01,2.195280e+01,2.209066e+01,2.198039e+01,2.187691e+01,2.209066e+01,2.204243e+01,2.198729e+01,2.198729e+01,2.209755e+01,2.211132e+01,2.211132e+01,2.200797e+01,2.207688e+01,2.213886e+01,2.224896e+01,2.217328e+01,2.229022e+01,2.215263e+01,2.224896e+01,2.224896e+01,2.229022e+01,2.232458e+01,2.227647e+01,2.231771e+01,2.229709e+01,2.232458e+01,2.231084e+01,2.238642e+01,2.240015e+01,2.244821e+01,2.240702e+01,2.228334e+01,2.254426e+01,2.242762e+01,2.245507e+01,2.250997e+01,2.261282e+01,2.248939e+01,2.245507e+01,2.244821e+01,2.242762e+01,2.244821e+01,2.239328e+01,2.251683e+01,2.253055e+01,2.252369e+01,2.247566e+01,2.251683e+01,2.251683e+01,2.253741e+01,2.253055e+01,2.250311e+01,2.247566e+01,2.255798e+01,2.250311e+01,2.247566e+01,2.254426e+01,2.247566e+01,2.254426e+01,2.248252e+01,2.251683e+01,2.251683e+01,2.253055e+01,2.248252e+01,2.253055e+01,2.253741e+01,2.255112e+01,2.250997e+01,2.251683e+01,2.248939e+01,2.247566e+01,2.247566e+01,2.248939e+01,2.248939e+01,2.257854e+01,2.244821e+01,2.246880e+01,2.245507e+01,2.244135e+01,2.248252e+01,2.238642e+01,2.241389e+01,2.242075e+01,2.235894e+01,2.236581e+01,2.235207e+01,2.237955e+01,2.240702e+01,2.240015e+01,2.258540e+01,2.242762e+01,2.234520e+01,2.230396e+01,2.236581e+01,2.237268e+01,2.234520e+01,2.238642e+01,2.229709e+01,2.232458e+01,2.234520e+01,2.234520e+01,2.234520e+01,2.233833e+01,2.235207e+01,2.227647e+01,2.231084e+01,2.228334e+01,2.231771e+01,2.229709e+01,2.230396e+01,2.231084e+01,2.237955e+01,2.222145e+01,2.241389e+01,2.233833e+01,2.235207e+01,2.232458e+01,2.228334e+01,2.222145e+01,2.237955e+01,2.231771e+01,2.233833e+01,2.233833e+01,2.229709e+01,2.239328e+01,2.231771e+01,2.240015e+01,2.228334e+01,2.239328e+01,2.242762e+01,2.242075e+01,2.243448e+01,2.243448e+01,2.244821e+01,2.250311e+01,2.243448e+01,2.244135e+01,2.245507e+01,2.250311e+01,2.255798e+01,2.248252e+01,2.253741e+01,2.250997e+01,2.243448e+01,2.252369e+01,2.249625e+01,2.239328e+01,2.248252e+01,2.250997e+01,2.248939e+01,2.255112e+01,2.245507e+01,2.257169e+01,2.257169e+01,2.253741e+01,2.246880e+01,2.254426e+01,2.255798e+01,2.248252e+01,2.248252e+01,2.250311e+01,2.250311e+01,2.243448e+01,2.248939e+01,2.250997e+01,2.242762e+01,2.240702e+01,2.237268e+01,2.232458e+01,2.228334e+01,2.232458e+01,2.215263e+01,2.169728e+01,2.150349e+01,2.148963e+01,2.167654e+01,2.157967e+01,2.166962e+01,2.160043e+01,2.168345e+01,2.177332e+01,2.182167e+01,2.184929e+01,2.178713e+01,2.182167e+01,2.178022e+01,2.181476e+01,2.178713e+01,2.178713e+01,2.186310e+01,2.180786e+01,2.184239e+01,2.182858e+01,2.182858e+01,2.195280e+01,2.192521e+01,2.200107e+01,2.208377e+01,2.195280e+01,2.198729e+01,2.206310e+01,2.207688e+01,2.218016e+01,2.204932e+01,2.209066e+01,2.220769e+01,2.222833e+01,2.222145e+01,2.220769e+01,2.219393e+01,2.214575e+01,2.210443e+01,2.211132e+01,2.204243e+01,2.209066e+01,2.180786e+01,2.191141e+01,2.185620e+01,2.183548e+01,2.183548e+01,2.191831e+01,2.205621e+01,2.205621e+01,2.214575e+01,2.210443e+01,2.210443e+01,2.209755e+01,2.206999e+01,2.206999e+01,2.216640e+01,2.204932e+01,2.220769e+01,2.215263e+01,2.190451e+01,2.215952e+01,2.183548e+01,2.167654e+01,2.155197e+01,2.166270e+01,2.157274e+01,2.160735e+01,2.151042e+01,2.162119e+01,2.168345e+01,2.153812e+01,2.157967e+01,2.163503e+01,2.163503e+01,2.163503e+01,2.155197e+01,2.145498e+01,2.139258e+01,2.147577e+01,2.146884e+01,2.147577e+01,2.184929e+01,2.237268e+01,2.243448e+01,2.236581e+01,2.248939e+01,2.244821e+01,2.234520e+01,2.247566e+01,2.249625e+01,2.242762e+01,2.244135e+01,2.235894e+01,2.237955e+01,2.235207e+01,2.237955e+01,2.235894e+01,2.233146e+01,2.231771e+01,2.203554e+01,2.139258e+01,2.138565e+01,2.141339e+01,2.140645e+01,2.137177e+01,2.144112e+01,2.132320e+01,2.134402e+01,2.135096e+01,2.140645e+01,2.147577e+01,2.144805e+01,2.151042e+01,2.148963e+01,2.151734e+01,2.151042e+01,2.164195e+01,2.163503e+01,2.162119e+01,2.160735e+01,2.181476e+01,2.224208e+01,2.253741e+01,2.243448e+01,2.244135e+01,2.238642e+01,2.213198e+01,2.173185e+01,2.168345e+01,2.189761e+01,2.266763e+01,2.300953e+01,2.296173e+01,2.311869e+01,2.330265e+01,2.332988e+01,2.334349e+01,2.342511e+01,2.341151e+01,2.354063e+01,2.349308e+01,2.355421e+01,2.344551e+01,2.338431e+01,2.311187e+01,2.323456e+01,2.290707e+01,2.192521e+01,2.151734e+01,2.142725e+01,2.128850e+01,2.125378e+01,2.128156e+01,2.137871e+01,2.140645e+01,2.140645e+01,2.180786e+01,2.173876e+01,2.149656e+01,2.155197e+01,2.153812e+01,2.155197e+01,2.164195e+01,2.179404e+01,2.164887e+01,2.174567e+01,2.165579e+01,2.173185e+01,2.182167e+01,2.171802e+01,2.179404e+01,2.187000e+01,2.180786e+01,2.185620e+01,2.180095e+01,2.164195e+01,2.180095e+01,2.181476e+01,2.182167e+01,2.179404e+01,2.174567e+01,2.171111e+01,2.178713e+01,2.181476e+01,2.178022e+01,2.176641e+01,2.175258e+01,2.195280e+01,2.179404e+01,2.192521e+01,2.184929e+01,2.180095e+01,2.180095e+01,2.177332e+01,2.178713e+01,2.174567e+01,2.171111e+01,2.178022e+01,2.172494e+01,2.177332e+01,2.175949e+01,2.172494e+01,2.164887e+01,2.169037e+01,2.173876e+01,2.173876e+01,2.164887e+01,2.161427e+01,2.170420e+01,2.164195e+01,2.162811e+01,2.175258e+01,2.175949e+01,2.173185e+01,2.166270e+01,2.160043e+01,2.165579e+01,2.150349e+01,2.149656e+01,2.150349e+01,2.152427e+01,2.147577e+01,2.155890e+01,2.152427e+01,2.152427e+01,2.157274e+01,2.149656e+01,2.153812e+01,2.151734e+01,2.151042e+01,2.147577e+01,2.145498e+01,2.148963e+01,2.144112e+01,2.141339e+01,2.149656e+01,2.151042e+01,2.153812e+01,2.153119e+01,2.153119e+01,2.147577e+01,2.147577e+01,2.157274e+01,2.146191e+01,2.149656e+01,2.144805e+01,2.148963e+01,2.142725e+01,2.146191e+01,2.148963e+01,2.140645e+01,2.144112e+01,2.141339e+01,2.143419e+01,2.138565e+01,2.137871e+01,2.134402e+01,2.150349e+01,2.144112e+01,2.153119e+01,2.171802e+01,2.188381e+01,2.185620e+01,2.185620e+01,2.195280e+01,2.184929e+01,2.200797e+01,2.198729e+01,2.200107e+01,2.202176e+01,2.199418e+01,2.195280e+01,2.186310e+01,2.198039e+01,2.179404e+01,2.193211e+01,2.198039e+01,2.200107e+01,2.198039e+01,2.198039e+01,2.204243e+01,2.205621e+01,2.204243e+01,2.200107e+01,2.196660e+01,2.196660e+01,2.206999e+01,2.198039e+01,2.206310e+01,2.204932e+01,2.209066e+01,2.204932e+01,2.209066e+01,2.212509e+01,2.220081e+01,2.221457e+01,2.226271e+01,2.226271e+01,2.224896e+01,2.229022e+01,2.231084e+01,2.234520e+01,2.232458e+01,2.231771e+01,2.232458e+01,2.234520e+01,2.234520e+01,2.244821e+01,2.238642e+01,2.252369e+01,2.235894e+01,2.244135e+01,2.237268e+01,2.244821e+01,2.243448e+01,2.234520e+01,2.242762e+01,2.247566e+01,2.250997e+01,2.249625e+01,2.255798e+01,2.246880e+01,2.242075e+01,2.238642e+01,2.248252e+01,2.237268e+01,2.237268e+01,2.236581e+01,2.239328e+01,2.235207e+01,2.231084e+01,2.237268e+01,2.238642e+01,2.237268e+01,2.240702e+01,2.240015e+01,2.230396e+01,2.238642e+01,2.229709e+01,2.227647e+01,2.231771e+01,2.226271e+01,2.218016e+01,2.232458e+01,2.217328e+01,2.220769e+01,2.220769e+01,2.213886e+01,2.214575e+01,2.211821e+01,2.213886e+01,2.217328e+01,2.202176e+01,2.213886e+01,2.215952e+01,2.208377e+01,2.222145e+01,2.208377e+01,2.200107e+01,2.202865e+01,2.211132e+01,2.211132e+01,2.220769e+01,2.209066e+01,2.204932e+01,2.204243e+01,2.226271e+01,2.200107e+01,2.207688e+01,2.215263e+01,2.216640e+01,2.218016e+01,2.210443e+01,2.213886e+01,2.215952e+01,2.220081e+01,2.216640e+01,2.218016e+01,2.228334e+01,2.218016e+01,2.219393e+01,2.214575e+01,2.227647e+01,2.222145e+01,2.216640e+01,2.219393e+01,2.216640e+01,2.220769e+01,2.226959e+01,2.226959e+01,2.220769e+01,2.215263e+01,2.224208e+01,2.219393e+01,2.229709e+01,2.222833e+01,2.233833e+01,2.231771e+01,2.219393e+01,2.228334e+01,2.237268e+01,2.217328e+01,2.240015e+01,2.230396e+01,2.217328e+01,2.240702e+01,2.236581e+01,2.234520e+01,2.242075e+01,2.232458e+01,2.246194e+01,2.226959e+01,2.240702e+01,2.239328e+01,2.231084e+01,2.236581e+01,2.230396e+01,2.236581e+01,2.224896e+01,2.235894e+01,2.229709e+01,2.231084e+01,2.237955e+01,2.226271e+01,2.233146e+01,2.249625e+01
2.195280e+01,2.196660e+01,2.189761e+01,2.195280e+01,2.209755e+01,2.185620e+01,2.187691e+01,2.207688e+01,2.193211e+01,2.200797e+01,2.205621e+01,2.209755e+01,2.195280e+01,2.210443e+01,2.201486e+01,2.205621e+01,2.205621e+01,2.207688e+01,2.210443e+01,2.216640e+01,2.209755e+01,2.184929e+01,2.210443e+01,2.196660e+01,2.187691e+01,2.206310e+01,2.198039e+01,2.207688e+01,2.196660e+01,2.198729e+01,2.193211e+01,2.195280e+01,2.200107e+01,2.203554e+01,2.197349e+01,2.204932e+01,2.204243e+01,2.192521e+01,2.204243e+01,2.196660e+01,2.209066e+01,2.202865e+01,2.207688e+01,2.204932e+01,2.201486e+01,2.204243e+01,2.196660e+01,2.195970e+01,2.208377e+01,2.198039e+01,2.211132e+01,2.218016e+01,2.203554e+01,2.204932e+01,2.215263e+01,2.228334e+01,2.217328e+01,2.218016e+01,2.222833e+01,2.215952e+01,2.220081e+01,2.231084e+01,2.231771e+01,2.222145e+01,2.229709e+01,2.233833e+01,2.246194e+01,2.243448e+01,2.244135e+01,2.244135e+01,2.240015e+01,2.240702e+01,2.242762e+01,2.240702e+01,2.253055e+01,2.255112e+01,2.246880e+01,2.249625e+01,2.250997e+01,2.242762e+01,2.244135e+01,2.249625e+01,2.257169e+01,2.251683e+01,2.243448e+01,2.253055e+01,2.249625e+01,2.248939e+01,2.253055e+01,2.256483e+01,2.256483e+01,2.253741e+01,2.254426e+01,2.249625e+01,2.245507e+01,2.252369e+01,2.246880e+01,2.245507e+01,2.255112e+01,2.240702e+01,2.250311e+01,2.255112e+01,2.244821e+01,2.261967e+01,2.251683e+01,2.258540e+01,2.253055e+01,2.248939e+01,2.258540e+01,2.250311e+01,2.249625e+01,2.248939e+01,2.245507e+01,2.248939e+01,2.243448e+01,2.253055e+01,2.255798e+01,2.244821e+01,2.246194e+01,2.244821e+01,2.240702e+01,2.237268e+01,2.242075e+01,2.249625e+01,2.241389e+01,2.239328e+01,2.240015e+01,2.238642e+01,2.236581e+01,2.243448e+01,2.240702e+01,2.240702e+01,2.240702e+01,2.249625e+01,2.228334e+01,2.227647e+01,2.236581e+01,2.238642e+01,2.252369e+01,2.237268e+01,2.238642e+01,2.229709e+01,2.233833e+01,2.235207e+01,2.233833e+01,2.238642e+01,2.244135e+01,2.232458e+01,2.230396e+01,2.231084e+01,2.226959e+01,2.245507e+01,2.227647e+01,2.237955e+01,2.219393e+01,2.236581e+01,2.237268e+01,2.237268e+01,2.234520e+01,2.240015e+01,2.231084e+01,2.238642e+01,2.229709e+01,2.231084e+01,2.228334e+01,2.233146e+01,2.229022e+01,2.239328e+01,2.239328e+01,2.233833e+01,2.239328e+01,2.246194e+01,2.244135e+01,2.249625e+01,2.248252e+01,2.237268e+01,2.247566e+01,2.235207e+01,2.243448e+01,2.243448e+01,2.242075e+01,2.246194e+01,2.248252e+01,2.254426e+01,2.252369e+01,2.253055e+01,2.249625e+01,2.252369e+01,2.253055e+01,2.252369e+01,2.244135e+01,2.245507e+01,2.249625e+01,2.243448e+01,2.257169e+01,2.255798e+01,2.253055e+01,2.248252e+01,2.248252e+01,2.252369e+01,2.248939e+01,2.248939e+01,2.244135e+01,2.246880e+01,2.244135e+01,2.235894e+01,2.247566e+01,2.232458e+01,2.214575e+01,2.224896e+01,2.189071e+01,2.170420e+01,2.158659e+01,2.153119e+01,2.153119e+01,2.159351e+01,2.164195e+01,2.162119e+01,2.169037e+01,2.172494e+01,2.182167e+01,2.181476e+01,2.185620e+01,2.182167e+01,2.182167e+01,2.177332e+01,2.175949e+01,2.188381e+01,2.176641e+01,2.177332e+01,2.183548e+01,2.184239e+01,2.191831e+01,2.183548e+01,2.188381e+01,2.188381e+01,2.193211e+01,2.194591e+01,2.208377e+01,2.201486e+01,2.202865e+01,2.217328e+01,2.216640e+01,2.211821e+01,2.219393e+01,2.221457e+01,2.211821e+01,2.226271e+01,2.213198e+01,2.219393e+01,2.205621e+01,2.214575e+01,2.215263e+01,2.200107e+01,2.211821e+01,2.198729e+01,2.191831e+01,2.196660e+01,2.178022e+01,2.184239e+01,2.209755e+01,2.202865e+01,2.200797e+01,2.208377e+01,2.183548e+01,2.210443e+01,2.211821e+01,2.206999e+01,2.209066e+01,2.211821e+01,2.211132e+01,2.213198e+01,2.218016e+01,2.208377e+01,2.187691e+01,2.160043e+01,2.147577e+01,2.164195e+01,2.155890e+01,2.150349e+01,2.150349e+01,2.167654e+01,2.169037e+01,2.162811e+01,2.164195e+01,2.157274e+01,2.167654e+01,2.166962e+01,2.166270e+01,2.162811e+01,2.153812e+01,2.151734e+01,2.140645e+01,2.145498e+01,2.153119e+01,2.220769e+01,2.242762e+01,2.246880e+01,2.244821e+01,2.244821e+01,2.242075e+01,2.252369e+01,2.237268e+01,2.240015e+01,2.235207e+01,2.237268e+01,2.244135e+01,2.239328e+01,2.248252e+01,2.236581e+01,2.234520e+01,2.234520e+01,2.232458e+01,2.208377e+01,2.145498e+01,2.138565e+01,2.141339e+01,2.139952e+01,2.139258e+01,2.138565e+01,2.141339e+01,2.135790e+01,2.137177e+01,2.140645e+01,2.137871e+01,2.146191e+01,2.143419e+01,2.147577e+01,2.149656e+01,2.160043e+01,2.159351e+01,2.164195e+01,2.160043e+01,2.178022e+01,2.224208e+01,2.245507e+01,2.260596e+01,2.256483e+01,2.248252e+01,2.246194e+01,2.244821e+01,2.186310e+01,2.169037e+01,2.169728e+01,2.209066e+01,2.294807e+01,2.318686e+01,2.330946e+01,2.334349e+01,2.333668e+01,2.335029e+01,2.337070e+01,2.347949e+01,2.352026e+01,2.356101e+01,2.359495e+01,2.355421e+01,2.355421e+01,2.322093e+01,2.237955e+01,2.193901e+01,2.170420e+01,2.144805e+01,2.127461e+01,2.133014e+01,2.138565e+01,2.142032e+01,2.142725e+01,2.171111e+01,2.200797e+01,2.184929e+01,2.146884e+01,2.145498e+01,2.158659e+01,2.143419e+01,2.166962e+01,2.163503e+01,2.164195e+01,2.165579e+01,2.158659e+01,2.160043e+01,2.163503e+01,2.174567e+01,2.175258e+01,2.175949e+01,2.173185e+01,2.178022e+01,2.168345e+01,2.175949e+01,2.178022e+01,2.175949e+01,2.166270e+01,2.176641e+01,2.179404e+01,2.183548e+01,2.169728e+01,2.171802e+01,2.175258e+01,2.172494e+01,2.175949e+01,2.175949e+01,2.180095e+01,2.172494e+01,2.179404e+01,2.182858e+01,2.172494e+01,2.163503e+01,2.176641e+01,2.175258e+01,2.168345e+01,2.169037e+01,2.174567e+01,2.168345e+01,2.178713e+01,2.178022e+01,2.168345e+01,2.173876e+01,2.174567e+01,2.174567e+01,2.173876e+01,2.175258e+01,2.169037e+01,2.165579e+01,2.173185e+01,2.169037e+01,2.166962e+01,2.161427e+01,2.171802e+01,2.153119e+01,2.171111e+01,2.160043e+01,2.165579e+01,2.150349e+01,2.156582e+01,2.160043e+01,2.148270e+01,2.159351e+01,2.160043e+01,2.159351e+01,2.143419e+01,2.152427e+01,2.149656e+01,2.157274e+01,2.146884e+01,2.140645e+01,2.141339e+01,2.139952e+01,2.151734e+01,2.144805e+01,2.152427e+01,2.151734e+01,2.148963e+01,2.145498e+01,2.147577e+01,2.139258e+01,2.146191e+01,2.137177e+01,2.144805e+01,2.153812e+01,2.146191e+01,2.140645e+01,2.139258e+01,2.140645e+01,2.130238e+01,2.132320e+01,2.138565e+01,2.141339e+01,2.138565e+01,2.133014e+01,2.135790e+01,2.133708e+01,2.138565e+01,2.141339e+01,2.139258e+01,2.153812e+01,2.162811e+01,2.180095e+01,2.173185e+01,2.182167e+01,2.184929e+01,2.190451e+01,2.198039e+01,2.191831e+01,2.197349e+01,2.195970e+01,2.191831e+01,2.200107e+01,2.187691e+01,2.198729e+01,2.199418e+01,2.199418e+01,2.202176e+01,2.203554e+01,2.204243e+01,2.204243e+01,2.204932e+01,2.204243e+01,2.206310e+01,2.202865e+01,2.205621e+01,2.205621e+01,2.206999e+01,2.200107e+01,2.201486e+01,2.206999e+01,2.202865e+01,2.221457e+01,2.206310e+01,2.211821e+01,2.208377e+01,2.230396e+01,2.229022e+01,2.226959e+01,2.225584e+01,2.230396e+01,2.230396e+01,2.231771e+01,2.232458e+01,2.231084e+01,2.231771e+01,2.242075e+01,2.235207e+01,2.245507e+01,2.239328e+01,2.234520e+01,2.238642e+01,2.237268e+01,2.250311e+01,2.246880e+01,2.241389e+01,2.242762e+01,2.245507e+01,2.248252e+01,2.245507e+01,2.242762e+01,2.257854e+01,2.242762e+01,2.235207e+01,2.244821e+01,2.234520e+01,2.239328e+01,2.244135e+01,2.238642e+01,2.237955e+01,2.240702e+01,2.233833e+01,2.245507e+01,2.237955e+01,2.242762e+01,2.233833e+01,2.241389e+01,2.235207e+01,2.235207e+01,2.231771e+01,2.231771e+01,2.229022e+01,2.218705e+01,2.224896e+01,2.213886e+01,2.225584e+01,2.218016e+01,2.218705e+01,2.231771e+01,2.209755e+01,2.216640e+01,2.209755e+01,2.210443e+01,2.211821e+01,2.213886e+01,2.215952e+01,2.213886e+01,2.220081e+01,2.225584e+01,2.209755e+01,2.212509e+01,2.208377e+01,2.209755e+01,2.212509e+01,2.205621e+01,2.228334e+01,2.224896e+01,2.207688e+01,2.208377e+01,2.214575e+01,2.211821e+01,2.211821e+01,2.213198e+01,2.218705e+01,2.213198e+01,2.223520e+01,2.218016e+01,2.224208e+01,2.221457e+01,2.218016e+01,2.223520e+01,2.224896e+01,2.217328e+01,2.215263e+01,2.221457e+01,2.220769e+01,2.226271e+01,2.219393e+01,2.223520e+01,2.229709e+01,2.215263e+01,2.233146e+01,2.231084e+01,2.231771e+01,2.235894e+01,2.220769e+01,2.226959e+01,2.229022e+01,2.229022e+01,2.237268e+01,2.220769e+01,2.214575e+01,2.215263e+01,2.237268e+01,2.240015e+01,2.227647e+01,2.232458e+01,2.243448e+01,2.237955e+01,2.211821e+01,2.227647e+01,2.247566e+01,2.237955e+01,2.257854e+01,2.237955e+01,2.235207e+01,2.230396e+01,2.229709e+01,2.225584e+01,2.227647e+01,2.226959e+01,2.230396e+01,2.231771e+01,2.233146e+01,2.233833e+01,2.232458e+01
2.195280e+01,2.188381e+01,2.191831e+01,2.193901e+01,2.211132e+01,2.187691e+01,2.200107e+01,2.198729e+01,2.200107e+01,2.195970e+01,2.202176e+01,2.198729e+01,2.206310e+01,2.211132e+01,2.192521e+01,2.198039e+01,2.197349e+01,2.205621e+01,2.190451e+01,2.188381e+01,2.203554e+01,2.205621e+01,2.201486e+01,2.201486e+01,2.193901e+01,2.203554e+01,2.203554e+01,2.204243e+01,2.201486e+01,2.189761e+01,2.192521e+01,2.204243e+01,2.200107e+01,2.195970e+01,2.200107e+01,2.186310e+01,2.194591e+01,2.198039e+01,2.203554e+01,2.198729e+01,2.199418e+01,2.213886e+01,2.200797e+01,2.207688e+01,2.208377e+01,2.196660e+01,2.198729e+01,2.203554e+01,2.204932e+01,2.206999e+01,2.198729e+01,2.209066e+01,2.212509e+01,2.206310e+01,2.216640e+01,2.213886e+01,2.214575e+01,2.217328e+01,2.229022e+01,2.225584e+01,2.222145e+01,2.216640e+01,2.231084e+01,2.222833e+01,2.226271e+01,2.231771e+01,2.243448e+01,2.233146e+01,2.231084e+01,2.231771e+01,2.235207e+01,2.241389e+01,2.236581e+01,2.246880e+01,2.240015e+01,2.249625e+01,2.251683e+01,2.247566e+01,2.240015e+01,2.247566e+01,2.247566e+01,2.264022e+01,2.239328e+01,2.255112e+01,2.249625e+01,2.252369e+01,2.246194e+01,2.249625e+01,2.250311e+01,2.249625e+01,2.252369e+01,2.249625e+01,2.250311e+01,2.246880e+01,2.254426e+01,2.255112e+01,2.246880e+01,2.250311e+01,2.259225e+01,2.255798e+01,2.257169e+01,2.235207e+01,2.255798e+01,2.245507e+01,2.254426e+01,2.243448e+01,2.244821e+01,2.249625e+01,2.245507e+01,2.242762e+01,2.245507e+01,2.243448e+01,2.238642e+01,2.243448e+01,2.231771e+01,2.245507e+01,2.246194e+01,2.235207e+01,2.237955e+01,2.242762e+01,2.243448e+01,2.243448e+01,2.244821e+01,2.246194e+01,2.242075e+01,2.235894e+01,2.238642e+01,2.238642e+01,2.237955e+01,2.237268e+01,2.240015e+01,2.244135e+01,2.237268e+01,2.237955e+01,2.241389e+01,2.252369e+01,2.239328e+01,2.238642e+01,2.237268e+01,2.233833e+01,2.228334e+01,2.232458e+01,2.227647e+01,2.231084e+01,2.233146e+01,2.231771e+01,2.218016e+01,2.231084e+01,2.227647e+01,2.247566e+01,2.239328e+01,2.238642e+01,2.223520e+01,2.238642e+01,2.235894e+01,2.237268e+01,2.232458e+01,2.240702e+01,2.233146e+01,2.232458e+01,2.231771e+01,2.219393e+01,2.229709e+01,2.237955e+01,2.237955e+01,2.240702e+01,2.229709e+01,2.232458e+01,2.244135e+01,2.235207e+01,2.237268e+01,2.240702e+01,2.241389e+01,2.250311e+01,2.251683e+01,2.246194e+01,2.248252e+01,2.233833e+01,2.246880e+01,2.251683e+01,2.254426e+01,2.248252e+01,2.253741e+01,2.255112e+01,2.250311e+01,2.246194e+01,2.253055e+01,2.250311e+01,2.250997e+01,2.248252e+01,2.244135e+01,2.243448e+01,2.237955e+01,2.243448e+01,2.248939e+01,2.255798e+01,2.245507e+01,2.250997e+01,2.250997e+01,2.248939e+01,2.247566e+01,2.250997e+01,2.247566e+01,2.254426e+01,2.248252e+01,2.248252e+01,2.242075e+01,2.229022e+01,2.205621e+01,2.195970e+01,2.148270e+01,2.148270e+01,2.155197e+01,2.169037e+01,2.148270e+01,2.154505e+01,2.149656e+01,2.175258e+01,2.178713e+01,2.175949e+01,2.183548e+01,2.178713e+01,2.182858e+01,2.181476e+01,2.176641e+01,2.184239e+01,2.179404e+01,2.183548e+01,2.181476e+01,2.178022e+01,2.184239e+01,2.209066e+01,2.208377e+01,2.202176e+01,2.191831e+01,2.190451e+01,2.194591e+01,2.194591e+01,2.207688e+01,2.205621e+01,2.215263e+01,2.213886e+01,2.218705e+01,2.211821e+01,2.209755e+01,2.222145e+01,2.226959e+01,2.215952e+01,2.215952e+01,2.211821e+01,2.213886e+01,2.208377e+01,2.213198e+01,2.206310e+01,2.202176e+01,2.199418e+01,2.180786e+01,2.174567e+01,2.178713e+01,2.195280e+01,2.212509e+01,2.201486e+01,2.211132e+01,2.206999e+01,2.210443e+01,2.209755e+01,2.213198e+01,2.208377e+01,2.209755e+01,2.209066e+01,2.207688e+01,2.211821e+01,2.209066e+01,2.182858e+01,2.164195e+01,2.164195e+01,2.164887e+01,2.164195e+01,2.166962e+01,2.150349e+01,2.164195e+01,2.151042e+01,2.169728e+01,2.157967e+01,2.164887e+01,2.162811e+01,2.160735e+01,2.158659e+01,2.161427e+01,2.157274e+01,2.147577e+01,2.149656e+01,2.139258e+01,2.142032e+01,2.166270e+01,2.223520e+01,2.246880e+01,2.250997e+01,2.246194e+01,2.242762e+01,2.249625e+01,2.239328e+01,2.244135e+01,2.250997e+01,2.233833e+01,2.245507e+01,2.244821e+01,2.238642e+01,2.247566e+01,2.251683e+01,2.239328e+01,2.232458e+01,2.235207e+01,2.210443e+01,2.160043e+01,2.139952e+01,2.139952e+01,2.138565e+01,2.139952e+01,2.130238e+01,2.125378e+01,2.142725e+01,2.133014e+01,2.138565e+01,2.138565e+01,2.148963e+01,2.141339e+01,2.141339e+01,2.140645e+01,2.150349e+01,2.155890e+01,2.155197e+01,2.187000e+01,2.223520e+01,2.248252e+01,2.244135e+01,2.244821e+01,2.256483e+01,2.252369e+01,2.268132e+01,2.259911e+01,2.219393e+01,2.168345e+01,2.168345e+01,2.184239e+01,2.244821e+01,2.294807e+01,2.328223e+01,2.331627e+01,2.333668e+01,2.335029e+01,2.335710e+01,2.334349e+01,2.349308e+01,2.345230e+01,2.354742e+01,2.346590e+01,2.343871e+01,2.269502e+01,2.193211e+01,2.144805e+01,2.140645e+01,2.140645e+01,2.141339e+01,2.128850e+01,2.140645e+01,2.142032e+01,2.189071e+01,2.263337e+01,2.232458e+01,2.190451e+01,2.153812e+01,2.155890e+01,2.144112e+01,2.150349e+01,2.143419e+01,2.151042e+01,2.164195e+01,2.158659e+01,2.166962e+01,2.169728e+01,2.158659e+01,2.164887e+01,2.174567e+01,2.172494e+01,2.176641e+01,2.174567e+01,2.176641e+01,2.163503e+01,2.164195e+01,2.179404e+01,2.183548e+01,2.173876e+01,2.194591e+01,2.177332e+01,2.180095e+01,2.176641e+01,2.171802e+01,2.172494e+01,2.175949e+01,2.175949e+01,2.166962e+01,2.169037e+01,2.171802e+01,2.176641e+01,2.160735e+01,2.172494e+01,2.173185e+01,2.175258e+01,2.169728e+01,2.174567e+01,2.168345e+01,2.172494e+01,2.175258e+01,2.169728e+01,2.180786e+01,2.172494e+01,2.178022e+01,2.171802e+01,2.178022e+01,2.175258e+01,2.169728e+01,2.167654e+01,2.171111e+01,2.174567e+01,2.171111e+01,2.173185e+01,2.157274e+01,2.159351e+01,2.169728e+01,2.163503e+01,2.165579e+01,2.146191e+01,2.162811e+01,2.159351e+01,2.151042e+01,2.157274e+01,2.158659e+01,2.153812e+01,2.149656e+01,2.137871e+01,2.151734e+01,2.137177e+01,2.155890e+01,2.146191e+01,2.138565e+01,2.139952e+01,2.146191e+01,2.143419e+01,2.139258e+01,2.143419e+01,2.140645e+01,2.138565e+01,2.137871e+01,2.137177e+01,2.139258e+01,2.142725e+01,2.153812e+01,2.144805e+01,2.137871e+01,2.144805e+01,2.137871e+01,2.133014e+01,2.134402e+01,2.137871e+01,2.144805e+01,2.138565e+01,2.137871e+01,2.136484e+01,2.146191e+01,2.135790e+01,2.135790e+01,2.135790e+01,2.136484e+01,2.144112e+01,2.149656e+01,2.155890e+01,2.152427e+01,2.165579e+01,2.175258e+01,2.181476e+01,2.184239e+01,2.197349e+01,2.197349e+01,2.192521e+01,2.201486e+01,2.195280e+01,2.198729e+01,2.200797e+01,2.200797e+01,2.198729e+01,2.210443e+01,2.198039e+01,2.210443e+01,2.204243e+01,2.206310e+01,2.207688e+01,2.206310e+01,2.204243e+01,2.208377e+01,2.204932e+01,2.204932e+01,2.202176e+01,2.201486e+01,2.209066e+01,2.198039e+01,2.198729e+01,2.220081e+01,2.215263e+01,2.222145e+01,2.221457e+01,2.229022e+01,2.232458e+01,2.230396e+01,2.231084e+01,2.225584e+01,2.232458e+01,2.231771e+01,2.231084e+01,2.244135e+01,2.249625e+01,2.242075e+01,2.244821e+01,2.240015e+01,2.241389e+01,2.248252e+01,2.241389e+01,2.237955e+01,2.252369e+01,2.228334e+01,2.240702e+01,2.244821e+01,2.245507e+01,2.268817e+01,2.243448e+01,2.241389e+01,2.243448e+01,2.243448e+01,2.240702e+01,2.246880e+01,2.244135e+01,2.236581e+01,2.234520e+01,2.242075e+01,2.240702e+01,2.238642e+01,2.240702e+01,2.236581e+01,2.242762e+01,2.252369e+01,2.242762e+01,2.234520e+01,2.233146e+01,2.231771e+01,2.234520e+01,2.232458e+01,2.228334e+01,2.221457e+01,2.218705e+01,2.232458e+01,2.225584e+01,2.214575e+01,2.217328e+01,2.213886e+01,2.215263e+01,2.211821e+01,2.209066e+01,2.222833e+01,2.211821e+01,2.215952e+01,2.225584e+01,2.215952e+01,2.206999e+01,2.212509e+01,2.209755e+01,2.209755e+01,2.211132e+01,2.198729e+01,2.211821e+01,2.213198e+01,2.214575e+01,2.207688e+01,2.208377e+01,2.215952e+01,2.212509e+01,2.219393e+01,2.221457e+01,2.216640e+01,2.222145e+01,2.222145e+01,2.216640e+01,2.220081e+01,2.229709e+01,2.226959e+01,2.220081e+01,2.220769e+01,2.226959e+01,2.220081e+01,2.226271e+01,2.250311e+01,2.239328e+01,2.223520e+01,2.224208e+01,2.226271e+01,2.214575e+01,2.224896e+01,2.226959e+01,2.222833e+01,2.225584e+01,2.229022e+01,2.223520e+01,2.222145e+01,2.247566e+01,2.234520e+01,2.224896e+01,2.231084e+01,2.232458e+01,2.239328e+01,2.235207e+01,2.229709e+01,2.233146e+01,2.230396e+01,2.242762e+01,2.240702e+01,2.220769e+01,2.228334e+01,2.250311e+01,2.236581e+01,2.237268e+01,2.236581e+01,2.238642e+01,2.240702e+01,2.241389e+01,2.226271e+01,2.227647e+01,2.229709e+01,2.236581e+01,2.226271e+01,2.235894e+01,2.246880e+01
2.194591e+01,2.193211e+01,2.191831e+01,2.193211e+01,2.194591e+01,2.195280e+01,2.193901e+01,2.197349e+01,2.199418e+01,2.190451e+01,2.194591e+01,2.195970e+01,2.194591e+01,2.198729e+01,2.195280e+01,2.193211e+01,2.207688e+01,2.202865e+01,2.194591e+01,2.199418e+01,2.192521e+01,2.200107e+01,2.202176e+01,2.207688e+01,2.205621e+01,2.199418e+01,2.198039e+01,2.192521e+01,2.188381e+01,2.199418e+01,2.191831e+01,2.202865e+01,2.200107e+01,2.190451e+01,2.202176e+01,2.201486e+01,2.191831e+01,2.195970e+01,2.197349e+01,2.204932e+01,2.202865e+01,2.201486e+01,2.206310e+01,2.205621e+01,2.202176e+01,2.208377e+01,2.200797e+01,2.202865e+01,2.203554e+01,2.198039e+01,2.205621e+01,2.203554e+01,2.221457e+01,2.209066e+01,2.217328e+01,2.214575e+01,2.216640e+01,2.218705e+01,2.214575e+01,2.215263e+01,2.223520e+01,2.222833e+01,2.220769e+01,2.231771e+01,2.220769e+01,2.233833e+01,2.233833e+01,2.230396e+01,2.229022e+01,2.237955e+01,2.235207e+01,2.241389e+01,2.235894e+01,2.240702e+01,2.230396e+01,2.236581e+01,2.246194e+01,2.242075e+01,2.245507e+01,2.236581e+01,2.241389e+01,2.242075e+01,2.250311e+01,2.249625e+01,2.242075e+01,2.247566e+01,2.246194e+01,2.258540e+01,2.257854e+01,2.244135e+01,2.252369e+01,2.247566e+01,2.244135e+01,2.249625e+01,2.251683e+01,2.246194e+01,2.257854e+01,2.255798e+01,2.239328e+01,2.250311e+01,2.245507e+01,2.257169e+01,2.250997e+01,2.263337e+01,2.254426e+01,2.244135e+01,2.242075e+01,2.238642e+01,2.239328e+01,2.233833e+01,2.235207e+01,2.244135e+01,2.242075e+01,2.237955e+01,2.245507e+01,2.222833e+01,2.241389e+01,2.244135e+01,2.245507e+01,2.235894e+01,2.248939e+01,2.236581e+01,2.237955e+01,2.242075e+01,2.242075e+01,2.244821e+01,2.235894e+01,2.236581e+01,2.231084e+01,2.235207e+01,2.240702e+01,2.235894e+01,2.237955e+01,2.240702e+01,2.243448e+01,2.236581e+01,2.235894e+01,2.225584e+01,2.237955e+01,2.231771e+01,2.233146e+01,2.229709e+01,2.218016e+01,2.229022e+01,2.231771e+01,2.231084e+01,2.231771e+01,2.230396e+01,2.225584e+01,2.229022e+01,2.226271e+01,2.230396e+01,2.216640e+01,2.232458e+01,2.223520e+01,2.233146e+01,2.225584e+01,2.233146e+01,2.235207e+01,2.239328e+01,2.240015e+01,2.233146e+01,2.233833e+01,2.244135e+01,2.237955e+01,2.228334e+01,2.240015e+01,2.239328e+01,2.244135e+01,2.239328e+01,2.234520e+01,2.242075e+01,2.240702e+01,2.249625e+01,2.247566e+01,2.248939e+01,2.233146e+01,2.244821e+01,2.250997e+01,2.248939e+01,2.242075e+01,2.241389e+01,2.242762e+01,2.244135e+01,2.252369e+01,2.246880e+01,2.244135e+01,2.244135e+01,2.246194e+01,2.252369e+01,2.246880e+01,2.244821e+01,2.246880e+01,2.244135e+01,2.255798e+01,2.252369e+01,2.247566e+01,2.249625e+01,2.250997e+01,2.252369e+01,2.254426e+01,2.247566e+01,2.248252e+01,2.248939e+01,2.240015e+01,2.243448e+01,2.235207e+01,2.226959e+01,2.191141e+01,2.151734e+01,2.150349e+01,2.148270e+01,2.151734e+01,2.153119e+01,2.162811e+01,2.149656e+01,2.160043e+01,2.164195e+01,2.179404e+01,2.168345e+01,2.184239e+01,2.172494e+01,2.179404e+01,2.182858e+01,2.173876e+01,2.178022e+01,2.180095e+01,2.180095e+01,2.181476e+01,2.175949e+01,2.202865e+01,2.219393e+01,2.205621e+01,2.195970e+01,2.198039e+01,2.200797e+01,2.191831e+01,2.195280e+01,2.202176e+01,2.209066e+01,2.207688e+01,2.206999e+01,2.217328e+01,2.210443e+01,2.209066e+01,2.212509e+01,2.212509e+01,2.212509e+01,2.212509e+01,2.209755e+01,2.213198e+01,2.200107e+01,2.204932e+01,2.202865e+01,2.192521e+01,2.187000e+01,2.171111e+01,2.169728e+01,2.178713e+01,2.197349e+01,2.208377e+01,2.202176e+01,2.201486e+01,2.206999e+01,2.207688e+01,2.213198e+01,2.213198e+01,2.215263e+01,2.211132e+01,2.208377e+01,2.207688e+01,2.213198e+01,2.184239e+01,2.184929e+01,2.154505e+01,2.162119e+01,2.163503e+01,2.163503e+01,2.160735e+01,2.165579e+01,2.165579e+01,2.172494e+01,2.174567e+01,2.173185e+01,2.169037e+01,2.166270e+01,2.162119e+01,2.162811e+01,2.162119e+01,2.151042e+01,2.158659e+01,2.137177e+01,2.141339e+01,2.148270e+01,2.187000e+01,2.234520e+01,2.230396e+01,2.242075e+01,2.240702e+01,2.240702e+01,2.239328e+01,2.251683e+01,2.250311e+01,2.241389e+01,2.236581e+01,2.242762e+01,2.248252e+01,2.238642e+01,2.237955e+01,2.233833e+01,2.233833e+01,2.234520e+01,2.233833e+01,2.211132e+01,2.208377e+01,2.157967e+01,2.154505e+01,2.147577e+01,2.139258e+01,2.134402e+01,2.138565e+01,2.139258e+01,2.138565e+01,2.137177e+01,2.139258e+01,2.151734e+01,2.143419e+01,2.155890e+01,2.149656e+01,2.155890e+01,2.172494e+01,2.209755e+01,2.230396e+01,2.229022e+01,2.239328e+01,2.244821e+01,2.250997e+01,2.266078e+01,2.250311e+01,2.259225e+01,2.269502e+01,2.235207e+01,2.206310e+01,2.175258e+01,2.171111e+01,2.173185e+01,2.290707e+01,2.324137e+01,2.319368e+01,2.320049e+01,2.335710e+01,2.330265e+01,2.335029e+01,2.346590e+01,2.320049e+01,2.308459e+01,2.302318e+01,2.266763e+01,2.175258e+01,2.141339e+01,2.138565e+01,2.140645e+01,2.142032e+01,2.127461e+01,2.138565e+01,2.138565e+01,2.190451e+01,2.283872e+01,2.296173e+01,2.233833e+01,2.175949e+01,2.146191e+01,2.151042e+01,2.151042e+01,2.155197e+01,2.151734e+01,2.154505e+01,2.163503e+01,2.155197e+01,2.164887e+01,2.166270e+01,2.170420e+01,2.168345e+01,2.169037e+01,2.173876e+01,2.178022e+01,2.176641e+01,2.176641e+01,2.179404e+01,2.171802e+01,2.162811e+01,2.173876e+01,2.171802e+01,2.173185e+01,2.173185e+01,2.171111e+01,2.170420e+01,2.167654e+01,2.158659e+01,2.164195e+01,2.173185e+01,2.175949e+01,2.165579e+01,2.160043e+01,2.171111e+01,2.162811e+01,2.164887e+01,2.173185e+01,2.166962e+01,2.173876e+01,2.166270e+01,2.169728e+01,2.168345e+01,2.175949e+01,2.173185e+01,2.164887e+01,2.169728e+01,2.174567e+01,2.173876e+01,2.169728e+01,2.169728e+01,2.163503e+01,2.164887e+01,2.167654e+01,2.162119e+01,2.160043e+01,2.160043e+01,2.168345e+01,2.161427e+01,2.166962e+01,2.166270e+01,2.163503e+01,2.162811e+01,2.162119e+01,2.157967e+01,2.148963e+01,2.155890e+01,2.152427e+01,2.148963e+01,2.141339e+01,2.149656e+01,2.145498e+01,2.133708e+01,2.138565e+01,2.133014e+01,2.139258e+01,2.139952e+01,2.143419e+01,2.133708e+01,2.147577e+01,2.131626e+01,2.139952e+01,2.137177e+01,2.137871e+01,2.135790e+01,2.137177e+01,2.139258e+01,2.139258e+01,2.135790e+01,2.137177e+01,2.136484e+01,2.143419e+01,2.146191e+01,2.137177e+01,2.137871e+01,2.149656e+01,2.137177e+01,2.138565e+01,2.141339e+01,2.135790e+01,2.126767e+01,2.129544e+01,2.139952e+01,2.135790e+01,2.130932e+01,2.132320e+01,2.142032e+01,2.147577e+01,2.140645e+01,2.145498e+01,2.171802e+01,2.166270e+01,2.184929e+01,2.193901e+01,2.197349e+01,2.195280e+01,2.198729e+01,2.200107e+01,2.196660e+01,2.206999e+01,2.209755e+01,2.201486e+01,2.198729e+01,2.195280e+01,2.209066e+01,2.204243e+01,2.204243e+01,2.204243e+01,2.202865e+01,2.207688e+01,2.207688e+01,2.204243e+01,2.202865e+01,2.200797e+01,2.200107e+01,2.205621e+01,2.204243e+01,2.212509e+01,2.211821e+01,2.219393e+01,2.224896e+01,2.225584e+01,2.221457e+01,2.229022e+01,2.229709e+01,2.232458e+01,2.231771e+01,2.240015e+01,2.235207e+01,2.250311e+01,2.233833e+01,2.244135e+01,2.249625e+01,2.244821e+01,2.241389e+01,2.248939e+01,2.241389e+01,2.255112e+01,2.251683e+01,2.240702e+01,2.248939e+01,2.242762e+01,2.242762e+01,2.246194e+01,2.242762e+01,2.234520e+01,2.235894e+01,2.243448e+01,2.248252e+01,2.241389e+01,2.250997e+01,2.239328e+01,2.244135e+01,2.232458e+01,2.240015e+01,2.241389e+01,2.240702e+01,2.240015e+01,2.237268e+01,2.239328e+01,2.241389e+01,2.235207e+01,2.236581e+01,2.237955e+01,2.229022e+01,2.219393e+01,2.229709e+01,2.226959e+01,2.224896e+01,2.219393e+01,2.217328e+01,2.220081e+01,2.217328e+01,2.206999e+01,2.206310e+01,2.215263e+01,2.209755e+01,2.209755e+01,2.206999e+01,2.212509e+01,2.215952e+01,2.205621e+01,2.217328e+01,2.206999e+01,2.207688e+01,2.232458e+01,2.214575e+01,2.192521e+01,2.208377e+01,2.209066e+01,2.208377e+01,2.206999e+01,2.212509e+01,2.210443e+01,2.213886e+01,2.219393e+01,2.204932e+01,2.215952e+01,2.211132e+01,2.220769e+01,2.219393e+01,2.218016e+01,2.219393e+01,2.217328e+01,2.216640e+01,2.225584e+01,2.224896e+01,2.226271e+01,2.223520e+01,2.226271e+01,2.227647e+01,2.226959e+01,2.226959e+01,2.209755e+01,2.215952e+01,2.227647e+01,2.217328e+01,2.224208e+01,2.227647e+01,2.232458e+01,2.218705e+01,2.223520e+01,2.225584e+01,2.226271e+01,2.226959e+01,2.228334e+01,2.233146e+01,2.226271e+01,2.240702e+01,2.229022e+01,2.227647e+01,2.227647e+01,2.224896e+01,2.242762e+01,2.228334e+01,2.242762e+01,2.238642e+01,2.231771e+01,2.237268e+01,2.230396e+01,2.236581e+01,2.231771e+01,2.242075e+01,2.248252e+01,2.235894e+01,2.238642e+01,2.237268e+01,2.236581e+01,2.234520e+01,2.218705e+01
2.193901e+01,2.195970e+01,2.192521e+01,2.191141e+01,2.195280e+01,2.191831e+01,2.189761e+01,2.187000e+01,2.198729e+01,2.197349e+01,2.197349e+01,2.206999e+01,2.195280e+01,2.195970e+01,2.196660e+01,2.213886e+01,2.206999e+01,2.206310e+01,2.202176e+01,2.206310e+01,2.201486e+01,2.200797e+01,2.202176e+01,2.200797e+01,2.198729e+01,2.207688e+01,2.193211e+01,2.201486e+01,2.198729e+01,2.188381e+01,2.190451e+01,2.199418e+01,2.206310e+01,2.196660e+01,2.196660e+01,2.205621e+01,2.193211e+01,2.192521e+01,2.206310e+01,2.204243e+01,2.203554e+01,2.206310e+01,2.191831e+01,2.200107e+01,2.200107e+01,2.198729e+01,2.205621e+01,2.207688e+01,2.203554e+01,2.218705e+01,2.206310e+01,2.211132e+01,2.202865e+01,2.215263e+01,2.218705e+01,2.208377e+01,2.218705e+01,2.225584e+01,2.207688e+01,2.217328e+01,2.224208e+01,2.221457e+01,2.217328e+01,2.222145e+01,2.225584e+01,2.228334e+01,2.240702e+01,2.227647e+01,2.231084e+01,2.233833e+01,2.240015e+01,2.232458e+01,2.237268e+01,2.238642e+01,2.241389e+01,2.239328e+01,2.246194e+01,2.246194e+01,2.235894e+01,2.241389e+01,2.241389e+01,2.259225e+01,2.243448e+01,2.248939e+01,2.246880e+01,2.249625e+01,2.250311e+01,2.252369e+01,2.250311e+01,2.247566e+01,2.254426e+01,2.248939e+01,2.244135e+01,2.250997e+01,2.256483e+01,2.244821e+01,2.248939e+01,2.248252e+01,2.246880e+01,2.259911e+01,2.242762e+01,2.238642e+01,2.246194e+01,2.239328e+01,2.245507e+01,2.231084e+01,2.251683e+01,2.228334e+01,2.240015e+01,2.242075e+01,2.237268e+01,2.244135e+01,2.241389e+01,2.232458e+01,2.243448e+01,2.237955e+01,2.239328e+01,2.240702e+01,2.236581e+01,2.240015e+01,2.237268e+01,2.237268e+01,2.233833e+01,2.242762e+01,2.241389e+01,2.246880e+01,2.238642e+01,2.236581e+01,2.228334e+01,2.231084e+01,2.241389e+01,2.234520e+01,2.238642e+01,2.241389e+01,2.240015e+01,2.231084e+01,2.226271e+01,2.228334e+01,2.226271e+01,2.232458e+01,2.235894e+01,2.226271e+01,2.229709e+01,2.229709e+01,2.230396e+01,2.234520e+01,2.230396e+01,2.231084e+01,2.231084e+01,2.226271e+01,2.231084e+01,2.236581e+01,2.238642e+01,2.223520e+01,2.240702e+01,2.240702e+01,2.242762e+01,2.235894e+01,2.235894e+01,2.235207e+01,2.241389e+01,2.238642e+01,2.240702e+01,2.245507e+01,2.242762e+01,2.222145e+01,2.237268e+01,2.235207e+01,2.237268e+01,2.240015e+01,2.235894e+01,2.244135e+01,2.240702e+01,2.243448e+01,2.244135e+01,2.248252e+01,2.250997e+01,2.250997e+01,2.253055e+01,2.242762e+01,2.254426e+01,2.241389e+01,2.242762e+01,2.246880e+01,2.248252e+01,2.248939e+01,2.246880e+01,2.253055e+01,2.250997e+01,2.246880e+01,2.247566e+01,2.247566e+01,2.250311e+01,2.254426e+01,2.250997e+01,2.248939e+01,2.248252e+01,2.250997e+01,2.250311e+01,2.252369e+01,2.249625e+01,2.253055e+01,2.253055e+01,2.242075e+01,2.242762e+01,2.243448e+01,2.229709e+01,2.204932e+01,2.153812e+01,2.145498e+01,2.148270e+01,2.149656e+01,2.146884e+01,2.153812e+01,2.152427e+01,2.152427e+01,2.169037e+01,2.175258e+01,2.175949e+01,2.173876e+01,2.172494e+01,2.186310e+01,2.184929e+01,2.177332e+01,2.174567e+01,2.189761e+01,2.182858e+01,2.191831e+01,2.180095e+01,2.189761e+01,2.197349e+01,2.217328e+01,2.218016e+01,2.210443e+01,2.211132e+01,2.190451e+01,2.200797e+01,2.198039e+01,2.201486e+01,2.203554e+01,2.204243e+01,2.201486e+01,2.210443e+01,2.206310e+01,2.215952e+01,2.208377e+01,2.210443e+01,2.207688e+01,2.215952e+01,2.217328e+01,2.202865e+01,2.198729e+01,2.193211e+01,2.188381e+01,2.173876e+01,2.170420e+01,2.184239e+01,2.192521e+01,2.215263e+01,2.214575e+01,2.217328e+01,2.204932e+01,2.211132e+01,2.211821e+01,2.215263e+01,2.214575e+01,2.206310e+01,2.208377e+01,2.207688e+01,2.208377e+01,2.211132e+01,2.202865e+01,2.168345e+01,2.168345e+01,2.163503e+01,2.164195e+01,2.164195e+01,2.166962e+01,2.169037e+01,2.173185e+01,2.169728e+01,2.175949e+01,2.172494e+01,2.174567e+01,2.168345e+01,2.161427e+01,2.166962e+01,2.169728e+01,2.164195e+01,2.151734e+01,2.153119e+01,2.144805e+01,2.154505e+01,2.178022e+01,2.219393e+01,2.242762e+01,2.236581e+01,2.240015e+01,2.244821e+01,2.245507e+01,2.238642e+01,2.242075e+01,2.246194e+01,2.248252e+01,2.235207e+01,2.235207e+01,2.250311e+01,2.242075e+01,2.237955e+01,2.235894e+01,2.233146e+01,2.234520e+01,2.229709e+01,2.231771e+01,2.235207e+01,2.224896e+01,2.222833e+01,2.198039e+01,2.198039e+01,2.195280e+01,2.186310e+01,2.175258e+01,2.166962e+01,2.160043e+01,2.151734e+01,2.158659e+01,2.163503e+01,2.166270e+01,2.201486e+01,2.213198e+01,2.211132e+01,2.233146e+01,2.240702e+01,2.228334e+01,2.249625e+01,2.255112e+01,2.249625e+01,2.262652e+01,2.246880e+01,2.258540e+01,2.272241e+01,2.256483e+01,2.204243e+01,2.171802e+01,2.169037e+01,2.166270e+01,2.210443e+01,2.291391e+01,2.313233e+01,2.321412e+01,2.327542e+01,2.336390e+01,2.335710e+01,2.335710e+01,2.331627e+01,2.283188e+01,2.223520e+01,2.173185e+01,2.145498e+01,2.141339e+01,2.129544e+01,2.130238e+01,2.137871e+01,2.135790e+01,2.139952e+01,2.191831e+01,2.263337e+01,2.300270e+01,2.279084e+01,2.233146e+01,2.153119e+01,2.145498e+01,2.148963e+01,2.143419e+01,2.155890e+01,2.153812e+01,2.156582e+01,2.163503e+01,2.162119e+01,2.163503e+01,2.155890e+01,2.170420e+01,2.167654e+01,2.171111e+01,2.169037e+01,2.172494e+01,2.171802e+01,2.171802e+01,2.171111e+01,2.180095e+01,2.166270e+01,2.183548e+01,2.165579e+01,2.173876e+01,2.169728e+01,2.168345e+01,2.155890e+01,2.162811e+01,2.157967e+01,2.162811e+01,2.166962e+01,2.162811e+01,2.167654e+01,2.168345e+01,2.163503e+01,2.169037e+01,2.170420e+01,2.166962e+01,2.169728e+01,2.162811e+01,2.174567e+01,2.160735e+01,2.162119e+01,2.175258e+01,2.174567e+01,2.166270e+01,2.175258e+01,2.178713e+01,2.172494e+01,2.175258e+01,2.167654e+01,2.166962e+01,2.159351e+01,2.170420e+01,2.164887e+01,2.169728e+01,2.169728e+01,2.160043e+01,2.163503e+01,2.166270e+01,2.165579e+01,2.161427e+01,2.157967e+01,2.153812e+01,2.150349e+01,2.149656e+01,2.159351e+01,2.148270e+01,2.141339e+01,2.139952e+01,2.147577e+01,2.130932e+01,2.146884e+01,2.133014e+01,2.140645e+01,2.133708e+01,2.129544e+01,2.139952e+01,2.144805e+01,2.135790e+01,2.135790e+01,2.141339e+01,2.130238e+01,2.139952e+01,2.139952e+01,2.123294e+01,2.142725e+01,2.147577e+01,2.132320e+01,2.133708e+01,2.144112e+01,2.137177e+01,2.139258e+01,2.134402e+01,2.135096e+01,2.143419e+01,2.146884e+01,2.142725e+01,2.120515e+01,2.137871e+01,2.140645e+01,2.142725e+01,2.136484e+01,2.140645e+01,2.139952e+01,2.128850e+01,2.142032e+01,2.126072e+01,2.127461e+01,2.135096e+01,2.134402e+01,2.149656e+01,2.148963e+01,2.183548e+01,2.186310e+01,2.206310e+01,2.193901e+01,2.199418e+01,2.210443e+01,2.212509e+01,2.212509e+01,2.201486e+01,2.223520e+01,2.211132e+01,2.206999e+01,2.215952e+01,2.213198e+01,2.205621e+01,2.218705e+01,2.200797e+01,2.217328e+01,2.197349e+01,2.204932e+01,2.203554e+01,2.203554e+01,2.198729e+01,2.204932e+01,2.220769e+01,2.207688e+01,2.215952e+01,2.214575e+01,2.213886e+01,2.224208e+01,2.226271e+01,2.229022e+01,2.226271e+01,2.230396e+01,2.230396e+01,2.246880e+01,2.255798e+01,2.238642e+01,2.238642e+01,2.249625e+01,2.239328e+01,2.249625e+01,2.245507e+01,2.242762e+01,2.239328e+01,2.254426e+01,2.241389e+01,2.249625e+01,2.238642e+01,2.245507e+01,2.247566e+01,2.244821e+01,2.241389e+01,2.246194e+01,2.250997e+01,2.246880e+01,2.246194e+01,2.246880e+01,2.245507e+01,2.241389e+01,2.240702e+01,2.244821e+01,2.246880e+01,2.243448e+01,2.246880e+01,2.247566e+01,2.242762e+01,2.245507e+01,2.239328e+01,2.239328e+01,2.237955e+01,2.233833e+01,2.239328e+01,2.224896e+01,2.231771e+01,2.221457e+01,2.229022e+01,2.216640e+01,2.217328e+01,2.215263e+01,2.214575e+01,2.212509e+01,2.209755e+01,2.210443e+01,2.212509e+01,2.211132e+01,2.215263e+01,2.213886e+01,2.211132e+01,2.207688e+01,2.206310e+01,2.206999e+01,2.209066e+01,2.211132e+01,2.213886e+01,2.209066e+01,2.207688e+01,2.210443e+01,2.213886e+01,2.209755e+01,2.206999e+01,2.231771e+01,2.214575e+01,2.218016e+01,2.220769e+01,2.219393e+01,2.220081e+01,2.219393e+01,2.222145e+01,2.219393e+01,2.221457e+01,2.218016e+01,2.221457e+01,2.217328e+01,2.224208e+01,2.226271e+01,2.231771e+01,2.227647e+01,2.226959e+01,2.226271e+01,2.226271e+01,2.226959e+01,2.216640e+01,2.222145e+01,2.231084e+01,2.233833e+01,2.218016e+01,2.234520e+01,2.239328e+01,2.226959e+01,2.233146e+01,2.220081e+01,2.228334e+01,2.228334e+01,2.234520e+01,2.243448e+01,2.235894e+01,2.226271e+01,2.231771e+01,2.234520e+01,2.239328e+01,2.246880e+01,2.238642e+01,2.231084e+01,2.238642e+01,2.244821e+01,2.232458e+01,2.239328e+01,2.235894e+01,2.231771e+01,2.239328e+01,2.234520e+01,2.235207e+01,2.226271e+01,2.225584e+01,2.238642e+01,2.221457e+01
2.193211e+01,2.191141e+01,2.191141e+01,2.176641e+01,2.193901e+01,2.191141e+01,2.191831e+01,2.191141e+01,2.198729e+01,2.198039e+01,2.191141e+01,2.203554e+01,2.208377e+01,2.193211e+01,2.193901e+01,2.213198e+01,2.200107e+01,2.206999e+01,2.204243e+01,2.204932e+01,2.202176e+01,2.199418e+01,2.211132e+01,2.206310e+01,2.202176e+01,2.195970e+01,2.201486e+01,2.198729e+01,2.207688e+01,2.199418e+01,2.197349e+01,2.198039e+01,2.190451e+01,2.186310e+01,2.204243e+01,2.203554e+01,2.208377e+01,2.204243e+01,2.200107e+01,2.200107e+01,2.199418e+01,2.200107e+01,2.198729e+01,2.202176e+01,2.201486e+01,2.201486e+01,2.202176e+01,2.209066e+01,2.208377e+01,2.205621e+01,2.207688e+01,2.189071e+01,2.208377e+01,2.211132e+01,2.215952e+01,2.211132e+01,2.214575e+01,2.220769e+01,2.211821e+01,2.214575e+01,2.218016e+01,2.221457e+01,2.225584e+01,2.224896e+01,2.217328e+01,2.222145e+01,2.227647e+01,2.229022e+01,2.231771e+01,2.232458e+01,2.250997e+01,2.234520e+01,2.239328e+01,2.238642e+01,2.239328e+01,2.241389e+01,2.238642e+01,2.257169e+01,2.239328e+01,2.240015e+01,2.251683e+01,2.253055e+01,2.249625e+01,2.246194e+01,2.246880e+01,2.247566e+01,2.250311e+01,2.247566e+01,2.238642e+01,2.252369e+01,2.246194e+01,2.257854e+01,2.255112e+01,2.247566e+01,2.240702e+01,2.244821e+01,2.257854e+01,2.246880e+01,2.233146e+01,2.236581e+01,2.237955e+01,2.241389e+01,2.246194e+01,2.244821e+01,2.238642e+01,2.240015e+01,2.246880e+01,2.244135e+01,2.241389e+01,2.231771e+01,2.235894e+01,2.229709e+01,2.231771e+01,2.239328e+01,2.234520e+01,2.236581e+01,2.238642e+01,2.221457e+01,2.238642e+01,2.234520e+01,2.235207e+01,2.231084e+01,2.242762e+01,2.217328e+01,2.233146e+01,2.237955e+01,2.237955e+01,2.224208e+01,2.226959e+01,2.235894e+01,2.229022e+01,2.235894e+01,2.237268e+01,2.233833e+01,2.240015e+01,2.234520e+01,2.225584e+01,2.224896e+01,2.230396e+01,2.224208e+01,2.224208e+01,2.231771e+01,2.229709e+01,2.226959e+01,2.227647e+01,2.231084e+01,2.228334e+01,2.230396e+01,2.231771e+01,2.231084e+01,2.226959e+01,2.227647e+01,2.225584e+01,2.237268e+01,2.236581e+01,2.246880e+01,2.237268e+01,2.240702e+01,2.246194e+01,2.237955e+01,2.232458e+01,2.226271e+01,2.242762e+01,2.236581e+01,2.233146e+01,2.240015e+01,2.241389e+01,2.240702e+01,2.237268e+01,2.240015e+01,2.242762e+01,2.240015e+01,2.248252e+01,2.240015e+01,2.250311e+01,2.252369e+01,2.249625e+01,2.230396e+01,2.245507e+01,2.246880e+01,2.239328e+01,2.246880e+01,2.251683e+01,2.245507e+01,2.248939e+01,2.248252e+01,2.247566e+01,2.245507e+01,2.244821e+01,2.250997e+01,2.246880e+01,2.242075e+01,2.248252e+01,2.249625e+01,2.248939e+01,2.247566e+01,2.250997e+01,2.247566e+01,2.246880e+01,2.248252e+01,2.251683e+01,2.246194e+01,2.235207e+01,2.239328e+01,2.236581e+01,2.233146e+01,2.233146e+01,2.155197e+01,2.151734e+01,2.142032e+01,2.148963e+01,2.155890e+01,2.153119e+01,2.155890e+01,2.151042e+01,2.171111e+01,2.168345e+01,2.178022e+01,2.173876e+01,2.175258e+01,2.180786e+01,2.180095e+01,2.176641e+01,2.180095e+01,2.175949e+01,2.177332e+01,2.187000e+01,2.182167e+01,2.193901e+01,2.191831e+01,2.201486e+01,2.215263e+01,2.212509e+01,2.206310e+01,2.195970e+01,2.180786e+01,2.202865e+01,2.201486e+01,2.204932e+01,2.198729e+01,2.198039e+01,2.206310e+01,2.213886e+01,2.207688e+01,2.206999e+01,2.211821e+01,2.208377e+01,2.199418e+01,2.213198e+01,2.206310e+01,2.198039e+01,2.193211e+01,2.202865e+01,2.198039e+01,2.199418e+01,2.184929e+01,2.213198e+01,2.215952e+01,2.203554e+01,2.215952e+01,2.199418e+01,2.204932e+01,2.214575e+01,2.209755e+01,2.206999e+01,2.207688e+01,2.205621e+01,2.206310e+01,2.207688e+01,2.206310e+01,2.207688e+01,2.179404e+01,2.158659e+01,2.164195e+01,2.163503e+01,2.166270e+01,2.149656e+01,2.171111e+01,2.170420e+01,2.164195e+01,2.173185e+01,2.180786e+01,2.178713e+01,2.173876e+01,2.178713e+01,2.166962e+01,2.164887e+01,2.163503e+01,2.155197e+01,2.148963e+01,2.147577e+01,2.139952e+01,2.169037e+01,2.234520e+01,2.240702e+01,2.231084e+01,2.233833e+01,2.231084e+01,2.234520e+01,2.236581e+01,2.242075e+01,2.235894e+01,2.236581e+01,2.244135e+01,2.240702e+01,2.235894e+01,2.235894e+01,2.231771e+01,2.236581e+01,2.237955e+01,2.234520e+01,2.232458e+01,2.230396e+01,2.234520e+01,2.231771e+01,2.223520e+01,2.226959e+01,2.228334e+01,2.234520e+01,2.235207e+01,2.227647e+01,2.209066e+01,2.206999e+01,2.208377e+01,2.206999e+01,2.219393e+01,2.211821e+01,2.223520e+01,2.224896e+01,2.223520e+01,2.231771e+01,2.225584e+01,2.244135e+01,2.246194e+01,2.248252e+01,2.248252e+01,2.250997e+01,2.248939e+01,2.248252e+01,2.267447e+01,2.270187e+01,2.259225e+01,2.234520e+01,2.190451e+01,2.164887e+01,2.166962e+01,2.172494e+01,2.257854e+01,2.296173e+01,2.314597e+01,2.317323e+01,2.316642e+01,2.313233e+01,2.332988e+01,2.296173e+01,2.225584e+01,2.155197e+01,2.142032e+01,2.146884e+01,2.140645e+01,2.140645e+01,2.142032e+01,2.132320e+01,2.148270e+01,2.196660e+01,2.285239e+01,2.300270e+01,2.269502e+01,2.272925e+01,2.194591e+01,2.154505e+01,2.148270e+01,2.147577e+01,2.151734e+01,2.150349e+01,2.139952e+01,2.148270e+01,2.153812e+01,2.162811e+01,2.166270e+01,2.163503e+01,2.169037e+01,2.165579e+01,2.170420e+01,2.171111e+01,2.166962e+01,2.169037e+01,2.175949e+01,2.168345e+01,2.166270e+01,2.166270e+01,2.171111e+01,2.169728e+01,2.168345e+01,2.166962e+01,2.167654e+01,2.172494e+01,2.152427e+01,2.153812e+01,2.164195e+01,2.153812e+01,2.166270e+01,2.162811e+01,2.156582e+01,2.164887e+01,2.164887e+01,2.169037e+01,2.166270e+01,2.171111e+01,2.162119e+01,2.160735e+01,2.170420e+01,2.164195e+01,2.155890e+01,2.171802e+01,2.167654e+01,2.168345e+01,2.168345e+01,2.175949e+01,2.172494e+01,2.171802e+01,2.172494e+01,2.161427e+01,2.174567e+01,2.160043e+01,2.163503e+01,2.161427e+01,2.167654e+01,2.156582e+01,2.161427e+01,2.162811e+01,2.158659e+01,2.146191e+01,2.149656e+01,2.153812e+01,2.145498e+01,2.151042e+01,2.137177e+01,2.137177e+01,2.143419e+01,2.146884e+01,2.142725e+01,2.136484e+01,2.142032e+01,2.144805e+01,2.142725e+01,2.132320e+01,2.133014e+01,2.128156e+01,2.144112e+01,2.131626e+01,2.136484e+01,2.135096e+01,2.133708e+01,2.135096e+01,2.132320e+01,2.135096e+01,2.141339e+01,2.144805e+01,2.133014e+01,2.140645e+01,2.133708e+01,2.144805e+01,2.138565e+01,2.140645e+01,2.139952e+01,2.145498e+01,2.135790e+01,2.141339e+01,2.144805e+01,2.139258e+01,2.141339e+01,2.139952e+01,2.127461e+01,2.128850e+01,2.130932e+01,2.138565e+01,2.128850e+01,2.150349e+01,2.130932e+01,2.128850e+01,2.137871e+01,2.129544e+01,2.147577e+01,2.160735e+01,2.180095e+01,2.198729e+01,2.204243e+01,2.205621e+01,2.203554e+01,2.202865e+01,2.209755e+01,2.207688e+01,2.213198e+01,2.220081e+01,2.209066e+01,2.202176e+01,2.215263e+01,2.204243e+01,2.201486e+01,2.214575e+01,2.194591e+01,2.200107e+01,2.211132e+01,2.204932e+01,2.206999e+01,2.206310e+01,2.208377e+01,2.211821e+01,2.211132e+01,2.206310e+01,2.224208e+01,2.231084e+01,2.220769e+01,2.224896e+01,2.229022e+01,2.242762e+01,2.231084e+01,2.230396e+01,2.240015e+01,2.240702e+01,2.253055e+01,2.239328e+01,2.240702e+01,2.249625e+01,2.244821e+01,2.241389e+01,2.251683e+01,2.253055e+01,2.244821e+01,2.253055e+01,2.250311e+01,2.237955e+01,2.232458e+01,2.244135e+01,2.246194e+01,2.237955e+01,2.244135e+01,2.246194e+01,2.241389e+01,2.261967e+01,2.241389e+01,2.242075e+01,2.239328e+01,2.250997e+01,2.240015e+01,2.248252e+01,2.242075e+01,2.246194e+01,2.244135e+01,2.237955e+01,2.235894e+01,2.235894e+01,2.234520e+01,2.233833e+01,2.234520e+01,2.233146e+01,2.224208e+01,2.233833e+01,2.220769e+01,2.219393e+01,2.218016e+01,2.213198e+01,2.210443e+01,2.216640e+01,2.218016e+01,2.227647e+01,2.215952e+01,2.210443e+01,2.213198e+01,2.202865e+01,2.211821e+01,2.209755e+01,2.209066e+01,2.206999e+01,2.208377e+01,2.211132e+01,2.211132e+01,2.213886e+01,2.205621e+01,2.210443e+01,2.210443e+01,2.208377e+01,2.218705e+01,2.218016e+01,2.222145e+01,2.215952e+01,2.214575e+01,2.220769e+01,2.219393e+01,2.218705e+01,2.221457e+01,2.225584e+01,2.215952e+01,2.216640e+01,2.220081e+01,2.216640e+01,2.220081e+01,2.239328e+01,2.226271e+01,2.224896e+01,2.230396e+01,2.224896e+01,2.226271e+01,2.224896e+01,2.211132e+01,2.226959e+01,2.230396e+01,2.229022e+01,2.230396e+01,2.231771e+01,2.218016e+01,2.229022e+01,2.226959e+01,2.211821e+01,2.226271e+01,2.226959e+01,2.240702e+01,2.236581e+01,2.234520e+01,2.234520e+01,2.226959e+01,2.236581e+01,2.240702e+01,2.227647e+01,2.229709e+01,2.233146e+01,2.240015e+01,2.252369e+01,2.250997e+01,2.229022e+01,2.240702e+01,2.235207e+01,2.252369e+01,2.236581e+01,2.247566e+01,2.242762e+01,2.230396e+01,2.238642e+01,2.229022e+01
2.191831e+01,2.189761e+01,2.182858e+01,2.191141e+01,2.189071e+01,2.189071e+01,2.180786e+01,2.191831e+01,2.187000e+01,2.202176e+01,2.202176e+01,2.191831e+01,2.194591e+01,2.192521e+01,2.189071e+01,2.214575e+01,2.203554e+01,2.202176e+01,2.204243e+01,2.195280e+01,2.200797e+01,2.204932e+01,2.197349e+01,2.198039e+01,2.213198e+01,2.203554e+01,2.211132e+01,2.204932e+01,2.208377e+01,2.213198e+01,2.210443e+01,2.208377e+01,2.191141e+01,2.202176e+01,2.198729e+01,2.197349e+01,2.196660e+01,2.206310e+01,2.191141e+01,2.206999e+01,2.202176e+01,2.201486e+01,2.200107e+01,2.193901e+01,2.202865e+01,2.188381e+01,2.202176e+01,2.204243e+01,2.211132e+01,2.206999e+01,2.206999e+01,2.207688e+01,2.206999e+01,2.215952e+01,2.214575e+01,2.205621e+01,2.218705e+01,2.209755e+01,2.221457e+01,2.217328e+01,2.215952e+01,2.211132e+01,2.215263e+01,2.224896e+01,2.226959e+01,2.218016e+01,2.229709e+01,2.223520e+01,2.227647e+01,2.236581e+01,2.237268e+01,2.231771e+01,2.239328e+01,2.240702e+01,2.240015e+01,2.237955e+01,2.239328e+01,2.242762e+01,2.242762e+01,2.237955e+01,2.244135e+01,2.247566e+01,2.242762e+01,2.248252e+01,2.250997e+01,2.246194e+01,2.248939e+01,2.253741e+01,2.248252e+01,2.247566e+01,2.248939e+01,2.246880e+01,2.250311e+01,2.256483e+01,2.255112e+01,2.237955e+01,2.234520e+01,2.250311e+01,2.253741e+01,2.259911e+01,2.241389e+01,2.238642e+01,2.242075e+01,2.244135e+01,2.240015e+01,2.237955e+01,2.243448e+01,2.247566e+01,2.247566e+01,2.234520e+01,2.233833e+01,2.241389e+01,2.241389e+01,2.244135e+01,2.235207e+01,2.226271e+01,2.235207e+01,2.233833e+01,2.243448e+01,2.233833e+01,2.240015e+01,2.235894e+01,2.234520e+01,2.241389e+01,2.237955e+01,2.240015e+01,2.235207e+01,2.242075e+01,2.234520e+01,2.231084e+01,2.231771e+01,2.233833e+01,2.235894e+01,2.238642e+01,2.224896e+01,2.233833e+01,2.226271e+01,2.233146e+01,2.229022e+01,2.226271e+01,2.222145e+01,2.224208e+01,2.224896e+01,2.224896e+01,2.229022e+01,2.233146e+01,2.231084e+01,2.231771e+01,2.229709e+01,2.231771e+01,2.221457e+01,2.218705e+01,2.231084e+01,2.233833e+01,2.240702e+01,2.233833e+01,2.226959e+01,2.234520e+01,2.232458e+01,2.232458e+01,2.239328e+01,2.236581e+01,2.237268e+01,2.242762e+01,2.241389e+01,2.242075e+01,2.239328e+01,2.237268e+01,2.237268e+01,2.239328e+01,2.237955e+01,2.244821e+01,2.246194e+01,2.245507e+01,2.240702e+01,2.246880e+01,2.246194e+01,2.251683e+01,2.247566e+01,2.253741e+01,2.255112e+01,2.242075e+01,2.247566e+01,2.248939e+01,2.249625e+01,2.244135e+01,2.259225e+01,2.248939e+01,2.256483e+01,2.259225e+01,2.250311e+01,2.248252e+01,2.248252e+01,2.250311e+01,2.247566e+01,2.249625e+01,2.248939e+01,2.245507e+01,2.253741e+01,2.254426e+01,2.249625e+01,2.252369e+01,2.243448e+01,2.250311e+01,2.218705e+01,2.208377e+01,2.189071e+01,2.155197e+01,2.137871e+01,2.150349e+01,2.149656e+01,2.155890e+01,2.159351e+01,2.164195e+01,2.164195e+01,2.155197e+01,2.174567e+01,2.180095e+01,2.180095e+01,2.180786e+01,2.183548e+01,2.182167e+01,2.181476e+01,2.175258e+01,2.180095e+01,2.180095e+01,2.181476e+01,2.178713e+01,2.182167e+01,2.195970e+01,2.201486e+01,2.198039e+01,2.173185e+01,2.173876e+01,2.167654e+01,2.174567e+01,2.177332e+01,2.206310e+01,2.200797e+01,2.186310e+01,2.206310e+01,2.206999e+01,2.209755e+01,2.204243e+01,2.205621e+01,2.202865e+01,2.205621e+01,2.206999e+01,2.200797e+01,2.193901e+01,2.190451e+01,2.190451e+01,2.195970e+01,2.199418e+01,2.202865e+01,2.212509e+01,2.210443e+01,2.217328e+01,2.219393e+01,2.218705e+01,2.204932e+01,2.203554e+01,2.205621e+01,2.211132e+01,2.209066e+01,2.213886e+01,2.221457e+01,2.217328e+01,2.208377e+01,2.204243e+01,2.182167e+01,2.160043e+01,2.160735e+01,2.162811e+01,2.171802e+01,2.176641e+01,2.171802e+01,2.169728e+01,2.175949e+01,2.178713e+01,2.168345e+01,2.172494e+01,2.177332e+01,2.175949e+01,2.168345e+01,2.174567e+01,2.160043e+01,2.167654e+01,2.164887e+01,2.162811e+01,2.163503e+01,2.165579e+01,2.218705e+01,2.237268e+01,2.239328e+01,2.234520e+01,2.238642e+01,2.242075e+01,2.233146e+01,2.242075e+01,2.239328e+01,2.238642e+01,2.240702e+01,2.244821e+01,2.246194e+01,2.242075e+01,2.243448e+01,2.233833e+01,2.244135e+01,2.229709e+01,2.230396e+01,2.233146e+01,2.233146e+01,2.230396e+01,2.228334e+01,2.224208e+01,2.224208e+01,2.234520e+01,2.231084e+01,2.235207e+01,2.233146e+01,2.233146e+01,2.227647e+01,2.229022e+01,2.228334e+01,2.232458e+01,2.218016e+01,2.242075e+01,2.224896e+01,2.228334e+01,2.239328e+01,2.230396e+01,2.231771e+01,2.236581e+01,2.231771e+01,2.233833e+01,2.253055e+01,2.250311e+01,2.250311e+01,2.257169e+01,2.250311e+01,2.253741e+01,2.244135e+01,2.231084e+01,2.171802e+01,2.166270e+01,2.167654e+01,2.203554e+01,2.261282e+01,2.309823e+01,2.313233e+01,2.294807e+01,2.295490e+01,2.279768e+01,2.218705e+01,2.172494e+01,2.142725e+01,2.137177e+01,2.137177e+01,2.137871e+01,2.138565e+01,2.137871e+01,2.152427e+01,2.193901e+01,2.266763e+01,2.283188e+01,2.288657e+01,2.286607e+01,2.255798e+01,2.195970e+01,2.148270e+01,2.143419e+01,2.140645e+01,2.142725e+01,2.157274e+01,2.150349e+01,2.163503e+01,2.162119e+01,2.157967e+01,2.158659e+01,2.164195e+01,2.164887e+01,2.168345e+01,2.164887e+01,2.165579e+01,2.166962e+01,2.172494e+01,2.168345e+01,2.164887e+01,2.166270e+01,2.166962e+01,2.165579e+01,2.168345e+01,2.175949e+01,2.173185e+01,2.158659e+01,2.162811e+01,2.162119e+01,2.161427e+01,2.156582e+01,2.153119e+01,2.160735e+01,2.160043e+01,2.164887e+01,2.158659e+01,2.161427e+01,2.167654e+01,2.164887e+01,2.160735e+01,2.165579e+01,2.164195e+01,2.158659e+01,2.162811e+01,2.169728e+01,2.160735e+01,2.163503e+01,2.167654e+01,2.168345e+01,2.169728e+01,2.160043e+01,2.168345e+01,2.157274e+01,2.166270e+01,2.169037e+01,2.162811e+01,2.164195e+01,2.160735e+01,2.163503e+01,2.163503e+01,2.160735e+01,2.162119e+01,2.157967e+01,2.158659e+01,2.147577e+01,2.149656e+01,2.144805e+01,2.146884e+01,2.144805e+01,2.138565e+01,2.144805e+01,2.144112e+01,2.133708e+01,2.131626e+01,2.139952e+01,2.138565e+01,2.138565e+01,2.137177e+01,2.133708e+01,2.133708e+01,2.137871e+01,2.133708e+01,2.130238e+01,2.129544e+01,2.129544e+01,2.135096e+01,2.142032e+01,2.134402e+01,2.130238e+01,2.139952e+01,2.131626e+01,2.141339e+01,2.132320e+01,2.149656e+01,2.126072e+01,2.135790e+01,2.137871e+01,2.142725e+01,2.142725e+01,2.119126e+01,2.142032e+01,2.136484e+01,2.134402e+01,2.140645e+01,2.133014e+01,2.134402e+01,2.125378e+01,2.131626e+01,2.128850e+01,2.137871e+01,2.134402e+01,2.137177e+01,2.134402e+01,2.135790e+01,2.127461e+01,2.137177e+01,2.142725e+01,2.162119e+01,2.171802e+01,2.195970e+01,2.200797e+01,2.204243e+01,2.203554e+01,2.208377e+01,2.220081e+01,2.207688e+01,2.215263e+01,2.194591e+01,2.211132e+01,2.209755e+01,2.202176e+01,2.209066e+01,2.195280e+01,2.217328e+01,2.214575e+01,2.208377e+01,2.212509e+01,2.211821e+01,2.205621e+01,2.211132e+01,2.206310e+01,2.211132e+01,2.220081e+01,2.224208e+01,2.226271e+01,2.245507e+01,2.233146e+01,2.230396e+01,2.235894e+01,2.239328e+01,2.236581e+01,2.240015e+01,2.247566e+01,2.243448e+01,2.244821e+01,2.242762e+01,2.246194e+01,2.237955e+01,2.240015e+01,2.252369e+01,2.250997e+01,2.256483e+01,2.257169e+01,2.235894e+01,2.244135e+01,2.248252e+01,2.246880e+01,2.239328e+01,2.238642e+01,2.260596e+01,2.243448e+01,2.245507e+01,2.244135e+01,2.249625e+01,2.242762e+01,2.239328e+01,2.249625e+01,2.242762e+01,2.257854e+01,2.245507e+01,2.242075e+01,2.244135e+01,2.240015e+01,2.243448e+01,2.237268e+01,2.235894e+01,2.224208e+01,2.226271e+01,2.221457e+01,2.224208e+01,2.220769e+01,2.222145e+01,2.241389e+01,2.211821e+01,2.217328e+01,2.212509e+01,2.213198e+01,2.215263e+01,2.209755e+01,2.209066e+01,2.212509e+01,2.216640e+01,2.218016e+01,2.217328e+01,2.215263e+01,2.212509e+01,2.213886e+01,2.213886e+01,2.213886e+01,2.209066e+01,2.215263e+01,2.216640e+01,2.218016e+01,2.205621e+01,2.212509e+01,2.220769e+01,2.206310e+01,2.218705e+01,2.218016e+01,2.221457e+01,2.220081e+01,2.221457e+01,2.220081e+01,2.222833e+01,2.222833e+01,2.222145e+01,2.213198e+01,2.223520e+01,2.233833e+01,2.240015e+01,2.224208e+01,2.244135e+01,2.223520e+01,2.222833e+01,2.220769e+01,2.224208e+01,2.216640e+01,2.229022e+01,2.226959e+01,2.220081e+01,2.224896e+01,2.231084e+01,2.225584e+01,2.231084e+01,2.240702e+01,2.226271e+01,2.236581e+01,2.237268e+01,2.242762e+01,2.242762e+01,2.232458e+01,2.243448e+01,2.240702e+01,2.229709e+01,2.241389e+01,2.237268e+01,2.239328e+01,2.252369e+01,2.244821e+01,2.228334e+01,2.237268e+01,2.233146e+01,2.238642e+01,2.244135e+01,2.233146e+01,2.242762e+01,2.237268e+01,2.222833e+01,2.238642e+01,2.235207e+01,2.234520e+01
2.191141e+01,2.180786e+01,2.186310e+01,2.193901e+01,2.189071e+01,2.180786e+01,2.190451e+01,2.195970e+01,2.188381e+01,2.198039e+01,2.204932e+01,2.193901e+01,2.204932e+01,2.191831e+01,2.203554e+01,2.190451e+01,2.211821e+01,2.205621e+01,2.194591e+01,2.204932e+01,2.210443e+01,2.203554e+01,2.214575e+01,2.208377e+01,2.190451e+01,2.195280e+01,2.197349e+01,2.200107e+01,2.199418e+01,2.199418e+01,2.198729e+01,2.211821e+01,2.189071e+01,2.206999e+01,2.203554e+01,2.202865e+01,2.205621e+01,2.202865e+01,2.204932e+01,2.202176e+01,2.196660e+01,2.198039e+01,2.204932e+01,2.198039e+01,2.208377e+01,2.198729e+01,2.200107e+01,2.206999e+01,2.206999e+01,2.206999e+01,2.206310e+01,2.204932e+01,2.208377e+01,2.206310e+01,2.213886e+01,2.219393e+01,2.222833e+01,2.214575e+01,2.206310e+01,2.215952e+01,2.219393e+01,2.219393e+01,2.215952e+01,2.220081e+01,2.226959e+01,2.218705e+01,2.232458e+01,2.229022e+01,2.229709e+01,2.231084e+01,2.235894e+01,2.233833e+01,2.239328e+01,2.236581e+01,2.241389e+01,2.243448e+01,2.242762e+01,2.237268e+01,2.245507e+01,2.233833e+01,2.244821e+01,2.241389e+01,2.242762e+01,2.243448e+01,2.244135e+01,2.242075e+01,2.249625e+01,2.247566e+01,2.255112e+01,2.244821e+01,2.250997e+01,2.252369e+01,2.245507e+01,2.259911e+01,2.239328e+01,2.238642e+01,2.248252e+01,2.240702e+01,2.257854e+01,2.240015e+01,2.237268e+01,2.255112e+01,2.240015e+01,2.239328e+01,2.242762e+01,2.240015e+01,2.238642e+01,2.237955e+01,2.238642e+01,2.228334e+01,2.236581e+01,2.237955e+01,2.241389e+01,2.241389e+01,2.220769e+01,2.234520e+01,2.241389e+01,2.234520e+01,2.230396e+01,2.233146e+01,2.231771e+01,2.227647e+01,2.232458e+01,2.239328e+01,2.235207e+01,2.244135e+01,2.233146e+01,2.235894e+01,2.229709e+01,2.227647e+01,2.227647e+01,2.228334e+01,2.221457e+01,2.233833e+01,2.226271e+01,2.231084e+01,2.226959e+01,2.225584e+01,2.226959e+01,2.232458e+01,2.225584e+01,2.235894e+01,2.231084e+01,2.234520e+01,2.215952e+01,2.227647e+01,2.231771e+01,2.231084e+01,2.231771e+01,2.229022e+01,2.226271e+01,2.229022e+01,2.238642e+01,2.237955e+01,2.237955e+01,2.241389e+01,2.231084e+01,2.229709e+01,2.235207e+01,2.232458e+01,2.238642e+01,2.238642e+01,2.244821e+01,2.241389e+01,2.241389e+01,2.240015e+01,2.240702e+01,2.248252e+01,2.241389e+01,2.240015e+01,2.246880e+01,2.240015e+01,2.235207e+01,2.246194e+01,2.242075e+01,2.248939e+01,2.253055e+01,2.253055e+01,2.242762e+01,2.244135e+01,2.244135e+01,2.245507e+01,2.252369e+01,2.249625e+01,2.250311e+01,2.231771e+01,2.247566e+01,2.259225e+01,2.251683e+01,2.246194e+01,2.250997e+01,2.250997e+01,2.248252e+01,2.253055e+01,2.250311e+01,2.253741e+01,2.244821e+01,2.253741e+01,2.253055e+01,2.239328e+01,2.242762e+01,2.246194e+01,2.237955e+01,2.213886e+01,2.213198e+01,2.171111e+01,2.159351e+01,2.154505e+01,2.155197e+01,2.143419e+01,2.160043e+01,2.151734e+01,2.157967e+01,2.160043e+01,2.152427e+01,2.171111e+01,2.166962e+01,2.177332e+01,2.172494e+01,2.183548e+01,2.182167e+01,2.184929e+01,2.184929e+01,2.184929e+01,2.189071e+01,2.188381e+01,2.185620e+01,2.196660e+01,2.184929e+01,2.201486e+01,2.191831e+01,2.171802e+01,2.178713e+01,2.162811e+01,2.173185e+01,2.163503e+01,2.177332e+01,2.178713e+01,2.203554e+01,2.201486e+01,2.183548e+01,2.207688e+01,2.210443e+01,2.209066e+01,2.198039e+01,2.217328e+01,2.205621e+01,2.199418e+01,2.193211e+01,2.191831e+01,2.190451e+01,2.193901e+01,2.172494e+01,2.201486e+01,2.214575e+01,2.222833e+01,2.222145e+01,2.215952e+01,2.220081e+01,2.219393e+01,2.218705e+01,2.215952e+01,2.215952e+01,2.213886e+01,2.204932e+01,2.206999e+01,2.198729e+01,2.209755e+01,2.213198e+01,2.193211e+01,2.166270e+01,2.162811e+01,2.158659e+01,2.164887e+01,2.164887e+01,2.171802e+01,2.174567e+01,2.171802e+01,2.174567e+01,2.171111e+01,2.174567e+01,2.181476e+01,2.175949e+01,2.180095e+01,2.181476e+01,2.157967e+01,2.164195e+01,2.166962e+01,2.155197e+01,2.157274e+01,2.165579e+01,2.190451e+01,2.225584e+01,2.231771e+01,2.229022e+01,2.231771e+01,2.237268e+01,2.240015e+01,2.242075e+01,2.236581e+01,2.237955e+01,2.244821e+01,2.238642e+01,2.247566e+01,2.231771e+01,2.233833e+01,2.242075e+01,2.230396e+01,2.231084e+01,2.233833e+01,2.235207e+01,2.236581e+01,2.231084e+01,2.231771e+01,2.236581e+01,2.223520e+01,2.229022e+01,2.229022e+01,2.226271e+01,2.229709e+01,2.216640e+01,2.227647e+01,2.232458e+01,2.223520e+01,2.227647e+01,2.242075e+01,2.237955e+01,2.227647e+01,2.229709e+01,2.235207e+01,2.229709e+01,2.224208e+01,2.242762e+01,2.220081e+01,2.221457e+01,2.242762e+01,2.232458e+01,2.244821e+01,2.244821e+01,2.256483e+01,2.258540e+01,2.251683e+01,2.261282e+01,2.259911e+01,2.229022e+01,2.154505e+01,2.146884e+01,2.171802e+01,2.211821e+01,2.267447e+01,2.292757e+01,2.286607e+01,2.263337e+01,2.204243e+01,2.155197e+01,2.135790e+01,2.144112e+01,2.146191e+01,2.143419e+01,2.128850e+01,2.142725e+01,2.135096e+01,2.186310e+01,2.242762e+01,2.260596e+01,2.283188e+01,2.284555e+01,2.262652e+01,2.239328e+01,2.192521e+01,2.155890e+01,2.134402e+01,2.146884e+01,2.135790e+01,2.142725e+01,2.146191e+01,2.147577e+01,2.164195e+01,2.162811e+01,2.168345e+01,2.162811e+01,2.159351e+01,2.164195e+01,2.168345e+01,2.165579e+01,2.168345e+01,2.173876e+01,2.169037e+01,2.167654e+01,2.166962e+01,2.166270e+01,2.166270e+01,2.166962e+01,2.161427e+01,2.163503e+01,2.163503e+01,2.155890e+01,2.159351e+01,2.156582e+01,2.160043e+01,2.151042e+01,2.160735e+01,2.165579e+01,2.162811e+01,2.154505e+01,2.160043e+01,2.169037e+01,2.162811e+01,2.162811e+01,2.158659e+01,2.159351e+01,2.157967e+01,2.171111e+01,2.160043e+01,2.174567e+01,2.168345e+01,2.165579e+01,2.169037e+01,2.166962e+01,2.171802e+01,2.169728e+01,2.173185e+01,2.166270e+01,2.157274e+01,2.165579e+01,2.158659e+01,2.160043e+01,2.180095e+01,2.161427e+01,2.151734e+01,2.162119e+01,2.151734e+01,2.153119e+01,2.152427e+01,2.153119e+01,2.139258e+01,2.140645e+01,2.152427e+01,2.135096e+01,2.133708e+01,2.133708e+01,2.142032e+01,2.137177e+01,2.134402e+01,2.131626e+01,2.134402e+01,2.130238e+01,2.143419e+01,2.134402e+01,2.129544e+01,2.130932e+01,2.135790e+01,2.130932e+01,2.132320e+01,2.133014e+01,2.131626e+01,2.132320e+01,2.132320e+01,2.133014e+01,2.138565e+01,2.135790e+01,2.144805e+01,2.130932e+01,2.137177e+01,2.141339e+01,2.136484e+01,2.139258e+01,2.139258e+01,2.142725e+01,2.130238e+01,2.142032e+01,2.135790e+01,2.140645e+01,2.133014e+01,2.133708e+01,2.125378e+01,2.119820e+01,2.122600e+01,2.127461e+01,2.123989e+01,2.137871e+01,2.121210e+01,2.128850e+01,2.121905e+01,2.119126e+01,2.112174e+01,2.150349e+01,2.175949e+01,2.187000e+01,2.202865e+01,2.202865e+01,2.201486e+01,2.218016e+01,2.206999e+01,2.206310e+01,2.211821e+01,2.215263e+01,2.206310e+01,2.210443e+01,2.206310e+01,2.201486e+01,2.209755e+01,2.212509e+01,2.213198e+01,2.209066e+01,2.211132e+01,2.206999e+01,2.210443e+01,2.216640e+01,2.204932e+01,2.222145e+01,2.229022e+01,2.233146e+01,2.229709e+01,2.230396e+01,2.226959e+01,2.235207e+01,2.232458e+01,2.235207e+01,2.248939e+01,2.246880e+01,2.242762e+01,2.245507e+01,2.241389e+01,2.235894e+01,2.247566e+01,2.248252e+01,2.240015e+01,2.246880e+01,2.244135e+01,2.242762e+01,2.253741e+01,2.246194e+01,2.248939e+01,2.247566e+01,2.247566e+01,2.232458e+01,2.244821e+01,2.244135e+01,2.246194e+01,2.242075e+01,2.245507e+01,2.242075e+01,2.250997e+01,2.244135e+01,2.250997e+01,2.242762e+01,2.247566e+01,2.240702e+01,2.245507e+01,2.244821e+01,2.240015e+01,2.235894e+01,2.234520e+01,2.243448e+01,2.232458e+01,2.230396e+01,2.231771e+01,2.231084e+01,2.220769e+01,2.222833e+01,2.211132e+01,2.216640e+01,2.211132e+01,2.209755e+01,2.212509e+01,2.206310e+01,2.215952e+01,2.209066e+01,2.209755e+01,2.213198e+01,2.205621e+01,2.215263e+01,2.214575e+01,2.215263e+01,2.213886e+01,2.229709e+01,2.213198e+01,2.209066e+01,2.213198e+01,2.218016e+01,2.206999e+01,2.204932e+01,2.220081e+01,2.216640e+01,2.211132e+01,2.222833e+01,2.213198e+01,2.218705e+01,2.220769e+01,2.233146e+01,2.220769e+01,2.220769e+01,2.225584e+01,2.225584e+01,2.220081e+01,2.230396e+01,2.227647e+01,2.225584e+01,2.240015e+01,2.225584e+01,2.225584e+01,2.225584e+01,2.224896e+01,2.224208e+01,2.222833e+01,2.226271e+01,2.229709e+01,2.232458e+01,2.251683e+01,2.232458e+01,2.223520e+01,2.233146e+01,2.240015e+01,2.226959e+01,2.229022e+01,2.240702e+01,2.226959e+01,2.244821e+01,2.227647e+01,2.239328e+01,2.233146e+01,2.244821e+01,2.240702e+01,2.241389e+01,2.243448e+01,2.237268e+01,2.248252e+01,2.253741e+01,2.233146e+01,2.237268e+01,2.236581e+01,2.246194e+01,2.243448e+01,2.237268e+01,2.236581e+01,2.236581e+01,2.229022e+01,2.234520e+01,2.230396e+01
2.191831e+01,2.193901e+01,2.183548e+01,2.179404e+01,2.193901e+01,2.179404e+01,2.187000e+01,2.193901e+01,2.196660e+01,2.195280e+01,2.197349e+01,2.189761e+01,2.195280e+01,2.199418e+01,2.189071e+01,2.211132e+01,2.191141e+01,2.198039e+01,2.209755e+01,2.205621e+01,2.195970e+01,2.203554e+01,2.206999e+01,2.205621e+01,2.201486e+01,2.196660e+01,2.200797e+01,2.198729e+01,2.211132e+01,2.204243e+01,2.199418e+01,2.202176e+01,2.206310e+01,2.209755e+01,2.202176e+01,2.202176e+01,2.202176e+01,2.202865e+01,2.199418e+01,2.197349e+01,2.204932e+01,2.200107e+01,2.202176e+01,2.202176e+01,2.203554e+01,2.209755e+01,2.204243e+01,2.216640e+01,2.206999e+01,2.206310e+01,2.206310e+01,2.209755e+01,2.209066e+01,2.207688e+01,2.209066e+01,2.213886e+01,2.222833e+01,2.197349e+01,2.215952e+01,2.201486e+01,2.215263e+01,2.218705e+01,2.219393e+01,2.223520e+01,2.213198e+01,2.224896e+01,2.221457e+01,2.230396e+01,2.226959e+01,2.228334e+01,2.237268e+01,2.236581e+01,2.242075e+01,2.226959e+01,2.240702e+01,2.238642e+01,2.235207e+01,2.233146e+01,2.235207e+01,2.244821e+01,2.233146e+01,2.250997e+01,2.244135e+01,2.231771e+01,2.243448e+01,2.249625e+01,2.248939e+01,2.250311e+01,2.249625e+01,2.242762e+01,2.248252e+01,2.245507e+01,2.248939e+01,2.236581e+01,2.240015e+01,2.237955e+01,2.240015e+01,2.229022e+01,2.250997e+01,2.240015e+01,2.249625e+01,2.229709e+01,2.239328e+01,2.228334e+01,2.239328e+01,2.235207e+01,2.231084e+01,2.234520e+01,2.235894e+01,2.229022e+01,2.228334e+01,2.236581e+01,2.229709e+01,2.226959e+01,2.231084e+01,2.231084e+01,2.231771e+01,2.231771e+01,2.229022e+01,2.228334e+01,2.220081e+01,2.223520e+01,2.229709e+01,2.238642e+01,2.231084e+01,2.228334e+01,2.229022e+01,2.243448e+01,2.226959e+01,2.229709e+01,2.233833e+01,2.238642e+01,2.229022e+01,2.225584e+01,2.231771e+01,2.229022e+01,2.230396e+01,2.221457e+01,2.227647e+01,2.226271e+01,2.222833e+01,2.224896e+01,2.235207e+01,2.231771e+01,2.229022e+01,2.226271e+01,2.230396e+01,2.231771e+01,2.229709e+01,2.232458e+01,2.232458e+01,2.233146e+01,2.248939e+01,2.237268e+01,2.236581e+01,2.232458e+01,2.230396e+01,2.228334e+01,2.240702e+01,2.236581e+01,2.240702e+01,2.237955e+01,2.245507e+01,2.246880e+01,2.243448e+01,2.242075e+01,2.240702e+01,2.243448e+01,2.240015e+01,2.242762e+01,2.241389e+01,2.245507e+01,2.242762e+01,2.248252e+01,2.242075e+01,2.242075e+01,2.250311e+01,2.246880e+01,2.242075e+01,2.240015e+01,2.247566e+01,2.263337e+01,2.241389e+01,2.248939e+01,2.252369e+01,2.251683e+01,2.248252e+01,2.252369e+01,2.250997e+01,2.251683e+01,2.250997e+01,2.244821e+01,2.247566e+01,2.250997e+01,2.244135e+01,2.246880e+01,2.253055e+01,2.242762e+01,2.244821e+01,2.246194e+01,2.244135e+01,2.231771e+01,2.218016e+01,2.214575e+01,2.179404e+01,2.155197e+01,2.145498e+01,2.144805e+01,2.148963e+01,2.139952e+01,2.157967e+01,2.162119e+01,2.152427e+01,2.153812e+01,2.166270e+01,2.154505e+01,2.160735e+01,2.166270e+01,2.171802e+01,2.173185e+01,2.182858e+01,2.183548e+01,2.182858e+01,2.184929e+01,2.189761e+01,2.187691e+01,2.188381e+01,2.180786e+01,2.184929e+01,2.191141e+01,2.177332e+01,2.173185e+01,2.191141e+01,2.178713e+01,2.167654e+01,2.177332e+01,2.180095e+01,2.178022e+01,2.202176e+01,2.198039e+01,2.198729e+01,2.203554e+01,2.191141e+01,2.201486e+01,2.203554e+01,2.201486e+01,2.210443e+01,2.200107e+01,2.190451e+01,2.178022e+01,2.178022e+01,2.173185e+01,2.147577e+01,2.168345e+01,2.205621e+01,2.217328e+01,2.221457e+01,2.217328e+01,2.214575e+01,2.210443e+01,2.218016e+01,2.209066e+01,2.217328e+01,2.206310e+01,2.213886e+01,2.209066e+01,2.206999e+01,2.206999e+01,2.211132e+01,2.170420e+01,2.164887e+01,2.161427e+01,2.165579e+01,2.171111e+01,2.182167e+01,2.173185e+01,2.193211e+01,2.165579e+01,2.173185e+01,2.178022e+01,2.185620e+01,2.175949e+01,2.177332e+01,2.179404e+01,2.172494e+01,2.167654e+01,2.159351e+01,2.161427e+01,2.153812e+01,2.171802e+01,2.220081e+01,2.228334e+01,2.234520e+01,2.239328e+01,2.235207e+01,2.242075e+01,2.241389e+01,2.233833e+01,2.240702e+01,2.240702e+01,2.240702e+01,2.242075e+01,2.238642e+01,2.238642e+01,2.235207e+01,2.237268e+01,2.236581e+01,2.232458e+01,2.231771e+01,2.231084e+01,2.229709e+01,2.227647e+01,2.233146e+01,2.233146e+01,2.226959e+01,2.231771e+01,2.235207e+01,2.233146e+01,2.226959e+01,2.224896e+01,2.235894e+01,2.225584e+01,2.225584e+01,2.232458e+01,2.230396e+01,2.224896e+01,2.231771e+01,2.220081e+01,2.232458e+01,2.235207e+01,2.228334e+01,2.226271e+01,2.233833e+01,2.234520e+01,2.232458e+01,2.230396e+01,2.242075e+01,2.245507e+01,2.237955e+01,2.242075e+01,2.250311e+01,2.261967e+01,2.247566e+01,2.242762e+01,2.225584e+01,2.160043e+01,2.161427e+01,2.166270e+01,2.174567e+01,2.224896e+01,2.264022e+01,2.229709e+01,2.200797e+01,2.168345e+01,2.152427e+01,2.148270e+01,2.135096e+01,2.144112e+01,2.130238e+01,2.128156e+01,2.141339e+01,2.210443e+01,2.249625e+01,2.257169e+01,2.253741e+01,2.259225e+01,2.261282e+01,2.257854e+01,2.239328e+01,2.176641e+01,2.139258e+01,2.138565e+01,2.143419e+01,2.144112e+01,2.144112e+01,2.150349e+01,2.136484e+01,2.155197e+01,2.153812e+01,2.153119e+01,2.156582e+01,2.168345e+01,2.153812e+01,2.165579e+01,2.164887e+01,2.167654e+01,2.168345e+01,2.164195e+01,2.168345e+01,2.168345e+01,2.166962e+01,2.167654e+01,2.165579e+01,2.155197e+01,2.169037e+01,2.163503e+01,2.153119e+01,2.157967e+01,2.153812e+01,2.155890e+01,2.161427e+01,2.160043e+01,2.157274e+01,2.166962e+01,2.160735e+01,2.160735e+01,2.169728e+01,2.162119e+01,2.157274e+01,2.157274e+01,2.164887e+01,2.160043e+01,2.159351e+01,2.161427e+01,2.168345e+01,2.165579e+01,2.156582e+01,2.168345e+01,2.171111e+01,2.169728e+01,2.155890e+01,2.156582e+01,2.159351e+01,2.169037e+01,2.158659e+01,2.161427e+01,2.161427e+01,2.151734e+01,2.159351e+01,2.152427e+01,2.157274e+01,2.157967e+01,2.164887e+01,2.144112e+01,2.142725e+01,2.136484e+01,2.146884e+01,2.138565e+01,2.136484e+01,2.132320e+01,2.138565e+01,2.128850e+01,2.135790e+01,2.137177e+01,2.135790e+01,2.135790e+01,2.137871e+01,2.142032e+01,2.131626e+01,2.132320e+01,2.133014e+01,2.132320e+01,2.130932e+01,2.130932e+01,2.130238e+01,2.127461e+01,2.130238e+01,2.131626e+01,2.130238e+01,2.130932e+01,2.130238e+01,2.129544e+01,2.140645e+01,2.128850e+01,2.141339e+01,2.144112e+01,2.134402e+01,2.135790e+01,2.126767e+01,2.134402e+01,2.130932e+01,2.134402e+01,2.132320e+01,2.133014e+01,2.124683e+01,2.115650e+01,2.116345e+01,2.123989e+01,2.129544e+01,2.121905e+01,2.121210e+01,2.116345e+01,2.120515e+01,2.103826e+01,2.117041e+01,2.116345e+01,2.139258e+01,2.142725e+01,2.191141e+01,2.187691e+01,2.202865e+01,2.198039e+01,2.204243e+01,2.209755e+01,2.204243e+01,2.217328e+01,2.201486e+01,2.209066e+01,2.202176e+01,2.201486e+01,2.202865e+01,2.208377e+01,2.203554e+01,2.209755e+01,2.201486e+01,2.206999e+01,2.203554e+01,2.215952e+01,2.212509e+01,2.222145e+01,2.213198e+01,2.230396e+01,2.226271e+01,2.230396e+01,2.229022e+01,2.226271e+01,2.229709e+01,2.232458e+01,2.240702e+01,2.242762e+01,2.239328e+01,2.241389e+01,2.244821e+01,2.231771e+01,2.244135e+01,2.244821e+01,2.242075e+01,2.250311e+01,2.244135e+01,2.254426e+01,2.235894e+01,2.244821e+01,2.247566e+01,2.246880e+01,2.246880e+01,2.250997e+01,2.237955e+01,2.245507e+01,2.243448e+01,2.242762e+01,2.242075e+01,2.237955e+01,2.243448e+01,2.250311e+01,2.240702e+01,2.244135e+01,2.240702e+01,2.235894e+01,2.250311e+01,2.247566e+01,2.255112e+01,2.235894e+01,2.248939e+01,2.236581e+01,2.237955e+01,2.224896e+01,2.232458e+01,2.230396e+01,2.222833e+01,2.220769e+01,2.230396e+01,2.226271e+01,2.228334e+01,2.209066e+01,2.214575e+01,2.209755e+01,2.214575e+01,2.212509e+01,2.210443e+01,2.211132e+01,2.209066e+01,2.212509e+01,2.213198e+01,2.214575e+01,2.212509e+01,2.222145e+01,2.210443e+01,2.200797e+01,2.214575e+01,2.215263e+01,2.229709e+01,2.207688e+01,2.224896e+01,2.218016e+01,2.212509e+01,2.211821e+01,2.223520e+01,2.222145e+01,2.218705e+01,2.221457e+01,2.224208e+01,2.224896e+01,2.224208e+01,2.222145e+01,2.231084e+01,2.232458e+01,2.228334e+01,2.228334e+01,2.224896e+01,2.226271e+01,2.222145e+01,2.224896e+01,2.225584e+01,2.225584e+01,2.224208e+01,2.226271e+01,2.228334e+01,2.225584e+01,2.225584e+01,2.232458e+01,2.214575e+01,2.215952e+01,2.227647e+01,2.223520e+01,2.227647e+01,2.233833e+01,2.225584e+01,2.237955e+01,2.226959e+01,2.244135e+01,2.227647e+01,2.242762e+01,2.235894e+01,2.238642e+01,2.239328e+01,2.234520e+01,2.239328e+01,2.239328e+01,2.239328e+01,2.242075e+01,2.241389e+01,2.251683e+01,2.233833e+01,2.240015e+01,2.228334e+01,2.231084e+01,2.239328e+01,2.229709e+01,2.231771e+01,2.228334e+01
2.189761e+01,2.191141e+01,2.194591e+01,2.183548e+01,2.184239e+01,2.168345e+01,2.182858e+01,2.199418e+01,2.195280e+01,2.196660e+01,2.184929e+01,2.192521e+01,2.191831e+01,2.192521e+01,2.189071e+01,2.203554e+01,2.195280e+01,2.194591e+01,2.206999e+01,2.197349e+01,2.191141e+01,2.206310e+01,2.200797e+01,2.206310e+01,2.196660e+01,2.206310e+01,2.202176e+01,2.206999e+01,2.204932e+01,2.204932e+01,2.200107e+01,2.209755e+01,2.204932e+01,2.198729e+01,2.200107e+01,2.198039e+01,2.202176e+01,2.202865e+01,2.205621e+01,2.202176e+01,2.196660e+01,2.206310e+01,2.204932e+01,2.207688e+01,2.199418e+01,2.208377e+01,2.208377e+01,2.204243e+01,2.209755e+01,2.216640e+01,2.221457e+01,2.209066e+01,2.205621e+01,2.205621e+01,2.210443e+01,2.220081e+01,2.213198e+01,2.219393e+01,2.214575e+01,2.203554e+01,2.215263e+01,2.218705e+01,2.227647e+01,2.220769e+01,2.231084e+01,2.222833e+01,2.226959e+01,2.218016e+01,2.227647e+01,2.226959e+01,2.231771e+01,2.225584e+01,2.232458e+01,2.226959e+01,2.239328e+01,2.227647e+01,2.223520e+01,2.233833e+01,2.231771e+01,2.244135e+01,2.245507e+01,2.240015e+01,2.246880e+01,2.229022e+01,2.248939e+01,2.245507e+01,2.246194e+01,2.242762e+01,2.238642e+01,2.239328e+01,2.250997e+01,2.246194e+01,2.244135e+01,2.240702e+01,2.237955e+01,2.236581e+01,2.237268e+01,2.236581e+01,2.235894e+01,2.238642e+01,2.242075e+01,2.248252e+01,2.231084e+01,2.245507e+01,2.224208e+01,2.228334e+01,2.235894e+01,2.233146e+01,2.224896e+01,2.233833e+01,2.226959e+01,2.241389e+01,2.233146e+01,2.233146e+01,2.231084e+01,2.225584e+01,2.228334e+01,2.226959e+01,2.228334e+01,2.228334e+01,2.224896e+01,2.235207e+01,2.231084e+01,2.230396e+01,2.229709e+01,2.238642e+01,2.232458e+01,2.232458e+01,2.228334e+01,2.230396e+01,2.227647e+01,2.230396e+01,2.229709e+01,2.224896e+01,2.227647e+01,2.223520e+01,2.233833e+01,2.227647e+01,2.223520e+01,2.229022e+01,2.225584e+01,2.229709e+01,2.232458e+01,2.230396e+01,2.231771e+01,2.234520e+01,2.231771e+01,2.228334e+01,2.229022e+01,2.225584e+01,2.232458e+01,2.240702e+01,2.235894e+01,2.237268e+01,2.231771e+01,2.239328e+01,2.227647e+01,2.235894e+01,2.232458e+01,2.229709e+01,2.238642e+01,2.244821e+01,2.238642e+01,2.243448e+01,2.242075e+01,2.233833e+01,2.237955e+01,2.246194e+01,2.243448e+01,2.236581e+01,2.244821e+01,2.246880e+01,2.244821e+01,2.244135e+01,2.245507e+01,2.246880e+01,2.246194e+01,2.244821e+01,2.246880e+01,2.244821e+01,2.250311e+01,2.254426e+01,2.251683e+01,2.255112e+01,2.248252e+01,2.242762e+01,2.249625e+01,2.253055e+01,2.246880e+01,2.245507e+01,2.244821e+01,2.246880e+01,2.246880e+01,2.246880e+01,2.257169e+01,2.245507e+01,2.249625e+01,2.240015e+01,2.248939e+01,2.242075e+01,2.240015e+01,2.224896e+01,2.212509e+01,2.175258e+01,2.142725e+01,2.135790e+01,2.125378e+01,2.142725e+01,2.146884e+01,2.160043e+01,2.153119e+01,2.151042e+01,2.153119e+01,2.157274e+01,2.157274e+01,2.161427e+01,2.165579e+01,2.168345e+01,2.173185e+01,2.180095e+01,2.178022e+01,2.183548e+01,2.179404e+01,2.182167e+01,2.177332e+01,2.178713e+01,2.188381e+01,2.181476e+01,2.199418e+01,2.183548e+01,2.182858e+01,2.185620e+01,2.182167e+01,2.187000e+01,2.179404e+01,2.181476e+01,2.180786e+01,2.186310e+01,2.189761e+01,2.197349e+01,2.196660e+01,2.202176e+01,2.190451e+01,2.204243e+01,2.198729e+01,2.207688e+01,2.203554e+01,2.178022e+01,2.191831e+01,2.169728e+01,2.166962e+01,2.163503e+01,2.159351e+01,2.153119e+01,2.205621e+01,2.220081e+01,2.206999e+01,2.218705e+01,2.218016e+01,2.218705e+01,2.218016e+01,2.203554e+01,2.206310e+01,2.218016e+01,2.213198e+01,2.212509e+01,2.205621e+01,2.204932e+01,2.198039e+01,2.167654e+01,2.162119e+01,2.162811e+01,2.162811e+01,2.166962e+01,2.173876e+01,2.171111e+01,2.166270e+01,2.166962e+01,2.190451e+01,2.176641e+01,2.178022e+01,2.178713e+01,2.180786e+01,2.173185e+01,2.179404e+01,2.171802e+01,2.155890e+01,2.162119e+01,2.171802e+01,2.222145e+01,2.232458e+01,2.232458e+01,2.238642e+01,2.237955e+01,2.239328e+01,2.240702e+01,2.240015e+01,2.239328e+01,2.235207e+01,2.237955e+01,2.238642e+01,2.240015e+01,2.235207e+01,2.230396e+01,2.229022e+01,2.229022e+01,2.238642e+01,2.227647e+01,2.226959e+01,2.217328e+01,2.231771e+01,2.232458e+01,2.233833e+01,2.231771e+01,2.218016e+01,2.249625e+01,2.229709e+01,2.222833e+01,2.224896e+01,2.226959e+01,2.235894e+01,2.224208e+01,2.225584e+01,2.232458e+01,2.231771e+01,2.222833e+01,2.226959e+01,2.229709e+01,2.222833e+01,2.224208e+01,2.226959e+01,2.231084e+01,2.215263e+01,2.224896e+01,2.221457e+01,2.230396e+01,2.235894e+01,2.245507e+01,2.231084e+01,2.246880e+01,2.246194e+01,2.250311e+01,2.240015e+01,2.247566e+01,2.231084e+01,2.184929e+01,2.166270e+01,2.153812e+01,2.157274e+01,2.171802e+01,2.193211e+01,2.182858e+01,2.162811e+01,2.152427e+01,2.133708e+01,2.135790e+01,2.139952e+01,2.142032e+01,2.128156e+01,2.156582e+01,2.169728e+01,2.251683e+01,2.252369e+01,2.249625e+01,2.253741e+01,2.252369e+01,2.255112e+01,2.244821e+01,2.240015e+01,2.175258e+01,2.157274e+01,2.130932e+01,2.147577e+01,2.146884e+01,2.142725e+01,2.153812e+01,2.148963e+01,2.148270e+01,2.141339e+01,2.148963e+01,2.151042e+01,2.150349e+01,2.168345e+01,2.166962e+01,2.164887e+01,2.168345e+01,2.170420e+01,2.162119e+01,2.168345e+01,2.166270e+01,2.165579e+01,2.168345e+01,2.162811e+01,2.166270e+01,2.152427e+01,2.166270e+01,2.156582e+01,2.162811e+01,2.161427e+01,2.160735e+01,2.151042e+01,2.151042e+01,2.169728e+01,2.151042e+01,2.151734e+01,2.163503e+01,2.166270e+01,2.162811e+01,2.161427e+01,2.161427e+01,2.161427e+01,2.157274e+01,2.162119e+01,2.156582e+01,2.160735e+01,2.161427e+01,2.162119e+01,2.163503e+01,2.171111e+01,2.154505e+01,2.151734e+01,2.150349e+01,2.162811e+01,2.161427e+01,2.159351e+01,2.161427e+01,2.163503e+01,2.153812e+01,2.163503e+01,2.164195e+01,2.147577e+01,2.151734e+01,2.152427e+01,2.150349e+01,2.151042e+01,2.146191e+01,2.149656e+01,2.141339e+01,2.135096e+01,2.144112e+01,2.144112e+01,2.133708e+01,2.138565e+01,2.135790e+01,2.137871e+01,2.139952e+01,2.135790e+01,2.135790e+01,2.125378e+01,2.125378e+01,2.123294e+01,2.130932e+01,2.135790e+01,2.134402e+01,2.131626e+01,2.116345e+01,2.128850e+01,2.130932e+01,2.126767e+01,2.130932e+01,2.140645e+01,2.131626e+01,2.133014e+01,2.133708e+01,2.130932e+01,2.139952e+01,2.146191e+01,2.126767e+01,2.130932e+01,2.114955e+01,2.138565e+01,2.133708e+01,2.133014e+01,2.127461e+01,2.123294e+01,2.121905e+01,2.119820e+01,2.140645e+01,2.122600e+01,2.120515e+01,2.120515e+01,2.115650e+01,2.112174e+01,2.119820e+01,2.119820e+01,2.117041e+01,2.108696e+01,2.139258e+01,2.164195e+01,2.201486e+01,2.200797e+01,2.215952e+01,2.224896e+01,2.209066e+01,2.207688e+01,2.206310e+01,2.215952e+01,2.220081e+01,2.204932e+01,2.206999e+01,2.204932e+01,2.206310e+01,2.204243e+01,2.208377e+01,2.211821e+01,2.212509e+01,2.209066e+01,2.207688e+01,2.220081e+01,2.214575e+01,2.224896e+01,2.226271e+01,2.226959e+01,2.228334e+01,2.229709e+01,2.226959e+01,2.224208e+01,2.238642e+01,2.247566e+01,2.233833e+01,2.241389e+01,2.242075e+01,2.240702e+01,2.239328e+01,2.244821e+01,2.250311e+01,2.249625e+01,2.243448e+01,2.247566e+01,2.253741e+01,2.253741e+01,2.240015e+01,2.245507e+01,2.246194e+01,2.248939e+01,2.246880e+01,2.247566e+01,2.245507e+01,2.244821e+01,2.245507e+01,2.244821e+01,2.242075e+01,2.243448e+01,2.247566e+01,2.245507e+01,2.245507e+01,2.245507e+01,2.244821e+01,2.243448e+01,2.255112e+01,2.241389e+01,2.246194e+01,2.246880e+01,2.234520e+01,2.233146e+01,2.216640e+01,2.231771e+01,2.231084e+01,2.227647e+01,2.225584e+01,2.224208e+01,2.224896e+01,2.213886e+01,2.225584e+01,2.213886e+01,2.211821e+01,2.217328e+01,2.211132e+01,2.206310e+01,2.210443e+01,2.227647e+01,2.209755e+01,2.223520e+01,2.218016e+01,2.215952e+01,2.216640e+01,2.212509e+01,2.232458e+01,2.213886e+01,2.209755e+01,2.213886e+01,2.206999e+01,2.218705e+01,2.226959e+01,2.222145e+01,2.226271e+01,2.220769e+01,2.222145e+01,2.220769e+01,2.222833e+01,2.223520e+01,2.224896e+01,2.226271e+01,2.226959e+01,2.229022e+01,2.227647e+01,2.226271e+01,2.224208e+01,2.222833e+01,2.233833e+01,2.226271e+01,2.224896e+01,2.225584e+01,2.239328e+01,2.223520e+01,2.229022e+01,2.223520e+01,2.231084e+01,2.226271e+01,2.233146e+01,2.231084e+01,2.233146e+01,2.229022e+01,2.220769e+01,2.239328e+01,2.228334e+01,2.244135e+01,2.239328e+01,2.231084e+01,2.229709e+01,2.232458e+01,2.244135e+01,2.246880e+01,2.236581e+01,2.242075e+01,2.246880e+01,2.234520e+01,2.237268e+01,2.244135e+01,2.250997e+01,2.247566e+01,2.244821e+01,2.253741e+01,2.244135e+01,2.242075e+01,2.229022e+01,2.239328e+01,2.240015e+01,2.242075e+01,2.229709e+01
2.186310e+01,2.185620e+01,2.182858e+01,2.182167e+01,2.192521e+01,2.171111e+01,2.180095e+01,2.184929e+01,2.186310e+01,2.199418e+01,2.199418e+01,2.183548e+01,2.196660e+01,2.186310e+01,2.193901e+01,2.200107e+01,2.192521e+01,2.195280e+01,2.195280e+01,2.204243e+01,2.195280e+01,2.196660e+01,2.192521e+01,2.196660e+01,2.206999e+01,2.204932e+01,2.202176e+01,2.206310e+01,2.218016e+01,2.208377e+01,2.198039e+01,2.204932e+01,2.209755e+01,2.198039e+01,2.206999e+01,2.198039e+01,2.207688e+01,2.201486e+01,2.206999e+01,2.200797e+01,2.198039e+01,2.204243e+01,2.206310e+01,2.201486e+01,2.200797e+01,2.218016e+01,2.204243e+01,2.206310e+01,2.206310e+01,2.204243e+01,2.208377e+01,2.208377e+01,2.205621e+01,2.211132e+01,2.211132e+01,2.211821e+01,2.217328e+01,2.222145e+01,2.225584e+01,2.209066e+01,2.220081e+01,2.218016e+01,2.215263e+01,2.220769e+01,2.213198e+01,2.222833e+01,2.220769e+01,2.221457e+01,2.223520e+01,2.226271e+01,2.228334e+01,2.230396e+01,2.223520e+01,2.226959e+01,2.229709e+01,2.238642e+01,2.237955e+01,2.236581e+01,2.241389e+01,2.240015e+01,2.237955e+01,2.241389e+01,2.248252e+01,2.241389e+01,2.241389e+01,2.242075e+01,2.243448e+01,2.235894e+01,2.242075e+01,2.232458e+01,2.233833e+01,2.243448e+01,2.240702e+01,2.246194e+01,2.233146e+01,2.237268e+01,2.233833e+01,2.235207e+01,2.237268e+01,2.228334e+01,2.237268e+01,2.236581e+01,2.229022e+01,2.231771e+01,2.227647e+01,2.227647e+01,2.225584e+01,2.230396e+01,2.233833e+01,2.235894e+01,2.225584e+01,2.222833e+01,2.231084e+01,2.233146e+01,2.233146e+01,2.233833e+01,2.220769e+01,2.229022e+01,2.228334e+01,2.227647e+01,2.230396e+01,2.229022e+01,2.224208e+01,2.227647e+01,2.237955e+01,2.228334e+01,2.232458e+01,2.228334e+01,2.235894e+01,2.234520e+01,2.219393e+01,2.240702e+01,2.233833e+01,2.230396e+01,2.216640e+01,2.218016e+01,2.230396e+01,2.218705e+01,2.226959e+01,2.224896e+01,2.221457e+01,2.226959e+01,2.235207e+01,2.229709e+01,2.234520e+01,2.230396e+01,2.231771e+01,2.232458e+01,2.228334e+01,2.231084e+01,2.245507e+01,2.242075e+01,2.222145e+01,2.237955e+01,2.237955e+01,2.231084e+01,2.229022e+01,2.231084e+01,2.236581e+01,2.235207e+01,2.238642e+01,2.239328e+01,2.242075e+01,2.235207e+01,2.243448e+01,2.231771e+01,2.239328e+01,2.249625e+01,2.240015e+01,2.242075e+01,2.242762e+01,2.246194e+01,2.242075e+01,2.246880e+01,2.246194e+01,2.246880e+01,2.244135e+01,2.244821e+01,2.248939e+01,2.244821e+01,2.242762e+01,2.248939e+01,2.251683e+01,2.253055e+01,2.244135e+01,2.250997e+01,2.247566e+01,2.250311e+01,2.251683e+01,2.248252e+01,2.250997e+01,2.255112e+01,2.247566e+01,2.260596e+01,2.253741e+01,2.248939e+01,2.256483e+01,2.244821e+01,2.240015e+01,2.244135e+01,2.226959e+01,2.231771e+01,2.214575e+01,2.148963e+01,2.149656e+01,2.141339e+01,2.142725e+01,2.144112e+01,2.152427e+01,2.142725e+01,2.160735e+01,2.162119e+01,2.160735e+01,2.156582e+01,2.153119e+01,2.148963e+01,2.172494e+01,2.168345e+01,2.177332e+01,2.180786e+01,2.180786e+01,2.180095e+01,2.181476e+01,2.184929e+01,2.184929e+01,2.188381e+01,2.193211e+01,2.190451e+01,2.187000e+01,2.195970e+01,2.193211e+01,2.185620e+01,2.189071e+01,2.198039e+01,2.213886e+01,2.205621e+01,2.190451e+01,2.193901e+01,2.186310e+01,2.191141e+01,2.184929e+01,2.195970e+01,2.196660e+01,2.193901e+01,2.187691e+01,2.188381e+01,2.182167e+01,2.180786e+01,2.175258e+01,2.154505e+01,2.149656e+01,2.158659e+01,2.160043e+01,2.204243e+01,2.209066e+01,2.220081e+01,2.216640e+01,2.218016e+01,2.218016e+01,2.218705e+01,2.217328e+01,2.212509e+01,2.214575e+01,2.211132e+01,2.207688e+01,2.199418e+01,2.206999e+01,2.193901e+01,2.198729e+01,2.167654e+01,2.167654e+01,2.168345e+01,2.164195e+01,2.170420e+01,2.163503e+01,2.162119e+01,2.169728e+01,2.184929e+01,2.180095e+01,2.176641e+01,2.189761e+01,2.180095e+01,2.178713e+01,2.172494e+01,2.176641e+01,2.174567e+01,2.175258e+01,2.174567e+01,2.209066e+01,2.237955e+01,2.227647e+01,2.229022e+01,2.232458e+01,2.237955e+01,2.229709e+01,2.240702e+01,2.229709e+01,2.230396e+01,2.241389e+01,2.235894e+01,2.238642e+01,2.224208e+01,2.238642e+01,2.246194e+01,2.242075e+01,2.235894e+01,2.228334e+01,2.230396e+01,2.226959e+01,2.216640e+01,2.230396e+01,2.226271e+01,2.222145e+01,2.229022e+01,2.227647e+01,2.220769e+01,2.222833e+01,2.224208e+01,2.223520e+01,2.223520e+01,2.223520e+01,2.237268e+01,2.225584e+01,2.224896e+01,2.225584e+01,2.226271e+01,2.230396e+01,2.228334e+01,2.224896e+01,2.222145e+01,2.223520e+01,2.224896e+01,2.223520e+01,2.224896e+01,2.231084e+01,2.226959e+01,2.230396e+01,2.235894e+01,2.243448e+01,2.239328e+01,2.240702e+01,2.247566e+01,2.235894e+01,2.224208e+01,2.224896e+01,2.222145e+01,2.184929e+01,2.146884e+01,2.149656e+01,2.145498e+01,2.158659e+01,2.165579e+01,2.142725e+01,2.151734e+01,2.139258e+01,2.144805e+01,2.142032e+01,2.130238e+01,2.142032e+01,2.195280e+01,2.206999e+01,2.230396e+01,2.250997e+01,2.233833e+01,2.249625e+01,2.236581e+01,2.246880e+01,2.248252e+01,2.218016e+01,2.152427e+01,2.125378e+01,2.130238e+01,2.134402e+01,2.137177e+01,2.140645e+01,2.144112e+01,2.141339e+01,2.144805e+01,2.152427e+01,2.154505e+01,2.153119e+01,2.160735e+01,2.160043e+01,2.151042e+01,2.160043e+01,2.160735e+01,2.157274e+01,2.163503e+01,2.164887e+01,2.162811e+01,2.162119e+01,2.162811e+01,2.153119e+01,2.155890e+01,2.161427e+01,2.162811e+01,2.152427e+01,2.158659e+01,2.162119e+01,2.151734e+01,2.152427e+01,2.153119e+01,2.160043e+01,2.153119e+01,2.159351e+01,2.160043e+01,2.153812e+01,2.163503e+01,2.162811e+01,2.157274e+01,2.157967e+01,2.156582e+01,2.167654e+01,2.154505e+01,2.156582e+01,2.159351e+01,2.155197e+01,2.155890e+01,2.165579e+01,2.155890e+01,2.152427e+01,2.160735e+01,2.146191e+01,2.162811e+01,2.162811e+01,2.157274e+01,2.154505e+01,2.157967e+01,2.157967e+01,2.153119e+01,2.152427e+01,2.146191e+01,2.154505e+01,2.147577e+01,2.146191e+01,2.139258e+01,2.142032e+01,2.136484e+01,2.144112e+01,2.135096e+01,2.135790e+01,2.140645e+01,2.139258e+01,2.134402e+01,2.135096e+01,2.130932e+01,2.126072e+01,2.133708e+01,2.126072e+01,2.123294e+01,2.133708e+01,2.128850e+01,2.132320e+01,2.131626e+01,2.124683e+01,2.103826e+01,2.129544e+01,2.131626e+01,2.129544e+01,2.128850e+01,2.130238e+01,2.130238e+01,2.140645e+01,2.135096e+01,2.137177e+01,2.126072e+01,2.141339e+01,2.144112e+01,2.138565e+01,2.133014e+01,2.133014e+01,2.133708e+01,2.130238e+01,2.127461e+01,2.116345e+01,2.119820e+01,2.116345e+01,2.119820e+01,2.119126e+01,2.119820e+01,2.118431e+01,2.117041e+01,2.114260e+01,2.113565e+01,2.121905e+01,2.117041e+01,2.139258e+01,2.132320e+01,2.187691e+01,2.202176e+01,2.203554e+01,2.202176e+01,2.206999e+01,2.222145e+01,2.218705e+01,2.213198e+01,2.213198e+01,2.206999e+01,2.208377e+01,2.204243e+01,2.206310e+01,2.198729e+01,2.202865e+01,2.204932e+01,2.212509e+01,2.204243e+01,2.206310e+01,2.208377e+01,2.211821e+01,2.211821e+01,2.228334e+01,2.220769e+01,2.228334e+01,2.227647e+01,2.230396e+01,2.226271e+01,2.234520e+01,2.242075e+01,2.238642e+01,2.240015e+01,2.237268e+01,2.241389e+01,2.246880e+01,2.246880e+01,2.246880e+01,2.246880e+01,2.241389e+01,2.242762e+01,2.243448e+01,2.247566e+01,2.243448e+01,2.246880e+01,2.244135e+01,2.247566e+01,2.246880e+01,2.248252e+01,2.246194e+01,2.245507e+01,2.242762e+01,2.245507e+01,2.241389e+01,2.244135e+01,2.243448e+01,2.246880e+01,2.244821e+01,2.237955e+01,2.248252e+01,2.244135e+01,2.251683e+01,2.242762e+01,2.245507e+01,2.247566e+01,2.249625e+01,2.229709e+01,2.240702e+01,2.232458e+01,2.224896e+01,2.230396e+01,2.224208e+01,2.225584e+01,2.222145e+01,2.218705e+01,2.226959e+01,2.229709e+01,2.235207e+01,2.212509e+01,2.213198e+01,2.215952e+01,2.204932e+01,2.208377e+01,2.217328e+01,2.212509e+01,2.215952e+01,2.217328e+01,2.212509e+01,2.226959e+01,2.218016e+01,2.227647e+01,2.216640e+01,2.214575e+01,2.231771e+01,2.218016e+01,2.227647e+01,2.211821e+01,2.225584e+01,2.226271e+01,2.227647e+01,2.220081e+01,2.222145e+01,2.224208e+01,2.224896e+01,2.227647e+01,2.228334e+01,2.228334e+01,2.229022e+01,2.230396e+01,2.230396e+01,2.229022e+01,2.229022e+01,2.226271e+01,2.240702e+01,2.226271e+01,2.228334e+01,2.225584e+01,2.228334e+01,2.234520e+01,2.226271e+01,2.230396e+01,2.233833e+01,2.229022e+01,2.236581e+01,2.236581e+01,2.235207e+01,2.224208e+01,2.219393e+01,2.224208e+01,2.242762e+01,2.237268e+01,2.233146e+01,2.240015e+01,2.237268e+01,2.237268e+01,2.250311e+01,2.236581e+01,2.244135e+01,2.239328e+01,2.248939e+01,2.237268e+01,2.254426e+01,2.255112e+01,2.244135e+01,2.257169e+01,2.229709e+01,2.235207e+01,2.240702e+01,2.240702e+01,2.227647e+01,2.242762e+01,2.242075e+01,2.221457e+01
2.172494e+01,2.183548e+01,2.177332e+01,2.175949e+01,2.179404e+01,2.188381e+01,2.183548e+01,2.184239e+01,2.191831e+01,2.187000e+01,2.198039e+01,2.189071e+01,2.184239e+01,2.198039e+01,2.187000e+01,2.194591e+01,2.194591e+01,2.190451e+01,2.188381e+01,2.203554e+01,2.196660e+01,2.197349e+01,2.200107e+01,2.198729e+01,2.191831e+01,2.204243e+01,2.200107e+01,2.196660e+01,2.196660e+01,2.207688e+01,2.209066e+01,2.202176e+01,2.200797e+01,2.202176e+01,2.201486e+01,2.198729e+01,2.202176e+01,2.195970e+01,2.195970e+01,2.208377e+01,2.203554e+01,2.210443e+01,2.202865e+01,2.199418e+01,2.203554e+01,2.200797e+01,2.211821e+01,2.202176e+01,2.211132e+01,2.209066e+01,2.209755e+01,2.214575e+01,2.209066e+01,2.215952e+01,2.206310e+01,2.210443e+01,2.214575e+01,2.212509e+01,2.220081e+01,2.212509e+01,2.218705e+01,2.218705e+01,2.213886e+01,2.220769e+01,2.221457e+01,2.217328e+01,2.219393e+01,2.222833e+01,2.227647e+01,2.222833e+01,2.224208e+01,2.222145e+01,2.222833e+01,2.225584e+01,2.230396e+01,2.237955e+01,2.239328e+01,2.235207e+01,2.232458e+01,2.250311e+01,2.235207e+01,2.226271e+01,2.236581e+01,2.237268e+01,2.245507e+01,2.234520e+01,2.237268e+01,2.240015e+01,2.233146e+01,2.237268e+01,2.229022e+01,2.231771e+01,2.238642e+01,2.232458e+01,2.241389e+01,2.233146e+01,2.232458e+01,2.237955e+01,2.233146e+01,2.235207e+01,2.237955e+01,2.229022e+01,2.235207e+01,2.233833e+01,2.218705e+01,2.233146e+01,2.233833e+01,2.224208e+01,2.223520e+01,2.218705e+01,2.224896e+01,2.239328e+01,2.226959e+01,2.233146e+01,2.220081e+01,2.228334e+01,2.224208e+01,2.218705e+01,2.225584e+01,2.222145e+01,2.226959e+01,2.229022e+01,2.226271e+01,2.223520e+01,2.229709e+01,2.220769e+01,2.231084e+01,2.237955e+01,2.233146e+01,2.226959e+01,2.215952e+01,2.226271e+01,2.223520e+01,2.230396e+01,2.230396e+01,2.233146e+01,2.232458e+01,2.217328e+01,2.229022e+01,2.220769e+01,2.222145e+01,2.226959e+01,2.224208e+01,2.226271e+01,2.226271e+01,2.232458e+01,2.227647e+01,2.226959e+01,2.231084e+01,2.234520e+01,2.239328e+01,2.233146e+01,2.226271e+01,2.234520e+01,2.238642e+01,2.233833e+01,2.224208e+01,2.226271e+01,2.240702e+01,2.231771e+01,2.238642e+01,2.236581e+01,2.243448e+01,2.240015e+01,2.241389e+01,2.232458e+01,2.241389e+01,2.242762e+01,2.241389e+01,2.242075e+01,2.238642e+01,2.242762e+01,2.246880e+01,2.246880e+01,2.240702e+01,2.242762e+01,2.237955e+01,2.246880e+01,2.246194e+01,2.242762e+01,2.246194e+01,2.250311e+01,2.245507e+01,2.240702e+01,2.244821e+01,2.248252e+01,2.244821e+01,2.237955e+01,2.242075e+01,2.253741e+01,2.239328e+01,2.243448e+01,2.242075e+01,2.259911e+01,2.241389e+01,2.238642e+01,2.235894e+01,2.240702e+01,2.241389e+01,2.236581e+01,2.236581e+01,2.214575e+01,2.171111e+01,2.151734e+01,2.141339e+01,2.142725e+01,2.139258e+01,2.140645e+01,2.153812e+01,2.149656e+01,2.162119e+01,2.160043e+01,2.159351e+01,2.176641e+01,2.169037e+01,2.168345e+01,2.172494e+01,2.170420e+01,2.173185e+01,2.176641e+01,2.179404e+01,2.180786e+01,2.184239e+01,2.188381e+01,2.184929e+01,2.183548e+01,2.189071e+01,2.191831e+01,2.187691e+01,2.175949e+01,2.192521e+01,2.194591e+01,2.184239e+01,2.199418e+01,2.205621e+01,2.203554e+01,2.191831e+01,2.191141e+01,2.178022e+01,2.187691e+01,2.185620e+01,2.190451e+01,2.191831e+01,2.171802e+01,2.180786e+01,2.184239e+01,2.169728e+01,2.171802e+01,2.164195e+01,2.165579e+01,2.164195e+01,2.200107e+01,2.211821e+01,2.214575e+01,2.217328e+01,2.218016e+01,2.219393e+01,2.219393e+01,2.218705e+01,2.215263e+01,2.215263e+01,2.200797e+01,2.209066e+01,2.217328e+01,2.211132e+01,2.201486e+01,2.197349e+01,2.225584e+01,2.199418e+01,2.166270e+01,2.166270e+01,2.169728e+01,2.168345e+01,2.169728e+01,2.162119e+01,2.172494e+01,2.171802e+01,2.178713e+01,2.180095e+01,2.175949e+01,2.178022e+01,2.164195e+01,2.169728e+01,2.171802e+01,2.154505e+01,2.168345e+01,2.176641e+01,2.204932e+01,2.232458e+01,2.230396e+01,2.233833e+01,2.238642e+01,2.229022e+01,2.231771e+01,2.237268e+01,2.229709e+01,2.230396e+01,2.228334e+01,2.238642e+01,2.242762e+01,2.239328e+01,2.228334e+01,2.240015e+01,2.242762e+01,2.231084e+01,2.228334e+01,2.223520e+01,2.224896e+01,2.228334e+01,2.229022e+01,2.228334e+01,2.223520e+01,2.229709e+01,2.224208e+01,2.218016e+01,2.226271e+01,2.214575e+01,2.220081e+01,2.218705e+01,2.219393e+01,2.222145e+01,2.217328e+01,2.227647e+01,2.223520e+01,2.224896e+01,2.222833e+01,2.213886e+01,2.222145e+01,2.213886e+01,2.232458e+01,2.226271e+01,2.208377e+01,2.222145e+01,2.218705e+01,2.228334e+01,2.222833e+01,2.222145e+01,2.220081e+01,2.215263e+01,2.236581e+01,2.228334e+01,2.232458e+01,2.229022e+01,2.231771e+01,2.217328e+01,2.224896e+01,2.200797e+01,2.154505e+01,2.147577e+01,2.140645e+01,2.150349e+01,2.143419e+01,2.137177e+01,2.135790e+01,2.131626e+01,2.142032e+01,2.133708e+01,2.133014e+01,2.179404e+01,2.210443e+01,2.231771e+01,2.230396e+01,2.230396e+01,2.232458e+01,2.220081e+01,2.222145e+01,2.227647e+01,2.209066e+01,2.178022e+01,2.146191e+01,2.128850e+01,2.123989e+01,2.130238e+01,2.128850e+01,2.139258e+01,2.142032e+01,2.139952e+01,2.139952e+01,2.141339e+01,2.151734e+01,2.143419e+01,2.153812e+01,2.152427e+01,2.152427e+01,2.162119e+01,2.167654e+01,2.162811e+01,2.159351e+01,2.170420e+01,2.155890e+01,2.166962e+01,2.166270e+01,2.151734e+01,2.124683e+01,2.151734e+01,2.150349e+01,2.153119e+01,2.162119e+01,2.161427e+01,2.152427e+01,2.157274e+01,2.148270e+01,2.153812e+01,2.146884e+01,2.150349e+01,2.151042e+01,2.150349e+01,2.155890e+01,2.155890e+01,2.157967e+01,2.146191e+01,2.153119e+01,2.152427e+01,2.154505e+01,2.156582e+01,2.159351e+01,2.155890e+01,2.153812e+01,2.154505e+01,2.155197e+01,2.157967e+01,2.154505e+01,2.156582e+01,2.151042e+01,2.162119e+01,2.161427e+01,2.144112e+01,2.164887e+01,2.157274e+01,2.155890e+01,2.154505e+01,2.148963e+01,2.146191e+01,2.126072e+01,2.148270e+01,2.149656e+01,2.139952e+01,2.140645e+01,2.133708e+01,2.144112e+01,2.137177e+01,2.136484e+01,2.134402e+01,2.135790e+01,2.136484e+01,2.139258e+01,2.137177e+01,2.127461e+01,2.119820e+01,2.121210e+01,2.119126e+01,2.119126e+01,2.124683e+01,2.126072e+01,2.122600e+01,2.133014e+01,2.124683e+01,2.121905e+01,2.131626e+01,2.121210e+01,2.123294e+01,2.131626e+01,2.132320e+01,2.137871e+01,2.131626e+01,2.130932e+01,2.144805e+01,2.138565e+01,2.123989e+01,2.129544e+01,2.139258e+01,2.136484e+01,2.135790e+01,2.122600e+01,2.127461e+01,2.132320e+01,2.121905e+01,2.119820e+01,2.124683e+01,2.116345e+01,2.119820e+01,2.116345e+01,2.114260e+01,2.114955e+01,2.113565e+01,2.110783e+01,2.105914e+01,2.125378e+01,2.161427e+01,2.201486e+01,2.206999e+01,2.205621e+01,2.222833e+01,2.206310e+01,2.203554e+01,2.225584e+01,2.208377e+01,2.198729e+01,2.205621e+01,2.211821e+01,2.193901e+01,2.215263e+01,2.201486e+01,2.196660e+01,2.200107e+01,2.204932e+01,2.206310e+01,2.206999e+01,2.207688e+01,2.211821e+01,2.213886e+01,2.227647e+01,2.227647e+01,2.218016e+01,2.226959e+01,2.228334e+01,2.240015e+01,2.237955e+01,2.235894e+01,2.235894e+01,2.252369e+01,2.239328e+01,2.250311e+01,2.242762e+01,2.242762e+01,2.244135e+01,2.240702e+01,2.249625e+01,2.247566e+01,2.240015e+01,2.253055e+01,2.257854e+01,2.244135e+01,2.250311e+01,2.245507e+01,2.253741e+01,2.244821e+01,2.246880e+01,2.241389e+01,2.239328e+01,2.237955e+01,2.247566e+01,2.242075e+01,2.242075e+01,2.242762e+01,2.246194e+01,2.243448e+01,2.240015e+01,2.250311e+01,2.256483e+01,2.246880e+01,2.248252e+01,2.240015e+01,2.233833e+01,2.226959e+01,2.219393e+01,2.218705e+01,2.225584e+01,2.226271e+01,2.226959e+01,2.224896e+01,2.222145e+01,2.220081e+01,2.221457e+01,2.210443e+01,2.213198e+01,2.209755e+01,2.221457e+01,2.213886e+01,2.212509e+01,2.211132e+01,2.209066e+01,2.225584e+01,2.210443e+01,2.221457e+01,2.223520e+01,2.211821e+01,2.209755e+01,2.211821e+01,2.214575e+01,2.204932e+01,2.220081e+01,2.220081e+01,2.227647e+01,2.224896e+01,2.226271e+01,2.224208e+01,2.225584e+01,2.222833e+01,2.231771e+01,2.236581e+01,2.231084e+01,2.230396e+01,2.228334e+01,2.226271e+01,2.226271e+01,2.222833e+01,2.232458e+01,2.232458e+01,2.224208e+01,2.226271e+01,2.232458e+01,2.234520e+01,2.224896e+01,2.221457e+01,2.224896e+01,2.223520e+01,2.224208e+01,2.224208e+01,2.230396e+01,2.223520e+01,2.229022e+01,2.238642e+01,2.231084e+01,2.224208e+01,2.231771e+01,2.241389e+01,2.233146e+01,2.235207e+01,2.240015e+01,2.244135e+01,2.244135e+01,2.240702e+01,2.238642e+01,2.245507e+01,2.238642e+01,2.261967e+01,2.253741e+01,2.251683e+01,2.256483e+01,2.237955e+01,2.248939e+01,2.244135e+01,2.254426e+01,2.242075e+01,2.227647e+01,2.234520e+01,2.222833e+01,2.234520e+01,2.235894e+01
2.183548e+01,2.186310e+01,2.170420e+01,2.178713e+01,2.166270e+01,2.180786e+01,2.182167e+01,2.180095e+01,2.173876e+01,2.169728e+01,2.197349e+01,2.183548e+01,2.191141e+01,2.194591e+01,2.198039e+01,2.188381e+01,2.187000e+01,2.193211e+01,2.194591e+01,2.196660e+01,2.191141e+01,2.184929e+01,2.193901e+01,2.200107e+01,2.199418e+01,2.203554e+01,2.201486e+01,2.199418e+01,2.201486e+01,2.203554e+01,2.194591e+01,2.210443e+01,2.206999e+01,2.211132e+01,2.194591e+01,2.193901e+01,2.204932e+01,2.209755e+01,2.213198e+01,2.198729e+01,2.202176e+01,2.205621e+01,2.200797e+01,2.213886e+01,2.211132e+01,2.204243e+01,2.206999e+01,2.203554e+01,2.216640e+01,2.213198e+01,2.199418e+01,2.202865e+01,2.212509e+01,2.211132e+01,2.212509e+01,2.211132e+01,2.211132e+01,2.207688e+01,2.224896e+01,2.209755e+01,2.219393e+01,2.216640e+01,2.218705e+01,2.217328e+01,2.220081e+01,2.221457e+01,2.235207e+01,2.213886e+01,2.225584e+01,2.230396e+01,2.235207e+01,2.223520e+01,2.231084e+01,2.222145e+01,2.220769e+01,2.218016e+01,2.216640e+01,2.220081e+01,2.239328e+01,2.229709e+01,2.228334e+01,2.237268e+01,2.237268e+01,2.237268e+01,2.235207e+01,2.235207e+01,2.231084e+01,2.244135e+01,2.235207e+01,2.237268e+01,2.237268e+01,2.235894e+01,2.237268e+01,2.233146e+01,2.228334e+01,2.231771e+01,2.235894e+01,2.230396e+01,2.232458e+01,2.233146e+01,2.228334e+01,2.232458e+01,2.229709e+01,2.225584e+01,2.241389e+01,2.226271e+01,2.226271e+01,2.229709e+01,2.221457e+01,2.223520e+01,2.228334e+01,2.239328e+01,2.236581e+01,2.227647e+01,2.222145e+01,2.224896e+01,2.229022e+01,2.227647e+01,2.222145e+01,2.226959e+01,2.230396e+01,2.222833e+01,2.220769e+01,2.214575e+01,2.224208e+01,2.231084e+01,2.229709e+01,2.224896e+01,2.219393e+01,2.229022e+01,2.225584e+01,2.220769e+01,2.224208e+01,2.223520e+01,2.223520e+01,2.225584e+01,2.226271e+01,2.233833e+01,2.230396e+01,2.219393e+01,2.228334e+01,2.220081e+01,2.231084e+01,2.220769e+01,2.220769e+01,2.218016e+01,2.226959e+01,2.226959e+01,2.231084e+01,2.230396e+01,2.235207e+01,2.230396e+01,2.226959e+01,2.224896e+01,2.242762e+01,2.228334e+01,2.238642e+01,2.235894e+01,2.228334e+01,2.222145e+01,2.231084e+01,2.225584e+01,2.236581e+01,2.237268e+01,2.240702e+01,2.237955e+01,2.239328e+01,2.248939e+01,2.236581e+01,2.239328e+01,2.240702e+01,2.237955e+01,2.237955e+01,2.242075e+01,2.246880e+01,2.243448e+01,2.248252e+01,2.237955e+01,2.241389e+01,2.251683e+01,2.246194e+01,2.255798e+01,2.244821e+01,2.248252e+01,2.249625e+01,2.250311e+01,2.243448e+01,2.249625e+01,2.250311e+01,2.254426e+01,2.239328e+01,2.253741e+01,2.250997e+01,2.240702e+01,2.236581e+01,2.235894e+01,2.235894e+01,2.237955e+01,2.236581e+01,2.211821e+01,2.215263e+01,2.209066e+01,2.156582e+01,2.150349e+01,2.151042e+01,2.152427e+01,2.146884e+01,2.141339e+01,2.160043e+01,2.159351e+01,2.161427e+01,2.160735e+01,2.165579e+01,2.162811e+01,2.157967e+01,2.168345e+01,2.171802e+01,2.170420e+01,2.178713e+01,2.180095e+01,2.172494e+01,2.180786e+01,2.179404e+01,2.187000e+01,2.187691e+01,2.184239e+01,2.195280e+01,2.192521e+01,2.185620e+01,2.188381e+01,2.182858e+01,2.185620e+01,2.185620e+01,2.197349e+01,2.204932e+01,2.209066e+01,2.202176e+01,2.200107e+01,2.191141e+01,2.189761e+01,2.193211e+01,2.187000e+01,2.170420e+01,2.180786e+01,2.169037e+01,2.181476e+01,2.178713e+01,2.184239e+01,2.184239e+01,2.197349e+01,2.204932e+01,2.204243e+01,2.211821e+01,2.212509e+01,2.211132e+01,2.226271e+01,2.216640e+01,2.215952e+01,2.214575e+01,2.213886e+01,2.213886e+01,2.215263e+01,2.206310e+01,2.205621e+01,2.200797e+01,2.200107e+01,2.195970e+01,2.193211e+01,2.175258e+01,2.162811e+01,2.162119e+01,2.169037e+01,2.169728e+01,2.168345e+01,2.169728e+01,2.181476e+01,2.180786e+01,2.179404e+01,2.174567e+01,2.173876e+01,2.168345e+01,2.173876e+01,2.175949e+01,2.160735e+01,2.171111e+01,2.181476e+01,2.206999e+01,2.229022e+01,2.230396e+01,2.242762e+01,2.231084e+01,2.233146e+01,2.226959e+01,2.233833e+01,2.234520e+01,2.231771e+01,2.231084e+01,2.226959e+01,2.231771e+01,2.233146e+01,2.226959e+01,2.236581e+01,2.221457e+01,2.224208e+01,2.224208e+01,2.227647e+01,2.220081e+01,2.225584e+01,2.225584e+01,2.223520e+01,2.218705e+01,2.214575e+01,2.226271e+01,2.215952e+01,2.222833e+01,2.213198e+01,2.220769e+01,2.220081e+01,2.214575e+01,2.213886e+01,2.217328e+01,2.231084e+01,2.223520e+01,2.220769e+01,2.223520e+01,2.217328e+01,2.223520e+01,2.214575e+01,2.217328e+01,2.217328e+01,2.233833e+01,2.220081e+01,2.218016e+01,2.224208e+01,2.220769e+01,2.224208e+01,2.225584e+01,2.227647e+01,2.221457e+01,2.215263e+01,2.227647e+01,2.230396e+01,2.217328e+01,2.218705e+01,2.203554e+01,2.209755e+01,2.213886e+01,2.157274e+01,2.151734e+01,2.144805e+01,2.139258e+01,2.142725e+01,2.133708e+01,2.139952e+01,2.134402e+01,2.138565e+01,2.137871e+01,2.174567e+01,2.207688e+01,2.210443e+01,2.228334e+01,2.224208e+01,2.222145e+01,2.199418e+01,2.196660e+01,2.184929e+01,2.183548e+01,2.153812e+01,2.139952e+01,2.141339e+01,2.125378e+01,2.131626e+01,2.126072e+01,2.136484e+01,2.137177e+01,2.136484e+01,2.139952e+01,2.153119e+01,2.143419e+01,2.136484e+01,2.146191e+01,2.146191e+01,2.153119e+01,2.160735e+01,2.151042e+01,2.160735e+01,2.161427e+01,2.150349e+01,2.162119e+01,2.151734e+01,2.160043e+01,2.159351e+01,2.130238e+01,2.105914e+01,2.125378e+01,2.151734e+01,2.151734e+01,2.163503e+01,2.153812e+01,2.150349e+01,2.152427e+01,2.145498e+01,2.146884e+01,2.150349e+01,2.149656e+01,2.151042e+01,2.151042e+01,2.148270e+01,2.145498e+01,2.151042e+01,2.159351e+01,2.153119e+01,2.147577e+01,2.160043e+01,2.153812e+01,2.151734e+01,2.149656e+01,2.144112e+01,2.153119e+01,2.153812e+01,2.151734e+01,2.148963e+01,2.158659e+01,2.141339e+01,2.155197e+01,2.146884e+01,2.152427e+01,2.164195e+01,2.154505e+01,2.144112e+01,2.142032e+01,2.146191e+01,2.144805e+01,2.150349e+01,2.146191e+01,2.144112e+01,2.142725e+01,2.137177e+01,2.139258e+01,2.130932e+01,2.134402e+01,2.133708e+01,2.135096e+01,2.129544e+01,2.126072e+01,2.126072e+01,2.127461e+01,2.127461e+01,2.123989e+01,2.130238e+01,2.119820e+01,2.122600e+01,2.128156e+01,2.123294e+01,2.126072e+01,2.119820e+01,2.124683e+01,2.131626e+01,2.128156e+01,2.126072e+01,2.116345e+01,2.132320e+01,2.130932e+01,2.135096e+01,2.136484e+01,2.137871e+01,2.134402e+01,2.129544e+01,2.132320e+01,2.133014e+01,2.126072e+01,2.136484e+01,2.138565e+01,2.135790e+01,2.132320e+01,2.114955e+01,2.122600e+01,2.127461e+01,2.123294e+01,2.119126e+01,2.121210e+01,2.121210e+01,2.114955e+01,2.111479e+01,2.111479e+01,2.108001e+01,2.101738e+01,2.114260e+01,2.159351e+01,2.204243e+01,2.202865e+01,2.200797e+01,2.221457e+01,2.210443e+01,2.213198e+01,2.208377e+01,2.202865e+01,2.205621e+01,2.206310e+01,2.197349e+01,2.202176e+01,2.202176e+01,2.211821e+01,2.205621e+01,2.196660e+01,2.206310e+01,2.209755e+01,2.210443e+01,2.205621e+01,2.203554e+01,2.206999e+01,2.226271e+01,2.217328e+01,2.222145e+01,2.223520e+01,2.224896e+01,2.223520e+01,2.239328e+01,2.225584e+01,2.234520e+01,2.244821e+01,2.241389e+01,2.241389e+01,2.240702e+01,2.243448e+01,2.238642e+01,2.243448e+01,2.250311e+01,2.243448e+01,2.246194e+01,2.245507e+01,2.246194e+01,2.274978e+01,2.246880e+01,2.248939e+01,2.248252e+01,2.240702e+01,2.250997e+01,2.237955e+01,2.244821e+01,2.248939e+01,2.244135e+01,2.236581e+01,2.240015e+01,2.253055e+01,2.240015e+01,2.243448e+01,2.242762e+01,2.241389e+01,2.247566e+01,2.238642e+01,2.246194e+01,2.246880e+01,2.229022e+01,2.229709e+01,2.226959e+01,2.222833e+01,2.224896e+01,2.218016e+01,2.226959e+01,2.216640e+01,2.217328e+01,2.225584e+01,2.222145e+01,2.211821e+01,2.218016e+01,2.213198e+01,2.209066e+01,2.215263e+01,2.209755e+01,2.204932e+01,2.211132e+01,2.223520e+01,2.206999e+01,2.221457e+01,2.221457e+01,2.215952e+01,2.219393e+01,2.231084e+01,2.235207e+01,2.214575e+01,2.217328e+01,2.215263e+01,2.216640e+01,2.224208e+01,2.247566e+01,2.224208e+01,2.226271e+01,2.224896e+01,2.229709e+01,2.217328e+01,2.218705e+01,2.231084e+01,2.222833e+01,2.230396e+01,2.229022e+01,2.226959e+01,2.225584e+01,2.234520e+01,2.223520e+01,2.230396e+01,2.222145e+01,2.224896e+01,2.224208e+01,2.232458e+01,2.220081e+01,2.222833e+01,2.228334e+01,2.222145e+01,2.224896e+01,2.224208e+01,2.224208e+01,2.230396e+01,2.242762e+01,2.224896e+01,2.226271e+01,2.229709e+01,2.222145e+01,2.225584e+01,2.242762e+01,2.225584e+01,2.239328e+01,2.251683e+01,2.251683e+01,2.242762e+01,2.246194e+01,2.247566e+01,2.248939e+01,2.257169e+01,2.246194e+01,2.253741e+01,2.248252e+01,2.238642e+01,2.240015e+01,2.241389e+01,2.237955e+01,2.242075e+01,2.224208e+01,2.246194e+01,2.229709e+01
2.198039e+01,2.175258e+01,2.177332e+01,2.191831e+01,2.173185e+01,2.179404e+01,2.186310e+01,2.169728e+01,2.185620e+01,2.185620e+01,2.195280e+01,2.183548e+01,2.182858e+01,2.184239e+01,2.197349e+01,2.195280e+01,2.194591e+01,2.195970e+01,2.196660e+01,2.186310e+01,2.192521e+01,2.210443e+01,2.197349e+01,2.193211e+01,2.195970e+01,2.195970e+01,2.202865e+01,2.195280e+01,2.194591e+01,2.197349e+01,2.213886e+01,2.209066e+01,2.212509e+01,2.203554e+01,2.212509e+01,2.194591e+01,2.193211e+01,2.200797e+01,2.203554e+01,2.206999e+01,2.212509e+01,2.205621e+01,2.199418e+01,2.202865e+01,2.200797e+01,2.201486e+01,2.211132e+01,2.203554e+01,2.203554e+01,2.218016e+01,2.205621e+01,2.204932e+01,2.215263e+01,2.216640e+01,2.215952e+01,2.216640e+01,2.213198e+01,2.211132e+01,2.206999e+01,2.225584e+01,2.220081e+01,2.211821e+01,2.222833e+01,2.215952e+01,2.218016e+01,2.220769e+01,2.226271e+01,2.224896e+01,2.222833e+01,2.232458e+01,2.218705e+01,2.220769e+01,2.220081e+01,2.225584e+01,2.230396e+01,2.219393e+01,2.221457e+01,2.235207e+01,2.218016e+01,2.233146e+01,2.240015e+01,2.238642e+01,2.240015e+01,2.236581e+01,2.233146e+01,2.226959e+01,2.235207e+01,2.234520e+01,2.245507e+01,2.227647e+01,2.233146e+01,2.233833e+01,2.233146e+01,2.231771e+01,2.231771e+01,2.226959e+01,2.233146e+01,2.229709e+01,2.231771e+01,2.232458e+01,2.229709e+01,2.233146e+01,2.235894e+01,2.231771e+01,2.233833e+01,2.223520e+01,2.226271e+01,2.218705e+01,2.222833e+01,2.213886e+01,2.215952e+01,2.228334e+01,2.225584e+01,2.233833e+01,2.222833e+01,2.231771e+01,2.233146e+01,2.229709e+01,2.222145e+01,2.224896e+01,2.220081e+01,2.221457e+01,2.228334e+01,2.222145e+01,2.231771e+01,2.217328e+01,2.224896e+01,2.224208e+01,2.218705e+01,2.220081e+01,2.230396e+01,2.231084e+01,2.216640e+01,2.230396e+01,2.225584e+01,2.220081e+01,2.219393e+01,2.237955e+01,2.220081e+01,2.225584e+01,2.224208e+01,2.226271e+01,2.215263e+01,2.231084e+01,2.220769e+01,2.227647e+01,2.225584e+01,2.231084e+01,2.226959e+01,2.231771e+01,2.230396e+01,2.241389e+01,2.233146e+01,2.237268e+01,2.226959e+01,2.231771e+01,2.239328e+01,2.229022e+01,2.233833e+01,2.237268e+01,2.232458e+01,2.235894e+01,2.237955e+01,2.238642e+01,2.234520e+01,2.243448e+01,2.237955e+01,2.242075e+01,2.244821e+01,2.248252e+01,2.242075e+01,2.235207e+01,2.234520e+01,2.245507e+01,2.244135e+01,2.242075e+01,2.244821e+01,2.246194e+01,2.242762e+01,2.245507e+01,2.235207e+01,2.250311e+01,2.248939e+01,2.247566e+01,2.252369e+01,2.242075e+01,2.250997e+01,2.240015e+01,2.237955e+01,2.229709e+01,2.255798e+01,2.244135e+01,2.241389e+01,2.234520e+01,2.236581e+01,2.233833e+01,2.224208e+01,2.219393e+01,2.215263e+01,2.207688e+01,2.178022e+01,2.165579e+01,2.160043e+01,2.150349e+01,2.152427e+01,2.164195e+01,2.156582e+01,2.155890e+01,2.151042e+01,2.159351e+01,2.166962e+01,2.166270e+01,2.166270e+01,2.167654e+01,2.171111e+01,2.174567e+01,2.176641e+01,2.184239e+01,2.169728e+01,2.178022e+01,2.178022e+01,2.177332e+01,2.186310e+01,2.182858e+01,2.187691e+01,2.191831e+01,2.211821e+01,2.209755e+01,2.195280e+01,2.191831e+01,2.189071e+01,2.189761e+01,2.186310e+01,2.192521e+01,2.200107e+01,2.210443e+01,2.204932e+01,2.202865e+01,2.202176e+01,2.195280e+01,2.183548e+01,2.185620e+01,2.182858e+01,2.181476e+01,2.182167e+01,2.191831e+01,2.199418e+01,2.202176e+01,2.206999e+01,2.204243e+01,2.201486e+01,2.221457e+01,2.218016e+01,2.215952e+01,2.217328e+01,2.220769e+01,2.219393e+01,2.220081e+01,2.220081e+01,2.215952e+01,2.210443e+01,2.214575e+01,2.212509e+01,2.197349e+01,2.169728e+01,2.168345e+01,2.162119e+01,2.167654e+01,2.173185e+01,2.169037e+01,2.168345e+01,2.173185e+01,2.170420e+01,2.166270e+01,2.168345e+01,2.172494e+01,2.181476e+01,2.177332e+01,2.184239e+01,2.166962e+01,2.162119e+01,2.172494e+01,2.166270e+01,2.164195e+01,2.189071e+01,2.213198e+01,2.216640e+01,2.233833e+01,2.229709e+01,2.225584e+01,2.242075e+01,2.232458e+01,2.230396e+01,2.230396e+01,2.234520e+01,2.230396e+01,2.233146e+01,2.237955e+01,2.216640e+01,2.229709e+01,2.222833e+01,2.224896e+01,2.223520e+01,2.224208e+01,2.227647e+01,2.224208e+01,2.222833e+01,2.224896e+01,2.221457e+01,2.206999e+01,2.222145e+01,2.214575e+01,2.222145e+01,2.209755e+01,2.222145e+01,2.222833e+01,2.222145e+01,2.212509e+01,2.218016e+01,2.221457e+01,2.216640e+01,2.218016e+01,2.211132e+01,2.210443e+01,2.220769e+01,2.209755e+01,2.215263e+01,2.215263e+01,2.218016e+01,2.224896e+01,2.219393e+01,2.219393e+01,2.214575e+01,2.218705e+01,2.215952e+01,2.222833e+01,2.224208e+01,2.223520e+01,2.220081e+01,2.215952e+01,2.223520e+01,2.225584e+01,2.226959e+01,2.220081e+01,2.218016e+01,2.204243e+01,2.206310e+01,2.150349e+01,2.145498e+01,2.136484e+01,2.142725e+01,2.135096e+01,2.140645e+01,2.139952e+01,2.135096e+01,2.140645e+01,2.177332e+01,2.197349e+01,2.215952e+01,2.219393e+01,2.215952e+01,2.194591e+01,2.184239e+01,2.163503e+01,2.156582e+01,2.144112e+01,2.145498e+01,2.148270e+01,2.148270e+01,2.123989e+01,2.128156e+01,2.123294e+01,2.128850e+01,2.135096e+01,2.134402e+01,2.128156e+01,2.138565e+01,2.135790e+01,2.147577e+01,2.138565e+01,2.137177e+01,2.157274e+01,2.140645e+01,2.151042e+01,2.151042e+01,2.153812e+01,2.151042e+01,2.150349e+01,2.146884e+01,2.162811e+01,2.148270e+01,2.153119e+01,2.125378e+01,2.114955e+01,2.124683e+01,2.142725e+01,2.153119e+01,2.148963e+01,2.149656e+01,2.150349e+01,2.148270e+01,2.142725e+01,2.142725e+01,2.146191e+01,2.151734e+01,2.151734e+01,2.153812e+01,2.153812e+01,2.148963e+01,2.142725e+01,2.149656e+01,2.143419e+01,2.143419e+01,2.151734e+01,2.146884e+01,2.151042e+01,2.147577e+01,2.144112e+01,2.151042e+01,2.145498e+01,2.143419e+01,2.160043e+01,2.159351e+01,2.146191e+01,2.153812e+01,2.142725e+01,2.157274e+01,2.155197e+01,2.148963e+01,2.152427e+01,2.152427e+01,2.143419e+01,2.146884e+01,2.144112e+01,2.144112e+01,2.146191e+01,2.140645e+01,2.130932e+01,2.135096e+01,2.142725e+01,2.138565e+01,2.139258e+01,2.142725e+01,2.119126e+01,2.130238e+01,2.130238e+01,2.128850e+01,2.128156e+01,2.133014e+01,2.125378e+01,2.125378e+01,2.123294e+01,2.121905e+01,2.122600e+01,2.126072e+01,2.130932e+01,2.127461e+01,2.133708e+01,2.123989e+01,2.117736e+01,2.128156e+01,2.126767e+01,2.134402e+01,2.120515e+01,2.135096e+01,2.128850e+01,2.128850e+01,2.119126e+01,2.137871e+01,2.129544e+01,2.132320e+01,2.126767e+01,2.135096e+01,2.122600e+01,2.114955e+01,2.121905e+01,2.116345e+01,2.115650e+01,2.118431e+01,2.117736e+01,2.120515e+01,2.119126e+01,2.117736e+01,2.114260e+01,2.109392e+01,2.102434e+01,2.108696e+01,2.102434e+01,2.144112e+01,2.191141e+01,2.189071e+01,2.205621e+01,2.209066e+01,2.201486e+01,2.207688e+01,2.202176e+01,2.203554e+01,2.203554e+01,2.220769e+01,2.204243e+01,2.202865e+01,2.200797e+01,2.201486e+01,2.202176e+01,2.200797e+01,2.202865e+01,2.202176e+01,2.211132e+01,2.209755e+01,2.210443e+01,2.211821e+01,2.224896e+01,2.229022e+01,2.220769e+01,2.228334e+01,2.225584e+01,2.226959e+01,2.235894e+01,2.234520e+01,2.250997e+01,2.254426e+01,2.249625e+01,2.240702e+01,2.246194e+01,2.230396e+01,2.244135e+01,2.241389e+01,2.242075e+01,2.244821e+01,2.243448e+01,2.246194e+01,2.242762e+01,2.240015e+01,2.244135e+01,2.248252e+01,2.246880e+01,2.244135e+01,2.239328e+01,2.246880e+01,2.250997e+01,2.242762e+01,2.246194e+01,2.244821e+01,2.241389e+01,2.242075e+01,2.239328e+01,2.245507e+01,2.238642e+01,2.242075e+01,2.244135e+01,2.246880e+01,2.246880e+01,2.246880e+01,2.244135e+01,2.234520e+01,2.236581e+01,2.237268e+01,2.242762e+01,2.226959e+01,2.220769e+01,2.217328e+01,2.228334e+01,2.221457e+01,2.217328e+01,2.218016e+01,2.218016e+01,2.212509e+01,2.221457e+01,2.220081e+01,2.210443e+01,2.224208e+01,2.224208e+01,2.211821e+01,2.215263e+01,2.211821e+01,2.216640e+01,2.205621e+01,2.220769e+01,2.215952e+01,2.235894e+01,2.214575e+01,2.224208e+01,2.232458e+01,2.218016e+01,2.214575e+01,2.220081e+01,2.218016e+01,2.221457e+01,2.216640e+01,2.219393e+01,2.228334e+01,2.217328e+01,2.229709e+01,2.221457e+01,2.230396e+01,2.229022e+01,2.227647e+01,2.227647e+01,2.240015e+01,2.234520e+01,2.226271e+01,2.217328e+01,2.224896e+01,2.231771e+01,2.222145e+01,2.221457e+01,2.221457e+01,2.220769e+01,2.220769e+01,2.227647e+01,2.209066e+01,2.220769e+01,2.229709e+01,2.230396e+01,2.235894e+01,2.234520e+01,2.242075e+01,2.234520e+01,2.234520e+01,2.238642e+01,2.240015e+01,2.250997e+01,2.248939e+01,2.243448e+01,2.252369e+01,2.255798e+01,2.253055e+01,2.254426e+01,2.255798e+01,2.254426e+01,2.255798e+01,2.242075e+01,2.253741e+01,2.241389e+01,2.242762e+01,2.244135e+01,2.240015e+01,2.242075e+01,2.233833e+01,2.233146e+01
2.191141e+01,2.183548e+01,2.182858e+01,2.182858e+01,2.174567e+01,2.168345e+01,2.185620e+01,2.178713e+01,2.173185e+01,2.178713e+01,2.187000e+01,2.187691e+01,2.185620e+01,2.187691e+01,2.190451e+01,2.190451e+01,2.195970e+01,2.197349e+01,2.181476e+01,2.200107e+01,2.195970e+01,2.195280e+01,2.188381e+01,2.193901e+01,2.196660e+01,2.193211e+01,2.204932e+01,2.202865e+01,2.211821e+01,2.202865e+01,2.197349e+01,2.202176e+01,2.209755e+01,2.200107e+01,2.202176e+01,2.196660e+01,2.195280e+01,2.210443e+01,2.198729e+01,2.195970e+01,2.201486e+01,2.211132e+01,2.208377e+01,2.209755e+01,2.218016e+01,2.203554e+01,2.213198e+01,2.206310e+01,2.212509e+01,2.206310e+01,2.221457e+01,2.220769e+01,2.215263e+01,2.220081e+01,2.203554e+01,2.212509e+01,2.218016e+01,2.218705e+01,2.225584e+01,2.229709e+01,2.237268e+01,2.218016e+01,2.215952e+01,2.218705e+01,2.216640e+01,2.217328e+01,2.213198e+01,2.240015e+01,2.213886e+01,2.211132e+01,2.225584e+01,2.218016e+01,2.215263e+01,2.224208e+01,2.231084e+01,2.220769e+01,2.220081e+01,2.235894e+01,2.221457e+01,2.234520e+01,2.229022e+01,2.228334e+01,2.225584e+01,2.233833e+01,2.239328e+01,2.232458e+01,2.236581e+01,2.220769e+01,2.229022e+01,2.233833e+01,2.233146e+01,2.231771e+01,2.233146e+01,2.229022e+01,2.235207e+01,2.232458e+01,2.231771e+01,2.229709e+01,2.241389e+01,2.211821e+01,2.229022e+01,2.230396e+01,2.233833e+01,2.229022e+01,2.223520e+01,2.220769e+01,2.220769e+01,2.223520e+01,2.222833e+01,2.220081e+01,2.226271e+01,2.213886e+01,2.229022e+01,2.229709e+01,2.231771e+01,2.225584e+01,2.221457e+01,2.224896e+01,2.222145e+01,2.221457e+01,2.219393e+01,2.220769e+01,2.233833e+01,2.224896e+01,2.224896e+01,2.224208e+01,2.222145e+01,2.222833e+01,2.222145e+01,2.216640e+01,2.224896e+01,2.213886e+01,2.226959e+01,2.223520e+01,2.233146e+01,2.222833e+01,2.218705e+01,2.218016e+01,2.220769e+01,2.231084e+01,2.224896e+01,2.234520e+01,2.221457e+01,2.226959e+01,2.220081e+01,2.218705e+01,2.219393e+01,2.224896e+01,2.228334e+01,2.222145e+01,2.226271e+01,2.228334e+01,2.231084e+01,2.233833e+01,2.230396e+01,2.226959e+01,2.224208e+01,2.240015e+01,2.238642e+01,2.236581e+01,2.242762e+01,2.232458e+01,2.237268e+01,2.240015e+01,2.240702e+01,2.251683e+01,2.237955e+01,2.244821e+01,2.242075e+01,2.241389e+01,2.233146e+01,2.251683e+01,2.241389e+01,2.243448e+01,2.250997e+01,2.243448e+01,2.248252e+01,2.242075e+01,2.241389e+01,2.238642e+01,2.248252e+01,2.247566e+01,2.250997e+01,2.240015e+01,2.245507e+01,2.252369e+01,2.244821e+01,2.251683e+01,2.251683e+01,2.246194e+01,2.232458e+01,2.236581e+01,2.236581e+01,2.234520e+01,2.235207e+01,2.231084e+01,2.213886e+01,2.211821e+01,2.167654e+01,2.164887e+01,2.157274e+01,2.160043e+01,2.156582e+01,2.154505e+01,2.160735e+01,2.155890e+01,2.157967e+01,2.155890e+01,2.154505e+01,2.181476e+01,2.186310e+01,2.169728e+01,2.187000e+01,2.169037e+01,2.173185e+01,2.171111e+01,2.168345e+01,2.175258e+01,2.173876e+01,2.178713e+01,2.173185e+01,2.187000e+01,2.189071e+01,2.178022e+01,2.190451e+01,2.189071e+01,2.191141e+01,2.195970e+01,2.187691e+01,2.187691e+01,2.187691e+01,2.173876e+01,2.189071e+01,2.196660e+01,2.209066e+01,2.206999e+01,2.206310e+01,2.206310e+01,2.200107e+01,2.195280e+01,2.173185e+01,2.178713e+01,2.179404e+01,2.182858e+01,2.183548e+01,2.195280e+01,2.215263e+01,2.208377e+01,2.211132e+01,2.213886e+01,2.212509e+01,2.222145e+01,2.223520e+01,2.222833e+01,2.220081e+01,2.222145e+01,2.213886e+01,2.216640e+01,2.221457e+01,2.212509e+01,2.212509e+01,2.206310e+01,2.203554e+01,2.197349e+01,2.182167e+01,2.171111e+01,2.148270e+01,2.157967e+01,2.155890e+01,2.160735e+01,2.165579e+01,2.175258e+01,2.169728e+01,2.178022e+01,2.167654e+01,2.180095e+01,2.180786e+01,2.169037e+01,2.193901e+01,2.165579e+01,2.163503e+01,2.164887e+01,2.163503e+01,2.184929e+01,2.194591e+01,2.216640e+01,2.238642e+01,2.235207e+01,2.236581e+01,2.230396e+01,2.225584e+01,2.238642e+01,2.225584e+01,2.229709e+01,2.233146e+01,2.227647e+01,2.222833e+01,2.227647e+01,2.223520e+01,2.235207e+01,2.226271e+01,2.216640e+01,2.222833e+01,2.215263e+01,2.214575e+01,2.214575e+01,2.220769e+01,2.225584e+01,2.222833e+01,2.210443e+01,2.219393e+01,2.211132e+01,2.219393e+01,2.212509e+01,2.213198e+01,2.220769e+01,2.211821e+01,2.213198e+01,2.209755e+01,2.216640e+01,2.216640e+01,2.231084e+01,2.213886e+01,2.209755e+01,2.214575e+01,2.210443e+01,2.209066e+01,2.209066e+01,2.218705e+01,2.209066e+01,2.223520e+01,2.218016e+01,2.217328e+01,2.219393e+01,2.221457e+01,2.222145e+01,2.222833e+01,2.216640e+01,2.215263e+01,2.219393e+01,2.221457e+01,2.217328e+01,2.210443e+01,2.209066e+01,2.224208e+01,2.194591e+01,2.153812e+01,2.155890e+01,2.145498e+01,2.145498e+01,2.138565e+01,2.137871e+01,2.137177e+01,2.140645e+01,2.133014e+01,2.174567e+01,2.193901e+01,2.198039e+01,2.179404e+01,2.193901e+01,2.163503e+01,2.157274e+01,2.142032e+01,2.142032e+01,2.144112e+01,2.143419e+01,2.142032e+01,2.141339e+01,2.135790e+01,2.132320e+01,2.122600e+01,2.121210e+01,2.126072e+01,2.128156e+01,2.133708e+01,2.132320e+01,2.139258e+01,2.138565e+01,2.138565e+01,2.142032e+01,2.147577e+01,2.148963e+01,2.142032e+01,2.157274e+01,2.150349e+01,2.152427e+01,2.151042e+01,2.150349e+01,2.145498e+01,2.143419e+01,2.152427e+01,2.148963e+01,2.121905e+01,2.107305e+01,2.137177e+01,2.142032e+01,2.144805e+01,2.145498e+01,2.151042e+01,2.143419e+01,2.142032e+01,2.146191e+01,2.145498e+01,2.144805e+01,2.149656e+01,2.149656e+01,2.153812e+01,2.161427e+01,2.134402e+01,2.149656e+01,2.141339e+01,2.149656e+01,2.146191e+01,2.148270e+01,2.144805e+01,2.143419e+01,2.152427e+01,2.139258e+01,2.156582e+01,2.141339e+01,2.153119e+01,2.152427e+01,2.138565e+01,2.146191e+01,2.148270e+01,2.147577e+01,2.157967e+01,2.151042e+01,2.151042e+01,2.148963e+01,2.140645e+01,2.144805e+01,2.139258e+01,2.136484e+01,2.133708e+01,2.139258e+01,2.136484e+01,2.127461e+01,2.131626e+01,2.142032e+01,2.130932e+01,2.141339e+01,2.123294e+01,2.129544e+01,2.126767e+01,2.130932e+01,2.130238e+01,2.130932e+01,2.123294e+01,2.117041e+01,2.134402e+01,2.130238e+01,2.129544e+01,2.118431e+01,2.129544e+01,2.124683e+01,2.126072e+01,2.130932e+01,2.123294e+01,2.122600e+01,2.130932e+01,2.126767e+01,2.131626e+01,2.132320e+01,2.128850e+01,2.128156e+01,2.123989e+01,2.118431e+01,2.119820e+01,2.132320e+01,2.137177e+01,2.126072e+01,2.119820e+01,2.112869e+01,2.113565e+01,2.112869e+01,2.121905e+01,2.120515e+01,2.124683e+01,2.117736e+01,2.117736e+01,2.113565e+01,2.111479e+01,2.102434e+01,2.109392e+01,2.107305e+01,2.101042e+01,2.103826e+01,2.118431e+01,2.157274e+01,2.190451e+01,2.189761e+01,2.210443e+01,2.207688e+01,2.209066e+01,2.209066e+01,2.231084e+01,2.222833e+01,2.202865e+01,2.211132e+01,2.206999e+01,2.198039e+01,2.198729e+01,2.202865e+01,2.204932e+01,2.205621e+01,2.199418e+01,2.212509e+01,2.209066e+01,2.204243e+01,2.211821e+01,2.213198e+01,2.218705e+01,2.224208e+01,2.223520e+01,2.229022e+01,2.231771e+01,2.230396e+01,2.237268e+01,2.255112e+01,2.230396e+01,2.244821e+01,2.239328e+01,2.241389e+01,2.237268e+01,2.237955e+01,2.242762e+01,2.240702e+01,2.243448e+01,2.243448e+01,2.245507e+01,2.240702e+01,2.242762e+01,2.244135e+01,2.237268e+01,2.244821e+01,2.244135e+01,2.253055e+01,2.247566e+01,2.242075e+01,2.241389e+01,2.249625e+01,2.238642e+01,2.238642e+01,2.237955e+01,2.240015e+01,2.248939e+01,2.240015e+01,2.242762e+01,2.248252e+01,2.243448e+01,2.253741e+01,2.246194e+01,2.242075e+01,2.235894e+01,2.232458e+01,2.231084e+01,2.229022e+01,2.228334e+01,2.222833e+01,2.230396e+01,2.217328e+01,2.220081e+01,2.220081e+01,2.220081e+01,2.208377e+01,2.221457e+01,2.218016e+01,2.209755e+01,2.219393e+01,2.221457e+01,2.226271e+01,2.219393e+01,2.221457e+01,2.222833e+01,2.219393e+01,2.220769e+01,2.218016e+01,2.226271e+01,2.224208e+01,2.220081e+01,2.217328e+01,2.226959e+01,2.233833e+01,2.211132e+01,2.216640e+01,2.219393e+01,2.225584e+01,2.231771e+01,2.224208e+01,2.229022e+01,2.220081e+01,2.227647e+01,2.227647e+01,2.231084e+01,2.225584e+01,2.233833e+01,2.226959e+01,2.226271e+01,2.225584e+01,2.224208e+01,2.231771e+01,2.221457e+01,2.218705e+01,2.218016e+01,2.224208e+01,2.218705e+01,2.231771e+01,2.218705e+01,2.218705e+01,2.218705e+01,2.224896e+01,2.233833e+01,2.234520e+01,2.242075e+01,2.234520e+01,2.236581e+01,2.221457e+01,2.242762e+01,2.245507e+01,2.248252e+01,2.235207e+01,2.243448e+01,2.249625e+01,2.249625e+01,2.256483e+01,2.266763e+01,2.250997e+01,2.253055e+01,2.247566e+01,2.233146e+01,2.232458e+01,2.242762e+01,2.236581e+01,2.239328e+01,2.240702e+01,2.235207e+01,2.229022e+01,2.236581e+01,2.216640e+01
2.171802e+01,2.187000e+01,2.184239e+01,2.166270e+01,2.193211e+01,2.174567e+01,2.177332e+01,2.156582e+01,2.184929e+01,2.182167e+01,2.172494e+01,2.182858e+01,2.195280e+01,2.186310e+01,2.190451e+01,2.187691e+01,2.192521e+01,2.187691e+01,2.191831e+01,2.194591e+01,2.199418e+01,2.189761e+01,2.182858e+01,2.205621e+01,2.184929e+01,2.195970e+01,2.198729e+01,2.193901e+01,2.197349e+01,2.200797e+01,2.193901e+01,2.212509e+01,2.198039e+01,2.200107e+01,2.208377e+01,2.209755e+01,2.209066e+01,2.201486e+01,2.207688e+01,2.202865e+01,2.205621e+01,2.206999e+01,2.208377e+01,2.206999e+01,2.214575e+01,2.212509e+01,2.213886e+01,2.215952e+01,2.221457e+01,2.217328e+01,2.222145e+01,2.220769e+01,2.222833e+01,2.220769e+01,2.224896e+01,2.218016e+01,2.211132e+01,2.217328e+01,2.227647e+01,2.231771e+01,2.225584e+01,2.230396e+01,2.213886e+01,2.220081e+01,2.224896e+01,2.215952e+01,2.223520e+01,2.229022e+01,2.212509e+01,2.225584e+01,2.221457e+01,2.226959e+01,2.224208e+01,2.223520e+01,2.220081e+01,2.233833e+01,2.234520e+01,2.216640e+01,2.222145e+01,2.227647e+01,2.230396e+01,2.226959e+01,2.226271e+01,2.229709e+01,2.232458e+01,2.229709e+01,2.231771e+01,2.224208e+01,2.232458e+01,2.228334e+01,2.230396e+01,2.222145e+01,2.232458e+01,2.230396e+01,2.237955e+01,2.229709e+01,2.230396e+01,2.227647e+01,2.240015e+01,2.229709e+01,2.231084e+01,2.229022e+01,2.239328e+01,2.229022e+01,2.222833e+01,2.221457e+01,2.220081e+01,2.226271e+01,2.222833e+01,2.220081e+01,2.226959e+01,2.222833e+01,2.210443e+01,2.230396e+01,2.229709e+01,2.221457e+01,2.214575e+01,2.224896e+01,2.218705e+01,2.220769e+01,2.218705e+01,2.224208e+01,2.235894e+01,2.216640e+01,2.219393e+01,2.223520e+01,2.226959e+01,2.224208e+01,2.224208e+01,2.218705e+01,2.229022e+01,2.226959e+01,2.222833e+01,2.225584e+01,2.222145e+01,2.215952e+01,2.222145e+01,2.222145e+01,2.228334e+01,2.220769e+01,2.224896e+01,2.224208e+01,2.220769e+01,2.231084e+01,2.214575e+01,2.222145e+01,2.229022e+01,2.233833e+01,2.217328e+01,2.231084e+01,2.229022e+01,2.233833e+01,2.229709e+01,2.240015e+01,2.230396e+01,2.234520e+01,2.239328e+01,2.229022e+01,2.235207e+01,2.235207e+01,2.240015e+01,2.231771e+01,2.238642e+01,2.239328e+01,2.239328e+01,2.249625e+01,2.240702e+01,2.244135e+01,2.243448e+01,2.241389e+01,2.240015e+01,2.242075e+01,2.239328e+01,2.237955e+01,2.239328e+01,2.242762e+01,2.244135e+01,2.248252e+01,2.253055e+01,2.250311e+01,2.250997e+01,2.247566e+01,2.235207e+01,2.248252e+01,2.243448e+01,2.243448e+01,2.251683e+01,2.243448e+01,2.244821e+01,2.231084e+01,2.237955e+01,2.243448e+01,2.235894e+01,2.236581e+01,2.218705e+01,2.170420e+01,2.170420e+01,2.152427e+01,2.156582e+01,2.164887e+01,2.164195e+01,2.158659e+01,2.160043e+01,2.158659e+01,2.166962e+01,2.157967e+01,2.166270e+01,2.171802e+01,2.174567e+01,2.173185e+01,2.172494e+01,2.182858e+01,2.171111e+01,2.175949e+01,2.184929e+01,2.180786e+01,2.199418e+01,2.182167e+01,2.182167e+01,2.193901e+01,2.191831e+01,2.190451e+01,2.178022e+01,2.180095e+01,2.186310e+01,2.184239e+01,2.198729e+01,2.193901e+01,2.183548e+01,2.188381e+01,2.190451e+01,2.189071e+01,2.189761e+01,2.190451e+01,2.207688e+01,2.198039e+01,2.202176e+01,2.204243e+01,2.203554e+01,2.195970e+01,2.179404e+01,2.179404e+01,2.187691e+01,2.190451e+01,2.212509e+01,2.213198e+01,2.206999e+01,2.212509e+01,2.224896e+01,2.223520e+01,2.226959e+01,2.221457e+01,2.224896e+01,2.228334e+01,2.227647e+01,2.222833e+01,2.224896e+01,2.227647e+01,2.200797e+01,2.198039e+01,2.198039e+01,2.216640e+01,2.204243e+01,2.199418e+01,2.166270e+01,2.160735e+01,2.151734e+01,2.151042e+01,2.155890e+01,2.153812e+01,2.171111e+01,2.178022e+01,2.164887e+01,2.174567e+01,2.179404e+01,2.163503e+01,2.170420e+01,2.180786e+01,2.168345e+01,2.170420e+01,2.168345e+01,2.163503e+01,2.158659e+01,2.191141e+01,2.215952e+01,2.218016e+01,2.231771e+01,2.239328e+01,2.226271e+01,2.229709e+01,2.229022e+01,2.224896e+01,2.226959e+01,2.220769e+01,2.219393e+01,2.217328e+01,2.222145e+01,2.218705e+01,2.226271e+01,2.209755e+01,2.220769e+01,2.221457e+01,2.217328e+01,2.235207e+01,2.220081e+01,2.220769e+01,2.209066e+01,2.220081e+01,2.220081e+01,2.215263e+01,2.204243e+01,2.209755e+01,2.211132e+01,2.220081e+01,2.215263e+01,2.217328e+01,2.215263e+01,2.217328e+01,2.215952e+01,2.218705e+01,2.210443e+01,2.210443e+01,2.215263e+01,2.208377e+01,2.208377e+01,2.213198e+01,2.215263e+01,2.214575e+01,2.209755e+01,2.215263e+01,2.215263e+01,2.213198e+01,2.220081e+01,2.211132e+01,2.205621e+01,2.213886e+01,2.215263e+01,2.220769e+01,2.213198e+01,2.219393e+01,2.219393e+01,2.221457e+01,2.222145e+01,2.212509e+01,2.211821e+01,2.160043e+01,2.156582e+01,2.137177e+01,2.146191e+01,2.134402e+01,2.143419e+01,2.133014e+01,2.139258e+01,2.139258e+01,2.159351e+01,2.178713e+01,2.196660e+01,2.178022e+01,2.143419e+01,2.144805e+01,2.139952e+01,2.139258e+01,2.142032e+01,2.133014e+01,2.141339e+01,2.143419e+01,2.145498e+01,2.148963e+01,2.135096e+01,2.128156e+01,2.121210e+01,2.119126e+01,2.128156e+01,2.127461e+01,2.125378e+01,2.128850e+01,2.123294e+01,2.133708e+01,2.139258e+01,2.143419e+01,2.139258e+01,2.148270e+01,2.137177e+01,2.150349e+01,2.146191e+01,2.148963e+01,2.139952e+01,2.145498e+01,2.151734e+01,2.137177e+01,2.137871e+01,2.144112e+01,2.128156e+01,2.104522e+01,2.110088e+01,2.152427e+01,2.137177e+01,2.155890e+01,2.137177e+01,2.146884e+01,2.148963e+01,2.143419e+01,2.146884e+01,2.148963e+01,2.142725e+01,2.146191e+01,2.148963e+01,2.151042e+01,2.153812e+01,2.145498e+01,2.146191e+01,2.142032e+01,2.136484e+01,2.146884e+01,2.139258e+01,2.137177e+01,2.137871e+01,2.139258e+01,2.144805e+01,2.141339e+01,2.143419e+01,2.139952e+01,2.139952e+01,2.137871e+01,2.142725e+01,2.143419e+01,2.141339e+01,2.155197e+01,2.135790e+01,2.137177e+01,2.139952e+01,2.137871e+01,2.137871e+01,2.136484e+01,2.138565e+01,2.135790e+01,2.130932e+01,2.126072e+01,2.137871e+01,2.149656e+01,2.142032e+01,2.142032e+01,2.141339e+01,2.129544e+01,2.130932e+01,2.128850e+01,2.132320e+01,2.130932e+01,2.125378e+01,2.126072e+01,2.119126e+01,2.129544e+01,2.128156e+01,2.127461e+01,2.126767e+01,2.129544e+01,2.108001e+01,2.124683e+01,2.121210e+01,2.125378e+01,2.123989e+01,2.123989e+01,2.127461e+01,2.126072e+01,2.128156e+01,2.132320e+01,2.123989e+01,2.133708e+01,2.117736e+01,2.121210e+01,2.137871e+01,2.124683e+01,2.122600e+01,2.124683e+01,2.119126e+01,2.119820e+01,2.109392e+01,2.105218e+01,2.118431e+01,2.121905e+01,2.112869e+01,2.113565e+01,2.101738e+01,2.111479e+01,2.112174e+01,2.108001e+01,2.095471e+01,2.098256e+01,2.101738e+01,2.142032e+01,2.159351e+01,2.197349e+01,2.200107e+01,2.204243e+01,2.207688e+01,2.208377e+01,2.222145e+01,2.205621e+01,2.215952e+01,2.200107e+01,2.200797e+01,2.201486e+01,2.206999e+01,2.200107e+01,2.199418e+01,2.202176e+01,2.198729e+01,2.200107e+01,2.203554e+01,2.211132e+01,2.196660e+01,2.212509e+01,2.216640e+01,2.222145e+01,2.222833e+01,2.235207e+01,2.231771e+01,2.227647e+01,2.229022e+01,2.235894e+01,2.233833e+01,2.242075e+01,2.243448e+01,2.235207e+01,2.247566e+01,2.242075e+01,2.241389e+01,2.244821e+01,2.242075e+01,2.244135e+01,2.257854e+01,2.242762e+01,2.256483e+01,2.246194e+01,2.248252e+01,2.241389e+01,2.253741e+01,2.244135e+01,2.261967e+01,2.240702e+01,2.242075e+01,2.240015e+01,2.242075e+01,2.240702e+01,2.244135e+01,2.251683e+01,2.251683e+01,2.252369e+01,2.240702e+01,2.250311e+01,2.244135e+01,2.246194e+01,2.231771e+01,2.235894e+01,2.232458e+01,2.236581e+01,2.229022e+01,2.231084e+01,2.229709e+01,2.223520e+01,2.220769e+01,2.220769e+01,2.218016e+01,2.227647e+01,2.215952e+01,2.219393e+01,2.214575e+01,2.217328e+01,2.206999e+01,2.221457e+01,2.221457e+01,2.220769e+01,2.217328e+01,2.228334e+01,2.230396e+01,2.221457e+01,2.223520e+01,2.218705e+01,2.217328e+01,2.215263e+01,2.228334e+01,2.236581e+01,2.226271e+01,2.225584e+01,2.222145e+01,2.221457e+01,2.210443e+01,2.222145e+01,2.221457e+01,2.233833e+01,2.231084e+01,2.230396e+01,2.231771e+01,2.226271e+01,2.222145e+01,2.223520e+01,2.227647e+01,2.224896e+01,2.226271e+01,2.226271e+01,2.228334e+01,2.224208e+01,2.235207e+01,2.231771e+01,2.229022e+01,2.221457e+01,2.218705e+01,2.228334e+01,2.224208e+01,2.222833e+01,2.234520e+01,2.233833e+01,2.222145e+01,2.239328e+01,2.224208e+01,2.244135e+01,2.244135e+01,2.240015e+01,2.229022e+01,2.247566e+01,2.248939e+01,2.232458e+01,2.251683e+01,2.251683e+01,2.262652e+01,2.247566e+01,2.258540e+01,2.267447e+01,2.253055e+01,2.255112e+01,2.255798e+01,2.234520e+01,2.244135e+01,2.235894e+01,2.248939e+01,2.236581e+01,2.241389e+01,2.244135e+01,2.229709e+01,2.235207e+01
2.184929e+01,2.198039e+01,2.191141e+01,2.182167e+01,2.169728e+01,2.153812e+01,2.174567e+01,2.167654e+01,2.179404e+01,2.175258e+01,2.187000e+01,2.188381e+01,2.184929e+01,2.189071e+01,2.193901e+01,2.193211e+01,2.191831e+01,2.193211e+01,2.204243e+01,2.192521e+01,2.194591e+01,2.211821e+01,2.193211e+01,2.198039e+01,2.194591e+01,2.204243e+01,2.196660e+01,2.198729e+01,2.202176e+01,2.210443e+01,2.195280e+01,2.198039e+01,2.203554e+01,2.208377e+01,2.209066e+01,2.202865e+01,2.198729e+01,2.211132e+01,2.209066e+01,2.206310e+01,2.203554e+01,2.212509e+01,2.207688e+01,2.207688e+01,2.209755e+01,2.208377e+01,2.220081e+01,2.221457e+01,2.218705e+01,2.207688e+01,2.215263e+01,2.214575e+01,2.213198e+01,2.224896e+01,2.224896e+01,2.226959e+01,2.217328e+01,2.227647e+01,2.218705e+01,2.229709e+01,2.231084e+01,2.220081e+01,2.224208e+01,2.219393e+01,2.222833e+01,2.227647e+01,2.240702e+01,2.213198e+01,2.219393e+01,2.215263e+01,2.224896e+01,2.214575e+01,2.220769e+01,2.233146e+01,2.223520e+01,2.219393e+01,2.229022e+01,2.220081e+01,2.221457e+01,2.219393e+01,2.234520e+01,2.223520e+01,2.229022e+01,2.236581e+01,2.232458e+01,2.223520e+01,2.232458e+01,2.226271e+01,2.226959e+01,2.229709e+01,2.229709e+01,2.236581e+01,2.239328e+01,2.229709e+01,2.228334e+01,2.226271e+01,2.229022e+01,2.223520e+01,2.227647e+01,2.242762e+01,2.229022e+01,2.223520e+01,2.231084e+01,2.224208e+01,2.226271e+01,2.226271e+01,2.222145e+01,2.225584e+01,2.220769e+01,2.220081e+01,2.222145e+01,2.210443e+01,2.221457e+01,2.213198e+01,2.231771e+01,2.229709e+01,2.233146e+01,2.223520e+01,2.226959e+01,2.218705e+01,2.222833e+01,2.232458e+01,2.231771e+01,2.223520e+01,2.220081e+01,2.225584e+01,2.225584e+01,2.224896e+01,2.226959e+01,2.220081e+01,2.226271e+01,2.220081e+01,2.226271e+01,2.226959e+01,2.222833e+01,2.229022e+01,2.224208e+01,2.224896e+01,2.220081e+01,2.222145e+01,2.222833e+01,2.223520e+01,2.231084e+01,2.230396e+01,2.232458e+01,2.220769e+01,2.233833e+01,2.223520e+01,2.233833e+01,2.227647e+01,2.231771e+01,2.236581e+01,2.232458e+01,2.231771e+01,2.229022e+01,2.244821e+01,2.242075e+01,2.231084e+01,2.233833e+01,2.238642e+01,2.236581e+01,2.237955e+01,2.238642e+01,2.240015e+01,2.239328e+01,2.243448e+01,2.242075e+01,2.244821e+01,2.232458e+01,2.244135e+01,2.239328e+01,2.249625e+01,2.247566e+01,2.246194e+01,2.249625e+01,2.245507e+01,2.257854e+01,2.245507e+01,2.249625e+01,2.252369e+01,2.244135e+01,2.253055e+01,2.249625e+01,2.248252e+01,2.248252e+01,2.244135e+01,2.249625e+01,2.253741e+01,2.239328e+01,2.237268e+01,2.252369e+01,2.230396e+01,2.231771e+01,2.209755e+01,2.207688e+01,2.142725e+01,2.157274e+01,2.156582e+01,2.152427e+01,2.163503e+01,2.148963e+01,2.167654e+01,2.161427e+01,2.175949e+01,2.173876e+01,2.169728e+01,2.172494e+01,2.173185e+01,2.174567e+01,2.179404e+01,2.171111e+01,2.175949e+01,2.185620e+01,2.184929e+01,2.206310e+01,2.186310e+01,2.193901e+01,2.184239e+01,2.198039e+01,2.200797e+01,2.198039e+01,2.192521e+01,2.184239e+01,2.187691e+01,2.187691e+01,2.184929e+01,2.189761e+01,2.183548e+01,2.181476e+01,2.183548e+01,2.184239e+01,2.185620e+01,2.190451e+01,2.200107e+01,2.205621e+01,2.206999e+01,2.193211e+01,2.196660e+01,2.199418e+01,2.197349e+01,2.187000e+01,2.184929e+01,2.182858e+01,2.182858e+01,2.209066e+01,2.216640e+01,2.216640e+01,2.224896e+01,2.216640e+01,2.225584e+01,2.223520e+01,2.223520e+01,2.223520e+01,2.224208e+01,2.223520e+01,2.222833e+01,2.224208e+01,2.221457e+01,2.175949e+01,2.149656e+01,2.160043e+01,2.202176e+01,2.204243e+01,2.204243e+01,2.193901e+01,2.149656e+01,2.165579e+01,2.162811e+01,2.168345e+01,2.160043e+01,2.162119e+01,2.168345e+01,2.162119e+01,2.176641e+01,2.178713e+01,2.167654e+01,2.180095e+01,2.167654e+01,2.176641e+01,2.166270e+01,2.170420e+01,2.160043e+01,2.185620e+01,2.217328e+01,2.226959e+01,2.230396e+01,2.215952e+01,2.218705e+01,2.224896e+01,2.224896e+01,2.223520e+01,2.220769e+01,2.219393e+01,2.220081e+01,2.232458e+01,2.218016e+01,2.226271e+01,2.212509e+01,2.219393e+01,2.211132e+01,2.213886e+01,2.213198e+01,2.222145e+01,2.226959e+01,2.207688e+01,2.219393e+01,2.211132e+01,2.206310e+01,2.216640e+01,2.208377e+01,2.213198e+01,2.204932e+01,2.209066e+01,2.216640e+01,2.216640e+01,2.213198e+01,2.215263e+01,2.213886e+01,2.198729e+01,2.211132e+01,2.209066e+01,2.210443e+01,2.209066e+01,2.212509e+01,2.213198e+01,2.215952e+01,2.211821e+01,2.210443e+01,2.209755e+01,2.204243e+01,2.210443e+01,2.213886e+01,2.207688e+01,2.222833e+01,2.222145e+01,2.211821e+01,2.220081e+01,2.213198e+01,2.213886e+01,2.212509e+01,2.211821e+01,2.218016e+01,2.214575e+01,2.208377e+01,2.187691e+01,2.142032e+01,2.146191e+01,2.142725e+01,2.144112e+01,2.136484e+01,2.142032e+01,2.133014e+01,2.135790e+01,2.160735e+01,2.197349e+01,2.182858e+01,2.177332e+01,2.161427e+01,2.132320e+01,2.136484e+01,2.127461e+01,2.139258e+01,2.142725e+01,2.147577e+01,2.143419e+01,2.142032e+01,2.146191e+01,2.145498e+01,2.144112e+01,2.129544e+01,2.119126e+01,2.135790e+01,2.128156e+01,2.128156e+01,2.125378e+01,2.134402e+01,2.130932e+01,2.128156e+01,2.133708e+01,2.135790e+01,2.142032e+01,2.140645e+01,2.144805e+01,2.150349e+01,2.142032e+01,2.150349e+01,2.140645e+01,2.144805e+01,2.141339e+01,2.139258e+01,2.131626e+01,2.136484e+01,2.117041e+01,2.112869e+01,2.110783e+01,2.135790e+01,2.122600e+01,2.137871e+01,2.145498e+01,2.146191e+01,2.144805e+01,2.142032e+01,2.140645e+01,2.137871e+01,2.137177e+01,2.137871e+01,2.139952e+01,2.153119e+01,2.142032e+01,2.151042e+01,2.137177e+01,2.138565e+01,2.144805e+01,2.131626e+01,2.139258e+01,2.142725e+01,2.140645e+01,2.139952e+01,2.142032e+01,2.142725e+01,2.135790e+01,2.139952e+01,2.141339e+01,2.146884e+01,2.137871e+01,2.137871e+01,2.143419e+01,2.146884e+01,2.142032e+01,2.133014e+01,2.146884e+01,2.136484e+01,2.135790e+01,2.134402e+01,2.137871e+01,2.139952e+01,2.135096e+01,2.136484e+01,2.137871e+01,2.133708e+01,2.141339e+01,2.131626e+01,2.129544e+01,2.132320e+01,2.130238e+01,2.123294e+01,2.133708e+01,2.125378e+01,2.130238e+01,2.123294e+01,2.123989e+01,2.130932e+01,2.123294e+01,2.130238e+01,2.131626e+01,2.122600e+01,2.130932e+01,2.125378e+01,2.124683e+01,2.117736e+01,2.121210e+01,2.122600e+01,2.126767e+01,2.139952e+01,2.126767e+01,2.130238e+01,2.133014e+01,2.121905e+01,2.113565e+01,2.114260e+01,2.123294e+01,2.123989e+01,2.117041e+01,2.122600e+01,2.114955e+01,2.114955e+01,2.113565e+01,2.110088e+01,2.126767e+01,2.108001e+01,2.121905e+01,2.117736e+01,2.106609e+01,2.111479e+01,2.113565e+01,2.111479e+01,2.101738e+01,2.098953e+01,2.099649e+01,2.116345e+01,2.156582e+01,2.174567e+01,2.185620e+01,2.207688e+01,2.201486e+01,2.206999e+01,2.208377e+01,2.206999e+01,2.201486e+01,2.204932e+01,2.198039e+01,2.199418e+01,2.195970e+01,2.199418e+01,2.198039e+01,2.202176e+01,2.191141e+01,2.205621e+01,2.202865e+01,2.207688e+01,2.206310e+01,2.215952e+01,2.209066e+01,2.204243e+01,2.221457e+01,2.222833e+01,2.210443e+01,2.234520e+01,2.232458e+01,2.233146e+01,2.234520e+01,2.237268e+01,2.241389e+01,2.239328e+01,2.244821e+01,2.248939e+01,2.241389e+01,2.244821e+01,2.240015e+01,2.243448e+01,2.245507e+01,2.246194e+01,2.247566e+01,2.241389e+01,2.242762e+01,2.244135e+01,2.243448e+01,2.257169e+01,2.253741e+01,2.239328e+01,2.240015e+01,2.243448e+01,2.240702e+01,2.250997e+01,2.242075e+01,2.246194e+01,2.255112e+01,2.250311e+01,2.244821e+01,2.251683e+01,2.246880e+01,2.242762e+01,2.238642e+01,2.235894e+01,2.240015e+01,2.224896e+01,2.229022e+01,2.227647e+01,2.213886e+01,2.227647e+01,2.214575e+01,2.234520e+01,2.218016e+01,2.207688e+01,2.215263e+01,2.214575e+01,2.224208e+01,2.222833e+01,2.223520e+01,2.221457e+01,2.205621e+01,2.226959e+01,2.226959e+01,2.223520e+01,2.235207e+01,2.226271e+01,2.218705e+01,2.220769e+01,2.214575e+01,2.225584e+01,2.228334e+01,2.222145e+01,2.225584e+01,2.218016e+01,2.231084e+01,2.220769e+01,2.218705e+01,2.221457e+01,2.232458e+01,2.229022e+01,2.230396e+01,2.235894e+01,2.224896e+01,2.228334e+01,2.224896e+01,2.230396e+01,2.234520e+01,2.213886e+01,2.220081e+01,2.230396e+01,2.218705e+01,2.224896e+01,2.221457e+01,2.213198e+01,2.228334e+01,2.227647e+01,2.224208e+01,2.226271e+01,2.222833e+01,2.224896e+01,2.230396e+01,2.230396e+01,2.231084e+01,2.236581e+01,2.243448e+01,2.238642e+01,2.240015e+01,2.242075e+01,2.245507e+01,2.250997e+01,2.250311e+01,2.250311e+01,2.250997e+01,2.251683e+01,2.236581e+01,2.257169e+01,2.252369e+01,2.250997e+01,2.261282e+01,2.254426e+01,2.257854e+01,2.255112e+01,2.255112e+01,2.246194e+01,2.248252e+01,2.245507e+01,2.238642e+01,2.229022e+01,2.240702e+01,2.226959e+01
2.173876e+01,2.175949e+01,2.186310e+01,2.180786e+01,2.177332e+01,2.173876e+01,2.173876e+01,2.177332e+01,2.175258e+01,2.163503e+01,2.182858e+01,2.184239e+01,2.184929e+01,2.185620e+01,2.193901e+01,2.191831e+01,2.184929e+01,2.181476e+01,2.189761e+01,2.187691e+01,2.185620e+01,2.183548e+01,2.190451e+01,2.194591e+01,2.200797e+01,2.203554e+01,2.202176e+01,2.201486e+01,2.198039e+01,2.202176e+01,2.192521e+01,2.205621e+01,2.209066e+01,2.209066e+01,2.205621e+01,2.205621e+01,2.206310e+01,2.204243e+01,2.205621e+01,2.203554e+01,2.210443e+01,2.216640e+01,2.213198e+01,2.215263e+01,2.210443e+01,2.215952e+01,2.223520e+01,2.211821e+01,2.207688e+01,2.218705e+01,2.209755e+01,2.212509e+01,2.216640e+01,2.220769e+01,2.217328e+01,2.217328e+01,2.219393e+01,2.219393e+01,2.215952e+01,2.220769e+01,2.222833e+01,2.224896e+01,2.220769e+01,2.230396e+01,2.218705e+01,2.216640e+01,2.216640e+01,2.214575e+01,2.214575e+01,2.227647e+01,2.217328e+01,2.238642e+01,2.215263e+01,2.222833e+01,2.216640e+01,2.233146e+01,2.226271e+01,2.220769e+01,2.225584e+01,2.215263e+01,2.220081e+01,2.215952e+01,2.222833e+01,2.229709e+01,2.226271e+01,2.235894e+01,2.221457e+01,2.222833e+01,2.221457e+01,2.218705e+01,2.229709e+01,2.226271e+01,2.227647e+01,2.223520e+01,2.231084e+01,2.226959e+01,2.225584e+01,2.226271e+01,2.222145e+01,2.224208e+01,2.219393e+01,2.220081e+01,2.223520e+01,2.224208e+01,2.222145e+01,2.221457e+01,2.220769e+01,2.223520e+01,2.226271e+01,2.224208e+01,2.222833e+01,2.224208e+01,2.222145e+01,2.219393e+01,2.223520e+01,2.224896e+01,2.221457e+01,2.224896e+01,2.220081e+01,2.220769e+01,2.224208e+01,2.231084e+01,2.223520e+01,2.223520e+01,2.204932e+01,2.224896e+01,2.226959e+01,2.226271e+01,2.221457e+01,2.224208e+01,2.222145e+01,2.226959e+01,2.215952e+01,2.222833e+01,2.227647e+01,2.224896e+01,2.222145e+01,2.215952e+01,2.221457e+01,2.229709e+01,2.226959e+01,2.222833e+01,2.227647e+01,2.225584e+01,2.222833e+01,2.225584e+01,2.226959e+01,2.222145e+01,2.232458e+01,2.227647e+01,2.226959e+01,2.233833e+01,2.229709e+01,2.237955e+01,2.233833e+01,2.225584e+01,2.230396e+01,2.233833e+01,2.234520e+01,2.235207e+01,2.235894e+01,2.240702e+01,2.226271e+01,2.240702e+01,2.243448e+01,2.241389e+01,2.231771e+01,2.249625e+01,2.242075e+01,2.246194e+01,2.240702e+01,2.248939e+01,2.242762e+01,2.248252e+01,2.242075e+01,2.246880e+01,2.248939e+01,2.245507e+01,2.249625e+01,2.249625e+01,2.248939e+01,2.248252e+01,2.248252e+01,2.246880e+01,2.246880e+01,2.244135e+01,2.247566e+01,2.242762e+01,2.245507e+01,2.234520e+01,2.236581e+01,2.209755e+01,2.178022e+01,2.152427e+01,2.147577e+01,2.144805e+01,2.145498e+01,2.154505e+01,2.163503e+01,2.162811e+01,2.164195e+01,2.158659e+01,2.165579e+01,2.159351e+01,2.175258e+01,2.175258e+01,2.164195e+01,2.178713e+01,2.171111e+01,2.176641e+01,2.175949e+01,2.180095e+01,2.184239e+01,2.193211e+01,2.186310e+01,2.189761e+01,2.188381e+01,2.198729e+01,2.189071e+01,2.191831e+01,2.180095e+01,2.180786e+01,2.180786e+01,2.185620e+01,2.194591e+01,2.187691e+01,2.187691e+01,2.189071e+01,2.186310e+01,2.190451e+01,2.192521e+01,2.187691e+01,2.184239e+01,2.196660e+01,2.207688e+01,2.209066e+01,2.200797e+01,2.180786e+01,2.173876e+01,2.179404e+01,2.170420e+01,2.178022e+01,2.184239e+01,2.194591e+01,2.208377e+01,2.216640e+01,2.210443e+01,2.209755e+01,2.215263e+01,2.215952e+01,2.224208e+01,2.229709e+01,2.229709e+01,2.224896e+01,2.226959e+01,2.223520e+01,2.209755e+01,2.175949e+01,2.146191e+01,2.145498e+01,2.164195e+01,2.195970e+01,2.213886e+01,2.208377e+01,2.193901e+01,2.157274e+01,2.164887e+01,2.154505e+01,2.158659e+01,2.159351e+01,2.160735e+01,2.165579e+01,2.165579e+01,2.178713e+01,2.163503e+01,2.164887e+01,2.173185e+01,2.178713e+01,2.170420e+01,2.169728e+01,2.167654e+01,2.193901e+01,2.204932e+01,2.215952e+01,2.220081e+01,2.225584e+01,2.222145e+01,2.217328e+01,2.222833e+01,2.230396e+01,2.226959e+01,2.210443e+01,2.213198e+01,2.215263e+01,2.218016e+01,2.213886e+01,2.213198e+01,2.218016e+01,2.210443e+01,2.213886e+01,2.212509e+01,2.222833e+01,2.206999e+01,2.215952e+01,2.220769e+01,2.215263e+01,2.220081e+01,2.206999e+01,2.205621e+01,2.206999e+01,2.204243e+01,2.200797e+01,2.211821e+01,2.213886e+01,2.209755e+01,2.216640e+01,2.208377e+01,2.201486e+01,2.212509e+01,2.204243e+01,2.209066e+01,2.206999e+01,2.211821e+01,2.206999e+01,2.213198e+01,2.200797e+01,2.218705e+01,2.204243e+01,2.212509e+01,2.218705e+01,2.211132e+01,2.207688e+01,2.207688e+01,2.212509e+01,2.216640e+01,2.211821e+01,2.214575e+01,2.215952e+01,2.204932e+01,2.218705e+01,2.202865e+01,2.211821e+01,2.217328e+01,2.185620e+01,2.140645e+01,2.127461e+01,2.142725e+01,2.142032e+01,2.131626e+01,2.136484e+01,2.136484e+01,2.136484e+01,2.164887e+01,2.199418e+01,2.198039e+01,2.179404e+01,2.154505e+01,2.126767e+01,2.134402e+01,2.131626e+01,2.133708e+01,2.132320e+01,2.141339e+01,2.139952e+01,2.150349e+01,2.144112e+01,2.148270e+01,2.146884e+01,2.126767e+01,2.128156e+01,2.133014e+01,2.118431e+01,2.114955e+01,2.118431e+01,2.118431e+01,2.130932e+01,2.131626e+01,2.137177e+01,2.133014e+01,2.141339e+01,2.142725e+01,2.143419e+01,2.142725e+01,2.140645e+01,2.138565e+01,2.142032e+01,2.141339e+01,2.140645e+01,2.133708e+01,2.130932e+01,2.127461e+01,2.130932e+01,2.112174e+01,2.101042e+01,2.103826e+01,2.130932e+01,2.141339e+01,2.135790e+01,2.133708e+01,2.145498e+01,2.135096e+01,2.114260e+01,2.142032e+01,2.139952e+01,2.139952e+01,2.151042e+01,2.149656e+01,2.146191e+01,2.143419e+01,2.138565e+01,2.133708e+01,2.144805e+01,2.133014e+01,2.136484e+01,2.142725e+01,2.139952e+01,2.140645e+01,2.135096e+01,2.133708e+01,2.146191e+01,2.136484e+01,2.132320e+01,2.137177e+01,2.139952e+01,2.134402e+01,2.142032e+01,2.141339e+01,2.140645e+01,2.143419e+01,2.133708e+01,2.135790e+01,2.133014e+01,2.142032e+01,2.135096e+01,2.139952e+01,2.135096e+01,2.133708e+01,2.137177e+01,2.132320e+01,2.137177e+01,2.123294e+01,2.135790e+01,2.128850e+01,2.136484e+01,2.119820e+01,2.127461e+01,2.131626e+01,2.133014e+01,2.132320e+01,2.123294e+01,2.128850e+01,2.122600e+01,2.130238e+01,2.128156e+01,2.117736e+01,2.131626e+01,2.104522e+01,2.118431e+01,2.121905e+01,2.121905e+01,2.116345e+01,2.128156e+01,2.123294e+01,2.133708e+01,2.130932e+01,2.134402e+01,2.137177e+01,2.113565e+01,2.123989e+01,2.117736e+01,2.115650e+01,2.117736e+01,2.118431e+01,2.116345e+01,2.117041e+01,2.100345e+01,2.111479e+01,2.110088e+01,2.108001e+01,2.117041e+01,2.110783e+01,2.104522e+01,2.114260e+01,2.101042e+01,2.112869e+01,2.101042e+01,2.108696e+01,2.107305e+01,2.111479e+01,2.098256e+01,2.128156e+01,2.145498e+01,2.185620e+01,2.202176e+01,2.191141e+01,2.205621e+01,2.206310e+01,2.202176e+01,2.206999e+01,2.202176e+01,2.209066e+01,2.201486e+01,2.204932e+01,2.204243e+01,2.200797e+01,2.197349e+01,2.193211e+01,2.199418e+01,2.205621e+01,2.206999e+01,2.204932e+01,2.204243e+01,2.218016e+01,2.204932e+01,2.223520e+01,2.221457e+01,2.231084e+01,2.240015e+01,2.233833e+01,2.239328e+01,2.231084e+01,2.234520e+01,2.237955e+01,2.235207e+01,2.246880e+01,2.245507e+01,2.245507e+01,2.241389e+01,2.246194e+01,2.243448e+01,2.242075e+01,2.241389e+01,2.244135e+01,2.236581e+01,2.238642e+01,2.244821e+01,2.244135e+01,2.243448e+01,2.224896e+01,2.241389e+01,2.242075e+01,2.244135e+01,2.240702e+01,2.240702e+01,2.247566e+01,2.245507e+01,2.246880e+01,2.252369e+01,2.246880e+01,2.251683e+01,2.242075e+01,2.250311e+01,2.244135e+01,2.233146e+01,2.234520e+01,2.227647e+01,2.229709e+01,2.230396e+01,2.228334e+01,2.225584e+01,2.218705e+01,2.226959e+01,2.234520e+01,2.216640e+01,2.214575e+01,2.213886e+01,2.222145e+01,2.229709e+01,2.227647e+01,2.220081e+01,2.222833e+01,2.222145e+01,2.230396e+01,2.231084e+01,2.231084e+01,2.222833e+01,2.225584e+01,2.217328e+01,2.222145e+01,2.220769e+01,2.224208e+01,2.217328e+01,2.215263e+01,2.213886e+01,2.215952e+01,2.218705e+01,2.221457e+01,2.222833e+01,2.222145e+01,2.231771e+01,2.220081e+01,2.231771e+01,2.222833e+01,2.219393e+01,2.226271e+01,2.218016e+01,2.233833e+01,2.231771e+01,2.221457e+01,2.198039e+01,2.211821e+01,2.223520e+01,2.222145e+01,2.222833e+01,2.223520e+01,2.227647e+01,2.219393e+01,2.220081e+01,2.229022e+01,2.224208e+01,2.236581e+01,2.233146e+01,2.234520e+01,2.233833e+01,2.239328e+01,2.242762e+01,2.233833e+01,2.233146e+01,2.241389e+01,2.242075e+01,2.238642e+01,2.249625e+01,2.253741e+01,2.249625e+01,2.247566e+01,2.248252e+01,2.259911e+01,2.259911e+01,2.258540e+01,2.256483e+01,2.253741e+01,2.254426e+01,2.241389e+01,2.246880e+01,2.237955e+01,2.244135e+01,2.233833e+01,2.240702e+01,2.252369e+01,2.232458e+01
2.184239e+01,2.182858e+01,2.177332e+01,2.174567e+01,2.179404e+01,2.174567e+01,2.163503e+01,2.160043e+01,2.178022e+01,2.164195e+01,2.171802e+01,2.169728e+01,2.182167e+01,2.181476e+01,2.183548e+01,2.180786e+01,2.195280e+01,2.187691e+01,2.198039e+01,2.182858e+01,2.195970e+01,2.190451e+01,2.207688e+01,2.202865e+01,2.180095e+01,2.189761e+01,2.196660e+01,2.198039e+01,2.193211e+01,2.201486e+01,2.193211e+01,2.202865e+01,2.209755e+01,2.203554e+01,2.200797e+01,2.205621e+01,2.207688e+01,2.200107e+01,2.197349e+01,2.204243e+01,2.187691e+01,2.211132e+01,2.213198e+01,2.211132e+01,2.207688e+01,2.207688e+01,2.222145e+01,2.228334e+01,2.205621e+01,2.213198e+01,2.198039e+01,2.208377e+01,2.220081e+01,2.221457e+01,2.223520e+01,2.221457e+01,2.224896e+01,2.222145e+01,2.217328e+01,2.229022e+01,2.228334e+01,2.226271e+01,2.228334e+01,2.220769e+01,2.217328e+01,2.216640e+01,2.214575e+01,2.221457e+01,2.215952e+01,2.216640e+01,2.218016e+01,2.233833e+01,2.220081e+01,2.223520e+01,2.220081e+01,2.229709e+01,2.222833e+01,2.208377e+01,2.218705e+01,2.215952e+01,2.224896e+01,2.218705e+01,2.232458e+01,2.218016e+01,2.218016e+01,2.223520e+01,2.226271e+01,2.226959e+01,2.224896e+01,2.222833e+01,2.227647e+01,2.233146e+01,2.222145e+01,2.226959e+01,2.224208e+01,2.222833e+01,2.224208e+01,2.224896e+01,2.219393e+01,2.229709e+01,2.220769e+01,2.230396e+01,2.218705e+01,2.222833e+01,2.215952e+01,2.220769e+01,2.215952e+01,2.223520e+01,2.226271e+01,2.215263e+01,2.216640e+01,2.215263e+01,2.220769e+01,2.222833e+01,2.211821e+01,2.219393e+01,2.220081e+01,2.218705e+01,2.221457e+01,2.226271e+01,2.218705e+01,2.219393e+01,2.222145e+01,2.211821e+01,2.209066e+01,2.223520e+01,2.208377e+01,2.215263e+01,2.225584e+01,2.211132e+01,2.215952e+01,2.223520e+01,2.215952e+01,2.213886e+01,2.211821e+01,2.220769e+01,2.224896e+01,2.219393e+01,2.224208e+01,2.220081e+01,2.222145e+01,2.225584e+01,2.232458e+01,2.223520e+01,2.224896e+01,2.220769e+01,2.230396e+01,2.230396e+01,2.229709e+01,2.233833e+01,2.226959e+01,2.223520e+01,2.242075e+01,2.232458e+01,2.234520e+01,2.230396e+01,2.235207e+01,2.230396e+01,2.236581e+01,2.236581e+01,2.233833e+01,2.237955e+01,2.238642e+01,2.240015e+01,2.247566e+01,2.233833e+01,2.232458e+01,2.232458e+01,2.233146e+01,2.234520e+01,2.245507e+01,2.246880e+01,2.239328e+01,2.237268e+01,2.235894e+01,2.239328e+01,2.242762e+01,2.242762e+01,2.245507e+01,2.244821e+01,2.234520e+01,2.244135e+01,2.248939e+01,2.241389e+01,2.246194e+01,2.242762e+01,2.237268e+01,2.237268e+01,2.237268e+01,2.237955e+01,2.193211e+01,2.162119e+01,2.140645e+01,2.130932e+01,2.151734e+01,2.143419e+01,2.148270e+01,2.158659e+01,2.159351e+01,2.151734e+01,2.159351e+01,2.162811e+01,2.162811e+01,2.176641e+01,2.164195e+01,2.175949e+01,2.172494e+01,2.171802e+01,2.178022e+01,2.173876e+01,2.177332e+01,2.182167e+01,2.182167e+01,2.183548e+01,2.187691e+01,2.195970e+01,2.200107e+01,2.196660e+01,2.187000e+01,2.193901e+01,2.193901e+01,2.198729e+01,2.196660e+01,2.182167e+01,2.186310e+01,2.182858e+01,2.190451e+01,2.181476e+01,2.180095e+01,2.184929e+01,2.182167e+01,2.168345e+01,2.191831e+01,2.193901e+01,2.195970e+01,2.198039e+01,2.193211e+01,2.178022e+01,2.174567e+01,2.169037e+01,2.157967e+01,2.164195e+01,2.175949e+01,2.192521e+01,2.210443e+01,2.208377e+01,2.216640e+01,2.221457e+01,2.216640e+01,2.220081e+01,2.224208e+01,2.226271e+01,2.224208e+01,2.226271e+01,2.224896e+01,2.210443e+01,2.196660e+01,2.153119e+01,2.126072e+01,2.142725e+01,2.148963e+01,2.195280e+01,2.209066e+01,2.202865e+01,2.192521e+01,2.161427e+01,2.159351e+01,2.150349e+01,2.160043e+01,2.161427e+01,2.161427e+01,2.173185e+01,2.176641e+01,2.161427e+01,2.171111e+01,2.168345e+01,2.178022e+01,2.178713e+01,2.175258e+01,2.163503e+01,2.175258e+01,2.191141e+01,2.204243e+01,2.211821e+01,2.213886e+01,2.221457e+01,2.212509e+01,2.212509e+01,2.218016e+01,2.223520e+01,2.224896e+01,2.213198e+01,2.208377e+01,2.215263e+01,2.213886e+01,2.226271e+01,2.213198e+01,2.215952e+01,2.210443e+01,2.209755e+01,2.210443e+01,2.207688e+01,2.206999e+01,2.207688e+01,2.211821e+01,2.218016e+01,2.204243e+01,2.213886e+01,2.201486e+01,2.206999e+01,2.202176e+01,2.204932e+01,2.204932e+01,2.202865e+01,2.208377e+01,2.213198e+01,2.200797e+01,2.207688e+01,2.209755e+01,2.205621e+01,2.208377e+01,2.209755e+01,2.206310e+01,2.208377e+01,2.213886e+01,2.209066e+01,2.212509e+01,2.213886e+01,2.210443e+01,2.212509e+01,2.203554e+01,2.211821e+01,2.204932e+01,2.212509e+01,2.206310e+01,2.211821e+01,2.204932e+01,2.206999e+01,2.206999e+01,2.208377e+01,2.202865e+01,2.204243e+01,2.199418e+01,2.181476e+01,2.119126e+01,2.137177e+01,2.137871e+01,2.136484e+01,2.135096e+01,2.138565e+01,2.137177e+01,2.139258e+01,2.186310e+01,2.183548e+01,2.164887e+01,2.152427e+01,2.129544e+01,2.130932e+01,2.133014e+01,2.145498e+01,2.140645e+01,2.137177e+01,2.140645e+01,2.141339e+01,2.149656e+01,2.149656e+01,2.144112e+01,2.146191e+01,2.126072e+01,2.123294e+01,2.106609e+01,2.117736e+01,2.123294e+01,2.107305e+01,2.125378e+01,2.128850e+01,2.128156e+01,2.117736e+01,2.128850e+01,2.135790e+01,2.135096e+01,2.134402e+01,2.132320e+01,2.139952e+01,2.133708e+01,2.136484e+01,2.141339e+01,2.137177e+01,2.130238e+01,2.137871e+01,2.133014e+01,2.115650e+01,2.085017e+01,2.089200e+01,2.102434e+01,2.132320e+01,2.135096e+01,2.128156e+01,2.122600e+01,2.130238e+01,2.123989e+01,2.131626e+01,2.130932e+01,2.135790e+01,2.126767e+01,2.135790e+01,2.135096e+01,2.134402e+01,2.135096e+01,2.133708e+01,2.135096e+01,2.135096e+01,2.129544e+01,2.126767e+01,2.126072e+01,2.137871e+01,2.135790e+01,2.134402e+01,2.130238e+01,2.130932e+01,2.128850e+01,2.129544e+01,2.130932e+01,2.137871e+01,2.139952e+01,2.139952e+01,2.139952e+01,2.140645e+01,2.133014e+01,2.128156e+01,2.133014e+01,2.134402e+01,2.133708e+01,2.132320e+01,2.134402e+01,2.130932e+01,2.131626e+01,2.128850e+01,2.138565e+01,2.136484e+01,2.136484e+01,2.126072e+01,2.119820e+01,2.135790e+01,2.128156e+01,2.133708e+01,2.135096e+01,2.127461e+01,2.134402e+01,2.126767e+01,2.125378e+01,2.128156e+01,2.129544e+01,2.126072e+01,2.128156e+01,2.123989e+01,2.115650e+01,2.106609e+01,2.121210e+01,2.117736e+01,2.127461e+01,2.116345e+01,2.137177e+01,2.123294e+01,2.126072e+01,2.121905e+01,2.123294e+01,2.116345e+01,2.112869e+01,2.119126e+01,2.117041e+01,2.119820e+01,2.117736e+01,2.124683e+01,2.115650e+01,2.108001e+01,2.105914e+01,2.106609e+01,2.105914e+01,2.110783e+01,2.108001e+01,2.118431e+01,2.097560e+01,2.105218e+01,2.107305e+01,2.103826e+01,2.096167e+01,2.097560e+01,2.091987e+01,2.115650e+01,2.100345e+01,2.119820e+01,2.173876e+01,2.200107e+01,2.198039e+01,2.200107e+01,2.200797e+01,2.206999e+01,2.205621e+01,2.203554e+01,2.198729e+01,2.196660e+01,2.194591e+01,2.198039e+01,2.200107e+01,2.203554e+01,2.195970e+01,2.195970e+01,2.203554e+01,2.198729e+01,2.204243e+01,2.213886e+01,2.211821e+01,2.220081e+01,2.212509e+01,2.215263e+01,2.215952e+01,2.235207e+01,2.232458e+01,2.235894e+01,2.234520e+01,2.242075e+01,2.235894e+01,2.241389e+01,2.244135e+01,2.240015e+01,2.236581e+01,2.246194e+01,2.246880e+01,2.248252e+01,2.241389e+01,2.237955e+01,2.247566e+01,2.245507e+01,2.246194e+01,2.243448e+01,2.246194e+01,2.237955e+01,2.245507e+01,2.252369e+01,2.242075e+01,2.242762e+01,2.242762e+01,2.249625e+01,2.245507e+01,2.242075e+01,2.246880e+01,2.242075e+01,2.249625e+01,2.238642e+01,2.246880e+01,2.241389e+01,2.231084e+01,2.233146e+01,2.236581e+01,2.227647e+01,2.232458e+01,2.216640e+01,2.228334e+01,2.227647e+01,2.214575e+01,2.220769e+01,2.220769e+01,2.219393e+01,2.218705e+01,2.215952e+01,2.215952e+01,2.217328e+01,2.219393e+01,2.220081e+01,2.218016e+01,2.212509e+01,2.229709e+01,2.214575e+01,2.218016e+01,2.213886e+01,2.218016e+01,2.205621e+01,2.215952e+01,2.213198e+01,2.224208e+01,2.212509e+01,2.224896e+01,2.225584e+01,2.220769e+01,2.227647e+01,2.213886e+01,2.226959e+01,2.224208e+01,2.224896e+01,2.220769e+01,2.224208e+01,2.237268e+01,2.218705e+01,2.227647e+01,2.218016e+01,2.217328e+01,2.218705e+01,2.222145e+01,2.219393e+01,2.223520e+01,2.231084e+01,2.218705e+01,2.218705e+01,2.212509e+01,2.215263e+01,2.230396e+01,2.222833e+01,2.236581e+01,2.227647e+01,2.235207e+01,2.234520e+01,2.232458e+01,2.235894e+01,2.231084e+01,2.237955e+01,2.237955e+01,2.237268e+01,2.240015e+01,2.246194e+01,2.240702e+01,2.240015e+01,2.248252e+01,2.257854e+01,2.249625e+01,2.263337e+01,2.256483e+01,2.263337e+01,2.255798e+01,2.252369e+01,2.257169e+01,2.252369e+01,2.253741e+01,2.235207e+01,2.236581e+01,2.246194e+01,2.245507e+01,2.226959e+01,2.242762e+01,2.229709e+01
2.188381e+01,2.182858e+01,2.178713e+01,2.179404e+01,2.177332e+01,2.174567e+01,2.159351e+01,2.160043e+01,2.165579e+01,2.178713e+01,2.175949e+01,2.182858e+01,2.183548e+01,2.183548e+01,2.184929e+01,2.197349e+01,2.184929e+01,2.193211e+01,2.185620e+01,2.210443e+01,2.186310e+01,2.198729e+01,2.194591e+01,2.187000e+01,2.193211e+01,2.205621e+01,2.203554e+01,2.199418e+01,2.204243e+01,2.195280e+01,2.195970e+01,2.200797e+01,2.203554e+01,2.211132e+01,2.219393e+01,2.216640e+01,2.209066e+01,2.209755e+01,2.200797e+01,2.206999e+01,2.211821e+01,2.211821e+01,2.209066e+01,2.210443e+01,2.207688e+01,2.218016e+01,2.208377e+01,2.209066e+01,2.211132e+01,2.204932e+01,2.216640e+01,2.217328e+01,2.216640e+01,2.220769e+01,2.224896e+01,2.222833e+01,2.218016e+01,2.213198e+01,2.226959e+01,2.221457e+01,2.217328e+01,2.211821e+01,2.226959e+01,2.218016e+01,2.222145e+01,2.209755e+01,2.222145e+01,2.214575e+01,2.232458e+01,2.218705e+01,2.216640e+01,2.214575e+01,2.222145e+01,2.221457e+01,2.224208e+01,2.226959e+01,2.220769e+01,2.213198e+01,2.228334e+01,2.218705e+01,2.242762e+01,2.223520e+01,2.226271e+01,2.218016e+01,2.231771e+01,2.229709e+01,2.226959e+01,2.222833e+01,2.222145e+01,2.222833e+01,2.225584e+01,2.225584e+01,2.222833e+01,2.224208e+01,2.224208e+01,2.222145e+01,2.221457e+01,2.219393e+01,2.220081e+01,2.215952e+01,2.215952e+01,2.221457e+01,2.227647e+01,2.220081e+01,2.221457e+01,2.229022e+01,2.226959e+01,2.226271e+01,2.213886e+01,2.221457e+01,2.226271e+01,2.213886e+01,2.219393e+01,2.218016e+01,2.218705e+01,2.217328e+01,2.219393e+01,2.223520e+01,2.213198e+01,2.220769e+01,2.216640e+01,2.226271e+01,2.217328e+01,2.215952e+01,2.226271e+01,2.225584e+01,2.217328e+01,2.220769e+01,2.214575e+01,2.210443e+01,2.220081e+01,2.214575e+01,2.214575e+01,2.217328e+01,2.223520e+01,2.222833e+01,2.218705e+01,2.219393e+01,2.218705e+01,2.220081e+01,2.220081e+01,2.228334e+01,2.224896e+01,2.227647e+01,2.231771e+01,2.237955e+01,2.231771e+01,2.228334e+01,2.234520e+01,2.240015e+01,2.226271e+01,2.237955e+01,2.229022e+01,2.244821e+01,2.247566e+01,2.246194e+01,2.234520e+01,2.231771e+01,2.245507e+01,2.236581e+01,2.235894e+01,2.237268e+01,2.239328e+01,2.234520e+01,2.240702e+01,2.235207e+01,2.242762e+01,2.244135e+01,2.244135e+01,2.242075e+01,2.248252e+01,2.245507e+01,2.248252e+01,2.242762e+01,2.243448e+01,2.246194e+01,2.242075e+01,2.244821e+01,2.244135e+01,2.241389e+01,2.240702e+01,2.240015e+01,2.244821e+01,2.250311e+01,2.245507e+01,2.235894e+01,2.230396e+01,2.238642e+01,2.237955e+01,2.194591e+01,2.156582e+01,2.140645e+01,2.142032e+01,2.146884e+01,2.148270e+01,2.148270e+01,2.158659e+01,2.150349e+01,2.156582e+01,2.156582e+01,2.166270e+01,2.169728e+01,2.174567e+01,2.165579e+01,2.176641e+01,2.173876e+01,2.175949e+01,2.176641e+01,2.172494e+01,2.181476e+01,2.177332e+01,2.178022e+01,2.182167e+01,2.191141e+01,2.192521e+01,2.188381e+01,2.191141e+01,2.189071e+01,2.191831e+01,2.207688e+01,2.195970e+01,2.198729e+01,2.199418e+01,2.184929e+01,2.183548e+01,2.180786e+01,2.184929e+01,2.193211e+01,2.192521e+01,2.183548e+01,2.178713e+01,2.180095e+01,2.184239e+01,2.182167e+01,2.191141e+01,2.199418e+01,2.190451e+01,2.188381e+01,2.169037e+01,2.160735e+01,2.174567e+01,2.180786e+01,2.189071e+01,2.207688e+01,2.218016e+01,2.223520e+01,2.218016e+01,2.214575e+01,2.215952e+01,2.228334e+01,2.230396e+01,2.232458e+01,2.224208e+01,2.224896e+01,2.225584e+01,2.193901e+01,2.184239e+01,2.148270e+01,2.142032e+01,2.161427e+01,2.151042e+01,2.183548e+01,2.201486e+01,2.200107e+01,2.193211e+01,2.191141e+01,2.162119e+01,2.160043e+01,2.158659e+01,2.171802e+01,2.160735e+01,2.164887e+01,2.166270e+01,2.171111e+01,2.164195e+01,2.168345e+01,2.174567e+01,2.161427e+01,2.173876e+01,2.159351e+01,2.206310e+01,2.203554e+01,2.212509e+01,2.211821e+01,2.220081e+01,2.212509e+01,2.219393e+01,2.220081e+01,2.215952e+01,2.208377e+01,2.216640e+01,2.214575e+01,2.213886e+01,2.211132e+01,2.211821e+01,2.215952e+01,2.209755e+01,2.206999e+01,2.218705e+01,2.198039e+01,2.209066e+01,2.210443e+01,2.211821e+01,2.217328e+01,2.207688e+01,2.202865e+01,2.204243e+01,2.214575e+01,2.211132e+01,2.200797e+01,2.204243e+01,2.199418e+01,2.205621e+01,2.209755e+01,2.218705e+01,2.198729e+01,2.212509e+01,2.209066e+01,2.195280e+01,2.207688e+01,2.208377e+01,2.206310e+01,2.194591e+01,2.208377e+01,2.211821e+01,2.207688e+01,2.204243e+01,2.211132e+01,2.198039e+01,2.207688e+01,2.212509e+01,2.214575e+01,2.201486e+01,2.211132e+01,2.206310e+01,2.211132e+01,2.211132e+01,2.211821e+01,2.197349e+01,2.206999e+01,2.203554e+01,2.195280e+01,2.164195e+01,2.137871e+01,2.135790e+01,2.137177e+01,2.137177e+01,2.136484e+01,2.142032e+01,2.137177e+01,2.157274e+01,2.182858e+01,2.200107e+01,2.168345e+01,2.151042e+01,2.133708e+01,2.131626e+01,2.137871e+01,2.139258e+01,2.144805e+01,2.146191e+01,2.139258e+01,2.156582e+01,2.148270e+01,2.153119e+01,2.142725e+01,2.140645e+01,2.150349e+01,2.124683e+01,2.121905e+01,2.111479e+01,2.114955e+01,2.118431e+01,2.126767e+01,2.118431e+01,2.130932e+01,2.131626e+01,2.116345e+01,2.146191e+01,2.145498e+01,2.137177e+01,2.133014e+01,2.130238e+01,2.133708e+01,2.130932e+01,2.137871e+01,2.132320e+01,2.135790e+01,2.137177e+01,2.133708e+01,2.131626e+01,2.096167e+01,2.089897e+01,2.094774e+01,2.098953e+01,2.123294e+01,2.129544e+01,2.130238e+01,2.142032e+01,2.130238e+01,2.115650e+01,2.126767e+01,2.123294e+01,2.130932e+01,2.130932e+01,2.130932e+01,2.129544e+01,2.133014e+01,2.132320e+01,2.137177e+01,2.132320e+01,2.146884e+01,2.137177e+01,2.127461e+01,2.142032e+01,2.136484e+01,2.135790e+01,2.132320e+01,2.129544e+01,2.128850e+01,2.133014e+01,2.129544e+01,2.133708e+01,2.135096e+01,2.130932e+01,2.132320e+01,2.142725e+01,2.144112e+01,2.130932e+01,2.128850e+01,2.130238e+01,2.134402e+01,2.130932e+01,2.132320e+01,2.133708e+01,2.125378e+01,2.129544e+01,2.130932e+01,2.124683e+01,2.135790e+01,2.132320e+01,2.135790e+01,2.128850e+01,2.134402e+01,2.131626e+01,2.135096e+01,2.126767e+01,2.125378e+01,2.124683e+01,2.123294e+01,2.144805e+01,2.137177e+01,2.130238e+01,2.130932e+01,2.133708e+01,2.133014e+01,2.119126e+01,2.119820e+01,2.125378e+01,2.119126e+01,2.121210e+01,2.123294e+01,2.125378e+01,2.121905e+01,2.124683e+01,2.121905e+01,2.109392e+01,2.126767e+01,2.112869e+01,2.118431e+01,2.119126e+01,2.121210e+01,2.112869e+01,2.116345e+01,2.121210e+01,2.121210e+01,2.109392e+01,2.112174e+01,2.111479e+01,2.103826e+01,2.108696e+01,2.100345e+01,2.098256e+01,2.104522e+01,2.098256e+01,2.105914e+01,2.101738e+01,2.094077e+01,2.102434e+01,2.106609e+01,2.109392e+01,2.103130e+01,2.143419e+01,2.187691e+01,2.199418e+01,2.203554e+01,2.202176e+01,2.202176e+01,2.205621e+01,2.206310e+01,2.203554e+01,2.200797e+01,2.202865e+01,2.201486e+01,2.198729e+01,2.193901e+01,2.191141e+01,2.196660e+01,2.204932e+01,2.204243e+01,2.204932e+01,2.206999e+01,2.211821e+01,2.226959e+01,2.216640e+01,2.217328e+01,2.229022e+01,2.237955e+01,2.229709e+01,2.239328e+01,2.227647e+01,2.240702e+01,2.237955e+01,2.242762e+01,2.244821e+01,2.238642e+01,2.243448e+01,2.247566e+01,2.250311e+01,2.254426e+01,2.242075e+01,2.259911e+01,2.234520e+01,2.247566e+01,2.249625e+01,2.245507e+01,2.243448e+01,2.246880e+01,2.254426e+01,2.245507e+01,2.238642e+01,2.243448e+01,2.252369e+01,2.240702e+01,2.242762e+01,2.242762e+01,2.244821e+01,2.249625e+01,2.246880e+01,2.241389e+01,2.249625e+01,2.240015e+01,2.237955e+01,2.237268e+01,2.235894e+01,2.226959e+01,2.227647e+01,2.227647e+01,2.217328e+01,2.213886e+01,2.236581e+01,2.218016e+01,2.229022e+01,2.219393e+01,2.220769e+01,2.215263e+01,2.212509e+01,2.217328e+01,2.224896e+01,2.218016e+01,2.215263e+01,2.215952e+01,2.233833e+01,2.231771e+01,2.231771e+01,2.219393e+01,2.230396e+01,2.226271e+01,2.212509e+01,2.225584e+01,2.225584e+01,2.222833e+01,2.223520e+01,2.224208e+01,2.210443e+01,2.229709e+01,2.231084e+01,2.220769e+01,2.226271e+01,2.214575e+01,2.224896e+01,2.224896e+01,2.220081e+01,2.223520e+01,2.235207e+01,2.223520e+01,2.225584e+01,2.230396e+01,2.220081e+01,2.222833e+01,2.223520e+01,2.225584e+01,2.226271e+01,2.215263e+01,2.229709e+01,2.211821e+01,2.231084e+01,2.220769e+01,2.230396e+01,2.224208e+01,2.233833e+01,2.235207e+01,2.240015e+01,2.229709e+01,2.239328e+01,2.238642e+01,2.240015e+01,2.243448e+01,2.246194e+01,2.242075e+01,2.241389e+01,2.249625e+01,2.250311e+01,2.252369e+01,2.255112e+01,2.256483e+01,2.261282e+01,2.266078e+01,2.255798e+01,2.260596e+01,2.253741e+01,2.253741e+01,2.248252e+01,2.235894e+01,2.259225e+01,2.235894e+01,2.246880e+01,2.243448e+01,2.240702e+01,2.242075e+01
2.189071e+01,2.178713e+01,2.192521e+01,2.175258e+01,2.173876e+01,2.181476e+01,2.181476e+01,2.162811e+01,2.161427e+01,2.171111e+01,2.180095e+01,2.180095e+01,2.182167e+01,2.195970e+01,2.182167e+01,2.176641e+01,2.182858e+01,2.190451e+01,2.184239e+01,2.182858e+01,2.194591e+01,2.190451e+01,2.190451e+01,2.181476e+01,2.191141e+01,2.190451e+01,2.201486e+01,2.192521e+01,2.213198e+01,2.193901e+01,2.206999e+01,2.197349e+01,2.198729e+01,2.200107e+01,2.216640e+01,2.196660e+01,2.198039e+01,2.208377e+01,2.207688e+01,2.203554e+01,2.206999e+01,2.211132e+01,2.204932e+01,2.222833e+01,2.222833e+01,2.216640e+01,2.213886e+01,2.218016e+01,2.218016e+01,2.210443e+01,2.216640e+01,2.220769e+01,2.213886e+01,2.216640e+01,2.219393e+01,2.213886e+01,2.220081e+01,2.227647e+01,2.220081e+01,2.221457e+01,2.225584e+01,2.219393e+01,2.221457e+01,2.214575e+01,2.229022e+01,2.218016e+01,2.218016e+01,2.222145e+01,2.216640e+01,2.218016e+01,2.218016e+01,2.220769e+01,2.220769e+01,2.206310e+01,2.220769e+01,2.225584e+01,2.214575e+01,2.222145e+01,2.218705e+01,2.220081e+01,2.229022e+01,2.223520e+01,2.235894e+01,2.220081e+01,2.222145e+01,2.230396e+01,2.227647e+01,2.225584e+01,2.218705e+01,2.225584e+01,2.219393e+01,2.222145e+01,2.226959e+01,2.226959e+01,2.220769e+01,2.224208e+01,2.219393e+01,2.220081e+01,2.218705e+01,2.234520e+01,2.227647e+01,2.226271e+01,2.224896e+01,2.218705e+01,2.223520e+01,2.215952e+01,2.215952e+01,2.220769e+01,2.228334e+01,2.216640e+01,2.224208e+01,2.222145e+01,2.224896e+01,2.233833e+01,2.209066e+01,2.217328e+01,2.226271e+01,2.217328e+01,2.221457e+01,2.220081e+01,2.218016e+01,2.217328e+01,2.223520e+01,2.224208e+01,2.224208e+01,2.222145e+01,2.214575e+01,2.223520e+01,2.231771e+01,2.218016e+01,2.231084e+01,2.218705e+01,2.215952e+01,2.224208e+01,2.222833e+01,2.220769e+01,2.220769e+01,2.228334e+01,2.225584e+01,2.222833e+01,2.223520e+01,2.224896e+01,2.229022e+01,2.223520e+01,2.229709e+01,2.228334e+01,2.237268e+01,2.231084e+01,2.232458e+01,2.231771e+01,2.230396e+01,2.240015e+01,2.237955e+01,2.236581e+01,2.236581e+01,2.235894e+01,2.234520e+01,2.235207e+01,2.237268e+01,2.236581e+01,2.236581e+01,2.237955e+01,2.240015e+01,2.231771e+01,2.241389e+01,2.242762e+01,2.244821e+01,2.237955e+01,2.235894e+01,2.239328e+01,2.246194e+01,2.232458e+01,2.237268e+01,2.241389e+01,2.243448e+01,2.242762e+01,2.246194e+01,2.242762e+01,2.248939e+01,2.240015e+01,2.242762e+01,2.242762e+01,2.239328e+01,2.237268e+01,2.235207e+01,2.244821e+01,2.242075e+01,2.224896e+01,2.220769e+01,2.157274e+01,2.121210e+01,2.118431e+01,2.126072e+01,2.124683e+01,2.149656e+01,2.153812e+01,2.149656e+01,2.153812e+01,2.162119e+01,2.161427e+01,2.166270e+01,2.173876e+01,2.177332e+01,2.175949e+01,2.177332e+01,2.173185e+01,2.172494e+01,2.174567e+01,2.171802e+01,2.175258e+01,2.180786e+01,2.184929e+01,2.180786e+01,2.183548e+01,2.191831e+01,2.185620e+01,2.191831e+01,2.198039e+01,2.189071e+01,2.186310e+01,2.189071e+01,2.185620e+01,2.184929e+01,2.178713e+01,2.175949e+01,2.184239e+01,2.191141e+01,2.195970e+01,2.191831e+01,2.190451e+01,2.181476e+01,2.174567e+01,2.180786e+01,2.179404e+01,2.182167e+01,2.189761e+01,2.191831e+01,2.191141e+01,2.204243e+01,2.178022e+01,2.163503e+01,2.178713e+01,2.177332e+01,2.193211e+01,2.211132e+01,2.209755e+01,2.222833e+01,2.214575e+01,2.221457e+01,2.227647e+01,2.231771e+01,2.215263e+01,2.229709e+01,2.231771e+01,2.223520e+01,2.177332e+01,2.143419e+01,2.137871e+01,2.149656e+01,2.161427e+01,2.181476e+01,2.204243e+01,2.215263e+01,2.195970e+01,2.199418e+01,2.177332e+01,2.173185e+01,2.157274e+01,2.161427e+01,2.159351e+01,2.169037e+01,2.159351e+01,2.162119e+01,2.165579e+01,2.163503e+01,2.164195e+01,2.157274e+01,2.144805e+01,2.150349e+01,2.187000e+01,2.202176e+01,2.205621e+01,2.207688e+01,2.213198e+01,2.204932e+01,2.215952e+01,2.211821e+01,2.212509e+01,2.209755e+01,2.208377e+01,2.217328e+01,2.200107e+01,2.205621e+01,2.209066e+01,2.209066e+01,2.209755e+01,2.211132e+01,2.209755e+01,2.202865e+01,2.201486e+01,2.209755e+01,2.209755e+01,2.201486e+01,2.209755e+01,2.213198e+01,2.211821e+01,2.200107e+01,2.195280e+01,2.203554e+01,2.197349e+01,2.198729e+01,2.202176e+01,2.204932e+01,2.204243e+01,2.204932e+01,2.208377e+01,2.211821e+01,2.207688e+01,2.204243e+01,2.204932e+01,2.206310e+01,2.208377e+01,2.198729e+01,2.202865e+01,2.200107e+01,2.210443e+01,2.210443e+01,2.201486e+01,2.207688e+01,2.213198e+01,2.200107e+01,2.207688e+01,2.209066e+01,2.209755e+01,2.213886e+01,2.209066e+01,2.207688e+01,2.210443e+01,2.211132e+01,2.204243e+01,2.187000e+01,2.182858e+01,2.144112e+01,2.148270e+01,2.130238e+01,2.136484e+01,2.128156e+01,2.133014e+01,2.138565e+01,2.138565e+01,2.174567e+01,2.194591e+01,2.193211e+01,2.152427e+01,2.128156e+01,2.133014e+01,2.149656e+01,2.128850e+01,2.138565e+01,2.139258e+01,2.142725e+01,2.137871e+01,2.142032e+01,2.155890e+01,2.147577e+01,2.151734e+01,2.151042e+01,2.130238e+01,2.113565e+01,2.109392e+01,2.096167e+01,2.112174e+01,2.117736e+01,2.116345e+01,2.117041e+01,2.118431e+01,2.114955e+01,2.130932e+01,2.117736e+01,2.122600e+01,2.130238e+01,2.127461e+01,2.128156e+01,2.122600e+01,2.130238e+01,2.132320e+01,2.130238e+01,2.134402e+01,2.115650e+01,2.114260e+01,2.109392e+01,2.084320e+01,2.093381e+01,2.087806e+01,2.090594e+01,2.107305e+01,2.131626e+01,2.129544e+01,2.123294e+01,2.129544e+01,2.119820e+01,2.130932e+01,2.129544e+01,2.129544e+01,2.126072e+01,2.132320e+01,2.132320e+01,2.131626e+01,2.153119e+01,2.133014e+01,2.130238e+01,2.130932e+01,2.128850e+01,2.140645e+01,2.130238e+01,2.137871e+01,2.136484e+01,2.130932e+01,2.128850e+01,2.132320e+01,2.131626e+01,2.141339e+01,2.135096e+01,2.135790e+01,2.135790e+01,2.123294e+01,2.132320e+01,2.133708e+01,2.130238e+01,2.116345e+01,2.132320e+01,2.131626e+01,2.129544e+01,2.125378e+01,2.131626e+01,2.112869e+01,2.135096e+01,2.132320e+01,2.124683e+01,2.129544e+01,2.126072e+01,2.135790e+01,2.121905e+01,2.130932e+01,2.128850e+01,2.133708e+01,2.139258e+01,2.124683e+01,2.129544e+01,2.128850e+01,2.128156e+01,2.128156e+01,2.130238e+01,2.122600e+01,2.132320e+01,2.119126e+01,2.125378e+01,2.121210e+01,2.119820e+01,2.121905e+01,2.123294e+01,2.125378e+01,2.120515e+01,2.111479e+01,2.110783e+01,2.115650e+01,2.112869e+01,2.111479e+01,2.118431e+01,2.119126e+01,2.110783e+01,2.110783e+01,2.112174e+01,2.111479e+01,2.098256e+01,2.104522e+01,2.101042e+01,2.101738e+01,2.108696e+01,2.108001e+01,2.113565e+01,2.094077e+01,2.100345e+01,2.105218e+01,2.097560e+01,2.103826e+01,2.094774e+01,2.092684e+01,2.091987e+01,2.091291e+01,2.118431e+01,2.100345e+01,2.121905e+01,2.149656e+01,2.200107e+01,2.196660e+01,2.197349e+01,2.206999e+01,2.198039e+01,2.199418e+01,2.203554e+01,2.197349e+01,2.186310e+01,2.200797e+01,2.191141e+01,2.196660e+01,2.193901e+01,2.208377e+01,2.201486e+01,2.202176e+01,2.204932e+01,2.205621e+01,2.212509e+01,2.220769e+01,2.213886e+01,2.223520e+01,2.222833e+01,2.234520e+01,2.235207e+01,2.236581e+01,2.226271e+01,2.240015e+01,2.242075e+01,2.242762e+01,2.242762e+01,2.248252e+01,2.239328e+01,2.242075e+01,2.246880e+01,2.232458e+01,2.238642e+01,2.261967e+01,2.247566e+01,2.246880e+01,2.244135e+01,2.256483e+01,2.243448e+01,2.248939e+01,2.243448e+01,2.250997e+01,2.241389e+01,2.238642e+01,2.242762e+01,2.242075e+01,2.242075e+01,2.246194e+01,2.248252e+01,2.248939e+01,2.249625e+01,2.242075e+01,2.245507e+01,2.238642e+01,2.237268e+01,2.233146e+01,2.229709e+01,2.233146e+01,2.223520e+01,2.231771e+01,2.228334e+01,2.226271e+01,2.225584e+01,2.219393e+01,2.223520e+01,2.220769e+01,2.223520e+01,2.220769e+01,2.215952e+01,2.216640e+01,2.218016e+01,2.229709e+01,2.232458e+01,2.230396e+01,2.218705e+01,2.231771e+01,2.250311e+01,2.219393e+01,2.218016e+01,2.224208e+01,2.218705e+01,2.228334e+01,2.229022e+01,2.209066e+01,2.230396e+01,2.213886e+01,2.226959e+01,2.232458e+01,2.223520e+01,2.220769e+01,2.225584e+01,2.224896e+01,2.214575e+01,2.226271e+01,2.229022e+01,2.231084e+01,2.229709e+01,2.224208e+01,2.225584e+01,2.221457e+01,2.220081e+01,2.223520e+01,2.222833e+01,2.212509e+01,2.233833e+01,2.213198e+01,2.215263e+01,2.211132e+01,2.236581e+01,2.233146e+01,2.226271e+01,2.218705e+01,2.236581e+01,2.221457e+01,2.231084e+01,2.229709e+01,2.235207e+01,2.233833e+01,2.240015e+01,2.241389e+01,2.232458e+01,2.244135e+01,2.246194e+01,2.252369e+01,2.259911e+01,2.253741e+01,2.264022e+01,2.253741e+01,2.257169e+01,2.255112e+01,2.258540e+01,2.253741e+01,2.260596e+01,2.253741e+01,2.253741e+01,2.248252e+01,2.236581e+01,2.241389e+01,2.246194e+01,2.231084e+01,2.238642e+01,2.243448e+01
2.180786e+01,2.179404e+01,2.188381e+01,2.175258e+01,2.169728e+01,2.162811e+01,2.162119e+01,2.175258e+01,2.179404e+01,2.166962e+01,2.179404e+01,2.173876e+01,2.178713e+01,2.173876e+01,2.180095e+01,2.194591e+01,2.181476e+01,2.184929e+01,2.184929e+01,2.184239e+01,2.195970e+01,2.188381e+01,2.195280e+01,2.172494e+01,2.181476e+01,2.197349e+01,2.189761e+01,2.195970e+01,2.197349e+01,2.194591e+01,2.201486e+01,2.198039e+01,2.201486e+01,2.197349e+01,2.206310e+01,2.215263e+01,2.211821e+01,2.199418e+01,2.211132e+01,2.209755e+01,2.204932e+01,2.208377e+01,2.206999e+01,2.210443e+01,2.213886e+01,2.218016e+01,2.214575e+01,2.219393e+01,2.209066e+01,2.213198e+01,2.208377e+01,2.220081e+01,2.216640e+01,2.216640e+01,2.204932e+01,2.226271e+01,2.215952e+01,2.221457e+01,2.222145e+01,2.225584e+01,2.221457e+01,2.213886e+01,2.214575e+01,2.220081e+01,2.215952e+01,2.218705e+01,2.218016e+01,2.208377e+01,2.218016e+01,2.220081e+01,2.220769e+01,2.218705e+01,2.228334e+01,2.223520e+01,2.220769e+01,2.216640e+01,2.221457e+01,2.210443e+01,2.226271e+01,2.215952e+01,2.218705e+01,2.218016e+01,2.221457e+01,2.215263e+01,2.224896e+01,2.215263e+01,2.224896e+01,2.229022e+01,2.218705e+01,2.221457e+01,2.216640e+01,2.222833e+01,2.219393e+01,2.220081e+01,2.224896e+01,2.229022e+01,2.222145e+01,2.226271e+01,2.216640e+01,2.215263e+01,2.216640e+01,2.229709e+01,2.222145e+01,2.215952e+01,2.218016e+01,2.218705e+01,2.216640e+01,2.222145e+01,2.221457e+01,2.224896e+01,2.220081e+01,2.209755e+01,2.219393e+01,2.222833e+01,2.224208e+01,2.222833e+01,2.222145e+01,2.212509e+01,2.210443e+01,2.215263e+01,2.216640e+01,2.222145e+01,2.224896e+01,2.222833e+01,2.222833e+01,2.225584e+01,2.218016e+01,2.214575e+01,2.209066e+01,2.214575e+01,2.220081e+01,2.218016e+01,2.226271e+01,2.213886e+01,2.218705e+01,2.223520e+01,2.220769e+01,2.220081e+01,2.222833e+01,2.226271e+01,2.221457e+01,2.220769e+01,2.225584e+01,2.231771e+01,2.226959e+01,2.226959e+01,2.221457e+01,2.231084e+01,2.227647e+01,2.237955e+01,2.222145e+01,2.233833e+01,2.233146e+01,2.237268e+01,2.237268e+01,2.229709e+01,2.241389e+01,2.236581e+01,2.236581e+01,2.236581e+01,2.237955e+01,2.238642e+01,2.240702e+01,2.239328e+01,2.241389e+01,2.238642e+01,2.234520e+01,2.244821e+01,2.242075e+01,2.235207e+01,2.233833e+01,2.235207e+01,2.235207e+01,2.234520e+01,2.229022e+01,2.242075e+01,2.241389e+01,2.248252e+01,2.241389e+01,2.244135e+01,2.243448e+01,2.240015e+01,2.238642e+01,2.233833e+01,2.237268e+01,2.221457e+01,2.223520e+01,2.226271e+01,2.189761e+01,2.126072e+01,2.130932e+01,2.128850e+01,2.124683e+01,2.152427e+01,2.155197e+01,2.150349e+01,2.159351e+01,2.157967e+01,2.170420e+01,2.153119e+01,2.157274e+01,2.172494e+01,2.176641e+01,2.169037e+01,2.171802e+01,2.177332e+01,2.169037e+01,2.162811e+01,2.165579e+01,2.174567e+01,2.173185e+01,2.184239e+01,2.191141e+01,2.182167e+01,2.193211e+01,2.189071e+01,2.191141e+01,2.183548e+01,2.184929e+01,2.181476e+01,2.184929e+01,2.175949e+01,2.176641e+01,2.184239e+01,2.180095e+01,2.195280e+01,2.195970e+01,2.185620e+01,2.197349e+01,2.190451e+01,2.179404e+01,2.179404e+01,2.178022e+01,2.188381e+01,2.173876e+01,2.188381e+01,2.188381e+01,2.189761e+01,2.189071e+01,2.178713e+01,2.160735e+01,2.180095e+01,2.193901e+01,2.191831e+01,2.219393e+01,2.213886e+01,2.217328e+01,2.223520e+01,2.218016e+01,2.222833e+01,2.226959e+01,2.231771e+01,2.225584e+01,2.212509e+01,2.210443e+01,2.171111e+01,2.139258e+01,2.140645e+01,2.146884e+01,2.155197e+01,2.187691e+01,2.198729e+01,2.200797e+01,2.206310e+01,2.200107e+01,2.193901e+01,2.163503e+01,2.162811e+01,2.157274e+01,2.159351e+01,2.157967e+01,2.160735e+01,2.160043e+01,2.157274e+01,2.160735e+01,2.157967e+01,2.148270e+01,2.141339e+01,2.164887e+01,2.196660e+01,2.205621e+01,2.204243e+01,2.199418e+01,2.209755e+01,2.204243e+01,2.208377e+01,2.211132e+01,2.209755e+01,2.212509e+01,2.210443e+01,2.212509e+01,2.209066e+01,2.202865e+01,2.216640e+01,2.214575e+01,2.206310e+01,2.206310e+01,2.202865e+01,2.212509e+01,2.200107e+01,2.198729e+01,2.206310e+01,2.209066e+01,2.206999e+01,2.200797e+01,2.194591e+01,2.206999e+01,2.198729e+01,2.209755e+01,2.203554e+01,2.200797e+01,2.197349e+01,2.207688e+01,2.201486e+01,2.199418e+01,2.210443e+01,2.200797e+01,2.198729e+01,2.204932e+01,2.206310e+01,2.196660e+01,2.192521e+01,2.206310e+01,2.207688e+01,2.203554e+01,2.209755e+01,2.203554e+01,2.202865e+01,2.205621e+01,2.204243e+01,2.201486e+01,2.210443e+01,2.207688e+01,2.203554e+01,2.207688e+01,2.210443e+01,2.209066e+01,2.206999e+01,2.207688e+01,2.181476e+01,2.171802e+01,2.131626e+01,2.130932e+01,2.136484e+01,2.121905e+01,2.127461e+01,2.139258e+01,2.135096e+01,2.140645e+01,2.155890e+01,2.191831e+01,2.193901e+01,2.168345e+01,2.139258e+01,2.132320e+01,2.130932e+01,2.132320e+01,2.132320e+01,2.153812e+01,2.139952e+01,2.144805e+01,2.143419e+01,2.145498e+01,2.138565e+01,2.148963e+01,2.151042e+01,2.146884e+01,2.135790e+01,2.118431e+01,2.101042e+01,2.103826e+01,2.114955e+01,2.114955e+01,2.114955e+01,2.119126e+01,2.114955e+01,2.117041e+01,2.129544e+01,2.121210e+01,2.128850e+01,2.119820e+01,2.126072e+01,2.122600e+01,2.128850e+01,2.124683e+01,2.128850e+01,2.123989e+01,2.121905e+01,2.114260e+01,2.117041e+01,2.102434e+01,2.089897e+01,2.095471e+01,2.082228e+01,2.101738e+01,2.120515e+01,2.117736e+01,2.133014e+01,2.137177e+01,2.123294e+01,2.125378e+01,2.127461e+01,2.135096e+01,2.133014e+01,2.132320e+01,2.126072e+01,2.123989e+01,2.130932e+01,2.133014e+01,2.132320e+01,2.132320e+01,2.127461e+01,2.130932e+01,2.130932e+01,2.130932e+01,2.121905e+01,2.132320e+01,2.119820e+01,2.115650e+01,2.128850e+01,2.126767e+01,2.136484e+01,2.135790e+01,2.126072e+01,2.122600e+01,2.129544e+01,2.115650e+01,2.129544e+01,2.118431e+01,2.131626e+01,2.128156e+01,2.114260e+01,2.128850e+01,2.131626e+01,2.131626e+01,2.128156e+01,2.126072e+01,2.123294e+01,2.119820e+01,2.126072e+01,2.121210e+01,2.123294e+01,2.130238e+01,2.123294e+01,2.127461e+01,2.126767e+01,2.121210e+01,2.120515e+01,2.129544e+01,2.126072e+01,2.126767e+01,2.129544e+01,2.126072e+01,2.123294e+01,2.117041e+01,2.119126e+01,2.124683e+01,2.115650e+01,2.121905e+01,2.118431e+01,2.119126e+01,2.125378e+01,2.126767e+01,2.111479e+01,2.099649e+01,2.111479e+01,2.112869e+01,2.111479e+01,2.112174e+01,2.121210e+01,2.118431e+01,2.108696e+01,2.109392e+01,2.108001e+01,2.108001e+01,2.111479e+01,2.101738e+01,2.109392e+01,2.098953e+01,2.098953e+01,2.106609e+01,2.080135e+01,2.101738e+01,2.096167e+01,2.097560e+01,2.087806e+01,2.092684e+01,2.096864e+01,2.091987e+01,2.099649e+01,2.087109e+01,2.098953e+01,2.113565e+01,2.126072e+01,2.162811e+01,2.182858e+01,2.202865e+01,2.204243e+01,2.199418e+01,2.184929e+01,2.203554e+01,2.199418e+01,2.198729e+01,2.183548e+01,2.195280e+01,2.197349e+01,2.198039e+01,2.203554e+01,2.194591e+01,2.199418e+01,2.204243e+01,2.198039e+01,2.212509e+01,2.210443e+01,2.226271e+01,2.227647e+01,2.231084e+01,2.227647e+01,2.235207e+01,2.235207e+01,2.233146e+01,2.233146e+01,2.242075e+01,2.243448e+01,2.249625e+01,2.236581e+01,2.242762e+01,2.240015e+01,2.237955e+01,2.242762e+01,2.243448e+01,2.240702e+01,2.255798e+01,2.240702e+01,2.244821e+01,2.254426e+01,2.240702e+01,2.237268e+01,2.242762e+01,2.239328e+01,2.242762e+01,2.244821e+01,2.244821e+01,2.250311e+01,2.244821e+01,2.246194e+01,2.246194e+01,2.254426e+01,2.250311e+01,2.248252e+01,2.234520e+01,2.237268e+01,2.235207e+01,2.231084e+01,2.226959e+01,2.225584e+01,2.223520e+01,2.225584e+01,2.219393e+01,2.221457e+01,2.229709e+01,2.218016e+01,2.223520e+01,2.221457e+01,2.221457e+01,2.220081e+01,2.216640e+01,2.223520e+01,2.226271e+01,2.215952e+01,2.226959e+01,2.228334e+01,2.221457e+01,2.224896e+01,2.226271e+01,2.219393e+01,2.221457e+01,2.217328e+01,2.229022e+01,2.229709e+01,2.222145e+01,2.225584e+01,2.219393e+01,2.220769e+01,2.229709e+01,2.227647e+01,2.230396e+01,2.222833e+01,2.231084e+01,2.224208e+01,2.223520e+01,2.224208e+01,2.227647e+01,2.223520e+01,2.225584e+01,2.215263e+01,2.233833e+01,2.215263e+01,2.216640e+01,2.217328e+01,2.215263e+01,2.213198e+01,2.230396e+01,2.213198e+01,2.217328e+01,2.216640e+01,2.224208e+01,2.222833e+01,2.222833e+01,2.223520e+01,2.220769e+01,2.219393e+01,2.220769e+01,2.229022e+01,2.235894e+01,2.235894e+01,2.239328e+01,2.248939e+01,2.233833e+01,2.244821e+01,2.249625e+01,2.249625e+01,2.246194e+01,2.259225e+01,2.259225e+01,2.261967e+01,2.261967e+01,2.265392e+01,2.255112e+01,2.248939e+01,2.253741e+01,2.253055e+01,2.249625e+01,2.244135e+01,2.250311e+01,2.241389e+01,2.250311e+01,2.231771e+01,2.252369e+01,2.248939e+01
2.195280e+01,2.182858e+01,2.166270e+01,2.162811e+01,2.177332e+01,2.164887e+01,2.178713e+01,2.164887e+01,2.175949e+01,2.181476e+01,2.182858e+01,2.180095e+01,2.180095e+01,2.180095e+01,2.190451e+01,2.182167e+01,2.182858e+01,2.184239e+01,2.192521e+01,2.193901e+01,2.187000e+01,2.189071e+01,2.193901e+01,2.193211e+01,2.193211e+01,2.189761e+01,2.211132e+01,2.209066e+01,2.209755e+01,2.202176e+01,2.211821e+01,2.200107e+01,2.204932e+01,2.210443e+01,2.204243e+01,2.211132e+01,2.210443e+01,2.213198e+01,2.191831e+01,2.206310e+01,2.211821e+01,2.211821e+01,2.211821e+01,2.217328e+01,2.227647e+01,2.210443e+01,2.215263e+01,2.218705e+01,2.213886e+01,2.223520e+01,2.216640e+01,2.211132e+01,2.220081e+01,2.214575e+01,2.219393e+01,2.213198e+01,2.220081e+01,2.237955e+01,2.218705e+01,2.224896e+01,2.215952e+01,2.217328e+01,2.208377e+01,2.220081e+01,2.215263e+01,2.218016e+01,2.219393e+01,2.215952e+01,2.213886e+01,2.213198e+01,2.213198e+01,2.222145e+01,2.216640e+01,2.221457e+01,2.220081e+01,2.213198e+01,2.220081e+01,2.215263e+01,2.218705e+01,2.218705e+01,2.234520e+01,2.217328e+01,2.216640e+01,2.223520e+01,2.215263e+01,2.221457e+01,2.218705e+01,2.224208e+01,2.226271e+01,2.209755e+01,2.226271e+01,2.220769e+01,2.221457e+01,2.220769e+01,2.229022e+01,2.218705e+01,2.221457e+01,2.219393e+01,2.222145e+01,2.213886e+01,2.224208e+01,2.221457e+01,2.214575e+01,2.220081e+01,2.214575e+01,2.226959e+01,2.218705e+01,2.218016e+01,2.224896e+01,2.213886e+01,2.222145e+01,2.229022e+01,2.217328e+01,2.219393e+01,2.220081e+01,2.228334e+01,2.220769e+01,2.213198e+01,2.231771e+01,2.215952e+01,2.216640e+01,2.215952e+01,2.219393e+01,2.221457e+01,2.219393e+01,2.218705e+01,2.208377e+01,2.219393e+01,2.217328e+01,2.208377e+01,2.224208e+01,2.220081e+01,2.215952e+01,2.218705e+01,2.216640e+01,2.216640e+01,2.222145e+01,2.220081e+01,2.226271e+01,2.217328e+01,2.219393e+01,2.233146e+01,2.220769e+01,2.234520e+01,2.229709e+01,2.230396e+01,2.229709e+01,2.218016e+01,2.228334e+01,2.236581e+01,2.237268e+01,2.237268e+01,2.236581e+01,2.227647e+01,2.246194e+01,2.235894e+01,2.235207e+01,2.231771e+01,2.234520e+01,2.231084e+01,2.238642e+01,2.222145e+01,2.240702e+01,2.238642e+01,2.236581e+01,2.240702e+01,2.234520e+01,2.236581e+01,2.235207e+01,2.233833e+01,2.242075e+01,2.247566e+01,2.238642e+01,2.242075e+01,2.244821e+01,2.239328e+01,2.242762e+01,2.244821e+01,2.237955e+01,2.238642e+01,2.231084e+01,2.237955e+01,2.239328e+01,2.235207e+01,2.246880e+01,2.219393e+01,2.225584e+01,2.204243e+01,2.157967e+01,2.121905e+01,2.119820e+01,2.148270e+01,2.146884e+01,2.147577e+01,2.149656e+01,2.157967e+01,2.154505e+01,2.162119e+01,2.157967e+01,2.167654e+01,2.160043e+01,2.163503e+01,2.171111e+01,2.167654e+01,2.168345e+01,2.165579e+01,2.169037e+01,2.172494e+01,2.162811e+01,2.174567e+01,2.175949e+01,2.171802e+01,2.176641e+01,2.191831e+01,2.183548e+01,2.180786e+01,2.197349e+01,2.187000e+01,2.184239e+01,2.192521e+01,2.188381e+01,2.197349e+01,2.186310e+01,2.185620e+01,2.177332e+01,2.190451e+01,2.198039e+01,2.194591e+01,2.193211e+01,2.199418e+01,2.193211e+01,2.203554e+01,2.182858e+01,2.180786e+01,2.173185e+01,2.175949e+01,2.184929e+01,2.172494e+01,2.175258e+01,2.172494e+01,2.173876e+01,2.164195e+01,2.189071e+01,2.193211e+01,2.211132e+01,2.216640e+01,2.215952e+01,2.208377e+01,2.215263e+01,2.219393e+01,2.227647e+01,2.218016e+01,2.220769e+01,2.212509e+01,2.195970e+01,2.146884e+01,2.148270e+01,2.139952e+01,2.145498e+01,2.155890e+01,2.183548e+01,2.202176e+01,2.195970e+01,2.202865e+01,2.197349e+01,2.186310e+01,2.175258e+01,2.160735e+01,2.157274e+01,2.157274e+01,2.153812e+01,2.162811e+01,2.157967e+01,2.153119e+01,2.157274e+01,2.152427e+01,2.154505e+01,2.164887e+01,2.179404e+01,2.203554e+01,2.202176e+01,2.204243e+01,2.201486e+01,2.199418e+01,2.199418e+01,2.207688e+01,2.205621e+01,2.206310e+01,2.203554e+01,2.204932e+01,2.199418e+01,2.198729e+01,2.204243e+01,2.206310e+01,2.207688e+01,2.203554e+01,2.208377e+01,2.208377e+01,2.208377e+01,2.193901e+01,2.203554e+01,2.198039e+01,2.211132e+01,2.206310e+01,2.206310e+01,2.206999e+01,2.199418e+01,2.198039e+01,2.209755e+01,2.206310e+01,2.198729e+01,2.197349e+01,2.206310e+01,2.201486e+01,2.201486e+01,2.200797e+01,2.198729e+01,2.198039e+01,2.198729e+01,2.204243e+01,2.207688e+01,2.203554e+01,2.211132e+01,2.202176e+01,2.202176e+01,2.203554e+01,2.201486e+01,2.204932e+01,2.200107e+01,2.203554e+01,2.204932e+01,2.204243e+01,2.202865e+01,2.207688e+01,2.194591e+01,2.211821e+01,2.210443e+01,2.211821e+01,2.188381e+01,2.179404e+01,2.143419e+01,2.136484e+01,2.126072e+01,2.135790e+01,2.128850e+01,2.133708e+01,2.132320e+01,2.151042e+01,2.135790e+01,2.169728e+01,2.190451e+01,2.184929e+01,2.148270e+01,2.125378e+01,2.128850e+01,2.132320e+01,2.134402e+01,2.133708e+01,2.136484e+01,2.144805e+01,2.155197e+01,2.150349e+01,2.145498e+01,2.148270e+01,2.135790e+01,2.131626e+01,2.130238e+01,2.132320e+01,2.121905e+01,2.096864e+01,2.091987e+01,2.108001e+01,2.112174e+01,2.110783e+01,2.118431e+01,2.117041e+01,2.116345e+01,2.126767e+01,2.119126e+01,2.120515e+01,2.123294e+01,2.128850e+01,2.122600e+01,2.125378e+01,2.117041e+01,2.123294e+01,2.116345e+01,2.114260e+01,2.105914e+01,2.104522e+01,2.087109e+01,2.089897e+01,2.086412e+01,2.072459e+01,2.091291e+01,2.108696e+01,2.128156e+01,2.119126e+01,2.124683e+01,2.127461e+01,2.119126e+01,2.125378e+01,2.126767e+01,2.133014e+01,2.121905e+01,2.115650e+01,2.130238e+01,2.130932e+01,2.119126e+01,2.132320e+01,2.128850e+01,2.118431e+01,2.128850e+01,2.128850e+01,2.126072e+01,2.123989e+01,2.128156e+01,2.128156e+01,2.124683e+01,2.123294e+01,2.123294e+01,2.124683e+01,2.126072e+01,2.128156e+01,2.131626e+01,2.126767e+01,2.110088e+01,2.117736e+01,2.115650e+01,2.122600e+01,2.132320e+01,2.128850e+01,2.128156e+01,2.128850e+01,2.131626e+01,2.117041e+01,2.128850e+01,2.108696e+01,2.114955e+01,2.119820e+01,2.118431e+01,2.125378e+01,2.126767e+01,2.125378e+01,2.124683e+01,2.125378e+01,2.123294e+01,2.125378e+01,2.134402e+01,2.121905e+01,2.132320e+01,2.126072e+01,2.119126e+01,2.121905e+01,2.115650e+01,2.119126e+01,2.123294e+01,2.121210e+01,2.117736e+01,2.117736e+01,2.117736e+01,2.126072e+01,2.121905e+01,2.127461e+01,2.114955e+01,2.112174e+01,2.114260e+01,2.105914e+01,2.108696e+01,2.112174e+01,2.090594e+01,2.108696e+01,2.108696e+01,2.107305e+01,2.097560e+01,2.100345e+01,2.094077e+01,2.092684e+01,2.105218e+01,2.098953e+01,2.096864e+01,2.098256e+01,2.105218e+01,2.104522e+01,2.094774e+01,2.097560e+01,2.094077e+01,2.096864e+01,2.086412e+01,2.088503e+01,2.096864e+01,2.093381e+01,2.096864e+01,2.097560e+01,2.141339e+01,2.185620e+01,2.188381e+01,2.202865e+01,2.198039e+01,2.197349e+01,2.199418e+01,2.198729e+01,2.189761e+01,2.180786e+01,2.193901e+01,2.197349e+01,2.198039e+01,2.198729e+01,2.184929e+01,2.206999e+01,2.198039e+01,2.204243e+01,2.209755e+01,2.209755e+01,2.213198e+01,2.220769e+01,2.221457e+01,2.226959e+01,2.231084e+01,2.226959e+01,2.231084e+01,2.238642e+01,2.242762e+01,2.239328e+01,2.240702e+01,2.252369e+01,2.242075e+01,2.253055e+01,2.237268e+01,2.240702e+01,2.239328e+01,2.258540e+01,2.256483e+01,2.250311e+01,2.240702e+01,2.253055e+01,2.253055e+01,2.238642e+01,2.240702e+01,2.246880e+01,2.238642e+01,2.248252e+01,2.246880e+01,2.243448e+01,2.249625e+01,2.251683e+01,2.248252e+01,2.252369e+01,2.245507e+01,2.248939e+01,2.244821e+01,2.235894e+01,2.231084e+01,2.239328e+01,2.226271e+01,2.222145e+01,2.226959e+01,2.229022e+01,2.226959e+01,2.220081e+01,2.231771e+01,2.231771e+01,2.222145e+01,2.223520e+01,2.222145e+01,2.229022e+01,2.224896e+01,2.220769e+01,2.215952e+01,2.215952e+01,2.223520e+01,2.226959e+01,2.220769e+01,2.222833e+01,2.222145e+01,2.212509e+01,2.226959e+01,2.218705e+01,2.224208e+01,2.229022e+01,2.221457e+01,2.226271e+01,2.212509e+01,2.225584e+01,2.231771e+01,2.222833e+01,2.223520e+01,2.226959e+01,2.222145e+01,2.211821e+01,2.226959e+01,2.228334e+01,2.215263e+01,2.218705e+01,2.215263e+01,2.213886e+01,2.226271e+01,2.220081e+01,2.222145e+01,2.215263e+01,2.207688e+01,2.229709e+01,2.212509e+01,2.213198e+01,2.216640e+01,2.213886e+01,2.211821e+01,2.218016e+01,2.231771e+01,2.220081e+01,2.206999e+01,2.231771e+01,2.223520e+01,2.219393e+01,2.235207e+01,2.230396e+01,2.247566e+01,2.246194e+01,2.238642e+01,2.240015e+01,2.244135e+01,2.250997e+01,2.257854e+01,2.262652e+01,2.264708e+01,2.255798e+01,2.268817e+01,2.259911e+01,2.259225e+01,2.254426e+01,2.269502e+01,2.254426e+01,2.245507e+01,2.237268e+01,2.242762e+01,2.243448e+01,2.243448e+01,2.242762e+01,2.239328e+01,2.244821e+01
2.178713e+01,2.178713e+01,2.185620e+01,2.173876e+01,2.166962e+01,2.171111e+01,2.167654e+01,2.172494e+01,2.177332e+01,2.168345e+01,2.178713e+01,2.185620e+01,2.181476e+01,2.175949e+01,2.178713e+01,2.177332e+01,2.180786e+01,2.194591e+01,2.195970e+01,2.179404e+01,2.190451e+01,2.191831e+01,2.187000e+01,2.191831e+01,2.198729e+01,2.190451e+01,2.202176e+01,2.198729e+01,2.195280e+01,2.202865e+01,2.208377e+01,2.200107e+01,2.205621e+01,2.197349e+01,2.211821e+01,2.200797e+01,2.203554e+01,2.211132e+01,2.210443e+01,2.204243e+01,2.211132e+01,2.213886e+01,2.217328e+01,2.211821e+01,2.222833e+01,2.216640e+01,2.224896e+01,2.224208e+01,2.224896e+01,2.214575e+01,2.213886e+01,2.224208e+01,2.211821e+01,2.222833e+01,2.224208e+01,2.207688e+01,2.218705e+01,2.228334e+01,2.221457e+01,2.212509e+01,2.218705e+01,2.218016e+01,2.215952e+01,2.240015e+01,2.216640e+01,2.219393e+01,2.212509e+01,2.218016e+01,2.220081e+01,2.206310e+01,2.211132e+01,2.221457e+01,2.204243e+01,2.207688e+01,2.219393e+01,2.220769e+01,2.223520e+01,2.223520e+01,2.221457e+01,2.209755e+01,2.219393e+01,2.206999e+01,2.216640e+01,2.220769e+01,2.215952e+01,2.220769e+01,2.226271e+01,2.218705e+01,2.219393e+01,2.215263e+01,2.219393e+01,2.217328e+01,2.222145e+01,2.221457e+01,2.220081e+01,2.226271e+01,2.218705e+01,2.228334e+01,2.215263e+01,2.218705e+01,2.213886e+01,2.213886e+01,2.213886e+01,2.220769e+01,2.213886e+01,2.219393e+01,2.224896e+01,2.220081e+01,2.218705e+01,2.222145e+01,2.214575e+01,2.224896e+01,2.217328e+01,2.226271e+01,2.229709e+01,2.214575e+01,2.229022e+01,2.215952e+01,2.231771e+01,2.215952e+01,2.213198e+01,2.214575e+01,2.224896e+01,2.206999e+01,2.214575e+01,2.218016e+01,2.206310e+01,2.221457e+01,2.216640e+01,2.213886e+01,2.222833e+01,2.224208e+01,2.218705e+01,2.216640e+01,2.208377e+01,2.221457e+01,2.223520e+01,2.221457e+01,2.220769e+01,2.221457e+01,2.221457e+01,2.222145e+01,2.219393e+01,2.229022e+01,2.227647e+01,2.224896e+01,2.225584e+01,2.215952e+01,2.236581e+01,2.232458e+01,2.238642e+01,2.237955e+01,2.229709e+01,2.233146e+01,2.240702e+01,2.238642e+01,2.234520e+01,2.233833e+01,2.235894e+01,2.239328e+01,2.236581e+01,2.239328e+01,2.235894e+01,2.250311e+01,2.232458e+01,2.241389e+01,2.235894e+01,2.237955e+01,2.237268e+01,2.235207e+01,2.244821e+01,2.233146e+01,2.231771e+01,2.242075e+01,2.238642e+01,2.251683e+01,2.241389e+01,2.237955e+01,2.240702e+01,2.236581e+01,2.240702e+01,2.243448e+01,2.237268e+01,2.239328e+01,2.237268e+01,2.223520e+01,2.225584e+01,2.196660e+01,2.164887e+01,2.117041e+01,2.126767e+01,2.155890e+01,2.152427e+01,2.149656e+01,2.152427e+01,2.151042e+01,2.159351e+01,2.160043e+01,2.163503e+01,2.161427e+01,2.157274e+01,2.158659e+01,2.163503e+01,2.164195e+01,2.162811e+01,2.155890e+01,2.151734e+01,2.138565e+01,2.148963e+01,2.142032e+01,2.137177e+01,2.146191e+01,2.170420e+01,2.173185e+01,2.186310e+01,2.185620e+01,2.175258e+01,2.187000e+01,2.178713e+01,2.188381e+01,2.197349e+01,2.192521e+01,2.195970e+01,2.182858e+01,2.198039e+01,2.198039e+01,2.204932e+01,2.205621e+01,2.198039e+01,2.209755e+01,2.192521e+01,2.200797e+01,2.200107e+01,2.197349e+01,2.174567e+01,2.175949e+01,2.169728e+01,2.168345e+01,2.164887e+01,2.164887e+01,2.171111e+01,2.172494e+01,2.183548e+01,2.195280e+01,2.199418e+01,2.208377e+01,2.211132e+01,2.215263e+01,2.220769e+01,2.221457e+01,2.213198e+01,2.214575e+01,2.205621e+01,2.215952e+01,2.204243e+01,2.147577e+01,2.138565e+01,2.126767e+01,2.150349e+01,2.156582e+01,2.189761e+01,2.191831e+01,2.193901e+01,2.195970e+01,2.180095e+01,2.174567e+01,2.157967e+01,2.156582e+01,2.158659e+01,2.155890e+01,2.171111e+01,2.156582e+01,2.157274e+01,2.156582e+01,2.157274e+01,2.158659e+01,2.168345e+01,2.190451e+01,2.191141e+01,2.188381e+01,2.194591e+01,2.200797e+01,2.203554e+01,2.204932e+01,2.210443e+01,2.211132e+01,2.206999e+01,2.200107e+01,2.209755e+01,2.200797e+01,2.201486e+01,2.204243e+01,2.201486e+01,2.203554e+01,2.207688e+01,2.201486e+01,2.202865e+01,2.206999e+01,2.197349e+01,2.202176e+01,2.204932e+01,2.202865e+01,2.199418e+01,2.215952e+01,2.200797e+01,2.208377e+01,2.208377e+01,2.209066e+01,2.198729e+01,2.198039e+01,2.201486e+01,2.198039e+01,2.209066e+01,2.209066e+01,2.206310e+01,2.200797e+01,2.199418e+01,2.218016e+01,2.204932e+01,2.207688e+01,2.207688e+01,2.207688e+01,2.200797e+01,2.208377e+01,2.200797e+01,2.198729e+01,2.206310e+01,2.202865e+01,2.204243e+01,2.202865e+01,2.198729e+01,2.198729e+01,2.189071e+01,2.192521e+01,2.208377e+01,2.201486e+01,2.202865e+01,2.199418e+01,2.184929e+01,2.139258e+01,2.135790e+01,2.138565e+01,2.134402e+01,2.126072e+01,2.128850e+01,2.133708e+01,2.123989e+01,2.143419e+01,2.144805e+01,2.150349e+01,2.169037e+01,2.166962e+01,2.142725e+01,2.143419e+01,2.130932e+01,2.139952e+01,2.130932e+01,2.136484e+01,2.151042e+01,2.153812e+01,2.150349e+01,2.155890e+01,2.148270e+01,2.121905e+01,2.120515e+01,2.119820e+01,2.106609e+01,2.112174e+01,2.089200e+01,2.092684e+01,2.095471e+01,2.103130e+01,2.116345e+01,2.112869e+01,2.108696e+01,2.115650e+01,2.113565e+01,2.122600e+01,2.115650e+01,2.139258e+01,2.117736e+01,2.123989e+01,2.120515e+01,2.118431e+01,2.114260e+01,2.112174e+01,2.106609e+01,2.113565e+01,2.111479e+01,2.101042e+01,2.091291e+01,2.088503e+01,2.085017e+01,2.094077e+01,2.089200e+01,2.118431e+01,2.122600e+01,2.120515e+01,2.124683e+01,2.112869e+01,2.129544e+01,2.125378e+01,2.133014e+01,2.129544e+01,2.130238e+01,2.128850e+01,2.123294e+01,2.130932e+01,2.117736e+01,2.117736e+01,2.130932e+01,2.128850e+01,2.126767e+01,2.125378e+01,2.133014e+01,2.132320e+01,2.128850e+01,2.128850e+01,2.114955e+01,2.121905e+01,2.123294e+01,2.114260e+01,2.128156e+01,2.128156e+01,2.116345e+01,2.123294e+01,2.114955e+01,2.124683e+01,2.117041e+01,2.125378e+01,2.112174e+01,2.121210e+01,2.117041e+01,2.116345e+01,2.124683e+01,2.132320e+01,2.125378e+01,2.128156e+01,2.122600e+01,2.121210e+01,2.119126e+01,2.115650e+01,2.125378e+01,2.115650e+01,2.114260e+01,2.121905e+01,2.115650e+01,2.119126e+01,2.110088e+01,2.117736e+01,2.121210e+01,2.117041e+01,2.121905e+01,2.117736e+01,2.117736e+01,2.118431e+01,2.114955e+01,2.117736e+01,2.123294e+01,2.116345e+01,2.123989e+01,2.124683e+01,2.110088e+01,2.098256e+01,2.114260e+01,2.108696e+01,2.111479e+01,2.114260e+01,2.108696e+01,2.103826e+01,2.112869e+01,2.107305e+01,2.115650e+01,2.100345e+01,2.102434e+01,2.095471e+01,2.096864e+01,2.094774e+01,2.089897e+01,2.096864e+01,2.098256e+01,2.097560e+01,2.097560e+01,2.097560e+01,2.090594e+01,2.092684e+01,2.094077e+01,2.101042e+01,2.085715e+01,2.086412e+01,2.089200e+01,2.094774e+01,2.096167e+01,2.097560e+01,2.110783e+01,2.177332e+01,2.194591e+01,2.204243e+01,2.200107e+01,2.193211e+01,2.202865e+01,2.193901e+01,2.195970e+01,2.187691e+01,2.187691e+01,2.184929e+01,2.198729e+01,2.198039e+01,2.197349e+01,2.195280e+01,2.198039e+01,2.192521e+01,2.207688e+01,2.209755e+01,2.213886e+01,2.215952e+01,2.226271e+01,2.233833e+01,2.220769e+01,2.229709e+01,2.250997e+01,2.235894e+01,2.237955e+01,2.238642e+01,2.233146e+01,2.248939e+01,2.240015e+01,2.250311e+01,2.252369e+01,2.242075e+01,2.256483e+01,2.247566e+01,2.242075e+01,2.241389e+01,2.244135e+01,2.256483e+01,2.250311e+01,2.241389e+01,2.244135e+01,2.248939e+01,2.246194e+01,2.244821e+01,2.257854e+01,2.245507e+01,2.252369e+01,2.250311e+01,2.250311e+01,2.244135e+01,2.254426e+01,2.254426e+01,2.229709e+01,2.237268e+01,2.242075e+01,2.235894e+01,2.225584e+01,2.226959e+01,2.231771e+01,2.231084e+01,2.220769e+01,2.233146e+01,2.232458e+01,2.228334e+01,2.223520e+01,2.233833e+01,2.231771e+01,2.220769e+01,2.223520e+01,2.218016e+01,2.217328e+01,2.228334e+01,2.226271e+01,2.223520e+01,2.231771e+01,2.229709e+01,2.229709e+01,2.226271e+01,2.218705e+01,2.220769e+01,2.221457e+01,2.222145e+01,2.225584e+01,2.226959e+01,2.219393e+01,2.222833e+01,2.222145e+01,2.220081e+01,2.226959e+01,2.230396e+01,2.224896e+01,2.211821e+01,2.221457e+01,2.226959e+01,2.222833e+01,2.224896e+01,2.224208e+01,2.222833e+01,2.223520e+01,2.220081e+01,2.223520e+01,2.215263e+01,2.208377e+01,2.228334e+01,2.220081e+01,2.209066e+01,2.220081e+01,2.217328e+01,2.213886e+01,2.219393e+01,2.212509e+01,2.220769e+01,2.222833e+01,2.212509e+01,2.222833e+01,2.233146e+01,2.230396e+01,2.235207e+01,2.239328e+01,2.239328e+01,2.240015e+01,2.254426e+01,2.240015e+01,2.261282e+01,2.259911e+01,2.257169e+01,2.261282e+01,2.263337e+01,2.260596e+01,2.265392e+01,2.262652e+01,2.253741e+01,2.241389e+01,2.272925e+01,2.252369e+01,2.244135e+01,2.240015e+01,2.243448e+01,2.247566e+01,2.242075e+01,2.241389e+01,2.242762e+01
2.182858e+01,2.184929e+01,2.182167e+01,2.162811e+01,2.168345e+01,2.172494e+01,2.170420e+01,2.173876e+01,2.162811e+01,2.169728e+01,2.177332e+01,2.179404e+01,2.171802e+01,2.179404e+01,2.196660e+01,2.186310e+01,2.188381e+01,2.184239e+01,2.183548e+01,2.192521e+01,2.186310e+01,2.194591e+01,2.191141e+01,2.189071e+01,2.196660e+01,2.191141e+01,2.189761e+01,2.205621e+01,2.195280e+01,2.201486e+01,2.204932e+01,2.202865e+01,2.204243e+01,2.206999e+01,2.207688e+01,2.209066e+01,2.211821e+01,2.211132e+01,2.221457e+01,2.221457e+01,2.214575e+01,2.211132e+01,2.209066e+01,2.221457e+01,2.225584e+01,2.206999e+01,2.215263e+01,2.226959e+01,2.215263e+01,2.220081e+01,2.222145e+01,2.218705e+01,2.217328e+01,2.223520e+01,2.218016e+01,2.214575e+01,2.213886e+01,2.210443e+01,2.219393e+01,2.210443e+01,2.215263e+01,2.218016e+01,2.218016e+01,2.213198e+01,2.206999e+01,2.211821e+01,2.206999e+01,2.212509e+01,2.211821e+01,2.211821e+01,2.219393e+01,2.208377e+01,2.217328e+01,2.204932e+01,2.217328e+01,2.220081e+01,2.215952e+01,2.220081e+01,2.233146e+01,2.209755e+01,2.217328e+01,2.220769e+01,2.220081e+01,2.202176e+01,2.219393e+01,2.222833e+01,2.218016e+01,2.198039e+01,2.223520e+01,2.222145e+01,2.226271e+01,2.225584e+01,2.222833e+01,2.219393e+01,2.220769e+01,2.218705e+01,2.221457e+01,2.211132e+01,2.214575e+01,2.222833e+01,2.214575e+01,2.218016e+01,2.213198e+01,2.218705e+01,2.215952e+01,2.209755e+01,2.218016e+01,2.218016e+01,2.222833e+01,2.211821e+01,2.219393e+01,2.214575e+01,2.220081e+01,2.212509e+01,2.232458e+01,2.218016e+01,2.206310e+01,2.230396e+01,2.206999e+01,2.209066e+01,2.215263e+01,2.208377e+01,2.216640e+01,2.215952e+01,2.207688e+01,2.216640e+01,2.207688e+01,2.218705e+01,2.218016e+01,2.222833e+01,2.215952e+01,2.228334e+01,2.226271e+01,2.226271e+01,2.219393e+01,2.214575e+01,2.210443e+01,2.224896e+01,2.224208e+01,2.231084e+01,2.230396e+01,2.224896e+01,2.224208e+01,2.235207e+01,2.235207e+01,2.219393e+01,2.225584e+01,2.219393e+01,2.235207e+01,2.235207e+01,2.229709e+01,2.233833e+01,2.232458e+01,2.221457e+01,2.234520e+01,2.240015e+01,2.231771e+01,2.230396e+01,2.232458e+01,2.229709e+01,2.234520e+01,2.221457e+01,2.237268e+01,2.237955e+01,2.238642e+01,2.234520e+01,2.229709e+01,2.240702e+01,2.234520e+01,2.235207e+01,2.237955e+01,2.242075e+01,2.234520e+01,2.239328e+01,2.242075e+01,2.244135e+01,2.240702e+01,2.236581e+01,2.237955e+01,2.238642e+01,2.239328e+01,2.239328e+01,2.230396e+01,2.226271e+01,2.236581e+01,2.235894e+01,2.220081e+01,2.176641e+01,2.150349e+01,2.135790e+01,2.150349e+01,2.133014e+01,2.163503e+01,2.154505e+01,2.163503e+01,2.150349e+01,2.151042e+01,2.157967e+01,2.153812e+01,2.160043e+01,2.167654e+01,2.160735e+01,2.162811e+01,2.162119e+01,2.166962e+01,2.141339e+01,2.114955e+01,2.114955e+01,2.081530e+01,2.082228e+01,2.081530e+01,2.108696e+01,2.180095e+01,2.184239e+01,2.176641e+01,2.169728e+01,2.182167e+01,2.182167e+01,2.174567e+01,2.199418e+01,2.191141e+01,2.199418e+01,2.209066e+01,2.185620e+01,2.200107e+01,2.194591e+01,2.200107e+01,2.204932e+01,2.199418e+01,2.204243e+01,2.209066e+01,2.201486e+01,2.202176e+01,2.202865e+01,2.184929e+01,2.178022e+01,2.179404e+01,2.168345e+01,2.168345e+01,2.171111e+01,2.175258e+01,2.171802e+01,2.166270e+01,2.170420e+01,2.195970e+01,2.213886e+01,2.211821e+01,2.215263e+01,2.214575e+01,2.216640e+01,2.210443e+01,2.209755e+01,2.205621e+01,2.222145e+01,2.195970e+01,2.149656e+01,2.157274e+01,2.144112e+01,2.162119e+01,2.161427e+01,2.188381e+01,2.192521e+01,2.204932e+01,2.198729e+01,2.166270e+01,2.158659e+01,2.158659e+01,2.155890e+01,2.157967e+01,2.154505e+01,2.153119e+01,2.152427e+01,2.146191e+01,2.162119e+01,2.168345e+01,2.170420e+01,2.169728e+01,2.180095e+01,2.190451e+01,2.202176e+01,2.198039e+01,2.200797e+01,2.202176e+01,2.200797e+01,2.206310e+01,2.205621e+01,2.204243e+01,2.206310e+01,2.199418e+01,2.191831e+01,2.205621e+01,2.200107e+01,2.200107e+01,2.201486e+01,2.204243e+01,2.204243e+01,2.206310e+01,2.204243e+01,2.197349e+01,2.193901e+01,2.211132e+01,2.197349e+01,2.201486e+01,2.203554e+01,2.200107e+01,2.202176e+01,2.198039e+01,2.206999e+01,2.207688e+01,2.200107e+01,2.203554e+01,2.198039e+01,2.200797e+01,2.204243e+01,2.208377e+01,2.205621e+01,2.200107e+01,2.197349e+01,2.197349e+01,2.196660e+01,2.204243e+01,2.200797e+01,2.203554e+01,2.209755e+01,2.201486e+01,2.206999e+01,2.203554e+01,2.202176e+01,2.202865e+01,2.173876e+01,2.151734e+01,2.157967e+01,2.189071e+01,2.190451e+01,2.201486e+01,2.202865e+01,2.198039e+01,2.184929e+01,2.149656e+01,2.133708e+01,2.123294e+01,2.131626e+01,2.128156e+01,2.127461e+01,2.119820e+01,2.128850e+01,2.136484e+01,2.131626e+01,2.126767e+01,2.143419e+01,2.162119e+01,2.166962e+01,2.129544e+01,2.130238e+01,2.134402e+01,2.135096e+01,2.145498e+01,2.151042e+01,2.147577e+01,2.154505e+01,2.162119e+01,2.148963e+01,2.144112e+01,2.117041e+01,2.094774e+01,2.093381e+01,2.087806e+01,2.082228e+01,2.087109e+01,2.095471e+01,2.094077e+01,2.095471e+01,2.115650e+01,2.111479e+01,2.105218e+01,2.105914e+01,2.112869e+01,2.110088e+01,2.126072e+01,2.116345e+01,2.121905e+01,2.117736e+01,2.106609e+01,2.120515e+01,2.105218e+01,2.106609e+01,2.101738e+01,2.094774e+01,2.087806e+01,2.104522e+01,2.088503e+01,2.095471e+01,2.087806e+01,2.085017e+01,2.091987e+01,2.095471e+01,2.112174e+01,2.123989e+01,2.121905e+01,2.128156e+01,2.116345e+01,2.123294e+01,2.123294e+01,2.119820e+01,2.117041e+01,2.143419e+01,2.115650e+01,2.129544e+01,2.116345e+01,2.131626e+01,2.124683e+01,2.122600e+01,2.125378e+01,2.123989e+01,2.121905e+01,2.124683e+01,2.127461e+01,2.114260e+01,2.114260e+01,2.103130e+01,2.112869e+01,2.121905e+01,2.121905e+01,2.120515e+01,2.121210e+01,2.110783e+01,2.128156e+01,2.110088e+01,2.112869e+01,2.114260e+01,2.121210e+01,2.122600e+01,2.115650e+01,2.117736e+01,2.115650e+01,2.125378e+01,2.133014e+01,2.114955e+01,2.123989e+01,2.121905e+01,2.119126e+01,2.121905e+01,2.123294e+01,2.122600e+01,2.120515e+01,2.111479e+01,2.117736e+01,2.120515e+01,2.119820e+01,2.119820e+01,2.115650e+01,2.116345e+01,2.118431e+01,2.117736e+01,2.119126e+01,2.120515e+01,2.115650e+01,2.117041e+01,2.113565e+01,2.114955e+01,2.123989e+01,2.117736e+01,2.126072e+01,2.113565e+01,2.111479e+01,2.110783e+01,2.114260e+01,2.123294e+01,2.108001e+01,2.105914e+01,2.109392e+01,2.108696e+01,2.096864e+01,2.119820e+01,2.101042e+01,2.091291e+01,2.100345e+01,2.096864e+01,2.097560e+01,2.099649e+01,2.098256e+01,2.108696e+01,2.092684e+01,2.089200e+01,2.096864e+01,2.089200e+01,2.087109e+01,2.093381e+01,2.085017e+01,2.084320e+01,2.088503e+01,2.092684e+01,2.091291e+01,2.091291e+01,2.109392e+01,2.134402e+01,2.187000e+01,2.182858e+01,2.198729e+01,2.196660e+01,2.195970e+01,2.195280e+01,2.195970e+01,2.190451e+01,2.183548e+01,2.195970e+01,2.195970e+01,2.183548e+01,2.197349e+01,2.195280e+01,2.199418e+01,2.202176e+01,2.206999e+01,2.220769e+01,2.213886e+01,2.219393e+01,2.228334e+01,2.219393e+01,2.230396e+01,2.233146e+01,2.229022e+01,2.233833e+01,2.233146e+01,2.246880e+01,2.236581e+01,2.242762e+01,2.231771e+01,2.247566e+01,2.250311e+01,2.242075e+01,2.240015e+01,2.244135e+01,2.239328e+01,2.246194e+01,2.244135e+01,2.246880e+01,2.244135e+01,2.244135e+01,2.244821e+01,2.244135e+01,2.246194e+01,2.247566e+01,2.247566e+01,2.250311e+01,2.256483e+01,2.244821e+01,2.248252e+01,2.253055e+01,2.248939e+01,2.242075e+01,2.225584e+01,2.238642e+01,2.242075e+01,2.231084e+01,2.248252e+01,2.229709e+01,2.233146e+01,2.228334e+01,2.233833e+01,2.224896e+01,2.230396e+01,2.234520e+01,2.222833e+01,2.223520e+01,2.222145e+01,2.222145e+01,2.227647e+01,2.227647e+01,2.227647e+01,2.217328e+01,2.226271e+01,2.222145e+01,2.221457e+01,2.230396e+01,2.224896e+01,2.226271e+01,2.215263e+01,2.226959e+01,2.240015e+01,2.229022e+01,2.224208e+01,2.223520e+01,2.226271e+01,2.224896e+01,2.229022e+01,2.206310e+01,2.208377e+01,2.225584e+01,2.224896e+01,2.220081e+01,2.237268e+01,2.224208e+01,2.219393e+01,2.224208e+01,2.225584e+01,2.223520e+01,2.220769e+01,2.224896e+01,2.222145e+01,2.218016e+01,2.234520e+01,2.218705e+01,2.223520e+01,2.217328e+01,2.208377e+01,2.223520e+01,2.222833e+01,2.217328e+01,2.222145e+01,2.215263e+01,2.219393e+01,2.219393e+01,2.220081e+01,2.230396e+01,2.219393e+01,2.232458e+01,2.240702e+01,2.248252e+01,2.243448e+01,2.255798e+01,2.255112e+01,2.257169e+01,2.259911e+01,2.259911e+01,2.257854e+01,2.264708e+01,2.267447e+01,2.258540e+01,2.264708e+01,2.264708e+01,2.251683e+01,2.265392e+01,2.234520e+01,2.250311e+01,2.246880e+01,2.244135e+01,2.248939e+01,2.242762e+01,2.249625e+01,2.240015e+01
2.181476e+01,2.186310e+01,2.195970e+01,2.182167e+01,2.177332e+01,2.185620e+01,2.168345e+01,2.169728e+01,2.160043e+01,2.166270e+01,2.170420e+01,2.178713e+01,2.192521e+01,2.178713e+01,2.180786e+01,2.176641e+01,2.200107e+01,2.188381e+01,2.182858e+01,2.182167e+01,2.192521e+01,2.187691e+01,2.182167e+01,2.193901e+01,2.193211e+01,2.202865e+01,2.207688e+01,2.193901e+01,2.204243e+01,2.203554e+01,2.203554e+01,2.206310e+01,2.211821e+01,2.208377e+01,2.206310e+01,2.212509e+01,2.211132e+01,2.210443e+01,2.198039e+01,2.240702e+01,2.215263e+01,2.218705e+01,2.210443e+01,2.223520e+01,2.212509e+01,2.218016e+01,2.220769e+01,2.218705e+01,2.202865e+01,2.213198e+01,2.225584e+01,2.211821e+01,2.211821e+01,2.218016e+01,2.218705e+01,2.212509e+01,2.210443e+01,2.226959e+01,2.212509e+01,2.215952e+01,2.217328e+01,2.227647e+01,2.218705e+01,2.210443e+01,2.207688e+01,2.222833e+01,2.223520e+01,2.211132e+01,2.230396e+01,2.230396e+01,2.221457e+01,2.211132e+01,2.218705e+01,2.216640e+01,2.209066e+01,2.218705e+01,2.211821e+01,2.211821e+01,2.221457e+01,2.221457e+01,2.219393e+01,2.221457e+01,2.220081e+01,2.218016e+01,2.211821e+01,2.218705e+01,2.220081e+01,2.219393e+01,2.238642e+01,2.233833e+01,2.226271e+01,2.223520e+01,2.226959e+01,2.215952e+01,2.210443e+01,2.216640e+01,2.215263e+01,2.215952e+01,2.211821e+01,2.208377e+01,2.217328e+01,2.226271e+01,2.213198e+01,2.213886e+01,2.231084e+01,2.218016e+01,2.216640e+01,2.216640e+01,2.213198e+01,2.215952e+01,2.213198e+01,2.222145e+01,2.220769e+01,2.218016e+01,2.215952e+01,2.215952e+01,2.215952e+01,2.213886e+01,2.209755e+01,2.213198e+01,2.213198e+01,2.218016e+01,2.218016e+01,2.213198e+01,2.218016e+01,2.219393e+01,2.220081e+01,2.220769e+01,2.218016e+01,2.215952e+01,2.220769e+01,2.220081e+01,2.223520e+01,2.214575e+01,2.214575e+01,2.212509e+01,2.221457e+01,2.222833e+01,2.215263e+01,2.219393e+01,2.219393e+01,2.230396e+01,2.231084e+01,2.224896e+01,2.224896e+01,2.224896e+01,2.220081e+01,2.220769e+01,2.222833e+01,2.235207e+01,2.230396e+01,2.235894e+01,2.222145e+01,2.239328e+01,2.238642e+01,2.236581e+01,2.231771e+01,2.233146e+01,2.234520e+01,2.227647e+01,2.231771e+01,2.238642e+01,2.231771e+01,2.237268e+01,2.240015e+01,2.240702e+01,2.236581e+01,2.233833e+01,2.237268e+01,2.237955e+01,2.244821e+01,2.244821e+01,2.241389e+01,2.248252e+01,2.239328e+01,2.241389e+01,2.244821e+01,2.238642e+01,2.237955e+01,2.242075e+01,2.235207e+01,2.238642e+01,2.231084e+01,2.226959e+01,2.241389e+01,2.228334e+01,2.205621e+01,2.139952e+01,2.142032e+01,2.132320e+01,2.148963e+01,2.150349e+01,2.148963e+01,2.156582e+01,2.153119e+01,2.148963e+01,2.150349e+01,2.160043e+01,2.162119e+01,2.156582e+01,2.169728e+01,2.162119e+01,2.158659e+01,2.135096e+01,2.118431e+01,2.080135e+01,2.055690e+01,2.056389e+01,2.058486e+01,2.071761e+01,2.083623e+01,2.135096e+01,2.164195e+01,2.167654e+01,2.172494e+01,2.169728e+01,2.187691e+01,2.183548e+01,2.194591e+01,2.190451e+01,2.193211e+01,2.198039e+01,2.186310e+01,2.195280e+01,2.203554e+01,2.203554e+01,2.203554e+01,2.211132e+01,2.204932e+01,2.205621e+01,2.205621e+01,2.201486e+01,2.201486e+01,2.176641e+01,2.172494e+01,2.189761e+01,2.189761e+01,2.170420e+01,2.187691e+01,2.170420e+01,2.178022e+01,2.175258e+01,2.168345e+01,2.160043e+01,2.191831e+01,2.200107e+01,2.205621e+01,2.213886e+01,2.211821e+01,2.210443e+01,2.209755e+01,2.210443e+01,2.212509e+01,2.220081e+01,2.201486e+01,2.151734e+01,2.153812e+01,2.151042e+01,2.152427e+01,2.151042e+01,2.197349e+01,2.198039e+01,2.204243e+01,2.191831e+01,2.187691e+01,2.182858e+01,2.157274e+01,2.157967e+01,2.155197e+01,2.153812e+01,2.152427e+01,2.150349e+01,2.133708e+01,2.137871e+01,2.157967e+01,2.164195e+01,2.193901e+01,2.195970e+01,2.197349e+01,2.199418e+01,2.204932e+01,2.203554e+01,2.202865e+01,2.209755e+01,2.201486e+01,2.204243e+01,2.202865e+01,2.200797e+01,2.209755e+01,2.202176e+01,2.203554e+01,2.199418e+01,2.199418e+01,2.201486e+01,2.201486e+01,2.202865e+01,2.202865e+01,2.205621e+01,2.206310e+01,2.205621e+01,2.198729e+01,2.199418e+01,2.204243e+01,2.206999e+01,2.200107e+01,2.209066e+01,2.203554e+01,2.205621e+01,2.200797e+01,2.204243e+01,2.201486e+01,2.204243e+01,2.199418e+01,2.198729e+01,2.199418e+01,2.198729e+01,2.203554e+01,2.205621e+01,2.198039e+01,2.204243e+01,2.203554e+01,2.207688e+01,2.200107e+01,2.200107e+01,2.200797e+01,2.210443e+01,2.204243e+01,2.178022e+01,2.167654e+01,2.140645e+01,2.150349e+01,2.170420e+01,2.195970e+01,2.205621e+01,2.199418e+01,2.198729e+01,2.198729e+01,2.177332e+01,2.122600e+01,2.137871e+01,2.128156e+01,2.131626e+01,2.123989e+01,2.122600e+01,2.129544e+01,2.135790e+01,2.130238e+01,2.148963e+01,2.144112e+01,2.139258e+01,2.138565e+01,2.143419e+01,2.134402e+01,2.132320e+01,2.137177e+01,2.139952e+01,2.131626e+01,2.142725e+01,2.164887e+01,2.157274e+01,2.151734e+01,2.141339e+01,2.119820e+01,2.091987e+01,2.088503e+01,2.088503e+01,2.089200e+01,2.091291e+01,2.093381e+01,2.086412e+01,2.084320e+01,2.095471e+01,2.103826e+01,2.108001e+01,2.108696e+01,2.114955e+01,2.103826e+01,2.108696e+01,2.111479e+01,2.118431e+01,2.107305e+01,2.114260e+01,2.110088e+01,2.108001e+01,2.103130e+01,2.110783e+01,2.090594e+01,2.101738e+01,2.089897e+01,2.091987e+01,2.087806e+01,2.091987e+01,2.078740e+01,2.092684e+01,2.080135e+01,2.096864e+01,2.108696e+01,2.117736e+01,2.118431e+01,2.118431e+01,2.114955e+01,2.116345e+01,2.129544e+01,2.121210e+01,2.125378e+01,2.113565e+01,2.117041e+01,2.117736e+01,2.122600e+01,2.126767e+01,2.119820e+01,2.125378e+01,2.122600e+01,2.121210e+01,2.123294e+01,2.120515e+01,2.121210e+01,2.112869e+01,2.124683e+01,2.119820e+01,2.101042e+01,2.117736e+01,2.119126e+01,2.118431e+01,2.112174e+01,2.107305e+01,2.113565e+01,2.110783e+01,2.112869e+01,2.113565e+01,2.115650e+01,2.119820e+01,2.112174e+01,2.116345e+01,2.110088e+01,2.120515e+01,2.133708e+01,2.123294e+01,2.117736e+01,2.121905e+01,2.112174e+01,2.123294e+01,2.122600e+01,2.119820e+01,2.120515e+01,2.115650e+01,2.124683e+01,2.112174e+01,2.136484e+01,2.117041e+01,2.117736e+01,2.116345e+01,2.116345e+01,2.118431e+01,2.112869e+01,2.117736e+01,2.112869e+01,2.114260e+01,2.117736e+01,2.112174e+01,2.116345e+01,2.115650e+01,2.143419e+01,2.109392e+01,2.112174e+01,2.126072e+01,2.110088e+01,2.108001e+01,2.109392e+01,2.107305e+01,2.115650e+01,2.110088e+01,2.107305e+01,2.103826e+01,2.107305e+01,2.101738e+01,2.096167e+01,2.095471e+01,2.103130e+01,2.094774e+01,2.092684e+01,2.096167e+01,2.101738e+01,2.096864e+01,2.090594e+01,2.084320e+01,2.082925e+01,2.095471e+01,2.085715e+01,2.087109e+01,2.094077e+01,2.085017e+01,2.086412e+01,2.096864e+01,2.087806e+01,2.106609e+01,2.151042e+01,2.188381e+01,2.196660e+01,2.198039e+01,2.198729e+01,2.196660e+01,2.195970e+01,2.191141e+01,2.191831e+01,2.193211e+01,2.192521e+01,2.196660e+01,2.188381e+01,2.196660e+01,2.195280e+01,2.195970e+01,2.212509e+01,2.215263e+01,2.218705e+01,2.215263e+01,2.226271e+01,2.225584e+01,2.229022e+01,2.227647e+01,2.236581e+01,2.240015e+01,2.237955e+01,2.247566e+01,2.244821e+01,2.246880e+01,2.248252e+01,2.247566e+01,2.236581e+01,2.238642e+01,2.242075e+01,2.246194e+01,2.240702e+01,2.242075e+01,2.244135e+01,2.240702e+01,2.242075e+01,2.250311e+01,2.246194e+01,2.247566e+01,2.234520e+01,2.237955e+01,2.243448e+01,2.246880e+01,2.252369e+01,2.252369e+01,2.255112e+01,2.247566e+01,2.245507e+01,2.255112e+01,2.243448e+01,2.242762e+01,2.229022e+01,2.231084e+01,2.232458e+01,2.233833e+01,2.229709e+01,2.227647e+01,2.231084e+01,2.232458e+01,2.222833e+01,2.229709e+01,2.227647e+01,2.220769e+01,2.221457e+01,2.249625e+01,2.225584e+01,2.223520e+01,2.227647e+01,2.217328e+01,2.224896e+01,2.229022e+01,2.227647e+01,2.232458e+01,2.229709e+01,2.228334e+01,2.214575e+01,2.220769e+01,2.225584e+01,2.223520e+01,2.236581e+01,2.223520e+01,2.229022e+01,2.226271e+01,2.229022e+01,2.224896e+01,2.226271e+01,2.227647e+01,2.217328e+01,2.222833e+01,2.233833e+01,2.223520e+01,2.226271e+01,2.224208e+01,2.225584e+01,2.224896e+01,2.224208e+01,2.215952e+01,2.229022e+01,2.224208e+01,2.218016e+01,2.220769e+01,2.223520e+01,2.224208e+01,2.222145e+01,2.220081e+01,2.220769e+01,2.226271e+01,2.220769e+01,2.227647e+01,2.221457e+01,2.215952e+01,2.221457e+01,2.226959e+01,2.220081e+01,2.232458e+01,2.228334e+01,2.237955e+01,2.240702e+01,2.241389e+01,2.247566e+01,2.256483e+01,2.256483e+01,2.257854e+01,2.257854e+01,2.263337e+01,2.275663e+01,2.264708e+01,2.287290e+01,2.265392e+01,2.266078e+01,2.255798e+01,2.240702e+01,2.255112e+01,2.251683e+01,2.245507e+01,2.247566e+01,2.247566e+01,2.251683e+01,2.242762e+01
2.189071e+01,2.198039e+01,2.176641e+01,2.180786e+01,2.175258e+01,2.175949e+01,2.173185e+01,2.166962e+01,2.166962e+01,2.172494e+01,2.175258e+01,2.168345e+01,2.180786e+01,2.171111e+01,2.173876e+01,2.180786e+01,2.180095e+01,2.177332e+01,2.186310e+01,2.198039e+01,2.190451e+01,2.182858e+01,2.183548e+01,2.189071e+01,2.193211e+01,2.188381e+01,2.193901e+01,2.193901e+01,2.191141e+01,2.184929e+01,2.200797e+01,2.204243e+01,2.198039e+01,2.202865e+01,2.211821e+01,2.211132e+01,2.213886e+01,2.213886e+01,2.211821e+01,2.209066e+01,2.212509e+01,2.220769e+01,2.214575e+01,2.222833e+01,2.221457e+01,2.227647e+01,2.229709e+01,2.229022e+01,2.213198e+01,2.221457e+01,2.222145e+01,2.215952e+01,2.209066e+01,2.216640e+01,2.222145e+01,2.211132e+01,2.216640e+01,2.215952e+01,2.216640e+01,2.209755e+01,2.213198e+01,2.222833e+01,2.212509e+01,2.210443e+01,2.224208e+01,2.219393e+01,2.215263e+01,2.218016e+01,2.218016e+01,2.227647e+01,2.217328e+01,2.213886e+01,2.209066e+01,2.208377e+01,2.225584e+01,2.214575e+01,2.210443e+01,2.212509e+01,2.218016e+01,2.217328e+01,2.217328e+01,2.221457e+01,2.218016e+01,2.220081e+01,2.218705e+01,2.215952e+01,2.208377e+01,2.211132e+01,2.231084e+01,2.212509e+01,2.231084e+01,2.222145e+01,2.224208e+01,2.206999e+01,2.213198e+01,2.218016e+01,2.219393e+01,2.206310e+01,2.218705e+01,2.211821e+01,2.213886e+01,2.216640e+01,2.213886e+01,2.213198e+01,2.208377e+01,2.212509e+01,2.235894e+01,2.216640e+01,2.220769e+01,2.218016e+01,2.213886e+01,2.210443e+01,2.218016e+01,2.209755e+01,2.218705e+01,2.208377e+01,2.211821e+01,2.214575e+01,2.212509e+01,2.205621e+01,2.215952e+01,2.213886e+01,2.215263e+01,2.214575e+01,2.217328e+01,2.220081e+01,2.221457e+01,2.224208e+01,2.226271e+01,2.226271e+01,2.211132e+01,2.224896e+01,2.220081e+01,2.224896e+01,2.216640e+01,2.226959e+01,2.229022e+01,2.219393e+01,2.219393e+01,2.224208e+01,2.223520e+01,2.224208e+01,2.231771e+01,2.222145e+01,2.224208e+01,2.221457e+01,2.236581e+01,2.220769e+01,2.235894e+01,2.212509e+01,2.235207e+01,2.228334e+01,2.227647e+01,2.238642e+01,2.236581e+01,2.238642e+01,2.235207e+01,2.235894e+01,2.227647e+01,2.233146e+01,2.232458e+01,2.224896e+01,2.233146e+01,2.236581e+01,2.233833e+01,2.231771e+01,2.237955e+01,2.230396e+01,2.236581e+01,2.235207e+01,2.237268e+01,2.240702e+01,2.235894e+01,2.245507e+01,2.239328e+01,2.237955e+01,2.235207e+01,2.224896e+01,2.237955e+01,2.238642e+01,2.222145e+01,2.236581e+01,2.229709e+01,2.224896e+01,2.236581e+01,2.222833e+01,2.185620e+01,2.138565e+01,2.135790e+01,2.139952e+01,2.142032e+01,2.139952e+01,2.141339e+01,2.153119e+01,2.142032e+01,2.156582e+01,2.149656e+01,2.140645e+01,2.143419e+01,2.144112e+01,2.149656e+01,2.137871e+01,2.130932e+01,2.073157e+01,2.054990e+01,2.057787e+01,2.043795e+01,2.059185e+01,2.054291e+01,2.057787e+01,2.126072e+01,2.161427e+01,2.174567e+01,2.169037e+01,2.173185e+01,2.179404e+01,2.192521e+01,2.182858e+01,2.197349e+01,2.186310e+01,2.177332e+01,2.166962e+01,2.174567e+01,2.183548e+01,2.197349e+01,2.193211e+01,2.201486e+01,2.203554e+01,2.204932e+01,2.204243e+01,2.202865e+01,2.180095e+01,2.187691e+01,2.168345e+01,2.165579e+01,2.181476e+01,2.171802e+01,2.165579e+01,2.167654e+01,2.176641e+01,2.161427e+01,2.173876e+01,2.160735e+01,2.164195e+01,2.162119e+01,2.164887e+01,2.166962e+01,2.180095e+01,2.196660e+01,2.201486e+01,2.209066e+01,2.204243e+01,2.217328e+01,2.206999e+01,2.174567e+01,2.151042e+01,2.152427e+01,2.160043e+01,2.154505e+01,2.163503e+01,2.198729e+01,2.189071e+01,2.193211e+01,2.180786e+01,2.188381e+01,2.184929e+01,2.178022e+01,2.155890e+01,2.159351e+01,2.164195e+01,2.159351e+01,2.150349e+01,2.134402e+01,2.149656e+01,2.162119e+01,2.175258e+01,2.196660e+01,2.192521e+01,2.194591e+01,2.200797e+01,2.195970e+01,2.202865e+01,2.186310e+01,2.200797e+01,2.202176e+01,2.200797e+01,2.196660e+01,2.203554e+01,2.202865e+01,2.199418e+01,2.194591e+01,2.190451e+01,2.198039e+01,2.191831e+01,2.198729e+01,2.203554e+01,2.200797e+01,2.192521e+01,2.206310e+01,2.199418e+01,2.211132e+01,2.209755e+01,2.199418e+01,2.202176e+01,2.200107e+01,2.206310e+01,2.205621e+01,2.202865e+01,2.196660e+01,2.199418e+01,2.199418e+01,2.195280e+01,2.205621e+01,2.204932e+01,2.204243e+01,2.204932e+01,2.203554e+01,2.203554e+01,2.194591e+01,2.204932e+01,2.192521e+01,2.202176e+01,2.198729e+01,2.200107e+01,2.190451e+01,2.186310e+01,2.157274e+01,2.139952e+01,2.142032e+01,2.170420e+01,2.187000e+01,2.187000e+01,2.191831e+01,2.211132e+01,2.201486e+01,2.198729e+01,2.161427e+01,2.134402e+01,2.118431e+01,2.115650e+01,2.131626e+01,2.123294e+01,2.132320e+01,2.123989e+01,2.126767e+01,2.153119e+01,2.169037e+01,2.148963e+01,2.142032e+01,2.133708e+01,2.126072e+01,2.136484e+01,2.129544e+01,2.130932e+01,2.128156e+01,2.129544e+01,2.130238e+01,2.145498e+01,2.147577e+01,2.162811e+01,2.140645e+01,2.114955e+01,2.101042e+01,2.094077e+01,2.087806e+01,2.091291e+01,2.092684e+01,2.085715e+01,2.097560e+01,2.084320e+01,2.082925e+01,2.090594e+01,2.103826e+01,2.101738e+01,2.106609e+01,2.106609e+01,2.112174e+01,2.104522e+01,2.121905e+01,2.105218e+01,2.106609e+01,2.108001e+01,2.108001e+01,2.098953e+01,2.107305e+01,2.099649e+01,2.096864e+01,2.094077e+01,2.087109e+01,2.093381e+01,2.077344e+01,2.072459e+01,2.091987e+01,2.080135e+01,2.084320e+01,2.086412e+01,2.099649e+01,2.101042e+01,2.110783e+01,2.111479e+01,2.108696e+01,2.119820e+01,2.123989e+01,2.111479e+01,2.112174e+01,2.112869e+01,2.126767e+01,2.121210e+01,2.110783e+01,2.111479e+01,2.112869e+01,2.108696e+01,2.114260e+01,2.117041e+01,2.114955e+01,2.119820e+01,2.112174e+01,2.097560e+01,2.111479e+01,2.110783e+01,2.102434e+01,2.112869e+01,2.101042e+01,2.118431e+01,2.119126e+01,2.110088e+01,2.109392e+01,2.108001e+01,2.112174e+01,2.112174e+01,2.108696e+01,2.112869e+01,2.116345e+01,2.114955e+01,2.118431e+01,2.112174e+01,2.111479e+01,2.114955e+01,2.115650e+01,2.124683e+01,2.118431e+01,2.121210e+01,2.105914e+01,2.114955e+01,2.119126e+01,2.118431e+01,2.119820e+01,2.110783e+01,2.122600e+01,2.115650e+01,2.114260e+01,2.115650e+01,2.113565e+01,2.121905e+01,2.114260e+01,2.107305e+01,2.113565e+01,2.114955e+01,2.114955e+01,2.113565e+01,2.121210e+01,2.114260e+01,2.116345e+01,2.112174e+01,2.110783e+01,2.112869e+01,2.105914e+01,2.108001e+01,2.106609e+01,2.105914e+01,2.107305e+01,2.098953e+01,2.103826e+01,2.097560e+01,2.091987e+01,2.090594e+01,2.093381e+01,2.093381e+01,2.097560e+01,2.087806e+01,2.094077e+01,2.098256e+01,2.095471e+01,2.094774e+01,2.085017e+01,2.099649e+01,2.085715e+01,2.075949e+01,2.088503e+01,2.087109e+01,2.087109e+01,2.088503e+01,2.089200e+01,2.090594e+01,2.085715e+01,2.104522e+01,2.151042e+01,2.185620e+01,2.193901e+01,2.188381e+01,2.192521e+01,2.192521e+01,2.184239e+01,2.195970e+01,2.195280e+01,2.195970e+01,2.194591e+01,2.197349e+01,2.197349e+01,2.198039e+01,2.200107e+01,2.199418e+01,2.213198e+01,2.210443e+01,2.215263e+01,2.210443e+01,2.226271e+01,2.227647e+01,2.227647e+01,2.239328e+01,2.232458e+01,2.233146e+01,2.231084e+01,2.239328e+01,2.236581e+01,2.238642e+01,2.237955e+01,2.248252e+01,2.250311e+01,2.248939e+01,2.252369e+01,2.246194e+01,2.243448e+01,2.240015e+01,2.243448e+01,2.242075e+01,2.242762e+01,2.242075e+01,2.233146e+01,2.244135e+01,2.244821e+01,2.238642e+01,2.246194e+01,2.248252e+01,2.248939e+01,2.253741e+01,2.246194e+01,2.248939e+01,2.253055e+01,2.249625e+01,2.244821e+01,2.235207e+01,2.234520e+01,2.235894e+01,2.230396e+01,2.233833e+01,2.229709e+01,2.228334e+01,2.230396e+01,2.229022e+01,2.230396e+01,2.227647e+01,2.226271e+01,2.218016e+01,2.229709e+01,2.225584e+01,2.225584e+01,2.223520e+01,2.226959e+01,2.222145e+01,2.229709e+01,2.229022e+01,2.224208e+01,2.228334e+01,2.230396e+01,2.224896e+01,2.218016e+01,2.221457e+01,2.220769e+01,2.224896e+01,2.219393e+01,2.230396e+01,2.224896e+01,2.226271e+01,2.204243e+01,2.231084e+01,2.229709e+01,2.227647e+01,2.225584e+01,2.226959e+01,2.225584e+01,2.220769e+01,2.224208e+01,2.235894e+01,2.222145e+01,2.211821e+01,2.222145e+01,2.236581e+01,2.220769e+01,2.217328e+01,2.220769e+01,2.228334e+01,2.215263e+01,2.218016e+01,2.229709e+01,2.215263e+01,2.223520e+01,2.226271e+01,2.222145e+01,2.225584e+01,2.219393e+01,2.214575e+01,2.220769e+01,2.222145e+01,2.221457e+01,2.228334e+01,2.240015e+01,2.242075e+01,2.244135e+01,2.242075e+01,2.259911e+01,2.254426e+01,2.253741e+01,2.256483e+01,2.260596e+01,2.262652e+01,2.264022e+01,2.264708e+01,2.264708e+01,2.263337e+01,2.255798e+01,2.250997e+01,2.242075e+01,2.235894e+01,2.253741e+01,2.243448e+01,2.253741e+01,2.238642e+01,2.245507e+01,2.249625e+01
2.180786e+01,2.187691e+01,2.163503e+01,2.169728e+01,2.169728e+01,2.169728e+01,2.184239e+01,2.160735e+01,2.168345e+01,2.168345e+01,2.174567e+01,2.169728e+01,2.189761e+01,2.175949e+01,2.189761e+01,2.186310e+01,2.182167e+01,2.182858e+01,2.180095e+01,2.182858e+01,2.191831e+01,2.182858e+01,2.193901e+01,2.187691e+01,2.185620e+01,2.204932e+01,2.206999e+01,2.202176e+01,2.204243e+01,2.197349e+01,2.204243e+01,2.207688e+01,2.211821e+01,2.206999e+01,2.204932e+01,2.211132e+01,2.213886e+01,2.226959e+01,2.215263e+01,2.217328e+01,2.214575e+01,2.220081e+01,2.216640e+01,2.216640e+01,2.228334e+01,2.231084e+01,2.222833e+01,2.215952e+01,2.222145e+01,2.212509e+01,2.221457e+01,2.215263e+01,2.222833e+01,2.213886e+01,2.215263e+01,2.218705e+01,2.219393e+01,2.216640e+01,2.218016e+01,2.211132e+01,2.213198e+01,2.202176e+01,2.215263e+01,2.215263e+01,2.221457e+01,2.218016e+01,2.209066e+01,2.218016e+01,2.215952e+01,2.218016e+01,2.213886e+01,2.216640e+01,2.213886e+01,2.211132e+01,2.206999e+01,2.218016e+01,2.209755e+01,2.223520e+01,2.220769e+01,2.211821e+01,2.220081e+01,2.215952e+01,2.218016e+01,2.218016e+01,2.213886e+01,2.221457e+01,2.222833e+01,2.220769e+01,2.213198e+01,2.204243e+01,2.226959e+01,2.216640e+01,2.212509e+01,2.211821e+01,2.209066e+01,2.217328e+01,2.211132e+01,2.212509e+01,2.208377e+01,2.213886e+01,2.215952e+01,2.213198e+01,2.213198e+01,2.215952e+01,2.219393e+01,2.213886e+01,2.219393e+01,2.218016e+01,2.213886e+01,2.213886e+01,2.213886e+01,2.243448e+01,2.209755e+01,2.221457e+01,2.212509e+01,2.220081e+01,2.224896e+01,2.222833e+01,2.218705e+01,2.208377e+01,2.205621e+01,2.211132e+01,2.220769e+01,2.215952e+01,2.216640e+01,2.212509e+01,2.216640e+01,2.219393e+01,2.218705e+01,2.220081e+01,2.219393e+01,2.204243e+01,2.220081e+01,2.215263e+01,2.218016e+01,2.218705e+01,2.226959e+01,2.218705e+01,2.218016e+01,2.224896e+01,2.216640e+01,2.216640e+01,2.233146e+01,2.221457e+01,2.230396e+01,2.226959e+01,2.223520e+01,2.231084e+01,2.229709e+01,2.225584e+01,2.229709e+01,2.231771e+01,2.237268e+01,2.230396e+01,2.233833e+01,2.233146e+01,2.243448e+01,2.231084e+01,2.226959e+01,2.214575e+01,2.222833e+01,2.225584e+01,2.239328e+01,2.229022e+01,2.225584e+01,2.223520e+01,2.229022e+01,2.237955e+01,2.240015e+01,2.235207e+01,2.233146e+01,2.237955e+01,2.226959e+01,2.233833e+01,2.237268e+01,2.231771e+01,2.234520e+01,2.233833e+01,2.236581e+01,2.235207e+01,2.226959e+01,2.222833e+01,2.221457e+01,2.208377e+01,2.215263e+01,2.168345e+01,2.137177e+01,2.129544e+01,2.137871e+01,2.140645e+01,2.137871e+01,2.144805e+01,2.142725e+01,2.145498e+01,2.150349e+01,2.155197e+01,2.147577e+01,2.147577e+01,2.148270e+01,2.151042e+01,2.134402e+01,2.098953e+01,2.073855e+01,2.049394e+01,2.052192e+01,2.054291e+01,2.042394e+01,2.051493e+01,2.057088e+01,2.082925e+01,2.153119e+01,2.162119e+01,2.164887e+01,2.164887e+01,2.160735e+01,2.162811e+01,2.184239e+01,2.197349e+01,2.198039e+01,2.169037e+01,2.178022e+01,2.169037e+01,2.169037e+01,2.170420e+01,2.183548e+01,2.199418e+01,2.187000e+01,2.189071e+01,2.195970e+01,2.204932e+01,2.198039e+01,2.202865e+01,2.164887e+01,2.164195e+01,2.162811e+01,2.164887e+01,2.164195e+01,2.171802e+01,2.163503e+01,2.162811e+01,2.162119e+01,2.175949e+01,2.160043e+01,2.160735e+01,2.160735e+01,2.160735e+01,2.164887e+01,2.177332e+01,2.169037e+01,2.180786e+01,2.199418e+01,2.196660e+01,2.193901e+01,2.206310e+01,2.172494e+01,2.145498e+01,2.154505e+01,2.149656e+01,2.151734e+01,2.153812e+01,2.198039e+01,2.186310e+01,2.191141e+01,2.193901e+01,2.187691e+01,2.183548e+01,2.155890e+01,2.152427e+01,2.153812e+01,2.154505e+01,2.144112e+01,2.153119e+01,2.143419e+01,2.154505e+01,2.166270e+01,2.171802e+01,2.195970e+01,2.198729e+01,2.199418e+01,2.198039e+01,2.196660e+01,2.198729e+01,2.204932e+01,2.204932e+01,2.200107e+01,2.202865e+01,2.200107e+01,2.208377e+01,2.195970e+01,2.205621e+01,2.193901e+01,2.197349e+01,2.195280e+01,2.209755e+01,2.199418e+01,2.198039e+01,2.198729e+01,2.208377e+01,2.199418e+01,2.197349e+01,2.204932e+01,2.209066e+01,2.194591e+01,2.206999e+01,2.202176e+01,2.202176e+01,2.206310e+01,2.198729e+01,2.200797e+01,2.202865e+01,2.201486e+01,2.203554e+01,2.195280e+01,2.193211e+01,2.200797e+01,2.201486e+01,2.196660e+01,2.201486e+01,2.204243e+01,2.191831e+01,2.200107e+01,2.207688e+01,2.198039e+01,2.197349e+01,2.156582e+01,2.151734e+01,2.143419e+01,2.150349e+01,2.181476e+01,2.199418e+01,2.197349e+01,2.204243e+01,2.208377e+01,2.200107e+01,2.193211e+01,2.191831e+01,2.143419e+01,2.123989e+01,2.117041e+01,2.116345e+01,2.123294e+01,2.125378e+01,2.130932e+01,2.126767e+01,2.137177e+01,2.189761e+01,2.175949e+01,2.177332e+01,2.144112e+01,2.138565e+01,2.133708e+01,2.133708e+01,2.126072e+01,2.129544e+01,2.137177e+01,2.139952e+01,2.144805e+01,2.145498e+01,2.160043e+01,2.137177e+01,2.123989e+01,2.099649e+01,2.093381e+01,2.075251e+01,2.094077e+01,2.089200e+01,2.089200e+01,2.089200e+01,2.085715e+01,2.084320e+01,2.088503e+01,2.084320e+01,2.110088e+01,2.094774e+01,2.105914e+01,2.105914e+01,2.105218e+01,2.103826e+01,2.104522e+01,2.104522e+01,2.106609e+01,2.105914e+01,2.106609e+01,2.103826e+01,2.099649e+01,2.105914e+01,2.098256e+01,2.089897e+01,2.094077e+01,2.090594e+01,2.086412e+01,2.091987e+01,2.088503e+01,2.087806e+01,2.083623e+01,2.079438e+01,2.102434e+01,2.104522e+01,2.105218e+01,2.108696e+01,2.109392e+01,2.105914e+01,2.110088e+01,2.097560e+01,2.113565e+01,2.122600e+01,2.126767e+01,2.117736e+01,2.110783e+01,2.106609e+01,2.109392e+01,2.121905e+01,2.115650e+01,2.117041e+01,2.110783e+01,2.117041e+01,2.116345e+01,2.101042e+01,2.106609e+01,2.103826e+01,2.096167e+01,2.097560e+01,2.101042e+01,2.119126e+01,2.113565e+01,2.109392e+01,2.112869e+01,2.110088e+01,2.112174e+01,2.108696e+01,2.119126e+01,2.116345e+01,2.112869e+01,2.114955e+01,2.111479e+01,2.107305e+01,2.106609e+01,2.116345e+01,2.113565e+01,2.110088e+01,2.108696e+01,2.109392e+01,2.097560e+01,2.117736e+01,2.109392e+01,2.118431e+01,2.119126e+01,2.114260e+01,2.112869e+01,2.112869e+01,2.113565e+01,2.112869e+01,2.119126e+01,2.106609e+01,2.117736e+01,2.111479e+01,2.109392e+01,2.103826e+01,2.117041e+01,2.113565e+01,2.098953e+01,2.110088e+01,2.110088e+01,2.110783e+01,2.113565e+01,2.108696e+01,2.117736e+01,2.105218e+01,2.101738e+01,2.110783e+01,2.110783e+01,2.108001e+01,2.093381e+01,2.101042e+01,2.094774e+01,2.090594e+01,2.097560e+01,2.097560e+01,2.095471e+01,2.093381e+01,2.091987e+01,2.091987e+01,2.086412e+01,2.096167e+01,2.091291e+01,2.089897e+01,2.088503e+01,2.095471e+01,2.081530e+01,2.082925e+01,2.080833e+01,2.084320e+01,2.080135e+01,2.088503e+01,2.087109e+01,2.085715e+01,2.109392e+01,2.150349e+01,2.189071e+01,2.202176e+01,2.190451e+01,2.195280e+01,2.193901e+01,2.193211e+01,2.190451e+01,2.191831e+01,2.193211e+01,2.186310e+01,2.191141e+01,2.206310e+01,2.200797e+01,2.190451e+01,2.210443e+01,2.209066e+01,2.217328e+01,2.221457e+01,2.214575e+01,2.227647e+01,2.233833e+01,2.220769e+01,2.233146e+01,2.233833e+01,2.235207e+01,2.240015e+01,2.243448e+01,2.240702e+01,2.239328e+01,2.248939e+01,2.241389e+01,2.247566e+01,2.246194e+01,2.239328e+01,2.244821e+01,2.244135e+01,2.259225e+01,2.253055e+01,2.231084e+01,2.242075e+01,2.241389e+01,2.243448e+01,2.257854e+01,2.246194e+01,2.246194e+01,2.244821e+01,2.254426e+01,2.256483e+01,2.249625e+01,2.248939e+01,2.251683e+01,2.245507e+01,2.237268e+01,2.237268e+01,2.233146e+01,2.226959e+01,2.230396e+01,2.230396e+01,2.226271e+01,2.232458e+01,2.230396e+01,2.226271e+01,2.227647e+01,2.230396e+01,2.227647e+01,2.224208e+01,2.223520e+01,2.226959e+01,2.222145e+01,2.226271e+01,2.227647e+01,2.222145e+01,2.218016e+01,2.231084e+01,2.231084e+01,2.229022e+01,2.230396e+01,2.224896e+01,2.224208e+01,2.219393e+01,2.227647e+01,2.224208e+01,2.226959e+01,2.227647e+01,2.227647e+01,2.225584e+01,2.231771e+01,2.213198e+01,2.230396e+01,2.226271e+01,2.231084e+01,2.232458e+01,2.229022e+01,2.226959e+01,2.230396e+01,2.228334e+01,2.225584e+01,2.224208e+01,2.219393e+01,2.233833e+01,2.225584e+01,2.224896e+01,2.225584e+01,2.226959e+01,2.221457e+01,2.213886e+01,2.222833e+01,2.218705e+01,2.217328e+01,2.221457e+01,2.227647e+01,2.218016e+01,2.226959e+01,2.223520e+01,2.221457e+01,2.229709e+01,2.224208e+01,2.229022e+01,2.248939e+01,2.244821e+01,2.242075e+01,2.240702e+01,2.248252e+01,2.257169e+01,2.257854e+01,2.259225e+01,2.257169e+01,2.261282e+01,2.261967e+01,2.264022e+01,2.263337e+01,2.255798e+01,2.255798e+01,2.235207e+01,2.253741e+01,2.240015e+01,2.240015e+01,2.231771e+01,2.249625e+01,2.255112e+01,2.235207e+01,2.240702e+01
2.163503e+01,2.190451e+01,2.189071e+01,2.187000e+01,2.181476e+01,2.174567e+01,2.176641e+01,2.172494e+01,2.180786e+01,2.189071e+01,2.167654e+01,2.164195e+01,2.169037e+01,2.187000e+01,2.184929e+01,2.176641e+01,2.180095e+01,2.182858e+01,2.175949e+01,2.187691e+01,2.186310e+01,2.184929e+01,2.182167e+01,2.175258e+01,2.189761e+01,2.191831e+01,2.193211e+01,2.200107e+01,2.196660e+01,2.203554e+01,2.208377e+01,2.204243e+01,2.211821e+01,2.215263e+01,2.210443e+01,2.215263e+01,2.213886e+01,2.205621e+01,2.212509e+01,2.211821e+01,2.215952e+01,2.219393e+01,2.219393e+01,2.220769e+01,2.215952e+01,2.216640e+01,2.221457e+01,2.213886e+01,2.216640e+01,2.224896e+01,2.222833e+01,2.217328e+01,2.218705e+01,2.200107e+01,2.214575e+01,2.206310e+01,2.218016e+01,2.215263e+01,2.216640e+01,2.217328e+01,2.213198e+01,2.209755e+01,2.212509e+01,2.213886e+01,2.215263e+01,2.215263e+01,2.224896e+01,2.219393e+01,2.211821e+01,2.218705e+01,2.213198e+01,2.215952e+01,2.220081e+01,2.220769e+01,2.217328e+01,2.208377e+01,2.215263e+01,2.213198e+01,2.230396e+01,2.207688e+01,2.221457e+01,2.206310e+01,2.214575e+01,2.212509e+01,2.220769e+01,2.218705e+01,2.227647e+01,2.217328e+01,2.222833e+01,2.213886e+01,2.226959e+01,2.210443e+01,2.215263e+01,2.210443e+01,2.213198e+01,2.211132e+01,2.217328e+01,2.216640e+01,2.214575e+01,2.214575e+01,2.215263e+01,2.215263e+01,2.209066e+01,2.210443e+01,2.215952e+01,2.216640e+01,2.214575e+01,2.215263e+01,2.210443e+01,2.214575e+01,2.213886e+01,2.195280e+01,2.213198e+01,2.210443e+01,2.209755e+01,2.209755e+01,2.208377e+01,2.217328e+01,2.212509e+01,2.211821e+01,2.210443e+01,2.222833e+01,2.213886e+01,2.215952e+01,2.213198e+01,2.214575e+01,2.217328e+01,2.216640e+01,2.218016e+01,2.220769e+01,2.221457e+01,2.222145e+01,2.208377e+01,2.211132e+01,2.212509e+01,2.218016e+01,2.220081e+01,2.211132e+01,2.222833e+01,2.223520e+01,2.208377e+01,2.221457e+01,2.226959e+01,2.226271e+01,2.232458e+01,2.219393e+01,2.221457e+01,2.222833e+01,2.222145e+01,2.233833e+01,2.228334e+01,2.230396e+01,2.232458e+01,2.230396e+01,2.232458e+01,2.226271e+01,2.226959e+01,2.235894e+01,2.233146e+01,2.226271e+01,2.232458e+01,2.240015e+01,2.235207e+01,2.233146e+01,2.232458e+01,2.238642e+01,2.241389e+01,2.231771e+01,2.230396e+01,2.237268e+01,2.234520e+01,2.231771e+01,2.231771e+01,2.232458e+01,2.231084e+01,2.227647e+01,2.239328e+01,2.227647e+01,2.242762e+01,2.240702e+01,2.225584e+01,2.222145e+01,2.220769e+01,2.205621e+01,2.200797e+01,2.157274e+01,2.141339e+01,2.136484e+01,2.131626e+01,2.138565e+01,2.143419e+01,2.139258e+01,2.135790e+01,2.137177e+01,2.151734e+01,2.146884e+01,2.139952e+01,2.141339e+01,2.135790e+01,2.108001e+01,2.075251e+01,2.066174e+01,2.053592e+01,2.054291e+01,2.054291e+01,2.044495e+01,2.047994e+01,2.050793e+01,2.057787e+01,2.125378e+01,2.153812e+01,2.159351e+01,2.162811e+01,2.150349e+01,2.122600e+01,2.174567e+01,2.198729e+01,2.195280e+01,2.200797e+01,2.173185e+01,2.175949e+01,2.174567e+01,2.177332e+01,2.174567e+01,2.169728e+01,2.185620e+01,2.196660e+01,2.182167e+01,2.184239e+01,2.203554e+01,2.187000e+01,2.187691e+01,2.182167e+01,2.177332e+01,2.168345e+01,2.166962e+01,2.156582e+01,2.187691e+01,2.185620e+01,2.188381e+01,2.188381e+01,2.186310e+01,2.158659e+01,2.155890e+01,2.160043e+01,2.156582e+01,2.162811e+01,2.164195e+01,2.165579e+01,2.176641e+01,2.199418e+01,2.202865e+01,2.191141e+01,2.206310e+01,2.165579e+01,2.153812e+01,2.151734e+01,2.153119e+01,2.149656e+01,2.154505e+01,2.182167e+01,2.188381e+01,2.194591e+01,2.190451e+01,2.188381e+01,2.187691e+01,2.157967e+01,2.154505e+01,2.136484e+01,2.146884e+01,2.134402e+01,2.139952e+01,2.143419e+01,2.140645e+01,2.166270e+01,2.165579e+01,2.195280e+01,2.195970e+01,2.199418e+01,2.200107e+01,2.188381e+01,2.202176e+01,2.202176e+01,2.200797e+01,2.194591e+01,2.189071e+01,2.196660e+01,2.206310e+01,2.198039e+01,2.191141e+01,2.192521e+01,2.198039e+01,2.190451e+01,2.197349e+01,2.198729e+01,2.199418e+01,2.202865e+01,2.196660e+01,2.199418e+01,2.196660e+01,2.193901e+01,2.198729e+01,2.199418e+01,2.207688e+01,2.202865e+01,2.203554e+01,2.194591e+01,2.191831e+01,2.197349e+01,2.199418e+01,2.205621e+01,2.201486e+01,2.197349e+01,2.204932e+01,2.202865e+01,2.202176e+01,2.199418e+01,2.200107e+01,2.195280e+01,2.195280e+01,2.193901e+01,2.196660e+01,2.180786e+01,2.171802e+01,2.120515e+01,2.131626e+01,2.153119e+01,2.195970e+01,2.204932e+01,2.196660e+01,2.202176e+01,2.202176e+01,2.210443e+01,2.196660e+01,2.198729e+01,2.145498e+01,2.122600e+01,2.118431e+01,2.125378e+01,2.115650e+01,2.127461e+01,2.126767e+01,2.128850e+01,2.134402e+01,2.167654e+01,2.182167e+01,2.200797e+01,2.185620e+01,2.172494e+01,2.146884e+01,2.130238e+01,2.129544e+01,2.123989e+01,2.134402e+01,2.135096e+01,2.132320e+01,2.147577e+01,2.137871e+01,2.135096e+01,2.126072e+01,2.087806e+01,2.090594e+01,2.083623e+01,2.087109e+01,2.096864e+01,2.090594e+01,2.105218e+01,2.085017e+01,2.085017e+01,2.098953e+01,2.091291e+01,2.096167e+01,2.095471e+01,2.101738e+01,2.108696e+01,2.102434e+01,2.104522e+01,2.109392e+01,2.105914e+01,2.110088e+01,2.098256e+01,2.107305e+01,2.097560e+01,2.101738e+01,2.104522e+01,2.087806e+01,2.105218e+01,2.082228e+01,2.094077e+01,2.090594e+01,2.073157e+01,2.087806e+01,2.089200e+01,2.079438e+01,2.070364e+01,2.079438e+01,2.096864e+01,2.099649e+01,2.100345e+01,2.108001e+01,2.107305e+01,2.103130e+01,2.107305e+01,2.103130e+01,2.124683e+01,2.114955e+01,2.111479e+01,2.110088e+01,2.126072e+01,2.123989e+01,2.116345e+01,2.107305e+01,2.115650e+01,2.117041e+01,2.116345e+01,2.113565e+01,2.101042e+01,2.101042e+01,2.102434e+01,2.105914e+01,2.096864e+01,2.106609e+01,2.102434e+01,2.104522e+01,2.104522e+01,2.098256e+01,2.110783e+01,2.102434e+01,2.091987e+01,2.112174e+01,2.110088e+01,2.103826e+01,2.101042e+01,2.101738e+01,2.105218e+01,2.102434e+01,2.107305e+01,2.108001e+01,2.112869e+01,2.107305e+01,2.113565e+01,2.115650e+01,2.111479e+01,2.116345e+01,2.108696e+01,2.117041e+01,2.118431e+01,2.114955e+01,2.110783e+01,2.111479e+01,2.111479e+01,2.109392e+01,2.106609e+01,2.129544e+01,2.105218e+01,2.105914e+01,2.108001e+01,2.106609e+01,2.108696e+01,2.113565e+01,2.103826e+01,2.112869e+01,2.112869e+01,2.113565e+01,2.101738e+01,2.113565e+01,2.113565e+01,2.110088e+01,2.105914e+01,2.101738e+01,2.098953e+01,2.105218e+01,2.103826e+01,2.098953e+01,2.095471e+01,2.091987e+01,2.094774e+01,2.090594e+01,2.096167e+01,2.087109e+01,2.097560e+01,2.096864e+01,2.096864e+01,2.088503e+01,2.092684e+01,2.093381e+01,2.087109e+01,2.083623e+01,2.075251e+01,2.081530e+01,2.076647e+01,2.079438e+01,2.082925e+01,2.083623e+01,2.084320e+01,2.084320e+01,2.102434e+01,2.150349e+01,2.178713e+01,2.188381e+01,2.191831e+01,2.193211e+01,2.200797e+01,2.191831e+01,2.186310e+01,2.190451e+01,2.189761e+01,2.193211e+01,2.195970e+01,2.190451e+01,2.200797e+01,2.194591e+01,2.209066e+01,2.211132e+01,2.214575e+01,2.211821e+01,2.212509e+01,2.226271e+01,2.212509e+01,2.229709e+01,2.229709e+01,2.237268e+01,2.226959e+01,2.239328e+01,2.240702e+01,2.234520e+01,2.238642e+01,2.248252e+01,2.246194e+01,2.239328e+01,2.247566e+01,2.246880e+01,2.252369e+01,2.244821e+01,2.243448e+01,2.246194e+01,2.240702e+01,2.244821e+01,2.237268e+01,2.242075e+01,2.248252e+01,2.242075e+01,2.250311e+01,2.252369e+01,2.252369e+01,2.250997e+01,2.248252e+01,2.250311e+01,2.250997e+01,2.240015e+01,2.235207e+01,2.242075e+01,2.243448e+01,2.230396e+01,2.235207e+01,2.231771e+01,2.227647e+01,2.235894e+01,2.229709e+01,2.232458e+01,2.222145e+01,2.231084e+01,2.223520e+01,2.209755e+01,2.224208e+01,2.216640e+01,2.219393e+01,2.227647e+01,2.217328e+01,2.220081e+01,2.230396e+01,2.219393e+01,2.231084e+01,2.229022e+01,2.223520e+01,2.226959e+01,2.224208e+01,2.229709e+01,2.224896e+01,2.231084e+01,2.231771e+01,2.224896e+01,2.229022e+01,2.226959e+01,2.235207e+01,2.233146e+01,2.223520e+01,2.225584e+01,2.232458e+01,2.228334e+01,2.219393e+01,2.223520e+01,2.223520e+01,2.220769e+01,2.229022e+01,2.231084e+01,2.225584e+01,2.229022e+01,2.226959e+01,2.216640e+01,2.224208e+01,2.218705e+01,2.221457e+01,2.217328e+01,2.226959e+01,2.228334e+01,2.224896e+01,2.218705e+01,2.213198e+01,2.222145e+01,2.224896e+01,2.229022e+01,2.227647e+01,2.226271e+01,2.227647e+01,2.235894e+01,2.240015e+01,2.236581e+01,2.245507e+01,2.244135e+01,2.255112e+01,2.251683e+01,2.256483e+01,2.259225e+01,2.258540e+01,2.254426e+01,2.251683e+01,2.250311e+01,2.256483e+01,2.267447e+01,2.253055e+01,2.250997e+01,2.240702e+01,2.233146e+01,2.250997e+01,2.253741e+01,2.248939e+01,2.240702e+01,2.248252e+01,2.245507e+01
2.191141e+01,2.178713e+01,2.188381e+01,2.187691e+01,2.175949e+01,2.179404e+01,2.187691e+01,2.167654e+01,2.184239e+01,2.163503e+01,2.175258e+01,2.166270e+01,2.182167e+01,2.173185e+01,2.178713e+01,2.181476e+01,2.179404e+01,2.180786e+01,2.182167e+01,2.188381e+01,2.188381e+01,2.183548e+01,2.195280e+01,2.183548e+01,2.178022e+01,2.181476e+01,2.198039e+01,2.192521e+01,2.203554e+01,2.202176e+01,2.206999e+01,2.204932e+01,2.209755e+01,2.219393e+01,2.216640e+01,2.218705e+01,2.214575e+01,2.212509e+01,2.215952e+01,2.221457e+01,2.218705e+01,2.214575e+01,2.214575e+01,2.218705e+01,2.224896e+01,2.226271e+01,2.222833e+01,2.225584e+01,2.218016e+01,2.223520e+01,2.215263e+01,2.215952e+01,2.215952e+01,2.225584e+01,2.207688e+01,2.219393e+01,2.216640e+01,2.184239e+01,2.210443e+01,2.222833e+01,2.214575e+01,2.214575e+01,2.218705e+01,2.206310e+01,2.209755e+01,2.215952e+01,2.220081e+01,2.211132e+01,2.208377e+01,2.218016e+01,2.217328e+01,2.206310e+01,2.218016e+01,2.219393e+01,2.220769e+01,2.208377e+01,2.211821e+01,2.218016e+01,2.218016e+01,2.211821e+01,2.217328e+01,2.215952e+01,2.216640e+01,2.215263e+01,2.213198e+01,2.220081e+01,2.214575e+01,2.212509e+01,2.223520e+01,2.220081e+01,2.212509e+01,2.217328e+01,2.215952e+01,2.218016e+01,2.212509e+01,2.213886e+01,2.211821e+01,2.198729e+01,2.206310e+01,2.216640e+01,2.212509e+01,2.204932e+01,2.212509e+01,2.209755e+01,2.213886e+01,2.202176e+01,2.215263e+01,2.212509e+01,2.216640e+01,2.211132e+01,2.213198e+01,2.207688e+01,2.215952e+01,2.206999e+01,2.211132e+01,2.213198e+01,2.209066e+01,2.214575e+01,2.215952e+01,2.204932e+01,2.219393e+01,2.218016e+01,2.215263e+01,2.213886e+01,2.215263e+01,2.213198e+01,2.216640e+01,2.211132e+01,2.220769e+01,2.218016e+01,2.220081e+01,2.220769e+01,2.220081e+01,2.210443e+01,2.209755e+01,2.211132e+01,2.213198e+01,2.206310e+01,2.217328e+01,2.222145e+01,2.221457e+01,2.222145e+01,2.220081e+01,2.220081e+01,2.222833e+01,2.227647e+01,2.232458e+01,2.235207e+01,2.229709e+01,2.229709e+01,2.235894e+01,2.225584e+01,2.231771e+01,2.235207e+01,2.230396e+01,2.238642e+01,2.235207e+01,2.235894e+01,2.222833e+01,2.224208e+01,2.224208e+01,2.234520e+01,2.230396e+01,2.226271e+01,2.219393e+01,2.229709e+01,2.242075e+01,2.236581e+01,2.237955e+01,2.233833e+01,2.234520e+01,2.233833e+01,2.233146e+01,2.234520e+01,2.231084e+01,2.229022e+01,2.244135e+01,2.224208e+01,2.231771e+01,2.233833e+01,2.226271e+01,2.225584e+01,2.218016e+01,2.200797e+01,2.171802e+01,2.141339e+01,2.142725e+01,2.135790e+01,2.135096e+01,2.137177e+01,2.137177e+01,2.137871e+01,2.137871e+01,2.142032e+01,2.142725e+01,2.133014e+01,2.121210e+01,2.082228e+01,2.061282e+01,2.056389e+01,2.063379e+01,2.052192e+01,2.056389e+01,2.057088e+01,2.051493e+01,2.057088e+01,2.049394e+01,2.062680e+01,2.079438e+01,2.124683e+01,2.158659e+01,2.152427e+01,2.156582e+01,2.160735e+01,2.135790e+01,2.171802e+01,2.175949e+01,2.167654e+01,2.173185e+01,2.169037e+01,2.171111e+01,2.173185e+01,2.180095e+01,2.178022e+01,2.173876e+01,2.177332e+01,2.169037e+01,2.178022e+01,2.184929e+01,2.178713e+01,2.184239e+01,2.176641e+01,2.161427e+01,2.162811e+01,2.161427e+01,2.164195e+01,2.162119e+01,2.180786e+01,2.196660e+01,2.202865e+01,2.194591e+01,2.188381e+01,2.173876e+01,2.162811e+01,2.157274e+01,2.160735e+01,2.162811e+01,2.159351e+01,2.164887e+01,2.175949e+01,2.164887e+01,2.178022e+01,2.182858e+01,2.198729e+01,2.181476e+01,2.151734e+01,2.148963e+01,2.149656e+01,2.146884e+01,2.160043e+01,2.158659e+01,2.179404e+01,2.189761e+01,2.184239e+01,2.162811e+01,2.178713e+01,2.158659e+01,2.156582e+01,2.151042e+01,2.146884e+01,2.145498e+01,2.133708e+01,2.145498e+01,2.164887e+01,2.167654e+01,2.189761e+01,2.195970e+01,2.189071e+01,2.198039e+01,2.199418e+01,2.189761e+01,2.189761e+01,2.186310e+01,2.193211e+01,2.193901e+01,2.198729e+01,2.191141e+01,2.189761e+01,2.193211e+01,2.194591e+01,2.193211e+01,2.192521e+01,2.193901e+01,2.193901e+01,2.200107e+01,2.198729e+01,2.199418e+01,2.200107e+01,2.197349e+01,2.194591e+01,2.197349e+01,2.193901e+01,2.193901e+01,2.198729e+01,2.192521e+01,2.202865e+01,2.200797e+01,2.198729e+01,2.203554e+01,2.202865e+01,2.202176e+01,2.204243e+01,2.195970e+01,2.191141e+01,2.189761e+01,2.195970e+01,2.187691e+01,2.183548e+01,2.188381e+01,2.182167e+01,2.180786e+01,2.166962e+01,2.137177e+01,2.130238e+01,2.133014e+01,2.153119e+01,2.184239e+01,2.203554e+01,2.200797e+01,2.207688e+01,2.205621e+01,2.202865e+01,2.197349e+01,2.197349e+01,2.155890e+01,2.136484e+01,2.121905e+01,2.119820e+01,2.119126e+01,2.128850e+01,2.125378e+01,2.118431e+01,2.125378e+01,2.162119e+01,2.195280e+01,2.204243e+01,2.204243e+01,2.215952e+01,2.176641e+01,2.165579e+01,2.138565e+01,2.131626e+01,2.127461e+01,2.133708e+01,2.131626e+01,2.133708e+01,2.133708e+01,2.130238e+01,2.135790e+01,2.096864e+01,2.090594e+01,2.086412e+01,2.079438e+01,2.096864e+01,2.096864e+01,2.094774e+01,2.093381e+01,2.084320e+01,2.085715e+01,2.092684e+01,2.094077e+01,2.095471e+01,2.094774e+01,2.099649e+01,2.105914e+01,2.101738e+01,2.098953e+01,2.103826e+01,2.096864e+01,2.107305e+01,2.098256e+01,2.100345e+01,2.098953e+01,2.097560e+01,2.080135e+01,2.093381e+01,2.094774e+01,2.093381e+01,2.080833e+01,2.074553e+01,2.078042e+01,2.078042e+01,2.073855e+01,2.073855e+01,2.079438e+01,2.068967e+01,2.071062e+01,2.086412e+01,2.091291e+01,2.101738e+01,2.107305e+01,2.090594e+01,2.107305e+01,2.105914e+01,2.098953e+01,2.108696e+01,2.127461e+01,2.111479e+01,2.106609e+01,2.110783e+01,2.104522e+01,2.106609e+01,2.105218e+01,2.103826e+01,2.108001e+01,2.097560e+01,2.114260e+01,2.112869e+01,2.101042e+01,2.104522e+01,2.105914e+01,2.108001e+01,2.106609e+01,2.108696e+01,2.114955e+01,2.103826e+01,2.111479e+01,2.101738e+01,2.104522e+01,2.106609e+01,2.090594e+01,2.110088e+01,2.102434e+01,2.105218e+01,2.098256e+01,2.101738e+01,2.112174e+01,2.112174e+01,2.113565e+01,2.101042e+01,2.105914e+01,2.103130e+01,2.107305e+01,2.103826e+01,2.116345e+01,2.103130e+01,2.105218e+01,2.110783e+01,2.106609e+01,2.109392e+01,2.110088e+01,2.107305e+01,2.117041e+01,2.108696e+01,2.105914e+01,2.110783e+01,2.126767e+01,2.103130e+01,2.112869e+01,2.103130e+01,2.116345e+01,2.109392e+01,2.112174e+01,2.103130e+01,2.112869e+01,2.103130e+01,2.105914e+01,2.098953e+01,2.110088e+01,2.103130e+01,2.099649e+01,2.099649e+01,2.103826e+01,2.096864e+01,2.089897e+01,2.095471e+01,2.099649e+01,2.094077e+01,2.095471e+01,2.091987e+01,2.094077e+01,2.097560e+01,2.085715e+01,2.085017e+01,2.080135e+01,2.085715e+01,2.080833e+01,2.077344e+01,2.082925e+01,2.078740e+01,2.077344e+01,2.080135e+01,2.081530e+01,2.083623e+01,2.085017e+01,2.084320e+01,2.084320e+01,2.105914e+01,2.149656e+01,2.190451e+01,2.192521e+01,2.193901e+01,2.192521e+01,2.194591e+01,2.189761e+01,2.190451e+01,2.184929e+01,2.191141e+01,2.179404e+01,2.198039e+01,2.187000e+01,2.188381e+01,2.202176e+01,2.199418e+01,2.215263e+01,2.213886e+01,2.221457e+01,2.222145e+01,2.224896e+01,2.221457e+01,2.224208e+01,2.233833e+01,2.233146e+01,2.233146e+01,2.229022e+01,2.247566e+01,2.235894e+01,2.248939e+01,2.237955e+01,2.242762e+01,2.247566e+01,2.241389e+01,2.243448e+01,2.244821e+01,2.244821e+01,2.246880e+01,2.242075e+01,2.235207e+01,2.237268e+01,2.244135e+01,2.240702e+01,2.240702e+01,2.243448e+01,2.253055e+01,2.253055e+01,2.249625e+01,2.249625e+01,2.247566e+01,2.248939e+01,2.239328e+01,2.268817e+01,2.235207e+01,2.232458e+01,2.232458e+01,2.230396e+01,2.227647e+01,2.228334e+01,2.227647e+01,2.229709e+01,2.229022e+01,2.215263e+01,2.238642e+01,2.219393e+01,2.230396e+01,2.218016e+01,2.224208e+01,2.224208e+01,2.221457e+01,2.244821e+01,2.228334e+01,2.222145e+01,2.230396e+01,2.229022e+01,2.225584e+01,2.224208e+01,2.226271e+01,2.218016e+01,2.217328e+01,2.224208e+01,2.224208e+01,2.220081e+01,2.226271e+01,2.226959e+01,2.228334e+01,2.219393e+01,2.222145e+01,2.224208e+01,2.228334e+01,2.235207e+01,2.216640e+01,2.221457e+01,2.222145e+01,2.221457e+01,2.222145e+01,2.220081e+01,2.218705e+01,2.220081e+01,2.216640e+01,2.219393e+01,2.213886e+01,2.220081e+01,2.220769e+01,2.218016e+01,2.222145e+01,2.204243e+01,2.227647e+01,2.229022e+01,2.232458e+01,2.225584e+01,2.231084e+01,2.225584e+01,2.223520e+01,2.218016e+01,2.227647e+01,2.228334e+01,2.223520e+01,2.242762e+01,2.224896e+01,2.235207e+01,2.261282e+01,2.248252e+01,2.257169e+01,2.255798e+01,2.257169e+01,2.257169e+01,2.261967e+01,2.259225e+01,2.253055e+01,2.252369e+01,2.261967e+01,2.248252e+01,2.250997e+01,2.249625e+01,2.240015e+01,2.244821e+01,2.239328e+01,2.258540e+01,2.246880e+01,2.248939e+01,2.237268e+01
2.189071e+01,2.182167e+01,2.166962e+01,2.180786e+01,2.179404e+01,2.184239e+01,2.159351e+01,2.171802e+01,2.160735e+01,2.164195e+01,2.174567e+01,2.173876e+01,2.189071e+01,2.169037e+01,2.179404e+01,2.183548e+01,2.189761e+01,2.171802e+01,2.184929e+01,2.187691e+01,2.191141e+01,2.180095e+01,2.193901e+01,2.192521e+01,2.189761e+01,2.184239e+01,2.195970e+01,2.182858e+01,2.195280e+01,2.192521e+01,2.201486e+01,2.205621e+01,2.206310e+01,2.208377e+01,2.213198e+01,2.224896e+01,2.215263e+01,2.198729e+01,2.215952e+01,2.217328e+01,2.218705e+01,2.218705e+01,2.215952e+01,2.200797e+01,2.217328e+01,2.213886e+01,2.215952e+01,2.221457e+01,2.216640e+01,2.216640e+01,2.213886e+01,2.216640e+01,2.214575e+01,2.219393e+01,2.222833e+01,2.205621e+01,2.213198e+01,2.214575e+01,2.214575e+01,2.213886e+01,2.214575e+01,2.222833e+01,2.214575e+01,2.211132e+01,2.215952e+01,2.210443e+01,2.226271e+01,2.219393e+01,2.210443e+01,2.220769e+01,2.212509e+01,2.216640e+01,2.215952e+01,2.220769e+01,2.220769e+01,2.218705e+01,2.215263e+01,2.213886e+01,2.212509e+01,2.211821e+01,2.222145e+01,2.215952e+01,2.212509e+01,2.218705e+01,2.220769e+01,2.218016e+01,2.218705e+01,2.224896e+01,2.219393e+01,2.211821e+01,2.213198e+01,2.217328e+01,2.216640e+01,2.220081e+01,2.207688e+01,2.215263e+01,2.206999e+01,2.206999e+01,2.209755e+01,2.202176e+01,2.210443e+01,2.206310e+01,2.202176e+01,2.200107e+01,2.209755e+01,2.217328e+01,2.209066e+01,2.216640e+01,2.212509e+01,2.215263e+01,2.219393e+01,2.205621e+01,2.210443e+01,2.207688e+01,2.209066e+01,2.207688e+01,2.214575e+01,2.211132e+01,2.214575e+01,2.215263e+01,2.222145e+01,2.222145e+01,2.222833e+01,2.214575e+01,2.214575e+01,2.221457e+01,2.221457e+01,2.218016e+01,2.213198e+01,2.213886e+01,2.224896e+01,2.213198e+01,2.211132e+01,2.218705e+01,2.207688e+01,2.220769e+01,2.213198e+01,2.220769e+01,2.222833e+01,2.215952e+01,2.218016e+01,2.224896e+01,2.221457e+01,2.223520e+01,2.222833e+01,2.223520e+01,2.224208e+01,2.231771e+01,2.233146e+01,2.227647e+01,2.230396e+01,2.232458e+01,2.240702e+01,2.225584e+01,2.231771e+01,2.244135e+01,2.235207e+01,2.233833e+01,2.232458e+01,2.231084e+01,2.235894e+01,2.233146e+01,2.233833e+01,2.229022e+01,2.229022e+01,2.234520e+01,2.229022e+01,2.230396e+01,2.235207e+01,2.233833e+01,2.232458e+01,2.234520e+01,2.222833e+01,2.230396e+01,2.231084e+01,2.236581e+01,2.226271e+01,2.239328e+01,2.224896e+01,2.226959e+01,2.224896e+01,2.222833e+01,2.211821e+01,2.200797e+01,2.165579e+01,2.128156e+01,2.130238e+01,2.135790e+01,2.131626e+01,2.132320e+01,2.135790e+01,2.133014e+01,2.132320e+01,2.110783e+01,2.135096e+01,2.084320e+01,2.057088e+01,2.043795e+01,2.041694e+01,2.045195e+01,2.040994e+01,2.047295e+01,2.054291e+01,2.045195e+01,2.061282e+01,2.054990e+01,2.057088e+01,2.079438e+01,2.126767e+01,2.133708e+01,2.159351e+01,2.147577e+01,2.157967e+01,2.158659e+01,2.160735e+01,2.171802e+01,2.165579e+01,2.173185e+01,2.173876e+01,2.175949e+01,2.170420e+01,2.178022e+01,2.177332e+01,2.180095e+01,2.178022e+01,2.169728e+01,2.169037e+01,2.184929e+01,2.187000e+01,2.164195e+01,2.166962e+01,2.172494e+01,2.161427e+01,2.148963e+01,2.150349e+01,2.166962e+01,2.173876e+01,2.194591e+01,2.193211e+01,2.200107e+01,2.198039e+01,2.198729e+01,2.189761e+01,2.191831e+01,2.184239e+01,2.163503e+01,2.166270e+01,2.160735e+01,2.160735e+01,2.156582e+01,2.155890e+01,2.160735e+01,2.161427e+01,2.165579e+01,2.182167e+01,2.160735e+01,2.148963e+01,2.151734e+01,2.149656e+01,2.169728e+01,2.182858e+01,2.185620e+01,2.186310e+01,2.182167e+01,2.136484e+01,2.138565e+01,2.169037e+01,2.149656e+01,2.142032e+01,2.140645e+01,2.151042e+01,2.136484e+01,2.157274e+01,2.150349e+01,2.189761e+01,2.193211e+01,2.193901e+01,2.193901e+01,2.193901e+01,2.200797e+01,2.197349e+01,2.202865e+01,2.201486e+01,2.197349e+01,2.193901e+01,2.189761e+01,2.187691e+01,2.178713e+01,2.191141e+01,2.180095e+01,2.189071e+01,2.192521e+01,2.172494e+01,2.197349e+01,2.198039e+01,2.172494e+01,2.182167e+01,2.205621e+01,2.199418e+01,2.195280e+01,2.188381e+01,2.193211e+01,2.191141e+01,2.198729e+01,2.193901e+01,2.204243e+01,2.198039e+01,2.198039e+01,2.200107e+01,2.202865e+01,2.202865e+01,2.204932e+01,2.198729e+01,2.187691e+01,2.187691e+01,2.150349e+01,2.155197e+01,2.151042e+01,2.148963e+01,2.151042e+01,2.140645e+01,2.119126e+01,2.120515e+01,2.122600e+01,2.174567e+01,2.182858e+01,2.193901e+01,2.201486e+01,2.202865e+01,2.200107e+01,2.196660e+01,2.195280e+01,2.204243e+01,2.186310e+01,2.154505e+01,2.118431e+01,2.117736e+01,2.119820e+01,2.113565e+01,2.119126e+01,2.112869e+01,2.123294e+01,2.137177e+01,2.192521e+01,2.204243e+01,2.202865e+01,2.205621e+01,2.206999e+01,2.198729e+01,2.178713e+01,2.153812e+01,2.134402e+01,2.134402e+01,2.133708e+01,2.133708e+01,2.132320e+01,2.120515e+01,2.121905e+01,2.089200e+01,2.087109e+01,2.085715e+01,2.086412e+01,2.094077e+01,2.098953e+01,2.094774e+01,2.087109e+01,2.088503e+01,2.086412e+01,2.101042e+01,2.097560e+01,2.094774e+01,2.096167e+01,2.098256e+01,2.101042e+01,2.100345e+01,2.117736e+01,2.101042e+01,2.101738e+01,2.101738e+01,2.091291e+01,2.099649e+01,2.095471e+01,2.093381e+01,2.088503e+01,2.083623e+01,2.085017e+01,2.080135e+01,2.081530e+01,2.080833e+01,2.084320e+01,2.087109e+01,2.076647e+01,2.070364e+01,2.069666e+01,2.070364e+01,2.071062e+01,2.080833e+01,2.098256e+01,2.091987e+01,2.090594e+01,2.094774e+01,2.100345e+01,2.105914e+01,2.107305e+01,2.105218e+01,2.103826e+01,2.108001e+01,2.108001e+01,2.102434e+01,2.106609e+01,2.104522e+01,2.101042e+01,2.106609e+01,2.101738e+01,2.101738e+01,2.098953e+01,2.103826e+01,2.104522e+01,2.105218e+01,2.102434e+01,2.096167e+01,2.100345e+01,2.096167e+01,2.105914e+01,2.098256e+01,2.096864e+01,2.101738e+01,2.099649e+01,2.108001e+01,2.101738e+01,2.102434e+01,2.100345e+01,2.103130e+01,2.102434e+01,2.101042e+01,2.101042e+01,2.102434e+01,2.105914e+01,2.101738e+01,2.101738e+01,2.103826e+01,2.105218e+01,2.097560e+01,2.113565e+01,2.105914e+01,2.108001e+01,2.087806e+01,2.110783e+01,2.091291e+01,2.108696e+01,2.105914e+01,2.104522e+01,2.105218e+01,2.103826e+01,2.104522e+01,2.106609e+01,2.107305e+01,2.105218e+01,2.110088e+01,2.111479e+01,2.103130e+01,2.107305e+01,2.110088e+01,2.108696e+01,2.108001e+01,2.103826e+01,2.103130e+01,2.103826e+01,2.101738e+01,2.095471e+01,2.099649e+01,2.094774e+01,2.104522e+01,2.095471e+01,2.091291e+01,2.102434e+01,2.091987e+01,2.094077e+01,2.087806e+01,2.089200e+01,2.085715e+01,2.098256e+01,2.079438e+01,2.078740e+01,2.075949e+01,2.075949e+01,2.085017e+01,2.080135e+01,2.078740e+01,2.075949e+01,2.081530e+01,2.079438e+01,2.084320e+01,2.083623e+01,2.075251e+01,2.079438e+01,2.074553e+01,2.094774e+01,2.148963e+01,2.182167e+01,2.190451e+01,2.182167e+01,2.191141e+01,2.189761e+01,2.190451e+01,2.190451e+01,2.193901e+01,2.182167e+01,2.194591e+01,2.197349e+01,2.190451e+01,2.193901e+01,2.195280e+01,2.202865e+01,2.215952e+01,2.199418e+01,2.223520e+01,2.223520e+01,2.227647e+01,2.239328e+01,2.227647e+01,2.226959e+01,2.228334e+01,2.240015e+01,2.241389e+01,2.241389e+01,2.235894e+01,2.248252e+01,2.242762e+01,2.247566e+01,2.245507e+01,2.246194e+01,2.246194e+01,2.248939e+01,2.244135e+01,2.247566e+01,2.247566e+01,2.236581e+01,2.244135e+01,2.242075e+01,2.246880e+01,2.244821e+01,2.253741e+01,2.253741e+01,2.250997e+01,2.252369e+01,2.246194e+01,2.237955e+01,2.247566e+01,2.244135e+01,2.240015e+01,2.248252e+01,2.233146e+01,2.233146e+01,2.235207e+01,2.244135e+01,2.229022e+01,2.225584e+01,2.234520e+01,2.229709e+01,2.223520e+01,2.244135e+01,2.227647e+01,2.218705e+01,2.219393e+01,2.218016e+01,2.224208e+01,2.218705e+01,2.219393e+01,2.228334e+01,2.228334e+01,2.226959e+01,2.223520e+01,2.231084e+01,2.230396e+01,2.233833e+01,2.225584e+01,2.224896e+01,2.229709e+01,2.229709e+01,2.223520e+01,2.224896e+01,2.221457e+01,2.230396e+01,2.225584e+01,2.222833e+01,2.225584e+01,2.220769e+01,2.231084e+01,2.227647e+01,2.222833e+01,2.232458e+01,2.227647e+01,2.220081e+01,2.228334e+01,2.237955e+01,2.220081e+01,2.213886e+01,2.222145e+01,2.220081e+01,2.222145e+01,2.219393e+01,2.217328e+01,2.216640e+01,2.224208e+01,2.218705e+01,2.218705e+01,2.209755e+01,2.223520e+01,2.227647e+01,2.223520e+01,2.220769e+01,2.227647e+01,2.225584e+01,2.225584e+01,2.238642e+01,2.241389e+01,2.237955e+01,2.251683e+01,2.244135e+01,2.247566e+01,2.242762e+01,2.252369e+01,2.259225e+01,2.259911e+01,2.255798e+01,2.261282e+01,2.264708e+01,2.266078e+01,2.248939e+01,2.248252e+01,2.246194e+01,2.244821e+01,2.248252e+01,2.240015e+01,2.247566e+01,2.242075e+01,2.248252e+01,2.238642e+01,2.238642e+01
2.184929e+01,2.187691e+01,2.184929e+01,2.185620e+01,2.188381e+01,2.184239e+01,2.162811e+01,2.162811e+01,2.165579e+01,2.184929e+01,2.178713e+01,2.163503e+01,2.165579e+01,2.178022e+01,2.179404e+01,2.178713e+01,2.191141e+01,2.187691e+01,2.182858e+01,2.181476e+01,2.187691e+01,2.181476e+01,2.191141e+01,2.194591e+01,2.180786e+01,2.191831e+01,2.185620e+01,2.191831e+01,2.195970e+01,2.195970e+01,2.210443e+01,2.211821e+01,2.226959e+01,2.209066e+01,2.220081e+01,2.219393e+01,2.229709e+01,2.219393e+01,2.216640e+01,2.216640e+01,2.213198e+01,2.214575e+01,2.219393e+01,2.216640e+01,2.222833e+01,2.218016e+01,2.216640e+01,2.220769e+01,2.224896e+01,2.216640e+01,2.210443e+01,2.217328e+01,2.222833e+01,2.218016e+01,2.208377e+01,2.215952e+01,2.215952e+01,2.211821e+01,2.214575e+01,2.209066e+01,2.208377e+01,2.208377e+01,2.207688e+01,2.208377e+01,2.218705e+01,2.214575e+01,2.212509e+01,2.222145e+01,2.209755e+01,2.224896e+01,2.205621e+01,2.215952e+01,2.211132e+01,2.218705e+01,2.216640e+01,2.211132e+01,2.213198e+01,2.211132e+01,2.211132e+01,2.214575e+01,2.209755e+01,2.209755e+01,2.219393e+01,2.218016e+01,2.222145e+01,2.215952e+01,2.216640e+01,2.215263e+01,2.209066e+01,2.217328e+01,2.215952e+01,2.209755e+01,2.220769e+01,2.213198e+01,2.201486e+01,2.209755e+01,2.212509e+01,2.209066e+01,2.202865e+01,2.210443e+01,2.212509e+01,2.203554e+01,2.205621e+01,2.205621e+01,2.207688e+01,2.205621e+01,2.204243e+01,2.207688e+01,2.206999e+01,2.209066e+01,2.214575e+01,2.200107e+01,2.218016e+01,2.220769e+01,2.214575e+01,2.204932e+01,2.202865e+01,2.220081e+01,2.219393e+01,2.231771e+01,2.220769e+01,2.215263e+01,2.215952e+01,2.216640e+01,2.222145e+01,2.215263e+01,2.209755e+01,2.221457e+01,2.218705e+01,2.222145e+01,2.223520e+01,2.223520e+01,2.227647e+01,2.221457e+01,2.209066e+01,2.218705e+01,2.222145e+01,2.221457e+01,2.215952e+01,2.215263e+01,2.229709e+01,2.215952e+01,2.224208e+01,2.224208e+01,2.217328e+01,2.221457e+01,2.218705e+01,2.227647e+01,2.229022e+01,2.229022e+01,2.235894e+01,2.228334e+01,2.234520e+01,2.235894e+01,2.227647e+01,2.229709e+01,2.226959e+01,2.223520e+01,2.232458e+01,2.232458e+01,2.233146e+01,2.237955e+01,2.231771e+01,2.228334e+01,2.235207e+01,2.229709e+01,2.235207e+01,2.231084e+01,2.231084e+01,2.236581e+01,2.235894e+01,2.222145e+01,2.234520e+01,2.255798e+01,2.237268e+01,2.228334e+01,2.223520e+01,2.225584e+01,2.226271e+01,2.223520e+01,2.224208e+01,2.200107e+01,2.208377e+01,2.169728e+01,2.125378e+01,2.123989e+01,2.131626e+01,2.115650e+01,2.110088e+01,2.121210e+01,2.137177e+01,2.111479e+01,2.097560e+01,2.054990e+01,2.052192e+01,2.053592e+01,2.048694e+01,2.041694e+01,2.043795e+01,2.040294e+01,2.057088e+01,2.042394e+01,2.054291e+01,2.063379e+01,2.055690e+01,2.047295e+01,2.079438e+01,2.120515e+01,2.139258e+01,2.152427e+01,2.154505e+01,2.143419e+01,2.155890e+01,2.165579e+01,2.163503e+01,2.171802e+01,2.173185e+01,2.169728e+01,2.169728e+01,2.173876e+01,2.179404e+01,2.173185e+01,2.178713e+01,2.189761e+01,2.179404e+01,2.187691e+01,2.172494e+01,2.179404e+01,2.173185e+01,2.157967e+01,2.155890e+01,2.144112e+01,2.151734e+01,2.162811e+01,2.162119e+01,2.169037e+01,2.175258e+01,2.195970e+01,2.193901e+01,2.198039e+01,2.197349e+01,2.193211e+01,2.186310e+01,2.191831e+01,2.192521e+01,2.180095e+01,2.191831e+01,2.163503e+01,2.161427e+01,2.162119e+01,2.157274e+01,2.167654e+01,2.155890e+01,2.162119e+01,2.158659e+01,2.156582e+01,2.155890e+01,2.146884e+01,2.156582e+01,2.159351e+01,2.180095e+01,2.182167e+01,2.184929e+01,2.177332e+01,2.138565e+01,2.145498e+01,2.138565e+01,2.144805e+01,2.142725e+01,2.152427e+01,2.149656e+01,2.148963e+01,2.151734e+01,2.164887e+01,2.172494e+01,2.180786e+01,2.193901e+01,2.189071e+01,2.195280e+01,2.198729e+01,2.189071e+01,2.200107e+01,2.193901e+01,2.191141e+01,2.191831e+01,2.192521e+01,2.188381e+01,2.182858e+01,2.180095e+01,2.187691e+01,2.182858e+01,2.191141e+01,2.193901e+01,2.198039e+01,2.170420e+01,2.133014e+01,2.180786e+01,2.198729e+01,2.198729e+01,2.196660e+01,2.193901e+01,2.196660e+01,2.189071e+01,2.216640e+01,2.181476e+01,2.204243e+01,2.199418e+01,2.195280e+01,2.197349e+01,2.204243e+01,2.200107e+01,2.203554e+01,2.184929e+01,2.154505e+01,2.122600e+01,2.123294e+01,2.121210e+01,2.117736e+01,2.119820e+01,2.122600e+01,2.117736e+01,2.121210e+01,2.119820e+01,2.156582e+01,2.180786e+01,2.204243e+01,2.201486e+01,2.185620e+01,2.200107e+01,2.211821e+01,2.198729e+01,2.206310e+01,2.162119e+01,2.153119e+01,2.125378e+01,2.119820e+01,2.119820e+01,2.123989e+01,2.116345e+01,2.113565e+01,2.115650e+01,2.151042e+01,2.177332e+01,2.203554e+01,2.210443e+01,2.204243e+01,2.206310e+01,2.205621e+01,2.206310e+01,2.193211e+01,2.176641e+01,2.157274e+01,2.134402e+01,2.128156e+01,2.133014e+01,2.133014e+01,2.121905e+01,2.089200e+01,2.087109e+01,2.082925e+01,2.082228e+01,2.087806e+01,2.091291e+01,2.096167e+01,2.100345e+01,2.107305e+01,2.096864e+01,2.094077e+01,2.101738e+01,2.110783e+01,2.094774e+01,2.095471e+01,2.096167e+01,2.096167e+01,2.097560e+01,2.103130e+01,2.101738e+01,2.096864e+01,2.093381e+01,2.094077e+01,2.094774e+01,2.093381e+01,2.092684e+01,2.080833e+01,2.078042e+01,2.078740e+01,2.078042e+01,2.079438e+01,2.087806e+01,2.082228e+01,2.087806e+01,2.085017e+01,2.081530e+01,2.069666e+01,2.075949e+01,2.078740e+01,2.075251e+01,2.082228e+01,2.093381e+01,2.096167e+01,2.092684e+01,2.089200e+01,2.109392e+01,2.110783e+01,2.109392e+01,2.106609e+01,2.103130e+01,2.101738e+01,2.097560e+01,2.098256e+01,2.104522e+01,2.102434e+01,2.097560e+01,2.101738e+01,2.096864e+01,2.098953e+01,2.098256e+01,2.110088e+01,2.101738e+01,2.097560e+01,2.094077e+01,2.094077e+01,2.094077e+01,2.095471e+01,2.101042e+01,2.103130e+01,2.096864e+01,2.094774e+01,2.096167e+01,2.097560e+01,2.096864e+01,2.085715e+01,2.094077e+01,2.096864e+01,2.099649e+01,2.101738e+01,2.099649e+01,2.101738e+01,2.099649e+01,2.107305e+01,2.103130e+01,2.098953e+01,2.096167e+01,2.096167e+01,2.101042e+01,2.096167e+01,2.111479e+01,2.098953e+01,2.092684e+01,2.109392e+01,2.108001e+01,2.112869e+01,2.103826e+01,2.106609e+01,2.106609e+01,2.101042e+01,2.101042e+01,2.094077e+01,2.110783e+01,2.112869e+01,2.111479e+01,2.106609e+01,2.099649e+01,2.103130e+01,2.108001e+01,2.101042e+01,2.103826e+01,2.096864e+01,2.101042e+01,2.093381e+01,2.104522e+01,2.091987e+01,2.095471e+01,2.096167e+01,2.097560e+01,2.095471e+01,2.098256e+01,2.089200e+01,2.085715e+01,2.093381e+01,2.089897e+01,2.089200e+01,2.082228e+01,2.079438e+01,2.076647e+01,2.077344e+01,2.076647e+01,2.080833e+01,2.080833e+01,2.082925e+01,2.077344e+01,2.077344e+01,2.072459e+01,2.085715e+01,2.075251e+01,2.085017e+01,2.103826e+01,2.090594e+01,2.119126e+01,2.178713e+01,2.189071e+01,2.181476e+01,2.189071e+01,2.191831e+01,2.182167e+01,2.182167e+01,2.180786e+01,2.191141e+01,2.194591e+01,2.188381e+01,2.191141e+01,2.195970e+01,2.192521e+01,2.210443e+01,2.208377e+01,2.209755e+01,2.223520e+01,2.220081e+01,2.222833e+01,2.213886e+01,2.229709e+01,2.235894e+01,2.239328e+01,2.231771e+01,2.238642e+01,2.243448e+01,2.242075e+01,2.246880e+01,2.246880e+01,2.239328e+01,2.248252e+01,2.245507e+01,2.241389e+01,2.248252e+01,2.235894e+01,2.250997e+01,2.237955e+01,2.246880e+01,2.235207e+01,2.244135e+01,2.245507e+01,2.241389e+01,2.253055e+01,2.255798e+01,2.258540e+01,2.250997e+01,2.236581e+01,2.252369e+01,2.243448e+01,2.239328e+01,2.237955e+01,2.244135e+01,2.240702e+01,2.236581e+01,2.236581e+01,2.240015e+01,2.228334e+01,2.237955e+01,2.231084e+01,2.226959e+01,2.235894e+01,2.223520e+01,2.237268e+01,2.220769e+01,2.226959e+01,2.222145e+01,2.225584e+01,2.226271e+01,2.223520e+01,2.225584e+01,2.229022e+01,2.231084e+01,2.243448e+01,2.226959e+01,2.227647e+01,2.232458e+01,2.229022e+01,2.222833e+01,2.226271e+01,2.220081e+01,2.220769e+01,2.226959e+01,2.237268e+01,2.234520e+01,2.223520e+01,2.221457e+01,2.224896e+01,2.227647e+01,2.237268e+01,2.223520e+01,2.226959e+01,2.235207e+01,2.231771e+01,2.234520e+01,2.216640e+01,2.229022e+01,2.215263e+01,2.227647e+01,2.220769e+01,2.222145e+01,2.220769e+01,2.221457e+01,2.226959e+01,2.226271e+01,2.216640e+01,2.218016e+01,2.224896e+01,2.233146e+01,2.218705e+01,2.228334e+01,2.219393e+01,2.210443e+01,2.233146e+01,2.237268e+01,2.221457e+01,2.232458e+01,2.239328e+01,2.240015e+01,2.240702e+01,2.244135e+01,2.240015e+01,2.261282e+01,2.254426e+01,2.254426e+01,2.267447e+01,2.274294e+01,2.257169e+01,2.257854e+01,2.249625e+01,2.248939e+01,2.250311e+01,2.244135e+01,2.245507e+01,2.244821e+01,2.242075e+01,2.248252e+01,2.233146e+01,2.244821e+01,2.259911e+01,2.229022e+01
2.187000e+01,2.185620e+01,2.180095e+01,2.183548e+01,2.179404e+01,2.183548e+01,2.187000e+01,2.182167e+01,2.182167e+01,2.176641e+01,2.185620e+01,2.179404e+01,2.177332e+01,2.180786e+01,2.184239e+01,2.186310e+01,2.182858e+01,2.182858e+01,2.189761e+01,2.192521e+01,2.190451e+01,2.180786e+01,2.180095e+01,2.189071e+01,2.194591e+01,2.188381e+01,2.200797e+01,2.184929e+01,2.197349e+01,2.210443e+01,2.206310e+01,2.208377e+01,2.208377e+01,2.209066e+01,2.204932e+01,2.213886e+01,2.218016e+01,2.220081e+01,2.218016e+01,2.215263e+01,2.211132e+01,2.215952e+01,2.222145e+01,2.215952e+01,2.226271e+01,2.218705e+01,2.222145e+01,2.223520e+01,2.217328e+01,2.218705e+01,2.222145e+01,2.229709e+01,2.223520e+01,2.215263e+01,2.207688e+01,2.219393e+01,2.219393e+01,2.211821e+01,2.213886e+01,2.216640e+01,2.212509e+01,2.213886e+01,2.202176e+01,2.206310e+01,2.206310e+01,2.215952e+01,2.211132e+01,2.213886e+01,2.211821e+01,2.211821e+01,2.206999e+01,2.215263e+01,2.215952e+01,2.213198e+01,2.219393e+01,2.218705e+01,2.211821e+01,2.214575e+01,2.210443e+01,2.211132e+01,2.218705e+01,2.213886e+01,2.193211e+01,2.220769e+01,2.224208e+01,2.207688e+01,2.212509e+01,2.226271e+01,2.221457e+01,2.218016e+01,2.218016e+01,2.217328e+01,2.210443e+01,2.209755e+01,2.213886e+01,2.212509e+01,2.206310e+01,2.199418e+01,2.208377e+01,2.203554e+01,2.204243e+01,2.210443e+01,2.209066e+01,2.204932e+01,2.205621e+01,2.207688e+01,2.203554e+01,2.215952e+01,2.216640e+01,2.220769e+01,2.208377e+01,2.206310e+01,2.220769e+01,2.206310e+01,2.219393e+01,2.213886e+01,2.224896e+01,2.215952e+01,2.215952e+01,2.224896e+01,2.222145e+01,2.218705e+01,2.215952e+01,2.217328e+01,2.222145e+01,2.224896e+01,2.214575e+01,2.225584e+01,2.219393e+01,2.220769e+01,2.222145e+01,2.217328e+01,2.222833e+01,2.209755e+01,2.212509e+01,2.221457e+01,2.211132e+01,2.210443e+01,2.225584e+01,2.225584e+01,2.220081e+01,2.229022e+01,2.226271e+01,2.224208e+01,2.224208e+01,2.225584e+01,2.230396e+01,2.226271e+01,2.224896e+01,2.230396e+01,2.231084e+01,2.242075e+01,2.224208e+01,2.224208e+01,2.232458e+01,2.233833e+01,2.231084e+01,2.231771e+01,2.233146e+01,2.232458e+01,2.239328e+01,2.234520e+01,2.222833e+01,2.231084e+01,2.230396e+01,2.231084e+01,2.237955e+01,2.232458e+01,2.232458e+01,2.232458e+01,2.240015e+01,2.232458e+01,2.237268e+01,2.237268e+01,2.237955e+01,2.233833e+01,2.231084e+01,2.235207e+01,2.220081e+01,2.226271e+01,2.211132e+01,2.194591e+01,2.175258e+01,2.126072e+01,2.135790e+01,2.126767e+01,2.127461e+01,2.127461e+01,2.106609e+01,2.114955e+01,2.094774e+01,2.061981e+01,2.050094e+01,2.053592e+01,2.040994e+01,2.053592e+01,2.040294e+01,2.041694e+01,2.040994e+01,2.044495e+01,2.044495e+01,2.036791e+01,2.055690e+01,2.054291e+01,2.064078e+01,2.062680e+01,2.091987e+01,2.142725e+01,2.142725e+01,2.152427e+01,2.153812e+01,2.157274e+01,2.156582e+01,2.163503e+01,2.167654e+01,2.169728e+01,2.167654e+01,2.166270e+01,2.175258e+01,2.179404e+01,2.171111e+01,2.187000e+01,2.189071e+01,2.180095e+01,2.187691e+01,2.184929e+01,2.186310e+01,2.182858e+01,2.170420e+01,2.171111e+01,2.146191e+01,2.155890e+01,2.148270e+01,2.174567e+01,2.183548e+01,2.172494e+01,2.192521e+01,2.195280e+01,2.192521e+01,2.195970e+01,2.202865e+01,2.199418e+01,2.200107e+01,2.197349e+01,2.193901e+01,2.184239e+01,2.193901e+01,2.178713e+01,2.160735e+01,2.168345e+01,2.155890e+01,2.158659e+01,2.161427e+01,2.161427e+01,2.173876e+01,2.155197e+01,2.156582e+01,2.157274e+01,2.155890e+01,2.161427e+01,2.173876e+01,2.183548e+01,2.185620e+01,2.181476e+01,2.166962e+01,2.145498e+01,2.167654e+01,2.146884e+01,2.141339e+01,2.148270e+01,2.153119e+01,2.154505e+01,2.153812e+01,2.155890e+01,2.175949e+01,2.187691e+01,2.196660e+01,2.187691e+01,2.187691e+01,2.189071e+01,2.198039e+01,2.198039e+01,2.199418e+01,2.192521e+01,2.199418e+01,2.191141e+01,2.189761e+01,2.184239e+01,2.166270e+01,2.169037e+01,2.167654e+01,2.179404e+01,2.191141e+01,2.177332e+01,2.144112e+01,2.117736e+01,2.151042e+01,2.195970e+01,2.183548e+01,2.182167e+01,2.186310e+01,2.198729e+01,2.200107e+01,2.194591e+01,2.208377e+01,2.197349e+01,2.203554e+01,2.204932e+01,2.198729e+01,2.194591e+01,2.190451e+01,2.164887e+01,2.144805e+01,2.137871e+01,2.125378e+01,2.123294e+01,2.120515e+01,2.123294e+01,2.116345e+01,2.133014e+01,2.114260e+01,2.124683e+01,2.137177e+01,2.181476e+01,2.198039e+01,2.198039e+01,2.200797e+01,2.200797e+01,2.204932e+01,2.197349e+01,2.206310e+01,2.184239e+01,2.163503e+01,2.122600e+01,2.128156e+01,2.117041e+01,2.128156e+01,2.119126e+01,2.105914e+01,2.118431e+01,2.126072e+01,2.153812e+01,2.188381e+01,2.203554e+01,2.208377e+01,2.201486e+01,2.224896e+01,2.216640e+01,2.202176e+01,2.201486e+01,2.215263e+01,2.187000e+01,2.155890e+01,2.135790e+01,2.133014e+01,2.121905e+01,2.101738e+01,2.089897e+01,2.090594e+01,2.087109e+01,2.091291e+01,2.093381e+01,2.101042e+01,2.096167e+01,2.099649e+01,2.099649e+01,2.091291e+01,2.098953e+01,2.096864e+01,2.114260e+01,2.097560e+01,2.097560e+01,2.110088e+01,2.096864e+01,2.101042e+01,2.096167e+01,2.103130e+01,2.101738e+01,2.091291e+01,2.093381e+01,2.085017e+01,2.085715e+01,2.085017e+01,2.080135e+01,2.089200e+01,2.080833e+01,2.084320e+01,2.092684e+01,2.082925e+01,2.087806e+01,2.086412e+01,2.084320e+01,2.080833e+01,2.076647e+01,2.068967e+01,2.069666e+01,2.072459e+01,2.073157e+01,2.087109e+01,2.089897e+01,2.093381e+01,2.089200e+01,2.094077e+01,2.094077e+01,2.091987e+01,2.103826e+01,2.103826e+01,2.103130e+01,2.100345e+01,2.102434e+01,2.103130e+01,2.098953e+01,2.104522e+01,2.096167e+01,2.096167e+01,2.106609e+01,2.106609e+01,2.108001e+01,2.101738e+01,2.100345e+01,2.096167e+01,2.098256e+01,2.100345e+01,2.101738e+01,2.094774e+01,2.103826e+01,2.094077e+01,2.100345e+01,2.096864e+01,2.091987e+01,2.097560e+01,2.097560e+01,2.075949e+01,2.089897e+01,2.100345e+01,2.098256e+01,2.101738e+01,2.094077e+01,2.102434e+01,2.102434e+01,2.101738e+01,2.103826e+01,2.099649e+01,2.098953e+01,2.096167e+01,2.100345e+01,2.100345e+01,2.091291e+01,2.107305e+01,2.105914e+01,2.106609e+01,2.106609e+01,2.101042e+01,2.112174e+01,2.101738e+01,2.093381e+01,2.102434e+01,2.094077e+01,2.109392e+01,2.098256e+01,2.108001e+01,2.101042e+01,2.109392e+01,2.104522e+01,2.107305e+01,2.098256e+01,2.101738e+01,2.094774e+01,2.101042e+01,2.096864e+01,2.096167e+01,2.091987e+01,2.095471e+01,2.096864e+01,2.092684e+01,2.096864e+01,2.093381e+01,2.091291e+01,2.088503e+01,2.096864e+01,2.087806e+01,2.082925e+01,2.094774e+01,2.087109e+01,2.085017e+01,2.082925e+01,2.075251e+01,2.083623e+01,2.078042e+01,2.073855e+01,2.075251e+01,2.077344e+01,2.087806e+01,2.072459e+01,2.076647e+01,2.078740e+01,2.073855e+01,2.081530e+01,2.120515e+01,2.161427e+01,2.159351e+01,2.187691e+01,2.188381e+01,2.187000e+01,2.182858e+01,2.182858e+01,2.182167e+01,2.195970e+01,2.193211e+01,2.186310e+01,2.193211e+01,2.189071e+01,2.195970e+01,2.199418e+01,2.218705e+01,2.220081e+01,2.212509e+01,2.223520e+01,2.228334e+01,2.226271e+01,2.229022e+01,2.240015e+01,2.231771e+01,2.243448e+01,2.235894e+01,2.244135e+01,2.248252e+01,2.249625e+01,2.256483e+01,2.248939e+01,2.248252e+01,2.245507e+01,2.246194e+01,2.247566e+01,2.253741e+01,2.248939e+01,2.251683e+01,2.243448e+01,2.247566e+01,2.252369e+01,2.248252e+01,2.252369e+01,2.251683e+01,2.260596e+01,2.250997e+01,2.255798e+01,2.253741e+01,2.247566e+01,2.247566e+01,2.246194e+01,2.244821e+01,2.250311e+01,2.228334e+01,2.240702e+01,2.239328e+01,2.233833e+01,2.242075e+01,2.230396e+01,2.231084e+01,2.227647e+01,2.227647e+01,2.222833e+01,2.222145e+01,2.224896e+01,2.223520e+01,2.230396e+01,2.222145e+01,2.207688e+01,2.224208e+01,2.239328e+01,2.232458e+01,2.227647e+01,2.229022e+01,2.233833e+01,2.222833e+01,2.241389e+01,2.218705e+01,2.220081e+01,2.234520e+01,2.219393e+01,2.226959e+01,2.223520e+01,2.222145e+01,2.225584e+01,2.218016e+01,2.224896e+01,2.229709e+01,2.236581e+01,2.218705e+01,2.219393e+01,2.223520e+01,2.231084e+01,2.242762e+01,2.233146e+01,2.214575e+01,2.230396e+01,2.235207e+01,2.224208e+01,2.222145e+01,2.219393e+01,2.226271e+01,2.222145e+01,2.226271e+01,2.220769e+01,2.220769e+01,2.222145e+01,2.222145e+01,2.220769e+01,2.213198e+01,2.229709e+01,2.228334e+01,2.220081e+01,2.231771e+01,2.222145e+01,2.219393e+01,2.229022e+01,2.226959e+01,2.237955e+01,2.238642e+01,2.250997e+01,2.248939e+01,2.245507e+01,2.261967e+01,2.260596e+01,2.257854e+01,2.256483e+01,2.251683e+01,2.262652e+01,2.246880e+01,2.253741e+01,2.246194e+01,2.242762e+01,2.257854e+01,2.243448e+01,2.246194e+01,2.242762e+01,2.250311e+01,2.254426e+01,2.227647e+01,2.246194e+01
2.182858e+01,2.185620e+01,2.181476e+01,2.175258e+01,2.187691e+01,2.170420e+01,2.180786e+01,2.179404e+01,2.184239e+01,2.180095e+01,2.185620e+01,2.190451e+01,2.180095e+01,2.176641e+01,2.177332e+01,2.180095e+01,2.182167e+01,2.184929e+01,2.186310e+01,2.210443e+01,2.191831e+01,2.181476e+01,2.196660e+01,2.192521e+01,2.190451e+01,2.197349e+01,2.191141e+01,2.193211e+01,2.196660e+01,2.189761e+01,2.202176e+01,2.206310e+01,2.207688e+01,2.196660e+01,2.218705e+01,2.215952e+01,2.220769e+01,2.224208e+01,2.212509e+01,2.218016e+01,2.214575e+01,2.224896e+01,2.220081e+01,2.213886e+01,2.214575e+01,2.209755e+01,2.214575e+01,2.218705e+01,2.223520e+01,2.216640e+01,2.218705e+01,2.209066e+01,2.209755e+01,2.218705e+01,2.215952e+01,2.213198e+01,2.211132e+01,2.212509e+01,2.211821e+01,2.206310e+01,2.207688e+01,2.208377e+01,2.207688e+01,2.204932e+01,2.207688e+01,2.210443e+01,2.210443e+01,2.203554e+01,2.209755e+01,2.212509e+01,2.213886e+01,2.212509e+01,2.218016e+01,2.211821e+01,2.218705e+01,2.213886e+01,2.206999e+01,2.206310e+01,2.215263e+01,2.209755e+01,2.231771e+01,2.220081e+01,2.221457e+01,2.218016e+01,2.220081e+01,2.211132e+01,2.214575e+01,2.212509e+01,2.212509e+01,2.223520e+01,2.218705e+01,2.209066e+01,2.211821e+01,2.202176e+01,2.210443e+01,2.208377e+01,2.205621e+01,2.211132e+01,2.209066e+01,2.205621e+01,2.207688e+01,2.204243e+01,2.204932e+01,2.210443e+01,2.207688e+01,2.208377e+01,2.205621e+01,2.215952e+01,2.204932e+01,2.206310e+01,2.210443e+01,2.209066e+01,2.215952e+01,2.208377e+01,2.215952e+01,2.215952e+01,2.213198e+01,2.215263e+01,2.208377e+01,2.208377e+01,2.218705e+01,2.217328e+01,2.213198e+01,2.211821e+01,2.225584e+01,2.209755e+01,2.213886e+01,2.226271e+01,2.213198e+01,2.195970e+01,2.218705e+01,2.222145e+01,2.220769e+01,2.216640e+01,2.212509e+01,2.215263e+01,2.238642e+01,2.227647e+01,2.217328e+01,2.220769e+01,2.218705e+01,2.237268e+01,2.228334e+01,2.225584e+01,2.226271e+01,2.229022e+01,2.232458e+01,2.226959e+01,2.231771e+01,2.230396e+01,2.231084e+01,2.231771e+01,2.229022e+01,2.237955e+01,2.231771e+01,2.226959e+01,2.232458e+01,2.235207e+01,2.226271e+01,2.225584e+01,2.228334e+01,2.230396e+01,2.229709e+01,2.229709e+01,2.230396e+01,2.231084e+01,2.226959e+01,2.231084e+01,2.231084e+01,2.229022e+01,2.226959e+01,2.236581e+01,2.221457e+01,2.220081e+01,2.231084e+01,2.227647e+01,2.222145e+01,2.224208e+01,2.224208e+01,2.230396e+01,2.212509e+01,2.191831e+01,2.145498e+01,2.128156e+01,2.135096e+01,2.137871e+01,2.110088e+01,2.117041e+01,2.106609e+01,2.066872e+01,2.037492e+01,2.036090e+01,2.040294e+01,2.043094e+01,2.043795e+01,2.028380e+01,2.036791e+01,2.025575e+01,2.041694e+01,2.036791e+01,2.045895e+01,2.052892e+01,2.048694e+01,2.047994e+01,2.059884e+01,2.065475e+01,2.117736e+01,2.142032e+01,2.143419e+01,2.144112e+01,2.155890e+01,2.154505e+01,2.162119e+01,2.169037e+01,2.171111e+01,2.162811e+01,2.175258e+01,2.175258e+01,2.174567e+01,2.182167e+01,2.177332e+01,2.186310e+01,2.188381e+01,2.185620e+01,2.189761e+01,2.187691e+01,2.187000e+01,2.176641e+01,2.171111e+01,2.162119e+01,2.150349e+01,2.160735e+01,2.171111e+01,2.186310e+01,2.180095e+01,2.187000e+01,2.194591e+01,2.194591e+01,2.197349e+01,2.195970e+01,2.189761e+01,2.194591e+01,2.193901e+01,2.197349e+01,2.197349e+01,2.193901e+01,2.179404e+01,2.193901e+01,2.180095e+01,2.171802e+01,2.162811e+01,2.154505e+01,2.163503e+01,2.159351e+01,2.153812e+01,2.148963e+01,2.149656e+01,2.156582e+01,2.145498e+01,2.159351e+01,2.171802e+01,2.182858e+01,2.184929e+01,2.182167e+01,2.182858e+01,2.168345e+01,2.156582e+01,2.146191e+01,2.140645e+01,2.139258e+01,2.141339e+01,2.142032e+01,2.145498e+01,2.162811e+01,2.169037e+01,2.182858e+01,2.173876e+01,2.200107e+01,2.181476e+01,2.193901e+01,2.196660e+01,2.198729e+01,2.196660e+01,2.182858e+01,2.187691e+01,2.189071e+01,2.180095e+01,2.167654e+01,2.166270e+01,2.164195e+01,2.168345e+01,2.173876e+01,2.166270e+01,2.175258e+01,2.153119e+01,2.120515e+01,2.119126e+01,2.158659e+01,2.153119e+01,2.151734e+01,2.138565e+01,2.164887e+01,2.180095e+01,2.191141e+01,2.188381e+01,2.196660e+01,2.208377e+01,2.203554e+01,2.193211e+01,2.189761e+01,2.164195e+01,2.144805e+01,2.139952e+01,2.140645e+01,2.140645e+01,2.124683e+01,2.122600e+01,2.121905e+01,2.115650e+01,2.112869e+01,2.118431e+01,2.127461e+01,2.180095e+01,2.186310e+01,2.197349e+01,2.193901e+01,2.204932e+01,2.204243e+01,2.204243e+01,2.204243e+01,2.204932e+01,2.161427e+01,2.143419e+01,2.119126e+01,2.114955e+01,2.114260e+01,2.119126e+01,2.118431e+01,2.122600e+01,2.121210e+01,2.153119e+01,2.184929e+01,2.198039e+01,2.198039e+01,2.206310e+01,2.205621e+01,2.202865e+01,2.212509e+01,2.192521e+01,2.222145e+01,2.211132e+01,2.194591e+01,2.189761e+01,2.157967e+01,2.117041e+01,2.098256e+01,2.091987e+01,2.096167e+01,2.093381e+01,2.098256e+01,2.094077e+01,2.098256e+01,2.098953e+01,2.110088e+01,2.110088e+01,2.105218e+01,2.105218e+01,2.101042e+01,2.112869e+01,2.114955e+01,2.104522e+01,2.098953e+01,2.097560e+01,2.099649e+01,2.097560e+01,2.098256e+01,2.094774e+01,2.097560e+01,2.094774e+01,2.089897e+01,2.091291e+01,2.080833e+01,2.091291e+01,2.080135e+01,2.078042e+01,2.078740e+01,2.081530e+01,2.073855e+01,2.076647e+01,2.066174e+01,2.078042e+01,2.084320e+01,2.068967e+01,2.081530e+01,2.070364e+01,2.069666e+01,2.068967e+01,2.085017e+01,2.080833e+01,2.083623e+01,2.091291e+01,2.075949e+01,2.092684e+01,2.092684e+01,2.087806e+01,2.089897e+01,2.098256e+01,2.094077e+01,2.088503e+01,2.100345e+01,2.096167e+01,2.096167e+01,2.096864e+01,2.092684e+01,2.097560e+01,2.104522e+01,2.109392e+01,2.101042e+01,2.098256e+01,2.093381e+01,2.096167e+01,2.095471e+01,2.097560e+01,2.096864e+01,2.094774e+01,2.100345e+01,2.095471e+01,2.094077e+01,2.095471e+01,2.094774e+01,2.092684e+01,2.098953e+01,2.078740e+01,2.084320e+01,2.085017e+01,2.095471e+01,2.099649e+01,2.096167e+01,2.097560e+01,2.113565e+01,2.095471e+01,2.094077e+01,2.098953e+01,2.095471e+01,2.094774e+01,2.096864e+01,2.091291e+01,2.092684e+01,2.089897e+01,2.092684e+01,2.105914e+01,2.103130e+01,2.096864e+01,2.108696e+01,2.099649e+01,2.091291e+01,2.094774e+01,2.092684e+01,2.099649e+01,2.096167e+01,2.095471e+01,2.103826e+01,2.108001e+01,2.101042e+01,2.104522e+01,2.104522e+01,2.102434e+01,2.099649e+01,2.080833e+01,2.096167e+01,2.101042e+01,2.094077e+01,2.098256e+01,2.089897e+01,2.094077e+01,2.091291e+01,2.091987e+01,2.091987e+01,2.094077e+01,2.089200e+01,2.090594e+01,2.093381e+01,2.096864e+01,2.083623e+01,2.102434e+01,2.080833e+01,2.080833e+01,2.080833e+01,2.085017e+01,2.087806e+01,2.073157e+01,2.085715e+01,2.073855e+01,2.073157e+01,2.075251e+01,2.077344e+01,2.078740e+01,2.079438e+01,2.094077e+01,2.141339e+01,2.167654e+01,2.178022e+01,2.180786e+01,2.184239e+01,2.183548e+01,2.184239e+01,2.181476e+01,2.182167e+01,2.195280e+01,2.189071e+01,2.199418e+01,2.190451e+01,2.194591e+01,2.191831e+01,2.209755e+01,2.211821e+01,2.215263e+01,2.222145e+01,2.215952e+01,2.218016e+01,2.226271e+01,2.228334e+01,2.226959e+01,2.231771e+01,2.231084e+01,2.240015e+01,2.234520e+01,2.242075e+01,2.251683e+01,2.248939e+01,2.255112e+01,2.255112e+01,2.248252e+01,2.255798e+01,2.246880e+01,2.250997e+01,2.249625e+01,2.247566e+01,2.235894e+01,2.247566e+01,2.244821e+01,2.248252e+01,2.248939e+01,2.258540e+01,2.259911e+01,2.246194e+01,2.242762e+01,2.244821e+01,2.245507e+01,2.236581e+01,2.246194e+01,2.242762e+01,2.232458e+01,2.230396e+01,2.219393e+01,2.232458e+01,2.233146e+01,2.231084e+01,2.226959e+01,2.233833e+01,2.224208e+01,2.235207e+01,2.225584e+01,2.226959e+01,2.232458e+01,2.216640e+01,2.237955e+01,2.237268e+01,2.226959e+01,2.237268e+01,2.233146e+01,2.231084e+01,2.232458e+01,2.231771e+01,2.219393e+01,2.232458e+01,2.232458e+01,2.242075e+01,2.231771e+01,2.226271e+01,2.229022e+01,2.225584e+01,2.220769e+01,2.231084e+01,2.218016e+01,2.222833e+01,2.219393e+01,2.227647e+01,2.215952e+01,2.222145e+01,2.231084e+01,2.224896e+01,2.228334e+01,2.229709e+01,2.229022e+01,2.234520e+01,2.222833e+01,2.224208e+01,2.226959e+01,2.218016e+01,2.220081e+01,2.231084e+01,2.226959e+01,2.226271e+01,2.224896e+01,2.217328e+01,2.221457e+01,2.221457e+01,2.220769e+01,2.226959e+01,2.220081e+01,2.218705e+01,2.226959e+01,2.239328e+01,2.227647e+01,2.231771e+01,2.239328e+01,2.229709e+01,2.239328e+01,2.257169e+01,2.255112e+01,2.254426e+01,2.256483e+01,2.247566e+01,2.264022e+01,2.255798e+01,2.259225e+01,2.254426e+01,2.250997e+01,2.262652e+01,2.244821e+01,2.242075e+01,2.242075e+01,2.240702e+01,2.233146e+01,2.250997e+01,2.246194e+01,2.253741e+01,2.248939e+01,2.244135e+01
2.186310e+01,2.182167e+01,2.179404e+01,2.178713e+01,2.183548e+01,2.182167e+01,2.175258e+01,2.179404e+01,2.164887e+01,2.182858e+01,2.180095e+01,2.185620e+01,2.176641e+01,2.181476e+01,2.199418e+01,2.180786e+01,2.187000e+01,2.203554e+01,2.187691e+01,2.189071e+01,2.178713e+01,2.189071e+01,2.195280e+01,2.187000e+01,2.191831e+01,2.193211e+01,2.203554e+01,2.197349e+01,2.196660e+01,2.211821e+01,2.204932e+01,2.203554e+01,2.209066e+01,2.212509e+01,2.206999e+01,2.221457e+01,2.218016e+01,2.209066e+01,2.216640e+01,2.220769e+01,2.211132e+01,2.224896e+01,2.222833e+01,2.221457e+01,2.215952e+01,2.220769e+01,2.218705e+01,2.213886e+01,2.220769e+01,2.215952e+01,2.218016e+01,2.230396e+01,2.209755e+01,2.209066e+01,2.212509e+01,2.207688e+01,2.214575e+01,2.214575e+01,2.215952e+01,2.206999e+01,2.209755e+01,2.211821e+01,2.221457e+01,2.213198e+01,2.213198e+01,2.213198e+01,2.229022e+01,2.213886e+01,2.220081e+01,2.208377e+01,2.210443e+01,2.214575e+01,2.212509e+01,2.218705e+01,2.218705e+01,2.212509e+01,2.205621e+01,2.217328e+01,2.212509e+01,2.207688e+01,2.209755e+01,2.206999e+01,2.212509e+01,2.206310e+01,2.206999e+01,2.217328e+01,2.211132e+01,2.206310e+01,2.213886e+01,2.220769e+01,2.204932e+01,2.213886e+01,2.213198e+01,2.210443e+01,2.218016e+01,2.211132e+01,2.207688e+01,2.204243e+01,2.207688e+01,2.209066e+01,2.212509e+01,2.205621e+01,2.211821e+01,2.205621e+01,2.212509e+01,2.209066e+01,2.206310e+01,2.220081e+01,2.208377e+01,2.214575e+01,2.218016e+01,2.211132e+01,2.209066e+01,2.215263e+01,2.208377e+01,2.206310e+01,2.213198e+01,2.213198e+01,2.213886e+01,2.209066e+01,2.212509e+01,2.220081e+01,2.224208e+01,2.222833e+01,2.224896e+01,2.214575e+01,2.209066e+01,2.223520e+01,2.220081e+01,2.225584e+01,2.222145e+01,2.222145e+01,2.219393e+01,2.223520e+01,2.229022e+01,2.213198e+01,2.226959e+01,2.210443e+01,2.225584e+01,2.223520e+01,2.223520e+01,2.227647e+01,2.222833e+01,2.228334e+01,2.228334e+01,2.228334e+01,2.229022e+01,2.230396e+01,2.233146e+01,2.231084e+01,2.235207e+01,2.237268e+01,2.229709e+01,2.236581e+01,2.229709e+01,2.230396e+01,2.233833e+01,2.227647e+01,2.230396e+01,2.229709e+01,2.226271e+01,2.239328e+01,2.226271e+01,2.231771e+01,2.233146e+01,2.233833e+01,2.231771e+01,2.235207e+01,2.233146e+01,2.229709e+01,2.222833e+01,2.225584e+01,2.232458e+01,2.230396e+01,2.220081e+01,2.221457e+01,2.223520e+01,2.216640e+01,2.225584e+01,2.215952e+01,2.204932e+01,2.189071e+01,2.132320e+01,2.119820e+01,2.118431e+01,2.117041e+01,2.112869e+01,2.080135e+01,2.062680e+01,2.053592e+01,2.031185e+01,2.038192e+01,2.035390e+01,2.045195e+01,2.033287e+01,2.050793e+01,2.050793e+01,2.032587e+01,2.043795e+01,2.040294e+01,2.047994e+01,2.037492e+01,2.072459e+01,2.057088e+01,2.065475e+01,2.073855e+01,2.108696e+01,2.135790e+01,2.145498e+01,2.153119e+01,2.157967e+01,2.157967e+01,2.159351e+01,2.167654e+01,2.169728e+01,2.169037e+01,2.168345e+01,2.173876e+01,2.174567e+01,2.180786e+01,2.187000e+01,2.189071e+01,2.189761e+01,2.188381e+01,2.191831e+01,2.191141e+01,2.191141e+01,2.187691e+01,2.186310e+01,2.171802e+01,2.153119e+01,2.151042e+01,2.172494e+01,2.196660e+01,2.184929e+01,2.191831e+01,2.191831e+01,2.188381e+01,2.198729e+01,2.206310e+01,2.198729e+01,2.194591e+01,2.195280e+01,2.195970e+01,2.195280e+01,2.194591e+01,2.191831e+01,2.189761e+01,2.171111e+01,2.193901e+01,2.173185e+01,2.171802e+01,2.156582e+01,2.155197e+01,2.155197e+01,2.142032e+01,2.157274e+01,2.152427e+01,2.153812e+01,2.162811e+01,2.180786e+01,2.178713e+01,2.185620e+01,2.183548e+01,2.184239e+01,2.182858e+01,2.165579e+01,2.139258e+01,2.145498e+01,2.144112e+01,2.136484e+01,2.148270e+01,2.148963e+01,2.172494e+01,2.181476e+01,2.183548e+01,2.180095e+01,2.167654e+01,2.164887e+01,2.187691e+01,2.196660e+01,2.198039e+01,2.189071e+01,2.195280e+01,2.182858e+01,2.182167e+01,2.180095e+01,2.157967e+01,2.166270e+01,2.162119e+01,2.158659e+01,2.168345e+01,2.174567e+01,2.178022e+01,2.132320e+01,2.117041e+01,2.117736e+01,2.098256e+01,2.095471e+01,2.105914e+01,2.121210e+01,2.112174e+01,2.137177e+01,2.166270e+01,2.193211e+01,2.204243e+01,2.189071e+01,2.193211e+01,2.187000e+01,2.189761e+01,2.160043e+01,2.143419e+01,2.132320e+01,2.130238e+01,2.136484e+01,2.130932e+01,2.139952e+01,2.122600e+01,2.119126e+01,2.124683e+01,2.136484e+01,2.164195e+01,2.188381e+01,2.206310e+01,2.206310e+01,2.205621e+01,2.204243e+01,2.195970e+01,2.204243e+01,2.205621e+01,2.183548e+01,2.141339e+01,2.135790e+01,2.123989e+01,2.120515e+01,2.117736e+01,2.119820e+01,2.126072e+01,2.125378e+01,2.153119e+01,2.195280e+01,2.191141e+01,2.207688e+01,2.204932e+01,2.209755e+01,2.204932e+01,2.219393e+01,2.205621e+01,2.203554e+01,2.195280e+01,2.195970e+01,2.192521e+01,2.188381e+01,2.132320e+01,2.123989e+01,2.109392e+01,2.094077e+01,2.105914e+01,2.104522e+01,2.111479e+01,2.108001e+01,2.113565e+01,2.122600e+01,2.114260e+01,2.111479e+01,2.113565e+01,2.106609e+01,2.131626e+01,2.117041e+01,2.110783e+01,2.111479e+01,2.105218e+01,2.093381e+01,2.098953e+01,2.098256e+01,2.098256e+01,2.094077e+01,2.092684e+01,2.092684e+01,2.088503e+01,2.082925e+01,2.080135e+01,2.079438e+01,2.075251e+01,2.080135e+01,2.075949e+01,2.074553e+01,2.075949e+01,2.077344e+01,2.085017e+01,2.080135e+01,2.086412e+01,2.078042e+01,2.075949e+01,2.073157e+01,2.075251e+01,2.075949e+01,2.073855e+01,2.080833e+01,2.076647e+01,2.078740e+01,2.079438e+01,2.091291e+01,2.090594e+01,2.092684e+01,2.094774e+01,2.094077e+01,2.091291e+01,2.095471e+01,2.093381e+01,2.089897e+01,2.089200e+01,2.096864e+01,2.093381e+01,2.098953e+01,2.105914e+01,2.102434e+01,2.108001e+01,2.098953e+01,2.097560e+01,2.099649e+01,2.093381e+01,2.096864e+01,2.101042e+01,2.101042e+01,2.099649e+01,2.096167e+01,2.096167e+01,2.091987e+01,2.095471e+01,2.086412e+01,2.099649e+01,2.085017e+01,2.083623e+01,2.083623e+01,2.084320e+01,2.089897e+01,2.097560e+01,2.097560e+01,2.096864e+01,2.080135e+01,2.095471e+01,2.103826e+01,2.095471e+01,2.097560e+01,2.094077e+01,2.090594e+01,2.096167e+01,2.089200e+01,2.100345e+01,2.089200e+01,2.093381e+01,2.103130e+01,2.100345e+01,2.091291e+01,2.105218e+01,2.103826e+01,2.096167e+01,2.093381e+01,2.098256e+01,2.103826e+01,2.105218e+01,2.103826e+01,2.098256e+01,2.101738e+01,2.101738e+01,2.104522e+01,2.102434e+01,2.101738e+01,2.093381e+01,2.092684e+01,2.094774e+01,2.093381e+01,2.088503e+01,2.094774e+01,2.089200e+01,2.093381e+01,2.092684e+01,2.091987e+01,2.091291e+01,2.089200e+01,2.089897e+01,2.091987e+01,2.097560e+01,2.087806e+01,2.080833e+01,2.085715e+01,2.077344e+01,2.086412e+01,2.084320e+01,2.074553e+01,2.086412e+01,2.086412e+01,2.075949e+01,2.077344e+01,2.078740e+01,2.078740e+01,2.085017e+01,2.091987e+01,2.138565e+01,2.158659e+01,2.177332e+01,2.178022e+01,2.181476e+01,2.185620e+01,2.182167e+01,2.180095e+01,2.180095e+01,2.183548e+01,2.177332e+01,2.184929e+01,2.198039e+01,2.196660e+01,2.203554e+01,2.209066e+01,2.204243e+01,2.220769e+01,2.222145e+01,2.213886e+01,2.226271e+01,2.224896e+01,2.231084e+01,2.237268e+01,2.246194e+01,2.239328e+01,2.231084e+01,2.234520e+01,2.252369e+01,2.254426e+01,2.249625e+01,2.253055e+01,2.244821e+01,2.246194e+01,2.252369e+01,2.248252e+01,2.250997e+01,2.237268e+01,2.247566e+01,2.259911e+01,2.237955e+01,2.244821e+01,2.244821e+01,2.244135e+01,2.255112e+01,2.251683e+01,2.263337e+01,2.246194e+01,2.260596e+01,2.241389e+01,2.237955e+01,2.241389e+01,2.235894e+01,2.233146e+01,2.236581e+01,2.235894e+01,2.230396e+01,2.231771e+01,2.232458e+01,2.233833e+01,2.228334e+01,2.228334e+01,2.237268e+01,2.229022e+01,2.224896e+01,2.239328e+01,2.238642e+01,2.238642e+01,2.235894e+01,2.235894e+01,2.230396e+01,2.232458e+01,2.229709e+01,2.240702e+01,2.229022e+01,2.225584e+01,2.230396e+01,2.226959e+01,2.228334e+01,2.223520e+01,2.222145e+01,2.226271e+01,2.226271e+01,2.229709e+01,2.229022e+01,2.222833e+01,2.231771e+01,2.219393e+01,2.229709e+01,2.218016e+01,2.225584e+01,2.243448e+01,2.220769e+01,2.227647e+01,2.228334e+01,2.222833e+01,2.222145e+01,2.226959e+01,2.218705e+01,2.227647e+01,2.222145e+01,2.226959e+01,2.228334e+01,2.225584e+01,2.224896e+01,2.236581e+01,2.224208e+01,2.239328e+01,2.223520e+01,2.222833e+01,2.221457e+01,2.233146e+01,2.228334e+01,2.220769e+01,2.226271e+01,2.231084e+01,2.233833e+01,2.237268e+01,2.245507e+01,2.257854e+01,2.256483e+01,2.255112e+01,2.259911e+01,2.263337e+01,2.248939e+01,2.250311e+01,2.259911e+01,2.245507e+01,2.254426e+01,2.244821e+01,2.244821e+01,2.245507e+01,2.242762e+01,2.249625e+01,2.250311e+01,2.242762e+01,2.242762e+01,2.250311e+01,2.244821e+01,2.255798e+01,2.262652e+01
2.168345e+01,2.184239e+01,2.197349e+01,2.181476e+01,2.178713e+01,2.182858e+01,2.187000e+01,2.185620e+01,2.187000e+01,2.179404e+01,2.175258e+01,2.178713e+01,2.184239e+01,2.182858e+01,2.178713e+01,2.189071e+01,2.189071e+01,2.187691e+01,2.186310e+01,2.184929e+01,2.184239e+01,2.201486e+01,2.195970e+01,2.192521e+01,2.194591e+01,2.191831e+01,2.189071e+01,2.188381e+01,2.200107e+01,2.200797e+01,2.207688e+01,2.211132e+01,2.203554e+01,2.215263e+01,2.218705e+01,2.218016e+01,2.220081e+01,2.222833e+01,2.224208e+01,2.225584e+01,2.222833e+01,2.218705e+01,2.209755e+01,2.215952e+01,2.224208e+01,2.212509e+01,2.219393e+01,2.213886e+01,2.209066e+01,2.212509e+01,2.207688e+01,2.206999e+01,2.204932e+01,2.211821e+01,2.206999e+01,2.214575e+01,2.215263e+01,2.193901e+01,2.212509e+01,2.212509e+01,2.206310e+01,2.212509e+01,2.206999e+01,2.232458e+01,2.209066e+01,2.212509e+01,2.204243e+01,2.228334e+01,2.216640e+01,2.210443e+01,2.208377e+01,2.218016e+01,2.215263e+01,2.214575e+01,2.213198e+01,2.206999e+01,2.218016e+01,2.214575e+01,2.207688e+01,2.201486e+01,2.198729e+01,2.212509e+01,2.220081e+01,2.211821e+01,2.218705e+01,2.210443e+01,2.212509e+01,2.206310e+01,2.215952e+01,2.212509e+01,2.211821e+01,2.212509e+01,2.214575e+01,2.216640e+01,2.211132e+01,2.209066e+01,2.208377e+01,2.210443e+01,2.206310e+01,2.200797e+01,2.205621e+01,2.212509e+01,2.214575e+01,2.201486e+01,2.207688e+01,2.206999e+01,2.207688e+01,2.207688e+01,2.213886e+01,2.210443e+01,2.213886e+01,2.215952e+01,2.213198e+01,2.222145e+01,2.208377e+01,2.216640e+01,2.215952e+01,2.212509e+01,2.209066e+01,2.207688e+01,2.209066e+01,2.216640e+01,2.209066e+01,2.209066e+01,2.221457e+01,2.217328e+01,2.216640e+01,2.226959e+01,2.217328e+01,2.221457e+01,2.221457e+01,2.215263e+01,2.221457e+01,2.227647e+01,2.219393e+01,2.211132e+01,2.223520e+01,2.214575e+01,2.224896e+01,2.228334e+01,2.213198e+01,2.224896e+01,2.229022e+01,2.215952e+01,2.220081e+01,2.231771e+01,2.225584e+01,2.230396e+01,2.223520e+01,2.230396e+01,2.218016e+01,2.231771e+01,2.230396e+01,2.234520e+01,2.229709e+01,2.218705e+01,2.229022e+01,2.233146e+01,2.225584e+01,2.226959e+01,2.230396e+01,2.228334e+01,2.231084e+01,2.232458e+01,2.230396e+01,2.241389e+01,2.231771e+01,2.234520e+01,2.233146e+01,2.236581e+01,2.240702e+01,2.224208e+01,2.227647e+01,2.222833e+01,2.220081e+01,2.240702e+01,2.219393e+01,2.214575e+01,2.215952e+01,2.211132e+01,2.178713e+01,2.139258e+01,2.108696e+01,2.117041e+01,2.117736e+01,2.085715e+01,2.078740e+01,2.048694e+01,2.043795e+01,2.037492e+01,2.028380e+01,2.025575e+01,2.033287e+01,2.046595e+01,2.040994e+01,2.036090e+01,2.050094e+01,2.027679e+01,2.045195e+01,2.037492e+01,2.045195e+01,2.044495e+01,2.049394e+01,2.066174e+01,2.044495e+01,2.060583e+01,2.073157e+01,2.128850e+01,2.144805e+01,2.158659e+01,2.154505e+01,2.151734e+01,2.168345e+01,2.171802e+01,2.175258e+01,2.175258e+01,2.182167e+01,2.176641e+01,2.190451e+01,2.188381e+01,2.192521e+01,2.187691e+01,2.192521e+01,2.188381e+01,2.190451e+01,2.188381e+01,2.192521e+01,2.184929e+01,2.178713e+01,2.174567e+01,2.160043e+01,2.152427e+01,2.171111e+01,2.187691e+01,2.195280e+01,2.195280e+01,2.194591e+01,2.188381e+01,2.182167e+01,2.191831e+01,2.198039e+01,2.198039e+01,2.192521e+01,2.198729e+01,2.198039e+01,2.185620e+01,2.193901e+01,2.198039e+01,2.176641e+01,2.171111e+01,2.157967e+01,2.165579e+01,2.164887e+01,2.157967e+01,2.156582e+01,2.155197e+01,2.142725e+01,2.152427e+01,2.151042e+01,2.147577e+01,2.171111e+01,2.178022e+01,2.177332e+01,2.184929e+01,2.186310e+01,2.189071e+01,2.178022e+01,2.137177e+01,2.139258e+01,2.157967e+01,2.139952e+01,2.144112e+01,2.182167e+01,2.178022e+01,2.184239e+01,2.183548e+01,2.195970e+01,2.166962e+01,2.119126e+01,2.138565e+01,2.163503e+01,2.183548e+01,2.184929e+01,2.184239e+01,2.170420e+01,2.164887e+01,2.173876e+01,2.162811e+01,2.144805e+01,2.151042e+01,2.149656e+01,2.157967e+01,2.164195e+01,2.154505e+01,2.130238e+01,2.104522e+01,2.083623e+01,2.082925e+01,2.095471e+01,2.097560e+01,2.102434e+01,2.110783e+01,2.127461e+01,2.134402e+01,2.170420e+01,2.188381e+01,2.182167e+01,2.169037e+01,2.157967e+01,2.160043e+01,2.138565e+01,2.149656e+01,2.132320e+01,2.130238e+01,2.139952e+01,2.136484e+01,2.133014e+01,2.126072e+01,2.135790e+01,2.129544e+01,2.152427e+01,2.196660e+01,2.204243e+01,2.195280e+01,2.202865e+01,2.206310e+01,2.210443e+01,2.202865e+01,2.195280e+01,2.178713e+01,2.155890e+01,2.136484e+01,2.126072e+01,2.120515e+01,2.111479e+01,2.122600e+01,2.123989e+01,2.120515e+01,2.119126e+01,2.156582e+01,2.198039e+01,2.199418e+01,2.207688e+01,2.209066e+01,2.207688e+01,2.206999e+01,2.206999e+01,2.204932e+01,2.189071e+01,2.155197e+01,2.155197e+01,2.137871e+01,2.127461e+01,2.122600e+01,2.110088e+01,2.115650e+01,2.108696e+01,2.103130e+01,2.096864e+01,2.107305e+01,2.123294e+01,2.112869e+01,2.124683e+01,2.112869e+01,2.113565e+01,2.121905e+01,2.124683e+01,2.114260e+01,2.107305e+01,2.113565e+01,2.103130e+01,2.098256e+01,2.098953e+01,2.098256e+01,2.097560e+01,2.094774e+01,2.091987e+01,2.085017e+01,2.085715e+01,2.085017e+01,2.086412e+01,2.077344e+01,2.078042e+01,2.073855e+01,2.078740e+01,2.082228e+01,2.073855e+01,2.079438e+01,2.064776e+01,2.073855e+01,2.071062e+01,2.075251e+01,2.075251e+01,2.072459e+01,2.072459e+01,2.070364e+01,2.072459e+01,2.072459e+01,2.078740e+01,2.071062e+01,2.075251e+01,2.075251e+01,2.077344e+01,2.091987e+01,2.087109e+01,2.089897e+01,2.089897e+01,2.085017e+01,2.087806e+01,2.087806e+01,2.084320e+01,2.091291e+01,2.090594e+01,2.089897e+01,2.093381e+01,2.108696e+01,2.096864e+01,2.101738e+01,2.101738e+01,2.096864e+01,2.099649e+01,2.098953e+01,2.094077e+01,2.096864e+01,2.094774e+01,2.105218e+01,2.105914e+01,2.094774e+01,2.089200e+01,2.091291e+01,2.091291e+01,2.089200e+01,2.080833e+01,2.096167e+01,2.097560e+01,2.093381e+01,2.088503e+01,2.087109e+01,2.094774e+01,2.091987e+01,2.094774e+01,2.105914e+01,2.104522e+01,2.090594e+01,2.095471e+01,2.094774e+01,2.092684e+01,2.091987e+01,2.094774e+01,2.094077e+01,2.091291e+01,2.094077e+01,2.089897e+01,2.099649e+01,2.094774e+01,2.089897e+01,2.091291e+01,2.091291e+01,2.095471e+01,2.091291e+01,2.090594e+01,2.096864e+01,2.103130e+01,2.103130e+01,2.082228e+01,2.101042e+01,2.085715e+01,2.086412e+01,2.072459e+01,2.089200e+01,2.096864e+01,2.091987e+01,2.089200e+01,2.096167e+01,2.091291e+01,2.091291e+01,2.091987e+01,2.089200e+01,2.087806e+01,2.089897e+01,2.091987e+01,2.092684e+01,2.087109e+01,2.087806e+01,2.085715e+01,2.083623e+01,2.084320e+01,2.080833e+01,2.076647e+01,2.075949e+01,2.070364e+01,2.078740e+01,2.088503e+01,2.078740e+01,2.077344e+01,2.066174e+01,2.077344e+01,2.078740e+01,2.066174e+01,2.110088e+01,2.165579e+01,2.175258e+01,2.188381e+01,2.184929e+01,2.180095e+01,2.182858e+01,2.187000e+01,2.187691e+01,2.182858e+01,2.184239e+01,2.173876e+01,2.184239e+01,2.183548e+01,2.201486e+01,2.211132e+01,2.205621e+01,2.218016e+01,2.213198e+01,2.221457e+01,2.214575e+01,2.223520e+01,2.227647e+01,2.237268e+01,2.222833e+01,2.237268e+01,2.244821e+01,2.250311e+01,2.251683e+01,2.236581e+01,2.253055e+01,2.242075e+01,2.235894e+01,2.259225e+01,2.244821e+01,2.257169e+01,2.246194e+01,2.253741e+01,2.257854e+01,2.248939e+01,2.246880e+01,2.248252e+01,2.244135e+01,2.244135e+01,2.261282e+01,2.253741e+01,2.246194e+01,2.254426e+01,2.257169e+01,2.240702e+01,2.233833e+01,2.236581e+01,2.242762e+01,2.231084e+01,2.229709e+01,2.241389e+01,2.232458e+01,2.229022e+01,2.235207e+01,2.235207e+01,2.229022e+01,2.225584e+01,2.235894e+01,2.224208e+01,2.239328e+01,2.224208e+01,2.237268e+01,2.224896e+01,2.237268e+01,2.226959e+01,2.238642e+01,2.236581e+01,2.230396e+01,2.233146e+01,2.238642e+01,2.218705e+01,2.237955e+01,2.229709e+01,2.232458e+01,2.234520e+01,2.227647e+01,2.230396e+01,2.229022e+01,2.228334e+01,2.229709e+01,2.219393e+01,2.228334e+01,2.230396e+01,2.223520e+01,2.223520e+01,2.224208e+01,2.228334e+01,2.234520e+01,2.226959e+01,2.232458e+01,2.232458e+01,2.232458e+01,2.232458e+01,2.233146e+01,2.221457e+01,2.225584e+01,2.224208e+01,2.225584e+01,2.222833e+01,2.220081e+01,2.234520e+01,2.218016e+01,2.217328e+01,2.233833e+01,2.223520e+01,2.213886e+01,2.224896e+01,2.224896e+01,2.219393e+01,2.227647e+01,2.232458e+01,2.231771e+01,2.231084e+01,2.253741e+01,2.246194e+01,2.248252e+01,2.247566e+01,2.264022e+01,2.249625e+01,2.253741e+01,2.266763e+01,2.259911e+01,2.243448e+01,2.259911e+01,2.242075e+01,2.245507e+01,2.229709e+01,2.237955e+01,2.243448e+01,2.250997e+01,2.254426e+01,2.252369e+01,2.246194e+01,2.245507e+01,2.255112e+01,2.253741e+01
2.184929e+01,2.189071e+01,2.176641e+01,2.182167e+01,2.178022e+01,2.179404e+01,2.182167e+01,2.184929e+01,2.182858e+01,2.177332e+01,2.176641e+01,2.178022e+01,2.179404e+01,2.193211e+01,2.182858e+01,2.180786e+01,2.186310e+01,2.181476e+01,2.183548e+01,2.190451e+01,2.185620e+01,2.194591e+01,2.204932e+01,2.191831e+01,2.185620e+01,2.190451e+01,2.192521e+01,2.209066e+01,2.205621e+01,2.208377e+01,2.202865e+01,2.203554e+01,2.207688e+01,2.213886e+01,2.215263e+01,2.219393e+01,2.217328e+01,2.206310e+01,2.214575e+01,2.225584e+01,2.223520e+01,2.220081e+01,2.211132e+01,2.211821e+01,2.217328e+01,2.220081e+01,2.213886e+01,2.213886e+01,2.209066e+01,2.207688e+01,2.206999e+01,2.207688e+01,2.206999e+01,2.202865e+01,2.211132e+01,2.206310e+01,2.209066e+01,2.222833e+01,2.211821e+01,2.213886e+01,2.210443e+01,2.225584e+01,2.208377e+01,2.226959e+01,2.207688e+01,2.207688e+01,2.228334e+01,2.229022e+01,2.218016e+01,2.207688e+01,2.205621e+01,2.211132e+01,2.211132e+01,2.219393e+01,2.218016e+01,2.205621e+01,2.218705e+01,2.218016e+01,2.207688e+01,2.200797e+01,2.211821e+01,2.207688e+01,2.211132e+01,2.207688e+01,2.210443e+01,2.216640e+01,2.211821e+01,2.193211e+01,2.200797e+01,2.208377e+01,2.209755e+01,2.211821e+01,2.207688e+01,2.212509e+01,2.213886e+01,2.211132e+01,2.204932e+01,2.204932e+01,2.201486e+01,2.192521e+01,2.211132e+01,2.202865e+01,2.201486e+01,2.211821e+01,2.208377e+01,2.208377e+01,2.206999e+01,2.215952e+01,2.207688e+01,2.216640e+01,2.209066e+01,2.213886e+01,2.210443e+01,2.211132e+01,2.210443e+01,2.211132e+01,2.211821e+01,2.209755e+01,2.213886e+01,2.204932e+01,2.209066e+01,2.218705e+01,2.209066e+01,2.211821e+01,2.218705e+01,2.205621e+01,2.217328e+01,2.223520e+01,2.220081e+01,2.220769e+01,2.205621e+01,2.220081e+01,2.231084e+01,2.219393e+01,2.217328e+01,2.215263e+01,2.226271e+01,2.209755e+01,2.224208e+01,2.214575e+01,2.225584e+01,2.223520e+01,2.224896e+01,2.224208e+01,2.223520e+01,2.231771e+01,2.229709e+01,2.242075e+01,2.227647e+01,2.222833e+01,2.228334e+01,2.233146e+01,2.237268e+01,2.230396e+01,2.232458e+01,2.227647e+01,2.226959e+01,2.227647e+01,2.236581e+01,2.226959e+01,2.229709e+01,2.229022e+01,2.232458e+01,2.232458e+01,2.228334e+01,2.231771e+01,2.233146e+01,2.236581e+01,2.236581e+01,2.237955e+01,2.235207e+01,2.224208e+01,2.224208e+01,2.223520e+01,2.220081e+01,2.219393e+01,2.220081e+01,2.219393e+01,2.209755e+01,2.202865e+01,2.176641e+01,2.121210e+01,2.106609e+01,2.114260e+01,2.099649e+01,2.050094e+01,2.037492e+01,2.037492e+01,2.039593e+01,2.038893e+01,2.036090e+01,2.035390e+01,2.042394e+01,2.036791e+01,2.033988e+01,2.036090e+01,2.029082e+01,2.036791e+01,2.032587e+01,2.041694e+01,2.042394e+01,2.042394e+01,2.043795e+01,2.050793e+01,2.068967e+01,2.064078e+01,2.057787e+01,2.075949e+01,2.135790e+01,2.155197e+01,2.151734e+01,2.163503e+01,2.171111e+01,2.168345e+01,2.170420e+01,2.175258e+01,2.174567e+01,2.191141e+01,2.175258e+01,2.189071e+01,2.188381e+01,2.189761e+01,2.196660e+01,2.189761e+01,2.188381e+01,2.189761e+01,2.185620e+01,2.189071e+01,2.193211e+01,2.170420e+01,2.151042e+01,2.169037e+01,2.152427e+01,2.179404e+01,2.186310e+01,2.182167e+01,2.180095e+01,2.189071e+01,2.200107e+01,2.197349e+01,2.197349e+01,2.191831e+01,2.200797e+01,2.196660e+01,2.198729e+01,2.189761e+01,2.197349e+01,2.186310e+01,2.169728e+01,2.163503e+01,2.159351e+01,2.155197e+01,2.170420e+01,2.162119e+01,2.144805e+01,2.151042e+01,2.157967e+01,2.157274e+01,2.155197e+01,2.144112e+01,2.142032e+01,2.146884e+01,2.175949e+01,2.187000e+01,2.184929e+01,2.189761e+01,2.180095e+01,2.150349e+01,2.136484e+01,2.133014e+01,2.131626e+01,2.150349e+01,2.195280e+01,2.196660e+01,2.188381e+01,2.187691e+01,2.187691e+01,2.181476e+01,2.134402e+01,2.103826e+01,2.105914e+01,2.137871e+01,2.167654e+01,2.168345e+01,2.166962e+01,2.151042e+01,2.153119e+01,2.152427e+01,2.142032e+01,2.158659e+01,2.156582e+01,2.149656e+01,2.150349e+01,2.152427e+01,2.123294e+01,2.089200e+01,2.085017e+01,2.089897e+01,2.086412e+01,2.105218e+01,2.109392e+01,2.105914e+01,2.112174e+01,2.116345e+01,2.119126e+01,2.160735e+01,2.152427e+01,2.137871e+01,2.150349e+01,2.143419e+01,2.155197e+01,2.155197e+01,2.144805e+01,2.133708e+01,2.138565e+01,2.139258e+01,2.135790e+01,2.120515e+01,2.140645e+01,2.164195e+01,2.175949e+01,2.198039e+01,2.203554e+01,2.204932e+01,2.207688e+01,2.205621e+01,2.191831e+01,2.184929e+01,2.180786e+01,2.180095e+01,2.126072e+01,2.124683e+01,2.129544e+01,2.119820e+01,2.117736e+01,2.118431e+01,2.118431e+01,2.121905e+01,2.141339e+01,2.184929e+01,2.200107e+01,2.206999e+01,2.205621e+01,2.212509e+01,2.202865e+01,2.206310e+01,2.206999e+01,2.191141e+01,2.146191e+01,2.122600e+01,2.121210e+01,2.129544e+01,2.123989e+01,2.117041e+01,2.125378e+01,2.108696e+01,2.126072e+01,2.125378e+01,2.116345e+01,2.108696e+01,2.119126e+01,2.121210e+01,2.123989e+01,2.120515e+01,2.122600e+01,2.115650e+01,2.117041e+01,2.109392e+01,2.098953e+01,2.108001e+01,2.092684e+01,2.103826e+01,2.096864e+01,2.096167e+01,2.095471e+01,2.094077e+01,2.085017e+01,2.084320e+01,2.081530e+01,2.079438e+01,2.084320e+01,2.079438e+01,2.077344e+01,2.078042e+01,2.078740e+01,2.080135e+01,2.078740e+01,2.074553e+01,2.078042e+01,2.086412e+01,2.064776e+01,2.085715e+01,2.079438e+01,2.069666e+01,2.068269e+01,2.071761e+01,2.083623e+01,2.073855e+01,2.064776e+01,2.074553e+01,2.074553e+01,2.072459e+01,2.082925e+01,2.077344e+01,2.083623e+01,2.089897e+01,2.091987e+01,2.093381e+01,2.082228e+01,2.082925e+01,2.096864e+01,2.089897e+01,2.089200e+01,2.090594e+01,2.110088e+01,2.080833e+01,2.087109e+01,2.098953e+01,2.096167e+01,2.096864e+01,2.095471e+01,2.095471e+01,2.101042e+01,2.100345e+01,2.096864e+01,2.097560e+01,2.104522e+01,2.094077e+01,2.091291e+01,2.092684e+01,2.083623e+01,2.093381e+01,2.082925e+01,2.082228e+01,2.081530e+01,2.085017e+01,2.084320e+01,2.087109e+01,2.088503e+01,2.094774e+01,2.088503e+01,2.092684e+01,2.090594e+01,2.089200e+01,2.094774e+01,2.089897e+01,2.090594e+01,2.095471e+01,2.088503e+01,2.097560e+01,2.096864e+01,2.092684e+01,2.087806e+01,2.089897e+01,2.094774e+01,2.093381e+01,2.088503e+01,2.101738e+01,2.090594e+01,2.094077e+01,2.091291e+01,2.091987e+01,2.098953e+01,2.094077e+01,2.093381e+01,2.095471e+01,2.095471e+01,2.099649e+01,2.094077e+01,2.085017e+01,2.089200e+01,2.087109e+01,2.090594e+01,2.094774e+01,2.070364e+01,2.093381e+01,2.090594e+01,2.092684e+01,2.090594e+01,2.092684e+01,2.087109e+01,2.086412e+01,2.081530e+01,2.084320e+01,2.091291e+01,2.080833e+01,2.080135e+01,2.082228e+01,2.078740e+01,2.084320e+01,2.075949e+01,2.075251e+01,2.078740e+01,2.085017e+01,2.068967e+01,2.081530e+01,2.072459e+01,2.066174e+01,2.070364e+01,2.089897e+01,2.139258e+01,2.161427e+01,2.171111e+01,2.177332e+01,2.190451e+01,2.179404e+01,2.174567e+01,2.178713e+01,2.171802e+01,2.183548e+01,2.173876e+01,2.193211e+01,2.190451e+01,2.194591e+01,2.184929e+01,2.192521e+01,2.215952e+01,2.219393e+01,2.218705e+01,2.222833e+01,2.227647e+01,2.226271e+01,2.237268e+01,2.238642e+01,2.238642e+01,2.231771e+01,2.240702e+01,2.248252e+01,2.250311e+01,2.248252e+01,2.251683e+01,2.235207e+01,2.250997e+01,2.253741e+01,2.237268e+01,2.249625e+01,2.248939e+01,2.242762e+01,2.256483e+01,2.255112e+01,2.253055e+01,2.256483e+01,2.259225e+01,2.261282e+01,2.248939e+01,2.255112e+01,2.247566e+01,2.244135e+01,2.242762e+01,2.240702e+01,2.240015e+01,2.240015e+01,2.237955e+01,2.240015e+01,2.240015e+01,2.237955e+01,2.233146e+01,2.215952e+01,2.226271e+01,2.229709e+01,2.233833e+01,2.234520e+01,2.224208e+01,2.224896e+01,2.237955e+01,2.240015e+01,2.233833e+01,2.233833e+01,2.232458e+01,2.231771e+01,2.242075e+01,2.229709e+01,2.237955e+01,2.237955e+01,2.239328e+01,2.224896e+01,2.217328e+01,2.224896e+01,2.230396e+01,2.214575e+01,2.228334e+01,2.225584e+01,2.231084e+01,2.220769e+01,2.226959e+01,2.226271e+01,2.228334e+01,2.226959e+01,2.227647e+01,2.224208e+01,2.221457e+01,2.218705e+01,2.221457e+01,2.224208e+01,2.229709e+01,2.229709e+01,2.233146e+01,2.220081e+01,2.237268e+01,2.218705e+01,2.226959e+01,2.226959e+01,2.224896e+01,2.231771e+01,2.227647e+01,2.228334e+01,2.227647e+01,2.201486e+01,2.224896e+01,2.224896e+01,2.226959e+01,2.231084e+01,2.231771e+01,2.233146e+01,2.223520e+01,2.224896e+01,2.234520e+01,2.237955e+01,2.250997e+01,2.244135e+01,2.256483e+01,2.257854e+01,2.251683e+01,2.251683e+01,2.255798e+01,2.255112e+01,2.250997e+01,2.240702e+01,2.253741e+01,2.246194e+01,2.232458e+01,2.238642e+01,2.240702e+01,2.236581e+01,2.248252e+01,2.248939e+01,2.252369e+01,2.254426e+01,2.246880e+01,2.253055e+01
2.182858e+01,2.189071e+01,2.176641e+01,2.189761e+01,2.181476e+01,2.174567e+01,2.178713e+01,2.181476e+01,2.180786e+01,2.183548e+01,2.182858e+01,2.181476e+01,2.181476e+01,2.185620e+01,2.181476e+01,2.175258e+01,2.182167e+01,2.180095e+01,2.178022e+01,2.187691e+01,2.197349e+01,2.189071e+01,2.208377e+01,2.186310e+01,2.206999e+01,2.206999e+01,2.195970e+01,2.204243e+01,2.197349e+01,2.201486e+01,2.200107e+01,2.208377e+01,2.218016e+01,2.209066e+01,2.209755e+01,2.213198e+01,2.220081e+01,2.215952e+01,2.213198e+01,2.207688e+01,2.204932e+01,2.221457e+01,2.204932e+01,2.211132e+01,2.224896e+01,2.209755e+01,2.199418e+01,2.214575e+01,2.213886e+01,2.209755e+01,2.210443e+01,2.213198e+01,2.207688e+01,2.209755e+01,2.210443e+01,2.219393e+01,2.216640e+01,2.212509e+01,2.214575e+01,2.209755e+01,2.211821e+01,2.220081e+01,2.219393e+01,2.209066e+01,2.217328e+01,2.208377e+01,2.217328e+01,2.217328e+01,2.211132e+01,2.224896e+01,2.209066e+01,2.208377e+01,2.213886e+01,2.214575e+01,2.218016e+01,2.220769e+01,2.218016e+01,2.206999e+01,2.218705e+01,2.217328e+01,2.215952e+01,2.206999e+01,2.209755e+01,2.208377e+01,2.209066e+01,2.219393e+01,2.211132e+01,2.196660e+01,2.211821e+01,2.204932e+01,2.209066e+01,2.204243e+01,2.211821e+01,2.206999e+01,2.209755e+01,2.204932e+01,2.210443e+01,2.195970e+01,2.198039e+01,2.209066e+01,2.204243e+01,2.216640e+01,2.206999e+01,2.205621e+01,2.206310e+01,2.212509e+01,2.210443e+01,2.217328e+01,2.214575e+01,2.213886e+01,2.214575e+01,2.208377e+01,2.207688e+01,2.209066e+01,2.209755e+01,2.209755e+01,2.219393e+01,2.201486e+01,2.216640e+01,2.209066e+01,2.216640e+01,2.222145e+01,2.217328e+01,2.218016e+01,2.207688e+01,2.219393e+01,2.207688e+01,2.222833e+01,2.215952e+01,2.216640e+01,2.217328e+01,2.219393e+01,2.219393e+01,2.233833e+01,2.222833e+01,2.224208e+01,2.226959e+01,2.223520e+01,2.224896e+01,2.224208e+01,2.225584e+01,2.211821e+01,2.228334e+01,2.225584e+01,2.226271e+01,2.219393e+01,2.231084e+01,2.230396e+01,2.234520e+01,2.228334e+01,2.235207e+01,2.227647e+01,2.228334e+01,2.231084e+01,2.230396e+01,2.229709e+01,2.228334e+01,2.234520e+01,2.230396e+01,2.228334e+01,2.231771e+01,2.224208e+01,2.236581e+01,2.230396e+01,2.235207e+01,2.223520e+01,2.234520e+01,2.240702e+01,2.226271e+01,2.219393e+01,2.233146e+01,2.229709e+01,2.226271e+01,2.218016e+01,2.218016e+01,2.216640e+01,2.218705e+01,2.220081e+01,2.205621e+01,2.173185e+01,2.122600e+01,2.091291e+01,2.103130e+01,2.141339e+01,2.086412e+01,2.044495e+01,2.035390e+01,2.041694e+01,2.040294e+01,2.032587e+01,2.036090e+01,2.031185e+01,2.029783e+01,2.031886e+01,2.038192e+01,2.042394e+01,2.039593e+01,2.045895e+01,2.030484e+01,2.030484e+01,2.043094e+01,2.035390e+01,2.045895e+01,2.043094e+01,2.056389e+01,2.045195e+01,2.053592e+01,2.057787e+01,2.091987e+01,2.134402e+01,2.155197e+01,2.153119e+01,2.156582e+01,2.160735e+01,2.175258e+01,2.179404e+01,2.193901e+01,2.193211e+01,2.191831e+01,2.194591e+01,2.193901e+01,2.193211e+01,2.193901e+01,2.191831e+01,2.188381e+01,2.191141e+01,2.186310e+01,2.189071e+01,2.180786e+01,2.162119e+01,2.153812e+01,2.153119e+01,2.169728e+01,2.183548e+01,2.187000e+01,2.186310e+01,2.182167e+01,2.194591e+01,2.208377e+01,2.193211e+01,2.200797e+01,2.197349e+01,2.195280e+01,2.198039e+01,2.191141e+01,2.202176e+01,2.178022e+01,2.175258e+01,2.164195e+01,2.159351e+01,2.156582e+01,2.162811e+01,2.157967e+01,2.154505e+01,2.149656e+01,2.151042e+01,2.160735e+01,2.166270e+01,2.138565e+01,2.147577e+01,2.144805e+01,2.144805e+01,2.147577e+01,2.181476e+01,2.178022e+01,2.180095e+01,2.180095e+01,2.184239e+01,2.141339e+01,2.146191e+01,2.148963e+01,2.157967e+01,2.177332e+01,2.189071e+01,2.198729e+01,2.184929e+01,2.198729e+01,2.189761e+01,2.187691e+01,2.133014e+01,2.101738e+01,2.103826e+01,2.103130e+01,2.137177e+01,2.159351e+01,2.160043e+01,2.159351e+01,2.150349e+01,2.144112e+01,2.137871e+01,2.144805e+01,2.147577e+01,2.141339e+01,2.127461e+01,2.119126e+01,2.085715e+01,2.085017e+01,2.085715e+01,2.088503e+01,2.105218e+01,2.096864e+01,2.112174e+01,2.110088e+01,2.116345e+01,2.109392e+01,2.125378e+01,2.157967e+01,2.146884e+01,2.150349e+01,2.160735e+01,2.157274e+01,2.154505e+01,2.137177e+01,2.136484e+01,2.135096e+01,2.136484e+01,2.143419e+01,2.139258e+01,2.143419e+01,2.174567e+01,2.189071e+01,2.195970e+01,2.204932e+01,2.204932e+01,2.191831e+01,2.205621e+01,2.189071e+01,2.179404e+01,2.151042e+01,2.135096e+01,2.123294e+01,2.119820e+01,2.123989e+01,2.119820e+01,2.113565e+01,2.117041e+01,2.121905e+01,2.134402e+01,2.182858e+01,2.183548e+01,2.200107e+01,2.202176e+01,2.211821e+01,2.206999e+01,2.213198e+01,2.210443e+01,2.204932e+01,2.152427e+01,2.125378e+01,2.112869e+01,2.115650e+01,2.123989e+01,2.123294e+01,2.122600e+01,2.112174e+01,2.122600e+01,2.124683e+01,2.122600e+01,2.112869e+01,2.125378e+01,2.109392e+01,2.112174e+01,2.121210e+01,2.121905e+01,2.110783e+01,2.112174e+01,2.112869e+01,2.112174e+01,2.103130e+01,2.106609e+01,2.105218e+01,2.100345e+01,2.105914e+01,2.095471e+01,2.094774e+01,2.098953e+01,2.087109e+01,2.096167e+01,2.089200e+01,2.082228e+01,2.081530e+01,2.078042e+01,2.074553e+01,2.076647e+01,2.076647e+01,2.074553e+01,2.077344e+01,2.074553e+01,2.075949e+01,2.071062e+01,2.074553e+01,2.078042e+01,2.073157e+01,2.066872e+01,2.074553e+01,2.078042e+01,2.072459e+01,2.073855e+01,2.075949e+01,2.067570e+01,2.066174e+01,2.084320e+01,2.086412e+01,2.074553e+01,2.083623e+01,2.083623e+01,2.084320e+01,2.091987e+01,2.087109e+01,2.084320e+01,2.075949e+01,2.084320e+01,2.090594e+01,2.092684e+01,2.090594e+01,2.085715e+01,2.092684e+01,2.088503e+01,2.094077e+01,2.105914e+01,2.080833e+01,2.091291e+01,2.104522e+01,2.097560e+01,2.096864e+01,2.098256e+01,2.098256e+01,2.094077e+01,2.082925e+01,2.105218e+01,2.079438e+01,2.083623e+01,2.085017e+01,2.084320e+01,2.079438e+01,2.090594e+01,2.085017e+01,2.089200e+01,2.086412e+01,2.085715e+01,2.091987e+01,2.087109e+01,2.090594e+01,2.089200e+01,2.086412e+01,2.085017e+01,2.087109e+01,2.085715e+01,2.091291e+01,2.095471e+01,2.090594e+01,2.097560e+01,2.084320e+01,2.094077e+01,2.093381e+01,2.096864e+01,2.082925e+01,2.087806e+01,2.090594e+01,2.088503e+01,2.088503e+01,2.089200e+01,2.088503e+01,2.095471e+01,2.096864e+01,2.083623e+01,2.088503e+01,2.094077e+01,2.092684e+01,2.082925e+01,2.086412e+01,2.091291e+01,2.092684e+01,2.091987e+01,2.087806e+01,2.091291e+01,2.090594e+01,2.090594e+01,2.089897e+01,2.087806e+01,2.087109e+01,2.084320e+01,2.082228e+01,2.083623e+01,2.082925e+01,2.080135e+01,2.073157e+01,2.081530e+01,2.085017e+01,2.086412e+01,2.083623e+01,2.080135e+01,2.077344e+01,2.085017e+01,2.078042e+01,2.068269e+01,2.073855e+01,2.074553e+01,2.066174e+01,2.075949e+01,2.112869e+01,2.149656e+01,2.180786e+01,2.190451e+01,2.187691e+01,2.190451e+01,2.192521e+01,2.169728e+01,2.178022e+01,2.179404e+01,2.171802e+01,2.189761e+01,2.192521e+01,2.198039e+01,2.200107e+01,2.198729e+01,2.214575e+01,2.209066e+01,2.222833e+01,2.222833e+01,2.235894e+01,2.225584e+01,2.226959e+01,2.236581e+01,2.237955e+01,2.239328e+01,2.242075e+01,2.242762e+01,2.252369e+01,2.254426e+01,2.237955e+01,2.236581e+01,2.240015e+01,2.253055e+01,2.248939e+01,2.241389e+01,2.248252e+01,2.244135e+01,2.253055e+01,2.253055e+01,2.243448e+01,2.257169e+01,2.257854e+01,2.250311e+01,2.261967e+01,2.251683e+01,2.248252e+01,2.242762e+01,2.240015e+01,2.242762e+01,2.241389e+01,2.240702e+01,2.238642e+01,2.241389e+01,2.236581e+01,2.232458e+01,2.227647e+01,2.233146e+01,2.231084e+01,2.238642e+01,2.237955e+01,2.226959e+01,2.242075e+01,2.233833e+01,2.235894e+01,2.235207e+01,2.233833e+01,2.238642e+01,2.231084e+01,2.234520e+01,2.236581e+01,2.230396e+01,2.233146e+01,2.235207e+01,2.235207e+01,2.227647e+01,2.226271e+01,2.225584e+01,2.227647e+01,2.229022e+01,2.227647e+01,2.221457e+01,2.215952e+01,2.225584e+01,2.231771e+01,2.234520e+01,2.219393e+01,2.229022e+01,2.220769e+01,2.224208e+01,2.233833e+01,2.233833e+01,2.229022e+01,2.233146e+01,2.231084e+01,2.219393e+01,2.220081e+01,2.236581e+01,2.222833e+01,2.220769e+01,2.225584e+01,2.224208e+01,2.226271e+01,2.229022e+01,2.220081e+01,2.225584e+01,2.226959e+01,2.230396e+01,2.217328e+01,2.231084e+01,2.215263e+01,2.213198e+01,2.231084e+01,2.224208e+01,2.230396e+01,2.237268e+01,2.239328e+01,2.247566e+01,2.242075e+01,2.257169e+01,2.262652e+01,2.261967e+01,2.252369e+01,2.253741e+01,2.251683e+01,2.237268e+01,2.248252e+01,2.238642e+01,2.247566e+01,2.250311e+01,2.238642e+01,2.239328e+01,2.237268e+01,2.244821e+01,2.254426e+01,2.243448e+01,2.255798e+01,2.231084e+01,2.251683e+01,2.253055e+01
2.192521e+01,2.177332e+01,2.182167e+01,2.184929e+01,2.184239e+01,2.182858e+01,2.189071e+01,2.189071e+01,2.184239e+01,2.184929e+01,2.180095e+01,2.181476e+01,2.187000e+01,2.179404e+01,2.186310e+01,2.187000e+01,2.193211e+01,2.187000e+01,2.185620e+01,2.180095e+01,2.203554e+01,2.189761e+01,2.179404e+01,2.196660e+01,2.204243e+01,2.209066e+01,2.192521e+01,2.205621e+01,2.195280e+01,2.205621e+01,2.206310e+01,2.212509e+01,2.208377e+01,2.208377e+01,2.213198e+01,2.218016e+01,2.213198e+01,2.213886e+01,2.207688e+01,2.211821e+01,2.203554e+01,2.206310e+01,2.209066e+01,2.211821e+01,2.210443e+01,2.220081e+01,2.214575e+01,2.215952e+01,2.198039e+01,2.205621e+01,2.213886e+01,2.204243e+01,2.214575e+01,2.204932e+01,2.204932e+01,2.222145e+01,2.211821e+01,2.204932e+01,2.213886e+01,2.213198e+01,2.209755e+01,2.207688e+01,2.208377e+01,2.207688e+01,2.196660e+01,2.202865e+01,2.214575e+01,2.213198e+01,2.224208e+01,2.213886e+01,2.207688e+01,2.214575e+01,2.226959e+01,2.204243e+01,2.212509e+01,2.214575e+01,2.218705e+01,2.218016e+01,2.216640e+01,2.203554e+01,2.212509e+01,2.204932e+01,2.213198e+01,2.206999e+01,2.214575e+01,2.209066e+01,2.211132e+01,2.209066e+01,2.204932e+01,2.207688e+01,2.205621e+01,2.211132e+01,2.204243e+01,2.202176e+01,2.195970e+01,2.202176e+01,2.204932e+01,2.199418e+01,2.207688e+01,2.198729e+01,2.198039e+01,2.215263e+01,2.210443e+01,2.210443e+01,2.206999e+01,2.206999e+01,2.213198e+01,2.207688e+01,2.208377e+01,2.211132e+01,2.209066e+01,2.208377e+01,2.215263e+01,2.211821e+01,2.206999e+01,2.208377e+01,2.218016e+01,2.204243e+01,2.208377e+01,2.209066e+01,2.209066e+01,2.215263e+01,2.219393e+01,2.221457e+01,2.211132e+01,2.217328e+01,2.212509e+01,2.211821e+01,2.212509e+01,2.214575e+01,2.213886e+01,2.220081e+01,2.211132e+01,2.213198e+01,2.225584e+01,2.218705e+01,2.226271e+01,2.207688e+01,2.224896e+01,2.225584e+01,2.224896e+01,2.214575e+01,2.218016e+01,2.227647e+01,2.227647e+01,2.226959e+01,2.231084e+01,2.222833e+01,2.229709e+01,2.226271e+01,2.239328e+01,2.226271e+01,2.224208e+01,2.229709e+01,2.229022e+01,2.228334e+01,2.230396e+01,2.230396e+01,2.228334e+01,2.228334e+01,2.231084e+01,2.229022e+01,2.231084e+01,2.236581e+01,2.233833e+01,2.241389e+01,2.234520e+01,2.235894e+01,2.229022e+01,2.222145e+01,2.221457e+01,2.220769e+01,2.220081e+01,2.219393e+01,2.224208e+01,2.220081e+01,2.219393e+01,2.204932e+01,2.206310e+01,2.173185e+01,2.117736e+01,2.098256e+01,2.138565e+01,2.156582e+01,2.080135e+01,2.044495e+01,2.042394e+01,2.037492e+01,2.034689e+01,2.033988e+01,2.028380e+01,2.024172e+01,2.033287e+01,2.039593e+01,2.033287e+01,2.034689e+01,2.032587e+01,2.026277e+01,2.038893e+01,2.029783e+01,2.040294e+01,2.040294e+01,2.058486e+01,2.048694e+01,2.044495e+01,2.055690e+01,2.048694e+01,2.056389e+01,2.063379e+01,2.077344e+01,2.125378e+01,2.148963e+01,2.171802e+01,2.163503e+01,2.176641e+01,2.177332e+01,2.180786e+01,2.191831e+01,2.179404e+01,2.197349e+01,2.191831e+01,2.205621e+01,2.193211e+01,2.191831e+01,2.194591e+01,2.196660e+01,2.182858e+01,2.183548e+01,2.177332e+01,2.164195e+01,2.150349e+01,2.154505e+01,2.154505e+01,2.187000e+01,2.190451e+01,2.195280e+01,2.195970e+01,2.191831e+01,2.193901e+01,2.182858e+01,2.195280e+01,2.196660e+01,2.195970e+01,2.199418e+01,2.188381e+01,2.179404e+01,2.189071e+01,2.179404e+01,2.156582e+01,2.168345e+01,2.157967e+01,2.151734e+01,2.145498e+01,2.159351e+01,2.156582e+01,2.140645e+01,2.149656e+01,2.159351e+01,2.151042e+01,2.156582e+01,2.141339e+01,2.139258e+01,2.142032e+01,2.144805e+01,2.144805e+01,2.178022e+01,2.178022e+01,2.175949e+01,2.150349e+01,2.145498e+01,2.147577e+01,2.184239e+01,2.185620e+01,2.187691e+01,2.189071e+01,2.187000e+01,2.185620e+01,2.202865e+01,2.180786e+01,2.153812e+01,2.102434e+01,2.103130e+01,2.098256e+01,2.112174e+01,2.129544e+01,2.130238e+01,2.143419e+01,2.130932e+01,2.144805e+01,2.136484e+01,2.129544e+01,2.128850e+01,2.134402e+01,2.120515e+01,2.102434e+01,2.089897e+01,2.073157e+01,2.088503e+01,2.087109e+01,2.093381e+01,2.107305e+01,2.107305e+01,2.114955e+01,2.114955e+01,2.107305e+01,2.111479e+01,2.130932e+01,2.140645e+01,2.142725e+01,2.144805e+01,2.133708e+01,2.132320e+01,2.134402e+01,2.133014e+01,2.128156e+01,2.142032e+01,2.139952e+01,2.142032e+01,2.165579e+01,2.187000e+01,2.189071e+01,2.195970e+01,2.205621e+01,2.200107e+01,2.195970e+01,2.192521e+01,2.190451e+01,2.175258e+01,2.130932e+01,2.126767e+01,2.123294e+01,2.117736e+01,2.124683e+01,2.119126e+01,2.122600e+01,2.107305e+01,2.124683e+01,2.173876e+01,2.197349e+01,2.189761e+01,2.204243e+01,2.209066e+01,2.202865e+01,2.205621e+01,2.205621e+01,2.206999e+01,2.187691e+01,2.151734e+01,2.124683e+01,2.124683e+01,2.110088e+01,2.112174e+01,2.117736e+01,2.117736e+01,2.126767e+01,2.116345e+01,2.118431e+01,2.119820e+01,2.118431e+01,2.106609e+01,2.121905e+01,2.109392e+01,2.105914e+01,2.112174e+01,2.107305e+01,2.108696e+01,2.105914e+01,2.116345e+01,2.098953e+01,2.103130e+01,2.097560e+01,2.108001e+01,2.094774e+01,2.095471e+01,2.091987e+01,2.085715e+01,2.081530e+01,2.094077e+01,2.077344e+01,2.080833e+01,2.082925e+01,2.072459e+01,2.066174e+01,2.071761e+01,2.075251e+01,2.068967e+01,2.069666e+01,2.064776e+01,2.072459e+01,2.071062e+01,2.065475e+01,2.068269e+01,2.070364e+01,2.066174e+01,2.071062e+01,2.054990e+01,2.070364e+01,2.052192e+01,2.068269e+01,2.071062e+01,2.067570e+01,2.075949e+01,2.085715e+01,2.082228e+01,2.075251e+01,2.079438e+01,2.071062e+01,2.078042e+01,2.079438e+01,2.076647e+01,2.081530e+01,2.083623e+01,2.082228e+01,2.087109e+01,2.085017e+01,2.085715e+01,2.084320e+01,2.094077e+01,2.098256e+01,2.093381e+01,2.094077e+01,2.101042e+01,2.095471e+01,2.098256e+01,2.094774e+01,2.098953e+01,2.097560e+01,2.098953e+01,2.099649e+01,2.086412e+01,2.084320e+01,2.082925e+01,2.083623e+01,2.084320e+01,2.086412e+01,2.079438e+01,2.085017e+01,2.088503e+01,2.075251e+01,2.085715e+01,2.084320e+01,2.091291e+01,2.089897e+01,2.086412e+01,2.082925e+01,2.085715e+01,2.082925e+01,2.090594e+01,2.089897e+01,2.080135e+01,2.085017e+01,2.087806e+01,2.094077e+01,2.075251e+01,2.074553e+01,2.076647e+01,2.096167e+01,2.088503e+01,2.094077e+01,2.087806e+01,2.089200e+01,2.096864e+01,2.093381e+01,2.091291e+01,2.082228e+01,2.092684e+01,2.091987e+01,2.089200e+01,2.085715e+01,2.080135e+01,2.089897e+01,2.090594e+01,2.095471e+01,2.087806e+01,2.089200e+01,2.089200e+01,2.084320e+01,2.087806e+01,2.087806e+01,2.083623e+01,2.090594e+01,2.087806e+01,2.075251e+01,2.074553e+01,2.071062e+01,2.071761e+01,2.076647e+01,2.077344e+01,2.066872e+01,2.078740e+01,2.070364e+01,2.078740e+01,2.068967e+01,2.073855e+01,2.077344e+01,2.068967e+01,2.065475e+01,2.063379e+01,2.063379e+01,2.085715e+01,2.087806e+01,2.158659e+01,2.169728e+01,2.172494e+01,2.175258e+01,2.175949e+01,2.184929e+01,2.184239e+01,2.181476e+01,2.183548e+01,2.191831e+01,2.193901e+01,2.184239e+01,2.191831e+01,2.201486e+01,2.198729e+01,2.210443e+01,2.220769e+01,2.202176e+01,2.204243e+01,2.222145e+01,2.225584e+01,2.215952e+01,2.232458e+01,2.243448e+01,2.235894e+01,2.229022e+01,2.249625e+01,2.253741e+01,2.249625e+01,2.250311e+01,2.248939e+01,2.237268e+01,2.246194e+01,2.255112e+01,2.244821e+01,2.240702e+01,2.243448e+01,2.248939e+01,2.248939e+01,2.256483e+01,2.246194e+01,2.261967e+01,2.248939e+01,2.260596e+01,2.247566e+01,2.250997e+01,2.235894e+01,2.244135e+01,2.246880e+01,2.242762e+01,2.241389e+01,2.244821e+01,2.233833e+01,2.233833e+01,2.240015e+01,2.240702e+01,2.232458e+01,2.233146e+01,2.242075e+01,2.224896e+01,2.240702e+01,2.226959e+01,2.235207e+01,2.231771e+01,2.224208e+01,2.235207e+01,2.238642e+01,2.227647e+01,2.229022e+01,2.235207e+01,2.227647e+01,2.231771e+01,2.236581e+01,2.233833e+01,2.229709e+01,2.229022e+01,2.211132e+01,2.231084e+01,2.230396e+01,2.226271e+01,2.226271e+01,2.237955e+01,2.220769e+01,2.224896e+01,2.234520e+01,2.231084e+01,2.231771e+01,2.222833e+01,2.222833e+01,2.231771e+01,2.233146e+01,2.226271e+01,2.220081e+01,2.222145e+01,2.220081e+01,2.224896e+01,2.231084e+01,2.218705e+01,2.217328e+01,2.233833e+01,2.209755e+01,2.220081e+01,2.223520e+01,2.218016e+01,2.224208e+01,2.229709e+01,2.226959e+01,2.229022e+01,2.208377e+01,2.231771e+01,2.214575e+01,2.219393e+01,2.220081e+01,2.223520e+01,2.224896e+01,2.220081e+01,2.242762e+01,2.237955e+01,2.251683e+01,2.254426e+01,2.256483e+01,2.255112e+01,2.254426e+01,2.253741e+01,2.253055e+01,2.245507e+01,2.251683e+01,2.246880e+01,2.250311e+01,2.248252e+01,2.235894e+01,2.229022e+01,2.237955e+01,2.237268e+01,2.247566e+01,2.239328e+01,2.251683e+01,2.234520e+01,2.235207e+01
2.189761e+01,2.185620e+01,2.184929e+01,2.183548e+01,2.169037e+01,2.180095e+01,2.186310e+01,2.181476e+01,2.191141e+01,2.185620e+01,2.191831e+01,2.181476e+01,2.187000e+01,2.189071e+01,2.187000e+01,2.186310e+01,2.200107e+01,2.195280e+01,2.185620e+01,2.198039e+01,2.189761e+01,2.200107e+01,2.195970e+01,2.206310e+01,2.206310e+01,2.195280e+01,2.202176e+01,2.193211e+01,2.205621e+01,2.207688e+01,2.203554e+01,2.206999e+01,2.211132e+01,2.218705e+01,2.207688e+01,2.210443e+01,2.216640e+01,2.214575e+01,2.211821e+01,2.207688e+01,2.217328e+01,2.202865e+01,2.213198e+01,2.227647e+01,2.209755e+01,2.211821e+01,2.202176e+01,2.216640e+01,2.210443e+01,2.211132e+01,2.214575e+01,2.213886e+01,2.209755e+01,2.213198e+01,2.221457e+01,2.209066e+01,2.217328e+01,2.202865e+01,2.225584e+01,2.208377e+01,2.215263e+01,2.207688e+01,2.224896e+01,2.201486e+01,2.226959e+01,2.214575e+01,2.213886e+01,2.214575e+01,2.206999e+01,2.209066e+01,2.209755e+01,2.222145e+01,2.213886e+01,2.211132e+01,2.213198e+01,2.217328e+01,2.219393e+01,2.216640e+01,2.213198e+01,2.202176e+01,2.229709e+01,2.205621e+01,2.209755e+01,2.206999e+01,2.208377e+01,2.212509e+01,2.204932e+01,2.219393e+01,2.208377e+01,2.206310e+01,2.202865e+01,2.209066e+01,2.208377e+01,2.212509e+01,2.205621e+01,2.206999e+01,2.198729e+01,2.199418e+01,2.209066e+01,2.211132e+01,2.208377e+01,2.212509e+01,2.203554e+01,2.202865e+01,2.202865e+01,2.201486e+01,2.201486e+01,2.208377e+01,2.207688e+01,2.212509e+01,2.209755e+01,2.207688e+01,2.211132e+01,2.212509e+01,2.216640e+01,2.221457e+01,2.205621e+01,2.208377e+01,2.215952e+01,2.207688e+01,2.214575e+01,2.211821e+01,2.218705e+01,2.218016e+01,2.209755e+01,2.215263e+01,2.225584e+01,2.218705e+01,2.213198e+01,2.214575e+01,2.215952e+01,2.215263e+01,2.216640e+01,2.221457e+01,2.222833e+01,2.224896e+01,2.214575e+01,2.213886e+01,2.231084e+01,2.224896e+01,2.223520e+01,2.222833e+01,2.224208e+01,2.226959e+01,2.222145e+01,2.224896e+01,2.214575e+01,2.233146e+01,2.226959e+01,2.231771e+01,2.233833e+01,2.229022e+01,2.229709e+01,2.231084e+01,2.230396e+01,2.231084e+01,2.236581e+01,2.229709e+01,2.227647e+01,2.234520e+01,2.236581e+01,2.233146e+01,2.229709e+01,2.240015e+01,2.236581e+01,2.234520e+01,2.229709e+01,2.240702e+01,2.242762e+01,2.220769e+01,2.222833e+01,2.219393e+01,2.226959e+01,2.219393e+01,2.226959e+01,2.218705e+01,2.206310e+01,2.208377e+01,2.184239e+01,2.146884e+01,2.108001e+01,2.095471e+01,2.163503e+01,2.160043e+01,2.083623e+01,2.045895e+01,2.040294e+01,2.038192e+01,2.040994e+01,2.034689e+01,2.033287e+01,2.028380e+01,2.031886e+01,2.029082e+01,2.038893e+01,2.038192e+01,2.026978e+01,2.030484e+01,2.033287e+01,2.047994e+01,2.040994e+01,2.044495e+01,2.042394e+01,2.057088e+01,2.050793e+01,2.059185e+01,2.055690e+01,2.082925e+01,2.116345e+01,2.138565e+01,2.144805e+01,2.151734e+01,2.167654e+01,2.162811e+01,2.176641e+01,2.182858e+01,2.180095e+01,2.192521e+01,2.182167e+01,2.191831e+01,2.182858e+01,2.190451e+01,2.195280e+01,2.180786e+01,2.182858e+01,2.201486e+01,2.178713e+01,2.185620e+01,2.171802e+01,2.171111e+01,2.159351e+01,2.147577e+01,2.140645e+01,2.171802e+01,2.190451e+01,2.184929e+01,2.189761e+01,2.194591e+01,2.184239e+01,2.193901e+01,2.192521e+01,2.196660e+01,2.198729e+01,2.189761e+01,2.182858e+01,2.194591e+01,2.170420e+01,2.157967e+01,2.156582e+01,2.158659e+01,2.149656e+01,2.159351e+01,2.151042e+01,2.151734e+01,2.155890e+01,2.176641e+01,2.168345e+01,2.170420e+01,2.178713e+01,2.146884e+01,2.141339e+01,2.142725e+01,2.141339e+01,2.138565e+01,2.138565e+01,2.144112e+01,2.172494e+01,2.157967e+01,2.137177e+01,2.146191e+01,2.146191e+01,2.181476e+01,2.187000e+01,2.187000e+01,2.186310e+01,2.187691e+01,2.187000e+01,2.187000e+01,2.187000e+01,2.166962e+01,2.130932e+01,2.102434e+01,2.108001e+01,2.111479e+01,2.112869e+01,2.139952e+01,2.138565e+01,2.139952e+01,2.123989e+01,2.126072e+01,2.129544e+01,2.125378e+01,2.139258e+01,2.117736e+01,2.108001e+01,2.090594e+01,2.074553e+01,2.088503e+01,2.087806e+01,2.085715e+01,2.105914e+01,2.099649e+01,2.098953e+01,2.108696e+01,2.104522e+01,2.103826e+01,2.116345e+01,2.114260e+01,2.114955e+01,2.123294e+01,2.121210e+01,2.120515e+01,2.135790e+01,2.114955e+01,2.143419e+01,2.138565e+01,2.151734e+01,2.173185e+01,2.184239e+01,2.193211e+01,2.187000e+01,2.193901e+01,2.199418e+01,2.195280e+01,2.199418e+01,2.201486e+01,2.189761e+01,2.148270e+01,2.130932e+01,2.121210e+01,2.113565e+01,2.119126e+01,2.115650e+01,2.123989e+01,2.115650e+01,2.122600e+01,2.174567e+01,2.192521e+01,2.200107e+01,2.200107e+01,2.202176e+01,2.206999e+01,2.211132e+01,2.203554e+01,2.205621e+01,2.232458e+01,2.200107e+01,2.148270e+01,2.127461e+01,2.107305e+01,2.105914e+01,2.105218e+01,2.123294e+01,2.118431e+01,2.120515e+01,2.114955e+01,2.116345e+01,2.114955e+01,2.105914e+01,2.109392e+01,2.109392e+01,2.109392e+01,2.108001e+01,2.110783e+01,2.104522e+01,2.101042e+01,2.089897e+01,2.106609e+01,2.091987e+01,2.098256e+01,2.094774e+01,2.093381e+01,2.091291e+01,2.088503e+01,2.089897e+01,2.098953e+01,2.089200e+01,2.087109e+01,2.076647e+01,2.081530e+01,2.083623e+01,2.081530e+01,2.074553e+01,2.075251e+01,2.071062e+01,2.072459e+01,2.068967e+01,2.068967e+01,2.061282e+01,2.070364e+01,2.063379e+01,2.078042e+01,2.065475e+01,2.071761e+01,2.062680e+01,2.085715e+01,2.065475e+01,2.078740e+01,2.066872e+01,2.064078e+01,2.066872e+01,2.070364e+01,2.087109e+01,2.071062e+01,2.071062e+01,2.077344e+01,2.075251e+01,2.066872e+01,2.073855e+01,2.069666e+01,2.077344e+01,2.085715e+01,2.082925e+01,2.083623e+01,2.088503e+01,2.076647e+01,2.079438e+01,2.075949e+01,2.091987e+01,2.095471e+01,2.091987e+01,2.092684e+01,2.098953e+01,2.096167e+01,2.096864e+01,2.105914e+01,2.104522e+01,2.094774e+01,2.088503e+01,2.091291e+01,2.089200e+01,2.081530e+01,2.078042e+01,2.084320e+01,2.082228e+01,2.088503e+01,2.092684e+01,2.088503e+01,2.089200e+01,2.082228e+01,2.086412e+01,2.089200e+01,2.089200e+01,2.082228e+01,2.081530e+01,2.089200e+01,2.079438e+01,2.089200e+01,2.083623e+01,2.085017e+01,2.092684e+01,2.096167e+01,2.079438e+01,2.089897e+01,2.075949e+01,2.085715e+01,2.087109e+01,2.089200e+01,2.085715e+01,2.082228e+01,2.093381e+01,2.089200e+01,2.089200e+01,2.091987e+01,2.084320e+01,2.091291e+01,2.082228e+01,2.080135e+01,2.086412e+01,2.090594e+01,2.086412e+01,2.089897e+01,2.090594e+01,2.089200e+01,2.082925e+01,2.087806e+01,2.087109e+01,2.089897e+01,2.087806e+01,2.081530e+01,2.089200e+01,2.077344e+01,2.085017e+01,2.080135e+01,2.078042e+01,2.078042e+01,2.077344e+01,2.070364e+01,2.078042e+01,2.071761e+01,2.080135e+01,2.082228e+01,2.075949e+01,2.079438e+01,2.063379e+01,2.072459e+01,2.073157e+01,2.062680e+01,2.069666e+01,2.082228e+01,2.091987e+01,2.146191e+01,2.167654e+01,2.168345e+01,2.178022e+01,2.169037e+01,2.178022e+01,2.168345e+01,2.177332e+01,2.181476e+01,2.179404e+01,2.184239e+01,2.192521e+01,2.187000e+01,2.214575e+01,2.201486e+01,2.200797e+01,2.211821e+01,2.206310e+01,2.213198e+01,2.222145e+01,2.222833e+01,2.231084e+01,2.244821e+01,2.244135e+01,2.235207e+01,2.242762e+01,2.250311e+01,2.246880e+01,2.236581e+01,2.229022e+01,2.236581e+01,2.236581e+01,2.245507e+01,2.242075e+01,2.245507e+01,2.247566e+01,2.248939e+01,2.247566e+01,2.254426e+01,2.258540e+01,2.248939e+01,2.250311e+01,2.250311e+01,2.258540e+01,2.248252e+01,2.235207e+01,2.248939e+01,2.250311e+01,2.237268e+01,2.238642e+01,2.240702e+01,2.235207e+01,2.237955e+01,2.233146e+01,2.233146e+01,2.236581e+01,2.235894e+01,2.235894e+01,2.223520e+01,2.238642e+01,2.232458e+01,2.237955e+01,2.237268e+01,2.229022e+01,2.234520e+01,2.225584e+01,2.235207e+01,2.230396e+01,2.229709e+01,2.236581e+01,2.223520e+01,2.236581e+01,2.233146e+01,2.229022e+01,2.231084e+01,2.228334e+01,2.227647e+01,2.233146e+01,2.229022e+01,2.231771e+01,2.226271e+01,2.223520e+01,2.233146e+01,2.221457e+01,2.221457e+01,2.222145e+01,2.224208e+01,2.225584e+01,2.226271e+01,2.220769e+01,2.221457e+01,2.224208e+01,2.223520e+01,2.235894e+01,2.231084e+01,2.226271e+01,2.222145e+01,2.219393e+01,2.206999e+01,2.226271e+01,2.217328e+01,2.223520e+01,2.231084e+01,2.223520e+01,2.223520e+01,2.226959e+01,2.229022e+01,2.226271e+01,2.229709e+01,2.229022e+01,2.232458e+01,2.231771e+01,2.227647e+01,2.213198e+01,2.233833e+01,2.234520e+01,2.236581e+01,2.241389e+01,2.240702e+01,2.254426e+01,2.254426e+01,2.253055e+01,2.249625e+01,2.256483e+01,2.253055e+01,2.246194e+01,2.240702e+01,2.253055e+01,2.249625e+01,2.234520e+01,2.232458e+01,2.240702e+01,2.244135e+01,2.241389e+01,2.242762e+01,2.251683e+01,2.250997e+01,2.243448e+01,2.234520e+01
2.184239e+01,2.190451e+01,2.189071e+01,2.179404e+01,2.175258e+01,2.193901e+01,2.184929e+01,2.192521e+01,2.192521e+01,2.187000e+01,2.186310e+01,2.183548e+01,2.184239e+01,2.199418e+01,2.197349e+01,2.188381e+01,2.187691e+01,2.200107e+01,2.198039e+01,2.202176e+01,2.191141e+01,2.197349e+01,2.196660e+01,2.193211e+01,2.195970e+01,2.204243e+01,2.205621e+01,2.204243e+01,2.195970e+01,2.204243e+01,2.203554e+01,2.202176e+01,2.215952e+01,2.202176e+01,2.218705e+01,2.211132e+01,2.204932e+01,2.211821e+01,2.223520e+01,2.206999e+01,2.220081e+01,2.210443e+01,2.211821e+01,2.199418e+01,2.213198e+01,2.214575e+01,2.200797e+01,2.211132e+01,2.213198e+01,2.216640e+01,2.204932e+01,2.204932e+01,2.202865e+01,2.201486e+01,2.214575e+01,2.222145e+01,2.222833e+01,2.211132e+01,2.214575e+01,2.224208e+01,2.204932e+01,2.204932e+01,2.217328e+01,2.216640e+01,2.213198e+01,2.215263e+01,2.213198e+01,2.211132e+01,2.211821e+01,2.213198e+01,2.218705e+01,2.207688e+01,2.216640e+01,2.215952e+01,2.210443e+01,2.213886e+01,2.207688e+01,2.219393e+01,2.217328e+01,2.194591e+01,2.211821e+01,2.208377e+01,2.208377e+01,2.209066e+01,2.215263e+01,2.208377e+01,2.204243e+01,2.210443e+01,2.209755e+01,2.214575e+01,2.210443e+01,2.208377e+01,2.221457e+01,2.189071e+01,2.206310e+01,2.201486e+01,2.180786e+01,2.202865e+01,2.206999e+01,2.200797e+01,2.197349e+01,2.210443e+01,2.205621e+01,2.207688e+01,2.199418e+01,2.206310e+01,2.205621e+01,2.215952e+01,2.211132e+01,2.205621e+01,2.206999e+01,2.198039e+01,2.215952e+01,2.204932e+01,2.215263e+01,2.210443e+01,2.212509e+01,2.220769e+01,2.222833e+01,2.213886e+01,2.218016e+01,2.220081e+01,2.216640e+01,2.235207e+01,2.218705e+01,2.209066e+01,2.220081e+01,2.207688e+01,2.214575e+01,2.227647e+01,2.212509e+01,2.215263e+01,2.219393e+01,2.220769e+01,2.215263e+01,2.215263e+01,2.207688e+01,2.224208e+01,2.222145e+01,2.221457e+01,2.223520e+01,2.222833e+01,2.222145e+01,2.231771e+01,2.228334e+01,2.227647e+01,2.227647e+01,2.231771e+01,2.225584e+01,2.226959e+01,2.224896e+01,2.215952e+01,2.229709e+01,2.226271e+01,2.228334e+01,2.224896e+01,2.234520e+01,2.231771e+01,2.235894e+01,2.213198e+01,2.232458e+01,2.224208e+01,2.229709e+01,2.230396e+01,2.224896e+01,2.235207e+01,2.237268e+01,2.235894e+01,2.225584e+01,2.223520e+01,2.217328e+01,2.217328e+01,2.214575e+01,2.223520e+01,2.220769e+01,2.213886e+01,2.203554e+01,2.214575e+01,2.200797e+01,2.146884e+01,2.096864e+01,2.116345e+01,2.172494e+01,2.171111e+01,2.099649e+01,2.037492e+01,2.035390e+01,2.040294e+01,2.041694e+01,2.040994e+01,2.034689e+01,2.029783e+01,2.027679e+01,2.044495e+01,2.033988e+01,2.026277e+01,2.032587e+01,2.031185e+01,2.032587e+01,2.040294e+01,2.040294e+01,2.047994e+01,2.053592e+01,2.058486e+01,2.058486e+01,2.091291e+01,2.133708e+01,2.140645e+01,2.155197e+01,2.154505e+01,2.164195e+01,2.165579e+01,2.172494e+01,2.176641e+01,2.178022e+01,2.176641e+01,2.188381e+01,2.184239e+01,2.182858e+01,2.190451e+01,2.195970e+01,2.193901e+01,2.188381e+01,2.180786e+01,2.184239e+01,2.184929e+01,2.175949e+01,2.172494e+01,2.166270e+01,2.155890e+01,2.148963e+01,2.147577e+01,2.148270e+01,2.175949e+01,2.187000e+01,2.189071e+01,2.194591e+01,2.192521e+01,2.191831e+01,2.193211e+01,2.204932e+01,2.195280e+01,2.192521e+01,2.195970e+01,2.184929e+01,2.182167e+01,2.160735e+01,2.155197e+01,2.155890e+01,2.153119e+01,2.151042e+01,2.158659e+01,2.171802e+01,2.164887e+01,2.182858e+01,2.184239e+01,2.175949e+01,2.182858e+01,2.180786e+01,2.178713e+01,2.166962e+01,2.158659e+01,2.142032e+01,2.139258e+01,2.137871e+01,2.137177e+01,2.146191e+01,2.146191e+01,2.146884e+01,2.142032e+01,2.152427e+01,2.177332e+01,2.188381e+01,2.184929e+01,2.185620e+01,2.187000e+01,2.189761e+01,2.200797e+01,2.183548e+01,2.183548e+01,2.175949e+01,2.121210e+01,2.105218e+01,2.114260e+01,2.112174e+01,2.117041e+01,2.131626e+01,2.133708e+01,2.137177e+01,2.124683e+01,2.125378e+01,2.123294e+01,2.123989e+01,2.119820e+01,2.095471e+01,2.094077e+01,2.089200e+01,2.089897e+01,2.085017e+01,2.081530e+01,2.094077e+01,2.086412e+01,2.101042e+01,2.103130e+01,2.111479e+01,2.105218e+01,2.109392e+01,2.104522e+01,2.116345e+01,2.110088e+01,2.121905e+01,2.121210e+01,2.132320e+01,2.116345e+01,2.117736e+01,2.140645e+01,2.162119e+01,2.184929e+01,2.191141e+01,2.185620e+01,2.196660e+01,2.190451e+01,2.194591e+01,2.191831e+01,2.192521e+01,2.192521e+01,2.180095e+01,2.121905e+01,2.117736e+01,2.115650e+01,2.113565e+01,2.124683e+01,2.121905e+01,2.113565e+01,2.123989e+01,2.151734e+01,2.187000e+01,2.193901e+01,2.204243e+01,2.198729e+01,2.202865e+01,2.208377e+01,2.204932e+01,2.205621e+01,2.206999e+01,2.209066e+01,2.206310e+01,2.176641e+01,2.152427e+01,2.115650e+01,2.111479e+01,2.104522e+01,2.112174e+01,2.108696e+01,2.112174e+01,2.112869e+01,2.104522e+01,2.103826e+01,2.090594e+01,2.104522e+01,2.105914e+01,2.088503e+01,2.099649e+01,2.103130e+01,2.092684e+01,2.093381e+01,2.095471e+01,2.087806e+01,2.089897e+01,2.096167e+01,2.092684e+01,2.094077e+01,2.098256e+01,2.086412e+01,2.082925e+01,2.081530e+01,2.085715e+01,2.082925e+01,2.083623e+01,2.082228e+01,2.082228e+01,2.074553e+01,2.071062e+01,2.075949e+01,2.068967e+01,2.065475e+01,2.068269e+01,2.071062e+01,2.071761e+01,2.073855e+01,2.057088e+01,2.065475e+01,2.059185e+01,2.059185e+01,2.063379e+01,2.069666e+01,2.064776e+01,2.059185e+01,2.062680e+01,2.069666e+01,2.061981e+01,2.068269e+01,2.068967e+01,2.082925e+01,2.073855e+01,2.075949e+01,2.078042e+01,2.069666e+01,2.075251e+01,2.071062e+01,2.065475e+01,2.081530e+01,2.084320e+01,2.078042e+01,2.082228e+01,2.083623e+01,2.090594e+01,2.089200e+01,2.090594e+01,2.086412e+01,2.078042e+01,2.091987e+01,2.093381e+01,2.098953e+01,2.103826e+01,2.118431e+01,2.103130e+01,2.098256e+01,2.092684e+01,2.089897e+01,2.089200e+01,2.078740e+01,2.075949e+01,2.082228e+01,2.082228e+01,2.069666e+01,2.082228e+01,2.082228e+01,2.084320e+01,2.075251e+01,2.079438e+01,2.079438e+01,2.089200e+01,2.082228e+01,2.080833e+01,2.086412e+01,2.080135e+01,2.087806e+01,2.089200e+01,2.089200e+01,2.076647e+01,2.080833e+01,2.078042e+01,2.083623e+01,2.086412e+01,2.087806e+01,2.087806e+01,2.081530e+01,2.088503e+01,2.082925e+01,2.087806e+01,2.081530e+01,2.092684e+01,2.087109e+01,2.078740e+01,2.091987e+01,2.089200e+01,2.090594e+01,2.088503e+01,2.087109e+01,2.086412e+01,2.085017e+01,2.087806e+01,2.089200e+01,2.087806e+01,2.087109e+01,2.087806e+01,2.082925e+01,2.082228e+01,2.083623e+01,2.076647e+01,2.072459e+01,2.079438e+01,2.075949e+01,2.085017e+01,2.070364e+01,2.075949e+01,2.077344e+01,2.077344e+01,2.070364e+01,2.072459e+01,2.080833e+01,2.071062e+01,2.075251e+01,2.073855e+01,2.076647e+01,2.068269e+01,2.068269e+01,2.071062e+01,2.077344e+01,2.089897e+01,2.147577e+01,2.173876e+01,2.167654e+01,2.171111e+01,2.168345e+01,2.170420e+01,2.180095e+01,2.178713e+01,2.184239e+01,2.183548e+01,2.185620e+01,2.180786e+01,2.195280e+01,2.201486e+01,2.200797e+01,2.203554e+01,2.206999e+01,2.216640e+01,2.215952e+01,2.215263e+01,2.226959e+01,2.232458e+01,2.214575e+01,2.228334e+01,2.231084e+01,2.244135e+01,2.239328e+01,2.246194e+01,2.231084e+01,2.250997e+01,2.246194e+01,2.235894e+01,2.246880e+01,2.242762e+01,2.242762e+01,2.242075e+01,2.239328e+01,2.250311e+01,2.248939e+01,2.249625e+01,2.246194e+01,2.256483e+01,2.253055e+01,2.245507e+01,2.246194e+01,2.240702e+01,2.244821e+01,2.246880e+01,2.226959e+01,2.242762e+01,2.229709e+01,2.235894e+01,2.235894e+01,2.233146e+01,2.244135e+01,2.235894e+01,2.234520e+01,2.231084e+01,2.224208e+01,2.237955e+01,2.234520e+01,2.237268e+01,2.237955e+01,2.231771e+01,2.233146e+01,2.218016e+01,2.233146e+01,2.225584e+01,2.235894e+01,2.233833e+01,2.218016e+01,2.236581e+01,2.230396e+01,2.229709e+01,2.229709e+01,2.230396e+01,2.229709e+01,2.225584e+01,2.231084e+01,2.231084e+01,2.218705e+01,2.229022e+01,2.220081e+01,2.231771e+01,2.229022e+01,2.228334e+01,2.229022e+01,2.236581e+01,2.235894e+01,2.218705e+01,2.224208e+01,2.231771e+01,2.226271e+01,2.220769e+01,2.221457e+01,2.222145e+01,2.220769e+01,2.220081e+01,2.220081e+01,2.220081e+01,2.225584e+01,2.219393e+01,2.220081e+01,2.237268e+01,2.211132e+01,2.231084e+01,2.229022e+01,2.232458e+01,2.226959e+01,2.210443e+01,2.218705e+01,2.229709e+01,2.232458e+01,2.224896e+01,2.233146e+01,2.232458e+01,2.233833e+01,2.242075e+01,2.254426e+01,2.254426e+01,2.250997e+01,2.252369e+01,2.247566e+01,2.254426e+01,2.258540e+01,2.255798e+01,2.253741e+01,2.248939e+01,2.244135e+01,2.237268e+01,2.244135e+01,2.237268e+01,2.238642e+01,2.250311e+01,2.244135e+01,2.235207e+01,2.237268e+01,2.240702e+01,2.240702e+01
2.184929e+01,2.184239e+01,2.191831e+01,2.189071e+01,2.187000e+01,2.189071e+01,2.189761e+01,2.189071e+01,2.189071e+01,2.191831e+01,2.191141e+01,2.183548e+01,2.189761e+01,2.187691e+01,2.193901e+01,2.191831e+01,2.185620e+01,2.200107e+01,2.195970e+01,2.199418e+01,2.198039e+01,2.197349e+01,2.204243e+01,2.204932e+01,2.194591e+01,2.198729e+01,2.195970e+01,2.195280e+01,2.199418e+01,2.204243e+01,2.204932e+01,2.203554e+01,2.211132e+01,2.217328e+01,2.217328e+01,2.204932e+01,2.204243e+01,2.222833e+01,2.206999e+01,2.214575e+01,2.204932e+01,2.209066e+01,2.216640e+01,2.208377e+01,2.198039e+01,2.206999e+01,2.209755e+01,2.206310e+01,2.214575e+01,2.213198e+01,2.211821e+01,2.212509e+01,2.213198e+01,2.210443e+01,2.216640e+01,2.220081e+01,2.211821e+01,2.207688e+01,2.206999e+01,2.213198e+01,2.210443e+01,2.209066e+01,2.208377e+01,2.208377e+01,2.206999e+01,2.211132e+01,2.210443e+01,2.204932e+01,2.214575e+01,2.215952e+01,2.214575e+01,2.215952e+01,2.206999e+01,2.218705e+01,2.216640e+01,2.200797e+01,2.196660e+01,2.206310e+01,2.197349e+01,2.211132e+01,2.209755e+01,2.205621e+01,2.204243e+01,2.208377e+01,2.204932e+01,2.216640e+01,2.208377e+01,2.210443e+01,2.199418e+01,2.218705e+01,2.209066e+01,2.207688e+01,2.206999e+01,2.204932e+01,2.208377e+01,2.204243e+01,2.200107e+01,2.206310e+01,2.200107e+01,2.209755e+01,2.201486e+01,2.204243e+01,2.213886e+01,2.206310e+01,2.202865e+01,2.216640e+01,2.203554e+01,2.195970e+01,2.209066e+01,2.205621e+01,2.211821e+01,2.201486e+01,2.200107e+01,2.214575e+01,2.218016e+01,2.215952e+01,2.209755e+01,2.222145e+01,2.208377e+01,2.220081e+01,2.209066e+01,2.212509e+01,2.217328e+01,2.218705e+01,2.213886e+01,2.215263e+01,2.211132e+01,2.213886e+01,2.226271e+01,2.219393e+01,2.215263e+01,2.210443e+01,2.218016e+01,2.214575e+01,2.222145e+01,2.219393e+01,2.213198e+01,2.215263e+01,2.224896e+01,2.215952e+01,2.229022e+01,2.225584e+01,2.230396e+01,2.225584e+01,2.229709e+01,2.231084e+01,2.223520e+01,2.222833e+01,2.229709e+01,2.227647e+01,2.229022e+01,2.228334e+01,2.224896e+01,2.226271e+01,2.231084e+01,2.224896e+01,2.240702e+01,2.235207e+01,2.231084e+01,2.228334e+01,2.228334e+01,2.231771e+01,2.229022e+01,2.224896e+01,2.237268e+01,2.224208e+01,2.213198e+01,2.218705e+01,2.229709e+01,2.227647e+01,2.217328e+01,2.214575e+01,2.222145e+01,2.220081e+01,2.218705e+01,2.217328e+01,2.215952e+01,2.193901e+01,2.169728e+01,2.098256e+01,2.096864e+01,2.153119e+01,2.174567e+01,2.176641e+01,2.119126e+01,2.049394e+01,2.039593e+01,2.038893e+01,2.037492e+01,2.033988e+01,2.038893e+01,2.031185e+01,2.048694e+01,2.033287e+01,2.031886e+01,2.037492e+01,2.044495e+01,2.033287e+01,2.039593e+01,2.039593e+01,2.043795e+01,2.043795e+01,2.040994e+01,2.060583e+01,2.094077e+01,2.133708e+01,2.133708e+01,2.154505e+01,2.157274e+01,2.158659e+01,2.169728e+01,2.170420e+01,2.173876e+01,2.177332e+01,2.178713e+01,2.182858e+01,2.180095e+01,2.189071e+01,2.188381e+01,2.189071e+01,2.192521e+01,2.182858e+01,2.188381e+01,2.191141e+01,2.180095e+01,2.183548e+01,2.182858e+01,2.166270e+01,2.164195e+01,2.158659e+01,2.146884e+01,2.143419e+01,2.148963e+01,2.159351e+01,2.187691e+01,2.188381e+01,2.190451e+01,2.194591e+01,2.190451e+01,2.190451e+01,2.195970e+01,2.193211e+01,2.189071e+01,2.190451e+01,2.191141e+01,2.161427e+01,2.151042e+01,2.149656e+01,2.147577e+01,2.153812e+01,2.153119e+01,2.175949e+01,2.174567e+01,2.164195e+01,2.178713e+01,2.182167e+01,2.177332e+01,2.184239e+01,2.185620e+01,2.182858e+01,2.183548e+01,2.172494e+01,2.143419e+01,2.139952e+01,2.139952e+01,2.129544e+01,2.137871e+01,2.122600e+01,2.137177e+01,2.144112e+01,2.164887e+01,2.172494e+01,2.183548e+01,2.184239e+01,2.187000e+01,2.188381e+01,2.191141e+01,2.173185e+01,2.178022e+01,2.177332e+01,2.172494e+01,2.137177e+01,2.121905e+01,2.111479e+01,2.117736e+01,2.114260e+01,2.116345e+01,2.123989e+01,2.117736e+01,2.126767e+01,2.124683e+01,2.123294e+01,2.119126e+01,2.123294e+01,2.118431e+01,2.093381e+01,2.100345e+01,2.110088e+01,2.093381e+01,2.092684e+01,2.091987e+01,2.089200e+01,2.084320e+01,2.098953e+01,2.086412e+01,2.111479e+01,2.107305e+01,2.108696e+01,2.114260e+01,2.105914e+01,2.112869e+01,2.109392e+01,2.125378e+01,2.119820e+01,2.127461e+01,2.165579e+01,2.164195e+01,2.195280e+01,2.192521e+01,2.185620e+01,2.193901e+01,2.187691e+01,2.189071e+01,2.187691e+01,2.179404e+01,2.182858e+01,2.146884e+01,2.122600e+01,2.117736e+01,2.112174e+01,2.117041e+01,2.120515e+01,2.121210e+01,2.121905e+01,2.152427e+01,2.187000e+01,2.208377e+01,2.200107e+01,2.203554e+01,2.206999e+01,2.206310e+01,2.204932e+01,2.206999e+01,2.208377e+01,2.210443e+01,2.210443e+01,2.211132e+01,2.191831e+01,2.184929e+01,2.142725e+01,2.104522e+01,2.107305e+01,2.106609e+01,2.105914e+01,2.104522e+01,2.104522e+01,2.097560e+01,2.105914e+01,2.104522e+01,2.111479e+01,2.098256e+01,2.094077e+01,2.100345e+01,2.094774e+01,2.085715e+01,2.082925e+01,2.082925e+01,2.082925e+01,2.088503e+01,2.089200e+01,2.086412e+01,2.085715e+01,2.090594e+01,2.087806e+01,2.084320e+01,2.079438e+01,2.075949e+01,2.073855e+01,2.082925e+01,2.080135e+01,2.076647e+01,2.070364e+01,2.070364e+01,2.074553e+01,2.069666e+01,2.071062e+01,2.072459e+01,2.065475e+01,2.059884e+01,2.070364e+01,2.073157e+01,2.061282e+01,2.071062e+01,2.060583e+01,2.061282e+01,2.063379e+01,2.062680e+01,2.079438e+01,2.063379e+01,2.063379e+01,2.068967e+01,2.067570e+01,2.068967e+01,2.087109e+01,2.095471e+01,2.080135e+01,2.069666e+01,2.074553e+01,2.076647e+01,2.068269e+01,2.074553e+01,2.077344e+01,2.071761e+01,2.075949e+01,2.073855e+01,2.071761e+01,2.082925e+01,2.073157e+01,2.082925e+01,2.078740e+01,2.098256e+01,2.094077e+01,2.089897e+01,2.095471e+01,2.118431e+01,2.145498e+01,2.131626e+01,2.113565e+01,2.093381e+01,2.088503e+01,2.068269e+01,2.076647e+01,2.086412e+01,2.075251e+01,2.071761e+01,2.067570e+01,2.078042e+01,2.082228e+01,2.082228e+01,2.069666e+01,2.064078e+01,2.075251e+01,2.080135e+01,2.075251e+01,2.073855e+01,2.085017e+01,2.073855e+01,2.081530e+01,2.075949e+01,2.073157e+01,2.074553e+01,2.080135e+01,2.078740e+01,2.090594e+01,2.076647e+01,2.084320e+01,2.084320e+01,2.078042e+01,2.077344e+01,2.087806e+01,2.083623e+01,2.089897e+01,2.088503e+01,2.080833e+01,2.087109e+01,2.084320e+01,2.080833e+01,2.080833e+01,2.080135e+01,2.085715e+01,2.081530e+01,2.083623e+01,2.082925e+01,2.087806e+01,2.085017e+01,2.084320e+01,2.089200e+01,2.083623e+01,2.082925e+01,2.083623e+01,2.087109e+01,2.078042e+01,2.082228e+01,2.079438e+01,2.082228e+01,2.071761e+01,2.078042e+01,2.075251e+01,2.073157e+01,2.074553e+01,2.071761e+01,2.076647e+01,2.076647e+01,2.076647e+01,2.068967e+01,2.071062e+01,2.077344e+01,2.068269e+01,2.068967e+01,2.066174e+01,2.103826e+01,2.146191e+01,2.164887e+01,2.175949e+01,2.173876e+01,2.175949e+01,2.175949e+01,2.178713e+01,2.180786e+01,2.177332e+01,2.177332e+01,2.180095e+01,2.175949e+01,2.182167e+01,2.187691e+01,2.196660e+01,2.200107e+01,2.201486e+01,2.229022e+01,2.228334e+01,2.231771e+01,2.237955e+01,2.229022e+01,2.231084e+01,2.238642e+01,2.243448e+01,2.241389e+01,2.240015e+01,2.241389e+01,2.248939e+01,2.247566e+01,2.250311e+01,2.236581e+01,2.237268e+01,2.261967e+01,2.237268e+01,2.256483e+01,2.254426e+01,2.255798e+01,2.246880e+01,2.255112e+01,2.253055e+01,2.253741e+01,2.244135e+01,2.253055e+01,2.242762e+01,2.242075e+01,2.247566e+01,2.238642e+01,2.231771e+01,2.240015e+01,2.250311e+01,2.234520e+01,2.242075e+01,2.235894e+01,2.233833e+01,2.235894e+01,2.239328e+01,2.224208e+01,2.239328e+01,2.229022e+01,2.236581e+01,2.236581e+01,2.236581e+01,2.238642e+01,2.236581e+01,2.234520e+01,2.244135e+01,2.237955e+01,2.233833e+01,2.235207e+01,2.236581e+01,2.235207e+01,2.230396e+01,2.230396e+01,2.229022e+01,2.226959e+01,2.229709e+01,2.229709e+01,2.231084e+01,2.232458e+01,2.218016e+01,2.222833e+01,2.232458e+01,2.233146e+01,2.231084e+01,2.219393e+01,2.234520e+01,2.224208e+01,2.225584e+01,2.235894e+01,2.226959e+01,2.221457e+01,2.221457e+01,2.222145e+01,2.219393e+01,2.220769e+01,2.227647e+01,2.220769e+01,2.215263e+01,2.218016e+01,2.204243e+01,2.215952e+01,2.219393e+01,2.219393e+01,2.222145e+01,2.223520e+01,2.224896e+01,2.211132e+01,2.220769e+01,2.216640e+01,2.215952e+01,2.220769e+01,2.223520e+01,2.215263e+01,2.228334e+01,2.238642e+01,2.235207e+01,2.250997e+01,2.251683e+01,2.240015e+01,2.244135e+01,2.243448e+01,2.248252e+01,2.248939e+01,2.249625e+01,2.240702e+01,2.248939e+01,2.245507e+01,2.233833e+01,2.237955e+01,2.238642e+01,2.238642e+01,2.234520e+01,2.231771e+01,2.232458e+01,2.231084e+01,2.235207e+01,2.223520e+01,2.242075e+01
2.187000e+01,2.183548e+01,2.191831e+01,2.193901e+01,2.179404e+01,2.193901e+01,2.189761e+01,2.187691e+01,2.184929e+01,2.184929e+01,2.188381e+01,2.187691e+01,2.191141e+01,2.193211e+01,2.192521e+01,2.201486e+01,2.197349e+01,2.194591e+01,2.204932e+01,2.197349e+01,2.200797e+01,2.195970e+01,2.198039e+01,2.201486e+01,2.188381e+01,2.193211e+01,2.204243e+01,2.202865e+01,2.201486e+01,2.203554e+01,2.205621e+01,2.206999e+01,2.203554e+01,2.205621e+01,2.208377e+01,2.220081e+01,2.206999e+01,2.207688e+01,2.206310e+01,2.202865e+01,2.202865e+01,2.218705e+01,2.206310e+01,2.209066e+01,2.208377e+01,2.209066e+01,2.226959e+01,2.211132e+01,2.210443e+01,2.209755e+01,2.209755e+01,2.213886e+01,2.200107e+01,2.214575e+01,2.214575e+01,2.213198e+01,2.200107e+01,2.211132e+01,2.205621e+01,2.206310e+01,2.212509e+01,2.204243e+01,2.213886e+01,2.199418e+01,2.210443e+01,2.206999e+01,2.211132e+01,2.213198e+01,2.215263e+01,2.214575e+01,2.208377e+01,2.209066e+01,2.219393e+01,2.219393e+01,2.212509e+01,2.203554e+01,2.211821e+01,2.206999e+01,2.213198e+01,2.208377e+01,2.211132e+01,2.199418e+01,2.204243e+01,2.206310e+01,2.206310e+01,2.209755e+01,2.196660e+01,2.208377e+01,2.200797e+01,2.198729e+01,2.200797e+01,2.204932e+01,2.193211e+01,2.203554e+01,2.206999e+01,2.206999e+01,2.198039e+01,2.213198e+01,2.201486e+01,2.201486e+01,2.198729e+01,2.209066e+01,2.201486e+01,2.210443e+01,2.202865e+01,2.202865e+01,2.204932e+01,2.215263e+01,2.208377e+01,2.209755e+01,2.211821e+01,2.202176e+01,2.202176e+01,2.206310e+01,2.213198e+01,2.226959e+01,2.220081e+01,2.216640e+01,2.208377e+01,2.206310e+01,2.204932e+01,2.204932e+01,2.212509e+01,2.209755e+01,2.213886e+01,2.209066e+01,2.215952e+01,2.211132e+01,2.215952e+01,2.209755e+01,2.223520e+01,2.222145e+01,2.218705e+01,2.222145e+01,2.217328e+01,2.220769e+01,2.221457e+01,2.214575e+01,2.221457e+01,2.219393e+01,2.230396e+01,2.229022e+01,2.216640e+01,2.228334e+01,2.224896e+01,2.216640e+01,2.223520e+01,2.224896e+01,2.242762e+01,2.221457e+01,2.226959e+01,2.218705e+01,2.229022e+01,2.232458e+01,2.231084e+01,2.233146e+01,2.223520e+01,2.229709e+01,2.229022e+01,2.229022e+01,2.209755e+01,2.243448e+01,2.226959e+01,2.223520e+01,2.224208e+01,2.229709e+01,2.224208e+01,2.217328e+01,2.222833e+01,2.225584e+01,2.213198e+01,2.215263e+01,2.212509e+01,2.214575e+01,2.210443e+01,2.204932e+01,2.196660e+01,2.195970e+01,2.143419e+01,2.079438e+01,2.104522e+01,2.167654e+01,2.181476e+01,2.162119e+01,2.153812e+01,2.077344e+01,2.043795e+01,2.039593e+01,2.043094e+01,2.032587e+01,2.030484e+01,2.028380e+01,2.045895e+01,2.031185e+01,2.035390e+01,2.038192e+01,2.031185e+01,2.022068e+01,2.040994e+01,2.047994e+01,2.044495e+01,2.043094e+01,2.064776e+01,2.096167e+01,2.133708e+01,2.153812e+01,2.153119e+01,2.152427e+01,2.154505e+01,2.153812e+01,2.170420e+01,2.172494e+01,2.176641e+01,2.175258e+01,2.176641e+01,2.184239e+01,2.185620e+01,2.187691e+01,2.187691e+01,2.187691e+01,2.194591e+01,2.182858e+01,2.178022e+01,2.191141e+01,2.182858e+01,2.169728e+01,2.162811e+01,2.173876e+01,2.164195e+01,2.157274e+01,2.131626e+01,2.144112e+01,2.126767e+01,2.141339e+01,2.164887e+01,2.189761e+01,2.189761e+01,2.193211e+01,2.190451e+01,2.193901e+01,2.192521e+01,2.191141e+01,2.189761e+01,2.195970e+01,2.190451e+01,2.160043e+01,2.143419e+01,2.151042e+01,2.149656e+01,2.144112e+01,2.173876e+01,2.182858e+01,2.193211e+01,2.188381e+01,2.187000e+01,2.173876e+01,2.190451e+01,2.191831e+01,2.185620e+01,2.191141e+01,2.187000e+01,2.179404e+01,2.144112e+01,2.136484e+01,2.144112e+01,2.128156e+01,2.135096e+01,2.142725e+01,2.142725e+01,2.147577e+01,2.146884e+01,2.166270e+01,2.181476e+01,2.180786e+01,2.173876e+01,2.183548e+01,2.182858e+01,2.132320e+01,2.153812e+01,2.171111e+01,2.160043e+01,2.155890e+01,2.123989e+01,2.116345e+01,2.125378e+01,2.113565e+01,2.114260e+01,2.122600e+01,2.123989e+01,2.123989e+01,2.117041e+01,2.123989e+01,2.124683e+01,2.123294e+01,2.117736e+01,2.112869e+01,2.096864e+01,2.112174e+01,2.089200e+01,2.087109e+01,2.094077e+01,2.091291e+01,2.107305e+01,2.109392e+01,2.098953e+01,2.114260e+01,2.117736e+01,2.117041e+01,2.117736e+01,2.110088e+01,2.114955e+01,2.112174e+01,2.118431e+01,2.122600e+01,2.129544e+01,2.151042e+01,2.182167e+01,2.183548e+01,2.197349e+01,2.195280e+01,2.200797e+01,2.193211e+01,2.191141e+01,2.186310e+01,2.175949e+01,2.135790e+01,2.129544e+01,2.117041e+01,2.115650e+01,2.116345e+01,2.112174e+01,2.114955e+01,2.115650e+01,2.146191e+01,2.178022e+01,2.199418e+01,2.192521e+01,2.202865e+01,2.202865e+01,2.202865e+01,2.208377e+01,2.224208e+01,2.202865e+01,2.211821e+01,2.206310e+01,2.208377e+01,2.213198e+01,2.190451e+01,2.209755e+01,2.186310e+01,2.142725e+01,2.142032e+01,2.121905e+01,2.126767e+01,2.110783e+01,2.105218e+01,2.085017e+01,2.105218e+01,2.085017e+01,2.082228e+01,2.081530e+01,2.087806e+01,2.087806e+01,2.084320e+01,2.089200e+01,2.076647e+01,2.075251e+01,2.080135e+01,2.073157e+01,2.083623e+01,2.082925e+01,2.087806e+01,2.083623e+01,2.087109e+01,2.086412e+01,2.070364e+01,2.073157e+01,2.085017e+01,2.073855e+01,2.078042e+01,2.075949e+01,2.077344e+01,2.077344e+01,2.080833e+01,2.073855e+01,2.068269e+01,2.071062e+01,2.071062e+01,2.068967e+01,2.054990e+01,2.059185e+01,2.057088e+01,2.058486e+01,2.052892e+01,2.059185e+01,2.063379e+01,2.061981e+01,2.067570e+01,2.069666e+01,2.062680e+01,2.063379e+01,2.067570e+01,2.091987e+01,2.140645e+01,2.139952e+01,2.111479e+01,2.085017e+01,2.077344e+01,2.071761e+01,2.070364e+01,2.070364e+01,2.058486e+01,2.073157e+01,2.072459e+01,2.068967e+01,2.071062e+01,2.065475e+01,2.066872e+01,2.081530e+01,2.084320e+01,2.084320e+01,2.085715e+01,2.091291e+01,2.094774e+01,2.118431e+01,2.142032e+01,2.143419e+01,2.135096e+01,2.093381e+01,2.091291e+01,2.075251e+01,2.083623e+01,2.075949e+01,2.073157e+01,2.074553e+01,2.066872e+01,2.077344e+01,2.066174e+01,2.072459e+01,2.082228e+01,2.062680e+01,2.074553e+01,2.074553e+01,2.077344e+01,2.074553e+01,2.075949e+01,2.073157e+01,2.070364e+01,2.070364e+01,2.093381e+01,2.078042e+01,2.081530e+01,2.066872e+01,2.078740e+01,2.080833e+01,2.073855e+01,2.091291e+01,2.082228e+01,2.080135e+01,2.082228e+01,2.078740e+01,2.079438e+01,2.103826e+01,2.085715e+01,2.078740e+01,2.083623e+01,2.084320e+01,2.089200e+01,2.081530e+01,2.080135e+01,2.089200e+01,2.085017e+01,2.072459e+01,2.085715e+01,2.083623e+01,2.084320e+01,2.074553e+01,2.079438e+01,2.080135e+01,2.082925e+01,2.071761e+01,2.068269e+01,2.085017e+01,2.086412e+01,2.082228e+01,2.068967e+01,2.043094e+01,2.077344e+01,2.075949e+01,2.069666e+01,2.078042e+01,2.072459e+01,2.072459e+01,2.073855e+01,2.075949e+01,2.069666e+01,2.071062e+01,2.072459e+01,2.073855e+01,2.086412e+01,2.119126e+01,2.151042e+01,2.171802e+01,2.175258e+01,2.178022e+01,2.177332e+01,2.175949e+01,2.178713e+01,2.176641e+01,2.178713e+01,2.179404e+01,2.184239e+01,2.185620e+01,2.191141e+01,2.195280e+01,2.196660e+01,2.202176e+01,2.201486e+01,2.201486e+01,2.227647e+01,2.213886e+01,2.216640e+01,2.233146e+01,2.220081e+01,2.230396e+01,2.239328e+01,2.240702e+01,2.242762e+01,2.238642e+01,2.239328e+01,2.244821e+01,2.248939e+01,2.263337e+01,2.261282e+01,2.238642e+01,2.247566e+01,2.260596e+01,2.260596e+01,2.255112e+01,2.248252e+01,2.252369e+01,2.238642e+01,2.248252e+01,2.247566e+01,2.252369e+01,2.244135e+01,2.230396e+01,2.246194e+01,2.243448e+01,2.244135e+01,2.225584e+01,2.239328e+01,2.231771e+01,2.239328e+01,2.233833e+01,2.232458e+01,2.240702e+01,2.242075e+01,2.231084e+01,2.224208e+01,2.224208e+01,2.239328e+01,2.228334e+01,2.233146e+01,2.225584e+01,2.238642e+01,2.221457e+01,2.238642e+01,2.241389e+01,2.233146e+01,2.231771e+01,2.233833e+01,2.245507e+01,2.232458e+01,2.231771e+01,2.229709e+01,2.228334e+01,2.223520e+01,2.226271e+01,2.222833e+01,2.221457e+01,2.216640e+01,2.224896e+01,2.224208e+01,2.231084e+01,2.233146e+01,2.233833e+01,2.220081e+01,2.221457e+01,2.219393e+01,2.226959e+01,2.231084e+01,2.232458e+01,2.232458e+01,2.220081e+01,2.231084e+01,2.218705e+01,2.229022e+01,2.219393e+01,2.211132e+01,2.201486e+01,2.221457e+01,2.217328e+01,2.220769e+01,2.224896e+01,2.212509e+01,2.222833e+01,2.226271e+01,2.217328e+01,2.224208e+01,2.215263e+01,2.218016e+01,2.230396e+01,2.224896e+01,2.228334e+01,2.235894e+01,2.240702e+01,2.236581e+01,2.251683e+01,2.238642e+01,2.254426e+01,2.250311e+01,2.250311e+01,2.252369e+01,2.240702e+01,2.248939e+01,2.250997e+01,2.247566e+01,2.241389e+01,2.240702e+01,2.239328e+01,2.242762e+01,2.264022e+01,2.248939e+01,2.237268e+01,2.229709e+01,2.239328e+01,2.244821e+01,2.234520e+01,2.242075e+01
2.193211e+01,2.185620e+01,2.192521e+01,2.193211e+01,2.193211e+01,2.191831e+01,2.191141e+01,2.190451e+01,2.189761e+01,2.191141e+01,2.191141e+01,2.190451e+01,2.213198e+01,2.189071e+01,2.195280e+01,2.195970e+01,2.193211e+01,2.200797e+01,2.198729e+01,2.218016e+01,2.200107e+01,2.197349e+01,2.199418e+01,2.204243e+01,2.193901e+01,2.190451e+01,2.199418e+01,2.200797e+01,2.200797e+01,2.201486e+01,2.201486e+01,2.203554e+01,2.202865e+01,2.204932e+01,2.220081e+01,2.206310e+01,2.211821e+01,2.206999e+01,2.212509e+01,2.214575e+01,2.213886e+01,2.218705e+01,2.202176e+01,2.198039e+01,2.198039e+01,2.195970e+01,2.195280e+01,2.224208e+01,2.209066e+01,2.198729e+01,2.198729e+01,2.207688e+01,2.198729e+01,2.208377e+01,2.211132e+01,2.200107e+01,2.209755e+01,2.209755e+01,2.207688e+01,2.205621e+01,2.211132e+01,2.209066e+01,2.205621e+01,2.203554e+01,2.206999e+01,2.206310e+01,2.218016e+01,2.217328e+01,2.213198e+01,2.214575e+01,2.213198e+01,2.210443e+01,2.204243e+01,2.207688e+01,2.210443e+01,2.213886e+01,2.213198e+01,2.212509e+01,2.206310e+01,2.211821e+01,2.204932e+01,2.207688e+01,2.203554e+01,2.206999e+01,2.208377e+01,2.210443e+01,2.195280e+01,2.206999e+01,2.212509e+01,2.213198e+01,2.202865e+01,2.204243e+01,2.201486e+01,2.204243e+01,2.209066e+01,2.204243e+01,2.204243e+01,2.206999e+01,2.201486e+01,2.199418e+01,2.196660e+01,2.200797e+01,2.213198e+01,2.206310e+01,2.212509e+01,2.204932e+01,2.206999e+01,2.209066e+01,2.206999e+01,2.209066e+01,2.213198e+01,2.213886e+01,2.208377e+01,2.213198e+01,2.210443e+01,2.213198e+01,2.209066e+01,2.215952e+01,2.209755e+01,2.222145e+01,2.208377e+01,2.204932e+01,2.213886e+01,2.211821e+01,2.213198e+01,2.211132e+01,2.220769e+01,2.209066e+01,2.213198e+01,2.218705e+01,2.221457e+01,2.222145e+01,2.218705e+01,2.217328e+01,2.214575e+01,2.220081e+01,2.215263e+01,2.223520e+01,2.218016e+01,2.220769e+01,2.216640e+01,2.230396e+01,2.230396e+01,2.226271e+01,2.224208e+01,2.224208e+01,2.222833e+01,2.226959e+01,2.236581e+01,2.222833e+01,2.223520e+01,2.237268e+01,2.224208e+01,2.233146e+01,2.233833e+01,2.232458e+01,2.235894e+01,2.226959e+01,2.231771e+01,2.222145e+01,2.222145e+01,2.226271e+01,2.222833e+01,2.235894e+01,2.223520e+01,2.222833e+01,2.221457e+01,2.220081e+01,2.220769e+01,2.207688e+01,2.215952e+01,2.221457e+01,2.211821e+01,2.219393e+01,2.216640e+01,2.206310e+01,2.206310e+01,2.173876e+01,2.114955e+01,2.099649e+01,2.101738e+01,2.174567e+01,2.175258e+01,2.183548e+01,2.147577e+01,2.098256e+01,2.054291e+01,2.040294e+01,2.041694e+01,2.045195e+01,2.042394e+01,2.031185e+01,2.038192e+01,2.037492e+01,2.033287e+01,2.029783e+01,2.033287e+01,2.032587e+01,2.036090e+01,2.036090e+01,2.044495e+01,2.060583e+01,2.099649e+01,2.133014e+01,2.135096e+01,2.154505e+01,2.155197e+01,2.158659e+01,2.164887e+01,2.160043e+01,2.171802e+01,2.171802e+01,2.174567e+01,2.177332e+01,2.187691e+01,2.187691e+01,2.186310e+01,2.183548e+01,2.176641e+01,2.185620e+01,2.186310e+01,2.191141e+01,2.182167e+01,2.191141e+01,2.165579e+01,2.171802e+01,2.168345e+01,2.166962e+01,2.158659e+01,2.157967e+01,2.139258e+01,2.126072e+01,2.119126e+01,2.137871e+01,2.148270e+01,2.187691e+01,2.191141e+01,2.189761e+01,2.203554e+01,2.209755e+01,2.196660e+01,2.189071e+01,2.189761e+01,2.189761e+01,2.188381e+01,2.152427e+01,2.144805e+01,2.154505e+01,2.150349e+01,2.178713e+01,2.182167e+01,2.180786e+01,2.182858e+01,2.186310e+01,2.189071e+01,2.178022e+01,2.182858e+01,2.190451e+01,2.183548e+01,2.186310e+01,2.183548e+01,2.182858e+01,2.150349e+01,2.139258e+01,2.136484e+01,2.131626e+01,2.109392e+01,2.139258e+01,2.137177e+01,2.138565e+01,2.142032e+01,2.151042e+01,2.145498e+01,2.180786e+01,2.175949e+01,2.185620e+01,2.176641e+01,2.124683e+01,2.121210e+01,2.156582e+01,2.158659e+01,2.137871e+01,2.139952e+01,2.137871e+01,2.122600e+01,2.115650e+01,2.128156e+01,2.121905e+01,2.124683e+01,2.128850e+01,2.130238e+01,2.120515e+01,2.108001e+01,2.124683e+01,2.124683e+01,2.119820e+01,2.112174e+01,2.114260e+01,2.114260e+01,2.092684e+01,2.090594e+01,2.090594e+01,2.101738e+01,2.105914e+01,2.094077e+01,2.104522e+01,2.112869e+01,2.117041e+01,2.117736e+01,2.121905e+01,2.118431e+01,2.124683e+01,2.122600e+01,2.126767e+01,2.129544e+01,2.156582e+01,2.180095e+01,2.179404e+01,2.195280e+01,2.195280e+01,2.184239e+01,2.192521e+01,2.197349e+01,2.187691e+01,2.178022e+01,2.123294e+01,2.121905e+01,2.114260e+01,2.117736e+01,2.112174e+01,2.112869e+01,2.115650e+01,2.119820e+01,2.146191e+01,2.191831e+01,2.197349e+01,2.206310e+01,2.209066e+01,2.204243e+01,2.204243e+01,2.204932e+01,2.206999e+01,2.206999e+01,2.206310e+01,2.212509e+01,2.212509e+01,2.207688e+01,2.211132e+01,2.207688e+01,2.185620e+01,2.182858e+01,2.173876e+01,2.175258e+01,2.177332e+01,2.160043e+01,2.132320e+01,2.104522e+01,2.098256e+01,2.082925e+01,2.092684e+01,2.080833e+01,2.085017e+01,2.074553e+01,2.082925e+01,2.078042e+01,2.076647e+01,2.085017e+01,2.074553e+01,2.071062e+01,2.078740e+01,2.075949e+01,2.083623e+01,2.080833e+01,2.068269e+01,2.077344e+01,2.074553e+01,2.064078e+01,2.087109e+01,2.071761e+01,2.078740e+01,2.074553e+01,2.075251e+01,2.076647e+01,2.075251e+01,2.071761e+01,2.073157e+01,2.065475e+01,2.058486e+01,2.066174e+01,2.055690e+01,2.052192e+01,2.075949e+01,2.050793e+01,2.061981e+01,2.052892e+01,2.069666e+01,2.065475e+01,2.057787e+01,2.064776e+01,2.064776e+01,2.065475e+01,2.091291e+01,2.142725e+01,2.173185e+01,2.139952e+01,2.130932e+01,2.106609e+01,2.087109e+01,2.068269e+01,2.066174e+01,2.063379e+01,2.070364e+01,2.071761e+01,2.071062e+01,2.072459e+01,2.069666e+01,2.065475e+01,2.085715e+01,2.075251e+01,2.078740e+01,2.073855e+01,2.079438e+01,2.088503e+01,2.088503e+01,2.107305e+01,2.143419e+01,2.161427e+01,2.145498e+01,2.133014e+01,2.104522e+01,2.071062e+01,2.072459e+01,2.075251e+01,2.066872e+01,2.065475e+01,2.067570e+01,2.066174e+01,2.070364e+01,2.066174e+01,2.070364e+01,2.066872e+01,2.068269e+01,2.078042e+01,2.071062e+01,2.071062e+01,2.075251e+01,2.071761e+01,2.075949e+01,2.066174e+01,2.068967e+01,2.068269e+01,2.078740e+01,2.079438e+01,2.080833e+01,2.066174e+01,2.081530e+01,2.071761e+01,2.068967e+01,2.083623e+01,2.078740e+01,2.079438e+01,2.071761e+01,2.073855e+01,2.079438e+01,2.087806e+01,2.089200e+01,2.075251e+01,2.082925e+01,2.087109e+01,2.082925e+01,2.085715e+01,2.074553e+01,2.080833e+01,2.070364e+01,2.069666e+01,2.070364e+01,2.081530e+01,2.068967e+01,2.077344e+01,2.066174e+01,2.080135e+01,2.078740e+01,2.073855e+01,2.076647e+01,2.067570e+01,2.066872e+01,2.070364e+01,2.069666e+01,2.079438e+01,2.075949e+01,2.078740e+01,2.074553e+01,2.085715e+01,2.079438e+01,2.079438e+01,2.079438e+01,2.076647e+01,2.078042e+01,2.082925e+01,2.123294e+01,2.135790e+01,2.154505e+01,2.169728e+01,2.171802e+01,2.179404e+01,2.174567e+01,2.176641e+01,2.178022e+01,2.177332e+01,2.176641e+01,2.178022e+01,2.182167e+01,2.192521e+01,2.192521e+01,2.201486e+01,2.202865e+01,2.209755e+01,2.220769e+01,2.224208e+01,2.211821e+01,2.237268e+01,2.231084e+01,2.229022e+01,2.235894e+01,2.233146e+01,2.241389e+01,2.237268e+01,2.239328e+01,2.246880e+01,2.236581e+01,2.242075e+01,2.246880e+01,2.235207e+01,2.247566e+01,2.233833e+01,2.242075e+01,2.242762e+01,2.248939e+01,2.245507e+01,2.259225e+01,2.255798e+01,2.244821e+01,2.240702e+01,2.240702e+01,2.251683e+01,2.253741e+01,2.244821e+01,2.245507e+01,2.242075e+01,2.241389e+01,2.238642e+01,2.240015e+01,2.244821e+01,2.229022e+01,2.244821e+01,2.227647e+01,2.226959e+01,2.237955e+01,2.239328e+01,2.240015e+01,2.239328e+01,2.230396e+01,2.240015e+01,2.244135e+01,2.231084e+01,2.235207e+01,2.234520e+01,2.240015e+01,2.239328e+01,2.238642e+01,2.240702e+01,2.240702e+01,2.233146e+01,2.232458e+01,2.232458e+01,2.231084e+01,2.243448e+01,2.230396e+01,2.227647e+01,2.241389e+01,2.229022e+01,2.222145e+01,2.220769e+01,2.218016e+01,2.231771e+01,2.220081e+01,2.216640e+01,2.226959e+01,2.223520e+01,2.224208e+01,2.220769e+01,2.226959e+01,2.228334e+01,2.229022e+01,2.222833e+01,2.230396e+01,2.218016e+01,2.229022e+01,2.224208e+01,2.220769e+01,2.218705e+01,2.223520e+01,2.204932e+01,2.226271e+01,2.215263e+01,2.221457e+01,2.212509e+01,2.221457e+01,2.222833e+01,2.219393e+01,2.220081e+01,2.218705e+01,2.235894e+01,2.229709e+01,2.218016e+01,2.229022e+01,2.227647e+01,2.240015e+01,2.235207e+01,2.240702e+01,2.240015e+01,2.251683e+01,2.250997e+01,2.246880e+01,2.255112e+01,2.235894e+01,2.248939e+01,2.261282e+01,2.245507e+01,2.241389e+01,2.233833e+01,2.234520e+01,2.232458e+01,2.235894e+01,2.244135e+01,2.236581e+01,2.242762e+01,2.242075e+01,2.237955e+01,2.234520e+01
2.186310e+01,2.182858e+01,2.181476e+01,2.194591e+01,2.192521e+01,2.176641e+01,2.193211e+01,2.191141e+01,2.189761e+01,2.193901e+01,2.190451e+01,2.191831e+01,2.189071e+01,2.192521e+01,2.184239e+01,2.191141e+01,2.193211e+01,2.195970e+01,2.196660e+01,2.200107e+01,2.202865e+01,2.196660e+01,2.200797e+01,2.199418e+01,2.211132e+01,2.200107e+01,2.189071e+01,2.199418e+01,2.200107e+01,2.200107e+01,2.204932e+01,2.197349e+01,2.205621e+01,2.194591e+01,2.199418e+01,2.204932e+01,2.204932e+01,2.206310e+01,2.204243e+01,2.204932e+01,2.215952e+01,2.215263e+01,2.204243e+01,2.194591e+01,2.208377e+01,2.209755e+01,2.208377e+01,2.209066e+01,2.211132e+01,2.207688e+01,2.203554e+01,2.208377e+01,2.172494e+01,2.213198e+01,2.216640e+01,2.218705e+01,2.218705e+01,2.204932e+01,2.201486e+01,2.207688e+01,2.203554e+01,2.197349e+01,2.215263e+01,2.193211e+01,2.204932e+01,2.205621e+01,2.202176e+01,2.202865e+01,2.201486e+01,2.215952e+01,2.211821e+01,2.209755e+01,2.203554e+01,2.211821e+01,2.215263e+01,2.221457e+01,2.205621e+01,2.213198e+01,2.207688e+01,2.190451e+01,2.208377e+01,2.208377e+01,2.204243e+01,2.200797e+01,2.200797e+01,2.215263e+01,2.199418e+01,2.198729e+01,2.194591e+01,2.195280e+01,2.198729e+01,2.196660e+01,2.200797e+01,2.202176e+01,2.202176e+01,2.211821e+01,2.204932e+01,2.204932e+01,2.203554e+01,2.197349e+01,2.211132e+01,2.202865e+01,2.209066e+01,2.215263e+01,2.212509e+01,2.206310e+01,2.206310e+01,2.206999e+01,2.207688e+01,2.209066e+01,2.204243e+01,2.200107e+01,2.215263e+01,2.202865e+01,2.219393e+01,2.204932e+01,2.209066e+01,2.206310e+01,2.206999e+01,2.218705e+01,2.209755e+01,2.205621e+01,2.235894e+01,2.211132e+01,2.220769e+01,2.218705e+01,2.218705e+01,2.208377e+01,2.218016e+01,2.220081e+01,2.221457e+01,2.219393e+01,2.218705e+01,2.223520e+01,2.235894e+01,2.215952e+01,2.222145e+01,2.215263e+01,2.229022e+01,2.211132e+01,2.227647e+01,2.227647e+01,2.227647e+01,2.227647e+01,2.225584e+01,2.230396e+01,2.228334e+01,2.233146e+01,2.222145e+01,2.225584e+01,2.227647e+01,2.220769e+01,2.221457e+01,2.227647e+01,2.234520e+01,2.228334e+01,2.226959e+01,2.226959e+01,2.229709e+01,2.228334e+01,2.230396e+01,2.223520e+01,2.229022e+01,2.222145e+01,2.226271e+01,2.224208e+01,2.226959e+01,2.220081e+01,2.207688e+01,2.213886e+01,2.215952e+01,2.213886e+01,2.218705e+01,2.196660e+01,2.216640e+01,2.207688e+01,2.200107e+01,2.159351e+01,2.103826e+01,2.099649e+01,2.147577e+01,2.183548e+01,2.203554e+01,2.193211e+01,2.171802e+01,2.119126e+01,2.052892e+01,2.052192e+01,2.036090e+01,2.032587e+01,2.030484e+01,2.029783e+01,2.029783e+01,2.028380e+01,2.031185e+01,2.036090e+01,2.032587e+01,2.040994e+01,2.035390e+01,2.050094e+01,2.043094e+01,2.070364e+01,2.143419e+01,2.135096e+01,2.149656e+01,2.151042e+01,2.153119e+01,2.155197e+01,2.166270e+01,2.156582e+01,2.159351e+01,2.172494e+01,2.172494e+01,2.172494e+01,2.180095e+01,2.178713e+01,2.185620e+01,2.183548e+01,2.183548e+01,2.186310e+01,2.184239e+01,2.194591e+01,2.188381e+01,2.187000e+01,2.164195e+01,2.175258e+01,2.157274e+01,2.157274e+01,2.169037e+01,2.148963e+01,2.136484e+01,2.137177e+01,2.130238e+01,2.117041e+01,2.159351e+01,2.191831e+01,2.184239e+01,2.191831e+01,2.191141e+01,2.200797e+01,2.190451e+01,2.189761e+01,2.193901e+01,2.188381e+01,2.164195e+01,2.151734e+01,2.164195e+01,2.171802e+01,2.171111e+01,2.189761e+01,2.176641e+01,2.185620e+01,2.193211e+01,2.184929e+01,2.184929e+01,2.157274e+01,2.156582e+01,2.171802e+01,2.184239e+01,2.184239e+01,2.182858e+01,2.160735e+01,2.166270e+01,2.137177e+01,2.140645e+01,2.140645e+01,2.131626e+01,2.135790e+01,2.135096e+01,2.133708e+01,2.142725e+01,2.134402e+01,2.141339e+01,2.144805e+01,2.176641e+01,2.176641e+01,2.175258e+01,2.123989e+01,2.119820e+01,2.123294e+01,2.157274e+01,2.146191e+01,2.139258e+01,2.138565e+01,2.116345e+01,2.116345e+01,2.124683e+01,2.119820e+01,2.117041e+01,2.128156e+01,2.127461e+01,2.121210e+01,2.127461e+01,2.120515e+01,2.116345e+01,2.126767e+01,2.111479e+01,2.130238e+01,2.114260e+01,2.114955e+01,2.111479e+01,2.093381e+01,2.091291e+01,2.108696e+01,2.099649e+01,2.098953e+01,2.105914e+01,2.123294e+01,2.119820e+01,2.121905e+01,2.124683e+01,2.124683e+01,2.128156e+01,2.121210e+01,2.131626e+01,2.151042e+01,2.165579e+01,2.182858e+01,2.181476e+01,2.183548e+01,2.173876e+01,2.180786e+01,2.194591e+01,2.179404e+01,2.130238e+01,2.130238e+01,2.113565e+01,2.119126e+01,2.111479e+01,2.110783e+01,2.118431e+01,2.130932e+01,2.123989e+01,2.183548e+01,2.197349e+01,2.209066e+01,2.201486e+01,2.210443e+01,2.208377e+01,2.219393e+01,2.202865e+01,2.215263e+01,2.199418e+01,2.213886e+01,2.210443e+01,2.211132e+01,2.211132e+01,2.209755e+01,2.211132e+01,2.194591e+01,2.198039e+01,2.198729e+01,2.191141e+01,2.204243e+01,2.199418e+01,2.178022e+01,2.160043e+01,2.133708e+01,2.115650e+01,2.091987e+01,2.086412e+01,2.080833e+01,2.082228e+01,2.086412e+01,2.088503e+01,2.078042e+01,2.075949e+01,2.070364e+01,2.071062e+01,2.066872e+01,2.068967e+01,2.082925e+01,2.077344e+01,2.079438e+01,2.068967e+01,2.065475e+01,2.074553e+01,2.073855e+01,2.068967e+01,2.079438e+01,2.075251e+01,2.073855e+01,2.071062e+01,2.073855e+01,2.070364e+01,2.061981e+01,2.069666e+01,2.059884e+01,2.059884e+01,2.055690e+01,2.074553e+01,2.051493e+01,2.052192e+01,2.060583e+01,2.058486e+01,2.059884e+01,2.062680e+01,2.071761e+01,2.071761e+01,2.065475e+01,2.079438e+01,2.126072e+01,2.173876e+01,2.174567e+01,2.144805e+01,2.141339e+01,2.130238e+01,2.109392e+01,2.073157e+01,2.070364e+01,2.071062e+01,2.066174e+01,2.061282e+01,2.073157e+01,2.072459e+01,2.072459e+01,2.071062e+01,2.073855e+01,2.087806e+01,2.078740e+01,2.083623e+01,2.079438e+01,2.089897e+01,2.075251e+01,2.115650e+01,2.146191e+01,2.180786e+01,2.182858e+01,2.146191e+01,2.108001e+01,2.087109e+01,2.068269e+01,2.070364e+01,2.062680e+01,2.065475e+01,2.065475e+01,2.066872e+01,2.066872e+01,2.068269e+01,2.068269e+01,2.068967e+01,2.068967e+01,2.073157e+01,2.071062e+01,2.086412e+01,2.071062e+01,2.080135e+01,2.073855e+01,2.073855e+01,2.069666e+01,2.066872e+01,2.075949e+01,2.063379e+01,2.066872e+01,2.083623e+01,2.073855e+01,2.069666e+01,2.082925e+01,2.073157e+01,2.080833e+01,2.076647e+01,2.078042e+01,2.076647e+01,2.082925e+01,2.071761e+01,2.081530e+01,2.071062e+01,2.074553e+01,2.083623e+01,2.080833e+01,2.078740e+01,2.074553e+01,2.073157e+01,2.064776e+01,2.075949e+01,2.073157e+01,2.078740e+01,2.078042e+01,2.071062e+01,2.071761e+01,2.068967e+01,2.071062e+01,2.079438e+01,2.076647e+01,2.072459e+01,2.073855e+01,2.064078e+01,2.064078e+01,2.074553e+01,2.076647e+01,2.074553e+01,2.078740e+01,2.072459e+01,2.082228e+01,2.077344e+01,2.079438e+01,2.085715e+01,2.098256e+01,2.153812e+01,2.166270e+01,2.166962e+01,2.171111e+01,2.165579e+01,2.172494e+01,2.179404e+01,2.177332e+01,2.176641e+01,2.176641e+01,2.177332e+01,2.175949e+01,2.184239e+01,2.179404e+01,2.182167e+01,2.190451e+01,2.193901e+01,2.201486e+01,2.204243e+01,2.206310e+01,2.195280e+01,2.218016e+01,2.226271e+01,2.232458e+01,2.230396e+01,2.233146e+01,2.227647e+01,2.227647e+01,2.238642e+01,2.238642e+01,2.251683e+01,2.243448e+01,2.250311e+01,2.242075e+01,2.242075e+01,2.255798e+01,2.244821e+01,2.246880e+01,2.242075e+01,2.242762e+01,2.244821e+01,2.253055e+01,2.249625e+01,2.246194e+01,2.255112e+01,2.258540e+01,2.250997e+01,2.253055e+01,2.240702e+01,2.246194e+01,2.247566e+01,2.237955e+01,2.243448e+01,2.242075e+01,2.234520e+01,2.238642e+01,2.237268e+01,2.238642e+01,2.223520e+01,2.243448e+01,2.240702e+01,2.237955e+01,2.248252e+01,2.231084e+01,2.240702e+01,2.231771e+01,2.235207e+01,2.238642e+01,2.223520e+01,2.240702e+01,2.234520e+01,2.242075e+01,2.244135e+01,2.235207e+01,2.231084e+01,2.232458e+01,2.231084e+01,2.220769e+01,2.231084e+01,2.227647e+01,2.232458e+01,2.224208e+01,2.227647e+01,2.222145e+01,2.233146e+01,2.234520e+01,2.228334e+01,2.225584e+01,2.232458e+01,2.233833e+01,2.223520e+01,2.224208e+01,2.240015e+01,2.223520e+01,2.228334e+01,2.229709e+01,2.233833e+01,2.222833e+01,2.220769e+01,2.227647e+01,2.217328e+01,2.202176e+01,2.218016e+01,2.218016e+01,2.209066e+01,2.221457e+01,2.213198e+01,2.215952e+01,2.212509e+01,2.209066e+01,2.215952e+01,2.215263e+01,2.225584e+01,2.222145e+01,2.215952e+01,2.225584e+01,2.207688e+01,2.232458e+01,2.238642e+01,2.222145e+01,2.240702e+01,2.248939e+01,2.250311e+01,2.242762e+01,2.244135e+01,2.250997e+01,2.250997e+01,2.239328e+01,2.248939e+01,2.245507e+01,2.231084e+01,2.231771e+01,2.242075e+01,2.238642e+01,2.229709e+01,2.240015e+01,2.234520e+01,2.228334e+01,2.241389e+01,2.243448e+01,2.242075e+01,2.234520e+01
2.185620e+01,2.184929e+01,2.184929e+01,2.182858e+01,2.194591e+01,2.195280e+01,2.203554e+01,2.192521e+01,2.184929e+01,2.189761e+01,2.190451e+01,2.191141e+01,2.191141e+01,2.193901e+01,2.191831e+01,2.200107e+01,2.201486e+01,2.190451e+01,2.195280e+01,2.199418e+01,2.202865e+01,2.204243e+01,2.199418e+01,2.202865e+01,2.204932e+01,2.194591e+01,2.200797e+01,2.207688e+01,2.191831e+01,2.200107e+01,2.198039e+01,2.204932e+01,2.204243e+01,2.199418e+01,2.204932e+01,2.200107e+01,2.202176e+01,2.208377e+01,2.206310e+01,2.204932e+01,2.198729e+01,2.193211e+01,2.200107e+01,2.204932e+01,2.208377e+01,2.209066e+01,2.205621e+01,2.209755e+01,2.204932e+01,2.209755e+01,2.196660e+01,2.195970e+01,2.202176e+01,2.205621e+01,2.215952e+01,2.206999e+01,2.211132e+01,2.208377e+01,2.201486e+01,2.206999e+01,2.194591e+01,2.204932e+01,2.204243e+01,2.205621e+01,2.205621e+01,2.203554e+01,2.224208e+01,2.206999e+01,2.213886e+01,2.205621e+01,2.201486e+01,2.202865e+01,2.207688e+01,2.209755e+01,2.201486e+01,2.214575e+01,2.213886e+01,2.204932e+01,2.204243e+01,2.202865e+01,2.204243e+01,2.206310e+01,2.198729e+01,2.202865e+01,2.200797e+01,2.214575e+01,2.206310e+01,2.209755e+01,2.196660e+01,2.195970e+01,2.201486e+01,2.198039e+01,2.198039e+01,2.189071e+01,2.198729e+01,2.204243e+01,2.195280e+01,2.202176e+01,2.200797e+01,2.200107e+01,2.193901e+01,2.195280e+01,2.210443e+01,2.203554e+01,2.202865e+01,2.210443e+01,2.208377e+01,2.202865e+01,2.209066e+01,2.197349e+01,2.191831e+01,2.211821e+01,2.211132e+01,2.214575e+01,2.215952e+01,2.206310e+01,2.218016e+01,2.207688e+01,2.203554e+01,2.207688e+01,2.206999e+01,2.205621e+01,2.226959e+01,2.204243e+01,2.215263e+01,2.215952e+01,2.224896e+01,2.218016e+01,2.214575e+01,2.220081e+01,2.215263e+01,2.217328e+01,2.221457e+01,2.218016e+01,2.217328e+01,2.222145e+01,2.224208e+01,2.223520e+01,2.230396e+01,2.222833e+01,2.222833e+01,2.228334e+01,2.226959e+01,2.224896e+01,2.220769e+01,2.228334e+01,2.227647e+01,2.226271e+01,2.235894e+01,2.226959e+01,2.231771e+01,2.228334e+01,2.237955e+01,2.230396e+01,2.225584e+01,2.224208e+01,2.220081e+01,2.217328e+01,2.229709e+01,2.213886e+01,2.219393e+01,2.217328e+01,2.220081e+01,2.229022e+01,2.226959e+01,2.218705e+01,2.225584e+01,2.222833e+01,2.218016e+01,2.219393e+01,2.214575e+01,2.206310e+01,2.217328e+01,2.215952e+01,2.207688e+01,2.197349e+01,2.200107e+01,2.157967e+01,2.100345e+01,2.101042e+01,2.158659e+01,2.184239e+01,2.197349e+01,2.183548e+01,2.162119e+01,2.156582e+01,2.091291e+01,2.051493e+01,2.031185e+01,2.032587e+01,2.047295e+01,2.033988e+01,2.041694e+01,2.040294e+01,2.033287e+01,2.028380e+01,2.026277e+01,2.030484e+01,2.040294e+01,2.033287e+01,2.050094e+01,2.106609e+01,2.131626e+01,2.135790e+01,2.137177e+01,2.152427e+01,2.140645e+01,2.143419e+01,2.162119e+01,2.168345e+01,2.168345e+01,2.170420e+01,2.173876e+01,2.173185e+01,2.186310e+01,2.178022e+01,2.178022e+01,2.183548e+01,2.180095e+01,2.181476e+01,2.184929e+01,2.187691e+01,2.180786e+01,2.169037e+01,2.166270e+01,2.162119e+01,2.157967e+01,2.155197e+01,2.152427e+01,2.145498e+01,2.140645e+01,2.128156e+01,2.127461e+01,2.128850e+01,2.127461e+01,2.167654e+01,2.191831e+01,2.182167e+01,2.180786e+01,2.187000e+01,2.191831e+01,2.191831e+01,2.187000e+01,2.191831e+01,2.187691e+01,2.164887e+01,2.174567e+01,2.177332e+01,2.189071e+01,2.191141e+01,2.181476e+01,2.190451e+01,2.190451e+01,2.178713e+01,2.176641e+01,2.158659e+01,2.140645e+01,2.157274e+01,2.157967e+01,2.158659e+01,2.148963e+01,2.145498e+01,2.156582e+01,2.148963e+01,2.133708e+01,2.132320e+01,2.133708e+01,2.138565e+01,2.145498e+01,2.140645e+01,2.126072e+01,2.144112e+01,2.137871e+01,2.144112e+01,2.145498e+01,2.173185e+01,2.146884e+01,2.117736e+01,2.119820e+01,2.121210e+01,2.136484e+01,2.155197e+01,2.139952e+01,2.142032e+01,2.142725e+01,2.121210e+01,2.126767e+01,2.126767e+01,2.130238e+01,2.117736e+01,2.121905e+01,2.126072e+01,2.125378e+01,2.127461e+01,2.126072e+01,2.119126e+01,2.121905e+01,2.119126e+01,2.130238e+01,2.117041e+01,2.112174e+01,2.119126e+01,2.105914e+01,2.103826e+01,2.091291e+01,2.111479e+01,2.117041e+01,2.113565e+01,2.119126e+01,2.128156e+01,2.120515e+01,2.128850e+01,2.126072e+01,2.138565e+01,2.130932e+01,2.160735e+01,2.175258e+01,2.169037e+01,2.182167e+01,2.179404e+01,2.175949e+01,2.171111e+01,2.173185e+01,2.166270e+01,2.117736e+01,2.115650e+01,2.112869e+01,2.115650e+01,2.118431e+01,2.115650e+01,2.105914e+01,2.106609e+01,2.160043e+01,2.203554e+01,2.198729e+01,2.189071e+01,2.187000e+01,2.205621e+01,2.206310e+01,2.204932e+01,2.214575e+01,2.201486e+01,2.222145e+01,2.211821e+01,2.213886e+01,2.213886e+01,2.210443e+01,2.212509e+01,2.213198e+01,2.206999e+01,2.201486e+01,2.200107e+01,2.198729e+01,2.199418e+01,2.195280e+01,2.214575e+01,2.182167e+01,2.180095e+01,2.134402e+01,2.108696e+01,2.085715e+01,2.079438e+01,2.082925e+01,2.078740e+01,2.082228e+01,2.087109e+01,2.079438e+01,2.072459e+01,2.066174e+01,2.068269e+01,2.069666e+01,2.070364e+01,2.071761e+01,2.072459e+01,2.076647e+01,2.066872e+01,2.066872e+01,2.078740e+01,2.071062e+01,2.071761e+01,2.071062e+01,2.073157e+01,2.072459e+01,2.066872e+01,2.071761e+01,2.073157e+01,2.057787e+01,2.059884e+01,2.055690e+01,2.063379e+01,2.052192e+01,2.050793e+01,2.051493e+01,2.052892e+01,2.058486e+01,2.061282e+01,2.059185e+01,2.073157e+01,2.071761e+01,2.064776e+01,2.078740e+01,2.144112e+01,2.174567e+01,2.173876e+01,2.138565e+01,2.136484e+01,2.129544e+01,2.106609e+01,2.098256e+01,2.073157e+01,2.067570e+01,2.067570e+01,2.071062e+01,2.066872e+01,2.073157e+01,2.071062e+01,2.071062e+01,2.068967e+01,2.077344e+01,2.070364e+01,2.079438e+01,2.076647e+01,2.077344e+01,2.087109e+01,2.093381e+01,2.153812e+01,2.191141e+01,2.187000e+01,2.182167e+01,2.139258e+01,2.098256e+01,2.068269e+01,2.066174e+01,2.067570e+01,2.066174e+01,2.067570e+01,2.066174e+01,2.066872e+01,2.065475e+01,2.066174e+01,2.068269e+01,2.067570e+01,2.069666e+01,2.064776e+01,2.064776e+01,2.068269e+01,2.067570e+01,2.073157e+01,2.066872e+01,2.061282e+01,2.061282e+01,2.066872e+01,2.071761e+01,2.063379e+01,2.066872e+01,2.072459e+01,2.076647e+01,2.072459e+01,2.072459e+01,2.074553e+01,2.077344e+01,2.069666e+01,2.073157e+01,2.073157e+01,2.074553e+01,2.080135e+01,2.077344e+01,2.089200e+01,2.077344e+01,2.079438e+01,2.073855e+01,2.071062e+01,2.076647e+01,2.072459e+01,2.079438e+01,2.072459e+01,2.072459e+01,2.069666e+01,2.073855e+01,2.078042e+01,2.075949e+01,2.060583e+01,2.067570e+01,2.075251e+01,2.074553e+01,2.066174e+01,2.071062e+01,2.069666e+01,2.075251e+01,2.071062e+01,2.074553e+01,2.079438e+01,2.075251e+01,2.079438e+01,2.078740e+01,2.131626e+01,2.137177e+01,2.144805e+01,2.164887e+01,2.168345e+01,2.169037e+01,2.168345e+01,2.169728e+01,2.180095e+01,2.178713e+01,2.173876e+01,2.180786e+01,2.166962e+01,2.175949e+01,2.178713e+01,2.180095e+01,2.189761e+01,2.193901e+01,2.184239e+01,2.189071e+01,2.200797e+01,2.202176e+01,2.206999e+01,2.214575e+01,2.219393e+01,2.195970e+01,2.213198e+01,2.233833e+01,2.237955e+01,2.226959e+01,2.231084e+01,2.238642e+01,2.231771e+01,2.255798e+01,2.238642e+01,2.244821e+01,2.244135e+01,2.243448e+01,2.247566e+01,2.250997e+01,2.246194e+01,2.243448e+01,2.246194e+01,2.246880e+01,2.259225e+01,2.247566e+01,2.251683e+01,2.246880e+01,2.240702e+01,2.252369e+01,2.253741e+01,2.233146e+01,2.237268e+01,2.241389e+01,2.246194e+01,2.246194e+01,2.240015e+01,2.236581e+01,2.218705e+01,2.229022e+01,2.230396e+01,2.233833e+01,2.244135e+01,2.229022e+01,2.227647e+01,2.231771e+01,2.228334e+01,2.224208e+01,2.233146e+01,2.220769e+01,2.240015e+01,2.233833e+01,2.240702e+01,2.229022e+01,2.224208e+01,2.237268e+01,2.224896e+01,2.231084e+01,2.234520e+01,2.233833e+01,2.233146e+01,2.218016e+01,2.224208e+01,2.230396e+01,2.218705e+01,2.237955e+01,2.226959e+01,2.228334e+01,2.225584e+01,2.218016e+01,2.227647e+01,2.234520e+01,2.226271e+01,2.233833e+01,2.223520e+01,2.230396e+01,2.235894e+01,2.224208e+01,2.219393e+01,2.235894e+01,2.213886e+01,2.229709e+01,2.229709e+01,2.215952e+01,2.218705e+01,2.217328e+01,2.224896e+01,2.216640e+01,2.215952e+01,2.217328e+01,2.222145e+01,2.240015e+01,2.217328e+01,2.218705e+01,2.211821e+01,2.208377e+01,2.217328e+01,2.222833e+01,2.226959e+01,2.218705e+01,2.233146e+01,2.229022e+01,2.236581e+01,2.248252e+01,2.239328e+01,2.242762e+01,2.242762e+01,2.243448e+01,2.243448e+01,2.236581e+01,2.240015e+01,2.248252e+01,2.244821e+01,2.235207e+01,2.237955e+01,2.242762e+01,2.234520e+01,2.235207e+01,2.231084e+01,2.246194e+01,2.244821e+01,2.235894e+01,2.218016e+01,2.244821e+01,2.235207e+01
2.190451e+01,2.179404e+01,2.191141e+01,2.191141e+01,2.189071e+01,2.195280e+01,2.195280e+01,2.195970e+01,2.203554e+01,2.197349e+01,2.189761e+01,2.193901e+01,2.191831e+01,2.198039e+01,2.195970e+01,2.198729e+01,2.198729e+01,2.198039e+01,2.200107e+01,2.198039e+01,2.174567e+01,2.197349e+01,2.199418e+01,2.202865e+01,2.198729e+01,2.204932e+01,2.195280e+01,2.201486e+01,2.208377e+01,2.189761e+01,2.200107e+01,2.200797e+01,2.195970e+01,2.204932e+01,2.195970e+01,2.203554e+01,2.207688e+01,2.197349e+01,2.210443e+01,2.204932e+01,2.198729e+01,2.204243e+01,2.192521e+01,2.203554e+01,2.190451e+01,2.206310e+01,2.201486e+01,2.220769e+01,2.201486e+01,2.205621e+01,2.195280e+01,2.206999e+01,2.211132e+01,2.215952e+01,2.203554e+01,2.198039e+01,2.204243e+01,2.212509e+01,2.210443e+01,2.196660e+01,2.203554e+01,2.206310e+01,2.204243e+01,2.202176e+01,2.200107e+01,2.202865e+01,2.217328e+01,2.204932e+01,2.202865e+01,2.217328e+01,2.208377e+01,2.210443e+01,2.207688e+01,2.209755e+01,2.202176e+01,2.215952e+01,2.201486e+01,2.207688e+01,2.208377e+01,2.205621e+01,2.202865e+01,2.198039e+01,2.216640e+01,2.200107e+01,2.213198e+01,2.202865e+01,2.202176e+01,2.199418e+01,2.198039e+01,2.194591e+01,2.198039e+01,2.194591e+01,2.196660e+01,2.204243e+01,2.205621e+01,2.204243e+01,2.204932e+01,2.200797e+01,2.191831e+01,2.209066e+01,2.194591e+01,2.207688e+01,2.205621e+01,2.210443e+01,2.206310e+01,2.211821e+01,2.211821e+01,2.198039e+01,2.208377e+01,2.209755e+01,2.207688e+01,2.211821e+01,2.210443e+01,2.213886e+01,2.210443e+01,2.213198e+01,2.202865e+01,2.204932e+01,2.206999e+01,2.208377e+01,2.202176e+01,2.211132e+01,2.212509e+01,2.220081e+01,2.210443e+01,2.211821e+01,2.216640e+01,2.218016e+01,2.220081e+01,2.218705e+01,2.218705e+01,2.215263e+01,2.215263e+01,2.218016e+01,2.225584e+01,2.220769e+01,2.224896e+01,2.223520e+01,2.222145e+01,2.213198e+01,2.222833e+01,2.224896e+01,2.226959e+01,2.229022e+01,2.221457e+01,2.226271e+01,2.218016e+01,2.229709e+01,2.224896e+01,2.232458e+01,2.230396e+01,2.231771e+01,2.226959e+01,2.222833e+01,2.219393e+01,2.226959e+01,2.222145e+01,2.223520e+01,2.223520e+01,2.217328e+01,2.218016e+01,2.214575e+01,2.216640e+01,2.213886e+01,2.226959e+01,2.210443e+01,2.217328e+01,2.214575e+01,2.220769e+01,2.207688e+01,2.222145e+01,2.206310e+01,2.200107e+01,2.191831e+01,2.198039e+01,2.191141e+01,2.197349e+01,2.160043e+01,2.100345e+01,2.106609e+01,2.175949e+01,2.187691e+01,2.182858e+01,2.180095e+01,2.190451e+01,2.154505e+01,2.144805e+01,2.090594e+01,2.055690e+01,2.043094e+01,2.039593e+01,2.035390e+01,2.036090e+01,2.029783e+01,2.027679e+01,2.040994e+01,2.026978e+01,2.026277e+01,2.027679e+01,2.026978e+01,2.064776e+01,2.133708e+01,2.133014e+01,2.139258e+01,2.135790e+01,2.153119e+01,2.143419e+01,2.155197e+01,2.152427e+01,2.159351e+01,2.169728e+01,2.173876e+01,2.155197e+01,2.175949e+01,2.171111e+01,2.176641e+01,2.173876e+01,2.182167e+01,2.175949e+01,2.181476e+01,2.182167e+01,2.178713e+01,2.178713e+01,2.174567e+01,2.164195e+01,2.164195e+01,2.151042e+01,2.148270e+01,2.153812e+01,2.151734e+01,2.142032e+01,2.128850e+01,2.126072e+01,2.123989e+01,2.129544e+01,2.178022e+01,2.185620e+01,2.195280e+01,2.189761e+01,2.184239e+01,2.191831e+01,2.185620e+01,2.187000e+01,2.194591e+01,2.198039e+01,2.191141e+01,2.184239e+01,2.183548e+01,2.183548e+01,2.184929e+01,2.189761e+01,2.175258e+01,2.180095e+01,2.174567e+01,2.177332e+01,2.153812e+01,2.161427e+01,2.148963e+01,2.151734e+01,2.147577e+01,2.144112e+01,2.147577e+01,2.133708e+01,2.143419e+01,2.137871e+01,2.132320e+01,2.143419e+01,2.138565e+01,2.154505e+01,2.123294e+01,2.123294e+01,2.122600e+01,2.120515e+01,2.128850e+01,2.130932e+01,2.139258e+01,2.148270e+01,2.126072e+01,2.124683e+01,2.124683e+01,2.123294e+01,2.141339e+01,2.135096e+01,2.135790e+01,2.124683e+01,2.130932e+01,2.130932e+01,2.131626e+01,2.128156e+01,2.131626e+01,2.112869e+01,2.128156e+01,2.122600e+01,2.126767e+01,2.128156e+01,2.126072e+01,2.123294e+01,2.114260e+01,2.117041e+01,2.116345e+01,2.120515e+01,2.116345e+01,2.115650e+01,2.113565e+01,2.105218e+01,2.114260e+01,2.119126e+01,2.121905e+01,2.129544e+01,2.129544e+01,2.119820e+01,2.137871e+01,2.132320e+01,2.130932e+01,2.133708e+01,2.144112e+01,2.151042e+01,2.165579e+01,2.169728e+01,2.176641e+01,2.177332e+01,2.178713e+01,2.171802e+01,2.117041e+01,2.114955e+01,2.114955e+01,2.118431e+01,2.118431e+01,2.106609e+01,2.120515e+01,2.117041e+01,2.157967e+01,2.191831e+01,2.196660e+01,2.195280e+01,2.206310e+01,2.202865e+01,2.204243e+01,2.209066e+01,2.202865e+01,2.206310e+01,2.207688e+01,2.202865e+01,2.215952e+01,2.213886e+01,2.215952e+01,2.211132e+01,2.211821e+01,2.209066e+01,2.201486e+01,2.202176e+01,2.193901e+01,2.211132e+01,2.209066e+01,2.213198e+01,2.210443e+01,2.190451e+01,2.200797e+01,2.204243e+01,2.168345e+01,2.133708e+01,2.090594e+01,2.089200e+01,2.085715e+01,2.087109e+01,2.083623e+01,2.067570e+01,2.070364e+01,2.077344e+01,2.068269e+01,2.067570e+01,2.070364e+01,2.068269e+01,2.075251e+01,2.073157e+01,2.059884e+01,2.071062e+01,2.062680e+01,2.069666e+01,2.052892e+01,2.070364e+01,2.075251e+01,2.064776e+01,2.069666e+01,2.061282e+01,2.066872e+01,2.055690e+01,2.053592e+01,2.053592e+01,2.058486e+01,2.062680e+01,2.059185e+01,2.061981e+01,2.059884e+01,2.061981e+01,2.057787e+01,2.066872e+01,2.054291e+01,2.063379e+01,2.068967e+01,2.064776e+01,2.119126e+01,2.171802e+01,2.175949e+01,2.135790e+01,2.159351e+01,2.128850e+01,2.119126e+01,2.104522e+01,2.090594e+01,2.062680e+01,2.067570e+01,2.056389e+01,2.067570e+01,2.059185e+01,2.050793e+01,2.052892e+01,2.059884e+01,2.072459e+01,2.064776e+01,2.059185e+01,2.059884e+01,2.070364e+01,2.079438e+01,2.113565e+01,2.166270e+01,2.184929e+01,2.189071e+01,2.184239e+01,2.179404e+01,2.123294e+01,2.096864e+01,2.079438e+01,2.066872e+01,2.066174e+01,2.065475e+01,2.066872e+01,2.057787e+01,2.066174e+01,2.059884e+01,2.066872e+01,2.054990e+01,2.066872e+01,2.062680e+01,2.065475e+01,2.063379e+01,2.073157e+01,2.064776e+01,2.071062e+01,2.064078e+01,2.063379e+01,2.059185e+01,2.067570e+01,2.064078e+01,2.067570e+01,2.066872e+01,2.073157e+01,2.082925e+01,2.078042e+01,2.071761e+01,2.070364e+01,2.068967e+01,2.078740e+01,2.069666e+01,2.075949e+01,2.072459e+01,2.074553e+01,2.085715e+01,2.071761e+01,2.085715e+01,2.072459e+01,2.078042e+01,2.072459e+01,2.077344e+01,2.073855e+01,2.068967e+01,2.071761e+01,2.072459e+01,2.075251e+01,2.075251e+01,2.066872e+01,2.076647e+01,2.074553e+01,2.077344e+01,2.061981e+01,2.074553e+01,2.071761e+01,2.074553e+01,2.068967e+01,2.069666e+01,2.076647e+01,2.081530e+01,2.086412e+01,2.109392e+01,2.135096e+01,2.161427e+01,2.169728e+01,2.168345e+01,2.166270e+01,2.175258e+01,2.175949e+01,2.167654e+01,2.170420e+01,2.178022e+01,2.182858e+01,2.180095e+01,2.169728e+01,2.188381e+01,2.178022e+01,2.173185e+01,2.193211e+01,2.175258e+01,2.181476e+01,2.187691e+01,2.187691e+01,2.195970e+01,2.191141e+01,2.210443e+01,2.202865e+01,2.209755e+01,2.223520e+01,2.216640e+01,2.210443e+01,2.218705e+01,2.224896e+01,2.235894e+01,2.252369e+01,2.242762e+01,2.239328e+01,2.257169e+01,2.244821e+01,2.247566e+01,2.246880e+01,2.248252e+01,2.240015e+01,2.245507e+01,2.246194e+01,2.250311e+01,2.250311e+01,2.258540e+01,2.252369e+01,2.253741e+01,2.249625e+01,2.256483e+01,2.254426e+01,2.238642e+01,2.242762e+01,2.237955e+01,2.245507e+01,2.242075e+01,2.238642e+01,2.253055e+01,2.229709e+01,2.228334e+01,2.220769e+01,2.233833e+01,2.231084e+01,2.228334e+01,2.233146e+01,2.235894e+01,2.230396e+01,2.239328e+01,2.218705e+01,2.235894e+01,2.233833e+01,2.226959e+01,2.233146e+01,2.237268e+01,2.224896e+01,2.233833e+01,2.233833e+01,2.229022e+01,2.231084e+01,2.231771e+01,2.234520e+01,2.222833e+01,2.216640e+01,2.214575e+01,2.232458e+01,2.226271e+01,2.228334e+01,2.224208e+01,2.222833e+01,2.230396e+01,2.218016e+01,2.233146e+01,2.223520e+01,2.227647e+01,2.227647e+01,2.215952e+01,2.224896e+01,2.224896e+01,2.224896e+01,2.220081e+01,2.220769e+01,2.215263e+01,2.218016e+01,2.218016e+01,2.218705e+01,2.219393e+01,2.211132e+01,2.224208e+01,2.221457e+01,2.220769e+01,2.211821e+01,2.212509e+01,2.215263e+01,2.209755e+01,2.218705e+01,2.215263e+01,2.223520e+01,2.233146e+01,2.213886e+01,2.222833e+01,2.222145e+01,2.223520e+01,2.231771e+01,2.233833e+01,2.227647e+01,2.227647e+01,2.242762e+01,2.240702e+01,2.248939e+01,2.242762e+01,2.242762e+01,2.243448e+01,2.243448e+01,2.235894e+01,2.233146e+01,2.237955e+01,2.235894e+01,2.238642e+01,2.231084e+01,2.239328e+01,2.229022e+01,2.240702e+01,2.226271e+01,2.231771e+01,2.244135e+01,2.233146e+01
2.185620e+01,2.200107e+01,2.200107e+01,2.197349e+01,2.179404e+01,2.192521e+01,2.195280e+01,2.200797e+01,2.195970e+01,2.190451e+01,2.194591e+01,2.187000e+01,2.189761e+01,2.202176e+01,2.201486e+01,2.201486e+01,2.198729e+01,2.201486e+01,2.184929e+01,2.202176e+01,2.201486e+01,2.200797e+01,2.202865e+01,2.197349e+01,2.199418e+01,2.207688e+01,2.189761e+01,2.193211e+01,2.202176e+01,2.200107e+01,2.186310e+01,2.195280e+01,2.198729e+01,2.195970e+01,2.199418e+01,2.193211e+01,2.198729e+01,2.206310e+01,2.212509e+01,2.191831e+01,2.198729e+01,2.191831e+01,2.198039e+01,2.214575e+01,2.209755e+01,2.209066e+01,2.189071e+01,2.190451e+01,2.207688e+01,2.192521e+01,2.194591e+01,2.207688e+01,2.211132e+01,2.198039e+01,2.206310e+01,2.204932e+01,2.195970e+01,2.195970e+01,2.211132e+01,2.213198e+01,2.191141e+01,2.219393e+01,2.205621e+01,2.191141e+01,2.203554e+01,2.212509e+01,2.207688e+01,2.200107e+01,2.202865e+01,2.203554e+01,2.206310e+01,2.209755e+01,2.202176e+01,2.215263e+01,2.209066e+01,2.209066e+01,2.215952e+01,2.204243e+01,2.199418e+01,2.200797e+01,2.200797e+01,2.204243e+01,2.211132e+01,2.200107e+01,2.201486e+01,2.204243e+01,2.196660e+01,2.195280e+01,2.199418e+01,2.197349e+01,2.193901e+01,2.197349e+01,2.195970e+01,2.196660e+01,2.204243e+01,2.196660e+01,2.193211e+01,2.202176e+01,2.197349e+01,2.192521e+01,2.207688e+01,2.198039e+01,2.209066e+01,2.199418e+01,2.202176e+01,2.211821e+01,2.202865e+01,2.211821e+01,2.206999e+01,2.207688e+01,2.195280e+01,2.218016e+01,2.211821e+01,2.208377e+01,2.207688e+01,2.213198e+01,2.205621e+01,2.204243e+01,2.212509e+01,2.198039e+01,2.210443e+01,2.210443e+01,2.217328e+01,2.211821e+01,2.204243e+01,2.211132e+01,2.216640e+01,2.221457e+01,2.218016e+01,2.221457e+01,2.222145e+01,2.215263e+01,2.218705e+01,2.220769e+01,2.224208e+01,2.225584e+01,2.224896e+01,2.224208e+01,2.213886e+01,2.222833e+01,2.234520e+01,2.224208e+01,2.229022e+01,2.229022e+01,2.221457e+01,2.224208e+01,2.229709e+01,2.230396e+01,2.231084e+01,2.222833e+01,2.223520e+01,2.229709e+01,2.224208e+01,2.221457e+01,2.229022e+01,2.224896e+01,2.222833e+01,2.216640e+01,2.222145e+01,2.229022e+01,2.215952e+01,2.222145e+01,2.218705e+01,2.222833e+01,2.222833e+01,2.223520e+01,2.208377e+01,2.209066e+01,2.216640e+01,2.211821e+01,2.211821e+01,2.199418e+01,2.204932e+01,2.201486e+01,2.189071e+01,2.199418e+01,2.195970e+01,2.173876e+01,2.107305e+01,2.144805e+01,2.163503e+01,2.191831e+01,2.189761e+01,2.183548e+01,2.177332e+01,2.171802e+01,2.156582e+01,2.128156e+01,2.090594e+01,2.057787e+01,2.059884e+01,2.038192e+01,2.042394e+01,2.044495e+01,2.036791e+01,2.029082e+01,2.035390e+01,2.029082e+01,2.044495e+01,2.060583e+01,2.109392e+01,2.123294e+01,2.121210e+01,2.144805e+01,2.151042e+01,2.146191e+01,2.138565e+01,2.146191e+01,2.156582e+01,2.162811e+01,2.152427e+01,2.169037e+01,2.172494e+01,2.166962e+01,2.167654e+01,2.167654e+01,2.169728e+01,2.175949e+01,2.178022e+01,2.170420e+01,2.179404e+01,2.177332e+01,2.174567e+01,2.168345e+01,2.161427e+01,2.164195e+01,2.150349e+01,2.151734e+01,2.137177e+01,2.150349e+01,2.138565e+01,2.130932e+01,2.117041e+01,2.119126e+01,2.133708e+01,2.169037e+01,2.186310e+01,2.189071e+01,2.189761e+01,2.194591e+01,2.193901e+01,2.189761e+01,2.182858e+01,2.186310e+01,2.187000e+01,2.186310e+01,2.189761e+01,2.200107e+01,2.184929e+01,2.182167e+01,2.183548e+01,2.189071e+01,2.185620e+01,2.189071e+01,2.182858e+01,2.175949e+01,2.155197e+01,2.147577e+01,2.144112e+01,2.138565e+01,2.144112e+01,2.144805e+01,2.142725e+01,2.143419e+01,2.142725e+01,2.139952e+01,2.156582e+01,2.165579e+01,2.157274e+01,2.156582e+01,2.141339e+01,2.139952e+01,2.120515e+01,2.126072e+01,2.122600e+01,2.131626e+01,2.128850e+01,2.124683e+01,2.135096e+01,2.118431e+01,2.123294e+01,2.137871e+01,2.129544e+01,2.137177e+01,2.130238e+01,2.137871e+01,2.137871e+01,2.119820e+01,2.126767e+01,2.128850e+01,2.130238e+01,2.128156e+01,2.124683e+01,2.128850e+01,2.126072e+01,2.128156e+01,2.132320e+01,2.124683e+01,2.118431e+01,2.123989e+01,2.118431e+01,2.124683e+01,2.123294e+01,2.119820e+01,2.116345e+01,2.123294e+01,2.123294e+01,2.117736e+01,2.127461e+01,2.129544e+01,2.123294e+01,2.130932e+01,2.131626e+01,2.136484e+01,2.130932e+01,2.135790e+01,2.146884e+01,2.144805e+01,2.147577e+01,2.145498e+01,2.144805e+01,2.159351e+01,2.143419e+01,2.123294e+01,2.130932e+01,2.118431e+01,2.117736e+01,2.110088e+01,2.119820e+01,2.122600e+01,2.128156e+01,2.189071e+01,2.193901e+01,2.200107e+01,2.212509e+01,2.204243e+01,2.211132e+01,2.209755e+01,2.213198e+01,2.218705e+01,2.205621e+01,2.217328e+01,2.208377e+01,2.213198e+01,2.214575e+01,2.216640e+01,2.211821e+01,2.211821e+01,2.218016e+01,2.215952e+01,2.200107e+01,2.204243e+01,2.211132e+01,2.211821e+01,2.214575e+01,2.213198e+01,2.215952e+01,2.203554e+01,2.199418e+01,2.207688e+01,2.189761e+01,2.152427e+01,2.152427e+01,2.118431e+01,2.085017e+01,2.093381e+01,2.091291e+01,2.091291e+01,2.076647e+01,2.066872e+01,2.068967e+01,2.070364e+01,2.073157e+01,2.078740e+01,2.070364e+01,2.063379e+01,2.071062e+01,2.057088e+01,2.059884e+01,2.069666e+01,2.068967e+01,2.059185e+01,2.059884e+01,2.071062e+01,2.064078e+01,2.069666e+01,2.064776e+01,2.066174e+01,2.064078e+01,2.064078e+01,2.057787e+01,2.055690e+01,2.061282e+01,2.056389e+01,2.053592e+01,2.060583e+01,2.059185e+01,2.059884e+01,2.056389e+01,2.073157e+01,2.067570e+01,2.077344e+01,2.165579e+01,2.180095e+01,2.151734e+01,2.133014e+01,2.130932e+01,2.114955e+01,2.123989e+01,2.094774e+01,2.075949e+01,2.076647e+01,2.065475e+01,2.064078e+01,2.063379e+01,2.065475e+01,2.057787e+01,2.069666e+01,2.065475e+01,2.066872e+01,2.061981e+01,2.082228e+01,2.067570e+01,2.082925e+01,2.113565e+01,2.165579e+01,2.182858e+01,2.193211e+01,2.186310e+01,2.203554e+01,2.167654e+01,2.126767e+01,2.092684e+01,2.071761e+01,2.060583e+01,2.065475e+01,2.057088e+01,2.067570e+01,2.052892e+01,2.064776e+01,2.050094e+01,2.064078e+01,2.065475e+01,2.066872e+01,2.062680e+01,2.065475e+01,2.072459e+01,2.072459e+01,2.060583e+01,2.057787e+01,2.064078e+01,2.066872e+01,2.061282e+01,2.059185e+01,2.068967e+01,2.063379e+01,2.071062e+01,2.071761e+01,2.072459e+01,2.071761e+01,2.071761e+01,2.090594e+01,2.076647e+01,2.072459e+01,2.072459e+01,2.075251e+01,2.079438e+01,2.079438e+01,2.071761e+01,2.083623e+01,2.073855e+01,2.073157e+01,2.078740e+01,2.078042e+01,2.075251e+01,2.075949e+01,2.075949e+01,2.071062e+01,2.071062e+01,2.071761e+01,2.071062e+01,2.076647e+01,2.057088e+01,2.075949e+01,2.072459e+01,2.074553e+01,2.075949e+01,2.072459e+01,2.075949e+01,2.089200e+01,2.117041e+01,2.158659e+01,2.154505e+01,2.162119e+01,2.155890e+01,2.160735e+01,2.162119e+01,2.175258e+01,2.178022e+01,2.177332e+01,2.172494e+01,2.173185e+01,2.175949e+01,2.178022e+01,2.189071e+01,2.178022e+01,2.174567e+01,2.180786e+01,2.179404e+01,2.171111e+01,2.176641e+01,2.175258e+01,2.186310e+01,2.186310e+01,2.187691e+01,2.204243e+01,2.194591e+01,2.199418e+01,2.210443e+01,2.209755e+01,2.212509e+01,2.218016e+01,2.222833e+01,2.224896e+01,2.235894e+01,2.229709e+01,2.231084e+01,2.250311e+01,2.243448e+01,2.241389e+01,2.244821e+01,2.244821e+01,2.242075e+01,2.244821e+01,2.240015e+01,2.242762e+01,2.242762e+01,2.246194e+01,2.248252e+01,2.244821e+01,2.255112e+01,2.247566e+01,2.244821e+01,2.244821e+01,2.246880e+01,2.242075e+01,2.253055e+01,2.257169e+01,2.235894e+01,2.244135e+01,2.239328e+01,2.235207e+01,2.236581e+01,2.231771e+01,2.230396e+01,2.227647e+01,2.233833e+01,2.233146e+01,2.233146e+01,2.235207e+01,2.233833e+01,2.226959e+01,2.217328e+01,2.237268e+01,2.237955e+01,2.228334e+01,2.222145e+01,2.233146e+01,2.229022e+01,2.237268e+01,2.231771e+01,2.238642e+01,2.231771e+01,2.228334e+01,2.215952e+01,2.231084e+01,2.226271e+01,2.226959e+01,2.233146e+01,2.218705e+01,2.231771e+01,2.226271e+01,2.235207e+01,2.229022e+01,2.228334e+01,2.231084e+01,2.230396e+01,2.229022e+01,2.231771e+01,2.233146e+01,2.233833e+01,2.231084e+01,2.228334e+01,2.232458e+01,2.226271e+01,2.211132e+01,2.224208e+01,2.228334e+01,2.213886e+01,2.218016e+01,2.218705e+01,2.223520e+01,2.209755e+01,2.214575e+01,2.220769e+01,2.215952e+01,2.218016e+01,2.213886e+01,2.215952e+01,2.224896e+01,2.222145e+01,2.220081e+01,2.220769e+01,2.218705e+01,2.220769e+01,2.246880e+01,2.222145e+01,2.233146e+01,2.238642e+01,2.226959e+01,2.221457e+01,2.229022e+01,2.233146e+01,2.241389e+01,2.242762e+01,2.247566e+01,2.242075e+01,2.235894e+01,2.250997e+01,2.249625e+01,2.232458e+01,2.242075e+01,2.230396e+01,2.230396e+01,2.220769e+01,2.231084e+01,2.235207e+01,2.230396e+01,2.244821e+01,2.229709e+01
2.175949e+01,2.198729e+01,2.183548e+01,2.189071e+01,2.198039e+01,2.196660e+01,2.190451e+01,2.195970e+01,2.193211e+01,2.204243e+01,2.197349e+01,2.200107e+01,2.195280e+01,2.196660e+01,2.202176e+01,2.206310e+01,2.204243e+01,2.202865e+01,2.200107e+01,2.201486e+01,2.200797e+01,2.187691e+01,2.200107e+01,2.198729e+01,2.203554e+01,2.197349e+01,2.205621e+01,2.193901e+01,2.198039e+01,2.198039e+01,2.199418e+01,2.191831e+01,2.199418e+01,2.200107e+01,2.202865e+01,2.201486e+01,2.202176e+01,2.192521e+01,2.199418e+01,2.194591e+01,2.197349e+01,2.197349e+01,2.213198e+01,2.205621e+01,2.202865e+01,2.195280e+01,2.208377e+01,2.200107e+01,2.215263e+01,2.194591e+01,2.197349e+01,2.196660e+01,2.202176e+01,2.193901e+01,2.200107e+01,2.203554e+01,2.205621e+01,2.208377e+01,2.200797e+01,2.208377e+01,2.198729e+01,2.198039e+01,2.202865e+01,2.199418e+01,2.193901e+01,2.208377e+01,2.205621e+01,2.207688e+01,2.212509e+01,2.214575e+01,2.201486e+01,2.200797e+01,2.209066e+01,2.211132e+01,2.206310e+01,2.203554e+01,2.204243e+01,2.201486e+01,2.201486e+01,2.204932e+01,2.205621e+01,2.199418e+01,2.208377e+01,2.193211e+01,2.206310e+01,2.201486e+01,2.195970e+01,2.206310e+01,2.195970e+01,2.197349e+01,2.199418e+01,2.199418e+01,2.202865e+01,2.204932e+01,2.204243e+01,2.196660e+01,2.192521e+01,2.195280e+01,2.191831e+01,2.194591e+01,2.206999e+01,2.198729e+01,2.195280e+01,2.202865e+01,2.202176e+01,2.202865e+01,2.206999e+01,2.205621e+01,2.215263e+01,2.218705e+01,2.207688e+01,2.210443e+01,2.215952e+01,2.219393e+01,2.211821e+01,2.211132e+01,2.211821e+01,2.212509e+01,2.213886e+01,2.211821e+01,2.211821e+01,2.218705e+01,2.214575e+01,2.211821e+01,2.214575e+01,2.206999e+01,2.211821e+01,2.216640e+01,2.220081e+01,2.220769e+01,2.220769e+01,2.213886e+01,2.218016e+01,2.224208e+01,2.222833e+01,2.215952e+01,2.213198e+01,2.231771e+01,2.226271e+01,2.222145e+01,2.219393e+01,2.225584e+01,2.223520e+01,2.233146e+01,2.227647e+01,2.223520e+01,2.225584e+01,2.229022e+01,2.228334e+01,2.222833e+01,2.234520e+01,2.223520e+01,2.224896e+01,2.228334e+01,2.222145e+01,2.226959e+01,2.216640e+01,2.214575e+01,2.222833e+01,2.222833e+01,2.223520e+01,2.213886e+01,2.222145e+01,2.216640e+01,2.212509e+01,2.218705e+01,2.211132e+01,2.208377e+01,2.215952e+01,2.203554e+01,2.209066e+01,2.198729e+01,2.197349e+01,2.194591e+01,2.206310e+01,2.191831e+01,2.195280e+01,2.177332e+01,2.121905e+01,2.167654e+01,2.184929e+01,2.193211e+01,2.178022e+01,2.180786e+01,2.193901e+01,2.185620e+01,2.173185e+01,2.173185e+01,2.153812e+01,2.125378e+01,2.080135e+01,2.067570e+01,2.060583e+01,2.057787e+01,2.057088e+01,2.031886e+01,2.041694e+01,2.045895e+01,2.045895e+01,2.064078e+01,2.119820e+01,2.119820e+01,2.144112e+01,2.135790e+01,2.133708e+01,2.142725e+01,2.140645e+01,2.152427e+01,2.155890e+01,2.148270e+01,2.155890e+01,2.157274e+01,2.174567e+01,2.170420e+01,2.169728e+01,2.175258e+01,2.177332e+01,2.175258e+01,2.175258e+01,2.173185e+01,2.178022e+01,2.170420e+01,2.176641e+01,2.164195e+01,2.164195e+01,2.153119e+01,2.157274e+01,2.156582e+01,2.140645e+01,2.153119e+01,2.138565e+01,2.127461e+01,2.124683e+01,2.118431e+01,2.130932e+01,2.168345e+01,2.191141e+01,2.194591e+01,2.191831e+01,2.198729e+01,2.195280e+01,2.189761e+01,2.193901e+01,2.192521e+01,2.188381e+01,2.188381e+01,2.180786e+01,2.174567e+01,2.176641e+01,2.184239e+01,2.169037e+01,2.173185e+01,2.162119e+01,2.176641e+01,2.161427e+01,2.171802e+01,2.160735e+01,2.151042e+01,2.160043e+01,2.153812e+01,2.156582e+01,2.139258e+01,2.151042e+01,2.140645e+01,2.142032e+01,2.164195e+01,2.155890e+01,2.168345e+01,2.176641e+01,2.178022e+01,2.157274e+01,2.155890e+01,2.122600e+01,2.130932e+01,2.133014e+01,2.120515e+01,2.117736e+01,2.125378e+01,2.115650e+01,2.129544e+01,2.114260e+01,2.135790e+01,2.134402e+01,2.137177e+01,2.132320e+01,2.128156e+01,2.128850e+01,2.133014e+01,2.124683e+01,2.126072e+01,2.121210e+01,2.128850e+01,2.137177e+01,2.130932e+01,2.121210e+01,2.129544e+01,2.126767e+01,2.118431e+01,2.118431e+01,2.126767e+01,2.129544e+01,2.119820e+01,2.119820e+01,2.117736e+01,2.124683e+01,2.114955e+01,2.114260e+01,2.133014e+01,2.122600e+01,2.128156e+01,2.130932e+01,2.131626e+01,2.137871e+01,2.136484e+01,2.133014e+01,2.143419e+01,2.138565e+01,2.137871e+01,2.133708e+01,2.149656e+01,2.132320e+01,2.134402e+01,2.146191e+01,2.155890e+01,2.130932e+01,2.148270e+01,2.119126e+01,2.123294e+01,2.122600e+01,2.123989e+01,2.149656e+01,2.195280e+01,2.198729e+01,2.199418e+01,2.204932e+01,2.213886e+01,2.211132e+01,2.213886e+01,2.215952e+01,2.214575e+01,2.215263e+01,2.212509e+01,2.218016e+01,2.226959e+01,2.217328e+01,2.218016e+01,2.218705e+01,2.217328e+01,2.218705e+01,2.211132e+01,2.226959e+01,2.222145e+01,2.232458e+01,2.221457e+01,2.215952e+01,2.220769e+01,2.210443e+01,2.213198e+01,2.204243e+01,2.215263e+01,2.204932e+01,2.202176e+01,2.197349e+01,2.184929e+01,2.154505e+01,2.158659e+01,2.133708e+01,2.157274e+01,2.130238e+01,2.120515e+01,2.068269e+01,2.068269e+01,2.071761e+01,2.080135e+01,2.077344e+01,2.075949e+01,2.068269e+01,2.079438e+01,2.074553e+01,2.069666e+01,2.071062e+01,2.061981e+01,2.064776e+01,2.064078e+01,2.062680e+01,2.059185e+01,2.069666e+01,2.072459e+01,2.064776e+01,2.057088e+01,2.056389e+01,2.061981e+01,2.057088e+01,2.060583e+01,2.063379e+01,2.061282e+01,2.064078e+01,2.062680e+01,2.062680e+01,2.061981e+01,2.067570e+01,2.071062e+01,2.139952e+01,2.151734e+01,2.160735e+01,2.133014e+01,2.127461e+01,2.129544e+01,2.118431e+01,2.108696e+01,2.082925e+01,2.082228e+01,2.064776e+01,2.065475e+01,2.066174e+01,2.068269e+01,2.075251e+01,2.061981e+01,2.061282e+01,2.068967e+01,2.066174e+01,2.057088e+01,2.064776e+01,2.078740e+01,2.135790e+01,2.170420e+01,2.195970e+01,2.195970e+01,2.206999e+01,2.192521e+01,2.182167e+01,2.155890e+01,2.125378e+01,2.086412e+01,2.068967e+01,2.066872e+01,2.068967e+01,2.052192e+01,2.068269e+01,2.064078e+01,2.047994e+01,2.054291e+01,2.054291e+01,2.061981e+01,2.063379e+01,2.062680e+01,2.060583e+01,2.059884e+01,2.060583e+01,2.060583e+01,2.060583e+01,2.064078e+01,2.066872e+01,2.066174e+01,2.069666e+01,2.073157e+01,2.069666e+01,2.081530e+01,2.075949e+01,2.073855e+01,2.074553e+01,2.075251e+01,2.089897e+01,2.078740e+01,2.074553e+01,2.079438e+01,2.074553e+01,2.075949e+01,2.085017e+01,2.075251e+01,2.083623e+01,2.071761e+01,2.073855e+01,2.074553e+01,2.073157e+01,2.082228e+01,2.073157e+01,2.070364e+01,2.068967e+01,2.065475e+01,2.084320e+01,2.070364e+01,2.073855e+01,2.074553e+01,2.082228e+01,2.079438e+01,2.072459e+01,2.079438e+01,2.118431e+01,2.141339e+01,2.161427e+01,2.163503e+01,2.160043e+01,2.182167e+01,2.163503e+01,2.180786e+01,2.171111e+01,2.175949e+01,2.175258e+01,2.173876e+01,2.172494e+01,2.173185e+01,2.169728e+01,2.173876e+01,2.175258e+01,2.176641e+01,2.192521e+01,2.178713e+01,2.166962e+01,2.178713e+01,2.171111e+01,2.171802e+01,2.184239e+01,2.186310e+01,2.190451e+01,2.178713e+01,2.195970e+01,2.198729e+01,2.212509e+01,2.208377e+01,2.213198e+01,2.222833e+01,2.222145e+01,2.220769e+01,2.233146e+01,2.235894e+01,2.240702e+01,2.238642e+01,2.240702e+01,2.242762e+01,2.242075e+01,2.244821e+01,2.244821e+01,2.242075e+01,2.252369e+01,2.242762e+01,2.254426e+01,2.250311e+01,2.253741e+01,2.245507e+01,2.245507e+01,2.257169e+01,2.247566e+01,2.253741e+01,2.242075e+01,2.246880e+01,2.240015e+01,2.254426e+01,2.255112e+01,2.240015e+01,2.237955e+01,2.237268e+01,2.236581e+01,2.233833e+01,2.230396e+01,2.229709e+01,2.229022e+01,2.241389e+01,2.240015e+01,2.238642e+01,2.240015e+01,2.233146e+01,2.240015e+01,2.231084e+01,2.235207e+01,2.229022e+01,2.234520e+01,2.230396e+01,2.226271e+01,2.233146e+01,2.233146e+01,2.233146e+01,2.215263e+01,2.235894e+01,2.237268e+01,2.237955e+01,2.227647e+01,2.224208e+01,2.222145e+01,2.226271e+01,2.229709e+01,2.222833e+01,2.223520e+01,2.224208e+01,2.221457e+01,2.224896e+01,2.230396e+01,2.231771e+01,2.224896e+01,2.221457e+01,2.223520e+01,2.231084e+01,2.232458e+01,2.229022e+01,2.224208e+01,2.225584e+01,2.223520e+01,2.224208e+01,2.216640e+01,2.215263e+01,2.220081e+01,2.218016e+01,2.222833e+01,2.213886e+01,2.222145e+01,2.216640e+01,2.217328e+01,2.211821e+01,2.218016e+01,2.220769e+01,2.227647e+01,2.219393e+01,2.217328e+01,2.211821e+01,2.219393e+01,2.226271e+01,2.235207e+01,2.225584e+01,2.226959e+01,2.234520e+01,2.241389e+01,2.238642e+01,2.244821e+01,2.242762e+01,2.242075e+01,2.243448e+01,2.244135e+01,2.237268e+01,2.235207e+01,2.238642e+01,2.238642e+01,2.228334e+01,2.240015e+01,2.240015e+01,2.224208e+01,2.233833e+01,2.233146e+01,2.228334e+01,2.229709e+01,2.223520e+01
2.195970e+01,2.195970e+01,2.195280e+01,2.196660e+01,2.191831e+01,2.197349e+01,2.199418e+01,2.184929e+01,2.189761e+01,2.205621e+01,2.187000e+01,2.198729e+01,2.199418e+01,2.193901e+01,2.201486e+01,2.199418e+01,2.204243e+01,2.197349e+01,2.199418e+01,2.195970e+01,2.198729e+01,2.202176e+01,2.201486e+01,2.198729e+01,2.193211e+01,2.194591e+01,2.193211e+01,2.204932e+01,2.197349e+01,2.196660e+01,2.195970e+01,2.198039e+01,2.196660e+01,2.189071e+01,2.191141e+01,2.197349e+01,2.189761e+01,2.196660e+01,2.202865e+01,2.202176e+01,2.193211e+01,2.197349e+01,2.200107e+01,2.198729e+01,2.199418e+01,2.206999e+01,2.224208e+01,2.198729e+01,2.206999e+01,2.200797e+01,2.199418e+01,2.195970e+01,2.195280e+01,2.200797e+01,2.204932e+01,2.199418e+01,2.196660e+01,2.216640e+01,2.198729e+01,2.213198e+01,2.201486e+01,2.193901e+01,2.204243e+01,2.200107e+01,2.210443e+01,2.206999e+01,2.209066e+01,2.204243e+01,2.211132e+01,2.209755e+01,2.206999e+01,2.206999e+01,2.206310e+01,2.205621e+01,2.207688e+01,2.205621e+01,2.204243e+01,2.206999e+01,2.198039e+01,2.202865e+01,2.195970e+01,2.205621e+01,2.203554e+01,2.200107e+01,2.209066e+01,2.195970e+01,2.195970e+01,2.184929e+01,2.193901e+01,2.195280e+01,2.200107e+01,2.198729e+01,2.197349e+01,2.204243e+01,2.204932e+01,2.203554e+01,2.199418e+01,2.191831e+01,2.191141e+01,2.195280e+01,2.198729e+01,2.203554e+01,2.199418e+01,2.200107e+01,2.205621e+01,2.212509e+01,2.206999e+01,2.218705e+01,2.206999e+01,2.206999e+01,2.207688e+01,2.204243e+01,2.210443e+01,2.209755e+01,2.211132e+01,2.211821e+01,2.208377e+01,2.209066e+01,2.228334e+01,2.221457e+01,2.210443e+01,2.222145e+01,2.213198e+01,2.204243e+01,2.221457e+01,2.223520e+01,2.213886e+01,2.215263e+01,2.222833e+01,2.235207e+01,2.222145e+01,2.213198e+01,2.214575e+01,2.218705e+01,2.222833e+01,2.222833e+01,2.227647e+01,2.229709e+01,2.229022e+01,2.233833e+01,2.230396e+01,2.224208e+01,2.222145e+01,2.223520e+01,2.224896e+01,2.223520e+01,2.229022e+01,2.233146e+01,2.231771e+01,2.221457e+01,2.224896e+01,2.229709e+01,2.230396e+01,2.233146e+01,2.231771e+01,2.226271e+01,2.228334e+01,2.226959e+01,2.213886e+01,2.218705e+01,2.222833e+01,2.222833e+01,2.216640e+01,2.214575e+01,2.213886e+01,2.213886e+01,2.214575e+01,2.213198e+01,2.211132e+01,2.203554e+01,2.198039e+01,2.203554e+01,2.198039e+01,2.188381e+01,2.189071e+01,2.178022e+01,2.180786e+01,2.176641e+01,2.171802e+01,2.175258e+01,2.193211e+01,2.182167e+01,2.178022e+01,2.179404e+01,2.184239e+01,2.178713e+01,2.178713e+01,2.178022e+01,2.178022e+01,2.174567e+01,2.148963e+01,2.141339e+01,2.112869e+01,2.079438e+01,2.066872e+01,2.057088e+01,2.047295e+01,2.044495e+01,2.043795e+01,2.074553e+01,2.106609e+01,2.134402e+01,2.144805e+01,2.132320e+01,2.143419e+01,2.135790e+01,2.136484e+01,2.143419e+01,2.154505e+01,2.153812e+01,2.155197e+01,2.165579e+01,2.147577e+01,2.167654e+01,2.171802e+01,2.168345e+01,2.171802e+01,2.174567e+01,2.173185e+01,2.173185e+01,2.173876e+01,2.173185e+01,2.177332e+01,2.169728e+01,2.161427e+01,2.169037e+01,2.160043e+01,2.155890e+01,2.134402e+01,2.137177e+01,2.128156e+01,2.136484e+01,2.117736e+01,2.115650e+01,2.132320e+01,2.176641e+01,2.186310e+01,2.193901e+01,2.196660e+01,2.197349e+01,2.198039e+01,2.196660e+01,2.191831e+01,2.192521e+01,2.191141e+01,2.149656e+01,2.150349e+01,2.139952e+01,2.154505e+01,2.153119e+01,2.162119e+01,2.176641e+01,2.169037e+01,2.161427e+01,2.173876e+01,2.157967e+01,2.155890e+01,2.162811e+01,2.151042e+01,2.155890e+01,2.151734e+01,2.153812e+01,2.142725e+01,2.144112e+01,2.154505e+01,2.164887e+01,2.182858e+01,2.178022e+01,2.189071e+01,2.182858e+01,2.179404e+01,2.169728e+01,2.144112e+01,2.120515e+01,2.133014e+01,2.119820e+01,2.130932e+01,2.130238e+01,2.120515e+01,2.119820e+01,2.117736e+01,2.133708e+01,2.130238e+01,2.129544e+01,2.132320e+01,2.121210e+01,2.130238e+01,2.123294e+01,2.128850e+01,2.128156e+01,2.117736e+01,2.127461e+01,2.124683e+01,2.128850e+01,2.128850e+01,2.121210e+01,2.122600e+01,2.126072e+01,2.129544e+01,2.116345e+01,2.117041e+01,2.118431e+01,2.119820e+01,2.119820e+01,2.112869e+01,2.128850e+01,2.112174e+01,2.135096e+01,2.130238e+01,2.130932e+01,2.139258e+01,2.138565e+01,2.139952e+01,2.134402e+01,2.142725e+01,2.146884e+01,2.133014e+01,2.148270e+01,2.139952e+01,2.147577e+01,2.146884e+01,2.153812e+01,2.170420e+01,2.166962e+01,2.166962e+01,2.147577e+01,2.148963e+01,2.150349e+01,2.146884e+01,2.137871e+01,2.162811e+01,2.193901e+01,2.196660e+01,2.211132e+01,2.211821e+01,2.212509e+01,2.215263e+01,2.214575e+01,2.216640e+01,2.224208e+01,2.216640e+01,2.220081e+01,2.229022e+01,2.224208e+01,2.228334e+01,2.229709e+01,2.234520e+01,2.231084e+01,2.231771e+01,2.232458e+01,2.230396e+01,2.230396e+01,2.228334e+01,2.235894e+01,2.222145e+01,2.213886e+01,2.218705e+01,2.221457e+01,2.226959e+01,2.222833e+01,2.216640e+01,2.220081e+01,2.219393e+01,2.209066e+01,2.196660e+01,2.189071e+01,2.186310e+01,2.194591e+01,2.193901e+01,2.156582e+01,2.119126e+01,2.118431e+01,2.087806e+01,2.080833e+01,2.076647e+01,2.075949e+01,2.067570e+01,2.062680e+01,2.066174e+01,2.082925e+01,2.070364e+01,2.065475e+01,2.066872e+01,2.069666e+01,2.062680e+01,2.058486e+01,2.069666e+01,2.061282e+01,2.065475e+01,2.051493e+01,2.059884e+01,2.063379e+01,2.059185e+01,2.056389e+01,2.067570e+01,2.060583e+01,2.066174e+01,2.064078e+01,2.051493e+01,2.052892e+01,2.054291e+01,2.071761e+01,2.112174e+01,2.151042e+01,2.152427e+01,2.128156e+01,2.126767e+01,2.108696e+01,2.116345e+01,2.123294e+01,2.113565e+01,2.096864e+01,2.072459e+01,2.071062e+01,2.071062e+01,2.071062e+01,2.060583e+01,2.060583e+01,2.073157e+01,2.060583e+01,2.056389e+01,2.052892e+01,2.073855e+01,2.102434e+01,2.162811e+01,2.189761e+01,2.196660e+01,2.191831e+01,2.204243e+01,2.203554e+01,2.208377e+01,2.169037e+01,2.160735e+01,2.125378e+01,2.082925e+01,2.068269e+01,2.065475e+01,2.060583e+01,2.062680e+01,2.054990e+01,2.059185e+01,2.060583e+01,2.059884e+01,2.060583e+01,2.061981e+01,2.065475e+01,2.063379e+01,2.071062e+01,2.059185e+01,2.059884e+01,2.068967e+01,2.054990e+01,2.058486e+01,2.061981e+01,2.061981e+01,2.062680e+01,2.070364e+01,2.080135e+01,2.091987e+01,2.101042e+01,2.082925e+01,2.090594e+01,2.073855e+01,2.083623e+01,2.071761e+01,2.075251e+01,2.068967e+01,2.077344e+01,2.074553e+01,2.077344e+01,2.080135e+01,2.077344e+01,2.080135e+01,2.072459e+01,2.075949e+01,2.073157e+01,2.071761e+01,2.065475e+01,2.067570e+01,2.070364e+01,2.070364e+01,2.063379e+01,2.071761e+01,2.072459e+01,2.078740e+01,2.083623e+01,2.119126e+01,2.151042e+01,2.152427e+01,2.171111e+01,2.165579e+01,2.180095e+01,2.180095e+01,2.176641e+01,2.178022e+01,2.182167e+01,2.175949e+01,2.177332e+01,2.177332e+01,2.174567e+01,2.169728e+01,2.172494e+01,2.173876e+01,2.175949e+01,2.178022e+01,2.173185e+01,2.178713e+01,2.176641e+01,2.175949e+01,2.175949e+01,2.182167e+01,2.191831e+01,2.185620e+01,2.186310e+01,2.185620e+01,2.188381e+01,2.200107e+01,2.209755e+01,2.200797e+01,2.206999e+01,2.213198e+01,2.211132e+01,2.219393e+01,2.225584e+01,2.226959e+01,2.220769e+01,2.229022e+01,2.240702e+01,2.237268e+01,2.238642e+01,2.240015e+01,2.253055e+01,2.244135e+01,2.246194e+01,2.244135e+01,2.250311e+01,2.253055e+01,2.253741e+01,2.255112e+01,2.254426e+01,2.255112e+01,2.247566e+01,2.247566e+01,2.255798e+01,2.255112e+01,2.242762e+01,2.246880e+01,2.253055e+01,2.240015e+01,2.243448e+01,2.242762e+01,2.244821e+01,2.233146e+01,2.235207e+01,2.227647e+01,2.237268e+01,2.239328e+01,2.239328e+01,2.233833e+01,2.237268e+01,2.235207e+01,2.218705e+01,2.239328e+01,2.235207e+01,2.233146e+01,2.228334e+01,2.244135e+01,2.235207e+01,2.229022e+01,2.237955e+01,2.237955e+01,2.239328e+01,2.235207e+01,2.231084e+01,2.233146e+01,2.220769e+01,2.222833e+01,2.213886e+01,2.225584e+01,2.228334e+01,2.227647e+01,2.228334e+01,2.233146e+01,2.233833e+01,2.225584e+01,2.225584e+01,2.230396e+01,2.229709e+01,2.219393e+01,2.229022e+01,2.229709e+01,2.230396e+01,2.231771e+01,2.235207e+01,2.226959e+01,2.222833e+01,2.224896e+01,2.217328e+01,2.223520e+01,2.216640e+01,2.217328e+01,2.215263e+01,2.213198e+01,2.213886e+01,2.220769e+01,2.218016e+01,2.213198e+01,2.216640e+01,2.215952e+01,2.216640e+01,2.218705e+01,2.216640e+01,2.221457e+01,2.220769e+01,2.231084e+01,2.235207e+01,2.210443e+01,2.222145e+01,2.233833e+01,2.244135e+01,2.244135e+01,2.233833e+01,2.227647e+01,2.228334e+01,2.243448e+01,2.244135e+01,2.242075e+01,2.246880e+01,2.246880e+01,2.232458e+01,2.231771e+01,2.236581e+01,2.240702e+01,2.233833e+01,2.236581e+01,2.235894e+01,2.234520e+01,2.233146e+01,2.241389e+01,2.226271e+01
2.187691e+01,2.195280e+01,2.200797e+01,2.190451e+01,2.182167e+01,2.182858e+01,2.197349e+01,2.193901e+01,2.197349e+01,2.198729e+01,2.197349e+01,2.198039e+01,2.198039e+01,2.189071e+01,2.202176e+01,2.198039e+01,2.200107e+01,2.186310e+01,2.196660e+01,2.203554e+01,2.191141e+01,2.189761e+01,2.198039e+01,2.200107e+01,2.189761e+01,2.193211e+01,2.184239e+01,2.197349e+01,2.200797e+01,2.194591e+01,2.195970e+01,2.196660e+01,2.184239e+01,2.195970e+01,2.192521e+01,2.209755e+01,2.191831e+01,2.198039e+01,2.202176e+01,2.199418e+01,2.194591e+01,2.192521e+01,2.189071e+01,2.192521e+01,2.188381e+01,2.204932e+01,2.201486e+01,2.206310e+01,2.199418e+01,2.195280e+01,2.194591e+01,2.204932e+01,2.183548e+01,2.196660e+01,2.201486e+01,2.201486e+01,2.199418e+01,2.199418e+01,2.200797e+01,2.217328e+01,2.199418e+01,2.193211e+01,2.209755e+01,2.202176e+01,2.200107e+01,2.204932e+01,2.202176e+01,2.192521e+01,2.204932e+01,2.211821e+01,2.204243e+01,2.211132e+01,2.202865e+01,2.207688e+01,2.213198e+01,2.203554e+01,2.204932e+01,2.201486e+01,2.204932e+01,2.202865e+01,2.205621e+01,2.207688e+01,2.202176e+01,2.200797e+01,2.191831e+01,2.191141e+01,2.195970e+01,2.203554e+01,2.200107e+01,2.197349e+01,2.198039e+01,2.204932e+01,2.199418e+01,2.198039e+01,2.201486e+01,2.191831e+01,2.193901e+01,2.193211e+01,2.194591e+01,2.202865e+01,2.195970e+01,2.202176e+01,2.208377e+01,2.204243e+01,2.208377e+01,2.210443e+01,2.204243e+01,2.206999e+01,2.205621e+01,2.212509e+01,2.207688e+01,2.208377e+01,2.213198e+01,2.221457e+01,2.209755e+01,2.211132e+01,2.215952e+01,2.209755e+01,2.208377e+01,2.213198e+01,2.220081e+01,2.215952e+01,2.216640e+01,2.216640e+01,2.208377e+01,2.221457e+01,2.217328e+01,2.222833e+01,2.220769e+01,2.220769e+01,2.220769e+01,2.224208e+01,2.226959e+01,2.221457e+01,2.219393e+01,2.229709e+01,2.215263e+01,2.228334e+01,2.231084e+01,2.220769e+01,2.235207e+01,2.222833e+01,2.226271e+01,2.222145e+01,2.230396e+01,2.225584e+01,2.220081e+01,2.222833e+01,2.224208e+01,2.222145e+01,2.218705e+01,2.218016e+01,2.220769e+01,2.220081e+01,2.231771e+01,2.224896e+01,2.220769e+01,2.229022e+01,2.224208e+01,2.214575e+01,2.221457e+01,2.224208e+01,2.224208e+01,2.211821e+01,2.212509e+01,2.213886e+01,2.204932e+01,2.210443e+01,2.208377e+01,2.207688e+01,2.204243e+01,2.198729e+01,2.193901e+01,2.175949e+01,2.180095e+01,2.175949e+01,2.178713e+01,2.175258e+01,2.176641e+01,2.179404e+01,2.188381e+01,2.193901e+01,2.178713e+01,2.186310e+01,2.191831e+01,2.178713e+01,2.184239e+01,2.182858e+01,2.173185e+01,2.175258e+01,2.172494e+01,2.167654e+01,2.165579e+01,2.139258e+01,2.123989e+01,2.066872e+01,2.067570e+01,2.046595e+01,2.048694e+01,2.061981e+01,2.099649e+01,2.130238e+01,2.137871e+01,2.131626e+01,2.134402e+01,2.138565e+01,2.135790e+01,2.154505e+01,2.139952e+01,2.137177e+01,2.153119e+01,2.166962e+01,2.166962e+01,2.170420e+01,2.182858e+01,2.180786e+01,2.169728e+01,2.171802e+01,2.170420e+01,2.167654e+01,2.169728e+01,2.171802e+01,2.167654e+01,2.164195e+01,2.163503e+01,2.157274e+01,2.147577e+01,2.149656e+01,2.147577e+01,2.117736e+01,2.128850e+01,2.128850e+01,2.119126e+01,2.121905e+01,2.139258e+01,2.164195e+01,2.191141e+01,2.185620e+01,2.189761e+01,2.190451e+01,2.189761e+01,2.198039e+01,2.195970e+01,2.183548e+01,2.186310e+01,2.161427e+01,2.149656e+01,2.157967e+01,2.155890e+01,2.160735e+01,2.163503e+01,2.169728e+01,2.165579e+01,2.168345e+01,2.162119e+01,2.159351e+01,2.166962e+01,2.162811e+01,2.151042e+01,2.162119e+01,2.160043e+01,2.142725e+01,2.154505e+01,2.157274e+01,2.171111e+01,2.164195e+01,2.171802e+01,2.178713e+01,2.175258e+01,2.178713e+01,2.181476e+01,2.171111e+01,2.181476e+01,2.161427e+01,2.130932e+01,2.121210e+01,2.130932e+01,2.124683e+01,2.103130e+01,2.105914e+01,2.126072e+01,2.117736e+01,2.122600e+01,2.126767e+01,2.128850e+01,2.126072e+01,2.125378e+01,2.135790e+01,2.128850e+01,2.117736e+01,2.130238e+01,2.123989e+01,2.112174e+01,2.120515e+01,2.120515e+01,2.121905e+01,2.110783e+01,2.119126e+01,2.126767e+01,2.126072e+01,2.119820e+01,2.120515e+01,2.120515e+01,2.121210e+01,2.109392e+01,2.110783e+01,2.119820e+01,2.116345e+01,2.128156e+01,2.119126e+01,2.127461e+01,2.128156e+01,2.134402e+01,2.128850e+01,2.139258e+01,2.128156e+01,2.147577e+01,2.151042e+01,2.148963e+01,2.169037e+01,2.165579e+01,2.171111e+01,2.166270e+01,2.169728e+01,2.171111e+01,2.170420e+01,2.164195e+01,2.150349e+01,2.153812e+01,2.159351e+01,2.148963e+01,2.153812e+01,2.171111e+01,2.194591e+01,2.211821e+01,2.213886e+01,2.229022e+01,2.218016e+01,2.220769e+01,2.222833e+01,2.218705e+01,2.232458e+01,2.233833e+01,2.230396e+01,2.228334e+01,2.235894e+01,2.224896e+01,2.228334e+01,2.240015e+01,2.233833e+01,2.232458e+01,2.236581e+01,2.243448e+01,2.231084e+01,2.226959e+01,2.236581e+01,2.233146e+01,2.236581e+01,2.222833e+01,2.224896e+01,2.227647e+01,2.222833e+01,2.218705e+01,2.229022e+01,2.224208e+01,2.231084e+01,2.200107e+01,2.211132e+01,2.198729e+01,2.195280e+01,2.190451e+01,2.184929e+01,2.157967e+01,2.121905e+01,2.104522e+01,2.073157e+01,2.073855e+01,2.070364e+01,2.068269e+01,2.049394e+01,2.067570e+01,2.068967e+01,2.064078e+01,2.067570e+01,2.063379e+01,2.060583e+01,2.062680e+01,2.066872e+01,2.068967e+01,2.061282e+01,2.058486e+01,2.052192e+01,2.058486e+01,2.057088e+01,2.059884e+01,2.061981e+01,2.059185e+01,2.067570e+01,2.058486e+01,2.057088e+01,2.059185e+01,2.059884e+01,2.112174e+01,2.165579e+01,2.128156e+01,2.126767e+01,2.126767e+01,2.109392e+01,2.121905e+01,2.117041e+01,2.120515e+01,2.104522e+01,2.089897e+01,2.078042e+01,2.068269e+01,2.070364e+01,2.056389e+01,2.056389e+01,2.061981e+01,2.072459e+01,2.052192e+01,2.073855e+01,2.057787e+01,2.101738e+01,2.160043e+01,2.190451e+01,2.200797e+01,2.194591e+01,2.199418e+01,2.201486e+01,2.202176e+01,2.191141e+01,2.185620e+01,2.187000e+01,2.128156e+01,2.082925e+01,2.070364e+01,2.069666e+01,2.060583e+01,2.056389e+01,2.064078e+01,2.062680e+01,2.055690e+01,2.056389e+01,2.057787e+01,2.057088e+01,2.059185e+01,2.059884e+01,2.060583e+01,2.058486e+01,2.062680e+01,2.066872e+01,2.062680e+01,2.059185e+01,2.064776e+01,2.071062e+01,2.087806e+01,2.119126e+01,2.160735e+01,2.155890e+01,2.132320e+01,2.107305e+01,2.080833e+01,2.095471e+01,2.090594e+01,2.087109e+01,2.073157e+01,2.078740e+01,2.073855e+01,2.078042e+01,2.074553e+01,2.075949e+01,2.075949e+01,2.076647e+01,2.076647e+01,2.075251e+01,2.067570e+01,2.071062e+01,2.069666e+01,2.066174e+01,2.071062e+01,2.071062e+01,2.075251e+01,2.074553e+01,2.117041e+01,2.141339e+01,2.138565e+01,2.171802e+01,2.168345e+01,2.169037e+01,2.166962e+01,2.182167e+01,2.170420e+01,2.172494e+01,2.178022e+01,2.177332e+01,2.177332e+01,2.175949e+01,2.175949e+01,2.174567e+01,2.167654e+01,2.173876e+01,2.175258e+01,2.173876e+01,2.179404e+01,2.175949e+01,2.173876e+01,2.200797e+01,2.179404e+01,2.169728e+01,2.174567e+01,2.176641e+01,2.176641e+01,2.185620e+01,2.181476e+01,2.185620e+01,2.191831e+01,2.200107e+01,2.200797e+01,2.200797e+01,2.200797e+01,2.224896e+01,2.216640e+01,2.224208e+01,2.220769e+01,2.224208e+01,2.235894e+01,2.231771e+01,2.242075e+01,2.240702e+01,2.242075e+01,2.244135e+01,2.252369e+01,2.244821e+01,2.246880e+01,2.253055e+01,2.253055e+01,2.255112e+01,2.248252e+01,2.251683e+01,2.255112e+01,2.255112e+01,2.253741e+01,2.252369e+01,2.245507e+01,2.250997e+01,2.256483e+01,2.256483e+01,2.255798e+01,2.239328e+01,2.240015e+01,2.237268e+01,2.237268e+01,2.231084e+01,2.242075e+01,2.244821e+01,2.233146e+01,2.234520e+01,2.232458e+01,2.231084e+01,2.238642e+01,2.237955e+01,2.237268e+01,2.237955e+01,2.227647e+01,2.230396e+01,2.233833e+01,2.238642e+01,2.232458e+01,2.229022e+01,2.226959e+01,2.234520e+01,2.225584e+01,2.222833e+01,2.226959e+01,2.224208e+01,2.222833e+01,2.226271e+01,2.222833e+01,2.228334e+01,2.221457e+01,2.224896e+01,2.220081e+01,2.224896e+01,2.222833e+01,2.227647e+01,2.222145e+01,2.220081e+01,2.218016e+01,2.233146e+01,2.227647e+01,2.224208e+01,2.224208e+01,2.223520e+01,2.227647e+01,2.223520e+01,2.224896e+01,2.223520e+01,2.215952e+01,2.215263e+01,2.217328e+01,2.218016e+01,2.215952e+01,2.213198e+01,2.214575e+01,2.214575e+01,2.218016e+01,2.220769e+01,2.215263e+01,2.214575e+01,2.218016e+01,2.212509e+01,2.241389e+01,2.218705e+01,2.215952e+01,2.216640e+01,2.232458e+01,2.226959e+01,2.228334e+01,2.236581e+01,2.235894e+01,2.243448e+01,2.244135e+01,2.245507e+01,2.242075e+01,2.248252e+01,2.242762e+01,2.243448e+01,2.244135e+01,2.246194e+01,2.236581e+01,2.233833e+01,2.232458e+01,2.223520e+01,2.230396e+01,2.233146e+01,2.237268e+01,2.231771e+01,2.228334e+01,2.222833e+01
2.200107e+01,2.196660e+01,2.198729e+01,2.192521e+01,2.196660e+01,2.192521e+01,2.178022e+01,2.186310e+01,2.183548e+01,2.196660e+01,2.190451e+01,2.193901e+01,2.193901e+01,2.198039e+01,2.195280e+01,2.184239e+01,2.187691e+01,2.201486e+01,2.192521e+01,2.202865e+01,2.200797e+01,2.199418e+01,2.194591e+01,2.180095e+01,2.187691e+01,2.193901e+01,2.191831e+01,2.194591e+01,2.200107e+01,2.189071e+01,2.195280e+01,2.193211e+01,2.195970e+01,2.198039e+01,2.190451e+01,2.189761e+01,2.197349e+01,2.195280e+01,2.195280e+01,2.196660e+01,2.209066e+01,2.196660e+01,2.197349e+01,2.184929e+01,2.200797e+01,2.200107e+01,2.191141e+01,2.195280e+01,2.197349e+01,2.209066e+01,2.202176e+01,2.185620e+01,2.200107e+01,2.199418e+01,2.200797e+01,2.200107e+01,2.202176e+01,2.200107e+01,2.201486e+01,2.201486e+01,2.197349e+01,2.191831e+01,2.185620e+01,2.199418e+01,2.193211e+01,2.201486e+01,2.193901e+01,2.199418e+01,2.200107e+01,2.206999e+01,2.205621e+01,2.206310e+01,2.204243e+01,2.206310e+01,2.194591e+01,2.202176e+01,2.204932e+01,2.201486e+01,2.201486e+01,2.202176e+01,2.202176e+01,2.204932e+01,2.200797e+01,2.192521e+01,2.192521e+01,2.202176e+01,2.201486e+01,2.198039e+01,2.197349e+01,2.195970e+01,2.195280e+01,2.207688e+01,2.196660e+01,2.198729e+01,2.195280e+01,2.192521e+01,2.198039e+01,2.207688e+01,2.201486e+01,2.201486e+01,2.195280e+01,2.195970e+01,2.197349e+01,2.206310e+01,2.207688e+01,2.209066e+01,2.204932e+01,2.209755e+01,2.211821e+01,2.201486e+01,2.215263e+01,2.206999e+01,2.207688e+01,2.218705e+01,2.210443e+01,2.211132e+01,2.210443e+01,2.214575e+01,2.204932e+01,2.206999e+01,2.213198e+01,2.220769e+01,2.215952e+01,2.217328e+01,2.209066e+01,2.200107e+01,2.218016e+01,2.221457e+01,2.222833e+01,2.222145e+01,2.224208e+01,2.222145e+01,2.220769e+01,2.224896e+01,2.222833e+01,2.224896e+01,2.233146e+01,2.226271e+01,2.218016e+01,2.218705e+01,2.230396e+01,2.229022e+01,2.226959e+01,2.229022e+01,2.218705e+01,2.227647e+01,2.220769e+01,2.234520e+01,2.225584e+01,2.222833e+01,2.224208e+01,2.228334e+01,2.213886e+01,2.223520e+01,2.218016e+01,2.225584e+01,2.218705e+01,2.227647e+01,2.223520e+01,2.214575e+01,2.209755e+01,2.214575e+01,2.202865e+01,2.209066e+01,2.207688e+01,2.204932e+01,2.212509e+01,2.208377e+01,2.206310e+01,2.200107e+01,2.195970e+01,2.181476e+01,2.189761e+01,2.188381e+01,2.179404e+01,2.176641e+01,2.181476e+01,2.180786e+01,2.179404e+01,2.175258e+01,2.173876e+01,2.178022e+01,2.189761e+01,2.183548e+01,2.189761e+01,2.183548e+01,2.184239e+01,2.178713e+01,2.178022e+01,2.180095e+01,2.175949e+01,2.171802e+01,2.175949e+01,2.170420e+01,2.152427e+01,2.151734e+01,2.130932e+01,2.129544e+01,2.106609e+01,2.094077e+01,2.103130e+01,2.128156e+01,2.133708e+01,2.133014e+01,2.130932e+01,2.139258e+01,2.135790e+01,2.138565e+01,2.135790e+01,2.151734e+01,2.153119e+01,2.151042e+01,2.153119e+01,2.173876e+01,2.154505e+01,2.169728e+01,2.171111e+01,2.170420e+01,2.170420e+01,2.175949e+01,2.162811e+01,2.162811e+01,2.167654e+01,2.150349e+01,2.155197e+01,2.152427e+01,2.146191e+01,2.146191e+01,2.130932e+01,2.141339e+01,2.137177e+01,2.127461e+01,2.130238e+01,2.121210e+01,2.151734e+01,2.185620e+01,2.187000e+01,2.191141e+01,2.187000e+01,2.198039e+01,2.181476e+01,2.195280e+01,2.188381e+01,2.180095e+01,2.182858e+01,2.173876e+01,2.152427e+01,2.133014e+01,2.153812e+01,2.153812e+01,2.162119e+01,2.160735e+01,2.156582e+01,2.170420e+01,2.168345e+01,2.163503e+01,2.157274e+01,2.164195e+01,2.162811e+01,2.157967e+01,2.157967e+01,2.156582e+01,2.146884e+01,2.160043e+01,2.178713e+01,2.185620e+01,2.173185e+01,2.192521e+01,2.182167e+01,2.180786e+01,2.182858e+01,2.178713e+01,2.178022e+01,2.166270e+01,2.140645e+01,2.132320e+01,2.123989e+01,2.129544e+01,2.108696e+01,2.099649e+01,2.107305e+01,2.119820e+01,2.128156e+01,2.132320e+01,2.126767e+01,2.126767e+01,2.130932e+01,2.126072e+01,2.128850e+01,2.121905e+01,2.112869e+01,2.109392e+01,2.121905e+01,2.127461e+01,2.130932e+01,2.119126e+01,2.117736e+01,2.113565e+01,2.117041e+01,2.119126e+01,2.117736e+01,2.118431e+01,2.113565e+01,2.117041e+01,2.106609e+01,2.116345e+01,2.117736e+01,2.112869e+01,2.116345e+01,2.130238e+01,2.135096e+01,2.137177e+01,2.150349e+01,2.130238e+01,2.135096e+01,2.144805e+01,2.148270e+01,2.148270e+01,2.163503e+01,2.164195e+01,2.163503e+01,2.169728e+01,2.169728e+01,2.169037e+01,2.171111e+01,2.169728e+01,2.169728e+01,2.154505e+01,2.164195e+01,2.150349e+01,2.148270e+01,2.130238e+01,2.148270e+01,2.171802e+01,2.183548e+01,2.213886e+01,2.215952e+01,2.229022e+01,2.229709e+01,2.231084e+01,2.220081e+01,2.240702e+01,2.229709e+01,2.238642e+01,2.235894e+01,2.254426e+01,2.235207e+01,2.235894e+01,2.237955e+01,2.234520e+01,2.234520e+01,2.233146e+01,2.237268e+01,2.237268e+01,2.247566e+01,2.239328e+01,2.237268e+01,2.236581e+01,2.233146e+01,2.235207e+01,2.240702e+01,2.237955e+01,2.230396e+01,2.231771e+01,2.232458e+01,2.231771e+01,2.229709e+01,2.226959e+01,2.231771e+01,2.228334e+01,2.207688e+01,2.211132e+01,2.209066e+01,2.184239e+01,2.162119e+01,2.105218e+01,2.083623e+01,2.067570e+01,2.068269e+01,2.069666e+01,2.068269e+01,2.066174e+01,2.066872e+01,2.064776e+01,2.062680e+01,2.058486e+01,2.064078e+01,2.059185e+01,2.059185e+01,2.058486e+01,2.050793e+01,2.048694e+01,2.055690e+01,2.052192e+01,2.056389e+01,2.054990e+01,2.067570e+01,2.060583e+01,2.062680e+01,2.052192e+01,2.061981e+01,2.081530e+01,2.147577e+01,2.149656e+01,2.128850e+01,2.126767e+01,2.114260e+01,2.112174e+01,2.110783e+01,2.118431e+01,2.117736e+01,2.122600e+01,2.112174e+01,2.089200e+01,2.085715e+01,2.072459e+01,2.066872e+01,2.068269e+01,2.059185e+01,2.068967e+01,2.064078e+01,2.051493e+01,2.075251e+01,2.131626e+01,2.162119e+01,2.194591e+01,2.198729e+01,2.200107e+01,2.201486e+01,2.203554e+01,2.198729e+01,2.219393e+01,2.193211e+01,2.194591e+01,2.187000e+01,2.151734e+01,2.117736e+01,2.077344e+01,2.074553e+01,2.057787e+01,2.058486e+01,2.060583e+01,2.055690e+01,2.052192e+01,2.058486e+01,2.043795e+01,2.060583e+01,2.057088e+01,2.057088e+01,2.057787e+01,2.059185e+01,2.056389e+01,2.053592e+01,2.066174e+01,2.059185e+01,2.070364e+01,2.114260e+01,2.162811e+01,2.180786e+01,2.180786e+01,2.171111e+01,2.170420e+01,2.146191e+01,2.130238e+01,2.128156e+01,2.097560e+01,2.082925e+01,2.081530e+01,2.075251e+01,2.089897e+01,2.076647e+01,2.087806e+01,2.076647e+01,2.077344e+01,2.076647e+01,2.074553e+01,2.079438e+01,2.060583e+01,2.068269e+01,2.075949e+01,2.072459e+01,2.081530e+01,2.086412e+01,2.118431e+01,2.137177e+01,2.152427e+01,2.172494e+01,2.171111e+01,2.173185e+01,2.178713e+01,2.166270e+01,2.180095e+01,2.178022e+01,2.178022e+01,2.178022e+01,2.174567e+01,2.180786e+01,2.171802e+01,2.175258e+01,2.173876e+01,2.173185e+01,2.175949e+01,2.167654e+01,2.180786e+01,2.183548e+01,2.178022e+01,2.200797e+01,2.180095e+01,2.198039e+01,2.178022e+01,2.175949e+01,2.180095e+01,2.182167e+01,2.178022e+01,2.196660e+01,2.185620e+01,2.182167e+01,2.186310e+01,2.209066e+01,2.200797e+01,2.211132e+01,2.212509e+01,2.222145e+01,2.224896e+01,2.222833e+01,2.223520e+01,2.240702e+01,2.240015e+01,2.233833e+01,2.232458e+01,2.241389e+01,2.241389e+01,2.240015e+01,2.255798e+01,2.253055e+01,2.248252e+01,2.250997e+01,2.256483e+01,2.252369e+01,2.257169e+01,2.227647e+01,2.253741e+01,2.246194e+01,2.255112e+01,2.252369e+01,2.248939e+01,2.248252e+01,2.252369e+01,2.248939e+01,2.250997e+01,2.236581e+01,2.236581e+01,2.235894e+01,2.239328e+01,2.231771e+01,2.229709e+01,2.237268e+01,2.242075e+01,2.235894e+01,2.237955e+01,2.228334e+01,2.237955e+01,2.235894e+01,2.233833e+01,2.234520e+01,2.233146e+01,2.234520e+01,2.229709e+01,2.231771e+01,2.230396e+01,2.235207e+01,2.228334e+01,2.224208e+01,2.228334e+01,2.228334e+01,2.223520e+01,2.227647e+01,2.226959e+01,2.221457e+01,2.221457e+01,2.219393e+01,2.246880e+01,2.219393e+01,2.218016e+01,2.229709e+01,2.227647e+01,2.228334e+01,2.227647e+01,2.221457e+01,2.216640e+01,2.229022e+01,2.229022e+01,2.223520e+01,2.227647e+01,2.228334e+01,2.224896e+01,2.225584e+01,2.220769e+01,2.215952e+01,2.215952e+01,2.218016e+01,2.219393e+01,2.219393e+01,2.219393e+01,2.218705e+01,2.219393e+01,2.217328e+01,2.218016e+01,2.216640e+01,2.224208e+01,2.229022e+01,2.224208e+01,2.214575e+01,2.218016e+01,2.223520e+01,2.227647e+01,2.215263e+01,2.212509e+01,2.233833e+01,2.229022e+01,2.235207e+01,2.224896e+01,2.244821e+01,2.245507e+01,2.244821e+01,2.233833e+01,2.242075e+01,2.234520e+01,2.246194e+01,2.242762e+01,2.238642e+01,2.243448e+01,2.231771e+01,2.235207e+01,2.237268e+01,2.236581e+01,2.236581e+01,2.229022e+01,2.234520e+01,2.227647e+01
2.190451e+01,2.188381e+01,2.195280e+01,2.193211e+01,2.193901e+01,2.195280e+01,2.182167e+01,2.185620e+01,2.184929e+01,2.198039e+01,2.195280e+01,2.201486e+01,2.191831e+01,2.192521e+01,2.196660e+01,2.186310e+01,2.191831e+01,2.192521e+01,2.186310e+01,2.193901e+01,2.197349e+01,2.193901e+01,2.200107e+01,2.199418e+01,2.184239e+01,2.190451e+01,2.193901e+01,2.186310e+01,2.177332e+01,2.194591e+01,2.192521e+01,2.198729e+01,2.193211e+01,2.192521e+01,2.195970e+01,2.188381e+01,2.196660e+01,2.196660e+01,2.196660e+01,2.182167e+01,2.199418e+01,2.188381e+01,2.197349e+01,2.198039e+01,2.191831e+01,2.201486e+01,2.191141e+01,2.191141e+01,2.186310e+01,2.200797e+01,2.189071e+01,2.207688e+01,2.192521e+01,2.198039e+01,2.195970e+01,2.202176e+01,2.200107e+01,2.200107e+01,2.200797e+01,2.201486e+01,2.190451e+01,2.189761e+01,2.182858e+01,2.189761e+01,2.193211e+01,2.190451e+01,2.202176e+01,2.192521e+01,2.200797e+01,2.200107e+01,2.201486e+01,2.202176e+01,2.198729e+01,2.203554e+01,2.200797e+01,2.209755e+01,2.193901e+01,2.193901e+01,2.200107e+01,2.191831e+01,2.195970e+01,2.200797e+01,2.202865e+01,2.200107e+01,2.208377e+01,2.194591e+01,2.194591e+01,2.196660e+01,2.209066e+01,2.202176e+01,2.197349e+01,2.200107e+01,2.195280e+01,2.196660e+01,2.189071e+01,2.192521e+01,2.206999e+01,2.206999e+01,2.200107e+01,2.203554e+01,2.206999e+01,2.198039e+01,2.204243e+01,2.209755e+01,2.204243e+01,2.206999e+01,2.204243e+01,2.204243e+01,2.211132e+01,2.203554e+01,2.198729e+01,2.218705e+01,2.212509e+01,2.220081e+01,2.220769e+01,2.215263e+01,2.218016e+01,2.214575e+01,2.212509e+01,2.219393e+01,2.217328e+01,2.250997e+01,2.220081e+01,2.218016e+01,2.222145e+01,2.212509e+01,2.221457e+01,2.220081e+01,2.221457e+01,2.223520e+01,2.224208e+01,2.222833e+01,2.222833e+01,2.225584e+01,2.229022e+01,2.226959e+01,2.226271e+01,2.222145e+01,2.233146e+01,2.229022e+01,2.229022e+01,2.228334e+01,2.216640e+01,2.227647e+01,2.228334e+01,2.219393e+01,2.222833e+01,2.234520e+01,2.220769e+01,2.229022e+01,2.220769e+01,2.219393e+01,2.218705e+01,2.220081e+01,2.217328e+01,2.220769e+01,2.224896e+01,2.205621e+01,2.223520e+01,2.220769e+01,2.211821e+01,2.216640e+01,2.209066e+01,2.206310e+01,2.213198e+01,2.204932e+01,2.207688e+01,2.211132e+01,2.203554e+01,2.205621e+01,2.196660e+01,2.187000e+01,2.175949e+01,2.180095e+01,2.179404e+01,2.178713e+01,2.189071e+01,2.169728e+01,2.171802e+01,2.174567e+01,2.177332e+01,2.177332e+01,2.178022e+01,2.179404e+01,2.185620e+01,2.184239e+01,2.182167e+01,2.180095e+01,2.183548e+01,2.182167e+01,2.180786e+01,2.184239e+01,2.178713e+01,2.170420e+01,2.162119e+01,2.171111e+01,2.169037e+01,2.173185e+01,2.162811e+01,2.152427e+01,2.130932e+01,2.130238e+01,2.128156e+01,2.130932e+01,2.134402e+01,2.127461e+01,2.135096e+01,2.138565e+01,2.136484e+01,2.139952e+01,2.137871e+01,2.156582e+01,2.153812e+01,2.151042e+01,2.157274e+01,2.146884e+01,2.167654e+01,2.162119e+01,2.153812e+01,2.154505e+01,2.157274e+01,2.153119e+01,2.156582e+01,2.149656e+01,2.147577e+01,2.146191e+01,2.146884e+01,2.144112e+01,2.146884e+01,2.161427e+01,2.162119e+01,2.158659e+01,2.157274e+01,2.162119e+01,2.180786e+01,2.184929e+01,2.185620e+01,2.195970e+01,2.189761e+01,2.197349e+01,2.189761e+01,2.194591e+01,2.171802e+01,2.185620e+01,2.188381e+01,2.173185e+01,2.171802e+01,2.157967e+01,2.153119e+01,2.164195e+01,2.160735e+01,2.165579e+01,2.151042e+01,2.166962e+01,2.159351e+01,2.167654e+01,2.165579e+01,2.160043e+01,2.161427e+01,2.162119e+01,2.159351e+01,2.156582e+01,2.146191e+01,2.148963e+01,2.166270e+01,2.191141e+01,2.189761e+01,2.187000e+01,2.192521e+01,2.177332e+01,2.187000e+01,2.180786e+01,2.176641e+01,2.164887e+01,2.148270e+01,2.131626e+01,2.112174e+01,2.124683e+01,2.102434e+01,2.104522e+01,2.094774e+01,2.120515e+01,2.121210e+01,2.123294e+01,2.121210e+01,2.126767e+01,2.125378e+01,2.128850e+01,2.119820e+01,2.114260e+01,2.114260e+01,2.107305e+01,2.109392e+01,2.121905e+01,2.113565e+01,2.116345e+01,2.120515e+01,2.110783e+01,2.102434e+01,2.111479e+01,2.118431e+01,2.105218e+01,2.112174e+01,2.119126e+01,2.121210e+01,2.121210e+01,2.116345e+01,2.113565e+01,2.120515e+01,2.124683e+01,2.137871e+01,2.130238e+01,2.131626e+01,2.134402e+01,2.139952e+01,2.149656e+01,2.139952e+01,2.154505e+01,2.149656e+01,2.167654e+01,2.165579e+01,2.170420e+01,2.175949e+01,2.169728e+01,2.175949e+01,2.170420e+01,2.174567e+01,2.152427e+01,2.147577e+01,2.162119e+01,2.148963e+01,2.140645e+01,2.142032e+01,2.144805e+01,2.148270e+01,2.178713e+01,2.211132e+01,2.220769e+01,2.231084e+01,2.233146e+01,2.238642e+01,2.233146e+01,2.240015e+01,2.230396e+01,2.253055e+01,2.231084e+01,2.240702e+01,2.244135e+01,2.237955e+01,2.246880e+01,2.240702e+01,2.236581e+01,2.233146e+01,2.246194e+01,2.238642e+01,2.237955e+01,2.241389e+01,2.237268e+01,2.242075e+01,2.239328e+01,2.234520e+01,2.242762e+01,2.234520e+01,2.248939e+01,2.224896e+01,2.232458e+01,2.233833e+01,2.236581e+01,2.231771e+01,2.231771e+01,2.227647e+01,2.223520e+01,2.211132e+01,2.220081e+01,2.207688e+01,2.191141e+01,2.133014e+01,2.091987e+01,2.066174e+01,2.068269e+01,2.067570e+01,2.069666e+01,2.069666e+01,2.065475e+01,2.068269e+01,2.061282e+01,2.065475e+01,2.059185e+01,2.053592e+01,2.049394e+01,2.050094e+01,2.065475e+01,2.051493e+01,2.055690e+01,2.064078e+01,2.058486e+01,2.056389e+01,2.056389e+01,2.052892e+01,2.061981e+01,2.083623e+01,2.126767e+01,2.166270e+01,2.165579e+01,2.145498e+01,2.121905e+01,2.112869e+01,2.110783e+01,2.121210e+01,2.110783e+01,2.110088e+01,2.124683e+01,2.114260e+01,2.113565e+01,2.112174e+01,2.091291e+01,2.065475e+01,2.061981e+01,2.061981e+01,2.058486e+01,2.066174e+01,2.050793e+01,2.101042e+01,2.137177e+01,2.181476e+01,2.191141e+01,2.193901e+01,2.198729e+01,2.202176e+01,2.198039e+01,2.195970e+01,2.195970e+01,2.200797e+01,2.189761e+01,2.189071e+01,2.166962e+01,2.164887e+01,2.117736e+01,2.090594e+01,2.061282e+01,2.059185e+01,2.057787e+01,2.059185e+01,2.058486e+01,2.052192e+01,2.061981e+01,2.050793e+01,2.062680e+01,2.059185e+01,2.044495e+01,2.051493e+01,2.045195e+01,2.048694e+01,2.050094e+01,2.068269e+01,2.070364e+01,2.114955e+01,2.166962e+01,2.193901e+01,2.192521e+01,2.191141e+01,2.177332e+01,2.184929e+01,2.181476e+01,2.157274e+01,2.162811e+01,2.128850e+01,2.125378e+01,2.123989e+01,2.112869e+01,2.114955e+01,2.113565e+01,2.113565e+01,2.114260e+01,2.112174e+01,2.119820e+01,2.106609e+01,2.114955e+01,2.097560e+01,2.085715e+01,2.119126e+01,2.121905e+01,2.125378e+01,2.161427e+01,2.160735e+01,2.181476e+01,2.175949e+01,2.175949e+01,2.175258e+01,2.173876e+01,2.178713e+01,2.178713e+01,2.182858e+01,2.182167e+01,2.173185e+01,2.180786e+01,2.176641e+01,2.178022e+01,2.173185e+01,2.173876e+01,2.169728e+01,2.192521e+01,2.169728e+01,2.175949e+01,2.173185e+01,2.171111e+01,2.178022e+01,2.171802e+01,2.166270e+01,2.170420e+01,2.175949e+01,2.177332e+01,2.160043e+01,2.182167e+01,2.184239e+01,2.198729e+01,2.187000e+01,2.206999e+01,2.198039e+01,2.218705e+01,2.207688e+01,2.221457e+01,2.222145e+01,2.221457e+01,2.222833e+01,2.221457e+01,2.220769e+01,2.229709e+01,2.228334e+01,2.235894e+01,2.234520e+01,2.237268e+01,2.246880e+01,2.249625e+01,2.244821e+01,2.244821e+01,2.250311e+01,2.255112e+01,2.256483e+01,2.248939e+01,2.229022e+01,2.251683e+01,2.256483e+01,2.253055e+01,2.252369e+01,2.252369e+01,2.260596e+01,2.257854e+01,2.250311e+01,2.237955e+01,2.253741e+01,2.235894e+01,2.237955e+01,2.231771e+01,2.253741e+01,2.229022e+01,2.233146e+01,2.226271e+01,2.227647e+01,2.227647e+01,2.231084e+01,2.233833e+01,2.233833e+01,2.240702e+01,2.236581e+01,2.228334e+01,2.226959e+01,2.231771e+01,2.229709e+01,2.229022e+01,2.227647e+01,2.223520e+01,2.230396e+01,2.225584e+01,2.224896e+01,2.224208e+01,2.229022e+01,2.229709e+01,2.227647e+01,2.231771e+01,2.230396e+01,2.219393e+01,2.218016e+01,2.226959e+01,2.221457e+01,2.220769e+01,2.228334e+01,2.221457e+01,2.222833e+01,2.218705e+01,2.222145e+01,2.227647e+01,2.218016e+01,2.226271e+01,2.227647e+01,2.220081e+01,2.224208e+01,2.223520e+01,2.221457e+01,2.218016e+01,2.215952e+01,2.218016e+01,2.218016e+01,2.211821e+01,2.220081e+01,2.213886e+01,2.220081e+01,2.216640e+01,2.214575e+01,2.213886e+01,2.224208e+01,2.220769e+01,2.226959e+01,2.222833e+01,2.224896e+01,2.219393e+01,2.215952e+01,2.217328e+01,2.234520e+01,2.233146e+01,2.236581e+01,2.233833e+01,2.242075e+01,2.236581e+01,2.238642e+01,2.240702e+01,2.232458e+01,2.230396e+01,2.235207e+01,2.231084e+01,2.236581e+01,2.228334e+01,2.232458e+01,2.233833e+01,2.237955e+01,2.237268e+01,2.227647e+01,2.225584e+01,2.225584e+01,2.246880e+01
2.194591e+01,2.194591e+01,2.193901e+01,2.191141e+01,2.192521e+01,2.189761e+01,2.192521e+01,2.193901e+01,2.191141e+01,2.191831e+01,2.184929e+01,2.190451e+01,2.189761e+01,2.187000e+01,2.198729e+01,2.191141e+01,2.198729e+01,2.201486e+01,2.197349e+01,2.198039e+01,2.195280e+01,2.196660e+01,2.195280e+01,2.198729e+01,2.198729e+01,2.177332e+01,2.190451e+01,2.198039e+01,2.197349e+01,2.196660e+01,2.193901e+01,2.196660e+01,2.184929e+01,2.194591e+01,2.195280e+01,2.196660e+01,2.191831e+01,2.210443e+01,2.193211e+01,2.209066e+01,2.198729e+01,2.198039e+01,2.199418e+01,2.187691e+01,2.184929e+01,2.200797e+01,2.187691e+01,2.188381e+01,2.189071e+01,2.197349e+01,2.198039e+01,2.196660e+01,2.192521e+01,2.197349e+01,2.191141e+01,2.195970e+01,2.203554e+01,2.200107e+01,2.200107e+01,2.203554e+01,2.191141e+01,2.201486e+01,2.199418e+01,2.198729e+01,2.182167e+01,2.204932e+01,2.197349e+01,2.193211e+01,2.206310e+01,2.200797e+01,2.199418e+01,2.194591e+01,2.202865e+01,2.201486e+01,2.200797e+01,2.211132e+01,2.201486e+01,2.204243e+01,2.198729e+01,2.195970e+01,2.200107e+01,2.201486e+01,2.200107e+01,2.197349e+01,2.184929e+01,2.203554e+01,2.193901e+01,2.206999e+01,2.196660e+01,2.198039e+01,2.198039e+01,2.198039e+01,2.194591e+01,2.199418e+01,2.196660e+01,2.201486e+01,2.189071e+01,2.193901e+01,2.198729e+01,2.198039e+01,2.194591e+01,2.204243e+01,2.198039e+01,2.207688e+01,2.198039e+01,2.205621e+01,2.209066e+01,2.204243e+01,2.204243e+01,2.212509e+01,2.212509e+01,2.213886e+01,2.211132e+01,2.220769e+01,2.221457e+01,2.220081e+01,2.220081e+01,2.211821e+01,2.220769e+01,2.220081e+01,2.218016e+01,2.218705e+01,2.217328e+01,2.220769e+01,2.212509e+01,2.219393e+01,2.219393e+01,2.224208e+01,2.218705e+01,2.226959e+01,2.228334e+01,2.225584e+01,2.224896e+01,2.226959e+01,2.225584e+01,2.224208e+01,2.228334e+01,2.225584e+01,2.226959e+01,2.222833e+01,2.225584e+01,2.235894e+01,2.231084e+01,2.229022e+01,2.215952e+01,2.217328e+01,2.226959e+01,2.226959e+01,2.214575e+01,2.235207e+01,2.231084e+01,2.219393e+01,2.220081e+01,2.212509e+01,2.220769e+01,2.221457e+01,2.220769e+01,2.222145e+01,2.224896e+01,2.213886e+01,2.209755e+01,2.213886e+01,2.206999e+01,2.206999e+01,2.213886e+01,2.209755e+01,2.205621e+01,2.200797e+01,2.198039e+01,2.197349e+01,2.192521e+01,2.180095e+01,2.177332e+01,2.182167e+01,2.178713e+01,2.184929e+01,2.190451e+01,2.189761e+01,2.175949e+01,2.171802e+01,2.168345e+01,2.173876e+01,2.173185e+01,2.173876e+01,2.184239e+01,2.184929e+01,2.182858e+01,2.180095e+01,2.183548e+01,2.184239e+01,2.191831e+01,2.176641e+01,2.184239e+01,2.178022e+01,2.178713e+01,2.182167e+01,2.189071e+01,2.173876e+01,2.163503e+01,2.164195e+01,2.147577e+01,2.128850e+01,2.129544e+01,2.133708e+01,2.133014e+01,2.127461e+01,2.133708e+01,2.142032e+01,2.134402e+01,2.137871e+01,2.154505e+01,2.143419e+01,2.155890e+01,2.153119e+01,2.164195e+01,2.153119e+01,2.169037e+01,2.160043e+01,2.151042e+01,2.157967e+01,2.151042e+01,2.161427e+01,2.149656e+01,2.149656e+01,2.151042e+01,2.146191e+01,2.137177e+01,2.136484e+01,2.153119e+01,2.184929e+01,2.171111e+01,2.195280e+01,2.184929e+01,2.176641e+01,2.184929e+01,2.192521e+01,2.193901e+01,2.197349e+01,2.190451e+01,2.196660e+01,2.192521e+01,2.191141e+01,2.185620e+01,2.182858e+01,2.188381e+01,2.184929e+01,2.170420e+01,2.165579e+01,2.166270e+01,2.165579e+01,2.166270e+01,2.170420e+01,2.171111e+01,2.166270e+01,2.161427e+01,2.159351e+01,2.164195e+01,2.169037e+01,2.171111e+01,2.169037e+01,2.151734e+01,2.148270e+01,2.129544e+01,2.163503e+01,2.178022e+01,2.186310e+01,2.195970e+01,2.192521e+01,2.187000e+01,2.205621e+01,2.182858e+01,2.186310e+01,2.182858e+01,2.158659e+01,2.162811e+01,2.135790e+01,2.130238e+01,2.119126e+01,2.104522e+01,2.107305e+01,2.112174e+01,2.119820e+01,2.112174e+01,2.121905e+01,2.123989e+01,2.118431e+01,2.114955e+01,2.126072e+01,2.102434e+01,2.111479e+01,2.104522e+01,2.117041e+01,2.105914e+01,2.119126e+01,2.119820e+01,2.111479e+01,2.112174e+01,2.116345e+01,2.114260e+01,2.114955e+01,2.110783e+01,2.113565e+01,2.119820e+01,2.109392e+01,2.113565e+01,2.112869e+01,2.127461e+01,2.117736e+01,2.127461e+01,2.122600e+01,2.130238e+01,2.141339e+01,2.132320e+01,2.140645e+01,2.139258e+01,2.146884e+01,2.149656e+01,2.156582e+01,2.160043e+01,2.162119e+01,2.160735e+01,2.173876e+01,2.173185e+01,2.170420e+01,2.164195e+01,2.169037e+01,2.171111e+01,2.169037e+01,2.158659e+01,2.157274e+01,2.155890e+01,2.147577e+01,2.144112e+01,2.152427e+01,2.129544e+01,2.146884e+01,2.151734e+01,2.209755e+01,2.232458e+01,2.237268e+01,2.242762e+01,2.244135e+01,2.242762e+01,2.239328e+01,2.237268e+01,2.242762e+01,2.254426e+01,2.233833e+01,2.237955e+01,2.237268e+01,2.229709e+01,2.238642e+01,2.240702e+01,2.241389e+01,2.242762e+01,2.235207e+01,2.241389e+01,2.242762e+01,2.227647e+01,2.244135e+01,2.230396e+01,2.238642e+01,2.241389e+01,2.246880e+01,2.243448e+01,2.244135e+01,2.242075e+01,2.231084e+01,2.231771e+01,2.233833e+01,2.234520e+01,2.229709e+01,2.224208e+01,2.226271e+01,2.233833e+01,2.212509e+01,2.169037e+01,2.131626e+01,2.091987e+01,2.068269e+01,2.068967e+01,2.065475e+01,2.067570e+01,2.069666e+01,2.062680e+01,2.066174e+01,2.064078e+01,2.061282e+01,2.059185e+01,2.052192e+01,2.073157e+01,2.052892e+01,2.057787e+01,2.050094e+01,2.053592e+01,2.059884e+01,2.055690e+01,2.054990e+01,2.078740e+01,2.082925e+01,2.128850e+01,2.166270e+01,2.171802e+01,2.162119e+01,2.146884e+01,2.132320e+01,2.116345e+01,2.112869e+01,2.113565e+01,2.111479e+01,2.130932e+01,2.135096e+01,2.121905e+01,2.126072e+01,2.128850e+01,2.134402e+01,2.110783e+01,2.086412e+01,2.057088e+01,2.066872e+01,2.071761e+01,2.073157e+01,2.129544e+01,2.166270e+01,2.182858e+01,2.200107e+01,2.200797e+01,2.205621e+01,2.203554e+01,2.202865e+01,2.200107e+01,2.197349e+01,2.194591e+01,2.198039e+01,2.195280e+01,2.200797e+01,2.192521e+01,2.164195e+01,2.119126e+01,2.091291e+01,2.063379e+01,2.059884e+01,2.048694e+01,2.048694e+01,2.048694e+01,2.049394e+01,2.056389e+01,2.059884e+01,2.048694e+01,2.057787e+01,2.057088e+01,2.056389e+01,2.051493e+01,2.056389e+01,2.057088e+01,2.071761e+01,2.129544e+01,2.168345e+01,2.183548e+01,2.193211e+01,2.192521e+01,2.186310e+01,2.189761e+01,2.188381e+01,2.193211e+01,2.193901e+01,2.179404e+01,2.172494e+01,2.181476e+01,2.185620e+01,2.167654e+01,2.183548e+01,2.170420e+01,2.171111e+01,2.166270e+01,2.177332e+01,2.160735e+01,2.155890e+01,2.165579e+01,2.174567e+01,2.158659e+01,2.160735e+01,2.185620e+01,2.182858e+01,2.187000e+01,2.179404e+01,2.179404e+01,2.180786e+01,2.175258e+01,2.181476e+01,2.178713e+01,2.181476e+01,2.183548e+01,2.183548e+01,2.185620e+01,2.185620e+01,2.176641e+01,2.188381e+01,2.173185e+01,2.178022e+01,2.169728e+01,2.173876e+01,2.173185e+01,2.171111e+01,2.181476e+01,2.175258e+01,2.186310e+01,2.176641e+01,2.175258e+01,2.180786e+01,2.168345e+01,2.170420e+01,2.178713e+01,2.185620e+01,2.186310e+01,2.191831e+01,2.190451e+01,2.194591e+01,2.193211e+01,2.230396e+01,2.218705e+01,2.224208e+01,2.219393e+01,2.222145e+01,2.222833e+01,2.221457e+01,2.222833e+01,2.236581e+01,2.231084e+01,2.224208e+01,2.242075e+01,2.250311e+01,2.251683e+01,2.241389e+01,2.259225e+01,2.243448e+01,2.248252e+01,2.259225e+01,2.259911e+01,2.254426e+01,2.253055e+01,2.250997e+01,2.252369e+01,2.254426e+01,2.248939e+01,2.248252e+01,2.246194e+01,2.253741e+01,2.257169e+01,2.237955e+01,2.242075e+01,2.236581e+01,2.246194e+01,2.237268e+01,2.245507e+01,2.231084e+01,2.233146e+01,2.243448e+01,2.231084e+01,2.239328e+01,2.229709e+01,2.240015e+01,2.229022e+01,2.233833e+01,2.233833e+01,2.225584e+01,2.222833e+01,2.229022e+01,2.225584e+01,2.222145e+01,2.220769e+01,2.233833e+01,2.233146e+01,2.220081e+01,2.222145e+01,2.222833e+01,2.217328e+01,2.218016e+01,2.230396e+01,2.230396e+01,2.216640e+01,2.216640e+01,2.215952e+01,2.226959e+01,2.231084e+01,2.228334e+01,2.222833e+01,2.231084e+01,2.220769e+01,2.224208e+01,2.224896e+01,2.224208e+01,2.227647e+01,2.222145e+01,2.225584e+01,2.222145e+01,2.224896e+01,2.211132e+01,2.224208e+01,2.220769e+01,2.219393e+01,2.224208e+01,2.215952e+01,2.218705e+01,2.210443e+01,2.220769e+01,2.221457e+01,2.225584e+01,2.213886e+01,2.216640e+01,2.226271e+01,2.211821e+01,2.224896e+01,2.226271e+01,2.222145e+01,2.218705e+01,2.225584e+01,2.224896e+01,2.217328e+01,2.235894e+01,2.240702e+01,2.243448e+01,2.240015e+01,2.242762e+01,2.247566e+01,2.228334e+01,2.232458e+01,2.235207e+01,2.235894e+01,2.236581e+01,2.244135e+01,2.237268e+01,2.235894e+01,2.233833e+01,2.229709e+01,2.237955e+01,2.231771e+01,2.228334e+01,2.229709e+01,2.226959e+01
2.203554e+01,2.200107e+01,2.203554e+01,2.189761e+01,2.195970e+01,2.182167e+01,2.189761e+01,2.191831e+01,2.185620e+01,2.187691e+01,2.193211e+01,2.191831e+01,2.189071e+01,2.199418e+01,2.192521e+01,2.189761e+01,2.201486e+01,2.200797e+01,2.193901e+01,2.184239e+01,2.189761e+01,2.191141e+01,2.191141e+01,2.182167e+01,2.197349e+01,2.179404e+01,2.195970e+01,2.190451e+01,2.191831e+01,2.193211e+01,2.182858e+01,2.195970e+01,2.198039e+01,2.182167e+01,2.191831e+01,2.192521e+01,2.196660e+01,2.193211e+01,2.200107e+01,2.180095e+01,2.193211e+01,2.197349e+01,2.198729e+01,2.183548e+01,2.197349e+01,2.185620e+01,2.184239e+01,2.194591e+01,2.195280e+01,2.189071e+01,2.198729e+01,2.206999e+01,2.191831e+01,2.197349e+01,2.198039e+01,2.193901e+01,2.200107e+01,2.192521e+01,2.194591e+01,2.202176e+01,2.195970e+01,2.196660e+01,2.187000e+01,2.209755e+01,2.188381e+01,2.192521e+01,2.205621e+01,2.202176e+01,2.182167e+01,2.211132e+01,2.183548e+01,2.200107e+01,2.191831e+01,2.193901e+01,2.209066e+01,2.204932e+01,2.191831e+01,2.201486e+01,2.198729e+01,2.198039e+01,2.199418e+01,2.200797e+01,2.198729e+01,2.200107e+01,2.180786e+01,2.195970e+01,2.195970e+01,2.197349e+01,2.202865e+01,2.198039e+01,2.195970e+01,2.202176e+01,2.203554e+01,2.200797e+01,2.200107e+01,2.193211e+01,2.193901e+01,2.193211e+01,2.194591e+01,2.204243e+01,2.206999e+01,2.205621e+01,2.213198e+01,2.209066e+01,2.206310e+01,2.206310e+01,2.212509e+01,2.211821e+01,2.213198e+01,2.213198e+01,2.209066e+01,2.204243e+01,2.203554e+01,2.213198e+01,2.217328e+01,2.212509e+01,2.213886e+01,2.220081e+01,2.207688e+01,2.225584e+01,2.218705e+01,2.214575e+01,2.222833e+01,2.222833e+01,2.219393e+01,2.219393e+01,2.215263e+01,2.230396e+01,2.220769e+01,2.225584e+01,2.211821e+01,2.226959e+01,2.226959e+01,2.226959e+01,2.226271e+01,2.233833e+01,2.226959e+01,2.229022e+01,2.226271e+01,2.230396e+01,2.224896e+01,2.225584e+01,2.221457e+01,2.225584e+01,2.226271e+01,2.230396e+01,2.224208e+01,2.228334e+01,2.222833e+01,2.220769e+01,2.219393e+01,2.202865e+01,2.199418e+01,2.219393e+01,2.218705e+01,2.211821e+01,2.201486e+01,2.206999e+01,2.205621e+01,2.213198e+01,2.206310e+01,2.207688e+01,2.205621e+01,2.209066e+01,2.199418e+01,2.203554e+01,2.205621e+01,2.204932e+01,2.193901e+01,2.207688e+01,2.193211e+01,2.189071e+01,2.181476e+01,2.191141e+01,2.189071e+01,2.184929e+01,2.183548e+01,2.189761e+01,2.172494e+01,2.175949e+01,2.169037e+01,2.186310e+01,2.162811e+01,2.176641e+01,2.182858e+01,2.172494e+01,2.181476e+01,2.189071e+01,2.182167e+01,2.180786e+01,2.187000e+01,2.180095e+01,2.178022e+01,2.182167e+01,2.176641e+01,2.182858e+01,2.180786e+01,2.180095e+01,2.180786e+01,2.167654e+01,2.157274e+01,2.128156e+01,2.126767e+01,2.124683e+01,2.130238e+01,2.130238e+01,2.112174e+01,2.136484e+01,2.131626e+01,2.135790e+01,2.139258e+01,2.151042e+01,2.151734e+01,2.160043e+01,2.158659e+01,2.159351e+01,2.153812e+01,2.153119e+01,2.153812e+01,2.147577e+01,2.150349e+01,2.162119e+01,2.151734e+01,2.149656e+01,2.145498e+01,2.142725e+01,2.141339e+01,2.146884e+01,2.142032e+01,2.168345e+01,2.166962e+01,2.191831e+01,2.187000e+01,2.179404e+01,2.190451e+01,2.191831e+01,2.192521e+01,2.189761e+01,2.191831e+01,2.192521e+01,2.182858e+01,2.191831e+01,2.189761e+01,2.191141e+01,2.172494e+01,2.178022e+01,2.172494e+01,2.169037e+01,2.164887e+01,2.164195e+01,2.171111e+01,2.179404e+01,2.171111e+01,2.160043e+01,2.171111e+01,2.168345e+01,2.171111e+01,2.170420e+01,2.172494e+01,2.170420e+01,2.156582e+01,2.126767e+01,2.144805e+01,2.153812e+01,2.189071e+01,2.192521e+01,2.190451e+01,2.191141e+01,2.192521e+01,2.190451e+01,2.197349e+01,2.178713e+01,2.183548e+01,2.178713e+01,2.167654e+01,2.146884e+01,2.133014e+01,2.131626e+01,2.118431e+01,2.115650e+01,2.122600e+01,2.119126e+01,2.118431e+01,2.114260e+01,2.120515e+01,2.119820e+01,2.119126e+01,2.108001e+01,2.103826e+01,2.101738e+01,2.101738e+01,2.103130e+01,2.105914e+01,2.110088e+01,2.105218e+01,2.119126e+01,2.112869e+01,2.115650e+01,2.114955e+01,2.110088e+01,2.112174e+01,2.113565e+01,2.113565e+01,2.117736e+01,2.115650e+01,2.119126e+01,2.117041e+01,2.114955e+01,2.110783e+01,2.121210e+01,2.123294e+01,2.126767e+01,2.130238e+01,2.141339e+01,2.144112e+01,2.152427e+01,2.134402e+01,2.151734e+01,2.155890e+01,2.165579e+01,2.169037e+01,2.175949e+01,2.177332e+01,2.169728e+01,2.172494e+01,2.171802e+01,2.162811e+01,2.169037e+01,2.157967e+01,2.156582e+01,2.161427e+01,2.148963e+01,2.143419e+01,2.142725e+01,2.144805e+01,2.141339e+01,2.142725e+01,2.203554e+01,2.214575e+01,2.229709e+01,2.232458e+01,2.242075e+01,2.226271e+01,2.229022e+01,2.242762e+01,2.237955e+01,2.226959e+01,2.240702e+01,2.241389e+01,2.236581e+01,2.241389e+01,2.228334e+01,2.225584e+01,2.234520e+01,2.239328e+01,2.237955e+01,2.231771e+01,2.240015e+01,2.235207e+01,2.238642e+01,2.240015e+01,2.244135e+01,2.242762e+01,2.242075e+01,2.235894e+01,2.232458e+01,2.251683e+01,2.234520e+01,2.242075e+01,2.237268e+01,2.231084e+01,2.225584e+01,2.237268e+01,2.228334e+01,2.220769e+01,2.226959e+01,2.209066e+01,2.191141e+01,2.146191e+01,2.102434e+01,2.066872e+01,2.067570e+01,2.068967e+01,2.066174e+01,2.063379e+01,2.053592e+01,2.064078e+01,2.064078e+01,2.054291e+01,2.061282e+01,2.064078e+01,2.067570e+01,2.057787e+01,2.066174e+01,2.089897e+01,2.070364e+01,2.083623e+01,2.083623e+01,2.124683e+01,2.156582e+01,2.177332e+01,2.205621e+01,2.182858e+01,2.173876e+01,2.165579e+01,2.130932e+01,2.115650e+01,2.137871e+01,2.112869e+01,2.119820e+01,2.131626e+01,2.123294e+01,2.123294e+01,2.137177e+01,2.139952e+01,2.148270e+01,2.146884e+01,2.126767e+01,2.094774e+01,2.085017e+01,2.075949e+01,2.096864e+01,2.155197e+01,2.175949e+01,2.184929e+01,2.198039e+01,2.198729e+01,2.197349e+01,2.198729e+01,2.196660e+01,2.202176e+01,2.203554e+01,2.206310e+01,2.192521e+01,2.195970e+01,2.197349e+01,2.200107e+01,2.172494e+01,2.166270e+01,2.137177e+01,2.103826e+01,2.064078e+01,2.056389e+01,2.063379e+01,2.039593e+01,2.057088e+01,2.048694e+01,2.066872e+01,2.050094e+01,2.052892e+01,2.043094e+01,2.047295e+01,2.052892e+01,2.054291e+01,2.064776e+01,2.073855e+01,2.133014e+01,2.187000e+01,2.195970e+01,2.185620e+01,2.189761e+01,2.186310e+01,2.193901e+01,2.193901e+01,2.191141e+01,2.193211e+01,2.201486e+01,2.179404e+01,2.184929e+01,2.186310e+01,2.182858e+01,2.190451e+01,2.182167e+01,2.183548e+01,2.175949e+01,2.171802e+01,2.171111e+01,2.187691e+01,2.186310e+01,2.184929e+01,2.180786e+01,2.187000e+01,2.171111e+01,2.183548e+01,2.176641e+01,2.177332e+01,2.178022e+01,2.176641e+01,2.175258e+01,2.182167e+01,2.182858e+01,2.181476e+01,2.182858e+01,2.177332e+01,2.191831e+01,2.179404e+01,2.170420e+01,2.171111e+01,2.173185e+01,2.179404e+01,2.177332e+01,2.177332e+01,2.182858e+01,2.180786e+01,2.184929e+01,2.174567e+01,2.173185e+01,2.171111e+01,2.178022e+01,2.173185e+01,2.176641e+01,2.162811e+01,2.175258e+01,2.178022e+01,2.187000e+01,2.192521e+01,2.184239e+01,2.187691e+01,2.190451e+01,2.198039e+01,2.203554e+01,2.215952e+01,2.210443e+01,2.218705e+01,2.225584e+01,2.222145e+01,2.219393e+01,2.225584e+01,2.232458e+01,2.235894e+01,2.237268e+01,2.239328e+01,2.239328e+01,2.240015e+01,2.244135e+01,2.250997e+01,2.248939e+01,2.249625e+01,2.256483e+01,2.256483e+01,2.254426e+01,2.250997e+01,2.253055e+01,2.249625e+01,2.256483e+01,2.251683e+01,2.252369e+01,2.247566e+01,2.243448e+01,2.235207e+01,2.238642e+01,2.238642e+01,2.235894e+01,2.242075e+01,2.241389e+01,2.240015e+01,2.233833e+01,2.224208e+01,2.228334e+01,2.235207e+01,2.240702e+01,2.241389e+01,2.227647e+01,2.233146e+01,2.233146e+01,2.231771e+01,2.231084e+01,2.237268e+01,2.233146e+01,2.220769e+01,2.237268e+01,2.229709e+01,2.224896e+01,2.231771e+01,2.224896e+01,2.224896e+01,2.224896e+01,2.231084e+01,2.236581e+01,2.216640e+01,2.220081e+01,2.213198e+01,2.224208e+01,2.226271e+01,2.232458e+01,2.225584e+01,2.222145e+01,2.220769e+01,2.220081e+01,2.218705e+01,2.221457e+01,2.228334e+01,2.227647e+01,2.230396e+01,2.224896e+01,2.222833e+01,2.214575e+01,2.220081e+01,2.214575e+01,2.218016e+01,2.220769e+01,2.221457e+01,2.218016e+01,2.210443e+01,2.221457e+01,2.218705e+01,2.218705e+01,2.220769e+01,2.220081e+01,2.215952e+01,2.214575e+01,2.213886e+01,2.220081e+01,2.226271e+01,2.226271e+01,2.226959e+01,2.217328e+01,2.231771e+01,2.231084e+01,2.226959e+01,2.218016e+01,2.233146e+01,2.233146e+01,2.229709e+01,2.234520e+01,2.242762e+01,2.247566e+01,2.234520e+01,2.240015e+01,2.231771e+01,2.234520e+01,2.230396e+01,2.237955e+01,2.240702e+01,2.239328e+01,2.219393e+01,2.236581e+01,2.226959e+01,2.230396e+01,2.228334e+01
2.204932e+01,2.195970e+01,2.205621e+01,2.193211e+01,2.195970e+01,2.200107e+01,2.193211e+01,2.191141e+01,2.199418e+01,2.191141e+01,2.194591e+01,2.180786e+01,2.193211e+01,2.180095e+01,2.193211e+01,2.197349e+01,2.191831e+01,2.192521e+01,2.193211e+01,2.186310e+01,2.184239e+01,2.189071e+01,2.175258e+01,2.175258e+01,2.195280e+01,2.194591e+01,2.191141e+01,2.183548e+01,2.192521e+01,2.195970e+01,2.187691e+01,2.193901e+01,2.195280e+01,2.182858e+01,2.187000e+01,2.192521e+01,2.191141e+01,2.190451e+01,2.195280e+01,2.196660e+01,2.195280e+01,2.195970e+01,2.196660e+01,2.193211e+01,2.187691e+01,2.193211e+01,2.185620e+01,2.188381e+01,2.195970e+01,2.188381e+01,2.199418e+01,2.195970e+01,2.194591e+01,2.195280e+01,2.198729e+01,2.193211e+01,2.195970e+01,2.201486e+01,2.193901e+01,2.189761e+01,2.189071e+01,2.187691e+01,2.187691e+01,2.189071e+01,2.189761e+01,2.189071e+01,2.188381e+01,2.202865e+01,2.204243e+01,2.190451e+01,2.200797e+01,2.191141e+01,2.199418e+01,2.204243e+01,2.198729e+01,2.193901e+01,2.204243e+01,2.202865e+01,2.204932e+01,2.196660e+01,2.198729e+01,2.198039e+01,2.198039e+01,2.180786e+01,2.201486e+01,2.201486e+01,2.184929e+01,2.199418e+01,2.200797e+01,2.204243e+01,2.200107e+01,2.214575e+01,2.202865e+01,2.198039e+01,2.204243e+01,2.197349e+01,2.193901e+01,2.193901e+01,2.200797e+01,2.197349e+01,2.207688e+01,2.205621e+01,2.204932e+01,2.210443e+01,2.208377e+01,2.200797e+01,2.202176e+01,2.210443e+01,2.213886e+01,2.212509e+01,2.200107e+01,2.210443e+01,2.217328e+01,2.215263e+01,2.220769e+01,2.218705e+01,2.220081e+01,2.218705e+01,2.217328e+01,2.213886e+01,2.220081e+01,2.222833e+01,2.224896e+01,2.224896e+01,2.222145e+01,2.216640e+01,2.222833e+01,2.228334e+01,2.226271e+01,2.215263e+01,2.226959e+01,2.230396e+01,2.229709e+01,2.224208e+01,2.229022e+01,2.227647e+01,2.226959e+01,2.228334e+01,2.229709e+01,2.224208e+01,2.228334e+01,2.224208e+01,2.228334e+01,2.220081e+01,2.229022e+01,2.223520e+01,2.224896e+01,2.227647e+01,2.220769e+01,2.221457e+01,2.199418e+01,2.209755e+01,2.200107e+01,2.202865e+01,2.193211e+01,2.193211e+01,2.193211e+01,2.193901e+01,2.202865e+01,2.203554e+01,2.209066e+01,2.211132e+01,2.206999e+01,2.207688e+01,2.203554e+01,2.200797e+01,2.202176e+01,2.198039e+01,2.202176e+01,2.183548e+01,2.191831e+01,2.196660e+01,2.194591e+01,2.190451e+01,2.193901e+01,2.174567e+01,2.189071e+01,2.182167e+01,2.178713e+01,2.184239e+01,2.170420e+01,2.178022e+01,2.160735e+01,2.169037e+01,2.186310e+01,2.182858e+01,2.184239e+01,2.182858e+01,2.185620e+01,2.183548e+01,2.182167e+01,2.186310e+01,2.185620e+01,2.184239e+01,2.187691e+01,2.182167e+01,2.184239e+01,2.181476e+01,2.184239e+01,2.171111e+01,2.151734e+01,2.135790e+01,2.124683e+01,2.126767e+01,2.128156e+01,2.129544e+01,2.128156e+01,2.143419e+01,2.135790e+01,2.141339e+01,2.141339e+01,2.142032e+01,2.146884e+01,2.157967e+01,2.144112e+01,2.155890e+01,2.155890e+01,2.154505e+01,2.147577e+01,2.148963e+01,2.148963e+01,2.160043e+01,2.147577e+01,2.150349e+01,2.140645e+01,2.142725e+01,2.139952e+01,2.140645e+01,2.148963e+01,2.152427e+01,2.178022e+01,2.185620e+01,2.198039e+01,2.173185e+01,2.192521e+01,2.191831e+01,2.192521e+01,2.185620e+01,2.197349e+01,2.189071e+01,2.196660e+01,2.189761e+01,2.184929e+01,2.189071e+01,2.179404e+01,2.164887e+01,2.171111e+01,2.169037e+01,2.172494e+01,2.169728e+01,2.169037e+01,2.183548e+01,2.166962e+01,2.175258e+01,2.166962e+01,2.171802e+01,2.167654e+01,2.173876e+01,2.164195e+01,2.162119e+01,2.153812e+01,2.154505e+01,2.157967e+01,2.191141e+01,2.189761e+01,2.189761e+01,2.192521e+01,2.193901e+01,2.190451e+01,2.184929e+01,2.187691e+01,2.173185e+01,2.166270e+01,2.157274e+01,2.154505e+01,2.146191e+01,2.144112e+01,2.131626e+01,2.130238e+01,2.123989e+01,2.122600e+01,2.117041e+01,2.114955e+01,2.115650e+01,2.108696e+01,2.107305e+01,2.114955e+01,2.128156e+01,2.102434e+01,2.101738e+01,2.101042e+01,2.104522e+01,2.103130e+01,2.117736e+01,2.110088e+01,2.114955e+01,2.104522e+01,2.103826e+01,2.114260e+01,2.114955e+01,2.115650e+01,2.108001e+01,2.121210e+01,2.116345e+01,2.119820e+01,2.114260e+01,2.113565e+01,2.117041e+01,2.117736e+01,2.117041e+01,2.121905e+01,2.121210e+01,2.128156e+01,2.135790e+01,2.139952e+01,2.144112e+01,2.142032e+01,2.153119e+01,2.164887e+01,2.155197e+01,2.173876e+01,2.174567e+01,2.171111e+01,2.171111e+01,2.171111e+01,2.173876e+01,2.169037e+01,2.161427e+01,2.162811e+01,2.164887e+01,2.154505e+01,2.153119e+01,2.139952e+01,2.151734e+01,2.144112e+01,2.142725e+01,2.150349e+01,2.188381e+01,2.198039e+01,2.206310e+01,2.239328e+01,2.209066e+01,2.233833e+01,2.228334e+01,2.218016e+01,2.226271e+01,2.236581e+01,2.228334e+01,2.239328e+01,2.229022e+01,2.226959e+01,2.225584e+01,2.224896e+01,2.226959e+01,2.229022e+01,2.225584e+01,2.224896e+01,2.226959e+01,2.227647e+01,2.238642e+01,2.224208e+01,2.224896e+01,2.231084e+01,2.230396e+01,2.231084e+01,2.233833e+01,2.234520e+01,2.235894e+01,2.231771e+01,2.235207e+01,2.235894e+01,2.231771e+01,2.237955e+01,2.227647e+01,2.229709e+01,2.222145e+01,2.219393e+01,2.210443e+01,2.207688e+01,2.167654e+01,2.113565e+01,2.094774e+01,2.067570e+01,2.071761e+01,2.068269e+01,2.062680e+01,2.061282e+01,2.061282e+01,2.052892e+01,2.066174e+01,2.064776e+01,2.075251e+01,2.093381e+01,2.123989e+01,2.123989e+01,2.150349e+01,2.138565e+01,2.175949e+01,2.194591e+01,2.191831e+01,2.204932e+01,2.205621e+01,2.192521e+01,2.171111e+01,2.164887e+01,2.123294e+01,2.112174e+01,2.119820e+01,2.114260e+01,2.119126e+01,2.119126e+01,2.129544e+01,2.127461e+01,2.126072e+01,2.145498e+01,2.170420e+01,2.173185e+01,2.171111e+01,2.157967e+01,2.130238e+01,2.130238e+01,2.158659e+01,2.180786e+01,2.184239e+01,2.200107e+01,2.201486e+01,2.210443e+01,2.189071e+01,2.198039e+01,2.198039e+01,2.196660e+01,2.191831e+01,2.199418e+01,2.201486e+01,2.194591e+01,2.212509e+01,2.196660e+01,2.189761e+01,2.190451e+01,2.177332e+01,2.139952e+01,2.114260e+01,2.079438e+01,2.072459e+01,2.058486e+01,2.053592e+01,2.054990e+01,2.054291e+01,2.050793e+01,2.057787e+01,2.058486e+01,2.056389e+01,2.054291e+01,2.064078e+01,2.069666e+01,2.103130e+01,2.153812e+01,2.188381e+01,2.188381e+01,2.199418e+01,2.193901e+01,2.188381e+01,2.200797e+01,2.200797e+01,2.193211e+01,2.192521e+01,2.203554e+01,2.192521e+01,2.193901e+01,2.193211e+01,2.185620e+01,2.194591e+01,2.183548e+01,2.193211e+01,2.189761e+01,2.197349e+01,2.187000e+01,2.186310e+01,2.177332e+01,2.171802e+01,2.205621e+01,2.188381e+01,2.178022e+01,2.180786e+01,2.193211e+01,2.187691e+01,2.176641e+01,2.182858e+01,2.180095e+01,2.189071e+01,2.183548e+01,2.178713e+01,2.180786e+01,2.183548e+01,2.187691e+01,2.178713e+01,2.175258e+01,2.175258e+01,2.173185e+01,2.175949e+01,2.175258e+01,2.171111e+01,2.176641e+01,2.180786e+01,2.170420e+01,2.171111e+01,2.175258e+01,2.165579e+01,2.173185e+01,2.160043e+01,2.175949e+01,2.168345e+01,2.179404e+01,2.176641e+01,2.182858e+01,2.187000e+01,2.194591e+01,2.195280e+01,2.210443e+01,2.205621e+01,2.206999e+01,2.209755e+01,2.214575e+01,2.221457e+01,2.226271e+01,2.218016e+01,2.224208e+01,2.239328e+01,2.224896e+01,2.223520e+01,2.235894e+01,2.244821e+01,2.250311e+01,2.242762e+01,2.248939e+01,2.251683e+01,2.246194e+01,2.249625e+01,2.255112e+01,2.248939e+01,2.253055e+01,2.246194e+01,2.253055e+01,2.259225e+01,2.253055e+01,2.261967e+01,2.246880e+01,2.249625e+01,2.245507e+01,2.249625e+01,2.238642e+01,2.240015e+01,2.235894e+01,2.236581e+01,2.234520e+01,2.240015e+01,2.233146e+01,2.229022e+01,2.235207e+01,2.231771e+01,2.228334e+01,2.229709e+01,2.239328e+01,2.245507e+01,2.237268e+01,2.229022e+01,2.238642e+01,2.231084e+01,2.229022e+01,2.226271e+01,2.241389e+01,2.231771e+01,2.220081e+01,2.222833e+01,2.215952e+01,2.220769e+01,2.224208e+01,2.229022e+01,2.229022e+01,2.228334e+01,2.215952e+01,2.215952e+01,2.214575e+01,2.226959e+01,2.228334e+01,2.228334e+01,2.227647e+01,2.231771e+01,2.225584e+01,2.219393e+01,2.220081e+01,2.228334e+01,2.226959e+01,2.217328e+01,2.224896e+01,2.220081e+01,2.224208e+01,2.222833e+01,2.219393e+01,2.220769e+01,2.220769e+01,2.219393e+01,2.220769e+01,2.228334e+01,2.218705e+01,2.218705e+01,2.219393e+01,2.222145e+01,2.218705e+01,2.214575e+01,2.220769e+01,2.211132e+01,2.224896e+01,2.225584e+01,2.226271e+01,2.222145e+01,2.226959e+01,2.225584e+01,2.227647e+01,2.217328e+01,2.234520e+01,2.229022e+01,2.237955e+01,2.236581e+01,2.236581e+01,2.240702e+01,2.233146e+01,2.239328e+01,2.246194e+01,2.230396e+01,2.243448e+01,2.232458e+01,2.230396e+01,2.231084e+01,2.226959e+01,2.220081e+01,2.237268e+01,2.224896e+01,2.229709e+01,2.238642e+01
2.198039e+01,2.173185e+01,2.173185e+01,2.178022e+01,2.195280e+01,2.190451e+01,2.193901e+01,2.191141e+01,2.190451e+01,2.185620e+01,2.195280e+01,2.184239e+01,2.184239e+01,2.195280e+01,2.184239e+01,2.187000e+01,2.194591e+01,2.187691e+01,2.191141e+01,2.178713e+01,2.181476e+01,2.180095e+01,2.182858e+01,2.189071e+01,2.192521e+01,2.188381e+01,2.189071e+01,2.189761e+01,2.183548e+01,2.190451e+01,2.190451e+01,2.183548e+01,2.200797e+01,2.192521e+01,2.189071e+01,2.187691e+01,2.194591e+01,2.193211e+01,2.196660e+01,2.193901e+01,2.206310e+01,2.187000e+01,2.193901e+01,2.185620e+01,2.186310e+01,2.183548e+01,2.187691e+01,2.197349e+01,2.188381e+01,2.189761e+01,2.189761e+01,2.189071e+01,2.197349e+01,2.189071e+01,2.193211e+01,2.192521e+01,2.189071e+01,2.200797e+01,2.191141e+01,2.201486e+01,2.191141e+01,2.189071e+01,2.199418e+01,2.203554e+01,2.190451e+01,2.189071e+01,2.189071e+01,2.187691e+01,2.193211e+01,2.189761e+01,2.180095e+01,2.197349e+01,2.206310e+01,2.196660e+01,2.205621e+01,2.198039e+01,2.198729e+01,2.198039e+01,2.186310e+01,2.197349e+01,2.197349e+01,2.198729e+01,2.197349e+01,2.195970e+01,2.200797e+01,2.198039e+01,2.180786e+01,2.195970e+01,2.195970e+01,2.198729e+01,2.202865e+01,2.201486e+01,2.202865e+01,2.200107e+01,2.196660e+01,2.200107e+01,2.195970e+01,2.197349e+01,2.195970e+01,2.209755e+01,2.200797e+01,2.198039e+01,2.204932e+01,2.195970e+01,2.209755e+01,2.210443e+01,2.207688e+01,2.213886e+01,2.208377e+01,2.216640e+01,2.212509e+01,2.209755e+01,2.213886e+01,2.206999e+01,2.214575e+01,2.215263e+01,2.216640e+01,2.219393e+01,2.218016e+01,2.212509e+01,2.215952e+01,2.227647e+01,2.226271e+01,2.219393e+01,2.206999e+01,2.233833e+01,2.225584e+01,2.220081e+01,2.226271e+01,2.224896e+01,2.231084e+01,2.231771e+01,2.231771e+01,2.233833e+01,2.229709e+01,2.229022e+01,2.232458e+01,2.222833e+01,2.220081e+01,2.225584e+01,2.226959e+01,2.224896e+01,2.226271e+01,2.221457e+01,2.226959e+01,2.222145e+01,2.233146e+01,2.216640e+01,2.210443e+01,2.206999e+01,2.177332e+01,2.191831e+01,2.178022e+01,2.193901e+01,2.192521e+01,2.198729e+01,2.194591e+01,2.192521e+01,2.206999e+01,2.200797e+01,2.203554e+01,2.200107e+01,2.204243e+01,2.204243e+01,2.200797e+01,2.191831e+01,2.200797e+01,2.196660e+01,2.202865e+01,2.197349e+01,2.198729e+01,2.187691e+01,2.186310e+01,2.189071e+01,2.184239e+01,2.186310e+01,2.195970e+01,2.182858e+01,2.184239e+01,2.196660e+01,2.179404e+01,2.198729e+01,2.182858e+01,2.183548e+01,2.184239e+01,2.182858e+01,2.184929e+01,2.182167e+01,2.181476e+01,2.180095e+01,2.182167e+01,2.184239e+01,2.187691e+01,2.179404e+01,2.176641e+01,2.178022e+01,2.175258e+01,2.170420e+01,2.168345e+01,2.169728e+01,2.128850e+01,2.119126e+01,2.123294e+01,2.119126e+01,2.131626e+01,2.124683e+01,2.130238e+01,2.128156e+01,2.128156e+01,2.139258e+01,2.143419e+01,2.146191e+01,2.146884e+01,2.138565e+01,2.146884e+01,2.144112e+01,2.136484e+01,2.146884e+01,2.142725e+01,2.148963e+01,2.134402e+01,2.135790e+01,2.148270e+01,2.152427e+01,2.133708e+01,2.135790e+01,2.139258e+01,2.140645e+01,2.142725e+01,2.164195e+01,2.181476e+01,2.190451e+01,2.186310e+01,2.182167e+01,2.188381e+01,2.185620e+01,2.191831e+01,2.202176e+01,2.198039e+01,2.183548e+01,2.193211e+01,2.193901e+01,2.181476e+01,2.172494e+01,2.168345e+01,2.163503e+01,2.173185e+01,2.169728e+01,2.169728e+01,2.170420e+01,2.170420e+01,2.172494e+01,2.173185e+01,2.171802e+01,2.166270e+01,2.162811e+01,2.164195e+01,2.182167e+01,2.161427e+01,2.157967e+01,2.140645e+01,2.153812e+01,2.174567e+01,2.180786e+01,2.191831e+01,2.187691e+01,2.191141e+01,2.189761e+01,2.189071e+01,2.187691e+01,2.187000e+01,2.171111e+01,2.178022e+01,2.150349e+01,2.152427e+01,2.136484e+01,2.140645e+01,2.133014e+01,2.133014e+01,2.118431e+01,2.111479e+01,2.115650e+01,2.110088e+01,2.107305e+01,2.116345e+01,2.114955e+01,2.114260e+01,2.112869e+01,2.111479e+01,2.100345e+01,2.098953e+01,2.097560e+01,2.098953e+01,2.114955e+01,2.103130e+01,2.098953e+01,2.109392e+01,2.101042e+01,2.113565e+01,2.110783e+01,2.112869e+01,2.111479e+01,2.114260e+01,2.114260e+01,2.121905e+01,2.117736e+01,2.114955e+01,2.113565e+01,2.110088e+01,2.117041e+01,2.117041e+01,2.121905e+01,2.112869e+01,2.128850e+01,2.142032e+01,2.135790e+01,2.142032e+01,2.144112e+01,2.148963e+01,2.169728e+01,2.174567e+01,2.167654e+01,2.174567e+01,2.165579e+01,2.174567e+01,2.165579e+01,2.168345e+01,2.178713e+01,2.158659e+01,2.151042e+01,2.155890e+01,2.145498e+01,2.143419e+01,2.161427e+01,2.141339e+01,2.144112e+01,2.140645e+01,2.147577e+01,2.161427e+01,2.187000e+01,2.210443e+01,2.207688e+01,2.207688e+01,2.232458e+01,2.218016e+01,2.232458e+01,2.221457e+01,2.229709e+01,2.224208e+01,2.214575e+01,2.218705e+01,2.222833e+01,2.225584e+01,2.226271e+01,2.212509e+01,2.224896e+01,2.222145e+01,2.231084e+01,2.211132e+01,2.214575e+01,2.212509e+01,2.225584e+01,2.217328e+01,2.222145e+01,2.218705e+01,2.230396e+01,2.231771e+01,2.213198e+01,2.226959e+01,2.231084e+01,2.227647e+01,2.228334e+01,2.218016e+01,2.223520e+01,2.219393e+01,2.215263e+01,2.219393e+01,2.219393e+01,2.216640e+01,2.202865e+01,2.189071e+01,2.166962e+01,2.141339e+01,2.110783e+01,2.106609e+01,2.112869e+01,2.112869e+01,2.095471e+01,2.104522e+01,2.123294e+01,2.148963e+01,2.153812e+01,2.160043e+01,2.184929e+01,2.199418e+01,2.213198e+01,2.195970e+01,2.220081e+01,2.206310e+01,2.206999e+01,2.206310e+01,2.205621e+01,2.202865e+01,2.178022e+01,2.162119e+01,2.121905e+01,2.114955e+01,2.121210e+01,2.117041e+01,2.117041e+01,2.127461e+01,2.126072e+01,2.119820e+01,2.128156e+01,2.146884e+01,2.169037e+01,2.190451e+01,2.177332e+01,2.182858e+01,2.182858e+01,2.187000e+01,2.176641e+01,2.186310e+01,2.187691e+01,2.184929e+01,2.197349e+01,2.199418e+01,2.200107e+01,2.201486e+01,2.199418e+01,2.197349e+01,2.188381e+01,2.202176e+01,2.198039e+01,2.188381e+01,2.197349e+01,2.193211e+01,2.191831e+01,2.200797e+01,2.193211e+01,2.183548e+01,2.173876e+01,2.137177e+01,2.090594e+01,2.082228e+01,2.071761e+01,2.053592e+01,2.043795e+01,2.056389e+01,2.058486e+01,2.055690e+01,2.064776e+01,2.047994e+01,2.065475e+01,2.057088e+01,2.103130e+01,2.154505e+01,2.195970e+01,2.193211e+01,2.191831e+01,2.192521e+01,2.192521e+01,2.194591e+01,2.197349e+01,2.195970e+01,2.196660e+01,2.194591e+01,2.193211e+01,2.197349e+01,2.192521e+01,2.194591e+01,2.188381e+01,2.191141e+01,2.195970e+01,2.188381e+01,2.186310e+01,2.193211e+01,2.188381e+01,2.194591e+01,2.177332e+01,2.180095e+01,2.180095e+01,2.178022e+01,2.177332e+01,2.191141e+01,2.195280e+01,2.185620e+01,2.187000e+01,2.181476e+01,2.179404e+01,2.186310e+01,2.184929e+01,2.176641e+01,2.182858e+01,2.191831e+01,2.175949e+01,2.174567e+01,2.182858e+01,2.175949e+01,2.182858e+01,2.173876e+01,2.176641e+01,2.173185e+01,2.187000e+01,2.172494e+01,2.171802e+01,2.174567e+01,2.171802e+01,2.173185e+01,2.174567e+01,2.178713e+01,2.171802e+01,2.178713e+01,2.184239e+01,2.173876e+01,2.171111e+01,2.187691e+01,2.189761e+01,2.191141e+01,2.195280e+01,2.205621e+01,2.209066e+01,2.213886e+01,2.214575e+01,2.220081e+01,2.222833e+01,2.224896e+01,2.226959e+01,2.231084e+01,2.229022e+01,2.231771e+01,2.236581e+01,2.247566e+01,2.244821e+01,2.244821e+01,2.244821e+01,2.262652e+01,2.259911e+01,2.244821e+01,2.244821e+01,2.254426e+01,2.255112e+01,2.255798e+01,2.260596e+01,2.253055e+01,2.250997e+01,2.253741e+01,2.240015e+01,2.235207e+01,2.237268e+01,2.241389e+01,2.231084e+01,2.234520e+01,2.237955e+01,2.243448e+01,2.233833e+01,2.236581e+01,2.229709e+01,2.231771e+01,2.225584e+01,2.231084e+01,2.231771e+01,2.238642e+01,2.227647e+01,2.238642e+01,2.226959e+01,2.231084e+01,2.229709e+01,2.233833e+01,2.221457e+01,2.225584e+01,2.225584e+01,2.228334e+01,2.223520e+01,2.221457e+01,2.224208e+01,2.215952e+01,2.226959e+01,2.228334e+01,2.228334e+01,2.214575e+01,2.224208e+01,2.215952e+01,2.224896e+01,2.228334e+01,2.231771e+01,2.224896e+01,2.218016e+01,2.226271e+01,2.226271e+01,2.221457e+01,2.231771e+01,2.222145e+01,2.226959e+01,2.227647e+01,2.224896e+01,2.212509e+01,2.211821e+01,2.218016e+01,2.220081e+01,2.221457e+01,2.218016e+01,2.218705e+01,2.226959e+01,2.217328e+01,2.215263e+01,2.230396e+01,2.229709e+01,2.218016e+01,2.218705e+01,2.224208e+01,2.226959e+01,2.224896e+01,2.224208e+01,2.220769e+01,2.221457e+01,2.226271e+01,2.224896e+01,2.235894e+01,2.240702e+01,2.229709e+01,2.231084e+01,2.216640e+01,2.235894e+01,2.237955e+01,2.231771e+01,2.226271e+01,2.240015e+01,2.232458e+01,2.241389e+01,2.245507e+01,2.239328e+01,2.231084e+01,2.223520e+01,2.240702e+01,2.231084e+01,2.233146e+01,2.231084e+01,2.227647e+01,2.227647e+01
2.184929e+01,2.173876e+01,2.195970e+01,2.206310e+01,2.192521e+01,2.191831e+01,2.189761e+01,2.187691e+01,2.189761e+01,2.191141e+01,2.175949e+01,2.191141e+01,2.173185e+01,2.185620e+01,2.189761e+01,2.188381e+01,2.195970e+01,2.187000e+01,2.184929e+01,2.184239e+01,2.182167e+01,2.191831e+01,2.182167e+01,2.180095e+01,2.189761e+01,2.189761e+01,2.186310e+01,2.189071e+01,2.189071e+01,2.189761e+01,2.184929e+01,2.188381e+01,2.184929e+01,2.188381e+01,2.184239e+01,2.187000e+01,2.184929e+01,2.191831e+01,2.193211e+01,2.189071e+01,2.191141e+01,2.189761e+01,2.193901e+01,2.183548e+01,2.184929e+01,2.195970e+01,2.193211e+01,2.187000e+01,2.193211e+01,2.189761e+01,2.194591e+01,2.199418e+01,2.189071e+01,2.190451e+01,2.205621e+01,2.188381e+01,2.198729e+01,2.202176e+01,2.202865e+01,2.191831e+01,2.192521e+01,2.189761e+01,2.198729e+01,2.198039e+01,2.189761e+01,2.204243e+01,2.198039e+01,2.204932e+01,2.185620e+01,2.200797e+01,2.193211e+01,2.196660e+01,2.197349e+01,2.198039e+01,2.200107e+01,2.201486e+01,2.193211e+01,2.193901e+01,2.194591e+01,2.193211e+01,2.197349e+01,2.188381e+01,2.200107e+01,2.211821e+01,2.200797e+01,2.198039e+01,2.198039e+01,2.200797e+01,2.199418e+01,2.193211e+01,2.202176e+01,2.202176e+01,2.198039e+01,2.202865e+01,2.190451e+01,2.197349e+01,2.195280e+01,2.203554e+01,2.195280e+01,2.200797e+01,2.198729e+01,2.203554e+01,2.204243e+01,2.212509e+01,2.204932e+01,2.210443e+01,2.213198e+01,2.205621e+01,2.212509e+01,2.214575e+01,2.213886e+01,2.207688e+01,2.216640e+01,2.214575e+01,2.213886e+01,2.220769e+01,2.211132e+01,2.220769e+01,2.233146e+01,2.224208e+01,2.214575e+01,2.224896e+01,2.227647e+01,2.226959e+01,2.222145e+01,2.233146e+01,2.226959e+01,2.227647e+01,2.226271e+01,2.231771e+01,2.228334e+01,2.228334e+01,2.223520e+01,2.233833e+01,2.230396e+01,2.227647e+01,2.236581e+01,2.226271e+01,2.223520e+01,2.224896e+01,2.222833e+01,2.231771e+01,2.224896e+01,2.226271e+01,2.225584e+01,2.220769e+01,2.218016e+01,2.222833e+01,2.205621e+01,2.190451e+01,2.182167e+01,2.175258e+01,2.197349e+01,2.193211e+01,2.191831e+01,2.191831e+01,2.195280e+01,2.195970e+01,2.191141e+01,2.206999e+01,2.193901e+01,2.203554e+01,2.202865e+01,2.200797e+01,2.204243e+01,2.197349e+01,2.203554e+01,2.191831e+01,2.189761e+01,2.188381e+01,2.186310e+01,2.189071e+01,2.202865e+01,2.194591e+01,2.195970e+01,2.191141e+01,2.193211e+01,2.193901e+01,2.195970e+01,2.198729e+01,2.199418e+01,2.191141e+01,2.195970e+01,2.192521e+01,2.191831e+01,2.191831e+01,2.192521e+01,2.193901e+01,2.178022e+01,2.182167e+01,2.185620e+01,2.179404e+01,2.184929e+01,2.180786e+01,2.160043e+01,2.163503e+01,2.176641e+01,2.171111e+01,2.164887e+01,2.164195e+01,2.144112e+01,2.121210e+01,2.123294e+01,2.118431e+01,2.117041e+01,2.118431e+01,2.126767e+01,2.123294e+01,2.126767e+01,2.130238e+01,2.145498e+01,2.130932e+01,2.142725e+01,2.143419e+01,2.152427e+01,2.135790e+01,2.150349e+01,2.136484e+01,2.135790e+01,2.140645e+01,2.135096e+01,2.134402e+01,2.135790e+01,2.137871e+01,2.133708e+01,2.141339e+01,2.128850e+01,2.130932e+01,2.142032e+01,2.152427e+01,2.180786e+01,2.184239e+01,2.184239e+01,2.191831e+01,2.187691e+01,2.195280e+01,2.195970e+01,2.192521e+01,2.189761e+01,2.194591e+01,2.200107e+01,2.195970e+01,2.175949e+01,2.166270e+01,2.157967e+01,2.168345e+01,2.168345e+01,2.173876e+01,2.172494e+01,2.169037e+01,2.171802e+01,2.176641e+01,2.173185e+01,2.171111e+01,2.182167e+01,2.168345e+01,2.169728e+01,2.168345e+01,2.168345e+01,2.157274e+01,2.155890e+01,2.155197e+01,2.180095e+01,2.178713e+01,2.192521e+01,2.195280e+01,2.191831e+01,2.189071e+01,2.188381e+01,2.190451e+01,2.189071e+01,2.180095e+01,2.166270e+01,2.152427e+01,2.151042e+01,2.153119e+01,2.151734e+01,2.129544e+01,2.133014e+01,2.119126e+01,2.128156e+01,2.119126e+01,2.115650e+01,2.114955e+01,2.101042e+01,2.109392e+01,2.112869e+01,2.112869e+01,2.111479e+01,2.098953e+01,2.094774e+01,2.103130e+01,2.097560e+01,2.097560e+01,2.099649e+01,2.109392e+01,2.100345e+01,2.102434e+01,2.108696e+01,2.106609e+01,2.107305e+01,2.113565e+01,2.121210e+01,2.133014e+01,2.117736e+01,2.117736e+01,2.114260e+01,2.114260e+01,2.115650e+01,2.117041e+01,2.111479e+01,2.123989e+01,2.123294e+01,2.129544e+01,2.126072e+01,2.139952e+01,2.138565e+01,2.158659e+01,2.145498e+01,2.148270e+01,2.156582e+01,2.169728e+01,2.168345e+01,2.172494e+01,2.173876e+01,2.166962e+01,2.167654e+01,2.164887e+01,2.166962e+01,2.159351e+01,2.159351e+01,2.157274e+01,2.148963e+01,2.142032e+01,2.142725e+01,2.143419e+01,2.142725e+01,2.139258e+01,2.163503e+01,2.140645e+01,2.201486e+01,2.206999e+01,2.183548e+01,2.202865e+01,2.193211e+01,2.203554e+01,2.203554e+01,2.202176e+01,2.209066e+01,2.202865e+01,2.209066e+01,2.206999e+01,2.218016e+01,2.223520e+01,2.219393e+01,2.221457e+01,2.211132e+01,2.211821e+01,2.217328e+01,2.218016e+01,2.222145e+01,2.217328e+01,2.216640e+01,2.215952e+01,2.227647e+01,2.218016e+01,2.218705e+01,2.224896e+01,2.215263e+01,2.215263e+01,2.215263e+01,2.222833e+01,2.222145e+01,2.220769e+01,2.215263e+01,2.218016e+01,2.218705e+01,2.212509e+01,2.209755e+01,2.209066e+01,2.206310e+01,2.208377e+01,2.206310e+01,2.198039e+01,2.171111e+01,2.191141e+01,2.193211e+01,2.190451e+01,2.191141e+01,2.187691e+01,2.184929e+01,2.210443e+01,2.212509e+01,2.216640e+01,2.224896e+01,2.218016e+01,2.215952e+01,2.217328e+01,2.219393e+01,2.209755e+01,2.217328e+01,2.206999e+01,2.205621e+01,2.197349e+01,2.176641e+01,2.133014e+01,2.115650e+01,2.114260e+01,2.118431e+01,2.112869e+01,2.110783e+01,2.128850e+01,2.122600e+01,2.134402e+01,2.156582e+01,2.157274e+01,2.179404e+01,2.180095e+01,2.194591e+01,2.193211e+01,2.184239e+01,2.189761e+01,2.191141e+01,2.198729e+01,2.199418e+01,2.194591e+01,2.197349e+01,2.193901e+01,2.195280e+01,2.200797e+01,2.189761e+01,2.202865e+01,2.198729e+01,2.202865e+01,2.198039e+01,2.195970e+01,2.198039e+01,2.187691e+01,2.191141e+01,2.202176e+01,2.202865e+01,2.196660e+01,2.181476e+01,2.166962e+01,2.135096e+01,2.098256e+01,2.068967e+01,2.038893e+01,2.067570e+01,2.062680e+01,2.064776e+01,2.052892e+01,2.068967e+01,2.073855e+01,2.071761e+01,2.105914e+01,2.173876e+01,2.196660e+01,2.189761e+01,2.192521e+01,2.189071e+01,2.201486e+01,2.192521e+01,2.195970e+01,2.195280e+01,2.197349e+01,2.203554e+01,2.202865e+01,2.192521e+01,2.207688e+01,2.193901e+01,2.197349e+01,2.194591e+01,2.188381e+01,2.190451e+01,2.193211e+01,2.192521e+01,2.184239e+01,2.195280e+01,2.189761e+01,2.190451e+01,2.189761e+01,2.189071e+01,2.190451e+01,2.181476e+01,2.191831e+01,2.179404e+01,2.188381e+01,2.181476e+01,2.178713e+01,2.184929e+01,2.198039e+01,2.174567e+01,2.181476e+01,2.176641e+01,2.177332e+01,2.181476e+01,2.172494e+01,2.173185e+01,2.169728e+01,2.180786e+01,2.180095e+01,2.176641e+01,2.181476e+01,2.169037e+01,2.171111e+01,2.173185e+01,2.175258e+01,2.175949e+01,2.178022e+01,2.174567e+01,2.175949e+01,2.182167e+01,2.184929e+01,2.185620e+01,2.183548e+01,2.190451e+01,2.175258e+01,2.187000e+01,2.199418e+01,2.204932e+01,2.214575e+01,2.213198e+01,2.224208e+01,2.218016e+01,2.229022e+01,2.224896e+01,2.226271e+01,2.218016e+01,2.233146e+01,2.237268e+01,2.246880e+01,2.250997e+01,2.244821e+01,2.247566e+01,2.252369e+01,2.261967e+01,2.248252e+01,2.251683e+01,2.255112e+01,2.257169e+01,2.257854e+01,2.259225e+01,2.261967e+01,2.257854e+01,2.261967e+01,2.259911e+01,2.244821e+01,2.255798e+01,2.240702e+01,2.235207e+01,2.237955e+01,2.237955e+01,2.243448e+01,2.233146e+01,2.227647e+01,2.235207e+01,2.264022e+01,2.236581e+01,2.230396e+01,2.231771e+01,2.233146e+01,2.231084e+01,2.224896e+01,2.225584e+01,2.231084e+01,2.229022e+01,2.231084e+01,2.237268e+01,2.229022e+01,2.229709e+01,2.231771e+01,2.220081e+01,2.229022e+01,2.224208e+01,2.227647e+01,2.230396e+01,2.220081e+01,2.218705e+01,2.227647e+01,2.215952e+01,2.227647e+01,2.231084e+01,2.224208e+01,2.220081e+01,2.216640e+01,2.228334e+01,2.226271e+01,2.227647e+01,2.225584e+01,2.220769e+01,2.231771e+01,2.220769e+01,2.229022e+01,2.224208e+01,2.218705e+01,2.220081e+01,2.218016e+01,2.224896e+01,2.218016e+01,2.226959e+01,2.223520e+01,2.224896e+01,2.221457e+01,2.218705e+01,2.222145e+01,2.220081e+01,2.229709e+01,2.211821e+01,2.223520e+01,2.229709e+01,2.220081e+01,2.219393e+01,2.227647e+01,2.212509e+01,2.226271e+01,2.223520e+01,2.220081e+01,2.231771e+01,2.235207e+01,2.231771e+01,2.238642e+01,2.236581e+01,2.239328e+01,2.253741e+01,2.229022e+01,2.237955e+01,2.237268e+01,2.247566e+01,2.235894e+01,2.240702e+01,2.237955e+01,2.235207e+01,2.242762e+01,2.240702e+01,2.222145e+01,2.230396e+01,2.226271e+01,2.231771e+01,2.228334e+01
2.202176e+01,2.184929e+01,2.189071e+01,2.173876e+01,2.189071e+01,2.191831e+01,2.177332e+01,2.198039e+01,2.187000e+01,2.187691e+01,2.174567e+01,2.180786e+01,2.175949e+01,2.187000e+01,2.186310e+01,2.175258e+01,2.181476e+01,2.182858e+01,2.191141e+01,2.185620e+01,2.183548e+01,2.191831e+01,2.188381e+01,2.184239e+01,2.184239e+01,2.189761e+01,2.191141e+01,2.183548e+01,2.189761e+01,2.184929e+01,2.190451e+01,2.187000e+01,2.198729e+01,2.202865e+01,2.195280e+01,2.197349e+01,2.198729e+01,2.195970e+01,2.180786e+01,2.195280e+01,2.195970e+01,2.198039e+01,2.182167e+01,2.194591e+01,2.187691e+01,2.195970e+01,2.187000e+01,2.188381e+01,2.189761e+01,2.189761e+01,2.191141e+01,2.193211e+01,2.201486e+01,2.193211e+01,2.191831e+01,2.199418e+01,2.190451e+01,2.190451e+01,2.198039e+01,2.201486e+01,2.193211e+01,2.182858e+01,2.185620e+01,2.183548e+01,2.204932e+01,2.184239e+01,2.193211e+01,2.189761e+01,2.200107e+01,2.199418e+01,2.183548e+01,2.198729e+01,2.189761e+01,2.200107e+01,2.199418e+01,2.194591e+01,2.198729e+01,2.194591e+01,2.195970e+01,2.193901e+01,2.196660e+01,2.198729e+01,2.198039e+01,2.203554e+01,2.189071e+01,2.201486e+01,2.200107e+01,2.200797e+01,2.199418e+01,2.193211e+01,2.198039e+01,2.200107e+01,2.205621e+01,2.201486e+01,2.200797e+01,2.200797e+01,2.199418e+01,2.200107e+01,2.200107e+01,2.213198e+01,2.205621e+01,2.210443e+01,2.192521e+01,2.196660e+01,2.213886e+01,2.208377e+01,2.211132e+01,2.209066e+01,2.209066e+01,2.218016e+01,2.213198e+01,2.212509e+01,2.214575e+01,2.211821e+01,2.211132e+01,2.215952e+01,2.210443e+01,2.224208e+01,2.231084e+01,2.222145e+01,2.216640e+01,2.231771e+01,2.227647e+01,2.228334e+01,2.220769e+01,2.232458e+01,2.228334e+01,2.226271e+01,2.227647e+01,2.234520e+01,2.231084e+01,2.234520e+01,2.232458e+01,2.215952e+01,2.228334e+01,2.224208e+01,2.232458e+01,2.222145e+01,2.231771e+01,2.225584e+01,2.228334e+01,2.227647e+01,2.221457e+01,2.226271e+01,2.226959e+01,2.219393e+01,2.211821e+01,2.199418e+01,2.175949e+01,2.191831e+01,2.179404e+01,2.187691e+01,2.191831e+01,2.184239e+01,2.196660e+01,2.194591e+01,2.198729e+01,2.202176e+01,2.198729e+01,2.202176e+01,2.200797e+01,2.205621e+01,2.206310e+01,2.206999e+01,2.201486e+01,2.211132e+01,2.208377e+01,2.201486e+01,2.201486e+01,2.202176e+01,2.198729e+01,2.198039e+01,2.192521e+01,2.192521e+01,2.187691e+01,2.195280e+01,2.196660e+01,2.198729e+01,2.182858e+01,2.189761e+01,2.190451e+01,2.198039e+01,2.189071e+01,2.189071e+01,2.184239e+01,2.191141e+01,2.190451e+01,2.187000e+01,2.189761e+01,2.189761e+01,2.183548e+01,2.175949e+01,2.178022e+01,2.178713e+01,2.178713e+01,2.174567e+01,2.164887e+01,2.169728e+01,2.162119e+01,2.160043e+01,2.163503e+01,2.140645e+01,2.123294e+01,2.122600e+01,2.119820e+01,2.119126e+01,2.117041e+01,2.128850e+01,2.126767e+01,2.128850e+01,2.127461e+01,2.145498e+01,2.130932e+01,2.146884e+01,2.142032e+01,2.145498e+01,2.133708e+01,2.121905e+01,2.135096e+01,2.135096e+01,2.133708e+01,2.130238e+01,2.134402e+01,2.128850e+01,2.139258e+01,2.139952e+01,2.123294e+01,2.130932e+01,2.142032e+01,2.153119e+01,2.186310e+01,2.189761e+01,2.193211e+01,2.189761e+01,2.192521e+01,2.184929e+01,2.200107e+01,2.188381e+01,2.191831e+01,2.189761e+01,2.193211e+01,2.180095e+01,2.178713e+01,2.169037e+01,2.161427e+01,2.170420e+01,2.168345e+01,2.175258e+01,2.170420e+01,2.168345e+01,2.178713e+01,2.171802e+01,2.174567e+01,2.173185e+01,2.169037e+01,2.171802e+01,2.163503e+01,2.166270e+01,2.155890e+01,2.157274e+01,2.155197e+01,2.162811e+01,2.192521e+01,2.187000e+01,2.187691e+01,2.193211e+01,2.188381e+01,2.191831e+01,2.189071e+01,2.171802e+01,2.167654e+01,2.175949e+01,2.154505e+01,2.155890e+01,2.146191e+01,2.141339e+01,2.137871e+01,2.135790e+01,2.133708e+01,2.123294e+01,2.125378e+01,2.119126e+01,2.115650e+01,2.113565e+01,2.110088e+01,2.107305e+01,2.109392e+01,2.110783e+01,2.108696e+01,2.108001e+01,2.098256e+01,2.095471e+01,2.096864e+01,2.111479e+01,2.102434e+01,2.102434e+01,2.110783e+01,2.110088e+01,2.101042e+01,2.112869e+01,2.111479e+01,2.115650e+01,2.114955e+01,2.119126e+01,2.114955e+01,2.122600e+01,2.112174e+01,2.111479e+01,2.110783e+01,2.115650e+01,2.110088e+01,2.125378e+01,2.121905e+01,2.135096e+01,2.128156e+01,2.142725e+01,2.135790e+01,2.137177e+01,2.145498e+01,2.148963e+01,2.168345e+01,2.173185e+01,2.169728e+01,2.171802e+01,2.174567e+01,2.171111e+01,2.168345e+01,2.153119e+01,2.155890e+01,2.162811e+01,2.158659e+01,2.156582e+01,2.146191e+01,2.140645e+01,2.151042e+01,2.145498e+01,2.142032e+01,2.141339e+01,2.136484e+01,2.135096e+01,2.166270e+01,2.180095e+01,2.178713e+01,2.185620e+01,2.179404e+01,2.200797e+01,2.202865e+01,2.202865e+01,2.204243e+01,2.203554e+01,2.199418e+01,2.204243e+01,2.209755e+01,2.207688e+01,2.216640e+01,2.208377e+01,2.220081e+01,2.220081e+01,2.204243e+01,2.212509e+01,2.198039e+01,2.201486e+01,2.205621e+01,2.213886e+01,2.202865e+01,2.212509e+01,2.209066e+01,2.218705e+01,2.209066e+01,2.211821e+01,2.218016e+01,2.210443e+01,2.217328e+01,2.212509e+01,2.208377e+01,2.211821e+01,2.211132e+01,2.200107e+01,2.210443e+01,2.204932e+01,2.202176e+01,2.209755e+01,2.204243e+01,2.213198e+01,2.202865e+01,2.202865e+01,2.213198e+01,2.215263e+01,2.211132e+01,2.211132e+01,2.220081e+01,2.217328e+01,2.222833e+01,2.224208e+01,2.221457e+01,2.221457e+01,2.228334e+01,2.227647e+01,2.213886e+01,2.224208e+01,2.222145e+01,2.235207e+01,2.211821e+01,2.177332e+01,2.157274e+01,2.132320e+01,2.130238e+01,2.112174e+01,2.113565e+01,2.120515e+01,2.117736e+01,2.125378e+01,2.126072e+01,2.131626e+01,2.150349e+01,2.172494e+01,2.194591e+01,2.195280e+01,2.193211e+01,2.194591e+01,2.195970e+01,2.196660e+01,2.187691e+01,2.195970e+01,2.197349e+01,2.191831e+01,2.201486e+01,2.193901e+01,2.195970e+01,2.197349e+01,2.201486e+01,2.199418e+01,2.200107e+01,2.204243e+01,2.203554e+01,2.195970e+01,2.204243e+01,2.195970e+01,2.187691e+01,2.200107e+01,2.198729e+01,2.195970e+01,2.191141e+01,2.198729e+01,2.160735e+01,2.148963e+01,2.116345e+01,2.085715e+01,2.066872e+01,2.061981e+01,2.070364e+01,2.064078e+01,2.057787e+01,2.066174e+01,2.090594e+01,2.134402e+01,2.184239e+01,2.192521e+01,2.192521e+01,2.196660e+01,2.192521e+01,2.189761e+01,2.191831e+01,2.197349e+01,2.193211e+01,2.202176e+01,2.198729e+01,2.195970e+01,2.197349e+01,2.192521e+01,2.193211e+01,2.195280e+01,2.194591e+01,2.190451e+01,2.186310e+01,2.187000e+01,2.191141e+01,2.191141e+01,2.189071e+01,2.191831e+01,2.186310e+01,2.191831e+01,2.195280e+01,2.183548e+01,2.186310e+01,2.195280e+01,2.189071e+01,2.171802e+01,2.188381e+01,2.187000e+01,2.178713e+01,2.182858e+01,2.183548e+01,2.183548e+01,2.187691e+01,2.181476e+01,2.173185e+01,2.185620e+01,2.171802e+01,2.180786e+01,2.175949e+01,2.175258e+01,2.173876e+01,2.177332e+01,2.172494e+01,2.174567e+01,2.171802e+01,2.169037e+01,2.173876e+01,2.175258e+01,2.177332e+01,2.175949e+01,2.180786e+01,2.175949e+01,2.187000e+01,2.175949e+01,2.174567e+01,2.189761e+01,2.189761e+01,2.191141e+01,2.191141e+01,2.213886e+01,2.208377e+01,2.206999e+01,2.223520e+01,2.227647e+01,2.224896e+01,2.232458e+01,2.238642e+01,2.233146e+01,2.237268e+01,2.233833e+01,2.244135e+01,2.235894e+01,2.246880e+01,2.248252e+01,2.250311e+01,2.252369e+01,2.256483e+01,2.254426e+01,2.261967e+01,2.259225e+01,2.258540e+01,2.261282e+01,2.260596e+01,2.259911e+01,2.245507e+01,2.255798e+01,2.237268e+01,2.246880e+01,2.239328e+01,2.235207e+01,2.236581e+01,2.229709e+01,2.234520e+01,2.230396e+01,2.227647e+01,2.227647e+01,2.229022e+01,2.234520e+01,2.232458e+01,2.234520e+01,2.232458e+01,2.235894e+01,2.233833e+01,2.238642e+01,2.231771e+01,2.226959e+01,2.229022e+01,2.227647e+01,2.220769e+01,2.226959e+01,2.218705e+01,2.232458e+01,2.226271e+01,2.230396e+01,2.229022e+01,2.226959e+01,2.229022e+01,2.228334e+01,2.222833e+01,2.231771e+01,2.240015e+01,2.224208e+01,2.231771e+01,2.220081e+01,2.226959e+01,2.218016e+01,2.221457e+01,2.226271e+01,2.222833e+01,2.224208e+01,2.231084e+01,2.229709e+01,2.229022e+01,2.225584e+01,2.224896e+01,2.227647e+01,2.210443e+01,2.227647e+01,2.210443e+01,2.220769e+01,2.218016e+01,2.226959e+01,2.220769e+01,2.219393e+01,2.231084e+01,2.232458e+01,2.223520e+01,2.222833e+01,2.221457e+01,2.218016e+01,2.221457e+01,2.223520e+01,2.224896e+01,2.230396e+01,2.226959e+01,2.231084e+01,2.224896e+01,2.231084e+01,2.228334e+01,2.236581e+01,2.239328e+01,2.241389e+01,2.228334e+01,2.237268e+01,2.238642e+01,2.237955e+01,2.233833e+01,2.240702e+01,2.242075e+01,2.241389e+01,2.231084e+01,2.240702e+01,2.232458e+01,2.231771e+01,2.235207e+01,2.231771e+01,2.230396e+01,2.227647e+01
2.180095e+01,2.188381e+01,2.190451e+01,2.191141e+01,2.189761e+01,2.188381e+01,2.189761e+01,2.186310e+01,2.189071e+01,2.178022e+01,2.178713e+01,2.180095e+01,2.189071e+01,2.198039e+01,2.182858e+01,2.201486e+01,2.190451e+01,2.175258e+01,2.166270e+01,2.175258e+01,2.180095e+01,2.184239e+01,2.189071e+01,2.191141e+01,2.189071e+01,2.191831e+01,2.186310e+01,2.184929e+01,2.188381e+01,2.187000e+01,2.178713e+01,2.184929e+01,2.188381e+01,2.194591e+01,2.191831e+01,2.185620e+01,2.173185e+01,2.191831e+01,2.211132e+01,2.186310e+01,2.195280e+01,2.188381e+01,2.197349e+01,2.200797e+01,2.190451e+01,2.200797e+01,2.191141e+01,2.187691e+01,2.188381e+01,2.184239e+01,2.195280e+01,2.201486e+01,2.202865e+01,2.185620e+01,2.195970e+01,2.202865e+01,2.185620e+01,2.194591e+01,2.204932e+01,2.192521e+01,2.201486e+01,2.187000e+01,2.188381e+01,2.202865e+01,2.191831e+01,2.202865e+01,2.206999e+01,2.180095e+01,2.189761e+01,2.204243e+01,2.203554e+01,2.202176e+01,2.198729e+01,2.199418e+01,2.193901e+01,2.191141e+01,2.190451e+01,2.199418e+01,2.191831e+01,2.189761e+01,2.193901e+01,2.195280e+01,2.191831e+01,2.195970e+01,2.189761e+01,2.197349e+01,2.199418e+01,2.199418e+01,2.201486e+01,2.202176e+01,2.193901e+01,2.202865e+01,2.202865e+01,2.190451e+01,2.200797e+01,2.204243e+01,2.205621e+01,2.210443e+01,2.199418e+01,2.202865e+01,2.202176e+01,2.213886e+01,2.206310e+01,2.207688e+01,2.206310e+01,2.211821e+01,2.226959e+01,2.211821e+01,2.221457e+01,2.221457e+01,2.219393e+01,2.214575e+01,2.204932e+01,2.223520e+01,2.229709e+01,2.231084e+01,2.229709e+01,2.211132e+01,2.226271e+01,2.229709e+01,2.223520e+01,2.225584e+01,2.225584e+01,2.231771e+01,2.221457e+01,2.227647e+01,2.229709e+01,2.224208e+01,2.233146e+01,2.230396e+01,2.226271e+01,2.224896e+01,2.226271e+01,2.224896e+01,2.227647e+01,2.233146e+01,2.229709e+01,2.222145e+01,2.230396e+01,2.224896e+01,2.231084e+01,2.223520e+01,2.216640e+01,2.221457e+01,2.213886e+01,2.198039e+01,2.185620e+01,2.191141e+01,2.184929e+01,2.178022e+01,2.180095e+01,2.181476e+01,2.181476e+01,2.197349e+01,2.198729e+01,2.195280e+01,2.203554e+01,2.198729e+01,2.201486e+01,2.205621e+01,2.208377e+01,2.201486e+01,2.215263e+01,2.212509e+01,2.217328e+01,2.200107e+01,2.205621e+01,2.204243e+01,2.201486e+01,2.188381e+01,2.193901e+01,2.195280e+01,2.198039e+01,2.200107e+01,2.199418e+01,2.193211e+01,2.203554e+01,2.200107e+01,2.200107e+01,2.193211e+01,2.187000e+01,2.201486e+01,2.187691e+01,2.197349e+01,2.191831e+01,2.186310e+01,2.193901e+01,2.196660e+01,2.193211e+01,2.193901e+01,2.197349e+01,2.180786e+01,2.178022e+01,2.173876e+01,2.171111e+01,2.169037e+01,2.175258e+01,2.165579e+01,2.166962e+01,2.160735e+01,2.165579e+01,2.140645e+01,2.137177e+01,2.119820e+01,2.119820e+01,2.113565e+01,2.113565e+01,2.114260e+01,2.119820e+01,2.126072e+01,2.126072e+01,2.123294e+01,2.136484e+01,2.133708e+01,2.139258e+01,2.136484e+01,2.130932e+01,2.134402e+01,2.133014e+01,2.132320e+01,2.137177e+01,2.134402e+01,2.134402e+01,2.132320e+01,2.138565e+01,2.138565e+01,2.123989e+01,2.117736e+01,2.124683e+01,2.129544e+01,2.182167e+01,2.184239e+01,2.192521e+01,2.185620e+01,2.181476e+01,2.195970e+01,2.180786e+01,2.191831e+01,2.189071e+01,2.198729e+01,2.195970e+01,2.149656e+01,2.166962e+01,2.164195e+01,2.166270e+01,2.171802e+01,2.176641e+01,2.186310e+01,2.173185e+01,2.182167e+01,2.185620e+01,2.180095e+01,2.184929e+01,2.184929e+01,2.176641e+01,2.164195e+01,2.164195e+01,2.166962e+01,2.162119e+01,2.166962e+01,2.159351e+01,2.187000e+01,2.190451e+01,2.191141e+01,2.189071e+01,2.190451e+01,2.195280e+01,2.189071e+01,2.187691e+01,2.187000e+01,2.180786e+01,2.178713e+01,2.153812e+01,2.144112e+01,2.155197e+01,2.138565e+01,2.131626e+01,2.123989e+01,2.137871e+01,2.124683e+01,2.121210e+01,2.117736e+01,2.116345e+01,2.122600e+01,2.113565e+01,2.112174e+01,2.106609e+01,2.108001e+01,2.110088e+01,2.098256e+01,2.097560e+01,2.096167e+01,2.101042e+01,2.096864e+01,2.102434e+01,2.100345e+01,2.102434e+01,2.102434e+01,2.103130e+01,2.110783e+01,2.103826e+01,2.110088e+01,2.120515e+01,2.121210e+01,2.122600e+01,2.122600e+01,2.112869e+01,2.111479e+01,2.107305e+01,2.109392e+01,2.111479e+01,2.118431e+01,2.111479e+01,2.126072e+01,2.130932e+01,2.128156e+01,2.139258e+01,2.119820e+01,2.136484e+01,2.148963e+01,2.148270e+01,2.157967e+01,2.163503e+01,2.165579e+01,2.171111e+01,2.165579e+01,2.164195e+01,2.166270e+01,2.160043e+01,2.157967e+01,2.154505e+01,2.158659e+01,2.155890e+01,2.146191e+01,2.144112e+01,2.143419e+01,2.140645e+01,2.139952e+01,2.139258e+01,2.139258e+01,2.133708e+01,2.163503e+01,2.172494e+01,2.180095e+01,2.175258e+01,2.181476e+01,2.178713e+01,2.184239e+01,2.183548e+01,2.200107e+01,2.200107e+01,2.192521e+01,2.205621e+01,2.194591e+01,2.209066e+01,2.203554e+01,2.202865e+01,2.207688e+01,2.195970e+01,2.193901e+01,2.216640e+01,2.213886e+01,2.198729e+01,2.213886e+01,2.206310e+01,2.198729e+01,2.202865e+01,2.209066e+01,2.209755e+01,2.198729e+01,2.215952e+01,2.202865e+01,2.220769e+01,2.222145e+01,2.206310e+01,2.202176e+01,2.214575e+01,2.205621e+01,2.209755e+01,2.207688e+01,2.211821e+01,2.196660e+01,2.206310e+01,2.211821e+01,2.211821e+01,2.213886e+01,2.208377e+01,2.211132e+01,2.207688e+01,2.211132e+01,2.213198e+01,2.215952e+01,2.218705e+01,2.228334e+01,2.224896e+01,2.226271e+01,2.229022e+01,2.229022e+01,2.231771e+01,2.222833e+01,2.228334e+01,2.229709e+01,2.222833e+01,2.178713e+01,2.151734e+01,2.122600e+01,2.125378e+01,2.110088e+01,2.113565e+01,2.110783e+01,2.118431e+01,2.115650e+01,2.118431e+01,2.129544e+01,2.157967e+01,2.181476e+01,2.193211e+01,2.181476e+01,2.197349e+01,2.206310e+01,2.195280e+01,2.189071e+01,2.191141e+01,2.189761e+01,2.195970e+01,2.195280e+01,2.197349e+01,2.206999e+01,2.195280e+01,2.199418e+01,2.194591e+01,2.203554e+01,2.202865e+01,2.200107e+01,2.191141e+01,2.195970e+01,2.206310e+01,2.187000e+01,2.202176e+01,2.200107e+01,2.197349e+01,2.199418e+01,2.198039e+01,2.197349e+01,2.196660e+01,2.187000e+01,2.157274e+01,2.126072e+01,2.099649e+01,2.075251e+01,2.071062e+01,2.056389e+01,2.059884e+01,2.071761e+01,2.113565e+01,2.158659e+01,2.174567e+01,2.193901e+01,2.193901e+01,2.197349e+01,2.197349e+01,2.196660e+01,2.194591e+01,2.198729e+01,2.191141e+01,2.191141e+01,2.203554e+01,2.187691e+01,2.200107e+01,2.186310e+01,2.202176e+01,2.195970e+01,2.185620e+01,2.192521e+01,2.184929e+01,2.189761e+01,2.182167e+01,2.179404e+01,2.191831e+01,2.190451e+01,2.191141e+01,2.184929e+01,2.191831e+01,2.188381e+01,2.179404e+01,2.172494e+01,2.182858e+01,2.182858e+01,2.190451e+01,2.187000e+01,2.178022e+01,2.181476e+01,2.180095e+01,2.183548e+01,2.189761e+01,2.178022e+01,2.188381e+01,2.184929e+01,2.174567e+01,2.175949e+01,2.171111e+01,2.177332e+01,2.173876e+01,2.169728e+01,2.177332e+01,2.157274e+01,2.172494e+01,2.180786e+01,2.164195e+01,2.179404e+01,2.179404e+01,2.180786e+01,2.177332e+01,2.172494e+01,2.175258e+01,2.176641e+01,2.188381e+01,2.188381e+01,2.188381e+01,2.195970e+01,2.196660e+01,2.197349e+01,2.205621e+01,2.208377e+01,2.207688e+01,2.220081e+01,2.229709e+01,2.229709e+01,2.226959e+01,2.229022e+01,2.232458e+01,2.237955e+01,2.231084e+01,2.244821e+01,2.246194e+01,2.259225e+01,2.261282e+01,2.265392e+01,2.254426e+01,2.268132e+01,2.259911e+01,2.253741e+01,2.258540e+01,2.257169e+01,2.246880e+01,2.250311e+01,2.241389e+01,2.251683e+01,2.238642e+01,2.238642e+01,2.235894e+01,2.237955e+01,2.243448e+01,2.231771e+01,2.230396e+01,2.234520e+01,2.228334e+01,2.231771e+01,2.231084e+01,2.224208e+01,2.229709e+01,2.224208e+01,2.240015e+01,2.230396e+01,2.232458e+01,2.222145e+01,2.218016e+01,2.226959e+01,2.225584e+01,2.231084e+01,2.233146e+01,2.221457e+01,2.233833e+01,2.215263e+01,2.230396e+01,2.232458e+01,2.228334e+01,2.225584e+01,2.216640e+01,2.221457e+01,2.238642e+01,2.220769e+01,2.226271e+01,2.231771e+01,2.225584e+01,2.216640e+01,2.225584e+01,2.224208e+01,2.229022e+01,2.226271e+01,2.225584e+01,2.228334e+01,2.229709e+01,2.212509e+01,2.209755e+01,2.229022e+01,2.215952e+01,2.225584e+01,2.226271e+01,2.228334e+01,2.220769e+01,2.222145e+01,2.213198e+01,2.214575e+01,2.217328e+01,2.210443e+01,2.219393e+01,2.211821e+01,2.222833e+01,2.221457e+01,2.219393e+01,2.224208e+01,2.235894e+01,2.222145e+01,2.219393e+01,2.221457e+01,2.221457e+01,2.231084e+01,2.222145e+01,2.235894e+01,2.233146e+01,2.236581e+01,2.235894e+01,2.249625e+01,2.244821e+01,2.235894e+01,2.244135e+01,2.235894e+01,2.240702e+01,2.240015e+01,2.233146e+01,2.238642e+01,2.242075e+01,2.240702e+01,2.233146e+01,2.225584e+01,2.232458e+01,2.229709e+01,2.230396e+01,2.229709e+01
2.196660e+01,2.189761e+01,2.181476e+01,2.195970e+01,2.186310e+01,2.190451e+01,2.191141e+01,2.187691e+01,2.191831e+01,2.186310e+01,2.183548e+01,2.184929e+01,2.180095e+01,2.189761e+01,2.174567e+01,2.185620e+01,2.172494e+01,2.183548e+01,2.180786e+01,2.178713e+01,2.178022e+01,2.187000e+01,2.191141e+01,2.178022e+01,2.175258e+01,2.190451e+01,2.186310e+01,2.193901e+01,2.192521e+01,2.187000e+01,2.171111e+01,2.171111e+01,2.193901e+01,2.186310e+01,2.182167e+01,2.188381e+01,2.187000e+01,2.188381e+01,2.182858e+01,2.187691e+01,2.188381e+01,2.184239e+01,2.178713e+01,2.198729e+01,2.189071e+01,2.191141e+01,2.191141e+01,2.189071e+01,2.193211e+01,2.191831e+01,2.187691e+01,2.189071e+01,2.183548e+01,2.200107e+01,2.194591e+01,2.187000e+01,2.206310e+01,2.193901e+01,2.194591e+01,2.194591e+01,2.193211e+01,2.190451e+01,2.181476e+01,2.185620e+01,2.182858e+01,2.198039e+01,2.211821e+01,2.192521e+01,2.189071e+01,2.184239e+01,2.193901e+01,2.194591e+01,2.196660e+01,2.194591e+01,2.193901e+01,2.204932e+01,2.191141e+01,2.202865e+01,2.191141e+01,2.184239e+01,2.194591e+01,2.191141e+01,2.189761e+01,2.193901e+01,2.195970e+01,2.194591e+01,2.193901e+01,2.196660e+01,2.203554e+01,2.203554e+01,2.200797e+01,2.196660e+01,2.192521e+01,2.193211e+01,2.200797e+01,2.202176e+01,2.200797e+01,2.204932e+01,2.198729e+01,2.214575e+01,2.208377e+01,2.208377e+01,2.209755e+01,2.209755e+01,2.213886e+01,2.209755e+01,2.213198e+01,2.211132e+01,2.212509e+01,2.211821e+01,2.214575e+01,2.218705e+01,2.220081e+01,2.216640e+01,2.218016e+01,2.229709e+01,2.219393e+01,2.224896e+01,2.220081e+01,2.220081e+01,2.222145e+01,2.228334e+01,2.224896e+01,2.222833e+01,2.235894e+01,2.220081e+01,2.229709e+01,2.229022e+01,2.229709e+01,2.231084e+01,2.222833e+01,2.227647e+01,2.227647e+01,2.229022e+01,2.226959e+01,2.226959e+01,2.229709e+01,2.222145e+01,2.223520e+01,2.233146e+01,2.220081e+01,2.204932e+01,2.211821e+01,2.215263e+01,2.197349e+01,2.192521e+01,2.183548e+01,2.191831e+01,2.185620e+01,2.186310e+01,2.192521e+01,2.176641e+01,2.182167e+01,2.189761e+01,2.194591e+01,2.200797e+01,2.202176e+01,2.199418e+01,2.199418e+01,2.200797e+01,2.201486e+01,2.206310e+01,2.213886e+01,2.206999e+01,2.208377e+01,2.206310e+01,2.203554e+01,2.204932e+01,2.200797e+01,2.198039e+01,2.198039e+01,2.197349e+01,2.198039e+01,2.199418e+01,2.193211e+01,2.199418e+01,2.198039e+01,2.217328e+01,2.209755e+01,2.204243e+01,2.198729e+01,2.190451e+01,2.191141e+01,2.188381e+01,2.191141e+01,2.198039e+01,2.194591e+01,2.197349e+01,2.194591e+01,2.191831e+01,2.191141e+01,2.192521e+01,2.193211e+01,2.175258e+01,2.172494e+01,2.173185e+01,2.173876e+01,2.168345e+01,2.164195e+01,2.162811e+01,2.161427e+01,2.145498e+01,2.142032e+01,2.128156e+01,2.123294e+01,2.114955e+01,2.119126e+01,2.110783e+01,2.117736e+01,2.123989e+01,2.128156e+01,2.130932e+01,2.124683e+01,2.130238e+01,2.133014e+01,2.128850e+01,2.131626e+01,2.126072e+01,2.130238e+01,2.129544e+01,2.126072e+01,2.128850e+01,2.128850e+01,2.126767e+01,2.128850e+01,2.135096e+01,2.126072e+01,2.121905e+01,2.126072e+01,2.149656e+01,2.153812e+01,2.182858e+01,2.195280e+01,2.182858e+01,2.193901e+01,2.185620e+01,2.200797e+01,2.189761e+01,2.203554e+01,2.180786e+01,2.182167e+01,2.163503e+01,2.153119e+01,2.167654e+01,2.163503e+01,2.171802e+01,2.179404e+01,2.182858e+01,2.175949e+01,2.182858e+01,2.181476e+01,2.176641e+01,2.184239e+01,2.175949e+01,2.169728e+01,2.169037e+01,2.168345e+01,2.164887e+01,2.159351e+01,2.157967e+01,2.162811e+01,2.188381e+01,2.186310e+01,2.191141e+01,2.186310e+01,2.183548e+01,2.189761e+01,2.189071e+01,2.183548e+01,2.181476e+01,2.174567e+01,2.149656e+01,2.154505e+01,2.145498e+01,2.148963e+01,2.151042e+01,2.139258e+01,2.136484e+01,2.116345e+01,2.121210e+01,2.122600e+01,2.114955e+01,2.114260e+01,2.115650e+01,2.119126e+01,2.107305e+01,2.105218e+01,2.108001e+01,2.091291e+01,2.113565e+01,2.110783e+01,2.098953e+01,2.099649e+01,2.097560e+01,2.103826e+01,2.105914e+01,2.101738e+01,2.101738e+01,2.108696e+01,2.103826e+01,2.118431e+01,2.105218e+01,2.119126e+01,2.123989e+01,2.123989e+01,2.133014e+01,2.108696e+01,2.105914e+01,2.100345e+01,2.106609e+01,2.110088e+01,2.108696e+01,2.119820e+01,2.117041e+01,2.126072e+01,2.133708e+01,2.123294e+01,2.121905e+01,2.123989e+01,2.152427e+01,2.141339e+01,2.160043e+01,2.164887e+01,2.162119e+01,2.165579e+01,2.164887e+01,2.166270e+01,2.167654e+01,2.161427e+01,2.159351e+01,2.154505e+01,2.159351e+01,2.150349e+01,2.153119e+01,2.149656e+01,2.142032e+01,2.130238e+01,2.139258e+01,2.132320e+01,2.142725e+01,2.137871e+01,2.146884e+01,2.162119e+01,2.170420e+01,2.178713e+01,2.172494e+01,2.187691e+01,2.178022e+01,2.178022e+01,2.182167e+01,2.185620e+01,2.184929e+01,2.187000e+01,2.180095e+01,2.178022e+01,2.184239e+01,2.202176e+01,2.198039e+01,2.198729e+01,2.194591e+01,2.193901e+01,2.201486e+01,2.198729e+01,2.202176e+01,2.211132e+01,2.201486e+01,2.202176e+01,2.189071e+01,2.207688e+01,2.208377e+01,2.205621e+01,2.210443e+01,2.209066e+01,2.213886e+01,2.206310e+01,2.207688e+01,2.209066e+01,2.203554e+01,2.209066e+01,2.207688e+01,2.208377e+01,2.212509e+01,2.210443e+01,2.195280e+01,2.202865e+01,2.216640e+01,2.209755e+01,2.195280e+01,2.202865e+01,2.206310e+01,2.214575e+01,2.216640e+01,2.226959e+01,2.222145e+01,2.229022e+01,2.226271e+01,2.227647e+01,2.222833e+01,2.223520e+01,2.221457e+01,2.222145e+01,2.236581e+01,2.214575e+01,2.176641e+01,2.133708e+01,2.144805e+01,2.114955e+01,2.120515e+01,2.118431e+01,2.114260e+01,2.126767e+01,2.118431e+01,2.117736e+01,2.132320e+01,2.144112e+01,2.175258e+01,2.184239e+01,2.195280e+01,2.197349e+01,2.195280e+01,2.204932e+01,2.196660e+01,2.196660e+01,2.189071e+01,2.191831e+01,2.190451e+01,2.196660e+01,2.198729e+01,2.192521e+01,2.193901e+01,2.196660e+01,2.204243e+01,2.198039e+01,2.195970e+01,2.198039e+01,2.197349e+01,2.203554e+01,2.207688e+01,2.207688e+01,2.200797e+01,2.200797e+01,2.200107e+01,2.200797e+01,2.189761e+01,2.199418e+01,2.192521e+01,2.191831e+01,2.183548e+01,2.162119e+01,2.127461e+01,2.120515e+01,2.091291e+01,2.085715e+01,2.114955e+01,2.135790e+01,2.167654e+01,2.187691e+01,2.192521e+01,2.195280e+01,2.195280e+01,2.198039e+01,2.191141e+01,2.198039e+01,2.192521e+01,2.183548e+01,2.199418e+01,2.199418e+01,2.182167e+01,2.191141e+01,2.187000e+01,2.199418e+01,2.198729e+01,2.202865e+01,2.184239e+01,2.198039e+01,2.192521e+01,2.190451e+01,2.180786e+01,2.191141e+01,2.189761e+01,2.187691e+01,2.187691e+01,2.191141e+01,2.190451e+01,2.181476e+01,2.184239e+01,2.175949e+01,2.173185e+01,2.175949e+01,2.187000e+01,2.180786e+01,2.181476e+01,2.193901e+01,2.179404e+01,2.192521e+01,2.176641e+01,2.186310e+01,2.187000e+01,2.180786e+01,2.173185e+01,2.171802e+01,2.172494e+01,2.172494e+01,2.178022e+01,2.176641e+01,2.166962e+01,2.177332e+01,2.186310e+01,2.175258e+01,2.179404e+01,2.170420e+01,2.171802e+01,2.170420e+01,2.170420e+01,2.178022e+01,2.171111e+01,2.178713e+01,2.175949e+01,2.186310e+01,2.195970e+01,2.194591e+01,2.213198e+01,2.210443e+01,2.217328e+01,2.209755e+01,2.215263e+01,2.218016e+01,2.224896e+01,2.219393e+01,2.231771e+01,2.250997e+01,2.229022e+01,2.211821e+01,2.248252e+01,2.242075e+01,2.246880e+01,2.253055e+01,2.255112e+01,2.261967e+01,2.262652e+01,2.264022e+01,2.263337e+01,2.262652e+01,2.255798e+01,2.257854e+01,2.248939e+01,2.242762e+01,2.242075e+01,2.237268e+01,2.237955e+01,2.242762e+01,2.236581e+01,2.235207e+01,2.236581e+01,2.241389e+01,2.242075e+01,2.235894e+01,2.228334e+01,2.223520e+01,2.226271e+01,2.224896e+01,2.236581e+01,2.232458e+01,2.231084e+01,2.228334e+01,2.227647e+01,2.218705e+01,2.230396e+01,2.225584e+01,2.222833e+01,2.221457e+01,2.229022e+01,2.210443e+01,2.227647e+01,2.215263e+01,2.229709e+01,2.228334e+01,2.216640e+01,2.215952e+01,2.229022e+01,2.222833e+01,2.218016e+01,2.236581e+01,2.218016e+01,2.217328e+01,2.228334e+01,2.224208e+01,2.225584e+01,2.215952e+01,2.223520e+01,2.225584e+01,2.230396e+01,2.220769e+01,2.230396e+01,2.213198e+01,2.226959e+01,2.209066e+01,2.229022e+01,2.223520e+01,2.211132e+01,2.216640e+01,2.227647e+01,2.216640e+01,2.215263e+01,2.222145e+01,2.211821e+01,2.208377e+01,2.216640e+01,2.206999e+01,2.213886e+01,2.229709e+01,2.218016e+01,2.232458e+01,2.218705e+01,2.220081e+01,2.221457e+01,2.229022e+01,2.229022e+01,2.222833e+01,2.226271e+01,2.234520e+01,2.253055e+01,2.231084e+01,2.237955e+01,2.235894e+01,2.236581e+01,2.246194e+01,2.235894e+01,2.239328e+01,2.237955e+01,2.240015e+01,2.233146e+01,2.240015e+01,2.240702e+01,2.237955e+01,2.231084e+01,2.237955e+01,2.231771e+01,2.231084e+01,2.229709e+01
2.189071e+01,2.191141e+01,2.188381e+01,2.185620e+01,2.191141e+01,2.204243e+01,2.184239e+01,2.179404e+01,2.177332e+01,2.181476e+01,2.178713e+01,2.181476e+01,2.179404e+01,2.188381e+01,2.189071e+01,2.183548e+01,2.187000e+01,2.169037e+01,2.173876e+01,2.179404e+01,2.171111e+01,2.175258e+01,2.183548e+01,2.187691e+01,2.178022e+01,2.175949e+01,2.186310e+01,2.184239e+01,2.191141e+01,2.187691e+01,2.173876e+01,2.183548e+01,2.189071e+01,2.184239e+01,2.181476e+01,2.187000e+01,2.180095e+01,2.195970e+01,2.193211e+01,2.177332e+01,2.177332e+01,2.183548e+01,2.181476e+01,2.195280e+01,2.188381e+01,2.188381e+01,2.184929e+01,2.188381e+01,2.193211e+01,2.190451e+01,2.182858e+01,2.193901e+01,2.193901e+01,2.187691e+01,2.194591e+01,2.186310e+01,2.189761e+01,2.207688e+01,2.196660e+01,2.197349e+01,2.200797e+01,2.198039e+01,2.197349e+01,2.200797e+01,2.198729e+01,2.204932e+01,2.193211e+01,2.188381e+01,2.188381e+01,2.195970e+01,2.193901e+01,2.194591e+01,2.202176e+01,2.193901e+01,2.189071e+01,2.205621e+01,2.194591e+01,2.178022e+01,2.177332e+01,2.180786e+01,2.193901e+01,2.187000e+01,2.196660e+01,2.190451e+01,2.198039e+01,2.208377e+01,2.198729e+01,2.190451e+01,2.195970e+01,2.202176e+01,2.204243e+01,2.202865e+01,2.202865e+01,2.202865e+01,2.195970e+01,2.199418e+01,2.201486e+01,2.211821e+01,2.211821e+01,2.212509e+01,2.209755e+01,2.215952e+01,2.208377e+01,2.215263e+01,2.211821e+01,2.224208e+01,2.211821e+01,2.210443e+01,2.210443e+01,2.216640e+01,2.215263e+01,2.220769e+01,2.217328e+01,2.224208e+01,2.215952e+01,2.218705e+01,2.223520e+01,2.223520e+01,2.227647e+01,2.227647e+01,2.222145e+01,2.224896e+01,2.228334e+01,2.224896e+01,2.220769e+01,2.220081e+01,2.221457e+01,2.228334e+01,2.229022e+01,2.229022e+01,2.228334e+01,2.226959e+01,2.220081e+01,2.230396e+01,2.231084e+01,2.223520e+01,2.229709e+01,2.211132e+01,2.218705e+01,2.226959e+01,2.218016e+01,2.204243e+01,2.198729e+01,2.197349e+01,2.187000e+01,2.186310e+01,2.189761e+01,2.188381e+01,2.189761e+01,2.187000e+01,2.178022e+01,2.182858e+01,2.182858e+01,2.193901e+01,2.178713e+01,2.198729e+01,2.197349e+01,2.202176e+01,2.198039e+01,2.197349e+01,2.204243e+01,2.203554e+01,2.215952e+01,2.213886e+01,2.220769e+01,2.213198e+01,2.202865e+01,2.202865e+01,2.204932e+01,2.210443e+01,2.200797e+01,2.199418e+01,2.200107e+01,2.200797e+01,2.200107e+01,2.200797e+01,2.200107e+01,2.200107e+01,2.195970e+01,2.197349e+01,2.190451e+01,2.193211e+01,2.188381e+01,2.191831e+01,2.199418e+01,2.191141e+01,2.189071e+01,2.194591e+01,2.193901e+01,2.191141e+01,2.193211e+01,2.192521e+01,2.190451e+01,2.184239e+01,2.184929e+01,2.184239e+01,2.176641e+01,2.165579e+01,2.169037e+01,2.166270e+01,2.159351e+01,2.157274e+01,2.144112e+01,2.149656e+01,2.124683e+01,2.117041e+01,2.112869e+01,2.118431e+01,2.123294e+01,2.121905e+01,2.118431e+01,2.119820e+01,2.123294e+01,2.128156e+01,2.119820e+01,2.126072e+01,2.125378e+01,2.123294e+01,2.123294e+01,2.134402e+01,2.116345e+01,2.121905e+01,2.126072e+01,2.130238e+01,2.118431e+01,2.120515e+01,2.127461e+01,2.123989e+01,2.120515e+01,2.133708e+01,2.160735e+01,2.186310e+01,2.189761e+01,2.193901e+01,2.187000e+01,2.193211e+01,2.184929e+01,2.187000e+01,2.186310e+01,2.169037e+01,2.163503e+01,2.161427e+01,2.160043e+01,2.149656e+01,2.166270e+01,2.164195e+01,2.171111e+01,2.182858e+01,2.182167e+01,2.180095e+01,2.171802e+01,2.170420e+01,2.172494e+01,2.171111e+01,2.175258e+01,2.164195e+01,2.162119e+01,2.161427e+01,2.159351e+01,2.156582e+01,2.174567e+01,2.187000e+01,2.182167e+01,2.189761e+01,2.189761e+01,2.192521e+01,2.191831e+01,2.182167e+01,2.182167e+01,2.164195e+01,2.163503e+01,2.146884e+01,2.146884e+01,2.144805e+01,2.137177e+01,2.137177e+01,2.124683e+01,2.136484e+01,2.117041e+01,2.114955e+01,2.114260e+01,2.107305e+01,2.105914e+01,2.112174e+01,2.106609e+01,2.106609e+01,2.103826e+01,2.110783e+01,2.112869e+01,2.110783e+01,2.116345e+01,2.089897e+01,2.113565e+01,2.108696e+01,2.097560e+01,2.098953e+01,2.098256e+01,2.103130e+01,2.100345e+01,2.105218e+01,2.103130e+01,2.121210e+01,2.123989e+01,2.123294e+01,2.125378e+01,2.123989e+01,2.098953e+01,2.109392e+01,2.119820e+01,2.110783e+01,2.126767e+01,2.126767e+01,2.117041e+01,2.120515e+01,2.129544e+01,2.129544e+01,2.126767e+01,2.126767e+01,2.139258e+01,2.139952e+01,2.144112e+01,2.155197e+01,2.152427e+01,2.162811e+01,2.160735e+01,2.164887e+01,2.160043e+01,2.166962e+01,2.160043e+01,2.161427e+01,2.158659e+01,2.155890e+01,2.148270e+01,2.143419e+01,2.142032e+01,2.140645e+01,2.132320e+01,2.138565e+01,2.136484e+01,2.142725e+01,2.139952e+01,2.146191e+01,2.166270e+01,2.166270e+01,2.155890e+01,2.155890e+01,2.170420e+01,2.167654e+01,2.171802e+01,2.164887e+01,2.172494e+01,2.173876e+01,2.183548e+01,2.182167e+01,2.173876e+01,2.175949e+01,2.195280e+01,2.193211e+01,2.196660e+01,2.191141e+01,2.192521e+01,2.195970e+01,2.199418e+01,2.195970e+01,2.199418e+01,2.202176e+01,2.203554e+01,2.189761e+01,2.201486e+01,2.198039e+01,2.195280e+01,2.193901e+01,2.208377e+01,2.206310e+01,2.204243e+01,2.206310e+01,2.206310e+01,2.211821e+01,2.212509e+01,2.200797e+01,2.203554e+01,2.211132e+01,2.206310e+01,2.209755e+01,2.207688e+01,2.215263e+01,2.202865e+01,2.208377e+01,2.209755e+01,2.204243e+01,2.213886e+01,2.215263e+01,2.217328e+01,2.213198e+01,2.217328e+01,2.211821e+01,2.232458e+01,2.221457e+01,2.221457e+01,2.204243e+01,2.227647e+01,2.234520e+01,2.212509e+01,2.171802e+01,2.143419e+01,2.119820e+01,2.115650e+01,2.118431e+01,2.117041e+01,2.125378e+01,2.123294e+01,2.120515e+01,2.132320e+01,2.117041e+01,2.135790e+01,2.189071e+01,2.195970e+01,2.173185e+01,2.193211e+01,2.173876e+01,2.191831e+01,2.190451e+01,2.191831e+01,2.195280e+01,2.184929e+01,2.186310e+01,2.197349e+01,2.199418e+01,2.202865e+01,2.198039e+01,2.195280e+01,2.200107e+01,2.200797e+01,2.196660e+01,2.191831e+01,2.196660e+01,2.196660e+01,2.204243e+01,2.202176e+01,2.193211e+01,2.195970e+01,2.197349e+01,2.195280e+01,2.196660e+01,2.197349e+01,2.205621e+01,2.193211e+01,2.198039e+01,2.182858e+01,2.177332e+01,2.171802e+01,2.160043e+01,2.157967e+01,2.162119e+01,2.183548e+01,2.171802e+01,2.200797e+01,2.195280e+01,2.195970e+01,2.193901e+01,2.196660e+01,2.197349e+01,2.198039e+01,2.196660e+01,2.189071e+01,2.195970e+01,2.184929e+01,2.201486e+01,2.197349e+01,2.198039e+01,2.197349e+01,2.185620e+01,2.200107e+01,2.192521e+01,2.186310e+01,2.203554e+01,2.187691e+01,2.187000e+01,2.191831e+01,2.192521e+01,2.185620e+01,2.192521e+01,2.182858e+01,2.190451e+01,2.185620e+01,2.183548e+01,2.182858e+01,2.189761e+01,2.189071e+01,2.173185e+01,2.193211e+01,2.191141e+01,2.187000e+01,2.193211e+01,2.179404e+01,2.175258e+01,2.173876e+01,2.173185e+01,2.171111e+01,2.169728e+01,2.171802e+01,2.169037e+01,2.164887e+01,2.166962e+01,2.162811e+01,2.171111e+01,2.169728e+01,2.173876e+01,2.179404e+01,2.169037e+01,2.184239e+01,2.169037e+01,2.170420e+01,2.171111e+01,2.167654e+01,2.172494e+01,2.179404e+01,2.184929e+01,2.189761e+01,2.201486e+01,2.184929e+01,2.205621e+01,2.207688e+01,2.202865e+01,2.220769e+01,2.208377e+01,2.223520e+01,2.231084e+01,2.222145e+01,2.223520e+01,2.229709e+01,2.228334e+01,2.229709e+01,2.246194e+01,2.255798e+01,2.248252e+01,2.255112e+01,2.264022e+01,2.255112e+01,2.269502e+01,2.255798e+01,2.257854e+01,2.259225e+01,2.251683e+01,2.253055e+01,2.247566e+01,2.240702e+01,2.246880e+01,2.241389e+01,2.244135e+01,2.241389e+01,2.240702e+01,2.232458e+01,2.230396e+01,2.242762e+01,2.233833e+01,2.231084e+01,2.230396e+01,2.231771e+01,2.226959e+01,2.232458e+01,2.236581e+01,2.236581e+01,2.224896e+01,2.232458e+01,2.223520e+01,2.228334e+01,2.227647e+01,2.219393e+01,2.220769e+01,2.229022e+01,2.226959e+01,2.226271e+01,2.226959e+01,2.235207e+01,2.229022e+01,2.229022e+01,2.222145e+01,2.227647e+01,2.229022e+01,2.226959e+01,2.218705e+01,2.233146e+01,2.215263e+01,2.224896e+01,2.222145e+01,2.214575e+01,2.224208e+01,2.226959e+01,2.221457e+01,2.225584e+01,2.221457e+01,2.223520e+01,2.229022e+01,2.226271e+01,2.220081e+01,2.222833e+01,2.224208e+01,2.211821e+01,2.220081e+01,2.221457e+01,2.216640e+01,2.221457e+01,2.217328e+01,2.225584e+01,2.211132e+01,2.211132e+01,2.231771e+01,2.216640e+01,2.220769e+01,2.213198e+01,2.216640e+01,2.230396e+01,2.223520e+01,2.225584e+01,2.224208e+01,2.222145e+01,2.221457e+01,2.231084e+01,2.233146e+01,2.229709e+01,2.236581e+01,2.232458e+01,2.239328e+01,2.252369e+01,2.232458e+01,2.226271e+01,2.235894e+01,2.237955e+01,2.240015e+01,2.251683e+01,2.238642e+01,2.239328e+01,2.246880e+01,2.226271e+01,2.233833e+01,2.231771e+01,2.238642e+01,2.229022e+01,2.231771e+01
2.190451e+01,2.185620e+01,2.187000e+01,2.195970e+01,2.205621e+01,2.206999e+01,2.182167e+01,2.203554e+01,2.183548e+01,2.178713e+01,2.184239e+01,2.177332e+01,2.175949e+01,2.174567e+01,2.171802e+01,2.170420e+01,2.176641e+01,2.175258e+01,2.168345e+01,2.180095e+01,2.175949e+01,2.177332e+01,2.190451e+01,2.181476e+01,2.177332e+01,2.184929e+01,2.170420e+01,2.182858e+01,2.187000e+01,2.187691e+01,2.192521e+01,2.188381e+01,2.184239e+01,2.185620e+01,2.182858e+01,2.181476e+01,2.182858e+01,2.180786e+01,2.197349e+01,2.198729e+01,2.196660e+01,2.204243e+01,2.194591e+01,2.186310e+01,2.187000e+01,2.184239e+01,2.173876e+01,2.203554e+01,2.197349e+01,2.184239e+01,2.183548e+01,2.185620e+01,2.195280e+01,2.179404e+01,2.178022e+01,2.188381e+01,2.178022e+01,2.197349e+01,2.198729e+01,2.188381e+01,2.198729e+01,2.195970e+01,2.200797e+01,2.200797e+01,2.198729e+01,2.197349e+01,2.198039e+01,2.197349e+01,2.184239e+01,2.193211e+01,2.186310e+01,2.198039e+01,2.195280e+01,2.186310e+01,2.190451e+01,2.190451e+01,2.183548e+01,2.182167e+01,2.195280e+01,2.186310e+01,2.198039e+01,2.186310e+01,2.191141e+01,2.194591e+01,2.200107e+01,2.189071e+01,2.192521e+01,2.207688e+01,2.198729e+01,2.196660e+01,2.200107e+01,2.200797e+01,2.199418e+01,2.200107e+01,2.202176e+01,2.197349e+01,2.202865e+01,2.206310e+01,2.212509e+01,2.203554e+01,2.205621e+01,2.203554e+01,2.210443e+01,2.214575e+01,2.213198e+01,2.213886e+01,2.211821e+01,2.211132e+01,2.213886e+01,2.216640e+01,2.212509e+01,2.219393e+01,2.216640e+01,2.228334e+01,2.229709e+01,2.227647e+01,2.229709e+01,2.230396e+01,2.229022e+01,2.222145e+01,2.224896e+01,2.222145e+01,2.222833e+01,2.231084e+01,2.224208e+01,2.231771e+01,2.226271e+01,2.224896e+01,2.230396e+01,2.221457e+01,2.221457e+01,2.227647e+01,2.228334e+01,2.224896e+01,2.225584e+01,2.224208e+01,2.228334e+01,2.223520e+01,2.209066e+01,2.215952e+01,2.202176e+01,2.208377e+01,2.186310e+01,2.191141e+01,2.189761e+01,2.185620e+01,2.180786e+01,2.188381e+01,2.184239e+01,2.188381e+01,2.181476e+01,2.188381e+01,2.197349e+01,2.195970e+01,2.196660e+01,2.193211e+01,2.197349e+01,2.198729e+01,2.200797e+01,2.192521e+01,2.202176e+01,2.206999e+01,2.206999e+01,2.213886e+01,2.211132e+01,2.217328e+01,2.214575e+01,2.218016e+01,2.211132e+01,2.213886e+01,2.202865e+01,2.202176e+01,2.200107e+01,2.201486e+01,2.202865e+01,2.204932e+01,2.203554e+01,2.202176e+01,2.201486e+01,2.203554e+01,2.193901e+01,2.191141e+01,2.190451e+01,2.192521e+01,2.193901e+01,2.197349e+01,2.195970e+01,2.193211e+01,2.186310e+01,2.186310e+01,2.195280e+01,2.175949e+01,2.180095e+01,2.186310e+01,2.183548e+01,2.175949e+01,2.182858e+01,2.182858e+01,2.177332e+01,2.166270e+01,2.161427e+01,2.155197e+01,2.155890e+01,2.162119e+01,2.145498e+01,2.130932e+01,2.121210e+01,2.111479e+01,2.114260e+01,2.119820e+01,2.120515e+01,2.123294e+01,2.123294e+01,2.128850e+01,2.120515e+01,2.119126e+01,2.118431e+01,2.134402e+01,2.123294e+01,2.126072e+01,2.118431e+01,2.118431e+01,2.118431e+01,2.112869e+01,2.124683e+01,2.126072e+01,2.101738e+01,2.127461e+01,2.121905e+01,2.127461e+01,2.160043e+01,2.189761e+01,2.195970e+01,2.198729e+01,2.180095e+01,2.189761e+01,2.189071e+01,2.192521e+01,2.185620e+01,2.146884e+01,2.154505e+01,2.160043e+01,2.162119e+01,2.165579e+01,2.165579e+01,2.165579e+01,2.170420e+01,2.180786e+01,2.182858e+01,2.180095e+01,2.176641e+01,2.191141e+01,2.173876e+01,2.175949e+01,2.171802e+01,2.164887e+01,2.169037e+01,2.155890e+01,2.153812e+01,2.157274e+01,2.187000e+01,2.183548e+01,2.183548e+01,2.185620e+01,2.184239e+01,2.179404e+01,2.188381e+01,2.180786e+01,2.189071e+01,2.178713e+01,2.146191e+01,2.145498e+01,2.142032e+01,2.126767e+01,2.126072e+01,2.126767e+01,2.128156e+01,2.121905e+01,2.117736e+01,2.105914e+01,2.112174e+01,2.110783e+01,2.108696e+01,2.108001e+01,2.108001e+01,2.106609e+01,2.112174e+01,2.108001e+01,2.109392e+01,2.116345e+01,2.110088e+01,2.106609e+01,2.113565e+01,2.097560e+01,2.097560e+01,2.098953e+01,2.099649e+01,2.099649e+01,2.101738e+01,2.108696e+01,2.108001e+01,2.123989e+01,2.110088e+01,2.126072e+01,2.108696e+01,2.124683e+01,2.128156e+01,2.122600e+01,2.128156e+01,2.126072e+01,2.126767e+01,2.123294e+01,2.121210e+01,2.123294e+01,2.123294e+01,2.127461e+01,2.126767e+01,2.121210e+01,2.134402e+01,2.128156e+01,2.157967e+01,2.133708e+01,2.142725e+01,2.160735e+01,2.163503e+01,2.159351e+01,2.158659e+01,2.160735e+01,2.158659e+01,2.161427e+01,2.159351e+01,2.155197e+01,2.151042e+01,2.151734e+01,2.151734e+01,2.139258e+01,2.135790e+01,2.137871e+01,2.141339e+01,2.137177e+01,2.141339e+01,2.146191e+01,2.150349e+01,2.155197e+01,2.164195e+01,2.168345e+01,2.176641e+01,2.172494e+01,2.170420e+01,2.164887e+01,2.164887e+01,2.169037e+01,2.176641e+01,2.169728e+01,2.175949e+01,2.191141e+01,2.174567e+01,2.176641e+01,2.184929e+01,2.189761e+01,2.184239e+01,2.194591e+01,2.194591e+01,2.189071e+01,2.200797e+01,2.195280e+01,2.193901e+01,2.191831e+01,2.199418e+01,2.189071e+01,2.196660e+01,2.209066e+01,2.206999e+01,2.206310e+01,2.212509e+01,2.205621e+01,2.200107e+01,2.202176e+01,2.209066e+01,2.201486e+01,2.201486e+01,2.209066e+01,2.205621e+01,2.204243e+01,2.209066e+01,2.204932e+01,2.216640e+01,2.207688e+01,2.220769e+01,2.210443e+01,2.217328e+01,2.224896e+01,2.218016e+01,2.222833e+01,2.216640e+01,2.216640e+01,2.218705e+01,2.219393e+01,2.226271e+01,2.222833e+01,2.220769e+01,2.219393e+01,2.213198e+01,2.173185e+01,2.137871e+01,2.118431e+01,2.118431e+01,2.114955e+01,2.123989e+01,2.123294e+01,2.116345e+01,2.110783e+01,2.114955e+01,2.133708e+01,2.131626e+01,2.144112e+01,2.169037e+01,2.171111e+01,2.172494e+01,2.171111e+01,2.164195e+01,2.146191e+01,2.179404e+01,2.188381e+01,2.198729e+01,2.186310e+01,2.199418e+01,2.210443e+01,2.198729e+01,2.198039e+01,2.194591e+01,2.200797e+01,2.205621e+01,2.196660e+01,2.191141e+01,2.191141e+01,2.195280e+01,2.202176e+01,2.200107e+01,2.200797e+01,2.200797e+01,2.199418e+01,2.196660e+01,2.189761e+01,2.193211e+01,2.202176e+01,2.195970e+01,2.195280e+01,2.196660e+01,2.194591e+01,2.187000e+01,2.196660e+01,2.173185e+01,2.205621e+01,2.200797e+01,2.195970e+01,2.196660e+01,2.195970e+01,2.195280e+01,2.193211e+01,2.195970e+01,2.198729e+01,2.189071e+01,2.204932e+01,2.200107e+01,2.195970e+01,2.182167e+01,2.196660e+01,2.190451e+01,2.191141e+01,2.193901e+01,2.196660e+01,2.194591e+01,2.191831e+01,2.193901e+01,2.196660e+01,2.191831e+01,2.185620e+01,2.188381e+01,2.187691e+01,2.184929e+01,2.193901e+01,2.189071e+01,2.192521e+01,2.189071e+01,2.195970e+01,2.180786e+01,2.181476e+01,2.184239e+01,2.189761e+01,2.184239e+01,2.178022e+01,2.190451e+01,2.189071e+01,2.180095e+01,2.179404e+01,2.184929e+01,2.167654e+01,2.171802e+01,2.175258e+01,2.169728e+01,2.169037e+01,2.170420e+01,2.164195e+01,2.162119e+01,2.172494e+01,2.173185e+01,2.168345e+01,2.175258e+01,2.165579e+01,2.170420e+01,2.168345e+01,2.169728e+01,2.169728e+01,2.174567e+01,2.169037e+01,2.169728e+01,2.184929e+01,2.191831e+01,2.180786e+01,2.197349e+01,2.202176e+01,2.208377e+01,2.213198e+01,2.210443e+01,2.221457e+01,2.222833e+01,2.227647e+01,2.228334e+01,2.223520e+01,2.230396e+01,2.231771e+01,2.246194e+01,2.245507e+01,2.246880e+01,2.251683e+01,2.257169e+01,2.257169e+01,2.253741e+01,2.259225e+01,2.263337e+01,2.267447e+01,2.255112e+01,2.248252e+01,2.254426e+01,2.249625e+01,2.240015e+01,2.246194e+01,2.242762e+01,2.246194e+01,2.236581e+01,2.243448e+01,2.231084e+01,2.234520e+01,2.224896e+01,2.237955e+01,2.233146e+01,2.242075e+01,2.229022e+01,2.228334e+01,2.239328e+01,2.233146e+01,2.224896e+01,2.226271e+01,2.227647e+01,2.229022e+01,2.228334e+01,2.222833e+01,2.229709e+01,2.215952e+01,2.225584e+01,2.233146e+01,2.232458e+01,2.215952e+01,2.231771e+01,2.229709e+01,2.230396e+01,2.214575e+01,2.220081e+01,2.213886e+01,2.216640e+01,2.222833e+01,2.222145e+01,2.215952e+01,2.220769e+01,2.220769e+01,2.224896e+01,2.229022e+01,2.227647e+01,2.226271e+01,2.224896e+01,2.218705e+01,2.227647e+01,2.203554e+01,2.229709e+01,2.228334e+01,2.227647e+01,2.227647e+01,2.215263e+01,2.222833e+01,2.224896e+01,2.224208e+01,2.217328e+01,2.213886e+01,2.211132e+01,2.212509e+01,2.212509e+01,2.230396e+01,2.224896e+01,2.235207e+01,2.216640e+01,2.224896e+01,2.228334e+01,2.221457e+01,2.227647e+01,2.225584e+01,2.222145e+01,2.226959e+01,2.226271e+01,2.217328e+01,2.235894e+01,2.229709e+01,2.234520e+01,2.246880e+01,2.234520e+01,2.247566e+01,2.244135e+01,2.252369e+01,2.231771e+01,2.247566e+01,2.238642e+01,2.240015e+01,2.233833e+01,2.231771e+01,2.229022e+01,2.235894e+01,2.237268e+01,2.222145e+01,2.221457e+01,2.234520e+01
2.180786e+01,2.187000e+01,2.191831e+01,2.186310e+01,2.184929e+01,2.195280e+01,2.189071e+01,2.179404e+01,2.179404e+01,2.182167e+01,2.181476e+01,2.162119e+01,2.172494e+01,2.162811e+01,2.173876e+01,2.180786e+01,2.173876e+01,2.180095e+01,2.177332e+01,2.178022e+01,2.176641e+01,2.169728e+01,2.180095e+01,2.193901e+01,2.175258e+01,2.180095e+01,2.180786e+01,2.175258e+01,2.188381e+01,2.171111e+01,2.171111e+01,2.191831e+01,2.183548e+01,2.191831e+01,2.180786e+01,2.187000e+01,2.183548e+01,2.182167e+01,2.186310e+01,2.180786e+01,2.182858e+01,2.184929e+01,2.185620e+01,2.184929e+01,2.185620e+01,2.171802e+01,2.187000e+01,2.192521e+01,2.202176e+01,2.186310e+01,2.203554e+01,2.187000e+01,2.190451e+01,2.184239e+01,2.193211e+01,2.183548e+01,2.189761e+01,2.189761e+01,2.199418e+01,2.197349e+01,2.205621e+01,2.199418e+01,2.193901e+01,2.191831e+01,2.194591e+01,2.190451e+01,2.192521e+01,2.194591e+01,2.211132e+01,2.182858e+01,2.194591e+01,2.187000e+01,2.189761e+01,2.200107e+01,2.193901e+01,2.204932e+01,2.188381e+01,2.200797e+01,2.205621e+01,2.204932e+01,2.193901e+01,2.180786e+01,2.195280e+01,2.197349e+01,2.198729e+01,2.193901e+01,2.193211e+01,2.196660e+01,2.202176e+01,2.201486e+01,2.202176e+01,2.209066e+01,2.194591e+01,2.213198e+01,2.200797e+01,2.201486e+01,2.204243e+01,2.202865e+01,2.203554e+01,2.205621e+01,2.202176e+01,2.215952e+01,2.215952e+01,2.215952e+01,2.214575e+01,2.215263e+01,2.222145e+01,2.215263e+01,2.220081e+01,2.218705e+01,2.220769e+01,2.221457e+01,2.216640e+01,2.225584e+01,2.220081e+01,2.227647e+01,2.221457e+01,2.216640e+01,2.224208e+01,2.224896e+01,2.222833e+01,2.227647e+01,2.226271e+01,2.230396e+01,2.226959e+01,2.230396e+01,2.230396e+01,2.231771e+01,2.226271e+01,2.219393e+01,2.224208e+01,2.220081e+01,2.218016e+01,2.223520e+01,2.222145e+01,2.224208e+01,2.211132e+01,2.222833e+01,2.215263e+01,2.204932e+01,2.200107e+01,2.189071e+01,2.203554e+01,2.193211e+01,2.199418e+01,2.187691e+01,2.191141e+01,2.184239e+01,2.187691e+01,2.176641e+01,2.187000e+01,2.186310e+01,2.191831e+01,2.197349e+01,2.186310e+01,2.199418e+01,2.195970e+01,2.198729e+01,2.200797e+01,2.200797e+01,2.202865e+01,2.211821e+01,2.196660e+01,2.211821e+01,2.212509e+01,2.214575e+01,2.213198e+01,2.210443e+01,2.211132e+01,2.215263e+01,2.206310e+01,2.215952e+01,2.203554e+01,2.203554e+01,2.204243e+01,2.203554e+01,2.197349e+01,2.200107e+01,2.195280e+01,2.204243e+01,2.200107e+01,2.206310e+01,2.192521e+01,2.193211e+01,2.197349e+01,2.195970e+01,2.190451e+01,2.198729e+01,2.191141e+01,2.190451e+01,2.188381e+01,2.193901e+01,2.191831e+01,2.184239e+01,2.187000e+01,2.186310e+01,2.181476e+01,2.182858e+01,2.176641e+01,2.172494e+01,2.159351e+01,2.157274e+01,2.152427e+01,2.148270e+01,2.145498e+01,2.144112e+01,2.127461e+01,2.130238e+01,2.123989e+01,2.124683e+01,2.110783e+01,2.110783e+01,2.114955e+01,2.108001e+01,2.123989e+01,2.112174e+01,2.133014e+01,2.117041e+01,2.130238e+01,2.117041e+01,2.119820e+01,2.126072e+01,2.115650e+01,2.115650e+01,2.119820e+01,2.105218e+01,2.112869e+01,2.104522e+01,2.128850e+01,2.126072e+01,2.162119e+01,2.187691e+01,2.196660e+01,2.195280e+01,2.189761e+01,2.189761e+01,2.186310e+01,2.198729e+01,2.184929e+01,2.157967e+01,2.157967e+01,2.155890e+01,2.155890e+01,2.163503e+01,2.169037e+01,2.169728e+01,2.169037e+01,2.178713e+01,2.168345e+01,2.176641e+01,2.178713e+01,2.177332e+01,2.170420e+01,2.169037e+01,2.156582e+01,2.172494e+01,2.153119e+01,2.153812e+01,2.147577e+01,2.156582e+01,2.182167e+01,2.181476e+01,2.188381e+01,2.181476e+01,2.182167e+01,2.186310e+01,2.182167e+01,2.174567e+01,2.178022e+01,2.153119e+01,2.150349e+01,2.149656e+01,2.142032e+01,2.123294e+01,2.117041e+01,2.126767e+01,2.117736e+01,2.108001e+01,2.104522e+01,2.112174e+01,2.105914e+01,2.111479e+01,2.114955e+01,2.108001e+01,2.108696e+01,2.108696e+01,2.108001e+01,2.108696e+01,2.106609e+01,2.107305e+01,2.112869e+01,2.103130e+01,2.098953e+01,2.078740e+01,2.096167e+01,2.088503e+01,2.098953e+01,2.099649e+01,2.102434e+01,2.105914e+01,2.116345e+01,2.109392e+01,2.104522e+01,2.117736e+01,2.124683e+01,2.130932e+01,2.129544e+01,2.128156e+01,2.129544e+01,2.127461e+01,2.126767e+01,2.123294e+01,2.126767e+01,2.127461e+01,2.121905e+01,2.115650e+01,2.112869e+01,2.128156e+01,2.128850e+01,2.131626e+01,2.133708e+01,2.143419e+01,2.151734e+01,2.153119e+01,2.157967e+01,2.155890e+01,2.158659e+01,2.152427e+01,2.156582e+01,2.157274e+01,2.155197e+01,2.157967e+01,2.144805e+01,2.147577e+01,2.135096e+01,2.134402e+01,2.126072e+01,2.132320e+01,2.129544e+01,2.130932e+01,2.146884e+01,2.138565e+01,2.152427e+01,2.141339e+01,2.156582e+01,2.159351e+01,2.164195e+01,2.162811e+01,2.164887e+01,2.164887e+01,2.159351e+01,2.165579e+01,2.164887e+01,2.167654e+01,2.173876e+01,2.174567e+01,2.170420e+01,2.175258e+01,2.180786e+01,2.175258e+01,2.194591e+01,2.191141e+01,2.187691e+01,2.193901e+01,2.192521e+01,2.188381e+01,2.180095e+01,2.192521e+01,2.192521e+01,2.198729e+01,2.193211e+01,2.203554e+01,2.199418e+01,2.194591e+01,2.200797e+01,2.200107e+01,2.204243e+01,2.212509e+01,2.211821e+01,2.202865e+01,2.204243e+01,2.197349e+01,2.205621e+01,2.202176e+01,2.204932e+01,2.211821e+01,2.212509e+01,2.210443e+01,2.204243e+01,2.210443e+01,2.212509e+01,2.212509e+01,2.218016e+01,2.215263e+01,2.214575e+01,2.218016e+01,2.223520e+01,2.215952e+01,2.216640e+01,2.206310e+01,2.215263e+01,2.215952e+01,2.210443e+01,2.170420e+01,2.142032e+01,2.117736e+01,2.117736e+01,2.115650e+01,2.119820e+01,2.116345e+01,2.108696e+01,2.123294e+01,2.131626e+01,2.119820e+01,2.124683e+01,2.127461e+01,2.148963e+01,2.139258e+01,2.133014e+01,2.153812e+01,2.130238e+01,2.147577e+01,2.154505e+01,2.187691e+01,2.200107e+01,2.194591e+01,2.201486e+01,2.202865e+01,2.196660e+01,2.198039e+01,2.197349e+01,2.199418e+01,2.197349e+01,2.187691e+01,2.192521e+01,2.190451e+01,2.194591e+01,2.201486e+01,2.200797e+01,2.200797e+01,2.202176e+01,2.200797e+01,2.200107e+01,2.200107e+01,2.201486e+01,2.195970e+01,2.201486e+01,2.192521e+01,2.194591e+01,2.194591e+01,2.193901e+01,2.195970e+01,2.196660e+01,2.200107e+01,2.193901e+01,2.196660e+01,2.195280e+01,2.204243e+01,2.198039e+01,2.195280e+01,2.199418e+01,2.191141e+01,2.198039e+01,2.196660e+01,2.193211e+01,2.196660e+01,2.191831e+01,2.189761e+01,2.198729e+01,2.198729e+01,2.198729e+01,2.190451e+01,2.199418e+01,2.188381e+01,2.200107e+01,2.192521e+01,2.191141e+01,2.200107e+01,2.189071e+01,2.200797e+01,2.188381e+01,2.191831e+01,2.187691e+01,2.193901e+01,2.190451e+01,2.192521e+01,2.187000e+01,2.187000e+01,2.176641e+01,2.186310e+01,2.189761e+01,2.177332e+01,2.180786e+01,2.184929e+01,2.178713e+01,2.187000e+01,2.184239e+01,2.167654e+01,2.172494e+01,2.172494e+01,2.170420e+01,2.166962e+01,2.167654e+01,2.172494e+01,2.165579e+01,2.164887e+01,2.167654e+01,2.170420e+01,2.168345e+01,2.162811e+01,2.169728e+01,2.160043e+01,2.168345e+01,2.164195e+01,2.173185e+01,2.160735e+01,2.173876e+01,2.173876e+01,2.191831e+01,2.184929e+01,2.187000e+01,2.202176e+01,2.206999e+01,2.202176e+01,2.217328e+01,2.213886e+01,2.220769e+01,2.222833e+01,2.224896e+01,2.229022e+01,2.229709e+01,2.231084e+01,2.235207e+01,2.241389e+01,2.246880e+01,2.247566e+01,2.257169e+01,2.256483e+01,2.259225e+01,2.255798e+01,2.254426e+01,2.253055e+01,2.255798e+01,2.241389e+01,2.252369e+01,2.240702e+01,2.242075e+01,2.243448e+01,2.243448e+01,2.240015e+01,2.237268e+01,2.236581e+01,2.231771e+01,2.235207e+01,2.230396e+01,2.228334e+01,2.241389e+01,2.229022e+01,2.231084e+01,2.232458e+01,2.237955e+01,2.235207e+01,2.222833e+01,2.238642e+01,2.235894e+01,2.228334e+01,2.225584e+01,2.224208e+01,2.227647e+01,2.230396e+01,2.232458e+01,2.227647e+01,2.240702e+01,2.209066e+01,2.225584e+01,2.228334e+01,2.226271e+01,2.223520e+01,2.215952e+01,2.215952e+01,2.213886e+01,2.224896e+01,2.220081e+01,2.222145e+01,2.224896e+01,2.218016e+01,2.223520e+01,2.223520e+01,2.212509e+01,2.228334e+01,2.225584e+01,2.228334e+01,2.228334e+01,2.228334e+01,2.229022e+01,2.221457e+01,2.225584e+01,2.229709e+01,2.219393e+01,2.224896e+01,2.220081e+01,2.215952e+01,2.221457e+01,2.221457e+01,2.215952e+01,2.211132e+01,2.224208e+01,2.215952e+01,2.214575e+01,2.220081e+01,2.216640e+01,2.226959e+01,2.229022e+01,2.203554e+01,2.226959e+01,2.225584e+01,2.222833e+01,2.222833e+01,2.222145e+01,2.225584e+01,2.224896e+01,2.235894e+01,2.233146e+01,2.234520e+01,2.227647e+01,2.224896e+01,2.232458e+01,2.236581e+01,2.240015e+01,2.241389e+01,2.235894e+01,2.229022e+01,2.248252e+01,2.229709e+01,2.226959e+01,2.223520e+01,2.221457e+01,2.222833e+01,2.232458e+01,2.233833e+01
2.183548e+01,2.184929e+01,2.178713e+01,2.183548e+01,2.196660e+01,2.199418e+01,2.189071e+01,2.189071e+01,2.186310e+01,2.183548e+01,2.171111e+01,2.172494e+01,2.175949e+01,2.171802e+01,2.171111e+01,2.182167e+01,2.174567e+01,2.175949e+01,2.171802e+01,2.179404e+01,2.171111e+01,2.178713e+01,2.175258e+01,2.182167e+01,2.180786e+01,2.178713e+01,2.184239e+01,2.191141e+01,2.174567e+01,2.193211e+01,2.192521e+01,2.190451e+01,2.192521e+01,2.189071e+01,2.191831e+01,2.184239e+01,2.184239e+01,2.192521e+01,2.182858e+01,2.180786e+01,2.180095e+01,2.188381e+01,2.192521e+01,2.186310e+01,2.187000e+01,2.189761e+01,2.187000e+01,2.193211e+01,2.195280e+01,2.191141e+01,2.190451e+01,2.195280e+01,2.192521e+01,2.192521e+01,2.187691e+01,2.191141e+01,2.197349e+01,2.191831e+01,2.188381e+01,2.185620e+01,2.201486e+01,2.193901e+01,2.203554e+01,2.190451e+01,2.198729e+01,2.196660e+01,2.195280e+01,2.213886e+01,2.194591e+01,2.198729e+01,2.189071e+01,2.191831e+01,2.190451e+01,2.193211e+01,2.198039e+01,2.193211e+01,2.196660e+01,2.192521e+01,2.189761e+01,2.202176e+01,2.200797e+01,2.198729e+01,2.200107e+01,2.198039e+01,2.202176e+01,2.198039e+01,2.196660e+01,2.202865e+01,2.201486e+01,2.199418e+01,2.200107e+01,2.198729e+01,2.199418e+01,2.198039e+01,2.204932e+01,2.204932e+01,2.211821e+01,2.208377e+01,2.202865e+01,2.200107e+01,2.212509e+01,2.211132e+01,2.216640e+01,2.214575e+01,2.216640e+01,2.217328e+01,2.213886e+01,2.219393e+01,2.215263e+01,2.216640e+01,2.218016e+01,2.220769e+01,2.238642e+01,2.231771e+01,2.219393e+01,2.226959e+01,2.225584e+01,2.224896e+01,2.222833e+01,2.227647e+01,2.228334e+01,2.229022e+01,2.231771e+01,2.229022e+01,2.229022e+01,2.226271e+01,2.224896e+01,2.231084e+01,2.229022e+01,2.228334e+01,2.222833e+01,2.218705e+01,2.229709e+01,2.226959e+01,2.222833e+01,2.224896e+01,2.226271e+01,2.222833e+01,2.219393e+01,2.202176e+01,2.200107e+01,2.198039e+01,2.190451e+01,2.184929e+01,2.189071e+01,2.190451e+01,2.192521e+01,2.187000e+01,2.194591e+01,2.188381e+01,2.191141e+01,2.193901e+01,2.199418e+01,2.198729e+01,2.190451e+01,2.196660e+01,2.193901e+01,2.202865e+01,2.195280e+01,2.212509e+01,2.204932e+01,2.205621e+01,2.215952e+01,2.205621e+01,2.217328e+01,2.198729e+01,2.214575e+01,2.215263e+01,2.212509e+01,2.220081e+01,2.210443e+01,2.205621e+01,2.205621e+01,2.202865e+01,2.205621e+01,2.208377e+01,2.206999e+01,2.206310e+01,2.195970e+01,2.202176e+01,2.202865e+01,2.202176e+01,2.202865e+01,2.195280e+01,2.195280e+01,2.197349e+01,2.202865e+01,2.192521e+01,2.189761e+01,2.181476e+01,2.201486e+01,2.188381e+01,2.185620e+01,2.179404e+01,2.178022e+01,2.181476e+01,2.178713e+01,2.175258e+01,2.180095e+01,2.166270e+01,2.162811e+01,2.157274e+01,2.164887e+01,2.157967e+01,2.151734e+01,2.152427e+01,2.124683e+01,2.139952e+01,2.125378e+01,2.126767e+01,2.104522e+01,2.112174e+01,2.116345e+01,2.114955e+01,2.119820e+01,2.110783e+01,2.111479e+01,2.119820e+01,2.118431e+01,2.115650e+01,2.117041e+01,2.117041e+01,2.124683e+01,2.123989e+01,2.114955e+01,2.121905e+01,2.107305e+01,2.108696e+01,2.117041e+01,2.112174e+01,2.162119e+01,2.191141e+01,2.192521e+01,2.190451e+01,2.192521e+01,2.191141e+01,2.191831e+01,2.198729e+01,2.184239e+01,2.162811e+01,2.154505e+01,2.148270e+01,2.161427e+01,2.157274e+01,2.173185e+01,2.171802e+01,2.169728e+01,2.175258e+01,2.176641e+01,2.175949e+01,2.181476e+01,2.179404e+01,2.173876e+01,2.178713e+01,2.158659e+01,2.160043e+01,2.154505e+01,2.151042e+01,2.155890e+01,2.157967e+01,2.189071e+01,2.182167e+01,2.184239e+01,2.187691e+01,2.185620e+01,2.182167e+01,2.182167e+01,2.156582e+01,2.151042e+01,2.156582e+01,2.139952e+01,2.133014e+01,2.126767e+01,2.116345e+01,2.104522e+01,2.116345e+01,2.112869e+01,2.111479e+01,2.114260e+01,2.113565e+01,2.110088e+01,2.116345e+01,2.117041e+01,2.114260e+01,2.112869e+01,2.108696e+01,2.119820e+01,2.108696e+01,2.110783e+01,2.098953e+01,2.103826e+01,2.101738e+01,2.099649e+01,2.100345e+01,2.097560e+01,2.098256e+01,2.098953e+01,2.105914e+01,2.107305e+01,2.112869e+01,2.113565e+01,2.117736e+01,2.117041e+01,2.139258e+01,2.124683e+01,2.131626e+01,2.128850e+01,2.129544e+01,2.130932e+01,2.129544e+01,2.125378e+01,2.125378e+01,2.121905e+01,2.112869e+01,2.114260e+01,2.119126e+01,2.121210e+01,2.125378e+01,2.132320e+01,2.133014e+01,2.126767e+01,2.133014e+01,2.149656e+01,2.141339e+01,2.153812e+01,2.155197e+01,2.156582e+01,2.153812e+01,2.157967e+01,2.156582e+01,2.145498e+01,2.152427e+01,2.148963e+01,2.148270e+01,2.138565e+01,2.139952e+01,2.135096e+01,2.133708e+01,2.139258e+01,2.124683e+01,2.131626e+01,2.154505e+01,2.156582e+01,2.162119e+01,2.160735e+01,2.163503e+01,2.144805e+01,2.160735e+01,2.156582e+01,2.160043e+01,2.165579e+01,2.155890e+01,2.153119e+01,2.173876e+01,2.163503e+01,2.162119e+01,2.170420e+01,2.156582e+01,2.182167e+01,2.172494e+01,2.177332e+01,2.186310e+01,2.181476e+01,2.189071e+01,2.195280e+01,2.193211e+01,2.193211e+01,2.200797e+01,2.192521e+01,2.189761e+01,2.194591e+01,2.195970e+01,2.193901e+01,2.208377e+01,2.198039e+01,2.206999e+01,2.200107e+01,2.207688e+01,2.195970e+01,2.200107e+01,2.202865e+01,2.205621e+01,2.211821e+01,2.220769e+01,2.217328e+01,2.208377e+01,2.209755e+01,2.216640e+01,2.207688e+01,2.215952e+01,2.205621e+01,2.217328e+01,2.219393e+01,2.221457e+01,2.215952e+01,2.220769e+01,2.236581e+01,2.222145e+01,2.220081e+01,2.214575e+01,2.220081e+01,2.219393e+01,2.207688e+01,2.172494e+01,2.139258e+01,2.125378e+01,2.119126e+01,2.116345e+01,2.110783e+01,2.113565e+01,2.106609e+01,2.115650e+01,2.115650e+01,2.116345e+01,2.128156e+01,2.114260e+01,2.140645e+01,2.130932e+01,2.119126e+01,2.130238e+01,2.123989e+01,2.133708e+01,2.172494e+01,2.192521e+01,2.201486e+01,2.203554e+01,2.207688e+01,2.198729e+01,2.198039e+01,2.199418e+01,2.199418e+01,2.201486e+01,2.191141e+01,2.205621e+01,2.202176e+01,2.200797e+01,2.202865e+01,2.198729e+01,2.202176e+01,2.202865e+01,2.196660e+01,2.196660e+01,2.200797e+01,2.199418e+01,2.196660e+01,2.198729e+01,2.193901e+01,2.202176e+01,2.196660e+01,2.202865e+01,2.211821e+01,2.189071e+01,2.195970e+01,2.195280e+01,2.195280e+01,2.195280e+01,2.209066e+01,2.194591e+01,2.191831e+01,2.194591e+01,2.199418e+01,2.198729e+01,2.198729e+01,2.198729e+01,2.195280e+01,2.195280e+01,2.193211e+01,2.191141e+01,2.193901e+01,2.198039e+01,2.192521e+01,2.195280e+01,2.194591e+01,2.196660e+01,2.196660e+01,2.195970e+01,2.195970e+01,2.182858e+01,2.203554e+01,2.185620e+01,2.187691e+01,2.190451e+01,2.194591e+01,2.191141e+01,2.188381e+01,2.187000e+01,2.189761e+01,2.183548e+01,2.184239e+01,2.183548e+01,2.167654e+01,2.187000e+01,2.184929e+01,2.188381e+01,2.189761e+01,2.190451e+01,2.171111e+01,2.187000e+01,2.172494e+01,2.172494e+01,2.169037e+01,2.168345e+01,2.175258e+01,2.162811e+01,2.172494e+01,2.171111e+01,2.171111e+01,2.162119e+01,2.171802e+01,2.169728e+01,2.167654e+01,2.163503e+01,2.170420e+01,2.171802e+01,2.164195e+01,2.168345e+01,2.189071e+01,2.166270e+01,2.179404e+01,2.170420e+01,2.189071e+01,2.195970e+01,2.199418e+01,2.209755e+01,2.207688e+01,2.214575e+01,2.215263e+01,2.218705e+01,2.227647e+01,2.225584e+01,2.233146e+01,2.233833e+01,2.243448e+01,2.240015e+01,2.248252e+01,2.253055e+01,2.264022e+01,2.254426e+01,2.263337e+01,2.250997e+01,2.260596e+01,2.242075e+01,2.255798e+01,2.250997e+01,2.244821e+01,2.243448e+01,2.240702e+01,2.238642e+01,2.242075e+01,2.244821e+01,2.244821e+01,2.242075e+01,2.229709e+01,2.232458e+01,2.231771e+01,2.233146e+01,2.230396e+01,2.229709e+01,2.244821e+01,2.222833e+01,2.233833e+01,2.238642e+01,2.233833e+01,2.235207e+01,2.234520e+01,2.226959e+01,2.219393e+01,2.242075e+01,2.231084e+01,2.233146e+01,2.224896e+01,2.213886e+01,2.236581e+01,2.233833e+01,2.225584e+01,2.226959e+01,2.218705e+01,2.218705e+01,2.218705e+01,2.226959e+01,2.218705e+01,2.222833e+01,2.235207e+01,2.221457e+01,2.227647e+01,2.224896e+01,2.226959e+01,2.229709e+01,2.224208e+01,2.237268e+01,2.241389e+01,2.226959e+01,2.228334e+01,2.226959e+01,2.230396e+01,2.220081e+01,2.229709e+01,2.223520e+01,2.231084e+01,2.233833e+01,2.235207e+01,2.218016e+01,2.218016e+01,2.218016e+01,2.226959e+01,2.216640e+01,2.231084e+01,2.234520e+01,2.221457e+01,2.218016e+01,2.222145e+01,2.229709e+01,2.229022e+01,2.226959e+01,2.222833e+01,2.226271e+01,2.230396e+01,2.222833e+01,2.236581e+01,2.223520e+01,2.240702e+01,2.226271e+01,2.229022e+01,2.235207e+01,2.237955e+01,2.231771e+01,2.235207e+01,2.239328e+01,2.238642e+01,2.241389e+01,2.233833e+01,2.232458e+01,2.232458e+01,2.233833e+01,2.231084e+01,2.229022e+01,2.223520e+01,2.220081e+01,2.231771e+01,2.226959e+01
2.185620e+01,2.191141e+01,2.181476e+01,2.194591e+01,2.191141e+01,2.186310e+01,2.185620e+01,2.184929e+01,2.174567e+01,2.181476e+01,2.183548e+01,2.164887e+01,2.177332e+01,2.166962e+01,2.169728e+01,2.173185e+01,2.171802e+01,2.173876e+01,2.177332e+01,2.171111e+01,2.172494e+01,2.176641e+01,2.178713e+01,2.178713e+01,2.195280e+01,2.169728e+01,2.198729e+01,2.166962e+01,2.188381e+01,2.186310e+01,2.180095e+01,2.185620e+01,2.190451e+01,2.184239e+01,2.191831e+01,2.179404e+01,2.186310e+01,2.187691e+01,2.183548e+01,2.164887e+01,2.180786e+01,2.189761e+01,2.188381e+01,2.184239e+01,2.186310e+01,2.182167e+01,2.183548e+01,2.183548e+01,2.191141e+01,2.193211e+01,2.188381e+01,2.189071e+01,2.191141e+01,2.191831e+01,2.195280e+01,2.189761e+01,2.198039e+01,2.190451e+01,2.202176e+01,2.193211e+01,2.193211e+01,2.191831e+01,2.200107e+01,2.199418e+01,2.198039e+01,2.190451e+01,2.187691e+01,2.193901e+01,2.201486e+01,2.187000e+01,2.197349e+01,2.196660e+01,2.190451e+01,2.190451e+01,2.193211e+01,2.191831e+01,2.191141e+01,2.196660e+01,2.204932e+01,2.191141e+01,2.187691e+01,2.193901e+01,2.198039e+01,2.202865e+01,2.204932e+01,2.203554e+01,2.193901e+01,2.198729e+01,2.204243e+01,2.203554e+01,2.198729e+01,2.197349e+01,2.197349e+01,2.200107e+01,2.206999e+01,2.204932e+01,2.205621e+01,2.204243e+01,2.207688e+01,2.200797e+01,2.206310e+01,2.204932e+01,2.215263e+01,2.214575e+01,2.215952e+01,2.212509e+01,2.216640e+01,2.214575e+01,2.215263e+01,2.214575e+01,2.230396e+01,2.222833e+01,2.231771e+01,2.227647e+01,2.230396e+01,2.232458e+01,2.231771e+01,2.220081e+01,2.230396e+01,2.221457e+01,2.224896e+01,2.228334e+01,2.226959e+01,2.232458e+01,2.226271e+01,2.230396e+01,2.229022e+01,2.220769e+01,2.222833e+01,2.226959e+01,2.215952e+01,2.215952e+01,2.219393e+01,2.217328e+01,2.224896e+01,2.224896e+01,2.223520e+01,2.223520e+01,2.200797e+01,2.193211e+01,2.184929e+01,2.195970e+01,2.184239e+01,2.191831e+01,2.189761e+01,2.188381e+01,2.187691e+01,2.191831e+01,2.197349e+01,2.184239e+01,2.192521e+01,2.189761e+01,2.189071e+01,2.195970e+01,2.196660e+01,2.200107e+01,2.200107e+01,2.194591e+01,2.198039e+01,2.200107e+01,2.213886e+01,2.213198e+01,2.213886e+01,2.215952e+01,2.222833e+01,2.213886e+01,2.217328e+01,2.217328e+01,2.211821e+01,2.221457e+01,2.206310e+01,2.212509e+01,2.211821e+01,2.210443e+01,2.206310e+01,2.213886e+01,2.206999e+01,2.202865e+01,2.200107e+01,2.202865e+01,2.198039e+01,2.200797e+01,2.203554e+01,2.200797e+01,2.195280e+01,2.196660e+01,2.202176e+01,2.193211e+01,2.197349e+01,2.201486e+01,2.189071e+01,2.185620e+01,2.187691e+01,2.183548e+01,2.187691e+01,2.185620e+01,2.178713e+01,2.182858e+01,2.178713e+01,2.163503e+01,2.160043e+01,2.161427e+01,2.155890e+01,2.148963e+01,2.146191e+01,2.133014e+01,2.144112e+01,2.134402e+01,2.123294e+01,2.123294e+01,2.122600e+01,2.119126e+01,2.118431e+01,2.107305e+01,2.125378e+01,2.104522e+01,2.110783e+01,2.114260e+01,2.101042e+01,2.108696e+01,2.116345e+01,2.114955e+01,2.115650e+01,2.114955e+01,2.108001e+01,2.103826e+01,2.108001e+01,2.106609e+01,2.108696e+01,2.119820e+01,2.166962e+01,2.184239e+01,2.191141e+01,2.191831e+01,2.185620e+01,2.192521e+01,2.182858e+01,2.180095e+01,2.193211e+01,2.166270e+01,2.152427e+01,2.158659e+01,2.151042e+01,2.160735e+01,2.165579e+01,2.170420e+01,2.175949e+01,2.171802e+01,2.176641e+01,2.182167e+01,2.169728e+01,2.173185e+01,2.164195e+01,2.175258e+01,2.154505e+01,2.144112e+01,2.148270e+01,2.153119e+01,2.146191e+01,2.168345e+01,2.180786e+01,2.189071e+01,2.186310e+01,2.178713e+01,2.188381e+01,2.180095e+01,2.180095e+01,2.155890e+01,2.146191e+01,2.137177e+01,2.135096e+01,2.121905e+01,2.124683e+01,2.112174e+01,2.104522e+01,2.105914e+01,2.099649e+01,2.112869e+01,2.101042e+01,2.110783e+01,2.106609e+01,2.112174e+01,2.107305e+01,2.110783e+01,2.110783e+01,2.107305e+01,2.120515e+01,2.109392e+01,2.112174e+01,2.108696e+01,2.109392e+01,2.107305e+01,2.096864e+01,2.098256e+01,2.096864e+01,2.096864e+01,2.098953e+01,2.094077e+01,2.101738e+01,2.109392e+01,2.113565e+01,2.114260e+01,2.121210e+01,2.115650e+01,2.121210e+01,2.131626e+01,2.139952e+01,2.120515e+01,2.128156e+01,2.117736e+01,2.129544e+01,2.120515e+01,2.129544e+01,2.113565e+01,2.110783e+01,2.114955e+01,2.118431e+01,2.111479e+01,2.121905e+01,2.130932e+01,2.126767e+01,2.130238e+01,2.130932e+01,2.152427e+01,2.150349e+01,2.157274e+01,2.151734e+01,2.156582e+01,2.154505e+01,2.158659e+01,2.144112e+01,2.146191e+01,2.136484e+01,2.140645e+01,2.140645e+01,2.130238e+01,2.132320e+01,2.125378e+01,2.131626e+01,2.123989e+01,2.128156e+01,2.128850e+01,2.155197e+01,2.158659e+01,2.171111e+01,2.157967e+01,2.160043e+01,2.151734e+01,2.161427e+01,2.156582e+01,2.162119e+01,2.161427e+01,2.148963e+01,2.159351e+01,2.155197e+01,2.147577e+01,2.168345e+01,2.166270e+01,2.163503e+01,2.170420e+01,2.172494e+01,2.170420e+01,2.188381e+01,2.185620e+01,2.187000e+01,2.181476e+01,2.195970e+01,2.182167e+01,2.188381e+01,2.196660e+01,2.193211e+01,2.201486e+01,2.206310e+01,2.193901e+01,2.197349e+01,2.198729e+01,2.200797e+01,2.211821e+01,2.211132e+01,2.210443e+01,2.209755e+01,2.216640e+01,2.210443e+01,2.207688e+01,2.210443e+01,2.211132e+01,2.202176e+01,2.206999e+01,2.218705e+01,2.204243e+01,2.208377e+01,2.219393e+01,2.218705e+01,2.220769e+01,2.217328e+01,2.218016e+01,2.224208e+01,2.215263e+01,2.215263e+01,2.222833e+01,2.217328e+01,2.221457e+01,2.211821e+01,2.171802e+01,2.148963e+01,2.130932e+01,2.118431e+01,2.117041e+01,2.116345e+01,2.121210e+01,2.118431e+01,2.114955e+01,2.110783e+01,2.135096e+01,2.122600e+01,2.113565e+01,2.123294e+01,2.121210e+01,2.127461e+01,2.112174e+01,2.125378e+01,2.119126e+01,2.169728e+01,2.184239e+01,2.206999e+01,2.195970e+01,2.198729e+01,2.209755e+01,2.203554e+01,2.205621e+01,2.203554e+01,2.204932e+01,2.200797e+01,2.202176e+01,2.195280e+01,2.202176e+01,2.200797e+01,2.191141e+01,2.200797e+01,2.202176e+01,2.202176e+01,2.202176e+01,2.200107e+01,2.193211e+01,2.195970e+01,2.184239e+01,2.195970e+01,2.197349e+01,2.204932e+01,2.203554e+01,2.195280e+01,2.195970e+01,2.197349e+01,2.193901e+01,2.207688e+01,2.193901e+01,2.195280e+01,2.195970e+01,2.184929e+01,2.195970e+01,2.197349e+01,2.193211e+01,2.198039e+01,2.198039e+01,2.193901e+01,2.194591e+01,2.191831e+01,2.191141e+01,2.202865e+01,2.187000e+01,2.201486e+01,2.197349e+01,2.198729e+01,2.195280e+01,2.198039e+01,2.189071e+01,2.194591e+01,2.193901e+01,2.187691e+01,2.189071e+01,2.195970e+01,2.195280e+01,2.186310e+01,2.187691e+01,2.185620e+01,2.188381e+01,2.185620e+01,2.182858e+01,2.185620e+01,2.182167e+01,2.182167e+01,2.182858e+01,2.185620e+01,2.177332e+01,2.187691e+01,2.190451e+01,2.175258e+01,2.171802e+01,2.173185e+01,2.165579e+01,2.167654e+01,2.165579e+01,2.171111e+01,2.175258e+01,2.166270e+01,2.155890e+01,2.173876e+01,2.170420e+01,2.160735e+01,2.162119e+01,2.161427e+01,2.173876e+01,2.172494e+01,2.173185e+01,2.172494e+01,2.158659e+01,2.170420e+01,2.192521e+01,2.181476e+01,2.189761e+01,2.191141e+01,2.180786e+01,2.194591e+01,2.200797e+01,2.200797e+01,2.202865e+01,2.208377e+01,2.225584e+01,2.229709e+01,2.234520e+01,2.233146e+01,2.229709e+01,2.237955e+01,2.231771e+01,2.250997e+01,2.252369e+01,2.248939e+01,2.248252e+01,2.248939e+01,2.250997e+01,2.257169e+01,2.255798e+01,2.247566e+01,2.254426e+01,2.242762e+01,2.239328e+01,2.242075e+01,2.238642e+01,2.237955e+01,2.235207e+01,2.233146e+01,2.239328e+01,2.236581e+01,2.228334e+01,2.235894e+01,2.229709e+01,2.225584e+01,2.225584e+01,2.224208e+01,2.232458e+01,2.232458e+01,2.231084e+01,2.238642e+01,2.233833e+01,2.240015e+01,2.209066e+01,2.218705e+01,2.235207e+01,2.218705e+01,2.224208e+01,2.222145e+01,2.222833e+01,2.224208e+01,2.220769e+01,2.234520e+01,2.221457e+01,2.202176e+01,2.223520e+01,2.225584e+01,2.225584e+01,2.220081e+01,2.218705e+01,2.223520e+01,2.220081e+01,2.223520e+01,2.225584e+01,2.229709e+01,2.221457e+01,2.214575e+01,2.230396e+01,2.226959e+01,2.223520e+01,2.228334e+01,2.205621e+01,2.228334e+01,2.216640e+01,2.231084e+01,2.214575e+01,2.232458e+01,2.218016e+01,2.216640e+01,2.222145e+01,2.226959e+01,2.211821e+01,2.213198e+01,2.211132e+01,2.233146e+01,2.233833e+01,2.218016e+01,2.222833e+01,2.225584e+01,2.227647e+01,2.229022e+01,2.229022e+01,2.212509e+01,2.218705e+01,2.213198e+01,2.224896e+01,2.226959e+01,2.228334e+01,2.219393e+01,2.221457e+01,2.229022e+01,2.216640e+01,2.235207e+01,2.214575e+01,2.236581e+01,2.235207e+01,2.229709e+01,2.239328e+01,2.240702e+01,2.242762e+01,2.227647e+01,2.228334e+01,2.229022e+01,2.228334e+01,2.233146e+01,2.231084e+01,2.222145e+01,2.229022e+01
2.194591e+01,2.176641e+01,2.193901e+01,2.193211e+01,2.194591e+01,2.191141e+01,2.198039e+01,2.190451e+01,2.173876e+01,2.176641e+01,2.176641e+01,2.178022e+01,2.173876e+01,2.174567e+01,2.168345e+01,2.164887e+01,2.175258e+01,2.172494e+01,2.172494e+01,2.178022e+01,2.181476e+01,2.174567e+01,2.185620e+01,2.178713e+01,2.183548e+01,2.187000e+01,2.177332e+01,2.180095e+01,2.178022e+01,2.185620e+01,2.188381e+01,2.187000e+01,2.192521e+01,2.193211e+01,2.182858e+01,2.185620e+01,2.180786e+01,2.174567e+01,2.189071e+01,2.184929e+01,2.186310e+01,2.192521e+01,2.187691e+01,2.184239e+01,2.183548e+01,2.177332e+01,2.184239e+01,2.198729e+01,2.191141e+01,2.187000e+01,2.188381e+01,2.195280e+01,2.186310e+01,2.184929e+01,2.190451e+01,2.184239e+01,2.190451e+01,2.190451e+01,2.184929e+01,2.195280e+01,2.199418e+01,2.194591e+01,2.188381e+01,2.200797e+01,2.198039e+01,2.197349e+01,2.199418e+01,2.191831e+01,2.189071e+01,2.193901e+01,2.189761e+01,2.184929e+01,2.184239e+01,2.191141e+01,2.192521e+01,2.189761e+01,2.189761e+01,2.190451e+01,2.195280e+01,2.191831e+01,2.194591e+01,2.199418e+01,2.198729e+01,2.201486e+01,2.202176e+01,2.198729e+01,2.194591e+01,2.198039e+01,2.206310e+01,2.197349e+01,2.204932e+01,2.202865e+01,2.195280e+01,2.199418e+01,2.195280e+01,2.215952e+01,2.200797e+01,2.206310e+01,2.204932e+01,2.215952e+01,2.205621e+01,2.207688e+01,2.208377e+01,2.213886e+01,2.213198e+01,2.214575e+01,2.211821e+01,2.218016e+01,2.218705e+01,2.222833e+01,2.221457e+01,2.218705e+01,2.229022e+01,2.228334e+01,2.233146e+01,2.229709e+01,2.223520e+01,2.234520e+01,2.222145e+01,2.222145e+01,2.222145e+01,2.229709e+01,2.228334e+01,2.226271e+01,2.215952e+01,2.222833e+01,2.228334e+01,2.226959e+01,2.227647e+01,2.220769e+01,2.215263e+01,2.217328e+01,2.215952e+01,2.220081e+01,2.220769e+01,2.223520e+01,2.222833e+01,2.200107e+01,2.198729e+01,2.197349e+01,2.171802e+01,2.185620e+01,2.190451e+01,2.182858e+01,2.193211e+01,2.189071e+01,2.183548e+01,2.183548e+01,2.197349e+01,2.186310e+01,2.199418e+01,2.192521e+01,2.189071e+01,2.193901e+01,2.195970e+01,2.200107e+01,2.192521e+01,2.200797e+01,2.195970e+01,2.214575e+01,2.210443e+01,2.213886e+01,2.214575e+01,2.212509e+01,2.217328e+01,2.217328e+01,2.217328e+01,2.218705e+01,2.215952e+01,2.224896e+01,2.215952e+01,2.224208e+01,2.217328e+01,2.205621e+01,2.213198e+01,2.210443e+01,2.211821e+01,2.216640e+01,2.201486e+01,2.207688e+01,2.204932e+01,2.204932e+01,2.193901e+01,2.199418e+01,2.198729e+01,2.197349e+01,2.203554e+01,2.192521e+01,2.161427e+01,2.191831e+01,2.187691e+01,2.186310e+01,2.190451e+01,2.183548e+01,2.182858e+01,2.187000e+01,2.183548e+01,2.176641e+01,2.177332e+01,2.168345e+01,2.157274e+01,2.160043e+01,2.169037e+01,2.154505e+01,2.148270e+01,2.145498e+01,2.143419e+01,2.127461e+01,2.123294e+01,2.128156e+01,2.121905e+01,2.105914e+01,2.114955e+01,2.098256e+01,2.095471e+01,2.103826e+01,2.107305e+01,2.106609e+01,2.112174e+01,2.114260e+01,2.108696e+01,2.110783e+01,2.117041e+01,2.119126e+01,2.107305e+01,2.104522e+01,2.111479e+01,2.111479e+01,2.112174e+01,2.126072e+01,2.168345e+01,2.193901e+01,2.195280e+01,2.196660e+01,2.185620e+01,2.199418e+01,2.184239e+01,2.200797e+01,2.181476e+01,2.155197e+01,2.151042e+01,2.160043e+01,2.164195e+01,2.151734e+01,2.166962e+01,2.171802e+01,2.176641e+01,2.172494e+01,2.169728e+01,2.175258e+01,2.173876e+01,2.171111e+01,2.166270e+01,2.163503e+01,2.164195e+01,2.155890e+01,2.153119e+01,2.150349e+01,2.142725e+01,2.158659e+01,2.181476e+01,2.182858e+01,2.181476e+01,2.187000e+01,2.182858e+01,2.168345e+01,2.175949e+01,2.142725e+01,2.144112e+01,2.136484e+01,2.128850e+01,2.113565e+01,2.117736e+01,2.114955e+01,2.108001e+01,2.103130e+01,2.105218e+01,2.108696e+01,2.112869e+01,2.103130e+01,2.109392e+01,2.113565e+01,2.115650e+01,2.116345e+01,2.116345e+01,2.111479e+01,2.116345e+01,2.110088e+01,2.109392e+01,2.104522e+01,2.101738e+01,2.096864e+01,2.104522e+01,2.098256e+01,2.098256e+01,2.095471e+01,2.104522e+01,2.097560e+01,2.096167e+01,2.114955e+01,2.114260e+01,2.116345e+01,2.133014e+01,2.120515e+01,2.119126e+01,2.123989e+01,2.131626e+01,2.116345e+01,2.127461e+01,2.117041e+01,2.124683e+01,2.120515e+01,2.111479e+01,2.113565e+01,2.112869e+01,2.112869e+01,2.114955e+01,2.114260e+01,2.123294e+01,2.114955e+01,2.126767e+01,2.130238e+01,2.128850e+01,2.131626e+01,2.142725e+01,2.153119e+01,2.160043e+01,2.148963e+01,2.149656e+01,2.151734e+01,2.143419e+01,2.148963e+01,2.142032e+01,2.142725e+01,2.140645e+01,2.134402e+01,2.130238e+01,2.121210e+01,2.133014e+01,2.130238e+01,2.121905e+01,2.134402e+01,2.148270e+01,2.164195e+01,2.164195e+01,2.164887e+01,2.172494e+01,2.160735e+01,2.164887e+01,2.155197e+01,2.155197e+01,2.158659e+01,2.162811e+01,2.162119e+01,2.142032e+01,2.162811e+01,2.145498e+01,2.164195e+01,2.169037e+01,2.160043e+01,2.167654e+01,2.174567e+01,2.170420e+01,2.167654e+01,2.184929e+01,2.180786e+01,2.182858e+01,2.182167e+01,2.187000e+01,2.192521e+01,2.193211e+01,2.194591e+01,2.197349e+01,2.208377e+01,2.208377e+01,2.210443e+01,2.198039e+01,2.209066e+01,2.211132e+01,2.202865e+01,2.209755e+01,2.222833e+01,2.209066e+01,2.208377e+01,2.215263e+01,2.213886e+01,2.212509e+01,2.220769e+01,2.215263e+01,2.221457e+01,2.211821e+01,2.220081e+01,2.222145e+01,2.222833e+01,2.228334e+01,2.218705e+01,2.223520e+01,2.226271e+01,2.225584e+01,2.218016e+01,2.224896e+01,2.218016e+01,2.200797e+01,2.171111e+01,2.149656e+01,2.123294e+01,2.114955e+01,2.116345e+01,2.118431e+01,2.113565e+01,2.114260e+01,2.115650e+01,2.119820e+01,2.111479e+01,2.115650e+01,2.119820e+01,2.108001e+01,2.117041e+01,2.115650e+01,2.112869e+01,2.119126e+01,2.144805e+01,2.181476e+01,2.180095e+01,2.202865e+01,2.204243e+01,2.207688e+01,2.215952e+01,2.206999e+01,2.199418e+01,2.204243e+01,2.206999e+01,2.204243e+01,2.205621e+01,2.205621e+01,2.200107e+01,2.202865e+01,2.199418e+01,2.205621e+01,2.203554e+01,2.200107e+01,2.205621e+01,2.200107e+01,2.199418e+01,2.199418e+01,2.198729e+01,2.195970e+01,2.202865e+01,2.203554e+01,2.191141e+01,2.194591e+01,2.195280e+01,2.200797e+01,2.212509e+01,2.189071e+01,2.199418e+01,2.205621e+01,2.193901e+01,2.193901e+01,2.195970e+01,2.195970e+01,2.198039e+01,2.199418e+01,2.195970e+01,2.197349e+01,2.195970e+01,2.202865e+01,2.191831e+01,2.204243e+01,2.200107e+01,2.195970e+01,2.193211e+01,2.196660e+01,2.197349e+01,2.197349e+01,2.191141e+01,2.186310e+01,2.196660e+01,2.195970e+01,2.193211e+01,2.196660e+01,2.195970e+01,2.191141e+01,2.184929e+01,2.187691e+01,2.187691e+01,2.192521e+01,2.187691e+01,2.186310e+01,2.182858e+01,2.187691e+01,2.189761e+01,2.187691e+01,2.178713e+01,2.182167e+01,2.189761e+01,2.190451e+01,2.170420e+01,2.169037e+01,2.173876e+01,2.175949e+01,2.163503e+01,2.171111e+01,2.171111e+01,2.169728e+01,2.169728e+01,2.172494e+01,2.160043e+01,2.162811e+01,2.164887e+01,2.164887e+01,2.178022e+01,2.162119e+01,2.162119e+01,2.160735e+01,2.163503e+01,2.173185e+01,2.164195e+01,2.173876e+01,2.186310e+01,2.170420e+01,2.196660e+01,2.198729e+01,2.211132e+01,2.205621e+01,2.200107e+01,2.223520e+01,2.211821e+01,2.231084e+01,2.231084e+01,2.234520e+01,2.246194e+01,2.240702e+01,2.231771e+01,2.255112e+01,2.259911e+01,2.258540e+01,2.248252e+01,2.250997e+01,2.246880e+01,2.248252e+01,2.251683e+01,2.248939e+01,2.245507e+01,2.227647e+01,2.240702e+01,2.241389e+01,2.237955e+01,2.236581e+01,2.237268e+01,2.235207e+01,2.238642e+01,2.235894e+01,2.225584e+01,2.228334e+01,2.227647e+01,2.224208e+01,2.224896e+01,2.236581e+01,2.240015e+01,2.226271e+01,2.220769e+01,2.221457e+01,2.237268e+01,2.237955e+01,2.215263e+01,2.230396e+01,2.215952e+01,2.233146e+01,2.225584e+01,2.222145e+01,2.225584e+01,2.243448e+01,2.220081e+01,2.226959e+01,2.218705e+01,2.218016e+01,2.224896e+01,2.217328e+01,2.223520e+01,2.229709e+01,2.219393e+01,2.229022e+01,2.228334e+01,2.223520e+01,2.224896e+01,2.227647e+01,2.223520e+01,2.217328e+01,2.217328e+01,2.222145e+01,2.224896e+01,2.227647e+01,2.227647e+01,2.231084e+01,2.227647e+01,2.230396e+01,2.232458e+01,2.231084e+01,2.220769e+01,2.218705e+01,2.219393e+01,2.229022e+01,2.222145e+01,2.217328e+01,2.221457e+01,2.222145e+01,2.216640e+01,2.216640e+01,2.224896e+01,2.231771e+01,2.222145e+01,2.222145e+01,2.222833e+01,2.229022e+01,2.214575e+01,2.222833e+01,2.235207e+01,2.217328e+01,2.223520e+01,2.225584e+01,2.230396e+01,2.231771e+01,2.233146e+01,2.231771e+01,2.231084e+01,2.236581e+01,2.236581e+01,2.240015e+01,2.242075e+01,2.237268e+01,2.233146e+01,2.237268e+01,2.236581e+01,2.237268e+01,2.247566e+01,2.220769e+01,2.220081e+01,2.222833e+01,2.233146e+01
2.185620e+01,2.182858e+01,2.182167e+01,2.187691e+01,2.195280e+01,2.180786e+01,2.194591e+01,2.193211e+01,2.180786e+01,2.169728e+01,2.173876e+01,2.167654e+01,2.166962e+01,2.175258e+01,2.171111e+01,2.169728e+01,2.173185e+01,2.175258e+01,2.177332e+01,2.176641e+01,2.181476e+01,2.189071e+01,2.162811e+01,2.179404e+01,2.184929e+01,2.184239e+01,2.177332e+01,2.181476e+01,2.187000e+01,2.194591e+01,2.182167e+01,2.188381e+01,2.182858e+01,2.190451e+01,2.175949e+01,2.176641e+01,2.193211e+01,2.193211e+01,2.184239e+01,2.187000e+01,2.184239e+01,2.187000e+01,2.188381e+01,2.178713e+01,2.189071e+01,2.189761e+01,2.169037e+01,2.172494e+01,2.191141e+01,2.165579e+01,2.182858e+01,2.187691e+01,2.189761e+01,2.184239e+01,2.184239e+01,2.196660e+01,2.187000e+01,2.206310e+01,2.200107e+01,2.194591e+01,2.187691e+01,2.196660e+01,2.191831e+01,2.187691e+01,2.183548e+01,2.196660e+01,2.191141e+01,2.202176e+01,2.189071e+01,2.200107e+01,2.191141e+01,2.184929e+01,2.194591e+01,2.195280e+01,2.193901e+01,2.198729e+01,2.195280e+01,2.189761e+01,2.202865e+01,2.193211e+01,2.196660e+01,2.196660e+01,2.201486e+01,2.200107e+01,2.198729e+01,2.196660e+01,2.196660e+01,2.199418e+01,2.208377e+01,2.207688e+01,2.206310e+01,2.199418e+01,2.199418e+01,2.198729e+01,2.217328e+01,2.215263e+01,2.213198e+01,2.208377e+01,2.210443e+01,2.203554e+01,2.212509e+01,2.224896e+01,2.211821e+01,2.221457e+01,2.212509e+01,2.211132e+01,2.214575e+01,2.220081e+01,2.221457e+01,2.211132e+01,2.225584e+01,2.233146e+01,2.235207e+01,2.223520e+01,2.231771e+01,2.230396e+01,2.246880e+01,2.228334e+01,2.220769e+01,2.219393e+01,2.229022e+01,2.222145e+01,2.233833e+01,2.224208e+01,2.218016e+01,2.228334e+01,2.226271e+01,2.228334e+01,2.226959e+01,2.222145e+01,2.222833e+01,2.213886e+01,2.209755e+01,2.212509e+01,2.221457e+01,2.218016e+01,2.202865e+01,2.181476e+01,2.180786e+01,2.172494e+01,2.175258e+01,2.187691e+01,2.173876e+01,2.184239e+01,2.195970e+01,2.195970e+01,2.204932e+01,2.190451e+01,2.195280e+01,2.189761e+01,2.190451e+01,2.191831e+01,2.192521e+01,2.194591e+01,2.200797e+01,2.209066e+01,2.202176e+01,2.210443e+01,2.208377e+01,2.196660e+01,2.206310e+01,2.213198e+01,2.210443e+01,2.217328e+01,2.218705e+01,2.227647e+01,2.220769e+01,2.223520e+01,2.217328e+01,2.226959e+01,2.230396e+01,2.224896e+01,2.215952e+01,2.211132e+01,2.213198e+01,2.220081e+01,2.208377e+01,2.209755e+01,2.211132e+01,2.202176e+01,2.204243e+01,2.204243e+01,2.187000e+01,2.189071e+01,2.191831e+01,2.201486e+01,2.200107e+01,2.198729e+01,2.187691e+01,2.194591e+01,2.198729e+01,2.191831e+01,2.186310e+01,2.187000e+01,2.185620e+01,2.181476e+01,2.185620e+01,2.179404e+01,2.182167e+01,2.174567e+01,2.169037e+01,2.158659e+01,2.162811e+01,2.151042e+01,2.146884e+01,2.142032e+01,2.139952e+01,2.140645e+01,2.117041e+01,2.115650e+01,2.117041e+01,2.096167e+01,2.101738e+01,2.100345e+01,2.105218e+01,2.094774e+01,2.105218e+01,2.113565e+01,2.113565e+01,2.108001e+01,2.111479e+01,2.113565e+01,2.115650e+01,2.107305e+01,2.103826e+01,2.112869e+01,2.110783e+01,2.102434e+01,2.111479e+01,2.114260e+01,2.178022e+01,2.187691e+01,2.194591e+01,2.190451e+01,2.184239e+01,2.194591e+01,2.193211e+01,2.187691e+01,2.195970e+01,2.153812e+01,2.158659e+01,2.150349e+01,2.151734e+01,2.169037e+01,2.167654e+01,2.164887e+01,2.166270e+01,2.173185e+01,2.180095e+01,2.171111e+01,2.175258e+01,2.168345e+01,2.156582e+01,2.169728e+01,2.162119e+01,2.157274e+01,2.145498e+01,2.152427e+01,2.142032e+01,2.144805e+01,2.172494e+01,2.182167e+01,2.180095e+01,2.179404e+01,2.182858e+01,2.162119e+01,2.148963e+01,2.160735e+01,2.135790e+01,2.135790e+01,2.124683e+01,2.110088e+01,2.109392e+01,2.083623e+01,2.112174e+01,2.097560e+01,2.090594e+01,2.098953e+01,2.100345e+01,2.098953e+01,2.107305e+01,2.111479e+01,2.105914e+01,2.114955e+01,2.116345e+01,2.100345e+01,2.112174e+01,2.109392e+01,2.108001e+01,2.109392e+01,2.107305e+01,2.110783e+01,2.110783e+01,2.096864e+01,2.093381e+01,2.102434e+01,2.099649e+01,2.098953e+01,2.096864e+01,2.101042e+01,2.103130e+01,2.118431e+01,2.128156e+01,2.127461e+01,2.121905e+01,2.125378e+01,2.121210e+01,2.117041e+01,2.117041e+01,2.118431e+01,2.119126e+01,2.120515e+01,2.105218e+01,2.114955e+01,2.116345e+01,2.115650e+01,2.114260e+01,2.117736e+01,2.114260e+01,2.116345e+01,2.128156e+01,2.124683e+01,2.122600e+01,2.122600e+01,2.136484e+01,2.146884e+01,2.147577e+01,2.148270e+01,2.151042e+01,2.142032e+01,2.152427e+01,2.146191e+01,2.142032e+01,2.136484e+01,2.134402e+01,2.128850e+01,2.132320e+01,2.122600e+01,2.124683e+01,2.117041e+01,2.117041e+01,2.119126e+01,2.122600e+01,2.159351e+01,2.169037e+01,2.166962e+01,2.174567e+01,2.169037e+01,2.162119e+01,2.169728e+01,2.150349e+01,2.150349e+01,2.156582e+01,2.160043e+01,2.148963e+01,2.162119e+01,2.160043e+01,2.160043e+01,2.139258e+01,2.165579e+01,2.164195e+01,2.170420e+01,2.161427e+01,2.169037e+01,2.185620e+01,2.182858e+01,2.171111e+01,2.189071e+01,2.191141e+01,2.193211e+01,2.199418e+01,2.200107e+01,2.199418e+01,2.202865e+01,2.204932e+01,2.200107e+01,2.200797e+01,2.208377e+01,2.218016e+01,2.202176e+01,2.216640e+01,2.205621e+01,2.218705e+01,2.216640e+01,2.214575e+01,2.220769e+01,2.230396e+01,2.215952e+01,2.222145e+01,2.219393e+01,2.212509e+01,2.224208e+01,2.222833e+01,2.232458e+01,2.223520e+01,2.226271e+01,2.224896e+01,2.226271e+01,2.229022e+01,2.235207e+01,2.219393e+01,2.220769e+01,2.198039e+01,2.157274e+01,2.147577e+01,2.118431e+01,2.100345e+01,2.114955e+01,2.110783e+01,2.113565e+01,2.119820e+01,2.114260e+01,2.117736e+01,2.119820e+01,2.123989e+01,2.114955e+01,2.109392e+01,2.126072e+01,2.123294e+01,2.135790e+01,2.145498e+01,2.153119e+01,2.182858e+01,2.211821e+01,2.208377e+01,2.204243e+01,2.201486e+01,2.213886e+01,2.206310e+01,2.208377e+01,2.219393e+01,2.205621e+01,2.203554e+01,2.202865e+01,2.203554e+01,2.198729e+01,2.200797e+01,2.200797e+01,2.204243e+01,2.198729e+01,2.199418e+01,2.201486e+01,2.208377e+01,2.200107e+01,2.194591e+01,2.202865e+01,2.198039e+01,2.202865e+01,2.189071e+01,2.199418e+01,2.202865e+01,2.191831e+01,2.194591e+01,2.193901e+01,2.192521e+01,2.209755e+01,2.184239e+01,2.194591e+01,2.195970e+01,2.195280e+01,2.194591e+01,2.191141e+01,2.194591e+01,2.191141e+01,2.198729e+01,2.192521e+01,2.195280e+01,2.195970e+01,2.192521e+01,2.195970e+01,2.200797e+01,2.193901e+01,2.198039e+01,2.188381e+01,2.195280e+01,2.199418e+01,2.193901e+01,2.192521e+01,2.191141e+01,2.193901e+01,2.186310e+01,2.193211e+01,2.187691e+01,2.189071e+01,2.187000e+01,2.187691e+01,2.189071e+01,2.187000e+01,2.187691e+01,2.181476e+01,2.186310e+01,2.182858e+01,2.186310e+01,2.187000e+01,2.187000e+01,2.181476e+01,2.174567e+01,2.182858e+01,2.166270e+01,2.169037e+01,2.171802e+01,2.174567e+01,2.168345e+01,2.170420e+01,2.173185e+01,2.169728e+01,2.176641e+01,2.162811e+01,2.164887e+01,2.160043e+01,2.175949e+01,2.176641e+01,2.166962e+01,2.182167e+01,2.164887e+01,2.171802e+01,2.170420e+01,2.150349e+01,2.177332e+01,2.182858e+01,2.179404e+01,2.193901e+01,2.198729e+01,2.197349e+01,2.206310e+01,2.200107e+01,2.204243e+01,2.212509e+01,2.233146e+01,2.232458e+01,2.239328e+01,2.245507e+01,2.237955e+01,2.248252e+01,2.252369e+01,2.252369e+01,2.246880e+01,2.247566e+01,2.246194e+01,2.250997e+01,2.248939e+01,2.242762e+01,2.244821e+01,2.248252e+01,2.234520e+01,2.237268e+01,2.239328e+01,2.239328e+01,2.233146e+01,2.235894e+01,2.236581e+01,2.232458e+01,2.230396e+01,2.233146e+01,2.226271e+01,2.228334e+01,2.235207e+01,2.224896e+01,2.226271e+01,2.240015e+01,2.229022e+01,2.237955e+01,2.237268e+01,2.220769e+01,2.236581e+01,2.240015e+01,2.229709e+01,2.229709e+01,2.224896e+01,2.229022e+01,2.226959e+01,2.234520e+01,2.231084e+01,2.220081e+01,2.224208e+01,2.224208e+01,2.215952e+01,2.224208e+01,2.224896e+01,2.223520e+01,2.213886e+01,2.213198e+01,2.221457e+01,2.220081e+01,2.222833e+01,2.224896e+01,2.215952e+01,2.222833e+01,2.225584e+01,2.224208e+01,2.227647e+01,2.227647e+01,2.223520e+01,2.227647e+01,2.231771e+01,2.226959e+01,2.217328e+01,2.231084e+01,2.224208e+01,2.211821e+01,2.228334e+01,2.225584e+01,2.237955e+01,2.213198e+01,2.218705e+01,2.224896e+01,2.222145e+01,2.235207e+01,2.219393e+01,2.218705e+01,2.218705e+01,2.226959e+01,2.235894e+01,2.213198e+01,2.225584e+01,2.221457e+01,2.222833e+01,2.235894e+01,2.219393e+01,2.229709e+01,2.237268e+01,2.231084e+01,2.226959e+01,2.229709e+01,2.230396e+01,2.235207e+01,2.229022e+01,2.233146e+01,2.223520e+01,2.238642e+01,2.227647e+01,2.230396e+01,2.227647e+01,2.233833e+01,2.224896e+01,2.221457e+01,2.221457e+01,2.219393e+01,2.225584e+01,2.232458e+01
2.193901e+01,2.184239e+01,2.179404e+01,2.193211e+01,2.184239e+01,2.192521e+01,2.178022e+01,2.185620e+01,2.184239e+01,2.185620e+01,2.176641e+01,2.172494e+01,2.165579e+01,2.183548e+01,2.179404e+01,2.170420e+01,2.174567e+01,2.166962e+01,2.178713e+01,2.173185e+01,2.154505e+01,2.178713e+01,2.177332e+01,2.173876e+01,2.175949e+01,2.184239e+01,2.178022e+01,2.162119e+01,2.187691e+01,2.198729e+01,2.166270e+01,2.179404e+01,2.185620e+01,2.188381e+01,2.179404e+01,2.187000e+01,2.181476e+01,2.184929e+01,2.172494e+01,2.181476e+01,2.186310e+01,2.185620e+01,2.174567e+01,2.188381e+01,2.192521e+01,2.189071e+01,2.190451e+01,2.191141e+01,2.193901e+01,2.187691e+01,2.191831e+01,2.192521e+01,2.193211e+01,2.189761e+01,2.193901e+01,2.198729e+01,2.198039e+01,2.187691e+01,2.189071e+01,2.193901e+01,2.182167e+01,2.191831e+01,2.188381e+01,2.193211e+01,2.199418e+01,2.198039e+01,2.201486e+01,2.190451e+01,2.190451e+01,2.195280e+01,2.191831e+01,2.188381e+01,2.195970e+01,2.193901e+01,2.198729e+01,2.193211e+01,2.190451e+01,2.190451e+01,2.191831e+01,2.187691e+01,2.190451e+01,2.195280e+01,2.193901e+01,2.197349e+01,2.195970e+01,2.192521e+01,2.190451e+01,2.200797e+01,2.207688e+01,2.192521e+01,2.206310e+01,2.210443e+01,2.193211e+01,2.212509e+01,2.213886e+01,2.211821e+01,2.209066e+01,2.206999e+01,2.206310e+01,2.208377e+01,2.224208e+01,2.226271e+01,2.213198e+01,2.224208e+01,2.224896e+01,2.220769e+01,2.224896e+01,2.219393e+01,2.235894e+01,2.234520e+01,2.222833e+01,2.215263e+01,2.226959e+01,2.235207e+01,2.226959e+01,2.232458e+01,2.230396e+01,2.219393e+01,2.220081e+01,2.225584e+01,2.220769e+01,2.220769e+01,2.217328e+01,2.229022e+01,2.221457e+01,2.225584e+01,2.229022e+01,2.226271e+01,2.213886e+01,2.221457e+01,2.213198e+01,2.212509e+01,2.222145e+01,2.221457e+01,2.213198e+01,2.202865e+01,2.178022e+01,2.173185e+01,2.180095e+01,2.171802e+01,2.184239e+01,2.188381e+01,2.178713e+01,2.191141e+01,2.198729e+01,2.192521e+01,2.192521e+01,2.200797e+01,2.198729e+01,2.187691e+01,2.194591e+01,2.186310e+01,2.201486e+01,2.202176e+01,2.200797e+01,2.204932e+01,2.202176e+01,2.208377e+01,2.204932e+01,2.212509e+01,2.209755e+01,2.219393e+01,2.215263e+01,2.211132e+01,2.226271e+01,2.222833e+01,2.211132e+01,2.226959e+01,2.222833e+01,2.231084e+01,2.224208e+01,2.217328e+01,2.220081e+01,2.217328e+01,2.211821e+01,2.210443e+01,2.214575e+01,2.202865e+01,2.203554e+01,2.212509e+01,2.206999e+01,2.202865e+01,2.199418e+01,2.196660e+01,2.191831e+01,2.195970e+01,2.203554e+01,2.212509e+01,2.200107e+01,2.187691e+01,2.196660e+01,2.199418e+01,2.192521e+01,2.187000e+01,2.191831e+01,2.184239e+01,2.178022e+01,2.187691e+01,2.182858e+01,2.162119e+01,2.173876e+01,2.157274e+01,2.153812e+01,2.149656e+01,2.151734e+01,2.144805e+01,2.148963e+01,2.123294e+01,2.117736e+01,2.115650e+01,2.110088e+01,2.094774e+01,2.105218e+01,2.089897e+01,2.102434e+01,2.101738e+01,2.106609e+01,2.098256e+01,2.109392e+01,2.101042e+01,2.096864e+01,2.107305e+01,2.100345e+01,2.103130e+01,2.103130e+01,2.101738e+01,2.104522e+01,2.117736e+01,2.150349e+01,2.150349e+01,2.183548e+01,2.188381e+01,2.199418e+01,2.188381e+01,2.187691e+01,2.189071e+01,2.185620e+01,2.182858e+01,2.179404e+01,2.152427e+01,2.145498e+01,2.146884e+01,2.157967e+01,2.160735e+01,2.162119e+01,2.168345e+01,2.170420e+01,2.160043e+01,2.183548e+01,2.160735e+01,2.155197e+01,2.167654e+01,2.146884e+01,2.153119e+01,2.153119e+01,2.142725e+01,2.144805e+01,2.115650e+01,2.130238e+01,2.134402e+01,2.169037e+01,2.179404e+01,2.179404e+01,2.180786e+01,2.175258e+01,2.155197e+01,2.158659e+01,2.152427e+01,2.112869e+01,2.114955e+01,2.121905e+01,2.112174e+01,2.105914e+01,2.096167e+01,2.091291e+01,2.103826e+01,2.095471e+01,2.117736e+01,2.099649e+01,2.109392e+01,2.108696e+01,2.115650e+01,2.110088e+01,2.107305e+01,2.110783e+01,2.111479e+01,2.108696e+01,2.106609e+01,2.104522e+01,2.107305e+01,2.098256e+01,2.110088e+01,2.101738e+01,2.105218e+01,2.109392e+01,2.092684e+01,2.094077e+01,2.100345e+01,2.102434e+01,2.101042e+01,2.099649e+01,2.107305e+01,2.126072e+01,2.112869e+01,2.112174e+01,2.112174e+01,2.119126e+01,2.114955e+01,2.117041e+01,2.119126e+01,2.106609e+01,2.110783e+01,2.110783e+01,2.101738e+01,2.107305e+01,2.115650e+01,2.114260e+01,2.117041e+01,2.112869e+01,2.114260e+01,2.121905e+01,2.114955e+01,2.126767e+01,2.119126e+01,2.125378e+01,2.145498e+01,2.146884e+01,2.145498e+01,2.144805e+01,2.139258e+01,2.144112e+01,2.142032e+01,2.143419e+01,2.136484e+01,2.141339e+01,2.130238e+01,2.113565e+01,2.111479e+01,2.116345e+01,2.120515e+01,2.131626e+01,2.119126e+01,2.119820e+01,2.157967e+01,2.168345e+01,2.171111e+01,2.173185e+01,2.158659e+01,2.164887e+01,2.167654e+01,2.153119e+01,2.153812e+01,2.156582e+01,2.146191e+01,2.146884e+01,2.148270e+01,2.142725e+01,2.140645e+01,2.160043e+01,2.159351e+01,2.152427e+01,2.167654e+01,2.153812e+01,2.169037e+01,2.167654e+01,2.165579e+01,2.174567e+01,2.176641e+01,2.171111e+01,2.195280e+01,2.195280e+01,2.193901e+01,2.204932e+01,2.197349e+01,2.199418e+01,2.209755e+01,2.201486e+01,2.207688e+01,2.213198e+01,2.221457e+01,2.210443e+01,2.221457e+01,2.218016e+01,2.229709e+01,2.230396e+01,2.222833e+01,2.234520e+01,2.224208e+01,2.222145e+01,2.233146e+01,2.229709e+01,2.221457e+01,2.230396e+01,2.240015e+01,2.222833e+01,2.242075e+01,2.248939e+01,2.230396e+01,2.234520e+01,2.231771e+01,2.227647e+01,2.219393e+01,2.198729e+01,2.153812e+01,2.139952e+01,2.137177e+01,2.115650e+01,2.110783e+01,2.114260e+01,2.112174e+01,2.123294e+01,2.114260e+01,2.130932e+01,2.135096e+01,2.130932e+01,2.139258e+01,2.119126e+01,2.123294e+01,2.137177e+01,2.141339e+01,2.176641e+01,2.182858e+01,2.210443e+01,2.217328e+01,2.214575e+01,2.218705e+01,2.212509e+01,2.215952e+01,2.218705e+01,2.205621e+01,2.215952e+01,2.207688e+01,2.212509e+01,2.206310e+01,2.203554e+01,2.198729e+01,2.201486e+01,2.197349e+01,2.199418e+01,2.200797e+01,2.200797e+01,2.195280e+01,2.201486e+01,2.198729e+01,2.200107e+01,2.204932e+01,2.191141e+01,2.188381e+01,2.192521e+01,2.197349e+01,2.195970e+01,2.205621e+01,2.191831e+01,2.195280e+01,2.203554e+01,2.187691e+01,2.198039e+01,2.200107e+01,2.191831e+01,2.194591e+01,2.191141e+01,2.213198e+01,2.195280e+01,2.193211e+01,2.199418e+01,2.193901e+01,2.195970e+01,2.200107e+01,2.193211e+01,2.209066e+01,2.211132e+01,2.200797e+01,2.195280e+01,2.187000e+01,2.196660e+01,2.187691e+01,2.186310e+01,2.189071e+01,2.187691e+01,2.191141e+01,2.186310e+01,2.189761e+01,2.190451e+01,2.183548e+01,2.185620e+01,2.195970e+01,2.185620e+01,2.182858e+01,2.179404e+01,2.186310e+01,2.184929e+01,2.184929e+01,2.183548e+01,2.187691e+01,2.184929e+01,2.176641e+01,2.186310e+01,2.170420e+01,2.170420e+01,2.169037e+01,2.171802e+01,2.165579e+01,2.171111e+01,2.171802e+01,2.162811e+01,2.154505e+01,2.162811e+01,2.160043e+01,2.158659e+01,2.158659e+01,2.171802e+01,2.162119e+01,2.168345e+01,2.162811e+01,2.168345e+01,2.163503e+01,2.174567e+01,2.172494e+01,2.166962e+01,2.187000e+01,2.170420e+01,2.182858e+01,2.188381e+01,2.209755e+01,2.197349e+01,2.209066e+01,2.209755e+01,2.212509e+01,2.215952e+01,2.222833e+01,2.229022e+01,2.231771e+01,2.235894e+01,2.241389e+01,2.240015e+01,2.248252e+01,2.247566e+01,2.244821e+01,2.247566e+01,2.249625e+01,2.256483e+01,2.244135e+01,2.246194e+01,2.247566e+01,2.233146e+01,2.244135e+01,2.239328e+01,2.242762e+01,2.233146e+01,2.241389e+01,2.224208e+01,2.237955e+01,2.227647e+01,2.233146e+01,2.232458e+01,2.228334e+01,2.233833e+01,2.231084e+01,2.234520e+01,2.226959e+01,2.234520e+01,2.235894e+01,2.228334e+01,2.235894e+01,2.222145e+01,2.235207e+01,2.235207e+01,2.233146e+01,2.229022e+01,2.229022e+01,2.224208e+01,2.223520e+01,2.223520e+01,2.235894e+01,2.223520e+01,2.222145e+01,2.224896e+01,2.226271e+01,2.222145e+01,2.216640e+01,2.227647e+01,2.220081e+01,2.220769e+01,2.220769e+01,2.224896e+01,2.214575e+01,2.213886e+01,2.222833e+01,2.218016e+01,2.211821e+01,2.225584e+01,2.234520e+01,2.226271e+01,2.230396e+01,2.224896e+01,2.229022e+01,2.226271e+01,2.222833e+01,2.228334e+01,2.220769e+01,2.213198e+01,2.220769e+01,2.224896e+01,2.220081e+01,2.212509e+01,2.220769e+01,2.221457e+01,2.220769e+01,2.232458e+01,2.215952e+01,2.227647e+01,2.219393e+01,2.226959e+01,2.233833e+01,2.216640e+01,2.221457e+01,2.211821e+01,2.211132e+01,2.224208e+01,2.220081e+01,2.227647e+01,2.225584e+01,2.229022e+01,2.236581e+01,2.229709e+01,2.224208e+01,2.229022e+01,2.236581e+01,2.224208e+01,2.222833e+01,2.245507e+01,2.233146e+01,2.233146e+01,2.226271e+01,2.224896e+01,2.225584e+01,2.229709e+01,2.217328e+01,2.221457e+01,2.233833e+01
2.191141e+01,2.184929e+01,2.185620e+01,2.180095e+01,2.187000e+01,2.178022e+01,2.187691e+01,2.189761e+01,2.175949e+01,2.173185e+01,2.170420e+01,2.172494e+01,2.168345e+01,2.172494e+01,2.169728e+01,2.168345e+01,2.160043e+01,2.173185e+01,2.174567e+01,2.155890e+01,2.157967e+01,2.175258e+01,2.175258e+01,2.175258e+01,2.177332e+01,2.174567e+01,2.180786e+01,2.185620e+01,2.168345e+01,2.179404e+01,2.176641e+01,2.180095e+01,2.173876e+01,2.182167e+01,2.189071e+01,2.171802e+01,2.179404e+01,2.171802e+01,2.191831e+01,2.185620e+01,2.189071e+01,2.190451e+01,2.177332e+01,2.181476e+01,2.175258e+01,2.187000e+01,2.189071e+01,2.189071e+01,2.185620e+01,2.182858e+01,2.195970e+01,2.184929e+01,2.189071e+01,2.189761e+01,2.189071e+01,2.194591e+01,2.184929e+01,2.186310e+01,2.180786e+01,2.186310e+01,2.189071e+01,2.190451e+01,2.193901e+01,2.182167e+01,2.185620e+01,2.197349e+01,2.193211e+01,2.187691e+01,2.191831e+01,2.195280e+01,2.197349e+01,2.191831e+01,2.185620e+01,2.199418e+01,2.200797e+01,2.196660e+01,2.191831e+01,2.191831e+01,2.191831e+01,2.191141e+01,2.193211e+01,2.190451e+01,2.193901e+01,2.196660e+01,2.195280e+01,2.194591e+01,2.198039e+01,2.195280e+01,2.194591e+01,2.197349e+01,2.201486e+01,2.206310e+01,2.198039e+01,2.201486e+01,2.204932e+01,2.215263e+01,2.209755e+01,2.213886e+01,2.201486e+01,2.223520e+01,2.213886e+01,2.225584e+01,2.218705e+01,2.224896e+01,2.215263e+01,2.223520e+01,2.225584e+01,2.222145e+01,2.226959e+01,2.227647e+01,2.221457e+01,2.226271e+01,2.222145e+01,2.226271e+01,2.226959e+01,2.228334e+01,2.233833e+01,2.224896e+01,2.222833e+01,2.220769e+01,2.220081e+01,2.223520e+01,2.220081e+01,2.221457e+01,2.223520e+01,2.226271e+01,2.224896e+01,2.222145e+01,2.211821e+01,2.223520e+01,2.215263e+01,2.213886e+01,2.219393e+01,2.199418e+01,2.198039e+01,2.164887e+01,2.173876e+01,2.170420e+01,2.172494e+01,2.182167e+01,2.184929e+01,2.180786e+01,2.188381e+01,2.187691e+01,2.195280e+01,2.185620e+01,2.193211e+01,2.191141e+01,2.188381e+01,2.189761e+01,2.195280e+01,2.192521e+01,2.202176e+01,2.203554e+01,2.195280e+01,2.206999e+01,2.210443e+01,2.216640e+01,2.200797e+01,2.222145e+01,2.216640e+01,2.217328e+01,2.215952e+01,2.211821e+01,2.220081e+01,2.223520e+01,2.224208e+01,2.226959e+01,2.226271e+01,2.225584e+01,2.228334e+01,2.224208e+01,2.220081e+01,2.218016e+01,2.221457e+01,2.198039e+01,2.204932e+01,2.204932e+01,2.207688e+01,2.206310e+01,2.210443e+01,2.204243e+01,2.204243e+01,2.199418e+01,2.200797e+01,2.191831e+01,2.196660e+01,2.193211e+01,2.190451e+01,2.202176e+01,2.198039e+01,2.196660e+01,2.191141e+01,2.197349e+01,2.187691e+01,2.177332e+01,2.177332e+01,2.189071e+01,2.181476e+01,2.167654e+01,2.168345e+01,2.154505e+01,2.154505e+01,2.151734e+01,2.150349e+01,2.136484e+01,2.133014e+01,2.119126e+01,2.110783e+01,2.110088e+01,2.100345e+01,2.095471e+01,2.064776e+01,2.077344e+01,2.075251e+01,2.089200e+01,2.079438e+01,2.101042e+01,2.095471e+01,2.108696e+01,2.113565e+01,2.098256e+01,2.113565e+01,2.101738e+01,2.101738e+01,2.111479e+01,2.114260e+01,2.123989e+01,2.178022e+01,2.180095e+01,2.180786e+01,2.198729e+01,2.191141e+01,2.195970e+01,2.195280e+01,2.186310e+01,2.195280e+01,2.184929e+01,2.147577e+01,2.144805e+01,2.142725e+01,2.145498e+01,2.146191e+01,2.147577e+01,2.152427e+01,2.166270e+01,2.156582e+01,2.158659e+01,2.160735e+01,2.164887e+01,2.153812e+01,2.157967e+01,2.151734e+01,2.144805e+01,2.141339e+01,2.142032e+01,2.139258e+01,2.135096e+01,2.123294e+01,2.123989e+01,2.130238e+01,2.171802e+01,2.180786e+01,2.176641e+01,2.164195e+01,2.168345e+01,2.144112e+01,2.139258e+01,2.132320e+01,2.129544e+01,2.110088e+01,2.109392e+01,2.108696e+01,2.107305e+01,2.106609e+01,2.103826e+01,2.102434e+01,2.091987e+01,2.110783e+01,2.110088e+01,2.113565e+01,2.112174e+01,2.112869e+01,2.108696e+01,2.106609e+01,2.106609e+01,2.106609e+01,2.096167e+01,2.103130e+01,2.103130e+01,2.105914e+01,2.098256e+01,2.097560e+01,2.103826e+01,2.099649e+01,2.096864e+01,2.099649e+01,2.101042e+01,2.104522e+01,2.101738e+01,2.112174e+01,2.114260e+01,2.109392e+01,2.122600e+01,2.121210e+01,2.116345e+01,2.119126e+01,2.115650e+01,2.121210e+01,2.121905e+01,2.106609e+01,2.102434e+01,2.103826e+01,2.108696e+01,2.112869e+01,2.100345e+01,2.096864e+01,2.108696e+01,2.108001e+01,2.114260e+01,2.122600e+01,2.116345e+01,2.120515e+01,2.114260e+01,2.124683e+01,2.145498e+01,2.125378e+01,2.142032e+01,2.148270e+01,2.139952e+01,2.141339e+01,2.142725e+01,2.143419e+01,2.121905e+01,2.129544e+01,2.130932e+01,2.116345e+01,2.113565e+01,2.114955e+01,2.109392e+01,2.114955e+01,2.117041e+01,2.119820e+01,2.158659e+01,2.166270e+01,2.162119e+01,2.169037e+01,2.171111e+01,2.158659e+01,2.155197e+01,2.165579e+01,2.147577e+01,2.157967e+01,2.147577e+01,2.143419e+01,2.147577e+01,2.136484e+01,2.145498e+01,2.144112e+01,2.145498e+01,2.148270e+01,2.153812e+01,2.149656e+01,2.157274e+01,2.177332e+01,2.153812e+01,2.163503e+01,2.166962e+01,2.171111e+01,2.187000e+01,2.190451e+01,2.188381e+01,2.189071e+01,2.197349e+01,2.205621e+01,2.202176e+01,2.206999e+01,2.206999e+01,2.207688e+01,2.220081e+01,2.218016e+01,2.220081e+01,2.235207e+01,2.223520e+01,2.236581e+01,2.228334e+01,2.225584e+01,2.229709e+01,2.228334e+01,2.242762e+01,2.239328e+01,2.242075e+01,2.237268e+01,2.235207e+01,2.240015e+01,2.256483e+01,2.255112e+01,2.248939e+01,2.247566e+01,2.243448e+01,2.230396e+01,2.226271e+01,2.196660e+01,2.162811e+01,2.131626e+01,2.122600e+01,2.114260e+01,2.103826e+01,2.114260e+01,2.106609e+01,2.119126e+01,2.139258e+01,2.153119e+01,2.167654e+01,2.150349e+01,2.139952e+01,2.139952e+01,2.139952e+01,2.162119e+01,2.182858e+01,2.184239e+01,2.204932e+01,2.213886e+01,2.211132e+01,2.209066e+01,2.225584e+01,2.224208e+01,2.202176e+01,2.222833e+01,2.222833e+01,2.218016e+01,2.207688e+01,2.207688e+01,2.211821e+01,2.199418e+01,2.209755e+01,2.197349e+01,2.199418e+01,2.200797e+01,2.201486e+01,2.199418e+01,2.202865e+01,2.200107e+01,2.198039e+01,2.198039e+01,2.200797e+01,2.196660e+01,2.200107e+01,2.199418e+01,2.187000e+01,2.193211e+01,2.197349e+01,2.205621e+01,2.192521e+01,2.199418e+01,2.193211e+01,2.194591e+01,2.202176e+01,2.189761e+01,2.193901e+01,2.195280e+01,2.202176e+01,2.195280e+01,2.197349e+01,2.195970e+01,2.208377e+01,2.200107e+01,2.201486e+01,2.200107e+01,2.193211e+01,2.192521e+01,2.184239e+01,2.203554e+01,2.189761e+01,2.196660e+01,2.190451e+01,2.191831e+01,2.184239e+01,2.190451e+01,2.193901e+01,2.178713e+01,2.188381e+01,2.188381e+01,2.192521e+01,2.189761e+01,2.194591e+01,2.190451e+01,2.193901e+01,2.185620e+01,2.184929e+01,2.184239e+01,2.184929e+01,2.184239e+01,2.185620e+01,2.182167e+01,2.182858e+01,2.184929e+01,2.186310e+01,2.171111e+01,2.174567e+01,2.165579e+01,2.175949e+01,2.166962e+01,2.169728e+01,2.167654e+01,2.174567e+01,2.173876e+01,2.160735e+01,2.161427e+01,2.162119e+01,2.164887e+01,2.158659e+01,2.155197e+01,2.162811e+01,2.158659e+01,2.173185e+01,2.162119e+01,2.160043e+01,2.178713e+01,2.184239e+01,2.166962e+01,2.191141e+01,2.186310e+01,2.186310e+01,2.196660e+01,2.191831e+01,2.200797e+01,2.213198e+01,2.227647e+01,2.215263e+01,2.222145e+01,2.240015e+01,2.211821e+01,2.235207e+01,2.241389e+01,2.242762e+01,2.246194e+01,2.248939e+01,2.237955e+01,2.248939e+01,2.248939e+01,2.245507e+01,2.242075e+01,2.240015e+01,2.242762e+01,2.231084e+01,2.234520e+01,2.236581e+01,2.229022e+01,2.239328e+01,2.237268e+01,2.224896e+01,2.234520e+01,2.229709e+01,2.230396e+01,2.238642e+01,2.229709e+01,2.231771e+01,2.236581e+01,2.231084e+01,2.233146e+01,2.222833e+01,2.233833e+01,2.222145e+01,2.224208e+01,2.227647e+01,2.224896e+01,2.231084e+01,2.222145e+01,2.228334e+01,2.225584e+01,2.224896e+01,2.235894e+01,2.220081e+01,2.225584e+01,2.240702e+01,2.226271e+01,2.220769e+01,2.218016e+01,2.213886e+01,2.232458e+01,2.215263e+01,2.225584e+01,2.211132e+01,2.211821e+01,2.221457e+01,2.215263e+01,2.226271e+01,2.218016e+01,2.229022e+01,2.218016e+01,2.226271e+01,2.223520e+01,2.218705e+01,2.229709e+01,2.231084e+01,2.231084e+01,2.212509e+01,2.222145e+01,2.236581e+01,2.240702e+01,2.232458e+01,2.227647e+01,2.216640e+01,2.219393e+01,2.228334e+01,2.224208e+01,2.216640e+01,2.215263e+01,2.217328e+01,2.218016e+01,2.222833e+01,2.220769e+01,2.240702e+01,2.221457e+01,2.246880e+01,2.226959e+01,2.226959e+01,2.224896e+01,2.228334e+01,2.234520e+01,2.224896e+01,2.225584e+01,2.224208e+01,2.242762e+01,2.225584e+01,2.231084e+01,2.221457e+01,2.232458e+01,2.222833e+01,2.243448e+01,2.225584e+01,2.233146e+01,2.224896e+01,2.228334e+01,2.224896e+01,2.222145e+01,2.221457e+01,2.229709e+01,2.212509e+01
2.183548e+01,2.195970e+01,2.187691e+01,2.187000e+01,2.189071e+01,2.182167e+01,2.175258e+01,2.184929e+01,2.176641e+01,2.180786e+01,2.172494e+01,2.172494e+01,2.173185e+01,2.180786e+01,2.167654e+01,2.173185e+01,2.160735e+01,2.171111e+01,2.171111e+01,2.160735e+01,2.162811e+01,2.173876e+01,2.181476e+01,2.175258e+01,2.167654e+01,2.180786e+01,2.182858e+01,2.184239e+01,2.181476e+01,2.179404e+01,2.183548e+01,2.180786e+01,2.183548e+01,2.182858e+01,2.182167e+01,2.182858e+01,2.184929e+01,2.185620e+01,2.174567e+01,2.184929e+01,2.185620e+01,2.175258e+01,2.191831e+01,2.184929e+01,2.174567e+01,2.173876e+01,2.172494e+01,2.185620e+01,2.193211e+01,2.187691e+01,2.192521e+01,2.193901e+01,2.191141e+01,2.180786e+01,2.199418e+01,2.198729e+01,2.206310e+01,2.187000e+01,2.186310e+01,2.186310e+01,2.183548e+01,2.187691e+01,2.180786e+01,2.186310e+01,2.193211e+01,2.179404e+01,2.194591e+01,2.194591e+01,2.196660e+01,2.202176e+01,2.193211e+01,2.189071e+01,2.193211e+01,2.201486e+01,2.184929e+01,2.209755e+01,2.200797e+01,2.199418e+01,2.184929e+01,2.198039e+01,2.189761e+01,2.192521e+01,2.192521e+01,2.200797e+01,2.198039e+01,2.199418e+01,2.194591e+01,2.204932e+01,2.197349e+01,2.204932e+01,2.204243e+01,2.203554e+01,2.206310e+01,2.207688e+01,2.211132e+01,2.198039e+01,2.212509e+01,2.216640e+01,2.211132e+01,2.208377e+01,2.211821e+01,2.226271e+01,2.214575e+01,2.220769e+01,2.223520e+01,2.225584e+01,2.217328e+01,2.219393e+01,2.226271e+01,2.224208e+01,2.226271e+01,2.225584e+01,2.226271e+01,2.225584e+01,2.220081e+01,2.228334e+01,2.225584e+01,2.216640e+01,2.226959e+01,2.220769e+01,2.222145e+01,2.217328e+01,2.223520e+01,2.217328e+01,2.220081e+01,2.225584e+01,2.226271e+01,2.220081e+01,2.226271e+01,2.211132e+01,2.218705e+01,2.213886e+01,2.203554e+01,2.198729e+01,2.169728e+01,2.170420e+01,2.173185e+01,2.170420e+01,2.170420e+01,2.170420e+01,2.181476e+01,2.191831e+01,2.187000e+01,2.185620e+01,2.184239e+01,2.190451e+01,2.187691e+01,2.198729e+01,2.200797e+01,2.205621e+01,2.192521e+01,2.196660e+01,2.203554e+01,2.200107e+01,2.207688e+01,2.208377e+01,2.210443e+01,2.207688e+01,2.229022e+01,2.214575e+01,2.224208e+01,2.215263e+01,2.222833e+01,2.222145e+01,2.224208e+01,2.212509e+01,2.221457e+01,2.222833e+01,2.228334e+01,2.229022e+01,2.231084e+01,2.220081e+01,2.226959e+01,2.220769e+01,2.219393e+01,2.221457e+01,2.222145e+01,2.210443e+01,2.211821e+01,2.206999e+01,2.209066e+01,2.199418e+01,2.200797e+01,2.199418e+01,2.197349e+01,2.200107e+01,2.208377e+01,2.199418e+01,2.197349e+01,2.193211e+01,2.195970e+01,2.199418e+01,2.198039e+01,2.195280e+01,2.196660e+01,2.189761e+01,2.184929e+01,2.178713e+01,2.170420e+01,2.171802e+01,2.165579e+01,2.166962e+01,2.162119e+01,2.155890e+01,2.144805e+01,2.142032e+01,2.139258e+01,2.126072e+01,2.119126e+01,2.100345e+01,2.093381e+01,2.087109e+01,2.057787e+01,2.054291e+01,2.064078e+01,2.082925e+01,2.092684e+01,2.096167e+01,2.098953e+01,2.098953e+01,2.109392e+01,2.091291e+01,2.096864e+01,2.096167e+01,2.095471e+01,2.098953e+01,2.116345e+01,2.152427e+01,2.191141e+01,2.198729e+01,2.193211e+01,2.181476e+01,2.188381e+01,2.188381e+01,2.191141e+01,2.196660e+01,2.191831e+01,2.184239e+01,2.155890e+01,2.144112e+01,2.143419e+01,2.141339e+01,2.153812e+01,2.160735e+01,2.161427e+01,2.159351e+01,2.159351e+01,2.159351e+01,2.156582e+01,2.161427e+01,2.158659e+01,2.154505e+01,2.149656e+01,2.141339e+01,2.141339e+01,2.130238e+01,2.137871e+01,2.132320e+01,2.109392e+01,2.118431e+01,2.114260e+01,2.114260e+01,2.167654e+01,2.164887e+01,2.162119e+01,2.161427e+01,2.141339e+01,2.140645e+01,2.130238e+01,2.119820e+01,2.114955e+01,2.112174e+01,2.109392e+01,2.107305e+01,2.107305e+01,2.105218e+01,2.090594e+01,2.101738e+01,2.092684e+01,2.119820e+01,2.113565e+01,2.118431e+01,2.119126e+01,2.106609e+01,2.108001e+01,2.109392e+01,2.106609e+01,2.105914e+01,2.111479e+01,2.105218e+01,2.098953e+01,2.097560e+01,2.101042e+01,2.109392e+01,2.110088e+01,2.109392e+01,2.105914e+01,2.101738e+01,2.105914e+01,2.105218e+01,2.113565e+01,2.113565e+01,2.114260e+01,2.115650e+01,2.111479e+01,2.126767e+01,2.112174e+01,2.121905e+01,2.121210e+01,2.117041e+01,2.123294e+01,2.107305e+01,2.109392e+01,2.109392e+01,2.102434e+01,2.094077e+01,2.109392e+01,2.089897e+01,2.110783e+01,2.114260e+01,2.117736e+01,2.117041e+01,2.114260e+01,2.123294e+01,2.119126e+01,2.128156e+01,2.126767e+01,2.141339e+01,2.133708e+01,2.136484e+01,2.142032e+01,2.129544e+01,2.136484e+01,2.138565e+01,2.123989e+01,2.123989e+01,2.111479e+01,2.108696e+01,2.110783e+01,2.121905e+01,2.108696e+01,2.114260e+01,2.113565e+01,2.153119e+01,2.152427e+01,2.164887e+01,2.171111e+01,2.165579e+01,2.171111e+01,2.154505e+01,2.157967e+01,2.148963e+01,2.148270e+01,2.146884e+01,2.143419e+01,2.144805e+01,2.142725e+01,2.139952e+01,2.128850e+01,2.131626e+01,2.146191e+01,2.142032e+01,2.151042e+01,2.147577e+01,2.161427e+01,2.155197e+01,2.164195e+01,2.164887e+01,2.166270e+01,2.170420e+01,2.190451e+01,2.190451e+01,2.189071e+01,2.189071e+01,2.206310e+01,2.208377e+01,2.203554e+01,2.207688e+01,2.217328e+01,2.223520e+01,2.228334e+01,2.224896e+01,2.222833e+01,2.239328e+01,2.232458e+01,2.243448e+01,2.233833e+01,2.234520e+01,2.237955e+01,2.240702e+01,2.240015e+01,2.253741e+01,2.250997e+01,2.258540e+01,2.260596e+01,2.256483e+01,2.261282e+01,2.258540e+01,2.255112e+01,2.243448e+01,2.246194e+01,2.233833e+01,2.196660e+01,2.162119e+01,2.140645e+01,2.135790e+01,2.121210e+01,2.119820e+01,2.115650e+01,2.117736e+01,2.130932e+01,2.153119e+01,2.180095e+01,2.202176e+01,2.199418e+01,2.193211e+01,2.177332e+01,2.190451e+01,2.200797e+01,2.209066e+01,2.225584e+01,2.224896e+01,2.214575e+01,2.217328e+01,2.218705e+01,2.222833e+01,2.223520e+01,2.223520e+01,2.224208e+01,2.222145e+01,2.223520e+01,2.215952e+01,2.208377e+01,2.213886e+01,2.215952e+01,2.201486e+01,2.202176e+01,2.217328e+01,2.203554e+01,2.200107e+01,2.200107e+01,2.211821e+01,2.198729e+01,2.201486e+01,2.199418e+01,2.193211e+01,2.195970e+01,2.199418e+01,2.189761e+01,2.195970e+01,2.201486e+01,2.200797e+01,2.199418e+01,2.197349e+01,2.202176e+01,2.193901e+01,2.202176e+01,2.193901e+01,2.199418e+01,2.196660e+01,2.194591e+01,2.195280e+01,2.196660e+01,2.195970e+01,2.197349e+01,2.195280e+01,2.206999e+01,2.195970e+01,2.193901e+01,2.196660e+01,2.195970e+01,2.196660e+01,2.198039e+01,2.190451e+01,2.187691e+01,2.195280e+01,2.191831e+01,2.189071e+01,2.190451e+01,2.186310e+01,2.184239e+01,2.195970e+01,2.195970e+01,2.191831e+01,2.184929e+01,2.188381e+01,2.190451e+01,2.190451e+01,2.175949e+01,2.181476e+01,2.189071e+01,2.184239e+01,2.189071e+01,2.189071e+01,2.183548e+01,2.180786e+01,2.185620e+01,2.180786e+01,2.171111e+01,2.171802e+01,2.166270e+01,2.176641e+01,2.169728e+01,2.168345e+01,2.161427e+01,2.161427e+01,2.165579e+01,2.163503e+01,2.161427e+01,2.164887e+01,2.163503e+01,2.163503e+01,2.151042e+01,2.155197e+01,2.155890e+01,2.160043e+01,2.160735e+01,2.158659e+01,2.164887e+01,2.162811e+01,2.184239e+01,2.175949e+01,2.171111e+01,2.193901e+01,2.211821e+01,2.198729e+01,2.204932e+01,2.217328e+01,2.219393e+01,2.215263e+01,2.226959e+01,2.231084e+01,2.236581e+01,2.244821e+01,2.235207e+01,2.244135e+01,2.244135e+01,2.240702e+01,2.237955e+01,2.241389e+01,2.239328e+01,2.237955e+01,2.245507e+01,2.234520e+01,2.244821e+01,2.244821e+01,2.246880e+01,2.226959e+01,2.237268e+01,2.222833e+01,2.220769e+01,2.224896e+01,2.233146e+01,2.233833e+01,2.231771e+01,2.226959e+01,2.231771e+01,2.237955e+01,2.250997e+01,2.232458e+01,2.229022e+01,2.227647e+01,2.228334e+01,2.224896e+01,2.222145e+01,2.229709e+01,2.227647e+01,2.232458e+01,2.224208e+01,2.222145e+01,2.225584e+01,2.228334e+01,2.225584e+01,2.230396e+01,2.235894e+01,2.233146e+01,2.218705e+01,2.224208e+01,2.217328e+01,2.222833e+01,2.220769e+01,2.226959e+01,2.216640e+01,2.218016e+01,2.211132e+01,2.224896e+01,2.226271e+01,2.225584e+01,2.222833e+01,2.224208e+01,2.228334e+01,2.218705e+01,2.221457e+01,2.231771e+01,2.220769e+01,2.237268e+01,2.233146e+01,2.222145e+01,2.234520e+01,2.211821e+01,2.213198e+01,2.224896e+01,2.224896e+01,2.240015e+01,2.233146e+01,2.227647e+01,2.220769e+01,2.219393e+01,2.215952e+01,2.218705e+01,2.217328e+01,2.221457e+01,2.226271e+01,2.222833e+01,2.224208e+01,2.226271e+01,2.213886e+01,2.233833e+01,2.231084e+01,2.231771e+01,2.228334e+01,2.222145e+01,2.227647e+01,2.228334e+01,2.222145e+01,2.228334e+01,2.220081e+01,2.233146e+01,2.224896e+01,2.222833e+01,2.243448e+01,2.231771e+01,2.229022e+01,2.226959e+01,2.227647e+01,2.222145e+01,2.216640e+01,2.221457e+01,2.216640e+01,2.213886e+01
2.184239e+01,2.185620e+01,2.191831e+01,2.191831e+01,2.187691e+01,2.186310e+01,2.187691e+01,2.182858e+01,2.189071e+01,2.185620e+01,2.169037e+01,2.180095e+01,2.172494e+01,2.167654e+01,2.169728e+01,2.173185e+01,2.168345e+01,2.170420e+01,2.166962e+01,2.169728e+01,2.161427e+01,2.160735e+01,2.159351e+01,2.168345e+01,2.172494e+01,2.176641e+01,2.162811e+01,2.175258e+01,2.175949e+01,2.174567e+01,2.180786e+01,2.178713e+01,2.186310e+01,2.192521e+01,2.184239e+01,2.173185e+01,2.191831e+01,2.176641e+01,2.186310e+01,2.184929e+01,2.187000e+01,2.189071e+01,2.188381e+01,2.174567e+01,2.176641e+01,2.184929e+01,2.174567e+01,2.177332e+01,2.191831e+01,2.191831e+01,2.194591e+01,2.193901e+01,2.193901e+01,2.183548e+01,2.195970e+01,2.189761e+01,2.195280e+01,2.194591e+01,2.188381e+01,2.184929e+01,2.188381e+01,2.188381e+01,2.185620e+01,2.191141e+01,2.197349e+01,2.195280e+01,2.193211e+01,2.195280e+01,2.200107e+01,2.196660e+01,2.191831e+01,2.188381e+01,2.191831e+01,2.197349e+01,2.194591e+01,2.192521e+01,2.200797e+01,2.199418e+01,2.199418e+01,2.202865e+01,2.187691e+01,2.191141e+01,2.194591e+01,2.206310e+01,2.200797e+01,2.198039e+01,2.205621e+01,2.202176e+01,2.202865e+01,2.209755e+01,2.198729e+01,2.214575e+01,2.202865e+01,2.206310e+01,2.211132e+01,2.215263e+01,2.208377e+01,2.218016e+01,2.219393e+01,2.227647e+01,2.215952e+01,2.220769e+01,2.226271e+01,2.228334e+01,2.228334e+01,2.228334e+01,2.229022e+01,2.229709e+01,2.228334e+01,2.222833e+01,2.229022e+01,2.230396e+01,2.220081e+01,2.224896e+01,2.218705e+01,2.226959e+01,2.226271e+01,2.225584e+01,2.224208e+01,2.221457e+01,2.216640e+01,2.217328e+01,2.219393e+01,2.220769e+01,2.226959e+01,2.216640e+01,2.215952e+01,2.222145e+01,2.212509e+01,2.212509e+01,2.211821e+01,2.212509e+01,2.187000e+01,2.166270e+01,2.160735e+01,2.162811e+01,2.178022e+01,2.180095e+01,2.179404e+01,2.183548e+01,2.191141e+01,2.187000e+01,2.189761e+01,2.190451e+01,2.192521e+01,2.189071e+01,2.200107e+01,2.201486e+01,2.200797e+01,2.198729e+01,2.199418e+01,2.184929e+01,2.204243e+01,2.207688e+01,2.205621e+01,2.209755e+01,2.209755e+01,2.215263e+01,2.215263e+01,2.217328e+01,2.214575e+01,2.223520e+01,2.215952e+01,2.222833e+01,2.213198e+01,2.223520e+01,2.222833e+01,2.222833e+01,2.231771e+01,2.231084e+01,2.229709e+01,2.219393e+01,2.229709e+01,2.219393e+01,2.220769e+01,2.213198e+01,2.221457e+01,2.214575e+01,2.214575e+01,2.202176e+01,2.209755e+01,2.209066e+01,2.202176e+01,2.200107e+01,2.204243e+01,2.200107e+01,2.198039e+01,2.200797e+01,2.200797e+01,2.200107e+01,2.200797e+01,2.198729e+01,2.192521e+01,2.198039e+01,2.189761e+01,2.183548e+01,2.183548e+01,2.184929e+01,2.182167e+01,2.175949e+01,2.168345e+01,2.162811e+01,2.164887e+01,2.169037e+01,2.147577e+01,2.149656e+01,2.142725e+01,2.135790e+01,2.125378e+01,2.123989e+01,2.088503e+01,2.068269e+01,2.047994e+01,2.048694e+01,2.047994e+01,2.079438e+01,2.087806e+01,2.085017e+01,2.095471e+01,2.097560e+01,2.108001e+01,2.094774e+01,2.092684e+01,2.105914e+01,2.098953e+01,2.099649e+01,2.112174e+01,2.154505e+01,2.190451e+01,2.187691e+01,2.189071e+01,2.190451e+01,2.193211e+01,2.187000e+01,2.192521e+01,2.198039e+01,2.186310e+01,2.182167e+01,2.142032e+01,2.143419e+01,2.144112e+01,2.137871e+01,2.141339e+01,2.154505e+01,2.157967e+01,2.158659e+01,2.149656e+01,2.160043e+01,2.157274e+01,2.153119e+01,2.159351e+01,2.151042e+01,2.134402e+01,2.139258e+01,2.137871e+01,2.135096e+01,2.133708e+01,2.130238e+01,2.121905e+01,2.108696e+01,2.103826e+01,2.108696e+01,2.130238e+01,2.160735e+01,2.163503e+01,2.155197e+01,2.162119e+01,2.138565e+01,2.135790e+01,2.123989e+01,2.116345e+01,2.111479e+01,2.108696e+01,2.105914e+01,2.106609e+01,2.105914e+01,2.093381e+01,2.110088e+01,2.115650e+01,2.119820e+01,2.118431e+01,2.121210e+01,2.109392e+01,2.110088e+01,2.123989e+01,2.125378e+01,2.108696e+01,2.112174e+01,2.106609e+01,2.105218e+01,2.097560e+01,2.097560e+01,2.096167e+01,2.094774e+01,2.107305e+01,2.107305e+01,2.105914e+01,2.103130e+01,2.106609e+01,2.105218e+01,2.111479e+01,2.110783e+01,2.107305e+01,2.119126e+01,2.117041e+01,2.115650e+01,2.120515e+01,2.121210e+01,2.125378e+01,2.121210e+01,2.121210e+01,2.110088e+01,2.110088e+01,2.105914e+01,2.113565e+01,2.105914e+01,2.105914e+01,2.102434e+01,2.108001e+01,2.121905e+01,2.119126e+01,2.100345e+01,2.105914e+01,2.108696e+01,2.121905e+01,2.113565e+01,2.126072e+01,2.117736e+01,2.132320e+01,2.139952e+01,2.137871e+01,2.143419e+01,2.137177e+01,2.118431e+01,2.126072e+01,2.108696e+01,2.109392e+01,2.108001e+01,2.108001e+01,2.106609e+01,2.108696e+01,2.107305e+01,2.101738e+01,2.128156e+01,2.157967e+01,2.154505e+01,2.171111e+01,2.173185e+01,2.166270e+01,2.163503e+01,2.156582e+01,2.152427e+01,2.153119e+01,2.159351e+01,2.144112e+01,2.139258e+01,2.133014e+01,2.142725e+01,2.131626e+01,2.137177e+01,2.133014e+01,2.142032e+01,2.135790e+01,2.156582e+01,2.151042e+01,2.144112e+01,2.167654e+01,2.166962e+01,2.164195e+01,2.169728e+01,2.167654e+01,2.171802e+01,2.183548e+01,2.187691e+01,2.187691e+01,2.189071e+01,2.208377e+01,2.206999e+01,2.205621e+01,2.224896e+01,2.229709e+01,2.229022e+01,2.231084e+01,2.246880e+01,2.231084e+01,2.235207e+01,2.250997e+01,2.244135e+01,2.260596e+01,2.241389e+01,2.258540e+01,2.256483e+01,2.252369e+01,2.262652e+01,2.266078e+01,2.274294e+01,2.265392e+01,2.261967e+01,2.264022e+01,2.257169e+01,2.250997e+01,2.258540e+01,2.213198e+01,2.160735e+01,2.138565e+01,2.124683e+01,2.125378e+01,2.121905e+01,2.122600e+01,2.119126e+01,2.128850e+01,2.166270e+01,2.212509e+01,2.209755e+01,2.235207e+01,2.213886e+01,2.214575e+01,2.217328e+01,2.233833e+01,2.225584e+01,2.229022e+01,2.228334e+01,2.226959e+01,2.232458e+01,2.232458e+01,2.227647e+01,2.226271e+01,2.228334e+01,2.221457e+01,2.234520e+01,2.227647e+01,2.213886e+01,2.221457e+01,2.212509e+01,2.219393e+01,2.218705e+01,2.203554e+01,2.222145e+01,2.218705e+01,2.213198e+01,2.200797e+01,2.205621e+01,2.202865e+01,2.208377e+01,2.203554e+01,2.182858e+01,2.193901e+01,2.194591e+01,2.201486e+01,2.193901e+01,2.201486e+01,2.191141e+01,2.195970e+01,2.195970e+01,2.192521e+01,2.193901e+01,2.202176e+01,2.193901e+01,2.196660e+01,2.195280e+01,2.196660e+01,2.195970e+01,2.197349e+01,2.198039e+01,2.197349e+01,2.203554e+01,2.197349e+01,2.193211e+01,2.202865e+01,2.200797e+01,2.202176e+01,2.190451e+01,2.204932e+01,2.194591e+01,2.195970e+01,2.189761e+01,2.191831e+01,2.191831e+01,2.189761e+01,2.192521e+01,2.198039e+01,2.200107e+01,2.189761e+01,2.198729e+01,2.189071e+01,2.193211e+01,2.189071e+01,2.186310e+01,2.175949e+01,2.190451e+01,2.183548e+01,2.186310e+01,2.189071e+01,2.189071e+01,2.187000e+01,2.189071e+01,2.179404e+01,2.177332e+01,2.187000e+01,2.180095e+01,2.182858e+01,2.166962e+01,2.166962e+01,2.164887e+01,2.168345e+01,2.162119e+01,2.164195e+01,2.163503e+01,2.169728e+01,2.163503e+01,2.161427e+01,2.163503e+01,2.150349e+01,2.160735e+01,2.167654e+01,2.159351e+01,2.160735e+01,2.157967e+01,2.161427e+01,2.159351e+01,2.166962e+01,2.178022e+01,2.188381e+01,2.187000e+01,2.206310e+01,2.209066e+01,2.212509e+01,2.215263e+01,2.224896e+01,2.213886e+01,2.230396e+01,2.228334e+01,2.235207e+01,2.236581e+01,2.239328e+01,2.244821e+01,2.243448e+01,2.240015e+01,2.244135e+01,2.243448e+01,2.242075e+01,2.237955e+01,2.244135e+01,2.237268e+01,2.237268e+01,2.235894e+01,2.237955e+01,2.218016e+01,2.237955e+01,2.234520e+01,2.231771e+01,2.233833e+01,2.232458e+01,2.231771e+01,2.221457e+01,2.223520e+01,2.230396e+01,2.240015e+01,2.232458e+01,2.227647e+01,2.229022e+01,2.231771e+01,2.229022e+01,2.235207e+01,2.230396e+01,2.230396e+01,2.231771e+01,2.233833e+01,2.222833e+01,2.226959e+01,2.237955e+01,2.234520e+01,2.220081e+01,2.240702e+01,2.226271e+01,2.227647e+01,2.228334e+01,2.218705e+01,2.210443e+01,2.228334e+01,2.221457e+01,2.230396e+01,2.220769e+01,2.226271e+01,2.220081e+01,2.218705e+01,2.222833e+01,2.223520e+01,2.230396e+01,2.224896e+01,2.218705e+01,2.218705e+01,2.222145e+01,2.218705e+01,2.220769e+01,2.222145e+01,2.226959e+01,2.228334e+01,2.221457e+01,2.221457e+01,2.215952e+01,2.218705e+01,2.227647e+01,2.226271e+01,2.222145e+01,2.231084e+01,2.220081e+01,2.221457e+01,2.222145e+01,2.218705e+01,2.222145e+01,2.226271e+01,2.240015e+01,2.237268e+01,2.233146e+01,2.224896e+01,2.225584e+01,2.229709e+01,2.231084e+01,2.218016e+01,2.251683e+01,2.222833e+01,2.222833e+01,2.226271e+01,2.224896e+01,2.227647e+01,2.233146e+01,2.226959e+01,2.237268e+01,2.229022e+01,2.222145e+01,2.223520e+01,2.223520e+01,2.224896e+01,2.224896e+01,2.211132e+01,2.217328e+01,2.214575e+01,2.223520e+01,2.213886e+01
2.193211e+01,2.189761e+01,2.185620e+01,2.189071e+01,2.189071e+01,2.189071e+01,2.187691e+01,2.172494e+01,2.186310e+01,2.180095e+01,2.171111e+01,2.172494e+01,2.165579e+01,2.169037e+01,2.162811e+01,2.166962e+01,2.158659e+01,2.169037e+01,2.173185e+01,2.166962e+01,2.160735e+01,2.157967e+01,2.166270e+01,2.171802e+01,2.176641e+01,2.187691e+01,2.180786e+01,2.177332e+01,2.175258e+01,2.178713e+01,2.179404e+01,2.181476e+01,2.178022e+01,2.187000e+01,2.182167e+01,2.183548e+01,2.189761e+01,2.184239e+01,2.193901e+01,2.182858e+01,2.187000e+01,2.185620e+01,2.175258e+01,2.180786e+01,2.182858e+01,2.187000e+01,2.174567e+01,2.189761e+01,2.188381e+01,2.189071e+01,2.190451e+01,2.192521e+01,2.186310e+01,2.186310e+01,2.190451e+01,2.187691e+01,2.187691e+01,2.192521e+01,2.181476e+01,2.181476e+01,2.178713e+01,2.189761e+01,2.183548e+01,2.184239e+01,2.196660e+01,2.191831e+01,2.182858e+01,2.200107e+01,2.198039e+01,2.195280e+01,2.191831e+01,2.195280e+01,2.198729e+01,2.189071e+01,2.191141e+01,2.195280e+01,2.200107e+01,2.193901e+01,2.201486e+01,2.185620e+01,2.197349e+01,2.197349e+01,2.217328e+01,2.193211e+01,2.197349e+01,2.201486e+01,2.198039e+01,2.198729e+01,2.198039e+01,2.209066e+01,2.197349e+01,2.200797e+01,2.215952e+01,2.211132e+01,2.212509e+01,2.225584e+01,2.222145e+01,2.220081e+01,2.215952e+01,2.209755e+01,2.228334e+01,2.229022e+01,2.217328e+01,2.220081e+01,2.219393e+01,2.218705e+01,2.226959e+01,2.226271e+01,2.224896e+01,2.223520e+01,2.228334e+01,2.222145e+01,2.220769e+01,2.225584e+01,2.220769e+01,2.223520e+01,2.221457e+01,2.222145e+01,2.223520e+01,2.225584e+01,2.213198e+01,2.225584e+01,2.221457e+01,2.225584e+01,2.218016e+01,2.221457e+01,2.206999e+01,2.215263e+01,2.224208e+01,2.206999e+01,2.215263e+01,2.191141e+01,2.170420e+01,2.167654e+01,2.170420e+01,2.182167e+01,2.173185e+01,2.174567e+01,2.179404e+01,2.187000e+01,2.183548e+01,2.186310e+01,2.178713e+01,2.182858e+01,2.186310e+01,2.187691e+01,2.195970e+01,2.198039e+01,2.196660e+01,2.196660e+01,2.200797e+01,2.200797e+01,2.201486e+01,2.210443e+01,2.212509e+01,2.206310e+01,2.209066e+01,2.213198e+01,2.211821e+01,2.215263e+01,2.218016e+01,2.215952e+01,2.215263e+01,2.219393e+01,2.219393e+01,2.223520e+01,2.220081e+01,2.231084e+01,2.220081e+01,2.229022e+01,2.229709e+01,2.229709e+01,2.229709e+01,2.223520e+01,2.226959e+01,2.220769e+01,2.217328e+01,2.213886e+01,2.209755e+01,2.197349e+01,2.211132e+01,2.209066e+01,2.202176e+01,2.202176e+01,2.200797e+01,2.202865e+01,2.198729e+01,2.197349e+01,2.195280e+01,2.200107e+01,2.199418e+01,2.198729e+01,2.194591e+01,2.193211e+01,2.184929e+01,2.189761e+01,2.197349e+01,2.187691e+01,2.187691e+01,2.182167e+01,2.173185e+01,2.178022e+01,2.166270e+01,2.169728e+01,2.143419e+01,2.155890e+01,2.145498e+01,2.121905e+01,2.132320e+01,2.122600e+01,2.094077e+01,2.054990e+01,2.052192e+01,2.045195e+01,2.044495e+01,2.060583e+01,2.083623e+01,2.091291e+01,2.083623e+01,2.093381e+01,2.083623e+01,2.084320e+01,2.086412e+01,2.100345e+01,2.103826e+01,2.105218e+01,2.126072e+01,2.170420e+01,2.196660e+01,2.196660e+01,2.191831e+01,2.190451e+01,2.186310e+01,2.193211e+01,2.189761e+01,2.190451e+01,2.191141e+01,2.184239e+01,2.144112e+01,2.142032e+01,2.137177e+01,2.139952e+01,2.150349e+01,2.137871e+01,2.157274e+01,2.159351e+01,2.158659e+01,2.161427e+01,2.151734e+01,2.161427e+01,2.153119e+01,2.133014e+01,2.142032e+01,2.135790e+01,2.126767e+01,2.134402e+01,2.135790e+01,2.123989e+01,2.090594e+01,2.094774e+01,2.098953e+01,2.103826e+01,2.095471e+01,2.130932e+01,2.149656e+01,2.143419e+01,2.160043e+01,2.136484e+01,2.123989e+01,2.122600e+01,2.117736e+01,2.108001e+01,2.110088e+01,2.108001e+01,2.108696e+01,2.108696e+01,2.100345e+01,2.113565e+01,2.111479e+01,2.119820e+01,2.119126e+01,2.116345e+01,2.124683e+01,2.112174e+01,2.123294e+01,2.110783e+01,2.111479e+01,2.115650e+01,2.106609e+01,2.103130e+01,2.101738e+01,2.099649e+01,2.101042e+01,2.098256e+01,2.100345e+01,2.105218e+01,2.104522e+01,2.105914e+01,2.108001e+01,2.108696e+01,2.112869e+01,2.111479e+01,2.114955e+01,2.113565e+01,2.121905e+01,2.121210e+01,2.121905e+01,2.119126e+01,2.113565e+01,2.105914e+01,2.119820e+01,2.126072e+01,2.114260e+01,2.109392e+01,2.114955e+01,2.102434e+01,2.091291e+01,2.089200e+01,2.096167e+01,2.094077e+01,2.103130e+01,2.113565e+01,2.112174e+01,2.106609e+01,2.115650e+01,2.122600e+01,2.126767e+01,2.112869e+01,2.137871e+01,2.127461e+01,2.128156e+01,2.133708e+01,2.119820e+01,2.133708e+01,2.117736e+01,2.104522e+01,2.105218e+01,2.108001e+01,2.105914e+01,2.112869e+01,2.106609e+01,2.105914e+01,2.096167e+01,2.130238e+01,2.154505e+01,2.167654e+01,2.162811e+01,2.167654e+01,2.157967e+01,2.162811e+01,2.162119e+01,2.155890e+01,2.155197e+01,2.129544e+01,2.128850e+01,2.135790e+01,2.133708e+01,2.130238e+01,2.130238e+01,2.122600e+01,2.136484e+01,2.142032e+01,2.129544e+01,2.136484e+01,2.150349e+01,2.160043e+01,2.139952e+01,2.162811e+01,2.164195e+01,2.165579e+01,2.161427e+01,2.160043e+01,2.169728e+01,2.162811e+01,2.186310e+01,2.186310e+01,2.183548e+01,2.185620e+01,2.196660e+01,2.209066e+01,2.219393e+01,2.233833e+01,2.242075e+01,2.246194e+01,2.245507e+01,2.264022e+01,2.250311e+01,2.255798e+01,2.267447e+01,2.262652e+01,2.268817e+01,2.264708e+01,2.272241e+01,2.264022e+01,2.262652e+01,2.279768e+01,2.266763e+01,2.279084e+01,2.265392e+01,2.265392e+01,2.259225e+01,2.254426e+01,2.213198e+01,2.157274e+01,2.131626e+01,2.119820e+01,2.123989e+01,2.124683e+01,2.125378e+01,2.117041e+01,2.153119e+01,2.198039e+01,2.237268e+01,2.235894e+01,2.240702e+01,2.235207e+01,2.257854e+01,2.231771e+01,2.254426e+01,2.253055e+01,2.229709e+01,2.238642e+01,2.235894e+01,2.239328e+01,2.235894e+01,2.231771e+01,2.227647e+01,2.232458e+01,2.222833e+01,2.220081e+01,2.218016e+01,2.223520e+01,2.220081e+01,2.226271e+01,2.199418e+01,2.228334e+01,2.221457e+01,2.209755e+01,2.201486e+01,2.222833e+01,2.211821e+01,2.206999e+01,2.191831e+01,2.198039e+01,2.215952e+01,2.195970e+01,2.191141e+01,2.196660e+01,2.193901e+01,2.200797e+01,2.193211e+01,2.193901e+01,2.192521e+01,2.192521e+01,2.192521e+01,2.190451e+01,2.211132e+01,2.192521e+01,2.195280e+01,2.205621e+01,2.191141e+01,2.191831e+01,2.198039e+01,2.197349e+01,2.199418e+01,2.197349e+01,2.196660e+01,2.202176e+01,2.199418e+01,2.201486e+01,2.193901e+01,2.200107e+01,2.198729e+01,2.194591e+01,2.194591e+01,2.193901e+01,2.190451e+01,2.206999e+01,2.192521e+01,2.193211e+01,2.190451e+01,2.196660e+01,2.186310e+01,2.194591e+01,2.188381e+01,2.190451e+01,2.191831e+01,2.187691e+01,2.180095e+01,2.189761e+01,2.186310e+01,2.186310e+01,2.187000e+01,2.189071e+01,2.180786e+01,2.180786e+01,2.176641e+01,2.180095e+01,2.178713e+01,2.174567e+01,2.170420e+01,2.169728e+01,2.169037e+01,2.164887e+01,2.169037e+01,2.161427e+01,2.165579e+01,2.153812e+01,2.164195e+01,2.164887e+01,2.163503e+01,2.169728e+01,2.162811e+01,2.158659e+01,2.151734e+01,2.160735e+01,2.156582e+01,2.156582e+01,2.166270e+01,2.180095e+01,2.179404e+01,2.180786e+01,2.186310e+01,2.192521e+01,2.200107e+01,2.197349e+01,2.213198e+01,2.213886e+01,2.221457e+01,2.215263e+01,2.222833e+01,2.241389e+01,2.218016e+01,2.246194e+01,2.238642e+01,2.235894e+01,2.238642e+01,2.242762e+01,2.242762e+01,2.247566e+01,2.238642e+01,2.235894e+01,2.233146e+01,2.245507e+01,2.235894e+01,2.235207e+01,2.235894e+01,2.235207e+01,2.231084e+01,2.230396e+01,2.235207e+01,2.230396e+01,2.222145e+01,2.234520e+01,2.235894e+01,2.237268e+01,2.235207e+01,2.238642e+01,2.224896e+01,2.228334e+01,2.226959e+01,2.213198e+01,2.228334e+01,2.224208e+01,2.231084e+01,2.235894e+01,2.220769e+01,2.235207e+01,2.222833e+01,2.223520e+01,2.225584e+01,2.225584e+01,2.234520e+01,2.232458e+01,2.216640e+01,2.218016e+01,2.223520e+01,2.226959e+01,2.229709e+01,2.207688e+01,2.211132e+01,2.227647e+01,2.218016e+01,2.224208e+01,2.223520e+01,2.220081e+01,2.218705e+01,2.228334e+01,2.222833e+01,2.231084e+01,2.228334e+01,2.227647e+01,2.220769e+01,2.218705e+01,2.229709e+01,2.229022e+01,2.229709e+01,2.220769e+01,2.223520e+01,2.230396e+01,2.229709e+01,2.213198e+01,2.218705e+01,2.222833e+01,2.224896e+01,2.220769e+01,2.223520e+01,2.220081e+01,2.213198e+01,2.231771e+01,2.229022e+01,2.218016e+01,2.229022e+01,2.233833e+01,2.224896e+01,2.224208e+01,2.229709e+01,2.221457e+01,2.220081e+01,2.224208e+01,2.220769e+01,2.225584e+01,2.227647e+01,2.218705e+01,2.224208e+01,2.216640e+01,2.227647e+01,2.226959e+01,2.232458e+01,2.223520e+01,2.224896e+01,2.223520e+01,2.225584e+01,2.221457e+01,2.224896e+01,2.226271e+01,2.224208e+01,2.229022e+01,2.214575e+01,2.218016e+01
2.189071e+01,2.195280e+01,2.193901e+01,2.190451e+01,2.189761e+01,2.187691e+01,2.186310e+01,2.182858e+01,2.189761e+01,2.180095e+01,2.169037e+01,2.169037e+01,2.165579e+01,2.169037e+01,2.160735e+01,2.176641e+01,2.168345e+01,2.155197e+01,2.158659e+01,2.161427e+01,2.167654e+01,2.178713e+01,2.170420e+01,2.176641e+01,2.176641e+01,2.175949e+01,2.178022e+01,2.169037e+01,2.178022e+01,2.178022e+01,2.178713e+01,2.195280e+01,2.182167e+01,2.184929e+01,2.181476e+01,2.184239e+01,2.182167e+01,2.183548e+01,2.193901e+01,2.185620e+01,2.175258e+01,2.186310e+01,2.182167e+01,2.183548e+01,2.182167e+01,2.184929e+01,2.174567e+01,2.191141e+01,2.178713e+01,2.191141e+01,2.189761e+01,2.193211e+01,2.192521e+01,2.190451e+01,2.189071e+01,2.187691e+01,2.180786e+01,2.187691e+01,2.186310e+01,2.197349e+01,2.182167e+01,2.182167e+01,2.180095e+01,2.185620e+01,2.185620e+01,2.192521e+01,2.193211e+01,2.191141e+01,2.199418e+01,2.199418e+01,2.197349e+01,2.198729e+01,2.196660e+01,2.192521e+01,2.195280e+01,2.198039e+01,2.193901e+01,2.199418e+01,2.187000e+01,2.199418e+01,2.200107e+01,2.198039e+01,2.193901e+01,2.191831e+01,2.197349e+01,2.196660e+01,2.198729e+01,2.200797e+01,2.197349e+01,2.211132e+01,2.214575e+01,2.209755e+01,2.207688e+01,2.208377e+01,2.204243e+01,2.215952e+01,2.205621e+01,2.213198e+01,2.210443e+01,2.223520e+01,2.215952e+01,2.219393e+01,2.214575e+01,2.220081e+01,2.216640e+01,2.220769e+01,2.226271e+01,2.226271e+01,2.224208e+01,2.224208e+01,2.224208e+01,2.228334e+01,2.220769e+01,2.224896e+01,2.226959e+01,2.222833e+01,2.225584e+01,2.225584e+01,2.203554e+01,2.215263e+01,2.217328e+01,2.219393e+01,2.217328e+01,2.222145e+01,2.220769e+01,2.218016e+01,2.217328e+01,2.210443e+01,2.210443e+01,2.199418e+01,2.189071e+01,2.171802e+01,2.156582e+01,2.157274e+01,2.170420e+01,2.173876e+01,2.171111e+01,2.173876e+01,2.178022e+01,2.182167e+01,2.179404e+01,2.176641e+01,2.166270e+01,2.184239e+01,2.188381e+01,2.201486e+01,2.194591e+01,2.197349e+01,2.199418e+01,2.200797e+01,2.204932e+01,2.195970e+01,2.210443e+01,2.206310e+01,2.207688e+01,2.200797e+01,2.213886e+01,2.204243e+01,2.219393e+01,2.211821e+01,2.214575e+01,2.221457e+01,2.218016e+01,2.224208e+01,2.226271e+01,2.218705e+01,2.221457e+01,2.222145e+01,2.223520e+01,2.219393e+01,2.226959e+01,2.226271e+01,2.226271e+01,2.219393e+01,2.217328e+01,2.217328e+01,2.220769e+01,2.209066e+01,2.213886e+01,2.211821e+01,2.214575e+01,2.204243e+01,2.204243e+01,2.203554e+01,2.200797e+01,2.198039e+01,2.195280e+01,2.195280e+01,2.193211e+01,2.199418e+01,2.196660e+01,2.194591e+01,2.194591e+01,2.216640e+01,2.196660e+01,2.189761e+01,2.185620e+01,2.198729e+01,2.171111e+01,2.180095e+01,2.178022e+01,2.181476e+01,2.164887e+01,2.168345e+01,2.153119e+01,2.144112e+01,2.143419e+01,2.126072e+01,2.126767e+01,2.098953e+01,2.081530e+01,2.068967e+01,2.047994e+01,2.016453e+01,2.064078e+01,2.052192e+01,2.078740e+01,2.087109e+01,2.095471e+01,2.092684e+01,2.092684e+01,2.100345e+01,2.092684e+01,2.091291e+01,2.101042e+01,2.094077e+01,2.119126e+01,2.168345e+01,2.193901e+01,2.189761e+01,2.187691e+01,2.193211e+01,2.197349e+01,2.186310e+01,2.187691e+01,2.195280e+01,2.173876e+01,2.189761e+01,2.141339e+01,2.140645e+01,2.140645e+01,2.137177e+01,2.156582e+01,2.139258e+01,2.141339e+01,2.155890e+01,2.158659e+01,2.148270e+01,2.146191e+01,2.163503e+01,2.145498e+01,2.148963e+01,2.133014e+01,2.135096e+01,2.126767e+01,2.117041e+01,2.113565e+01,2.100345e+01,2.088503e+01,2.090594e+01,2.090594e+01,2.094774e+01,2.101738e+01,2.105218e+01,2.118431e+01,2.142032e+01,2.138565e+01,2.122600e+01,2.124683e+01,2.137871e+01,2.128156e+01,2.113565e+01,2.107305e+01,2.108001e+01,2.111479e+01,2.105914e+01,2.099649e+01,2.108696e+01,2.113565e+01,2.123294e+01,2.119126e+01,2.117736e+01,2.117041e+01,2.126072e+01,2.126767e+01,2.110088e+01,2.117736e+01,2.105914e+01,2.110783e+01,2.105218e+01,2.105914e+01,2.110783e+01,2.094774e+01,2.101042e+01,2.101738e+01,2.098953e+01,2.109392e+01,2.102434e+01,2.106609e+01,2.109392e+01,2.110088e+01,2.109392e+01,2.109392e+01,2.112174e+01,2.117041e+01,2.118431e+01,2.120515e+01,2.123294e+01,2.113565e+01,2.123294e+01,2.105914e+01,2.121905e+01,2.111479e+01,2.106609e+01,2.108696e+01,2.108696e+01,2.100345e+01,2.093381e+01,2.095471e+01,2.104522e+01,2.109392e+01,2.103130e+01,2.098953e+01,2.105914e+01,2.113565e+01,2.112869e+01,2.116345e+01,2.125378e+01,2.125378e+01,2.127461e+01,2.127461e+01,2.128156e+01,2.130238e+01,2.128850e+01,2.102434e+01,2.104522e+01,2.103130e+01,2.105218e+01,2.105914e+01,2.086412e+01,2.092684e+01,2.103130e+01,2.094774e+01,2.128850e+01,2.143419e+01,2.155890e+01,2.152427e+01,2.162811e+01,2.166270e+01,2.163503e+01,2.166270e+01,2.139952e+01,2.126072e+01,2.128850e+01,2.131626e+01,2.136484e+01,2.128156e+01,2.117736e+01,2.122600e+01,2.123294e+01,2.133014e+01,2.135096e+01,2.126072e+01,2.136484e+01,2.130932e+01,2.142725e+01,2.145498e+01,2.139258e+01,2.158659e+01,2.153119e+01,2.148270e+01,2.157967e+01,2.157274e+01,2.160043e+01,2.162811e+01,2.182167e+01,2.184929e+01,2.184239e+01,2.200107e+01,2.218016e+01,2.206999e+01,2.228334e+01,2.237268e+01,2.242762e+01,2.246194e+01,2.266763e+01,2.266763e+01,2.278400e+01,2.268817e+01,2.276347e+01,2.283872e+01,2.282504e+01,2.296173e+01,2.290707e+01,2.279768e+01,2.287974e+01,2.285239e+01,2.301635e+01,2.292074e+01,2.285239e+01,2.274294e+01,2.256483e+01,2.209755e+01,2.157967e+01,2.146884e+01,2.122600e+01,2.112174e+01,2.117041e+01,2.122600e+01,2.117736e+01,2.168345e+01,2.198729e+01,2.239328e+01,2.268132e+01,2.277032e+01,2.278400e+01,2.279084e+01,2.278400e+01,2.261282e+01,2.270187e+01,2.253741e+01,2.251683e+01,2.248939e+01,2.243448e+01,2.240702e+01,2.255112e+01,2.233833e+01,2.229022e+01,2.235207e+01,2.228334e+01,2.244821e+01,2.230396e+01,2.234520e+01,2.229022e+01,2.219393e+01,2.219393e+01,2.231771e+01,2.202865e+01,2.215263e+01,2.205621e+01,2.209755e+01,2.220081e+01,2.207688e+01,2.201486e+01,2.214575e+01,2.201486e+01,2.204243e+01,2.192521e+01,2.195970e+01,2.195970e+01,2.192521e+01,2.200797e+01,2.189071e+01,2.189761e+01,2.203554e+01,2.188381e+01,2.202176e+01,2.183548e+01,2.204243e+01,2.195280e+01,2.185620e+01,2.184929e+01,2.197349e+01,2.199418e+01,2.202176e+01,2.196660e+01,2.199418e+01,2.199418e+01,2.191141e+01,2.194591e+01,2.204932e+01,2.195970e+01,2.207688e+01,2.191831e+01,2.184239e+01,2.193901e+01,2.200797e+01,2.191141e+01,2.191141e+01,2.193901e+01,2.197349e+01,2.197349e+01,2.189071e+01,2.183548e+01,2.180095e+01,2.200107e+01,2.185620e+01,2.168345e+01,2.187000e+01,2.173876e+01,2.188381e+01,2.174567e+01,2.184239e+01,2.179404e+01,2.188381e+01,2.179404e+01,2.185620e+01,2.181476e+01,2.178713e+01,2.175949e+01,2.179404e+01,2.168345e+01,2.163503e+01,2.162119e+01,2.155890e+01,2.162811e+01,2.163503e+01,2.154505e+01,2.166962e+01,2.170420e+01,2.166270e+01,2.158659e+01,2.162119e+01,2.161427e+01,2.159351e+01,2.166270e+01,2.151042e+01,2.167654e+01,2.165579e+01,2.168345e+01,2.180786e+01,2.169728e+01,2.186310e+01,2.189071e+01,2.190451e+01,2.193901e+01,2.204932e+01,2.215952e+01,2.216640e+01,2.216640e+01,2.240015e+01,2.239328e+01,2.239328e+01,2.220769e+01,2.242762e+01,2.239328e+01,2.235207e+01,2.222145e+01,2.229709e+01,2.237268e+01,2.241389e+01,2.231771e+01,2.243448e+01,2.232458e+01,2.233833e+01,2.234520e+01,2.228334e+01,2.217328e+01,2.212509e+01,2.235894e+01,2.233833e+01,2.232458e+01,2.232458e+01,2.235207e+01,2.232458e+01,2.224208e+01,2.221457e+01,2.226271e+01,2.240702e+01,2.227647e+01,2.230396e+01,2.228334e+01,2.231084e+01,2.218705e+01,2.217328e+01,2.230396e+01,2.224896e+01,2.231084e+01,2.224896e+01,2.226959e+01,2.233833e+01,2.231084e+01,2.238642e+01,2.223520e+01,2.226959e+01,2.221457e+01,2.227647e+01,2.221457e+01,2.215263e+01,2.218016e+01,2.224896e+01,2.220769e+01,2.222833e+01,2.220081e+01,2.217328e+01,2.224896e+01,2.223520e+01,2.224896e+01,2.227647e+01,2.237955e+01,2.225584e+01,2.223520e+01,2.222833e+01,2.227647e+01,2.221457e+01,2.224208e+01,2.222833e+01,2.219393e+01,2.225584e+01,2.219393e+01,2.222833e+01,2.215263e+01,2.218016e+01,2.214575e+01,2.212509e+01,2.220081e+01,2.217328e+01,2.224208e+01,2.231084e+01,2.226959e+01,2.226271e+01,2.221457e+01,2.224208e+01,2.218016e+01,2.222145e+01,2.214575e+01,2.231771e+01,2.225584e+01,2.229022e+01,2.230396e+01,2.225584e+01,2.220081e+01,2.219393e+01,2.229709e+01,2.215952e+01,2.227647e+01,2.218705e+01,2.233146e+01,2.233833e+01,2.223520e+01,2.211132e+01,2.213198e+01,2.217328e+01,2.216640e+01,2.212509e+01,2.222833e+01,2.217328e+01,2.218016e+01,2.214575e+01,2.215263e+01
2.190451e+01,2.187691e+01,2.189071e+01,2.198729e+01,2.185620e+01,2.186310e+01,2.186310e+01,2.184929e+01,2.181476e+01,2.182858e+01,2.166270e+01,2.175949e+01,2.157274e+01,2.180095e+01,2.167654e+01,2.153812e+01,2.155890e+01,2.160043e+01,2.168345e+01,2.166270e+01,2.162119e+01,2.166962e+01,2.172494e+01,2.164195e+01,2.170420e+01,2.171111e+01,2.175258e+01,2.173185e+01,2.184929e+01,2.181476e+01,2.180786e+01,2.178022e+01,2.177332e+01,2.182858e+01,2.172494e+01,2.188381e+01,2.184929e+01,2.182858e+01,2.187691e+01,2.189071e+01,2.186310e+01,2.177332e+01,2.179404e+01,2.178713e+01,2.178713e+01,2.184929e+01,2.186310e+01,2.190451e+01,2.180786e+01,2.192521e+01,2.187691e+01,2.193901e+01,2.185620e+01,2.184239e+01,2.189761e+01,2.183548e+01,2.199418e+01,2.187000e+01,2.199418e+01,2.184239e+01,2.209755e+01,2.184929e+01,2.191831e+01,2.185620e+01,2.189761e+01,2.190451e+01,2.189761e+01,2.199418e+01,2.189071e+01,2.189761e+01,2.198729e+01,2.197349e+01,2.189761e+01,2.197349e+01,2.187000e+01,2.191141e+01,2.203554e+01,2.197349e+01,2.192521e+01,2.198039e+01,2.211132e+01,2.207688e+01,2.200107e+01,2.203554e+01,2.209755e+01,2.198729e+01,2.197349e+01,2.206999e+01,2.204932e+01,2.209066e+01,2.200107e+01,2.212509e+01,2.211821e+01,2.211132e+01,2.211132e+01,2.211132e+01,2.211821e+01,2.223520e+01,2.215263e+01,2.222833e+01,2.226271e+01,2.215263e+01,2.223520e+01,2.222833e+01,2.225584e+01,2.222833e+01,2.220769e+01,2.222145e+01,2.224896e+01,2.225584e+01,2.224208e+01,2.230396e+01,2.224208e+01,2.234520e+01,2.215952e+01,2.220769e+01,2.220081e+01,2.218705e+01,2.224208e+01,2.221457e+01,2.222833e+01,2.232458e+01,2.219393e+01,2.218016e+01,2.218705e+01,2.195280e+01,2.200797e+01,2.216640e+01,2.219393e+01,2.195970e+01,2.165579e+01,2.163503e+01,2.162811e+01,2.159351e+01,2.170420e+01,2.178713e+01,2.178713e+01,2.178713e+01,2.183548e+01,2.182858e+01,2.183548e+01,2.175949e+01,2.165579e+01,2.181476e+01,2.176641e+01,2.191141e+01,2.197349e+01,2.195280e+01,2.187000e+01,2.202176e+01,2.202176e+01,2.202176e+01,2.207688e+01,2.204932e+01,2.218016e+01,2.209066e+01,2.208377e+01,2.208377e+01,2.206999e+01,2.222833e+01,2.218705e+01,2.222145e+01,2.231084e+01,2.219393e+01,2.230396e+01,2.229022e+01,2.220081e+01,2.232458e+01,2.224896e+01,2.222833e+01,2.216640e+01,2.226959e+01,2.218705e+01,2.231771e+01,2.218705e+01,2.218705e+01,2.212509e+01,2.216640e+01,2.219393e+01,2.205621e+01,2.204243e+01,2.195280e+01,2.205621e+01,2.202176e+01,2.199418e+01,2.199418e+01,2.196660e+01,2.197349e+01,2.196660e+01,2.195970e+01,2.204243e+01,2.196660e+01,2.191141e+01,2.187691e+01,2.193211e+01,2.191141e+01,2.182167e+01,2.195280e+01,2.192521e+01,2.186310e+01,2.182167e+01,2.175949e+01,2.174567e+01,2.162119e+01,2.142032e+01,2.146884e+01,2.155890e+01,2.125378e+01,2.123989e+01,2.121905e+01,2.073855e+01,2.075251e+01,2.054291e+01,2.056389e+01,2.060583e+01,2.061282e+01,2.082925e+01,2.090594e+01,2.088503e+01,2.087109e+01,2.086412e+01,2.085715e+01,2.105914e+01,2.094774e+01,2.093381e+01,2.101042e+01,2.105218e+01,2.175258e+01,2.195280e+01,2.189761e+01,2.193901e+01,2.189071e+01,2.193901e+01,2.188381e+01,2.192521e+01,2.191141e+01,2.187000e+01,2.175949e+01,2.141339e+01,2.140645e+01,2.144805e+01,2.140645e+01,2.141339e+01,2.137871e+01,2.152427e+01,2.135790e+01,2.154505e+01,2.153119e+01,2.153119e+01,2.128156e+01,2.137177e+01,2.140645e+01,2.140645e+01,2.121210e+01,2.114260e+01,2.110088e+01,2.107305e+01,2.091987e+01,2.082925e+01,2.088503e+01,2.092684e+01,2.089897e+01,2.101042e+01,2.101042e+01,2.109392e+01,2.117736e+01,2.144805e+01,2.128850e+01,2.119126e+01,2.129544e+01,2.119126e+01,2.108001e+01,2.108001e+01,2.107305e+01,2.108696e+01,2.108001e+01,2.113565e+01,2.113565e+01,2.119820e+01,2.129544e+01,2.117041e+01,2.117736e+01,2.124683e+01,2.131626e+01,2.123989e+01,2.123294e+01,2.119820e+01,2.107305e+01,2.100345e+01,2.101738e+01,2.100345e+01,2.096167e+01,2.102434e+01,2.101042e+01,2.099649e+01,2.117041e+01,2.112869e+01,2.114260e+01,2.105218e+01,2.108696e+01,2.108001e+01,2.105218e+01,2.099649e+01,2.105914e+01,2.121210e+01,2.121905e+01,2.116345e+01,2.121210e+01,2.113565e+01,2.118431e+01,2.110783e+01,2.123294e+01,2.109392e+01,2.107305e+01,2.116345e+01,2.116345e+01,2.099649e+01,2.100345e+01,2.102434e+01,2.100345e+01,2.087109e+01,2.087109e+01,2.090594e+01,2.091987e+01,2.094774e+01,2.112869e+01,2.114955e+01,2.115650e+01,2.115650e+01,2.127461e+01,2.127461e+01,2.114260e+01,2.112869e+01,2.115650e+01,2.114260e+01,2.099649e+01,2.103130e+01,2.091987e+01,2.099649e+01,2.091987e+01,2.091291e+01,2.094774e+01,2.091291e+01,2.127461e+01,2.155197e+01,2.168345e+01,2.164195e+01,2.166962e+01,2.162119e+01,2.164195e+01,2.169728e+01,2.151734e+01,2.141339e+01,2.135790e+01,2.130932e+01,2.130932e+01,2.114955e+01,2.115650e+01,2.112174e+01,2.115650e+01,2.115650e+01,2.125378e+01,2.129544e+01,2.123294e+01,2.119126e+01,2.131626e+01,2.139258e+01,2.138565e+01,2.138565e+01,2.137871e+01,2.131626e+01,2.145498e+01,2.164195e+01,2.160043e+01,2.155890e+01,2.161427e+01,2.182858e+01,2.173185e+01,2.192521e+01,2.191831e+01,2.191831e+01,2.208377e+01,2.228334e+01,2.227647e+01,2.246194e+01,2.257169e+01,2.258540e+01,2.289341e+01,2.283872e+01,2.279084e+01,2.294807e+01,2.298221e+01,2.296173e+01,2.289341e+01,2.296856e+01,2.309141e+01,2.311869e+01,2.298221e+01,2.314597e+01,2.297539e+01,2.286607e+01,2.265392e+01,2.193211e+01,2.151734e+01,2.140645e+01,2.121210e+01,2.110088e+01,2.118431e+01,2.117736e+01,2.129544e+01,2.163503e+01,2.212509e+01,2.273610e+01,2.276347e+01,2.296856e+01,2.299587e+01,2.285923e+01,2.296173e+01,2.296856e+01,2.302318e+01,2.287974e+01,2.286607e+01,2.272925e+01,2.269502e+01,2.263337e+01,2.257169e+01,2.253741e+01,2.246194e+01,2.245507e+01,2.250311e+01,2.236581e+01,2.226271e+01,2.235894e+01,2.230396e+01,2.227647e+01,2.222833e+01,2.231084e+01,2.225584e+01,2.225584e+01,2.211132e+01,2.217328e+01,2.206999e+01,2.217328e+01,2.210443e+01,2.215952e+01,2.195970e+01,2.201486e+01,2.193211e+01,2.206310e+01,2.191141e+01,2.191831e+01,2.191141e+01,2.193901e+01,2.203554e+01,2.197349e+01,2.200797e+01,2.204932e+01,2.191831e+01,2.193901e+01,2.199418e+01,2.197349e+01,2.194591e+01,2.200107e+01,2.192521e+01,2.199418e+01,2.193901e+01,2.198729e+01,2.207688e+01,2.191141e+01,2.200107e+01,2.198729e+01,2.191141e+01,2.198729e+01,2.188381e+01,2.193901e+01,2.187000e+01,2.192521e+01,2.193211e+01,2.189761e+01,2.193211e+01,2.198729e+01,2.193211e+01,2.188381e+01,2.180095e+01,2.178022e+01,2.191141e+01,2.198039e+01,2.198729e+01,2.166962e+01,2.186310e+01,2.179404e+01,2.182858e+01,2.179404e+01,2.187691e+01,2.179404e+01,2.187691e+01,2.182858e+01,2.191831e+01,2.176641e+01,2.168345e+01,2.175949e+01,2.168345e+01,2.166270e+01,2.169728e+01,2.164195e+01,2.168345e+01,2.162119e+01,2.163503e+01,2.166962e+01,2.165579e+01,2.161427e+01,2.166270e+01,2.160043e+01,2.162119e+01,2.156582e+01,2.166962e+01,2.167654e+01,2.165579e+01,2.169728e+01,2.178022e+01,2.164887e+01,2.179404e+01,2.181476e+01,2.184239e+01,2.182167e+01,2.203554e+01,2.205621e+01,2.213886e+01,2.213886e+01,2.236581e+01,2.237268e+01,2.222145e+01,2.223520e+01,2.229022e+01,2.240015e+01,2.237955e+01,2.238642e+01,2.238642e+01,2.234520e+01,2.235894e+01,2.235207e+01,2.237955e+01,2.237955e+01,2.237955e+01,2.237268e+01,2.230396e+01,2.237955e+01,2.228334e+01,2.233833e+01,2.233833e+01,2.233833e+01,2.229709e+01,2.233833e+01,2.224896e+01,2.222145e+01,2.224208e+01,2.226271e+01,2.233833e+01,2.226271e+01,2.231084e+01,2.229709e+01,2.229709e+01,2.230396e+01,2.218016e+01,2.234520e+01,2.231771e+01,2.228334e+01,2.233146e+01,2.221457e+01,2.231771e+01,2.220081e+01,2.235894e+01,2.224208e+01,2.222833e+01,2.218016e+01,2.218016e+01,2.218016e+01,2.220769e+01,2.220081e+01,2.222145e+01,2.220769e+01,2.221457e+01,2.222145e+01,2.216640e+01,2.220769e+01,2.221457e+01,2.226271e+01,2.226959e+01,2.221457e+01,2.227647e+01,2.224896e+01,2.223520e+01,2.213886e+01,2.229022e+01,2.226271e+01,2.225584e+01,2.222833e+01,2.230396e+01,2.224896e+01,2.232458e+01,2.230396e+01,2.213886e+01,2.226271e+01,2.217328e+01,2.218016e+01,2.220081e+01,2.230396e+01,2.225584e+01,2.217328e+01,2.213198e+01,2.221457e+01,2.219393e+01,2.227647e+01,2.219393e+01,2.215952e+01,2.213198e+01,2.227647e+01,2.218016e+01,2.228334e+01,2.219393e+01,2.220081e+01,2.233146e+01,2.229709e+01,2.229709e+01,2.227647e+01,2.233833e+01,2.231771e+01,2.229022e+01,2.224208e+01,2.226271e+01,2.217328e+01,2.216640e+01,2.214575e+01,2.224208e+01,2.221457e+01,2.215952e+01,2.214575e+01,2.218705e+01,2.218016e+01,2.213198e+01
2.191141e+01,2.190451e+01,2.189071e+01,2.190451e+01,2.190451e+01,2.187000e+01,2.190451e+01,2.184239e+01,2.182858e+01,2.195280e+01,2.169728e+01,2.171802e+01,2.162811e+01,2.173185e+01,2.169037e+01,2.163503e+01,2.157967e+01,2.168345e+01,2.164887e+01,2.166962e+01,2.161427e+01,2.173185e+01,2.173185e+01,2.171802e+01,2.179404e+01,2.173185e+01,2.189761e+01,2.180095e+01,2.180786e+01,2.179404e+01,2.191141e+01,2.176641e+01,2.198729e+01,2.183548e+01,2.187691e+01,2.187691e+01,2.191141e+01,2.181476e+01,2.182167e+01,2.189071e+01,2.187000e+01,2.181476e+01,2.180786e+01,2.184239e+01,2.182167e+01,2.178022e+01,2.187000e+01,2.186310e+01,2.187691e+01,2.187000e+01,2.182858e+01,2.189761e+01,2.184239e+01,2.190451e+01,2.190451e+01,2.186310e+01,2.197349e+01,2.194591e+01,2.187000e+01,2.189761e+01,2.187691e+01,2.204243e+01,2.186310e+01,2.190451e+01,2.197349e+01,2.187691e+01,2.193211e+01,2.190451e+01,2.191831e+01,2.187691e+01,2.195970e+01,2.196660e+01,2.197349e+01,2.183548e+01,2.196660e+01,2.200107e+01,2.198039e+01,2.191141e+01,2.194591e+01,2.190451e+01,2.201486e+01,2.199418e+01,2.199418e+01,2.204932e+01,2.203554e+01,2.198729e+01,2.208377e+01,2.209755e+01,2.209755e+01,2.213198e+01,2.216640e+01,2.212509e+01,2.211821e+01,2.215263e+01,2.211132e+01,2.213886e+01,2.212509e+01,2.218016e+01,2.217328e+01,2.226959e+01,2.217328e+01,2.217328e+01,2.223520e+01,2.235894e+01,2.224896e+01,2.221457e+01,2.223520e+01,2.225584e+01,2.225584e+01,2.222833e+01,2.233146e+01,2.223520e+01,2.235894e+01,2.227647e+01,2.223520e+01,2.222145e+01,2.213198e+01,2.207688e+01,2.217328e+01,2.205621e+01,2.201486e+01,2.222145e+01,2.225584e+01,2.217328e+01,2.210443e+01,2.206999e+01,2.211132e+01,2.211821e+01,2.190451e+01,2.160043e+01,2.138565e+01,2.162811e+01,2.160043e+01,2.169728e+01,2.176641e+01,2.171802e+01,2.179404e+01,2.177332e+01,2.180095e+01,2.178022e+01,2.171802e+01,2.178022e+01,2.175949e+01,2.194591e+01,2.193901e+01,2.195970e+01,2.193901e+01,2.197349e+01,2.204243e+01,2.200107e+01,2.204243e+01,2.206999e+01,2.219393e+01,2.215263e+01,2.207688e+01,2.211821e+01,2.218705e+01,2.222145e+01,2.222145e+01,2.224208e+01,2.222833e+01,2.222145e+01,2.222145e+01,2.229022e+01,2.227647e+01,2.220769e+01,2.225584e+01,2.225584e+01,2.222145e+01,2.228334e+01,2.218705e+01,2.216640e+01,2.229022e+01,2.218016e+01,2.225584e+01,2.219393e+01,2.219393e+01,2.213198e+01,2.224208e+01,2.209755e+01,2.203554e+01,2.204932e+01,2.204932e+01,2.204243e+01,2.198729e+01,2.202176e+01,2.195970e+01,2.199418e+01,2.194591e+01,2.199418e+01,2.200797e+01,2.189071e+01,2.188381e+01,2.184929e+01,2.193211e+01,2.188381e+01,2.190451e+01,2.187691e+01,2.189761e+01,2.189761e+01,2.178713e+01,2.171802e+01,2.177332e+01,2.173876e+01,2.166270e+01,2.158659e+01,2.144112e+01,2.128156e+01,2.123989e+01,2.123294e+01,2.101738e+01,2.069666e+01,2.059884e+01,2.050793e+01,2.057787e+01,2.084320e+01,2.088503e+01,2.087109e+01,2.085715e+01,2.076647e+01,2.103826e+01,2.092684e+01,2.108696e+01,2.099649e+01,2.098256e+01,2.091987e+01,2.133014e+01,2.171802e+01,2.193211e+01,2.196660e+01,2.194591e+01,2.191831e+01,2.194591e+01,2.188381e+01,2.190451e+01,2.197349e+01,2.191831e+01,2.157274e+01,2.139258e+01,2.142725e+01,2.128850e+01,2.133014e+01,2.142725e+01,2.153812e+01,2.145498e+01,2.147577e+01,2.147577e+01,2.139952e+01,2.143419e+01,2.144112e+01,2.139952e+01,2.136484e+01,2.128850e+01,2.127461e+01,2.130238e+01,2.110783e+01,2.106609e+01,2.088503e+01,2.091291e+01,2.083623e+01,2.087109e+01,2.087806e+01,2.090594e+01,2.100345e+01,2.100345e+01,2.104522e+01,2.116345e+01,2.142725e+01,2.123989e+01,2.113565e+01,2.124683e+01,2.119126e+01,2.110783e+01,2.106609e+01,2.106609e+01,2.111479e+01,2.109392e+01,2.101738e+01,2.112869e+01,2.114955e+01,2.125378e+01,2.126767e+01,2.113565e+01,2.123989e+01,2.112869e+01,2.117736e+01,2.118431e+01,2.112174e+01,2.108696e+01,2.102434e+01,2.101042e+01,2.100345e+01,2.090594e+01,2.101738e+01,2.105218e+01,2.106609e+01,2.105914e+01,2.111479e+01,2.107305e+01,2.095471e+01,2.099649e+01,2.091987e+01,2.113565e+01,2.113565e+01,2.117736e+01,2.123989e+01,2.114955e+01,2.116345e+01,2.121210e+01,2.112174e+01,2.110088e+01,2.109392e+01,2.115650e+01,2.121905e+01,2.112174e+01,2.103826e+01,2.081530e+01,2.099649e+01,2.080833e+01,2.080833e+01,2.083623e+01,2.086412e+01,2.087109e+01,2.087806e+01,2.095471e+01,2.112174e+01,2.110783e+01,2.113565e+01,2.110088e+01,2.109392e+01,2.128156e+01,2.115650e+01,2.126767e+01,2.101738e+01,2.112174e+01,2.101042e+01,2.097560e+01,2.093381e+01,2.091291e+01,2.091987e+01,2.089200e+01,2.093381e+01,2.094077e+01,2.125378e+01,2.141339e+01,2.164887e+01,2.168345e+01,2.167654e+01,2.158659e+01,2.164195e+01,2.136484e+01,2.139258e+01,2.135096e+01,2.112174e+01,2.121905e+01,2.116345e+01,2.115650e+01,2.117041e+01,2.103826e+01,2.104522e+01,2.111479e+01,2.104522e+01,2.110088e+01,2.114260e+01,2.121905e+01,2.117736e+01,2.117736e+01,2.117736e+01,2.123989e+01,2.134402e+01,2.129544e+01,2.133014e+01,2.152427e+01,2.155890e+01,2.155890e+01,2.154505e+01,2.159351e+01,2.166270e+01,2.154505e+01,2.176641e+01,2.180095e+01,2.204932e+01,2.206999e+01,2.225584e+01,2.251683e+01,2.265392e+01,2.266763e+01,2.291391e+01,2.293440e+01,2.294123e+01,2.296173e+01,2.304365e+01,2.313233e+01,2.316642e+01,2.313233e+01,2.315960e+01,2.315278e+01,2.302318e+01,2.322775e+01,2.322775e+01,2.295490e+01,2.270871e+01,2.215952e+01,2.148270e+01,2.135790e+01,2.133014e+01,2.111479e+01,2.126072e+01,2.119820e+01,2.144805e+01,2.167654e+01,2.236581e+01,2.275663e+01,2.307095e+01,2.322093e+01,2.314597e+01,2.313233e+01,2.317323e+01,2.318686e+01,2.307095e+01,2.298221e+01,2.291391e+01,2.304365e+01,2.294123e+01,2.286607e+01,2.268817e+01,2.290707e+01,2.285923e+01,2.257854e+01,2.255798e+01,2.231084e+01,2.248939e+01,2.246880e+01,2.229022e+01,2.239328e+01,2.236581e+01,2.231771e+01,2.222833e+01,2.231084e+01,2.219393e+01,2.221457e+01,2.218705e+01,2.216640e+01,2.211132e+01,2.214575e+01,2.202865e+01,2.210443e+01,2.206999e+01,2.206310e+01,2.201486e+01,2.191141e+01,2.192521e+01,2.194591e+01,2.200107e+01,2.198039e+01,2.195280e+01,2.202865e+01,2.199418e+01,2.200797e+01,2.199418e+01,2.198039e+01,2.197349e+01,2.198039e+01,2.192521e+01,2.198729e+01,2.195970e+01,2.198039e+01,2.200107e+01,2.194591e+01,2.204243e+01,2.198729e+01,2.190451e+01,2.187000e+01,2.194591e+01,2.194591e+01,2.188381e+01,2.187691e+01,2.191831e+01,2.187691e+01,2.206999e+01,2.182858e+01,2.194591e+01,2.193901e+01,2.202176e+01,2.191831e+01,2.189071e+01,2.195280e+01,2.183548e+01,2.189761e+01,2.188381e+01,2.185620e+01,2.185620e+01,2.182858e+01,2.191831e+01,2.186310e+01,2.187000e+01,2.190451e+01,2.180786e+01,2.176641e+01,2.180095e+01,2.170420e+01,2.170420e+01,2.169728e+01,2.164195e+01,2.163503e+01,2.162119e+01,2.160735e+01,2.164195e+01,2.157967e+01,2.160735e+01,2.165579e+01,2.150349e+01,2.152427e+01,2.148270e+01,2.160735e+01,2.161427e+01,2.155890e+01,2.164887e+01,2.172494e+01,2.169728e+01,2.168345e+01,2.176641e+01,2.176641e+01,2.197349e+01,2.198039e+01,2.198729e+01,2.196660e+01,2.210443e+01,2.211132e+01,2.218016e+01,2.216640e+01,2.233833e+01,2.233146e+01,2.224896e+01,2.223520e+01,2.236581e+01,2.235207e+01,2.228334e+01,2.235207e+01,2.232458e+01,2.235894e+01,2.237268e+01,2.237268e+01,2.239328e+01,2.238642e+01,2.230396e+01,2.228334e+01,2.238642e+01,2.239328e+01,2.240015e+01,2.233833e+01,2.234520e+01,2.226959e+01,2.229022e+01,2.225584e+01,2.222833e+01,2.226959e+01,2.242762e+01,2.229022e+01,2.229022e+01,2.231084e+01,2.229022e+01,2.231084e+01,2.235894e+01,2.234520e+01,2.230396e+01,2.229022e+01,2.232458e+01,2.222833e+01,2.221457e+01,2.234520e+01,2.223520e+01,2.229709e+01,2.220081e+01,2.215952e+01,2.217328e+01,2.219393e+01,2.220081e+01,2.214575e+01,2.222833e+01,2.224896e+01,2.220769e+01,2.216640e+01,2.211821e+01,2.222833e+01,2.213886e+01,2.224208e+01,2.224896e+01,2.227647e+01,2.226271e+01,2.228334e+01,2.214575e+01,2.224896e+01,2.220769e+01,2.212509e+01,2.229022e+01,2.220769e+01,2.218705e+01,2.233833e+01,2.224208e+01,2.227647e+01,2.231771e+01,2.229022e+01,2.217328e+01,2.227647e+01,2.226271e+01,2.220769e+01,2.226959e+01,2.218705e+01,2.222833e+01,2.220081e+01,2.224896e+01,2.221457e+01,2.217328e+01,2.227647e+01,2.220081e+01,2.226271e+01,2.224208e+01,2.229022e+01,2.220769e+01,2.224208e+01,2.218016e+01,2.226959e+01,2.231084e+01,2.232458e+01,2.227647e+01,2.218016e+01,2.229709e+01,2.226271e+01,2.211132e+01,2.218016e+01,2.223520e+01,2.225584e+01,2.218016e+01,2.216640e+01,2.218705e+01,2.214575e+01,2.215263e+01,2.213886e+01,2.215952e+01
2.195280e+01,2.188381e+01,2.196660e+01,2.190451e+01,2.189761e+01,2.189071e+01,2.202865e+01,2.195970e+01,2.184929e+01,2.177332e+01,2.180095e+01,2.171802e+01,2.153812e+01,2.172494e+01,2.176641e+01,2.170420e+01,2.157967e+01,2.158659e+01,2.157967e+01,2.169037e+01,2.169728e+01,2.167654e+01,2.168345e+01,2.169728e+01,2.178713e+01,2.172494e+01,2.182167e+01,2.180786e+01,2.179404e+01,2.191141e+01,2.185620e+01,2.188381e+01,2.184929e+01,2.180095e+01,2.178713e+01,2.181476e+01,2.184239e+01,2.181476e+01,2.184239e+01,2.191141e+01,2.188381e+01,2.189071e+01,2.192521e+01,2.187000e+01,2.182167e+01,2.181476e+01,2.184929e+01,2.189761e+01,2.185620e+01,2.184239e+01,2.188381e+01,2.175258e+01,2.185620e+01,2.187691e+01,2.180095e+01,2.184239e+01,2.189761e+01,2.190451e+01,2.188381e+01,2.191141e+01,2.190451e+01,2.181476e+01,2.184239e+01,2.192521e+01,2.202176e+01,2.193901e+01,2.190451e+01,2.204932e+01,2.192521e+01,2.198729e+01,2.195280e+01,2.198039e+01,2.194591e+01,2.195970e+01,2.195280e+01,2.191831e+01,2.202176e+01,2.194591e+01,2.198729e+01,2.192521e+01,2.201486e+01,2.198729e+01,2.200797e+01,2.220769e+01,2.193901e+01,2.195970e+01,2.207688e+01,2.213198e+01,2.213886e+01,2.211821e+01,2.213886e+01,2.214575e+01,2.212509e+01,2.214575e+01,2.212509e+01,2.215263e+01,2.223520e+01,2.220081e+01,2.223520e+01,2.215952e+01,2.224896e+01,2.222833e+01,2.237268e+01,2.220081e+01,2.221457e+01,2.228334e+01,2.228334e+01,2.210443e+01,2.227647e+01,2.211132e+01,2.224896e+01,2.223520e+01,2.217328e+01,2.223520e+01,2.227647e+01,2.219393e+01,2.218705e+01,2.220081e+01,2.222833e+01,2.218016e+01,2.206310e+01,2.210443e+01,2.218705e+01,2.220081e+01,2.215952e+01,2.215952e+01,2.203554e+01,2.213198e+01,2.190451e+01,2.160043e+01,2.150349e+01,2.166270e+01,2.161427e+01,2.171111e+01,2.166962e+01,2.185620e+01,2.173876e+01,2.175949e+01,2.173185e+01,2.178022e+01,2.176641e+01,2.183548e+01,2.183548e+01,2.184239e+01,2.196660e+01,2.195280e+01,2.199418e+01,2.195970e+01,2.195280e+01,2.203554e+01,2.202865e+01,2.211132e+01,2.202865e+01,2.211821e+01,2.221457e+01,2.208377e+01,2.224208e+01,2.223520e+01,2.220769e+01,2.208377e+01,2.217328e+01,2.222833e+01,2.215263e+01,2.220769e+01,2.232458e+01,2.206310e+01,2.220769e+01,2.220081e+01,2.220769e+01,2.229709e+01,2.217328e+01,2.216640e+01,2.219393e+01,2.219393e+01,2.231084e+01,2.220081e+01,2.220081e+01,2.204932e+01,2.220769e+01,2.218705e+01,2.205621e+01,2.204932e+01,2.205621e+01,2.204243e+01,2.204932e+01,2.203554e+01,2.202865e+01,2.191831e+01,2.198729e+01,2.210443e+01,2.191141e+01,2.204243e+01,2.190451e+01,2.195280e+01,2.195280e+01,2.195970e+01,2.187691e+01,2.202865e+01,2.188381e+01,2.180095e+01,2.179404e+01,2.178713e+01,2.182167e+01,2.176641e+01,2.148963e+01,2.148270e+01,2.141339e+01,2.128156e+01,2.127461e+01,2.124683e+01,2.100345e+01,2.094774e+01,2.078042e+01,2.059884e+01,2.069666e+01,2.082228e+01,2.087109e+01,2.091291e+01,2.091987e+01,2.087109e+01,2.091987e+01,2.135096e+01,2.135096e+01,2.133708e+01,2.133708e+01,2.134402e+01,2.162811e+01,2.193901e+01,2.195970e+01,2.190451e+01,2.195970e+01,2.193211e+01,2.202865e+01,2.189071e+01,2.197349e+01,2.200107e+01,2.184239e+01,2.181476e+01,2.148270e+01,2.128156e+01,2.128850e+01,2.135790e+01,2.128850e+01,2.150349e+01,2.142725e+01,2.146884e+01,2.135790e+01,2.137177e+01,2.137177e+01,2.141339e+01,2.136484e+01,2.142725e+01,2.125378e+01,2.116345e+01,2.116345e+01,2.095471e+01,2.088503e+01,2.095471e+01,2.089200e+01,2.093381e+01,2.090594e+01,2.095471e+01,2.088503e+01,2.091987e+01,2.109392e+01,2.098256e+01,2.103826e+01,2.121905e+01,2.117736e+01,2.110783e+01,2.123989e+01,2.108696e+01,2.114260e+01,2.119126e+01,2.106609e+01,2.101738e+01,2.105218e+01,2.118431e+01,2.121905e+01,2.111479e+01,2.111479e+01,2.117736e+01,2.123989e+01,2.114260e+01,2.116345e+01,2.118431e+01,2.116345e+01,2.116345e+01,2.105218e+01,2.094774e+01,2.095471e+01,2.100345e+01,2.097560e+01,2.101042e+01,2.096864e+01,2.109392e+01,2.108696e+01,2.106609e+01,2.108696e+01,2.098953e+01,2.110783e+01,2.105914e+01,2.110088e+01,2.112869e+01,2.117736e+01,2.110088e+01,2.117041e+01,2.125378e+01,2.112174e+01,2.118431e+01,2.116345e+01,2.106609e+01,2.108696e+01,2.119820e+01,2.119820e+01,2.108001e+01,2.103130e+01,2.090594e+01,2.086412e+01,2.085017e+01,2.087806e+01,2.087109e+01,2.075949e+01,2.086412e+01,2.094774e+01,2.097560e+01,2.108001e+01,2.100345e+01,2.107305e+01,2.115650e+01,2.110088e+01,2.110088e+01,2.108696e+01,2.113565e+01,2.103130e+01,2.098256e+01,2.100345e+01,2.087109e+01,2.083623e+01,2.078740e+01,2.094774e+01,2.091987e+01,2.093381e+01,2.139952e+01,2.144112e+01,2.160043e+01,2.162119e+01,2.155197e+01,2.168345e+01,2.136484e+01,2.129544e+01,2.126767e+01,2.125378e+01,2.099649e+01,2.113565e+01,2.101738e+01,2.098953e+01,2.101042e+01,2.095471e+01,2.107305e+01,2.101042e+01,2.111479e+01,2.114260e+01,2.114955e+01,2.114260e+01,2.115650e+01,2.112174e+01,2.108696e+01,2.114955e+01,2.137871e+01,2.128156e+01,2.128156e+01,2.133708e+01,2.135096e+01,2.149656e+01,2.162811e+01,2.157274e+01,2.153119e+01,2.163503e+01,2.175258e+01,2.188381e+01,2.190451e+01,2.196660e+01,2.213198e+01,2.230396e+01,2.247566e+01,2.257854e+01,2.278400e+01,2.303000e+01,2.296856e+01,2.311869e+01,2.311187e+01,2.320731e+01,2.328223e+01,2.331627e+01,2.331627e+01,2.328223e+01,2.323456e+01,2.337751e+01,2.328223e+01,2.305048e+01,2.271556e+01,2.203554e+01,2.148963e+01,2.130238e+01,2.126767e+01,2.127461e+01,2.120515e+01,2.126767e+01,2.148270e+01,2.191831e+01,2.272925e+01,2.311187e+01,2.311869e+01,2.326861e+01,2.338431e+01,2.324137e+01,2.337751e+01,2.322093e+01,2.328904e+01,2.333668e+01,2.325499e+01,2.326180e+01,2.313233e+01,2.313915e+01,2.315960e+01,2.292074e+01,2.292757e+01,2.290024e+01,2.285239e+01,2.283188e+01,2.270871e+01,2.251683e+01,2.254426e+01,2.232458e+01,2.233833e+01,2.242075e+01,2.224208e+01,2.235207e+01,2.235894e+01,2.234520e+01,2.235207e+01,2.221457e+01,2.219393e+01,2.218016e+01,2.211132e+01,2.210443e+01,2.199418e+01,2.195970e+01,2.207688e+01,2.209755e+01,2.195970e+01,2.192521e+01,2.185620e+01,2.204932e+01,2.183548e+01,2.184239e+01,2.198729e+01,2.184929e+01,2.199418e+01,2.196660e+01,2.195970e+01,2.198039e+01,2.193211e+01,2.195970e+01,2.188381e+01,2.193901e+01,2.203554e+01,2.189761e+01,2.191831e+01,2.202176e+01,2.195280e+01,2.199418e+01,2.195970e+01,2.190451e+01,2.184929e+01,2.191831e+01,2.195280e+01,2.199418e+01,2.187000e+01,2.194591e+01,2.184239e+01,2.179404e+01,2.191141e+01,2.191141e+01,2.192521e+01,2.194591e+01,2.189761e+01,2.191831e+01,2.187000e+01,2.189071e+01,2.189071e+01,2.185620e+01,2.203554e+01,2.178022e+01,2.189761e+01,2.189071e+01,2.164195e+01,2.175258e+01,2.169728e+01,2.169728e+01,2.173876e+01,2.171802e+01,2.166962e+01,2.162811e+01,2.161427e+01,2.153812e+01,2.165579e+01,2.162811e+01,2.159351e+01,2.171802e+01,2.153119e+01,2.162119e+01,2.160735e+01,2.156582e+01,2.163503e+01,2.164195e+01,2.159351e+01,2.159351e+01,2.178022e+01,2.175258e+01,2.171802e+01,2.184929e+01,2.182858e+01,2.191141e+01,2.198729e+01,2.200107e+01,2.205621e+01,2.204243e+01,2.218705e+01,2.222833e+01,2.220769e+01,2.234520e+01,2.233146e+01,2.222145e+01,2.235894e+01,2.233146e+01,2.237268e+01,2.229709e+01,2.231084e+01,2.227647e+01,2.240702e+01,2.239328e+01,2.233833e+01,2.242075e+01,2.237955e+01,2.231084e+01,2.232458e+01,2.218016e+01,2.231771e+01,2.223520e+01,2.235207e+01,2.233146e+01,2.220081e+01,2.226271e+01,2.229022e+01,2.235894e+01,2.236581e+01,2.226271e+01,2.229022e+01,2.229709e+01,2.234520e+01,2.237955e+01,2.235894e+01,2.221457e+01,2.220081e+01,2.221457e+01,2.222145e+01,2.219393e+01,2.226271e+01,2.238642e+01,2.230396e+01,2.221457e+01,2.224208e+01,2.223520e+01,2.218016e+01,2.221457e+01,2.218705e+01,2.221457e+01,2.222833e+01,2.220769e+01,2.227647e+01,2.215952e+01,2.219393e+01,2.229022e+01,2.221457e+01,2.225584e+01,2.224896e+01,2.224896e+01,2.224896e+01,2.222833e+01,2.230396e+01,2.224896e+01,2.218016e+01,2.211132e+01,2.224208e+01,2.229709e+01,2.232458e+01,2.220081e+01,2.218705e+01,2.228334e+01,2.224208e+01,2.231084e+01,2.230396e+01,2.217328e+01,2.231771e+01,2.220081e+01,2.222833e+01,2.232458e+01,2.232458e+01,2.232458e+01,2.220769e+01,2.220081e+01,2.219393e+01,2.215263e+01,2.225584e+01,2.228334e+01,2.218705e+01,2.229022e+01,2.226959e+01,2.220769e+01,2.232458e+01,2.231771e+01,2.217328e+01,2.229709e+01,2.214575e+01,2.219393e+01,2.229022e+01,2.215263e+01,2.229022e+01,2.215952e+01,2.215263e+01,2.213886e+01,2.229022e+01,2.220081e+01,2.213198e+01,2.214575e+01,2.224208e+01,2.215952e+01,2.213886e+01
2.193211e+01,2.191141e+01,2.193211e+01,2.199418e+01,2.191831e+01,2.193211e+01,2.197349e+01,2.187000e+01,2.194591e+01,2.182858e+01,2.157274e+01,2.169037e+01,2.159351e+01,2.179404e+01,2.173185e+01,2.171802e+01,2.173876e+01,2.169037e+01,2.163503e+01,2.169037e+01,2.164887e+01,2.175949e+01,2.166270e+01,2.167654e+01,2.166962e+01,2.190451e+01,2.182167e+01,2.196660e+01,2.182858e+01,2.183548e+01,2.189761e+01,2.187691e+01,2.185620e+01,2.180786e+01,2.192521e+01,2.189071e+01,2.179404e+01,2.190451e+01,2.180095e+01,2.193211e+01,2.186310e+01,2.185620e+01,2.190451e+01,2.174567e+01,2.182167e+01,2.184239e+01,2.193211e+01,2.187000e+01,2.176641e+01,2.189071e+01,2.178713e+01,2.185620e+01,2.189071e+01,2.184929e+01,2.187000e+01,2.191831e+01,2.195280e+01,2.193901e+01,2.185620e+01,2.181476e+01,2.186310e+01,2.181476e+01,2.180095e+01,2.184239e+01,2.195280e+01,2.193901e+01,2.193211e+01,2.197349e+01,2.195280e+01,2.187691e+01,2.192521e+01,2.193211e+01,2.193901e+01,2.194591e+01,2.184239e+01,2.202865e+01,2.188381e+01,2.202865e+01,2.201486e+01,2.198729e+01,2.192521e+01,2.202176e+01,2.200107e+01,2.195280e+01,2.201486e+01,2.195280e+01,2.215952e+01,2.215952e+01,2.210443e+01,2.211132e+01,2.213198e+01,2.212509e+01,2.211821e+01,2.209066e+01,2.211132e+01,2.216640e+01,2.215952e+01,2.227647e+01,2.207688e+01,2.218016e+01,2.220769e+01,2.222833e+01,2.218016e+01,2.220769e+01,2.227647e+01,2.228334e+01,2.226959e+01,2.229022e+01,2.229709e+01,2.228334e+01,2.222833e+01,2.229022e+01,2.212509e+01,2.220081e+01,2.215263e+01,2.224896e+01,2.224208e+01,2.220769e+01,2.210443e+01,2.217328e+01,2.222833e+01,2.226271e+01,2.220769e+01,2.211821e+01,2.193211e+01,2.215263e+01,2.211821e+01,2.189761e+01,2.151734e+01,2.156582e+01,2.157274e+01,2.142032e+01,2.168345e+01,2.178022e+01,2.166270e+01,2.176641e+01,2.173876e+01,2.173876e+01,2.187691e+01,2.177332e+01,2.183548e+01,2.179404e+01,2.182167e+01,2.181476e+01,2.195280e+01,2.192521e+01,2.200797e+01,2.203554e+01,2.204243e+01,2.202865e+01,2.208377e+01,2.201486e+01,2.209066e+01,2.208377e+01,2.220081e+01,2.214575e+01,2.226271e+01,2.222145e+01,2.220769e+01,2.222833e+01,2.204932e+01,2.223520e+01,2.221457e+01,2.220081e+01,2.220769e+01,2.227647e+01,2.234520e+01,2.224896e+01,2.218016e+01,2.226271e+01,2.218016e+01,2.217328e+01,2.218705e+01,2.218016e+01,2.218705e+01,2.220769e+01,2.221457e+01,2.220769e+01,2.216640e+01,2.207688e+01,2.204932e+01,2.205621e+01,2.206310e+01,2.204932e+01,2.201486e+01,2.199418e+01,2.195970e+01,2.202865e+01,2.183548e+01,2.192521e+01,2.190451e+01,2.191831e+01,2.190451e+01,2.198039e+01,2.200797e+01,2.195970e+01,2.191141e+01,2.192521e+01,2.187000e+01,2.178022e+01,2.180095e+01,2.178022e+01,2.177332e+01,2.175949e+01,2.158659e+01,2.156582e+01,2.138565e+01,2.144805e+01,2.130238e+01,2.119126e+01,2.105914e+01,2.092684e+01,2.085017e+01,2.079438e+01,2.084320e+01,2.094077e+01,2.094774e+01,2.096864e+01,2.089897e+01,2.101042e+01,2.094077e+01,2.113565e+01,2.172494e+01,2.184929e+01,2.137871e+01,2.160735e+01,2.190451e+01,2.190451e+01,2.194591e+01,2.197349e+01,2.193211e+01,2.191831e+01,2.196660e+01,2.200797e+01,2.186310e+01,2.195280e+01,2.182858e+01,2.187000e+01,2.153812e+01,2.127461e+01,2.128850e+01,2.130932e+01,2.130932e+01,2.130932e+01,2.133014e+01,2.138565e+01,2.133014e+01,2.139258e+01,2.133014e+01,2.136484e+01,2.135096e+01,2.132320e+01,2.123294e+01,2.121210e+01,2.121905e+01,2.109392e+01,2.093381e+01,2.088503e+01,2.086412e+01,2.084320e+01,2.089897e+01,2.081530e+01,2.089200e+01,2.089897e+01,2.094077e+01,2.098256e+01,2.108001e+01,2.101738e+01,2.122600e+01,2.121905e+01,2.120515e+01,2.121210e+01,2.107305e+01,2.106609e+01,2.110088e+01,2.107305e+01,2.107305e+01,2.111479e+01,2.114260e+01,2.108696e+01,2.114260e+01,2.128850e+01,2.110783e+01,2.124683e+01,2.111479e+01,2.110088e+01,2.112174e+01,2.109392e+01,2.106609e+01,2.101042e+01,2.099649e+01,2.110783e+01,2.098953e+01,2.110088e+01,2.109392e+01,2.109392e+01,2.111479e+01,2.115650e+01,2.100345e+01,2.105218e+01,2.104522e+01,2.110088e+01,2.114955e+01,2.108696e+01,2.118431e+01,2.115650e+01,2.112869e+01,2.114260e+01,2.114260e+01,2.111479e+01,2.112174e+01,2.113565e+01,2.123989e+01,2.119126e+01,2.115650e+01,2.091987e+01,2.097560e+01,2.090594e+01,2.086412e+01,2.091987e+01,2.085017e+01,2.084320e+01,2.089897e+01,2.084320e+01,2.096167e+01,2.096864e+01,2.098953e+01,2.098256e+01,2.101042e+01,2.104522e+01,2.100345e+01,2.101042e+01,2.096167e+01,2.099649e+01,2.100345e+01,2.088503e+01,2.094774e+01,2.095471e+01,2.086412e+01,2.093381e+01,2.094774e+01,2.080833e+01,2.091987e+01,2.124683e+01,2.141339e+01,2.137871e+01,2.137177e+01,2.148270e+01,2.137177e+01,2.132320e+01,2.133014e+01,2.135790e+01,2.118431e+01,2.105914e+01,2.123294e+01,2.098256e+01,2.103130e+01,2.110783e+01,2.101738e+01,2.093381e+01,2.097560e+01,2.096167e+01,2.109392e+01,2.110783e+01,2.115650e+01,2.112869e+01,2.114260e+01,2.103130e+01,2.108001e+01,2.116345e+01,2.127461e+01,2.130932e+01,2.130932e+01,2.128850e+01,2.127461e+01,2.132320e+01,2.135096e+01,2.157967e+01,2.151042e+01,2.181476e+01,2.162811e+01,2.182858e+01,2.178713e+01,2.191831e+01,2.203554e+01,2.233833e+01,2.235894e+01,2.269502e+01,2.302318e+01,2.298221e+01,2.318005e+01,2.334349e+01,2.326180e+01,2.326180e+01,2.347269e+01,2.341831e+01,2.344551e+01,2.355421e+01,2.343191e+01,2.323456e+01,2.322775e+01,2.272925e+01,2.202865e+01,2.139258e+01,2.133708e+01,2.129544e+01,2.127461e+01,2.126072e+01,2.123294e+01,2.141339e+01,2.207688e+01,2.273610e+01,2.332307e+01,2.340471e+01,2.364924e+01,2.347949e+01,2.342511e+01,2.349308e+01,2.355421e+01,2.360174e+01,2.358816e+01,2.357458e+01,2.334349e+01,2.343191e+01,2.330265e+01,2.335710e+01,2.317323e+01,2.318686e+01,2.316642e+01,2.307095e+01,2.304365e+01,2.287974e+01,2.281820e+01,2.267447e+01,2.254426e+01,2.264708e+01,2.241389e+01,2.243448e+01,2.238642e+01,2.217328e+01,2.235207e+01,2.218705e+01,2.218016e+01,2.220769e+01,2.213198e+01,2.218705e+01,2.208377e+01,2.214575e+01,2.207688e+01,2.204932e+01,2.202865e+01,2.193901e+01,2.198039e+01,2.203554e+01,2.198729e+01,2.218016e+01,2.188381e+01,2.196660e+01,2.202176e+01,2.196660e+01,2.190451e+01,2.193211e+01,2.192521e+01,2.191141e+01,2.194591e+01,2.195970e+01,2.191141e+01,2.191831e+01,2.191831e+01,2.199418e+01,2.197349e+01,2.198729e+01,2.195970e+01,2.200797e+01,2.198729e+01,2.191141e+01,2.192521e+01,2.190451e+01,2.193901e+01,2.192521e+01,2.192521e+01,2.181476e+01,2.195970e+01,2.186310e+01,2.190451e+01,2.184929e+01,2.193211e+01,2.189761e+01,2.189761e+01,2.181476e+01,2.173876e+01,2.195970e+01,2.198039e+01,2.195280e+01,2.188381e+01,2.184929e+01,2.184239e+01,2.185620e+01,2.174567e+01,2.172494e+01,2.178713e+01,2.168345e+01,2.167654e+01,2.172494e+01,2.163503e+01,2.164195e+01,2.155890e+01,2.154505e+01,2.155197e+01,2.157967e+01,2.164887e+01,2.157274e+01,2.169728e+01,2.165579e+01,2.159351e+01,2.165579e+01,2.159351e+01,2.161427e+01,2.159351e+01,2.167654e+01,2.175949e+01,2.175258e+01,2.178022e+01,2.181476e+01,2.170420e+01,2.196660e+01,2.198039e+01,2.211821e+01,2.209755e+01,2.218016e+01,2.210443e+01,2.222833e+01,2.222833e+01,2.220769e+01,2.235894e+01,2.227647e+01,2.239328e+01,2.235894e+01,2.231771e+01,2.233146e+01,2.227647e+01,2.235207e+01,2.233833e+01,2.242075e+01,2.235207e+01,2.233833e+01,2.232458e+01,2.233833e+01,2.230396e+01,2.237268e+01,2.225584e+01,2.225584e+01,2.238642e+01,2.233146e+01,2.227647e+01,2.238642e+01,2.232458e+01,2.236581e+01,2.234520e+01,2.222145e+01,2.235207e+01,2.235207e+01,2.229709e+01,2.229022e+01,2.230396e+01,2.235894e+01,2.220081e+01,2.220769e+01,2.210443e+01,2.226959e+01,2.234520e+01,2.229709e+01,2.228334e+01,2.224896e+01,2.226959e+01,2.224896e+01,2.222145e+01,2.222145e+01,2.224208e+01,2.230396e+01,2.222833e+01,2.226271e+01,2.220769e+01,2.224208e+01,2.222833e+01,2.211132e+01,2.223520e+01,2.227647e+01,2.224208e+01,2.224896e+01,2.215952e+01,2.224896e+01,2.226959e+01,2.250997e+01,2.219393e+01,2.211821e+01,2.226959e+01,2.227647e+01,2.224208e+01,2.226271e+01,2.230396e+01,2.218705e+01,2.213198e+01,2.230396e+01,2.231084e+01,2.218705e+01,2.229022e+01,2.229709e+01,2.225584e+01,2.225584e+01,2.232458e+01,2.213198e+01,2.221457e+01,2.235207e+01,2.228334e+01,2.225584e+01,2.223520e+01,2.224896e+01,2.221457e+01,2.221457e+01,2.231771e+01,2.231084e+01,2.213198e+01,2.222145e+01,2.213886e+01,2.217328e+01,2.215952e+01,2.222145e+01,2.217328e+01,2.213886e+01,2.226271e+01,2.218705e+01,2.221457e+01,2.213198e+01,2.215952e+01,2.199418e+01,2.212509e+01,2.213198e+01,2.210443e+01,2.211821e+01
2.196660e+01,2.189761e+01,2.192521e+01,2.191831e+01,2.188381e+01,2.190451e+01,2.193211e+01,2.184929e+01,2.187691e+01,2.183548e+01,2.181476e+01,2.178022e+01,2.175258e+01,2.173185e+01,2.170420e+01,2.171802e+01,2.167654e+01,2.170420e+01,2.173876e+01,2.172494e+01,2.179404e+01,2.184929e+01,2.182167e+01,2.177332e+01,2.185620e+01,2.184239e+01,2.181476e+01,2.191141e+01,2.186310e+01,2.179404e+01,2.190451e+01,2.189071e+01,2.193901e+01,2.187691e+01,2.182858e+01,2.189761e+01,2.193901e+01,2.193211e+01,2.188381e+01,2.186310e+01,2.199418e+01,2.182858e+01,2.182167e+01,2.179404e+01,2.181476e+01,2.179404e+01,2.175949e+01,2.180786e+01,2.187691e+01,2.187000e+01,2.179404e+01,2.187000e+01,2.187691e+01,2.190451e+01,2.191141e+01,2.187691e+01,2.188381e+01,2.181476e+01,2.181476e+01,2.192521e+01,2.182858e+01,2.189071e+01,2.176641e+01,2.176641e+01,2.191831e+01,2.193901e+01,2.192521e+01,2.189761e+01,2.200797e+01,2.200107e+01,2.192521e+01,2.197349e+01,2.202865e+01,2.189071e+01,2.193211e+01,2.192521e+01,2.189761e+01,2.202176e+01,2.193211e+01,2.187000e+01,2.202865e+01,2.202176e+01,2.199418e+01,2.202176e+01,2.200107e+01,2.201486e+01,2.206999e+01,2.216640e+01,2.211132e+01,2.209755e+01,2.212509e+01,2.211132e+01,2.215263e+01,2.214575e+01,2.215263e+01,2.222833e+01,2.213198e+01,2.220769e+01,2.222145e+01,2.211132e+01,2.220081e+01,2.224208e+01,2.222145e+01,2.222145e+01,2.232458e+01,2.227647e+01,2.228334e+01,2.226959e+01,2.218705e+01,2.231084e+01,2.222145e+01,2.223520e+01,2.221457e+01,2.219393e+01,2.222145e+01,2.224896e+01,2.213886e+01,2.217328e+01,2.214575e+01,2.215263e+01,2.213198e+01,2.222145e+01,2.220081e+01,2.211132e+01,2.202176e+01,2.206999e+01,2.195280e+01,2.149656e+01,2.126767e+01,2.138565e+01,2.154505e+01,2.153119e+01,2.153119e+01,2.170420e+01,2.173185e+01,2.170420e+01,2.178022e+01,2.172494e+01,2.173185e+01,2.174567e+01,2.177332e+01,2.184239e+01,2.184929e+01,2.194591e+01,2.195970e+01,2.193901e+01,2.196660e+01,2.203554e+01,2.199418e+01,2.206310e+01,2.199418e+01,2.204243e+01,2.218016e+01,2.204932e+01,2.208377e+01,2.214575e+01,2.212509e+01,2.208377e+01,2.218016e+01,2.215263e+01,2.213886e+01,2.221457e+01,2.211821e+01,2.211821e+01,2.217328e+01,2.222145e+01,2.215952e+01,2.222833e+01,2.219393e+01,2.224208e+01,2.226959e+01,2.221457e+01,2.219393e+01,2.221457e+01,2.221457e+01,2.218705e+01,2.222145e+01,2.206999e+01,2.212509e+01,2.208377e+01,2.204932e+01,2.204932e+01,2.202865e+01,2.200107e+01,2.204932e+01,2.201486e+01,2.198729e+01,2.203554e+01,2.201486e+01,2.198039e+01,2.198039e+01,2.200107e+01,2.204932e+01,2.193901e+01,2.182167e+01,2.196660e+01,2.189071e+01,2.193901e+01,2.183548e+01,2.184239e+01,2.184929e+01,2.182167e+01,2.182167e+01,2.178022e+01,2.159351e+01,2.157967e+01,2.162811e+01,2.141339e+01,2.139258e+01,2.125378e+01,2.122600e+01,2.103826e+01,2.091291e+01,2.071761e+01,2.073157e+01,2.103130e+01,2.096167e+01,2.107305e+01,2.103130e+01,2.094774e+01,2.103826e+01,2.157967e+01,2.197349e+01,2.195280e+01,2.193211e+01,2.197349e+01,2.190451e+01,2.189071e+01,2.189761e+01,2.195280e+01,2.200107e+01,2.187691e+01,2.204243e+01,2.202176e+01,2.201486e+01,2.189071e+01,2.184929e+01,2.181476e+01,2.155197e+01,2.126767e+01,2.128156e+01,2.132320e+01,2.133014e+01,2.132320e+01,2.130932e+01,2.132320e+01,2.132320e+01,2.135096e+01,2.134402e+01,2.127461e+01,2.128850e+01,2.131626e+01,2.125378e+01,2.126767e+01,2.125378e+01,2.096864e+01,2.105218e+01,2.088503e+01,2.087806e+01,2.083623e+01,2.087109e+01,2.085715e+01,2.083623e+01,2.091987e+01,2.086412e+01,2.087806e+01,2.091987e+01,2.097560e+01,2.113565e+01,2.117736e+01,2.118431e+01,2.112174e+01,2.106609e+01,2.121210e+01,2.112869e+01,2.112174e+01,2.112869e+01,2.109392e+01,2.108001e+01,2.114260e+01,2.112174e+01,2.112174e+01,2.114955e+01,2.112869e+01,2.112174e+01,2.106609e+01,2.108001e+01,2.094774e+01,2.103130e+01,2.106609e+01,2.098256e+01,2.113565e+01,2.114260e+01,2.104522e+01,2.114955e+01,2.107305e+01,2.118431e+01,2.106609e+01,2.103130e+01,2.112174e+01,2.113565e+01,2.098953e+01,2.113565e+01,2.108696e+01,2.106609e+01,2.110783e+01,2.110783e+01,2.110783e+01,2.123294e+01,2.108696e+01,2.112869e+01,2.125378e+01,2.123989e+01,2.121905e+01,2.114955e+01,2.114260e+01,2.098953e+01,2.101738e+01,2.084320e+01,2.082925e+01,2.085715e+01,2.087109e+01,2.089200e+01,2.086412e+01,2.086412e+01,2.092684e+01,2.096167e+01,2.096864e+01,2.107305e+01,2.091987e+01,2.098953e+01,2.095471e+01,2.096167e+01,2.101042e+01,2.100345e+01,2.095471e+01,2.094077e+01,2.083623e+01,2.072459e+01,2.085017e+01,2.082228e+01,2.090594e+01,2.098256e+01,2.121905e+01,2.135790e+01,2.133708e+01,2.137871e+01,2.138565e+01,2.135790e+01,2.138565e+01,2.128850e+01,2.119126e+01,2.121210e+01,2.105218e+01,2.109392e+01,2.094077e+01,2.094774e+01,2.104522e+01,2.080135e+01,2.096167e+01,2.096864e+01,2.091987e+01,2.094077e+01,2.096864e+01,2.101738e+01,2.094077e+01,2.105218e+01,2.108696e+01,2.108696e+01,2.109392e+01,2.107305e+01,2.118431e+01,2.116345e+01,2.131626e+01,2.121905e+01,2.136484e+01,2.121905e+01,2.131626e+01,2.150349e+01,2.157967e+01,2.156582e+01,2.160735e+01,2.160043e+01,2.182167e+01,2.193901e+01,2.198039e+01,2.217328e+01,2.251683e+01,2.274978e+01,2.291391e+01,2.315278e+01,2.326861e+01,2.335710e+01,2.344551e+01,2.350667e+01,2.345230e+01,2.353384e+01,2.354063e+01,2.349308e+01,2.347269e+01,2.328223e+01,2.272241e+01,2.196660e+01,2.167654e+01,2.135790e+01,2.132320e+01,2.128156e+01,2.117041e+01,2.123989e+01,2.161427e+01,2.205621e+01,2.311869e+01,2.328904e+01,2.363567e+01,2.368316e+01,2.382549e+01,2.379162e+01,2.386612e+01,2.374418e+01,2.381194e+01,2.375774e+01,2.382549e+01,2.379162e+01,2.347949e+01,2.356779e+01,2.379839e+01,2.359495e+01,2.337751e+01,2.341151e+01,2.334349e+01,2.322775e+01,2.306412e+01,2.305730e+01,2.285239e+01,2.284555e+01,2.270187e+01,2.266763e+01,2.248252e+01,2.248939e+01,2.232458e+01,2.242762e+01,2.237268e+01,2.230396e+01,2.233833e+01,2.225584e+01,2.222833e+01,2.220081e+01,2.214575e+01,2.203554e+01,2.204243e+01,2.202865e+01,2.203554e+01,2.202865e+01,2.195280e+01,2.204243e+01,2.210443e+01,2.206310e+01,2.186310e+01,2.200107e+01,2.191141e+01,2.191141e+01,2.202865e+01,2.194591e+01,2.191831e+01,2.199418e+01,2.193901e+01,2.188381e+01,2.198729e+01,2.198729e+01,2.199418e+01,2.197349e+01,2.195280e+01,2.190451e+01,2.192521e+01,2.196660e+01,2.188381e+01,2.203554e+01,2.182858e+01,2.194591e+01,2.182858e+01,2.194591e+01,2.191141e+01,2.191141e+01,2.195970e+01,2.188381e+01,2.189071e+01,2.188381e+01,2.182167e+01,2.194591e+01,2.186310e+01,2.189071e+01,2.191141e+01,2.187000e+01,2.192521e+01,2.188381e+01,2.183548e+01,2.181476e+01,2.184239e+01,2.178022e+01,2.175949e+01,2.171111e+01,2.176641e+01,2.160043e+01,2.167654e+01,2.166270e+01,2.160735e+01,2.153812e+01,2.168345e+01,2.159351e+01,2.157274e+01,2.160043e+01,2.153119e+01,2.165579e+01,2.165579e+01,2.160043e+01,2.160735e+01,2.158659e+01,2.155890e+01,2.173185e+01,2.173185e+01,2.175949e+01,2.165579e+01,2.182167e+01,2.171802e+01,2.186310e+01,2.190451e+01,2.193211e+01,2.212509e+01,2.198729e+01,2.213198e+01,2.215263e+01,2.218705e+01,2.220769e+01,2.228334e+01,2.235894e+01,2.222145e+01,2.231084e+01,2.240702e+01,2.235894e+01,2.233833e+01,2.233146e+01,2.236581e+01,2.231771e+01,2.242075e+01,2.239328e+01,2.231084e+01,2.235207e+01,2.237268e+01,2.235894e+01,2.227647e+01,2.244821e+01,2.239328e+01,2.233146e+01,2.241389e+01,2.224896e+01,2.233146e+01,2.220769e+01,2.221457e+01,2.230396e+01,2.233146e+01,2.221457e+01,2.226959e+01,2.226271e+01,2.218016e+01,2.240702e+01,2.236581e+01,2.229022e+01,2.228334e+01,2.235207e+01,2.222833e+01,2.215952e+01,2.217328e+01,2.220769e+01,2.231084e+01,2.228334e+01,2.224896e+01,2.228334e+01,2.211821e+01,2.227647e+01,2.225584e+01,2.222145e+01,2.216640e+01,2.229022e+01,2.227647e+01,2.227647e+01,2.218705e+01,2.216640e+01,2.226271e+01,2.225584e+01,2.222145e+01,2.229022e+01,2.223520e+01,2.240015e+01,2.229709e+01,2.227647e+01,2.220081e+01,2.226271e+01,2.233146e+01,2.219393e+01,2.219393e+01,2.226959e+01,2.227647e+01,2.225584e+01,2.227647e+01,2.215263e+01,2.218016e+01,2.224896e+01,2.230396e+01,2.225584e+01,2.230396e+01,2.228334e+01,2.224896e+01,2.229022e+01,2.213198e+01,2.229022e+01,2.216640e+01,2.227647e+01,2.229709e+01,2.220769e+01,2.223520e+01,2.231771e+01,2.224896e+01,2.224896e+01,2.222145e+01,2.226959e+01,2.220769e+01,2.231771e+01,2.222145e+01,2.222833e+01,2.217328e+01,2.213198e+01,2.213198e+01,2.213886e+01,2.218705e+01,2.225584e+01,2.215952e+01,2.218016e+01,2.215263e+01,2.209755e+01,2.208377e+01
2.204932e+01,2.198729e+01,2.192521e+01,2.188381e+01,2.187691e+01,2.189071e+01,2.190451e+01,2.205621e+01,2.184929e+01,2.185620e+01,2.179404e+01,2.178713e+01,2.175949e+01,2.170420e+01,2.179404e+01,2.158659e+01,2.162811e+01,2.164195e+01,2.180095e+01,2.180095e+01,2.175949e+01,2.178713e+01,2.184929e+01,2.182167e+01,2.187000e+01,2.188381e+01,2.185620e+01,2.187691e+01,2.183548e+01,2.189071e+01,2.195280e+01,2.194591e+01,2.189761e+01,2.191831e+01,2.191831e+01,2.194591e+01,2.188381e+01,2.186310e+01,2.196660e+01,2.184929e+01,2.185620e+01,2.184239e+01,2.184929e+01,2.182858e+01,2.175258e+01,2.182858e+01,2.183548e+01,2.188381e+01,2.182167e+01,2.188381e+01,2.185620e+01,2.185620e+01,2.188381e+01,2.183548e+01,2.190451e+01,2.190451e+01,2.198039e+01,2.182858e+01,2.201486e+01,2.181476e+01,2.191141e+01,2.190451e+01,2.189761e+01,2.196660e+01,2.195280e+01,2.193211e+01,2.191141e+01,2.200797e+01,2.196660e+01,2.194591e+01,2.195280e+01,2.190451e+01,2.199418e+01,2.193901e+01,2.204932e+01,2.200107e+01,2.193211e+01,2.193901e+01,2.198729e+01,2.195280e+01,2.199418e+01,2.199418e+01,2.212509e+01,2.201486e+01,2.200107e+01,2.202865e+01,2.204932e+01,2.213886e+01,2.209755e+01,2.212509e+01,2.212509e+01,2.211821e+01,2.217328e+01,2.224896e+01,2.215952e+01,2.220769e+01,2.222833e+01,2.220081e+01,2.210443e+01,2.230396e+01,2.221457e+01,2.222833e+01,2.222833e+01,2.223520e+01,2.226271e+01,2.226959e+01,2.224896e+01,2.229022e+01,2.228334e+01,2.226959e+01,2.226959e+01,2.226959e+01,2.221457e+01,2.216640e+01,2.219393e+01,2.220081e+01,2.225584e+01,2.219393e+01,2.215263e+01,2.211821e+01,2.224896e+01,2.222145e+01,2.226271e+01,2.221457e+01,2.195970e+01,2.202176e+01,2.188381e+01,2.146884e+01,2.126072e+01,2.142032e+01,2.160735e+01,2.147577e+01,2.168345e+01,2.167654e+01,2.173876e+01,2.177332e+01,2.176641e+01,2.186310e+01,2.190451e+01,2.189761e+01,2.184239e+01,2.182858e+01,2.186310e+01,2.184929e+01,2.195280e+01,2.192521e+01,2.197349e+01,2.208377e+01,2.214575e+01,2.210443e+01,2.209755e+01,2.210443e+01,2.216640e+01,2.210443e+01,2.216640e+01,2.214575e+01,2.215952e+01,2.212509e+01,2.224208e+01,2.209066e+01,2.218705e+01,2.214575e+01,2.218016e+01,2.212509e+01,2.240015e+01,2.231084e+01,2.217328e+01,2.227647e+01,2.225584e+01,2.221457e+01,2.219393e+01,2.222833e+01,2.218705e+01,2.219393e+01,2.216640e+01,2.224208e+01,2.221457e+01,2.221457e+01,2.213886e+01,2.215263e+01,2.209066e+01,2.206310e+01,2.204932e+01,2.197349e+01,2.205621e+01,2.200107e+01,2.202865e+01,2.200107e+01,2.202865e+01,2.206999e+01,2.194591e+01,2.188381e+01,2.191141e+01,2.189761e+01,2.187691e+01,2.183548e+01,2.190451e+01,2.194591e+01,2.189071e+01,2.187691e+01,2.188381e+01,2.182858e+01,2.179404e+01,2.159351e+01,2.160043e+01,2.159351e+01,2.159351e+01,2.138565e+01,2.146884e+01,2.138565e+01,2.132320e+01,2.119820e+01,2.109392e+01,2.091291e+01,2.091987e+01,2.094774e+01,2.108001e+01,2.120515e+01,2.108001e+01,2.110088e+01,2.113565e+01,2.160735e+01,2.175258e+01,2.186310e+01,2.182858e+01,2.194591e+01,2.195280e+01,2.186310e+01,2.199418e+01,2.194591e+01,2.189761e+01,2.184929e+01,2.189071e+01,2.203554e+01,2.189761e+01,2.187691e+01,2.184929e+01,2.184239e+01,2.154505e+01,2.128850e+01,2.129544e+01,2.126767e+01,2.132320e+01,2.130932e+01,2.125378e+01,2.124683e+01,2.133708e+01,2.124683e+01,2.124683e+01,2.120515e+01,2.116345e+01,2.124683e+01,2.121905e+01,2.142032e+01,2.139952e+01,2.104522e+01,2.092684e+01,2.091987e+01,2.089897e+01,2.097560e+01,2.087109e+01,2.089897e+01,2.093381e+01,2.091987e+01,2.098256e+01,2.087806e+01,2.096864e+01,2.094774e+01,2.096864e+01,2.111479e+01,2.121905e+01,2.121905e+01,2.117736e+01,2.112174e+01,2.112174e+01,2.110783e+01,2.108001e+01,2.111479e+01,2.111479e+01,2.109392e+01,2.106609e+01,2.112174e+01,2.117736e+01,2.113565e+01,2.117736e+01,2.097560e+01,2.117736e+01,2.105914e+01,2.099649e+01,2.116345e+01,2.111479e+01,2.103826e+01,2.115650e+01,2.112174e+01,2.117041e+01,2.104522e+01,2.118431e+01,2.105218e+01,2.103826e+01,2.104522e+01,2.117041e+01,2.110783e+01,2.112869e+01,2.110783e+01,2.106609e+01,2.112869e+01,2.111479e+01,2.111479e+01,2.115650e+01,2.112174e+01,2.112174e+01,2.114955e+01,2.111479e+01,2.121905e+01,2.108696e+01,2.105914e+01,2.096864e+01,2.105914e+01,2.083623e+01,2.085017e+01,2.086412e+01,2.073157e+01,2.091291e+01,2.086412e+01,2.090594e+01,2.093381e+01,2.091987e+01,2.085715e+01,2.103130e+01,2.091987e+01,2.094077e+01,2.117041e+01,2.095471e+01,2.096864e+01,2.089200e+01,2.096864e+01,2.085017e+01,2.081530e+01,2.088503e+01,2.075251e+01,2.079438e+01,2.078042e+01,2.093381e+01,2.124683e+01,2.139258e+01,2.127461e+01,2.144112e+01,2.136484e+01,2.130932e+01,2.130238e+01,2.117041e+01,2.121905e+01,2.108696e+01,2.108001e+01,2.103130e+01,2.102434e+01,2.112869e+01,2.098256e+01,2.094774e+01,2.094077e+01,2.082228e+01,2.087806e+01,2.091291e+01,2.090594e+01,2.094774e+01,2.095471e+01,2.098953e+01,2.106609e+01,2.106609e+01,2.098256e+01,2.105218e+01,2.110088e+01,2.096167e+01,2.121210e+01,2.121905e+01,2.124683e+01,2.121905e+01,2.120515e+01,2.121905e+01,2.137871e+01,2.155890e+01,2.153812e+01,2.155890e+01,2.163503e+01,2.175258e+01,2.178713e+01,2.195970e+01,2.220081e+01,2.250997e+01,2.285923e+01,2.315960e+01,2.331627e+01,2.360174e+01,2.360174e+01,2.364924e+01,2.369672e+01,2.372384e+01,2.378484e+01,2.380517e+01,2.370350e+01,2.341831e+01,2.274294e+01,2.191831e+01,2.157967e+01,2.136484e+01,2.125378e+01,2.117041e+01,2.119126e+01,2.143419e+01,2.160043e+01,2.240015e+01,2.326861e+01,2.360174e+01,2.398115e+01,2.398791e+01,2.417034e+01,2.399467e+01,2.400820e+01,2.406227e+01,2.398791e+01,2.419733e+01,2.405551e+01,2.404200e+01,2.382549e+01,2.398791e+01,2.394733e+01,2.378484e+01,2.392027e+01,2.364924e+01,2.369672e+01,2.349988e+01,2.328223e+01,2.331627e+01,2.309141e+01,2.320731e+01,2.285923e+01,2.281136e+01,2.284555e+01,2.264022e+01,2.262652e+01,2.245507e+01,2.233146e+01,2.233833e+01,2.240702e+01,2.226959e+01,2.233833e+01,2.217328e+01,2.222833e+01,2.220081e+01,2.213886e+01,2.215952e+01,2.212509e+01,2.206999e+01,2.204243e+01,2.206310e+01,2.206999e+01,2.202865e+01,2.208377e+01,2.198039e+01,2.191831e+01,2.191831e+01,2.204243e+01,2.201486e+01,2.201486e+01,2.191141e+01,2.199418e+01,2.195280e+01,2.189071e+01,2.193211e+01,2.200107e+01,2.195280e+01,2.181476e+01,2.196660e+01,2.188381e+01,2.192521e+01,2.195280e+01,2.180095e+01,2.195280e+01,2.199418e+01,2.196660e+01,2.193211e+01,2.192521e+01,2.187000e+01,2.187000e+01,2.188381e+01,2.191831e+01,2.187000e+01,2.189761e+01,2.190451e+01,2.193211e+01,2.188381e+01,2.187000e+01,2.189071e+01,2.188381e+01,2.193211e+01,2.179404e+01,2.183548e+01,2.186310e+01,2.177332e+01,2.182167e+01,2.171802e+01,2.171111e+01,2.169728e+01,2.166270e+01,2.164195e+01,2.164887e+01,2.164887e+01,2.150349e+01,2.166270e+01,2.160735e+01,2.153812e+01,2.157274e+01,2.147577e+01,2.163503e+01,2.162119e+01,2.158659e+01,2.162119e+01,2.174567e+01,2.167654e+01,2.160043e+01,2.169728e+01,2.176641e+01,2.186310e+01,2.182167e+01,2.187000e+01,2.189071e+01,2.188381e+01,2.214575e+01,2.211132e+01,2.222145e+01,2.220769e+01,2.232458e+01,2.232458e+01,2.230396e+01,2.231771e+01,2.229709e+01,2.235207e+01,2.233146e+01,2.235207e+01,2.235894e+01,2.238642e+01,2.240702e+01,2.241389e+01,2.235894e+01,2.248939e+01,2.238642e+01,2.237955e+01,2.235207e+01,2.233146e+01,2.242762e+01,2.238642e+01,2.231084e+01,2.236581e+01,2.237268e+01,2.236581e+01,2.232458e+01,2.221457e+01,2.237955e+01,2.235207e+01,2.226271e+01,2.230396e+01,2.233833e+01,2.234520e+01,2.235207e+01,2.228334e+01,2.233146e+01,2.229022e+01,2.221457e+01,2.234520e+01,2.222145e+01,2.224208e+01,2.211821e+01,2.229022e+01,2.224208e+01,2.224896e+01,2.229022e+01,2.226271e+01,2.228334e+01,2.223520e+01,2.222145e+01,2.225584e+01,2.224208e+01,2.216640e+01,2.220769e+01,2.223520e+01,2.216640e+01,2.227647e+01,2.226271e+01,2.218016e+01,2.236581e+01,2.226271e+01,2.230396e+01,2.224208e+01,2.234520e+01,2.218705e+01,2.234520e+01,2.218016e+01,2.229022e+01,2.231084e+01,2.224208e+01,2.229709e+01,2.215952e+01,2.226959e+01,2.222145e+01,2.230396e+01,2.231084e+01,2.222145e+01,2.227647e+01,2.227647e+01,2.246880e+01,2.228334e+01,2.220769e+01,2.226271e+01,2.226959e+01,2.219393e+01,2.224896e+01,2.226959e+01,2.231084e+01,2.223520e+01,2.224896e+01,2.228334e+01,2.229709e+01,2.226271e+01,2.232458e+01,2.222145e+01,2.240702e+01,2.206310e+01,2.221457e+01,2.213198e+01,2.204243e+01,2.219393e+01,2.224896e+01,2.212509e+01,2.211132e+01,2.201486e+01,2.209755e+01,2.206999e+01,2.206310e+01,2.207688e+01,2.205621e+01
2.197349e+01,2.195280e+01,2.189761e+01,2.189761e+01,2.187000e+01,2.187691e+01,2.186310e+01,2.184929e+01,2.187691e+01,2.189071e+01,2.179404e+01,2.170420e+01,2.175258e+01,2.163503e+01,2.175949e+01,2.164195e+01,2.183548e+01,2.173185e+01,2.165579e+01,2.171111e+01,2.179404e+01,2.173876e+01,2.170420e+01,2.185620e+01,2.186310e+01,2.190451e+01,2.184239e+01,2.190451e+01,2.197349e+01,2.185620e+01,2.190451e+01,2.197349e+01,2.188381e+01,2.187691e+01,2.192521e+01,2.182858e+01,2.192521e+01,2.180095e+01,2.174567e+01,2.186310e+01,2.183548e+01,2.193901e+01,2.183548e+01,2.188381e+01,2.176641e+01,2.181476e+01,2.180095e+01,2.187691e+01,2.179404e+01,2.177332e+01,2.178713e+01,2.181476e+01,2.184929e+01,2.187000e+01,2.188381e+01,2.195280e+01,2.188381e+01,2.184929e+01,2.175258e+01,2.189071e+01,2.187691e+01,2.193901e+01,2.187000e+01,2.186310e+01,2.195280e+01,2.189071e+01,2.189761e+01,2.189761e+01,2.200107e+01,2.192521e+01,2.191141e+01,2.193211e+01,2.198729e+01,2.198729e+01,2.186310e+01,2.202865e+01,2.194591e+01,2.190451e+01,2.199418e+01,2.198039e+01,2.198039e+01,2.192521e+01,2.197349e+01,2.199418e+01,2.203554e+01,2.189761e+01,2.206999e+01,2.206999e+01,2.212509e+01,2.215263e+01,2.215263e+01,2.211132e+01,2.215952e+01,2.221457e+01,2.208377e+01,2.215952e+01,2.209755e+01,2.213886e+01,2.211132e+01,2.224208e+01,2.222833e+01,2.221457e+01,2.229022e+01,2.222833e+01,2.225584e+01,2.226959e+01,2.226271e+01,2.226271e+01,2.228334e+01,2.220769e+01,2.220081e+01,2.213886e+01,2.221457e+01,2.220769e+01,2.212509e+01,2.224896e+01,2.221457e+01,2.220081e+01,2.215952e+01,2.215263e+01,2.220081e+01,2.218016e+01,2.199418e+01,2.195280e+01,2.198729e+01,2.204243e+01,2.180786e+01,2.153119e+01,2.154505e+01,2.157274e+01,2.151042e+01,2.164195e+01,2.166270e+01,2.167654e+01,2.173876e+01,2.180786e+01,2.178022e+01,2.176641e+01,2.179404e+01,2.182858e+01,2.181476e+01,2.180786e+01,2.191831e+01,2.185620e+01,2.192521e+01,2.180095e+01,2.190451e+01,2.199418e+01,2.208377e+01,2.211132e+01,2.207688e+01,2.209066e+01,2.209066e+01,2.209755e+01,2.214575e+01,2.209755e+01,2.220769e+01,2.211132e+01,2.220769e+01,2.211132e+01,2.215263e+01,2.221457e+01,2.218016e+01,2.217328e+01,2.220769e+01,2.215263e+01,2.213198e+01,2.223520e+01,2.218016e+01,2.224896e+01,2.218016e+01,2.220769e+01,2.220081e+01,2.211132e+01,2.221457e+01,2.212509e+01,2.213198e+01,2.215263e+01,2.214575e+01,2.204932e+01,2.204932e+01,2.218016e+01,2.197349e+01,2.200107e+01,2.209755e+01,2.199418e+01,2.192521e+01,2.197349e+01,2.193211e+01,2.198039e+01,2.198729e+01,2.195280e+01,2.192521e+01,2.187691e+01,2.183548e+01,2.184239e+01,2.186310e+01,2.187000e+01,2.185620e+01,2.171111e+01,2.183548e+01,2.180095e+01,2.172494e+01,2.178713e+01,2.162811e+01,2.160043e+01,2.160735e+01,2.133708e+01,2.139952e+01,2.123294e+01,2.136484e+01,2.117736e+01,2.105914e+01,2.106609e+01,2.089897e+01,2.110783e+01,2.099649e+01,2.103826e+01,2.102434e+01,2.097560e+01,2.115650e+01,2.164195e+01,2.180095e+01,2.180095e+01,2.196660e+01,2.196660e+01,2.190451e+01,2.189761e+01,2.186310e+01,2.189761e+01,2.197349e+01,2.201486e+01,2.198039e+01,2.191141e+01,2.184929e+01,2.186310e+01,2.182858e+01,2.182167e+01,2.155197e+01,2.126072e+01,2.123294e+01,2.116345e+01,2.126767e+01,2.126767e+01,2.127461e+01,2.126767e+01,2.116345e+01,2.118431e+01,2.125378e+01,2.117041e+01,2.118431e+01,2.117736e+01,2.124683e+01,2.148963e+01,2.146884e+01,2.099649e+01,2.093381e+01,2.084320e+01,2.089897e+01,2.085017e+01,2.085715e+01,2.082925e+01,2.093381e+01,2.092684e+01,2.092684e+01,2.084320e+01,2.088503e+01,2.098953e+01,2.094774e+01,2.098953e+01,2.112869e+01,2.105914e+01,2.125378e+01,2.114260e+01,2.112174e+01,2.108696e+01,2.110783e+01,2.119126e+01,2.107305e+01,2.107305e+01,2.109392e+01,2.110783e+01,2.111479e+01,2.113565e+01,2.094077e+01,2.116345e+01,2.102434e+01,2.096864e+01,2.096864e+01,2.112174e+01,2.115650e+01,2.103826e+01,2.114955e+01,2.103826e+01,2.105218e+01,2.112869e+01,2.108696e+01,2.110088e+01,2.099649e+01,2.110088e+01,2.113565e+01,2.109392e+01,2.112174e+01,2.107305e+01,2.111479e+01,2.108696e+01,2.112174e+01,2.108696e+01,2.112869e+01,2.112869e+01,2.111479e+01,2.115650e+01,2.107305e+01,2.105914e+01,2.099649e+01,2.108001e+01,2.094077e+01,2.108001e+01,2.102434e+01,2.076647e+01,2.084320e+01,2.080833e+01,2.085017e+01,2.081530e+01,2.078740e+01,2.080833e+01,2.079438e+01,2.075251e+01,2.082228e+01,2.080833e+01,2.103826e+01,2.092684e+01,2.096167e+01,2.096864e+01,2.089897e+01,2.089897e+01,2.094077e+01,2.085017e+01,2.074553e+01,2.075949e+01,2.075251e+01,2.078042e+01,2.098256e+01,2.123294e+01,2.125378e+01,2.124683e+01,2.124683e+01,2.126767e+01,2.136484e+01,2.130238e+01,2.110088e+01,2.101042e+01,2.111479e+01,2.098256e+01,2.092684e+01,2.098953e+01,2.094077e+01,2.088503e+01,2.098256e+01,2.089897e+01,2.091987e+01,2.091291e+01,2.087806e+01,2.094774e+01,2.090594e+01,2.085715e+01,2.089897e+01,2.087109e+01,2.086412e+01,2.092684e+01,2.092684e+01,2.091987e+01,2.094077e+01,2.105914e+01,2.105218e+01,2.103826e+01,2.110783e+01,2.120515e+01,2.122600e+01,2.120515e+01,2.129544e+01,2.148270e+01,2.129544e+01,2.157967e+01,2.165579e+01,2.164887e+01,2.178713e+01,2.184239e+01,2.209066e+01,2.250997e+01,2.280452e+01,2.311869e+01,2.326180e+01,2.355421e+01,2.364924e+01,2.365602e+01,2.381872e+01,2.377129e+01,2.381872e+01,2.371028e+01,2.354063e+01,2.283188e+01,2.192521e+01,2.142725e+01,2.128156e+01,2.120515e+01,2.126072e+01,2.122600e+01,2.136484e+01,2.189071e+01,2.268817e+01,2.342511e+01,2.378484e+01,2.410281e+01,2.419059e+01,2.413658e+01,2.419733e+01,2.444674e+01,2.424457e+01,2.427155e+01,2.421758e+01,2.419733e+01,2.419059e+01,2.430526e+01,2.426480e+01,2.409605e+01,2.427829e+01,2.393380e+01,2.392703e+01,2.391350e+01,2.389996e+01,2.375774e+01,2.377807e+01,2.352705e+01,2.337070e+01,2.333668e+01,2.312551e+01,2.308459e+01,2.295490e+01,2.274294e+01,2.259225e+01,2.248939e+01,2.250997e+01,2.237955e+01,2.235894e+01,2.235207e+01,2.230396e+01,2.209066e+01,2.217328e+01,2.215952e+01,2.206999e+01,2.214575e+01,2.210443e+01,2.209755e+01,2.193901e+01,2.198039e+01,2.191141e+01,2.195280e+01,2.195970e+01,2.204932e+01,2.204243e+01,2.193901e+01,2.193211e+01,2.202865e+01,2.199418e+01,2.197349e+01,2.190451e+01,2.193901e+01,2.197349e+01,2.193901e+01,2.184239e+01,2.201486e+01,2.192521e+01,2.196660e+01,2.188381e+01,2.180095e+01,2.195280e+01,2.187691e+01,2.205621e+01,2.191831e+01,2.193211e+01,2.191831e+01,2.193211e+01,2.185620e+01,2.184929e+01,2.192521e+01,2.193211e+01,2.182858e+01,2.185620e+01,2.174567e+01,2.191141e+01,2.184239e+01,2.178022e+01,2.187691e+01,2.183548e+01,2.178713e+01,2.182167e+01,2.180786e+01,2.171111e+01,2.182858e+01,2.168345e+01,2.167654e+01,2.165579e+01,2.164195e+01,2.163503e+01,2.162811e+01,2.159351e+01,2.163503e+01,2.155890e+01,2.153119e+01,2.158659e+01,2.160043e+01,2.159351e+01,2.156582e+01,2.153119e+01,2.151734e+01,2.178713e+01,2.160735e+01,2.160735e+01,2.151042e+01,2.155890e+01,2.171111e+01,2.160043e+01,2.184239e+01,2.169728e+01,2.185620e+01,2.191141e+01,2.200107e+01,2.200107e+01,2.207688e+01,2.211821e+01,2.222145e+01,2.202865e+01,2.217328e+01,2.223520e+01,2.227647e+01,2.233833e+01,2.230396e+01,2.230396e+01,2.233833e+01,2.240015e+01,2.233146e+01,2.239328e+01,2.240702e+01,2.240015e+01,2.238642e+01,2.221457e+01,2.237268e+01,2.239328e+01,2.235894e+01,2.236581e+01,2.238642e+01,2.240015e+01,2.248939e+01,2.239328e+01,2.225584e+01,2.240015e+01,2.240702e+01,2.235894e+01,2.229022e+01,2.235894e+01,2.226959e+01,2.231084e+01,2.235207e+01,2.228334e+01,2.218705e+01,2.227647e+01,2.220769e+01,2.225584e+01,2.228334e+01,2.220769e+01,2.224208e+01,2.227647e+01,2.227647e+01,2.226271e+01,2.224208e+01,2.229022e+01,2.226959e+01,2.222145e+01,2.219393e+01,2.223520e+01,2.217328e+01,2.224896e+01,2.216640e+01,2.211821e+01,2.224896e+01,2.220081e+01,2.224208e+01,2.222833e+01,2.222833e+01,2.224208e+01,2.220081e+01,2.213198e+01,2.220081e+01,2.223520e+01,2.209755e+01,2.215263e+01,2.225584e+01,2.213198e+01,2.219393e+01,2.220081e+01,2.218016e+01,2.222833e+01,2.226959e+01,2.220081e+01,2.226271e+01,2.233833e+01,2.222145e+01,2.220081e+01,2.229022e+01,2.227647e+01,2.231084e+01,2.218016e+01,2.223520e+01,2.213198e+01,2.232458e+01,2.222145e+01,2.214575e+01,2.224896e+01,2.225584e+01,2.223520e+01,2.222145e+01,2.225584e+01,2.220769e+01,2.206999e+01,2.215263e+01,2.222145e+01,2.215952e+01,2.221457e+01,2.215952e+01,2.216640e+01,2.221457e+01,2.204932e+01,2.212509e+01,2.218705e+01,2.211132e+01,2.204932e+01,2.205621e+01,2.197349e+01,2.204243e+01
2.184929e+01,2.191141e+01,2.199418e+01,2.195970e+01,2.187000e+01,2.191831e+01,2.187691e+01,2.189071e+01,2.191831e+01,2.186310e+01,2.183548e+01,2.171802e+01,2.174567e+01,2.176641e+01,2.178022e+01,2.164887e+01,2.171111e+01,2.180786e+01,2.168345e+01,2.183548e+01,2.176641e+01,2.175949e+01,2.180786e+01,2.184239e+01,2.186310e+01,2.187691e+01,2.189071e+01,2.189071e+01,2.195970e+01,2.198729e+01,2.193901e+01,2.182167e+01,2.182167e+01,2.183548e+01,2.194591e+01,2.187000e+01,2.187000e+01,2.186310e+01,2.185620e+01,2.195970e+01,2.188381e+01,2.182858e+01,2.183548e+01,2.185620e+01,2.175949e+01,2.183548e+01,2.177332e+01,2.180095e+01,2.181476e+01,2.184239e+01,2.185620e+01,2.184929e+01,2.183548e+01,2.184239e+01,2.187691e+01,2.187000e+01,2.183548e+01,2.201486e+01,2.194591e+01,2.198039e+01,2.194591e+01,2.184929e+01,2.191141e+01,2.198039e+01,2.184239e+01,2.198729e+01,2.200107e+01,2.200107e+01,2.195970e+01,2.195970e+01,2.191141e+01,2.189761e+01,2.193901e+01,2.189071e+01,2.189761e+01,2.198729e+01,2.191141e+01,2.189761e+01,2.191831e+01,2.200107e+01,2.198039e+01,2.204243e+01,2.213198e+01,2.202176e+01,2.202176e+01,2.213198e+01,2.190451e+01,2.215263e+01,2.211132e+01,2.218705e+01,2.213198e+01,2.222833e+01,2.212509e+01,2.221457e+01,2.214575e+01,2.217328e+01,2.224896e+01,2.225584e+01,2.213886e+01,2.215263e+01,2.226959e+01,2.204243e+01,2.227647e+01,2.226959e+01,2.221457e+01,2.222833e+01,2.226959e+01,2.222145e+01,2.222145e+01,2.220081e+01,2.226271e+01,2.224208e+01,2.222833e+01,2.215952e+01,2.221457e+01,2.219393e+01,2.213198e+01,2.216640e+01,2.220769e+01,2.206999e+01,2.210443e+01,2.220081e+01,2.212509e+01,2.209755e+01,2.202865e+01,2.205621e+01,2.183548e+01,2.166270e+01,2.149656e+01,2.162811e+01,2.145498e+01,2.146191e+01,2.165579e+01,2.166962e+01,2.166962e+01,2.175258e+01,2.177332e+01,2.175949e+01,2.175258e+01,2.177332e+01,2.182858e+01,2.189761e+01,2.188381e+01,2.189761e+01,2.182167e+01,2.189071e+01,2.191831e+01,2.191141e+01,2.187691e+01,2.204243e+01,2.200107e+01,2.206999e+01,2.206310e+01,2.207688e+01,2.216640e+01,2.212509e+01,2.215952e+01,2.213198e+01,2.211132e+01,2.226271e+01,2.215263e+01,2.209755e+01,2.209066e+01,2.221457e+01,2.217328e+01,2.220081e+01,2.219393e+01,2.213886e+01,2.211132e+01,2.218705e+01,2.218705e+01,2.220081e+01,2.218705e+01,2.220081e+01,2.220769e+01,2.215263e+01,2.208377e+01,2.205621e+01,2.212509e+01,2.210443e+01,2.202176e+01,2.197349e+01,2.211821e+01,2.202865e+01,2.201486e+01,2.207688e+01,2.201486e+01,2.197349e+01,2.198039e+01,2.197349e+01,2.191141e+01,2.210443e+01,2.185620e+01,2.189071e+01,2.189761e+01,2.191141e+01,2.185620e+01,2.195280e+01,2.184929e+01,2.176641e+01,2.183548e+01,2.173876e+01,2.163503e+01,2.177332e+01,2.165579e+01,2.158659e+01,2.164195e+01,2.157967e+01,2.148270e+01,2.146191e+01,2.142032e+01,2.117041e+01,2.121210e+01,2.123294e+01,2.111479e+01,2.108696e+01,2.112869e+01,2.116345e+01,2.111479e+01,2.119820e+01,2.120515e+01,2.167654e+01,2.180095e+01,2.189071e+01,2.192521e+01,2.191831e+01,2.195970e+01,2.191831e+01,2.193901e+01,2.196660e+01,2.197349e+01,2.189071e+01,2.192521e+01,2.193211e+01,2.193901e+01,2.187000e+01,2.187000e+01,2.186310e+01,2.156582e+01,2.132320e+01,2.117736e+01,2.120515e+01,2.122600e+01,2.128850e+01,2.125378e+01,2.121210e+01,2.113565e+01,2.118431e+01,2.112869e+01,2.117736e+01,2.119126e+01,2.130932e+01,2.161427e+01,2.166270e+01,2.147577e+01,2.102434e+01,2.102434e+01,2.098256e+01,2.094774e+01,2.085017e+01,2.089897e+01,2.093381e+01,2.094774e+01,2.094077e+01,2.092684e+01,2.094774e+01,2.101042e+01,2.101738e+01,2.101738e+01,2.101738e+01,2.113565e+01,2.121905e+01,2.112869e+01,2.117041e+01,2.114260e+01,2.113565e+01,2.117041e+01,2.110783e+01,2.110783e+01,2.105218e+01,2.108001e+01,2.117041e+01,2.106609e+01,2.121210e+01,2.107305e+01,2.112869e+01,2.116345e+01,2.111479e+01,2.119820e+01,2.110088e+01,2.121905e+01,2.117736e+01,2.099649e+01,2.106609e+01,2.108696e+01,2.110783e+01,2.108001e+01,2.115650e+01,2.098953e+01,2.112869e+01,2.111479e+01,2.117041e+01,2.114955e+01,2.112174e+01,2.109392e+01,2.106609e+01,2.121905e+01,2.108696e+01,2.108696e+01,2.112174e+01,2.105218e+01,2.116345e+01,2.117041e+01,2.108001e+01,2.103826e+01,2.098953e+01,2.105914e+01,2.101738e+01,2.107305e+01,2.085715e+01,2.077344e+01,2.077344e+01,2.078042e+01,2.084320e+01,2.085715e+01,2.088503e+01,2.078740e+01,2.076647e+01,2.073855e+01,2.090594e+01,2.091987e+01,2.094077e+01,2.096864e+01,2.093381e+01,2.089200e+01,2.088503e+01,2.087806e+01,2.075251e+01,2.082925e+01,2.079438e+01,2.075949e+01,2.091291e+01,2.121905e+01,2.118431e+01,2.125378e+01,2.126072e+01,2.136484e+01,2.124683e+01,2.129544e+01,2.125378e+01,2.109392e+01,2.103130e+01,2.098953e+01,2.096864e+01,2.101738e+01,2.087109e+01,2.091987e+01,2.098256e+01,2.097560e+01,2.080833e+01,2.089200e+01,2.096864e+01,2.087109e+01,2.092684e+01,2.085715e+01,2.094077e+01,2.098256e+01,2.085715e+01,2.082925e+01,2.098256e+01,2.089200e+01,2.084320e+01,2.102434e+01,2.094077e+01,2.094077e+01,2.099649e+01,2.106609e+01,2.120515e+01,2.117736e+01,2.109392e+01,2.112869e+01,2.130238e+01,2.126767e+01,2.131626e+01,2.139258e+01,2.163503e+01,2.160735e+01,2.182858e+01,2.193211e+01,2.216640e+01,2.250997e+01,2.281820e+01,2.320049e+01,2.342511e+01,2.355421e+01,2.371706e+01,2.380517e+01,2.377807e+01,2.400144e+01,2.369672e+01,2.367638e+01,2.279084e+01,2.189761e+01,2.153812e+01,2.130932e+01,2.130238e+01,2.117736e+01,2.118431e+01,2.142725e+01,2.190451e+01,2.295490e+01,2.379162e+01,2.402172e+01,2.428503e+01,2.431874e+01,2.455441e+01,2.451405e+01,2.452750e+01,2.454768e+01,2.446021e+01,2.454095e+01,2.454095e+01,2.454095e+01,2.456786e+01,2.463508e+01,2.454768e+01,2.452077e+01,2.439287e+01,2.449386e+01,2.431200e+01,2.429852e+01,2.429177e+01,2.385258e+01,2.392703e+01,2.381194e+01,2.361531e+01,2.346590e+01,2.341831e+01,2.324818e+01,2.311869e+01,2.308459e+01,2.285923e+01,2.278400e+01,2.264708e+01,2.261967e+01,2.244821e+01,2.213886e+01,2.240702e+01,2.217328e+01,2.225584e+01,2.225584e+01,2.212509e+01,2.214575e+01,2.215952e+01,2.211821e+01,2.205621e+01,2.202176e+01,2.195280e+01,2.207688e+01,2.206999e+01,2.199418e+01,2.206310e+01,2.204243e+01,2.199418e+01,2.202176e+01,2.196660e+01,2.196660e+01,2.202176e+01,2.198039e+01,2.191831e+01,2.199418e+01,2.193211e+01,2.189761e+01,2.189071e+01,2.190451e+01,2.191831e+01,2.180095e+01,2.193901e+01,2.205621e+01,2.189761e+01,2.183548e+01,2.189761e+01,2.187691e+01,2.191831e+01,2.191141e+01,2.191141e+01,2.187000e+01,2.191831e+01,2.189071e+01,2.182167e+01,2.185620e+01,2.187000e+01,2.182858e+01,2.193211e+01,2.179404e+01,2.195970e+01,2.190451e+01,2.173876e+01,2.171111e+01,2.166962e+01,2.169728e+01,2.167654e+01,2.162119e+01,2.167654e+01,2.162119e+01,2.163503e+01,2.155197e+01,2.163503e+01,2.158659e+01,2.160043e+01,2.148963e+01,2.153812e+01,2.153812e+01,2.155890e+01,2.155197e+01,2.153119e+01,2.162811e+01,2.166270e+01,2.162119e+01,2.155197e+01,2.165579e+01,2.166962e+01,2.173185e+01,2.175258e+01,2.185620e+01,2.169728e+01,2.182858e+01,2.211821e+01,2.204243e+01,2.208377e+01,2.220081e+01,2.207688e+01,2.209066e+01,2.218016e+01,2.220081e+01,2.226271e+01,2.237268e+01,2.239328e+01,2.231771e+01,2.239328e+01,2.242075e+01,2.235894e+01,2.235207e+01,2.238642e+01,2.243448e+01,2.245507e+01,2.230396e+01,2.234520e+01,2.233146e+01,2.241389e+01,2.237268e+01,2.233146e+01,2.241389e+01,2.237268e+01,2.237955e+01,2.240015e+01,2.233833e+01,2.233833e+01,2.236581e+01,2.234520e+01,2.235894e+01,2.229022e+01,2.231771e+01,2.231084e+01,2.231084e+01,2.232458e+01,2.224896e+01,2.224208e+01,2.215952e+01,2.231771e+01,2.228334e+01,2.218016e+01,2.224208e+01,2.229022e+01,2.227647e+01,2.232458e+01,2.221457e+01,2.229022e+01,2.221457e+01,2.219393e+01,2.214575e+01,2.224208e+01,2.214575e+01,2.223520e+01,2.222145e+01,2.226959e+01,2.233146e+01,2.231771e+01,2.233146e+01,2.230396e+01,2.213198e+01,2.224896e+01,2.224208e+01,2.213198e+01,2.233833e+01,2.219393e+01,2.226271e+01,2.226271e+01,2.226959e+01,2.229022e+01,2.222833e+01,2.225584e+01,2.209066e+01,2.233833e+01,2.231771e+01,2.219393e+01,2.216640e+01,2.222833e+01,2.219393e+01,2.227647e+01,2.218705e+01,2.213886e+01,2.224896e+01,2.224896e+01,2.224208e+01,2.226959e+01,2.223520e+01,2.218016e+01,2.217328e+01,2.225584e+01,2.232458e+01,2.224896e+01,2.247566e+01,2.220769e+01,2.225584e+01,2.220081e+01,2.218705e+01,2.220081e+01,2.211821e+01,2.200797e+01,2.218705e+01,2.202176e+01,2.212509e+01,2.202865e+01,2.209066e+01,2.205621e+01,2.196660e+01,2.199418e+01,2.215952e+01,2.195970e+01
2.199418e+01,2.185620e+01,2.191831e+01,2.194591e+01,2.184929e+01,2.180786e+01,2.197349e+01,2.193901e+01,2.195280e+01,2.181476e+01,2.170420e+01,2.170420e+01,2.170420e+01,2.175258e+01,2.178022e+01,2.175949e+01,2.174567e+01,2.170420e+01,2.177332e+01,2.182167e+01,2.180786e+01,2.184929e+01,2.185620e+01,2.195970e+01,2.187691e+01,2.189761e+01,2.187000e+01,2.195280e+01,2.189071e+01,2.198729e+01,2.196660e+01,2.185620e+01,2.186310e+01,2.218016e+01,2.190451e+01,2.187000e+01,2.182858e+01,2.194591e+01,2.197349e+01,2.197349e+01,2.198729e+01,2.198039e+01,2.182167e+01,2.187691e+01,2.184929e+01,2.180786e+01,2.187000e+01,2.182167e+01,2.184239e+01,2.184929e+01,2.184929e+01,2.186310e+01,2.182167e+01,2.184239e+01,2.186310e+01,2.176641e+01,2.193211e+01,2.197349e+01,2.191141e+01,2.191831e+01,2.186310e+01,2.192521e+01,2.196660e+01,2.193211e+01,2.186310e+01,2.184929e+01,2.194591e+01,2.189071e+01,2.189071e+01,2.183548e+01,2.194591e+01,2.187691e+01,2.195970e+01,2.199418e+01,2.195280e+01,2.202176e+01,2.190451e+01,2.195970e+01,2.198729e+01,2.209755e+01,2.199418e+01,2.197349e+01,2.202176e+01,2.216640e+01,2.189071e+01,2.211821e+01,2.211821e+01,2.207688e+01,2.213886e+01,2.213886e+01,2.213198e+01,2.219393e+01,2.218016e+01,2.226271e+01,2.215952e+01,2.210443e+01,2.229022e+01,2.229022e+01,2.228334e+01,2.218016e+01,2.226271e+01,2.217328e+01,2.215952e+01,2.227647e+01,2.227647e+01,2.222145e+01,2.223520e+01,2.222145e+01,2.229709e+01,2.224208e+01,2.222145e+01,2.223520e+01,2.216640e+01,2.220769e+01,2.218016e+01,2.215263e+01,2.217328e+01,2.214575e+01,2.206999e+01,2.204932e+01,2.208377e+01,2.204243e+01,2.219393e+01,2.208377e+01,2.197349e+01,2.202176e+01,2.182167e+01,2.151042e+01,2.145498e+01,2.147577e+01,2.148270e+01,2.158659e+01,2.168345e+01,2.164887e+01,2.179404e+01,2.166270e+01,2.173876e+01,2.174567e+01,2.175258e+01,2.177332e+01,2.163503e+01,2.191141e+01,2.185620e+01,2.184929e+01,2.187691e+01,2.191831e+01,2.189071e+01,2.192521e+01,2.198729e+01,2.209755e+01,2.189761e+01,2.211132e+01,2.212509e+01,2.200797e+01,2.210443e+01,2.213198e+01,2.211132e+01,2.209755e+01,2.211821e+01,2.209755e+01,2.214575e+01,2.217328e+01,2.209066e+01,2.213198e+01,2.211132e+01,2.215952e+01,2.212509e+01,2.213886e+01,2.222145e+01,2.220081e+01,2.215952e+01,2.220081e+01,2.222145e+01,2.211132e+01,2.222833e+01,2.218016e+01,2.209755e+01,2.218705e+01,2.210443e+01,2.206999e+01,2.206310e+01,2.207688e+01,2.206310e+01,2.206999e+01,2.196660e+01,2.191141e+01,2.204932e+01,2.193901e+01,2.191831e+01,2.193901e+01,2.190451e+01,2.181476e+01,2.182167e+01,2.183548e+01,2.184929e+01,2.191831e+01,2.189071e+01,2.179404e+01,2.184239e+01,2.182858e+01,2.175949e+01,2.185620e+01,2.174567e+01,2.175258e+01,2.173876e+01,2.166962e+01,2.161427e+01,2.154505e+01,2.143419e+01,2.142725e+01,2.142725e+01,2.140645e+01,2.137871e+01,2.111479e+01,2.115650e+01,2.110088e+01,2.111479e+01,2.112869e+01,2.116345e+01,2.117736e+01,2.125378e+01,2.160043e+01,2.197349e+01,2.194591e+01,2.191141e+01,2.193901e+01,2.196660e+01,2.188381e+01,2.200107e+01,2.182858e+01,2.197349e+01,2.186310e+01,2.193211e+01,2.195280e+01,2.189761e+01,2.189071e+01,2.184239e+01,2.191831e+01,2.164887e+01,2.140645e+01,2.117736e+01,2.114955e+01,2.116345e+01,2.119126e+01,2.119126e+01,2.117736e+01,2.119820e+01,2.117041e+01,2.110088e+01,2.117041e+01,2.120515e+01,2.164195e+01,2.184239e+01,2.183548e+01,2.167654e+01,2.103130e+01,2.098953e+01,2.097560e+01,2.097560e+01,2.085715e+01,2.088503e+01,2.086412e+01,2.091291e+01,2.096864e+01,2.095471e+01,2.085017e+01,2.089200e+01,2.090594e+01,2.097560e+01,2.085715e+01,2.112869e+01,2.109392e+01,2.110783e+01,2.111479e+01,2.111479e+01,2.114260e+01,2.112869e+01,2.114955e+01,2.107305e+01,2.106609e+01,2.114955e+01,2.106609e+01,2.105218e+01,2.107305e+01,2.103826e+01,2.117736e+01,2.114260e+01,2.119126e+01,2.119126e+01,2.121210e+01,2.115650e+01,2.120515e+01,2.119820e+01,2.124683e+01,2.115650e+01,2.114955e+01,2.120515e+01,2.113565e+01,2.114955e+01,2.114955e+01,2.116345e+01,2.112869e+01,2.107305e+01,2.112869e+01,2.115650e+01,2.107305e+01,2.108001e+01,2.117041e+01,2.116345e+01,2.116345e+01,2.108001e+01,2.109392e+01,2.098953e+01,2.100345e+01,2.105218e+01,2.107305e+01,2.100345e+01,2.100345e+01,2.098256e+01,2.080135e+01,2.082925e+01,2.074553e+01,2.075251e+01,2.066872e+01,2.076647e+01,2.080833e+01,2.088503e+01,2.068269e+01,2.079438e+01,2.092684e+01,2.087806e+01,2.091291e+01,2.096167e+01,2.095471e+01,2.094077e+01,2.087806e+01,2.075251e+01,2.074553e+01,2.073855e+01,2.075251e+01,2.081530e+01,2.094077e+01,2.099649e+01,2.126767e+01,2.123989e+01,2.124683e+01,2.123294e+01,2.123989e+01,2.123989e+01,2.119126e+01,2.103130e+01,2.094774e+01,2.101738e+01,2.101738e+01,2.093381e+01,2.091291e+01,2.097560e+01,2.085715e+01,2.093381e+01,2.093381e+01,2.087109e+01,2.090594e+01,2.087806e+01,2.087806e+01,2.102434e+01,2.087109e+01,2.084320e+01,2.088503e+01,2.087806e+01,2.094077e+01,2.087806e+01,2.081530e+01,2.094774e+01,2.098256e+01,2.094077e+01,2.087109e+01,2.096167e+01,2.104522e+01,2.107305e+01,2.115650e+01,2.101738e+01,2.130238e+01,2.114260e+01,2.114955e+01,2.129544e+01,2.153812e+01,2.149656e+01,2.174567e+01,2.177332e+01,2.187691e+01,2.218705e+01,2.257169e+01,2.280452e+01,2.333668e+01,2.351346e+01,2.362889e+01,2.381872e+01,2.404200e+01,2.385935e+01,2.377129e+01,2.339111e+01,2.277032e+01,2.189071e+01,2.156582e+01,2.128850e+01,2.123989e+01,2.116345e+01,2.131626e+01,2.139952e+01,2.193901e+01,2.313915e+01,2.378484e+01,2.427829e+01,2.447367e+01,2.463508e+01,2.467540e+01,2.479625e+01,2.480296e+01,2.479625e+01,2.473584e+01,2.469555e+01,2.474256e+01,2.487674e+01,2.483651e+01,2.487004e+01,2.487674e+01,2.480296e+01,2.463508e+01,2.481638e+01,2.460148e+01,2.466868e+01,2.458131e+01,2.441307e+01,2.430526e+01,2.421083e+01,2.411632e+01,2.381872e+01,2.381194e+01,2.367638e+01,2.354063e+01,2.315278e+01,2.315278e+01,2.309823e+01,2.278400e+01,2.266763e+01,2.254426e+01,2.240015e+01,2.241389e+01,2.244821e+01,2.235894e+01,2.219393e+01,2.232458e+01,2.221457e+01,2.206310e+01,2.221457e+01,2.219393e+01,2.205621e+01,2.218016e+01,2.209755e+01,2.191831e+01,2.204932e+01,2.206310e+01,2.191141e+01,2.199418e+01,2.201486e+01,2.191141e+01,2.188381e+01,2.187691e+01,2.198039e+01,2.191831e+01,2.198729e+01,2.194591e+01,2.193901e+01,2.197349e+01,2.199418e+01,2.196660e+01,2.197349e+01,2.190451e+01,2.193901e+01,2.192521e+01,2.192521e+01,2.191831e+01,2.193901e+01,2.187000e+01,2.184239e+01,2.182858e+01,2.184929e+01,2.186310e+01,2.188381e+01,2.193901e+01,2.183548e+01,2.184239e+01,2.189761e+01,2.184239e+01,2.189071e+01,2.188381e+01,2.190451e+01,2.192521e+01,2.182858e+01,2.182167e+01,2.166270e+01,2.163503e+01,2.166270e+01,2.162811e+01,2.163503e+01,2.151042e+01,2.157967e+01,2.159351e+01,2.160735e+01,2.157967e+01,2.153812e+01,2.151734e+01,2.160043e+01,2.157967e+01,2.157967e+01,2.160735e+01,2.162811e+01,2.153812e+01,2.165579e+01,2.167654e+01,2.176641e+01,2.168345e+01,2.178022e+01,2.166962e+01,2.173185e+01,2.180095e+01,2.190451e+01,2.202865e+01,2.205621e+01,2.202176e+01,2.218705e+01,2.218016e+01,2.223520e+01,2.235207e+01,2.238642e+01,2.232458e+01,2.228334e+01,2.231771e+01,2.224208e+01,2.240015e+01,2.237955e+01,2.237955e+01,2.242075e+01,2.245507e+01,2.247566e+01,2.252369e+01,2.240015e+01,2.242075e+01,2.232458e+01,2.234520e+01,2.244135e+01,2.237955e+01,2.230396e+01,2.236581e+01,2.236581e+01,2.237955e+01,2.231084e+01,2.237268e+01,2.232458e+01,2.224896e+01,2.235207e+01,2.229709e+01,2.234520e+01,2.234520e+01,2.233146e+01,2.221457e+01,2.231084e+01,2.222833e+01,2.224896e+01,2.225584e+01,2.230396e+01,2.233146e+01,2.232458e+01,2.222145e+01,2.233833e+01,2.217328e+01,2.218016e+01,2.218705e+01,2.221457e+01,2.223520e+01,2.216640e+01,2.213886e+01,2.221457e+01,2.215952e+01,2.215952e+01,2.222833e+01,2.224208e+01,2.236581e+01,2.230396e+01,2.222833e+01,2.229709e+01,2.224208e+01,2.224896e+01,2.218016e+01,2.222833e+01,2.216640e+01,2.224208e+01,2.222833e+01,2.226271e+01,2.220769e+01,2.220081e+01,2.222145e+01,2.222145e+01,2.237268e+01,2.220081e+01,2.220081e+01,2.216640e+01,2.237268e+01,2.216640e+01,2.230396e+01,2.233833e+01,2.219393e+01,2.231771e+01,2.230396e+01,2.222833e+01,2.221457e+01,2.219393e+01,2.218705e+01,2.227647e+01,2.217328e+01,2.220081e+01,2.222145e+01,2.228334e+01,2.233146e+01,2.221457e+01,2.217328e+01,2.217328e+01,2.205621e+01,2.220081e+01,2.219393e+01,2.221457e+01,2.203554e+01,2.217328e+01,2.209066e+01,2.211821e+01,2.211132e+01,2.207688e+01,2.211821e+01,2.195970e+01,2.193901e+01
2.203554e+01,2.182167e+01,2.190451e+01,2.185620e+01,2.196660e+01,2.184239e+01,2.196660e+01,2.173876e+01,2.175949e+01,2.191141e+01,2.172494e+01,2.162811e+01,2.173876e+01,2.171111e+01,2.173185e+01,2.170420e+01,2.176641e+01,2.163503e+01,2.183548e+01,2.180786e+01,2.171111e+01,2.184929e+01,2.195280e+01,2.188381e+01,2.191831e+01,2.191831e+01,2.187691e+01,2.195970e+01,2.191141e+01,2.198039e+01,2.202865e+01,2.202176e+01,2.191141e+01,2.185620e+01,2.198729e+01,2.189761e+01,2.188381e+01,2.191831e+01,2.193211e+01,2.199418e+01,2.195280e+01,2.180786e+01,2.181476e+01,2.182167e+01,2.181476e+01,2.179404e+01,2.183548e+01,2.186310e+01,2.178022e+01,2.175949e+01,2.177332e+01,2.178713e+01,2.184929e+01,2.187000e+01,2.185620e+01,2.183548e+01,2.195970e+01,2.189071e+01,2.184929e+01,2.184929e+01,2.180095e+01,2.195970e+01,2.183548e+01,2.204243e+01,2.190451e+01,2.183548e+01,2.185620e+01,2.186310e+01,2.189071e+01,2.193901e+01,2.195970e+01,2.195970e+01,2.197349e+01,2.200107e+01,2.211821e+01,2.193211e+01,2.200107e+01,2.202176e+01,2.198039e+01,2.217328e+01,2.200107e+01,2.198039e+01,2.218016e+01,2.187691e+01,2.202865e+01,2.209066e+01,2.218016e+01,2.209755e+01,2.209755e+01,2.218705e+01,2.218016e+01,2.208377e+01,2.226271e+01,2.215263e+01,2.220769e+01,2.215263e+01,2.218705e+01,2.216640e+01,2.223520e+01,2.213886e+01,2.222145e+01,2.222833e+01,2.229709e+01,2.213886e+01,2.226271e+01,2.215952e+01,2.222145e+01,2.224896e+01,2.227647e+01,2.226959e+01,2.224208e+01,2.223520e+01,2.218016e+01,2.219393e+01,2.219393e+01,2.223520e+01,2.230396e+01,2.203554e+01,2.206310e+01,2.205621e+01,2.206310e+01,2.207688e+01,2.209066e+01,2.208377e+01,2.205621e+01,2.217328e+01,2.178713e+01,2.172494e+01,2.148270e+01,2.149656e+01,2.146884e+01,2.156582e+01,2.161427e+01,2.153812e+01,2.165579e+01,2.166962e+01,2.167654e+01,2.170420e+01,2.178713e+01,2.181476e+01,2.162119e+01,2.177332e+01,2.180786e+01,2.188381e+01,2.188381e+01,2.190451e+01,2.183548e+01,2.188381e+01,2.199418e+01,2.188381e+01,2.199418e+01,2.200797e+01,2.191831e+01,2.209066e+01,2.213886e+01,2.206999e+01,2.209755e+01,2.212509e+01,2.209066e+01,2.219393e+01,2.212509e+01,2.213198e+01,2.215263e+01,2.211821e+01,2.205621e+01,2.212509e+01,2.222145e+01,2.215263e+01,2.210443e+01,2.228334e+01,2.218705e+01,2.219393e+01,2.210443e+01,2.223520e+01,2.222145e+01,2.208377e+01,2.218016e+01,2.208377e+01,2.204243e+01,2.204932e+01,2.210443e+01,2.202176e+01,2.206999e+01,2.199418e+01,2.200797e+01,2.191141e+01,2.198039e+01,2.197349e+01,2.193901e+01,2.186310e+01,2.195970e+01,2.187691e+01,2.187000e+01,2.189761e+01,2.189071e+01,2.185620e+01,2.184929e+01,2.182858e+01,2.185620e+01,2.173876e+01,2.186310e+01,2.178713e+01,2.175258e+01,2.178022e+01,2.164195e+01,2.166962e+01,2.167654e+01,2.147577e+01,2.151734e+01,2.148963e+01,2.142725e+01,2.139952e+01,2.119820e+01,2.137871e+01,2.112869e+01,2.115650e+01,2.112869e+01,2.104522e+01,2.102434e+01,2.101738e+01,2.116345e+01,2.164887e+01,2.182167e+01,2.187691e+01,2.192521e+01,2.189071e+01,2.184929e+01,2.196660e+01,2.191831e+01,2.195970e+01,2.190451e+01,2.197349e+01,2.198039e+01,2.187000e+01,2.188381e+01,2.191141e+01,2.178713e+01,2.193211e+01,2.173876e+01,2.141339e+01,2.115650e+01,2.119126e+01,2.119820e+01,2.121905e+01,2.118431e+01,2.116345e+01,2.116345e+01,2.120515e+01,2.119126e+01,2.120515e+01,2.146884e+01,2.191831e+01,2.209066e+01,2.209066e+01,2.171111e+01,2.131626e+01,2.101042e+01,2.099649e+01,2.091987e+01,2.085715e+01,2.089897e+01,2.094077e+01,2.087806e+01,2.089200e+01,2.079438e+01,2.087806e+01,2.090594e+01,2.094077e+01,2.089897e+01,2.098256e+01,2.095471e+01,2.090594e+01,2.105218e+01,2.116345e+01,2.109392e+01,2.115650e+01,2.119126e+01,2.110783e+01,2.106609e+01,2.091987e+01,2.108001e+01,2.107305e+01,2.119126e+01,2.102434e+01,2.105914e+01,2.105914e+01,2.104522e+01,2.113565e+01,2.113565e+01,2.121210e+01,2.124683e+01,2.123989e+01,2.129544e+01,2.127461e+01,2.121210e+01,2.117736e+01,2.122600e+01,2.116345e+01,2.119126e+01,2.123294e+01,2.107305e+01,2.115650e+01,2.116345e+01,2.112869e+01,2.106609e+01,2.108001e+01,2.113565e+01,2.113565e+01,2.112869e+01,2.117736e+01,2.108001e+01,2.105914e+01,2.094774e+01,2.094077e+01,2.112174e+01,2.100345e+01,2.109392e+01,2.104522e+01,2.104522e+01,2.091987e+01,2.075251e+01,2.076647e+01,2.073157e+01,2.073855e+01,2.073855e+01,2.080833e+01,2.073855e+01,2.067570e+01,2.077344e+01,2.085715e+01,2.091987e+01,2.089200e+01,2.096864e+01,2.095471e+01,2.089897e+01,2.080135e+01,2.073855e+01,2.073157e+01,2.078042e+01,2.077344e+01,2.075251e+01,2.080135e+01,2.123294e+01,2.126072e+01,2.132320e+01,2.121210e+01,2.131626e+01,2.121210e+01,2.117041e+01,2.110088e+01,2.114260e+01,2.094774e+01,2.098256e+01,2.103130e+01,2.087109e+01,2.096167e+01,2.094077e+01,2.082925e+01,2.093381e+01,2.093381e+01,2.089200e+01,2.094774e+01,2.088503e+01,2.087806e+01,2.089200e+01,2.103826e+01,2.087109e+01,2.089897e+01,2.085715e+01,2.080833e+01,2.080833e+01,2.077344e+01,2.084320e+01,2.085017e+01,2.087109e+01,2.087109e+01,2.091291e+01,2.086412e+01,2.101738e+01,2.091987e+01,2.085715e+01,2.101042e+01,2.107305e+01,2.108001e+01,2.132320e+01,2.141339e+01,2.144805e+01,2.153812e+01,2.154505e+01,2.166962e+01,2.189071e+01,2.218016e+01,2.232458e+01,2.277716e+01,2.313915e+01,2.335710e+01,2.364246e+01,2.377129e+01,2.385258e+01,2.371706e+01,2.349988e+01,2.251683e+01,2.162811e+01,2.157274e+01,2.128850e+01,2.112869e+01,2.115650e+01,2.132320e+01,2.159351e+01,2.222145e+01,2.341831e+01,2.421083e+01,2.444001e+01,2.460820e+01,2.478954e+01,2.479625e+01,2.482309e+01,2.495717e+01,2.499736e+01,2.497727e+01,2.517135e+01,2.513791e+01,2.503084e+01,2.509777e+01,2.523151e+01,2.506431e+01,2.510446e+01,2.507770e+01,2.506431e+01,2.505762e+01,2.487674e+01,2.489686e+01,2.480967e+01,2.468884e+01,2.468884e+01,2.452750e+01,2.447367e+01,2.423107e+01,2.398791e+01,2.375096e+01,2.369672e+01,2.360853e+01,2.322775e+01,2.311869e+01,2.281136e+01,2.285239e+01,2.259911e+01,2.266078e+01,2.241389e+01,2.244135e+01,2.235207e+01,2.230396e+01,2.216640e+01,2.229709e+01,2.214575e+01,2.210443e+01,2.207688e+01,2.195280e+01,2.214575e+01,2.207688e+01,2.215263e+01,2.196660e+01,2.203554e+01,2.188381e+01,2.187691e+01,2.187000e+01,2.192521e+01,2.190451e+01,2.195280e+01,2.193901e+01,2.191831e+01,2.193211e+01,2.194591e+01,2.191141e+01,2.192521e+01,2.189761e+01,2.189761e+01,2.191141e+01,2.189071e+01,2.189071e+01,2.189761e+01,2.190451e+01,2.187691e+01,2.189071e+01,2.193901e+01,2.190451e+01,2.187000e+01,2.180786e+01,2.186310e+01,2.185620e+01,2.178713e+01,2.189071e+01,2.189071e+01,2.195280e+01,2.187691e+01,2.175949e+01,2.199418e+01,2.175258e+01,2.178713e+01,2.180095e+01,2.166962e+01,2.182858e+01,2.165579e+01,2.166962e+01,2.166270e+01,2.166270e+01,2.163503e+01,2.162119e+01,2.159351e+01,2.160043e+01,2.155890e+01,2.159351e+01,2.160043e+01,2.155890e+01,2.154505e+01,2.157274e+01,2.155197e+01,2.160043e+01,2.162119e+01,2.164887e+01,2.162119e+01,2.157967e+01,2.168345e+01,2.184239e+01,2.176641e+01,2.173185e+01,2.180786e+01,2.195970e+01,2.213886e+01,2.202865e+01,2.214575e+01,2.223520e+01,2.228334e+01,2.224208e+01,2.224896e+01,2.224208e+01,2.226959e+01,2.242762e+01,2.228334e+01,2.238642e+01,2.243448e+01,2.236581e+01,2.236581e+01,2.237955e+01,2.247566e+01,2.235894e+01,2.246880e+01,2.240015e+01,2.236581e+01,2.244135e+01,2.235207e+01,2.235894e+01,2.239328e+01,2.241389e+01,2.235207e+01,2.235894e+01,2.235207e+01,2.237268e+01,2.233833e+01,2.234520e+01,2.255798e+01,2.220081e+01,2.233146e+01,2.227647e+01,2.222145e+01,2.232458e+01,2.222833e+01,2.235894e+01,2.225584e+01,2.223520e+01,2.225584e+01,2.226271e+01,2.224208e+01,2.227647e+01,2.226959e+01,2.222833e+01,2.219393e+01,2.220769e+01,2.217328e+01,2.220769e+01,2.219393e+01,2.211821e+01,2.224896e+01,2.219393e+01,2.226271e+01,2.225584e+01,2.219393e+01,2.235894e+01,2.224896e+01,2.221457e+01,2.206999e+01,2.215952e+01,2.220769e+01,2.223520e+01,2.220769e+01,2.221457e+01,2.222145e+01,2.244135e+01,2.222833e+01,2.218016e+01,2.225584e+01,2.242075e+01,2.222833e+01,2.223520e+01,2.222833e+01,2.229022e+01,2.237955e+01,2.227647e+01,2.231084e+01,2.224896e+01,2.215263e+01,2.216640e+01,2.222145e+01,2.215263e+01,2.215952e+01,2.224896e+01,2.226959e+01,2.219393e+01,2.217328e+01,2.223520e+01,2.220769e+01,2.217328e+01,2.210443e+01,2.223520e+01,2.220081e+01,2.221457e+01,2.226271e+01,2.215952e+01,2.204932e+01,2.217328e+01,2.213886e+01,2.198729e+01,2.207688e+01,2.200107e+01,2.198039e+01,2.198039e+01,2.209066e+01,2.217328e+01,2.199418e+01,2.204932e+01
2.200797e+01,2.199418e+01,2.184929e+01,2.181476e+01,2.187000e+01,2.173876e+01,2.195280e+01,2.175949e+01,2.195970e+01,2.177332e+01,2.175949e+01,2.169728e+01,2.176641e+01,2.189071e+01,2.170420e+01,2.179404e+01,2.182167e+01,2.178713e+01,2.173876e+01,2.183548e+01,2.186310e+01,2.189071e+01,2.174567e+01,2.193211e+01,2.194591e+01,2.187691e+01,2.182167e+01,2.193901e+01,2.193901e+01,2.192521e+01,2.192521e+01,2.197349e+01,2.200107e+01,2.197349e+01,2.193901e+01,2.189071e+01,2.189761e+01,2.184929e+01,2.198729e+01,2.180786e+01,2.195280e+01,2.191141e+01,2.186310e+01,2.184239e+01,2.187000e+01,2.187691e+01,2.179404e+01,2.191141e+01,2.176641e+01,2.180095e+01,2.182858e+01,2.186310e+01,2.190451e+01,2.188381e+01,2.180786e+01,2.185620e+01,2.191831e+01,2.196660e+01,2.188381e+01,2.198039e+01,2.193901e+01,2.186310e+01,2.186310e+01,2.195280e+01,2.193211e+01,2.184239e+01,2.199418e+01,2.180786e+01,2.192521e+01,2.180786e+01,2.180095e+01,2.195280e+01,2.196660e+01,2.185620e+01,2.198039e+01,2.200107e+01,2.200797e+01,2.202176e+01,2.192521e+01,2.200107e+01,2.204932e+01,2.198729e+01,2.200797e+01,2.215952e+01,2.213886e+01,2.206310e+01,2.206310e+01,2.215952e+01,2.216640e+01,2.218705e+01,2.217328e+01,2.222145e+01,2.218705e+01,2.222145e+01,2.211821e+01,2.219393e+01,2.209066e+01,2.228334e+01,2.218016e+01,2.219393e+01,2.218705e+01,2.215263e+01,2.213198e+01,2.229709e+01,2.227647e+01,2.215263e+01,2.222833e+01,2.224896e+01,2.226271e+01,2.220081e+01,2.220769e+01,2.213198e+01,2.219393e+01,2.222145e+01,2.229022e+01,2.214575e+01,2.218705e+01,2.209755e+01,2.213886e+01,2.209755e+01,2.229022e+01,2.207688e+01,2.208377e+01,2.204932e+01,2.205621e+01,2.203554e+01,2.200797e+01,2.169037e+01,2.150349e+01,2.149656e+01,2.153812e+01,2.155197e+01,2.162119e+01,2.159351e+01,2.166270e+01,2.178713e+01,2.167654e+01,2.167654e+01,2.179404e+01,2.162119e+01,2.178022e+01,2.169037e+01,2.182858e+01,2.187000e+01,2.190451e+01,2.193901e+01,2.184929e+01,2.188381e+01,2.198729e+01,2.197349e+01,2.200107e+01,2.197349e+01,2.211821e+01,2.194591e+01,2.211132e+01,2.206310e+01,2.211821e+01,2.209066e+01,2.204932e+01,2.215952e+01,2.213198e+01,2.213886e+01,2.207688e+01,2.213886e+01,2.215952e+01,2.211132e+01,2.215263e+01,2.214575e+01,2.219393e+01,2.218016e+01,2.221457e+01,2.214575e+01,2.217328e+01,2.231771e+01,2.208377e+01,2.206310e+01,2.209755e+01,2.206999e+01,2.206999e+01,2.208377e+01,2.211821e+01,2.206310e+01,2.207688e+01,2.198729e+01,2.203554e+01,2.201486e+01,2.200107e+01,2.195280e+01,2.197349e+01,2.188381e+01,2.186310e+01,2.190451e+01,2.187000e+01,2.187691e+01,2.178022e+01,2.187000e+01,2.187691e+01,2.173185e+01,2.180786e+01,2.181476e+01,2.178022e+01,2.173185e+01,2.175258e+01,2.174567e+01,2.176641e+01,2.167654e+01,2.164195e+01,2.165579e+01,2.143419e+01,2.144112e+01,2.143419e+01,2.144112e+01,2.130932e+01,2.127461e+01,2.117041e+01,2.104522e+01,2.107305e+01,2.106609e+01,2.104522e+01,2.119820e+01,2.107305e+01,2.151042e+01,2.193901e+01,2.179404e+01,2.181476e+01,2.186310e+01,2.191141e+01,2.190451e+01,2.196660e+01,2.198729e+01,2.192521e+01,2.189761e+01,2.194591e+01,2.194591e+01,2.189071e+01,2.194591e+01,2.192521e+01,2.187691e+01,2.169037e+01,2.164887e+01,2.113565e+01,2.113565e+01,2.126072e+01,2.121905e+01,2.122600e+01,2.121905e+01,2.119126e+01,2.119126e+01,2.114260e+01,2.135096e+01,2.162119e+01,2.223520e+01,2.211132e+01,2.209755e+01,2.203554e+01,2.132320e+01,2.099649e+01,2.100345e+01,2.105914e+01,2.092684e+01,2.091987e+01,2.094077e+01,2.085715e+01,2.088503e+01,2.085017e+01,2.091987e+01,2.085017e+01,2.089200e+01,2.091291e+01,2.085715e+01,2.084320e+01,2.091987e+01,2.098953e+01,2.110783e+01,2.114955e+01,2.108696e+01,2.110783e+01,2.111479e+01,2.114260e+01,2.108696e+01,2.106609e+01,2.108001e+01,2.104522e+01,2.103826e+01,2.105218e+01,2.109392e+01,2.115650e+01,2.113565e+01,2.105914e+01,2.123294e+01,2.123989e+01,2.119820e+01,2.123294e+01,2.117736e+01,2.130238e+01,2.128850e+01,2.130932e+01,2.125378e+01,2.118431e+01,2.123294e+01,2.116345e+01,2.115650e+01,2.114260e+01,2.112869e+01,2.112869e+01,2.105914e+01,2.111479e+01,2.109392e+01,2.111479e+01,2.112869e+01,2.106609e+01,2.108696e+01,2.102434e+01,2.108696e+01,2.096167e+01,2.101042e+01,2.108001e+01,2.105914e+01,2.106609e+01,2.095471e+01,2.096864e+01,2.073855e+01,2.074553e+01,2.074553e+01,2.072459e+01,2.075949e+01,2.076647e+01,2.067570e+01,2.085017e+01,2.082228e+01,2.081530e+01,2.082925e+01,2.084320e+01,2.087109e+01,2.079438e+01,2.077344e+01,2.072459e+01,2.072459e+01,2.071761e+01,2.075251e+01,2.079438e+01,2.108696e+01,2.126072e+01,2.113565e+01,2.118431e+01,2.122600e+01,2.117736e+01,2.121905e+01,2.117736e+01,2.110783e+01,2.110783e+01,2.094077e+01,2.103826e+01,2.097560e+01,2.089897e+01,2.087109e+01,2.084320e+01,2.086412e+01,2.087109e+01,2.091987e+01,2.087109e+01,2.085017e+01,2.085715e+01,2.091987e+01,2.085715e+01,2.097560e+01,2.085017e+01,2.094774e+01,2.087806e+01,2.085715e+01,2.085715e+01,2.081530e+01,2.086412e+01,2.095471e+01,2.086412e+01,2.089897e+01,2.082228e+01,2.091291e+01,2.085715e+01,2.084320e+01,2.098256e+01,2.096864e+01,2.096864e+01,2.097560e+01,2.108696e+01,2.142032e+01,2.134402e+01,2.150349e+01,2.134402e+01,2.166270e+01,2.171802e+01,2.182167e+01,2.216640e+01,2.233833e+01,2.277716e+01,2.308459e+01,2.334349e+01,2.339791e+01,2.354063e+01,2.342511e+01,2.302318e+01,2.213198e+01,2.166270e+01,2.131626e+01,2.124683e+01,2.129544e+01,2.119126e+01,2.130238e+01,2.162119e+01,2.235207e+01,2.342511e+01,2.429177e+01,2.456786e+01,2.473584e+01,2.489015e+01,2.482980e+01,2.504423e+01,2.510446e+01,2.521814e+01,2.526491e+01,2.519809e+01,2.526491e+01,2.535839e+01,2.527827e+01,2.527159e+01,2.540510e+01,2.529163e+01,2.542512e+01,2.533837e+01,2.532502e+01,2.532502e+01,2.532502e+01,2.533169e+01,2.507770e+01,2.507770e+01,2.509777e+01,2.486333e+01,2.471570e+01,2.457458e+01,2.424457e+01,2.407579e+01,2.391350e+01,2.386612e+01,2.364246e+01,2.332307e+01,2.331627e+01,2.292074e+01,2.268132e+01,2.257169e+01,2.248939e+01,2.242075e+01,2.244821e+01,2.237268e+01,2.232458e+01,2.216640e+01,2.221457e+01,2.209755e+01,2.208377e+01,2.208377e+01,2.207688e+01,2.206999e+01,2.198039e+01,2.202176e+01,2.198039e+01,2.200797e+01,2.187000e+01,2.198039e+01,2.200797e+01,2.200107e+01,2.195970e+01,2.192521e+01,2.197349e+01,2.193211e+01,2.193901e+01,2.192521e+01,2.192521e+01,2.193211e+01,2.198729e+01,2.187691e+01,2.189761e+01,2.187000e+01,2.193901e+01,2.193211e+01,2.187000e+01,2.190451e+01,2.187000e+01,2.186310e+01,2.178022e+01,2.189071e+01,2.182858e+01,2.178022e+01,2.175258e+01,2.177332e+01,2.191141e+01,2.196660e+01,2.191141e+01,2.178713e+01,2.180095e+01,2.178022e+01,2.171802e+01,2.175949e+01,2.167654e+01,2.165579e+01,2.160735e+01,2.160735e+01,2.169728e+01,2.161427e+01,2.162119e+01,2.161427e+01,2.150349e+01,2.156582e+01,2.161427e+01,2.151042e+01,2.156582e+01,2.155197e+01,2.154505e+01,2.160043e+01,2.156582e+01,2.164195e+01,2.153812e+01,2.155197e+01,2.166270e+01,2.154505e+01,2.168345e+01,2.170420e+01,2.188381e+01,2.187000e+01,2.191831e+01,2.204932e+01,2.218705e+01,2.222145e+01,2.218705e+01,2.208377e+01,2.221457e+01,2.226271e+01,2.221457e+01,2.235207e+01,2.242762e+01,2.233146e+01,2.240702e+01,2.237268e+01,2.240702e+01,2.250997e+01,2.246880e+01,2.234520e+01,2.250997e+01,2.260596e+01,2.246880e+01,2.239328e+01,2.264022e+01,2.237268e+01,2.238642e+01,2.236581e+01,2.236581e+01,2.233146e+01,2.236581e+01,2.232458e+01,2.230396e+01,2.231771e+01,2.230396e+01,2.233146e+01,2.231084e+01,2.231084e+01,2.236581e+01,2.225584e+01,2.233146e+01,2.219393e+01,2.235207e+01,2.218705e+01,2.223520e+01,2.226271e+01,2.222833e+01,2.228334e+01,2.232458e+01,2.227647e+01,2.216640e+01,2.219393e+01,2.222833e+01,2.215263e+01,2.221457e+01,2.224896e+01,2.220769e+01,2.223520e+01,2.222833e+01,2.222833e+01,2.218016e+01,2.217328e+01,2.218016e+01,2.221457e+01,2.224896e+01,2.226959e+01,2.218705e+01,2.218016e+01,2.221457e+01,2.221457e+01,2.229022e+01,2.224896e+01,2.224208e+01,2.225584e+01,2.217328e+01,2.227647e+01,2.224208e+01,2.239328e+01,2.230396e+01,2.223520e+01,2.222833e+01,2.228334e+01,2.218705e+01,2.231771e+01,2.228334e+01,2.213198e+01,2.220769e+01,2.229022e+01,2.214575e+01,2.220769e+01,2.221457e+01,2.224896e+01,2.220081e+01,2.218705e+01,2.222833e+01,2.226271e+01,2.215952e+01,2.224208e+01,2.220081e+01,2.222145e+01,2.221457e+01,2.207688e+01,2.215263e+01,2.215263e+01,2.214575e+01,2.207688e+01,2.210443e+01,2.202176e+01,2.206310e+01,2.213886e+01,2.203554e+01,2.189761e+01,2.210443e+01,2.202865e+01,2.197349e+01
2.220081e+01,2.193901e+01,2.206310e+01,2.188381e+01,2.189071e+01,2.199418e+01,2.180095e+01,2.189071e+01,2.182167e+01,2.177332e+01,2.175949e+01,2.166962e+01,2.184929e+01,2.179404e+01,2.178713e+01,2.175258e+01,2.173876e+01,2.182167e+01,2.187691e+01,2.182858e+01,2.187691e+01,2.189071e+01,2.189761e+01,2.186310e+01,2.195280e+01,2.195280e+01,2.195970e+01,2.197349e+01,2.195280e+01,2.195970e+01,2.195280e+01,2.211132e+01,2.200107e+01,2.189071e+01,2.197349e+01,2.198039e+01,2.189761e+01,2.195280e+01,2.182167e+01,2.192521e+01,2.195280e+01,2.190451e+01,2.192521e+01,2.169037e+01,2.193211e+01,2.195970e+01,2.182167e+01,2.190451e+01,2.191831e+01,2.178022e+01,2.174567e+01,2.178022e+01,2.191831e+01,2.187000e+01,2.182858e+01,2.185620e+01,2.191141e+01,2.178022e+01,2.187691e+01,2.184929e+01,2.191141e+01,2.187000e+01,2.192521e+01,2.183548e+01,2.184929e+01,2.191831e+01,2.202865e+01,2.194591e+01,2.189761e+01,2.194591e+01,2.193211e+01,2.191141e+01,2.198729e+01,2.200107e+01,2.198729e+01,2.209755e+01,2.201486e+01,2.202176e+01,2.204243e+01,2.202865e+01,2.201486e+01,2.201486e+01,2.187691e+01,2.216640e+01,2.202865e+01,2.209755e+01,2.204243e+01,2.221457e+01,2.206999e+01,2.207688e+01,2.204243e+01,2.223520e+01,2.211821e+01,2.229022e+01,2.206310e+01,2.211821e+01,2.214575e+01,2.223520e+01,2.220769e+01,2.215263e+01,2.218705e+01,2.227647e+01,2.216640e+01,2.226959e+01,2.213886e+01,2.227647e+01,2.213198e+01,2.225584e+01,2.220769e+01,2.220081e+01,2.210443e+01,2.216640e+01,2.218016e+01,2.218016e+01,2.215263e+01,2.212509e+01,2.213198e+01,2.208377e+01,2.204932e+01,2.206999e+01,2.206310e+01,2.205621e+01,2.206999e+01,2.206999e+01,2.192521e+01,2.195280e+01,2.182858e+01,2.185620e+01,2.153812e+01,2.158659e+01,2.151734e+01,2.161427e+01,2.153119e+01,2.157274e+01,2.164887e+01,2.167654e+01,2.165579e+01,2.184929e+01,2.160043e+01,2.172494e+01,2.166962e+01,2.178713e+01,2.181476e+01,2.167654e+01,2.178022e+01,2.184929e+01,2.193901e+01,2.186310e+01,2.195280e+01,2.191141e+01,2.193901e+01,2.196660e+01,2.197349e+01,2.201486e+01,2.209755e+01,2.200797e+01,2.209755e+01,2.211132e+01,2.207688e+01,2.217328e+01,2.208377e+01,2.206999e+01,2.208377e+01,2.215263e+01,2.216640e+01,2.211821e+01,2.215952e+01,2.215952e+01,2.219393e+01,2.222145e+01,2.232458e+01,2.224896e+01,2.210443e+01,2.231084e+01,2.224896e+01,2.218705e+01,2.214575e+01,2.209755e+01,2.208377e+01,2.211132e+01,2.212509e+01,2.206999e+01,2.204932e+01,2.197349e+01,2.209066e+01,2.198039e+01,2.198729e+01,2.195280e+01,2.193211e+01,2.195970e+01,2.189761e+01,2.179404e+01,2.190451e+01,2.187691e+01,2.185620e+01,2.187691e+01,2.185620e+01,2.188381e+01,2.190451e+01,2.180786e+01,2.184239e+01,2.183548e+01,2.173876e+01,2.177332e+01,2.175258e+01,2.166270e+01,2.166962e+01,2.169037e+01,2.160735e+01,2.151734e+01,2.144112e+01,2.148963e+01,2.146191e+01,2.133708e+01,2.115650e+01,2.124683e+01,2.119126e+01,2.112869e+01,2.102434e+01,2.102434e+01,2.110088e+01,2.144805e+01,2.185620e+01,2.191141e+01,2.200107e+01,2.198039e+01,2.205621e+01,2.189071e+01,2.198039e+01,2.184239e+01,2.187691e+01,2.187000e+01,2.195970e+01,2.195970e+01,2.178022e+01,2.192521e+01,2.186310e+01,2.193211e+01,2.184239e+01,2.166270e+01,2.131626e+01,2.096864e+01,2.130238e+01,2.123294e+01,2.121905e+01,2.106609e+01,2.123989e+01,2.123294e+01,2.126072e+01,2.161427e+01,2.202176e+01,2.229022e+01,2.214575e+01,2.215263e+01,2.212509e+01,2.179404e+01,2.121905e+01,2.105218e+01,2.091291e+01,2.093381e+01,2.095471e+01,2.087109e+01,2.082925e+01,2.087109e+01,2.082228e+01,2.088503e+01,2.085715e+01,2.076647e+01,2.086412e+01,2.097560e+01,2.086412e+01,2.098953e+01,2.098953e+01,2.109392e+01,2.105914e+01,2.109392e+01,2.110088e+01,2.113565e+01,2.112869e+01,2.114260e+01,2.110088e+01,2.106609e+01,2.104522e+01,2.109392e+01,2.115650e+01,2.112869e+01,2.103130e+01,2.117041e+01,2.114955e+01,2.122600e+01,2.115650e+01,2.114260e+01,2.129544e+01,2.126072e+01,2.122600e+01,2.125378e+01,2.125378e+01,2.121905e+01,2.119820e+01,2.132320e+01,2.117736e+01,2.116345e+01,2.115650e+01,2.114955e+01,2.112869e+01,2.117736e+01,2.119126e+01,2.110783e+01,2.112869e+01,2.109392e+01,2.112174e+01,2.110783e+01,2.102434e+01,2.108696e+01,2.096864e+01,2.108001e+01,2.105914e+01,2.110783e+01,2.112869e+01,2.104522e+01,2.098256e+01,2.073157e+01,2.073855e+01,2.071761e+01,2.077344e+01,2.070364e+01,2.075949e+01,2.075251e+01,2.075949e+01,2.078042e+01,2.087109e+01,2.085017e+01,2.082228e+01,2.078042e+01,2.078042e+01,2.076647e+01,2.072459e+01,2.071761e+01,2.061282e+01,2.071761e+01,2.076647e+01,2.110088e+01,2.117736e+01,2.124683e+01,2.125378e+01,2.120515e+01,2.120515e+01,2.129544e+01,2.111479e+01,2.110783e+01,2.105218e+01,2.101738e+01,2.103130e+01,2.098256e+01,2.097560e+01,2.098953e+01,2.089200e+01,2.087806e+01,2.083623e+01,2.087806e+01,2.086412e+01,2.091291e+01,2.087806e+01,2.091291e+01,2.087109e+01,2.100345e+01,2.086412e+01,2.094774e+01,2.087109e+01,2.092684e+01,2.089897e+01,2.085715e+01,2.097560e+01,2.087109e+01,2.091291e+01,2.079438e+01,2.088503e+01,2.087109e+01,2.081530e+01,2.083623e+01,2.076647e+01,2.091987e+01,2.101042e+01,2.094077e+01,2.108696e+01,2.112174e+01,2.118431e+01,2.121905e+01,2.122600e+01,2.151042e+01,2.152427e+01,2.177332e+01,2.187691e+01,2.209755e+01,2.211821e+01,2.258540e+01,2.259911e+01,2.287974e+01,2.293440e+01,2.291391e+01,2.255798e+01,2.195970e+01,2.140645e+01,2.131626e+01,2.130238e+01,2.125378e+01,2.123294e+01,2.140645e+01,2.164887e+01,2.238642e+01,2.346590e+01,2.412983e+01,2.446694e+01,2.476270e+01,2.480967e+01,2.492367e+01,2.512453e+01,2.505762e+01,2.517803e+01,2.525823e+01,2.545179e+01,2.547179e+01,2.546513e+01,2.547179e+01,2.557841e+01,2.553844e+01,2.571154e+01,2.573149e+01,2.582456e+01,2.585778e+01,2.577803e+01,2.571154e+01,2.569158e+01,2.562503e+01,2.553178e+01,2.531166e+01,2.527827e+01,2.526491e+01,2.513122e+01,2.487004e+01,2.460820e+01,2.448713e+01,2.417034e+01,2.392027e+01,2.383903e+01,2.358138e+01,2.324818e+01,2.302318e+01,2.307777e+01,2.273610e+01,2.269502e+01,2.248252e+01,2.241389e+01,2.238642e+01,2.229709e+01,2.225584e+01,2.216640e+01,2.211821e+01,2.227647e+01,2.208377e+01,2.206310e+01,2.206310e+01,2.206310e+01,2.189761e+01,2.202865e+01,2.189761e+01,2.193211e+01,2.198039e+01,2.195280e+01,2.195970e+01,2.193901e+01,2.193211e+01,2.192521e+01,2.187691e+01,2.196660e+01,2.195280e+01,2.200797e+01,2.189071e+01,2.193211e+01,2.193211e+01,2.189071e+01,2.191831e+01,2.187000e+01,2.189761e+01,2.193211e+01,2.187691e+01,2.186310e+01,2.184929e+01,2.175949e+01,2.184239e+01,2.177332e+01,2.179404e+01,2.192521e+01,2.194591e+01,2.180095e+01,2.189761e+01,2.183548e+01,2.178713e+01,2.181476e+01,2.179404e+01,2.174567e+01,2.182167e+01,2.164887e+01,2.177332e+01,2.171111e+01,2.159351e+01,2.162119e+01,2.160735e+01,2.157967e+01,2.162119e+01,2.160043e+01,2.148270e+01,2.160043e+01,2.151734e+01,2.154505e+01,2.170420e+01,2.154505e+01,2.164195e+01,2.154505e+01,2.163503e+01,2.157274e+01,2.166270e+01,2.156582e+01,2.166962e+01,2.184929e+01,2.170420e+01,2.192521e+01,2.189761e+01,2.204243e+01,2.206999e+01,2.211821e+01,2.221457e+01,2.224896e+01,2.231084e+01,2.224208e+01,2.226959e+01,2.239328e+01,2.231771e+01,2.231084e+01,2.240015e+01,2.250311e+01,2.235207e+01,2.240702e+01,2.254426e+01,2.247566e+01,2.243448e+01,2.244135e+01,2.255798e+01,2.253741e+01,2.237955e+01,2.241389e+01,2.239328e+01,2.245507e+01,2.242762e+01,2.240702e+01,2.235207e+01,2.242762e+01,2.237955e+01,2.232458e+01,2.239328e+01,2.233146e+01,2.237268e+01,2.226271e+01,2.239328e+01,2.239328e+01,2.233833e+01,2.229022e+01,2.230396e+01,2.228334e+01,2.224208e+01,2.231084e+01,2.224208e+01,2.225584e+01,2.226271e+01,2.229709e+01,2.230396e+01,2.227647e+01,2.222145e+01,2.220769e+01,2.220769e+01,2.224208e+01,2.226959e+01,2.224896e+01,2.225584e+01,2.231084e+01,2.218016e+01,2.215263e+01,2.218705e+01,2.218016e+01,2.218016e+01,2.220769e+01,2.224208e+01,2.223520e+01,2.222145e+01,2.238642e+01,2.222145e+01,2.223520e+01,2.224208e+01,2.213198e+01,2.225584e+01,2.211132e+01,2.230396e+01,2.215263e+01,2.224208e+01,2.230396e+01,2.237955e+01,2.230396e+01,2.222145e+01,2.226271e+01,2.229022e+01,2.213198e+01,2.215952e+01,2.231084e+01,2.226271e+01,2.224896e+01,2.218016e+01,2.222145e+01,2.224896e+01,2.228334e+01,2.222833e+01,2.226959e+01,2.221457e+01,2.224208e+01,2.224896e+01,2.209755e+01,2.217328e+01,2.224208e+01,2.218705e+01,2.219393e+01,2.213198e+01,2.220769e+01,2.202865e+01,2.206999e+01,2.209066e+01,2.197349e+01,2.200107e+01,2.206999e+01,2.197349e+01,2.207688e+01,2.198729e+01
2.195970e+01,2.194591e+01,2.201486e+01,2.189761e+01,2.183548e+01,2.195970e+01,2.197349e+01,2.184239e+01,2.184929e+01,2.184929e+01,2.175258e+01,2.176641e+01,2.177332e+01,2.182167e+01,2.180786e+01,2.180095e+01,2.181476e+01,2.185620e+01,2.178022e+01,2.197349e+01,2.189071e+01,2.188381e+01,2.191831e+01,2.198729e+01,2.196660e+01,2.195970e+01,2.187691e+01,2.195280e+01,2.193901e+01,2.191831e+01,2.199418e+01,2.204932e+01,2.202176e+01,2.204932e+01,2.201486e+01,2.202176e+01,2.197349e+01,2.185620e+01,2.205621e+01,2.190451e+01,2.193211e+01,2.191831e+01,2.191141e+01,2.184929e+01,2.191141e+01,2.189761e+01,2.178022e+01,2.193901e+01,2.178022e+01,2.185620e+01,2.186310e+01,2.184239e+01,2.183548e+01,2.187691e+01,2.181476e+01,2.182858e+01,2.182167e+01,2.180095e+01,2.190451e+01,2.187691e+01,2.182167e+01,2.190451e+01,2.186310e+01,2.178022e+01,2.202865e+01,2.199418e+01,2.204243e+01,2.196660e+01,2.193901e+01,2.192521e+01,2.192521e+01,2.198729e+01,2.197349e+01,2.198729e+01,2.198039e+01,2.218016e+01,2.202176e+01,2.204243e+01,2.200797e+01,2.207688e+01,2.201486e+01,2.209755e+01,2.209066e+01,2.200107e+01,2.202865e+01,2.204243e+01,2.204243e+01,2.222145e+01,2.220769e+01,2.215952e+01,2.213198e+01,2.226271e+01,2.228334e+01,2.219393e+01,2.225584e+01,2.218016e+01,2.227647e+01,2.226271e+01,2.219393e+01,2.220081e+01,2.224208e+01,2.222145e+01,2.225584e+01,2.218016e+01,2.223520e+01,2.217328e+01,2.215263e+01,2.220081e+01,2.224208e+01,2.216640e+01,2.215952e+01,2.220081e+01,2.213886e+01,2.212509e+01,2.221457e+01,2.204243e+01,2.211821e+01,2.204932e+01,2.209755e+01,2.207688e+01,2.210443e+01,2.200797e+01,2.196660e+01,2.204932e+01,2.202176e+01,2.198039e+01,2.178713e+01,2.202865e+01,2.173876e+01,2.153812e+01,2.156582e+01,2.160735e+01,2.162811e+01,2.169728e+01,2.156582e+01,2.163503e+01,2.166270e+01,2.160043e+01,2.163503e+01,2.182167e+01,2.174567e+01,2.177332e+01,2.151042e+01,2.175258e+01,2.179404e+01,2.188381e+01,2.182167e+01,2.193211e+01,2.190451e+01,2.203554e+01,2.194591e+01,2.195970e+01,2.198729e+01,2.209066e+01,2.202865e+01,2.211821e+01,2.198729e+01,2.224896e+01,2.204932e+01,2.211132e+01,2.207688e+01,2.213886e+01,2.217328e+01,2.203554e+01,2.208377e+01,2.213886e+01,2.209755e+01,2.213198e+01,2.218016e+01,2.205621e+01,2.226271e+01,2.220769e+01,2.226959e+01,2.224896e+01,2.211132e+01,2.204243e+01,2.218705e+01,2.213886e+01,2.212509e+01,2.218016e+01,2.208377e+01,2.198729e+01,2.211132e+01,2.206310e+01,2.200797e+01,2.199418e+01,2.198729e+01,2.201486e+01,2.200797e+01,2.195970e+01,2.193901e+01,2.187691e+01,2.187691e+01,2.194591e+01,2.184929e+01,2.184929e+01,2.186310e+01,2.183548e+01,2.169037e+01,2.183548e+01,2.179404e+01,2.170420e+01,2.179404e+01,2.175949e+01,2.173185e+01,2.160043e+01,2.163503e+01,2.165579e+01,2.170420e+01,2.163503e+01,2.152427e+01,2.144112e+01,2.149656e+01,2.137177e+01,2.128850e+01,2.114955e+01,2.110088e+01,2.118431e+01,2.119126e+01,2.105218e+01,2.124683e+01,2.158659e+01,2.189071e+01,2.195970e+01,2.184239e+01,2.191831e+01,2.192521e+01,2.194591e+01,2.193211e+01,2.186310e+01,2.198039e+01,2.198729e+01,2.191141e+01,2.195970e+01,2.194591e+01,2.191141e+01,2.187691e+01,2.202176e+01,2.191141e+01,2.168345e+01,2.136484e+01,2.114955e+01,2.119126e+01,2.121905e+01,2.108001e+01,2.120515e+01,2.116345e+01,2.127461e+01,2.148270e+01,2.193211e+01,2.224208e+01,2.227647e+01,2.229709e+01,2.211821e+01,2.212509e+01,2.182858e+01,2.133708e+01,2.105218e+01,2.105218e+01,2.104522e+01,2.088503e+01,2.094077e+01,2.083623e+01,2.089897e+01,2.085017e+01,2.089897e+01,2.089200e+01,2.087109e+01,2.084320e+01,2.089200e+01,2.086412e+01,2.096864e+01,2.098953e+01,2.100345e+01,2.108696e+01,2.105914e+01,2.112869e+01,2.119820e+01,2.117736e+01,2.114955e+01,2.113565e+01,2.110783e+01,2.103130e+01,2.100345e+01,2.109392e+01,2.120515e+01,2.121210e+01,2.114260e+01,2.121905e+01,2.124683e+01,2.132320e+01,2.128156e+01,2.130932e+01,2.126767e+01,2.123989e+01,2.123989e+01,2.124683e+01,2.109392e+01,2.124683e+01,2.121210e+01,2.123294e+01,2.121210e+01,2.119126e+01,2.111479e+01,2.114955e+01,2.107305e+01,2.116345e+01,2.109392e+01,2.112869e+01,2.110088e+01,2.109392e+01,2.112869e+01,2.119820e+01,2.096864e+01,2.109392e+01,2.109392e+01,2.103826e+01,2.126072e+01,2.101042e+01,2.117736e+01,2.080135e+01,2.090594e+01,2.074553e+01,2.073855e+01,2.059884e+01,2.077344e+01,2.073157e+01,2.073157e+01,2.082228e+01,2.080833e+01,2.085017e+01,2.073855e+01,2.085715e+01,2.082925e+01,2.080833e+01,2.077344e+01,2.071761e+01,2.057787e+01,2.066174e+01,2.067570e+01,2.080833e+01,2.114260e+01,2.117736e+01,2.118431e+01,2.114260e+01,2.118431e+01,2.115650e+01,2.112869e+01,2.121905e+01,2.103130e+01,2.105914e+01,2.106609e+01,2.098953e+01,2.103826e+01,2.096864e+01,2.099649e+01,2.091291e+01,2.094077e+01,2.084320e+01,2.087109e+01,2.094077e+01,2.096864e+01,2.101042e+01,2.090594e+01,2.095471e+01,2.097560e+01,2.098953e+01,2.094077e+01,2.090594e+01,2.093381e+01,2.096167e+01,2.091987e+01,2.087109e+01,2.096864e+01,2.090594e+01,2.081530e+01,2.086412e+01,2.095471e+01,2.085017e+01,2.080135e+01,2.079438e+01,2.084320e+01,2.080833e+01,2.078740e+01,2.101042e+01,2.096864e+01,2.100345e+01,2.118431e+01,2.120515e+01,2.135790e+01,2.146884e+01,2.155197e+01,2.162119e+01,2.173876e+01,2.193211e+01,2.208377e+01,2.210443e+01,2.228334e+01,2.235207e+01,2.231771e+01,2.212509e+01,2.168345e+01,2.131626e+01,2.129544e+01,2.122600e+01,2.131626e+01,2.125378e+01,2.124683e+01,2.162811e+01,2.246194e+01,2.316642e+01,2.397439e+01,2.400820e+01,2.415008e+01,2.427155e+01,2.448713e+01,2.458131e+01,2.478283e+01,2.469555e+01,2.506431e+01,2.516466e+01,2.528495e+01,2.545846e+01,2.541177e+01,2.579798e+01,2.573814e+01,2.580462e+01,2.586442e+01,2.601045e+01,2.592418e+01,2.590427e+01,2.581127e+01,2.601708e+01,2.594410e+01,2.575144e+01,2.575144e+01,2.575809e+01,2.566496e+01,2.541177e+01,2.543845e+01,2.518472e+01,2.490356e+01,2.487004e+01,2.450059e+01,2.419059e+01,2.407579e+01,2.368994e+01,2.344551e+01,2.328904e+01,2.300953e+01,2.277032e+01,2.270187e+01,2.249625e+01,2.250311e+01,2.244135e+01,2.231771e+01,2.231084e+01,2.208377e+01,2.222833e+01,2.214575e+01,2.211821e+01,2.222833e+01,2.204932e+01,2.188381e+01,2.200797e+01,2.198039e+01,2.184929e+01,2.196660e+01,2.185620e+01,2.189761e+01,2.189761e+01,2.197349e+01,2.196660e+01,2.193211e+01,2.193211e+01,2.189761e+01,2.186310e+01,2.200797e+01,2.189071e+01,2.190451e+01,2.190451e+01,2.188381e+01,2.189071e+01,2.190451e+01,2.189761e+01,2.183548e+01,2.187691e+01,2.185620e+01,2.182167e+01,2.185620e+01,2.192521e+01,2.186310e+01,2.188381e+01,2.193211e+01,2.181476e+01,2.181476e+01,2.180786e+01,2.184929e+01,2.182858e+01,2.173185e+01,2.181476e+01,2.177332e+01,2.174567e+01,2.174567e+01,2.158659e+01,2.171111e+01,2.163503e+01,2.161427e+01,2.163503e+01,2.157967e+01,2.159351e+01,2.161427e+01,2.147577e+01,2.148270e+01,2.144805e+01,2.153812e+01,2.166962e+01,2.166270e+01,2.157967e+01,2.151734e+01,2.168345e+01,2.151734e+01,2.169037e+01,2.170420e+01,2.178713e+01,2.174567e+01,2.176641e+01,2.197349e+01,2.202865e+01,2.201486e+01,2.210443e+01,2.218016e+01,2.215952e+01,2.224208e+01,2.230396e+01,2.233833e+01,2.229022e+01,2.227647e+01,2.232458e+01,2.239328e+01,2.233833e+01,2.240015e+01,2.246880e+01,2.242762e+01,2.244821e+01,2.260596e+01,2.244821e+01,2.249625e+01,2.255798e+01,2.237268e+01,2.255112e+01,2.251683e+01,2.239328e+01,2.237955e+01,2.246880e+01,2.240015e+01,2.233833e+01,2.227647e+01,2.234520e+01,2.253055e+01,2.233146e+01,2.237955e+01,2.227647e+01,2.246880e+01,2.233833e+01,2.232458e+01,2.234520e+01,2.235894e+01,2.228334e+01,2.227647e+01,2.240015e+01,2.234520e+01,2.226959e+01,2.232458e+01,2.225584e+01,2.232458e+01,2.228334e+01,2.220769e+01,2.224208e+01,2.234520e+01,2.237268e+01,2.225584e+01,2.219393e+01,2.230396e+01,2.215952e+01,2.231771e+01,2.220769e+01,2.218705e+01,2.222833e+01,2.213886e+01,2.218016e+01,2.228334e+01,2.222833e+01,2.223520e+01,2.222833e+01,2.225584e+01,2.230396e+01,2.224208e+01,2.226959e+01,2.226959e+01,2.213198e+01,2.230396e+01,2.215952e+01,2.222145e+01,2.234520e+01,2.228334e+01,2.229022e+01,2.234520e+01,2.230396e+01,2.230396e+01,2.213198e+01,2.226271e+01,2.226959e+01,2.218705e+01,2.220081e+01,2.238642e+01,2.228334e+01,2.222145e+01,2.226271e+01,2.224896e+01,2.220081e+01,2.224896e+01,2.222833e+01,2.224896e+01,2.205621e+01,2.221457e+01,2.213886e+01,2.218705e+01,2.216640e+01,2.203554e+01,2.209066e+01,2.211132e+01,2.200797e+01,2.218705e+01,2.199418e+01,2.198039e+01,2.203554e+01,2.192521e+01,2.198039e+01,2.200107e+01
2.197349e+01,2.193901e+01,2.194591e+01,2.192521e+01,2.199418e+01,2.187691e+01,2.187000e+01,2.201486e+01,2.180786e+01,2.173185e+01,2.193211e+01,2.178022e+01,2.177332e+01,2.182167e+01,2.182167e+01,2.180786e+01,2.177332e+01,2.189071e+01,2.188381e+01,2.189761e+01,2.195280e+01,2.187000e+01,2.193211e+01,2.190451e+01,2.194591e+01,2.207688e+01,2.192521e+01,2.198039e+01,2.197349e+01,2.196660e+01,2.198039e+01,2.199418e+01,2.200107e+01,2.189761e+01,2.202176e+01,2.195280e+01,2.207688e+01,2.191141e+01,2.207688e+01,2.193211e+01,2.205621e+01,2.193901e+01,2.189071e+01,2.197349e+01,2.189761e+01,2.194591e+01,2.192521e+01,2.183548e+01,2.178713e+01,2.178022e+01,2.182858e+01,2.187000e+01,2.184929e+01,2.184239e+01,2.185620e+01,2.188381e+01,2.185620e+01,2.180786e+01,2.182858e+01,2.189071e+01,2.187691e+01,2.191141e+01,2.192521e+01,2.189761e+01,2.193211e+01,2.200107e+01,2.195970e+01,2.192521e+01,2.195970e+01,2.197349e+01,2.193211e+01,2.203554e+01,2.191141e+01,2.202865e+01,2.198039e+01,2.202176e+01,2.195280e+01,2.207688e+01,2.211132e+01,2.206999e+01,2.206999e+01,2.211132e+01,2.206999e+01,2.203554e+01,2.212509e+01,2.215952e+01,2.214575e+01,2.206310e+01,2.225584e+01,2.216640e+01,2.220769e+01,2.222833e+01,2.228334e+01,2.220769e+01,2.208377e+01,2.211132e+01,2.218705e+01,2.222833e+01,2.220081e+01,2.220081e+01,2.222833e+01,2.222145e+01,2.221457e+01,2.215952e+01,2.210443e+01,2.224208e+01,2.218705e+01,2.213886e+01,2.210443e+01,2.219393e+01,2.220769e+01,2.219393e+01,2.217328e+01,2.215952e+01,2.213198e+01,2.206310e+01,2.209755e+01,2.211821e+01,2.206999e+01,2.206310e+01,2.198039e+01,2.202865e+01,2.204932e+01,2.198039e+01,2.201486e+01,2.200107e+01,2.200797e+01,2.197349e+01,2.181476e+01,2.162811e+01,2.158659e+01,2.163503e+01,2.162119e+01,2.169037e+01,2.167654e+01,2.163503e+01,2.161427e+01,2.162811e+01,2.161427e+01,2.164887e+01,2.173876e+01,2.174567e+01,2.172494e+01,2.179404e+01,2.181476e+01,2.193211e+01,2.191831e+01,2.180095e+01,2.185620e+01,2.194591e+01,2.194591e+01,2.195280e+01,2.199418e+01,2.196660e+01,2.200107e+01,2.194591e+01,2.198729e+01,2.212509e+01,2.202176e+01,2.208377e+01,2.211821e+01,2.202865e+01,2.205621e+01,2.209066e+01,2.206310e+01,2.205621e+01,2.213886e+01,2.214575e+01,2.214575e+01,2.215263e+01,2.224896e+01,2.224208e+01,2.211132e+01,2.212509e+01,2.215263e+01,2.211821e+01,2.214575e+01,2.216640e+01,2.215952e+01,2.213198e+01,2.204243e+01,2.202865e+01,2.210443e+01,2.195970e+01,2.196660e+01,2.197349e+01,2.199418e+01,2.195970e+01,2.198729e+01,2.195970e+01,2.193901e+01,2.187000e+01,2.178713e+01,2.192521e+01,2.190451e+01,2.180095e+01,2.181476e+01,2.180786e+01,2.182167e+01,2.169037e+01,2.189071e+01,2.177332e+01,2.169728e+01,2.173876e+01,2.170420e+01,2.159351e+01,2.156582e+01,2.156582e+01,2.157967e+01,2.153812e+01,2.162811e+01,2.137871e+01,2.149656e+01,2.132320e+01,2.121905e+01,2.117041e+01,2.121905e+01,2.119126e+01,2.120515e+01,2.123294e+01,2.129544e+01,2.166270e+01,2.191831e+01,2.202176e+01,2.195970e+01,2.191141e+01,2.204932e+01,2.191831e+01,2.198039e+01,2.198039e+01,2.195970e+01,2.196660e+01,2.193901e+01,2.189761e+01,2.181476e+01,2.195280e+01,2.198039e+01,2.196660e+01,2.186310e+01,2.169728e+01,2.137871e+01,2.114955e+01,2.105914e+01,2.119820e+01,2.101042e+01,2.114260e+01,2.112869e+01,2.140645e+01,2.189071e+01,2.230396e+01,2.225584e+01,2.240015e+01,2.222833e+01,2.234520e+01,2.207688e+01,2.182858e+01,2.169037e+01,2.104522e+01,2.104522e+01,2.097560e+01,2.085017e+01,2.085017e+01,2.082925e+01,2.085715e+01,2.088503e+01,2.086412e+01,2.086412e+01,2.087109e+01,2.082228e+01,2.081530e+01,2.091987e+01,2.091987e+01,2.086412e+01,2.079438e+01,2.099649e+01,2.109392e+01,2.114955e+01,2.114955e+01,2.128850e+01,2.109392e+01,2.119126e+01,2.109392e+01,2.109392e+01,2.112174e+01,2.111479e+01,2.104522e+01,2.119820e+01,2.112174e+01,2.125378e+01,2.135790e+01,2.127461e+01,2.133014e+01,2.131626e+01,2.128156e+01,2.126767e+01,2.121210e+01,2.126767e+01,2.129544e+01,2.114955e+01,2.127461e+01,2.113565e+01,2.114955e+01,2.119820e+01,2.112869e+01,2.117041e+01,2.116345e+01,2.113565e+01,2.107305e+01,2.118431e+01,2.110783e+01,2.110783e+01,2.118431e+01,2.110088e+01,2.112869e+01,2.105914e+01,2.112174e+01,2.105914e+01,2.102434e+01,2.103130e+01,2.107305e+01,2.112869e+01,2.095471e+01,2.074553e+01,2.069666e+01,2.062680e+01,2.070364e+01,2.066174e+01,2.075949e+01,2.067570e+01,2.077344e+01,2.075251e+01,2.077344e+01,2.082925e+01,2.071761e+01,2.080833e+01,2.062680e+01,2.065475e+01,2.066174e+01,2.063379e+01,2.071761e+01,2.106609e+01,2.111479e+01,2.115650e+01,2.119126e+01,2.110783e+01,2.112174e+01,2.113565e+01,2.108696e+01,2.110088e+01,2.096864e+01,2.094774e+01,2.108001e+01,2.108001e+01,2.096864e+01,2.089200e+01,2.096864e+01,2.096864e+01,2.094774e+01,2.089897e+01,2.093381e+01,2.087806e+01,2.096864e+01,2.093381e+01,2.105914e+01,2.092684e+01,2.096864e+01,2.096167e+01,2.093381e+01,2.095471e+01,2.094077e+01,2.101738e+01,2.080135e+01,2.082925e+01,2.099649e+01,2.092684e+01,2.092684e+01,2.078740e+01,2.078042e+01,2.079438e+01,2.080135e+01,2.080135e+01,2.080135e+01,2.080833e+01,2.079438e+01,2.094077e+01,2.085017e+01,2.090594e+01,2.101738e+01,2.114955e+01,2.112174e+01,2.114955e+01,2.137177e+01,2.142725e+01,2.162811e+01,2.165579e+01,2.164195e+01,2.195280e+01,2.200107e+01,2.168345e+01,2.171111e+01,2.170420e+01,2.144805e+01,2.119126e+01,2.110088e+01,2.113565e+01,2.115650e+01,2.123989e+01,2.128156e+01,2.161427e+01,2.232458e+01,2.292074e+01,2.312551e+01,2.353384e+01,2.353384e+01,2.389996e+01,2.392027e+01,2.394057e+01,2.406903e+01,2.431200e+01,2.435244e+01,2.470227e+01,2.474256e+01,2.503084e+01,2.545179e+01,2.556509e+01,2.559173e+01,2.591755e+01,2.589762e+01,2.599055e+01,2.599055e+01,2.621588e+01,2.617615e+01,2.623573e+01,2.615628e+01,2.613640e+01,2.615628e+01,2.614303e+01,2.604361e+01,2.603698e+01,2.592418e+01,2.565831e+01,2.543845e+01,2.542512e+01,2.506431e+01,2.489686e+01,2.451405e+01,2.423107e+01,2.401496e+01,2.379162e+01,2.349308e+01,2.322093e+01,2.311869e+01,2.291391e+01,2.279084e+01,2.255798e+01,2.252369e+01,2.236581e+01,2.215263e+01,2.231084e+01,2.213886e+01,2.204932e+01,2.211821e+01,2.210443e+01,2.200107e+01,2.204932e+01,2.191141e+01,2.204243e+01,2.198729e+01,2.193901e+01,2.181476e+01,2.191141e+01,2.199418e+01,2.187000e+01,2.195970e+01,2.192521e+01,2.193211e+01,2.198039e+01,2.187000e+01,2.189761e+01,2.187691e+01,2.190451e+01,2.191831e+01,2.199418e+01,2.187000e+01,2.189071e+01,2.183548e+01,2.189761e+01,2.184929e+01,2.181476e+01,2.184239e+01,2.187691e+01,2.188381e+01,2.189071e+01,2.183548e+01,2.193211e+01,2.185620e+01,2.181476e+01,2.178022e+01,2.181476e+01,2.182167e+01,2.175258e+01,2.178022e+01,2.158659e+01,2.159351e+01,2.172494e+01,2.166270e+01,2.162811e+01,2.161427e+01,2.159351e+01,2.157967e+01,2.160735e+01,2.155890e+01,2.160043e+01,2.155197e+01,2.167654e+01,2.149656e+01,2.150349e+01,2.160735e+01,2.146884e+01,2.154505e+01,2.155197e+01,2.152427e+01,2.172494e+01,2.162811e+01,2.177332e+01,2.168345e+01,2.184239e+01,2.190451e+01,2.191141e+01,2.195970e+01,2.195280e+01,2.222833e+01,2.215952e+01,2.223520e+01,2.225584e+01,2.230396e+01,2.231771e+01,2.234520e+01,2.242075e+01,2.229709e+01,2.240702e+01,2.242075e+01,2.244821e+01,2.248939e+01,2.246880e+01,2.243448e+01,2.243448e+01,2.238642e+01,2.240015e+01,2.248939e+01,2.240702e+01,2.248252e+01,2.242762e+01,2.240702e+01,2.241389e+01,2.243448e+01,2.231771e+01,2.239328e+01,2.246194e+01,2.244135e+01,2.226271e+01,2.244135e+01,2.227647e+01,2.238642e+01,2.226959e+01,2.226271e+01,2.233833e+01,2.241389e+01,2.226271e+01,2.229022e+01,2.229022e+01,2.229709e+01,2.233833e+01,2.236581e+01,2.232458e+01,2.223520e+01,2.228334e+01,2.221457e+01,2.226959e+01,2.225584e+01,2.218016e+01,2.224896e+01,2.220081e+01,2.231084e+01,2.230396e+01,2.230396e+01,2.218705e+01,2.224896e+01,2.227647e+01,2.231771e+01,2.221457e+01,2.221457e+01,2.213198e+01,2.220081e+01,2.215952e+01,2.227647e+01,2.221457e+01,2.222833e+01,2.221457e+01,2.223520e+01,2.224896e+01,2.229709e+01,2.233146e+01,2.225584e+01,2.226959e+01,2.222833e+01,2.226959e+01,2.225584e+01,2.226959e+01,2.229022e+01,2.231771e+01,2.226959e+01,2.229022e+01,2.217328e+01,2.231084e+01,2.222833e+01,2.217328e+01,2.226959e+01,2.242075e+01,2.224896e+01,2.226271e+01,2.220081e+01,2.224896e+01,2.220769e+01,2.229022e+01,2.209755e+01,2.221457e+01,2.220769e+01,2.198729e+01,2.212509e+01,2.198039e+01,2.213198e+01,2.196660e+01,2.211132e+01,2.206999e+01,2.194591e+01,2.198039e+01,2.203554e+01,2.199418e+01,2.200107e+01
2.195280e+01,2.191831e+01,2.200107e+01,2.191831e+01,2.174567e+01,2.194591e+01,2.189761e+01,2.191831e+01,2.192521e+01,2.189071e+01,2.191831e+01,2.186310e+01,2.180786e+01,2.185620e+01,2.178022e+01,2.177332e+01,2.181476e+01,2.183548e+01,2.191141e+01,2.203554e+01,2.204243e+01,2.189071e+01,2.200107e+01,2.207688e+01,2.189071e+01,2.195970e+01,2.195280e+01,2.199418e+01,2.191141e+01,2.188381e+01,2.206310e+01,2.200107e+01,2.199418e+01,2.200797e+01,2.199418e+01,2.192521e+01,2.178713e+01,2.207688e+01,2.204243e+01,2.201486e+01,2.198729e+01,2.194591e+01,2.191141e+01,2.197349e+01,2.194591e+01,2.186310e+01,2.182858e+01,2.187000e+01,2.186310e+01,2.183548e+01,2.180786e+01,2.201486e+01,2.191831e+01,2.189761e+01,2.188381e+01,2.187691e+01,2.199418e+01,2.188381e+01,2.187000e+01,2.200107e+01,2.187691e+01,2.202176e+01,2.188381e+01,2.193901e+01,2.193211e+01,2.185620e+01,2.198039e+01,2.198039e+01,2.195970e+01,2.202176e+01,2.196660e+01,2.200107e+01,2.200797e+01,2.196660e+01,2.196660e+01,2.195280e+01,2.207688e+01,2.200797e+01,2.204932e+01,2.218016e+01,2.205621e+01,2.220081e+01,2.206999e+01,2.209755e+01,2.215952e+01,2.202865e+01,2.216640e+01,2.223520e+01,2.211132e+01,2.222145e+01,2.216640e+01,2.228334e+01,2.226271e+01,2.222833e+01,2.217328e+01,2.216640e+01,2.214575e+01,2.216640e+01,2.211132e+01,2.218705e+01,2.224896e+01,2.211132e+01,2.222145e+01,2.218016e+01,2.208377e+01,2.224896e+01,2.221457e+01,2.215263e+01,2.208377e+01,2.206999e+01,2.209066e+01,2.219393e+01,2.203554e+01,2.213198e+01,2.218016e+01,2.208377e+01,2.212509e+01,2.206999e+01,2.213198e+01,2.205621e+01,2.205621e+01,2.207688e+01,2.204243e+01,2.191831e+01,2.205621e+01,2.198039e+01,2.203554e+01,2.195280e+01,2.198039e+01,2.157274e+01,2.158659e+01,2.157274e+01,2.146884e+01,2.167654e+01,2.153119e+01,2.162119e+01,2.163503e+01,2.173876e+01,2.167654e+01,2.169037e+01,2.169728e+01,2.173185e+01,2.174567e+01,2.185620e+01,2.186310e+01,2.175949e+01,2.188381e+01,2.187000e+01,2.189761e+01,2.192521e+01,2.193211e+01,2.192521e+01,2.198729e+01,2.199418e+01,2.196660e+01,2.193211e+01,2.202176e+01,2.202865e+01,2.200797e+01,2.203554e+01,2.200107e+01,2.205621e+01,2.207688e+01,2.206999e+01,2.209755e+01,2.205621e+01,2.219393e+01,2.224208e+01,2.211821e+01,2.213198e+01,2.216640e+01,2.206999e+01,2.211821e+01,2.210443e+01,2.209755e+01,2.214575e+01,2.213198e+01,2.215263e+01,2.218016e+01,2.209755e+01,2.209755e+01,2.206999e+01,2.205621e+01,2.209066e+01,2.201486e+01,2.202176e+01,2.200107e+01,2.199418e+01,2.197349e+01,2.201486e+01,2.193901e+01,2.192521e+01,2.193211e+01,2.182167e+01,2.181476e+01,2.190451e+01,2.181476e+01,2.187691e+01,2.177332e+01,2.180095e+01,2.180786e+01,2.171111e+01,2.175949e+01,2.171802e+01,2.168345e+01,2.169728e+01,2.162811e+01,2.157967e+01,2.157967e+01,2.156582e+01,2.152427e+01,2.142032e+01,2.149656e+01,2.149656e+01,2.133708e+01,2.131626e+01,2.112174e+01,2.108696e+01,2.123294e+01,2.123294e+01,2.134402e+01,2.169728e+01,2.193901e+01,2.191831e+01,2.201486e+01,2.189761e+01,2.196660e+01,2.194591e+01,2.200107e+01,2.202176e+01,2.198039e+01,2.198729e+01,2.195970e+01,2.199418e+01,2.195970e+01,2.200107e+01,2.197349e+01,2.204243e+01,2.190451e+01,2.175949e+01,2.137871e+01,2.111479e+01,2.107305e+01,2.113565e+01,2.110783e+01,2.110783e+01,2.143419e+01,2.187691e+01,2.214575e+01,2.224896e+01,2.237268e+01,2.237955e+01,2.215952e+01,2.213886e+01,2.208377e+01,2.179404e+01,2.175949e+01,2.132320e+01,2.105914e+01,2.094077e+01,2.076647e+01,2.080833e+01,2.085715e+01,2.084320e+01,2.075949e+01,2.082925e+01,2.082925e+01,2.085715e+01,2.082925e+01,2.085715e+01,2.098953e+01,2.080135e+01,2.078740e+01,2.078042e+01,2.078740e+01,2.093381e+01,2.098953e+01,2.105218e+01,2.121905e+01,2.105914e+01,2.123989e+01,2.110088e+01,2.110783e+01,2.110783e+01,2.121905e+01,2.112869e+01,2.120515e+01,2.121905e+01,2.125378e+01,2.126767e+01,2.128850e+01,2.135790e+01,2.128850e+01,2.126767e+01,2.135096e+01,2.137871e+01,2.124683e+01,2.124683e+01,2.134402e+01,2.114955e+01,2.119820e+01,2.109392e+01,2.110783e+01,2.110088e+01,2.119126e+01,2.114955e+01,2.110088e+01,2.117736e+01,2.115650e+01,2.110088e+01,2.112174e+01,2.114260e+01,2.112869e+01,2.093381e+01,2.110783e+01,2.112174e+01,2.105218e+01,2.108696e+01,2.115650e+01,2.120515e+01,2.111479e+01,2.110088e+01,2.095471e+01,2.069666e+01,2.068269e+01,2.073157e+01,2.064078e+01,2.059884e+01,2.073157e+01,2.071761e+01,2.072459e+01,2.080833e+01,2.074553e+01,2.066174e+01,2.073855e+01,2.066174e+01,2.059185e+01,2.070364e+01,2.057088e+01,2.069666e+01,2.110783e+01,2.111479e+01,2.121905e+01,2.123294e+01,2.119820e+01,2.118431e+01,2.121210e+01,2.108001e+01,2.098953e+01,2.115650e+01,2.111479e+01,2.098256e+01,2.103130e+01,2.099649e+01,2.096864e+01,2.096167e+01,2.096167e+01,2.085715e+01,2.087806e+01,2.086412e+01,2.091291e+01,2.094077e+01,2.095471e+01,2.100345e+01,2.092684e+01,2.105914e+01,2.103826e+01,2.091987e+01,2.096864e+01,2.096167e+01,2.090594e+01,2.090594e+01,2.096167e+01,2.093381e+01,2.093381e+01,2.084320e+01,2.101042e+01,2.083623e+01,2.064078e+01,2.099649e+01,2.080833e+01,2.076647e+01,2.068967e+01,2.075949e+01,2.076647e+01,2.089200e+01,2.091987e+01,2.101738e+01,2.106609e+01,2.099649e+01,2.110088e+01,2.122600e+01,2.130238e+01,2.130932e+01,2.150349e+01,2.153812e+01,2.155197e+01,2.154505e+01,2.169037e+01,2.164195e+01,2.144112e+01,2.142725e+01,2.116345e+01,2.125378e+01,2.111479e+01,2.124683e+01,2.112869e+01,2.134402e+01,2.148270e+01,2.201486e+01,2.249625e+01,2.276347e+01,2.279084e+01,2.310505e+01,2.321412e+01,2.327542e+01,2.355421e+01,2.356101e+01,2.358138e+01,2.367638e+01,2.402848e+01,2.417709e+01,2.439960e+01,2.466196e+01,2.495717e+01,2.509108e+01,2.546513e+01,2.569158e+01,2.599055e+01,2.600381e+01,2.622250e+01,2.625559e+01,2.636142e+01,2.644733e+01,2.646054e+01,2.648696e+01,2.650677e+01,2.644733e+01,2.630190e+01,2.626882e+01,2.603698e+01,2.604361e+01,2.580462e+01,2.555177e+01,2.527827e+01,2.516466e+01,2.481638e+01,2.451405e+01,2.420408e+01,2.381872e+01,2.359495e+01,2.322775e+01,2.313233e+01,2.294807e+01,2.266078e+01,2.254426e+01,2.242075e+01,2.251683e+01,2.231084e+01,2.225584e+01,2.213886e+01,2.213886e+01,2.206999e+01,2.211132e+01,2.208377e+01,2.204243e+01,2.189071e+01,2.195970e+01,2.204243e+01,2.189071e+01,2.206999e+01,2.194591e+01,2.195280e+01,2.200797e+01,2.187691e+01,2.187691e+01,2.189071e+01,2.199418e+01,2.187691e+01,2.199418e+01,2.193211e+01,2.195970e+01,2.188381e+01,2.190451e+01,2.189761e+01,2.195970e+01,2.193211e+01,2.195970e+01,2.182858e+01,2.185620e+01,2.189761e+01,2.191831e+01,2.189071e+01,2.184929e+01,2.186310e+01,2.192521e+01,2.184929e+01,2.179404e+01,2.181476e+01,2.181476e+01,2.182167e+01,2.181476e+01,2.178022e+01,2.175949e+01,2.173876e+01,2.160043e+01,2.171111e+01,2.169037e+01,2.165579e+01,2.164887e+01,2.153119e+01,2.153119e+01,2.160735e+01,2.149656e+01,2.151042e+01,2.155890e+01,2.150349e+01,2.151042e+01,2.152427e+01,2.153812e+01,2.155197e+01,2.158659e+01,2.155197e+01,2.161427e+01,2.178022e+01,2.165579e+01,2.172494e+01,2.189071e+01,2.195970e+01,2.195280e+01,2.195970e+01,2.226959e+01,2.212509e+01,2.222145e+01,2.226271e+01,2.229022e+01,2.229709e+01,2.234520e+01,2.233146e+01,2.238642e+01,2.237268e+01,2.245507e+01,2.240702e+01,2.246880e+01,2.257169e+01,2.259225e+01,2.246194e+01,2.241389e+01,2.244135e+01,2.243448e+01,2.252369e+01,2.252369e+01,2.237955e+01,2.242075e+01,2.245507e+01,2.224208e+01,2.249625e+01,2.226959e+01,2.255112e+01,2.247566e+01,2.229022e+01,2.246194e+01,2.246880e+01,2.244821e+01,2.247566e+01,2.240015e+01,2.243448e+01,2.231084e+01,2.224208e+01,2.222145e+01,2.233146e+01,2.242762e+01,2.235894e+01,2.238642e+01,2.232458e+01,2.223520e+01,2.231084e+01,2.226959e+01,2.231084e+01,2.223520e+01,2.224896e+01,2.226271e+01,2.228334e+01,2.232458e+01,2.228334e+01,2.223520e+01,2.221457e+01,2.233833e+01,2.235894e+01,2.224896e+01,2.234520e+01,2.215263e+01,2.216640e+01,2.221457e+01,2.222145e+01,2.220769e+01,2.219393e+01,2.222833e+01,2.224208e+01,2.220769e+01,2.211132e+01,2.226959e+01,2.226959e+01,2.232458e+01,2.224208e+01,2.225584e+01,2.225584e+01,2.232458e+01,2.223520e+01,2.229709e+01,2.224896e+01,2.224896e+01,2.233146e+01,2.229709e+01,2.229022e+01,2.231084e+01,2.231771e+01,2.232458e+01,2.226959e+01,2.219393e+01,2.216640e+01,2.227647e+01,2.222833e+01,2.219393e+01,2.210443e+01,2.226959e+01,2.211132e+01,2.206999e+01,2.224208e+01,2.223520e+01,2.209755e+01,2.213886e+01,2.212509e+01,2.196660e+01,2.198729e+01,2.193901e+01,2.198729e+01,2.208377e+01,2.198039e+01,2.187000e+01
2.199418e+01,2.206310e+01,2.194591e+01,2.198729e+01,2.186310e+01,2.197349e+01,2.196660e+01,2.186310e+01,2.187691e+01,2.186310e+01,2.181476e+01,2.187000e+01,2.187691e+01,2.195280e+01,2.184929e+01,2.178022e+01,2.178713e+01,2.202865e+01,2.178022e+01,2.191141e+01,2.197349e+01,2.184239e+01,2.189071e+01,2.194591e+01,2.194591e+01,2.201486e+01,2.198039e+01,2.190451e+01,2.193211e+01,2.191141e+01,2.200107e+01,2.204243e+01,2.194591e+01,2.204932e+01,2.201486e+01,2.207688e+01,2.207688e+01,2.202176e+01,2.198039e+01,2.205621e+01,2.200797e+01,2.197349e+01,2.189071e+01,2.197349e+01,2.194591e+01,2.191831e+01,2.201486e+01,2.184239e+01,2.193901e+01,2.198039e+01,2.198039e+01,2.191831e+01,2.184239e+01,2.187691e+01,2.174567e+01,2.186310e+01,2.185620e+01,2.184239e+01,2.195280e+01,2.187000e+01,2.187691e+01,2.189761e+01,2.197349e+01,2.189761e+01,2.191141e+01,2.191831e+01,2.208377e+01,2.201486e+01,2.197349e+01,2.194591e+01,2.193901e+01,2.195280e+01,2.197349e+01,2.201486e+01,2.203554e+01,2.189761e+01,2.202865e+01,2.202176e+01,2.211132e+01,2.215952e+01,2.211132e+01,2.213886e+01,2.209066e+01,2.209066e+01,2.205621e+01,2.222145e+01,2.214575e+01,2.222145e+01,2.224896e+01,2.209066e+01,2.222833e+01,2.218705e+01,2.229709e+01,2.226271e+01,2.226959e+01,2.213198e+01,2.221457e+01,2.220081e+01,2.218705e+01,2.219393e+01,2.220081e+01,2.219393e+01,2.224896e+01,2.209066e+01,2.215263e+01,2.217328e+01,2.220081e+01,2.216640e+01,2.220769e+01,2.213198e+01,2.220081e+01,2.220081e+01,2.216640e+01,2.212509e+01,2.220769e+01,2.212509e+01,2.209066e+01,2.214575e+01,2.197349e+01,2.203554e+01,2.206999e+01,2.192521e+01,2.207688e+01,2.196660e+01,2.198729e+01,2.204932e+01,2.202865e+01,2.199418e+01,2.177332e+01,2.186310e+01,2.178022e+01,2.164195e+01,2.150349e+01,2.164887e+01,2.156582e+01,2.157274e+01,2.161427e+01,2.161427e+01,2.162811e+01,2.162811e+01,2.156582e+01,2.164887e+01,2.173876e+01,2.175949e+01,2.177332e+01,2.173876e+01,2.184239e+01,2.181476e+01,2.187000e+01,2.193211e+01,2.195970e+01,2.193901e+01,2.195280e+01,2.195970e+01,2.198039e+01,2.200797e+01,2.192521e+01,2.200107e+01,2.200107e+01,2.199418e+01,2.202865e+01,2.217328e+01,2.201486e+01,2.202176e+01,2.202176e+01,2.203554e+01,2.206999e+01,2.206310e+01,2.200107e+01,2.213198e+01,2.219393e+01,2.209755e+01,2.209755e+01,2.206310e+01,2.219393e+01,2.213886e+01,2.216640e+01,2.212509e+01,2.215952e+01,2.211821e+01,2.202176e+01,2.206999e+01,2.215263e+01,2.198729e+01,2.198039e+01,2.195280e+01,2.188381e+01,2.196660e+01,2.199418e+01,2.195970e+01,2.194591e+01,2.192521e+01,2.190451e+01,2.187000e+01,2.185620e+01,2.184929e+01,2.188381e+01,2.177332e+01,2.180786e+01,2.180095e+01,2.181476e+01,2.180095e+01,2.177332e+01,2.177332e+01,2.174567e+01,2.164195e+01,2.165579e+01,2.159351e+01,2.164887e+01,2.162119e+01,2.163503e+01,2.148963e+01,2.155197e+01,2.137871e+01,2.133708e+01,2.129544e+01,2.119820e+01,2.125378e+01,2.127461e+01,2.130238e+01,2.142725e+01,2.195280e+01,2.193211e+01,2.191141e+01,2.190451e+01,2.196660e+01,2.188381e+01,2.189071e+01,2.191831e+01,2.194591e+01,2.196660e+01,2.198729e+01,2.197349e+01,2.204243e+01,2.205621e+01,2.195280e+01,2.195280e+01,2.203554e+01,2.187691e+01,2.179404e+01,2.124683e+01,2.121210e+01,2.112174e+01,2.118431e+01,2.107305e+01,2.142032e+01,2.164195e+01,2.223520e+01,2.229709e+01,2.240015e+01,2.225584e+01,2.231084e+01,2.231084e+01,2.209755e+01,2.202865e+01,2.184239e+01,2.164887e+01,2.157274e+01,2.130238e+01,2.103826e+01,2.092684e+01,2.087806e+01,2.085715e+01,2.081530e+01,2.096167e+01,2.089200e+01,2.087806e+01,2.080833e+01,2.082228e+01,2.087806e+01,2.086412e+01,2.081530e+01,2.078740e+01,2.080833e+01,2.083623e+01,2.084320e+01,2.078042e+01,2.084320e+01,2.094077e+01,2.089200e+01,2.117736e+01,2.113565e+01,2.124683e+01,2.121210e+01,2.112174e+01,2.120515e+01,2.126072e+01,2.124683e+01,2.123989e+01,2.130238e+01,2.134402e+01,2.130932e+01,2.137871e+01,2.139258e+01,2.128156e+01,2.126767e+01,2.127461e+01,2.128156e+01,2.131626e+01,2.122600e+01,2.122600e+01,2.105218e+01,2.119126e+01,2.114260e+01,2.114955e+01,2.113565e+01,2.110783e+01,2.113565e+01,2.113565e+01,2.112869e+01,2.110088e+01,2.107305e+01,2.105218e+01,2.107305e+01,2.117041e+01,2.123294e+01,2.106609e+01,2.114260e+01,2.112869e+01,2.114260e+01,2.117041e+01,2.114955e+01,2.109392e+01,2.069666e+01,2.066872e+01,2.069666e+01,2.068967e+01,2.065475e+01,2.073157e+01,2.066174e+01,2.078042e+01,2.078740e+01,2.061981e+01,2.070364e+01,2.073157e+01,2.067570e+01,2.061981e+01,2.061282e+01,2.066872e+01,2.073157e+01,2.109392e+01,2.113565e+01,2.105914e+01,2.105218e+01,2.104522e+01,2.119820e+01,2.115650e+01,2.110088e+01,2.115650e+01,2.096864e+01,2.105218e+01,2.117736e+01,2.101738e+01,2.097560e+01,2.093381e+01,2.085715e+01,2.092684e+01,2.093381e+01,2.093381e+01,2.088503e+01,2.085715e+01,2.088503e+01,2.101738e+01,2.092684e+01,2.108001e+01,2.101042e+01,2.101738e+01,2.090594e+01,2.092684e+01,2.093381e+01,2.101042e+01,2.096167e+01,2.092684e+01,2.099649e+01,2.086412e+01,2.084320e+01,2.096864e+01,2.095471e+01,2.076647e+01,2.082228e+01,2.078740e+01,2.073157e+01,2.066872e+01,2.075949e+01,2.081530e+01,2.081530e+01,2.082228e+01,2.098256e+01,2.088503e+01,2.094774e+01,2.098256e+01,2.101738e+01,2.106609e+01,2.118431e+01,2.133708e+01,2.123989e+01,2.138565e+01,2.146191e+01,2.140645e+01,2.143419e+01,2.133014e+01,2.140645e+01,2.114955e+01,2.113565e+01,2.111479e+01,2.121905e+01,2.113565e+01,2.114260e+01,2.146884e+01,2.177332e+01,2.205621e+01,2.220769e+01,2.224208e+01,2.251683e+01,2.243448e+01,2.253055e+01,2.261967e+01,2.279084e+01,2.299587e+01,2.315960e+01,2.309141e+01,2.358816e+01,2.371028e+01,2.400144e+01,2.416359e+01,2.435918e+01,2.466868e+01,2.493707e+01,2.525155e+01,2.548513e+01,2.585778e+01,2.614303e+01,2.628867e+01,2.640108e+01,2.662554e+01,2.651997e+01,2.663213e+01,2.662554e+01,2.656617e+01,2.653977e+01,2.649356e+01,2.628206e+01,2.620263e+01,2.591755e+01,2.567827e+01,2.560505e+01,2.527827e+01,2.502415e+01,2.464853e+01,2.421758e+01,2.417034e+01,2.383903e+01,2.353384e+01,2.313233e+01,2.312551e+01,2.285239e+01,2.256483e+01,2.250311e+01,2.253055e+01,2.250311e+01,2.220769e+01,2.218016e+01,2.206999e+01,2.206310e+01,2.206999e+01,2.197349e+01,2.209066e+01,2.206310e+01,2.208377e+01,2.195970e+01,2.196660e+01,2.204932e+01,2.191831e+01,2.184239e+01,2.192521e+01,2.200107e+01,2.197349e+01,2.182167e+01,2.190451e+01,2.198039e+01,2.195970e+01,2.196660e+01,2.191831e+01,2.187000e+01,2.185620e+01,2.190451e+01,2.194591e+01,2.187000e+01,2.189761e+01,2.180786e+01,2.182858e+01,2.184929e+01,2.187691e+01,2.193901e+01,2.184929e+01,2.191831e+01,2.183548e+01,2.182858e+01,2.178022e+01,2.181476e+01,2.180095e+01,2.180095e+01,2.175949e+01,2.175258e+01,2.168345e+01,2.161427e+01,2.166270e+01,2.159351e+01,2.162811e+01,2.169728e+01,2.155197e+01,2.151042e+01,2.160735e+01,2.154505e+01,2.141339e+01,2.152427e+01,2.148270e+01,2.151042e+01,2.151734e+01,2.148270e+01,2.156582e+01,2.153119e+01,2.152427e+01,2.160043e+01,2.176641e+01,2.165579e+01,2.168345e+01,2.195280e+01,2.193901e+01,2.211132e+01,2.212509e+01,2.222145e+01,2.217328e+01,2.222145e+01,2.218016e+01,2.226959e+01,2.234520e+01,2.233833e+01,2.234520e+01,2.236581e+01,2.244135e+01,2.242762e+01,2.255112e+01,2.244821e+01,2.244135e+01,2.254426e+01,2.241389e+01,2.246880e+01,2.255112e+01,2.250311e+01,2.253741e+01,2.244821e+01,2.250311e+01,2.248939e+01,2.233146e+01,2.247566e+01,2.232458e+01,2.229709e+01,2.247566e+01,2.246194e+01,2.239328e+01,2.231771e+01,2.239328e+01,2.240015e+01,2.231771e+01,2.231771e+01,2.239328e+01,2.237955e+01,2.227647e+01,2.242762e+01,2.233833e+01,2.237955e+01,2.236581e+01,2.230396e+01,2.220081e+01,2.233146e+01,2.231771e+01,2.230396e+01,2.233833e+01,2.225584e+01,2.226271e+01,2.229022e+01,2.229709e+01,2.223520e+01,2.229022e+01,2.221457e+01,2.222145e+01,2.231771e+01,2.224896e+01,2.229022e+01,2.228334e+01,2.220769e+01,2.221457e+01,2.222833e+01,2.220081e+01,2.224896e+01,2.206310e+01,2.220081e+01,2.219393e+01,2.222145e+01,2.224896e+01,2.226271e+01,2.224896e+01,2.223520e+01,2.230396e+01,2.222145e+01,2.230396e+01,2.220769e+01,2.231084e+01,2.215263e+01,2.226959e+01,2.222833e+01,2.237268e+01,2.237955e+01,2.221457e+01,2.228334e+01,2.224208e+01,2.227647e+01,2.233833e+01,2.223520e+01,2.229022e+01,2.220081e+01,2.219393e+01,2.213886e+01,2.211132e+01,2.220081e+01,2.229709e+01,2.229022e+01,2.209066e+01,2.220081e+01,2.209755e+01,2.210443e+01,2.209755e+01,2.205621e+01,2.199418e+01,2.193901e+01,2.207688e+01,2.198039e+01,2.201486e+01,2.201486e+01
2.204243e+01,2.203554e+01,2.191831e+01,2.198729e+01,2.193211e+01,2.193901e+01,2.197349e+01,2.186310e+01,2.192521e+01,2.180786e+01,2.186310e+01,2.187691e+01,2.191141e+01,2.196660e+01,2.178022e+01,2.176641e+01,2.173876e+01,2.178022e+01,2.180095e+01,2.191141e+01,2.184239e+01,2.189761e+01,2.204932e+01,2.207688e+01,2.193901e+01,2.198039e+01,2.200797e+01,2.204932e+01,2.204243e+01,2.203554e+01,2.201486e+01,2.218016e+01,2.198039e+01,2.202176e+01,2.199418e+01,2.197349e+01,2.210443e+01,2.196660e+01,2.200797e+01,2.199418e+01,2.197349e+01,2.199418e+01,2.196660e+01,2.193211e+01,2.195970e+01,2.194591e+01,2.197349e+01,2.193901e+01,2.193211e+01,2.198729e+01,2.193901e+01,2.192521e+01,2.191831e+01,2.184929e+01,2.186310e+01,2.184239e+01,2.200107e+01,2.189761e+01,2.188381e+01,2.184929e+01,2.199418e+01,2.198729e+01,2.200107e+01,2.187000e+01,2.195970e+01,2.204243e+01,2.196660e+01,2.195280e+01,2.198039e+01,2.198729e+01,2.196660e+01,2.198729e+01,2.204932e+01,2.211132e+01,2.206999e+01,2.214575e+01,2.218016e+01,2.198039e+01,2.204932e+01,2.212509e+01,2.222145e+01,2.213886e+01,2.206999e+01,2.219393e+01,2.218016e+01,2.211821e+01,2.209755e+01,2.217328e+01,2.213886e+01,2.217328e+01,2.230396e+01,2.218016e+01,2.222833e+01,2.214575e+01,2.225584e+01,2.220769e+01,2.222833e+01,2.217328e+01,2.229709e+01,2.209066e+01,2.222833e+01,2.228334e+01,2.218705e+01,2.220081e+01,2.211821e+01,2.218016e+01,2.229709e+01,2.219393e+01,2.215263e+01,2.220769e+01,2.204932e+01,2.206999e+01,2.215952e+01,2.206310e+01,2.206999e+01,2.204243e+01,2.218016e+01,2.198039e+01,2.206999e+01,2.207688e+01,2.205621e+01,2.207688e+01,2.207688e+01,2.201486e+01,2.203554e+01,2.200107e+01,2.201486e+01,2.206999e+01,2.184239e+01,2.178022e+01,2.176641e+01,2.175949e+01,2.160735e+01,2.162811e+01,2.150349e+01,2.162119e+01,2.162811e+01,2.173876e+01,2.173185e+01,2.164887e+01,2.164195e+01,2.165579e+01,2.169037e+01,2.173876e+01,2.187000e+01,2.173185e+01,2.172494e+01,2.175949e+01,2.187691e+01,2.194591e+01,2.187000e+01,2.184929e+01,2.189761e+01,2.193211e+01,2.199418e+01,2.196660e+01,2.193211e+01,2.202865e+01,2.204243e+01,2.201486e+01,2.200107e+01,2.205621e+01,2.202865e+01,2.209755e+01,2.203554e+01,2.206310e+01,2.225584e+01,2.211132e+01,2.195970e+01,2.208377e+01,2.211821e+01,2.212509e+01,2.209755e+01,2.210443e+01,2.209066e+01,2.210443e+01,2.209066e+01,2.222833e+01,2.203554e+01,2.203554e+01,2.206999e+01,2.200107e+01,2.204932e+01,2.209066e+01,2.207688e+01,2.195280e+01,2.194591e+01,2.206310e+01,2.201486e+01,2.196660e+01,2.188381e+01,2.192521e+01,2.189761e+01,2.195970e+01,2.193901e+01,2.189761e+01,2.191141e+01,2.183548e+01,2.180095e+01,2.179404e+01,2.184239e+01,2.182167e+01,2.177332e+01,2.174567e+01,2.168345e+01,2.166270e+01,2.170420e+01,2.163503e+01,2.166962e+01,2.160735e+01,2.152427e+01,2.158659e+01,2.139258e+01,2.142725e+01,2.137177e+01,2.119820e+01,2.132320e+01,2.123989e+01,2.122600e+01,2.139952e+01,2.160043e+01,2.193211e+01,2.195970e+01,2.190451e+01,2.192521e+01,2.191141e+01,2.195280e+01,2.195970e+01,2.195280e+01,2.200797e+01,2.198729e+01,2.197349e+01,2.195970e+01,2.198729e+01,2.196660e+01,2.202865e+01,2.186310e+01,2.197349e+01,2.200797e+01,2.190451e+01,2.125378e+01,2.110783e+01,2.114955e+01,2.126072e+01,2.112869e+01,2.175258e+01,2.211821e+01,2.244135e+01,2.226959e+01,2.227647e+01,2.226271e+01,2.224208e+01,2.215263e+01,2.208377e+01,2.206999e+01,2.184239e+01,2.165579e+01,2.155197e+01,2.133014e+01,2.115650e+01,2.101738e+01,2.084320e+01,2.091291e+01,2.085017e+01,2.075949e+01,2.079438e+01,2.078042e+01,2.092684e+01,2.086412e+01,2.082925e+01,2.091291e+01,2.070364e+01,2.077344e+01,2.084320e+01,2.085017e+01,2.100345e+01,2.083623e+01,2.084320e+01,2.089897e+01,2.086412e+01,2.087109e+01,2.104522e+01,2.117736e+01,2.118431e+01,2.123989e+01,2.128156e+01,2.127461e+01,2.125378e+01,2.130932e+01,2.122600e+01,2.134402e+01,2.135790e+01,2.130932e+01,2.135790e+01,2.131626e+01,2.128850e+01,2.129544e+01,2.127461e+01,2.125378e+01,2.123989e+01,2.114260e+01,2.126767e+01,2.129544e+01,2.126072e+01,2.114955e+01,2.119126e+01,2.111479e+01,2.118431e+01,2.106609e+01,2.110088e+01,2.107305e+01,2.117041e+01,2.124683e+01,2.112869e+01,2.114955e+01,2.109392e+01,2.114955e+01,2.112869e+01,2.135790e+01,2.108696e+01,2.117041e+01,2.110783e+01,2.115650e+01,2.080833e+01,2.066174e+01,2.066872e+01,2.061282e+01,2.068967e+01,2.072459e+01,2.075251e+01,2.071761e+01,2.064078e+01,2.066872e+01,2.067570e+01,2.061981e+01,2.066174e+01,2.059185e+01,2.059884e+01,2.063379e+01,2.073157e+01,2.116345e+01,2.114260e+01,2.108001e+01,2.119126e+01,2.121905e+01,2.114955e+01,2.101738e+01,2.101042e+01,2.118431e+01,2.102434e+01,2.111479e+01,2.101042e+01,2.098953e+01,2.098256e+01,2.098256e+01,2.094774e+01,2.094077e+01,2.091987e+01,2.088503e+01,2.084320e+01,2.088503e+01,2.089897e+01,2.094077e+01,2.103826e+01,2.103130e+01,2.101042e+01,2.106609e+01,2.105914e+01,2.107305e+01,2.105218e+01,2.104522e+01,2.098256e+01,2.096864e+01,2.092684e+01,2.097560e+01,2.098256e+01,2.083623e+01,2.089897e+01,2.089200e+01,2.092684e+01,2.082228e+01,2.080833e+01,2.074553e+01,2.072459e+01,2.073855e+01,2.082925e+01,2.086412e+01,2.090594e+01,2.087109e+01,2.094774e+01,2.097560e+01,2.101738e+01,2.102434e+01,2.115650e+01,2.116345e+01,2.128850e+01,2.114955e+01,2.125378e+01,2.130932e+01,2.130932e+01,2.127461e+01,2.110088e+01,2.111479e+01,2.107305e+01,2.107305e+01,2.110783e+01,2.117736e+01,2.120515e+01,2.133708e+01,2.174567e+01,2.175258e+01,2.204243e+01,2.211132e+01,2.213198e+01,2.216640e+01,2.224896e+01,2.224896e+01,2.253741e+01,2.251683e+01,2.270187e+01,2.283872e+01,2.297539e+01,2.302318e+01,2.330946e+01,2.331627e+01,2.347269e+01,2.382549e+01,2.418384e+01,2.453423e+01,2.489686e+01,2.513122e+01,2.549846e+01,2.584449e+01,2.610327e+01,2.638125e+01,2.640108e+01,2.667169e+01,2.684294e+01,2.686268e+01,2.677711e+01,2.682978e+01,2.673100e+01,2.673100e+01,2.646054e+01,2.620926e+01,2.591755e+01,2.591755e+01,2.549179e+01,2.511115e+01,2.484321e+01,2.466196e+01,2.441307e+01,2.385258e+01,2.362889e+01,2.351346e+01,2.312551e+01,2.292074e+01,2.290707e+01,2.257854e+01,2.246194e+01,2.242075e+01,2.230396e+01,2.233833e+01,2.226271e+01,2.211821e+01,2.207688e+01,2.212509e+01,2.209066e+01,2.206999e+01,2.198729e+01,2.202865e+01,2.198729e+01,2.200107e+01,2.200107e+01,2.188381e+01,2.200107e+01,2.195280e+01,2.191141e+01,2.193211e+01,2.195970e+01,2.196660e+01,2.200797e+01,2.191141e+01,2.186310e+01,2.184929e+01,2.184929e+01,2.186310e+01,2.181476e+01,2.188381e+01,2.189761e+01,2.187000e+01,2.186310e+01,2.184929e+01,2.181476e+01,2.191831e+01,2.191831e+01,2.191141e+01,2.180095e+01,2.191831e+01,2.182167e+01,2.179404e+01,2.177332e+01,2.178022e+01,2.174567e+01,2.173185e+01,2.165579e+01,2.163503e+01,2.166270e+01,2.161427e+01,2.161427e+01,2.153812e+01,2.155197e+01,2.153119e+01,2.155890e+01,2.156582e+01,2.148963e+01,2.152427e+01,2.146884e+01,2.151734e+01,2.151042e+01,2.157274e+01,2.158659e+01,2.160735e+01,2.160735e+01,2.163503e+01,2.176641e+01,2.195280e+01,2.195280e+01,2.189761e+01,2.198729e+01,2.204932e+01,2.215952e+01,2.224896e+01,2.222833e+01,2.226271e+01,2.226271e+01,2.233146e+01,2.237268e+01,2.240015e+01,2.246880e+01,2.244821e+01,2.244821e+01,2.244135e+01,2.253741e+01,2.243448e+01,2.246194e+01,2.252369e+01,2.254426e+01,2.253055e+01,2.252369e+01,2.252369e+01,2.245507e+01,2.242762e+01,2.240015e+01,2.235207e+01,2.235207e+01,2.251683e+01,2.252369e+01,2.233833e+01,2.229709e+01,2.246194e+01,2.235207e+01,2.248939e+01,2.233146e+01,2.231771e+01,2.233146e+01,2.227647e+01,2.235207e+01,2.237268e+01,2.237955e+01,2.235207e+01,2.237268e+01,2.241389e+01,2.235894e+01,2.231084e+01,2.233146e+01,2.226959e+01,2.226271e+01,2.236581e+01,2.225584e+01,2.225584e+01,2.225584e+01,2.235207e+01,2.224896e+01,2.222833e+01,2.221457e+01,2.222833e+01,2.222833e+01,2.227647e+01,2.220769e+01,2.224896e+01,2.220769e+01,2.222145e+01,2.204243e+01,2.223520e+01,2.229022e+01,2.224896e+01,2.217328e+01,2.224208e+01,2.227647e+01,2.225584e+01,2.224208e+01,2.226271e+01,2.237955e+01,2.224208e+01,2.237268e+01,2.235894e+01,2.225584e+01,2.233833e+01,2.229022e+01,2.229709e+01,2.231771e+01,2.231771e+01,2.229709e+01,2.231084e+01,2.233146e+01,2.222833e+01,2.234520e+01,2.240015e+01,2.236581e+01,2.225584e+01,2.224896e+01,2.226271e+01,2.213886e+01,2.226959e+01,2.225584e+01,2.228334e+01,2.206999e+01,2.223520e+01,2.220769e+01,2.200107e+01,2.202865e+01,2.204243e+01,2.193211e+01,2.194591e+01,2.206999e+01,2.198729e+01,2.192521e+01,2.197349e+01,2.201486e+01
2.198729e+01,2.196660e+01,2.196660e+01,2.198729e+01,2.191831e+01,2.197349e+01,2.194591e+01,2.196660e+01,2.186310e+01,2.195970e+01,2.187000e+01,2.185620e+01,2.187691e+01,2.183548e+01,2.180095e+01,2.182858e+01,2.178713e+01,2.187691e+01,2.191141e+01,2.187000e+01,2.192521e+01,2.204932e+01,2.196660e+01,2.189761e+01,2.194591e+01,2.199418e+01,2.201486e+01,2.206999e+01,2.200797e+01,2.213198e+01,2.199418e+01,2.198039e+01,2.194591e+01,2.194591e+01,2.204932e+01,2.204243e+01,2.210443e+01,2.206999e+01,2.198039e+01,2.198039e+01,2.202176e+01,2.198039e+01,2.194591e+01,2.194591e+01,2.198039e+01,2.193211e+01,2.193211e+01,2.198039e+01,2.189761e+01,2.184929e+01,2.191831e+01,2.184929e+01,2.197349e+01,2.184239e+01,2.185620e+01,2.184929e+01,2.185620e+01,2.200107e+01,2.187000e+01,2.190451e+01,2.193901e+01,2.193901e+01,2.209066e+01,2.192521e+01,2.195280e+01,2.199418e+01,2.195970e+01,2.193211e+01,2.206999e+01,2.195280e+01,2.215263e+01,2.200107e+01,2.202176e+01,2.200797e+01,2.206999e+01,2.205621e+01,2.210443e+01,2.199418e+01,2.214575e+01,2.213886e+01,2.213886e+01,2.211132e+01,2.222145e+01,2.213886e+01,2.224208e+01,2.213886e+01,2.224896e+01,2.231084e+01,2.215263e+01,2.224896e+01,2.226959e+01,2.218016e+01,2.230396e+01,2.218016e+01,2.220769e+01,2.224208e+01,2.224896e+01,2.229709e+01,2.220081e+01,2.218016e+01,2.223520e+01,2.216640e+01,2.212509e+01,2.213886e+01,2.209066e+01,2.214575e+01,2.213198e+01,2.215952e+01,2.213886e+01,2.211821e+01,2.206999e+01,2.206310e+01,2.205621e+01,2.223520e+01,2.213198e+01,2.202865e+01,2.206310e+01,2.218016e+01,2.204932e+01,2.214575e+01,2.209066e+01,2.193901e+01,2.200797e+01,2.203554e+01,2.200107e+01,2.202176e+01,2.199418e+01,2.202176e+01,2.211132e+01,2.194591e+01,2.190451e+01,2.178713e+01,2.177332e+01,2.155197e+01,2.154505e+01,2.157274e+01,2.165579e+01,2.158659e+01,2.155890e+01,2.164195e+01,2.160043e+01,2.166962e+01,2.169037e+01,2.171111e+01,2.171802e+01,2.175258e+01,2.175258e+01,2.194591e+01,2.186310e+01,2.193211e+01,2.200107e+01,2.190451e+01,2.192521e+01,2.189761e+01,2.212509e+01,2.195970e+01,2.200797e+01,2.198729e+01,2.192521e+01,2.198729e+01,2.202176e+01,2.194591e+01,2.204932e+01,2.201486e+01,2.200107e+01,2.201486e+01,2.211132e+01,2.213198e+01,2.209066e+01,2.218705e+01,2.208377e+01,2.200797e+01,2.211821e+01,2.207688e+01,2.218016e+01,2.209755e+01,2.218705e+01,2.200797e+01,2.206310e+01,2.203554e+01,2.193901e+01,2.208377e+01,2.211132e+01,2.214575e+01,2.202176e+01,2.208377e+01,2.205621e+01,2.194591e+01,2.192521e+01,2.195280e+01,2.180095e+01,2.194591e+01,2.187691e+01,2.181476e+01,2.191141e+01,2.186310e+01,2.185620e+01,2.178022e+01,2.179404e+01,2.179404e+01,2.175258e+01,2.179404e+01,2.178713e+01,2.175258e+01,2.173876e+01,2.171802e+01,2.167654e+01,2.169037e+01,2.168345e+01,2.165579e+01,2.162119e+01,2.151734e+01,2.143419e+01,2.140645e+01,2.135096e+01,2.137177e+01,2.130238e+01,2.123989e+01,2.123989e+01,2.145498e+01,2.189761e+01,2.192521e+01,2.194591e+01,2.193211e+01,2.189761e+01,2.202176e+01,2.189761e+01,2.196660e+01,2.195280e+01,2.195970e+01,2.197349e+01,2.197349e+01,2.196660e+01,2.200797e+01,2.191831e+01,2.198039e+01,2.207688e+01,2.200107e+01,2.200797e+01,2.191141e+01,2.138565e+01,2.112174e+01,2.122600e+01,2.119820e+01,2.166270e+01,2.213886e+01,2.233146e+01,2.241389e+01,2.226271e+01,2.232458e+01,2.229709e+01,2.235207e+01,2.228334e+01,2.211132e+01,2.201486e+01,2.182858e+01,2.179404e+01,2.149656e+01,2.143419e+01,2.135790e+01,2.117041e+01,2.096864e+01,2.096864e+01,2.091987e+01,2.075949e+01,2.077344e+01,2.112174e+01,2.078740e+01,2.084320e+01,2.084320e+01,2.081530e+01,2.078042e+01,2.075251e+01,2.080135e+01,2.074553e+01,2.076647e+01,2.080833e+01,2.078042e+01,2.087109e+01,2.087806e+01,2.085715e+01,2.091987e+01,2.104522e+01,2.126767e+01,2.125378e+01,2.104522e+01,2.117041e+01,2.123989e+01,2.123294e+01,2.127461e+01,2.135790e+01,2.132320e+01,2.117736e+01,2.129544e+01,2.127461e+01,2.119126e+01,2.133708e+01,2.128156e+01,2.126072e+01,2.130932e+01,2.128850e+01,2.129544e+01,2.121210e+01,2.117041e+01,2.111479e+01,2.113565e+01,2.112174e+01,2.112174e+01,2.107305e+01,2.110088e+01,2.115650e+01,2.114260e+01,2.114955e+01,2.115650e+01,2.121905e+01,2.119820e+01,2.112174e+01,2.115650e+01,2.109392e+01,2.109392e+01,2.113565e+01,2.098256e+01,2.117041e+01,2.087806e+01,2.067570e+01,2.065475e+01,2.053592e+01,2.067570e+01,2.061981e+01,2.066872e+01,2.063379e+01,2.061981e+01,2.064078e+01,2.068967e+01,2.066174e+01,2.058486e+01,2.059884e+01,2.048694e+01,2.064078e+01,2.085017e+01,2.105914e+01,2.121210e+01,2.108001e+01,2.110783e+01,2.114260e+01,2.111479e+01,2.112174e+01,2.112869e+01,2.106609e+01,2.112869e+01,2.101042e+01,2.100345e+01,2.099649e+01,2.097560e+01,2.093381e+01,2.091291e+01,2.091987e+01,2.100345e+01,2.087806e+01,2.089200e+01,2.086412e+01,2.091987e+01,2.098953e+01,2.106609e+01,2.108696e+01,2.103826e+01,2.105914e+01,2.107305e+01,2.096864e+01,2.094077e+01,2.095471e+01,2.098256e+01,2.096864e+01,2.096167e+01,2.099649e+01,2.100345e+01,2.095471e+01,2.086412e+01,2.098256e+01,2.089897e+01,2.089200e+01,2.087806e+01,2.075949e+01,2.084320e+01,2.078042e+01,2.075949e+01,2.085715e+01,2.086412e+01,2.096167e+01,2.086412e+01,2.092684e+01,2.080833e+01,2.095471e+01,2.095471e+01,2.098953e+01,2.104522e+01,2.104522e+01,2.114955e+01,2.123989e+01,2.111479e+01,2.122600e+01,2.127461e+01,2.118431e+01,2.102434e+01,2.106609e+01,2.113565e+01,2.126072e+01,2.115650e+01,2.133708e+01,2.148963e+01,2.155197e+01,2.152427e+01,2.178022e+01,2.178713e+01,2.200107e+01,2.184929e+01,2.212509e+01,2.210443e+01,2.213198e+01,2.226271e+01,2.245507e+01,2.255798e+01,2.257169e+01,2.281136e+01,2.278400e+01,2.300270e+01,2.334349e+01,2.335029e+01,2.379839e+01,2.388643e+01,2.420408e+01,2.453423e+01,2.489686e+01,2.513122e+01,2.554511e+01,2.601045e+01,2.634820e+01,2.650677e+01,2.683636e+01,2.681003e+01,2.688242e+01,2.688242e+01,2.691531e+01,2.682320e+01,2.667169e+01,2.661235e+01,2.622911e+01,2.591755e+01,2.572484e+01,2.535172e+01,2.486333e+01,2.485663e+01,2.427155e+01,2.408254e+01,2.355421e+01,2.354063e+01,2.313915e+01,2.305048e+01,2.294807e+01,2.279084e+01,2.250997e+01,2.235894e+01,2.228334e+01,2.227647e+01,2.230396e+01,2.209755e+01,2.204243e+01,2.202865e+01,2.195280e+01,2.209066e+01,2.195970e+01,2.199418e+01,2.192521e+01,2.195280e+01,2.193211e+01,2.198039e+01,2.195280e+01,2.192521e+01,2.191831e+01,2.185620e+01,2.199418e+01,2.189761e+01,2.192521e+01,2.189761e+01,2.191141e+01,2.184929e+01,2.187691e+01,2.189071e+01,2.178713e+01,2.173876e+01,2.186310e+01,2.190451e+01,2.184929e+01,2.181476e+01,2.184929e+01,2.193901e+01,2.181476e+01,2.183548e+01,2.176641e+01,2.193901e+01,2.173876e+01,2.178022e+01,2.178713e+01,2.178022e+01,2.166962e+01,2.184239e+01,2.166270e+01,2.157967e+01,2.156582e+01,2.163503e+01,2.160735e+01,2.157274e+01,2.151042e+01,2.155197e+01,2.151734e+01,2.148270e+01,2.154505e+01,2.155890e+01,2.154505e+01,2.154505e+01,2.156582e+01,2.157967e+01,2.155197e+01,2.157967e+01,2.159351e+01,2.165579e+01,2.186310e+01,2.186310e+01,2.196660e+01,2.197349e+01,2.205621e+01,2.192521e+01,2.210443e+01,2.218705e+01,2.222833e+01,2.222145e+01,2.229709e+01,2.239328e+01,2.246880e+01,2.243448e+01,2.244135e+01,2.240015e+01,2.242075e+01,2.246194e+01,2.250997e+01,2.248252e+01,2.246194e+01,2.250311e+01,2.254426e+01,2.254426e+01,2.250311e+01,2.250997e+01,2.251683e+01,2.238642e+01,2.246880e+01,2.242762e+01,2.233833e+01,2.246194e+01,2.242762e+01,2.244821e+01,2.233146e+01,2.232458e+01,2.231084e+01,2.235894e+01,2.241389e+01,2.243448e+01,2.235894e+01,2.230396e+01,2.237268e+01,2.242762e+01,2.232458e+01,2.235207e+01,2.237268e+01,2.231084e+01,2.235894e+01,2.220769e+01,2.229709e+01,2.229709e+01,2.224896e+01,2.229022e+01,2.220081e+01,2.223520e+01,2.229022e+01,2.231084e+01,2.231771e+01,2.224208e+01,2.221457e+01,2.230396e+01,2.226959e+01,2.227647e+01,2.215952e+01,2.222833e+01,2.231084e+01,2.231084e+01,2.222833e+01,2.229022e+01,2.223520e+01,2.224208e+01,2.226959e+01,2.224896e+01,2.222833e+01,2.236581e+01,2.233833e+01,2.225584e+01,2.224208e+01,2.223520e+01,2.226271e+01,2.228334e+01,2.233146e+01,2.224896e+01,2.235207e+01,2.227647e+01,2.229709e+01,2.229022e+01,2.224208e+01,2.233833e+01,2.231084e+01,2.224896e+01,2.233833e+01,2.229022e+01,2.233146e+01,2.233833e+01,2.229709e+01,2.215952e+01,2.217328e+01,2.226271e+01,2.222833e+01,2.223520e+01,2.222833e+01,2.217328e+01,2.224208e+01,2.215263e+01,2.196660e+01,2.209066e+01,2.201486e+01,2.200107e+01,2.193211e+01,2.187000e+01,2.195280e+01,2.188381e+01
2.198729e+01,2.203554e+01,2.200107e+01,2.198039e+01,2.191141e+01,2.197349e+01,2.187000e+01,2.198039e+01,2.192521e+01,2.187691e+01,2.187000e+01,2.187691e+01,2.190451e+01,2.192521e+01,2.180095e+01,2.184239e+01,2.182858e+01,2.184929e+01,2.187691e+01,2.179404e+01,2.198039e+01,2.191831e+01,2.195970e+01,2.195280e+01,2.197349e+01,2.207688e+01,2.198039e+01,2.189071e+01,2.199418e+01,2.195280e+01,2.204932e+01,2.204932e+01,2.195280e+01,2.201486e+01,2.196660e+01,2.212509e+01,2.197349e+01,2.206310e+01,2.199418e+01,2.191141e+01,2.202176e+01,2.202865e+01,2.203554e+01,2.193901e+01,2.193211e+01,2.195970e+01,2.207688e+01,2.186310e+01,2.189071e+01,2.192521e+01,2.192521e+01,2.182167e+01,2.193211e+01,2.193211e+01,2.181476e+01,2.194591e+01,2.198729e+01,2.193901e+01,2.195970e+01,2.196660e+01,2.199418e+01,2.195280e+01,2.195280e+01,2.198729e+01,2.191831e+01,2.181476e+01,2.205621e+01,2.193901e+01,2.210443e+01,2.211821e+01,2.208377e+01,2.211821e+01,2.205621e+01,2.202865e+01,2.213198e+01,2.207688e+01,2.212509e+01,2.210443e+01,2.213886e+01,2.212509e+01,2.215952e+01,2.215952e+01,2.215263e+01,2.215263e+01,2.218705e+01,2.231084e+01,2.231771e+01,2.231771e+01,2.220769e+01,2.227647e+01,2.229709e+01,2.224896e+01,2.230396e+01,2.223520e+01,2.218705e+01,2.198729e+01,2.224208e+01,2.219393e+01,2.218016e+01,2.219393e+01,2.205621e+01,2.224896e+01,2.205621e+01,2.208377e+01,2.210443e+01,2.224208e+01,2.212509e+01,2.209066e+01,2.211821e+01,2.215263e+01,2.206310e+01,2.206310e+01,2.204932e+01,2.221457e+01,2.207688e+01,2.216640e+01,2.202176e+01,2.201486e+01,2.202176e+01,2.204932e+01,2.196660e+01,2.200107e+01,2.203554e+01,2.196660e+01,2.202865e+01,2.201486e+01,2.203554e+01,2.204932e+01,2.194591e+01,2.201486e+01,2.190451e+01,2.191141e+01,2.181476e+01,2.181476e+01,2.163503e+01,2.153119e+01,2.156582e+01,2.154505e+01,2.156582e+01,2.154505e+01,2.155890e+01,2.162811e+01,2.167654e+01,2.167654e+01,2.169037e+01,2.173185e+01,2.175949e+01,2.174567e+01,2.182858e+01,2.187691e+01,2.195970e+01,2.196660e+01,2.187000e+01,2.195280e+01,2.196660e+01,2.189071e+01,2.197349e+01,2.197349e+01,2.194591e+01,2.195280e+01,2.200107e+01,2.202176e+01,2.190451e+01,2.200107e+01,2.200107e+01,2.199418e+01,2.201486e+01,2.200797e+01,2.191141e+01,2.203554e+01,2.212509e+01,2.212509e+01,2.206310e+01,2.204932e+01,2.220081e+01,2.205621e+01,2.202865e+01,2.218705e+01,2.199418e+01,2.202865e+01,2.205621e+01,2.206310e+01,2.209755e+01,2.196660e+01,2.195280e+01,2.208377e+01,2.193901e+01,2.202865e+01,2.197349e+01,2.197349e+01,2.193901e+01,2.180786e+01,2.184239e+01,2.193211e+01,2.193901e+01,2.185620e+01,2.182858e+01,2.186310e+01,2.179404e+01,2.180095e+01,2.183548e+01,2.176641e+01,2.174567e+01,2.173876e+01,2.171802e+01,2.169728e+01,2.163503e+01,2.167654e+01,2.157274e+01,2.163503e+01,2.168345e+01,2.157967e+01,2.157274e+01,2.157967e+01,2.137871e+01,2.139258e+01,2.130932e+01,2.128850e+01,2.145498e+01,2.168345e+01,2.194591e+01,2.193901e+01,2.190451e+01,2.191141e+01,2.193901e+01,2.197349e+01,2.203554e+01,2.197349e+01,2.195970e+01,2.198729e+01,2.198729e+01,2.200107e+01,2.201486e+01,2.195970e+01,2.201486e+01,2.201486e+01,2.193211e+01,2.199418e+01,2.201486e+01,2.190451e+01,2.135096e+01,2.119126e+01,2.121210e+01,2.178713e+01,2.197349e+01,2.235894e+01,2.222833e+01,2.242762e+01,2.240702e+01,2.240702e+01,2.233146e+01,2.224896e+01,2.222833e+01,2.198039e+01,2.209755e+01,2.193211e+01,2.178022e+01,2.157967e+01,2.144112e+01,2.138565e+01,2.127461e+01,2.098953e+01,2.106609e+01,2.089897e+01,2.089897e+01,2.078042e+01,2.082925e+01,2.081530e+01,2.091987e+01,2.090594e+01,2.080833e+01,2.087806e+01,2.080135e+01,2.072459e+01,2.081530e+01,2.078042e+01,2.080833e+01,2.075251e+01,2.085017e+01,2.085017e+01,2.084320e+01,2.085715e+01,2.086412e+01,2.102434e+01,2.104522e+01,2.122600e+01,2.114955e+01,2.119820e+01,2.119126e+01,2.130932e+01,2.119820e+01,2.117736e+01,2.123989e+01,2.126072e+01,2.137871e+01,2.126072e+01,2.127461e+01,2.127461e+01,2.127461e+01,2.132320e+01,2.130932e+01,2.121210e+01,2.119126e+01,2.115650e+01,2.112869e+01,2.114260e+01,2.112174e+01,2.108001e+01,2.113565e+01,2.121210e+01,2.106609e+01,2.121905e+01,2.116345e+01,2.124683e+01,2.119126e+01,2.118431e+01,2.114955e+01,2.116345e+01,2.117736e+01,2.113565e+01,2.124683e+01,2.112869e+01,2.116345e+01,2.088503e+01,2.071062e+01,2.073157e+01,2.066872e+01,2.071761e+01,2.063379e+01,2.068269e+01,2.064078e+01,2.064776e+01,2.061981e+01,2.061282e+01,2.064078e+01,2.061981e+01,2.059884e+01,2.059884e+01,2.068967e+01,2.101042e+01,2.117736e+01,2.112869e+01,2.108001e+01,2.105218e+01,2.111479e+01,2.108696e+01,2.110088e+01,2.102434e+01,2.106609e+01,2.084320e+01,2.099649e+01,2.100345e+01,2.098953e+01,2.096167e+01,2.096864e+01,2.091987e+01,2.086412e+01,2.097560e+01,2.087806e+01,2.072459e+01,2.094774e+01,2.089897e+01,2.093381e+01,2.093381e+01,2.103130e+01,2.108696e+01,2.106609e+01,2.107305e+01,2.104522e+01,2.103130e+01,2.116345e+01,2.097560e+01,2.102434e+01,2.099649e+01,2.098256e+01,2.101042e+01,2.095471e+01,2.098256e+01,2.081530e+01,2.083623e+01,2.078042e+01,2.073157e+01,2.085715e+01,2.081530e+01,2.072459e+01,2.075949e+01,2.089200e+01,2.079438e+01,2.086412e+01,2.085017e+01,2.096167e+01,2.094774e+01,2.094077e+01,2.086412e+01,2.091291e+01,2.091987e+01,2.097560e+01,2.111479e+01,2.112174e+01,2.105218e+01,2.111479e+01,2.118431e+01,2.112174e+01,2.118431e+01,2.105914e+01,2.115650e+01,2.119820e+01,2.112869e+01,2.134402e+01,2.146884e+01,2.151042e+01,2.153119e+01,2.151734e+01,2.176641e+01,2.168345e+01,2.168345e+01,2.181476e+01,2.189071e+01,2.198039e+01,2.204932e+01,2.193901e+01,2.230396e+01,2.231771e+01,2.256483e+01,2.244821e+01,2.257854e+01,2.267447e+01,2.287290e+01,2.301635e+01,2.321412e+01,2.342511e+01,2.358138e+01,2.398791e+01,2.424457e+01,2.455441e+01,2.511115e+01,2.555843e+01,2.591755e+01,2.628206e+01,2.648696e+01,2.671782e+01,2.684952e+01,2.689558e+01,2.682978e+01,2.684294e+01,2.680345e+01,2.663213e+01,2.646715e+01,2.624235e+01,2.579133e+01,2.575809e+01,2.535839e+01,2.511115e+01,2.457458e+01,2.424457e+01,2.382549e+01,2.364924e+01,2.329585e+01,2.322775e+01,2.294807e+01,2.259225e+01,2.255798e+01,2.253055e+01,2.235894e+01,2.220769e+01,2.213198e+01,2.221457e+01,2.221457e+01,2.200107e+01,2.201486e+01,2.195280e+01,2.202176e+01,2.193211e+01,2.191831e+01,2.192521e+01,2.193211e+01,2.191141e+01,2.188381e+01,2.195280e+01,2.200107e+01,2.195280e+01,2.193211e+01,2.192521e+01,2.189071e+01,2.187691e+01,2.187000e+01,2.185620e+01,2.184239e+01,2.187000e+01,2.190451e+01,2.162119e+01,2.183548e+01,2.181476e+01,2.188381e+01,2.176641e+01,2.182167e+01,2.188381e+01,2.182858e+01,2.189761e+01,2.180095e+01,2.179404e+01,2.180095e+01,2.178713e+01,2.173185e+01,2.180786e+01,2.157967e+01,2.166962e+01,2.161427e+01,2.160043e+01,2.169037e+01,2.157274e+01,2.151734e+01,2.150349e+01,2.152427e+01,2.148270e+01,2.157967e+01,2.154505e+01,2.153812e+01,2.149656e+01,2.157274e+01,2.151042e+01,2.157274e+01,2.157274e+01,2.149656e+01,2.164887e+01,2.155890e+01,2.170420e+01,2.180095e+01,2.186310e+01,2.198039e+01,2.195280e+01,2.206999e+01,2.206310e+01,2.222145e+01,2.223520e+01,2.224896e+01,2.229022e+01,2.233146e+01,2.236581e+01,2.235894e+01,2.242762e+01,2.239328e+01,2.246194e+01,2.250997e+01,2.246194e+01,2.250997e+01,2.251683e+01,2.250997e+01,2.247566e+01,2.248252e+01,2.246880e+01,2.251683e+01,2.228334e+01,2.233146e+01,2.237268e+01,2.248252e+01,2.237268e+01,2.249625e+01,2.240702e+01,2.244821e+01,2.244821e+01,2.233833e+01,2.241389e+01,2.247566e+01,2.245507e+01,2.238642e+01,2.237268e+01,2.236581e+01,2.234520e+01,2.242075e+01,2.242762e+01,2.239328e+01,2.237955e+01,2.236581e+01,2.235207e+01,2.233146e+01,2.234520e+01,2.219393e+01,2.224208e+01,2.226271e+01,2.224896e+01,2.222833e+01,2.225584e+01,2.215952e+01,2.230396e+01,2.224896e+01,2.240015e+01,2.224208e+01,2.223520e+01,2.239328e+01,2.218016e+01,2.235894e+01,2.224208e+01,2.230396e+01,2.232458e+01,2.226271e+01,2.224896e+01,2.225584e+01,2.221457e+01,2.224896e+01,2.226271e+01,2.235207e+01,2.227647e+01,2.229709e+01,2.225584e+01,2.228334e+01,2.241389e+01,2.231771e+01,2.229709e+01,2.239328e+01,2.229709e+01,2.229022e+01,2.220769e+01,2.231771e+01,2.218016e+01,2.233146e+01,2.251683e+01,2.227647e+01,2.231084e+01,2.235894e+01,2.223520e+01,2.229709e+01,2.225584e+01,2.229709e+01,2.227647e+01,2.218705e+01,2.223520e+01,2.204932e+01,2.224208e+01,2.218705e+01,2.213198e+01,2.220769e+01,2.203554e+01,2.211821e+01,2.195280e+01,2.193901e+01,2.202176e+01,2.192521e+01,2.202865e+01,2.214575e+01
2.203554e+01,2.202176e+01,2.191831e+01,2.191831e+01,2.192521e+01,2.188381e+01,2.193211e+01,2.195280e+01,2.188381e+01,2.195280e+01,2.192521e+01,2.183548e+01,2.185620e+01,2.180095e+01,2.193211e+01,2.180095e+01,2.183548e+01,2.178713e+01,2.198039e+01,2.189761e+01,2.195970e+01,2.189761e+01,2.212509e+01,2.198039e+01,2.202865e+01,2.206999e+01,2.211132e+01,2.202176e+01,2.193211e+01,2.199418e+01,2.212509e+01,2.204243e+01,2.198729e+01,2.208377e+01,2.200107e+01,2.214575e+01,2.209755e+01,2.205621e+01,2.205621e+01,2.196660e+01,2.198729e+01,2.199418e+01,2.193211e+01,2.195970e+01,2.197349e+01,2.191141e+01,2.192521e+01,2.192521e+01,2.208377e+01,2.191141e+01,2.194591e+01,2.195280e+01,2.195280e+01,2.184929e+01,2.190451e+01,2.194591e+01,2.198039e+01,2.202176e+01,2.202865e+01,2.198729e+01,2.199418e+01,2.203554e+01,2.194591e+01,2.190451e+01,2.201486e+01,2.210443e+01,2.195280e+01,2.198039e+01,2.197349e+01,2.210443e+01,2.208377e+01,2.212509e+01,2.208377e+01,2.201486e+01,2.209066e+01,2.202176e+01,2.211132e+01,2.209755e+01,2.217328e+01,2.213886e+01,2.218016e+01,2.216640e+01,2.213198e+01,2.218705e+01,2.227647e+01,2.220769e+01,2.233833e+01,2.218705e+01,2.232458e+01,2.236581e+01,2.231084e+01,2.229709e+01,2.228334e+01,2.215952e+01,2.215952e+01,2.229022e+01,2.211132e+01,2.222833e+01,2.223520e+01,2.208377e+01,2.214575e+01,2.202176e+01,2.202176e+01,2.207688e+01,2.202865e+01,2.213886e+01,2.215952e+01,2.211821e+01,2.209066e+01,2.207688e+01,2.218016e+01,2.205621e+01,2.207688e+01,2.217328e+01,2.204243e+01,2.204932e+01,2.208377e+01,2.202865e+01,2.204932e+01,2.199418e+01,2.197349e+01,2.204243e+01,2.200797e+01,2.204932e+01,2.200797e+01,2.200107e+01,2.198729e+01,2.198729e+01,2.198039e+01,2.208377e+01,2.199418e+01,2.195970e+01,2.196660e+01,2.193211e+01,2.161427e+01,2.162119e+01,2.151734e+01,2.156582e+01,2.153812e+01,2.150349e+01,2.153119e+01,2.160043e+01,2.164195e+01,2.166270e+01,2.165579e+01,2.169728e+01,2.172494e+01,2.172494e+01,2.175949e+01,2.182167e+01,2.197349e+01,2.199418e+01,2.182858e+01,2.186310e+01,2.181476e+01,2.186310e+01,2.189071e+01,2.199418e+01,2.186310e+01,2.195970e+01,2.200107e+01,2.193901e+01,2.195280e+01,2.195970e+01,2.197349e+01,2.186310e+01,2.204932e+01,2.193211e+01,2.202865e+01,2.197349e+01,2.206310e+01,2.192521e+01,2.210443e+01,2.206310e+01,2.209066e+01,2.208377e+01,2.201486e+01,2.205621e+01,2.203554e+01,2.202176e+01,2.204932e+01,2.195970e+01,2.191141e+01,2.190451e+01,2.191831e+01,2.202176e+01,2.198039e+01,2.198039e+01,2.199418e+01,2.198729e+01,2.195280e+01,2.191831e+01,2.190451e+01,2.189071e+01,2.180786e+01,2.182858e+01,2.182167e+01,2.183548e+01,2.178713e+01,2.182167e+01,2.184239e+01,2.173876e+01,2.173876e+01,2.171111e+01,2.173185e+01,2.171111e+01,2.169728e+01,2.176641e+01,2.161427e+01,2.162119e+01,2.153119e+01,2.160735e+01,2.158659e+01,2.157967e+01,2.155197e+01,2.140645e+01,2.138565e+01,2.150349e+01,2.173185e+01,2.186310e+01,2.193211e+01,2.195970e+01,2.195970e+01,2.197349e+01,2.189071e+01,2.190451e+01,2.191141e+01,2.191831e+01,2.204932e+01,2.205621e+01,2.199418e+01,2.191141e+01,2.191831e+01,2.194591e+01,2.194591e+01,2.206999e+01,2.204932e+01,2.207688e+01,2.208377e+01,2.211821e+01,2.170420e+01,2.161427e+01,2.165579e+01,2.206999e+01,2.238642e+01,2.238642e+01,2.238642e+01,2.238642e+01,2.246194e+01,2.229022e+01,2.226959e+01,2.228334e+01,2.206999e+01,2.204932e+01,2.189761e+01,2.171111e+01,2.155197e+01,2.153812e+01,2.140645e+01,2.139952e+01,2.123294e+01,2.103130e+01,2.085715e+01,2.090594e+01,2.085715e+01,2.091987e+01,2.094077e+01,2.078042e+01,2.077344e+01,2.093381e+01,2.071062e+01,2.078740e+01,2.077344e+01,2.078740e+01,2.082228e+01,2.073855e+01,2.075949e+01,2.078740e+01,2.078042e+01,2.080135e+01,2.084320e+01,2.087109e+01,2.099649e+01,2.099649e+01,2.084320e+01,2.114260e+01,2.104522e+01,2.117041e+01,2.108001e+01,2.119126e+01,2.114260e+01,2.112869e+01,2.118431e+01,2.114260e+01,2.116345e+01,2.124683e+01,2.123989e+01,2.133014e+01,2.122600e+01,2.124683e+01,2.126072e+01,2.126767e+01,2.121210e+01,2.115650e+01,2.133708e+01,2.113565e+01,2.116345e+01,2.112869e+01,2.121210e+01,2.114260e+01,2.108696e+01,2.107305e+01,2.122600e+01,2.123989e+01,2.117041e+01,2.118431e+01,2.111479e+01,2.112174e+01,2.116345e+01,2.117736e+01,2.128156e+01,2.117041e+01,2.120515e+01,2.111479e+01,2.082925e+01,2.071062e+01,2.059185e+01,2.065475e+01,2.066174e+01,2.059884e+01,2.065475e+01,2.062680e+01,2.050793e+01,2.057088e+01,2.054291e+01,2.062680e+01,2.061282e+01,2.057088e+01,2.075251e+01,2.105914e+01,2.100345e+01,2.105914e+01,2.106609e+01,2.108696e+01,2.112869e+01,2.107305e+01,2.110783e+01,2.105218e+01,2.112174e+01,2.107305e+01,2.094077e+01,2.097560e+01,2.097560e+01,2.089200e+01,2.099649e+01,2.080135e+01,2.076647e+01,2.073157e+01,2.085017e+01,2.103130e+01,2.087806e+01,2.087109e+01,2.093381e+01,2.096864e+01,2.107305e+01,2.104522e+01,2.101738e+01,2.104522e+01,2.105914e+01,2.108696e+01,2.109392e+01,2.101738e+01,2.094077e+01,2.100345e+01,2.103826e+01,2.089897e+01,2.087806e+01,2.099649e+01,2.091291e+01,2.089200e+01,2.089897e+01,2.080833e+01,2.079438e+01,2.084320e+01,2.083623e+01,2.075949e+01,2.085715e+01,2.069666e+01,2.085715e+01,2.075949e+01,2.074553e+01,2.094077e+01,2.085715e+01,2.086412e+01,2.088503e+01,2.093381e+01,2.089200e+01,2.105914e+01,2.108696e+01,2.112174e+01,2.118431e+01,2.116345e+01,2.112869e+01,2.106609e+01,2.104522e+01,2.121210e+01,2.110783e+01,2.107305e+01,2.121210e+01,2.126767e+01,2.130932e+01,2.130238e+01,2.143419e+01,2.150349e+01,2.151734e+01,2.177332e+01,2.160043e+01,2.165579e+01,2.190451e+01,2.195280e+01,2.202865e+01,2.192521e+01,2.199418e+01,2.206999e+01,2.226271e+01,2.227647e+01,2.245507e+01,2.252369e+01,2.261282e+01,2.269502e+01,2.296173e+01,2.300953e+01,2.315278e+01,2.353384e+01,2.368994e+01,2.394057e+01,2.455441e+01,2.479625e+01,2.517135e+01,2.560505e+01,2.590427e+01,2.622911e+01,2.642090e+01,2.670465e+01,2.665851e+01,2.682320e+01,2.686268e+01,2.679686e+01,2.675076e+01,2.634820e+01,2.612315e+01,2.580462e+01,2.539176e+01,2.505093e+01,2.471570e+01,2.424457e+01,2.379162e+01,2.353384e+01,2.326180e+01,2.299587e+01,2.298904e+01,2.275663e+01,2.255112e+01,2.251683e+01,2.240702e+01,2.242762e+01,2.210443e+01,2.224896e+01,2.206310e+01,2.204932e+01,2.198729e+01,2.193901e+01,2.200797e+01,2.191831e+01,2.200107e+01,2.198039e+01,2.187691e+01,2.197349e+01,2.198039e+01,2.198039e+01,2.191141e+01,2.191831e+01,2.199418e+01,2.191831e+01,2.206310e+01,2.182858e+01,2.185620e+01,2.182167e+01,2.180095e+01,2.184929e+01,2.184929e+01,2.183548e+01,2.186310e+01,2.184929e+01,2.179404e+01,2.183548e+01,2.183548e+01,2.184239e+01,2.185620e+01,2.180786e+01,2.183548e+01,2.178713e+01,2.178022e+01,2.178713e+01,2.171111e+01,2.160735e+01,2.161427e+01,2.161427e+01,2.163503e+01,2.156582e+01,2.157967e+01,2.158659e+01,2.155197e+01,2.153119e+01,2.149656e+01,2.154505e+01,2.157274e+01,2.157274e+01,2.154505e+01,2.158659e+01,2.159351e+01,2.158659e+01,2.153119e+01,2.156582e+01,2.166270e+01,2.166270e+01,2.162119e+01,2.175949e+01,2.191141e+01,2.187691e+01,2.206999e+01,2.206310e+01,2.207688e+01,2.212509e+01,2.229709e+01,2.224896e+01,2.230396e+01,2.242762e+01,2.229022e+01,2.231084e+01,2.235894e+01,2.246194e+01,2.248939e+01,2.244821e+01,2.250311e+01,2.246194e+01,2.255798e+01,2.253741e+01,2.251683e+01,2.257169e+01,2.248252e+01,2.244821e+01,2.243448e+01,2.247566e+01,2.248939e+01,2.244135e+01,2.249625e+01,2.241389e+01,2.244821e+01,2.243448e+01,2.244135e+01,2.230396e+01,2.246194e+01,2.237955e+01,2.238642e+01,2.237268e+01,2.237955e+01,2.246880e+01,2.237268e+01,2.243448e+01,2.234520e+01,2.235894e+01,2.237268e+01,2.239328e+01,2.239328e+01,2.231084e+01,2.236581e+01,2.233833e+01,2.220081e+01,2.237268e+01,2.226959e+01,2.223520e+01,2.224208e+01,2.224208e+01,2.226959e+01,2.222145e+01,2.224208e+01,2.223520e+01,2.226271e+01,2.222833e+01,2.209755e+01,2.222145e+01,2.234520e+01,2.229709e+01,2.222145e+01,2.222833e+01,2.228334e+01,2.222833e+01,2.226271e+01,2.224896e+01,2.229022e+01,2.230396e+01,2.214575e+01,2.241389e+01,2.240702e+01,2.239328e+01,2.242075e+01,2.242075e+01,2.238642e+01,2.234520e+01,2.232458e+01,2.233146e+01,2.231084e+01,2.231084e+01,2.230396e+01,2.231084e+01,2.224896e+01,2.227647e+01,2.229022e+01,2.224896e+01,2.232458e+01,2.220081e+01,2.231771e+01,2.221457e+01,2.224896e+01,2.218705e+01,2.220769e+01,2.222145e+01,2.224208e+01,2.223520e+01,2.204243e+01,2.207688e+01,2.213886e+01,2.213886e+01,2.193211e+01,2.206310e+01,2.198039e+01,2.192521e+01,2.206310e+01,2.201486e+01
2.205621e+01,2.194591e+01,2.198039e+01,2.194591e+01,2.193211e+01,2.195280e+01,2.194591e+01,2.187000e+01,2.201486e+01,2.193211e+01,2.195280e+01,2.190451e+01,2.182858e+01,2.180786e+01,2.193211e+01,2.189761e+01,2.195970e+01,2.191141e+01,2.190451e+01,2.187691e+01,2.195970e+01,2.178713e+01,2.195280e+01,2.195280e+01,2.204932e+01,2.204932e+01,2.205621e+01,2.191831e+01,2.207688e+01,2.213886e+01,2.213886e+01,2.200797e+01,2.202865e+01,2.216640e+01,2.203554e+01,2.215952e+01,2.202865e+01,2.200797e+01,2.192521e+01,2.203554e+01,2.202865e+01,2.200107e+01,2.203554e+01,2.195970e+01,2.195970e+01,2.192521e+01,2.197349e+01,2.206310e+01,2.204243e+01,2.194591e+01,2.193211e+01,2.202176e+01,2.194591e+01,2.197349e+01,2.191831e+01,2.195280e+01,2.195970e+01,2.200107e+01,2.198729e+01,2.188381e+01,2.196660e+01,2.201486e+01,2.197349e+01,2.197349e+01,2.206310e+01,2.201486e+01,2.196660e+01,2.199418e+01,2.202176e+01,2.206999e+01,2.207688e+01,2.211821e+01,2.206310e+01,2.213198e+01,2.211821e+01,2.220081e+01,2.204243e+01,2.211821e+01,2.222833e+01,2.219393e+01,2.225584e+01,2.220081e+01,2.215952e+01,2.233146e+01,2.222145e+01,2.226271e+01,2.221457e+01,2.220769e+01,2.235894e+01,2.223520e+01,2.229022e+01,2.219393e+01,2.216640e+01,2.222833e+01,2.215952e+01,2.210443e+01,2.220081e+01,2.218705e+01,2.213886e+01,2.215952e+01,2.215263e+01,2.215263e+01,2.208377e+01,2.222833e+01,2.204243e+01,2.201486e+01,2.215952e+01,2.208377e+01,2.207688e+01,2.201486e+01,2.214575e+01,2.210443e+01,2.206999e+01,2.213198e+01,2.207688e+01,2.209755e+01,2.185620e+01,2.205621e+01,2.201486e+01,2.202176e+01,2.200797e+01,2.192521e+01,2.204932e+01,2.203554e+01,2.199418e+01,2.203554e+01,2.212509e+01,2.198729e+01,2.194591e+01,2.191831e+01,2.198039e+01,2.204243e+01,2.202865e+01,2.198729e+01,2.200107e+01,2.190451e+01,2.156582e+01,2.154505e+01,2.153119e+01,2.155890e+01,2.160043e+01,2.157967e+01,2.164195e+01,2.165579e+01,2.166270e+01,2.167654e+01,2.169728e+01,2.177332e+01,2.187000e+01,2.181476e+01,2.185620e+01,2.184239e+01,2.176641e+01,2.182858e+01,2.187000e+01,2.174567e+01,2.182167e+01,2.176641e+01,2.190451e+01,2.187691e+01,2.191831e+01,2.191141e+01,2.192521e+01,2.190451e+01,2.194591e+01,2.184239e+01,2.207688e+01,2.196660e+01,2.199418e+01,2.194591e+01,2.202176e+01,2.202865e+01,2.209066e+01,2.205621e+01,2.208377e+01,2.206999e+01,2.204243e+01,2.208377e+01,2.202176e+01,2.195970e+01,2.202176e+01,2.197349e+01,2.200107e+01,2.191831e+01,2.189071e+01,2.188381e+01,2.198729e+01,2.187691e+01,2.197349e+01,2.195970e+01,2.195280e+01,2.192521e+01,2.201486e+01,2.190451e+01,2.187000e+01,2.184239e+01,2.184239e+01,2.184929e+01,2.185620e+01,2.178022e+01,2.181476e+01,2.166270e+01,2.176641e+01,2.171802e+01,2.176641e+01,2.173185e+01,2.166962e+01,2.164887e+01,2.159351e+01,2.164887e+01,2.161427e+01,2.157967e+01,2.165579e+01,2.160043e+01,2.162811e+01,2.157967e+01,2.147577e+01,2.175949e+01,2.172494e+01,2.193901e+01,2.193901e+01,2.190451e+01,2.215952e+01,2.202176e+01,2.195970e+01,2.198039e+01,2.196660e+01,2.193211e+01,2.194591e+01,2.196660e+01,2.189761e+01,2.189761e+01,2.208377e+01,2.198729e+01,2.189761e+01,2.211132e+01,2.215263e+01,2.217328e+01,2.211132e+01,2.220769e+01,2.206999e+01,2.207688e+01,2.234520e+01,2.241389e+01,2.241389e+01,2.242075e+01,2.247566e+01,2.244821e+01,2.244135e+01,2.248252e+01,2.239328e+01,2.229709e+01,2.217328e+01,2.207688e+01,2.193901e+01,2.176641e+01,2.156582e+01,2.155890e+01,2.141339e+01,2.139952e+01,2.123989e+01,2.125378e+01,2.096864e+01,2.094774e+01,2.087806e+01,2.092684e+01,2.091987e+01,2.091987e+01,2.093381e+01,2.096167e+01,2.082228e+01,2.091291e+01,2.081530e+01,2.080135e+01,2.073157e+01,2.072459e+01,2.073157e+01,2.081530e+01,2.078740e+01,2.078740e+01,2.073855e+01,2.082228e+01,2.085715e+01,2.093381e+01,2.084320e+01,2.081530e+01,2.102434e+01,2.111479e+01,2.111479e+01,2.107305e+01,2.114260e+01,2.108696e+01,2.117736e+01,2.121210e+01,2.118431e+01,2.126767e+01,2.124683e+01,2.119126e+01,2.130932e+01,2.125378e+01,2.130238e+01,2.127461e+01,2.117041e+01,2.125378e+01,2.114955e+01,2.119820e+01,2.109392e+01,2.110088e+01,2.113565e+01,2.112869e+01,2.112869e+01,2.112174e+01,2.106609e+01,2.124683e+01,2.121905e+01,2.128850e+01,2.121210e+01,2.111479e+01,2.110783e+01,2.110783e+01,2.114955e+01,2.115650e+01,2.103826e+01,2.114260e+01,2.098256e+01,2.075251e+01,2.067570e+01,2.057787e+01,2.061282e+01,2.064776e+01,2.061981e+01,2.061282e+01,2.066872e+01,2.056389e+01,2.057787e+01,2.057088e+01,2.061981e+01,2.064776e+01,2.096864e+01,2.110783e+01,2.101042e+01,2.104522e+01,2.116345e+01,2.099649e+01,2.107305e+01,2.106609e+01,2.110783e+01,2.110088e+01,2.111479e+01,2.098953e+01,2.107305e+01,2.096864e+01,2.089897e+01,2.087806e+01,2.089897e+01,2.094774e+01,2.085017e+01,2.071062e+01,2.083623e+01,2.086412e+01,2.087806e+01,2.088503e+01,2.094774e+01,2.107305e+01,2.098256e+01,2.087806e+01,2.108696e+01,2.103130e+01,2.105914e+01,2.110088e+01,2.101042e+01,2.101042e+01,2.106609e+01,2.100345e+01,2.106609e+01,2.097560e+01,2.096864e+01,2.087109e+01,2.091987e+01,2.089897e+01,2.079438e+01,2.080833e+01,2.077344e+01,2.080833e+01,2.078042e+01,2.078042e+01,2.074553e+01,2.080135e+01,2.078740e+01,2.075251e+01,2.088503e+01,2.076647e+01,2.088503e+01,2.087806e+01,2.097560e+01,2.086412e+01,2.093381e+01,2.093381e+01,2.089897e+01,2.100345e+01,2.108001e+01,2.101738e+01,2.104522e+01,2.114955e+01,2.105914e+01,2.110783e+01,2.117041e+01,2.115650e+01,2.121210e+01,2.121210e+01,2.127461e+01,2.128850e+01,2.147577e+01,2.144805e+01,2.151734e+01,2.152427e+01,2.173876e+01,2.160043e+01,2.164195e+01,2.190451e+01,2.169037e+01,2.193901e+01,2.193901e+01,2.191141e+01,2.202176e+01,2.193901e+01,2.227647e+01,2.226959e+01,2.241389e+01,2.240702e+01,2.262652e+01,2.260596e+01,2.256483e+01,2.287290e+01,2.313233e+01,2.343871e+01,2.345230e+01,2.361531e+01,2.396086e+01,2.449386e+01,2.480967e+01,2.518472e+01,2.560505e+01,2.600381e+01,2.636803e+01,2.661235e+01,2.686268e+01,2.684952e+01,2.685610e+01,2.665851e+01,2.645394e+01,2.606350e+01,2.587770e+01,2.562503e+01,2.514460e+01,2.489015e+01,2.434570e+01,2.419059e+01,2.377807e+01,2.326861e+01,2.322093e+01,2.299587e+01,2.287290e+01,2.254426e+01,2.259911e+01,2.249625e+01,2.229022e+01,2.221457e+01,2.222145e+01,2.212509e+01,2.204243e+01,2.195280e+01,2.204243e+01,2.200797e+01,2.202176e+01,2.197349e+01,2.198729e+01,2.194591e+01,2.195970e+01,2.196660e+01,2.193211e+01,2.190451e+01,2.180095e+01,2.191141e+01,2.195280e+01,2.190451e+01,2.190451e+01,2.183548e+01,2.183548e+01,2.190451e+01,2.184239e+01,2.176641e+01,2.188381e+01,2.182167e+01,2.193211e+01,2.189071e+01,2.182858e+01,2.183548e+01,2.185620e+01,2.184929e+01,2.182167e+01,2.182167e+01,2.174567e+01,2.173185e+01,2.172494e+01,2.172494e+01,2.162811e+01,2.171802e+01,2.157967e+01,2.163503e+01,2.157967e+01,2.158659e+01,2.150349e+01,2.148270e+01,2.156582e+01,2.155197e+01,2.160043e+01,2.162811e+01,2.154505e+01,2.146191e+01,2.157274e+01,2.154505e+01,2.153119e+01,2.155197e+01,2.163503e+01,2.162811e+01,2.169728e+01,2.173185e+01,2.180095e+01,2.188381e+01,2.181476e+01,2.206310e+01,2.211821e+01,2.205621e+01,2.223520e+01,2.217328e+01,2.221457e+01,2.231084e+01,2.239328e+01,2.238642e+01,2.238642e+01,2.240702e+01,2.248939e+01,2.240015e+01,2.244821e+01,2.246880e+01,2.249625e+01,2.257169e+01,2.256483e+01,2.250311e+01,2.248252e+01,2.244135e+01,2.243448e+01,2.246194e+01,2.242762e+01,2.240702e+01,2.248939e+01,2.242075e+01,2.254426e+01,2.246880e+01,2.246194e+01,2.244821e+01,2.246880e+01,2.261282e+01,2.235894e+01,2.238642e+01,2.237268e+01,2.235894e+01,2.240702e+01,2.234520e+01,2.240702e+01,2.245507e+01,2.239328e+01,2.242075e+01,2.236581e+01,2.237955e+01,2.229022e+01,2.221457e+01,2.218016e+01,2.235207e+01,2.219393e+01,2.220769e+01,2.222145e+01,2.224208e+01,2.224896e+01,2.227647e+01,2.224208e+01,2.220081e+01,2.224896e+01,2.229022e+01,2.226271e+01,2.234520e+01,2.225584e+01,2.231771e+01,2.226959e+01,2.229022e+01,2.228334e+01,2.232458e+01,2.224208e+01,2.232458e+01,2.225584e+01,2.231771e+01,2.231084e+01,2.231084e+01,2.233833e+01,2.231771e+01,2.230396e+01,2.240015e+01,2.230396e+01,2.232458e+01,2.235894e+01,2.229022e+01,2.228334e+01,2.237268e+01,2.246194e+01,2.220081e+01,2.223520e+01,2.231771e+01,2.233833e+01,2.230396e+01,2.233833e+01,2.218016e+01,2.233146e+01,2.220081e+01,2.217328e+01,2.221457e+01,2.222145e+01,2.209066e+01,2.211132e+01,2.226271e+01,2.226959e+01,2.211821e+01,2.211132e+01,2.210443e+01,2.211821e+01,2.210443e+01,2.196660e+01,2.211132e+01,2.196660e+01,2.200797e+01
2.206999e+01,2.204932e+01,2.206999e+01,2.186310e+01,2.184239e+01,2.193901e+01,2.192521e+01,2.204243e+01,2.204243e+01,2.194591e+01,2.198039e+01,2.183548e+01,2.182858e+01,2.195280e+01,2.194591e+01,2.193211e+01,2.192521e+01,2.191141e+01,2.187691e+01,2.196660e+01,2.198039e+01,2.197349e+01,2.194591e+01,2.203554e+01,2.208377e+01,2.210443e+01,2.208377e+01,2.204932e+01,2.212509e+01,2.202865e+01,2.220081e+01,2.215263e+01,2.209755e+01,2.206310e+01,2.204243e+01,2.201486e+01,2.203554e+01,2.201486e+01,2.213198e+01,2.198729e+01,2.202176e+01,2.204243e+01,2.198729e+01,2.198039e+01,2.189761e+01,2.189071e+01,2.189761e+01,2.198039e+01,2.197349e+01,2.193211e+01,2.190451e+01,2.191831e+01,2.185620e+01,2.195280e+01,2.198729e+01,2.198729e+01,2.213886e+01,2.200107e+01,2.208377e+01,2.202865e+01,2.199418e+01,2.199418e+01,2.211132e+01,2.208377e+01,2.206310e+01,2.205621e+01,2.195280e+01,2.197349e+01,2.206999e+01,2.210443e+01,2.204243e+01,2.204243e+01,2.199418e+01,2.214575e+01,2.210443e+01,2.208377e+01,2.222145e+01,2.215952e+01,2.214575e+01,2.214575e+01,2.227647e+01,2.226959e+01,2.231084e+01,2.231771e+01,2.227647e+01,2.224896e+01,2.226271e+01,2.215952e+01,2.233146e+01,2.221457e+01,2.226271e+01,2.229022e+01,2.228334e+01,2.223520e+01,2.223520e+01,2.215263e+01,2.220081e+01,2.220081e+01,2.210443e+01,2.218016e+01,2.226271e+01,2.218705e+01,2.222833e+01,2.204932e+01,2.220769e+01,2.209755e+01,2.214575e+01,2.214575e+01,2.206310e+01,2.208377e+01,2.213886e+01,2.207688e+01,2.203554e+01,2.214575e+01,2.207688e+01,2.209066e+01,2.207688e+01,2.206999e+01,2.207688e+01,2.206999e+01,2.209755e+01,2.201486e+01,2.202865e+01,2.196660e+01,2.205621e+01,2.204932e+01,2.200797e+01,2.204932e+01,2.201486e+01,2.194591e+01,2.210443e+01,2.211132e+01,2.210443e+01,2.209755e+01,2.202865e+01,2.187000e+01,2.155197e+01,2.151734e+01,2.149656e+01,2.148270e+01,2.147577e+01,2.158659e+01,2.166270e+01,2.160043e+01,2.166962e+01,2.166270e+01,2.186310e+01,2.171802e+01,2.178713e+01,2.173185e+01,2.183548e+01,2.185620e+01,2.198039e+01,2.182167e+01,2.184239e+01,2.182858e+01,2.182858e+01,2.189071e+01,2.187691e+01,2.189761e+01,2.191831e+01,2.187691e+01,2.185620e+01,2.185620e+01,2.186310e+01,2.184929e+01,2.190451e+01,2.190451e+01,2.188381e+01,2.191831e+01,2.193901e+01,2.182167e+01,2.200797e+01,2.208377e+01,2.204932e+01,2.205621e+01,2.201486e+01,2.212509e+01,2.198729e+01,2.196660e+01,2.189071e+01,2.191141e+01,2.189761e+01,2.193211e+01,2.185620e+01,2.186310e+01,2.189071e+01,2.195280e+01,2.198729e+01,2.190451e+01,2.194591e+01,2.193901e+01,2.189761e+01,2.183548e+01,2.192521e+01,2.184239e+01,2.182858e+01,2.186310e+01,2.180786e+01,2.178713e+01,2.171802e+01,2.175258e+01,2.181476e+01,2.179404e+01,2.180095e+01,2.173876e+01,2.163503e+01,2.167654e+01,2.169728e+01,2.166270e+01,2.169728e+01,2.164195e+01,2.162119e+01,2.161427e+01,2.169037e+01,2.165579e+01,2.182167e+01,2.202176e+01,2.192521e+01,2.191831e+01,2.191831e+01,2.188381e+01,2.189071e+01,2.190451e+01,2.190451e+01,2.189761e+01,2.183548e+01,2.196660e+01,2.203554e+01,2.198039e+01,2.202176e+01,2.198039e+01,2.202865e+01,2.198039e+01,2.214575e+01,2.221457e+01,2.218016e+01,2.226271e+01,2.222833e+01,2.230396e+01,2.221457e+01,2.236581e+01,2.255798e+01,2.245507e+01,2.240702e+01,2.253055e+01,2.246194e+01,2.253055e+01,2.246880e+01,2.245507e+01,2.237268e+01,2.240015e+01,2.214575e+01,2.202176e+01,2.175258e+01,2.163503e+01,2.155197e+01,2.151042e+01,2.139258e+01,2.132320e+01,2.135096e+01,2.128850e+01,2.102434e+01,2.092684e+01,2.091987e+01,2.081530e+01,2.091291e+01,2.080833e+01,2.089897e+01,2.088503e+01,2.083623e+01,2.078740e+01,2.082228e+01,2.081530e+01,2.087109e+01,2.077344e+01,2.078740e+01,2.090594e+01,2.085017e+01,2.079438e+01,2.086412e+01,2.080135e+01,2.075251e+01,2.087109e+01,2.090594e+01,2.094077e+01,2.094774e+01,2.105914e+01,2.113565e+01,2.115650e+01,2.106609e+01,2.110783e+01,2.107305e+01,2.111479e+01,2.116345e+01,2.114955e+01,2.115650e+01,2.121210e+01,2.127461e+01,2.127461e+01,2.119126e+01,2.126767e+01,2.121905e+01,2.121905e+01,2.116345e+01,2.114955e+01,2.105218e+01,2.116345e+01,2.114260e+01,2.112869e+01,2.119820e+01,2.111479e+01,2.115650e+01,2.117041e+01,2.126072e+01,2.123989e+01,2.127461e+01,2.109392e+01,2.114260e+01,2.108001e+01,2.116345e+01,2.119820e+01,2.099649e+01,2.116345e+01,2.109392e+01,2.089897e+01,2.072459e+01,2.063379e+01,2.059884e+01,2.061981e+01,2.059884e+01,2.054291e+01,2.054291e+01,2.056389e+01,2.059185e+01,2.048694e+01,2.061282e+01,2.093381e+01,2.098953e+01,2.104522e+01,2.114955e+01,2.112869e+01,2.114260e+01,2.110088e+01,2.102434e+01,2.107305e+01,2.103130e+01,2.112869e+01,2.108696e+01,2.106609e+01,2.101738e+01,2.103826e+01,2.089200e+01,2.092684e+01,2.088503e+01,2.091987e+01,2.078740e+01,2.082925e+01,2.088503e+01,2.089897e+01,2.091291e+01,2.089897e+01,2.099649e+01,2.103826e+01,2.099649e+01,2.114260e+01,2.114260e+01,2.101738e+01,2.103826e+01,2.110783e+01,2.105218e+01,2.100345e+01,2.105914e+01,2.105218e+01,2.105218e+01,2.096167e+01,2.097560e+01,2.097560e+01,2.090594e+01,2.085715e+01,2.084320e+01,2.078740e+01,2.080135e+01,2.094077e+01,2.077344e+01,2.085715e+01,2.073157e+01,2.078740e+01,2.086412e+01,2.077344e+01,2.077344e+01,2.085715e+01,2.078740e+01,2.086412e+01,2.081530e+01,2.083623e+01,2.089897e+01,2.103130e+01,2.096167e+01,2.110088e+01,2.095471e+01,2.114260e+01,2.104522e+01,2.109392e+01,2.117041e+01,2.105914e+01,2.105218e+01,2.106609e+01,2.119820e+01,2.116345e+01,2.124683e+01,2.126072e+01,2.128156e+01,2.128156e+01,2.144112e+01,2.147577e+01,2.162119e+01,2.164887e+01,2.155890e+01,2.162811e+01,2.157967e+01,2.174567e+01,2.184929e+01,2.184929e+01,2.183548e+01,2.188381e+01,2.200107e+01,2.209066e+01,2.202176e+01,2.213198e+01,2.230396e+01,2.229022e+01,2.233146e+01,2.247566e+01,2.246194e+01,2.274294e+01,2.292074e+01,2.311187e+01,2.315960e+01,2.339791e+01,2.369672e+01,2.398115e+01,2.436592e+01,2.484992e+01,2.528495e+01,2.598391e+01,2.637464e+01,2.667828e+01,2.682978e+01,2.684952e+01,2.685610e+01,2.664532e+01,2.626221e+01,2.607013e+01,2.580462e+01,2.527159e+01,2.496387e+01,2.447367e+01,2.428503e+01,2.377807e+01,2.361531e+01,2.323456e+01,2.311869e+01,2.285923e+01,2.268132e+01,2.255798e+01,2.243448e+01,2.235894e+01,2.218016e+01,2.219393e+01,2.211132e+01,2.206999e+01,2.202865e+01,2.200797e+01,2.200797e+01,2.198039e+01,2.191141e+01,2.191831e+01,2.191141e+01,2.193901e+01,2.181476e+01,2.197349e+01,2.194591e+01,2.201486e+01,2.188381e+01,2.184239e+01,2.184239e+01,2.187000e+01,2.189071e+01,2.182167e+01,2.187000e+01,2.184929e+01,2.187691e+01,2.184239e+01,2.189071e+01,2.187000e+01,2.188381e+01,2.186310e+01,2.197349e+01,2.181476e+01,2.184239e+01,2.184239e+01,2.176641e+01,2.181476e+01,2.167654e+01,2.175258e+01,2.166270e+01,2.158659e+01,2.164195e+01,2.160043e+01,2.156582e+01,2.157967e+01,2.153812e+01,2.155197e+01,2.158659e+01,2.155197e+01,2.164195e+01,2.145498e+01,2.144112e+01,2.160735e+01,2.155197e+01,2.167654e+01,2.157274e+01,2.167654e+01,2.163503e+01,2.157967e+01,2.168345e+01,2.166270e+01,2.187000e+01,2.194591e+01,2.198729e+01,2.206999e+01,2.215952e+01,2.211132e+01,2.209066e+01,2.220769e+01,2.226959e+01,2.229022e+01,2.231084e+01,2.233146e+01,2.234520e+01,2.248939e+01,2.240015e+01,2.239328e+01,2.232458e+01,2.242075e+01,2.255798e+01,2.242762e+01,2.251683e+01,2.250311e+01,2.248939e+01,2.251683e+01,2.252369e+01,2.242075e+01,2.242075e+01,2.242075e+01,2.240702e+01,2.240702e+01,2.255112e+01,2.244821e+01,2.242075e+01,2.236581e+01,2.240702e+01,2.237955e+01,2.243448e+01,2.242075e+01,2.240702e+01,2.245507e+01,2.240015e+01,2.234520e+01,2.242762e+01,2.241389e+01,2.244135e+01,2.240015e+01,2.241389e+01,2.231771e+01,2.240702e+01,2.229022e+01,2.231771e+01,2.233146e+01,2.222833e+01,2.233833e+01,2.228334e+01,2.223520e+01,2.225584e+01,2.235894e+01,2.218705e+01,2.225584e+01,2.224208e+01,2.223520e+01,2.220081e+01,2.224208e+01,2.233833e+01,2.224896e+01,2.218705e+01,2.229709e+01,2.231084e+01,2.232458e+01,2.229022e+01,2.226959e+01,2.233146e+01,2.229709e+01,2.229709e+01,2.240702e+01,2.239328e+01,2.242075e+01,2.240702e+01,2.237268e+01,2.237955e+01,2.233146e+01,2.229022e+01,2.232458e+01,2.249625e+01,2.250997e+01,2.227647e+01,2.219393e+01,2.229709e+01,2.240015e+01,2.227647e+01,2.220769e+01,2.220769e+01,2.222833e+01,2.232458e+01,2.221457e+01,2.229709e+01,2.231771e+01,2.210443e+01,2.209066e+01,2.231084e+01,2.220769e+01,2.216640e+01,2.210443e+01,2.193211e+01,2.224208e+01,2.211821e+01,2.198729e+01,2.206999e+01,2.204243e+01,2.210443e+01,2.203554e+01
2.206999e+01,2.191141e+01,2.202865e+01,2.200797e+01,2.191831e+01,2.193211e+01,2.191141e+01,2.197349e+01,2.198039e+01,2.198039e+01,2.177332e+01,2.181476e+01,2.179404e+01,2.184929e+01,2.193901e+01,2.192521e+01,2.177332e+01,2.185620e+01,2.187000e+01,2.180786e+01,2.193901e+01,2.187000e+01,2.193211e+01,2.198039e+01,2.198039e+01,2.199418e+01,2.203554e+01,2.198039e+01,2.202176e+01,2.215952e+01,2.215263e+01,2.202865e+01,2.203554e+01,2.204932e+01,2.207688e+01,2.198039e+01,2.201486e+01,2.202176e+01,2.202176e+01,2.203554e+01,2.200797e+01,2.195280e+01,2.198729e+01,2.196660e+01,2.200107e+01,2.184239e+01,2.187691e+01,2.206310e+01,2.197349e+01,2.204932e+01,2.198039e+01,2.191831e+01,2.189071e+01,2.211132e+01,2.195280e+01,2.204932e+01,2.198039e+01,2.199418e+01,2.204243e+01,2.202176e+01,2.186310e+01,2.200797e+01,2.202865e+01,2.204932e+01,2.195970e+01,2.206999e+01,2.205621e+01,2.206310e+01,2.208377e+01,2.213198e+01,2.209066e+01,2.213198e+01,2.209066e+01,2.214575e+01,2.213198e+01,2.207688e+01,2.209066e+01,2.210443e+01,2.213198e+01,2.222833e+01,2.218705e+01,2.224208e+01,2.221457e+01,2.222145e+01,2.220769e+01,2.223520e+01,2.229709e+01,2.229022e+01,2.233833e+01,2.232458e+01,2.226271e+01,2.219393e+01,2.222145e+01,2.226271e+01,2.222145e+01,2.220081e+01,2.209755e+01,2.219393e+01,2.209755e+01,2.216640e+01,2.209755e+01,2.213198e+01,2.206310e+01,2.218016e+01,2.201486e+01,2.215263e+01,2.213198e+01,2.214575e+01,2.209755e+01,2.211821e+01,2.208377e+01,2.209066e+01,2.206999e+01,2.202865e+01,2.202865e+01,2.204932e+01,2.206999e+01,2.209755e+01,2.200107e+01,2.205621e+01,2.205621e+01,2.210443e+01,2.206310e+01,2.206999e+01,2.196660e+01,2.200107e+01,2.200797e+01,2.208377e+01,2.200107e+01,2.204932e+01,2.210443e+01,2.200797e+01,2.211132e+01,2.202865e+01,2.206310e+01,2.204932e+01,2.188381e+01,2.150349e+01,2.153812e+01,2.152427e+01,2.153812e+01,2.151734e+01,2.154505e+01,2.164195e+01,2.162811e+01,2.162119e+01,2.184239e+01,2.178022e+01,2.172494e+01,2.175258e+01,2.163503e+01,2.175258e+01,2.183548e+01,2.178022e+01,2.180786e+01,2.179404e+01,2.182858e+01,2.182858e+01,2.187000e+01,2.188381e+01,2.185620e+01,2.187691e+01,2.197349e+01,2.187691e+01,2.181476e+01,2.160043e+01,2.185620e+01,2.187000e+01,2.191141e+01,2.192521e+01,2.193901e+01,2.195280e+01,2.207688e+01,2.195280e+01,2.197349e+01,2.196660e+01,2.193901e+01,2.206999e+01,2.195970e+01,2.190451e+01,2.191831e+01,2.187691e+01,2.189071e+01,2.189071e+01,2.188381e+01,2.187000e+01,2.187691e+01,2.198039e+01,2.194591e+01,2.196660e+01,2.193901e+01,2.193901e+01,2.182858e+01,2.184929e+01,2.188381e+01,2.173876e+01,2.190451e+01,2.181476e+01,2.184929e+01,2.187000e+01,2.186310e+01,2.186310e+01,2.178713e+01,2.175949e+01,2.168345e+01,2.171111e+01,2.160735e+01,2.159351e+01,2.171111e+01,2.157967e+01,2.169037e+01,2.154505e+01,2.161427e+01,2.178713e+01,2.189071e+01,2.189761e+01,2.184929e+01,2.194591e+01,2.193901e+01,2.191831e+01,2.206310e+01,2.192521e+01,2.193211e+01,2.187691e+01,2.197349e+01,2.194591e+01,2.200797e+01,2.198729e+01,2.201486e+01,2.200107e+01,2.204243e+01,2.195280e+01,2.206999e+01,2.210443e+01,2.213198e+01,2.220769e+01,2.216640e+01,2.221457e+01,2.233833e+01,2.240015e+01,2.230396e+01,2.231771e+01,2.241389e+01,2.258540e+01,2.258540e+01,2.253055e+01,2.255798e+01,2.255798e+01,2.253055e+01,2.251683e+01,2.233833e+01,2.232458e+01,2.185620e+01,2.198729e+01,2.186310e+01,2.169037e+01,2.146884e+01,2.151734e+01,2.132320e+01,2.129544e+01,2.129544e+01,2.120515e+01,2.130238e+01,2.096167e+01,2.090594e+01,2.085715e+01,2.096864e+01,2.102434e+01,2.089897e+01,2.093381e+01,2.091987e+01,2.089200e+01,2.087806e+01,2.082228e+01,2.076647e+01,2.079438e+01,2.093381e+01,2.086412e+01,2.082228e+01,2.089897e+01,2.084320e+01,2.080833e+01,2.089897e+01,2.089200e+01,2.082925e+01,2.077344e+01,2.080135e+01,2.097560e+01,2.097560e+01,2.093381e+01,2.105914e+01,2.097560e+01,2.097560e+01,2.109392e+01,2.112869e+01,2.113565e+01,2.119126e+01,2.112174e+01,2.122600e+01,2.130932e+01,2.131626e+01,2.114260e+01,2.121905e+01,2.115650e+01,2.117736e+01,2.115650e+01,2.105914e+01,2.100345e+01,2.104522e+01,2.108696e+01,2.103130e+01,2.112174e+01,2.119126e+01,2.117041e+01,2.126072e+01,2.117041e+01,2.121905e+01,2.114260e+01,2.118431e+01,2.110783e+01,2.119126e+01,2.119820e+01,2.121210e+01,2.120515e+01,2.106609e+01,2.097560e+01,2.075949e+01,2.059884e+01,2.060583e+01,2.061282e+01,2.058486e+01,2.057787e+01,2.054291e+01,2.057088e+01,2.047295e+01,2.045195e+01,2.054990e+01,2.088503e+01,2.098953e+01,2.103130e+01,2.106609e+01,2.105914e+01,2.108696e+01,2.109392e+01,2.103826e+01,2.108001e+01,2.106609e+01,2.096167e+01,2.108696e+01,2.093381e+01,2.092684e+01,2.092684e+01,2.091291e+01,2.094077e+01,2.091987e+01,2.083623e+01,2.083623e+01,2.082228e+01,2.087806e+01,2.090594e+01,2.091987e+01,2.092684e+01,2.094774e+01,2.112174e+01,2.092684e+01,2.099649e+01,2.114260e+01,2.114955e+01,2.111479e+01,2.103826e+01,2.110783e+01,2.105218e+01,2.106609e+01,2.105218e+01,2.108696e+01,2.103826e+01,2.102434e+01,2.082228e+01,2.080833e+01,2.079438e+01,2.080135e+01,2.086412e+01,2.096167e+01,2.083623e+01,2.078042e+01,2.082228e+01,2.073157e+01,2.078042e+01,2.085017e+01,2.078740e+01,2.079438e+01,2.088503e+01,2.082925e+01,2.082228e+01,2.082925e+01,2.080833e+01,2.085715e+01,2.087806e+01,2.099649e+01,2.096167e+01,2.102434e+01,2.107305e+01,2.108696e+01,2.121905e+01,2.103826e+01,2.094774e+01,2.113565e+01,2.108001e+01,2.103826e+01,2.117736e+01,2.118431e+01,2.108001e+01,2.125378e+01,2.129544e+01,2.145498e+01,2.144805e+01,2.146191e+01,2.146191e+01,2.154505e+01,2.153812e+01,2.156582e+01,2.162811e+01,2.157274e+01,2.166962e+01,2.170420e+01,2.162811e+01,2.171111e+01,2.204932e+01,2.205621e+01,2.202176e+01,2.211821e+01,2.208377e+01,2.226271e+01,2.230396e+01,2.229022e+01,2.239328e+01,2.244135e+01,2.258540e+01,2.254426e+01,2.283872e+01,2.315960e+01,2.317323e+01,2.337751e+01,2.377129e+01,2.431200e+01,2.472913e+01,2.529163e+01,2.611653e+01,2.650016e+01,2.669806e+01,2.686926e+01,2.677711e+01,2.664532e+01,2.662554e+01,2.620926e+01,2.579133e+01,2.543845e+01,2.496387e+01,2.466868e+01,2.434570e+01,2.400820e+01,2.356779e+01,2.324818e+01,2.298221e+01,2.296173e+01,2.263337e+01,2.265392e+01,2.237268e+01,2.230396e+01,2.215952e+01,2.224896e+01,2.207688e+01,2.204932e+01,2.199418e+01,2.198039e+01,2.201486e+01,2.191141e+01,2.191831e+01,2.193901e+01,2.191141e+01,2.185620e+01,2.182167e+01,2.207688e+01,2.185620e+01,2.190451e+01,2.193211e+01,2.188381e+01,2.195970e+01,2.179404e+01,2.172494e+01,2.185620e+01,2.185620e+01,2.186310e+01,2.183548e+01,2.184929e+01,2.189071e+01,2.182858e+01,2.183548e+01,2.181476e+01,2.181476e+01,2.185620e+01,2.181476e+01,2.181476e+01,2.173185e+01,2.178022e+01,2.174567e+01,2.171111e+01,2.162119e+01,2.165579e+01,2.172494e+01,2.153119e+01,2.175949e+01,2.150349e+01,2.148270e+01,2.160735e+01,2.158659e+01,2.148270e+01,2.148963e+01,2.148270e+01,2.151042e+01,2.151734e+01,2.139258e+01,2.154505e+01,2.164195e+01,2.165579e+01,2.162811e+01,2.167654e+01,2.178713e+01,2.183548e+01,2.186310e+01,2.192521e+01,2.203554e+01,2.211821e+01,2.211821e+01,2.212509e+01,2.218016e+01,2.231084e+01,2.225584e+01,2.226959e+01,2.248252e+01,2.234520e+01,2.234520e+01,2.237268e+01,2.245507e+01,2.244135e+01,2.246194e+01,2.252369e+01,2.241389e+01,2.253741e+01,2.246880e+01,2.244821e+01,2.249625e+01,2.242075e+01,2.237955e+01,2.242762e+01,2.244135e+01,2.247566e+01,2.240015e+01,2.248252e+01,2.247566e+01,2.242762e+01,2.241389e+01,2.242075e+01,2.238642e+01,2.240702e+01,2.244821e+01,2.246880e+01,2.242075e+01,2.238642e+01,2.239328e+01,2.243448e+01,2.239328e+01,2.240702e+01,2.238642e+01,2.233146e+01,2.229709e+01,2.226271e+01,2.218705e+01,2.230396e+01,2.240702e+01,2.231084e+01,2.224896e+01,2.231084e+01,2.232458e+01,2.230396e+01,2.232458e+01,2.230396e+01,2.222833e+01,2.221457e+01,2.224208e+01,2.229022e+01,2.215263e+01,2.233833e+01,2.234520e+01,2.227647e+01,2.222833e+01,2.231084e+01,2.231771e+01,2.229709e+01,2.229022e+01,2.244135e+01,2.230396e+01,2.238642e+01,2.237955e+01,2.235207e+01,2.232458e+01,2.238642e+01,2.240015e+01,2.241389e+01,2.240015e+01,2.234520e+01,2.226271e+01,2.235894e+01,2.237955e+01,2.234520e+01,2.237268e+01,2.229709e+01,2.226959e+01,2.229709e+01,2.240702e+01,2.231771e+01,2.235207e+01,2.220081e+01,2.226959e+01,2.217328e+01,2.227647e+01,2.218705e+01,2.218016e+01,2.235894e+01,2.218705e+01,2.218016e+01,2.226959e+01,2.202176e+01,2.209066e+01,2.203554e+01,2.197349e+01,2.200107e+01,2.193211e+01,2.205621e+01,2.215952e+01
2.206999e+01,2.205621e+01,2.205621e+01,2.197349e+01,2.199418e+01,2.192521e+01,2.192521e+01,2.198039e+01,2.184929e+01,2.186310e+01,2.178713e+01,2.178022e+01,2.178713e+01,2.176641e+01,2.180786e+01,2.194591e+01,2.186310e+01,2.183548e+01,2.192521e+01,2.190451e+01,2.192521e+01,2.199418e+01,2.187691e+01,2.196660e+01,2.200797e+01,2.198039e+01,2.198729e+01,2.197349e+01,2.202865e+01,2.204243e+01,2.210443e+01,2.201486e+01,2.209066e+01,2.206999e+01,2.197349e+01,2.208377e+01,2.208377e+01,2.203554e+01,2.202865e+01,2.202865e+01,2.195970e+01,2.210443e+01,2.202865e+01,2.196660e+01,2.197349e+01,2.206310e+01,2.198729e+01,2.201486e+01,2.205621e+01,2.198729e+01,2.197349e+01,2.199418e+01,2.193211e+01,2.216640e+01,2.205621e+01,2.204932e+01,2.198729e+01,2.188381e+01,2.205621e+01,2.202865e+01,2.201486e+01,2.197349e+01,2.195280e+01,2.194591e+01,2.195970e+01,2.206310e+01,2.206999e+01,2.215952e+01,2.209755e+01,2.207688e+01,2.218705e+01,2.209066e+01,2.218705e+01,2.219393e+01,2.211132e+01,2.220081e+01,2.209755e+01,2.220769e+01,2.213886e+01,2.227647e+01,2.222833e+01,2.224896e+01,2.220081e+01,2.231771e+01,2.221457e+01,2.222145e+01,2.226959e+01,2.214575e+01,2.219393e+01,2.219393e+01,2.225584e+01,2.219393e+01,2.221457e+01,2.221457e+01,2.221457e+01,2.222145e+01,2.211132e+01,2.218016e+01,2.213886e+01,2.204932e+01,2.217328e+01,2.220769e+01,2.209755e+01,2.206310e+01,2.216640e+01,2.209066e+01,2.211821e+01,2.212509e+01,2.211821e+01,2.210443e+01,2.206999e+01,2.204243e+01,2.202176e+01,2.204932e+01,2.202176e+01,2.202865e+01,2.198729e+01,2.202865e+01,2.192521e+01,2.203554e+01,2.200107e+01,2.195280e+01,2.209755e+01,2.207688e+01,2.196660e+01,2.207688e+01,2.203554e+01,2.211821e+01,2.200797e+01,2.209755e+01,2.213198e+01,2.215263e+01,2.207688e+01,2.206999e+01,2.209066e+01,2.202865e+01,2.198039e+01,2.170420e+01,2.155197e+01,2.148963e+01,2.158659e+01,2.159351e+01,2.161427e+01,2.175949e+01,2.170420e+01,2.163503e+01,2.168345e+01,2.180786e+01,2.168345e+01,2.166962e+01,2.184239e+01,2.182167e+01,2.171111e+01,2.180095e+01,2.173876e+01,2.176641e+01,2.180786e+01,2.180786e+01,2.185620e+01,2.189071e+01,2.190451e+01,2.182167e+01,2.180095e+01,2.175949e+01,2.182167e+01,2.160043e+01,2.178713e+01,2.185620e+01,2.190451e+01,2.191831e+01,2.193211e+01,2.191141e+01,2.184929e+01,2.201486e+01,2.202865e+01,2.202176e+01,2.204243e+01,2.197349e+01,2.195280e+01,2.190451e+01,2.193901e+01,2.182858e+01,2.182167e+01,2.195280e+01,2.198039e+01,2.190451e+01,2.192521e+01,2.191141e+01,2.191141e+01,2.193211e+01,2.190451e+01,2.189071e+01,2.183548e+01,2.185620e+01,2.191831e+01,2.189761e+01,2.186310e+01,2.175949e+01,2.179404e+01,2.189071e+01,2.181476e+01,2.177332e+01,2.204243e+01,2.181476e+01,2.174567e+01,2.173185e+01,2.164887e+01,2.167654e+01,2.173185e+01,2.157274e+01,2.171802e+01,2.156582e+01,2.170420e+01,2.184239e+01,2.183548e+01,2.191141e+01,2.195970e+01,2.189071e+01,2.193211e+01,2.184929e+01,2.204243e+01,2.188381e+01,2.199418e+01,2.193901e+01,2.179404e+01,2.196660e+01,2.203554e+01,2.203554e+01,2.202176e+01,2.195280e+01,2.196660e+01,2.215952e+01,2.213886e+01,2.215263e+01,2.221457e+01,2.219393e+01,2.218016e+01,2.231771e+01,2.239328e+01,2.237268e+01,2.229709e+01,2.232458e+01,2.246880e+01,2.253741e+01,2.242762e+01,2.257169e+01,2.257854e+01,2.250311e+01,2.255112e+01,2.255112e+01,2.244821e+01,2.214575e+01,2.198039e+01,2.171111e+01,2.173185e+01,2.153119e+01,2.149656e+01,2.133708e+01,2.133014e+01,2.133014e+01,2.133708e+01,2.137177e+01,2.121210e+01,2.121905e+01,2.120515e+01,2.118431e+01,2.111479e+01,2.110088e+01,2.111479e+01,2.126767e+01,2.128156e+01,2.114260e+01,2.094077e+01,2.108696e+01,2.107305e+01,2.088503e+01,2.100345e+01,2.099649e+01,2.083623e+01,2.090594e+01,2.082228e+01,2.091987e+01,2.085715e+01,2.087109e+01,2.087109e+01,2.094077e+01,2.100345e+01,2.085017e+01,2.094774e+01,2.111479e+01,2.096864e+01,2.097560e+01,2.096864e+01,2.100345e+01,2.099649e+01,2.111479e+01,2.111479e+01,2.123294e+01,2.117736e+01,2.122600e+01,2.121210e+01,2.131626e+01,2.121210e+01,2.127461e+01,2.105218e+01,2.119126e+01,2.112869e+01,2.110783e+01,2.107305e+01,2.112174e+01,2.106609e+01,2.104522e+01,2.117041e+01,2.122600e+01,2.118431e+01,2.119820e+01,2.113565e+01,2.133014e+01,2.118431e+01,2.120515e+01,2.117736e+01,2.115650e+01,2.118431e+01,2.114955e+01,2.112174e+01,2.098256e+01,2.080135e+01,2.061981e+01,2.079438e+01,2.061282e+01,2.054990e+01,2.057088e+01,2.056389e+01,2.052192e+01,2.051493e+01,2.044495e+01,2.068967e+01,2.096864e+01,2.096167e+01,2.111479e+01,2.112174e+01,2.108696e+01,2.105218e+01,2.100345e+01,2.109392e+01,2.100345e+01,2.110088e+01,2.105218e+01,2.104522e+01,2.089200e+01,2.095471e+01,2.087109e+01,2.087806e+01,2.090594e+01,2.078042e+01,2.077344e+01,2.086412e+01,2.087806e+01,2.073855e+01,2.091291e+01,2.085017e+01,2.091291e+01,2.099649e+01,2.112174e+01,2.109392e+01,2.111479e+01,2.119126e+01,2.114260e+01,2.103130e+01,2.112174e+01,2.109392e+01,2.105914e+01,2.114955e+01,2.098256e+01,2.108001e+01,2.097560e+01,2.098953e+01,2.094077e+01,2.094774e+01,2.084320e+01,2.089200e+01,2.087109e+01,2.082925e+01,2.080833e+01,2.075251e+01,2.081530e+01,2.079438e+01,2.076647e+01,2.079438e+01,2.073855e+01,2.076647e+01,2.074553e+01,2.079438e+01,2.078042e+01,2.075251e+01,2.078042e+01,2.085017e+01,2.085017e+01,2.092684e+01,2.095471e+01,2.098953e+01,2.097560e+01,2.106609e+01,2.105914e+01,2.106609e+01,2.098953e+01,2.105218e+01,2.107305e+01,2.103130e+01,2.108001e+01,2.099649e+01,2.098953e+01,2.123989e+01,2.123294e+01,2.132320e+01,2.135790e+01,2.123294e+01,2.147577e+01,2.151042e+01,2.148270e+01,2.153119e+01,2.157274e+01,2.158659e+01,2.159351e+01,2.161427e+01,2.155197e+01,2.166962e+01,2.167654e+01,2.175949e+01,2.189761e+01,2.178022e+01,2.187691e+01,2.186310e+01,2.186310e+01,2.203554e+01,2.221457e+01,2.221457e+01,2.228334e+01,2.232458e+01,2.252369e+01,2.278400e+01,2.283188e+01,2.283188e+01,2.313915e+01,2.326180e+01,2.395410e+01,2.428503e+01,2.526491e+01,2.583785e+01,2.636803e+01,2.667169e+01,2.689558e+01,2.688900e+01,2.682978e+01,2.661235e+01,2.618939e+01,2.579133e+01,2.551845e+01,2.505093e+01,2.458803e+01,2.429177e+01,2.401496e+01,2.365602e+01,2.343871e+01,2.296173e+01,2.294123e+01,2.266078e+01,2.237268e+01,2.240015e+01,2.233146e+01,2.222145e+01,2.209066e+01,2.206999e+01,2.199418e+01,2.197349e+01,2.201486e+01,2.197349e+01,2.196660e+01,2.193901e+01,2.194591e+01,2.189761e+01,2.189071e+01,2.187691e+01,2.193211e+01,2.180786e+01,2.185620e+01,2.197349e+01,2.191141e+01,2.190451e+01,2.180095e+01,2.187691e+01,2.187000e+01,2.187000e+01,2.184929e+01,2.181476e+01,2.183548e+01,2.189071e+01,2.176641e+01,2.172494e+01,2.175949e+01,2.180786e+01,2.168345e+01,2.179404e+01,2.176641e+01,2.170420e+01,2.171111e+01,2.170420e+01,2.148270e+01,2.162119e+01,2.162119e+01,2.163503e+01,2.149656e+01,2.157274e+01,2.154505e+01,2.142725e+01,2.159351e+01,2.155197e+01,2.143419e+01,2.144805e+01,2.153119e+01,2.144805e+01,2.146884e+01,2.149656e+01,2.162811e+01,2.164887e+01,2.162811e+01,2.157274e+01,2.171802e+01,2.180786e+01,2.180095e+01,2.185620e+01,2.210443e+01,2.213198e+01,2.213198e+01,2.216640e+01,2.217328e+01,2.215263e+01,2.216640e+01,2.243448e+01,2.224896e+01,2.238642e+01,2.240702e+01,2.234520e+01,2.241389e+01,2.244821e+01,2.246194e+01,2.249625e+01,2.251683e+01,2.242762e+01,2.249625e+01,2.253741e+01,2.253741e+01,2.238642e+01,2.249625e+01,2.242762e+01,2.248939e+01,2.243448e+01,2.242762e+01,2.236581e+01,2.247566e+01,2.244135e+01,2.240702e+01,2.246194e+01,2.240702e+01,2.240702e+01,2.231771e+01,2.237268e+01,2.234520e+01,2.237268e+01,2.240015e+01,2.231084e+01,2.236581e+01,2.253741e+01,2.239328e+01,2.233146e+01,2.237955e+01,2.215952e+01,2.230396e+01,2.228334e+01,2.229022e+01,2.225584e+01,2.222833e+01,2.226271e+01,2.223520e+01,2.237955e+01,2.230396e+01,2.229709e+01,2.233146e+01,2.226271e+01,2.224208e+01,2.220769e+01,2.227647e+01,2.235207e+01,2.234520e+01,2.227647e+01,2.212509e+01,2.230396e+01,2.229709e+01,2.229022e+01,2.234520e+01,2.234520e+01,2.231084e+01,2.244135e+01,2.244821e+01,2.236581e+01,2.239328e+01,2.243448e+01,2.242762e+01,2.238642e+01,2.229022e+01,2.242075e+01,2.240702e+01,2.237268e+01,2.236581e+01,2.237955e+01,2.225584e+01,2.230396e+01,2.236581e+01,2.238642e+01,2.226271e+01,2.226959e+01,2.235894e+01,2.229022e+01,2.236581e+01,2.218016e+01,2.222145e+01,2.229709e+01,2.218705e+01,2.222833e+01,2.218016e+01,2.211821e+01,2.211132e+01,2.216640e+01,2.206999e+01,2.208377e+01,2.200797e+01,2.202865e+01,2.199418e+01,2.206999e+01,2.198729e+01
2.209066e+01,2.208377e+01,2.200107e+01,2.197349e+01,2.193211e+01,2.189071e+01,2.201486e+01,2.201486e+01,2.195970e+01,2.201486e+01,2.193901e+01,2.179404e+01,2.179404e+01,2.201486e+01,2.176641e+01,2.190451e+01,2.187691e+01,2.179404e+01,2.189071e+01,2.195280e+01,2.184239e+01,2.189071e+01,2.196660e+01,2.202176e+01,2.197349e+01,2.198729e+01,2.215263e+01,2.198729e+01,2.180786e+01,2.197349e+01,2.213886e+01,2.204243e+01,2.204932e+01,2.195970e+01,2.198729e+01,2.209755e+01,2.201486e+01,2.202865e+01,2.203554e+01,2.200797e+01,2.204243e+01,2.198039e+01,2.198039e+01,2.195970e+01,2.202865e+01,2.200797e+01,2.195970e+01,2.204243e+01,2.208377e+01,2.203554e+01,2.204932e+01,2.198039e+01,2.193211e+01,2.191831e+01,2.198729e+01,2.197349e+01,2.200797e+01,2.206310e+01,2.198729e+01,2.203554e+01,2.200797e+01,2.204243e+01,2.209755e+01,2.201486e+01,2.207688e+01,2.200107e+01,2.209755e+01,2.206310e+01,2.206310e+01,2.218705e+01,2.215952e+01,2.215263e+01,2.212509e+01,2.212509e+01,2.214575e+01,2.216640e+01,2.222833e+01,2.229022e+01,2.216640e+01,2.222833e+01,2.226959e+01,2.218016e+01,2.219393e+01,2.231771e+01,2.232458e+01,2.231771e+01,2.216640e+01,2.225584e+01,2.218705e+01,2.224208e+01,2.218016e+01,2.215952e+01,2.220769e+01,2.221457e+01,2.218705e+01,2.222145e+01,2.218016e+01,2.219393e+01,2.221457e+01,2.209755e+01,2.209066e+01,2.206310e+01,2.209755e+01,2.217328e+01,2.208377e+01,2.204243e+01,2.209755e+01,2.210443e+01,2.212509e+01,2.200797e+01,2.206310e+01,2.208377e+01,2.202865e+01,2.203554e+01,2.211821e+01,2.211132e+01,2.201486e+01,2.208377e+01,2.199418e+01,2.202176e+01,2.207688e+01,2.207688e+01,2.193901e+01,2.211132e+01,2.209066e+01,2.211821e+01,2.198729e+01,2.206310e+01,2.207688e+01,2.204243e+01,2.204932e+01,2.207688e+01,2.220081e+01,2.209066e+01,2.212509e+01,2.213198e+01,2.207688e+01,2.201486e+01,2.169037e+01,2.160043e+01,2.161427e+01,2.151734e+01,2.160043e+01,2.157274e+01,2.166270e+01,2.173185e+01,2.156582e+01,2.162119e+01,2.171111e+01,2.170420e+01,2.169728e+01,2.163503e+01,2.175258e+01,2.166270e+01,2.175949e+01,2.165579e+01,2.173876e+01,2.178713e+01,2.177332e+01,2.180786e+01,2.182167e+01,2.172494e+01,2.180786e+01,2.164195e+01,2.159351e+01,2.169037e+01,2.176641e+01,2.180786e+01,2.176641e+01,2.187691e+01,2.189071e+01,2.189761e+01,2.197349e+01,2.204243e+01,2.200107e+01,2.202865e+01,2.194591e+01,2.197349e+01,2.199418e+01,2.197349e+01,2.197349e+01,2.202176e+01,2.185620e+01,2.187000e+01,2.183548e+01,2.195970e+01,2.189071e+01,2.195280e+01,2.191141e+01,2.192521e+01,2.181476e+01,2.187691e+01,2.182858e+01,2.191831e+01,2.184929e+01,2.185620e+01,2.186310e+01,2.175258e+01,2.183548e+01,2.182858e+01,2.179404e+01,2.182167e+01,2.177332e+01,2.184239e+01,2.182858e+01,2.175949e+01,2.184929e+01,2.173185e+01,2.160735e+01,2.155890e+01,2.161427e+01,2.166270e+01,2.168345e+01,2.167654e+01,2.166270e+01,2.190451e+01,2.188381e+01,2.191141e+01,2.191141e+01,2.194591e+01,2.187691e+01,2.198729e+01,2.202865e+01,2.188381e+01,2.198729e+01,2.185620e+01,2.184239e+01,2.198039e+01,2.197349e+01,2.201486e+01,2.201486e+01,2.205621e+01,2.220081e+01,2.216640e+01,2.218705e+01,2.218016e+01,2.213198e+01,2.239328e+01,2.222145e+01,2.223520e+01,2.226271e+01,2.248939e+01,2.250311e+01,2.236581e+01,2.240015e+01,2.230396e+01,2.231084e+01,2.210443e+01,2.239328e+01,2.222833e+01,2.182858e+01,2.177332e+01,2.174567e+01,2.147577e+01,2.136484e+01,2.128850e+01,2.128850e+01,2.128850e+01,2.127461e+01,2.130932e+01,2.119820e+01,2.120515e+01,2.120515e+01,2.121905e+01,2.125378e+01,2.118431e+01,2.135790e+01,2.119126e+01,2.125378e+01,2.131626e+01,2.133708e+01,2.123294e+01,2.126767e+01,2.114260e+01,2.124683e+01,2.127461e+01,2.114260e+01,2.092684e+01,2.083623e+01,2.084320e+01,2.101738e+01,2.092684e+01,2.087109e+01,2.090594e+01,2.095471e+01,2.089897e+01,2.094077e+01,2.088503e+01,2.098953e+01,2.112869e+01,2.096864e+01,2.098256e+01,2.101042e+01,2.101738e+01,2.115650e+01,2.114260e+01,2.110783e+01,2.112869e+01,2.112174e+01,2.116345e+01,2.132320e+01,2.117736e+01,2.118431e+01,2.119820e+01,2.114955e+01,2.117041e+01,2.103826e+01,2.108001e+01,2.112174e+01,2.110088e+01,2.109392e+01,2.113565e+01,2.112869e+01,2.113565e+01,2.117736e+01,2.128156e+01,2.126767e+01,2.128156e+01,2.119820e+01,2.123989e+01,2.119820e+01,2.111479e+01,2.108696e+01,2.117736e+01,2.104522e+01,2.098256e+01,2.076647e+01,2.062680e+01,2.053592e+01,2.058486e+01,2.045895e+01,2.044495e+01,2.050793e+01,2.060583e+01,2.052892e+01,2.061282e+01,2.080135e+01,2.092684e+01,2.089200e+01,2.113565e+01,2.111479e+01,2.105218e+01,2.111479e+01,2.107305e+01,2.114955e+01,2.101738e+01,2.102434e+01,2.105914e+01,2.094774e+01,2.098256e+01,2.102434e+01,2.093381e+01,2.096167e+01,2.100345e+01,2.091987e+01,2.082925e+01,2.075251e+01,2.084320e+01,2.094077e+01,2.084320e+01,2.100345e+01,2.104522e+01,2.099649e+01,2.107305e+01,2.113565e+01,2.114955e+01,2.113565e+01,2.114260e+01,2.117041e+01,2.114955e+01,2.111479e+01,2.110088e+01,2.105218e+01,2.105218e+01,2.107305e+01,2.098953e+01,2.101738e+01,2.101042e+01,2.091291e+01,2.088503e+01,2.082925e+01,2.084320e+01,2.085017e+01,2.088503e+01,2.080833e+01,2.082925e+01,2.085017e+01,2.079438e+01,2.075949e+01,2.078740e+01,2.077344e+01,2.080135e+01,2.075251e+01,2.068269e+01,2.078740e+01,2.070364e+01,2.073157e+01,2.076647e+01,2.085715e+01,2.103130e+01,2.098953e+01,2.098953e+01,2.105914e+01,2.114955e+01,2.111479e+01,2.105218e+01,2.105218e+01,2.104522e+01,2.106609e+01,2.097560e+01,2.103826e+01,2.097560e+01,2.111479e+01,2.116345e+01,2.114955e+01,2.115650e+01,2.130238e+01,2.123989e+01,2.130238e+01,2.146884e+01,2.141339e+01,2.137177e+01,2.130932e+01,2.155197e+01,2.149656e+01,2.147577e+01,2.153812e+01,2.156582e+01,2.164195e+01,2.161427e+01,2.178022e+01,2.160735e+01,2.182167e+01,2.186310e+01,2.196660e+01,2.199418e+01,2.198729e+01,2.218705e+01,2.215263e+01,2.217328e+01,2.227647e+01,2.246880e+01,2.247566e+01,2.279768e+01,2.306412e+01,2.327542e+01,2.360853e+01,2.400144e+01,2.477612e+01,2.566496e+01,2.614965e+01,2.646715e+01,2.667828e+01,2.689558e+01,2.663213e+01,2.657936e+01,2.614965e+01,2.575809e+01,2.548513e+01,2.524487e+01,2.468212e+01,2.446021e+01,2.392027e+01,2.366281e+01,2.340471e+01,2.308459e+01,2.294807e+01,2.272241e+01,2.242762e+01,2.252369e+01,2.219393e+01,2.206310e+01,2.211821e+01,2.215952e+01,2.206310e+01,2.198039e+01,2.200797e+01,2.189071e+01,2.187000e+01,2.192521e+01,2.194591e+01,2.192521e+01,2.198039e+01,2.195970e+01,2.189761e+01,2.179404e+01,2.186310e+01,2.187691e+01,2.185620e+01,2.187691e+01,2.187691e+01,2.186310e+01,2.187691e+01,2.167654e+01,2.184929e+01,2.174567e+01,2.202865e+01,2.184239e+01,2.169728e+01,2.177332e+01,2.184239e+01,2.181476e+01,2.182858e+01,2.179404e+01,2.164195e+01,2.155197e+01,2.177332e+01,2.169728e+01,2.164887e+01,2.166270e+01,2.154505e+01,2.161427e+01,2.153812e+01,2.155890e+01,2.156582e+01,2.150349e+01,2.152427e+01,2.151042e+01,2.148270e+01,2.146191e+01,2.144805e+01,2.138565e+01,2.150349e+01,2.155197e+01,2.156582e+01,2.159351e+01,2.174567e+01,2.182167e+01,2.175949e+01,2.185620e+01,2.186310e+01,2.188381e+01,2.208377e+01,2.211821e+01,2.215263e+01,2.218016e+01,2.219393e+01,2.233146e+01,2.226271e+01,2.220769e+01,2.243448e+01,2.235894e+01,2.243448e+01,2.242075e+01,2.231084e+01,2.245507e+01,2.237955e+01,2.244821e+01,2.237268e+01,2.250997e+01,2.253741e+01,2.227647e+01,2.246194e+01,2.238642e+01,2.240702e+01,2.245507e+01,2.240702e+01,2.239328e+01,2.240015e+01,2.248939e+01,2.242075e+01,2.243448e+01,2.240702e+01,2.235894e+01,2.240702e+01,2.240015e+01,2.241389e+01,2.235207e+01,2.240015e+01,2.237268e+01,2.235207e+01,2.237955e+01,2.235894e+01,2.230396e+01,2.239328e+01,2.224896e+01,2.229709e+01,2.229709e+01,2.228334e+01,2.226959e+01,2.231771e+01,2.218705e+01,2.222833e+01,2.220769e+01,2.233833e+01,2.238642e+01,2.231084e+01,2.228334e+01,2.226959e+01,2.226959e+01,2.226271e+01,2.226271e+01,2.226271e+01,2.229709e+01,2.205621e+01,2.206999e+01,2.224208e+01,2.229709e+01,2.230396e+01,2.230396e+01,2.233146e+01,2.224208e+01,2.244135e+01,2.237268e+01,2.246880e+01,2.241389e+01,2.244135e+01,2.242075e+01,2.241389e+01,2.222145e+01,2.231084e+01,2.233146e+01,2.246880e+01,2.237268e+01,2.232458e+01,2.215263e+01,2.224208e+01,2.233833e+01,2.236581e+01,2.231084e+01,2.228334e+01,2.222833e+01,2.228334e+01,2.217328e+01,2.226271e+01,2.224208e+01,2.226271e+01,2.219393e+01,2.218705e+01,2.213886e+01,2.213886e+01,2.218705e+01,2.206999e+01,2.201486e+01,2.200107e+01,2.201486e+01,2.206310e+01,2.204932e+01,2.202176e+01,2.190451e+01
2.196660e+01,2.200107e+01,2.199418e+01,2.203554e+01,2.198039e+01,2.200107e+01,2.200107e+01,2.199418e+01,2.197349e+01,2.173876e+01,2.195280e+01,2.176641e+01,2.175949e+01,2.191831e+01,2.176641e+01,2.188381e+01,2.183548e+01,2.191141e+01,2.198039e+01,2.189761e+01,2.181476e+01,2.193211e+01,2.194591e+01,2.189071e+01,2.201486e+01,2.197349e+01,2.202176e+01,2.201486e+01,2.211821e+01,2.207688e+01,2.207688e+01,2.206310e+01,2.213198e+01,2.196660e+01,2.198039e+01,2.198039e+01,2.211132e+01,2.204932e+01,2.211132e+01,2.202176e+01,2.198729e+01,2.206310e+01,2.200107e+01,2.204932e+01,2.204243e+01,2.202176e+01,2.205621e+01,2.202176e+01,2.219393e+01,2.204932e+01,2.212509e+01,2.200107e+01,2.198729e+01,2.198039e+01,2.193211e+01,2.200797e+01,2.200107e+01,2.188381e+01,2.202176e+01,2.196660e+01,2.201486e+01,2.204932e+01,2.200797e+01,2.198729e+01,2.197349e+01,2.210443e+01,2.204932e+01,2.204243e+01,2.214575e+01,2.220081e+01,2.210443e+01,2.210443e+01,2.217328e+01,2.216640e+01,2.218016e+01,2.213886e+01,2.230396e+01,2.214575e+01,2.220081e+01,2.224208e+01,2.226271e+01,2.230396e+01,2.222145e+01,2.224208e+01,2.217328e+01,2.226959e+01,2.218016e+01,2.214575e+01,2.223520e+01,2.216640e+01,2.222833e+01,2.227647e+01,2.222833e+01,2.223520e+01,2.212509e+01,2.194591e+01,2.209755e+01,2.215952e+01,2.220769e+01,2.222145e+01,2.218705e+01,2.207688e+01,2.207688e+01,2.206310e+01,2.204932e+01,2.211821e+01,2.206310e+01,2.201486e+01,2.205621e+01,2.196660e+01,2.206310e+01,2.204932e+01,2.209066e+01,2.202865e+01,2.201486e+01,2.206310e+01,2.204243e+01,2.203554e+01,2.201486e+01,2.204243e+01,2.202176e+01,2.209066e+01,2.208377e+01,2.209066e+01,2.209066e+01,2.211132e+01,2.216640e+01,2.209066e+01,2.219393e+01,2.212509e+01,2.220081e+01,2.222145e+01,2.220769e+01,2.222833e+01,2.211821e+01,2.215952e+01,2.224208e+01,2.204932e+01,2.201486e+01,2.202865e+01,2.192521e+01,2.187000e+01,2.210443e+01,2.198039e+01,2.199418e+01,2.200107e+01,2.181476e+01,2.184239e+01,2.172494e+01,2.181476e+01,2.167654e+01,2.157967e+01,2.162811e+01,2.163503e+01,2.168345e+01,2.165579e+01,2.182858e+01,2.174567e+01,2.173185e+01,2.183548e+01,2.173876e+01,2.189761e+01,2.169728e+01,2.173185e+01,2.157274e+01,2.160735e+01,2.169728e+01,2.169728e+01,2.180786e+01,2.191831e+01,2.183548e+01,2.191141e+01,2.190451e+01,2.199418e+01,2.207688e+01,2.195280e+01,2.200797e+01,2.197349e+01,2.195970e+01,2.191831e+01,2.191831e+01,2.201486e+01,2.189071e+01,2.183548e+01,2.193211e+01,2.192521e+01,2.187691e+01,2.189071e+01,2.195970e+01,2.179404e+01,2.175949e+01,2.185620e+01,2.195280e+01,2.184239e+01,2.175258e+01,2.182167e+01,2.190451e+01,2.184239e+01,2.186310e+01,2.177332e+01,2.178713e+01,2.182858e+01,2.184239e+01,2.197349e+01,2.181476e+01,2.182167e+01,2.175258e+01,2.180786e+01,2.175949e+01,2.171111e+01,2.175258e+01,2.169037e+01,2.170420e+01,2.178713e+01,2.180786e+01,2.183548e+01,2.164887e+01,2.195970e+01,2.192521e+01,2.198729e+01,2.191141e+01,2.192521e+01,2.195970e+01,2.189071e+01,2.198039e+01,2.197349e+01,2.196660e+01,2.187000e+01,2.196660e+01,2.200797e+01,2.201486e+01,2.200107e+01,2.204243e+01,2.170420e+01,2.200107e+01,2.203554e+01,2.199418e+01,2.192521e+01,2.191831e+01,2.189761e+01,2.169728e+01,2.182858e+01,2.180786e+01,2.181476e+01,2.180095e+01,2.153119e+01,2.164195e+01,2.160043e+01,2.170420e+01,2.155890e+01,2.153812e+01,2.128850e+01,2.132320e+01,2.114260e+01,2.128850e+01,2.125378e+01,2.119126e+01,2.126072e+01,2.114955e+01,2.122600e+01,2.117736e+01,2.120515e+01,2.119126e+01,2.119126e+01,2.130932e+01,2.124683e+01,2.134402e+01,2.127461e+01,2.130238e+01,2.130238e+01,2.137177e+01,2.129544e+01,2.144112e+01,2.135096e+01,2.133708e+01,2.139952e+01,2.139258e+01,2.139258e+01,2.105914e+01,2.117041e+01,2.104522e+01,2.113565e+01,2.117041e+01,2.096167e+01,2.096167e+01,2.097560e+01,2.103826e+01,2.106609e+01,2.096167e+01,2.096167e+01,2.105914e+01,2.117736e+01,2.112174e+01,2.106609e+01,2.111479e+01,2.112869e+01,2.110783e+01,2.110783e+01,2.108001e+01,2.108696e+01,2.112174e+01,2.119126e+01,2.121905e+01,2.103826e+01,2.110088e+01,2.105914e+01,2.104522e+01,2.105218e+01,2.106609e+01,2.108696e+01,2.102434e+01,2.108001e+01,2.107305e+01,2.121210e+01,2.118431e+01,2.130238e+01,2.121905e+01,2.117736e+01,2.130238e+01,2.119820e+01,2.119126e+01,2.112869e+01,2.120515e+01,2.111479e+01,2.108696e+01,2.115650e+01,2.077344e+01,2.059884e+01,2.057088e+01,2.053592e+01,2.058486e+01,2.050793e+01,2.055690e+01,2.054990e+01,2.050793e+01,2.075251e+01,2.092684e+01,2.109392e+01,2.099649e+01,2.108001e+01,2.111479e+01,2.094774e+01,2.108001e+01,2.103826e+01,2.101738e+01,2.100345e+01,2.101042e+01,2.110088e+01,2.102434e+01,2.099649e+01,2.102434e+01,2.091987e+01,2.091291e+01,2.089897e+01,2.086412e+01,2.092684e+01,2.087109e+01,2.081530e+01,2.087806e+01,2.094774e+01,2.103826e+01,2.098953e+01,2.110088e+01,2.110088e+01,2.114260e+01,2.111479e+01,2.114260e+01,2.114260e+01,2.113565e+01,2.120515e+01,2.117736e+01,2.105218e+01,2.103826e+01,2.104522e+01,2.098256e+01,2.096864e+01,2.102434e+01,2.093381e+01,2.092684e+01,2.086412e+01,2.085715e+01,2.087109e+01,2.083623e+01,2.085715e+01,2.082925e+01,2.082228e+01,2.074553e+01,2.076647e+01,2.074553e+01,2.078740e+01,2.079438e+01,2.070364e+01,2.084320e+01,2.077344e+01,2.075949e+01,2.073855e+01,2.071761e+01,2.071761e+01,2.082228e+01,2.087806e+01,2.103130e+01,2.096167e+01,2.100345e+01,2.107305e+01,2.106609e+01,2.111479e+01,2.110088e+01,2.108696e+01,2.106609e+01,2.104522e+01,2.098953e+01,2.105914e+01,2.107305e+01,2.108696e+01,2.113565e+01,2.117041e+01,2.121905e+01,2.122600e+01,2.130238e+01,2.126072e+01,2.132320e+01,2.144805e+01,2.128156e+01,2.133708e+01,2.131626e+01,2.151042e+01,2.152427e+01,2.150349e+01,2.155890e+01,2.164195e+01,2.162119e+01,2.155890e+01,2.185620e+01,2.182167e+01,2.187000e+01,2.190451e+01,2.195280e+01,2.211132e+01,2.202176e+01,2.222145e+01,2.219393e+01,2.226959e+01,2.226271e+01,2.245507e+01,2.256483e+01,2.277716e+01,2.301635e+01,2.327542e+01,2.395410e+01,2.462164e+01,2.540510e+01,2.597728e+01,2.649356e+01,2.667169e+01,2.677711e+01,2.670465e+01,2.661235e+01,2.614303e+01,2.585113e+01,2.553178e+01,2.515129e+01,2.472241e+01,2.450732e+01,2.402172e+01,2.366959e+01,2.332307e+01,2.305048e+01,2.274294e+01,2.266763e+01,2.261282e+01,2.233146e+01,2.222145e+01,2.205621e+01,2.216640e+01,2.201486e+01,2.211821e+01,2.200107e+01,2.206310e+01,2.187691e+01,2.201486e+01,2.193901e+01,2.202865e+01,2.193901e+01,2.185620e+01,2.193211e+01,2.187000e+01,2.183548e+01,2.187691e+01,2.195280e+01,2.195280e+01,2.184239e+01,2.180095e+01,2.186310e+01,2.187000e+01,2.188381e+01,2.190451e+01,2.190451e+01,2.200797e+01,2.184239e+01,2.197349e+01,2.182167e+01,2.181476e+01,2.175949e+01,2.175258e+01,2.161427e+01,2.171802e+01,2.166962e+01,2.157967e+01,2.167654e+01,2.160043e+01,2.162119e+01,2.157967e+01,2.160043e+01,2.153119e+01,2.143419e+01,2.148270e+01,2.148963e+01,2.152427e+01,2.148270e+01,2.148963e+01,2.146191e+01,2.137871e+01,2.153812e+01,2.153119e+01,2.148963e+01,2.151042e+01,2.162811e+01,2.167654e+01,2.169037e+01,2.185620e+01,2.184239e+01,2.200107e+01,2.206310e+01,2.214575e+01,2.216640e+01,2.219393e+01,2.222145e+01,2.227647e+01,2.220769e+01,2.231084e+01,2.243448e+01,2.238642e+01,2.236581e+01,2.233146e+01,2.242762e+01,2.242762e+01,2.234520e+01,2.246194e+01,2.244821e+01,2.248252e+01,2.243448e+01,2.240702e+01,2.246194e+01,2.255112e+01,2.247566e+01,2.245507e+01,2.257854e+01,2.249625e+01,2.239328e+01,2.232458e+01,2.257854e+01,2.250997e+01,2.246194e+01,2.240702e+01,2.242762e+01,2.243448e+01,2.241389e+01,2.239328e+01,2.239328e+01,2.246194e+01,2.240015e+01,2.238642e+01,2.239328e+01,2.236581e+01,2.247566e+01,2.234520e+01,2.238642e+01,2.235207e+01,2.232458e+01,2.223520e+01,2.224208e+01,2.222833e+01,2.235207e+01,2.224896e+01,2.240015e+01,2.229022e+01,2.225584e+01,2.229709e+01,2.231771e+01,2.223520e+01,2.228334e+01,2.220769e+01,2.234520e+01,2.230396e+01,2.235894e+01,2.233146e+01,2.232458e+01,2.235207e+01,2.232458e+01,2.231771e+01,2.232458e+01,2.233833e+01,2.233833e+01,2.233833e+01,2.242075e+01,2.244821e+01,2.245507e+01,2.240015e+01,2.246194e+01,2.244135e+01,2.241389e+01,2.240702e+01,2.243448e+01,2.240015e+01,2.235894e+01,2.231771e+01,2.231771e+01,2.241389e+01,2.232458e+01,2.233833e+01,2.227647e+01,2.222833e+01,2.227647e+01,2.229022e+01,2.217328e+01,2.218705e+01,2.216640e+01,2.217328e+01,2.220769e+01,2.212509e+01,2.218705e+01,2.206310e+01,2.206999e+01,2.206999e+01,2.215263e+01,2.204932e+01,2.208377e+01,2.198729e+01,2.204932e+01,2.222145e+01
2.198729e+01,2.197349e+01,2.199418e+01,2.200107e+01,2.194591e+01,2.198039e+01,2.200107e+01,2.193901e+01,2.198729e+01,2.200107e+01,2.187691e+01,2.181476e+01,2.178022e+01,2.175258e+01,2.187691e+01,2.181476e+01,2.183548e+01,2.189071e+01,2.176641e+01,2.188381e+01,2.194591e+01,2.194591e+01,2.198039e+01,2.189071e+01,2.195280e+01,2.198729e+01,2.204243e+01,2.181476e+01,2.204932e+01,2.208377e+01,2.212509e+01,2.202865e+01,2.205621e+01,2.212509e+01,2.193211e+01,2.202176e+01,2.210443e+01,2.211132e+01,2.209755e+01,2.198039e+01,2.211132e+01,2.204243e+01,2.204932e+01,2.198729e+01,2.195280e+01,2.202865e+01,2.193211e+01,2.198039e+01,2.202865e+01,2.209066e+01,2.204243e+01,2.194591e+01,2.199418e+01,2.194591e+01,2.202176e+01,2.189071e+01,2.191831e+01,2.204243e+01,2.200797e+01,2.202865e+01,2.210443e+01,2.209066e+01,2.210443e+01,2.206999e+01,2.211821e+01,2.201486e+01,2.216640e+01,2.214575e+01,2.206310e+01,2.205621e+01,2.210443e+01,2.216640e+01,2.217328e+01,2.218016e+01,2.220081e+01,2.231771e+01,2.222145e+01,2.226271e+01,2.222833e+01,2.226271e+01,2.227647e+01,2.228334e+01,2.225584e+01,2.227647e+01,2.228334e+01,2.222833e+01,2.220081e+01,2.231771e+01,2.224208e+01,2.220769e+01,2.213198e+01,2.221457e+01,2.222145e+01,2.218705e+01,2.212509e+01,2.216640e+01,2.216640e+01,2.206310e+01,2.212509e+01,2.218016e+01,2.220769e+01,2.207688e+01,2.206999e+01,2.206310e+01,2.202865e+01,2.211821e+01,2.204932e+01,2.203554e+01,2.206999e+01,2.209066e+01,2.198729e+01,2.202865e+01,2.205621e+01,2.204243e+01,2.196660e+01,2.199418e+01,2.202176e+01,2.213198e+01,2.201486e+01,2.205621e+01,2.198729e+01,2.206999e+01,2.211132e+01,2.207688e+01,2.209755e+01,2.226271e+01,2.209066e+01,2.222145e+01,2.217328e+01,2.213198e+01,2.216640e+01,2.222833e+01,2.211132e+01,2.224208e+01,2.221457e+01,2.225584e+01,2.222145e+01,2.224896e+01,2.221457e+01,2.221457e+01,2.217328e+01,2.212509e+01,2.210443e+01,2.230396e+01,2.227647e+01,2.229022e+01,2.222833e+01,2.198729e+01,2.207688e+01,2.210443e+01,2.165579e+01,2.171802e+01,2.153812e+01,2.149656e+01,2.169037e+01,2.167654e+01,2.171111e+01,2.177332e+01,2.169037e+01,2.176641e+01,2.170420e+01,2.186310e+01,2.162811e+01,2.171111e+01,2.160043e+01,2.164887e+01,2.169728e+01,2.167654e+01,2.189071e+01,2.195280e+01,2.183548e+01,2.184929e+01,2.194591e+01,2.183548e+01,2.192521e+01,2.204243e+01,2.193211e+01,2.200797e+01,2.192521e+01,2.196660e+01,2.194591e+01,2.187000e+01,2.187691e+01,2.178022e+01,2.185620e+01,2.183548e+01,2.180786e+01,2.178713e+01,2.189071e+01,2.181476e+01,2.188381e+01,2.178022e+01,2.183548e+01,2.180786e+01,2.185620e+01,2.184239e+01,2.175949e+01,2.178713e+01,2.178713e+01,2.183548e+01,2.189761e+01,2.184929e+01,2.182167e+01,2.200107e+01,2.199418e+01,2.181476e+01,2.181476e+01,2.181476e+01,2.180786e+01,2.178022e+01,2.169037e+01,2.166962e+01,2.164195e+01,2.165579e+01,2.167654e+01,2.180786e+01,2.164195e+01,2.170420e+01,2.167654e+01,2.176641e+01,2.173185e+01,2.190451e+01,2.180095e+01,2.180786e+01,2.167654e+01,2.175258e+01,2.160735e+01,2.178022e+01,2.162119e+01,2.153119e+01,2.177332e+01,2.176641e+01,2.174567e+01,2.157274e+01,2.156582e+01,2.157967e+01,2.154505e+01,2.154505e+01,2.137871e+01,2.149656e+01,2.146884e+01,2.147577e+01,2.142725e+01,2.142032e+01,2.133014e+01,2.142032e+01,2.137871e+01,2.135790e+01,2.123989e+01,2.123989e+01,2.126072e+01,2.117041e+01,2.116345e+01,2.105914e+01,2.108001e+01,2.113565e+01,2.110088e+01,2.127461e+01,2.122600e+01,2.109392e+01,2.119126e+01,2.117736e+01,2.121210e+01,2.123294e+01,2.128850e+01,2.123294e+01,2.130932e+01,2.136484e+01,2.136484e+01,2.143419e+01,2.137871e+01,2.129544e+01,2.134402e+01,2.133708e+01,2.138565e+01,2.145498e+01,2.140645e+01,2.139258e+01,2.130932e+01,2.135096e+01,2.112174e+01,2.114955e+01,2.105914e+01,2.102434e+01,2.094077e+01,2.102434e+01,2.108696e+01,2.101738e+01,2.105914e+01,2.105914e+01,2.100345e+01,2.103826e+01,2.098953e+01,2.109392e+01,2.114260e+01,2.116345e+01,2.108696e+01,2.110088e+01,2.113565e+01,2.108001e+01,2.109392e+01,2.122600e+01,2.110783e+01,2.124683e+01,2.119820e+01,2.108001e+01,2.113565e+01,2.112174e+01,2.110088e+01,2.108001e+01,2.108001e+01,2.112869e+01,2.108001e+01,2.111479e+01,2.118431e+01,2.119126e+01,2.126072e+01,2.128850e+01,2.119126e+01,2.122600e+01,2.109392e+01,2.113565e+01,2.123294e+01,2.108001e+01,2.110783e+01,2.105914e+01,2.080833e+01,2.062680e+01,2.053592e+01,2.050793e+01,2.047295e+01,2.052892e+01,2.057787e+01,2.057088e+01,2.059884e+01,2.096167e+01,2.088503e+01,2.100345e+01,2.105218e+01,2.090594e+01,2.107305e+01,2.106609e+01,2.104522e+01,2.115650e+01,2.105914e+01,2.115650e+01,2.101042e+01,2.110088e+01,2.096167e+01,2.095471e+01,2.092684e+01,2.096167e+01,2.089897e+01,2.094077e+01,2.082925e+01,2.088503e+01,2.081530e+01,2.094774e+01,2.094774e+01,2.097560e+01,2.099649e+01,2.107305e+01,2.103130e+01,2.112869e+01,2.110783e+01,2.105218e+01,2.111479e+01,2.110783e+01,2.108696e+01,2.099649e+01,2.112869e+01,2.106609e+01,2.104522e+01,2.104522e+01,2.105218e+01,2.099649e+01,2.083623e+01,2.085715e+01,2.088503e+01,2.082925e+01,2.084320e+01,2.081530e+01,2.086412e+01,2.086412e+01,2.073855e+01,2.073157e+01,2.080135e+01,2.076647e+01,2.077344e+01,2.071761e+01,2.078740e+01,2.075251e+01,2.073855e+01,2.079438e+01,2.071062e+01,2.080135e+01,2.069666e+01,2.077344e+01,2.071761e+01,2.079438e+01,2.097560e+01,2.094077e+01,2.108001e+01,2.108696e+01,2.099649e+01,2.098953e+01,2.108001e+01,2.103826e+01,2.103130e+01,2.105218e+01,2.095471e+01,2.094774e+01,2.114955e+01,2.098953e+01,2.106609e+01,2.113565e+01,2.115650e+01,2.110088e+01,2.121210e+01,2.120515e+01,2.120515e+01,2.119820e+01,2.128156e+01,2.131626e+01,2.128850e+01,2.133708e+01,2.131626e+01,2.133708e+01,2.136484e+01,2.145498e+01,2.160735e+01,2.162811e+01,2.163503e+01,2.178022e+01,2.180095e+01,2.186310e+01,2.180786e+01,2.179404e+01,2.176641e+01,2.196660e+01,2.199418e+01,2.205621e+01,2.218705e+01,2.227647e+01,2.226271e+01,2.228334e+01,2.257169e+01,2.276347e+01,2.321412e+01,2.360174e+01,2.421083e+01,2.503084e+01,2.557841e+01,2.624897e+01,2.663213e+01,2.669806e+01,2.665191e+01,2.642090e+01,2.618277e+01,2.583785e+01,2.563168e+01,2.510446e+01,2.474256e+01,2.439287e+01,2.394057e+01,2.356101e+01,2.331627e+01,2.303000e+01,2.274294e+01,2.273610e+01,2.244135e+01,2.237955e+01,2.215263e+01,2.218016e+01,2.213886e+01,2.195970e+01,2.195970e+01,2.196660e+01,2.201486e+01,2.190451e+01,2.193901e+01,2.195280e+01,2.193901e+01,2.195970e+01,2.187000e+01,2.189761e+01,2.193901e+01,2.182167e+01,2.193901e+01,2.192521e+01,2.193211e+01,2.187000e+01,2.188381e+01,2.188381e+01,2.189071e+01,2.191141e+01,2.187000e+01,2.183548e+01,2.184929e+01,2.182167e+01,2.169037e+01,2.182858e+01,2.168345e+01,2.179404e+01,2.172494e+01,2.164195e+01,2.166962e+01,2.158659e+01,2.158659e+01,2.164195e+01,2.160735e+01,2.164195e+01,2.142725e+01,2.143419e+01,2.146884e+01,2.151734e+01,2.144805e+01,2.151734e+01,2.144112e+01,2.148270e+01,2.160735e+01,2.148963e+01,2.150349e+01,2.155890e+01,2.160735e+01,2.162811e+01,2.146884e+01,2.173185e+01,2.164887e+01,2.174567e+01,2.189761e+01,2.193211e+01,2.200107e+01,2.204243e+01,2.219393e+01,2.212509e+01,2.220081e+01,2.222145e+01,2.224896e+01,2.237955e+01,2.226271e+01,2.237268e+01,2.235207e+01,2.233833e+01,2.234520e+01,2.241389e+01,2.238642e+01,2.247566e+01,2.250997e+01,2.250311e+01,2.237268e+01,2.242762e+01,2.242762e+01,2.244135e+01,2.239328e+01,2.268132e+01,2.246880e+01,2.239328e+01,2.250311e+01,2.252369e+01,2.248939e+01,2.240702e+01,2.246194e+01,2.244135e+01,2.243448e+01,2.242075e+01,2.243448e+01,2.240702e+01,2.235894e+01,2.245507e+01,2.241389e+01,2.242075e+01,2.240015e+01,2.240702e+01,2.236581e+01,2.233833e+01,2.224896e+01,2.231084e+01,2.234520e+01,2.224208e+01,2.222833e+01,2.222833e+01,2.233146e+01,2.225584e+01,2.233833e+01,2.230396e+01,2.224208e+01,2.230396e+01,2.226271e+01,2.224896e+01,2.229709e+01,2.235894e+01,2.235207e+01,2.230396e+01,2.213886e+01,2.220769e+01,2.231771e+01,2.229022e+01,2.233146e+01,2.232458e+01,2.236581e+01,2.258540e+01,2.236581e+01,2.245507e+01,2.247566e+01,2.244135e+01,2.245507e+01,2.246194e+01,2.241389e+01,2.244135e+01,2.242075e+01,2.240702e+01,2.231771e+01,2.233833e+01,2.224208e+01,2.236581e+01,2.232458e+01,2.232458e+01,2.232458e+01,2.229709e+01,2.229022e+01,2.221457e+01,2.218705e+01,2.227647e+01,2.223520e+01,2.218016e+01,2.220081e+01,2.213198e+01,2.220769e+01,2.214575e+01,2.213886e+01,2.213886e+01,2.212509e+01,2.211821e+01,2.209066e+01,2.203554e+01,2.202176e+01,2.194591e+01,2.210443e+01,2.211821e+01
2.196660e+01,2.195280e+01,2.188381e+01,2.198039e+01,2.197349e+01,2.198039e+01,2.195970e+01,2.198039e+01,2.173185e+01,2.195970e+01,2.188381e+01,2.198039e+01,2.179404e+01,2.176641e+01,2.190451e+01,2.183548e+01,2.187000e+01,2.178713e+01,2.191831e+01,2.192521e+01,2.193211e+01,2.195280e+01,2.189761e+01,2.202176e+01,2.193901e+01,2.202176e+01,2.204932e+01,2.193211e+01,2.206310e+01,2.200797e+01,2.193211e+01,2.207688e+01,2.197349e+01,2.191831e+01,2.209755e+01,2.213198e+01,2.207688e+01,2.199418e+01,2.212509e+01,2.201486e+01,2.205621e+01,2.209066e+01,2.202176e+01,2.194591e+01,2.202865e+01,2.202865e+01,2.198039e+01,2.200107e+01,2.209755e+01,2.207688e+01,2.200797e+01,2.203554e+01,2.211821e+01,2.204932e+01,2.208377e+01,2.187000e+01,2.204932e+01,2.208377e+01,2.202176e+01,2.201486e+01,2.208377e+01,2.207688e+01,2.209066e+01,2.209066e+01,2.211821e+01,2.213198e+01,2.209066e+01,2.216640e+01,2.215263e+01,2.215952e+01,2.221457e+01,2.220081e+01,2.215952e+01,2.218016e+01,2.222145e+01,2.228334e+01,2.219393e+01,2.233146e+01,2.232458e+01,2.222833e+01,2.223520e+01,2.219393e+01,2.230396e+01,2.222833e+01,2.220769e+01,2.219393e+01,2.225584e+01,2.219393e+01,2.223520e+01,2.224208e+01,2.214575e+01,2.223520e+01,2.222145e+01,2.218705e+01,2.192521e+01,2.216640e+01,2.206999e+01,2.223520e+01,2.213886e+01,2.218705e+01,2.209066e+01,2.206310e+01,2.206999e+01,2.207688e+01,2.204932e+01,2.198729e+01,2.207688e+01,2.215263e+01,2.195280e+01,2.208377e+01,2.200107e+01,2.199418e+01,2.204932e+01,2.204243e+01,2.193901e+01,2.202865e+01,2.202176e+01,2.212509e+01,2.200797e+01,2.215952e+01,2.208377e+01,2.206310e+01,2.202176e+01,2.209755e+01,2.212509e+01,2.211132e+01,2.222833e+01,2.211821e+01,2.216640e+01,2.214575e+01,2.224208e+01,2.224208e+01,2.225584e+01,2.226271e+01,2.226271e+01,2.224208e+01,2.217328e+01,2.223520e+01,2.225584e+01,2.224208e+01,2.222833e+01,2.215263e+01,2.229022e+01,2.230396e+01,2.230396e+01,2.230396e+01,2.231084e+01,2.222145e+01,2.219393e+01,2.217328e+01,2.182858e+01,2.178022e+01,2.159351e+01,2.148270e+01,2.147577e+01,2.169728e+01,2.171802e+01,2.173876e+01,2.175258e+01,2.169728e+01,2.166962e+01,2.183548e+01,2.179404e+01,2.175949e+01,2.177332e+01,2.180095e+01,2.166962e+01,2.177332e+01,2.171802e+01,2.189761e+01,2.187000e+01,2.189071e+01,2.200107e+01,2.208377e+01,2.202865e+01,2.195280e+01,2.196660e+01,2.187691e+01,2.199418e+01,2.189761e+01,2.204243e+01,2.190451e+01,2.193901e+01,2.184239e+01,2.182858e+01,2.187000e+01,2.184929e+01,2.184239e+01,2.187000e+01,2.182858e+01,2.181476e+01,2.181476e+01,2.189071e+01,2.173185e+01,2.182858e+01,2.179404e+01,2.182858e+01,2.185620e+01,2.185620e+01,2.182167e+01,2.184929e+01,2.180095e+01,2.190451e+01,2.193211e+01,2.193211e+01,2.185620e+01,2.183548e+01,2.181476e+01,2.184929e+01,2.185620e+01,2.187691e+01,2.186310e+01,2.181476e+01,2.164195e+01,2.164195e+01,2.164195e+01,2.167654e+01,2.163503e+01,2.163503e+01,2.158659e+01,2.161427e+01,2.160043e+01,2.160735e+01,2.178022e+01,2.146884e+01,2.158659e+01,2.158659e+01,2.146884e+01,2.145498e+01,2.151734e+01,2.152427e+01,2.148270e+01,2.155890e+01,2.157274e+01,2.149656e+01,2.161427e+01,2.149656e+01,2.144805e+01,2.140645e+01,2.146884e+01,2.142725e+01,2.136484e+01,2.147577e+01,2.133014e+01,2.133014e+01,2.128850e+01,2.133708e+01,2.129544e+01,2.137177e+01,2.119820e+01,2.114260e+01,2.122600e+01,2.121905e+01,2.110783e+01,2.110783e+01,2.117041e+01,2.115650e+01,2.123989e+01,2.114260e+01,2.114260e+01,2.114260e+01,2.128156e+01,2.117736e+01,2.122600e+01,2.126072e+01,2.136484e+01,2.139258e+01,2.142032e+01,2.144112e+01,2.142032e+01,2.137871e+01,2.128156e+01,2.144112e+01,2.133708e+01,2.146191e+01,2.147577e+01,2.133014e+01,2.139952e+01,2.130932e+01,2.129544e+01,2.139258e+01,2.128850e+01,2.127461e+01,2.113565e+01,2.108696e+01,2.095471e+01,2.092684e+01,2.109392e+01,2.105914e+01,2.110088e+01,2.108696e+01,2.101738e+01,2.112174e+01,2.114260e+01,2.106609e+01,2.108001e+01,2.108001e+01,2.105218e+01,2.103826e+01,2.112174e+01,2.121210e+01,2.109392e+01,2.104522e+01,2.111479e+01,2.112869e+01,2.114955e+01,2.108696e+01,2.110783e+01,2.108001e+01,2.107305e+01,2.110088e+01,2.115650e+01,2.108001e+01,2.118431e+01,2.115650e+01,2.125378e+01,2.119126e+01,2.119126e+01,2.108696e+01,2.108001e+01,2.108001e+01,2.109392e+01,2.108001e+01,2.108696e+01,2.109392e+01,2.106609e+01,2.085715e+01,2.059185e+01,2.049394e+01,2.050094e+01,2.040994e+01,2.054291e+01,2.042394e+01,2.061981e+01,2.078740e+01,2.099649e+01,2.103826e+01,2.088503e+01,2.096864e+01,2.108001e+01,2.110783e+01,2.098256e+01,2.107305e+01,2.106609e+01,2.120515e+01,2.102434e+01,2.101042e+01,2.099649e+01,2.101042e+01,2.098953e+01,2.094774e+01,2.094077e+01,2.092684e+01,2.089897e+01,2.091291e+01,2.084320e+01,2.080135e+01,2.084320e+01,2.091291e+01,2.095471e+01,2.105218e+01,2.105914e+01,2.114260e+01,2.112174e+01,2.108001e+01,2.112174e+01,2.100345e+01,2.114260e+01,2.115650e+01,2.110088e+01,2.105914e+01,2.109392e+01,2.096167e+01,2.097560e+01,2.095471e+01,2.105914e+01,2.088503e+01,2.082228e+01,2.083623e+01,2.078740e+01,2.073157e+01,2.083623e+01,2.080135e+01,2.082925e+01,2.075949e+01,2.071761e+01,2.078042e+01,2.076647e+01,2.070364e+01,2.061282e+01,2.067570e+01,2.071062e+01,2.073855e+01,2.083623e+01,2.063379e+01,2.071062e+01,2.068269e+01,2.064776e+01,2.087806e+01,2.082925e+01,2.082228e+01,2.108001e+01,2.105218e+01,2.096167e+01,2.108696e+01,2.100345e+01,2.099649e+01,2.108696e+01,2.101042e+01,2.089200e+01,2.094774e+01,2.089200e+01,2.088503e+01,2.089897e+01,2.108696e+01,2.097560e+01,2.114260e+01,2.112174e+01,2.123294e+01,2.112869e+01,2.119820e+01,2.122600e+01,2.114955e+01,2.133708e+01,2.125378e+01,2.111479e+01,2.119820e+01,2.135096e+01,2.148963e+01,2.146884e+01,2.148270e+01,2.164887e+01,2.148270e+01,2.166962e+01,2.155197e+01,2.173185e+01,2.169037e+01,2.181476e+01,2.174567e+01,2.191141e+01,2.193901e+01,2.200107e+01,2.192521e+01,2.206999e+01,2.212509e+01,2.229022e+01,2.226959e+01,2.260596e+01,2.276347e+01,2.297539e+01,2.330946e+01,2.390673e+01,2.462164e+01,2.530499e+01,2.593746e+01,2.617615e+01,2.630852e+01,2.641430e+01,2.640108e+01,2.609664e+01,2.607013e+01,2.539176e+01,2.507101e+01,2.477612e+01,2.437266e+01,2.399467e+01,2.360174e+01,2.339791e+01,2.303000e+01,2.279084e+01,2.277032e+01,2.247566e+01,2.236581e+01,2.230396e+01,2.218705e+01,2.206310e+01,2.205621e+01,2.200107e+01,2.193901e+01,2.200797e+01,2.191831e+01,2.191831e+01,2.191141e+01,2.195280e+01,2.190451e+01,2.188381e+01,2.189761e+01,2.184929e+01,2.184239e+01,2.182167e+01,2.184239e+01,2.182167e+01,2.192521e+01,2.187691e+01,2.185620e+01,2.189761e+01,2.184929e+01,2.182167e+01,2.183548e+01,2.178022e+01,2.182167e+01,2.179404e+01,2.188381e+01,2.182858e+01,2.175949e+01,2.172494e+01,2.169728e+01,2.167654e+01,2.162811e+01,2.165579e+01,2.162119e+01,2.157967e+01,2.155197e+01,2.158659e+01,2.158659e+01,2.143419e+01,2.151042e+01,2.155197e+01,2.158659e+01,2.148270e+01,2.146884e+01,2.146884e+01,2.148963e+01,2.148963e+01,2.155197e+01,2.155890e+01,2.145498e+01,2.164195e+01,2.171111e+01,2.182167e+01,2.182167e+01,2.195280e+01,2.189071e+01,2.202176e+01,2.202176e+01,2.220769e+01,2.221457e+01,2.224896e+01,2.223520e+01,2.221457e+01,2.231771e+01,2.231084e+01,2.237268e+01,2.239328e+01,2.236581e+01,2.240702e+01,2.243448e+01,2.240702e+01,2.249625e+01,2.231084e+01,2.246880e+01,2.250311e+01,2.245507e+01,2.243448e+01,2.244821e+01,2.240702e+01,2.242075e+01,2.252369e+01,2.241389e+01,2.250997e+01,2.240702e+01,2.241389e+01,2.243448e+01,2.237268e+01,2.235207e+01,2.240702e+01,2.241389e+01,2.243448e+01,2.237268e+01,2.237268e+01,2.239328e+01,2.235894e+01,2.242075e+01,2.245507e+01,2.229709e+01,2.229709e+01,2.240702e+01,2.229709e+01,2.233833e+01,2.233146e+01,2.234520e+01,2.224208e+01,2.227647e+01,2.239328e+01,2.226959e+01,2.233146e+01,2.229709e+01,2.231084e+01,2.231084e+01,2.224896e+01,2.217328e+01,2.222833e+01,2.231771e+01,2.219393e+01,2.233833e+01,2.229709e+01,2.232458e+01,2.234520e+01,2.238642e+01,2.232458e+01,2.240015e+01,2.234520e+01,2.237268e+01,2.240015e+01,2.236581e+01,2.244135e+01,2.247566e+01,2.246880e+01,2.245507e+01,2.241389e+01,2.240015e+01,2.245507e+01,2.233146e+01,2.229709e+01,2.230396e+01,2.236581e+01,2.249625e+01,2.229709e+01,2.231771e+01,2.226959e+01,2.257169e+01,2.236581e+01,2.220081e+01,2.222833e+01,2.224208e+01,2.220769e+01,2.222833e+01,2.225584e+01,2.224208e+01,2.210443e+01,2.213198e+01,2.198729e+01,2.211132e+01,2.204243e+01,2.204932e+01,2.206999e+01,2.205621e+01,2.204243e+01,2.200107e+01,2.203554e+01
2.197349e+01,2.199418e+01,2.207688e+01,2.183548e+01,2.180786e+01,2.195970e+01,2.191141e+01,2.196660e+01,2.197349e+01,2.194591e+01,2.183548e+01,2.180095e+01,2.184239e+01,2.192521e+01,2.178713e+01,2.178022e+01,2.184929e+01,2.180786e+01,2.184239e+01,2.193901e+01,2.194591e+01,2.189071e+01,2.196660e+01,2.180095e+01,2.193901e+01,2.198039e+01,2.198039e+01,2.199418e+01,2.206310e+01,2.211132e+01,2.211821e+01,2.211821e+01,2.203554e+01,2.193211e+01,2.210443e+01,2.212509e+01,2.209066e+01,2.211132e+01,2.208377e+01,2.200797e+01,2.210443e+01,2.204932e+01,2.199418e+01,2.200797e+01,2.202176e+01,2.195280e+01,2.199418e+01,2.200797e+01,2.198729e+01,2.200797e+01,2.200797e+01,2.205621e+01,2.202865e+01,2.196660e+01,2.209066e+01,2.208377e+01,2.204932e+01,2.209066e+01,2.204243e+01,2.209066e+01,2.206999e+01,2.198039e+01,2.208377e+01,2.202176e+01,2.210443e+01,2.215263e+01,2.215263e+01,2.206999e+01,2.212509e+01,2.216640e+01,2.218705e+01,2.214575e+01,2.222833e+01,2.224208e+01,2.244821e+01,2.224896e+01,2.230396e+01,2.231771e+01,2.222145e+01,2.230396e+01,2.229709e+01,2.235207e+01,2.221457e+01,2.222833e+01,2.224208e+01,2.222145e+01,2.222145e+01,2.220081e+01,2.214575e+01,2.226271e+01,2.223520e+01,2.215263e+01,2.221457e+01,2.216640e+01,2.213886e+01,2.209066e+01,2.204932e+01,2.212509e+01,2.209755e+01,2.206999e+01,2.210443e+01,2.206310e+01,2.206310e+01,2.204243e+01,2.207688e+01,2.204243e+01,2.199418e+01,2.200797e+01,2.201486e+01,2.204932e+01,2.198729e+01,2.200797e+01,2.213886e+01,2.203554e+01,2.203554e+01,2.200797e+01,2.198729e+01,2.199418e+01,2.203554e+01,2.203554e+01,2.205621e+01,2.203554e+01,2.209066e+01,2.209755e+01,2.211132e+01,2.209066e+01,2.235894e+01,2.218016e+01,2.226271e+01,2.226271e+01,2.212509e+01,2.224208e+01,2.224208e+01,2.220769e+01,2.222833e+01,2.225584e+01,2.226271e+01,2.224208e+01,2.230396e+01,2.223520e+01,2.226271e+01,2.230396e+01,2.231084e+01,2.231771e+01,2.229709e+01,2.231084e+01,2.218016e+01,2.229022e+01,2.220081e+01,2.213886e+01,2.212509e+01,2.208377e+01,2.155890e+01,2.150349e+01,2.151734e+01,2.164887e+01,2.160043e+01,2.166270e+01,2.166270e+01,2.165579e+01,2.169037e+01,2.175949e+01,2.160735e+01,2.174567e+01,2.175258e+01,2.170420e+01,2.178713e+01,2.164195e+01,2.182167e+01,2.181476e+01,2.170420e+01,2.186310e+01,2.185620e+01,2.187000e+01,2.184929e+01,2.196660e+01,2.186310e+01,2.188381e+01,2.189071e+01,2.197349e+01,2.189071e+01,2.199418e+01,2.198729e+01,2.195280e+01,2.189761e+01,2.192521e+01,2.184929e+01,2.184239e+01,2.188381e+01,2.184929e+01,2.180095e+01,2.182858e+01,2.177332e+01,2.180786e+01,2.178022e+01,2.169728e+01,2.182858e+01,2.178022e+01,2.187000e+01,2.189761e+01,2.189071e+01,2.187691e+01,2.188381e+01,2.187000e+01,2.188381e+01,2.177332e+01,2.173876e+01,2.183548e+01,2.180786e+01,2.180786e+01,2.187000e+01,2.171802e+01,2.171802e+01,2.162811e+01,2.177332e+01,2.162119e+01,2.160735e+01,2.164887e+01,2.160735e+01,2.160735e+01,2.154505e+01,2.154505e+01,2.160735e+01,2.153119e+01,2.153119e+01,2.152427e+01,2.148963e+01,2.157967e+01,2.152427e+01,2.148963e+01,2.152427e+01,2.149656e+01,2.151734e+01,2.142725e+01,2.144112e+01,2.153119e+01,2.152427e+01,2.146191e+01,2.143419e+01,2.144805e+01,2.149656e+01,2.139258e+01,2.135096e+01,2.153812e+01,2.119820e+01,2.135790e+01,2.123989e+01,2.129544e+01,2.130238e+01,2.130932e+01,2.126072e+01,2.122600e+01,2.118431e+01,2.112174e+01,2.113565e+01,2.112174e+01,2.119126e+01,2.121905e+01,2.112174e+01,2.109392e+01,2.112174e+01,2.126767e+01,2.128156e+01,2.139952e+01,2.123989e+01,2.129544e+01,2.135096e+01,2.142032e+01,2.137177e+01,2.144112e+01,2.151042e+01,2.145498e+01,2.137871e+01,2.139952e+01,2.139258e+01,2.136484e+01,2.129544e+01,2.142032e+01,2.139952e+01,2.139952e+01,2.142032e+01,2.135790e+01,2.139952e+01,2.112174e+01,2.103826e+01,2.106609e+01,2.101738e+01,2.094077e+01,2.104522e+01,2.106609e+01,2.106609e+01,2.098256e+01,2.102434e+01,2.100345e+01,2.100345e+01,2.105914e+01,2.111479e+01,2.101042e+01,2.095471e+01,2.105914e+01,2.108001e+01,2.111479e+01,2.114955e+01,2.110783e+01,2.111479e+01,2.108001e+01,2.111479e+01,2.106609e+01,2.108696e+01,2.109392e+01,2.106609e+01,2.108001e+01,2.107305e+01,2.114260e+01,2.116345e+01,2.114260e+01,2.114260e+01,2.122600e+01,2.118431e+01,2.114955e+01,2.106609e+01,2.109392e+01,2.111479e+01,2.107305e+01,2.107305e+01,2.087109e+01,2.083623e+01,2.061282e+01,2.047994e+01,2.055690e+01,2.046595e+01,2.043094e+01,2.057088e+01,2.077344e+01,2.075949e+01,2.103130e+01,2.097560e+01,2.103130e+01,2.100345e+01,2.110088e+01,2.109392e+01,2.090594e+01,2.103826e+01,2.105914e+01,2.087806e+01,2.122600e+01,2.109392e+01,2.105218e+01,2.103130e+01,2.097560e+01,2.099649e+01,2.080833e+01,2.098953e+01,2.091291e+01,2.078740e+01,2.094077e+01,2.087806e+01,2.086412e+01,2.095471e+01,2.096167e+01,2.096167e+01,2.096167e+01,2.106609e+01,2.100345e+01,2.105218e+01,2.109392e+01,2.103826e+01,2.103130e+01,2.098256e+01,2.091291e+01,2.103130e+01,2.095471e+01,2.097560e+01,2.098953e+01,2.094774e+01,2.094077e+01,2.078042e+01,2.082228e+01,2.081530e+01,2.081530e+01,2.079438e+01,2.077344e+01,2.077344e+01,2.078042e+01,2.074553e+01,2.072459e+01,2.067570e+01,2.065475e+01,2.068967e+01,2.064078e+01,2.079438e+01,2.064078e+01,2.066174e+01,2.079438e+01,2.063379e+01,2.085715e+01,2.067570e+01,2.068269e+01,2.083623e+01,2.085017e+01,2.096167e+01,2.105218e+01,2.093381e+01,2.098953e+01,2.108696e+01,2.107305e+01,2.107305e+01,2.094077e+01,2.085017e+01,2.095471e+01,2.086412e+01,2.087806e+01,2.091987e+01,2.090594e+01,2.093381e+01,2.095471e+01,2.103130e+01,2.110783e+01,2.110088e+01,2.108001e+01,2.111479e+01,2.113565e+01,2.103826e+01,2.111479e+01,2.124683e+01,2.114955e+01,2.131626e+01,2.119820e+01,2.137177e+01,2.137871e+01,2.139258e+01,2.144805e+01,2.151042e+01,2.151042e+01,2.158659e+01,2.169037e+01,2.164887e+01,2.169728e+01,2.163503e+01,2.189071e+01,2.178022e+01,2.170420e+01,2.194591e+01,2.199418e+01,2.201486e+01,2.211132e+01,2.226959e+01,2.229709e+01,2.232458e+01,2.245507e+01,2.285923e+01,2.332307e+01,2.358816e+01,2.422433e+01,2.487004e+01,2.556509e+01,2.575144e+01,2.634159e+01,2.628867e+01,2.630190e+01,2.612315e+01,2.583120e+01,2.563168e+01,2.506431e+01,2.472241e+01,2.435918e+01,2.397439e+01,2.354742e+01,2.330265e+01,2.303683e+01,2.281136e+01,2.271556e+01,2.245507e+01,2.234520e+01,2.220769e+01,2.208377e+01,2.199418e+01,2.202176e+01,2.202865e+01,2.187691e+01,2.198729e+01,2.193211e+01,2.193211e+01,2.186310e+01,2.189071e+01,2.188381e+01,2.184239e+01,2.185620e+01,2.183548e+01,2.189761e+01,2.189761e+01,2.184929e+01,2.187691e+01,2.193211e+01,2.193901e+01,2.187000e+01,2.171802e+01,2.188381e+01,2.181476e+01,2.182858e+01,2.180095e+01,2.178022e+01,2.170420e+01,2.183548e+01,2.191831e+01,2.171111e+01,2.168345e+01,2.162811e+01,2.146884e+01,2.160043e+01,2.157274e+01,2.153812e+01,2.151042e+01,2.145498e+01,2.153812e+01,2.146884e+01,2.147577e+01,2.135096e+01,2.143419e+01,2.146884e+01,2.155890e+01,2.151734e+01,2.148963e+01,2.149656e+01,2.155890e+01,2.166962e+01,2.155890e+01,2.166962e+01,2.162811e+01,2.178713e+01,2.182167e+01,2.195280e+01,2.190451e+01,2.200107e+01,2.223520e+01,2.215952e+01,2.220081e+01,2.210443e+01,2.220081e+01,2.222833e+01,2.232458e+01,2.226271e+01,2.233833e+01,2.232458e+01,2.233833e+01,2.248252e+01,2.242762e+01,2.246194e+01,2.247566e+01,2.248252e+01,2.246194e+01,2.243448e+01,2.240015e+01,2.240015e+01,2.241389e+01,2.247566e+01,2.240015e+01,2.248939e+01,2.246880e+01,2.242075e+01,2.242075e+01,2.244135e+01,2.243448e+01,2.242762e+01,2.242075e+01,2.244135e+01,2.247566e+01,2.241389e+01,2.234520e+01,2.237268e+01,2.237955e+01,2.230396e+01,2.231771e+01,2.229709e+01,2.229709e+01,2.247566e+01,2.230396e+01,2.227647e+01,2.234520e+01,2.235894e+01,2.236581e+01,2.235894e+01,2.233833e+01,2.224208e+01,2.233146e+01,2.230396e+01,2.233146e+01,2.234520e+01,2.214575e+01,2.223520e+01,2.232458e+01,2.224896e+01,2.230396e+01,2.230396e+01,2.226959e+01,2.231771e+01,2.250311e+01,2.229709e+01,2.227647e+01,2.231084e+01,2.244135e+01,2.242075e+01,2.245507e+01,2.237268e+01,2.237955e+01,2.244135e+01,2.244135e+01,2.235207e+01,2.233833e+01,2.248252e+01,2.228334e+01,2.233146e+01,2.230396e+01,2.229022e+01,2.231084e+01,2.233146e+01,2.215263e+01,2.231084e+01,2.233833e+01,2.225584e+01,2.221457e+01,2.230396e+01,2.225584e+01,2.225584e+01,2.229022e+01,2.222145e+01,2.233146e+01,2.228334e+01,2.219393e+01,2.220769e+01,2.222833e+01,2.204243e+01,2.209755e+01,2.211132e+01,2.209066e+01,2.207688e+01,2.204932e+01,2.207688e+01,2.195280e+01,2.202176e+01
2.209066e+01,2.193211e+01,2.202176e+01,2.195280e+01,2.193211e+01,2.200107e+01,2.198039e+01,2.194591e+01,2.196660e+01,2.185620e+01,2.187000e+01,2.184929e+01,2.187691e+01,2.174567e+01,2.175949e+01,2.180786e+01,2.186310e+01,2.187691e+01,2.186310e+01,2.211132e+01,2.192521e+01,2.191141e+01,2.198729e+01,2.200797e+01,2.200107e+01,2.200107e+01,2.202865e+01,2.210443e+01,2.195280e+01,2.200107e+01,2.204932e+01,2.208377e+01,2.209755e+01,2.208377e+01,2.204932e+01,2.203554e+01,2.213886e+01,2.212509e+01,2.206999e+01,2.208377e+01,2.210443e+01,2.193901e+01,2.206310e+01,2.198729e+01,2.202865e+01,2.198729e+01,2.199418e+01,2.200107e+01,2.199418e+01,2.209755e+01,2.211132e+01,2.210443e+01,2.206999e+01,2.211132e+01,2.208377e+01,2.205621e+01,2.206999e+01,2.209755e+01,2.204932e+01,2.200107e+01,2.204243e+01,2.213886e+01,2.206310e+01,2.209066e+01,2.208377e+01,2.215952e+01,2.219393e+01,2.215952e+01,2.217328e+01,2.217328e+01,2.215263e+01,2.220769e+01,2.224208e+01,2.218016e+01,2.224896e+01,2.218016e+01,2.220769e+01,2.225584e+01,2.227647e+01,2.226271e+01,2.218705e+01,2.228334e+01,2.222833e+01,2.222833e+01,2.223520e+01,2.220769e+01,2.228334e+01,2.225584e+01,2.219393e+01,2.219393e+01,2.220081e+01,2.223520e+01,2.214575e+01,2.218016e+01,2.220769e+01,2.193901e+01,2.207688e+01,2.211132e+01,2.214575e+01,2.206310e+01,2.204932e+01,2.206310e+01,2.204932e+01,2.204243e+01,2.203554e+01,2.199418e+01,2.200107e+01,2.200107e+01,2.200107e+01,2.200107e+01,2.199418e+01,2.197349e+01,2.209755e+01,2.205621e+01,2.203554e+01,2.197349e+01,2.203554e+01,2.206310e+01,2.197349e+01,2.198729e+01,2.211132e+01,2.206310e+01,2.207688e+01,2.209755e+01,2.211132e+01,2.208377e+01,2.224896e+01,2.220081e+01,2.225584e+01,2.223520e+01,2.222833e+01,2.222145e+01,2.224896e+01,2.229022e+01,2.229022e+01,2.233833e+01,2.233833e+01,2.220769e+01,2.216640e+01,2.221457e+01,2.232458e+01,2.231084e+01,2.231771e+01,2.240702e+01,2.231084e+01,2.226271e+01,2.229709e+01,2.219393e+01,2.219393e+01,2.217328e+01,2.217328e+01,2.216640e+01,2.178022e+01,2.162811e+01,2.158659e+01,2.163503e+01,2.165579e+01,2.167654e+01,2.165579e+01,2.178022e+01,2.171111e+01,2.175949e+01,2.171111e+01,2.175258e+01,2.175258e+01,2.176641e+01,2.171111e+01,2.179404e+01,2.181476e+01,2.177332e+01,2.175949e+01,2.179404e+01,2.187691e+01,2.197349e+01,2.187000e+01,2.183548e+01,2.200107e+01,2.187000e+01,2.195970e+01,2.191141e+01,2.193211e+01,2.193211e+01,2.198039e+01,2.193211e+01,2.190451e+01,2.191141e+01,2.191831e+01,2.182858e+01,2.182858e+01,2.191831e+01,2.184239e+01,2.182858e+01,2.184239e+01,2.187691e+01,2.177332e+01,2.172494e+01,2.177332e+01,2.181476e+01,2.184239e+01,2.182858e+01,2.190451e+01,2.191831e+01,2.192521e+01,2.187000e+01,2.180786e+01,2.184929e+01,2.182167e+01,2.178022e+01,2.179404e+01,2.163503e+01,2.171111e+01,2.162811e+01,2.164195e+01,2.165579e+01,2.160043e+01,2.164195e+01,2.148963e+01,2.159351e+01,2.162811e+01,2.155197e+01,2.159351e+01,2.149656e+01,2.153119e+01,2.151734e+01,2.157274e+01,2.148270e+01,2.162119e+01,2.157967e+01,2.152427e+01,2.154505e+01,2.154505e+01,2.153812e+01,2.155197e+01,2.140645e+01,2.151042e+01,2.159351e+01,2.157967e+01,2.152427e+01,2.166962e+01,2.138565e+01,2.148270e+01,2.150349e+01,2.148963e+01,2.153119e+01,2.135096e+01,2.132320e+01,2.139258e+01,2.133014e+01,2.129544e+01,2.128850e+01,2.130238e+01,2.126767e+01,2.114260e+01,2.114260e+01,2.112174e+01,2.114260e+01,2.118431e+01,2.113565e+01,2.127461e+01,2.135096e+01,2.122600e+01,2.133708e+01,2.133014e+01,2.128850e+01,2.139952e+01,2.137871e+01,2.144112e+01,2.136484e+01,2.155890e+01,2.149656e+01,2.153119e+01,2.146191e+01,2.141339e+01,2.145498e+01,2.139952e+01,2.146191e+01,2.146191e+01,2.146191e+01,2.142725e+01,2.139258e+01,2.139258e+01,2.140645e+01,2.127461e+01,2.123294e+01,2.110088e+01,2.102434e+01,2.095471e+01,2.108696e+01,2.103130e+01,2.113565e+01,2.109392e+01,2.109392e+01,2.110783e+01,2.098256e+01,2.114260e+01,2.094774e+01,2.105218e+01,2.108696e+01,2.098256e+01,2.100345e+01,2.111479e+01,2.111479e+01,2.110088e+01,2.110088e+01,2.110088e+01,2.108696e+01,2.110088e+01,2.100345e+01,2.108001e+01,2.105218e+01,2.107305e+01,2.110088e+01,2.110088e+01,2.115650e+01,2.113565e+01,2.111479e+01,2.116345e+01,2.104522e+01,2.121210e+01,2.108696e+01,2.107305e+01,2.112174e+01,2.112174e+01,2.106609e+01,2.112869e+01,2.085715e+01,2.066174e+01,2.050793e+01,2.050094e+01,2.048694e+01,2.045895e+01,2.047994e+01,2.061981e+01,2.075949e+01,2.090594e+01,2.098953e+01,2.098256e+01,2.102434e+01,2.104522e+01,2.101042e+01,2.091987e+01,2.109392e+01,2.108696e+01,2.102434e+01,2.101738e+01,2.093381e+01,2.122600e+01,2.101042e+01,2.105914e+01,2.100345e+01,2.091291e+01,2.103130e+01,2.091291e+01,2.087109e+01,2.091291e+01,2.094077e+01,2.087806e+01,2.096864e+01,2.097560e+01,2.101738e+01,2.096167e+01,2.105218e+01,2.102434e+01,2.105914e+01,2.112174e+01,2.103826e+01,2.108001e+01,2.101042e+01,2.098953e+01,2.082925e+01,2.089897e+01,2.089200e+01,2.091291e+01,2.106609e+01,2.082925e+01,2.084320e+01,2.084320e+01,2.082228e+01,2.080833e+01,2.074553e+01,2.077344e+01,2.080135e+01,2.074553e+01,2.073157e+01,2.076647e+01,2.070364e+01,2.068269e+01,2.070364e+01,2.066174e+01,2.062680e+01,2.068967e+01,2.075251e+01,2.071062e+01,2.077344e+01,2.058486e+01,2.064776e+01,2.054291e+01,2.063379e+01,2.064078e+01,2.088503e+01,2.087109e+01,2.091987e+01,2.107305e+01,2.098256e+01,2.103130e+01,2.105218e+01,2.098953e+01,2.087109e+01,2.089200e+01,2.086412e+01,2.087806e+01,2.088503e+01,2.084320e+01,2.084320e+01,2.093381e+01,2.094077e+01,2.096167e+01,2.096167e+01,2.111479e+01,2.113565e+01,2.110088e+01,2.109392e+01,2.111479e+01,2.113565e+01,2.112174e+01,2.110088e+01,2.121210e+01,2.121210e+01,2.134402e+01,2.132320e+01,2.146884e+01,2.129544e+01,2.148963e+01,2.152427e+01,2.146884e+01,2.159351e+01,2.164887e+01,2.162119e+01,2.175949e+01,2.181476e+01,2.174567e+01,2.178022e+01,2.175949e+01,2.202176e+01,2.193211e+01,2.187000e+01,2.200107e+01,2.207688e+01,2.226271e+01,2.233833e+01,2.250997e+01,2.269502e+01,2.292757e+01,2.336390e+01,2.400144e+01,2.425131e+01,2.489015e+01,2.565831e+01,2.594410e+01,2.612978e+01,2.611653e+01,2.585778e+01,2.569823e+01,2.542512e+01,2.514460e+01,2.474927e+01,2.427829e+01,2.400820e+01,2.351346e+01,2.326861e+01,2.304365e+01,2.275663e+01,2.274294e+01,2.254426e+01,2.240702e+01,2.240015e+01,2.218705e+01,2.204932e+01,2.195970e+01,2.202865e+01,2.199418e+01,2.193901e+01,2.195280e+01,2.186310e+01,2.184929e+01,2.185620e+01,2.184929e+01,2.187000e+01,2.183548e+01,2.183548e+01,2.180786e+01,2.182858e+01,2.192521e+01,2.192521e+01,2.183548e+01,2.189761e+01,2.194591e+01,2.179404e+01,2.176641e+01,2.184929e+01,2.175258e+01,2.182858e+01,2.181476e+01,2.168345e+01,2.190451e+01,2.168345e+01,2.169728e+01,2.162119e+01,2.162119e+01,2.160043e+01,2.160043e+01,2.155197e+01,2.151734e+01,2.146191e+01,2.154505e+01,2.155890e+01,2.151042e+01,2.148270e+01,2.148963e+01,2.145498e+01,2.175258e+01,2.151734e+01,2.148963e+01,2.152427e+01,2.151042e+01,2.156582e+01,2.162119e+01,2.146191e+01,2.177332e+01,2.172494e+01,2.179404e+01,2.193901e+01,2.180095e+01,2.199418e+01,2.204932e+01,2.204932e+01,2.218705e+01,2.218705e+01,2.217328e+01,2.220081e+01,2.231771e+01,2.221457e+01,2.240015e+01,2.231771e+01,2.237955e+01,2.243448e+01,2.242075e+01,2.245507e+01,2.240015e+01,2.280452e+01,2.235207e+01,2.229709e+01,2.229709e+01,2.243448e+01,2.239328e+01,2.242762e+01,2.237955e+01,2.250311e+01,2.238642e+01,2.245507e+01,2.239328e+01,2.242762e+01,2.244135e+01,2.237268e+01,2.237955e+01,2.235894e+01,2.237955e+01,2.241389e+01,2.235207e+01,2.242075e+01,2.236581e+01,2.231771e+01,2.231084e+01,2.235894e+01,2.242762e+01,2.238642e+01,2.229709e+01,2.240015e+01,2.234520e+01,2.240015e+01,2.226959e+01,2.236581e+01,2.234520e+01,2.232458e+01,2.224208e+01,2.225584e+01,2.226959e+01,2.216640e+01,2.226271e+01,2.236581e+01,2.235894e+01,2.226959e+01,2.229709e+01,2.215263e+01,2.231084e+01,2.229022e+01,2.230396e+01,2.230396e+01,2.236581e+01,2.242075e+01,2.237268e+01,2.240702e+01,2.237268e+01,2.235207e+01,2.242075e+01,2.244821e+01,2.234520e+01,2.246880e+01,2.248252e+01,2.242762e+01,2.245507e+01,2.228334e+01,2.228334e+01,2.238642e+01,2.226959e+01,2.231771e+01,2.232458e+01,2.229709e+01,2.231084e+01,2.233146e+01,2.224896e+01,2.222833e+01,2.222833e+01,2.240015e+01,2.237955e+01,2.222145e+01,2.237955e+01,2.220769e+01,2.223520e+01,2.212509e+01,2.212509e+01,2.211132e+01,2.214575e+01,2.206310e+01,2.205621e+01,2.200797e+01,2.209066e+01,2.201486e+01,2.199418e+01,2.202865e+01
2.195280e+01,2.202176e+01,2.202176e+01,2.194591e+01,2.202865e+01,2.197349e+01,2.196660e+01,2.195970e+01,2.189761e+01,2.197349e+01,2.184929e+01,2.186310e+01,2.182167e+01,2.178713e+01,2.189761e+01,2.175949e+01,2.194591e+01,2.182167e+01,2.189071e+01,2.173185e+01,2.193901e+01,2.193211e+01,2.192521e+01,2.194591e+01,2.201486e+01,2.196660e+01,2.200107e+01,2.197349e+01,2.204932e+01,2.210443e+01,2.210443e+01,2.194591e+01,2.206310e+01,2.206999e+01,2.211821e+01,2.213886e+01,2.215263e+01,2.206310e+01,2.202865e+01,2.196660e+01,2.209066e+01,2.211821e+01,2.205621e+01,2.211821e+01,2.206310e+01,2.202865e+01,2.202176e+01,2.199418e+01,2.202176e+01,2.215263e+01,2.209066e+01,2.204932e+01,2.212509e+01,2.209066e+01,2.211821e+01,2.211821e+01,2.215263e+01,2.206310e+01,2.204932e+01,2.207688e+01,2.215952e+01,2.208377e+01,2.208377e+01,2.209755e+01,2.207688e+01,2.206999e+01,2.215952e+01,2.223520e+01,2.225584e+01,2.231771e+01,2.222833e+01,2.215263e+01,2.225584e+01,2.224208e+01,2.224896e+01,2.224208e+01,2.222145e+01,2.225584e+01,2.223520e+01,2.226959e+01,2.232458e+01,2.231084e+01,2.225584e+01,2.224208e+01,2.222145e+01,2.222145e+01,2.220081e+01,2.219393e+01,2.220769e+01,2.220769e+01,2.217328e+01,2.213886e+01,2.219393e+01,2.220769e+01,2.215952e+01,2.209066e+01,2.206999e+01,2.211132e+01,2.204932e+01,2.194591e+01,2.209066e+01,2.202176e+01,2.205621e+01,2.204932e+01,2.204243e+01,2.196660e+01,2.205621e+01,2.207688e+01,2.201486e+01,2.204932e+01,2.189071e+01,2.199418e+01,2.200797e+01,2.202176e+01,2.204932e+01,2.205621e+01,2.202865e+01,2.207688e+01,2.202865e+01,2.199418e+01,2.204932e+01,2.212509e+01,2.212509e+01,2.211132e+01,2.217328e+01,2.214575e+01,2.229022e+01,2.225584e+01,2.225584e+01,2.224208e+01,2.227647e+01,2.225584e+01,2.231771e+01,2.227647e+01,2.233833e+01,2.231084e+01,2.231771e+01,2.223520e+01,2.219393e+01,2.230396e+01,2.233146e+01,2.228334e+01,2.220769e+01,2.220081e+01,2.226959e+01,2.233833e+01,2.229022e+01,2.214575e+01,2.218016e+01,2.217328e+01,2.215952e+01,2.205621e+01,2.171802e+01,2.174567e+01,2.162119e+01,2.162811e+01,2.161427e+01,2.166270e+01,2.171111e+01,2.173185e+01,2.169728e+01,2.167654e+01,2.175258e+01,2.172494e+01,2.180095e+01,2.176641e+01,2.181476e+01,2.179404e+01,2.181476e+01,2.180786e+01,2.180095e+01,2.175949e+01,2.187000e+01,2.182858e+01,2.191141e+01,2.195280e+01,2.212509e+01,2.200797e+01,2.194591e+01,2.201486e+01,2.209066e+01,2.196660e+01,2.196660e+01,2.197349e+01,2.192521e+01,2.190451e+01,2.195970e+01,2.204243e+01,2.183548e+01,2.185620e+01,2.183548e+01,2.178022e+01,2.191141e+01,2.180786e+01,2.178713e+01,2.174567e+01,2.184929e+01,2.179404e+01,2.182167e+01,2.184929e+01,2.181476e+01,2.186310e+01,2.191831e+01,2.169037e+01,2.177332e+01,2.170420e+01,2.181476e+01,2.182167e+01,2.167654e+01,2.180786e+01,2.165579e+01,2.160043e+01,2.162119e+01,2.161427e+01,2.161427e+01,2.163503e+01,2.160735e+01,2.157274e+01,2.160735e+01,2.152427e+01,2.155890e+01,2.158659e+01,2.157967e+01,2.156582e+01,2.165579e+01,2.154505e+01,2.157274e+01,2.155890e+01,2.162119e+01,2.155890e+01,2.155890e+01,2.164887e+01,2.172494e+01,2.164195e+01,2.176641e+01,2.176641e+01,2.171802e+01,2.184239e+01,2.182858e+01,2.169037e+01,2.181476e+01,2.189761e+01,2.192521e+01,2.188381e+01,2.198039e+01,2.180095e+01,2.171111e+01,2.150349e+01,2.138565e+01,2.135096e+01,2.128156e+01,2.128850e+01,2.127461e+01,2.136484e+01,2.135790e+01,2.135096e+01,2.118431e+01,2.121210e+01,2.118431e+01,2.133014e+01,2.124683e+01,2.135790e+01,2.137177e+01,2.132320e+01,2.140645e+01,2.145498e+01,2.144805e+01,2.146191e+01,2.146884e+01,2.144805e+01,2.151042e+01,2.146191e+01,2.149656e+01,2.144112e+01,2.148963e+01,2.143419e+01,2.151734e+01,2.143419e+01,2.142725e+01,2.139258e+01,2.130238e+01,2.139258e+01,2.124683e+01,2.114955e+01,2.100345e+01,2.097560e+01,2.099649e+01,2.096167e+01,2.099649e+01,2.109392e+01,2.103130e+01,2.107305e+01,2.104522e+01,2.098256e+01,2.103826e+01,2.099649e+01,2.102434e+01,2.092684e+01,2.103826e+01,2.093381e+01,2.103826e+01,2.096864e+01,2.108001e+01,2.110783e+01,2.106609e+01,2.106609e+01,2.105218e+01,2.101738e+01,2.110088e+01,2.103826e+01,2.107305e+01,2.108001e+01,2.110783e+01,2.108696e+01,2.101042e+01,2.123989e+01,2.110088e+01,2.120515e+01,2.108696e+01,2.112869e+01,2.126767e+01,2.117041e+01,2.112174e+01,2.112869e+01,2.113565e+01,2.108696e+01,2.066872e+01,2.045895e+01,2.064776e+01,2.050094e+01,2.052192e+01,2.052192e+01,2.074553e+01,2.078740e+01,2.094774e+01,2.082228e+01,2.094774e+01,2.096864e+01,2.099649e+01,2.101042e+01,2.105914e+01,2.097560e+01,2.103826e+01,2.098256e+01,2.106609e+01,2.104522e+01,2.103130e+01,2.101042e+01,2.100345e+01,2.101042e+01,2.098256e+01,2.100345e+01,2.094077e+01,2.091291e+01,2.101042e+01,2.089897e+01,2.095471e+01,2.097560e+01,2.098256e+01,2.094077e+01,2.098953e+01,2.103826e+01,2.094774e+01,2.110088e+01,2.103130e+01,2.095471e+01,2.098256e+01,2.089897e+01,2.101042e+01,2.101042e+01,2.090594e+01,2.088503e+01,2.081530e+01,2.087109e+01,2.082925e+01,2.083623e+01,2.075251e+01,2.083623e+01,2.072459e+01,2.085715e+01,2.075251e+01,2.073855e+01,2.075949e+01,2.074553e+01,2.072459e+01,2.061981e+01,2.057787e+01,2.060583e+01,2.059884e+01,2.070364e+01,2.061981e+01,2.064078e+01,2.057088e+01,2.066872e+01,2.068269e+01,2.064078e+01,2.064776e+01,2.062680e+01,2.078740e+01,2.078740e+01,2.085715e+01,2.102434e+01,2.095471e+01,2.105218e+01,2.101042e+01,2.103130e+01,2.099649e+01,2.093381e+01,2.078042e+01,2.082925e+01,2.085017e+01,2.078740e+01,2.080833e+01,2.085017e+01,2.089200e+01,2.068269e+01,2.085017e+01,2.094774e+01,2.094077e+01,2.096864e+01,2.098953e+01,2.099649e+01,2.104522e+01,2.109392e+01,2.113565e+01,2.109392e+01,2.118431e+01,2.127461e+01,2.137177e+01,2.142032e+01,2.131626e+01,2.144805e+01,2.143419e+01,2.144112e+01,2.142032e+01,2.160043e+01,2.162119e+01,2.168345e+01,2.151042e+01,2.164195e+01,2.164195e+01,2.177332e+01,2.172494e+01,2.193211e+01,2.187691e+01,2.181476e+01,2.204243e+01,2.204243e+01,2.202176e+01,2.226271e+01,2.221457e+01,2.222833e+01,2.245507e+01,2.292757e+01,2.310505e+01,2.342511e+01,2.400144e+01,2.452077e+01,2.519809e+01,2.561837e+01,2.581127e+01,2.593082e+01,2.585113e+01,2.561837e+01,2.549846e+01,2.502415e+01,2.474927e+01,2.422433e+01,2.387966e+01,2.358816e+01,2.326861e+01,2.289341e+01,2.281820e+01,2.250997e+01,2.246194e+01,2.247566e+01,2.231084e+01,2.209755e+01,2.210443e+01,2.209755e+01,2.199418e+01,2.194591e+01,2.193901e+01,2.188381e+01,2.190451e+01,2.186310e+01,2.187000e+01,2.184929e+01,2.191141e+01,2.188381e+01,2.180095e+01,2.184239e+01,2.193211e+01,2.192521e+01,2.189071e+01,2.198729e+01,2.176641e+01,2.184929e+01,2.187000e+01,2.179404e+01,2.183548e+01,2.190451e+01,2.179404e+01,2.176641e+01,2.166962e+01,2.177332e+01,2.172494e+01,2.165579e+01,2.158659e+01,2.146191e+01,2.150349e+01,2.153119e+01,2.158659e+01,2.152427e+01,2.153119e+01,2.148963e+01,2.144805e+01,2.146191e+01,2.145498e+01,2.146884e+01,2.151734e+01,2.150349e+01,2.145498e+01,2.154505e+01,2.157967e+01,2.157274e+01,2.166270e+01,2.163503e+01,2.173876e+01,2.181476e+01,2.174567e+01,2.182858e+01,2.180786e+01,2.199418e+01,2.184239e+01,2.211132e+01,2.202865e+01,2.220081e+01,2.211132e+01,2.226271e+01,2.220769e+01,2.224208e+01,2.232458e+01,2.240015e+01,2.236581e+01,2.235207e+01,2.231084e+01,2.241389e+01,2.245507e+01,2.245507e+01,2.232458e+01,2.246194e+01,2.242762e+01,2.234520e+01,2.241389e+01,2.231084e+01,2.240015e+01,2.244135e+01,2.239328e+01,2.245507e+01,2.244135e+01,2.242075e+01,2.242075e+01,2.236581e+01,2.242762e+01,2.243448e+01,2.239328e+01,2.236581e+01,2.230396e+01,2.235894e+01,2.233833e+01,2.237268e+01,2.233833e+01,2.249625e+01,2.232458e+01,2.231084e+01,2.232458e+01,2.217328e+01,2.218016e+01,2.237268e+01,2.235207e+01,2.230396e+01,2.236581e+01,2.232458e+01,2.232458e+01,2.226271e+01,2.230396e+01,2.231084e+01,2.242075e+01,2.232458e+01,2.226271e+01,2.224896e+01,2.228334e+01,2.230396e+01,2.216640e+01,2.234520e+01,2.233833e+01,2.231771e+01,2.232458e+01,2.231084e+01,2.242762e+01,2.235207e+01,2.239328e+01,2.248939e+01,2.253741e+01,2.244821e+01,2.243448e+01,2.244135e+01,2.242762e+01,2.240015e+01,2.231771e+01,2.226271e+01,2.228334e+01,2.239328e+01,2.235207e+01,2.237268e+01,2.234520e+01,2.229709e+01,2.226959e+01,2.227647e+01,2.232458e+01,2.226271e+01,2.211821e+01,2.222833e+01,2.222833e+01,2.236581e+01,2.222833e+01,2.219393e+01,2.218705e+01,2.220081e+01,2.220081e+01,2.212509e+01,2.216640e+01,2.224208e+01,2.213886e+01,2.202865e+01,2.200797e+01,2.202865e+01,2.202865e+01,2.200797e+01
2.196660e+01,2.200797e+01,2.202176e+01,2.203554e+01,2.195970e+01,2.199418e+01,2.194591e+01,2.200107e+01,2.193211e+01,2.184929e+01,2.180786e+01,2.188381e+01,2.191831e+01,2.173876e+01,2.173876e+01,2.172494e+01,2.180095e+01,2.191831e+01,2.187691e+01,2.181476e+01,2.190451e+01,2.194591e+01,2.198039e+01,2.191831e+01,2.204243e+01,2.200797e+01,2.192521e+01,2.206310e+01,2.203554e+01,2.208377e+01,2.195970e+01,2.211821e+01,2.206999e+01,2.200797e+01,2.211821e+01,2.209066e+01,2.196660e+01,2.215263e+01,2.204932e+01,2.209066e+01,2.211132e+01,2.210443e+01,2.211821e+01,2.209066e+01,2.199418e+01,2.202176e+01,2.202176e+01,2.206999e+01,2.207688e+01,2.216640e+01,2.206999e+01,2.206999e+01,2.204932e+01,2.213886e+01,2.207688e+01,2.208377e+01,2.213198e+01,2.215952e+01,2.220769e+01,2.204932e+01,2.216640e+01,2.208377e+01,2.204932e+01,2.207688e+01,2.213198e+01,2.213886e+01,2.229022e+01,2.218705e+01,2.220769e+01,2.222833e+01,2.215263e+01,2.223520e+01,2.220769e+01,2.212509e+01,2.213198e+01,2.215952e+01,2.226959e+01,2.223520e+01,2.230396e+01,2.224896e+01,2.231771e+01,2.226959e+01,2.228334e+01,2.224896e+01,2.231771e+01,2.223520e+01,2.220081e+01,2.224208e+01,2.207688e+01,2.217328e+01,2.216640e+01,2.216640e+01,2.222145e+01,2.215263e+01,2.205621e+01,2.210443e+01,2.213198e+01,2.223520e+01,2.209755e+01,2.209755e+01,2.209066e+01,2.202865e+01,2.200107e+01,2.204243e+01,2.203554e+01,2.206310e+01,2.202176e+01,2.202865e+01,2.203554e+01,2.201486e+01,2.195280e+01,2.201486e+01,2.200797e+01,2.204243e+01,2.192521e+01,2.206310e+01,2.206999e+01,2.206310e+01,2.207688e+01,2.215263e+01,2.218705e+01,2.211821e+01,2.213198e+01,2.209066e+01,2.224208e+01,2.217328e+01,2.227647e+01,2.214575e+01,2.230396e+01,2.233146e+01,2.233146e+01,2.221457e+01,2.233833e+01,2.229709e+01,2.233833e+01,2.233146e+01,2.233146e+01,2.221457e+01,2.218705e+01,2.221457e+01,2.233146e+01,2.229022e+01,2.229709e+01,2.235207e+01,2.222145e+01,2.213886e+01,2.222145e+01,2.224208e+01,2.220769e+01,2.210443e+01,2.216640e+01,2.216640e+01,2.201486e+01,2.180095e+01,2.156582e+01,2.166962e+01,2.179404e+01,2.166270e+01,2.172494e+01,2.168345e+01,2.175949e+01,2.173185e+01,2.184929e+01,2.178022e+01,2.182858e+01,2.189071e+01,2.184239e+01,2.180786e+01,2.181476e+01,2.187000e+01,2.202176e+01,2.191831e+01,2.186310e+01,2.182167e+01,2.182858e+01,2.184929e+01,2.197349e+01,2.201486e+01,2.195970e+01,2.210443e+01,2.198039e+01,2.194591e+01,2.194591e+01,2.205621e+01,2.193901e+01,2.195280e+01,2.186310e+01,2.188381e+01,2.191141e+01,2.182167e+01,2.181476e+01,2.184239e+01,2.182167e+01,2.180786e+01,2.183548e+01,2.180786e+01,2.181476e+01,2.178713e+01,2.182167e+01,2.181476e+01,2.184239e+01,2.178022e+01,2.178713e+01,2.175258e+01,2.157967e+01,2.176641e+01,2.157967e+01,2.154505e+01,2.173876e+01,2.162119e+01,2.176641e+01,2.160735e+01,2.160735e+01,2.164195e+01,2.160043e+01,2.157967e+01,2.164195e+01,2.161427e+01,2.164195e+01,2.155890e+01,2.156582e+01,2.155890e+01,2.160043e+01,2.162811e+01,2.153812e+01,2.158659e+01,2.162811e+01,2.167654e+01,2.169728e+01,2.173876e+01,2.188381e+01,2.211132e+01,2.224896e+01,2.224896e+01,2.224896e+01,2.249625e+01,2.248939e+01,2.249625e+01,2.279084e+01,2.279768e+01,2.279084e+01,2.292074e+01,2.326180e+01,2.325499e+01,2.315960e+01,2.295490e+01,2.291391e+01,2.241389e+01,2.183548e+01,2.148270e+01,2.137871e+01,2.117736e+01,2.135790e+01,2.137871e+01,2.139258e+01,2.146191e+01,2.139258e+01,2.119126e+01,2.126072e+01,2.144112e+01,2.137177e+01,2.133014e+01,2.135790e+01,2.136484e+01,2.143419e+01,2.143419e+01,2.146884e+01,2.148963e+01,2.149656e+01,2.148270e+01,2.148963e+01,2.151734e+01,2.139952e+01,2.148270e+01,2.151042e+01,2.144112e+01,2.151042e+01,2.151734e+01,2.144805e+01,2.139258e+01,2.137177e+01,2.135790e+01,2.128156e+01,2.118431e+01,2.100345e+01,2.107305e+01,2.104522e+01,2.101042e+01,2.093381e+01,2.094774e+01,2.094774e+01,2.096864e+01,2.109392e+01,2.110783e+01,2.101042e+01,2.092684e+01,2.100345e+01,2.105218e+01,2.108696e+01,2.098953e+01,2.094774e+01,2.113565e+01,2.100345e+01,2.108696e+01,2.107305e+01,2.106609e+01,2.099649e+01,2.112174e+01,2.109392e+01,2.106609e+01,2.102434e+01,2.106609e+01,2.101738e+01,2.093381e+01,2.103826e+01,2.105914e+01,2.108001e+01,2.116345e+01,2.124683e+01,2.123294e+01,2.123294e+01,2.117736e+01,2.123294e+01,2.115650e+01,2.113565e+01,2.092684e+01,2.068967e+01,2.059185e+01,2.055690e+01,2.050793e+01,2.049394e+01,2.066174e+01,2.091987e+01,2.085017e+01,2.098256e+01,2.080135e+01,2.091291e+01,2.096167e+01,2.101042e+01,2.090594e+01,2.096167e+01,2.096864e+01,2.091987e+01,2.105914e+01,2.105914e+01,2.108696e+01,2.103826e+01,2.101738e+01,2.100345e+01,2.100345e+01,2.105218e+01,2.099649e+01,2.089897e+01,2.098256e+01,2.090594e+01,2.095471e+01,2.087806e+01,2.088503e+01,2.089897e+01,2.087109e+01,2.089897e+01,2.103130e+01,2.103130e+01,2.101738e+01,2.097560e+01,2.096167e+01,2.098953e+01,2.087109e+01,2.089200e+01,2.091987e+01,2.085715e+01,2.087109e+01,2.087806e+01,2.078042e+01,2.077344e+01,2.072459e+01,2.072459e+01,2.073157e+01,2.077344e+01,2.076647e+01,2.071761e+01,2.060583e+01,2.071761e+01,2.066174e+01,2.068269e+01,2.073157e+01,2.058486e+01,2.058486e+01,2.059185e+01,2.061981e+01,2.065475e+01,2.069666e+01,2.056389e+01,2.068269e+01,2.064776e+01,2.050793e+01,2.064776e+01,2.068967e+01,2.084320e+01,2.082925e+01,2.087806e+01,2.082925e+01,2.094077e+01,2.091291e+01,2.100345e+01,2.101738e+01,2.098953e+01,2.099649e+01,2.087109e+01,2.076647e+01,2.067570e+01,2.087109e+01,2.080833e+01,2.073855e+01,2.080135e+01,2.074553e+01,2.071062e+01,2.086412e+01,2.099649e+01,2.096864e+01,2.094077e+01,2.110088e+01,2.116345e+01,2.101738e+01,2.110783e+01,2.118431e+01,2.121210e+01,2.129544e+01,2.130238e+01,2.126767e+01,2.142725e+01,2.128850e+01,2.137871e+01,2.142725e+01,2.143419e+01,2.157967e+01,2.139952e+01,2.151734e+01,2.155197e+01,2.156582e+01,2.166270e+01,2.171111e+01,2.170420e+01,2.173876e+01,2.174567e+01,2.186310e+01,2.178713e+01,2.187691e+01,2.203554e+01,2.222833e+01,2.200797e+01,2.220769e+01,2.227647e+01,2.250311e+01,2.269502e+01,2.300270e+01,2.328223e+01,2.365602e+01,2.421083e+01,2.479625e+01,2.520477e+01,2.548513e+01,2.570488e+01,2.572484e+01,2.544512e+01,2.540510e+01,2.497057e+01,2.458131e+01,2.428503e+01,2.400820e+01,2.363567e+01,2.318005e+01,2.294807e+01,2.274294e+01,2.241389e+01,2.240702e+01,2.241389e+01,2.209066e+01,2.202865e+01,2.195280e+01,2.195280e+01,2.190451e+01,2.195280e+01,2.193901e+01,2.186310e+01,2.187000e+01,2.193901e+01,2.182858e+01,2.183548e+01,2.184239e+01,2.193211e+01,2.188381e+01,2.197349e+01,2.190451e+01,2.179404e+01,2.173876e+01,2.186310e+01,2.180786e+01,2.186310e+01,2.184929e+01,2.180095e+01,2.173876e+01,2.180786e+01,2.183548e+01,2.177332e+01,2.176641e+01,2.164887e+01,2.166962e+01,2.161427e+01,2.161427e+01,2.158659e+01,2.155890e+01,2.154505e+01,2.157274e+01,2.153119e+01,2.150349e+01,2.148963e+01,2.139258e+01,2.148270e+01,2.141339e+01,2.147577e+01,2.148270e+01,2.150349e+01,2.158659e+01,2.153812e+01,2.154505e+01,2.161427e+01,2.155197e+01,2.165579e+01,2.167654e+01,2.178713e+01,2.196660e+01,2.179404e+01,2.198729e+01,2.204243e+01,2.208377e+01,2.219393e+01,2.213198e+01,2.223520e+01,2.218016e+01,2.228334e+01,2.226959e+01,2.231084e+01,2.227647e+01,2.242762e+01,2.241389e+01,2.242762e+01,2.246194e+01,2.232458e+01,2.237268e+01,2.233146e+01,2.232458e+01,2.234520e+01,2.240015e+01,2.239328e+01,2.240015e+01,2.243448e+01,2.253741e+01,2.246880e+01,2.240702e+01,2.246194e+01,2.237955e+01,2.244821e+01,2.249625e+01,2.242762e+01,2.238642e+01,2.240702e+01,2.240015e+01,2.230396e+01,2.237955e+01,2.234520e+01,2.247566e+01,2.238642e+01,2.231771e+01,2.231771e+01,2.233146e+01,2.229709e+01,2.235207e+01,2.235207e+01,2.238642e+01,2.222145e+01,2.229709e+01,2.228334e+01,2.235894e+01,2.226959e+01,2.233146e+01,2.223520e+01,2.223520e+01,2.236581e+01,2.230396e+01,2.232458e+01,2.224896e+01,2.228334e+01,2.229022e+01,2.225584e+01,2.228334e+01,2.223520e+01,2.215263e+01,2.236581e+01,2.229709e+01,2.229709e+01,2.243448e+01,2.233146e+01,2.246880e+01,2.235207e+01,2.234520e+01,2.244135e+01,2.239328e+01,2.233146e+01,2.235207e+01,2.233146e+01,2.220081e+01,2.229022e+01,2.237955e+01,2.224896e+01,2.229022e+01,2.226271e+01,2.231771e+01,2.228334e+01,2.231771e+01,2.222833e+01,2.232458e+01,2.224896e+01,2.222145e+01,2.215263e+01,2.219393e+01,2.218705e+01,2.218016e+01,2.222145e+01,2.227647e+01,2.224896e+01,2.206999e+01,2.204932e+01,2.204243e+01,2.213198e+01,2.210443e+01,2.213198e+01,2.204243e+01,2.198039e+01,2.197349e+01
2.195970e+01,2.204932e+01,2.198039e+01,2.198039e+01,2.200797e+01,2.193211e+01,2.201486e+01,2.195970e+01,2.187000e+01,2.194591e+01,2.181476e+01,2.189761e+01,2.191831e+01,2.189761e+01,2.180095e+01,2.189761e+01,2.188381e+01,2.166962e+01,2.182858e+01,2.182858e+01,2.201486e+01,2.184239e+01,2.202865e+01,2.195280e+01,2.197349e+01,2.195970e+01,2.198039e+01,2.208377e+01,2.190451e+01,2.201486e+01,2.194591e+01,2.209066e+01,2.205621e+01,2.208377e+01,2.211821e+01,2.206310e+01,2.206310e+01,2.209066e+01,2.211821e+01,2.208377e+01,2.210443e+01,2.200797e+01,2.206310e+01,2.210443e+01,2.210443e+01,2.202865e+01,2.204932e+01,2.202176e+01,2.206999e+01,2.219393e+01,2.216640e+01,2.189071e+01,2.209066e+01,2.208377e+01,2.213886e+01,2.209755e+01,2.216640e+01,2.206999e+01,2.218016e+01,2.222833e+01,2.209066e+01,2.217328e+01,2.217328e+01,2.215263e+01,2.216640e+01,2.217328e+01,2.213886e+01,2.230396e+01,2.214575e+01,2.218705e+01,2.233833e+01,2.223520e+01,2.216640e+01,2.222145e+01,2.229709e+01,2.224208e+01,2.224896e+01,2.223520e+01,2.224896e+01,2.232458e+01,2.226959e+01,2.229709e+01,2.226959e+01,2.226271e+01,2.221457e+01,2.224896e+01,2.206310e+01,2.226959e+01,2.213886e+01,2.226271e+01,2.219393e+01,2.217328e+01,2.211821e+01,2.215952e+01,2.212509e+01,2.209755e+01,2.207688e+01,2.211132e+01,2.205621e+01,2.201486e+01,2.202865e+01,2.205621e+01,2.202865e+01,2.204932e+01,2.202865e+01,2.205621e+01,2.203554e+01,2.202865e+01,2.202865e+01,2.199418e+01,2.202176e+01,2.195280e+01,2.198729e+01,2.204243e+01,2.206999e+01,2.206310e+01,2.208377e+01,2.202176e+01,2.215952e+01,2.209755e+01,2.215263e+01,2.217328e+01,2.218705e+01,2.216640e+01,2.219393e+01,2.215263e+01,2.222145e+01,2.229022e+01,2.231084e+01,2.230396e+01,2.235207e+01,2.232458e+01,2.229022e+01,2.226271e+01,2.227647e+01,2.235894e+01,2.233833e+01,2.237955e+01,2.223520e+01,2.232458e+01,2.233146e+01,2.222145e+01,2.230396e+01,2.226959e+01,2.220769e+01,2.218705e+01,2.211132e+01,2.217328e+01,2.220769e+01,2.214575e+01,2.205621e+01,2.216640e+01,2.199418e+01,2.189761e+01,2.173876e+01,2.169037e+01,2.166962e+01,2.169037e+01,2.173185e+01,2.170420e+01,2.174567e+01,2.191831e+01,2.184929e+01,2.192521e+01,2.186310e+01,2.189761e+01,2.184239e+01,2.204243e+01,2.191831e+01,2.194591e+01,2.196660e+01,2.188381e+01,2.203554e+01,2.215263e+01,2.206310e+01,2.207688e+01,2.202865e+01,2.201486e+01,2.200107e+01,2.200107e+01,2.206999e+01,2.196660e+01,2.205621e+01,2.204243e+01,2.189071e+01,2.188381e+01,2.182858e+01,2.191141e+01,2.183548e+01,2.185620e+01,2.187000e+01,2.185620e+01,2.181476e+01,2.182167e+01,2.184239e+01,2.173876e+01,2.184239e+01,2.178713e+01,2.179404e+01,2.182858e+01,2.174567e+01,2.175258e+01,2.178713e+01,2.167654e+01,2.182167e+01,2.165579e+01,2.161427e+01,2.154505e+01,2.166270e+01,2.171111e+01,2.164195e+01,2.164887e+01,2.164195e+01,2.162811e+01,2.173876e+01,2.160043e+01,2.171111e+01,2.162811e+01,2.180786e+01,2.175258e+01,2.182858e+01,2.190451e+01,2.175949e+01,2.179404e+01,2.209066e+01,2.208377e+01,2.210443e+01,2.202176e+01,2.230396e+01,2.229022e+01,2.241389e+01,2.269502e+01,2.280452e+01,2.288657e+01,2.300953e+01,2.328223e+01,2.341831e+01,2.341831e+01,2.352026e+01,2.379839e+01,2.391350e+01,2.369672e+01,2.388643e+01,2.391350e+01,2.392703e+01,2.381194e+01,2.338431e+01,2.285239e+01,2.238642e+01,2.139952e+01,2.137871e+01,2.136484e+01,2.123294e+01,2.142032e+01,2.142032e+01,2.144112e+01,2.146191e+01,2.135790e+01,2.140645e+01,2.137871e+01,2.135096e+01,2.140645e+01,2.147577e+01,2.146884e+01,2.140645e+01,2.155890e+01,2.144805e+01,2.160735e+01,2.162811e+01,2.166270e+01,2.153119e+01,2.151734e+01,2.146191e+01,2.146884e+01,2.137871e+01,2.144805e+01,2.151042e+01,2.145498e+01,2.142725e+01,2.140645e+01,2.148270e+01,2.124683e+01,2.101042e+01,2.095471e+01,2.092684e+01,2.094774e+01,2.091291e+01,2.101738e+01,2.077344e+01,2.098953e+01,2.093381e+01,2.096167e+01,2.102434e+01,2.098256e+01,2.100345e+01,2.108001e+01,2.103130e+01,2.098953e+01,2.104522e+01,2.105218e+01,2.100345e+01,2.096167e+01,2.103826e+01,2.103130e+01,2.103130e+01,2.107305e+01,2.108001e+01,2.101042e+01,2.108696e+01,2.107305e+01,2.108696e+01,2.105914e+01,2.100345e+01,2.101738e+01,2.112174e+01,2.110088e+01,2.105914e+01,2.113565e+01,2.122600e+01,2.122600e+01,2.126767e+01,2.124683e+01,2.117736e+01,2.126072e+01,2.122600e+01,2.094774e+01,2.065475e+01,2.065475e+01,2.059884e+01,2.048694e+01,2.067570e+01,2.069666e+01,2.078042e+01,2.096167e+01,2.073855e+01,2.099649e+01,2.095471e+01,2.099649e+01,2.090594e+01,2.090594e+01,2.108001e+01,2.096864e+01,2.091987e+01,2.111479e+01,2.113565e+01,2.108696e+01,2.112174e+01,2.104522e+01,2.105218e+01,2.103826e+01,2.098953e+01,2.098953e+01,2.101738e+01,2.097560e+01,2.093381e+01,2.105914e+01,2.100345e+01,2.090594e+01,2.087806e+01,2.098256e+01,2.098953e+01,2.103130e+01,2.100345e+01,2.102434e+01,2.094077e+01,2.102434e+01,2.100345e+01,2.089200e+01,2.091987e+01,2.085017e+01,2.082925e+01,2.087806e+01,2.085715e+01,2.077344e+01,2.071062e+01,2.075949e+01,2.078740e+01,2.082925e+01,2.074553e+01,2.063379e+01,2.066174e+01,2.071062e+01,2.061282e+01,2.061981e+01,2.057787e+01,2.059884e+01,2.059185e+01,2.057787e+01,2.059884e+01,2.057088e+01,2.054990e+01,2.065475e+01,2.052892e+01,2.069666e+01,2.064078e+01,2.059185e+01,2.066174e+01,2.067570e+01,2.084320e+01,2.076647e+01,2.086412e+01,2.100345e+01,2.094774e+01,2.097560e+01,2.101042e+01,2.091987e+01,2.078740e+01,2.083623e+01,2.078740e+01,2.073157e+01,2.070364e+01,2.078740e+01,2.082228e+01,2.074553e+01,2.080135e+01,2.078740e+01,2.075949e+01,2.094774e+01,2.097560e+01,2.098256e+01,2.102434e+01,2.104522e+01,2.105914e+01,2.112869e+01,2.107305e+01,2.118431e+01,2.114260e+01,2.122600e+01,2.128850e+01,2.128850e+01,2.128156e+01,2.131626e+01,2.144112e+01,2.141339e+01,2.139952e+01,2.144805e+01,2.140645e+01,2.162119e+01,2.162119e+01,2.151734e+01,2.161427e+01,2.173185e+01,2.175258e+01,2.171802e+01,2.185620e+01,2.172494e+01,2.180095e+01,2.179404e+01,2.204932e+01,2.212509e+01,2.205621e+01,2.201486e+01,2.197349e+01,2.214575e+01,2.226959e+01,2.253741e+01,2.274294e+01,2.303683e+01,2.330946e+01,2.371028e+01,2.435918e+01,2.478954e+01,2.520477e+01,2.538509e+01,2.548513e+01,2.544512e+01,2.541177e+01,2.488345e+01,2.476941e+01,2.443328e+01,2.385258e+01,2.355421e+01,2.337751e+01,2.296173e+01,2.271556e+01,2.256483e+01,2.243448e+01,2.239328e+01,2.213198e+01,2.208377e+01,2.205621e+01,2.196660e+01,2.196660e+01,2.181476e+01,2.195970e+01,2.175258e+01,2.188381e+01,2.188381e+01,2.191141e+01,2.184929e+01,2.195970e+01,2.191141e+01,2.182858e+01,2.191831e+01,2.178022e+01,2.181476e+01,2.192521e+01,2.185620e+01,2.188381e+01,2.177332e+01,2.184239e+01,2.184239e+01,2.171111e+01,2.177332e+01,2.182858e+01,2.170420e+01,2.175949e+01,2.175949e+01,2.155890e+01,2.160735e+01,2.160043e+01,2.160735e+01,2.157274e+01,2.153812e+01,2.152427e+01,2.151734e+01,2.151734e+01,2.146191e+01,2.145498e+01,2.147577e+01,2.149656e+01,2.149656e+01,2.152427e+01,2.154505e+01,2.149656e+01,2.159351e+01,2.168345e+01,2.167654e+01,2.171111e+01,2.164195e+01,2.180786e+01,2.186310e+01,2.191831e+01,2.180786e+01,2.187000e+01,2.203554e+01,2.209755e+01,2.204243e+01,2.220081e+01,2.225584e+01,2.230396e+01,2.226271e+01,2.229709e+01,2.228334e+01,2.243448e+01,2.231771e+01,2.237268e+01,2.241389e+01,2.236581e+01,2.244821e+01,2.233146e+01,2.244135e+01,2.246194e+01,2.234520e+01,2.238642e+01,2.241389e+01,2.242075e+01,2.239328e+01,2.244135e+01,2.247566e+01,2.242762e+01,2.245507e+01,2.244821e+01,2.235207e+01,2.242762e+01,2.245507e+01,2.244821e+01,2.238642e+01,2.242762e+01,2.237268e+01,2.239328e+01,2.237268e+01,2.238642e+01,2.237955e+01,2.240702e+01,2.241389e+01,2.235894e+01,2.235894e+01,2.239328e+01,2.237268e+01,2.233833e+01,2.236581e+01,2.229022e+01,2.231771e+01,2.224896e+01,2.227647e+01,2.231771e+01,2.232458e+01,2.224896e+01,2.227647e+01,2.226271e+01,2.237268e+01,2.227647e+01,2.227647e+01,2.236581e+01,2.231771e+01,2.233833e+01,2.226271e+01,2.236581e+01,2.231084e+01,2.233146e+01,2.233146e+01,2.214575e+01,2.229709e+01,2.231771e+01,2.244135e+01,2.240702e+01,2.235207e+01,2.234520e+01,2.238642e+01,2.239328e+01,2.231084e+01,2.227647e+01,2.216640e+01,2.232458e+01,2.231771e+01,2.229709e+01,2.224896e+01,2.229709e+01,2.230396e+01,2.223520e+01,2.225584e+01,2.229022e+01,2.218016e+01,2.224208e+01,2.223520e+01,2.228334e+01,2.213886e+01,2.205621e+01,2.229022e+01,2.215952e+01,2.209755e+01,2.210443e+01,2.225584e+01,2.204932e+01,2.202176e+01,2.201486e+01,2.204243e+01,2.197349e+01,2.206310e+01
2.204243e+01,2.215952e+01,2.205621e+01,2.195280e+01,2.193901e+01,2.201486e+01,2.187691e+01,2.192521e+01,2.184929e+01,2.184239e+01,2.191141e+01,2.189071e+01,2.190451e+01,2.177332e+01,2.173876e+01,2.182858e+01,2.182167e+01,2.184239e+01,2.202176e+01,2.178022e+01,2.184239e+01,2.185620e+01,2.202176e+01,2.195970e+01,2.196660e+01,2.209755e+01,2.202176e+01,2.199418e+01,2.207688e+01,2.209066e+01,2.191831e+01,2.204932e+01,2.204243e+01,2.207688e+01,2.209755e+01,2.215952e+01,2.209755e+01,2.215952e+01,2.207688e+01,2.208377e+01,2.213198e+01,2.204932e+01,2.214575e+01,2.212509e+01,2.209066e+01,2.206310e+01,2.207688e+01,2.206310e+01,2.218016e+01,2.214575e+01,2.204243e+01,2.187691e+01,2.211821e+01,2.220081e+01,2.209066e+01,2.216640e+01,2.214575e+01,2.211132e+01,2.218016e+01,2.220081e+01,2.213198e+01,2.210443e+01,2.215263e+01,2.220769e+01,2.225584e+01,2.221457e+01,2.221457e+01,2.229022e+01,2.225584e+01,2.224208e+01,2.220769e+01,2.225584e+01,2.235207e+01,2.224896e+01,2.226271e+01,2.223520e+01,2.226271e+01,2.236581e+01,2.219393e+01,2.226271e+01,2.228334e+01,2.229022e+01,2.229022e+01,2.224896e+01,2.228334e+01,2.221457e+01,2.213198e+01,2.217328e+01,2.222145e+01,2.215263e+01,2.220081e+01,2.217328e+01,2.217328e+01,2.210443e+01,2.214575e+01,2.209755e+01,2.213886e+01,2.218705e+01,2.220081e+01,2.199418e+01,2.202176e+01,2.200797e+01,2.186310e+01,2.203554e+01,2.204932e+01,2.202865e+01,2.204243e+01,2.204932e+01,2.191831e+01,2.202865e+01,2.199418e+01,2.207688e+01,2.202865e+01,2.209755e+01,2.205621e+01,2.206310e+01,2.214575e+01,2.215263e+01,2.215952e+01,2.213886e+01,2.213886e+01,2.218705e+01,2.220081e+01,2.220081e+01,2.231084e+01,2.226271e+01,2.229022e+01,2.227647e+01,2.231771e+01,2.233833e+01,2.222145e+01,2.235207e+01,2.227647e+01,2.231084e+01,2.224896e+01,2.243448e+01,2.220081e+01,2.224208e+01,2.226271e+01,2.224208e+01,2.226959e+01,2.224208e+01,2.224896e+01,2.220769e+01,2.220769e+01,2.221457e+01,2.220769e+01,2.206310e+01,2.206310e+01,2.210443e+01,2.206310e+01,2.204932e+01,2.195280e+01,2.199418e+01,2.186310e+01,2.159351e+01,2.173185e+01,2.162811e+01,2.178022e+01,2.169037e+01,2.179404e+01,2.182858e+01,2.191831e+01,2.186310e+01,2.202865e+01,2.206999e+01,2.200107e+01,2.193211e+01,2.201486e+01,2.206999e+01,2.206999e+01,2.206999e+01,2.211132e+01,2.209755e+01,2.215952e+01,2.209755e+01,2.204243e+01,2.200797e+01,2.206310e+01,2.209066e+01,2.202176e+01,2.200107e+01,2.211821e+01,2.191831e+01,2.189761e+01,2.189761e+01,2.185620e+01,2.183548e+01,2.184239e+01,2.184239e+01,2.182167e+01,2.180786e+01,2.177332e+01,2.178022e+01,2.176641e+01,2.169728e+01,2.177332e+01,2.183548e+01,2.178713e+01,2.165579e+01,2.162811e+01,2.160043e+01,2.160735e+01,2.157967e+01,2.170420e+01,2.160735e+01,2.159351e+01,2.173876e+01,2.171802e+01,2.166270e+01,2.166270e+01,2.159351e+01,2.162811e+01,2.166270e+01,2.166270e+01,2.178713e+01,2.173185e+01,2.180095e+01,2.190451e+01,2.189761e+01,2.185620e+01,2.191141e+01,2.215263e+01,2.213198e+01,2.214575e+01,2.220081e+01,2.226271e+01,2.241389e+01,2.244135e+01,2.270871e+01,2.287974e+01,2.295490e+01,2.309823e+01,2.322775e+01,2.335029e+01,2.345230e+01,2.391350e+01,2.387966e+01,2.390673e+01,2.408254e+01,2.406903e+01,2.420408e+01,2.423107e+01,2.427155e+01,2.419733e+01,2.379839e+01,2.348629e+01,2.294123e+01,2.235207e+01,2.178022e+01,2.139258e+01,2.141339e+01,2.133708e+01,2.131626e+01,2.140645e+01,2.136484e+01,2.136484e+01,2.142725e+01,2.142725e+01,2.143419e+01,2.142725e+01,2.143419e+01,2.144805e+01,2.151042e+01,2.146191e+01,2.148270e+01,2.148270e+01,2.148270e+01,2.150349e+01,2.164887e+01,2.162811e+01,2.162811e+01,2.156582e+01,2.136484e+01,2.143419e+01,2.145498e+01,2.151734e+01,2.146191e+01,2.146191e+01,2.137871e+01,2.135096e+01,2.101738e+01,2.096167e+01,2.098953e+01,2.103130e+01,2.103130e+01,2.106609e+01,2.096864e+01,2.094774e+01,2.089897e+01,2.096167e+01,2.096864e+01,2.100345e+01,2.101738e+01,2.114260e+01,2.108696e+01,2.106609e+01,2.105914e+01,2.105914e+01,2.102434e+01,2.100345e+01,2.101738e+01,2.098953e+01,2.099649e+01,2.104522e+01,2.106609e+01,2.103826e+01,2.105914e+01,2.108696e+01,2.113565e+01,2.103826e+01,2.110783e+01,2.109392e+01,2.112174e+01,2.108696e+01,2.110088e+01,2.112869e+01,2.123294e+01,2.111479e+01,2.125378e+01,2.124683e+01,2.123989e+01,2.115650e+01,2.111479e+01,2.112174e+01,2.085715e+01,2.066872e+01,2.040294e+01,2.045895e+01,2.048694e+01,2.077344e+01,2.091987e+01,2.092684e+01,2.096167e+01,2.081530e+01,2.091987e+01,2.094077e+01,2.091291e+01,2.096864e+01,2.088503e+01,2.098256e+01,2.093381e+01,2.109392e+01,2.089200e+01,2.111479e+01,2.104522e+01,2.101042e+01,2.108696e+01,2.104522e+01,2.101042e+01,2.110783e+01,2.101042e+01,2.104522e+01,2.096167e+01,2.101738e+01,2.101042e+01,2.105914e+01,2.091291e+01,2.089897e+01,2.091291e+01,2.093381e+01,2.099649e+01,2.086412e+01,2.098953e+01,2.101042e+01,2.097560e+01,2.097560e+01,2.096864e+01,2.086412e+01,2.080135e+01,2.085017e+01,2.076647e+01,2.075949e+01,2.073157e+01,2.076647e+01,2.077344e+01,2.075251e+01,2.072459e+01,2.073855e+01,2.070364e+01,2.064078e+01,2.070364e+01,2.067570e+01,2.064776e+01,2.064078e+01,2.057088e+01,2.059185e+01,2.059185e+01,2.058486e+01,2.065475e+01,2.064078e+01,2.060583e+01,2.054291e+01,2.062680e+01,2.051493e+01,2.059884e+01,2.065475e+01,2.064776e+01,2.064078e+01,2.078740e+01,2.084320e+01,2.084320e+01,2.104522e+01,2.103826e+01,2.091291e+01,2.094774e+01,2.089200e+01,2.098256e+01,2.073855e+01,2.071062e+01,2.073157e+01,2.076647e+01,2.064776e+01,2.074553e+01,2.075949e+01,2.075251e+01,2.075949e+01,2.096167e+01,2.076647e+01,2.098256e+01,2.096864e+01,2.105218e+01,2.111479e+01,2.105218e+01,2.110088e+01,2.113565e+01,2.121210e+01,2.123989e+01,2.121905e+01,2.128156e+01,2.133014e+01,2.140645e+01,2.139952e+01,2.137871e+01,2.137871e+01,2.135790e+01,2.140645e+01,2.139952e+01,2.144112e+01,2.160043e+01,2.161427e+01,2.151734e+01,2.165579e+01,2.171802e+01,2.182858e+01,2.171802e+01,2.178713e+01,2.187691e+01,2.187000e+01,2.196660e+01,2.193211e+01,2.194591e+01,2.195280e+01,2.198039e+01,2.210443e+01,2.204243e+01,2.247566e+01,2.255112e+01,2.275663e+01,2.305048e+01,2.365602e+01,2.403524e+01,2.458131e+01,2.502415e+01,2.521146e+01,2.519140e+01,2.537841e+01,2.525155e+01,2.497057e+01,2.452750e+01,2.414333e+01,2.383903e+01,2.340471e+01,2.315278e+01,2.292074e+01,2.263337e+01,2.245507e+01,2.243448e+01,2.220081e+01,2.213886e+01,2.215263e+01,2.209755e+01,2.205621e+01,2.198039e+01,2.192521e+01,2.195280e+01,2.186310e+01,2.196660e+01,2.186310e+01,2.194591e+01,2.184239e+01,2.191831e+01,2.187000e+01,2.192521e+01,2.181476e+01,2.188381e+01,2.182858e+01,2.183548e+01,2.172494e+01,2.182167e+01,2.182858e+01,2.186310e+01,2.178022e+01,2.178022e+01,2.174567e+01,2.178022e+01,2.170420e+01,2.163503e+01,2.159351e+01,2.163503e+01,2.162811e+01,2.160735e+01,2.155890e+01,2.148963e+01,2.151734e+01,2.153119e+01,2.154505e+01,2.148270e+01,2.146884e+01,2.149656e+01,2.139952e+01,2.146191e+01,2.151042e+01,2.160043e+01,2.164887e+01,2.162119e+01,2.165579e+01,2.154505e+01,2.169037e+01,2.166962e+01,2.183548e+01,2.191831e+01,2.179404e+01,2.193901e+01,2.180095e+01,2.191141e+01,2.204243e+01,2.211821e+01,2.215952e+01,2.224896e+01,2.222145e+01,2.230396e+01,2.231771e+01,2.229709e+01,2.243448e+01,2.231084e+01,2.233833e+01,2.234520e+01,2.234520e+01,2.241389e+01,2.242762e+01,2.233146e+01,2.240015e+01,2.243448e+01,2.233833e+01,2.242762e+01,2.242075e+01,2.242075e+01,2.244135e+01,2.247566e+01,2.240702e+01,2.242075e+01,2.243448e+01,2.242762e+01,2.242762e+01,2.239328e+01,2.244135e+01,2.244821e+01,2.250311e+01,2.235894e+01,2.246194e+01,2.237268e+01,2.244821e+01,2.233146e+01,2.235207e+01,2.232458e+01,2.234520e+01,2.234520e+01,2.235894e+01,2.221457e+01,2.223520e+01,2.234520e+01,2.224896e+01,2.230396e+01,2.230396e+01,2.225584e+01,2.233833e+01,2.230396e+01,2.224896e+01,2.226271e+01,2.229022e+01,2.229022e+01,2.224208e+01,2.228334e+01,2.226271e+01,2.222145e+01,2.231771e+01,2.235894e+01,2.225584e+01,2.224208e+01,2.240702e+01,2.242075e+01,2.232458e+01,2.224896e+01,2.229022e+01,2.238642e+01,2.222145e+01,2.235207e+01,2.237268e+01,2.234520e+01,2.235207e+01,2.228334e+01,2.224208e+01,2.233146e+01,2.228334e+01,2.232458e+01,2.231084e+01,2.234520e+01,2.227647e+01,2.229022e+01,2.233146e+01,2.226959e+01,2.229022e+01,2.225584e+01,2.220769e+01,2.218016e+01,2.234520e+01,2.227647e+01,2.220081e+01,2.211132e+01,2.218705e+01,2.223520e+01,2.219393e+01,2.210443e+01,2.206999e+01,2.214575e+01,2.202176e+01,2.217328e+01,2.206999e+01,2.206310e+01
2.213198e+01,2.212509e+01,2.202865e+01,2.195280e+01,2.193901e+01,2.195970e+01,2.200797e+01,2.200797e+01,2.197349e+01,2.192521e+01,2.182858e+01,2.190451e+01,2.187000e+01,2.181476e+01,2.184239e+01,2.182858e+01,2.173185e+01,2.182858e+01,2.200107e+01,2.198039e+01,2.200107e+01,2.195280e+01,2.198729e+01,2.197349e+01,2.194591e+01,2.201486e+01,2.200797e+01,2.204932e+01,2.204243e+01,2.209066e+01,2.209066e+01,2.208377e+01,2.211132e+01,2.210443e+01,2.206310e+01,2.212509e+01,2.209066e+01,2.209755e+01,2.210443e+01,2.211132e+01,2.211821e+01,2.211821e+01,2.213198e+01,2.196660e+01,2.210443e+01,2.202176e+01,2.214575e+01,2.211132e+01,2.203554e+01,2.205621e+01,2.215263e+01,2.218705e+01,2.212509e+01,2.215952e+01,2.220769e+01,2.214575e+01,2.215263e+01,2.216640e+01,2.223520e+01,2.216640e+01,2.222145e+01,2.222833e+01,2.208377e+01,2.215952e+01,2.225584e+01,2.222145e+01,2.224208e+01,2.227647e+01,2.235207e+01,2.221457e+01,2.226271e+01,2.220769e+01,2.226959e+01,2.228334e+01,2.226271e+01,2.233146e+01,2.235207e+01,2.232458e+01,2.228334e+01,2.229022e+01,2.229022e+01,2.227647e+01,2.226959e+01,2.228334e+01,2.208377e+01,2.207688e+01,2.211132e+01,2.224208e+01,2.220081e+01,2.220081e+01,2.220081e+01,2.220081e+01,2.218705e+01,2.211132e+01,2.214575e+01,2.211821e+01,2.221457e+01,2.215263e+01,2.208377e+01,2.195970e+01,2.202176e+01,2.210443e+01,2.201486e+01,2.204243e+01,2.204932e+01,2.198729e+01,2.195280e+01,2.191141e+01,2.193901e+01,2.209066e+01,2.212509e+01,2.202865e+01,2.212509e+01,2.208377e+01,2.208377e+01,2.213198e+01,2.214575e+01,2.214575e+01,2.217328e+01,2.217328e+01,2.215952e+01,2.218705e+01,2.219393e+01,2.222145e+01,2.220081e+01,2.224208e+01,2.231084e+01,2.230396e+01,2.230396e+01,2.224896e+01,2.233146e+01,2.230396e+01,2.233146e+01,2.233833e+01,2.226959e+01,2.228334e+01,2.229022e+01,2.226271e+01,2.226959e+01,2.224208e+01,2.224896e+01,2.223520e+01,2.218016e+01,2.217328e+01,2.221457e+01,2.209066e+01,2.214575e+01,2.204243e+01,2.202865e+01,2.209066e+01,2.199418e+01,2.198039e+01,2.184929e+01,2.198039e+01,2.189761e+01,2.174567e+01,2.174567e+01,2.183548e+01,2.162811e+01,2.189761e+01,2.198039e+01,2.199418e+01,2.200107e+01,2.205621e+01,2.205621e+01,2.216640e+01,2.191141e+01,2.209755e+01,2.209066e+01,2.211821e+01,2.211821e+01,2.204243e+01,2.215263e+01,2.213198e+01,2.212509e+01,2.212509e+01,2.209066e+01,2.209066e+01,2.207688e+01,2.202176e+01,2.200107e+01,2.199418e+01,2.196660e+01,2.189071e+01,2.187000e+01,2.185620e+01,2.187691e+01,2.189071e+01,2.178022e+01,2.174567e+01,2.176641e+01,2.173185e+01,2.176641e+01,2.173185e+01,2.174567e+01,2.175258e+01,2.178022e+01,2.175258e+01,2.180095e+01,2.175258e+01,2.169037e+01,2.169728e+01,2.164195e+01,2.153812e+01,2.156582e+01,2.161427e+01,2.159351e+01,2.157274e+01,2.151042e+01,2.162119e+01,2.155197e+01,2.165579e+01,2.164887e+01,2.165579e+01,2.167654e+01,2.187691e+01,2.191141e+01,2.189071e+01,2.206310e+01,2.199418e+01,2.204932e+01,2.210443e+01,2.215952e+01,2.222145e+01,2.226271e+01,2.222145e+01,2.240015e+01,2.255112e+01,2.273610e+01,2.287974e+01,2.305048e+01,2.321412e+01,2.349988e+01,2.358816e+01,2.370350e+01,2.389320e+01,2.408254e+01,2.408254e+01,2.440634e+01,2.443328e+01,2.440634e+01,2.458803e+01,2.437266e+01,2.432548e+01,2.421758e+01,2.379839e+01,2.336390e+01,2.289341e+01,2.235894e+01,2.173876e+01,2.149656e+01,2.145498e+01,2.138565e+01,2.145498e+01,2.151042e+01,2.151734e+01,2.145498e+01,2.141339e+01,2.141339e+01,2.143419e+01,2.136484e+01,2.144112e+01,2.148270e+01,2.146884e+01,2.157274e+01,2.148270e+01,2.148963e+01,2.150349e+01,2.149656e+01,2.164887e+01,2.159351e+01,2.146884e+01,2.144805e+01,2.152427e+01,2.164195e+01,2.146191e+01,2.148963e+01,2.148963e+01,2.148270e+01,2.146884e+01,2.128850e+01,2.123989e+01,2.112174e+01,2.121905e+01,2.134402e+01,2.134402e+01,2.126072e+01,2.105914e+01,2.113565e+01,2.092684e+01,2.096167e+01,2.091987e+01,2.103826e+01,2.102434e+01,2.103130e+01,2.105914e+01,2.104522e+01,2.112174e+01,2.103130e+01,2.103826e+01,2.103826e+01,2.104522e+01,2.110783e+01,2.098256e+01,2.097560e+01,2.108001e+01,2.107305e+01,2.108001e+01,2.108001e+01,2.119820e+01,2.115650e+01,2.110783e+01,2.111479e+01,2.105218e+01,2.110088e+01,2.110783e+01,2.112869e+01,2.121210e+01,2.126767e+01,2.124683e+01,2.125378e+01,2.113565e+01,2.123989e+01,2.111479e+01,2.103826e+01,2.089200e+01,2.058486e+01,2.061981e+01,2.048694e+01,2.064776e+01,2.089200e+01,2.092684e+01,2.087806e+01,2.094774e+01,2.094774e+01,2.096864e+01,2.087806e+01,2.091291e+01,2.085715e+01,2.102434e+01,2.094077e+01,2.084320e+01,2.090594e+01,2.105914e+01,2.098953e+01,2.109392e+01,2.105914e+01,2.100345e+01,2.108001e+01,2.108001e+01,2.107305e+01,2.108001e+01,2.107305e+01,2.107305e+01,2.103130e+01,2.096864e+01,2.106609e+01,2.094077e+01,2.090594e+01,2.108001e+01,2.093381e+01,2.103130e+01,2.100345e+01,2.095471e+01,2.101042e+01,2.087806e+01,2.096864e+01,2.091987e+01,2.094077e+01,2.078740e+01,2.080833e+01,2.074553e+01,2.073157e+01,2.071761e+01,2.073157e+01,2.075251e+01,2.068269e+01,2.069666e+01,2.065475e+01,2.070364e+01,2.064776e+01,2.071062e+01,2.062680e+01,2.064776e+01,2.068967e+01,2.058486e+01,2.057088e+01,2.064776e+01,2.059185e+01,2.055690e+01,2.066872e+01,2.066872e+01,2.068269e+01,2.065475e+01,2.058486e+01,2.059884e+01,2.046595e+01,2.065475e+01,2.069666e+01,2.069666e+01,2.074553e+01,2.096864e+01,2.089200e+01,2.098256e+01,2.087109e+01,2.099649e+01,2.076647e+01,2.071062e+01,2.071761e+01,2.069666e+01,2.080135e+01,2.069666e+01,2.084320e+01,2.071062e+01,2.082925e+01,2.076647e+01,2.075251e+01,2.097560e+01,2.080833e+01,2.098953e+01,2.102434e+01,2.104522e+01,2.116345e+01,2.110088e+01,2.117736e+01,2.112869e+01,2.123989e+01,2.116345e+01,2.127461e+01,2.117041e+01,2.123294e+01,2.118431e+01,2.128156e+01,2.135096e+01,2.129544e+01,2.139258e+01,2.133708e+01,2.155890e+01,2.146884e+01,2.146884e+01,2.152427e+01,2.155197e+01,2.157967e+01,2.155197e+01,2.153119e+01,2.166962e+01,2.155890e+01,2.184929e+01,2.164887e+01,2.170420e+01,2.175258e+01,2.192521e+01,2.198039e+01,2.191141e+01,2.195280e+01,2.199418e+01,2.189071e+01,2.206999e+01,2.244821e+01,2.257854e+01,2.283872e+01,2.316642e+01,2.377129e+01,2.440634e+01,2.508439e+01,2.523819e+01,2.545846e+01,2.532502e+01,2.534504e+01,2.481638e+01,2.453423e+01,2.415683e+01,2.375096e+01,2.339791e+01,2.309141e+01,2.296173e+01,2.281136e+01,2.266763e+01,2.220769e+01,2.220769e+01,2.223520e+01,2.209066e+01,2.208377e+01,2.197349e+01,2.188381e+01,2.191831e+01,2.184239e+01,2.187000e+01,2.189071e+01,2.189761e+01,2.190451e+01,2.189071e+01,2.196660e+01,2.186310e+01,2.193901e+01,2.177332e+01,2.198039e+01,2.172494e+01,2.183548e+01,2.173185e+01,2.180095e+01,2.177332e+01,2.180095e+01,2.181476e+01,2.186310e+01,2.177332e+01,2.171802e+01,2.173185e+01,2.166270e+01,2.162811e+01,2.162119e+01,2.155890e+01,2.158659e+01,2.156582e+01,2.153119e+01,2.149656e+01,2.155890e+01,2.149656e+01,2.144805e+01,2.147577e+01,2.144805e+01,2.147577e+01,2.150349e+01,2.155197e+01,2.168345e+01,2.151042e+01,2.166270e+01,2.171802e+01,2.149656e+01,2.169037e+01,2.172494e+01,2.181476e+01,2.188381e+01,2.178713e+01,2.193211e+01,2.198729e+01,2.193901e+01,2.222145e+01,2.215263e+01,2.222833e+01,2.227647e+01,2.222833e+01,2.226959e+01,2.231771e+01,2.233146e+01,2.227647e+01,2.232458e+01,2.237955e+01,2.242762e+01,2.238642e+01,2.231771e+01,2.235207e+01,2.240015e+01,2.242762e+01,2.242762e+01,2.236581e+01,2.242762e+01,2.242075e+01,2.244135e+01,2.248252e+01,2.246880e+01,2.250997e+01,2.240702e+01,2.240702e+01,2.249625e+01,2.242075e+01,2.235207e+01,2.237955e+01,2.238642e+01,2.245507e+01,2.240702e+01,2.239328e+01,2.246194e+01,2.244135e+01,2.244135e+01,2.233146e+01,2.243448e+01,2.244821e+01,2.226959e+01,2.232458e+01,2.223520e+01,2.244135e+01,2.228334e+01,2.226959e+01,2.229022e+01,2.231084e+01,2.228334e+01,2.226959e+01,2.236581e+01,2.229709e+01,2.224896e+01,2.235207e+01,2.222833e+01,2.231771e+01,2.232458e+01,2.234520e+01,2.235207e+01,2.233833e+01,2.228334e+01,2.222833e+01,2.237955e+01,2.229709e+01,2.225584e+01,2.234520e+01,2.235894e+01,2.233833e+01,2.243448e+01,2.241389e+01,2.234520e+01,2.227647e+01,2.233833e+01,2.222833e+01,2.232458e+01,2.229709e+01,2.226959e+01,2.234520e+01,2.235207e+01,2.222145e+01,2.231771e+01,2.222145e+01,2.227647e+01,2.231084e+01,2.233833e+01,2.231771e+01,2.218016e+01,2.216640e+01,2.217328e+01,2.211821e+01,2.213198e+01,2.214575e+01,2.228334e+01,2.213886e+01,2.206310e+01,2.209066e+01,2.206999e+01,2.204932e+01,2.202176e+01,2.209066e+01,2.211132e+01,2.206310e+01
2.210443e+01,2.209755e+01,2.206310e+01,2.206310e+01,2.193901e+01,2.199418e+01,2.195970e+01,2.197349e+01,2.193901e+01,2.188381e+01,2.189071e+01,2.189071e+01,2.184239e+01,2.187691e+01,2.186310e+01,2.184929e+01,2.193211e+01,2.191831e+01,2.193901e+01,2.189761e+01,2.202865e+01,2.199418e+01,2.193901e+01,2.193211e+01,2.193211e+01,2.200107e+01,2.200107e+01,2.198039e+01,2.202865e+01,2.211821e+01,2.215952e+01,2.206310e+01,2.220769e+01,2.211821e+01,2.213198e+01,2.204932e+01,2.215952e+01,2.211821e+01,2.217328e+01,2.208377e+01,2.212509e+01,2.220081e+01,2.204932e+01,2.214575e+01,2.209755e+01,2.207688e+01,2.211821e+01,2.203554e+01,2.206999e+01,2.206310e+01,2.213886e+01,2.219393e+01,2.215952e+01,2.220081e+01,2.205621e+01,2.220769e+01,2.214575e+01,2.218016e+01,2.223520e+01,2.211821e+01,2.222145e+01,2.211132e+01,2.222145e+01,2.240702e+01,2.227647e+01,2.229709e+01,2.226271e+01,2.225584e+01,2.235894e+01,2.222145e+01,2.225584e+01,2.229022e+01,2.235894e+01,2.222833e+01,2.224208e+01,2.237955e+01,2.229022e+01,2.227647e+01,2.229022e+01,2.231084e+01,2.229709e+01,2.233833e+01,2.229022e+01,2.218016e+01,2.226959e+01,2.226959e+01,2.211821e+01,2.223520e+01,2.218705e+01,2.208377e+01,2.218016e+01,2.218016e+01,2.214575e+01,2.216640e+01,2.211132e+01,2.211132e+01,2.208377e+01,2.204243e+01,2.204932e+01,2.202176e+01,2.205621e+01,2.199418e+01,2.206999e+01,2.204243e+01,2.205621e+01,2.204932e+01,2.201486e+01,2.209755e+01,2.202176e+01,2.209755e+01,2.204932e+01,2.201486e+01,2.209755e+01,2.217328e+01,2.216640e+01,2.210443e+01,2.215263e+01,2.213886e+01,2.215952e+01,2.215263e+01,2.216640e+01,2.222145e+01,2.223520e+01,2.218705e+01,2.218705e+01,2.226271e+01,2.233146e+01,2.228334e+01,2.232458e+01,2.233146e+01,2.233146e+01,2.233146e+01,2.228334e+01,2.227647e+01,2.222145e+01,2.220769e+01,2.233146e+01,2.226959e+01,2.224896e+01,2.226959e+01,2.226271e+01,2.221457e+01,2.221457e+01,2.209066e+01,2.210443e+01,2.210443e+01,2.211132e+01,2.201486e+01,2.195280e+01,2.200797e+01,2.195970e+01,2.197349e+01,2.173185e+01,2.198729e+01,2.191831e+01,2.197349e+01,2.170420e+01,2.190451e+01,2.200107e+01,2.179404e+01,2.206310e+01,2.203554e+01,2.206310e+01,2.204932e+01,2.204243e+01,2.206999e+01,2.219393e+01,2.209066e+01,2.215952e+01,2.211821e+01,2.212509e+01,2.213886e+01,2.213886e+01,2.212509e+01,2.204243e+01,2.211821e+01,2.209066e+01,2.209066e+01,2.204243e+01,2.202176e+01,2.199418e+01,2.195280e+01,2.196660e+01,2.191831e+01,2.193211e+01,2.185620e+01,2.185620e+01,2.191141e+01,2.171802e+01,2.180095e+01,2.175949e+01,2.175949e+01,2.183548e+01,2.172494e+01,2.172494e+01,2.165579e+01,2.173876e+01,2.173185e+01,2.168345e+01,2.171802e+01,2.168345e+01,2.153119e+01,2.164887e+01,2.162811e+01,2.161427e+01,2.157274e+01,2.157274e+01,2.148963e+01,2.151734e+01,2.155197e+01,2.160043e+01,2.160735e+01,2.149656e+01,2.169728e+01,2.173185e+01,2.183548e+01,2.204243e+01,2.195280e+01,2.192521e+01,2.205621e+01,2.200107e+01,2.221457e+01,2.218016e+01,2.229709e+01,2.234520e+01,2.236581e+01,2.272925e+01,2.277716e+01,2.292074e+01,2.314597e+01,2.330946e+01,2.341831e+01,2.372384e+01,2.383903e+01,2.407579e+01,2.422433e+01,2.427829e+01,2.446021e+01,2.462836e+01,2.471570e+01,2.476270e+01,2.472913e+01,2.473584e+01,2.453423e+01,2.423107e+01,2.378484e+01,2.335710e+01,2.263337e+01,2.205621e+01,2.164195e+01,2.158659e+01,2.141339e+01,2.149656e+01,2.139258e+01,2.141339e+01,2.169037e+01,2.153119e+01,2.153812e+01,2.148270e+01,2.148270e+01,2.144112e+01,2.146191e+01,2.149656e+01,2.147577e+01,2.150349e+01,2.151042e+01,2.155890e+01,2.153812e+01,2.163503e+01,2.162119e+01,2.150349e+01,2.165579e+01,2.152427e+01,2.153812e+01,2.160043e+01,2.148270e+01,2.155197e+01,2.146191e+01,2.156582e+01,2.140645e+01,2.130932e+01,2.125378e+01,2.127461e+01,2.127461e+01,2.135790e+01,2.133708e+01,2.135790e+01,2.139952e+01,2.153119e+01,2.125378e+01,2.112869e+01,2.095471e+01,2.101042e+01,2.099649e+01,2.101738e+01,2.106609e+01,2.107305e+01,2.107305e+01,2.111479e+01,2.105218e+01,2.098953e+01,2.101042e+01,2.102434e+01,2.107305e+01,2.107305e+01,2.104522e+01,2.105914e+01,2.105914e+01,2.107305e+01,2.103826e+01,2.110088e+01,2.103826e+01,2.103130e+01,2.111479e+01,2.108696e+01,2.110783e+01,2.124683e+01,2.123294e+01,2.111479e+01,2.121210e+01,2.110783e+01,2.109392e+01,2.111479e+01,2.094774e+01,2.110783e+01,2.085017e+01,2.051493e+01,2.054990e+01,2.057088e+01,2.089897e+01,2.091291e+01,2.087109e+01,2.094077e+01,2.091987e+01,2.094077e+01,2.096167e+01,2.088503e+01,2.087806e+01,2.087109e+01,2.088503e+01,2.086412e+01,2.101738e+01,2.091291e+01,2.074553e+01,2.095471e+01,2.096864e+01,2.098953e+01,2.107305e+01,2.098953e+01,2.101738e+01,2.101738e+01,2.104522e+01,2.105914e+01,2.110783e+01,2.104522e+01,2.111479e+01,2.096167e+01,2.105914e+01,2.101042e+01,2.094774e+01,2.098953e+01,2.104522e+01,2.098256e+01,2.097560e+01,2.102434e+01,2.100345e+01,2.094077e+01,2.083623e+01,2.090594e+01,2.080135e+01,2.080135e+01,2.072459e+01,2.086412e+01,2.077344e+01,2.080135e+01,2.066174e+01,2.072459e+01,2.067570e+01,2.071062e+01,2.066174e+01,2.066174e+01,2.059884e+01,2.056389e+01,2.067570e+01,2.064078e+01,2.061981e+01,2.054990e+01,2.057787e+01,2.057088e+01,2.059884e+01,2.061282e+01,2.061981e+01,2.059884e+01,2.057787e+01,2.052192e+01,2.062680e+01,2.063379e+01,2.051493e+01,2.075949e+01,2.085017e+01,2.089200e+01,2.090594e+01,2.089200e+01,2.098953e+01,2.089200e+01,2.082925e+01,2.085715e+01,2.069666e+01,2.065475e+01,2.066872e+01,2.069666e+01,2.068967e+01,2.071062e+01,2.068269e+01,2.076647e+01,2.073855e+01,2.074553e+01,2.094077e+01,2.101042e+01,2.105218e+01,2.119126e+01,2.112869e+01,2.108696e+01,2.114955e+01,2.110783e+01,2.112869e+01,2.120515e+01,2.123294e+01,2.125378e+01,2.117041e+01,2.125378e+01,2.131626e+01,2.127461e+01,2.130932e+01,2.133708e+01,2.131626e+01,2.144805e+01,2.131626e+01,2.142032e+01,2.133708e+01,2.151734e+01,2.144805e+01,2.154505e+01,2.150349e+01,2.156582e+01,2.162811e+01,2.157967e+01,2.157274e+01,2.151734e+01,2.163503e+01,2.160735e+01,2.163503e+01,2.183548e+01,2.170420e+01,2.191141e+01,2.168345e+01,2.171111e+01,2.180786e+01,2.202176e+01,2.206310e+01,2.246880e+01,2.262652e+01,2.307777e+01,2.374418e+01,2.468884e+01,2.519140e+01,2.549846e+01,2.562503e+01,2.541177e+01,2.527827e+01,2.491697e+01,2.449386e+01,2.412307e+01,2.382549e+01,2.338431e+01,2.315278e+01,2.287974e+01,2.254426e+01,2.240015e+01,2.244135e+01,2.226271e+01,2.205621e+01,2.202176e+01,2.200797e+01,2.190451e+01,2.195970e+01,2.186310e+01,2.191831e+01,2.188381e+01,2.187691e+01,2.193211e+01,2.186310e+01,2.187691e+01,2.187000e+01,2.177332e+01,2.191141e+01,2.183548e+01,2.184239e+01,2.185620e+01,2.182167e+01,2.190451e+01,2.187000e+01,2.195280e+01,2.178022e+01,2.177332e+01,2.175949e+01,2.176641e+01,2.172494e+01,2.164195e+01,2.164887e+01,2.160043e+01,2.152427e+01,2.155890e+01,2.135096e+01,2.150349e+01,2.140645e+01,2.153812e+01,2.149656e+01,2.144805e+01,2.148270e+01,2.158659e+01,2.146191e+01,2.143419e+01,2.146884e+01,2.146191e+01,2.162119e+01,2.160043e+01,2.162119e+01,2.163503e+01,2.166962e+01,2.173876e+01,2.179404e+01,2.197349e+01,2.195280e+01,2.202176e+01,2.195280e+01,2.204932e+01,2.213886e+01,2.218016e+01,2.215263e+01,2.220081e+01,2.228334e+01,2.231771e+01,2.229709e+01,2.231771e+01,2.230396e+01,2.236581e+01,2.242762e+01,2.232458e+01,2.243448e+01,2.243448e+01,2.236581e+01,2.239328e+01,2.247566e+01,2.240015e+01,2.239328e+01,2.241389e+01,2.236581e+01,2.247566e+01,2.246194e+01,2.244821e+01,2.242075e+01,2.237955e+01,2.240702e+01,2.244135e+01,2.241389e+01,2.240702e+01,2.250997e+01,2.240702e+01,2.238642e+01,2.249625e+01,2.242762e+01,2.241389e+01,2.240702e+01,2.241389e+01,2.232458e+01,2.233146e+01,2.226959e+01,2.222833e+01,2.235207e+01,2.237955e+01,2.240015e+01,2.229709e+01,2.226959e+01,2.229709e+01,2.230396e+01,2.232458e+01,2.255798e+01,2.229022e+01,2.226959e+01,2.235207e+01,2.235207e+01,2.228334e+01,2.233833e+01,2.233833e+01,2.231084e+01,2.224208e+01,2.231771e+01,2.229022e+01,2.235894e+01,2.237955e+01,2.240015e+01,2.226271e+01,2.239328e+01,2.221457e+01,2.224896e+01,2.234520e+01,2.237955e+01,2.226271e+01,2.237268e+01,2.233833e+01,2.224208e+01,2.234520e+01,2.225584e+01,2.222833e+01,2.229709e+01,2.228334e+01,2.228334e+01,2.234520e+01,2.228334e+01,2.236581e+01,2.221457e+01,2.222833e+01,2.213198e+01,2.202176e+01,2.232458e+01,2.218016e+01,2.215952e+01,2.221457e+01,2.223520e+01,2.203554e+01,2.218016e+01,2.205621e+01,2.219393e+01,2.202865e+01,2.209755e+01,2.200107e+01,2.207688e+01,2.204932e+01,2.180786e+01
2.210443e+01,2.207688e+01,2.202865e+01,2.205621e+01,2.206310e+01,2.201486e+01,2.195280e+01,2.193211e+01,2.190451e+01,2.207688e+01,2.189761e+01,2.191141e+01,2.187000e+01,2.184239e+01,2.191141e+01,2.193901e+01,2.187000e+01,2.178713e+01,2.182858e+01,2.178022e+01,2.185620e+01,2.196660e+01,2.190451e+01,2.205621e+01,2.200107e+01,2.200797e+01,2.199418e+01,2.200107e+01,2.198729e+01,2.216640e+01,2.211821e+01,2.198729e+01,2.215263e+01,2.213198e+01,2.212509e+01,2.206999e+01,2.216640e+01,2.206999e+01,2.210443e+01,2.212509e+01,2.223520e+01,2.206310e+01,2.209755e+01,2.203554e+01,2.211821e+01,2.211132e+01,2.213886e+01,2.222145e+01,2.217328e+01,2.213198e+01,2.220769e+01,2.220081e+01,2.217328e+01,2.222145e+01,2.211132e+01,2.212509e+01,2.217328e+01,2.221457e+01,2.218705e+01,2.224896e+01,2.224208e+01,2.226959e+01,2.229022e+01,2.231084e+01,2.230396e+01,2.224896e+01,2.233146e+01,2.227647e+01,2.234520e+01,2.229709e+01,2.229709e+01,2.238642e+01,2.233833e+01,2.232458e+01,2.235207e+01,2.229709e+01,2.227647e+01,2.228334e+01,2.218705e+01,2.231084e+01,2.233146e+01,2.230396e+01,2.226959e+01,2.209755e+01,2.226959e+01,2.227647e+01,2.219393e+01,2.229022e+01,2.213886e+01,2.218016e+01,2.219393e+01,2.216640e+01,2.220081e+01,2.213886e+01,2.211821e+01,2.214575e+01,2.213886e+01,2.215952e+01,2.214575e+01,2.207688e+01,2.205621e+01,2.209066e+01,2.205621e+01,2.206999e+01,2.206310e+01,2.204932e+01,2.209755e+01,2.211821e+01,2.209755e+01,2.206310e+01,2.212509e+01,2.215952e+01,2.208377e+01,2.211132e+01,2.209066e+01,2.219393e+01,2.218016e+01,2.221457e+01,2.221457e+01,2.229709e+01,2.224896e+01,2.222145e+01,2.225584e+01,2.237268e+01,2.235894e+01,2.234520e+01,2.234520e+01,2.231084e+01,2.230396e+01,2.230396e+01,2.216640e+01,2.222145e+01,2.231084e+01,2.235894e+01,2.226959e+01,2.227647e+01,2.224896e+01,2.225584e+01,2.223520e+01,2.233833e+01,2.215952e+01,2.210443e+01,2.209066e+01,2.206310e+01,2.206999e+01,2.206310e+01,2.212509e+01,2.205621e+01,2.195280e+01,2.209066e+01,2.195970e+01,2.195970e+01,2.196660e+01,2.196660e+01,2.198729e+01,2.199418e+01,2.197349e+01,2.206310e+01,2.200797e+01,2.198729e+01,2.208377e+01,2.201486e+01,2.210443e+01,2.211132e+01,2.220081e+01,2.213886e+01,2.222145e+01,2.220081e+01,2.218016e+01,2.209755e+01,2.212509e+01,2.214575e+01,2.210443e+01,2.211132e+01,2.212509e+01,2.211821e+01,2.213198e+01,2.211821e+01,2.210443e+01,2.228334e+01,2.195280e+01,2.196660e+01,2.193901e+01,2.195280e+01,2.191831e+01,2.183548e+01,2.182167e+01,2.182167e+01,2.184239e+01,2.181476e+01,2.174567e+01,2.186310e+01,2.178713e+01,2.178022e+01,2.184239e+01,2.165579e+01,2.173185e+01,2.174567e+01,2.163503e+01,2.167654e+01,2.157274e+01,2.164195e+01,2.153119e+01,2.157967e+01,2.163503e+01,2.158659e+01,2.157274e+01,2.155890e+01,2.151734e+01,2.146191e+01,2.153812e+01,2.153119e+01,2.148270e+01,2.165579e+01,2.170420e+01,2.171111e+01,2.198039e+01,2.189071e+01,2.212509e+01,2.209755e+01,2.209755e+01,2.216640e+01,2.229709e+01,2.229709e+01,2.252369e+01,2.275663e+01,2.274978e+01,2.286607e+01,2.311869e+01,2.328904e+01,2.350667e+01,2.378484e+01,2.388643e+01,2.428503e+01,2.445347e+01,2.446694e+01,2.470227e+01,2.473584e+01,2.484992e+01,2.501076e+01,2.498397e+01,2.498397e+01,2.472913e+01,2.441307e+01,2.377129e+01,2.337070e+01,2.288657e+01,2.229022e+01,2.204932e+01,2.175949e+01,2.157967e+01,2.153119e+01,2.153119e+01,2.139258e+01,2.136484e+01,2.151042e+01,2.148270e+01,2.148270e+01,2.145498e+01,2.146884e+01,2.151042e+01,2.155197e+01,2.157967e+01,2.156582e+01,2.155890e+01,2.154505e+01,2.156582e+01,2.149656e+01,2.153812e+01,2.153812e+01,2.151042e+01,2.153119e+01,2.163503e+01,2.163503e+01,2.150349e+01,2.157274e+01,2.160043e+01,2.160735e+01,2.146884e+01,2.155890e+01,2.151734e+01,2.148963e+01,2.131626e+01,2.139258e+01,2.135096e+01,2.146884e+01,2.147577e+01,2.137871e+01,2.137177e+01,2.139952e+01,2.135096e+01,2.101738e+01,2.102434e+01,2.112869e+01,2.103826e+01,2.096167e+01,2.108001e+01,2.103826e+01,2.108001e+01,2.110088e+01,2.106609e+01,2.103826e+01,2.112869e+01,2.107305e+01,2.101042e+01,2.112174e+01,2.106609e+01,2.111479e+01,2.105218e+01,2.110088e+01,2.108001e+01,2.106609e+01,2.110088e+01,2.108696e+01,2.110088e+01,2.105914e+01,2.115650e+01,2.110783e+01,2.115650e+01,2.116345e+01,2.116345e+01,2.122600e+01,2.110783e+01,2.111479e+01,2.107305e+01,2.089897e+01,2.059185e+01,2.057088e+01,2.086412e+01,2.090594e+01,2.086412e+01,2.093381e+01,2.088503e+01,2.092684e+01,2.087806e+01,2.095471e+01,2.082228e+01,2.090594e+01,2.090594e+01,2.091291e+01,2.092684e+01,2.101738e+01,2.100345e+01,2.105914e+01,2.103130e+01,2.096167e+01,2.104522e+01,2.108001e+01,2.103826e+01,2.101738e+01,2.111479e+01,2.105914e+01,2.112869e+01,2.108696e+01,2.098953e+01,2.105914e+01,2.114260e+01,2.106609e+01,2.092684e+01,2.093381e+01,2.092684e+01,2.104522e+01,2.103130e+01,2.102434e+01,2.096167e+01,2.103826e+01,2.093381e+01,2.093381e+01,2.083623e+01,2.089897e+01,2.089897e+01,2.086412e+01,2.077344e+01,2.078042e+01,2.074553e+01,2.072459e+01,2.065475e+01,2.064776e+01,2.073855e+01,2.068967e+01,2.066872e+01,2.064776e+01,2.067570e+01,2.061981e+01,2.068269e+01,2.064776e+01,2.061981e+01,2.055690e+01,2.061282e+01,2.066174e+01,2.061981e+01,2.061981e+01,2.054291e+01,2.050094e+01,2.048694e+01,2.051493e+01,2.049394e+01,2.064776e+01,2.078740e+01,2.068269e+01,2.093381e+01,2.082228e+01,2.085017e+01,2.090594e+01,2.082228e+01,2.083623e+01,2.074553e+01,2.071761e+01,2.068967e+01,2.064776e+01,2.066872e+01,2.067570e+01,2.069666e+01,2.061981e+01,2.077344e+01,2.075251e+01,2.079438e+01,2.090594e+01,2.103826e+01,2.107305e+01,2.114260e+01,2.114955e+01,2.119126e+01,2.120515e+01,2.108001e+01,2.119126e+01,2.121210e+01,2.116345e+01,2.121210e+01,2.125378e+01,2.121905e+01,2.121905e+01,2.120515e+01,2.128850e+01,2.128156e+01,2.127461e+01,2.137177e+01,2.130238e+01,2.130932e+01,2.135096e+01,2.148963e+01,2.142725e+01,2.152427e+01,2.151734e+01,2.142032e+01,2.155890e+01,2.155890e+01,2.144805e+01,2.153812e+01,2.139258e+01,2.164887e+01,2.151042e+01,2.170420e+01,2.181476e+01,2.164195e+01,2.159351e+01,2.160043e+01,2.160735e+01,2.187691e+01,2.200797e+01,2.202176e+01,2.213886e+01,2.267447e+01,2.324818e+01,2.419059e+01,2.491026e+01,2.545846e+01,2.559173e+01,2.562503e+01,2.549846e+01,2.515797e+01,2.489015e+01,2.458131e+01,2.412983e+01,2.365602e+01,2.326180e+01,2.311187e+01,2.283188e+01,2.259911e+01,2.248252e+01,2.244821e+01,2.223520e+01,2.216640e+01,2.193211e+01,2.200107e+01,2.192521e+01,2.192521e+01,2.186310e+01,2.189761e+01,2.190451e+01,2.191831e+01,2.200107e+01,2.191141e+01,2.190451e+01,2.184929e+01,2.189071e+01,2.187000e+01,2.180095e+01,2.182167e+01,2.181476e+01,2.186310e+01,2.184929e+01,2.192521e+01,2.180095e+01,2.184929e+01,2.176641e+01,2.183548e+01,2.166270e+01,2.166962e+01,2.176641e+01,2.165579e+01,2.157274e+01,2.156582e+01,2.154505e+01,2.152427e+01,2.157274e+01,2.142032e+01,2.144112e+01,2.151042e+01,2.145498e+01,2.157967e+01,2.152427e+01,2.151042e+01,2.150349e+01,2.150349e+01,2.147577e+01,2.157967e+01,2.162811e+01,2.162119e+01,2.166270e+01,2.180095e+01,2.191831e+01,2.177332e+01,2.195970e+01,2.193901e+01,2.204932e+01,2.200797e+01,2.219393e+01,2.213886e+01,2.220769e+01,2.204932e+01,2.232458e+01,2.231771e+01,2.234520e+01,2.228334e+01,2.225584e+01,2.226271e+01,2.242075e+01,2.234520e+01,2.238642e+01,2.238642e+01,2.242762e+01,2.242075e+01,2.226959e+01,2.232458e+01,2.233833e+01,2.234520e+01,2.251683e+01,2.238642e+01,2.242762e+01,2.246194e+01,2.250311e+01,2.241389e+01,2.242075e+01,2.242075e+01,2.244135e+01,2.246194e+01,2.243448e+01,2.248252e+01,2.244135e+01,2.240702e+01,2.242075e+01,2.235894e+01,2.246194e+01,2.244821e+01,2.244135e+01,2.224896e+01,2.226959e+01,2.233146e+01,2.235894e+01,2.235207e+01,2.242762e+01,2.230396e+01,2.216640e+01,2.235207e+01,2.224208e+01,2.233146e+01,2.229022e+01,2.235207e+01,2.249625e+01,2.226959e+01,2.237268e+01,2.220769e+01,2.229022e+01,2.233146e+01,2.240015e+01,2.245507e+01,2.230396e+01,2.230396e+01,2.235207e+01,2.229709e+01,2.235207e+01,2.235894e+01,2.237268e+01,2.236581e+01,2.236581e+01,2.228334e+01,2.242762e+01,2.237955e+01,2.235894e+01,2.233146e+01,2.233833e+01,2.243448e+01,2.243448e+01,2.226271e+01,2.229709e+01,2.236581e+01,2.238642e+01,2.229709e+01,2.229022e+01,2.234520e+01,2.230396e+01,2.221457e+01,2.235207e+01,2.237955e+01,2.235894e+01,2.233833e+01,2.235894e+01,2.237955e+01,2.213886e+01,2.214575e+01,2.215952e+01,2.214575e+01,2.215952e+01,2.205621e+01,2.227647e+01,2.212509e+01,2.209755e+01,2.206310e+01,2.206999e+01
2.224208e+01,2.207688e+01,2.196660e+01,2.204932e+01,2.205621e+01,2.198729e+01,2.206310e+01,2.192521e+01,2.189761e+01,2.187691e+01,2.190451e+01,2.188381e+01,2.190451e+01,2.187691e+01,2.186310e+01,2.180095e+01,2.194591e+01,2.181476e+01,2.184929e+01,2.187691e+01,2.205621e+01,2.198039e+01,2.190451e+01,2.200107e+01,2.202176e+01,2.197349e+01,2.198729e+01,2.200797e+01,2.202176e+01,2.210443e+01,2.212509e+01,2.199418e+01,2.224208e+01,2.202865e+01,2.213198e+01,2.216640e+01,2.216640e+01,2.204243e+01,2.218705e+01,2.213886e+01,2.211821e+01,2.220081e+01,2.215952e+01,2.203554e+01,2.218016e+01,2.227647e+01,2.220081e+01,2.218705e+01,2.213886e+01,2.220769e+01,2.218705e+01,2.220769e+01,2.209755e+01,2.205621e+01,2.217328e+01,2.220769e+01,2.218705e+01,2.222145e+01,2.227647e+01,2.216640e+01,2.222145e+01,2.220769e+01,2.238642e+01,2.224208e+01,2.226271e+01,2.220769e+01,2.221457e+01,2.227647e+01,2.228334e+01,2.246880e+01,2.229709e+01,2.245507e+01,2.225584e+01,2.232458e+01,2.233146e+01,2.230396e+01,2.224208e+01,2.224896e+01,2.226959e+01,2.229709e+01,2.231771e+01,2.220081e+01,2.229022e+01,2.222145e+01,2.209755e+01,2.220081e+01,2.214575e+01,2.220081e+01,2.214575e+01,2.220081e+01,2.213198e+01,2.216640e+01,2.216640e+01,2.219393e+01,2.219393e+01,2.213198e+01,2.213198e+01,2.214575e+01,2.206310e+01,2.205621e+01,2.206999e+01,2.205621e+01,2.209066e+01,2.206310e+01,2.198729e+01,2.211821e+01,2.213886e+01,2.213198e+01,2.210443e+01,2.207688e+01,2.214575e+01,2.215952e+01,2.211821e+01,2.216640e+01,2.218705e+01,2.215263e+01,2.222145e+01,2.215263e+01,2.217328e+01,2.218705e+01,2.232458e+01,2.219393e+01,2.224896e+01,2.239328e+01,2.236581e+01,2.221457e+01,2.235894e+01,2.227647e+01,2.225584e+01,2.226271e+01,2.233146e+01,2.228334e+01,2.226959e+01,2.231084e+01,2.226271e+01,2.225584e+01,2.235894e+01,2.224208e+01,2.224896e+01,2.209066e+01,2.207688e+01,2.209755e+01,2.207688e+01,2.206310e+01,2.195970e+01,2.204243e+01,2.195280e+01,2.201486e+01,2.200797e+01,2.197349e+01,2.206310e+01,2.206999e+01,2.200107e+01,2.197349e+01,2.197349e+01,2.196660e+01,2.203554e+01,2.200797e+01,2.205621e+01,2.201486e+01,2.206999e+01,2.209066e+01,2.213198e+01,2.204932e+01,2.204932e+01,2.216640e+01,2.204932e+01,2.220081e+01,2.219393e+01,2.207688e+01,2.215952e+01,2.214575e+01,2.209066e+01,2.209755e+01,2.209755e+01,2.210443e+01,2.209066e+01,2.207688e+01,2.205621e+01,2.203554e+01,2.199418e+01,2.199418e+01,2.195970e+01,2.196660e+01,2.189761e+01,2.190451e+01,2.185620e+01,2.184929e+01,2.183548e+01,2.184929e+01,2.182858e+01,2.178713e+01,2.180095e+01,2.178022e+01,2.177332e+01,2.173876e+01,2.173185e+01,2.167654e+01,2.164195e+01,2.166270e+01,2.162811e+01,2.163503e+01,2.165579e+01,2.151734e+01,2.162811e+01,2.154505e+01,2.149656e+01,2.150349e+01,2.153119e+01,2.143419e+01,2.123294e+01,2.127461e+01,2.126072e+01,2.135790e+01,2.141339e+01,2.142032e+01,2.169728e+01,2.171802e+01,2.199418e+01,2.214575e+01,2.218705e+01,2.207688e+01,2.224208e+01,2.240015e+01,2.272241e+01,2.276347e+01,2.305730e+01,2.322775e+01,2.340471e+01,2.357458e+01,2.385258e+01,2.408930e+01,2.426480e+01,2.443328e+01,2.471570e+01,2.492367e+01,2.511784e+01,2.525155e+01,2.519140e+01,2.531166e+01,2.502415e+01,2.458803e+01,2.406227e+01,2.321412e+01,2.252369e+01,2.225584e+01,2.205621e+01,2.182167e+01,2.177332e+01,2.181476e+01,2.181476e+01,2.157967e+01,2.151042e+01,2.151734e+01,2.153812e+01,2.149656e+01,2.153119e+01,2.146884e+01,2.148963e+01,2.142725e+01,2.148963e+01,2.144112e+01,2.167654e+01,2.158659e+01,2.155890e+01,2.151734e+01,2.157967e+01,2.165579e+01,2.160735e+01,2.162119e+01,2.164195e+01,2.165579e+01,2.151734e+01,2.162811e+01,2.155197e+01,2.162811e+01,2.163503e+01,2.153119e+01,2.160043e+01,2.157967e+01,2.155890e+01,2.153812e+01,2.151042e+01,2.133708e+01,2.137177e+01,2.137177e+01,2.139952e+01,2.153812e+01,2.137871e+01,2.136484e+01,2.135790e+01,2.111479e+01,2.122600e+01,2.103130e+01,2.103826e+01,2.098256e+01,2.101738e+01,2.102434e+01,2.103826e+01,2.104522e+01,2.101042e+01,2.108696e+01,2.106609e+01,2.110783e+01,2.103826e+01,2.108696e+01,2.111479e+01,2.107305e+01,2.105218e+01,2.110783e+01,2.112174e+01,2.110088e+01,2.109392e+01,2.103130e+01,2.109392e+01,2.106609e+01,2.091291e+01,2.113565e+01,2.124683e+01,2.119820e+01,2.121210e+01,2.110783e+01,2.110088e+01,2.110783e+01,2.087806e+01,2.059884e+01,2.085017e+01,2.084320e+01,2.088503e+01,2.080135e+01,2.093381e+01,2.089897e+01,2.091291e+01,2.085017e+01,2.091987e+01,2.089897e+01,2.097560e+01,2.084320e+01,2.089200e+01,2.091291e+01,2.089897e+01,2.095471e+01,2.108001e+01,2.107305e+01,2.101738e+01,2.098953e+01,2.104522e+01,2.101738e+01,2.104522e+01,2.107305e+01,2.107305e+01,2.105914e+01,2.106609e+01,2.107305e+01,2.108696e+01,2.101738e+01,2.100345e+01,2.101738e+01,2.103130e+01,2.094774e+01,2.101042e+01,2.098953e+01,2.105218e+01,2.101738e+01,2.102434e+01,2.094774e+01,2.101042e+01,2.096864e+01,2.092684e+01,2.088503e+01,2.093381e+01,2.083623e+01,2.083623e+01,2.081530e+01,2.083623e+01,2.071761e+01,2.074553e+01,2.071761e+01,2.070364e+01,2.073157e+01,2.073157e+01,2.068269e+01,2.057787e+01,2.061282e+01,2.060583e+01,2.065475e+01,2.064776e+01,2.061981e+01,2.056389e+01,2.059884e+01,2.066174e+01,2.061282e+01,2.063379e+01,2.059884e+01,2.060583e+01,2.052892e+01,2.054990e+01,2.060583e+01,2.068967e+01,2.080135e+01,2.068967e+01,2.089200e+01,2.096167e+01,2.079438e+01,2.082925e+01,2.079438e+01,2.082925e+01,2.067570e+01,2.065475e+01,2.059884e+01,2.067570e+01,2.060583e+01,2.073157e+01,2.075251e+01,2.070364e+01,2.081530e+01,2.108001e+01,2.101738e+01,2.094774e+01,2.112869e+01,2.105914e+01,2.117041e+01,2.115650e+01,2.126072e+01,2.119126e+01,2.120515e+01,2.119820e+01,2.121210e+01,2.127461e+01,2.123294e+01,2.128156e+01,2.123989e+01,2.121210e+01,2.118431e+01,2.121905e+01,2.128850e+01,2.126072e+01,2.129544e+01,2.128156e+01,2.128850e+01,2.130238e+01,2.142725e+01,2.152427e+01,2.152427e+01,2.150349e+01,2.154505e+01,2.146191e+01,2.153119e+01,2.148963e+01,2.148963e+01,2.141339e+01,2.164195e+01,2.157274e+01,2.150349e+01,2.148963e+01,2.158659e+01,2.154505e+01,2.153119e+01,2.166270e+01,2.160043e+01,2.191831e+01,2.195970e+01,2.226271e+01,2.292757e+01,2.353384e+01,2.446021e+01,2.511784e+01,2.553844e+01,2.562503e+01,2.558507e+01,2.553178e+01,2.519140e+01,2.486333e+01,2.452750e+01,2.410281e+01,2.371028e+01,2.323456e+01,2.315278e+01,2.287290e+01,2.255798e+01,2.248939e+01,2.222833e+01,2.216640e+01,2.195970e+01,2.202176e+01,2.187691e+01,2.184239e+01,2.191141e+01,2.191141e+01,2.185620e+01,2.190451e+01,2.199418e+01,2.175258e+01,2.193901e+01,2.198729e+01,2.187000e+01,2.187691e+01,2.189071e+01,2.182858e+01,2.184929e+01,2.184929e+01,2.184929e+01,2.184929e+01,2.176641e+01,2.180095e+01,2.184239e+01,2.175258e+01,2.178022e+01,2.175949e+01,2.164887e+01,2.171802e+01,2.157967e+01,2.166270e+01,2.154505e+01,2.147577e+01,2.172494e+01,2.146191e+01,2.148270e+01,2.166962e+01,2.146884e+01,2.155890e+01,2.153119e+01,2.146884e+01,2.155890e+01,2.152427e+01,2.154505e+01,2.158659e+01,2.166270e+01,2.169037e+01,2.169728e+01,2.176641e+01,2.178713e+01,2.182167e+01,2.196660e+01,2.190451e+01,2.204243e+01,2.197349e+01,2.210443e+01,2.224896e+01,2.227647e+01,2.214575e+01,2.229709e+01,2.227647e+01,2.228334e+01,2.233833e+01,2.241389e+01,2.231084e+01,2.236581e+01,2.240015e+01,2.244821e+01,2.239328e+01,2.241389e+01,2.239328e+01,2.242075e+01,2.236581e+01,2.236581e+01,2.240015e+01,2.234520e+01,2.248939e+01,2.240015e+01,2.246880e+01,2.237268e+01,2.240015e+01,2.243448e+01,2.237268e+01,2.237955e+01,2.246194e+01,2.232458e+01,2.243448e+01,2.240015e+01,2.244135e+01,2.242762e+01,2.243448e+01,2.242075e+01,2.241389e+01,2.225584e+01,2.235207e+01,2.222833e+01,2.222145e+01,2.237955e+01,2.224208e+01,2.218016e+01,2.232458e+01,2.236581e+01,2.230396e+01,2.233146e+01,2.240702e+01,2.233146e+01,2.236581e+01,2.225584e+01,2.223520e+01,2.231084e+01,2.229709e+01,2.240015e+01,2.225584e+01,2.234520e+01,2.243448e+01,2.228334e+01,2.229022e+01,2.233833e+01,2.229022e+01,2.225584e+01,2.237955e+01,2.232458e+01,2.241389e+01,2.240015e+01,2.231771e+01,2.237268e+01,2.242075e+01,2.235207e+01,2.235894e+01,2.243448e+01,2.231084e+01,2.231084e+01,2.229709e+01,2.236581e+01,2.229709e+01,2.234520e+01,2.231084e+01,2.226959e+01,2.229022e+01,2.224896e+01,2.239328e+01,2.235207e+01,2.235207e+01,2.239328e+01,2.235207e+01,2.215952e+01,2.233833e+01,2.214575e+01,2.214575e+01,2.226271e+01,2.213198e+01,2.221457e+01,2.212509e+01,2.215263e+01,2.209755e+01,2.209066e+01,2.209755e+01,2.211821e+01
2.211821e+01,2.209755e+01,2.194591e+01,2.194591e+01,2.198039e+01,2.183548e+01,2.189761e+01,2.184929e+01,2.187691e+01,2.188381e+01,2.189761e+01,2.189071e+01,2.189071e+01,2.191141e+01,2.176641e+01,2.190451e+01,2.180786e+01,2.184239e+01,2.184239e+01,2.191141e+01,2.187691e+01,2.187000e+01,2.185620e+01,2.198039e+01,2.201486e+01,2.198729e+01,2.197349e+01,2.194591e+01,2.199418e+01,2.196660e+01,2.206310e+01,2.214575e+01,2.205621e+01,2.201486e+01,2.203554e+01,2.205621e+01,2.211821e+01,2.209066e+01,2.213886e+01,2.215263e+01,2.220081e+01,2.214575e+01,2.211132e+01,2.213198e+01,2.208377e+01,2.216640e+01,2.211821e+01,2.220769e+01,2.215263e+01,2.213886e+01,2.222833e+01,2.224208e+01,2.205621e+01,2.202176e+01,2.222833e+01,2.206310e+01,2.222833e+01,2.218705e+01,2.221457e+01,2.224208e+01,2.219393e+01,2.220081e+01,2.225584e+01,2.221457e+01,2.221457e+01,2.227647e+01,2.214575e+01,2.234520e+01,2.234520e+01,2.233146e+01,2.237268e+01,2.227647e+01,2.231084e+01,2.224896e+01,2.235894e+01,2.224896e+01,2.226271e+01,2.225584e+01,2.227647e+01,2.229022e+01,2.229709e+01,2.229022e+01,2.211821e+01,2.218016e+01,2.222145e+01,2.218705e+01,2.211821e+01,2.226959e+01,2.214575e+01,2.217328e+01,2.215263e+01,2.204243e+01,2.215263e+01,2.212509e+01,2.187691e+01,2.204243e+01,2.197349e+01,2.199418e+01,2.209066e+01,2.208377e+01,2.206999e+01,2.200797e+01,2.200797e+01,2.202176e+01,2.203554e+01,2.201486e+01,2.199418e+01,2.212509e+01,2.212509e+01,2.213198e+01,2.209755e+01,2.211132e+01,2.218016e+01,2.222145e+01,2.224208e+01,2.213198e+01,2.215952e+01,2.215263e+01,2.220081e+01,2.223520e+01,2.227647e+01,2.226959e+01,2.226271e+01,2.220769e+01,2.225584e+01,2.222145e+01,2.226959e+01,2.225584e+01,2.229709e+01,2.234520e+01,2.229709e+01,2.231771e+01,2.235207e+01,2.205621e+01,2.225584e+01,2.213886e+01,2.221457e+01,2.209066e+01,2.209066e+01,2.209066e+01,2.205621e+01,2.204932e+01,2.206310e+01,2.206999e+01,2.212509e+01,2.204932e+01,2.196660e+01,2.205621e+01,2.206310e+01,2.209755e+01,2.206999e+01,2.203554e+01,2.200107e+01,2.206310e+01,2.205621e+01,2.198729e+01,2.191831e+01,2.204243e+01,2.202176e+01,2.201486e+01,2.204243e+01,2.208377e+01,2.207688e+01,2.200797e+01,2.203554e+01,2.206310e+01,2.197349e+01,2.215952e+01,2.209066e+01,2.206310e+01,2.210443e+01,2.209066e+01,2.211132e+01,2.211821e+01,2.210443e+01,2.206999e+01,2.206310e+01,2.206310e+01,2.206310e+01,2.211821e+01,2.193211e+01,2.195970e+01,2.201486e+01,2.193901e+01,2.191141e+01,2.189761e+01,2.187691e+01,2.182858e+01,2.169037e+01,2.180095e+01,2.166962e+01,2.177332e+01,2.176641e+01,2.179404e+01,2.179404e+01,2.166962e+01,2.173185e+01,2.164887e+01,2.167654e+01,2.166962e+01,2.168345e+01,2.152427e+01,2.162119e+01,2.121210e+01,2.137871e+01,2.148270e+01,2.135790e+01,2.140645e+01,2.144805e+01,2.118431e+01,2.117041e+01,2.120515e+01,2.111479e+01,2.122600e+01,2.103826e+01,2.121210e+01,2.134402e+01,2.156582e+01,2.163503e+01,2.213198e+01,2.218016e+01,2.233833e+01,2.238642e+01,2.274294e+01,2.273610e+01,2.303000e+01,2.318686e+01,2.332307e+01,2.356101e+01,2.377807e+01,2.412983e+01,2.432548e+01,2.472913e+01,2.475598e+01,2.492367e+01,2.511784e+01,2.533837e+01,2.536507e+01,2.535172e+01,2.514460e+01,2.380517e+01,2.267447e+01,2.224896e+01,2.179404e+01,2.156582e+01,2.160735e+01,2.158659e+01,2.160043e+01,2.157274e+01,2.157967e+01,2.154505e+01,2.156582e+01,2.151734e+01,2.152427e+01,2.145498e+01,2.142032e+01,2.151042e+01,2.157967e+01,2.155197e+01,2.164195e+01,2.157274e+01,2.155890e+01,2.153812e+01,2.154505e+01,2.153812e+01,2.152427e+01,2.157274e+01,2.157967e+01,2.153812e+01,2.160043e+01,2.162811e+01,2.161427e+01,2.160735e+01,2.165579e+01,2.156582e+01,2.164195e+01,2.155197e+01,2.160735e+01,2.153812e+01,2.151734e+01,2.159351e+01,2.155197e+01,2.146884e+01,2.149656e+01,2.137871e+01,2.137177e+01,2.145498e+01,2.140645e+01,2.151734e+01,2.136484e+01,2.125378e+01,2.117736e+01,2.126072e+01,2.113565e+01,2.107305e+01,2.104522e+01,2.103130e+01,2.100345e+01,2.101738e+01,2.101042e+01,2.094077e+01,2.088503e+01,2.103826e+01,2.108001e+01,2.102434e+01,2.098256e+01,2.101738e+01,2.106609e+01,2.107305e+01,2.109392e+01,2.101042e+01,2.109392e+01,2.102434e+01,2.109392e+01,2.109392e+01,2.103130e+01,2.108696e+01,2.112869e+01,2.119820e+01,2.119820e+01,2.118431e+01,2.109392e+01,2.107305e+01,2.084320e+01,2.082925e+01,2.083623e+01,2.084320e+01,2.081530e+01,2.091987e+01,2.090594e+01,2.083623e+01,2.089200e+01,2.091987e+01,2.082228e+01,2.082925e+01,2.084320e+01,2.091987e+01,2.083623e+01,2.089200e+01,2.090594e+01,2.088503e+01,2.096864e+01,2.094774e+01,2.096864e+01,2.098953e+01,2.102434e+01,2.098953e+01,2.103826e+01,2.108696e+01,2.105218e+01,2.098256e+01,2.102434e+01,2.101738e+01,2.104522e+01,2.103130e+01,2.096864e+01,2.097560e+01,2.098953e+01,2.088503e+01,2.094077e+01,2.091987e+01,2.091291e+01,2.094077e+01,2.103826e+01,2.094077e+01,2.089897e+01,2.094077e+01,2.092684e+01,2.083623e+01,2.092684e+01,2.089200e+01,2.081530e+01,2.073855e+01,2.082925e+01,2.082925e+01,2.082228e+01,2.071062e+01,2.068967e+01,2.066872e+01,2.068967e+01,2.064078e+01,2.057787e+01,2.056389e+01,2.062680e+01,2.060583e+01,2.063379e+01,2.061981e+01,2.050094e+01,2.038893e+01,2.059884e+01,2.063379e+01,2.057088e+01,2.052892e+01,2.050094e+01,2.047994e+01,2.058486e+01,2.050793e+01,2.047295e+01,2.064776e+01,2.067570e+01,2.073157e+01,2.089200e+01,2.073157e+01,2.082228e+01,2.080135e+01,2.059884e+01,2.060583e+01,2.062680e+01,2.061282e+01,2.069666e+01,2.062680e+01,2.063379e+01,2.061981e+01,2.078042e+01,2.070364e+01,2.101738e+01,2.096167e+01,2.109392e+01,2.108001e+01,2.108001e+01,2.111479e+01,2.119126e+01,2.117736e+01,2.120515e+01,2.120515e+01,2.116345e+01,2.121210e+01,2.119820e+01,2.119820e+01,2.121210e+01,2.105914e+01,2.115650e+01,2.117736e+01,2.117041e+01,2.119126e+01,2.126072e+01,2.126072e+01,2.113565e+01,2.123989e+01,2.119126e+01,2.141339e+01,2.142032e+01,2.129544e+01,2.139952e+01,2.132320e+01,2.131626e+01,2.148963e+01,2.149656e+01,2.135790e+01,2.135790e+01,2.142032e+01,2.136484e+01,2.135790e+01,2.134402e+01,2.137871e+01,2.149656e+01,2.140645e+01,2.155197e+01,2.158659e+01,2.150349e+01,2.167654e+01,2.178022e+01,2.215263e+01,2.253741e+01,2.324818e+01,2.398115e+01,2.507770e+01,2.550513e+01,2.563834e+01,2.578468e+01,2.566496e+01,2.547179e+01,2.511115e+01,2.469555e+01,2.431874e+01,2.411632e+01,2.357458e+01,2.337751e+01,2.296856e+01,2.282504e+01,2.255112e+01,2.226959e+01,2.218016e+01,2.218705e+01,2.197349e+01,2.206310e+01,2.193211e+01,2.189071e+01,2.188381e+01,2.188381e+01,2.192521e+01,2.184929e+01,2.200797e+01,2.186310e+01,2.187000e+01,2.189071e+01,2.194591e+01,2.184239e+01,2.186310e+01,2.184929e+01,2.182167e+01,2.183548e+01,2.182858e+01,2.178022e+01,2.176641e+01,2.171111e+01,2.177332e+01,2.166962e+01,2.184239e+01,2.160043e+01,2.161427e+01,2.159351e+01,2.156582e+01,2.151042e+01,2.155197e+01,2.153119e+01,2.142032e+01,2.149656e+01,2.151042e+01,2.154505e+01,2.144112e+01,2.146884e+01,2.167654e+01,2.143419e+01,2.155197e+01,2.157274e+01,2.150349e+01,2.163503e+01,2.162811e+01,2.163503e+01,2.172494e+01,2.185620e+01,2.184929e+01,2.188381e+01,2.192521e+01,2.193211e+01,2.192521e+01,2.212509e+01,2.213886e+01,2.212509e+01,2.214575e+01,2.207688e+01,2.227647e+01,2.222145e+01,2.224208e+01,2.235207e+01,2.224896e+01,2.238642e+01,2.239328e+01,2.235207e+01,2.242762e+01,2.239328e+01,2.235894e+01,2.231771e+01,2.233146e+01,2.247566e+01,2.237955e+01,2.245507e+01,2.248939e+01,2.244821e+01,2.244135e+01,2.239328e+01,2.237955e+01,2.244135e+01,2.238642e+01,2.245507e+01,2.235894e+01,2.234520e+01,2.237955e+01,2.244821e+01,2.242075e+01,2.242762e+01,2.233833e+01,2.226959e+01,2.236581e+01,2.225584e+01,2.241389e+01,2.237955e+01,2.239328e+01,2.232458e+01,2.232458e+01,2.236581e+01,2.232458e+01,2.244135e+01,2.230396e+01,2.231771e+01,2.230396e+01,2.233833e+01,2.224896e+01,2.226959e+01,2.232458e+01,2.229709e+01,2.220081e+01,2.230396e+01,2.230396e+01,2.242075e+01,2.235207e+01,2.230396e+01,2.231084e+01,2.228334e+01,2.229022e+01,2.237955e+01,2.218705e+01,2.221457e+01,2.231084e+01,2.237268e+01,2.226959e+01,2.234520e+01,2.237268e+01,2.231771e+01,2.231771e+01,2.226271e+01,2.230396e+01,2.234520e+01,2.225584e+01,2.231084e+01,2.231771e+01,2.229709e+01,2.226959e+01,2.235894e+01,2.238642e+01,2.240015e+01,2.226271e+01,2.234520e+01,2.220769e+01,2.229022e+01,2.226271e+01,2.219393e+01,2.225584e+01,2.214575e+01,2.215263e+01,2.215263e+01,2.222145e+01,2.223520e+01,2.218016e+01,2.220769e+01,2.218016e+01,2.208377e+01,2.209755e+01,2.203554e+01
2.212509e+01,2.209066e+01,2.204243e+01,2.195280e+01,2.199418e+01,2.182167e+01,2.187691e+01,2.180786e+01,2.194591e+01,2.189761e+01,2.187691e+01,2.191141e+01,2.186310e+01,2.182167e+01,2.186310e+01,2.183548e+01,2.191831e+01,2.173876e+01,2.180095e+01,2.184239e+01,2.185620e+01,2.184929e+01,2.201486e+01,2.200797e+01,2.198729e+01,2.195280e+01,2.195970e+01,2.198729e+01,2.204932e+01,2.213198e+01,2.198039e+01,2.209755e+01,2.211132e+01,2.202176e+01,2.204243e+01,2.220769e+01,2.218705e+01,2.204932e+01,2.205621e+01,2.211132e+01,2.214575e+01,2.213198e+01,2.211132e+01,2.213886e+01,2.206310e+01,2.213886e+01,2.218705e+01,2.217328e+01,2.216640e+01,2.212509e+01,2.206999e+01,2.220081e+01,2.206310e+01,2.213198e+01,2.222145e+01,2.222145e+01,2.220081e+01,2.225584e+01,2.222833e+01,2.235894e+01,2.228334e+01,2.220769e+01,2.220769e+01,2.220769e+01,2.222145e+01,2.230396e+01,2.231771e+01,2.224896e+01,2.219393e+01,2.220081e+01,2.219393e+01,2.227647e+01,2.231084e+01,2.230396e+01,2.226271e+01,2.226959e+01,2.223520e+01,2.225584e+01,2.236581e+01,2.229022e+01,2.222833e+01,2.222833e+01,2.221457e+01,2.223520e+01,2.226959e+01,2.225584e+01,2.214575e+01,2.213886e+01,2.211132e+01,2.216640e+01,2.211132e+01,2.222145e+01,2.211132e+01,2.202865e+01,2.201486e+01,2.195280e+01,2.200107e+01,2.200797e+01,2.206310e+01,2.212509e+01,2.204932e+01,2.202865e+01,2.195280e+01,2.203554e+01,2.199418e+01,2.203554e+01,2.200107e+01,2.206310e+01,2.207688e+01,2.210443e+01,2.215263e+01,2.213198e+01,2.212509e+01,2.215263e+01,2.221457e+01,2.222833e+01,2.218705e+01,2.223520e+01,2.218705e+01,2.217328e+01,2.224896e+01,2.228334e+01,2.222145e+01,2.223520e+01,2.233146e+01,2.224208e+01,2.225584e+01,2.227647e+01,2.224896e+01,2.224208e+01,2.227647e+01,2.217328e+01,2.229022e+01,2.204932e+01,2.218016e+01,2.215263e+01,2.206310e+01,2.207688e+01,2.192521e+01,2.199418e+01,2.205621e+01,2.206999e+01,2.204243e+01,2.211132e+01,2.195280e+01,2.204932e+01,2.198039e+01,2.198729e+01,2.207688e+01,2.206999e+01,2.207688e+01,2.207688e+01,2.202176e+01,2.200107e+01,2.202865e+01,2.201486e+01,2.198729e+01,2.201486e+01,2.204243e+01,2.205621e+01,2.199418e+01,2.200797e+01,2.204932e+01,2.202176e+01,2.196660e+01,2.192521e+01,2.204932e+01,2.201486e+01,2.201486e+01,2.194591e+01,2.202176e+01,2.205621e+01,2.206999e+01,2.209066e+01,2.207688e+01,2.209066e+01,2.206999e+01,2.206310e+01,2.203554e+01,2.202865e+01,2.193901e+01,2.195970e+01,2.200107e+01,2.199418e+01,2.194591e+01,2.190451e+01,2.187000e+01,2.171802e+01,2.182167e+01,2.181476e+01,2.178713e+01,2.169728e+01,2.178713e+01,2.168345e+01,2.171111e+01,2.159351e+01,2.155890e+01,2.159351e+01,2.162119e+01,2.150349e+01,2.155890e+01,2.137871e+01,2.137177e+01,2.137871e+01,2.130238e+01,2.139952e+01,2.118431e+01,2.121210e+01,2.117736e+01,2.112869e+01,2.110783e+01,2.110783e+01,2.101042e+01,2.114260e+01,2.096864e+01,2.091291e+01,2.108696e+01,2.113565e+01,2.143419e+01,2.193211e+01,2.214575e+01,2.250997e+01,2.248939e+01,2.277032e+01,2.301635e+01,2.334349e+01,2.332988e+01,2.371028e+01,2.400144e+01,2.423107e+01,2.430526e+01,2.476270e+01,2.481638e+01,2.498397e+01,2.535172e+01,2.549846e+01,2.543845e+01,2.533169e+01,2.476941e+01,2.316642e+01,2.223520e+01,2.179404e+01,2.162119e+01,2.160735e+01,2.157967e+01,2.160043e+01,2.156582e+01,2.156582e+01,2.153812e+01,2.156582e+01,2.155890e+01,2.160735e+01,2.154505e+01,2.153119e+01,2.157967e+01,2.148270e+01,2.155197e+01,2.155197e+01,2.153119e+01,2.153812e+01,2.148963e+01,2.151042e+01,2.154505e+01,2.162119e+01,2.149656e+01,2.161427e+01,2.145498e+01,2.155197e+01,2.160735e+01,2.160735e+01,2.156582e+01,2.164195e+01,2.162811e+01,2.161427e+01,2.162119e+01,2.162811e+01,2.169037e+01,2.156582e+01,2.155890e+01,2.158659e+01,2.155890e+01,2.155890e+01,2.155197e+01,2.157274e+01,2.148963e+01,2.141339e+01,2.151734e+01,2.153812e+01,2.150349e+01,2.144112e+01,2.128156e+01,2.119820e+01,2.133014e+01,2.113565e+01,2.109392e+01,2.107305e+01,2.102434e+01,2.101738e+01,2.096864e+01,2.097560e+01,2.094077e+01,2.104522e+01,2.107305e+01,2.104522e+01,2.105218e+01,2.105218e+01,2.107305e+01,2.104522e+01,2.098953e+01,2.100345e+01,2.105218e+01,2.118431e+01,2.106609e+01,2.100345e+01,2.103826e+01,2.103130e+01,2.114260e+01,2.108696e+01,2.108001e+01,2.115650e+01,2.112869e+01,2.106609e+01,2.098256e+01,2.086412e+01,2.093381e+01,2.085715e+01,2.096167e+01,2.091987e+01,2.093381e+01,2.090594e+01,2.090594e+01,2.089200e+01,2.096167e+01,2.080833e+01,2.078740e+01,2.084320e+01,2.087109e+01,2.069666e+01,2.087806e+01,2.087109e+01,2.092684e+01,2.091987e+01,2.092684e+01,2.098256e+01,2.098953e+01,2.099649e+01,2.102434e+01,2.102434e+01,2.103826e+01,2.103130e+01,2.100345e+01,2.091291e+01,2.103826e+01,2.092684e+01,2.119126e+01,2.099649e+01,2.097560e+01,2.098953e+01,2.095471e+01,2.099649e+01,2.085715e+01,2.094077e+01,2.089897e+01,2.103826e+01,2.091987e+01,2.090594e+01,2.091987e+01,2.094774e+01,2.086412e+01,2.082925e+01,2.096167e+01,2.076647e+01,2.071761e+01,2.085017e+01,2.079438e+01,2.071761e+01,2.073157e+01,2.071761e+01,2.065475e+01,2.068967e+01,2.059884e+01,2.062680e+01,2.059884e+01,2.054291e+01,2.064776e+01,2.053592e+01,2.056389e+01,2.047295e+01,2.058486e+01,2.047994e+01,2.052892e+01,2.053592e+01,2.046595e+01,2.057088e+01,2.053592e+01,2.050793e+01,2.047295e+01,2.059185e+01,2.064078e+01,2.072459e+01,2.073157e+01,2.072459e+01,2.075949e+01,2.071062e+01,2.075251e+01,2.073157e+01,2.074553e+01,2.064078e+01,2.060583e+01,2.061981e+01,2.060583e+01,2.063379e+01,2.065475e+01,2.083623e+01,2.085017e+01,2.097560e+01,2.101042e+01,2.112174e+01,2.110088e+01,2.111479e+01,2.112174e+01,2.118431e+01,2.113565e+01,2.118431e+01,2.119126e+01,2.112174e+01,2.121905e+01,2.120515e+01,2.121210e+01,2.113565e+01,2.119126e+01,2.117041e+01,2.116345e+01,2.117041e+01,2.119126e+01,2.128156e+01,2.133014e+01,2.133708e+01,2.125378e+01,2.122600e+01,2.119126e+01,2.126072e+01,2.126767e+01,2.130238e+01,2.136484e+01,2.130238e+01,2.137177e+01,2.134402e+01,2.128156e+01,2.135790e+01,2.134402e+01,2.136484e+01,2.135790e+01,2.143419e+01,2.117736e+01,2.137177e+01,2.129544e+01,2.134402e+01,2.137177e+01,2.148963e+01,2.146191e+01,2.163503e+01,2.184239e+01,2.213198e+01,2.293440e+01,2.375096e+01,2.476270e+01,2.554511e+01,2.576474e+01,2.582456e+01,2.601045e+01,2.579798e+01,2.545846e+01,2.489015e+01,2.450732e+01,2.430526e+01,2.375096e+01,2.337751e+01,2.309823e+01,2.293440e+01,2.267447e+01,2.253055e+01,2.246194e+01,2.220769e+01,2.213886e+01,2.200107e+01,2.195280e+01,2.192521e+01,2.187691e+01,2.189071e+01,2.187000e+01,2.182167e+01,2.187000e+01,2.181476e+01,2.189761e+01,2.188381e+01,2.187691e+01,2.189761e+01,2.191141e+01,2.189071e+01,2.185620e+01,2.169728e+01,2.175949e+01,2.182167e+01,2.175949e+01,2.183548e+01,2.179404e+01,2.171802e+01,2.172494e+01,2.161427e+01,2.155890e+01,2.157967e+01,2.153119e+01,2.154505e+01,2.155197e+01,2.154505e+01,2.149656e+01,2.147577e+01,2.146884e+01,2.145498e+01,2.166270e+01,2.162119e+01,2.158659e+01,2.157274e+01,2.156582e+01,2.159351e+01,2.158659e+01,2.151042e+01,2.161427e+01,2.164887e+01,2.173876e+01,2.175258e+01,2.171111e+01,2.178022e+01,2.182167e+01,2.192521e+01,2.195280e+01,2.215263e+01,2.211821e+01,2.201486e+01,2.218705e+01,2.221457e+01,2.222833e+01,2.224896e+01,2.229022e+01,2.229022e+01,2.229022e+01,2.232458e+01,2.235894e+01,2.231084e+01,2.237268e+01,2.240015e+01,2.240015e+01,2.233146e+01,2.249625e+01,2.235207e+01,2.250997e+01,2.244821e+01,2.229022e+01,2.243448e+01,2.244821e+01,2.244821e+01,2.238642e+01,2.237955e+01,2.241389e+01,2.245507e+01,2.240702e+01,2.242762e+01,2.247566e+01,2.241389e+01,2.240702e+01,2.239328e+01,2.237955e+01,2.226959e+01,2.223520e+01,2.242075e+01,2.237955e+01,2.233833e+01,2.226959e+01,2.235894e+01,2.218016e+01,2.231771e+01,2.233833e+01,2.233833e+01,2.229022e+01,2.239328e+01,2.225584e+01,2.229709e+01,2.230396e+01,2.233146e+01,2.227647e+01,2.227647e+01,2.231084e+01,2.233833e+01,2.229022e+01,2.225584e+01,2.231084e+01,2.228334e+01,2.229022e+01,2.226959e+01,2.226959e+01,2.240015e+01,2.227647e+01,2.224208e+01,2.236581e+01,2.224896e+01,2.230396e+01,2.225584e+01,2.234520e+01,2.240015e+01,2.229022e+01,2.233146e+01,2.226271e+01,2.224208e+01,2.229709e+01,2.228334e+01,2.229022e+01,2.229709e+01,2.227647e+01,2.234520e+01,2.228334e+01,2.228334e+01,2.224896e+01,2.234520e+01,2.225584e+01,2.216640e+01,2.224208e+01,2.227647e+01,2.215952e+01,2.218016e+01,2.222145e+01,2.222833e+01,2.215263e+01,2.214575e+01,2.210443e+01,2.208377e+01,2.205621e+01,2.208377e+01,2.213886e+01,2.202865e+01
2.217328e+01,2.200107e+01,2.197349e+01,2.202176e+01,2.198039e+01,2.207688e+01,2.182858e+01,2.184239e+01,2.206999e+01,2.196660e+01,2.187000e+01,2.195280e+01,2.198039e+01,2.195970e+01,2.180786e+01,2.193211e+01,2.182858e+01,2.175949e+01,2.187000e+01,2.184239e+01,2.187691e+01,2.183548e+01,2.193211e+01,2.195970e+01,2.195970e+01,2.198039e+01,2.198039e+01,2.206999e+01,2.193901e+01,2.204932e+01,2.204243e+01,2.217328e+01,2.220081e+01,2.207688e+01,2.223520e+01,2.210443e+01,2.215263e+01,2.211821e+01,2.202176e+01,2.215952e+01,2.218705e+01,2.216640e+01,2.206999e+01,2.209755e+01,2.211821e+01,2.209066e+01,2.210443e+01,2.213886e+01,2.211821e+01,2.208377e+01,2.214575e+01,2.220081e+01,2.224896e+01,2.237268e+01,2.226271e+01,2.223520e+01,2.224208e+01,2.223520e+01,2.222145e+01,2.220769e+01,2.229022e+01,2.224208e+01,2.227647e+01,2.230396e+01,2.226959e+01,2.221457e+01,2.235207e+01,2.233833e+01,2.235207e+01,2.222145e+01,2.229022e+01,2.221457e+01,2.226959e+01,2.234520e+01,2.229022e+01,2.226271e+01,2.226959e+01,2.224896e+01,2.226959e+01,2.224896e+01,2.228334e+01,2.225584e+01,2.211132e+01,2.213886e+01,2.213886e+01,2.213198e+01,2.218705e+01,2.211821e+01,2.204243e+01,2.217328e+01,2.218016e+01,2.201486e+01,2.205621e+01,2.218016e+01,2.198039e+01,2.203554e+01,2.202176e+01,2.200797e+01,2.198729e+01,2.195280e+01,2.198039e+01,2.202176e+01,2.199418e+01,2.202176e+01,2.200797e+01,2.202865e+01,2.210443e+01,2.211132e+01,2.211132e+01,2.208377e+01,2.216640e+01,2.215952e+01,2.216640e+01,2.223520e+01,2.213198e+01,2.218016e+01,2.222145e+01,2.216640e+01,2.214575e+01,2.222145e+01,2.226271e+01,2.232458e+01,2.220081e+01,2.225584e+01,2.221457e+01,2.223520e+01,2.224208e+01,2.228334e+01,2.231084e+01,2.216640e+01,2.225584e+01,2.206310e+01,2.214575e+01,2.211132e+01,2.210443e+01,2.200797e+01,2.204243e+01,2.198729e+01,2.206310e+01,2.206999e+01,2.203554e+01,2.200797e+01,2.207688e+01,2.210443e+01,2.218016e+01,2.221457e+01,2.211821e+01,2.207688e+01,2.215263e+01,2.214575e+01,2.206310e+01,2.211821e+01,2.200797e+01,2.204932e+01,2.200107e+01,2.202865e+01,2.205621e+01,2.198729e+01,2.202865e+01,2.188381e+01,2.202865e+01,2.197349e+01,2.193211e+01,2.193211e+01,2.205621e+01,2.191141e+01,2.198039e+01,2.201486e+01,2.198729e+01,2.215952e+01,2.200107e+01,2.200107e+01,2.204243e+01,2.206999e+01,2.206999e+01,2.205621e+01,2.194591e+01,2.202176e+01,2.191141e+01,2.196660e+01,2.200797e+01,2.195280e+01,2.191831e+01,2.191831e+01,2.188381e+01,2.202865e+01,2.191141e+01,2.186310e+01,2.188381e+01,2.191141e+01,2.179404e+01,2.182167e+01,2.168345e+01,2.176641e+01,2.166962e+01,2.167654e+01,2.173185e+01,2.161427e+01,2.160735e+01,2.151042e+01,2.145498e+01,2.135096e+01,2.137177e+01,2.126072e+01,2.103826e+01,2.115650e+01,2.126072e+01,2.117736e+01,2.116345e+01,2.095471e+01,2.112869e+01,2.084320e+01,2.085017e+01,2.097560e+01,2.076647e+01,2.066174e+01,2.077344e+01,2.093381e+01,2.114260e+01,2.149656e+01,2.209755e+01,2.250997e+01,2.277716e+01,2.292074e+01,2.315278e+01,2.340471e+01,2.360853e+01,2.403524e+01,2.425131e+01,2.439287e+01,2.474256e+01,2.488345e+01,2.521146e+01,2.544512e+01,2.545179e+01,2.543179e+01,2.557175e+01,2.497057e+01,2.293440e+01,2.200107e+01,2.157967e+01,2.152427e+01,2.155890e+01,2.155197e+01,2.161427e+01,2.157967e+01,2.153119e+01,2.162811e+01,2.155197e+01,2.157274e+01,2.163503e+01,2.172494e+01,2.157274e+01,2.160043e+01,2.152427e+01,2.151042e+01,2.141339e+01,2.157274e+01,2.155197e+01,2.157967e+01,2.160735e+01,2.155197e+01,2.151042e+01,2.159351e+01,2.150349e+01,2.159351e+01,2.161427e+01,2.145498e+01,2.160043e+01,2.163503e+01,2.166962e+01,2.164887e+01,2.162119e+01,2.164887e+01,2.161427e+01,2.160043e+01,2.163503e+01,2.166962e+01,2.157967e+01,2.146191e+01,2.157967e+01,2.154505e+01,2.153119e+01,2.153812e+01,2.154505e+01,2.151042e+01,2.154505e+01,2.152427e+01,2.156582e+01,2.139258e+01,2.128156e+01,2.135790e+01,2.121210e+01,2.107305e+01,2.110088e+01,2.112174e+01,2.117041e+01,2.098256e+01,2.096167e+01,2.105218e+01,2.106609e+01,2.091291e+01,2.101738e+01,2.094077e+01,2.099649e+01,2.105914e+01,2.114955e+01,2.105218e+01,2.105218e+01,2.101042e+01,2.102434e+01,2.105914e+01,2.108696e+01,2.098953e+01,2.098953e+01,2.111479e+01,2.111479e+01,2.105914e+01,2.110088e+01,2.105218e+01,2.105914e+01,2.105914e+01,2.101738e+01,2.105218e+01,2.094774e+01,2.096864e+01,2.090594e+01,2.098256e+01,2.096864e+01,2.091291e+01,2.085715e+01,2.090594e+01,2.095471e+01,2.094077e+01,2.087806e+01,2.089897e+01,2.080135e+01,2.096167e+01,2.087109e+01,2.090594e+01,2.090594e+01,2.095471e+01,2.091291e+01,2.100345e+01,2.096167e+01,2.101738e+01,2.101738e+01,2.098256e+01,2.101042e+01,2.103130e+01,2.099649e+01,2.098256e+01,2.088503e+01,2.102434e+01,2.101042e+01,2.097560e+01,2.093381e+01,2.102434e+01,2.097560e+01,2.091291e+01,2.092684e+01,2.094774e+01,2.096167e+01,2.087806e+01,2.077344e+01,2.089897e+01,2.088503e+01,2.090594e+01,2.084320e+01,2.091291e+01,2.094774e+01,2.083623e+01,2.080833e+01,2.081530e+01,2.069666e+01,2.065475e+01,2.071761e+01,2.071062e+01,2.064776e+01,2.067570e+01,2.054990e+01,2.050094e+01,2.064078e+01,2.054990e+01,2.059185e+01,2.061981e+01,2.050094e+01,2.048694e+01,2.051493e+01,2.050094e+01,2.038192e+01,2.046595e+01,2.036791e+01,2.045895e+01,2.045195e+01,2.054291e+01,2.043795e+01,2.050793e+01,2.051493e+01,2.059185e+01,2.064776e+01,2.070364e+01,2.057787e+01,2.073855e+01,2.072459e+01,2.064776e+01,2.069666e+01,2.059884e+01,2.057088e+01,2.057787e+01,2.067570e+01,2.073855e+01,2.068269e+01,2.086412e+01,2.084320e+01,2.099649e+01,2.105218e+01,2.109392e+01,2.108001e+01,2.098953e+01,2.099649e+01,2.110783e+01,2.101042e+01,2.119126e+01,2.121905e+01,2.119820e+01,2.108696e+01,2.107305e+01,2.118431e+01,2.121210e+01,2.121210e+01,2.111479e+01,2.116345e+01,2.105914e+01,2.110088e+01,2.119126e+01,2.122600e+01,2.121210e+01,2.123294e+01,2.120515e+01,2.123989e+01,2.126072e+01,2.129544e+01,2.135790e+01,2.135096e+01,2.130238e+01,2.131626e+01,2.133708e+01,2.124683e+01,2.133014e+01,2.120515e+01,2.135096e+01,2.135790e+01,2.132320e+01,2.137871e+01,2.117041e+01,2.132320e+01,2.136484e+01,2.148270e+01,2.137871e+01,2.155890e+01,2.178022e+01,2.175949e+01,2.202865e+01,2.234520e+01,2.328223e+01,2.452077e+01,2.543179e+01,2.582456e+01,2.601708e+01,2.621588e+01,2.608339e+01,2.578468e+01,2.540510e+01,2.503084e+01,2.454768e+01,2.420408e+01,2.377129e+01,2.347949e+01,2.305730e+01,2.283188e+01,2.253055e+01,2.267447e+01,2.224208e+01,2.220769e+01,2.189761e+01,2.201486e+01,2.198039e+01,2.191141e+01,2.195970e+01,2.193211e+01,2.192521e+01,2.180786e+01,2.180786e+01,2.189761e+01,2.184239e+01,2.188381e+01,2.187000e+01,2.186310e+01,2.184929e+01,2.184929e+01,2.185620e+01,2.189761e+01,2.182167e+01,2.182858e+01,2.178022e+01,2.179404e+01,2.169728e+01,2.171111e+01,2.175258e+01,2.161427e+01,2.142725e+01,2.156582e+01,2.154505e+01,2.155197e+01,2.156582e+01,2.151042e+01,2.150349e+01,2.160043e+01,2.150349e+01,2.155197e+01,2.158659e+01,2.157274e+01,2.159351e+01,2.159351e+01,2.160043e+01,2.162119e+01,2.164887e+01,2.165579e+01,2.173876e+01,2.171111e+01,2.177332e+01,2.166962e+01,2.191831e+01,2.190451e+01,2.190451e+01,2.193211e+01,2.192521e+01,2.211821e+01,2.214575e+01,2.211821e+01,2.211821e+01,2.216640e+01,2.224208e+01,2.237268e+01,2.224896e+01,2.218016e+01,2.230396e+01,2.253741e+01,2.236581e+01,2.237955e+01,2.233146e+01,2.232458e+01,2.229709e+01,2.232458e+01,2.250997e+01,2.249625e+01,2.231771e+01,2.233146e+01,2.232458e+01,2.235894e+01,2.242762e+01,2.249625e+01,2.235894e+01,2.245507e+01,2.246194e+01,2.241389e+01,2.235894e+01,2.232458e+01,2.233833e+01,2.239328e+01,2.233146e+01,2.237268e+01,2.238642e+01,2.222833e+01,2.224896e+01,2.240015e+01,2.224208e+01,2.237268e+01,2.237955e+01,2.231084e+01,2.231771e+01,2.235207e+01,2.235207e+01,2.231771e+01,2.233833e+01,2.238642e+01,2.231084e+01,2.231084e+01,2.239328e+01,2.226271e+01,2.232458e+01,2.231771e+01,2.228334e+01,2.236581e+01,2.228334e+01,2.229022e+01,2.229709e+01,2.229022e+01,2.227647e+01,2.231084e+01,2.229709e+01,2.235207e+01,2.237268e+01,2.225584e+01,2.233146e+01,2.220081e+01,2.237955e+01,2.233833e+01,2.226959e+01,2.231771e+01,2.228334e+01,2.229022e+01,2.240702e+01,2.246880e+01,2.229709e+01,2.228334e+01,2.230396e+01,2.222833e+01,2.228334e+01,2.226959e+01,2.229022e+01,2.226959e+01,2.226271e+01,2.222833e+01,2.236581e+01,2.219393e+01,2.219393e+01,2.218016e+01,2.214575e+01,2.218016e+01,2.217328e+01,2.222833e+01,2.220081e+01,2.215952e+01,2.220769e+01,2.204932e+01,2.206310e+01,2.211821e+01,2.204243e+01
2.216640e+01,2.218016e+01,2.201486e+01,2.190451e+01,2.208377e+01,2.200107e+01,2.208377e+01,2.204243e+01,2.189761e+01,2.196660e+01,2.189761e+01,2.178022e+01,2.200107e+01,2.198729e+01,2.176641e+01,2.178022e+01,2.177332e+01,2.198039e+01,2.179404e+01,2.185620e+01,2.190451e+01,2.184929e+01,2.184239e+01,2.196660e+01,2.200107e+01,2.203554e+01,2.200107e+01,2.203554e+01,2.212509e+01,2.211821e+01,2.214575e+01,2.214575e+01,2.209755e+01,2.204243e+01,2.213198e+01,2.220081e+01,2.213886e+01,2.221457e+01,2.219393e+01,2.213886e+01,2.218705e+01,2.220081e+01,2.210443e+01,2.210443e+01,2.213886e+01,2.212509e+01,2.210443e+01,2.215952e+01,2.217328e+01,2.212509e+01,2.213198e+01,2.241389e+01,2.221457e+01,2.216640e+01,2.220081e+01,2.225584e+01,2.218705e+01,2.226959e+01,2.229709e+01,2.214575e+01,2.229709e+01,2.231084e+01,2.231771e+01,2.222833e+01,2.236581e+01,2.229022e+01,2.233833e+01,2.234520e+01,2.226959e+01,2.233833e+01,2.235207e+01,2.224208e+01,2.232458e+01,2.230396e+01,2.229709e+01,2.232458e+01,2.231084e+01,2.221457e+01,2.224208e+01,2.222833e+01,2.223520e+01,2.226959e+01,2.210443e+01,2.212509e+01,2.214575e+01,2.218705e+01,2.211821e+01,2.219393e+01,2.220769e+01,2.211132e+01,2.202865e+01,2.209755e+01,2.203554e+01,2.204243e+01,2.205621e+01,2.204932e+01,2.200797e+01,2.202176e+01,2.201486e+01,2.200797e+01,2.202176e+01,2.199418e+01,2.197349e+01,2.204243e+01,2.199418e+01,2.218016e+01,2.208377e+01,2.214575e+01,2.209755e+01,2.215952e+01,2.211132e+01,2.209066e+01,2.221457e+01,2.224896e+01,2.231084e+01,2.218705e+01,2.227647e+01,2.220081e+01,2.224208e+01,2.227647e+01,2.221457e+01,2.224208e+01,2.224896e+01,2.223520e+01,2.225584e+01,2.228334e+01,2.226959e+01,2.223520e+01,2.223520e+01,2.222833e+01,2.218016e+01,2.205621e+01,2.195280e+01,2.207688e+01,2.192521e+01,2.188381e+01,2.203554e+01,2.205621e+01,2.202176e+01,2.208377e+01,2.209755e+01,2.209755e+01,2.215952e+01,2.206999e+01,2.216640e+01,2.209755e+01,2.216640e+01,2.210443e+01,2.223520e+01,2.212509e+01,2.206999e+01,2.213198e+01,2.202865e+01,2.209755e+01,2.204932e+01,2.187691e+01,2.193211e+01,2.194591e+01,2.204243e+01,2.197349e+01,2.187691e+01,2.188381e+01,2.200107e+01,2.194591e+01,2.197349e+01,2.206999e+01,2.206999e+01,2.198729e+01,2.202176e+01,2.195970e+01,2.200107e+01,2.202865e+01,2.200107e+01,2.198729e+01,2.204243e+01,2.190451e+01,2.222145e+01,2.203554e+01,2.191141e+01,2.195280e+01,2.203554e+01,2.203554e+01,2.189071e+01,2.191831e+01,2.187691e+01,2.186310e+01,2.190451e+01,2.189071e+01,2.189071e+01,2.189761e+01,2.178022e+01,2.178022e+01,2.171802e+01,2.178022e+01,2.176641e+01,2.169037e+01,2.165579e+01,2.164195e+01,2.144112e+01,2.135790e+01,2.160735e+01,2.129544e+01,2.108001e+01,2.104522e+01,2.105914e+01,2.114260e+01,2.119126e+01,2.108696e+01,2.105218e+01,2.091987e+01,2.091987e+01,2.080833e+01,2.086412e+01,2.084320e+01,2.082228e+01,2.064776e+01,2.083623e+01,2.101738e+01,2.106609e+01,2.110088e+01,2.187000e+01,2.253741e+01,2.301635e+01,2.314597e+01,2.345230e+01,2.371028e+01,2.407579e+01,2.420408e+01,2.464853e+01,2.474927e+01,2.491026e+01,2.509108e+01,2.529831e+01,2.545179e+01,2.554511e+01,2.545179e+01,2.496387e+01,2.299587e+01,2.189761e+01,2.150349e+01,2.157274e+01,2.148963e+01,2.144805e+01,2.153119e+01,2.135790e+01,2.160043e+01,2.155197e+01,2.159351e+01,2.157274e+01,2.162811e+01,2.162119e+01,2.166270e+01,2.173876e+01,2.170420e+01,2.164195e+01,2.155890e+01,2.162119e+01,2.153812e+01,2.158659e+01,2.153812e+01,2.155197e+01,2.155890e+01,2.159351e+01,2.160043e+01,2.160735e+01,2.173185e+01,2.159351e+01,2.157967e+01,2.155890e+01,2.157274e+01,2.155890e+01,2.163503e+01,2.149656e+01,2.163503e+01,2.161427e+01,2.155890e+01,2.163503e+01,2.157274e+01,2.167654e+01,2.165579e+01,2.158659e+01,2.155890e+01,2.155890e+01,2.154505e+01,2.152427e+01,2.154505e+01,2.155197e+01,2.137177e+01,2.146884e+01,2.144112e+01,2.142032e+01,2.138565e+01,2.124683e+01,2.121210e+01,2.125378e+01,2.116345e+01,2.123294e+01,2.108001e+01,2.110783e+01,2.108696e+01,2.100345e+01,2.090594e+01,2.106609e+01,2.104522e+01,2.109392e+01,2.108696e+01,2.100345e+01,2.110088e+01,2.107305e+01,2.109392e+01,2.103130e+01,2.101738e+01,2.100345e+01,2.100345e+01,2.108696e+01,2.106609e+01,2.115650e+01,2.110783e+01,2.111479e+01,2.105218e+01,2.114955e+01,2.108696e+01,2.103130e+01,2.105914e+01,2.106609e+01,2.097560e+01,2.103130e+01,2.098256e+01,2.095471e+01,2.101738e+01,2.091291e+01,2.098953e+01,2.087806e+01,2.085715e+01,2.097560e+01,2.097560e+01,2.097560e+01,2.094774e+01,2.100345e+01,2.091291e+01,2.101042e+01,2.094077e+01,2.100345e+01,2.097560e+01,2.098953e+01,2.100345e+01,2.099649e+01,2.099649e+01,2.100345e+01,2.097560e+01,2.089897e+01,2.099649e+01,2.101042e+01,2.099649e+01,2.098953e+01,2.092684e+01,2.093381e+01,2.085715e+01,2.089897e+01,2.093381e+01,2.088503e+01,2.085017e+01,2.090594e+01,2.089897e+01,2.093381e+01,2.084320e+01,2.091291e+01,2.085017e+01,2.086412e+01,2.078740e+01,2.080135e+01,2.085017e+01,2.068967e+01,2.080833e+01,2.080135e+01,2.074553e+01,2.064078e+01,2.060583e+01,2.062680e+01,2.066872e+01,2.053592e+01,2.066872e+01,2.060583e+01,2.051493e+01,2.047994e+01,2.049394e+01,2.048694e+01,2.057787e+01,2.054291e+01,2.047295e+01,2.049394e+01,2.051493e+01,2.049394e+01,2.046595e+01,2.045195e+01,2.047295e+01,2.040994e+01,2.047295e+01,2.049394e+01,2.051493e+01,2.064078e+01,2.072459e+01,2.056389e+01,2.061981e+01,2.051493e+01,2.049394e+01,2.061282e+01,2.054291e+01,2.065475e+01,2.059185e+01,2.066872e+01,2.074553e+01,2.095471e+01,2.080833e+01,2.101042e+01,2.096167e+01,2.103130e+01,2.105914e+01,2.105218e+01,2.110783e+01,2.112174e+01,2.111479e+01,2.112174e+01,2.112174e+01,2.112174e+01,2.108001e+01,2.108001e+01,2.127461e+01,2.114260e+01,2.113565e+01,2.116345e+01,2.107305e+01,2.114955e+01,2.103826e+01,2.110783e+01,2.114955e+01,2.114955e+01,2.117736e+01,2.112869e+01,2.118431e+01,2.124683e+01,2.126767e+01,2.124683e+01,2.114260e+01,2.130238e+01,2.133014e+01,2.131626e+01,2.134402e+01,2.131626e+01,2.131626e+01,2.125378e+01,2.117041e+01,2.120515e+01,2.117736e+01,2.128156e+01,2.123989e+01,2.135096e+01,2.120515e+01,2.131626e+01,2.136484e+01,2.143419e+01,2.137177e+01,2.150349e+01,2.181476e+01,2.224896e+01,2.301635e+01,2.424457e+01,2.507770e+01,2.575144e+01,2.607676e+01,2.625559e+01,2.618277e+01,2.605687e+01,2.583120e+01,2.537841e+01,2.502415e+01,2.454095e+01,2.415008e+01,2.357458e+01,2.319368e+01,2.297539e+01,2.267447e+01,2.248252e+01,2.227647e+01,2.222833e+01,2.224208e+01,2.182167e+01,2.193211e+01,2.194591e+01,2.187000e+01,2.191831e+01,2.193901e+01,2.184239e+01,2.193901e+01,2.188381e+01,2.189761e+01,2.188381e+01,2.184239e+01,2.185620e+01,2.182858e+01,2.184929e+01,2.189761e+01,2.183548e+01,2.187691e+01,2.178713e+01,2.176641e+01,2.178713e+01,2.171111e+01,2.174567e+01,2.167654e+01,2.184929e+01,2.160043e+01,2.153119e+01,2.139258e+01,2.152427e+01,2.151734e+01,2.152427e+01,2.146191e+01,2.151734e+01,2.155890e+01,2.166962e+01,2.157967e+01,2.151734e+01,2.147577e+01,2.153812e+01,2.157274e+01,2.164195e+01,2.161427e+01,2.161427e+01,2.168345e+01,2.171111e+01,2.186310e+01,2.173185e+01,2.176641e+01,2.187691e+01,2.191831e+01,2.191831e+01,2.195970e+01,2.195280e+01,2.197349e+01,2.213198e+01,2.223520e+01,2.226271e+01,2.222833e+01,2.225584e+01,2.226959e+01,2.230396e+01,2.230396e+01,2.225584e+01,2.230396e+01,2.231771e+01,2.234520e+01,2.230396e+01,2.227647e+01,2.237955e+01,2.232458e+01,2.243448e+01,2.237955e+01,2.239328e+01,2.236581e+01,2.248252e+01,2.234520e+01,2.234520e+01,2.241389e+01,2.239328e+01,2.232458e+01,2.244821e+01,2.246880e+01,2.244821e+01,2.238642e+01,2.238642e+01,2.235894e+01,2.223520e+01,2.243448e+01,2.231084e+01,2.237955e+01,2.243448e+01,2.235894e+01,2.231084e+01,2.240702e+01,2.233833e+01,2.234520e+01,2.238642e+01,2.226959e+01,2.223520e+01,2.232458e+01,2.235894e+01,2.225584e+01,2.221457e+01,2.224896e+01,2.226959e+01,2.226271e+01,2.234520e+01,2.223520e+01,2.233146e+01,2.228334e+01,2.227647e+01,2.229022e+01,2.229022e+01,2.229709e+01,2.232458e+01,2.235207e+01,2.228334e+01,2.221457e+01,2.237268e+01,2.220769e+01,2.229709e+01,2.233833e+01,2.242075e+01,2.229022e+01,2.235894e+01,2.231084e+01,2.225584e+01,2.228334e+01,2.222833e+01,2.234520e+01,2.229022e+01,2.242762e+01,2.228334e+01,2.236581e+01,2.227647e+01,2.229022e+01,2.227647e+01,2.225584e+01,2.231084e+01,2.233833e+01,2.229022e+01,2.231084e+01,2.226959e+01,2.226271e+01,2.215263e+01,2.207688e+01,2.220769e+01,2.217328e+01,2.223520e+01,2.215952e+01,2.212509e+01,2.215263e+01,2.209755e+01,2.213886e+01
2.218016e+01,2.207688e+01,2.184239e+01,2.194591e+01,2.202176e+01,2.204243e+01,2.190451e+01,2.197349e+01,2.180095e+01,2.193901e+01,2.184239e+01,2.190451e+01,2.184239e+01,2.175258e+01,2.200797e+01,2.178713e+01,2.202176e+01,2.192521e+01,2.186310e+01,2.187000e+01,2.182858e+01,2.187000e+01,2.206310e+01,2.191141e+01,2.208377e+01,2.194591e+01,2.215952e+01,2.208377e+01,2.200797e+01,2.214575e+01,2.213198e+01,2.209755e+01,2.211132e+01,2.211821e+01,2.208377e+01,2.199418e+01,2.210443e+01,2.209066e+01,2.202176e+01,2.210443e+01,2.208377e+01,2.209755e+01,2.206310e+01,2.207688e+01,2.208377e+01,2.211821e+01,2.214575e+01,2.215263e+01,2.213886e+01,2.222833e+01,2.218705e+01,2.219393e+01,2.218016e+01,2.225584e+01,2.231771e+01,2.215952e+01,2.218705e+01,2.220769e+01,2.223520e+01,2.219393e+01,2.231084e+01,2.223520e+01,2.225584e+01,2.229709e+01,2.238642e+01,2.226959e+01,2.232458e+01,2.224896e+01,2.232458e+01,2.228334e+01,2.221457e+01,2.224896e+01,2.222833e+01,2.225584e+01,2.226959e+01,2.230396e+01,2.222833e+01,2.226271e+01,2.216640e+01,2.218705e+01,2.224896e+01,2.218705e+01,2.219393e+01,2.211132e+01,2.226271e+01,2.215952e+01,2.211132e+01,2.213886e+01,2.218705e+01,2.213198e+01,2.211132e+01,2.207688e+01,2.209755e+01,2.202865e+01,2.202865e+01,2.205621e+01,2.192521e+01,2.191831e+01,2.195280e+01,2.200107e+01,2.196660e+01,2.202865e+01,2.192521e+01,2.206999e+01,2.200797e+01,2.210443e+01,2.202176e+01,2.207688e+01,2.209755e+01,2.215952e+01,2.213198e+01,2.216640e+01,2.213886e+01,2.230396e+01,2.229022e+01,2.228334e+01,2.225584e+01,2.217328e+01,2.223520e+01,2.216640e+01,2.226271e+01,2.221457e+01,2.222145e+01,2.211132e+01,2.215952e+01,2.220081e+01,2.228334e+01,2.226959e+01,2.222833e+01,2.215263e+01,2.200107e+01,2.197349e+01,2.202176e+01,2.196660e+01,2.188381e+01,2.188381e+01,2.207688e+01,2.198039e+01,2.209066e+01,2.211132e+01,2.213198e+01,2.220769e+01,2.222145e+01,2.207688e+01,2.213198e+01,2.220081e+01,2.233833e+01,2.220081e+01,2.215952e+01,2.215952e+01,2.214575e+01,2.206310e+01,2.206310e+01,2.209066e+01,2.200797e+01,2.191831e+01,2.202865e+01,2.204243e+01,2.188381e+01,2.199418e+01,2.193901e+01,2.204243e+01,2.201486e+01,2.202176e+01,2.198039e+01,2.199418e+01,2.197349e+01,2.206310e+01,2.189761e+01,2.199418e+01,2.196660e+01,2.192521e+01,2.189071e+01,2.194591e+01,2.194591e+01,2.190451e+01,2.201486e+01,2.192521e+01,2.204243e+01,2.201486e+01,2.202176e+01,2.192521e+01,2.195970e+01,2.189761e+01,2.189761e+01,2.187000e+01,2.190451e+01,2.190451e+01,2.191141e+01,2.184239e+01,2.189071e+01,2.178022e+01,2.169728e+01,2.172494e+01,2.158659e+01,2.178713e+01,2.153119e+01,2.163503e+01,2.157274e+01,2.142032e+01,2.139952e+01,2.139952e+01,2.108001e+01,2.101738e+01,2.098953e+01,2.096864e+01,2.091291e+01,2.091987e+01,2.082228e+01,2.101042e+01,2.082228e+01,2.074553e+01,2.071761e+01,2.080135e+01,2.073157e+01,2.072459e+01,2.080833e+01,2.080135e+01,2.091291e+01,2.110783e+01,2.163503e+01,2.250997e+01,2.303000e+01,2.337070e+01,2.371028e+01,2.402848e+01,2.429852e+01,2.465524e+01,2.465524e+01,2.501745e+01,2.511115e+01,2.545179e+01,2.549846e+01,2.557841e+01,2.555843e+01,2.502415e+01,2.304365e+01,2.189761e+01,2.149656e+01,2.148963e+01,2.148963e+01,2.148963e+01,2.147577e+01,2.148270e+01,2.150349e+01,2.148963e+01,2.160043e+01,2.151042e+01,2.162811e+01,2.154505e+01,2.159351e+01,2.164887e+01,2.159351e+01,2.160735e+01,2.158659e+01,2.163503e+01,2.157274e+01,2.157967e+01,2.166962e+01,2.166270e+01,2.163503e+01,2.156582e+01,2.163503e+01,2.156582e+01,2.148270e+01,2.163503e+01,2.164195e+01,2.165579e+01,2.164887e+01,2.154505e+01,2.165579e+01,2.160043e+01,2.164195e+01,2.164195e+01,2.159351e+01,2.169728e+01,2.168345e+01,2.168345e+01,2.167654e+01,2.160735e+01,2.162119e+01,2.154505e+01,2.157274e+01,2.153119e+01,2.145498e+01,2.152427e+01,2.147577e+01,2.146191e+01,2.139258e+01,2.140645e+01,2.146884e+01,2.138565e+01,2.126767e+01,2.120515e+01,2.116345e+01,2.112174e+01,2.121210e+01,2.117041e+01,2.111479e+01,2.111479e+01,2.108001e+01,2.092684e+01,2.103826e+01,2.105218e+01,2.110088e+01,2.103826e+01,2.099649e+01,2.101042e+01,2.111479e+01,2.105218e+01,2.098953e+01,2.111479e+01,2.094077e+01,2.104522e+01,2.113565e+01,2.104522e+01,2.108696e+01,2.110783e+01,2.117041e+01,2.106609e+01,2.098256e+01,2.102434e+01,2.091987e+01,2.106609e+01,2.105218e+01,2.101042e+01,2.097560e+01,2.101738e+01,2.098256e+01,2.094077e+01,2.093381e+01,2.101738e+01,2.091987e+01,2.087806e+01,2.096167e+01,2.094774e+01,2.098953e+01,2.092684e+01,2.082925e+01,2.105914e+01,2.094774e+01,2.093381e+01,2.093381e+01,2.096167e+01,2.102434e+01,2.103826e+01,2.098953e+01,2.091987e+01,2.096864e+01,2.097560e+01,2.091987e+01,2.098953e+01,2.100345e+01,2.087109e+01,2.088503e+01,2.085017e+01,2.092684e+01,2.084320e+01,2.090594e+01,2.089200e+01,2.090594e+01,2.099649e+01,2.088503e+01,2.085017e+01,2.082228e+01,2.081530e+01,2.083623e+01,2.082228e+01,2.070364e+01,2.071062e+01,2.066174e+01,2.077344e+01,2.081530e+01,2.075949e+01,2.081530e+01,2.070364e+01,2.057088e+01,2.071761e+01,2.057787e+01,2.065475e+01,2.047994e+01,2.047295e+01,2.043795e+01,2.048694e+01,2.047994e+01,2.053592e+01,2.049394e+01,2.043795e+01,2.043795e+01,2.046595e+01,2.047295e+01,2.051493e+01,2.044495e+01,2.042394e+01,2.042394e+01,2.043094e+01,2.044495e+01,2.050094e+01,2.040994e+01,2.050094e+01,2.045895e+01,2.057787e+01,2.054291e+01,2.040994e+01,2.051493e+01,2.062680e+01,2.042394e+01,2.054291e+01,2.069666e+01,2.059185e+01,2.072459e+01,2.076647e+01,2.089897e+01,2.080833e+01,2.087806e+01,2.093381e+01,2.105914e+01,2.103130e+01,2.107305e+01,2.105914e+01,2.109392e+01,2.113565e+01,2.113565e+01,2.111479e+01,2.110088e+01,2.109392e+01,2.103130e+01,2.118431e+01,2.113565e+01,2.111479e+01,2.113565e+01,2.110088e+01,2.089897e+01,2.109392e+01,2.110088e+01,2.111479e+01,2.114955e+01,2.115650e+01,2.114260e+01,2.123989e+01,2.119820e+01,2.123294e+01,2.122600e+01,2.126072e+01,2.127461e+01,2.133014e+01,2.124683e+01,2.130932e+01,2.121905e+01,2.116345e+01,2.114260e+01,2.120515e+01,2.118431e+01,2.123294e+01,2.131626e+01,2.126072e+01,2.116345e+01,2.121905e+01,2.137871e+01,2.120515e+01,2.136484e+01,2.138565e+01,2.152427e+01,2.170420e+01,2.215263e+01,2.295490e+01,2.391350e+01,2.499067e+01,2.561171e+01,2.599718e+01,2.630852e+01,2.634159e+01,2.608339e+01,2.587106e+01,2.549846e+01,2.535839e+01,2.478954e+01,2.449386e+01,2.389320e+01,2.356101e+01,2.319368e+01,2.297539e+01,2.270187e+01,2.249625e+01,2.231771e+01,2.224208e+01,2.195280e+01,2.202865e+01,2.208377e+01,2.191831e+01,2.196660e+01,2.202176e+01,2.199418e+01,2.188381e+01,2.174567e+01,2.196660e+01,2.191141e+01,2.182858e+01,2.184929e+01,2.184929e+01,2.186310e+01,2.165579e+01,2.173185e+01,2.186310e+01,2.185620e+01,2.176641e+01,2.176641e+01,2.167654e+01,2.171802e+01,2.169037e+01,2.175949e+01,2.160735e+01,2.157274e+01,2.154505e+01,2.155197e+01,2.149656e+01,2.161427e+01,2.153119e+01,2.164887e+01,2.148963e+01,2.159351e+01,2.160043e+01,2.160043e+01,2.148963e+01,2.154505e+01,2.161427e+01,2.154505e+01,2.162119e+01,2.164195e+01,2.148270e+01,2.166270e+01,2.174567e+01,2.175949e+01,2.175258e+01,2.186310e+01,2.192521e+01,2.191831e+01,2.195280e+01,2.193211e+01,2.213198e+01,2.220081e+01,2.215263e+01,2.218016e+01,2.225584e+01,2.215263e+01,2.229022e+01,2.239328e+01,2.231084e+01,2.228334e+01,2.237268e+01,2.237268e+01,2.236581e+01,2.233833e+01,2.232458e+01,2.228334e+01,2.236581e+01,2.238642e+01,2.242762e+01,2.238642e+01,2.236581e+01,2.238642e+01,2.242762e+01,2.240015e+01,2.245507e+01,2.245507e+01,2.246880e+01,2.231084e+01,2.233833e+01,2.236581e+01,2.237268e+01,2.246194e+01,2.235894e+01,2.233146e+01,2.234520e+01,2.225584e+01,2.224208e+01,2.231771e+01,2.240015e+01,2.226271e+01,2.232458e+01,2.231084e+01,2.228334e+01,2.236581e+01,2.237955e+01,2.240015e+01,2.235894e+01,2.235207e+01,2.236581e+01,2.233833e+01,2.224208e+01,2.241389e+01,2.225584e+01,2.226959e+01,2.224896e+01,2.240015e+01,2.230396e+01,2.225584e+01,2.226271e+01,2.215952e+01,2.222833e+01,2.225584e+01,2.234520e+01,2.229022e+01,2.228334e+01,2.222145e+01,2.230396e+01,2.241389e+01,2.229709e+01,2.248252e+01,2.229022e+01,2.229022e+01,2.240015e+01,2.234520e+01,2.232458e+01,2.228334e+01,2.229022e+01,2.238642e+01,2.227647e+01,2.227647e+01,2.229022e+01,2.231084e+01,2.228334e+01,2.235207e+01,2.225584e+01,2.222833e+01,2.220081e+01,2.218016e+01,2.229022e+01,2.226271e+01,2.220769e+01,2.213198e+01,2.211132e+01,2.211821e+01,2.216640e+01,2.212509e+01,2.212509e+01,2.209755e+01,2.213198e+01,2.215263e+01,2.212509e+01
2.207688e+01,2.200797e+01,2.211132e+01,2.206310e+01,2.204243e+01,2.199418e+01,2.193901e+01,2.200107e+01,2.201486e+01,2.187691e+01,2.185620e+01,2.190451e+01,2.187691e+01,2.180786e+01,2.197349e+01,2.182167e+01,2.195970e+01,2.153812e+01,2.187000e+01,2.193211e+01,2.181476e+01,2.193901e+01,2.187000e+01,2.189761e+01,2.209755e+01,2.198039e+01,2.198039e+01,2.191831e+01,2.202176e+01,2.214575e+01,2.200797e+01,2.213198e+01,2.213198e+01,2.210443e+01,2.213198e+01,2.210443e+01,2.213198e+01,2.209755e+01,2.212509e+01,2.206310e+01,2.213198e+01,2.208377e+01,2.211132e+01,2.209755e+01,2.211132e+01,2.220081e+01,2.204932e+01,2.220769e+01,2.213198e+01,2.215952e+01,2.221457e+01,2.221457e+01,2.222145e+01,2.233146e+01,2.229022e+01,2.231084e+01,2.218705e+01,2.226271e+01,2.226959e+01,2.215952e+01,2.237268e+01,2.226271e+01,2.226271e+01,2.229709e+01,2.229709e+01,2.222145e+01,2.229022e+01,2.231771e+01,2.224896e+01,2.229022e+01,2.224896e+01,2.229022e+01,2.223520e+01,2.220081e+01,2.221457e+01,2.231771e+01,2.224896e+01,2.224896e+01,2.215952e+01,2.231084e+01,2.220769e+01,2.215263e+01,2.214575e+01,2.211132e+01,2.220081e+01,2.222833e+01,2.218016e+01,2.211132e+01,2.213886e+01,2.213886e+01,2.209755e+01,2.205621e+01,2.204932e+01,2.202865e+01,2.204243e+01,2.204932e+01,2.191831e+01,2.199418e+01,2.200797e+01,2.200797e+01,2.195280e+01,2.204932e+01,2.204243e+01,2.191831e+01,2.209066e+01,2.208377e+01,2.206999e+01,2.208377e+01,2.213198e+01,2.209066e+01,2.217328e+01,2.220769e+01,2.212509e+01,2.227647e+01,2.231771e+01,2.227647e+01,2.218705e+01,2.219393e+01,2.221457e+01,2.215263e+01,2.211821e+01,2.220769e+01,2.225584e+01,2.226271e+01,2.218705e+01,2.219393e+01,2.219393e+01,2.225584e+01,2.206310e+01,2.201486e+01,2.195280e+01,2.194591e+01,2.195280e+01,2.190451e+01,2.198039e+01,2.210443e+01,2.211821e+01,2.198039e+01,2.215263e+01,2.207688e+01,2.218016e+01,2.213198e+01,2.212509e+01,2.217328e+01,2.217328e+01,2.211132e+01,2.222145e+01,2.215952e+01,2.212509e+01,2.215952e+01,2.213198e+01,2.207688e+01,2.196660e+01,2.214575e+01,2.200107e+01,2.198729e+01,2.209066e+01,2.202176e+01,2.196660e+01,2.201486e+01,2.205621e+01,2.202865e+01,2.205621e+01,2.187000e+01,2.204932e+01,2.208377e+01,2.200107e+01,2.200107e+01,2.206310e+01,2.190451e+01,2.197349e+01,2.198039e+01,2.197349e+01,2.194591e+01,2.193211e+01,2.188381e+01,2.198039e+01,2.201486e+01,2.190451e+01,2.191141e+01,2.197349e+01,2.189071e+01,2.201486e+01,2.184239e+01,2.204932e+01,2.188381e+01,2.186310e+01,2.178022e+01,2.195280e+01,2.184929e+01,2.187000e+01,2.170420e+01,2.170420e+01,2.175949e+01,2.169728e+01,2.166270e+01,2.162119e+01,2.162811e+01,2.155197e+01,2.128850e+01,2.126767e+01,2.110783e+01,2.105914e+01,2.101738e+01,2.085715e+01,2.081530e+01,2.096167e+01,2.080135e+01,2.080135e+01,2.079438e+01,2.073855e+01,2.075251e+01,2.072459e+01,2.080833e+01,2.061282e+01,2.064078e+01,2.082925e+01,2.089200e+01,2.090594e+01,2.104522e+01,2.162811e+01,2.237268e+01,2.323456e+01,2.389320e+01,2.408254e+01,2.423782e+01,2.466196e+01,2.477612e+01,2.495047e+01,2.528495e+01,2.533169e+01,2.548513e+01,2.551845e+01,2.549846e+01,2.503084e+01,2.344551e+01,2.211821e+01,2.148963e+01,2.150349e+01,2.147577e+01,2.151734e+01,2.147577e+01,2.146884e+01,2.155197e+01,2.155197e+01,2.153812e+01,2.152427e+01,2.161427e+01,2.159351e+01,2.163503e+01,2.160735e+01,2.166962e+01,2.165579e+01,2.162811e+01,2.159351e+01,2.165579e+01,2.150349e+01,2.151042e+01,2.161427e+01,2.160043e+01,2.157274e+01,2.164887e+01,2.147577e+01,2.165579e+01,2.161427e+01,2.159351e+01,2.162811e+01,2.169037e+01,2.165579e+01,2.173876e+01,2.169728e+01,2.160735e+01,2.164195e+01,2.157274e+01,2.166270e+01,2.166270e+01,2.171111e+01,2.155197e+01,2.167654e+01,2.158659e+01,2.154505e+01,2.157274e+01,2.157967e+01,2.153812e+01,2.150349e+01,2.151042e+01,2.151734e+01,2.130238e+01,2.143419e+01,2.157967e+01,2.135096e+01,2.137871e+01,2.127461e+01,2.123989e+01,2.119820e+01,2.112869e+01,2.115650e+01,2.113565e+01,2.109392e+01,2.110783e+01,2.111479e+01,2.106609e+01,2.104522e+01,2.110088e+01,2.105218e+01,2.110088e+01,2.099649e+01,2.108696e+01,2.110088e+01,2.105914e+01,2.104522e+01,2.103826e+01,2.110783e+01,2.096167e+01,2.108696e+01,2.108001e+01,2.102434e+01,2.111479e+01,2.114260e+01,2.103826e+01,2.103826e+01,2.097560e+01,2.103130e+01,2.102434e+01,2.094774e+01,2.114955e+01,2.094774e+01,2.100345e+01,2.096864e+01,2.096864e+01,2.094077e+01,2.096864e+01,2.086412e+01,2.102434e+01,2.091987e+01,2.087109e+01,2.099649e+01,2.075251e+01,2.095471e+01,2.101042e+01,2.098953e+01,2.096864e+01,2.091987e+01,2.093381e+01,2.104522e+01,2.105218e+01,2.095471e+01,2.095471e+01,2.095471e+01,2.092684e+01,2.095471e+01,2.093381e+01,2.074553e+01,2.088503e+01,2.087806e+01,2.098953e+01,2.091987e+01,2.083623e+01,2.085017e+01,2.096167e+01,2.082925e+01,2.085017e+01,2.093381e+01,2.080135e+01,2.082228e+01,2.083623e+01,2.081530e+01,2.071062e+01,2.080135e+01,2.073855e+01,2.076647e+01,2.072459e+01,2.057787e+01,2.056389e+01,2.072459e+01,2.073855e+01,2.067570e+01,2.055690e+01,2.050094e+01,2.064078e+01,2.046595e+01,2.047994e+01,2.043795e+01,2.048694e+01,2.047994e+01,2.055690e+01,2.047994e+01,2.031185e+01,2.041694e+01,2.047295e+01,2.050793e+01,2.045195e+01,2.043094e+01,2.042394e+01,2.043795e+01,2.045195e+01,2.039593e+01,2.046595e+01,2.047994e+01,2.047994e+01,2.041694e+01,2.043795e+01,2.045895e+01,2.045895e+01,2.039593e+01,2.050094e+01,2.054990e+01,2.049394e+01,2.056389e+01,2.071062e+01,2.079438e+01,2.089200e+01,2.087109e+01,2.092684e+01,2.098953e+01,2.098953e+01,2.096864e+01,2.103826e+01,2.105914e+01,2.106609e+01,2.106609e+01,2.103826e+01,2.111479e+01,2.106609e+01,2.113565e+01,2.110088e+01,2.105914e+01,2.125378e+01,2.108696e+01,2.106609e+01,2.117041e+01,2.121905e+01,2.118431e+01,2.112174e+01,2.110783e+01,2.116345e+01,2.119820e+01,2.117041e+01,2.115650e+01,2.127461e+01,2.110088e+01,2.110088e+01,2.122600e+01,2.124683e+01,2.123294e+01,2.123294e+01,2.122600e+01,2.124683e+01,2.123989e+01,2.119126e+01,2.114955e+01,2.130238e+01,2.120515e+01,2.130932e+01,2.122600e+01,2.110783e+01,2.110088e+01,2.118431e+01,2.121210e+01,2.119820e+01,2.141339e+01,2.133708e+01,2.144112e+01,2.168345e+01,2.188381e+01,2.259225e+01,2.362889e+01,2.497057e+01,2.559839e+01,2.607676e+01,2.638786e+01,2.640769e+01,2.636803e+01,2.609664e+01,2.587106e+01,2.542512e+01,2.503754e+01,2.470227e+01,2.419733e+01,2.385258e+01,2.341151e+01,2.319368e+01,2.298221e+01,2.248939e+01,2.245507e+01,2.216640e+01,2.211132e+01,2.201486e+01,2.195970e+01,2.198729e+01,2.194591e+01,2.198729e+01,2.180786e+01,2.182858e+01,2.198039e+01,2.180095e+01,2.191141e+01,2.180095e+01,2.191141e+01,2.166270e+01,2.180095e+01,2.187691e+01,2.189761e+01,2.182167e+01,2.169728e+01,2.183548e+01,2.183548e+01,2.183548e+01,2.178022e+01,2.164195e+01,2.161427e+01,2.164887e+01,2.159351e+01,2.156582e+01,2.156582e+01,2.155890e+01,2.153812e+01,2.146884e+01,2.151734e+01,2.158659e+01,2.153119e+01,2.160043e+01,2.155890e+01,2.155197e+01,2.160043e+01,2.153812e+01,2.153812e+01,2.164195e+01,2.164887e+01,2.158659e+01,2.162811e+01,2.171111e+01,2.171802e+01,2.184929e+01,2.174567e+01,2.190451e+01,2.189071e+01,2.195970e+01,2.195970e+01,2.213886e+01,2.219393e+01,2.204932e+01,2.216640e+01,2.222833e+01,2.215263e+01,2.225584e+01,2.228334e+01,2.229022e+01,2.229022e+01,2.237268e+01,2.235207e+01,2.233833e+01,2.224208e+01,2.232458e+01,2.237268e+01,2.233833e+01,2.237268e+01,2.237955e+01,2.247566e+01,2.246194e+01,2.233146e+01,2.237955e+01,2.242075e+01,2.239328e+01,2.237955e+01,2.242075e+01,2.229709e+01,2.240015e+01,2.220081e+01,2.240015e+01,2.236581e+01,2.231771e+01,2.226271e+01,2.218016e+01,2.224208e+01,2.231084e+01,2.231084e+01,2.226271e+01,2.240702e+01,2.209066e+01,2.232458e+01,2.224208e+01,2.235894e+01,2.237268e+01,2.219393e+01,2.229022e+01,2.232458e+01,2.228334e+01,2.237955e+01,2.235894e+01,2.229709e+01,2.226959e+01,2.235207e+01,2.231084e+01,2.229709e+01,2.222833e+01,2.226959e+01,2.232458e+01,2.213886e+01,2.220769e+01,2.228334e+01,2.238642e+01,2.233833e+01,2.230396e+01,2.230396e+01,2.232458e+01,2.230396e+01,2.235207e+01,2.228334e+01,2.228334e+01,2.242762e+01,2.226271e+01,2.226959e+01,2.226959e+01,2.237268e+01,2.232458e+01,2.229709e+01,2.229709e+01,2.228334e+01,2.226271e+01,2.235207e+01,2.233146e+01,2.224896e+01,2.224208e+01,2.222833e+01,2.220769e+01,2.215263e+01,2.220081e+01,2.226271e+01,2.215952e+01,2.224896e+01,2.212509e+01,2.228334e+01,2.229709e+01,2.229709e+01,2.206310e+01,2.216640e+01,2.211132e+01,2.216640e+01,2.211821e+01
2.214575e+01,2.206310e+01,2.203554e+01,2.207688e+01,2.191831e+01,2.201486e+01,2.189761e+01,2.200107e+01,2.194591e+01,2.201486e+01,2.201486e+01,2.185620e+01,2.182167e+01,2.183548e+01,2.184929e+01,2.179404e+01,2.173876e+01,2.171111e+01,2.179404e+01,2.178713e+01,2.184929e+01,2.181476e+01,2.192521e+01,2.205621e+01,2.206310e+01,2.206310e+01,2.204932e+01,2.200797e+01,2.211821e+01,2.206999e+01,2.212509e+01,2.211821e+01,2.202865e+01,2.208377e+01,2.206310e+01,2.208377e+01,2.211132e+01,2.207688e+01,2.211132e+01,2.206999e+01,2.215263e+01,2.213198e+01,2.215263e+01,2.215952e+01,2.206999e+01,2.212509e+01,2.227647e+01,2.225584e+01,2.226959e+01,2.222145e+01,2.219393e+01,2.222145e+01,2.221457e+01,2.221457e+01,2.236581e+01,2.226959e+01,2.227647e+01,2.233833e+01,2.215952e+01,2.235207e+01,2.233833e+01,2.232458e+01,2.236581e+01,2.236581e+01,2.231771e+01,2.215263e+01,2.231771e+01,2.233833e+01,2.226959e+01,2.222145e+01,2.234520e+01,2.225584e+01,2.233146e+01,2.228334e+01,2.220769e+01,2.216640e+01,2.220081e+01,2.217328e+01,2.226271e+01,2.222833e+01,2.214575e+01,2.213198e+01,2.212509e+01,2.220769e+01,2.217328e+01,2.211821e+01,2.206999e+01,2.217328e+01,2.213198e+01,2.214575e+01,2.211132e+01,2.207688e+01,2.208377e+01,2.216640e+01,2.204243e+01,2.204243e+01,2.213886e+01,2.204243e+01,2.194591e+01,2.215263e+01,2.214575e+01,2.198039e+01,2.198729e+01,2.195970e+01,2.211821e+01,2.212509e+01,2.212509e+01,2.206999e+01,2.206310e+01,2.221457e+01,2.222145e+01,2.229022e+01,2.226271e+01,2.224896e+01,2.224208e+01,2.225584e+01,2.224208e+01,2.214575e+01,2.218705e+01,2.213198e+01,2.221457e+01,2.218016e+01,2.218705e+01,2.212509e+01,2.222145e+01,2.218705e+01,2.216640e+01,2.211821e+01,2.193901e+01,2.180786e+01,2.185620e+01,2.196660e+01,2.206999e+01,2.204932e+01,2.211821e+01,2.205621e+01,2.210443e+01,2.200797e+01,2.202176e+01,2.200107e+01,2.203554e+01,2.215952e+01,2.216640e+01,2.213886e+01,2.213886e+01,2.214575e+01,2.214575e+01,2.211132e+01,2.206310e+01,2.210443e+01,2.206310e+01,2.206310e+01,2.198039e+01,2.212509e+01,2.214575e+01,2.205621e+01,2.189761e+01,2.204932e+01,2.208377e+01,2.204932e+01,2.210443e+01,2.210443e+01,2.197349e+01,2.201486e+01,2.202176e+01,2.206999e+01,2.205621e+01,2.203554e+01,2.196660e+01,2.200797e+01,2.200107e+01,2.197349e+01,2.194591e+01,2.198039e+01,2.182858e+01,2.189071e+01,2.198729e+01,2.190451e+01,2.191831e+01,2.195970e+01,2.188381e+01,2.190451e+01,2.196660e+01,2.189761e+01,2.180786e+01,2.195280e+01,2.191831e+01,2.185620e+01,2.187691e+01,2.187691e+01,2.180095e+01,2.180786e+01,2.178713e+01,2.178022e+01,2.179404e+01,2.155890e+01,2.165579e+01,2.163503e+01,2.147577e+01,2.143419e+01,2.121210e+01,2.110783e+01,2.106609e+01,2.103826e+01,2.091291e+01,2.081530e+01,2.078042e+01,2.096864e+01,2.074553e+01,2.085715e+01,2.078042e+01,2.071761e+01,2.075949e+01,2.078042e+01,2.068967e+01,2.063379e+01,2.085715e+01,2.089897e+01,2.106609e+01,2.105914e+01,2.140645e+01,2.221457e+01,2.333668e+01,2.408930e+01,2.429852e+01,2.466868e+01,2.469555e+01,2.505762e+01,2.513791e+01,2.535839e+01,2.543179e+01,2.553844e+01,2.559839e+01,2.537841e+01,2.456113e+01,2.241389e+01,2.162119e+01,2.142725e+01,2.148963e+01,2.137871e+01,2.149656e+01,2.148270e+01,2.146884e+01,2.154505e+01,2.152427e+01,2.148270e+01,2.146884e+01,2.158659e+01,2.150349e+01,2.150349e+01,2.156582e+01,2.161427e+01,2.161427e+01,2.158659e+01,2.168345e+01,2.163503e+01,2.160043e+01,2.157274e+01,2.162119e+01,2.162811e+01,2.160043e+01,2.155197e+01,2.149656e+01,2.153812e+01,2.152427e+01,2.166270e+01,2.172494e+01,2.169728e+01,2.165579e+01,2.162811e+01,2.161427e+01,2.173876e+01,2.159351e+01,2.165579e+01,2.157274e+01,2.164195e+01,2.149656e+01,2.166270e+01,2.162811e+01,2.153812e+01,2.158659e+01,2.164195e+01,2.157274e+01,2.153119e+01,2.160043e+01,2.155890e+01,2.151734e+01,2.144112e+01,2.142725e+01,2.146884e+01,2.139952e+01,2.133014e+01,2.127461e+01,2.124683e+01,2.113565e+01,2.119820e+01,2.115650e+01,2.112174e+01,2.109392e+01,2.117041e+01,2.112174e+01,2.112174e+01,2.108696e+01,2.101738e+01,2.100345e+01,2.101738e+01,2.108696e+01,2.100345e+01,2.101738e+01,2.108001e+01,2.100345e+01,2.107305e+01,2.105914e+01,2.108696e+01,2.110088e+01,2.107305e+01,2.116345e+01,2.110088e+01,2.109392e+01,2.103826e+01,2.102434e+01,2.101042e+01,2.098256e+01,2.103130e+01,2.091987e+01,2.099649e+01,2.101042e+01,2.100345e+01,2.102434e+01,2.096167e+01,2.094077e+01,2.088503e+01,2.088503e+01,2.087109e+01,2.092684e+01,2.098953e+01,2.096864e+01,2.093381e+01,2.099649e+01,2.095471e+01,2.096167e+01,2.093381e+01,2.091291e+01,2.097560e+01,2.078740e+01,2.089897e+01,2.090594e+01,2.095471e+01,2.096167e+01,2.095471e+01,2.097560e+01,2.098256e+01,2.103130e+01,2.087109e+01,2.085017e+01,2.084320e+01,2.085017e+01,2.084320e+01,2.086412e+01,2.095471e+01,2.083623e+01,2.083623e+01,2.085715e+01,2.078740e+01,2.081530e+01,2.084320e+01,2.063379e+01,2.081530e+01,2.061282e+01,2.061981e+01,2.060583e+01,2.059884e+01,2.068269e+01,2.059884e+01,2.069666e+01,2.047295e+01,2.069666e+01,2.066872e+01,2.055690e+01,2.056389e+01,2.043094e+01,2.047994e+01,2.042394e+01,2.050793e+01,2.047295e+01,2.049394e+01,2.052192e+01,2.043094e+01,2.047295e+01,2.035390e+01,2.045895e+01,2.052192e+01,2.042394e+01,2.045195e+01,2.045195e+01,2.043094e+01,2.047994e+01,2.044495e+01,2.044495e+01,2.040994e+01,2.047295e+01,2.042394e+01,2.045895e+01,2.053592e+01,2.036791e+01,2.051493e+01,2.051493e+01,2.064078e+01,2.068269e+01,2.084320e+01,2.082228e+01,2.091291e+01,2.078740e+01,2.091987e+01,2.096167e+01,2.094077e+01,2.098953e+01,2.099649e+01,2.106609e+01,2.099649e+01,2.104522e+01,2.099649e+01,2.101738e+01,2.112174e+01,2.103826e+01,2.128850e+01,2.109392e+01,2.110088e+01,2.110783e+01,2.116345e+01,2.110088e+01,2.124683e+01,2.108696e+01,2.118431e+01,2.121210e+01,2.114955e+01,2.122600e+01,2.117041e+01,2.116345e+01,2.110783e+01,2.121210e+01,2.119820e+01,2.120515e+01,2.112869e+01,2.125378e+01,2.118431e+01,2.112869e+01,2.111479e+01,2.109392e+01,2.114260e+01,2.121210e+01,2.119820e+01,2.114260e+01,2.110088e+01,2.109392e+01,2.117736e+01,2.122600e+01,2.119820e+01,2.119820e+01,2.137177e+01,2.128850e+01,2.126767e+01,2.143419e+01,2.143419e+01,2.184239e+01,2.255112e+01,2.362889e+01,2.493037e+01,2.553178e+01,2.601708e+01,2.641430e+01,2.644073e+01,2.638786e+01,2.620263e+01,2.593746e+01,2.582456e+01,2.539176e+01,2.529163e+01,2.456786e+01,2.421083e+01,2.363567e+01,2.320049e+01,2.307777e+01,2.281820e+01,2.248252e+01,2.221457e+01,2.215952e+01,2.220081e+01,2.201486e+01,2.200797e+01,2.198039e+01,2.199418e+01,2.198039e+01,2.191831e+01,2.173185e+01,2.191141e+01,2.169728e+01,2.186310e+01,2.175949e+01,2.186310e+01,2.184929e+01,2.174567e+01,2.175949e+01,2.176641e+01,2.168345e+01,2.179404e+01,2.181476e+01,2.177332e+01,2.170420e+01,2.164887e+01,2.164195e+01,2.160735e+01,2.157274e+01,2.158659e+01,2.145498e+01,2.158659e+01,2.153812e+01,2.155890e+01,2.153812e+01,2.152427e+01,2.155890e+01,2.151734e+01,2.156582e+01,2.153119e+01,2.162119e+01,2.155197e+01,2.162119e+01,2.162119e+01,2.165579e+01,2.166962e+01,2.159351e+01,2.180786e+01,2.185620e+01,2.164195e+01,2.189761e+01,2.191831e+01,2.194591e+01,2.195970e+01,2.207688e+01,2.193901e+01,2.215952e+01,2.215952e+01,2.230396e+01,2.226271e+01,2.222833e+01,2.224896e+01,2.221457e+01,2.229709e+01,2.224896e+01,2.233833e+01,2.222145e+01,2.229709e+01,2.232458e+01,2.232458e+01,2.233833e+01,2.222145e+01,2.230396e+01,2.225584e+01,2.231771e+01,2.248252e+01,2.241389e+01,2.248252e+01,2.242075e+01,2.240702e+01,2.241389e+01,2.242762e+01,2.225584e+01,2.243448e+01,2.235207e+01,2.230396e+01,2.233146e+01,2.238642e+01,2.224896e+01,2.235207e+01,2.239328e+01,2.234520e+01,2.228334e+01,2.229022e+01,2.238642e+01,2.234520e+01,2.233146e+01,2.226959e+01,2.234520e+01,2.237268e+01,2.231771e+01,2.232458e+01,2.231771e+01,2.234520e+01,2.235894e+01,2.234520e+01,2.228334e+01,2.229709e+01,2.233833e+01,2.226959e+01,2.235207e+01,2.227647e+01,2.226271e+01,2.227647e+01,2.235894e+01,2.231771e+01,2.224896e+01,2.222833e+01,2.230396e+01,2.229022e+01,2.227647e+01,2.234520e+01,2.245507e+01,2.228334e+01,2.235207e+01,2.221457e+01,2.242075e+01,2.231084e+01,2.235207e+01,2.225584e+01,2.231771e+01,2.232458e+01,2.225584e+01,2.227647e+01,2.240702e+01,2.227647e+01,2.236581e+01,2.226959e+01,2.228334e+01,2.226271e+01,2.212509e+01,2.217328e+01,2.229709e+01,2.223520e+01,2.216640e+01,2.217328e+01,2.209755e+01,2.212509e+01,2.205621e+01,2.230396e+01,2.203554e+01,2.204243e+01,2.218016e+01,2.207688e+01,2.217328e+01,2.218016e+01
2.215263e+01,2.213198e+01,2.209755e+01,2.198039e+01,2.192521e+01,2.198729e+01,2.200797e+01,2.185620e+01,2.192521e+01,2.193211e+01,2.192521e+01,2.185620e+01,2.188381e+01,2.189761e+01,2.164195e+01,2.185620e+01,2.185620e+01,2.172494e+01,2.191141e+01,2.191831e+01,2.191141e+01,2.181476e+01,2.195280e+01,2.195970e+01,2.200797e+01,2.208377e+01,2.206310e+01,2.206310e+01,2.208377e+01,2.204243e+01,2.215263e+01,2.214575e+01,2.204243e+01,2.213886e+01,2.215952e+01,2.207688e+01,2.211132e+01,2.216640e+01,2.208377e+01,2.203554e+01,2.220769e+01,2.209755e+01,2.215263e+01,2.222145e+01,2.219393e+01,2.214575e+01,2.209066e+01,2.228334e+01,2.221457e+01,2.221457e+01,2.221457e+01,2.222145e+01,2.228334e+01,2.235207e+01,2.230396e+01,2.235894e+01,2.238642e+01,2.238642e+01,2.222145e+01,2.241389e+01,2.235207e+01,2.233146e+01,2.239328e+01,2.233146e+01,2.216640e+01,2.224208e+01,2.229022e+01,2.234520e+01,2.243448e+01,2.244135e+01,2.237268e+01,2.235207e+01,2.224208e+01,2.224896e+01,2.224208e+01,2.226271e+01,2.226271e+01,2.213886e+01,2.219393e+01,2.220769e+01,2.216640e+01,2.220769e+01,2.217328e+01,2.212509e+01,2.235207e+01,2.210443e+01,2.219393e+01,2.213886e+01,2.198729e+01,2.212509e+01,2.201486e+01,2.213886e+01,2.210443e+01,2.201486e+01,2.205621e+01,2.202865e+01,2.201486e+01,2.215952e+01,2.198039e+01,2.213886e+01,2.196660e+01,2.213198e+01,2.208377e+01,2.213198e+01,2.211821e+01,2.211132e+01,2.213198e+01,2.212509e+01,2.217328e+01,2.209066e+01,2.218705e+01,2.224896e+01,2.228334e+01,2.226959e+01,2.225584e+01,2.222833e+01,2.223520e+01,2.220769e+01,2.224208e+01,2.227647e+01,2.226959e+01,2.214575e+01,2.219393e+01,2.218705e+01,2.212509e+01,2.218705e+01,2.206999e+01,2.200797e+01,2.182858e+01,2.181476e+01,2.200797e+01,2.179404e+01,2.209066e+01,2.205621e+01,2.193211e+01,2.202865e+01,2.210443e+01,2.221457e+01,2.215263e+01,2.202176e+01,2.215952e+01,2.206310e+01,2.205621e+01,2.218016e+01,2.213198e+01,2.237955e+01,2.215952e+01,2.216640e+01,2.211821e+01,2.224896e+01,2.211821e+01,2.212509e+01,2.221457e+01,2.216640e+01,2.211821e+01,2.206999e+01,2.202176e+01,2.203554e+01,2.211132e+01,2.205621e+01,2.211132e+01,2.207688e+01,2.213198e+01,2.207688e+01,2.200107e+01,2.210443e+01,2.216640e+01,2.203554e+01,2.200797e+01,2.200797e+01,2.197349e+01,2.193901e+01,2.191831e+01,2.200797e+01,2.194591e+01,2.202865e+01,2.190451e+01,2.190451e+01,2.196660e+01,2.189071e+01,2.195280e+01,2.189071e+01,2.178022e+01,2.198729e+01,2.191141e+01,2.193211e+01,2.186310e+01,2.185620e+01,2.180786e+01,2.183548e+01,2.182858e+01,2.180095e+01,2.182167e+01,2.174567e+01,2.163503e+01,2.166270e+01,2.166270e+01,2.149656e+01,2.141339e+01,2.140645e+01,2.130932e+01,2.115650e+01,2.106609e+01,2.110783e+01,2.085715e+01,2.090594e+01,2.089200e+01,2.099649e+01,2.079438e+01,2.090594e+01,2.080833e+01,2.073157e+01,2.077344e+01,2.073157e+01,2.079438e+01,2.076647e+01,2.080833e+01,2.090594e+01,2.110088e+01,2.114260e+01,2.149656e+01,2.188381e+01,2.333668e+01,2.440634e+01,2.464180e+01,2.469555e+01,2.493037e+01,2.513791e+01,2.529163e+01,2.529163e+01,2.528495e+01,2.553178e+01,2.543845e+01,2.497057e+01,2.326861e+01,2.190451e+01,2.153119e+01,2.135790e+01,2.139258e+01,2.143419e+01,2.154505e+01,2.150349e+01,2.142725e+01,2.156582e+01,2.148963e+01,2.157274e+01,2.161427e+01,2.157274e+01,2.153812e+01,2.160043e+01,2.163503e+01,2.160043e+01,2.165579e+01,2.169728e+01,2.154505e+01,2.154505e+01,2.162119e+01,2.160735e+01,2.160043e+01,2.162119e+01,2.163503e+01,2.151042e+01,2.159351e+01,2.163503e+01,2.157274e+01,2.163503e+01,2.164195e+01,2.163503e+01,2.166962e+01,2.161427e+01,2.171802e+01,2.162811e+01,2.157967e+01,2.157967e+01,2.167654e+01,2.166962e+01,2.162119e+01,2.165579e+01,2.164195e+01,2.168345e+01,2.162811e+01,2.164195e+01,2.154505e+01,2.171802e+01,2.155890e+01,2.162811e+01,2.150349e+01,2.146884e+01,2.147577e+01,2.142032e+01,2.142725e+01,2.142725e+01,2.122600e+01,2.123989e+01,2.121905e+01,2.113565e+01,2.114955e+01,2.110783e+01,2.113565e+01,2.119126e+01,2.114260e+01,2.117736e+01,2.110088e+01,2.112869e+01,2.097560e+01,2.106609e+01,2.098256e+01,2.096864e+01,2.103826e+01,2.098953e+01,2.109392e+01,2.105218e+01,2.103826e+01,2.117041e+01,2.108696e+01,2.106609e+01,2.107305e+01,2.109392e+01,2.110088e+01,2.107305e+01,2.103826e+01,2.102434e+01,2.095471e+01,2.096864e+01,2.098953e+01,2.092684e+01,2.102434e+01,2.096167e+01,2.096864e+01,2.098256e+01,2.092684e+01,2.091291e+01,2.096167e+01,2.083623e+01,2.094774e+01,2.096864e+01,2.098953e+01,2.105218e+01,2.101738e+01,2.095471e+01,2.089200e+01,2.096167e+01,2.089897e+01,2.100345e+01,2.103826e+01,2.085715e+01,2.087806e+01,2.105218e+01,2.088503e+01,2.096864e+01,2.093381e+01,2.092684e+01,2.086412e+01,2.080833e+01,2.083623e+01,2.080833e+01,2.087109e+01,2.096864e+01,2.083623e+01,2.080833e+01,2.082228e+01,2.078042e+01,2.070364e+01,2.086412e+01,2.066872e+01,2.073157e+01,2.076647e+01,2.052892e+01,2.062680e+01,2.061282e+01,2.060583e+01,2.056389e+01,2.062680e+01,2.065475e+01,2.053592e+01,2.056389e+01,2.042394e+01,2.054990e+01,2.052892e+01,2.052192e+01,2.051493e+01,2.045895e+01,2.069666e+01,2.053592e+01,2.055690e+01,2.054990e+01,2.041694e+01,2.052192e+01,2.042394e+01,2.037492e+01,2.047295e+01,2.043795e+01,2.045895e+01,2.044495e+01,2.040994e+01,2.048694e+01,2.045195e+01,2.043795e+01,2.052192e+01,2.039593e+01,2.041694e+01,2.042394e+01,2.040994e+01,2.050094e+01,2.040294e+01,2.047295e+01,2.058486e+01,2.073855e+01,2.075949e+01,2.087806e+01,2.086412e+01,2.088503e+01,2.091291e+01,2.098953e+01,2.100345e+01,2.095471e+01,2.098256e+01,2.096864e+01,2.098256e+01,2.107305e+01,2.102434e+01,2.115650e+01,2.105914e+01,2.101042e+01,2.108001e+01,2.112174e+01,2.113565e+01,2.112869e+01,2.114955e+01,2.111479e+01,2.114955e+01,2.113565e+01,2.112869e+01,2.115650e+01,2.110088e+01,2.110088e+01,2.114260e+01,2.112174e+01,2.113565e+01,2.108001e+01,2.121905e+01,2.109392e+01,2.116345e+01,2.109392e+01,2.110088e+01,2.120515e+01,2.128850e+01,2.112174e+01,2.119126e+01,2.121905e+01,2.117041e+01,2.118431e+01,2.114955e+01,2.119126e+01,2.132320e+01,2.131626e+01,2.118431e+01,2.119820e+01,2.118431e+01,2.121905e+01,2.127461e+01,2.137177e+01,2.135096e+01,2.144112e+01,2.191141e+01,2.231771e+01,2.345910e+01,2.463508e+01,2.541844e+01,2.579798e+01,2.624897e+01,2.649356e+01,2.645394e+01,2.638786e+01,2.644733e+01,2.611653e+01,2.571154e+01,2.545846e+01,2.489015e+01,2.437266e+01,2.405551e+01,2.356101e+01,2.335710e+01,2.296856e+01,2.287290e+01,2.247566e+01,2.242762e+01,2.216640e+01,2.205621e+01,2.205621e+01,2.202865e+01,2.197349e+01,2.192521e+01,2.201486e+01,2.192521e+01,2.185620e+01,2.189071e+01,2.184239e+01,2.178713e+01,2.180095e+01,2.177332e+01,2.185620e+01,2.178713e+01,2.180786e+01,2.188381e+01,2.180786e+01,2.176641e+01,2.180095e+01,2.177332e+01,2.174567e+01,2.167654e+01,2.167654e+01,2.155197e+01,2.157274e+01,2.156582e+01,2.147577e+01,2.161427e+01,2.153812e+01,2.151042e+01,2.151042e+01,2.165579e+01,2.153119e+01,2.153812e+01,2.175258e+01,2.158659e+01,2.158659e+01,2.156582e+01,2.166962e+01,2.166270e+01,2.169037e+01,2.165579e+01,2.162811e+01,2.166962e+01,2.173876e+01,2.178022e+01,2.193211e+01,2.181476e+01,2.184929e+01,2.187000e+01,2.195280e+01,2.214575e+01,2.218016e+01,2.193901e+01,2.212509e+01,2.215952e+01,2.217328e+01,2.229022e+01,2.220769e+01,2.229709e+01,2.231084e+01,2.238642e+01,2.234520e+01,2.229709e+01,2.237268e+01,2.233833e+01,2.235894e+01,2.233833e+01,2.241389e+01,2.237268e+01,2.237268e+01,2.244135e+01,2.234520e+01,2.238642e+01,2.241389e+01,2.242075e+01,2.239328e+01,2.244821e+01,2.238642e+01,2.235894e+01,2.235207e+01,2.234520e+01,2.234520e+01,2.237268e+01,2.224208e+01,2.231771e+01,2.229709e+01,2.223520e+01,2.223520e+01,2.224896e+01,2.228334e+01,2.226959e+01,2.237955e+01,2.227647e+01,2.233833e+01,2.233833e+01,2.229022e+01,2.231771e+01,2.237268e+01,2.237268e+01,2.236581e+01,2.238642e+01,2.240015e+01,2.237268e+01,2.237268e+01,2.233146e+01,2.231084e+01,2.241389e+01,2.234520e+01,2.215952e+01,2.230396e+01,2.240702e+01,2.224896e+01,2.233833e+01,2.236581e+01,2.231771e+01,2.231084e+01,2.231771e+01,2.236581e+01,2.235207e+01,2.246880e+01,2.232458e+01,2.247566e+01,2.233833e+01,2.234520e+01,2.226959e+01,2.232458e+01,2.227647e+01,2.231084e+01,2.242762e+01,2.230396e+01,2.229022e+01,2.229022e+01,2.215952e+01,2.225584e+01,2.230396e+01,2.223520e+01,2.220769e+01,2.223520e+01,2.219393e+01,2.221457e+01,2.222145e+01,2.206999e+01,2.209755e+01,2.228334e+01,2.223520e+01,2.219393e+01,2.218705e+01,2.221457e+01,2.211132e+01,2.205621e+01
2.212509e+01,2.209066e+01,2.211132e+01,2.200797e+01,2.200107e+01,2.200107e+01,2.189071e+01,2.187691e+01,2.189071e+01,2.185620e+01,2.187691e+01,2.194591e+01,2.198729e+01,2.185620e+01,2.180095e+01,2.184239e+01,2.192521e+01,2.181476e+01,2.165579e+01,2.189761e+01,2.179404e+01,2.184239e+01,2.202865e+01,2.206310e+01,2.202176e+01,2.206310e+01,2.207688e+01,2.204932e+01,2.207688e+01,2.208377e+01,2.202176e+01,2.226959e+01,2.206310e+01,2.206310e+01,2.211132e+01,2.215952e+01,2.212509e+01,2.223520e+01,2.217328e+01,2.211132e+01,2.213886e+01,2.222145e+01,2.219393e+01,2.223520e+01,2.222145e+01,2.225584e+01,2.211821e+01,2.231771e+01,2.220769e+01,2.227647e+01,2.221457e+01,2.226959e+01,2.226271e+01,2.226959e+01,2.224208e+01,2.224896e+01,2.222833e+01,2.238642e+01,2.232458e+01,2.244135e+01,2.242075e+01,2.235894e+01,2.236581e+01,2.221457e+01,2.235207e+01,2.234520e+01,2.223520e+01,2.230396e+01,2.224896e+01,2.229709e+01,2.231084e+01,2.220769e+01,2.220769e+01,2.218016e+01,2.219393e+01,2.217328e+01,2.216640e+01,2.215263e+01,2.221457e+01,2.217328e+01,2.218705e+01,2.218016e+01,2.218016e+01,2.217328e+01,2.210443e+01,2.201486e+01,2.218016e+01,2.207688e+01,2.206310e+01,2.213198e+01,2.206310e+01,2.204243e+01,2.205621e+01,2.214575e+01,2.189761e+01,2.189761e+01,2.200107e+01,2.206310e+01,2.209755e+01,2.202176e+01,2.201486e+01,2.204243e+01,2.204932e+01,2.204932e+01,2.207688e+01,2.214575e+01,2.215263e+01,2.218705e+01,2.220769e+01,2.209066e+01,2.226271e+01,2.225584e+01,2.212509e+01,2.235894e+01,2.221457e+01,2.220769e+01,2.218016e+01,2.215263e+01,2.220081e+01,2.213198e+01,2.225584e+01,2.209066e+01,2.222833e+01,2.220081e+01,2.220081e+01,2.206310e+01,2.204932e+01,2.179404e+01,2.173876e+01,2.184239e+01,2.184929e+01,2.181476e+01,2.191831e+01,2.208377e+01,2.208377e+01,2.210443e+01,2.202176e+01,2.206999e+01,2.206310e+01,2.207688e+01,2.205621e+01,2.212509e+01,2.210443e+01,2.213198e+01,2.212509e+01,2.237955e+01,2.213886e+01,2.218705e+01,2.213886e+01,2.215952e+01,2.211132e+01,2.218705e+01,2.218705e+01,2.210443e+01,2.211821e+01,2.203554e+01,2.197349e+01,2.208377e+01,2.205621e+01,2.204932e+01,2.211132e+01,2.207688e+01,2.207688e+01,2.209755e+01,2.210443e+01,2.207688e+01,2.206999e+01,2.202865e+01,2.200107e+01,2.200797e+01,2.200797e+01,2.200107e+01,2.195970e+01,2.196660e+01,2.198039e+01,2.206310e+01,2.199418e+01,2.193901e+01,2.206999e+01,2.193901e+01,2.202176e+01,2.193901e+01,2.184929e+01,2.204243e+01,2.200107e+01,2.199418e+01,2.187000e+01,2.185620e+01,2.186310e+01,2.184239e+01,2.182167e+01,2.180786e+01,2.174567e+01,2.167654e+01,2.163503e+01,2.169728e+01,2.163503e+01,2.160735e+01,2.151734e+01,2.125378e+01,2.119126e+01,2.114955e+01,2.094774e+01,2.089897e+01,2.083623e+01,2.089200e+01,2.091291e+01,2.093381e+01,2.087806e+01,2.094774e+01,2.085017e+01,2.090594e+01,2.085715e+01,2.078740e+01,2.083623e+01,2.082925e+01,2.089200e+01,2.107305e+01,2.108696e+01,2.112869e+01,2.138565e+01,2.196660e+01,2.320049e+01,2.429177e+01,2.484321e+01,2.493707e+01,2.509108e+01,2.521146e+01,2.514460e+01,2.528495e+01,2.521146e+01,2.539843e+01,2.520477e+01,2.430526e+01,2.237955e+01,2.154505e+01,2.144112e+01,2.140645e+01,2.145498e+01,2.130932e+01,2.149656e+01,2.148963e+01,2.161427e+01,2.161427e+01,2.152427e+01,2.160043e+01,2.147577e+01,2.155197e+01,2.153119e+01,2.163503e+01,2.160735e+01,2.161427e+01,2.157967e+01,2.161427e+01,2.159351e+01,2.169728e+01,2.162119e+01,2.163503e+01,2.165579e+01,2.159351e+01,2.160043e+01,2.160043e+01,2.160735e+01,2.162119e+01,2.164887e+01,2.154505e+01,2.162811e+01,2.165579e+01,2.164887e+01,2.169037e+01,2.161427e+01,2.162811e+01,2.162811e+01,2.164887e+01,2.162811e+01,2.164887e+01,2.164195e+01,2.163503e+01,2.160735e+01,2.162811e+01,2.160735e+01,2.165579e+01,2.157967e+01,2.163503e+01,2.153119e+01,2.150349e+01,2.135790e+01,2.148270e+01,2.134402e+01,2.145498e+01,2.147577e+01,2.140645e+01,2.130932e+01,2.119126e+01,2.119126e+01,2.114260e+01,2.113565e+01,2.115650e+01,2.112869e+01,2.114955e+01,2.111479e+01,2.112174e+01,2.107305e+01,2.110783e+01,2.110088e+01,2.111479e+01,2.092684e+01,2.103130e+01,2.099649e+01,2.101738e+01,2.100345e+01,2.098256e+01,2.099649e+01,2.102434e+01,2.100345e+01,2.110088e+01,2.105914e+01,2.108001e+01,2.106609e+01,2.105218e+01,2.099649e+01,2.099649e+01,2.105218e+01,2.101042e+01,2.098256e+01,2.102434e+01,2.098953e+01,2.100345e+01,2.101042e+01,2.097560e+01,2.093381e+01,2.100345e+01,2.092684e+01,2.099649e+01,2.103130e+01,2.104522e+01,2.102434e+01,2.101042e+01,2.099649e+01,2.103826e+01,2.096864e+01,2.099649e+01,2.100345e+01,2.081530e+01,2.086412e+01,2.088503e+01,2.085715e+01,2.086412e+01,2.082925e+01,2.091291e+01,2.094774e+01,2.089200e+01,2.081530e+01,2.080833e+01,2.084320e+01,2.087109e+01,2.079438e+01,2.084320e+01,2.091291e+01,2.080833e+01,2.075251e+01,2.079438e+01,2.073855e+01,2.073157e+01,2.075251e+01,2.066174e+01,2.058486e+01,2.058486e+01,2.059185e+01,2.054291e+01,2.059884e+01,2.058486e+01,2.056389e+01,2.064078e+01,2.053592e+01,2.050793e+01,2.045895e+01,2.056389e+01,2.052892e+01,2.069666e+01,2.051493e+01,2.050793e+01,2.057787e+01,2.050094e+01,2.059884e+01,2.052192e+01,2.052192e+01,2.054291e+01,2.047994e+01,2.054990e+01,2.037492e+01,2.049394e+01,2.053592e+01,2.045895e+01,2.038893e+01,2.045895e+01,2.047994e+01,2.033988e+01,2.037492e+01,2.041694e+01,2.043795e+01,2.040994e+01,2.040294e+01,2.045195e+01,2.047295e+01,2.054990e+01,2.067570e+01,2.070364e+01,2.080135e+01,2.085715e+01,2.089897e+01,2.089200e+01,2.088503e+01,2.092684e+01,2.089200e+01,2.093381e+01,2.102434e+01,2.102434e+01,2.100345e+01,2.100345e+01,2.101042e+01,2.109392e+01,2.099649e+01,2.110088e+01,2.113565e+01,2.098953e+01,2.112174e+01,2.114955e+01,2.108696e+01,2.113565e+01,2.110783e+01,2.114955e+01,2.114955e+01,2.112174e+01,2.109392e+01,2.112174e+01,2.105914e+01,2.120515e+01,2.108001e+01,2.112869e+01,2.103130e+01,2.107305e+01,2.115650e+01,2.117736e+01,2.110088e+01,2.102434e+01,2.126767e+01,2.108696e+01,2.119126e+01,2.113565e+01,2.114260e+01,2.112869e+01,2.113565e+01,2.112174e+01,2.108696e+01,2.117736e+01,2.121210e+01,2.111479e+01,2.119820e+01,2.120515e+01,2.130238e+01,2.130932e+01,2.135096e+01,2.146191e+01,2.170420e+01,2.229709e+01,2.340471e+01,2.436592e+01,2.494377e+01,2.560505e+01,2.595737e+01,2.634820e+01,2.650016e+01,2.637464e+01,2.640769e+01,2.610990e+01,2.581791e+01,2.551845e+01,2.519140e+01,2.489015e+01,2.439287e+01,2.396086e+01,2.360853e+01,2.318005e+01,2.288657e+01,2.281820e+01,2.247566e+01,2.237268e+01,2.224896e+01,2.202865e+01,2.192521e+01,2.198729e+01,2.198039e+01,2.194591e+01,2.184929e+01,2.188381e+01,2.175949e+01,2.189071e+01,2.182167e+01,2.181476e+01,2.182167e+01,2.184929e+01,2.184929e+01,2.178713e+01,2.182858e+01,2.184239e+01,2.180095e+01,2.178713e+01,2.169728e+01,2.169037e+01,2.169037e+01,2.164887e+01,2.163503e+01,2.146884e+01,2.156582e+01,2.160043e+01,2.148963e+01,2.157274e+01,2.151734e+01,2.152427e+01,2.155197e+01,2.153812e+01,2.168345e+01,2.157274e+01,2.158659e+01,2.157274e+01,2.160043e+01,2.166962e+01,2.168345e+01,2.158659e+01,2.167654e+01,2.166962e+01,2.165579e+01,2.188381e+01,2.173876e+01,2.182167e+01,2.195280e+01,2.196660e+01,2.189071e+01,2.204243e+01,2.213198e+01,2.199418e+01,2.211821e+01,2.218705e+01,2.233833e+01,2.217328e+01,2.226959e+01,2.230396e+01,2.229022e+01,2.232458e+01,2.231084e+01,2.220769e+01,2.222145e+01,2.236581e+01,2.229709e+01,2.230396e+01,2.237268e+01,2.229022e+01,2.235207e+01,2.235894e+01,2.241389e+01,2.235894e+01,2.239328e+01,2.226271e+01,2.224896e+01,2.224896e+01,2.231084e+01,2.240015e+01,2.233146e+01,2.221457e+01,2.246880e+01,2.220081e+01,2.234520e+01,2.237955e+01,2.236581e+01,2.239328e+01,2.241389e+01,2.231771e+01,2.240702e+01,2.227647e+01,2.235207e+01,2.229022e+01,2.231084e+01,2.233833e+01,2.234520e+01,2.234520e+01,2.224896e+01,2.240015e+01,2.235207e+01,2.235207e+01,2.240702e+01,2.231084e+01,2.240015e+01,2.238642e+01,2.226959e+01,2.235207e+01,2.225584e+01,2.231084e+01,2.228334e+01,2.229022e+01,2.224896e+01,2.240015e+01,2.240702e+01,2.227647e+01,2.226271e+01,2.226959e+01,2.239328e+01,2.233833e+01,2.235894e+01,2.215952e+01,2.232458e+01,2.236581e+01,2.231084e+01,2.235894e+01,2.227647e+01,2.235894e+01,2.228334e+01,2.226271e+01,2.243448e+01,2.231771e+01,2.238642e+01,2.227647e+01,2.232458e+01,2.222145e+01,2.229022e+01,2.226959e+01,2.225584e+01,2.224208e+01,2.219393e+01,2.220081e+01,2.220769e+01,2.217328e+01,2.219393e+01,2.218016e+01,2.200797e+01,2.218705e+01,2.211132e+01,2.212509e+01,2.204932e+01,2.210443e+01
2.214575e+01,2.202865e+01,2.208377e+01,2.205621e+01,2.199418e+01,2.198039e+01,2.200107e+01,2.191141e+01,2.200107e+01,2.191831e+01,2.181476e+01,2.193211e+01,2.201486e+01,2.191831e+01,2.194591e+01,2.185620e+01,2.170420e+01,2.175949e+01,2.166962e+01,2.187691e+01,2.189761e+01,2.204243e+01,2.204932e+01,2.204932e+01,2.202865e+01,2.201486e+01,2.215263e+01,2.215952e+01,2.216640e+01,2.213886e+01,2.213886e+01,2.203554e+01,2.212509e+01,2.211821e+01,2.218705e+01,2.205621e+01,2.220081e+01,2.210443e+01,2.213198e+01,2.218705e+01,2.212509e+01,2.220769e+01,2.211132e+01,2.222833e+01,2.218705e+01,2.224896e+01,2.224208e+01,2.226271e+01,2.226271e+01,2.233146e+01,2.230396e+01,2.231771e+01,2.225584e+01,2.231771e+01,2.231771e+01,2.227647e+01,2.232458e+01,2.236581e+01,2.233833e+01,2.222145e+01,2.236581e+01,2.230396e+01,2.234520e+01,2.237268e+01,2.237955e+01,2.241389e+01,2.236581e+01,2.222833e+01,2.216640e+01,2.243448e+01,2.231084e+01,2.222833e+01,2.229709e+01,2.231771e+01,2.218016e+01,2.215952e+01,2.220081e+01,2.226959e+01,2.222833e+01,2.224208e+01,2.226959e+01,2.222145e+01,2.219393e+01,2.217328e+01,2.210443e+01,2.220081e+01,2.196660e+01,2.215952e+01,2.208377e+01,2.195280e+01,2.209066e+01,2.204932e+01,2.199418e+01,2.204243e+01,2.211132e+01,2.206999e+01,2.200107e+01,2.202176e+01,2.201486e+01,2.198729e+01,2.204243e+01,2.207688e+01,2.204243e+01,2.214575e+01,2.205621e+01,2.209066e+01,2.217328e+01,2.216640e+01,2.222145e+01,2.222145e+01,2.217328e+01,2.224208e+01,2.224896e+01,2.224208e+01,2.224896e+01,2.221457e+01,2.219393e+01,2.221457e+01,2.217328e+01,2.219393e+01,2.219393e+01,2.216640e+01,2.219393e+01,2.211132e+01,2.217328e+01,2.211821e+01,2.186310e+01,2.184239e+01,2.187000e+01,2.189071e+01,2.180095e+01,2.201486e+01,2.200107e+01,2.204932e+01,2.202176e+01,2.206310e+01,2.204243e+01,2.206999e+01,2.202865e+01,2.216640e+01,2.222145e+01,2.207688e+01,2.214575e+01,2.213198e+01,2.215263e+01,2.217328e+01,2.213198e+01,2.213198e+01,2.206310e+01,2.220081e+01,2.206310e+01,2.212509e+01,2.216640e+01,2.211132e+01,2.207688e+01,2.206999e+01,2.188381e+01,2.204243e+01,2.211821e+01,2.206999e+01,2.212509e+01,2.204243e+01,2.213198e+01,2.209066e+01,2.209066e+01,2.208377e+01,2.200107e+01,2.211132e+01,2.201486e+01,2.202865e+01,2.198039e+01,2.198039e+01,2.197349e+01,2.201486e+01,2.189071e+01,2.206999e+01,2.204932e+01,2.194591e+01,2.187691e+01,2.190451e+01,2.198729e+01,2.188381e+01,2.184929e+01,2.202176e+01,2.191141e+01,2.199418e+01,2.186310e+01,2.183548e+01,2.187691e+01,2.182167e+01,2.183548e+01,2.175949e+01,2.176641e+01,2.178022e+01,2.162811e+01,2.163503e+01,2.164887e+01,2.154505e+01,2.158659e+01,2.137177e+01,2.136484e+01,2.115650e+01,2.096167e+01,2.087806e+01,2.085017e+01,2.095471e+01,2.112869e+01,2.094774e+01,2.093381e+01,2.092684e+01,2.110088e+01,2.108696e+01,2.082228e+01,2.086412e+01,2.105914e+01,2.108001e+01,2.105218e+01,2.103826e+01,2.103130e+01,2.110783e+01,2.120515e+01,2.180786e+01,2.296173e+01,2.439287e+01,2.504423e+01,2.494377e+01,2.517135e+01,2.516466e+01,2.530499e+01,2.527159e+01,2.528495e+01,2.526491e+01,2.489686e+01,2.347949e+01,2.181476e+01,2.137871e+01,2.148270e+01,2.139258e+01,2.137177e+01,2.161427e+01,2.154505e+01,2.142725e+01,2.165579e+01,2.142725e+01,2.162119e+01,2.155890e+01,2.157274e+01,2.161427e+01,2.162811e+01,2.155197e+01,2.167654e+01,2.169037e+01,2.160043e+01,2.173185e+01,2.161427e+01,2.163503e+01,2.173185e+01,2.161427e+01,2.162811e+01,2.164887e+01,2.165579e+01,2.166270e+01,2.164195e+01,2.153812e+01,2.162811e+01,2.164195e+01,2.161427e+01,2.164887e+01,2.167654e+01,2.161427e+01,2.170420e+01,2.168345e+01,2.168345e+01,2.159351e+01,2.162811e+01,2.164195e+01,2.157967e+01,2.162811e+01,2.166962e+01,2.165579e+01,2.161427e+01,2.157967e+01,2.164195e+01,2.155197e+01,2.168345e+01,2.148963e+01,2.148963e+01,2.151042e+01,2.148963e+01,2.144805e+01,2.127461e+01,2.129544e+01,2.125378e+01,2.118431e+01,2.116345e+01,2.114260e+01,2.107305e+01,2.110088e+01,2.116345e+01,2.114260e+01,2.112174e+01,2.113565e+01,2.114260e+01,2.112174e+01,2.107305e+01,2.112174e+01,2.100345e+01,2.096864e+01,2.104522e+01,2.107305e+01,2.097560e+01,2.099649e+01,2.098953e+01,2.100345e+01,2.103130e+01,2.105218e+01,2.105218e+01,2.107305e+01,2.107305e+01,2.109392e+01,2.101042e+01,2.100345e+01,2.098256e+01,2.092684e+01,2.101738e+01,2.102434e+01,2.103130e+01,2.102434e+01,2.097560e+01,2.099649e+01,2.099649e+01,2.099649e+01,2.096167e+01,2.100345e+01,2.103826e+01,2.102434e+01,2.105218e+01,2.106609e+01,2.098256e+01,2.098953e+01,2.098953e+01,2.088503e+01,2.092684e+01,2.103130e+01,2.102434e+01,2.089200e+01,2.087109e+01,2.089897e+01,2.089200e+01,2.091291e+01,2.078740e+01,2.084320e+01,2.080833e+01,2.085715e+01,2.086412e+01,2.083623e+01,2.082228e+01,2.082228e+01,2.079438e+01,2.081530e+01,2.071062e+01,2.074553e+01,2.077344e+01,2.064078e+01,2.068967e+01,2.069666e+01,2.054990e+01,2.053592e+01,2.059884e+01,2.057787e+01,2.059185e+01,2.058486e+01,2.059185e+01,2.056389e+01,2.053592e+01,2.062680e+01,2.062680e+01,2.057787e+01,2.061282e+01,2.059884e+01,2.060583e+01,2.052192e+01,2.061981e+01,2.054990e+01,2.055690e+01,2.057088e+01,2.056389e+01,2.045895e+01,2.055690e+01,2.040294e+01,2.049394e+01,2.048694e+01,2.048694e+01,2.044495e+01,2.044495e+01,2.050094e+01,2.038893e+01,2.049394e+01,2.052892e+01,2.043795e+01,2.043094e+01,2.042394e+01,2.044495e+01,2.049394e+01,2.045195e+01,2.059185e+01,2.075251e+01,2.089200e+01,2.089897e+01,2.094774e+01,2.078740e+01,2.089897e+01,2.089200e+01,2.087806e+01,2.102434e+01,2.096167e+01,2.096167e+01,2.098256e+01,2.098256e+01,2.103826e+01,2.092684e+01,2.103130e+01,2.108696e+01,2.108001e+01,2.110088e+01,2.107305e+01,2.110088e+01,2.116345e+01,2.110783e+01,2.108696e+01,2.118431e+01,2.121210e+01,2.108696e+01,2.108001e+01,2.116345e+01,2.109392e+01,2.110783e+01,2.110783e+01,2.113565e+01,2.111479e+01,2.104522e+01,2.118431e+01,2.111479e+01,2.118431e+01,2.110783e+01,2.108001e+01,2.111479e+01,2.114260e+01,2.109392e+01,2.118431e+01,2.107305e+01,2.114955e+01,2.111479e+01,2.110783e+01,2.114260e+01,2.110783e+01,2.113565e+01,2.118431e+01,2.122600e+01,2.128156e+01,2.117041e+01,2.123989e+01,2.137871e+01,2.149656e+01,2.167654e+01,2.220769e+01,2.300953e+01,2.400820e+01,2.474256e+01,2.543845e+01,2.591755e+01,2.616290e+01,2.650677e+01,2.646715e+01,2.651337e+01,2.636142e+01,2.607676e+01,2.580462e+01,2.539176e+01,2.517135e+01,2.479625e+01,2.435918e+01,2.394057e+01,2.344551e+01,2.318005e+01,2.290707e+01,2.268817e+01,2.244135e+01,2.226271e+01,2.222145e+01,2.220081e+01,2.190451e+01,2.200797e+01,2.201486e+01,2.195280e+01,2.192521e+01,2.188381e+01,2.179404e+01,2.184239e+01,2.185620e+01,2.179404e+01,2.180786e+01,2.186310e+01,2.176641e+01,2.176641e+01,2.172494e+01,2.184929e+01,2.176641e+01,2.178713e+01,2.167654e+01,2.166962e+01,2.165579e+01,2.164195e+01,2.151734e+01,2.162119e+01,2.153812e+01,2.155890e+01,2.150349e+01,2.153119e+01,2.151042e+01,2.156582e+01,2.157967e+01,2.152427e+01,2.171802e+01,2.164195e+01,2.154505e+01,2.165579e+01,2.162119e+01,2.161427e+01,2.153812e+01,2.166962e+01,2.167654e+01,2.168345e+01,2.172494e+01,2.181476e+01,2.184929e+01,2.180786e+01,2.209066e+01,2.202176e+01,2.211132e+01,2.210443e+01,2.212509e+01,2.211821e+01,2.228334e+01,2.224208e+01,2.227647e+01,2.222833e+01,2.229709e+01,2.225584e+01,2.226959e+01,2.227647e+01,2.230396e+01,2.230396e+01,2.229022e+01,2.229022e+01,2.239328e+01,2.234520e+01,2.230396e+01,2.235894e+01,2.240702e+01,2.242762e+01,2.245507e+01,2.242762e+01,2.235207e+01,2.230396e+01,2.242075e+01,2.238642e+01,2.240702e+01,2.230396e+01,2.236581e+01,2.224896e+01,2.233146e+01,2.235894e+01,2.234520e+01,2.238642e+01,2.241389e+01,2.237955e+01,2.231771e+01,2.244821e+01,2.224896e+01,2.231771e+01,2.226959e+01,2.233146e+01,2.232458e+01,2.233833e+01,2.234520e+01,2.228334e+01,2.231084e+01,2.240015e+01,2.235207e+01,2.240702e+01,2.240015e+01,2.236581e+01,2.224208e+01,2.235894e+01,2.238642e+01,2.231771e+01,2.224896e+01,2.226271e+01,2.242762e+01,2.234520e+01,2.240702e+01,2.229022e+01,2.231084e+01,2.243448e+01,2.250997e+01,2.227647e+01,2.233833e+01,2.235894e+01,2.239328e+01,2.230396e+01,2.236581e+01,2.235894e+01,2.227647e+01,2.231771e+01,2.235894e+01,2.237955e+01,2.226959e+01,2.235894e+01,2.231771e+01,2.227647e+01,2.231771e+01,2.227647e+01,2.228334e+01,2.226271e+01,2.237268e+01,2.226271e+01,2.229022e+01,2.220081e+01,2.218705e+01,2.219393e+01,2.216640e+01,2.215263e+01,2.222145e+01,2.218705e+01,2.214575e+01,2.204932e+01,2.216640e+01,2.211821e+01,2.209066e+01
2.216640e+01,2.213886e+01,2.203554e+01,2.203554e+01,2.200107e+01,2.198039e+01,2.200107e+01,2.182858e+01,2.200797e+01,2.193211e+01,2.196660e+01,2.201486e+01,2.197349e+01,2.176641e+01,2.194591e+01,2.191141e+01,2.186310e+01,2.193901e+01,2.191831e+01,2.195280e+01,2.190451e+01,2.195280e+01,2.192521e+01,2.200797e+01,2.206999e+01,2.211821e+01,2.209066e+01,2.213198e+01,2.204932e+01,2.213886e+01,2.203554e+01,2.226959e+01,2.207688e+01,2.202865e+01,2.213198e+01,2.209755e+01,2.207688e+01,2.209755e+01,2.213198e+01,2.215952e+01,2.214575e+01,2.218016e+01,2.226271e+01,2.214575e+01,2.220081e+01,2.218705e+01,2.222145e+01,2.227647e+01,2.233833e+01,2.229709e+01,2.229709e+01,2.232458e+01,2.229709e+01,2.234520e+01,2.244821e+01,2.238642e+01,2.237955e+01,2.224896e+01,2.241389e+01,2.237955e+01,2.236581e+01,2.237268e+01,2.234520e+01,2.229022e+01,2.236581e+01,2.233833e+01,2.231084e+01,2.224896e+01,2.231084e+01,2.234520e+01,2.232458e+01,2.222833e+01,2.232458e+01,2.228334e+01,2.231771e+01,2.230396e+01,2.215952e+01,2.223520e+01,2.221457e+01,2.225584e+01,2.213198e+01,2.218705e+01,2.204243e+01,2.216640e+01,2.203554e+01,2.221457e+01,2.215263e+01,2.200797e+01,2.204932e+01,2.205621e+01,2.211132e+01,2.200797e+01,2.202176e+01,2.201486e+01,2.206999e+01,2.201486e+01,2.202176e+01,2.198039e+01,2.196660e+01,2.204932e+01,2.204932e+01,2.206310e+01,2.204932e+01,2.215952e+01,2.204932e+01,2.229709e+01,2.216640e+01,2.222145e+01,2.229022e+01,2.224208e+01,2.225584e+01,2.209755e+01,2.220769e+01,2.226271e+01,2.221457e+01,2.219393e+01,2.224208e+01,2.230396e+01,2.217328e+01,2.216640e+01,2.220081e+01,2.209755e+01,2.219393e+01,2.216640e+01,2.204932e+01,2.187000e+01,2.181476e+01,2.176641e+01,2.170420e+01,2.177332e+01,2.187691e+01,2.182167e+01,2.180786e+01,2.209066e+01,2.203554e+01,2.202865e+01,2.220769e+01,2.213886e+01,2.186310e+01,2.209066e+01,2.211821e+01,2.206999e+01,2.215952e+01,2.224896e+01,2.220081e+01,2.219393e+01,2.205621e+01,2.214575e+01,2.220769e+01,2.210443e+01,2.207688e+01,2.211132e+01,2.211132e+01,2.212509e+01,2.206999e+01,2.205621e+01,2.206310e+01,2.205621e+01,2.205621e+01,2.205621e+01,2.206310e+01,2.205621e+01,2.206310e+01,2.210443e+01,2.205621e+01,2.200797e+01,2.199418e+01,2.205621e+01,2.198039e+01,2.205621e+01,2.200107e+01,2.195970e+01,2.200107e+01,2.198039e+01,2.197349e+01,2.193211e+01,2.208377e+01,2.191141e+01,2.198039e+01,2.206999e+01,2.193901e+01,2.200797e+01,2.193901e+01,2.199418e+01,2.201486e+01,2.186310e+01,2.196660e+01,2.188381e+01,2.196660e+01,2.184239e+01,2.173185e+01,2.180095e+01,2.185620e+01,2.166270e+01,2.173876e+01,2.168345e+01,2.166270e+01,2.160735e+01,2.147577e+01,2.139258e+01,2.135096e+01,2.121210e+01,2.110088e+01,2.101042e+01,2.088503e+01,2.096864e+01,2.106609e+01,2.094774e+01,2.110783e+01,2.094774e+01,2.109392e+01,2.110088e+01,2.105218e+01,2.106609e+01,2.104522e+01,2.101738e+01,2.111479e+01,2.107305e+01,2.109392e+01,2.117736e+01,2.115650e+01,2.162119e+01,2.279084e+01,2.440634e+01,2.509108e+01,2.511784e+01,2.527827e+01,2.523819e+01,2.515129e+01,2.525155e+01,2.514460e+01,2.511115e+01,2.430526e+01,2.259911e+01,2.161427e+01,2.137871e+01,2.144112e+01,2.140645e+01,2.140645e+01,2.146191e+01,2.154505e+01,2.143419e+01,2.147577e+01,2.160735e+01,2.151734e+01,2.154505e+01,2.156582e+01,2.152427e+01,2.154505e+01,2.161427e+01,2.157274e+01,2.171111e+01,2.160043e+01,2.158659e+01,2.163503e+01,2.164195e+01,2.165579e+01,2.169728e+01,2.172494e+01,2.165579e+01,2.166270e+01,2.157967e+01,2.155890e+01,2.164195e+01,2.161427e+01,2.164195e+01,2.164887e+01,2.165579e+01,2.168345e+01,2.166962e+01,2.164887e+01,2.164195e+01,2.166962e+01,2.162811e+01,2.161427e+01,2.162119e+01,2.160735e+01,2.164887e+01,2.162119e+01,2.160735e+01,2.160735e+01,2.164195e+01,2.162811e+01,2.157274e+01,2.162811e+01,2.166962e+01,2.151042e+01,2.149656e+01,2.147577e+01,2.143419e+01,2.144112e+01,2.125378e+01,2.123989e+01,2.126072e+01,2.117736e+01,2.117736e+01,2.111479e+01,2.113565e+01,2.121905e+01,2.108001e+01,2.115650e+01,2.108696e+01,2.110088e+01,2.116345e+01,2.108001e+01,2.114955e+01,2.101042e+01,2.103826e+01,2.102434e+01,2.100345e+01,2.098953e+01,2.090594e+01,2.096864e+01,2.102434e+01,2.102434e+01,2.105218e+01,2.101042e+01,2.109392e+01,2.107305e+01,2.101042e+01,2.101738e+01,2.111479e+01,2.102434e+01,2.091987e+01,2.094774e+01,2.102434e+01,2.103826e+01,2.099649e+01,2.093381e+01,2.098256e+01,2.098256e+01,2.110783e+01,2.097560e+01,2.101738e+01,2.102434e+01,2.098953e+01,2.094077e+01,2.098953e+01,2.101042e+01,2.092684e+01,2.092684e+01,2.066872e+01,2.086412e+01,2.091987e+01,2.087806e+01,2.085017e+01,2.088503e+01,2.082228e+01,2.070364e+01,2.088503e+01,2.075251e+01,2.075949e+01,2.080135e+01,2.071761e+01,2.085017e+01,2.086412e+01,2.079438e+01,2.078042e+01,2.083623e+01,2.078740e+01,2.078740e+01,2.083623e+01,2.075251e+01,2.071761e+01,2.057088e+01,2.055690e+01,2.052892e+01,2.052892e+01,2.056389e+01,2.054291e+01,2.054990e+01,2.055690e+01,2.052892e+01,2.050793e+01,2.046595e+01,2.057787e+01,2.047994e+01,2.061981e+01,2.048694e+01,2.058486e+01,2.068269e+01,2.060583e+01,2.054990e+01,2.059884e+01,2.069666e+01,2.060583e+01,2.049394e+01,2.059884e+01,2.047994e+01,2.059884e+01,2.061981e+01,2.053592e+01,2.065475e+01,2.057787e+01,2.050793e+01,2.043094e+01,2.045895e+01,2.034689e+01,2.044495e+01,2.035390e+01,2.044495e+01,2.040994e+01,2.040994e+01,2.050793e+01,2.054291e+01,2.073157e+01,2.078042e+01,2.076647e+01,2.092684e+01,2.073157e+01,2.091291e+01,2.087109e+01,2.095471e+01,2.097560e+01,2.105218e+01,2.101042e+01,2.100345e+01,2.102434e+01,2.101042e+01,2.098256e+01,2.105914e+01,2.107305e+01,2.107305e+01,2.102434e+01,2.109392e+01,2.097560e+01,2.117041e+01,2.098256e+01,2.110783e+01,2.116345e+01,2.108001e+01,2.113565e+01,2.110783e+01,2.108696e+01,2.107305e+01,2.109392e+01,2.120515e+01,2.111479e+01,2.112174e+01,2.112869e+01,2.112869e+01,2.108001e+01,2.112174e+01,2.115650e+01,2.112174e+01,2.133014e+01,2.109392e+01,2.115650e+01,2.109392e+01,2.119126e+01,2.106609e+01,2.108696e+01,2.107305e+01,2.111479e+01,2.112869e+01,2.121210e+01,2.107305e+01,2.120515e+01,2.128156e+01,2.125378e+01,2.128850e+01,2.126767e+01,2.142032e+01,2.146191e+01,2.165579e+01,2.215263e+01,2.271556e+01,2.373062e+01,2.434570e+01,2.487004e+01,2.552512e+01,2.604361e+01,2.632836e+01,2.631513e+01,2.646715e+01,2.649356e+01,2.619601e+01,2.608339e+01,2.582456e+01,2.537174e+01,2.489686e+01,2.451405e+01,2.433222e+01,2.369672e+01,2.314597e+01,2.309141e+01,2.272925e+01,2.249625e+01,2.244821e+01,2.242075e+01,2.223520e+01,2.198039e+01,2.195280e+01,2.198039e+01,2.198039e+01,2.192521e+01,2.193901e+01,2.188381e+01,2.188381e+01,2.178022e+01,2.179404e+01,2.191141e+01,2.180095e+01,2.184929e+01,2.184929e+01,2.171111e+01,2.180095e+01,2.173876e+01,2.176641e+01,2.172494e+01,2.172494e+01,2.166270e+01,2.160043e+01,2.155890e+01,2.161427e+01,2.162811e+01,2.160043e+01,2.153119e+01,2.151042e+01,2.157967e+01,2.162119e+01,2.157274e+01,2.156582e+01,2.158659e+01,2.162811e+01,2.154505e+01,2.172494e+01,2.160735e+01,2.166962e+01,2.157274e+01,2.169728e+01,2.162119e+01,2.163503e+01,2.169728e+01,2.177332e+01,2.184929e+01,2.198039e+01,2.187000e+01,2.190451e+01,2.206999e+01,2.193211e+01,2.214575e+01,2.231084e+01,2.213886e+01,2.219393e+01,2.225584e+01,2.221457e+01,2.227647e+01,2.229022e+01,2.224896e+01,2.230396e+01,2.226959e+01,2.227647e+01,2.233833e+01,2.238642e+01,2.235207e+01,2.235207e+01,2.229022e+01,2.240702e+01,2.234520e+01,2.251683e+01,2.248252e+01,2.250311e+01,2.240015e+01,2.240015e+01,2.235894e+01,2.231084e+01,2.238642e+01,2.240015e+01,2.233146e+01,2.233833e+01,2.219393e+01,2.235894e+01,2.237955e+01,2.234520e+01,2.235207e+01,2.231771e+01,2.231771e+01,2.242762e+01,2.230396e+01,2.230396e+01,2.229709e+01,2.238642e+01,2.230396e+01,2.233833e+01,2.233833e+01,2.241389e+01,2.235894e+01,2.234520e+01,2.235894e+01,2.232458e+01,2.234520e+01,2.229022e+01,2.226959e+01,2.205621e+01,2.230396e+01,2.226271e+01,2.230396e+01,2.225584e+01,2.225584e+01,2.231084e+01,2.232458e+01,2.235207e+01,2.248252e+01,2.232458e+01,2.229022e+01,2.236581e+01,2.235207e+01,2.240702e+01,2.257169e+01,2.237268e+01,2.245507e+01,2.231771e+01,2.231084e+01,2.228334e+01,2.235207e+01,2.235894e+01,2.223520e+01,2.240702e+01,2.224896e+01,2.240015e+01,2.226271e+01,2.227647e+01,2.231084e+01,2.222145e+01,2.237955e+01,2.232458e+01,2.221457e+01,2.221457e+01,2.231771e+01,2.220081e+01,2.209066e+01,2.218016e+01,2.215263e+01,2.217328e+01,2.204243e+01,2.215263e+01,2.212509e+01,2.207688e+01,2.211821e+01
2.200797e+01,2.204932e+01,2.211132e+01,2.206310e+01,2.193901e+01,2.198729e+01,2.202865e+01,2.195970e+01,2.197349e+01,2.199418e+01,2.193211e+01,2.195970e+01,2.200797e+01,2.193211e+01,2.185620e+01,2.191141e+01,2.188381e+01,2.188381e+01,2.185620e+01,2.195280e+01,2.189071e+01,2.202176e+01,2.210443e+01,2.209066e+01,2.199418e+01,2.200107e+01,2.215263e+01,2.215263e+01,2.218016e+01,2.215952e+01,2.214575e+01,2.213886e+01,2.212509e+01,2.214575e+01,2.222833e+01,2.222833e+01,2.204932e+01,2.225584e+01,2.217328e+01,2.220081e+01,2.214575e+01,2.229709e+01,2.228334e+01,2.212509e+01,2.224896e+01,2.227647e+01,2.229022e+01,2.224896e+01,2.224208e+01,2.228334e+01,2.234520e+01,2.230396e+01,2.236581e+01,2.226271e+01,2.233146e+01,2.226959e+01,2.230396e+01,2.224208e+01,2.234520e+01,2.235894e+01,2.236581e+01,2.238642e+01,2.237268e+01,2.248252e+01,2.237268e+01,2.235894e+01,2.235207e+01,2.220769e+01,2.233146e+01,2.231771e+01,2.229709e+01,2.229709e+01,2.220769e+01,2.231771e+01,2.222833e+01,2.223520e+01,2.222145e+01,2.216640e+01,2.217328e+01,2.225584e+01,2.218016e+01,2.218705e+01,2.220769e+01,2.218016e+01,2.208377e+01,2.200797e+01,2.211132e+01,2.218016e+01,2.208377e+01,2.204243e+01,2.203554e+01,2.203554e+01,2.211132e+01,2.197349e+01,2.200107e+01,2.203554e+01,2.202865e+01,2.205621e+01,2.202865e+01,2.203554e+01,2.203554e+01,2.206310e+01,2.205621e+01,2.206310e+01,2.213886e+01,2.219393e+01,2.212509e+01,2.217328e+01,2.217328e+01,2.221457e+01,2.222145e+01,2.220769e+01,2.221457e+01,2.222145e+01,2.217328e+01,2.209066e+01,2.206310e+01,2.220081e+01,2.224896e+01,2.218705e+01,2.208377e+01,2.204243e+01,2.208377e+01,2.196660e+01,2.205621e+01,2.184929e+01,2.184239e+01,2.173185e+01,2.170420e+01,2.169037e+01,2.184239e+01,2.184929e+01,2.185620e+01,2.205621e+01,2.201486e+01,2.200107e+01,2.207688e+01,2.206310e+01,2.205621e+01,2.207688e+01,2.198729e+01,2.211821e+01,2.218705e+01,2.218705e+01,2.215263e+01,2.222833e+01,2.218016e+01,2.212509e+01,2.215263e+01,2.207688e+01,2.208377e+01,2.206310e+01,2.206310e+01,2.212509e+01,2.215263e+01,2.204243e+01,2.197349e+01,2.206310e+01,2.200797e+01,2.206999e+01,2.209755e+01,2.195280e+01,2.206310e+01,2.206310e+01,2.205621e+01,2.201486e+01,2.209066e+01,2.201486e+01,2.209066e+01,2.204932e+01,2.200107e+01,2.190451e+01,2.188381e+01,2.198039e+01,2.192521e+01,2.198039e+01,2.187691e+01,2.207688e+01,2.188381e+01,2.195280e+01,2.192521e+01,2.184929e+01,2.192521e+01,2.195970e+01,2.195280e+01,2.186310e+01,2.191831e+01,2.189761e+01,2.189761e+01,2.191831e+01,2.188381e+01,2.181476e+01,2.182858e+01,2.186310e+01,2.163503e+01,2.166962e+01,2.152427e+01,2.153119e+01,2.144805e+01,2.141339e+01,2.130238e+01,2.121210e+01,2.106609e+01,2.096864e+01,2.091987e+01,2.094774e+01,2.107305e+01,2.104522e+01,2.116345e+01,2.114260e+01,2.110088e+01,2.113565e+01,2.105914e+01,2.100345e+01,2.108696e+01,2.112869e+01,2.111479e+01,2.112174e+01,2.111479e+01,2.117736e+01,2.120515e+01,2.162811e+01,2.249625e+01,2.407579e+01,2.517803e+01,2.532502e+01,2.522482e+01,2.520477e+01,2.520477e+01,2.521814e+01,2.499067e+01,2.482309e+01,2.398791e+01,2.230396e+01,2.155890e+01,2.147577e+01,2.144805e+01,2.144805e+01,2.148270e+01,2.151734e+01,2.161427e+01,2.160735e+01,2.147577e+01,2.151734e+01,2.158659e+01,2.160043e+01,2.162811e+01,2.161427e+01,2.160043e+01,2.164887e+01,2.153812e+01,2.164887e+01,2.162811e+01,2.166270e+01,2.182858e+01,2.166270e+01,2.164887e+01,2.163503e+01,2.164195e+01,2.166270e+01,2.159351e+01,2.164887e+01,2.162811e+01,2.162119e+01,2.163503e+01,2.162811e+01,2.164195e+01,2.167654e+01,2.162811e+01,2.162811e+01,2.172494e+01,2.167654e+01,2.169728e+01,2.159351e+01,2.169037e+01,2.166962e+01,2.169728e+01,2.172494e+01,2.161427e+01,2.167654e+01,2.160735e+01,2.162811e+01,2.162811e+01,2.163503e+01,2.167654e+01,2.155197e+01,2.164195e+01,2.148963e+01,2.155890e+01,2.146191e+01,2.140645e+01,2.142725e+01,2.131626e+01,2.112869e+01,2.117041e+01,2.113565e+01,2.117041e+01,2.114260e+01,2.103130e+01,2.117041e+01,2.118431e+01,2.114260e+01,2.115650e+01,2.117041e+01,2.104522e+01,2.104522e+01,2.108696e+01,2.114260e+01,2.096167e+01,2.108696e+01,2.096167e+01,2.101042e+01,2.102434e+01,2.103130e+01,2.101738e+01,2.104522e+01,2.098953e+01,2.108001e+01,2.112174e+01,2.096167e+01,2.101042e+01,2.099649e+01,2.096864e+01,2.101738e+01,2.103130e+01,2.104522e+01,2.090594e+01,2.105914e+01,2.105914e+01,2.100345e+01,2.094774e+01,2.096167e+01,2.102434e+01,2.098256e+01,2.102434e+01,2.097560e+01,2.098953e+01,2.087109e+01,2.088503e+01,2.098256e+01,2.089897e+01,2.089200e+01,2.089200e+01,2.082228e+01,2.085715e+01,2.084320e+01,2.087109e+01,2.086412e+01,2.068967e+01,2.078740e+01,2.080833e+01,2.075949e+01,2.076647e+01,2.094774e+01,2.076647e+01,2.066174e+01,2.073157e+01,2.075949e+01,2.078042e+01,2.075949e+01,2.077344e+01,2.081530e+01,2.074553e+01,2.081530e+01,2.065475e+01,2.064078e+01,2.059185e+01,2.053592e+01,2.052192e+01,2.054990e+01,2.054990e+01,2.052192e+01,2.052192e+01,2.057787e+01,2.049394e+01,2.050793e+01,2.064776e+01,2.068269e+01,2.051493e+01,2.054990e+01,2.059884e+01,2.054291e+01,2.064776e+01,2.053592e+01,2.060583e+01,2.060583e+01,2.043795e+01,2.065475e+01,2.047295e+01,2.061282e+01,2.047994e+01,2.065475e+01,2.052192e+01,2.045895e+01,2.054990e+01,2.050793e+01,2.049394e+01,2.050793e+01,2.040994e+01,2.047295e+01,2.043094e+01,2.051493e+01,2.046595e+01,2.071062e+01,2.073855e+01,2.078740e+01,2.090594e+01,2.089897e+01,2.071062e+01,2.089897e+01,2.081530e+01,2.095471e+01,2.091987e+01,2.097560e+01,2.094077e+01,2.095471e+01,2.098953e+01,2.101738e+01,2.098256e+01,2.098953e+01,2.097560e+01,2.102434e+01,2.108001e+01,2.108001e+01,2.108696e+01,2.108696e+01,2.116345e+01,2.103826e+01,2.116345e+01,2.117041e+01,2.097560e+01,2.109392e+01,2.108001e+01,2.106609e+01,2.119126e+01,2.110783e+01,2.110783e+01,2.110783e+01,2.109392e+01,2.112869e+01,2.110783e+01,2.109392e+01,2.114260e+01,2.111479e+01,2.106609e+01,2.107305e+01,2.110783e+01,2.112174e+01,2.110783e+01,2.110088e+01,2.105218e+01,2.107305e+01,2.119126e+01,2.110088e+01,2.107305e+01,2.111479e+01,2.119820e+01,2.117041e+01,2.123989e+01,2.120515e+01,2.123989e+01,2.128850e+01,2.137871e+01,2.144805e+01,2.165579e+01,2.204932e+01,2.266078e+01,2.322093e+01,2.389320e+01,2.458803e+01,2.527159e+01,2.573149e+01,2.610990e+01,2.630852e+01,2.655297e+01,2.643412e+01,2.632175e+01,2.626221e+01,2.601045e+01,2.563834e+01,2.529831e+01,2.479625e+01,2.452077e+01,2.392703e+01,2.362889e+01,2.312551e+01,2.293440e+01,2.261967e+01,2.256483e+01,2.235207e+01,2.225584e+01,2.234520e+01,2.217328e+01,2.202176e+01,2.194591e+01,2.196660e+01,2.191831e+01,2.187691e+01,2.188381e+01,2.180786e+01,2.190451e+01,2.184929e+01,2.183548e+01,2.175258e+01,2.187691e+01,2.198039e+01,2.181476e+01,2.180095e+01,2.175258e+01,2.173876e+01,2.178022e+01,2.171802e+01,2.168345e+01,2.168345e+01,2.166270e+01,2.165579e+01,2.166270e+01,2.160735e+01,2.153812e+01,2.154505e+01,2.166962e+01,2.158659e+01,2.157274e+01,2.156582e+01,2.154505e+01,2.154505e+01,2.159351e+01,2.170420e+01,2.171111e+01,2.155890e+01,2.162119e+01,2.169037e+01,2.170420e+01,2.169037e+01,2.166962e+01,2.176641e+01,2.177332e+01,2.186310e+01,2.186310e+01,2.204243e+01,2.202176e+01,2.209755e+01,2.215952e+01,2.216640e+01,2.220769e+01,2.221457e+01,2.213886e+01,2.226959e+01,2.229022e+01,2.226959e+01,2.229709e+01,2.238642e+01,2.235894e+01,2.237955e+01,2.229709e+01,2.229709e+01,2.236581e+01,2.236581e+01,2.240702e+01,2.244135e+01,2.244821e+01,2.234520e+01,2.233146e+01,2.244821e+01,2.233833e+01,2.232458e+01,2.236581e+01,2.235207e+01,2.231771e+01,2.234520e+01,2.238642e+01,2.231771e+01,2.239328e+01,2.232458e+01,2.234520e+01,2.237268e+01,2.233833e+01,2.234520e+01,2.241389e+01,2.233833e+01,2.229709e+01,2.230396e+01,2.237268e+01,2.244135e+01,2.223520e+01,2.240702e+01,2.226271e+01,2.242075e+01,2.244821e+01,2.244821e+01,2.237955e+01,2.235894e+01,2.246880e+01,2.231771e+01,2.238642e+01,2.226959e+01,2.224208e+01,2.243448e+01,2.228334e+01,2.239328e+01,2.234520e+01,2.244135e+01,2.232458e+01,2.226271e+01,2.232458e+01,2.231771e+01,2.240702e+01,2.234520e+01,2.234520e+01,2.234520e+01,2.237268e+01,2.228334e+01,2.244821e+01,2.226959e+01,2.237268e+01,2.236581e+01,2.236581e+01,2.227647e+01,2.232458e+01,2.229709e+01,2.240015e+01,2.237268e+01,2.231771e+01,2.236581e+01,2.225584e+01,2.222833e+01,2.222833e+01,2.229709e+01,2.228334e+01,2.215952e+01,2.231084e+01,2.217328e+01,2.229022e+01,2.212509e+01,2.220769e+01,2.207688e+01,2.210443e+01,2.217328e+01,2.207688e+01,2.208377e+01
2.212509e+01,2.218016e+01,2.204932e+01,2.205621e+01,2.206999e+01,2.196660e+01,2.200797e+01,2.199418e+01,2.191831e+01,2.204932e+01,2.207688e+01,2.195970e+01,2.193211e+01,2.193211e+01,2.193211e+01,2.191831e+01,2.187000e+01,2.190451e+01,2.190451e+01,2.191831e+01,2.191831e+01,2.193901e+01,2.192521e+01,2.201486e+01,2.212509e+01,2.204243e+01,2.201486e+01,2.224896e+01,2.218016e+01,2.220081e+01,2.223520e+01,2.215263e+01,2.219393e+01,2.222145e+01,2.195280e+01,2.222145e+01,2.222145e+01,2.215952e+01,2.222833e+01,2.220769e+01,2.213198e+01,2.216640e+01,2.218705e+01,2.233833e+01,2.231771e+01,2.223520e+01,2.225584e+01,2.242075e+01,2.240015e+01,2.235894e+01,2.234520e+01,2.235894e+01,2.242075e+01,2.231084e+01,2.229022e+01,2.235894e+01,2.225584e+01,2.227647e+01,2.242762e+01,2.233833e+01,2.238642e+01,2.233833e+01,2.237955e+01,2.235894e+01,2.223520e+01,2.227647e+01,2.227647e+01,2.231084e+01,2.233146e+01,2.231771e+01,2.226271e+01,2.224896e+01,2.225584e+01,2.226959e+01,2.215263e+01,2.220769e+01,2.220081e+01,2.222833e+01,2.216640e+01,2.220769e+01,2.217328e+01,2.215263e+01,2.218705e+01,2.219393e+01,2.214575e+01,2.193901e+01,2.213886e+01,2.191141e+01,2.213886e+01,2.204243e+01,2.197349e+01,2.184239e+01,2.202865e+01,2.191831e+01,2.207688e+01,2.196660e+01,2.202865e+01,2.206310e+01,2.207688e+01,2.204932e+01,2.203554e+01,2.208377e+01,2.209755e+01,2.199418e+01,2.219393e+01,2.214575e+01,2.215952e+01,2.219393e+01,2.215952e+01,2.218705e+01,2.220081e+01,2.219393e+01,2.217328e+01,2.222833e+01,2.217328e+01,2.215263e+01,2.211132e+01,2.216640e+01,2.216640e+01,2.206310e+01,2.211821e+01,2.206999e+01,2.204932e+01,2.209755e+01,2.192521e+01,2.203554e+01,2.169037e+01,2.156582e+01,2.169037e+01,2.178713e+01,2.178022e+01,2.186310e+01,2.193901e+01,2.197349e+01,2.215263e+01,2.195280e+01,2.202865e+01,2.205621e+01,2.207688e+01,2.202176e+01,2.207688e+01,2.222833e+01,2.209755e+01,2.222145e+01,2.211821e+01,2.221457e+01,2.203554e+01,2.209066e+01,2.208377e+01,2.209066e+01,2.214575e+01,2.210443e+01,2.201486e+01,2.209066e+01,2.202865e+01,2.199418e+01,2.202176e+01,2.208377e+01,2.205621e+01,2.205621e+01,2.193901e+01,2.199418e+01,2.195280e+01,2.205621e+01,2.204243e+01,2.202865e+01,2.203554e+01,2.201486e+01,2.203554e+01,2.203554e+01,2.189071e+01,2.204243e+01,2.202865e+01,2.208377e+01,2.200797e+01,2.187691e+01,2.185620e+01,2.188381e+01,2.186310e+01,2.187000e+01,2.185620e+01,2.192521e+01,2.182167e+01,2.193211e+01,2.182167e+01,2.193211e+01,2.182167e+01,2.180095e+01,2.185620e+01,2.181476e+01,2.183548e+01,2.176641e+01,2.193211e+01,2.175258e+01,2.158659e+01,2.149656e+01,2.151734e+01,2.147577e+01,2.147577e+01,2.159351e+01,2.130932e+01,2.112174e+01,2.097560e+01,2.103130e+01,2.100345e+01,2.099649e+01,2.099649e+01,2.105914e+01,2.114955e+01,2.126072e+01,2.126072e+01,2.110088e+01,2.110783e+01,2.107305e+01,2.103130e+01,2.119126e+01,2.114955e+01,2.113565e+01,2.119820e+01,2.117736e+01,2.124683e+01,2.148270e+01,2.234520e+01,2.377807e+01,2.504423e+01,2.527827e+01,2.514460e+01,2.518472e+01,2.513791e+01,2.499067e+01,2.486333e+01,2.447367e+01,2.375774e+01,2.200107e+01,2.145498e+01,2.142725e+01,2.135096e+01,2.144805e+01,2.137177e+01,2.160735e+01,2.157967e+01,2.148963e+01,2.146191e+01,2.164195e+01,2.151042e+01,2.157967e+01,2.162811e+01,2.166962e+01,2.161427e+01,2.165579e+01,2.156582e+01,2.160735e+01,2.167654e+01,2.168345e+01,2.162119e+01,2.166270e+01,2.171802e+01,2.172494e+01,2.169037e+01,2.166962e+01,2.160735e+01,2.155197e+01,2.142032e+01,2.162811e+01,2.165579e+01,2.164887e+01,2.162811e+01,2.162119e+01,2.166962e+01,2.164887e+01,2.171111e+01,2.168345e+01,2.166270e+01,2.161427e+01,2.160043e+01,2.164195e+01,2.160735e+01,2.164887e+01,2.160043e+01,2.163503e+01,2.162811e+01,2.163503e+01,2.162119e+01,2.163503e+01,2.164887e+01,2.164887e+01,2.158659e+01,2.149656e+01,2.162119e+01,2.148963e+01,2.157967e+01,2.150349e+01,2.128156e+01,2.123294e+01,2.113565e+01,2.113565e+01,2.106609e+01,2.108001e+01,2.104522e+01,2.114955e+01,2.116345e+01,2.114260e+01,2.107305e+01,2.110783e+01,2.106609e+01,2.110088e+01,2.114260e+01,2.105914e+01,2.105914e+01,2.105218e+01,2.108696e+01,2.105218e+01,2.098256e+01,2.097560e+01,2.103130e+01,2.104522e+01,2.107305e+01,2.105218e+01,2.103826e+01,2.107305e+01,2.106609e+01,2.104522e+01,2.100345e+01,2.099649e+01,2.098256e+01,2.103826e+01,2.100345e+01,2.094077e+01,2.097560e+01,2.111479e+01,2.095471e+01,2.108001e+01,2.103130e+01,2.102434e+01,2.100345e+01,2.100345e+01,2.099649e+01,2.093381e+01,2.090594e+01,2.087806e+01,2.090594e+01,2.102434e+01,2.087806e+01,2.094774e+01,2.082925e+01,2.082925e+01,2.083623e+01,2.080833e+01,2.086412e+01,2.071761e+01,2.082228e+01,2.074553e+01,2.074553e+01,2.073157e+01,2.071761e+01,2.067570e+01,2.070364e+01,2.069666e+01,2.069666e+01,2.069666e+01,2.066872e+01,2.073157e+01,2.078042e+01,2.066872e+01,2.065475e+01,2.053592e+01,2.055690e+01,2.059884e+01,2.050793e+01,2.052192e+01,2.051493e+01,2.051493e+01,2.056389e+01,2.059884e+01,2.066872e+01,2.056389e+01,2.054990e+01,2.065475e+01,2.065475e+01,2.065475e+01,2.057787e+01,2.064078e+01,2.057787e+01,2.057787e+01,2.062680e+01,2.066872e+01,2.052892e+01,2.061981e+01,2.043795e+01,2.068967e+01,2.065475e+01,2.061981e+01,2.055690e+01,2.059884e+01,2.054990e+01,2.047295e+01,2.046595e+01,2.047994e+01,2.050793e+01,2.054990e+01,2.056389e+01,2.057088e+01,2.070364e+01,2.066174e+01,2.071761e+01,2.078740e+01,2.086412e+01,2.087806e+01,2.089200e+01,2.091291e+01,2.098953e+01,2.101042e+01,2.087806e+01,2.096167e+01,2.090594e+01,2.096864e+01,2.099649e+01,2.098256e+01,2.101042e+01,2.101738e+01,2.103130e+01,2.101042e+01,2.096864e+01,2.100345e+01,2.096864e+01,2.105218e+01,2.108001e+01,2.101738e+01,2.108696e+01,2.110783e+01,2.108696e+01,2.105218e+01,2.107305e+01,2.104522e+01,2.096167e+01,2.108696e+01,2.109392e+01,2.106609e+01,2.110783e+01,2.108001e+01,2.109392e+01,2.112869e+01,2.110783e+01,2.106609e+01,2.112869e+01,2.108001e+01,2.110783e+01,2.112869e+01,2.109392e+01,2.106609e+01,2.107305e+01,2.117736e+01,2.113565e+01,2.110088e+01,2.112174e+01,2.106609e+01,2.108696e+01,2.109392e+01,2.118431e+01,2.120515e+01,2.125378e+01,2.124683e+01,2.134402e+01,2.135790e+01,2.161427e+01,2.182858e+01,2.231084e+01,2.291391e+01,2.347269e+01,2.406903e+01,2.482980e+01,2.525823e+01,2.576474e+01,2.612978e+01,2.632836e+01,2.650016e+01,2.640769e+01,2.638786e+01,2.609002e+01,2.596401e+01,2.551179e+01,2.517803e+01,2.481638e+01,2.424457e+01,2.374418e+01,2.342511e+01,2.308459e+01,2.287290e+01,2.260596e+01,2.254426e+01,2.238642e+01,2.224208e+01,2.204243e+01,2.202865e+01,2.203554e+01,2.200107e+01,2.187691e+01,2.188381e+01,2.191831e+01,2.189761e+01,2.190451e+01,2.185620e+01,2.184929e+01,2.190451e+01,2.187000e+01,2.184239e+01,2.177332e+01,2.180095e+01,2.178022e+01,2.176641e+01,2.187691e+01,2.155890e+01,2.169037e+01,2.167654e+01,2.170420e+01,2.161427e+01,2.163503e+01,2.153119e+01,2.155197e+01,2.155197e+01,2.151042e+01,2.161427e+01,2.161427e+01,2.160735e+01,2.156582e+01,2.157967e+01,2.169037e+01,2.156582e+01,2.160043e+01,2.165579e+01,2.153812e+01,2.163503e+01,2.153812e+01,2.166962e+01,2.193211e+01,2.166962e+01,2.180095e+01,2.179404e+01,2.208377e+01,2.206310e+01,2.191831e+01,2.201486e+01,2.206310e+01,2.213198e+01,2.213886e+01,2.218705e+01,2.226959e+01,2.225584e+01,2.227647e+01,2.231771e+01,2.230396e+01,2.230396e+01,2.231084e+01,2.240702e+01,2.234520e+01,2.229709e+01,2.223520e+01,2.231084e+01,2.240702e+01,2.242075e+01,2.235207e+01,2.236581e+01,2.236581e+01,2.242075e+01,2.233146e+01,2.233833e+01,2.235207e+01,2.233833e+01,2.237955e+01,2.233833e+01,2.239328e+01,2.236581e+01,2.234520e+01,2.238642e+01,2.239328e+01,2.235894e+01,2.229022e+01,2.233833e+01,2.232458e+01,2.229709e+01,2.234520e+01,2.231084e+01,2.244135e+01,2.240015e+01,2.229022e+01,2.242075e+01,2.235894e+01,2.240015e+01,2.240015e+01,2.231771e+01,2.237955e+01,2.244821e+01,2.233146e+01,2.237268e+01,2.235894e+01,2.229022e+01,2.230396e+01,2.232458e+01,2.231084e+01,2.232458e+01,2.236581e+01,2.232458e+01,2.226959e+01,2.231771e+01,2.228334e+01,2.235207e+01,2.225584e+01,2.232458e+01,2.237268e+01,2.234520e+01,2.230396e+01,2.233833e+01,2.235894e+01,2.229709e+01,2.237268e+01,2.235207e+01,2.230396e+01,2.233833e+01,2.219393e+01,2.218705e+01,2.226959e+01,2.238642e+01,2.235894e+01,2.229709e+01,2.228334e+01,2.223520e+01,2.221457e+01,2.231084e+01,2.228334e+01,2.215263e+01,2.218705e+01,2.206999e+01,2.211821e+01,2.214575e+01,2.217328e+01,2.229022e+01,2.221457e+01,2.220081e+01,2.219393e+01,2.216640e+01
2.209755e+01,2.209755e+01,2.213198e+01,2.207688e+01,2.206310e+01,2.208377e+01,2.205621e+01,2.199418e+01,2.191141e+01,2.191831e+01,2.184929e+01,2.209066e+01,2.196660e+01,2.194591e+01,2.190451e+01,2.195280e+01,2.189761e+01,2.193901e+01,2.190451e+01,2.189761e+01,2.203554e+01,2.194591e+01,2.197349e+01,2.204243e+01,2.207688e+01,2.198729e+01,2.210443e+01,2.212509e+01,2.208377e+01,2.218016e+01,2.220769e+01,2.218016e+01,2.218705e+01,2.240702e+01,2.219393e+01,2.220769e+01,2.225584e+01,2.217328e+01,2.220769e+01,2.226959e+01,2.223520e+01,2.224896e+01,2.232458e+01,2.231771e+01,2.224896e+01,2.238642e+01,2.230396e+01,2.226271e+01,2.228334e+01,2.229709e+01,2.230396e+01,2.233146e+01,2.236581e+01,2.233833e+01,2.233146e+01,2.229709e+01,2.242762e+01,2.240702e+01,2.239328e+01,2.233146e+01,2.236581e+01,2.234520e+01,2.235894e+01,2.229022e+01,2.236581e+01,2.231084e+01,2.233833e+01,2.227647e+01,2.231084e+01,2.235894e+01,2.235894e+01,2.225584e+01,2.225584e+01,2.224208e+01,2.225584e+01,2.231084e+01,2.215952e+01,2.224208e+01,2.212509e+01,2.220081e+01,2.214575e+01,2.214575e+01,2.206999e+01,2.213886e+01,2.213886e+01,2.211821e+01,2.210443e+01,2.206999e+01,2.200797e+01,2.216640e+01,2.203554e+01,2.204243e+01,2.204243e+01,2.207688e+01,2.200797e+01,2.203554e+01,2.198039e+01,2.205621e+01,2.195970e+01,2.206310e+01,2.206310e+01,2.196660e+01,2.218705e+01,2.200797e+01,2.224896e+01,2.218016e+01,2.217328e+01,2.231084e+01,2.226271e+01,2.213198e+01,2.211821e+01,2.223520e+01,2.223520e+01,2.221457e+01,2.222833e+01,2.213198e+01,2.211132e+01,2.208377e+01,2.208377e+01,2.207688e+01,2.210443e+01,2.205621e+01,2.207688e+01,2.200107e+01,2.198729e+01,2.182167e+01,2.174567e+01,2.160735e+01,2.167654e+01,2.170420e+01,2.187691e+01,2.205621e+01,2.198039e+01,2.199418e+01,2.203554e+01,2.200107e+01,2.218705e+01,2.218705e+01,2.206999e+01,2.220081e+01,2.207688e+01,2.207688e+01,2.206999e+01,2.220769e+01,2.204932e+01,2.222833e+01,2.206310e+01,2.221457e+01,2.210443e+01,2.210443e+01,2.202865e+01,2.206999e+01,2.206310e+01,2.204932e+01,2.208377e+01,2.200797e+01,2.204932e+01,2.201486e+01,2.195970e+01,2.204243e+01,2.207688e+01,2.197349e+01,2.198729e+01,2.205621e+01,2.200797e+01,2.201486e+01,2.198039e+01,2.202176e+01,2.204932e+01,2.205621e+01,2.207688e+01,2.201486e+01,2.200107e+01,2.201486e+01,2.189071e+01,2.178022e+01,2.206310e+01,2.179404e+01,2.192521e+01,2.189761e+01,2.188381e+01,2.191141e+01,2.185620e+01,2.187000e+01,2.185620e+01,2.184929e+01,2.188381e+01,2.191141e+01,2.187691e+01,2.187691e+01,2.193211e+01,2.184239e+01,2.179404e+01,2.164887e+01,2.166270e+01,2.164195e+01,2.163503e+01,2.153812e+01,2.146884e+01,2.155197e+01,2.130932e+01,2.116345e+01,2.118431e+01,2.115650e+01,2.105218e+01,2.101042e+01,2.099649e+01,2.103130e+01,2.118431e+01,2.121210e+01,2.113565e+01,2.111479e+01,2.119126e+01,2.117041e+01,2.113565e+01,2.123989e+01,2.115650e+01,2.127461e+01,2.121210e+01,2.121905e+01,2.126072e+01,2.145498e+01,2.223520e+01,2.364924e+01,2.500406e+01,2.542512e+01,2.532502e+01,2.517135e+01,2.503084e+01,2.484321e+01,2.478283e+01,2.431200e+01,2.341831e+01,2.175949e+01,2.144112e+01,2.143419e+01,2.145498e+01,2.148963e+01,2.143419e+01,2.152427e+01,2.147577e+01,2.155890e+01,2.155197e+01,2.152427e+01,2.148270e+01,2.157274e+01,2.155890e+01,2.166962e+01,2.166270e+01,2.165579e+01,2.163503e+01,2.164887e+01,2.159351e+01,2.166270e+01,2.166270e+01,2.165579e+01,2.163503e+01,2.166270e+01,2.165579e+01,2.163503e+01,2.164195e+01,2.161427e+01,2.161427e+01,2.167654e+01,2.165579e+01,2.167654e+01,2.164887e+01,2.162119e+01,2.164887e+01,2.163503e+01,2.164195e+01,2.171111e+01,2.163503e+01,2.160735e+01,2.164195e+01,2.161427e+01,2.167654e+01,2.164195e+01,2.166962e+01,2.166270e+01,2.162811e+01,2.156582e+01,2.164887e+01,2.166962e+01,2.169037e+01,2.162119e+01,2.158659e+01,2.158659e+01,2.148963e+01,2.160043e+01,2.153812e+01,2.148963e+01,2.169037e+01,2.130238e+01,2.121210e+01,2.113565e+01,2.114260e+01,2.105218e+01,2.115650e+01,2.112869e+01,2.103130e+01,2.103130e+01,2.103130e+01,2.108696e+01,2.114955e+01,2.112869e+01,2.108001e+01,2.107305e+01,2.107305e+01,2.108001e+01,2.107305e+01,2.103826e+01,2.102434e+01,2.094774e+01,2.101042e+01,2.110088e+01,2.099649e+01,2.101738e+01,2.100345e+01,2.120515e+01,2.100345e+01,2.105218e+01,2.102434e+01,2.099649e+01,2.102434e+01,2.103826e+01,2.103826e+01,2.094077e+01,2.095471e+01,2.101042e+01,2.094774e+01,2.101738e+01,2.109392e+01,2.103826e+01,2.104522e+01,2.096864e+01,2.102434e+01,2.088503e+01,2.087109e+01,2.093381e+01,2.092684e+01,2.067570e+01,2.083623e+01,2.084320e+01,2.089200e+01,2.082228e+01,2.081530e+01,2.081530e+01,2.080135e+01,2.091291e+01,2.064078e+01,2.073157e+01,2.068967e+01,2.094077e+01,2.062680e+01,2.068967e+01,2.071761e+01,2.073157e+01,2.068269e+01,2.065475e+01,2.080135e+01,2.071062e+01,2.070364e+01,2.068967e+01,2.054990e+01,2.057787e+01,2.054990e+01,2.052192e+01,2.054990e+01,2.052892e+01,2.052192e+01,2.057787e+01,2.057787e+01,2.059884e+01,2.052192e+01,2.065475e+01,2.065475e+01,2.066174e+01,2.052192e+01,2.064078e+01,2.061981e+01,2.058486e+01,2.060583e+01,2.059884e+01,2.062680e+01,2.061981e+01,2.065475e+01,2.052892e+01,2.054291e+01,2.066174e+01,2.059884e+01,2.059884e+01,2.072459e+01,2.055690e+01,2.068269e+01,2.062680e+01,2.058486e+01,2.057088e+01,2.059884e+01,2.059185e+01,2.064078e+01,2.064776e+01,2.066174e+01,2.070364e+01,2.077344e+01,2.085017e+01,2.091291e+01,2.089200e+01,2.088503e+01,2.088503e+01,2.097560e+01,2.087806e+01,2.091291e+01,2.098256e+01,2.094077e+01,2.096864e+01,2.091291e+01,2.093381e+01,2.100345e+01,2.096167e+01,2.105218e+01,2.089200e+01,2.092684e+01,2.108696e+01,2.100345e+01,2.107305e+01,2.108001e+01,2.094774e+01,2.098256e+01,2.110088e+01,2.096864e+01,2.101738e+01,2.109392e+01,2.110783e+01,2.108696e+01,2.108696e+01,2.106609e+01,2.111479e+01,2.110783e+01,2.115650e+01,2.105914e+01,2.112174e+01,2.110783e+01,2.110088e+01,2.109392e+01,2.106609e+01,2.105914e+01,2.090594e+01,2.096864e+01,2.107305e+01,2.112174e+01,2.107305e+01,2.106609e+01,2.106609e+01,2.108696e+01,2.108001e+01,2.113565e+01,2.117736e+01,2.116345e+01,2.119820e+01,2.119820e+01,2.126072e+01,2.137871e+01,2.138565e+01,2.150349e+01,2.183548e+01,2.205621e+01,2.263337e+01,2.319368e+01,2.373740e+01,2.432548e+01,2.489686e+01,2.571154e+01,2.602371e+01,2.623573e+01,2.638786e+01,2.638786e+01,2.637464e+01,2.632836e+01,2.607013e+01,2.563834e+01,2.526491e+01,2.481638e+01,2.453423e+01,2.394057e+01,2.378484e+01,2.331627e+01,2.299587e+01,2.279084e+01,2.267447e+01,2.240015e+01,2.235207e+01,2.213886e+01,2.203554e+01,2.202176e+01,2.191831e+01,2.199418e+01,2.187000e+01,2.193901e+01,2.186310e+01,2.187691e+01,2.189761e+01,2.187000e+01,2.187000e+01,2.185620e+01,2.169728e+01,2.174567e+01,2.175258e+01,2.173185e+01,2.173185e+01,2.175949e+01,2.176641e+01,2.173876e+01,2.168345e+01,2.169728e+01,2.165579e+01,2.162119e+01,2.162119e+01,2.163503e+01,2.155890e+01,2.157274e+01,2.161427e+01,2.157967e+01,2.164887e+01,2.155890e+01,2.160735e+01,2.159351e+01,2.170420e+01,2.155890e+01,2.153119e+01,2.167654e+01,2.170420e+01,2.160043e+01,2.161427e+01,2.169037e+01,2.171111e+01,2.176641e+01,2.192521e+01,2.192521e+01,2.200107e+01,2.198729e+01,2.202865e+01,2.206310e+01,2.210443e+01,2.219393e+01,2.215952e+01,2.220769e+01,2.226959e+01,2.225584e+01,2.236581e+01,2.229709e+01,2.235207e+01,2.240015e+01,2.233833e+01,2.244821e+01,2.233146e+01,2.233833e+01,2.242075e+01,2.237268e+01,2.237955e+01,2.239328e+01,2.245507e+01,2.235207e+01,2.235894e+01,2.234520e+01,2.233146e+01,2.233833e+01,2.233146e+01,2.233833e+01,2.240702e+01,2.240015e+01,2.240702e+01,2.240015e+01,2.237955e+01,2.241389e+01,2.237955e+01,2.242075e+01,2.237955e+01,2.234520e+01,2.235207e+01,2.242075e+01,2.226959e+01,2.235207e+01,2.241389e+01,2.235894e+01,2.231771e+01,2.248939e+01,2.255112e+01,2.236581e+01,2.232458e+01,2.245507e+01,2.244821e+01,2.225584e+01,2.233833e+01,2.242075e+01,2.237955e+01,2.233833e+01,2.215952e+01,2.210443e+01,2.229709e+01,2.230396e+01,2.235207e+01,2.241389e+01,2.235207e+01,2.227647e+01,2.251683e+01,2.242762e+01,2.250311e+01,2.235894e+01,2.242762e+01,2.247566e+01,2.223520e+01,2.224208e+01,2.234520e+01,2.235894e+01,2.253055e+01,2.229022e+01,2.229022e+01,2.230396e+01,2.228334e+01,2.225584e+01,2.241389e+01,2.240702e+01,2.231771e+01,2.223520e+01,2.224896e+01,2.244821e+01,2.225584e+01,2.219393e+01,2.225584e+01,2.226271e+01,2.206310e+01,2.218705e+01,2.223520e+01,2.226959e+01,2.224896e+01,2.218705e+01,2.218016e+01,2.223520e+01,2.215952e+01
2.220769e+01,2.210443e+01,2.212509e+01,2.206999e+01,2.204932e+01,2.210443e+01,2.194591e+01,2.210443e+01,2.196660e+01,2.214575e+01,2.193901e+01,2.199418e+01,2.193211e+01,2.187000e+01,2.201486e+01,2.188381e+01,2.191141e+01,2.187691e+01,2.192521e+01,2.190451e+01,2.198729e+01,2.193211e+01,2.199418e+01,2.202865e+01,2.205621e+01,2.205621e+01,2.213198e+01,2.210443e+01,2.220769e+01,2.217328e+01,2.229022e+01,2.215263e+01,2.219393e+01,2.220769e+01,2.219393e+01,2.224208e+01,2.220769e+01,2.223520e+01,2.223520e+01,2.220769e+01,2.227647e+01,2.215952e+01,2.226271e+01,2.226959e+01,2.222145e+01,2.223520e+01,2.235894e+01,2.223520e+01,2.224896e+01,2.231771e+01,2.235207e+01,2.234520e+01,2.237955e+01,2.235207e+01,2.235894e+01,2.226271e+01,2.231084e+01,2.235894e+01,2.233146e+01,2.238642e+01,2.231084e+01,2.235207e+01,2.235894e+01,2.218016e+01,2.226271e+01,2.233833e+01,2.233833e+01,2.231084e+01,2.237268e+01,2.235207e+01,2.226959e+01,2.213198e+01,2.226959e+01,2.222833e+01,2.229709e+01,2.219393e+01,2.217328e+01,2.204932e+01,2.197349e+01,2.218016e+01,2.213886e+01,2.215952e+01,2.217328e+01,2.205621e+01,2.219393e+01,2.214575e+01,2.209755e+01,2.209755e+01,2.205621e+01,2.206999e+01,2.204243e+01,2.206310e+01,2.212509e+01,2.207688e+01,2.200107e+01,2.208377e+01,2.209755e+01,2.198729e+01,2.204932e+01,2.206999e+01,2.211821e+01,2.216640e+01,2.218705e+01,2.211132e+01,2.215952e+01,2.225584e+01,2.215952e+01,2.218016e+01,2.220769e+01,2.213198e+01,2.224208e+01,2.220769e+01,2.215952e+01,2.222833e+01,2.212509e+01,2.220769e+01,2.206999e+01,2.211821e+01,2.207688e+01,2.209066e+01,2.206999e+01,2.206310e+01,2.212509e+01,2.200107e+01,2.189071e+01,2.173876e+01,2.173185e+01,2.175258e+01,2.176641e+01,2.178022e+01,2.192521e+01,2.203554e+01,2.197349e+01,2.192521e+01,2.202176e+01,2.207688e+01,2.209066e+01,2.211821e+01,2.214575e+01,2.206999e+01,2.200107e+01,2.204243e+01,2.204932e+01,2.218016e+01,2.209066e+01,2.205621e+01,2.202176e+01,2.202865e+01,2.209066e+01,2.195970e+01,2.199418e+01,2.204243e+01,2.206310e+01,2.202865e+01,2.206310e+01,2.201486e+01,2.193211e+01,2.206310e+01,2.200107e+01,2.201486e+01,2.183548e+01,2.202865e+01,2.199418e+01,2.204243e+01,2.201486e+01,2.203554e+01,2.197349e+01,2.192521e+01,2.203554e+01,2.187691e+01,2.191141e+01,2.187000e+01,2.202865e+01,2.184929e+01,2.189761e+01,2.182167e+01,2.183548e+01,2.178022e+01,2.173185e+01,2.188381e+01,2.178022e+01,2.175258e+01,2.179404e+01,2.179404e+01,2.191831e+01,2.182167e+01,2.194591e+01,2.182167e+01,2.182858e+01,2.187000e+01,2.185620e+01,2.180786e+01,2.187691e+01,2.176641e+01,2.175258e+01,2.164195e+01,2.169728e+01,2.161427e+01,2.144112e+01,2.155197e+01,2.128156e+01,2.112174e+01,2.112174e+01,2.102434e+01,2.112869e+01,2.111479e+01,2.095471e+01,2.095471e+01,2.099649e+01,2.110783e+01,2.124683e+01,2.110783e+01,2.109392e+01,2.112869e+01,2.105914e+01,2.121210e+01,2.117736e+01,2.141339e+01,2.124683e+01,2.112869e+01,2.130238e+01,2.152427e+01,2.211132e+01,2.354742e+01,2.513122e+01,2.525155e+01,2.541844e+01,2.523151e+01,2.495717e+01,2.462164e+01,2.431200e+01,2.404200e+01,2.314597e+01,2.171111e+01,2.142725e+01,2.139952e+01,2.137871e+01,2.146191e+01,2.157274e+01,2.150349e+01,2.149656e+01,2.162119e+01,2.161427e+01,2.163503e+01,2.148270e+01,2.160043e+01,2.166270e+01,2.152427e+01,2.167654e+01,2.157967e+01,2.169037e+01,2.167654e+01,2.180095e+01,2.164887e+01,2.164887e+01,2.167654e+01,2.177332e+01,2.166962e+01,2.167654e+01,2.175949e+01,2.164195e+01,2.162119e+01,2.160735e+01,2.165579e+01,2.164195e+01,2.168345e+01,2.170420e+01,2.166962e+01,2.164887e+01,2.164195e+01,2.164887e+01,2.164195e+01,2.162119e+01,2.156582e+01,2.162119e+01,2.167654e+01,2.167654e+01,2.168345e+01,2.163503e+01,2.165579e+01,2.160735e+01,2.166270e+01,2.162811e+01,2.166270e+01,2.164195e+01,2.167654e+01,2.165579e+01,2.148270e+01,2.149656e+01,2.153119e+01,2.148270e+01,2.146884e+01,2.148963e+01,2.146884e+01,2.123989e+01,2.123989e+01,2.109392e+01,2.106609e+01,2.106609e+01,2.108001e+01,2.108696e+01,2.110783e+01,2.120515e+01,2.106609e+01,2.099649e+01,2.109392e+01,2.107305e+01,2.109392e+01,2.109392e+01,2.105914e+01,2.102434e+01,2.100345e+01,2.097560e+01,2.098256e+01,2.101042e+01,2.107305e+01,2.105218e+01,2.101738e+01,2.097560e+01,2.103130e+01,2.103826e+01,2.105914e+01,2.095471e+01,2.098953e+01,2.106609e+01,2.102434e+01,2.102434e+01,2.101042e+01,2.087806e+01,2.101042e+01,2.097560e+01,2.104522e+01,2.105914e+01,2.097560e+01,2.104522e+01,2.089200e+01,2.089897e+01,2.087806e+01,2.096864e+01,2.089897e+01,2.085017e+01,2.085017e+01,2.086412e+01,2.080135e+01,2.073157e+01,2.081530e+01,2.086412e+01,2.083623e+01,2.082925e+01,2.068967e+01,2.065475e+01,2.063379e+01,2.063379e+01,2.054990e+01,2.066872e+01,2.065475e+01,2.061981e+01,2.053592e+01,2.056389e+01,2.070364e+01,2.064776e+01,2.061981e+01,2.073157e+01,2.064776e+01,2.068967e+01,2.064776e+01,2.071062e+01,2.054990e+01,2.050094e+01,2.050094e+01,2.051493e+01,2.057787e+01,2.061981e+01,2.059884e+01,2.061981e+01,2.064078e+01,2.050094e+01,2.061981e+01,2.052892e+01,2.063379e+01,2.058486e+01,2.061282e+01,2.062680e+01,2.073157e+01,2.063379e+01,2.064078e+01,2.066872e+01,2.066174e+01,2.064078e+01,2.052192e+01,2.055690e+01,2.066872e+01,2.059884e+01,2.057787e+01,2.062680e+01,2.054291e+01,2.058486e+01,2.057787e+01,2.049394e+01,2.034689e+01,2.064776e+01,2.065475e+01,2.063379e+01,2.067570e+01,2.075251e+01,2.090594e+01,2.087806e+01,2.085017e+01,2.088503e+01,2.093381e+01,2.087806e+01,2.076647e+01,2.091291e+01,2.094774e+01,2.093381e+01,2.093381e+01,2.091987e+01,2.098953e+01,2.091987e+01,2.089897e+01,2.098256e+01,2.098953e+01,2.102434e+01,2.094774e+01,2.101042e+01,2.092684e+01,2.104522e+01,2.098256e+01,2.095471e+01,2.105218e+01,2.113565e+01,2.103130e+01,2.107305e+01,2.107305e+01,2.105914e+01,2.104522e+01,2.112869e+01,2.108001e+01,2.110088e+01,2.112174e+01,2.104522e+01,2.114260e+01,2.113565e+01,2.106609e+01,2.105218e+01,2.113565e+01,2.117736e+01,2.114955e+01,2.094774e+01,2.117041e+01,2.109392e+01,2.108001e+01,2.106609e+01,2.108696e+01,2.121210e+01,2.121210e+01,2.112174e+01,2.114260e+01,2.117736e+01,2.123989e+01,2.121210e+01,2.126767e+01,2.128156e+01,2.137177e+01,2.154505e+01,2.180095e+01,2.202865e+01,2.231084e+01,2.268817e+01,2.328904e+01,2.389996e+01,2.456786e+01,2.521146e+01,2.568493e+01,2.604361e+01,2.626221e+01,2.642090e+01,2.638786e+01,2.627544e+01,2.619601e+01,2.587770e+01,2.563834e+01,2.523819e+01,2.466868e+01,2.448040e+01,2.389996e+01,2.337070e+01,2.330946e+01,2.285239e+01,2.290024e+01,2.242075e+01,2.246880e+01,2.225584e+01,2.200797e+01,2.225584e+01,2.200107e+01,2.193901e+01,2.196660e+01,2.195280e+01,2.194591e+01,2.187691e+01,2.192521e+01,2.181476e+01,2.184239e+01,2.176641e+01,2.181476e+01,2.173876e+01,2.179404e+01,2.187000e+01,2.178022e+01,2.177332e+01,2.175258e+01,2.173876e+01,2.170420e+01,2.173876e+01,2.147577e+01,2.168345e+01,2.153812e+01,2.156582e+01,2.155197e+01,2.155890e+01,2.160043e+01,2.160043e+01,2.162811e+01,2.157274e+01,2.156582e+01,2.159351e+01,2.160043e+01,2.159351e+01,2.162119e+01,2.155890e+01,2.164887e+01,2.161427e+01,2.162119e+01,2.166962e+01,2.171802e+01,2.178713e+01,2.170420e+01,2.175949e+01,2.182167e+01,2.186310e+01,2.197349e+01,2.198729e+01,2.204932e+01,2.216640e+01,2.214575e+01,2.219393e+01,2.231771e+01,2.224208e+01,2.233146e+01,2.227647e+01,2.234520e+01,2.231771e+01,2.236581e+01,2.231084e+01,2.225584e+01,2.233146e+01,2.244135e+01,2.244135e+01,2.244135e+01,2.235894e+01,2.243448e+01,2.231084e+01,2.230396e+01,2.244821e+01,2.242762e+01,2.234520e+01,2.237955e+01,2.236581e+01,2.225584e+01,2.240015e+01,2.239328e+01,2.238642e+01,2.241389e+01,2.240015e+01,2.236581e+01,2.240702e+01,2.235894e+01,2.237268e+01,2.238642e+01,2.240702e+01,2.237268e+01,2.244821e+01,2.236581e+01,2.237955e+01,2.236581e+01,2.230396e+01,2.240015e+01,2.244135e+01,2.234520e+01,2.242762e+01,2.232458e+01,2.235207e+01,2.236581e+01,2.220769e+01,2.240702e+01,2.238642e+01,2.230396e+01,2.238642e+01,2.220081e+01,2.215263e+01,2.226959e+01,2.231084e+01,2.242762e+01,2.231084e+01,2.224896e+01,2.245507e+01,2.250311e+01,2.229709e+01,2.222833e+01,2.230396e+01,2.236581e+01,2.227647e+01,2.228334e+01,2.238642e+01,2.233146e+01,2.234520e+01,2.236581e+01,2.219393e+01,2.231771e+01,2.218705e+01,2.230396e+01,2.233833e+01,2.226959e+01,2.227647e+01,2.228334e+01,2.238642e+01,2.223520e+01,2.214575e+01,2.215952e+01,2.218016e+01,2.224208e+01,2.223520e+01,2.207688e+01,2.205621e+01,2.207688e+01,2.209755e+01,2.220081e+01,2.216640e+01,2.210443e+01
2.216640e+01,2.214575e+01,2.218016e+01,2.208377e+01,2.218016e+01,2.201486e+01,2.199418e+01,2.190451e+01,2.193211e+01,2.194591e+01,2.204243e+01,2.189071e+01,2.195970e+01,2.208377e+01,2.192521e+01,2.195970e+01,2.191141e+01,2.198039e+01,2.201486e+01,2.199418e+01,2.193211e+01,2.195970e+01,2.198039e+01,2.208377e+01,2.218705e+01,2.211821e+01,2.205621e+01,2.220769e+01,2.209066e+01,2.219393e+01,2.226959e+01,2.222833e+01,2.221457e+01,2.217328e+01,2.219393e+01,2.222833e+01,2.222145e+01,2.235894e+01,2.246880e+01,2.225584e+01,2.226959e+01,2.224896e+01,2.229709e+01,2.235207e+01,2.224208e+01,2.236581e+01,2.223520e+01,2.236581e+01,2.236581e+01,2.232458e+01,2.240015e+01,2.244135e+01,2.241389e+01,2.238642e+01,2.232458e+01,2.240015e+01,2.231084e+01,2.234520e+01,2.230396e+01,2.244135e+01,2.240702e+01,2.236581e+01,2.237268e+01,2.226271e+01,2.236581e+01,2.230396e+01,2.234520e+01,2.225584e+01,2.225584e+01,2.232458e+01,2.227647e+01,2.229022e+01,2.231084e+01,2.213886e+01,2.218705e+01,2.223520e+01,2.218016e+01,2.213886e+01,2.213886e+01,2.213198e+01,2.220081e+01,2.217328e+01,2.211821e+01,2.213198e+01,2.216640e+01,2.209755e+01,2.208377e+01,2.218016e+01,2.209066e+01,2.217328e+01,2.204932e+01,2.213198e+01,2.211132e+01,2.212509e+01,2.210443e+01,2.215263e+01,2.208377e+01,2.209066e+01,2.210443e+01,2.213886e+01,2.209755e+01,2.209066e+01,2.219393e+01,2.196660e+01,2.222833e+01,2.210443e+01,2.215263e+01,2.215952e+01,2.221457e+01,2.218016e+01,2.207688e+01,2.213198e+01,2.220769e+01,2.219393e+01,2.207688e+01,2.211821e+01,2.213198e+01,2.208377e+01,2.206310e+01,2.210443e+01,2.206999e+01,2.192521e+01,2.204243e+01,2.191831e+01,2.174567e+01,2.201486e+01,2.171111e+01,2.172494e+01,2.190451e+01,2.191141e+01,2.195280e+01,2.200107e+01,2.202865e+01,2.207688e+01,2.189071e+01,2.207688e+01,2.202865e+01,2.197349e+01,2.209755e+01,2.205621e+01,2.202865e+01,2.201486e+01,2.210443e+01,2.202176e+01,2.209755e+01,2.204243e+01,2.201486e+01,2.195970e+01,2.204932e+01,2.203554e+01,2.189071e+01,2.206999e+01,2.202865e+01,2.207688e+01,2.190451e+01,2.192521e+01,2.198729e+01,2.195970e+01,2.193211e+01,2.196660e+01,2.187691e+01,2.200107e+01,2.198039e+01,2.202176e+01,2.192521e+01,2.197349e+01,2.200107e+01,2.199418e+01,2.204932e+01,2.197349e+01,2.175949e+01,2.198729e+01,2.198039e+01,2.193211e+01,2.179404e+01,2.185620e+01,2.160735e+01,2.180786e+01,2.168345e+01,2.178713e+01,2.179404e+01,2.173185e+01,2.181476e+01,2.180786e+01,2.182167e+01,2.188381e+01,2.183548e+01,2.193901e+01,2.186310e+01,2.186310e+01,2.172494e+01,2.181476e+01,2.194591e+01,2.163503e+01,2.174567e+01,2.160735e+01,2.165579e+01,2.165579e+01,2.153119e+01,2.150349e+01,2.129544e+01,2.115650e+01,2.114260e+01,2.122600e+01,2.097560e+01,2.092684e+01,2.095471e+01,2.096864e+01,2.112174e+01,2.114260e+01,2.110088e+01,2.126767e+01,2.128850e+01,2.121210e+01,2.119820e+01,2.130238e+01,2.113565e+01,2.117736e+01,2.131626e+01,2.132320e+01,2.135096e+01,2.138565e+01,2.211132e+01,2.378484e+01,2.524487e+01,2.549846e+01,2.533169e+01,2.500406e+01,2.491026e+01,2.456786e+01,2.429177e+01,2.408254e+01,2.320731e+01,2.172494e+01,2.144805e+01,2.142032e+01,2.147577e+01,2.140645e+01,2.154505e+01,2.153119e+01,2.151734e+01,2.156582e+01,2.161427e+01,2.153119e+01,2.151042e+01,2.151042e+01,2.168345e+01,2.149656e+01,2.161427e+01,2.159351e+01,2.157274e+01,2.165579e+01,2.178022e+01,2.168345e+01,2.169728e+01,2.163503e+01,2.169728e+01,2.175949e+01,2.175949e+01,2.164887e+01,2.164887e+01,2.164887e+01,2.164195e+01,2.168345e+01,2.167654e+01,2.166962e+01,2.163503e+01,2.167654e+01,2.177332e+01,2.166962e+01,2.161427e+01,2.162811e+01,2.153812e+01,2.153812e+01,2.163503e+01,2.164195e+01,2.166962e+01,2.169728e+01,2.160735e+01,2.162119e+01,2.169037e+01,2.166962e+01,2.165579e+01,2.166270e+01,2.162811e+01,2.148963e+01,2.158659e+01,2.160735e+01,2.148270e+01,2.167654e+01,2.146884e+01,2.150349e+01,2.148963e+01,2.148270e+01,2.127461e+01,2.113565e+01,2.107305e+01,2.105218e+01,2.104522e+01,2.105218e+01,2.107305e+01,2.106609e+01,2.106609e+01,2.107305e+01,2.108696e+01,2.108696e+01,2.106609e+01,2.101042e+01,2.101738e+01,2.105914e+01,2.117736e+01,2.111479e+01,2.098953e+01,2.103826e+01,2.094774e+01,2.106609e+01,2.098953e+01,2.101042e+01,2.119820e+01,2.104522e+01,2.099649e+01,2.096864e+01,2.101738e+01,2.098953e+01,2.103130e+01,2.098953e+01,2.095471e+01,2.107305e+01,2.104522e+01,2.101042e+01,2.103130e+01,2.103826e+01,2.101738e+01,2.104522e+01,2.105218e+01,2.091291e+01,2.091291e+01,2.093381e+01,2.091291e+01,2.088503e+01,2.092684e+01,2.065475e+01,2.091987e+01,2.081530e+01,2.076647e+01,2.078042e+01,2.080833e+01,2.074553e+01,2.066174e+01,2.078042e+01,2.078042e+01,2.062680e+01,2.062680e+01,2.066872e+01,2.060583e+01,2.061981e+01,2.058486e+01,2.069666e+01,2.066174e+01,2.061282e+01,2.061282e+01,2.055690e+01,2.074553e+01,2.069666e+01,2.064776e+01,2.063379e+01,2.057088e+01,2.066174e+01,2.059884e+01,2.040294e+01,2.034689e+01,2.057787e+01,2.057787e+01,2.062680e+01,2.062680e+01,2.064078e+01,2.061981e+01,2.064078e+01,2.062680e+01,2.066174e+01,2.060583e+01,2.062680e+01,2.073855e+01,2.074553e+01,2.066872e+01,2.072459e+01,2.068967e+01,2.064078e+01,2.073157e+01,2.069666e+01,2.068269e+01,2.075251e+01,2.068269e+01,2.078042e+01,2.062680e+01,2.064078e+01,2.061282e+01,2.069666e+01,2.059884e+01,2.068269e+01,2.069666e+01,2.073157e+01,2.068967e+01,2.075949e+01,2.075251e+01,2.091987e+01,2.085017e+01,2.102434e+01,2.103826e+01,2.092684e+01,2.091291e+01,2.088503e+01,2.093381e+01,2.096864e+01,2.091987e+01,2.097560e+01,2.092684e+01,2.097560e+01,2.090594e+01,2.094774e+01,2.094077e+01,2.094774e+01,2.092684e+01,2.095471e+01,2.102434e+01,2.099649e+01,2.092684e+01,2.102434e+01,2.107305e+01,2.102434e+01,2.107305e+01,2.112174e+01,2.103826e+01,2.107305e+01,2.105914e+01,2.102434e+01,2.105914e+01,2.115650e+01,2.098256e+01,2.107305e+01,2.105218e+01,2.104522e+01,2.105914e+01,2.117736e+01,2.117041e+01,2.109392e+01,2.117736e+01,2.113565e+01,2.112869e+01,2.099649e+01,2.102434e+01,2.105218e+01,2.104522e+01,2.110783e+01,2.121210e+01,2.112174e+01,2.114260e+01,2.117736e+01,2.131626e+01,2.119126e+01,2.119126e+01,2.120515e+01,2.121905e+01,2.137871e+01,2.139258e+01,2.181476e+01,2.182167e+01,2.204243e+01,2.240015e+01,2.282504e+01,2.337070e+01,2.410956e+01,2.472241e+01,2.552512e+01,2.555843e+01,2.603698e+01,2.631513e+01,2.626882e+01,2.628206e+01,2.628206e+01,2.604361e+01,2.578468e+01,2.539843e+01,2.500406e+01,2.459475e+01,2.419733e+01,2.387289e+01,2.337070e+01,2.305730e+01,2.300270e+01,2.269502e+01,2.255112e+01,2.237268e+01,2.235207e+01,2.204243e+01,2.203554e+01,2.198729e+01,2.200107e+01,2.198729e+01,2.186310e+01,2.188381e+01,2.187000e+01,2.182167e+01,2.182167e+01,2.173876e+01,2.182167e+01,2.175258e+01,2.164887e+01,2.182858e+01,2.179404e+01,2.169037e+01,2.177332e+01,2.164887e+01,2.165579e+01,2.168345e+01,2.158659e+01,2.166270e+01,2.158659e+01,2.162119e+01,2.164887e+01,2.157274e+01,2.160043e+01,2.146191e+01,2.158659e+01,2.163503e+01,2.165579e+01,2.159351e+01,2.160043e+01,2.157967e+01,2.148270e+01,2.160735e+01,2.162119e+01,2.166962e+01,2.167654e+01,2.166962e+01,2.171111e+01,2.174567e+01,2.180786e+01,2.187000e+01,2.186310e+01,2.209066e+01,2.193901e+01,2.204243e+01,2.212509e+01,2.210443e+01,2.210443e+01,2.231084e+01,2.232458e+01,2.211132e+01,2.232458e+01,2.228334e+01,2.226959e+01,2.230396e+01,2.233833e+01,2.237955e+01,2.235894e+01,2.233833e+01,2.233833e+01,2.240015e+01,2.230396e+01,2.245507e+01,2.233833e+01,2.242075e+01,2.232458e+01,2.248252e+01,2.248252e+01,2.237268e+01,2.244135e+01,2.237955e+01,2.241389e+01,2.241389e+01,2.237955e+01,2.241389e+01,2.238642e+01,2.238642e+01,2.235894e+01,2.236581e+01,2.237955e+01,2.231084e+01,2.233146e+01,2.231771e+01,2.219393e+01,2.235207e+01,2.237268e+01,2.226959e+01,2.230396e+01,2.250311e+01,2.240702e+01,2.236581e+01,2.237268e+01,2.232458e+01,2.235207e+01,2.240015e+01,2.237955e+01,2.236581e+01,2.237268e+01,2.230396e+01,2.241389e+01,2.235894e+01,2.220769e+01,2.230396e+01,2.227647e+01,2.222145e+01,2.221457e+01,2.221457e+01,2.245507e+01,2.242762e+01,2.247566e+01,2.229022e+01,2.236581e+01,2.228334e+01,2.220081e+01,2.238642e+01,2.233833e+01,2.234520e+01,2.233833e+01,2.238642e+01,2.216640e+01,2.238642e+01,2.228334e+01,2.234520e+01,2.227647e+01,2.231771e+01,2.233833e+01,2.224896e+01,2.227647e+01,2.215952e+01,2.223520e+01,2.226959e+01,2.218016e+01,2.221457e+01,2.225584e+01,2.215263e+01,2.224208e+01,2.204932e+01,2.210443e+01,2.223520e+01,2.215263e+01,2.213198e+01,2.217328e+01
2.220769e+01,2.215263e+01,2.217328e+01,2.220081e+01,2.215263e+01,2.218705e+01,2.204932e+01,2.194591e+01,2.219393e+01,2.188381e+01,2.191831e+01,2.196660e+01,2.191141e+01,2.197349e+01,2.195970e+01,2.195970e+01,2.189071e+01,2.189761e+01,2.189071e+01,2.195970e+01,2.189761e+01,2.202176e+01,2.206999e+01,2.208377e+01,2.201486e+01,2.210443e+01,2.213198e+01,2.220081e+01,2.212509e+01,2.218016e+01,2.213198e+01,2.230396e+01,2.220081e+01,2.224896e+01,2.233833e+01,2.231084e+01,2.222145e+01,2.227647e+01,2.225584e+01,2.239328e+01,2.225584e+01,2.227647e+01,2.236581e+01,2.224208e+01,2.236581e+01,2.229709e+01,2.233146e+01,2.232458e+01,2.225584e+01,2.245507e+01,2.234520e+01,2.243448e+01,2.231771e+01,2.242762e+01,2.235894e+01,2.241389e+01,2.241389e+01,2.231771e+01,2.240702e+01,2.242075e+01,2.237268e+01,2.233146e+01,2.236581e+01,2.230396e+01,2.226271e+01,2.229022e+01,2.227647e+01,2.229709e+01,2.233833e+01,2.234520e+01,2.231771e+01,2.236581e+01,2.224896e+01,2.220769e+01,2.225584e+01,2.230396e+01,2.218016e+01,2.216640e+01,2.214575e+01,2.218705e+01,2.213886e+01,2.222145e+01,2.210443e+01,2.211821e+01,2.209755e+01,2.216640e+01,2.209066e+01,2.205621e+01,2.208377e+01,2.214575e+01,2.208377e+01,2.207688e+01,2.208377e+01,2.216640e+01,2.210443e+01,2.204932e+01,2.204932e+01,2.220081e+01,2.204932e+01,2.212509e+01,2.213886e+01,2.207688e+01,2.224208e+01,2.204243e+01,2.210443e+01,2.218016e+01,2.209755e+01,2.215263e+01,2.218705e+01,2.220769e+01,2.222833e+01,2.216640e+01,2.215952e+01,2.224208e+01,2.211132e+01,2.206999e+01,2.206999e+01,2.209755e+01,2.200107e+01,2.204932e+01,2.202176e+01,2.193901e+01,2.205621e+01,2.189761e+01,2.189761e+01,2.184929e+01,2.182167e+01,2.184239e+01,2.187000e+01,2.187691e+01,2.201486e+01,2.204243e+01,2.210443e+01,2.209755e+01,2.202176e+01,2.203554e+01,2.203554e+01,2.202865e+01,2.199418e+01,2.208377e+01,2.200107e+01,2.206999e+01,2.202865e+01,2.200107e+01,2.198039e+01,2.206999e+01,2.198039e+01,2.206310e+01,2.191831e+01,2.199418e+01,2.208377e+01,2.195280e+01,2.202176e+01,2.197349e+01,2.194591e+01,2.193211e+01,2.186310e+01,2.189071e+01,2.184239e+01,2.198039e+01,2.192521e+01,2.198039e+01,2.195970e+01,2.198729e+01,2.193901e+01,2.198039e+01,2.180786e+01,2.198729e+01,2.200107e+01,2.183548e+01,2.173876e+01,2.191141e+01,2.184929e+01,2.182858e+01,2.182858e+01,2.175258e+01,2.170420e+01,2.170420e+01,2.166962e+01,2.175258e+01,2.169037e+01,2.184929e+01,2.178713e+01,2.176641e+01,2.180095e+01,2.189761e+01,2.182858e+01,2.187691e+01,2.185620e+01,2.202176e+01,2.181476e+01,2.185620e+01,2.170420e+01,2.178022e+01,2.176641e+01,2.173185e+01,2.164887e+01,2.162119e+01,2.154505e+01,2.144805e+01,2.144805e+01,2.131626e+01,2.119820e+01,2.111479e+01,2.099649e+01,2.094077e+01,2.095471e+01,2.099649e+01,2.121210e+01,2.120515e+01,2.112869e+01,2.126767e+01,2.109392e+01,2.105914e+01,2.120515e+01,2.113565e+01,2.115650e+01,2.128850e+01,2.129544e+01,2.132320e+01,2.147577e+01,2.151734e+01,2.213886e+01,2.381872e+01,2.553178e+01,2.550513e+01,2.539176e+01,2.507770e+01,2.475598e+01,2.454768e+01,2.428503e+01,2.405551e+01,2.311187e+01,2.173185e+01,2.133014e+01,2.133014e+01,2.142032e+01,2.149656e+01,2.148270e+01,2.158659e+01,2.164195e+01,2.148270e+01,2.154505e+01,2.150349e+01,2.149656e+01,2.150349e+01,2.166962e+01,2.157967e+01,2.161427e+01,2.167654e+01,2.166270e+01,2.167654e+01,2.169728e+01,2.169728e+01,2.175949e+01,2.169728e+01,2.171802e+01,2.174567e+01,2.169037e+01,2.178022e+01,2.164195e+01,2.164195e+01,2.170420e+01,2.164887e+01,2.171802e+01,2.170420e+01,2.173185e+01,2.175258e+01,2.160043e+01,2.158659e+01,2.166270e+01,2.164887e+01,2.173876e+01,2.167654e+01,2.154505e+01,2.175949e+01,2.165579e+01,2.154505e+01,2.165579e+01,2.161427e+01,2.166270e+01,2.166270e+01,2.164195e+01,2.160043e+01,2.162119e+01,2.159351e+01,2.151734e+01,2.157274e+01,2.148270e+01,2.153119e+01,2.155890e+01,2.148963e+01,2.149656e+01,2.148963e+01,2.144805e+01,2.117041e+01,2.110088e+01,2.108001e+01,2.099649e+01,2.107305e+01,2.116345e+01,2.103130e+01,2.105218e+01,2.119820e+01,2.113565e+01,2.111479e+01,2.106609e+01,2.098256e+01,2.113565e+01,2.114955e+01,2.103130e+01,2.111479e+01,2.100345e+01,2.113565e+01,2.097560e+01,2.098256e+01,2.110088e+01,2.102434e+01,2.103826e+01,2.120515e+01,2.109392e+01,2.101042e+01,2.114260e+01,2.098953e+01,2.087806e+01,2.096167e+01,2.099649e+01,2.094774e+01,2.103130e+01,2.102434e+01,2.108696e+01,2.096864e+01,2.110783e+01,2.105218e+01,2.094077e+01,2.095471e+01,2.098256e+01,2.095471e+01,2.092684e+01,2.080135e+01,2.094774e+01,2.079438e+01,2.091987e+01,2.086412e+01,2.079438e+01,2.078042e+01,2.087806e+01,2.069666e+01,2.066872e+01,2.066872e+01,2.061981e+01,2.064776e+01,2.068269e+01,2.064776e+01,2.064776e+01,2.065475e+01,2.061282e+01,2.062680e+01,2.062680e+01,2.057787e+01,2.061981e+01,2.057787e+01,2.061282e+01,2.071761e+01,2.068269e+01,2.054990e+01,2.061282e+01,2.071761e+01,2.057088e+01,2.058486e+01,2.079438e+01,2.053592e+01,2.054291e+01,2.059884e+01,2.052192e+01,2.057787e+01,2.061282e+01,2.056389e+01,2.067570e+01,2.058486e+01,2.068967e+01,2.067570e+01,2.066872e+01,2.073157e+01,2.064078e+01,2.066174e+01,2.071761e+01,2.057787e+01,2.070364e+01,2.063379e+01,2.068967e+01,2.078740e+01,2.067570e+01,2.070364e+01,2.073157e+01,2.060583e+01,2.063379e+01,2.070364e+01,2.061981e+01,2.072459e+01,2.067570e+01,2.071062e+01,2.073157e+01,2.092684e+01,2.076647e+01,2.086412e+01,2.088503e+01,2.095471e+01,2.090594e+01,2.096864e+01,2.093381e+01,2.094774e+01,2.087109e+01,2.094077e+01,2.096864e+01,2.093381e+01,2.090594e+01,2.094774e+01,2.089200e+01,2.092684e+01,2.087806e+01,2.094077e+01,2.092684e+01,2.103130e+01,2.093381e+01,2.095471e+01,2.100345e+01,2.092684e+01,2.101042e+01,2.106609e+01,2.098953e+01,2.114260e+01,2.120515e+01,2.113565e+01,2.108001e+01,2.117041e+01,2.101042e+01,2.114260e+01,2.106609e+01,2.109392e+01,2.114260e+01,2.109392e+01,2.118431e+01,2.105914e+01,2.118431e+01,2.115650e+01,2.119126e+01,2.117041e+01,2.098953e+01,2.105218e+01,2.106609e+01,2.108001e+01,2.106609e+01,2.108696e+01,2.112869e+01,2.122600e+01,2.116345e+01,2.115650e+01,2.114955e+01,2.119820e+01,2.119126e+01,2.130238e+01,2.123294e+01,2.132320e+01,2.148270e+01,2.146884e+01,2.181476e+01,2.200107e+01,2.240015e+01,2.263337e+01,2.315278e+01,2.368994e+01,2.423782e+01,2.496387e+01,2.554511e+01,2.577803e+01,2.612978e+01,2.628867e+01,2.632175e+01,2.648036e+01,2.622911e+01,2.598391e+01,2.573149e+01,2.522482e+01,2.489686e+01,2.446694e+01,2.394057e+01,2.367638e+01,2.334349e+01,2.296173e+01,2.287974e+01,2.271556e+01,2.242075e+01,2.231771e+01,2.225584e+01,2.209755e+01,2.201486e+01,2.202865e+01,2.206310e+01,2.183548e+01,2.198039e+01,2.195970e+01,2.189071e+01,2.175949e+01,2.174567e+01,2.178713e+01,2.186310e+01,2.182167e+01,2.178022e+01,2.183548e+01,2.189761e+01,2.178713e+01,2.178713e+01,2.169728e+01,2.169037e+01,2.163503e+01,2.173876e+01,2.164195e+01,2.171111e+01,2.167654e+01,2.164887e+01,2.159351e+01,2.162119e+01,2.164887e+01,2.153119e+01,2.153812e+01,2.160043e+01,2.160735e+01,2.172494e+01,2.165579e+01,2.155197e+01,2.162119e+01,2.166270e+01,2.159351e+01,2.165579e+01,2.164195e+01,2.177332e+01,2.182858e+01,2.181476e+01,2.200107e+01,2.196660e+01,2.199418e+01,2.209066e+01,2.196660e+01,2.207688e+01,2.218016e+01,2.219393e+01,2.209066e+01,2.231771e+01,2.218705e+01,2.226959e+01,2.226271e+01,2.244135e+01,2.233146e+01,2.242762e+01,2.235207e+01,2.236581e+01,2.229022e+01,2.229709e+01,2.231084e+01,2.248252e+01,2.234520e+01,2.248939e+01,2.235894e+01,2.241389e+01,2.237268e+01,2.241389e+01,2.244135e+01,2.242762e+01,2.241389e+01,2.240702e+01,2.242075e+01,2.241389e+01,2.235207e+01,2.235207e+01,2.237268e+01,2.222145e+01,2.220769e+01,2.240702e+01,2.235894e+01,2.236581e+01,2.250997e+01,2.237955e+01,2.245507e+01,2.229022e+01,2.231771e+01,2.242762e+01,2.239328e+01,2.240015e+01,2.238642e+01,2.237268e+01,2.245507e+01,2.232458e+01,2.234520e+01,2.247566e+01,2.233146e+01,2.237955e+01,2.233833e+01,2.233146e+01,2.231084e+01,2.226271e+01,2.224208e+01,2.226271e+01,2.232458e+01,2.229022e+01,2.235207e+01,2.235894e+01,2.246880e+01,2.240015e+01,2.226271e+01,2.247566e+01,2.229709e+01,2.237268e+01,2.240015e+01,2.238642e+01,2.237268e+01,2.240015e+01,2.237955e+01,2.243448e+01,2.220769e+01,2.224896e+01,2.232458e+01,2.237955e+01,2.228334e+01,2.248939e+01,2.224896e+01,2.219393e+01,2.219393e+01,2.227647e+01,2.226271e+01,2.226271e+01,2.209066e+01,2.224208e+01,2.233833e+01,2.222145e+01,2.212509e+01,2.218705e+01,2.229022e+01,2.215263e+01,2.213198e+01
2.220769e+01,2.219393e+01,2.221457e+01,2.202176e+01,2.203554e+01,2.206310e+01,2.201486e+01,2.197349e+01,2.211821e+01,2.202176e+01,2.202176e+01,2.206999e+01,2.187000e+01,2.200107e+01,2.189761e+01,2.192521e+01,2.197349e+01,2.200107e+01,2.189071e+01,2.189761e+01,2.195280e+01,2.197349e+01,2.200797e+01,2.206999e+01,2.205621e+01,2.211821e+01,2.215263e+01,2.220081e+01,2.224208e+01,2.215952e+01,2.228334e+01,2.229709e+01,2.215263e+01,2.228334e+01,2.219393e+01,2.229709e+01,2.231084e+01,2.218705e+01,2.225584e+01,2.224896e+01,2.226271e+01,2.223520e+01,2.226271e+01,2.222833e+01,2.240702e+01,2.227647e+01,2.224896e+01,2.232458e+01,2.231084e+01,2.237268e+01,2.233146e+01,2.235207e+01,2.237955e+01,2.234520e+01,2.238642e+01,2.238642e+01,2.226271e+01,2.236581e+01,2.222833e+01,2.225584e+01,2.243448e+01,2.237268e+01,2.221457e+01,2.219393e+01,2.224896e+01,2.222833e+01,2.222833e+01,2.222833e+01,2.233833e+01,2.237955e+01,2.235207e+01,2.215263e+01,2.218016e+01,2.212509e+01,2.218705e+01,2.218016e+01,2.210443e+01,2.213886e+01,2.213886e+01,2.211821e+01,2.210443e+01,2.214575e+01,2.202865e+01,2.211132e+01,2.205621e+01,2.205621e+01,2.204243e+01,2.207688e+01,2.215263e+01,2.202865e+01,2.202865e+01,2.202865e+01,2.208377e+01,2.207688e+01,2.213198e+01,2.206999e+01,2.206310e+01,2.213886e+01,2.212509e+01,2.209755e+01,2.217328e+01,2.217328e+01,2.219393e+01,2.211132e+01,2.215952e+01,2.218016e+01,2.211821e+01,2.216640e+01,2.211821e+01,2.213886e+01,2.221457e+01,2.204932e+01,2.211132e+01,2.209755e+01,2.210443e+01,2.202865e+01,2.205621e+01,2.206310e+01,2.196660e+01,2.209755e+01,2.196660e+01,2.190451e+01,2.187000e+01,2.187000e+01,2.188381e+01,2.185620e+01,2.185620e+01,2.188381e+01,2.181476e+01,2.204932e+01,2.187691e+01,2.197349e+01,2.200107e+01,2.204932e+01,2.209755e+01,2.202865e+01,2.202865e+01,2.206310e+01,2.207688e+01,2.207688e+01,2.197349e+01,2.197349e+01,2.199418e+01,2.205621e+01,2.201486e+01,2.197349e+01,2.200797e+01,2.193901e+01,2.194591e+01,2.192521e+01,2.192521e+01,2.197349e+01,2.191141e+01,2.181476e+01,2.184929e+01,2.184929e+01,2.184929e+01,2.183548e+01,2.191831e+01,2.201486e+01,2.204243e+01,2.179404e+01,2.197349e+01,2.184239e+01,2.188381e+01,2.190451e+01,2.195970e+01,2.192521e+01,2.173185e+01,2.184239e+01,2.178022e+01,2.182167e+01,2.184239e+01,2.183548e+01,2.182167e+01,2.164887e+01,2.172494e+01,2.168345e+01,2.163503e+01,2.180095e+01,2.179404e+01,2.174567e+01,2.178022e+01,2.179404e+01,2.177332e+01,2.187000e+01,2.179404e+01,2.164195e+01,2.186310e+01,2.184929e+01,2.177332e+01,2.178713e+01,2.180095e+01,2.179404e+01,2.173876e+01,2.164887e+01,2.166270e+01,2.168345e+01,2.163503e+01,2.148963e+01,2.145498e+01,2.117736e+01,2.124683e+01,2.111479e+01,2.105914e+01,2.095471e+01,2.098953e+01,2.096864e+01,2.102434e+01,2.124683e+01,2.126072e+01,2.110088e+01,2.114955e+01,2.112174e+01,2.112869e+01,2.112174e+01,2.112869e+01,2.126072e+01,2.111479e+01,2.146191e+01,2.137177e+01,2.137871e+01,2.213198e+01,2.382549e+01,2.535839e+01,2.553844e+01,2.529163e+01,2.495717e+01,2.469555e+01,2.442654e+01,2.423782e+01,2.371028e+01,2.279084e+01,2.159351e+01,2.150349e+01,2.143419e+01,2.151042e+01,2.151734e+01,2.145498e+01,2.145498e+01,2.151042e+01,2.156582e+01,2.153812e+01,2.153119e+01,2.158659e+01,2.163503e+01,2.170420e+01,2.156582e+01,2.162811e+01,2.162119e+01,2.164887e+01,2.168345e+01,2.169728e+01,2.164195e+01,2.162811e+01,2.170420e+01,2.169728e+01,2.164195e+01,2.176641e+01,2.163503e+01,2.175258e+01,2.171802e+01,2.169728e+01,2.162119e+01,2.171111e+01,2.164195e+01,2.163503e+01,2.159351e+01,2.159351e+01,2.169037e+01,2.157967e+01,2.155197e+01,2.162811e+01,2.168345e+01,2.180095e+01,2.165579e+01,2.169728e+01,2.164195e+01,2.168345e+01,2.166270e+01,2.166962e+01,2.157274e+01,2.160043e+01,2.155197e+01,2.153812e+01,2.148963e+01,2.150349e+01,2.159351e+01,2.155890e+01,2.152427e+01,2.153812e+01,2.148963e+01,2.148963e+01,2.148963e+01,2.131626e+01,2.116345e+01,2.110088e+01,2.099649e+01,2.103130e+01,2.101042e+01,2.108696e+01,2.105914e+01,2.098256e+01,2.093381e+01,2.091291e+01,2.096167e+01,2.107305e+01,2.104522e+01,2.108696e+01,2.108696e+01,2.117041e+01,2.111479e+01,2.110783e+01,2.100345e+01,2.102434e+01,2.097560e+01,2.101738e+01,2.101042e+01,2.126767e+01,2.112174e+01,2.102434e+01,2.099649e+01,2.101042e+01,2.096864e+01,2.101042e+01,2.089897e+01,2.091291e+01,2.095471e+01,2.103826e+01,2.099649e+01,2.105914e+01,2.076647e+01,2.106609e+01,2.087806e+01,2.091987e+01,2.094077e+01,2.089897e+01,2.092684e+01,2.087109e+01,2.090594e+01,2.082228e+01,2.082228e+01,2.087109e+01,2.073157e+01,2.077344e+01,2.066872e+01,2.079438e+01,2.068269e+01,2.082925e+01,2.064078e+01,2.056389e+01,2.061282e+01,2.063379e+01,2.064776e+01,2.054990e+01,2.064776e+01,2.060583e+01,2.055690e+01,2.066174e+01,2.059884e+01,2.054990e+01,2.058486e+01,2.056389e+01,2.055690e+01,2.066174e+01,2.059884e+01,2.067570e+01,2.060583e+01,2.058486e+01,2.059884e+01,2.055690e+01,2.053592e+01,2.060583e+01,2.059185e+01,2.054990e+01,2.060583e+01,2.065475e+01,2.064078e+01,2.066872e+01,2.059884e+01,2.062680e+01,2.068967e+01,2.066872e+01,2.073855e+01,2.068967e+01,2.071062e+01,2.064776e+01,2.071062e+01,2.070364e+01,2.064776e+01,2.071761e+01,2.075949e+01,2.072459e+01,2.070364e+01,2.074553e+01,2.066174e+01,2.064078e+01,2.066872e+01,2.075949e+01,2.067570e+01,2.074553e+01,2.069666e+01,2.089200e+01,2.084320e+01,2.082925e+01,2.085715e+01,2.087109e+01,2.088503e+01,2.094077e+01,2.087806e+01,2.083623e+01,2.089200e+01,2.088503e+01,2.091291e+01,2.090594e+01,2.075251e+01,2.090594e+01,2.091987e+01,2.089200e+01,2.091987e+01,2.091987e+01,2.094077e+01,2.091291e+01,2.098256e+01,2.105914e+01,2.099649e+01,2.094077e+01,2.096864e+01,2.103130e+01,2.112869e+01,2.101738e+01,2.114955e+01,2.111479e+01,2.100345e+01,2.103130e+01,2.105914e+01,2.103130e+01,2.110088e+01,2.104522e+01,2.110783e+01,2.104522e+01,2.110783e+01,2.108696e+01,2.114260e+01,2.113565e+01,2.104522e+01,2.114260e+01,2.109392e+01,2.101738e+01,2.109392e+01,2.101042e+01,2.101738e+01,2.104522e+01,2.105218e+01,2.119820e+01,2.114260e+01,2.111479e+01,2.114955e+01,2.117041e+01,2.118431e+01,2.118431e+01,2.122600e+01,2.122600e+01,2.121905e+01,2.137177e+01,2.142725e+01,2.164887e+01,2.169037e+01,2.201486e+01,2.241389e+01,2.287290e+01,2.334349e+01,2.394733e+01,2.474256e+01,2.520477e+01,2.554511e+01,2.590427e+01,2.614965e+01,2.614965e+01,2.628867e+01,2.612978e+01,2.601045e+01,2.591755e+01,2.545846e+01,2.497727e+01,2.473584e+01,2.431200e+01,2.387289e+01,2.358138e+01,2.326180e+01,2.301635e+01,2.270871e+01,2.254426e+01,2.229022e+01,2.226271e+01,2.213198e+01,2.204243e+01,2.206999e+01,2.195280e+01,2.182858e+01,2.181476e+01,2.187691e+01,2.181476e+01,2.182858e+01,2.183548e+01,2.168345e+01,2.175949e+01,2.182858e+01,2.187000e+01,2.173876e+01,2.180786e+01,2.180786e+01,2.180095e+01,2.170420e+01,2.171802e+01,2.169037e+01,2.174567e+01,2.157274e+01,2.160735e+01,2.157274e+01,2.169037e+01,2.147577e+01,2.150349e+01,2.159351e+01,2.146191e+01,2.153812e+01,2.151042e+01,2.152427e+01,2.151734e+01,2.166962e+01,2.153812e+01,2.140645e+01,2.164195e+01,2.160735e+01,2.170420e+01,2.162119e+01,2.178022e+01,2.184239e+01,2.178022e+01,2.193211e+01,2.195970e+01,2.207688e+01,2.208377e+01,2.204243e+01,2.208377e+01,2.212509e+01,2.209755e+01,2.209755e+01,2.209066e+01,2.235207e+01,2.226959e+01,2.223520e+01,2.231771e+01,2.230396e+01,2.242762e+01,2.229709e+01,2.240015e+01,2.238642e+01,2.232458e+01,2.231771e+01,2.237955e+01,2.240702e+01,2.246194e+01,2.241389e+01,2.242762e+01,2.241389e+01,2.245507e+01,2.223520e+01,2.243448e+01,2.235207e+01,2.220769e+01,2.241389e+01,2.237955e+01,2.236581e+01,2.233833e+01,2.237268e+01,2.240015e+01,2.233833e+01,2.234520e+01,2.237268e+01,2.220769e+01,2.232458e+01,2.231084e+01,2.240702e+01,2.234520e+01,2.239328e+01,2.232458e+01,2.244135e+01,2.242762e+01,2.245507e+01,2.235894e+01,2.237268e+01,2.237268e+01,2.235894e+01,2.240015e+01,2.246194e+01,2.234520e+01,2.239328e+01,2.231771e+01,2.223520e+01,2.226959e+01,2.229709e+01,2.227647e+01,2.227647e+01,2.245507e+01,2.232458e+01,2.241389e+01,2.222145e+01,2.236581e+01,2.232458e+01,2.231771e+01,2.227647e+01,2.233146e+01,2.231084e+01,2.235894e+01,2.236581e+01,2.237268e+01,2.231084e+01,2.229709e+01,2.236581e+01,2.233833e+01,2.229709e+01,2.231771e+01,2.228334e+01,2.229022e+01,2.229022e+01,2.235894e+01,2.235207e+01,2.226959e+01,2.224896e+01,2.222145e+01,2.223520e+01,2.224208e+01,2.223520e+01,2.218705e+01,2.213198e+01,2.218016e+01,2.215263e+01,2.207688e+01,2.213886e+01
2.209755e+01,2.226271e+01,2.222833e+01,2.209066e+01,2.212509e+01,2.200107e+01,2.222833e+01,2.199418e+01,2.196660e+01,2.203554e+01,2.208377e+01,2.198039e+01,2.194591e+01,2.187691e+01,2.193211e+01,2.189761e+01,2.175258e+01,2.186310e+01,2.184239e+01,2.196660e+01,2.198039e+01,2.198729e+01,2.203554e+01,2.208377e+01,2.209066e+01,2.214575e+01,2.212509e+01,2.222145e+01,2.220081e+01,2.218705e+01,2.224896e+01,2.229709e+01,2.215952e+01,2.220769e+01,2.231084e+01,2.221457e+01,2.230396e+01,2.226959e+01,2.226959e+01,2.231084e+01,2.230396e+01,2.232458e+01,2.236581e+01,2.239328e+01,2.231084e+01,2.237268e+01,2.225584e+01,2.233833e+01,2.229022e+01,2.236581e+01,2.244821e+01,2.244821e+01,2.234520e+01,2.237955e+01,2.238642e+01,2.233146e+01,2.233146e+01,2.241389e+01,2.235894e+01,2.241389e+01,2.231084e+01,2.241389e+01,2.237955e+01,2.229709e+01,2.225584e+01,2.220769e+01,2.226959e+01,2.235894e+01,2.236581e+01,2.228334e+01,2.222145e+01,2.220769e+01,2.222145e+01,2.217328e+01,2.220081e+01,2.222833e+01,2.230396e+01,2.209755e+01,2.216640e+01,2.219393e+01,2.207688e+01,2.215263e+01,2.217328e+01,2.206310e+01,2.206999e+01,2.204243e+01,2.211132e+01,2.216640e+01,2.211132e+01,2.215952e+01,2.205621e+01,2.217328e+01,2.207688e+01,2.213886e+01,2.215263e+01,2.211821e+01,2.211821e+01,2.213886e+01,2.214575e+01,2.208377e+01,2.202865e+01,2.209066e+01,2.222145e+01,2.222833e+01,2.216640e+01,2.210443e+01,2.212509e+01,2.212509e+01,2.212509e+01,2.206310e+01,2.209066e+01,2.203554e+01,2.199418e+01,2.202865e+01,2.200797e+01,2.205621e+01,2.198039e+01,2.199418e+01,2.200107e+01,2.200797e+01,2.186310e+01,2.195280e+01,2.191831e+01,2.190451e+01,2.187691e+01,2.185620e+01,2.176641e+01,2.183548e+01,2.192521e+01,2.200797e+01,2.192521e+01,2.196660e+01,2.206310e+01,2.202176e+01,2.194591e+01,2.202865e+01,2.200797e+01,2.195970e+01,2.204243e+01,2.211132e+01,2.200107e+01,2.197349e+01,2.198039e+01,2.198729e+01,2.198039e+01,2.193901e+01,2.194591e+01,2.193901e+01,2.189071e+01,2.182167e+01,2.176641e+01,2.178022e+01,2.184929e+01,2.195970e+01,2.181476e+01,2.182858e+01,2.181476e+01,2.190451e+01,2.182858e+01,2.182167e+01,2.182167e+01,2.191141e+01,2.193901e+01,2.188381e+01,2.193211e+01,2.195280e+01,2.195280e+01,2.180786e+01,2.179404e+01,2.176641e+01,2.182167e+01,2.169728e+01,2.179404e+01,2.178713e+01,2.182858e+01,2.175258e+01,2.174567e+01,2.172494e+01,2.171111e+01,2.174567e+01,2.166270e+01,2.169728e+01,2.165579e+01,2.177332e+01,2.180095e+01,2.180095e+01,2.178022e+01,2.179404e+01,2.185620e+01,2.181476e+01,2.182858e+01,2.177332e+01,2.175949e+01,2.173876e+01,2.174567e+01,2.169728e+01,2.146191e+01,2.154505e+01,2.153119e+01,2.140645e+01,2.143419e+01,2.119126e+01,2.115650e+01,2.106609e+01,2.096864e+01,2.099649e+01,2.097560e+01,2.098953e+01,2.110088e+01,2.109392e+01,2.112174e+01,2.105914e+01,2.098953e+01,2.112869e+01,2.106609e+01,2.112869e+01,2.117736e+01,2.121210e+01,2.126767e+01,2.130932e+01,2.136484e+01,2.148963e+01,2.231084e+01,2.391350e+01,2.557841e+01,2.569158e+01,2.528495e+01,2.504423e+01,2.476270e+01,2.441307e+01,2.423107e+01,2.374418e+01,2.269502e+01,2.149656e+01,2.145498e+01,2.144112e+01,2.146191e+01,2.149656e+01,2.149656e+01,2.147577e+01,2.155890e+01,2.155890e+01,2.161427e+01,2.151042e+01,2.153119e+01,2.153812e+01,2.158659e+01,2.165579e+01,2.160043e+01,2.164887e+01,2.157967e+01,2.163503e+01,2.161427e+01,2.159351e+01,2.163503e+01,2.171802e+01,2.170420e+01,2.177332e+01,2.168345e+01,2.178713e+01,2.158659e+01,2.162119e+01,2.171802e+01,2.161427e+01,2.154505e+01,2.173185e+01,2.175949e+01,2.175949e+01,2.164887e+01,2.160043e+01,2.159351e+01,2.166270e+01,2.162119e+01,2.168345e+01,2.166962e+01,2.169037e+01,2.166270e+01,2.162811e+01,2.168345e+01,2.165579e+01,2.166962e+01,2.155197e+01,2.157274e+01,2.164887e+01,2.152427e+01,2.153812e+01,2.162811e+01,2.148270e+01,2.148270e+01,2.148270e+01,2.152427e+01,2.148270e+01,2.144112e+01,2.141339e+01,2.149656e+01,2.126072e+01,2.103826e+01,2.109392e+01,2.074553e+01,2.099649e+01,2.110088e+01,2.101042e+01,2.102434e+01,2.099649e+01,2.096167e+01,2.107305e+01,2.113565e+01,2.101042e+01,2.103130e+01,2.101738e+01,2.097560e+01,2.103826e+01,2.110088e+01,2.108696e+01,2.096864e+01,2.104522e+01,2.107305e+01,2.094774e+01,2.101738e+01,2.101738e+01,2.097560e+01,2.095471e+01,2.108696e+01,2.094077e+01,2.102434e+01,2.094774e+01,2.092684e+01,2.096864e+01,2.101042e+01,2.107305e+01,2.101738e+01,2.087806e+01,2.117041e+01,2.086412e+01,2.090594e+01,2.091987e+01,2.091987e+01,2.096167e+01,2.094077e+01,2.093381e+01,2.069666e+01,2.089200e+01,2.090594e+01,2.083623e+01,2.075949e+01,2.077344e+01,2.068967e+01,2.064078e+01,2.061282e+01,2.066174e+01,2.054291e+01,2.054291e+01,2.058486e+01,2.053592e+01,2.052192e+01,2.051493e+01,2.050094e+01,2.070364e+01,2.050094e+01,2.058486e+01,2.051493e+01,2.050094e+01,2.054990e+01,2.066872e+01,2.054990e+01,2.070364e+01,2.050094e+01,2.052892e+01,2.059185e+01,2.058486e+01,2.059185e+01,2.054990e+01,2.054291e+01,2.054990e+01,2.063379e+01,2.062680e+01,2.061981e+01,2.066872e+01,2.065475e+01,2.061282e+01,2.068269e+01,2.066872e+01,2.072459e+01,2.074553e+01,2.075949e+01,2.078740e+01,2.073855e+01,2.070364e+01,2.068967e+01,2.080833e+01,2.075251e+01,2.072459e+01,2.075251e+01,2.075949e+01,2.073855e+01,2.072459e+01,2.071761e+01,2.068967e+01,2.076647e+01,2.082228e+01,2.075251e+01,2.077344e+01,2.077344e+01,2.093381e+01,2.085017e+01,2.093381e+01,2.091291e+01,2.096167e+01,2.087109e+01,2.086412e+01,2.093381e+01,2.092684e+01,2.083623e+01,2.094077e+01,2.085017e+01,2.087806e+01,2.079438e+01,2.087109e+01,2.089897e+01,2.086412e+01,2.087109e+01,2.087806e+01,2.090594e+01,2.097560e+01,2.096864e+01,2.098953e+01,2.098953e+01,2.104522e+01,2.094774e+01,2.106609e+01,2.103130e+01,2.101042e+01,2.106609e+01,2.103130e+01,2.083623e+01,2.103130e+01,2.110088e+01,2.115650e+01,2.105218e+01,2.104522e+01,2.105218e+01,2.104522e+01,2.107305e+01,2.119126e+01,2.110088e+01,2.112869e+01,2.110783e+01,2.101042e+01,2.099649e+01,2.101738e+01,2.106609e+01,2.108001e+01,2.118431e+01,2.104522e+01,2.117736e+01,2.117736e+01,2.112869e+01,2.114260e+01,2.112174e+01,2.107305e+01,2.118431e+01,2.119820e+01,2.121210e+01,2.135096e+01,2.134402e+01,2.144112e+01,2.144805e+01,2.166270e+01,2.175258e+01,2.207688e+01,2.268132e+01,2.309823e+01,2.373740e+01,2.406903e+01,2.476270e+01,2.513122e+01,2.549846e+01,2.584449e+01,2.618277e+01,2.624897e+01,2.621588e+01,2.628206e+01,2.595737e+01,2.572484e+01,2.546513e+01,2.499067e+01,2.461492e+01,2.417709e+01,2.367638e+01,2.337070e+01,2.303683e+01,2.290707e+01,2.257854e+01,2.258540e+01,2.237955e+01,2.225584e+01,2.212509e+01,2.191141e+01,2.200797e+01,2.195970e+01,2.184929e+01,2.200797e+01,2.183548e+01,2.187000e+01,2.175949e+01,2.171802e+01,2.182167e+01,2.170420e+01,2.171802e+01,2.173876e+01,2.184929e+01,2.180095e+01,2.165579e+01,2.169037e+01,2.172494e+01,2.164195e+01,2.160735e+01,2.171802e+01,2.153119e+01,2.165579e+01,2.166962e+01,2.155197e+01,2.163503e+01,2.153812e+01,2.158659e+01,2.146191e+01,2.162811e+01,2.169728e+01,2.166270e+01,2.166270e+01,2.162811e+01,2.164195e+01,2.160043e+01,2.162119e+01,2.164195e+01,2.160735e+01,2.160043e+01,2.178022e+01,2.185620e+01,2.187691e+01,2.195970e+01,2.204932e+01,2.192521e+01,2.204932e+01,2.209066e+01,2.211821e+01,2.230396e+01,2.212509e+01,2.207688e+01,2.227647e+01,2.233146e+01,2.226959e+01,2.234520e+01,2.234520e+01,2.229709e+01,2.231771e+01,2.233833e+01,2.225584e+01,2.235894e+01,2.246194e+01,2.226959e+01,2.243448e+01,2.237268e+01,2.245507e+01,2.237268e+01,2.240702e+01,2.246880e+01,2.240015e+01,2.240015e+01,2.241389e+01,2.244135e+01,2.246194e+01,2.246194e+01,2.235894e+01,2.234520e+01,2.233146e+01,2.232458e+01,2.241389e+01,2.226959e+01,2.229022e+01,2.243448e+01,2.226959e+01,2.233833e+01,2.238642e+01,2.242762e+01,2.255112e+01,2.233833e+01,2.234520e+01,2.237955e+01,2.241389e+01,2.220769e+01,2.237268e+01,2.233146e+01,2.244135e+01,2.235207e+01,2.240702e+01,2.230396e+01,2.231084e+01,2.238642e+01,2.228334e+01,2.234520e+01,2.229709e+01,2.230396e+01,2.231771e+01,2.231084e+01,2.235207e+01,2.240702e+01,2.245507e+01,2.227647e+01,2.224208e+01,2.250311e+01,2.234520e+01,2.235894e+01,2.240015e+01,2.229022e+01,2.240015e+01,2.225584e+01,2.238642e+01,2.243448e+01,2.243448e+01,2.228334e+01,2.237955e+01,2.229709e+01,2.227647e+01,2.231084e+01,2.229709e+01,2.239328e+01,2.233146e+01,2.234520e+01,2.225584e+01,2.224896e+01,2.225584e+01,2.222833e+01,2.220769e+01,2.223520e+01,2.220769e+01,2.211132e+01,2.220081e+01,2.194591e+01,2.191141e+01
2.224208e+01,2.217328e+01,2.233146e+01,2.203554e+01,2.213886e+01,2.210443e+01,2.206310e+01,2.204932e+01,2.206310e+01,2.206310e+01,2.199418e+01,2.204932e+01,2.195280e+01,2.193901e+01,2.201486e+01,2.204243e+01,2.193211e+01,2.189761e+01,2.184239e+01,2.189761e+01,2.192521e+01,2.196660e+01,2.207688e+01,2.206999e+01,2.211132e+01,2.216640e+01,2.215263e+01,2.215952e+01,2.215952e+01,2.216640e+01,2.228334e+01,2.233146e+01,2.220081e+01,2.220081e+01,2.229709e+01,2.222833e+01,2.228334e+01,2.225584e+01,2.225584e+01,2.224208e+01,2.235207e+01,2.227647e+01,2.235894e+01,2.233146e+01,2.237268e+01,2.241389e+01,2.235894e+01,2.247566e+01,2.239328e+01,2.235894e+01,2.235894e+01,2.241389e+01,2.242075e+01,2.237268e+01,2.240702e+01,2.237268e+01,2.242075e+01,2.233833e+01,2.237268e+01,2.239328e+01,2.234520e+01,2.234520e+01,2.230396e+01,2.230396e+01,2.233146e+01,2.229709e+01,2.222833e+01,2.225584e+01,2.231084e+01,2.227647e+01,2.237955e+01,2.219393e+01,2.215263e+01,2.220769e+01,2.222145e+01,2.215263e+01,2.221457e+01,2.212509e+01,2.211132e+01,2.219393e+01,2.217328e+01,2.206999e+01,2.201486e+01,2.203554e+01,2.213198e+01,2.210443e+01,2.211821e+01,2.211821e+01,2.222833e+01,2.214575e+01,2.214575e+01,2.206310e+01,2.217328e+01,2.213198e+01,2.213886e+01,2.219393e+01,2.215263e+01,2.211821e+01,2.212509e+01,2.213886e+01,2.213886e+01,2.222145e+01,2.222145e+01,2.206999e+01,2.200107e+01,2.210443e+01,2.201486e+01,2.206310e+01,2.207688e+01,2.204243e+01,2.211132e+01,2.199418e+01,2.200107e+01,2.198039e+01,2.192521e+01,2.202176e+01,2.198039e+01,2.206310e+01,2.194591e+01,2.194591e+01,2.183548e+01,2.190451e+01,2.181476e+01,2.183548e+01,2.181476e+01,2.185620e+01,2.185620e+01,2.186310e+01,2.200107e+01,2.196660e+01,2.193211e+01,2.191141e+01,2.197349e+01,2.197349e+01,2.200107e+01,2.186310e+01,2.205621e+01,2.197349e+01,2.191831e+01,2.193901e+01,2.192521e+01,2.206310e+01,2.202176e+01,2.194591e+01,2.194591e+01,2.194591e+01,2.200797e+01,2.187000e+01,2.187691e+01,2.180786e+01,2.176641e+01,2.184239e+01,2.177332e+01,2.180786e+01,2.179404e+01,2.168345e+01,2.180095e+01,2.182167e+01,2.183548e+01,2.179404e+01,2.174567e+01,2.172494e+01,2.169037e+01,2.175258e+01,2.180786e+01,2.186310e+01,2.193211e+01,2.186310e+01,2.182167e+01,2.179404e+01,2.171111e+01,2.169037e+01,2.169728e+01,2.181476e+01,2.181476e+01,2.168345e+01,2.175949e+01,2.174567e+01,2.178713e+01,2.175949e+01,2.169037e+01,2.165579e+01,2.166962e+01,2.171111e+01,2.177332e+01,2.175949e+01,2.167654e+01,2.163503e+01,2.184929e+01,2.182858e+01,2.178022e+01,2.174567e+01,2.173185e+01,2.168345e+01,2.167654e+01,2.168345e+01,2.166270e+01,2.156582e+01,2.151042e+01,2.135790e+01,2.134402e+01,2.125378e+01,2.119126e+01,2.100345e+01,2.105218e+01,2.098256e+01,2.096167e+01,2.098953e+01,2.105914e+01,2.114955e+01,2.112174e+01,2.120515e+01,2.111479e+01,2.110088e+01,2.103826e+01,2.111479e+01,2.110783e+01,2.115650e+01,2.131626e+01,2.117041e+01,2.135790e+01,2.151734e+01,2.228334e+01,2.421758e+01,2.567162e+01,2.565831e+01,2.541177e+01,2.506431e+01,2.477612e+01,2.426480e+01,2.402172e+01,2.350667e+01,2.246880e+01,2.149656e+01,2.144112e+01,2.150349e+01,2.145498e+01,2.148270e+01,2.141339e+01,2.155197e+01,2.147577e+01,2.147577e+01,2.150349e+01,2.153812e+01,2.153119e+01,2.157274e+01,2.159351e+01,2.157274e+01,2.164887e+01,2.165579e+01,2.164195e+01,2.157274e+01,2.162119e+01,2.150349e+01,2.153119e+01,2.171802e+01,2.174567e+01,2.167654e+01,2.172494e+01,2.167654e+01,2.170420e+01,2.158659e+01,2.175949e+01,2.168345e+01,2.174567e+01,2.175949e+01,2.165579e+01,2.162811e+01,2.159351e+01,2.161427e+01,2.165579e+01,2.171802e+01,2.166962e+01,2.155197e+01,2.151734e+01,2.167654e+01,2.166270e+01,2.169728e+01,2.170420e+01,2.166962e+01,2.167654e+01,2.171802e+01,2.160735e+01,2.165579e+01,2.160735e+01,2.157967e+01,2.159351e+01,2.162811e+01,2.155197e+01,2.140645e+01,2.151734e+01,2.151734e+01,2.138565e+01,2.154505e+01,2.143419e+01,2.129544e+01,2.105914e+01,2.104522e+01,2.101042e+01,2.096864e+01,2.111479e+01,2.096167e+01,2.103130e+01,2.089200e+01,2.096167e+01,2.098256e+01,2.094077e+01,2.101042e+01,2.096167e+01,2.101042e+01,2.110783e+01,2.098953e+01,2.105914e+01,2.110783e+01,2.100345e+01,2.099649e+01,2.097560e+01,2.094774e+01,2.098256e+01,2.089200e+01,2.105914e+01,2.103826e+01,2.101042e+01,2.099649e+01,2.089200e+01,2.096864e+01,2.096167e+01,2.091987e+01,2.106609e+01,2.099649e+01,2.112869e+01,2.116345e+01,2.092684e+01,2.102434e+01,2.093381e+01,2.085715e+01,2.085715e+01,2.089897e+01,2.075949e+01,2.080833e+01,2.079438e+01,2.092684e+01,2.083623e+01,2.079438e+01,2.071761e+01,2.079438e+01,2.066872e+01,2.055690e+01,2.078740e+01,2.057787e+01,2.052892e+01,2.059884e+01,2.053592e+01,2.058486e+01,2.058486e+01,2.057088e+01,2.050094e+01,2.065475e+01,2.058486e+01,2.055690e+01,2.056389e+01,2.056389e+01,2.052192e+01,2.052192e+01,2.067570e+01,2.060583e+01,2.061981e+01,2.069666e+01,2.057787e+01,2.055690e+01,2.057088e+01,2.061981e+01,2.059185e+01,2.056389e+01,2.063379e+01,2.054291e+01,2.066872e+01,2.065475e+01,2.070364e+01,2.061981e+01,2.063379e+01,2.069666e+01,2.073157e+01,2.075251e+01,2.075949e+01,2.077344e+01,2.078042e+01,2.076647e+01,2.074553e+01,2.069666e+01,2.070364e+01,2.071761e+01,2.071761e+01,2.062680e+01,2.078042e+01,2.063379e+01,2.074553e+01,2.080833e+01,2.082228e+01,2.076647e+01,2.089897e+01,2.084320e+01,2.086412e+01,2.083623e+01,2.082925e+01,2.086412e+01,2.090594e+01,2.094077e+01,2.087109e+01,2.094077e+01,2.081530e+01,2.087109e+01,2.089200e+01,2.087109e+01,2.079438e+01,2.089200e+01,2.089897e+01,2.087109e+01,2.085017e+01,2.088503e+01,2.101738e+01,2.081530e+01,2.085017e+01,2.098256e+01,2.087806e+01,2.087109e+01,2.096864e+01,2.114260e+01,2.109392e+01,2.105218e+01,2.107305e+01,2.107305e+01,2.114955e+01,2.112869e+01,2.102434e+01,2.109392e+01,2.106609e+01,2.103826e+01,2.122600e+01,2.101042e+01,2.109392e+01,2.110783e+01,2.116345e+01,2.112174e+01,2.114260e+01,2.107305e+01,2.110783e+01,2.098953e+01,2.105914e+01,2.108696e+01,2.101738e+01,2.108696e+01,2.110783e+01,2.104522e+01,2.113565e+01,2.114260e+01,2.114260e+01,2.114955e+01,2.116345e+01,2.119126e+01,2.117041e+01,2.103130e+01,2.119126e+01,2.124683e+01,2.136484e+01,2.133014e+01,2.144112e+01,2.165579e+01,2.171111e+01,2.193901e+01,2.218016e+01,2.278400e+01,2.312551e+01,2.374418e+01,2.449386e+01,2.479625e+01,2.539843e+01,2.573814e+01,2.596401e+01,2.616952e+01,2.621588e+01,2.622250e+01,2.617615e+01,2.591755e+01,2.549179e+01,2.520477e+01,2.470898e+01,2.447367e+01,2.398115e+01,2.361531e+01,2.328223e+01,2.307095e+01,2.289341e+01,2.268817e+01,2.243448e+01,2.232458e+01,2.211132e+01,2.193901e+01,2.205621e+01,2.188381e+01,2.180786e+01,2.200797e+01,2.182858e+01,2.169037e+01,2.184239e+01,2.178713e+01,2.180786e+01,2.180786e+01,2.182167e+01,2.180786e+01,2.180095e+01,2.178022e+01,2.178713e+01,2.173185e+01,2.171111e+01,2.168345e+01,2.167654e+01,2.162811e+01,2.150349e+01,2.173185e+01,2.162811e+01,2.157274e+01,2.162811e+01,2.158659e+01,2.160735e+01,2.154505e+01,2.166962e+01,2.149656e+01,2.163503e+01,2.154505e+01,2.153812e+01,2.159351e+01,2.161427e+01,2.161427e+01,2.157274e+01,2.173185e+01,2.168345e+01,2.163503e+01,2.172494e+01,2.178713e+01,2.184239e+01,2.199418e+01,2.191141e+01,2.187000e+01,2.209755e+01,2.227647e+01,2.211132e+01,2.220769e+01,2.219393e+01,2.227647e+01,2.227647e+01,2.227647e+01,2.229022e+01,2.231771e+01,2.243448e+01,2.229709e+01,2.244135e+01,2.246194e+01,2.232458e+01,2.229709e+01,2.237268e+01,2.236581e+01,2.240702e+01,2.248939e+01,2.242075e+01,2.224896e+01,2.245507e+01,2.246880e+01,2.241389e+01,2.242075e+01,2.242075e+01,2.236581e+01,2.242762e+01,2.236581e+01,2.232458e+01,2.233833e+01,2.226959e+01,2.241389e+01,2.228334e+01,2.233833e+01,2.235207e+01,2.235894e+01,2.239328e+01,2.235894e+01,2.233146e+01,2.239328e+01,2.231771e+01,2.233146e+01,2.244821e+01,2.248252e+01,2.235894e+01,2.248939e+01,2.230396e+01,2.243448e+01,2.231771e+01,2.215952e+01,2.226271e+01,2.240015e+01,2.232458e+01,2.229709e+01,2.242762e+01,2.230396e+01,2.230396e+01,2.233833e+01,2.235894e+01,2.233833e+01,2.237955e+01,2.234520e+01,2.244135e+01,2.237268e+01,2.231771e+01,2.235894e+01,2.236581e+01,2.231084e+01,2.225584e+01,2.237955e+01,2.226959e+01,2.232458e+01,2.223520e+01,2.221457e+01,2.229022e+01,2.235894e+01,2.229022e+01,2.228334e+01,2.233833e+01,2.227647e+01,2.229709e+01,2.231771e+01,2.229022e+01,2.222145e+01,2.224896e+01,2.235207e+01,2.225584e+01,2.223520e+01,2.220769e+01,2.218016e+01,2.216640e+01,2.226271e+01,2.219393e+01,2.213198e+01
2.209755e+01,2.219393e+01,2.222145e+01,2.206999e+01,2.206310e+01,2.204932e+01,2.205621e+01,2.200107e+01,2.198729e+01,2.204932e+01,2.194591e+01,2.197349e+01,2.199418e+01,2.199418e+01,2.203554e+01,2.202865e+01,2.189761e+01,2.196660e+01,2.187000e+01,2.198039e+01,2.192521e+01,2.202865e+01,2.202865e+01,2.209755e+01,2.203554e+01,2.213886e+01,2.213886e+01,2.222833e+01,2.229022e+01,2.216640e+01,2.226271e+01,2.219393e+01,2.226271e+01,2.220769e+01,2.226271e+01,2.229022e+01,2.238642e+01,2.231771e+01,2.236581e+01,2.231084e+01,2.228334e+01,2.226271e+01,2.224208e+01,2.240702e+01,2.242762e+01,2.232458e+01,2.234520e+01,2.240702e+01,2.239328e+01,2.243448e+01,2.239328e+01,2.234520e+01,2.242762e+01,2.236581e+01,2.233833e+01,2.235894e+01,2.235207e+01,2.235207e+01,2.228334e+01,2.230396e+01,2.222833e+01,2.218705e+01,2.219393e+01,2.225584e+01,2.225584e+01,2.223520e+01,2.223520e+01,2.222833e+01,2.224208e+01,2.219393e+01,2.218016e+01,2.213886e+01,2.215952e+01,2.222145e+01,2.215263e+01,2.215263e+01,2.212509e+01,2.214575e+01,2.211132e+01,2.215952e+01,2.213198e+01,2.213886e+01,2.215263e+01,2.200797e+01,2.204243e+01,2.181476e+01,2.212509e+01,2.208377e+01,2.213886e+01,2.212509e+01,2.211821e+01,2.218016e+01,2.208377e+01,2.207688e+01,2.213198e+01,2.211821e+01,2.222145e+01,2.209755e+01,2.209755e+01,2.208377e+01,2.201486e+01,2.215263e+01,2.202176e+01,2.207688e+01,2.196660e+01,2.200797e+01,2.204243e+01,2.211821e+01,2.211132e+01,2.209755e+01,2.198039e+01,2.206310e+01,2.204932e+01,2.197349e+01,2.209755e+01,2.194591e+01,2.203554e+01,2.195970e+01,2.195280e+01,2.184929e+01,2.182858e+01,2.183548e+01,2.189761e+01,2.183548e+01,2.183548e+01,2.181476e+01,2.198039e+01,2.187000e+01,2.189761e+01,2.188381e+01,2.194591e+01,2.200797e+01,2.194591e+01,2.201486e+01,2.198729e+01,2.194591e+01,2.187691e+01,2.187000e+01,2.194591e+01,2.193211e+01,2.193901e+01,2.180095e+01,2.199418e+01,2.194591e+01,2.186310e+01,2.183548e+01,2.180095e+01,2.187691e+01,2.176641e+01,2.177332e+01,2.180095e+01,2.175949e+01,2.180095e+01,2.169037e+01,2.178022e+01,2.177332e+01,2.178022e+01,2.182167e+01,2.183548e+01,2.173876e+01,2.180095e+01,2.181476e+01,2.167654e+01,2.171111e+01,2.180095e+01,2.180786e+01,2.174567e+01,2.175949e+01,2.183548e+01,2.175258e+01,2.171802e+01,2.173185e+01,2.169728e+01,2.179404e+01,2.177332e+01,2.175258e+01,2.182858e+01,2.174567e+01,2.177332e+01,2.171802e+01,2.178713e+01,2.174567e+01,2.173876e+01,2.162811e+01,2.175949e+01,2.173185e+01,2.175258e+01,2.158659e+01,2.176641e+01,2.178022e+01,2.178713e+01,2.178713e+01,2.172494e+01,2.170420e+01,2.164887e+01,2.163503e+01,2.160043e+01,2.152427e+01,2.151734e+01,2.146191e+01,2.137177e+01,2.133708e+01,2.108696e+01,2.113565e+01,2.091291e+01,2.104522e+01,2.098953e+01,2.097560e+01,2.100345e+01,2.108696e+01,2.103826e+01,2.108001e+01,2.112174e+01,2.103826e+01,2.107305e+01,2.096864e+01,2.114955e+01,2.136484e+01,2.136484e+01,2.135790e+01,2.148963e+01,2.151734e+01,2.272925e+01,2.470227e+01,2.592418e+01,2.589099e+01,2.527827e+01,2.493037e+01,2.478954e+01,2.424457e+01,2.390673e+01,2.347269e+01,2.272925e+01,2.148963e+01,2.144112e+01,2.146191e+01,2.150349e+01,2.153119e+01,2.149656e+01,2.151734e+01,2.145498e+01,2.158659e+01,2.148963e+01,2.146884e+01,2.153119e+01,2.156582e+01,2.163503e+01,2.157967e+01,2.155197e+01,2.158659e+01,2.160043e+01,2.160735e+01,2.157274e+01,2.170420e+01,2.153812e+01,2.166962e+01,2.167654e+01,2.167654e+01,2.161427e+01,2.165579e+01,2.164195e+01,2.158659e+01,2.160043e+01,2.169037e+01,2.173185e+01,2.164887e+01,2.165579e+01,2.162119e+01,2.157967e+01,2.169728e+01,2.162811e+01,2.162119e+01,2.157967e+01,2.164195e+01,2.164887e+01,2.165579e+01,2.166962e+01,2.169037e+01,2.155197e+01,2.170420e+01,2.170420e+01,2.166270e+01,2.156582e+01,2.156582e+01,2.161427e+01,2.164887e+01,2.151734e+01,2.147577e+01,2.162811e+01,2.142032e+01,2.148270e+01,2.151734e+01,2.139258e+01,2.140645e+01,2.140645e+01,2.135096e+01,2.103130e+01,2.105218e+01,2.103130e+01,2.098953e+01,2.106609e+01,2.098256e+01,2.101042e+01,2.099649e+01,2.103826e+01,2.087109e+01,2.098256e+01,2.089200e+01,2.100345e+01,2.094077e+01,2.101738e+01,2.098256e+01,2.099649e+01,2.093381e+01,2.089897e+01,2.106609e+01,2.098953e+01,2.088503e+01,2.092684e+01,2.095471e+01,2.091987e+01,2.095471e+01,2.091291e+01,2.095471e+01,2.102434e+01,2.095471e+01,2.098256e+01,2.093381e+01,2.095471e+01,2.091291e+01,2.098256e+01,2.097560e+01,2.094077e+01,2.090594e+01,2.109392e+01,2.082228e+01,2.087806e+01,2.090594e+01,2.092684e+01,2.078740e+01,2.071761e+01,2.083623e+01,2.070364e+01,2.071062e+01,2.071761e+01,2.068269e+01,2.067570e+01,2.061981e+01,2.057787e+01,2.055690e+01,2.053592e+01,2.060583e+01,2.055690e+01,2.056389e+01,2.047994e+01,2.054990e+01,2.053592e+01,2.073855e+01,2.065475e+01,2.059185e+01,2.064078e+01,2.051493e+01,2.052192e+01,2.057088e+01,2.051493e+01,2.064078e+01,2.062680e+01,2.059884e+01,2.066872e+01,2.058486e+01,2.049394e+01,2.054291e+01,2.053592e+01,2.059884e+01,2.062680e+01,2.063379e+01,2.071761e+01,2.062680e+01,2.057787e+01,2.074553e+01,2.072459e+01,2.071761e+01,2.071761e+01,2.073157e+01,2.078042e+01,2.086412e+01,2.077344e+01,2.079438e+01,2.069666e+01,2.079438e+01,2.073157e+01,2.080135e+01,2.078740e+01,2.073157e+01,2.072459e+01,2.078042e+01,2.072459e+01,2.073157e+01,2.074553e+01,2.085017e+01,2.083623e+01,2.086412e+01,2.079438e+01,2.086412e+01,2.086412e+01,2.093381e+01,2.093381e+01,2.091291e+01,2.094774e+01,2.085017e+01,2.082925e+01,2.082228e+01,2.085017e+01,2.087806e+01,2.083623e+01,2.081530e+01,2.078042e+01,2.080135e+01,2.078042e+01,2.083623e+01,2.077344e+01,2.089200e+01,2.091291e+01,2.087806e+01,2.085715e+01,2.100345e+01,2.101738e+01,2.101738e+01,2.112174e+01,2.103826e+01,2.105218e+01,2.104522e+01,2.102434e+01,2.104522e+01,2.101738e+01,2.103130e+01,2.106609e+01,2.102434e+01,2.101042e+01,2.103826e+01,2.100345e+01,2.112174e+01,2.112174e+01,2.110783e+01,2.114955e+01,2.103130e+01,2.098953e+01,2.102434e+01,2.098953e+01,2.101738e+01,2.094774e+01,2.095471e+01,2.103826e+01,2.109392e+01,2.103826e+01,2.107305e+01,2.115650e+01,2.111479e+01,2.113565e+01,2.117736e+01,2.115650e+01,2.122600e+01,2.120515e+01,2.117736e+01,2.130238e+01,2.132320e+01,2.143419e+01,2.156582e+01,2.152427e+01,2.174567e+01,2.206999e+01,2.249625e+01,2.281136e+01,2.333668e+01,2.397439e+01,2.450732e+01,2.480967e+01,2.543845e+01,2.576474e+01,2.597728e+01,2.623573e+01,2.627544e+01,2.616952e+01,2.585778e+01,2.573149e+01,2.527159e+01,2.500406e+01,2.451405e+01,2.418384e+01,2.364246e+01,2.338431e+01,2.316642e+01,2.277032e+01,2.271556e+01,2.248939e+01,2.246194e+01,2.213886e+01,2.209755e+01,2.203554e+01,2.189761e+01,2.199418e+01,2.183548e+01,2.185620e+01,2.184239e+01,2.169037e+01,2.181476e+01,2.170420e+01,2.174567e+01,2.175258e+01,2.174567e+01,2.180786e+01,2.181476e+01,2.178022e+01,2.178022e+01,2.168345e+01,2.169037e+01,2.166270e+01,2.166962e+01,2.156582e+01,2.171111e+01,2.157967e+01,2.162119e+01,2.157967e+01,2.163503e+01,2.167654e+01,2.156582e+01,2.155197e+01,2.155890e+01,2.153812e+01,2.153812e+01,2.159351e+01,2.153812e+01,2.155890e+01,2.155197e+01,2.161427e+01,2.157274e+01,2.171111e+01,2.174567e+01,2.174567e+01,2.187000e+01,2.182858e+01,2.189071e+01,2.195280e+01,2.209066e+01,2.202865e+01,2.218016e+01,2.211821e+01,2.210443e+01,2.218016e+01,2.224896e+01,2.230396e+01,2.229709e+01,2.226959e+01,2.235207e+01,2.224208e+01,2.244821e+01,2.239328e+01,2.229022e+01,2.237268e+01,2.235894e+01,2.232458e+01,2.244135e+01,2.237268e+01,2.242075e+01,2.237268e+01,2.238642e+01,2.237268e+01,2.239328e+01,2.247566e+01,2.261282e+01,2.235894e+01,2.244135e+01,2.231771e+01,2.228334e+01,2.233146e+01,2.228334e+01,2.238642e+01,2.228334e+01,2.237955e+01,2.230396e+01,2.228334e+01,2.232458e+01,2.235207e+01,2.228334e+01,2.237955e+01,2.235894e+01,2.230396e+01,2.230396e+01,2.234520e+01,2.244135e+01,2.246194e+01,2.252369e+01,2.231771e+01,2.245507e+01,2.241389e+01,2.237268e+01,2.242075e+01,2.240015e+01,2.234520e+01,2.223520e+01,2.231084e+01,2.228334e+01,2.231771e+01,2.230396e+01,2.233833e+01,2.234520e+01,2.235207e+01,2.229709e+01,2.220081e+01,2.242762e+01,2.242762e+01,2.231771e+01,2.244821e+01,2.247566e+01,2.236581e+01,2.235207e+01,2.229022e+01,2.235894e+01,2.239328e+01,2.237268e+01,2.226271e+01,2.226271e+01,2.233146e+01,2.224208e+01,2.222833e+01,2.231084e+01,2.223520e+01,2.226959e+01,2.230396e+01,2.233146e+01,2.218705e+01,2.220081e+01,2.218705e+01,2.223520e+01,2.213198e+01,2.222833e+01,2.223520e+01,2.213886e+01,2.214575e+01,2.214575e+01
2.222833e+01,2.218705e+01,2.209066e+01,2.220769e+01,2.215263e+01,2.206999e+01,2.202176e+01,2.205621e+01,2.204243e+01,2.195970e+01,2.204932e+01,2.199418e+01,2.195280e+01,2.202865e+01,2.209066e+01,2.192521e+01,2.199418e+01,2.198729e+01,2.195970e+01,2.193901e+01,2.200797e+01,2.193211e+01,2.202865e+01,2.204932e+01,2.215263e+01,2.218016e+01,2.230396e+01,2.219393e+01,2.223520e+01,2.229709e+01,2.229022e+01,2.220769e+01,2.226959e+01,2.229022e+01,2.222145e+01,2.226959e+01,2.237955e+01,2.239328e+01,2.235207e+01,2.228334e+01,2.235207e+01,2.226271e+01,2.232458e+01,2.231771e+01,2.233833e+01,2.236581e+01,2.246880e+01,2.239328e+01,2.226271e+01,2.242762e+01,2.231084e+01,2.242762e+01,2.235207e+01,2.237268e+01,2.236581e+01,2.239328e+01,2.238642e+01,2.233833e+01,2.240015e+01,2.229709e+01,2.231084e+01,2.233833e+01,2.224208e+01,2.229709e+01,2.229709e+01,2.224896e+01,2.211132e+01,2.223520e+01,2.215263e+01,2.231084e+01,2.213886e+01,2.213886e+01,2.217328e+01,2.214575e+01,2.216640e+01,2.213886e+01,2.209755e+01,2.211821e+01,2.214575e+01,2.222145e+01,2.215263e+01,2.211821e+01,2.215263e+01,2.206310e+01,2.206999e+01,2.208377e+01,2.210443e+01,2.208377e+01,2.203554e+01,2.221457e+01,2.211821e+01,2.217328e+01,2.218705e+01,2.211821e+01,2.218016e+01,2.211132e+01,2.211132e+01,2.215952e+01,2.212509e+01,2.218016e+01,2.212509e+01,2.200797e+01,2.198729e+01,2.205621e+01,2.208377e+01,2.206310e+01,2.198039e+01,2.200797e+01,2.200107e+01,2.206310e+01,2.210443e+01,2.195970e+01,2.195970e+01,2.200797e+01,2.188381e+01,2.198729e+01,2.189071e+01,2.184929e+01,2.190451e+01,2.180786e+01,2.182858e+01,2.180786e+01,2.182167e+01,2.181476e+01,2.185620e+01,2.202865e+01,2.189071e+01,2.189761e+01,2.187000e+01,2.197349e+01,2.189071e+01,2.192521e+01,2.184929e+01,2.185620e+01,2.186310e+01,2.189071e+01,2.194591e+01,2.191141e+01,2.191141e+01,2.179404e+01,2.195280e+01,2.194591e+01,2.192521e+01,2.191141e+01,2.189071e+01,2.182858e+01,2.185620e+01,2.178022e+01,2.180095e+01,2.179404e+01,2.175949e+01,2.178713e+01,2.175258e+01,2.177332e+01,2.184239e+01,2.176641e+01,2.175949e+01,2.175258e+01,2.173185e+01,2.172494e+01,2.180095e+01,2.176641e+01,2.171111e+01,2.172494e+01,2.174567e+01,2.169728e+01,2.179404e+01,2.176641e+01,2.187000e+01,2.175258e+01,2.174567e+01,2.169728e+01,2.175949e+01,2.175258e+01,2.175258e+01,2.181476e+01,2.177332e+01,2.180786e+01,2.178022e+01,2.168345e+01,2.167654e+01,2.178713e+01,2.178713e+01,2.163503e+01,2.180786e+01,2.179404e+01,2.173876e+01,2.173876e+01,2.169037e+01,2.175258e+01,2.178022e+01,2.171111e+01,2.173876e+01,2.169037e+01,2.164195e+01,2.165579e+01,2.158659e+01,2.151042e+01,2.155197e+01,2.142032e+01,2.137871e+01,2.123294e+01,2.123294e+01,2.111479e+01,2.097560e+01,2.096167e+01,2.096864e+01,2.101042e+01,2.107305e+01,2.098953e+01,2.103826e+01,2.104522e+01,2.101042e+01,2.088503e+01,2.098953e+01,2.094774e+01,2.102434e+01,2.128850e+01,2.123989e+01,2.133708e+01,2.146191e+01,2.176641e+01,2.320731e+01,2.512453e+01,2.606350e+01,2.578468e+01,2.538509e+01,2.506431e+01,2.478954e+01,2.437266e+01,2.390673e+01,2.343191e+01,2.259911e+01,2.170420e+01,2.144805e+01,2.143419e+01,2.147577e+01,2.152427e+01,2.151734e+01,2.144112e+01,2.146884e+01,2.142032e+01,2.147577e+01,2.157274e+01,2.153119e+01,2.163503e+01,2.169037e+01,2.164887e+01,2.160043e+01,2.155197e+01,2.163503e+01,2.157274e+01,2.162119e+01,2.173185e+01,2.160735e+01,2.170420e+01,2.167654e+01,2.180095e+01,2.168345e+01,2.168345e+01,2.165579e+01,2.160043e+01,2.168345e+01,2.169728e+01,2.162811e+01,2.161427e+01,2.164887e+01,2.166962e+01,2.162119e+01,2.160043e+01,2.165579e+01,2.162119e+01,2.162811e+01,2.161427e+01,2.155890e+01,2.155890e+01,2.163503e+01,2.164195e+01,2.160735e+01,2.160735e+01,2.164195e+01,2.160043e+01,2.156582e+01,2.162811e+01,2.152427e+01,2.150349e+01,2.148963e+01,2.150349e+01,2.143419e+01,2.149656e+01,2.151042e+01,2.146884e+01,2.133708e+01,2.145498e+01,2.137871e+01,2.136484e+01,2.105914e+01,2.110088e+01,2.104522e+01,2.104522e+01,2.110088e+01,2.096864e+01,2.096167e+01,2.100345e+01,2.096167e+01,2.091987e+01,2.093381e+01,2.095471e+01,2.098256e+01,2.102434e+01,2.091987e+01,2.094774e+01,2.093381e+01,2.105218e+01,2.094774e+01,2.097560e+01,2.096167e+01,2.105218e+01,2.089897e+01,2.098953e+01,2.088503e+01,2.083623e+01,2.094774e+01,2.094774e+01,2.104522e+01,2.091291e+01,2.092684e+01,2.094077e+01,2.090594e+01,2.110783e+01,2.096864e+01,2.098953e+01,2.094774e+01,2.098256e+01,2.091987e+01,2.089897e+01,2.086412e+01,2.080833e+01,2.087806e+01,2.082925e+01,2.082228e+01,2.072459e+01,2.069666e+01,2.075949e+01,2.073157e+01,2.075251e+01,2.082228e+01,2.061981e+01,2.057088e+01,2.056389e+01,2.070364e+01,2.053592e+01,2.062680e+01,2.083623e+01,2.084320e+01,2.087109e+01,2.068269e+01,2.081530e+01,2.085017e+01,2.087806e+01,2.082925e+01,2.085017e+01,2.095471e+01,2.068269e+01,2.050793e+01,2.062680e+01,2.064776e+01,2.062680e+01,2.061981e+01,2.063379e+01,2.049394e+01,2.064078e+01,2.066174e+01,2.072459e+01,2.069666e+01,2.065475e+01,2.074553e+01,2.064776e+01,2.073157e+01,2.071761e+01,2.080833e+01,2.075251e+01,2.073855e+01,2.090594e+01,2.074553e+01,2.077344e+01,2.078042e+01,2.074553e+01,2.080833e+01,2.075949e+01,2.078740e+01,2.082228e+01,2.083623e+01,2.082925e+01,2.073157e+01,2.083623e+01,2.075251e+01,2.073157e+01,2.080833e+01,2.082925e+01,2.082228e+01,2.096167e+01,2.094774e+01,2.080833e+01,2.080833e+01,2.089200e+01,2.096864e+01,2.089200e+01,2.094077e+01,2.075251e+01,2.099649e+01,2.087109e+01,2.085715e+01,2.081530e+01,2.082228e+01,2.082228e+01,2.080833e+01,2.085715e+01,2.085715e+01,2.089200e+01,2.088503e+01,2.088503e+01,2.097560e+01,2.084320e+01,2.085017e+01,2.089897e+01,2.097560e+01,2.094774e+01,2.103826e+01,2.103826e+01,2.109392e+01,2.099649e+01,2.104522e+01,2.101738e+01,2.114260e+01,2.101042e+01,2.115650e+01,2.103826e+01,2.103130e+01,2.108001e+01,2.105218e+01,2.112174e+01,2.114955e+01,2.113565e+01,2.116345e+01,2.110783e+01,2.091291e+01,2.095471e+01,2.097560e+01,2.098953e+01,2.103826e+01,2.096167e+01,2.096864e+01,2.102434e+01,2.113565e+01,2.108001e+01,2.112174e+01,2.114955e+01,2.117736e+01,2.119820e+01,2.114260e+01,2.112869e+01,2.117041e+01,2.131626e+01,2.136484e+01,2.136484e+01,2.133708e+01,2.142032e+01,2.162119e+01,2.166270e+01,2.190451e+01,2.203554e+01,2.264708e+01,2.300270e+01,2.352026e+01,2.431200e+01,2.488345e+01,2.535172e+01,2.575144e+01,2.601708e+01,2.617615e+01,2.622250e+01,2.619601e+01,2.595737e+01,2.576474e+01,2.554511e+01,2.526491e+01,2.469555e+01,2.447367e+01,2.403524e+01,2.358138e+01,2.328223e+01,2.309141e+01,2.268132e+01,2.248252e+01,2.246880e+01,2.241389e+01,2.212509e+01,2.208377e+01,2.205621e+01,2.200797e+01,2.204932e+01,2.184239e+01,2.184239e+01,2.181476e+01,2.174567e+01,2.169037e+01,2.180786e+01,2.180095e+01,2.175258e+01,2.178713e+01,2.175949e+01,2.172494e+01,2.182167e+01,2.177332e+01,2.176641e+01,2.162811e+01,2.163503e+01,2.162119e+01,2.155197e+01,2.158659e+01,2.170420e+01,2.159351e+01,2.162119e+01,2.167654e+01,2.156582e+01,2.158659e+01,2.137177e+01,2.153119e+01,2.157274e+01,2.156582e+01,2.147577e+01,2.153119e+01,2.157274e+01,2.157967e+01,2.154505e+01,2.161427e+01,2.184929e+01,2.171111e+01,2.182167e+01,2.182858e+01,2.184239e+01,2.195280e+01,2.187691e+01,2.209755e+01,2.209755e+01,2.209755e+01,2.219393e+01,2.222833e+01,2.225584e+01,2.210443e+01,2.232458e+01,2.221457e+01,2.224896e+01,2.234520e+01,2.229709e+01,2.235894e+01,2.242762e+01,2.233146e+01,2.232458e+01,2.237955e+01,2.241389e+01,2.233146e+01,2.243448e+01,2.238642e+01,2.244135e+01,2.242075e+01,2.238642e+01,2.238642e+01,2.237268e+01,2.241389e+01,2.240015e+01,2.230396e+01,2.237955e+01,2.237268e+01,2.233833e+01,2.237955e+01,2.249625e+01,2.241389e+01,2.228334e+01,2.234520e+01,2.234520e+01,2.241389e+01,2.236581e+01,2.234520e+01,2.234520e+01,2.234520e+01,2.235894e+01,2.233833e+01,2.225584e+01,2.233146e+01,2.241389e+01,2.237955e+01,2.241389e+01,2.233146e+01,2.233833e+01,2.240015e+01,2.240702e+01,2.239328e+01,2.242075e+01,2.231771e+01,2.230396e+01,2.228334e+01,2.233833e+01,2.233833e+01,2.232458e+01,2.221457e+01,2.243448e+01,2.245507e+01,2.240702e+01,2.243448e+01,2.237955e+01,2.220081e+01,2.236581e+01,2.248252e+01,2.232458e+01,2.230396e+01,2.236581e+01,2.231771e+01,2.236581e+01,2.223520e+01,2.229022e+01,2.235207e+01,2.246194e+01,2.233833e+01,2.230396e+01,2.229022e+01,2.226271e+01,2.228334e+01,2.252369e+01,2.226959e+01,2.226271e+01,2.249625e+01,2.226271e+01,2.228334e+01,2.222145e+01,2.228334e+01,2.221457e+01,2.221457e+01,2.212509e+01
2.213886e+01,2.210443e+01,2.211132e+01,2.227647e+01,2.201486e+01,2.204243e+01,2.189071e+01,2.204932e+01,2.188381e+01,2.203554e+01,2.199418e+01,2.202865e+01,2.206310e+01,2.204932e+01,2.200107e+01,2.198729e+01,2.200107e+01,2.214575e+01,2.192521e+01,2.194591e+01,2.208377e+01,2.206999e+01,2.215263e+01,2.200797e+01,2.206999e+01,2.209755e+01,2.226271e+01,2.226959e+01,2.226271e+01,2.224208e+01,2.231084e+01,2.217328e+01,2.224208e+01,2.231771e+01,2.226959e+01,2.231771e+01,2.230396e+01,2.232458e+01,2.226959e+01,2.233146e+01,2.242762e+01,2.231084e+01,2.224896e+01,2.235207e+01,2.231084e+01,2.235207e+01,2.242762e+01,2.242762e+01,2.228334e+01,2.229022e+01,2.242075e+01,2.231771e+01,2.237955e+01,2.236581e+01,2.237268e+01,2.235894e+01,2.231084e+01,2.231771e+01,2.229022e+01,2.222145e+01,2.230396e+01,2.231771e+01,2.227647e+01,2.226271e+01,2.242075e+01,2.226271e+01,2.222833e+01,2.221457e+01,2.213198e+01,2.220081e+01,2.211132e+01,2.206310e+01,2.240015e+01,2.215263e+01,2.215263e+01,2.211132e+01,2.210443e+01,2.211821e+01,2.210443e+01,2.211821e+01,2.215952e+01,2.211132e+01,2.210443e+01,2.211132e+01,2.203554e+01,2.207688e+01,2.210443e+01,2.208377e+01,2.213886e+01,2.211132e+01,2.213198e+01,2.208377e+01,2.219393e+01,2.213886e+01,2.212509e+01,2.213198e+01,2.212509e+01,2.207688e+01,2.213198e+01,2.216640e+01,2.200797e+01,2.218705e+01,2.208377e+01,2.205621e+01,2.198729e+01,2.202865e+01,2.200797e+01,2.204932e+01,2.195970e+01,2.194591e+01,2.206310e+01,2.205621e+01,2.195970e+01,2.194591e+01,2.203554e+01,2.193211e+01,2.187691e+01,2.186310e+01,2.181476e+01,2.181476e+01,2.181476e+01,2.180786e+01,2.185620e+01,2.181476e+01,2.182858e+01,2.180786e+01,2.183548e+01,2.199418e+01,2.193211e+01,2.187000e+01,2.188381e+01,2.187691e+01,2.192521e+01,2.189071e+01,2.184239e+01,2.193211e+01,2.195970e+01,2.178022e+01,2.181476e+01,2.191831e+01,2.183548e+01,2.178022e+01,2.184239e+01,2.189071e+01,2.176641e+01,2.170420e+01,2.180786e+01,2.180095e+01,2.168345e+01,2.173185e+01,2.164887e+01,2.180095e+01,2.173185e+01,2.173185e+01,2.175949e+01,2.175949e+01,2.171802e+01,2.170420e+01,2.171111e+01,2.171802e+01,2.178713e+01,2.176641e+01,2.178022e+01,2.184929e+01,2.180095e+01,2.173185e+01,2.178022e+01,2.177332e+01,2.177332e+01,2.175949e+01,2.187000e+01,2.169728e+01,2.175258e+01,2.169037e+01,2.176641e+01,2.180786e+01,2.173185e+01,2.181476e+01,2.171111e+01,2.178713e+01,2.173876e+01,2.168345e+01,2.169037e+01,2.175258e+01,2.180786e+01,2.176641e+01,2.184239e+01,2.164887e+01,2.168345e+01,2.173876e+01,2.175258e+01,2.162811e+01,2.172494e+01,2.164887e+01,2.164195e+01,2.153812e+01,2.158659e+01,2.165579e+01,2.160043e+01,2.150349e+01,2.146191e+01,2.140645e+01,2.123294e+01,2.100345e+01,2.098256e+01,2.097560e+01,2.094774e+01,2.097560e+01,2.104522e+01,2.096167e+01,2.089200e+01,2.096864e+01,2.087806e+01,2.100345e+01,2.100345e+01,2.105218e+01,2.108696e+01,2.116345e+01,2.115650e+01,2.133708e+01,2.155197e+01,2.205621e+01,2.396762e+01,2.563834e+01,2.626221e+01,2.590427e+01,2.563834e+01,2.515797e+01,2.475598e+01,2.422433e+01,2.388643e+01,2.349988e+01,2.248252e+01,2.162811e+01,2.144112e+01,2.149656e+01,2.139258e+01,2.139258e+01,2.137177e+01,2.152427e+01,2.166270e+01,2.159351e+01,2.144112e+01,2.151042e+01,2.149656e+01,2.157274e+01,2.153119e+01,2.151734e+01,2.151042e+01,2.162119e+01,2.159351e+01,2.167654e+01,2.160043e+01,2.165579e+01,2.157967e+01,2.164195e+01,2.166270e+01,2.167654e+01,2.166270e+01,2.168345e+01,2.162119e+01,2.165579e+01,2.159351e+01,2.168345e+01,2.171111e+01,2.162119e+01,2.164195e+01,2.172494e+01,2.166962e+01,2.162119e+01,2.164887e+01,2.160735e+01,2.154505e+01,2.157274e+01,2.153812e+01,2.152427e+01,2.161427e+01,2.158659e+01,2.161427e+01,2.159351e+01,2.162119e+01,2.169728e+01,2.167654e+01,2.151734e+01,2.158659e+01,2.151734e+01,2.161427e+01,2.148963e+01,2.139952e+01,2.153119e+01,2.147577e+01,2.148963e+01,2.139952e+01,2.131626e+01,2.143419e+01,2.117041e+01,2.105218e+01,2.102434e+01,2.096864e+01,2.100345e+01,2.100345e+01,2.102434e+01,2.105218e+01,2.091291e+01,2.100345e+01,2.089200e+01,2.090594e+01,2.097560e+01,2.092684e+01,2.094077e+01,2.091987e+01,2.091987e+01,2.088503e+01,2.088503e+01,2.093381e+01,2.094077e+01,2.095471e+01,2.095471e+01,2.101738e+01,2.089897e+01,2.097560e+01,2.089897e+01,2.094077e+01,2.109392e+01,2.092684e+01,2.091291e+01,2.089897e+01,2.096864e+01,2.089897e+01,2.091987e+01,2.091291e+01,2.093381e+01,2.098953e+01,2.094774e+01,2.090594e+01,2.085715e+01,2.089897e+01,2.086412e+01,2.078042e+01,2.077344e+01,2.081530e+01,2.075949e+01,2.069666e+01,2.078042e+01,2.074553e+01,2.068269e+01,2.069666e+01,2.064078e+01,2.084320e+01,2.082228e+01,2.091987e+01,2.084320e+01,2.085017e+01,2.088503e+01,2.089200e+01,2.084320e+01,2.087806e+01,2.089897e+01,2.082228e+01,2.089200e+01,2.091291e+01,2.094077e+01,2.094774e+01,2.091987e+01,2.101738e+01,2.085715e+01,2.068269e+01,2.063379e+01,2.059185e+01,2.043795e+01,2.063379e+01,2.060583e+01,2.062680e+01,2.058486e+01,2.057787e+01,2.064776e+01,2.076647e+01,2.075251e+01,2.072459e+01,2.083623e+01,2.077344e+01,2.069666e+01,2.083623e+01,2.089897e+01,2.082228e+01,2.088503e+01,2.077344e+01,2.078042e+01,2.080135e+01,2.082228e+01,2.078042e+01,2.078740e+01,2.084320e+01,2.075251e+01,2.085715e+01,2.085017e+01,2.086412e+01,2.086412e+01,2.092684e+01,2.085715e+01,2.084320e+01,2.083623e+01,2.080833e+01,2.096167e+01,2.090594e+01,2.074553e+01,2.095471e+01,2.091987e+01,2.096167e+01,2.091291e+01,2.082228e+01,2.084320e+01,2.085017e+01,2.081530e+01,2.079438e+01,2.100345e+01,2.064776e+01,2.085017e+01,2.079438e+01,2.079438e+01,2.082925e+01,2.080135e+01,2.101042e+01,2.084320e+01,2.087806e+01,2.085715e+01,2.094077e+01,2.097560e+01,2.103130e+01,2.094774e+01,2.111479e+01,2.105914e+01,2.102434e+01,2.101042e+01,2.100345e+01,2.108001e+01,2.105218e+01,2.100345e+01,2.099649e+01,2.102434e+01,2.115650e+01,2.101042e+01,2.108001e+01,2.101738e+01,2.101738e+01,2.101042e+01,2.092684e+01,2.093381e+01,2.105218e+01,2.091987e+01,2.091291e+01,2.100345e+01,2.107305e+01,2.110088e+01,2.103130e+01,2.102434e+01,2.111479e+01,2.107305e+01,2.116345e+01,2.114955e+01,2.115650e+01,2.120515e+01,2.115650e+01,2.131626e+01,2.129544e+01,2.136484e+01,2.136484e+01,2.132320e+01,2.139258e+01,2.186310e+01,2.162119e+01,2.193211e+01,2.231771e+01,2.274294e+01,2.338431e+01,2.401496e+01,2.448713e+01,2.513122e+01,2.545846e+01,2.575144e+01,2.601708e+01,2.608339e+01,2.619601e+01,2.612978e+01,2.593746e+01,2.553844e+01,2.546513e+01,2.497057e+01,2.468884e+01,2.425131e+01,2.401496e+01,2.352026e+01,2.313915e+01,2.293440e+01,2.274294e+01,2.248252e+01,2.243448e+01,2.233146e+01,2.209066e+01,2.201486e+01,2.203554e+01,2.188381e+01,2.182167e+01,2.196660e+01,2.169037e+01,2.175258e+01,2.173876e+01,2.178022e+01,2.178713e+01,2.174567e+01,2.181476e+01,2.180786e+01,2.176641e+01,2.181476e+01,2.166962e+01,2.162811e+01,2.164195e+01,2.161427e+01,2.157967e+01,2.145498e+01,2.155197e+01,2.166270e+01,2.153812e+01,2.155197e+01,2.160735e+01,2.156582e+01,2.159351e+01,2.148963e+01,2.157967e+01,2.158659e+01,2.157967e+01,2.153812e+01,2.156582e+01,2.154505e+01,2.156582e+01,2.162119e+01,2.169037e+01,2.162811e+01,2.178022e+01,2.173185e+01,2.200797e+01,2.183548e+01,2.192521e+01,2.200797e+01,2.202176e+01,2.209755e+01,2.212509e+01,2.213198e+01,2.208377e+01,2.219393e+01,2.226959e+01,2.229709e+01,2.220081e+01,2.242762e+01,2.227647e+01,2.219393e+01,2.230396e+01,2.226959e+01,2.236581e+01,2.232458e+01,2.237955e+01,2.234520e+01,2.226271e+01,2.234520e+01,2.233833e+01,2.231084e+01,2.242762e+01,2.240702e+01,2.242075e+01,2.241389e+01,2.240015e+01,2.238642e+01,2.235894e+01,2.237268e+01,2.239328e+01,2.235207e+01,2.240015e+01,2.229022e+01,2.242075e+01,2.237268e+01,2.233833e+01,2.233833e+01,2.234520e+01,2.235207e+01,2.236581e+01,2.237268e+01,2.230396e+01,2.234520e+01,2.233146e+01,2.228334e+01,2.230396e+01,2.242762e+01,2.230396e+01,2.240015e+01,2.239328e+01,2.229709e+01,2.242075e+01,2.238642e+01,2.243448e+01,2.240702e+01,2.237955e+01,2.235207e+01,2.232458e+01,2.226271e+01,2.218016e+01,2.231084e+01,2.225584e+01,2.233146e+01,2.226271e+01,2.235894e+01,2.237268e+01,2.235207e+01,2.236581e+01,2.236581e+01,2.237955e+01,2.220769e+01,2.235207e+01,2.233146e+01,2.226959e+01,2.222833e+01,2.226271e+01,2.233146e+01,2.223520e+01,2.229022e+01,2.221457e+01,2.229709e+01,2.222145e+01,2.230396e+01,2.221457e+01,2.231771e+01,2.226271e+01,2.221457e+01,2.233833e+01,2.216640e+01,2.234520e+01,2.229022e+01,2.226959e+01,2.229022e+01,2.230396e+01,2.214575e+01
2.220769e+01,2.209755e+01,2.217328e+01,2.204932e+01,2.204932e+01,2.189071e+01,2.190451e+01,2.206999e+01,2.188381e+01,2.202176e+01,2.190451e+01,2.196660e+01,2.200107e+01,2.198039e+01,2.200107e+01,2.198729e+01,2.194591e+01,2.213886e+01,2.194591e+01,2.194591e+01,2.193211e+01,2.207688e+01,2.204243e+01,2.209066e+01,2.213886e+01,2.214575e+01,2.215952e+01,2.226271e+01,2.216640e+01,2.235207e+01,2.232458e+01,2.231771e+01,2.231771e+01,2.230396e+01,2.228334e+01,2.237955e+01,2.236581e+01,2.240702e+01,2.233146e+01,2.233833e+01,2.233146e+01,2.235894e+01,2.233146e+01,2.233146e+01,2.237268e+01,2.237268e+01,2.231771e+01,2.246194e+01,2.236581e+01,2.230396e+01,2.235894e+01,2.236581e+01,2.233146e+01,2.233146e+01,2.235207e+01,2.230396e+01,2.233146e+01,2.230396e+01,2.224896e+01,2.223520e+01,2.228334e+01,2.218016e+01,2.231084e+01,2.216640e+01,2.224896e+01,2.228334e+01,2.215952e+01,2.227647e+01,2.222145e+01,2.220081e+01,2.220081e+01,2.210443e+01,2.215263e+01,2.214575e+01,2.215263e+01,2.211821e+01,2.212509e+01,2.209066e+01,2.210443e+01,2.207688e+01,2.209066e+01,2.210443e+01,2.212509e+01,2.207688e+01,2.211821e+01,2.214575e+01,2.209755e+01,2.210443e+01,2.212509e+01,2.219393e+01,2.209066e+01,2.218705e+01,2.208377e+01,2.211821e+01,2.218016e+01,2.210443e+01,2.210443e+01,2.217328e+01,2.206310e+01,2.216640e+01,2.201486e+01,2.200107e+01,2.198039e+01,2.207688e+01,2.201486e+01,2.200107e+01,2.204243e+01,2.192521e+01,2.192521e+01,2.191831e+01,2.199418e+01,2.195970e+01,2.206999e+01,2.190451e+01,2.198729e+01,2.186310e+01,2.176641e+01,2.175949e+01,2.179404e+01,2.177332e+01,2.180786e+01,2.181476e+01,2.180095e+01,2.181476e+01,2.202176e+01,2.186310e+01,2.183548e+01,2.184929e+01,2.184929e+01,2.176641e+01,2.185620e+01,2.182858e+01,2.186310e+01,2.184929e+01,2.178713e+01,2.183548e+01,2.182858e+01,2.180095e+01,2.178022e+01,2.187000e+01,2.175949e+01,2.186310e+01,2.178022e+01,2.179404e+01,2.174567e+01,2.158659e+01,2.167654e+01,2.168345e+01,2.181476e+01,2.165579e+01,2.173185e+01,2.173876e+01,2.169728e+01,2.174567e+01,2.175949e+01,2.172494e+01,2.175258e+01,2.174567e+01,2.176641e+01,2.166962e+01,2.178022e+01,2.175949e+01,2.175258e+01,2.174567e+01,2.174567e+01,2.176641e+01,2.177332e+01,2.176641e+01,2.146191e+01,2.168345e+01,2.174567e+01,2.165579e+01,2.168345e+01,2.177332e+01,2.173876e+01,2.181476e+01,2.175949e+01,2.173185e+01,2.179404e+01,2.165579e+01,2.173876e+01,2.176641e+01,2.173185e+01,2.175949e+01,2.172494e+01,2.165579e+01,2.173185e+01,2.167654e+01,2.180786e+01,2.164887e+01,2.176641e+01,2.171111e+01,2.170420e+01,2.169037e+01,2.163503e+01,2.168345e+01,2.156582e+01,2.155890e+01,2.151734e+01,2.153119e+01,2.157274e+01,2.126767e+01,2.126767e+01,2.121210e+01,2.101738e+01,2.104522e+01,2.098256e+01,2.106609e+01,2.098256e+01,2.098256e+01,2.104522e+01,2.087109e+01,2.084320e+01,2.082925e+01,2.100345e+01,2.103826e+01,2.114260e+01,2.119126e+01,2.136484e+01,2.137177e+01,2.177332e+01,2.287290e+01,2.506431e+01,2.641430e+01,2.671782e+01,2.614303e+01,2.563834e+01,2.503754e+01,2.478954e+01,2.413658e+01,2.387966e+01,2.337751e+01,2.250997e+01,2.160735e+01,2.151042e+01,2.148270e+01,2.145498e+01,2.152427e+01,2.144805e+01,2.136484e+01,2.152427e+01,2.160735e+01,2.151042e+01,2.162119e+01,2.157274e+01,2.162811e+01,2.155197e+01,2.157967e+01,2.160735e+01,2.170420e+01,2.166270e+01,2.166270e+01,2.160043e+01,2.157967e+01,2.161427e+01,2.165579e+01,2.178713e+01,2.172494e+01,2.166270e+01,2.167654e+01,2.160043e+01,2.164887e+01,2.157274e+01,2.164887e+01,2.170420e+01,2.171802e+01,2.182167e+01,2.168345e+01,2.161427e+01,2.170420e+01,2.160043e+01,2.153812e+01,2.168345e+01,2.157274e+01,2.159351e+01,2.152427e+01,2.162811e+01,2.155890e+01,2.164195e+01,2.158659e+01,2.162119e+01,2.155197e+01,2.162811e+01,2.153119e+01,2.161427e+01,2.151042e+01,2.153812e+01,2.151042e+01,2.142725e+01,2.149656e+01,2.151734e+01,2.139952e+01,2.146191e+01,2.142725e+01,2.126072e+01,2.110088e+01,2.105218e+01,2.105218e+01,2.097560e+01,2.096864e+01,2.104522e+01,2.097560e+01,2.105218e+01,2.094774e+01,2.094077e+01,2.096167e+01,2.090594e+01,2.087806e+01,2.093381e+01,2.088503e+01,2.085715e+01,2.090594e+01,2.090594e+01,2.088503e+01,2.088503e+01,2.092684e+01,2.099649e+01,2.096167e+01,2.101042e+01,2.092684e+01,2.089897e+01,2.091987e+01,2.098953e+01,2.092684e+01,2.096864e+01,2.087806e+01,2.091987e+01,2.091291e+01,2.091291e+01,2.098256e+01,2.087109e+01,2.092684e+01,2.108001e+01,2.093381e+01,2.094774e+01,2.092684e+01,2.093381e+01,2.080135e+01,2.089200e+01,2.080135e+01,2.081530e+01,2.078042e+01,2.082228e+01,2.075251e+01,2.083623e+01,2.084320e+01,2.091987e+01,2.079438e+01,2.081530e+01,2.074553e+01,2.085715e+01,2.096167e+01,2.090594e+01,2.091291e+01,2.087806e+01,2.097560e+01,2.096167e+01,2.093381e+01,2.104522e+01,2.092684e+01,2.101738e+01,2.091987e+01,2.089200e+01,2.094077e+01,2.098256e+01,2.102434e+01,2.090594e+01,2.075949e+01,2.061282e+01,2.064776e+01,2.076647e+01,2.064776e+01,2.068967e+01,2.071761e+01,2.065475e+01,2.073855e+01,2.074553e+01,2.073157e+01,2.076647e+01,2.079438e+01,2.082228e+01,2.079438e+01,2.085017e+01,2.085715e+01,2.080833e+01,2.090594e+01,2.084320e+01,2.082228e+01,2.082925e+01,2.083623e+01,2.083623e+01,2.075251e+01,2.078042e+01,2.080833e+01,2.087109e+01,2.075251e+01,2.087806e+01,2.103826e+01,2.110088e+01,2.090594e+01,2.089897e+01,2.089897e+01,2.089897e+01,2.090594e+01,2.075251e+01,2.090594e+01,2.088503e+01,2.091291e+01,2.096167e+01,2.085715e+01,2.084320e+01,2.085017e+01,2.090594e+01,2.085715e+01,2.092684e+01,2.077344e+01,2.080135e+01,2.080135e+01,2.066872e+01,2.080135e+01,2.086412e+01,2.084320e+01,2.082228e+01,2.085715e+01,2.100345e+01,2.096864e+01,2.098256e+01,2.100345e+01,2.105914e+01,2.103130e+01,2.105914e+01,2.108001e+01,2.108696e+01,2.103826e+01,2.103130e+01,2.110783e+01,2.104522e+01,2.103826e+01,2.108001e+01,2.103826e+01,2.121905e+01,2.110088e+01,2.103130e+01,2.094077e+01,2.106609e+01,2.113565e+01,2.089200e+01,2.095471e+01,2.097560e+01,2.096167e+01,2.096167e+01,2.094774e+01,2.105914e+01,2.096167e+01,2.110088e+01,2.111479e+01,2.101042e+01,2.112869e+01,2.118431e+01,2.109392e+01,2.112174e+01,2.117736e+01,2.128850e+01,2.130238e+01,2.130932e+01,2.137177e+01,2.130238e+01,2.135790e+01,2.141339e+01,2.164887e+01,2.171111e+01,2.200107e+01,2.200797e+01,2.272241e+01,2.298221e+01,2.362889e+01,2.444674e+01,2.498397e+01,2.545179e+01,2.575144e+01,2.605687e+01,2.603698e+01,2.612315e+01,2.615628e+01,2.601708e+01,2.593082e+01,2.565831e+01,2.519809e+01,2.484992e+01,2.458803e+01,2.414333e+01,2.373740e+01,2.335029e+01,2.300270e+01,2.289341e+01,2.256483e+01,2.255112e+01,2.233833e+01,2.209066e+01,2.212509e+01,2.200107e+01,2.185620e+01,2.195970e+01,2.194591e+01,2.185620e+01,2.182167e+01,2.180786e+01,2.181476e+01,2.178713e+01,2.181476e+01,2.178022e+01,2.180786e+01,2.162811e+01,2.175949e+01,2.180786e+01,2.164887e+01,2.168345e+01,2.161427e+01,2.160043e+01,2.164887e+01,2.154505e+01,2.159351e+01,2.160735e+01,2.163503e+01,2.167654e+01,2.154505e+01,2.157967e+01,2.147577e+01,2.156582e+01,2.158659e+01,2.146884e+01,2.156582e+01,2.160043e+01,2.155197e+01,2.153119e+01,2.162811e+01,2.160735e+01,2.168345e+01,2.180095e+01,2.178713e+01,2.183548e+01,2.188381e+01,2.193211e+01,2.204243e+01,2.192521e+01,2.195970e+01,2.206310e+01,2.210443e+01,2.211821e+01,2.208377e+01,2.218705e+01,2.211132e+01,2.221457e+01,2.224208e+01,2.222833e+01,2.225584e+01,2.228334e+01,2.230396e+01,2.229022e+01,2.231771e+01,2.232458e+01,2.231771e+01,2.240702e+01,2.248939e+01,2.222833e+01,2.242762e+01,2.236581e+01,2.241389e+01,2.242075e+01,2.241389e+01,2.242762e+01,2.229709e+01,2.240015e+01,2.230396e+01,2.240702e+01,2.237955e+01,2.234520e+01,2.231771e+01,2.223520e+01,2.233146e+01,2.247566e+01,2.233833e+01,2.235894e+01,2.234520e+01,2.239328e+01,2.229709e+01,2.237268e+01,2.244821e+01,2.235207e+01,2.236581e+01,2.238642e+01,2.244821e+01,2.242762e+01,2.238642e+01,2.232458e+01,2.234520e+01,2.235894e+01,2.237268e+01,2.241389e+01,2.237955e+01,2.235894e+01,2.239328e+01,2.229709e+01,2.232458e+01,2.230396e+01,2.237268e+01,2.240702e+01,2.236581e+01,2.242075e+01,2.235207e+01,2.236581e+01,2.233833e+01,2.229709e+01,2.239328e+01,2.220769e+01,2.235894e+01,2.230396e+01,2.231084e+01,2.233146e+01,2.230396e+01,2.225584e+01,2.224208e+01,2.238642e+01,2.234520e+01,2.235894e+01,2.226959e+01,2.232458e+01,2.226271e+01,2.231771e+01,2.226271e+01,2.229022e+01,2.225584e+01,2.233146e+01,2.233833e+01,2.229709e+01,2.220769e+01,2.236581e+01,2.227647e+01,2.228334e+01,2.226271e+01
2.220769e+01,2.216640e+01,2.216640e+01,2.218016e+01,2.204932e+01,2.209755e+01,2.200107e+01,2.206310e+01,2.200797e+01,2.193901e+01,2.197349e+01,2.196660e+01,2.198729e+01,2.200107e+01,2.200797e+01,2.194591e+01,2.191831e+01,2.195280e+01,2.191141e+01,2.194591e+01,2.193211e+01,2.205621e+01,2.207688e+01,2.206999e+01,2.205621e+01,2.220769e+01,2.215952e+01,2.214575e+01,2.224896e+01,2.228334e+01,2.234520e+01,2.234520e+01,2.228334e+01,2.234520e+01,2.232458e+01,2.230396e+01,2.233146e+01,2.240015e+01,2.233833e+01,2.229709e+01,2.233833e+01,2.233833e+01,2.229022e+01,2.235894e+01,2.237268e+01,2.237268e+01,2.246194e+01,2.233833e+01,2.242762e+01,2.239328e+01,2.233833e+01,2.242075e+01,2.241389e+01,2.230396e+01,2.232458e+01,2.231771e+01,2.232458e+01,2.231771e+01,2.232458e+01,2.220769e+01,2.226271e+01,2.212509e+01,2.226271e+01,2.227647e+01,2.228334e+01,2.223520e+01,2.224896e+01,2.222145e+01,2.222145e+01,2.220081e+01,2.218705e+01,2.213198e+01,2.208377e+01,2.196660e+01,2.212509e+01,2.209066e+01,2.210443e+01,2.211821e+01,2.209066e+01,2.212509e+01,2.211821e+01,2.204932e+01,2.201486e+01,2.209755e+01,2.209755e+01,2.211132e+01,2.213198e+01,2.216640e+01,2.217328e+01,2.214575e+01,2.206310e+01,2.220081e+01,2.223520e+01,2.218705e+01,2.209755e+01,2.209755e+01,2.217328e+01,2.210443e+01,2.211132e+01,2.206310e+01,2.213198e+01,2.212509e+01,2.203554e+01,2.200797e+01,2.200107e+01,2.200797e+01,2.187000e+01,2.200107e+01,2.202176e+01,2.188381e+01,2.192521e+01,2.196660e+01,2.194591e+01,2.190451e+01,2.188381e+01,2.186310e+01,2.164195e+01,2.161427e+01,2.157967e+01,2.169037e+01,2.165579e+01,2.168345e+01,2.178022e+01,2.178022e+01,2.190451e+01,2.184239e+01,2.184929e+01,2.195280e+01,2.183548e+01,2.187000e+01,2.187000e+01,2.183548e+01,2.182858e+01,2.178022e+01,2.182167e+01,2.182167e+01,2.180095e+01,2.188381e+01,2.177332e+01,2.175949e+01,2.166270e+01,2.176641e+01,2.183548e+01,2.157967e+01,2.166270e+01,2.165579e+01,2.180095e+01,2.164195e+01,2.162811e+01,2.171111e+01,2.182858e+01,2.163503e+01,2.171802e+01,2.169728e+01,2.173185e+01,2.170420e+01,2.171111e+01,2.172494e+01,2.168345e+01,2.166962e+01,2.170420e+01,2.166962e+01,2.175258e+01,2.173876e+01,2.168345e+01,2.175949e+01,2.178713e+01,2.174567e+01,2.167654e+01,2.187691e+01,2.164195e+01,2.174567e+01,2.164195e+01,2.178713e+01,2.166270e+01,2.165579e+01,2.172494e+01,2.176641e+01,2.175949e+01,2.156582e+01,2.167654e+01,2.164195e+01,2.175949e+01,2.171111e+01,2.171111e+01,2.174567e+01,2.168345e+01,2.180786e+01,2.168345e+01,2.169037e+01,2.169037e+01,2.164195e+01,2.170420e+01,2.169728e+01,2.171802e+01,2.151734e+01,2.159351e+01,2.153119e+01,2.153812e+01,2.156582e+01,2.144112e+01,2.135096e+01,2.124683e+01,2.099649e+01,2.114955e+01,2.104522e+01,2.098256e+01,2.103130e+01,2.096864e+01,2.099649e+01,2.101042e+01,2.088503e+01,2.105914e+01,2.094774e+01,2.108001e+01,2.112869e+01,2.119126e+01,2.114955e+01,2.137871e+01,2.135790e+01,2.223520e+01,2.433896e+01,2.607676e+01,2.687584e+01,2.664532e+01,2.603035e+01,2.564500e+01,2.517135e+01,2.479625e+01,2.429852e+01,2.387966e+01,2.337751e+01,2.225584e+01,2.161427e+01,2.146884e+01,2.144805e+01,2.137871e+01,2.153812e+01,2.148963e+01,2.143419e+01,2.137871e+01,2.152427e+01,2.164195e+01,2.151734e+01,2.152427e+01,2.157274e+01,2.160735e+01,2.143419e+01,2.156582e+01,2.162811e+01,2.161427e+01,2.160043e+01,2.163503e+01,2.164195e+01,2.160043e+01,2.173876e+01,2.161427e+01,2.161427e+01,2.174567e+01,2.162119e+01,2.166962e+01,2.157967e+01,2.161427e+01,2.162119e+01,2.162811e+01,2.177332e+01,2.175949e+01,2.166270e+01,2.162119e+01,2.162119e+01,2.158659e+01,2.163503e+01,2.163503e+01,2.154505e+01,2.157967e+01,2.167654e+01,2.162119e+01,2.159351e+01,2.160735e+01,2.169037e+01,2.161427e+01,2.144112e+01,2.158659e+01,2.159351e+01,2.153812e+01,2.151734e+01,2.160043e+01,2.150349e+01,2.148963e+01,2.151042e+01,2.144805e+01,2.147577e+01,2.123989e+01,2.130932e+01,2.128156e+01,2.111479e+01,2.099649e+01,2.099649e+01,2.098953e+01,2.097560e+01,2.095471e+01,2.085017e+01,2.098953e+01,2.088503e+01,2.091987e+01,2.082228e+01,2.088503e+01,2.086412e+01,2.098256e+01,2.088503e+01,2.091291e+01,2.090594e+01,2.087806e+01,2.093381e+01,2.087806e+01,2.089897e+01,2.103130e+01,2.102434e+01,2.098256e+01,2.096864e+01,2.096864e+01,2.093381e+01,2.085715e+01,2.090594e+01,2.078740e+01,2.088503e+01,2.087109e+01,2.082228e+01,2.091291e+01,2.087109e+01,2.092684e+01,2.091987e+01,2.088503e+01,2.098256e+01,2.098256e+01,2.089897e+01,2.091987e+01,2.088503e+01,2.082228e+01,2.087109e+01,2.083623e+01,2.078042e+01,2.084320e+01,2.083623e+01,2.085017e+01,2.091987e+01,2.093381e+01,2.094774e+01,2.098256e+01,2.085017e+01,2.085017e+01,2.088503e+01,2.094077e+01,2.089897e+01,2.094774e+01,2.089200e+01,2.104522e+01,2.095471e+01,2.101738e+01,2.092684e+01,2.094774e+01,2.107305e+01,2.089897e+01,2.090594e+01,2.096167e+01,2.084320e+01,2.087806e+01,2.092684e+01,2.093381e+01,2.069666e+01,2.087109e+01,2.076647e+01,2.075251e+01,2.087806e+01,2.070364e+01,2.073157e+01,2.073157e+01,2.073157e+01,2.073855e+01,2.072459e+01,2.080833e+01,2.085715e+01,2.094077e+01,2.088503e+01,2.085715e+01,2.083623e+01,2.087806e+01,2.085715e+01,2.082228e+01,2.080135e+01,2.086412e+01,2.078740e+01,2.087806e+01,2.086412e+01,2.086412e+01,2.089897e+01,2.088503e+01,2.089897e+01,2.096864e+01,2.081530e+01,2.089897e+01,2.089200e+01,2.089897e+01,2.089897e+01,2.080833e+01,2.092684e+01,2.090594e+01,2.087109e+01,2.073157e+01,2.087109e+01,2.086412e+01,2.071062e+01,2.085715e+01,2.071062e+01,2.074553e+01,2.073157e+01,2.061981e+01,2.082925e+01,2.078740e+01,2.068269e+01,2.082228e+01,2.081530e+01,2.082925e+01,2.085017e+01,2.089897e+01,2.089200e+01,2.085715e+01,2.101738e+01,2.096864e+01,2.103826e+01,2.103826e+01,2.103826e+01,2.103130e+01,2.108001e+01,2.104522e+01,2.109392e+01,2.106609e+01,2.115650e+01,2.105218e+01,2.099649e+01,2.101042e+01,2.095471e+01,2.094077e+01,2.105218e+01,2.104522e+01,2.085715e+01,2.094774e+01,2.101042e+01,2.095471e+01,2.094077e+01,2.098256e+01,2.105218e+01,2.108001e+01,2.100345e+01,2.098953e+01,2.108696e+01,2.110783e+01,2.112174e+01,2.112869e+01,2.113565e+01,2.114955e+01,2.123294e+01,2.125378e+01,2.146884e+01,2.128156e+01,2.133014e+01,2.128850e+01,2.129544e+01,2.130932e+01,2.146884e+01,2.152427e+01,2.165579e+01,2.197349e+01,2.233146e+01,2.273610e+01,2.332307e+01,2.417709e+01,2.489686e+01,2.522482e+01,2.564500e+01,2.581127e+01,2.595737e+01,2.614303e+01,2.610327e+01,2.612315e+01,2.607676e+01,2.576474e+01,2.536507e+01,2.500406e+01,2.471570e+01,2.427829e+01,2.397439e+01,2.346590e+01,2.332307e+01,2.295490e+01,2.287290e+01,2.245507e+01,2.233833e+01,2.215263e+01,2.217328e+01,2.211132e+01,2.202865e+01,2.195970e+01,2.183548e+01,2.186310e+01,2.179404e+01,2.172494e+01,2.172494e+01,2.180786e+01,2.182167e+01,2.177332e+01,2.180786e+01,2.178713e+01,2.175258e+01,2.201486e+01,2.163503e+01,2.160735e+01,2.155890e+01,2.161427e+01,2.163503e+01,2.160735e+01,2.163503e+01,2.161427e+01,2.164887e+01,2.160735e+01,2.149656e+01,2.159351e+01,2.158659e+01,2.159351e+01,2.159351e+01,2.161427e+01,2.162811e+01,2.148270e+01,2.153119e+01,2.148270e+01,2.151042e+01,2.164887e+01,2.161427e+01,2.168345e+01,2.164887e+01,2.180095e+01,2.170420e+01,2.185620e+01,2.196660e+01,2.195970e+01,2.201486e+01,2.195970e+01,2.198729e+01,2.218016e+01,2.213198e+01,2.220081e+01,2.223520e+01,2.224896e+01,2.224896e+01,2.226959e+01,2.241389e+01,2.226271e+01,2.224896e+01,2.222833e+01,2.221457e+01,2.226959e+01,2.230396e+01,2.240015e+01,2.235894e+01,2.240702e+01,2.243448e+01,2.234520e+01,2.241389e+01,2.242075e+01,2.235894e+01,2.235894e+01,2.242075e+01,2.227647e+01,2.229709e+01,2.234520e+01,2.240702e+01,2.227647e+01,2.238642e+01,2.233146e+01,2.233833e+01,2.234520e+01,2.233833e+01,2.235894e+01,2.235894e+01,2.244135e+01,2.233146e+01,2.245507e+01,2.240015e+01,2.231084e+01,2.230396e+01,2.238642e+01,2.234520e+01,2.241389e+01,2.235894e+01,2.238642e+01,2.232458e+01,2.235207e+01,2.244135e+01,2.238642e+01,2.220769e+01,2.233833e+01,2.235207e+01,2.244135e+01,2.233146e+01,2.229709e+01,2.224208e+01,2.233146e+01,2.237955e+01,2.233833e+01,2.232458e+01,2.236581e+01,2.229709e+01,2.235894e+01,2.237955e+01,2.225584e+01,2.229022e+01,2.233146e+01,2.234520e+01,2.230396e+01,2.229022e+01,2.233146e+01,2.245507e+01,2.226959e+01,2.233146e+01,2.231084e+01,2.239328e+01,2.225584e+01,2.235207e+01,2.231084e+01,2.226959e+01,2.226271e+01,2.234520e+01,2.222833e+01,2.237955e+01,2.243448e+01,2.233146e+01,2.228334e+01,2.227647e+01,2.228334e+01,2.214575e+01
2.211132e+01,2.221457e+01,2.212509e+01,2.206310e+01,2.211132e+01,2.195970e+01,2.202176e+01,2.204932e+01,2.209755e+01,2.206310e+01,2.203554e+01,2.198039e+01,2.194591e+01,2.201486e+01,2.200797e+01,2.188381e+01,2.193211e+01,2.197349e+01,2.202176e+01,2.191831e+01,2.209755e+01,2.188381e+01,2.204243e+01,2.211821e+01,2.205621e+01,2.209066e+01,2.214575e+01,2.237268e+01,2.234520e+01,2.230396e+01,2.229022e+01,2.232458e+01,2.221457e+01,2.232458e+01,2.235207e+01,2.233833e+01,2.235894e+01,2.224896e+01,2.224208e+01,2.231771e+01,2.217328e+01,2.235894e+01,2.228334e+01,2.229709e+01,2.235207e+01,2.227647e+01,2.229022e+01,2.227647e+01,2.233146e+01,2.240702e+01,2.237268e+01,2.242075e+01,2.239328e+01,2.231084e+01,2.232458e+01,2.231771e+01,2.231084e+01,2.229709e+01,2.222145e+01,2.221457e+01,2.219393e+01,2.223520e+01,2.222833e+01,2.221457e+01,2.224208e+01,2.219393e+01,2.228334e+01,2.222145e+01,2.220769e+01,2.211821e+01,2.214575e+01,2.198729e+01,2.209066e+01,2.213198e+01,2.209066e+01,2.209755e+01,2.204243e+01,2.213886e+01,2.208377e+01,2.210443e+01,2.210443e+01,2.206999e+01,2.214575e+01,2.212509e+01,2.209755e+01,2.209066e+01,2.211132e+01,2.219393e+01,2.208377e+01,2.209066e+01,2.206310e+01,2.209066e+01,2.209755e+01,2.210443e+01,2.213886e+01,2.209755e+01,2.213886e+01,2.192521e+01,2.212509e+01,2.206999e+01,2.201486e+01,2.192521e+01,2.202176e+01,2.199418e+01,2.202176e+01,2.191141e+01,2.202865e+01,2.201486e+01,2.201486e+01,2.199418e+01,2.185620e+01,2.193211e+01,2.184929e+01,2.193901e+01,2.175949e+01,2.176641e+01,2.167654e+01,2.157274e+01,2.171111e+01,2.175258e+01,2.178713e+01,2.177332e+01,2.179404e+01,2.178022e+01,2.172494e+01,2.180786e+01,2.182167e+01,2.189071e+01,2.187691e+01,2.180095e+01,2.178713e+01,2.180095e+01,2.189071e+01,2.178022e+01,2.178713e+01,2.175949e+01,2.180786e+01,2.165579e+01,2.178022e+01,2.176641e+01,2.164887e+01,2.164195e+01,2.163503e+01,2.165579e+01,2.163503e+01,2.161427e+01,2.161427e+01,2.162119e+01,2.161427e+01,2.163503e+01,2.166270e+01,2.184239e+01,2.172494e+01,2.162811e+01,2.170420e+01,2.171802e+01,2.146191e+01,2.158659e+01,2.165579e+01,2.167654e+01,2.161427e+01,2.164887e+01,2.165579e+01,2.166270e+01,2.169728e+01,2.166270e+01,2.162119e+01,2.170420e+01,2.155890e+01,2.162119e+01,2.173185e+01,2.161427e+01,2.163503e+01,2.151734e+01,2.165579e+01,2.166962e+01,2.172494e+01,2.172494e+01,2.155890e+01,2.153812e+01,2.158659e+01,2.154505e+01,2.171802e+01,2.160735e+01,2.169728e+01,2.168345e+01,2.171111e+01,2.166962e+01,2.166270e+01,2.163503e+01,2.162811e+01,2.163503e+01,2.166270e+01,2.160735e+01,2.153119e+01,2.164195e+01,2.152427e+01,2.153119e+01,2.148270e+01,2.151042e+01,2.130932e+01,2.129544e+01,2.113565e+01,2.101042e+01,2.101738e+01,2.098953e+01,2.101738e+01,2.101738e+01,2.108001e+01,2.099649e+01,2.106609e+01,2.100345e+01,2.093381e+01,2.108696e+01,2.110783e+01,2.117736e+01,2.110088e+01,2.118431e+01,2.117041e+01,2.154505e+01,2.315960e+01,2.537841e+01,2.688242e+01,2.711243e+01,2.667828e+01,2.618277e+01,2.564500e+01,2.527827e+01,2.478954e+01,2.423782e+01,2.374418e+01,2.320731e+01,2.226271e+01,2.159351e+01,2.145498e+01,2.137177e+01,2.145498e+01,2.148270e+01,2.144112e+01,2.148963e+01,2.138565e+01,2.146884e+01,2.153119e+01,2.153119e+01,2.150349e+01,2.153119e+01,2.158659e+01,2.155197e+01,2.162119e+01,2.157967e+01,2.161427e+01,2.156582e+01,2.162119e+01,2.155890e+01,2.152427e+01,2.174567e+01,2.160043e+01,2.162811e+01,2.166270e+01,2.164887e+01,2.165579e+01,2.153812e+01,2.157274e+01,2.169037e+01,2.158659e+01,2.162811e+01,2.173185e+01,2.163503e+01,2.161427e+01,2.162811e+01,2.161427e+01,2.160735e+01,2.150349e+01,2.152427e+01,2.149656e+01,2.142725e+01,2.153812e+01,2.149656e+01,2.144112e+01,2.157967e+01,2.157967e+01,2.155890e+01,2.157967e+01,2.156582e+01,2.157967e+01,2.148963e+01,2.151042e+01,2.151734e+01,2.147577e+01,2.136484e+01,2.144805e+01,2.140645e+01,2.128156e+01,2.119820e+01,2.117041e+01,2.108696e+01,2.101738e+01,2.099649e+01,2.102434e+01,2.102434e+01,2.087109e+01,2.092684e+01,2.095471e+01,2.095471e+01,2.084320e+01,2.092684e+01,2.083623e+01,2.083623e+01,2.083623e+01,2.083623e+01,2.089200e+01,2.089200e+01,2.087806e+01,2.085715e+01,2.087806e+01,2.101042e+01,2.091291e+01,2.076647e+01,2.102434e+01,2.095471e+01,2.090594e+01,2.078740e+01,2.081530e+01,2.074553e+01,2.080833e+01,2.080135e+01,2.074553e+01,2.073157e+01,2.077344e+01,2.084320e+01,2.085017e+01,2.088503e+01,2.098953e+01,2.100345e+01,2.088503e+01,2.085715e+01,2.085017e+01,2.089897e+01,2.087806e+01,2.083623e+01,2.078042e+01,2.071761e+01,2.080135e+01,2.084320e+01,2.085017e+01,2.098953e+01,2.085715e+01,2.080135e+01,2.082925e+01,2.096167e+01,2.084320e+01,2.085715e+01,2.082228e+01,2.095471e+01,2.096167e+01,2.089200e+01,2.094774e+01,2.089897e+01,2.096167e+01,2.098256e+01,2.103130e+01,2.105914e+01,2.103826e+01,2.098953e+01,2.097560e+01,2.103130e+01,2.101738e+01,2.086412e+01,2.085715e+01,2.091987e+01,2.077344e+01,2.085017e+01,2.073157e+01,2.073157e+01,2.084320e+01,2.075251e+01,2.081530e+01,2.075251e+01,2.078042e+01,2.075949e+01,2.072459e+01,2.080833e+01,2.083623e+01,2.092684e+01,2.094774e+01,2.094774e+01,2.085017e+01,2.085017e+01,2.098256e+01,2.082925e+01,2.087806e+01,2.084320e+01,2.089200e+01,2.092684e+01,2.092684e+01,2.103826e+01,2.098953e+01,2.091291e+01,2.098256e+01,2.087806e+01,2.096167e+01,2.089200e+01,2.092684e+01,2.086412e+01,2.092684e+01,2.094077e+01,2.095471e+01,2.092684e+01,2.078740e+01,2.082228e+01,2.078740e+01,2.081530e+01,2.071062e+01,2.071761e+01,2.068967e+01,2.071761e+01,2.071761e+01,2.077344e+01,2.077344e+01,2.077344e+01,2.078042e+01,2.085715e+01,2.087109e+01,2.087806e+01,2.090594e+01,2.085715e+01,2.094774e+01,2.088503e+01,2.097560e+01,2.101042e+01,2.094774e+01,2.101738e+01,2.096167e+01,2.101738e+01,2.098953e+01,2.102434e+01,2.107305e+01,2.109392e+01,2.108696e+01,2.101042e+01,2.099649e+01,2.101042e+01,2.095471e+01,2.092684e+01,2.099649e+01,2.098953e+01,2.090594e+01,2.094077e+01,2.095471e+01,2.094077e+01,2.096167e+01,2.101042e+01,2.102434e+01,2.106609e+01,2.105218e+01,2.103826e+01,2.113565e+01,2.117736e+01,2.111479e+01,2.117041e+01,2.119820e+01,2.111479e+01,2.128156e+01,2.126072e+01,2.128850e+01,2.123294e+01,2.127461e+01,2.122600e+01,2.130238e+01,2.148963e+01,2.166962e+01,2.156582e+01,2.186310e+01,2.226271e+01,2.259225e+01,2.332988e+01,2.414333e+01,2.466196e+01,2.515797e+01,2.555843e+01,2.564500e+01,2.606350e+01,2.611653e+01,2.616290e+01,2.606350e+01,2.595073e+01,2.576474e+01,2.547846e+01,2.537174e+01,2.496387e+01,2.429177e+01,2.413658e+01,2.377129e+01,2.328223e+01,2.307777e+01,2.283872e+01,2.267447e+01,2.258540e+01,2.240015e+01,2.226271e+01,2.214575e+01,2.192521e+01,2.196660e+01,2.184929e+01,2.191141e+01,2.193211e+01,2.182858e+01,2.180095e+01,2.175949e+01,2.185620e+01,2.178022e+01,2.175949e+01,2.176641e+01,2.178022e+01,2.174567e+01,2.165579e+01,2.166270e+01,2.165579e+01,2.156582e+01,2.159351e+01,2.157967e+01,2.159351e+01,2.160043e+01,2.154505e+01,2.166962e+01,2.163503e+01,2.151734e+01,2.164195e+01,2.153119e+01,2.160735e+01,2.160043e+01,2.146191e+01,2.151734e+01,2.160043e+01,2.148963e+01,2.167654e+01,2.151042e+01,2.149656e+01,2.177332e+01,2.168345e+01,2.182858e+01,2.181476e+01,2.187000e+01,2.196660e+01,2.195970e+01,2.194591e+01,2.199418e+01,2.208377e+01,2.195280e+01,2.210443e+01,2.212509e+01,2.224208e+01,2.223520e+01,2.218705e+01,2.229022e+01,2.230396e+01,2.229022e+01,2.228334e+01,2.228334e+01,2.229022e+01,2.217328e+01,2.234520e+01,2.236581e+01,2.222833e+01,2.228334e+01,2.235207e+01,2.240702e+01,2.235894e+01,2.242075e+01,2.238642e+01,2.240015e+01,2.229022e+01,2.224208e+01,2.238642e+01,2.227647e+01,2.226959e+01,2.226271e+01,2.222145e+01,2.237955e+01,2.228334e+01,2.233833e+01,2.224896e+01,2.236581e+01,2.235894e+01,2.227647e+01,2.231084e+01,2.243448e+01,2.245507e+01,2.238642e+01,2.240015e+01,2.232458e+01,2.235207e+01,2.240015e+01,2.228334e+01,2.240702e+01,2.239328e+01,2.229709e+01,2.244135e+01,2.242075e+01,2.233833e+01,2.226271e+01,2.229709e+01,2.232458e+01,2.237955e+01,2.232458e+01,2.233146e+01,2.218705e+01,2.245507e+01,2.231771e+01,2.233146e+01,2.227647e+01,2.236581e+01,2.229022e+01,2.234520e+01,2.233146e+01,2.230396e+01,2.229709e+01,2.232458e+01,2.233833e+01,2.226271e+01,2.228334e+01,2.225584e+01,2.227647e+01,2.230396e+01,2.234520e+01,2.231084e+01,2.232458e+01,2.224896e+01,2.229709e+01,2.227647e+01,2.222145e+01,2.229709e+01,2.224896e+01,2.226959e+01,2.237955e+01,2.229709e+01,2.231084e+01,2.235894e+01,2.221457e+01,2.229022e+01
2.210443e+01,2.206999e+01,2.213198e+01,2.209066e+01,2.195970e+01,2.206999e+01,2.206310e+01,2.196660e+01,2.190451e+01,2.196660e+01,2.195280e+01,2.186310e+01,2.189071e+01,2.198729e+01,2.194591e+01,2.196660e+01,2.195970e+01,2.198729e+01,2.189761e+01,2.202176e+01,2.191831e+01,2.193211e+01,2.200107e+01,2.209755e+01,2.208377e+01,2.206310e+01,2.221457e+01,2.221457e+01,2.215263e+01,2.220769e+01,2.214575e+01,2.233146e+01,2.225584e+01,2.239328e+01,2.233146e+01,2.226271e+01,2.233833e+01,2.229709e+01,2.234520e+01,2.234520e+01,2.226959e+01,2.231771e+01,2.230396e+01,2.231084e+01,2.226959e+01,2.229709e+01,2.231084e+01,2.224208e+01,2.222833e+01,2.240015e+01,2.239328e+01,2.237955e+01,2.237955e+01,2.229022e+01,2.227647e+01,2.232458e+01,2.223520e+01,2.212509e+01,2.229022e+01,2.224896e+01,2.217328e+01,2.226271e+01,2.225584e+01,2.218016e+01,2.218016e+01,2.217328e+01,2.217328e+01,2.220769e+01,2.216640e+01,2.210443e+01,2.213886e+01,2.208377e+01,2.216640e+01,2.213886e+01,2.209755e+01,2.218705e+01,2.210443e+01,2.209755e+01,2.211132e+01,2.206999e+01,2.212509e+01,2.213198e+01,2.214575e+01,2.210443e+01,2.220769e+01,2.215263e+01,2.209066e+01,2.215952e+01,2.218705e+01,2.208377e+01,2.204932e+01,2.220081e+01,2.219393e+01,2.213198e+01,2.215263e+01,2.204932e+01,2.204243e+01,2.208377e+01,2.193901e+01,2.204243e+01,2.195280e+01,2.211132e+01,2.196660e+01,2.199418e+01,2.200797e+01,2.200107e+01,2.186310e+01,2.202176e+01,2.187691e+01,2.201486e+01,2.198729e+01,2.189761e+01,2.185620e+01,2.189761e+01,2.175258e+01,2.169037e+01,2.160735e+01,2.162119e+01,2.164195e+01,2.166962e+01,2.173185e+01,2.172494e+01,2.195970e+01,2.178022e+01,2.178713e+01,2.176641e+01,2.176641e+01,2.180095e+01,2.187000e+01,2.172494e+01,2.180786e+01,2.175258e+01,2.181476e+01,2.175258e+01,2.181476e+01,2.170420e+01,2.161427e+01,2.171111e+01,2.164887e+01,2.167654e+01,2.164887e+01,2.165579e+01,2.164195e+01,2.162811e+01,2.161427e+01,2.163503e+01,2.163503e+01,2.156582e+01,2.162811e+01,2.166270e+01,2.162811e+01,2.165579e+01,2.172494e+01,2.164887e+01,2.161427e+01,2.167654e+01,2.169728e+01,2.166270e+01,2.163503e+01,2.162811e+01,2.162811e+01,2.163503e+01,2.164195e+01,2.159351e+01,2.168345e+01,2.165579e+01,2.167654e+01,2.169037e+01,2.162119e+01,2.165579e+01,2.168345e+01,2.156582e+01,2.160735e+01,2.162811e+01,2.147577e+01,2.153812e+01,2.164887e+01,2.172494e+01,2.153812e+01,2.157967e+01,2.154505e+01,2.172494e+01,2.173185e+01,2.163503e+01,2.173876e+01,2.168345e+01,2.173185e+01,2.159351e+01,2.164195e+01,2.162119e+01,2.171111e+01,2.161427e+01,2.160043e+01,2.156582e+01,2.160043e+01,2.161427e+01,2.155197e+01,2.151734e+01,2.143419e+01,2.151042e+01,2.126767e+01,2.126072e+01,2.116345e+01,2.115650e+01,2.101042e+01,2.095471e+01,2.096864e+01,2.103130e+01,2.128156e+01,2.101042e+01,2.104522e+01,2.113565e+01,2.107305e+01,2.093381e+01,2.117736e+01,2.125378e+01,2.112869e+01,2.117041e+01,2.130932e+01,2.188381e+01,2.379839e+01,2.632836e+01,2.729609e+01,2.715181e+01,2.659916e+01,2.606350e+01,2.578468e+01,2.529163e+01,2.480296e+01,2.421083e+01,2.371028e+01,2.318005e+01,2.225584e+01,2.149656e+01,2.145498e+01,2.144112e+01,2.153119e+01,2.144805e+01,2.149656e+01,2.138565e+01,2.156582e+01,2.146884e+01,2.155890e+01,2.155890e+01,2.155197e+01,2.157274e+01,2.157274e+01,2.155890e+01,2.146191e+01,2.159351e+01,2.164195e+01,2.162811e+01,2.160735e+01,2.153812e+01,2.161427e+01,2.158659e+01,2.168345e+01,2.161427e+01,2.173876e+01,2.161427e+01,2.161427e+01,2.162811e+01,2.165579e+01,2.166270e+01,2.154505e+01,2.169037e+01,2.165579e+01,2.164887e+01,2.163503e+01,2.161427e+01,2.155890e+01,2.161427e+01,2.151042e+01,2.153119e+01,2.151734e+01,2.162811e+01,2.157967e+01,2.146191e+01,2.146191e+01,2.161427e+01,2.146884e+01,2.153119e+01,2.150349e+01,2.153119e+01,2.143419e+01,2.151734e+01,2.145498e+01,2.139952e+01,2.142032e+01,2.133014e+01,2.140645e+01,2.139258e+01,2.122600e+01,2.101042e+01,2.100345e+01,2.097560e+01,2.108001e+01,2.086412e+01,2.096864e+01,2.099649e+01,2.094077e+01,2.089200e+01,2.090594e+01,2.088503e+01,2.079438e+01,2.093381e+01,2.078042e+01,2.077344e+01,2.082925e+01,2.081530e+01,2.083623e+01,2.089897e+01,2.080135e+01,2.087109e+01,2.088503e+01,2.095471e+01,2.091291e+01,2.087109e+01,2.097560e+01,2.094077e+01,2.089200e+01,2.079438e+01,2.084320e+01,2.078042e+01,2.075949e+01,2.085017e+01,2.073855e+01,2.082228e+01,2.082228e+01,2.087109e+01,2.087109e+01,2.088503e+01,2.093381e+01,2.082925e+01,2.085017e+01,2.088503e+01,2.089897e+01,2.089897e+01,2.089897e+01,2.083623e+01,2.101042e+01,2.088503e+01,2.090594e+01,2.094077e+01,2.092684e+01,2.088503e+01,2.083623e+01,2.086412e+01,2.091291e+01,2.089200e+01,2.089897e+01,2.100345e+01,2.092684e+01,2.085017e+01,2.096864e+01,2.094077e+01,2.095471e+01,2.095471e+01,2.096864e+01,2.094774e+01,2.102434e+01,2.104522e+01,2.102434e+01,2.089200e+01,2.085017e+01,2.103130e+01,2.098953e+01,2.087109e+01,2.082925e+01,2.087806e+01,2.082228e+01,2.083623e+01,2.084320e+01,2.080135e+01,2.076647e+01,2.085715e+01,2.074553e+01,2.081530e+01,2.074553e+01,2.082228e+01,2.091987e+01,2.089200e+01,2.083623e+01,2.095471e+01,2.093381e+01,2.086412e+01,2.098256e+01,2.098953e+01,2.093381e+01,2.091291e+01,2.096167e+01,2.094774e+01,2.096167e+01,2.087806e+01,2.091987e+01,2.087109e+01,2.086412e+01,2.104522e+01,2.096167e+01,2.087806e+01,2.100345e+01,2.093381e+01,2.101042e+01,2.086412e+01,2.094077e+01,2.103130e+01,2.085715e+01,2.080135e+01,2.079438e+01,2.088503e+01,2.081530e+01,2.077344e+01,2.072459e+01,2.071062e+01,2.071761e+01,2.072459e+01,2.064078e+01,2.071062e+01,2.077344e+01,2.069666e+01,2.072459e+01,2.076647e+01,2.076647e+01,2.088503e+01,2.088503e+01,2.086412e+01,2.086412e+01,2.092684e+01,2.092684e+01,2.093381e+01,2.088503e+01,2.100345e+01,2.108696e+01,2.101042e+01,2.099649e+01,2.104522e+01,2.104522e+01,2.106609e+01,2.105914e+01,2.098256e+01,2.101042e+01,2.098953e+01,2.089200e+01,2.095471e+01,2.086412e+01,2.095471e+01,2.090594e+01,2.098256e+01,2.100345e+01,2.100345e+01,2.101042e+01,2.105218e+01,2.101042e+01,2.100345e+01,2.105218e+01,2.111479e+01,2.116345e+01,2.116345e+01,2.114260e+01,2.119820e+01,2.112869e+01,2.125378e+01,2.125378e+01,2.123989e+01,2.126072e+01,2.128156e+01,2.128156e+01,2.135790e+01,2.121210e+01,2.133708e+01,2.149656e+01,2.161427e+01,2.186310e+01,2.220769e+01,2.248252e+01,2.321412e+01,2.376451e+01,2.454095e+01,2.517135e+01,2.547846e+01,2.571154e+01,2.588434e+01,2.608339e+01,2.618939e+01,2.601708e+01,2.600381e+01,2.601708e+01,2.574479e+01,2.537174e+01,2.498397e+01,2.464853e+01,2.430526e+01,2.375774e+01,2.368994e+01,2.326861e+01,2.298904e+01,2.290024e+01,2.260596e+01,2.247566e+01,2.221457e+01,2.222145e+01,2.209755e+01,2.190451e+01,2.190451e+01,2.180095e+01,2.186310e+01,2.178022e+01,2.182858e+01,2.169728e+01,2.184929e+01,2.178022e+01,2.176641e+01,2.154505e+01,2.178713e+01,2.175949e+01,2.167654e+01,2.165579e+01,2.159351e+01,2.162119e+01,2.162811e+01,2.159351e+01,2.162119e+01,2.157274e+01,2.157274e+01,2.162119e+01,2.151734e+01,2.156582e+01,2.160735e+01,2.175258e+01,2.145498e+01,2.162119e+01,2.142725e+01,2.145498e+01,2.153119e+01,2.153119e+01,2.149656e+01,2.148963e+01,2.153812e+01,2.165579e+01,2.153119e+01,2.173185e+01,2.178022e+01,2.197349e+01,2.195280e+01,2.206999e+01,2.196660e+01,2.192521e+01,2.202865e+01,2.213886e+01,2.209755e+01,2.222833e+01,2.220769e+01,2.223520e+01,2.221457e+01,2.213886e+01,2.224896e+01,2.227647e+01,2.220769e+01,2.224208e+01,2.241389e+01,2.223520e+01,2.240702e+01,2.229709e+01,2.229022e+01,2.233833e+01,2.245507e+01,2.244821e+01,2.237955e+01,2.218016e+01,2.233146e+01,2.217328e+01,2.228334e+01,2.237268e+01,2.229022e+01,2.236581e+01,2.230396e+01,2.234520e+01,2.224208e+01,2.220769e+01,2.229709e+01,2.234520e+01,2.218705e+01,2.235207e+01,2.234520e+01,2.228334e+01,2.223520e+01,2.239328e+01,2.235207e+01,2.230396e+01,2.242075e+01,2.230396e+01,2.233833e+01,2.230396e+01,2.235207e+01,2.236581e+01,2.222833e+01,2.240015e+01,2.239328e+01,2.233833e+01,2.220769e+01,2.235894e+01,2.231084e+01,2.230396e+01,2.237268e+01,2.231084e+01,2.229022e+01,2.233146e+01,2.240702e+01,2.231771e+01,2.250311e+01,2.250997e+01,2.249625e+01,2.235207e+01,2.231771e+01,2.228334e+01,2.245507e+01,2.233146e+01,2.224896e+01,2.233833e+01,2.232458e+01,2.244821e+01,2.231771e+01,2.224896e+01,2.228334e+01,2.231084e+01,2.226271e+01,2.237268e+01,2.225584e+01,2.231084e+01,2.234520e+01,2.225584e+01,2.226959e+01,2.225584e+01,2.223520e+01,2.217328e+01,2.229022e+01,2.240702e+01,2.227647e+01,2.231771e+01,2.250311e+01
2.242762e+01,2.220081e+01,2.204932e+01,2.214575e+01,2.213886e+01,2.197349e+01,2.209755e+01,2.203554e+01,2.203554e+01,2.206999e+01,2.190451e+01,2.195280e+01,2.195970e+01,2.202865e+01,2.198039e+01,2.198729e+01,2.193901e+01,2.197349e+01,2.188381e+01,2.204932e+01,2.194591e+01,2.202865e+01,2.217328e+01,2.209755e+01,2.219393e+01,2.222145e+01,2.217328e+01,2.225584e+01,2.227647e+01,2.229022e+01,2.219393e+01,2.230396e+01,2.238642e+01,2.228334e+01,2.237268e+01,2.227647e+01,2.231771e+01,2.231771e+01,2.229709e+01,2.225584e+01,2.226959e+01,2.233833e+01,2.240015e+01,2.233146e+01,2.246194e+01,2.226271e+01,2.235207e+01,2.241389e+01,2.225584e+01,2.226271e+01,2.237268e+01,2.235207e+01,2.230396e+01,2.236581e+01,2.226959e+01,2.233146e+01,2.220769e+01,2.223520e+01,2.220769e+01,2.221457e+01,2.222145e+01,2.211132e+01,2.218705e+01,2.215263e+01,2.220769e+01,2.218016e+01,2.216640e+01,2.213886e+01,2.222145e+01,2.220769e+01,2.215952e+01,2.219393e+01,2.218705e+01,2.206310e+01,2.203554e+01,2.209755e+01,2.208377e+01,2.201486e+01,2.213198e+01,2.211132e+01,2.212509e+01,2.212509e+01,2.215263e+01,2.215263e+01,2.213198e+01,2.214575e+01,2.193901e+01,2.211132e+01,2.206310e+01,2.205621e+01,2.202865e+01,2.201486e+01,2.199418e+01,2.211132e+01,2.213886e+01,2.207688e+01,2.205621e+01,2.213198e+01,2.205621e+01,2.205621e+01,2.200107e+01,2.196660e+01,2.198039e+01,2.200107e+01,2.192521e+01,2.186310e+01,2.185620e+01,2.186310e+01,2.196660e+01,2.195280e+01,2.193901e+01,2.191141e+01,2.190451e+01,2.189071e+01,2.162811e+01,2.157274e+01,2.160735e+01,2.169728e+01,2.169728e+01,2.166270e+01,2.165579e+01,2.178022e+01,2.170420e+01,2.180095e+01,2.181476e+01,2.175949e+01,2.175258e+01,2.172494e+01,2.175258e+01,2.170420e+01,2.179404e+01,2.179404e+01,2.189071e+01,2.178713e+01,2.163503e+01,2.181476e+01,2.170420e+01,2.165579e+01,2.163503e+01,2.164195e+01,2.160735e+01,2.160735e+01,2.147577e+01,2.162119e+01,2.155197e+01,2.146191e+01,2.160735e+01,2.157967e+01,2.162119e+01,2.147577e+01,2.158659e+01,2.166962e+01,2.166270e+01,2.167654e+01,2.163503e+01,2.169037e+01,2.155890e+01,2.148270e+01,2.165579e+01,2.162811e+01,2.163503e+01,2.162811e+01,2.164195e+01,2.161427e+01,2.161427e+01,2.166270e+01,2.163503e+01,2.161427e+01,2.148270e+01,2.154505e+01,2.148963e+01,2.146884e+01,2.158659e+01,2.155197e+01,2.153119e+01,2.153812e+01,2.158659e+01,2.153119e+01,2.158659e+01,2.147577e+01,2.154505e+01,2.152427e+01,2.153119e+01,2.153119e+01,2.171111e+01,2.166962e+01,2.160735e+01,2.164887e+01,2.167654e+01,2.171802e+01,2.158659e+01,2.161427e+01,2.164195e+01,2.162119e+01,2.157967e+01,2.157274e+01,2.154505e+01,2.146191e+01,2.151734e+01,2.133014e+01,2.148270e+01,2.128156e+01,2.135790e+01,2.103130e+01,2.093381e+01,2.092684e+01,2.098256e+01,2.102434e+01,2.115650e+01,2.108001e+01,2.110088e+01,2.124683e+01,2.126072e+01,2.113565e+01,2.122600e+01,2.118431e+01,2.110783e+01,2.124683e+01,2.123989e+01,2.220081e+01,2.454768e+01,2.687584e+01,2.751213e+01,2.723709e+01,2.682978e+01,2.629529e+01,2.566496e+01,2.514460e+01,2.482309e+01,2.423782e+01,2.368994e+01,2.320731e+01,2.224896e+01,2.152427e+01,2.146884e+01,2.141339e+01,2.150349e+01,2.148963e+01,2.148963e+01,2.143419e+01,2.153119e+01,2.142725e+01,2.160043e+01,2.155890e+01,2.155197e+01,2.156582e+01,2.153119e+01,2.157274e+01,2.155197e+01,2.145498e+01,2.158659e+01,2.154505e+01,2.148963e+01,2.151734e+01,2.148963e+01,2.166270e+01,2.157274e+01,2.159351e+01,2.163503e+01,2.164887e+01,2.164887e+01,2.164195e+01,2.165579e+01,2.157274e+01,2.155890e+01,2.161427e+01,2.162119e+01,2.164195e+01,2.161427e+01,2.164887e+01,2.162811e+01,2.162119e+01,2.155197e+01,2.153812e+01,2.155890e+01,2.164887e+01,2.145498e+01,2.143419e+01,2.151042e+01,2.158659e+01,2.143419e+01,2.157967e+01,2.150349e+01,2.159351e+01,2.150349e+01,2.142032e+01,2.145498e+01,2.133708e+01,2.145498e+01,2.144112e+01,2.130932e+01,2.104522e+01,2.100345e+01,2.100345e+01,2.097560e+01,2.098953e+01,2.089897e+01,2.100345e+01,2.096864e+01,2.094077e+01,2.082925e+01,2.073157e+01,2.087109e+01,2.084320e+01,2.085017e+01,2.094077e+01,2.085715e+01,2.085017e+01,2.094077e+01,2.085715e+01,2.078740e+01,2.089200e+01,2.089200e+01,2.081530e+01,2.083623e+01,2.086412e+01,2.089897e+01,2.101738e+01,2.087109e+01,2.086412e+01,2.096864e+01,2.089897e+01,2.089200e+01,2.078042e+01,2.071761e+01,2.077344e+01,2.077344e+01,2.085017e+01,2.080135e+01,2.082228e+01,2.081530e+01,2.085017e+01,2.088503e+01,2.087109e+01,2.088503e+01,2.092684e+01,2.085017e+01,2.090594e+01,2.091987e+01,2.091987e+01,2.092684e+01,2.086412e+01,2.088503e+01,2.092684e+01,2.091291e+01,2.083623e+01,2.091987e+01,2.089200e+01,2.086412e+01,2.086412e+01,2.089200e+01,2.087109e+01,2.087109e+01,2.098953e+01,2.098256e+01,2.096864e+01,2.096167e+01,2.096864e+01,2.100345e+01,2.098256e+01,2.096864e+01,2.103826e+01,2.094077e+01,2.103826e+01,2.102434e+01,2.101738e+01,2.098256e+01,2.096864e+01,2.094077e+01,2.094774e+01,2.082925e+01,2.083623e+01,2.083623e+01,2.086412e+01,2.088503e+01,2.085017e+01,2.092684e+01,2.089897e+01,2.091291e+01,2.094077e+01,2.095471e+01,2.097560e+01,2.083623e+01,2.087806e+01,2.098953e+01,2.093381e+01,2.096167e+01,2.089200e+01,2.088503e+01,2.090594e+01,2.099649e+01,2.091291e+01,2.103130e+01,2.098256e+01,2.103826e+01,2.097560e+01,2.097560e+01,2.098256e+01,2.101042e+01,2.095471e+01,2.087806e+01,2.089200e+01,2.095471e+01,2.087806e+01,2.083623e+01,2.085715e+01,2.105218e+01,2.087109e+01,2.091291e+01,2.090594e+01,2.088503e+01,2.076647e+01,2.084320e+01,2.071761e+01,2.078042e+01,2.066872e+01,2.069666e+01,2.068269e+01,2.071062e+01,2.071062e+01,2.071062e+01,2.067570e+01,2.079438e+01,2.085017e+01,2.087806e+01,2.086412e+01,2.082228e+01,2.090594e+01,2.085715e+01,2.090594e+01,2.088503e+01,2.092684e+01,2.099649e+01,2.089200e+01,2.096167e+01,2.105218e+01,2.098953e+01,2.103130e+01,2.098953e+01,2.103130e+01,2.096864e+01,2.094077e+01,2.096864e+01,2.091291e+01,2.089897e+01,2.084320e+01,2.090594e+01,2.101738e+01,2.101738e+01,2.096864e+01,2.103826e+01,2.099649e+01,2.103130e+01,2.105914e+01,2.112174e+01,2.111479e+01,2.111479e+01,2.110783e+01,2.123294e+01,2.110783e+01,2.126072e+01,2.126072e+01,2.130238e+01,2.126072e+01,2.129544e+01,2.128850e+01,2.120515e+01,2.128850e+01,2.132320e+01,2.139258e+01,2.147577e+01,2.149656e+01,2.185620e+01,2.219393e+01,2.261282e+01,2.322093e+01,2.374418e+01,2.452750e+01,2.485663e+01,2.534504e+01,2.569158e+01,2.587106e+01,2.619601e+01,2.612315e+01,2.614965e+01,2.597728e+01,2.614303e+01,2.579133e+01,2.538509e+01,2.536507e+01,2.468212e+01,2.464853e+01,2.401496e+01,2.385935e+01,2.328223e+01,2.309823e+01,2.290024e+01,2.269502e+01,2.259225e+01,2.246194e+01,2.215952e+01,2.207688e+01,2.201486e+01,2.187000e+01,2.181476e+01,2.183548e+01,2.176641e+01,2.179404e+01,2.167654e+01,2.178022e+01,2.167654e+01,2.185620e+01,2.178713e+01,2.180786e+01,2.174567e+01,2.175949e+01,2.171802e+01,2.154505e+01,2.162119e+01,2.157274e+01,2.162811e+01,2.158659e+01,2.155197e+01,2.155890e+01,2.160043e+01,2.153119e+01,2.151042e+01,2.160735e+01,2.160735e+01,2.162811e+01,2.146884e+01,2.157274e+01,2.144805e+01,2.145498e+01,2.144112e+01,2.144805e+01,2.151042e+01,2.151734e+01,2.155197e+01,2.165579e+01,2.183548e+01,2.174567e+01,2.180095e+01,2.186310e+01,2.186310e+01,2.202176e+01,2.201486e+01,2.204243e+01,2.209066e+01,2.211132e+01,2.235894e+01,2.214575e+01,2.213886e+01,2.219393e+01,2.233146e+01,2.224896e+01,2.235207e+01,2.243448e+01,2.224208e+01,2.235207e+01,2.219393e+01,2.238642e+01,2.235207e+01,2.248252e+01,2.222833e+01,2.235207e+01,2.222833e+01,2.238642e+01,2.228334e+01,2.223520e+01,2.222145e+01,2.226959e+01,2.233833e+01,2.238642e+01,2.222145e+01,2.224208e+01,2.237268e+01,2.237268e+01,2.236581e+01,2.229022e+01,2.236581e+01,2.225584e+01,2.233833e+01,2.234520e+01,2.240015e+01,2.233833e+01,2.226271e+01,2.233146e+01,2.231771e+01,2.230396e+01,2.239328e+01,2.231084e+01,2.242762e+01,2.229709e+01,2.234520e+01,2.225584e+01,2.242762e+01,2.226959e+01,2.240015e+01,2.238642e+01,2.240702e+01,2.233146e+01,2.230396e+01,2.230396e+01,2.236581e+01,2.230396e+01,2.237955e+01,2.231771e+01,2.232458e+01,2.240015e+01,2.233833e+01,2.235207e+01,2.228334e+01,2.244135e+01,2.231084e+01,2.236581e+01,2.232458e+01,2.232458e+01,2.232458e+01,2.232458e+01,2.233833e+01,2.228334e+01,2.228334e+01,2.227647e+01,2.226959e+01,2.229022e+01,2.231771e+01,2.224208e+01,2.237955e+01,2.222145e+01,2.215952e+01,2.223520e+01,2.229709e+01,2.237268e+01,2.224208e+01,2.233146e+01,2.224208e+01,2.226959e+01,2.226271e+01,2.244135e+01
2.217328e+01,2.214575e+01,2.209066e+01,2.211821e+01,2.195970e+01,2.208377e+01,2.198039e+01,2.207688e+01,2.200797e+01,2.199418e+01,2.204932e+01,2.200107e+01,2.200797e+01,2.195280e+01,2.201486e+01,2.199418e+01,2.198729e+01,2.193211e+01,2.195280e+01,2.209066e+01,2.216640e+01,2.218705e+01,2.211821e+01,2.222833e+01,2.219393e+01,2.224208e+01,2.225584e+01,2.217328e+01,2.222833e+01,2.224208e+01,2.232458e+01,2.220769e+01,2.231771e+01,2.230396e+01,2.229709e+01,2.229022e+01,2.233146e+01,2.236581e+01,2.235207e+01,2.238642e+01,2.225584e+01,2.233146e+01,2.244135e+01,2.230396e+01,2.238642e+01,2.230396e+01,2.229022e+01,2.237955e+01,2.228334e+01,2.229022e+01,2.231771e+01,2.233146e+01,2.230396e+01,2.233146e+01,2.230396e+01,2.233833e+01,2.234520e+01,2.222145e+01,2.217328e+01,2.214575e+01,2.224896e+01,2.220081e+01,2.218705e+01,2.222833e+01,2.218016e+01,2.226271e+01,2.222833e+01,2.217328e+01,2.215952e+01,2.215263e+01,2.220081e+01,2.222145e+01,2.222833e+01,2.204243e+01,2.206310e+01,2.209755e+01,2.215263e+01,2.216640e+01,2.214575e+01,2.208377e+01,2.211821e+01,2.211821e+01,2.215263e+01,2.213198e+01,2.219393e+01,2.211821e+01,2.217328e+01,2.206310e+01,2.210443e+01,2.220081e+01,2.201486e+01,2.209755e+01,2.211821e+01,2.202176e+01,2.209755e+01,2.201486e+01,2.201486e+01,2.208377e+01,2.202176e+01,2.207688e+01,2.193901e+01,2.204932e+01,2.198039e+01,2.187000e+01,2.186310e+01,2.189761e+01,2.189761e+01,2.188381e+01,2.191831e+01,2.176641e+01,2.190451e+01,2.196660e+01,2.185620e+01,2.173185e+01,2.166962e+01,2.156582e+01,2.165579e+01,2.164887e+01,2.160043e+01,2.171802e+01,2.177332e+01,2.167654e+01,2.175258e+01,2.198039e+01,2.180786e+01,2.180095e+01,2.173185e+01,2.173185e+01,2.170420e+01,2.173876e+01,2.180786e+01,2.182167e+01,2.171111e+01,2.175949e+01,2.171802e+01,2.166270e+01,2.164887e+01,2.152427e+01,2.155890e+01,2.164195e+01,2.144805e+01,2.142725e+01,2.144112e+01,2.157967e+01,2.157967e+01,2.157274e+01,2.157967e+01,2.156582e+01,2.157967e+01,2.166270e+01,2.166270e+01,2.165579e+01,2.160043e+01,2.165579e+01,2.163503e+01,2.171111e+01,2.161427e+01,2.167654e+01,2.163503e+01,2.158659e+01,2.160735e+01,2.167654e+01,2.166962e+01,2.162119e+01,2.166270e+01,2.151734e+01,2.149656e+01,2.145498e+01,2.155197e+01,2.153812e+01,2.166270e+01,2.144805e+01,2.151042e+01,2.147577e+01,2.154505e+01,2.153119e+01,2.153119e+01,2.154505e+01,2.156582e+01,2.154505e+01,2.148270e+01,2.157967e+01,2.152427e+01,2.153119e+01,2.142725e+01,2.161427e+01,2.166962e+01,2.166962e+01,2.167654e+01,2.167654e+01,2.162811e+01,2.159351e+01,2.157967e+01,2.160735e+01,2.160043e+01,2.162119e+01,2.159351e+01,2.156582e+01,2.150349e+01,2.142032e+01,2.151042e+01,2.128156e+01,2.120515e+01,2.109392e+01,2.095471e+01,2.100345e+01,2.094077e+01,2.101738e+01,2.114955e+01,2.123294e+01,2.128850e+01,2.123989e+01,2.114260e+01,2.121905e+01,2.116345e+01,2.117041e+01,2.124683e+01,2.128156e+01,2.142032e+01,2.261967e+01,2.511784e+01,2.732229e+01,2.766898e+01,2.721086e+01,2.676394e+01,2.635481e+01,2.579798e+01,2.515129e+01,2.478954e+01,2.421758e+01,2.374418e+01,2.318686e+01,2.235894e+01,2.167654e+01,2.142725e+01,2.138565e+01,2.146884e+01,2.142725e+01,2.146191e+01,2.146191e+01,2.147577e+01,2.142725e+01,2.152427e+01,2.152427e+01,2.155197e+01,2.158659e+01,2.160735e+01,2.142725e+01,2.161427e+01,2.162119e+01,2.164887e+01,2.155890e+01,2.150349e+01,2.153119e+01,2.149656e+01,2.153812e+01,2.164887e+01,2.159351e+01,2.159351e+01,2.164195e+01,2.162119e+01,2.164887e+01,2.165579e+01,2.164887e+01,2.164195e+01,2.163503e+01,2.162811e+01,2.162811e+01,2.163503e+01,2.165579e+01,2.165579e+01,2.163503e+01,2.167654e+01,2.162811e+01,2.153812e+01,2.153812e+01,2.150349e+01,2.149656e+01,2.148963e+01,2.155890e+01,2.156582e+01,2.157274e+01,2.144112e+01,2.162811e+01,2.144805e+01,2.148963e+01,2.137177e+01,2.150349e+01,2.142725e+01,2.140645e+01,2.135790e+01,2.105914e+01,2.106609e+01,2.098953e+01,2.102434e+01,2.100345e+01,2.099649e+01,2.098256e+01,2.094774e+01,2.099649e+01,2.095471e+01,2.094077e+01,2.085715e+01,2.085017e+01,2.084320e+01,2.075949e+01,2.087109e+01,2.082925e+01,2.083623e+01,2.085715e+01,2.080135e+01,2.078042e+01,2.089200e+01,2.089200e+01,2.089200e+01,2.089200e+01,2.085715e+01,2.096167e+01,2.087806e+01,2.083623e+01,2.100345e+01,2.089897e+01,2.080135e+01,2.086412e+01,2.081530e+01,2.081530e+01,2.088503e+01,2.083623e+01,2.075949e+01,2.082228e+01,2.085017e+01,2.089200e+01,2.086412e+01,2.101042e+01,2.087806e+01,2.089200e+01,2.085715e+01,2.090594e+01,2.085715e+01,2.087109e+01,2.093381e+01,2.093381e+01,2.091291e+01,2.091291e+01,2.093381e+01,2.100345e+01,2.092684e+01,2.091987e+01,2.092684e+01,2.102434e+01,2.087806e+01,2.090594e+01,2.097560e+01,2.094077e+01,2.095471e+01,2.103826e+01,2.092684e+01,2.097560e+01,2.098256e+01,2.095471e+01,2.096864e+01,2.101042e+01,2.099649e+01,2.099649e+01,2.098256e+01,2.100345e+01,2.096167e+01,2.094774e+01,2.103130e+01,2.110783e+01,2.083623e+01,2.089200e+01,2.098953e+01,2.096167e+01,2.091291e+01,2.087806e+01,2.098953e+01,2.095471e+01,2.093381e+01,2.102434e+01,2.094077e+01,2.101042e+01,2.082925e+01,2.101042e+01,2.101042e+01,2.097560e+01,2.097560e+01,2.098256e+01,2.097560e+01,2.097560e+01,2.094077e+01,2.099649e+01,2.095471e+01,2.091291e+01,2.101738e+01,2.105218e+01,2.105914e+01,2.096167e+01,2.107305e+01,2.108001e+01,2.104522e+01,2.105914e+01,2.102434e+01,2.095471e+01,2.093381e+01,2.100345e+01,2.103826e+01,2.094774e+01,2.091291e+01,2.093381e+01,2.082228e+01,2.078042e+01,2.078042e+01,2.078740e+01,2.079438e+01,2.075251e+01,2.072459e+01,2.075949e+01,2.068967e+01,2.076647e+01,2.068967e+01,2.074553e+01,2.075949e+01,2.069666e+01,2.078740e+01,2.076647e+01,2.092684e+01,2.071761e+01,2.090594e+01,2.086412e+01,2.089897e+01,2.094774e+01,2.089200e+01,2.096864e+01,2.096864e+01,2.105218e+01,2.097560e+01,2.105914e+01,2.080135e+01,2.094774e+01,2.094774e+01,2.098256e+01,2.097560e+01,2.089200e+01,2.091987e+01,2.096864e+01,2.112869e+01,2.103826e+01,2.092684e+01,2.102434e+01,2.104522e+01,2.103826e+01,2.103826e+01,2.112869e+01,2.113565e+01,2.114955e+01,2.110088e+01,2.110088e+01,2.117736e+01,2.121905e+01,2.122600e+01,2.121210e+01,2.124683e+01,2.130932e+01,2.140645e+01,2.135790e+01,2.129544e+01,2.123989e+01,2.142725e+01,2.142725e+01,2.128850e+01,2.152427e+01,2.175949e+01,2.202865e+01,2.261967e+01,2.296856e+01,2.356779e+01,2.423107e+01,2.478954e+01,2.535172e+01,2.568493e+01,2.591755e+01,2.609664e+01,2.610327e+01,2.612978e+01,2.611653e+01,2.594410e+01,2.575144e+01,2.563168e+01,2.537841e+01,2.496387e+01,2.464180e+01,2.428503e+01,2.387289e+01,2.361531e+01,2.325499e+01,2.299587e+01,2.273610e+01,2.258540e+01,2.238642e+01,2.233833e+01,2.213198e+01,2.209066e+01,2.198729e+01,2.202176e+01,2.186310e+01,2.198039e+01,2.179404e+01,2.185620e+01,2.178022e+01,2.180095e+01,2.184239e+01,2.180095e+01,2.177332e+01,2.176641e+01,2.175949e+01,2.170420e+01,2.169728e+01,2.159351e+01,2.160043e+01,2.162119e+01,2.156582e+01,2.160043e+01,2.156582e+01,2.161427e+01,2.164887e+01,2.165579e+01,2.151734e+01,2.137871e+01,2.152427e+01,2.157967e+01,2.145498e+01,2.147577e+01,2.152427e+01,2.149656e+01,2.151042e+01,2.151042e+01,2.162811e+01,2.169037e+01,2.166962e+01,2.177332e+01,2.178713e+01,2.192521e+01,2.182167e+01,2.184929e+01,2.202176e+01,2.205621e+01,2.202865e+01,2.208377e+01,2.220081e+01,2.214575e+01,2.225584e+01,2.222145e+01,2.222833e+01,2.233146e+01,2.231084e+01,2.232458e+01,2.229022e+01,2.221457e+01,2.228334e+01,2.235894e+01,2.229709e+01,2.233146e+01,2.230396e+01,2.229709e+01,2.228334e+01,2.239328e+01,2.237955e+01,2.242075e+01,2.226959e+01,2.241389e+01,2.230396e+01,2.233833e+01,2.231084e+01,2.235207e+01,2.233833e+01,2.234520e+01,2.218705e+01,2.242762e+01,2.207688e+01,2.241389e+01,2.232458e+01,2.216640e+01,2.231084e+01,2.236581e+01,2.220081e+01,2.242075e+01,2.230396e+01,2.240702e+01,2.238642e+01,2.231771e+01,2.240015e+01,2.237955e+01,2.234520e+01,2.233833e+01,2.233146e+01,2.232458e+01,2.233833e+01,2.244135e+01,2.237955e+01,2.225584e+01,2.240702e+01,2.235207e+01,2.238642e+01,2.232458e+01,2.242762e+01,2.242075e+01,2.243448e+01,2.245507e+01,2.237955e+01,2.242762e+01,2.233146e+01,2.244135e+01,2.235207e+01,2.233833e+01,2.225584e+01,2.231084e+01,2.236581e+01,2.234520e+01,2.234520e+01,2.235207e+01,2.233833e+01,2.230396e+01,2.226271e+01,2.235894e+01,2.243448e+01,2.233833e+01,2.231084e+01,2.236581e+01,2.244821e+01,2.237955e+01,2.243448e+01,2.238642e+01,2.240015e+01,2.237955e+01,2.240702e+01,2.232458e+01,2.230396e+01,2.243448e+01,2.240702e+01
2.226271e+01,2.222145e+01,2.224208e+01,2.215952e+01,2.210443e+01,2.200797e+01,2.206999e+01,2.200797e+01,2.203554e+01,2.191141e+01,2.204243e+01,2.202865e+01,2.189761e+01,2.202865e+01,2.192521e+01,2.198039e+01,2.206310e+01,2.202176e+01,2.201486e+01,2.200107e+01,2.210443e+01,2.219393e+01,2.210443e+01,2.206310e+01,2.208377e+01,2.214575e+01,2.224896e+01,2.224208e+01,2.226271e+01,2.227647e+01,2.226271e+01,2.230396e+01,2.230396e+01,2.233833e+01,2.237955e+01,2.231771e+01,2.235207e+01,2.235894e+01,2.232458e+01,2.235207e+01,2.230396e+01,2.236581e+01,2.230396e+01,2.231771e+01,2.231084e+01,2.229709e+01,2.235207e+01,2.229022e+01,2.229022e+01,2.224208e+01,2.224896e+01,2.226271e+01,2.229709e+01,2.224896e+01,2.231084e+01,2.230396e+01,2.227647e+01,2.222833e+01,2.220769e+01,2.224208e+01,2.220769e+01,2.214575e+01,2.218016e+01,2.229709e+01,2.217328e+01,2.216640e+01,2.215952e+01,2.212509e+01,2.213886e+01,2.213886e+01,2.213886e+01,2.222145e+01,2.212509e+01,2.209755e+01,2.208377e+01,2.221457e+01,2.211821e+01,2.220769e+01,2.217328e+01,2.214575e+01,2.209066e+01,2.213886e+01,2.212509e+01,2.212509e+01,2.217328e+01,2.217328e+01,2.196660e+01,2.209066e+01,2.204243e+01,2.208377e+01,2.202176e+01,2.202865e+01,2.207688e+01,2.200797e+01,2.213198e+01,2.206999e+01,2.201486e+01,2.195280e+01,2.191141e+01,2.201486e+01,2.200797e+01,2.200107e+01,2.205621e+01,2.195970e+01,2.200107e+01,2.186310e+01,2.183548e+01,2.181476e+01,2.186310e+01,2.190451e+01,2.190451e+01,2.189761e+01,2.175949e+01,2.189071e+01,2.165579e+01,2.152427e+01,2.159351e+01,2.157967e+01,2.174567e+01,2.171802e+01,2.173876e+01,2.181476e+01,2.169037e+01,2.173876e+01,2.173185e+01,2.174567e+01,2.173876e+01,2.169037e+01,2.175949e+01,2.168345e+01,2.179404e+01,2.171802e+01,2.170420e+01,2.164887e+01,2.169728e+01,2.162119e+01,2.164195e+01,2.150349e+01,2.146884e+01,2.152427e+01,2.146884e+01,2.141339e+01,2.151042e+01,2.155197e+01,2.154505e+01,2.153119e+01,2.156582e+01,2.145498e+01,2.147577e+01,2.155197e+01,2.164887e+01,2.164195e+01,2.158659e+01,2.162119e+01,2.162811e+01,2.158659e+01,2.163503e+01,2.166962e+01,2.159351e+01,2.157967e+01,2.155197e+01,2.155890e+01,2.154505e+01,2.159351e+01,2.155197e+01,2.161427e+01,2.159351e+01,2.145498e+01,2.149656e+01,2.144805e+01,2.145498e+01,2.151042e+01,2.145498e+01,2.152427e+01,2.151042e+01,2.149656e+01,2.155197e+01,2.137871e+01,2.134402e+01,2.124683e+01,2.151042e+01,2.153812e+01,2.147577e+01,2.139258e+01,2.153119e+01,2.154505e+01,2.159351e+01,2.163503e+01,2.168345e+01,2.157274e+01,2.160043e+01,2.170420e+01,2.154505e+01,2.162119e+01,2.162119e+01,2.158659e+01,2.148963e+01,2.153812e+01,2.155890e+01,2.142032e+01,2.136484e+01,2.126767e+01,2.126767e+01,2.107305e+01,2.107305e+01,2.114260e+01,2.121210e+01,2.107305e+01,2.117041e+01,2.124683e+01,2.126072e+01,2.124683e+01,2.123294e+01,2.127461e+01,2.121210e+01,2.125378e+01,2.122600e+01,2.133014e+01,2.162811e+01,2.316642e+01,2.588434e+01,2.765591e+01,2.769510e+01,2.741398e+01,2.688900e+01,2.626882e+01,2.574479e+01,2.534504e+01,2.466196e+01,2.402172e+01,2.351346e+01,2.307777e+01,2.243448e+01,2.169728e+01,2.143419e+01,2.142032e+01,2.142032e+01,2.145498e+01,2.137177e+01,2.155890e+01,2.151042e+01,2.160043e+01,2.151042e+01,2.157967e+01,2.158659e+01,2.158659e+01,2.155890e+01,2.142725e+01,2.156582e+01,2.151042e+01,2.150349e+01,2.155890e+01,2.152427e+01,2.149656e+01,2.160735e+01,2.156582e+01,2.157274e+01,2.166962e+01,2.162119e+01,2.159351e+01,2.161427e+01,2.164887e+01,2.162811e+01,2.157274e+01,2.162119e+01,2.165579e+01,2.164195e+01,2.160735e+01,2.166962e+01,2.160735e+01,2.159351e+01,2.150349e+01,2.148963e+01,2.154505e+01,2.150349e+01,2.151042e+01,2.155890e+01,2.155890e+01,2.149656e+01,2.151042e+01,2.150349e+01,2.155890e+01,2.151734e+01,2.146191e+01,2.142725e+01,2.151042e+01,2.146884e+01,2.146191e+01,2.143419e+01,2.128850e+01,2.135790e+01,2.105914e+01,2.099649e+01,2.097560e+01,2.101042e+01,2.096864e+01,2.101042e+01,2.098953e+01,2.100345e+01,2.098256e+01,2.095471e+01,2.091987e+01,2.093381e+01,2.087806e+01,2.089897e+01,2.084320e+01,2.078042e+01,2.084320e+01,2.085017e+01,2.084320e+01,2.084320e+01,2.083623e+01,2.076647e+01,2.090594e+01,2.090594e+01,2.083623e+01,2.091291e+01,2.087109e+01,2.091291e+01,2.094774e+01,2.091987e+01,2.096167e+01,2.085017e+01,2.091291e+01,2.082228e+01,2.085715e+01,2.083623e+01,2.080135e+01,2.087806e+01,2.085017e+01,2.077344e+01,2.097560e+01,2.086412e+01,2.083623e+01,2.088503e+01,2.086412e+01,2.088503e+01,2.089897e+01,2.087109e+01,2.089200e+01,2.091291e+01,2.082925e+01,2.091291e+01,2.087109e+01,2.087806e+01,2.090594e+01,2.091987e+01,2.094077e+01,2.093381e+01,2.091987e+01,2.099649e+01,2.087806e+01,2.100345e+01,2.101738e+01,2.096167e+01,2.091987e+01,2.098256e+01,2.099649e+01,2.097560e+01,2.097560e+01,2.095471e+01,2.093381e+01,2.091987e+01,2.097560e+01,2.097560e+01,2.100345e+01,2.094077e+01,2.091291e+01,2.094077e+01,2.108001e+01,2.091291e+01,2.093381e+01,2.097560e+01,2.096167e+01,2.101738e+01,2.103130e+01,2.099649e+01,2.098953e+01,2.100345e+01,2.094774e+01,2.098953e+01,2.093381e+01,2.087109e+01,2.101738e+01,2.098953e+01,2.098256e+01,2.101738e+01,2.097560e+01,2.097560e+01,2.097560e+01,2.101738e+01,2.113565e+01,2.114260e+01,2.096864e+01,2.108696e+01,2.109392e+01,2.110783e+01,2.101042e+01,2.110088e+01,2.089897e+01,2.103130e+01,2.101738e+01,2.089200e+01,2.105218e+01,2.105218e+01,2.087109e+01,2.104522e+01,2.102434e+01,2.078042e+01,2.078740e+01,2.089897e+01,2.079438e+01,2.081530e+01,2.086412e+01,2.073855e+01,2.075251e+01,2.072459e+01,2.070364e+01,2.075949e+01,2.075949e+01,2.066872e+01,2.076647e+01,2.070364e+01,2.077344e+01,2.074553e+01,2.071761e+01,2.089200e+01,2.078740e+01,2.089897e+01,2.089897e+01,2.095471e+01,2.098256e+01,2.097560e+01,2.097560e+01,2.090594e+01,2.096864e+01,2.103130e+01,2.097560e+01,2.094774e+01,2.097560e+01,2.097560e+01,2.095471e+01,2.101738e+01,2.101738e+01,2.091987e+01,2.096167e+01,2.104522e+01,2.102434e+01,2.101042e+01,2.100345e+01,2.101738e+01,2.115650e+01,2.105914e+01,2.108001e+01,2.111479e+01,2.100345e+01,2.113565e+01,2.112174e+01,2.115650e+01,2.119820e+01,2.120515e+01,2.125378e+01,2.133014e+01,2.128850e+01,2.124683e+01,2.137871e+01,2.137177e+01,2.131626e+01,2.128156e+01,2.139952e+01,2.143419e+01,2.152427e+01,2.172494e+01,2.187000e+01,2.237268e+01,2.294807e+01,2.352705e+01,2.422433e+01,2.483651e+01,2.525823e+01,2.561837e+01,2.585113e+01,2.606350e+01,2.603035e+01,2.616952e+01,2.617615e+01,2.601045e+01,2.594410e+01,2.570488e+01,2.548513e+01,2.517803e+01,2.493707e+01,2.456113e+01,2.399467e+01,2.366281e+01,2.345230e+01,2.316642e+01,2.314597e+01,2.276347e+01,2.251683e+01,2.246880e+01,2.217328e+01,2.199418e+01,2.198039e+01,2.195970e+01,2.195280e+01,2.193211e+01,2.176641e+01,2.175949e+01,2.184929e+01,2.179404e+01,2.189071e+01,2.168345e+01,2.198729e+01,2.180095e+01,2.177332e+01,2.164887e+01,2.169728e+01,2.164195e+01,2.164887e+01,2.164195e+01,2.159351e+01,2.158659e+01,2.157274e+01,2.161427e+01,2.164195e+01,2.162119e+01,2.157274e+01,2.157274e+01,2.157274e+01,2.155890e+01,2.160043e+01,2.155197e+01,2.152427e+01,2.151734e+01,2.150349e+01,2.155890e+01,2.157967e+01,2.167654e+01,2.168345e+01,2.171802e+01,2.172494e+01,2.180095e+01,2.186310e+01,2.197349e+01,2.185620e+01,2.187000e+01,2.205621e+01,2.202865e+01,2.204932e+01,2.208377e+01,2.211132e+01,2.229709e+01,2.225584e+01,2.221457e+01,2.219393e+01,2.222145e+01,2.227647e+01,2.226959e+01,2.226959e+01,2.226271e+01,2.227647e+01,2.233833e+01,2.236581e+01,2.223520e+01,2.224208e+01,2.230396e+01,2.239328e+01,2.220769e+01,2.228334e+01,2.224208e+01,2.229022e+01,2.231771e+01,2.230396e+01,2.229709e+01,2.235894e+01,2.236581e+01,2.235894e+01,2.240015e+01,2.245507e+01,2.213886e+01,2.242075e+01,2.236581e+01,2.237955e+01,2.235207e+01,2.237955e+01,2.233146e+01,2.233833e+01,2.237268e+01,2.241389e+01,2.239328e+01,2.251683e+01,2.234520e+01,2.232458e+01,2.232458e+01,2.241389e+01,2.238642e+01,2.235894e+01,2.238642e+01,2.237268e+01,2.239328e+01,2.235894e+01,2.234520e+01,2.236581e+01,2.250311e+01,2.236581e+01,2.245507e+01,2.240702e+01,2.237955e+01,2.224896e+01,2.247566e+01,2.237955e+01,2.224208e+01,2.229709e+01,2.227647e+01,2.237955e+01,2.232458e+01,2.240015e+01,2.231771e+01,2.232458e+01,2.257169e+01,2.232458e+01,2.233146e+01,2.237268e+01,2.233833e+01,2.234520e+01,2.229022e+01,2.239328e+01,2.242075e+01,2.240015e+01,2.224208e+01,2.240702e+01,2.240015e+01,2.226959e+01,2.231084e+01,2.229022e+01,2.223520e+01,2.237268e+01,2.242762e+01,2.240015e+01
2.218705e+01,2.212509e+01,2.211132e+01,2.211821e+01,2.205621e+01,2.209755e+01,2.204932e+01,2.204932e+01,2.202865e+01,2.205621e+01,2.203554e+01,2.195280e+01,2.198729e+01,2.198729e+01,2.198729e+01,2.197349e+01,2.200107e+01,2.199418e+01,2.193211e+01,2.194591e+01,2.194591e+01,2.198729e+01,2.204932e+01,2.212509e+01,2.210443e+01,2.224208e+01,2.217328e+01,2.224896e+01,2.229022e+01,2.220769e+01,2.233146e+01,2.229709e+01,2.232458e+01,2.234520e+01,2.230396e+01,2.237268e+01,2.233146e+01,2.239328e+01,2.236581e+01,2.237955e+01,2.234520e+01,2.240015e+01,2.232458e+01,2.230396e+01,2.239328e+01,2.238642e+01,2.228334e+01,2.229022e+01,2.223520e+01,2.232458e+01,2.228334e+01,2.222833e+01,2.234520e+01,2.233146e+01,2.224896e+01,2.225584e+01,2.225584e+01,2.224208e+01,2.229709e+01,2.217328e+01,2.229709e+01,2.224208e+01,2.220769e+01,2.215952e+01,2.213198e+01,2.213198e+01,2.223520e+01,2.209066e+01,2.208377e+01,2.200797e+01,2.215263e+01,2.212509e+01,2.218705e+01,2.231771e+01,2.222833e+01,2.204243e+01,2.215952e+01,2.226271e+01,2.201486e+01,2.217328e+01,2.207688e+01,2.209755e+01,2.210443e+01,2.210443e+01,2.218705e+01,2.220081e+01,2.211132e+01,2.208377e+01,2.200797e+01,2.194591e+01,2.207688e+01,2.200797e+01,2.202865e+01,2.199418e+01,2.189071e+01,2.206310e+01,2.195970e+01,2.198039e+01,2.195280e+01,2.194591e+01,2.202865e+01,2.191141e+01,2.191141e+01,2.188381e+01,2.187691e+01,2.193211e+01,2.187000e+01,2.191141e+01,2.190451e+01,2.195280e+01,2.192521e+01,2.182858e+01,2.184929e+01,2.187000e+01,2.153812e+01,2.154505e+01,2.168345e+01,2.169728e+01,2.170420e+01,2.162811e+01,2.175258e+01,2.177332e+01,2.177332e+01,2.171111e+01,2.167654e+01,2.170420e+01,2.171802e+01,2.172494e+01,2.173876e+01,2.179404e+01,2.167654e+01,2.168345e+01,2.158659e+01,2.154505e+01,2.151042e+01,2.164195e+01,2.154505e+01,2.152427e+01,2.150349e+01,2.148963e+01,2.148963e+01,2.143419e+01,2.149656e+01,2.142725e+01,2.154505e+01,2.148963e+01,2.157967e+01,2.155890e+01,2.151734e+01,2.157967e+01,2.154505e+01,2.153812e+01,2.161427e+01,2.157967e+01,2.160735e+01,2.154505e+01,2.160043e+01,2.165579e+01,2.151734e+01,2.160043e+01,2.156582e+01,2.153119e+01,2.160043e+01,2.155890e+01,2.150349e+01,2.160735e+01,2.152427e+01,2.148270e+01,2.143419e+01,2.141339e+01,2.146884e+01,2.149656e+01,2.148963e+01,2.147577e+01,2.150349e+01,2.137871e+01,2.137871e+01,2.139952e+01,2.138565e+01,2.126072e+01,2.135096e+01,2.138565e+01,2.135096e+01,2.148963e+01,2.137177e+01,2.148963e+01,2.154505e+01,2.149656e+01,2.161427e+01,2.157274e+01,2.142725e+01,2.161427e+01,2.160735e+01,2.163503e+01,2.160043e+01,2.161427e+01,2.156582e+01,2.156582e+01,2.155890e+01,2.150349e+01,2.146884e+01,2.130238e+01,2.126767e+01,2.116345e+01,2.121210e+01,2.105914e+01,2.103130e+01,2.117041e+01,2.118431e+01,2.122600e+01,2.123989e+01,2.126072e+01,2.133014e+01,2.130238e+01,2.123989e+01,2.124683e+01,2.118431e+01,2.145498e+01,2.218016e+01,2.422433e+01,2.666510e+01,2.800803e+01,2.791685e+01,2.741398e+01,2.688900e+01,2.641430e+01,2.576474e+01,2.516466e+01,2.468212e+01,2.401496e+01,2.340471e+01,2.294807e+01,2.239328e+01,2.169037e+01,2.168345e+01,2.142725e+01,2.142032e+01,2.146191e+01,2.137177e+01,2.140645e+01,2.142032e+01,2.139258e+01,2.142725e+01,2.151042e+01,2.146191e+01,2.145498e+01,2.147577e+01,2.142032e+01,2.151042e+01,2.151042e+01,2.151734e+01,2.162119e+01,2.149656e+01,2.148963e+01,2.149656e+01,2.152427e+01,2.157967e+01,2.164887e+01,2.156582e+01,2.159351e+01,2.163503e+01,2.165579e+01,2.166270e+01,2.159351e+01,2.159351e+01,2.162811e+01,2.162119e+01,2.160735e+01,2.156582e+01,2.176641e+01,2.165579e+01,2.162119e+01,2.151734e+01,2.177332e+01,2.161427e+01,2.155890e+01,2.164195e+01,2.162811e+01,2.150349e+01,2.155197e+01,2.146191e+01,2.148963e+01,2.151734e+01,2.151042e+01,2.154505e+01,2.157274e+01,2.142725e+01,2.144112e+01,2.142725e+01,2.138565e+01,2.134402e+01,2.114955e+01,2.098256e+01,2.105914e+01,2.092684e+01,2.100345e+01,2.096864e+01,2.105218e+01,2.091987e+01,2.091987e+01,2.085715e+01,2.096864e+01,2.071761e+01,2.096167e+01,2.080833e+01,2.082925e+01,2.080833e+01,2.087109e+01,2.083623e+01,2.084320e+01,2.078740e+01,2.074553e+01,2.079438e+01,2.076647e+01,2.086412e+01,2.079438e+01,2.093381e+01,2.087109e+01,2.088503e+01,2.091291e+01,2.098256e+01,2.085715e+01,2.103826e+01,2.097560e+01,2.087806e+01,2.095471e+01,2.091291e+01,2.091291e+01,2.084320e+01,2.083623e+01,2.083623e+01,2.078740e+01,2.087806e+01,2.089897e+01,2.096864e+01,2.089897e+01,2.082925e+01,2.088503e+01,2.092684e+01,2.080833e+01,2.085017e+01,2.094774e+01,2.091987e+01,2.087806e+01,2.089897e+01,2.090594e+01,2.092684e+01,2.097560e+01,2.098256e+01,2.094774e+01,2.098953e+01,2.090594e+01,2.099649e+01,2.089200e+01,2.096167e+01,2.095471e+01,2.082925e+01,2.103130e+01,2.098953e+01,2.095471e+01,2.095471e+01,2.097560e+01,2.096864e+01,2.095471e+01,2.097560e+01,2.087806e+01,2.085017e+01,2.090594e+01,2.087806e+01,2.107305e+01,2.096167e+01,2.110088e+01,2.109392e+01,2.094774e+01,2.107305e+01,2.098953e+01,2.109392e+01,2.096864e+01,2.096167e+01,2.095471e+01,2.095471e+01,2.095471e+01,2.089897e+01,2.101042e+01,2.099649e+01,2.100345e+01,2.100345e+01,2.096864e+01,2.096864e+01,2.096167e+01,2.106609e+01,2.111479e+01,2.107305e+01,2.108696e+01,2.102434e+01,2.104522e+01,2.111479e+01,2.115650e+01,2.108696e+01,2.105914e+01,2.105914e+01,2.105914e+01,2.103130e+01,2.101738e+01,2.098256e+01,2.103826e+01,2.096167e+01,2.089200e+01,2.093381e+01,2.080833e+01,2.089200e+01,2.080833e+01,2.084320e+01,2.076647e+01,2.087109e+01,2.071062e+01,2.074553e+01,2.070364e+01,2.070364e+01,2.076647e+01,2.077344e+01,2.073157e+01,2.077344e+01,2.073855e+01,2.075949e+01,2.086412e+01,2.069666e+01,2.087806e+01,2.090594e+01,2.080135e+01,2.089897e+01,2.096864e+01,2.095471e+01,2.096167e+01,2.098953e+01,2.098953e+01,2.100345e+01,2.105914e+01,2.096864e+01,2.100345e+01,2.098953e+01,2.101042e+01,2.093381e+01,2.095471e+01,2.101738e+01,2.101042e+01,2.099649e+01,2.095471e+01,2.098953e+01,2.098256e+01,2.103130e+01,2.107305e+01,2.105914e+01,2.107305e+01,2.112869e+01,2.110088e+01,2.114260e+01,2.110783e+01,2.115650e+01,2.126072e+01,2.132320e+01,2.125378e+01,2.139952e+01,2.122600e+01,2.127461e+01,2.133014e+01,2.128156e+01,2.139258e+01,2.130932e+01,2.128850e+01,2.151734e+01,2.156582e+01,2.165579e+01,2.182167e+01,2.235207e+01,2.294123e+01,2.354742e+01,2.417034e+01,2.484321e+01,2.518472e+01,2.560505e+01,2.596401e+01,2.612315e+01,2.603698e+01,2.616952e+01,2.612315e+01,2.607013e+01,2.594410e+01,2.597728e+01,2.564500e+01,2.513791e+01,2.499067e+01,2.466868e+01,2.405551e+01,2.389320e+01,2.368994e+01,2.343191e+01,2.318005e+01,2.294807e+01,2.261967e+01,2.243448e+01,2.225584e+01,2.237268e+01,2.215263e+01,2.196660e+01,2.179404e+01,2.178022e+01,2.184239e+01,2.185620e+01,2.180095e+01,2.179404e+01,2.179404e+01,2.160043e+01,2.180095e+01,2.179404e+01,2.166270e+01,2.173185e+01,2.153119e+01,2.153119e+01,2.169037e+01,2.164887e+01,2.157274e+01,2.162811e+01,2.162119e+01,2.164887e+01,2.162811e+01,2.155890e+01,2.155890e+01,2.166962e+01,2.151734e+01,2.155197e+01,2.144805e+01,2.143419e+01,2.148270e+01,2.151734e+01,2.155197e+01,2.165579e+01,2.152427e+01,2.162119e+01,2.169728e+01,2.191141e+01,2.164887e+01,2.173185e+01,2.182858e+01,2.189071e+01,2.200797e+01,2.195970e+01,2.204932e+01,2.204932e+01,2.211821e+01,2.220081e+01,2.213198e+01,2.220081e+01,2.213198e+01,2.218016e+01,2.235894e+01,2.219393e+01,2.229709e+01,2.230396e+01,2.222833e+01,2.227647e+01,2.226959e+01,2.237268e+01,2.232458e+01,2.233146e+01,2.226959e+01,2.229709e+01,2.237955e+01,2.222145e+01,2.236581e+01,2.218705e+01,2.231771e+01,2.242762e+01,2.233146e+01,2.225584e+01,2.248939e+01,2.244821e+01,2.240015e+01,2.226271e+01,2.231084e+01,2.230396e+01,2.228334e+01,2.244821e+01,2.233833e+01,2.233833e+01,2.237955e+01,2.240015e+01,2.246194e+01,2.233833e+01,2.233146e+01,2.237955e+01,2.242762e+01,2.235894e+01,2.237268e+01,2.228334e+01,2.232458e+01,2.234520e+01,2.230396e+01,2.240702e+01,2.238642e+01,2.241389e+01,2.235207e+01,2.233146e+01,2.233833e+01,2.246194e+01,2.231084e+01,2.242762e+01,2.233146e+01,2.234520e+01,2.242762e+01,2.225584e+01,2.236581e+01,2.222145e+01,2.227647e+01,2.226271e+01,2.235207e+01,2.229022e+01,2.233146e+01,2.237268e+01,2.230396e+01,2.233146e+01,2.244135e+01,2.229709e+01,2.241389e+01,2.241389e+01,2.233146e+01,2.237955e+01,2.238642e+01,2.234520e+01,2.234520e+01,2.236581e+01,2.240015e+01,2.244135e+01,2.241389e+01,2.240702e+01,2.243448e+01,2.247566e+01,2.253741e+01,2.257854e+01,2.251683e+01
2.240702e+01,2.207688e+01,2.207688e+01,2.208377e+01,2.209066e+01,2.206999e+01,2.203554e+01,2.204243e+01,2.204243e+01,2.204932e+01,2.200107e+01,2.200107e+01,2.199418e+01,2.204243e+01,2.202865e+01,2.197349e+01,2.202176e+01,2.192521e+01,2.200797e+01,2.212509e+01,2.212509e+01,2.213886e+01,2.210443e+01,2.218016e+01,2.220769e+01,2.215263e+01,2.224208e+01,2.226271e+01,2.224208e+01,2.229022e+01,2.224896e+01,2.224896e+01,2.231771e+01,2.231771e+01,2.231084e+01,2.233833e+01,2.237955e+01,2.235894e+01,2.235207e+01,2.237268e+01,2.236581e+01,2.239328e+01,2.240015e+01,2.228334e+01,2.237268e+01,2.231084e+01,2.229709e+01,2.219393e+01,2.231084e+01,2.229022e+01,2.222833e+01,2.227647e+01,2.220081e+01,2.217328e+01,2.224208e+01,2.231084e+01,2.222145e+01,2.228334e+01,2.222833e+01,2.219393e+01,2.218016e+01,2.216640e+01,2.213886e+01,2.215263e+01,2.218016e+01,2.212509e+01,2.215263e+01,2.214575e+01,2.215263e+01,2.222833e+01,2.213886e+01,2.214575e+01,2.213886e+01,2.211132e+01,2.220769e+01,2.209066e+01,2.209755e+01,2.211821e+01,2.208377e+01,2.211821e+01,2.210443e+01,2.211821e+01,2.202865e+01,2.200107e+01,2.209066e+01,2.209066e+01,2.215952e+01,2.193211e+01,2.209755e+01,2.207688e+01,2.209755e+01,2.223520e+01,2.200107e+01,2.198039e+01,2.189761e+01,2.196660e+01,2.191141e+01,2.195970e+01,2.195280e+01,2.201486e+01,2.193211e+01,2.191141e+01,2.189761e+01,2.185620e+01,2.193901e+01,2.197349e+01,2.195280e+01,2.191141e+01,2.191831e+01,2.191831e+01,2.185620e+01,2.193211e+01,2.176641e+01,2.175949e+01,2.165579e+01,2.162811e+01,2.170420e+01,2.165579e+01,2.169728e+01,2.178713e+01,2.173185e+01,2.172494e+01,2.163503e+01,2.176641e+01,2.170420e+01,2.154505e+01,2.175258e+01,2.176641e+01,2.169728e+01,2.173876e+01,2.166962e+01,2.164887e+01,2.167654e+01,2.160043e+01,2.151042e+01,2.159351e+01,2.159351e+01,2.153119e+01,2.150349e+01,2.149656e+01,2.145498e+01,2.146191e+01,2.144805e+01,2.145498e+01,2.151734e+01,2.152427e+01,2.153119e+01,2.148270e+01,2.154505e+01,2.151042e+01,2.139258e+01,2.155890e+01,2.155890e+01,2.150349e+01,2.158659e+01,2.155890e+01,2.153812e+01,2.154505e+01,2.155197e+01,2.155197e+01,2.149656e+01,2.150349e+01,2.155890e+01,2.151042e+01,2.145498e+01,2.153119e+01,2.144112e+01,2.144805e+01,2.144112e+01,2.144112e+01,2.142032e+01,2.139952e+01,2.148963e+01,2.146191e+01,2.135096e+01,2.145498e+01,2.128850e+01,2.130238e+01,2.120515e+01,2.130932e+01,2.126767e+01,2.130238e+01,2.132320e+01,2.131626e+01,2.148963e+01,2.149656e+01,2.153119e+01,2.165579e+01,2.158659e+01,2.142032e+01,2.168345e+01,2.155197e+01,2.161427e+01,2.145498e+01,2.162119e+01,2.166270e+01,2.152427e+01,2.155890e+01,2.139258e+01,2.142032e+01,2.135790e+01,2.138565e+01,2.119126e+01,2.119820e+01,2.121905e+01,2.105914e+01,2.103826e+01,2.114955e+01,2.119126e+01,2.121905e+01,2.133708e+01,2.131626e+01,2.127461e+01,2.123989e+01,2.126767e+01,2.139952e+01,2.144112e+01,2.162811e+01,2.273610e+01,2.517135e+01,2.741398e+01,2.803407e+01,2.800803e+01,2.740743e+01,2.683636e+01,2.633497e+01,2.572484e+01,2.518472e+01,2.469555e+01,2.398115e+01,2.340471e+01,2.286607e+01,2.244135e+01,2.169037e+01,2.146191e+01,2.139258e+01,2.146191e+01,2.144112e+01,2.142032e+01,2.141339e+01,2.140645e+01,2.139952e+01,2.153812e+01,2.138565e+01,2.156582e+01,2.151042e+01,2.155890e+01,2.155197e+01,2.149656e+01,2.150349e+01,2.146884e+01,2.153119e+01,2.146191e+01,2.156582e+01,2.146884e+01,2.153119e+01,2.157967e+01,2.150349e+01,2.160043e+01,2.184239e+01,2.164195e+01,2.160043e+01,2.165579e+01,2.162119e+01,2.154505e+01,2.166270e+01,2.165579e+01,2.165579e+01,2.158659e+01,2.162811e+01,2.159351e+01,2.154505e+01,2.157274e+01,2.162811e+01,2.159351e+01,2.160043e+01,2.151734e+01,2.155890e+01,2.165579e+01,2.162811e+01,2.148963e+01,2.144805e+01,2.139258e+01,2.139952e+01,2.149656e+01,2.157274e+01,2.144112e+01,2.146884e+01,2.144112e+01,2.144805e+01,2.129544e+01,2.130238e+01,2.097560e+01,2.107305e+01,2.094077e+01,2.091987e+01,2.085715e+01,2.085017e+01,2.086412e+01,2.093381e+01,2.086412e+01,2.093381e+01,2.072459e+01,2.084320e+01,2.088503e+01,2.083623e+01,2.077344e+01,2.094774e+01,2.076647e+01,2.080833e+01,2.082925e+01,2.072459e+01,2.072459e+01,2.069666e+01,2.084320e+01,2.085017e+01,2.082228e+01,2.086412e+01,2.090594e+01,2.098256e+01,2.090594e+01,2.092684e+01,2.082925e+01,2.074553e+01,2.087806e+01,2.079438e+01,2.095471e+01,2.081530e+01,2.087109e+01,2.082925e+01,2.080833e+01,2.085715e+01,2.085017e+01,2.095471e+01,2.103826e+01,2.087109e+01,2.090594e+01,2.089200e+01,2.084320e+01,2.089897e+01,2.089897e+01,2.087806e+01,2.086412e+01,2.088503e+01,2.087806e+01,2.088503e+01,2.094077e+01,2.091987e+01,2.091291e+01,2.091291e+01,2.101042e+01,2.099649e+01,2.099649e+01,2.096167e+01,2.099649e+01,2.092684e+01,2.094774e+01,2.097560e+01,2.097560e+01,2.094774e+01,2.095471e+01,2.086412e+01,2.091291e+01,2.087109e+01,2.087806e+01,2.082925e+01,2.095471e+01,2.089897e+01,2.096167e+01,2.089897e+01,2.096864e+01,2.094774e+01,2.097560e+01,2.095471e+01,2.093381e+01,2.094774e+01,2.098953e+01,2.097560e+01,2.096864e+01,2.097560e+01,2.093381e+01,2.098256e+01,2.098953e+01,2.101042e+01,2.098256e+01,2.099649e+01,2.103130e+01,2.103130e+01,2.111479e+01,2.103826e+01,2.109392e+01,2.103826e+01,2.109392e+01,2.114260e+01,2.106609e+01,2.105914e+01,2.103130e+01,2.104522e+01,2.101738e+01,2.105914e+01,2.098953e+01,2.105914e+01,2.103826e+01,2.098256e+01,2.104522e+01,2.098256e+01,2.094077e+01,2.101738e+01,2.088503e+01,2.085715e+01,2.081530e+01,2.087109e+01,2.081530e+01,2.086412e+01,2.073855e+01,2.064078e+01,2.061981e+01,2.075251e+01,2.075949e+01,2.065475e+01,2.077344e+01,2.072459e+01,2.071761e+01,2.074553e+01,2.072459e+01,2.073157e+01,2.080135e+01,2.080135e+01,2.069666e+01,2.094774e+01,2.098953e+01,2.094077e+01,2.093381e+01,2.094774e+01,2.094077e+01,2.098256e+01,2.095471e+01,2.100345e+01,2.107305e+01,2.099649e+01,2.097560e+01,2.095471e+01,2.096864e+01,2.097560e+01,2.097560e+01,2.093381e+01,2.096167e+01,2.095471e+01,2.098953e+01,2.105218e+01,2.098953e+01,2.106609e+01,2.108696e+01,2.110783e+01,2.110088e+01,2.120515e+01,2.119126e+01,2.114260e+01,2.117041e+01,2.123989e+01,2.128850e+01,2.128850e+01,2.132320e+01,2.132320e+01,2.128156e+01,2.135096e+01,2.124683e+01,2.127461e+01,2.135096e+01,2.134402e+01,2.146191e+01,2.144112e+01,2.157274e+01,2.188381e+01,2.231084e+01,2.274978e+01,2.350667e+01,2.424457e+01,2.494377e+01,2.529831e+01,2.539176e+01,2.576474e+01,2.604361e+01,2.607676e+01,2.610327e+01,2.609664e+01,2.617615e+01,2.603698e+01,2.583120e+01,2.577803e+01,2.535839e+01,2.527827e+01,2.477612e+01,2.452077e+01,2.416359e+01,2.382549e+01,2.343871e+01,2.315960e+01,2.300270e+01,2.277716e+01,2.261282e+01,2.223520e+01,2.215952e+01,2.214575e+01,2.192521e+01,2.190451e+01,2.193211e+01,2.189071e+01,2.182167e+01,2.186310e+01,2.173185e+01,2.175949e+01,2.180786e+01,2.180786e+01,2.172494e+01,2.170420e+01,2.173185e+01,2.157274e+01,2.155890e+01,2.157967e+01,2.158659e+01,2.160043e+01,2.162119e+01,2.162119e+01,2.159351e+01,2.162811e+01,2.162811e+01,2.159351e+01,2.158659e+01,2.161427e+01,2.157967e+01,2.155197e+01,2.146884e+01,2.155197e+01,2.137871e+01,2.160043e+01,2.149656e+01,2.149656e+01,2.151734e+01,2.164195e+01,2.164887e+01,2.165579e+01,2.173876e+01,2.186310e+01,2.189761e+01,2.191141e+01,2.190451e+01,2.198039e+01,2.194591e+01,2.207688e+01,2.217328e+01,2.215263e+01,2.217328e+01,2.219393e+01,2.220769e+01,2.222833e+01,2.226271e+01,2.224896e+01,2.229022e+01,2.230396e+01,2.239328e+01,2.234520e+01,2.233833e+01,2.231771e+01,2.231771e+01,2.231084e+01,2.235894e+01,2.220769e+01,2.236581e+01,2.239328e+01,2.223520e+01,2.224208e+01,2.222145e+01,2.233146e+01,2.253055e+01,2.226271e+01,2.234520e+01,2.226959e+01,2.229022e+01,2.230396e+01,2.239328e+01,2.233146e+01,2.231084e+01,2.247566e+01,2.232458e+01,2.236581e+01,2.233833e+01,2.239328e+01,2.236581e+01,2.238642e+01,2.237955e+01,2.243448e+01,2.234520e+01,2.237268e+01,2.231084e+01,2.237268e+01,2.230396e+01,2.237268e+01,2.241389e+01,2.236581e+01,2.242075e+01,2.248252e+01,2.246194e+01,2.246194e+01,2.240015e+01,2.235207e+01,2.231084e+01,2.233833e+01,2.240702e+01,2.231084e+01,2.238642e+01,2.231771e+01,2.236581e+01,2.244821e+01,2.235894e+01,2.227647e+01,2.233146e+01,2.237955e+01,2.244135e+01,2.230396e+01,2.231771e+01,2.230396e+01,2.232458e+01,2.236581e+01,2.240015e+01,2.237955e+01,2.240702e+01,2.237955e+01,2.238642e+01,2.235207e+01,2.237955e+01,2.235894e+01,2.235894e+01,2.233833e+01,2.243448e+01,2.242075e+01,2.233146e+01,2.249625e+01,2.234520e+01,2.254426e+01
2.213198e+01,2.213886e+01,2.207688e+01,2.204932e+01,2.208377e+01,2.206999e+01,2.203554e+01,2.200797e+01,2.202176e+01,2.203554e+01,2.191141e+01,2.191141e+01,2.174567e+01,2.193901e+01,2.196660e+01,2.195970e+01,2.191831e+01,2.197349e+01,2.178713e+01,2.206999e+01,2.191141e+01,2.209755e+01,2.216640e+01,2.215263e+01,2.218016e+01,2.221457e+01,2.218016e+01,2.232458e+01,2.222145e+01,2.226271e+01,2.222833e+01,2.225584e+01,2.237955e+01,2.236581e+01,2.235894e+01,2.231771e+01,2.233833e+01,2.237268e+01,2.234520e+01,2.236581e+01,2.237268e+01,2.232458e+01,2.229022e+01,2.231771e+01,2.229709e+01,2.218705e+01,2.218705e+01,2.235894e+01,2.233833e+01,2.226959e+01,2.226959e+01,2.224896e+01,2.233146e+01,2.232458e+01,2.220769e+01,2.226959e+01,2.231084e+01,2.217328e+01,2.237268e+01,2.237268e+01,2.218705e+01,2.210443e+01,2.209066e+01,2.218705e+01,2.215263e+01,2.215952e+01,2.214575e+01,2.210443e+01,2.212509e+01,2.207688e+01,2.218016e+01,2.215263e+01,2.211821e+01,2.212509e+01,2.221457e+01,2.220081e+01,2.209755e+01,2.210443e+01,2.214575e+01,2.209755e+01,2.202176e+01,2.215263e+01,2.209755e+01,2.195280e+01,2.201486e+01,2.212509e+01,2.204932e+01,2.209066e+01,2.209066e+01,2.206999e+01,2.203554e+01,2.224208e+01,2.197349e+01,2.200107e+01,2.191141e+01,2.189761e+01,2.193211e+01,2.194591e+01,2.197349e+01,2.191831e+01,2.187000e+01,2.196660e+01,2.184239e+01,2.184929e+01,2.195280e+01,2.191141e+01,2.186310e+01,2.175949e+01,2.185620e+01,2.191141e+01,2.182858e+01,2.178713e+01,2.178022e+01,2.159351e+01,2.170420e+01,2.164887e+01,2.169037e+01,2.169728e+01,2.165579e+01,2.157967e+01,2.162811e+01,2.166962e+01,2.169037e+01,2.168345e+01,2.162119e+01,2.169037e+01,2.171111e+01,2.164887e+01,2.164887e+01,2.160735e+01,2.165579e+01,2.169037e+01,2.157967e+01,2.153119e+01,2.150349e+01,2.148963e+01,2.149656e+01,2.151734e+01,2.144112e+01,2.142725e+01,2.146884e+01,2.150349e+01,2.135096e+01,2.141339e+01,2.139952e+01,2.152427e+01,2.151734e+01,2.153812e+01,2.154505e+01,2.149656e+01,2.148270e+01,2.154505e+01,2.153812e+01,2.146191e+01,2.144112e+01,2.139258e+01,2.151734e+01,2.157274e+01,2.157274e+01,2.149656e+01,2.151042e+01,2.155197e+01,2.142032e+01,2.144112e+01,2.141339e+01,2.134402e+01,2.151734e+01,2.129544e+01,2.144805e+01,2.145498e+01,2.142032e+01,2.143419e+01,2.142032e+01,2.133708e+01,2.141339e+01,2.122600e+01,2.120515e+01,2.132320e+01,2.135790e+01,2.122600e+01,2.109392e+01,2.119820e+01,2.123989e+01,2.131626e+01,2.144112e+01,2.130932e+01,2.139952e+01,2.159351e+01,2.156582e+01,2.139258e+01,2.145498e+01,2.156582e+01,2.157274e+01,2.146884e+01,2.164887e+01,2.164887e+01,2.154505e+01,2.149656e+01,2.150349e+01,2.142725e+01,2.130932e+01,2.119126e+01,2.131626e+01,2.123294e+01,2.119820e+01,2.113565e+01,2.124683e+01,2.123989e+01,2.118431e+01,2.113565e+01,2.130238e+01,2.120515e+01,2.123989e+01,2.120515e+01,2.132320e+01,2.131626e+01,2.143419e+01,2.213886e+01,2.373062e+01,2.646715e+01,2.806660e+01,2.824863e+01,2.800803e+01,2.735505e+01,2.683636e+01,2.623573e+01,2.569823e+01,2.516466e+01,2.468212e+01,2.398115e+01,2.340471e+01,2.280452e+01,2.240015e+01,2.197349e+01,2.158659e+01,2.135096e+01,2.137871e+01,2.140645e+01,2.135790e+01,2.136484e+01,2.139952e+01,2.141339e+01,2.152427e+01,2.144805e+01,2.149656e+01,2.140645e+01,2.144805e+01,2.146884e+01,2.150349e+01,2.151042e+01,2.147577e+01,2.159351e+01,2.146884e+01,2.148963e+01,2.146884e+01,2.150349e+01,2.166962e+01,2.166962e+01,2.153812e+01,2.168345e+01,2.155197e+01,2.162119e+01,2.164195e+01,2.162119e+01,2.161427e+01,2.161427e+01,2.166270e+01,2.164195e+01,2.162811e+01,2.163503e+01,2.165579e+01,2.162811e+01,2.155890e+01,2.155890e+01,2.161427e+01,2.155890e+01,2.160735e+01,2.167654e+01,2.153119e+01,2.151042e+01,2.143419e+01,2.161427e+01,2.146884e+01,2.141339e+01,2.144112e+01,2.147577e+01,2.146884e+01,2.144805e+01,2.138565e+01,2.145498e+01,2.135790e+01,2.125378e+01,2.105218e+01,2.086412e+01,2.106609e+01,2.093381e+01,2.094774e+01,2.096167e+01,2.094774e+01,2.089897e+01,2.086412e+01,2.084320e+01,2.085715e+01,2.078042e+01,2.078740e+01,2.089897e+01,2.071062e+01,2.076647e+01,2.074553e+01,2.075251e+01,2.080135e+01,2.071761e+01,2.072459e+01,2.082228e+01,2.086412e+01,2.080833e+01,2.082228e+01,2.084320e+01,2.094077e+01,2.094077e+01,2.099649e+01,2.089897e+01,2.087806e+01,2.083623e+01,2.087109e+01,2.089200e+01,2.087806e+01,2.087806e+01,2.086412e+01,2.082925e+01,2.085017e+01,2.081530e+01,2.089897e+01,2.084320e+01,2.091291e+01,2.089200e+01,2.094774e+01,2.082925e+01,2.089897e+01,2.087806e+01,2.088503e+01,2.087806e+01,2.087109e+01,2.094774e+01,2.089897e+01,2.090594e+01,2.095471e+01,2.091291e+01,2.086412e+01,2.087806e+01,2.090594e+01,2.096864e+01,2.089897e+01,2.091987e+01,2.095471e+01,2.091987e+01,2.095471e+01,2.095471e+01,2.098953e+01,2.098953e+01,2.091987e+01,2.094774e+01,2.097560e+01,2.085715e+01,2.089200e+01,2.088503e+01,2.088503e+01,2.092684e+01,2.089200e+01,2.091291e+01,2.094077e+01,2.107305e+01,2.096167e+01,2.094774e+01,2.099649e+01,2.098953e+01,2.098953e+01,2.099649e+01,2.098256e+01,2.094774e+01,2.096864e+01,2.094774e+01,2.107305e+01,2.101042e+01,2.094077e+01,2.108696e+01,2.098256e+01,2.099649e+01,2.098256e+01,2.106609e+01,2.113565e+01,2.101738e+01,2.112869e+01,2.108001e+01,2.112869e+01,2.112174e+01,2.106609e+01,2.103130e+01,2.119126e+01,2.115650e+01,2.098256e+01,2.100345e+01,2.103826e+01,2.103826e+01,2.099649e+01,2.102434e+01,2.091291e+01,2.089200e+01,2.093381e+01,2.089200e+01,2.091291e+01,2.087806e+01,2.078740e+01,2.085715e+01,2.082925e+01,2.069666e+01,2.078042e+01,2.075251e+01,2.074553e+01,2.068269e+01,2.067570e+01,2.072459e+01,2.075251e+01,2.066872e+01,2.080135e+01,2.082228e+01,2.084320e+01,2.088503e+01,2.089200e+01,2.094774e+01,2.100345e+01,2.098953e+01,2.096167e+01,2.101042e+01,2.088503e+01,2.094077e+01,2.095471e+01,2.103826e+01,2.116345e+01,2.112174e+01,2.103130e+01,2.105218e+01,2.103826e+01,2.099649e+01,2.096864e+01,2.097560e+01,2.101738e+01,2.098256e+01,2.097560e+01,2.097560e+01,2.103826e+01,2.104522e+01,2.112869e+01,2.103826e+01,2.099649e+01,2.119126e+01,2.119126e+01,2.116345e+01,2.114260e+01,2.123989e+01,2.118431e+01,2.110783e+01,2.129544e+01,2.127461e+01,2.135790e+01,2.137871e+01,2.131626e+01,2.128850e+01,2.128156e+01,2.133708e+01,2.136484e+01,2.126767e+01,2.158659e+01,2.176641e+01,2.230396e+01,2.290707e+01,2.353384e+01,2.420408e+01,2.484992e+01,2.524487e+01,2.539843e+01,2.592418e+01,2.600381e+01,2.605687e+01,2.609002e+01,2.613640e+01,2.604361e+01,2.605024e+01,2.593082e+01,2.585778e+01,2.560505e+01,2.529831e+01,2.502415e+01,2.477612e+01,2.427829e+01,2.373740e+01,2.369672e+01,2.315960e+01,2.305048e+01,2.294123e+01,2.281820e+01,2.248939e+01,2.234520e+01,2.212509e+01,2.203554e+01,2.202176e+01,2.191831e+01,2.186310e+01,2.186310e+01,2.181476e+01,2.186310e+01,2.182858e+01,2.176641e+01,2.178713e+01,2.175258e+01,2.168345e+01,2.173876e+01,2.163503e+01,2.151042e+01,2.154505e+01,2.164887e+01,2.158659e+01,2.153812e+01,2.155890e+01,2.156582e+01,2.153812e+01,2.159351e+01,2.145498e+01,2.159351e+01,2.137871e+01,2.163503e+01,2.154505e+01,2.159351e+01,2.151042e+01,2.151734e+01,2.146884e+01,2.151734e+01,2.148270e+01,2.160043e+01,2.150349e+01,2.166962e+01,2.164195e+01,2.175949e+01,2.183548e+01,2.180095e+01,2.184929e+01,2.206999e+01,2.188381e+01,2.196660e+01,2.207688e+01,2.202176e+01,2.219393e+01,2.214575e+01,2.222145e+01,2.221457e+01,2.225584e+01,2.222833e+01,2.233833e+01,2.225584e+01,2.222833e+01,2.229022e+01,2.228334e+01,2.231084e+01,2.226959e+01,2.234520e+01,2.232458e+01,2.231084e+01,2.229022e+01,2.229022e+01,2.235207e+01,2.236581e+01,2.226271e+01,2.233146e+01,2.246880e+01,2.233146e+01,2.234520e+01,2.233833e+01,2.220081e+01,2.229022e+01,2.229709e+01,2.225584e+01,2.228334e+01,2.237268e+01,2.226959e+01,2.237955e+01,2.230396e+01,2.222833e+01,2.237268e+01,2.236581e+01,2.241389e+01,2.236581e+01,2.236581e+01,2.234520e+01,2.239328e+01,2.226271e+01,2.230396e+01,2.231771e+01,2.244135e+01,2.232458e+01,2.245507e+01,2.233146e+01,2.242075e+01,2.253055e+01,2.247566e+01,2.230396e+01,2.230396e+01,2.231771e+01,2.238642e+01,2.237955e+01,2.231771e+01,2.229022e+01,2.240015e+01,2.227647e+01,2.223520e+01,2.235894e+01,2.236581e+01,2.231771e+01,2.245507e+01,2.230396e+01,2.233146e+01,2.229022e+01,2.241389e+01,2.235207e+01,2.235894e+01,2.227647e+01,2.239328e+01,2.237268e+01,2.240015e+01,2.233146e+01,2.240702e+01,2.233833e+01,2.227647e+01,2.233833e+01,2.233833e+01,2.232458e+01,2.246880e+01,2.246194e+01,2.246880e+01,2.231771e+01,2.251683e+01
2.219393e+01,2.204243e+01,2.209066e+01,2.215952e+01,2.202865e+01,2.202176e+01,2.203554e+01,2.201486e+01,2.208377e+01,2.198039e+01,2.196660e+01,2.197349e+01,2.195970e+01,2.222145e+01,2.191831e+01,2.200797e+01,2.194591e+01,2.195970e+01,2.194591e+01,2.196660e+01,2.198039e+01,2.212509e+01,2.206310e+01,2.215952e+01,2.209066e+01,2.224896e+01,2.215952e+01,2.222145e+01,2.224208e+01,2.231771e+01,2.226959e+01,2.230396e+01,2.233146e+01,2.225584e+01,2.228334e+01,2.231084e+01,2.235207e+01,2.236581e+01,2.226271e+01,2.237268e+01,2.227647e+01,2.236581e+01,2.231084e+01,2.233833e+01,2.221457e+01,2.237955e+01,2.231084e+01,2.226959e+01,2.231771e+01,2.224208e+01,2.226959e+01,2.226271e+01,2.231084e+01,2.219393e+01,2.227647e+01,2.222145e+01,2.215263e+01,2.231084e+01,2.214575e+01,2.209755e+01,2.225584e+01,2.215263e+01,2.221457e+01,2.213198e+01,2.215952e+01,2.213198e+01,2.208377e+01,2.210443e+01,2.211821e+01,2.218705e+01,2.223520e+01,2.220081e+01,2.212509e+01,2.215263e+01,2.211132e+01,2.205621e+01,2.206310e+01,2.213198e+01,2.206999e+01,2.211132e+01,2.205621e+01,2.199418e+01,2.211132e+01,2.209755e+01,2.209755e+01,2.198729e+01,2.195970e+01,2.205621e+01,2.207688e+01,2.194591e+01,2.208377e+01,2.202176e+01,2.200797e+01,2.202865e+01,2.193901e+01,2.193211e+01,2.188381e+01,2.194591e+01,2.185620e+01,2.193901e+01,2.191141e+01,2.195280e+01,2.193901e+01,2.185620e+01,2.189071e+01,2.189761e+01,2.190451e+01,2.184239e+01,2.189071e+01,2.196660e+01,2.190451e+01,2.163503e+01,2.157274e+01,2.157967e+01,2.162811e+01,2.163503e+01,2.174567e+01,2.169728e+01,2.164195e+01,2.162811e+01,2.169037e+01,2.193901e+01,2.171802e+01,2.164195e+01,2.166270e+01,2.171802e+01,2.171802e+01,2.171802e+01,2.155197e+01,2.157967e+01,2.158659e+01,2.148270e+01,2.153119e+01,2.160043e+01,2.160735e+01,2.150349e+01,2.148270e+01,2.142032e+01,2.158659e+01,2.146884e+01,2.148270e+01,2.139952e+01,2.143419e+01,2.148270e+01,2.148270e+01,2.150349e+01,2.151042e+01,2.144805e+01,2.163503e+01,2.151042e+01,2.150349e+01,2.148270e+01,2.148270e+01,2.148270e+01,2.152427e+01,2.139952e+01,2.153812e+01,2.153119e+01,2.148963e+01,2.157967e+01,2.147577e+01,2.146884e+01,2.147577e+01,2.146191e+01,2.140645e+01,2.135790e+01,2.149656e+01,2.144112e+01,2.143419e+01,2.158659e+01,2.133708e+01,2.135790e+01,2.132320e+01,2.127461e+01,2.118431e+01,2.117736e+01,2.123989e+01,2.101042e+01,2.109392e+01,2.120515e+01,2.114955e+01,2.126072e+01,2.131626e+01,2.142032e+01,2.132320e+01,2.132320e+01,2.135096e+01,2.151042e+01,2.154505e+01,2.146884e+01,2.139952e+01,2.157967e+01,2.155197e+01,2.143419e+01,2.144805e+01,2.161427e+01,2.148963e+01,2.152427e+01,2.137177e+01,2.134402e+01,2.132320e+01,2.133014e+01,2.127461e+01,2.125378e+01,2.126767e+01,2.129544e+01,2.126072e+01,2.121210e+01,2.120515e+01,2.119820e+01,2.122600e+01,2.130238e+01,2.136484e+01,2.133708e+01,2.137177e+01,2.143419e+01,2.151734e+01,2.243448e+01,2.488345e+01,2.730919e+01,2.849517e+01,2.830058e+01,2.800803e+01,2.739434e+01,2.695477e+01,2.645394e+01,2.571154e+01,2.516466e+01,2.450059e+01,2.396762e+01,2.339111e+01,2.283188e+01,2.215263e+01,2.177332e+01,2.147577e+01,2.135096e+01,2.134402e+01,2.142032e+01,2.138565e+01,2.147577e+01,2.141339e+01,2.142725e+01,2.147577e+01,2.157967e+01,2.144805e+01,2.147577e+01,2.155890e+01,2.157274e+01,2.151734e+01,2.152427e+01,2.151042e+01,2.160735e+01,2.135790e+01,2.157967e+01,2.139258e+01,2.152427e+01,2.158659e+01,2.162811e+01,2.169728e+01,2.165579e+01,2.166962e+01,2.165579e+01,2.160043e+01,2.156582e+01,2.160043e+01,2.155890e+01,2.162811e+01,2.164887e+01,2.163503e+01,2.178713e+01,2.162811e+01,2.163503e+01,2.150349e+01,2.156582e+01,2.154505e+01,2.156582e+01,2.151734e+01,2.157274e+01,2.146191e+01,2.144805e+01,2.141339e+01,2.139258e+01,2.139258e+01,2.148963e+01,2.138565e+01,2.143419e+01,2.149656e+01,2.148270e+01,2.143419e+01,2.146191e+01,2.139258e+01,2.134402e+01,2.105914e+01,2.091291e+01,2.092684e+01,2.093381e+01,2.090594e+01,2.088503e+01,2.089200e+01,2.085715e+01,2.083623e+01,2.087109e+01,2.080135e+01,2.082925e+01,2.078740e+01,2.075251e+01,2.080135e+01,2.074553e+01,2.073157e+01,2.071761e+01,2.071062e+01,2.071761e+01,2.073855e+01,2.078042e+01,2.082925e+01,2.081530e+01,2.089897e+01,2.086412e+01,2.074553e+01,2.086412e+01,2.081530e+01,2.082925e+01,2.091987e+01,2.091291e+01,2.085017e+01,2.089200e+01,2.090594e+01,2.084320e+01,2.083623e+01,2.089897e+01,2.085017e+01,2.081530e+01,2.098953e+01,2.086412e+01,2.096167e+01,2.094774e+01,2.083623e+01,2.085715e+01,2.087806e+01,2.089200e+01,2.089200e+01,2.091291e+01,2.090594e+01,2.089200e+01,2.090594e+01,2.091291e+01,2.094774e+01,2.094077e+01,2.092684e+01,2.094774e+01,2.095471e+01,2.096167e+01,2.097560e+01,2.096864e+01,2.089200e+01,2.080135e+01,2.085715e+01,2.094077e+01,2.094774e+01,2.093381e+01,2.091987e+01,2.089897e+01,2.089200e+01,2.091987e+01,2.091291e+01,2.089200e+01,2.089200e+01,2.097560e+01,2.096167e+01,2.098256e+01,2.095471e+01,2.096864e+01,2.096864e+01,2.093381e+01,2.108696e+01,2.098953e+01,2.098256e+01,2.095471e+01,2.096864e+01,2.096864e+01,2.096167e+01,2.095471e+01,2.096167e+01,2.098256e+01,2.105218e+01,2.100345e+01,2.099649e+01,2.113565e+01,2.113565e+01,2.099649e+01,2.114260e+01,2.116345e+01,2.119126e+01,2.108696e+01,2.117736e+01,2.117041e+01,2.105218e+01,2.112869e+01,2.103826e+01,2.105914e+01,2.103130e+01,2.103130e+01,2.096864e+01,2.108001e+01,2.114955e+01,2.104522e+01,2.105218e+01,2.100345e+01,2.102434e+01,2.095471e+01,2.082925e+01,2.089200e+01,2.081530e+01,2.077344e+01,2.078740e+01,2.075949e+01,2.084320e+01,2.072459e+01,2.068967e+01,2.067570e+01,2.069666e+01,2.078042e+01,2.072459e+01,2.073855e+01,2.073855e+01,2.080135e+01,2.090594e+01,2.089200e+01,2.089897e+01,2.089200e+01,2.088503e+01,2.095471e+01,2.094774e+01,2.096864e+01,2.095471e+01,2.104522e+01,2.103130e+01,2.100345e+01,2.097560e+01,2.114955e+01,2.105914e+01,2.110783e+01,2.102434e+01,2.102434e+01,2.094774e+01,2.109392e+01,2.103130e+01,2.099649e+01,2.100345e+01,2.099649e+01,2.103826e+01,2.109392e+01,2.109392e+01,2.108001e+01,2.113565e+01,2.098256e+01,2.114260e+01,2.114955e+01,2.121905e+01,2.120515e+01,2.128156e+01,2.120515e+01,2.129544e+01,2.122600e+01,2.133014e+01,2.127461e+01,2.128850e+01,2.139258e+01,2.135096e+01,2.138565e+01,2.149656e+01,2.146191e+01,2.173185e+01,2.179404e+01,2.233146e+01,2.272241e+01,2.355421e+01,2.410281e+01,2.476941e+01,2.509108e+01,2.541177e+01,2.575809e+01,2.592418e+01,2.603035e+01,2.612315e+01,2.613640e+01,2.612978e+01,2.605024e+01,2.601045e+01,2.575809e+01,2.553844e+01,2.553844e+01,2.502415e+01,2.478954e+01,2.450732e+01,2.416359e+01,2.381194e+01,2.341831e+01,2.313915e+01,2.290707e+01,2.282504e+01,2.256483e+01,2.235207e+01,2.219393e+01,2.206999e+01,2.195280e+01,2.208377e+01,2.190451e+01,2.189761e+01,2.182858e+01,2.184929e+01,2.182858e+01,2.184929e+01,2.178022e+01,2.184929e+01,2.173185e+01,2.156582e+01,2.153812e+01,2.154505e+01,2.156582e+01,2.153119e+01,2.164887e+01,2.151042e+01,2.162811e+01,2.156582e+01,2.160043e+01,2.165579e+01,2.154505e+01,2.162811e+01,2.157274e+01,2.157967e+01,2.152427e+01,2.154505e+01,2.147577e+01,2.164887e+01,2.146191e+01,2.147577e+01,2.164195e+01,2.166962e+01,2.155890e+01,2.157967e+01,2.166962e+01,2.170420e+01,2.178022e+01,2.189071e+01,2.189761e+01,2.202176e+01,2.191831e+01,2.209755e+01,2.209755e+01,2.221457e+01,2.200797e+01,2.218705e+01,2.221457e+01,2.223520e+01,2.224208e+01,2.232458e+01,2.228334e+01,2.226959e+01,2.213886e+01,2.221457e+01,2.230396e+01,2.226959e+01,2.226959e+01,2.226959e+01,2.227647e+01,2.234520e+01,2.231084e+01,2.246194e+01,2.219393e+01,2.222833e+01,2.236581e+01,2.235894e+01,2.240702e+01,2.226959e+01,2.235207e+01,2.248939e+01,2.229709e+01,2.232458e+01,2.231084e+01,2.237268e+01,2.231771e+01,2.234520e+01,2.241389e+01,2.228334e+01,2.233146e+01,2.232458e+01,2.244821e+01,2.238642e+01,2.235207e+01,2.230396e+01,2.228334e+01,2.244821e+01,2.236581e+01,2.242762e+01,2.239328e+01,2.244135e+01,2.234520e+01,2.241389e+01,2.237955e+01,2.232458e+01,2.235894e+01,2.231771e+01,2.231771e+01,2.236581e+01,2.232458e+01,2.236581e+01,2.239328e+01,2.242762e+01,2.245507e+01,2.230396e+01,2.244135e+01,2.242075e+01,2.228334e+01,2.229709e+01,2.240015e+01,2.229709e+01,2.235207e+01,2.240015e+01,2.229022e+01,2.242075e+01,2.238642e+01,2.240015e+01,2.233833e+01,2.241389e+01,2.227647e+01,2.234520e+01,2.228334e+01,2.237268e+01,2.234520e+01,2.226959e+01,2.231084e+01,2.236581e+01,2.241389e+01,2.240702e+01,2.238642e+01,2.248252e+01,2.255798e+01,2.231084e+01,2.250311e+01
2.213198e+01,2.218705e+01,2.213198e+01,2.213886e+01,2.202865e+01,2.206310e+01,2.206999e+01,2.202865e+01,2.200797e+01,2.185620e+01,2.185620e+01,2.193901e+01,2.194591e+01,2.206310e+01,2.202865e+01,2.194591e+01,2.193901e+01,2.208377e+01,2.191141e+01,2.213198e+01,2.200107e+01,2.215263e+01,2.200107e+01,2.216640e+01,2.228334e+01,2.216640e+01,2.220769e+01,2.220081e+01,2.218016e+01,2.229022e+01,2.219393e+01,2.229022e+01,2.221457e+01,2.231771e+01,2.236581e+01,2.237955e+01,2.236581e+01,2.234520e+01,2.238642e+01,2.238642e+01,2.239328e+01,2.240015e+01,2.227647e+01,2.220769e+01,2.236581e+01,2.226959e+01,2.219393e+01,2.235894e+01,2.231771e+01,2.243448e+01,2.219393e+01,2.220769e+01,2.220769e+01,2.222145e+01,2.218016e+01,2.219393e+01,2.215952e+01,2.229022e+01,2.215263e+01,2.209066e+01,2.231084e+01,2.211821e+01,2.211821e+01,2.215263e+01,2.223520e+01,2.215952e+01,2.220081e+01,2.211821e+01,2.212509e+01,2.216640e+01,2.211821e+01,2.209755e+01,2.210443e+01,2.209755e+01,2.213886e+01,2.210443e+01,2.209066e+01,2.218016e+01,2.190451e+01,2.195970e+01,2.196660e+01,2.206999e+01,2.203554e+01,2.205621e+01,2.198039e+01,2.203554e+01,2.204243e+01,2.204243e+01,2.199418e+01,2.206310e+01,2.201486e+01,2.204932e+01,2.202176e+01,2.204243e+01,2.197349e+01,2.194591e+01,2.201486e+01,2.196660e+01,2.190451e+01,2.194591e+01,2.195280e+01,2.185620e+01,2.191141e+01,2.195970e+01,2.183548e+01,2.185620e+01,2.189071e+01,2.183548e+01,2.187691e+01,2.186310e+01,2.175949e+01,2.169037e+01,2.163503e+01,2.160043e+01,2.156582e+01,2.172494e+01,2.153812e+01,2.167654e+01,2.165579e+01,2.160735e+01,2.164887e+01,2.164887e+01,2.170420e+01,2.169728e+01,2.164195e+01,2.153812e+01,2.155197e+01,2.160043e+01,2.145498e+01,2.157274e+01,2.157967e+01,2.153812e+01,2.134402e+01,2.153119e+01,2.151734e+01,2.144112e+01,2.152427e+01,2.144805e+01,2.142725e+01,2.147577e+01,2.155197e+01,2.151042e+01,2.137177e+01,2.144112e+01,2.144805e+01,2.146884e+01,2.139258e+01,2.147577e+01,2.143419e+01,2.148963e+01,2.148963e+01,2.147577e+01,2.135790e+01,2.146191e+01,2.148270e+01,2.132320e+01,2.134402e+01,2.152427e+01,2.153119e+01,2.154505e+01,2.142725e+01,2.149656e+01,2.144112e+01,2.135790e+01,2.142032e+01,2.150349e+01,2.143419e+01,2.142032e+01,2.144112e+01,2.142032e+01,2.135790e+01,2.114955e+01,2.105218e+01,2.125378e+01,2.114955e+01,2.122600e+01,2.117041e+01,2.091291e+01,2.107305e+01,2.114260e+01,2.105914e+01,2.112869e+01,2.116345e+01,2.132320e+01,2.135790e+01,2.133708e+01,2.135096e+01,2.137177e+01,2.149656e+01,2.138565e+01,2.152427e+01,2.146191e+01,2.148270e+01,2.150349e+01,2.161427e+01,2.145498e+01,2.153812e+01,2.144112e+01,2.132320e+01,2.133708e+01,2.137177e+01,2.132320e+01,2.124683e+01,2.128850e+01,2.124683e+01,2.119820e+01,2.117736e+01,2.117736e+01,2.116345e+01,2.117736e+01,2.135790e+01,2.120515e+01,2.127461e+01,2.136484e+01,2.142032e+01,2.133708e+01,2.190451e+01,2.348629e+01,2.602371e+01,2.795594e+01,2.855349e+01,2.837197e+01,2.796896e+01,2.738124e+01,2.683636e+01,2.645394e+01,2.573149e+01,2.506431e+01,2.448040e+01,2.396086e+01,2.330946e+01,2.274294e+01,2.209755e+01,2.177332e+01,2.147577e+01,2.134402e+01,2.148270e+01,2.135790e+01,2.135096e+01,2.139258e+01,2.135096e+01,2.146884e+01,2.138565e+01,2.135096e+01,2.142725e+01,2.155890e+01,2.152427e+01,2.151734e+01,2.158659e+01,2.147577e+01,2.158659e+01,2.152427e+01,2.141339e+01,2.147577e+01,2.151734e+01,2.153119e+01,2.155197e+01,2.153119e+01,2.154505e+01,2.171802e+01,2.153119e+01,2.152427e+01,2.159351e+01,2.157274e+01,2.157967e+01,2.162811e+01,2.163503e+01,2.151734e+01,2.162119e+01,2.166270e+01,2.160043e+01,2.155890e+01,2.151734e+01,2.160043e+01,2.145498e+01,2.150349e+01,2.151734e+01,2.142032e+01,2.153119e+01,2.148270e+01,2.155890e+01,2.138565e+01,2.148270e+01,2.151734e+01,2.142032e+01,2.137871e+01,2.146191e+01,2.146191e+01,2.144112e+01,2.123989e+01,2.146884e+01,2.131626e+01,2.119820e+01,2.107305e+01,2.107305e+01,2.088503e+01,2.089897e+01,2.094774e+01,2.082925e+01,2.087109e+01,2.085017e+01,2.076647e+01,2.084320e+01,2.084320e+01,2.082228e+01,2.083623e+01,2.076647e+01,2.072459e+01,2.082228e+01,2.073855e+01,2.071761e+01,2.075251e+01,2.073157e+01,2.073855e+01,2.078740e+01,2.088503e+01,2.078042e+01,2.075949e+01,2.086412e+01,2.078740e+01,2.084320e+01,2.082228e+01,2.079438e+01,2.090594e+01,2.087109e+01,2.085017e+01,2.073855e+01,2.077344e+01,2.087109e+01,2.087109e+01,2.083623e+01,2.085715e+01,2.078042e+01,2.091291e+01,2.082228e+01,2.081530e+01,2.087806e+01,2.085017e+01,2.087109e+01,2.090594e+01,2.090594e+01,2.089897e+01,2.090594e+01,2.087806e+01,2.082228e+01,2.084320e+01,2.090594e+01,2.090594e+01,2.091987e+01,2.094077e+01,2.098256e+01,2.096864e+01,2.086412e+01,2.096167e+01,2.087806e+01,2.083623e+01,2.091987e+01,2.089897e+01,2.083623e+01,2.087109e+01,2.089897e+01,2.093381e+01,2.091291e+01,2.086412e+01,2.096864e+01,2.089897e+01,2.088503e+01,2.089897e+01,2.091291e+01,2.096864e+01,2.091291e+01,2.106609e+01,2.097560e+01,2.093381e+01,2.097560e+01,2.103130e+01,2.103826e+01,2.097560e+01,2.106609e+01,2.092684e+01,2.091987e+01,2.105218e+01,2.096864e+01,2.101738e+01,2.099649e+01,2.103826e+01,2.112869e+01,2.110088e+01,2.109392e+01,2.103826e+01,2.107305e+01,2.113565e+01,2.116345e+01,2.110783e+01,2.109392e+01,2.106609e+01,2.107305e+01,2.112174e+01,2.106609e+01,2.119820e+01,2.104522e+01,2.098953e+01,2.102434e+01,2.113565e+01,2.095471e+01,2.106609e+01,2.107305e+01,2.102434e+01,2.101042e+01,2.089897e+01,2.095471e+01,2.094774e+01,2.084320e+01,2.087806e+01,2.075251e+01,2.075251e+01,2.078740e+01,2.072459e+01,2.068269e+01,2.069666e+01,2.075949e+01,2.069666e+01,2.078740e+01,2.080135e+01,2.075251e+01,2.087806e+01,2.085715e+01,2.087109e+01,2.086412e+01,2.083623e+01,2.096167e+01,2.092684e+01,2.094774e+01,2.103130e+01,2.104522e+01,2.091987e+01,2.094077e+01,2.098953e+01,2.102434e+01,2.102434e+01,2.107305e+01,2.103130e+01,2.104522e+01,2.100345e+01,2.099649e+01,2.101042e+01,2.100345e+01,2.104522e+01,2.104522e+01,2.101738e+01,2.103826e+01,2.106609e+01,2.113565e+01,2.105218e+01,2.110088e+01,2.109392e+01,2.103130e+01,2.117041e+01,2.117736e+01,2.117736e+01,2.118431e+01,2.117736e+01,2.131626e+01,2.127461e+01,2.126072e+01,2.133708e+01,2.126767e+01,2.135790e+01,2.105218e+01,2.144112e+01,2.142725e+01,2.143419e+01,2.151042e+01,2.178713e+01,2.231084e+01,2.281820e+01,2.350667e+01,2.414333e+01,2.457458e+01,2.499736e+01,2.539843e+01,2.575809e+01,2.599055e+01,2.603698e+01,2.615628e+01,2.618277e+01,2.610990e+01,2.603035e+01,2.601045e+01,2.597728e+01,2.567162e+01,2.571154e+01,2.531834e+01,2.505762e+01,2.450059e+01,2.416359e+01,2.383226e+01,2.349988e+01,2.322775e+01,2.301635e+01,2.288657e+01,2.264022e+01,2.259225e+01,2.223520e+01,2.210443e+01,2.214575e+01,2.189071e+01,2.187691e+01,2.188381e+01,2.182167e+01,2.178713e+01,2.176641e+01,2.173185e+01,2.176641e+01,2.166962e+01,2.171802e+01,2.162119e+01,2.154505e+01,2.166962e+01,2.155890e+01,2.154505e+01,2.155890e+01,2.160735e+01,2.157967e+01,2.166270e+01,2.155890e+01,2.148963e+01,2.155890e+01,2.164887e+01,2.157274e+01,2.156582e+01,2.164195e+01,2.151734e+01,2.160043e+01,2.150349e+01,2.161427e+01,2.164195e+01,2.157274e+01,2.148963e+01,2.154505e+01,2.169037e+01,2.167654e+01,2.170420e+01,2.174567e+01,2.180095e+01,2.184239e+01,2.198729e+01,2.208377e+01,2.195970e+01,2.191831e+01,2.206999e+01,2.218016e+01,2.223520e+01,2.222145e+01,2.220769e+01,2.231084e+01,2.240702e+01,2.217328e+01,2.235894e+01,2.233833e+01,2.229022e+01,2.233146e+01,2.228334e+01,2.232458e+01,2.226959e+01,2.227647e+01,2.230396e+01,2.232458e+01,2.250311e+01,2.229709e+01,2.220081e+01,2.224896e+01,2.224208e+01,2.223520e+01,2.233146e+01,2.222145e+01,2.229022e+01,2.226271e+01,2.229022e+01,2.232458e+01,2.234520e+01,2.231771e+01,2.233833e+01,2.245507e+01,2.233146e+01,2.232458e+01,2.225584e+01,2.240015e+01,2.231771e+01,2.238642e+01,2.238642e+01,2.237955e+01,2.239328e+01,2.240702e+01,2.233833e+01,2.240015e+01,2.231084e+01,2.236581e+01,2.234520e+01,2.246194e+01,2.237268e+01,2.228334e+01,2.233833e+01,2.241389e+01,2.233833e+01,2.243448e+01,2.236581e+01,2.233833e+01,2.229709e+01,2.246194e+01,2.246880e+01,2.243448e+01,2.241389e+01,2.238642e+01,2.238642e+01,2.235207e+01,2.233146e+01,2.235207e+01,2.237955e+01,2.235207e+01,2.237955e+01,2.227647e+01,2.241389e+01,2.234520e+01,2.240702e+01,2.237955e+01,2.234520e+01,2.250311e+01,2.240015e+01,2.231771e+01,2.235894e+01,2.233833e+01,2.233833e+01,2.241389e+01,2.235894e+01,2.233833e+01,2.248252e+01,2.260596e+01,2.248939e+01,2.256483e+01
2.214575e+01,2.214575e+01,2.213198e+01,2.211132e+01,2.202176e+01,2.204243e+01,2.206999e+01,2.200797e+01,2.204243e+01,2.205621e+01,2.201486e+01,2.191141e+01,2.200797e+01,2.191141e+01,2.205621e+01,2.203554e+01,2.178022e+01,2.213198e+01,2.189071e+01,2.191831e+01,2.188381e+01,2.199418e+01,2.208377e+01,2.217328e+01,2.196660e+01,2.221457e+01,2.219393e+01,2.221457e+01,2.215952e+01,2.220081e+01,2.220081e+01,2.231771e+01,2.231771e+01,2.240702e+01,2.235894e+01,2.236581e+01,2.235207e+01,2.228334e+01,2.237955e+01,2.226959e+01,2.226271e+01,2.228334e+01,2.224208e+01,2.223520e+01,2.231771e+01,2.239328e+01,2.220081e+01,2.222145e+01,2.233146e+01,2.220081e+01,2.223520e+01,2.222145e+01,2.218705e+01,2.221457e+01,2.222145e+01,2.221457e+01,2.222145e+01,2.224208e+01,2.218705e+01,2.209755e+01,2.213198e+01,2.230396e+01,2.209066e+01,2.214575e+01,2.203554e+01,2.210443e+01,2.211132e+01,2.210443e+01,2.213886e+01,2.215952e+01,2.218016e+01,2.213886e+01,2.207688e+01,2.198729e+01,2.211821e+01,2.211821e+01,2.193901e+01,2.205621e+01,2.205621e+01,2.209755e+01,2.207688e+01,2.200797e+01,2.197349e+01,2.195970e+01,2.204932e+01,2.200107e+01,2.202176e+01,2.191141e+01,2.204243e+01,2.190451e+01,2.205621e+01,2.198729e+01,2.189071e+01,2.193211e+01,2.193901e+01,2.200797e+01,2.193211e+01,2.193211e+01,2.184239e+01,2.187000e+01,2.184929e+01,2.191141e+01,2.184929e+01,2.184929e+01,2.178713e+01,2.190451e+01,2.182167e+01,2.193901e+01,2.182858e+01,2.180095e+01,2.173876e+01,2.157274e+01,2.151734e+01,2.152427e+01,2.162811e+01,2.153812e+01,2.162119e+01,2.169037e+01,2.161427e+01,2.157274e+01,2.162811e+01,2.160043e+01,2.162811e+01,2.161427e+01,2.162119e+01,2.169037e+01,2.155890e+01,2.153119e+01,2.156582e+01,2.160043e+01,2.151734e+01,2.161427e+01,2.135096e+01,2.149656e+01,2.151734e+01,2.155890e+01,2.150349e+01,2.142725e+01,2.151042e+01,2.139258e+01,2.151042e+01,2.154505e+01,2.141339e+01,2.135790e+01,2.144112e+01,2.142725e+01,2.151734e+01,2.142725e+01,2.144112e+01,2.150349e+01,2.144805e+01,2.146884e+01,2.146884e+01,2.139952e+01,2.149656e+01,2.144805e+01,2.142032e+01,2.136484e+01,2.153119e+01,2.154505e+01,2.155890e+01,2.137177e+01,2.141339e+01,2.142725e+01,2.139952e+01,2.141339e+01,2.126767e+01,2.141339e+01,2.121210e+01,2.119126e+01,2.123294e+01,2.102434e+01,2.104522e+01,2.101738e+01,2.099649e+01,2.114260e+01,2.101738e+01,2.101738e+01,2.095471e+01,2.100345e+01,2.094774e+01,2.112174e+01,2.114955e+01,2.113565e+01,2.142032e+01,2.138565e+01,2.130238e+01,2.139258e+01,2.148270e+01,2.143419e+01,2.144112e+01,2.139952e+01,2.148963e+01,2.143419e+01,2.142725e+01,2.144112e+01,2.139258e+01,2.139952e+01,2.153812e+01,2.139952e+01,2.136484e+01,2.135096e+01,2.127461e+01,2.136484e+01,2.123989e+01,2.126767e+01,2.118431e+01,2.126767e+01,2.119126e+01,2.130238e+01,2.134402e+01,2.117736e+01,2.124683e+01,2.137177e+01,2.135096e+01,2.137177e+01,2.241389e+01,2.450059e+01,2.694162e+01,2.852757e+01,2.876056e+01,2.841089e+01,2.805359e+01,2.753828e+01,2.703363e+01,2.633497e+01,2.572484e+01,2.515129e+01,2.458131e+01,2.371706e+01,2.304365e+01,2.257854e+01,2.208377e+01,2.178022e+01,2.144805e+01,2.134402e+01,2.144805e+01,2.131626e+01,2.132320e+01,2.135096e+01,2.136484e+01,2.138565e+01,2.148270e+01,2.158659e+01,2.135790e+01,2.146884e+01,2.136484e+01,2.157967e+01,2.138565e+01,2.146884e+01,2.154505e+01,2.140645e+01,2.144112e+01,2.154505e+01,2.139258e+01,2.145498e+01,2.145498e+01,2.158659e+01,2.153119e+01,2.153812e+01,2.166962e+01,2.152427e+01,2.164195e+01,2.160043e+01,2.159351e+01,2.160043e+01,2.149656e+01,2.158659e+01,2.166962e+01,2.157967e+01,2.164887e+01,2.160735e+01,2.148963e+01,2.160735e+01,2.149656e+01,2.153812e+01,2.145498e+01,2.149656e+01,2.153119e+01,2.150349e+01,2.148270e+01,2.144112e+01,2.146884e+01,2.150349e+01,2.139258e+01,2.139952e+01,2.139952e+01,2.144805e+01,2.135096e+01,2.139258e+01,2.139258e+01,2.121905e+01,2.135096e+01,2.117041e+01,2.098256e+01,2.099649e+01,2.096864e+01,2.096864e+01,2.082925e+01,2.080833e+01,2.086412e+01,2.084320e+01,2.083623e+01,2.077344e+01,2.080135e+01,2.082925e+01,2.075251e+01,2.071761e+01,2.078740e+01,2.073855e+01,2.066174e+01,2.073157e+01,2.066174e+01,2.072459e+01,2.078042e+01,2.075251e+01,2.078740e+01,2.080135e+01,2.085715e+01,2.080833e+01,2.076647e+01,2.079438e+01,2.079438e+01,2.082228e+01,2.086412e+01,2.084320e+01,2.085017e+01,2.079438e+01,2.080135e+01,2.078740e+01,2.080135e+01,2.085017e+01,2.097560e+01,2.078740e+01,2.085715e+01,2.070364e+01,2.089897e+01,2.084320e+01,2.082925e+01,2.091291e+01,2.091291e+01,2.089897e+01,2.093381e+01,2.089200e+01,2.088503e+01,2.088503e+01,2.091987e+01,2.089200e+01,2.095471e+01,2.082925e+01,2.093381e+01,2.084320e+01,2.093381e+01,2.096167e+01,2.085715e+01,2.080833e+01,2.089897e+01,2.085017e+01,2.080833e+01,2.085017e+01,2.088503e+01,2.087806e+01,2.090594e+01,2.089897e+01,2.091291e+01,2.089897e+01,2.090594e+01,2.089897e+01,2.090594e+01,2.108696e+01,2.094774e+01,2.091987e+01,2.093381e+01,2.093381e+01,2.094774e+01,2.096864e+01,2.096864e+01,2.096864e+01,2.097560e+01,2.096864e+01,2.109392e+01,2.090594e+01,2.089897e+01,2.102434e+01,2.098256e+01,2.098256e+01,2.098256e+01,2.100345e+01,2.107305e+01,2.106609e+01,2.097560e+01,2.115650e+01,2.114955e+01,2.112869e+01,2.113565e+01,2.115650e+01,2.114955e+01,2.112869e+01,2.109392e+01,2.112869e+01,2.103826e+01,2.104522e+01,2.111479e+01,2.112174e+01,2.101042e+01,2.116345e+01,2.105914e+01,2.114260e+01,2.103130e+01,2.087109e+01,2.094774e+01,2.095471e+01,2.080833e+01,2.070364e+01,2.075251e+01,2.085017e+01,2.071761e+01,2.083623e+01,2.073855e+01,2.080833e+01,2.075251e+01,2.078042e+01,2.073855e+01,2.075251e+01,2.073855e+01,2.085715e+01,2.089897e+01,2.085715e+01,2.092684e+01,2.091987e+01,2.097560e+01,2.098953e+01,2.096864e+01,2.096864e+01,2.095471e+01,2.102434e+01,2.098953e+01,2.096864e+01,2.104522e+01,2.111479e+01,2.101042e+01,2.101042e+01,2.105914e+01,2.111479e+01,2.108001e+01,2.113565e+01,2.111479e+01,2.108001e+01,2.097560e+01,2.104522e+01,2.105218e+01,2.102434e+01,2.103826e+01,2.114955e+01,2.102434e+01,2.111479e+01,2.104522e+01,2.114260e+01,2.102434e+01,2.116345e+01,2.122600e+01,2.123989e+01,2.128850e+01,2.131626e+01,2.130238e+01,2.133014e+01,2.126072e+01,2.138565e+01,2.136484e+01,2.133708e+01,2.144112e+01,2.138565e+01,2.150349e+01,2.199418e+01,2.208377e+01,2.268132e+01,2.330265e+01,2.383903e+01,2.456113e+01,2.505762e+01,2.540510e+01,2.575809e+01,2.599718e+01,2.601045e+01,2.615628e+01,2.614965e+01,2.607676e+01,2.614965e+01,2.609664e+01,2.601708e+01,2.587106e+01,2.553178e+01,2.549846e+01,2.506431e+01,2.474256e+01,2.446694e+01,2.415683e+01,2.360174e+01,2.339111e+01,2.300270e+01,2.294123e+01,2.264022e+01,2.254426e+01,2.232458e+01,2.220769e+01,2.217328e+01,2.193901e+01,2.189071e+01,2.187691e+01,2.191831e+01,2.184239e+01,2.170420e+01,2.181476e+01,2.182167e+01,2.177332e+01,2.171111e+01,2.167654e+01,2.155890e+01,2.164195e+01,2.157274e+01,2.162119e+01,2.157274e+01,2.151734e+01,2.151734e+01,2.151734e+01,2.146884e+01,2.172494e+01,2.159351e+01,2.163503e+01,2.153812e+01,2.156582e+01,2.152427e+01,2.151042e+01,2.154505e+01,2.148963e+01,2.154505e+01,2.161427e+01,2.159351e+01,2.164887e+01,2.150349e+01,2.169037e+01,2.167654e+01,2.173876e+01,2.189761e+01,2.182858e+01,2.189071e+01,2.190451e+01,2.188381e+01,2.191141e+01,2.204243e+01,2.219393e+01,2.220769e+01,2.207688e+01,2.218016e+01,2.222833e+01,2.230396e+01,2.225584e+01,2.227647e+01,2.221457e+01,2.222833e+01,2.235894e+01,2.223520e+01,2.226959e+01,2.224896e+01,2.233146e+01,2.238642e+01,2.231771e+01,2.231084e+01,2.241389e+01,2.231084e+01,2.222833e+01,2.235894e+01,2.231771e+01,2.234520e+01,2.229022e+01,2.239328e+01,2.231771e+01,2.227647e+01,2.229022e+01,2.235894e+01,2.226271e+01,2.224896e+01,2.229709e+01,2.235207e+01,2.226959e+01,2.234520e+01,2.238642e+01,2.229709e+01,2.234520e+01,2.230396e+01,2.237268e+01,2.234520e+01,2.231771e+01,2.232458e+01,2.237268e+01,2.233833e+01,2.240015e+01,2.232458e+01,2.233833e+01,2.235894e+01,2.249625e+01,2.235894e+01,2.237268e+01,2.233833e+01,2.225584e+01,2.225584e+01,2.226271e+01,2.249625e+01,2.229022e+01,2.225584e+01,2.242075e+01,2.229022e+01,2.235207e+01,2.236581e+01,2.230396e+01,2.237268e+01,2.225584e+01,2.251683e+01,2.244135e+01,2.242075e+01,2.236581e+01,2.250997e+01,2.251683e+01,2.231771e+01,2.233833e+01,2.246194e+01,2.248939e+01,2.233146e+01,2.237268e+01,2.233833e+01,2.241389e+01,2.240015e+01,2.246880e+01,2.244821e+01,2.244821e+01,2.244821e+01,2.250311e+01,2.231771e+01,2.247566e+01,2.254426e+01
2.213886e+01,2.218705e+01,2.217328e+01,2.215952e+01,2.216640e+01,2.215952e+01,2.213886e+01,2.220769e+01,2.196660e+01,2.200107e+01,2.200797e+01,2.206310e+01,2.202176e+01,2.198039e+01,2.205621e+01,2.190451e+01,2.190451e+01,2.201486e+01,2.189071e+01,2.190451e+01,2.201486e+01,2.194591e+01,2.217328e+01,2.216640e+01,2.219393e+01,2.226271e+01,2.221457e+01,2.220081e+01,2.220769e+01,2.214575e+01,2.226959e+01,2.240015e+01,2.224208e+01,2.236581e+01,2.224896e+01,2.236581e+01,2.237955e+01,2.237268e+01,2.234520e+01,2.226959e+01,2.236581e+01,2.233833e+01,2.222833e+01,2.221457e+01,2.221457e+01,2.224208e+01,2.231771e+01,2.229022e+01,2.242075e+01,2.229022e+01,2.226959e+01,2.226959e+01,2.217328e+01,2.237268e+01,2.218705e+01,2.222833e+01,2.229709e+01,2.225584e+01,2.226959e+01,2.214575e+01,2.223520e+01,2.205621e+01,2.199418e+01,2.205621e+01,2.215263e+01,2.213198e+01,2.214575e+01,2.217328e+01,2.213198e+01,2.214575e+01,2.223520e+01,2.211821e+01,2.213886e+01,2.200107e+01,2.209066e+01,2.204243e+01,2.209755e+01,2.218016e+01,2.206310e+01,2.209755e+01,2.204243e+01,2.209066e+01,2.203554e+01,2.200797e+01,2.203554e+01,2.199418e+01,2.198039e+01,2.207688e+01,2.195280e+01,2.191831e+01,2.194591e+01,2.199418e+01,2.197349e+01,2.195970e+01,2.199418e+01,2.188381e+01,2.188381e+01,2.192521e+01,2.182167e+01,2.195280e+01,2.186310e+01,2.196660e+01,2.186310e+01,2.187000e+01,2.189761e+01,2.192521e+01,2.185620e+01,2.187691e+01,2.183548e+01,2.191831e+01,2.164887e+01,2.155197e+01,2.148963e+01,2.162811e+01,2.157274e+01,2.162119e+01,2.161427e+01,2.161427e+01,2.161427e+01,2.170420e+01,2.164195e+01,2.166962e+01,2.151734e+01,2.158659e+01,2.158659e+01,2.147577e+01,2.149656e+01,2.151042e+01,2.160735e+01,2.142032e+01,2.137871e+01,2.162811e+01,2.150349e+01,2.151734e+01,2.146884e+01,2.139258e+01,2.152427e+01,2.145498e+01,2.139952e+01,2.148963e+01,2.137177e+01,2.137871e+01,2.131626e+01,2.157967e+01,2.128850e+01,2.131626e+01,2.133014e+01,2.144805e+01,2.148963e+01,2.149656e+01,2.146884e+01,2.145498e+01,2.137871e+01,2.149656e+01,2.150349e+01,2.143419e+01,2.142032e+01,2.149656e+01,2.142032e+01,2.135790e+01,2.140645e+01,2.142032e+01,2.142032e+01,2.124683e+01,2.130238e+01,2.119820e+01,2.133708e+01,2.120515e+01,2.119820e+01,2.113565e+01,2.115650e+01,2.101738e+01,2.099649e+01,2.079438e+01,2.083623e+01,2.098953e+01,2.102434e+01,2.091291e+01,2.096167e+01,2.090594e+01,2.114955e+01,2.110088e+01,2.096864e+01,2.108696e+01,2.120515e+01,2.125378e+01,2.142032e+01,2.134402e+01,2.146191e+01,2.135790e+01,2.146884e+01,2.138565e+01,2.145498e+01,2.142032e+01,2.140645e+01,2.146191e+01,2.148963e+01,2.135790e+01,2.138565e+01,2.132320e+01,2.133708e+01,2.129544e+01,2.137871e+01,2.135790e+01,2.126767e+01,2.145498e+01,2.123294e+01,2.120515e+01,2.119820e+01,2.116345e+01,2.117041e+01,2.132320e+01,2.137871e+01,2.126767e+01,2.131626e+01,2.177332e+01,2.303683e+01,2.572484e+01,2.787123e+01,2.877348e+01,2.879934e+01,2.841738e+01,2.809263e+01,2.740743e+01,2.702049e+01,2.633497e+01,2.562503e+01,2.513122e+01,2.455441e+01,2.371028e+01,2.300270e+01,2.238642e+01,2.180786e+01,2.174567e+01,2.135096e+01,2.135096e+01,2.137871e+01,2.134402e+01,2.136484e+01,2.135096e+01,2.142032e+01,2.140645e+01,2.146191e+01,2.137871e+01,2.151734e+01,2.148270e+01,2.140645e+01,2.142032e+01,2.148270e+01,2.148963e+01,2.133708e+01,2.149656e+01,2.147577e+01,2.141339e+01,2.143419e+01,2.154505e+01,2.151042e+01,2.154505e+01,2.151734e+01,2.151042e+01,2.152427e+01,2.151042e+01,2.146884e+01,2.155890e+01,2.161427e+01,2.162811e+01,2.168345e+01,2.149656e+01,2.157274e+01,2.161427e+01,2.159351e+01,2.160735e+01,2.158659e+01,2.155197e+01,2.147577e+01,2.157967e+01,2.156582e+01,2.150349e+01,2.151042e+01,2.148963e+01,2.149656e+01,2.141339e+01,2.153812e+01,2.146191e+01,2.139258e+01,2.147577e+01,2.148963e+01,2.142725e+01,2.144805e+01,2.139952e+01,2.140645e+01,2.128850e+01,2.133014e+01,2.123989e+01,2.104522e+01,2.093381e+01,2.091987e+01,2.100345e+01,2.093381e+01,2.084320e+01,2.081530e+01,2.076647e+01,2.075949e+01,2.078740e+01,2.075949e+01,2.066872e+01,2.071761e+01,2.058486e+01,2.068967e+01,2.065475e+01,2.076647e+01,2.068967e+01,2.069666e+01,2.068269e+01,2.075251e+01,2.068967e+01,2.089200e+01,2.095471e+01,2.085017e+01,2.064078e+01,2.078042e+01,2.080833e+01,2.075949e+01,2.073157e+01,2.073855e+01,2.071062e+01,2.075251e+01,2.080135e+01,2.068967e+01,2.072459e+01,2.075949e+01,2.067570e+01,2.079438e+01,2.082925e+01,2.081530e+01,2.082925e+01,2.087806e+01,2.089200e+01,2.085017e+01,2.085017e+01,2.091987e+01,2.093381e+01,2.094077e+01,2.096864e+01,2.090594e+01,2.086412e+01,2.088503e+01,2.089200e+01,2.091987e+01,2.091987e+01,2.091987e+01,2.099649e+01,2.089200e+01,2.089200e+01,2.080833e+01,2.102434e+01,2.087109e+01,2.089897e+01,2.086412e+01,2.086412e+01,2.089200e+01,2.088503e+01,2.085017e+01,2.090594e+01,2.089897e+01,2.087806e+01,2.093381e+01,2.094774e+01,2.088503e+01,2.087806e+01,2.096864e+01,2.093381e+01,2.092684e+01,2.096864e+01,2.093381e+01,2.099649e+01,2.095471e+01,2.082228e+01,2.098953e+01,2.097560e+01,2.099649e+01,2.085017e+01,2.098256e+01,2.093381e+01,2.100345e+01,2.098256e+01,2.100345e+01,2.096864e+01,2.113565e+01,2.117041e+01,2.098953e+01,2.116345e+01,2.121210e+01,2.118431e+01,2.119820e+01,2.113565e+01,2.109392e+01,2.116345e+01,2.120515e+01,2.119820e+01,2.118431e+01,2.117736e+01,2.117736e+01,2.118431e+01,2.109392e+01,2.116345e+01,2.103826e+01,2.105218e+01,2.100345e+01,2.076647e+01,2.101738e+01,2.075949e+01,2.090594e+01,2.077344e+01,2.079438e+01,2.084320e+01,2.078042e+01,2.071761e+01,2.082925e+01,2.071062e+01,2.078042e+01,2.059185e+01,2.072459e+01,2.075251e+01,2.082228e+01,2.089897e+01,2.085017e+01,2.091987e+01,2.094077e+01,2.097560e+01,2.098953e+01,2.101738e+01,2.101738e+01,2.101042e+01,2.098953e+01,2.105218e+01,2.104522e+01,2.105218e+01,2.103130e+01,2.112174e+01,2.108696e+01,2.105218e+01,2.106609e+01,2.109392e+01,2.098256e+01,2.112174e+01,2.103826e+01,2.110783e+01,2.108696e+01,2.104522e+01,2.116345e+01,2.109392e+01,2.108001e+01,2.104522e+01,2.111479e+01,2.099649e+01,2.108696e+01,2.115650e+01,2.109392e+01,2.110088e+01,2.123294e+01,2.127461e+01,2.132320e+01,2.135096e+01,2.132320e+01,2.137177e+01,2.130932e+01,2.136484e+01,2.131626e+01,2.140645e+01,2.139258e+01,2.142032e+01,2.166962e+01,2.169037e+01,2.211821e+01,2.272241e+01,2.311869e+01,2.394057e+01,2.456786e+01,2.492367e+01,2.542512e+01,2.574479e+01,2.601045e+01,2.599718e+01,2.620263e+01,2.607676e+01,2.612315e+01,2.614303e+01,2.605687e+01,2.598391e+01,2.585778e+01,2.597064e+01,2.535839e+01,2.516466e+01,2.485663e+01,2.458803e+01,2.444674e+01,2.383226e+01,2.362210e+01,2.341151e+01,2.298904e+01,2.296856e+01,2.264022e+01,2.229709e+01,2.224208e+01,2.208377e+01,2.205621e+01,2.189761e+01,2.202865e+01,2.191141e+01,2.185620e+01,2.188381e+01,2.177332e+01,2.171111e+01,2.172494e+01,2.154505e+01,2.161427e+01,2.164195e+01,2.166962e+01,2.165579e+01,2.163503e+01,2.162811e+01,2.155890e+01,2.152427e+01,2.155197e+01,2.152427e+01,2.163503e+01,2.151734e+01,2.170420e+01,2.155890e+01,2.178713e+01,2.155197e+01,2.158659e+01,2.149656e+01,2.157967e+01,2.156582e+01,2.147577e+01,2.155197e+01,2.166962e+01,2.161427e+01,2.167654e+01,2.169728e+01,2.179404e+01,2.169728e+01,2.186310e+01,2.191141e+01,2.190451e+01,2.192521e+01,2.191831e+01,2.193901e+01,2.198729e+01,2.200107e+01,2.213886e+01,2.220081e+01,2.229022e+01,2.220081e+01,2.227647e+01,2.233146e+01,2.231771e+01,2.228334e+01,2.226959e+01,2.227647e+01,2.224208e+01,2.226271e+01,2.224896e+01,2.237268e+01,2.229022e+01,2.224896e+01,2.240702e+01,2.218705e+01,2.223520e+01,2.241389e+01,2.222833e+01,2.229022e+01,2.229709e+01,2.231771e+01,2.229709e+01,2.234520e+01,2.225584e+01,2.224208e+01,2.232458e+01,2.231084e+01,2.241389e+01,2.223520e+01,2.232458e+01,2.233833e+01,2.242762e+01,2.227647e+01,2.243448e+01,2.233833e+01,2.224896e+01,2.235894e+01,2.246880e+01,2.239328e+01,2.237268e+01,2.241389e+01,2.241389e+01,2.238642e+01,2.240015e+01,2.239328e+01,2.242762e+01,2.235894e+01,2.234520e+01,2.238642e+01,2.226271e+01,2.236581e+01,2.228334e+01,2.231771e+01,2.242762e+01,2.228334e+01,2.231084e+01,2.240015e+01,2.244821e+01,2.229022e+01,2.235207e+01,2.247566e+01,2.232458e+01,2.235894e+01,2.242075e+01,2.240015e+01,2.230396e+01,2.248939e+01,2.234520e+01,2.237955e+01,2.235894e+01,2.239328e+01,2.240015e+01,2.243448e+01,2.240702e+01,2.232458e+01,2.231084e+01,2.250311e+01,2.244821e+01,2.246880e+01,2.242762e+01,2.235894e+01,2.249625e+01,2.257169e+01,2.251683e+01,2.251683e+01
2.217328e+01,2.215263e+01,2.213198e+01,2.204243e+01,2.204243e+01,2.215263e+01,2.202865e+01,2.197349e+01,2.202176e+01,2.186310e+01,2.199418e+01,2.193211e+01,2.191831e+01,2.200797e+01,2.197349e+01,2.209755e+01,2.191831e+01,2.187000e+01,2.206999e+01,2.211821e+01,2.206310e+01,2.215263e+01,2.198039e+01,2.213886e+01,2.215952e+01,2.222833e+01,2.213886e+01,2.220769e+01,2.226959e+01,2.224896e+01,2.228334e+01,2.234520e+01,2.220081e+01,2.244135e+01,2.240015e+01,2.233833e+01,2.237955e+01,2.236581e+01,2.229709e+01,2.235207e+01,2.225584e+01,2.235894e+01,2.221457e+01,2.224208e+01,2.230396e+01,2.222145e+01,2.224208e+01,2.237268e+01,2.226959e+01,2.224208e+01,2.230396e+01,2.231771e+01,2.225584e+01,2.224208e+01,2.225584e+01,2.223520e+01,2.221457e+01,2.213198e+01,2.223520e+01,2.207688e+01,2.233833e+01,2.223520e+01,2.219393e+01,2.209066e+01,2.212509e+01,2.213198e+01,2.211821e+01,2.213886e+01,2.215263e+01,2.226959e+01,2.209755e+01,2.212509e+01,2.204932e+01,2.207688e+01,2.223520e+01,2.209066e+01,2.208377e+01,2.215952e+01,2.207688e+01,2.208377e+01,2.202865e+01,2.200797e+01,2.200797e+01,2.193211e+01,2.199418e+01,2.198039e+01,2.202176e+01,2.191831e+01,2.197349e+01,2.193211e+01,2.202865e+01,2.183548e+01,2.195280e+01,2.198729e+01,2.184239e+01,2.195280e+01,2.186310e+01,2.200797e+01,2.184239e+01,2.193901e+01,2.195970e+01,2.182858e+01,2.182858e+01,2.186310e+01,2.184239e+01,2.192521e+01,2.183548e+01,2.185620e+01,2.192521e+01,2.175258e+01,2.160043e+01,2.150349e+01,2.146884e+01,2.155890e+01,2.150349e+01,2.148963e+01,2.152427e+01,2.158659e+01,2.164887e+01,2.164195e+01,2.160735e+01,2.146884e+01,2.157967e+01,2.155197e+01,2.146191e+01,2.150349e+01,2.156582e+01,2.149656e+01,2.150349e+01,2.148963e+01,2.145498e+01,2.144112e+01,2.135096e+01,2.149656e+01,2.139952e+01,2.144112e+01,2.137871e+01,2.132320e+01,2.140645e+01,2.126072e+01,2.127461e+01,2.135096e+01,2.131626e+01,2.123989e+01,2.134402e+01,2.133014e+01,2.135790e+01,2.126767e+01,2.133708e+01,2.133014e+01,2.146191e+01,2.146884e+01,2.137871e+01,2.144112e+01,2.142032e+01,2.139952e+01,2.146884e+01,2.147577e+01,2.145498e+01,2.139258e+01,2.128156e+01,2.136484e+01,2.130238e+01,2.141339e+01,2.126767e+01,2.120515e+01,2.115650e+01,2.122600e+01,2.128850e+01,2.085017e+01,2.081530e+01,2.075949e+01,2.080833e+01,2.081530e+01,2.078740e+01,2.078042e+01,2.095471e+01,2.095471e+01,2.103826e+01,2.094774e+01,2.092684e+01,2.094774e+01,2.099649e+01,2.121210e+01,2.112174e+01,2.127461e+01,2.137177e+01,2.137871e+01,2.144805e+01,2.139258e+01,2.136484e+01,2.152427e+01,2.144112e+01,2.144805e+01,2.140645e+01,2.150349e+01,2.139952e+01,2.140645e+01,2.137871e+01,2.139952e+01,2.133708e+01,2.137871e+01,2.134402e+01,2.123989e+01,2.122600e+01,2.123989e+01,2.126767e+01,2.114955e+01,2.118431e+01,2.119820e+01,2.131626e+01,2.119126e+01,2.128850e+01,2.128156e+01,2.133708e+01,2.213198e+01,2.407579e+01,2.677052e+01,2.861824e+01,2.887040e+01,2.886394e+01,2.843035e+01,2.796896e+01,2.751867e+01,2.702049e+01,2.629529e+01,2.561837e+01,2.513122e+01,2.452750e+01,2.341151e+01,2.276347e+01,2.207688e+01,2.178022e+01,2.167654e+01,2.169037e+01,2.135096e+01,2.139952e+01,2.132320e+01,2.132320e+01,2.139258e+01,2.133708e+01,2.137177e+01,2.150349e+01,2.157967e+01,2.141339e+01,2.160735e+01,2.139258e+01,2.145498e+01,2.139952e+01,2.144112e+01,2.152427e+01,2.137871e+01,2.148270e+01,2.141339e+01,2.139952e+01,2.142725e+01,2.139258e+01,2.153119e+01,2.151042e+01,2.153812e+01,2.151042e+01,2.151734e+01,2.153812e+01,2.157274e+01,2.155890e+01,2.163503e+01,2.164887e+01,2.144805e+01,2.164887e+01,2.160735e+01,2.157967e+01,2.157967e+01,2.153119e+01,2.155890e+01,2.143419e+01,2.153119e+01,2.153812e+01,2.142725e+01,2.153119e+01,2.148963e+01,2.144112e+01,2.139952e+01,2.136484e+01,2.141339e+01,2.137871e+01,2.146191e+01,2.144112e+01,2.142725e+01,2.146191e+01,2.139952e+01,2.133708e+01,2.135096e+01,2.135096e+01,2.132320e+01,2.126072e+01,2.105914e+01,2.095471e+01,2.098256e+01,2.080135e+01,2.103826e+01,2.077344e+01,2.079438e+01,2.081530e+01,2.075251e+01,2.078042e+01,2.081530e+01,2.068269e+01,2.066872e+01,2.068269e+01,2.071761e+01,2.061282e+01,2.064776e+01,2.071062e+01,2.071761e+01,2.073855e+01,2.074553e+01,2.071062e+01,2.081530e+01,2.077344e+01,2.078740e+01,2.081530e+01,2.077344e+01,2.080833e+01,2.077344e+01,2.073855e+01,2.071761e+01,2.076647e+01,2.072459e+01,2.052892e+01,2.066872e+01,2.069666e+01,2.075251e+01,2.055690e+01,2.082228e+01,2.078740e+01,2.088503e+01,2.076647e+01,2.083623e+01,2.087109e+01,2.087806e+01,2.087806e+01,2.088503e+01,2.086412e+01,2.101738e+01,2.098256e+01,2.082228e+01,2.085017e+01,2.094774e+01,2.089200e+01,2.093381e+01,2.087806e+01,2.087109e+01,2.091291e+01,2.089200e+01,2.089200e+01,2.090594e+01,2.089200e+01,2.096167e+01,2.087109e+01,2.085715e+01,2.089200e+01,2.088503e+01,2.079438e+01,2.094774e+01,2.087806e+01,2.082925e+01,2.092684e+01,2.081530e+01,2.091987e+01,2.089200e+01,2.093381e+01,2.088503e+01,2.101042e+01,2.094077e+01,2.091987e+01,2.093381e+01,2.095471e+01,2.097560e+01,2.096167e+01,2.101738e+01,2.097560e+01,2.102434e+01,2.088503e+01,2.095471e+01,2.095471e+01,2.096167e+01,2.096864e+01,2.098953e+01,2.099649e+01,2.107305e+01,2.112174e+01,2.104522e+01,2.117736e+01,2.103130e+01,2.116345e+01,2.119126e+01,2.108001e+01,2.117041e+01,2.117736e+01,2.119126e+01,2.120515e+01,2.115650e+01,2.110088e+01,2.123294e+01,2.117041e+01,2.115650e+01,2.113565e+01,2.103130e+01,2.098256e+01,2.099649e+01,2.094774e+01,2.096864e+01,2.089897e+01,2.072459e+01,2.092684e+01,2.083623e+01,2.080833e+01,2.080135e+01,2.075251e+01,2.068269e+01,2.068269e+01,2.075949e+01,2.077344e+01,2.086412e+01,2.073855e+01,2.089200e+01,2.094077e+01,2.089200e+01,2.092684e+01,2.099649e+01,2.098953e+01,2.096167e+01,2.096167e+01,2.108696e+01,2.111479e+01,2.099649e+01,2.096864e+01,2.105218e+01,2.104522e+01,2.108696e+01,2.106609e+01,2.109392e+01,2.104522e+01,2.105914e+01,2.114955e+01,2.108696e+01,2.109392e+01,2.103130e+01,2.108696e+01,2.104522e+01,2.117041e+01,2.117736e+01,2.116345e+01,2.110783e+01,2.110088e+01,2.101738e+01,2.103130e+01,2.113565e+01,2.110088e+01,2.123294e+01,2.128850e+01,2.113565e+01,2.120515e+01,2.139258e+01,2.128156e+01,2.142032e+01,2.133014e+01,2.127461e+01,2.133708e+01,2.137177e+01,2.148270e+01,2.142725e+01,2.172494e+01,2.167654e+01,2.198729e+01,2.263337e+01,2.329585e+01,2.396762e+01,2.462836e+01,2.509108e+01,2.543179e+01,2.575144e+01,2.597728e+01,2.601708e+01,2.618939e+01,2.621588e+01,2.620926e+01,2.620263e+01,2.616290e+01,2.618277e+01,2.594410e+01,2.590427e+01,2.561171e+01,2.537841e+01,2.519140e+01,2.476941e+01,2.446021e+01,2.412307e+01,2.370350e+01,2.326180e+01,2.319368e+01,2.298221e+01,2.272241e+01,2.257854e+01,2.226271e+01,2.220769e+01,2.198729e+01,2.195280e+01,2.191831e+01,2.189071e+01,2.188381e+01,2.185620e+01,2.182858e+01,2.176641e+01,2.179404e+01,2.178713e+01,2.174567e+01,2.166962e+01,2.166270e+01,2.164887e+01,2.157967e+01,2.155197e+01,2.160043e+01,2.155197e+01,2.166962e+01,2.155890e+01,2.164887e+01,2.145498e+01,2.151042e+01,2.151042e+01,2.154505e+01,2.150349e+01,2.152427e+01,2.153119e+01,2.160735e+01,2.147577e+01,2.154505e+01,2.153812e+01,2.153812e+01,2.153119e+01,2.166270e+01,2.163503e+01,2.170420e+01,2.165579e+01,2.182858e+01,2.187000e+01,2.182167e+01,2.189761e+01,2.194591e+01,2.195970e+01,2.200797e+01,2.210443e+01,2.215263e+01,2.221457e+01,2.218016e+01,2.226959e+01,2.216640e+01,2.232458e+01,2.233833e+01,2.227647e+01,2.227647e+01,2.231084e+01,2.227647e+01,2.229022e+01,2.234520e+01,2.231771e+01,2.236581e+01,2.224896e+01,2.237955e+01,2.230396e+01,2.241389e+01,2.231084e+01,2.235207e+01,2.232458e+01,2.220081e+01,2.234520e+01,2.227647e+01,2.227647e+01,2.224896e+01,2.234520e+01,2.224208e+01,2.232458e+01,2.238642e+01,2.235207e+01,2.231084e+01,2.231771e+01,2.235894e+01,2.243448e+01,2.244135e+01,2.245507e+01,2.237268e+01,2.238642e+01,2.235207e+01,2.237955e+01,2.238642e+01,2.240702e+01,2.240015e+01,2.236581e+01,2.243448e+01,2.235894e+01,2.241389e+01,2.237268e+01,2.232458e+01,2.235894e+01,2.235894e+01,2.250997e+01,2.237955e+01,2.244821e+01,2.233833e+01,2.238642e+01,2.237268e+01,2.236581e+01,2.246194e+01,2.242762e+01,2.232458e+01,2.226271e+01,2.250311e+01,2.236581e+01,2.238642e+01,2.233833e+01,2.243448e+01,2.242762e+01,2.248252e+01,2.249625e+01,2.235894e+01,2.240015e+01,2.240015e+01,2.244821e+01,2.237955e+01,2.242075e+01,2.240702e+01,2.234520e+01,2.243448e+01,2.245507e+01,2.235894e+01,2.246194e+01,2.250311e+01,2.250311e+01,2.253741e+01,2.253055e+01
2.218016e+01,2.218705e+01,2.215952e+01,2.215263e+01,2.206999e+01,2.207688e+01,2.200797e+01,2.202865e+01,2.193211e+01,2.202865e+01,2.191141e+01,2.193211e+01,2.194591e+01,2.206999e+01,2.209755e+01,2.210443e+01,2.203554e+01,2.198729e+01,2.197349e+01,2.198729e+01,2.194591e+01,2.196660e+01,2.200107e+01,2.202176e+01,2.214575e+01,2.222145e+01,2.226271e+01,2.221457e+01,2.218705e+01,2.222833e+01,2.224896e+01,2.226959e+01,2.227647e+01,2.240702e+01,2.237955e+01,2.225584e+01,2.232458e+01,2.241389e+01,2.224208e+01,2.229709e+01,2.222833e+01,2.225584e+01,2.220081e+01,2.222833e+01,2.229709e+01,2.227647e+01,2.230396e+01,2.224896e+01,2.220769e+01,2.222833e+01,2.221457e+01,2.221457e+01,2.216640e+01,2.210443e+01,2.210443e+01,2.226959e+01,2.232458e+01,2.220769e+01,2.222833e+01,2.221457e+01,2.228334e+01,2.222145e+01,2.214575e+01,2.221457e+01,2.220081e+01,2.209755e+01,2.212509e+01,2.226271e+01,2.213886e+01,2.204932e+01,2.211821e+01,2.210443e+01,2.207688e+01,2.200797e+01,2.209066e+01,2.198039e+01,2.202176e+01,2.195280e+01,2.197349e+01,2.204932e+01,2.196660e+01,2.193211e+01,2.198729e+01,2.202176e+01,2.197349e+01,2.189761e+01,2.203554e+01,2.192521e+01,2.191831e+01,2.195280e+01,2.181476e+01,2.191831e+01,2.200107e+01,2.193901e+01,2.194591e+01,2.193901e+01,2.213198e+01,2.184239e+01,2.184239e+01,2.188381e+01,2.183548e+01,2.183548e+01,2.182858e+01,2.184929e+01,2.196660e+01,2.195280e+01,2.183548e+01,2.180095e+01,2.186310e+01,2.182858e+01,2.149656e+01,2.161427e+01,2.152427e+01,2.147577e+01,2.151042e+01,2.157967e+01,2.154505e+01,2.156582e+01,2.140645e+01,2.162811e+01,2.158659e+01,2.140645e+01,2.156582e+01,2.152427e+01,2.153119e+01,2.147577e+01,2.155197e+01,2.148963e+01,2.142725e+01,2.148270e+01,2.148963e+01,2.137871e+01,2.139952e+01,2.140645e+01,2.137871e+01,2.143419e+01,2.135096e+01,2.136484e+01,2.142032e+01,2.130932e+01,2.130238e+01,2.123294e+01,2.139952e+01,2.124683e+01,2.127461e+01,2.134402e+01,2.133708e+01,2.126767e+01,2.144805e+01,2.132320e+01,2.127461e+01,2.135790e+01,2.144805e+01,2.139952e+01,2.137177e+01,2.144112e+01,2.138565e+01,2.137177e+01,2.137177e+01,2.125378e+01,2.142032e+01,2.133708e+01,2.130932e+01,2.139952e+01,2.137871e+01,2.128850e+01,2.118431e+01,2.113565e+01,2.114260e+01,2.089897e+01,2.084320e+01,2.078740e+01,2.071761e+01,2.079438e+01,2.082228e+01,2.091291e+01,2.088503e+01,2.092684e+01,2.087806e+01,2.105914e+01,2.090594e+01,2.103130e+01,2.106609e+01,2.102434e+01,2.125378e+01,2.123294e+01,2.130238e+01,2.131626e+01,2.138565e+01,2.134402e+01,2.146191e+01,2.144112e+01,2.146191e+01,2.140645e+01,2.139952e+01,2.144112e+01,2.137871e+01,2.126767e+01,2.137871e+01,2.127461e+01,2.128850e+01,2.130932e+01,2.133708e+01,2.119820e+01,2.132320e+01,2.128850e+01,2.130932e+01,2.119820e+01,2.115650e+01,2.119126e+01,2.117736e+01,2.128850e+01,2.119820e+01,2.126767e+01,2.177332e+01,2.296173e+01,2.545179e+01,2.790382e+01,2.887040e+01,2.903818e+01,2.887040e+01,2.842386e+01,2.805359e+01,2.750559e+01,2.701392e+01,2.620263e+01,2.561837e+01,2.512453e+01,2.424457e+01,2.326180e+01,2.256483e+01,2.207688e+01,2.174567e+01,2.154505e+01,2.152427e+01,2.137177e+01,2.130238e+01,2.132320e+01,2.136484e+01,2.134402e+01,2.128850e+01,2.139258e+01,2.140645e+01,2.139952e+01,2.137177e+01,2.142032e+01,2.139952e+01,2.141339e+01,2.142725e+01,2.148963e+01,2.140645e+01,2.144805e+01,2.139952e+01,2.143419e+01,2.138565e+01,2.144805e+01,2.139258e+01,2.148963e+01,2.145498e+01,2.164195e+01,2.157967e+01,2.151042e+01,2.165579e+01,2.163503e+01,2.153119e+01,2.153119e+01,2.157967e+01,2.155890e+01,2.157274e+01,2.148963e+01,2.158659e+01,2.158659e+01,2.155197e+01,2.148270e+01,2.153812e+01,2.153812e+01,2.143419e+01,2.156582e+01,2.148270e+01,2.149656e+01,2.148963e+01,2.145498e+01,2.141339e+01,2.141339e+01,2.139258e+01,2.144805e+01,2.138565e+01,2.136484e+01,2.147577e+01,2.124683e+01,2.132320e+01,2.126767e+01,2.130238e+01,2.129544e+01,2.128850e+01,2.105914e+01,2.110783e+01,2.080135e+01,2.080833e+01,2.078740e+01,2.079438e+01,2.078740e+01,2.076647e+01,2.074553e+01,2.070364e+01,2.056389e+01,2.071062e+01,2.073855e+01,2.065475e+01,2.061282e+01,2.070364e+01,2.060583e+01,2.071062e+01,2.069666e+01,2.071761e+01,2.081530e+01,2.076647e+01,2.074553e+01,2.075251e+01,2.073855e+01,2.095471e+01,2.084320e+01,2.073855e+01,2.075949e+01,2.064776e+01,2.070364e+01,2.068967e+01,2.066872e+01,2.053592e+01,2.065475e+01,2.048694e+01,2.066174e+01,2.071062e+01,2.064776e+01,2.080135e+01,2.086412e+01,2.085715e+01,2.080135e+01,2.085017e+01,2.082925e+01,2.088503e+01,2.089897e+01,2.090594e+01,2.098256e+01,2.096167e+01,2.098256e+01,2.089200e+01,2.087806e+01,2.087806e+01,2.094077e+01,2.084320e+01,2.082228e+01,2.088503e+01,2.085715e+01,2.091987e+01,2.093381e+01,2.089200e+01,2.089897e+01,2.085715e+01,2.087109e+01,2.086412e+01,2.088503e+01,2.082925e+01,2.082228e+01,2.087806e+01,2.086412e+01,2.096167e+01,2.085715e+01,2.090594e+01,2.090594e+01,2.085017e+01,2.094077e+01,2.090594e+01,2.103130e+01,2.100345e+01,2.094774e+01,2.096167e+01,2.096864e+01,2.098953e+01,2.096864e+01,2.085715e+01,2.100345e+01,2.102434e+01,2.087109e+01,2.094774e+01,2.096167e+01,2.099649e+01,2.098953e+01,2.102434e+01,2.101738e+01,2.107305e+01,2.111479e+01,2.108001e+01,2.119126e+01,2.119820e+01,2.112869e+01,2.119820e+01,2.117736e+01,2.117736e+01,2.110783e+01,2.119126e+01,2.111479e+01,2.119820e+01,2.124683e+01,2.119820e+01,2.115650e+01,2.116345e+01,2.103130e+01,2.108001e+01,2.099649e+01,2.100345e+01,2.097560e+01,2.089897e+01,2.087109e+01,2.090594e+01,2.084320e+01,2.075251e+01,2.080135e+01,2.080135e+01,2.085017e+01,2.079438e+01,2.081530e+01,2.080833e+01,2.084320e+01,2.084320e+01,2.089200e+01,2.083623e+01,2.089200e+01,2.101042e+01,2.092684e+01,2.094774e+01,2.098953e+01,2.098256e+01,2.102434e+01,2.110783e+01,2.105218e+01,2.096864e+01,2.097560e+01,2.103130e+01,2.105218e+01,2.101738e+01,2.109392e+01,2.107305e+01,2.112174e+01,2.103826e+01,2.112174e+01,2.101738e+01,2.098953e+01,2.109392e+01,2.108001e+01,2.110783e+01,2.112869e+01,2.101738e+01,2.106609e+01,2.098953e+01,2.105218e+01,2.116345e+01,2.112869e+01,2.112174e+01,2.124683e+01,2.126767e+01,2.126072e+01,2.126072e+01,2.126072e+01,2.138565e+01,2.118431e+01,2.140645e+01,2.128850e+01,2.133708e+01,2.127461e+01,2.135790e+01,2.139258e+01,2.162119e+01,2.171802e+01,2.207688e+01,2.258540e+01,2.330265e+01,2.395410e+01,2.480296e+01,2.527159e+01,2.563834e+01,2.574479e+01,2.599055e+01,2.616952e+01,2.618939e+01,2.610990e+01,2.619601e+01,2.616290e+01,2.618277e+01,2.597064e+01,2.597728e+01,2.587770e+01,2.571819e+01,2.559839e+01,2.529163e+01,2.484992e+01,2.455441e+01,2.419059e+01,2.364246e+01,2.359495e+01,2.318005e+01,2.303000e+01,2.281136e+01,2.260596e+01,2.255112e+01,2.224208e+01,2.209755e+01,2.209066e+01,2.193211e+01,2.182167e+01,2.183548e+01,2.184239e+01,2.189761e+01,2.180095e+01,2.159351e+01,2.171802e+01,2.172494e+01,2.160735e+01,2.164887e+01,2.180095e+01,2.161427e+01,2.161427e+01,2.156582e+01,2.164195e+01,2.154505e+01,2.158659e+01,2.155890e+01,2.156582e+01,2.148963e+01,2.159351e+01,2.154505e+01,2.162119e+01,2.151734e+01,2.164195e+01,2.160735e+01,2.161427e+01,2.155890e+01,2.159351e+01,2.154505e+01,2.166962e+01,2.164195e+01,2.159351e+01,2.164887e+01,2.184239e+01,2.178713e+01,2.184929e+01,2.182858e+01,2.188381e+01,2.195970e+01,2.193211e+01,2.201486e+01,2.208377e+01,2.216640e+01,2.209066e+01,2.217328e+01,2.215263e+01,2.219393e+01,2.231084e+01,2.232458e+01,2.229022e+01,2.227647e+01,2.238642e+01,2.228334e+01,2.235207e+01,2.224896e+01,2.228334e+01,2.240015e+01,2.228334e+01,2.233833e+01,2.236581e+01,2.231084e+01,2.232458e+01,2.233833e+01,2.238642e+01,2.233146e+01,2.226959e+01,2.235894e+01,2.234520e+01,2.233146e+01,2.229709e+01,2.234520e+01,2.239328e+01,2.228334e+01,2.246194e+01,2.231084e+01,2.236581e+01,2.233833e+01,2.243448e+01,2.237268e+01,2.235207e+01,2.236581e+01,2.241389e+01,2.237955e+01,2.236581e+01,2.229709e+01,2.229022e+01,2.240015e+01,2.242075e+01,2.239328e+01,2.238642e+01,2.229709e+01,2.242762e+01,2.235207e+01,2.237268e+01,2.235894e+01,2.238642e+01,2.246194e+01,2.239328e+01,2.248252e+01,2.258540e+01,2.235207e+01,2.245507e+01,2.233146e+01,2.242075e+01,2.224208e+01,2.237955e+01,2.232458e+01,2.233146e+01,2.236581e+01,2.240702e+01,2.237955e+01,2.240702e+01,2.242075e+01,2.247566e+01,2.246880e+01,2.233146e+01,2.242075e+01,2.242762e+01,2.244821e+01,2.241389e+01,2.242762e+01,2.238642e+01,2.243448e+01,2.240015e+01,2.237268e+01,2.246880e+01,2.250311e+01,2.256483e+01,2.248939e+01,2.257169e+01
2.207688e+01,2.215952e+01,2.216640e+01,2.216640e+01,2.204243e+01,2.215263e+01,2.204932e+01,2.200797e+01,2.196660e+01,2.198039e+01,2.195970e+01,2.204243e+01,2.208377e+01,2.198729e+01,2.207688e+01,2.196660e+01,2.199418e+01,2.206999e+01,2.196660e+01,2.196660e+01,2.202865e+01,2.209755e+01,2.205621e+01,2.211132e+01,2.202176e+01,2.218016e+01,2.207688e+01,2.220769e+01,2.220769e+01,2.222145e+01,2.222833e+01,2.225584e+01,2.241389e+01,2.220769e+01,2.225584e+01,2.226271e+01,2.230396e+01,2.224208e+01,2.231084e+01,2.229709e+01,2.228334e+01,2.220769e+01,2.235207e+01,2.229022e+01,2.228334e+01,2.230396e+01,2.224208e+01,2.232458e+01,2.222145e+01,2.208377e+01,2.223520e+01,2.229022e+01,2.211821e+01,2.223520e+01,2.215952e+01,2.215952e+01,2.230396e+01,2.209755e+01,2.217328e+01,2.215952e+01,2.226271e+01,2.223520e+01,2.218016e+01,2.211132e+01,2.216640e+01,2.214575e+01,2.210443e+01,2.214575e+01,2.212509e+01,2.211132e+01,2.209755e+01,2.200107e+01,2.217328e+01,2.203554e+01,2.201486e+01,2.200107e+01,2.196660e+01,2.204243e+01,2.203554e+01,2.211821e+01,2.210443e+01,2.192521e+01,2.194591e+01,2.193901e+01,2.193211e+01,2.193211e+01,2.193211e+01,2.193901e+01,2.191831e+01,2.192521e+01,2.193901e+01,2.191141e+01,2.181476e+01,2.176641e+01,2.189071e+01,2.198729e+01,2.191831e+01,2.189071e+01,2.180786e+01,2.184929e+01,2.169728e+01,2.184929e+01,2.188381e+01,2.194591e+01,2.182858e+01,2.193211e+01,2.183548e+01,2.180786e+01,2.184239e+01,2.146884e+01,2.144805e+01,2.155890e+01,2.142032e+01,2.146191e+01,2.153812e+01,2.152427e+01,2.152427e+01,2.154505e+01,2.154505e+01,2.168345e+01,2.149656e+01,2.152427e+01,2.156582e+01,2.153119e+01,2.146884e+01,2.148963e+01,2.146191e+01,2.152427e+01,2.147577e+01,2.145498e+01,2.143419e+01,2.142725e+01,2.138565e+01,2.136484e+01,2.136484e+01,2.138565e+01,2.139258e+01,2.137177e+01,2.132320e+01,2.133708e+01,2.127461e+01,2.119820e+01,2.117736e+01,2.117041e+01,2.120515e+01,2.128156e+01,2.121905e+01,2.133708e+01,2.123989e+01,2.135096e+01,2.131626e+01,2.136484e+01,2.139258e+01,2.137177e+01,2.139952e+01,2.134402e+01,2.138565e+01,2.138565e+01,2.133014e+01,2.133708e+01,2.130932e+01,2.124683e+01,2.127461e+01,2.128850e+01,2.133708e+01,2.126767e+01,2.126767e+01,2.113565e+01,2.105914e+01,2.094774e+01,2.074553e+01,2.074553e+01,2.078042e+01,2.078740e+01,2.078740e+01,2.081530e+01,2.097560e+01,2.094774e+01,2.094077e+01,2.091987e+01,2.107305e+01,2.098953e+01,2.107305e+01,2.108696e+01,2.119820e+01,2.124683e+01,2.124683e+01,2.135096e+01,2.138565e+01,2.136484e+01,2.139258e+01,2.133014e+01,2.144112e+01,2.138565e+01,2.144112e+01,2.143419e+01,2.142032e+01,2.140645e+01,2.136484e+01,2.127461e+01,2.137871e+01,2.133014e+01,2.128156e+01,2.123294e+01,2.117041e+01,2.123989e+01,2.103130e+01,2.123294e+01,2.126767e+01,2.112869e+01,2.112174e+01,2.112174e+01,2.121905e+01,2.130932e+01,2.218705e+01,2.427829e+01,2.695477e+01,2.870236e+01,2.927650e+01,2.926363e+01,2.879287e+01,2.846277e+01,2.801454e+01,2.757097e+01,2.689558e+01,2.630852e+01,2.560505e+01,2.503754e+01,2.398791e+01,2.307095e+01,2.241389e+01,2.182167e+01,2.175949e+01,2.155197e+01,2.135096e+01,2.130932e+01,2.139952e+01,2.132320e+01,2.134402e+01,2.139258e+01,2.140645e+01,2.141339e+01,2.138565e+01,2.142032e+01,2.144112e+01,2.139952e+01,2.143419e+01,2.146884e+01,2.140645e+01,2.136484e+01,2.144805e+01,2.144805e+01,2.138565e+01,2.142725e+01,2.141339e+01,2.140645e+01,2.141339e+01,2.145498e+01,2.148270e+01,2.146884e+01,2.148270e+01,2.150349e+01,2.157967e+01,2.146884e+01,2.157274e+01,2.160735e+01,2.147577e+01,2.159351e+01,2.155197e+01,2.158659e+01,2.155197e+01,2.152427e+01,2.154505e+01,2.140645e+01,2.148963e+01,2.142032e+01,2.146191e+01,2.151734e+01,2.148963e+01,2.152427e+01,2.141339e+01,2.148270e+01,2.144112e+01,2.142032e+01,2.139258e+01,2.138565e+01,2.134402e+01,2.146191e+01,2.139952e+01,2.135096e+01,2.129544e+01,2.130238e+01,2.137177e+01,2.128156e+01,2.126072e+01,2.107305e+01,2.096167e+01,2.105218e+01,2.088503e+01,2.082228e+01,2.082925e+01,2.082925e+01,2.073855e+01,2.064078e+01,2.072459e+01,2.071761e+01,2.069666e+01,2.073855e+01,2.072459e+01,2.066872e+01,2.073855e+01,2.063379e+01,2.073157e+01,2.072459e+01,2.075251e+01,2.080833e+01,2.076647e+01,2.073157e+01,2.065475e+01,2.080135e+01,2.068967e+01,2.068269e+01,2.078740e+01,2.070364e+01,2.068269e+01,2.067570e+01,2.071761e+01,2.068269e+01,2.049394e+01,2.043795e+01,2.057088e+01,2.058486e+01,2.047295e+01,2.068269e+01,2.063379e+01,2.081530e+01,2.078740e+01,2.086412e+01,2.080833e+01,2.086412e+01,2.090594e+01,2.093381e+01,2.089897e+01,2.096167e+01,2.086412e+01,2.096864e+01,2.093381e+01,2.088503e+01,2.088503e+01,2.091987e+01,2.091291e+01,2.090594e+01,2.088503e+01,2.089897e+01,2.083623e+01,2.081530e+01,2.084320e+01,2.090594e+01,2.082228e+01,2.087109e+01,2.080135e+01,2.087109e+01,2.076647e+01,2.071761e+01,2.078740e+01,2.081530e+01,2.082925e+01,2.089200e+01,2.084320e+01,2.089200e+01,2.088503e+01,2.093381e+01,2.094077e+01,2.096864e+01,2.095471e+01,2.091987e+01,2.092684e+01,2.098953e+01,2.092684e+01,2.097560e+01,2.084320e+01,2.096167e+01,2.091291e+01,2.096864e+01,2.094077e+01,2.103130e+01,2.096167e+01,2.103826e+01,2.095471e+01,2.105218e+01,2.108001e+01,2.105914e+01,2.114260e+01,2.114955e+01,2.119820e+01,2.122600e+01,2.119820e+01,2.118431e+01,2.114260e+01,2.116345e+01,2.116345e+01,2.126072e+01,2.119820e+01,2.123294e+01,2.112174e+01,2.114260e+01,2.112869e+01,2.107305e+01,2.103130e+01,2.107305e+01,2.096864e+01,2.101738e+01,2.091987e+01,2.091987e+01,2.090594e+01,2.086412e+01,2.080833e+01,2.080833e+01,2.084320e+01,2.084320e+01,2.073157e+01,2.083623e+01,2.077344e+01,2.080135e+01,2.087109e+01,2.085715e+01,2.089200e+01,2.096864e+01,2.091291e+01,2.096864e+01,2.095471e+01,2.094774e+01,2.099649e+01,2.095471e+01,2.111479e+01,2.112174e+01,2.105218e+01,2.105218e+01,2.106609e+01,2.101042e+01,2.106609e+01,2.106609e+01,2.107305e+01,2.108001e+01,2.108696e+01,2.105218e+01,2.110088e+01,2.109392e+01,2.107305e+01,2.105914e+01,2.108696e+01,2.110088e+01,2.108001e+01,2.113565e+01,2.103130e+01,2.108001e+01,2.107305e+01,2.095471e+01,2.120515e+01,2.121210e+01,2.126767e+01,2.143419e+01,2.130932e+01,2.130932e+01,2.117041e+01,2.130238e+01,2.133014e+01,2.137177e+01,2.138565e+01,2.139952e+01,2.140645e+01,2.144805e+01,2.147577e+01,2.173185e+01,2.222833e+01,2.257854e+01,2.338431e+01,2.420408e+01,2.486333e+01,2.508439e+01,2.551845e+01,2.574479e+01,2.599055e+01,2.608339e+01,2.629529e+01,2.622911e+01,2.624897e+01,2.616290e+01,2.613640e+01,2.618277e+01,2.601045e+01,2.596401e+01,2.581791e+01,2.564500e+01,2.545846e+01,2.503754e+01,2.475598e+01,2.421083e+01,2.385935e+01,2.364924e+01,2.339111e+01,2.315960e+01,2.289341e+01,2.285923e+01,2.256483e+01,2.220081e+01,2.225584e+01,2.204932e+01,2.203554e+01,2.192521e+01,2.187691e+01,2.188381e+01,2.189761e+01,2.182858e+01,2.176641e+01,2.177332e+01,2.173185e+01,2.157274e+01,2.173185e+01,2.158659e+01,2.155890e+01,2.157967e+01,2.152427e+01,2.160735e+01,2.154505e+01,2.158659e+01,2.157967e+01,2.157967e+01,2.155890e+01,2.161427e+01,2.151734e+01,2.151042e+01,2.155197e+01,2.148963e+01,2.156582e+01,2.155890e+01,2.148270e+01,2.153812e+01,2.155197e+01,2.153119e+01,2.168345e+01,2.155890e+01,2.165579e+01,2.159351e+01,2.186310e+01,2.187691e+01,2.189761e+01,2.192521e+01,2.198039e+01,2.191831e+01,2.196660e+01,2.205621e+01,2.209755e+01,2.215952e+01,2.215952e+01,2.215263e+01,2.221457e+01,2.225584e+01,2.218016e+01,2.223520e+01,2.225584e+01,2.222833e+01,2.221457e+01,2.225584e+01,2.225584e+01,2.225584e+01,2.225584e+01,2.221457e+01,2.226271e+01,2.229709e+01,2.225584e+01,2.230396e+01,2.229022e+01,2.226959e+01,2.211132e+01,2.234520e+01,2.233146e+01,2.224208e+01,2.228334e+01,2.229709e+01,2.232458e+01,2.235894e+01,2.238642e+01,2.235207e+01,2.229022e+01,2.238642e+01,2.236581e+01,2.229022e+01,2.244135e+01,2.226959e+01,2.244821e+01,2.235894e+01,2.239328e+01,2.233833e+01,2.236581e+01,2.239328e+01,2.242075e+01,2.240015e+01,2.240702e+01,2.226959e+01,2.239328e+01,2.239328e+01,2.237955e+01,2.242762e+01,2.238642e+01,2.244821e+01,2.219393e+01,2.235207e+01,2.218016e+01,2.230396e+01,2.246880e+01,2.233833e+01,2.241389e+01,2.250311e+01,2.222833e+01,2.229709e+01,2.240702e+01,2.233833e+01,2.241389e+01,2.231084e+01,2.236581e+01,2.237955e+01,2.248939e+01,2.244821e+01,2.242075e+01,2.240702e+01,2.232458e+01,2.242075e+01,2.248939e+01,2.242075e+01,2.238642e+01,2.243448e+01,2.253741e+01,2.241389e+01,2.247566e+01,2.255798e+01,2.257169e+01,2.237268e+01,2.249625e+01,2.259225e+01
2.206310e+01,2.205621e+01,2.209755e+01,2.208377e+01,2.209066e+01,2.202176e+01,2.178713e+01,2.204932e+01,2.200107e+01,2.206999e+01,2.184239e+01,2.191831e+01,2.204932e+01,2.186310e+01,2.184929e+01,2.193901e+01,2.194591e+01,2.200107e+01,2.200107e+01,2.195970e+01,2.204932e+01,2.205621e+01,2.203554e+01,2.208377e+01,2.210443e+01,2.219393e+01,2.224208e+01,2.224896e+01,2.222145e+01,2.231084e+01,2.224208e+01,2.226959e+01,2.228334e+01,2.238642e+01,2.226271e+01,2.223520e+01,2.232458e+01,2.230396e+01,2.222833e+01,2.222833e+01,2.220081e+01,2.225584e+01,2.220081e+01,2.232458e+01,2.222145e+01,2.226271e+01,2.218016e+01,2.209755e+01,2.224896e+01,2.225584e+01,2.217328e+01,2.216640e+01,2.220769e+01,2.218016e+01,2.222145e+01,2.214575e+01,2.226271e+01,2.217328e+01,2.213198e+01,2.219393e+01,2.225584e+01,2.207688e+01,2.210443e+01,2.209755e+01,2.223520e+01,2.212509e+01,2.206310e+01,2.220081e+01,2.211821e+01,2.200107e+01,2.206999e+01,2.222833e+01,2.212509e+01,2.215263e+01,2.213198e+01,2.209755e+01,2.194591e+01,2.208377e+01,2.212509e+01,2.204932e+01,2.196660e+01,2.204932e+01,2.196660e+01,2.189761e+01,2.190451e+01,2.195970e+01,2.186310e+01,2.191141e+01,2.193211e+01,2.191831e+01,2.198729e+01,2.204243e+01,2.191141e+01,2.187000e+01,2.189761e+01,2.193901e+01,2.197349e+01,2.193211e+01,2.192521e+01,2.184929e+01,2.172494e+01,2.180786e+01,2.189071e+01,2.182858e+01,2.196660e+01,2.180786e+01,2.186310e+01,2.197349e+01,2.162119e+01,2.157967e+01,2.145498e+01,2.146884e+01,2.139258e+01,2.151042e+01,2.158659e+01,2.160735e+01,2.156582e+01,2.154505e+01,2.153119e+01,2.158659e+01,2.154505e+01,2.153119e+01,2.151734e+01,2.148270e+01,2.158659e+01,2.150349e+01,2.150349e+01,2.143419e+01,2.141339e+01,2.134402e+01,2.139258e+01,2.137177e+01,2.143419e+01,2.134402e+01,2.135790e+01,2.141339e+01,2.128850e+01,2.117041e+01,2.117041e+01,2.130932e+01,2.128850e+01,2.111479e+01,2.117736e+01,2.114955e+01,2.097560e+01,2.123294e+01,2.119126e+01,2.127461e+01,2.126072e+01,2.128156e+01,2.123294e+01,2.137871e+01,2.125378e+01,2.138565e+01,2.138565e+01,2.139952e+01,2.135790e+01,2.125378e+01,2.164195e+01,2.118431e+01,2.119126e+01,2.125378e+01,2.127461e+01,2.132320e+01,2.117041e+01,2.123989e+01,2.119820e+01,2.122600e+01,2.107305e+01,2.094077e+01,2.080833e+01,2.073855e+01,2.066174e+01,2.073855e+01,2.073855e+01,2.086412e+01,2.081530e+01,2.078042e+01,2.091291e+01,2.093381e+01,2.098953e+01,2.093381e+01,2.110088e+01,2.104522e+01,2.119820e+01,2.127461e+01,2.123989e+01,2.121210e+01,2.130932e+01,2.137177e+01,2.135790e+01,2.135790e+01,2.136484e+01,2.138565e+01,2.146884e+01,2.140645e+01,2.135790e+01,2.124683e+01,2.135790e+01,2.128850e+01,2.132320e+01,2.123294e+01,2.115650e+01,2.119126e+01,2.123989e+01,2.110783e+01,2.121210e+01,2.122600e+01,2.112869e+01,2.110088e+01,2.115650e+01,2.117736e+01,2.137871e+01,2.170420e+01,2.330946e+01,2.574479e+01,2.799501e+01,2.933439e+01,2.933439e+01,2.925720e+01,2.890914e+01,2.848870e+01,2.807311e+01,2.740089e+01,2.694162e+01,2.624897e+01,2.559839e+01,2.478283e+01,2.364246e+01,2.279084e+01,2.209066e+01,2.184239e+01,2.152427e+01,2.144805e+01,2.134402e+01,2.144805e+01,2.137871e+01,2.122600e+01,2.135096e+01,2.126767e+01,2.125378e+01,2.135790e+01,2.128156e+01,2.144112e+01,2.143419e+01,2.134402e+01,2.140645e+01,2.135790e+01,2.140645e+01,2.140645e+01,2.142032e+01,2.143419e+01,2.133014e+01,2.138565e+01,2.133014e+01,2.137177e+01,2.141339e+01,2.152427e+01,2.142032e+01,2.148270e+01,2.144112e+01,2.158659e+01,2.148963e+01,2.166270e+01,2.145498e+01,2.155890e+01,2.162811e+01,2.151042e+01,2.160043e+01,2.157274e+01,2.153812e+01,2.153119e+01,2.157967e+01,2.139258e+01,2.140645e+01,2.150349e+01,2.148963e+01,2.135790e+01,2.148270e+01,2.144112e+01,2.141339e+01,2.137871e+01,2.145498e+01,2.145498e+01,2.136484e+01,2.139952e+01,2.139258e+01,2.139258e+01,2.130932e+01,2.130238e+01,2.120515e+01,2.133708e+01,2.131626e+01,2.130932e+01,2.121210e+01,2.125378e+01,2.119126e+01,2.115650e+01,2.108696e+01,2.091987e+01,2.085017e+01,2.085017e+01,2.078740e+01,2.082228e+01,2.075949e+01,2.073157e+01,2.077344e+01,2.068269e+01,2.084320e+01,2.060583e+01,2.073855e+01,2.066872e+01,2.066872e+01,2.072459e+01,2.071761e+01,2.073855e+01,2.068967e+01,2.073855e+01,2.071062e+01,2.065475e+01,2.077344e+01,2.056389e+01,2.069666e+01,2.058486e+01,2.066872e+01,2.071761e+01,2.050793e+01,2.045195e+01,2.049394e+01,2.045195e+01,2.036090e+01,2.054990e+01,2.046595e+01,2.052892e+01,2.068269e+01,2.064776e+01,2.075949e+01,2.080833e+01,2.069666e+01,2.087806e+01,2.085017e+01,2.089897e+01,2.068967e+01,2.095471e+01,2.089897e+01,2.087109e+01,2.094774e+01,2.091987e+01,2.091291e+01,2.089897e+01,2.083623e+01,2.086412e+01,2.094077e+01,2.085715e+01,2.094077e+01,2.085715e+01,2.082228e+01,2.079438e+01,2.091987e+01,2.087109e+01,2.092684e+01,2.085017e+01,2.078740e+01,2.082925e+01,2.082228e+01,2.080833e+01,2.087109e+01,2.084320e+01,2.084320e+01,2.100345e+01,2.083623e+01,2.096864e+01,2.096864e+01,2.095471e+01,2.095471e+01,2.092684e+01,2.093381e+01,2.094077e+01,2.094077e+01,2.095471e+01,2.095471e+01,2.092684e+01,2.096864e+01,2.094774e+01,2.103130e+01,2.096167e+01,2.092684e+01,2.101042e+01,2.095471e+01,2.103826e+01,2.103826e+01,2.117736e+01,2.114260e+01,2.115650e+01,2.114260e+01,2.113565e+01,2.121210e+01,2.110783e+01,2.112174e+01,2.117736e+01,2.121905e+01,2.132320e+01,2.116345e+01,2.120515e+01,2.122600e+01,2.112869e+01,2.125378e+01,2.111479e+01,2.111479e+01,2.103130e+01,2.101042e+01,2.101042e+01,2.101738e+01,2.104522e+01,2.084320e+01,2.091291e+01,2.090594e+01,2.068269e+01,2.078740e+01,2.085017e+01,2.085715e+01,2.080833e+01,2.083623e+01,2.078740e+01,2.089897e+01,2.078042e+01,2.087109e+01,2.088503e+01,2.097560e+01,2.098256e+01,2.092684e+01,2.098256e+01,2.110783e+01,2.106609e+01,2.110783e+01,2.101738e+01,2.103130e+01,2.101738e+01,2.103130e+01,2.105218e+01,2.126072e+01,2.110783e+01,2.103826e+01,2.110783e+01,2.101042e+01,2.105914e+01,2.092684e+01,2.130932e+01,2.105914e+01,2.108001e+01,2.110088e+01,2.108696e+01,2.110088e+01,2.101042e+01,2.105914e+01,2.101738e+01,2.110088e+01,2.103826e+01,2.113565e+01,2.116345e+01,2.126072e+01,2.126767e+01,2.128156e+01,2.127461e+01,2.128850e+01,2.142032e+01,2.130932e+01,2.142032e+01,2.131626e+01,2.138565e+01,2.144112e+01,2.137177e+01,2.171802e+01,2.172494e+01,2.224208e+01,2.287290e+01,2.350667e+01,2.427155e+01,2.481638e+01,2.525155e+01,2.571819e+01,2.575144e+01,2.601708e+01,2.627544e+01,2.628867e+01,2.630852e+01,2.622250e+01,2.626882e+01,2.606350e+01,2.610990e+01,2.609002e+01,2.609664e+01,2.589099e+01,2.575809e+01,2.546513e+01,2.530499e+01,2.494377e+01,2.456786e+01,2.419059e+01,2.386612e+01,2.356101e+01,2.317323e+01,2.288657e+01,2.266078e+01,2.258540e+01,2.250997e+01,2.204932e+01,2.218016e+01,2.193901e+01,2.175949e+01,2.190451e+01,2.184239e+01,2.174567e+01,2.178022e+01,2.175258e+01,2.178713e+01,2.169728e+01,2.172494e+01,2.166962e+01,2.176641e+01,2.158659e+01,2.174567e+01,2.173876e+01,2.146884e+01,2.151042e+01,2.157967e+01,2.160043e+01,2.154505e+01,2.166270e+01,2.160043e+01,2.154505e+01,2.167654e+01,2.164195e+01,2.152427e+01,2.169037e+01,2.148963e+01,2.166270e+01,2.144805e+01,2.151734e+01,2.158659e+01,2.159351e+01,2.165579e+01,2.164887e+01,2.163503e+01,2.178713e+01,2.181476e+01,2.188381e+01,2.185620e+01,2.188381e+01,2.190451e+01,2.202176e+01,2.197349e+01,2.211132e+01,2.209755e+01,2.213198e+01,2.228334e+01,2.215263e+01,2.222833e+01,2.229022e+01,2.224896e+01,2.218705e+01,2.223520e+01,2.226959e+01,2.219393e+01,2.244821e+01,2.223520e+01,2.225584e+01,2.238642e+01,2.227647e+01,2.232458e+01,2.233833e+01,2.235207e+01,2.231084e+01,2.232458e+01,2.229709e+01,2.233146e+01,2.232458e+01,2.221457e+01,2.228334e+01,2.227647e+01,2.225584e+01,2.222145e+01,2.233833e+01,2.232458e+01,2.233146e+01,2.239328e+01,2.249625e+01,2.231771e+01,2.239328e+01,2.233833e+01,2.222145e+01,2.235894e+01,2.235207e+01,2.233146e+01,2.235207e+01,2.235207e+01,2.242075e+01,2.235207e+01,2.238642e+01,2.233833e+01,2.240702e+01,2.237955e+01,2.237268e+01,2.235894e+01,2.237268e+01,2.239328e+01,2.242762e+01,2.244821e+01,2.244135e+01,2.240015e+01,2.233833e+01,2.234520e+01,2.234520e+01,2.235894e+01,2.237268e+01,2.236581e+01,2.235207e+01,2.242075e+01,2.236581e+01,2.235894e+01,2.251683e+01,2.243448e+01,2.237955e+01,2.234520e+01,2.231771e+01,2.243448e+01,2.243448e+01,2.242762e+01,2.240702e+01,2.241389e+01,2.246880e+01,2.236581e+01,2.238642e+01,2.251683e+01,2.244135e+01,2.259911e+01,2.258540e+01,2.259225e+01,2.258540e+01,2.257169e+01
2.205621e+01,2.211132e+01,2.211821e+01,2.218705e+01,2.207688e+01,2.199418e+01,2.200797e+01,2.204932e+01,2.195280e+01,2.190451e+01,2.206999e+01,2.193211e+01,2.200107e+01,2.204932e+01,2.201486e+01,2.190451e+01,2.191831e+01,2.192521e+01,2.198729e+01,2.199418e+01,2.203554e+01,2.217328e+01,2.209066e+01,2.202865e+01,2.210443e+01,2.226959e+01,2.211821e+01,2.232458e+01,2.214575e+01,2.225584e+01,2.229022e+01,2.224896e+01,2.222833e+01,2.227647e+01,2.224896e+01,2.229022e+01,2.226959e+01,2.231084e+01,2.220081e+01,2.226959e+01,2.211132e+01,2.227647e+01,2.221457e+01,2.232458e+01,2.224896e+01,2.220081e+01,2.217328e+01,2.222833e+01,2.218705e+01,2.223520e+01,2.226271e+01,2.229022e+01,2.221457e+01,2.218705e+01,2.215263e+01,2.219393e+01,2.228334e+01,2.219393e+01,2.203554e+01,2.216640e+01,2.222145e+01,2.206310e+01,2.209755e+01,2.221457e+01,2.206310e+01,2.206999e+01,2.206310e+01,2.211821e+01,2.207688e+01,2.208377e+01,2.207688e+01,2.206999e+01,2.200797e+01,2.202865e+01,2.192521e+01,2.202176e+01,2.192521e+01,2.209755e+01,2.197349e+01,2.196660e+01,2.188381e+01,2.195280e+01,2.210443e+01,2.191141e+01,2.193901e+01,2.200797e+01,2.193211e+01,2.193901e+01,2.195280e+01,2.192521e+01,2.193211e+01,2.199418e+01,2.175949e+01,2.185620e+01,2.182858e+01,2.194591e+01,2.182858e+01,2.187691e+01,2.187691e+01,2.188381e+01,2.181476e+01,2.185620e+01,2.184929e+01,2.182167e+01,2.180095e+01,2.197349e+01,2.195970e+01,2.171111e+01,2.164195e+01,2.148963e+01,2.152427e+01,2.137177e+01,2.146191e+01,2.149656e+01,2.157967e+01,2.153812e+01,2.151042e+01,2.155890e+01,2.142725e+01,2.148963e+01,2.151042e+01,2.151734e+01,2.148270e+01,2.149656e+01,2.146884e+01,2.146191e+01,2.150349e+01,2.141339e+01,2.141339e+01,2.142725e+01,2.153812e+01,2.144112e+01,2.141339e+01,2.135790e+01,2.137177e+01,2.133708e+01,2.134402e+01,2.121905e+01,2.120515e+01,2.106609e+01,2.113565e+01,2.113565e+01,2.108696e+01,2.114955e+01,2.102434e+01,2.110783e+01,2.112869e+01,2.122600e+01,2.119820e+01,2.126072e+01,2.125378e+01,2.130932e+01,2.130932e+01,2.119126e+01,2.117041e+01,2.132320e+01,2.121210e+01,2.121905e+01,2.129544e+01,2.121905e+01,2.105914e+01,2.126767e+01,2.122600e+01,2.122600e+01,2.125378e+01,2.122600e+01,2.128156e+01,2.119820e+01,2.108001e+01,2.098256e+01,2.095471e+01,2.077344e+01,2.091987e+01,2.075949e+01,2.077344e+01,2.079438e+01,2.084320e+01,2.094077e+01,2.096864e+01,2.094077e+01,2.093381e+01,2.100345e+01,2.108001e+01,2.116345e+01,2.121210e+01,2.127461e+01,2.126072e+01,2.127461e+01,2.110783e+01,2.133014e+01,2.140645e+01,2.130238e+01,2.139952e+01,2.147577e+01,2.144805e+01,2.142725e+01,2.133708e+01,2.135096e+01,2.142725e+01,2.134402e+01,2.131626e+01,2.121210e+01,2.126767e+01,2.121905e+01,2.129544e+01,2.116345e+01,2.117041e+01,2.121210e+01,2.108696e+01,2.111479e+01,2.110088e+01,2.118431e+01,2.140645e+01,2.229709e+01,2.478283e+01,2.740743e+01,2.905753e+01,2.951430e+01,2.937940e+01,2.921214e+01,2.870882e+01,2.848221e+01,2.802756e+01,2.755136e+01,2.700078e+01,2.626882e+01,2.557841e+01,2.432548e+01,2.326861e+01,2.252369e+01,2.198039e+01,2.181476e+01,2.155197e+01,2.141339e+01,2.135790e+01,2.133708e+01,2.125378e+01,2.123989e+01,2.128850e+01,2.123294e+01,2.124683e+01,2.127461e+01,2.130238e+01,2.139258e+01,2.131626e+01,2.135790e+01,2.131626e+01,2.139952e+01,2.135096e+01,2.136484e+01,2.148270e+01,2.145498e+01,2.139258e+01,2.137871e+01,2.147577e+01,2.137177e+01,2.148963e+01,2.147577e+01,2.145498e+01,2.158659e+01,2.146884e+01,2.155197e+01,2.155890e+01,2.155890e+01,2.147577e+01,2.148963e+01,2.149656e+01,2.155197e+01,2.137177e+01,2.150349e+01,2.151734e+01,2.148270e+01,2.150349e+01,2.143419e+01,2.146191e+01,2.144805e+01,2.146191e+01,2.142725e+01,2.144805e+01,2.137871e+01,2.143419e+01,2.142032e+01,2.142725e+01,2.141339e+01,2.137177e+01,2.137177e+01,2.126072e+01,2.125378e+01,2.135790e+01,2.137177e+01,2.123294e+01,2.135790e+01,2.130932e+01,2.118431e+01,2.119126e+01,2.121210e+01,2.121210e+01,2.117041e+01,2.110088e+01,2.110088e+01,2.100345e+01,2.107305e+01,2.086412e+01,2.085715e+01,2.084320e+01,2.088503e+01,2.075949e+01,2.076647e+01,2.076647e+01,2.067570e+01,2.063379e+01,2.071062e+01,2.073157e+01,2.071062e+01,2.078042e+01,2.069666e+01,2.065475e+01,2.058486e+01,2.071761e+01,2.047994e+01,2.060583e+01,2.063379e+01,2.072459e+01,2.064078e+01,2.054990e+01,2.059185e+01,2.056389e+01,2.068967e+01,2.038192e+01,2.043094e+01,2.040294e+01,2.031886e+01,2.066174e+01,2.057787e+01,2.064776e+01,2.060583e+01,2.059185e+01,2.080135e+01,2.071761e+01,2.078042e+01,2.090594e+01,2.073157e+01,2.082228e+01,2.099649e+01,2.091291e+01,2.090594e+01,2.091291e+01,2.091987e+01,2.099649e+01,2.097560e+01,2.096167e+01,2.094077e+01,2.092684e+01,2.085017e+01,2.088503e+01,2.093381e+01,2.081530e+01,2.095471e+01,2.091291e+01,2.091291e+01,2.084320e+01,2.078042e+01,2.080833e+01,2.081530e+01,2.084320e+01,2.085017e+01,2.083623e+01,2.082925e+01,2.095471e+01,2.086412e+01,2.087806e+01,2.091291e+01,2.091987e+01,2.088503e+01,2.103130e+01,2.097560e+01,2.104522e+01,2.089897e+01,2.091291e+01,2.087806e+01,2.093381e+01,2.084320e+01,2.094774e+01,2.101738e+01,2.094077e+01,2.101738e+01,2.098953e+01,2.095471e+01,2.098953e+01,2.101738e+01,2.102434e+01,2.108001e+01,2.112174e+01,2.114955e+01,2.122600e+01,2.113565e+01,2.113565e+01,2.115650e+01,2.116345e+01,2.121905e+01,2.122600e+01,2.132320e+01,2.114955e+01,2.117041e+01,2.115650e+01,2.124683e+01,2.128156e+01,2.123294e+01,2.121905e+01,2.114955e+01,2.103826e+01,2.117736e+01,2.101042e+01,2.089200e+01,2.086412e+01,2.092684e+01,2.089200e+01,2.078740e+01,2.088503e+01,2.087109e+01,2.085715e+01,2.084320e+01,2.087109e+01,2.078042e+01,2.085715e+01,2.087806e+01,2.103130e+01,2.098953e+01,2.092684e+01,2.097560e+01,2.105218e+01,2.096864e+01,2.103826e+01,2.106609e+01,2.110783e+01,2.103826e+01,2.105218e+01,2.104522e+01,2.103130e+01,2.110088e+01,2.102434e+01,2.108696e+01,2.109392e+01,2.112869e+01,2.107305e+01,2.104522e+01,2.104522e+01,2.105914e+01,2.105914e+01,2.108001e+01,2.110783e+01,2.107305e+01,2.110783e+01,2.096864e+01,2.095471e+01,2.104522e+01,2.105218e+01,2.106609e+01,2.123294e+01,2.117041e+01,2.122600e+01,2.128156e+01,2.130238e+01,2.130932e+01,2.123989e+01,2.137177e+01,2.133708e+01,2.127461e+01,2.133708e+01,2.138565e+01,2.139258e+01,2.136484e+01,2.144112e+01,2.177332e+01,2.226959e+01,2.290707e+01,2.377129e+01,2.454768e+01,2.487004e+01,2.523819e+01,2.573814e+01,2.574479e+01,2.609002e+01,2.609002e+01,2.641430e+01,2.640108e+01,2.626221e+01,2.624897e+01,2.625559e+01,2.607676e+01,2.615628e+01,2.610327e+01,2.591091e+01,2.585113e+01,2.546513e+01,2.528495e+01,2.503084e+01,2.466868e+01,2.417709e+01,2.392703e+01,2.359495e+01,2.332988e+01,2.313915e+01,2.294123e+01,2.252369e+01,2.248939e+01,2.221457e+01,2.213886e+01,2.206310e+01,2.208377e+01,2.193211e+01,2.186310e+01,2.173876e+01,2.178022e+01,2.178022e+01,2.180095e+01,2.177332e+01,2.178713e+01,2.157967e+01,2.157967e+01,2.155197e+01,2.161427e+01,2.155197e+01,2.148270e+01,2.151042e+01,2.162119e+01,2.155197e+01,2.154505e+01,2.158659e+01,2.151042e+01,2.152427e+01,2.155890e+01,2.158659e+01,2.163503e+01,2.157274e+01,2.153812e+01,2.144805e+01,2.154505e+01,2.155197e+01,2.142032e+01,2.160043e+01,2.158659e+01,2.162811e+01,2.160735e+01,2.168345e+01,2.169037e+01,2.162119e+01,2.191831e+01,2.198729e+01,2.188381e+01,2.201486e+01,2.195970e+01,2.204243e+01,2.202865e+01,2.208377e+01,2.218016e+01,2.215263e+01,2.222833e+01,2.217328e+01,2.224208e+01,2.218016e+01,2.234520e+01,2.224208e+01,2.221457e+01,2.225584e+01,2.226959e+01,2.223520e+01,2.231771e+01,2.227647e+01,2.227647e+01,2.223520e+01,2.229022e+01,2.210443e+01,2.226271e+01,2.226959e+01,2.231084e+01,2.229709e+01,2.227647e+01,2.226271e+01,2.222833e+01,2.235207e+01,2.231771e+01,2.222833e+01,2.236581e+01,2.235894e+01,2.224208e+01,2.242762e+01,2.238642e+01,2.245507e+01,2.236581e+01,2.237955e+01,2.231084e+01,2.236581e+01,2.238642e+01,2.231771e+01,2.238642e+01,2.222833e+01,2.225584e+01,2.240015e+01,2.239328e+01,2.224208e+01,2.240702e+01,2.238642e+01,2.235894e+01,2.237955e+01,2.232458e+01,2.242762e+01,2.244821e+01,2.236581e+01,2.238642e+01,2.238642e+01,2.244821e+01,2.236581e+01,2.238642e+01,2.235894e+01,2.240015e+01,2.242762e+01,2.235894e+01,2.235207e+01,2.239328e+01,2.255112e+01,2.235207e+01,2.240702e+01,2.238642e+01,2.242762e+01,2.242075e+01,2.244135e+01,2.244821e+01,2.232458e+01,2.239328e+01,2.239328e+01,2.244821e+01,2.249625e+01,2.248252e+01,2.244821e+01,2.249625e+01,2.256483e+01,2.259225e+01,2.255112e+01,2.261282e+01
2.208377e+01,2.211821e+01,2.211821e+01,2.204243e+01,2.206310e+01,2.209755e+01,2.207688e+01,2.205621e+01,2.209755e+01,2.190451e+01,2.192521e+01,2.194591e+01,2.191141e+01,2.192521e+01,2.189761e+01,2.211821e+01,2.184239e+01,2.187691e+01,2.198729e+01,2.201486e+01,2.202176e+01,2.205621e+01,2.209755e+01,2.212509e+01,2.214575e+01,2.216640e+01,2.209066e+01,2.229709e+01,2.215952e+01,2.224896e+01,2.214575e+01,2.224896e+01,2.229709e+01,2.226271e+01,2.237955e+01,2.228334e+01,2.229022e+01,2.229022e+01,2.228334e+01,2.225584e+01,2.222145e+01,2.229709e+01,2.220769e+01,2.218016e+01,2.226959e+01,2.219393e+01,2.222145e+01,2.213886e+01,2.225584e+01,2.220081e+01,2.223520e+01,2.223520e+01,2.220769e+01,2.222145e+01,2.217328e+01,2.224896e+01,2.204932e+01,2.222145e+01,2.215952e+01,2.218016e+01,2.221457e+01,2.216640e+01,2.215263e+01,2.204932e+01,2.214575e+01,2.213198e+01,2.205621e+01,2.207688e+01,2.206310e+01,2.206999e+01,2.203554e+01,2.201486e+01,2.201486e+01,2.203554e+01,2.205621e+01,2.202176e+01,2.205621e+01,2.198039e+01,2.200107e+01,2.191141e+01,2.190451e+01,2.193211e+01,2.191141e+01,2.174567e+01,2.182167e+01,2.184239e+01,2.186310e+01,2.187691e+01,2.194591e+01,2.191831e+01,2.188381e+01,2.195280e+01,2.194591e+01,2.182167e+01,2.195280e+01,2.189761e+01,2.177332e+01,2.191831e+01,2.190451e+01,2.189071e+01,2.191141e+01,2.184239e+01,2.190451e+01,2.182858e+01,2.186310e+01,2.178713e+01,2.182167e+01,2.155197e+01,2.168345e+01,2.151042e+01,2.145498e+01,2.145498e+01,2.146884e+01,2.151042e+01,2.157967e+01,2.151734e+01,2.155197e+01,2.141339e+01,2.144805e+01,2.146191e+01,2.155890e+01,2.146884e+01,2.151042e+01,2.148963e+01,2.144805e+01,2.143419e+01,2.148270e+01,2.137177e+01,2.140645e+01,2.141339e+01,2.131626e+01,2.135096e+01,2.135790e+01,2.141339e+01,2.122600e+01,2.117736e+01,2.111479e+01,2.109392e+01,2.103130e+01,2.100345e+01,2.110088e+01,2.103130e+01,2.095471e+01,2.100345e+01,2.105218e+01,2.086412e+01,2.119126e+01,2.117736e+01,2.104522e+01,2.103826e+01,2.122600e+01,2.117041e+01,2.123294e+01,2.127461e+01,2.123989e+01,2.141339e+01,2.122600e+01,2.123294e+01,2.111479e+01,2.119126e+01,2.119126e+01,2.118431e+01,2.121905e+01,2.110088e+01,2.121905e+01,2.118431e+01,2.121905e+01,2.114955e+01,2.107305e+01,2.097560e+01,2.097560e+01,2.089200e+01,2.093381e+01,2.081530e+01,2.078042e+01,2.077344e+01,2.082925e+01,2.088503e+01,2.094774e+01,2.096864e+01,2.115650e+01,2.112869e+01,2.105914e+01,2.115650e+01,2.117736e+01,2.126767e+01,2.128156e+01,2.127461e+01,2.126072e+01,2.130238e+01,2.135790e+01,2.134402e+01,2.127461e+01,2.138565e+01,2.137871e+01,2.142725e+01,2.135096e+01,2.126767e+01,2.131626e+01,2.129544e+01,2.133708e+01,2.117041e+01,2.129544e+01,2.120515e+01,2.126767e+01,2.117736e+01,2.124683e+01,2.112869e+01,2.116345e+01,2.112869e+01,2.112174e+01,2.108696e+01,2.176641e+01,2.358816e+01,2.638786e+01,2.863118e+01,2.940511e+01,2.965545e+01,2.948220e+01,2.919283e+01,2.886394e+01,2.852757e+01,2.805359e+01,2.753828e+01,2.702049e+01,2.626882e+01,2.537841e+01,2.398115e+01,2.290707e+01,2.235894e+01,2.184929e+01,2.155890e+01,2.144805e+01,2.133014e+01,2.138565e+01,2.135790e+01,2.127461e+01,2.123989e+01,2.126072e+01,2.130238e+01,2.125378e+01,2.126767e+01,2.127461e+01,2.138565e+01,2.133708e+01,2.130932e+01,2.135790e+01,2.139258e+01,2.137177e+01,2.139952e+01,2.139258e+01,2.135096e+01,2.144112e+01,2.141339e+01,2.138565e+01,2.152427e+01,2.145498e+01,2.146191e+01,2.145498e+01,2.148270e+01,2.150349e+01,2.153119e+01,2.156582e+01,2.153812e+01,2.157967e+01,2.161427e+01,2.148270e+01,2.152427e+01,2.148270e+01,2.157967e+01,2.153812e+01,2.142725e+01,2.147577e+01,2.146884e+01,2.148270e+01,2.142725e+01,2.140645e+01,2.140645e+01,2.144112e+01,2.142725e+01,2.135790e+01,2.148270e+01,2.139258e+01,2.138565e+01,2.134402e+01,2.142032e+01,2.128850e+01,2.131626e+01,2.132320e+01,2.119126e+01,2.121905e+01,2.122600e+01,2.121210e+01,2.123989e+01,2.117736e+01,2.116345e+01,2.122600e+01,2.108696e+01,2.110088e+01,2.109392e+01,2.109392e+01,2.088503e+01,2.087806e+01,2.080833e+01,2.088503e+01,2.085017e+01,2.090594e+01,2.074553e+01,2.082228e+01,2.066174e+01,2.084320e+01,2.085715e+01,2.075949e+01,2.069666e+01,2.072459e+01,2.067570e+01,2.068967e+01,2.055690e+01,2.064078e+01,2.062680e+01,2.074553e+01,2.061981e+01,2.054990e+01,2.046595e+01,2.043795e+01,2.057787e+01,2.050094e+01,2.041694e+01,2.037492e+01,2.037492e+01,2.029082e+01,2.038192e+01,2.055690e+01,2.051493e+01,2.056389e+01,2.064078e+01,2.058486e+01,2.065475e+01,2.068967e+01,2.067570e+01,2.074553e+01,2.091291e+01,2.087109e+01,2.084320e+01,2.091987e+01,2.091987e+01,2.089897e+01,2.099649e+01,2.092684e+01,2.100345e+01,2.091987e+01,2.080833e+01,2.086412e+01,2.096167e+01,2.089897e+01,2.097560e+01,2.086412e+01,2.085715e+01,2.091987e+01,2.089200e+01,2.080135e+01,2.078740e+01,2.080833e+01,2.068269e+01,2.081530e+01,2.080833e+01,2.089200e+01,2.086412e+01,2.087109e+01,2.087806e+01,2.088503e+01,2.080135e+01,2.094774e+01,2.094774e+01,2.087806e+01,2.085715e+01,2.094077e+01,2.089897e+01,2.095471e+01,2.092684e+01,2.089200e+01,2.094077e+01,2.094774e+01,2.094077e+01,2.096167e+01,2.094077e+01,2.094774e+01,2.098953e+01,2.094774e+01,2.103130e+01,2.117041e+01,2.114955e+01,2.117041e+01,2.125378e+01,2.115650e+01,2.119820e+01,2.123294e+01,2.112869e+01,2.129544e+01,2.123294e+01,2.121905e+01,2.117041e+01,2.119126e+01,2.115650e+01,2.121905e+01,2.126072e+01,2.126072e+01,2.125378e+01,2.112869e+01,2.122600e+01,2.106609e+01,2.103826e+01,2.103826e+01,2.106609e+01,2.090594e+01,2.091291e+01,2.091291e+01,2.105914e+01,2.078740e+01,2.081530e+01,2.087109e+01,2.078740e+01,2.084320e+01,2.084320e+01,2.083623e+01,2.088503e+01,2.096167e+01,2.098256e+01,2.096167e+01,2.099649e+01,2.108001e+01,2.102434e+01,2.110783e+01,2.105914e+01,2.108696e+01,2.114260e+01,2.107305e+01,2.105914e+01,2.107305e+01,2.104522e+01,2.124683e+01,2.125378e+01,2.106609e+01,2.105218e+01,2.112174e+01,2.100345e+01,2.104522e+01,2.107305e+01,2.108001e+01,2.115650e+01,2.108696e+01,2.107305e+01,2.097560e+01,2.111479e+01,2.101738e+01,2.105914e+01,2.104522e+01,2.116345e+01,2.119820e+01,2.119820e+01,2.124683e+01,2.128850e+01,2.132320e+01,2.131626e+01,2.135790e+01,2.130238e+01,2.127461e+01,2.129544e+01,2.136484e+01,2.137871e+01,2.139952e+01,2.142032e+01,2.173185e+01,2.199418e+01,2.255112e+01,2.290707e+01,2.377807e+01,2.456786e+01,2.508439e+01,2.551845e+01,2.553178e+01,2.612315e+01,2.614965e+01,2.630190e+01,2.640769e+01,2.644733e+01,2.638125e+01,2.634159e+01,2.628206e+01,2.628206e+01,2.610990e+01,2.622911e+01,2.610327e+01,2.586442e+01,2.569158e+01,2.546513e+01,2.509108e+01,2.470898e+01,2.441307e+01,2.400820e+01,2.354742e+01,2.340471e+01,2.298221e+01,2.297539e+01,2.279768e+01,2.250997e+01,2.216640e+01,2.207688e+01,2.204243e+01,2.206310e+01,2.199418e+01,2.175949e+01,2.178713e+01,2.176641e+01,2.175949e+01,2.175949e+01,2.171111e+01,2.170420e+01,2.158659e+01,2.172494e+01,2.157274e+01,2.157274e+01,2.148963e+01,2.155197e+01,2.144112e+01,2.152427e+01,2.153119e+01,2.153812e+01,2.151734e+01,2.160043e+01,2.159351e+01,2.156582e+01,2.150349e+01,2.151734e+01,2.148963e+01,2.155197e+01,2.155890e+01,2.147577e+01,2.137871e+01,2.154505e+01,2.155197e+01,2.157274e+01,2.159351e+01,2.184929e+01,2.163503e+01,2.174567e+01,2.178713e+01,2.189071e+01,2.173876e+01,2.193211e+01,2.201486e+01,2.188381e+01,2.201486e+01,2.209755e+01,2.212509e+01,2.217328e+01,2.221457e+01,2.223520e+01,2.223520e+01,2.218016e+01,2.218016e+01,2.230396e+01,2.218016e+01,2.222145e+01,2.219393e+01,2.226271e+01,2.224896e+01,2.222833e+01,2.231084e+01,2.227647e+01,2.232458e+01,2.233833e+01,2.224896e+01,2.224208e+01,2.227647e+01,2.233146e+01,2.235894e+01,2.224896e+01,2.226959e+01,2.226959e+01,2.234520e+01,2.231771e+01,2.233833e+01,2.234520e+01,2.237955e+01,2.234520e+01,2.229709e+01,2.235207e+01,2.241389e+01,2.231771e+01,2.229709e+01,2.231771e+01,2.260596e+01,2.228334e+01,2.241389e+01,2.227647e+01,2.231084e+01,2.238642e+01,2.237955e+01,2.240015e+01,2.237955e+01,2.237955e+01,2.231084e+01,2.237955e+01,2.247566e+01,2.250997e+01,2.231771e+01,2.241389e+01,2.225584e+01,2.238642e+01,2.246880e+01,2.240015e+01,2.242075e+01,2.231771e+01,2.230396e+01,2.242762e+01,2.241389e+01,2.240702e+01,2.239328e+01,2.239328e+01,2.238642e+01,2.246880e+01,2.241389e+01,2.229022e+01,2.242762e+01,2.243448e+01,2.245507e+01,2.243448e+01,2.244821e+01,2.246194e+01,2.240015e+01,2.250997e+01,2.242762e+01,2.257854e+01,2.242075e+01,2.250311e+01,2.253741e+01,2.259225e+01,2.256483e+01,2.260596e+01
2.200107e+01,2.209755e+01,2.211132e+01,2.199418e+01,2.210443e+01,2.206999e+01,2.200107e+01,2.199418e+01,2.191831e+01,2.190451e+01,2.205621e+01,2.206310e+01,2.196660e+01,2.195280e+01,2.198039e+01,2.199418e+01,2.197349e+01,2.190451e+01,2.196660e+01,2.196660e+01,2.193211e+01,2.199418e+01,2.212509e+01,2.208377e+01,2.216640e+01,2.214575e+01,2.206999e+01,2.218705e+01,2.216640e+01,2.233146e+01,2.215952e+01,2.223520e+01,2.232458e+01,2.224208e+01,2.238642e+01,2.233146e+01,2.231084e+01,2.226271e+01,2.230396e+01,2.225584e+01,2.222833e+01,2.227647e+01,2.227647e+01,2.217328e+01,2.217328e+01,2.219393e+01,2.217328e+01,2.220769e+01,2.219393e+01,2.212509e+01,2.216640e+01,2.218705e+01,2.220081e+01,2.216640e+01,2.219393e+01,2.218705e+01,2.215952e+01,2.218705e+01,2.215263e+01,2.220769e+01,2.218705e+01,2.201486e+01,2.211821e+01,2.204243e+01,2.204932e+01,2.206310e+01,2.203554e+01,2.200797e+01,2.205621e+01,2.200797e+01,2.201486e+01,2.204932e+01,2.200107e+01,2.199418e+01,2.184929e+01,2.196660e+01,2.182167e+01,2.182858e+01,2.203554e+01,2.201486e+01,2.186310e+01,2.184929e+01,2.175949e+01,2.185620e+01,2.193901e+01,2.189071e+01,2.193211e+01,2.178022e+01,2.191141e+01,2.191831e+01,2.185620e+01,2.193211e+01,2.180786e+01,2.182167e+01,2.178713e+01,2.181476e+01,2.178713e+01,2.199418e+01,2.190451e+01,2.192521e+01,2.186310e+01,2.180786e+01,2.189071e+01,2.182858e+01,2.195280e+01,2.180786e+01,2.192521e+01,2.162811e+01,2.158659e+01,2.146191e+01,2.143419e+01,2.139258e+01,2.144805e+01,2.139258e+01,2.139952e+01,2.161427e+01,2.155890e+01,2.142725e+01,2.146884e+01,2.147577e+01,2.142725e+01,2.151042e+01,2.149656e+01,2.148270e+01,2.146191e+01,2.150349e+01,2.148270e+01,2.143419e+01,2.139258e+01,2.128850e+01,2.132320e+01,2.129544e+01,2.119820e+01,2.129544e+01,2.120515e+01,2.119820e+01,2.114260e+01,2.114955e+01,2.105218e+01,2.099649e+01,2.094774e+01,2.091291e+01,2.079438e+01,2.091291e+01,2.095471e+01,2.111479e+01,2.110088e+01,2.117041e+01,2.113565e+01,2.117736e+01,2.113565e+01,2.114260e+01,2.108696e+01,2.117736e+01,2.121210e+01,2.117041e+01,2.119820e+01,2.122600e+01,2.110783e+01,2.113565e+01,2.117736e+01,2.117736e+01,2.121905e+01,2.119820e+01,2.119126e+01,2.115650e+01,2.109392e+01,2.112869e+01,2.096864e+01,2.097560e+01,2.095471e+01,2.096864e+01,2.094077e+01,2.080135e+01,2.087806e+01,2.081530e+01,2.078740e+01,2.079438e+01,2.096864e+01,2.091987e+01,2.094077e+01,2.094077e+01,2.095471e+01,2.106609e+01,2.113565e+01,2.115650e+01,2.112174e+01,2.112174e+01,2.130238e+01,2.117041e+01,2.135096e+01,2.139258e+01,2.138565e+01,2.126072e+01,2.133014e+01,2.132320e+01,2.126767e+01,2.130238e+01,2.123294e+01,2.128156e+01,2.133014e+01,2.119820e+01,2.123989e+01,2.118431e+01,2.126072e+01,2.122600e+01,2.108696e+01,2.112869e+01,2.117041e+01,2.112174e+01,2.108001e+01,2.144805e+01,2.274294e+01,2.539843e+01,2.776689e+01,2.930224e+01,2.972596e+01,2.953998e+01,2.939225e+01,2.912198e+01,2.887040e+01,2.843035e+01,2.804708e+01,2.752521e+01,2.679028e+01,2.599055e+01,2.491697e+01,2.347269e+01,2.272925e+01,2.206999e+01,2.179404e+01,2.156582e+01,2.154505e+01,2.137177e+01,2.133708e+01,2.120515e+01,2.127461e+01,2.122600e+01,2.115650e+01,2.123294e+01,2.126767e+01,2.131626e+01,2.123989e+01,2.134402e+01,2.130238e+01,2.130238e+01,2.128850e+01,2.134402e+01,2.135790e+01,2.130932e+01,2.135790e+01,2.139952e+01,2.136484e+01,2.139258e+01,2.136484e+01,2.133708e+01,2.142032e+01,2.145498e+01,2.146884e+01,2.144112e+01,2.145498e+01,2.155890e+01,2.146191e+01,2.146191e+01,2.164195e+01,2.150349e+01,2.149656e+01,2.151734e+01,2.149656e+01,2.151734e+01,2.156582e+01,2.158659e+01,2.148963e+01,2.146884e+01,2.150349e+01,2.148270e+01,2.141339e+01,2.138565e+01,2.144112e+01,2.139952e+01,2.138565e+01,2.138565e+01,2.126072e+01,2.149656e+01,2.137871e+01,2.135790e+01,2.125378e+01,2.137871e+01,2.135790e+01,2.126767e+01,2.121210e+01,2.126767e+01,2.120515e+01,2.121905e+01,2.117041e+01,2.108001e+01,2.110088e+01,2.107305e+01,2.105914e+01,2.110783e+01,2.108696e+01,2.102434e+01,2.087806e+01,2.076647e+01,2.074553e+01,2.089897e+01,2.089200e+01,2.069666e+01,2.081530e+01,2.082228e+01,2.085715e+01,2.073855e+01,2.078740e+01,2.085017e+01,2.075251e+01,2.078740e+01,2.066174e+01,2.067570e+01,2.063379e+01,2.055690e+01,2.057088e+01,2.050793e+01,2.040294e+01,2.039593e+01,2.045195e+01,2.040294e+01,2.053592e+01,2.032587e+01,2.027679e+01,2.029082e+01,2.021366e+01,2.038893e+01,2.050094e+01,2.039593e+01,2.051493e+01,2.068967e+01,2.062680e+01,2.073157e+01,2.078042e+01,2.074553e+01,2.078740e+01,2.079438e+01,2.090594e+01,2.091291e+01,2.089200e+01,2.105218e+01,2.103130e+01,2.092684e+01,2.098256e+01,2.103826e+01,2.088503e+01,2.089897e+01,2.094774e+01,2.089897e+01,2.101738e+01,2.087109e+01,2.094077e+01,2.096167e+01,2.094077e+01,2.090594e+01,2.081530e+01,2.073157e+01,2.075251e+01,2.073855e+01,2.078042e+01,2.071761e+01,2.086412e+01,2.087806e+01,2.087109e+01,2.088503e+01,2.091987e+01,2.089200e+01,2.085715e+01,2.090594e+01,2.086412e+01,2.083623e+01,2.091291e+01,2.087806e+01,2.091987e+01,2.093381e+01,2.089897e+01,2.092684e+01,2.092684e+01,2.096864e+01,2.096167e+01,2.093381e+01,2.095471e+01,2.096864e+01,2.083623e+01,2.095471e+01,2.105218e+01,2.114955e+01,2.117736e+01,2.123294e+01,2.110783e+01,2.119820e+01,2.114260e+01,2.112869e+01,2.123989e+01,2.121905e+01,2.118431e+01,2.123989e+01,2.117041e+01,2.124683e+01,2.128850e+01,2.126767e+01,2.119820e+01,2.120515e+01,2.124683e+01,2.119820e+01,2.109392e+01,2.108696e+01,2.114955e+01,2.108696e+01,2.101738e+01,2.096167e+01,2.103826e+01,2.084320e+01,2.079438e+01,2.088503e+01,2.082228e+01,2.088503e+01,2.076647e+01,2.084320e+01,2.078042e+01,2.085017e+01,2.089200e+01,2.100345e+01,2.100345e+01,2.108696e+01,2.104522e+01,2.105218e+01,2.103130e+01,2.106609e+01,2.109392e+01,2.104522e+01,2.107305e+01,2.105218e+01,2.105914e+01,2.105914e+01,2.107305e+01,2.122600e+01,2.098953e+01,2.105914e+01,2.108001e+01,2.098256e+01,2.107305e+01,2.105218e+01,2.112174e+01,2.110783e+01,2.111479e+01,2.114260e+01,2.110783e+01,2.112174e+01,2.103826e+01,2.105218e+01,2.108001e+01,2.106609e+01,2.112869e+01,2.116345e+01,2.125378e+01,2.126767e+01,2.127461e+01,2.119820e+01,2.130932e+01,2.130238e+01,2.131626e+01,2.131626e+01,2.135096e+01,2.148270e+01,2.146884e+01,2.135790e+01,2.169037e+01,2.204932e+01,2.253741e+01,2.311869e+01,2.406227e+01,2.462164e+01,2.508439e+01,2.559173e+01,2.582456e+01,2.612315e+01,2.617615e+01,2.631513e+01,2.642090e+01,2.636142e+01,2.639447e+01,2.641430e+01,2.629529e+01,2.630190e+01,2.628206e+01,2.626221e+01,2.603035e+01,2.617615e+01,2.571154e+01,2.545179e+01,2.530499e+01,2.501745e+01,2.470227e+01,2.417709e+01,2.394057e+01,2.345910e+01,2.320731e+01,2.294807e+01,2.281136e+01,2.282504e+01,2.248939e+01,2.206310e+01,2.198039e+01,2.193901e+01,2.200107e+01,2.174567e+01,2.180095e+01,2.177332e+01,2.176641e+01,2.176641e+01,2.181476e+01,2.173876e+01,2.171111e+01,2.173876e+01,2.155197e+01,2.155890e+01,2.144805e+01,2.154505e+01,2.155890e+01,2.162119e+01,2.164887e+01,2.157967e+01,2.160735e+01,2.148963e+01,2.159351e+01,2.151734e+01,2.157274e+01,2.157274e+01,2.157274e+01,2.155890e+01,2.156582e+01,2.148963e+01,2.160043e+01,2.140645e+01,2.159351e+01,2.160043e+01,2.161427e+01,2.178022e+01,2.170420e+01,2.166962e+01,2.167654e+01,2.191831e+01,2.184929e+01,2.196660e+01,2.202865e+01,2.192521e+01,2.208377e+01,2.204932e+01,2.210443e+01,2.209066e+01,2.217328e+01,2.215952e+01,2.218016e+01,2.231771e+01,2.218016e+01,2.224208e+01,2.226271e+01,2.217328e+01,2.220769e+01,2.225584e+01,2.227647e+01,2.232458e+01,2.226271e+01,2.231771e+01,2.227647e+01,2.230396e+01,2.233833e+01,2.224896e+01,2.230396e+01,2.224208e+01,2.226959e+01,2.225584e+01,2.220769e+01,2.231084e+01,2.220769e+01,2.232458e+01,2.227647e+01,2.233146e+01,2.220081e+01,2.236581e+01,2.235894e+01,2.235894e+01,2.232458e+01,2.237955e+01,2.231084e+01,2.242075e+01,2.234520e+01,2.229709e+01,2.235207e+01,2.215952e+01,2.240702e+01,2.237268e+01,2.237268e+01,2.235894e+01,2.237268e+01,2.239328e+01,2.235894e+01,2.243448e+01,2.236581e+01,2.243448e+01,2.247566e+01,2.235207e+01,2.246194e+01,2.233146e+01,2.240015e+01,2.241389e+01,2.237955e+01,2.237955e+01,2.240015e+01,2.239328e+01,2.244135e+01,2.245507e+01,2.240702e+01,2.239328e+01,2.240015e+01,2.239328e+01,2.243448e+01,2.240702e+01,2.240702e+01,2.244135e+01,2.255112e+01,2.245507e+01,2.231084e+01,2.246194e+01,2.248939e+01,2.249625e+01,2.253741e+01,2.251683e+01,2.249625e+01,2.247566e+01,2.257169e+01,2.250311e+01,2.256483e+01,2.255798e+01
2.218016e+01,2.215952e+01,2.206310e+01,2.215263e+01,2.207688e+01,2.209066e+01,2.205621e+01,2.204932e+01,2.207688e+01,2.189761e+01,2.195280e+01,2.193211e+01,2.193901e+01,2.200107e+01,2.202865e+01,2.195280e+01,2.183548e+01,2.189761e+01,2.184929e+01,2.193211e+01,2.203554e+01,2.203554e+01,2.196660e+01,2.218016e+01,2.201486e+01,2.222833e+01,2.206310e+01,2.221457e+01,2.224208e+01,2.224208e+01,2.223520e+01,2.218705e+01,2.231084e+01,2.223520e+01,2.218016e+01,2.235207e+01,2.227647e+01,2.231084e+01,2.227647e+01,2.224208e+01,2.215263e+01,2.218705e+01,2.225584e+01,2.224896e+01,2.218016e+01,2.224208e+01,2.220081e+01,2.223520e+01,2.219393e+01,2.223520e+01,2.223520e+01,2.212509e+01,2.217328e+01,2.214575e+01,2.221457e+01,2.211821e+01,2.222833e+01,2.218016e+01,2.217328e+01,2.199418e+01,2.220081e+01,2.203554e+01,2.204243e+01,2.204243e+01,2.211132e+01,2.209066e+01,2.200107e+01,2.203554e+01,2.202176e+01,2.199418e+01,2.206999e+01,2.201486e+01,2.203554e+01,2.198039e+01,2.184929e+01,2.203554e+01,2.204243e+01,2.181476e+01,2.202176e+01,2.191141e+01,2.194591e+01,2.189761e+01,2.184929e+01,2.198729e+01,2.192521e+01,2.187000e+01,2.187000e+01,2.181476e+01,2.180095e+01,2.181476e+01,2.182858e+01,2.184929e+01,2.187691e+01,2.183548e+01,2.192521e+01,2.190451e+01,2.178022e+01,2.184239e+01,2.187000e+01,2.195280e+01,2.182858e+01,2.182167e+01,2.187000e+01,2.174567e+01,2.185620e+01,2.188381e+01,2.184929e+01,2.157274e+01,2.148963e+01,2.155890e+01,2.148963e+01,2.149656e+01,2.146191e+01,2.144112e+01,2.151042e+01,2.140645e+01,2.154505e+01,2.147577e+01,2.147577e+01,2.135790e+01,2.146191e+01,2.145498e+01,2.137177e+01,2.135096e+01,2.146884e+01,2.137871e+01,2.137177e+01,2.138565e+01,2.128850e+01,2.137177e+01,2.156582e+01,2.133014e+01,2.121905e+01,2.133708e+01,2.119820e+01,2.112869e+01,2.114260e+01,2.101738e+01,2.085017e+01,2.098256e+01,2.078042e+01,2.091987e+01,2.081530e+01,2.082228e+01,2.095471e+01,2.105914e+01,2.102434e+01,2.115650e+01,2.103826e+01,2.098953e+01,2.112869e+01,2.121905e+01,2.101738e+01,2.116345e+01,2.114260e+01,2.118431e+01,2.107305e+01,2.119126e+01,2.118431e+01,2.118431e+01,2.123294e+01,2.117041e+01,2.113565e+01,2.119820e+01,2.121210e+01,2.119126e+01,2.112869e+01,2.116345e+01,2.109392e+01,2.092684e+01,2.094774e+01,2.094774e+01,2.089200e+01,2.091291e+01,2.064078e+01,2.076647e+01,2.060583e+01,2.073157e+01,2.093381e+01,2.091291e+01,2.096167e+01,2.104522e+01,2.105218e+01,2.103130e+01,2.114260e+01,2.106609e+01,2.125378e+01,2.127461e+01,2.114955e+01,2.135096e+01,2.126767e+01,2.130238e+01,2.138565e+01,2.120515e+01,2.124683e+01,2.129544e+01,2.129544e+01,2.121905e+01,2.123989e+01,2.119126e+01,2.125378e+01,2.126767e+01,2.123294e+01,2.128850e+01,2.119126e+01,2.106609e+01,2.121210e+01,2.105914e+01,2.108696e+01,2.110088e+01,2.139258e+01,2.223520e+01,2.451405e+01,2.705990e+01,2.904463e+01,2.974518e+01,2.990522e+01,2.971955e+01,2.941796e+01,2.917351e+01,2.887686e+01,2.849517e+01,2.806010e+01,2.750559e+01,2.679686e+01,2.571154e+01,2.426480e+01,2.331627e+01,2.244135e+01,2.204932e+01,2.173876e+01,2.153119e+01,2.155197e+01,2.125378e+01,2.126072e+01,2.138565e+01,2.119126e+01,2.126072e+01,2.114955e+01,2.125378e+01,2.121905e+01,2.119126e+01,2.128850e+01,2.126767e+01,2.131626e+01,2.134402e+01,2.136484e+01,2.133708e+01,2.134402e+01,2.135096e+01,2.139952e+01,2.137177e+01,2.137871e+01,2.137177e+01,2.141339e+01,2.137871e+01,2.130932e+01,2.140645e+01,2.142725e+01,2.148270e+01,2.137177e+01,2.145498e+01,2.150349e+01,2.149656e+01,2.165579e+01,2.150349e+01,2.151042e+01,2.151042e+01,2.149656e+01,2.149656e+01,2.150349e+01,2.155197e+01,2.142725e+01,2.149656e+01,2.151042e+01,2.141339e+01,2.142725e+01,2.142032e+01,2.140645e+01,2.150349e+01,2.138565e+01,2.136484e+01,2.148270e+01,2.133014e+01,2.151734e+01,2.135790e+01,2.134402e+01,2.126767e+01,2.127461e+01,2.128850e+01,2.126072e+01,2.126767e+01,2.119126e+01,2.121905e+01,2.113565e+01,2.109392e+01,2.113565e+01,2.108001e+01,2.107305e+01,2.105914e+01,2.102434e+01,2.105218e+01,2.089200e+01,2.098953e+01,2.080135e+01,2.080833e+01,2.085017e+01,2.087109e+01,2.089897e+01,2.079438e+01,2.079438e+01,2.083623e+01,2.080135e+01,2.060583e+01,2.082925e+01,2.072459e+01,2.071761e+01,2.052892e+01,2.064078e+01,2.048694e+01,2.057088e+01,2.041694e+01,2.041694e+01,2.041694e+01,2.043094e+01,2.036791e+01,2.033988e+01,2.025575e+01,2.019261e+01,2.033287e+01,2.018559e+01,2.047295e+01,2.054990e+01,2.052192e+01,2.057088e+01,2.058486e+01,2.072459e+01,2.065475e+01,2.064776e+01,2.072459e+01,2.073157e+01,2.078740e+01,2.079438e+01,2.086412e+01,2.086412e+01,2.107305e+01,2.096864e+01,2.096864e+01,2.098256e+01,2.099649e+01,2.100345e+01,2.093381e+01,2.090594e+01,2.089200e+01,2.098256e+01,2.091291e+01,2.090594e+01,2.085715e+01,2.087806e+01,2.090594e+01,2.087109e+01,2.078740e+01,2.079438e+01,2.073855e+01,2.079438e+01,2.059884e+01,2.083623e+01,2.093381e+01,2.085017e+01,2.092684e+01,2.091291e+01,2.091987e+01,2.089897e+01,2.094774e+01,2.085715e+01,2.091291e+01,2.096864e+01,2.094774e+01,2.087109e+01,2.091291e+01,2.086412e+01,2.094077e+01,2.103826e+01,2.094077e+01,2.090594e+01,2.103130e+01,2.093381e+01,2.088503e+01,2.092684e+01,2.090594e+01,2.105914e+01,2.104522e+01,2.120515e+01,2.110088e+01,2.108001e+01,2.116345e+01,2.126767e+01,2.126767e+01,2.124683e+01,2.125378e+01,2.125378e+01,2.125378e+01,2.123989e+01,2.118431e+01,2.132320e+01,2.118431e+01,2.121210e+01,2.126767e+01,2.115650e+01,2.119126e+01,2.107305e+01,2.099649e+01,2.109392e+01,2.101738e+01,2.106609e+01,2.096864e+01,2.089897e+01,2.094774e+01,2.083623e+01,2.088503e+01,2.082228e+01,2.090594e+01,2.087806e+01,2.078042e+01,2.096864e+01,2.098256e+01,2.098256e+01,2.096167e+01,2.107305e+01,2.104522e+01,2.106609e+01,2.114955e+01,2.103130e+01,2.105914e+01,2.106609e+01,2.107305e+01,2.101738e+01,2.103130e+01,2.120515e+01,2.109392e+01,2.114260e+01,2.114260e+01,2.116345e+01,2.105218e+01,2.107305e+01,2.118431e+01,2.106609e+01,2.112174e+01,2.096864e+01,2.103826e+01,2.108001e+01,2.116345e+01,2.112174e+01,2.114955e+01,2.103130e+01,2.117736e+01,2.117041e+01,2.119820e+01,2.113565e+01,2.136484e+01,2.123989e+01,2.126767e+01,2.136484e+01,2.128850e+01,2.133708e+01,2.130932e+01,2.133014e+01,2.135096e+01,2.129544e+01,2.145498e+01,2.143419e+01,2.139258e+01,2.175258e+01,2.222145e+01,2.274294e+01,2.344551e+01,2.423782e+01,2.507101e+01,2.516466e+01,2.566496e+01,2.592418e+01,2.615628e+01,2.636803e+01,2.635481e+01,2.651337e+01,2.644073e+01,2.643412e+01,2.648696e+01,2.636142e+01,2.644733e+01,2.626221e+01,2.627544e+01,2.613640e+01,2.622250e+01,2.584449e+01,2.589099e+01,2.541177e+01,2.510446e+01,2.472241e+01,2.438613e+01,2.408254e+01,2.359495e+01,2.345230e+01,2.322093e+01,2.287290e+01,2.278400e+01,2.250311e+01,2.237268e+01,2.207688e+01,2.194591e+01,2.198729e+01,2.192521e+01,2.193901e+01,2.181476e+01,2.175258e+01,2.175949e+01,2.173876e+01,2.176641e+01,2.164887e+01,2.159351e+01,2.159351e+01,2.175258e+01,2.155197e+01,2.153812e+01,2.150349e+01,2.149656e+01,2.151734e+01,2.159351e+01,2.159351e+01,2.152427e+01,2.160735e+01,2.157967e+01,2.162811e+01,2.173876e+01,2.156582e+01,2.157967e+01,2.155890e+01,2.155890e+01,2.155890e+01,2.157967e+01,2.160043e+01,2.161427e+01,2.160043e+01,2.159351e+01,2.166270e+01,2.177332e+01,2.178022e+01,2.198039e+01,2.183548e+01,2.192521e+01,2.201486e+01,2.191831e+01,2.190451e+01,2.205621e+01,2.202865e+01,2.235207e+01,2.214575e+01,2.225584e+01,2.222145e+01,2.224896e+01,2.226959e+01,2.219393e+01,2.220081e+01,2.226959e+01,2.229022e+01,2.231084e+01,2.225584e+01,2.221457e+01,2.223520e+01,2.218016e+01,2.226271e+01,2.225584e+01,2.220081e+01,2.224208e+01,2.227647e+01,2.235207e+01,2.225584e+01,2.233146e+01,2.230396e+01,2.233146e+01,2.223520e+01,2.241389e+01,2.239328e+01,2.233833e+01,2.237268e+01,2.235894e+01,2.231771e+01,2.231084e+01,2.235894e+01,2.243448e+01,2.234520e+01,2.242762e+01,2.235894e+01,2.236581e+01,2.243448e+01,2.240015e+01,2.237268e+01,2.227647e+01,2.235894e+01,2.237268e+01,2.239328e+01,2.239328e+01,2.241389e+01,2.240015e+01,2.248252e+01,2.229022e+01,2.233146e+01,2.246194e+01,2.238642e+01,2.239328e+01,2.240702e+01,2.240702e+01,2.242762e+01,2.242762e+01,2.235207e+01,2.220769e+01,2.241389e+01,2.244821e+01,2.246194e+01,2.244135e+01,2.242075e+01,2.248252e+01,2.237268e+01,2.242075e+01,2.241389e+01,2.222145e+01,2.246194e+01,2.246194e+01,2.243448e+01,2.246880e+01,2.241389e+01,2.264708e+01,2.249625e+01,2.245507e+01,2.248252e+01,2.253055e+01,2.263337e+01,2.253055e+01,2.255798e+01,2.251683e+01
2.202865e+01,2.214575e+01,2.198729e+01,2.212509e+01,2.209755e+01,2.205621e+01,2.209755e+01,2.188381e+01,2.191831e+01,2.188381e+01,2.200107e+01,2.196660e+01,2.193901e+01,2.197349e+01,2.198729e+01,2.195970e+01,2.181476e+01,2.193901e+01,2.194591e+01,2.195280e+01,2.193211e+01,2.200797e+01,2.205621e+01,2.206310e+01,2.211132e+01,2.218705e+01,2.210443e+01,2.224896e+01,2.223520e+01,2.224208e+01,2.222833e+01,2.226959e+01,2.224896e+01,2.220081e+01,2.237955e+01,2.225584e+01,2.228334e+01,2.225584e+01,2.225584e+01,2.225584e+01,2.220081e+01,2.221457e+01,2.222145e+01,2.215263e+01,2.222145e+01,2.218016e+01,2.212509e+01,2.224208e+01,2.220769e+01,2.226271e+01,2.213198e+01,2.220081e+01,2.211132e+01,2.220769e+01,2.217328e+01,2.216640e+01,2.209066e+01,2.209755e+01,2.213886e+01,2.209066e+01,2.212509e+01,2.214575e+01,2.208377e+01,2.204932e+01,2.204243e+01,2.204932e+01,2.197349e+01,2.209066e+01,2.197349e+01,2.195280e+01,2.210443e+01,2.202865e+01,2.191831e+01,2.200107e+01,2.198729e+01,2.191141e+01,2.191831e+01,2.193901e+01,2.189761e+01,2.195970e+01,2.181476e+01,2.195280e+01,2.195280e+01,2.197349e+01,2.180786e+01,2.182858e+01,2.187691e+01,2.182167e+01,2.195280e+01,2.180786e+01,2.189071e+01,2.191831e+01,2.197349e+01,2.192521e+01,2.194591e+01,2.198729e+01,2.187000e+01,2.189761e+01,2.178713e+01,2.182858e+01,2.193211e+01,2.182858e+01,2.185620e+01,2.190451e+01,2.189071e+01,2.182858e+01,2.187691e+01,2.178713e+01,2.148963e+01,2.139258e+01,2.144805e+01,2.142032e+01,2.142725e+01,2.140645e+01,2.138565e+01,2.139952e+01,2.147577e+01,2.142032e+01,2.145498e+01,2.142725e+01,2.136484e+01,2.137177e+01,2.135790e+01,2.130932e+01,2.130932e+01,2.139952e+01,2.131626e+01,2.127461e+01,2.130238e+01,2.131626e+01,2.141339e+01,2.128850e+01,2.124683e+01,2.119126e+01,2.100345e+01,2.116345e+01,2.100345e+01,2.094774e+01,2.092684e+01,2.074553e+01,2.075251e+01,2.080135e+01,2.075251e+01,2.080833e+01,2.095471e+01,2.105914e+01,2.104522e+01,2.095471e+01,2.103130e+01,2.094774e+01,2.096167e+01,2.103826e+01,2.108001e+01,2.104522e+01,2.103130e+01,2.105218e+01,2.112174e+01,2.121210e+01,2.120515e+01,2.120515e+01,2.119820e+01,2.119126e+01,2.118431e+01,2.116345e+01,2.118431e+01,2.119820e+01,2.106609e+01,2.108696e+01,2.106609e+01,2.096167e+01,2.094774e+01,2.091987e+01,2.087806e+01,2.076647e+01,2.083623e+01,2.058486e+01,2.072459e+01,2.089200e+01,2.090594e+01,2.090594e+01,2.091291e+01,2.096864e+01,2.101738e+01,2.112174e+01,2.109392e+01,2.118431e+01,2.119126e+01,2.120515e+01,2.121210e+01,2.130238e+01,2.133708e+01,2.128850e+01,2.130238e+01,2.128850e+01,2.127461e+01,2.127461e+01,2.105914e+01,2.120515e+01,2.137871e+01,2.123989e+01,2.121905e+01,2.119126e+01,2.118431e+01,2.120515e+01,2.119126e+01,2.107305e+01,2.117041e+01,2.112869e+01,2.118431e+01,2.119820e+01,2.195970e+01,2.384581e+01,2.644733e+01,2.848870e+01,2.973877e+01,3.004587e+01,2.989882e+01,2.973236e+01,2.947578e+01,2.931510e+01,2.886394e+01,2.841089e+01,2.807311e+01,2.751213e+01,2.651997e+01,2.515797e+01,2.394733e+01,2.291391e+01,2.220769e+01,2.185620e+01,2.154505e+01,2.151734e+01,2.151042e+01,2.152427e+01,2.120515e+01,2.125378e+01,2.120515e+01,2.105218e+01,2.121905e+01,2.123989e+01,2.122600e+01,2.124683e+01,2.122600e+01,2.128156e+01,2.130932e+01,2.129544e+01,2.130932e+01,2.138565e+01,2.137871e+01,2.133708e+01,2.136484e+01,2.135096e+01,2.131626e+01,2.137871e+01,2.144112e+01,2.137177e+01,2.144112e+01,2.142725e+01,2.139952e+01,2.147577e+01,2.157274e+01,2.139258e+01,2.146191e+01,2.145498e+01,2.145498e+01,2.159351e+01,2.153119e+01,2.144805e+01,2.149656e+01,2.159351e+01,2.152427e+01,2.157967e+01,2.144805e+01,2.157967e+01,2.138565e+01,2.141339e+01,2.139258e+01,2.142032e+01,2.140645e+01,2.145498e+01,2.129544e+01,2.141339e+01,2.134402e+01,2.135096e+01,2.139952e+01,2.137177e+01,2.127461e+01,2.128850e+01,2.132320e+01,2.119820e+01,2.124683e+01,2.120515e+01,2.119820e+01,2.120515e+01,2.117736e+01,2.115650e+01,2.108001e+01,2.106609e+01,2.095471e+01,2.094774e+01,2.087806e+01,2.089200e+01,2.082925e+01,2.080833e+01,2.080135e+01,2.082228e+01,2.080135e+01,2.076647e+01,2.081530e+01,2.078740e+01,2.081530e+01,2.089897e+01,2.075251e+01,2.075251e+01,2.064078e+01,2.062680e+01,2.055690e+01,2.052892e+01,2.067570e+01,2.047994e+01,2.047295e+01,2.034689e+01,2.036791e+01,2.036791e+01,2.030484e+01,2.026978e+01,2.029082e+01,2.011538e+01,2.017155e+01,2.015751e+01,2.020664e+01,2.046595e+01,2.042394e+01,2.059185e+01,2.052892e+01,2.057787e+01,2.071761e+01,2.064078e+01,2.072459e+01,2.075949e+01,2.069666e+01,2.078042e+01,2.073157e+01,2.082925e+01,2.082228e+01,2.093381e+01,2.101738e+01,2.091291e+01,2.100345e+01,2.097560e+01,2.097560e+01,2.097560e+01,2.086412e+01,2.089200e+01,2.101738e+01,2.103826e+01,2.089897e+01,2.103826e+01,2.101738e+01,2.101738e+01,2.078740e+01,2.078042e+01,2.080135e+01,2.079438e+01,2.083623e+01,2.087109e+01,2.088503e+01,2.086412e+01,2.086412e+01,2.090594e+01,2.094077e+01,2.071062e+01,2.087109e+01,2.094774e+01,2.081530e+01,2.091987e+01,2.089200e+01,2.088503e+01,2.085017e+01,2.087109e+01,2.088503e+01,2.089200e+01,2.091987e+01,2.094077e+01,2.096864e+01,2.078740e+01,2.096167e+01,2.085715e+01,2.090594e+01,2.093381e+01,2.103826e+01,2.106609e+01,2.105914e+01,2.114260e+01,2.125378e+01,2.128156e+01,2.128850e+01,2.125378e+01,2.112174e+01,2.120515e+01,2.128156e+01,2.119820e+01,2.119820e+01,2.123294e+01,2.124683e+01,2.126072e+01,2.131626e+01,2.117736e+01,2.117736e+01,2.121210e+01,2.112869e+01,2.114260e+01,2.110783e+01,2.110088e+01,2.109392e+01,2.105914e+01,2.103826e+01,2.092684e+01,2.088503e+01,2.084320e+01,2.085017e+01,2.091987e+01,2.075949e+01,2.082228e+01,2.091291e+01,2.092684e+01,2.099649e+01,2.099649e+01,2.101738e+01,2.110088e+01,2.103826e+01,2.103826e+01,2.103130e+01,2.105218e+01,2.102434e+01,2.108001e+01,2.105218e+01,2.102434e+01,2.105914e+01,2.111479e+01,2.106609e+01,2.118431e+01,2.110783e+01,2.105914e+01,2.108001e+01,2.108696e+01,2.113565e+01,2.110088e+01,2.109392e+01,2.110088e+01,2.108001e+01,2.103826e+01,2.107305e+01,2.104522e+01,2.116345e+01,2.113565e+01,2.108696e+01,2.116345e+01,2.121210e+01,2.124683e+01,2.121905e+01,2.127461e+01,2.128156e+01,2.128156e+01,2.129544e+01,2.133708e+01,2.135096e+01,2.141339e+01,2.138565e+01,2.142725e+01,2.140645e+01,2.155197e+01,2.175258e+01,2.232458e+01,2.288657e+01,2.379839e+01,2.446021e+01,2.505093e+01,2.535172e+01,2.584449e+01,2.614965e+01,2.632836e+01,2.644733e+01,2.656617e+01,2.655957e+01,2.646054e+01,2.651997e+01,2.644073e+01,2.642751e+01,2.644733e+01,2.646054e+01,2.622250e+01,2.626882e+01,2.622250e+01,2.597064e+01,2.588434e+01,2.554511e+01,2.532502e+01,2.497727e+01,2.451405e+01,2.417034e+01,2.366281e+01,2.351346e+01,2.322093e+01,2.303683e+01,2.286607e+01,2.250997e+01,2.230396e+01,2.224208e+01,2.200797e+01,2.198039e+01,2.195970e+01,2.189761e+01,2.189761e+01,2.177332e+01,2.177332e+01,2.179404e+01,2.169037e+01,2.167654e+01,2.173876e+01,2.175258e+01,2.158659e+01,2.166270e+01,2.157274e+01,2.151042e+01,2.151042e+01,2.155890e+01,2.153119e+01,2.160735e+01,2.154505e+01,2.155890e+01,2.157274e+01,2.153119e+01,2.155890e+01,2.158659e+01,2.155197e+01,2.155197e+01,2.155197e+01,2.145498e+01,2.149656e+01,2.157274e+01,2.158659e+01,2.160043e+01,2.164887e+01,2.176641e+01,2.167654e+01,2.173876e+01,2.178713e+01,2.184239e+01,2.191141e+01,2.198039e+01,2.191831e+01,2.200797e+01,2.201486e+01,2.211132e+01,2.198729e+01,2.216640e+01,2.215263e+01,2.215952e+01,2.219393e+01,2.226959e+01,2.224896e+01,2.213886e+01,2.228334e+01,2.226959e+01,2.226959e+01,2.229022e+01,2.230396e+01,2.236581e+01,2.229022e+01,2.237268e+01,2.226959e+01,2.214575e+01,2.220081e+01,2.226271e+01,2.224208e+01,2.226959e+01,2.231771e+01,2.224896e+01,2.228334e+01,2.231084e+01,2.223520e+01,2.231771e+01,2.236581e+01,2.234520e+01,2.236581e+01,2.237955e+01,2.227647e+01,2.224208e+01,2.235894e+01,2.226271e+01,2.223520e+01,2.248939e+01,2.250311e+01,2.240702e+01,2.236581e+01,2.235894e+01,2.235894e+01,2.237268e+01,2.231084e+01,2.237268e+01,2.227647e+01,2.243448e+01,2.237955e+01,2.240702e+01,2.234520e+01,2.231771e+01,2.237955e+01,2.225584e+01,2.238642e+01,2.233146e+01,2.245507e+01,2.233833e+01,2.239328e+01,2.238642e+01,2.235894e+01,2.241389e+01,2.248252e+01,2.244135e+01,2.241389e+01,2.248252e+01,2.233146e+01,2.244821e+01,2.241389e+01,2.240702e+01,2.242762e+01,2.244135e+01,2.242075e+01,2.245507e+01,2.257854e+01,2.243448e+01,2.248939e+01,2.258540e+01,2.253055e+01,2.264022e+01,2.248939e+01,2.255798e+01,2.253055e+01,2.253741e+01,2.246880e+01
2.206999e+01,2.210443e+01,2.206999e+01,2.213198e+01,2.208377e+01,2.209755e+01,2.209066e+01,2.193211e+01,2.193211e+01,2.191141e+01,2.193901e+01,2.201486e+01,2.198039e+01,2.191831e+01,2.197349e+01,2.207688e+01,2.195970e+01,2.193901e+01,2.190451e+01,2.195970e+01,2.193901e+01,2.199418e+01,2.193901e+01,2.204243e+01,2.206999e+01,2.219393e+01,2.218705e+01,2.198729e+01,2.200797e+01,2.216640e+01,2.220769e+01,2.218705e+01,2.218016e+01,2.217328e+01,2.221457e+01,2.229022e+01,2.225584e+01,2.222145e+01,2.223520e+01,2.223520e+01,2.221457e+01,2.219393e+01,2.216640e+01,2.213886e+01,2.214575e+01,2.216640e+01,2.219393e+01,2.225584e+01,2.229709e+01,2.222833e+01,2.212509e+01,2.213198e+01,2.212509e+01,2.209755e+01,2.211821e+01,2.226959e+01,2.210443e+01,2.204243e+01,2.215263e+01,2.213886e+01,2.212509e+01,2.210443e+01,2.208377e+01,2.213198e+01,2.202865e+01,2.203554e+01,2.202176e+01,2.200107e+01,2.195970e+01,2.195280e+01,2.194591e+01,2.202865e+01,2.198729e+01,2.186310e+01,2.195280e+01,2.194591e+01,2.184929e+01,2.195280e+01,2.182858e+01,2.189761e+01,2.186310e+01,2.197349e+01,2.191141e+01,2.189761e+01,2.190451e+01,2.189071e+01,2.187691e+01,2.193901e+01,2.186310e+01,2.195970e+01,2.181476e+01,2.189761e+01,2.191831e+01,2.182858e+01,2.198729e+01,2.196660e+01,2.199418e+01,2.187000e+01,2.181476e+01,2.183548e+01,2.194591e+01,2.191141e+01,2.188381e+01,2.185620e+01,2.188381e+01,2.187691e+01,2.200107e+01,2.151734e+01,2.152427e+01,2.146884e+01,2.137177e+01,2.136484e+01,2.144112e+01,2.153119e+01,2.139952e+01,2.135790e+01,2.137871e+01,2.135096e+01,2.148270e+01,2.139258e+01,2.140645e+01,2.144112e+01,2.143419e+01,2.138565e+01,2.135790e+01,2.128850e+01,2.130932e+01,2.144112e+01,2.125378e+01,2.126767e+01,2.130238e+01,2.119126e+01,2.124683e+01,2.107305e+01,2.101042e+01,2.108696e+01,2.096167e+01,2.090594e+01,2.071062e+01,2.072459e+01,2.073157e+01,2.073855e+01,2.078740e+01,2.081530e+01,2.082228e+01,2.084320e+01,2.084320e+01,2.095471e+01,2.100345e+01,2.095471e+01,2.094077e+01,2.094774e+01,2.096864e+01,2.104522e+01,2.096864e+01,2.107305e+01,2.102434e+01,2.121210e+01,2.107305e+01,2.119820e+01,2.112869e+01,2.117736e+01,2.117736e+01,2.119126e+01,2.117041e+01,2.100345e+01,2.102434e+01,2.107305e+01,2.099649e+01,2.092684e+01,2.091987e+01,2.085715e+01,2.085017e+01,2.076647e+01,2.073855e+01,2.080135e+01,2.085715e+01,2.082228e+01,2.087806e+01,2.103130e+01,2.103130e+01,2.114955e+01,2.106609e+01,2.103130e+01,2.104522e+01,2.115650e+01,2.126072e+01,2.120515e+01,2.119126e+01,2.128850e+01,2.126767e+01,2.132320e+01,2.130932e+01,2.124683e+01,2.120515e+01,2.133708e+01,2.127461e+01,2.136484e+01,2.117041e+01,2.117736e+01,2.120515e+01,2.121905e+01,2.108696e+01,2.108696e+01,2.117736e+01,2.112174e+01,2.117736e+01,2.121210e+01,2.144805e+01,2.195970e+01,2.324137e+01,2.572484e+01,2.807962e+01,2.950788e+01,2.994999e+01,3.010974e+01,3.002031e+01,2.982843e+01,2.948862e+01,2.920571e+01,2.888977e+01,2.837846e+01,2.788427e+01,2.723709e+01,2.612978e+01,2.453423e+01,2.330265e+01,2.250997e+01,2.207688e+01,2.187000e+01,2.148270e+01,2.150349e+01,2.148963e+01,2.135790e+01,2.132320e+01,2.129544e+01,2.123989e+01,2.123989e+01,2.128156e+01,2.128156e+01,2.111479e+01,2.124683e+01,2.130238e+01,2.125378e+01,2.128156e+01,2.132320e+01,2.128156e+01,2.136484e+01,2.139952e+01,2.132320e+01,2.135790e+01,2.141339e+01,2.135096e+01,2.128156e+01,2.133014e+01,2.140645e+01,2.135790e+01,2.132320e+01,2.146191e+01,2.144805e+01,2.138565e+01,2.138565e+01,2.144805e+01,2.146884e+01,2.145498e+01,2.148270e+01,2.149656e+01,2.148270e+01,2.156582e+01,2.148270e+01,2.156582e+01,2.150349e+01,2.151734e+01,2.155890e+01,2.148963e+01,2.147577e+01,2.144805e+01,2.150349e+01,2.142725e+01,2.142032e+01,2.138565e+01,2.139258e+01,2.134402e+01,2.139952e+01,2.135790e+01,2.135096e+01,2.126072e+01,2.134402e+01,2.129544e+01,2.123294e+01,2.123989e+01,2.123294e+01,2.121905e+01,2.119820e+01,2.114955e+01,2.113565e+01,2.103826e+01,2.085715e+01,2.087109e+01,2.101738e+01,2.087806e+01,2.087109e+01,2.083623e+01,2.078740e+01,2.079438e+01,2.075251e+01,2.073855e+01,2.078042e+01,2.072459e+01,2.071062e+01,2.069666e+01,2.066872e+01,2.062680e+01,2.066872e+01,2.068967e+01,2.057787e+01,2.059185e+01,2.067570e+01,2.055690e+01,2.048694e+01,2.033988e+01,2.035390e+01,2.013645e+01,2.040994e+01,2.027679e+01,2.018559e+01,2.018559e+01,2.017857e+01,2.022068e+01,2.017857e+01,2.019963e+01,2.046595e+01,2.031886e+01,2.050094e+01,2.052892e+01,2.062680e+01,2.068269e+01,2.066174e+01,2.068269e+01,2.069666e+01,2.071761e+01,2.073157e+01,2.074553e+01,2.082925e+01,2.085017e+01,2.089200e+01,2.100345e+01,2.097560e+01,2.094774e+01,2.099649e+01,2.091291e+01,2.096167e+01,2.087806e+01,2.101042e+01,2.099649e+01,2.089200e+01,2.095471e+01,2.092684e+01,2.081530e+01,2.089897e+01,2.089200e+01,2.081530e+01,2.087109e+01,2.086412e+01,2.087806e+01,2.089897e+01,2.091987e+01,2.089200e+01,2.084320e+01,2.091987e+01,2.080135e+01,2.093381e+01,2.094077e+01,2.081530e+01,2.081530e+01,2.094774e+01,2.082228e+01,2.094077e+01,2.088503e+01,2.087109e+01,2.090594e+01,2.087806e+01,2.086412e+01,2.084320e+01,2.089897e+01,2.081530e+01,2.094774e+01,2.093381e+01,2.094077e+01,2.098256e+01,2.103130e+01,2.100345e+01,2.114260e+01,2.112869e+01,2.122600e+01,2.122600e+01,2.126767e+01,2.129544e+01,2.126072e+01,2.125378e+01,2.130932e+01,2.117041e+01,2.133708e+01,2.129544e+01,2.126767e+01,2.123294e+01,2.129544e+01,2.121210e+01,2.123989e+01,2.117041e+01,2.123989e+01,2.117736e+01,2.115650e+01,2.110783e+01,2.105914e+01,2.098256e+01,2.106609e+01,2.094077e+01,2.094077e+01,2.088503e+01,2.087109e+01,2.092684e+01,2.094774e+01,2.082228e+01,2.091987e+01,2.102434e+01,2.100345e+01,2.105914e+01,2.108696e+01,2.109392e+01,2.099649e+01,2.105914e+01,2.104522e+01,2.106609e+01,2.102434e+01,2.110783e+01,2.109392e+01,2.114260e+01,2.106609e+01,2.116345e+01,2.107305e+01,2.108001e+01,2.106609e+01,2.113565e+01,2.108001e+01,2.107305e+01,2.108696e+01,2.108001e+01,2.126072e+01,2.109392e+01,2.110783e+01,2.110088e+01,2.109392e+01,2.105914e+01,2.116345e+01,2.112174e+01,2.109392e+01,2.107305e+01,2.105914e+01,2.119126e+01,2.125378e+01,2.126072e+01,2.126767e+01,2.137871e+01,2.130932e+01,2.129544e+01,2.130932e+01,2.142725e+01,2.137871e+01,2.146884e+01,2.144112e+01,2.151042e+01,2.199418e+01,2.250311e+01,2.319368e+01,2.394733e+01,2.470898e+01,2.520477e+01,2.559173e+01,2.593746e+01,2.618939e+01,2.644073e+01,2.643412e+01,2.663873e+01,2.645394e+01,2.655957e+01,2.650677e+01,2.646715e+01,2.640769e+01,2.643412e+01,2.644073e+01,2.632836e+01,2.633497e+01,2.623573e+01,2.603035e+01,2.582456e+01,2.583120e+01,2.533169e+01,2.505093e+01,2.454095e+01,2.431200e+01,2.391350e+01,2.361531e+01,2.328223e+01,2.289341e+01,2.285239e+01,2.268132e+01,2.248939e+01,2.218016e+01,2.197349e+01,2.208377e+01,2.187691e+01,2.187691e+01,2.191141e+01,2.186310e+01,2.175949e+01,2.174567e+01,2.171111e+01,2.157274e+01,2.171802e+01,2.166962e+01,2.168345e+01,2.162811e+01,2.159351e+01,2.160043e+01,2.153119e+01,2.155890e+01,2.147577e+01,2.157274e+01,2.155197e+01,2.154505e+01,2.155890e+01,2.153119e+01,2.155890e+01,2.153812e+01,2.158659e+01,2.145498e+01,2.148270e+01,2.153119e+01,2.154505e+01,2.159351e+01,2.161427e+01,2.157967e+01,2.161427e+01,2.173185e+01,2.174567e+01,2.175258e+01,2.179404e+01,2.183548e+01,2.182858e+01,2.187691e+01,2.189761e+01,2.193211e+01,2.192521e+01,2.202176e+01,2.208377e+01,2.213886e+01,2.219393e+01,2.213198e+01,2.216640e+01,2.218016e+01,2.227647e+01,2.231771e+01,2.227647e+01,2.230396e+01,2.227647e+01,2.229022e+01,2.226959e+01,2.215263e+01,2.215952e+01,2.231084e+01,2.231084e+01,2.215263e+01,2.220769e+01,2.231771e+01,2.220769e+01,2.227647e+01,2.222833e+01,2.230396e+01,2.225584e+01,2.225584e+01,2.227647e+01,2.226959e+01,2.230396e+01,2.228334e+01,2.223520e+01,2.236581e+01,2.225584e+01,2.237268e+01,2.231771e+01,2.242075e+01,2.235207e+01,2.224896e+01,2.249625e+01,2.235207e+01,2.231084e+01,2.234520e+01,2.238642e+01,2.240015e+01,2.229709e+01,2.239328e+01,2.240015e+01,2.239328e+01,2.238642e+01,2.228334e+01,2.239328e+01,2.240702e+01,2.242075e+01,2.247566e+01,2.234520e+01,2.237268e+01,2.245507e+01,2.243448e+01,2.237268e+01,2.235894e+01,2.233833e+01,2.233146e+01,2.249625e+01,2.252369e+01,2.239328e+01,2.246194e+01,2.243448e+01,2.244821e+01,2.248252e+01,2.253055e+01,2.247566e+01,2.253055e+01,2.244135e+01,2.253055e+01,2.259911e+01,2.259225e+01,2.246880e+01,2.246194e+01,2.247566e+01,2.272241e+01,2.259225e+01,2.255112e+01,2.258540e+01,2.264708e+01,2.260596e+01
2.204932e+01,2.214575e+01,2.205621e+01,2.204243e+01,2.200107e+01,2.205621e+01,2.198729e+01,2.191831e+01,2.199418e+01,2.190451e+01,2.191831e+01,2.195970e+01,2.190451e+01,2.199418e+01,2.206310e+01,2.194591e+01,2.195280e+01,2.187691e+01,2.183548e+01,2.189761e+01,2.190451e+01,2.198039e+01,2.198729e+01,2.205621e+01,2.200797e+01,2.219393e+01,2.206310e+01,2.218705e+01,2.219393e+01,2.222833e+01,2.209755e+01,2.226271e+01,2.212509e+01,2.234520e+01,2.213198e+01,2.220081e+01,2.226271e+01,2.200797e+01,2.224208e+01,2.220769e+01,2.218705e+01,2.220081e+01,2.215952e+01,2.217328e+01,2.228334e+01,2.224208e+01,2.218016e+01,2.220769e+01,2.222145e+01,2.220769e+01,2.218705e+01,2.218705e+01,2.211821e+01,2.213886e+01,2.214575e+01,2.214575e+01,2.215263e+01,2.215263e+01,2.215952e+01,2.207688e+01,2.210443e+01,2.199418e+01,2.208377e+01,2.192521e+01,2.202176e+01,2.195970e+01,2.203554e+01,2.199418e+01,2.200797e+01,2.193901e+01,2.200107e+01,2.200797e+01,2.164887e+01,2.193211e+01,2.198729e+01,2.195970e+01,2.189071e+01,2.189761e+01,2.189761e+01,2.191141e+01,2.182167e+01,2.193901e+01,2.191831e+01,2.190451e+01,2.187691e+01,2.181476e+01,2.184239e+01,2.178713e+01,2.182167e+01,2.188381e+01,2.183548e+01,2.195280e+01,2.193211e+01,2.194591e+01,2.182858e+01,2.195970e+01,2.191831e+01,2.190451e+01,2.190451e+01,2.191831e+01,2.187691e+01,2.188381e+01,2.197349e+01,2.196660e+01,2.195280e+01,2.187691e+01,2.180786e+01,2.155890e+01,2.142032e+01,2.135790e+01,2.137871e+01,2.133014e+01,2.149656e+01,2.136484e+01,2.134402e+01,2.145498e+01,2.134402e+01,2.133014e+01,2.137177e+01,2.139258e+01,2.142032e+01,2.135096e+01,2.138565e+01,2.121210e+01,2.130238e+01,2.136484e+01,2.126072e+01,2.126072e+01,2.130238e+01,2.126767e+01,2.129544e+01,2.127461e+01,2.127461e+01,2.111479e+01,2.102434e+01,2.098256e+01,2.087109e+01,2.073855e+01,2.066872e+01,2.057088e+01,2.076647e+01,2.070364e+01,2.081530e+01,2.089200e+01,2.071062e+01,2.093381e+01,2.091291e+01,2.089897e+01,2.094774e+01,2.087806e+01,2.089200e+01,2.099649e+01,2.091987e+01,2.102434e+01,2.098953e+01,2.102434e+01,2.114955e+01,2.105218e+01,2.112869e+01,2.117041e+01,2.116345e+01,2.111479e+01,2.117736e+01,2.116345e+01,2.108696e+01,2.110783e+01,2.113565e+01,2.108696e+01,2.089200e+01,2.093381e+01,2.082925e+01,2.080833e+01,2.075251e+01,2.075251e+01,2.073157e+01,2.085715e+01,2.087109e+01,2.078042e+01,2.085017e+01,2.087806e+01,2.103826e+01,2.105218e+01,2.103130e+01,2.103826e+01,2.107305e+01,2.107305e+01,2.112869e+01,2.101042e+01,2.122600e+01,2.124683e+01,2.122600e+01,2.113565e+01,2.135096e+01,2.116345e+01,2.135790e+01,2.117736e+01,2.115650e+01,2.121210e+01,2.112174e+01,2.120515e+01,2.119820e+01,2.121905e+01,2.108001e+01,2.126767e+01,2.110783e+01,2.117041e+01,2.118431e+01,2.120515e+01,2.156582e+01,2.266763e+01,2.476270e+01,2.748596e+01,2.901884e+01,2.984763e+01,3.007781e+01,3.009697e+01,2.996917e+01,2.982843e+01,2.965545e+01,2.925076e+01,2.903818e+01,2.843035e+01,2.788427e+01,2.683636e+01,2.564500e+01,2.419059e+01,2.300270e+01,2.231084e+01,2.189071e+01,2.176641e+01,2.149656e+01,2.149656e+01,2.145498e+01,2.148270e+01,2.143419e+01,2.136484e+01,2.128850e+01,2.126072e+01,2.127461e+01,2.135790e+01,2.124683e+01,2.123294e+01,2.125378e+01,2.131626e+01,2.120515e+01,2.126072e+01,2.129544e+01,2.133708e+01,2.129544e+01,2.133014e+01,2.137871e+01,2.136484e+01,2.134402e+01,2.133708e+01,2.125378e+01,2.142725e+01,2.125378e+01,2.143419e+01,2.135096e+01,2.145498e+01,2.139952e+01,2.146191e+01,2.142725e+01,2.139952e+01,2.142725e+01,2.147577e+01,2.162119e+01,2.142032e+01,2.153119e+01,2.157967e+01,2.144805e+01,2.157274e+01,2.147577e+01,2.145498e+01,2.148270e+01,2.150349e+01,2.146884e+01,2.142032e+01,2.146191e+01,2.142725e+01,2.138565e+01,2.157967e+01,2.135790e+01,2.134402e+01,2.134402e+01,2.135096e+01,2.133708e+01,2.129544e+01,2.133708e+01,2.121905e+01,2.121210e+01,2.123294e+01,2.121210e+01,2.132320e+01,2.129544e+01,2.092684e+01,2.087806e+01,2.088503e+01,2.090594e+01,2.084320e+01,2.086412e+01,2.099649e+01,2.082228e+01,2.083623e+01,2.075251e+01,2.075949e+01,2.077344e+01,2.074553e+01,2.085017e+01,2.071761e+01,2.068967e+01,2.074553e+01,2.075251e+01,2.075251e+01,2.059884e+01,2.062680e+01,2.055690e+01,2.051493e+01,2.052892e+01,2.050793e+01,2.033988e+01,2.018559e+01,2.019963e+01,2.026978e+01,2.018559e+01,2.014347e+01,2.016453e+01,2.013645e+01,2.015751e+01,2.026277e+01,2.036791e+01,2.034689e+01,2.045895e+01,2.050094e+01,2.033988e+01,2.066174e+01,2.062680e+01,2.064776e+01,2.065475e+01,2.067570e+01,2.077344e+01,2.083623e+01,2.080833e+01,2.076647e+01,2.088503e+01,2.094774e+01,2.097560e+01,2.098256e+01,2.098953e+01,2.099649e+01,2.100345e+01,2.098953e+01,2.091987e+01,2.098953e+01,2.101042e+01,2.090594e+01,2.093381e+01,2.101042e+01,2.087109e+01,2.079438e+01,2.091291e+01,2.090594e+01,2.073855e+01,2.078740e+01,2.086412e+01,2.090594e+01,2.091291e+01,2.094077e+01,2.078042e+01,2.081530e+01,2.080135e+01,2.078042e+01,2.089897e+01,2.096864e+01,2.087109e+01,2.096864e+01,2.093381e+01,2.091291e+01,2.083623e+01,2.089897e+01,2.087806e+01,2.082228e+01,2.082925e+01,2.096167e+01,2.096864e+01,2.085017e+01,2.094077e+01,2.091291e+01,2.087109e+01,2.093381e+01,2.098953e+01,2.112869e+01,2.115650e+01,2.116345e+01,2.119126e+01,2.122600e+01,2.121905e+01,2.126072e+01,2.126767e+01,2.129544e+01,2.130932e+01,2.130238e+01,2.129544e+01,2.126767e+01,2.125378e+01,2.123294e+01,2.124683e+01,2.130238e+01,2.125378e+01,2.123294e+01,2.106609e+01,2.118431e+01,2.114260e+01,2.109392e+01,2.110088e+01,2.104522e+01,2.091987e+01,2.091291e+01,2.087806e+01,2.087109e+01,2.096864e+01,2.091291e+01,2.086412e+01,2.090594e+01,2.092684e+01,2.110088e+01,2.098953e+01,2.103826e+01,2.102434e+01,2.109392e+01,2.105218e+01,2.111479e+01,2.107305e+01,2.105218e+01,2.113565e+01,2.106609e+01,2.100345e+01,2.114260e+01,2.110088e+01,2.110783e+01,2.110088e+01,2.118431e+01,2.108001e+01,2.109392e+01,2.110088e+01,2.108696e+01,2.108696e+01,2.110088e+01,2.101738e+01,2.111479e+01,2.105218e+01,2.104522e+01,2.108696e+01,2.103130e+01,2.112869e+01,2.105914e+01,2.114260e+01,2.104522e+01,2.112869e+01,2.108001e+01,2.122600e+01,2.142032e+01,2.125378e+01,2.128850e+01,2.123294e+01,2.126072e+01,2.126072e+01,2.141339e+01,2.144112e+01,2.139258e+01,2.146884e+01,2.160735e+01,2.215263e+01,2.280452e+01,2.335029e+01,2.410956e+01,2.495047e+01,2.541177e+01,2.578468e+01,2.616952e+01,2.621588e+01,2.628206e+01,2.657936e+01,2.658596e+01,2.657277e+01,2.665191e+01,2.650677e+01,2.654637e+01,2.640108e+01,2.642751e+01,2.640769e+01,2.636142e+01,2.625559e+01,2.621588e+01,2.614303e+01,2.591091e+01,2.577139e+01,2.563834e+01,2.507101e+01,2.473584e+01,2.433896e+01,2.397439e+01,2.359495e+01,2.338431e+01,2.315278e+01,2.292074e+01,2.277032e+01,2.253741e+01,2.233833e+01,2.227647e+01,2.220081e+01,2.195970e+01,2.191141e+01,2.186310e+01,2.174567e+01,2.174567e+01,2.175258e+01,2.171111e+01,2.173185e+01,2.169728e+01,2.171111e+01,2.162119e+01,2.153812e+01,2.142725e+01,2.160043e+01,2.148963e+01,2.151042e+01,2.145498e+01,2.150349e+01,2.157274e+01,2.154505e+01,2.154505e+01,2.158659e+01,2.159351e+01,2.153812e+01,2.157274e+01,2.151042e+01,2.160043e+01,2.153812e+01,2.153119e+01,2.148963e+01,2.163503e+01,2.156582e+01,2.158659e+01,2.169728e+01,2.178713e+01,2.178022e+01,2.181476e+01,2.180095e+01,2.183548e+01,2.184239e+01,2.189761e+01,2.193901e+01,2.193211e+01,2.199418e+01,2.211821e+01,2.202865e+01,2.209755e+01,2.213886e+01,2.224896e+01,2.221457e+01,2.222833e+01,2.226271e+01,2.225584e+01,2.224896e+01,2.222833e+01,2.226959e+01,2.224208e+01,2.218016e+01,2.222145e+01,2.232458e+01,2.233146e+01,2.231771e+01,2.233833e+01,2.231771e+01,2.229022e+01,2.224208e+01,2.224208e+01,2.226271e+01,2.226959e+01,2.223520e+01,2.226271e+01,2.225584e+01,2.229022e+01,2.216640e+01,2.227647e+01,2.224896e+01,2.236581e+01,2.235207e+01,2.244135e+01,2.227647e+01,2.233146e+01,2.226271e+01,2.250311e+01,2.233833e+01,2.242762e+01,2.224896e+01,2.235207e+01,2.235894e+01,2.226959e+01,2.230396e+01,2.233833e+01,2.235894e+01,2.229709e+01,2.237955e+01,2.229709e+01,2.247566e+01,2.244135e+01,2.235894e+01,2.232458e+01,2.230396e+01,2.237268e+01,2.244135e+01,2.240015e+01,2.250311e+01,2.254426e+01,2.238642e+01,2.243448e+01,2.248252e+01,2.244135e+01,2.245507e+01,2.242762e+01,2.239328e+01,2.247566e+01,2.240702e+01,2.256483e+01,2.255112e+01,2.248939e+01,2.250311e+01,2.244821e+01,2.254426e+01,2.242762e+01,2.260596e+01,2.252369e+01,2.252369e+01,2.246880e+01,2.257854e+01,2.251683e+01,2.256483e+01,2.252369e+01
2.213886e+01,2.205621e+01,2.202176e+01,2.195970e+01,2.205621e+01,2.198729e+01,2.199418e+01,2.201486e+01,2.197349e+01,2.193211e+01,2.196660e+01,2.193901e+01,2.188381e+01,2.193211e+01,2.207688e+01,2.191831e+01,2.193901e+01,2.183548e+01,2.184929e+01,2.193901e+01,2.191831e+01,2.191141e+01,2.204932e+01,2.205621e+01,2.204243e+01,2.208377e+01,2.205621e+01,2.220081e+01,2.219393e+01,2.219393e+01,2.222833e+01,2.220081e+01,2.209755e+01,2.211821e+01,2.220769e+01,2.199418e+01,2.222145e+01,2.224896e+01,2.218016e+01,2.224208e+01,2.217328e+01,2.199418e+01,2.216640e+01,2.210443e+01,2.230396e+01,2.216640e+01,2.213886e+01,2.227647e+01,2.223520e+01,2.218016e+01,2.209066e+01,2.200107e+01,2.212509e+01,2.217328e+01,2.212509e+01,2.211821e+01,2.211132e+01,2.210443e+01,2.208377e+01,2.202176e+01,2.206999e+01,2.206310e+01,2.206310e+01,2.202176e+01,2.200797e+01,2.198729e+01,2.193901e+01,2.197349e+01,2.196660e+01,2.200797e+01,2.198039e+01,2.193901e+01,2.191831e+01,2.193211e+01,2.187691e+01,2.194591e+01,2.187000e+01,2.185620e+01,2.189071e+01,2.185620e+01,2.191141e+01,2.193901e+01,2.180786e+01,2.183548e+01,2.200797e+01,2.191141e+01,2.198039e+01,2.202176e+01,2.195280e+01,2.195280e+01,2.189761e+01,2.192521e+01,2.196660e+01,2.193901e+01,2.195280e+01,2.192521e+01,2.192521e+01,2.189761e+01,2.183548e+01,2.193901e+01,2.187000e+01,2.184239e+01,2.200107e+01,2.186310e+01,2.188381e+01,2.200107e+01,2.171802e+01,2.147577e+01,2.143419e+01,2.142725e+01,2.139952e+01,2.133708e+01,2.134402e+01,2.137871e+01,2.134402e+01,2.133708e+01,2.133014e+01,2.130932e+01,2.134402e+01,2.129544e+01,2.131626e+01,2.132320e+01,2.130932e+01,2.121905e+01,2.135790e+01,2.136484e+01,2.124683e+01,2.112174e+01,2.114955e+01,2.137177e+01,2.128156e+01,2.116345e+01,2.110783e+01,2.103130e+01,2.098256e+01,2.086412e+01,2.087109e+01,2.083623e+01,2.072459e+01,2.060583e+01,2.068967e+01,2.073855e+01,2.071761e+01,2.076647e+01,2.087109e+01,2.094077e+01,2.108001e+01,2.084320e+01,2.091291e+01,2.100345e+01,2.094077e+01,2.090594e+01,2.093381e+01,2.096167e+01,2.103826e+01,2.109392e+01,2.104522e+01,2.102434e+01,2.103130e+01,2.117736e+01,2.110088e+01,2.108696e+01,2.118431e+01,2.110783e+01,2.105914e+01,2.098256e+01,2.106609e+01,2.095471e+01,2.100345e+01,2.094077e+01,2.094077e+01,2.094077e+01,2.085715e+01,2.074553e+01,2.075251e+01,2.075949e+01,2.088503e+01,2.082228e+01,2.088503e+01,2.094077e+01,2.105914e+01,2.099649e+01,2.103826e+01,2.104522e+01,2.104522e+01,2.110783e+01,2.117041e+01,2.128156e+01,2.123294e+01,2.128850e+01,2.108001e+01,2.117736e+01,2.126072e+01,2.126072e+01,2.113565e+01,2.124683e+01,2.119126e+01,2.118431e+01,2.112869e+01,2.117736e+01,2.122600e+01,2.121210e+01,2.116345e+01,2.102434e+01,2.113565e+01,2.114955e+01,2.115650e+01,2.139952e+01,2.229709e+01,2.434570e+01,2.677711e+01,2.861176e+01,2.968110e+01,3.006503e+01,3.009058e+01,3.002670e+01,2.994999e+01,2.978361e+01,2.955923e+01,2.931510e+01,2.905108e+01,2.839792e+01,2.787123e+01,2.654637e+01,2.508439e+01,2.355421e+01,2.259911e+01,2.210443e+01,2.193211e+01,2.153119e+01,2.148963e+01,2.133014e+01,2.148963e+01,2.130932e+01,2.146884e+01,2.138565e+01,2.128156e+01,2.126072e+01,2.124683e+01,2.123989e+01,2.123294e+01,2.124683e+01,2.112174e+01,2.112174e+01,2.123989e+01,2.127461e+01,2.126072e+01,2.129544e+01,2.128850e+01,2.142725e+01,2.133014e+01,2.135096e+01,2.123294e+01,2.129544e+01,2.124683e+01,2.126072e+01,2.125378e+01,2.128850e+01,2.139258e+01,2.143419e+01,2.140645e+01,2.145498e+01,2.144112e+01,2.139952e+01,2.142725e+01,2.144805e+01,2.150349e+01,2.142032e+01,2.153119e+01,2.144805e+01,2.145498e+01,2.155890e+01,2.150349e+01,2.145498e+01,2.150349e+01,2.148963e+01,2.147577e+01,2.148270e+01,2.152427e+01,2.140645e+01,2.132320e+01,2.146884e+01,2.134402e+01,2.134402e+01,2.128850e+01,2.134402e+01,2.137177e+01,2.135790e+01,2.120515e+01,2.126072e+01,2.120515e+01,2.121905e+01,2.121210e+01,2.121210e+01,2.120515e+01,2.110783e+01,2.098953e+01,2.091987e+01,2.085017e+01,2.080135e+01,2.069666e+01,2.072459e+01,2.074553e+01,2.074553e+01,2.075251e+01,2.074553e+01,2.075251e+01,2.065475e+01,2.073157e+01,2.069666e+01,2.076647e+01,2.075949e+01,2.073157e+01,2.064078e+01,2.070364e+01,2.052892e+01,2.052192e+01,2.057787e+01,2.050793e+01,2.049394e+01,2.033988e+01,2.022769e+01,2.010835e+01,2.015049e+01,2.004512e+01,2.012240e+01,2.008728e+01,2.005917e+01,2.010133e+01,2.013645e+01,2.018559e+01,2.031886e+01,2.030484e+01,2.038192e+01,2.042394e+01,2.056389e+01,2.068269e+01,2.061981e+01,2.059884e+01,2.076647e+01,2.070364e+01,2.080135e+01,2.072459e+01,2.082925e+01,2.085017e+01,2.098256e+01,2.100345e+01,2.094774e+01,2.097560e+01,2.093381e+01,2.096167e+01,2.091291e+01,2.100345e+01,2.094077e+01,2.092684e+01,2.104522e+01,2.089897e+01,2.104522e+01,2.096167e+01,2.082925e+01,2.083623e+01,2.090594e+01,2.090594e+01,2.095471e+01,2.094774e+01,2.083623e+01,2.088503e+01,2.089897e+01,2.087806e+01,2.082925e+01,2.082925e+01,2.081530e+01,2.083623e+01,2.079438e+01,2.094077e+01,2.091291e+01,2.096167e+01,2.086412e+01,2.092684e+01,2.093381e+01,2.083623e+01,2.092684e+01,2.088503e+01,2.089200e+01,2.089897e+01,2.081530e+01,2.081530e+01,2.083623e+01,2.082228e+01,2.091291e+01,2.096864e+01,2.120515e+01,2.119820e+01,2.118431e+01,2.118431e+01,2.121210e+01,2.126767e+01,2.130932e+01,2.125378e+01,2.112174e+01,2.130932e+01,2.122600e+01,2.124683e+01,2.116345e+01,2.128156e+01,2.117041e+01,2.115650e+01,2.117736e+01,2.116345e+01,2.119820e+01,2.119820e+01,2.129544e+01,2.110783e+01,2.117736e+01,2.107305e+01,2.110088e+01,2.093381e+01,2.103130e+01,2.091987e+01,2.100345e+01,2.101738e+01,2.099649e+01,2.096167e+01,2.101042e+01,2.091291e+01,2.108001e+01,2.102434e+01,2.114955e+01,2.110088e+01,2.110783e+01,2.110783e+01,2.117041e+01,2.101042e+01,2.104522e+01,2.119820e+01,2.117736e+01,2.113565e+01,2.110783e+01,2.112174e+01,2.111479e+01,2.107305e+01,2.117736e+01,2.110783e+01,2.118431e+01,2.110783e+01,2.106609e+01,2.107305e+01,2.108696e+01,2.108696e+01,2.107305e+01,2.110783e+01,2.103130e+01,2.108696e+01,2.100345e+01,2.105914e+01,2.101042e+01,2.119820e+01,2.108696e+01,2.103826e+01,2.105218e+01,2.129544e+01,2.133708e+01,2.124683e+01,2.125378e+01,2.131626e+01,2.138565e+01,2.142032e+01,2.136484e+01,2.135096e+01,2.146884e+01,2.146191e+01,2.193211e+01,2.227647e+01,2.279768e+01,2.350667e+01,2.457458e+01,2.502415e+01,2.553844e+01,2.594410e+01,2.614303e+01,2.653317e+01,2.655297e+01,2.661235e+01,2.663213e+01,2.664532e+01,2.665851e+01,2.668487e+01,2.652657e+01,2.648036e+01,2.646054e+01,2.659916e+01,2.637464e+01,2.624897e+01,2.617615e+01,2.609664e+01,2.599055e+01,2.585113e+01,2.553178e+01,2.537174e+01,2.495047e+01,2.458803e+01,2.416359e+01,2.381872e+01,2.356779e+01,2.334349e+01,2.285239e+01,2.280452e+01,2.264708e+01,2.245507e+01,2.231084e+01,2.213198e+01,2.198039e+01,2.185620e+01,2.198729e+01,2.180786e+01,2.175258e+01,2.184239e+01,2.175949e+01,2.168345e+01,2.169728e+01,2.167654e+01,2.163503e+01,2.151042e+01,2.163503e+01,2.156582e+01,2.146884e+01,2.156582e+01,2.157274e+01,2.158659e+01,2.159351e+01,2.158659e+01,2.159351e+01,2.157967e+01,2.154505e+01,2.160043e+01,2.148270e+01,2.158659e+01,2.153812e+01,2.162811e+01,2.162119e+01,2.164195e+01,2.163503e+01,2.161427e+01,2.166962e+01,2.167654e+01,2.164887e+01,2.166270e+01,2.180786e+01,2.180786e+01,2.180786e+01,2.187691e+01,2.194591e+01,2.197349e+01,2.202176e+01,2.199418e+01,2.202176e+01,2.201486e+01,2.218016e+01,2.213886e+01,2.211821e+01,2.222145e+01,2.229709e+01,2.220769e+01,2.225584e+01,2.229022e+01,2.224896e+01,2.217328e+01,2.220081e+01,2.229709e+01,2.228334e+01,2.227647e+01,2.233833e+01,2.227647e+01,2.229709e+01,2.231771e+01,2.220769e+01,2.231084e+01,2.218705e+01,2.225584e+01,2.220081e+01,2.238642e+01,2.231771e+01,2.231084e+01,2.233146e+01,2.227647e+01,2.233146e+01,2.235207e+01,2.234520e+01,2.237955e+01,2.229022e+01,2.234520e+01,2.237955e+01,2.233833e+01,2.244135e+01,2.229709e+01,2.240015e+01,2.234520e+01,2.240015e+01,2.229709e+01,2.236581e+01,2.235207e+01,2.232458e+01,2.233833e+01,2.235207e+01,2.242762e+01,2.242075e+01,2.231771e+01,2.244821e+01,2.231771e+01,2.250311e+01,2.241389e+01,2.240702e+01,2.243448e+01,2.235894e+01,2.236581e+01,2.243448e+01,2.236581e+01,2.246880e+01,2.247566e+01,2.243448e+01,2.250997e+01,2.244821e+01,2.247566e+01,2.240702e+01,2.229709e+01,2.252369e+01,2.239328e+01,2.258540e+01,2.245507e+01,2.255798e+01,2.248252e+01,2.248939e+01,2.258540e+01,2.250311e+01,2.268132e+01,2.250311e+01,2.253741e+01,2.253741e+01,2.257169e+01,2.261967e+01
2.202865e+01,2.219393e+01,2.204243e+01,2.205621e+01,2.197349e+01,2.200797e+01,2.184929e+01,2.197349e+01,2.196660e+01,2.194591e+01,2.189761e+01,2.209755e+01,2.204243e+01,2.186310e+01,2.189071e+01,2.189071e+01,2.191141e+01,2.191831e+01,2.188381e+01,2.191831e+01,2.193211e+01,2.190451e+01,2.200797e+01,2.189071e+01,2.204932e+01,2.203554e+01,2.214575e+01,2.213886e+01,2.218705e+01,2.216640e+01,2.211132e+01,2.218016e+01,2.212509e+01,2.212509e+01,2.220769e+01,2.212509e+01,2.228334e+01,2.218705e+01,2.221457e+01,2.221457e+01,2.219393e+01,2.221457e+01,2.215263e+01,2.215952e+01,2.209066e+01,2.213886e+01,2.222145e+01,2.218705e+01,2.211821e+01,2.218705e+01,2.211821e+01,2.213886e+01,2.205621e+01,2.196660e+01,2.203554e+01,2.212509e+01,2.213886e+01,2.208377e+01,2.211821e+01,2.192521e+01,2.209755e+01,2.200797e+01,2.206999e+01,2.198729e+01,2.192521e+01,2.189761e+01,2.196660e+01,2.195970e+01,2.189761e+01,2.193211e+01,2.189761e+01,2.191141e+01,2.187691e+01,2.188381e+01,2.195970e+01,2.184239e+01,2.184239e+01,2.184929e+01,2.184929e+01,2.184239e+01,2.182858e+01,2.181476e+01,2.185620e+01,2.195970e+01,2.187691e+01,2.194591e+01,2.195280e+01,2.195970e+01,2.189761e+01,2.192521e+01,2.192521e+01,2.192521e+01,2.195970e+01,2.197349e+01,2.190451e+01,2.198039e+01,2.197349e+01,2.198039e+01,2.195280e+01,2.194591e+01,2.195280e+01,2.178713e+01,2.199418e+01,2.191141e+01,2.189761e+01,2.196660e+01,2.182167e+01,2.174567e+01,2.133708e+01,2.139258e+01,2.134402e+01,2.129544e+01,2.133014e+01,2.133708e+01,2.138565e+01,2.130932e+01,2.132320e+01,2.129544e+01,2.122600e+01,2.126767e+01,2.125378e+01,2.126072e+01,2.131626e+01,2.120515e+01,2.135096e+01,2.137871e+01,2.135096e+01,2.116345e+01,2.131626e+01,2.133708e+01,2.112869e+01,2.109392e+01,2.096167e+01,2.107305e+01,2.095471e+01,2.087109e+01,2.084320e+01,2.065475e+01,2.059884e+01,2.059884e+01,2.067570e+01,2.078740e+01,2.074553e+01,2.075949e+01,2.089897e+01,2.092684e+01,2.094774e+01,2.108696e+01,2.086412e+01,2.095471e+01,2.100345e+01,2.093381e+01,2.087109e+01,2.101738e+01,2.103826e+01,2.105218e+01,2.101042e+01,2.107305e+01,2.103826e+01,2.112174e+01,2.099649e+01,2.115650e+01,2.101738e+01,2.108001e+01,2.107305e+01,2.105218e+01,2.100345e+01,2.099649e+01,2.093381e+01,2.089897e+01,2.085715e+01,2.087806e+01,2.081530e+01,2.078042e+01,2.080833e+01,2.075251e+01,2.087806e+01,2.084320e+01,2.087109e+01,2.096864e+01,2.103130e+01,2.104522e+01,2.096864e+01,2.092684e+01,2.105218e+01,2.112174e+01,2.107305e+01,2.105218e+01,2.110783e+01,2.129544e+01,2.120515e+01,2.114260e+01,2.116345e+01,2.112174e+01,2.116345e+01,2.110783e+01,2.114955e+01,2.107305e+01,2.116345e+01,2.110783e+01,2.108001e+01,2.113565e+01,2.103826e+01,2.120515e+01,2.110088e+01,2.123294e+01,2.144805e+01,2.201486e+01,2.368994e+01,2.621588e+01,2.812514e+01,2.937297e+01,2.987323e+01,3.007142e+01,3.007142e+01,3.007142e+01,2.988603e+01,2.979001e+01,2.957207e+01,2.930867e+01,2.894787e+01,2.838495e+01,2.738124e+01,2.609664e+01,2.443328e+01,2.327542e+01,2.242075e+01,2.195280e+01,2.162811e+01,2.149656e+01,2.142032e+01,2.146884e+01,2.139952e+01,2.148963e+01,2.142032e+01,2.132320e+01,2.142725e+01,2.142032e+01,2.136484e+01,2.127461e+01,2.124683e+01,2.114955e+01,2.125378e+01,2.123294e+01,2.128156e+01,2.117736e+01,2.128850e+01,2.130932e+01,2.128850e+01,2.133014e+01,2.130238e+01,2.131626e+01,2.129544e+01,2.122600e+01,2.126767e+01,2.124683e+01,2.146191e+01,2.139258e+01,2.130932e+01,2.147577e+01,2.139258e+01,2.139258e+01,2.140645e+01,2.138565e+01,2.143419e+01,2.143419e+01,2.144112e+01,2.149656e+01,2.150349e+01,2.148270e+01,2.157967e+01,2.157967e+01,2.154505e+01,2.147577e+01,2.144805e+01,2.152427e+01,2.148270e+01,2.149656e+01,2.144112e+01,2.130238e+01,2.139258e+01,2.136484e+01,2.135790e+01,2.127461e+01,2.129544e+01,2.133014e+01,2.134402e+01,2.136484e+01,2.122600e+01,2.121210e+01,2.129544e+01,2.121210e+01,2.117041e+01,2.130238e+01,2.123989e+01,2.114260e+01,2.088503e+01,2.082925e+01,2.088503e+01,2.078740e+01,2.084320e+01,2.071062e+01,2.079438e+01,2.068269e+01,2.070364e+01,2.072459e+01,2.067570e+01,2.066174e+01,2.074553e+01,2.073157e+01,2.072459e+01,2.069666e+01,2.070364e+01,2.065475e+01,2.072459e+01,2.054990e+01,2.048694e+01,2.058486e+01,2.032587e+01,2.038893e+01,2.024172e+01,2.022769e+01,2.019963e+01,2.019261e+01,2.014347e+01,2.002403e+01,1.993963e+01,2.008728e+01,2.012240e+01,2.019261e+01,2.026978e+01,2.036090e+01,2.038192e+01,2.038893e+01,2.052892e+01,2.061282e+01,2.060583e+01,2.060583e+01,2.064078e+01,2.066174e+01,2.067570e+01,2.075949e+01,2.075949e+01,2.090594e+01,2.086412e+01,2.086412e+01,2.094774e+01,2.097560e+01,2.097560e+01,2.095471e+01,2.095471e+01,2.098256e+01,2.091291e+01,2.095471e+01,2.103130e+01,2.098256e+01,2.094774e+01,2.090594e+01,2.090594e+01,2.086412e+01,2.084320e+01,2.089897e+01,2.082925e+01,2.085017e+01,2.068967e+01,2.089897e+01,2.086412e+01,2.087806e+01,2.087806e+01,2.077344e+01,2.078740e+01,2.078042e+01,2.081530e+01,2.080135e+01,2.087806e+01,2.075251e+01,2.085017e+01,2.074553e+01,2.091987e+01,2.089897e+01,2.082925e+01,2.100345e+01,2.096864e+01,2.078042e+01,2.085017e+01,2.080135e+01,2.082228e+01,2.085017e+01,2.084320e+01,2.080135e+01,2.094774e+01,2.118431e+01,2.121210e+01,2.117736e+01,2.117041e+01,2.123294e+01,2.121905e+01,2.119820e+01,2.131626e+01,2.114260e+01,2.132320e+01,2.119820e+01,2.119126e+01,2.125378e+01,2.125378e+01,2.119126e+01,2.126072e+01,2.127461e+01,2.114260e+01,2.117041e+01,2.117736e+01,2.123989e+01,2.112174e+01,2.117041e+01,2.109392e+01,2.113565e+01,2.101042e+01,2.092684e+01,2.112869e+01,2.101042e+01,2.107305e+01,2.105218e+01,2.098953e+01,2.103826e+01,2.093381e+01,2.104522e+01,2.109392e+01,2.109392e+01,2.100345e+01,2.110088e+01,2.105218e+01,2.112869e+01,2.114260e+01,2.117736e+01,2.116345e+01,2.114260e+01,2.105218e+01,2.113565e+01,2.107305e+01,2.111479e+01,2.112869e+01,2.115650e+01,2.107305e+01,2.108696e+01,2.108696e+01,2.108696e+01,2.107305e+01,2.103130e+01,2.109392e+01,2.103826e+01,2.102434e+01,2.106609e+01,2.109392e+01,2.102434e+01,2.099649e+01,2.100345e+01,2.101738e+01,2.101738e+01,2.119126e+01,2.104522e+01,2.114955e+01,2.105914e+01,2.130238e+01,2.126767e+01,2.133708e+01,2.129544e+01,2.135096e+01,2.136484e+01,2.131626e+01,2.140645e+01,2.153812e+01,2.193901e+01,2.253055e+01,2.300953e+01,2.363567e+01,2.457458e+01,2.523151e+01,2.561171e+01,2.595737e+01,2.620926e+01,2.648696e+01,2.673759e+01,2.674418e+01,2.686268e+01,2.674418e+01,2.670465e+01,2.660575e+01,2.664532e+01,2.658596e+01,2.655297e+01,2.649356e+01,2.636142e+01,2.634159e+01,2.630852e+01,2.610990e+01,2.608339e+01,2.573814e+01,2.570488e+01,2.521814e+01,2.498397e+01,2.462164e+01,2.430526e+01,2.398791e+01,2.339111e+01,2.335710e+01,2.292757e+01,2.294123e+01,2.264708e+01,2.255112e+01,2.247566e+01,2.200107e+01,2.171802e+01,2.195280e+01,2.184929e+01,2.179404e+01,2.180095e+01,2.176641e+01,2.169728e+01,2.173185e+01,2.166270e+01,2.164195e+01,2.169728e+01,2.160735e+01,2.159351e+01,2.152427e+01,2.165579e+01,2.156582e+01,2.154505e+01,2.170420e+01,2.155890e+01,2.155890e+01,2.144805e+01,2.145498e+01,2.148963e+01,2.158659e+01,2.151734e+01,2.156582e+01,2.151042e+01,2.160043e+01,2.129544e+01,2.154505e+01,2.153812e+01,2.157274e+01,2.157967e+01,2.156582e+01,2.170420e+01,2.159351e+01,2.176641e+01,2.178022e+01,2.165579e+01,2.191141e+01,2.194591e+01,2.196660e+01,2.200797e+01,2.203554e+01,2.202176e+01,2.198039e+01,2.206999e+01,2.204932e+01,2.220081e+01,2.221457e+01,2.224208e+01,2.229709e+01,2.234520e+01,2.225584e+01,2.228334e+01,2.214575e+01,2.226271e+01,2.229709e+01,2.228334e+01,2.227647e+01,2.224208e+01,2.224896e+01,2.231771e+01,2.233146e+01,2.224208e+01,2.219393e+01,2.222145e+01,2.227647e+01,2.226271e+01,2.230396e+01,2.233833e+01,2.225584e+01,2.230396e+01,2.229709e+01,2.215952e+01,2.237268e+01,2.237955e+01,2.235207e+01,2.237955e+01,2.231771e+01,2.235207e+01,2.238642e+01,2.231084e+01,2.230396e+01,2.236581e+01,2.229709e+01,2.229022e+01,2.226271e+01,2.229709e+01,2.220769e+01,2.235894e+01,2.242762e+01,2.222833e+01,2.228334e+01,2.232458e+01,2.242075e+01,2.241389e+01,2.238642e+01,2.237955e+01,2.246194e+01,2.210443e+01,2.242762e+01,2.235894e+01,2.248939e+01,2.236581e+01,2.249625e+01,2.249625e+01,2.240015e+01,2.231771e+01,2.245507e+01,2.255798e+01,2.240702e+01,2.244135e+01,2.250311e+01,2.256483e+01,2.258540e+01,2.250311e+01,2.262652e+01,2.248939e+01,2.248252e+01,2.259911e+01,2.247566e+01,2.257854e+01,2.249625e+01,2.255112e+01,2.255798e+01,2.259225e+01,2.259911e+01,2.252369e+01
2.198039e+01,2.202865e+01,2.202865e+01,2.204932e+01,2.195280e+01,2.197349e+01,2.202865e+01,2.194591e+01,2.196660e+01,2.191831e+01,2.192521e+01,2.192521e+01,2.200797e+01,2.188381e+01,2.177332e+01,2.193211e+01,2.189071e+01,2.189761e+01,2.187000e+01,2.191831e+01,2.190451e+01,2.200797e+01,2.202176e+01,2.202865e+01,2.199418e+01,2.204243e+01,2.213886e+01,2.213886e+01,2.211821e+01,2.215952e+01,2.215263e+01,2.219393e+01,2.229709e+01,2.212509e+01,2.218705e+01,2.216640e+01,2.213886e+01,2.218016e+01,2.211821e+01,2.216640e+01,2.218016e+01,2.218705e+01,2.213198e+01,2.209755e+01,2.208377e+01,2.231771e+01,2.206999e+01,2.228334e+01,2.211821e+01,2.224208e+01,2.207688e+01,2.201486e+01,2.215263e+01,2.204932e+01,2.215952e+01,2.203554e+01,2.207688e+01,2.206310e+01,2.198039e+01,2.204932e+01,2.198729e+01,2.199418e+01,2.195970e+01,2.198039e+01,2.192521e+01,2.190451e+01,2.196660e+01,2.194591e+01,2.196660e+01,2.196660e+01,2.192521e+01,2.191141e+01,2.175949e+01,2.195970e+01,2.197349e+01,2.184929e+01,2.187691e+01,2.193901e+01,2.195970e+01,2.187000e+01,2.199418e+01,2.192521e+01,2.187000e+01,2.187000e+01,2.194591e+01,2.187691e+01,2.189071e+01,2.200107e+01,2.198039e+01,2.198039e+01,2.186310e+01,2.200107e+01,2.196660e+01,2.196660e+01,2.194591e+01,2.195280e+01,2.193901e+01,2.191141e+01,2.195280e+01,2.194591e+01,2.199418e+01,2.190451e+01,2.200107e+01,2.191141e+01,2.185620e+01,2.200797e+01,2.178713e+01,2.140645e+01,2.133708e+01,2.132320e+01,2.130238e+01,2.121905e+01,2.140645e+01,2.136484e+01,2.132320e+01,2.128850e+01,2.123294e+01,2.126072e+01,2.122600e+01,2.123989e+01,2.118431e+01,2.148270e+01,2.119126e+01,2.133708e+01,2.125378e+01,2.132320e+01,2.125378e+01,2.108696e+01,2.118431e+01,2.113565e+01,2.117736e+01,2.101738e+01,2.102434e+01,2.102434e+01,2.091291e+01,2.082925e+01,2.080833e+01,2.061981e+01,2.073157e+01,2.076647e+01,2.079438e+01,2.071761e+01,2.097560e+01,2.089200e+01,2.090594e+01,2.095471e+01,2.089200e+01,2.093381e+01,2.101738e+01,2.108696e+01,2.088503e+01,2.100345e+01,2.097560e+01,2.104522e+01,2.112869e+01,2.109392e+01,2.103826e+01,2.100345e+01,2.100345e+01,2.110783e+01,2.100345e+01,2.098256e+01,2.101738e+01,2.114955e+01,2.098953e+01,2.112869e+01,2.100345e+01,2.098256e+01,2.094077e+01,2.092684e+01,2.085017e+01,2.085017e+01,2.083623e+01,2.083623e+01,2.082228e+01,2.078740e+01,2.085715e+01,2.090594e+01,2.087806e+01,2.096167e+01,2.091291e+01,2.102434e+01,2.104522e+01,2.105914e+01,2.096864e+01,2.105914e+01,2.105914e+01,2.103130e+01,2.096864e+01,2.108696e+01,2.118431e+01,2.114955e+01,2.101042e+01,2.109392e+01,2.106609e+01,2.106609e+01,2.109392e+01,2.104522e+01,2.108696e+01,2.112174e+01,2.115650e+01,2.109392e+01,2.119820e+01,2.121905e+01,2.115650e+01,2.150349e+01,2.192521e+01,2.320731e+01,2.551179e+01,2.768204e+01,2.930224e+01,2.980282e+01,2.989882e+01,3.008419e+01,3.011612e+01,3.005864e+01,3.004587e+01,2.975799e+01,2.955923e+01,2.926363e+01,2.875409e+01,2.801454e+01,2.688900e+01,2.514460e+01,2.373062e+01,2.292757e+01,2.213886e+01,2.193211e+01,2.163503e+01,2.168345e+01,2.148963e+01,2.140645e+01,2.148270e+01,2.133014e+01,2.133708e+01,2.133014e+01,2.127461e+01,2.144805e+01,2.125378e+01,2.126767e+01,2.125378e+01,2.121210e+01,2.121905e+01,2.117041e+01,2.122600e+01,2.126072e+01,2.128850e+01,2.111479e+01,2.128850e+01,2.131626e+01,2.104522e+01,2.126072e+01,2.134402e+01,2.124683e+01,2.124683e+01,2.127461e+01,2.123294e+01,2.129544e+01,2.123294e+01,2.153119e+01,2.139258e+01,2.141339e+01,2.144112e+01,2.144805e+01,2.143419e+01,2.146191e+01,2.148963e+01,2.142725e+01,2.142032e+01,2.145498e+01,2.149656e+01,2.139952e+01,2.153119e+01,2.143419e+01,2.146191e+01,2.146191e+01,2.142725e+01,2.133708e+01,2.138565e+01,2.143419e+01,2.145498e+01,2.135790e+01,2.137871e+01,2.137177e+01,2.133708e+01,2.126072e+01,2.130932e+01,2.134402e+01,2.132320e+01,2.130238e+01,2.125378e+01,2.124683e+01,2.120515e+01,2.131626e+01,2.116345e+01,2.117736e+01,2.089897e+01,2.079438e+01,2.074553e+01,2.082228e+01,2.082228e+01,2.075251e+01,2.072459e+01,2.068967e+01,2.068967e+01,2.068967e+01,2.066174e+01,2.070364e+01,2.084320e+01,2.073157e+01,2.070364e+01,2.076647e+01,2.073855e+01,2.069666e+01,2.062680e+01,2.062680e+01,2.056389e+01,2.043795e+01,2.046595e+01,2.024874e+01,2.030484e+01,2.021366e+01,2.030484e+01,2.003106e+01,2.008025e+01,2.013645e+01,2.007323e+01,2.005214e+01,1.997481e+01,2.017155e+01,2.017155e+01,2.040994e+01,2.035390e+01,2.033287e+01,2.054291e+01,2.054291e+01,2.058486e+01,2.054990e+01,2.056389e+01,2.059884e+01,2.064776e+01,2.066174e+01,2.065475e+01,2.076647e+01,2.073157e+01,2.094077e+01,2.096864e+01,2.098953e+01,2.091291e+01,2.096864e+01,2.097560e+01,2.094774e+01,2.089200e+01,2.090594e+01,2.075251e+01,2.082228e+01,2.086412e+01,2.098256e+01,2.089200e+01,2.087109e+01,2.082228e+01,2.087806e+01,2.093381e+01,2.081530e+01,2.080833e+01,2.078740e+01,2.080833e+01,2.085017e+01,2.078042e+01,2.083623e+01,2.080833e+01,2.080135e+01,2.082925e+01,2.085715e+01,2.087806e+01,2.087806e+01,2.080135e+01,2.091987e+01,2.091987e+01,2.082925e+01,2.082925e+01,2.076647e+01,2.078042e+01,2.086412e+01,2.091987e+01,2.084320e+01,2.089897e+01,2.082228e+01,2.084320e+01,2.086412e+01,2.091291e+01,2.111479e+01,2.110088e+01,2.116345e+01,2.121210e+01,2.124683e+01,2.119126e+01,2.131626e+01,2.110783e+01,2.112869e+01,2.119126e+01,2.128156e+01,2.116345e+01,2.124683e+01,2.129544e+01,2.112174e+01,2.124683e+01,2.122600e+01,2.125378e+01,2.126072e+01,2.128156e+01,2.124683e+01,2.118431e+01,2.103130e+01,2.124683e+01,2.117736e+01,2.116345e+01,2.094774e+01,2.110088e+01,2.112174e+01,2.104522e+01,2.108001e+01,2.100345e+01,2.097560e+01,2.103130e+01,2.098953e+01,2.111479e+01,2.110783e+01,2.101042e+01,2.111479e+01,2.111479e+01,2.111479e+01,2.107305e+01,2.114955e+01,2.110088e+01,2.114260e+01,2.114955e+01,2.115650e+01,2.112174e+01,2.110783e+01,2.107305e+01,2.107305e+01,2.107305e+01,2.119126e+01,2.091291e+01,2.108696e+01,2.110783e+01,2.106609e+01,2.103130e+01,2.103826e+01,2.087109e+01,2.103130e+01,2.109392e+01,2.100345e+01,2.098953e+01,2.096864e+01,2.097560e+01,2.108696e+01,2.110783e+01,2.114260e+01,2.113565e+01,2.130238e+01,2.126072e+01,2.121210e+01,2.126767e+01,2.133014e+01,2.133014e+01,2.143419e+01,2.148270e+01,2.145498e+01,2.148963e+01,2.193901e+01,2.232458e+01,2.304365e+01,2.389996e+01,2.484992e+01,2.535172e+01,2.582456e+01,2.622911e+01,2.651997e+01,2.657277e+01,2.670465e+01,2.682320e+01,2.680345e+01,2.687584e+01,2.674418e+01,2.653977e+01,2.663213e+01,2.661894e+01,2.656617e+01,2.651337e+01,2.642751e+01,2.624897e+01,2.623573e+01,2.616290e+01,2.598391e+01,2.580462e+01,2.577139e+01,2.539176e+01,2.512453e+01,2.466868e+01,2.428503e+01,2.402172e+01,2.371028e+01,2.337070e+01,2.315278e+01,2.298221e+01,2.268817e+01,2.266078e+01,2.238642e+01,2.215952e+01,2.207688e+01,2.187000e+01,2.189071e+01,2.183548e+01,2.178022e+01,2.182167e+01,2.173185e+01,2.175949e+01,2.169037e+01,2.169728e+01,2.169728e+01,2.162119e+01,2.164195e+01,2.146191e+01,2.152427e+01,2.155197e+01,2.155890e+01,2.159351e+01,2.160043e+01,2.160043e+01,2.159351e+01,2.155197e+01,2.157967e+01,2.159351e+01,2.153812e+01,2.160043e+01,2.130932e+01,2.162811e+01,2.150349e+01,2.156582e+01,2.163503e+01,2.164887e+01,2.163503e+01,2.160043e+01,2.163503e+01,2.156582e+01,2.165579e+01,2.175949e+01,2.178713e+01,2.179404e+01,2.184239e+01,2.198729e+01,2.186310e+01,2.203554e+01,2.193211e+01,2.204243e+01,2.213886e+01,2.214575e+01,2.227647e+01,2.222145e+01,2.228334e+01,2.223520e+01,2.225584e+01,2.219393e+01,2.218705e+01,2.224208e+01,2.224208e+01,2.228334e+01,2.224896e+01,2.222833e+01,2.232458e+01,2.217328e+01,2.234520e+01,2.231084e+01,2.228334e+01,2.231771e+01,2.220769e+01,2.222833e+01,2.222833e+01,2.231084e+01,2.222833e+01,2.224208e+01,2.229022e+01,2.220769e+01,2.229709e+01,2.234520e+01,2.233833e+01,2.229709e+01,2.229709e+01,2.234520e+01,2.226959e+01,2.233833e+01,2.230396e+01,2.231771e+01,2.231771e+01,2.234520e+01,2.237955e+01,2.231084e+01,2.237268e+01,2.246194e+01,2.235894e+01,2.237268e+01,2.231771e+01,2.242075e+01,2.231084e+01,2.253741e+01,2.237268e+01,2.247566e+01,2.240702e+01,2.239328e+01,2.238642e+01,2.241389e+01,2.235894e+01,2.242762e+01,2.246880e+01,2.244821e+01,2.240015e+01,2.243448e+01,2.244821e+01,2.246880e+01,2.242075e+01,2.237268e+01,2.248939e+01,2.257854e+01,2.235207e+01,2.244821e+01,2.249625e+01,2.239328e+01,2.247566e+01,2.246880e+01,2.246194e+01,2.250311e+01,2.251683e+01,2.253741e+01,2.257169e+01,2.253055e+01,2.254426e+01,2.245507e+01,2.249625e+01
2.206999e+01,2.193901e+01,2.196660e+01,2.195280e+01,2.215952e+01,2.196660e+01,2.189761e+01,2.195970e+01,2.200107e+01,2.189761e+01,2.191831e+01,2.189071e+01,2.187691e+01,2.193211e+01,2.198729e+01,2.189761e+01,2.191141e+01,2.192521e+01,2.193211e+01,2.193901e+01,2.185620e+01,2.192521e+01,2.195970e+01,2.198729e+01,2.207688e+01,2.184239e+01,2.207688e+01,2.204932e+01,2.217328e+01,2.217328e+01,2.216640e+01,2.213198e+01,2.224896e+01,2.213198e+01,2.220081e+01,2.216640e+01,2.217328e+01,2.213886e+01,2.197349e+01,2.212509e+01,2.220769e+01,2.202176e+01,2.208377e+01,2.213886e+01,2.216640e+01,2.213886e+01,2.207688e+01,2.206999e+01,2.210443e+01,2.215952e+01,2.203554e+01,2.199418e+01,2.207688e+01,2.215263e+01,2.198039e+01,2.203554e+01,2.205621e+01,2.198729e+01,2.201486e+01,2.206310e+01,2.190451e+01,2.201486e+01,2.191831e+01,2.192521e+01,2.202176e+01,2.191141e+01,2.191831e+01,2.191831e+01,2.189071e+01,2.192521e+01,2.191831e+01,2.195280e+01,2.188381e+01,2.192521e+01,2.183548e+01,2.199418e+01,2.183548e+01,2.183548e+01,2.192521e+01,2.181476e+01,2.185620e+01,2.195970e+01,2.197349e+01,2.196660e+01,2.193211e+01,2.187691e+01,2.197349e+01,2.194591e+01,2.198729e+01,2.193901e+01,2.195970e+01,2.201486e+01,2.197349e+01,2.194591e+01,2.194591e+01,2.195970e+01,2.199418e+01,2.195970e+01,2.200107e+01,2.192521e+01,2.198039e+01,2.195970e+01,2.203554e+01,2.195970e+01,2.201486e+01,2.188381e+01,2.183548e+01,2.153119e+01,2.117736e+01,2.120515e+01,2.130932e+01,2.129544e+01,2.129544e+01,2.132320e+01,2.134402e+01,2.130238e+01,2.124683e+01,2.125378e+01,2.121905e+01,2.128156e+01,2.125378e+01,2.126767e+01,2.116345e+01,2.114955e+01,2.121905e+01,2.116345e+01,2.110783e+01,2.112174e+01,2.108696e+01,2.103826e+01,2.114260e+01,2.100345e+01,2.096167e+01,2.094077e+01,2.094077e+01,2.077344e+01,2.061282e+01,2.064078e+01,2.072459e+01,2.068967e+01,2.067570e+01,2.085017e+01,2.098256e+01,2.092684e+01,2.090594e+01,2.090594e+01,2.101042e+01,2.093381e+01,2.087109e+01,2.097560e+01,2.091291e+01,2.089200e+01,2.115650e+01,2.112869e+01,2.112869e+01,2.110783e+01,2.107305e+01,2.108696e+01,2.104522e+01,2.105218e+01,2.102434e+01,2.098953e+01,2.119820e+01,2.105914e+01,2.100345e+01,2.094077e+01,2.102434e+01,2.095471e+01,2.093381e+01,2.099649e+01,2.074553e+01,2.084320e+01,2.068269e+01,2.083623e+01,2.085017e+01,2.079438e+01,2.089200e+01,2.091291e+01,2.094774e+01,2.096167e+01,2.087109e+01,2.091987e+01,2.091291e+01,2.103130e+01,2.104522e+01,2.102434e+01,2.103826e+01,2.103826e+01,2.094077e+01,2.118431e+01,2.118431e+01,2.102434e+01,2.108001e+01,2.114260e+01,2.114955e+01,2.105218e+01,2.114955e+01,2.104522e+01,2.101042e+01,2.100345e+01,2.110783e+01,2.100345e+01,2.105218e+01,2.104522e+01,2.123294e+01,2.174567e+01,2.276347e+01,2.493707e+01,2.700735e+01,2.879287e+01,2.964263e+01,2.984763e+01,2.998196e+01,3.007781e+01,3.009697e+01,3.008419e+01,2.998835e+01,2.985403e+01,2.955282e+01,2.919927e+01,2.855996e+01,2.772121e+01,2.611653e+01,2.452077e+01,2.345230e+01,2.242762e+01,2.204243e+01,2.172494e+01,2.175949e+01,2.146884e+01,2.137177e+01,2.148963e+01,2.148270e+01,2.132320e+01,2.134402e+01,2.144805e+01,2.134402e+01,2.135790e+01,2.141339e+01,2.142032e+01,2.122600e+01,2.121210e+01,2.121905e+01,2.126072e+01,2.107305e+01,2.124683e+01,2.127461e+01,2.126072e+01,2.118431e+01,2.127461e+01,2.126072e+01,2.122600e+01,2.127461e+01,2.123294e+01,2.121210e+01,2.121210e+01,2.121210e+01,2.127461e+01,2.144112e+01,2.141339e+01,2.130932e+01,2.130932e+01,2.126767e+01,2.135096e+01,2.145498e+01,2.144112e+01,2.144112e+01,2.143419e+01,2.141339e+01,2.153119e+01,2.137871e+01,2.148270e+01,2.146191e+01,2.144805e+01,2.143419e+01,2.140645e+01,2.121210e+01,2.136484e+01,2.131626e+01,2.138565e+01,2.142725e+01,2.130932e+01,2.138565e+01,2.137871e+01,2.135790e+01,2.134402e+01,2.124683e+01,2.127461e+01,2.119126e+01,2.128156e+01,2.126767e+01,2.137177e+01,2.119820e+01,2.119820e+01,2.107305e+01,2.097560e+01,2.083623e+01,2.075949e+01,2.082925e+01,2.077344e+01,2.073855e+01,2.073157e+01,2.067570e+01,2.069666e+01,2.073157e+01,2.071062e+01,2.072459e+01,2.072459e+01,2.070364e+01,2.071062e+01,2.064776e+01,2.069666e+01,2.069666e+01,2.070364e+01,2.064078e+01,2.056389e+01,2.039593e+01,2.044495e+01,2.054291e+01,2.030484e+01,2.026277e+01,2.017857e+01,2.004512e+01,2.010835e+01,1.999590e+01,2.000294e+01,2.006620e+01,2.004512e+01,2.006620e+01,2.016453e+01,2.019261e+01,2.019963e+01,2.040294e+01,2.042394e+01,2.025575e+01,2.051493e+01,2.052192e+01,2.050793e+01,2.054291e+01,2.061981e+01,2.059185e+01,2.061981e+01,2.061981e+01,2.071761e+01,2.079438e+01,2.079438e+01,2.075949e+01,2.098953e+01,2.101042e+01,2.101042e+01,2.089200e+01,2.102434e+01,2.086412e+01,2.087806e+01,2.090594e+01,2.091291e+01,2.087806e+01,2.096864e+01,2.089897e+01,2.085715e+01,2.090594e+01,2.077344e+01,2.083623e+01,2.089897e+01,2.086412e+01,2.087806e+01,2.081530e+01,2.081530e+01,2.076647e+01,2.085017e+01,2.083623e+01,2.080833e+01,2.079438e+01,2.080135e+01,2.079438e+01,2.085017e+01,2.084320e+01,2.085017e+01,2.075251e+01,2.078042e+01,2.075949e+01,2.084320e+01,2.081530e+01,2.080135e+01,2.087109e+01,2.084320e+01,2.082925e+01,2.079438e+01,2.075251e+01,2.084320e+01,2.085017e+01,2.112869e+01,2.108696e+01,2.099649e+01,2.119126e+01,2.120515e+01,2.119126e+01,2.116345e+01,2.133708e+01,2.121905e+01,2.114955e+01,2.125378e+01,2.128156e+01,2.127461e+01,2.126767e+01,2.128850e+01,2.130238e+01,2.124683e+01,2.136484e+01,2.128850e+01,2.133014e+01,2.125378e+01,2.127461e+01,2.117736e+01,2.126072e+01,2.117736e+01,2.120515e+01,2.113565e+01,2.106609e+01,2.105914e+01,2.110088e+01,2.104522e+01,2.108696e+01,2.108696e+01,2.096167e+01,2.106609e+01,2.100345e+01,2.122600e+01,2.108001e+01,2.110088e+01,2.117736e+01,2.114260e+01,2.103130e+01,2.111479e+01,2.119820e+01,2.110088e+01,2.112869e+01,2.116345e+01,2.105218e+01,2.111479e+01,2.113565e+01,2.114260e+01,2.113565e+01,2.104522e+01,2.103826e+01,2.112174e+01,2.112869e+01,2.098256e+01,2.103130e+01,2.097560e+01,2.101738e+01,2.104522e+01,2.102434e+01,2.103130e+01,2.100345e+01,2.103826e+01,2.098256e+01,2.110088e+01,2.106609e+01,2.114260e+01,2.110088e+01,2.124683e+01,2.128850e+01,2.127461e+01,2.133708e+01,2.137871e+01,2.139952e+01,2.136484e+01,2.138565e+01,2.151042e+01,2.169037e+01,2.205621e+01,2.264708e+01,2.341831e+01,2.421083e+01,2.491697e+01,2.554511e+01,2.595737e+01,2.620263e+01,2.644073e+01,2.669147e+01,2.675076e+01,2.676394e+01,2.673100e+01,2.679028e+01,2.674418e+01,2.660575e+01,2.655957e+01,2.662554e+01,2.647375e+01,2.638786e+01,2.629529e+01,2.618939e+01,2.620263e+01,2.616290e+01,2.605687e+01,2.577139e+01,2.563834e+01,2.524487e+01,2.511784e+01,2.463508e+01,2.428503e+01,2.404876e+01,2.371706e+01,2.341151e+01,2.319368e+01,2.307777e+01,2.270187e+01,2.246194e+01,2.240015e+01,2.216640e+01,2.211132e+01,2.202176e+01,2.191141e+01,2.180786e+01,2.185620e+01,2.178022e+01,2.175258e+01,2.176641e+01,2.166962e+01,2.166270e+01,2.166270e+01,2.160043e+01,2.146191e+01,2.155890e+01,2.160043e+01,2.150349e+01,2.155197e+01,2.164195e+01,2.158659e+01,2.158659e+01,2.153119e+01,2.154505e+01,2.153812e+01,2.155197e+01,2.153812e+01,2.153119e+01,2.152427e+01,2.155197e+01,2.159351e+01,2.150349e+01,2.151042e+01,2.164195e+01,2.152427e+01,2.157274e+01,2.162119e+01,2.157274e+01,2.161427e+01,2.174567e+01,2.182858e+01,2.173876e+01,2.184929e+01,2.193901e+01,2.179404e+01,2.197349e+01,2.211132e+01,2.194591e+01,2.211132e+01,2.220769e+01,2.214575e+01,2.208377e+01,2.220769e+01,2.229709e+01,2.220769e+01,2.224896e+01,2.221457e+01,2.227647e+01,2.218016e+01,2.223520e+01,2.226959e+01,2.229709e+01,2.224896e+01,2.219393e+01,2.235207e+01,2.218705e+01,2.226959e+01,2.221457e+01,2.224208e+01,2.222145e+01,2.224896e+01,2.228334e+01,2.225584e+01,2.240015e+01,2.233146e+01,2.222145e+01,2.220081e+01,2.237268e+01,2.233146e+01,2.233146e+01,2.237955e+01,2.237268e+01,2.225584e+01,2.239328e+01,2.235894e+01,2.223520e+01,2.224208e+01,2.231084e+01,2.229709e+01,2.226271e+01,2.233146e+01,2.232458e+01,2.229022e+01,2.225584e+01,2.229709e+01,2.244821e+01,2.230396e+01,2.229709e+01,2.234520e+01,2.235894e+01,2.239328e+01,2.240702e+01,2.244821e+01,2.235207e+01,2.240702e+01,2.244135e+01,2.244821e+01,2.244135e+01,2.248939e+01,2.246194e+01,2.248939e+01,2.241389e+01,2.247566e+01,2.249625e+01,2.246880e+01,2.254426e+01,2.248939e+01,2.260596e+01,2.256483e+01,2.255798e+01,2.249625e+01,2.249625e+01,2.241389e+01,2.261282e+01,2.248939e+01,2.245507e+01,2.266078e+01,2.250997e+01,2.245507e+01,2.257854e+01,2.285923e+01
2.212509e+01,2.209066e+01,2.204243e+01,2.195970e+01,2.193211e+01,2.191831e+01,2.195280e+01,2.189071e+01,2.190451e+01,2.199418e+01,2.195970e+01,2.187000e+01,2.202176e+01,2.193901e+01,2.187000e+01,2.187691e+01,2.190451e+01,2.190451e+01,2.193901e+01,2.188381e+01,2.199418e+01,2.199418e+01,2.198039e+01,2.208377e+01,2.217328e+01,2.201486e+01,2.214575e+01,2.209066e+01,2.217328e+01,2.215263e+01,2.229022e+01,2.219393e+01,2.215952e+01,2.217328e+01,2.221457e+01,2.218016e+01,2.220769e+01,2.218705e+01,2.217328e+01,2.217328e+01,2.216640e+01,2.218016e+01,2.206310e+01,2.219393e+01,2.215952e+01,2.210443e+01,2.212509e+01,2.214575e+01,2.214575e+01,2.207688e+01,2.204932e+01,2.211132e+01,2.204932e+01,2.218016e+01,2.219393e+01,2.218705e+01,2.191831e+01,2.198039e+01,2.203554e+01,2.198729e+01,2.206999e+01,2.191141e+01,2.195970e+01,2.200797e+01,2.194591e+01,2.193901e+01,2.201486e+01,2.198729e+01,2.186310e+01,2.192521e+01,2.193901e+01,2.191141e+01,2.191831e+01,2.194591e+01,2.187000e+01,2.192521e+01,2.198729e+01,2.184239e+01,2.189071e+01,2.199418e+01,2.188381e+01,2.190451e+01,2.197349e+01,2.193901e+01,2.190451e+01,2.189761e+01,2.192521e+01,2.193211e+01,2.204932e+01,2.204243e+01,2.200797e+01,2.201486e+01,2.187000e+01,2.202176e+01,2.191831e+01,2.200107e+01,2.199418e+01,2.201486e+01,2.204932e+01,2.205621e+01,2.200107e+01,2.202865e+01,2.201486e+01,2.200107e+01,2.204932e+01,2.185620e+01,2.159351e+01,2.133708e+01,2.130238e+01,2.114260e+01,2.125378e+01,2.126767e+01,2.123294e+01,2.130238e+01,2.129544e+01,2.124683e+01,2.126072e+01,2.125378e+01,2.125378e+01,2.126072e+01,2.122600e+01,2.112869e+01,2.121210e+01,2.128850e+01,2.114955e+01,2.113565e+01,2.103130e+01,2.123989e+01,2.111479e+01,2.098256e+01,2.109392e+01,2.108001e+01,2.097560e+01,2.104522e+01,2.085715e+01,2.100345e+01,2.076647e+01,2.073855e+01,2.087109e+01,2.087806e+01,2.085017e+01,2.086412e+01,2.086412e+01,2.096167e+01,2.089200e+01,2.091987e+01,2.092684e+01,2.096167e+01,2.101738e+01,2.096167e+01,2.095471e+01,2.109392e+01,2.115650e+01,2.108696e+01,2.113565e+01,2.105914e+01,2.112174e+01,2.103130e+01,2.102434e+01,2.099649e+01,2.098953e+01,2.098953e+01,2.102434e+01,2.099649e+01,2.105914e+01,2.099649e+01,2.096167e+01,2.091291e+01,2.092684e+01,2.071761e+01,2.086412e+01,2.084320e+01,2.083623e+01,2.085017e+01,2.085017e+01,2.087806e+01,2.088503e+01,2.094774e+01,2.082925e+01,2.083623e+01,2.098256e+01,2.089200e+01,2.100345e+01,2.098953e+01,2.103826e+01,2.101042e+01,2.100345e+01,2.105218e+01,2.113565e+01,2.105914e+01,2.117736e+01,2.113565e+01,2.105218e+01,2.114260e+01,2.104522e+01,2.098953e+01,2.101738e+01,2.103826e+01,2.105914e+01,2.108001e+01,2.114260e+01,2.101738e+01,2.110088e+01,2.112174e+01,2.169728e+01,2.255798e+01,2.446694e+01,2.650016e+01,2.827461e+01,2.943081e+01,2.951430e+01,2.986683e+01,2.991162e+01,2.991801e+01,3.008419e+01,3.009697e+01,3.006503e+01,2.985403e+01,2.956565e+01,2.898013e+01,2.820965e+01,2.706647e+01,2.547846e+01,2.395410e+01,2.293440e+01,2.239328e+01,2.187691e+01,2.177332e+01,2.157967e+01,2.143419e+01,2.148963e+01,2.142725e+01,2.142725e+01,2.141339e+01,2.140645e+01,2.138565e+01,2.125378e+01,2.146884e+01,2.144805e+01,2.133708e+01,2.134402e+01,2.118431e+01,2.124683e+01,2.117041e+01,2.125378e+01,2.135096e+01,2.126767e+01,2.116345e+01,2.127461e+01,2.120515e+01,2.126072e+01,2.123989e+01,2.123294e+01,2.123989e+01,2.129544e+01,2.125378e+01,2.125378e+01,2.122600e+01,2.144805e+01,2.142032e+01,2.145498e+01,2.130932e+01,2.144112e+01,2.139258e+01,2.139258e+01,2.140645e+01,2.149656e+01,2.148270e+01,2.140645e+01,2.144805e+01,2.144805e+01,2.142032e+01,2.145498e+01,2.145498e+01,2.155890e+01,2.131626e+01,2.153119e+01,2.150349e+01,2.145498e+01,2.142725e+01,2.136484e+01,2.144112e+01,2.137177e+01,2.137177e+01,2.135790e+01,2.147577e+01,2.131626e+01,2.133014e+01,2.131626e+01,2.128156e+01,2.128156e+01,2.126767e+01,2.126072e+01,2.123989e+01,2.120515e+01,2.083623e+01,2.089897e+01,2.075251e+01,2.076647e+01,2.075949e+01,2.071062e+01,2.071062e+01,2.069666e+01,2.072459e+01,2.071062e+01,2.068967e+01,2.075251e+01,2.071062e+01,2.065475e+01,2.072459e+01,2.065475e+01,2.066174e+01,2.073855e+01,2.073855e+01,2.061981e+01,2.066174e+01,2.061981e+01,2.041694e+01,2.039593e+01,2.026978e+01,2.025575e+01,2.019963e+01,2.013645e+01,2.015049e+01,2.016453e+01,2.011538e+01,1.996777e+01,2.006620e+01,2.016453e+01,2.021366e+01,2.019963e+01,2.030484e+01,2.029082e+01,2.044495e+01,2.048694e+01,2.049394e+01,2.053592e+01,2.040994e+01,2.056389e+01,2.058486e+01,2.066174e+01,2.067570e+01,2.070364e+01,2.074553e+01,2.076647e+01,2.080833e+01,2.086412e+01,2.094077e+01,2.097560e+01,2.094077e+01,2.089200e+01,2.102434e+01,2.079438e+01,2.098256e+01,2.091291e+01,2.090594e+01,2.087806e+01,2.090594e+01,2.082228e+01,2.077344e+01,2.075251e+01,2.089200e+01,2.078042e+01,2.070364e+01,2.079438e+01,2.087109e+01,2.082228e+01,2.084320e+01,2.073855e+01,2.075251e+01,2.083623e+01,2.082925e+01,2.077344e+01,2.080135e+01,2.084320e+01,2.087109e+01,2.091291e+01,2.085017e+01,2.088503e+01,2.078740e+01,2.075251e+01,2.075949e+01,2.086412e+01,2.078042e+01,2.085715e+01,2.079438e+01,2.085715e+01,2.084320e+01,2.085017e+01,2.093381e+01,2.090594e+01,2.114955e+01,2.117041e+01,2.118431e+01,2.122600e+01,2.119126e+01,2.126072e+01,2.124683e+01,2.120515e+01,2.125378e+01,2.126072e+01,2.121210e+01,2.130238e+01,2.120515e+01,2.131626e+01,2.130238e+01,2.130932e+01,2.132320e+01,2.133014e+01,2.135096e+01,2.128156e+01,2.119126e+01,2.129544e+01,2.133708e+01,2.120515e+01,2.115650e+01,2.110783e+01,2.111479e+01,2.114955e+01,2.110088e+01,2.103826e+01,2.105218e+01,2.103826e+01,2.110783e+01,2.108696e+01,2.116345e+01,2.117736e+01,2.116345e+01,2.120515e+01,2.126767e+01,2.112869e+01,2.120515e+01,2.114955e+01,2.109392e+01,2.110088e+01,2.112174e+01,2.107305e+01,2.105914e+01,2.104522e+01,2.110783e+01,2.103130e+01,2.115650e+01,2.107305e+01,2.108696e+01,2.112174e+01,2.108696e+01,2.107305e+01,2.108001e+01,2.098256e+01,2.103826e+01,2.108001e+01,2.108696e+01,2.106609e+01,2.114260e+01,2.090594e+01,2.111479e+01,2.108696e+01,2.117041e+01,2.120515e+01,2.122600e+01,2.128850e+01,2.134402e+01,2.131626e+01,2.130238e+01,2.135790e+01,2.135790e+01,2.151734e+01,2.141339e+01,2.131626e+01,2.160043e+01,2.168345e+01,2.218705e+01,2.274294e+01,2.349988e+01,2.438613e+01,2.519809e+01,2.559839e+01,2.609664e+01,2.618939e+01,2.657277e+01,2.671124e+01,2.681003e+01,2.672441e+01,2.687584e+01,2.684294e+01,2.675076e+01,2.663213e+01,2.672441e+01,2.644733e+01,2.645394e+01,2.639447e+01,2.639447e+01,2.620926e+01,2.610327e+01,2.604361e+01,2.599718e+01,2.561837e+01,2.535839e+01,2.519809e+01,2.499067e+01,2.462836e+01,2.427829e+01,2.404876e+01,2.376451e+01,2.340471e+01,2.330265e+01,2.311869e+01,2.303000e+01,2.264708e+01,2.265392e+01,2.214575e+01,2.213198e+01,2.187000e+01,2.188381e+01,2.193901e+01,2.183548e+01,2.173185e+01,2.171802e+01,2.175258e+01,2.180095e+01,2.174567e+01,2.166962e+01,2.167654e+01,2.160735e+01,2.155890e+01,2.165579e+01,2.164195e+01,2.155197e+01,2.160043e+01,2.159351e+01,2.157274e+01,2.156582e+01,2.151042e+01,2.157274e+01,2.155197e+01,2.150349e+01,2.155197e+01,2.162119e+01,2.157967e+01,2.152427e+01,2.159351e+01,2.157967e+01,2.159351e+01,2.158659e+01,2.153119e+01,2.155197e+01,2.153812e+01,2.166962e+01,2.173876e+01,2.178022e+01,2.176641e+01,2.190451e+01,2.180095e+01,2.171802e+01,2.190451e+01,2.184929e+01,2.205621e+01,2.204932e+01,2.210443e+01,2.222833e+01,2.229022e+01,2.222833e+01,2.222833e+01,2.223520e+01,2.226271e+01,2.215952e+01,2.222833e+01,2.224896e+01,2.228334e+01,2.221457e+01,2.225584e+01,2.218705e+01,2.225584e+01,2.222833e+01,2.229022e+01,2.232458e+01,2.222145e+01,2.222145e+01,2.226271e+01,2.218705e+01,2.219393e+01,2.230396e+01,2.233146e+01,2.231084e+01,2.233146e+01,2.235894e+01,2.238642e+01,2.232458e+01,2.233146e+01,2.234520e+01,2.234520e+01,2.249625e+01,2.220769e+01,2.235207e+01,2.236581e+01,2.231771e+01,2.227647e+01,2.230396e+01,2.235894e+01,2.237268e+01,2.235207e+01,2.235207e+01,2.255798e+01,2.246880e+01,2.233146e+01,2.231084e+01,2.233146e+01,2.244821e+01,2.242762e+01,2.237955e+01,2.249625e+01,2.250997e+01,2.247566e+01,2.247566e+01,2.242762e+01,2.242762e+01,2.247566e+01,2.261967e+01,2.246880e+01,2.238642e+01,2.251683e+01,2.255798e+01,2.247566e+01,2.255798e+01,2.241389e+01,2.260596e+01,2.248252e+01,2.259225e+01,2.252369e+01,2.242762e+01,2.239328e+01,2.253741e+01,2.261282e+01,2.255798e+01,2.258540e+01,2.251683e+01,2.261282e+01,2.255798e+01,2.248939e+01,2.254426e+01
2.220081e+01,2.194591e+01,2.211132e+01,2.194591e+01,2.193211e+01,2.207688e+01,2.194591e+01,2.195280e+01,2.192521e+01,2.194591e+01,2.189071e+01,2.190451e+01,2.189761e+01,2.195970e+01,2.193901e+01,2.187000e+01,2.187691e+01,2.164887e+01,2.198039e+01,2.195970e+01,2.202176e+01,2.198039e+01,2.197349e+01,2.201486e+01,2.201486e+01,2.209755e+01,2.205621e+01,2.205621e+01,2.218705e+01,2.209066e+01,2.220769e+01,2.222833e+01,2.213198e+01,2.218705e+01,2.218016e+01,2.215952e+01,2.216640e+01,2.202865e+01,2.216640e+01,2.218705e+01,2.216640e+01,2.220081e+01,2.212509e+01,2.207688e+01,2.215952e+01,2.218016e+01,2.213886e+01,2.206310e+01,2.211821e+01,2.218705e+01,2.206310e+01,2.202865e+01,2.213198e+01,2.202176e+01,2.194591e+01,2.203554e+01,2.195280e+01,2.200107e+01,2.198039e+01,2.183548e+01,2.198039e+01,2.196660e+01,2.187000e+01,2.190451e+01,2.195280e+01,2.195970e+01,2.190451e+01,2.200797e+01,2.195280e+01,2.191831e+01,2.188381e+01,2.194591e+01,2.184929e+01,2.196660e+01,2.191831e+01,2.193211e+01,2.184929e+01,2.198039e+01,2.200797e+01,2.192521e+01,2.197349e+01,2.202865e+01,2.187691e+01,2.193901e+01,2.189071e+01,2.190451e+01,2.205621e+01,2.202865e+01,2.198039e+01,2.209066e+01,2.203554e+01,2.204932e+01,2.200797e+01,2.197349e+01,2.210443e+01,2.197349e+01,2.189761e+01,2.188381e+01,2.203554e+01,2.202865e+01,2.193211e+01,2.201486e+01,2.199418e+01,2.199418e+01,2.190451e+01,2.162811e+01,2.157967e+01,2.137177e+01,2.117736e+01,2.123989e+01,2.128850e+01,2.118431e+01,2.123989e+01,2.127461e+01,2.128156e+01,2.144112e+01,2.124683e+01,2.119820e+01,2.120515e+01,2.121905e+01,2.121905e+01,2.112174e+01,2.105218e+01,2.120515e+01,2.117041e+01,2.110088e+01,2.107305e+01,2.112869e+01,2.105914e+01,2.108696e+01,2.101042e+01,2.102434e+01,2.090594e+01,2.089200e+01,2.087109e+01,2.088503e+01,2.082925e+01,2.086412e+01,2.083623e+01,2.073157e+01,2.084320e+01,2.087806e+01,2.089200e+01,2.096167e+01,2.094774e+01,2.092684e+01,2.096167e+01,2.103826e+01,2.088503e+01,2.098953e+01,2.098256e+01,2.107305e+01,2.110783e+01,2.117736e+01,2.114955e+01,2.102434e+01,2.094774e+01,2.096864e+01,2.104522e+01,2.096864e+01,2.094077e+01,2.105218e+01,2.101738e+01,2.098256e+01,2.091291e+01,2.091291e+01,2.091291e+01,2.085715e+01,2.086412e+01,2.085715e+01,2.082925e+01,2.079438e+01,2.081530e+01,2.079438e+01,2.082228e+01,2.082925e+01,2.091987e+01,2.097560e+01,2.089897e+01,2.101738e+01,2.098256e+01,2.096864e+01,2.094077e+01,2.098256e+01,2.096167e+01,2.096864e+01,2.104522e+01,2.112174e+01,2.099649e+01,2.094077e+01,2.104522e+01,2.106609e+01,2.093381e+01,2.109392e+01,2.099649e+01,2.098953e+01,2.103130e+01,2.098256e+01,2.096167e+01,2.104522e+01,2.107305e+01,2.120515e+01,2.139952e+01,2.158659e+01,2.248252e+01,2.446694e+01,2.628867e+01,2.769510e+01,2.888331e+01,2.936654e+01,2.955282e+01,2.972596e+01,2.990522e+01,2.988603e+01,3.009697e+01,3.004587e+01,3.001392e+01,2.986043e+01,2.924433e+01,2.893496e+01,2.802756e+01,2.636803e+01,2.476270e+01,2.347269e+01,2.242075e+01,2.212509e+01,2.179404e+01,2.160043e+01,2.151042e+01,2.140645e+01,2.140645e+01,2.136484e+01,2.129544e+01,2.143419e+01,2.137177e+01,2.142725e+01,2.132320e+01,2.133708e+01,2.137871e+01,2.137871e+01,2.122600e+01,2.121905e+01,2.126767e+01,2.121905e+01,2.135096e+01,2.120515e+01,2.121210e+01,2.119126e+01,2.123294e+01,2.127461e+01,2.127461e+01,2.117041e+01,2.133708e+01,2.117041e+01,2.130932e+01,2.137871e+01,2.129544e+01,2.127461e+01,2.140645e+01,2.146884e+01,2.128156e+01,2.124683e+01,2.135096e+01,2.137871e+01,2.137871e+01,2.139952e+01,2.139952e+01,2.137177e+01,2.152427e+01,2.137871e+01,2.143419e+01,2.144805e+01,2.145498e+01,2.144112e+01,2.146191e+01,2.140645e+01,2.133014e+01,2.142032e+01,2.145498e+01,2.135790e+01,2.126767e+01,2.137871e+01,2.133708e+01,2.137177e+01,2.133014e+01,2.135790e+01,2.132320e+01,2.131626e+01,2.130238e+01,2.130932e+01,2.128156e+01,2.119126e+01,2.123989e+01,2.102434e+01,2.101042e+01,2.080135e+01,2.065475e+01,2.075251e+01,2.069666e+01,2.072459e+01,2.071062e+01,2.071761e+01,2.072459e+01,2.072459e+01,2.069666e+01,2.067570e+01,2.056389e+01,2.080833e+01,2.066174e+01,2.063379e+01,2.063379e+01,2.068269e+01,2.066872e+01,2.066872e+01,2.073157e+01,2.053592e+01,2.043795e+01,2.050793e+01,2.036090e+01,2.032587e+01,2.029082e+01,2.029082e+01,2.012942e+01,2.010133e+01,2.008728e+01,2.003106e+01,2.012942e+01,2.018559e+01,2.029082e+01,2.026277e+01,2.033988e+01,2.039593e+01,2.029783e+01,2.055690e+01,2.037492e+01,2.055690e+01,2.053592e+01,2.055690e+01,2.055690e+01,2.067570e+01,2.064776e+01,2.075949e+01,2.068967e+01,2.080135e+01,2.071062e+01,2.091987e+01,2.086412e+01,2.089200e+01,2.085715e+01,2.082925e+01,2.088503e+01,2.088503e+01,2.087109e+01,2.103826e+01,2.074553e+01,2.089200e+01,2.090594e+01,2.086412e+01,2.083623e+01,2.077344e+01,2.075251e+01,2.078740e+01,2.073855e+01,2.084320e+01,2.079438e+01,2.075949e+01,2.071761e+01,2.083623e+01,2.081530e+01,2.075251e+01,2.078042e+01,2.085017e+01,2.079438e+01,2.082925e+01,2.084320e+01,2.082925e+01,2.084320e+01,2.086412e+01,2.088503e+01,2.085715e+01,2.084320e+01,2.086412e+01,2.087109e+01,2.083623e+01,2.088503e+01,2.087109e+01,2.079438e+01,2.091987e+01,2.076647e+01,2.087109e+01,2.101738e+01,2.114260e+01,2.117736e+01,2.114260e+01,2.121210e+01,2.123989e+01,2.122600e+01,2.132320e+01,2.137177e+01,2.133708e+01,2.130932e+01,2.123989e+01,2.132320e+01,2.130238e+01,2.127461e+01,2.130932e+01,2.129544e+01,2.130238e+01,2.132320e+01,2.126072e+01,2.127461e+01,2.117736e+01,2.133708e+01,2.135096e+01,2.116345e+01,2.121905e+01,2.122600e+01,2.120515e+01,2.117736e+01,2.105914e+01,2.109392e+01,2.108001e+01,2.106609e+01,2.114260e+01,2.112869e+01,2.113565e+01,2.116345e+01,2.117736e+01,2.108001e+01,2.121210e+01,2.114260e+01,2.119126e+01,2.112174e+01,2.119126e+01,2.105914e+01,2.114955e+01,2.115650e+01,2.107305e+01,2.109392e+01,2.110088e+01,2.105218e+01,2.114955e+01,2.109392e+01,2.102434e+01,2.105914e+01,2.112869e+01,2.111479e+01,2.102434e+01,2.105218e+01,2.094774e+01,2.108001e+01,2.108001e+01,2.102434e+01,2.103826e+01,2.114955e+01,2.112869e+01,2.110783e+01,2.108696e+01,2.105914e+01,2.130238e+01,2.117041e+01,2.114260e+01,2.133014e+01,2.130932e+01,2.135096e+01,2.138565e+01,2.137177e+01,2.142032e+01,2.141339e+01,2.141339e+01,2.188381e+01,2.218016e+01,2.291391e+01,2.375774e+01,2.476270e+01,2.535172e+01,2.563168e+01,2.603698e+01,2.634159e+01,2.654637e+01,2.682978e+01,2.688242e+01,2.675735e+01,2.681003e+01,2.677052e+01,2.670465e+01,2.652657e+01,2.659916e+01,2.652657e+01,2.636142e+01,2.612315e+01,2.607013e+01,2.587106e+01,2.567827e+01,2.569823e+01,2.555843e+01,2.537841e+01,2.529831e+01,2.517803e+01,2.495047e+01,2.458131e+01,2.428503e+01,2.404200e+01,2.374418e+01,2.339111e+01,2.330265e+01,2.298904e+01,2.276347e+01,2.266763e+01,2.255798e+01,2.233146e+01,2.209066e+01,2.207688e+01,2.194591e+01,2.195970e+01,2.181476e+01,2.178022e+01,2.173185e+01,2.170420e+01,2.177332e+01,2.160735e+01,2.169037e+01,2.160043e+01,2.171111e+01,2.158659e+01,2.157967e+01,2.152427e+01,2.153119e+01,2.158659e+01,2.157967e+01,2.154505e+01,2.149656e+01,2.159351e+01,2.156582e+01,2.155890e+01,2.153119e+01,2.155890e+01,2.161427e+01,2.160043e+01,2.160735e+01,2.154505e+01,2.156582e+01,2.152427e+01,2.153812e+01,2.159351e+01,2.157967e+01,2.157274e+01,2.160735e+01,2.172494e+01,2.167654e+01,2.171802e+01,2.171802e+01,2.193901e+01,2.184929e+01,2.191831e+01,2.200797e+01,2.206999e+01,2.209066e+01,2.214575e+01,2.225584e+01,2.225584e+01,2.222833e+01,2.210443e+01,2.224208e+01,2.222833e+01,2.213886e+01,2.214575e+01,2.217328e+01,2.224208e+01,2.219393e+01,2.222145e+01,2.220769e+01,2.211132e+01,2.219393e+01,2.221457e+01,2.218016e+01,2.231084e+01,2.220081e+01,2.221457e+01,2.233833e+01,2.226959e+01,2.226959e+01,2.224208e+01,2.235894e+01,2.228334e+01,2.243448e+01,2.237955e+01,2.231084e+01,2.236581e+01,2.237268e+01,2.231771e+01,2.233146e+01,2.238642e+01,2.239328e+01,2.233833e+01,2.239328e+01,2.241389e+01,2.246194e+01,2.229022e+01,2.243448e+01,2.232458e+01,2.236581e+01,2.236581e+01,2.249625e+01,2.242075e+01,2.237955e+01,2.235207e+01,2.239328e+01,2.251683e+01,2.240702e+01,2.257169e+01,2.242762e+01,2.241389e+01,2.250311e+01,2.239328e+01,2.242762e+01,2.244821e+01,2.250997e+01,2.240702e+01,2.249625e+01,2.249625e+01,2.247566e+01,2.246194e+01,2.244135e+01,2.250997e+01,2.255798e+01,2.241389e+01,2.259911e+01,2.253741e+01,2.253741e+01,2.246194e+01,2.252369e+01,2.250311e+01,2.247566e+01,2.248252e+01,2.251683e+01,2.250997e+01,2.254426e+01,2.246880e+01,2.238642e+01
2.198039e+01,2.206999e+01,2.201486e+01,2.211821e+01,2.192521e+01,2.197349e+01,2.191141e+01,2.195280e+01,2.189071e+01,2.177332e+01,2.184239e+01,2.182167e+01,2.186310e+01,2.192521e+01,2.195970e+01,2.184239e+01,2.184929e+01,2.184239e+01,2.188381e+01,2.197349e+01,2.200797e+01,2.197349e+01,2.195970e+01,2.202865e+01,2.200797e+01,2.220081e+01,2.203554e+01,2.216640e+01,2.214575e+01,2.218016e+01,2.211821e+01,2.222145e+01,2.222145e+01,2.218705e+01,2.215263e+01,2.210443e+01,2.210443e+01,2.214575e+01,2.222145e+01,2.212509e+01,2.202176e+01,2.215952e+01,2.214575e+01,2.220769e+01,2.215952e+01,2.199418e+01,2.198729e+01,2.206310e+01,2.213886e+01,2.200797e+01,2.202865e+01,2.201486e+01,2.213198e+01,2.213198e+01,2.201486e+01,2.193901e+01,2.193211e+01,2.204243e+01,2.198729e+01,2.198039e+01,2.198729e+01,2.190451e+01,2.188381e+01,2.194591e+01,2.188381e+01,2.204932e+01,2.195280e+01,2.199418e+01,2.189071e+01,2.189761e+01,2.190451e+01,2.191831e+01,2.198729e+01,2.193211e+01,2.192521e+01,2.187000e+01,2.189761e+01,2.189071e+01,2.189761e+01,2.195280e+01,2.191141e+01,2.201486e+01,2.203554e+01,2.190451e+01,2.195280e+01,2.204243e+01,2.206999e+01,2.198729e+01,2.205621e+01,2.211821e+01,2.198729e+01,2.198039e+01,2.205621e+01,2.200797e+01,2.199418e+01,2.200797e+01,2.215952e+01,2.189761e+01,2.199418e+01,2.200797e+01,2.216640e+01,2.215263e+01,2.202865e+01,2.200107e+01,2.193211e+01,2.174567e+01,2.161427e+01,2.130238e+01,2.112174e+01,2.117736e+01,2.122600e+01,2.111479e+01,2.128156e+01,2.117736e+01,2.128850e+01,2.110783e+01,2.110088e+01,2.121210e+01,2.120515e+01,2.110088e+01,2.114955e+01,2.121210e+01,2.119820e+01,2.117736e+01,2.112869e+01,2.110088e+01,2.108696e+01,2.097560e+01,2.106609e+01,2.105914e+01,2.100345e+01,2.101738e+01,2.083623e+01,2.081530e+01,2.078042e+01,2.090594e+01,2.087109e+01,2.088503e+01,2.091987e+01,2.089200e+01,2.087806e+01,2.077344e+01,2.090594e+01,2.093381e+01,2.093381e+01,2.093381e+01,2.091987e+01,2.093381e+01,2.096864e+01,2.096864e+01,2.112869e+01,2.121210e+01,2.139952e+01,2.123294e+01,2.118431e+01,2.109392e+01,2.104522e+01,2.093381e+01,2.098256e+01,2.105914e+01,2.094077e+01,2.101738e+01,2.098953e+01,2.098953e+01,2.090594e+01,2.094774e+01,2.090594e+01,2.089897e+01,2.085017e+01,2.082925e+01,2.080135e+01,2.081530e+01,2.082228e+01,2.085017e+01,2.079438e+01,2.085017e+01,2.092684e+01,2.088503e+01,2.089200e+01,2.094077e+01,2.089897e+01,2.098953e+01,2.096167e+01,2.094077e+01,2.100345e+01,2.097560e+01,2.094077e+01,2.087109e+01,2.101738e+01,2.116345e+01,2.108001e+01,2.090594e+01,2.092684e+01,2.099649e+01,2.094774e+01,2.097560e+01,2.103130e+01,2.100345e+01,2.110088e+01,2.113565e+01,2.117041e+01,2.121905e+01,2.169728e+01,2.283872e+01,2.429177e+01,2.607676e+01,2.764938e+01,2.862471e+01,2.912198e+01,2.934726e+01,2.949504e+01,2.962980e+01,2.991162e+01,2.993720e+01,3.000113e+01,3.009058e+01,3.000113e+01,2.987963e+01,2.926363e+01,2.855996e+01,2.731574e+01,2.568493e+01,2.419733e+01,2.312551e+01,2.236581e+01,2.205621e+01,2.163503e+01,2.153812e+01,2.142725e+01,2.139258e+01,2.139952e+01,2.133014e+01,2.142725e+01,2.139952e+01,2.127461e+01,2.128156e+01,2.133014e+01,2.128850e+01,2.127461e+01,2.132320e+01,2.123989e+01,2.119126e+01,2.132320e+01,2.132320e+01,2.117041e+01,2.130932e+01,2.130932e+01,2.126767e+01,2.120515e+01,2.133708e+01,2.123989e+01,2.126767e+01,2.125378e+01,2.117736e+01,2.138565e+01,2.126072e+01,2.140645e+01,2.134402e+01,2.128850e+01,2.123294e+01,2.128850e+01,2.137177e+01,2.135096e+01,2.134402e+01,2.128850e+01,2.134402e+01,2.137177e+01,2.140645e+01,2.142725e+01,2.142032e+01,2.143419e+01,2.138565e+01,2.142725e+01,2.138565e+01,2.136484e+01,2.153812e+01,2.134402e+01,2.129544e+01,2.126072e+01,2.124683e+01,2.142032e+01,2.130238e+01,2.136484e+01,2.136484e+01,2.133014e+01,2.139952e+01,2.130238e+01,2.130932e+01,2.130238e+01,2.121210e+01,2.123294e+01,2.125378e+01,2.102434e+01,2.075251e+01,2.078740e+01,2.078740e+01,2.066872e+01,2.086412e+01,2.066872e+01,2.070364e+01,2.071062e+01,2.068967e+01,2.073157e+01,2.073157e+01,2.075251e+01,2.069666e+01,2.066174e+01,2.075251e+01,2.071062e+01,2.072459e+01,2.080135e+01,2.073855e+01,2.075949e+01,2.050094e+01,2.079438e+01,2.062680e+01,2.057088e+01,2.040994e+01,2.041694e+01,2.038893e+01,2.038893e+01,2.029082e+01,2.026277e+01,2.027679e+01,2.036791e+01,2.014347e+01,2.024172e+01,2.029082e+01,2.028380e+01,2.028380e+01,2.026277e+01,2.024874e+01,2.038893e+01,2.052892e+01,2.048694e+01,2.049394e+01,2.058486e+01,2.050793e+01,2.052192e+01,2.052892e+01,2.075949e+01,2.068967e+01,2.061981e+01,2.082925e+01,2.080833e+01,2.082925e+01,2.089200e+01,2.095471e+01,2.100345e+01,2.096167e+01,2.087806e+01,2.093381e+01,2.094077e+01,2.096864e+01,2.088503e+01,2.091291e+01,2.089200e+01,2.080135e+01,2.079438e+01,2.077344e+01,2.074553e+01,2.070364e+01,2.078042e+01,2.082925e+01,2.083623e+01,2.084320e+01,2.078740e+01,2.079438e+01,2.082228e+01,2.081530e+01,2.071761e+01,2.075251e+01,2.082228e+01,2.079438e+01,2.082925e+01,2.082925e+01,2.075949e+01,2.085017e+01,2.073855e+01,2.088503e+01,2.088503e+01,2.087109e+01,2.069666e+01,2.080833e+01,2.075949e+01,2.082925e+01,2.080135e+01,2.086412e+01,2.084320e+01,2.105218e+01,2.117041e+01,2.112869e+01,2.119126e+01,2.119126e+01,2.123294e+01,2.126072e+01,2.124683e+01,2.123989e+01,2.121210e+01,2.122600e+01,2.130932e+01,2.121210e+01,2.123989e+01,2.114955e+01,2.128850e+01,2.123989e+01,2.132320e+01,2.134402e+01,2.129544e+01,2.133014e+01,2.131626e+01,2.130238e+01,2.129544e+01,2.126767e+01,2.114955e+01,2.105218e+01,2.116345e+01,2.089200e+01,2.121905e+01,2.124683e+01,2.119820e+01,2.106609e+01,2.111479e+01,2.111479e+01,2.114260e+01,2.114260e+01,2.120515e+01,2.125378e+01,2.119820e+01,2.130238e+01,2.113565e+01,2.121210e+01,2.112869e+01,2.121905e+01,2.110088e+01,2.108001e+01,2.108696e+01,2.113565e+01,2.107305e+01,2.112174e+01,2.111479e+01,2.111479e+01,2.114260e+01,2.111479e+01,2.109392e+01,2.095471e+01,2.096864e+01,2.098953e+01,2.112174e+01,2.107305e+01,2.108001e+01,2.105914e+01,2.119126e+01,2.116345e+01,2.103130e+01,2.112869e+01,2.104522e+01,2.113565e+01,2.107305e+01,2.124683e+01,2.126072e+01,2.125378e+01,2.130238e+01,2.142725e+01,2.140645e+01,2.140645e+01,2.142725e+01,2.139952e+01,2.142032e+01,2.162119e+01,2.202176e+01,2.245507e+01,2.298904e+01,2.401496e+01,2.490356e+01,2.543179e+01,2.575144e+01,2.614965e+01,2.638125e+01,2.658596e+01,2.670465e+01,2.671782e+01,2.673759e+01,2.671782e+01,2.674418e+01,2.663873e+01,2.640769e+01,2.619601e+01,2.628206e+01,2.607013e+01,2.591755e+01,2.589099e+01,2.573814e+01,2.567162e+01,2.546513e+01,2.529831e+01,2.523819e+01,2.513791e+01,2.490356e+01,2.472241e+01,2.454095e+01,2.427829e+01,2.406227e+01,2.372384e+01,2.355421e+01,2.328904e+01,2.307777e+01,2.283188e+01,2.266078e+01,2.257854e+01,2.223520e+01,2.220769e+01,2.215263e+01,2.202176e+01,2.209066e+01,2.182858e+01,2.178713e+01,2.182167e+01,2.183548e+01,2.178022e+01,2.160735e+01,2.166270e+01,2.165579e+01,2.162811e+01,2.157967e+01,2.149656e+01,2.154505e+01,2.163503e+01,2.153812e+01,2.148963e+01,2.148963e+01,2.160735e+01,2.157274e+01,2.155890e+01,2.160043e+01,2.155197e+01,2.154505e+01,2.154505e+01,2.137177e+01,2.160735e+01,2.162119e+01,2.155197e+01,2.153812e+01,2.150349e+01,2.155197e+01,2.157967e+01,2.169037e+01,2.175949e+01,2.171111e+01,2.168345e+01,2.179404e+01,2.182167e+01,2.190451e+01,2.188381e+01,2.193901e+01,2.196660e+01,2.211821e+01,2.222145e+01,2.215263e+01,2.212509e+01,2.220769e+01,2.215263e+01,2.224208e+01,2.220081e+01,2.218016e+01,2.240702e+01,2.215952e+01,2.215952e+01,2.219393e+01,2.224208e+01,2.221457e+01,2.220769e+01,2.218705e+01,2.238642e+01,2.229709e+01,2.231084e+01,2.228334e+01,2.226959e+01,2.223520e+01,2.222145e+01,2.222145e+01,2.244135e+01,2.221457e+01,2.224896e+01,2.234520e+01,2.234520e+01,2.233146e+01,2.228334e+01,2.239328e+01,2.235894e+01,2.233833e+01,2.227647e+01,2.231771e+01,2.237268e+01,2.231084e+01,2.232458e+01,2.224896e+01,2.229709e+01,2.223520e+01,2.233833e+01,2.234520e+01,2.235894e+01,2.235894e+01,2.235894e+01,2.242762e+01,2.243448e+01,2.240702e+01,2.243448e+01,2.248252e+01,2.248252e+01,2.253741e+01,2.244135e+01,2.246194e+01,2.246194e+01,2.238642e+01,2.244821e+01,2.241389e+01,2.243448e+01,2.242762e+01,2.250997e+01,2.253741e+01,2.252369e+01,2.253055e+01,2.246194e+01,2.242762e+01,2.243448e+01,2.244821e+01,2.255798e+01,2.258540e+01,2.257169e+01,2.249625e+01,2.250311e+01,2.250997e+01,2.250997e+01,2.250997e+01,2.248252e+01,2.244135e+01,2.246880e+01,2.249625e+01,2.250311e+01
2.196660e+01,2.202865e+01,2.191831e+01,2.194591e+01,2.206999e+01,2.194591e+01,2.195970e+01,2.188381e+01,2.193901e+01,2.185620e+01,2.173185e+01,2.193211e+01,2.180095e+01,2.186310e+01,2.191831e+01,2.182167e+01,2.179404e+01,2.183548e+01,2.190451e+01,2.180786e+01,2.188381e+01,2.201486e+01,2.198039e+01,2.198729e+01,2.197349e+01,2.210443e+01,2.204932e+01,2.211821e+01,2.213198e+01,2.209755e+01,2.217328e+01,2.216640e+01,2.213886e+01,2.220081e+01,2.220081e+01,2.219393e+01,2.217328e+01,2.215952e+01,2.213886e+01,2.214575e+01,2.215263e+01,2.202865e+01,2.224896e+01,2.204243e+01,2.202176e+01,2.202865e+01,2.204932e+01,2.206999e+01,2.202865e+01,2.209755e+01,2.204932e+01,2.202865e+01,2.203554e+01,2.210443e+01,2.192521e+01,2.191141e+01,2.201486e+01,2.193211e+01,2.181476e+01,2.203554e+01,2.198039e+01,2.193901e+01,2.200107e+01,2.199418e+01,2.195970e+01,2.196660e+01,2.200107e+01,2.189761e+01,2.189071e+01,2.211132e+01,2.197349e+01,2.197349e+01,2.194591e+01,2.193211e+01,2.198039e+01,2.198729e+01,2.183548e+01,2.191831e+01,2.200107e+01,2.193211e+01,2.191831e+01,2.205621e+01,2.204932e+01,2.205621e+01,2.204243e+01,2.196660e+01,2.204932e+01,2.199418e+01,2.203554e+01,2.206310e+01,2.198729e+01,2.215952e+01,2.210443e+01,2.208377e+01,2.200107e+01,2.221457e+01,2.209755e+01,2.210443e+01,2.213198e+01,2.202865e+01,2.214575e+01,2.213886e+01,2.202176e+01,2.202865e+01,2.179404e+01,2.166962e+01,2.164195e+01,2.127461e+01,2.110088e+01,2.120515e+01,2.112174e+01,2.119820e+01,2.117041e+01,2.109392e+01,2.118431e+01,2.118431e+01,2.124683e+01,2.120515e+01,2.117041e+01,2.108696e+01,2.120515e+01,2.121905e+01,2.114260e+01,2.117041e+01,2.110783e+01,2.109392e+01,2.087806e+01,2.103826e+01,2.098953e+01,2.085017e+01,2.076647e+01,2.087806e+01,2.087109e+01,2.074553e+01,2.085017e+01,2.087806e+01,2.087806e+01,2.085715e+01,2.089200e+01,2.085715e+01,2.087806e+01,2.089897e+01,2.092684e+01,2.092684e+01,2.091987e+01,2.094077e+01,2.094774e+01,2.094774e+01,2.098953e+01,2.094077e+01,2.127461e+01,2.133014e+01,2.154505e+01,2.119820e+01,2.117736e+01,2.101738e+01,2.100345e+01,2.096864e+01,2.110088e+01,2.103130e+01,2.103826e+01,2.102434e+01,2.103826e+01,2.089200e+01,2.085715e+01,2.098953e+01,2.090594e+01,2.080833e+01,2.085017e+01,2.082228e+01,2.080833e+01,2.080135e+01,2.079438e+01,2.087806e+01,2.078042e+01,2.082925e+01,2.080135e+01,2.085017e+01,2.086412e+01,2.087806e+01,2.095471e+01,2.094774e+01,2.093381e+01,2.088503e+01,2.098256e+01,2.093381e+01,2.096864e+01,2.097560e+01,2.105914e+01,2.106609e+01,2.102434e+01,2.083623e+01,2.079438e+01,2.087806e+01,2.097560e+01,2.101042e+01,2.105218e+01,2.112869e+01,2.098953e+01,2.110783e+01,2.154505e+01,2.184239e+01,2.285239e+01,2.470898e+01,2.626221e+01,2.728953e+01,2.837197e+01,2.890269e+01,2.916063e+01,2.944366e+01,2.950146e+01,2.966186e+01,2.990522e+01,3.007142e+01,3.003309e+01,3.000113e+01,2.999474e+01,2.965545e+01,2.905753e+01,2.820315e+01,2.666510e+01,2.484321e+01,2.363567e+01,2.271556e+01,2.205621e+01,2.160043e+01,2.158659e+01,2.142725e+01,2.142032e+01,2.144112e+01,2.144112e+01,2.140645e+01,2.130932e+01,2.142725e+01,2.138565e+01,2.132320e+01,2.130932e+01,2.127461e+01,2.125378e+01,2.131626e+01,2.120515e+01,2.139258e+01,2.128850e+01,2.131626e+01,2.121210e+01,2.132320e+01,2.119820e+01,2.117736e+01,2.126072e+01,2.130238e+01,2.121210e+01,2.121905e+01,2.116345e+01,2.128850e+01,2.128850e+01,2.128850e+01,2.131626e+01,2.128156e+01,2.128850e+01,2.128156e+01,2.126767e+01,2.123294e+01,2.123989e+01,2.121905e+01,2.134402e+01,2.131626e+01,2.133014e+01,2.142032e+01,2.138565e+01,2.136484e+01,2.132320e+01,2.142725e+01,2.141339e+01,2.136484e+01,2.141339e+01,2.132320e+01,2.147577e+01,2.139258e+01,2.128156e+01,2.129544e+01,2.129544e+01,2.130238e+01,2.133708e+01,2.135096e+01,2.136484e+01,2.129544e+01,2.125378e+01,2.131626e+01,2.128850e+01,2.129544e+01,2.127461e+01,2.116345e+01,2.098953e+01,2.085017e+01,2.065475e+01,2.069666e+01,2.069666e+01,2.070364e+01,2.068967e+01,2.075949e+01,2.076647e+01,2.064776e+01,2.071062e+01,2.072459e+01,2.069666e+01,2.065475e+01,2.069666e+01,2.075251e+01,2.061981e+01,2.070364e+01,2.059185e+01,2.064776e+01,2.080833e+01,2.059185e+01,2.078740e+01,2.060583e+01,2.063379e+01,2.041694e+01,2.036090e+01,2.043795e+01,2.040294e+01,2.027679e+01,2.032587e+01,2.029082e+01,2.015751e+01,2.032587e+01,2.022769e+01,2.024172e+01,2.029082e+01,2.029783e+01,2.029082e+01,2.036791e+01,2.036791e+01,2.047994e+01,2.054291e+01,2.057088e+01,2.056389e+01,2.050793e+01,2.059884e+01,2.054291e+01,2.063379e+01,2.063379e+01,2.071062e+01,2.085017e+01,2.079438e+01,2.077344e+01,2.086412e+01,2.096864e+01,2.094774e+01,2.098953e+01,2.094774e+01,2.094774e+01,2.094077e+01,2.096167e+01,2.090594e+01,2.094774e+01,2.089200e+01,2.081530e+01,2.082228e+01,2.082228e+01,2.075949e+01,2.075949e+01,2.074553e+01,2.071062e+01,2.079438e+01,2.087806e+01,2.075251e+01,2.079438e+01,2.052192e+01,2.075949e+01,2.074553e+01,2.085017e+01,2.081530e+01,2.080135e+01,2.085017e+01,2.086412e+01,2.085017e+01,2.094077e+01,2.086412e+01,2.091291e+01,2.086412e+01,2.087109e+01,2.089200e+01,2.091987e+01,2.082228e+01,2.091987e+01,2.089200e+01,2.080135e+01,2.078042e+01,2.114260e+01,2.108696e+01,2.118431e+01,2.114260e+01,2.112869e+01,2.119820e+01,2.135790e+01,2.139952e+01,2.123989e+01,2.136484e+01,2.126072e+01,2.130238e+01,2.128850e+01,2.128850e+01,2.120515e+01,2.122600e+01,2.125378e+01,2.127461e+01,2.129544e+01,2.128156e+01,2.121905e+01,2.133014e+01,2.132320e+01,2.128850e+01,2.114955e+01,2.126072e+01,2.123989e+01,2.114260e+01,2.124683e+01,2.123989e+01,2.110783e+01,2.112869e+01,2.110783e+01,2.110783e+01,2.112869e+01,2.114260e+01,2.118431e+01,2.119820e+01,2.119820e+01,2.121905e+01,2.114955e+01,2.112174e+01,2.127461e+01,2.111479e+01,2.111479e+01,2.112174e+01,2.113565e+01,2.111479e+01,2.110088e+01,2.103130e+01,2.112174e+01,2.114260e+01,2.110088e+01,2.102434e+01,2.108696e+01,2.104522e+01,2.105914e+01,2.108696e+01,2.096864e+01,2.112174e+01,2.109392e+01,2.108696e+01,2.111479e+01,2.108001e+01,2.111479e+01,2.112174e+01,2.114260e+01,2.104522e+01,2.119820e+01,2.127461e+01,2.123294e+01,2.128156e+01,2.128156e+01,2.130238e+01,2.142032e+01,2.146191e+01,2.129544e+01,2.123294e+01,2.128850e+01,2.136484e+01,2.164887e+01,2.192521e+01,2.246880e+01,2.342511e+01,2.412307e+01,2.491026e+01,2.556509e+01,2.589762e+01,2.624897e+01,2.643412e+01,2.667828e+01,2.665191e+01,2.670465e+01,2.668487e+01,2.652657e+01,2.637464e+01,2.639447e+01,2.608339e+01,2.605024e+01,2.591755e+01,2.575144e+01,2.569158e+01,2.547846e+01,2.548513e+01,2.531166e+01,2.515797e+01,2.497727e+01,2.495717e+01,2.468212e+01,2.465524e+01,2.441307e+01,2.445347e+01,2.407579e+01,2.391350e+01,2.371028e+01,2.359495e+01,2.330946e+01,2.303683e+01,2.293440e+01,2.274294e+01,2.251683e+01,2.240702e+01,2.224896e+01,2.204243e+01,2.205621e+01,2.196660e+01,2.189761e+01,2.173876e+01,2.169037e+01,2.171802e+01,2.178022e+01,2.163503e+01,2.164887e+01,2.168345e+01,2.153812e+01,2.160735e+01,2.156582e+01,2.155197e+01,2.152427e+01,2.155197e+01,2.151734e+01,2.146884e+01,2.157967e+01,2.149656e+01,2.161427e+01,2.154505e+01,2.157274e+01,2.141339e+01,2.157274e+01,2.157967e+01,2.151042e+01,2.159351e+01,2.154505e+01,2.153119e+01,2.155197e+01,2.171111e+01,2.152427e+01,2.146884e+01,2.164887e+01,2.172494e+01,2.173876e+01,2.170420e+01,2.168345e+01,2.182858e+01,2.179404e+01,2.195280e+01,2.200797e+01,2.200107e+01,2.211821e+01,2.213886e+01,2.209066e+01,2.213198e+01,2.207688e+01,2.215952e+01,2.214575e+01,2.209755e+01,2.215952e+01,2.218016e+01,2.215263e+01,2.220769e+01,2.222145e+01,2.220081e+01,2.221457e+01,2.221457e+01,2.213198e+01,2.224208e+01,2.225584e+01,2.231771e+01,2.224208e+01,2.216640e+01,2.221457e+01,2.222145e+01,2.223520e+01,2.234520e+01,2.227647e+01,2.226959e+01,2.229022e+01,2.228334e+01,2.231084e+01,2.239328e+01,2.237268e+01,2.229022e+01,2.226271e+01,2.235207e+01,2.248939e+01,2.236581e+01,2.237268e+01,2.231771e+01,2.231771e+01,2.237268e+01,2.237268e+01,2.239328e+01,2.240015e+01,2.236581e+01,2.235894e+01,2.220769e+01,2.242762e+01,2.243448e+01,2.240702e+01,2.238642e+01,2.237268e+01,2.235894e+01,2.237955e+01,2.239328e+01,2.238642e+01,2.239328e+01,2.237268e+01,2.244135e+01,2.242762e+01,2.250311e+01,2.249625e+01,2.254426e+01,2.253055e+01,2.248252e+01,2.253055e+01,2.255798e+01,2.249625e+01,2.244821e+01,2.257854e+01,2.256483e+01,2.256483e+01,2.248939e+01,2.250997e+01,2.261282e+01,2.248939e+01,2.257854e+01,2.253055e+01,2.239328e+01,2.260596e+01,2.246880e+01,2.238642e+01
2.199418e+01,2.215263e+01,2.197349e+01,2.189071e+01,2.184239e+01,2.182858e+01,2.175258e+01,2.191831e+01,2.195970e+01,2.184239e+01,2.184239e+01,2.187691e+01,2.184929e+01,2.178022e+01,2.185620e+01,2.173185e+01,2.182858e+01,2.182858e+01,2.185620e+01,2.196660e+01,2.198729e+01,2.204243e+01,2.200107e+01,2.191141e+01,2.193901e+01,2.202176e+01,2.203554e+01,2.204243e+01,2.204243e+01,2.217328e+01,2.225584e+01,2.220081e+01,2.213886e+01,2.210443e+01,2.216640e+01,2.212509e+01,2.213886e+01,2.205621e+01,2.206310e+01,2.214575e+01,2.209755e+01,2.204932e+01,2.219393e+01,2.209755e+01,2.200107e+01,2.202176e+01,2.198039e+01,2.200797e+01,2.204243e+01,2.198729e+01,2.210443e+01,2.201486e+01,2.182167e+01,2.200797e+01,2.209066e+01,2.204243e+01,2.181476e+01,2.200797e+01,2.197349e+01,2.200797e+01,2.193211e+01,2.191831e+01,2.196660e+01,2.190451e+01,2.185620e+01,2.197349e+01,2.199418e+01,2.198039e+01,2.191831e+01,2.193211e+01,2.207688e+01,2.202865e+01,2.198729e+01,2.197349e+01,2.194591e+01,2.200797e+01,2.181476e+01,2.198039e+01,2.198039e+01,2.198729e+01,2.208377e+01,2.204932e+01,2.208377e+01,2.204932e+01,2.197349e+01,2.203554e+01,2.204932e+01,2.200107e+01,2.209066e+01,2.211821e+01,2.213886e+01,2.211132e+01,2.206310e+01,2.214575e+01,2.218016e+01,2.198039e+01,2.214575e+01,2.204243e+01,2.218016e+01,2.207688e+01,2.213886e+01,2.215263e+01,2.218016e+01,2.234520e+01,2.206999e+01,2.174567e+01,2.166270e+01,2.119820e+01,2.111479e+01,2.113565e+01,2.111479e+01,2.117041e+01,2.119820e+01,2.105218e+01,2.108696e+01,2.117736e+01,2.108001e+01,2.119820e+01,2.101042e+01,2.116345e+01,2.114260e+01,2.104522e+01,2.105218e+01,2.111479e+01,2.114955e+01,2.108001e+01,2.106609e+01,2.102434e+01,2.086412e+01,2.085715e+01,2.099649e+01,2.073855e+01,2.072459e+01,2.073855e+01,2.087806e+01,2.087109e+01,2.085017e+01,2.083623e+01,2.088503e+01,2.081530e+01,2.101738e+01,2.089200e+01,2.091987e+01,2.087806e+01,2.095471e+01,2.094774e+01,2.094077e+01,2.092684e+01,2.096167e+01,2.127461e+01,2.153812e+01,2.161427e+01,2.136484e+01,2.121905e+01,2.104522e+01,2.098256e+01,2.110088e+01,2.098953e+01,2.098953e+01,2.096167e+01,2.102434e+01,2.103130e+01,2.084320e+01,2.098256e+01,2.096167e+01,2.070364e+01,2.094774e+01,2.088503e+01,2.093381e+01,2.080135e+01,2.085017e+01,2.082925e+01,2.086412e+01,2.073855e+01,2.090594e+01,2.093381e+01,2.090594e+01,2.091987e+01,2.094774e+01,2.093381e+01,2.093381e+01,2.094774e+01,2.094774e+01,2.089897e+01,2.098953e+01,2.092684e+01,2.091987e+01,2.072459e+01,2.096864e+01,2.080135e+01,2.080135e+01,2.080135e+01,2.070364e+01,2.077344e+01,2.094077e+01,2.095471e+01,2.102434e+01,2.106609e+01,2.111479e+01,2.116345e+01,2.184929e+01,2.321412e+01,2.483651e+01,2.634159e+01,2.734195e+01,2.821615e+01,2.876702e+01,2.891560e+01,2.923145e+01,2.953356e+01,2.965545e+01,2.979001e+01,2.982843e+01,2.986043e+01,3.009697e+01,2.997557e+01,2.965545e+01,2.940511e+01,2.883164e+01,2.752521e+01,2.593746e+01,2.431874e+01,2.311869e+01,2.231084e+01,2.191141e+01,2.178022e+01,2.155197e+01,2.153119e+01,2.148963e+01,2.140645e+01,2.142725e+01,2.134402e+01,2.135790e+01,2.136484e+01,2.135096e+01,2.130238e+01,2.134402e+01,2.135096e+01,2.133014e+01,2.126072e+01,2.123989e+01,2.133014e+01,2.117736e+01,2.121905e+01,2.114260e+01,2.128156e+01,2.123989e+01,2.123294e+01,2.110783e+01,2.118431e+01,2.106609e+01,2.106609e+01,2.092684e+01,2.125378e+01,2.123294e+01,2.116345e+01,2.128156e+01,2.126767e+01,2.126767e+01,2.124683e+01,2.118431e+01,2.129544e+01,2.126767e+01,2.129544e+01,2.139952e+01,2.142032e+01,2.129544e+01,2.139258e+01,2.134402e+01,2.138565e+01,2.135790e+01,2.134402e+01,2.142725e+01,2.131626e+01,2.139258e+01,2.133708e+01,2.130932e+01,2.134402e+01,2.129544e+01,2.131626e+01,2.134402e+01,2.130238e+01,2.134402e+01,2.130932e+01,2.132320e+01,2.121905e+01,2.130238e+01,2.126072e+01,2.132320e+01,2.126072e+01,2.110783e+01,2.103826e+01,2.088503e+01,2.069666e+01,2.078740e+01,2.082925e+01,2.077344e+01,2.069666e+01,2.066872e+01,2.076647e+01,2.065475e+01,2.069666e+01,2.071761e+01,2.071761e+01,2.073157e+01,2.070364e+01,2.068967e+01,2.071761e+01,2.075251e+01,2.067570e+01,2.071062e+01,2.066872e+01,2.058486e+01,2.067570e+01,2.067570e+01,2.057787e+01,2.057088e+01,2.055690e+01,2.041694e+01,2.044495e+01,2.047295e+01,2.053592e+01,2.053592e+01,2.036090e+01,2.031185e+01,2.037492e+01,2.033988e+01,2.030484e+01,2.036791e+01,2.040994e+01,2.031185e+01,2.052892e+01,2.037492e+01,2.045895e+01,2.046595e+01,2.057088e+01,2.051493e+01,2.061282e+01,2.050094e+01,2.058486e+01,2.056389e+01,2.067570e+01,2.073157e+01,2.070364e+01,2.077344e+01,2.082228e+01,2.093381e+01,2.089897e+01,2.094774e+01,2.094774e+01,2.089897e+01,2.091987e+01,2.085715e+01,2.092684e+01,2.087806e+01,2.084320e+01,2.096864e+01,2.081530e+01,2.081530e+01,2.080135e+01,2.071761e+01,2.077344e+01,2.086412e+01,2.073855e+01,2.085715e+01,2.080833e+01,2.082228e+01,2.079438e+01,2.082228e+01,2.085715e+01,2.075251e+01,2.088503e+01,2.091291e+01,2.085715e+01,2.095471e+01,2.096167e+01,2.096864e+01,2.096864e+01,2.097560e+01,2.091291e+01,2.101042e+01,2.090594e+01,2.102434e+01,2.087109e+01,2.087806e+01,2.088503e+01,2.082925e+01,2.080833e+01,2.080833e+01,2.113565e+01,2.112174e+01,2.126767e+01,2.118431e+01,2.120515e+01,2.117041e+01,2.135790e+01,2.148270e+01,2.148963e+01,2.141339e+01,2.126767e+01,2.135096e+01,2.137177e+01,2.130932e+01,2.122600e+01,2.128850e+01,2.129544e+01,2.126767e+01,2.137177e+01,2.129544e+01,2.131626e+01,2.131626e+01,2.132320e+01,2.133708e+01,2.125378e+01,2.128850e+01,2.118431e+01,2.119820e+01,2.122600e+01,2.117736e+01,2.118431e+01,2.108696e+01,2.115650e+01,2.112174e+01,2.112174e+01,2.114955e+01,2.114955e+01,2.121210e+01,2.114955e+01,2.117736e+01,2.112869e+01,2.130238e+01,2.113565e+01,2.113565e+01,2.114260e+01,2.110783e+01,2.112869e+01,2.110783e+01,2.112869e+01,2.110783e+01,2.110088e+01,2.116345e+01,2.107305e+01,2.104522e+01,2.101042e+01,2.105218e+01,2.103130e+01,2.108001e+01,2.104522e+01,2.100345e+01,2.109392e+01,2.100345e+01,2.111479e+01,2.105914e+01,2.113565e+01,2.108696e+01,2.112174e+01,2.111479e+01,2.111479e+01,2.108696e+01,2.124683e+01,2.124683e+01,2.129544e+01,2.142725e+01,2.128156e+01,2.127461e+01,2.139258e+01,2.137871e+01,2.137177e+01,2.135096e+01,2.151734e+01,2.212509e+01,2.292757e+01,2.345230e+01,2.435244e+01,2.517135e+01,2.543179e+01,2.595737e+01,2.620263e+01,2.644733e+01,2.664532e+01,2.665191e+01,2.663213e+01,2.651997e+01,2.644073e+01,2.614965e+01,2.594410e+01,2.592418e+01,2.591755e+01,2.574479e+01,2.559839e+01,2.542512e+01,2.539843e+01,2.519140e+01,2.516466e+01,2.480296e+01,2.494377e+01,2.465524e+01,2.460820e+01,2.439287e+01,2.431200e+01,2.429852e+01,2.416359e+01,2.388643e+01,2.365602e+01,2.349988e+01,2.328904e+01,2.315960e+01,2.300953e+01,2.271556e+01,2.269502e+01,2.245507e+01,2.224208e+01,2.200797e+01,2.207688e+01,2.193211e+01,2.191831e+01,2.188381e+01,2.188381e+01,2.184929e+01,2.170420e+01,2.166962e+01,2.170420e+01,2.167654e+01,2.171802e+01,2.158659e+01,2.153119e+01,2.153119e+01,2.144112e+01,2.153119e+01,2.147577e+01,2.157967e+01,2.149656e+01,2.153812e+01,2.151734e+01,2.157967e+01,2.143419e+01,2.157274e+01,2.155890e+01,2.156582e+01,2.155890e+01,2.156582e+01,2.152427e+01,2.142032e+01,2.145498e+01,2.148963e+01,2.162811e+01,2.164887e+01,2.167654e+01,2.157967e+01,2.171111e+01,2.173876e+01,2.163503e+01,2.168345e+01,2.194591e+01,2.189761e+01,2.184929e+01,2.195280e+01,2.209755e+01,2.194591e+01,2.213198e+01,2.209755e+01,2.213198e+01,2.218705e+01,2.222145e+01,2.219393e+01,2.219393e+01,2.214575e+01,2.222145e+01,2.224208e+01,2.214575e+01,2.224208e+01,2.224208e+01,2.224208e+01,2.218016e+01,2.221457e+01,2.236581e+01,2.231084e+01,2.218016e+01,2.227647e+01,2.220081e+01,2.222145e+01,2.220769e+01,2.221457e+01,2.226959e+01,2.221457e+01,2.236581e+01,2.235894e+01,2.230396e+01,2.235894e+01,2.238642e+01,2.222833e+01,2.235207e+01,2.235894e+01,2.237268e+01,2.228334e+01,2.230396e+01,2.231084e+01,2.237955e+01,2.239328e+01,2.236581e+01,2.237955e+01,2.232458e+01,2.234520e+01,2.240015e+01,2.237955e+01,2.242762e+01,2.242075e+01,2.231771e+01,2.238642e+01,2.234520e+01,2.244821e+01,2.242075e+01,2.242762e+01,2.240015e+01,2.240015e+01,2.242762e+01,2.237955e+01,2.250311e+01,2.250311e+01,2.251683e+01,2.253741e+01,2.251683e+01,2.254426e+01,2.254426e+01,2.255798e+01,2.249625e+01,2.249625e+01,2.247566e+01,2.233146e+01,2.248252e+01,2.245507e+01,2.251683e+01,2.250311e+01,2.240702e+01,2.240702e+01,2.241389e+01,2.240702e+01,2.245507e+01,2.257169e+01,2.244821e+01
2.211132e+01,2.206310e+01,2.192521e+01,2.188381e+01,2.187000e+01,2.187000e+01,2.189761e+01,2.193211e+01,2.187691e+01,2.182858e+01,2.177332e+01,2.181476e+01,2.179404e+01,2.173185e+01,2.184239e+01,2.189071e+01,2.187691e+01,2.184929e+01,2.181476e+01,2.181476e+01,2.200107e+01,2.196660e+01,2.195280e+01,2.197349e+01,2.206310e+01,2.205621e+01,2.204243e+01,2.200107e+01,2.210443e+01,2.211821e+01,2.209066e+01,2.217328e+01,2.216640e+01,2.220769e+01,2.213198e+01,2.222833e+01,2.211132e+01,2.209066e+01,2.213198e+01,2.206310e+01,2.208377e+01,2.204243e+01,2.207688e+01,2.200797e+01,2.213886e+01,2.204932e+01,2.203554e+01,2.206999e+01,2.200797e+01,2.187691e+01,2.191831e+01,2.195280e+01,2.195280e+01,2.198039e+01,2.204932e+01,2.200107e+01,2.182167e+01,2.201486e+01,2.193211e+01,2.198039e+01,2.201486e+01,2.195970e+01,2.186310e+01,2.198729e+01,2.201486e+01,2.198039e+01,2.198729e+01,2.191141e+01,2.204932e+01,2.194591e+01,2.212509e+01,2.206310e+01,2.202865e+01,2.196660e+01,2.198729e+01,2.198729e+01,2.198039e+01,2.198039e+01,2.200107e+01,2.199418e+01,2.201486e+01,2.205621e+01,2.212509e+01,2.205621e+01,2.199418e+01,2.211821e+01,2.205621e+01,2.211132e+01,2.215952e+01,2.212509e+01,2.213886e+01,2.213886e+01,2.204243e+01,2.219393e+01,2.218016e+01,2.215952e+01,2.216640e+01,2.212509e+01,2.217328e+01,2.215952e+01,2.215263e+01,2.218705e+01,2.212509e+01,2.211132e+01,2.194591e+01,2.190451e+01,2.160735e+01,2.123989e+01,2.119820e+01,2.112869e+01,2.112174e+01,2.121905e+01,2.114260e+01,2.115650e+01,2.103130e+01,2.116345e+01,2.118431e+01,2.083623e+01,2.101042e+01,2.114260e+01,2.110783e+01,2.103130e+01,2.108696e+01,2.103826e+01,2.106609e+01,2.091987e+01,2.089200e+01,2.091291e+01,2.101042e+01,2.076647e+01,2.078042e+01,2.066872e+01,2.082228e+01,2.075949e+01,2.084320e+01,2.087806e+01,2.087109e+01,2.089897e+01,2.088503e+01,2.085715e+01,2.112869e+01,2.110088e+01,2.091291e+01,2.094077e+01,2.086412e+01,2.093381e+01,2.109392e+01,2.099649e+01,2.105218e+01,2.148963e+01,2.159351e+01,2.157967e+01,2.166962e+01,2.121905e+01,2.108001e+01,2.102434e+01,2.100345e+01,2.094077e+01,2.100345e+01,2.101042e+01,2.098953e+01,2.099649e+01,2.100345e+01,2.089897e+01,2.092684e+01,2.093381e+01,2.075949e+01,2.082228e+01,2.080135e+01,2.085715e+01,2.066174e+01,2.089200e+01,2.085017e+01,2.078740e+01,2.090594e+01,2.089200e+01,2.096864e+01,2.089897e+01,2.098256e+01,2.089200e+01,2.091291e+01,2.094774e+01,2.086412e+01,2.096864e+01,2.091987e+01,2.085715e+01,2.087806e+01,2.087109e+01,2.082228e+01,2.080135e+01,2.068269e+01,2.075251e+01,2.080833e+01,2.072459e+01,2.072459e+01,2.089200e+01,2.082228e+01,2.092684e+01,2.131626e+01,2.198729e+01,2.324137e+01,2.505762e+01,2.632836e+01,2.741398e+01,2.813815e+01,2.854701e+01,2.887040e+01,2.919283e+01,2.921858e+01,2.966827e+01,2.966827e+01,2.979001e+01,2.989882e+01,2.993081e+01,3.007781e+01,2.996278e+01,2.965545e+01,2.926363e+01,2.835251e+01,2.680345e+01,2.524487e+01,2.365602e+01,2.275663e+01,2.208377e+01,2.188381e+01,2.151734e+01,2.151042e+01,2.153119e+01,2.150349e+01,2.135096e+01,2.144112e+01,2.145498e+01,2.144112e+01,2.144112e+01,2.134402e+01,2.139258e+01,2.133708e+01,2.127461e+01,2.139258e+01,2.123294e+01,2.135790e+01,2.126072e+01,2.133014e+01,2.131626e+01,2.123989e+01,2.114260e+01,2.111479e+01,2.113565e+01,2.123989e+01,2.126767e+01,2.125378e+01,2.120515e+01,2.122600e+01,2.121210e+01,2.114955e+01,2.122600e+01,2.129544e+01,2.117736e+01,2.135096e+01,2.123294e+01,2.121905e+01,2.126767e+01,2.121210e+01,2.133708e+01,2.139952e+01,2.128156e+01,2.133708e+01,2.130932e+01,2.126767e+01,2.137871e+01,2.135096e+01,2.152427e+01,2.137177e+01,2.134402e+01,2.137871e+01,2.144805e+01,2.129544e+01,2.129544e+01,2.130932e+01,2.130238e+01,2.132320e+01,2.134402e+01,2.130932e+01,2.137177e+01,2.130238e+01,2.124683e+01,2.139258e+01,2.122600e+01,2.125378e+01,2.119126e+01,2.128156e+01,2.103130e+01,2.084320e+01,2.084320e+01,2.082228e+01,2.082228e+01,2.073157e+01,2.083623e+01,2.068269e+01,2.081530e+01,2.076647e+01,2.068269e+01,2.080135e+01,2.075251e+01,2.071062e+01,2.073855e+01,2.073855e+01,2.071761e+01,2.071761e+01,2.073157e+01,2.071062e+01,2.063379e+01,2.065475e+01,2.040994e+01,2.063379e+01,2.066174e+01,2.054291e+01,2.064776e+01,2.050793e+01,2.059884e+01,2.047295e+01,2.036791e+01,2.051493e+01,2.048694e+01,2.051493e+01,2.050793e+01,2.045895e+01,2.048694e+01,2.038893e+01,2.052192e+01,2.035390e+01,2.043094e+01,2.050793e+01,2.043795e+01,2.027679e+01,2.054990e+01,2.057787e+01,2.056389e+01,2.054291e+01,2.059185e+01,2.055690e+01,2.055690e+01,2.069666e+01,2.068269e+01,2.077344e+01,2.083623e+01,2.080833e+01,2.089897e+01,2.093381e+01,2.091987e+01,2.088503e+01,2.091987e+01,2.091987e+01,2.085715e+01,2.091987e+01,2.090594e+01,2.089200e+01,2.087109e+01,2.080135e+01,2.081530e+01,2.077344e+01,2.087806e+01,2.087806e+01,2.087109e+01,2.087109e+01,2.080135e+01,2.082925e+01,2.086412e+01,2.082925e+01,2.083623e+01,2.082228e+01,2.090594e+01,2.082228e+01,2.091291e+01,2.094774e+01,2.098953e+01,2.112174e+01,2.098953e+01,2.103130e+01,2.075251e+01,2.103826e+01,2.112174e+01,2.091987e+01,2.094077e+01,2.101042e+01,2.110783e+01,2.116345e+01,2.110088e+01,2.108001e+01,2.104522e+01,2.110783e+01,2.121905e+01,2.125378e+01,2.122600e+01,2.137177e+01,2.144805e+01,2.145498e+01,2.146191e+01,2.142032e+01,2.133708e+01,2.132320e+01,2.122600e+01,2.126072e+01,2.128850e+01,2.126767e+01,2.128850e+01,2.127461e+01,2.137177e+01,2.139258e+01,2.129544e+01,2.130238e+01,2.128156e+01,2.134402e+01,2.126072e+01,2.126767e+01,2.121905e+01,2.126072e+01,2.127461e+01,2.121905e+01,2.123294e+01,2.111479e+01,2.116345e+01,2.112174e+01,2.112869e+01,2.114955e+01,2.111479e+01,2.114955e+01,2.118431e+01,2.108001e+01,2.111479e+01,2.122600e+01,2.102434e+01,2.113565e+01,2.129544e+01,2.114955e+01,2.111479e+01,2.111479e+01,2.113565e+01,2.108001e+01,2.110088e+01,2.108696e+01,2.106609e+01,2.108696e+01,2.102434e+01,2.108001e+01,2.104522e+01,2.096864e+01,2.111479e+01,2.100345e+01,2.105914e+01,2.117041e+01,2.114955e+01,2.119126e+01,2.119820e+01,2.109392e+01,2.113565e+01,2.121905e+01,2.108696e+01,2.114260e+01,2.128156e+01,2.126767e+01,2.123294e+01,2.132320e+01,2.144112e+01,2.135096e+01,2.135096e+01,2.137871e+01,2.138565e+01,2.136484e+01,2.175949e+01,2.229022e+01,2.276347e+01,2.357458e+01,2.433222e+01,2.494377e+01,2.541844e+01,2.581127e+01,2.620263e+01,2.616290e+01,2.641430e+01,2.649356e+01,2.631513e+01,2.629529e+01,2.615628e+01,2.593082e+01,2.569823e+01,2.567162e+01,2.572484e+01,2.526491e+01,2.539843e+01,2.511115e+01,2.478954e+01,2.493707e+01,2.483651e+01,2.456113e+01,2.458803e+01,2.435918e+01,2.430526e+01,2.429177e+01,2.408254e+01,2.411632e+01,2.387966e+01,2.391350e+01,2.377807e+01,2.370350e+01,2.328223e+01,2.320731e+01,2.295490e+01,2.285239e+01,2.270871e+01,2.246880e+01,2.240015e+01,2.220769e+01,2.208377e+01,2.204932e+01,2.190451e+01,2.185620e+01,2.179404e+01,2.184929e+01,2.166962e+01,2.178022e+01,2.171111e+01,2.162119e+01,2.163503e+01,2.164195e+01,2.157967e+01,2.160735e+01,2.146884e+01,2.155890e+01,2.153119e+01,2.153812e+01,2.151734e+01,2.153119e+01,2.151042e+01,2.131626e+01,2.150349e+01,2.144805e+01,2.142032e+01,2.135790e+01,2.166962e+01,2.153812e+01,2.153119e+01,2.150349e+01,2.155197e+01,2.149656e+01,2.142032e+01,2.156582e+01,2.161427e+01,2.171111e+01,2.161427e+01,2.162119e+01,2.173185e+01,2.168345e+01,2.195280e+01,2.183548e+01,2.184239e+01,2.199418e+01,2.198039e+01,2.195970e+01,2.211132e+01,2.205621e+01,2.211821e+01,2.220769e+01,2.215263e+01,2.210443e+01,2.215952e+01,2.215263e+01,2.224896e+01,2.219393e+01,2.216640e+01,2.224208e+01,2.222145e+01,2.241389e+01,2.224208e+01,2.213886e+01,2.224896e+01,2.224208e+01,2.229022e+01,2.222833e+01,2.220081e+01,2.222833e+01,2.218705e+01,2.226271e+01,2.226271e+01,2.221457e+01,2.236581e+01,2.226959e+01,2.224208e+01,2.229022e+01,2.237955e+01,2.224896e+01,2.232458e+01,2.230396e+01,2.242762e+01,2.231084e+01,2.233146e+01,2.238642e+01,2.241389e+01,2.238642e+01,2.232458e+01,2.238642e+01,2.237955e+01,2.240015e+01,2.229022e+01,2.240702e+01,2.241389e+01,2.240702e+01,2.242762e+01,2.218016e+01,2.247566e+01,2.242075e+01,2.240702e+01,2.239328e+01,2.253741e+01,2.244135e+01,2.248939e+01,2.243448e+01,2.240015e+01,2.250997e+01,2.255112e+01,2.243448e+01,2.252369e+01,2.237955e+01,2.251683e+01,2.246194e+01,2.260596e+01,2.250997e+01,2.259911e+01,2.258540e+01,2.256483e+01,2.228334e+01,2.248252e+01,2.245507e+01,2.244135e+01,2.251683e+01,2.255112e+01,2.240702e+01,2.254426e+01,2.253055e+01,2.253055e+01
2.208377e+01,2.198039e+01,2.210443e+01,2.184929e+01,2.191141e+01,2.189761e+01,2.189071e+01,2.188381e+01,2.187691e+01,2.178022e+01,2.184239e+01,2.177332e+01,2.183548e+01,2.182858e+01,2.178022e+01,2.178022e+01,2.181476e+01,2.191831e+01,2.178713e+01,2.186310e+01,2.183548e+01,2.186310e+01,2.193211e+01,2.199418e+01,2.202176e+01,2.203554e+01,2.197349e+01,2.199418e+01,2.204932e+01,2.214575e+01,2.214575e+01,2.209755e+01,2.213198e+01,2.204932e+01,2.218705e+01,2.211132e+01,2.209755e+01,2.209755e+01,2.206999e+01,2.206999e+01,2.207688e+01,2.207688e+01,2.213198e+01,2.209066e+01,2.201486e+01,2.195970e+01,2.193211e+01,2.204932e+01,2.209755e+01,2.206310e+01,2.200107e+01,2.197349e+01,2.195280e+01,2.201486e+01,2.200797e+01,2.208377e+01,2.202176e+01,2.187691e+01,2.206310e+01,2.200797e+01,2.194591e+01,2.190451e+01,2.196660e+01,2.201486e+01,2.198729e+01,2.197349e+01,2.199418e+01,2.195970e+01,2.203554e+01,2.198039e+01,2.211821e+01,2.199418e+01,2.205621e+01,2.204243e+01,2.206999e+01,2.204932e+01,2.213886e+01,2.213886e+01,2.200797e+01,2.213886e+01,2.208377e+01,2.209755e+01,2.208377e+01,2.207688e+01,2.209755e+01,2.217328e+01,2.219393e+01,2.215952e+01,2.213886e+01,2.215263e+01,2.220769e+01,2.218705e+01,2.213886e+01,2.218705e+01,2.216640e+01,2.218016e+01,2.217328e+01,2.218705e+01,2.213886e+01,2.215952e+01,2.215952e+01,2.212509e+01,2.222145e+01,2.213886e+01,2.200107e+01,2.175258e+01,2.146191e+01,2.121210e+01,2.110088e+01,2.118431e+01,2.116345e+01,2.106609e+01,2.103826e+01,2.114260e+01,2.109392e+01,2.103130e+01,2.101042e+01,2.105914e+01,2.108696e+01,2.107305e+01,2.103130e+01,2.095471e+01,2.085715e+01,2.102434e+01,2.087109e+01,2.096167e+01,2.098256e+01,2.081530e+01,2.084320e+01,2.078740e+01,2.068269e+01,2.073157e+01,2.066174e+01,2.072459e+01,2.087806e+01,2.090594e+01,2.094077e+01,2.085715e+01,2.110783e+01,2.112869e+01,2.113565e+01,2.103826e+01,2.112869e+01,2.116345e+01,2.101042e+01,2.114955e+01,2.115650e+01,2.151042e+01,2.160043e+01,2.179404e+01,2.167654e+01,2.166962e+01,2.151734e+01,2.125378e+01,2.101738e+01,2.099649e+01,2.094774e+01,2.098256e+01,2.096864e+01,2.096864e+01,2.108001e+01,2.094077e+01,2.096864e+01,2.091987e+01,2.082925e+01,2.082925e+01,2.097560e+01,2.087109e+01,2.076647e+01,2.085715e+01,2.098953e+01,2.089200e+01,2.089897e+01,2.078740e+01,2.088503e+01,2.088503e+01,2.096167e+01,2.082925e+01,2.085017e+01,2.098953e+01,2.091987e+01,2.091987e+01,2.095471e+01,2.093381e+01,2.104522e+01,2.086412e+01,2.078042e+01,2.078740e+01,2.080833e+01,2.072459e+01,2.078740e+01,2.073157e+01,2.076647e+01,2.078042e+01,2.092684e+01,2.088503e+01,2.117041e+01,2.114260e+01,2.179404e+01,2.342511e+01,2.505093e+01,2.646054e+01,2.738779e+01,2.781907e+01,2.830707e+01,2.867648e+01,2.899304e+01,2.908976e+01,2.932153e+01,2.962339e+01,2.971955e+01,2.987323e+01,2.998196e+01,2.996917e+01,2.986043e+01,2.973236e+01,2.930867e+01,2.904463e+01,2.761672e+01,2.612978e+01,2.448713e+01,2.324137e+01,2.248939e+01,2.207688e+01,2.183548e+01,2.163503e+01,2.152427e+01,2.148270e+01,2.144112e+01,2.139952e+01,2.144805e+01,2.147577e+01,2.146884e+01,2.130932e+01,2.142725e+01,2.134402e+01,2.128156e+01,2.135096e+01,2.128156e+01,2.126072e+01,2.122600e+01,2.116345e+01,2.131626e+01,2.114955e+01,2.110088e+01,2.117736e+01,2.114955e+01,2.123989e+01,2.113565e+01,2.123989e+01,2.117736e+01,2.112174e+01,2.117736e+01,2.115650e+01,2.126072e+01,2.117736e+01,2.121210e+01,2.122600e+01,2.119126e+01,2.122600e+01,2.128850e+01,2.135096e+01,2.130932e+01,2.128156e+01,2.126767e+01,2.126072e+01,2.136484e+01,2.125378e+01,2.127461e+01,2.126072e+01,2.137177e+01,2.128850e+01,2.144805e+01,2.130238e+01,2.132320e+01,2.131626e+01,2.133014e+01,2.130932e+01,2.137177e+01,2.130238e+01,2.130932e+01,2.139952e+01,2.142032e+01,2.133014e+01,2.133014e+01,2.124683e+01,2.121905e+01,2.135096e+01,2.131626e+01,2.120515e+01,2.105914e+01,2.085715e+01,2.085715e+01,2.086412e+01,2.087806e+01,2.084320e+01,2.082228e+01,2.086412e+01,2.066872e+01,2.068269e+01,2.060583e+01,2.065475e+01,2.071761e+01,2.066174e+01,2.058486e+01,2.073855e+01,2.071761e+01,2.074553e+01,2.071062e+01,2.068269e+01,2.063379e+01,2.062680e+01,2.066174e+01,2.065475e+01,2.056389e+01,2.068967e+01,2.064078e+01,2.064776e+01,2.046595e+01,2.048694e+01,2.055690e+01,2.063379e+01,2.059185e+01,2.049394e+01,2.048694e+01,2.056389e+01,2.044495e+01,2.041694e+01,2.047295e+01,2.045195e+01,2.039593e+01,2.053592e+01,2.045895e+01,2.054291e+01,2.050793e+01,2.046595e+01,2.061282e+01,2.054291e+01,2.057787e+01,2.071761e+01,2.075949e+01,2.072459e+01,2.069666e+01,2.079438e+01,2.068967e+01,2.080135e+01,2.097560e+01,2.085017e+01,2.088503e+01,2.090594e+01,2.097560e+01,2.089897e+01,2.093381e+01,2.084320e+01,2.088503e+01,2.094774e+01,2.089200e+01,2.088503e+01,2.089200e+01,2.093381e+01,2.088503e+01,2.093381e+01,2.082228e+01,2.094077e+01,2.101738e+01,2.091987e+01,2.086412e+01,2.105218e+01,2.091291e+01,2.095471e+01,2.087806e+01,2.106609e+01,2.108001e+01,2.094774e+01,2.094774e+01,2.096167e+01,2.098256e+01,2.099649e+01,2.114260e+01,2.108696e+01,2.108001e+01,2.105914e+01,2.112174e+01,2.103826e+01,2.110088e+01,2.109392e+01,2.111479e+01,2.122600e+01,2.109392e+01,2.108001e+01,2.112174e+01,2.128850e+01,2.128850e+01,2.133014e+01,2.139952e+01,2.151042e+01,2.148963e+01,2.141339e+01,2.144112e+01,2.137177e+01,2.131626e+01,2.121905e+01,2.137871e+01,2.132320e+01,2.125378e+01,2.139952e+01,2.136484e+01,2.123294e+01,2.126767e+01,2.135096e+01,2.133014e+01,2.133708e+01,2.135790e+01,2.126072e+01,2.128156e+01,2.129544e+01,2.121905e+01,2.126767e+01,2.126072e+01,2.125378e+01,2.114260e+01,2.103130e+01,2.117736e+01,2.112869e+01,2.113565e+01,2.111479e+01,2.123294e+01,2.129544e+01,2.123294e+01,2.123989e+01,2.126767e+01,2.105218e+01,2.114955e+01,2.123989e+01,2.098256e+01,2.114260e+01,2.112174e+01,2.113565e+01,2.115650e+01,2.105914e+01,2.106609e+01,2.105218e+01,2.106609e+01,2.101042e+01,2.103130e+01,2.103130e+01,2.104522e+01,2.110783e+01,2.116345e+01,2.101738e+01,2.106609e+01,2.118431e+01,2.112174e+01,2.117736e+01,2.114955e+01,2.108696e+01,2.112174e+01,2.112174e+01,2.108696e+01,2.133014e+01,2.134402e+01,2.123294e+01,2.135790e+01,2.131626e+01,2.135096e+01,2.133708e+01,2.125378e+01,2.143419e+01,2.152427e+01,2.180095e+01,2.229709e+01,2.294807e+01,2.381194e+01,2.436592e+01,2.491697e+01,2.540510e+01,2.551179e+01,2.580462e+01,2.595073e+01,2.611653e+01,2.607676e+01,2.611653e+01,2.592418e+01,2.612978e+01,2.586442e+01,2.547846e+01,2.546513e+01,2.528495e+01,2.509777e+01,2.495717e+01,2.480296e+01,2.450732e+01,2.454095e+01,2.450732e+01,2.439960e+01,2.419059e+01,2.401496e+01,2.396086e+01,2.389996e+01,2.397439e+01,2.406227e+01,2.406227e+01,2.387289e+01,2.387289e+01,2.364246e+01,2.329585e+01,2.308459e+01,2.313233e+01,2.298904e+01,2.268817e+01,2.266763e+01,2.235207e+01,2.233833e+01,2.206310e+01,2.190451e+01,2.209755e+01,2.203554e+01,2.184929e+01,2.182858e+01,2.165579e+01,2.164887e+01,2.171802e+01,2.165579e+01,2.161427e+01,2.162119e+01,2.162811e+01,2.163503e+01,2.161427e+01,2.161427e+01,2.154505e+01,2.153812e+01,2.157967e+01,2.146884e+01,2.153812e+01,2.159351e+01,2.160735e+01,2.147577e+01,2.148963e+01,2.144805e+01,2.146884e+01,2.155890e+01,2.153812e+01,2.153119e+01,2.148963e+01,2.144112e+01,2.156582e+01,2.153812e+01,2.171802e+01,2.164195e+01,2.163503e+01,2.175949e+01,2.179404e+01,2.161427e+01,2.177332e+01,2.187691e+01,2.196660e+01,2.199418e+01,2.209755e+01,2.209066e+01,2.209066e+01,2.199418e+01,2.213198e+01,2.215952e+01,2.216640e+01,2.220769e+01,2.217328e+01,2.224208e+01,2.222145e+01,2.213198e+01,2.215263e+01,2.224896e+01,2.224896e+01,2.223520e+01,2.220081e+01,2.225584e+01,2.229709e+01,2.228334e+01,2.222833e+01,2.227647e+01,2.228334e+01,2.227647e+01,2.229709e+01,2.218705e+01,2.227647e+01,2.224896e+01,2.228334e+01,2.246880e+01,2.235207e+01,2.233833e+01,2.233146e+01,2.245507e+01,2.231771e+01,2.233146e+01,2.233833e+01,2.235894e+01,2.230396e+01,2.234520e+01,2.240015e+01,2.240702e+01,2.239328e+01,2.236581e+01,2.239328e+01,2.243448e+01,2.241389e+01,2.230396e+01,2.245507e+01,2.244821e+01,2.242075e+01,2.242075e+01,2.243448e+01,2.242075e+01,2.243448e+01,2.239328e+01,2.252369e+01,2.252369e+01,2.241389e+01,2.241389e+01,2.240702e+01,2.244135e+01,2.253741e+01,2.245507e+01,2.246880e+01,2.253741e+01,2.256483e+01,2.241389e+01,2.248252e+01,2.248252e+01,2.246880e+01,2.253741e+01,2.247566e+01,2.252369e+01,2.249625e+01,2.246880e+01,2.253741e+01,2.259911e+01,2.243448e+01,2.259911e+01,2.253055e+01,2.248252e+01,2.234520e+01
2.197349e+01,2.202865e+01,2.195970e+01,2.191831e+01,2.181476e+01,2.180095e+01,2.182858e+01,2.171802e+01,2.166270e+01,2.177332e+01,2.173185e+01,2.184239e+01,2.182858e+01,2.175949e+01,2.176641e+01,2.171802e+01,2.184929e+01,2.182167e+01,2.181476e+01,2.195970e+01,2.184239e+01,2.182167e+01,2.185620e+01,2.204243e+01,2.201486e+01,2.198039e+01,2.209755e+01,2.203554e+01,2.215952e+01,2.205621e+01,2.215263e+01,2.213198e+01,2.218705e+01,2.212509e+01,2.219393e+01,2.210443e+01,2.211132e+01,2.192521e+01,2.209066e+01,2.206310e+01,2.206999e+01,2.204932e+01,2.213198e+01,2.202176e+01,2.206310e+01,2.200797e+01,2.194591e+01,2.198729e+01,2.202176e+01,2.202865e+01,2.183548e+01,2.193211e+01,2.191141e+01,2.191141e+01,2.200797e+01,2.200107e+01,2.187691e+01,2.193211e+01,2.189761e+01,2.209755e+01,2.198729e+01,2.197349e+01,2.193211e+01,2.198729e+01,2.193901e+01,2.199418e+01,2.197349e+01,2.199418e+01,2.198729e+01,2.195970e+01,2.205621e+01,2.209755e+01,2.202176e+01,2.208377e+01,2.210443e+01,2.206310e+01,2.218016e+01,2.220769e+01,2.203554e+01,2.208377e+01,2.206999e+01,2.208377e+01,2.204243e+01,2.210443e+01,2.212509e+01,2.214575e+01,2.217328e+01,2.220081e+01,2.214575e+01,2.213198e+01,2.213886e+01,2.230396e+01,2.219393e+01,2.219393e+01,2.221457e+01,2.219393e+01,2.218705e+01,2.218016e+01,2.218016e+01,2.202865e+01,2.213198e+01,2.218705e+01,2.214575e+01,2.211132e+01,2.213198e+01,2.173876e+01,2.146191e+01,2.121210e+01,2.110088e+01,2.106609e+01,2.105218e+01,2.104522e+01,2.105218e+01,2.115650e+01,2.104522e+01,2.101738e+01,2.099649e+01,2.103130e+01,2.101738e+01,2.101738e+01,2.105218e+01,2.096167e+01,2.101738e+01,2.103130e+01,2.083623e+01,2.087806e+01,2.082925e+01,2.081530e+01,2.074553e+01,2.069666e+01,2.075251e+01,2.063379e+01,2.076647e+01,2.091987e+01,2.085715e+01,2.080833e+01,2.098256e+01,2.113565e+01,2.133014e+01,2.143419e+01,2.150349e+01,2.116345e+01,2.117041e+01,2.121905e+01,2.125378e+01,2.146191e+01,2.151042e+01,2.151042e+01,2.159351e+01,2.177332e+01,2.171802e+01,2.164887e+01,2.135790e+01,2.121905e+01,2.098256e+01,2.088503e+01,2.099649e+01,2.099649e+01,2.093381e+01,2.091987e+01,2.091987e+01,2.087806e+01,2.089897e+01,2.090594e+01,2.083623e+01,2.082228e+01,2.081530e+01,2.080833e+01,2.075251e+01,2.089200e+01,2.074553e+01,2.078042e+01,2.089200e+01,2.091291e+01,2.082228e+01,2.084320e+01,2.083623e+01,2.081530e+01,2.085017e+01,2.068967e+01,2.072459e+01,2.078042e+01,2.091987e+01,2.085017e+01,2.094774e+01,2.083623e+01,2.072459e+01,2.087806e+01,2.064078e+01,2.077344e+01,2.078042e+01,2.071062e+01,2.089200e+01,2.075251e+01,2.090594e+01,2.094774e+01,2.110783e+01,2.175258e+01,2.302318e+01,2.505093e+01,2.628206e+01,2.709930e+01,2.769510e+01,2.813165e+01,2.831356e+01,2.864413e+01,2.897368e+01,2.912842e+01,2.949504e+01,2.964263e+01,2.984123e+01,2.993081e+01,2.997557e+01,3.002670e+01,2.992441e+01,2.968110e+01,2.916063e+01,2.835251e+01,2.702049e+01,2.531834e+01,2.381194e+01,2.281136e+01,2.233146e+01,2.182167e+01,2.186310e+01,2.154505e+01,2.133014e+01,2.146191e+01,2.142725e+01,2.132320e+01,2.144805e+01,2.137871e+01,2.131626e+01,2.137177e+01,2.134402e+01,2.135790e+01,2.135096e+01,2.130932e+01,2.123294e+01,2.122600e+01,2.127461e+01,2.124683e+01,2.128850e+01,2.117041e+01,2.115650e+01,2.109392e+01,2.119820e+01,2.109392e+01,2.117041e+01,2.110783e+01,2.118431e+01,2.115650e+01,2.120515e+01,2.128156e+01,2.117736e+01,2.119126e+01,2.111479e+01,2.121905e+01,2.121210e+01,2.123989e+01,2.119820e+01,2.121210e+01,2.123989e+01,2.115650e+01,2.128156e+01,2.127461e+01,2.125378e+01,2.132320e+01,2.129544e+01,2.129544e+01,2.131626e+01,2.132320e+01,2.128156e+01,2.131626e+01,2.128850e+01,2.133014e+01,2.125378e+01,2.119820e+01,2.130238e+01,2.128850e+01,2.127461e+01,2.107305e+01,2.132320e+01,2.129544e+01,2.123989e+01,2.133708e+01,2.123294e+01,2.116345e+01,2.137871e+01,2.114260e+01,2.121905e+01,2.085715e+01,2.084320e+01,2.080135e+01,2.087109e+01,2.081530e+01,2.087806e+01,2.084320e+01,2.076647e+01,2.066174e+01,2.069666e+01,2.067570e+01,2.066872e+01,2.076647e+01,2.051493e+01,2.066174e+01,2.064776e+01,2.070364e+01,2.066174e+01,2.074553e+01,2.058486e+01,2.061981e+01,2.067570e+01,2.078042e+01,2.065475e+01,2.068967e+01,2.060583e+01,2.061981e+01,2.068269e+01,2.064776e+01,2.059185e+01,2.061282e+01,2.059185e+01,2.062680e+01,2.050094e+01,2.050094e+01,2.053592e+01,2.054990e+01,2.052892e+01,2.042394e+01,2.054291e+01,2.054990e+01,2.055690e+01,2.045195e+01,2.052892e+01,2.043795e+01,2.054291e+01,2.050094e+01,2.051493e+01,2.056389e+01,2.070364e+01,2.068967e+01,2.071761e+01,2.077344e+01,2.078042e+01,2.080833e+01,2.092684e+01,2.082925e+01,2.091987e+01,2.093381e+01,2.090594e+01,2.089897e+01,2.094774e+01,2.082925e+01,2.081530e+01,2.087109e+01,2.088503e+01,2.082925e+01,2.087109e+01,2.092684e+01,2.083623e+01,2.090594e+01,2.094774e+01,2.090594e+01,2.100345e+01,2.088503e+01,2.101042e+01,2.094774e+01,2.103130e+01,2.082925e+01,2.089897e+01,2.105914e+01,2.103826e+01,2.093381e+01,2.108696e+01,2.097560e+01,2.119820e+01,2.100345e+01,2.101738e+01,2.110088e+01,2.115650e+01,2.105914e+01,2.108696e+01,2.106609e+01,2.114260e+01,2.108696e+01,2.107305e+01,2.112869e+01,2.107305e+01,2.118431e+01,2.117736e+01,2.112174e+01,2.126072e+01,2.117041e+01,2.133708e+01,2.139258e+01,2.136484e+01,2.139258e+01,2.137177e+01,2.138565e+01,2.130932e+01,2.122600e+01,2.137177e+01,2.145498e+01,2.143419e+01,2.133708e+01,2.135096e+01,2.119820e+01,2.137177e+01,2.137177e+01,2.137177e+01,2.126072e+01,2.133708e+01,2.139258e+01,2.137177e+01,2.124683e+01,2.128156e+01,2.127461e+01,2.128850e+01,2.126072e+01,2.117736e+01,2.118431e+01,2.104522e+01,2.110783e+01,2.111479e+01,2.110783e+01,2.132320e+01,2.110783e+01,2.111479e+01,2.121210e+01,2.117736e+01,2.114260e+01,2.106609e+01,2.117041e+01,2.102434e+01,2.097560e+01,2.105914e+01,2.112174e+01,2.104522e+01,2.104522e+01,2.106609e+01,2.105218e+01,2.100345e+01,2.096167e+01,2.108696e+01,2.108696e+01,2.107305e+01,2.104522e+01,2.112869e+01,2.107305e+01,2.108001e+01,2.110088e+01,2.109392e+01,2.110088e+01,2.114955e+01,2.110088e+01,2.108696e+01,2.111479e+01,2.115650e+01,2.112174e+01,2.124683e+01,2.122600e+01,2.129544e+01,2.130238e+01,2.133014e+01,2.127461e+01,2.120515e+01,2.127461e+01,2.168345e+01,2.206999e+01,2.246194e+01,2.295490e+01,2.396762e+01,2.450732e+01,2.490356e+01,2.517803e+01,2.556509e+01,2.558507e+01,2.560505e+01,2.583120e+01,2.586442e+01,2.586442e+01,2.573149e+01,2.548513e+01,2.548513e+01,2.533169e+01,2.517803e+01,2.484321e+01,2.485663e+01,2.458803e+01,2.441981e+01,2.437939e+01,2.410956e+01,2.391350e+01,2.388643e+01,2.389320e+01,2.394733e+01,2.364924e+01,2.364246e+01,2.373062e+01,2.384581e+01,2.378484e+01,2.364246e+01,2.389996e+01,2.367638e+01,2.343871e+01,2.312551e+01,2.303683e+01,2.290707e+01,2.270187e+01,2.257169e+01,2.247566e+01,2.217328e+01,2.218705e+01,2.187691e+01,2.200107e+01,2.188381e+01,2.181476e+01,2.183548e+01,2.166270e+01,2.171802e+01,2.174567e+01,2.168345e+01,2.169037e+01,2.171802e+01,2.161427e+01,2.161427e+01,2.149656e+01,2.152427e+01,2.157274e+01,2.154505e+01,2.149656e+01,2.160735e+01,2.153812e+01,2.135096e+01,2.143419e+01,2.151042e+01,2.162811e+01,2.152427e+01,2.166962e+01,2.152427e+01,2.149656e+01,2.145498e+01,2.154505e+01,2.155890e+01,2.158659e+01,2.155197e+01,2.146191e+01,2.153119e+01,2.157967e+01,2.167654e+01,2.175258e+01,2.178713e+01,2.166962e+01,2.180786e+01,2.175258e+01,2.191831e+01,2.196660e+01,2.192521e+01,2.200797e+01,2.200107e+01,2.206310e+01,2.215952e+01,2.211821e+01,2.213198e+01,2.214575e+01,2.210443e+01,2.224896e+01,2.223520e+01,2.211821e+01,2.212509e+01,2.215952e+01,2.222833e+01,2.215952e+01,2.224896e+01,2.224896e+01,2.229709e+01,2.222833e+01,2.222145e+01,2.231771e+01,2.220769e+01,2.229709e+01,2.220769e+01,2.223520e+01,2.228334e+01,2.235207e+01,2.228334e+01,2.223520e+01,2.224208e+01,2.226271e+01,2.233833e+01,2.232458e+01,2.228334e+01,2.232458e+01,2.233833e+01,2.232458e+01,2.232458e+01,2.237955e+01,2.240015e+01,2.236581e+01,2.237955e+01,2.242075e+01,2.243448e+01,2.240015e+01,2.243448e+01,2.242075e+01,2.242075e+01,2.243448e+01,2.245507e+01,2.231084e+01,2.235894e+01,2.242762e+01,2.246194e+01,2.239328e+01,2.258540e+01,2.248939e+01,2.238642e+01,2.242075e+01,2.248252e+01,2.246194e+01,2.246880e+01,2.252369e+01,2.237955e+01,2.256483e+01,2.242075e+01,2.244135e+01,2.249625e+01,2.257854e+01,2.243448e+01,2.256483e+01,2.244135e+01,2.245507e+01,2.243448e+01,2.249625e+01,2.245507e+01,2.241389e+01,2.252369e+01,2.247566e+01,2.244821e+01,2.235207e+01
2.206310e+01,2.199418e+01,2.190451e+01,2.184239e+01,2.188381e+01,2.182167e+01,2.180095e+01,2.174567e+01,2.166962e+01,2.171802e+01,2.180786e+01,2.175949e+01,2.175258e+01,2.173185e+01,2.173876e+01,2.178022e+01,2.192521e+01,2.179404e+01,2.177332e+01,2.193901e+01,2.198039e+01,2.190451e+01,2.202176e+01,2.185620e+01,2.203554e+01,2.199418e+01,2.204243e+01,2.200797e+01,2.203554e+01,2.211132e+01,2.213886e+01,2.209755e+01,2.210443e+01,2.222145e+01,2.213886e+01,2.206999e+01,2.213886e+01,2.209066e+01,2.206310e+01,2.206999e+01,2.206999e+01,2.187000e+01,2.201486e+01,2.202176e+01,2.199418e+01,2.206310e+01,2.189761e+01,2.202176e+01,2.195970e+01,2.194591e+01,2.197349e+01,2.191831e+01,2.194591e+01,2.208377e+01,2.198729e+01,2.200797e+01,2.190451e+01,2.204932e+01,2.198729e+01,2.199418e+01,2.197349e+01,2.195280e+01,2.198039e+01,2.199418e+01,2.200797e+01,2.199418e+01,2.201486e+01,2.201486e+01,2.204932e+01,2.198039e+01,2.201486e+01,2.209066e+01,2.206310e+01,2.226271e+01,2.212509e+01,2.210443e+01,2.209066e+01,2.216640e+01,2.211132e+01,2.210443e+01,2.218705e+01,2.214575e+01,2.211132e+01,2.211821e+01,2.209755e+01,2.217328e+01,2.218016e+01,2.215263e+01,2.222833e+01,2.214575e+01,2.225584e+01,2.216640e+01,2.219393e+01,2.226271e+01,2.221457e+01,2.220769e+01,2.220081e+01,2.217328e+01,2.217328e+01,2.218705e+01,2.221457e+01,2.209066e+01,2.221457e+01,2.214575e+01,2.203554e+01,2.171802e+01,2.142032e+01,2.103826e+01,2.107305e+01,2.106609e+01,2.110088e+01,2.103130e+01,2.103130e+01,2.101738e+01,2.102434e+01,2.101042e+01,2.099649e+01,2.110088e+01,2.099649e+01,2.102434e+01,2.091291e+01,2.100345e+01,2.087109e+01,2.084320e+01,2.089897e+01,2.068269e+01,2.076647e+01,2.072459e+01,2.078740e+01,2.078740e+01,2.078740e+01,2.078740e+01,2.068967e+01,2.080135e+01,2.081530e+01,2.102434e+01,2.126767e+01,2.142725e+01,2.146884e+01,2.162811e+01,2.153812e+01,2.155890e+01,2.155197e+01,2.154505e+01,2.173876e+01,2.160043e+01,2.164887e+01,2.163503e+01,2.171111e+01,2.180786e+01,2.178022e+01,2.169728e+01,2.130238e+01,2.100345e+01,2.083623e+01,2.091987e+01,2.098953e+01,2.090594e+01,2.095471e+01,2.095471e+01,2.098953e+01,2.087806e+01,2.096864e+01,2.094077e+01,2.078740e+01,2.080833e+01,2.090594e+01,2.079438e+01,2.086412e+01,2.089897e+01,2.087806e+01,2.080135e+01,2.085715e+01,2.077344e+01,2.082925e+01,2.091291e+01,2.080833e+01,2.085017e+01,2.099649e+01,2.085017e+01,2.091987e+01,2.093381e+01,2.085715e+01,2.097560e+01,2.080135e+01,2.075251e+01,2.073855e+01,2.069666e+01,2.078740e+01,2.066872e+01,2.069666e+01,2.077344e+01,2.076647e+01,2.084320e+01,2.091291e+01,2.112869e+01,2.158659e+01,2.255798e+01,2.482309e+01,2.620926e+01,2.698763e+01,2.754482e+01,2.810563e+01,2.808612e+01,2.852110e+01,2.870882e+01,2.885102e+01,2.912842e+01,2.946935e+01,2.948220e+01,2.969391e+01,3.000113e+01,2.998835e+01,2.980922e+01,2.979001e+01,2.930867e+01,2.881872e+01,2.779299e+01,2.628867e+01,2.452750e+01,2.340471e+01,2.233833e+01,2.208377e+01,2.184239e+01,2.160043e+01,2.149656e+01,2.145498e+01,2.146191e+01,2.145498e+01,2.144805e+01,2.142032e+01,2.151734e+01,2.135096e+01,2.130238e+01,2.133014e+01,2.129544e+01,2.132320e+01,2.129544e+01,2.123989e+01,2.123989e+01,2.139952e+01,2.130238e+01,2.123989e+01,2.119820e+01,2.114260e+01,2.110783e+01,2.119820e+01,2.114260e+01,2.114955e+01,2.111479e+01,2.121905e+01,2.114260e+01,2.113565e+01,2.111479e+01,2.111479e+01,2.112869e+01,2.116345e+01,2.122600e+01,2.129544e+01,2.118431e+01,2.129544e+01,2.121210e+01,2.125378e+01,2.123989e+01,2.125378e+01,2.123989e+01,2.135790e+01,2.129544e+01,2.132320e+01,2.129544e+01,2.140645e+01,2.131626e+01,2.133708e+01,2.123294e+01,2.126767e+01,2.128156e+01,2.133708e+01,2.130932e+01,2.128156e+01,2.119820e+01,2.125378e+01,2.125378e+01,2.121905e+01,2.122600e+01,2.123294e+01,2.119126e+01,2.116345e+01,2.121210e+01,2.119820e+01,2.119126e+01,2.100345e+01,2.095471e+01,2.084320e+01,2.087109e+01,2.084320e+01,2.088503e+01,2.081530e+01,2.089200e+01,2.074553e+01,2.080135e+01,2.067570e+01,2.067570e+01,2.066174e+01,2.066174e+01,2.068967e+01,2.069666e+01,2.063379e+01,2.071761e+01,2.072459e+01,2.064078e+01,2.066174e+01,2.059884e+01,2.065475e+01,2.068269e+01,2.064078e+01,2.059884e+01,2.061282e+01,2.065475e+01,2.063379e+01,2.061981e+01,2.062680e+01,2.053592e+01,2.058486e+01,2.050793e+01,2.053592e+01,2.049394e+01,2.055690e+01,2.045895e+01,2.052192e+01,2.052892e+01,2.052892e+01,2.052192e+01,2.057787e+01,2.055690e+01,2.050094e+01,2.053592e+01,2.050793e+01,2.066872e+01,2.056389e+01,2.057088e+01,2.057088e+01,2.080833e+01,2.074553e+01,2.071062e+01,2.079438e+01,2.075251e+01,2.089897e+01,2.091291e+01,2.087109e+01,2.091987e+01,2.091987e+01,2.093381e+01,2.090594e+01,2.082228e+01,2.089200e+01,2.084320e+01,2.085715e+01,2.086412e+01,2.088503e+01,2.079438e+01,2.097560e+01,2.092684e+01,2.105218e+01,2.095471e+01,2.091987e+01,2.096864e+01,2.088503e+01,2.100345e+01,2.097560e+01,2.105218e+01,2.108696e+01,2.110088e+01,2.095471e+01,2.105914e+01,2.110088e+01,2.102434e+01,2.103826e+01,2.113565e+01,2.101042e+01,2.108001e+01,2.110088e+01,2.099649e+01,2.096864e+01,2.107305e+01,2.104522e+01,2.115650e+01,2.112174e+01,2.126767e+01,2.112869e+01,2.122600e+01,2.111479e+01,2.131626e+01,2.130238e+01,2.138565e+01,2.146191e+01,2.136484e+01,2.138565e+01,2.137177e+01,2.126767e+01,2.140645e+01,2.133014e+01,2.124683e+01,2.129544e+01,2.123989e+01,2.135096e+01,2.135790e+01,2.138565e+01,2.136484e+01,2.134402e+01,2.130238e+01,2.134402e+01,2.123989e+01,2.137871e+01,2.132320e+01,2.129544e+01,2.126767e+01,2.124683e+01,2.126072e+01,2.121210e+01,2.126767e+01,2.123294e+01,2.124683e+01,2.119126e+01,2.114260e+01,2.110088e+01,2.119126e+01,2.123294e+01,2.115650e+01,2.111479e+01,2.126767e+01,2.125378e+01,2.112869e+01,2.126072e+01,2.119820e+01,2.103130e+01,2.112174e+01,2.111479e+01,2.105218e+01,2.103130e+01,2.112174e+01,2.102434e+01,2.105218e+01,2.100345e+01,2.105914e+01,2.081530e+01,2.110088e+01,2.104522e+01,2.114955e+01,2.110783e+01,2.106609e+01,2.108001e+01,2.108696e+01,2.112174e+01,2.112869e+01,2.112174e+01,2.110783e+01,2.105914e+01,2.119126e+01,2.117736e+01,2.126767e+01,2.128850e+01,2.130238e+01,2.132320e+01,2.130932e+01,2.124683e+01,2.124683e+01,2.126072e+01,2.148270e+01,2.156582e+01,2.193211e+01,2.247566e+01,2.303683e+01,2.377807e+01,2.423782e+01,2.458131e+01,2.496387e+01,2.520477e+01,2.525823e+01,2.541177e+01,2.550513e+01,2.553844e+01,2.557841e+01,2.546513e+01,2.511784e+01,2.503754e+01,2.493037e+01,2.481638e+01,2.452750e+01,2.431874e+01,2.426480e+01,2.404200e+01,2.400144e+01,2.389996e+01,2.370350e+01,2.368316e+01,2.360174e+01,2.362889e+01,2.351346e+01,2.352705e+01,2.354742e+01,2.377807e+01,2.381872e+01,2.377129e+01,2.377807e+01,2.365602e+01,2.343191e+01,2.318686e+01,2.309823e+01,2.293440e+01,2.286607e+01,2.264022e+01,2.248939e+01,2.230396e+01,2.223520e+01,2.198729e+01,2.191141e+01,2.186310e+01,2.182167e+01,2.176641e+01,2.180786e+01,2.169728e+01,2.175258e+01,2.158659e+01,2.162119e+01,2.164887e+01,2.164195e+01,2.162811e+01,2.160735e+01,2.157967e+01,2.149656e+01,2.151734e+01,2.164195e+01,2.148270e+01,2.147577e+01,2.148963e+01,2.144805e+01,2.144112e+01,2.151734e+01,2.149656e+01,2.138565e+01,2.157967e+01,2.150349e+01,2.144805e+01,2.144805e+01,2.159351e+01,2.151734e+01,2.157274e+01,2.170420e+01,2.154505e+01,2.153119e+01,2.170420e+01,2.177332e+01,2.167654e+01,2.180095e+01,2.180786e+01,2.184929e+01,2.200797e+01,2.181476e+01,2.203554e+01,2.208377e+01,2.208377e+01,2.205621e+01,2.213886e+01,2.206310e+01,2.215263e+01,2.209755e+01,2.222145e+01,2.223520e+01,2.222833e+01,2.221457e+01,2.215263e+01,2.210443e+01,2.220769e+01,2.229709e+01,2.223520e+01,2.229022e+01,2.223520e+01,2.226959e+01,2.224896e+01,2.219393e+01,2.231084e+01,2.226959e+01,2.220769e+01,2.228334e+01,2.230396e+01,2.221457e+01,2.228334e+01,2.231084e+01,2.226959e+01,2.231084e+01,2.223520e+01,2.225584e+01,2.226271e+01,2.242075e+01,2.242762e+01,2.230396e+01,2.226271e+01,2.238642e+01,2.231084e+01,2.242075e+01,2.239328e+01,2.238642e+01,2.240015e+01,2.229022e+01,2.242762e+01,2.244821e+01,2.246880e+01,2.243448e+01,2.256483e+01,2.246194e+01,2.247566e+01,2.241389e+01,2.236581e+01,2.237268e+01,2.242762e+01,2.255798e+01,2.246880e+01,2.244135e+01,2.241389e+01,2.245507e+01,2.248939e+01,2.248939e+01,2.245507e+01,2.243448e+01,2.240702e+01,2.246880e+01,2.246880e+01,2.247566e+01,2.252369e+01,2.252369e+01,2.250311e+01,2.244821e+01,2.248939e+01,2.259911e+01,2.246880e+01,2.247566e+01,2.253055e+01,2.236581e+01,2.250311e+01,2.235207e+01
2.192521e+01,2.191831e+01,2.194591e+01,2.187000e+01,2.185620e+01,2.180786e+01,2.183548e+01,2.178022e+01,2.178022e+01,2.173876e+01,2.176641e+01,2.175949e+01,2.183548e+01,2.178713e+01,2.182167e+01,2.173185e+01,2.187000e+01,2.180095e+01,2.178713e+01,2.191141e+01,2.179404e+01,2.188381e+01,2.198729e+01,2.195970e+01,2.213886e+01,2.204243e+01,2.203554e+01,2.213198e+01,2.211821e+01,2.217328e+01,2.214575e+01,2.215952e+01,2.201486e+01,2.215952e+01,2.209066e+01,2.209066e+01,2.228334e+01,2.202176e+01,2.206999e+01,2.206310e+01,2.195970e+01,2.197349e+01,2.202865e+01,2.185620e+01,2.185620e+01,2.194591e+01,2.187691e+01,2.208377e+01,2.191831e+01,2.191831e+01,2.191831e+01,2.187691e+01,2.195970e+01,2.197349e+01,2.186310e+01,2.202865e+01,2.201486e+01,2.186310e+01,2.200797e+01,2.195970e+01,2.193211e+01,2.196660e+01,2.196660e+01,2.215952e+01,2.199418e+01,2.196660e+01,2.206999e+01,2.201486e+01,2.206310e+01,2.211132e+01,2.199418e+01,2.206999e+01,2.213886e+01,2.220081e+01,2.211821e+01,2.212509e+01,2.210443e+01,2.208377e+01,2.198729e+01,2.201486e+01,2.220081e+01,2.205621e+01,2.218016e+01,2.225584e+01,2.213886e+01,2.215263e+01,2.213886e+01,2.218705e+01,2.221457e+01,2.215952e+01,2.230396e+01,2.229709e+01,2.225584e+01,2.224208e+01,2.224208e+01,2.224208e+01,2.227647e+01,2.233146e+01,2.231084e+01,2.231084e+01,2.222145e+01,2.231771e+01,2.211821e+01,2.218705e+01,2.204243e+01,2.170420e+01,2.142032e+01,2.106609e+01,2.103826e+01,2.105914e+01,2.115650e+01,2.108001e+01,2.101738e+01,2.101042e+01,2.101042e+01,2.100345e+01,2.098256e+01,2.085715e+01,2.099649e+01,2.098953e+01,2.095471e+01,2.101738e+01,2.079438e+01,2.080833e+01,2.077344e+01,2.075251e+01,2.072459e+01,2.061282e+01,2.075949e+01,2.078042e+01,2.079438e+01,2.077344e+01,2.078740e+01,2.078740e+01,2.117041e+01,2.130238e+01,2.168345e+01,2.188381e+01,2.183548e+01,2.196660e+01,2.189761e+01,2.166270e+01,2.178022e+01,2.178022e+01,2.177332e+01,2.168345e+01,2.178022e+01,2.180786e+01,2.179404e+01,2.175949e+01,2.169037e+01,2.162811e+01,2.121210e+01,2.111479e+01,2.119126e+01,2.080135e+01,2.108001e+01,2.098953e+01,2.092684e+01,2.095471e+01,2.087806e+01,2.091291e+01,2.085715e+01,2.094077e+01,2.082228e+01,2.076647e+01,2.080833e+01,2.082925e+01,2.088503e+01,2.078042e+01,2.080135e+01,2.085017e+01,2.080833e+01,2.083623e+01,2.078740e+01,2.063379e+01,2.072459e+01,2.079438e+01,2.093381e+01,2.078740e+01,2.082925e+01,2.078042e+01,2.077344e+01,2.071062e+01,2.070364e+01,2.069666e+01,2.080135e+01,2.071062e+01,2.073157e+01,2.066174e+01,2.073855e+01,2.079438e+01,2.081530e+01,2.090594e+01,2.091291e+01,2.144805e+01,2.228334e+01,2.407579e+01,2.575144e+01,2.673759e+01,2.730264e+01,2.781907e+01,2.805359e+01,2.827461e+01,2.856644e+01,2.873469e+01,2.879287e+01,2.912842e+01,2.952714e+01,2.954640e+01,2.971955e+01,2.993720e+01,2.996278e+01,2.991162e+01,2.968110e+01,2.916063e+01,2.841089e+01,2.707961e+01,2.533837e+01,2.381194e+01,2.292757e+01,2.214575e+01,2.189761e+01,2.160735e+01,2.160043e+01,2.148270e+01,2.154505e+01,2.146884e+01,2.139952e+01,2.136484e+01,2.142032e+01,2.155197e+01,2.129544e+01,2.130238e+01,2.128156e+01,2.130238e+01,2.133014e+01,2.128850e+01,2.119820e+01,2.116345e+01,2.121905e+01,2.131626e+01,2.116345e+01,2.117041e+01,2.104522e+01,2.119820e+01,2.110783e+01,2.112174e+01,2.114260e+01,2.110783e+01,2.110783e+01,2.112174e+01,2.109392e+01,2.116345e+01,2.108696e+01,2.115650e+01,2.117736e+01,2.125378e+01,2.117041e+01,2.127461e+01,2.119820e+01,2.118431e+01,2.126767e+01,2.121905e+01,2.127461e+01,2.122600e+01,2.129544e+01,2.122600e+01,2.122600e+01,2.127461e+01,2.127461e+01,2.126072e+01,2.130932e+01,2.128156e+01,2.132320e+01,2.134402e+01,2.124683e+01,2.128850e+01,2.126072e+01,2.124683e+01,2.126072e+01,2.124683e+01,2.119820e+01,2.121905e+01,2.112869e+01,2.124683e+01,2.111479e+01,2.119126e+01,2.123989e+01,2.117736e+01,2.117041e+01,2.088503e+01,2.082925e+01,2.080833e+01,2.079438e+01,2.078740e+01,2.079438e+01,2.094774e+01,2.078042e+01,2.069666e+01,2.072459e+01,2.078740e+01,2.070364e+01,2.077344e+01,2.070364e+01,2.064776e+01,2.067570e+01,2.070364e+01,2.061282e+01,2.063379e+01,2.068269e+01,2.066872e+01,2.057088e+01,2.063379e+01,2.068967e+01,2.070364e+01,2.072459e+01,2.069666e+01,2.070364e+01,2.065475e+01,2.072459e+01,2.058486e+01,2.068269e+01,2.061282e+01,2.073157e+01,2.059185e+01,2.052192e+01,2.052192e+01,2.057088e+01,2.054990e+01,2.050094e+01,2.053592e+01,2.047295e+01,2.047994e+01,2.054291e+01,2.052192e+01,2.054291e+01,2.071761e+01,2.071062e+01,2.054990e+01,2.073855e+01,2.060583e+01,2.071761e+01,2.068967e+01,2.084320e+01,2.073855e+01,2.079438e+01,2.085715e+01,2.077344e+01,2.094077e+01,2.093381e+01,2.091987e+01,2.088503e+01,2.091987e+01,2.085017e+01,2.084320e+01,2.085017e+01,2.086412e+01,2.094774e+01,2.089200e+01,2.092684e+01,2.091291e+01,2.108001e+01,2.112174e+01,2.098256e+01,2.117736e+01,2.101042e+01,2.094077e+01,2.098953e+01,2.099649e+01,2.094774e+01,2.096167e+01,2.106609e+01,2.101738e+01,2.095471e+01,2.101042e+01,2.097560e+01,2.108696e+01,2.101738e+01,2.116345e+01,2.112869e+01,2.095471e+01,2.110088e+01,2.109392e+01,2.111479e+01,2.110783e+01,2.114260e+01,2.111479e+01,2.126072e+01,2.123989e+01,2.123294e+01,2.133014e+01,2.142032e+01,2.134402e+01,2.151734e+01,2.144805e+01,2.147577e+01,2.138565e+01,2.140645e+01,2.137871e+01,2.142725e+01,2.122600e+01,2.143419e+01,2.139952e+01,2.136484e+01,2.135790e+01,2.129544e+01,2.129544e+01,2.134402e+01,2.129544e+01,2.129544e+01,2.137871e+01,2.132320e+01,2.137177e+01,2.137177e+01,2.133014e+01,2.127461e+01,2.129544e+01,2.127461e+01,2.129544e+01,2.124683e+01,2.125378e+01,2.114260e+01,2.125378e+01,2.113565e+01,2.113565e+01,2.121210e+01,2.119126e+01,2.118431e+01,2.126072e+01,2.114955e+01,2.118431e+01,2.110088e+01,2.115650e+01,2.117736e+01,2.099649e+01,2.117736e+01,2.101042e+01,2.112174e+01,2.108001e+01,2.108696e+01,2.105218e+01,2.103826e+01,2.108696e+01,2.101738e+01,2.100345e+01,2.101738e+01,2.101738e+01,2.100345e+01,2.108001e+01,2.104522e+01,2.111479e+01,2.110783e+01,2.110088e+01,2.112174e+01,2.110088e+01,2.123294e+01,2.114955e+01,2.114955e+01,2.125378e+01,2.120515e+01,2.126767e+01,2.134402e+01,2.128156e+01,2.124683e+01,2.117736e+01,2.117041e+01,2.131626e+01,2.174567e+01,2.214575e+01,2.245507e+01,2.315960e+01,2.381872e+01,2.411632e+01,2.457458e+01,2.464853e+01,2.488345e+01,2.499736e+01,2.500406e+01,2.529831e+01,2.512453e+01,2.513122e+01,2.494377e+01,2.490356e+01,2.465524e+01,2.450732e+01,2.448040e+01,2.436592e+01,2.404876e+01,2.395410e+01,2.384581e+01,2.377807e+01,2.365602e+01,2.343871e+01,2.342511e+01,2.332307e+01,2.326861e+01,2.318005e+01,2.330946e+01,2.352026e+01,2.352705e+01,2.378484e+01,2.368316e+01,2.370350e+01,2.366959e+01,2.336390e+01,2.314597e+01,2.298904e+01,2.294123e+01,2.281820e+01,2.252369e+01,2.250311e+01,2.229709e+01,2.213886e+01,2.206310e+01,2.186310e+01,2.187000e+01,2.185620e+01,2.185620e+01,2.166270e+01,2.174567e+01,2.162811e+01,2.167654e+01,2.162119e+01,2.160735e+01,2.159351e+01,2.157967e+01,2.155197e+01,2.149656e+01,2.151734e+01,2.145498e+01,2.151042e+01,2.126767e+01,2.145498e+01,2.150349e+01,2.149656e+01,2.153119e+01,2.141339e+01,2.150349e+01,2.146884e+01,2.142725e+01,2.150349e+01,2.153812e+01,2.154505e+01,2.157274e+01,2.139952e+01,2.149656e+01,2.161427e+01,2.155890e+01,2.151734e+01,2.168345e+01,2.161427e+01,2.165579e+01,2.175949e+01,2.161427e+01,2.173876e+01,2.199418e+01,2.190451e+01,2.210443e+01,2.202865e+01,2.193211e+01,2.213886e+01,2.203554e+01,2.218016e+01,2.218016e+01,2.226271e+01,2.217328e+01,2.221457e+01,2.218016e+01,2.224896e+01,2.211821e+01,2.222833e+01,2.222145e+01,2.226959e+01,2.230396e+01,2.220769e+01,2.231771e+01,2.226271e+01,2.222145e+01,2.226959e+01,2.225584e+01,2.224896e+01,2.222145e+01,2.222145e+01,2.228334e+01,2.235894e+01,2.229709e+01,2.222833e+01,2.226959e+01,2.231084e+01,2.223520e+01,2.234520e+01,2.225584e+01,2.228334e+01,2.228334e+01,2.235207e+01,2.235894e+01,2.237268e+01,2.230396e+01,2.233833e+01,2.239328e+01,2.224896e+01,2.244821e+01,2.242762e+01,2.239328e+01,2.244135e+01,2.244821e+01,2.241389e+01,2.240015e+01,2.253741e+01,2.233833e+01,2.238642e+01,2.235207e+01,2.236581e+01,2.237268e+01,2.237955e+01,2.242762e+01,2.232458e+01,2.250311e+01,2.246880e+01,2.249625e+01,2.248939e+01,2.248939e+01,2.250311e+01,2.246880e+01,2.247566e+01,2.254426e+01,2.242762e+01,2.246194e+01,2.244821e+01,2.251683e+01,2.241389e+01,2.250311e+01,2.244135e+01,2.245507e+01,2.246880e+01,2.265392e+01,2.239328e+01,2.239328e+01,2.246194e+01
2.196660e+01,2.194591e+01,2.177332e+01,2.189071e+01,2.185620e+01,2.176641e+01,2.182167e+01,2.178022e+01,2.177332e+01,2.170420e+01,2.169037e+01,2.165579e+01,2.173185e+01,2.178022e+01,2.186310e+01,2.180786e+01,2.184929e+01,2.167654e+01,2.182167e+01,2.180786e+01,2.201486e+01,2.184929e+01,2.200797e+01,2.202865e+01,2.202865e+01,2.191141e+01,2.204243e+01,2.204243e+01,2.213886e+01,2.209066e+01,2.213198e+01,2.220081e+01,2.201486e+01,2.203554e+01,2.206310e+01,2.202176e+01,2.204243e+01,2.207688e+01,2.187691e+01,2.206999e+01,2.204932e+01,2.206999e+01,2.184929e+01,2.203554e+01,2.188381e+01,2.197349e+01,2.193901e+01,2.193901e+01,2.204243e+01,2.189071e+01,2.193211e+01,2.189761e+01,2.196660e+01,2.202865e+01,2.198729e+01,2.194591e+01,2.200797e+01,2.198729e+01,2.194591e+01,2.193211e+01,2.184239e+01,2.194591e+01,2.197349e+01,2.198729e+01,2.200797e+01,2.203554e+01,2.198729e+01,2.209066e+01,2.209755e+01,2.202865e+01,2.209755e+01,2.213886e+01,2.219393e+01,2.211132e+01,2.213886e+01,2.213886e+01,2.216640e+01,2.218016e+01,2.218705e+01,2.222145e+01,2.226271e+01,2.222833e+01,2.223520e+01,2.217328e+01,2.219393e+01,2.222833e+01,2.218016e+01,2.221457e+01,2.220769e+01,2.226271e+01,2.222145e+01,2.226271e+01,2.225584e+01,2.224208e+01,2.228334e+01,2.231771e+01,2.231084e+01,2.233146e+01,2.220769e+01,2.227647e+01,2.218705e+01,2.220081e+01,2.224208e+01,2.226271e+01,2.204932e+01,2.166962e+01,2.144112e+01,2.104522e+01,2.098953e+01,2.111479e+01,2.101042e+01,2.099649e+01,2.102434e+01,2.105914e+01,2.103130e+01,2.100345e+01,2.096167e+01,2.087806e+01,2.103130e+01,2.080833e+01,2.086412e+01,2.094077e+01,2.093381e+01,2.085715e+01,2.078740e+01,2.076647e+01,2.059185e+01,2.062680e+01,2.068967e+01,2.078042e+01,2.081530e+01,2.078042e+01,2.112174e+01,2.122600e+01,2.155197e+01,2.176641e+01,2.169728e+01,2.187000e+01,2.200107e+01,2.178713e+01,2.192521e+01,2.195970e+01,2.187000e+01,2.184929e+01,2.177332e+01,2.160735e+01,2.191831e+01,2.175258e+01,2.178022e+01,2.178713e+01,2.184239e+01,2.157274e+01,2.121210e+01,2.111479e+01,2.102434e+01,2.094774e+01,2.090594e+01,2.092684e+01,2.087806e+01,2.098953e+01,2.091987e+01,2.082228e+01,2.094774e+01,2.087806e+01,2.089200e+01,2.096167e+01,2.085715e+01,2.092684e+01,2.080833e+01,2.083623e+01,2.085017e+01,2.078740e+01,2.081530e+01,2.079438e+01,2.068269e+01,2.094774e+01,2.066872e+01,2.080833e+01,2.068967e+01,2.083623e+01,2.069666e+01,2.082228e+01,2.089200e+01,2.072459e+01,2.078740e+01,2.068269e+01,2.072459e+01,2.076647e+01,2.071761e+01,2.078042e+01,2.073855e+01,2.087109e+01,2.081530e+01,2.094774e+01,2.143419e+01,2.189071e+01,2.356101e+01,2.517803e+01,2.651997e+01,2.715837e+01,2.751867e+01,2.790382e+01,2.794291e+01,2.828110e+01,2.868295e+01,2.872176e+01,2.898658e+01,2.921858e+01,2.934726e+01,2.962980e+01,2.967468e+01,2.987963e+01,2.979001e+01,2.971314e+01,2.936654e+01,2.885748e+01,2.777341e+01,2.626882e+01,2.458803e+01,2.339111e+01,2.255112e+01,2.195970e+01,2.178022e+01,2.164887e+01,2.151042e+01,2.152427e+01,2.142725e+01,2.137177e+01,2.141339e+01,2.134402e+01,2.134402e+01,2.135790e+01,2.133708e+01,2.137177e+01,2.130238e+01,2.116345e+01,2.134402e+01,2.126072e+01,2.114260e+01,2.133014e+01,2.122600e+01,2.115650e+01,2.128156e+01,2.110783e+01,2.111479e+01,2.108696e+01,2.110783e+01,2.103130e+01,2.109392e+01,2.121210e+01,2.089897e+01,2.110088e+01,2.112869e+01,2.108696e+01,2.119126e+01,2.107305e+01,2.118431e+01,2.121905e+01,2.118431e+01,2.118431e+01,2.117041e+01,2.126767e+01,2.121210e+01,2.122600e+01,2.128156e+01,2.125378e+01,2.119820e+01,2.121210e+01,2.124683e+01,2.128850e+01,2.124683e+01,2.130932e+01,2.126767e+01,2.126767e+01,2.131626e+01,2.126767e+01,2.130932e+01,2.128850e+01,2.127461e+01,2.127461e+01,2.129544e+01,2.124683e+01,2.123989e+01,2.126072e+01,2.121210e+01,2.113565e+01,2.109392e+01,2.112869e+01,2.121210e+01,2.112174e+01,2.114260e+01,2.101738e+01,2.081530e+01,2.084320e+01,2.077344e+01,2.078740e+01,2.094077e+01,2.100345e+01,2.087806e+01,2.080833e+01,2.078740e+01,2.089200e+01,2.078042e+01,2.075251e+01,2.080135e+01,2.068967e+01,2.066872e+01,2.073157e+01,2.068967e+01,2.063379e+01,2.068269e+01,2.059884e+01,2.068967e+01,2.071062e+01,2.063379e+01,2.070364e+01,2.069666e+01,2.066174e+01,2.064776e+01,2.062680e+01,2.070364e+01,2.069666e+01,2.068967e+01,2.068269e+01,2.064776e+01,2.063379e+01,2.037492e+01,2.052892e+01,2.058486e+01,2.052892e+01,2.059185e+01,2.057787e+01,2.057787e+01,2.054990e+01,2.053592e+01,2.064776e+01,2.052192e+01,2.052892e+01,2.064078e+01,2.058486e+01,2.059884e+01,2.062680e+01,2.074553e+01,2.076647e+01,2.076647e+01,2.075949e+01,2.087806e+01,2.091987e+01,2.092684e+01,2.091291e+01,2.091987e+01,2.086412e+01,2.080833e+01,2.089200e+01,2.082925e+01,2.086412e+01,2.087109e+01,2.085017e+01,2.080833e+01,2.082228e+01,2.093381e+01,2.098256e+01,2.096864e+01,2.094774e+01,2.099649e+01,2.099649e+01,2.096167e+01,2.094774e+01,2.101042e+01,2.106609e+01,2.093381e+01,2.110783e+01,2.105914e+01,2.104522e+01,2.108001e+01,2.098953e+01,2.103826e+01,2.102434e+01,2.112174e+01,2.116345e+01,2.113565e+01,2.114260e+01,2.112869e+01,2.114260e+01,2.124683e+01,2.119820e+01,2.128850e+01,2.125378e+01,2.110088e+01,2.126767e+01,2.137871e+01,2.136484e+01,2.139258e+01,2.142725e+01,2.147577e+01,2.142032e+01,2.149656e+01,2.137177e+01,2.151042e+01,2.147577e+01,2.151042e+01,2.135790e+01,2.142725e+01,2.146191e+01,2.127461e+01,2.140645e+01,2.136484e+01,2.133014e+01,2.132320e+01,2.130238e+01,2.133014e+01,2.131626e+01,2.133708e+01,2.133014e+01,2.130932e+01,2.130932e+01,2.132320e+01,2.127461e+01,2.125378e+01,2.126072e+01,2.126072e+01,2.121210e+01,2.120515e+01,2.113565e+01,2.112174e+01,2.114955e+01,2.119820e+01,2.114955e+01,2.118431e+01,2.124683e+01,2.116345e+01,2.119126e+01,2.119126e+01,2.117041e+01,2.113565e+01,2.120515e+01,2.112869e+01,2.112174e+01,2.103130e+01,2.103826e+01,2.100345e+01,2.101042e+01,2.108696e+01,2.098953e+01,2.101042e+01,2.099649e+01,2.101738e+01,2.105914e+01,2.104522e+01,2.110783e+01,2.102434e+01,2.114260e+01,2.113565e+01,2.114955e+01,2.112174e+01,2.108696e+01,2.117736e+01,2.122600e+01,2.122600e+01,2.139952e+01,2.118431e+01,2.123989e+01,2.123294e+01,2.129544e+01,2.118431e+01,2.121905e+01,2.126767e+01,2.151734e+01,2.184929e+01,2.215952e+01,2.261282e+01,2.294123e+01,2.365602e+01,2.383226e+01,2.421083e+01,2.444001e+01,2.460148e+01,2.493707e+01,2.491697e+01,2.494377e+01,2.489686e+01,2.470227e+01,2.474256e+01,2.452077e+01,2.437266e+01,2.413658e+01,2.410281e+01,2.404876e+01,2.380517e+01,2.366281e+01,2.346590e+01,2.326180e+01,2.328223e+01,2.330946e+01,2.322093e+01,2.326180e+01,2.305048e+01,2.308459e+01,2.307095e+01,2.347269e+01,2.368316e+01,2.374418e+01,2.379839e+01,2.385258e+01,2.360853e+01,2.339791e+01,2.317323e+01,2.314597e+01,2.281820e+01,2.291391e+01,2.274978e+01,2.251683e+01,2.235207e+01,2.229709e+01,2.200107e+01,2.181476e+01,2.185620e+01,2.187000e+01,2.184929e+01,2.184929e+01,2.168345e+01,2.160735e+01,2.160043e+01,2.166962e+01,2.166962e+01,2.162119e+01,2.161427e+01,2.155890e+01,2.163503e+01,2.166962e+01,2.155197e+01,2.170420e+01,2.148963e+01,2.155890e+01,2.139952e+01,2.162119e+01,2.148963e+01,2.159351e+01,2.154505e+01,2.143419e+01,2.160735e+01,2.148963e+01,2.157967e+01,2.145498e+01,2.156582e+01,2.157967e+01,2.156582e+01,2.151734e+01,2.151734e+01,2.161427e+01,2.155890e+01,2.165579e+01,2.169728e+01,2.166962e+01,2.167654e+01,2.180786e+01,2.184929e+01,2.195280e+01,2.199418e+01,2.199418e+01,2.204243e+01,2.218016e+01,2.215952e+01,2.212509e+01,2.218016e+01,2.220769e+01,2.218705e+01,2.217328e+01,2.217328e+01,2.220081e+01,2.218016e+01,2.226271e+01,2.227647e+01,2.213198e+01,2.224208e+01,2.215952e+01,2.224896e+01,2.221457e+01,2.224208e+01,2.228334e+01,2.228334e+01,2.226959e+01,2.223520e+01,2.220769e+01,2.216640e+01,2.233833e+01,2.229022e+01,2.223520e+01,2.235207e+01,2.236581e+01,2.232458e+01,2.236581e+01,2.237268e+01,2.232458e+01,2.229709e+01,2.231084e+01,2.236581e+01,2.237268e+01,2.239328e+01,2.232458e+01,2.231084e+01,2.233833e+01,2.234520e+01,2.227647e+01,2.244821e+01,2.244135e+01,2.248252e+01,2.243448e+01,2.246194e+01,2.254426e+01,2.256483e+01,2.239328e+01,2.247566e+01,2.251683e+01,2.250311e+01,2.250311e+01,2.241389e+01,2.241389e+01,2.240702e+01,2.247566e+01,2.238642e+01,2.233146e+01,2.250311e+01,2.246194e+01,2.253741e+01,2.244135e+01,2.244135e+01,2.254426e+01,2.246194e+01,2.253741e+01,2.251683e+01,2.233833e+01,2.240702e+01,2.249625e+01,2.238642e+01,2.238642e+01,2.242075e+01,2.237268e+01,2.245507e+01,2.240015e+01
2.195970e+01,2.182167e+01,2.171111e+01,2.177332e+01,2.179404e+01,2.178713e+01,2.154505e+01,2.175949e+01,2.175258e+01,2.178022e+01,2.176641e+01,2.173185e+01,2.177332e+01,2.183548e+01,2.173876e+01,2.180095e+01,2.188381e+01,2.181476e+01,2.188381e+01,2.186310e+01,2.200797e+01,2.200797e+01,2.200107e+01,2.198729e+01,2.206310e+01,2.213886e+01,2.206310e+01,2.214575e+01,2.220769e+01,2.215952e+01,2.221457e+01,2.216640e+01,2.211132e+01,2.219393e+01,2.206310e+01,2.209066e+01,2.218705e+01,2.204243e+01,2.210443e+01,2.200797e+01,2.197349e+01,2.201486e+01,2.200107e+01,2.196660e+01,2.191141e+01,2.194591e+01,2.200107e+01,2.202176e+01,2.201486e+01,2.199418e+01,2.211132e+01,2.189761e+01,2.195280e+01,2.210443e+01,2.216640e+01,2.200797e+01,2.204932e+01,2.199418e+01,2.196660e+01,2.206999e+01,2.198729e+01,2.208377e+01,2.190451e+01,2.195970e+01,2.203554e+01,2.198729e+01,2.209066e+01,2.205621e+01,2.218705e+01,2.216640e+01,2.219393e+01,2.220081e+01,2.217328e+01,2.218705e+01,2.214575e+01,2.215263e+01,2.209066e+01,2.219393e+01,2.220081e+01,2.206310e+01,2.222833e+01,2.224208e+01,2.224896e+01,2.215952e+01,2.220769e+01,2.216640e+01,2.216640e+01,2.222833e+01,2.222833e+01,2.223520e+01,2.221457e+01,2.229022e+01,2.230396e+01,2.226959e+01,2.229022e+01,2.233146e+01,2.235894e+01,2.217328e+01,2.237268e+01,2.232458e+01,2.231771e+01,2.231771e+01,2.229022e+01,2.217328e+01,2.202176e+01,2.168345e+01,2.117736e+01,2.093381e+01,2.094774e+01,2.100345e+01,2.101042e+01,2.101738e+01,2.100345e+01,2.101738e+01,2.098256e+01,2.101042e+01,2.100345e+01,2.094077e+01,2.108696e+01,2.098953e+01,2.096167e+01,2.082925e+01,2.089200e+01,2.087109e+01,2.080833e+01,2.090594e+01,2.073157e+01,2.075251e+01,2.100345e+01,2.108001e+01,2.121210e+01,2.143419e+01,2.146191e+01,2.176641e+01,2.173876e+01,2.188381e+01,2.200797e+01,2.197349e+01,2.199418e+01,2.194591e+01,2.180786e+01,2.182167e+01,2.198039e+01,2.184929e+01,2.186310e+01,2.181476e+01,2.189071e+01,2.180786e+01,2.185620e+01,2.173876e+01,2.181476e+01,2.149656e+01,2.121905e+01,2.112174e+01,2.091291e+01,2.088503e+01,2.088503e+01,2.080135e+01,2.089200e+01,2.092684e+01,2.095471e+01,2.094774e+01,2.082228e+01,2.074553e+01,2.081530e+01,2.082228e+01,2.081530e+01,2.083623e+01,2.076647e+01,2.077344e+01,2.077344e+01,2.083623e+01,2.080135e+01,2.080833e+01,2.087806e+01,2.096167e+01,2.078740e+01,2.077344e+01,2.094774e+01,2.085715e+01,2.089897e+01,2.084320e+01,2.075251e+01,2.077344e+01,2.074553e+01,2.072459e+01,2.073855e+01,2.082925e+01,2.082228e+01,2.079438e+01,2.087806e+01,2.080135e+01,2.101042e+01,2.151042e+01,2.206999e+01,2.326861e+01,2.484992e+01,2.602371e+01,2.693504e+01,2.738779e+01,2.762325e+01,2.791685e+01,2.809263e+01,2.826162e+01,2.858587e+01,2.876056e+01,2.899304e+01,2.931510e+01,2.964904e+01,2.964904e+01,2.973236e+01,2.982203e+01,2.964263e+01,2.956565e+01,2.914130e+01,2.843683e+01,2.728298e+01,2.554511e+01,2.392703e+01,2.298904e+01,2.231771e+01,2.187000e+01,2.162119e+01,2.170420e+01,2.162119e+01,2.137871e+01,2.137871e+01,2.147577e+01,2.144112e+01,2.137177e+01,2.142725e+01,2.156582e+01,2.138565e+01,2.135096e+01,2.134402e+01,2.120515e+01,2.120515e+01,2.132320e+01,2.122600e+01,2.119820e+01,2.115650e+01,2.119820e+01,2.112869e+01,2.110783e+01,2.112869e+01,2.115650e+01,2.107305e+01,2.110783e+01,2.119126e+01,2.108001e+01,2.108001e+01,2.096167e+01,2.108696e+01,2.114260e+01,2.110783e+01,2.110088e+01,2.118431e+01,2.145498e+01,2.116345e+01,2.114260e+01,2.117041e+01,2.112869e+01,2.121905e+01,2.125378e+01,2.126767e+01,2.121905e+01,2.126767e+01,2.123989e+01,2.120515e+01,2.128156e+01,2.128850e+01,2.126072e+01,2.130932e+01,2.139952e+01,2.125378e+01,2.124683e+01,2.127461e+01,2.120515e+01,2.123294e+01,2.138565e+01,2.121905e+01,2.123294e+01,2.112869e+01,2.115650e+01,2.114260e+01,2.113565e+01,2.114955e+01,2.107305e+01,2.111479e+01,2.112174e+01,2.107305e+01,2.090594e+01,2.091291e+01,2.074553e+01,2.077344e+01,2.080135e+01,2.078740e+01,2.098256e+01,2.114260e+01,2.101042e+01,2.096864e+01,2.083623e+01,2.089897e+01,2.076647e+01,2.076647e+01,2.068269e+01,2.065475e+01,2.062680e+01,2.064776e+01,2.065475e+01,2.068967e+01,2.066872e+01,2.068967e+01,2.062680e+01,2.068269e+01,2.076647e+01,2.080135e+01,2.073855e+01,2.070364e+01,2.075251e+01,2.068269e+01,2.064078e+01,2.061282e+01,2.061282e+01,2.068269e+01,2.060583e+01,2.056389e+01,2.067570e+01,2.064078e+01,2.062680e+01,2.057088e+01,2.050094e+01,2.056389e+01,2.059884e+01,2.059884e+01,2.066872e+01,2.050094e+01,2.068967e+01,2.071761e+01,2.058486e+01,2.073157e+01,2.074553e+01,2.073855e+01,2.082925e+01,2.091987e+01,2.077344e+01,2.075949e+01,2.108001e+01,2.094077e+01,2.078740e+01,2.074553e+01,2.078740e+01,2.082228e+01,2.081530e+01,2.082228e+01,2.085017e+01,2.085715e+01,2.086412e+01,2.088503e+01,2.087109e+01,2.091291e+01,2.100345e+01,2.083623e+01,2.091987e+01,2.098256e+01,2.095471e+01,2.108696e+01,2.101738e+01,2.091987e+01,2.092684e+01,2.091987e+01,2.094774e+01,2.096864e+01,2.094077e+01,2.098256e+01,2.100345e+01,2.101042e+01,2.104522e+01,2.108001e+01,2.119126e+01,2.114955e+01,2.114955e+01,2.117041e+01,2.118431e+01,2.117736e+01,2.117736e+01,2.119820e+01,2.113565e+01,2.124683e+01,2.135790e+01,2.138565e+01,2.133708e+01,2.142032e+01,2.145498e+01,2.146884e+01,2.152427e+01,2.153812e+01,2.151042e+01,2.151042e+01,2.150349e+01,2.151042e+01,2.140645e+01,2.149656e+01,2.139952e+01,2.148270e+01,2.144112e+01,2.139258e+01,2.137871e+01,2.139952e+01,2.133014e+01,2.133014e+01,2.130932e+01,2.132320e+01,2.130932e+01,2.128156e+01,2.133708e+01,2.134402e+01,2.124683e+01,2.121905e+01,2.121905e+01,2.119820e+01,2.125378e+01,2.117736e+01,2.119820e+01,2.113565e+01,2.112869e+01,2.116345e+01,2.120515e+01,2.121210e+01,2.118431e+01,2.115650e+01,2.105218e+01,2.110088e+01,2.108696e+01,2.105914e+01,2.105218e+01,2.108696e+01,2.111479e+01,2.108696e+01,2.109392e+01,2.099649e+01,2.107305e+01,2.098256e+01,2.097560e+01,2.102434e+01,2.103130e+01,2.103130e+01,2.098953e+01,2.109392e+01,2.101738e+01,2.101738e+01,2.105218e+01,2.114260e+01,2.112869e+01,2.117041e+01,2.108696e+01,2.108696e+01,2.123294e+01,2.125378e+01,2.120515e+01,2.128850e+01,2.128156e+01,2.136484e+01,2.131626e+01,2.125378e+01,2.114260e+01,2.120515e+01,2.159351e+01,2.158659e+01,2.218016e+01,2.257169e+01,2.292757e+01,2.335029e+01,2.365602e+01,2.405551e+01,2.425131e+01,2.427829e+01,2.441307e+01,2.467540e+01,2.466868e+01,2.469555e+01,2.444674e+01,2.432548e+01,2.428503e+01,2.419059e+01,2.385258e+01,2.380517e+01,2.365602e+01,2.351346e+01,2.329585e+01,2.332307e+01,2.303683e+01,2.302318e+01,2.293440e+01,2.294123e+01,2.305048e+01,2.294807e+01,2.308459e+01,2.305048e+01,2.328904e+01,2.352705e+01,2.381194e+01,2.383226e+01,2.362210e+01,2.358138e+01,2.351346e+01,2.331627e+01,2.313233e+01,2.303683e+01,2.283872e+01,2.253741e+01,2.268817e+01,2.241389e+01,2.218016e+01,2.215952e+01,2.204932e+01,2.187691e+01,2.192521e+01,2.198729e+01,2.191831e+01,2.186310e+01,2.179404e+01,2.164887e+01,2.165579e+01,2.166962e+01,2.163503e+01,2.157274e+01,2.144805e+01,2.158659e+01,2.162119e+01,2.157274e+01,2.151042e+01,2.161427e+01,2.153812e+01,2.146884e+01,2.155890e+01,2.147577e+01,2.158659e+01,2.159351e+01,2.151734e+01,2.160735e+01,2.148963e+01,2.154505e+01,2.157967e+01,2.152427e+01,2.150349e+01,2.158659e+01,2.164195e+01,2.162119e+01,2.171111e+01,2.160735e+01,2.162119e+01,2.162811e+01,2.180095e+01,2.166962e+01,2.179404e+01,2.166962e+01,2.191141e+01,2.194591e+01,2.215952e+01,2.211821e+01,2.218705e+01,2.217328e+01,2.215952e+01,2.205621e+01,2.221457e+01,2.223520e+01,2.223520e+01,2.205621e+01,2.219393e+01,2.219393e+01,2.225584e+01,2.206310e+01,2.224896e+01,2.228334e+01,2.226959e+01,2.224208e+01,2.224208e+01,2.218705e+01,2.214575e+01,2.226959e+01,2.226271e+01,2.235894e+01,2.226271e+01,2.232458e+01,2.227647e+01,2.226959e+01,2.232458e+01,2.230396e+01,2.237268e+01,2.233833e+01,2.234520e+01,2.224208e+01,2.233833e+01,2.230396e+01,2.231771e+01,2.237268e+01,2.232458e+01,2.231771e+01,2.241389e+01,2.235894e+01,2.235894e+01,2.241389e+01,2.245507e+01,2.233833e+01,2.247566e+01,2.240015e+01,2.244821e+01,2.245507e+01,2.248252e+01,2.247566e+01,2.231771e+01,2.243448e+01,2.235894e+01,2.246194e+01,2.246194e+01,2.244821e+01,2.247566e+01,2.251683e+01,2.244821e+01,2.253055e+01,2.251683e+01,2.253741e+01,2.251683e+01,2.247566e+01,2.249625e+01,2.250311e+01,2.246194e+01,2.246880e+01,2.270187e+01,2.245507e+01,2.244135e+01,2.244135e+01,2.244821e+01,2.250311e+01,2.239328e+01,2.246194e+01,2.242762e+01,2.240015e+01,2.235207e+01
2.187000e+01,2.194591e+01,2.184239e+01,2.187000e+01,2.177332e+01,2.173185e+01,2.180095e+01,2.177332e+01,2.171802e+01,2.167654e+01,2.178022e+01,2.175949e+01,2.183548e+01,2.180786e+01,2.167654e+01,2.182858e+01,2.180786e+01,2.184929e+01,2.182167e+01,2.194591e+01,2.187000e+01,2.197349e+01,2.206310e+01,2.208377e+01,2.205621e+01,2.208377e+01,2.211132e+01,2.212509e+01,2.209755e+01,2.213886e+01,2.216640e+01,2.220081e+01,2.203554e+01,2.206999e+01,2.205621e+01,2.205621e+01,2.200107e+01,2.209755e+01,2.180095e+01,2.204932e+01,2.206310e+01,2.198039e+01,2.193211e+01,2.207688e+01,2.197349e+01,2.189071e+01,2.193901e+01,2.191831e+01,2.192521e+01,2.187000e+01,2.204932e+01,2.188381e+01,2.204932e+01,2.206999e+01,2.211132e+01,2.195970e+01,2.203554e+01,2.193901e+01,2.199418e+01,2.198039e+01,2.211821e+01,2.199418e+01,2.208377e+01,2.195970e+01,2.202865e+01,2.202865e+01,2.206999e+01,2.196660e+01,2.214575e+01,2.215952e+01,2.216640e+01,2.218016e+01,2.220081e+01,2.220769e+01,2.222145e+01,2.215263e+01,2.220081e+01,2.221457e+01,2.218705e+01,2.226959e+01,2.225584e+01,2.229709e+01,2.229709e+01,2.221457e+01,2.224896e+01,2.222145e+01,2.222833e+01,2.225584e+01,2.220081e+01,2.226271e+01,2.229022e+01,2.227647e+01,2.231771e+01,2.232458e+01,2.235894e+01,2.231771e+01,2.231771e+01,2.230396e+01,2.235207e+01,2.231771e+01,2.232458e+01,2.235894e+01,2.223520e+01,2.202176e+01,2.209066e+01,2.169037e+01,2.135096e+01,2.095471e+01,2.089897e+01,2.089897e+01,2.096167e+01,2.089897e+01,2.098953e+01,2.111479e+01,2.098953e+01,2.100345e+01,2.096167e+01,2.085017e+01,2.098256e+01,2.093381e+01,2.106609e+01,2.092684e+01,2.087806e+01,2.087806e+01,2.089200e+01,2.116345e+01,2.105218e+01,2.132320e+01,2.133014e+01,2.166270e+01,2.167654e+01,2.176641e+01,2.185620e+01,2.208377e+01,2.191831e+01,2.206999e+01,2.195970e+01,2.204243e+01,2.198729e+01,2.209066e+01,2.203554e+01,2.198729e+01,2.193211e+01,2.189071e+01,2.185620e+01,2.188381e+01,2.184929e+01,2.176641e+01,2.178713e+01,2.173185e+01,2.175949e+01,2.160735e+01,2.123294e+01,2.102434e+01,2.089897e+01,2.089897e+01,2.090594e+01,2.092684e+01,2.090594e+01,2.087806e+01,2.091291e+01,2.085017e+01,2.073855e+01,2.084320e+01,2.085715e+01,2.082925e+01,2.094774e+01,2.096167e+01,2.075949e+01,2.072459e+01,2.091987e+01,2.080135e+01,2.068269e+01,2.082228e+01,2.082228e+01,2.077344e+01,2.087806e+01,2.094077e+01,2.080833e+01,2.075949e+01,2.073855e+01,2.079438e+01,2.080135e+01,2.067570e+01,2.073157e+01,2.054990e+01,2.069666e+01,2.082228e+01,2.068967e+01,2.078740e+01,2.094077e+01,2.108696e+01,2.156582e+01,2.207688e+01,2.332307e+01,2.460820e+01,2.568493e+01,2.651997e+01,2.694162e+01,2.744671e+01,2.770162e+01,2.791685e+01,2.797548e+01,2.830707e+01,2.869589e+01,2.887040e+01,2.905108e+01,2.936654e+01,2.962980e+01,2.966827e+01,2.965545e+01,2.966827e+01,2.966827e+01,2.917351e+01,2.874116e+01,2.774079e+01,2.626221e+01,2.467540e+01,2.339111e+01,2.244821e+01,2.202176e+01,2.166962e+01,2.167654e+01,2.157274e+01,2.152427e+01,2.137177e+01,2.140645e+01,2.143419e+01,2.146191e+01,2.145498e+01,2.144805e+01,2.137871e+01,2.137871e+01,2.125378e+01,2.137177e+01,2.121210e+01,2.118431e+01,2.116345e+01,2.117736e+01,2.121210e+01,2.115650e+01,2.123294e+01,2.112869e+01,2.099649e+01,2.100345e+01,2.107305e+01,2.100345e+01,2.120515e+01,2.116345e+01,2.117041e+01,2.110088e+01,2.104522e+01,2.103130e+01,2.115650e+01,2.106609e+01,2.102434e+01,2.109392e+01,2.114955e+01,2.109392e+01,2.113565e+01,2.114955e+01,2.119820e+01,2.112174e+01,2.118431e+01,2.121210e+01,2.126767e+01,2.121210e+01,2.119126e+01,2.119126e+01,2.135096e+01,2.120515e+01,2.121210e+01,2.124683e+01,2.123294e+01,2.121905e+01,2.123989e+01,2.126767e+01,2.127461e+01,2.117041e+01,2.129544e+01,2.123989e+01,2.127461e+01,2.118431e+01,2.119126e+01,2.117736e+01,2.112174e+01,2.109392e+01,2.108696e+01,2.121905e+01,2.107305e+01,2.114260e+01,2.104522e+01,2.073855e+01,2.078042e+01,2.073157e+01,2.076647e+01,2.089897e+01,2.098953e+01,2.096167e+01,2.117041e+01,2.097560e+01,2.080135e+01,2.083623e+01,2.068269e+01,2.072459e+01,2.065475e+01,2.066174e+01,2.063379e+01,2.066872e+01,2.068967e+01,2.068269e+01,2.067570e+01,2.071761e+01,2.073157e+01,2.078042e+01,2.066872e+01,2.076647e+01,2.071761e+01,2.073855e+01,2.071062e+01,2.061282e+01,2.068967e+01,2.058486e+01,2.070364e+01,2.066872e+01,2.068967e+01,2.066174e+01,2.061282e+01,2.074553e+01,2.062680e+01,2.067570e+01,2.050793e+01,2.059185e+01,2.052192e+01,2.061282e+01,2.049394e+01,2.057787e+01,2.059884e+01,2.061981e+01,2.068967e+01,2.068967e+01,2.064078e+01,2.094774e+01,2.076647e+01,2.093381e+01,2.075949e+01,2.086412e+01,2.084320e+01,2.093381e+01,2.085715e+01,2.091987e+01,2.074553e+01,2.084320e+01,2.087806e+01,2.080135e+01,2.082925e+01,2.084320e+01,2.085715e+01,2.086412e+01,2.080135e+01,2.081530e+01,2.078042e+01,2.096167e+01,2.101042e+01,2.083623e+01,2.094774e+01,2.097560e+01,2.105914e+01,2.088503e+01,2.085715e+01,2.095471e+01,2.088503e+01,2.095471e+01,2.101738e+01,2.101042e+01,2.112174e+01,2.121905e+01,2.118431e+01,2.119126e+01,2.119126e+01,2.126072e+01,2.108001e+01,2.106609e+01,2.116345e+01,2.118431e+01,2.116345e+01,2.126072e+01,2.128850e+01,2.130932e+01,2.130238e+01,2.136484e+01,2.144112e+01,2.135790e+01,2.142725e+01,2.144112e+01,2.146191e+01,2.151734e+01,2.155197e+01,2.148270e+01,2.155197e+01,2.153812e+01,2.156582e+01,2.138565e+01,2.157967e+01,2.155197e+01,2.153812e+01,2.147577e+01,2.146191e+01,2.146191e+01,2.131626e+01,2.139952e+01,2.139952e+01,2.138565e+01,2.131626e+01,2.131626e+01,2.137871e+01,2.121210e+01,2.126072e+01,2.126072e+01,2.117041e+01,2.121210e+01,2.120515e+01,2.121210e+01,2.117041e+01,2.105218e+01,2.113565e+01,2.117041e+01,2.117041e+01,2.118431e+01,2.117736e+01,2.119126e+01,2.108001e+01,2.110783e+01,2.110783e+01,2.107305e+01,2.097560e+01,2.110783e+01,2.111479e+01,2.105914e+01,2.101042e+01,2.101738e+01,2.098953e+01,2.105218e+01,2.110783e+01,2.096167e+01,2.115650e+01,2.096864e+01,2.103130e+01,2.107305e+01,2.105914e+01,2.106609e+01,2.111479e+01,2.112174e+01,2.110088e+01,2.110088e+01,2.119820e+01,2.110783e+01,2.121210e+01,2.124683e+01,2.126072e+01,2.117736e+01,2.133708e+01,2.116345e+01,2.126072e+01,2.125378e+01,2.130932e+01,2.131626e+01,2.153119e+01,2.184929e+01,2.214575e+01,2.248939e+01,2.278400e+01,2.332988e+01,2.355421e+01,2.368994e+01,2.382549e+01,2.419059e+01,2.400144e+01,2.431874e+01,2.422433e+01,2.419733e+01,2.415683e+01,2.415683e+01,2.394057e+01,2.372384e+01,2.381872e+01,2.352705e+01,2.334349e+01,2.334349e+01,2.328223e+01,2.305730e+01,2.311869e+01,2.303000e+01,2.282504e+01,2.281136e+01,2.293440e+01,2.288657e+01,2.298904e+01,2.299587e+01,2.330946e+01,2.364246e+01,2.371706e+01,2.380517e+01,2.368316e+01,2.362889e+01,2.360174e+01,2.334349e+01,2.311187e+01,2.288657e+01,2.294123e+01,2.281820e+01,2.250311e+01,2.243448e+01,2.226271e+01,2.216640e+01,2.199418e+01,2.201486e+01,2.189071e+01,2.187000e+01,2.189761e+01,2.191141e+01,2.193211e+01,2.164195e+01,2.163503e+01,2.164887e+01,2.164887e+01,2.165579e+01,2.142725e+01,2.162119e+01,2.151734e+01,2.152427e+01,2.146884e+01,2.160735e+01,2.160735e+01,2.160043e+01,2.160043e+01,2.157274e+01,2.139258e+01,2.145498e+01,2.144805e+01,2.160043e+01,2.154505e+01,2.147577e+01,2.143419e+01,2.148963e+01,2.147577e+01,2.159351e+01,2.150349e+01,2.159351e+01,2.157967e+01,2.151042e+01,2.148963e+01,2.169037e+01,2.172494e+01,2.178022e+01,2.175949e+01,2.196660e+01,2.191141e+01,2.193211e+01,2.196660e+01,2.206310e+01,2.206999e+01,2.218016e+01,2.220769e+01,2.215952e+01,2.217328e+01,2.216640e+01,2.219393e+01,2.213198e+01,2.213198e+01,2.217328e+01,2.229709e+01,2.228334e+01,2.213886e+01,2.215952e+01,2.222833e+01,2.213886e+01,2.226959e+01,2.220769e+01,2.215952e+01,2.220081e+01,2.219393e+01,2.220769e+01,2.219393e+01,2.226271e+01,2.224896e+01,2.235894e+01,2.233146e+01,2.231771e+01,2.229022e+01,2.231084e+01,2.231084e+01,2.224208e+01,2.235894e+01,2.234520e+01,2.232458e+01,2.236581e+01,2.235894e+01,2.238642e+01,2.238642e+01,2.228334e+01,2.247566e+01,2.244135e+01,2.246880e+01,2.247566e+01,2.243448e+01,2.244821e+01,2.231771e+01,2.246880e+01,2.244821e+01,2.246194e+01,2.248939e+01,2.238642e+01,2.249625e+01,2.250311e+01,2.240702e+01,2.240702e+01,2.245507e+01,2.231084e+01,2.255112e+01,2.248939e+01,2.251683e+01,2.250997e+01,2.252369e+01,2.248939e+01,2.250311e+01,2.244135e+01,2.248939e+01,2.242762e+01,2.248939e+01,2.249625e+01,2.247566e+01,2.235207e+01,2.251683e+01,2.249625e+01,2.232458e+01,2.245507e+01,2.248252e+01,2.235207e+01,2.231771e+01
2.197349e+01,2.182167e+01,2.187000e+01,2.180786e+01,2.185620e+01,2.182167e+01,2.181476e+01,2.172494e+01,2.177332e+01,2.177332e+01,2.175949e+01,2.173876e+01,2.174567e+01,2.185620e+01,2.187000e+01,2.181476e+01,2.177332e+01,2.184239e+01,2.194591e+01,2.189761e+01,2.193211e+01,2.186310e+01,2.197349e+01,2.206999e+01,2.206310e+01,2.206310e+01,2.211132e+01,2.211132e+01,2.213886e+01,2.208377e+01,2.215952e+01,2.211821e+01,2.213886e+01,2.201486e+01,2.208377e+01,2.213198e+01,2.191831e+01,2.209066e+01,2.195280e+01,2.202865e+01,2.204243e+01,2.193211e+01,2.198039e+01,2.199418e+01,2.196660e+01,2.196660e+01,2.200797e+01,2.195970e+01,2.195970e+01,2.193211e+01,2.180095e+01,2.204243e+01,2.190451e+01,2.203554e+01,2.207688e+01,2.209066e+01,2.198729e+01,2.202865e+01,2.208377e+01,2.208377e+01,2.210443e+01,2.206999e+01,2.206999e+01,2.202865e+01,2.200107e+01,2.221457e+01,2.200107e+01,2.184239e+01,2.210443e+01,2.225584e+01,2.218705e+01,2.227647e+01,2.224208e+01,2.220081e+01,2.224208e+01,2.220769e+01,2.227647e+01,2.218705e+01,2.229709e+01,2.228334e+01,2.223520e+01,2.221457e+01,2.221457e+01,2.233833e+01,2.231771e+01,2.229022e+01,2.229022e+01,2.226271e+01,2.224208e+01,2.232458e+01,2.233146e+01,2.229709e+01,2.223520e+01,2.229709e+01,2.233833e+01,2.226959e+01,2.233833e+01,2.235207e+01,2.231084e+01,2.224896e+01,2.226271e+01,2.206999e+01,2.230396e+01,2.200797e+01,2.198729e+01,2.161427e+01,2.123294e+01,2.099649e+01,2.093381e+01,2.087109e+01,2.105914e+01,2.090594e+01,2.097560e+01,2.103130e+01,2.099649e+01,2.105218e+01,2.094077e+01,2.084320e+01,2.098256e+01,2.083623e+01,2.089897e+01,2.101738e+01,2.126767e+01,2.121905e+01,2.126072e+01,2.142032e+01,2.165579e+01,2.167654e+01,2.173185e+01,2.182858e+01,2.190451e+01,2.189761e+01,2.208377e+01,2.207688e+01,2.209755e+01,2.193901e+01,2.204243e+01,2.198039e+01,2.198039e+01,2.201486e+01,2.193211e+01,2.193211e+01,2.183548e+01,2.185620e+01,2.184929e+01,2.185620e+01,2.188381e+01,2.178713e+01,2.166962e+01,2.181476e+01,2.167654e+01,2.148963e+01,2.123989e+01,2.096167e+01,2.092684e+01,2.085715e+01,2.086412e+01,2.089897e+01,2.090594e+01,2.089897e+01,2.091987e+01,2.085017e+01,2.077344e+01,2.076647e+01,2.088503e+01,2.094774e+01,2.086412e+01,2.082925e+01,2.082228e+01,2.081530e+01,2.074553e+01,2.076647e+01,2.074553e+01,2.080135e+01,2.081530e+01,2.080833e+01,2.077344e+01,2.079438e+01,2.076647e+01,2.076647e+01,2.076647e+01,2.079438e+01,2.068967e+01,2.066872e+01,2.071761e+01,2.069666e+01,2.070364e+01,2.068967e+01,2.080135e+01,2.105218e+01,2.105914e+01,2.171111e+01,2.253055e+01,2.333668e+01,2.423782e+01,2.532502e+01,2.610990e+01,2.677052e+01,2.720430e+01,2.740743e+01,2.766898e+01,2.796896e+01,2.822264e+01,2.837197e+01,2.866354e+01,2.885748e+01,2.903818e+01,2.932796e+01,2.938583e+01,2.969391e+01,2.968110e+01,2.964904e+01,2.950788e+01,2.878641e+01,2.807311e+01,2.685610e+01,2.519809e+01,2.393380e+01,2.289341e+01,2.240702e+01,2.178022e+01,2.173185e+01,2.166962e+01,2.148270e+01,2.141339e+01,2.147577e+01,2.148270e+01,2.141339e+01,2.145498e+01,2.137871e+01,2.139952e+01,2.136484e+01,2.137871e+01,2.137871e+01,2.123294e+01,2.115650e+01,2.129544e+01,2.118431e+01,2.114955e+01,2.108696e+01,2.108696e+01,2.108001e+01,2.110783e+01,2.096864e+01,2.110783e+01,2.100345e+01,2.108696e+01,2.097560e+01,2.096167e+01,2.113565e+01,2.098256e+01,2.101738e+01,2.103826e+01,2.107305e+01,2.109392e+01,2.105218e+01,2.095471e+01,2.101738e+01,2.106609e+01,2.123989e+01,2.126072e+01,2.118431e+01,2.114955e+01,2.110783e+01,2.106609e+01,2.117736e+01,2.121210e+01,2.122600e+01,2.109392e+01,2.124683e+01,2.117736e+01,2.119820e+01,2.119126e+01,2.125378e+01,2.120515e+01,2.124683e+01,2.117736e+01,2.126072e+01,2.125378e+01,2.114260e+01,2.122600e+01,2.112869e+01,2.120515e+01,2.117041e+01,2.112174e+01,2.119126e+01,2.115650e+01,2.117736e+01,2.123989e+01,2.118431e+01,2.114955e+01,2.105914e+01,2.089897e+01,2.078042e+01,2.079438e+01,2.096167e+01,2.082925e+01,2.093381e+01,2.102434e+01,2.089200e+01,2.087806e+01,2.087109e+01,2.090594e+01,2.075251e+01,2.061282e+01,2.070364e+01,2.063379e+01,2.063379e+01,2.077344e+01,2.071761e+01,2.065475e+01,2.069666e+01,2.070364e+01,2.077344e+01,2.069666e+01,2.070364e+01,2.069666e+01,2.073157e+01,2.068967e+01,2.072459e+01,2.075949e+01,2.065475e+01,2.068269e+01,2.066174e+01,2.068269e+01,2.068967e+01,2.065475e+01,2.057787e+01,2.069666e+01,2.060583e+01,2.061282e+01,2.062680e+01,2.049394e+01,2.064776e+01,2.059884e+01,2.059884e+01,2.059884e+01,2.055690e+01,2.075251e+01,2.065475e+01,2.075251e+01,2.064078e+01,2.067570e+01,2.079438e+01,2.073157e+01,2.091291e+01,2.078042e+01,2.089200e+01,2.094077e+01,2.088503e+01,2.069666e+01,2.089897e+01,2.073157e+01,2.082925e+01,2.082925e+01,2.083623e+01,2.080833e+01,2.082228e+01,2.091291e+01,2.078042e+01,2.078740e+01,2.093381e+01,2.084320e+01,2.096167e+01,2.097560e+01,2.092684e+01,2.095471e+01,2.097560e+01,2.084320e+01,2.094077e+01,2.089200e+01,2.091291e+01,2.102434e+01,2.098256e+01,2.098953e+01,2.110783e+01,2.101042e+01,2.114955e+01,2.119126e+01,2.113565e+01,2.117736e+01,2.111479e+01,2.116345e+01,2.114955e+01,2.116345e+01,2.120515e+01,2.131626e+01,2.125378e+01,2.130238e+01,2.135790e+01,2.129544e+01,2.144112e+01,2.144805e+01,2.146884e+01,2.149656e+01,2.136484e+01,2.144805e+01,2.140645e+01,2.142032e+01,2.137871e+01,2.135790e+01,2.125378e+01,2.155197e+01,2.151734e+01,2.163503e+01,2.162811e+01,2.150349e+01,2.147577e+01,2.146191e+01,2.132320e+01,2.130932e+01,2.130238e+01,2.138565e+01,2.130238e+01,2.136484e+01,2.123989e+01,2.134402e+01,2.119820e+01,2.121905e+01,2.123294e+01,2.119820e+01,2.123294e+01,2.123294e+01,2.117736e+01,2.111479e+01,2.105218e+01,2.117736e+01,2.103130e+01,2.110783e+01,2.124683e+01,2.117736e+01,2.119126e+01,2.106609e+01,2.108001e+01,2.102434e+01,2.121905e+01,2.101042e+01,2.105914e+01,2.111479e+01,2.100345e+01,2.098256e+01,2.097560e+01,2.101738e+01,2.101042e+01,2.105914e+01,2.099649e+01,2.111479e+01,2.107305e+01,2.110088e+01,2.102434e+01,2.112174e+01,2.104522e+01,2.112869e+01,2.108696e+01,2.107305e+01,2.097560e+01,2.120515e+01,2.133708e+01,2.121905e+01,2.133708e+01,2.135790e+01,2.132320e+01,2.118431e+01,2.112174e+01,2.121905e+01,2.121905e+01,2.158659e+01,2.152427e+01,2.180786e+01,2.228334e+01,2.250311e+01,2.273610e+01,2.317323e+01,2.325499e+01,2.366281e+01,2.373062e+01,2.383226e+01,2.389996e+01,2.392027e+01,2.390673e+01,2.391350e+01,2.392703e+01,2.366959e+01,2.365602e+01,2.364924e+01,2.332988e+01,2.328223e+01,2.315278e+01,2.311869e+01,2.307095e+01,2.301635e+01,2.276347e+01,2.270187e+01,2.266078e+01,2.254426e+01,2.261967e+01,2.281136e+01,2.292757e+01,2.294123e+01,2.309141e+01,2.332988e+01,2.350667e+01,2.377807e+01,2.393380e+01,2.377129e+01,2.373740e+01,2.335710e+01,2.328223e+01,2.292757e+01,2.279768e+01,2.279084e+01,2.249625e+01,2.245507e+01,2.229709e+01,2.213198e+01,2.198729e+01,2.202865e+01,2.186310e+01,2.186310e+01,2.179404e+01,2.170420e+01,2.173185e+01,2.171802e+01,2.166270e+01,2.178022e+01,2.163503e+01,2.162119e+01,2.154505e+01,2.161427e+01,2.160735e+01,2.142725e+01,2.155197e+01,2.153119e+01,2.150349e+01,2.146191e+01,2.153812e+01,2.157967e+01,2.156582e+01,2.158659e+01,2.146191e+01,2.151734e+01,2.157274e+01,2.155890e+01,2.152427e+01,2.144805e+01,2.148963e+01,2.148270e+01,2.163503e+01,2.157274e+01,2.160043e+01,2.156582e+01,2.161427e+01,2.162811e+01,2.181476e+01,2.168345e+01,2.179404e+01,2.177332e+01,2.191141e+01,2.186310e+01,2.207688e+01,2.197349e+01,2.204243e+01,2.206310e+01,2.204932e+01,2.204243e+01,2.206310e+01,2.218705e+01,2.207688e+01,2.218016e+01,2.218705e+01,2.219393e+01,2.220081e+01,2.229022e+01,2.209066e+01,2.219393e+01,2.214575e+01,2.222145e+01,2.222833e+01,2.222145e+01,2.230396e+01,2.220769e+01,2.222145e+01,2.216640e+01,2.220769e+01,2.220081e+01,2.217328e+01,2.235894e+01,2.230396e+01,2.221457e+01,2.237955e+01,2.220081e+01,2.235207e+01,2.229709e+01,2.215952e+01,2.231771e+01,2.233833e+01,2.234520e+01,2.224208e+01,2.233146e+01,2.239328e+01,2.240702e+01,2.234520e+01,2.227647e+01,2.241389e+01,2.240702e+01,2.241389e+01,2.242762e+01,2.244135e+01,2.233146e+01,2.246194e+01,2.227647e+01,2.250311e+01,2.251683e+01,2.251683e+01,2.244135e+01,2.246194e+01,2.218016e+01,2.240015e+01,2.248939e+01,2.246194e+01,2.243448e+01,2.240702e+01,2.249625e+01,2.248939e+01,2.245507e+01,2.242075e+01,2.249625e+01,2.241389e+01,2.246194e+01,2.243448e+01,2.249625e+01,2.247566e+01,2.253055e+01,2.240702e+01,2.222145e+01,2.241389e+01,2.250311e+01,2.245507e+01,2.242075e+01,2.240015e+01
2.179404e+01,2.181476e+01,2.168345e+01,2.182167e+01,2.175258e+01,2.180786e+01,2.169728e+01,2.192521e+01,2.159351e+01,2.175258e+01,2.176641e+01,2.180786e+01,2.164195e+01,2.182167e+01,2.180095e+01,2.180095e+01,2.185620e+01,2.204243e+01,2.196660e+01,2.188381e+01,2.193901e+01,2.202865e+01,2.207688e+01,2.202865e+01,2.204932e+01,2.209755e+01,2.218705e+01,2.212509e+01,2.212509e+01,2.199418e+01,2.220081e+01,2.200107e+01,2.210443e+01,2.206310e+01,2.203554e+01,2.206310e+01,2.202865e+01,2.200107e+01,2.204243e+01,2.206310e+01,2.206310e+01,2.195970e+01,2.203554e+01,2.206999e+01,2.195970e+01,2.200797e+01,2.202176e+01,2.204243e+01,2.193211e+01,2.191831e+01,2.195280e+01,2.198039e+01,2.199418e+01,2.200107e+01,2.205621e+01,2.205621e+01,2.206999e+01,2.191831e+01,2.203554e+01,2.200107e+01,2.204932e+01,2.215263e+01,2.217328e+01,2.210443e+01,2.203554e+01,2.220769e+01,2.219393e+01,2.218016e+01,2.219393e+01,2.221457e+01,2.218705e+01,2.222145e+01,2.216640e+01,2.224896e+01,2.220081e+01,2.221457e+01,2.226271e+01,2.227647e+01,2.218016e+01,2.230396e+01,2.222145e+01,2.217328e+01,2.214575e+01,2.234520e+01,2.237268e+01,2.235207e+01,2.226959e+01,2.231084e+01,2.235207e+01,2.231084e+01,2.229709e+01,2.231771e+01,2.235894e+01,2.233833e+01,2.242075e+01,2.233833e+01,2.230396e+01,2.231771e+01,2.235894e+01,2.223520e+01,2.224896e+01,2.213198e+01,2.224208e+01,2.202176e+01,2.173185e+01,2.137871e+01,2.119126e+01,2.100345e+01,2.087806e+01,2.088503e+01,2.093381e+01,2.107305e+01,2.092684e+01,2.092684e+01,2.092684e+01,2.098953e+01,2.103130e+01,2.105218e+01,2.097560e+01,2.121905e+01,2.123989e+01,2.138565e+01,2.146191e+01,2.144112e+01,2.183548e+01,2.182167e+01,2.191141e+01,2.196660e+01,2.203554e+01,2.205621e+01,2.209066e+01,2.191831e+01,2.209755e+01,2.190451e+01,2.213198e+01,2.202865e+01,2.205621e+01,2.204243e+01,2.204243e+01,2.200107e+01,2.197349e+01,2.190451e+01,2.193901e+01,2.189071e+01,2.187691e+01,2.198039e+01,2.181476e+01,2.182858e+01,2.181476e+01,2.169728e+01,2.165579e+01,2.146191e+01,2.119126e+01,2.101042e+01,2.085715e+01,2.082228e+01,2.089897e+01,2.087109e+01,2.085715e+01,2.089897e+01,2.091291e+01,2.061981e+01,2.082925e+01,2.082228e+01,2.091987e+01,2.087109e+01,2.080135e+01,2.079438e+01,2.064776e+01,2.078740e+01,2.075949e+01,2.082925e+01,2.077344e+01,2.082228e+01,2.081530e+01,2.075251e+01,2.079438e+01,2.076647e+01,2.077344e+01,2.079438e+01,2.070364e+01,2.077344e+01,2.051493e+01,2.068269e+01,2.080135e+01,2.057088e+01,2.078042e+01,2.086412e+01,2.094077e+01,2.122600e+01,2.174567e+01,2.264708e+01,2.334349e+01,2.423107e+01,2.505093e+01,2.581127e+01,2.648036e+01,2.677052e+01,2.717806e+01,2.745325e+01,2.766245e+01,2.798850e+01,2.806660e+01,2.847573e+01,2.846277e+01,2.894142e+01,2.899304e+01,2.918639e+01,2.953356e+01,2.966827e+01,2.968110e+01,2.961056e+01,2.914775e+01,2.862471e+01,2.749251e+01,2.590427e+01,2.439287e+01,2.332307e+01,2.265392e+01,2.201486e+01,2.176641e+01,2.168345e+01,2.151734e+01,2.147577e+01,2.148963e+01,2.148270e+01,2.138565e+01,2.142725e+01,2.147577e+01,2.140645e+01,2.138565e+01,2.142032e+01,2.133014e+01,2.126767e+01,2.119820e+01,2.119820e+01,2.116345e+01,2.118431e+01,2.110088e+01,2.119126e+01,2.104522e+01,2.102434e+01,2.103130e+01,2.117736e+01,2.106609e+01,2.103130e+01,2.103130e+01,2.108001e+01,2.096167e+01,2.101042e+01,2.097560e+01,2.101042e+01,2.093381e+01,2.104522e+01,2.114260e+01,2.105914e+01,2.105914e+01,2.101042e+01,2.114955e+01,2.113565e+01,2.112174e+01,2.114955e+01,2.106609e+01,2.120515e+01,2.117041e+01,2.117736e+01,2.117736e+01,2.110088e+01,2.109392e+01,2.128156e+01,2.119126e+01,2.121905e+01,2.121210e+01,2.121210e+01,2.128156e+01,2.126072e+01,2.120515e+01,2.118431e+01,2.116345e+01,2.124683e+01,2.115650e+01,2.122600e+01,2.119820e+01,2.117041e+01,2.110783e+01,2.113565e+01,2.110088e+01,2.120515e+01,2.105218e+01,2.105914e+01,2.107305e+01,2.107305e+01,2.089200e+01,2.085715e+01,2.079438e+01,2.074553e+01,2.087806e+01,2.092684e+01,2.090594e+01,2.089897e+01,2.088503e+01,2.082925e+01,2.079438e+01,2.078740e+01,2.059884e+01,2.059884e+01,2.069666e+01,2.064078e+01,2.065475e+01,2.069666e+01,2.069666e+01,2.068269e+01,2.070364e+01,2.080135e+01,2.069666e+01,2.068269e+01,2.076647e+01,2.073157e+01,2.071761e+01,2.068967e+01,2.068269e+01,2.071062e+01,2.063379e+01,2.075251e+01,2.069666e+01,2.065475e+01,2.066174e+01,2.064776e+01,2.068967e+01,2.069666e+01,2.064776e+01,2.066174e+01,2.061282e+01,2.064078e+01,2.057088e+01,2.064078e+01,2.065475e+01,2.055690e+01,2.064078e+01,2.070364e+01,2.068269e+01,2.066174e+01,2.076647e+01,2.082925e+01,2.083623e+01,2.089200e+01,2.080833e+01,2.081530e+01,2.088503e+01,2.086412e+01,2.084320e+01,2.086412e+01,2.073855e+01,2.076647e+01,2.080833e+01,2.082925e+01,2.073157e+01,2.081530e+01,2.077344e+01,2.077344e+01,2.076647e+01,2.082228e+01,2.088503e+01,2.089897e+01,2.084320e+01,2.080135e+01,2.085017e+01,2.079438e+01,2.080833e+01,2.082228e+01,2.087806e+01,2.090594e+01,2.089897e+01,2.095471e+01,2.100345e+01,2.089897e+01,2.094077e+01,2.094774e+01,2.106609e+01,2.118431e+01,2.107305e+01,2.108696e+01,2.113565e+01,2.110783e+01,2.108001e+01,2.114260e+01,2.126072e+01,2.126072e+01,2.121905e+01,2.128850e+01,2.134402e+01,2.130932e+01,2.136484e+01,2.141339e+01,2.145498e+01,2.138565e+01,2.134402e+01,2.134402e+01,2.133708e+01,2.144112e+01,2.137871e+01,2.135790e+01,2.140645e+01,2.146884e+01,2.155890e+01,2.163503e+01,2.150349e+01,2.148963e+01,2.146191e+01,2.144112e+01,2.131626e+01,2.131626e+01,2.133708e+01,2.137871e+01,2.124683e+01,2.129544e+01,2.134402e+01,2.124683e+01,2.125378e+01,2.121210e+01,2.121905e+01,2.120515e+01,2.121905e+01,2.119126e+01,2.121210e+01,2.112869e+01,2.117736e+01,2.114955e+01,2.114955e+01,2.123294e+01,2.112869e+01,2.104522e+01,2.105914e+01,2.102434e+01,2.105218e+01,2.105914e+01,2.106609e+01,2.108696e+01,2.110783e+01,2.083623e+01,2.101042e+01,2.106609e+01,2.103130e+01,2.103826e+01,2.110783e+01,2.116345e+01,2.108696e+01,2.105218e+01,2.101042e+01,2.102434e+01,2.107305e+01,2.106609e+01,2.111479e+01,2.109392e+01,2.108696e+01,2.126072e+01,2.122600e+01,2.118431e+01,2.137871e+01,2.135096e+01,2.131626e+01,2.117736e+01,2.130932e+01,2.111479e+01,2.127461e+01,2.116345e+01,2.146884e+01,2.171111e+01,2.182167e+01,2.222145e+01,2.242762e+01,2.268817e+01,2.316642e+01,2.322093e+01,2.330946e+01,2.337070e+01,2.350667e+01,2.367638e+01,2.362210e+01,2.362889e+01,2.352026e+01,2.347949e+01,2.337070e+01,2.335029e+01,2.332307e+01,2.313915e+01,2.315278e+01,2.309141e+01,2.299587e+01,2.270187e+01,2.285239e+01,2.287290e+01,2.258540e+01,2.237955e+01,2.242075e+01,2.242075e+01,2.265392e+01,2.277032e+01,2.293440e+01,2.315278e+01,2.333668e+01,2.356101e+01,2.382549e+01,2.394057e+01,2.394057e+01,2.371028e+01,2.333668e+01,2.332988e+01,2.306412e+01,2.291391e+01,2.279084e+01,2.250997e+01,2.244135e+01,2.237268e+01,2.222145e+01,2.205621e+01,2.195970e+01,2.202176e+01,2.189071e+01,2.178713e+01,2.182858e+01,2.176641e+01,2.177332e+01,2.175258e+01,2.162119e+01,2.170420e+01,2.157274e+01,2.151734e+01,2.162811e+01,2.164195e+01,2.159351e+01,2.142032e+01,2.153812e+01,2.158659e+01,2.151042e+01,2.154505e+01,2.151734e+01,2.154505e+01,2.153119e+01,2.149656e+01,2.151042e+01,2.164887e+01,2.166270e+01,2.151042e+01,2.144805e+01,2.145498e+01,2.149656e+01,2.150349e+01,2.157274e+01,2.156582e+01,2.160043e+01,2.157967e+01,2.169728e+01,2.167654e+01,2.168345e+01,2.168345e+01,2.190451e+01,2.194591e+01,2.180786e+01,2.202865e+01,2.197349e+01,2.203554e+01,2.204932e+01,2.213198e+01,2.205621e+01,2.215263e+01,2.204243e+01,2.209066e+01,2.215952e+01,2.211132e+01,2.222145e+01,2.229022e+01,2.222145e+01,2.226271e+01,2.221457e+01,2.217328e+01,2.220769e+01,2.220769e+01,2.213886e+01,2.225584e+01,2.215952e+01,2.218016e+01,2.215952e+01,2.226271e+01,2.221457e+01,2.224208e+01,2.229022e+01,2.229709e+01,2.229709e+01,2.231771e+01,2.234520e+01,2.235894e+01,2.231771e+01,2.231771e+01,2.228334e+01,2.225584e+01,2.230396e+01,2.233833e+01,2.227647e+01,2.240702e+01,2.234520e+01,2.233146e+01,2.227647e+01,2.236581e+01,2.239328e+01,2.238642e+01,2.240015e+01,2.242075e+01,2.244821e+01,2.241389e+01,2.248252e+01,2.219393e+01,2.250997e+01,2.242075e+01,2.242762e+01,2.244135e+01,2.242762e+01,2.242762e+01,2.246880e+01,2.248252e+01,2.243448e+01,2.248252e+01,2.243448e+01,2.243448e+01,2.238642e+01,2.242075e+01,2.247566e+01,2.240702e+01,2.244135e+01,2.249625e+01,2.236581e+01,2.253055e+01,2.244821e+01,2.253055e+01,2.231771e+01,2.240702e+01,2.228334e+01,2.236581e+01,2.244135e+01,2.237268e+01
2.178713e+01,2.192521e+01,2.184239e+01,2.178713e+01,2.179404e+01,2.175949e+01,2.162119e+01,2.180786e+01,2.178022e+01,2.165579e+01,2.183548e+01,2.181476e+01,2.178022e+01,2.178713e+01,2.180786e+01,2.195970e+01,2.197349e+01,2.194591e+01,2.196660e+01,2.180095e+01,2.202176e+01,2.209755e+01,2.206310e+01,2.215952e+01,2.205621e+01,2.205621e+01,2.206310e+01,2.213198e+01,2.213886e+01,2.212509e+01,2.213198e+01,2.203554e+01,2.206310e+01,2.208377e+01,2.204243e+01,2.203554e+01,2.203554e+01,2.203554e+01,2.198039e+01,2.195280e+01,2.206999e+01,2.204932e+01,2.195280e+01,2.202176e+01,2.202176e+01,2.198729e+01,2.198039e+01,2.202176e+01,2.193211e+01,2.196660e+01,2.187691e+01,2.195280e+01,2.201486e+01,2.193901e+01,2.202176e+01,2.204932e+01,2.208377e+01,2.204932e+01,2.199418e+01,2.204932e+01,2.206310e+01,2.199418e+01,2.198729e+01,2.201486e+01,2.199418e+01,2.209755e+01,2.220081e+01,2.220769e+01,2.218705e+01,2.217328e+01,2.231771e+01,2.218016e+01,2.218705e+01,2.223520e+01,2.224208e+01,2.226959e+01,2.226271e+01,2.223520e+01,2.235894e+01,2.218705e+01,2.223520e+01,2.233833e+01,2.235207e+01,2.220769e+01,2.214575e+01,2.228334e+01,2.239328e+01,2.220081e+01,2.221457e+01,2.231084e+01,2.238642e+01,2.226271e+01,2.223520e+01,2.235207e+01,2.227647e+01,2.235894e+01,2.230396e+01,2.220081e+01,2.233833e+01,2.234520e+01,2.218016e+01,2.231084e+01,2.231084e+01,2.213886e+01,2.158659e+01,2.130932e+01,2.109392e+01,2.106609e+01,2.091291e+01,2.087806e+01,2.101042e+01,2.109392e+01,2.092684e+01,2.104522e+01,2.109392e+01,2.096864e+01,2.108696e+01,2.124683e+01,2.135096e+01,2.134402e+01,2.163503e+01,2.164887e+01,2.182167e+01,2.184239e+01,2.199418e+01,2.213886e+01,2.212509e+01,2.215263e+01,2.214575e+01,2.201486e+01,2.211132e+01,2.209066e+01,2.210443e+01,2.209755e+01,2.215263e+01,2.219393e+01,2.220081e+01,2.210443e+01,2.204932e+01,2.206310e+01,2.203554e+01,2.201486e+01,2.193901e+01,2.193901e+01,2.185620e+01,2.187000e+01,2.194591e+01,2.191141e+01,2.187000e+01,2.180786e+01,2.164195e+01,2.135790e+01,2.112174e+01,2.105914e+01,2.087806e+01,2.088503e+01,2.089200e+01,2.091987e+01,2.088503e+01,2.091291e+01,2.085017e+01,2.082925e+01,2.082228e+01,2.078740e+01,2.073157e+01,2.067570e+01,2.073855e+01,2.079438e+01,2.082925e+01,2.075251e+01,2.078042e+01,2.077344e+01,2.074553e+01,2.075949e+01,2.082925e+01,2.076647e+01,2.070364e+01,2.079438e+01,2.080135e+01,2.075251e+01,2.061981e+01,2.052892e+01,2.045895e+01,2.047994e+01,2.077344e+01,2.061981e+01,2.075949e+01,2.102434e+01,2.147577e+01,2.206999e+01,2.268817e+01,2.313915e+01,2.417709e+01,2.469555e+01,2.546513e+01,2.608339e+01,2.653317e+01,2.679028e+01,2.719118e+01,2.743362e+01,2.768857e+01,2.796896e+01,2.820965e+01,2.848221e+01,2.863766e+01,2.869589e+01,2.900594e+01,2.919927e+01,2.934082e+01,2.953356e+01,2.948220e+01,2.930867e+01,2.874763e+01,2.806660e+01,2.666510e+01,2.497057e+01,2.375096e+01,2.292757e+01,2.220081e+01,2.175258e+01,2.175949e+01,2.142032e+01,2.148270e+01,2.139952e+01,2.148270e+01,2.132320e+01,2.139258e+01,2.142032e+01,2.145498e+01,2.150349e+01,2.133708e+01,2.129544e+01,2.123989e+01,2.119820e+01,2.116345e+01,2.121905e+01,2.111479e+01,2.113565e+01,2.105218e+01,2.114260e+01,2.117041e+01,2.101042e+01,2.106609e+01,2.099649e+01,2.098953e+01,2.095471e+01,2.105218e+01,2.112869e+01,2.105914e+01,2.110783e+01,2.107305e+01,2.107305e+01,2.098256e+01,2.099649e+01,2.096167e+01,2.103826e+01,2.099649e+01,2.105914e+01,2.097560e+01,2.108001e+01,2.105914e+01,2.105218e+01,2.113565e+01,2.112869e+01,2.116345e+01,2.107305e+01,2.110088e+01,2.111479e+01,2.110088e+01,2.115650e+01,2.118431e+01,2.119820e+01,2.120515e+01,2.119820e+01,2.112869e+01,2.128850e+01,2.119820e+01,2.120515e+01,2.115650e+01,2.119126e+01,2.113565e+01,2.112869e+01,2.108001e+01,2.110783e+01,2.109392e+01,2.110783e+01,2.108696e+01,2.104522e+01,2.107305e+01,2.106609e+01,2.103826e+01,2.102434e+01,2.077344e+01,2.080135e+01,2.074553e+01,2.080833e+01,2.091987e+01,2.094077e+01,2.091291e+01,2.087109e+01,2.080833e+01,2.076647e+01,2.074553e+01,2.066174e+01,2.063379e+01,2.062680e+01,2.061282e+01,2.061282e+01,2.072459e+01,2.072459e+01,2.075949e+01,2.076647e+01,2.075251e+01,2.068967e+01,2.072459e+01,2.065475e+01,2.063379e+01,2.080135e+01,2.080135e+01,2.073157e+01,2.066872e+01,2.070364e+01,2.073855e+01,2.064776e+01,2.065475e+01,2.066174e+01,2.066872e+01,2.080135e+01,2.070364e+01,2.059884e+01,2.071761e+01,2.065475e+01,2.063379e+01,2.066174e+01,2.070364e+01,2.071761e+01,2.071062e+01,2.068269e+01,2.072459e+01,2.066174e+01,2.071062e+01,2.066174e+01,2.073855e+01,2.082228e+01,2.080135e+01,2.082228e+01,2.092684e+01,2.073855e+01,2.081530e+01,2.075949e+01,2.081530e+01,2.088503e+01,2.085017e+01,2.088503e+01,2.079438e+01,2.079438e+01,2.079438e+01,2.078042e+01,2.072459e+01,2.076647e+01,2.081530e+01,2.082925e+01,2.080135e+01,2.078740e+01,2.080135e+01,2.085715e+01,2.078740e+01,2.082228e+01,2.081530e+01,2.083623e+01,2.082925e+01,2.087806e+01,2.093381e+01,2.091987e+01,2.092684e+01,2.089200e+01,2.095471e+01,2.096167e+01,2.112869e+01,2.105218e+01,2.105218e+01,2.108001e+01,2.122600e+01,2.121210e+01,2.113565e+01,2.106609e+01,2.125378e+01,2.128156e+01,2.136484e+01,2.142032e+01,2.142725e+01,2.144112e+01,2.130932e+01,2.134402e+01,2.137177e+01,2.149656e+01,2.133708e+01,2.133014e+01,2.133014e+01,2.133014e+01,2.133708e+01,2.128156e+01,2.133014e+01,2.139952e+01,2.137871e+01,2.139258e+01,2.146191e+01,2.144805e+01,2.139258e+01,2.132320e+01,2.135096e+01,2.133708e+01,2.128156e+01,2.134402e+01,2.125378e+01,2.137177e+01,2.121210e+01,2.123294e+01,2.119820e+01,2.119820e+01,2.122600e+01,2.123989e+01,2.126072e+01,2.119820e+01,2.120515e+01,2.103826e+01,2.123989e+01,2.121905e+01,2.119126e+01,2.116345e+01,2.112174e+01,2.130932e+01,2.107305e+01,2.105218e+01,2.103826e+01,2.108696e+01,2.112869e+01,2.101738e+01,2.100345e+01,2.095471e+01,2.109392e+01,2.091987e+01,2.098256e+01,2.101738e+01,2.103826e+01,2.109392e+01,2.100345e+01,2.098256e+01,2.098953e+01,2.110783e+01,2.108001e+01,2.111479e+01,2.126767e+01,2.112869e+01,2.112174e+01,2.113565e+01,2.136484e+01,2.123294e+01,2.116345e+01,2.136484e+01,2.120515e+01,2.124683e+01,2.119820e+01,2.126072e+01,2.128156e+01,2.142032e+01,2.133708e+01,2.169728e+01,2.171111e+01,2.215952e+01,2.240702e+01,2.235207e+01,2.290707e+01,2.290707e+01,2.298221e+01,2.317323e+01,2.324818e+01,2.350667e+01,2.346590e+01,2.343871e+01,2.324818e+01,2.338431e+01,2.312551e+01,2.312551e+01,2.307777e+01,2.296173e+01,2.288657e+01,2.285239e+01,2.273610e+01,2.279084e+01,2.267447e+01,2.252369e+01,2.237955e+01,2.253055e+01,2.241389e+01,2.251683e+01,2.250311e+01,2.274294e+01,2.294807e+01,2.326861e+01,2.357458e+01,2.354742e+01,2.382549e+01,2.394057e+01,2.394057e+01,2.374418e+01,2.349308e+01,2.332307e+01,2.309141e+01,2.296173e+01,2.271556e+01,2.272241e+01,2.250311e+01,2.246880e+01,2.206310e+01,2.201486e+01,2.199418e+01,2.197349e+01,2.181476e+01,2.180786e+01,2.169728e+01,2.171111e+01,2.169728e+01,2.164195e+01,2.167654e+01,2.162811e+01,2.162119e+01,2.158659e+01,2.149656e+01,2.155197e+01,2.157967e+01,2.149656e+01,2.162811e+01,2.148963e+01,2.151042e+01,2.157967e+01,2.146884e+01,2.148270e+01,2.153119e+01,2.146191e+01,2.158659e+01,2.162811e+01,2.149656e+01,2.144112e+01,2.143419e+01,2.143419e+01,2.149656e+01,2.146884e+01,2.155197e+01,2.151734e+01,2.155890e+01,2.166962e+01,2.148963e+01,2.169037e+01,2.140645e+01,2.169037e+01,2.166962e+01,2.186310e+01,2.189071e+01,2.196660e+01,2.205621e+01,2.225584e+01,2.202865e+01,2.203554e+01,2.203554e+01,2.205621e+01,2.206999e+01,2.214575e+01,2.216640e+01,2.211821e+01,2.214575e+01,2.215263e+01,2.212509e+01,2.219393e+01,2.215263e+01,2.222145e+01,2.220769e+01,2.222145e+01,2.222145e+01,2.218016e+01,2.217328e+01,2.215952e+01,2.219393e+01,2.222145e+01,2.230396e+01,2.224896e+01,2.228334e+01,2.209066e+01,2.242075e+01,2.226271e+01,2.222833e+01,2.229709e+01,2.228334e+01,2.211132e+01,2.231771e+01,2.228334e+01,2.235894e+01,2.234520e+01,2.232458e+01,2.231084e+01,2.231084e+01,2.233833e+01,2.237268e+01,2.244135e+01,2.243448e+01,2.241389e+01,2.240015e+01,2.239328e+01,2.268817e+01,2.241389e+01,2.244135e+01,2.248252e+01,2.239328e+01,2.242075e+01,2.240702e+01,2.243448e+01,2.238642e+01,2.255112e+01,2.240015e+01,2.246194e+01,2.240702e+01,2.243448e+01,2.243448e+01,2.247566e+01,2.251683e+01,2.246194e+01,2.256483e+01,2.244135e+01,2.248939e+01,2.257854e+01,2.247566e+01,2.241389e+01,2.250311e+01,2.234520e+01,2.244135e+01,2.244821e+01,2.240702e+01,2.230396e+01,2.237268e+01,2.232458e+01
2.195280e+01,2.187000e+01,2.198039e+01,2.176641e+01,2.175258e+01,2.161427e+01,2.181476e+01,2.178022e+01,2.171111e+01,2.161427e+01,2.175258e+01,2.183548e+01,2.193211e+01,2.182167e+01,2.184929e+01,2.182167e+01,2.197349e+01,2.192521e+01,2.193901e+01,2.194591e+01,2.209066e+01,2.210443e+01,2.210443e+01,2.198039e+01,2.210443e+01,2.218016e+01,2.208377e+01,2.217328e+01,2.215263e+01,2.206310e+01,2.210443e+01,2.210443e+01,2.207688e+01,2.198729e+01,2.204243e+01,2.182167e+01,2.201486e+01,2.200107e+01,2.196660e+01,2.198039e+01,2.194591e+01,2.198729e+01,2.193901e+01,2.200797e+01,2.201486e+01,2.201486e+01,2.189761e+01,2.198729e+01,2.195280e+01,2.201486e+01,2.187691e+01,2.203554e+01,2.192521e+01,2.198729e+01,2.203554e+01,2.200797e+01,2.206310e+01,2.200797e+01,2.205621e+01,2.206310e+01,2.204243e+01,2.204243e+01,2.199418e+01,2.206310e+01,2.220769e+01,2.198729e+01,2.217328e+01,2.220769e+01,2.219393e+01,2.220769e+01,2.220769e+01,2.218705e+01,2.220769e+01,2.224896e+01,2.226271e+01,2.226959e+01,2.229709e+01,2.226959e+01,2.225584e+01,2.217328e+01,2.220081e+01,2.220081e+01,2.215952e+01,2.222145e+01,2.226271e+01,2.222145e+01,2.232458e+01,2.226271e+01,2.235894e+01,2.230396e+01,2.239328e+01,2.231084e+01,2.233833e+01,2.234520e+01,2.235207e+01,2.234520e+01,2.233833e+01,2.227647e+01,2.231084e+01,2.219393e+01,2.229709e+01,2.224208e+01,2.214575e+01,2.200797e+01,2.174567e+01,2.153812e+01,2.114260e+01,2.113565e+01,2.094774e+01,2.105914e+01,2.108001e+01,2.104522e+01,2.109392e+01,2.123294e+01,2.114955e+01,2.125378e+01,2.146884e+01,2.165579e+01,2.173185e+01,2.196660e+01,2.189761e+01,2.217328e+01,2.216640e+01,2.218016e+01,2.213198e+01,2.218705e+01,2.202865e+01,2.219393e+01,2.206310e+01,2.210443e+01,2.195970e+01,2.204932e+01,2.209066e+01,2.210443e+01,2.208377e+01,2.206999e+01,2.209066e+01,2.218705e+01,2.203554e+01,2.204243e+01,2.204932e+01,2.193901e+01,2.206310e+01,2.194591e+01,2.196660e+01,2.195280e+01,2.191141e+01,2.179404e+01,2.178713e+01,2.176641e+01,2.161427e+01,2.129544e+01,2.105914e+01,2.095471e+01,2.087806e+01,2.089200e+01,2.087109e+01,2.087109e+01,2.082925e+01,2.077344e+01,2.060583e+01,2.089897e+01,2.080135e+01,2.081530e+01,2.077344e+01,2.070364e+01,2.078042e+01,2.072459e+01,2.076647e+01,2.076647e+01,2.073855e+01,2.078740e+01,2.073855e+01,2.071062e+01,2.077344e+01,2.073855e+01,2.074553e+01,2.066174e+01,2.079438e+01,2.056389e+01,2.051493e+01,2.047295e+01,2.044495e+01,2.056389e+01,2.080833e+01,2.092684e+01,2.105914e+01,2.139258e+01,2.211132e+01,2.269502e+01,2.311187e+01,2.383903e+01,2.426480e+01,2.495047e+01,2.550513e+01,2.609002e+01,2.638786e+01,2.699420e+01,2.709274e+01,2.763632e+01,2.764938e+01,2.796245e+01,2.808612e+01,2.846277e+01,2.867001e+01,2.874116e+01,2.890914e+01,2.917351e+01,2.933439e+01,2.932153e+01,2.930867e+01,2.901884e+01,2.837197e+01,2.736815e+01,2.590427e+01,2.439960e+01,2.335029e+01,2.239328e+01,2.204932e+01,2.183548e+01,2.152427e+01,2.148963e+01,2.138565e+01,2.137871e+01,2.139952e+01,2.146191e+01,2.137871e+01,2.148270e+01,2.142032e+01,2.144112e+01,2.139952e+01,2.134402e+01,2.128156e+01,2.123294e+01,2.117736e+01,2.112174e+01,2.121905e+01,2.112174e+01,2.112869e+01,2.105218e+01,2.108001e+01,2.113565e+01,2.118431e+01,2.108001e+01,2.113565e+01,2.102434e+01,2.109392e+01,2.117736e+01,2.114955e+01,2.094077e+01,2.105218e+01,2.103826e+01,2.105914e+01,2.103826e+01,2.099649e+01,2.108001e+01,2.098953e+01,2.103826e+01,2.099649e+01,2.102434e+01,2.095471e+01,2.101042e+01,2.112174e+01,2.107305e+01,2.108696e+01,2.103130e+01,2.112174e+01,2.110783e+01,2.114260e+01,2.115650e+01,2.117041e+01,2.104522e+01,2.120515e+01,2.095471e+01,2.110088e+01,2.122600e+01,2.119820e+01,2.115650e+01,2.122600e+01,2.119126e+01,2.114260e+01,2.105218e+01,2.108001e+01,2.108001e+01,2.105218e+01,2.110088e+01,2.108696e+01,2.100345e+01,2.105914e+01,2.102434e+01,2.104522e+01,2.101738e+01,2.082925e+01,2.074553e+01,2.075949e+01,2.078042e+01,2.085017e+01,2.070364e+01,2.080135e+01,2.068269e+01,2.085017e+01,2.068967e+01,2.064776e+01,2.061981e+01,2.058486e+01,2.076647e+01,2.081530e+01,2.071062e+01,2.070364e+01,2.074553e+01,2.075251e+01,2.071761e+01,2.067570e+01,2.066872e+01,2.071062e+01,2.075251e+01,2.071761e+01,2.073855e+01,2.081530e+01,2.078740e+01,2.065475e+01,2.069666e+01,2.062680e+01,2.063379e+01,2.066174e+01,2.068269e+01,2.080135e+01,2.060583e+01,2.068967e+01,2.066872e+01,2.064078e+01,2.071761e+01,2.065475e+01,2.059884e+01,2.064776e+01,2.058486e+01,2.068269e+01,2.071761e+01,2.066872e+01,2.067570e+01,2.079438e+01,2.066872e+01,2.075949e+01,2.075251e+01,2.073855e+01,2.072459e+01,2.075251e+01,2.073157e+01,2.075251e+01,2.083623e+01,2.087806e+01,2.082228e+01,2.072459e+01,2.074553e+01,2.071062e+01,2.073157e+01,2.081530e+01,2.071761e+01,2.071761e+01,2.075251e+01,2.078740e+01,2.082925e+01,2.086412e+01,2.082228e+01,2.087806e+01,2.083623e+01,2.083623e+01,2.078042e+01,2.073855e+01,2.085017e+01,2.086412e+01,2.090594e+01,2.083623e+01,2.086412e+01,2.089200e+01,2.089200e+01,2.089897e+01,2.099649e+01,2.116345e+01,2.105218e+01,2.104522e+01,2.107305e+01,2.108001e+01,2.105914e+01,2.110783e+01,2.121210e+01,2.122600e+01,2.123294e+01,2.121210e+01,2.124683e+01,2.141339e+01,2.137871e+01,2.135790e+01,2.134402e+01,2.137871e+01,2.130932e+01,2.133014e+01,2.135790e+01,2.128156e+01,2.123294e+01,2.131626e+01,2.131626e+01,2.133708e+01,2.136484e+01,2.142725e+01,2.141339e+01,2.144805e+01,2.130932e+01,2.135790e+01,2.126072e+01,2.148963e+01,2.135096e+01,2.136484e+01,2.135790e+01,2.123989e+01,2.133014e+01,2.127461e+01,2.121210e+01,2.119126e+01,2.128156e+01,2.121905e+01,2.117041e+01,2.121905e+01,2.121905e+01,2.122600e+01,2.119126e+01,2.114955e+01,2.124683e+01,2.115650e+01,2.114955e+01,2.109392e+01,2.110088e+01,2.108696e+01,2.106609e+01,2.110783e+01,2.101738e+01,2.113565e+01,2.110783e+01,2.112869e+01,2.092684e+01,2.098256e+01,2.108001e+01,2.095471e+01,2.110783e+01,2.103130e+01,2.117736e+01,2.112174e+01,2.108001e+01,2.108001e+01,2.097560e+01,2.104522e+01,2.108001e+01,2.111479e+01,2.110088e+01,2.115650e+01,2.135790e+01,2.119126e+01,2.137871e+01,2.139258e+01,2.137871e+01,2.126767e+01,2.133708e+01,2.126072e+01,2.128156e+01,2.122600e+01,2.124683e+01,2.144112e+01,2.155890e+01,2.182858e+01,2.210443e+01,2.239328e+01,2.240702e+01,2.263337e+01,2.285239e+01,2.287974e+01,2.304365e+01,2.313233e+01,2.324137e+01,2.320731e+01,2.326180e+01,2.319368e+01,2.315278e+01,2.307095e+01,2.307095e+01,2.287974e+01,2.290024e+01,2.271556e+01,2.265392e+01,2.256483e+01,2.244821e+01,2.233833e+01,2.233833e+01,2.229709e+01,2.237268e+01,2.236581e+01,2.240015e+01,2.243448e+01,2.260596e+01,2.298221e+01,2.312551e+01,2.333668e+01,2.358138e+01,2.390673e+01,2.399467e+01,2.389996e+01,2.391350e+01,2.378484e+01,2.346590e+01,2.311187e+01,2.291391e+01,2.290707e+01,2.273610e+01,2.244821e+01,2.237955e+01,2.224896e+01,2.204932e+01,2.202865e+01,2.200797e+01,2.183548e+01,2.180786e+01,2.184929e+01,2.175949e+01,2.175949e+01,2.171802e+01,2.170420e+01,2.169037e+01,2.159351e+01,2.160043e+01,2.161427e+01,2.156582e+01,2.156582e+01,2.153119e+01,2.154505e+01,2.156582e+01,2.153119e+01,2.153119e+01,2.153119e+01,2.148270e+01,2.155197e+01,2.146191e+01,2.157274e+01,2.144805e+01,2.147577e+01,2.133708e+01,2.142725e+01,2.144805e+01,2.140645e+01,2.148963e+01,2.148963e+01,2.152427e+01,2.157274e+01,2.156582e+01,2.163503e+01,2.162119e+01,2.166270e+01,2.179404e+01,2.187691e+01,2.181476e+01,2.169037e+01,2.196660e+01,2.191141e+01,2.200797e+01,2.202176e+01,2.205621e+01,2.204243e+01,2.205621e+01,2.210443e+01,2.215952e+01,2.208377e+01,2.218016e+01,2.213198e+01,2.226271e+01,2.226959e+01,2.223520e+01,2.221457e+01,2.208377e+01,2.216640e+01,2.219393e+01,2.224208e+01,2.220769e+01,2.219393e+01,2.220081e+01,2.223520e+01,2.213886e+01,2.218016e+01,2.215263e+01,2.220081e+01,2.231084e+01,2.215263e+01,2.218016e+01,2.217328e+01,2.226271e+01,2.232458e+01,2.227647e+01,2.229022e+01,2.227647e+01,2.231771e+01,2.225584e+01,2.232458e+01,2.233833e+01,2.231084e+01,2.232458e+01,2.243448e+01,2.233833e+01,2.240702e+01,2.240702e+01,2.242075e+01,2.241389e+01,2.241389e+01,2.242075e+01,2.241389e+01,2.249625e+01,2.242762e+01,2.240702e+01,2.237955e+01,2.239328e+01,2.244821e+01,2.242762e+01,2.237955e+01,2.254426e+01,2.244821e+01,2.233833e+01,2.234520e+01,2.253741e+01,2.242075e+01,2.240015e+01,2.250311e+01,2.238642e+01,2.240702e+01,2.248252e+01,2.255112e+01,2.249625e+01,2.249625e+01,2.250311e+01,2.239328e+01,2.247566e+01,2.231084e+01,2.237955e+01,2.235894e+01,2.231771e+01
2.177332e+01,2.195280e+01,2.193211e+01,2.171802e+01,2.186310e+01,2.170420e+01,2.175258e+01,2.185620e+01,2.188381e+01,2.181476e+01,2.184929e+01,2.197349e+01,2.177332e+01,2.184239e+01,2.201486e+01,2.183548e+01,2.194591e+01,2.195970e+01,2.195280e+01,2.206310e+01,2.217328e+01,2.215263e+01,2.209066e+01,2.222145e+01,2.206999e+01,2.211132e+01,2.206310e+01,2.214575e+01,2.218016e+01,2.209755e+01,2.222833e+01,2.207688e+01,2.204932e+01,2.205621e+01,2.209066e+01,2.202176e+01,2.211132e+01,2.185620e+01,2.190451e+01,2.193901e+01,2.196660e+01,2.199418e+01,2.189761e+01,2.194591e+01,2.200107e+01,2.196660e+01,2.197349e+01,2.198039e+01,2.205621e+01,2.198729e+01,2.202865e+01,2.194591e+01,2.200107e+01,2.201486e+01,2.206310e+01,2.208377e+01,2.195970e+01,2.200797e+01,2.198039e+01,2.206310e+01,2.208377e+01,2.201486e+01,2.204243e+01,2.206999e+01,2.213886e+01,2.215263e+01,2.224896e+01,2.220769e+01,2.217328e+01,2.223520e+01,2.222145e+01,2.220081e+01,2.226271e+01,2.244821e+01,2.229709e+01,2.215952e+01,2.222833e+01,2.224896e+01,2.229022e+01,2.231084e+01,2.222833e+01,2.237955e+01,2.225584e+01,2.220081e+01,2.235207e+01,2.237268e+01,2.231771e+01,2.235894e+01,2.230396e+01,2.231771e+01,2.238642e+01,2.229709e+01,2.230396e+01,2.231084e+01,2.235207e+01,2.235207e+01,2.233146e+01,2.235207e+01,2.231771e+01,2.221457e+01,2.230396e+01,2.225584e+01,2.211132e+01,2.220081e+01,2.181476e+01,2.174567e+01,2.151734e+01,2.148270e+01,2.146191e+01,2.158659e+01,2.153812e+01,2.148270e+01,2.160043e+01,2.178713e+01,2.178022e+01,2.178713e+01,2.189071e+01,2.195280e+01,2.198039e+01,2.218705e+01,2.222145e+01,2.226959e+01,2.220081e+01,2.215952e+01,2.223520e+01,2.213886e+01,2.215263e+01,2.235894e+01,2.211821e+01,2.229022e+01,2.229709e+01,2.212509e+01,2.211132e+01,2.210443e+01,2.221457e+01,2.207688e+01,2.206310e+01,2.223520e+01,2.204243e+01,2.212509e+01,2.198039e+01,2.208377e+01,2.193901e+01,2.202176e+01,2.195970e+01,2.187000e+01,2.193211e+01,2.187000e+01,2.180786e+01,2.177332e+01,2.175258e+01,2.135096e+01,2.096167e+01,2.086412e+01,2.078042e+01,2.087109e+01,2.070364e+01,2.078042e+01,2.084320e+01,2.071761e+01,2.064776e+01,2.074553e+01,2.076647e+01,2.072459e+01,2.059884e+01,2.079438e+01,2.076647e+01,2.068967e+01,2.079438e+01,2.078740e+01,2.075251e+01,2.075251e+01,2.072459e+01,2.076647e+01,2.074553e+01,2.079438e+01,2.073157e+01,2.053592e+01,2.069666e+01,2.051493e+01,2.058486e+01,2.074553e+01,2.054990e+01,2.077344e+01,2.103130e+01,2.136484e+01,2.179404e+01,2.215263e+01,2.269502e+01,2.298221e+01,2.357458e+01,2.392027e+01,2.444674e+01,2.523151e+01,2.564500e+01,2.607676e+01,2.654637e+01,2.705334e+01,2.723709e+01,2.738779e+01,2.769510e+01,2.785168e+01,2.819016e+01,2.839792e+01,2.856644e+01,2.870882e+01,2.898658e+01,2.912198e+01,2.917995e+01,2.928937e+01,2.908976e+01,2.866354e+01,2.794291e+01,2.671782e+01,2.497727e+01,2.375774e+01,2.276347e+01,2.222833e+01,2.183548e+01,2.180786e+01,2.147577e+01,2.151734e+01,2.144805e+01,2.142725e+01,2.139258e+01,2.148963e+01,2.144112e+01,2.144112e+01,2.135096e+01,2.132320e+01,2.128850e+01,2.108696e+01,2.121210e+01,2.128156e+01,2.115650e+01,2.112174e+01,2.112174e+01,2.112869e+01,2.103130e+01,2.118431e+01,2.106609e+01,2.112174e+01,2.113565e+01,2.104522e+01,2.121905e+01,2.110088e+01,2.109392e+01,2.103826e+01,2.098256e+01,2.106609e+01,2.097560e+01,2.097560e+01,2.093381e+01,2.097560e+01,2.099649e+01,2.101042e+01,2.102434e+01,2.099649e+01,2.103130e+01,2.095471e+01,2.103130e+01,2.103130e+01,2.106609e+01,2.105218e+01,2.098256e+01,2.106609e+01,2.104522e+01,2.110088e+01,2.112174e+01,2.112869e+01,2.123989e+01,2.112869e+01,2.116345e+01,2.110783e+01,2.114260e+01,2.114955e+01,2.112174e+01,2.112869e+01,2.110783e+01,2.103130e+01,2.112174e+01,2.104522e+01,2.101042e+01,2.108696e+01,2.108696e+01,2.109392e+01,2.110088e+01,2.107305e+01,2.108696e+01,2.104522e+01,2.101042e+01,2.096864e+01,2.080135e+01,2.084320e+01,2.075251e+01,2.071761e+01,2.075949e+01,2.078042e+01,2.069666e+01,2.070364e+01,2.073855e+01,2.072459e+01,2.068269e+01,2.064776e+01,2.078740e+01,2.070364e+01,2.068269e+01,2.075251e+01,2.071062e+01,2.070364e+01,2.071062e+01,2.073157e+01,2.082228e+01,2.073157e+01,2.073855e+01,2.068967e+01,2.079438e+01,2.071062e+01,2.071761e+01,2.077344e+01,2.073157e+01,2.068967e+01,2.077344e+01,2.080135e+01,2.075251e+01,2.072459e+01,2.064776e+01,2.072459e+01,2.080833e+01,2.071062e+01,2.066872e+01,2.068269e+01,2.079438e+01,2.068269e+01,2.068967e+01,2.067570e+01,2.068269e+01,2.058486e+01,2.070364e+01,2.067570e+01,2.068967e+01,2.080135e+01,2.069666e+01,2.082228e+01,2.073855e+01,2.071761e+01,2.077344e+01,2.075251e+01,2.082228e+01,2.085017e+01,2.080833e+01,2.075251e+01,2.071062e+01,2.076647e+01,2.076647e+01,2.081530e+01,2.089897e+01,2.071062e+01,2.068967e+01,2.081530e+01,2.071761e+01,2.081530e+01,2.080135e+01,2.086412e+01,2.085715e+01,2.085715e+01,2.086412e+01,2.079438e+01,2.078042e+01,2.080833e+01,2.080135e+01,2.087806e+01,2.090594e+01,2.085715e+01,2.091987e+01,2.090594e+01,2.094077e+01,2.098953e+01,2.099649e+01,2.100345e+01,2.101738e+01,2.104522e+01,2.103130e+01,2.107305e+01,2.117041e+01,2.118431e+01,2.123294e+01,2.125378e+01,2.140645e+01,2.127461e+01,2.135790e+01,2.137871e+01,2.137871e+01,2.133708e+01,2.130932e+01,2.132320e+01,2.128156e+01,2.132320e+01,2.125378e+01,2.130932e+01,2.131626e+01,2.132320e+01,2.135790e+01,2.143419e+01,2.140645e+01,2.145498e+01,2.137177e+01,2.129544e+01,2.136484e+01,2.129544e+01,2.131626e+01,2.135096e+01,2.136484e+01,2.127461e+01,2.123294e+01,2.123989e+01,2.121210e+01,2.128850e+01,2.131626e+01,2.122600e+01,2.121210e+01,2.122600e+01,2.121210e+01,2.121905e+01,2.119126e+01,2.122600e+01,2.123294e+01,2.125378e+01,2.121210e+01,2.113565e+01,2.112869e+01,2.111479e+01,2.110783e+01,2.104522e+01,2.110783e+01,2.105218e+01,2.105914e+01,2.113565e+01,2.099649e+01,2.103130e+01,2.094774e+01,2.112869e+01,2.100345e+01,2.108001e+01,2.101042e+01,2.116345e+01,2.108696e+01,2.114955e+01,2.112869e+01,2.112174e+01,2.105914e+01,2.108696e+01,2.108001e+01,2.110783e+01,2.117041e+01,2.115650e+01,2.136484e+01,2.137871e+01,2.131626e+01,2.121905e+01,2.132320e+01,2.115650e+01,2.117041e+01,2.121210e+01,2.135790e+01,2.128156e+01,2.140645e+01,2.153119e+01,2.178022e+01,2.193901e+01,2.211821e+01,2.236581e+01,2.240015e+01,2.255798e+01,2.283188e+01,2.284555e+01,2.289341e+01,2.293440e+01,2.288657e+01,2.292757e+01,2.309141e+01,2.287290e+01,2.291391e+01,2.290024e+01,2.285923e+01,2.257854e+01,2.257854e+01,2.247566e+01,2.247566e+01,2.244821e+01,2.242075e+01,2.220081e+01,2.226959e+01,2.223520e+01,2.215952e+01,2.229709e+01,2.250997e+01,2.267447e+01,2.290024e+01,2.317323e+01,2.360174e+01,2.385258e+01,2.390673e+01,2.424457e+01,2.404200e+01,2.391350e+01,2.371028e+01,2.348629e+01,2.332988e+01,2.295490e+01,2.284555e+01,2.266763e+01,2.261967e+01,2.228334e+01,2.223520e+01,2.205621e+01,2.205621e+01,2.201486e+01,2.202865e+01,2.181476e+01,2.183548e+01,2.182167e+01,2.166270e+01,2.182167e+01,2.160043e+01,2.160735e+01,2.163503e+01,2.154505e+01,2.149656e+01,2.165579e+01,2.150349e+01,2.158659e+01,2.154505e+01,2.144805e+01,2.149656e+01,2.148963e+01,2.153812e+01,2.146884e+01,2.145498e+01,2.157967e+01,2.151734e+01,2.154505e+01,2.151042e+01,2.146884e+01,2.142032e+01,2.144805e+01,2.151734e+01,2.150349e+01,2.155890e+01,2.151734e+01,2.142725e+01,2.162119e+01,2.148270e+01,2.158659e+01,2.159351e+01,2.182167e+01,2.171802e+01,2.178022e+01,2.175258e+01,2.187000e+01,2.202176e+01,2.203554e+01,2.201486e+01,2.208377e+01,2.210443e+01,2.204932e+01,2.215952e+01,2.209066e+01,2.215952e+01,2.213886e+01,2.208377e+01,2.213886e+01,2.214575e+01,2.207688e+01,2.207688e+01,2.217328e+01,2.212509e+01,2.215952e+01,2.220769e+01,2.220769e+01,2.222833e+01,2.221457e+01,2.214575e+01,2.215952e+01,2.213886e+01,2.226271e+01,2.227647e+01,2.225584e+01,2.230396e+01,2.224896e+01,2.229709e+01,2.215263e+01,2.226271e+01,2.215263e+01,2.225584e+01,2.229022e+01,2.229709e+01,2.231084e+01,2.232458e+01,2.232458e+01,2.229709e+01,2.236581e+01,2.238642e+01,2.229709e+01,2.238642e+01,2.239328e+01,2.235207e+01,2.228334e+01,2.242075e+01,2.241389e+01,2.243448e+01,2.244135e+01,2.241389e+01,2.235207e+01,2.238642e+01,2.238642e+01,2.247566e+01,2.243448e+01,2.240015e+01,2.233833e+01,2.236581e+01,2.240015e+01,2.253741e+01,2.254426e+01,2.242762e+01,2.257169e+01,2.246194e+01,2.249625e+01,2.234520e+01,2.248939e+01,2.249625e+01,2.234520e+01,2.231084e+01,2.244135e+01,2.240015e+01,2.238642e+01,2.235207e+01,2.235894e+01,2.248252e+01,2.237955e+01
2.177332e+01,2.182858e+01,2.175949e+01,2.178713e+01,2.176641e+01,2.178022e+01,2.189071e+01,2.179404e+01,2.173876e+01,2.175258e+01,2.187000e+01,2.183548e+01,2.202176e+01,2.181476e+01,2.193901e+01,2.183548e+01,2.204932e+01,2.220769e+01,2.200107e+01,2.200107e+01,2.212509e+01,2.202865e+01,2.204243e+01,2.211132e+01,2.217328e+01,2.216640e+01,2.215952e+01,2.211821e+01,2.212509e+01,2.204932e+01,2.206999e+01,2.218016e+01,2.207688e+01,2.214575e+01,2.204932e+01,2.200797e+01,2.212509e+01,2.197349e+01,2.197349e+01,2.195280e+01,2.194591e+01,2.194591e+01,2.200107e+01,2.203554e+01,2.189761e+01,2.201486e+01,2.193901e+01,2.206999e+01,2.189761e+01,2.203554e+01,2.199418e+01,2.208377e+01,2.197349e+01,2.199418e+01,2.209755e+01,2.199418e+01,2.211132e+01,2.203554e+01,2.218016e+01,2.203554e+01,2.206999e+01,2.230396e+01,2.242075e+01,2.226959e+01,2.218016e+01,2.218705e+01,2.222833e+01,2.226271e+01,2.224208e+01,2.220081e+01,2.222145e+01,2.218705e+01,2.221457e+01,2.218016e+01,2.220769e+01,2.227647e+01,2.222145e+01,2.232458e+01,2.223520e+01,2.236581e+01,2.235894e+01,2.222145e+01,2.229709e+01,2.221457e+01,2.245507e+01,2.226271e+01,2.233146e+01,2.241389e+01,2.231771e+01,2.228334e+01,2.230396e+01,2.243448e+01,2.246194e+01,2.230396e+01,2.234520e+01,2.235207e+01,2.237955e+01,2.233833e+01,2.224896e+01,2.226959e+01,2.229022e+01,2.226271e+01,2.231771e+01,2.224208e+01,2.222833e+01,2.200107e+01,2.210443e+01,2.175258e+01,2.215263e+01,2.191831e+01,2.195970e+01,2.206999e+01,2.197349e+01,2.214575e+01,2.215952e+01,2.214575e+01,2.228334e+01,2.226959e+01,2.227647e+01,2.226271e+01,2.225584e+01,2.226271e+01,2.219393e+01,2.217328e+01,2.231771e+01,2.226271e+01,2.228334e+01,2.232458e+01,2.213198e+01,2.226959e+01,2.224896e+01,2.220769e+01,2.211132e+01,2.220769e+01,2.218705e+01,2.213886e+01,2.209066e+01,2.224208e+01,2.202176e+01,2.206310e+01,2.202865e+01,2.205621e+01,2.199418e+01,2.196660e+01,2.191831e+01,2.193901e+01,2.191831e+01,2.193211e+01,2.192521e+01,2.178022e+01,2.166962e+01,2.138565e+01,2.095471e+01,2.091987e+01,2.085017e+01,2.070364e+01,2.073855e+01,2.080135e+01,2.087109e+01,2.068967e+01,2.072459e+01,2.075949e+01,2.067570e+01,2.074553e+01,2.065475e+01,2.065475e+01,2.075251e+01,2.077344e+01,2.078042e+01,2.075251e+01,2.072459e+01,2.075251e+01,2.075949e+01,2.073157e+01,2.075251e+01,2.075251e+01,2.088503e+01,2.072459e+01,2.074553e+01,2.050094e+01,2.076647e+01,2.059884e+01,2.084320e+01,2.104522e+01,2.137177e+01,2.180095e+01,2.218016e+01,2.243448e+01,2.285923e+01,2.342511e+01,2.371706e+01,2.427829e+01,2.472913e+01,2.532502e+01,2.577139e+01,2.606350e+01,2.670465e+01,2.695477e+01,2.727642e+01,2.762325e+01,2.779299e+01,2.800803e+01,2.812514e+01,2.832006e+01,2.862471e+01,2.868295e+01,2.904463e+01,2.910264e+01,2.905753e+01,2.908976e+01,2.891560e+01,2.817716e+01,2.723709e+01,2.575809e+01,2.450059e+01,2.318005e+01,2.238642e+01,2.201486e+01,2.166270e+01,2.157274e+01,2.143419e+01,2.148963e+01,2.139258e+01,2.146191e+01,2.141339e+01,2.139952e+01,2.142032e+01,2.147577e+01,2.153812e+01,2.137871e+01,2.137177e+01,2.128850e+01,2.127461e+01,2.123989e+01,2.113565e+01,2.132320e+01,2.120515e+01,2.110088e+01,2.109392e+01,2.111479e+01,2.103130e+01,2.115650e+01,2.117041e+01,2.107305e+01,2.118431e+01,2.119126e+01,2.105218e+01,2.100345e+01,2.103826e+01,2.107305e+01,2.105914e+01,2.105914e+01,2.101042e+01,2.099649e+01,2.101042e+01,2.098953e+01,2.090594e+01,2.100345e+01,2.098256e+01,2.104522e+01,2.101042e+01,2.105914e+01,2.101738e+01,2.109392e+01,2.098953e+01,2.098256e+01,2.101042e+01,2.105914e+01,2.098953e+01,2.099649e+01,2.134402e+01,2.113565e+01,2.114955e+01,2.111479e+01,2.110783e+01,2.110783e+01,2.117041e+01,2.111479e+01,2.114260e+01,2.117736e+01,2.108001e+01,2.097560e+01,2.105914e+01,2.095471e+01,2.108001e+01,2.101738e+01,2.108001e+01,2.099649e+01,2.101738e+01,2.099649e+01,2.103826e+01,2.097560e+01,2.091291e+01,2.080135e+01,2.081530e+01,2.077344e+01,2.078740e+01,2.069666e+01,2.070364e+01,2.076647e+01,2.071062e+01,2.072459e+01,2.070364e+01,2.073157e+01,2.071062e+01,2.060583e+01,2.071761e+01,2.063379e+01,2.070364e+01,2.073855e+01,2.064776e+01,2.076647e+01,2.070364e+01,2.068967e+01,2.073855e+01,2.073157e+01,2.080135e+01,2.075949e+01,2.080833e+01,2.077344e+01,2.076647e+01,2.077344e+01,2.073157e+01,2.074553e+01,2.063379e+01,2.066174e+01,2.062680e+01,2.071062e+01,2.077344e+01,2.071062e+01,2.076647e+01,2.067570e+01,2.067570e+01,2.075949e+01,2.076647e+01,2.074553e+01,2.070364e+01,2.071761e+01,2.071761e+01,2.065475e+01,2.077344e+01,2.065475e+01,2.077344e+01,2.079438e+01,2.077344e+01,2.073855e+01,2.076647e+01,2.073157e+01,2.077344e+01,2.075949e+01,2.078740e+01,2.080135e+01,2.069666e+01,2.069666e+01,2.081530e+01,2.089200e+01,2.085017e+01,2.085715e+01,2.071761e+01,2.085017e+01,2.073855e+01,2.078740e+01,2.106609e+01,2.082228e+01,2.077344e+01,2.083623e+01,2.087109e+01,2.087109e+01,2.082228e+01,2.085715e+01,2.077344e+01,2.087806e+01,2.087109e+01,2.091291e+01,2.100345e+01,2.091987e+01,2.092684e+01,2.095471e+01,2.107305e+01,2.100345e+01,2.103130e+01,2.107305e+01,2.114955e+01,2.108001e+01,2.120515e+01,2.113565e+01,2.123294e+01,2.118431e+01,2.119820e+01,2.135096e+01,2.133708e+01,2.138565e+01,2.136484e+01,2.135096e+01,2.133014e+01,2.131626e+01,2.128156e+01,2.125378e+01,2.133708e+01,2.139258e+01,2.127461e+01,2.131626e+01,2.129544e+01,2.133708e+01,2.138565e+01,2.144805e+01,2.142725e+01,2.141339e+01,2.148270e+01,2.142032e+01,2.135096e+01,2.126767e+01,2.119820e+01,2.136484e+01,2.128156e+01,2.133014e+01,2.133708e+01,2.120515e+01,2.128850e+01,2.118431e+01,2.121905e+01,2.125378e+01,2.122600e+01,2.119126e+01,2.118431e+01,2.121210e+01,2.124683e+01,2.117736e+01,2.125378e+01,2.113565e+01,2.112174e+01,2.113565e+01,2.111479e+01,2.109392e+01,2.110088e+01,2.110088e+01,2.102434e+01,2.109392e+01,2.100345e+01,2.111479e+01,2.103826e+01,2.108696e+01,2.100345e+01,2.105914e+01,2.114260e+01,2.117041e+01,2.112869e+01,2.114955e+01,2.106609e+01,2.117041e+01,2.117041e+01,2.114955e+01,2.104522e+01,2.114260e+01,2.119820e+01,2.121905e+01,2.136484e+01,2.137871e+01,2.121210e+01,2.115650e+01,2.133014e+01,2.126072e+01,2.119126e+01,2.127461e+01,2.128850e+01,2.131626e+01,2.153119e+01,2.169037e+01,2.178713e+01,2.197349e+01,2.205621e+01,2.237268e+01,2.242075e+01,2.255798e+01,2.259225e+01,2.253055e+01,2.276347e+01,2.285923e+01,2.283188e+01,2.285239e+01,2.271556e+01,2.267447e+01,2.261967e+01,2.265392e+01,2.268132e+01,2.246880e+01,2.257169e+01,2.241389e+01,2.242075e+01,2.235207e+01,2.237955e+01,2.230396e+01,2.222833e+01,2.212509e+01,2.213886e+01,2.224208e+01,2.249625e+01,2.262652e+01,2.299587e+01,2.331627e+01,2.339111e+01,2.378484e+01,2.402848e+01,2.435244e+01,2.433222e+01,2.394733e+01,2.387966e+01,2.349988e+01,2.327542e+01,2.309823e+01,2.289341e+01,2.274978e+01,2.257854e+01,2.257854e+01,2.223520e+01,2.212509e+01,2.200797e+01,2.201486e+01,2.201486e+01,2.178022e+01,2.183548e+01,2.184239e+01,2.175258e+01,2.171111e+01,2.170420e+01,2.160043e+01,2.162811e+01,2.158659e+01,2.160735e+01,2.150349e+01,2.157967e+01,2.154505e+01,2.153812e+01,2.151042e+01,2.148963e+01,2.152427e+01,2.150349e+01,2.149656e+01,2.143419e+01,2.142725e+01,2.146884e+01,2.151734e+01,2.148270e+01,2.152427e+01,2.142725e+01,2.150349e+01,2.146884e+01,2.168345e+01,2.162811e+01,2.155197e+01,2.154505e+01,2.155197e+01,2.162811e+01,2.155890e+01,2.160043e+01,2.179404e+01,2.182167e+01,2.175949e+01,2.178022e+01,2.184929e+01,2.204932e+01,2.187691e+01,2.205621e+01,2.191141e+01,2.198729e+01,2.210443e+01,2.215263e+01,2.209755e+01,2.215952e+01,2.214575e+01,2.213886e+01,2.213198e+01,2.222833e+01,2.222833e+01,2.220081e+01,2.211132e+01,2.224208e+01,2.216640e+01,2.218016e+01,2.222833e+01,2.221457e+01,2.221457e+01,2.218705e+01,2.218705e+01,2.228334e+01,2.225584e+01,2.240702e+01,2.218705e+01,2.210443e+01,2.217328e+01,2.216640e+01,2.225584e+01,2.229709e+01,2.225584e+01,2.223520e+01,2.225584e+01,2.233833e+01,2.230396e+01,2.232458e+01,2.231771e+01,2.231771e+01,2.224896e+01,2.232458e+01,2.226959e+01,2.242075e+01,2.231084e+01,2.246194e+01,2.243448e+01,2.232458e+01,2.255798e+01,2.244135e+01,2.237955e+01,2.244135e+01,2.246194e+01,2.241389e+01,2.240015e+01,2.236581e+01,2.239328e+01,2.237955e+01,2.236581e+01,2.259225e+01,2.256483e+01,2.238642e+01,2.240015e+01,2.248252e+01,2.240702e+01,2.248252e+01,2.229709e+01,2.248252e+01,2.250997e+01,2.253741e+01,2.240702e+01,2.241389e+01,2.232458e+01,2.248252e+01,2.244821e+01,2.234520e+01,2.244135e+01,2.233146e+01,2.231771e+01
2.181476e+01,2.181476e+01,2.173876e+01,2.184239e+01,2.195970e+01,2.185620e+01,2.184929e+01,2.191141e+01,2.190451e+01,2.191141e+01,2.211132e+01,2.191141e+01,2.200107e+01,2.199418e+01,2.185620e+01,2.189761e+01,2.204932e+01,2.206999e+01,2.193901e+01,2.202865e+01,2.200107e+01,2.215952e+01,2.215952e+01,2.209755e+01,2.204932e+01,2.200797e+01,2.202865e+01,2.205621e+01,2.214575e+01,2.202865e+01,2.210443e+01,2.221457e+01,2.210443e+01,2.211132e+01,2.219393e+01,2.202176e+01,2.200107e+01,2.209066e+01,2.205621e+01,2.176641e+01,2.199418e+01,2.200107e+01,2.198039e+01,2.202865e+01,2.191141e+01,2.191141e+01,2.200797e+01,2.204932e+01,2.200797e+01,2.203554e+01,2.204243e+01,2.191831e+01,2.212509e+01,2.198729e+01,2.197349e+01,2.219393e+01,2.215263e+01,2.216640e+01,2.210443e+01,2.212509e+01,2.211821e+01,2.210443e+01,2.217328e+01,2.217328e+01,2.210443e+01,2.220769e+01,2.218705e+01,2.220081e+01,2.222145e+01,2.214575e+01,2.218705e+01,2.226959e+01,2.230396e+01,2.233146e+01,2.221457e+01,2.226271e+01,2.222145e+01,2.231084e+01,2.223520e+01,2.231771e+01,2.231771e+01,2.229709e+01,2.240015e+01,2.221457e+01,2.233833e+01,2.240702e+01,2.226271e+01,2.233146e+01,2.237955e+01,2.216640e+01,2.233146e+01,2.233833e+01,2.235894e+01,2.235894e+01,2.235894e+01,2.233833e+01,2.211132e+01,2.231771e+01,2.234520e+01,2.232458e+01,2.230396e+01,2.209066e+01,2.236581e+01,2.221457e+01,2.219393e+01,2.215952e+01,2.215952e+01,2.219393e+01,2.217328e+01,2.213198e+01,2.222145e+01,2.225584e+01,2.226959e+01,2.227647e+01,2.232458e+01,2.231084e+01,2.237268e+01,2.230396e+01,2.224896e+01,2.234520e+01,2.223520e+01,2.221457e+01,2.223520e+01,2.218016e+01,2.221457e+01,2.221457e+01,2.229709e+01,2.226959e+01,2.229022e+01,2.226271e+01,2.221457e+01,2.227647e+01,2.225584e+01,2.213198e+01,2.204243e+01,2.213198e+01,2.217328e+01,2.220081e+01,2.212509e+01,2.191141e+01,2.211821e+01,2.204932e+01,2.194591e+01,2.202176e+01,2.194591e+01,2.204932e+01,2.195280e+01,2.193211e+01,2.192521e+01,2.168345e+01,2.164887e+01,2.140645e+01,2.094077e+01,2.069666e+01,2.080135e+01,2.076647e+01,2.080833e+01,2.079438e+01,2.071062e+01,2.075251e+01,2.078740e+01,2.061981e+01,2.070364e+01,2.080135e+01,2.078740e+01,2.073855e+01,2.071761e+01,2.068967e+01,2.068967e+01,2.076647e+01,2.069666e+01,2.078042e+01,2.073157e+01,2.076647e+01,2.073855e+01,2.087806e+01,2.082228e+01,2.081530e+01,2.087806e+01,2.090594e+01,2.107305e+01,2.105914e+01,2.141339e+01,2.157967e+01,2.182858e+01,2.217328e+01,2.243448e+01,2.260596e+01,2.298221e+01,2.347949e+01,2.386612e+01,2.430526e+01,2.476941e+01,2.517803e+01,2.581127e+01,2.630852e+01,2.669147e+01,2.701392e+01,2.725676e+01,2.743362e+01,2.777994e+01,2.789730e+01,2.809913e+01,2.842386e+01,2.851462e+01,2.874116e+01,2.896078e+01,2.904463e+01,2.896723e+01,2.895432e+01,2.843683e+01,2.795594e+01,2.653977e+01,2.499067e+01,2.377807e+01,2.278400e+01,2.223520e+01,2.186310e+01,2.171111e+01,2.162811e+01,2.146884e+01,2.139952e+01,2.145498e+01,2.137871e+01,2.139258e+01,2.156582e+01,2.149656e+01,2.152427e+01,2.148270e+01,2.130238e+01,2.145498e+01,2.131626e+01,2.132320e+01,2.129544e+01,2.126072e+01,2.121210e+01,2.127461e+01,2.119820e+01,2.110783e+01,2.112174e+01,2.117041e+01,2.107305e+01,2.122600e+01,2.106609e+01,2.105218e+01,2.114260e+01,2.108001e+01,2.103826e+01,2.102434e+01,2.107305e+01,2.106609e+01,2.104522e+01,2.099649e+01,2.108696e+01,2.093381e+01,2.094774e+01,2.102434e+01,2.101042e+01,2.098256e+01,2.105914e+01,2.105914e+01,2.101042e+01,2.105218e+01,2.103130e+01,2.096167e+01,2.111479e+01,2.103130e+01,2.096864e+01,2.108001e+01,2.114260e+01,2.102434e+01,2.106609e+01,2.102434e+01,2.103826e+01,2.112869e+01,2.098953e+01,2.089200e+01,2.117041e+01,2.113565e+01,2.094774e+01,2.106609e+01,2.101042e+01,2.104522e+01,2.105218e+01,2.106609e+01,2.107305e+01,2.101042e+01,2.095471e+01,2.110783e+01,2.097560e+01,2.097560e+01,2.082925e+01,2.089200e+01,2.080833e+01,2.079438e+01,2.067570e+01,2.068967e+01,2.070364e+01,2.082925e+01,2.073855e+01,2.073855e+01,2.068967e+01,2.071761e+01,2.071761e+01,2.062680e+01,2.066174e+01,2.078042e+01,2.068967e+01,2.083623e+01,2.078042e+01,2.067570e+01,2.063379e+01,2.077344e+01,2.073157e+01,2.074553e+01,2.075251e+01,2.079438e+01,2.077344e+01,2.080833e+01,2.077344e+01,2.073855e+01,2.072459e+01,2.077344e+01,2.071062e+01,2.079438e+01,2.074553e+01,2.060583e+01,2.068269e+01,2.073855e+01,2.076647e+01,2.068269e+01,2.080135e+01,2.083623e+01,2.071062e+01,2.078042e+01,2.057088e+01,2.075949e+01,2.078740e+01,2.071761e+01,2.070364e+01,2.073157e+01,2.073855e+01,2.073855e+01,2.077344e+01,2.069666e+01,2.073855e+01,2.061282e+01,2.073855e+01,2.082228e+01,2.082228e+01,2.072459e+01,2.078042e+01,2.075251e+01,2.078740e+01,2.068967e+01,2.080833e+01,2.070364e+01,2.075949e+01,2.073855e+01,2.075251e+01,2.073157e+01,2.076647e+01,2.080833e+01,2.082228e+01,2.082228e+01,2.081530e+01,2.082925e+01,2.080135e+01,2.083623e+01,2.076647e+01,2.084320e+01,2.077344e+01,2.089200e+01,2.086412e+01,2.084320e+01,2.082925e+01,2.095471e+01,2.094077e+01,2.106609e+01,2.100345e+01,2.101042e+01,2.105218e+01,2.101042e+01,2.111479e+01,2.104522e+01,2.119126e+01,2.120515e+01,2.117041e+01,2.130932e+01,2.132320e+01,2.137871e+01,2.133708e+01,2.130932e+01,2.142725e+01,2.133708e+01,2.132320e+01,2.124683e+01,2.123294e+01,2.135096e+01,2.130932e+01,2.128850e+01,2.128850e+01,2.135096e+01,2.141339e+01,2.132320e+01,2.138565e+01,2.123989e+01,2.139952e+01,2.133014e+01,2.144112e+01,2.135096e+01,2.127461e+01,2.123989e+01,2.133014e+01,2.126767e+01,2.133014e+01,2.126767e+01,2.130238e+01,2.130932e+01,2.130932e+01,2.130238e+01,2.121905e+01,2.123294e+01,2.103130e+01,2.117041e+01,2.118431e+01,2.117041e+01,2.114955e+01,2.105914e+01,2.122600e+01,2.108696e+01,2.113565e+01,2.112869e+01,2.098953e+01,2.112174e+01,2.103826e+01,2.114260e+01,2.102434e+01,2.101042e+01,2.099649e+01,2.101738e+01,2.098953e+01,2.105218e+01,2.113565e+01,2.114260e+01,2.101042e+01,2.101738e+01,2.109392e+01,2.111479e+01,2.110088e+01,2.113565e+01,2.105914e+01,2.119126e+01,2.115650e+01,2.123294e+01,2.136484e+01,2.119820e+01,2.135790e+01,2.124683e+01,2.112174e+01,2.137177e+01,2.112174e+01,2.112174e+01,2.115650e+01,2.126072e+01,2.131626e+01,2.140645e+01,2.166270e+01,2.169037e+01,2.194591e+01,2.200107e+01,2.220769e+01,2.233833e+01,2.242075e+01,2.259225e+01,2.258540e+01,2.257169e+01,2.265392e+01,2.279768e+01,2.270871e+01,2.257169e+01,2.268132e+01,2.246194e+01,2.266078e+01,2.239328e+01,2.241389e+01,2.220081e+01,2.217328e+01,2.217328e+01,2.220081e+01,2.213198e+01,2.209066e+01,2.215263e+01,2.222833e+01,2.209755e+01,2.226959e+01,2.250997e+01,2.267447e+01,2.292074e+01,2.317323e+01,2.362889e+01,2.383226e+01,2.406227e+01,2.425131e+01,2.417034e+01,2.417034e+01,2.404200e+01,2.349988e+01,2.349988e+01,2.312551e+01,2.284555e+01,2.285239e+01,2.268132e+01,2.266763e+01,2.224896e+01,2.224208e+01,2.205621e+01,2.195280e+01,2.178713e+01,2.186310e+01,2.171111e+01,2.182858e+01,2.179404e+01,2.180786e+01,2.166962e+01,2.171802e+01,2.166270e+01,2.163503e+01,2.157967e+01,2.158659e+01,2.152427e+01,2.138565e+01,2.149656e+01,2.152427e+01,2.152427e+01,2.153119e+01,2.149656e+01,2.154505e+01,2.148270e+01,2.148270e+01,2.146884e+01,2.121210e+01,2.146884e+01,2.151042e+01,2.151734e+01,2.153119e+01,2.140645e+01,2.155197e+01,2.155197e+01,2.145498e+01,2.160043e+01,2.147577e+01,2.160043e+01,2.160735e+01,2.138565e+01,2.162119e+01,2.162811e+01,2.180095e+01,2.180786e+01,2.178713e+01,2.184239e+01,2.193211e+01,2.213198e+01,2.198039e+01,2.197349e+01,2.218705e+01,2.200797e+01,2.218016e+01,2.209066e+01,2.218016e+01,2.213198e+01,2.215263e+01,2.218705e+01,2.218016e+01,2.210443e+01,2.214575e+01,2.213198e+01,2.208377e+01,2.216640e+01,2.220769e+01,2.211132e+01,2.223520e+01,2.213198e+01,2.217328e+01,2.222145e+01,2.224208e+01,2.224896e+01,2.213886e+01,2.226959e+01,2.220769e+01,2.214575e+01,2.211821e+01,2.226271e+01,2.222145e+01,2.221457e+01,2.222145e+01,2.231771e+01,2.224208e+01,2.229709e+01,2.229709e+01,2.224208e+01,2.227647e+01,2.229022e+01,2.229709e+01,2.240702e+01,2.246880e+01,2.247566e+01,2.246880e+01,2.234520e+01,2.234520e+01,2.237268e+01,2.241389e+01,2.242762e+01,2.240015e+01,2.240702e+01,2.245507e+01,2.240702e+01,2.241389e+01,2.245507e+01,2.245507e+01,2.255112e+01,2.235207e+01,2.251683e+01,2.256483e+01,2.255112e+01,2.231771e+01,2.242762e+01,2.250997e+01,2.241389e+01,2.254426e+01,2.236581e+01,2.231771e+01,2.230396e+01,2.231084e+01,2.229709e+01,2.235207e+01,2.238642e+01,2.233146e+01,2.246194e+01,2.229709e+01
2.178022e+01,2.182167e+01,2.186310e+01,2.172494e+01,2.195970e+01,2.169037e+01,2.179404e+01,2.187000e+01,2.193901e+01,2.189071e+01,2.183548e+01,2.195970e+01,2.202176e+01,2.206999e+01,2.204243e+01,2.203554e+01,2.207688e+01,2.204932e+01,2.208377e+01,2.204932e+01,2.212509e+01,2.205621e+01,2.193901e+01,2.221457e+01,2.204932e+01,2.203554e+01,2.219393e+01,2.212509e+01,2.211821e+01,2.202865e+01,2.211132e+01,2.204932e+01,2.206310e+01,2.208377e+01,2.198729e+01,2.199418e+01,2.214575e+01,2.195970e+01,2.204243e+01,2.198039e+01,2.189761e+01,2.198039e+01,2.195280e+01,2.191831e+01,2.193211e+01,2.202176e+01,2.193901e+01,2.197349e+01,2.185620e+01,2.208377e+01,2.196660e+01,2.201486e+01,2.209755e+01,2.204243e+01,2.198039e+01,2.214575e+01,2.220769e+01,2.205621e+01,2.215263e+01,2.213198e+01,2.211132e+01,2.207688e+01,2.207688e+01,2.214575e+01,2.210443e+01,2.221457e+01,2.213886e+01,2.220081e+01,2.222833e+01,2.226271e+01,2.226959e+01,2.228334e+01,2.232458e+01,2.226959e+01,2.221457e+01,2.221457e+01,2.227647e+01,2.221457e+01,2.224896e+01,2.229709e+01,2.217328e+01,2.226959e+01,2.226271e+01,2.240015e+01,2.227647e+01,2.238642e+01,2.235894e+01,2.236581e+01,2.230396e+01,2.226959e+01,2.235894e+01,2.236581e+01,2.234520e+01,2.235894e+01,2.231771e+01,2.240015e+01,2.231771e+01,2.226959e+01,2.231771e+01,2.231084e+01,2.229022e+01,2.232458e+01,2.227647e+01,2.228334e+01,2.222833e+01,2.232458e+01,2.222833e+01,2.238642e+01,2.224896e+01,2.223520e+01,2.231771e+01,2.222833e+01,2.222833e+01,2.232458e+01,2.220081e+01,2.230396e+01,2.222145e+01,2.229022e+01,2.228334e+01,2.226271e+01,2.230396e+01,2.222833e+01,2.220081e+01,2.237955e+01,2.216640e+01,2.218016e+01,2.223520e+01,2.221457e+01,2.233146e+01,2.222833e+01,2.225584e+01,2.215263e+01,2.224896e+01,2.221457e+01,2.200107e+01,2.217328e+01,2.222833e+01,2.215263e+01,2.221457e+01,2.219393e+01,2.211821e+01,2.210443e+01,2.212509e+01,2.189761e+01,2.190451e+01,2.191141e+01,2.191141e+01,2.198729e+01,2.189071e+01,2.188381e+01,2.159351e+01,2.142032e+01,2.108696e+01,2.088503e+01,2.077344e+01,2.071761e+01,2.079438e+01,2.075251e+01,2.068269e+01,2.066872e+01,2.066174e+01,2.073855e+01,2.064078e+01,2.076647e+01,2.066174e+01,2.062680e+01,2.063379e+01,2.059185e+01,2.075251e+01,2.069666e+01,2.062680e+01,2.070364e+01,2.080135e+01,2.074553e+01,2.077344e+01,2.080135e+01,2.086412e+01,2.105914e+01,2.103826e+01,2.117041e+01,2.139952e+01,2.155197e+01,2.170420e+01,2.191831e+01,2.198729e+01,2.220081e+01,2.255112e+01,2.266078e+01,2.319368e+01,2.352026e+01,2.358138e+01,2.435244e+01,2.480967e+01,2.538509e+01,2.585778e+01,2.632175e+01,2.672441e+01,2.692846e+01,2.734850e+01,2.757751e+01,2.761672e+01,2.797548e+01,2.811864e+01,2.841089e+01,2.849517e+01,2.869589e+01,2.870236e+01,2.898013e+01,2.885102e+01,2.870882e+01,2.800803e+01,2.724364e+01,2.595073e+01,2.424457e+01,2.333668e+01,2.244135e+01,2.204932e+01,2.173876e+01,2.146884e+01,2.148963e+01,2.144805e+01,2.135790e+01,2.145498e+01,2.144112e+01,2.146884e+01,2.151734e+01,2.157274e+01,2.151042e+01,2.139952e+01,2.136484e+01,2.135790e+01,2.137871e+01,2.121210e+01,2.131626e+01,2.129544e+01,2.111479e+01,2.128156e+01,2.116345e+01,2.109392e+01,2.118431e+01,2.112869e+01,2.115650e+01,2.106609e+01,2.110783e+01,2.113565e+01,2.117041e+01,2.114260e+01,2.107305e+01,2.111479e+01,2.106609e+01,2.108001e+01,2.099649e+01,2.106609e+01,2.096864e+01,2.089200e+01,2.103826e+01,2.087806e+01,2.097560e+01,2.103130e+01,2.104522e+01,2.103130e+01,2.109392e+01,2.116345e+01,2.105218e+01,2.095471e+01,2.100345e+01,2.114955e+01,2.105914e+01,2.101738e+01,2.095471e+01,2.110783e+01,2.099649e+01,2.099649e+01,2.109392e+01,2.103130e+01,2.114955e+01,2.092684e+01,2.093381e+01,2.103826e+01,2.091291e+01,2.100345e+01,2.102434e+01,2.109392e+01,2.085715e+01,2.105218e+01,2.098256e+01,2.097560e+01,2.095471e+01,2.096167e+01,2.095471e+01,2.084320e+01,2.087806e+01,2.087806e+01,2.071761e+01,2.068269e+01,2.072459e+01,2.084320e+01,2.084320e+01,2.071761e+01,2.072459e+01,2.070364e+01,2.073855e+01,2.069666e+01,2.072459e+01,2.061981e+01,2.062680e+01,2.076647e+01,2.074553e+01,2.078042e+01,2.082925e+01,2.066872e+01,2.074553e+01,2.070364e+01,2.061981e+01,2.077344e+01,2.078042e+01,2.075949e+01,2.071761e+01,2.079438e+01,2.075251e+01,2.074553e+01,2.075251e+01,2.067570e+01,2.073157e+01,2.070364e+01,2.083623e+01,2.062680e+01,2.078042e+01,2.073157e+01,2.073157e+01,2.073855e+01,2.073855e+01,2.062680e+01,2.069666e+01,2.074553e+01,2.074553e+01,2.074553e+01,2.075949e+01,2.075949e+01,2.071062e+01,2.071062e+01,2.071761e+01,2.077344e+01,2.074553e+01,2.073157e+01,2.077344e+01,2.075949e+01,2.070364e+01,2.075251e+01,2.074553e+01,2.076647e+01,2.078042e+01,2.079438e+01,2.072459e+01,2.079438e+01,2.072459e+01,2.068269e+01,2.078042e+01,2.069666e+01,2.074553e+01,2.069666e+01,2.068967e+01,2.075251e+01,2.082228e+01,2.078042e+01,2.079438e+01,2.082228e+01,2.079438e+01,2.082925e+01,2.078740e+01,2.082925e+01,2.087109e+01,2.075949e+01,2.084320e+01,2.091987e+01,2.089200e+01,2.093381e+01,2.090594e+01,2.099649e+01,2.101042e+01,2.094774e+01,2.096864e+01,2.101738e+01,2.103130e+01,2.105218e+01,2.111479e+01,2.113565e+01,2.110783e+01,2.116345e+01,2.137177e+01,2.130932e+01,2.134402e+01,2.131626e+01,2.133708e+01,2.133014e+01,2.134402e+01,2.135096e+01,2.126072e+01,2.128850e+01,2.131626e+01,2.131626e+01,2.129544e+01,2.131626e+01,2.128156e+01,2.128850e+01,2.133014e+01,2.133708e+01,2.133014e+01,2.135790e+01,2.145498e+01,2.125378e+01,2.124683e+01,2.126072e+01,2.135096e+01,2.128850e+01,2.129544e+01,2.123294e+01,2.119820e+01,2.131626e+01,2.117736e+01,2.130238e+01,2.120515e+01,2.117041e+01,2.115650e+01,2.104522e+01,2.108696e+01,2.111479e+01,2.109392e+01,2.110088e+01,2.113565e+01,2.109392e+01,2.101042e+01,2.110783e+01,2.114260e+01,2.104522e+01,2.102434e+01,2.090594e+01,2.094774e+01,2.103130e+01,2.108696e+01,2.105218e+01,2.104522e+01,2.103826e+01,2.114260e+01,2.101738e+01,2.108696e+01,2.104522e+01,2.102434e+01,2.112869e+01,2.108001e+01,2.116345e+01,2.116345e+01,2.114260e+01,2.111479e+01,2.118431e+01,2.135790e+01,2.126767e+01,2.137871e+01,2.122600e+01,2.130932e+01,2.119126e+01,2.113565e+01,2.121905e+01,2.122600e+01,2.128156e+01,2.152427e+01,2.168345e+01,2.159351e+01,2.178022e+01,2.193211e+01,2.197349e+01,2.217328e+01,2.218016e+01,2.234520e+01,2.237268e+01,2.246880e+01,2.244821e+01,2.247566e+01,2.250311e+01,2.242075e+01,2.251683e+01,2.233146e+01,2.240015e+01,2.248252e+01,2.225584e+01,2.209755e+01,2.222145e+01,2.211132e+01,2.207688e+01,2.197349e+01,2.211132e+01,2.209755e+01,2.196660e+01,2.226271e+01,2.204932e+01,2.226959e+01,2.252369e+01,2.294807e+01,2.311187e+01,2.347269e+01,2.377129e+01,2.395410e+01,2.423107e+01,2.439287e+01,2.441981e+01,2.419059e+01,2.410956e+01,2.368316e+01,2.343191e+01,2.309823e+01,2.307777e+01,2.287290e+01,2.265392e+01,2.256483e+01,2.222145e+01,2.222145e+01,2.195280e+01,2.202176e+01,2.204243e+01,2.188381e+01,2.182858e+01,2.180786e+01,2.180095e+01,2.171802e+01,2.171802e+01,2.166962e+01,2.162811e+01,2.155890e+01,2.153119e+01,2.155890e+01,2.153812e+01,2.147577e+01,2.151734e+01,2.153119e+01,2.148270e+01,2.142725e+01,2.149656e+01,2.150349e+01,2.149656e+01,2.146884e+01,2.143419e+01,2.155197e+01,2.148270e+01,2.154505e+01,2.146884e+01,2.155890e+01,2.153812e+01,2.156582e+01,2.155890e+01,2.151042e+01,2.163503e+01,2.154505e+01,2.147577e+01,2.165579e+01,2.162811e+01,2.160043e+01,2.166270e+01,2.178022e+01,2.180786e+01,2.182167e+01,2.184239e+01,2.184929e+01,2.203554e+01,2.201486e+01,2.209066e+01,2.209755e+01,2.202176e+01,2.216640e+01,2.203554e+01,2.207688e+01,2.208377e+01,2.213886e+01,2.209066e+01,2.218705e+01,2.223520e+01,2.211132e+01,2.211821e+01,2.210443e+01,2.220081e+01,2.209755e+01,2.211132e+01,2.213198e+01,2.222145e+01,2.221457e+01,2.222833e+01,2.218016e+01,2.221457e+01,2.215263e+01,2.215952e+01,2.216640e+01,2.215263e+01,2.224896e+01,2.215952e+01,2.221457e+01,2.224208e+01,2.212509e+01,2.220769e+01,2.224896e+01,2.224208e+01,2.222833e+01,2.215952e+01,2.217328e+01,2.226271e+01,2.230396e+01,2.226959e+01,2.229022e+01,2.231771e+01,2.233146e+01,2.245507e+01,2.245507e+01,2.241389e+01,2.239328e+01,2.228334e+01,2.242762e+01,2.221457e+01,2.243448e+01,2.233833e+01,2.248252e+01,2.247566e+01,2.245507e+01,2.236581e+01,2.261282e+01,2.237268e+01,2.233833e+01,2.242075e+01,2.244135e+01,2.253741e+01,2.232458e+01,2.247566e+01,2.246194e+01,2.229022e+01,2.235207e+01,2.242762e+01,2.240702e+01,2.243448e+01,2.237955e+01,2.247566e+01,2.245507e+01,2.244135e+01,2.231771e+01
2.193901e+01,2.189761e+01,2.182858e+01,2.185620e+01,2.182167e+01,2.191141e+01,2.187000e+01,2.193901e+01,2.193901e+01,2.183548e+01,2.191141e+01,2.200797e+01,2.198039e+01,2.208377e+01,2.206310e+01,2.207688e+01,2.217328e+01,2.211821e+01,2.218705e+01,2.201486e+01,2.232458e+01,2.202865e+01,2.205621e+01,2.207688e+01,2.202176e+01,2.202176e+01,2.218016e+01,2.202176e+01,2.206999e+01,2.203554e+01,2.202865e+01,2.202865e+01,2.199418e+01,2.202865e+01,2.198729e+01,2.209755e+01,2.182858e+01,2.195970e+01,2.198039e+01,2.200107e+01,2.198039e+01,2.206999e+01,2.204932e+01,2.202865e+01,2.199418e+01,2.202176e+01,2.216640e+01,2.192521e+01,2.206999e+01,2.205621e+01,2.205621e+01,2.211132e+01,2.212509e+01,2.201486e+01,2.201486e+01,2.204932e+01,2.217328e+01,2.207688e+01,2.216640e+01,2.211132e+01,2.210443e+01,2.210443e+01,2.209066e+01,2.207688e+01,2.220081e+01,2.218016e+01,2.229022e+01,2.216640e+01,2.226271e+01,2.224208e+01,2.226271e+01,2.224896e+01,2.236581e+01,2.222833e+01,2.220769e+01,2.220769e+01,2.218705e+01,2.232458e+01,2.216640e+01,2.218016e+01,2.233146e+01,2.226271e+01,2.233833e+01,2.233146e+01,2.232458e+01,2.231084e+01,2.232458e+01,2.244135e+01,2.235207e+01,2.233146e+01,2.222145e+01,2.235894e+01,2.235894e+01,2.239328e+01,2.234520e+01,2.224896e+01,2.230396e+01,2.229709e+01,2.237955e+01,2.228334e+01,2.231084e+01,2.237268e+01,2.231084e+01,2.229709e+01,2.225584e+01,2.243448e+01,2.242762e+01,2.226959e+01,2.229022e+01,2.223520e+01,2.239328e+01,2.235207e+01,2.225584e+01,2.231084e+01,2.235207e+01,2.233146e+01,2.224208e+01,2.243448e+01,2.229709e+01,2.231084e+01,2.238642e+01,2.237955e+01,2.218016e+01,2.236581e+01,2.231771e+01,2.233833e+01,2.226959e+01,2.224208e+01,2.222145e+01,2.223520e+01,2.225584e+01,2.213886e+01,2.223520e+01,2.219393e+01,2.222833e+01,2.215952e+01,2.208377e+01,2.220081e+01,2.218016e+01,2.218705e+01,2.227647e+01,2.195280e+01,2.208377e+01,2.211132e+01,2.209066e+01,2.190451e+01,2.201486e+01,2.188381e+01,2.184929e+01,2.189761e+01,2.180095e+01,2.146191e+01,2.114260e+01,2.089200e+01,2.080833e+01,2.088503e+01,2.070364e+01,2.081530e+01,2.068269e+01,2.066174e+01,2.065475e+01,2.088503e+01,2.066174e+01,2.067570e+01,2.066872e+01,2.059185e+01,2.069666e+01,2.075251e+01,2.066872e+01,2.075949e+01,2.074553e+01,2.074553e+01,2.075251e+01,2.078740e+01,2.100345e+01,2.105218e+01,2.119126e+01,2.129544e+01,2.133708e+01,2.146884e+01,2.171802e+01,2.186310e+01,2.199418e+01,2.196660e+01,2.222145e+01,2.221457e+01,2.251683e+01,2.270871e+01,2.315278e+01,2.347949e+01,2.402172e+01,2.446021e+01,2.511115e+01,2.547846e+01,2.591755e+01,2.648696e+01,2.684294e+01,2.705334e+01,2.741398e+01,2.761018e+01,2.756444e+01,2.790382e+01,2.810563e+01,2.835251e+01,2.857939e+01,2.852110e+01,2.864413e+01,2.869589e+01,2.868295e+01,2.843683e+01,2.766245e+01,2.651337e+01,2.503084e+01,2.354742e+01,2.282504e+01,2.213198e+01,2.176641e+01,2.166962e+01,2.149656e+01,2.145498e+01,2.133014e+01,2.137871e+01,2.138565e+01,2.144805e+01,2.148963e+01,2.157274e+01,2.143419e+01,2.147577e+01,2.146884e+01,2.134402e+01,2.142032e+01,2.129544e+01,2.114955e+01,2.129544e+01,2.142032e+01,2.123989e+01,2.130238e+01,2.128156e+01,2.112869e+01,2.109392e+01,2.110088e+01,2.112174e+01,2.108696e+01,2.114955e+01,2.113565e+01,2.104522e+01,2.103826e+01,2.108001e+01,2.108001e+01,2.110088e+01,2.108696e+01,2.101738e+01,2.092684e+01,2.106609e+01,2.093381e+01,2.102434e+01,2.103826e+01,2.109392e+01,2.103826e+01,2.100345e+01,2.099649e+01,2.105218e+01,2.103826e+01,2.094774e+01,2.098953e+01,2.095471e+01,2.096864e+01,2.104522e+01,2.099649e+01,2.094077e+01,2.113565e+01,2.109392e+01,2.093381e+01,2.089200e+01,2.102434e+01,2.088503e+01,2.096864e+01,2.096864e+01,2.094774e+01,2.091987e+01,2.091291e+01,2.094774e+01,2.103130e+01,2.100345e+01,2.098256e+01,2.098953e+01,2.097560e+01,2.082925e+01,2.094774e+01,2.091291e+01,2.094077e+01,2.082925e+01,2.076647e+01,2.089200e+01,2.084320e+01,2.080833e+01,2.077344e+01,2.087109e+01,2.087109e+01,2.086412e+01,2.075251e+01,2.070364e+01,2.090594e+01,2.072459e+01,2.071761e+01,2.072459e+01,2.076647e+01,2.068967e+01,2.070364e+01,2.082228e+01,2.079438e+01,2.074553e+01,2.067570e+01,2.073855e+01,2.071761e+01,2.076647e+01,2.078042e+01,2.078042e+01,2.078740e+01,2.067570e+01,2.073157e+01,2.081530e+01,2.082228e+01,2.071062e+01,2.078740e+01,2.073157e+01,2.073855e+01,2.073855e+01,2.075949e+01,2.075949e+01,2.075949e+01,2.078740e+01,2.075251e+01,2.077344e+01,2.084320e+01,2.077344e+01,2.071062e+01,2.071761e+01,2.077344e+01,2.072459e+01,2.078042e+01,2.084320e+01,2.059884e+01,2.077344e+01,2.068967e+01,2.074553e+01,2.076647e+01,2.080135e+01,2.071062e+01,2.075251e+01,2.074553e+01,2.075251e+01,2.074553e+01,2.066174e+01,2.078740e+01,2.070364e+01,2.073157e+01,2.084320e+01,2.074553e+01,2.074553e+01,2.078740e+01,2.082228e+01,2.081530e+01,2.085017e+01,2.082228e+01,2.078740e+01,2.078740e+01,2.082925e+01,2.080833e+01,2.075949e+01,2.080135e+01,2.087806e+01,2.081530e+01,2.085715e+01,2.082925e+01,2.090594e+01,2.091987e+01,2.094077e+01,2.091987e+01,2.096167e+01,2.096167e+01,2.103130e+01,2.106609e+01,2.101042e+01,2.110088e+01,2.096167e+01,2.110088e+01,2.126767e+01,2.112174e+01,2.113565e+01,2.114955e+01,2.132320e+01,2.131626e+01,2.131626e+01,2.130932e+01,2.132320e+01,2.133708e+01,2.132320e+01,2.129544e+01,2.130932e+01,2.128850e+01,2.133708e+01,2.133708e+01,2.126767e+01,2.129544e+01,2.137871e+01,2.130932e+01,2.135096e+01,2.120515e+01,2.137871e+01,2.120515e+01,2.127461e+01,2.123989e+01,2.123989e+01,2.131626e+01,2.121905e+01,2.134402e+01,2.120515e+01,2.133708e+01,2.131626e+01,2.117041e+01,2.126072e+01,2.115650e+01,2.113565e+01,2.122600e+01,2.110088e+01,2.111479e+01,2.118431e+01,2.104522e+01,2.112869e+01,2.110783e+01,2.107305e+01,2.096167e+01,2.101738e+01,2.094774e+01,2.094077e+01,2.103130e+01,2.105914e+01,2.096864e+01,2.097560e+01,2.103130e+01,2.108696e+01,2.111479e+01,2.103826e+01,2.109392e+01,2.106609e+01,2.108001e+01,2.105218e+01,2.112869e+01,2.110088e+01,2.105914e+01,2.117041e+01,2.110783e+01,2.123294e+01,2.126072e+01,2.123294e+01,2.127461e+01,2.128156e+01,2.126072e+01,2.121210e+01,2.134402e+01,2.120515e+01,2.139258e+01,2.126072e+01,2.134402e+01,2.152427e+01,2.155197e+01,2.167654e+01,2.156582e+01,2.179404e+01,2.199418e+01,2.197349e+01,2.227647e+01,2.222145e+01,2.229022e+01,2.238642e+01,2.235894e+01,2.250311e+01,2.224208e+01,2.220081e+01,2.226271e+01,2.227647e+01,2.233833e+01,2.223520e+01,2.224896e+01,2.211132e+01,2.212509e+01,2.211821e+01,2.211132e+01,2.211821e+01,2.202865e+01,2.195970e+01,2.202176e+01,2.204243e+01,2.213198e+01,2.254426e+01,2.267447e+01,2.294123e+01,2.326861e+01,2.343191e+01,2.391350e+01,2.421083e+01,2.438613e+01,2.444674e+01,2.446694e+01,2.426480e+01,2.392703e+01,2.378484e+01,2.351346e+01,2.314597e+01,2.307777e+01,2.289341e+01,2.275663e+01,2.257854e+01,2.229709e+01,2.217328e+01,2.216640e+01,2.195970e+01,2.191141e+01,2.190451e+01,2.188381e+01,2.180095e+01,2.170420e+01,2.170420e+01,2.173876e+01,2.169728e+01,2.166962e+01,2.163503e+01,2.160735e+01,2.149656e+01,2.150349e+01,2.155890e+01,2.151734e+01,2.146884e+01,2.144805e+01,2.147577e+01,2.147577e+01,2.141339e+01,2.147577e+01,2.145498e+01,2.152427e+01,2.152427e+01,2.149656e+01,2.156582e+01,2.153812e+01,2.154505e+01,2.155890e+01,2.166962e+01,2.151734e+01,2.148963e+01,2.150349e+01,2.149656e+01,2.160043e+01,2.152427e+01,2.162811e+01,2.160735e+01,2.176641e+01,2.175258e+01,2.164887e+01,2.180095e+01,2.188381e+01,2.187691e+01,2.206310e+01,2.202865e+01,2.208377e+01,2.198039e+01,2.204932e+01,2.217328e+01,2.203554e+01,2.210443e+01,2.215263e+01,2.207688e+01,2.218016e+01,2.215263e+01,2.213198e+01,2.211821e+01,2.215952e+01,2.213886e+01,2.209755e+01,2.218016e+01,2.210443e+01,2.222145e+01,2.220081e+01,2.213886e+01,2.224208e+01,2.228334e+01,2.220769e+01,2.213198e+01,2.215263e+01,2.214575e+01,2.214575e+01,2.220769e+01,2.220769e+01,2.222833e+01,2.235207e+01,2.221457e+01,2.220769e+01,2.224208e+01,2.222145e+01,2.226959e+01,2.219393e+01,2.222145e+01,2.231084e+01,2.228334e+01,2.224896e+01,2.232458e+01,2.249625e+01,2.249625e+01,2.249625e+01,2.230396e+01,2.238642e+01,2.241389e+01,2.229022e+01,2.227647e+01,2.241389e+01,2.240015e+01,2.239328e+01,2.240702e+01,2.243448e+01,2.244821e+01,2.238642e+01,2.254426e+01,2.258540e+01,2.239328e+01,2.240702e+01,2.242075e+01,2.240015e+01,2.243448e+01,2.248939e+01,2.252369e+01,2.236581e+01,2.232458e+01,2.232458e+01,2.238642e+01,2.242075e+01,2.242075e+01,2.234520e+01,2.233833e+01,2.238642e+01,2.233833e+01
2.180786e+01,2.181476e+01,2.200107e+01,2.194591e+01,2.197349e+01,2.185620e+01,2.198039e+01,2.170420e+01,2.184239e+01,2.166962e+01,2.184239e+01,2.194591e+01,2.207688e+01,2.221457e+01,2.211132e+01,2.209755e+01,2.215263e+01,2.208377e+01,2.211821e+01,2.217328e+01,2.228334e+01,2.237955e+01,2.217328e+01,2.220081e+01,2.209066e+01,2.205621e+01,2.219393e+01,2.220769e+01,2.216640e+01,2.209066e+01,2.208377e+01,2.204932e+01,2.208377e+01,2.209755e+01,2.206310e+01,2.202176e+01,2.200797e+01,2.196660e+01,2.191831e+01,2.198729e+01,2.195970e+01,2.193211e+01,2.198039e+01,2.202865e+01,2.201486e+01,2.203554e+01,2.192521e+01,2.204932e+01,2.197349e+01,2.187691e+01,2.202865e+01,2.204932e+01,2.208377e+01,2.209755e+01,2.207688e+01,2.216640e+01,2.191831e+01,2.216640e+01,2.211821e+01,2.217328e+01,2.206310e+01,2.197349e+01,2.211132e+01,2.218016e+01,2.215263e+01,2.228334e+01,2.221457e+01,2.222833e+01,2.224896e+01,2.226959e+01,2.226271e+01,2.225584e+01,2.223520e+01,2.223520e+01,2.223520e+01,2.221457e+01,2.225584e+01,2.221457e+01,2.216640e+01,2.220769e+01,2.227647e+01,2.231771e+01,2.231084e+01,2.226959e+01,2.227647e+01,2.233833e+01,2.233146e+01,2.235894e+01,2.235207e+01,2.234520e+01,2.234520e+01,2.228334e+01,2.233146e+01,2.233833e+01,2.232458e+01,2.233833e+01,2.245507e+01,2.228334e+01,2.226271e+01,2.226271e+01,2.233833e+01,2.235207e+01,2.234520e+01,2.231771e+01,2.223520e+01,2.226271e+01,2.223520e+01,2.240702e+01,2.233833e+01,2.226271e+01,2.231084e+01,2.242075e+01,2.235207e+01,2.237268e+01,2.235894e+01,2.233146e+01,2.229022e+01,2.227647e+01,2.224896e+01,2.231084e+01,2.229022e+01,2.237955e+01,2.234520e+01,2.229022e+01,2.239328e+01,2.223520e+01,2.226271e+01,2.222833e+01,2.229709e+01,2.222833e+01,2.225584e+01,2.222833e+01,2.213198e+01,2.223520e+01,2.220081e+01,2.224208e+01,2.223520e+01,2.222833e+01,2.204243e+01,2.213886e+01,2.195280e+01,2.203554e+01,2.208377e+01,2.200797e+01,2.210443e+01,2.199418e+01,2.201486e+01,2.202176e+01,2.191141e+01,2.182858e+01,2.178713e+01,2.149656e+01,2.118431e+01,2.096167e+01,2.070364e+01,2.082925e+01,2.075949e+01,2.054291e+01,2.071761e+01,2.052892e+01,2.065475e+01,2.066174e+01,2.066872e+01,2.064776e+01,2.041694e+01,2.063379e+01,2.075949e+01,2.071761e+01,2.078740e+01,2.074553e+01,2.073157e+01,2.074553e+01,2.097560e+01,2.087806e+01,2.103826e+01,2.130238e+01,2.143419e+01,2.152427e+01,2.158659e+01,2.159351e+01,2.191831e+01,2.180095e+01,2.193901e+01,2.202176e+01,2.220081e+01,2.231771e+01,2.239328e+01,2.279084e+01,2.314597e+01,2.349308e+01,2.404876e+01,2.439960e+01,2.511115e+01,2.577803e+01,2.605024e+01,2.649356e+01,2.671782e+01,2.706647e+01,2.734850e+01,2.741398e+01,2.758405e+01,2.770815e+01,2.807311e+01,2.815115e+01,2.846925e+01,2.859882e+01,2.857291e+01,2.848870e+01,2.819016e+01,2.798850e+01,2.688900e+01,2.577139e+01,2.441981e+01,2.333668e+01,2.249625e+01,2.218705e+01,2.167654e+01,2.155890e+01,2.151734e+01,2.151042e+01,2.133014e+01,2.138565e+01,2.136484e+01,2.133014e+01,2.139258e+01,2.160735e+01,2.158659e+01,2.159351e+01,2.152427e+01,2.147577e+01,2.142032e+01,2.133014e+01,2.139952e+01,2.126767e+01,2.133708e+01,2.128850e+01,2.117041e+01,2.117041e+01,2.112869e+01,2.112869e+01,2.110783e+01,2.110088e+01,2.123989e+01,2.118431e+01,2.114260e+01,2.114955e+01,2.112174e+01,2.110088e+01,2.108696e+01,2.108696e+01,2.102434e+01,2.105914e+01,2.105914e+01,2.108696e+01,2.112174e+01,2.094774e+01,2.108696e+01,2.095471e+01,2.093381e+01,2.091987e+01,2.096167e+01,2.104522e+01,2.099649e+01,2.093381e+01,2.096167e+01,2.114955e+01,2.092684e+01,2.092684e+01,2.098256e+01,2.096864e+01,2.100345e+01,2.099649e+01,2.096864e+01,2.088503e+01,2.093381e+01,2.096864e+01,2.111479e+01,2.087806e+01,2.095471e+01,2.093381e+01,2.095471e+01,2.110783e+01,2.095471e+01,2.100345e+01,2.100345e+01,2.090594e+01,2.089200e+01,2.086412e+01,2.095471e+01,2.083623e+01,2.085715e+01,2.068967e+01,2.089200e+01,2.088503e+01,2.086412e+01,2.086412e+01,2.085715e+01,2.068967e+01,2.085017e+01,2.072459e+01,2.069666e+01,2.068967e+01,2.062680e+01,2.089200e+01,2.079438e+01,2.070364e+01,2.071062e+01,2.071062e+01,2.071062e+01,2.081530e+01,2.072459e+01,2.064078e+01,2.067570e+01,2.077344e+01,2.082228e+01,2.084320e+01,2.079438e+01,2.088503e+01,2.080833e+01,2.075251e+01,2.068967e+01,2.079438e+01,2.078042e+01,2.074553e+01,2.070364e+01,2.072459e+01,2.070364e+01,2.068967e+01,2.074553e+01,2.072459e+01,2.074553e+01,2.075949e+01,2.075949e+01,2.080833e+01,2.081530e+01,2.078042e+01,2.078740e+01,2.074553e+01,2.078740e+01,2.081530e+01,2.085017e+01,2.075251e+01,2.082228e+01,2.078042e+01,2.078740e+01,2.071062e+01,2.081530e+01,2.072459e+01,2.067570e+01,2.072459e+01,2.069666e+01,2.070364e+01,2.068269e+01,2.067570e+01,2.069666e+01,2.075251e+01,2.075949e+01,2.078042e+01,2.078042e+01,2.075949e+01,2.076647e+01,2.077344e+01,2.081530e+01,2.078042e+01,2.081530e+01,2.077344e+01,2.082228e+01,2.080833e+01,2.078740e+01,2.080135e+01,2.080833e+01,2.075949e+01,2.083623e+01,2.082228e+01,2.085017e+01,2.082925e+01,2.091987e+01,2.085017e+01,2.098256e+01,2.100345e+01,2.091987e+01,2.098953e+01,2.103130e+01,2.088503e+01,2.105218e+01,2.105914e+01,2.104522e+01,2.110783e+01,2.119820e+01,2.116345e+01,2.111479e+01,2.112174e+01,2.129544e+01,2.125378e+01,2.130238e+01,2.126767e+01,2.133708e+01,2.129544e+01,2.126072e+01,2.128850e+01,2.128156e+01,2.127461e+01,2.131626e+01,2.126072e+01,2.126072e+01,2.127461e+01,2.130932e+01,2.130238e+01,2.134402e+01,2.131626e+01,2.133014e+01,2.128850e+01,2.122600e+01,2.123989e+01,2.128156e+01,2.126072e+01,2.127461e+01,2.126767e+01,2.118431e+01,2.114260e+01,2.128156e+01,2.112869e+01,2.112869e+01,2.112869e+01,2.122600e+01,2.115650e+01,2.118431e+01,2.115650e+01,2.123989e+01,2.108001e+01,2.112869e+01,2.110088e+01,2.106609e+01,2.093381e+01,2.101042e+01,2.104522e+01,2.091987e+01,2.094774e+01,2.095471e+01,2.096864e+01,2.099649e+01,2.110783e+01,2.102434e+01,2.105914e+01,2.107305e+01,2.106609e+01,2.103826e+01,2.111479e+01,2.105218e+01,2.112869e+01,2.106609e+01,2.113565e+01,2.116345e+01,2.116345e+01,2.124683e+01,2.130238e+01,2.132320e+01,2.138565e+01,2.112869e+01,2.117041e+01,2.119820e+01,2.107305e+01,2.130238e+01,2.123294e+01,2.119820e+01,2.153812e+01,2.156582e+01,2.162811e+01,2.161427e+01,2.170420e+01,2.194591e+01,2.202865e+01,2.204243e+01,2.199418e+01,2.222145e+01,2.219393e+01,2.216640e+01,2.220769e+01,2.227647e+01,2.218705e+01,2.222833e+01,2.224208e+01,2.231084e+01,2.215263e+01,2.211821e+01,2.210443e+01,2.208377e+01,2.198039e+01,2.199418e+01,2.195970e+01,2.203554e+01,2.198729e+01,2.185620e+01,2.204243e+01,2.220081e+01,2.237268e+01,2.267447e+01,2.302318e+01,2.329585e+01,2.370350e+01,2.388643e+01,2.421758e+01,2.453423e+01,2.452750e+01,2.450732e+01,2.435244e+01,2.401496e+01,2.387289e+01,2.343871e+01,2.339111e+01,2.322775e+01,2.294123e+01,2.286607e+01,2.260596e+01,2.251683e+01,2.226959e+01,2.216640e+01,2.201486e+01,2.194591e+01,2.191831e+01,2.184239e+01,2.175258e+01,2.178022e+01,2.173876e+01,2.175949e+01,2.178713e+01,2.158659e+01,2.156582e+01,2.155197e+01,2.155890e+01,2.148963e+01,2.148270e+01,2.162811e+01,2.137177e+01,2.143419e+01,2.146884e+01,2.143419e+01,2.146191e+01,2.146191e+01,2.141339e+01,2.162811e+01,2.147577e+01,2.153812e+01,2.155197e+01,2.142725e+01,2.155890e+01,2.146884e+01,2.156582e+01,2.146884e+01,2.153812e+01,2.146191e+01,2.153812e+01,2.155197e+01,2.148270e+01,2.162119e+01,2.177332e+01,2.163503e+01,2.166270e+01,2.180786e+01,2.184929e+01,2.182858e+01,2.186310e+01,2.189761e+01,2.187691e+01,2.209755e+01,2.214575e+01,2.206310e+01,2.203554e+01,2.200797e+01,2.206310e+01,2.215952e+01,2.205621e+01,2.215952e+01,2.216640e+01,2.220081e+01,2.213198e+01,2.219393e+01,2.214575e+01,2.213886e+01,2.218016e+01,2.226271e+01,2.222145e+01,2.220081e+01,2.227647e+01,2.231771e+01,2.222833e+01,2.219393e+01,2.215263e+01,2.212509e+01,2.214575e+01,2.218705e+01,2.230396e+01,2.225584e+01,2.223520e+01,2.209066e+01,2.218705e+01,2.220769e+01,2.218705e+01,2.217328e+01,2.215263e+01,2.222833e+01,2.227647e+01,2.233146e+01,2.229022e+01,2.237268e+01,2.234520e+01,2.231771e+01,2.234520e+01,2.248939e+01,2.235894e+01,2.227647e+01,2.226271e+01,2.241389e+01,2.240015e+01,2.238642e+01,2.242075e+01,2.242075e+01,2.234520e+01,2.245507e+01,2.235894e+01,2.241389e+01,2.255798e+01,2.240702e+01,2.237268e+01,2.242762e+01,2.239328e+01,2.240702e+01,2.237268e+01,2.244821e+01,2.240702e+01,2.235894e+01,2.233146e+01,2.237268e+01,2.231771e+01,2.240015e+01,2.233833e+01,2.240015e+01,2.231084e+01,2.242762e+01,2.242762e+01
2.200797e+01,2.196660e+01,2.195280e+01,2.184239e+01,2.189071e+01,2.195280e+01,2.195970e+01,2.199418e+01,2.194591e+01,2.198729e+01,2.204932e+01,2.208377e+01,2.226271e+01,2.207688e+01,2.213886e+01,2.226271e+01,2.211132e+01,2.221457e+01,2.217328e+01,2.218705e+01,2.211132e+01,2.211821e+01,2.211132e+01,2.202865e+01,2.218016e+01,2.221457e+01,2.203554e+01,2.207688e+01,2.214575e+01,2.209066e+01,2.229709e+01,2.208377e+01,2.202865e+01,2.206310e+01,2.207688e+01,2.204932e+01,2.195970e+01,2.198039e+01,2.221457e+01,2.199418e+01,2.202176e+01,2.204243e+01,2.201486e+01,2.180095e+01,2.201486e+01,2.195280e+01,2.194591e+01,2.198729e+01,2.195280e+01,2.202176e+01,2.203554e+01,2.204932e+01,2.202865e+01,2.206310e+01,2.216640e+01,2.218016e+01,2.213198e+01,2.215952e+01,2.218705e+01,2.216640e+01,2.210443e+01,2.207688e+01,2.213198e+01,2.209066e+01,2.218705e+01,2.220769e+01,2.213886e+01,2.215952e+01,2.229022e+01,2.228334e+01,2.226271e+01,2.228334e+01,2.226271e+01,2.222833e+01,2.221457e+01,2.229709e+01,2.213198e+01,2.229709e+01,2.224896e+01,2.230396e+01,2.229022e+01,2.229022e+01,2.220081e+01,2.226271e+01,2.230396e+01,2.221457e+01,2.210443e+01,2.234520e+01,2.233146e+01,2.231771e+01,2.233146e+01,2.225584e+01,2.231771e+01,2.233146e+01,2.229709e+01,2.233146e+01,2.229709e+01,2.226959e+01,2.239328e+01,2.233833e+01,2.224208e+01,2.234520e+01,2.234520e+01,2.234520e+01,2.236581e+01,2.231771e+01,2.235894e+01,2.238642e+01,2.227647e+01,2.250997e+01,2.235207e+01,2.231084e+01,2.235894e+01,2.237955e+01,2.235207e+01,2.231771e+01,2.224896e+01,2.224896e+01,2.227647e+01,2.229022e+01,2.226959e+01,2.226959e+01,2.231084e+01,2.229709e+01,2.236581e+01,2.238642e+01,2.230396e+01,2.226271e+01,2.233833e+01,2.218016e+01,2.224896e+01,2.225584e+01,2.222145e+01,2.211132e+01,2.229022e+01,2.212509e+01,2.218705e+01,2.204932e+01,2.204932e+01,2.207688e+01,2.220769e+01,2.210443e+01,2.204243e+01,2.201486e+01,2.206310e+01,2.208377e+01,2.190451e+01,2.188381e+01,2.203554e+01,2.179404e+01,2.177332e+01,2.146884e+01,2.125378e+01,2.112869e+01,2.090594e+01,2.073855e+01,2.075949e+01,2.071062e+01,2.069666e+01,2.065475e+01,2.064776e+01,2.069666e+01,2.069666e+01,2.061981e+01,2.067570e+01,2.056389e+01,2.058486e+01,2.078740e+01,2.080135e+01,2.071761e+01,2.094077e+01,2.101042e+01,2.097560e+01,2.116345e+01,2.130932e+01,2.160043e+01,2.162119e+01,2.167654e+01,2.184239e+01,2.175949e+01,2.192521e+01,2.175949e+01,2.187000e+01,2.205621e+01,2.229022e+01,2.242762e+01,2.267447e+01,2.278400e+01,2.328223e+01,2.353384e+01,2.400144e+01,2.462836e+01,2.513122e+01,2.567827e+01,2.606350e+01,2.647375e+01,2.673759e+01,2.695477e+01,2.728953e+01,2.733540e+01,2.758405e+01,2.775384e+01,2.811864e+01,2.825513e+01,2.826811e+01,2.841089e+01,2.837197e+01,2.824863e+01,2.799501e+01,2.730919e+01,2.639447e+01,2.500406e+01,2.355421e+01,2.283872e+01,2.210443e+01,2.182858e+01,2.167654e+01,2.154505e+01,2.140645e+01,2.142032e+01,2.146884e+01,2.136484e+01,2.134402e+01,2.146191e+01,2.155890e+01,2.161427e+01,2.150349e+01,2.149656e+01,2.146191e+01,2.139952e+01,2.141339e+01,2.135790e+01,2.141339e+01,2.134402e+01,2.128850e+01,2.135790e+01,2.129544e+01,2.122600e+01,2.127461e+01,2.117736e+01,2.110783e+01,2.106609e+01,2.110088e+01,2.112174e+01,2.111479e+01,2.105914e+01,2.105914e+01,2.106609e+01,2.105914e+01,2.108001e+01,2.094077e+01,2.110783e+01,2.108696e+01,2.107305e+01,2.094774e+01,2.101042e+01,2.092684e+01,2.100345e+01,2.089897e+01,2.104522e+01,2.101042e+01,2.099649e+01,2.102434e+01,2.100345e+01,2.105914e+01,2.100345e+01,2.093381e+01,2.091987e+01,2.095471e+01,2.096864e+01,2.091987e+01,2.088503e+01,2.101042e+01,2.105218e+01,2.106609e+01,2.092684e+01,2.092684e+01,2.096864e+01,2.096167e+01,2.089200e+01,2.085715e+01,2.095471e+01,2.091291e+01,2.093381e+01,2.080833e+01,2.094774e+01,2.091987e+01,2.098953e+01,2.093381e+01,2.080135e+01,2.075251e+01,2.075251e+01,2.076647e+01,2.080135e+01,2.071761e+01,2.083623e+01,2.089897e+01,2.073157e+01,2.078042e+01,2.091291e+01,2.073157e+01,2.082925e+01,2.071761e+01,2.066872e+01,2.071062e+01,2.081530e+01,2.073855e+01,2.075251e+01,2.078042e+01,2.075949e+01,2.074553e+01,2.078740e+01,2.078042e+01,2.077344e+01,2.080833e+01,2.082925e+01,2.076647e+01,2.078042e+01,2.087806e+01,2.078740e+01,2.078740e+01,2.082925e+01,2.082925e+01,2.080135e+01,2.080833e+01,2.076647e+01,2.072459e+01,2.068967e+01,2.075251e+01,2.076647e+01,2.073157e+01,2.075949e+01,2.060583e+01,2.082925e+01,2.057787e+01,2.079438e+01,2.077344e+01,2.075251e+01,2.081530e+01,2.073855e+01,2.071062e+01,2.085017e+01,2.077344e+01,2.084320e+01,2.071062e+01,2.082925e+01,2.072459e+01,2.081530e+01,2.078042e+01,2.074553e+01,2.067570e+01,2.068269e+01,2.071761e+01,2.076647e+01,2.067570e+01,2.079438e+01,2.076647e+01,2.064078e+01,2.069666e+01,2.075251e+01,2.075949e+01,2.068269e+01,2.080135e+01,2.084320e+01,2.085017e+01,2.075949e+01,2.082925e+01,2.077344e+01,2.078740e+01,2.073157e+01,2.081530e+01,2.081530e+01,2.080135e+01,2.086412e+01,2.087806e+01,2.086412e+01,2.087109e+01,2.091291e+01,2.089897e+01,2.098953e+01,2.101738e+01,2.100345e+01,2.105218e+01,2.103826e+01,2.097560e+01,2.107305e+01,2.103130e+01,2.103826e+01,2.116345e+01,2.114260e+01,2.110783e+01,2.124683e+01,2.117736e+01,2.111479e+01,2.112869e+01,2.110088e+01,2.133014e+01,2.121210e+01,2.133708e+01,2.126072e+01,2.125378e+01,2.123989e+01,2.130238e+01,2.129544e+01,2.128156e+01,2.126767e+01,2.130932e+01,2.136484e+01,2.134402e+01,2.142725e+01,2.131626e+01,2.137177e+01,2.121905e+01,2.122600e+01,2.121905e+01,2.123294e+01,2.126767e+01,2.122600e+01,2.120515e+01,2.127461e+01,2.128156e+01,2.112174e+01,2.108001e+01,2.112174e+01,2.118431e+01,2.114955e+01,2.118431e+01,2.114955e+01,2.122600e+01,2.111479e+01,2.114955e+01,2.101738e+01,2.107305e+01,2.107305e+01,2.099649e+01,2.105914e+01,2.089897e+01,2.102434e+01,2.095471e+01,2.101738e+01,2.099649e+01,2.117736e+01,2.115650e+01,2.110783e+01,2.103826e+01,2.108001e+01,2.106609e+01,2.108001e+01,2.116345e+01,2.110088e+01,2.118431e+01,2.113565e+01,2.119126e+01,2.130238e+01,2.132320e+01,2.120515e+01,2.134402e+01,2.120515e+01,2.115650e+01,2.120515e+01,2.132320e+01,2.105914e+01,2.126767e+01,2.120515e+01,2.133708e+01,2.137871e+01,2.157274e+01,2.160735e+01,2.165579e+01,2.169728e+01,2.187000e+01,2.191141e+01,2.200107e+01,2.203554e+01,2.215952e+01,2.211821e+01,2.217328e+01,2.211132e+01,2.212509e+01,2.215952e+01,2.206999e+01,2.228334e+01,2.213886e+01,2.203554e+01,2.206999e+01,2.200797e+01,2.192521e+01,2.200797e+01,2.198729e+01,2.204932e+01,2.193901e+01,2.202865e+01,2.202865e+01,2.222145e+01,2.234520e+01,2.264708e+01,2.295490e+01,2.328223e+01,2.345910e+01,2.379839e+01,2.419733e+01,2.457458e+01,2.455441e+01,2.452750e+01,2.458803e+01,2.449386e+01,2.433222e+01,2.398115e+01,2.361531e+01,2.339111e+01,2.312551e+01,2.286607e+01,2.284555e+01,2.264708e+01,2.253741e+01,2.240015e+01,2.215952e+01,2.192521e+01,2.195280e+01,2.202176e+01,2.187691e+01,2.185620e+01,2.182858e+01,2.169728e+01,2.178713e+01,2.177332e+01,2.170420e+01,2.152427e+01,2.153812e+01,2.157274e+01,2.153119e+01,2.153119e+01,2.147577e+01,2.151042e+01,2.153812e+01,2.149656e+01,2.142725e+01,2.140645e+01,2.144805e+01,2.155197e+01,2.159351e+01,2.145498e+01,2.164887e+01,2.164195e+01,2.158659e+01,2.146884e+01,2.155197e+01,2.153119e+01,2.146884e+01,2.148963e+01,2.156582e+01,2.142032e+01,2.149656e+01,2.150349e+01,2.157274e+01,2.166962e+01,2.175949e+01,2.162119e+01,2.164195e+01,2.169728e+01,2.188381e+01,2.190451e+01,2.197349e+01,2.205621e+01,2.202176e+01,2.203554e+01,2.192521e+01,2.208377e+01,2.202176e+01,2.200797e+01,2.199418e+01,2.201486e+01,2.217328e+01,2.209755e+01,2.215263e+01,2.218016e+01,2.205621e+01,2.216640e+01,2.211821e+01,2.213198e+01,2.211821e+01,2.238642e+01,2.213886e+01,2.212509e+01,2.215263e+01,2.226271e+01,2.218705e+01,2.213198e+01,2.220769e+01,2.213198e+01,2.212509e+01,2.219393e+01,2.224208e+01,2.220769e+01,2.216640e+01,2.218016e+01,2.216640e+01,2.218705e+01,2.226959e+01,2.213198e+01,2.225584e+01,2.222833e+01,2.223520e+01,2.232458e+01,2.224208e+01,2.231771e+01,2.235207e+01,2.233146e+01,2.250311e+01,2.239328e+01,2.228334e+01,2.231771e+01,2.234520e+01,2.246880e+01,2.236581e+01,2.237955e+01,2.238642e+01,2.237268e+01,2.235894e+01,2.240702e+01,2.246194e+01,2.243448e+01,2.244135e+01,2.240702e+01,2.244821e+01,2.242075e+01,2.240702e+01,2.248939e+01,2.240015e+01,2.237955e+01,2.232458e+01,2.240702e+01,2.234520e+01,2.233833e+01,2.231771e+01,2.236581e+01,2.239328e+01,2.236581e+01,2.237955e+01,2.240015e+01
2.182167e+01,2.195970e+01,2.193901e+01,2.201486e+01,2.200107e+01,2.199418e+01,2.189071e+01,2.200107e+01,2.200797e+01,2.209755e+01,2.215952e+01,2.218016e+01,2.215952e+01,2.234520e+01,2.213198e+01,2.213198e+01,2.219393e+01,2.226959e+01,2.220081e+01,2.211132e+01,2.217328e+01,2.215263e+01,2.215263e+01,2.217328e+01,2.211821e+01,2.206310e+01,2.208377e+01,2.210443e+01,2.209755e+01,2.212509e+01,2.220081e+01,2.211132e+01,2.203554e+01,2.203554e+01,2.210443e+01,2.208377e+01,2.208377e+01,2.200107e+01,2.205621e+01,2.198729e+01,2.209066e+01,2.216640e+01,2.206999e+01,2.200107e+01,2.206310e+01,2.206999e+01,2.196660e+01,2.204932e+01,2.200797e+01,2.203554e+01,2.206310e+01,2.201486e+01,2.211132e+01,2.219393e+01,2.215952e+01,2.218705e+01,2.220081e+01,2.218705e+01,2.214575e+01,2.218016e+01,2.210443e+01,2.213886e+01,2.211821e+01,2.218705e+01,2.215952e+01,2.219393e+01,2.216640e+01,2.229709e+01,2.229709e+01,2.228334e+01,2.233146e+01,2.222833e+01,2.222833e+01,2.220769e+01,2.222145e+01,2.228334e+01,2.223520e+01,2.226959e+01,2.220081e+01,2.215952e+01,2.229022e+01,2.216640e+01,2.220081e+01,2.231084e+01,2.233146e+01,2.230396e+01,2.229709e+01,2.231084e+01,2.237268e+01,2.218016e+01,2.223520e+01,2.237268e+01,2.232458e+01,2.233833e+01,2.230396e+01,2.236581e+01,2.224208e+01,2.231771e+01,2.237955e+01,2.235894e+01,2.234520e+01,2.231084e+01,2.229022e+01,2.228334e+01,2.229709e+01,2.232458e+01,2.230396e+01,2.236581e+01,2.234520e+01,2.239328e+01,2.235894e+01,2.236581e+01,2.220769e+01,2.246194e+01,2.235207e+01,2.222833e+01,2.234520e+01,2.235207e+01,2.224896e+01,2.223520e+01,2.247566e+01,2.237268e+01,2.226271e+01,2.229022e+01,2.228334e+01,2.229709e+01,2.233146e+01,2.224208e+01,2.237268e+01,2.231084e+01,2.231084e+01,2.224208e+01,2.224896e+01,2.224208e+01,2.220769e+01,2.224896e+01,2.218705e+01,2.220769e+01,2.217328e+01,2.211821e+01,2.197349e+01,2.211821e+01,2.206310e+01,2.211132e+01,2.206310e+01,2.203554e+01,2.205621e+01,2.198729e+01,2.182167e+01,2.191141e+01,2.195280e+01,2.164887e+01,2.128850e+01,2.113565e+01,2.093381e+01,2.082925e+01,2.075949e+01,2.071062e+01,2.075251e+01,2.076647e+01,2.072459e+01,2.066174e+01,2.067570e+01,2.067570e+01,2.068967e+01,2.071761e+01,2.057787e+01,2.085017e+01,2.088503e+01,2.103130e+01,2.113565e+01,2.133708e+01,2.142725e+01,2.164195e+01,2.176641e+01,2.182858e+01,2.182167e+01,2.176641e+01,2.182167e+01,2.184239e+01,2.187000e+01,2.195970e+01,2.198039e+01,2.218016e+01,2.226271e+01,2.244135e+01,2.268132e+01,2.307777e+01,2.327542e+01,2.378484e+01,2.406903e+01,2.462164e+01,2.517803e+01,2.549179e+01,2.616290e+01,2.667828e+01,2.684294e+01,2.711243e+01,2.738124e+01,2.730919e+01,2.755790e+01,2.757751e+01,2.791685e+01,2.811864e+01,2.824863e+01,2.813815e+01,2.800152e+01,2.794942e+01,2.763632e+01,2.688242e+01,2.577803e+01,2.427155e+01,2.312551e+01,2.274978e+01,2.208377e+01,2.180786e+01,2.156582e+01,2.155197e+01,2.139952e+01,2.143419e+01,2.137871e+01,2.138565e+01,2.137871e+01,2.146884e+01,2.148963e+01,2.149656e+01,2.148270e+01,2.147577e+01,2.139258e+01,2.133708e+01,2.139952e+01,2.138565e+01,2.144112e+01,2.132320e+01,2.140645e+01,2.126767e+01,2.128156e+01,2.125378e+01,2.118431e+01,2.112174e+01,2.114955e+01,2.122600e+01,2.110783e+01,2.110783e+01,2.108696e+01,2.110783e+01,2.100345e+01,2.098953e+01,2.104522e+01,2.105914e+01,2.105914e+01,2.095471e+01,2.094774e+01,2.096167e+01,2.107305e+01,2.101042e+01,2.094774e+01,2.094774e+01,2.096167e+01,2.095471e+01,2.095471e+01,2.087109e+01,2.097560e+01,2.094077e+01,2.091291e+01,2.094077e+01,2.093381e+01,2.102434e+01,2.096864e+01,2.098256e+01,2.090594e+01,2.096167e+01,2.091291e+01,2.088503e+01,2.096167e+01,2.090594e+01,2.083623e+01,2.091291e+01,2.093381e+01,2.094774e+01,2.085715e+01,2.090594e+01,2.094774e+01,2.097560e+01,2.091987e+01,2.087806e+01,2.087806e+01,2.096167e+01,2.089200e+01,2.083623e+01,2.096167e+01,2.087109e+01,2.078042e+01,2.088503e+01,2.089200e+01,2.087806e+01,2.092684e+01,2.083623e+01,2.075949e+01,2.083623e+01,2.092684e+01,2.079438e+01,2.080833e+01,2.072459e+01,2.081530e+01,2.074553e+01,2.087806e+01,2.081530e+01,2.078042e+01,2.078740e+01,2.083623e+01,2.077344e+01,2.072459e+01,2.070364e+01,2.077344e+01,2.088503e+01,2.088503e+01,2.088503e+01,2.078042e+01,2.074553e+01,2.081530e+01,2.073855e+01,2.080135e+01,2.078042e+01,2.075949e+01,2.076647e+01,2.075251e+01,2.075251e+01,2.073855e+01,2.075949e+01,2.078042e+01,2.073855e+01,2.078042e+01,2.081530e+01,2.079438e+01,2.071062e+01,2.073855e+01,2.073157e+01,2.093381e+01,2.094077e+01,2.080833e+01,2.078740e+01,2.082228e+01,2.068967e+01,2.080135e+01,2.081530e+01,2.071062e+01,2.071062e+01,2.068967e+01,2.071761e+01,2.068967e+01,2.073855e+01,2.073855e+01,2.073855e+01,2.069666e+01,2.071761e+01,2.080135e+01,2.071062e+01,2.078042e+01,2.080135e+01,2.068269e+01,2.082228e+01,2.067570e+01,2.084320e+01,2.086412e+01,2.084320e+01,2.111479e+01,2.076647e+01,2.073157e+01,2.080833e+01,2.085017e+01,2.085017e+01,2.084320e+01,2.081530e+01,2.088503e+01,2.084320e+01,2.100345e+01,2.099649e+01,2.096864e+01,2.092684e+01,2.096167e+01,2.108001e+01,2.112174e+01,2.104522e+01,2.098953e+01,2.102434e+01,2.109392e+01,2.106609e+01,2.115650e+01,2.111479e+01,2.114955e+01,2.118431e+01,2.114955e+01,2.118431e+01,2.125378e+01,2.122600e+01,2.126767e+01,2.121210e+01,2.123294e+01,2.123294e+01,2.124683e+01,2.124683e+01,2.127461e+01,2.130238e+01,2.132320e+01,2.153812e+01,2.140645e+01,2.132320e+01,2.136484e+01,2.135096e+01,2.128850e+01,2.139258e+01,2.137871e+01,2.128850e+01,2.129544e+01,2.128850e+01,2.131626e+01,2.129544e+01,2.123989e+01,2.121905e+01,2.115650e+01,2.118431e+01,2.113565e+01,2.122600e+01,2.112869e+01,2.115650e+01,2.117736e+01,2.126072e+01,2.114260e+01,2.131626e+01,2.099649e+01,2.109392e+01,2.102434e+01,2.105914e+01,2.105914e+01,2.096864e+01,2.102434e+01,2.105218e+01,2.096864e+01,2.098256e+01,2.103826e+01,2.111479e+01,2.111479e+01,2.109392e+01,2.117736e+01,2.112174e+01,2.106609e+01,2.110783e+01,2.114260e+01,2.110783e+01,2.126072e+01,2.118431e+01,2.113565e+01,2.126072e+01,2.121210e+01,2.131626e+01,2.131626e+01,2.121905e+01,2.118431e+01,2.112174e+01,2.119820e+01,2.120515e+01,2.124683e+01,2.142725e+01,2.136484e+01,2.153119e+01,2.166270e+01,2.172494e+01,2.155890e+01,2.163503e+01,2.174567e+01,2.179404e+01,2.202865e+01,2.196660e+01,2.201486e+01,2.207688e+01,2.211821e+01,2.212509e+01,2.203554e+01,2.204932e+01,2.205621e+01,2.210443e+01,2.202865e+01,2.204932e+01,2.202865e+01,2.202176e+01,2.198729e+01,2.191831e+01,2.188381e+01,2.186310e+01,2.198729e+01,2.195280e+01,2.203554e+01,2.231084e+01,2.253741e+01,2.267447e+01,2.305730e+01,2.330265e+01,2.379162e+01,2.390673e+01,2.422433e+01,2.474256e+01,2.473584e+01,2.481638e+01,2.482980e+01,2.464853e+01,2.430526e+01,2.397439e+01,2.363567e+01,2.364246e+01,2.338431e+01,2.290024e+01,2.290707e+01,2.266078e+01,2.248939e+01,2.221457e+01,2.219393e+01,2.214575e+01,2.213198e+01,2.206310e+01,2.195280e+01,2.194591e+01,2.182167e+01,2.174567e+01,2.179404e+01,2.178713e+01,2.157274e+01,2.180786e+01,2.157274e+01,2.140645e+01,2.148963e+01,2.155197e+01,2.145498e+01,2.142725e+01,2.149656e+01,2.146884e+01,2.141339e+01,2.143419e+01,2.143419e+01,2.143419e+01,2.166962e+01,2.148270e+01,2.171802e+01,2.151042e+01,2.159351e+01,2.157274e+01,2.147577e+01,2.161427e+01,2.158659e+01,2.144805e+01,2.153812e+01,2.148270e+01,2.146884e+01,2.154505e+01,2.157967e+01,2.167654e+01,2.166270e+01,2.166962e+01,2.163503e+01,2.172494e+01,2.182167e+01,2.187000e+01,2.187691e+01,2.193901e+01,2.198729e+01,2.184929e+01,2.205621e+01,2.207688e+01,2.203554e+01,2.207688e+01,2.209066e+01,2.209755e+01,2.215952e+01,2.211132e+01,2.215952e+01,2.211821e+01,2.213198e+01,2.218016e+01,2.215952e+01,2.217328e+01,2.212509e+01,2.220769e+01,2.209066e+01,2.226271e+01,2.225584e+01,2.220081e+01,2.219393e+01,2.210443e+01,2.213886e+01,2.215952e+01,2.221457e+01,2.217328e+01,2.220081e+01,2.217328e+01,2.226271e+01,2.218016e+01,2.209755e+01,2.218016e+01,2.222145e+01,2.215952e+01,2.226959e+01,2.222145e+01,2.223520e+01,2.234520e+01,2.237268e+01,2.232458e+01,2.235207e+01,2.231771e+01,2.231771e+01,2.246880e+01,2.229709e+01,2.248252e+01,2.241389e+01,2.233146e+01,2.234520e+01,2.234520e+01,2.242762e+01,2.231771e+01,2.233146e+01,2.237268e+01,2.234520e+01,2.248252e+01,2.244135e+01,2.242762e+01,2.244821e+01,2.242075e+01,2.246880e+01,2.242762e+01,2.240702e+01,2.240015e+01,2.237955e+01,2.250311e+01,2.235207e+01,2.240015e+01,2.238642e+01,2.235894e+01,2.239328e+01,2.237268e+01,2.234520e+01,2.240702e+01
2.193211e+01,2.200107e+01,2.193211e+01,2.200797e+01,2.189071e+01,2.202865e+01,2.202176e+01,2.210443e+01,2.208377e+01,2.200797e+01,2.211821e+01,2.221457e+01,2.211821e+01,2.228334e+01,2.225584e+01,2.218705e+01,2.222833e+01,2.215952e+01,2.223520e+01,2.222833e+01,2.220081e+01,2.216640e+01,2.207688e+01,2.209066e+01,2.218016e+01,2.205621e+01,2.220081e+01,2.218016e+01,2.205621e+01,2.211821e+01,2.220081e+01,2.211132e+01,2.212509e+01,2.202865e+01,2.207688e+01,2.207688e+01,2.200797e+01,2.206310e+01,2.209755e+01,2.218016e+01,2.220081e+01,2.200107e+01,2.200107e+01,2.211132e+01,2.206999e+01,2.210443e+01,2.208377e+01,2.202865e+01,2.206310e+01,2.207688e+01,2.212509e+01,2.203554e+01,2.202865e+01,2.202176e+01,2.218705e+01,2.213198e+01,2.218016e+01,2.218016e+01,2.239328e+01,2.217328e+01,2.216640e+01,2.218705e+01,2.215263e+01,2.222833e+01,2.220081e+01,2.241389e+01,2.236581e+01,2.232458e+01,2.230396e+01,2.225584e+01,2.224896e+01,2.224896e+01,2.221457e+01,2.222833e+01,2.225584e+01,2.220081e+01,2.226959e+01,2.225584e+01,2.221457e+01,2.220081e+01,2.226959e+01,2.224896e+01,2.228334e+01,2.224208e+01,2.226959e+01,2.223520e+01,2.229022e+01,2.231084e+01,2.220769e+01,2.231084e+01,2.227647e+01,2.233833e+01,2.226959e+01,2.231084e+01,2.233146e+01,2.240015e+01,2.224896e+01,2.231771e+01,2.226959e+01,2.236581e+01,2.235894e+01,2.236581e+01,2.236581e+01,2.218705e+01,2.233833e+01,2.235894e+01,2.237955e+01,2.234520e+01,2.233833e+01,2.240015e+01,2.226959e+01,2.235207e+01,2.235894e+01,2.241389e+01,2.234520e+01,2.238642e+01,2.226271e+01,2.233833e+01,2.246194e+01,2.223520e+01,2.240015e+01,2.238642e+01,2.226959e+01,2.231084e+01,2.233146e+01,2.240015e+01,2.224208e+01,2.228334e+01,2.212509e+01,2.231084e+01,2.226271e+01,2.224208e+01,2.226271e+01,2.226271e+01,2.211132e+01,2.224208e+01,2.229709e+01,2.222145e+01,2.223520e+01,2.210443e+01,2.211132e+01,2.198729e+01,2.218705e+01,2.205621e+01,2.204932e+01,2.202176e+01,2.208377e+01,2.198039e+01,2.200107e+01,2.190451e+01,2.175949e+01,2.165579e+01,2.144805e+01,2.111479e+01,2.110783e+01,2.076647e+01,2.089200e+01,2.078740e+01,2.075949e+01,2.057787e+01,2.075949e+01,2.069666e+01,2.064776e+01,2.068269e+01,2.078740e+01,2.070364e+01,2.095471e+01,2.091987e+01,2.126072e+01,2.146191e+01,2.153812e+01,2.153119e+01,2.165579e+01,2.183548e+01,2.169037e+01,2.162811e+01,2.161427e+01,2.175258e+01,2.186310e+01,2.182858e+01,2.180095e+01,2.200107e+01,2.198729e+01,2.208377e+01,2.212509e+01,2.240015e+01,2.271556e+01,2.307777e+01,2.324818e+01,2.380517e+01,2.417034e+01,2.464180e+01,2.530499e+01,2.583785e+01,2.613640e+01,2.653317e+01,2.690874e+01,2.711243e+01,2.709930e+01,2.733540e+01,2.759058e+01,2.768204e+01,2.769510e+01,2.812514e+01,2.813165e+01,2.812514e+01,2.808612e+01,2.743362e+01,2.702049e+01,2.614303e+01,2.499736e+01,2.377129e+01,2.274978e+01,2.232458e+01,2.188381e+01,2.173876e+01,2.151734e+01,2.145498e+01,2.142725e+01,2.142725e+01,2.141339e+01,2.147577e+01,2.140645e+01,2.146884e+01,2.162811e+01,2.153812e+01,2.151042e+01,2.157967e+01,2.145498e+01,2.126767e+01,2.133014e+01,2.134402e+01,2.143419e+01,2.134402e+01,2.150349e+01,2.125378e+01,2.131626e+01,2.126767e+01,2.105914e+01,2.117736e+01,2.112869e+01,2.110088e+01,2.111479e+01,2.110088e+01,2.107305e+01,2.106609e+01,2.108696e+01,2.108696e+01,2.108001e+01,2.108696e+01,2.095471e+01,2.103130e+01,2.098256e+01,2.103826e+01,2.103826e+01,2.109392e+01,2.096167e+01,2.117041e+01,2.095471e+01,2.095471e+01,2.089200e+01,2.096167e+01,2.101042e+01,2.098256e+01,2.096864e+01,2.098953e+01,2.096864e+01,2.100345e+01,2.090594e+01,2.094774e+01,2.088503e+01,2.091291e+01,2.087806e+01,2.087806e+01,2.099649e+01,2.099649e+01,2.093381e+01,2.095471e+01,2.094077e+01,2.087109e+01,2.087109e+01,2.094774e+01,2.096167e+01,2.094077e+01,2.086412e+01,2.090594e+01,2.094077e+01,2.087806e+01,2.082228e+01,2.085715e+01,2.091987e+01,2.071761e+01,2.083623e+01,2.084320e+01,2.090594e+01,2.091291e+01,2.103130e+01,2.089200e+01,2.075251e+01,2.078042e+01,2.080833e+01,2.082925e+01,2.092684e+01,2.081530e+01,2.078042e+01,2.076647e+01,2.074553e+01,2.084320e+01,2.087109e+01,2.071062e+01,2.075949e+01,2.073157e+01,2.070364e+01,2.084320e+01,2.073855e+01,2.088503e+01,2.077344e+01,2.084320e+01,2.075251e+01,2.094077e+01,2.082925e+01,2.081530e+01,2.082228e+01,2.082228e+01,2.068967e+01,2.078042e+01,2.070364e+01,2.072459e+01,2.073157e+01,2.071062e+01,2.080135e+01,2.075949e+01,2.078042e+01,2.072459e+01,2.068269e+01,2.078740e+01,2.081530e+01,2.079438e+01,2.082228e+01,2.087109e+01,2.077344e+01,2.082228e+01,2.077344e+01,2.071761e+01,2.091291e+01,2.075251e+01,2.071062e+01,2.080135e+01,2.061981e+01,2.075949e+01,2.075949e+01,2.075251e+01,2.067570e+01,2.070364e+01,2.071062e+01,2.073855e+01,2.061981e+01,2.069666e+01,2.078042e+01,2.078042e+01,2.081530e+01,2.082925e+01,2.082228e+01,2.071062e+01,2.083623e+01,2.077344e+01,2.080833e+01,2.071761e+01,2.077344e+01,2.080833e+01,2.078740e+01,2.080135e+01,2.083623e+01,2.089897e+01,2.082228e+01,2.096864e+01,2.089200e+01,2.093381e+01,2.094774e+01,2.094774e+01,2.092684e+01,2.118431e+01,2.114955e+01,2.112174e+01,2.119126e+01,2.102434e+01,2.101042e+01,2.105914e+01,2.101738e+01,2.115650e+01,2.119126e+01,2.116345e+01,2.108001e+01,2.119126e+01,2.108696e+01,2.116345e+01,2.130932e+01,2.123294e+01,2.124683e+01,2.121905e+01,2.126767e+01,2.132320e+01,2.135790e+01,2.126767e+01,2.125378e+01,2.147577e+01,2.158659e+01,2.157967e+01,2.138565e+01,2.133014e+01,2.137177e+01,2.138565e+01,2.126072e+01,2.135790e+01,2.130238e+01,2.128850e+01,2.129544e+01,2.133708e+01,2.134402e+01,2.119820e+01,2.125378e+01,2.115650e+01,2.113565e+01,2.115650e+01,2.115650e+01,2.123294e+01,2.115650e+01,2.105218e+01,2.128156e+01,2.113565e+01,2.108696e+01,2.107305e+01,2.113565e+01,2.092684e+01,2.096167e+01,2.101738e+01,2.104522e+01,2.100345e+01,2.107305e+01,2.103826e+01,2.101042e+01,2.104522e+01,2.110783e+01,2.100345e+01,2.099649e+01,2.110088e+01,2.111479e+01,2.108696e+01,2.122600e+01,2.115650e+01,2.118431e+01,2.123294e+01,2.117736e+01,2.121210e+01,2.123989e+01,2.126767e+01,2.129544e+01,2.121905e+01,2.131626e+01,2.116345e+01,2.119126e+01,2.130932e+01,2.131626e+01,2.119126e+01,2.141339e+01,2.133708e+01,2.155890e+01,2.172494e+01,2.160043e+01,2.181476e+01,2.160735e+01,2.162811e+01,2.187691e+01,2.195280e+01,2.203554e+01,2.202176e+01,2.189761e+01,2.193211e+01,2.203554e+01,2.200797e+01,2.202176e+01,2.204243e+01,2.200797e+01,2.192521e+01,2.191141e+01,2.196660e+01,2.199418e+01,2.187691e+01,2.197349e+01,2.187000e+01,2.194591e+01,2.215952e+01,2.226959e+01,2.236581e+01,2.261282e+01,2.292757e+01,2.329585e+01,2.361531e+01,2.392027e+01,2.417709e+01,2.451405e+01,2.475598e+01,2.482309e+01,2.488345e+01,2.479625e+01,2.477612e+01,2.448713e+01,2.410956e+01,2.395410e+01,2.364924e+01,2.335029e+01,2.313915e+01,2.288657e+01,2.293440e+01,2.246194e+01,2.224896e+01,2.221457e+01,2.217328e+01,2.200797e+01,2.218016e+01,2.187000e+01,2.191141e+01,2.179404e+01,2.184239e+01,2.183548e+01,2.178022e+01,2.179404e+01,2.178713e+01,2.160043e+01,2.156582e+01,2.155890e+01,2.159351e+01,2.154505e+01,2.155197e+01,2.155197e+01,2.139258e+01,2.148963e+01,2.142032e+01,2.144112e+01,2.145498e+01,2.150349e+01,2.151734e+01,2.169037e+01,2.156582e+01,2.144112e+01,2.151042e+01,2.149656e+01,2.153812e+01,2.157967e+01,2.157967e+01,2.141339e+01,2.151042e+01,2.157274e+01,2.154505e+01,2.142032e+01,2.159351e+01,2.155890e+01,2.165579e+01,2.169037e+01,2.180095e+01,2.167654e+01,2.184239e+01,2.199418e+01,2.200107e+01,2.200797e+01,2.187691e+01,2.204243e+01,2.209755e+01,2.212509e+01,2.217328e+01,2.197349e+01,2.204932e+01,2.209755e+01,2.216640e+01,2.211821e+01,2.211821e+01,2.213886e+01,2.206310e+01,2.215263e+01,2.216640e+01,2.213886e+01,2.214575e+01,2.225584e+01,2.216640e+01,2.223520e+01,2.223520e+01,2.216640e+01,2.218016e+01,2.225584e+01,2.215263e+01,2.222145e+01,2.224208e+01,2.209755e+01,2.217328e+01,2.216640e+01,2.217328e+01,2.228334e+01,2.224896e+01,2.218016e+01,2.215952e+01,2.218705e+01,2.229022e+01,2.224896e+01,2.224208e+01,2.242075e+01,2.235894e+01,2.239328e+01,2.235894e+01,2.250311e+01,2.242762e+01,2.238642e+01,2.246880e+01,2.264708e+01,2.247566e+01,2.233146e+01,2.241389e+01,2.244135e+01,2.240702e+01,2.235207e+01,2.250997e+01,2.240015e+01,2.247566e+01,2.238642e+01,2.241389e+01,2.240702e+01,2.238642e+01,2.242762e+01,2.250997e+01,2.250997e+01,2.237955e+01,2.236581e+01,2.238642e+01,2.230396e+01,2.234520e+01,2.241389e+01,2.234520e+01,2.240015e+01,2.242075e+01,2.241389e+01,2.242762e+01
2.200107e+01,2.200107e+01,2.190451e+01,2.194591e+01,2.187000e+01,2.204932e+01,2.202865e+01,2.204932e+01,2.200797e+01,2.214575e+01,2.210443e+01,2.215263e+01,2.233146e+01,2.213886e+01,2.229022e+01,2.230396e+01,2.220081e+01,2.229709e+01,2.221457e+01,2.211821e+01,2.211132e+01,2.208377e+01,2.204932e+01,2.204243e+01,2.206999e+01,2.220081e+01,2.187000e+01,2.203554e+01,2.209066e+01,2.203554e+01,2.218016e+01,2.205621e+01,2.211821e+01,2.195970e+01,2.211821e+01,2.210443e+01,2.198729e+01,2.198039e+01,2.202176e+01,2.203554e+01,2.206999e+01,2.201486e+01,2.218016e+01,2.192521e+01,2.213198e+01,2.207688e+01,2.195970e+01,2.199418e+01,2.205621e+01,2.205621e+01,2.201486e+01,2.209755e+01,2.216640e+01,2.209066e+01,2.205621e+01,2.215263e+01,2.210443e+01,2.218016e+01,2.222145e+01,2.209755e+01,2.220769e+01,2.213886e+01,2.212509e+01,2.214575e+01,2.218705e+01,2.220769e+01,2.226959e+01,2.224896e+01,2.227647e+01,2.227647e+01,2.223520e+01,2.223520e+01,2.220081e+01,2.225584e+01,2.224208e+01,2.229709e+01,2.231084e+01,2.232458e+01,2.226959e+01,2.215263e+01,2.226959e+01,2.222833e+01,2.224896e+01,2.229022e+01,2.226959e+01,2.227647e+01,2.216640e+01,2.225584e+01,2.229709e+01,2.221457e+01,2.226959e+01,2.226959e+01,2.225584e+01,2.222145e+01,2.224208e+01,2.228334e+01,2.229022e+01,2.234520e+01,2.231771e+01,2.225584e+01,2.236581e+01,2.229022e+01,2.239328e+01,2.226959e+01,2.230396e+01,2.229022e+01,2.233146e+01,2.233146e+01,2.232458e+01,2.229709e+01,2.235894e+01,2.241389e+01,2.237955e+01,2.233833e+01,2.240702e+01,2.233146e+01,2.237955e+01,2.224896e+01,2.240702e+01,2.242075e+01,2.238642e+01,2.237268e+01,2.235207e+01,2.233146e+01,2.232458e+01,2.229709e+01,2.229022e+01,2.234520e+01,2.224896e+01,2.231084e+01,2.227647e+01,2.234520e+01,2.228334e+01,2.224896e+01,2.218016e+01,2.229022e+01,2.222145e+01,2.218016e+01,2.204932e+01,2.214575e+01,2.217328e+01,2.202176e+01,2.206310e+01,2.209066e+01,2.206310e+01,2.201486e+01,2.206310e+01,2.198039e+01,2.180095e+01,2.195280e+01,2.196660e+01,2.194591e+01,2.166270e+01,2.112174e+01,2.113565e+01,2.076647e+01,2.072459e+01,2.082925e+01,2.075949e+01,2.073157e+01,2.070364e+01,2.080833e+01,2.066872e+01,2.082228e+01,2.081530e+01,2.098256e+01,2.126767e+01,2.144112e+01,2.151734e+01,2.152427e+01,2.175949e+01,2.181476e+01,2.160735e+01,2.184929e+01,2.182167e+01,2.182858e+01,2.182858e+01,2.172494e+01,2.179404e+01,2.180786e+01,2.187000e+01,2.191831e+01,2.200107e+01,2.223520e+01,2.237268e+01,2.241389e+01,2.272241e+01,2.290707e+01,2.332307e+01,2.371028e+01,2.428503e+01,2.483651e+01,2.536507e+01,2.585778e+01,2.614965e+01,2.658596e+01,2.692846e+01,2.695477e+01,2.711900e+01,2.730264e+01,2.746634e+01,2.760365e+01,2.762325e+01,2.782560e+01,2.791034e+01,2.795594e+01,2.785168e+01,2.719774e+01,2.642090e+01,2.531166e+01,2.415683e+01,2.325499e+01,2.228334e+01,2.209066e+01,2.174567e+01,2.156582e+01,2.154505e+01,2.147577e+01,2.146884e+01,2.144112e+01,2.137871e+01,2.142725e+01,2.146884e+01,2.144805e+01,2.145498e+01,2.144805e+01,2.137871e+01,2.148270e+01,2.139258e+01,2.145498e+01,2.132320e+01,2.131626e+01,2.134402e+01,2.128156e+01,2.130238e+01,2.126767e+01,2.123989e+01,2.119820e+01,2.111479e+01,2.117736e+01,2.114955e+01,2.118431e+01,2.115650e+01,2.110783e+01,2.110088e+01,2.107305e+01,2.107305e+01,2.105218e+01,2.101042e+01,2.103826e+01,2.098256e+01,2.104522e+01,2.094774e+01,2.101042e+01,2.108696e+01,2.110783e+01,2.107305e+01,2.103826e+01,2.106609e+01,2.096167e+01,2.100345e+01,2.080833e+01,2.100345e+01,2.092684e+01,2.075251e+01,2.092684e+01,2.087109e+01,2.093381e+01,2.093381e+01,2.089897e+01,2.093381e+01,2.094077e+01,2.086412e+01,2.094077e+01,2.089897e+01,2.103130e+01,2.101042e+01,2.083623e+01,2.084320e+01,2.097560e+01,2.087806e+01,2.092684e+01,2.085017e+01,2.095471e+01,2.082925e+01,2.089897e+01,2.088503e+01,2.105218e+01,2.088503e+01,2.096167e+01,2.085715e+01,2.094077e+01,2.096864e+01,2.090594e+01,2.085715e+01,2.082228e+01,2.089200e+01,2.091291e+01,2.065475e+01,2.093381e+01,2.085017e+01,2.084320e+01,2.091291e+01,2.075251e+01,2.086412e+01,2.072459e+01,2.071062e+01,2.072459e+01,2.085715e+01,2.080833e+01,2.082228e+01,2.071761e+01,2.078740e+01,2.079438e+01,2.073855e+01,2.089200e+01,2.080135e+01,2.089200e+01,2.086412e+01,2.091291e+01,2.087109e+01,2.085715e+01,2.077344e+01,2.085715e+01,2.082228e+01,2.075949e+01,2.073157e+01,2.071062e+01,2.059884e+01,2.077344e+01,2.068967e+01,2.072459e+01,2.073157e+01,2.080833e+01,2.072459e+01,2.073855e+01,2.078740e+01,2.080833e+01,2.075251e+01,2.081530e+01,2.080833e+01,2.087109e+01,2.074553e+01,2.076647e+01,2.068967e+01,2.067570e+01,2.059185e+01,2.064776e+01,2.063379e+01,2.075251e+01,2.068269e+01,2.072459e+01,2.074553e+01,2.075251e+01,2.073855e+01,2.065475e+01,2.075251e+01,2.071062e+01,2.076647e+01,2.069666e+01,2.068269e+01,2.082925e+01,2.084320e+01,2.076647e+01,2.085017e+01,2.080833e+01,2.076647e+01,2.077344e+01,2.084320e+01,2.078042e+01,2.078740e+01,2.085715e+01,2.089200e+01,2.089897e+01,2.082925e+01,2.091291e+01,2.084320e+01,2.095471e+01,2.098953e+01,2.099649e+01,2.091987e+01,2.098256e+01,2.104522e+01,2.105914e+01,2.106609e+01,2.096864e+01,2.100345e+01,2.101042e+01,2.113565e+01,2.115650e+01,2.117041e+01,2.103826e+01,2.110783e+01,2.118431e+01,2.122600e+01,2.108696e+01,2.117041e+01,2.126767e+01,2.117736e+01,2.126072e+01,2.119820e+01,2.126072e+01,2.136484e+01,2.128156e+01,2.140645e+01,2.152427e+01,2.158659e+01,2.156582e+01,2.135790e+01,2.130932e+01,2.136484e+01,2.130932e+01,2.136484e+01,2.126072e+01,2.137177e+01,2.119126e+01,2.123989e+01,2.123294e+01,2.129544e+01,2.131626e+01,2.118431e+01,2.114260e+01,2.116345e+01,2.114955e+01,2.117041e+01,2.110088e+01,2.114260e+01,2.113565e+01,2.118431e+01,2.117041e+01,2.105914e+01,2.114955e+01,2.104522e+01,2.094077e+01,2.096864e+01,2.105218e+01,2.108001e+01,2.105218e+01,2.107305e+01,2.106609e+01,2.112869e+01,2.108001e+01,2.108001e+01,2.099649e+01,2.108696e+01,2.108696e+01,2.108696e+01,2.113565e+01,2.120515e+01,2.124683e+01,2.126072e+01,2.123989e+01,2.117736e+01,2.130238e+01,2.130238e+01,2.130238e+01,2.123294e+01,2.117041e+01,2.114955e+01,2.111479e+01,2.123989e+01,2.113565e+01,2.130238e+01,2.131626e+01,2.135790e+01,2.151734e+01,2.148963e+01,2.154505e+01,2.167654e+01,2.178713e+01,2.176641e+01,2.178713e+01,2.195970e+01,2.192521e+01,2.194591e+01,2.188381e+01,2.194591e+01,2.201486e+01,2.197349e+01,2.198729e+01,2.203554e+01,2.202176e+01,2.195970e+01,2.201486e+01,2.195970e+01,2.192521e+01,2.180095e+01,2.187691e+01,2.184239e+01,2.200797e+01,2.194591e+01,2.207688e+01,2.223520e+01,2.248939e+01,2.272925e+01,2.307095e+01,2.337070e+01,2.364246e+01,2.390673e+01,2.440634e+01,2.454768e+01,2.476270e+01,2.499067e+01,2.505093e+01,2.507770e+01,2.479625e+01,2.456786e+01,2.417034e+01,2.396086e+01,2.364246e+01,2.335710e+01,2.326180e+01,2.300953e+01,2.268132e+01,2.264708e+01,2.239328e+01,2.216640e+01,2.206310e+01,2.204932e+01,2.200797e+01,2.191831e+01,2.187000e+01,2.182858e+01,2.182167e+01,2.179404e+01,2.180095e+01,2.164887e+01,2.175949e+01,2.162811e+01,2.157274e+01,2.149656e+01,2.143419e+01,2.152427e+01,2.162811e+01,2.141339e+01,2.147577e+01,2.150349e+01,2.139258e+01,2.149656e+01,2.151042e+01,2.150349e+01,2.146884e+01,2.153119e+01,2.153812e+01,2.149656e+01,2.138565e+01,2.142032e+01,2.136484e+01,2.160735e+01,2.145498e+01,2.154505e+01,2.144805e+01,2.154505e+01,2.154505e+01,2.150349e+01,2.151734e+01,2.164195e+01,2.155197e+01,2.158659e+01,2.169037e+01,2.175258e+01,2.186310e+01,2.184239e+01,2.180786e+01,2.202176e+01,2.201486e+01,2.184929e+01,2.204932e+01,2.209755e+01,2.205621e+01,2.211132e+01,2.206310e+01,2.210443e+01,2.210443e+01,2.206999e+01,2.209755e+01,2.208377e+01,2.198039e+01,2.217328e+01,2.215263e+01,2.211132e+01,2.212509e+01,2.213198e+01,2.210443e+01,2.213886e+01,2.226959e+01,2.217328e+01,2.228334e+01,2.213886e+01,2.214575e+01,2.219393e+01,2.224208e+01,2.212509e+01,2.221457e+01,2.209755e+01,2.221457e+01,2.219393e+01,2.219393e+01,2.210443e+01,2.210443e+01,2.215952e+01,2.217328e+01,2.211821e+01,2.220081e+01,2.226271e+01,2.220769e+01,2.226271e+01,2.234520e+01,2.233833e+01,2.237955e+01,2.236581e+01,2.229709e+01,2.229709e+01,2.238642e+01,2.247566e+01,2.230396e+01,2.253055e+01,2.239328e+01,2.248252e+01,2.247566e+01,2.250311e+01,2.246194e+01,2.239328e+01,2.244135e+01,2.243448e+01,2.240015e+01,2.248939e+01,2.240702e+01,2.244135e+01,2.248252e+01,2.232458e+01,2.252369e+01,2.224896e+01,2.233833e+01,2.232458e+01,2.228334e+01,2.235207e+01,2.237268e+01,2.237955e+01,2.237268e+01
2.203554e+01,2.204243e+01,2.198039e+01,2.204932e+01,2.206310e+01,2.200797e+01,2.202176e+01,2.206999e+01,2.200107e+01,2.221457e+01,2.219393e+01,2.222145e+01,2.221457e+01,2.213886e+01,2.218016e+01,2.215952e+01,2.216640e+01,2.218016e+01,2.227647e+01,2.221457e+01,2.218705e+01,2.206310e+01,2.209755e+01,2.200797e+01,2.214575e+01,2.218705e+01,2.209755e+01,2.213198e+01,2.220769e+01,2.202176e+01,2.210443e+01,2.214575e+01,2.211821e+01,2.209066e+01,2.210443e+01,2.219393e+01,2.221457e+01,2.205621e+01,2.204932e+01,2.203554e+01,2.176641e+01,2.207688e+01,2.221457e+01,2.200797e+01,2.200107e+01,2.201486e+01,2.204243e+01,2.202176e+01,2.203554e+01,2.202865e+01,2.207688e+01,2.206310e+01,2.209755e+01,2.211821e+01,2.215263e+01,2.215952e+01,2.215263e+01,2.211821e+01,2.215952e+01,2.213198e+01,2.214575e+01,2.221457e+01,2.222833e+01,2.226959e+01,2.218705e+01,2.225584e+01,2.216640e+01,2.219393e+01,2.226271e+01,2.220769e+01,2.225584e+01,2.226959e+01,2.226959e+01,2.227647e+01,2.221457e+01,2.222833e+01,2.226959e+01,2.229022e+01,2.226959e+01,2.217328e+01,2.224896e+01,2.222145e+01,2.220769e+01,2.231084e+01,2.230396e+01,2.221457e+01,2.230396e+01,2.223520e+01,2.231084e+01,2.229709e+01,2.225584e+01,2.231084e+01,2.222833e+01,2.233833e+01,2.232458e+01,2.232458e+01,2.225584e+01,2.230396e+01,2.229709e+01,2.234520e+01,2.235207e+01,2.231084e+01,2.237268e+01,2.233833e+01,2.233146e+01,2.234520e+01,2.234520e+01,2.232458e+01,2.239328e+01,2.231084e+01,2.240015e+01,2.235207e+01,2.249625e+01,2.243448e+01,2.231771e+01,2.244821e+01,2.235894e+01,2.233833e+01,2.232458e+01,2.231084e+01,2.235894e+01,2.236581e+01,2.233146e+01,2.232458e+01,2.240702e+01,2.232458e+01,2.229022e+01,2.242075e+01,2.233146e+01,2.229022e+01,2.233833e+01,2.229709e+01,2.223520e+01,2.218705e+01,2.237268e+01,2.224896e+01,2.219393e+01,2.219393e+01,2.217328e+01,2.219393e+01,2.215263e+01,2.215952e+01,2.209066e+01,2.211821e+01,2.209755e+01,2.202865e+01,2.209066e+01,2.198039e+01,2.200797e+01,2.197349e+01,2.195970e+01,2.195970e+01,2.173185e+01,2.153812e+01,2.150349e+01,2.102434e+01,2.098256e+01,2.085017e+01,2.091987e+01,2.090594e+01,2.097560e+01,2.099649e+01,2.105914e+01,2.127461e+01,2.128850e+01,2.127461e+01,2.161427e+01,2.164887e+01,2.167654e+01,2.170420e+01,2.182167e+01,2.181476e+01,2.176641e+01,2.184929e+01,2.173876e+01,2.184929e+01,2.187691e+01,2.182858e+01,2.182858e+01,2.184929e+01,2.200797e+01,2.195280e+01,2.202865e+01,2.202865e+01,2.231084e+01,2.261282e+01,2.270187e+01,2.316642e+01,2.332307e+01,2.389320e+01,2.429177e+01,2.482980e+01,2.543845e+01,2.591755e+01,2.614965e+01,2.656617e+01,2.667169e+01,2.698763e+01,2.721086e+01,2.735505e+01,2.742707e+01,2.763632e+01,2.766245e+01,2.794291e+01,2.784516e+01,2.762979e+01,2.723709e+01,2.665191e+01,2.575144e+01,2.472241e+01,2.352705e+01,2.274294e+01,2.224896e+01,2.191141e+01,2.157967e+01,2.157967e+01,2.142725e+01,2.146191e+01,2.146884e+01,2.141339e+01,2.140645e+01,2.141339e+01,2.149656e+01,2.141339e+01,2.154505e+01,2.139952e+01,2.148270e+01,2.148270e+01,2.133708e+01,2.135096e+01,2.134402e+01,2.129544e+01,2.134402e+01,2.130238e+01,2.127461e+01,2.131626e+01,2.123294e+01,2.125378e+01,2.130238e+01,2.115650e+01,2.114260e+01,2.114955e+01,2.110783e+01,2.112869e+01,2.112174e+01,2.105218e+01,2.110783e+01,2.101738e+01,2.107305e+01,2.100345e+01,2.098256e+01,2.101738e+01,2.098256e+01,2.099649e+01,2.110783e+01,2.110783e+01,2.108696e+01,2.096864e+01,2.096167e+01,2.105218e+01,2.101042e+01,2.094077e+01,2.098256e+01,2.094774e+01,2.094774e+01,2.096864e+01,2.097560e+01,2.086412e+01,2.090594e+01,2.085715e+01,2.089897e+01,2.090594e+01,2.075949e+01,2.088503e+01,2.091291e+01,2.088503e+01,2.087109e+01,2.081530e+01,2.088503e+01,2.088503e+01,2.085017e+01,2.081530e+01,2.082228e+01,2.094077e+01,2.093381e+01,2.089200e+01,2.088503e+01,2.091291e+01,2.098953e+01,2.090594e+01,2.095471e+01,2.094774e+01,2.085715e+01,2.096167e+01,2.094774e+01,2.089897e+01,2.094774e+01,2.091987e+01,2.081530e+01,2.089897e+01,2.078740e+01,2.082228e+01,2.085715e+01,2.075949e+01,2.080833e+01,2.069666e+01,2.082925e+01,2.091291e+01,2.072459e+01,2.074553e+01,2.080833e+01,2.080833e+01,2.075949e+01,2.082925e+01,2.083623e+01,2.087806e+01,2.091291e+01,2.086412e+01,2.082925e+01,2.095471e+01,2.087806e+01,2.090594e+01,2.078042e+01,2.069666e+01,2.075251e+01,2.074553e+01,2.070364e+01,2.059884e+01,2.066174e+01,2.068967e+01,2.066174e+01,2.071761e+01,2.069666e+01,2.072459e+01,2.070364e+01,2.074553e+01,2.068967e+01,2.078042e+01,2.081530e+01,2.079438e+01,2.082228e+01,2.084320e+01,2.086412e+01,2.068967e+01,2.066872e+01,2.066174e+01,2.057787e+01,2.066174e+01,2.066872e+01,2.068269e+01,2.071062e+01,2.071761e+01,2.074553e+01,2.066872e+01,2.067570e+01,2.071062e+01,2.074553e+01,2.069666e+01,2.071761e+01,2.072459e+01,2.073157e+01,2.068269e+01,2.082925e+01,2.067570e+01,2.087109e+01,2.084320e+01,2.078740e+01,2.077344e+01,2.073855e+01,2.078042e+01,2.074553e+01,2.085017e+01,2.094077e+01,2.069666e+01,2.089897e+01,2.098953e+01,2.087806e+01,2.087806e+01,2.094774e+01,2.090594e+01,2.091291e+01,2.114260e+01,2.104522e+01,2.101738e+01,2.108001e+01,2.098953e+01,2.098953e+01,2.102434e+01,2.102434e+01,2.108696e+01,2.106609e+01,2.098953e+01,2.117736e+01,2.107305e+01,2.108696e+01,2.109392e+01,2.130238e+01,2.121210e+01,2.117736e+01,2.117736e+01,2.134402e+01,2.121905e+01,2.128156e+01,2.146191e+01,2.137177e+01,2.157967e+01,2.154505e+01,2.146884e+01,2.131626e+01,2.135096e+01,2.126072e+01,2.138565e+01,2.137871e+01,2.123294e+01,2.121210e+01,2.127461e+01,2.120515e+01,2.124683e+01,2.118431e+01,2.126072e+01,2.117041e+01,2.121905e+01,2.113565e+01,2.117041e+01,2.111479e+01,2.119820e+01,2.119820e+01,2.110088e+01,2.104522e+01,2.112174e+01,2.115650e+01,2.112869e+01,2.107305e+01,2.110088e+01,2.106609e+01,2.104522e+01,2.101738e+01,2.105218e+01,2.103130e+01,2.108001e+01,2.112174e+01,2.109392e+01,2.108001e+01,2.111479e+01,2.110088e+01,2.113565e+01,2.111479e+01,2.110088e+01,2.111479e+01,2.124683e+01,2.120515e+01,2.129544e+01,2.103826e+01,2.133014e+01,2.124683e+01,2.129544e+01,2.114260e+01,2.121905e+01,2.124683e+01,2.112869e+01,2.115650e+01,2.134402e+01,2.128850e+01,2.148270e+01,2.151734e+01,2.146884e+01,2.153119e+01,2.155890e+01,2.151042e+01,2.165579e+01,2.174567e+01,2.179404e+01,2.191141e+01,2.185620e+01,2.198039e+01,2.183548e+01,2.184239e+01,2.198729e+01,2.192521e+01,2.202865e+01,2.188381e+01,2.202176e+01,2.200797e+01,2.200107e+01,2.186310e+01,2.190451e+01,2.188381e+01,2.197349e+01,2.193901e+01,2.196660e+01,2.198729e+01,2.231771e+01,2.256483e+01,2.264708e+01,2.303000e+01,2.341831e+01,2.362889e+01,2.394057e+01,2.421758e+01,2.449386e+01,2.478283e+01,2.504423e+01,2.504423e+01,2.508439e+01,2.517135e+01,2.493037e+01,2.458131e+01,2.417709e+01,2.398115e+01,2.362210e+01,2.352705e+01,2.311187e+01,2.303000e+01,2.268817e+01,2.257854e+01,2.253741e+01,2.232458e+01,2.209066e+01,2.206999e+01,2.180786e+01,2.183548e+01,2.196660e+01,2.187691e+01,2.181476e+01,2.179404e+01,2.181476e+01,2.174567e+01,2.178022e+01,2.162811e+01,2.162119e+01,2.145498e+01,2.153812e+01,2.139952e+01,2.151042e+01,2.157274e+01,2.146191e+01,2.150349e+01,2.148963e+01,2.150349e+01,2.135790e+01,2.146191e+01,2.144805e+01,2.153812e+01,2.156582e+01,2.152427e+01,2.151042e+01,2.145498e+01,2.146191e+01,2.142032e+01,2.138565e+01,2.139952e+01,2.148270e+01,2.145498e+01,2.160735e+01,2.154505e+01,2.153812e+01,2.161427e+01,2.163503e+01,2.157967e+01,2.169728e+01,2.169037e+01,2.184239e+01,2.184239e+01,2.187691e+01,2.202865e+01,2.189761e+01,2.200797e+01,2.209755e+01,2.198039e+01,2.210443e+01,2.204932e+01,2.206310e+01,2.206999e+01,2.209066e+01,2.206999e+01,2.209755e+01,2.200107e+01,2.214575e+01,2.199418e+01,2.206310e+01,2.212509e+01,2.213886e+01,2.205621e+01,2.211821e+01,2.211132e+01,2.211821e+01,2.219393e+01,2.220769e+01,2.213198e+01,2.242075e+01,2.213198e+01,2.216640e+01,2.216640e+01,2.218705e+01,2.220081e+01,2.222145e+01,2.221457e+01,2.215263e+01,2.233833e+01,2.231771e+01,2.218705e+01,2.225584e+01,2.218705e+01,2.219393e+01,2.215952e+01,2.222145e+01,2.229709e+01,2.218705e+01,2.244821e+01,2.230396e+01,2.235207e+01,2.242762e+01,2.229022e+01,2.227647e+01,2.231771e+01,2.236581e+01,2.231084e+01,2.238642e+01,2.242762e+01,2.243448e+01,2.238642e+01,2.246194e+01,2.244821e+01,2.242762e+01,2.230396e+01,2.235207e+01,2.235894e+01,2.243448e+01,2.235207e+01,2.242075e+01,2.246880e+01,2.242762e+01,2.249625e+01,2.233833e+01,2.248939e+01,2.222145e+01,2.237955e+01,2.240702e+01,2.264708e+01,2.237268e+01
2.200797e+01,2.195280e+01,2.195970e+01,2.216640e+01,2.213886e+01,2.209066e+01,2.201486e+01,2.210443e+01,2.213198e+01,2.213886e+01,2.215952e+01,2.213886e+01,2.222145e+01,2.219393e+01,2.217328e+01,2.215263e+01,2.220081e+01,2.215952e+01,2.211821e+01,2.224896e+01,2.206310e+01,2.205621e+01,2.218016e+01,2.206310e+01,2.211132e+01,2.211821e+01,2.210443e+01,2.215952e+01,2.207688e+01,2.205621e+01,2.198729e+01,2.202865e+01,2.212509e+01,2.198729e+01,2.215952e+01,2.211821e+01,2.190451e+01,2.200107e+01,2.192521e+01,2.202865e+01,2.203554e+01,2.209755e+01,2.201486e+01,2.201486e+01,2.200107e+01,2.202176e+01,2.193211e+01,2.209066e+01,2.201486e+01,2.206999e+01,2.212509e+01,2.209755e+01,2.209755e+01,2.209755e+01,2.213886e+01,2.214575e+01,2.220081e+01,2.224896e+01,2.220769e+01,2.224208e+01,2.217328e+01,2.221457e+01,2.225584e+01,2.213198e+01,2.209755e+01,2.211132e+01,2.219393e+01,2.218705e+01,2.220081e+01,2.223520e+01,2.224208e+01,2.224896e+01,2.215952e+01,2.230396e+01,2.223520e+01,2.229022e+01,2.229022e+01,2.217328e+01,2.221457e+01,2.218016e+01,2.226271e+01,2.206999e+01,2.221457e+01,2.225584e+01,2.228334e+01,2.234520e+01,2.232458e+01,2.228334e+01,2.218705e+01,2.224208e+01,2.237268e+01,2.224208e+01,2.224896e+01,2.226271e+01,2.226959e+01,2.226959e+01,2.226959e+01,2.233833e+01,2.229709e+01,2.227647e+01,2.229709e+01,2.233146e+01,2.233146e+01,2.233146e+01,2.235207e+01,2.209755e+01,2.234520e+01,2.235207e+01,2.237268e+01,2.232458e+01,2.232458e+01,2.232458e+01,2.232458e+01,2.236581e+01,2.237268e+01,2.246194e+01,2.229709e+01,2.231771e+01,2.234520e+01,2.237268e+01,2.235894e+01,2.233146e+01,2.241389e+01,2.240015e+01,2.229709e+01,2.235894e+01,2.233146e+01,2.229709e+01,2.227647e+01,2.238642e+01,2.235207e+01,2.231084e+01,2.239328e+01,2.217328e+01,2.218705e+01,2.221457e+01,2.222145e+01,2.218705e+01,2.220081e+01,2.222145e+01,2.211821e+01,2.212509e+01,2.207688e+01,2.206999e+01,2.206999e+01,2.206999e+01,2.213198e+01,2.199418e+01,2.195280e+01,2.197349e+01,2.196660e+01,2.195280e+01,2.189761e+01,2.173185e+01,2.154505e+01,2.131626e+01,2.104522e+01,2.120515e+01,2.127461e+01,2.127461e+01,2.126072e+01,2.130238e+01,2.128156e+01,2.151734e+01,2.146884e+01,2.168345e+01,2.164887e+01,2.169728e+01,2.166962e+01,2.188381e+01,2.187000e+01,2.179404e+01,2.188381e+01,2.178713e+01,2.181476e+01,2.169728e+01,2.180095e+01,2.180095e+01,2.182167e+01,2.180786e+01,2.187000e+01,2.192521e+01,2.222145e+01,2.220769e+01,2.241389e+01,2.257854e+01,2.273610e+01,2.303683e+01,2.341151e+01,2.379162e+01,2.448040e+01,2.489015e+01,2.538509e+01,2.584449e+01,2.631513e+01,2.645394e+01,2.659916e+01,2.695477e+01,2.706647e+01,2.728298e+01,2.738779e+01,2.767551e+01,2.768857e+01,2.764285e+01,2.760365e+01,2.738124e+01,2.675735e+01,2.614965e+01,2.511115e+01,2.380517e+01,2.308459e+01,2.236581e+01,2.191831e+01,2.171111e+01,2.160043e+01,2.149656e+01,2.151042e+01,2.142032e+01,2.127461e+01,2.144805e+01,2.144112e+01,2.148963e+01,2.142032e+01,2.141339e+01,2.148963e+01,2.141339e+01,2.146191e+01,2.138565e+01,2.133708e+01,2.148270e+01,2.130238e+01,2.129544e+01,2.130238e+01,2.128850e+01,2.120515e+01,2.128156e+01,2.123989e+01,2.122600e+01,2.125378e+01,2.130238e+01,2.117041e+01,2.133014e+01,2.113565e+01,2.116345e+01,2.112174e+01,2.111479e+01,2.114260e+01,2.111479e+01,2.112869e+01,2.098953e+01,2.103826e+01,2.102434e+01,2.105218e+01,2.100345e+01,2.100345e+01,2.107305e+01,2.094774e+01,2.101042e+01,2.103826e+01,2.094774e+01,2.097560e+01,2.092684e+01,2.096864e+01,2.087806e+01,2.092684e+01,2.095471e+01,2.097560e+01,2.072459e+01,2.093381e+01,2.076647e+01,2.087806e+01,2.074553e+01,2.089200e+01,2.078740e+01,2.085715e+01,2.086412e+01,2.085715e+01,2.085017e+01,2.088503e+01,2.075251e+01,2.078042e+01,2.088503e+01,2.087109e+01,2.091291e+01,2.093381e+01,2.082228e+01,2.103130e+01,2.093381e+01,2.089200e+01,2.093381e+01,2.089897e+01,2.093381e+01,2.089200e+01,2.100345e+01,2.088503e+01,2.095471e+01,2.094774e+01,2.100345e+01,2.092684e+01,2.091987e+01,2.087806e+01,2.088503e+01,2.090594e+01,2.078042e+01,2.090594e+01,2.087109e+01,2.075251e+01,2.078042e+01,2.074553e+01,2.068269e+01,2.080135e+01,2.080833e+01,2.081530e+01,2.073855e+01,2.085715e+01,2.094077e+01,2.090594e+01,2.090594e+01,2.080833e+01,2.085017e+01,2.086412e+01,2.084320e+01,2.087109e+01,2.085715e+01,2.073855e+01,2.088503e+01,2.088503e+01,2.068269e+01,2.071761e+01,2.068967e+01,2.064776e+01,2.071062e+01,2.076647e+01,2.065475e+01,2.066174e+01,2.069666e+01,2.068967e+01,2.064776e+01,2.078740e+01,2.078042e+01,2.069666e+01,2.075251e+01,2.078042e+01,2.068967e+01,2.072459e+01,2.064776e+01,2.059185e+01,2.059185e+01,2.056389e+01,2.066174e+01,2.059185e+01,2.066174e+01,2.065475e+01,2.076647e+01,2.063379e+01,2.064776e+01,2.073157e+01,2.073855e+01,2.071761e+01,2.073157e+01,2.068967e+01,2.066174e+01,2.060583e+01,2.068967e+01,2.080833e+01,2.082228e+01,2.075949e+01,2.074553e+01,2.075251e+01,2.075949e+01,2.074553e+01,2.080135e+01,2.088503e+01,2.086412e+01,2.094077e+01,2.091987e+01,2.094774e+01,2.093381e+01,2.096864e+01,2.094774e+01,2.091987e+01,2.096864e+01,2.095471e+01,2.096864e+01,2.095471e+01,2.105218e+01,2.099649e+01,2.105218e+01,2.101042e+01,2.103130e+01,2.112174e+01,2.110783e+01,2.109392e+01,2.109392e+01,2.110088e+01,2.110783e+01,2.117736e+01,2.116345e+01,2.124683e+01,2.119820e+01,2.118431e+01,2.128156e+01,2.141339e+01,2.131626e+01,2.130238e+01,2.153119e+01,2.151734e+01,2.116345e+01,2.136484e+01,2.136484e+01,2.134402e+01,2.134402e+01,2.128156e+01,2.129544e+01,2.138565e+01,2.130238e+01,2.128156e+01,2.126072e+01,2.117041e+01,2.129544e+01,2.128850e+01,2.122600e+01,2.113565e+01,2.113565e+01,2.119820e+01,2.112869e+01,2.119820e+01,2.116345e+01,2.103826e+01,2.105218e+01,2.112869e+01,2.109392e+01,2.112869e+01,2.106609e+01,2.108001e+01,2.105914e+01,2.106609e+01,2.105914e+01,2.103826e+01,2.108696e+01,2.116345e+01,2.111479e+01,2.103130e+01,2.112869e+01,2.110783e+01,2.108696e+01,2.111479e+01,2.109392e+01,2.110783e+01,2.110088e+01,2.122600e+01,2.112174e+01,2.134402e+01,2.117041e+01,2.120515e+01,2.131626e+01,2.112174e+01,2.112869e+01,2.116345e+01,2.112869e+01,2.123989e+01,2.119820e+01,2.127461e+01,2.137871e+01,2.148963e+01,2.153119e+01,2.159351e+01,2.153812e+01,2.153119e+01,2.173185e+01,2.171802e+01,2.178022e+01,2.189761e+01,2.181476e+01,2.187000e+01,2.189761e+01,2.184239e+01,2.201486e+01,2.197349e+01,2.200107e+01,2.189761e+01,2.190451e+01,2.190451e+01,2.190451e+01,2.191141e+01,2.198039e+01,2.197349e+01,2.197349e+01,2.198039e+01,2.193211e+01,2.198039e+01,2.233833e+01,2.272241e+01,2.287290e+01,2.306412e+01,2.367638e+01,2.375096e+01,2.417709e+01,2.445347e+01,2.481638e+01,2.500406e+01,2.508439e+01,2.518472e+01,2.513791e+01,2.511784e+01,2.487004e+01,2.482980e+01,2.440634e+01,2.417034e+01,2.369672e+01,2.342511e+01,2.305730e+01,2.294123e+01,2.275663e+01,2.270187e+01,2.247566e+01,2.221457e+01,2.218016e+01,2.202865e+01,2.207688e+01,2.193901e+01,2.189761e+01,2.178022e+01,2.179404e+01,2.182167e+01,2.182858e+01,2.178713e+01,2.166962e+01,2.178713e+01,2.160043e+01,2.164195e+01,2.148963e+01,2.147577e+01,2.139258e+01,2.152427e+01,2.148963e+01,2.152427e+01,2.148270e+01,2.146191e+01,2.147577e+01,2.146191e+01,2.148270e+01,2.153812e+01,2.161427e+01,2.144112e+01,2.139952e+01,2.146191e+01,2.144112e+01,2.156582e+01,2.143419e+01,2.139952e+01,2.140645e+01,2.159351e+01,2.152427e+01,2.146191e+01,2.153812e+01,2.157274e+01,2.156582e+01,2.160735e+01,2.166270e+01,2.178713e+01,2.173185e+01,2.180786e+01,2.183548e+01,2.178713e+01,2.189071e+01,2.193211e+01,2.211821e+01,2.200107e+01,2.202176e+01,2.209066e+01,2.205621e+01,2.206310e+01,2.210443e+01,2.208377e+01,2.208377e+01,2.209066e+01,2.213198e+01,2.202865e+01,2.208377e+01,2.217328e+01,2.209755e+01,2.213886e+01,2.212509e+01,2.215952e+01,2.209755e+01,2.214575e+01,2.234520e+01,2.214575e+01,2.230396e+01,2.209066e+01,2.213886e+01,2.227647e+01,2.226959e+01,2.220769e+01,2.218016e+01,2.227647e+01,2.209755e+01,2.229022e+01,2.216640e+01,2.223520e+01,2.213886e+01,2.214575e+01,2.226271e+01,2.219393e+01,2.231771e+01,2.242762e+01,2.229709e+01,2.236581e+01,2.233833e+01,2.231084e+01,2.229022e+01,2.238642e+01,2.244135e+01,2.241389e+01,2.245507e+01,2.237955e+01,2.240015e+01,2.243448e+01,2.228334e+01,2.240702e+01,2.259911e+01,2.246880e+01,2.244135e+01,2.237955e+01,2.246194e+01,2.245507e+01,2.245507e+01,2.250997e+01,2.230396e+01,2.250311e+01,2.237268e+01,2.232458e+01,2.226959e+01,2.215952e+01,2.213886e+01,2.229709e+01,2.240702e+01,2.240015e+01,2.237268e+01
2.207688e+01,2.213886e+01,2.215263e+01,2.204932e+01,2.198039e+01,2.202865e+01,2.223520e+01,2.208377e+01,2.229022e+01,2.216640e+01,2.220769e+01,2.213886e+01,2.224208e+01,2.222833e+01,2.213198e+01,2.213198e+01,2.214575e+01,2.208377e+01,2.204243e+01,2.216640e+01,2.206310e+01,2.206310e+01,2.207688e+01,2.206310e+01,2.204243e+01,2.213886e+01,2.200797e+01,2.211132e+01,2.206310e+01,2.208377e+01,2.207688e+01,2.198039e+01,2.209066e+01,2.207688e+01,2.211132e+01,2.218016e+01,2.200107e+01,2.200107e+01,2.224208e+01,2.200797e+01,2.211132e+01,2.204932e+01,2.215952e+01,2.193901e+01,2.208377e+01,2.202865e+01,2.205621e+01,2.206310e+01,2.207688e+01,2.209066e+01,2.200797e+01,2.212509e+01,2.210443e+01,2.206310e+01,2.214575e+01,2.218016e+01,2.215263e+01,2.216640e+01,2.226271e+01,2.222833e+01,2.215952e+01,2.215263e+01,2.219393e+01,2.218705e+01,2.222145e+01,2.214575e+01,2.217328e+01,2.219393e+01,2.222145e+01,2.226271e+01,2.223520e+01,2.229022e+01,2.221457e+01,2.226271e+01,2.223520e+01,2.226271e+01,2.223520e+01,2.225584e+01,2.231771e+01,2.223520e+01,2.212509e+01,2.226271e+01,2.213886e+01,2.229022e+01,2.223520e+01,2.231084e+01,2.233146e+01,2.223520e+01,2.223520e+01,2.239328e+01,2.222833e+01,2.236581e+01,2.226271e+01,2.226271e+01,2.217328e+01,2.227647e+01,2.231771e+01,2.230396e+01,2.222833e+01,2.234520e+01,2.239328e+01,2.235894e+01,2.231084e+01,2.229022e+01,2.229709e+01,2.233146e+01,2.231084e+01,2.226271e+01,2.226271e+01,2.224896e+01,2.230396e+01,2.237268e+01,2.235207e+01,2.235894e+01,2.232458e+01,2.235894e+01,2.232458e+01,2.235207e+01,2.235207e+01,2.234520e+01,2.235207e+01,2.246194e+01,2.240015e+01,2.237955e+01,2.229022e+01,2.240015e+01,2.229709e+01,2.233833e+01,2.232458e+01,2.232458e+01,2.228334e+01,2.226959e+01,2.224896e+01,2.224896e+01,2.224896e+01,2.217328e+01,2.233146e+01,2.227647e+01,2.221457e+01,2.222833e+01,2.220769e+01,2.210443e+01,2.207688e+01,2.213198e+01,2.212509e+01,2.210443e+01,2.210443e+01,2.189071e+01,2.196660e+01,2.196660e+01,2.204243e+01,2.179404e+01,2.194591e+01,2.171802e+01,2.169037e+01,2.155197e+01,2.142725e+01,2.149656e+01,2.155197e+01,2.168345e+01,2.157967e+01,2.155197e+01,2.161427e+01,2.163503e+01,2.172494e+01,2.168345e+01,2.164887e+01,2.168345e+01,2.190451e+01,2.175258e+01,2.182167e+01,2.178713e+01,2.181476e+01,2.174567e+01,2.171111e+01,2.180095e+01,2.184929e+01,2.184239e+01,2.184929e+01,2.194591e+01,2.188381e+01,2.195280e+01,2.196660e+01,2.215263e+01,2.246194e+01,2.251683e+01,2.286607e+01,2.311869e+01,2.371028e+01,2.394733e+01,2.448040e+01,2.495717e+01,2.539176e+01,2.577803e+01,2.623573e+01,2.646715e+01,2.663213e+01,2.694819e+01,2.701392e+01,2.727642e+01,2.740743e+01,2.744671e+01,2.739434e+01,2.738124e+01,2.743362e+01,2.694162e+01,2.640108e+01,2.557841e+01,2.448040e+01,2.351346e+01,2.264708e+01,2.218705e+01,2.178022e+01,2.181476e+01,2.152427e+01,2.138565e+01,2.142032e+01,2.144805e+01,2.143419e+01,2.146884e+01,2.144805e+01,2.142725e+01,2.140645e+01,2.138565e+01,2.148963e+01,2.137871e+01,2.144805e+01,2.132320e+01,2.126072e+01,2.126767e+01,2.134402e+01,2.135096e+01,2.129544e+01,2.127461e+01,2.126072e+01,2.118431e+01,2.117736e+01,2.121905e+01,2.114260e+01,2.130932e+01,2.117041e+01,2.130238e+01,2.115650e+01,2.114260e+01,2.121210e+01,2.105914e+01,2.108696e+01,2.118431e+01,2.101042e+01,2.108001e+01,2.114260e+01,2.110783e+01,2.114955e+01,2.110783e+01,2.109392e+01,2.103826e+01,2.105218e+01,2.102434e+01,2.105218e+01,2.093381e+01,2.097560e+01,2.092684e+01,2.093381e+01,2.087109e+01,2.086412e+01,2.090594e+01,2.089200e+01,2.089897e+01,2.089897e+01,2.088503e+01,2.090594e+01,2.089200e+01,2.089897e+01,2.089200e+01,2.080135e+01,2.087806e+01,2.087109e+01,2.084320e+01,2.083623e+01,2.083623e+01,2.082228e+01,2.089200e+01,2.076647e+01,2.080135e+01,2.087806e+01,2.082925e+01,2.089897e+01,2.087109e+01,2.089200e+01,2.086412e+01,2.088503e+01,2.089200e+01,2.095471e+01,2.108696e+01,2.096864e+01,2.094774e+01,2.098256e+01,2.096167e+01,2.088503e+01,2.094077e+01,2.081530e+01,2.089200e+01,2.078740e+01,2.083623e+01,2.075251e+01,2.074553e+01,2.073157e+01,2.078042e+01,2.076647e+01,2.074553e+01,2.075251e+01,2.078740e+01,2.078042e+01,2.078740e+01,2.082228e+01,2.080135e+01,2.078042e+01,2.088503e+01,2.073855e+01,2.087806e+01,2.089897e+01,2.086412e+01,2.085715e+01,2.085017e+01,2.074553e+01,2.080135e+01,2.072459e+01,2.063379e+01,2.059884e+01,2.073855e+01,2.071761e+01,2.066174e+01,2.067570e+01,2.073157e+01,2.061981e+01,2.065475e+01,2.060583e+01,2.067570e+01,2.075251e+01,2.073157e+01,2.073157e+01,2.068269e+01,2.067570e+01,2.068967e+01,2.066174e+01,2.065475e+01,2.052892e+01,2.060583e+01,2.066174e+01,2.067570e+01,2.060583e+01,2.066872e+01,2.063379e+01,2.073157e+01,2.074553e+01,2.073855e+01,2.070364e+01,2.075251e+01,2.076647e+01,2.073855e+01,2.078042e+01,2.080833e+01,2.078740e+01,2.071761e+01,2.073157e+01,2.074553e+01,2.074553e+01,2.075949e+01,2.075949e+01,2.084320e+01,2.086412e+01,2.085017e+01,2.089200e+01,2.090594e+01,2.094077e+01,2.095471e+01,2.091291e+01,2.094774e+01,2.091291e+01,2.093381e+01,2.091291e+01,2.091987e+01,2.089200e+01,2.098953e+01,2.099649e+01,2.098953e+01,2.102434e+01,2.097560e+01,2.098953e+01,2.097560e+01,2.113565e+01,2.106609e+01,2.112174e+01,2.112174e+01,2.110783e+01,2.111479e+01,2.115650e+01,2.117041e+01,2.120515e+01,2.126767e+01,2.126072e+01,2.127461e+01,2.121210e+01,2.137871e+01,2.135790e+01,2.135096e+01,2.150349e+01,2.131626e+01,2.133708e+01,2.133014e+01,2.135790e+01,2.129544e+01,2.128850e+01,2.135096e+01,2.136484e+01,2.125378e+01,2.123294e+01,2.126767e+01,2.121905e+01,2.114955e+01,2.117041e+01,2.121905e+01,2.117041e+01,2.115650e+01,2.115650e+01,2.120515e+01,2.111479e+01,2.111479e+01,2.105218e+01,2.106609e+01,2.099649e+01,2.102434e+01,2.104522e+01,2.110783e+01,2.108696e+01,2.105914e+01,2.107305e+01,2.105914e+01,2.101042e+01,2.104522e+01,2.103826e+01,2.108001e+01,2.102434e+01,2.109392e+01,2.103826e+01,2.109392e+01,2.117736e+01,2.112869e+01,2.119126e+01,2.117041e+01,2.104522e+01,2.105218e+01,2.115650e+01,2.133014e+01,2.123294e+01,2.120515e+01,2.122600e+01,2.114260e+01,2.116345e+01,2.114955e+01,2.121210e+01,2.120515e+01,2.133014e+01,2.133708e+01,2.155197e+01,2.152427e+01,2.151042e+01,2.152427e+01,2.152427e+01,2.179404e+01,2.173185e+01,2.171802e+01,2.187000e+01,2.175258e+01,2.187691e+01,2.189761e+01,2.191141e+01,2.188381e+01,2.184239e+01,2.195280e+01,2.187691e+01,2.199418e+01,2.200797e+01,2.200107e+01,2.183548e+01,2.199418e+01,2.201486e+01,2.198039e+01,2.200107e+01,2.226959e+01,2.230396e+01,2.262652e+01,2.280452e+01,2.318005e+01,2.353384e+01,2.378484e+01,2.401496e+01,2.420408e+01,2.451405e+01,2.480296e+01,2.503084e+01,2.517135e+01,2.534504e+01,2.525823e+01,2.508439e+01,2.507101e+01,2.487674e+01,2.458131e+01,2.418384e+01,2.386612e+01,2.353384e+01,2.329585e+01,2.293440e+01,2.292757e+01,2.271556e+01,2.252369e+01,2.215263e+01,2.219393e+01,2.205621e+01,2.201486e+01,2.220081e+01,2.179404e+01,2.194591e+01,2.181476e+01,2.173185e+01,2.164195e+01,2.176641e+01,2.167654e+01,2.157967e+01,2.151734e+01,2.155890e+01,2.160043e+01,2.143419e+01,2.142725e+01,2.140645e+01,2.144112e+01,2.149656e+01,2.148963e+01,2.145498e+01,2.139258e+01,2.145498e+01,2.138565e+01,2.155197e+01,2.142032e+01,2.145498e+01,2.139952e+01,2.139952e+01,2.147577e+01,2.142725e+01,2.148963e+01,2.153812e+01,2.142032e+01,2.147577e+01,2.147577e+01,2.160735e+01,2.152427e+01,2.157274e+01,2.163503e+01,2.156582e+01,2.164887e+01,2.169037e+01,2.169728e+01,2.172494e+01,2.182858e+01,2.193211e+01,2.192521e+01,2.192521e+01,2.197349e+01,2.206310e+01,2.205621e+01,2.204243e+01,2.206310e+01,2.208377e+01,2.215952e+01,2.209755e+01,2.209755e+01,2.207688e+01,2.210443e+01,2.215263e+01,2.213886e+01,2.211132e+01,2.212509e+01,2.202176e+01,2.216640e+01,2.208377e+01,2.211821e+01,2.209755e+01,2.211821e+01,2.210443e+01,2.215263e+01,2.207688e+01,2.226959e+01,2.210443e+01,2.212509e+01,2.219393e+01,2.213198e+01,2.211821e+01,2.215263e+01,2.224208e+01,2.213886e+01,2.215952e+01,2.217328e+01,2.220769e+01,2.226271e+01,2.230396e+01,2.216640e+01,2.216640e+01,2.235207e+01,2.218705e+01,2.229022e+01,2.231084e+01,2.230396e+01,2.231084e+01,2.229022e+01,2.219393e+01,2.230396e+01,2.240702e+01,2.242075e+01,2.231771e+01,2.226271e+01,2.248939e+01,2.252369e+01,2.233146e+01,2.255798e+01,2.245507e+01,2.242075e+01,2.245507e+01,2.232458e+01,2.243448e+01,2.231771e+01,2.226959e+01,2.225584e+01,2.227647e+01,2.235207e+01,2.228334e+01,2.233833e+01,2.239328e+01,2.219393e+01,2.239328e+01,2.238642e+01
2.209066e+01,2.213198e+01,2.212509e+01,2.205621e+01,2.211821e+01,2.205621e+01,2.214575e+01,2.213886e+01,2.226271e+01,2.215952e+01,2.213886e+01,2.220081e+01,2.214575e+01,2.215952e+01,2.214575e+01,2.213198e+01,2.209755e+01,2.213198e+01,2.202176e+01,2.204243e+01,2.200107e+01,2.202176e+01,2.199418e+01,2.198039e+01,2.212509e+01,2.211821e+01,2.212509e+01,2.200797e+01,2.204932e+01,2.195970e+01,2.208377e+01,2.207688e+01,2.211132e+01,2.202176e+01,2.217328e+01,2.199418e+01,2.198729e+01,2.195280e+01,2.205621e+01,2.218705e+01,2.198729e+01,2.217328e+01,2.206999e+01,2.211132e+01,2.202865e+01,2.205621e+01,2.193211e+01,2.193211e+01,2.215263e+01,2.211821e+01,2.218016e+01,2.212509e+01,2.214575e+01,2.207688e+01,2.216640e+01,2.222145e+01,2.213886e+01,2.205621e+01,2.229022e+01,2.214575e+01,2.219393e+01,2.215263e+01,2.209755e+01,2.218016e+01,2.222833e+01,2.221457e+01,2.219393e+01,2.219393e+01,2.216640e+01,2.220769e+01,2.216640e+01,2.221457e+01,2.217328e+01,2.229022e+01,2.224208e+01,2.229022e+01,2.222145e+01,2.217328e+01,2.222833e+01,2.222145e+01,2.227647e+01,2.219393e+01,2.210443e+01,2.213198e+01,2.225584e+01,2.225584e+01,2.219393e+01,2.222833e+01,2.231084e+01,2.226271e+01,2.226959e+01,2.221457e+01,2.226959e+01,2.223520e+01,2.228334e+01,2.226959e+01,2.221457e+01,2.226271e+01,2.229709e+01,2.233833e+01,2.222833e+01,2.236581e+01,2.232458e+01,2.232458e+01,2.232458e+01,2.227647e+01,2.237268e+01,2.232458e+01,2.230396e+01,2.209755e+01,2.231084e+01,2.232458e+01,2.235207e+01,2.234520e+01,2.232458e+01,2.237955e+01,2.234520e+01,2.230396e+01,2.235894e+01,2.229022e+01,2.240702e+01,2.242762e+01,2.250311e+01,2.225584e+01,2.231084e+01,2.235894e+01,2.230396e+01,2.238642e+01,2.232458e+01,2.227647e+01,2.240702e+01,2.226271e+01,2.223520e+01,2.224208e+01,2.219393e+01,2.218016e+01,2.218016e+01,2.219393e+01,2.222833e+01,2.218016e+01,2.218016e+01,2.211821e+01,2.204932e+01,2.213198e+01,2.206310e+01,2.212509e+01,2.206310e+01,2.222145e+01,2.191141e+01,2.198039e+01,2.198039e+01,2.195970e+01,2.195280e+01,2.179404e+01,2.169728e+01,2.183548e+01,2.180786e+01,2.179404e+01,2.180095e+01,2.176641e+01,2.178713e+01,2.170420e+01,2.197349e+01,2.178713e+01,2.169728e+01,2.191831e+01,2.173185e+01,2.169037e+01,2.177332e+01,2.187691e+01,2.182858e+01,2.182167e+01,2.173185e+01,2.173185e+01,2.173185e+01,2.182858e+01,2.182858e+01,2.177332e+01,2.185620e+01,2.182858e+01,2.206999e+01,2.194591e+01,2.199418e+01,2.215263e+01,2.244821e+01,2.254426e+01,2.288657e+01,2.312551e+01,2.351346e+01,2.403524e+01,2.462164e+01,2.493707e+01,2.544512e+01,2.575144e+01,2.626882e+01,2.653317e+01,2.675076e+01,2.691531e+01,2.702049e+01,2.732885e+01,2.737470e+01,2.730919e+01,2.750559e+01,2.734195e+01,2.707304e+01,2.665191e+01,2.596401e+01,2.493707e+01,2.380517e+01,2.309823e+01,2.228334e+01,2.208377e+01,2.175258e+01,2.166270e+01,2.148963e+01,2.148270e+01,2.144112e+01,2.143419e+01,2.142725e+01,2.145498e+01,2.140645e+01,2.131626e+01,2.139952e+01,2.135096e+01,2.148270e+01,2.145498e+01,2.127461e+01,2.128156e+01,2.133708e+01,2.136484e+01,2.126767e+01,2.130238e+01,2.133014e+01,2.144112e+01,2.117736e+01,2.123989e+01,2.128850e+01,2.122600e+01,2.119820e+01,2.110783e+01,2.114260e+01,2.123294e+01,2.119126e+01,2.117041e+01,2.110783e+01,2.117736e+01,2.107305e+01,2.122600e+01,2.118431e+01,2.117041e+01,2.119126e+01,2.096864e+01,2.105914e+01,2.114955e+01,2.101042e+01,2.103130e+01,2.103130e+01,2.089200e+01,2.096864e+01,2.092684e+01,2.092684e+01,2.096167e+01,2.094774e+01,2.086412e+01,2.085715e+01,2.096864e+01,2.087806e+01,2.068967e+01,2.091291e+01,2.089897e+01,2.089897e+01,2.078740e+01,2.089200e+01,2.087806e+01,2.086412e+01,2.075949e+01,2.085715e+01,2.085715e+01,2.084320e+01,2.075251e+01,2.078042e+01,2.074553e+01,2.071761e+01,2.095471e+01,2.086412e+01,2.094077e+01,2.091291e+01,2.088503e+01,2.083623e+01,2.096167e+01,2.092684e+01,2.094774e+01,2.094774e+01,2.096167e+01,2.100345e+01,2.100345e+01,2.100345e+01,2.089200e+01,2.088503e+01,2.095471e+01,2.097560e+01,2.087109e+01,2.084320e+01,2.077344e+01,2.085715e+01,2.080833e+01,2.074553e+01,2.075949e+01,2.068967e+01,2.073855e+01,2.074553e+01,2.075949e+01,2.078740e+01,2.078740e+01,2.080833e+01,2.082228e+01,2.082925e+01,2.093381e+01,2.091291e+01,2.071761e+01,2.089897e+01,2.095471e+01,2.086412e+01,2.080833e+01,2.060583e+01,2.064078e+01,2.072459e+01,2.075949e+01,2.060583e+01,2.071761e+01,2.073157e+01,2.061981e+01,2.072459e+01,2.078740e+01,2.065475e+01,2.062680e+01,2.067570e+01,2.061981e+01,2.070364e+01,2.076647e+01,2.072459e+01,2.051493e+01,2.070364e+01,2.064776e+01,2.064776e+01,2.057787e+01,2.068269e+01,2.059185e+01,2.062680e+01,2.061981e+01,2.071062e+01,2.068269e+01,2.071761e+01,2.062680e+01,2.059185e+01,2.060583e+01,2.073855e+01,2.076647e+01,2.073855e+01,2.079438e+01,2.078042e+01,2.089897e+01,2.081530e+01,2.086412e+01,2.098256e+01,2.082228e+01,2.073855e+01,2.090594e+01,2.073855e+01,2.078740e+01,2.077344e+01,2.098953e+01,2.101042e+01,2.089897e+01,2.083623e+01,2.094774e+01,2.094774e+01,2.094774e+01,2.094774e+01,2.091987e+01,2.089897e+01,2.088503e+01,2.097560e+01,2.090594e+01,2.101042e+01,2.094077e+01,2.096167e+01,2.103826e+01,2.099649e+01,2.100345e+01,2.104522e+01,2.098953e+01,2.105914e+01,2.107305e+01,2.110088e+01,2.103826e+01,2.105218e+01,2.117736e+01,2.117041e+01,2.128850e+01,2.124683e+01,2.130238e+01,2.116345e+01,2.130238e+01,2.135790e+01,2.128156e+01,2.128156e+01,2.136484e+01,2.145498e+01,2.148270e+01,2.136484e+01,2.128850e+01,2.119820e+01,2.124683e+01,2.138565e+01,2.125378e+01,2.121905e+01,2.114260e+01,2.119126e+01,2.112174e+01,2.117041e+01,2.119820e+01,2.114260e+01,2.130932e+01,2.117736e+01,2.106609e+01,2.112869e+01,2.103826e+01,2.109392e+01,2.114260e+01,2.101738e+01,2.101042e+01,2.105914e+01,2.101738e+01,2.105218e+01,2.107305e+01,2.112174e+01,2.105914e+01,2.113565e+01,2.106609e+01,2.112174e+01,2.110088e+01,2.112174e+01,2.112869e+01,2.114955e+01,2.117736e+01,2.116345e+01,2.117041e+01,2.114260e+01,2.112174e+01,2.116345e+01,2.114260e+01,2.130932e+01,2.147577e+01,2.110783e+01,2.117736e+01,2.114260e+01,2.112174e+01,2.116345e+01,2.121210e+01,2.127461e+01,2.138565e+01,2.133708e+01,2.137871e+01,2.150349e+01,2.137177e+01,2.153119e+01,2.155890e+01,2.144805e+01,2.174567e+01,2.182858e+01,2.174567e+01,2.182167e+01,2.191831e+01,2.188381e+01,2.186310e+01,2.192521e+01,2.191831e+01,2.194591e+01,2.190451e+01,2.182858e+01,2.188381e+01,2.194591e+01,2.188381e+01,2.196660e+01,2.205621e+01,2.194591e+01,2.195970e+01,2.199418e+01,2.236581e+01,2.254426e+01,2.266078e+01,2.303683e+01,2.340471e+01,2.356779e+01,2.384581e+01,2.419059e+01,2.447367e+01,2.483651e+01,2.506431e+01,2.517803e+01,2.529163e+01,2.525155e+01,2.522482e+01,2.505762e+01,2.517135e+01,2.488345e+01,2.470898e+01,2.419733e+01,2.380517e+01,2.354742e+01,2.328904e+01,2.292757e+01,2.289341e+01,2.274294e+01,2.259225e+01,2.248939e+01,2.204932e+01,2.207688e+01,2.203554e+01,2.191831e+01,2.199418e+01,2.178713e+01,2.178022e+01,2.175949e+01,2.173185e+01,2.180786e+01,2.167654e+01,2.171802e+01,2.157967e+01,2.148963e+01,2.143419e+01,2.145498e+01,2.148963e+01,2.146884e+01,2.144805e+01,2.145498e+01,2.133014e+01,2.149656e+01,2.141339e+01,2.150349e+01,2.146191e+01,2.142725e+01,2.141339e+01,2.154505e+01,2.147577e+01,2.160043e+01,2.147577e+01,2.153812e+01,2.142725e+01,2.141339e+01,2.155197e+01,2.146191e+01,2.150349e+01,2.163503e+01,2.143419e+01,2.163503e+01,2.157274e+01,2.163503e+01,2.172494e+01,2.173185e+01,2.176641e+01,2.182858e+01,2.185620e+01,2.186310e+01,2.190451e+01,2.196660e+01,2.213198e+01,2.208377e+01,2.203554e+01,2.204243e+01,2.209755e+01,2.204932e+01,2.210443e+01,2.191141e+01,2.209066e+01,2.209755e+01,2.206999e+01,2.211821e+01,2.201486e+01,2.213198e+01,2.205621e+01,2.208377e+01,2.206999e+01,2.220769e+01,2.218705e+01,2.209066e+01,2.211132e+01,2.213886e+01,2.213198e+01,2.215263e+01,2.220769e+01,2.220081e+01,2.214575e+01,2.224208e+01,2.212509e+01,2.202865e+01,2.215263e+01,2.218016e+01,2.227647e+01,2.210443e+01,2.224896e+01,2.222833e+01,2.226271e+01,2.211821e+01,2.231084e+01,2.215952e+01,2.242075e+01,2.243448e+01,2.239328e+01,2.230396e+01,2.230396e+01,2.259911e+01,2.233833e+01,2.226271e+01,2.235894e+01,2.229709e+01,2.237955e+01,2.240702e+01,2.237268e+01,2.238642e+01,2.244821e+01,2.237268e+01,2.255112e+01,2.268817e+01,2.240702e+01,2.240015e+01,2.237268e+01,2.231771e+01,2.236581e+01,2.237268e+01,2.226959e+01,2.231084e+01,2.237268e+01,2.212509e+01,2.244135e+01,2.242075e+01,2.231084e+01,2.242762e+01,2.234520e+01
2.205621e+01,2.211821e+01,2.232458e+01,2.212509e+01,2.213886e+01,2.213886e+01,2.213198e+01,2.211132e+01,2.215952e+01,2.211132e+01,2.213886e+01,2.212509e+01,2.227647e+01,2.215952e+01,2.215263e+01,2.212509e+01,2.215952e+01,2.210443e+01,2.211821e+01,2.204243e+01,2.200107e+01,2.206310e+01,2.205621e+01,2.216640e+01,2.215263e+01,2.203554e+01,2.208377e+01,2.209066e+01,2.209066e+01,2.206310e+01,2.211821e+01,2.202176e+01,2.206999e+01,2.209755e+01,2.205621e+01,2.206999e+01,2.214575e+01,2.207688e+01,2.209755e+01,2.209066e+01,2.217328e+01,2.204932e+01,2.218016e+01,2.213886e+01,2.204932e+01,2.198039e+01,2.202176e+01,2.193211e+01,2.191831e+01,2.211821e+01,2.209755e+01,2.213886e+01,2.202865e+01,2.208377e+01,2.209755e+01,2.215263e+01,2.221457e+01,2.224208e+01,2.217328e+01,2.220769e+01,2.233833e+01,2.223520e+01,2.223520e+01,2.210443e+01,2.215952e+01,2.223520e+01,2.217328e+01,2.219393e+01,2.213886e+01,2.218016e+01,2.211821e+01,2.220081e+01,2.220769e+01,2.218705e+01,2.224896e+01,2.217328e+01,2.213198e+01,2.212509e+01,2.224896e+01,2.211132e+01,2.208377e+01,2.230396e+01,2.220081e+01,2.225584e+01,2.220769e+01,2.232458e+01,2.221457e+01,2.218016e+01,2.219393e+01,2.220769e+01,2.227647e+01,2.229022e+01,2.224896e+01,2.220081e+01,2.220769e+01,2.226959e+01,2.217328e+01,2.222833e+01,2.240015e+01,2.232458e+01,2.231084e+01,2.225584e+01,2.224896e+01,2.226959e+01,2.235894e+01,2.233146e+01,2.237268e+01,2.226271e+01,2.236581e+01,2.239328e+01,2.227647e+01,2.229709e+01,2.234520e+01,2.234520e+01,2.234520e+01,2.232458e+01,2.233833e+01,2.245507e+01,2.240015e+01,2.234520e+01,2.231771e+01,2.245507e+01,2.251683e+01,2.236581e+01,2.229709e+01,2.229709e+01,2.229709e+01,2.240015e+01,2.231084e+01,2.229022e+01,2.231771e+01,2.236581e+01,2.222833e+01,2.231084e+01,2.231771e+01,2.218016e+01,2.223520e+01,2.220769e+01,2.213198e+01,2.215952e+01,2.217328e+01,2.213198e+01,2.215263e+01,2.210443e+01,2.207688e+01,2.213886e+01,2.212509e+01,2.206999e+01,2.200107e+01,2.191141e+01,2.191141e+01,2.194591e+01,2.191141e+01,2.200797e+01,2.195280e+01,2.177332e+01,2.183548e+01,2.183548e+01,2.180786e+01,2.178713e+01,2.191831e+01,2.189761e+01,2.193901e+01,2.188381e+01,2.188381e+01,2.181476e+01,2.169728e+01,2.172494e+01,2.173185e+01,2.186310e+01,2.178022e+01,2.173185e+01,2.176641e+01,2.182167e+01,2.178713e+01,2.172494e+01,2.177332e+01,2.178022e+01,2.181476e+01,2.182167e+01,2.193901e+01,2.195970e+01,2.215263e+01,2.196660e+01,2.233146e+01,2.264022e+01,2.287974e+01,2.318005e+01,2.352026e+01,2.399467e+01,2.460148e+01,2.507101e+01,2.542512e+01,2.587106e+01,2.617615e+01,2.632175e+01,2.674418e+01,2.678369e+01,2.686268e+01,2.706647e+01,2.721741e+01,2.731574e+01,2.715837e+01,2.705990e+01,2.669806e+01,2.605687e+01,2.523151e+01,2.423107e+01,2.310505e+01,2.260596e+01,2.213886e+01,2.180786e+01,2.157274e+01,2.148270e+01,2.153119e+01,2.145498e+01,2.136484e+01,2.143419e+01,2.143419e+01,2.142725e+01,2.133708e+01,2.142725e+01,2.140645e+01,2.139952e+01,2.138565e+01,2.135790e+01,2.139952e+01,2.133708e+01,2.127461e+01,2.130238e+01,2.133708e+01,2.130932e+01,2.130238e+01,2.130932e+01,2.124683e+01,2.118431e+01,2.124683e+01,2.119126e+01,2.112869e+01,2.111479e+01,2.123294e+01,2.121905e+01,2.114260e+01,2.119820e+01,2.119820e+01,2.119126e+01,2.123989e+01,2.121210e+01,2.119820e+01,2.121210e+01,2.119820e+01,2.117041e+01,2.102434e+01,2.114955e+01,2.110783e+01,2.110088e+01,2.092684e+01,2.100345e+01,2.101738e+01,2.092684e+01,2.098256e+01,2.094077e+01,2.087806e+01,2.091291e+01,2.095471e+01,2.087806e+01,2.089200e+01,2.087806e+01,2.089200e+01,2.091291e+01,2.085715e+01,2.086412e+01,2.087806e+01,2.084320e+01,2.084320e+01,2.085017e+01,2.076647e+01,2.083623e+01,2.087109e+01,2.085715e+01,2.073157e+01,2.078042e+01,2.082925e+01,2.080135e+01,2.081530e+01,2.087109e+01,2.087806e+01,2.075949e+01,2.086412e+01,2.095471e+01,2.087806e+01,2.090594e+01,2.092684e+01,2.098256e+01,2.112869e+01,2.097560e+01,2.095471e+01,2.094077e+01,2.087109e+01,2.088503e+01,2.089897e+01,2.085715e+01,2.075949e+01,2.084320e+01,2.083623e+01,2.081530e+01,2.078042e+01,2.094077e+01,2.075251e+01,2.077344e+01,2.078042e+01,2.074553e+01,2.077344e+01,2.078740e+01,2.072459e+01,2.082925e+01,2.079438e+01,2.074553e+01,2.069666e+01,2.080135e+01,2.091291e+01,2.086412e+01,2.087109e+01,2.082228e+01,2.059185e+01,2.073855e+01,2.066872e+01,2.061981e+01,2.061981e+01,2.062680e+01,2.064078e+01,2.058486e+01,2.064776e+01,2.068967e+01,2.058486e+01,2.065475e+01,2.065475e+01,2.068967e+01,2.064776e+01,2.071761e+01,2.071062e+01,2.071062e+01,2.068269e+01,2.063379e+01,2.054990e+01,2.067570e+01,2.068967e+01,2.066174e+01,2.061981e+01,2.067570e+01,2.064078e+01,2.071062e+01,2.069666e+01,2.060583e+01,2.068269e+01,2.058486e+01,2.057787e+01,2.068967e+01,2.071062e+01,2.072459e+01,2.080833e+01,2.069666e+01,2.083623e+01,2.086412e+01,2.082925e+01,2.079438e+01,2.087806e+01,2.093381e+01,2.092684e+01,2.077344e+01,2.079438e+01,2.101042e+01,2.091291e+01,2.090594e+01,2.088503e+01,2.090594e+01,2.092684e+01,2.094774e+01,2.090594e+01,2.092684e+01,2.091987e+01,2.092684e+01,2.089897e+01,2.097560e+01,2.106609e+01,2.098256e+01,2.095471e+01,2.091291e+01,2.098953e+01,2.094774e+01,2.097560e+01,2.103826e+01,2.102434e+01,2.102434e+01,2.103826e+01,2.102434e+01,2.114955e+01,2.117736e+01,2.119126e+01,2.120515e+01,2.116345e+01,2.118431e+01,2.123294e+01,2.119126e+01,2.129544e+01,2.132320e+01,2.135096e+01,2.137177e+01,2.133014e+01,2.123989e+01,2.126072e+01,2.135096e+01,2.119126e+01,2.126767e+01,2.123989e+01,2.119820e+01,2.119126e+01,2.117736e+01,2.117736e+01,2.115650e+01,2.114260e+01,2.121210e+01,2.112869e+01,2.114260e+01,2.112174e+01,2.101738e+01,2.111479e+01,2.105218e+01,2.103130e+01,2.108696e+01,2.098953e+01,2.099649e+01,2.094774e+01,2.097560e+01,2.105218e+01,2.103130e+01,2.096864e+01,2.106609e+01,2.102434e+01,2.116345e+01,2.110783e+01,2.112869e+01,2.112869e+01,2.105218e+01,2.108001e+01,2.119126e+01,2.117736e+01,2.117736e+01,2.116345e+01,2.113565e+01,2.123989e+01,2.130932e+01,2.122600e+01,2.117736e+01,2.116345e+01,2.113565e+01,2.119126e+01,2.115650e+01,2.110088e+01,2.119126e+01,2.122600e+01,2.134402e+01,2.130238e+01,2.135096e+01,2.148963e+01,2.159351e+01,2.150349e+01,2.166962e+01,2.155197e+01,2.173876e+01,2.175258e+01,2.177332e+01,2.184239e+01,2.192521e+01,2.191141e+01,2.186310e+01,2.184929e+01,2.183548e+01,2.186310e+01,2.179404e+01,2.189071e+01,2.191141e+01,2.193901e+01,2.193211e+01,2.187000e+01,2.198039e+01,2.202176e+01,2.206310e+01,2.235894e+01,2.246880e+01,2.261967e+01,2.277716e+01,2.316642e+01,2.339791e+01,2.361531e+01,2.416359e+01,2.430526e+01,2.459475e+01,2.475598e+01,2.516466e+01,2.517135e+01,2.531834e+01,2.531834e+01,2.532502e+01,2.525823e+01,2.520477e+01,2.489015e+01,2.470898e+01,2.428503e+01,2.396086e+01,2.353384e+01,2.329585e+01,2.301635e+01,2.289341e+01,2.257169e+01,2.253741e+01,2.221457e+01,2.203554e+01,2.216640e+01,2.202176e+01,2.200797e+01,2.193901e+01,2.186310e+01,2.180095e+01,2.176641e+01,2.179404e+01,2.166270e+01,2.172494e+01,2.173876e+01,2.167654e+01,2.162811e+01,2.137177e+01,2.147577e+01,2.148270e+01,2.144805e+01,2.147577e+01,2.151042e+01,2.148963e+01,2.142032e+01,2.144112e+01,2.143419e+01,2.144805e+01,2.144805e+01,2.147577e+01,2.153119e+01,2.144112e+01,2.153812e+01,2.153812e+01,2.151042e+01,2.144805e+01,2.143419e+01,2.138565e+01,2.136484e+01,2.159351e+01,2.140645e+01,2.160735e+01,2.153119e+01,2.158659e+01,2.162119e+01,2.164195e+01,2.168345e+01,2.167654e+01,2.164195e+01,2.181476e+01,2.188381e+01,2.204932e+01,2.191141e+01,2.196660e+01,2.206999e+01,2.200797e+01,2.203554e+01,2.202865e+01,2.202865e+01,2.201486e+01,2.207688e+01,2.211132e+01,2.210443e+01,2.201486e+01,2.204932e+01,2.203554e+01,2.208377e+01,2.202865e+01,2.204932e+01,2.205621e+01,2.205621e+01,2.191831e+01,2.205621e+01,2.208377e+01,2.210443e+01,2.209755e+01,2.211821e+01,2.227647e+01,2.211132e+01,2.210443e+01,2.229022e+01,2.218705e+01,2.212509e+01,2.216640e+01,2.206999e+01,2.217328e+01,2.211132e+01,2.214575e+01,2.217328e+01,2.210443e+01,2.224208e+01,2.217328e+01,2.231084e+01,2.237268e+01,2.222145e+01,2.236581e+01,2.227647e+01,2.218016e+01,2.230396e+01,2.217328e+01,2.227647e+01,2.237955e+01,2.235894e+01,2.235207e+01,2.237268e+01,2.233146e+01,2.229022e+01,2.245507e+01,2.230396e+01,2.240702e+01,2.235894e+01,2.245507e+01,2.242762e+01,2.237955e+01,2.226959e+01,2.228334e+01,2.229709e+01,2.228334e+01,2.232458e+01,2.236581e+01,2.239328e+01,2.215263e+01,2.235894e+01,2.242762e+01,2.237268e+01,2.235894e+01
2.211132e+01,2.215952e+01,2.207688e+01,2.212509e+01,2.213198e+01,2.215263e+01,2.212509e+01,2.210443e+01,2.211132e+01,2.222145e+01,2.216640e+01,2.216640e+01,2.215263e+01,2.217328e+01,2.213886e+01,2.213198e+01,2.211821e+01,2.203554e+01,2.206999e+01,2.200797e+01,2.201486e+01,2.202176e+01,2.199418e+01,2.202176e+01,2.184929e+01,2.217328e+01,2.216640e+01,2.210443e+01,2.209066e+01,2.210443e+01,2.211821e+01,2.207688e+01,2.210443e+01,2.212509e+01,2.211821e+01,2.214575e+01,2.210443e+01,2.209066e+01,2.212509e+01,2.202865e+01,2.215263e+01,2.219393e+01,2.206310e+01,2.206999e+01,2.217328e+01,2.221457e+01,2.209066e+01,2.210443e+01,2.198729e+01,2.218016e+01,2.214575e+01,2.215263e+01,2.212509e+01,2.213198e+01,2.217328e+01,2.204243e+01,2.214575e+01,2.220769e+01,2.218016e+01,2.215952e+01,2.224208e+01,2.218016e+01,2.213886e+01,2.211132e+01,2.220081e+01,2.218705e+01,2.218016e+01,2.220769e+01,2.219393e+01,2.213198e+01,2.218016e+01,2.218016e+01,2.222833e+01,2.231771e+01,2.226271e+01,2.226271e+01,2.226959e+01,2.218016e+01,2.229709e+01,2.223520e+01,2.213198e+01,2.232458e+01,2.233833e+01,2.231084e+01,2.235894e+01,2.224208e+01,2.226271e+01,2.235894e+01,2.220081e+01,2.224208e+01,2.222833e+01,2.220769e+01,2.221457e+01,2.220081e+01,2.218705e+01,2.233146e+01,2.233146e+01,2.218016e+01,2.233833e+01,2.233146e+01,2.231771e+01,2.232458e+01,2.235207e+01,2.229709e+01,2.233146e+01,2.221457e+01,2.233833e+01,2.234520e+01,2.229709e+01,2.228334e+01,2.235207e+01,2.231771e+01,2.235894e+01,2.229709e+01,2.237268e+01,2.227647e+01,2.233146e+01,2.233146e+01,2.226959e+01,2.232458e+01,2.229709e+01,2.233833e+01,2.229709e+01,2.232458e+01,2.232458e+01,2.234520e+01,2.231771e+01,2.233833e+01,2.233146e+01,2.229709e+01,2.225584e+01,2.235894e+01,2.222145e+01,2.234520e+01,2.217328e+01,2.228334e+01,2.219393e+01,2.222833e+01,2.218705e+01,2.214575e+01,2.218016e+01,2.201486e+01,2.213198e+01,2.211821e+01,2.220081e+01,2.206999e+01,2.217328e+01,2.206999e+01,2.200107e+01,2.207688e+01,2.207688e+01,2.191831e+01,2.195280e+01,2.193901e+01,2.187691e+01,2.195970e+01,2.200797e+01,2.200797e+01,2.191141e+01,2.181476e+01,2.198729e+01,2.187000e+01,2.178713e+01,2.187691e+01,2.187000e+01,2.195280e+01,2.191831e+01,2.188381e+01,2.170420e+01,2.189761e+01,2.182167e+01,2.173876e+01,2.175949e+01,2.175949e+01,2.185620e+01,2.188381e+01,2.182167e+01,2.182167e+01,2.194591e+01,2.187000e+01,2.186310e+01,2.212509e+01,2.215952e+01,2.227647e+01,2.245507e+01,2.264022e+01,2.296173e+01,2.337751e+01,2.366281e+01,2.399467e+01,2.462836e+01,2.507101e+01,2.550513e+01,2.589762e+01,2.628867e+01,2.645394e+01,2.671782e+01,2.679686e+01,2.698106e+01,2.699420e+01,2.734850e+01,2.708617e+01,2.700078e+01,2.691531e+01,2.641430e+01,2.571819e+01,2.473584e+01,2.380517e+01,2.284555e+01,2.227647e+01,2.184239e+01,2.182167e+01,2.153812e+01,2.147577e+01,2.150349e+01,2.146884e+01,2.133708e+01,2.135790e+01,2.141339e+01,2.138565e+01,2.139258e+01,2.134402e+01,2.144112e+01,2.139258e+01,2.140645e+01,2.135790e+01,2.124683e+01,2.128850e+01,2.127461e+01,2.122600e+01,2.129544e+01,2.129544e+01,2.130932e+01,2.132320e+01,2.126072e+01,2.120515e+01,2.128156e+01,2.118431e+01,2.107305e+01,2.114260e+01,2.113565e+01,2.115650e+01,2.117041e+01,2.119126e+01,2.117736e+01,2.119820e+01,2.123989e+01,2.121210e+01,2.122600e+01,2.121210e+01,2.119820e+01,2.117041e+01,2.119126e+01,2.116345e+01,2.101738e+01,2.118431e+01,2.101042e+01,2.105218e+01,2.091987e+01,2.097560e+01,2.094077e+01,2.096864e+01,2.094774e+01,2.100345e+01,2.097560e+01,2.085017e+01,2.089897e+01,2.084320e+01,2.088503e+01,2.087109e+01,2.091987e+01,2.080833e+01,2.080833e+01,2.083623e+01,2.084320e+01,2.076647e+01,2.078740e+01,2.081530e+01,2.087109e+01,2.088503e+01,2.075251e+01,2.073855e+01,2.072459e+01,2.080135e+01,2.075949e+01,2.083623e+01,2.085715e+01,2.078740e+01,2.082228e+01,2.082925e+01,2.086412e+01,2.095471e+01,2.098953e+01,2.101042e+01,2.107305e+01,2.102434e+01,2.101738e+01,2.098953e+01,2.096167e+01,2.088503e+01,2.084320e+01,2.087109e+01,2.081530e+01,2.082228e+01,2.080833e+01,2.075251e+01,2.075251e+01,2.083623e+01,2.091291e+01,2.085017e+01,2.076647e+01,2.077344e+01,2.079438e+01,2.078042e+01,2.080135e+01,2.089200e+01,2.087806e+01,2.073855e+01,2.069666e+01,2.089897e+01,2.094077e+01,2.080135e+01,2.079438e+01,2.083623e+01,2.071062e+01,2.071062e+01,2.070364e+01,2.066174e+01,2.059884e+01,2.064776e+01,2.064078e+01,2.069666e+01,2.070364e+01,2.068967e+01,2.070364e+01,2.068967e+01,2.064776e+01,2.072459e+01,2.077344e+01,2.074553e+01,2.081530e+01,2.065475e+01,2.066174e+01,2.070364e+01,2.062680e+01,2.063379e+01,2.061981e+01,2.066174e+01,2.066174e+01,2.066872e+01,2.076647e+01,2.065475e+01,2.062680e+01,2.077344e+01,2.061981e+01,2.066872e+01,2.082925e+01,2.069666e+01,2.068269e+01,2.063379e+01,2.080135e+01,2.080135e+01,2.090594e+01,2.093381e+01,2.070364e+01,2.086412e+01,2.096167e+01,2.096864e+01,2.080833e+01,2.096167e+01,2.089200e+01,2.085017e+01,2.095471e+01,2.094077e+01,2.099649e+01,2.089200e+01,2.098256e+01,2.096167e+01,2.089897e+01,2.101738e+01,2.088503e+01,2.099649e+01,2.105218e+01,2.098256e+01,2.089200e+01,2.101042e+01,2.100345e+01,2.098953e+01,2.096167e+01,2.094774e+01,2.095471e+01,2.098256e+01,2.111479e+01,2.110783e+01,2.110783e+01,2.114955e+01,2.117736e+01,2.118431e+01,2.117041e+01,2.110783e+01,2.112869e+01,2.123989e+01,2.127461e+01,2.120515e+01,2.135096e+01,2.125378e+01,2.135096e+01,2.127461e+01,2.128850e+01,2.128850e+01,2.128156e+01,2.123989e+01,2.128156e+01,2.132320e+01,2.121210e+01,2.126072e+01,2.122600e+01,2.117736e+01,2.114955e+01,2.117041e+01,2.113565e+01,2.115650e+01,2.113565e+01,2.113565e+01,2.114260e+01,2.109392e+01,2.114260e+01,2.110088e+01,2.113565e+01,2.114260e+01,2.101738e+01,2.105218e+01,2.107305e+01,2.108001e+01,2.112869e+01,2.109392e+01,2.105218e+01,2.110783e+01,2.109392e+01,2.112869e+01,2.112869e+01,2.109392e+01,2.119126e+01,2.122600e+01,2.123294e+01,2.119126e+01,2.118431e+01,2.116345e+01,2.114955e+01,2.125378e+01,2.135790e+01,2.120515e+01,2.136484e+01,2.126767e+01,2.119126e+01,2.121210e+01,2.121210e+01,2.121905e+01,2.120515e+01,2.113565e+01,2.121905e+01,2.133014e+01,2.147577e+01,2.138565e+01,2.148963e+01,2.143419e+01,2.154505e+01,2.156582e+01,2.169037e+01,2.163503e+01,2.180095e+01,2.178713e+01,2.180786e+01,2.180095e+01,2.182167e+01,2.192521e+01,2.198729e+01,2.192521e+01,2.193901e+01,2.192521e+01,2.186310e+01,2.187000e+01,2.195280e+01,2.194591e+01,2.205621e+01,2.215263e+01,2.210443e+01,2.235894e+01,2.244135e+01,2.260596e+01,2.277032e+01,2.317323e+01,2.337751e+01,2.374418e+01,2.387966e+01,2.420408e+01,2.452077e+01,2.465524e+01,2.503754e+01,2.517135e+01,2.527827e+01,2.532502e+01,2.549846e+01,2.542512e+01,2.524487e+01,2.531166e+01,2.488345e+01,2.472913e+01,2.438613e+01,2.397439e+01,2.355421e+01,2.352705e+01,2.317323e+01,2.294123e+01,2.268817e+01,2.255798e+01,2.240015e+01,2.220769e+01,2.207688e+01,2.206310e+01,2.209066e+01,2.198729e+01,2.188381e+01,2.179404e+01,2.178022e+01,2.177332e+01,2.177332e+01,2.166962e+01,2.168345e+01,2.165579e+01,2.163503e+01,2.157967e+01,2.154505e+01,2.147577e+01,2.147577e+01,2.150349e+01,2.133708e+01,2.148270e+01,2.149656e+01,2.151042e+01,2.147577e+01,2.146884e+01,2.149656e+01,2.144112e+01,2.146191e+01,2.150349e+01,2.151734e+01,2.151734e+01,2.152427e+01,2.151734e+01,2.156582e+01,2.142032e+01,2.145498e+01,2.141339e+01,2.144112e+01,2.155197e+01,2.150349e+01,2.138565e+01,2.163503e+01,2.160735e+01,2.170420e+01,2.163503e+01,2.171111e+01,2.177332e+01,2.181476e+01,2.190451e+01,2.194591e+01,2.196660e+01,2.196660e+01,2.203554e+01,2.193211e+01,2.198729e+01,2.202865e+01,2.210443e+01,2.210443e+01,2.205621e+01,2.195970e+01,2.198729e+01,2.197349e+01,2.209755e+01,2.197349e+01,2.209755e+01,2.203554e+01,2.209755e+01,2.204243e+01,2.208377e+01,2.220081e+01,2.211132e+01,2.213198e+01,2.209066e+01,2.211132e+01,2.224896e+01,2.233146e+01,2.231771e+01,2.214575e+01,2.217328e+01,2.221457e+01,2.209066e+01,2.216640e+01,2.219393e+01,2.228334e+01,2.219393e+01,2.215263e+01,2.239328e+01,2.219393e+01,2.235207e+01,2.235207e+01,2.219393e+01,2.230396e+01,2.231771e+01,2.235207e+01,2.226959e+01,2.215952e+01,2.217328e+01,2.215952e+01,2.229022e+01,2.228334e+01,2.246194e+01,2.230396e+01,2.229022e+01,2.229022e+01,2.240015e+01,2.233833e+01,2.255112e+01,2.240702e+01,2.240015e+01,2.240015e+01,2.242762e+01,2.239328e+01,2.233146e+01,2.229709e+01,2.233833e+01,2.230396e+01,2.228334e+01,2.238642e+01,2.240702e+01,2.242075e+01,2.246194e+01,2.231084e+01,2.234520e+01
2.209755e+01,2.211132e+01,2.215952e+01,2.216640e+01,2.198039e+01,2.223520e+01,2.206999e+01,2.209755e+01,2.210443e+01,2.222145e+01,2.224896e+01,2.215263e+01,2.213886e+01,2.223520e+01,2.215263e+01,2.200797e+01,2.213198e+01,2.207688e+01,2.193901e+01,2.206310e+01,2.207688e+01,2.215952e+01,2.202865e+01,2.201486e+01,2.213886e+01,2.209066e+01,2.196660e+01,2.211821e+01,2.218016e+01,2.208377e+01,2.204243e+01,2.206999e+01,2.211821e+01,2.213198e+01,2.200797e+01,2.208377e+01,2.214575e+01,2.205621e+01,2.206999e+01,2.207688e+01,2.215263e+01,2.216640e+01,2.215263e+01,2.224896e+01,2.206999e+01,2.197349e+01,2.231084e+01,2.217328e+01,2.209755e+01,2.222145e+01,2.215263e+01,2.210443e+01,2.233146e+01,2.213198e+01,2.215952e+01,2.214575e+01,2.209066e+01,2.215952e+01,2.211132e+01,2.220081e+01,2.221457e+01,2.209755e+01,2.209755e+01,2.211821e+01,2.227647e+01,2.220769e+01,2.220081e+01,2.221457e+01,2.226959e+01,2.222145e+01,2.223520e+01,2.212509e+01,2.234520e+01,2.222833e+01,2.222833e+01,2.222833e+01,2.220081e+01,2.218016e+01,2.220081e+01,2.225584e+01,2.224896e+01,2.223520e+01,2.230396e+01,2.234520e+01,2.217328e+01,2.231771e+01,2.218705e+01,2.233833e+01,2.219393e+01,2.220081e+01,2.231084e+01,2.231084e+01,2.229709e+01,2.233146e+01,2.231084e+01,2.220769e+01,2.220081e+01,2.226271e+01,2.237955e+01,2.226959e+01,2.229709e+01,2.228334e+01,2.228334e+01,2.236581e+01,2.235207e+01,2.233833e+01,2.232458e+01,2.236581e+01,2.229709e+01,2.226271e+01,2.231771e+01,2.235207e+01,2.227647e+01,2.234520e+01,2.232458e+01,2.235894e+01,2.231084e+01,2.232458e+01,2.232458e+01,2.223520e+01,2.224896e+01,2.232458e+01,2.233146e+01,2.235207e+01,2.233146e+01,2.236581e+01,2.229709e+01,2.231084e+01,2.233146e+01,2.240702e+01,2.227647e+01,2.237268e+01,2.227647e+01,2.234520e+01,2.215263e+01,2.222833e+01,2.232458e+01,2.220769e+01,2.227647e+01,2.220081e+01,2.221457e+01,2.215263e+01,2.215263e+01,2.208377e+01,2.206999e+01,2.209066e+01,2.211132e+01,2.204243e+01,2.198729e+01,2.202865e+01,2.201486e+01,2.206999e+01,2.194591e+01,2.201486e+01,2.189071e+01,2.193901e+01,2.195280e+01,2.199418e+01,2.192521e+01,2.198039e+01,2.189071e+01,2.191141e+01,2.186310e+01,2.188381e+01,2.184929e+01,2.188381e+01,2.171802e+01,2.185620e+01,2.182858e+01,2.175258e+01,2.184929e+01,2.171111e+01,2.171802e+01,2.177332e+01,2.176641e+01,2.182858e+01,2.178713e+01,2.178713e+01,2.182167e+01,2.202176e+01,2.187000e+01,2.195970e+01,2.196660e+01,2.220081e+01,2.242762e+01,2.266763e+01,2.311187e+01,2.330265e+01,2.369672e+01,2.398791e+01,2.466196e+01,2.506431e+01,2.561171e+01,2.601045e+01,2.636803e+01,2.635481e+01,2.665191e+01,2.679686e+01,2.698106e+01,2.697449e+01,2.701392e+01,2.700735e+01,2.695477e+01,2.657277e+01,2.618939e+01,2.531834e+01,2.423107e+01,2.340471e+01,2.256483e+01,2.213198e+01,2.183548e+01,2.175949e+01,2.169037e+01,2.150349e+01,2.149656e+01,2.140645e+01,2.152427e+01,2.146884e+01,2.144805e+01,2.133708e+01,2.136484e+01,2.135790e+01,2.135790e+01,2.129544e+01,2.129544e+01,2.125378e+01,2.125378e+01,2.141339e+01,2.124683e+01,2.128850e+01,2.130932e+01,2.130932e+01,2.129544e+01,2.124683e+01,2.135790e+01,2.114955e+01,2.121210e+01,2.117736e+01,2.112174e+01,2.101738e+01,2.119820e+01,2.114955e+01,2.104522e+01,2.119126e+01,2.102434e+01,2.105914e+01,2.121905e+01,2.123294e+01,2.121905e+01,2.121210e+01,2.122600e+01,2.118431e+01,2.121905e+01,2.119820e+01,2.095471e+01,2.108001e+01,2.094077e+01,2.092684e+01,2.106609e+01,2.098953e+01,2.098256e+01,2.094077e+01,2.089897e+01,2.088503e+01,2.099649e+01,2.095471e+01,2.085017e+01,2.073157e+01,2.093381e+01,2.087109e+01,2.087109e+01,2.087806e+01,2.077344e+01,2.073855e+01,2.079438e+01,2.075251e+01,2.070364e+01,2.073157e+01,2.074553e+01,2.080135e+01,2.075251e+01,2.075949e+01,2.078042e+01,2.090594e+01,2.073855e+01,2.080833e+01,2.078740e+01,2.082228e+01,2.045895e+01,2.083623e+01,2.088503e+01,2.092684e+01,2.110088e+01,2.105914e+01,2.101042e+01,2.108001e+01,2.093381e+01,2.096167e+01,2.091291e+01,2.082228e+01,2.086412e+01,2.093381e+01,2.081530e+01,2.087109e+01,2.087806e+01,2.089200e+01,2.090594e+01,2.078042e+01,2.085715e+01,2.077344e+01,2.070364e+01,2.077344e+01,2.063379e+01,2.082228e+01,2.071761e+01,2.089897e+01,2.084320e+01,2.073157e+01,2.083623e+01,2.086412e+01,2.091987e+01,2.076647e+01,2.058486e+01,2.083623e+01,2.078740e+01,2.061981e+01,2.070364e+01,2.067570e+01,2.066174e+01,2.073157e+01,2.064078e+01,2.059185e+01,2.071062e+01,2.061282e+01,2.066174e+01,2.079438e+01,2.075251e+01,2.066872e+01,2.078042e+01,2.071761e+01,2.071761e+01,2.066174e+01,2.052892e+01,2.070364e+01,2.061981e+01,2.071062e+01,2.063379e+01,2.064776e+01,2.067570e+01,2.064078e+01,2.066174e+01,2.064078e+01,2.066872e+01,2.069666e+01,2.066174e+01,2.082925e+01,2.083623e+01,2.070364e+01,2.091987e+01,2.068967e+01,2.084320e+01,2.094077e+01,2.087806e+01,2.073157e+01,2.088503e+01,2.091291e+01,2.091987e+01,2.081530e+01,2.094077e+01,2.098256e+01,2.091987e+01,2.093381e+01,2.101738e+01,2.101042e+01,2.099649e+01,2.101042e+01,2.097560e+01,2.101738e+01,2.095471e+01,2.082925e+01,2.101042e+01,2.085715e+01,2.098256e+01,2.095471e+01,2.093381e+01,2.088503e+01,2.104522e+01,2.089897e+01,2.098256e+01,2.107305e+01,2.096167e+01,2.094077e+01,2.107305e+01,2.104522e+01,2.101738e+01,2.115650e+01,2.118431e+01,2.114260e+01,2.116345e+01,2.111479e+01,2.112174e+01,2.117041e+01,2.127461e+01,2.128850e+01,2.126072e+01,2.123294e+01,2.126767e+01,2.127461e+01,2.124683e+01,2.126072e+01,2.130238e+01,2.121905e+01,2.124683e+01,2.124683e+01,2.133014e+01,2.121905e+01,2.119820e+01,2.121210e+01,2.112869e+01,2.115650e+01,2.113565e+01,2.113565e+01,2.116345e+01,2.115650e+01,2.102434e+01,2.094774e+01,2.108001e+01,2.106609e+01,2.114955e+01,2.111479e+01,2.098953e+01,2.101042e+01,2.104522e+01,2.111479e+01,2.097560e+01,2.102434e+01,2.093381e+01,2.105914e+01,2.111479e+01,2.111479e+01,2.110088e+01,2.114955e+01,2.108001e+01,2.124683e+01,2.114955e+01,2.114260e+01,2.117041e+01,2.119820e+01,2.117041e+01,2.121210e+01,2.116345e+01,2.117736e+01,2.126072e+01,2.134402e+01,2.109392e+01,2.118431e+01,2.123294e+01,2.115650e+01,2.121210e+01,2.121210e+01,2.131626e+01,2.137177e+01,2.135790e+01,2.144112e+01,2.152427e+01,2.149656e+01,2.146884e+01,2.169728e+01,2.157274e+01,2.160043e+01,2.184929e+01,2.179404e+01,2.181476e+01,2.187691e+01,2.182167e+01,2.183548e+01,2.191831e+01,2.193211e+01,2.192521e+01,2.186310e+01,2.193211e+01,2.198729e+01,2.193211e+01,2.196660e+01,2.200107e+01,2.199418e+01,2.213886e+01,2.209755e+01,2.248939e+01,2.270871e+01,2.292074e+01,2.318005e+01,2.366959e+01,2.376451e+01,2.385935e+01,2.435918e+01,2.459475e+01,2.481638e+01,2.506431e+01,2.540510e+01,2.540510e+01,2.527827e+01,2.557175e+01,2.545179e+01,2.531166e+01,2.540510e+01,2.490356e+01,2.474256e+01,2.438613e+01,2.404200e+01,2.355421e+01,2.330265e+01,2.307095e+01,2.299587e+01,2.270871e+01,2.261282e+01,2.244821e+01,2.217328e+01,2.198729e+01,2.202176e+01,2.198729e+01,2.198729e+01,2.182858e+01,2.175258e+01,2.175949e+01,2.179404e+01,2.174567e+01,2.178022e+01,2.169728e+01,2.171111e+01,2.163503e+01,2.150349e+01,2.163503e+01,2.148963e+01,2.152427e+01,2.146884e+01,2.132320e+01,2.143419e+01,2.146191e+01,2.153812e+01,2.140645e+01,2.141339e+01,2.148963e+01,2.146884e+01,2.146884e+01,2.150349e+01,2.153812e+01,2.151734e+01,2.153119e+01,2.144112e+01,2.141339e+01,2.152427e+01,2.137871e+01,2.151042e+01,2.148270e+01,2.144112e+01,2.151734e+01,2.157967e+01,2.158659e+01,2.161427e+01,2.164887e+01,2.173876e+01,2.177332e+01,2.175949e+01,2.202865e+01,2.201486e+01,2.191831e+01,2.195280e+01,2.189761e+01,2.200107e+01,2.202865e+01,2.196660e+01,2.195970e+01,2.202865e+01,2.203554e+01,2.207688e+01,2.211132e+01,2.206999e+01,2.203554e+01,2.201486e+01,2.200797e+01,2.213886e+01,2.200107e+01,2.209755e+01,2.215952e+01,2.208377e+01,2.210443e+01,2.209066e+01,2.218705e+01,2.218016e+01,2.224896e+01,2.213886e+01,2.218705e+01,2.214575e+01,2.222833e+01,2.209755e+01,2.215952e+01,2.209755e+01,2.218705e+01,2.210443e+01,2.220081e+01,2.215952e+01,2.221457e+01,2.222145e+01,2.221457e+01,2.227647e+01,2.226959e+01,2.231771e+01,2.230396e+01,2.229709e+01,2.229709e+01,2.218016e+01,2.228334e+01,2.226271e+01,2.227647e+01,2.244821e+01,2.246194e+01,2.241389e+01,2.231771e+01,2.233146e+01,2.233146e+01,2.239328e+01,2.235207e+01,2.240015e+01,2.238642e+01,2.245507e+01,2.252369e+01,2.241389e+01,2.240015e+01,2.234520e+01,2.231771e+01,2.231084e+01,2.233833e+01,2.237955e+01,2.231771e+01,2.222145e+01,2.231084e+01,2.231771e+01,2.237268e+01,2.229022e+01
2.227647e+01,2.215263e+01,2.213886e+01,2.218016e+01,2.214575e+01,2.216640e+01,2.218705e+01,2.210443e+01,2.213198e+01,2.224208e+01,2.209755e+01,2.213198e+01,2.215952e+01,2.211821e+01,2.218016e+01,2.220081e+01,2.216640e+01,2.218016e+01,2.215263e+01,2.203554e+01,2.202865e+01,2.207688e+01,2.208377e+01,2.204932e+01,2.202176e+01,2.221457e+01,2.213198e+01,2.213198e+01,2.210443e+01,2.213886e+01,2.229022e+01,2.205621e+01,2.213886e+01,2.209755e+01,2.211821e+01,2.211132e+01,2.215263e+01,2.209755e+01,2.205621e+01,2.207688e+01,2.205621e+01,2.216640e+01,2.207688e+01,2.205621e+01,2.209755e+01,2.218016e+01,2.193901e+01,2.210443e+01,2.193211e+01,2.224208e+01,2.222833e+01,2.221457e+01,2.208377e+01,2.214575e+01,2.213198e+01,2.218705e+01,2.224896e+01,2.218016e+01,2.233146e+01,2.222833e+01,2.224208e+01,2.222833e+01,2.221457e+01,2.224896e+01,2.214575e+01,2.218705e+01,2.222145e+01,2.224208e+01,2.215263e+01,2.218016e+01,2.218705e+01,2.222145e+01,2.233146e+01,2.230396e+01,2.230396e+01,2.207688e+01,2.220769e+01,2.216640e+01,2.224896e+01,2.237955e+01,2.229709e+01,2.224208e+01,2.226271e+01,2.226959e+01,2.239328e+01,2.226271e+01,2.232458e+01,2.231084e+01,2.218705e+01,2.222145e+01,2.233833e+01,2.233833e+01,2.229022e+01,2.232458e+01,2.231084e+01,2.233146e+01,2.224208e+01,2.233833e+01,2.245507e+01,2.233833e+01,2.229022e+01,2.231084e+01,2.232458e+01,2.235207e+01,2.231771e+01,2.231771e+01,2.233146e+01,2.229709e+01,2.237955e+01,2.236581e+01,2.233146e+01,2.235207e+01,2.235894e+01,2.234520e+01,2.229022e+01,2.240015e+01,2.237268e+01,2.235207e+01,2.238642e+01,2.232458e+01,2.233833e+01,2.239328e+01,2.233833e+01,2.231771e+01,2.231084e+01,2.232458e+01,2.237955e+01,2.230396e+01,2.230396e+01,2.245507e+01,2.227647e+01,2.229022e+01,2.233833e+01,2.231771e+01,2.224208e+01,2.231084e+01,2.220081e+01,2.233833e+01,2.225584e+01,2.223520e+01,2.206310e+01,2.209755e+01,2.218016e+01,2.213886e+01,2.209755e+01,2.216640e+01,2.212509e+01,2.215952e+01,2.214575e+01,2.208377e+01,2.204932e+01,2.196660e+01,2.208377e+01,2.194591e+01,2.196660e+01,2.193211e+01,2.201486e+01,2.199418e+01,2.202865e+01,2.201486e+01,2.189761e+01,2.191141e+01,2.191831e+01,2.187691e+01,2.191831e+01,2.195970e+01,2.172494e+01,2.183548e+01,2.184929e+01,2.182858e+01,2.170420e+01,2.178022e+01,2.186310e+01,2.176641e+01,2.182858e+01,2.178713e+01,2.184239e+01,2.184929e+01,2.180095e+01,2.191831e+01,2.192521e+01,2.208377e+01,2.220769e+01,2.223520e+01,2.260596e+01,2.270187e+01,2.307777e+01,2.342511e+01,2.373062e+01,2.418384e+01,2.462836e+01,2.519809e+01,2.558507e+01,2.608339e+01,2.632175e+01,2.659916e+01,2.661894e+01,2.661894e+01,2.690216e+01,2.695477e+01,2.695477e+01,2.685610e+01,2.671124e+01,2.631513e+01,2.571154e+01,2.474256e+01,2.392703e+01,2.283872e+01,2.229022e+01,2.215952e+01,2.178022e+01,2.159351e+01,2.173185e+01,2.155197e+01,2.135790e+01,2.146884e+01,2.143419e+01,2.143419e+01,2.141339e+01,2.128156e+01,2.128156e+01,2.135096e+01,2.130238e+01,2.137177e+01,2.130238e+01,2.142725e+01,2.127461e+01,2.128156e+01,2.127461e+01,2.130238e+01,2.130238e+01,2.131626e+01,2.129544e+01,2.130238e+01,2.121905e+01,2.126072e+01,2.120515e+01,2.120515e+01,2.118431e+01,2.121210e+01,2.110783e+01,2.109392e+01,2.117736e+01,2.110088e+01,2.119820e+01,2.107305e+01,2.121210e+01,2.123989e+01,2.133014e+01,2.124683e+01,2.119126e+01,2.114955e+01,2.117736e+01,2.105218e+01,2.103130e+01,2.099649e+01,2.104522e+01,2.104522e+01,2.104522e+01,2.102434e+01,2.108001e+01,2.094077e+01,2.097560e+01,2.097560e+01,2.098256e+01,2.095471e+01,2.085715e+01,2.081530e+01,2.091291e+01,2.076647e+01,2.087109e+01,2.078042e+01,2.084320e+01,2.077344e+01,2.078740e+01,2.073157e+01,2.080833e+01,2.081530e+01,2.077344e+01,2.081530e+01,2.072459e+01,2.075251e+01,2.077344e+01,2.073855e+01,2.078042e+01,2.081530e+01,2.076647e+01,2.079438e+01,2.083623e+01,2.086412e+01,2.085017e+01,2.103826e+01,2.108696e+01,2.107305e+01,2.096167e+01,2.110088e+01,2.098953e+01,2.094774e+01,2.083623e+01,2.100345e+01,2.089200e+01,2.096864e+01,2.088503e+01,2.091291e+01,2.087109e+01,2.080135e+01,2.077344e+01,2.086412e+01,2.076647e+01,2.073157e+01,2.075949e+01,2.078740e+01,2.079438e+01,2.079438e+01,2.075949e+01,2.089897e+01,2.080135e+01,2.078740e+01,2.066174e+01,2.080135e+01,2.080833e+01,2.072459e+01,2.064078e+01,2.061981e+01,2.066872e+01,2.068269e+01,2.061282e+01,2.068269e+01,2.061981e+01,2.073855e+01,2.068269e+01,2.066174e+01,2.064078e+01,2.073855e+01,2.071062e+01,2.078042e+01,2.072459e+01,2.081530e+01,2.075251e+01,2.063379e+01,2.080135e+01,2.071761e+01,2.066174e+01,2.084320e+01,2.065475e+01,2.078740e+01,2.064078e+01,2.082925e+01,2.062680e+01,2.068967e+01,2.067570e+01,2.068269e+01,2.063379e+01,2.074553e+01,2.064776e+01,2.073855e+01,2.074553e+01,2.069666e+01,2.082228e+01,2.064776e+01,2.071062e+01,2.084320e+01,2.077344e+01,2.090594e+01,2.083623e+01,2.088503e+01,2.097560e+01,2.084320e+01,2.091987e+01,2.092684e+01,2.099649e+01,2.098953e+01,2.098256e+01,2.098953e+01,2.102434e+01,2.101042e+01,2.107305e+01,2.097560e+01,2.098953e+01,2.106609e+01,2.101738e+01,2.105914e+01,2.089200e+01,2.105914e+01,2.106609e+01,2.099649e+01,2.094077e+01,2.098256e+01,2.112174e+01,2.096864e+01,2.100345e+01,2.101738e+01,2.102434e+01,2.108001e+01,2.117736e+01,2.112869e+01,2.118431e+01,2.114260e+01,2.107305e+01,2.123989e+01,2.112869e+01,2.117736e+01,2.117736e+01,2.123294e+01,2.136484e+01,2.126072e+01,2.131626e+01,2.123989e+01,2.123294e+01,2.133708e+01,2.127461e+01,2.123989e+01,2.126767e+01,2.123989e+01,2.128156e+01,2.119126e+01,2.119126e+01,2.125378e+01,2.121210e+01,2.121210e+01,2.121210e+01,2.112869e+01,2.112869e+01,2.117736e+01,2.114260e+01,2.117736e+01,2.119820e+01,2.118431e+01,2.106609e+01,2.106609e+01,2.102434e+01,2.105218e+01,2.108001e+01,2.105218e+01,2.112869e+01,2.112869e+01,2.111479e+01,2.114955e+01,2.112174e+01,2.113565e+01,2.110088e+01,2.120515e+01,2.123294e+01,2.107305e+01,2.117041e+01,2.114955e+01,2.115650e+01,2.126072e+01,2.119126e+01,2.117736e+01,2.118431e+01,2.133014e+01,2.129544e+01,2.133708e+01,2.126072e+01,2.113565e+01,2.121210e+01,2.117041e+01,2.119820e+01,2.134402e+01,2.128850e+01,2.130238e+01,2.133708e+01,2.137871e+01,2.139952e+01,2.150349e+01,2.157967e+01,2.164195e+01,2.166270e+01,2.188381e+01,2.175949e+01,2.180095e+01,2.179404e+01,2.187691e+01,2.183548e+01,2.185620e+01,2.192521e+01,2.188381e+01,2.194591e+01,2.190451e+01,2.196660e+01,2.195280e+01,2.197349e+01,2.202176e+01,2.203554e+01,2.205621e+01,2.229022e+01,2.237955e+01,2.264022e+01,2.270187e+01,2.292074e+01,2.323456e+01,2.333668e+01,2.385935e+01,2.424457e+01,2.439287e+01,2.470898e+01,2.506431e+01,2.515797e+01,2.521814e+01,2.543179e+01,2.525155e+01,2.539176e+01,2.545179e+01,2.534504e+01,2.522482e+01,2.510446e+01,2.489015e+01,2.441307e+01,2.402848e+01,2.380517e+01,2.341151e+01,2.313915e+01,2.303000e+01,2.272241e+01,2.268817e+01,2.238642e+01,2.232458e+01,2.202176e+01,2.200797e+01,2.202865e+01,2.205621e+01,2.191831e+01,2.181476e+01,2.179404e+01,2.184929e+01,2.173876e+01,2.171111e+01,2.162811e+01,2.168345e+01,2.163503e+01,2.158659e+01,2.150349e+01,2.148963e+01,2.162811e+01,2.147577e+01,2.148270e+01,2.158659e+01,2.151042e+01,2.144112e+01,2.144112e+01,2.153119e+01,2.157967e+01,2.154505e+01,2.152427e+01,2.151042e+01,2.150349e+01,2.149656e+01,2.151734e+01,2.142032e+01,2.155197e+01,2.148270e+01,2.149656e+01,2.148963e+01,2.147577e+01,2.153812e+01,2.156582e+01,2.162811e+01,2.158659e+01,2.159351e+01,2.171111e+01,2.166962e+01,2.174567e+01,2.176641e+01,2.187000e+01,2.187000e+01,2.183548e+01,2.192521e+01,2.198729e+01,2.195970e+01,2.207688e+01,2.199418e+01,2.198039e+01,2.203554e+01,2.202176e+01,2.198729e+01,2.202865e+01,2.204932e+01,2.198039e+01,2.204932e+01,2.210443e+01,2.203554e+01,2.208377e+01,2.211821e+01,2.203554e+01,2.215263e+01,2.213886e+01,2.224208e+01,2.217328e+01,2.217328e+01,2.222145e+01,2.214575e+01,2.215263e+01,2.233833e+01,2.217328e+01,2.217328e+01,2.213886e+01,2.215952e+01,2.213886e+01,2.218705e+01,2.215952e+01,2.227647e+01,2.224208e+01,2.218705e+01,2.220769e+01,2.213886e+01,2.228334e+01,2.215952e+01,2.240015e+01,2.233146e+01,2.231771e+01,2.222145e+01,2.226959e+01,2.224208e+01,2.227647e+01,2.229709e+01,2.231084e+01,2.239328e+01,2.224896e+01,2.238642e+01,2.230396e+01,2.237955e+01,2.232458e+01,2.236581e+01,2.241389e+01,2.240702e+01,2.238642e+01,2.246194e+01,2.244821e+01,2.246194e+01,2.233146e+01,2.231771e+01,2.233833e+01,2.231771e+01,2.237955e+01,2.230396e+01,2.227647e+01,2.254426e+01,2.208377e+01,2.228334e+01
2.222145e+01,2.230396e+01,2.217328e+01,2.215952e+01,2.221457e+01,2.215263e+01,2.215263e+01,2.215952e+01,2.224208e+01,2.216640e+01,2.215952e+01,2.213886e+01,2.211132e+01,2.217328e+01,2.219393e+01,2.197349e+01,2.213198e+01,2.196660e+01,2.211821e+01,2.204932e+01,2.209066e+01,2.191831e+01,2.200797e+01,2.206999e+01,2.194591e+01,2.210443e+01,2.206310e+01,2.207688e+01,2.213198e+01,2.198729e+01,2.198039e+01,2.203554e+01,2.200797e+01,2.215263e+01,2.213198e+01,2.209066e+01,2.215263e+01,2.213198e+01,2.219393e+01,2.214575e+01,2.218705e+01,2.218016e+01,2.202865e+01,2.220081e+01,2.208377e+01,2.216640e+01,2.220081e+01,2.211821e+01,2.213886e+01,2.210443e+01,2.217328e+01,2.220081e+01,2.220769e+01,2.214575e+01,2.213198e+01,2.215952e+01,2.219393e+01,2.218705e+01,2.211821e+01,2.209755e+01,2.220081e+01,2.215263e+01,2.214575e+01,2.215263e+01,2.222145e+01,2.211821e+01,2.217328e+01,2.228334e+01,2.222833e+01,2.224208e+01,2.220081e+01,2.219393e+01,2.230396e+01,2.226959e+01,2.222145e+01,2.233146e+01,2.222833e+01,2.221457e+01,2.228334e+01,2.226959e+01,2.211821e+01,2.229022e+01,2.226271e+01,2.235207e+01,2.229709e+01,2.231771e+01,2.223520e+01,2.231771e+01,2.222145e+01,2.229709e+01,2.220081e+01,2.233833e+01,2.230396e+01,2.243448e+01,2.231771e+01,2.233833e+01,2.236581e+01,2.219393e+01,2.219393e+01,2.229709e+01,2.226959e+01,2.226271e+01,2.230396e+01,2.223520e+01,2.227647e+01,2.222145e+01,2.236581e+01,2.226959e+01,2.218016e+01,2.223520e+01,2.233833e+01,2.231771e+01,2.231771e+01,2.233833e+01,2.226271e+01,2.230396e+01,2.229022e+01,2.230396e+01,2.219393e+01,2.234520e+01,2.228334e+01,2.220081e+01,2.237955e+01,2.232458e+01,2.230396e+01,2.231084e+01,2.234520e+01,2.233146e+01,2.240015e+01,2.233146e+01,2.232458e+01,2.226959e+01,2.228334e+01,2.228334e+01,2.223520e+01,2.224208e+01,2.229022e+01,2.235894e+01,2.216640e+01,2.222833e+01,2.222833e+01,2.207688e+01,2.225584e+01,2.206310e+01,2.212509e+01,2.213886e+01,2.215263e+01,2.205621e+01,2.203554e+01,2.210443e+01,2.212509e+01,2.209755e+01,2.202176e+01,2.203554e+01,2.194591e+01,2.198729e+01,2.202176e+01,2.203554e+01,2.202176e+01,2.200107e+01,2.186310e+01,2.191831e+01,2.192521e+01,2.200797e+01,2.194591e+01,2.184929e+01,2.193211e+01,2.178022e+01,2.183548e+01,2.175949e+01,2.178022e+01,2.189071e+01,2.174567e+01,2.181476e+01,2.178022e+01,2.198039e+01,2.181476e+01,2.184929e+01,2.178713e+01,2.195970e+01,2.178022e+01,2.197349e+01,2.220769e+01,2.229709e+01,2.252369e+01,2.261282e+01,2.290707e+01,2.332307e+01,2.370350e+01,2.427155e+01,2.468212e+01,2.514460e+01,2.558507e+01,2.587770e+01,2.636142e+01,2.663213e+01,2.663213e+01,2.673100e+01,2.689558e+01,2.677052e+01,2.682320e+01,2.677052e+01,2.644733e+01,2.581791e+01,2.520477e+01,2.423782e+01,2.324137e+01,2.257854e+01,2.216640e+01,2.184929e+01,2.177332e+01,2.160043e+01,2.157274e+01,2.150349e+01,2.153812e+01,2.130238e+01,2.135790e+01,2.144112e+01,2.129544e+01,2.136484e+01,2.135096e+01,2.135790e+01,2.131626e+01,2.127461e+01,2.128850e+01,2.126072e+01,2.133014e+01,2.123294e+01,2.127461e+01,2.131626e+01,2.129544e+01,2.128850e+01,2.127461e+01,2.127461e+01,2.128156e+01,2.130932e+01,2.112174e+01,2.126072e+01,2.114955e+01,2.118431e+01,2.118431e+01,2.123294e+01,2.123989e+01,2.112869e+01,2.115650e+01,2.110783e+01,2.120515e+01,2.105914e+01,2.108696e+01,2.110088e+01,2.110088e+01,2.104522e+01,2.110088e+01,2.099649e+01,2.102434e+01,2.104522e+01,2.103826e+01,2.105914e+01,2.103826e+01,2.096167e+01,2.094077e+01,2.096167e+01,2.091291e+01,2.096864e+01,2.092684e+01,2.090594e+01,2.087806e+01,2.086412e+01,2.088503e+01,2.086412e+01,2.089200e+01,2.083623e+01,2.089897e+01,2.078042e+01,2.080833e+01,2.077344e+01,2.077344e+01,2.070364e+01,2.073157e+01,2.075251e+01,2.075251e+01,2.073157e+01,2.072459e+01,2.075251e+01,2.078740e+01,2.086412e+01,2.078740e+01,2.079438e+01,2.080135e+01,2.091291e+01,2.084320e+01,2.102434e+01,2.110088e+01,2.107305e+01,2.108696e+01,2.094774e+01,2.104522e+01,2.096864e+01,2.089897e+01,2.085715e+01,2.098256e+01,2.090594e+01,2.092684e+01,2.077344e+01,2.087806e+01,2.082228e+01,2.090594e+01,2.081530e+01,2.089897e+01,2.074553e+01,2.073855e+01,2.078042e+01,2.071761e+01,2.078740e+01,2.081530e+01,2.082228e+01,2.082228e+01,2.091987e+01,2.086412e+01,2.086412e+01,2.078042e+01,2.073157e+01,2.069666e+01,2.063379e+01,2.063379e+01,2.061282e+01,2.069666e+01,2.066872e+01,2.069666e+01,2.067570e+01,2.066872e+01,2.068269e+01,2.071761e+01,2.071062e+01,2.069666e+01,2.071062e+01,2.075251e+01,2.073855e+01,2.076647e+01,2.067570e+01,2.080833e+01,2.071761e+01,2.071062e+01,2.073157e+01,2.068269e+01,2.069666e+01,2.063379e+01,2.065475e+01,2.081530e+01,2.081530e+01,2.073157e+01,2.078042e+01,2.063379e+01,2.074553e+01,2.061981e+01,2.071062e+01,2.079438e+01,2.078042e+01,2.070364e+01,2.063379e+01,2.080135e+01,2.076647e+01,2.077344e+01,2.078740e+01,2.087109e+01,2.089200e+01,2.101042e+01,2.098953e+01,2.098256e+01,2.103826e+01,2.084320e+01,2.101042e+01,2.109392e+01,2.099649e+01,2.103826e+01,2.098953e+01,2.100345e+01,2.096167e+01,2.102434e+01,2.100345e+01,2.101738e+01,2.105218e+01,2.105218e+01,2.107305e+01,2.094077e+01,2.094774e+01,2.091987e+01,2.100345e+01,2.101042e+01,2.098953e+01,2.098953e+01,2.109392e+01,2.105218e+01,2.109392e+01,2.111479e+01,2.117736e+01,2.103826e+01,2.105218e+01,2.108696e+01,2.110088e+01,2.121905e+01,2.113565e+01,2.110088e+01,2.119820e+01,2.110783e+01,2.121905e+01,2.129544e+01,2.114260e+01,2.123989e+01,2.125378e+01,2.124683e+01,2.135790e+01,2.129544e+01,2.128850e+01,2.123294e+01,2.103826e+01,2.126767e+01,2.116345e+01,2.116345e+01,2.115650e+01,2.114955e+01,2.107305e+01,2.116345e+01,2.112869e+01,2.110783e+01,2.103826e+01,2.101738e+01,2.100345e+01,2.104522e+01,2.098953e+01,2.102434e+01,2.110783e+01,2.104522e+01,2.103130e+01,2.103826e+01,2.111479e+01,2.109392e+01,2.103130e+01,2.109392e+01,2.108696e+01,2.115650e+01,2.115650e+01,2.121905e+01,2.117736e+01,2.111479e+01,2.112869e+01,2.118431e+01,2.121210e+01,2.114955e+01,2.125378e+01,2.119820e+01,2.131626e+01,2.130238e+01,2.119820e+01,2.121210e+01,2.119820e+01,2.125378e+01,2.119820e+01,2.127461e+01,2.126072e+01,2.129544e+01,2.132320e+01,2.144805e+01,2.143419e+01,2.141339e+01,2.154505e+01,2.141339e+01,2.185620e+01,2.157967e+01,2.186310e+01,2.169728e+01,2.178713e+01,2.180786e+01,2.179404e+01,2.182167e+01,2.193901e+01,2.189761e+01,2.205621e+01,2.195280e+01,2.185620e+01,2.198039e+01,2.197349e+01,2.200107e+01,2.202865e+01,2.202865e+01,2.224896e+01,2.227647e+01,2.245507e+01,2.247566e+01,2.266763e+01,2.317323e+01,2.330265e+01,2.367638e+01,2.387289e+01,2.423107e+01,2.444674e+01,2.462164e+01,2.485663e+01,2.519140e+01,2.527159e+01,2.539843e+01,2.539843e+01,2.545846e+01,2.548513e+01,2.539843e+01,2.527159e+01,2.495047e+01,2.481638e+01,2.447367e+01,2.403524e+01,2.375774e+01,2.329585e+01,2.311869e+01,2.300953e+01,2.292074e+01,2.266078e+01,2.242762e+01,2.218705e+01,2.213886e+01,2.209066e+01,2.203554e+01,2.204932e+01,2.179404e+01,2.175949e+01,2.172494e+01,2.171802e+01,2.178022e+01,2.176641e+01,2.164887e+01,2.164195e+01,2.158659e+01,2.162811e+01,2.162119e+01,2.148270e+01,2.146191e+01,2.147577e+01,2.144805e+01,2.142725e+01,2.146191e+01,2.141339e+01,2.144805e+01,2.141339e+01,2.147577e+01,2.151042e+01,2.154505e+01,2.153119e+01,2.152427e+01,2.139258e+01,2.155890e+01,2.156582e+01,2.151042e+01,2.149656e+01,2.145498e+01,2.145498e+01,2.148963e+01,2.148270e+01,2.155197e+01,2.155890e+01,2.160735e+01,2.155890e+01,2.164195e+01,2.161427e+01,2.172494e+01,2.175258e+01,2.184929e+01,2.184239e+01,2.188381e+01,2.196660e+01,2.191141e+01,2.193211e+01,2.195970e+01,2.200797e+01,2.206310e+01,2.191141e+01,2.200107e+01,2.193901e+01,2.193211e+01,2.195970e+01,2.199418e+01,2.205621e+01,2.207688e+01,2.209755e+01,2.204243e+01,2.194591e+01,2.210443e+01,2.215952e+01,2.210443e+01,2.218705e+01,2.211132e+01,2.218705e+01,2.230396e+01,2.223520e+01,2.220081e+01,2.227647e+01,2.216640e+01,2.214575e+01,2.220769e+01,2.218016e+01,2.213886e+01,2.222145e+01,2.220081e+01,2.213198e+01,2.216640e+01,2.223520e+01,2.215263e+01,2.229709e+01,2.226271e+01,2.227647e+01,2.231771e+01,2.222833e+01,2.237955e+01,2.229022e+01,2.225584e+01,2.222833e+01,2.225584e+01,2.219393e+01,2.222145e+01,2.231084e+01,2.230396e+01,2.229022e+01,2.231084e+01,2.240015e+01,2.231771e+01,2.235894e+01,2.233146e+01,2.229022e+01,2.235894e+01,2.233833e+01,2.239328e+01,2.233146e+01,2.229709e+01,2.236581e+01,2.242075e+01,2.233833e+01,2.231771e+01,2.235207e+01,2.246194e+01,2.231084e+01,2.268817e+01,2.322775e+01
2.221457e+01,2.220769e+01,2.190451e+01,2.220081e+01,2.215952e+01,2.220081e+01,2.222833e+01,2.213886e+01,2.210443e+01,2.209066e+01,2.215263e+01,2.207688e+01,2.210443e+01,2.213886e+01,2.209755e+01,2.200107e+01,2.209755e+01,2.210443e+01,2.193901e+01,2.197349e+01,2.206310e+01,2.212509e+01,2.192521e+01,2.220081e+01,2.204932e+01,2.222833e+01,2.211132e+01,2.201486e+01,2.213198e+01,2.204932e+01,2.213886e+01,2.208377e+01,2.198729e+01,2.204243e+01,2.213198e+01,2.209755e+01,2.211821e+01,2.208377e+01,2.217328e+01,2.209755e+01,2.212509e+01,2.218705e+01,2.222145e+01,2.215952e+01,2.202865e+01,2.218016e+01,2.210443e+01,2.209066e+01,2.209755e+01,2.212509e+01,2.213886e+01,2.215952e+01,2.215952e+01,2.213198e+01,2.218016e+01,2.211132e+01,2.205621e+01,2.209066e+01,2.211132e+01,2.215263e+01,2.226271e+01,2.214575e+01,2.216640e+01,2.229709e+01,2.224208e+01,2.216640e+01,2.218705e+01,2.226271e+01,2.225584e+01,2.233833e+01,2.220769e+01,2.220769e+01,2.222833e+01,2.220081e+01,2.225584e+01,2.228334e+01,2.227647e+01,2.235894e+01,2.224208e+01,2.229022e+01,2.229022e+01,2.224896e+01,2.226959e+01,2.225584e+01,2.235207e+01,2.221457e+01,2.226959e+01,2.222145e+01,2.231084e+01,2.229709e+01,2.220769e+01,2.222145e+01,2.235894e+01,2.228334e+01,2.218705e+01,2.240702e+01,2.235894e+01,2.233833e+01,2.220769e+01,2.228334e+01,2.224896e+01,2.242762e+01,2.228334e+01,2.223520e+01,2.225584e+01,2.227647e+01,2.232458e+01,2.223520e+01,2.235207e+01,2.226271e+01,2.233833e+01,2.234520e+01,2.226959e+01,2.231771e+01,2.228334e+01,2.237268e+01,2.224896e+01,2.230396e+01,2.226959e+01,2.221457e+01,2.231771e+01,2.232458e+01,2.236581e+01,2.237955e+01,2.233146e+01,2.230396e+01,2.234520e+01,2.228334e+01,2.231771e+01,2.242762e+01,2.229022e+01,2.220081e+01,2.230396e+01,2.226959e+01,2.226271e+01,2.232458e+01,2.218016e+01,2.229022e+01,2.230396e+01,2.213198e+01,2.224896e+01,2.213198e+01,2.217328e+01,2.219393e+01,2.210443e+01,2.211132e+01,2.212509e+01,2.213886e+01,2.211821e+01,2.204932e+01,2.202865e+01,2.212509e+01,2.200797e+01,2.200797e+01,2.201486e+01,2.202176e+01,2.202176e+01,2.201486e+01,2.200107e+01,2.202176e+01,2.189071e+01,2.189761e+01,2.198039e+01,2.189071e+01,2.178713e+01,2.191831e+01,2.183548e+01,2.181476e+01,2.184929e+01,2.178022e+01,2.189071e+01,2.174567e+01,2.187000e+01,2.171802e+01,2.184239e+01,2.188381e+01,2.181476e+01,2.187691e+01,2.193901e+01,2.190451e+01,2.195970e+01,2.200797e+01,2.213886e+01,2.231084e+01,2.266763e+01,2.272241e+01,2.311187e+01,2.339111e+01,2.378484e+01,2.419733e+01,2.468212e+01,2.532502e+01,2.561171e+01,2.585778e+01,2.630852e+01,2.636142e+01,2.659256e+01,2.661235e+01,2.688242e+01,2.681661e+01,2.676394e+01,2.669147e+01,2.598391e+01,2.545846e+01,2.466196e+01,2.364246e+01,2.290707e+01,2.226271e+01,2.187000e+01,2.181476e+01,2.157967e+01,2.157967e+01,2.157967e+01,2.141339e+01,2.149656e+01,2.134402e+01,2.135790e+01,2.144805e+01,2.132320e+01,2.140645e+01,2.134402e+01,2.133708e+01,2.130238e+01,2.125378e+01,2.139258e+01,2.128850e+01,2.135096e+01,2.125378e+01,2.123989e+01,2.128850e+01,2.128850e+01,2.128156e+01,2.117041e+01,2.128156e+01,2.129544e+01,2.114260e+01,2.117041e+01,2.118431e+01,2.112869e+01,2.128850e+01,2.117041e+01,2.128850e+01,2.120515e+01,2.116345e+01,2.121210e+01,2.113565e+01,2.107305e+01,2.109392e+01,2.103826e+01,2.115650e+01,2.114955e+01,2.112174e+01,2.103130e+01,2.100345e+01,2.098256e+01,2.099649e+01,2.102434e+01,2.105914e+01,2.105218e+01,2.105914e+01,2.098256e+01,2.108001e+01,2.094774e+01,2.093381e+01,2.100345e+01,2.098256e+01,2.085715e+01,2.085017e+01,2.104522e+01,2.089897e+01,2.091291e+01,2.089897e+01,2.089200e+01,2.082925e+01,2.079438e+01,2.075251e+01,2.073157e+01,2.077344e+01,2.075251e+01,2.076647e+01,2.075251e+01,2.078740e+01,2.070364e+01,2.079438e+01,2.078042e+01,2.077344e+01,2.078740e+01,2.078740e+01,2.076647e+01,2.076647e+01,2.078740e+01,2.087109e+01,2.112869e+01,2.098256e+01,2.108696e+01,2.106609e+01,2.104522e+01,2.101042e+01,2.099649e+01,2.097560e+01,2.086412e+01,2.093381e+01,2.100345e+01,2.083623e+01,2.089897e+01,2.085715e+01,2.090594e+01,2.085715e+01,2.079438e+01,2.089200e+01,2.087109e+01,2.072459e+01,2.073157e+01,2.082228e+01,2.080833e+01,2.076647e+01,2.084320e+01,2.078740e+01,2.073855e+01,2.084320e+01,2.071062e+01,2.079438e+01,2.063379e+01,2.071761e+01,2.069666e+01,2.066872e+01,2.071062e+01,2.066174e+01,2.071062e+01,2.072459e+01,2.071761e+01,2.071761e+01,2.075251e+01,2.079438e+01,2.071761e+01,2.080135e+01,2.075949e+01,2.080135e+01,2.078042e+01,2.077344e+01,2.080135e+01,2.072459e+01,2.076647e+01,2.078740e+01,2.071062e+01,2.082228e+01,2.061981e+01,2.059884e+01,2.082925e+01,2.078042e+01,2.068967e+01,2.071062e+01,2.068269e+01,2.075949e+01,2.064776e+01,2.068269e+01,2.080135e+01,2.071761e+01,2.070364e+01,2.081530e+01,2.078042e+01,2.088503e+01,2.080833e+01,2.094774e+01,2.096167e+01,2.096864e+01,2.088503e+01,2.097560e+01,2.093381e+01,2.100345e+01,2.103826e+01,2.096864e+01,2.092684e+01,2.098256e+01,2.097560e+01,2.110088e+01,2.108001e+01,2.109392e+01,2.102434e+01,2.098953e+01,2.106609e+01,2.092684e+01,2.102434e+01,2.103826e+01,2.104522e+01,2.098953e+01,2.108696e+01,2.110088e+01,2.112869e+01,2.108001e+01,2.109392e+01,2.109392e+01,2.105914e+01,2.108001e+01,2.108696e+01,2.119820e+01,2.110783e+01,2.104522e+01,2.114955e+01,2.110088e+01,2.117041e+01,2.119820e+01,2.106609e+01,2.116345e+01,2.113565e+01,2.112869e+01,2.119820e+01,2.112869e+01,2.133708e+01,2.127461e+01,2.131626e+01,2.121905e+01,2.129544e+01,2.123294e+01,2.120515e+01,2.117041e+01,2.119820e+01,2.121210e+01,2.116345e+01,2.122600e+01,2.119820e+01,2.114260e+01,2.108696e+01,2.114260e+01,2.103130e+01,2.105914e+01,2.102434e+01,2.103130e+01,2.103130e+01,2.104522e+01,2.108696e+01,2.111479e+01,2.110088e+01,2.105914e+01,2.108696e+01,2.110783e+01,2.115650e+01,2.106609e+01,2.110088e+01,2.108696e+01,2.116345e+01,2.136484e+01,2.126767e+01,2.105218e+01,2.105914e+01,2.121210e+01,2.119820e+01,2.120515e+01,2.133014e+01,2.116345e+01,2.133014e+01,2.121905e+01,2.128156e+01,2.123989e+01,2.122600e+01,2.119126e+01,2.125378e+01,2.117041e+01,2.125378e+01,2.119820e+01,2.132320e+01,2.137871e+01,2.134402e+01,2.138565e+01,2.140645e+01,2.159351e+01,2.169037e+01,2.180786e+01,2.167654e+01,2.181476e+01,2.182858e+01,2.180095e+01,2.180095e+01,2.195280e+01,2.192521e+01,2.189761e+01,2.189761e+01,2.197349e+01,2.195280e+01,2.190451e+01,2.184929e+01,2.199418e+01,2.187691e+01,2.201486e+01,2.203554e+01,2.204243e+01,2.246880e+01,2.228334e+01,2.269502e+01,2.293440e+01,2.311187e+01,2.321412e+01,2.368994e+01,2.387966e+01,2.421758e+01,2.453423e+01,2.489686e+01,2.481638e+01,2.517803e+01,2.519809e+01,2.546513e+01,2.547846e+01,2.567162e+01,2.551845e+01,2.539843e+01,2.531834e+01,2.524487e+01,2.481638e+01,2.448040e+01,2.417709e+01,2.378484e+01,2.342511e+01,2.315278e+01,2.294123e+01,2.268132e+01,2.266078e+01,2.240015e+01,2.234520e+01,2.229709e+01,2.203554e+01,2.213886e+01,2.204243e+01,2.198729e+01,2.195280e+01,2.183548e+01,2.181476e+01,2.176641e+01,2.173876e+01,2.171111e+01,2.169728e+01,2.162811e+01,2.155197e+01,2.140645e+01,2.153812e+01,2.147577e+01,2.146191e+01,2.147577e+01,2.146191e+01,2.142032e+01,2.144805e+01,2.145498e+01,2.140645e+01,2.155890e+01,2.153119e+01,2.160043e+01,2.146884e+01,2.150349e+01,2.145498e+01,2.142032e+01,2.161427e+01,2.146884e+01,2.150349e+01,2.148963e+01,2.147577e+01,2.151734e+01,2.148963e+01,2.152427e+01,2.153812e+01,2.158659e+01,2.173185e+01,2.160735e+01,2.175949e+01,2.177332e+01,2.176641e+01,2.191831e+01,2.188381e+01,2.182858e+01,2.186310e+01,2.186310e+01,2.200107e+01,2.198039e+01,2.201486e+01,2.194591e+01,2.208377e+01,2.200107e+01,2.192521e+01,2.200107e+01,2.200797e+01,2.222145e+01,2.208377e+01,2.200797e+01,2.205621e+01,2.200797e+01,2.209066e+01,2.213198e+01,2.214575e+01,2.218016e+01,2.213886e+01,2.221457e+01,2.220081e+01,2.217328e+01,2.222145e+01,2.225584e+01,2.213886e+01,2.221457e+01,2.218016e+01,2.221457e+01,2.212509e+01,2.220081e+01,2.223520e+01,2.219393e+01,2.218016e+01,2.219393e+01,2.224208e+01,2.220769e+01,2.224208e+01,2.218705e+01,2.218016e+01,2.228334e+01,2.223520e+01,2.226271e+01,2.240015e+01,2.227647e+01,2.224208e+01,2.226959e+01,2.227647e+01,2.229709e+01,2.227647e+01,2.226271e+01,2.242075e+01,2.231084e+01,2.229022e+01,2.245507e+01,2.231771e+01,2.230396e+01,2.238642e+01,2.240015e+01,2.235207e+01,2.240702e+01,2.224896e+01,2.228334e+01,2.233146e+01,2.235894e+01,2.234520e+01,2.235207e+01,2.226959e+01,2.237955e+01,2.233833e+01,2.222833e+01,2.229709e+01
2.222145e+01,2.233833e+01,2.223520e+01,2.219393e+01,2.218016e+01,2.218705e+01,2.221457e+01,2.211132e+01,2.214575e+01,2.208377e+01,2.205621e+01,2.230396e+01,2.212509e+01,2.206999e+01,2.206999e+01,2.202865e+01,2.199418e+01,2.201486e+01,2.202865e+01,2.198729e+01,2.206310e+01,2.195280e+01,2.202865e+01,2.196660e+01,2.202176e+01,2.208377e+01,2.206310e+01,2.200107e+01,2.206999e+01,2.212509e+01,2.201486e+01,2.199418e+01,2.210443e+01,2.223520e+01,2.215952e+01,2.215263e+01,2.209066e+01,2.208377e+01,2.211821e+01,2.216640e+01,2.215263e+01,2.220769e+01,2.212509e+01,2.214575e+01,2.213198e+01,2.218016e+01,2.217328e+01,2.222833e+01,2.212509e+01,2.206999e+01,2.220081e+01,2.209066e+01,2.204932e+01,2.214575e+01,2.220769e+01,2.215952e+01,2.214575e+01,2.218705e+01,2.216640e+01,2.217328e+01,2.215263e+01,2.215263e+01,2.214575e+01,2.218705e+01,2.215952e+01,2.229022e+01,2.215952e+01,2.222145e+01,2.218016e+01,2.222833e+01,2.221457e+01,2.228334e+01,2.229709e+01,2.226271e+01,2.221457e+01,2.226959e+01,2.226271e+01,2.235207e+01,2.231771e+01,2.240702e+01,2.229022e+01,2.224896e+01,2.224896e+01,2.229709e+01,2.226271e+01,2.229709e+01,2.232458e+01,2.223520e+01,2.227647e+01,2.232458e+01,2.231084e+01,2.242762e+01,2.235894e+01,2.238642e+01,2.229022e+01,2.224208e+01,2.233833e+01,2.226271e+01,2.223520e+01,2.230396e+01,2.229709e+01,2.225584e+01,2.233833e+01,2.219393e+01,2.224208e+01,2.229709e+01,2.228334e+01,2.231084e+01,2.226271e+01,2.229709e+01,2.226271e+01,2.211132e+01,2.229022e+01,2.227647e+01,2.232458e+01,2.227647e+01,2.240015e+01,2.224208e+01,2.229709e+01,2.225584e+01,2.226959e+01,2.235894e+01,2.235207e+01,2.229022e+01,2.228334e+01,2.227647e+01,2.226959e+01,2.240015e+01,2.232458e+01,2.232458e+01,2.218705e+01,2.222833e+01,2.229709e+01,2.220769e+01,2.222833e+01,2.225584e+01,2.225584e+01,2.221457e+01,2.226271e+01,2.218016e+01,2.213886e+01,2.210443e+01,2.211821e+01,2.211821e+01,2.212509e+01,2.213886e+01,2.214575e+01,2.215263e+01,2.203554e+01,2.216640e+01,2.212509e+01,2.213886e+01,2.207688e+01,2.204243e+01,2.202176e+01,2.202865e+01,2.197349e+01,2.188381e+01,2.195280e+01,2.193211e+01,2.189071e+01,2.195970e+01,2.193901e+01,2.189761e+01,2.193901e+01,2.196660e+01,2.181476e+01,2.189071e+01,2.184929e+01,2.180095e+01,2.187000e+01,2.182167e+01,2.176641e+01,2.179404e+01,2.180786e+01,2.185620e+01,2.185620e+01,2.189761e+01,2.186310e+01,2.195970e+01,2.193211e+01,2.200107e+01,2.224896e+01,2.224208e+01,2.265392e+01,2.277032e+01,2.311869e+01,2.340471e+01,2.370350e+01,2.427829e+01,2.480296e+01,2.519140e+01,2.560505e+01,2.603698e+01,2.630190e+01,2.630852e+01,2.659916e+01,2.661894e+01,2.675076e+01,2.672441e+01,2.650677e+01,2.635481e+01,2.575144e+01,2.514460e+01,2.423107e+01,2.330265e+01,2.257854e+01,2.205621e+01,2.169728e+01,2.164195e+01,2.160043e+01,2.153119e+01,2.152427e+01,2.152427e+01,2.152427e+01,2.144112e+01,2.126767e+01,2.138565e+01,2.136484e+01,2.130932e+01,2.137177e+01,2.133708e+01,2.152427e+01,2.125378e+01,2.126767e+01,2.123294e+01,2.126072e+01,2.134402e+01,2.133708e+01,2.121905e+01,2.128850e+01,2.126767e+01,2.128850e+01,2.126767e+01,2.112174e+01,2.114260e+01,2.122600e+01,2.120515e+01,2.111479e+01,2.131626e+01,2.119820e+01,2.118431e+01,2.117736e+01,2.113565e+01,2.121210e+01,2.116345e+01,2.123989e+01,2.105914e+01,2.106609e+01,2.105914e+01,2.108001e+01,2.100345e+01,2.110783e+01,2.109392e+01,2.096167e+01,2.105914e+01,2.105218e+01,2.107305e+01,2.101738e+01,2.105218e+01,2.110088e+01,2.112174e+01,2.101738e+01,2.096864e+01,2.085715e+01,2.093381e+01,2.090594e+01,2.096167e+01,2.094774e+01,2.087806e+01,2.091291e+01,2.090594e+01,2.090594e+01,2.089897e+01,2.076647e+01,2.077344e+01,2.075251e+01,2.073855e+01,2.073157e+01,2.071062e+01,2.075949e+01,2.073855e+01,2.078740e+01,2.075949e+01,2.067570e+01,2.066872e+01,2.075949e+01,2.067570e+01,2.079438e+01,2.080833e+01,2.076647e+01,2.108696e+01,2.111479e+01,2.105914e+01,2.108696e+01,2.104522e+01,2.106609e+01,2.093381e+01,2.098953e+01,2.087806e+01,2.096864e+01,2.093381e+01,2.087806e+01,2.093381e+01,2.082228e+01,2.091291e+01,2.085715e+01,2.085715e+01,2.074553e+01,2.073157e+01,2.075251e+01,2.074553e+01,2.082925e+01,2.082925e+01,2.082228e+01,2.081530e+01,2.077344e+01,2.081530e+01,2.075949e+01,2.070364e+01,2.078740e+01,2.077344e+01,2.070364e+01,2.068269e+01,2.061282e+01,2.063379e+01,2.081530e+01,2.078042e+01,2.069666e+01,2.068967e+01,2.068967e+01,2.064078e+01,2.071062e+01,2.072459e+01,2.068967e+01,2.082228e+01,2.077344e+01,2.077344e+01,2.078042e+01,2.078042e+01,2.082228e+01,2.082228e+01,2.075949e+01,2.073855e+01,2.075251e+01,2.074553e+01,2.069666e+01,2.083623e+01,2.068269e+01,2.074553e+01,2.068269e+01,2.080135e+01,2.068269e+01,2.071761e+01,2.073157e+01,2.068967e+01,2.067570e+01,2.068967e+01,2.071761e+01,2.082925e+01,2.088503e+01,2.089200e+01,2.085017e+01,2.081530e+01,2.085715e+01,2.086412e+01,2.098256e+01,2.102434e+01,2.097560e+01,2.095471e+01,2.107305e+01,2.108696e+01,2.096864e+01,2.103130e+01,2.101738e+01,2.107305e+01,2.105914e+01,2.112869e+01,2.105218e+01,2.105218e+01,2.105218e+01,2.099649e+01,2.105914e+01,2.094077e+01,2.108001e+01,2.097560e+01,2.098953e+01,2.094077e+01,2.101738e+01,2.105914e+01,2.101738e+01,2.101738e+01,2.120515e+01,2.106609e+01,2.110783e+01,2.105218e+01,2.114955e+01,2.114260e+01,2.108001e+01,2.115650e+01,2.110783e+01,2.109392e+01,2.111479e+01,2.114955e+01,2.113565e+01,2.117041e+01,2.124683e+01,2.128156e+01,2.123294e+01,2.131626e+01,2.126072e+01,2.128850e+01,2.114260e+01,2.113565e+01,2.110088e+01,2.119820e+01,2.133014e+01,2.117041e+01,2.117736e+01,2.114955e+01,2.113565e+01,2.109392e+01,2.112174e+01,2.106609e+01,2.113565e+01,2.103826e+01,2.101042e+01,2.099649e+01,2.100345e+01,2.123294e+01,2.104522e+01,2.117041e+01,2.104522e+01,2.101738e+01,2.104522e+01,2.105218e+01,2.105914e+01,2.106609e+01,2.118431e+01,2.116345e+01,2.108001e+01,2.117041e+01,2.110088e+01,2.119820e+01,2.123294e+01,2.117736e+01,2.119820e+01,2.119820e+01,2.119820e+01,2.127461e+01,2.122600e+01,2.135790e+01,2.128156e+01,2.110783e+01,2.114955e+01,2.110783e+01,2.118431e+01,2.120515e+01,2.123989e+01,2.122600e+01,2.130932e+01,2.134402e+01,2.135790e+01,2.144112e+01,2.142725e+01,2.165579e+01,2.160043e+01,2.170420e+01,2.183548e+01,2.171802e+01,2.180786e+01,2.183548e+01,2.184929e+01,2.175258e+01,2.189761e+01,2.184239e+01,2.180095e+01,2.196660e+01,2.180095e+01,2.197349e+01,2.198729e+01,2.185620e+01,2.194591e+01,2.191831e+01,2.203554e+01,2.219393e+01,2.227647e+01,2.229022e+01,2.270187e+01,2.290024e+01,2.316642e+01,2.331627e+01,2.379839e+01,2.390673e+01,2.418384e+01,2.444001e+01,2.452750e+01,2.487674e+01,2.509777e+01,2.504423e+01,2.549846e+01,2.544512e+01,2.558507e+01,2.550513e+01,2.543179e+01,2.527159e+01,2.517135e+01,2.490356e+01,2.459475e+01,2.421083e+01,2.379839e+01,2.341151e+01,2.315278e+01,2.304365e+01,2.283872e+01,2.252369e+01,2.242075e+01,2.218016e+01,2.211821e+01,2.225584e+01,2.205621e+01,2.210443e+01,2.206999e+01,2.183548e+01,2.193211e+01,2.173876e+01,2.171802e+01,2.175949e+01,2.169037e+01,2.167654e+01,2.155890e+01,2.151734e+01,2.143419e+01,2.147577e+01,2.146884e+01,2.143419e+01,2.141339e+01,2.146884e+01,2.144805e+01,2.145498e+01,2.156582e+01,2.158659e+01,2.149656e+01,2.152427e+01,2.146191e+01,2.151042e+01,2.146191e+01,2.159351e+01,2.138565e+01,2.144112e+01,2.161427e+01,2.150349e+01,2.148963e+01,2.159351e+01,2.151042e+01,2.149656e+01,2.155890e+01,2.154505e+01,2.161427e+01,2.158659e+01,2.154505e+01,2.166962e+01,2.164887e+01,2.181476e+01,2.180095e+01,2.183548e+01,2.187691e+01,2.187000e+01,2.191141e+01,2.191141e+01,2.192521e+01,2.199418e+01,2.194591e+01,2.194591e+01,2.198039e+01,2.195280e+01,2.201486e+01,2.207688e+01,2.194591e+01,2.199418e+01,2.200797e+01,2.209066e+01,2.208377e+01,2.193211e+01,2.212509e+01,2.215263e+01,2.220769e+01,2.228334e+01,2.215263e+01,2.218016e+01,2.218705e+01,2.217328e+01,2.225584e+01,2.217328e+01,2.218016e+01,2.217328e+01,2.215263e+01,2.211132e+01,2.206999e+01,2.222833e+01,2.213198e+01,2.215952e+01,2.215263e+01,2.224896e+01,2.223520e+01,2.223520e+01,2.219393e+01,2.218016e+01,2.223520e+01,2.222145e+01,2.222145e+01,2.223520e+01,2.225584e+01,2.238642e+01,2.231771e+01,2.227647e+01,2.231771e+01,2.233833e+01,2.240015e+01,2.229709e+01,2.229709e+01,2.241389e+01,2.241389e+01,2.226959e+01,2.231771e+01,2.231771e+01,2.247566e+01,2.242075e+01,2.231084e+01,2.243448e+01,2.224208e+01,2.240015e+01,2.232458e+01,2.229022e+01,2.230396e+01,2.222833e+01,2.233833e+01,2.221457e+01,2.216640e+01,2.228334e+01
2.220081e+01,2.218705e+01,2.226271e+01,2.219393e+01,2.221457e+01,2.216640e+01,2.210443e+01,2.232458e+01,2.215952e+01,2.212509e+01,2.206999e+01,2.209755e+01,2.213886e+01,2.213198e+01,2.201486e+01,2.212509e+01,2.211132e+01,2.202865e+01,2.191141e+01,2.206999e+01,2.199418e+01,2.202865e+01,2.199418e+01,2.208377e+01,2.200797e+01,2.184239e+01,2.215263e+01,2.209066e+01,2.225584e+01,2.204243e+01,2.212509e+01,2.198039e+01,2.204932e+01,2.200797e+01,2.206999e+01,2.203554e+01,2.210443e+01,2.212509e+01,2.203554e+01,2.206999e+01,2.213198e+01,2.203554e+01,2.195970e+01,2.220081e+01,2.190451e+01,2.206310e+01,2.206999e+01,2.204932e+01,2.211821e+01,2.210443e+01,2.233146e+01,2.218016e+01,2.236581e+01,2.211821e+01,2.217328e+01,2.219393e+01,2.217328e+01,2.221457e+01,2.221457e+01,2.215263e+01,2.219393e+01,2.222833e+01,2.218016e+01,2.220769e+01,2.215952e+01,2.215952e+01,2.221457e+01,2.226959e+01,2.228334e+01,2.223520e+01,2.221457e+01,2.232458e+01,2.226959e+01,2.233146e+01,2.230396e+01,2.225584e+01,2.224896e+01,2.226959e+01,2.233833e+01,2.230396e+01,2.240015e+01,2.222833e+01,2.227647e+01,2.220081e+01,2.242075e+01,2.226271e+01,2.235207e+01,2.213886e+01,2.226271e+01,2.227647e+01,2.226271e+01,2.225584e+01,2.246880e+01,2.235894e+01,2.236581e+01,2.224896e+01,2.223520e+01,2.229709e+01,2.233146e+01,2.229022e+01,2.246880e+01,2.246880e+01,2.241389e+01,2.229709e+01,2.225584e+01,2.225584e+01,2.243448e+01,2.225584e+01,2.224896e+01,2.226271e+01,2.233833e+01,2.230396e+01,2.229709e+01,2.232458e+01,2.229709e+01,2.229022e+01,2.229709e+01,2.223520e+01,2.229022e+01,2.229709e+01,2.227647e+01,2.229709e+01,2.250311e+01,2.234520e+01,2.230396e+01,2.226271e+01,2.235207e+01,2.223520e+01,2.221457e+01,2.215263e+01,2.228334e+01,2.226959e+01,2.226959e+01,2.223520e+01,2.225584e+01,2.220769e+01,2.227647e+01,2.207688e+01,2.231084e+01,2.224896e+01,2.230396e+01,2.222145e+01,2.212509e+01,2.212509e+01,2.213198e+01,2.213886e+01,2.210443e+01,2.218016e+01,2.208377e+01,2.211132e+01,2.211821e+01,2.209755e+01,2.205621e+01,2.215952e+01,2.216640e+01,2.204243e+01,2.206310e+01,2.188381e+01,2.198039e+01,2.201486e+01,2.197349e+01,2.193901e+01,2.189071e+01,2.191141e+01,2.180095e+01,2.195280e+01,2.186310e+01,2.182858e+01,2.184929e+01,2.183548e+01,2.182858e+01,2.180786e+01,2.188381e+01,2.171111e+01,2.179404e+01,2.187691e+01,2.187000e+01,2.186310e+01,2.189761e+01,2.189761e+01,2.191831e+01,2.215263e+01,2.237268e+01,2.226271e+01,2.266078e+01,2.292757e+01,2.313233e+01,2.331627e+01,2.378484e+01,2.430526e+01,2.479625e+01,2.532502e+01,2.569823e+01,2.603698e+01,2.618939e+01,2.632175e+01,2.649356e+01,2.661235e+01,2.653317e+01,2.676394e+01,2.638786e+01,2.594410e+01,2.540510e+01,2.470227e+01,2.378484e+01,2.284555e+01,2.212509e+01,2.201486e+01,2.186310e+01,2.161427e+01,2.151734e+01,2.164887e+01,2.155890e+01,2.150349e+01,2.136484e+01,2.142725e+01,2.139952e+01,2.133708e+01,2.135096e+01,2.135096e+01,2.134402e+01,2.128156e+01,2.133014e+01,2.124683e+01,2.134402e+01,2.133708e+01,2.135096e+01,2.137177e+01,2.124683e+01,2.125378e+01,2.130932e+01,2.128156e+01,2.121905e+01,2.126072e+01,2.123989e+01,2.113565e+01,2.112174e+01,2.144805e+01,2.123294e+01,2.124683e+01,2.118431e+01,2.128850e+01,2.119820e+01,2.122600e+01,2.126072e+01,2.121210e+01,2.111479e+01,2.108696e+01,2.110088e+01,2.101738e+01,2.114260e+01,2.108696e+01,2.101042e+01,2.109392e+01,2.110783e+01,2.105914e+01,2.105218e+01,2.103130e+01,2.107305e+01,2.106609e+01,2.107305e+01,2.112174e+01,2.102434e+01,2.098953e+01,2.096864e+01,2.094077e+01,2.097560e+01,2.089200e+01,2.092684e+01,2.093381e+01,2.094774e+01,2.091987e+01,2.087806e+01,2.093381e+01,2.077344e+01,2.089200e+01,2.075949e+01,2.082925e+01,2.072459e+01,2.073157e+01,2.071062e+01,2.074553e+01,2.070364e+01,2.075949e+01,2.074553e+01,2.079438e+01,2.078042e+01,2.078042e+01,2.076647e+01,2.085715e+01,2.102434e+01,2.107305e+01,2.104522e+01,2.105218e+01,2.108001e+01,2.105218e+01,2.094077e+01,2.096864e+01,2.096167e+01,2.088503e+01,2.095471e+01,2.098953e+01,2.091987e+01,2.089200e+01,2.094077e+01,2.082228e+01,2.089897e+01,2.085017e+01,2.100345e+01,2.080135e+01,2.087806e+01,2.085017e+01,2.080135e+01,2.081530e+01,2.075251e+01,2.084320e+01,2.080833e+01,2.080833e+01,2.100345e+01,2.071062e+01,2.068967e+01,2.077344e+01,2.069666e+01,2.075949e+01,2.078042e+01,2.078042e+01,2.074553e+01,2.076647e+01,2.062680e+01,2.073157e+01,2.070364e+01,2.068269e+01,2.076647e+01,2.082925e+01,2.084320e+01,2.082228e+01,2.088503e+01,2.082925e+01,2.077344e+01,2.082925e+01,2.081530e+01,2.075251e+01,2.070364e+01,2.068269e+01,2.069666e+01,2.080833e+01,2.071062e+01,2.084320e+01,2.085017e+01,2.083623e+01,2.071761e+01,2.075949e+01,2.070364e+01,2.073855e+01,2.063379e+01,2.069666e+01,2.073157e+01,2.075949e+01,2.078042e+01,2.078740e+01,2.085017e+01,2.088503e+01,2.085715e+01,2.094077e+01,2.076647e+01,2.096864e+01,2.096167e+01,2.090594e+01,2.094774e+01,2.094077e+01,2.102434e+01,2.104522e+01,2.097560e+01,2.096167e+01,2.098953e+01,2.108696e+01,2.112869e+01,2.114260e+01,2.107305e+01,2.106609e+01,2.105218e+01,2.107305e+01,2.107305e+01,2.108001e+01,2.112869e+01,2.108696e+01,2.110783e+01,2.110088e+01,2.107305e+01,2.103826e+01,2.114260e+01,2.118431e+01,2.113565e+01,2.124683e+01,2.139258e+01,2.118431e+01,2.112869e+01,2.121210e+01,2.107305e+01,2.118431e+01,2.121905e+01,2.103130e+01,2.115650e+01,2.110088e+01,2.116345e+01,2.120515e+01,2.121905e+01,2.126072e+01,2.124683e+01,2.132320e+01,2.126767e+01,2.123294e+01,2.123989e+01,2.127461e+01,2.126072e+01,2.122600e+01,2.108001e+01,2.118431e+01,2.112174e+01,2.114260e+01,2.114260e+01,2.110783e+01,2.112869e+01,2.104522e+01,2.099649e+01,2.104522e+01,2.104522e+01,2.101042e+01,2.126767e+01,2.101042e+01,2.120515e+01,2.109392e+01,2.101738e+01,2.101738e+01,2.110088e+01,2.110783e+01,2.113565e+01,2.107305e+01,2.101042e+01,2.105914e+01,2.107305e+01,2.105914e+01,2.103826e+01,2.117041e+01,2.114955e+01,2.121905e+01,2.119820e+01,2.121905e+01,2.122600e+01,2.119820e+01,2.142725e+01,2.128156e+01,2.124683e+01,2.130238e+01,2.110088e+01,2.109392e+01,2.117041e+01,2.121210e+01,2.128156e+01,2.128156e+01,2.131626e+01,2.136484e+01,2.148963e+01,2.146191e+01,2.144112e+01,2.152427e+01,2.173185e+01,2.173185e+01,2.182858e+01,2.180095e+01,2.189761e+01,2.180786e+01,2.188381e+01,2.187000e+01,2.184239e+01,2.181476e+01,2.176641e+01,2.182167e+01,2.174567e+01,2.189761e+01,2.186310e+01,2.189071e+01,2.188381e+01,2.204932e+01,2.203554e+01,2.224208e+01,2.236581e+01,2.229709e+01,2.270871e+01,2.274978e+01,2.318005e+01,2.337751e+01,2.364246e+01,2.387289e+01,2.411632e+01,2.449386e+01,2.458803e+01,2.485663e+01,2.506431e+01,2.531834e+01,2.536507e+01,2.551179e+01,2.547846e+01,2.549846e+01,2.549846e+01,2.550513e+01,2.512453e+01,2.489015e+01,2.446694e+01,2.421083e+01,2.379162e+01,2.344551e+01,2.337751e+01,2.287290e+01,2.267447e+01,2.260596e+01,2.244135e+01,2.218016e+01,2.212509e+01,2.226271e+01,2.218705e+01,2.209066e+01,2.201486e+01,2.182858e+01,2.184239e+01,2.185620e+01,2.179404e+01,2.175949e+01,2.168345e+01,2.160735e+01,2.162811e+01,2.154505e+01,2.143419e+01,2.146191e+01,2.144805e+01,2.144112e+01,2.142032e+01,2.148270e+01,2.146884e+01,2.144112e+01,2.162119e+01,2.152427e+01,2.154505e+01,2.150349e+01,2.152427e+01,2.146191e+01,2.156582e+01,2.170420e+01,2.159351e+01,2.156582e+01,2.161427e+01,2.149656e+01,2.149656e+01,2.153119e+01,2.144805e+01,2.150349e+01,2.156582e+01,2.160043e+01,2.153119e+01,2.160735e+01,2.159351e+01,2.169037e+01,2.179404e+01,2.184929e+01,2.186310e+01,2.179404e+01,2.188381e+01,2.189071e+01,2.192521e+01,2.190451e+01,2.191141e+01,2.192521e+01,2.193901e+01,2.189761e+01,2.191141e+01,2.189761e+01,2.193901e+01,2.202176e+01,2.198039e+01,2.200107e+01,2.192521e+01,2.200797e+01,2.195280e+01,2.195280e+01,2.206999e+01,2.218016e+01,2.217328e+01,2.225584e+01,2.220081e+01,2.218016e+01,2.225584e+01,2.215952e+01,2.215952e+01,2.226271e+01,2.220769e+01,2.218705e+01,2.219393e+01,2.220081e+01,2.213886e+01,2.221457e+01,2.222145e+01,2.228334e+01,2.215263e+01,2.211821e+01,2.218016e+01,2.217328e+01,2.218016e+01,2.224896e+01,2.237268e+01,2.224208e+01,2.222145e+01,2.230396e+01,2.233833e+01,2.232458e+01,2.227647e+01,2.242762e+01,2.215952e+01,2.229022e+01,2.230396e+01,2.232458e+01,2.231771e+01,2.231084e+01,2.229022e+01,2.242075e+01,2.230396e+01,2.233833e+01,2.243448e+01,2.240015e+01,2.242762e+01,2.242075e+01,2.228334e+01,2.239328e+01,2.227647e+01,2.225584e+01,2.233146e+01,2.225584e+01,2.227647e+01,2.231771e+01,2.231084e+01,2.226271e+01
2.209755e+01,2.220769e+01,2.220769e+01,2.218705e+01,2.217328e+01,2.209066e+01,2.209755e+01,2.209755e+01,2.213886e+01,2.209755e+01,2.213198e+01,2.231084e+01,2.205621e+01,2.211132e+01,2.207688e+01,2.204243e+01,2.199418e+01,2.203554e+01,2.198729e+01,2.203554e+01,2.203554e+01,2.198729e+01,2.209755e+01,2.203554e+01,2.202176e+01,2.210443e+01,2.202865e+01,2.211821e+01,2.215952e+01,2.202865e+01,2.207688e+01,2.204932e+01,2.202176e+01,2.216640e+01,2.207688e+01,2.218705e+01,2.208377e+01,2.217328e+01,2.206310e+01,2.206999e+01,2.208377e+01,2.216640e+01,2.212509e+01,2.214575e+01,2.217328e+01,2.208377e+01,2.208377e+01,2.204932e+01,2.211821e+01,2.221457e+01,2.216640e+01,2.215263e+01,2.213886e+01,2.220769e+01,2.217328e+01,2.229022e+01,2.220081e+01,2.209066e+01,2.222833e+01,2.222145e+01,2.221457e+01,2.211821e+01,2.216640e+01,2.233146e+01,2.217328e+01,2.224208e+01,2.230396e+01,2.225584e+01,2.227647e+01,2.224208e+01,2.218705e+01,2.231084e+01,2.225584e+01,2.213198e+01,2.224208e+01,2.221457e+01,2.225584e+01,2.229709e+01,2.228334e+01,2.231771e+01,2.233146e+01,2.227647e+01,2.230396e+01,2.228334e+01,2.230396e+01,2.240015e+01,2.226959e+01,2.232458e+01,2.231084e+01,2.233833e+01,2.244135e+01,2.237955e+01,2.235894e+01,2.243448e+01,2.253741e+01,2.244135e+01,2.235207e+01,2.232458e+01,2.233833e+01,2.224896e+01,2.228334e+01,2.237955e+01,2.238642e+01,2.229022e+01,2.246194e+01,2.226959e+01,2.222833e+01,2.228334e+01,2.223520e+01,2.235894e+01,2.232458e+01,2.232458e+01,2.237955e+01,2.237955e+01,2.231084e+01,2.231084e+01,2.235894e+01,2.233833e+01,2.225584e+01,2.245507e+01,2.231084e+01,2.229709e+01,2.232458e+01,2.231771e+01,2.226959e+01,2.228334e+01,2.229022e+01,2.226959e+01,2.231084e+01,2.226271e+01,2.232458e+01,2.232458e+01,2.226959e+01,2.222145e+01,2.226959e+01,2.226271e+01,2.229022e+01,2.222833e+01,2.222145e+01,2.220769e+01,2.215263e+01,2.218016e+01,2.205621e+01,2.209066e+01,2.215263e+01,2.214575e+01,2.219393e+01,2.218705e+01,2.212509e+01,2.213886e+01,2.210443e+01,2.213886e+01,2.213198e+01,2.216640e+01,2.213198e+01,2.206310e+01,2.206999e+01,2.200797e+01,2.198039e+01,2.195280e+01,2.197349e+01,2.194591e+01,2.193901e+01,2.198039e+01,2.195280e+01,2.189071e+01,2.193901e+01,2.182858e+01,2.184929e+01,2.184929e+01,2.188381e+01,2.189761e+01,2.181476e+01,2.184239e+01,2.186310e+01,2.187691e+01,2.188381e+01,2.194591e+01,2.190451e+01,2.191831e+01,2.200107e+01,2.204932e+01,2.223520e+01,2.235894e+01,2.269502e+01,2.296856e+01,2.313915e+01,2.351346e+01,2.390673e+01,2.431200e+01,2.480296e+01,2.516466e+01,2.569158e+01,2.605024e+01,2.607676e+01,2.621588e+01,2.651337e+01,2.653977e+01,2.649356e+01,2.636803e+01,2.610990e+01,2.567162e+01,2.493037e+01,2.415683e+01,2.327542e+01,2.256483e+01,2.206999e+01,2.198039e+01,2.163503e+01,2.162811e+01,2.162811e+01,2.158659e+01,2.157967e+01,2.146884e+01,2.149656e+01,2.137177e+01,2.134402e+01,2.134402e+01,2.137871e+01,2.148270e+01,2.132320e+01,2.130932e+01,2.115650e+01,2.132320e+01,2.130932e+01,2.130238e+01,2.140645e+01,2.135790e+01,2.128850e+01,2.125378e+01,2.130932e+01,2.126767e+01,2.126072e+01,2.124683e+01,2.114260e+01,2.124683e+01,2.130932e+01,2.141339e+01,2.132320e+01,2.128156e+01,2.123989e+01,2.119126e+01,2.124683e+01,2.121210e+01,2.138565e+01,2.144112e+01,2.122600e+01,2.110088e+01,2.117041e+01,2.110088e+01,2.113565e+01,2.106609e+01,2.103130e+01,2.100345e+01,2.105914e+01,2.098256e+01,2.096864e+01,2.103826e+01,2.105218e+01,2.109392e+01,2.103130e+01,2.105914e+01,2.105218e+01,2.096167e+01,2.097560e+01,2.097560e+01,2.095471e+01,2.095471e+01,2.099649e+01,2.089897e+01,2.096167e+01,2.089200e+01,2.098953e+01,2.095471e+01,2.096864e+01,2.089897e+01,2.084320e+01,2.097560e+01,2.085715e+01,2.077344e+01,2.072459e+01,2.078042e+01,2.076647e+01,2.075251e+01,2.078740e+01,2.078740e+01,2.080135e+01,2.073157e+01,2.074553e+01,2.078740e+01,2.099649e+01,2.092684e+01,2.101738e+01,2.101042e+01,2.098953e+01,2.093381e+01,2.106609e+01,2.106609e+01,2.108001e+01,2.110783e+01,2.089200e+01,2.087109e+01,2.100345e+01,2.094774e+01,2.096864e+01,2.092684e+01,2.085017e+01,2.088503e+01,2.085715e+01,2.080135e+01,2.083623e+01,2.081530e+01,2.086412e+01,2.088503e+01,2.084320e+01,2.086412e+01,2.077344e+01,2.085715e+01,2.078740e+01,2.080833e+01,2.075949e+01,2.073855e+01,2.073855e+01,2.079438e+01,2.075949e+01,2.078042e+01,2.069666e+01,2.072459e+01,2.073855e+01,2.078740e+01,2.075949e+01,2.073855e+01,2.078042e+01,2.077344e+01,2.086412e+01,2.082228e+01,2.087109e+01,2.087806e+01,2.080833e+01,2.076647e+01,2.082925e+01,2.071062e+01,2.078042e+01,2.080135e+01,2.071761e+01,2.072459e+01,2.082925e+01,2.078740e+01,2.082228e+01,2.079438e+01,2.066872e+01,2.073855e+01,2.066174e+01,2.068967e+01,2.075949e+01,2.074553e+01,2.074553e+01,2.076647e+01,2.082925e+01,2.073855e+01,2.082228e+01,2.087109e+01,2.082925e+01,2.082228e+01,2.092684e+01,2.094774e+01,2.091987e+01,2.094774e+01,2.094077e+01,2.107305e+01,2.095471e+01,2.096167e+01,2.105914e+01,2.105218e+01,2.112174e+01,2.108696e+01,2.119126e+01,2.119126e+01,2.110783e+01,2.117041e+01,2.108001e+01,2.107305e+01,2.112174e+01,2.112174e+01,2.106609e+01,2.112174e+01,2.105914e+01,2.114260e+01,2.100345e+01,2.103130e+01,2.110783e+01,2.112869e+01,2.117041e+01,2.120515e+01,2.131626e+01,2.124683e+01,2.112869e+01,2.121905e+01,2.123294e+01,2.117041e+01,2.122600e+01,2.118431e+01,2.112174e+01,2.117736e+01,2.121210e+01,2.123989e+01,2.121905e+01,2.131626e+01,2.129544e+01,2.134402e+01,2.131626e+01,2.126072e+01,2.125378e+01,2.121210e+01,2.117041e+01,2.118431e+01,2.115650e+01,2.113565e+01,2.119126e+01,2.117041e+01,2.111479e+01,2.117041e+01,2.113565e+01,2.102434e+01,2.099649e+01,2.096167e+01,2.108696e+01,2.098256e+01,2.106609e+01,2.103826e+01,2.108696e+01,2.108001e+01,2.098256e+01,2.108001e+01,2.108001e+01,2.110088e+01,2.114260e+01,2.107305e+01,2.106609e+01,2.106609e+01,2.107305e+01,2.103826e+01,2.108696e+01,2.112869e+01,2.110088e+01,2.110088e+01,2.117041e+01,2.124683e+01,2.123989e+01,2.122600e+01,2.138565e+01,2.119820e+01,2.119126e+01,2.110783e+01,2.109392e+01,2.109392e+01,2.121905e+01,2.117041e+01,2.130932e+01,2.121210e+01,2.127461e+01,2.134402e+01,2.145498e+01,2.151734e+01,2.146191e+01,2.146884e+01,2.155197e+01,2.161427e+01,2.171111e+01,2.173185e+01,2.186310e+01,2.171111e+01,2.181476e+01,2.187000e+01,2.193211e+01,2.177332e+01,2.187000e+01,2.182167e+01,2.176641e+01,2.188381e+01,2.181476e+01,2.189761e+01,2.205621e+01,2.194591e+01,2.209066e+01,2.223520e+01,2.218016e+01,2.228334e+01,2.246194e+01,2.287974e+01,2.300270e+01,2.321412e+01,2.350667e+01,2.388643e+01,2.423107e+01,2.421758e+01,2.456113e+01,2.486333e+01,2.507770e+01,2.521146e+01,2.542512e+01,2.535172e+01,2.550513e+01,2.554511e+01,2.557841e+01,2.539176e+01,2.525823e+01,2.489015e+01,2.452077e+01,2.419059e+01,2.378484e+01,2.349988e+01,2.316642e+01,2.305730e+01,2.283188e+01,2.261282e+01,2.240015e+01,2.215263e+01,2.218016e+01,2.213198e+01,2.215263e+01,2.204243e+01,2.209755e+01,2.197349e+01,2.184929e+01,2.177332e+01,2.179404e+01,2.164195e+01,2.171802e+01,2.151734e+01,2.168345e+01,2.148963e+01,2.156582e+01,2.156582e+01,2.142725e+01,2.142032e+01,2.145498e+01,2.148270e+01,2.148963e+01,2.156582e+01,2.153812e+01,2.144112e+01,2.154505e+01,2.147577e+01,2.147577e+01,2.150349e+01,2.153812e+01,2.146191e+01,2.155890e+01,2.155197e+01,2.155890e+01,2.160735e+01,2.152427e+01,2.157274e+01,2.146884e+01,2.165579e+01,2.156582e+01,2.156582e+01,2.160043e+01,2.160043e+01,2.156582e+01,2.158659e+01,2.172494e+01,2.176641e+01,2.160735e+01,2.183548e+01,2.165579e+01,2.188381e+01,2.181476e+01,2.189071e+01,2.187691e+01,2.190451e+01,2.189071e+01,2.190451e+01,2.200107e+01,2.192521e+01,2.194591e+01,2.193211e+01,2.198729e+01,2.190451e+01,2.195970e+01,2.204243e+01,2.202176e+01,2.198039e+01,2.216640e+01,2.213198e+01,2.221457e+01,2.210443e+01,2.218705e+01,2.229709e+01,2.222145e+01,2.226959e+01,2.225584e+01,2.222833e+01,2.216640e+01,2.223520e+01,2.215952e+01,2.209755e+01,2.211132e+01,2.219393e+01,2.212509e+01,2.218016e+01,2.213198e+01,2.214575e+01,2.219393e+01,2.218016e+01,2.213198e+01,2.222833e+01,2.223520e+01,2.221457e+01,2.231084e+01,2.229022e+01,2.225584e+01,2.224896e+01,2.224208e+01,2.213886e+01,2.228334e+01,2.229709e+01,2.232458e+01,2.231084e+01,2.241389e+01,2.234520e+01,2.229709e+01,2.241389e+01,2.230396e+01,2.235894e+01,2.227647e+01,2.233833e+01,2.232458e+01,2.230396e+01,2.240702e+01,2.244135e+01,2.228334e+01,2.233833e+01,2.235894e+01,2.239328e+01,2.218705e+01,2.244135e+01,2.226271e+01,2.220081e+01
2.218016e+01,2.211821e+01,2.223520e+01,2.218705e+01,2.213198e+01,2.213886e+01,2.212509e+01,2.210443e+01,2.210443e+01,2.199418e+01,2.203554e+01,2.208377e+01,2.202865e+01,2.216640e+01,2.207688e+01,2.207688e+01,2.184929e+01,2.204932e+01,2.204243e+01,2.206999e+01,2.199418e+01,2.207688e+01,2.203554e+01,2.186310e+01,2.206310e+01,2.209066e+01,2.201486e+01,2.209755e+01,2.205621e+01,2.218705e+01,2.218016e+01,2.208377e+01,2.220081e+01,2.198039e+01,2.201486e+01,2.213886e+01,2.203554e+01,2.208377e+01,2.204243e+01,2.207688e+01,2.209755e+01,2.207688e+01,2.215952e+01,2.217328e+01,2.218016e+01,2.211132e+01,2.208377e+01,2.214575e+01,2.213886e+01,2.206310e+01,2.215263e+01,2.213198e+01,2.220081e+01,2.213886e+01,2.213198e+01,2.222145e+01,2.215952e+01,2.222833e+01,2.224208e+01,2.219393e+01,2.225584e+01,2.226271e+01,2.220769e+01,2.214575e+01,2.222145e+01,2.226271e+01,2.223520e+01,2.235207e+01,2.219393e+01,2.230396e+01,2.224896e+01,2.231084e+01,2.224896e+01,2.233833e+01,2.229709e+01,2.220081e+01,2.227647e+01,2.229709e+01,2.224896e+01,2.229709e+01,2.212509e+01,2.229022e+01,2.235207e+01,2.229022e+01,2.230396e+01,2.244135e+01,2.211821e+01,2.234520e+01,2.229709e+01,2.231771e+01,2.233833e+01,2.238642e+01,2.222145e+01,2.240015e+01,2.232458e+01,2.242762e+01,2.223520e+01,2.229709e+01,2.230396e+01,2.232458e+01,2.228334e+01,2.231771e+01,2.224208e+01,2.226959e+01,2.212509e+01,2.227647e+01,2.226271e+01,2.233146e+01,2.216640e+01,2.229709e+01,2.233833e+01,2.225584e+01,2.231084e+01,2.235894e+01,2.228334e+01,2.222833e+01,2.225584e+01,2.231084e+01,2.229022e+01,2.228334e+01,2.248939e+01,2.229709e+01,2.232458e+01,2.231771e+01,2.231084e+01,2.233146e+01,2.242075e+01,2.220769e+01,2.235894e+01,2.238642e+01,2.222833e+01,2.238642e+01,2.220769e+01,2.224896e+01,2.224896e+01,2.239328e+01,2.226271e+01,2.222145e+01,2.225584e+01,2.224208e+01,2.215952e+01,2.212509e+01,2.223520e+01,2.220081e+01,2.218705e+01,2.215263e+01,2.215952e+01,2.215952e+01,2.215952e+01,2.215952e+01,2.218016e+01,2.209066e+01,2.213198e+01,2.215952e+01,2.205621e+01,2.206310e+01,2.206999e+01,2.193901e+01,2.202865e+01,2.192521e+01,2.201486e+01,2.196660e+01,2.187000e+01,2.195280e+01,2.187691e+01,2.191141e+01,2.183548e+01,2.181476e+01,2.186310e+01,2.184929e+01,2.192521e+01,2.187000e+01,2.185620e+01,2.187691e+01,2.186310e+01,2.185620e+01,2.188381e+01,2.186310e+01,2.191831e+01,2.190451e+01,2.200107e+01,2.202865e+01,2.212509e+01,2.241389e+01,2.267447e+01,2.294807e+01,2.314597e+01,2.349988e+01,2.366959e+01,2.429177e+01,2.480296e+01,2.530499e+01,2.572484e+01,2.578468e+01,2.619601e+01,2.614965e+01,2.629529e+01,2.633497e+01,2.631513e+01,2.610327e+01,2.569158e+01,2.543845e+01,2.443328e+01,2.367638e+01,2.277716e+01,2.231084e+01,2.193211e+01,2.164887e+01,2.157274e+01,2.163503e+01,2.148270e+01,2.146884e+01,2.140645e+01,2.141339e+01,2.148963e+01,2.149656e+01,2.147577e+01,2.134402e+01,2.133014e+01,2.134402e+01,2.134402e+01,2.133708e+01,2.133014e+01,2.132320e+01,2.134402e+01,2.133014e+01,2.121210e+01,2.134402e+01,2.128850e+01,2.124683e+01,2.126072e+01,2.125378e+01,2.128850e+01,2.116345e+01,2.113565e+01,2.113565e+01,2.122600e+01,2.126767e+01,2.127461e+01,2.135096e+01,2.121905e+01,2.128850e+01,2.134402e+01,2.127461e+01,2.138565e+01,2.139258e+01,2.121905e+01,2.108001e+01,2.101738e+01,2.102434e+01,2.105914e+01,2.089200e+01,2.117041e+01,2.101738e+01,2.094077e+01,2.098953e+01,2.101738e+01,2.103130e+01,2.097560e+01,2.100345e+01,2.103826e+01,2.103130e+01,2.102434e+01,2.096864e+01,2.096167e+01,2.096167e+01,2.093381e+01,2.091291e+01,2.096864e+01,2.104522e+01,2.105218e+01,2.092684e+01,2.086412e+01,2.086412e+01,2.080833e+01,2.094774e+01,2.088503e+01,2.089897e+01,2.091987e+01,2.069666e+01,2.070364e+01,2.082228e+01,2.073855e+01,2.071761e+01,2.063379e+01,2.068967e+01,2.071761e+01,2.072459e+01,2.071062e+01,2.079438e+01,2.088503e+01,2.094774e+01,2.103826e+01,2.097560e+01,2.109392e+01,2.101042e+01,2.099649e+01,2.099649e+01,2.094774e+01,2.098256e+01,2.105914e+01,2.089200e+01,2.097560e+01,2.094774e+01,2.094774e+01,2.085715e+01,2.102434e+01,2.096167e+01,2.086412e+01,2.080833e+01,2.082925e+01,2.082925e+01,2.081530e+01,2.071761e+01,2.085715e+01,2.080135e+01,2.082925e+01,2.088503e+01,2.073157e+01,2.075251e+01,2.081530e+01,2.064776e+01,2.073157e+01,2.071761e+01,2.071062e+01,2.072459e+01,2.072459e+01,2.077344e+01,2.084320e+01,2.078740e+01,2.081530e+01,2.080135e+01,2.071761e+01,2.079438e+01,2.078740e+01,2.084320e+01,2.087109e+01,2.079438e+01,2.087806e+01,2.080135e+01,2.079438e+01,2.082925e+01,2.082925e+01,2.082925e+01,2.081530e+01,2.082228e+01,2.078740e+01,2.079438e+01,2.097560e+01,2.086412e+01,2.084320e+01,2.065475e+01,2.078042e+01,2.065475e+01,2.075251e+01,2.071062e+01,2.073855e+01,2.083623e+01,2.083623e+01,2.084320e+01,2.081530e+01,2.086412e+01,2.093381e+01,2.087806e+01,2.087109e+01,2.093381e+01,2.089200e+01,2.098256e+01,2.091291e+01,2.096167e+01,2.096864e+01,2.103826e+01,2.104522e+01,2.103826e+01,2.102434e+01,2.118431e+01,2.103130e+01,2.115650e+01,2.105218e+01,2.108001e+01,2.104522e+01,2.113565e+01,2.113565e+01,2.099649e+01,2.103130e+01,2.116345e+01,2.117041e+01,2.094077e+01,2.118431e+01,2.114955e+01,2.109392e+01,2.120515e+01,2.127461e+01,2.119820e+01,2.128850e+01,2.130238e+01,2.115650e+01,2.114955e+01,2.123294e+01,2.126767e+01,2.116345e+01,2.102434e+01,2.118431e+01,2.115650e+01,2.114260e+01,2.117041e+01,2.115650e+01,2.119126e+01,2.124683e+01,2.118431e+01,2.114260e+01,2.128850e+01,2.121210e+01,2.126072e+01,2.119820e+01,2.114955e+01,2.114260e+01,2.107305e+01,2.125378e+01,2.112174e+01,2.110783e+01,2.103826e+01,2.112174e+01,2.108001e+01,2.099649e+01,2.110783e+01,2.101738e+01,2.103826e+01,2.109392e+01,2.111479e+01,2.104522e+01,2.103130e+01,2.105914e+01,2.108696e+01,2.111479e+01,2.104522e+01,2.119820e+01,2.104522e+01,2.112174e+01,2.112869e+01,2.115650e+01,2.111479e+01,2.101738e+01,2.107305e+01,2.120515e+01,2.119126e+01,2.114955e+01,2.123989e+01,2.125378e+01,2.117736e+01,2.119820e+01,2.107305e+01,2.118431e+01,2.118431e+01,2.123294e+01,2.111479e+01,2.111479e+01,2.119126e+01,2.121210e+01,2.130932e+01,2.145498e+01,2.135096e+01,2.136484e+01,2.130932e+01,2.160043e+01,2.150349e+01,2.155890e+01,2.161427e+01,2.168345e+01,2.173876e+01,2.176641e+01,2.172494e+01,2.177332e+01,2.177332e+01,2.185620e+01,2.187000e+01,2.173876e+01,2.178022e+01,2.186310e+01,2.184239e+01,2.173185e+01,2.187691e+01,2.184929e+01,2.203554e+01,2.202176e+01,2.224208e+01,2.224208e+01,2.226959e+01,2.243448e+01,2.275663e+01,2.300270e+01,2.320731e+01,2.349308e+01,2.383226e+01,2.419059e+01,2.446021e+01,2.480296e+01,2.483651e+01,2.508439e+01,2.535172e+01,2.537174e+01,2.544512e+01,2.551179e+01,2.537174e+01,2.553844e+01,2.551845e+01,2.526491e+01,2.487004e+01,2.462164e+01,2.421758e+01,2.377129e+01,2.339791e+01,2.307095e+01,2.298904e+01,2.285239e+01,2.250997e+01,2.241389e+01,2.215263e+01,2.212509e+01,2.213198e+01,2.213198e+01,2.213886e+01,2.185620e+01,2.182167e+01,2.189071e+01,2.180095e+01,2.167654e+01,2.181476e+01,2.174567e+01,2.158659e+01,2.157967e+01,2.162119e+01,2.164195e+01,2.150349e+01,2.144805e+01,2.144805e+01,2.148270e+01,2.144112e+01,2.148270e+01,2.139258e+01,2.134402e+01,2.137871e+01,2.148963e+01,2.154505e+01,2.148963e+01,2.148963e+01,2.141339e+01,2.142032e+01,2.153119e+01,2.146884e+01,2.148963e+01,2.155890e+01,2.157274e+01,2.146884e+01,2.144805e+01,2.155890e+01,2.148270e+01,2.161427e+01,2.155197e+01,2.157274e+01,2.170420e+01,2.157967e+01,2.161427e+01,2.173185e+01,2.173876e+01,2.168345e+01,2.155890e+01,2.185620e+01,2.188381e+01,2.184929e+01,2.187000e+01,2.189071e+01,2.187000e+01,2.198039e+01,2.187000e+01,2.206310e+01,2.193901e+01,2.202176e+01,2.197349e+01,2.204243e+01,2.205621e+01,2.205621e+01,2.222145e+01,2.206310e+01,2.206999e+01,2.217328e+01,2.209755e+01,2.218016e+01,2.229022e+01,2.225584e+01,2.222833e+01,2.214575e+01,2.215263e+01,2.215263e+01,2.213886e+01,2.202176e+01,2.221457e+01,2.215263e+01,2.224896e+01,2.216640e+01,2.213886e+01,2.213886e+01,2.217328e+01,2.220769e+01,2.213886e+01,2.219393e+01,2.205621e+01,2.222145e+01,2.224208e+01,2.238642e+01,2.224896e+01,2.219393e+01,2.218705e+01,2.237955e+01,2.225584e+01,2.226271e+01,2.220769e+01,2.225584e+01,2.215263e+01,2.237955e+01,2.232458e+01,2.242075e+01,2.231084e+01,2.224208e+01,2.232458e+01,2.242075e+01,2.224208e+01,2.229022e+01,2.233833e+01,2.222833e+01,2.230396e+01,2.222145e+01,2.224208e+01,2.223520e+01,2.231771e+01,2.220769e+01,2.225584e+01,2.229709e+01,2.224896e+01,2.229709e+01
2.222833e+01,2.216640e+01,2.218016e+01,2.226959e+01,2.218705e+01,2.213886e+01,2.211821e+01,2.211132e+01,2.214575e+01,2.210443e+01,2.216640e+01,2.214575e+01,2.213198e+01,2.208377e+01,2.222833e+01,2.202176e+01,2.197349e+01,2.196660e+01,2.204243e+01,2.196660e+01,2.197349e+01,2.204932e+01,2.206999e+01,2.208377e+01,2.211132e+01,2.206999e+01,2.204932e+01,2.206999e+01,2.209066e+01,2.204932e+01,2.195280e+01,2.211132e+01,2.211132e+01,2.226959e+01,2.207688e+01,2.209066e+01,2.207688e+01,2.206999e+01,2.206999e+01,2.204243e+01,2.212509e+01,2.209066e+01,2.215952e+01,2.219393e+01,2.212509e+01,2.206999e+01,2.205621e+01,2.213198e+01,2.209066e+01,2.207688e+01,2.211132e+01,2.216640e+01,2.213886e+01,2.217328e+01,2.213198e+01,2.220769e+01,2.222833e+01,2.222145e+01,2.219393e+01,2.218016e+01,2.226959e+01,2.222833e+01,2.222833e+01,2.228334e+01,2.206999e+01,2.221457e+01,2.214575e+01,2.224896e+01,2.229709e+01,2.229709e+01,2.232458e+01,2.225584e+01,2.208377e+01,2.219393e+01,2.224208e+01,2.224208e+01,2.222145e+01,2.240702e+01,2.226271e+01,2.226959e+01,2.225584e+01,2.222833e+01,2.231084e+01,2.230396e+01,2.227647e+01,2.241389e+01,2.222833e+01,2.230396e+01,2.231771e+01,2.234520e+01,2.237268e+01,2.242762e+01,2.233833e+01,2.240015e+01,2.235894e+01,2.222833e+01,2.224208e+01,2.226271e+01,2.226271e+01,2.227647e+01,2.232458e+01,2.230396e+01,2.235894e+01,2.226959e+01,2.229022e+01,2.226959e+01,2.220769e+01,2.244135e+01,2.216640e+01,2.214575e+01,2.231771e+01,2.239328e+01,2.240015e+01,2.229022e+01,2.230396e+01,2.235894e+01,2.224208e+01,2.230396e+01,2.231084e+01,2.227647e+01,2.231771e+01,2.226271e+01,2.223520e+01,2.240702e+01,2.233833e+01,2.233146e+01,2.224896e+01,2.222833e+01,2.234520e+01,2.224208e+01,2.221457e+01,2.233146e+01,2.230396e+01,2.231084e+01,2.224208e+01,2.223520e+01,2.223520e+01,2.227647e+01,2.223520e+01,2.220769e+01,2.220081e+01,2.222145e+01,2.218705e+01,2.207688e+01,2.207688e+01,2.213198e+01,2.216640e+01,2.212509e+01,2.210443e+01,2.208377e+01,2.208377e+01,2.209066e+01,2.206999e+01,2.207688e+01,2.207688e+01,2.206310e+01,2.207688e+01,2.206999e+01,2.195280e+01,2.203554e+01,2.203554e+01,2.196660e+01,2.191831e+01,2.192521e+01,2.198039e+01,2.195280e+01,2.193901e+01,2.185620e+01,2.193211e+01,2.182858e+01,2.187000e+01,2.186310e+01,2.190451e+01,2.187000e+01,2.188381e+01,2.189071e+01,2.190451e+01,2.189761e+01,2.185620e+01,2.196660e+01,2.202865e+01,2.215263e+01,2.216640e+01,2.242762e+01,2.242075e+01,2.282504e+01,2.318686e+01,2.354063e+01,2.389996e+01,2.457458e+01,2.478283e+01,2.528495e+01,2.575809e+01,2.604361e+01,2.611653e+01,2.614303e+01,2.614303e+01,2.628206e+01,2.612315e+01,2.585113e+01,2.551845e+01,2.476270e+01,2.410956e+01,2.331627e+01,2.240702e+01,2.197349e+01,2.170420e+01,2.175949e+01,2.162119e+01,2.159351e+01,2.147577e+01,2.144805e+01,2.143419e+01,2.139952e+01,2.137871e+01,2.133014e+01,2.131626e+01,2.137871e+01,2.134402e+01,2.134402e+01,2.135790e+01,2.135096e+01,2.142032e+01,2.134402e+01,2.134402e+01,2.123989e+01,2.132320e+01,2.126767e+01,2.122600e+01,2.128156e+01,2.128850e+01,2.128156e+01,2.123294e+01,2.120515e+01,2.125378e+01,2.122600e+01,2.123989e+01,2.123989e+01,2.129544e+01,2.129544e+01,2.121210e+01,2.120515e+01,2.138565e+01,2.130932e+01,2.135790e+01,2.135790e+01,2.127461e+01,2.111479e+01,2.115650e+01,2.101738e+01,2.108696e+01,2.099649e+01,2.095471e+01,2.105218e+01,2.102434e+01,2.102434e+01,2.096864e+01,2.108001e+01,2.097560e+01,2.099649e+01,2.102434e+01,2.100345e+01,2.100345e+01,2.096167e+01,2.110088e+01,2.092684e+01,2.096864e+01,2.091291e+01,2.094077e+01,2.086412e+01,2.087806e+01,2.083623e+01,2.087109e+01,2.084320e+01,2.091291e+01,2.096864e+01,2.094077e+01,2.096864e+01,2.095471e+01,2.075949e+01,2.085715e+01,2.081530e+01,2.074553e+01,2.080833e+01,2.071062e+01,2.082228e+01,2.072459e+01,2.072459e+01,2.094077e+01,2.101738e+01,2.096864e+01,2.091291e+01,2.092684e+01,2.106609e+01,2.093381e+01,2.102434e+01,2.103826e+01,2.107305e+01,2.109392e+01,2.085715e+01,2.096864e+01,2.098256e+01,2.091987e+01,2.097560e+01,2.105218e+01,2.094077e+01,2.092684e+01,2.090594e+01,2.085715e+01,2.081530e+01,2.076647e+01,2.073157e+01,2.081530e+01,2.082925e+01,2.094077e+01,2.079438e+01,2.091291e+01,2.084320e+01,2.080135e+01,2.074553e+01,2.073157e+01,2.069666e+01,2.072459e+01,2.073855e+01,2.085715e+01,2.082925e+01,2.076647e+01,2.079438e+01,2.081530e+01,2.082925e+01,2.072459e+01,2.071761e+01,2.078740e+01,2.080135e+01,2.074553e+01,2.078740e+01,2.087109e+01,2.084320e+01,2.072459e+01,2.085017e+01,2.085715e+01,2.082925e+01,2.082925e+01,2.089200e+01,2.078740e+01,2.082925e+01,2.087109e+01,2.079438e+01,2.091987e+01,2.094774e+01,2.089897e+01,2.078042e+01,2.062680e+01,2.079438e+01,2.082925e+01,2.081530e+01,2.068269e+01,2.075949e+01,2.084320e+01,2.085017e+01,2.084320e+01,2.086412e+01,2.080833e+01,2.085715e+01,2.090594e+01,2.095471e+01,2.086412e+01,2.106609e+01,2.092684e+01,2.100345e+01,2.098256e+01,2.096864e+01,2.097560e+01,2.097560e+01,2.105218e+01,2.099649e+01,2.121905e+01,2.105914e+01,2.104522e+01,2.108696e+01,2.115650e+01,2.119126e+01,2.112869e+01,2.112174e+01,2.103130e+01,2.113565e+01,2.116345e+01,2.110783e+01,2.117041e+01,2.114260e+01,2.121210e+01,2.106609e+01,2.121905e+01,2.123294e+01,2.120515e+01,2.127461e+01,2.128850e+01,2.124683e+01,2.123294e+01,2.121210e+01,2.127461e+01,2.121210e+01,2.130932e+01,2.117736e+01,2.118431e+01,2.119126e+01,2.127461e+01,2.126072e+01,2.124683e+01,2.124683e+01,2.125378e+01,2.128156e+01,2.126072e+01,2.114955e+01,2.112174e+01,2.116345e+01,2.108696e+01,2.107305e+01,2.120515e+01,2.116345e+01,2.103826e+01,2.108001e+01,2.108001e+01,2.103130e+01,2.099649e+01,2.107305e+01,2.103130e+01,2.101738e+01,2.100345e+01,2.105914e+01,2.112869e+01,2.095471e+01,2.099649e+01,2.101042e+01,2.109392e+01,2.104522e+01,2.109392e+01,2.103130e+01,2.118431e+01,2.119126e+01,2.119820e+01,2.108696e+01,2.101042e+01,2.101738e+01,2.114260e+01,2.114260e+01,2.116345e+01,2.115650e+01,2.129544e+01,2.117736e+01,2.124683e+01,2.116345e+01,2.117736e+01,2.119126e+01,2.110783e+01,2.112869e+01,2.115650e+01,2.132320e+01,2.139952e+01,2.133708e+01,2.138565e+01,2.129544e+01,2.137177e+01,2.143419e+01,2.160735e+01,2.150349e+01,2.174567e+01,2.171802e+01,2.178022e+01,2.174567e+01,2.188381e+01,2.175949e+01,2.167654e+01,2.175258e+01,2.179404e+01,2.173185e+01,2.173185e+01,2.181476e+01,2.180095e+01,2.189761e+01,2.187691e+01,2.189761e+01,2.193211e+01,2.205621e+01,2.207688e+01,2.209066e+01,2.231084e+01,2.233146e+01,2.244821e+01,2.282504e+01,2.300270e+01,2.345230e+01,2.357458e+01,2.390673e+01,2.421083e+01,2.428503e+01,2.457458e+01,2.505762e+01,2.507770e+01,2.530499e+01,2.531166e+01,2.544512e+01,2.546513e+01,2.562503e+01,2.537841e+01,2.535839e+01,2.526491e+01,2.488345e+01,2.450059e+01,2.421083e+01,2.381872e+01,2.342511e+01,2.317323e+01,2.300953e+01,2.266078e+01,2.265392e+01,2.250997e+01,2.217328e+01,2.219393e+01,2.213198e+01,2.209755e+01,2.215263e+01,2.193901e+01,2.182167e+01,2.180786e+01,2.174567e+01,2.185620e+01,2.166962e+01,2.162119e+01,2.160735e+01,2.162119e+01,2.163503e+01,2.154505e+01,2.149656e+01,2.148270e+01,2.146884e+01,2.145498e+01,2.148270e+01,2.146191e+01,2.146884e+01,2.153119e+01,2.136484e+01,2.155197e+01,2.150349e+01,2.142725e+01,2.151042e+01,2.151042e+01,2.151734e+01,2.151734e+01,2.155890e+01,2.151042e+01,2.158659e+01,2.149656e+01,2.163503e+01,2.153812e+01,2.149656e+01,2.151734e+01,2.160043e+01,2.162119e+01,2.162119e+01,2.171111e+01,2.160735e+01,2.163503e+01,2.171802e+01,2.169728e+01,2.180786e+01,2.179404e+01,2.182167e+01,2.183548e+01,2.187691e+01,2.188381e+01,2.187691e+01,2.187000e+01,2.188381e+01,2.191831e+01,2.187691e+01,2.191831e+01,2.196660e+01,2.193211e+01,2.200107e+01,2.197349e+01,2.191831e+01,2.210443e+01,2.206999e+01,2.210443e+01,2.216640e+01,2.218705e+01,2.222833e+01,2.246194e+01,2.227647e+01,2.223520e+01,2.220769e+01,2.209066e+01,2.213198e+01,2.202865e+01,2.214575e+01,2.223520e+01,2.214575e+01,2.209066e+01,2.212509e+01,2.229709e+01,2.219393e+01,2.223520e+01,2.215952e+01,2.215263e+01,2.215952e+01,2.222833e+01,2.205621e+01,2.208377e+01,2.223520e+01,2.220081e+01,2.218705e+01,2.237955e+01,2.237268e+01,2.220081e+01,2.214575e+01,2.232458e+01,2.219393e+01,2.220081e+01,2.225584e+01,2.229022e+01,2.229709e+01,2.234520e+01,2.222145e+01,2.233146e+01,2.231084e+01,2.224896e+01,2.222145e+01,2.228334e+01,2.229709e+01,2.227647e+01,2.233833e+01,2.228334e+01,2.226959e+01,2.216640e+01,2.231084e+01,2.218016e+01,2.226959e+01,2.229709e+01,2.230396e+01
2.221457e+01,2.222145e+01,2.224896e+01,2.227647e+01,2.218705e+01,2.213198e+01,2.214575e+01,2.209755e+01,2.213198e+01,2.207688e+01,2.205621e+01,2.222833e+01,2.209755e+01,2.219393e+01,2.222145e+01,2.198039e+01,2.204932e+01,2.193211e+01,2.198039e+01,2.204932e+01,2.198729e+01,2.202865e+01,2.200107e+01,2.205621e+01,2.206310e+01,2.209755e+01,2.208377e+01,2.213886e+01,2.212509e+01,2.211132e+01,2.210443e+01,2.207688e+01,2.227647e+01,2.209755e+01,2.211132e+01,2.204932e+01,2.213198e+01,2.206310e+01,2.204932e+01,2.209066e+01,2.208377e+01,2.222145e+01,2.223520e+01,2.215952e+01,2.214575e+01,2.207688e+01,2.205621e+01,2.204932e+01,2.213886e+01,2.215263e+01,2.217328e+01,2.215263e+01,2.218016e+01,2.217328e+01,2.221457e+01,2.220769e+01,2.222833e+01,2.213198e+01,2.226271e+01,2.225584e+01,2.220081e+01,2.224208e+01,2.229022e+01,2.221457e+01,2.221457e+01,2.224208e+01,2.224896e+01,2.225584e+01,2.229022e+01,2.229709e+01,2.222145e+01,2.230396e+01,2.224896e+01,2.226959e+01,2.226271e+01,2.220769e+01,2.227647e+01,2.226959e+01,2.225584e+01,2.227647e+01,2.211821e+01,2.233833e+01,2.233833e+01,2.235894e+01,2.225584e+01,2.229709e+01,2.241389e+01,2.224208e+01,2.223520e+01,2.232458e+01,2.239328e+01,2.231771e+01,2.242762e+01,2.233146e+01,2.229709e+01,2.236581e+01,2.235207e+01,2.238642e+01,2.239328e+01,2.237955e+01,2.240015e+01,2.229709e+01,2.225584e+01,2.227647e+01,2.226271e+01,2.237955e+01,2.227647e+01,2.231084e+01,2.226271e+01,2.240015e+01,2.233146e+01,2.243448e+01,2.242075e+01,2.237268e+01,2.233833e+01,2.233833e+01,2.236581e+01,2.233833e+01,2.223520e+01,2.226271e+01,2.233146e+01,2.242075e+01,2.242762e+01,2.231771e+01,2.235207e+01,2.237268e+01,2.243448e+01,2.237268e+01,2.231771e+01,2.233833e+01,2.224896e+01,2.228334e+01,2.235894e+01,2.239328e+01,2.242762e+01,2.222145e+01,2.226271e+01,2.212509e+01,2.214575e+01,2.222833e+01,2.226271e+01,2.220081e+01,2.215952e+01,2.218016e+01,2.215952e+01,2.216640e+01,2.210443e+01,2.209755e+01,2.213198e+01,2.213886e+01,2.211821e+01,2.218705e+01,2.216640e+01,2.205621e+01,2.212509e+01,2.209066e+01,2.206310e+01,2.207688e+01,2.209755e+01,2.201486e+01,2.194591e+01,2.195280e+01,2.201486e+01,2.199418e+01,2.198729e+01,2.196660e+01,2.193211e+01,2.192521e+01,2.192521e+01,2.184929e+01,2.187691e+01,2.190451e+01,2.193211e+01,2.190451e+01,2.192521e+01,2.184929e+01,2.195280e+01,2.193211e+01,2.189761e+01,2.181476e+01,2.202176e+01,2.203554e+01,2.224208e+01,2.226271e+01,2.259225e+01,2.285239e+01,2.330265e+01,2.350667e+01,2.391350e+01,2.430526e+01,2.476270e+01,2.525823e+01,2.565165e+01,2.595737e+01,2.599055e+01,2.623573e+01,2.624897e+01,2.610327e+01,2.598391e+01,2.571819e+01,2.511784e+01,2.444674e+01,2.362210e+01,2.272925e+01,2.239328e+01,2.196660e+01,2.166270e+01,2.159351e+01,2.146191e+01,2.145498e+01,2.139258e+01,2.146884e+01,2.146191e+01,2.148270e+01,2.146191e+01,2.146884e+01,2.149656e+01,2.140645e+01,2.135096e+01,2.136484e+01,2.136484e+01,2.139952e+01,2.133014e+01,2.130932e+01,2.126072e+01,2.126767e+01,2.131626e+01,2.130932e+01,2.129544e+01,2.129544e+01,2.125378e+01,2.130932e+01,2.127461e+01,2.117736e+01,2.123294e+01,2.127461e+01,2.127461e+01,2.126072e+01,2.119126e+01,2.127461e+01,2.112174e+01,2.132320e+01,2.129544e+01,2.132320e+01,2.127461e+01,2.126767e+01,2.108001e+01,2.121210e+01,2.118431e+01,2.121210e+01,2.102434e+01,2.104522e+01,2.099649e+01,2.098256e+01,2.098953e+01,2.098256e+01,2.100345e+01,2.108001e+01,2.102434e+01,2.105914e+01,2.100345e+01,2.108696e+01,2.096864e+01,2.082925e+01,2.098256e+01,2.105914e+01,2.098953e+01,2.087109e+01,2.088503e+01,2.097560e+01,2.087109e+01,2.092684e+01,2.080833e+01,2.087806e+01,2.094077e+01,2.096864e+01,2.087806e+01,2.086412e+01,2.098256e+01,2.104522e+01,2.103130e+01,2.114955e+01,2.086412e+01,2.086412e+01,2.077344e+01,2.085017e+01,2.094774e+01,2.075251e+01,2.097560e+01,2.103826e+01,2.103130e+01,2.103130e+01,2.103130e+01,2.117736e+01,2.112174e+01,2.071761e+01,2.112174e+01,2.100345e+01,2.112174e+01,2.101042e+01,2.098953e+01,2.100345e+01,2.106609e+01,2.105218e+01,2.092684e+01,2.103130e+01,2.089200e+01,2.099649e+01,2.082925e+01,2.096167e+01,2.078740e+01,2.082228e+01,2.096167e+01,2.097560e+01,2.085017e+01,2.087109e+01,2.087109e+01,2.087109e+01,2.098953e+01,2.089200e+01,2.087109e+01,2.087806e+01,2.072459e+01,2.075251e+01,2.081530e+01,2.077344e+01,2.082925e+01,2.082228e+01,2.085715e+01,2.079438e+01,2.078740e+01,2.079438e+01,2.078740e+01,2.084320e+01,2.073855e+01,2.079438e+01,2.088503e+01,2.091291e+01,2.094774e+01,2.087109e+01,2.078042e+01,2.088503e+01,2.076647e+01,2.091291e+01,2.091291e+01,2.097560e+01,2.082925e+01,2.085017e+01,2.088503e+01,2.096864e+01,2.089897e+01,2.094077e+01,2.083623e+01,2.085715e+01,2.080833e+01,2.073157e+01,2.087109e+01,2.086412e+01,2.083623e+01,2.083623e+01,2.083623e+01,2.084320e+01,2.087109e+01,2.088503e+01,2.094077e+01,2.094077e+01,2.092684e+01,2.102434e+01,2.099649e+01,2.097560e+01,2.095471e+01,2.103130e+01,2.096167e+01,2.096864e+01,2.102434e+01,2.099649e+01,2.119820e+01,2.107305e+01,2.124683e+01,2.114260e+01,2.110783e+01,2.113565e+01,2.106609e+01,2.112869e+01,2.117041e+01,2.123294e+01,2.116345e+01,2.120515e+01,2.122600e+01,2.124683e+01,2.123989e+01,2.127461e+01,2.122600e+01,2.129544e+01,2.126072e+01,2.133014e+01,2.133014e+01,2.126767e+01,2.121905e+01,2.117041e+01,2.124683e+01,2.121905e+01,2.117736e+01,2.120515e+01,2.133708e+01,2.118431e+01,2.130238e+01,2.124683e+01,2.123294e+01,2.123294e+01,2.120515e+01,2.130238e+01,2.121210e+01,2.125378e+01,2.117041e+01,2.114955e+01,2.117736e+01,2.112174e+01,2.114260e+01,2.116345e+01,2.116345e+01,2.110783e+01,2.113565e+01,2.117736e+01,2.106609e+01,2.102434e+01,2.103130e+01,2.104522e+01,2.101042e+01,2.087806e+01,2.105218e+01,2.110088e+01,2.099649e+01,2.103826e+01,2.108696e+01,2.092684e+01,2.112869e+01,2.103826e+01,2.113565e+01,2.114955e+01,2.121210e+01,2.120515e+01,2.101042e+01,2.107305e+01,2.113565e+01,2.119126e+01,2.118431e+01,2.123294e+01,2.134402e+01,2.132320e+01,2.103826e+01,2.110783e+01,2.106609e+01,2.108001e+01,2.121905e+01,2.117041e+01,2.114955e+01,2.135790e+01,2.144112e+01,2.138565e+01,2.133014e+01,2.133708e+01,2.134402e+01,2.150349e+01,2.147577e+01,2.164887e+01,2.171111e+01,2.172494e+01,2.170420e+01,2.179404e+01,2.182167e+01,2.176641e+01,2.178022e+01,2.175258e+01,2.191141e+01,2.172494e+01,2.183548e+01,2.182858e+01,2.184929e+01,2.193211e+01,2.189761e+01,2.184929e+01,2.198039e+01,2.187691e+01,2.210443e+01,2.215952e+01,2.228334e+01,2.246194e+01,2.259225e+01,2.286607e+01,2.315960e+01,2.347949e+01,2.365602e+01,2.420408e+01,2.424457e+01,2.453423e+01,2.470227e+01,2.487004e+01,2.527827e+01,2.523819e+01,2.538509e+01,2.551179e+01,2.549179e+01,2.543179e+01,2.548513e+01,2.537174e+01,2.523819e+01,2.489015e+01,2.461492e+01,2.421758e+01,2.381872e+01,2.352026e+01,2.318005e+01,2.311187e+01,2.279768e+01,2.268132e+01,2.241389e+01,2.233146e+01,2.224208e+01,2.218705e+01,2.204243e+01,2.215952e+01,2.192521e+01,2.193211e+01,2.187691e+01,2.180095e+01,2.182167e+01,2.166270e+01,2.168345e+01,2.167654e+01,2.155197e+01,2.160735e+01,2.153812e+01,2.159351e+01,2.152427e+01,2.152427e+01,2.139952e+01,2.148963e+01,2.147577e+01,2.152427e+01,2.141339e+01,2.152427e+01,2.147577e+01,2.154505e+01,2.151734e+01,2.146191e+01,2.164887e+01,2.151734e+01,2.152427e+01,2.154505e+01,2.155197e+01,2.161427e+01,2.163503e+01,2.155197e+01,2.154505e+01,2.153119e+01,2.151734e+01,2.148270e+01,2.153812e+01,2.157967e+01,2.161427e+01,2.157274e+01,2.160043e+01,2.171111e+01,2.167654e+01,2.166962e+01,2.191831e+01,2.177332e+01,2.181476e+01,2.191141e+01,2.181476e+01,2.190451e+01,2.183548e+01,2.187000e+01,2.186310e+01,2.188381e+01,2.201486e+01,2.193901e+01,2.206310e+01,2.201486e+01,2.207688e+01,2.205621e+01,2.208377e+01,2.215263e+01,2.211821e+01,2.224896e+01,2.213886e+01,2.220081e+01,2.224208e+01,2.231771e+01,2.225584e+01,2.215952e+01,2.227647e+01,2.213886e+01,2.211821e+01,2.220081e+01,2.213198e+01,2.230396e+01,2.224896e+01,2.217328e+01,2.215952e+01,2.218016e+01,2.216640e+01,2.229709e+01,2.224208e+01,2.226271e+01,2.220769e+01,2.224896e+01,2.214575e+01,2.229022e+01,2.225584e+01,2.221457e+01,2.224208e+01,2.228334e+01,2.226271e+01,2.219393e+01,2.225584e+01,2.229022e+01,2.239328e+01,2.228334e+01,2.233833e+01,2.218705e+01,2.228334e+01,2.228334e+01,2.224896e+01,2.236581e+01,2.237268e+01,2.237955e+01,2.233146e+01,2.224896e+01,2.222145e+01,2.227647e+01,2.241389e+01,2.235894e+01,2.229709e+01,2.229709e+01,2.237268e+01,2.240702e+01,2.233833e+01,2.233146e+01
2.219393e+01,2.218016e+01,2.216640e+01,2.220081e+01,2.216640e+01,2.210443e+01,2.215263e+01,2.215952e+01,2.209755e+01,2.221457e+01,2.214575e+01,2.207688e+01,2.222833e+01,2.220769e+01,2.206999e+01,2.204932e+01,2.200797e+01,2.202176e+01,2.198729e+01,2.208377e+01,2.205621e+01,2.202865e+01,2.204932e+01,2.202865e+01,2.200797e+01,2.204932e+01,2.211821e+01,2.212509e+01,2.212509e+01,2.215263e+01,2.213886e+01,2.195970e+01,2.211132e+01,2.228334e+01,2.211132e+01,2.209066e+01,2.204932e+01,2.216640e+01,2.206310e+01,2.204243e+01,2.204932e+01,2.201486e+01,2.220769e+01,2.207688e+01,2.207688e+01,2.215952e+01,2.209066e+01,2.211821e+01,2.209755e+01,2.213886e+01,2.211821e+01,2.208377e+01,2.209066e+01,2.219393e+01,2.218705e+01,2.220769e+01,2.220081e+01,2.223520e+01,2.224208e+01,2.223520e+01,2.224896e+01,2.231771e+01,2.214575e+01,2.211821e+01,2.222833e+01,2.227647e+01,2.226271e+01,2.223520e+01,2.229709e+01,2.227647e+01,2.231084e+01,2.229709e+01,2.223520e+01,2.229709e+01,2.231771e+01,2.231084e+01,2.220081e+01,2.224896e+01,2.225584e+01,2.225584e+01,2.226959e+01,2.229022e+01,2.235207e+01,2.239328e+01,2.232458e+01,2.231771e+01,2.227647e+01,2.222833e+01,2.244135e+01,2.226959e+01,2.223520e+01,2.242075e+01,2.236581e+01,2.239328e+01,2.235207e+01,2.237268e+01,2.224896e+01,2.234520e+01,2.231771e+01,2.231084e+01,2.229709e+01,2.228334e+01,2.229022e+01,2.228334e+01,2.232458e+01,2.218016e+01,2.215952e+01,2.230396e+01,2.240702e+01,2.239328e+01,2.231771e+01,2.239328e+01,2.229022e+01,2.238642e+01,2.231084e+01,2.233833e+01,2.238642e+01,2.226959e+01,2.222833e+01,2.232458e+01,2.242762e+01,2.233833e+01,2.242762e+01,2.235894e+01,2.232458e+01,2.234520e+01,2.240015e+01,2.230396e+01,2.235207e+01,2.235207e+01,2.233833e+01,2.230396e+01,2.219393e+01,2.228334e+01,2.226271e+01,2.223520e+01,2.222833e+01,2.219393e+01,2.223520e+01,2.222145e+01,2.218705e+01,2.227647e+01,2.223520e+01,2.215952e+01,2.213886e+01,2.214575e+01,2.205621e+01,2.213886e+01,2.210443e+01,2.212509e+01,2.209755e+01,2.206999e+01,2.206310e+01,2.209066e+01,2.212509e+01,2.222833e+01,2.198729e+01,2.201486e+01,2.208377e+01,2.193211e+01,2.197349e+01,2.195970e+01,2.191831e+01,2.195970e+01,2.195970e+01,2.189761e+01,2.195280e+01,2.185620e+01,2.189761e+01,2.193901e+01,2.180786e+01,2.189761e+01,2.192521e+01,2.182858e+01,2.188381e+01,2.185620e+01,2.181476e+01,2.187691e+01,2.200107e+01,2.195970e+01,2.202176e+01,2.222833e+01,2.222145e+01,2.242075e+01,2.257854e+01,2.283872e+01,2.329585e+01,2.359495e+01,2.392027e+01,2.445347e+01,2.484321e+01,2.528495e+01,2.569823e+01,2.598391e+01,2.612978e+01,2.609664e+01,2.617615e+01,2.611653e+01,2.574479e+01,2.525823e+01,2.467540e+01,2.383903e+01,2.305730e+01,2.246194e+01,2.196660e+01,2.175258e+01,2.162811e+01,2.152427e+01,2.146191e+01,2.146191e+01,2.137871e+01,2.139952e+01,2.130932e+01,2.135096e+01,2.130932e+01,2.140645e+01,2.133708e+01,2.135096e+01,2.143419e+01,2.139258e+01,2.142725e+01,2.140645e+01,2.139952e+01,2.137871e+01,2.131626e+01,2.124683e+01,2.132320e+01,2.127461e+01,2.127461e+01,2.129544e+01,2.129544e+01,2.133014e+01,2.119126e+01,2.131626e+01,2.119126e+01,2.114260e+01,2.124683e+01,2.108001e+01,2.119820e+01,2.134402e+01,2.107305e+01,2.134402e+01,2.126767e+01,2.130932e+01,2.134402e+01,2.135790e+01,2.132320e+01,2.120515e+01,2.119820e+01,2.119820e+01,2.106609e+01,2.115650e+01,2.112869e+01,2.103130e+01,2.102434e+01,2.101042e+01,2.095471e+01,2.098256e+01,2.096864e+01,2.105218e+01,2.092684e+01,2.096864e+01,2.095471e+01,2.100345e+01,2.096864e+01,2.108001e+01,2.094077e+01,2.096167e+01,2.099649e+01,2.094774e+01,2.103130e+01,2.094077e+01,2.085715e+01,2.092684e+01,2.090594e+01,2.092684e+01,2.098256e+01,2.099649e+01,2.105914e+01,2.103826e+01,2.108001e+01,2.115650e+01,2.108001e+01,2.087806e+01,2.098953e+01,2.083623e+01,2.086412e+01,2.077344e+01,2.092684e+01,2.094077e+01,2.104522e+01,2.103826e+01,2.107305e+01,2.110088e+01,2.117041e+01,2.108696e+01,2.113565e+01,2.110783e+01,2.112174e+01,2.111479e+01,2.105914e+01,2.103826e+01,2.106609e+01,2.106609e+01,2.095471e+01,2.088503e+01,2.094077e+01,2.084320e+01,2.081530e+01,2.079438e+01,2.087806e+01,2.082228e+01,2.082228e+01,2.088503e+01,2.091291e+01,2.100345e+01,2.080135e+01,2.089897e+01,2.088503e+01,2.090594e+01,2.084320e+01,2.091987e+01,2.074553e+01,2.078042e+01,2.080833e+01,2.079438e+01,2.087806e+01,2.086412e+01,2.082925e+01,2.079438e+01,2.086412e+01,2.075251e+01,2.082228e+01,2.086412e+01,2.081530e+01,2.089200e+01,2.099649e+01,2.089897e+01,2.086412e+01,2.090594e+01,2.085715e+01,2.092684e+01,2.083623e+01,2.089200e+01,2.087109e+01,2.080135e+01,2.085715e+01,2.088503e+01,2.087806e+01,2.087109e+01,2.089200e+01,2.086412e+01,2.085715e+01,2.077344e+01,2.083623e+01,2.073157e+01,2.085017e+01,2.084320e+01,2.094774e+01,2.081530e+01,2.084320e+01,2.083623e+01,2.087806e+01,2.087806e+01,2.096864e+01,2.102434e+01,2.101738e+01,2.097560e+01,2.101042e+01,2.093381e+01,2.112869e+01,2.103826e+01,2.102434e+01,2.100345e+01,2.097560e+01,2.104522e+01,2.105914e+01,2.109392e+01,2.116345e+01,2.119820e+01,2.113565e+01,2.119820e+01,2.114260e+01,2.109392e+01,2.104522e+01,2.114260e+01,2.121210e+01,2.112174e+01,2.119820e+01,2.120515e+01,2.126767e+01,2.123989e+01,2.121210e+01,2.128850e+01,2.117736e+01,2.125378e+01,2.122600e+01,2.119126e+01,2.118431e+01,2.105218e+01,2.121905e+01,2.117736e+01,2.121905e+01,2.122600e+01,2.137177e+01,2.119126e+01,2.123989e+01,2.125378e+01,2.117041e+01,2.124683e+01,2.122600e+01,2.129544e+01,2.123294e+01,2.123294e+01,2.121210e+01,2.126072e+01,2.110783e+01,2.117041e+01,2.111479e+01,2.103826e+01,2.108696e+01,2.105914e+01,2.110783e+01,2.103130e+01,2.106609e+01,2.111479e+01,2.110783e+01,2.109392e+01,2.107305e+01,2.098953e+01,2.109392e+01,2.109392e+01,2.101738e+01,2.112869e+01,2.096167e+01,2.110088e+01,2.112174e+01,2.122600e+01,2.108001e+01,2.100345e+01,2.103130e+01,2.107305e+01,2.104522e+01,2.102434e+01,2.119126e+01,2.118431e+01,2.124683e+01,2.117041e+01,2.120515e+01,2.126767e+01,2.119126e+01,2.109392e+01,2.108001e+01,2.110783e+01,2.117041e+01,2.114955e+01,2.121210e+01,2.124683e+01,2.140645e+01,2.133014e+01,2.138565e+01,2.148963e+01,2.150349e+01,2.150349e+01,2.160043e+01,2.162811e+01,2.169037e+01,2.171111e+01,2.173876e+01,2.173185e+01,2.168345e+01,2.175949e+01,2.178713e+01,2.177332e+01,2.175949e+01,2.180095e+01,2.175258e+01,2.183548e+01,2.175949e+01,2.188381e+01,2.167654e+01,2.187691e+01,2.203554e+01,2.187000e+01,2.209066e+01,2.211821e+01,2.216640e+01,2.259225e+01,2.261282e+01,2.287290e+01,2.318005e+01,2.364924e+01,2.396762e+01,2.423782e+01,2.430526e+01,2.455441e+01,2.472913e+01,2.513791e+01,2.516466e+01,2.526491e+01,2.549846e+01,2.548513e+01,2.551179e+01,2.548513e+01,2.539843e+01,2.535839e+01,2.516466e+01,2.489015e+01,2.448040e+01,2.420408e+01,2.383226e+01,2.354063e+01,2.320731e+01,2.310505e+01,2.279768e+01,2.263337e+01,2.252369e+01,2.233833e+01,2.214575e+01,2.209755e+01,2.224208e+01,2.214575e+01,2.197349e+01,2.191141e+01,2.182858e+01,2.191831e+01,2.181476e+01,2.169728e+01,2.167654e+01,2.164887e+01,2.168345e+01,2.163503e+01,2.164195e+01,2.157274e+01,2.152427e+01,2.150349e+01,2.148963e+01,2.146884e+01,2.151042e+01,2.146191e+01,2.153812e+01,2.148963e+01,2.153812e+01,2.146191e+01,2.146884e+01,2.156582e+01,2.155890e+01,2.151734e+01,2.153812e+01,2.156582e+01,2.136484e+01,2.162119e+01,2.164195e+01,2.164887e+01,2.148963e+01,2.150349e+01,2.148270e+01,2.159351e+01,2.150349e+01,2.148963e+01,2.155197e+01,2.157274e+01,2.162811e+01,2.171802e+01,2.174567e+01,2.173185e+01,2.179404e+01,2.159351e+01,2.175258e+01,2.182858e+01,2.182858e+01,2.182858e+01,2.183548e+01,2.187691e+01,2.193211e+01,2.189071e+01,2.191831e+01,2.190451e+01,2.200797e+01,2.209755e+01,2.217328e+01,2.206310e+01,2.213198e+01,2.224896e+01,2.212509e+01,2.236581e+01,2.209755e+01,2.215263e+01,2.229709e+01,2.220769e+01,2.211821e+01,2.213198e+01,2.214575e+01,2.218705e+01,2.209066e+01,2.213886e+01,2.204243e+01,2.215952e+01,2.215952e+01,2.217328e+01,2.221457e+01,2.217328e+01,2.218705e+01,2.222145e+01,2.224896e+01,2.221457e+01,2.215263e+01,2.229022e+01,2.215263e+01,2.219393e+01,2.224208e+01,2.229022e+01,2.218705e+01,2.225584e+01,2.224896e+01,2.233146e+01,2.226271e+01,2.222833e+01,2.242762e+01,2.239328e+01,2.238642e+01,2.229022e+01,2.232458e+01,2.231084e+01,2.231084e+01,2.227647e+01,2.219393e+01,2.232458e+01,2.223520e+01,2.224208e+01,2.234520e+01,2.229709e+01,2.229022e+01,2.239328e+01,2.233833e+01,2.214575e+01,2.232458e+01,2.223520e+01,2.225584e+01,2.233146e+01
2.220769e+01,2.222833e+01,2.219393e+01,2.213198e+01,2.218016e+01,2.209066e+01,2.211821e+01,2.213886e+01,2.210443e+01,2.215263e+01,2.221457e+01,2.213886e+01,2.219393e+01,2.215952e+01,2.211132e+01,2.206310e+01,2.210443e+01,2.202176e+01,2.202176e+01,2.206999e+01,2.206310e+01,2.200797e+01,2.206999e+01,2.204932e+01,2.206310e+01,2.204243e+01,2.205621e+01,2.216640e+01,2.215263e+01,2.212509e+01,2.204932e+01,2.200107e+01,2.209755e+01,2.204932e+01,2.204932e+01,2.205621e+01,2.196660e+01,2.217328e+01,2.209755e+01,2.202176e+01,2.198039e+01,2.198729e+01,2.214575e+01,2.204932e+01,2.209755e+01,2.210443e+01,2.208377e+01,2.201486e+01,2.196660e+01,2.215263e+01,2.213886e+01,2.220769e+01,2.210443e+01,2.218705e+01,2.219393e+01,2.223520e+01,2.216640e+01,2.212509e+01,2.230396e+01,2.233146e+01,2.222145e+01,2.225584e+01,2.225584e+01,2.224896e+01,2.223520e+01,2.229022e+01,2.223520e+01,2.226959e+01,2.226271e+01,2.229709e+01,2.227647e+01,2.236581e+01,2.229709e+01,2.229709e+01,2.229709e+01,2.223520e+01,2.226959e+01,2.222833e+01,2.237268e+01,2.223520e+01,2.245507e+01,2.234520e+01,2.234520e+01,2.234520e+01,2.229709e+01,2.231771e+01,2.236581e+01,2.227647e+01,2.229709e+01,2.224208e+01,2.226959e+01,2.229709e+01,2.241389e+01,2.226271e+01,2.232458e+01,2.235207e+01,2.227647e+01,2.234520e+01,2.227647e+01,2.228334e+01,2.229022e+01,2.229709e+01,2.227647e+01,2.227647e+01,2.234520e+01,2.231084e+01,2.238642e+01,2.235894e+01,2.237955e+01,2.230396e+01,2.234520e+01,2.240015e+01,2.242075e+01,2.240702e+01,2.233833e+01,2.242075e+01,2.231771e+01,2.242075e+01,2.243448e+01,2.240702e+01,2.231084e+01,2.233833e+01,2.238642e+01,2.234520e+01,2.238642e+01,2.233146e+01,2.231084e+01,2.233146e+01,2.235894e+01,2.223520e+01,2.229709e+01,2.224208e+01,2.224896e+01,2.224896e+01,2.223520e+01,2.226271e+01,2.220769e+01,2.224896e+01,2.223520e+01,2.219393e+01,2.221457e+01,2.220769e+01,2.211821e+01,2.213198e+01,2.215952e+01,2.199418e+01,2.211132e+01,2.213198e+01,2.203554e+01,2.213198e+01,2.221457e+01,2.213886e+01,2.206999e+01,2.209755e+01,2.206999e+01,2.210443e+01,2.202176e+01,2.210443e+01,2.206310e+01,2.194591e+01,2.209755e+01,2.192521e+01,2.191831e+01,2.190451e+01,2.191831e+01,2.198729e+01,2.187691e+01,2.191141e+01,2.191831e+01,2.190451e+01,2.195970e+01,2.194591e+01,2.189071e+01,2.193211e+01,2.193901e+01,2.189761e+01,2.195280e+01,2.198039e+01,2.201486e+01,2.194591e+01,2.201486e+01,2.213886e+01,2.231771e+01,2.241389e+01,2.279084e+01,2.291391e+01,2.324818e+01,2.362210e+01,2.394057e+01,2.441307e+01,2.489686e+01,2.525155e+01,2.569823e+01,2.579133e+01,2.615628e+01,2.610327e+01,2.599718e+01,2.575144e+01,2.534504e+01,2.495717e+01,2.420408e+01,2.332307e+01,2.268132e+01,2.216640e+01,2.175258e+01,2.178713e+01,2.170420e+01,2.155197e+01,2.142032e+01,2.129544e+01,2.131626e+01,2.142032e+01,2.139952e+01,2.133014e+01,2.133708e+01,2.130932e+01,2.142725e+01,2.130932e+01,2.139258e+01,2.139952e+01,2.137177e+01,2.137871e+01,2.130932e+01,2.137177e+01,2.130932e+01,2.129544e+01,2.126072e+01,2.128156e+01,2.126072e+01,2.128850e+01,2.128850e+01,2.130238e+01,2.128850e+01,2.117736e+01,2.121905e+01,2.125378e+01,2.120515e+01,2.116345e+01,2.114955e+01,2.101042e+01,2.115650e+01,2.127461e+01,2.126767e+01,2.128850e+01,2.130238e+01,2.110783e+01,2.120515e+01,2.118431e+01,2.121210e+01,2.115650e+01,2.111479e+01,2.113565e+01,2.114260e+01,2.095471e+01,2.096864e+01,2.094774e+01,2.102434e+01,2.101042e+01,2.094077e+01,2.103130e+01,2.085715e+01,2.093381e+01,2.112869e+01,2.094077e+01,2.093381e+01,2.094774e+01,2.102434e+01,2.094774e+01,2.101738e+01,2.095471e+01,2.096864e+01,2.094077e+01,2.084320e+01,2.096167e+01,2.091987e+01,2.086412e+01,2.102434e+01,2.105218e+01,2.110088e+01,2.112869e+01,2.105914e+01,2.107305e+01,2.106609e+01,2.117736e+01,2.112174e+01,2.101738e+01,2.078740e+01,2.117041e+01,2.096167e+01,2.092684e+01,2.101738e+01,2.098953e+01,2.110088e+01,2.115650e+01,2.120515e+01,2.108696e+01,2.111479e+01,2.111479e+01,2.115650e+01,2.105914e+01,2.107305e+01,2.106609e+01,2.095471e+01,2.098953e+01,2.094774e+01,2.101042e+01,2.086412e+01,2.081530e+01,2.090594e+01,2.080833e+01,2.084320e+01,2.091987e+01,2.087806e+01,2.094774e+01,2.085715e+01,2.090594e+01,2.085017e+01,2.090594e+01,2.088503e+01,2.075949e+01,2.086412e+01,2.085017e+01,2.084320e+01,2.080833e+01,2.079438e+01,2.082925e+01,2.083623e+01,2.079438e+01,2.082228e+01,2.084320e+01,2.082228e+01,2.087806e+01,2.078740e+01,2.091291e+01,2.078740e+01,2.103826e+01,2.089200e+01,2.090594e+01,2.100345e+01,2.089897e+01,2.091987e+01,2.093381e+01,2.093381e+01,2.089897e+01,2.089897e+01,2.086412e+01,2.097560e+01,2.085017e+01,2.084320e+01,2.084320e+01,2.084320e+01,2.083623e+01,2.075251e+01,2.085017e+01,2.084320e+01,2.086412e+01,2.080135e+01,2.081530e+01,2.084320e+01,2.085017e+01,2.082925e+01,2.091291e+01,2.086412e+01,2.089897e+01,2.087109e+01,2.094774e+01,2.094077e+01,2.098953e+01,2.104522e+01,2.105914e+01,2.107305e+01,2.105914e+01,2.102434e+01,2.118431e+01,2.106609e+01,2.106609e+01,2.113565e+01,2.114260e+01,2.116345e+01,2.116345e+01,2.117041e+01,2.123294e+01,2.115650e+01,2.120515e+01,2.116345e+01,2.115650e+01,2.108696e+01,2.125378e+01,2.122600e+01,2.115650e+01,2.127461e+01,2.129544e+01,2.121905e+01,2.124683e+01,2.124683e+01,2.123294e+01,2.123989e+01,2.123989e+01,2.123989e+01,2.123294e+01,2.122600e+01,2.116345e+01,2.119820e+01,2.120515e+01,2.116345e+01,2.123294e+01,2.123989e+01,2.126072e+01,2.113565e+01,2.126767e+01,2.121210e+01,2.126072e+01,2.119820e+01,2.133708e+01,2.130238e+01,2.119126e+01,2.126767e+01,2.130238e+01,2.108001e+01,2.117736e+01,2.094774e+01,2.115650e+01,2.117041e+01,2.101738e+01,2.102434e+01,2.110783e+01,2.103826e+01,2.109392e+01,2.110783e+01,2.098953e+01,2.100345e+01,2.114260e+01,2.112174e+01,2.117736e+01,2.112174e+01,2.102434e+01,2.114955e+01,2.114260e+01,2.117736e+01,2.102434e+01,2.096167e+01,2.117736e+01,2.104522e+01,2.099649e+01,2.103826e+01,2.102434e+01,2.121210e+01,2.132320e+01,2.130932e+01,2.125378e+01,2.123294e+01,2.109392e+01,2.110783e+01,2.120515e+01,2.112174e+01,2.100345e+01,2.128156e+01,2.121905e+01,2.124683e+01,2.133014e+01,2.130932e+01,2.146191e+01,2.139258e+01,2.157274e+01,2.162811e+01,2.169728e+01,2.172494e+01,2.170420e+01,2.170420e+01,2.173185e+01,2.163503e+01,2.174567e+01,2.178713e+01,2.184239e+01,2.171111e+01,2.173876e+01,2.172494e+01,2.177332e+01,2.180095e+01,2.171802e+01,2.183548e+01,2.195970e+01,2.188381e+01,2.208377e+01,2.207688e+01,2.241389e+01,2.244821e+01,2.253055e+01,2.287974e+01,2.312551e+01,2.319368e+01,2.363567e+01,2.399467e+01,2.400144e+01,2.452750e+01,2.469555e+01,2.503084e+01,2.501745e+01,2.520477e+01,2.549846e+01,2.531166e+01,2.554511e+01,2.552512e+01,2.550513e+01,2.538509e+01,2.517135e+01,2.516466e+01,2.490356e+01,2.446694e+01,2.424457e+01,2.396086e+01,2.340471e+01,2.326861e+01,2.303683e+01,2.280452e+01,2.257169e+01,2.256483e+01,2.255798e+01,2.222145e+01,2.218016e+01,2.204243e+01,2.215263e+01,2.200107e+01,2.180786e+01,2.195970e+01,2.190451e+01,2.183548e+01,2.172494e+01,2.178022e+01,2.162811e+01,2.171802e+01,2.149656e+01,2.150349e+01,2.166270e+01,2.151734e+01,2.148963e+01,2.148270e+01,2.150349e+01,2.162811e+01,2.147577e+01,2.152427e+01,2.150349e+01,2.153119e+01,2.152427e+01,2.155890e+01,2.146884e+01,2.156582e+01,2.147577e+01,2.156582e+01,2.155197e+01,2.162119e+01,2.162811e+01,2.156582e+01,2.155197e+01,2.153812e+01,2.155197e+01,2.152427e+01,2.162811e+01,2.150349e+01,2.162811e+01,2.160735e+01,2.162811e+01,2.165579e+01,2.173876e+01,2.162811e+01,2.169037e+01,2.175949e+01,2.175258e+01,2.171802e+01,2.179404e+01,2.207688e+01,2.182167e+01,2.181476e+01,2.189071e+01,2.200107e+01,2.189761e+01,2.191831e+01,2.199418e+01,2.200797e+01,2.211821e+01,2.209755e+01,2.211132e+01,2.215263e+01,2.214575e+01,2.206310e+01,2.223520e+01,2.209066e+01,2.194591e+01,2.211821e+01,2.213198e+01,2.215952e+01,2.216640e+01,2.213886e+01,2.209066e+01,2.207688e+01,2.216640e+01,2.213198e+01,2.220081e+01,2.218016e+01,2.218016e+01,2.216640e+01,2.231771e+01,2.225584e+01,2.233146e+01,2.226271e+01,2.212509e+01,2.231771e+01,2.216640e+01,2.216640e+01,2.213886e+01,2.215952e+01,2.223520e+01,2.220081e+01,2.233146e+01,2.232458e+01,2.225584e+01,2.233833e+01,2.238642e+01,2.223520e+01,2.231084e+01,2.234520e+01,2.230396e+01,2.225584e+01,2.226959e+01,2.233146e+01,2.226271e+01,2.230396e+01,2.228334e+01,2.225584e+01,2.230396e+01,2.229709e+01,2.231771e+01,2.225584e+01,2.228334e+01,2.240015e+01,2.233146e+01,2.235894e+01,2.225584e+01,2.229022e+01,2.232458e+01
2.215952e+01,2.218705e+01,2.215263e+01,2.231084e+01,2.219393e+01,2.213198e+01,2.214575e+01,2.206310e+01,2.206999e+01,2.211821e+01,2.213198e+01,2.210443e+01,2.213886e+01,2.205621e+01,2.196660e+01,2.213886e+01,2.201486e+01,2.210443e+01,2.200797e+01,2.202865e+01,2.203554e+01,2.202176e+01,2.197349e+01,2.170420e+01,2.206999e+01,2.207688e+01,2.204932e+01,2.220769e+01,2.201486e+01,2.212509e+01,2.210443e+01,2.203554e+01,2.226959e+01,2.211132e+01,2.206310e+01,2.202865e+01,2.210443e+01,2.208377e+01,2.202176e+01,2.213198e+01,2.213886e+01,2.214575e+01,2.204243e+01,2.215263e+01,2.215952e+01,2.213886e+01,2.206999e+01,2.204932e+01,2.223520e+01,2.215263e+01,2.216640e+01,2.219393e+01,2.218016e+01,2.212509e+01,2.221457e+01,2.222145e+01,2.219393e+01,2.224208e+01,2.231771e+01,2.225584e+01,2.215952e+01,2.223520e+01,2.233833e+01,2.218016e+01,2.229709e+01,2.230396e+01,2.231084e+01,2.226271e+01,2.222833e+01,2.231771e+01,2.221457e+01,2.232458e+01,2.229022e+01,2.233146e+01,2.218705e+01,2.222833e+01,2.229022e+01,2.237955e+01,2.222833e+01,2.226959e+01,2.240702e+01,2.237268e+01,2.237268e+01,2.231084e+01,2.231771e+01,2.231771e+01,2.229709e+01,2.226271e+01,2.227647e+01,2.230396e+01,2.250311e+01,2.229022e+01,2.240702e+01,2.242075e+01,2.232458e+01,2.232458e+01,2.227647e+01,2.226271e+01,2.232458e+01,2.229709e+01,2.241389e+01,2.231084e+01,2.229022e+01,2.228334e+01,2.224896e+01,2.235207e+01,2.222145e+01,2.235894e+01,2.233146e+01,2.240702e+01,2.245507e+01,2.231771e+01,2.235894e+01,2.240702e+01,2.231084e+01,2.242762e+01,2.242762e+01,2.240702e+01,2.242075e+01,2.241389e+01,2.242762e+01,2.240702e+01,2.233146e+01,2.236581e+01,2.231771e+01,2.244135e+01,2.237268e+01,2.230396e+01,2.232458e+01,2.231771e+01,2.222833e+01,2.241389e+01,2.227647e+01,2.222833e+01,2.218016e+01,2.210443e+01,2.226271e+01,2.220769e+01,2.223520e+01,2.221457e+01,2.218016e+01,2.222145e+01,2.204243e+01,2.218705e+01,2.220081e+01,2.224896e+01,2.201486e+01,2.213198e+01,2.220081e+01,2.204932e+01,2.214575e+01,2.217328e+01,2.211132e+01,2.206999e+01,2.206999e+01,2.220769e+01,2.211132e+01,2.218705e+01,2.202176e+01,2.206310e+01,2.204243e+01,2.195280e+01,2.198039e+01,2.192521e+01,2.187691e+01,2.189071e+01,2.200797e+01,2.185620e+01,2.197349e+01,2.196660e+01,2.191831e+01,2.187691e+01,2.192521e+01,2.185620e+01,2.190451e+01,2.193211e+01,2.191141e+01,2.191831e+01,2.196660e+01,2.204932e+01,2.199418e+01,2.202865e+01,2.228334e+01,2.253741e+01,2.285239e+01,2.298221e+01,2.326180e+01,2.359495e+01,2.396762e+01,2.441981e+01,2.491026e+01,2.533837e+01,2.568493e+01,2.572484e+01,2.587106e+01,2.592418e+01,2.600381e+01,2.559839e+01,2.508439e+01,2.437266e+01,2.360853e+01,2.290707e+01,2.237955e+01,2.187691e+01,2.168345e+01,2.169728e+01,2.147577e+01,2.146191e+01,2.139258e+01,2.137871e+01,2.137871e+01,2.139952e+01,2.132320e+01,2.138565e+01,2.127461e+01,2.128156e+01,2.131626e+01,2.126767e+01,2.144805e+01,2.132320e+01,2.127461e+01,2.133708e+01,2.137871e+01,2.135096e+01,2.139258e+01,2.128850e+01,2.127461e+01,2.125378e+01,2.129544e+01,2.126072e+01,2.132320e+01,2.135096e+01,2.124683e+01,2.113565e+01,2.121210e+01,2.114955e+01,2.122600e+01,2.114955e+01,2.116345e+01,2.110783e+01,2.123989e+01,2.105218e+01,2.103130e+01,2.122600e+01,2.111479e+01,2.127461e+01,2.111479e+01,2.125378e+01,2.119126e+01,2.119820e+01,2.110783e+01,2.111479e+01,2.093381e+01,2.106609e+01,2.098953e+01,2.096167e+01,2.099649e+01,2.105218e+01,2.087109e+01,2.088503e+01,2.091987e+01,2.083623e+01,2.086412e+01,2.088503e+01,2.091987e+01,2.099649e+01,2.098256e+01,2.101042e+01,2.105218e+01,2.096864e+01,2.102434e+01,2.106609e+01,2.096167e+01,2.100345e+01,2.089897e+01,2.090594e+01,2.102434e+01,2.107305e+01,2.130932e+01,2.106609e+01,2.138565e+01,2.121210e+01,2.107305e+01,2.105914e+01,2.108696e+01,2.105914e+01,2.101042e+01,2.098256e+01,2.105218e+01,2.103130e+01,2.094774e+01,2.105218e+01,2.103826e+01,2.116345e+01,2.105218e+01,2.110783e+01,2.105914e+01,2.113565e+01,2.109392e+01,2.107305e+01,2.119820e+01,2.105218e+01,2.105218e+01,2.091291e+01,2.098256e+01,2.088503e+01,2.103826e+01,2.103826e+01,2.083623e+01,2.082228e+01,2.081530e+01,2.095471e+01,2.093381e+01,2.087806e+01,2.096167e+01,2.087806e+01,2.091987e+01,2.095471e+01,2.085715e+01,2.095471e+01,2.076647e+01,2.091987e+01,2.091987e+01,2.085715e+01,2.085715e+01,2.084320e+01,2.083623e+01,2.076647e+01,2.082228e+01,2.080833e+01,2.081530e+01,2.091987e+01,2.080135e+01,2.086412e+01,2.094774e+01,2.094774e+01,2.094774e+01,2.095471e+01,2.088503e+01,2.089200e+01,2.091987e+01,2.095471e+01,2.092684e+01,2.090594e+01,2.093381e+01,2.091291e+01,2.086412e+01,2.088503e+01,2.097560e+01,2.087109e+01,2.095471e+01,2.090594e+01,2.084320e+01,2.088503e+01,2.080833e+01,2.084320e+01,2.082228e+01,2.084320e+01,2.085017e+01,2.094077e+01,2.090594e+01,2.087109e+01,2.090594e+01,2.084320e+01,2.098953e+01,2.100345e+01,2.096864e+01,2.113565e+01,2.095471e+01,2.107305e+01,2.108001e+01,2.107305e+01,2.106609e+01,2.118431e+01,2.105914e+01,2.107305e+01,2.110088e+01,2.091291e+01,2.117736e+01,2.117041e+01,2.119820e+01,2.117041e+01,2.110783e+01,2.119126e+01,2.123294e+01,2.113565e+01,2.119126e+01,2.119820e+01,2.110783e+01,2.123294e+01,2.119126e+01,2.125378e+01,2.127461e+01,2.121905e+01,2.112174e+01,2.117041e+01,2.128156e+01,2.127461e+01,2.121210e+01,2.121905e+01,2.135790e+01,2.120515e+01,2.119126e+01,2.127461e+01,2.114955e+01,2.128156e+01,2.121905e+01,2.125378e+01,2.112869e+01,2.130932e+01,2.123989e+01,2.122600e+01,2.119126e+01,2.119126e+01,2.119126e+01,2.128156e+01,2.119126e+01,2.116345e+01,2.119820e+01,2.114955e+01,2.117736e+01,2.108001e+01,2.114260e+01,2.103826e+01,2.103130e+01,2.102434e+01,2.106609e+01,2.099649e+01,2.096167e+01,2.117736e+01,2.100345e+01,2.114260e+01,2.100345e+01,2.105914e+01,2.112174e+01,2.113565e+01,2.112869e+01,2.105914e+01,2.100345e+01,2.104522e+01,2.107305e+01,2.105218e+01,2.099649e+01,2.111479e+01,2.111479e+01,2.113565e+01,2.126072e+01,2.127461e+01,2.126767e+01,2.126072e+01,2.109392e+01,2.117736e+01,2.110088e+01,2.108696e+01,2.112174e+01,2.117736e+01,2.127461e+01,2.130238e+01,2.135790e+01,2.132320e+01,2.134402e+01,2.156582e+01,2.150349e+01,2.156582e+01,2.155890e+01,2.164887e+01,2.164195e+01,2.164887e+01,2.171802e+01,2.164887e+01,2.171111e+01,2.178713e+01,2.165579e+01,2.178022e+01,2.180786e+01,2.173876e+01,2.167654e+01,2.173185e+01,2.175949e+01,2.179404e+01,2.178713e+01,2.179404e+01,2.178022e+01,2.197349e+01,2.214575e+01,2.226271e+01,2.252369e+01,2.285923e+01,2.305730e+01,2.345230e+01,2.366959e+01,2.367638e+01,2.429177e+01,2.431874e+01,2.456113e+01,2.491697e+01,2.513791e+01,2.507770e+01,2.519809e+01,2.531834e+01,2.553844e+01,2.563834e+01,2.555843e+01,2.521146e+01,2.544512e+01,2.535172e+01,2.508439e+01,2.488345e+01,2.447367e+01,2.420408e+01,2.361531e+01,2.349308e+01,2.328223e+01,2.302318e+01,2.290024e+01,2.263337e+01,2.237955e+01,2.235894e+01,2.222145e+01,2.220769e+01,2.211132e+01,2.222145e+01,2.201486e+01,2.184239e+01,2.182167e+01,2.180786e+01,2.183548e+01,2.182167e+01,2.176641e+01,2.160735e+01,2.147577e+01,2.164887e+01,2.157967e+01,2.159351e+01,2.151734e+01,2.149656e+01,2.148270e+01,2.162119e+01,2.157274e+01,2.143419e+01,2.150349e+01,2.153119e+01,2.155890e+01,2.143419e+01,2.139258e+01,2.148963e+01,2.155197e+01,2.160735e+01,2.157967e+01,2.153119e+01,2.161427e+01,2.147577e+01,2.153119e+01,2.140645e+01,2.159351e+01,2.143419e+01,2.150349e+01,2.148270e+01,2.155197e+01,2.147577e+01,2.158659e+01,2.170420e+01,2.173185e+01,2.175949e+01,2.171802e+01,2.165579e+01,2.177332e+01,2.175949e+01,2.172494e+01,2.179404e+01,2.175258e+01,2.182858e+01,2.182858e+01,2.185620e+01,2.190451e+01,2.191141e+01,2.196660e+01,2.201486e+01,2.191141e+01,2.204932e+01,2.206310e+01,2.211132e+01,2.204243e+01,2.211132e+01,2.213886e+01,2.210443e+01,2.211821e+01,2.195280e+01,2.212509e+01,2.218705e+01,2.215952e+01,2.215952e+01,2.212509e+01,2.213198e+01,2.198729e+01,2.208377e+01,2.213198e+01,2.229022e+01,2.222145e+01,2.222833e+01,2.233146e+01,2.224896e+01,2.227647e+01,2.229709e+01,2.215263e+01,2.222833e+01,2.225584e+01,2.221457e+01,2.208377e+01,2.222833e+01,2.233146e+01,2.231771e+01,2.234520e+01,2.224208e+01,2.222833e+01,2.222833e+01,2.234520e+01,2.222145e+01,2.240015e+01,2.213198e+01,2.238642e+01,2.228334e+01,2.230396e+01,2.229022e+01,2.231084e+01,2.230396e+01,2.215952e+01,2.224208e+01,2.246194e+01,2.222833e+01,2.228334e+01,2.224896e+01,2.224896e+01,2.226959e+01,2.230396e+01,2.231771e+01,2.222833e+01,2.233833e+01,2.222145e+01,2.230396e+01
2.223520e+01,2.213198e+01,2.216640e+01,2.203554e+01,2.212509e+01,2.215263e+01,2.214575e+01,2.210443e+01,2.210443e+01,2.207688e+01,2.214575e+01,2.213886e+01,2.209066e+01,2.222145e+01,2.224208e+01,2.201486e+01,2.198039e+01,2.211132e+01,2.208377e+01,2.211821e+01,2.202176e+01,2.203554e+01,2.199418e+01,2.202865e+01,2.212509e+01,2.213886e+01,2.206999e+01,2.202176e+01,2.203554e+01,2.208377e+01,2.206999e+01,2.199418e+01,2.213198e+01,2.211132e+01,2.229709e+01,2.207688e+01,2.206310e+01,2.201486e+01,2.198729e+01,2.211821e+01,2.201486e+01,2.213198e+01,2.218016e+01,2.211132e+01,2.216640e+01,2.213886e+01,2.211821e+01,2.205621e+01,2.213886e+01,2.222833e+01,2.223520e+01,2.223520e+01,2.220081e+01,2.210443e+01,2.222145e+01,2.222145e+01,2.221457e+01,2.216640e+01,2.224208e+01,2.217328e+01,2.218705e+01,2.233146e+01,2.229709e+01,2.231084e+01,2.238642e+01,2.239328e+01,2.243448e+01,2.220081e+01,2.227647e+01,2.224208e+01,2.229709e+01,2.229022e+01,2.225584e+01,2.232458e+01,2.214575e+01,2.229022e+01,2.225584e+01,2.225584e+01,2.235207e+01,2.223520e+01,2.222833e+01,2.233146e+01,2.236581e+01,2.231771e+01,2.231771e+01,2.226959e+01,2.227647e+01,2.230396e+01,2.229709e+01,2.227647e+01,2.231771e+01,2.229022e+01,2.239328e+01,2.229022e+01,2.226271e+01,2.229709e+01,2.226959e+01,2.229022e+01,2.227647e+01,2.232458e+01,2.229709e+01,2.229709e+01,2.229709e+01,2.225584e+01,2.231084e+01,2.229709e+01,2.224896e+01,2.233833e+01,2.231084e+01,2.229022e+01,2.228334e+01,2.224896e+01,2.231084e+01,2.237955e+01,2.239328e+01,2.241389e+01,2.240702e+01,2.244821e+01,2.238642e+01,2.241389e+01,2.243448e+01,2.250997e+01,2.257854e+01,2.233146e+01,2.235207e+01,2.231084e+01,2.233833e+01,2.242762e+01,2.236581e+01,2.220769e+01,2.234520e+01,2.229709e+01,2.225584e+01,2.214575e+01,2.230396e+01,2.224208e+01,2.223520e+01,2.231084e+01,2.216640e+01,2.219393e+01,2.220081e+01,2.222833e+01,2.219393e+01,2.213198e+01,2.218016e+01,2.204243e+01,2.216640e+01,2.220769e+01,2.217328e+01,2.226959e+01,2.221457e+01,2.207688e+01,2.205621e+01,2.213198e+01,2.211821e+01,2.209755e+01,2.211821e+01,2.206999e+01,2.218016e+01,2.208377e+01,2.209755e+01,2.199418e+01,2.193211e+01,2.200797e+01,2.195280e+01,2.198039e+01,2.196660e+01,2.187000e+01,2.197349e+01,2.195970e+01,2.187691e+01,2.188381e+01,2.194591e+01,2.190451e+01,2.186310e+01,2.188381e+01,2.184239e+01,2.193211e+01,2.201486e+01,2.184929e+01,2.200797e+01,2.211132e+01,2.227647e+01,2.233833e+01,2.262652e+01,2.301635e+01,2.314597e+01,2.356779e+01,2.402848e+01,2.445347e+01,2.491026e+01,2.531834e+01,2.574479e+01,2.580462e+01,2.596401e+01,2.580462e+01,2.562503e+01,2.528495e+01,2.468884e+01,2.385258e+01,2.297539e+01,2.243448e+01,2.220769e+01,2.185620e+01,2.147577e+01,2.134402e+01,2.139952e+01,2.126072e+01,2.130932e+01,2.133014e+01,2.139952e+01,2.123294e+01,2.129544e+01,2.137177e+01,2.128850e+01,2.128156e+01,2.125378e+01,2.129544e+01,2.135790e+01,2.119820e+01,2.133014e+01,2.136484e+01,2.123294e+01,2.135096e+01,2.128850e+01,2.126072e+01,2.123989e+01,2.125378e+01,2.128156e+01,2.123294e+01,2.137871e+01,2.114260e+01,2.114260e+01,2.112174e+01,2.111479e+01,2.115650e+01,2.121210e+01,2.112174e+01,2.115650e+01,2.106609e+01,2.114955e+01,2.114260e+01,2.110088e+01,2.121210e+01,2.110088e+01,2.110088e+01,2.121210e+01,2.112174e+01,2.118431e+01,2.123989e+01,2.117041e+01,2.117736e+01,2.107305e+01,2.104522e+01,2.111479e+01,2.097560e+01,2.094077e+01,2.098953e+01,2.102434e+01,2.086412e+01,2.094774e+01,2.095471e+01,2.086412e+01,2.095471e+01,2.094077e+01,2.111479e+01,2.101042e+01,2.108001e+01,2.104522e+01,2.098953e+01,2.103826e+01,2.104522e+01,2.089200e+01,2.106609e+01,2.105914e+01,2.106609e+01,2.107305e+01,2.108001e+01,2.139258e+01,2.123294e+01,2.126072e+01,2.126072e+01,2.128156e+01,2.108696e+01,2.107305e+01,2.101042e+01,2.101042e+01,2.094077e+01,2.107305e+01,2.103130e+01,2.100345e+01,2.113565e+01,2.105218e+01,2.113565e+01,2.119126e+01,2.108001e+01,2.123294e+01,2.123294e+01,2.108696e+01,2.111479e+01,2.107305e+01,2.103130e+01,2.099649e+01,2.105914e+01,2.103826e+01,2.094774e+01,2.101042e+01,2.101738e+01,2.091987e+01,2.070364e+01,2.082925e+01,2.091987e+01,2.076647e+01,2.091291e+01,2.091291e+01,2.092684e+01,2.094077e+01,2.096167e+01,2.096167e+01,2.093381e+01,2.093381e+01,2.082925e+01,2.097560e+01,2.087109e+01,2.087806e+01,2.084320e+01,2.080135e+01,2.086412e+01,2.088503e+01,2.085017e+01,2.078042e+01,2.078042e+01,2.081530e+01,2.088503e+01,2.091987e+01,2.092684e+01,2.092684e+01,2.094077e+01,2.105218e+01,2.092684e+01,2.091291e+01,2.093381e+01,2.093381e+01,2.105218e+01,2.093381e+01,2.092684e+01,2.080833e+01,2.091291e+01,2.091987e+01,2.097560e+01,2.087109e+01,2.083623e+01,2.091291e+01,2.076647e+01,2.082228e+01,2.094077e+01,2.087109e+01,2.088503e+01,2.085017e+01,2.081530e+01,2.087806e+01,2.096167e+01,2.089200e+01,2.090594e+01,2.100345e+01,2.108696e+01,2.092684e+01,2.103130e+01,2.112174e+01,2.108696e+01,2.110783e+01,2.108696e+01,2.119126e+01,2.109392e+01,2.108001e+01,2.117041e+01,2.099649e+01,2.116345e+01,2.106609e+01,2.116345e+01,2.121210e+01,2.117736e+01,2.114260e+01,2.123294e+01,2.119126e+01,2.107305e+01,2.116345e+01,2.117736e+01,2.126072e+01,2.123989e+01,2.122600e+01,2.126072e+01,2.126767e+01,2.122600e+01,2.118431e+01,2.125378e+01,2.123294e+01,2.126072e+01,2.119820e+01,2.121210e+01,2.123294e+01,2.128156e+01,2.121905e+01,2.122600e+01,2.126072e+01,2.133708e+01,2.122600e+01,2.121905e+01,2.115650e+01,2.128156e+01,2.114955e+01,2.123989e+01,2.120515e+01,2.119126e+01,2.119126e+01,2.114955e+01,2.106609e+01,2.115650e+01,2.108696e+01,2.119820e+01,2.117736e+01,2.110783e+01,2.103826e+01,2.114260e+01,2.103826e+01,2.098256e+01,2.106609e+01,2.114955e+01,2.105914e+01,2.113565e+01,2.109392e+01,2.109392e+01,2.100345e+01,2.111479e+01,2.105218e+01,2.103826e+01,2.105218e+01,2.103130e+01,2.103826e+01,2.101738e+01,2.105218e+01,2.103130e+01,2.104522e+01,2.112174e+01,2.110088e+01,2.110783e+01,2.116345e+01,2.123294e+01,2.107305e+01,2.113565e+01,2.108696e+01,2.112869e+01,2.108001e+01,2.116345e+01,2.112869e+01,2.119126e+01,2.108696e+01,2.126767e+01,2.135096e+01,2.135790e+01,2.133014e+01,2.137177e+01,2.146191e+01,2.154505e+01,2.157967e+01,2.154505e+01,2.166962e+01,2.163503e+01,2.166270e+01,2.162811e+01,2.163503e+01,2.182858e+01,2.171802e+01,2.175258e+01,2.173185e+01,2.171802e+01,2.164887e+01,2.180786e+01,2.178022e+01,2.181476e+01,2.180786e+01,2.204932e+01,2.206999e+01,2.215952e+01,2.237955e+01,2.256483e+01,2.283188e+01,2.291391e+01,2.305730e+01,2.365602e+01,2.366281e+01,2.402172e+01,2.438613e+01,2.458131e+01,2.482309e+01,2.509777e+01,2.516466e+01,2.519809e+01,2.531834e+01,2.547179e+01,2.529163e+01,2.544512e+01,2.543179e+01,2.531166e+01,2.541177e+01,2.517135e+01,2.515797e+01,2.489015e+01,2.433222e+01,2.427155e+01,2.373062e+01,2.356101e+01,2.324137e+01,2.303000e+01,2.281136e+01,2.267447e+01,2.248939e+01,2.231084e+01,2.229709e+01,2.217328e+01,2.211132e+01,2.217328e+01,2.215952e+01,2.211821e+01,2.182858e+01,2.179404e+01,2.180095e+01,2.172494e+01,2.166962e+01,2.172494e+01,2.173876e+01,2.174567e+01,2.160043e+01,2.152427e+01,2.153119e+01,2.146884e+01,2.148963e+01,2.142725e+01,2.155197e+01,2.144112e+01,2.144112e+01,2.144805e+01,2.148963e+01,2.150349e+01,2.142725e+01,2.154505e+01,2.155197e+01,2.155890e+01,2.171802e+01,2.156582e+01,2.156582e+01,2.157967e+01,2.155890e+01,2.160735e+01,2.155890e+01,2.155197e+01,2.156582e+01,2.163503e+01,2.151734e+01,2.160043e+01,2.160043e+01,2.159351e+01,2.159351e+01,2.166270e+01,2.171802e+01,2.163503e+01,2.175258e+01,2.164195e+01,2.173876e+01,2.174567e+01,2.183548e+01,2.188381e+01,2.187000e+01,2.198729e+01,2.187691e+01,2.189071e+01,2.187691e+01,2.194591e+01,2.197349e+01,2.201486e+01,2.209755e+01,2.206999e+01,2.197349e+01,2.205621e+01,2.216640e+01,2.205621e+01,2.198039e+01,2.195970e+01,2.218016e+01,2.210443e+01,2.213886e+01,2.210443e+01,2.215263e+01,2.202865e+01,2.218016e+01,2.216640e+01,2.212509e+01,2.226271e+01,2.216640e+01,2.215952e+01,2.224208e+01,2.227647e+01,2.215263e+01,2.234520e+01,2.226959e+01,2.212509e+01,2.227647e+01,2.239328e+01,2.212509e+01,2.221457e+01,2.232458e+01,2.221457e+01,2.220769e+01,2.224896e+01,2.233833e+01,2.230396e+01,2.226959e+01,2.231084e+01,2.232458e+01,2.238642e+01,2.233146e+01,2.222833e+01,2.230396e+01,2.240702e+01,2.220769e+01,2.235894e+01,2.228334e+01,2.229022e+01,2.229022e+01,2.232458e+01,2.231084e+01,2.232458e+01,2.226271e+01,2.222145e+01,2.229709e+01,2.235894e+01,2.215952e+01,2.230396e+01,2.202865e+01,2.232458e+01
2.235894e+01,2.211821e+01,2.218016e+01,2.226271e+01,2.214575e+01,2.210443e+01,2.200107e+01,2.207688e+01,2.212509e+01,2.207688e+01,2.213198e+01,2.214575e+01,2.216640e+01,2.205621e+01,2.203554e+01,2.210443e+01,2.205621e+01,2.210443e+01,2.205621e+01,2.211821e+01,2.209066e+01,2.204932e+01,2.208377e+01,2.207688e+01,2.206310e+01,2.212509e+01,2.224208e+01,2.222145e+01,2.198729e+01,2.209755e+01,2.198039e+01,2.207688e+01,2.194591e+01,2.215263e+01,2.231771e+01,2.211821e+01,2.208377e+01,2.194591e+01,2.210443e+01,2.203554e+01,2.212509e+01,2.206999e+01,2.206999e+01,2.215952e+01,2.220769e+01,2.218705e+01,2.204932e+01,2.209066e+01,2.222833e+01,2.223520e+01,2.219393e+01,2.224208e+01,2.236581e+01,2.239328e+01,2.223520e+01,2.224208e+01,2.225584e+01,2.228334e+01,2.233146e+01,2.215263e+01,2.232458e+01,2.231771e+01,2.230396e+01,2.231084e+01,2.233146e+01,2.222145e+01,2.230396e+01,2.235207e+01,2.234520e+01,2.237268e+01,2.227647e+01,2.229022e+01,2.232458e+01,2.233833e+01,2.231084e+01,2.228334e+01,2.226271e+01,2.226959e+01,2.235894e+01,2.239328e+01,2.236581e+01,2.241389e+01,2.236581e+01,2.234520e+01,2.233833e+01,2.237268e+01,2.228334e+01,2.239328e+01,2.232458e+01,2.231084e+01,2.231084e+01,2.231771e+01,2.241389e+01,2.234520e+01,2.240015e+01,2.228334e+01,2.229022e+01,2.225584e+01,2.229022e+01,2.232458e+01,2.233146e+01,2.241389e+01,2.231771e+01,2.231771e+01,2.233146e+01,2.228334e+01,2.220769e+01,2.237268e+01,2.229022e+01,2.229022e+01,2.231771e+01,2.229022e+01,2.231771e+01,2.233146e+01,2.237268e+01,2.254426e+01,2.237268e+01,2.237955e+01,2.242075e+01,2.242075e+01,2.236581e+01,2.237955e+01,2.244821e+01,2.235894e+01,2.249625e+01,2.234520e+01,2.244135e+01,2.235894e+01,2.237955e+01,2.228334e+01,2.233833e+01,2.235894e+01,2.229709e+01,2.224208e+01,2.220081e+01,2.223520e+01,2.229022e+01,2.210443e+01,2.228334e+01,2.221457e+01,2.229022e+01,2.226959e+01,2.222145e+01,2.221457e+01,2.222833e+01,2.216640e+01,2.213198e+01,2.218705e+01,2.219393e+01,2.229022e+01,2.203554e+01,2.217328e+01,2.214575e+01,2.210443e+01,2.211821e+01,2.209066e+01,2.211821e+01,2.213886e+01,2.211132e+01,2.205621e+01,2.205621e+01,2.200107e+01,2.194591e+01,2.214575e+01,2.200797e+01,2.195280e+01,2.198039e+01,2.195280e+01,2.193901e+01,2.199418e+01,2.193211e+01,2.206310e+01,2.191831e+01,2.193901e+01,2.188381e+01,2.188381e+01,2.194591e+01,2.195970e+01,2.195970e+01,2.193901e+01,2.193901e+01,2.211821e+01,2.233146e+01,2.244821e+01,2.263337e+01,2.302318e+01,2.335710e+01,2.374418e+01,2.397439e+01,2.448713e+01,2.491697e+01,2.527159e+01,2.563834e+01,2.582456e+01,2.581791e+01,2.565165e+01,2.546513e+01,2.507101e+01,2.454095e+01,2.360853e+01,2.277716e+01,2.220769e+01,2.199418e+01,2.153812e+01,2.144112e+01,2.122600e+01,2.137177e+01,2.139258e+01,2.126767e+01,2.133708e+01,2.123989e+01,2.119820e+01,2.135096e+01,2.120515e+01,2.119126e+01,2.125378e+01,2.140645e+01,2.123989e+01,2.126072e+01,2.139952e+01,2.121210e+01,2.118431e+01,2.122600e+01,2.133708e+01,2.122600e+01,2.130932e+01,2.121210e+01,2.126072e+01,2.126767e+01,2.128156e+01,2.125378e+01,2.118431e+01,2.112869e+01,2.116345e+01,2.116345e+01,2.111479e+01,2.116345e+01,2.116345e+01,2.108001e+01,2.112174e+01,2.115650e+01,2.114260e+01,2.105218e+01,2.112869e+01,2.112869e+01,2.109392e+01,2.115650e+01,2.103130e+01,2.124683e+01,2.108696e+01,2.100345e+01,2.105218e+01,2.092684e+01,2.100345e+01,2.095471e+01,2.101738e+01,2.090594e+01,2.093381e+01,2.101738e+01,2.102434e+01,2.102434e+01,2.107305e+01,2.094077e+01,2.110783e+01,2.099649e+01,2.103826e+01,2.102434e+01,2.092684e+01,2.103130e+01,2.097560e+01,2.101738e+01,2.093381e+01,2.097560e+01,2.105914e+01,2.105914e+01,2.108696e+01,2.108001e+01,2.107305e+01,2.126767e+01,2.107305e+01,2.114260e+01,2.126767e+01,2.126072e+01,2.104522e+01,2.101042e+01,2.105218e+01,2.104522e+01,2.101738e+01,2.105914e+01,2.105218e+01,2.111479e+01,2.112869e+01,2.108001e+01,2.103130e+01,2.106609e+01,2.103826e+01,2.112869e+01,2.111479e+01,2.112174e+01,2.110088e+01,2.106609e+01,2.106609e+01,2.096167e+01,2.117041e+01,2.106609e+01,2.090594e+01,2.087109e+01,2.084320e+01,2.089200e+01,2.094077e+01,2.087806e+01,2.096167e+01,2.089897e+01,2.089897e+01,2.094077e+01,2.090594e+01,2.095471e+01,2.094774e+01,2.095471e+01,2.085017e+01,2.086412e+01,2.092684e+01,2.090594e+01,2.108001e+01,2.091987e+01,2.084320e+01,2.083623e+01,2.085715e+01,2.082925e+01,2.071761e+01,2.080833e+01,2.087109e+01,2.087806e+01,2.090594e+01,2.090594e+01,2.095471e+01,2.091291e+01,2.096167e+01,2.091987e+01,2.102434e+01,2.098953e+01,2.094077e+01,2.093381e+01,2.094774e+01,2.093381e+01,2.095471e+01,2.094774e+01,2.087806e+01,2.081530e+01,2.085017e+01,2.082925e+01,2.076647e+01,2.080135e+01,2.090594e+01,2.084320e+01,2.087109e+01,2.089897e+01,2.091987e+01,2.087806e+01,2.092684e+01,2.085715e+01,2.088503e+01,2.090594e+01,2.091291e+01,2.091291e+01,2.095471e+01,2.098256e+01,2.107305e+01,2.112174e+01,2.110088e+01,2.110783e+01,2.109392e+01,2.099649e+01,2.108696e+01,2.114260e+01,2.121905e+01,2.120515e+01,2.110783e+01,2.122600e+01,2.118431e+01,2.111479e+01,2.115650e+01,2.123989e+01,2.119126e+01,2.117041e+01,2.117736e+01,2.117736e+01,2.120515e+01,2.121905e+01,2.126767e+01,2.126072e+01,2.123294e+01,2.106609e+01,2.123294e+01,2.121905e+01,2.114260e+01,2.121210e+01,2.126072e+01,2.128850e+01,2.123294e+01,2.123294e+01,2.126072e+01,2.124683e+01,2.121905e+01,2.131626e+01,2.123294e+01,2.123294e+01,2.121905e+01,2.128156e+01,2.126767e+01,2.124683e+01,2.122600e+01,2.118431e+01,2.130238e+01,2.118431e+01,2.113565e+01,2.108696e+01,2.115650e+01,2.110783e+01,2.114955e+01,2.105218e+01,2.110088e+01,2.102434e+01,2.103130e+01,2.102434e+01,2.098953e+01,2.108696e+01,2.107305e+01,2.102434e+01,2.116345e+01,2.105218e+01,2.110088e+01,2.105218e+01,2.108696e+01,2.104522e+01,2.108696e+01,2.104522e+01,2.109392e+01,2.107305e+01,2.121905e+01,2.121905e+01,2.123294e+01,2.112174e+01,2.111479e+01,2.124683e+01,2.112174e+01,2.135790e+01,2.114955e+01,2.126072e+01,2.101738e+01,2.112174e+01,2.110088e+01,2.112869e+01,2.110088e+01,2.110783e+01,2.125378e+01,2.114260e+01,2.130238e+01,2.130932e+01,2.133014e+01,2.135790e+01,2.155890e+01,2.146884e+01,2.160735e+01,2.153119e+01,2.167654e+01,2.164195e+01,2.171802e+01,2.170420e+01,2.167654e+01,2.164195e+01,2.169037e+01,2.176641e+01,2.171802e+01,2.173876e+01,2.187000e+01,2.180095e+01,2.163503e+01,2.184239e+01,2.191831e+01,2.227647e+01,2.224896e+01,2.250997e+01,2.241389e+01,2.287974e+01,2.293440e+01,2.294123e+01,2.315278e+01,2.366281e+01,2.368994e+01,2.402848e+01,2.427829e+01,2.454768e+01,2.457458e+01,2.501076e+01,2.501076e+01,2.519140e+01,2.520477e+01,2.538509e+01,2.537174e+01,2.539843e+01,2.550513e+01,2.541844e+01,2.543179e+01,2.515797e+01,2.518472e+01,2.509108e+01,2.489015e+01,2.448713e+01,2.388643e+01,2.378484e+01,2.339791e+01,2.327542e+01,2.298904e+01,2.281820e+01,2.279768e+01,2.248252e+01,2.239328e+01,2.221457e+01,2.218016e+01,2.207688e+01,2.207688e+01,2.202865e+01,2.184929e+01,2.193211e+01,2.182167e+01,2.187691e+01,2.175949e+01,2.171111e+01,2.168345e+01,2.172494e+01,2.166962e+01,2.174567e+01,2.167654e+01,2.146191e+01,2.152427e+01,2.147577e+01,2.160043e+01,2.150349e+01,2.148270e+01,2.144112e+01,2.153812e+01,2.151042e+01,2.151042e+01,2.146191e+01,2.139258e+01,2.153812e+01,2.157274e+01,2.155890e+01,2.146884e+01,2.155197e+01,2.153812e+01,2.158659e+01,2.157274e+01,2.154505e+01,2.146884e+01,2.161427e+01,2.148963e+01,2.135096e+01,2.153119e+01,2.178022e+01,2.151734e+01,2.174567e+01,2.162811e+01,2.175949e+01,2.177332e+01,2.175258e+01,2.177332e+01,2.182167e+01,2.178713e+01,2.177332e+01,2.195970e+01,2.200797e+01,2.180786e+01,2.183548e+01,2.195280e+01,2.187000e+01,2.194591e+01,2.203554e+01,2.191831e+01,2.209755e+01,2.209755e+01,2.210443e+01,2.207688e+01,2.205621e+01,2.204932e+01,2.204243e+01,2.211821e+01,2.219393e+01,2.218016e+01,2.211821e+01,2.218705e+01,2.224208e+01,2.218016e+01,2.226959e+01,2.215263e+01,2.218705e+01,2.226271e+01,2.227647e+01,2.227647e+01,2.223520e+01,2.227647e+01,2.226959e+01,2.229022e+01,2.219393e+01,2.222833e+01,2.225584e+01,2.222833e+01,2.222833e+01,2.226271e+01,2.236581e+01,2.233833e+01,2.228334e+01,2.221457e+01,2.232458e+01,2.224208e+01,2.213198e+01,2.220081e+01,2.235207e+01,2.233146e+01,2.233833e+01,2.223520e+01,2.237955e+01,2.226959e+01,2.224208e+01,2.224896e+01,2.235894e+01,2.234520e+01,2.234520e+01,2.232458e+01,2.233146e+01,2.219393e+01,2.233146e+01,2.229709e+01,2.218705e+01,2.226959e+01,2.224896e+01,2.235894e+01,2.242762e+01,2.228334e+01
2.221457e+01,2.217328e+01,2.215952e+01,2.235894e+01,2.209755e+01,2.216640e+01,2.213198e+01,2.211132e+01,2.207688e+01,2.224208e+01,2.210443e+01,2.218016e+01,2.207688e+01,2.224896e+01,2.202865e+01,2.220081e+01,2.213198e+01,2.209755e+01,2.211821e+01,2.210443e+01,2.213198e+01,2.205621e+01,2.206310e+01,2.213198e+01,2.206310e+01,2.206999e+01,2.205621e+01,2.213886e+01,2.204243e+01,2.214575e+01,2.198039e+01,2.215952e+01,2.199418e+01,2.210443e+01,2.208377e+01,2.209066e+01,2.209755e+01,2.202865e+01,2.210443e+01,2.204243e+01,2.209066e+01,2.213198e+01,2.211132e+01,2.215263e+01,2.213886e+01,2.216640e+01,2.204243e+01,2.209066e+01,2.216640e+01,2.212509e+01,2.222145e+01,2.202865e+01,2.221457e+01,2.222833e+01,2.225584e+01,2.231771e+01,2.225584e+01,2.225584e+01,2.222145e+01,2.220769e+01,2.239328e+01,2.228334e+01,2.228334e+01,2.231771e+01,2.215263e+01,2.221457e+01,2.229022e+01,2.229709e+01,2.226959e+01,2.233146e+01,2.228334e+01,2.233146e+01,2.231771e+01,2.231084e+01,2.228334e+01,2.235894e+01,2.224208e+01,2.228334e+01,2.250997e+01,2.233146e+01,2.236581e+01,2.236581e+01,2.237268e+01,2.231771e+01,2.232458e+01,2.236581e+01,2.237955e+01,2.235207e+01,2.242075e+01,2.236581e+01,2.238642e+01,2.236581e+01,2.243448e+01,2.232458e+01,2.225584e+01,2.237268e+01,2.229022e+01,2.225584e+01,2.223520e+01,2.230396e+01,2.232458e+01,2.228334e+01,2.226271e+01,2.238642e+01,2.224208e+01,2.239328e+01,2.229022e+01,2.228334e+01,2.233833e+01,2.237268e+01,2.240015e+01,2.232458e+01,2.235207e+01,2.249625e+01,2.234520e+01,2.239328e+01,2.237268e+01,2.236581e+01,2.236581e+01,2.234520e+01,2.240702e+01,2.242075e+01,2.235894e+01,2.249625e+01,2.231084e+01,2.226271e+01,2.226959e+01,2.237268e+01,2.235207e+01,2.238642e+01,2.232458e+01,2.215952e+01,2.224208e+01,2.224208e+01,2.222833e+01,2.220769e+01,2.224896e+01,2.230396e+01,2.224896e+01,2.220769e+01,2.222145e+01,2.223520e+01,2.221457e+01,2.218705e+01,2.215263e+01,2.219393e+01,2.222145e+01,2.213198e+01,2.221457e+01,2.221457e+01,2.220769e+01,2.220081e+01,2.213198e+01,2.200107e+01,2.213198e+01,2.211821e+01,2.211132e+01,2.211821e+01,2.214575e+01,2.204243e+01,2.204243e+01,2.206310e+01,2.193901e+01,2.193211e+01,2.198039e+01,2.200797e+01,2.169037e+01,2.198039e+01,2.195280e+01,2.189761e+01,2.198729e+01,2.187691e+01,2.187000e+01,2.190451e+01,2.184239e+01,2.191141e+01,2.189071e+01,2.195280e+01,2.195970e+01,2.204932e+01,2.215952e+01,2.211821e+01,2.228334e+01,2.247566e+01,2.275663e+01,2.305048e+01,2.339791e+01,2.363567e+01,2.401496e+01,2.433896e+01,2.492367e+01,2.527159e+01,2.552512e+01,2.564500e+01,2.581127e+01,2.565831e+01,2.538509e+01,2.507770e+01,2.443328e+01,2.324137e+01,2.247566e+01,2.200797e+01,2.188381e+01,2.146884e+01,2.137871e+01,2.139258e+01,2.119820e+01,2.121905e+01,2.130932e+01,2.121210e+01,2.134402e+01,2.118431e+01,2.114260e+01,2.116345e+01,2.121905e+01,2.126072e+01,2.123294e+01,2.125378e+01,2.128850e+01,2.126072e+01,2.123989e+01,2.122600e+01,2.116345e+01,2.122600e+01,2.117736e+01,2.121905e+01,2.125378e+01,2.115650e+01,2.115650e+01,2.110783e+01,2.113565e+01,2.116345e+01,2.112174e+01,2.114260e+01,2.112869e+01,2.110783e+01,2.110783e+01,2.105218e+01,2.106609e+01,2.103826e+01,2.101042e+01,2.114955e+01,2.114955e+01,2.112869e+01,2.111479e+01,2.109392e+01,2.112174e+01,2.111479e+01,2.114260e+01,2.105914e+01,2.106609e+01,2.106609e+01,2.105218e+01,2.102434e+01,2.088503e+01,2.094077e+01,2.091987e+01,2.098953e+01,2.098953e+01,2.100345e+01,2.106609e+01,2.099649e+01,2.097560e+01,2.097560e+01,2.097560e+01,2.108001e+01,2.098953e+01,2.099649e+01,2.091987e+01,2.099649e+01,2.098953e+01,2.094077e+01,2.095471e+01,2.091987e+01,2.098256e+01,2.096167e+01,2.105218e+01,2.097560e+01,2.105914e+01,2.087109e+01,2.103130e+01,2.105914e+01,2.105218e+01,2.105914e+01,2.103130e+01,2.108001e+01,2.103826e+01,2.101738e+01,2.106609e+01,2.114955e+01,2.115650e+01,2.114955e+01,2.108696e+01,2.112174e+01,2.108001e+01,2.104522e+01,2.106609e+01,2.112869e+01,2.108696e+01,2.129544e+01,2.114260e+01,2.107305e+01,2.106609e+01,2.106609e+01,2.112869e+01,2.101042e+01,2.103130e+01,2.094077e+01,2.087109e+01,2.102434e+01,2.086412e+01,2.098256e+01,2.080833e+01,2.096167e+01,2.098256e+01,2.094077e+01,2.094077e+01,2.089200e+01,2.094077e+01,2.093381e+01,2.092684e+01,2.100345e+01,2.091291e+01,2.093381e+01,2.098953e+01,2.089200e+01,2.081530e+01,2.080135e+01,2.080833e+01,2.085715e+01,2.086412e+01,2.081530e+01,2.087806e+01,2.090594e+01,2.090594e+01,2.089200e+01,2.089200e+01,2.088503e+01,2.097560e+01,2.096167e+01,2.101042e+01,2.109392e+01,2.098256e+01,2.094077e+01,2.096864e+01,2.096167e+01,2.094774e+01,2.091987e+01,2.101738e+01,2.093381e+01,2.082925e+01,2.082228e+01,2.095471e+01,2.091291e+01,2.101042e+01,2.092684e+01,2.073855e+01,2.085017e+01,2.087109e+01,2.098256e+01,2.105218e+01,2.088503e+01,2.103826e+01,2.107305e+01,2.101738e+01,2.111479e+01,2.098953e+01,2.112869e+01,2.099649e+01,2.112869e+01,2.120515e+01,2.114955e+01,2.122600e+01,2.112174e+01,2.110783e+01,2.108001e+01,2.110783e+01,2.108696e+01,2.111479e+01,2.112869e+01,2.110783e+01,2.122600e+01,2.123294e+01,2.117041e+01,2.115650e+01,2.116345e+01,2.114955e+01,2.119820e+01,2.118431e+01,2.115650e+01,2.120515e+01,2.121905e+01,2.128156e+01,2.126072e+01,2.130238e+01,2.126767e+01,2.125378e+01,2.123989e+01,2.123294e+01,2.117041e+01,2.142032e+01,2.127461e+01,2.128156e+01,2.130932e+01,2.124683e+01,2.131626e+01,2.125378e+01,2.135790e+01,2.126072e+01,2.118431e+01,2.113565e+01,2.126072e+01,2.123294e+01,2.126072e+01,2.115650e+01,2.117041e+01,2.126767e+01,2.111479e+01,2.115650e+01,2.112869e+01,2.110088e+01,2.105914e+01,2.100345e+01,2.101042e+01,2.102434e+01,2.101042e+01,2.108696e+01,2.108001e+01,2.113565e+01,2.116345e+01,2.105914e+01,2.112174e+01,2.108001e+01,2.109392e+01,2.109392e+01,2.121905e+01,2.098953e+01,2.108696e+01,2.108696e+01,2.103826e+01,2.098953e+01,2.109392e+01,2.112869e+01,2.118431e+01,2.112869e+01,2.113565e+01,2.113565e+01,2.108696e+01,2.106609e+01,2.108001e+01,2.103826e+01,2.108696e+01,2.112869e+01,2.111479e+01,2.112869e+01,2.114955e+01,2.126072e+01,2.117041e+01,2.133014e+01,2.133708e+01,2.136484e+01,2.139258e+01,2.148270e+01,2.155890e+01,2.157274e+01,2.157967e+01,2.182167e+01,2.155197e+01,2.163503e+01,2.171111e+01,2.180095e+01,2.166962e+01,2.171802e+01,2.157274e+01,2.170420e+01,2.196660e+01,2.183548e+01,2.191831e+01,2.195280e+01,2.220081e+01,2.223520e+01,2.244821e+01,2.284555e+01,2.283188e+01,2.292757e+01,2.305730e+01,2.328904e+01,2.355421e+01,2.373062e+01,2.399467e+01,2.412307e+01,2.430526e+01,2.460148e+01,2.458803e+01,2.496387e+01,2.502415e+01,2.506431e+01,2.527159e+01,2.537841e+01,2.539843e+01,2.541844e+01,2.540510e+01,2.539843e+01,2.545179e+01,2.538509e+01,2.526491e+01,2.494377e+01,2.483651e+01,2.450732e+01,2.410281e+01,2.379839e+01,2.351346e+01,2.306412e+01,2.302318e+01,2.282504e+01,2.247566e+01,2.242762e+01,2.233146e+01,2.229022e+01,2.213886e+01,2.210443e+01,2.218016e+01,2.206999e+01,2.191831e+01,2.184929e+01,2.185620e+01,2.178713e+01,2.179404e+01,2.177332e+01,2.182167e+01,2.167654e+01,2.166270e+01,2.158659e+01,2.160043e+01,2.156582e+01,2.144112e+01,2.155197e+01,2.147577e+01,2.149656e+01,2.152427e+01,2.146884e+01,2.147577e+01,2.139258e+01,2.153119e+01,2.139258e+01,2.148963e+01,2.148270e+01,2.153812e+01,2.153119e+01,2.152427e+01,2.151042e+01,2.160043e+01,2.160735e+01,2.161427e+01,2.144805e+01,2.155890e+01,2.157967e+01,2.148963e+01,2.149656e+01,2.147577e+01,2.162811e+01,2.147577e+01,2.158659e+01,2.164887e+01,2.151042e+01,2.157967e+01,2.161427e+01,2.171802e+01,2.174567e+01,2.173876e+01,2.173876e+01,2.181476e+01,2.182167e+01,2.191141e+01,2.182167e+01,2.198729e+01,2.190451e+01,2.196660e+01,2.193211e+01,2.193901e+01,2.206310e+01,2.208377e+01,2.194591e+01,2.191141e+01,2.196660e+01,2.202865e+01,2.201486e+01,2.206999e+01,2.211132e+01,2.212509e+01,2.184239e+01,2.231771e+01,2.198039e+01,2.216640e+01,2.213198e+01,2.227647e+01,2.212509e+01,2.209755e+01,2.221457e+01,2.207688e+01,2.226959e+01,2.231771e+01,2.229022e+01,2.224896e+01,2.226271e+01,2.222145e+01,2.223520e+01,2.222145e+01,2.222833e+01,2.239328e+01,2.226271e+01,2.215263e+01,2.231771e+01,2.227647e+01,2.222145e+01,2.213886e+01,2.221457e+01,2.219393e+01,2.218016e+01,2.230396e+01,2.231771e+01,2.222833e+01,2.219393e+01,2.226959e+01,2.222145e+01,2.226271e+01,2.221457e+01,2.226959e+01,2.216640e+01,2.231771e+01,2.230396e+01,2.229709e+01,2.222833e+01,2.222833e+01,2.222145e+01,2.225584e+01,2.225584e+01,2.229709e+01,2.229709e+01,2.218705e+01
2.239328e+01,2.214575e+01,2.220769e+01,2.218016e+01,2.204243e+01,2.211821e+01,2.222145e+01,2.212509e+01,2.224896e+01,2.210443e+01,2.208377e+01,2.209066e+01,2.207688e+01,2.212509e+01,2.216640e+01,2.213198e+01,2.208377e+01,2.209755e+01,2.209066e+01,2.209755e+01,2.211132e+01,2.217328e+01,2.217328e+01,2.217328e+01,2.215263e+01,2.215952e+01,2.215263e+01,2.212509e+01,2.209755e+01,2.194591e+01,2.204243e+01,2.199418e+01,2.209755e+01,2.211132e+01,2.211132e+01,2.201486e+01,2.209066e+01,2.209755e+01,2.211132e+01,2.203554e+01,2.213886e+01,2.211132e+01,2.214575e+01,2.214575e+01,2.211132e+01,2.207688e+01,2.223520e+01,2.220081e+01,2.220769e+01,2.221457e+01,2.222145e+01,2.218016e+01,2.218705e+01,2.226271e+01,2.224896e+01,2.233146e+01,2.224896e+01,2.236581e+01,2.242075e+01,2.231084e+01,2.226959e+01,2.226959e+01,2.233146e+01,2.236581e+01,2.233146e+01,2.236581e+01,2.229709e+01,2.231084e+01,2.231084e+01,2.237955e+01,2.233146e+01,2.235894e+01,2.235894e+01,2.231771e+01,2.235894e+01,2.225584e+01,2.239328e+01,2.240702e+01,2.239328e+01,2.236581e+01,2.240702e+01,2.235207e+01,2.241389e+01,2.240015e+01,2.235207e+01,2.235207e+01,2.237955e+01,2.240015e+01,2.235207e+01,2.242762e+01,2.244135e+01,2.233833e+01,2.231771e+01,2.231771e+01,2.237955e+01,2.226959e+01,2.234520e+01,2.237268e+01,2.229709e+01,2.225584e+01,2.235207e+01,2.240702e+01,2.233146e+01,2.231084e+01,2.226959e+01,2.225584e+01,2.231771e+01,2.235894e+01,2.239328e+01,2.236581e+01,2.232458e+01,2.237955e+01,2.243448e+01,2.239328e+01,2.236581e+01,2.243448e+01,2.235207e+01,2.244821e+01,2.240015e+01,2.242075e+01,2.242762e+01,2.241389e+01,2.246194e+01,2.242762e+01,2.233146e+01,2.228334e+01,2.226271e+01,2.234520e+01,2.226271e+01,2.222145e+01,2.223520e+01,2.224896e+01,2.226959e+01,2.230396e+01,2.222833e+01,2.220081e+01,2.222833e+01,2.220081e+01,2.209066e+01,2.221457e+01,2.233146e+01,2.223520e+01,2.229709e+01,2.222145e+01,2.216640e+01,2.216640e+01,2.215263e+01,2.215952e+01,2.221457e+01,2.226959e+01,2.219393e+01,2.202865e+01,2.212509e+01,2.214575e+01,2.211821e+01,2.209755e+01,2.210443e+01,2.207688e+01,2.220769e+01,2.206999e+01,2.215952e+01,2.222145e+01,2.202865e+01,2.193901e+01,2.202176e+01,2.199418e+01,2.201486e+01,2.200107e+01,2.198039e+01,2.188381e+01,2.189761e+01,2.186310e+01,2.193901e+01,2.192521e+01,2.187000e+01,2.195970e+01,2.194591e+01,2.196660e+01,2.199418e+01,2.202176e+01,2.194591e+01,2.224896e+01,2.227647e+01,2.246880e+01,2.277032e+01,2.304365e+01,2.337070e+01,2.366281e+01,2.410956e+01,2.448713e+01,2.486333e+01,2.525155e+01,2.553844e+01,2.561837e+01,2.566496e+01,2.548513e+01,2.537174e+01,2.507770e+01,2.436592e+01,2.351346e+01,2.233146e+01,2.204932e+01,2.189761e+01,2.155197e+01,2.143419e+01,2.130932e+01,2.124683e+01,2.127461e+01,2.126767e+01,2.126072e+01,2.125378e+01,2.121905e+01,2.118431e+01,2.121210e+01,2.116345e+01,2.126767e+01,2.127461e+01,2.123294e+01,2.126767e+01,2.122600e+01,2.122600e+01,2.128850e+01,2.123989e+01,2.117041e+01,2.117041e+01,2.117736e+01,2.115650e+01,2.114260e+01,2.114955e+01,2.110783e+01,2.111479e+01,2.123989e+01,2.113565e+01,2.114955e+01,2.109392e+01,2.108696e+01,2.108696e+01,2.104522e+01,2.113565e+01,2.114955e+01,2.114260e+01,2.101738e+01,2.109392e+01,2.105914e+01,2.104522e+01,2.116345e+01,2.109392e+01,2.103826e+01,2.114260e+01,2.099649e+01,2.099649e+01,2.101042e+01,2.096167e+01,2.101738e+01,2.107305e+01,2.096167e+01,2.101738e+01,2.100345e+01,2.098256e+01,2.095471e+01,2.096864e+01,2.094077e+01,2.096167e+01,2.092684e+01,2.108696e+01,2.096864e+01,2.114260e+01,2.095471e+01,2.094774e+01,2.103130e+01,2.091987e+01,2.101738e+01,2.097560e+01,2.084320e+01,2.092684e+01,2.091987e+01,2.094077e+01,2.096864e+01,2.103130e+01,2.102434e+01,2.117041e+01,2.102434e+01,2.105914e+01,2.106609e+01,2.114260e+01,2.101738e+01,2.108696e+01,2.102434e+01,2.112174e+01,2.113565e+01,2.116345e+01,2.112174e+01,2.115650e+01,2.106609e+01,2.119126e+01,2.112174e+01,2.116345e+01,2.116345e+01,2.104522e+01,2.123294e+01,2.110783e+01,2.113565e+01,2.101042e+01,2.099649e+01,2.104522e+01,2.103826e+01,2.102434e+01,2.103130e+01,2.097560e+01,2.096864e+01,2.099649e+01,2.103130e+01,2.096864e+01,2.094077e+01,2.102434e+01,2.111479e+01,2.095471e+01,2.096167e+01,2.098256e+01,2.096167e+01,2.091987e+01,2.097560e+01,2.098256e+01,2.094077e+01,2.101042e+01,2.094774e+01,2.096167e+01,2.094077e+01,2.091987e+01,2.077344e+01,2.088503e+01,2.088503e+01,2.096864e+01,2.090594e+01,2.103130e+01,2.091987e+01,2.096167e+01,2.101738e+01,2.093381e+01,2.096864e+01,2.100345e+01,2.106609e+01,2.101042e+01,2.106609e+01,2.112174e+01,2.098256e+01,2.092684e+01,2.094077e+01,2.101042e+01,2.091291e+01,2.103130e+01,2.096167e+01,2.087109e+01,2.087806e+01,2.097560e+01,2.088503e+01,2.098256e+01,2.096167e+01,2.090594e+01,2.090594e+01,2.104522e+01,2.107305e+01,2.108001e+01,2.090594e+01,2.101738e+01,2.110783e+01,2.114955e+01,2.107305e+01,2.127461e+01,2.110088e+01,2.097560e+01,2.120515e+01,2.110088e+01,2.101042e+01,2.105218e+01,2.126767e+01,2.119126e+01,2.123294e+01,2.120515e+01,2.112174e+01,2.119820e+01,2.122600e+01,2.130238e+01,2.122600e+01,2.119126e+01,2.120515e+01,2.124683e+01,2.119820e+01,2.120515e+01,2.119126e+01,2.126072e+01,2.121905e+01,2.124683e+01,2.125378e+01,2.124683e+01,2.129544e+01,2.126767e+01,2.119820e+01,2.128156e+01,2.128850e+01,2.125378e+01,2.126072e+01,2.124683e+01,2.119126e+01,2.132320e+01,2.137871e+01,2.131626e+01,2.121210e+01,2.119820e+01,2.133014e+01,2.128156e+01,2.123989e+01,2.117736e+01,2.117041e+01,2.116345e+01,2.110783e+01,2.106609e+01,2.112869e+01,2.102434e+01,2.114955e+01,2.102434e+01,2.101738e+01,2.097560e+01,2.104522e+01,2.108696e+01,2.111479e+01,2.107305e+01,2.110783e+01,2.121905e+01,2.121210e+01,2.110088e+01,2.107305e+01,2.111479e+01,2.104522e+01,2.106609e+01,2.105218e+01,2.108001e+01,2.101042e+01,2.099649e+01,2.102434e+01,2.103826e+01,2.112174e+01,2.114955e+01,2.116345e+01,2.114955e+01,2.136484e+01,2.123294e+01,2.109392e+01,2.106609e+01,2.103826e+01,2.111479e+01,2.113565e+01,2.124683e+01,2.103130e+01,2.118431e+01,2.114955e+01,2.123294e+01,2.119820e+01,2.135790e+01,2.128850e+01,2.142032e+01,2.148270e+01,2.127461e+01,2.150349e+01,2.157967e+01,2.164195e+01,2.154505e+01,2.171111e+01,2.155197e+01,2.164195e+01,2.162119e+01,2.171802e+01,2.166962e+01,2.175258e+01,2.199418e+01,2.194591e+01,2.193901e+01,2.222145e+01,2.220769e+01,2.243448e+01,2.245507e+01,2.283188e+01,2.293440e+01,2.296173e+01,2.327542e+01,2.343191e+01,2.340471e+01,2.381194e+01,2.394057e+01,2.417034e+01,2.434570e+01,2.461492e+01,2.456786e+01,2.480967e+01,2.502415e+01,2.514460e+01,2.516466e+01,2.525155e+01,2.538509e+01,2.543179e+01,2.541177e+01,2.546513e+01,2.539176e+01,2.529831e+01,2.521146e+01,2.534504e+01,2.495717e+01,2.472241e+01,2.429177e+01,2.404200e+01,2.378484e+01,2.349988e+01,2.318686e+01,2.299587e+01,2.285923e+01,2.265392e+01,2.254426e+01,2.225584e+01,2.218016e+01,2.233833e+01,2.208377e+01,2.215263e+01,2.214575e+01,2.197349e+01,2.183548e+01,2.193211e+01,2.178713e+01,2.179404e+01,2.178713e+01,2.174567e+01,2.173876e+01,2.158659e+01,2.156582e+01,2.166270e+01,2.160043e+01,2.159351e+01,2.149656e+01,2.146191e+01,2.148270e+01,2.148270e+01,2.148270e+01,2.144805e+01,2.146884e+01,2.139258e+01,2.145498e+01,2.145498e+01,2.151042e+01,2.157274e+01,2.142725e+01,2.158659e+01,2.151042e+01,2.155197e+01,2.157274e+01,2.151734e+01,2.155890e+01,2.163503e+01,2.147577e+01,2.151042e+01,2.165579e+01,2.159351e+01,2.151734e+01,2.148963e+01,2.146884e+01,2.160043e+01,2.162811e+01,2.169728e+01,2.172494e+01,2.168345e+01,2.174567e+01,2.188381e+01,2.182858e+01,2.185620e+01,2.198039e+01,2.186310e+01,2.187691e+01,2.196660e+01,2.198039e+01,2.206999e+01,2.191141e+01,2.208377e+01,2.206310e+01,2.208377e+01,2.206310e+01,2.194591e+01,2.200797e+01,2.204932e+01,2.204932e+01,2.211821e+01,2.209066e+01,2.211132e+01,2.214575e+01,2.218705e+01,2.201486e+01,2.224208e+01,2.224208e+01,2.229022e+01,2.229022e+01,2.228334e+01,2.231084e+01,2.228334e+01,2.227647e+01,2.220769e+01,2.233146e+01,2.231084e+01,2.227647e+01,2.232458e+01,2.225584e+01,2.222833e+01,2.224896e+01,2.226959e+01,2.225584e+01,2.214575e+01,2.219393e+01,2.222833e+01,2.219393e+01,2.226271e+01,2.220081e+01,2.215952e+01,2.222145e+01,2.222145e+01,2.219393e+01,2.224208e+01,2.221457e+01,2.217328e+01,2.225584e+01,2.226959e+01,2.235894e+01,2.230396e+01,2.223520e+01,2.218016e+01,2.218705e+01,2.233833e+01,2.216640e+01,2.233146e+01,2.211821e+01,2.229709e+01,2.220081e+01,2.233833e+01,2.220081e+01,2.240015e+01
2.232458e+01,2.214575e+01,2.202865e+01,2.216640e+01,2.218705e+01,2.219393e+01,2.217328e+01,2.209755e+01,2.206310e+01,2.209066e+01,2.214575e+01,2.209066e+01,2.206999e+01,2.217328e+01,2.222145e+01,2.216640e+01,2.219393e+01,2.213886e+01,2.214575e+01,2.220769e+01,2.215263e+01,2.194591e+01,2.219393e+01,2.217328e+01,2.216640e+01,2.213198e+01,2.200107e+01,2.210443e+01,2.200797e+01,2.200107e+01,2.208377e+01,2.215263e+01,2.203554e+01,2.215263e+01,2.210443e+01,2.209066e+01,2.206310e+01,2.206999e+01,2.189071e+01,2.209066e+01,2.210443e+01,2.205621e+01,2.220081e+01,2.211132e+01,2.210443e+01,2.206310e+01,2.215263e+01,2.221457e+01,2.218016e+01,2.220769e+01,2.206310e+01,2.220081e+01,2.223520e+01,2.226959e+01,2.226271e+01,2.232458e+01,2.234520e+01,2.220081e+01,2.233146e+01,2.220081e+01,2.221457e+01,2.219393e+01,2.231084e+01,2.222833e+01,2.229709e+01,2.233146e+01,2.229709e+01,2.237268e+01,2.241389e+01,2.233146e+01,2.248939e+01,2.235894e+01,2.236581e+01,2.235207e+01,2.233146e+01,2.225584e+01,2.242075e+01,2.228334e+01,2.234520e+01,2.235894e+01,2.245507e+01,2.233146e+01,2.238642e+01,2.237955e+01,2.238642e+01,2.237268e+01,2.235894e+01,2.238642e+01,2.240015e+01,2.238642e+01,2.235207e+01,2.233146e+01,2.233146e+01,2.231771e+01,2.241389e+01,2.226959e+01,2.237268e+01,2.237268e+01,2.236581e+01,2.231084e+01,2.224896e+01,2.229022e+01,2.234520e+01,2.240015e+01,2.229709e+01,2.226959e+01,2.224208e+01,2.225584e+01,2.240702e+01,2.233833e+01,2.236581e+01,2.235207e+01,2.235207e+01,2.244821e+01,2.235894e+01,2.238642e+01,2.237955e+01,2.236581e+01,2.240015e+01,2.241389e+01,2.242762e+01,2.238642e+01,2.245507e+01,2.223520e+01,2.222833e+01,2.229022e+01,2.224896e+01,2.227647e+01,2.225584e+01,2.220769e+01,2.230396e+01,2.220081e+01,2.224208e+01,2.224208e+01,2.223520e+01,2.222145e+01,2.222145e+01,2.221457e+01,2.226271e+01,2.224896e+01,2.223520e+01,2.216640e+01,2.218016e+01,2.220081e+01,2.220081e+01,2.214575e+01,2.219393e+01,2.218705e+01,2.219393e+01,2.218016e+01,2.231771e+01,2.213198e+01,2.204932e+01,2.197349e+01,2.215952e+01,2.211132e+01,2.213886e+01,2.209755e+01,2.209066e+01,2.211821e+01,2.199418e+01,2.205621e+01,2.202865e+01,2.203554e+01,2.202865e+01,2.206310e+01,2.198729e+01,2.218705e+01,2.197349e+01,2.197349e+01,2.199418e+01,2.193211e+01,2.197349e+01,2.190451e+01,2.183548e+01,2.189071e+01,2.193901e+01,2.200107e+01,2.200107e+01,2.192521e+01,2.202176e+01,2.218016e+01,2.226271e+01,2.231084e+01,2.262652e+01,2.303000e+01,2.362889e+01,2.366959e+01,2.410956e+01,2.453423e+01,2.486333e+01,2.525155e+01,2.547179e+01,2.556509e+01,2.564500e+01,2.553178e+01,2.529163e+01,2.505762e+01,2.460820e+01,2.377129e+01,2.258540e+01,2.195970e+01,2.180095e+01,2.152427e+01,2.141339e+01,2.122600e+01,2.118431e+01,2.120515e+01,2.121210e+01,2.126767e+01,2.132320e+01,2.119126e+01,2.119820e+01,2.120515e+01,2.117041e+01,2.117041e+01,2.125378e+01,2.127461e+01,2.118431e+01,2.123294e+01,2.125378e+01,2.128850e+01,2.116345e+01,2.117041e+01,2.117041e+01,2.118431e+01,2.119126e+01,2.117041e+01,2.108696e+01,2.108696e+01,2.109392e+01,2.118431e+01,2.114955e+01,2.110088e+01,2.113565e+01,2.114955e+01,2.107305e+01,2.113565e+01,2.117736e+01,2.103826e+01,2.102434e+01,2.097560e+01,2.101042e+01,2.100345e+01,2.108001e+01,2.092684e+01,2.098953e+01,2.100345e+01,2.094077e+01,2.098953e+01,2.092684e+01,2.091987e+01,2.100345e+01,2.105218e+01,2.094077e+01,2.092684e+01,2.091291e+01,2.098953e+01,2.083623e+01,2.089200e+01,2.091291e+01,2.090594e+01,2.094077e+01,2.097560e+01,2.095471e+01,2.091291e+01,2.112869e+01,2.091987e+01,2.091987e+01,2.096167e+01,2.096864e+01,2.091987e+01,2.089200e+01,2.101042e+01,2.092684e+01,2.098256e+01,2.094077e+01,2.091987e+01,2.096167e+01,2.094774e+01,2.102434e+01,2.103130e+01,2.109392e+01,2.101738e+01,2.103826e+01,2.109392e+01,2.104522e+01,2.110783e+01,2.117041e+01,2.117041e+01,2.113565e+01,2.116345e+01,2.104522e+01,2.127461e+01,2.108001e+01,2.118431e+01,2.118431e+01,2.120515e+01,2.128156e+01,2.112174e+01,2.103826e+01,2.118431e+01,2.119126e+01,2.101042e+01,2.115650e+01,2.112174e+01,2.111479e+01,2.108001e+01,2.112174e+01,2.105218e+01,2.098256e+01,2.102434e+01,2.098953e+01,2.105218e+01,2.104522e+01,2.109392e+01,2.097560e+01,2.099649e+01,2.098256e+01,2.095471e+01,2.104522e+01,2.103826e+01,2.102434e+01,2.096864e+01,2.106609e+01,2.096864e+01,2.101042e+01,2.098256e+01,2.096864e+01,2.094774e+01,2.101738e+01,2.108696e+01,2.109392e+01,2.095471e+01,2.107305e+01,2.105914e+01,2.094077e+01,2.091291e+01,2.094774e+01,2.105218e+01,2.101738e+01,2.094077e+01,2.097560e+01,2.103826e+01,2.097560e+01,2.098953e+01,2.101042e+01,2.104522e+01,2.101042e+01,2.090594e+01,2.103130e+01,2.085017e+01,2.094774e+01,2.105218e+01,2.100345e+01,2.087109e+01,2.089200e+01,2.093381e+01,2.101042e+01,2.097560e+01,2.103826e+01,2.089897e+01,2.105218e+01,2.105914e+01,2.108001e+01,2.111479e+01,2.112174e+01,2.112869e+01,2.110088e+01,2.098953e+01,2.114955e+01,2.120515e+01,2.112869e+01,2.120515e+01,2.108696e+01,2.123294e+01,2.120515e+01,2.120515e+01,2.121905e+01,2.099649e+01,2.123294e+01,2.127461e+01,2.113565e+01,2.120515e+01,2.114955e+01,2.115650e+01,2.128156e+01,2.123294e+01,2.124683e+01,2.116345e+01,2.119820e+01,2.119126e+01,2.121210e+01,2.125378e+01,2.125378e+01,2.119126e+01,2.131626e+01,2.120515e+01,2.124683e+01,2.123989e+01,2.121905e+01,2.120515e+01,2.123989e+01,2.126767e+01,2.125378e+01,2.135096e+01,2.117736e+01,2.122600e+01,2.128850e+01,2.141339e+01,2.124683e+01,2.128850e+01,2.119820e+01,2.108001e+01,2.114955e+01,2.112869e+01,2.106609e+01,2.112174e+01,2.104522e+01,2.098256e+01,2.098953e+01,2.101738e+01,2.109392e+01,2.108001e+01,2.108696e+01,2.098953e+01,2.118431e+01,2.116345e+01,2.117736e+01,2.110783e+01,2.108696e+01,2.110088e+01,2.105914e+01,2.105218e+01,2.103130e+01,2.108001e+01,2.105218e+01,2.104522e+01,2.107305e+01,2.101738e+01,2.104522e+01,2.114955e+01,2.114260e+01,2.112869e+01,2.114955e+01,2.112869e+01,2.115650e+01,2.108001e+01,2.103130e+01,2.103826e+01,2.114955e+01,2.113565e+01,2.114955e+01,2.112174e+01,2.128156e+01,2.114260e+01,2.121210e+01,2.116345e+01,2.142032e+01,2.134402e+01,2.134402e+01,2.139258e+01,2.154505e+01,2.161427e+01,2.152427e+01,2.155197e+01,2.162811e+01,2.157967e+01,2.160043e+01,2.162119e+01,2.172494e+01,2.168345e+01,2.180095e+01,2.173185e+01,2.176641e+01,2.191141e+01,2.198039e+01,2.223520e+01,2.242762e+01,2.281820e+01,2.287290e+01,2.289341e+01,2.316642e+01,2.346590e+01,2.345910e+01,2.369672e+01,2.387966e+01,2.421083e+01,2.425131e+01,2.440634e+01,2.454095e+01,2.466868e+01,2.489686e+01,2.487674e+01,2.517803e+01,2.519140e+01,2.516466e+01,2.528495e+01,2.537174e+01,2.541177e+01,2.550513e+01,2.540510e+01,2.527159e+01,2.517803e+01,2.519809e+01,2.499736e+01,2.478283e+01,2.474256e+01,2.429177e+01,2.429177e+01,2.377807e+01,2.343191e+01,2.327542e+01,2.291391e+01,2.285239e+01,2.256483e+01,2.250311e+01,2.226271e+01,2.226271e+01,2.214575e+01,2.217328e+01,2.209066e+01,2.208377e+01,2.196660e+01,2.187000e+01,2.182167e+01,2.180095e+01,2.182167e+01,2.179404e+01,2.174567e+01,2.175258e+01,2.158659e+01,2.161427e+01,2.154505e+01,2.151042e+01,2.156582e+01,2.148270e+01,2.147577e+01,2.146884e+01,2.148270e+01,2.140645e+01,2.151734e+01,2.146191e+01,2.139258e+01,2.140645e+01,2.147577e+01,2.152427e+01,2.146884e+01,2.151734e+01,2.160043e+01,2.147577e+01,2.153119e+01,2.152427e+01,2.146191e+01,2.151734e+01,2.147577e+01,2.145498e+01,2.151042e+01,2.151042e+01,2.152427e+01,2.156582e+01,2.154505e+01,2.166962e+01,2.160043e+01,2.160043e+01,2.153812e+01,2.157967e+01,2.175258e+01,2.173876e+01,2.177332e+01,2.178713e+01,2.182167e+01,2.180095e+01,2.186310e+01,2.186310e+01,2.182858e+01,2.187691e+01,2.186310e+01,2.195280e+01,2.204243e+01,2.195970e+01,2.205621e+01,2.202865e+01,2.200107e+01,2.202176e+01,2.205621e+01,2.206999e+01,2.205621e+01,2.221457e+01,2.214575e+01,2.190451e+01,2.205621e+01,2.223520e+01,2.221457e+01,2.216640e+01,2.226271e+01,2.222145e+01,2.212509e+01,2.211821e+01,2.228334e+01,2.231771e+01,2.229022e+01,2.221457e+01,2.229022e+01,2.233146e+01,2.226959e+01,2.227647e+01,2.226271e+01,2.228334e+01,2.224896e+01,2.222833e+01,2.226271e+01,2.226271e+01,2.223520e+01,2.232458e+01,2.215263e+01,2.222145e+01,2.220769e+01,2.221457e+01,2.218705e+01,2.218016e+01,2.234520e+01,2.240015e+01,2.222145e+01,2.231771e+01,2.218705e+01,2.231084e+01,2.219393e+01,2.227647e+01,2.206310e+01,2.218016e+01,2.237268e+01,2.222833e+01,2.231771e+01,2.226959e+01,2.228334e+01,2.218016e+01,2.224896e+01,2.220769e+01,2.224896e+01
2.223520e+01,2.220081e+01,2.224208e+01,2.220081e+01,2.224896e+01,2.224208e+01,2.225584e+01,2.213886e+01,2.206310e+01,2.226271e+01,2.225584e+01,2.221457e+01,2.218016e+01,2.222145e+01,2.215952e+01,2.227647e+01,2.214575e+01,2.224896e+01,2.216640e+01,2.217328e+01,2.223520e+01,2.225584e+01,2.211132e+01,2.213886e+01,2.220081e+01,2.218016e+01,2.213198e+01,2.205621e+01,2.219393e+01,2.209066e+01,2.202865e+01,2.201486e+01,2.209755e+01,2.209066e+01,2.205621e+01,2.207688e+01,2.211821e+01,2.206999e+01,2.204243e+01,2.206999e+01,2.206310e+01,2.213886e+01,2.209066e+01,2.215952e+01,2.220081e+01,2.211821e+01,2.211821e+01,2.209066e+01,2.219393e+01,2.214575e+01,2.216640e+01,2.225584e+01,2.231084e+01,2.226959e+01,2.228334e+01,2.225584e+01,2.224208e+01,2.235894e+01,2.236581e+01,2.237955e+01,2.233146e+01,2.232458e+01,2.235894e+01,2.222145e+01,2.231771e+01,2.229022e+01,2.238642e+01,2.235207e+01,2.242075e+01,2.234520e+01,2.242762e+01,2.233146e+01,2.237268e+01,2.227647e+01,2.237268e+01,2.230396e+01,2.240702e+01,2.233833e+01,2.229022e+01,2.237268e+01,2.229709e+01,2.232458e+01,2.242762e+01,2.236581e+01,2.236581e+01,2.234520e+01,2.237955e+01,2.238642e+01,2.241389e+01,2.240015e+01,2.236581e+01,2.240702e+01,2.230396e+01,2.230396e+01,2.229022e+01,2.234520e+01,2.246194e+01,2.244821e+01,2.240015e+01,2.227647e+01,2.232458e+01,2.226959e+01,2.226271e+01,2.237268e+01,2.224896e+01,2.239328e+01,2.226271e+01,2.233833e+01,2.224208e+01,2.237268e+01,2.222833e+01,2.241389e+01,2.240702e+01,2.245507e+01,2.242075e+01,2.236581e+01,2.236581e+01,2.235207e+01,2.238642e+01,2.241389e+01,2.233833e+01,2.246880e+01,2.239328e+01,2.231084e+01,2.238642e+01,2.234520e+01,2.227647e+01,2.230396e+01,2.229022e+01,2.220081e+01,2.227647e+01,2.228334e+01,2.224896e+01,2.229022e+01,2.222145e+01,2.224208e+01,2.225584e+01,2.221457e+01,2.221457e+01,2.216640e+01,2.217328e+01,2.221457e+01,2.224896e+01,2.224208e+01,2.217328e+01,2.221457e+01,2.226959e+01,2.222833e+01,2.215263e+01,2.228334e+01,2.214575e+01,2.209755e+01,2.217328e+01,2.217328e+01,2.216640e+01,2.216640e+01,2.211821e+01,2.211132e+01,2.205621e+01,2.215263e+01,2.206310e+01,2.191831e+01,2.191141e+01,2.193211e+01,2.203554e+01,2.202176e+01,2.195970e+01,2.204243e+01,2.199418e+01,2.203554e+01,2.197349e+01,2.215952e+01,2.197349e+01,2.191141e+01,2.195280e+01,2.194591e+01,2.192521e+01,2.189761e+01,2.191831e+01,2.188381e+01,2.207688e+01,2.224896e+01,2.246880e+01,2.248939e+01,2.277716e+01,2.305730e+01,2.335029e+01,2.366959e+01,2.401496e+01,2.441981e+01,2.500406e+01,2.527159e+01,2.562503e+01,2.566496e+01,2.563168e+01,2.561171e+01,2.535839e+01,2.496387e+01,2.464853e+01,2.359495e+01,2.259225e+01,2.205621e+01,2.160043e+01,2.140645e+01,2.139952e+01,2.147577e+01,2.128156e+01,2.118431e+01,2.117736e+01,2.123294e+01,2.120515e+01,2.123989e+01,2.121210e+01,2.121905e+01,2.116345e+01,2.123989e+01,2.119820e+01,2.119820e+01,2.119820e+01,2.108696e+01,2.114260e+01,2.115650e+01,2.106609e+01,2.116345e+01,2.108696e+01,2.118431e+01,2.117041e+01,2.112174e+01,2.104522e+01,2.114955e+01,2.109392e+01,2.115650e+01,2.112174e+01,2.103130e+01,2.107305e+01,2.117736e+01,2.108696e+01,2.117041e+01,2.116345e+01,2.110088e+01,2.107305e+01,2.100345e+01,2.098953e+01,2.111479e+01,2.110783e+01,2.113565e+01,2.103826e+01,2.098953e+01,2.098953e+01,2.107305e+01,2.097560e+01,2.094774e+01,2.094077e+01,2.094774e+01,2.103826e+01,2.100345e+01,2.102434e+01,2.091987e+01,2.098953e+01,2.100345e+01,2.096864e+01,2.094077e+01,2.094077e+01,2.096167e+01,2.094774e+01,2.108696e+01,2.094774e+01,2.090594e+01,2.089897e+01,2.095471e+01,2.096167e+01,2.091987e+01,2.094774e+01,2.095471e+01,2.096167e+01,2.098256e+01,2.097560e+01,2.097560e+01,2.096167e+01,2.110088e+01,2.104522e+01,2.108001e+01,2.103130e+01,2.102434e+01,2.108696e+01,2.112174e+01,2.126072e+01,2.116345e+01,2.116345e+01,2.119126e+01,2.117041e+01,2.116345e+01,2.109392e+01,2.111479e+01,2.117041e+01,2.108696e+01,2.128156e+01,2.122600e+01,2.128850e+01,2.116345e+01,2.121905e+01,2.108696e+01,2.124683e+01,2.129544e+01,2.112869e+01,2.111479e+01,2.114260e+01,2.112174e+01,2.108696e+01,2.106609e+01,2.110783e+01,2.112174e+01,2.104522e+01,2.098256e+01,2.109392e+01,2.110088e+01,2.112869e+01,2.103130e+01,2.114955e+01,2.103826e+01,2.110088e+01,2.108001e+01,2.105218e+01,2.106609e+01,2.098256e+01,2.108696e+01,2.103130e+01,2.110088e+01,2.107305e+01,2.100345e+01,2.101042e+01,2.110783e+01,2.097560e+01,2.108696e+01,2.102434e+01,2.108001e+01,2.106609e+01,2.091987e+01,2.103130e+01,2.110088e+01,2.110088e+01,2.105218e+01,2.107305e+01,2.105914e+01,2.112869e+01,2.109392e+01,2.103130e+01,2.108001e+01,2.109392e+01,2.098953e+01,2.106609e+01,2.100345e+01,2.108696e+01,2.088503e+01,2.096864e+01,2.103826e+01,2.103826e+01,2.100345e+01,2.096864e+01,2.098953e+01,2.108696e+01,2.093381e+01,2.108001e+01,2.108001e+01,2.098256e+01,2.109392e+01,2.102434e+01,2.122600e+01,2.112174e+01,2.114955e+01,2.117041e+01,2.117041e+01,2.112174e+01,2.114260e+01,2.109392e+01,2.127461e+01,2.126072e+01,2.117736e+01,2.107305e+01,2.124683e+01,2.121905e+01,2.117736e+01,2.108001e+01,2.123989e+01,2.126072e+01,2.123294e+01,2.128156e+01,2.128156e+01,2.135096e+01,2.128156e+01,2.119126e+01,2.126767e+01,2.124683e+01,2.129544e+01,2.128156e+01,2.130932e+01,2.128156e+01,2.127461e+01,2.130932e+01,2.121905e+01,2.128850e+01,2.124683e+01,2.128156e+01,2.127461e+01,2.129544e+01,2.128156e+01,2.120515e+01,2.127461e+01,2.119126e+01,2.133708e+01,2.122600e+01,2.122600e+01,2.115650e+01,2.115650e+01,2.118431e+01,2.113565e+01,2.115650e+01,2.112869e+01,2.111479e+01,2.112869e+01,2.098953e+01,2.112869e+01,2.101042e+01,2.109392e+01,2.101738e+01,2.113565e+01,2.106609e+01,2.114955e+01,2.121210e+01,2.108696e+01,2.109392e+01,2.113565e+01,2.106609e+01,2.109392e+01,2.105914e+01,2.105914e+01,2.110088e+01,2.105914e+01,2.103130e+01,2.113565e+01,2.114955e+01,2.115650e+01,2.109392e+01,2.123294e+01,2.123294e+01,2.125378e+01,2.108696e+01,2.109392e+01,2.109392e+01,2.109392e+01,2.109392e+01,2.114260e+01,2.117041e+01,2.123294e+01,2.117736e+01,2.117041e+01,2.123294e+01,2.137177e+01,2.151734e+01,2.135096e+01,2.133708e+01,2.146191e+01,2.155197e+01,2.148270e+01,2.160735e+01,2.162119e+01,2.153119e+01,2.154505e+01,2.156582e+01,2.161427e+01,2.172494e+01,2.175949e+01,2.160735e+01,2.171111e+01,2.198729e+01,2.215263e+01,2.229709e+01,2.242762e+01,2.277032e+01,2.281136e+01,2.294123e+01,2.315278e+01,2.349308e+01,2.373062e+01,2.374418e+01,2.394057e+01,2.423782e+01,2.425131e+01,2.453423e+01,2.464180e+01,2.491026e+01,2.488345e+01,2.503084e+01,2.509108e+01,2.518472e+01,2.515129e+01,2.533837e+01,2.521146e+01,2.520477e+01,2.536507e+01,2.539176e+01,2.533837e+01,2.536507e+01,2.533169e+01,2.531834e+01,2.499736e+01,2.497727e+01,2.470898e+01,2.439960e+01,2.408930e+01,2.373062e+01,2.353384e+01,2.312551e+01,2.283872e+01,2.296173e+01,2.258540e+01,2.255112e+01,2.222145e+01,2.226271e+01,2.216640e+01,2.214575e+01,2.210443e+01,2.206999e+01,2.198039e+01,2.197349e+01,2.185620e+01,2.177332e+01,2.175258e+01,2.179404e+01,2.166962e+01,2.169728e+01,2.174567e+01,2.160735e+01,2.160043e+01,2.161427e+01,2.156582e+01,2.156582e+01,2.146191e+01,2.144805e+01,2.151734e+01,2.152427e+01,2.148963e+01,2.149656e+01,2.147577e+01,2.144805e+01,2.151734e+01,2.152427e+01,2.144112e+01,2.145498e+01,2.151734e+01,2.156582e+01,2.146884e+01,2.150349e+01,2.153812e+01,2.148270e+01,2.148963e+01,2.160043e+01,2.148963e+01,2.148270e+01,2.144112e+01,2.154505e+01,2.151042e+01,2.159351e+01,2.166270e+01,2.168345e+01,2.171111e+01,2.172494e+01,2.164887e+01,2.178713e+01,2.183548e+01,2.182167e+01,2.189761e+01,2.186310e+01,2.184929e+01,2.187000e+01,2.187691e+01,2.203554e+01,2.202176e+01,2.198039e+01,2.202865e+01,2.193211e+01,2.195280e+01,2.180786e+01,2.202176e+01,2.213198e+01,2.208377e+01,2.214575e+01,2.211821e+01,2.219393e+01,2.230396e+01,2.215263e+01,2.202176e+01,2.221457e+01,2.224896e+01,2.214575e+01,2.229022e+01,2.213198e+01,2.224896e+01,2.233833e+01,2.221457e+01,2.235894e+01,2.213886e+01,2.238642e+01,2.226271e+01,2.227647e+01,2.228334e+01,2.233146e+01,2.226271e+01,2.222145e+01,2.217328e+01,2.224896e+01,2.218705e+01,2.225584e+01,2.220769e+01,2.221457e+01,2.233833e+01,2.218705e+01,2.221457e+01,2.224896e+01,2.224896e+01,2.222833e+01,2.226959e+01,2.237955e+01,2.222833e+01,2.235894e+01,2.229022e+01,2.231771e+01,2.224208e+01,2.226959e+01,2.229022e+01,2.220081e+01,2.231084e+01,2.224208e+01,2.224208e+01,2.231771e+01,2.222833e+01,2.226959e+01,2.248252e+01,2.226271e+01,2.222145e+01
2.227647e+01,2.220769e+01,2.224208e+01,2.205621e+01,2.206310e+01,2.220769e+01,2.242075e+01,2.220769e+01,2.221457e+01,2.217328e+01,2.217328e+01,2.221457e+01,2.214575e+01,2.211132e+01,2.215263e+01,2.226959e+01,2.224208e+01,2.217328e+01,2.215952e+01,2.208377e+01,2.215263e+01,2.211132e+01,2.216640e+01,2.218705e+01,2.226271e+01,2.222833e+01,2.218705e+01,2.218016e+01,2.213886e+01,2.207688e+01,2.224208e+01,2.206999e+01,2.218705e+01,2.215263e+01,2.216640e+01,2.207688e+01,2.210443e+01,2.207688e+01,2.208377e+01,2.213198e+01,2.212509e+01,2.217328e+01,2.210443e+01,2.211132e+01,2.220081e+01,2.209066e+01,2.220769e+01,2.226271e+01,2.222833e+01,2.219393e+01,2.218705e+01,2.218016e+01,2.218705e+01,2.229022e+01,2.226959e+01,2.224896e+01,2.224896e+01,2.222145e+01,2.222145e+01,2.220769e+01,2.230396e+01,2.229022e+01,2.223520e+01,2.224896e+01,2.237268e+01,2.238642e+01,2.234520e+01,2.230396e+01,2.234520e+01,2.242075e+01,2.231084e+01,2.237955e+01,2.236581e+01,2.234520e+01,2.246194e+01,2.233146e+01,2.238642e+01,2.237955e+01,2.230396e+01,2.237955e+01,2.225584e+01,2.246194e+01,2.232458e+01,2.235207e+01,2.234520e+01,2.235207e+01,2.233146e+01,2.235894e+01,2.240702e+01,2.242762e+01,2.239328e+01,2.241389e+01,2.235207e+01,2.238642e+01,2.235894e+01,2.231084e+01,2.243448e+01,2.229709e+01,2.226959e+01,2.226959e+01,2.227647e+01,2.229709e+01,2.224896e+01,2.233146e+01,2.226959e+01,2.226271e+01,2.229022e+01,2.240702e+01,2.223520e+01,2.231771e+01,2.237268e+01,2.242762e+01,2.250311e+01,2.250311e+01,2.244821e+01,2.241389e+01,2.240015e+01,2.238642e+01,2.242075e+01,2.244821e+01,2.245507e+01,2.235207e+01,2.232458e+01,2.231084e+01,2.230396e+01,2.245507e+01,2.240015e+01,2.224208e+01,2.226959e+01,2.219393e+01,2.226959e+01,2.223520e+01,2.225584e+01,2.224896e+01,2.224208e+01,2.222833e+01,2.224896e+01,2.226959e+01,2.224208e+01,2.215952e+01,2.222833e+01,2.220081e+01,2.224896e+01,2.220769e+01,2.224896e+01,2.217328e+01,2.214575e+01,2.218016e+01,2.217328e+01,2.213198e+01,2.212509e+01,2.226271e+01,2.215952e+01,2.215952e+01,2.218016e+01,2.210443e+01,2.208377e+01,2.213198e+01,2.224208e+01,2.206310e+01,2.211132e+01,2.220081e+01,2.198729e+01,2.213198e+01,2.202865e+01,2.200797e+01,2.210443e+01,2.211132e+01,2.211132e+01,2.197349e+01,2.195970e+01,2.200107e+01,2.201486e+01,2.195280e+01,2.195280e+01,2.195280e+01,2.191831e+01,2.196660e+01,2.187000e+01,2.200797e+01,2.194591e+01,2.233146e+01,2.220081e+01,2.242762e+01,2.270871e+01,2.301635e+01,2.334349e+01,2.370350e+01,2.396086e+01,2.460820e+01,2.486333e+01,2.524487e+01,2.546513e+01,2.555843e+01,2.556509e+01,2.568493e+01,2.550513e+01,2.507770e+01,2.462836e+01,2.360853e+01,2.255798e+01,2.188381e+01,2.143419e+01,2.144805e+01,2.143419e+01,2.133014e+01,2.117041e+01,2.123989e+01,2.120515e+01,2.117736e+01,2.115650e+01,2.117041e+01,2.117736e+01,2.111479e+01,2.122600e+01,2.108001e+01,2.117736e+01,2.125378e+01,2.122600e+01,2.117041e+01,2.112869e+01,2.119820e+01,2.108001e+01,2.114955e+01,2.106609e+01,2.114955e+01,2.111479e+01,2.114260e+01,2.108696e+01,2.110088e+01,2.107305e+01,2.138565e+01,2.112869e+01,2.107305e+01,2.104522e+01,2.094077e+01,2.108696e+01,2.114260e+01,2.091987e+01,2.101738e+01,2.112174e+01,2.098256e+01,2.108001e+01,2.097560e+01,2.101738e+01,2.101042e+01,2.100345e+01,2.097560e+01,2.096167e+01,2.089897e+01,2.096167e+01,2.097560e+01,2.105914e+01,2.100345e+01,2.098256e+01,2.095471e+01,2.087109e+01,2.098953e+01,2.096864e+01,2.102434e+01,2.096864e+01,2.088503e+01,2.093381e+01,2.094077e+01,2.097560e+01,2.100345e+01,2.098256e+01,2.097560e+01,2.093381e+01,2.089897e+01,2.098256e+01,2.086412e+01,2.094077e+01,2.100345e+01,2.095471e+01,2.101738e+01,2.086412e+01,2.088503e+01,2.097560e+01,2.098953e+01,2.109392e+01,2.101738e+01,2.103826e+01,2.104522e+01,2.104522e+01,2.111479e+01,2.120515e+01,2.122600e+01,2.114260e+01,2.126072e+01,2.124683e+01,2.114260e+01,2.125378e+01,2.105914e+01,2.119126e+01,2.121210e+01,2.125378e+01,2.117736e+01,2.120515e+01,2.130932e+01,2.144805e+01,2.121210e+01,2.119820e+01,2.119126e+01,2.120515e+01,2.114260e+01,2.125378e+01,2.110783e+01,2.107305e+01,2.114260e+01,2.108696e+01,2.111479e+01,2.108696e+01,2.103130e+01,2.110783e+01,2.113565e+01,2.112174e+01,2.114955e+01,2.113565e+01,2.109392e+01,2.120515e+01,2.108696e+01,2.105218e+01,2.102434e+01,2.114955e+01,2.115650e+01,2.107305e+01,2.113565e+01,2.105914e+01,2.101738e+01,2.108001e+01,2.105218e+01,2.096167e+01,2.107305e+01,2.103130e+01,2.105914e+01,2.114260e+01,2.109392e+01,2.108001e+01,2.097560e+01,2.104522e+01,2.104522e+01,2.103826e+01,2.115650e+01,2.109392e+01,2.095471e+01,2.105914e+01,2.103826e+01,2.096864e+01,2.104522e+01,2.104522e+01,2.099649e+01,2.100345e+01,2.102434e+01,2.096864e+01,2.115650e+01,2.101738e+01,2.101738e+01,2.099649e+01,2.101738e+01,2.105218e+01,2.112174e+01,2.115650e+01,2.110783e+01,2.108001e+01,2.109392e+01,2.110088e+01,2.116345e+01,2.119126e+01,2.117736e+01,2.112869e+01,2.110088e+01,2.115650e+01,2.113565e+01,2.116345e+01,2.128156e+01,2.125378e+01,2.113565e+01,2.122600e+01,2.112174e+01,2.109392e+01,2.129544e+01,2.115650e+01,2.119126e+01,2.117736e+01,2.128156e+01,2.129544e+01,2.130238e+01,2.119820e+01,2.128850e+01,2.118431e+01,2.126767e+01,2.123989e+01,2.121210e+01,2.132320e+01,2.130238e+01,2.128156e+01,2.134402e+01,2.119820e+01,2.124683e+01,2.119820e+01,2.120515e+01,2.125378e+01,2.117736e+01,2.133014e+01,2.126072e+01,2.134402e+01,2.117041e+01,2.121905e+01,2.124683e+01,2.119820e+01,2.125378e+01,2.107305e+01,2.110088e+01,2.119820e+01,2.114955e+01,2.114260e+01,2.104522e+01,2.108696e+01,2.112869e+01,2.122600e+01,2.112869e+01,2.103826e+01,2.110088e+01,2.119126e+01,2.110783e+01,2.109392e+01,2.098256e+01,2.108001e+01,2.108001e+01,2.119820e+01,2.104522e+01,2.102434e+01,2.101738e+01,2.104522e+01,2.103826e+01,2.103826e+01,2.112174e+01,2.109392e+01,2.110088e+01,2.105218e+01,2.106609e+01,2.114260e+01,2.117736e+01,2.119820e+01,2.128850e+01,2.106609e+01,2.107305e+01,2.108001e+01,2.102434e+01,2.106609e+01,2.112174e+01,2.110783e+01,2.117736e+01,2.117041e+01,2.130932e+01,2.129544e+01,2.128156e+01,2.131626e+01,2.142725e+01,2.140645e+01,2.146191e+01,2.145498e+01,2.151734e+01,2.154505e+01,2.163503e+01,2.164195e+01,2.154505e+01,2.171111e+01,2.157274e+01,2.167654e+01,2.172494e+01,2.175949e+01,2.193901e+01,2.210443e+01,2.232458e+01,2.242762e+01,2.261967e+01,2.283188e+01,2.283872e+01,2.316642e+01,2.345910e+01,2.368994e+01,2.390673e+01,2.399467e+01,2.426480e+01,2.435244e+01,2.458803e+01,2.484321e+01,2.490356e+01,2.495047e+01,2.491697e+01,2.517135e+01,2.515797e+01,2.525823e+01,2.520477e+01,2.523819e+01,2.528495e+01,2.527159e+01,2.527827e+01,2.531166e+01,2.537174e+01,2.529163e+01,2.525155e+01,2.521146e+01,2.499736e+01,2.473584e+01,2.471570e+01,2.429852e+01,2.401496e+01,2.364924e+01,2.327542e+01,2.311869e+01,2.295490e+01,2.268132e+01,2.256483e+01,2.242762e+01,2.226959e+01,2.220769e+01,2.229709e+01,2.215952e+01,2.211132e+01,2.211821e+01,2.198729e+01,2.191831e+01,2.195970e+01,2.173876e+01,2.172494e+01,2.174567e+01,2.184929e+01,2.175949e+01,2.162119e+01,2.159351e+01,2.164887e+01,2.159351e+01,2.147577e+01,2.158659e+01,2.148963e+01,2.146191e+01,2.146191e+01,2.150349e+01,2.138565e+01,2.146191e+01,2.145498e+01,2.139952e+01,2.144805e+01,2.144112e+01,2.147577e+01,2.148270e+01,2.152427e+01,2.151734e+01,2.145498e+01,2.156582e+01,2.147577e+01,2.149656e+01,2.159351e+01,2.142725e+01,2.150349e+01,2.151042e+01,2.158659e+01,2.161427e+01,2.175949e+01,2.175258e+01,2.155890e+01,2.151734e+01,2.165579e+01,2.166962e+01,2.166962e+01,2.180095e+01,2.181476e+01,2.181476e+01,2.186310e+01,2.185620e+01,2.180095e+01,2.198039e+01,2.191141e+01,2.189071e+01,2.193901e+01,2.195280e+01,2.201486e+01,2.191831e+01,2.205621e+01,2.206310e+01,2.211132e+01,2.206999e+01,2.209066e+01,2.215952e+01,2.215952e+01,2.213198e+01,2.215952e+01,2.213198e+01,2.219393e+01,2.228334e+01,2.207688e+01,2.222145e+01,2.220081e+01,2.224208e+01,2.231084e+01,2.231771e+01,2.236581e+01,2.234520e+01,2.222145e+01,2.220769e+01,2.226271e+01,2.213198e+01,2.215263e+01,2.220769e+01,2.222833e+01,2.235207e+01,2.227647e+01,2.226959e+01,2.215263e+01,2.222833e+01,2.220081e+01,2.213886e+01,2.224896e+01,2.219393e+01,2.235207e+01,2.222145e+01,2.220769e+01,2.222145e+01,2.230396e+01,2.235207e+01,2.218705e+01,2.222145e+01,2.231771e+01,2.220769e+01,2.214575e+01,2.224896e+01,2.226271e+01,2.218016e+01,2.225584e+01,2.220769e+01,2.231084e+01,2.235207e+01,2.228334e+01,2.227647e+01,2.224896e+01,2.244135e+01,2.221457e+01
2.226959e+01,2.217328e+01,2.222145e+01,2.224896e+01,2.222145e+01,2.219393e+01,2.224208e+01,2.222145e+01,2.225584e+01,2.224208e+01,2.222145e+01,2.226959e+01,2.223520e+01,2.231771e+01,2.224896e+01,2.227647e+01,2.220769e+01,2.235207e+01,2.224896e+01,2.245507e+01,2.217328e+01,2.213886e+01,2.216640e+01,2.215263e+01,2.218016e+01,2.228334e+01,2.213886e+01,2.229022e+01,2.221457e+01,2.221457e+01,2.222833e+01,2.207688e+01,2.205621e+01,2.213198e+01,2.203554e+01,2.205621e+01,2.202176e+01,2.208377e+01,2.204243e+01,2.216640e+01,2.209755e+01,2.206999e+01,2.212509e+01,2.206310e+01,2.209066e+01,2.227647e+01,2.206999e+01,2.215263e+01,2.219393e+01,2.222145e+01,2.220081e+01,2.218016e+01,2.219393e+01,2.215952e+01,2.226271e+01,2.229709e+01,2.223520e+01,2.222833e+01,2.221457e+01,2.222833e+01,2.229022e+01,2.229709e+01,2.224896e+01,2.225584e+01,2.229709e+01,2.236581e+01,2.231084e+01,2.237955e+01,2.232458e+01,2.237955e+01,2.242075e+01,2.236581e+01,2.233146e+01,2.231084e+01,2.242075e+01,2.231084e+01,2.236581e+01,2.235207e+01,2.239328e+01,2.237955e+01,2.238642e+01,2.234520e+01,2.234520e+01,2.235207e+01,2.231084e+01,2.240015e+01,2.243448e+01,2.230396e+01,2.240015e+01,2.237955e+01,2.242762e+01,2.237268e+01,2.234520e+01,2.239328e+01,2.234520e+01,2.239328e+01,2.229709e+01,2.231771e+01,2.240702e+01,2.233146e+01,2.237955e+01,2.235207e+01,2.220769e+01,2.234520e+01,2.232458e+01,2.230396e+01,2.229709e+01,2.222833e+01,2.221457e+01,2.233146e+01,2.231084e+01,2.231771e+01,2.232458e+01,2.244135e+01,2.233833e+01,2.240702e+01,2.237268e+01,2.238642e+01,2.236581e+01,2.234520e+01,2.235894e+01,2.233146e+01,2.235894e+01,2.237268e+01,2.237268e+01,2.224208e+01,2.231771e+01,2.237955e+01,2.217328e+01,2.219393e+01,2.230396e+01,2.230396e+01,2.227647e+01,2.226271e+01,2.217328e+01,2.221457e+01,2.218705e+01,2.230396e+01,2.226271e+01,2.217328e+01,2.220769e+01,2.222833e+01,2.218016e+01,2.220081e+01,2.222833e+01,2.220769e+01,2.226271e+01,2.222145e+01,2.218705e+01,2.213886e+01,2.211821e+01,2.213886e+01,2.212509e+01,2.215952e+01,2.215263e+01,2.210443e+01,2.211132e+01,2.210443e+01,2.209066e+01,2.212509e+01,2.202176e+01,2.200107e+01,2.202176e+01,2.208377e+01,2.213886e+01,2.200107e+01,2.213198e+01,2.202176e+01,2.203554e+01,2.195970e+01,2.194591e+01,2.198729e+01,2.204932e+01,2.200107e+01,2.198729e+01,2.193901e+01,2.189761e+01,2.200107e+01,2.209755e+01,2.211132e+01,2.212509e+01,2.219393e+01,2.238642e+01,2.253055e+01,2.280452e+01,2.301635e+01,2.333668e+01,2.370350e+01,2.397439e+01,2.456113e+01,2.504423e+01,2.541177e+01,2.549846e+01,2.563168e+01,2.569823e+01,2.569823e+01,2.524487e+01,2.501745e+01,2.486333e+01,2.389996e+01,2.262652e+01,2.189071e+01,2.170420e+01,2.146191e+01,2.134402e+01,2.128850e+01,2.126767e+01,2.116345e+01,2.122600e+01,2.116345e+01,2.110783e+01,2.109392e+01,2.109392e+01,2.113565e+01,2.117041e+01,2.107305e+01,2.110783e+01,2.117736e+01,2.100345e+01,2.112869e+01,2.111479e+01,2.105914e+01,2.124683e+01,2.103826e+01,2.111479e+01,2.114260e+01,2.099649e+01,2.101738e+01,2.094077e+01,2.107305e+01,2.107305e+01,2.112174e+01,2.115650e+01,2.102434e+01,2.104522e+01,2.099649e+01,2.103130e+01,2.108696e+01,2.115650e+01,2.110088e+01,2.103130e+01,2.104522e+01,2.107305e+01,2.096167e+01,2.109392e+01,2.096864e+01,2.101738e+01,2.097560e+01,2.101042e+01,2.094774e+01,2.096167e+01,2.100345e+01,2.098256e+01,2.103826e+01,2.102434e+01,2.098256e+01,2.090594e+01,2.089897e+01,2.082925e+01,2.089897e+01,2.095471e+01,2.094077e+01,2.094774e+01,2.095471e+01,2.095471e+01,2.096167e+01,2.097560e+01,2.100345e+01,2.091291e+01,2.095471e+01,2.089897e+01,2.089200e+01,2.091987e+01,2.093381e+01,2.091291e+01,2.090594e+01,2.084320e+01,2.096167e+01,2.091291e+01,2.098953e+01,2.098256e+01,2.103826e+01,2.101738e+01,2.102434e+01,2.103130e+01,2.122600e+01,2.108001e+01,2.114260e+01,2.113565e+01,2.111479e+01,2.122600e+01,2.117041e+01,2.123294e+01,2.114260e+01,2.125378e+01,2.114955e+01,2.123294e+01,2.122600e+01,2.126767e+01,2.121905e+01,2.123294e+01,2.119126e+01,2.115650e+01,2.127461e+01,2.111479e+01,2.110088e+01,2.114955e+01,2.112869e+01,2.112869e+01,2.111479e+01,2.115650e+01,2.117736e+01,2.114260e+01,2.105218e+01,2.116345e+01,2.117041e+01,2.112869e+01,2.118431e+01,2.133708e+01,2.097560e+01,2.123989e+01,2.117041e+01,2.112174e+01,2.119126e+01,2.112869e+01,2.117041e+01,2.109392e+01,2.108001e+01,2.111479e+01,2.107305e+01,2.106609e+01,2.103826e+01,2.105218e+01,2.108696e+01,2.107305e+01,2.097560e+01,2.105914e+01,2.105218e+01,2.109392e+01,2.105914e+01,2.105914e+01,2.103826e+01,2.106609e+01,2.106609e+01,2.114955e+01,2.109392e+01,2.115650e+01,2.096167e+01,2.098953e+01,2.110088e+01,2.105218e+01,2.108001e+01,2.094077e+01,2.111479e+01,2.108001e+01,2.098953e+01,2.103130e+01,2.107305e+01,2.111479e+01,2.098256e+01,2.086412e+01,2.110088e+01,2.096167e+01,2.111479e+01,2.104522e+01,2.113565e+01,2.112174e+01,2.111479e+01,2.113565e+01,2.114260e+01,2.119820e+01,2.121210e+01,2.117041e+01,2.117041e+01,2.125378e+01,2.123294e+01,2.121905e+01,2.124683e+01,2.122600e+01,2.114955e+01,2.130932e+01,2.128156e+01,2.118431e+01,2.127461e+01,2.119820e+01,2.130238e+01,2.124683e+01,2.133014e+01,2.136484e+01,2.132320e+01,2.118431e+01,2.133014e+01,2.121905e+01,2.129544e+01,2.129544e+01,2.127461e+01,2.119820e+01,2.128850e+01,2.130238e+01,2.130238e+01,2.128156e+01,2.119820e+01,2.123294e+01,2.132320e+01,2.133014e+01,2.124683e+01,2.128850e+01,2.123294e+01,2.125378e+01,2.123989e+01,2.126767e+01,2.122600e+01,2.121210e+01,2.123294e+01,2.118431e+01,2.111479e+01,2.111479e+01,2.110088e+01,2.102434e+01,2.099649e+01,2.092684e+01,2.098953e+01,2.112869e+01,2.104522e+01,2.108001e+01,2.101738e+01,2.105218e+01,2.108001e+01,2.098953e+01,2.116345e+01,2.112174e+01,2.107305e+01,2.105218e+01,2.100345e+01,2.082925e+01,2.100345e+01,2.106609e+01,2.101738e+01,2.107305e+01,2.104522e+01,2.109392e+01,2.105218e+01,2.117736e+01,2.122600e+01,2.112869e+01,2.119126e+01,2.119820e+01,2.094774e+01,2.105218e+01,2.110088e+01,2.112869e+01,2.105914e+01,2.114260e+01,2.115650e+01,2.115650e+01,2.132320e+01,2.135790e+01,2.142725e+01,2.133708e+01,2.136484e+01,2.146884e+01,2.153119e+01,2.155197e+01,2.157274e+01,2.157967e+01,2.162119e+01,2.164195e+01,2.161427e+01,2.178022e+01,2.167654e+01,2.177332e+01,2.180095e+01,2.196660e+01,2.200107e+01,2.204243e+01,2.220081e+01,2.244135e+01,2.244821e+01,2.272925e+01,2.315278e+01,2.349308e+01,2.359495e+01,2.379839e+01,2.428503e+01,2.433896e+01,2.465524e+01,2.474927e+01,2.480296e+01,2.497727e+01,2.496387e+01,2.503084e+01,2.507101e+01,2.526491e+01,2.520477e+01,2.529163e+01,2.521146e+01,2.534504e+01,2.528495e+01,2.531166e+01,2.529831e+01,2.539176e+01,2.517135e+01,2.530499e+01,2.525823e+01,2.501745e+01,2.499067e+01,2.491026e+01,2.474256e+01,2.434570e+01,2.398115e+01,2.360853e+01,2.345230e+01,2.308459e+01,2.274978e+01,2.271556e+01,2.251683e+01,2.240015e+01,2.215263e+01,2.211132e+01,2.213198e+01,2.208377e+01,2.219393e+01,2.199418e+01,2.209755e+01,2.202176e+01,2.181476e+01,2.182858e+01,2.180786e+01,2.189761e+01,2.169037e+01,2.171802e+01,2.167654e+01,2.162119e+01,2.160043e+01,2.159351e+01,2.159351e+01,2.150349e+01,2.146884e+01,2.144112e+01,2.139258e+01,2.143419e+01,2.137871e+01,2.142032e+01,2.147577e+01,2.151734e+01,2.147577e+01,2.140645e+01,2.146191e+01,2.171802e+01,2.148963e+01,2.147577e+01,2.155197e+01,2.150349e+01,2.152427e+01,2.135096e+01,2.137177e+01,2.148270e+01,2.140645e+01,2.157274e+01,2.152427e+01,2.162119e+01,2.160735e+01,2.169728e+01,2.165579e+01,2.160043e+01,2.167654e+01,2.168345e+01,2.153812e+01,2.175949e+01,2.166962e+01,2.178713e+01,2.177332e+01,2.187000e+01,2.185620e+01,2.181476e+01,2.188381e+01,2.190451e+01,2.195280e+01,2.208377e+01,2.204932e+01,2.201486e+01,2.201486e+01,2.209066e+01,2.209755e+01,2.217328e+01,2.208377e+01,2.211821e+01,2.226271e+01,2.220081e+01,2.222833e+01,2.213886e+01,2.218016e+01,2.216640e+01,2.220081e+01,2.231771e+01,2.220769e+01,2.230396e+01,2.228334e+01,2.241389e+01,2.223520e+01,2.223520e+01,2.222833e+01,2.225584e+01,2.221457e+01,2.222833e+01,2.227647e+01,2.233146e+01,2.226271e+01,2.211821e+01,2.219393e+01,2.217328e+01,2.220081e+01,2.225584e+01,2.224896e+01,2.211132e+01,2.216640e+01,2.222145e+01,2.215263e+01,2.220081e+01,2.222833e+01,2.232458e+01,2.233146e+01,2.228334e+01,2.233833e+01,2.231771e+01,2.220769e+01,2.229709e+01,2.214575e+01,2.224896e+01,2.227647e+01,2.216640e+01,2.225584e+01,2.219393e+01,2.216640e+01,2.227647e+01,2.223520e+01,2.215263e+01,2.227647e+01,2.222145e+01,2.224208e+01
2.224896e+01,2.227647e+01,2.220769e+01,2.226271e+01,2.226959e+01,2.209755e+01,2.223520e+01,2.222833e+01,2.224896e+01,2.222833e+01,2.214575e+01,2.231771e+01,2.229022e+01,2.230396e+01,2.230396e+01,2.228334e+01,2.218016e+01,2.225584e+01,2.224208e+01,2.204932e+01,2.210443e+01,2.224208e+01,2.224208e+01,2.220769e+01,2.209755e+01,2.222145e+01,2.219393e+01,2.207688e+01,2.211132e+01,2.206999e+01,2.202176e+01,2.202865e+01,2.203554e+01,2.213886e+01,2.213198e+01,2.205621e+01,2.203554e+01,2.206310e+01,2.204243e+01,2.202865e+01,2.198039e+01,2.206310e+01,2.213886e+01,2.208377e+01,2.206999e+01,2.210443e+01,2.220769e+01,2.217328e+01,2.224896e+01,2.220081e+01,2.220769e+01,2.221457e+01,2.220081e+01,2.218016e+01,2.234520e+01,2.211821e+01,2.234520e+01,2.220769e+01,2.220081e+01,2.220081e+01,2.225584e+01,2.222833e+01,2.222145e+01,2.233833e+01,2.232458e+01,2.219393e+01,2.223520e+01,2.235207e+01,2.233146e+01,2.238642e+01,2.234520e+01,2.241389e+01,2.235894e+01,2.235894e+01,2.231084e+01,2.236581e+01,2.233146e+01,2.240015e+01,2.213886e+01,2.230396e+01,2.236581e+01,2.230396e+01,2.233833e+01,2.231771e+01,2.233146e+01,2.242762e+01,2.233833e+01,2.240702e+01,2.233833e+01,2.226271e+01,2.243448e+01,2.240702e+01,2.238642e+01,2.207688e+01,2.235207e+01,2.229022e+01,2.218016e+01,2.232458e+01,2.227647e+01,2.227647e+01,2.222145e+01,2.222145e+01,2.220769e+01,2.227647e+01,2.230396e+01,2.226271e+01,2.224896e+01,2.230396e+01,2.227647e+01,2.229709e+01,2.237268e+01,2.226959e+01,2.229709e+01,2.244821e+01,2.245507e+01,2.238642e+01,2.244135e+01,2.233833e+01,2.233833e+01,2.221457e+01,2.236581e+01,2.226959e+01,2.235894e+01,2.228334e+01,2.212509e+01,2.225584e+01,2.237268e+01,2.217328e+01,2.231084e+01,2.213886e+01,2.218705e+01,2.229022e+01,2.220081e+01,2.218016e+01,2.215263e+01,2.220769e+01,2.224208e+01,2.223520e+01,2.222145e+01,2.216640e+01,2.221457e+01,2.223520e+01,2.222833e+01,2.226271e+01,2.219393e+01,2.215263e+01,2.216640e+01,2.213198e+01,2.223520e+01,2.225584e+01,2.218705e+01,2.216640e+01,2.213886e+01,2.215263e+01,2.220769e+01,2.215263e+01,2.213198e+01,2.206999e+01,2.211132e+01,2.203554e+01,2.205621e+01,2.193211e+01,2.197349e+01,2.215952e+01,2.189071e+01,2.211821e+01,2.200797e+01,2.200797e+01,2.208377e+01,2.197349e+01,2.192521e+01,2.202865e+01,2.191831e+01,2.189761e+01,2.190451e+01,2.193901e+01,2.193211e+01,2.204243e+01,2.197349e+01,2.194591e+01,2.199418e+01,2.209755e+01,2.220081e+01,2.245507e+01,2.270871e+01,2.306412e+01,2.326861e+01,2.369672e+01,2.406227e+01,2.454768e+01,2.490356e+01,2.509777e+01,2.549179e+01,2.569158e+01,2.575144e+01,2.566496e+01,2.549846e+01,2.514460e+01,2.492367e+01,2.425131e+01,2.301635e+01,2.202176e+01,2.169728e+01,2.141339e+01,2.132320e+01,2.132320e+01,2.112174e+01,2.118431e+01,2.112174e+01,2.099649e+01,2.111479e+01,2.105914e+01,2.112174e+01,2.103826e+01,2.107305e+01,2.098953e+01,2.104522e+01,2.099649e+01,2.099649e+01,2.102434e+01,2.115650e+01,2.108696e+01,2.108696e+01,2.105914e+01,2.102434e+01,2.106609e+01,2.101738e+01,2.102434e+01,2.090594e+01,2.090594e+01,2.110088e+01,2.098256e+01,2.097560e+01,2.092684e+01,2.105218e+01,2.098953e+01,2.095471e+01,2.108696e+01,2.101738e+01,2.098256e+01,2.101738e+01,2.103130e+01,2.103130e+01,2.097560e+01,2.106609e+01,2.098953e+01,2.091291e+01,2.098256e+01,2.097560e+01,2.105218e+01,2.089897e+01,2.096167e+01,2.089897e+01,2.092684e+01,2.100345e+01,2.088503e+01,2.091987e+01,2.090594e+01,2.080135e+01,2.097560e+01,2.098953e+01,2.098256e+01,2.095471e+01,2.096864e+01,2.096864e+01,2.095471e+01,2.099649e+01,2.098256e+01,2.091291e+01,2.084320e+01,2.096167e+01,2.093381e+01,2.091987e+01,2.092684e+01,2.098256e+01,2.094774e+01,2.086412e+01,2.096864e+01,2.096167e+01,2.101738e+01,2.094077e+01,2.109392e+01,2.103130e+01,2.108001e+01,2.105914e+01,2.117041e+01,2.114260e+01,2.114955e+01,2.106609e+01,2.119126e+01,2.115650e+01,2.110783e+01,2.111479e+01,2.127461e+01,2.117736e+01,2.124683e+01,2.130932e+01,2.127461e+01,2.123294e+01,2.125378e+01,2.117736e+01,2.114260e+01,2.118431e+01,2.110783e+01,2.119126e+01,2.112174e+01,2.114955e+01,2.115650e+01,2.112869e+01,2.117736e+01,2.103826e+01,2.115650e+01,2.112869e+01,2.119126e+01,2.115650e+01,2.112869e+01,2.115650e+01,2.123989e+01,2.115650e+01,2.121210e+01,2.132320e+01,2.124683e+01,2.116345e+01,2.110088e+01,2.112869e+01,2.117041e+01,2.121210e+01,2.108696e+01,2.108696e+01,2.105914e+01,2.096864e+01,2.094077e+01,2.103130e+01,2.105218e+01,2.106609e+01,2.106609e+01,2.105914e+01,2.105914e+01,2.099649e+01,2.112869e+01,2.102434e+01,2.107305e+01,2.117041e+01,2.117736e+01,2.096864e+01,2.112869e+01,2.101738e+01,2.113565e+01,2.110783e+01,2.096864e+01,2.111479e+01,2.100345e+01,2.099649e+01,2.109392e+01,2.102434e+01,2.109392e+01,2.113565e+01,2.098953e+01,2.101738e+01,2.102434e+01,2.100345e+01,2.100345e+01,2.110783e+01,2.112869e+01,2.110088e+01,2.118431e+01,2.115650e+01,2.123294e+01,2.125378e+01,2.114260e+01,2.123989e+01,2.114955e+01,2.109392e+01,2.125378e+01,2.128156e+01,2.128850e+01,2.130238e+01,2.121905e+01,2.122600e+01,2.112869e+01,2.126767e+01,2.126072e+01,2.130932e+01,2.123989e+01,2.121905e+01,2.124683e+01,2.125378e+01,2.126767e+01,2.135790e+01,2.117736e+01,2.132320e+01,2.120515e+01,2.126072e+01,2.124683e+01,2.120515e+01,2.125378e+01,2.124683e+01,2.126072e+01,2.127461e+01,2.129544e+01,2.124683e+01,2.126767e+01,2.125378e+01,2.119820e+01,2.130238e+01,2.123294e+01,2.126072e+01,2.133014e+01,2.126767e+01,2.121905e+01,2.123294e+01,2.121905e+01,2.121210e+01,2.110783e+01,2.112869e+01,2.117736e+01,2.102434e+01,2.110783e+01,2.110088e+01,2.096864e+01,2.098256e+01,2.108696e+01,2.117041e+01,2.101738e+01,2.110088e+01,2.110088e+01,2.110088e+01,2.108696e+01,2.098256e+01,2.108001e+01,2.099649e+01,2.099649e+01,2.095471e+01,2.103826e+01,2.101042e+01,2.102434e+01,2.099649e+01,2.116345e+01,2.108696e+01,2.108696e+01,2.114955e+01,2.107305e+01,2.113565e+01,2.121905e+01,2.116345e+01,2.115650e+01,2.106609e+01,2.114260e+01,2.102434e+01,2.101738e+01,2.118431e+01,2.097560e+01,2.110088e+01,2.114955e+01,2.128156e+01,2.115650e+01,2.132320e+01,2.129544e+01,2.134402e+01,2.148270e+01,2.146191e+01,2.144805e+01,2.148963e+01,2.152427e+01,2.165579e+01,2.161427e+01,2.171111e+01,2.169037e+01,2.161427e+01,2.172494e+01,2.177332e+01,2.182167e+01,2.193901e+01,2.194591e+01,2.214575e+01,2.245507e+01,2.250311e+01,2.262652e+01,2.299587e+01,2.320731e+01,2.351346e+01,2.380517e+01,2.419733e+01,2.423107e+01,2.456786e+01,2.474927e+01,2.489015e+01,2.489686e+01,2.504423e+01,2.524487e+01,2.520477e+01,2.531166e+01,2.521814e+01,2.527827e+01,2.528495e+01,2.539176e+01,2.537841e+01,2.532502e+01,2.531166e+01,2.528495e+01,2.527827e+01,2.525155e+01,2.517135e+01,2.518472e+01,2.506431e+01,2.488345e+01,2.477612e+01,2.457458e+01,2.425806e+01,2.385258e+01,2.339791e+01,2.315960e+01,2.303000e+01,2.272925e+01,2.277032e+01,2.250997e+01,2.221457e+01,2.224896e+01,2.215952e+01,2.209066e+01,2.212509e+01,2.202865e+01,2.209066e+01,2.194591e+01,2.190451e+01,2.196660e+01,2.176641e+01,2.175258e+01,2.170420e+01,2.173185e+01,2.170420e+01,2.166270e+01,2.169037e+01,2.166270e+01,2.145498e+01,2.159351e+01,2.144805e+01,2.146191e+01,2.142725e+01,2.139258e+01,2.137177e+01,2.142032e+01,2.137871e+01,2.153119e+01,2.139258e+01,2.142032e+01,2.142032e+01,2.145498e+01,2.149656e+01,2.173185e+01,2.149656e+01,2.153119e+01,2.148963e+01,2.149656e+01,2.145498e+01,2.146884e+01,2.142032e+01,2.141339e+01,2.157967e+01,2.143419e+01,2.145498e+01,2.150349e+01,2.151734e+01,2.151042e+01,2.161427e+01,2.153812e+01,2.175258e+01,2.155890e+01,2.176641e+01,2.179404e+01,2.166962e+01,2.170420e+01,2.167654e+01,2.180786e+01,2.178022e+01,2.184239e+01,2.190451e+01,2.202865e+01,2.184239e+01,2.204243e+01,2.202176e+01,2.211132e+01,2.205621e+01,2.203554e+01,2.209755e+01,2.204243e+01,2.213886e+01,2.220081e+01,2.224208e+01,2.214575e+01,2.211132e+01,2.200797e+01,2.223520e+01,2.234520e+01,2.224208e+01,2.222145e+01,2.225584e+01,2.217328e+01,2.232458e+01,2.231084e+01,2.226959e+01,2.224208e+01,2.228334e+01,2.222833e+01,2.224896e+01,2.231771e+01,2.227647e+01,2.224208e+01,2.224208e+01,2.232458e+01,2.220769e+01,2.223520e+01,2.220769e+01,2.224208e+01,2.226959e+01,2.215263e+01,2.216640e+01,2.229709e+01,2.231771e+01,2.222833e+01,2.219393e+01,2.236581e+01,2.224208e+01,2.218705e+01,2.217328e+01,2.221457e+01,2.216640e+01,2.227647e+01,2.218016e+01,2.221457e+01,2.215952e+01,2.224208e+01,2.216640e+01,2.214575e+01,2.218016e+01,2.233146e+01,2.218016e+01,2.218016e+01,2.224208e+01,2.219393e+01
2.235894e+01,2.224896e+01,2.228334e+01,2.229709e+01,2.229709e+01,2.227647e+01,2.224208e+01,2.224896e+01,2.224896e+01,2.220081e+01,2.225584e+01,2.220081e+01,2.230396e+01,2.232458e+01,2.229709e+01,2.222145e+01,2.225584e+01,2.225584e+01,2.226959e+01,2.218705e+01,2.224896e+01,2.226271e+01,2.229022e+01,2.219393e+01,2.222833e+01,2.222833e+01,2.234520e+01,2.219393e+01,2.217328e+01,2.222833e+01,2.206310e+01,2.206310e+01,2.213886e+01,2.212509e+01,2.211132e+01,2.191831e+01,2.208377e+01,2.198729e+01,2.211132e+01,2.213886e+01,2.209066e+01,2.200107e+01,2.217328e+01,2.219393e+01,2.209755e+01,2.214575e+01,2.209755e+01,2.217328e+01,2.218705e+01,2.214575e+01,2.213886e+01,2.226959e+01,2.222833e+01,2.231084e+01,2.238642e+01,2.215952e+01,2.231771e+01,2.231771e+01,2.233146e+01,2.212509e+01,2.231084e+01,2.220081e+01,2.221457e+01,2.234520e+01,2.227647e+01,2.236581e+01,2.236581e+01,2.233146e+01,2.231084e+01,2.230396e+01,2.233833e+01,2.242075e+01,2.254426e+01,2.242762e+01,2.232458e+01,2.233833e+01,2.237268e+01,2.240015e+01,2.237955e+01,2.238642e+01,2.238642e+01,2.242762e+01,2.237955e+01,2.237268e+01,2.243448e+01,2.234520e+01,2.231771e+01,2.231771e+01,2.241389e+01,2.237268e+01,2.244821e+01,2.241389e+01,2.242075e+01,2.238642e+01,2.240702e+01,2.233146e+01,2.228334e+01,2.232458e+01,2.232458e+01,2.225584e+01,2.226271e+01,2.227647e+01,2.230396e+01,2.234520e+01,2.235207e+01,2.222833e+01,2.226271e+01,2.224896e+01,2.230396e+01,2.222833e+01,2.222833e+01,2.235894e+01,2.231771e+01,2.231771e+01,2.228334e+01,2.229709e+01,2.237268e+01,2.237268e+01,2.237268e+01,2.241389e+01,2.235894e+01,2.220769e+01,2.241389e+01,2.230396e+01,2.216640e+01,2.217328e+01,2.224896e+01,2.237268e+01,2.231771e+01,2.216640e+01,2.222145e+01,2.218016e+01,2.226959e+01,2.227647e+01,2.221457e+01,2.210443e+01,2.224208e+01,2.224896e+01,2.225584e+01,2.213886e+01,2.226959e+01,2.230396e+01,2.226959e+01,2.226271e+01,2.222833e+01,2.229022e+01,2.222833e+01,2.220081e+01,2.211132e+01,2.224896e+01,2.218705e+01,2.218705e+01,2.215952e+01,2.207688e+01,2.208377e+01,2.213198e+01,2.206999e+01,2.208377e+01,2.204243e+01,2.205621e+01,2.214575e+01,2.206310e+01,2.205621e+01,2.207688e+01,2.199418e+01,2.209755e+01,2.208377e+01,2.212509e+01,2.210443e+01,2.205621e+01,2.196660e+01,2.206310e+01,2.199418e+01,2.202865e+01,2.189761e+01,2.189761e+01,2.191831e+01,2.195280e+01,2.196660e+01,2.204243e+01,2.204243e+01,2.218016e+01,2.235207e+01,2.242075e+01,2.282504e+01,2.309141e+01,2.334349e+01,2.366959e+01,2.394733e+01,2.457458e+01,2.505093e+01,2.541177e+01,2.561171e+01,2.570488e+01,2.583785e+01,2.585778e+01,2.564500e+01,2.556509e+01,2.515797e+01,2.476941e+01,2.400820e+01,2.264708e+01,2.191141e+01,2.150349e+01,2.140645e+01,2.130238e+01,2.128850e+01,2.116345e+01,2.118431e+01,2.117736e+01,2.108696e+01,2.113565e+01,2.108001e+01,2.103826e+01,2.109392e+01,2.103130e+01,2.091987e+01,2.106609e+01,2.106609e+01,2.101738e+01,2.112869e+01,2.108001e+01,2.101042e+01,2.094774e+01,2.102434e+01,2.096864e+01,2.105914e+01,2.097560e+01,2.094774e+01,2.105914e+01,2.101738e+01,2.097560e+01,2.099649e+01,2.091291e+01,2.107305e+01,2.099649e+01,2.101738e+01,2.097560e+01,2.099649e+01,2.089200e+01,2.114260e+01,2.105218e+01,2.096864e+01,2.096864e+01,2.096864e+01,2.105218e+01,2.098256e+01,2.093381e+01,2.094774e+01,2.095471e+01,2.091987e+01,2.103130e+01,2.101042e+01,2.093381e+01,2.083623e+01,2.097560e+01,2.100345e+01,2.096167e+01,2.071062e+01,2.090594e+01,2.100345e+01,2.089897e+01,2.095471e+01,2.087109e+01,2.095471e+01,2.097560e+01,2.103130e+01,2.098256e+01,2.095471e+01,2.092684e+01,2.089897e+01,2.089897e+01,2.091291e+01,2.073855e+01,2.089200e+01,2.095471e+01,2.089200e+01,2.092684e+01,2.101738e+01,2.100345e+01,2.096167e+01,2.113565e+01,2.107305e+01,2.110783e+01,2.107305e+01,2.100345e+01,2.114260e+01,2.117736e+01,2.116345e+01,2.114955e+01,2.114260e+01,2.117736e+01,2.123294e+01,2.126072e+01,2.130238e+01,2.111479e+01,2.103826e+01,2.118431e+01,2.126072e+01,2.124683e+01,2.112869e+01,2.120515e+01,2.116345e+01,2.111479e+01,2.121210e+01,2.117041e+01,2.112869e+01,2.127461e+01,2.116345e+01,2.120515e+01,2.117736e+01,2.115650e+01,2.112869e+01,2.122600e+01,2.119126e+01,2.125378e+01,2.125378e+01,2.129544e+01,2.132320e+01,2.131626e+01,2.129544e+01,2.113565e+01,2.128850e+01,2.119126e+01,2.118431e+01,2.119820e+01,2.119126e+01,2.115650e+01,2.101042e+01,2.111479e+01,2.107305e+01,2.101042e+01,2.103826e+01,2.103130e+01,2.100345e+01,2.102434e+01,2.098953e+01,2.109392e+01,2.103130e+01,2.115650e+01,2.114955e+01,2.118431e+01,2.113565e+01,2.120515e+01,2.114955e+01,2.118431e+01,2.112174e+01,2.112869e+01,2.103826e+01,2.099649e+01,2.110088e+01,2.102434e+01,2.113565e+01,2.119126e+01,2.114260e+01,2.119126e+01,2.112174e+01,2.103826e+01,2.115650e+01,2.117736e+01,2.112174e+01,2.104522e+01,2.123294e+01,2.108001e+01,2.103826e+01,2.112869e+01,2.114955e+01,2.113565e+01,2.125378e+01,2.128850e+01,2.128156e+01,2.117736e+01,2.127461e+01,2.133014e+01,2.126072e+01,2.123989e+01,2.121905e+01,2.121905e+01,2.128156e+01,2.128156e+01,2.128156e+01,2.126072e+01,2.121905e+01,2.128850e+01,2.128850e+01,2.121905e+01,2.124683e+01,2.131626e+01,2.132320e+01,2.128850e+01,2.119126e+01,2.133014e+01,2.123989e+01,2.126767e+01,2.140645e+01,2.128850e+01,2.131626e+01,2.135096e+01,2.134402e+01,2.127461e+01,2.121905e+01,2.121210e+01,2.131626e+01,2.119126e+01,2.126767e+01,2.119820e+01,2.126767e+01,2.126072e+01,2.121905e+01,2.121905e+01,2.125378e+01,2.110088e+01,2.108696e+01,2.112869e+01,2.112869e+01,2.109392e+01,2.105914e+01,2.114260e+01,2.114955e+01,2.106609e+01,2.106609e+01,2.109392e+01,2.109392e+01,2.117736e+01,2.111479e+01,2.106609e+01,2.119126e+01,2.103826e+01,2.106609e+01,2.104522e+01,2.102434e+01,2.105218e+01,2.112869e+01,2.110783e+01,2.097560e+01,2.089897e+01,2.095471e+01,2.100345e+01,2.096864e+01,2.110783e+01,2.105218e+01,2.127461e+01,2.122600e+01,2.120515e+01,2.116345e+01,2.106609e+01,2.111479e+01,2.101042e+01,2.096864e+01,2.099649e+01,2.109392e+01,2.103130e+01,2.117736e+01,2.123989e+01,2.118431e+01,2.121210e+01,2.135790e+01,2.148270e+01,2.139258e+01,2.144112e+01,2.151042e+01,2.154505e+01,2.157274e+01,2.162811e+01,2.175258e+01,2.170420e+01,2.175258e+01,2.178022e+01,2.178022e+01,2.177332e+01,2.200797e+01,2.193901e+01,2.213886e+01,2.217328e+01,2.250997e+01,2.261967e+01,2.284555e+01,2.296856e+01,2.338431e+01,2.364246e+01,2.402172e+01,2.417709e+01,2.439960e+01,2.460148e+01,2.475598e+01,2.479625e+01,2.491697e+01,2.501745e+01,2.523151e+01,2.523151e+01,2.527827e+01,2.527159e+01,2.529831e+01,2.537174e+01,2.536507e+01,2.537841e+01,2.545846e+01,2.534504e+01,2.538509e+01,2.539176e+01,2.530499e+01,2.529831e+01,2.529831e+01,2.519809e+01,2.504423e+01,2.499067e+01,2.484992e+01,2.460148e+01,2.423782e+01,2.394057e+01,2.360174e+01,2.335029e+01,2.296856e+01,2.280452e+01,2.272925e+01,2.252369e+01,2.248252e+01,2.215263e+01,2.227647e+01,2.226271e+01,2.206310e+01,2.223520e+01,2.205621e+01,2.211821e+01,2.192521e+01,2.193211e+01,2.178713e+01,2.178713e+01,2.176641e+01,2.184239e+01,2.178713e+01,2.171802e+01,2.167654e+01,2.177332e+01,2.157967e+01,2.151042e+01,2.132320e+01,2.150349e+01,2.136484e+01,2.144112e+01,2.140645e+01,2.139952e+01,2.147577e+01,2.136484e+01,2.144805e+01,2.142032e+01,2.139952e+01,2.146884e+01,2.146884e+01,2.148963e+01,2.149656e+01,2.152427e+01,2.149656e+01,2.152427e+01,2.152427e+01,2.148270e+01,2.147577e+01,2.153812e+01,2.161427e+01,2.151734e+01,2.151042e+01,2.156582e+01,2.154505e+01,2.175258e+01,2.157274e+01,2.152427e+01,2.159351e+01,2.172494e+01,2.172494e+01,2.174567e+01,2.168345e+01,2.171802e+01,2.173876e+01,2.191141e+01,2.193901e+01,2.193211e+01,2.194591e+01,2.181476e+01,2.187691e+01,2.191141e+01,2.195280e+01,2.198039e+01,2.206310e+01,2.198039e+01,2.211821e+01,2.206999e+01,2.203554e+01,2.229022e+01,2.226959e+01,2.216640e+01,2.213886e+01,2.220769e+01,2.223520e+01,2.200797e+01,2.222833e+01,2.222145e+01,2.225584e+01,2.230396e+01,2.228334e+01,2.237955e+01,2.220769e+01,2.222833e+01,2.235894e+01,2.231771e+01,2.235207e+01,2.227647e+01,2.233833e+01,2.231771e+01,2.209066e+01,2.233146e+01,2.222833e+01,2.222833e+01,2.226959e+01,2.224896e+01,2.207688e+01,2.222145e+01,2.216640e+01,2.232458e+01,2.226271e+01,2.223520e+01,2.229022e+01,2.223520e+01,2.216640e+01,2.227647e+01,2.231771e+01,2.227647e+01,2.225584e+01,2.229709e+01,2.215263e+01,2.229022e+01,2.219393e+01,2.215263e+01,2.209066e+01,2.214575e+01,2.221457e+01,2.216640e+01,2.234520e+01,2.234520e+01,2.220769e+01,2.219393e+01
2.224896e+01,2.231084e+01,2.233146e+01,2.227647e+01,2.226959e+01,2.222833e+01,2.238642e+01,2.226959e+01,2.228334e+01,2.229022e+01,2.236581e+01,2.220769e+01,2.222833e+01,2.229709e+01,2.229022e+01,2.220081e+01,2.224896e+01,2.235207e+01,2.242075e+01,2.213198e+01,2.214575e+01,2.210443e+01,2.231771e+01,2.223520e+01,2.209066e+01,2.220081e+01,2.218016e+01,2.214575e+01,2.216640e+01,2.217328e+01,2.213886e+01,2.213886e+01,2.206310e+01,2.212509e+01,2.214575e+01,2.210443e+01,2.212509e+01,2.202865e+01,2.197349e+01,2.211132e+01,2.198039e+01,2.218016e+01,2.237268e+01,2.212509e+01,2.216640e+01,2.210443e+01,2.211132e+01,2.215952e+01,2.226959e+01,2.218016e+01,2.224208e+01,2.227647e+01,2.218705e+01,2.219393e+01,2.218705e+01,2.227647e+01,2.220769e+01,2.226271e+01,2.240015e+01,2.224208e+01,2.228334e+01,2.224896e+01,2.228334e+01,2.229709e+01,2.231084e+01,2.232458e+01,2.229709e+01,2.242075e+01,2.232458e+01,2.243448e+01,2.233833e+01,2.237955e+01,2.237268e+01,2.232458e+01,2.240702e+01,2.233833e+01,2.235207e+01,2.241389e+01,2.241389e+01,2.241389e+01,2.238642e+01,2.231084e+01,2.240015e+01,2.227647e+01,2.230396e+01,2.235894e+01,2.238642e+01,2.240015e+01,2.231771e+01,2.240702e+01,2.242075e+01,2.237268e+01,2.227647e+01,2.225584e+01,2.224896e+01,2.235894e+01,2.235894e+01,2.220081e+01,2.213198e+01,2.231084e+01,2.226959e+01,2.229709e+01,2.217328e+01,2.224208e+01,2.235207e+01,2.221457e+01,2.240015e+01,2.219393e+01,2.225584e+01,2.231771e+01,2.242762e+01,2.227647e+01,2.238642e+01,2.236581e+01,2.234520e+01,2.239328e+01,2.232458e+01,2.213198e+01,2.232458e+01,2.229709e+01,2.233146e+01,2.220769e+01,2.223520e+01,2.218705e+01,2.229022e+01,2.215952e+01,2.218705e+01,2.219393e+01,2.233833e+01,2.213198e+01,2.222145e+01,2.220081e+01,2.220081e+01,2.222833e+01,2.221457e+01,2.220081e+01,2.229709e+01,2.226271e+01,2.226271e+01,2.227647e+01,2.224208e+01,2.220081e+01,2.229022e+01,2.223520e+01,2.213886e+01,2.229022e+01,2.221457e+01,2.224208e+01,2.212509e+01,2.215263e+01,2.224208e+01,2.209066e+01,2.213886e+01,2.203554e+01,2.210443e+01,2.210443e+01,2.208377e+01,2.207688e+01,2.206999e+01,2.204243e+01,2.211132e+01,2.204932e+01,2.214575e+01,2.205621e+01,2.202865e+01,2.209066e+01,2.207688e+01,2.203554e+01,2.214575e+01,2.210443e+01,2.198729e+01,2.198729e+01,2.199418e+01,2.189071e+01,2.199418e+01,2.187000e+01,2.189071e+01,2.197349e+01,2.200797e+01,2.205621e+01,2.219393e+01,2.224896e+01,2.237268e+01,2.229022e+01,2.290024e+01,2.294123e+01,2.330946e+01,2.359495e+01,2.406903e+01,2.457458e+01,2.484321e+01,2.531166e+01,2.551179e+01,2.565165e+01,2.571154e+01,2.583120e+01,2.583120e+01,2.562503e+01,2.540510e+01,2.514460e+01,2.469555e+01,2.364924e+01,2.248252e+01,2.189071e+01,2.136484e+01,2.130238e+01,2.126072e+01,2.121905e+01,2.121905e+01,2.112869e+01,2.116345e+01,2.103130e+01,2.105914e+01,2.107305e+01,2.103130e+01,2.099649e+01,2.096864e+01,2.094774e+01,2.102434e+01,2.090594e+01,2.096864e+01,2.096864e+01,2.119126e+01,2.105914e+01,2.101738e+01,2.105914e+01,2.098256e+01,2.098256e+01,2.101738e+01,2.098256e+01,2.101042e+01,2.096864e+01,2.089897e+01,2.096864e+01,2.103826e+01,2.099649e+01,2.093381e+01,2.091987e+01,2.090594e+01,2.103826e+01,2.101738e+01,2.096864e+01,2.090594e+01,2.096167e+01,2.096167e+01,2.098953e+01,2.099649e+01,2.102434e+01,2.095471e+01,2.089200e+01,2.092684e+01,2.092684e+01,2.087109e+01,2.098256e+01,2.084320e+01,2.089200e+01,2.085017e+01,2.083623e+01,2.075251e+01,2.086412e+01,2.101738e+01,2.087109e+01,2.087806e+01,2.089897e+01,2.100345e+01,2.094774e+01,2.103826e+01,2.087109e+01,2.091291e+01,2.088503e+01,2.089897e+01,2.085715e+01,2.088503e+01,2.094774e+01,2.089897e+01,2.085017e+01,2.095471e+01,2.091987e+01,2.095471e+01,2.098953e+01,2.105914e+01,2.096864e+01,2.101738e+01,2.106609e+01,2.116345e+01,2.117736e+01,2.113565e+01,2.119820e+01,2.113565e+01,2.116345e+01,2.107305e+01,2.114260e+01,2.113565e+01,2.118431e+01,2.119126e+01,2.123294e+01,2.121210e+01,2.116345e+01,2.114955e+01,2.117736e+01,2.119820e+01,2.115650e+01,2.112174e+01,2.110088e+01,2.110783e+01,2.113565e+01,2.117736e+01,2.117041e+01,2.117736e+01,2.117736e+01,2.117041e+01,2.129544e+01,2.117041e+01,2.117736e+01,2.121210e+01,2.120515e+01,2.116345e+01,2.142032e+01,2.133708e+01,2.143419e+01,2.135096e+01,2.133708e+01,2.119820e+01,2.121905e+01,2.121210e+01,2.118431e+01,2.119820e+01,2.122600e+01,2.116345e+01,2.112174e+01,2.108001e+01,2.102434e+01,2.097560e+01,2.103130e+01,2.104522e+01,2.101738e+01,2.097560e+01,2.101042e+01,2.110783e+01,2.113565e+01,2.112174e+01,2.114955e+01,2.117736e+01,2.119820e+01,2.119820e+01,2.122600e+01,2.114260e+01,2.110088e+01,2.104522e+01,2.114260e+01,2.111479e+01,2.109392e+01,2.122600e+01,2.118431e+01,2.117041e+01,2.111479e+01,2.112174e+01,2.124683e+01,2.126767e+01,2.124683e+01,2.109392e+01,2.114260e+01,2.118431e+01,2.111479e+01,2.121210e+01,2.112174e+01,2.117736e+01,2.121905e+01,2.125378e+01,2.126767e+01,2.112869e+01,2.127461e+01,2.129544e+01,2.125378e+01,2.126072e+01,2.132320e+01,2.128156e+01,2.123989e+01,2.123989e+01,2.130932e+01,2.123294e+01,2.121905e+01,2.119820e+01,2.126767e+01,2.128850e+01,2.122600e+01,2.123989e+01,2.122600e+01,2.121905e+01,2.123294e+01,2.130238e+01,2.130932e+01,2.131626e+01,2.126072e+01,2.131626e+01,2.127461e+01,2.125378e+01,2.128156e+01,2.132320e+01,2.128850e+01,2.126767e+01,2.125378e+01,2.122600e+01,2.126767e+01,2.125378e+01,2.119820e+01,2.128156e+01,2.131626e+01,2.131626e+01,2.128156e+01,2.111479e+01,2.113565e+01,2.112869e+01,2.120515e+01,2.110783e+01,2.120515e+01,2.111479e+01,2.117736e+01,2.112869e+01,2.108696e+01,2.101738e+01,2.117736e+01,2.105914e+01,2.114260e+01,2.105914e+01,2.114260e+01,2.109392e+01,2.100345e+01,2.108001e+01,2.107305e+01,2.104522e+01,2.105914e+01,2.109392e+01,2.103826e+01,2.094077e+01,2.094774e+01,2.096864e+01,2.110783e+01,2.104522e+01,2.099649e+01,2.110783e+01,2.107305e+01,2.123989e+01,2.123294e+01,2.119126e+01,2.104522e+01,2.100345e+01,2.098953e+01,2.118431e+01,2.105218e+01,2.104522e+01,2.106609e+01,2.111479e+01,2.121905e+01,2.128156e+01,2.123989e+01,2.132320e+01,2.138565e+01,2.137177e+01,2.139952e+01,2.146884e+01,2.163503e+01,2.157967e+01,2.166270e+01,2.171802e+01,2.171802e+01,2.176641e+01,2.184929e+01,2.182167e+01,2.186310e+01,2.218705e+01,2.240702e+01,2.246194e+01,2.250311e+01,2.285923e+01,2.298904e+01,2.337751e+01,2.353384e+01,2.379162e+01,2.404876e+01,2.414333e+01,2.453423e+01,2.459475e+01,2.477612e+01,2.487674e+01,2.503754e+01,2.511115e+01,2.520477e+01,2.527827e+01,2.531166e+01,2.533169e+01,2.527159e+01,2.533837e+01,2.533169e+01,2.534504e+01,2.541844e+01,2.539843e+01,2.536507e+01,2.523819e+01,2.547846e+01,2.531834e+01,2.529831e+01,2.517803e+01,2.521146e+01,2.498397e+01,2.487674e+01,2.477612e+01,2.439287e+01,2.393380e+01,2.387289e+01,2.339111e+01,2.332307e+01,2.296856e+01,2.283188e+01,2.268817e+01,2.246880e+01,2.240015e+01,2.216640e+01,2.209755e+01,2.215952e+01,2.222833e+01,2.200797e+01,2.213198e+01,2.191831e+01,2.179404e+01,2.178713e+01,2.189071e+01,2.174567e+01,2.188381e+01,2.171111e+01,2.173876e+01,2.169728e+01,2.167654e+01,2.153812e+01,2.148270e+01,2.143419e+01,2.155197e+01,2.157274e+01,2.137871e+01,2.135790e+01,2.148270e+01,2.150349e+01,2.139952e+01,2.137177e+01,2.142725e+01,2.140645e+01,2.149656e+01,2.148270e+01,2.148270e+01,2.150349e+01,2.148270e+01,2.139952e+01,2.149656e+01,2.150349e+01,2.149656e+01,2.154505e+01,2.160043e+01,2.139258e+01,2.153812e+01,2.159351e+01,2.146191e+01,2.153812e+01,2.153812e+01,2.162811e+01,2.155890e+01,2.160735e+01,2.171111e+01,2.179404e+01,2.173876e+01,2.171802e+01,2.178713e+01,2.178022e+01,2.176641e+01,2.171802e+01,2.182858e+01,2.191831e+01,2.191141e+01,2.182167e+01,2.193211e+01,2.191141e+01,2.193901e+01,2.200107e+01,2.187691e+01,2.205621e+01,2.203554e+01,2.206310e+01,2.217328e+01,2.225584e+01,2.209066e+01,2.220769e+01,2.221457e+01,2.215263e+01,2.223520e+01,2.216640e+01,2.221457e+01,2.224896e+01,2.222145e+01,2.226271e+01,2.205621e+01,2.235207e+01,2.233146e+01,2.237268e+01,2.235894e+01,2.233146e+01,2.218016e+01,2.222833e+01,2.227647e+01,2.238642e+01,2.209066e+01,2.226959e+01,2.225584e+01,2.223520e+01,2.224896e+01,2.229022e+01,2.225584e+01,2.225584e+01,2.218016e+01,2.227647e+01,2.224896e+01,2.230396e+01,2.227647e+01,2.222145e+01,2.217328e+01,2.229022e+01,2.231771e+01,2.231771e+01,2.215263e+01,2.232458e+01,2.225584e+01,2.227647e+01,2.224208e+01,2.215952e+01,2.201486e+01,2.215952e+01,2.215263e+01,2.219393e+01,2.224208e+01,2.217328e+01,2.218016e+01,2.216640e+01
2.226959e+01,2.234520e+01,2.229709e+01,2.230396e+01,2.235894e+01,2.235207e+01,2.225584e+01,2.240015e+01,2.232458e+01,2.233146e+01,2.235207e+01,2.233833e+01,2.226271e+01,2.234520e+01,2.233146e+01,2.236581e+01,2.230396e+01,2.230396e+01,2.217328e+01,2.217328e+01,2.212509e+01,2.222145e+01,2.218016e+01,2.220769e+01,2.220769e+01,2.218016e+01,2.215263e+01,2.211821e+01,2.210443e+01,2.217328e+01,2.206999e+01,2.215952e+01,2.214575e+01,2.211821e+01,2.207688e+01,2.210443e+01,2.213198e+01,2.209755e+01,2.198729e+01,2.213886e+01,2.213198e+01,2.218705e+01,2.209066e+01,2.224208e+01,2.219393e+01,2.211821e+01,2.211132e+01,2.224896e+01,2.216640e+01,2.218705e+01,2.226959e+01,2.229022e+01,2.224896e+01,2.224896e+01,2.227647e+01,2.225584e+01,2.226271e+01,2.239328e+01,2.232458e+01,2.231771e+01,2.229709e+01,2.233833e+01,2.225584e+01,2.231771e+01,2.231084e+01,2.240702e+01,2.231771e+01,2.237268e+01,2.229709e+01,2.245507e+01,2.241389e+01,2.235894e+01,2.238642e+01,2.235894e+01,2.240702e+01,2.235894e+01,2.235207e+01,2.235207e+01,2.237268e+01,2.240702e+01,2.232458e+01,2.237955e+01,2.233833e+01,2.234520e+01,2.226959e+01,2.237955e+01,2.232458e+01,2.235207e+01,2.233833e+01,2.243448e+01,2.235894e+01,2.229709e+01,2.233833e+01,2.233833e+01,2.224208e+01,2.233146e+01,2.226271e+01,2.241389e+01,2.234520e+01,2.235894e+01,2.228334e+01,2.215952e+01,2.231771e+01,2.229709e+01,2.203554e+01,2.232458e+01,2.224896e+01,2.233833e+01,2.220769e+01,2.219393e+01,2.226959e+01,2.228334e+01,2.242075e+01,2.226959e+01,2.233833e+01,2.239328e+01,2.236581e+01,2.214575e+01,2.232458e+01,2.228334e+01,2.231084e+01,2.217328e+01,2.223520e+01,2.214575e+01,2.219393e+01,2.227647e+01,2.227647e+01,2.226271e+01,2.234520e+01,2.226271e+01,2.218705e+01,2.220769e+01,2.220081e+01,2.220081e+01,2.217328e+01,2.226271e+01,2.226271e+01,2.218705e+01,2.223520e+01,2.218705e+01,2.222833e+01,2.226271e+01,2.224208e+01,2.220769e+01,2.220081e+01,2.224208e+01,2.228334e+01,2.222833e+01,2.217328e+01,2.215952e+01,2.213886e+01,2.222145e+01,2.212509e+01,2.215263e+01,2.207688e+01,2.222833e+01,2.210443e+01,2.206999e+01,2.206310e+01,2.206310e+01,2.206310e+01,2.216640e+01,2.209066e+01,2.204932e+01,2.207688e+01,2.211132e+01,2.211132e+01,2.200797e+01,2.199418e+01,2.207688e+01,2.205621e+01,2.206310e+01,2.198039e+01,2.193901e+01,2.203554e+01,2.188381e+01,2.193901e+01,2.193211e+01,2.207688e+01,2.210443e+01,2.202176e+01,2.227647e+01,2.239328e+01,2.257169e+01,2.260596e+01,2.313915e+01,2.322775e+01,2.365602e+01,2.394057e+01,2.456786e+01,2.484321e+01,2.529831e+01,2.566496e+01,2.587770e+01,2.589762e+01,2.585778e+01,2.586442e+01,2.567162e+01,2.573149e+01,2.534504e+01,2.515129e+01,2.460820e+01,2.368994e+01,2.220769e+01,2.165579e+01,2.145498e+01,2.129544e+01,2.117736e+01,2.120515e+01,2.109392e+01,2.102434e+01,2.103130e+01,2.108696e+01,2.102434e+01,2.110088e+01,2.105218e+01,2.105218e+01,2.104522e+01,2.096864e+01,2.098953e+01,2.098953e+01,2.094077e+01,2.112174e+01,2.098256e+01,2.103826e+01,2.099649e+01,2.104522e+01,2.094077e+01,2.101738e+01,2.096167e+01,2.101738e+01,2.092684e+01,2.088503e+01,2.091987e+01,2.094077e+01,2.088503e+01,2.102434e+01,2.101042e+01,2.098953e+01,2.097560e+01,2.094077e+01,2.095471e+01,2.089897e+01,2.095471e+01,2.095471e+01,2.089897e+01,2.102434e+01,2.094077e+01,2.091291e+01,2.090594e+01,2.091291e+01,2.087806e+01,2.091291e+01,2.091291e+01,2.088503e+01,2.085017e+01,2.087806e+01,2.079438e+01,2.093381e+01,2.086412e+01,2.083623e+01,2.083623e+01,2.091291e+01,2.090594e+01,2.091987e+01,2.094077e+01,2.092684e+01,2.087109e+01,2.082228e+01,2.083623e+01,2.092684e+01,2.088503e+01,2.095471e+01,2.096864e+01,2.085715e+01,2.095471e+01,2.096167e+01,2.089897e+01,2.101042e+01,2.094774e+01,2.101042e+01,2.096167e+01,2.095471e+01,2.103130e+01,2.114260e+01,2.116345e+01,2.111479e+01,2.114260e+01,2.107305e+01,2.115650e+01,2.123294e+01,2.119126e+01,2.097560e+01,2.119126e+01,2.121905e+01,2.117041e+01,2.118431e+01,2.112869e+01,2.116345e+01,2.125378e+01,2.116345e+01,2.112869e+01,2.111479e+01,2.112869e+01,2.117736e+01,2.111479e+01,2.113565e+01,2.115650e+01,2.111479e+01,2.107305e+01,2.122600e+01,2.117736e+01,2.119820e+01,2.119126e+01,2.121905e+01,2.130238e+01,2.121905e+01,2.138565e+01,2.137177e+01,2.135096e+01,2.136484e+01,2.126767e+01,2.120515e+01,2.114260e+01,2.121210e+01,2.120515e+01,2.119820e+01,2.115650e+01,2.119820e+01,2.121210e+01,2.108696e+01,2.102434e+01,2.103826e+01,2.100345e+01,2.121905e+01,2.099649e+01,2.104522e+01,2.118431e+01,2.099649e+01,2.110783e+01,2.102434e+01,2.106609e+01,2.117736e+01,2.113565e+01,2.121905e+01,2.120515e+01,2.117041e+01,2.114955e+01,2.108696e+01,2.110088e+01,2.113565e+01,2.104522e+01,2.098953e+01,2.110783e+01,2.105218e+01,2.119126e+01,2.120515e+01,2.121210e+01,2.117041e+01,2.121905e+01,2.120515e+01,2.123294e+01,2.125378e+01,2.116345e+01,2.126767e+01,2.124683e+01,2.112869e+01,2.123294e+01,2.124683e+01,2.128156e+01,2.130932e+01,2.130238e+01,2.128850e+01,2.129544e+01,2.122600e+01,2.125378e+01,2.126072e+01,2.126767e+01,2.123989e+01,2.126767e+01,2.128850e+01,2.128850e+01,2.130932e+01,2.130238e+01,2.129544e+01,2.122600e+01,2.125378e+01,2.125378e+01,2.123989e+01,2.117041e+01,2.137177e+01,2.130932e+01,2.110088e+01,2.128156e+01,2.137871e+01,2.126072e+01,2.137871e+01,2.125378e+01,2.126767e+01,2.127461e+01,2.127461e+01,2.111479e+01,2.126767e+01,2.118431e+01,2.124683e+01,2.123989e+01,2.125378e+01,2.127461e+01,2.126767e+01,2.128850e+01,2.123294e+01,2.119126e+01,2.117041e+01,2.106609e+01,2.115650e+01,2.109392e+01,2.098953e+01,2.106609e+01,2.108001e+01,2.107305e+01,2.106609e+01,2.110088e+01,2.112869e+01,2.114955e+01,2.119126e+01,2.108001e+01,2.103130e+01,2.107305e+01,2.103826e+01,2.105218e+01,2.101042e+01,2.094077e+01,2.096864e+01,2.105218e+01,2.094774e+01,2.094077e+01,2.104522e+01,2.109392e+01,2.104522e+01,2.108001e+01,2.103826e+01,2.110783e+01,2.110783e+01,2.118431e+01,2.109392e+01,2.108696e+01,2.112869e+01,2.109392e+01,2.103826e+01,2.109392e+01,2.105218e+01,2.114260e+01,2.117736e+01,2.121210e+01,2.128850e+01,2.130238e+01,2.151734e+01,2.144805e+01,2.178713e+01,2.157967e+01,2.159351e+01,2.150349e+01,2.171802e+01,2.182167e+01,2.183548e+01,2.186310e+01,2.185620e+01,2.189071e+01,2.218705e+01,2.223520e+01,2.242762e+01,2.253055e+01,2.287974e+01,2.320049e+01,2.323456e+01,2.352026e+01,2.373062e+01,2.406227e+01,2.408930e+01,2.439960e+01,2.462164e+01,2.482980e+01,2.486333e+01,2.490356e+01,2.505762e+01,2.506431e+01,2.526491e+01,2.533837e+01,2.525155e+01,2.526491e+01,2.531834e+01,2.552512e+01,2.531834e+01,2.546513e+01,2.553178e+01,2.551179e+01,2.540510e+01,2.556509e+01,2.548513e+01,2.533837e+01,2.529163e+01,2.529163e+01,2.527827e+01,2.517803e+01,2.493037e+01,2.485663e+01,2.450732e+01,2.448040e+01,2.421083e+01,2.385935e+01,2.340471e+01,2.336390e+01,2.309823e+01,2.283188e+01,2.271556e+01,2.254426e+01,2.226959e+01,2.211821e+01,2.206999e+01,2.209066e+01,2.203554e+01,2.214575e+01,2.201486e+01,2.188381e+01,2.193211e+01,2.180095e+01,2.185620e+01,2.184239e+01,2.172494e+01,2.173876e+01,2.168345e+01,2.170420e+01,2.156582e+01,2.163503e+01,2.163503e+01,2.159351e+01,2.150349e+01,2.143419e+01,2.144112e+01,2.141339e+01,2.135790e+01,2.146884e+01,2.137177e+01,2.148270e+01,2.139258e+01,2.150349e+01,2.144112e+01,2.148270e+01,2.148963e+01,2.148963e+01,2.145498e+01,2.151734e+01,2.154505e+01,2.155890e+01,2.151734e+01,2.152427e+01,2.150349e+01,2.149656e+01,2.151734e+01,2.139952e+01,2.144805e+01,2.153119e+01,2.150349e+01,2.151042e+01,2.151042e+01,2.160735e+01,2.174567e+01,2.168345e+01,2.169728e+01,2.181476e+01,2.171802e+01,2.170420e+01,2.168345e+01,2.171111e+01,2.169728e+01,2.178713e+01,2.187000e+01,2.181476e+01,2.193211e+01,2.193901e+01,2.195970e+01,2.199418e+01,2.198039e+01,2.198039e+01,2.199418e+01,2.202865e+01,2.200107e+01,2.204243e+01,2.213886e+01,2.218705e+01,2.224896e+01,2.212509e+01,2.224896e+01,2.224896e+01,2.224208e+01,2.222833e+01,2.225584e+01,2.225584e+01,2.227647e+01,2.221457e+01,2.220081e+01,2.234520e+01,2.235207e+01,2.233146e+01,2.233146e+01,2.233146e+01,2.234520e+01,2.229709e+01,2.229022e+01,2.237268e+01,2.230396e+01,2.224896e+01,2.226271e+01,2.235894e+01,2.222833e+01,2.222833e+01,2.219393e+01,2.210443e+01,2.231771e+01,2.218016e+01,2.225584e+01,2.218705e+01,2.218705e+01,2.214575e+01,2.215263e+01,2.232458e+01,2.217328e+01,2.212509e+01,2.213198e+01,2.212509e+01,2.205621e+01,2.200107e+01,2.215263e+01,2.223520e+01,2.218705e+01,2.224896e+01,2.216640e+01,2.215952e+01,2.222833e+01,2.215952e+01
2.234520e+01,2.228334e+01,2.226271e+01,2.244135e+01,2.240702e+01,2.237268e+01,2.239328e+01,2.237268e+01,2.237955e+01,2.233146e+01,2.233833e+01,2.239328e+01,2.233833e+01,2.248939e+01,2.230396e+01,2.229709e+01,2.235207e+01,2.218016e+01,2.218705e+01,2.218016e+01,2.222833e+01,2.222145e+01,2.222145e+01,2.220769e+01,2.219393e+01,2.220081e+01,2.235894e+01,2.211821e+01,2.216640e+01,2.213886e+01,2.214575e+01,2.208377e+01,2.216640e+01,2.214575e+01,2.209755e+01,2.212509e+01,2.211132e+01,2.209066e+01,2.199418e+01,2.212509e+01,2.211132e+01,2.215952e+01,2.214575e+01,2.214575e+01,2.215952e+01,2.221457e+01,2.215952e+01,2.213198e+01,2.214575e+01,2.225584e+01,2.219393e+01,2.226271e+01,2.226271e+01,2.227647e+01,2.224896e+01,2.240702e+01,2.237268e+01,2.226271e+01,2.250997e+01,2.235207e+01,2.235207e+01,2.224208e+01,2.226271e+01,2.231771e+01,2.228334e+01,2.229022e+01,2.230396e+01,2.231084e+01,2.246194e+01,2.240702e+01,2.234520e+01,2.237268e+01,2.242762e+01,2.237268e+01,2.234520e+01,2.235894e+01,2.237268e+01,2.237268e+01,2.234520e+01,2.238642e+01,2.229709e+01,2.236581e+01,2.237955e+01,2.237955e+01,2.237955e+01,2.237268e+01,2.240015e+01,2.231771e+01,2.240015e+01,2.231771e+01,2.233833e+01,2.235207e+01,2.231084e+01,2.233146e+01,2.229709e+01,2.227647e+01,2.232458e+01,2.231084e+01,2.219393e+01,2.225584e+01,2.226271e+01,2.224208e+01,2.235894e+01,2.222145e+01,2.222833e+01,2.239328e+01,2.230396e+01,2.222145e+01,2.222833e+01,2.234520e+01,2.228334e+01,2.226959e+01,2.230396e+01,2.229709e+01,2.225584e+01,2.232458e+01,2.228334e+01,2.214575e+01,2.226271e+01,2.219393e+01,2.231084e+01,2.218016e+01,2.216640e+01,2.218016e+01,2.220769e+01,2.220081e+01,2.218705e+01,2.224896e+01,2.220081e+01,2.220769e+01,2.226959e+01,2.217328e+01,2.219393e+01,2.215263e+01,2.224896e+01,2.218705e+01,2.220769e+01,2.220769e+01,2.226959e+01,2.220081e+01,2.225584e+01,2.219393e+01,2.227647e+01,2.220081e+01,2.218016e+01,2.222833e+01,2.220081e+01,2.220081e+01,2.218016e+01,2.226271e+01,2.212509e+01,2.221457e+01,2.219393e+01,2.220081e+01,2.220769e+01,2.207688e+01,2.208377e+01,2.207688e+01,2.213886e+01,2.207688e+01,2.215263e+01,2.232458e+01,2.204243e+01,2.214575e+01,2.209066e+01,2.209066e+01,2.204243e+01,2.207688e+01,2.207688e+01,2.208377e+01,2.210443e+01,2.204932e+01,2.191141e+01,2.201486e+01,2.198729e+01,2.198729e+01,2.184239e+01,2.189761e+01,2.198039e+01,2.192521e+01,2.201486e+01,2.226959e+01,2.225584e+01,2.249625e+01,2.286607e+01,2.312551e+01,2.324818e+01,2.364924e+01,2.400144e+01,2.439960e+01,2.484992e+01,2.527827e+01,2.565831e+01,2.584449e+01,2.595737e+01,2.588434e+01,2.595073e+01,2.585778e+01,2.573149e+01,2.570488e+01,2.524487e+01,2.521814e+01,2.458803e+01,2.363567e+01,2.210443e+01,2.162119e+01,2.128850e+01,2.140645e+01,2.119820e+01,2.118431e+01,2.102434e+01,2.121210e+01,2.105218e+01,2.101738e+01,2.107305e+01,2.098953e+01,2.098953e+01,2.103826e+01,2.102434e+01,2.104522e+01,2.117736e+01,2.106609e+01,2.103826e+01,2.103826e+01,2.102434e+01,2.104522e+01,2.101738e+01,2.100345e+01,2.103130e+01,2.098953e+01,2.101042e+01,2.095471e+01,2.087109e+01,2.088503e+01,2.089897e+01,2.090594e+01,2.087806e+01,2.096864e+01,2.091291e+01,2.082925e+01,2.092684e+01,2.098256e+01,2.086412e+01,2.087109e+01,2.096167e+01,2.089200e+01,2.098256e+01,2.090594e+01,2.085715e+01,2.101042e+01,2.095471e+01,2.088503e+01,2.093381e+01,2.094077e+01,2.094077e+01,2.087109e+01,2.082925e+01,2.086412e+01,2.085715e+01,2.081530e+01,2.096864e+01,2.079438e+01,2.082925e+01,2.099649e+01,2.089200e+01,2.089897e+01,2.088503e+01,2.081530e+01,2.087109e+01,2.092684e+01,2.100345e+01,2.094077e+01,2.086412e+01,2.096167e+01,2.076647e+01,2.095471e+01,2.094077e+01,2.103130e+01,2.101738e+01,2.095471e+01,2.120515e+01,2.104522e+01,2.117736e+01,2.101042e+01,2.107305e+01,2.105914e+01,2.108696e+01,2.108001e+01,2.110783e+01,2.106609e+01,2.114260e+01,2.118431e+01,2.121905e+01,2.121905e+01,2.117041e+01,2.119126e+01,2.114260e+01,2.118431e+01,2.116345e+01,2.119126e+01,2.116345e+01,2.112174e+01,2.117041e+01,2.123989e+01,2.119820e+01,2.116345e+01,2.111479e+01,2.114260e+01,2.123989e+01,2.118431e+01,2.112869e+01,2.117041e+01,2.133014e+01,2.121905e+01,2.129544e+01,2.126767e+01,2.130238e+01,2.139258e+01,2.148270e+01,2.124683e+01,2.134402e+01,2.119820e+01,2.119126e+01,2.120515e+01,2.119820e+01,2.115650e+01,2.117736e+01,2.119126e+01,2.119820e+01,2.111479e+01,2.102434e+01,2.106609e+01,2.107305e+01,2.105218e+01,2.108696e+01,2.103826e+01,2.101042e+01,2.103826e+01,2.100345e+01,2.104522e+01,2.114260e+01,2.115650e+01,2.108696e+01,2.118431e+01,2.126767e+01,2.113565e+01,2.110783e+01,2.114955e+01,2.108696e+01,2.114955e+01,2.109392e+01,2.108001e+01,2.104522e+01,2.112174e+01,2.117736e+01,2.121905e+01,2.131626e+01,2.120515e+01,2.129544e+01,2.122600e+01,2.120515e+01,2.128850e+01,2.123989e+01,2.116345e+01,2.115650e+01,2.119126e+01,2.123294e+01,2.123294e+01,2.124683e+01,2.127461e+01,2.127461e+01,2.130932e+01,2.131626e+01,2.130238e+01,2.140645e+01,2.134402e+01,2.126072e+01,2.136484e+01,2.133014e+01,2.123294e+01,2.130932e+01,2.130238e+01,2.133708e+01,2.128156e+01,2.128156e+01,2.126767e+01,2.119820e+01,2.137177e+01,2.122600e+01,2.129544e+01,2.135790e+01,2.128850e+01,2.126767e+01,2.121210e+01,2.136484e+01,2.126072e+01,2.128850e+01,2.126072e+01,2.126767e+01,2.122600e+01,2.125378e+01,2.115650e+01,2.116345e+01,2.123294e+01,2.123989e+01,2.126072e+01,2.126767e+01,2.128156e+01,2.128156e+01,2.125378e+01,2.120515e+01,2.121905e+01,2.109392e+01,2.115650e+01,2.120515e+01,2.114955e+01,2.115650e+01,2.105218e+01,2.108001e+01,2.109392e+01,2.108001e+01,2.105914e+01,2.110783e+01,2.107305e+01,2.118431e+01,2.111479e+01,2.107305e+01,2.109392e+01,2.098953e+01,2.105218e+01,2.105914e+01,2.096864e+01,2.094774e+01,2.096167e+01,2.098256e+01,2.108001e+01,2.096864e+01,2.075949e+01,2.099649e+01,2.104522e+01,2.108001e+01,2.114955e+01,2.109392e+01,2.124683e+01,2.105914e+01,2.089897e+01,2.102434e+01,2.106609e+01,2.108696e+01,2.105218e+01,2.114260e+01,2.119820e+01,2.125378e+01,2.128156e+01,2.128850e+01,2.151042e+01,2.151042e+01,2.140645e+01,2.181476e+01,2.183548e+01,2.186310e+01,2.191141e+01,2.203554e+01,2.196660e+01,2.193901e+01,2.222833e+01,2.229709e+01,2.230396e+01,2.262652e+01,2.283872e+01,2.303683e+01,2.290707e+01,2.324818e+01,2.345230e+01,2.370350e+01,2.398791e+01,2.409605e+01,2.443328e+01,2.466196e+01,2.469555e+01,2.493037e+01,2.514460e+01,2.513122e+01,2.512453e+01,2.525823e+01,2.531166e+01,2.535172e+01,2.549179e+01,2.543179e+01,2.564500e+01,2.534504e+01,2.561171e+01,2.554511e+01,2.547846e+01,2.556509e+01,2.542512e+01,2.544512e+01,2.552512e+01,2.542512e+01,2.532502e+01,2.531166e+01,2.526491e+01,2.516466e+01,2.515797e+01,2.488345e+01,2.474927e+01,2.462164e+01,2.443328e+01,2.421083e+01,2.385935e+01,2.359495e+01,2.317323e+01,2.296856e+01,2.281820e+01,2.279084e+01,2.255112e+01,2.235207e+01,2.214575e+01,2.210443e+01,2.218705e+01,2.209066e+01,2.206310e+01,2.212509e+01,2.201486e+01,2.182167e+01,2.182167e+01,2.175258e+01,2.184239e+01,2.171802e+01,2.171802e+01,2.170420e+01,2.170420e+01,2.166270e+01,2.158659e+01,2.150349e+01,2.156582e+01,2.142032e+01,2.149656e+01,2.148270e+01,2.137871e+01,2.139258e+01,2.146191e+01,2.138565e+01,2.151734e+01,2.147577e+01,2.144805e+01,2.140645e+01,2.160043e+01,2.150349e+01,2.148963e+01,2.149656e+01,2.150349e+01,2.146191e+01,2.149656e+01,2.155890e+01,2.148963e+01,2.153812e+01,2.135790e+01,2.154505e+01,2.144805e+01,2.147577e+01,2.148963e+01,2.160735e+01,2.173876e+01,2.175258e+01,2.154505e+01,2.180095e+01,2.175258e+01,2.167654e+01,2.174567e+01,2.176641e+01,2.178022e+01,2.171802e+01,2.170420e+01,2.175258e+01,2.170420e+01,2.180095e+01,2.189071e+01,2.179404e+01,2.182167e+01,2.203554e+01,2.198729e+01,2.199418e+01,2.197349e+01,2.202865e+01,2.206310e+01,2.209066e+01,2.209066e+01,2.210443e+01,2.226271e+01,2.218016e+01,2.226271e+01,2.227647e+01,2.224208e+01,2.222145e+01,2.218016e+01,2.226271e+01,2.226271e+01,2.218705e+01,2.232458e+01,2.222833e+01,2.229709e+01,2.231771e+01,2.230396e+01,2.226271e+01,2.237268e+01,2.234520e+01,2.235207e+01,2.247566e+01,2.232458e+01,2.233833e+01,2.224208e+01,2.223520e+01,2.231771e+01,2.225584e+01,2.222145e+01,2.224896e+01,2.221457e+01,2.223520e+01,2.220081e+01,2.224208e+01,2.217328e+01,2.226271e+01,2.220081e+01,2.213886e+01,2.233833e+01,2.215952e+01,2.212509e+01,2.221457e+01,2.212509e+01,2.211821e+01,2.199418e+01,2.221457e+01,2.222833e+01,2.222833e+01,2.216640e+01,2.220769e+01,2.215952e+01,2.215263e+01,2.215263e+01
2.233146e+01,2.250311e+01,2.231084e+01,2.236581e+01,2.244135e+01,2.239328e+01,2.235894e+01,2.226959e+01,2.231084e+01,2.236581e+01,2.234520e+01,2.242762e+01,2.238642e+01,2.242762e+01,2.245507e+01,2.242075e+01,2.228334e+01,2.227647e+01,2.229022e+01,2.228334e+01,2.215263e+01,2.224896e+01,2.222833e+01,2.220769e+01,2.220769e+01,2.226959e+01,2.207688e+01,2.211132e+01,2.210443e+01,2.217328e+01,2.214575e+01,2.202176e+01,2.215952e+01,2.213198e+01,2.215263e+01,2.200797e+01,2.201486e+01,2.209066e+01,2.218016e+01,2.218016e+01,2.220769e+01,2.206999e+01,2.215263e+01,2.213886e+01,2.222145e+01,2.210443e+01,2.221457e+01,2.221457e+01,2.215952e+01,2.215952e+01,2.227647e+01,2.226959e+01,2.225584e+01,2.213886e+01,2.235207e+01,2.229022e+01,2.233833e+01,2.225584e+01,2.242075e+01,2.232458e+01,2.237955e+01,2.233833e+01,2.230396e+01,2.231771e+01,2.229022e+01,2.249625e+01,2.231771e+01,2.230396e+01,2.224208e+01,2.231084e+01,2.224896e+01,2.238642e+01,2.240015e+01,2.240015e+01,2.237955e+01,2.236581e+01,2.237268e+01,2.237268e+01,2.242762e+01,2.238642e+01,2.235207e+01,2.235207e+01,2.237955e+01,2.237955e+01,2.237955e+01,2.239328e+01,2.231771e+01,2.224208e+01,2.222833e+01,2.229022e+01,2.228334e+01,2.231084e+01,2.232458e+01,2.232458e+01,2.233146e+01,2.229709e+01,2.229709e+01,2.220769e+01,2.222833e+01,2.222833e+01,2.222833e+01,2.231771e+01,2.218705e+01,2.220769e+01,2.220769e+01,2.220081e+01,2.223520e+01,2.220081e+01,2.215952e+01,2.228334e+01,2.219393e+01,2.229709e+01,2.226959e+01,2.215952e+01,2.226271e+01,2.209755e+01,2.228334e+01,2.229022e+01,2.225584e+01,2.225584e+01,2.227647e+01,2.220769e+01,2.216640e+01,2.218705e+01,2.219393e+01,2.222145e+01,2.220081e+01,2.233833e+01,2.222145e+01,2.220081e+01,2.222145e+01,2.236581e+01,2.218016e+01,2.215263e+01,2.217328e+01,2.222145e+01,2.218016e+01,2.220081e+01,2.227647e+01,2.221457e+01,2.223520e+01,2.220769e+01,2.222145e+01,2.225584e+01,2.218016e+01,2.220081e+01,2.220769e+01,2.220081e+01,2.217328e+01,2.213198e+01,2.216640e+01,2.220769e+01,2.214575e+01,2.213198e+01,2.214575e+01,2.213886e+01,2.213198e+01,2.212509e+01,2.209755e+01,2.199418e+01,2.207688e+01,2.209755e+01,2.205621e+01,2.209066e+01,2.208377e+01,2.211821e+01,2.206310e+01,2.202865e+01,2.204243e+01,2.209066e+01,2.208377e+01,2.208377e+01,2.209066e+01,2.200107e+01,2.195280e+01,2.200797e+01,2.193211e+01,2.206999e+01,2.200107e+01,2.203554e+01,2.189071e+01,2.223520e+01,2.224208e+01,2.250311e+01,2.261967e+01,2.303000e+01,2.336390e+01,2.369672e+01,2.385258e+01,2.440634e+01,2.484992e+01,2.527827e+01,2.561837e+01,2.577803e+01,2.599718e+01,2.599718e+01,2.600381e+01,2.595737e+01,2.600381e+01,2.588434e+01,2.568493e+01,2.535172e+01,2.510446e+01,2.447367e+01,2.337070e+01,2.219393e+01,2.160735e+01,2.124683e+01,2.117041e+01,2.110088e+01,2.121210e+01,2.106609e+01,2.105914e+01,2.093381e+01,2.106609e+01,2.100345e+01,2.104522e+01,2.102434e+01,2.103826e+01,2.097560e+01,2.106609e+01,2.095471e+01,2.110088e+01,2.103130e+01,2.105218e+01,2.105914e+01,2.102434e+01,2.103130e+01,2.103826e+01,2.097560e+01,2.094774e+01,2.094774e+01,2.091987e+01,2.087806e+01,2.089897e+01,2.091987e+01,2.087109e+01,2.094077e+01,2.087109e+01,2.099649e+01,2.092684e+01,2.092684e+01,2.087109e+01,2.088503e+01,2.101738e+01,2.088503e+01,2.096864e+01,2.096167e+01,2.080833e+01,2.096167e+01,2.082925e+01,2.094774e+01,2.093381e+01,2.087806e+01,2.085715e+01,2.084320e+01,2.078042e+01,2.087806e+01,2.086412e+01,2.098953e+01,2.086412e+01,2.088503e+01,2.082228e+01,2.085017e+01,2.093381e+01,2.092684e+01,2.098256e+01,2.091987e+01,2.098953e+01,2.091291e+01,2.093381e+01,2.095471e+01,2.091291e+01,2.082925e+01,2.087109e+01,2.095471e+01,2.087806e+01,2.096864e+01,2.098953e+01,2.096864e+01,2.118431e+01,2.103130e+01,2.098953e+01,2.098953e+01,2.105914e+01,2.114260e+01,2.109392e+01,2.106609e+01,2.114955e+01,2.122600e+01,2.111479e+01,2.116345e+01,2.110783e+01,2.114260e+01,2.099649e+01,2.111479e+01,2.116345e+01,2.117736e+01,2.117736e+01,2.119126e+01,2.112174e+01,2.112174e+01,2.121905e+01,2.118431e+01,2.117736e+01,2.126072e+01,2.124683e+01,2.117736e+01,2.121210e+01,2.121210e+01,2.108001e+01,2.120515e+01,2.119126e+01,2.121905e+01,2.121210e+01,2.123989e+01,2.119820e+01,2.139952e+01,2.134402e+01,2.135096e+01,2.123989e+01,2.111479e+01,2.130238e+01,2.120515e+01,2.124683e+01,2.119820e+01,2.114260e+01,2.121905e+01,2.123294e+01,2.115650e+01,2.108696e+01,2.108696e+01,2.101738e+01,2.112869e+01,2.109392e+01,2.101738e+01,2.108001e+01,2.098256e+01,2.103826e+01,2.108696e+01,2.101042e+01,2.103130e+01,2.102434e+01,2.117041e+01,2.113565e+01,2.114955e+01,2.112869e+01,2.122600e+01,2.111479e+01,2.108696e+01,2.120515e+01,2.110088e+01,2.109392e+01,2.104522e+01,2.114955e+01,2.114955e+01,2.119820e+01,2.118431e+01,2.118431e+01,2.123989e+01,2.133014e+01,2.129544e+01,2.134402e+01,2.138565e+01,2.134402e+01,2.128850e+01,2.126767e+01,2.124683e+01,2.126767e+01,2.128850e+01,2.127461e+01,2.132320e+01,2.127461e+01,2.136484e+01,2.133708e+01,2.129544e+01,2.131626e+01,2.131626e+01,2.129544e+01,2.137871e+01,2.126767e+01,2.119820e+01,2.130238e+01,2.131626e+01,2.142032e+01,2.126767e+01,2.128156e+01,2.126767e+01,2.123989e+01,2.136484e+01,2.128850e+01,2.135790e+01,2.127461e+01,2.131626e+01,2.135790e+01,2.128156e+01,2.139258e+01,2.130238e+01,2.123989e+01,2.121905e+01,2.128156e+01,2.123989e+01,2.120515e+01,2.123294e+01,2.121905e+01,2.123294e+01,2.126767e+01,2.127461e+01,2.115650e+01,2.114260e+01,2.119820e+01,2.123989e+01,2.103826e+01,2.117041e+01,2.118431e+01,2.115650e+01,2.108001e+01,2.107305e+01,2.112869e+01,2.112174e+01,2.108696e+01,2.106609e+01,2.107305e+01,2.116345e+01,2.100345e+01,2.117736e+01,2.103130e+01,2.104522e+01,2.107305e+01,2.098256e+01,2.091987e+01,2.104522e+01,2.101042e+01,2.097560e+01,2.104522e+01,2.100345e+01,2.103130e+01,2.101042e+01,2.099649e+01,2.112869e+01,2.106609e+01,2.118431e+01,2.112869e+01,2.119820e+01,2.105914e+01,2.100345e+01,2.104522e+01,2.103130e+01,2.107305e+01,2.108696e+01,2.117736e+01,2.123294e+01,2.127461e+01,2.127461e+01,2.132320e+01,2.160043e+01,2.177332e+01,2.177332e+01,2.197349e+01,2.206310e+01,2.208377e+01,2.226271e+01,2.238642e+01,2.237268e+01,2.237955e+01,2.265392e+01,2.269502e+01,2.291391e+01,2.307095e+01,2.324137e+01,2.358816e+01,2.362210e+01,2.366959e+01,2.395410e+01,2.415683e+01,2.443328e+01,2.443328e+01,2.468212e+01,2.497727e+01,2.494377e+01,2.509108e+01,2.530499e+01,2.544512e+01,2.550513e+01,2.549179e+01,2.551179e+01,2.552512e+01,2.543179e+01,2.541177e+01,2.536507e+01,2.550513e+01,2.564500e+01,2.567827e+01,2.557175e+01,2.553844e+01,2.554511e+01,2.553178e+01,2.533169e+01,2.529163e+01,2.531166e+01,2.533837e+01,2.524487e+01,2.522482e+01,2.503754e+01,2.501745e+01,2.485663e+01,2.464180e+01,2.428503e+01,2.401496e+01,2.364246e+01,2.335710e+01,2.307095e+01,2.304365e+01,2.274294e+01,2.265392e+01,2.250997e+01,2.231084e+01,2.215952e+01,2.213198e+01,2.214575e+01,2.215952e+01,2.207688e+01,2.206310e+01,2.190451e+01,2.183548e+01,2.182858e+01,2.169037e+01,2.175949e+01,2.171111e+01,2.178022e+01,2.175258e+01,2.157274e+01,2.155197e+01,2.155197e+01,2.158659e+01,2.156582e+01,2.151042e+01,2.148963e+01,2.137177e+01,2.146191e+01,2.145498e+01,2.141339e+01,2.144805e+01,2.142725e+01,2.143419e+01,2.148963e+01,2.142725e+01,2.164887e+01,2.146191e+01,2.152427e+01,2.157274e+01,2.136484e+01,2.152427e+01,2.144805e+01,2.144805e+01,2.148270e+01,2.159351e+01,2.150349e+01,2.144112e+01,2.148270e+01,2.160043e+01,2.148963e+01,2.147577e+01,2.164195e+01,2.168345e+01,2.154505e+01,2.179404e+01,2.160043e+01,2.164887e+01,2.163503e+01,2.174567e+01,2.174567e+01,2.180095e+01,2.182167e+01,2.178022e+01,2.177332e+01,2.171111e+01,2.178022e+01,2.180786e+01,2.182858e+01,2.180786e+01,2.194591e+01,2.195280e+01,2.201486e+01,2.199418e+01,2.204932e+01,2.204932e+01,2.200797e+01,2.214575e+01,2.219393e+01,2.229709e+01,2.218016e+01,2.225584e+01,2.236581e+01,2.224208e+01,2.237268e+01,2.226271e+01,2.238642e+01,2.228334e+01,2.233833e+01,2.240015e+01,2.237955e+01,2.237955e+01,2.231771e+01,2.229022e+01,2.231771e+01,2.230396e+01,2.222833e+01,2.231084e+01,2.227647e+01,2.231084e+01,2.228334e+01,2.229022e+01,2.224896e+01,2.204932e+01,2.218705e+01,2.214575e+01,2.212509e+01,2.222145e+01,2.229022e+01,2.215952e+01,2.224896e+01,2.217328e+01,2.216640e+01,2.212509e+01,2.229709e+01,2.215952e+01,2.216640e+01,2.222833e+01,2.222145e+01,2.215263e+01,2.213198e+01,2.219393e+01,2.222145e+01,2.224208e+01,2.215263e+01,2.217328e+01,2.214575e+01,2.218016e+01,2.215952e+01
2.235894e+01,2.246194e+01,2.234520e+01,2.239328e+01,2.239328e+01,2.238642e+01,2.231771e+01,2.240015e+01,2.238642e+01,2.227647e+01,2.233833e+01,2.238642e+01,2.235894e+01,2.238642e+01,2.237268e+01,2.235207e+01,2.234520e+01,2.233146e+01,2.237955e+01,2.241389e+01,2.213198e+01,2.223520e+01,2.224208e+01,2.221457e+01,2.202865e+01,2.224896e+01,2.204243e+01,2.210443e+01,2.209755e+01,2.218016e+01,2.209066e+01,2.212509e+01,2.193901e+01,2.217328e+01,2.215263e+01,2.204932e+01,2.217328e+01,2.201486e+01,2.204243e+01,2.210443e+01,2.218016e+01,2.203554e+01,2.221457e+01,2.215952e+01,2.214575e+01,2.220081e+01,2.218016e+01,2.221457e+01,2.224208e+01,2.218016e+01,2.221457e+01,2.226959e+01,2.227647e+01,2.227647e+01,2.224208e+01,2.231771e+01,2.229022e+01,2.231771e+01,2.229022e+01,2.232458e+01,2.232458e+01,2.242075e+01,2.235894e+01,2.229709e+01,2.235894e+01,2.232458e+01,2.230396e+01,2.253055e+01,2.251683e+01,2.221457e+01,2.242762e+01,2.237268e+01,2.242762e+01,2.238642e+01,2.237955e+01,2.237955e+01,2.233833e+01,2.235894e+01,2.236581e+01,2.243448e+01,2.235207e+01,2.233833e+01,2.235894e+01,2.233146e+01,2.234520e+01,2.233833e+01,2.239328e+01,2.223520e+01,2.234520e+01,2.224208e+01,2.223520e+01,2.238642e+01,2.227647e+01,2.227647e+01,2.230396e+01,2.231771e+01,2.231771e+01,2.222833e+01,2.224896e+01,2.222145e+01,2.218705e+01,2.224896e+01,2.221457e+01,2.227647e+01,2.222833e+01,2.231084e+01,2.216640e+01,2.221457e+01,2.208377e+01,2.219393e+01,2.230396e+01,2.230396e+01,2.228334e+01,2.220081e+01,2.218705e+01,2.224896e+01,2.229709e+01,2.213886e+01,2.226959e+01,2.220769e+01,2.222145e+01,2.220081e+01,2.224208e+01,2.221457e+01,2.220081e+01,2.229709e+01,2.222833e+01,2.228334e+01,2.218016e+01,2.227647e+01,2.233833e+01,2.236581e+01,2.224896e+01,2.230396e+01,2.224208e+01,2.213886e+01,2.237268e+01,2.226271e+01,2.226959e+01,2.220769e+01,2.227647e+01,2.221457e+01,2.220081e+01,2.221457e+01,2.217328e+01,2.217328e+01,2.218705e+01,2.219393e+01,2.218705e+01,2.215952e+01,2.221457e+01,2.215952e+01,2.215952e+01,2.219393e+01,2.215952e+01,2.204243e+01,2.217328e+01,2.205621e+01,2.213886e+01,2.214575e+01,2.214575e+01,2.217328e+01,2.214575e+01,2.204243e+01,2.208377e+01,2.207688e+01,2.209066e+01,2.200107e+01,2.200797e+01,2.209755e+01,2.204243e+01,2.209066e+01,2.200797e+01,2.207688e+01,2.195970e+01,2.198039e+01,2.195970e+01,2.191831e+01,2.198729e+01,2.200107e+01,2.204243e+01,2.219393e+01,2.239328e+01,2.250997e+01,2.279768e+01,2.302318e+01,2.329585e+01,2.364924e+01,2.398791e+01,2.441307e+01,2.484992e+01,2.529163e+01,2.572484e+01,2.594410e+01,2.599718e+01,2.610327e+01,2.608339e+01,2.588434e+01,2.610990e+01,2.597728e+01,2.595073e+01,2.569823e+01,2.539176e+01,2.509777e+01,2.448713e+01,2.335710e+01,2.218705e+01,2.160735e+01,2.141339e+01,2.116345e+01,2.108696e+01,2.110088e+01,2.109392e+01,2.099649e+01,2.110783e+01,2.108001e+01,2.094077e+01,2.102434e+01,2.101042e+01,2.103130e+01,2.104522e+01,2.103130e+01,2.100345e+01,2.109392e+01,2.108001e+01,2.099649e+01,2.109392e+01,2.105218e+01,2.098953e+01,2.100345e+01,2.103826e+01,2.096167e+01,2.096864e+01,2.084320e+01,2.096167e+01,2.087109e+01,2.088503e+01,2.082228e+01,2.098953e+01,2.087109e+01,2.085017e+01,2.087806e+01,2.085715e+01,2.094774e+01,2.087806e+01,2.095471e+01,2.093381e+01,2.078740e+01,2.089897e+01,2.081530e+01,2.096864e+01,2.081530e+01,2.087109e+01,2.098256e+01,2.085017e+01,2.090594e+01,2.082228e+01,2.082228e+01,2.080135e+01,2.075949e+01,2.098953e+01,2.089200e+01,2.097560e+01,2.094077e+01,2.089200e+01,2.087806e+01,2.094077e+01,2.094774e+01,2.091291e+01,2.098256e+01,2.091987e+01,2.090594e+01,2.090594e+01,2.097560e+01,2.094774e+01,2.093381e+01,2.095471e+01,2.096864e+01,2.095471e+01,2.098256e+01,2.101042e+01,2.101042e+01,2.101042e+01,2.110783e+01,2.110088e+01,2.100345e+01,2.112174e+01,2.110783e+01,2.104522e+01,2.114260e+01,2.123294e+01,2.108001e+01,2.098256e+01,2.119126e+01,2.111479e+01,2.119126e+01,2.114260e+01,2.114260e+01,2.120515e+01,2.117041e+01,2.115650e+01,2.112174e+01,2.117736e+01,2.113565e+01,2.120515e+01,2.122600e+01,2.133708e+01,2.128850e+01,2.137177e+01,2.114260e+01,2.121905e+01,2.119820e+01,2.122600e+01,2.117736e+01,2.122600e+01,2.118431e+01,2.119820e+01,2.126072e+01,2.122600e+01,2.123294e+01,2.130932e+01,2.121905e+01,2.108696e+01,2.125378e+01,2.125378e+01,2.122600e+01,2.121905e+01,2.119126e+01,2.114955e+01,2.133708e+01,2.112869e+01,2.109392e+01,2.114260e+01,2.108696e+01,2.110088e+01,2.108696e+01,2.098256e+01,2.098256e+01,2.110088e+01,2.113565e+01,2.099649e+01,2.102434e+01,2.101042e+01,2.118431e+01,2.113565e+01,2.114260e+01,2.116345e+01,2.111479e+01,2.112869e+01,2.110783e+01,2.114955e+01,2.117736e+01,2.117736e+01,2.111479e+01,2.119126e+01,2.124683e+01,2.116345e+01,2.117041e+01,2.121905e+01,2.122600e+01,2.133708e+01,2.134402e+01,2.133708e+01,2.124683e+01,2.138565e+01,2.132320e+01,2.132320e+01,2.133708e+01,2.142725e+01,2.139258e+01,2.135096e+01,2.142725e+01,2.134402e+01,2.133014e+01,2.142032e+01,2.131626e+01,2.141339e+01,2.127461e+01,2.142032e+01,2.134402e+01,2.126072e+01,2.130238e+01,2.132320e+01,2.128850e+01,2.136484e+01,2.123294e+01,2.131626e+01,2.131626e+01,2.129544e+01,2.124683e+01,2.123294e+01,2.140645e+01,2.110088e+01,2.143419e+01,2.128850e+01,2.131626e+01,2.142725e+01,2.126072e+01,2.126767e+01,2.128156e+01,2.132320e+01,2.128156e+01,2.123294e+01,2.126072e+01,2.123989e+01,2.131626e+01,2.128850e+01,2.126072e+01,2.126767e+01,2.119820e+01,2.116345e+01,2.124683e+01,2.119820e+01,2.103826e+01,2.114955e+01,2.117041e+01,2.108001e+01,2.116345e+01,2.108001e+01,2.109392e+01,2.102434e+01,2.108696e+01,2.113565e+01,2.109392e+01,2.103130e+01,2.099649e+01,2.105914e+01,2.101042e+01,2.112174e+01,2.097560e+01,2.095471e+01,2.090594e+01,2.088503e+01,2.103826e+01,2.098953e+01,2.104522e+01,2.108001e+01,2.112174e+01,2.101738e+01,2.108001e+01,2.111479e+01,2.098256e+01,2.118431e+01,2.105218e+01,2.103130e+01,2.108001e+01,2.092684e+01,2.114260e+01,2.105218e+01,2.123989e+01,2.121905e+01,2.119820e+01,2.126072e+01,2.139952e+01,2.153812e+01,2.177332e+01,2.198729e+01,2.200797e+01,2.207688e+01,2.227647e+01,2.228334e+01,2.244135e+01,2.273610e+01,2.287974e+01,2.292074e+01,2.305048e+01,2.320731e+01,2.351346e+01,2.358138e+01,2.361531e+01,2.389996e+01,2.410281e+01,2.427155e+01,2.443328e+01,2.470227e+01,2.485663e+01,2.481638e+01,2.505762e+01,2.526491e+01,2.525823e+01,2.533837e+01,2.551179e+01,2.569823e+01,2.569823e+01,2.577803e+01,2.575809e+01,2.573814e+01,2.572484e+01,2.573149e+01,2.565165e+01,2.559839e+01,2.577803e+01,2.568493e+01,2.548513e+01,2.557841e+01,2.557841e+01,2.553844e+01,2.545179e+01,2.531166e+01,2.527827e+01,2.533837e+01,2.519140e+01,2.509777e+01,2.501745e+01,2.499067e+01,2.462164e+01,2.460820e+01,2.428503e+01,2.400820e+01,2.360174e+01,2.342511e+01,2.309141e+01,2.299587e+01,2.280452e+01,2.273610e+01,2.247566e+01,2.233833e+01,2.206310e+01,2.215263e+01,2.216640e+01,2.208377e+01,2.215952e+01,2.211132e+01,2.185620e+01,2.183548e+01,2.181476e+01,2.169728e+01,2.181476e+01,2.174567e+01,2.172494e+01,2.172494e+01,2.171111e+01,2.156582e+01,2.158659e+01,2.155197e+01,2.153812e+01,2.140645e+01,2.152427e+01,2.149656e+01,2.140645e+01,2.139952e+01,2.142032e+01,2.146884e+01,2.139258e+01,2.154505e+01,2.153119e+01,2.150349e+01,2.151734e+01,2.150349e+01,2.139258e+01,2.159351e+01,2.155197e+01,2.153119e+01,2.145498e+01,2.122600e+01,2.145498e+01,2.146884e+01,2.151734e+01,2.148963e+01,2.133014e+01,2.130932e+01,2.154505e+01,2.157967e+01,2.151042e+01,2.157967e+01,2.156582e+01,2.156582e+01,2.160735e+01,2.171802e+01,2.160735e+01,2.160043e+01,2.175949e+01,2.160043e+01,2.169728e+01,2.172494e+01,2.172494e+01,2.173876e+01,2.175258e+01,2.181476e+01,2.182167e+01,2.187691e+01,2.195280e+01,2.186310e+01,2.191831e+01,2.200107e+01,2.202865e+01,2.205621e+01,2.201486e+01,2.208377e+01,2.217328e+01,2.206999e+01,2.219393e+01,2.229709e+01,2.219393e+01,2.231771e+01,2.234520e+01,2.230396e+01,2.235894e+01,2.231084e+01,2.237955e+01,2.240702e+01,2.224896e+01,2.229709e+01,2.229709e+01,2.236581e+01,2.224208e+01,2.220769e+01,2.226959e+01,2.229022e+01,2.235207e+01,2.209755e+01,2.202176e+01,2.229022e+01,2.217328e+01,2.211132e+01,2.219393e+01,2.217328e+01,2.213198e+01,2.221457e+01,2.223520e+01,2.224896e+01,2.211132e+01,2.233833e+01,2.235207e+01,2.213886e+01,2.210443e+01,2.215952e+01,2.213886e+01,2.210443e+01,2.214575e+01,2.224208e+01,2.233833e+01,2.234520e+01,2.221457e+01,2.223520e+01,2.206999e+01,2.217328e+01,2.209066e+01,2.218016e+01,2.217328e+01
2.236581e+01,2.237955e+01,2.244821e+01,2.239328e+01,2.241389e+01,2.240015e+01,2.232458e+01,2.235207e+01,2.234520e+01,2.234520e+01,2.239328e+01,2.237955e+01,2.235894e+01,2.242075e+01,2.242075e+01,2.233833e+01,2.226959e+01,2.223520e+01,2.220769e+01,2.231771e+01,2.230396e+01,2.223520e+01,2.219393e+01,2.215952e+01,2.220769e+01,2.220769e+01,2.209755e+01,2.211821e+01,2.209755e+01,2.209066e+01,2.207688e+01,2.196660e+01,2.206999e+01,2.206999e+01,2.201486e+01,2.198039e+01,2.207688e+01,2.202865e+01,2.212509e+01,2.205621e+01,2.214575e+01,2.220769e+01,2.220081e+01,2.220081e+01,2.215952e+01,2.211821e+01,2.219393e+01,2.212509e+01,2.219393e+01,2.229709e+01,2.227647e+01,2.226959e+01,2.229022e+01,2.223520e+01,2.220769e+01,2.229709e+01,2.229709e+01,2.240015e+01,2.231771e+01,2.222145e+01,2.230396e+01,2.227647e+01,2.223520e+01,2.233833e+01,2.225584e+01,2.244135e+01,2.225584e+01,2.233146e+01,2.237955e+01,2.230396e+01,2.243448e+01,2.242075e+01,2.233833e+01,2.241389e+01,2.237268e+01,2.239328e+01,2.233833e+01,2.237955e+01,2.233146e+01,2.238642e+01,2.238642e+01,2.231771e+01,2.233833e+01,2.233833e+01,2.234520e+01,2.227647e+01,2.240702e+01,2.230396e+01,2.235894e+01,2.224896e+01,2.228334e+01,2.229709e+01,2.230396e+01,2.233833e+01,2.229022e+01,2.224896e+01,2.229709e+01,2.231771e+01,2.226959e+01,2.226271e+01,2.218705e+01,2.225584e+01,2.224896e+01,2.218705e+01,2.220769e+01,2.220769e+01,2.213198e+01,2.221457e+01,2.225584e+01,2.228334e+01,2.224208e+01,2.227647e+01,2.227647e+01,2.217328e+01,2.217328e+01,2.219393e+01,2.227647e+01,2.217328e+01,2.218016e+01,2.206310e+01,2.219393e+01,2.209755e+01,2.222833e+01,2.215952e+01,2.219393e+01,2.220081e+01,2.216640e+01,2.223520e+01,2.230396e+01,2.221457e+01,2.225584e+01,2.220081e+01,2.227647e+01,2.224208e+01,2.226959e+01,2.224208e+01,2.224896e+01,2.222145e+01,2.220769e+01,2.222833e+01,2.220769e+01,2.210443e+01,2.213198e+01,2.215952e+01,2.222833e+01,2.214575e+01,2.212509e+01,2.219393e+01,2.216640e+01,2.218016e+01,2.215952e+01,2.215263e+01,2.211132e+01,2.214575e+01,2.220081e+01,2.219393e+01,2.209066e+01,2.210443e+01,2.209066e+01,2.211132e+01,2.216640e+01,2.212509e+01,2.216640e+01,2.200107e+01,2.208377e+01,2.200107e+01,2.220081e+01,2.203554e+01,2.210443e+01,2.209755e+01,2.209066e+01,2.205621e+01,2.206310e+01,2.209066e+01,2.198729e+01,2.199418e+01,2.199418e+01,2.196660e+01,2.195280e+01,2.196660e+01,2.200797e+01,2.225584e+01,2.225584e+01,2.250997e+01,2.262652e+01,2.303000e+01,2.334349e+01,2.352026e+01,2.394057e+01,2.441307e+01,2.485663e+01,2.531834e+01,2.578468e+01,2.581791e+01,2.600381e+01,2.606350e+01,2.612978e+01,2.630852e+01,2.626882e+01,2.615628e+01,2.602371e+01,2.577139e+01,2.579798e+01,2.548513e+01,2.515797e+01,2.448040e+01,2.333668e+01,2.194591e+01,2.137177e+01,2.130932e+01,2.110088e+01,2.113565e+01,2.109392e+01,2.108001e+01,2.106609e+01,2.103826e+01,2.098256e+01,2.103130e+01,2.101042e+01,2.101738e+01,2.098953e+01,2.110088e+01,2.096864e+01,2.099649e+01,2.102434e+01,2.099649e+01,2.103130e+01,2.104522e+01,2.099649e+01,2.105218e+01,2.103130e+01,2.094774e+01,2.094077e+01,2.092684e+01,2.084320e+01,2.086412e+01,2.085017e+01,2.096167e+01,2.082925e+01,2.083623e+01,2.087806e+01,2.080833e+01,2.084320e+01,2.087109e+01,2.085017e+01,2.094774e+01,2.079438e+01,2.082925e+01,2.080135e+01,2.092684e+01,2.084320e+01,2.078042e+01,2.080833e+01,2.087806e+01,2.083623e+01,2.096864e+01,2.082925e+01,2.084320e+01,2.084320e+01,2.074553e+01,2.087806e+01,2.080135e+01,2.085017e+01,2.085017e+01,2.094077e+01,2.098256e+01,2.094774e+01,2.090594e+01,2.097560e+01,2.094774e+01,2.091291e+01,2.087806e+01,2.091291e+01,2.090594e+01,2.095471e+01,2.094077e+01,2.087806e+01,2.097560e+01,2.094774e+01,2.100345e+01,2.098953e+01,2.102434e+01,2.103130e+01,2.101042e+01,2.109392e+01,2.101738e+01,2.100345e+01,2.114260e+01,2.103130e+01,2.112174e+01,2.106609e+01,2.114260e+01,2.108001e+01,2.103130e+01,2.110783e+01,2.101738e+01,2.104522e+01,2.118431e+01,2.110783e+01,2.119820e+01,2.116345e+01,2.109392e+01,2.113565e+01,2.123989e+01,2.119820e+01,2.121210e+01,2.117736e+01,2.109392e+01,2.142032e+01,2.122600e+01,2.128156e+01,2.130932e+01,2.124683e+01,2.123989e+01,2.120515e+01,2.123294e+01,2.133014e+01,2.122600e+01,2.132320e+01,2.112869e+01,2.123989e+01,2.118431e+01,2.117041e+01,2.111479e+01,2.108001e+01,2.123989e+01,2.112869e+01,2.116345e+01,2.120515e+01,2.121210e+01,2.126767e+01,2.112869e+01,2.114260e+01,2.102434e+01,2.101738e+01,2.105218e+01,2.103826e+01,2.092684e+01,2.099649e+01,2.113565e+01,2.103130e+01,2.102434e+01,2.104522e+01,2.108001e+01,2.108001e+01,2.109392e+01,2.110783e+01,2.109392e+01,2.111479e+01,2.110783e+01,2.114955e+01,2.109392e+01,2.118431e+01,2.114260e+01,2.110783e+01,2.114955e+01,2.114260e+01,2.110783e+01,2.119820e+01,2.121905e+01,2.122600e+01,2.122600e+01,2.126767e+01,2.128850e+01,2.126072e+01,2.123989e+01,2.125378e+01,2.129544e+01,2.142725e+01,2.150349e+01,2.147577e+01,2.144112e+01,2.144112e+01,2.137177e+01,2.142725e+01,2.133708e+01,2.136484e+01,2.139258e+01,2.142032e+01,2.137871e+01,2.134402e+01,2.128850e+01,2.128156e+01,2.129544e+01,2.128156e+01,2.130932e+01,2.126767e+01,2.128156e+01,2.128156e+01,2.142032e+01,2.120515e+01,2.137871e+01,2.128156e+01,2.135790e+01,2.141339e+01,2.129544e+01,2.123989e+01,2.122600e+01,2.135096e+01,2.132320e+01,2.129544e+01,2.128850e+01,2.127461e+01,2.135096e+01,2.119820e+01,2.128156e+01,2.126072e+01,2.119126e+01,2.122600e+01,2.117041e+01,2.110088e+01,2.105218e+01,2.113565e+01,2.108001e+01,2.102434e+01,2.105218e+01,2.101738e+01,2.106609e+01,2.094077e+01,2.111479e+01,2.102434e+01,2.110088e+01,2.105914e+01,2.100345e+01,2.103826e+01,2.103826e+01,2.112174e+01,2.102434e+01,2.101042e+01,2.101738e+01,2.110088e+01,2.101738e+01,2.092684e+01,2.124683e+01,2.089897e+01,2.102434e+01,2.101738e+01,2.110088e+01,2.100345e+01,2.101738e+01,2.110783e+01,2.112869e+01,2.100345e+01,2.091291e+01,2.096167e+01,2.103130e+01,2.107305e+01,2.114955e+01,2.101738e+01,2.105218e+01,2.120515e+01,2.123294e+01,2.149656e+01,2.156582e+01,2.153119e+01,2.198729e+01,2.202865e+01,2.226959e+01,2.211132e+01,2.238642e+01,2.270871e+01,2.274294e+01,2.287974e+01,2.312551e+01,2.315960e+01,2.319368e+01,2.347949e+01,2.362889e+01,2.398115e+01,2.403524e+01,2.415008e+01,2.430526e+01,2.463508e+01,2.487674e+01,2.489015e+01,2.519809e+01,2.536507e+01,2.541844e+01,2.565165e+01,2.587106e+01,2.599055e+01,2.589762e+01,2.595737e+01,2.595737e+01,2.576474e+01,2.587106e+01,2.583120e+01,2.577139e+01,2.568493e+01,2.579798e+01,2.565831e+01,2.569823e+01,2.551845e+01,2.556509e+01,2.545846e+01,2.553178e+01,2.547179e+01,2.537174e+01,2.522482e+01,2.531166e+01,2.512453e+01,2.522482e+01,2.517135e+01,2.501076e+01,2.505762e+01,2.458131e+01,2.464853e+01,2.419733e+01,2.400820e+01,2.363567e+01,2.345910e+01,2.307777e+01,2.299587e+01,2.270871e+01,2.273610e+01,2.241389e+01,2.230396e+01,2.202865e+01,2.208377e+01,2.201486e+01,2.199418e+01,2.215952e+01,2.208377e+01,2.197349e+01,2.180095e+01,2.170420e+01,2.171802e+01,2.177332e+01,2.180786e+01,2.151734e+01,2.173876e+01,2.164887e+01,2.177332e+01,2.154505e+01,2.158659e+01,2.146191e+01,2.151042e+01,2.140645e+01,2.150349e+01,2.146191e+01,2.151042e+01,2.141339e+01,2.137871e+01,2.157274e+01,2.157274e+01,2.153119e+01,2.144805e+01,2.144112e+01,2.147577e+01,2.146191e+01,2.148270e+01,2.153812e+01,2.149656e+01,2.148270e+01,2.150349e+01,2.148963e+01,2.146884e+01,2.141339e+01,2.145498e+01,2.157274e+01,2.146191e+01,2.133014e+01,2.142032e+01,2.171111e+01,2.169037e+01,2.160735e+01,2.171802e+01,2.162811e+01,2.169037e+01,2.170420e+01,2.164195e+01,2.159351e+01,2.164195e+01,2.166962e+01,2.181476e+01,2.175258e+01,2.173876e+01,2.180095e+01,2.180095e+01,2.186310e+01,2.181476e+01,2.183548e+01,2.192521e+01,2.184929e+01,2.198039e+01,2.196660e+01,2.196660e+01,2.208377e+01,2.214575e+01,2.211132e+01,2.225584e+01,2.215263e+01,2.214575e+01,2.215952e+01,2.218705e+01,2.234520e+01,2.220081e+01,2.220769e+01,2.225584e+01,2.226959e+01,2.215263e+01,2.230396e+01,2.229022e+01,2.232458e+01,2.231771e+01,2.226959e+01,2.231084e+01,2.233146e+01,2.223520e+01,2.224896e+01,2.213198e+01,2.220081e+01,2.228334e+01,2.210443e+01,2.229709e+01,2.215952e+01,2.212509e+01,2.210443e+01,2.214575e+01,2.222145e+01,2.211132e+01,2.206999e+01,2.204932e+01,2.226271e+01,2.211132e+01,2.211821e+01,2.212509e+01,2.224208e+01,2.222145e+01,2.213886e+01,2.215952e+01,2.209755e+01,2.209066e+01,2.211821e+01,2.217328e+01,2.214575e+01,2.215263e+01,2.215263e+01,2.211821e+01,2.214575e+01
2.229709e+01,2.244135e+01,2.236581e+01,2.242075e+01,2.230396e+01,2.234520e+01,2.243448e+01,2.235894e+01,2.241389e+01,2.239328e+01,2.240015e+01,2.226959e+01,2.229709e+01,2.238642e+01,2.236581e+01,2.234520e+01,2.238642e+01,2.246880e+01,2.224208e+01,2.220081e+01,2.226271e+01,2.219393e+01,2.215952e+01,2.225584e+01,2.209755e+01,2.215952e+01,2.206310e+01,2.218016e+01,2.207688e+01,2.207688e+01,2.204932e+01,2.193901e+01,2.196660e+01,2.198039e+01,2.213198e+01,2.216640e+01,2.202865e+01,2.204932e+01,2.210443e+01,2.213886e+01,2.213198e+01,2.221457e+01,2.220081e+01,2.220081e+01,2.211821e+01,2.220081e+01,2.215952e+01,2.227647e+01,2.224208e+01,2.220769e+01,2.228334e+01,2.228334e+01,2.218016e+01,2.220769e+01,2.240015e+01,2.237268e+01,2.226959e+01,2.214575e+01,2.222145e+01,2.213886e+01,2.233146e+01,2.233146e+01,2.224208e+01,2.225584e+01,2.231771e+01,2.233146e+01,2.236581e+01,2.227647e+01,2.231771e+01,2.238642e+01,2.240702e+01,2.231084e+01,2.242075e+01,2.243448e+01,2.240015e+01,2.237955e+01,2.233833e+01,2.246880e+01,2.242075e+01,2.227647e+01,2.245507e+01,2.235894e+01,2.226271e+01,2.229709e+01,2.231771e+01,2.235894e+01,2.233833e+01,2.237268e+01,2.219393e+01,2.233146e+01,2.233146e+01,2.237268e+01,2.229709e+01,2.218016e+01,2.230396e+01,2.226959e+01,2.218705e+01,2.223520e+01,2.222145e+01,2.217328e+01,2.216640e+01,2.223520e+01,2.226959e+01,2.230396e+01,2.224896e+01,2.221457e+01,2.220081e+01,2.220769e+01,2.218016e+01,2.205621e+01,2.229709e+01,2.221457e+01,2.225584e+01,2.215263e+01,2.229022e+01,2.214575e+01,2.216640e+01,2.217328e+01,2.219393e+01,2.222145e+01,2.215952e+01,2.220081e+01,2.222145e+01,2.218016e+01,2.220081e+01,2.215263e+01,2.220769e+01,2.223520e+01,2.226959e+01,2.235207e+01,2.233146e+01,2.220769e+01,2.228334e+01,2.226959e+01,2.226271e+01,2.225584e+01,2.224896e+01,2.218016e+01,2.222833e+01,2.206999e+01,2.221457e+01,2.220081e+01,2.231084e+01,2.215263e+01,2.212509e+01,2.218705e+01,2.215952e+01,2.215263e+01,2.221457e+01,2.219393e+01,2.213886e+01,2.218705e+01,2.220081e+01,2.218705e+01,2.222833e+01,2.219393e+01,2.214575e+01,2.217328e+01,2.218705e+01,2.212509e+01,2.218705e+01,2.217328e+01,2.218016e+01,2.215263e+01,2.205621e+01,2.208377e+01,2.205621e+01,2.222833e+01,2.215263e+01,2.215263e+01,2.210443e+01,2.212509e+01,2.207688e+01,2.203554e+01,2.200797e+01,2.198729e+01,2.198729e+01,2.197349e+01,2.199418e+01,2.200797e+01,2.217328e+01,2.203554e+01,2.231084e+01,2.246194e+01,2.268817e+01,2.297539e+01,2.320049e+01,2.365602e+01,2.393380e+01,2.439960e+01,2.487674e+01,2.537841e+01,2.581127e+01,2.601708e+01,2.620926e+01,2.610990e+01,2.609664e+01,2.632836e+01,2.634159e+01,2.619601e+01,2.620926e+01,2.605687e+01,2.597728e+01,2.579133e+01,2.552512e+01,2.513122e+01,2.448040e+01,2.308459e+01,2.190451e+01,2.140645e+01,2.112869e+01,2.111479e+01,2.100345e+01,2.110783e+01,2.101042e+01,2.112869e+01,2.111479e+01,2.104522e+01,2.094077e+01,2.094774e+01,2.107305e+01,2.103130e+01,2.101738e+01,2.108696e+01,2.100345e+01,2.111479e+01,2.098953e+01,2.103826e+01,2.099649e+01,2.097560e+01,2.101738e+01,2.096864e+01,2.103826e+01,2.106609e+01,2.092684e+01,2.089200e+01,2.083623e+01,2.090594e+01,2.088503e+01,2.086412e+01,2.087806e+01,2.085017e+01,2.093381e+01,2.089897e+01,2.086412e+01,2.088503e+01,2.080833e+01,2.080135e+01,2.082925e+01,2.080135e+01,2.078740e+01,2.085017e+01,2.082925e+01,2.085017e+01,2.078042e+01,2.089200e+01,2.088503e+01,2.089897e+01,2.098953e+01,2.094774e+01,2.094077e+01,2.095471e+01,2.094077e+01,2.086412e+01,2.095471e+01,2.087109e+01,2.086412e+01,2.096167e+01,2.091987e+01,2.089897e+01,2.091291e+01,2.093381e+01,2.093381e+01,2.095471e+01,2.093381e+01,2.092684e+01,2.094774e+01,2.096864e+01,2.095471e+01,2.091291e+01,2.103826e+01,2.108001e+01,2.108696e+01,2.112174e+01,2.098953e+01,2.099649e+01,2.098953e+01,2.108696e+01,2.110088e+01,2.103130e+01,2.104522e+01,2.108001e+01,2.110783e+01,2.117736e+01,2.108001e+01,2.111479e+01,2.109392e+01,2.110088e+01,2.109392e+01,2.109392e+01,2.123294e+01,2.118431e+01,2.111479e+01,2.110088e+01,2.114260e+01,2.123989e+01,2.110088e+01,2.118431e+01,2.123294e+01,2.143419e+01,2.130932e+01,2.126072e+01,2.125378e+01,2.119820e+01,2.125378e+01,2.134402e+01,2.121210e+01,2.114955e+01,2.129544e+01,2.111479e+01,2.122600e+01,2.117041e+01,2.108696e+01,2.115650e+01,2.108001e+01,2.111479e+01,2.108696e+01,2.121905e+01,2.113565e+01,2.108001e+01,2.120515e+01,2.115650e+01,2.103130e+01,2.103826e+01,2.105218e+01,2.108696e+01,2.087109e+01,2.094774e+01,2.098953e+01,2.096864e+01,2.101738e+01,2.102434e+01,2.101738e+01,2.112174e+01,2.110088e+01,2.112869e+01,2.118431e+01,2.113565e+01,2.117041e+01,2.103826e+01,2.117041e+01,2.106609e+01,2.105914e+01,2.111479e+01,2.108001e+01,2.121210e+01,2.112869e+01,2.122600e+01,2.111479e+01,2.121210e+01,2.121905e+01,2.124683e+01,2.130238e+01,2.123294e+01,2.126767e+01,2.128156e+01,2.125378e+01,2.127461e+01,2.133708e+01,2.147577e+01,2.141339e+01,2.148270e+01,2.131626e+01,2.141339e+01,2.140645e+01,2.137871e+01,2.142725e+01,2.136484e+01,2.138565e+01,2.141339e+01,2.144805e+01,2.137177e+01,2.129544e+01,2.128850e+01,2.133014e+01,2.133014e+01,2.136484e+01,2.137871e+01,2.127461e+01,2.130932e+01,2.133708e+01,2.131626e+01,2.137177e+01,2.137177e+01,2.135096e+01,2.124683e+01,2.127461e+01,2.127461e+01,2.123294e+01,2.131626e+01,2.128850e+01,2.127461e+01,2.126767e+01,2.132320e+01,2.131626e+01,2.114955e+01,2.112869e+01,2.126072e+01,2.114955e+01,2.113565e+01,2.116345e+01,2.112869e+01,2.108696e+01,2.112869e+01,2.102434e+01,2.107305e+01,2.108001e+01,2.106609e+01,2.098256e+01,2.119820e+01,2.107305e+01,2.098953e+01,2.104522e+01,2.105218e+01,2.098256e+01,2.095471e+01,2.101738e+01,2.101042e+01,2.098953e+01,2.098953e+01,2.095471e+01,2.093381e+01,2.089897e+01,2.084320e+01,2.105914e+01,2.103130e+01,2.101738e+01,2.114955e+01,2.103130e+01,2.112869e+01,2.111479e+01,2.103130e+01,2.101042e+01,2.099649e+01,2.107305e+01,2.103826e+01,2.109392e+01,2.100345e+01,2.108001e+01,2.108001e+01,2.123989e+01,2.125378e+01,2.148963e+01,2.155197e+01,2.180095e+01,2.202865e+01,2.214575e+01,2.211132e+01,2.230396e+01,2.225584e+01,2.270871e+01,2.277032e+01,2.290024e+01,2.325499e+01,2.345230e+01,2.354742e+01,2.372384e+01,2.399467e+01,2.408930e+01,2.414333e+01,2.453423e+01,2.462836e+01,2.491026e+01,2.509108e+01,2.531166e+01,2.536507e+01,2.583785e+01,2.589762e+01,2.606350e+01,2.599718e+01,2.607676e+01,2.613640e+01,2.603698e+01,2.617615e+01,2.620926e+01,2.605687e+01,2.601708e+01,2.596401e+01,2.587770e+01,2.589762e+01,2.579133e+01,2.578468e+01,2.570488e+01,2.553178e+01,2.551179e+01,2.543845e+01,2.535172e+01,2.535172e+01,2.529831e+01,2.519140e+01,2.509108e+01,2.510446e+01,2.506431e+01,2.487004e+01,2.491026e+01,2.465524e+01,2.454768e+01,2.415683e+01,2.397439e+01,2.347949e+01,2.326861e+01,2.298221e+01,2.299587e+01,2.280452e+01,2.263337e+01,2.242075e+01,2.230396e+01,2.200107e+01,2.196660e+01,2.213886e+01,2.196660e+01,2.224896e+01,2.200107e+01,2.196660e+01,2.182167e+01,2.175258e+01,2.175258e+01,2.178713e+01,2.168345e+01,2.171111e+01,2.169728e+01,2.169728e+01,2.157274e+01,2.166270e+01,2.164887e+01,2.157967e+01,2.155890e+01,2.150349e+01,2.144805e+01,2.147577e+01,2.141339e+01,2.156582e+01,2.157274e+01,2.160043e+01,2.142032e+01,2.146884e+01,2.140645e+01,2.145498e+01,2.166270e+01,2.166270e+01,2.151734e+01,2.158659e+01,2.144112e+01,2.154505e+01,2.147577e+01,2.145498e+01,2.143419e+01,2.137871e+01,2.148270e+01,2.142032e+01,2.144112e+01,2.156582e+01,2.150349e+01,2.171111e+01,2.157274e+01,2.171111e+01,2.158659e+01,2.161427e+01,2.160735e+01,2.164195e+01,2.179404e+01,2.178022e+01,2.178713e+01,2.178022e+01,2.173876e+01,2.174567e+01,2.167654e+01,2.166962e+01,2.175949e+01,2.186310e+01,2.192521e+01,2.187691e+01,2.180095e+01,2.185620e+01,2.190451e+01,2.195970e+01,2.201486e+01,2.190451e+01,2.204243e+01,2.221457e+01,2.205621e+01,2.215952e+01,2.220081e+01,2.213198e+01,2.222145e+01,2.230396e+01,2.226959e+01,2.220081e+01,2.220769e+01,2.233833e+01,2.224208e+01,2.223520e+01,2.224896e+01,2.229709e+01,2.231084e+01,2.231084e+01,2.226271e+01,2.220081e+01,2.226959e+01,2.221457e+01,2.225584e+01,2.228334e+01,2.228334e+01,2.220769e+01,2.226959e+01,2.209066e+01,2.209066e+01,2.212509e+01,2.210443e+01,2.220081e+01,2.211132e+01,2.219393e+01,2.226271e+01,2.228334e+01,2.208377e+01,2.212509e+01,2.218705e+01,2.213198e+01,2.216640e+01,2.218705e+01,2.218705e+01,2.198729e+01,2.218016e+01,2.216640e+01,2.215263e+01,2.215952e+01,2.200797e+01,2.215263e+01,2.204932e+01,2.213886e+01
2.256483e+01,2.243448e+01,2.234520e+01,2.237955e+01,2.238642e+01,2.256483e+01,2.243448e+01,2.239328e+01,2.231084e+01,2.225584e+01,2.235207e+01,2.222145e+01,2.227647e+01,2.215263e+01,2.246194e+01,2.230396e+01,2.212509e+01,2.217328e+01,2.218016e+01,2.220081e+01,2.215952e+01,2.224208e+01,2.209755e+01,2.213198e+01,2.210443e+01,2.212509e+01,2.200797e+01,2.206999e+01,2.211132e+01,2.200797e+01,2.194591e+01,2.204243e+01,2.198039e+01,2.220769e+01,2.198039e+01,2.204243e+01,2.204932e+01,2.206310e+01,2.207688e+01,2.213198e+01,2.222833e+01,2.220081e+01,2.217328e+01,2.224896e+01,2.219393e+01,2.215263e+01,2.212509e+01,2.220081e+01,2.222145e+01,2.220769e+01,2.225584e+01,2.231771e+01,2.224208e+01,2.222833e+01,2.227647e+01,2.231084e+01,2.233833e+01,2.229022e+01,2.229022e+01,2.224208e+01,2.236581e+01,2.235207e+01,2.225584e+01,2.230396e+01,2.229709e+01,2.226959e+01,2.243448e+01,2.231771e+01,2.226959e+01,2.239328e+01,2.240702e+01,2.239328e+01,2.229709e+01,2.229022e+01,2.234520e+01,2.243448e+01,2.238642e+01,2.238642e+01,2.236581e+01,2.241389e+01,2.241389e+01,2.230396e+01,2.231084e+01,2.230396e+01,2.240702e+01,2.226959e+01,2.233146e+01,2.226959e+01,2.235207e+01,2.223520e+01,2.227647e+01,2.237268e+01,2.226959e+01,2.217328e+01,2.229709e+01,2.225584e+01,2.222833e+01,2.221457e+01,2.216640e+01,2.223520e+01,2.219393e+01,2.229709e+01,2.227647e+01,2.220769e+01,2.228334e+01,2.229022e+01,2.224208e+01,2.217328e+01,2.205621e+01,2.220769e+01,2.221457e+01,2.222833e+01,2.218705e+01,2.218705e+01,2.211821e+01,2.215263e+01,2.215263e+01,2.198039e+01,2.223520e+01,2.220769e+01,2.220081e+01,2.223520e+01,2.204932e+01,2.218016e+01,2.209755e+01,2.224896e+01,2.221457e+01,2.225584e+01,2.234520e+01,2.220769e+01,2.231771e+01,2.229022e+01,2.218705e+01,2.225584e+01,2.223520e+01,2.224896e+01,2.229709e+01,2.222833e+01,2.229022e+01,2.221457e+01,2.221457e+01,2.211821e+01,2.218705e+01,2.215952e+01,2.217328e+01,2.214575e+01,2.216640e+01,2.218016e+01,2.218705e+01,2.223520e+01,2.218705e+01,2.218016e+01,2.215263e+01,2.211821e+01,2.204243e+01,2.221457e+01,2.222833e+01,2.206999e+01,2.213198e+01,2.218705e+01,2.220769e+01,2.218705e+01,2.213886e+01,2.220769e+01,2.217328e+01,2.209755e+01,2.215952e+01,2.206999e+01,2.210443e+01,2.211821e+01,2.206999e+01,2.213198e+01,2.207688e+01,2.197349e+01,2.201486e+01,2.200797e+01,2.203554e+01,2.199418e+01,2.198729e+01,2.201486e+01,2.204243e+01,2.220769e+01,2.221457e+01,2.236581e+01,2.263337e+01,2.299587e+01,2.317323e+01,2.337751e+01,2.396762e+01,2.435918e+01,2.482980e+01,2.532502e+01,2.567827e+01,2.586442e+01,2.618277e+01,2.618277e+01,2.628206e+01,2.644733e+01,2.653977e+01,2.648696e+01,2.646715e+01,2.630190e+01,2.605024e+01,2.597064e+01,2.597064e+01,2.562503e+01,2.511784e+01,2.446694e+01,2.303000e+01,2.196660e+01,2.141339e+01,2.113565e+01,2.113565e+01,2.112869e+01,2.108696e+01,2.105914e+01,2.098953e+01,2.103130e+01,2.103130e+01,2.102434e+01,2.110088e+01,2.091291e+01,2.103130e+01,2.107305e+01,2.098256e+01,2.098953e+01,2.095471e+01,2.101042e+01,2.107305e+01,2.101738e+01,2.101042e+01,2.101042e+01,2.102434e+01,2.108001e+01,2.085017e+01,2.093381e+01,2.088503e+01,2.091291e+01,2.090594e+01,2.089897e+01,2.082228e+01,2.085715e+01,2.082925e+01,2.081530e+01,2.073855e+01,2.080135e+01,2.081530e+01,2.079438e+01,2.079438e+01,2.078740e+01,2.080833e+01,2.080833e+01,2.083623e+01,2.075949e+01,2.087806e+01,2.075949e+01,2.085017e+01,2.089200e+01,2.084320e+01,2.091987e+01,2.089897e+01,2.088503e+01,2.096864e+01,2.080833e+01,2.090594e+01,2.090594e+01,2.094077e+01,2.095471e+01,2.091987e+01,2.094774e+01,2.091291e+01,2.091987e+01,2.091987e+01,2.092684e+01,2.094774e+01,2.098256e+01,2.094774e+01,2.095471e+01,2.096167e+01,2.101738e+01,2.098256e+01,2.101738e+01,2.109392e+01,2.108001e+01,2.103130e+01,2.101738e+01,2.098953e+01,2.110783e+01,2.104522e+01,2.103130e+01,2.117736e+01,2.108001e+01,2.102434e+01,2.112869e+01,2.109392e+01,2.110783e+01,2.117736e+01,2.110783e+01,2.112869e+01,2.108696e+01,2.110088e+01,2.107305e+01,2.110783e+01,2.110088e+01,2.108696e+01,2.111479e+01,2.117736e+01,2.115650e+01,2.118431e+01,2.122600e+01,2.119126e+01,2.124683e+01,2.124683e+01,2.126767e+01,2.122600e+01,2.126072e+01,2.116345e+01,2.115650e+01,2.116345e+01,2.114260e+01,2.115650e+01,2.108001e+01,2.108001e+01,2.116345e+01,2.105218e+01,2.114955e+01,2.111479e+01,2.108696e+01,2.121905e+01,2.112869e+01,2.117736e+01,2.113565e+01,2.115650e+01,2.112174e+01,2.111479e+01,2.108696e+01,2.103826e+01,2.103130e+01,2.111479e+01,2.104522e+01,2.113565e+01,2.103826e+01,2.103130e+01,2.101738e+01,2.107305e+01,2.101738e+01,2.114260e+01,2.112869e+01,2.098953e+01,2.105218e+01,2.112869e+01,2.118431e+01,2.107305e+01,2.105218e+01,2.105914e+01,2.121210e+01,2.114260e+01,2.110088e+01,2.120515e+01,2.123294e+01,2.124683e+01,2.121210e+01,2.125378e+01,2.116345e+01,2.121210e+01,2.118431e+01,2.127461e+01,2.131626e+01,2.130238e+01,2.135790e+01,2.133708e+01,2.137871e+01,2.130238e+01,2.125378e+01,2.138565e+01,2.136484e+01,2.136484e+01,2.150349e+01,2.136484e+01,2.140645e+01,2.138565e+01,2.146884e+01,2.126767e+01,2.129544e+01,2.135790e+01,2.137177e+01,2.127461e+01,2.132320e+01,2.131626e+01,2.130238e+01,2.134402e+01,2.143419e+01,2.114260e+01,2.137177e+01,2.128156e+01,2.144805e+01,2.140645e+01,2.127461e+01,2.131626e+01,2.117736e+01,2.131626e+01,2.132320e+01,2.121210e+01,2.129544e+01,2.127461e+01,2.125378e+01,2.110088e+01,2.126767e+01,2.114955e+01,2.114260e+01,2.103826e+01,2.110088e+01,2.103826e+01,2.105218e+01,2.114955e+01,2.119820e+01,2.104522e+01,2.105914e+01,2.101042e+01,2.091291e+01,2.112869e+01,2.108696e+01,2.100345e+01,2.107305e+01,2.102434e+01,2.100345e+01,2.107305e+01,2.101738e+01,2.100345e+01,2.087806e+01,2.096864e+01,2.091987e+01,2.097560e+01,2.092684e+01,2.098953e+01,2.099649e+01,2.109392e+01,2.112869e+01,2.113565e+01,2.110783e+01,2.108001e+01,2.101042e+01,2.107305e+01,2.099649e+01,2.095471e+01,2.101042e+01,2.106609e+01,2.101738e+01,2.108001e+01,2.116345e+01,2.130238e+01,2.143419e+01,2.148963e+01,2.170420e+01,2.175949e+01,2.191141e+01,2.219393e+01,2.235207e+01,2.235207e+01,2.243448e+01,2.273610e+01,2.292757e+01,2.284555e+01,2.309141e+01,2.326861e+01,2.375774e+01,2.376451e+01,2.406903e+01,2.417709e+01,2.453423e+01,2.478283e+01,2.491026e+01,2.506431e+01,2.533169e+01,2.566496e+01,2.567162e+01,2.587770e+01,2.595737e+01,2.613640e+01,2.635481e+01,2.636142e+01,2.642751e+01,2.631513e+01,2.631513e+01,2.614965e+01,2.621588e+01,2.601045e+01,2.599718e+01,2.603035e+01,2.579133e+01,2.583120e+01,2.572484e+01,2.580462e+01,2.568493e+01,2.565165e+01,2.549179e+01,2.549846e+01,2.531166e+01,2.534504e+01,2.503754e+01,2.508439e+01,2.503754e+01,2.501076e+01,2.487004e+01,2.470898e+01,2.450059e+01,2.440634e+01,2.404200e+01,2.389996e+01,2.361531e+01,2.323456e+01,2.294807e+01,2.287290e+01,2.270871e+01,2.261282e+01,2.234520e+01,2.218705e+01,2.215263e+01,2.213886e+01,2.195280e+01,2.207688e+01,2.207688e+01,2.206999e+01,2.202176e+01,2.201486e+01,2.178713e+01,2.179404e+01,2.180786e+01,2.172494e+01,2.175258e+01,2.171111e+01,2.167654e+01,2.158659e+01,2.156582e+01,2.153812e+01,2.160735e+01,2.144112e+01,2.147577e+01,2.138565e+01,2.145498e+01,2.145498e+01,2.148963e+01,2.160043e+01,2.151042e+01,2.140645e+01,2.164887e+01,2.137871e+01,2.146884e+01,2.147577e+01,2.142725e+01,2.144805e+01,2.144112e+01,2.144805e+01,2.141339e+01,2.144805e+01,2.139258e+01,2.146191e+01,2.143419e+01,2.142725e+01,2.138565e+01,2.153812e+01,2.144805e+01,2.143419e+01,2.152427e+01,2.156582e+01,2.157967e+01,2.170420e+01,2.160735e+01,2.160043e+01,2.169037e+01,2.178713e+01,2.176641e+01,2.175949e+01,2.171802e+01,2.173185e+01,2.162811e+01,2.169037e+01,2.171111e+01,2.160735e+01,2.168345e+01,2.183548e+01,2.184929e+01,2.183548e+01,2.179404e+01,2.180786e+01,2.194591e+01,2.194591e+01,2.193901e+01,2.202176e+01,2.213886e+01,2.209066e+01,2.197349e+01,2.220769e+01,2.231084e+01,2.213198e+01,2.221457e+01,2.229709e+01,2.220769e+01,2.233146e+01,2.242075e+01,2.229709e+01,2.231771e+01,2.231084e+01,2.223520e+01,2.229022e+01,2.229022e+01,2.216640e+01,2.222833e+01,2.209755e+01,2.213198e+01,2.224208e+01,2.213886e+01,2.214575e+01,2.211132e+01,2.222833e+01,2.221457e+01,2.203554e+01,2.220769e+01,2.206310e+01,2.204932e+01,2.224896e+01,2.217328e+01,2.207688e+01,2.224896e+01,2.206999e+01,2.227647e+01,2.215952e+01,2.217328e+01,2.214575e+01,2.218016e+01,2.213886e+01,2.217328e+01,2.218705e+01,2.218016e+01,2.215263e+01,2.209755e+01,2.215263e+01,2.216640e+01,2.213198e+01,2.211132e+01
2.244821e+01,2.245507e+01,2.242075e+01,2.239328e+01,2.239328e+01,2.240702e+01,2.216640e+01,2.233833e+01,2.235894e+01,2.235207e+01,2.231771e+01,2.239328e+01,2.235894e+01,2.228334e+01,2.246880e+01,2.237268e+01,2.231084e+01,2.235894e+01,2.222145e+01,2.224208e+01,2.216640e+01,2.215952e+01,2.214575e+01,2.211821e+01,2.211821e+01,2.207688e+01,2.209755e+01,2.208377e+01,2.194591e+01,2.197349e+01,2.206999e+01,2.203554e+01,2.194591e+01,2.209755e+01,2.195970e+01,2.230396e+01,2.209066e+01,2.211821e+01,2.215263e+01,2.214575e+01,2.210443e+01,2.222145e+01,2.212509e+01,2.224896e+01,2.216640e+01,2.219393e+01,2.224208e+01,2.220769e+01,2.226959e+01,2.227647e+01,2.223520e+01,2.224896e+01,2.220081e+01,2.231084e+01,2.236581e+01,2.225584e+01,2.241389e+01,2.218016e+01,2.222833e+01,2.224896e+01,2.232458e+01,2.226271e+01,2.237955e+01,2.238642e+01,2.231771e+01,2.230396e+01,2.240015e+01,2.242075e+01,2.242762e+01,2.228334e+01,2.244821e+01,2.238642e+01,2.229709e+01,2.230396e+01,2.242075e+01,2.244821e+01,2.239328e+01,2.242075e+01,2.242075e+01,2.235894e+01,2.231084e+01,2.232458e+01,2.241389e+01,2.231084e+01,2.225584e+01,2.231084e+01,2.235894e+01,2.233833e+01,2.229709e+01,2.220769e+01,2.220081e+01,2.232458e+01,2.222833e+01,2.230396e+01,2.215263e+01,2.228334e+01,2.213198e+01,2.224208e+01,2.225584e+01,2.228334e+01,2.220081e+01,2.216640e+01,2.222833e+01,2.223520e+01,2.220769e+01,2.213886e+01,2.217328e+01,2.219393e+01,2.218016e+01,2.220769e+01,2.220769e+01,2.222833e+01,2.213198e+01,2.215263e+01,2.224208e+01,2.228334e+01,2.218016e+01,2.218016e+01,2.215263e+01,2.221457e+01,2.220081e+01,2.206999e+01,2.224208e+01,2.221457e+01,2.214575e+01,2.226271e+01,2.216640e+01,2.216640e+01,2.220081e+01,2.226959e+01,2.233833e+01,2.223520e+01,2.215952e+01,2.223520e+01,2.226959e+01,2.228334e+01,2.224208e+01,2.231771e+01,2.224208e+01,2.222833e+01,2.216640e+01,2.226959e+01,2.215263e+01,2.214575e+01,2.218705e+01,2.231084e+01,2.224208e+01,2.209755e+01,2.211821e+01,2.225584e+01,2.220769e+01,2.222833e+01,2.220081e+01,2.215263e+01,2.219393e+01,2.214575e+01,2.216640e+01,2.224208e+01,2.216640e+01,2.225584e+01,2.212509e+01,2.220769e+01,2.214575e+01,2.213886e+01,2.208377e+01,2.207688e+01,2.204243e+01,2.202176e+01,2.198729e+01,2.218705e+01,2.209755e+01,2.196660e+01,2.194591e+01,2.197349e+01,2.200107e+01,2.198039e+01,2.198729e+01,2.203554e+01,2.196660e+01,2.200107e+01,2.211821e+01,2.220769e+01,2.221457e+01,2.239328e+01,2.272925e+01,2.307777e+01,2.317323e+01,2.347269e+01,2.394733e+01,2.435244e+01,2.486333e+01,2.524487e+01,2.570488e+01,2.613640e+01,2.618939e+01,2.619601e+01,2.624235e+01,2.651337e+01,2.653317e+01,2.650677e+01,2.651337e+01,2.653977e+01,2.646054e+01,2.612978e+01,2.604361e+01,2.606350e+01,2.548513e+01,2.508439e+01,2.426480e+01,2.300953e+01,2.179404e+01,2.144112e+01,2.118431e+01,2.105914e+01,2.110088e+01,2.103826e+01,2.100345e+01,2.101042e+01,2.096167e+01,2.101042e+01,2.089200e+01,2.086412e+01,2.100345e+01,2.095471e+01,2.093381e+01,2.104522e+01,2.099649e+01,2.105914e+01,2.092684e+01,2.092684e+01,2.090594e+01,2.102434e+01,2.103826e+01,2.105218e+01,2.108696e+01,2.098256e+01,2.095471e+01,2.091987e+01,2.089897e+01,2.084320e+01,2.084320e+01,2.079438e+01,2.089200e+01,2.083623e+01,2.081530e+01,2.083623e+01,2.081530e+01,2.077344e+01,2.080135e+01,2.082228e+01,2.078740e+01,2.085017e+01,2.074553e+01,2.082228e+01,2.086412e+01,2.089200e+01,2.089897e+01,2.088503e+01,2.092684e+01,2.085715e+01,2.088503e+01,2.093381e+01,2.101738e+01,2.082228e+01,2.091987e+01,2.098256e+01,2.094077e+01,2.093381e+01,2.092684e+01,2.090594e+01,2.091291e+01,2.094077e+01,2.101738e+01,2.103826e+01,2.094077e+01,2.098256e+01,2.096864e+01,2.096167e+01,2.094774e+01,2.098256e+01,2.100345e+01,2.100345e+01,2.093381e+01,2.100345e+01,2.101738e+01,2.102434e+01,2.100345e+01,2.099649e+01,2.098953e+01,2.121210e+01,2.108001e+01,2.105914e+01,2.103826e+01,2.104522e+01,2.098256e+01,2.108696e+01,2.106609e+01,2.107305e+01,2.101042e+01,2.119820e+01,2.102434e+01,2.106609e+01,2.106609e+01,2.119820e+01,2.110088e+01,2.110783e+01,2.111479e+01,2.125378e+01,2.112869e+01,2.112174e+01,2.119820e+01,2.132320e+01,2.116345e+01,2.128156e+01,2.124683e+01,2.123989e+01,2.117041e+01,2.127461e+01,2.116345e+01,2.112869e+01,2.112174e+01,2.114260e+01,2.108696e+01,2.112869e+01,2.108696e+01,2.105218e+01,2.109392e+01,2.110783e+01,2.103826e+01,2.112174e+01,2.113565e+01,2.103826e+01,2.110088e+01,2.107305e+01,2.117736e+01,2.105218e+01,2.108696e+01,2.103826e+01,2.101738e+01,2.102434e+01,2.103826e+01,2.100345e+01,2.102434e+01,2.101738e+01,2.106609e+01,2.105218e+01,2.111479e+01,2.111479e+01,2.123294e+01,2.113565e+01,2.122600e+01,2.124683e+01,2.103826e+01,2.124683e+01,2.105218e+01,2.109392e+01,2.123989e+01,2.116345e+01,2.114260e+01,2.123294e+01,2.119126e+01,2.135096e+01,2.124683e+01,2.130932e+01,2.126072e+01,2.123989e+01,2.134402e+01,2.140645e+01,2.133708e+01,2.133014e+01,2.141339e+01,2.135790e+01,2.133708e+01,2.136484e+01,2.140645e+01,2.134402e+01,2.142725e+01,2.140645e+01,2.136484e+01,2.142032e+01,2.135096e+01,2.145498e+01,2.143419e+01,2.137871e+01,2.147577e+01,2.125378e+01,2.134402e+01,2.143419e+01,2.132320e+01,2.137871e+01,2.138565e+01,2.139258e+01,2.133708e+01,2.133014e+01,2.136484e+01,2.143419e+01,2.136484e+01,2.135096e+01,2.137871e+01,2.133014e+01,2.131626e+01,2.123989e+01,2.121905e+01,2.125378e+01,2.114260e+01,2.112869e+01,2.113565e+01,2.112869e+01,2.127461e+01,2.117041e+01,2.108001e+01,2.114260e+01,2.114260e+01,2.117736e+01,2.116345e+01,2.111479e+01,2.101738e+01,2.098256e+01,2.116345e+01,2.105218e+01,2.119126e+01,2.103826e+01,2.112174e+01,2.108001e+01,2.110088e+01,2.103826e+01,2.101738e+01,2.101042e+01,2.101738e+01,2.089200e+01,2.093381e+01,2.095471e+01,2.093381e+01,2.093381e+01,2.096864e+01,2.103130e+01,2.093381e+01,2.110088e+01,2.112174e+01,2.099649e+01,2.104522e+01,2.106609e+01,2.107305e+01,2.093381e+01,2.106609e+01,2.101738e+01,2.109392e+01,2.115650e+01,2.112174e+01,2.126072e+01,2.126072e+01,2.149656e+01,2.160735e+01,2.163503e+01,2.198039e+01,2.198729e+01,2.222833e+01,2.235207e+01,2.250311e+01,2.259225e+01,2.268132e+01,2.300270e+01,2.326861e+01,2.326180e+01,2.328904e+01,2.375096e+01,2.401496e+01,2.418384e+01,2.435244e+01,2.456786e+01,2.479625e+01,2.484321e+01,2.533837e+01,2.534504e+01,2.558507e+01,2.564500e+01,2.590427e+01,2.604361e+01,2.624897e+01,2.643412e+01,2.638786e+01,2.646715e+01,2.645394e+01,2.646054e+01,2.632175e+01,2.626882e+01,2.603698e+01,2.624897e+01,2.600381e+01,2.599055e+01,2.587106e+01,2.575809e+01,2.574479e+01,2.570488e+01,2.547179e+01,2.549179e+01,2.557841e+01,2.533837e+01,2.521814e+01,2.500406e+01,2.505762e+01,2.502415e+01,2.491026e+01,2.484992e+01,2.471570e+01,2.450059e+01,2.447367e+01,2.411632e+01,2.371706e+01,2.342511e+01,2.312551e+01,2.308459e+01,2.282504e+01,2.280452e+01,2.248252e+01,2.242762e+01,2.218016e+01,2.215263e+01,2.212509e+01,2.205621e+01,2.221457e+01,2.218016e+01,2.215952e+01,2.183548e+01,2.180786e+01,2.179404e+01,2.167654e+01,2.173185e+01,2.176641e+01,2.164887e+01,2.180095e+01,2.151734e+01,2.170420e+01,2.163503e+01,2.154505e+01,2.152427e+01,2.152427e+01,2.172494e+01,2.150349e+01,2.147577e+01,2.142725e+01,2.148963e+01,2.148963e+01,2.142725e+01,2.146884e+01,2.148270e+01,2.146884e+01,2.140645e+01,2.138565e+01,2.144805e+01,2.140645e+01,2.144112e+01,2.146191e+01,2.150349e+01,2.134402e+01,2.135790e+01,2.138565e+01,2.142032e+01,2.138565e+01,2.136484e+01,2.141339e+01,2.139952e+01,2.139258e+01,2.151734e+01,2.149656e+01,2.169037e+01,2.162811e+01,2.169037e+01,2.171111e+01,2.179404e+01,2.171111e+01,2.175258e+01,2.172494e+01,2.176641e+01,2.171802e+01,2.166962e+01,2.175258e+01,2.173185e+01,2.161427e+01,2.175258e+01,2.172494e+01,2.188381e+01,2.172494e+01,2.175949e+01,2.182167e+01,2.188381e+01,2.195280e+01,2.195970e+01,2.204243e+01,2.198729e+01,2.210443e+01,2.202176e+01,2.197349e+01,2.215952e+01,2.217328e+01,2.211132e+01,2.216640e+01,2.219393e+01,2.223520e+01,2.218705e+01,2.233833e+01,2.224208e+01,2.227647e+01,2.226271e+01,2.227647e+01,2.222145e+01,2.225584e+01,2.218705e+01,2.224896e+01,2.215952e+01,2.218016e+01,2.220769e+01,2.232458e+01,2.217328e+01,2.231771e+01,2.214575e+01,2.220081e+01,2.215952e+01,2.218705e+01,2.218705e+01,2.213886e+01,2.213198e+01,2.209755e+01,2.227647e+01,2.207688e+01,2.208377e+01,2.215952e+01,2.222145e+01,2.211821e+01,2.213886e+01,2.211821e+01,2.206999e+01,2.211821e+01,2.217328e+01,2.204932e+01,2.204243e+01,2.201486e+01,2.215952e+01,2.202176e+01,2.214575e+01
2.243448e+01,2.247566e+01,2.250311e+01,2.247566e+01,2.236581e+01,2.246880e+01,2.231771e+01,2.233833e+01,2.231084e+01,2.234520e+01,2.236581e+01,2.226959e+01,2.237268e+01,2.231771e+01,2.220081e+01,2.222833e+01,2.220769e+01,2.223520e+01,2.224896e+01,2.221457e+01,2.222145e+01,2.215263e+01,2.212509e+01,2.209066e+01,2.208377e+01,2.209755e+01,2.211821e+01,2.203554e+01,2.214575e+01,2.192521e+01,2.204243e+01,2.198729e+01,2.205621e+01,2.206999e+01,2.204243e+01,2.209066e+01,2.217328e+01,2.198039e+01,2.214575e+01,2.211821e+01,2.209066e+01,2.216640e+01,2.224208e+01,2.223520e+01,2.215952e+01,2.216640e+01,2.229022e+01,2.222833e+01,2.227647e+01,2.235207e+01,2.222145e+01,2.225584e+01,2.227647e+01,2.227647e+01,2.227647e+01,2.240015e+01,2.240702e+01,2.228334e+01,2.240702e+01,2.230396e+01,2.240015e+01,2.232458e+01,2.225584e+01,2.228334e+01,2.229709e+01,2.228334e+01,2.237268e+01,2.242075e+01,2.236581e+01,2.247566e+01,2.240702e+01,2.241389e+01,2.233833e+01,2.245507e+01,2.239328e+01,2.244821e+01,2.224896e+01,2.242075e+01,2.239328e+01,2.231084e+01,2.240015e+01,2.229709e+01,2.233146e+01,2.233146e+01,2.240015e+01,2.231084e+01,2.216640e+01,2.231771e+01,2.233146e+01,2.222833e+01,2.220769e+01,2.228334e+01,2.229022e+01,2.231084e+01,2.216640e+01,2.229022e+01,2.231771e+01,2.209755e+01,2.213198e+01,2.227647e+01,2.221457e+01,2.229022e+01,2.224208e+01,2.222833e+01,2.228334e+01,2.224208e+01,2.224208e+01,2.215952e+01,2.213886e+01,2.224208e+01,2.219393e+01,2.217328e+01,2.218705e+01,2.224208e+01,2.222833e+01,2.229022e+01,2.224208e+01,2.220081e+01,2.219393e+01,2.221457e+01,2.224896e+01,2.219393e+01,2.225584e+01,2.218705e+01,2.214575e+01,2.213886e+01,2.224208e+01,2.218016e+01,2.222145e+01,2.222145e+01,2.220081e+01,2.224208e+01,2.230396e+01,2.224208e+01,2.220081e+01,2.227647e+01,2.243448e+01,2.222145e+01,2.221457e+01,2.222833e+01,2.222145e+01,2.211132e+01,2.225584e+01,2.225584e+01,2.216640e+01,2.220081e+01,2.230396e+01,2.224896e+01,2.210443e+01,2.211821e+01,2.218705e+01,2.223520e+01,2.212509e+01,2.217328e+01,2.220081e+01,2.224208e+01,2.219393e+01,2.225584e+01,2.218016e+01,2.225584e+01,2.222145e+01,2.199418e+01,2.220769e+01,2.224896e+01,2.220769e+01,2.222833e+01,2.209066e+01,2.218705e+01,2.218705e+01,2.208377e+01,2.213886e+01,2.215952e+01,2.208377e+01,2.200797e+01,2.202865e+01,2.202865e+01,2.218705e+01,2.194591e+01,2.201486e+01,2.198039e+01,2.209755e+01,2.217328e+01,2.209755e+01,2.234520e+01,2.265392e+01,2.287974e+01,2.330265e+01,2.342511e+01,2.397439e+01,2.435244e+01,2.488345e+01,2.526491e+01,2.568493e+01,2.594410e+01,2.618939e+01,2.624897e+01,2.629529e+01,2.659916e+01,2.667828e+01,2.671124e+01,2.659916e+01,2.667828e+01,2.653977e+01,2.666510e+01,2.636803e+01,2.630190e+01,2.606350e+01,2.561837e+01,2.511784e+01,2.417034e+01,2.292074e+01,2.199418e+01,2.144805e+01,2.117041e+01,2.110088e+01,2.104522e+01,2.104522e+01,2.101738e+01,2.101042e+01,2.101042e+01,2.100345e+01,2.099649e+01,2.105218e+01,2.096864e+01,2.101738e+01,2.091987e+01,2.102434e+01,2.100345e+01,2.091987e+01,2.104522e+01,2.103826e+01,2.102434e+01,2.101738e+01,2.107305e+01,2.108001e+01,2.108001e+01,2.096864e+01,2.091291e+01,2.094774e+01,2.089200e+01,2.075251e+01,2.089897e+01,2.082925e+01,2.085017e+01,2.082925e+01,2.081530e+01,2.082228e+01,2.089897e+01,2.078042e+01,2.077344e+01,2.083623e+01,2.089897e+01,2.073855e+01,2.086412e+01,2.088503e+01,2.087806e+01,2.087806e+01,2.086412e+01,2.089200e+01,2.089897e+01,2.091291e+01,2.093381e+01,2.094774e+01,2.078740e+01,2.092684e+01,2.087109e+01,2.085715e+01,2.094077e+01,2.089200e+01,2.094077e+01,2.089897e+01,2.094077e+01,2.092684e+01,2.091987e+01,2.091987e+01,2.092684e+01,2.095471e+01,2.094774e+01,2.088503e+01,2.095471e+01,2.095471e+01,2.103826e+01,2.096167e+01,2.101738e+01,2.100345e+01,2.098953e+01,2.101042e+01,2.103130e+01,2.096864e+01,2.097560e+01,2.101042e+01,2.105914e+01,2.096167e+01,2.108001e+01,2.110088e+01,2.104522e+01,2.103826e+01,2.119126e+01,2.107305e+01,2.104522e+01,2.116345e+01,2.117041e+01,2.103130e+01,2.113565e+01,2.116345e+01,2.122600e+01,2.109392e+01,2.112869e+01,2.126767e+01,2.113565e+01,2.121905e+01,2.123989e+01,2.122600e+01,2.122600e+01,2.121210e+01,2.130932e+01,2.127461e+01,2.126072e+01,2.121905e+01,2.110783e+01,2.109392e+01,2.108696e+01,2.110088e+01,2.112869e+01,2.107305e+01,2.117041e+01,2.114260e+01,2.113565e+01,2.117736e+01,2.114260e+01,2.109392e+01,2.120515e+01,2.114260e+01,2.105914e+01,2.100345e+01,2.110783e+01,2.109392e+01,2.106609e+01,2.101042e+01,2.097560e+01,2.119126e+01,2.107305e+01,2.096167e+01,2.107305e+01,2.102434e+01,2.096167e+01,2.105218e+01,2.112869e+01,2.113565e+01,2.114260e+01,2.104522e+01,2.096864e+01,2.122600e+01,2.118431e+01,2.109392e+01,2.109392e+01,2.125378e+01,2.115650e+01,2.135096e+01,2.119126e+01,2.130238e+01,2.112869e+01,2.126767e+01,2.116345e+01,2.117736e+01,2.128156e+01,2.129544e+01,2.133708e+01,2.132320e+01,2.136484e+01,2.139258e+01,2.164195e+01,2.133014e+01,2.141339e+01,2.141339e+01,2.138565e+01,2.144112e+01,2.146191e+01,2.138565e+01,2.146191e+01,2.146884e+01,2.140645e+01,2.146191e+01,2.133014e+01,2.142725e+01,2.130932e+01,2.146884e+01,2.134402e+01,2.135790e+01,2.137871e+01,2.141339e+01,2.144805e+01,2.138565e+01,2.139952e+01,2.140645e+01,2.143419e+01,2.137871e+01,2.136484e+01,2.131626e+01,2.118431e+01,2.133014e+01,2.127461e+01,2.120515e+01,2.114260e+01,2.130932e+01,2.108696e+01,2.110088e+01,2.112869e+01,2.113565e+01,2.112869e+01,2.113565e+01,2.111479e+01,2.117041e+01,2.115650e+01,2.103130e+01,2.104522e+01,2.102434e+01,2.100345e+01,2.114260e+01,2.098256e+01,2.094077e+01,2.103130e+01,2.105218e+01,2.105218e+01,2.098256e+01,2.109392e+01,2.103826e+01,2.106609e+01,2.101738e+01,2.092684e+01,2.099649e+01,2.094077e+01,2.091987e+01,2.090594e+01,2.107305e+01,2.110088e+01,2.094077e+01,2.112869e+01,2.112869e+01,2.123294e+01,2.105914e+01,2.103130e+01,2.106609e+01,2.115650e+01,2.110088e+01,2.096864e+01,2.115650e+01,2.107305e+01,2.120515e+01,2.121210e+01,2.133708e+01,2.148270e+01,2.153812e+01,2.172494e+01,2.195280e+01,2.211821e+01,2.231084e+01,2.241389e+01,2.264022e+01,2.283188e+01,2.285239e+01,2.287290e+01,2.302318e+01,2.322775e+01,2.360174e+01,2.375096e+01,2.384581e+01,2.419059e+01,2.454095e+01,2.454095e+01,2.477612e+01,2.493707e+01,2.523151e+01,2.558507e+01,2.543179e+01,2.563168e+01,2.583785e+01,2.597064e+01,2.601708e+01,2.626221e+01,2.639447e+01,2.628206e+01,2.634159e+01,2.639447e+01,2.632836e+01,2.629529e+01,2.631513e+01,2.604361e+01,2.595737e+01,2.601708e+01,2.577139e+01,2.585113e+01,2.587106e+01,2.567827e+01,2.569823e+01,2.545179e+01,2.533837e+01,2.545179e+01,2.519809e+01,2.497727e+01,2.503754e+01,2.495717e+01,2.491026e+01,2.474256e+01,2.473584e+01,2.452077e+01,2.421758e+01,2.399467e+01,2.366959e+01,2.343871e+01,2.326861e+01,2.296173e+01,2.273610e+01,2.268132e+01,2.242762e+01,2.242762e+01,2.238642e+01,2.209755e+01,2.209066e+01,2.196660e+01,2.200797e+01,2.211821e+01,2.204932e+01,2.200797e+01,2.184239e+01,2.180786e+01,2.178022e+01,2.171802e+01,2.174567e+01,2.183548e+01,2.173876e+01,2.164195e+01,2.157274e+01,2.153119e+01,2.165579e+01,2.165579e+01,2.148270e+01,2.152427e+01,2.151042e+01,2.142725e+01,2.146884e+01,2.155890e+01,2.155890e+01,2.142032e+01,2.143419e+01,2.145498e+01,2.150349e+01,2.147577e+01,2.138565e+01,2.145498e+01,2.142032e+01,2.143419e+01,2.146191e+01,2.146884e+01,2.144112e+01,2.139258e+01,2.144805e+01,2.137871e+01,2.135790e+01,2.136484e+01,2.137871e+01,2.142725e+01,2.147577e+01,2.142032e+01,2.159351e+01,2.166270e+01,2.157274e+01,2.161427e+01,2.164195e+01,2.173185e+01,2.168345e+01,2.167654e+01,2.173185e+01,2.173185e+01,2.172494e+01,2.166962e+01,2.176641e+01,2.172494e+01,2.166962e+01,2.173185e+01,2.175949e+01,2.173185e+01,2.171802e+01,2.173876e+01,2.191141e+01,2.191141e+01,2.195280e+01,2.187000e+01,2.195280e+01,2.200107e+01,2.197349e+01,2.212509e+01,2.207688e+01,2.206310e+01,2.204932e+01,2.215952e+01,2.218705e+01,2.228334e+01,2.218705e+01,2.215263e+01,2.219393e+01,2.235894e+01,2.224208e+01,2.223520e+01,2.217328e+01,2.219393e+01,2.226959e+01,2.223520e+01,2.220769e+01,2.226959e+01,2.220081e+01,2.222833e+01,2.218016e+01,2.222145e+01,2.206999e+01,2.214575e+01,2.223520e+01,2.217328e+01,2.215952e+01,2.202865e+01,2.206310e+01,2.213198e+01,2.222833e+01,2.213198e+01,2.215952e+01,2.219393e+01,2.228334e+01,2.213886e+01,2.216640e+01,2.215263e+01,2.204932e+01,2.204932e+01,2.216640e+01,2.213886e+01,2.216640e+01,2.218016e+01,2.207688e+01,2.201486e+01,2.213198e+01,2.206310e+01
2.246880e+01,2.247566e+01,2.247566e+01,2.240702e+01,2.233833e+01,2.233833e+01,2.252369e+01,2.237268e+01,2.228334e+01,2.221457e+01,2.229022e+01,2.231771e+01,2.221457e+01,2.232458e+01,2.224208e+01,2.239328e+01,2.226271e+01,2.224208e+01,2.211132e+01,2.224896e+01,2.222145e+01,2.211132e+01,2.218016e+01,2.207688e+01,2.209066e+01,2.215263e+01,2.215263e+01,2.198729e+01,2.208377e+01,2.200107e+01,2.211132e+01,2.206999e+01,2.200107e+01,2.199418e+01,2.195970e+01,2.204243e+01,2.208377e+01,2.215263e+01,2.216640e+01,2.213886e+01,2.216640e+01,2.213886e+01,2.221457e+01,2.211821e+01,2.222833e+01,2.225584e+01,2.220769e+01,2.222833e+01,2.223520e+01,2.227647e+01,2.222833e+01,2.237268e+01,2.234520e+01,2.229022e+01,2.226271e+01,2.226959e+01,2.224896e+01,2.229709e+01,2.238642e+01,2.233146e+01,2.231771e+01,2.226959e+01,2.230396e+01,2.229709e+01,2.222145e+01,2.233146e+01,2.231084e+01,2.242075e+01,2.239328e+01,2.241389e+01,2.232458e+01,2.236581e+01,2.236581e+01,2.231084e+01,2.240015e+01,2.234520e+01,2.243448e+01,2.228334e+01,2.242075e+01,2.240015e+01,2.240015e+01,2.248252e+01,2.233146e+01,2.231084e+01,2.238642e+01,2.233146e+01,2.235207e+01,2.224208e+01,2.233146e+01,2.222833e+01,2.220081e+01,2.229022e+01,2.211132e+01,2.224208e+01,2.224208e+01,2.230396e+01,2.215952e+01,2.219393e+01,2.219393e+01,2.215952e+01,2.223520e+01,2.222145e+01,2.214575e+01,2.222833e+01,2.212509e+01,2.215952e+01,2.216640e+01,2.228334e+01,2.219393e+01,2.220769e+01,2.219393e+01,2.222145e+01,2.226959e+01,2.220081e+01,2.223520e+01,2.225584e+01,2.224208e+01,2.222145e+01,2.223520e+01,2.226959e+01,2.225584e+01,2.220769e+01,2.226271e+01,2.217328e+01,2.225584e+01,2.222833e+01,2.224896e+01,2.233146e+01,2.222833e+01,2.220769e+01,2.233146e+01,2.234520e+01,2.222145e+01,2.228334e+01,2.227647e+01,2.224896e+01,2.224208e+01,2.237955e+01,2.221457e+01,2.226271e+01,2.226271e+01,2.220769e+01,2.221457e+01,2.224208e+01,2.221457e+01,2.225584e+01,2.223520e+01,2.222833e+01,2.219393e+01,2.229709e+01,2.220081e+01,2.226271e+01,2.223520e+01,2.226959e+01,2.215952e+01,2.220081e+01,2.226271e+01,2.219393e+01,2.235894e+01,2.222833e+01,2.208377e+01,2.222833e+01,2.225584e+01,2.223520e+01,2.220081e+01,2.206999e+01,2.214575e+01,2.202176e+01,2.211132e+01,2.202865e+01,2.218705e+01,2.211132e+01,2.220081e+01,2.214575e+01,2.195970e+01,2.199418e+01,2.200797e+01,2.199418e+01,2.198039e+01,2.209755e+01,2.202176e+01,2.206999e+01,2.216640e+01,2.240702e+01,2.266078e+01,2.289341e+01,2.331627e+01,2.350667e+01,2.394057e+01,2.438613e+01,2.475598e+01,2.519809e+01,2.558507e+01,2.591755e+01,2.612315e+01,2.630190e+01,2.640769e+01,2.654637e+01,2.669806e+01,2.667169e+01,2.662554e+01,2.664532e+01,2.666510e+01,2.667169e+01,2.668487e+01,2.655957e+01,2.631513e+01,2.605687e+01,2.559839e+01,2.513791e+01,2.417034e+01,2.274978e+01,2.183548e+01,2.129544e+01,2.126072e+01,2.108001e+01,2.102434e+01,2.103130e+01,2.101042e+01,2.099649e+01,2.091291e+01,2.105218e+01,2.094774e+01,2.091987e+01,2.093381e+01,2.093381e+01,2.101042e+01,2.087806e+01,2.101738e+01,2.103130e+01,2.104522e+01,2.097560e+01,2.101738e+01,2.098256e+01,2.105218e+01,2.099649e+01,2.094774e+01,2.092684e+01,2.101738e+01,2.094774e+01,2.089200e+01,2.087109e+01,2.084320e+01,2.082228e+01,2.085017e+01,2.080135e+01,2.089200e+01,2.077344e+01,2.080135e+01,2.080833e+01,2.078740e+01,2.082925e+01,2.080135e+01,2.080135e+01,2.072459e+01,2.086412e+01,2.088503e+01,2.083623e+01,2.091987e+01,2.087806e+01,2.089897e+01,2.085715e+01,2.091291e+01,2.089897e+01,2.091987e+01,2.080135e+01,2.082228e+01,2.093381e+01,2.096167e+01,2.095471e+01,2.098953e+01,2.094077e+01,2.092684e+01,2.093381e+01,2.096864e+01,2.091291e+01,2.093381e+01,2.092684e+01,2.096864e+01,2.097560e+01,2.103130e+01,2.097560e+01,2.099649e+01,2.101042e+01,2.099649e+01,2.101042e+01,2.099649e+01,2.099649e+01,2.098256e+01,2.104522e+01,2.104522e+01,2.098256e+01,2.091291e+01,2.098953e+01,2.109392e+01,2.098953e+01,2.110783e+01,2.099649e+01,2.109392e+01,2.104522e+01,2.100345e+01,2.103130e+01,2.104522e+01,2.104522e+01,2.105218e+01,2.113565e+01,2.117041e+01,2.110088e+01,2.093381e+01,2.118431e+01,2.117736e+01,2.121210e+01,2.122600e+01,2.119820e+01,2.119126e+01,2.121210e+01,2.116345e+01,2.128156e+01,2.119820e+01,2.115650e+01,2.112869e+01,2.108696e+01,2.110783e+01,2.111479e+01,2.109392e+01,2.108001e+01,2.118431e+01,2.111479e+01,2.108696e+01,2.113565e+01,2.111479e+01,2.113565e+01,2.114260e+01,2.115650e+01,2.109392e+01,2.108001e+01,2.111479e+01,2.106609e+01,2.112174e+01,2.103130e+01,2.107305e+01,2.108696e+01,2.104522e+01,2.101738e+01,2.107305e+01,2.113565e+01,2.108696e+01,2.106609e+01,2.103130e+01,2.111479e+01,2.098256e+01,2.107305e+01,2.109392e+01,2.105914e+01,2.117041e+01,2.107305e+01,2.114260e+01,2.113565e+01,2.112174e+01,2.123294e+01,2.119820e+01,2.114955e+01,2.133708e+01,2.124683e+01,2.137177e+01,2.130932e+01,2.130238e+01,2.138565e+01,2.130238e+01,2.139952e+01,2.139952e+01,2.143419e+01,2.137177e+01,2.132320e+01,2.139952e+01,2.141339e+01,2.145498e+01,2.147577e+01,2.151042e+01,2.139258e+01,2.148270e+01,2.148270e+01,2.136484e+01,2.147577e+01,2.142032e+01,2.144112e+01,2.142032e+01,2.134402e+01,2.135096e+01,2.141339e+01,2.150349e+01,2.148270e+01,2.146884e+01,2.148963e+01,2.146884e+01,2.133708e+01,2.139258e+01,2.133014e+01,2.131626e+01,2.130238e+01,2.128850e+01,2.132320e+01,2.119820e+01,2.117041e+01,2.117041e+01,2.129544e+01,2.114260e+01,2.133014e+01,2.106609e+01,2.112869e+01,2.112174e+01,2.116345e+01,2.116345e+01,2.105914e+01,2.105218e+01,2.105914e+01,2.103130e+01,2.104522e+01,2.098953e+01,2.095471e+01,2.098256e+01,2.091987e+01,2.095471e+01,2.108001e+01,2.104522e+01,2.092684e+01,2.101738e+01,2.098256e+01,2.101042e+01,2.098256e+01,2.085017e+01,2.089897e+01,2.092684e+01,2.096864e+01,2.095471e+01,2.114260e+01,2.096167e+01,2.098953e+01,2.114955e+01,2.111479e+01,2.114955e+01,2.101738e+01,2.102434e+01,2.096864e+01,2.110088e+01,2.096864e+01,2.117736e+01,2.115650e+01,2.112869e+01,2.130932e+01,2.148963e+01,2.148270e+01,2.162811e+01,2.178022e+01,2.196660e+01,2.195970e+01,2.206999e+01,2.227647e+01,2.244821e+01,2.287290e+01,2.289341e+01,2.301635e+01,2.324137e+01,2.324818e+01,2.366959e+01,2.385935e+01,2.391350e+01,2.417034e+01,2.441981e+01,2.455441e+01,2.475598e+01,2.476270e+01,2.500406e+01,2.519140e+01,2.524487e+01,2.535839e+01,2.560505e+01,2.585778e+01,2.600381e+01,2.606350e+01,2.632175e+01,2.642751e+01,2.646054e+01,2.634159e+01,2.634820e+01,2.639447e+01,2.621588e+01,2.604361e+01,2.599718e+01,2.602371e+01,2.599055e+01,2.575809e+01,2.565165e+01,2.554511e+01,2.538509e+01,2.548513e+01,2.547179e+01,2.543179e+01,2.516466e+01,2.509108e+01,2.503084e+01,2.483651e+01,2.494377e+01,2.473584e+01,2.472241e+01,2.449386e+01,2.410281e+01,2.400820e+01,2.366959e+01,2.328223e+01,2.306412e+01,2.297539e+01,2.276347e+01,2.262652e+01,2.252369e+01,2.224208e+01,2.218016e+01,2.212509e+01,2.198729e+01,2.194591e+01,2.211821e+01,2.204243e+01,2.204243e+01,2.199418e+01,2.174567e+01,2.184239e+01,2.194591e+01,2.182858e+01,2.167654e+01,2.171802e+01,2.168345e+01,2.166270e+01,2.169728e+01,2.153812e+01,2.150349e+01,2.148270e+01,2.160043e+01,2.162119e+01,2.144112e+01,2.143419e+01,2.160735e+01,2.139258e+01,2.151042e+01,2.143419e+01,2.146884e+01,2.144805e+01,2.147577e+01,2.147577e+01,2.144112e+01,2.151734e+01,2.142032e+01,2.148270e+01,2.144805e+01,2.147577e+01,2.142725e+01,2.132320e+01,2.147577e+01,2.143419e+01,2.142725e+01,2.136484e+01,2.137871e+01,2.146191e+01,2.146191e+01,2.151734e+01,2.160043e+01,2.163503e+01,2.166270e+01,2.169037e+01,2.157967e+01,2.169037e+01,2.169037e+01,2.175949e+01,2.166962e+01,2.166962e+01,2.169037e+01,2.177332e+01,2.169037e+01,2.178022e+01,2.173185e+01,2.178713e+01,2.169728e+01,2.170420e+01,2.171111e+01,2.179404e+01,2.191831e+01,2.192521e+01,2.182858e+01,2.185620e+01,2.187000e+01,2.188381e+01,2.193901e+01,2.197349e+01,2.202865e+01,2.207688e+01,2.211132e+01,2.215263e+01,2.219393e+01,2.220769e+01,2.217328e+01,2.224896e+01,2.213886e+01,2.213886e+01,2.218016e+01,2.209755e+01,2.218016e+01,2.213886e+01,2.218705e+01,2.223520e+01,2.218016e+01,2.218016e+01,2.230396e+01,2.217328e+01,2.218016e+01,2.222145e+01,2.219393e+01,2.219393e+01,2.214575e+01,2.215263e+01,2.222145e+01,2.220769e+01,2.222833e+01,2.218705e+01,2.213198e+01,2.226959e+01,2.220769e+01,2.203554e+01,2.217328e+01,2.207688e+01,2.215952e+01,2.215952e+01,2.211132e+01,2.203554e+01,2.205621e+01,2.202176e+01,2.202176e+01,2.208377e+01,2.203554e+01,2.206310e+01,2.215952e+01,2.213198e+01
2.250997e+01,2.250311e+01,2.250997e+01,2.234520e+01,2.229022e+01,2.236581e+01,2.234520e+01,2.237955e+01,2.242762e+01,2.237955e+01,2.222833e+01,2.238642e+01,2.222833e+01,2.233833e+01,2.219393e+01,2.226271e+01,2.222145e+01,2.226271e+01,2.224896e+01,2.217328e+01,2.222833e+01,2.216640e+01,2.215952e+01,2.199418e+01,2.199418e+01,2.212509e+01,2.212509e+01,2.208377e+01,2.210443e+01,2.210443e+01,2.204243e+01,2.197349e+01,2.192521e+01,2.215952e+01,2.204932e+01,2.221457e+01,2.211132e+01,2.202176e+01,2.202865e+01,2.214575e+01,2.215263e+01,2.211821e+01,2.224896e+01,2.228334e+01,2.224208e+01,2.223520e+01,2.226959e+01,2.227647e+01,2.226271e+01,2.232458e+01,2.231084e+01,2.224896e+01,2.229022e+01,2.234520e+01,2.226959e+01,2.229709e+01,2.227647e+01,2.224896e+01,2.229022e+01,2.227647e+01,2.234520e+01,2.221457e+01,2.228334e+01,2.231771e+01,2.233146e+01,2.237955e+01,2.234520e+01,2.235894e+01,2.242075e+01,2.242075e+01,2.229709e+01,2.231084e+01,2.231771e+01,2.233146e+01,2.232458e+01,2.235894e+01,2.226959e+01,2.229022e+01,2.237268e+01,2.235894e+01,2.237955e+01,2.235207e+01,2.243448e+01,2.231084e+01,2.229022e+01,2.227647e+01,2.224208e+01,2.224896e+01,2.224896e+01,2.226959e+01,2.224896e+01,2.223520e+01,2.211821e+01,2.227647e+01,2.218705e+01,2.229022e+01,2.221457e+01,2.220081e+01,2.217328e+01,2.216640e+01,2.226959e+01,2.226271e+01,2.214575e+01,2.215952e+01,2.230396e+01,2.224208e+01,2.220769e+01,2.223520e+01,2.215952e+01,2.220769e+01,2.221457e+01,2.223520e+01,2.219393e+01,2.224208e+01,2.219393e+01,2.229022e+01,2.222833e+01,2.220769e+01,2.224896e+01,2.229709e+01,2.231084e+01,2.220769e+01,2.220081e+01,2.226959e+01,2.219393e+01,2.224208e+01,2.216640e+01,2.229022e+01,2.220769e+01,2.224208e+01,2.222833e+01,2.230396e+01,2.231084e+01,2.226271e+01,2.224896e+01,2.221457e+01,2.224896e+01,2.226959e+01,2.225584e+01,2.225584e+01,2.246880e+01,2.222833e+01,2.213886e+01,2.225584e+01,2.222145e+01,2.221457e+01,2.221457e+01,2.222145e+01,2.215263e+01,2.230396e+01,2.227647e+01,2.219393e+01,2.200107e+01,2.216640e+01,2.220081e+01,2.219393e+01,2.233833e+01,2.224896e+01,2.226959e+01,2.224208e+01,2.206310e+01,2.224208e+01,2.222833e+01,2.222833e+01,2.221457e+01,2.219393e+01,2.204932e+01,2.204932e+01,2.209066e+01,2.203554e+01,2.200797e+01,2.206310e+01,2.201486e+01,2.196660e+01,2.197349e+01,2.191141e+01,2.205621e+01,2.191831e+01,2.184929e+01,2.203554e+01,2.207688e+01,2.205621e+01,2.209755e+01,2.248252e+01,2.264708e+01,2.281136e+01,2.313915e+01,2.348629e+01,2.390673e+01,2.431874e+01,2.475598e+01,2.517803e+01,2.566496e+01,2.588434e+01,2.626221e+01,2.626882e+01,2.644733e+01,2.663213e+01,2.686926e+01,2.673100e+01,2.688900e+01,2.700735e+01,2.691531e+01,2.692189e+01,2.668487e+01,2.667828e+01,2.665851e+01,2.642751e+01,2.626882e+01,2.598391e+01,2.535839e+01,2.434570e+01,2.271556e+01,2.177332e+01,2.135096e+01,2.126767e+01,2.111479e+01,2.103130e+01,2.101042e+01,2.068967e+01,2.099649e+01,2.098953e+01,2.097560e+01,2.092684e+01,2.093381e+01,2.103130e+01,2.102434e+01,2.100345e+01,2.098256e+01,2.096864e+01,2.094774e+01,2.100345e+01,2.107305e+01,2.098953e+01,2.105914e+01,2.106609e+01,2.113565e+01,2.103130e+01,2.104522e+01,2.090594e+01,2.091987e+01,2.089897e+01,2.086412e+01,2.086412e+01,2.077344e+01,2.083623e+01,2.094077e+01,2.081530e+01,2.087109e+01,2.076647e+01,2.084320e+01,2.078740e+01,2.085017e+01,2.086412e+01,2.081530e+01,2.086412e+01,2.083623e+01,2.078042e+01,2.087109e+01,2.087109e+01,2.089897e+01,2.091291e+01,2.095471e+01,2.091987e+01,2.098256e+01,2.094774e+01,2.091987e+01,2.083623e+01,2.097560e+01,2.084320e+01,2.094077e+01,2.095471e+01,2.097560e+01,2.091291e+01,2.082925e+01,2.096864e+01,2.089200e+01,2.094774e+01,2.090594e+01,2.098953e+01,2.098256e+01,2.096864e+01,2.096167e+01,2.096864e+01,2.097560e+01,2.100345e+01,2.096864e+01,2.098953e+01,2.093381e+01,2.090594e+01,2.091987e+01,2.098256e+01,2.090594e+01,2.100345e+01,2.103826e+01,2.098953e+01,2.098256e+01,2.103130e+01,2.098953e+01,2.106609e+01,2.103826e+01,2.095471e+01,2.103130e+01,2.105914e+01,2.109392e+01,2.116345e+01,2.103826e+01,2.117736e+01,2.116345e+01,2.113565e+01,2.116345e+01,2.122600e+01,2.110783e+01,2.118431e+01,2.120515e+01,2.108696e+01,2.121905e+01,2.121905e+01,2.116345e+01,2.115650e+01,2.111479e+01,2.118431e+01,2.109392e+01,2.109392e+01,2.115650e+01,2.112174e+01,2.112869e+01,2.110088e+01,2.114955e+01,2.134402e+01,2.114260e+01,2.115650e+01,2.112174e+01,2.110783e+01,2.114260e+01,2.119820e+01,2.114260e+01,2.108696e+01,2.101042e+01,2.096167e+01,2.096167e+01,2.091987e+01,2.103826e+01,2.110783e+01,2.105914e+01,2.096167e+01,2.109392e+01,2.100345e+01,2.124683e+01,2.112869e+01,2.117041e+01,2.117041e+01,2.114955e+01,2.109392e+01,2.114955e+01,2.105914e+01,2.108001e+01,2.107305e+01,2.112869e+01,2.117041e+01,2.116345e+01,2.132320e+01,2.131626e+01,2.123989e+01,2.139258e+01,2.130238e+01,2.133708e+01,2.137177e+01,2.129544e+01,2.134402e+01,2.136484e+01,2.133708e+01,2.145498e+01,2.151734e+01,2.145498e+01,2.146191e+01,2.141339e+01,2.149656e+01,2.151042e+01,2.142032e+01,2.151734e+01,2.151734e+01,2.146884e+01,2.144805e+01,2.136484e+01,2.142725e+01,2.151042e+01,2.139952e+01,2.135790e+01,2.138565e+01,2.152427e+01,2.140645e+01,2.139258e+01,2.145498e+01,2.143419e+01,2.143419e+01,2.139258e+01,2.133014e+01,2.131626e+01,2.130238e+01,2.107305e+01,2.122600e+01,2.119820e+01,2.127461e+01,2.128156e+01,2.119820e+01,2.110088e+01,2.117736e+01,2.112869e+01,2.116345e+01,2.112869e+01,2.114260e+01,2.113565e+01,2.103130e+01,2.103826e+01,2.109392e+01,2.113565e+01,2.111479e+01,2.096167e+01,2.098953e+01,2.101738e+01,2.100345e+01,2.109392e+01,2.103826e+01,2.117041e+01,2.101738e+01,2.112869e+01,2.091291e+01,2.100345e+01,2.095471e+01,2.096167e+01,2.096864e+01,2.095471e+01,2.096864e+01,2.111479e+01,2.107305e+01,2.114260e+01,2.112869e+01,2.116345e+01,2.111479e+01,2.119820e+01,2.101042e+01,2.102434e+01,2.110783e+01,2.112869e+01,2.096864e+01,2.114260e+01,2.117041e+01,2.118431e+01,2.121905e+01,2.140645e+01,2.158659e+01,2.183548e+01,2.178713e+01,2.193211e+01,2.197349e+01,2.209066e+01,2.227647e+01,2.226959e+01,2.268817e+01,2.282504e+01,2.297539e+01,2.310505e+01,2.322093e+01,2.334349e+01,2.372384e+01,2.379162e+01,2.402172e+01,2.437266e+01,2.438613e+01,2.445347e+01,2.456113e+01,2.474927e+01,2.504423e+01,2.504423e+01,2.531834e+01,2.557175e+01,2.563168e+01,2.599055e+01,2.612315e+01,2.611653e+01,2.633497e+01,2.632836e+01,2.627544e+01,2.627544e+01,2.625559e+01,2.605687e+01,2.617615e+01,2.622250e+01,2.593082e+01,2.597728e+01,2.567827e+01,2.559173e+01,2.557841e+01,2.552512e+01,2.535172e+01,2.535839e+01,2.526491e+01,2.515129e+01,2.511115e+01,2.503754e+01,2.503754e+01,2.477612e+01,2.472241e+01,2.450059e+01,2.431200e+01,2.408930e+01,2.379162e+01,2.348629e+01,2.322775e+01,2.317323e+01,2.294807e+01,2.275663e+01,2.270187e+01,2.255112e+01,2.231771e+01,2.214575e+01,2.210443e+01,2.210443e+01,2.211132e+01,2.199418e+01,2.208377e+01,2.211821e+01,2.191831e+01,2.182167e+01,2.179404e+01,2.180786e+01,2.180095e+01,2.171111e+01,2.170420e+01,2.169728e+01,2.163503e+01,2.169037e+01,2.168345e+01,2.165579e+01,2.156582e+01,2.153812e+01,2.150349e+01,2.148963e+01,2.149656e+01,2.151734e+01,2.160043e+01,2.148963e+01,2.142725e+01,2.144805e+01,2.145498e+01,2.145498e+01,2.122600e+01,2.131626e+01,2.133014e+01,2.150349e+01,2.149656e+01,2.146884e+01,2.142725e+01,2.143419e+01,2.136484e+01,2.137871e+01,2.135096e+01,2.139258e+01,2.149656e+01,2.141339e+01,2.139952e+01,2.149656e+01,2.146884e+01,2.153812e+01,2.159351e+01,2.147577e+01,2.150349e+01,2.166270e+01,2.155197e+01,2.157967e+01,2.162811e+01,2.169728e+01,2.173185e+01,2.163503e+01,2.164195e+01,2.160735e+01,2.169037e+01,2.168345e+01,2.171802e+01,2.169037e+01,2.183548e+01,2.173876e+01,2.184239e+01,2.178713e+01,2.184929e+01,2.184929e+01,2.189071e+01,2.188381e+01,2.184929e+01,2.193901e+01,2.196660e+01,2.202176e+01,2.213198e+01,2.212509e+01,2.210443e+01,2.214575e+01,2.223520e+01,2.226271e+01,2.218016e+01,2.209755e+01,2.209755e+01,2.215263e+01,2.215952e+01,2.220769e+01,2.219393e+01,2.215263e+01,2.218705e+01,2.218705e+01,2.224208e+01,2.233146e+01,2.217328e+01,2.220769e+01,2.223520e+01,2.224896e+01,2.222833e+01,2.218016e+01,2.215263e+01,2.219393e+01,2.208377e+01,2.206310e+01,2.217328e+01,2.220081e+01,2.220081e+01,2.215952e+01,2.221457e+01,2.209066e+01,2.201486e+01,2.204243e+01,2.202176e+01,2.213886e+01,2.204243e+01,2.208377e+01,2.212509e+01,2.204932e+01,2.210443e+01,2.225584e+01,2.209755e+01,2.203554e+01,2.215263e+01
2.252369e+01,2.248252e+01,2.237955e+01,2.246194e+01,2.237955e+01,2.237268e+01,2.237268e+01,2.229022e+01,2.224208e+01,2.237955e+01,2.215952e+01,2.222833e+01,2.233833e+01,2.228334e+01,2.220081e+01,2.224896e+01,2.229022e+01,2.222833e+01,2.215263e+01,2.206999e+01,2.211821e+01,2.210443e+01,2.196660e+01,2.205621e+01,2.214575e+01,2.211132e+01,2.211821e+01,2.206310e+01,2.212509e+01,2.206999e+01,2.206310e+01,2.202176e+01,2.209755e+01,2.215952e+01,2.213886e+01,2.214575e+01,2.214575e+01,2.214575e+01,2.218705e+01,2.212509e+01,2.210443e+01,2.222145e+01,2.222833e+01,2.226271e+01,2.226271e+01,2.218705e+01,2.228334e+01,2.225584e+01,2.224208e+01,2.228334e+01,2.224896e+01,2.237955e+01,2.227647e+01,2.235894e+01,2.231084e+01,2.229709e+01,2.240702e+01,2.235894e+01,2.222145e+01,2.234520e+01,2.229709e+01,2.233833e+01,2.233833e+01,2.231771e+01,2.226959e+01,2.237268e+01,2.231084e+01,2.246194e+01,2.245507e+01,2.235894e+01,2.236581e+01,2.234520e+01,2.235207e+01,2.229022e+01,2.235207e+01,2.231084e+01,2.237955e+01,2.244821e+01,2.232458e+01,2.231771e+01,2.227647e+01,2.243448e+01,2.240015e+01,2.228334e+01,2.229709e+01,2.227647e+01,2.224208e+01,2.233146e+01,2.240702e+01,2.226271e+01,2.224208e+01,2.222833e+01,2.203554e+01,2.233833e+01,2.226271e+01,2.222833e+01,2.224208e+01,2.217328e+01,2.218016e+01,2.219393e+01,2.224896e+01,2.215263e+01,2.226959e+01,2.217328e+01,2.213198e+01,2.215952e+01,2.210443e+01,2.224208e+01,2.215952e+01,2.219393e+01,2.219393e+01,2.222833e+01,2.224208e+01,2.223520e+01,2.217328e+01,2.221457e+01,2.221457e+01,2.219393e+01,2.226271e+01,2.231771e+01,2.230396e+01,2.220081e+01,2.211132e+01,2.225584e+01,2.220081e+01,2.214575e+01,2.220769e+01,2.222145e+01,2.223520e+01,2.213886e+01,2.220081e+01,2.227647e+01,2.222833e+01,2.226271e+01,2.219393e+01,2.224208e+01,2.219393e+01,2.228334e+01,2.222833e+01,2.224208e+01,2.224208e+01,2.216640e+01,2.220769e+01,2.213886e+01,2.224208e+01,2.222833e+01,2.222145e+01,2.228334e+01,2.224896e+01,2.224896e+01,2.210443e+01,2.231771e+01,2.219393e+01,2.198729e+01,2.220081e+01,2.218705e+01,2.225584e+01,2.223520e+01,2.225584e+01,2.236581e+01,2.225584e+01,2.221457e+01,2.231771e+01,2.218016e+01,2.225584e+01,2.216640e+01,2.211821e+01,2.209755e+01,2.214575e+01,2.211132e+01,2.206999e+01,2.200107e+01,2.214575e+01,2.204243e+01,2.212509e+01,2.200797e+01,2.187691e+01,2.198039e+01,2.200797e+01,2.196660e+01,2.199418e+01,2.210443e+01,2.219393e+01,2.243448e+01,2.266078e+01,2.283872e+01,2.311869e+01,2.349988e+01,2.388643e+01,2.424457e+01,2.472241e+01,2.516466e+01,2.567827e+01,2.597728e+01,2.632175e+01,2.634159e+01,2.658596e+01,2.660575e+01,2.661894e+01,2.688242e+01,2.690874e+01,2.709274e+01,2.709930e+01,2.703363e+01,2.708617e+01,2.717806e+01,2.706647e+01,2.667169e+01,2.667169e+01,2.628867e+01,2.618277e+01,2.541844e+01,2.433896e+01,2.277716e+01,2.195970e+01,2.139952e+01,2.105218e+01,2.101042e+01,2.103826e+01,2.100345e+01,2.103130e+01,2.103826e+01,2.103826e+01,2.094774e+01,2.090594e+01,2.097560e+01,2.097560e+01,2.096864e+01,2.101042e+01,2.099649e+01,2.097560e+01,2.099649e+01,2.109392e+01,2.098953e+01,2.098953e+01,2.101042e+01,2.114955e+01,2.097560e+01,2.108001e+01,2.095471e+01,2.094077e+01,2.105218e+01,2.088503e+01,2.103826e+01,2.088503e+01,2.091291e+01,2.084320e+01,2.083623e+01,2.078740e+01,2.080833e+01,2.072459e+01,2.094077e+01,2.068967e+01,2.075251e+01,2.078740e+01,2.091291e+01,2.085017e+01,2.080833e+01,2.076647e+01,2.087109e+01,2.080135e+01,2.087806e+01,2.090594e+01,2.095471e+01,2.096864e+01,2.091291e+01,2.096864e+01,2.096864e+01,2.094077e+01,2.087109e+01,2.095471e+01,2.101738e+01,2.094774e+01,2.093381e+01,2.082925e+01,2.089200e+01,2.095471e+01,2.098256e+01,2.096167e+01,2.098953e+01,2.094774e+01,2.095471e+01,2.098953e+01,2.095471e+01,2.096864e+01,2.089200e+01,2.094077e+01,2.098256e+01,2.103826e+01,2.094774e+01,2.091291e+01,2.103826e+01,2.075949e+01,2.108001e+01,2.096864e+01,2.096167e+01,2.098256e+01,2.099649e+01,2.097560e+01,2.098953e+01,2.109392e+01,2.097560e+01,2.098953e+01,2.101738e+01,2.105218e+01,2.105914e+01,2.106609e+01,2.109392e+01,2.112174e+01,2.108696e+01,2.119820e+01,2.118431e+01,2.116345e+01,2.113565e+01,2.117041e+01,2.121210e+01,2.119820e+01,2.122600e+01,2.117736e+01,2.121905e+01,2.113565e+01,2.112869e+01,2.116345e+01,2.110783e+01,2.112869e+01,2.110783e+01,2.115650e+01,2.112869e+01,2.114260e+01,2.117041e+01,2.113565e+01,2.110088e+01,2.110783e+01,2.115650e+01,2.119126e+01,2.119126e+01,2.107305e+01,2.110088e+01,2.087109e+01,2.109392e+01,2.112869e+01,2.110783e+01,2.112869e+01,2.110088e+01,2.103130e+01,2.096864e+01,2.100345e+01,2.111479e+01,2.110088e+01,2.114955e+01,2.105914e+01,2.108696e+01,2.115650e+01,2.108696e+01,2.112174e+01,2.113565e+01,2.129544e+01,2.113565e+01,2.114260e+01,2.114260e+01,2.116345e+01,2.121905e+01,2.131626e+01,2.124683e+01,2.140645e+01,2.129544e+01,2.131626e+01,2.129544e+01,2.132320e+01,2.132320e+01,2.133708e+01,2.129544e+01,2.142032e+01,2.137871e+01,2.146884e+01,2.148270e+01,2.150349e+01,2.144805e+01,2.142032e+01,2.151042e+01,2.137177e+01,2.135096e+01,2.149656e+01,2.154505e+01,2.137871e+01,2.139952e+01,2.155197e+01,2.145498e+01,2.130238e+01,2.149656e+01,2.145498e+01,2.144112e+01,2.138565e+01,2.142032e+01,2.150349e+01,2.139258e+01,2.139952e+01,2.133708e+01,2.116345e+01,2.129544e+01,2.124683e+01,2.130238e+01,2.133014e+01,2.120515e+01,2.126767e+01,2.120515e+01,2.116345e+01,2.119126e+01,2.110088e+01,2.111479e+01,2.116345e+01,2.114955e+01,2.112174e+01,2.109392e+01,2.112869e+01,2.109392e+01,2.109392e+01,2.112174e+01,2.101738e+01,2.100345e+01,2.101738e+01,2.102434e+01,2.114260e+01,2.098256e+01,2.093381e+01,2.096167e+01,2.103130e+01,2.102434e+01,2.089200e+01,2.096864e+01,2.100345e+01,2.082228e+01,2.092684e+01,2.100345e+01,2.103826e+01,2.113565e+01,2.111479e+01,2.108696e+01,2.115650e+01,2.113565e+01,2.117041e+01,2.101738e+01,2.103130e+01,2.110783e+01,2.113565e+01,2.100345e+01,2.105218e+01,2.115650e+01,2.121210e+01,2.145498e+01,2.146884e+01,2.149656e+01,2.169728e+01,2.181476e+01,2.195280e+01,2.189071e+01,2.201486e+01,2.192521e+01,2.225584e+01,2.244135e+01,2.249625e+01,2.255112e+01,2.282504e+01,2.315278e+01,2.307777e+01,2.321412e+01,2.346590e+01,2.373062e+01,2.383226e+01,2.401496e+01,2.435918e+01,2.445347e+01,2.451405e+01,2.469555e+01,2.484992e+01,2.525823e+01,2.533837e+01,2.547179e+01,2.561837e+01,2.567162e+01,2.598391e+01,2.596401e+01,2.593746e+01,2.601045e+01,2.603698e+01,2.590427e+01,2.598391e+01,2.599055e+01,2.594410e+01,2.575144e+01,2.579133e+01,2.565831e+01,2.563168e+01,2.551179e+01,2.551845e+01,2.548513e+01,2.519809e+01,2.520477e+01,2.515797e+01,2.488345e+01,2.484992e+01,2.481638e+01,2.484321e+01,2.471570e+01,2.444001e+01,2.437939e+01,2.408254e+01,2.403524e+01,2.363567e+01,2.327542e+01,2.314597e+01,2.277716e+01,2.279768e+01,2.269502e+01,2.254426e+01,2.215263e+01,2.218016e+01,2.213198e+01,2.209066e+01,2.210443e+01,2.215263e+01,2.201486e+01,2.198039e+01,2.186310e+01,2.189761e+01,2.196660e+01,2.179404e+01,2.178022e+01,2.170420e+01,2.177332e+01,2.161427e+01,2.172494e+01,2.157967e+01,2.170420e+01,2.151734e+01,2.154505e+01,2.150349e+01,2.151734e+01,2.145498e+01,2.152427e+01,2.148270e+01,2.139952e+01,2.139258e+01,2.140645e+01,2.140645e+01,2.130238e+01,2.143419e+01,2.140645e+01,2.144112e+01,2.141339e+01,2.135790e+01,2.135790e+01,2.146191e+01,2.149656e+01,2.141339e+01,2.139952e+01,2.144805e+01,2.139952e+01,2.135096e+01,2.137177e+01,2.146884e+01,2.139258e+01,2.144805e+01,2.146884e+01,2.142032e+01,2.143419e+01,2.159351e+01,2.161427e+01,2.162811e+01,2.156582e+01,2.162119e+01,2.162811e+01,2.168345e+01,2.157967e+01,2.157274e+01,2.165579e+01,2.167654e+01,2.164887e+01,2.169037e+01,2.183548e+01,2.170420e+01,2.173185e+01,2.169037e+01,2.185620e+01,2.188381e+01,2.170420e+01,2.173185e+01,2.175949e+01,2.188381e+01,2.186310e+01,2.191141e+01,2.197349e+01,2.207688e+01,2.189761e+01,2.191141e+01,2.207688e+01,2.211821e+01,2.224896e+01,2.218016e+01,2.213198e+01,2.215952e+01,2.208377e+01,2.212509e+01,2.209755e+01,2.213886e+01,2.217328e+01,2.215952e+01,2.218705e+01,2.223520e+01,2.214575e+01,2.229022e+01,2.215952e+01,2.227647e+01,2.221457e+01,2.214575e+01,2.215952e+01,2.215263e+01,2.215952e+01,2.211821e+01,2.209066e+01,2.211132e+01,2.218016e+01,2.211132e+01,2.214575e+01,2.216640e+01,2.211821e+01,2.210443e+01,2.198039e+01,2.210443e+01,2.206310e+01,2.195970e+01,2.200797e+01,2.202176e+01,2.204243e+01,2.211132e+01,2.211132e+01,2.194591e+01,2.202865e+01,2.212509e+01,2.216640e+01
2.250311e+01,2.248939e+01,2.246880e+01,2.235207e+01,2.241389e+01,2.234520e+01,2.240702e+01,2.226959e+01,2.232458e+01,2.218705e+01,2.229022e+01,2.222145e+01,2.231771e+01,2.223520e+01,2.226271e+01,2.226959e+01,2.214575e+01,2.206999e+01,2.214575e+01,2.211821e+01,2.219393e+01,2.204932e+01,2.195280e+01,2.196660e+01,2.206999e+01,2.213886e+01,2.204932e+01,2.206310e+01,2.206310e+01,2.198729e+01,2.209755e+01,2.193211e+01,2.206999e+01,2.213198e+01,2.228334e+01,2.221457e+01,2.221457e+01,2.204243e+01,2.209066e+01,2.213198e+01,2.221457e+01,2.224208e+01,2.211132e+01,2.220769e+01,2.213886e+01,2.248939e+01,2.232458e+01,2.231771e+01,2.223520e+01,2.226271e+01,2.226271e+01,2.252369e+01,2.225584e+01,2.231771e+01,2.229709e+01,2.229709e+01,2.241389e+01,2.242075e+01,2.233833e+01,2.237955e+01,2.225584e+01,2.224896e+01,2.224896e+01,2.233146e+01,2.229709e+01,2.238642e+01,2.241389e+01,2.233833e+01,2.236581e+01,2.236581e+01,2.240702e+01,2.237955e+01,2.234520e+01,2.236581e+01,2.234520e+01,2.239328e+01,2.240702e+01,2.228334e+01,2.236581e+01,2.234520e+01,2.233146e+01,2.242762e+01,2.240015e+01,2.237955e+01,2.218705e+01,2.224208e+01,2.224896e+01,2.224208e+01,2.231084e+01,2.208377e+01,2.226959e+01,2.223520e+01,2.217328e+01,2.220769e+01,2.224896e+01,2.224208e+01,2.227647e+01,2.217328e+01,2.220081e+01,2.218016e+01,2.222833e+01,2.222145e+01,2.218016e+01,2.223520e+01,2.209755e+01,2.224208e+01,2.226959e+01,2.225584e+01,2.210443e+01,2.214575e+01,2.224208e+01,2.209066e+01,2.224896e+01,2.225584e+01,2.222833e+01,2.221457e+01,2.225584e+01,2.220081e+01,2.230396e+01,2.222833e+01,2.222833e+01,2.216640e+01,2.218016e+01,2.213198e+01,2.212509e+01,2.222833e+01,2.223520e+01,2.222145e+01,2.224896e+01,2.231771e+01,2.225584e+01,2.233146e+01,2.230396e+01,2.230396e+01,2.219393e+01,2.222833e+01,2.228334e+01,2.224896e+01,2.225584e+01,2.223520e+01,2.224208e+01,2.222145e+01,2.222145e+01,2.216640e+01,2.222145e+01,2.213198e+01,2.222145e+01,2.218705e+01,2.216640e+01,2.224208e+01,2.229022e+01,2.222145e+01,2.219393e+01,2.204932e+01,2.211132e+01,2.220769e+01,2.223520e+01,2.220769e+01,2.226959e+01,2.224896e+01,2.223520e+01,2.235207e+01,2.221457e+01,2.221457e+01,2.217328e+01,2.225584e+01,2.226271e+01,2.210443e+01,2.213886e+01,2.210443e+01,2.202865e+01,2.214575e+01,2.202865e+01,2.205621e+01,2.195970e+01,2.207688e+01,2.202865e+01,2.207688e+01,2.193901e+01,2.198039e+01,2.206999e+01,2.209066e+01,2.211821e+01,2.230396e+01,2.242075e+01,2.281136e+01,2.308459e+01,2.332307e+01,2.372384e+01,2.422433e+01,2.470227e+01,2.515129e+01,2.565831e+01,2.595073e+01,2.629529e+01,2.637464e+01,2.647375e+01,2.675735e+01,2.677711e+01,2.690874e+01,2.703363e+01,2.707304e+01,2.719118e+01,2.721741e+01,2.716494e+01,2.717806e+01,2.704677e+01,2.684952e+01,2.683636e+01,2.682978e+01,2.650016e+01,2.621588e+01,2.573149e+01,2.433896e+01,2.290024e+01,2.173876e+01,2.127461e+01,2.122600e+01,2.105218e+01,2.098953e+01,2.105914e+01,2.107305e+01,2.092684e+01,2.094774e+01,2.091987e+01,2.104522e+01,2.079438e+01,2.091987e+01,2.098953e+01,2.108001e+01,2.096864e+01,2.098953e+01,2.100345e+01,2.099649e+01,2.097560e+01,2.096167e+01,2.101738e+01,2.112869e+01,2.094077e+01,2.105914e+01,2.113565e+01,2.102434e+01,2.089897e+01,2.104522e+01,2.091291e+01,2.092684e+01,2.091291e+01,2.094774e+01,2.094774e+01,2.091987e+01,2.089897e+01,2.094077e+01,2.081530e+01,2.081530e+01,2.078740e+01,2.086412e+01,2.084320e+01,2.079438e+01,2.082228e+01,2.084320e+01,2.072459e+01,2.064776e+01,2.071062e+01,2.089200e+01,2.086412e+01,2.097560e+01,2.087109e+01,2.090594e+01,2.095471e+01,2.082925e+01,2.098256e+01,2.098953e+01,2.093381e+01,2.095471e+01,2.108696e+01,2.092684e+01,2.087109e+01,2.084320e+01,2.096167e+01,2.091987e+01,2.096167e+01,2.098256e+01,2.096167e+01,2.100345e+01,2.097560e+01,2.098953e+01,2.091291e+01,2.097560e+01,2.099649e+01,2.102434e+01,2.093381e+01,2.089897e+01,2.092684e+01,2.082228e+01,2.110783e+01,2.100345e+01,2.091987e+01,2.097560e+01,2.098256e+01,2.101738e+01,2.098256e+01,2.091987e+01,2.094774e+01,2.096864e+01,2.105218e+01,2.117041e+01,2.110088e+01,2.102434e+01,2.114955e+01,2.100345e+01,2.102434e+01,2.117041e+01,2.114260e+01,2.112174e+01,2.110088e+01,2.118431e+01,2.118431e+01,2.118431e+01,2.116345e+01,2.112869e+01,2.118431e+01,2.115650e+01,2.111479e+01,2.112869e+01,2.121905e+01,2.119126e+01,2.112174e+01,2.108696e+01,2.112174e+01,2.114955e+01,2.111479e+01,2.119820e+01,2.110088e+01,2.112869e+01,2.114260e+01,2.119126e+01,2.112174e+01,2.113565e+01,2.114955e+01,2.115650e+01,2.110783e+01,2.112869e+01,2.113565e+01,2.108696e+01,2.108696e+01,2.102434e+01,2.104522e+01,2.101738e+01,2.117041e+01,2.115650e+01,2.114260e+01,2.114955e+01,2.109392e+01,2.091987e+01,2.106609e+01,2.108001e+01,2.107305e+01,2.100345e+01,2.113565e+01,2.113565e+01,2.122600e+01,2.131626e+01,2.135096e+01,2.135790e+01,2.136484e+01,2.132320e+01,2.129544e+01,2.139258e+01,2.139258e+01,2.133708e+01,2.144805e+01,2.138565e+01,2.133014e+01,2.146884e+01,2.153119e+01,2.147577e+01,2.146884e+01,2.151042e+01,2.163503e+01,2.148270e+01,2.151042e+01,2.135096e+01,2.149656e+01,2.144112e+01,2.149656e+01,2.151734e+01,2.148963e+01,2.139258e+01,2.131626e+01,2.136484e+01,2.151042e+01,2.142032e+01,2.141339e+01,2.153119e+01,2.151734e+01,2.145498e+01,2.148963e+01,2.130932e+01,2.130932e+01,2.126072e+01,2.124683e+01,2.129544e+01,2.123294e+01,2.120515e+01,2.120515e+01,2.120515e+01,2.110783e+01,2.108696e+01,2.112869e+01,2.111479e+01,2.116345e+01,2.112869e+01,2.114260e+01,2.101738e+01,2.112869e+01,2.107305e+01,2.115650e+01,2.110088e+01,2.107305e+01,2.101738e+01,2.101042e+01,2.098256e+01,2.105218e+01,2.104522e+01,2.094077e+01,2.089897e+01,2.107305e+01,2.103826e+01,2.093381e+01,2.099649e+01,2.100345e+01,2.087806e+01,2.102434e+01,2.099649e+01,2.102434e+01,2.112869e+01,2.114260e+01,2.105914e+01,2.108001e+01,2.094774e+01,2.093381e+01,2.101738e+01,2.096864e+01,2.100345e+01,2.102434e+01,2.110783e+01,2.101738e+01,2.119820e+01,2.117736e+01,2.146884e+01,2.145498e+01,2.147577e+01,2.154505e+01,2.183548e+01,2.191831e+01,2.180786e+01,2.187000e+01,2.203554e+01,2.191141e+01,2.226271e+01,2.231771e+01,2.253055e+01,2.265392e+01,2.277716e+01,2.290707e+01,2.311187e+01,2.324137e+01,2.338431e+01,2.362889e+01,2.364924e+01,2.386612e+01,2.405551e+01,2.438613e+01,2.444001e+01,2.465524e+01,2.483651e+01,2.497727e+01,2.508439e+01,2.531834e+01,2.546513e+01,2.559173e+01,2.565831e+01,2.577803e+01,2.577139e+01,2.563834e+01,2.585778e+01,2.569823e+01,2.563834e+01,2.565831e+01,2.565165e+01,2.553844e+01,2.581791e+01,2.560505e+01,2.540510e+01,2.545179e+01,2.523151e+01,2.511784e+01,2.511784e+01,2.511115e+01,2.503084e+01,2.498397e+01,2.478954e+01,2.474927e+01,2.457458e+01,2.434570e+01,2.421083e+01,2.398115e+01,2.382549e+01,2.351346e+01,2.320731e+01,2.297539e+01,2.277716e+01,2.277032e+01,2.259225e+01,2.250997e+01,2.213886e+01,2.218016e+01,2.211132e+01,2.209066e+01,2.207688e+01,2.201486e+01,2.209066e+01,2.201486e+01,2.188381e+01,2.182167e+01,2.183548e+01,2.180095e+01,2.180786e+01,2.169037e+01,2.177332e+01,2.174567e+01,2.169037e+01,2.167654e+01,2.157274e+01,2.153119e+01,2.168345e+01,2.151734e+01,2.151734e+01,2.152427e+01,2.151734e+01,2.148963e+01,2.138565e+01,2.146191e+01,2.140645e+01,2.134402e+01,2.146191e+01,2.132320e+01,2.135790e+01,2.138565e+01,2.131626e+01,2.150349e+01,2.151042e+01,2.138565e+01,2.148270e+01,2.131626e+01,2.133708e+01,2.138565e+01,2.133014e+01,2.137177e+01,2.132320e+01,2.139258e+01,2.137871e+01,2.139952e+01,2.148963e+01,2.159351e+01,2.147577e+01,2.157274e+01,2.160043e+01,2.170420e+01,2.154505e+01,2.158659e+01,2.154505e+01,2.160735e+01,2.158659e+01,2.169728e+01,2.161427e+01,2.176641e+01,2.166270e+01,2.182167e+01,2.173876e+01,2.180786e+01,2.169037e+01,2.178022e+01,2.175949e+01,2.170420e+01,2.187000e+01,2.187691e+01,2.187000e+01,2.183548e+01,2.180786e+01,2.188381e+01,2.192521e+01,2.191831e+01,2.209755e+01,2.211132e+01,2.211132e+01,2.204932e+01,2.191141e+01,2.220081e+01,2.208377e+01,2.211132e+01,2.211132e+01,2.209066e+01,2.210443e+01,2.205621e+01,2.211132e+01,2.222145e+01,2.219393e+01,2.217328e+01,2.213886e+01,2.215952e+01,2.218705e+01,2.213886e+01,2.218016e+01,2.216640e+01,2.218705e+01,2.216640e+01,2.210443e+01,2.214575e+01,2.218016e+01,2.216640e+01,2.213198e+01,2.213198e+01,2.203554e+01,2.209066e+01,2.211821e+01,2.211821e+01,2.207688e+01,2.213198e+01,2.197349e+01,2.216640e+01,2.200107e+01,2.206310e+01,2.197349e+01,2.221457e+01,2.211132e+01,2.203554e+01,2.193901e+01,2.195970e+01,2.213198e+01
2.246880e+01,2.230396e+01,2.233146e+01,2.233146e+01,2.224896e+01,2.235894e+01,2.235207e+01,2.229022e+01,2.229709e+01,2.218016e+01,2.231084e+01,2.221457e+01,2.215952e+01,2.206999e+01,2.213886e+01,2.212509e+01,2.222833e+01,2.211132e+01,2.210443e+01,2.211132e+01,2.206999e+01,2.204243e+01,2.211132e+01,2.218016e+01,2.209755e+01,2.206310e+01,2.212509e+01,2.209066e+01,2.209755e+01,2.212509e+01,2.217328e+01,2.199418e+01,2.206310e+01,2.216640e+01,2.222833e+01,2.206999e+01,2.206999e+01,2.216640e+01,2.215952e+01,2.218705e+01,2.224896e+01,2.215263e+01,2.220769e+01,2.240702e+01,2.220081e+01,2.217328e+01,2.221457e+01,2.222145e+01,2.222833e+01,2.221457e+01,2.225584e+01,2.224208e+01,2.225584e+01,2.232458e+01,2.226959e+01,2.229022e+01,2.233146e+01,2.220081e+01,2.226271e+01,2.236581e+01,2.233833e+01,2.223520e+01,2.233833e+01,2.229709e+01,2.226959e+01,2.243448e+01,2.234520e+01,2.240015e+01,2.234520e+01,2.233833e+01,2.236581e+01,2.237955e+01,2.240702e+01,2.229022e+01,2.231771e+01,2.216640e+01,2.231084e+01,2.227647e+01,2.233833e+01,2.231084e+01,2.235894e+01,2.231771e+01,2.236581e+01,2.234520e+01,2.221457e+01,2.231084e+01,2.241389e+01,2.224896e+01,2.222833e+01,2.225584e+01,2.223520e+01,2.216640e+01,2.223520e+01,2.233146e+01,2.226959e+01,2.228334e+01,2.218016e+01,2.222833e+01,2.224896e+01,2.235207e+01,2.222833e+01,2.229022e+01,2.211821e+01,2.214575e+01,2.219393e+01,2.220769e+01,2.209755e+01,2.229022e+01,2.201486e+01,2.220769e+01,2.208377e+01,2.209755e+01,2.220769e+01,2.204932e+01,2.216640e+01,2.218705e+01,2.218016e+01,2.227647e+01,2.227647e+01,2.226959e+01,2.207688e+01,2.224896e+01,2.223520e+01,2.215952e+01,2.221457e+01,2.213198e+01,2.221457e+01,2.225584e+01,2.226271e+01,2.230396e+01,2.228334e+01,2.222833e+01,2.230396e+01,2.231771e+01,2.221457e+01,2.226959e+01,2.226271e+01,2.208377e+01,2.229709e+01,2.219393e+01,2.220769e+01,2.219393e+01,2.216640e+01,2.222145e+01,2.222833e+01,2.225584e+01,2.220769e+01,2.218016e+01,2.224208e+01,2.205621e+01,2.218705e+01,2.222145e+01,2.222145e+01,2.229022e+01,2.215263e+01,2.222833e+01,2.211132e+01,2.226959e+01,2.226959e+01,2.222833e+01,2.209066e+01,2.218016e+01,2.213886e+01,2.213198e+01,2.215952e+01,2.213198e+01,2.208377e+01,2.213198e+01,2.213198e+01,2.211821e+01,2.204932e+01,2.198729e+01,2.209066e+01,2.204243e+01,2.208377e+01,2.203554e+01,2.206999e+01,2.202176e+01,2.209755e+01,2.203554e+01,2.192521e+01,2.200797e+01,2.207688e+01,2.236581e+01,2.266763e+01,2.279768e+01,2.319368e+01,2.330265e+01,2.369672e+01,2.425131e+01,2.469555e+01,2.515129e+01,2.552512e+01,2.579798e+01,2.621588e+01,2.637464e+01,2.645394e+01,2.665191e+01,2.679686e+01,2.703363e+01,2.695477e+01,2.703363e+01,2.715837e+01,2.717150e+01,2.711243e+01,2.719774e+01,2.720430e+01,2.715181e+01,2.717806e+01,2.717806e+01,2.686268e+01,2.651997e+01,2.628867e+01,2.573149e+01,2.466196e+01,2.284555e+01,2.183548e+01,2.130238e+01,2.117041e+01,2.121905e+01,2.101738e+01,2.094077e+01,2.094077e+01,2.095471e+01,2.098256e+01,2.093381e+01,2.089200e+01,2.075949e+01,2.096864e+01,2.092684e+01,2.112174e+01,2.096864e+01,2.110088e+01,2.096864e+01,2.114260e+01,2.088503e+01,2.099649e+01,2.092684e+01,2.106609e+01,2.110088e+01,2.101738e+01,2.089897e+01,2.096167e+01,2.094774e+01,2.096167e+01,2.092684e+01,2.091291e+01,2.090594e+01,2.087806e+01,2.086412e+01,2.088503e+01,2.081530e+01,2.083623e+01,2.082228e+01,2.080135e+01,2.072459e+01,2.078740e+01,2.084320e+01,2.081530e+01,2.078740e+01,2.078740e+01,2.084320e+01,2.090594e+01,2.078740e+01,2.089897e+01,2.098953e+01,2.084320e+01,2.087109e+01,2.085715e+01,2.105914e+01,2.091987e+01,2.072459e+01,2.071062e+01,2.089897e+01,2.091987e+01,2.091987e+01,2.091291e+01,2.085715e+01,2.087109e+01,2.093381e+01,2.083623e+01,2.097560e+01,2.073855e+01,2.087109e+01,2.089897e+01,2.098256e+01,2.097560e+01,2.099649e+01,2.089200e+01,2.100345e+01,2.100345e+01,2.104522e+01,2.071761e+01,2.103826e+01,2.089200e+01,2.094077e+01,2.091291e+01,2.097560e+01,2.099649e+01,2.101738e+01,2.096167e+01,2.104522e+01,2.105218e+01,2.101042e+01,2.117736e+01,2.101738e+01,2.101738e+01,2.103130e+01,2.106609e+01,2.100345e+01,2.116345e+01,2.111479e+01,2.112869e+01,2.131626e+01,2.106609e+01,2.103826e+01,2.115650e+01,2.112869e+01,2.114260e+01,2.112869e+01,2.108001e+01,2.116345e+01,2.116345e+01,2.114955e+01,2.110088e+01,2.110088e+01,2.119820e+01,2.111479e+01,2.111479e+01,2.112174e+01,2.119126e+01,2.111479e+01,2.119126e+01,2.110088e+01,2.117041e+01,2.116345e+01,2.114260e+01,2.114955e+01,2.110088e+01,2.112869e+01,2.110783e+01,2.101738e+01,2.105914e+01,2.112869e+01,2.102434e+01,2.108001e+01,2.100345e+01,2.111479e+01,2.098256e+01,2.098953e+01,2.117041e+01,2.114955e+01,2.116345e+01,2.116345e+01,2.110783e+01,2.112869e+01,2.114260e+01,2.112869e+01,2.116345e+01,2.112869e+01,2.130932e+01,2.128156e+01,2.135790e+01,2.136484e+01,2.134402e+01,2.134402e+01,2.130932e+01,2.128850e+01,2.138565e+01,2.138565e+01,2.135790e+01,2.144805e+01,2.128850e+01,2.153812e+01,2.154505e+01,2.154505e+01,2.150349e+01,2.150349e+01,2.140645e+01,2.148963e+01,2.152427e+01,2.142032e+01,2.144805e+01,2.146191e+01,2.148270e+01,2.152427e+01,2.146191e+01,2.154505e+01,2.135790e+01,2.154505e+01,2.139258e+01,2.144112e+01,2.146191e+01,2.155197e+01,2.155197e+01,2.144112e+01,2.149656e+01,2.128156e+01,2.128850e+01,2.126767e+01,2.127461e+01,2.121905e+01,2.115650e+01,2.121905e+01,2.119820e+01,2.114955e+01,2.113565e+01,2.119820e+01,2.110783e+01,2.113565e+01,2.119820e+01,2.110088e+01,2.108001e+01,2.110783e+01,2.110088e+01,2.108001e+01,2.107305e+01,2.107305e+01,2.105914e+01,2.098256e+01,2.114260e+01,2.105914e+01,2.098256e+01,2.107305e+01,2.110088e+01,2.103826e+01,2.091987e+01,2.090594e+01,2.103826e+01,2.094077e+01,2.096864e+01,2.102434e+01,2.094774e+01,2.105914e+01,2.107305e+01,2.098256e+01,2.116345e+01,2.112869e+01,2.097560e+01,2.096167e+01,2.091987e+01,2.092684e+01,2.094077e+01,2.102434e+01,2.110783e+01,2.105914e+01,2.112869e+01,2.119820e+01,2.120515e+01,2.137177e+01,2.149656e+01,2.146191e+01,2.157274e+01,2.150349e+01,2.184929e+01,2.173876e+01,2.178022e+01,2.191141e+01,2.208377e+01,2.202865e+01,2.214575e+01,2.233833e+01,2.240015e+01,2.264708e+01,2.267447e+01,2.291391e+01,2.314597e+01,2.311187e+01,2.329585e+01,2.344551e+01,2.349988e+01,2.384581e+01,2.398791e+01,2.403524e+01,2.445347e+01,2.444001e+01,2.448713e+01,2.486333e+01,2.491026e+01,2.507101e+01,2.528495e+01,2.526491e+01,2.544512e+01,2.543845e+01,2.541177e+01,2.557175e+01,2.550513e+01,2.547846e+01,2.550513e+01,2.567827e+01,2.545179e+01,2.552512e+01,2.551845e+01,2.547179e+01,2.518472e+01,2.523151e+01,2.513791e+01,2.507101e+01,2.501076e+01,2.499067e+01,2.469555e+01,2.478954e+01,2.488345e+01,2.435244e+01,2.436592e+01,2.427155e+01,2.389996e+01,2.365602e+01,2.335710e+01,2.314597e+01,2.294807e+01,2.277716e+01,2.279084e+01,2.252369e+01,2.246880e+01,2.218016e+01,2.211821e+01,2.209755e+01,2.216640e+01,2.211132e+01,2.222145e+01,2.225584e+01,2.196660e+01,2.191831e+01,2.190451e+01,2.184929e+01,2.179404e+01,2.169728e+01,2.169728e+01,2.170420e+01,2.162811e+01,2.165579e+01,2.173185e+01,2.160735e+01,2.154505e+01,2.162119e+01,2.157967e+01,2.151734e+01,2.144805e+01,2.151042e+01,2.143419e+01,2.148270e+01,2.140645e+01,2.155197e+01,2.155890e+01,2.133014e+01,2.151734e+01,2.135790e+01,2.141339e+01,2.146191e+01,2.134402e+01,2.146884e+01,2.137177e+01,2.142032e+01,2.137177e+01,2.135096e+01,2.139258e+01,2.134402e+01,2.139258e+01,2.133708e+01,2.144112e+01,2.142725e+01,2.140645e+01,2.150349e+01,2.138565e+01,2.140645e+01,2.146884e+01,2.150349e+01,2.160043e+01,2.163503e+01,2.154505e+01,2.154505e+01,2.163503e+01,2.145498e+01,2.157967e+01,2.163503e+01,2.169037e+01,2.166962e+01,2.175258e+01,2.164195e+01,2.171111e+01,2.165579e+01,2.168345e+01,2.169037e+01,2.182858e+01,2.172494e+01,2.187000e+01,2.176641e+01,2.184239e+01,2.188381e+01,2.186310e+01,2.184239e+01,2.205621e+01,2.200797e+01,2.176641e+01,2.193211e+01,2.200107e+01,2.206999e+01,2.206999e+01,2.205621e+01,2.205621e+01,2.208377e+01,2.205621e+01,2.214575e+01,2.200107e+01,2.217328e+01,2.206999e+01,2.209755e+01,2.218016e+01,2.222833e+01,2.214575e+01,2.221457e+01,2.226271e+01,2.215263e+01,2.215263e+01,2.214575e+01,2.214575e+01,2.220769e+01,2.216640e+01,2.211132e+01,2.217328e+01,2.213886e+01,2.214575e+01,2.200797e+01,2.193901e+01,2.213198e+01,2.207688e+01,2.202176e+01,2.201486e+01,2.199418e+01,2.195280e+01,2.202865e+01,2.191141e+01,2.202865e+01,2.202865e+01,2.198039e+01,2.198729e+01,2.197349e+01,2.198039e+01,2.213198e+01
2.244821e+01,2.233146e+01,2.236581e+01,2.240702e+01,2.245507e+01,2.229022e+01,2.220769e+01,2.217328e+01,2.235207e+01,2.206310e+01,2.214575e+01,2.227647e+01,2.220769e+01,2.209066e+01,2.213198e+01,2.211821e+01,2.211821e+01,2.206999e+01,2.204243e+01,2.204243e+01,2.216640e+01,2.204932e+01,2.204243e+01,2.198729e+01,2.201486e+01,2.206999e+01,2.202865e+01,2.207688e+01,2.195970e+01,2.207688e+01,2.206999e+01,2.220081e+01,2.207688e+01,2.213886e+01,2.218705e+01,2.218705e+01,2.212509e+01,2.215263e+01,2.206999e+01,2.218705e+01,2.229022e+01,2.230396e+01,2.228334e+01,2.220769e+01,2.222145e+01,2.235207e+01,2.222833e+01,2.220769e+01,2.221457e+01,2.226271e+01,2.227647e+01,2.237268e+01,2.222833e+01,2.235207e+01,2.227647e+01,2.225584e+01,2.226959e+01,2.229022e+01,2.224208e+01,2.223520e+01,2.241389e+01,2.226271e+01,2.237268e+01,2.246194e+01,2.220081e+01,2.226271e+01,2.231084e+01,2.239328e+01,2.238642e+01,2.240702e+01,2.238642e+01,2.240015e+01,2.235894e+01,2.229709e+01,2.234520e+01,2.233146e+01,2.242075e+01,2.233146e+01,2.231084e+01,2.233146e+01,2.234520e+01,2.233146e+01,2.234520e+01,2.244821e+01,2.242762e+01,2.242075e+01,2.226271e+01,2.237268e+01,2.225584e+01,2.226959e+01,2.242075e+01,2.221457e+01,2.224896e+01,2.226959e+01,2.225584e+01,2.221457e+01,2.229022e+01,2.224896e+01,2.228334e+01,2.225584e+01,2.222145e+01,2.216640e+01,2.222833e+01,2.219393e+01,2.221457e+01,2.217328e+01,2.220081e+01,2.230396e+01,2.222145e+01,2.218705e+01,2.216640e+01,2.229022e+01,2.210443e+01,2.222145e+01,2.220769e+01,2.221457e+01,2.213886e+01,2.211132e+01,2.228334e+01,2.228334e+01,2.227647e+01,2.218016e+01,2.218705e+01,2.220081e+01,2.219393e+01,2.216640e+01,2.222833e+01,2.221457e+01,2.217328e+01,2.219393e+01,2.224896e+01,2.230396e+01,2.225584e+01,2.217328e+01,2.221457e+01,2.225584e+01,2.225584e+01,2.218705e+01,2.207688e+01,2.234520e+01,2.222833e+01,2.224208e+01,2.225584e+01,2.222833e+01,2.222145e+01,2.219393e+01,2.218016e+01,2.219393e+01,2.222833e+01,2.216640e+01,2.217328e+01,2.206999e+01,2.224208e+01,2.229709e+01,2.229709e+01,2.219393e+01,2.221457e+01,2.222145e+01,2.221457e+01,2.229709e+01,2.215263e+01,2.229709e+01,2.212509e+01,2.231771e+01,2.214575e+01,2.208377e+01,2.206999e+01,2.206310e+01,2.211821e+01,2.205621e+01,2.210443e+01,2.209066e+01,2.209066e+01,2.204932e+01,2.208377e+01,2.206310e+01,2.189071e+01,2.201486e+01,2.198039e+01,2.210443e+01,2.196660e+01,2.223520e+01,2.206310e+01,2.232458e+01,2.240015e+01,2.277716e+01,2.303683e+01,2.340471e+01,2.380517e+01,2.385935e+01,2.465524e+01,2.501745e+01,2.542512e+01,2.575809e+01,2.626882e+01,2.639447e+01,2.639447e+01,2.658596e+01,2.672441e+01,2.702049e+01,2.706647e+01,2.724364e+01,2.710587e+01,2.745325e+01,2.743362e+01,2.740089e+01,2.747288e+01,2.747288e+01,2.744016e+01,2.722397e+01,2.713212e+01,2.716494e+01,2.692846e+01,2.651337e+01,2.587106e+01,2.466196e+01,2.307777e+01,2.182858e+01,2.139952e+01,2.123294e+01,2.121905e+01,2.100345e+01,2.097560e+01,2.096864e+01,2.095471e+01,2.094774e+01,2.091987e+01,2.085715e+01,2.100345e+01,2.089897e+01,2.101042e+01,2.086412e+01,2.097560e+01,2.089200e+01,2.096167e+01,2.097560e+01,2.089200e+01,2.110783e+01,2.094077e+01,2.099649e+01,2.100345e+01,2.102434e+01,2.092684e+01,2.095471e+01,2.089200e+01,2.090594e+01,2.089897e+01,2.084320e+01,2.089200e+01,2.082925e+01,2.087109e+01,2.085715e+01,2.082228e+01,2.083623e+01,2.082228e+01,2.089897e+01,2.079438e+01,2.074553e+01,2.082228e+01,2.081530e+01,2.081530e+01,2.075949e+01,2.072459e+01,2.077344e+01,2.086412e+01,2.086412e+01,2.083623e+01,2.082925e+01,2.092684e+01,2.078740e+01,2.075251e+01,2.072459e+01,2.076647e+01,2.078042e+01,2.082228e+01,2.089200e+01,2.086412e+01,2.089897e+01,2.092684e+01,2.096864e+01,2.094774e+01,2.090594e+01,2.084320e+01,2.085017e+01,2.086412e+01,2.083623e+01,2.085017e+01,2.087806e+01,2.090594e+01,2.086412e+01,2.086412e+01,2.096864e+01,2.091291e+01,2.096864e+01,2.078740e+01,2.094077e+01,2.094077e+01,2.097560e+01,2.088503e+01,2.097560e+01,2.101042e+01,2.101042e+01,2.111479e+01,2.097560e+01,2.107305e+01,2.094774e+01,2.094774e+01,2.105218e+01,2.106609e+01,2.103130e+01,2.100345e+01,2.103826e+01,2.109392e+01,2.108001e+01,2.114260e+01,2.122600e+01,2.119820e+01,2.105914e+01,2.117736e+01,2.116345e+01,2.117736e+01,2.114260e+01,2.110088e+01,2.114955e+01,2.116345e+01,2.105218e+01,2.103130e+01,2.113565e+01,2.110783e+01,2.118431e+01,2.117041e+01,2.112174e+01,2.117041e+01,2.116345e+01,2.121210e+01,2.114260e+01,2.114955e+01,2.115650e+01,2.114260e+01,2.133014e+01,2.112869e+01,2.112174e+01,2.114260e+01,2.113565e+01,2.106609e+01,2.114260e+01,2.107305e+01,2.109392e+01,2.103130e+01,2.105218e+01,2.115650e+01,2.119126e+01,2.094077e+01,2.108696e+01,2.109392e+01,2.114955e+01,2.114955e+01,2.117736e+01,2.117736e+01,2.135096e+01,2.134402e+01,2.137177e+01,2.136484e+01,2.133014e+01,2.137177e+01,2.134402e+01,2.133708e+01,2.136484e+01,2.138565e+01,2.133708e+01,2.134402e+01,2.146884e+01,2.147577e+01,2.156582e+01,2.149656e+01,2.149656e+01,2.138565e+01,2.149656e+01,2.147577e+01,2.145498e+01,2.150349e+01,2.149656e+01,2.158659e+01,2.146884e+01,2.153119e+01,2.146191e+01,2.153119e+01,2.145498e+01,2.148963e+01,2.148963e+01,2.150349e+01,2.152427e+01,2.142725e+01,2.148270e+01,2.151734e+01,2.144805e+01,2.147577e+01,2.123294e+01,2.129544e+01,2.125378e+01,2.126767e+01,2.123294e+01,2.123989e+01,2.118431e+01,2.124683e+01,2.103130e+01,2.108696e+01,2.114955e+01,2.111479e+01,2.109392e+01,2.110783e+01,2.110783e+01,2.107305e+01,2.112174e+01,2.119820e+01,2.109392e+01,2.110088e+01,2.099649e+01,2.103130e+01,2.101042e+01,2.109392e+01,2.106609e+01,2.105218e+01,2.104522e+01,2.098953e+01,2.104522e+01,2.097560e+01,2.094774e+01,2.105914e+01,2.103130e+01,2.100345e+01,2.101738e+01,2.103130e+01,2.118431e+01,2.103826e+01,2.115650e+01,2.119126e+01,2.111479e+01,2.098256e+01,2.094077e+01,2.094774e+01,2.105914e+01,2.105218e+01,2.108696e+01,2.102434e+01,2.114260e+01,2.111479e+01,2.116345e+01,2.117736e+01,2.139258e+01,2.137871e+01,2.144805e+01,2.170420e+01,2.156582e+01,2.172494e+01,2.175949e+01,2.183548e+01,2.192521e+01,2.195970e+01,2.202865e+01,2.211821e+01,2.209066e+01,2.226959e+01,2.245507e+01,2.264022e+01,2.261967e+01,2.272241e+01,2.311187e+01,2.315278e+01,2.320731e+01,2.324137e+01,2.328904e+01,2.364924e+01,2.364246e+01,2.400820e+01,2.400144e+01,2.415683e+01,2.445347e+01,2.466196e+01,2.479625e+01,2.482309e+01,2.482980e+01,2.509108e+01,2.513791e+01,2.522482e+01,2.525155e+01,2.522482e+01,2.525823e+01,2.554511e+01,2.528495e+01,2.537174e+01,2.533837e+01,2.535839e+01,2.525155e+01,2.525155e+01,2.505762e+01,2.505093e+01,2.503754e+01,2.495047e+01,2.486333e+01,2.485663e+01,2.476270e+01,2.456786e+01,2.440634e+01,2.427829e+01,2.403524e+01,2.394733e+01,2.365602e+01,2.363567e+01,2.318005e+01,2.292757e+01,2.279084e+01,2.277716e+01,2.258540e+01,2.249625e+01,2.218016e+01,2.214575e+01,2.207688e+01,2.209755e+01,2.216640e+01,2.213198e+01,2.201486e+01,2.196660e+01,2.187691e+01,2.187691e+01,2.184929e+01,2.184929e+01,2.164195e+01,2.168345e+01,2.169037e+01,2.166962e+01,2.173876e+01,2.176641e+01,2.160735e+01,2.160735e+01,2.161427e+01,2.166270e+01,2.168345e+01,2.151042e+01,2.146191e+01,2.143419e+01,2.151042e+01,2.157274e+01,2.132320e+01,2.147577e+01,2.139952e+01,2.138565e+01,2.136484e+01,2.138565e+01,2.143419e+01,2.132320e+01,2.131626e+01,2.135790e+01,2.138565e+01,2.135096e+01,2.140645e+01,2.132320e+01,2.128156e+01,2.135096e+01,2.142032e+01,2.134402e+01,2.139952e+01,2.142725e+01,2.143419e+01,2.143419e+01,2.156582e+01,2.144112e+01,2.148963e+01,2.162811e+01,2.159351e+01,2.166962e+01,2.158659e+01,2.168345e+01,2.157967e+01,2.157274e+01,2.171802e+01,2.162119e+01,2.175949e+01,2.162811e+01,2.178022e+01,2.182858e+01,2.171802e+01,2.178022e+01,2.175949e+01,2.175949e+01,2.173185e+01,2.169728e+01,2.184929e+01,2.182167e+01,2.182167e+01,2.193211e+01,2.182167e+01,2.197349e+01,2.196660e+01,2.203554e+01,2.192521e+01,2.202176e+01,2.196660e+01,2.193901e+01,2.189071e+01,2.216640e+01,2.207688e+01,2.203554e+01,2.207688e+01,2.206999e+01,2.215263e+01,2.215952e+01,2.210443e+01,2.213198e+01,2.223520e+01,2.213886e+01,2.222833e+01,2.218016e+01,2.212509e+01,2.218016e+01,2.215263e+01,2.206999e+01,2.215952e+01,2.216640e+01,2.226959e+01,2.221457e+01,2.213198e+01,2.215263e+01,2.209755e+01,2.218705e+01,2.206310e+01,2.206999e+01,2.201486e+01,2.213198e+01,2.207688e+01,2.211132e+01,2.195970e+01,2.202176e+01,2.201486e+01,2.200797e+01,2.195280e+01,2.199418e+01,2.202176e+01,2.210443e+01,2.207688e+01
2.230396e+01,2.230396e+01,2.229709e+01,2.229709e+01,2.231771e+01,2.226959e+01,2.226959e+01,2.229022e+01,2.215263e+01,2.212509e+01,2.219393e+01,2.227647e+01,2.205621e+01,2.209755e+01,2.210443e+01,2.203554e+01,2.209755e+01,2.211821e+01,2.202176e+01,2.202176e+01,2.202176e+01,2.206999e+01,2.205621e+01,2.204932e+01,2.213886e+01,2.219393e+01,2.219393e+01,2.210443e+01,2.213198e+01,2.218016e+01,2.209066e+01,2.214575e+01,2.213198e+01,2.206999e+01,2.207688e+01,2.220081e+01,2.215263e+01,2.211821e+01,2.186310e+01,2.221457e+01,2.227647e+01,2.224896e+01,2.218016e+01,2.223520e+01,2.237268e+01,2.233146e+01,2.233146e+01,2.226959e+01,2.224896e+01,2.222145e+01,2.240702e+01,2.235207e+01,2.232458e+01,2.226271e+01,2.222833e+01,2.229709e+01,2.233833e+01,2.229709e+01,2.234520e+01,2.230396e+01,2.235207e+01,2.233833e+01,2.241389e+01,2.235894e+01,2.240702e+01,2.242762e+01,2.227647e+01,2.238642e+01,2.238642e+01,2.242075e+01,2.235207e+01,2.237268e+01,2.239328e+01,2.231084e+01,2.231771e+01,2.230396e+01,2.231771e+01,2.229022e+01,2.233146e+01,2.231771e+01,2.233833e+01,2.236581e+01,2.235894e+01,2.234520e+01,2.224896e+01,2.246880e+01,2.229022e+01,2.226271e+01,2.221457e+01,2.229022e+01,2.228334e+01,2.226271e+01,2.226271e+01,2.216640e+01,2.219393e+01,2.224896e+01,2.218705e+01,2.213886e+01,2.223520e+01,2.214575e+01,2.220081e+01,2.219393e+01,2.237268e+01,2.217328e+01,2.237268e+01,2.214575e+01,2.222833e+01,2.217328e+01,2.224208e+01,2.220769e+01,2.223520e+01,2.220081e+01,2.212509e+01,2.227647e+01,2.215952e+01,2.220081e+01,2.213198e+01,2.215952e+01,2.215263e+01,2.211132e+01,2.225584e+01,2.216640e+01,2.209755e+01,2.232458e+01,2.229022e+01,2.225584e+01,2.225584e+01,2.226271e+01,2.226271e+01,2.220081e+01,2.216640e+01,2.226959e+01,2.221457e+01,2.224208e+01,2.220081e+01,2.222145e+01,2.219393e+01,2.218016e+01,2.219393e+01,2.222833e+01,2.214575e+01,2.217328e+01,2.216640e+01,2.222833e+01,2.219393e+01,2.222145e+01,2.219393e+01,2.220769e+01,2.220081e+01,2.226271e+01,2.218705e+01,2.228334e+01,2.203554e+01,2.226959e+01,2.238642e+01,2.224896e+01,2.223520e+01,2.223520e+01,2.220769e+01,2.213198e+01,2.224208e+01,2.216640e+01,2.218016e+01,2.215263e+01,2.220081e+01,2.222145e+01,2.202865e+01,2.208377e+01,2.213198e+01,2.206999e+01,2.212509e+01,2.212509e+01,2.213886e+01,2.211821e+01,2.206999e+01,2.210443e+01,2.204932e+01,2.204932e+01,2.200797e+01,2.193211e+01,2.209755e+01,2.210443e+01,2.202865e+01,2.238642e+01,2.256483e+01,2.272925e+01,2.301635e+01,2.341151e+01,2.364246e+01,2.404876e+01,2.452750e+01,2.491026e+01,2.538509e+01,2.575144e+01,2.614965e+01,2.636142e+01,2.648036e+01,2.657936e+01,2.692189e+01,2.692189e+01,2.702049e+01,2.704677e+01,2.717806e+01,2.746634e+01,2.745979e+01,2.744016e+01,2.748596e+01,2.749251e+01,2.773426e+01,2.761018e+01,2.743362e+01,2.738124e+01,2.719118e+01,2.694819e+01,2.673759e+01,2.592418e+01,2.491697e+01,2.307777e+01,2.181476e+01,2.135790e+01,2.126767e+01,2.108001e+01,2.105914e+01,2.096167e+01,2.103130e+01,2.086412e+01,2.092684e+01,2.094774e+01,2.091291e+01,2.099649e+01,2.100345e+01,2.089200e+01,2.092684e+01,2.104522e+01,2.098256e+01,2.089897e+01,2.091291e+01,2.092684e+01,2.096864e+01,2.096167e+01,2.099649e+01,2.103826e+01,2.094077e+01,2.092684e+01,2.096167e+01,2.091291e+01,2.083623e+01,2.090594e+01,2.089897e+01,2.086412e+01,2.085715e+01,2.086412e+01,2.082925e+01,2.087109e+01,2.094077e+01,2.093381e+01,2.080135e+01,2.083623e+01,2.079438e+01,2.081530e+01,2.080833e+01,2.086412e+01,2.072459e+01,2.071761e+01,2.083623e+01,2.089200e+01,2.082228e+01,2.078042e+01,2.078042e+01,2.073855e+01,2.089200e+01,2.102434e+01,2.087806e+01,2.087109e+01,2.079438e+01,2.086412e+01,2.087806e+01,2.080833e+01,2.082925e+01,2.088503e+01,2.085715e+01,2.089200e+01,2.090594e+01,2.083623e+01,2.086412e+01,2.087806e+01,2.087109e+01,2.089897e+01,2.096864e+01,2.086412e+01,2.086412e+01,2.091987e+01,2.092684e+01,2.089897e+01,2.099649e+01,2.079438e+01,2.089897e+01,2.093381e+01,2.100345e+01,2.098953e+01,2.100345e+01,2.117736e+01,2.093381e+01,2.093381e+01,2.096167e+01,2.105914e+01,2.112174e+01,2.112174e+01,2.106609e+01,2.099649e+01,2.099649e+01,2.101738e+01,2.105218e+01,2.105218e+01,2.108001e+01,2.108001e+01,2.107305e+01,2.119820e+01,2.108696e+01,2.110088e+01,2.112869e+01,2.117041e+01,2.109392e+01,2.121210e+01,2.121210e+01,2.108696e+01,2.119820e+01,2.114955e+01,2.119126e+01,2.112174e+01,2.111479e+01,2.114955e+01,2.108696e+01,2.110783e+01,2.121905e+01,2.113565e+01,2.113565e+01,2.119820e+01,2.133014e+01,2.118431e+01,2.122600e+01,2.124683e+01,2.114955e+01,2.112869e+01,2.118431e+01,2.110088e+01,2.112174e+01,2.109392e+01,2.107305e+01,2.114955e+01,2.105218e+01,2.106609e+01,2.114260e+01,2.107305e+01,2.112174e+01,2.112869e+01,2.117041e+01,2.113565e+01,2.130932e+01,2.130932e+01,2.132320e+01,2.137177e+01,2.136484e+01,2.135790e+01,2.137871e+01,2.137177e+01,2.136484e+01,2.151042e+01,2.137871e+01,2.143419e+01,2.144805e+01,2.157967e+01,2.154505e+01,2.152427e+01,2.157274e+01,2.153119e+01,2.138565e+01,2.148963e+01,2.148270e+01,2.146191e+01,2.148270e+01,2.149656e+01,2.150349e+01,2.148963e+01,2.159351e+01,2.155197e+01,2.146191e+01,2.153119e+01,2.159351e+01,2.149656e+01,2.155197e+01,2.155197e+01,2.155890e+01,2.155197e+01,2.131626e+01,2.142032e+01,2.133014e+01,2.148270e+01,2.134402e+01,2.130932e+01,2.124683e+01,2.121905e+01,2.124683e+01,2.099649e+01,2.121210e+01,2.113565e+01,2.126767e+01,2.108001e+01,2.112174e+01,2.120515e+01,2.110088e+01,2.112174e+01,2.109392e+01,2.108696e+01,2.112869e+01,2.106609e+01,2.117041e+01,2.107305e+01,2.108696e+01,2.108001e+01,2.104522e+01,2.103130e+01,2.101738e+01,2.107305e+01,2.103826e+01,2.096167e+01,2.103130e+01,2.107305e+01,2.110088e+01,2.105218e+01,2.094774e+01,2.101738e+01,2.095471e+01,2.108696e+01,2.113565e+01,2.110088e+01,2.112869e+01,2.112869e+01,2.093381e+01,2.101042e+01,2.101042e+01,2.107305e+01,2.094077e+01,2.101738e+01,2.105218e+01,2.098953e+01,2.113565e+01,2.114955e+01,2.112174e+01,2.138565e+01,2.135790e+01,2.140645e+01,2.151734e+01,2.153812e+01,2.169037e+01,2.168345e+01,2.175258e+01,2.181476e+01,2.180095e+01,2.194591e+01,2.192521e+01,2.213198e+01,2.218705e+01,2.235207e+01,2.248939e+01,2.264708e+01,2.261282e+01,2.283872e+01,2.289341e+01,2.300270e+01,2.313233e+01,2.330946e+01,2.352026e+01,2.362889e+01,2.364924e+01,2.394733e+01,2.417709e+01,2.414333e+01,2.417709e+01,2.451405e+01,2.452750e+01,2.465524e+01,2.478954e+01,2.467540e+01,2.511115e+01,2.478283e+01,2.503084e+01,2.508439e+01,2.529831e+01,2.501745e+01,2.515129e+01,2.514460e+01,2.525823e+01,2.512453e+01,2.519140e+01,2.515797e+01,2.510446e+01,2.502415e+01,2.492367e+01,2.480296e+01,2.478954e+01,2.470227e+01,2.462836e+01,2.437939e+01,2.425806e+01,2.392027e+01,2.366281e+01,2.352026e+01,2.313915e+01,2.315960e+01,2.279084e+01,2.277716e+01,2.258540e+01,2.250997e+01,2.242762e+01,2.216640e+01,2.205621e+01,2.216640e+01,2.215263e+01,2.206310e+01,2.210443e+01,2.207688e+01,2.191831e+01,2.204932e+01,2.171802e+01,2.179404e+01,2.187691e+01,2.166962e+01,2.166962e+01,2.162119e+01,2.166270e+01,2.171111e+01,2.171111e+01,2.178022e+01,2.175949e+01,2.170420e+01,2.144805e+01,2.162811e+01,2.153119e+01,2.151734e+01,2.157967e+01,2.146191e+01,2.155197e+01,2.144112e+01,2.145498e+01,2.142725e+01,2.144805e+01,2.142032e+01,2.135096e+01,2.131626e+01,2.140645e+01,2.137871e+01,2.137871e+01,2.141339e+01,2.128850e+01,2.135790e+01,2.135790e+01,2.134402e+01,2.135096e+01,2.135096e+01,2.136484e+01,2.140645e+01,2.137177e+01,2.144112e+01,2.170420e+01,2.150349e+01,2.147577e+01,2.155890e+01,2.165579e+01,2.155890e+01,2.157967e+01,2.160043e+01,2.156582e+01,2.155890e+01,2.158659e+01,2.165579e+01,2.156582e+01,2.172494e+01,2.160735e+01,2.169037e+01,2.166270e+01,2.175258e+01,2.169037e+01,2.176641e+01,2.172494e+01,2.175949e+01,2.173185e+01,2.187000e+01,2.193211e+01,2.181476e+01,2.195280e+01,2.184239e+01,2.180786e+01,2.195970e+01,2.193211e+01,2.190451e+01,2.205621e+01,2.200797e+01,2.195970e+01,2.200797e+01,2.203554e+01,2.194591e+01,2.206310e+01,2.207688e+01,2.194591e+01,2.202176e+01,2.221457e+01,2.220081e+01,2.220081e+01,2.229022e+01,2.229022e+01,2.223520e+01,2.215952e+01,2.217328e+01,2.220081e+01,2.226271e+01,2.215952e+01,2.211821e+01,2.203554e+01,2.213886e+01,2.210443e+01,2.196660e+01,2.202865e+01,2.219393e+01,2.214575e+01,2.209755e+01,2.205621e+01,2.206310e+01,2.209755e+01,2.212509e+01,2.202176e+01,2.190451e+01,2.200107e+01,2.202176e+01,2.199418e+01,2.201486e+01,2.204243e+01,2.206999e+01,2.209755e+01,2.203554e+01
2.229022e+01,2.229709e+01,2.237955e+01,2.224208e+01,2.226959e+01,2.221457e+01,2.215263e+01,2.212509e+01,2.211821e+01,2.209066e+01,2.223520e+01,2.214575e+01,2.212509e+01,2.211132e+01,2.203554e+01,2.207688e+01,2.210443e+01,2.211132e+01,2.212509e+01,2.205621e+01,2.203554e+01,2.188381e+01,2.206310e+01,2.210443e+01,2.216640e+01,2.210443e+01,2.195280e+01,2.209755e+01,2.214575e+01,2.220081e+01,2.213198e+01,2.224896e+01,2.213886e+01,2.219393e+01,2.215263e+01,2.203554e+01,2.208377e+01,2.218016e+01,2.211821e+01,2.215263e+01,2.220769e+01,2.220081e+01,2.207688e+01,2.221457e+01,2.229709e+01,2.235207e+01,2.222145e+01,2.233146e+01,2.223520e+01,2.220081e+01,2.224896e+01,2.222145e+01,2.235207e+01,2.233146e+01,2.234520e+01,2.224208e+01,2.232458e+01,2.231084e+01,2.233146e+01,2.230396e+01,2.228334e+01,2.223520e+01,2.237268e+01,2.227647e+01,2.231084e+01,2.240702e+01,2.232458e+01,2.231771e+01,2.239328e+01,2.242762e+01,2.229022e+01,2.232458e+01,2.230396e+01,2.235894e+01,2.237955e+01,2.239328e+01,2.244135e+01,2.236581e+01,2.240015e+01,2.233146e+01,2.241389e+01,2.225584e+01,2.242075e+01,2.226959e+01,2.241389e+01,2.221457e+01,2.226959e+01,2.224896e+01,2.229022e+01,2.227647e+01,2.226959e+01,2.224208e+01,2.229022e+01,2.219393e+01,2.220769e+01,2.226271e+01,2.220081e+01,2.211821e+01,2.222145e+01,2.209755e+01,2.220769e+01,2.217328e+01,2.224208e+01,2.221457e+01,2.216640e+01,2.210443e+01,2.229022e+01,2.224208e+01,2.219393e+01,2.220081e+01,2.226959e+01,2.222145e+01,2.218016e+01,2.215263e+01,2.215952e+01,2.231084e+01,2.231084e+01,2.220081e+01,2.215263e+01,2.221457e+01,2.211821e+01,2.219393e+01,2.220769e+01,2.240015e+01,2.212509e+01,2.212509e+01,2.223520e+01,2.215952e+01,2.217328e+01,2.222145e+01,2.220081e+01,2.215952e+01,2.233146e+01,2.222833e+01,2.231771e+01,2.221457e+01,2.228334e+01,2.221457e+01,2.224208e+01,2.226271e+01,2.224896e+01,2.220769e+01,2.231084e+01,2.224208e+01,2.228334e+01,2.225584e+01,2.222145e+01,2.206999e+01,2.222833e+01,2.242075e+01,2.220769e+01,2.220081e+01,2.237268e+01,2.204932e+01,2.233833e+01,2.230396e+01,2.224208e+01,2.225584e+01,2.222145e+01,2.224208e+01,2.221457e+01,2.220769e+01,2.212509e+01,2.214575e+01,2.218705e+01,2.217328e+01,2.212509e+01,2.214575e+01,2.214575e+01,2.214575e+01,2.213886e+01,2.214575e+01,2.202865e+01,2.210443e+01,2.208377e+01,2.210443e+01,2.198729e+01,2.207688e+01,2.206310e+01,2.200107e+01,2.196660e+01,2.202176e+01,2.213198e+01,2.229022e+01,2.243448e+01,2.270871e+01,2.287974e+01,2.326861e+01,2.363567e+01,2.403524e+01,2.439960e+01,2.489015e+01,2.537841e+01,2.569158e+01,2.616952e+01,2.618277e+01,2.647375e+01,2.656617e+01,2.689558e+01,2.692846e+01,2.700735e+01,2.709930e+01,2.713212e+01,2.744671e+01,2.747288e+01,2.749905e+01,2.749905e+01,2.777994e+01,2.781255e+01,2.781255e+01,2.774079e+01,2.774079e+01,2.755790e+01,2.736160e+01,2.733540e+01,2.680345e+01,2.630190e+01,2.492367e+01,2.324818e+01,2.202865e+01,2.139258e+01,2.125378e+01,2.119820e+01,2.105218e+01,2.118431e+01,2.096864e+01,2.098953e+01,2.095471e+01,2.079438e+01,2.082925e+01,2.088503e+01,2.099649e+01,2.103826e+01,2.098953e+01,2.093381e+01,2.096167e+01,2.090594e+01,2.095471e+01,2.097560e+01,2.106609e+01,2.097560e+01,2.101042e+01,2.083623e+01,2.094077e+01,2.087806e+01,2.088503e+01,2.083623e+01,2.083623e+01,2.080833e+01,2.083623e+01,2.089200e+01,2.085017e+01,2.074553e+01,2.088503e+01,2.083623e+01,2.081530e+01,2.082228e+01,2.087109e+01,2.094774e+01,2.081530e+01,2.072459e+01,2.086412e+01,2.071761e+01,2.084320e+01,2.089897e+01,2.087109e+01,2.065475e+01,2.078042e+01,2.075949e+01,2.082228e+01,2.073157e+01,2.085715e+01,2.066174e+01,2.079438e+01,2.087806e+01,2.080833e+01,2.089897e+01,2.079438e+01,2.089200e+01,2.080135e+01,2.089897e+01,2.089200e+01,2.093381e+01,2.082925e+01,2.087109e+01,2.087806e+01,2.098953e+01,2.096864e+01,2.085715e+01,2.084320e+01,2.082228e+01,2.097560e+01,2.079438e+01,2.076647e+01,2.083623e+01,2.078042e+01,2.079438e+01,2.094077e+01,2.098256e+01,2.108001e+01,2.106609e+01,2.106609e+01,2.119820e+01,2.096167e+01,2.112869e+01,2.102434e+01,2.113565e+01,2.105914e+01,2.103826e+01,2.095471e+01,2.100345e+01,2.096167e+01,2.107305e+01,2.098953e+01,2.103130e+01,2.110783e+01,2.102434e+01,2.108001e+01,2.107305e+01,2.103130e+01,2.114260e+01,2.103826e+01,2.116345e+01,2.114955e+01,2.109392e+01,2.112869e+01,2.119820e+01,2.106609e+01,2.110088e+01,2.117041e+01,2.111479e+01,2.117736e+01,2.114955e+01,2.110088e+01,2.109392e+01,2.123294e+01,2.114955e+01,2.112869e+01,2.121905e+01,2.114955e+01,2.116345e+01,2.118431e+01,2.115650e+01,2.114955e+01,2.117736e+01,2.113565e+01,2.117041e+01,2.118431e+01,2.116345e+01,2.119820e+01,2.114260e+01,2.109392e+01,2.107305e+01,2.115650e+01,2.118431e+01,2.117041e+01,2.116345e+01,2.114955e+01,2.121210e+01,2.128156e+01,2.130238e+01,2.135096e+01,2.135790e+01,2.130932e+01,2.138565e+01,2.137177e+01,2.138565e+01,2.139952e+01,2.143419e+01,2.139952e+01,2.150349e+01,2.151734e+01,2.157274e+01,2.151042e+01,2.162811e+01,2.151042e+01,2.149656e+01,2.149656e+01,2.149656e+01,2.151734e+01,2.151734e+01,2.157967e+01,2.152427e+01,2.151042e+01,2.150349e+01,2.160043e+01,2.157967e+01,2.153812e+01,2.156582e+01,2.157274e+01,2.157274e+01,2.146191e+01,2.149656e+01,2.154505e+01,2.146884e+01,2.148270e+01,2.131626e+01,2.143419e+01,2.126767e+01,2.129544e+01,2.126767e+01,2.116345e+01,2.119126e+01,2.117041e+01,2.111479e+01,2.114260e+01,2.123989e+01,2.121210e+01,2.122600e+01,2.110088e+01,2.108696e+01,2.110783e+01,2.108696e+01,2.108696e+01,2.109392e+01,2.114955e+01,2.110783e+01,2.105914e+01,2.105914e+01,2.119126e+01,2.098953e+01,2.110088e+01,2.110088e+01,2.105914e+01,2.108696e+01,2.098256e+01,2.103130e+01,2.110088e+01,2.107305e+01,2.105914e+01,2.100345e+01,2.104522e+01,2.100345e+01,2.101738e+01,2.097560e+01,2.112174e+01,2.105914e+01,2.108696e+01,2.102434e+01,2.101738e+01,2.101042e+01,2.110088e+01,2.112174e+01,2.110088e+01,2.110783e+01,2.126767e+01,2.115650e+01,2.117041e+01,2.117041e+01,2.130238e+01,2.143419e+01,2.148963e+01,2.154505e+01,2.144805e+01,2.159351e+01,2.160043e+01,2.167654e+01,2.168345e+01,2.184239e+01,2.191141e+01,2.193901e+01,2.205621e+01,2.224896e+01,2.223520e+01,2.226959e+01,2.248252e+01,2.255112e+01,2.261967e+01,2.271556e+01,2.282504e+01,2.306412e+01,2.306412e+01,2.328223e+01,2.342511e+01,2.337070e+01,2.368316e+01,2.362210e+01,2.411632e+01,2.415683e+01,2.445347e+01,2.441307e+01,2.433222e+01,2.436592e+01,2.438613e+01,2.441981e+01,2.461492e+01,2.469555e+01,2.469555e+01,2.480967e+01,2.489015e+01,2.491026e+01,2.507101e+01,2.491026e+01,2.503754e+01,2.501745e+01,2.503754e+01,2.499736e+01,2.486333e+01,2.484321e+01,2.482309e+01,2.457458e+01,2.454095e+01,2.437266e+01,2.426480e+01,2.425806e+01,2.394733e+01,2.362889e+01,2.351346e+01,2.322775e+01,2.296173e+01,2.278400e+01,2.279084e+01,2.252369e+01,2.243448e+01,2.244135e+01,2.215952e+01,2.205621e+01,2.200107e+01,2.210443e+01,2.213198e+01,2.205621e+01,2.195970e+01,2.199418e+01,2.185620e+01,2.188381e+01,2.168345e+01,2.180786e+01,2.172494e+01,2.173185e+01,2.173185e+01,2.175258e+01,2.166962e+01,2.169037e+01,2.169037e+01,2.156582e+01,2.148270e+01,2.162811e+01,2.156582e+01,2.155890e+01,2.162119e+01,2.151734e+01,2.157274e+01,2.149656e+01,2.144112e+01,2.130238e+01,2.144805e+01,2.138565e+01,2.136484e+01,2.144805e+01,2.141339e+01,2.133708e+01,2.142725e+01,2.134402e+01,2.142725e+01,2.114260e+01,2.138565e+01,2.140645e+01,2.109392e+01,2.148270e+01,2.134402e+01,2.140645e+01,2.135790e+01,2.137871e+01,2.154505e+01,2.141339e+01,2.153812e+01,2.154505e+01,2.153119e+01,2.148963e+01,2.156582e+01,2.160735e+01,2.170420e+01,2.155197e+01,2.156582e+01,2.163503e+01,2.154505e+01,2.160735e+01,2.162119e+01,2.168345e+01,2.165579e+01,2.167654e+01,2.186310e+01,2.171111e+01,2.171802e+01,2.176641e+01,2.183548e+01,2.171111e+01,2.178713e+01,2.185620e+01,2.195970e+01,2.179404e+01,2.195280e+01,2.182858e+01,2.190451e+01,2.177332e+01,2.190451e+01,2.204243e+01,2.200107e+01,2.191141e+01,2.200107e+01,2.199418e+01,2.200107e+01,2.206310e+01,2.211132e+01,2.205621e+01,2.202176e+01,2.220769e+01,2.224896e+01,2.222145e+01,2.230396e+01,2.220081e+01,2.222145e+01,2.214575e+01,2.221457e+01,2.220081e+01,2.213198e+01,2.210443e+01,2.213198e+01,2.215263e+01,2.214575e+01,2.214575e+01,2.200107e+01,2.203554e+01,2.218016e+01,2.215263e+01,2.213198e+01,2.197349e+01,2.212509e+01,2.206999e+01,2.193901e+01,2.199418e+01,2.195970e+01,2.203554e+01,2.205621e+01,2.203554e+01,2.198729e+01,2.198729e+01,2.203554e+01,2.191141e+01,2.206310e+01
2.229709e+01,2.215952e+01,2.229022e+01,2.213198e+01,2.224208e+01,2.215263e+01,2.219393e+01,2.217328e+01,2.213886e+01,2.213886e+01,2.211821e+01,2.217328e+01,2.209755e+01,2.206310e+01,2.208377e+01,2.204932e+01,2.210443e+01,2.206310e+01,2.212509e+01,2.204932e+01,2.211132e+01,2.206310e+01,2.195280e+01,2.213198e+01,2.215263e+01,2.204243e+01,2.217328e+01,2.204243e+01,2.209066e+01,2.207688e+01,2.200107e+01,2.211132e+01,2.200797e+01,2.220081e+01,2.221457e+01,2.206310e+01,2.214575e+01,2.218016e+01,2.214575e+01,2.212509e+01,2.216640e+01,2.235207e+01,2.224896e+01,2.231771e+01,2.233146e+01,2.226959e+01,2.222145e+01,2.230396e+01,2.226271e+01,2.228334e+01,2.226959e+01,2.231084e+01,2.231771e+01,2.226959e+01,2.238642e+01,2.230396e+01,2.224896e+01,2.224896e+01,2.224896e+01,2.226271e+01,2.237955e+01,2.229709e+01,2.227647e+01,2.236581e+01,2.240015e+01,2.226959e+01,2.236581e+01,2.240702e+01,2.235207e+01,2.239328e+01,2.237955e+01,2.240015e+01,2.236581e+01,2.234520e+01,2.225584e+01,2.233833e+01,2.232458e+01,2.231771e+01,2.235207e+01,2.229709e+01,2.226959e+01,2.233146e+01,2.234520e+01,2.230396e+01,2.231084e+01,2.226959e+01,2.224208e+01,2.223520e+01,2.234520e+01,2.228334e+01,2.223520e+01,2.226959e+01,2.224208e+01,2.220081e+01,2.216640e+01,2.219393e+01,2.210443e+01,2.220769e+01,2.213198e+01,2.226959e+01,2.228334e+01,2.224896e+01,2.219393e+01,2.222833e+01,2.215952e+01,2.223520e+01,2.216640e+01,2.218016e+01,2.220769e+01,2.218705e+01,2.215952e+01,2.219393e+01,2.221457e+01,2.213886e+01,2.213198e+01,2.206999e+01,2.217328e+01,2.217328e+01,2.215952e+01,2.215952e+01,2.214575e+01,2.222145e+01,2.212509e+01,2.216640e+01,2.216640e+01,2.209755e+01,2.213198e+01,2.224896e+01,2.212509e+01,2.217328e+01,2.218705e+01,2.222833e+01,2.224896e+01,2.216640e+01,2.221457e+01,2.229709e+01,2.219393e+01,2.216640e+01,2.214575e+01,2.215263e+01,2.236581e+01,2.214575e+01,2.222833e+01,2.224208e+01,2.220081e+01,2.218016e+01,2.213886e+01,2.219393e+01,2.225584e+01,2.225584e+01,2.225584e+01,2.227647e+01,2.225584e+01,2.224896e+01,2.222833e+01,2.215263e+01,2.207688e+01,2.204243e+01,2.233833e+01,2.215263e+01,2.221457e+01,2.225584e+01,2.233146e+01,2.222833e+01,2.222145e+01,2.222145e+01,2.215952e+01,2.218016e+01,2.211821e+01,2.213198e+01,2.214575e+01,2.211132e+01,2.212509e+01,2.212509e+01,2.211132e+01,2.210443e+01,2.195280e+01,2.195280e+01,2.199418e+01,2.205621e+01,2.215952e+01,2.209755e+01,2.209755e+01,2.234520e+01,2.248252e+01,2.257854e+01,2.301635e+01,2.328904e+01,2.349308e+01,2.396762e+01,2.433222e+01,2.470898e+01,2.508439e+01,2.557175e+01,2.601045e+01,2.632175e+01,2.646054e+01,2.649356e+01,2.672441e+01,2.690874e+01,2.705334e+01,2.718462e+01,2.723709e+01,2.729609e+01,2.747288e+01,2.751213e+01,2.763632e+01,2.800803e+01,2.785820e+01,2.782560e+01,2.779299e+01,2.785168e+01,2.798199e+01,2.777341e+01,2.759058e+01,2.732885e+01,2.698106e+01,2.655957e+01,2.524487e+01,2.349988e+01,2.206310e+01,2.150349e+01,2.125378e+01,2.111479e+01,2.114260e+01,2.104522e+01,2.096167e+01,2.099649e+01,2.094077e+01,2.094077e+01,2.086412e+01,2.098256e+01,2.099649e+01,2.099649e+01,2.093381e+01,2.094774e+01,2.094077e+01,2.097560e+01,2.094774e+01,2.094774e+01,2.096864e+01,2.100345e+01,2.087109e+01,2.090594e+01,2.087806e+01,2.082228e+01,2.086412e+01,2.089200e+01,2.091987e+01,2.091987e+01,2.088503e+01,2.086412e+01,2.087109e+01,2.080833e+01,2.082228e+01,2.080135e+01,2.082228e+01,2.082228e+01,2.086412e+01,2.080135e+01,2.082228e+01,2.084320e+01,2.075949e+01,2.075949e+01,2.077344e+01,2.077344e+01,2.073157e+01,2.072459e+01,2.078740e+01,2.070364e+01,2.084320e+01,2.075251e+01,2.080135e+01,2.082228e+01,2.079438e+01,2.087109e+01,2.080135e+01,2.079438e+01,2.086412e+01,2.081530e+01,2.090594e+01,2.087109e+01,2.083623e+01,2.085017e+01,2.085017e+01,2.089897e+01,2.088503e+01,2.086412e+01,2.089200e+01,2.098256e+01,2.094774e+01,2.101042e+01,2.092684e+01,2.085017e+01,2.085715e+01,2.084320e+01,2.093381e+01,2.091987e+01,2.103130e+01,2.095471e+01,2.093381e+01,2.098256e+01,2.096864e+01,2.097560e+01,2.112174e+01,2.107305e+01,2.110783e+01,2.094774e+01,2.100345e+01,2.083623e+01,2.098953e+01,2.095471e+01,2.102434e+01,2.108001e+01,2.100345e+01,2.110783e+01,2.100345e+01,2.103130e+01,2.104522e+01,2.095471e+01,2.114260e+01,2.097560e+01,2.108696e+01,2.115650e+01,2.118431e+01,2.105914e+01,2.109392e+01,2.109392e+01,2.103826e+01,2.105218e+01,2.117041e+01,2.109392e+01,2.138565e+01,2.119820e+01,2.115650e+01,2.108696e+01,2.108696e+01,2.112869e+01,2.110783e+01,2.127461e+01,2.118431e+01,2.123989e+01,2.124683e+01,2.121905e+01,2.117041e+01,2.113565e+01,2.111479e+01,2.110783e+01,2.112869e+01,2.110088e+01,2.120515e+01,2.109392e+01,2.114955e+01,2.122600e+01,2.117041e+01,2.117736e+01,2.117041e+01,2.118431e+01,2.132320e+01,2.135096e+01,2.135790e+01,2.136484e+01,2.135790e+01,2.133708e+01,2.130238e+01,2.138565e+01,2.138565e+01,2.144112e+01,2.139952e+01,2.148270e+01,2.148270e+01,2.145498e+01,2.148963e+01,2.151042e+01,2.148963e+01,2.151042e+01,2.167654e+01,2.151734e+01,2.150349e+01,2.150349e+01,2.136484e+01,2.151734e+01,2.154505e+01,2.153812e+01,2.143419e+01,2.148270e+01,2.159351e+01,2.150349e+01,2.148963e+01,2.146884e+01,2.153119e+01,2.154505e+01,2.148270e+01,2.141339e+01,2.139952e+01,2.135096e+01,2.138565e+01,2.129544e+01,2.129544e+01,2.126072e+01,2.130932e+01,2.126767e+01,2.116345e+01,2.122600e+01,2.096167e+01,2.114955e+01,2.108696e+01,2.108001e+01,2.106609e+01,2.114955e+01,2.104522e+01,2.109392e+01,2.114955e+01,2.120515e+01,2.114260e+01,2.107305e+01,2.105914e+01,2.102434e+01,2.102434e+01,2.105914e+01,2.100345e+01,2.104522e+01,2.109392e+01,2.107305e+01,2.106609e+01,2.096167e+01,2.104522e+01,2.107305e+01,2.103130e+01,2.106609e+01,2.104522e+01,2.105218e+01,2.099649e+01,2.106609e+01,2.110088e+01,2.107305e+01,2.091987e+01,2.100345e+01,2.104522e+01,2.099649e+01,2.106609e+01,2.105218e+01,2.101042e+01,2.108696e+01,2.101042e+01,2.119126e+01,2.119126e+01,2.114955e+01,2.118431e+01,2.133708e+01,2.119126e+01,2.132320e+01,2.144805e+01,2.147577e+01,2.153812e+01,2.160043e+01,2.155197e+01,2.170420e+01,2.180095e+01,2.190451e+01,2.189761e+01,2.205621e+01,2.193211e+01,2.204243e+01,2.229022e+01,2.223520e+01,2.243448e+01,2.240015e+01,2.260596e+01,2.263337e+01,2.281136e+01,2.309141e+01,2.313233e+01,2.315960e+01,2.326180e+01,2.328223e+01,2.347269e+01,2.361531e+01,2.371706e+01,2.401496e+01,2.399467e+01,2.395410e+01,2.428503e+01,2.429177e+01,2.424457e+01,2.423782e+01,2.441307e+01,2.444001e+01,2.469555e+01,2.476270e+01,2.458803e+01,2.476270e+01,2.499736e+01,2.478283e+01,2.500406e+01,2.476270e+01,2.473584e+01,2.481638e+01,2.465524e+01,2.464853e+01,2.452077e+01,2.448040e+01,2.422433e+01,2.421083e+01,2.416359e+01,2.372384e+01,2.372384e+01,2.345910e+01,2.322093e+01,2.303000e+01,2.277032e+01,2.262652e+01,2.261967e+01,2.237955e+01,2.206310e+01,2.206999e+01,2.204243e+01,2.201486e+01,2.198039e+01,2.210443e+01,2.219393e+01,2.207688e+01,2.187691e+01,2.188381e+01,2.171802e+01,2.184239e+01,2.174567e+01,2.184929e+01,2.175258e+01,2.156582e+01,2.155890e+01,2.158659e+01,2.164195e+01,2.162811e+01,2.160735e+01,2.171111e+01,2.164887e+01,2.164887e+01,2.163503e+01,2.151734e+01,2.160735e+01,2.145498e+01,2.148270e+01,2.146191e+01,2.147577e+01,2.144112e+01,2.139952e+01,2.137871e+01,2.142032e+01,2.142032e+01,2.135790e+01,2.133708e+01,2.134402e+01,2.135790e+01,2.127461e+01,2.130238e+01,2.141339e+01,2.125378e+01,2.144805e+01,2.154505e+01,2.138565e+01,2.135790e+01,2.144805e+01,2.153119e+01,2.152427e+01,2.148963e+01,2.142725e+01,2.146191e+01,2.153119e+01,2.162119e+01,2.157274e+01,2.156582e+01,2.160735e+01,2.149656e+01,2.166270e+01,2.157274e+01,2.177332e+01,2.163503e+01,2.164195e+01,2.162811e+01,2.164887e+01,2.171802e+01,2.176641e+01,2.177332e+01,2.184929e+01,2.173185e+01,2.184239e+01,2.168345e+01,2.170420e+01,2.184929e+01,2.181476e+01,2.192521e+01,2.182858e+01,2.182167e+01,2.184239e+01,2.182167e+01,2.215263e+01,2.193211e+01,2.194591e+01,2.206310e+01,2.179404e+01,2.188381e+01,2.204932e+01,2.205621e+01,2.204243e+01,2.204243e+01,2.219393e+01,2.225584e+01,2.220081e+01,2.220081e+01,2.216640e+01,2.202176e+01,2.215263e+01,2.213886e+01,2.225584e+01,2.204932e+01,2.211132e+01,2.213198e+01,2.211132e+01,2.213198e+01,2.191831e+01,2.214575e+01,2.205621e+01,2.201486e+01,2.194591e+01,2.205621e+01,2.209755e+01,2.209066e+01,2.200797e+01,2.200797e+01,2.204243e+01,2.199418e+01,2.202865e+01,2.204932e+01,2.205621e+01,2.202176e+01,2.202176e+01,2.203554e+01,2.191141e+01,2.204932e+01
2.212509e+01,2.224896e+01,2.226271e+01,2.219393e+01,2.233833e+01,2.229709e+01,2.220081e+01,2.197349e+01,2.211821e+01,2.206999e+01,2.206999e+01,2.206999e+01,2.206310e+01,2.201486e+01,2.204932e+01,2.196660e+01,2.209066e+01,2.208377e+01,2.212509e+01,2.209066e+01,2.211821e+01,2.209755e+01,2.213198e+01,2.207688e+01,2.209066e+01,2.206999e+01,2.212509e+01,2.198039e+01,2.211821e+01,2.207688e+01,2.223520e+01,2.208377e+01,2.210443e+01,2.226271e+01,2.200797e+01,2.210443e+01,2.208377e+01,2.218016e+01,2.211132e+01,2.227647e+01,2.224208e+01,2.218016e+01,2.224208e+01,2.228334e+01,2.219393e+01,2.229709e+01,2.216640e+01,2.226959e+01,2.230396e+01,2.231771e+01,2.235207e+01,2.233146e+01,2.224208e+01,2.233833e+01,2.222833e+01,2.222145e+01,2.221457e+01,2.226271e+01,2.232458e+01,2.231084e+01,2.224896e+01,2.223520e+01,2.232458e+01,2.226271e+01,2.240015e+01,2.233833e+01,2.229709e+01,2.235894e+01,2.238642e+01,2.237268e+01,2.238642e+01,2.231771e+01,2.237955e+01,2.234520e+01,2.232458e+01,2.233833e+01,2.225584e+01,2.229709e+01,2.215952e+01,2.229709e+01,2.230396e+01,2.230396e+01,2.227647e+01,2.229022e+01,2.227647e+01,2.231084e+01,2.226271e+01,2.215263e+01,2.232458e+01,2.220081e+01,2.224208e+01,2.211821e+01,2.208377e+01,2.216640e+01,2.219393e+01,2.214575e+01,2.218016e+01,2.218705e+01,2.211821e+01,2.222145e+01,2.206310e+01,2.224208e+01,2.222833e+01,2.226271e+01,2.214575e+01,2.222833e+01,2.222145e+01,2.218016e+01,2.224208e+01,2.209066e+01,2.212509e+01,2.227647e+01,2.218705e+01,2.215263e+01,2.213198e+01,2.229709e+01,2.217328e+01,2.215952e+01,2.216640e+01,2.218705e+01,2.218016e+01,2.202865e+01,2.220769e+01,2.218705e+01,2.220081e+01,2.209755e+01,2.227647e+01,2.220081e+01,2.226271e+01,2.222833e+01,2.226959e+01,2.213198e+01,2.222145e+01,2.211132e+01,2.224896e+01,2.232458e+01,2.215263e+01,2.220081e+01,2.220081e+01,2.220769e+01,2.223520e+01,2.216640e+01,2.226271e+01,2.218705e+01,2.224208e+01,2.223520e+01,2.217328e+01,2.231771e+01,2.229709e+01,2.226959e+01,2.227647e+01,2.243448e+01,2.209066e+01,2.238642e+01,2.224208e+01,2.222145e+01,2.221457e+01,2.235894e+01,2.233146e+01,2.222833e+01,2.224208e+01,2.221457e+01,2.223520e+01,2.206310e+01,2.223520e+01,2.221457e+01,2.207688e+01,2.222833e+01,2.219393e+01,2.200107e+01,2.204932e+01,2.202865e+01,2.208377e+01,2.211132e+01,2.209755e+01,2.211821e+01,2.209755e+01,2.197349e+01,2.209755e+01,2.198729e+01,2.198729e+01,2.205621e+01,2.220081e+01,2.236581e+01,2.237268e+01,2.255798e+01,2.284555e+01,2.305048e+01,2.361531e+01,2.366281e+01,2.428503e+01,2.468212e+01,2.511115e+01,2.554511e+01,2.599718e+01,2.619601e+01,2.642751e+01,2.646054e+01,2.657277e+01,2.671782e+01,2.698763e+01,2.704020e+01,2.720430e+01,2.710587e+01,2.748596e+01,2.762325e+01,2.777994e+01,2.782560e+01,2.783864e+01,2.796896e+01,2.799501e+01,2.800803e+01,2.798199e+01,2.795594e+01,2.793640e+01,2.761018e+01,2.751867e+01,2.730264e+01,2.657277e+01,2.534504e+01,2.351346e+01,2.213886e+01,2.158659e+01,2.120515e+01,2.106609e+01,2.104522e+01,2.103130e+01,2.101738e+01,2.101042e+01,2.095471e+01,2.092684e+01,2.087806e+01,2.096864e+01,2.095471e+01,2.094077e+01,2.088503e+01,2.091291e+01,2.096864e+01,2.110783e+01,2.087806e+01,2.098256e+01,2.093381e+01,2.091987e+01,2.092684e+01,2.091987e+01,2.085715e+01,2.087806e+01,2.087806e+01,2.092684e+01,2.089897e+01,2.081530e+01,2.084320e+01,2.086412e+01,2.084320e+01,2.087109e+01,2.086412e+01,2.089200e+01,2.081530e+01,2.078740e+01,2.077344e+01,2.086412e+01,2.094077e+01,2.080833e+01,2.082228e+01,2.071761e+01,2.068269e+01,2.065475e+01,2.071761e+01,2.068967e+01,2.075949e+01,2.081530e+01,2.076647e+01,2.068269e+01,2.077344e+01,2.080833e+01,2.082925e+01,2.079438e+01,2.079438e+01,2.081530e+01,2.085017e+01,2.088503e+01,2.078042e+01,2.085017e+01,2.087109e+01,2.089897e+01,2.083623e+01,2.091291e+01,2.079438e+01,2.086412e+01,2.085017e+01,2.087109e+01,2.087109e+01,2.073855e+01,2.076647e+01,2.082925e+01,2.076647e+01,2.096167e+01,2.089200e+01,2.096864e+01,2.085715e+01,2.101738e+01,2.097560e+01,2.092684e+01,2.093381e+01,2.093381e+01,2.097560e+01,2.100345e+01,2.100345e+01,2.103826e+01,2.100345e+01,2.102434e+01,2.099649e+01,2.091987e+01,2.094077e+01,2.105914e+01,2.105914e+01,2.101738e+01,2.102434e+01,2.094774e+01,2.091987e+01,2.101738e+01,2.110088e+01,2.103826e+01,2.108696e+01,2.104522e+01,2.116345e+01,2.103826e+01,2.101042e+01,2.104522e+01,2.104522e+01,2.112869e+01,2.114955e+01,2.110783e+01,2.086412e+01,2.111479e+01,2.111479e+01,2.112869e+01,2.124683e+01,2.123989e+01,2.123989e+01,2.128850e+01,2.120515e+01,2.120515e+01,2.125378e+01,2.117041e+01,2.113565e+01,2.121210e+01,2.116345e+01,2.111479e+01,2.111479e+01,2.107305e+01,2.112174e+01,2.117736e+01,2.118431e+01,2.113565e+01,2.125378e+01,2.114955e+01,2.114955e+01,2.119126e+01,2.133708e+01,2.119820e+01,2.133708e+01,2.141339e+01,2.137871e+01,2.144805e+01,2.142032e+01,2.143419e+01,2.142032e+01,2.143419e+01,2.147577e+01,2.155890e+01,2.164195e+01,2.148963e+01,2.149656e+01,2.149656e+01,2.149656e+01,2.152427e+01,2.151734e+01,2.151734e+01,2.152427e+01,2.149656e+01,2.153119e+01,2.155197e+01,2.153812e+01,2.160735e+01,2.147577e+01,2.160735e+01,2.155197e+01,2.144805e+01,2.154505e+01,2.158659e+01,2.145498e+01,2.144112e+01,2.142725e+01,2.152427e+01,2.133708e+01,2.133014e+01,2.135790e+01,2.139952e+01,2.127461e+01,2.129544e+01,2.129544e+01,2.117736e+01,2.118431e+01,2.110088e+01,2.111479e+01,2.114955e+01,2.126072e+01,2.115650e+01,2.110088e+01,2.109392e+01,2.105218e+01,2.107305e+01,2.120515e+01,2.103130e+01,2.114260e+01,2.113565e+01,2.114260e+01,2.103130e+01,2.113565e+01,2.106609e+01,2.112174e+01,2.105914e+01,2.108696e+01,2.095471e+01,2.092684e+01,2.105218e+01,2.099649e+01,2.107305e+01,2.105914e+01,2.097560e+01,2.105218e+01,2.096864e+01,2.102434e+01,2.105218e+01,2.102434e+01,2.107305e+01,2.094077e+01,2.093381e+01,2.096864e+01,2.107305e+01,2.106609e+01,2.104522e+01,2.101042e+01,2.102434e+01,2.105218e+01,2.120515e+01,2.117041e+01,2.126072e+01,2.127461e+01,2.133708e+01,2.138565e+01,2.145498e+01,2.155197e+01,2.154505e+01,2.153812e+01,2.154505e+01,2.150349e+01,2.163503e+01,2.171802e+01,2.171111e+01,2.189761e+01,2.195970e+01,2.187000e+01,2.203554e+01,2.221457e+01,2.220769e+01,2.221457e+01,2.237955e+01,2.238642e+01,2.242075e+01,2.256483e+01,2.281136e+01,2.292074e+01,2.300953e+01,2.305048e+01,2.330265e+01,2.345230e+01,2.337751e+01,2.354742e+01,2.369672e+01,2.349988e+01,2.366959e+01,2.377129e+01,2.385935e+01,2.385258e+01,2.406903e+01,2.425806e+01,2.425806e+01,2.445347e+01,2.446021e+01,2.447367e+01,2.469555e+01,2.452077e+01,2.457458e+01,2.467540e+01,2.478954e+01,2.480967e+01,2.464853e+01,2.454768e+01,2.453423e+01,2.448040e+01,2.427829e+01,2.404200e+01,2.395410e+01,2.373740e+01,2.352026e+01,2.322775e+01,2.321412e+01,2.293440e+01,2.277716e+01,2.274978e+01,2.257169e+01,2.235894e+01,2.220081e+01,2.206999e+01,2.205621e+01,2.204932e+01,2.209066e+01,2.212509e+01,2.206999e+01,2.202865e+01,2.198039e+01,2.183548e+01,2.182858e+01,2.180786e+01,2.171111e+01,2.162811e+01,2.159351e+01,2.155890e+01,2.155890e+01,2.170420e+01,2.163503e+01,2.153812e+01,2.167654e+01,2.168345e+01,2.166962e+01,2.160735e+01,2.154505e+01,2.157274e+01,2.155197e+01,2.155890e+01,2.155890e+01,2.137871e+01,2.142032e+01,2.145498e+01,2.153812e+01,2.142725e+01,2.134402e+01,2.138565e+01,2.142725e+01,2.139952e+01,2.129544e+01,2.137871e+01,2.131626e+01,2.130238e+01,2.144805e+01,2.131626e+01,2.142032e+01,2.135790e+01,2.142725e+01,2.135790e+01,2.133708e+01,2.141339e+01,2.134402e+01,2.146884e+01,2.140645e+01,2.149656e+01,2.141339e+01,2.150349e+01,2.159351e+01,2.148963e+01,2.151042e+01,2.159351e+01,2.157274e+01,2.155197e+01,2.164887e+01,2.154505e+01,2.162811e+01,2.163503e+01,2.166270e+01,2.168345e+01,2.162119e+01,2.175258e+01,2.181476e+01,2.164887e+01,2.171111e+01,2.167654e+01,2.177332e+01,2.193901e+01,2.177332e+01,2.146191e+01,2.175258e+01,2.175949e+01,2.186310e+01,2.183548e+01,2.195280e+01,2.187000e+01,2.194591e+01,2.186310e+01,2.186310e+01,2.196660e+01,2.183548e+01,2.193901e+01,2.216640e+01,2.197349e+01,2.206310e+01,2.220769e+01,2.221457e+01,2.217328e+01,2.209755e+01,2.211132e+01,2.210443e+01,2.214575e+01,2.206999e+01,2.208377e+01,2.226271e+01,2.204932e+01,2.224896e+01,2.202865e+01,2.204243e+01,2.215952e+01,2.193901e+01,2.195970e+01,2.204243e+01,2.197349e+01,2.202176e+01,2.193211e+01,2.204932e+01,2.193901e+01,2.201486e+01,2.194591e+01,2.198039e+01,2.200107e+01,2.204243e+01,2.195280e+01,2.197349e+01,2.187691e+01,2.187691e+01,2.192521e+01
2.213198e+01,2.206999e+01,2.214575e+01,2.220769e+01,2.211132e+01,2.211132e+01,2.209755e+01,2.197349e+01,2.211132e+01,2.206310e+01,2.209066e+01,2.194591e+01,2.205621e+01,2.205621e+01,2.205621e+01,2.202865e+01,2.202865e+01,2.206999e+01,2.206999e+01,2.206999e+01,2.213886e+01,2.206999e+01,2.207688e+01,2.218705e+01,2.200107e+01,2.209066e+01,2.222145e+01,2.204932e+01,2.216640e+01,2.220769e+01,2.211132e+01,2.227647e+01,2.209066e+01,2.204932e+01,2.207688e+01,2.209755e+01,2.215952e+01,2.218705e+01,2.217328e+01,2.216640e+01,2.218705e+01,2.206999e+01,2.232458e+01,2.227647e+01,2.209755e+01,2.227647e+01,2.215952e+01,2.228334e+01,2.227647e+01,2.231771e+01,2.234520e+01,2.229709e+01,2.225584e+01,2.228334e+01,2.231771e+01,2.229709e+01,2.226959e+01,2.239328e+01,2.226959e+01,2.232458e+01,2.235207e+01,2.231771e+01,2.230396e+01,2.235207e+01,2.229022e+01,2.229709e+01,2.237955e+01,2.231771e+01,2.218016e+01,2.235207e+01,2.230396e+01,2.237955e+01,2.235207e+01,2.229022e+01,2.229709e+01,2.224896e+01,2.235207e+01,2.233146e+01,2.233146e+01,2.237268e+01,2.224896e+01,2.229709e+01,2.223520e+01,2.224208e+01,2.237268e+01,2.219393e+01,2.220769e+01,2.222145e+01,2.217328e+01,2.215952e+01,2.229709e+01,2.211132e+01,2.224896e+01,2.226959e+01,2.218705e+01,2.227647e+01,2.215952e+01,2.218016e+01,2.218016e+01,2.222833e+01,2.222145e+01,2.215952e+01,2.215263e+01,2.220081e+01,2.220081e+01,2.224896e+01,2.226959e+01,2.209755e+01,2.216640e+01,2.209755e+01,2.226959e+01,2.214575e+01,2.204243e+01,2.205621e+01,2.223520e+01,2.219393e+01,2.217328e+01,2.214575e+01,2.193901e+01,2.216640e+01,2.217328e+01,2.206310e+01,2.215263e+01,2.221457e+01,2.216640e+01,2.222833e+01,2.230396e+01,2.221457e+01,2.217328e+01,2.222145e+01,2.215263e+01,2.192521e+01,2.216640e+01,2.218016e+01,2.228334e+01,2.223520e+01,2.224896e+01,2.217328e+01,2.215263e+01,2.225584e+01,2.227647e+01,2.220769e+01,2.226271e+01,2.228334e+01,2.222145e+01,2.224208e+01,2.231771e+01,2.229709e+01,2.218705e+01,2.230396e+01,2.209755e+01,2.229022e+01,2.218016e+01,2.239328e+01,2.223520e+01,2.237268e+01,2.222145e+01,2.224896e+01,2.231084e+01,2.215263e+01,2.222145e+01,2.211821e+01,2.212509e+01,2.213886e+01,2.222145e+01,2.218705e+01,2.220081e+01,2.225584e+01,2.228334e+01,2.209755e+01,2.213198e+01,2.204932e+01,2.215952e+01,2.198039e+01,2.201486e+01,2.209066e+01,2.194591e+01,2.209755e+01,2.205621e+01,2.196660e+01,2.194591e+01,2.193901e+01,2.208377e+01,2.233833e+01,2.233833e+01,2.247566e+01,2.268132e+01,2.306412e+01,2.341151e+01,2.374418e+01,2.423782e+01,2.446021e+01,2.515797e+01,2.551179e+01,2.592418e+01,2.609002e+01,2.646715e+01,2.641430e+01,2.670465e+01,2.689558e+01,2.691531e+01,2.701392e+01,2.713212e+01,2.734850e+01,2.752521e+01,2.759712e+01,2.763632e+01,2.791034e+01,2.782560e+01,2.814465e+01,2.808612e+01,2.814465e+01,2.813815e+01,2.802756e+01,2.801454e+01,2.795594e+01,2.799501e+01,2.761018e+01,2.732229e+01,2.659916e+01,2.547179e+01,2.359495e+01,2.224896e+01,2.154505e+01,2.121210e+01,2.107305e+01,2.106609e+01,2.095471e+01,2.089200e+01,2.084320e+01,2.087109e+01,2.087109e+01,2.089897e+01,2.095471e+01,2.094774e+01,2.092684e+01,2.095471e+01,2.078740e+01,2.089897e+01,2.089200e+01,2.100345e+01,2.093381e+01,2.096864e+01,2.086412e+01,2.098953e+01,2.098256e+01,2.087806e+01,2.087109e+01,2.088503e+01,2.087806e+01,2.088503e+01,2.088503e+01,2.087806e+01,2.087806e+01,2.086412e+01,2.088503e+01,2.091987e+01,2.085017e+01,2.088503e+01,2.079438e+01,2.082228e+01,2.084320e+01,2.071761e+01,2.083623e+01,2.079438e+01,2.070364e+01,2.068967e+01,2.079438e+01,2.071062e+01,2.072459e+01,2.071761e+01,2.071062e+01,2.075949e+01,2.064776e+01,2.066872e+01,2.082925e+01,2.074553e+01,2.086412e+01,2.093381e+01,2.079438e+01,2.075251e+01,2.089200e+01,2.091987e+01,2.078740e+01,2.083623e+01,2.083623e+01,2.079438e+01,2.084320e+01,2.085715e+01,2.083623e+01,2.085715e+01,2.085715e+01,2.086412e+01,2.080833e+01,2.087806e+01,2.092684e+01,2.080135e+01,2.096167e+01,2.098256e+01,2.101042e+01,2.094077e+01,2.094774e+01,2.100345e+01,2.100345e+01,2.091987e+01,2.101738e+01,2.096864e+01,2.088503e+01,2.100345e+01,2.094774e+01,2.101042e+01,2.101738e+01,2.094774e+01,2.091291e+01,2.095471e+01,2.105218e+01,2.104522e+01,2.103826e+01,2.100345e+01,2.097560e+01,2.108696e+01,2.091291e+01,2.097560e+01,2.105218e+01,2.112869e+01,2.103826e+01,2.103130e+01,2.100345e+01,2.105914e+01,2.109392e+01,2.112869e+01,2.110783e+01,2.114955e+01,2.112174e+01,2.107305e+01,2.111479e+01,2.123989e+01,2.128156e+01,2.123294e+01,2.124683e+01,2.129544e+01,2.123989e+01,2.120515e+01,2.117736e+01,2.115650e+01,2.117041e+01,2.123294e+01,2.123294e+01,2.119126e+01,2.120515e+01,2.115650e+01,2.131626e+01,2.122600e+01,2.119126e+01,2.113565e+01,2.118431e+01,2.114260e+01,2.114260e+01,2.114260e+01,2.139258e+01,2.123294e+01,2.137177e+01,2.134402e+01,2.143419e+01,2.135096e+01,2.144805e+01,2.141339e+01,2.158659e+01,2.148963e+01,2.138565e+01,2.148270e+01,2.150349e+01,2.151042e+01,2.147577e+01,2.152427e+01,2.151042e+01,2.144112e+01,2.153119e+01,2.153119e+01,2.144805e+01,2.151042e+01,2.155890e+01,2.160043e+01,2.142032e+01,2.147577e+01,2.158659e+01,2.158659e+01,2.153119e+01,2.157274e+01,2.151734e+01,2.153119e+01,2.145498e+01,2.146884e+01,2.155197e+01,2.145498e+01,2.132320e+01,2.139258e+01,2.133014e+01,2.137871e+01,2.122600e+01,2.129544e+01,2.118431e+01,2.110088e+01,2.114955e+01,2.114260e+01,2.109392e+01,2.113565e+01,2.117736e+01,2.103826e+01,2.106609e+01,2.112174e+01,2.118431e+01,2.108001e+01,2.119126e+01,2.134402e+01,2.105218e+01,2.105914e+01,2.103826e+01,2.117736e+01,2.115650e+01,2.114955e+01,2.105914e+01,2.105914e+01,2.103826e+01,2.101042e+01,2.110783e+01,2.094077e+01,2.106609e+01,2.099649e+01,2.101738e+01,2.103130e+01,2.103130e+01,2.098256e+01,2.098256e+01,2.093381e+01,2.092684e+01,2.092684e+01,2.108001e+01,2.099649e+01,2.096167e+01,2.099649e+01,2.101738e+01,2.106609e+01,2.105914e+01,2.118431e+01,2.125378e+01,2.115650e+01,2.127461e+01,2.118431e+01,2.132320e+01,2.134402e+01,2.153119e+01,2.137871e+01,2.151734e+01,2.152427e+01,2.153812e+01,2.158659e+01,2.156582e+01,2.156582e+01,2.170420e+01,2.170420e+01,2.189071e+01,2.185620e+01,2.187691e+01,2.192521e+01,2.204932e+01,2.203554e+01,2.209755e+01,2.217328e+01,2.215952e+01,2.234520e+01,2.242075e+01,2.255112e+01,2.270871e+01,2.274978e+01,2.286607e+01,2.300270e+01,2.300270e+01,2.309823e+01,2.313915e+01,2.330946e+01,2.317323e+01,2.334349e+01,2.337070e+01,2.337751e+01,2.358816e+01,2.358138e+01,2.386612e+01,2.404876e+01,2.421083e+01,2.414333e+01,2.438613e+01,2.425131e+01,2.441981e+01,2.455441e+01,2.463508e+01,2.467540e+01,2.445347e+01,2.442654e+01,2.450059e+01,2.451405e+01,2.428503e+01,2.394733e+01,2.415683e+01,2.390673e+01,2.349988e+01,2.348629e+01,2.320731e+01,2.315278e+01,2.294123e+01,2.274294e+01,2.259225e+01,2.243448e+01,2.230396e+01,2.224896e+01,2.205621e+01,2.202176e+01,2.196660e+01,2.218016e+01,2.226959e+01,2.208377e+01,2.201486e+01,2.193211e+01,2.187000e+01,2.183548e+01,2.172494e+01,2.174567e+01,2.178713e+01,2.164887e+01,2.166962e+01,2.161427e+01,2.157967e+01,2.161427e+01,2.161427e+01,2.156582e+01,2.166270e+01,2.166270e+01,2.164887e+01,2.149656e+01,2.155197e+01,2.151042e+01,2.160043e+01,2.154505e+01,2.147577e+01,2.139952e+01,2.155890e+01,2.144805e+01,2.136484e+01,2.144112e+01,2.132320e+01,2.141339e+01,2.141339e+01,2.136484e+01,2.144112e+01,2.130238e+01,2.144805e+01,2.131626e+01,2.135096e+01,2.137177e+01,2.139952e+01,2.145498e+01,2.137177e+01,2.139952e+01,2.134402e+01,2.133708e+01,2.136484e+01,2.144112e+01,2.142032e+01,2.144805e+01,2.144805e+01,2.160043e+01,2.158659e+01,2.155890e+01,2.155890e+01,2.157274e+01,2.157274e+01,2.160043e+01,2.155890e+01,2.155197e+01,2.152427e+01,2.165579e+01,2.173876e+01,2.159351e+01,2.164195e+01,2.160043e+01,2.180095e+01,2.166270e+01,2.182167e+01,2.180786e+01,2.178713e+01,2.180095e+01,2.176641e+01,2.182167e+01,2.178713e+01,2.183548e+01,2.180786e+01,2.185620e+01,2.182167e+01,2.180786e+01,2.177332e+01,2.180095e+01,2.176641e+01,2.189761e+01,2.191141e+01,2.202176e+01,2.194591e+01,2.202865e+01,2.196660e+01,2.207688e+01,2.213198e+01,2.201486e+01,2.211132e+01,2.215263e+01,2.212509e+01,2.201486e+01,2.213198e+01,2.202865e+01,2.211132e+01,2.203554e+01,2.213886e+01,2.213198e+01,2.202176e+01,2.187691e+01,2.217328e+01,2.198039e+01,2.209066e+01,2.196660e+01,2.200797e+01,2.206310e+01,2.200107e+01,2.200797e+01,2.205621e+01,2.189761e+01,2.190451e+01,2.190451e+01,2.200107e+01,2.194591e+01,2.177332e+01,2.198039e+01,2.184239e+01
2.220081e+01,2.222145e+01,2.213198e+01,2.211821e+01,2.213886e+01,2.182167e+01,2.201486e+01,2.211821e+01,2.220769e+01,2.198039e+01,2.209755e+01,2.209066e+01,2.203554e+01,2.213198e+01,2.214575e+01,2.206310e+01,2.202865e+01,2.206999e+01,2.206999e+01,2.207688e+01,2.203554e+01,2.209066e+01,2.204932e+01,2.212509e+01,2.211132e+01,2.218705e+01,2.214575e+01,2.215263e+01,2.207688e+01,2.220081e+01,2.221457e+01,2.207688e+01,2.203554e+01,2.217328e+01,2.212509e+01,2.219393e+01,2.220769e+01,2.214575e+01,2.210443e+01,2.212509e+01,2.207688e+01,2.217328e+01,2.221457e+01,2.229709e+01,2.229709e+01,2.228334e+01,2.218705e+01,2.236581e+01,2.232458e+01,2.230396e+01,2.233146e+01,2.237268e+01,2.235894e+01,2.236581e+01,2.233833e+01,2.222833e+01,2.244821e+01,2.225584e+01,2.222833e+01,2.223520e+01,2.234520e+01,2.227647e+01,2.225584e+01,2.229022e+01,2.235894e+01,2.240702e+01,2.235207e+01,2.237955e+01,2.238642e+01,2.237955e+01,2.237268e+01,2.250997e+01,2.233146e+01,2.229022e+01,2.234520e+01,2.251683e+01,2.240702e+01,2.228334e+01,2.223520e+01,2.233146e+01,2.237955e+01,2.242075e+01,2.244135e+01,2.233833e+01,2.230396e+01,2.240015e+01,2.237955e+01,2.224208e+01,2.225584e+01,2.228334e+01,2.231771e+01,2.231084e+01,2.220081e+01,2.220081e+01,2.227647e+01,2.220769e+01,2.214575e+01,2.216640e+01,2.212509e+01,2.218016e+01,2.224208e+01,2.220081e+01,2.225584e+01,2.213886e+01,2.223520e+01,2.215952e+01,2.211821e+01,2.228334e+01,2.207688e+01,2.217328e+01,2.223520e+01,2.212509e+01,2.218016e+01,2.221457e+01,2.221457e+01,2.220769e+01,2.218705e+01,2.215263e+01,2.211821e+01,2.216640e+01,2.214575e+01,2.215263e+01,2.219393e+01,2.215263e+01,2.220769e+01,2.210443e+01,2.216640e+01,2.213886e+01,2.214575e+01,2.222833e+01,2.225584e+01,2.229022e+01,2.217328e+01,2.214575e+01,2.215952e+01,2.223520e+01,2.213886e+01,2.224896e+01,2.214575e+01,2.225584e+01,2.225584e+01,2.228334e+01,2.225584e+01,2.233833e+01,2.225584e+01,2.213198e+01,2.218705e+01,2.211132e+01,2.226271e+01,2.231084e+01,2.229709e+01,2.226959e+01,2.224208e+01,2.208377e+01,2.229709e+01,2.235207e+01,2.226271e+01,2.230396e+01,2.231771e+01,2.226959e+01,2.225584e+01,2.222833e+01,2.223520e+01,2.224208e+01,2.225584e+01,2.215263e+01,2.222145e+01,2.220769e+01,2.209755e+01,2.220081e+01,2.213198e+01,2.210443e+01,2.200107e+01,2.204932e+01,2.204932e+01,2.213886e+01,2.204243e+01,2.210443e+01,2.203554e+01,2.201486e+01,2.199418e+01,2.199418e+01,2.220081e+01,2.217328e+01,2.233146e+01,2.238642e+01,2.282504e+01,2.298221e+01,2.345910e+01,2.373062e+01,2.421083e+01,2.454768e+01,2.488345e+01,2.534504e+01,2.586442e+01,2.626221e+01,2.634159e+01,2.636803e+01,2.684294e+01,2.678369e+01,2.685610e+01,2.701392e+01,2.702049e+01,2.719774e+01,2.736815e+01,2.750559e+01,2.772121e+01,2.785168e+01,2.798850e+01,2.802756e+01,2.819016e+01,2.837846e+01,2.822264e+01,2.833953e+01,2.844980e+01,2.830058e+01,2.813165e+01,2.794942e+01,2.775384e+01,2.739434e+01,2.678369e+01,2.561837e+01,2.397439e+01,2.246194e+01,2.155890e+01,2.123294e+01,2.107305e+01,2.118431e+01,2.094774e+01,2.092684e+01,2.093381e+01,2.091291e+01,2.093381e+01,2.095471e+01,2.090594e+01,2.098256e+01,2.081530e+01,2.096167e+01,2.094077e+01,2.101042e+01,2.094077e+01,2.105218e+01,2.107305e+01,2.098953e+01,2.093381e+01,2.094774e+01,2.100345e+01,2.089897e+01,2.092684e+01,2.092684e+01,2.082925e+01,2.099649e+01,2.089897e+01,2.087109e+01,2.085715e+01,2.086412e+01,2.079438e+01,2.078042e+01,2.089200e+01,2.085017e+01,2.085715e+01,2.073157e+01,2.077344e+01,2.073855e+01,2.082925e+01,2.073855e+01,2.074553e+01,2.075949e+01,2.069666e+01,2.072459e+01,2.078042e+01,2.073855e+01,2.080833e+01,2.073157e+01,2.071062e+01,2.064776e+01,2.070364e+01,2.068269e+01,2.080833e+01,2.082228e+01,2.072459e+01,2.085715e+01,2.092684e+01,2.090594e+01,2.091291e+01,2.085017e+01,2.094077e+01,2.088503e+01,2.089897e+01,2.080833e+01,2.082925e+01,2.087806e+01,2.086412e+01,2.103130e+01,2.089897e+01,2.087806e+01,2.105218e+01,2.089200e+01,2.091291e+01,2.094077e+01,2.097560e+01,2.093381e+01,2.103130e+01,2.100345e+01,2.100345e+01,2.099649e+01,2.101738e+01,2.096864e+01,2.099649e+01,2.103130e+01,2.105218e+01,2.095471e+01,2.105914e+01,2.090594e+01,2.098953e+01,2.091987e+01,2.103130e+01,2.094077e+01,2.099649e+01,2.112869e+01,2.085715e+01,2.094077e+01,2.101042e+01,2.101738e+01,2.102434e+01,2.104522e+01,2.101738e+01,2.110088e+01,2.101042e+01,2.101738e+01,2.103826e+01,2.112869e+01,2.114260e+01,2.110088e+01,2.111479e+01,2.113565e+01,2.118431e+01,2.120515e+01,2.117041e+01,2.125378e+01,2.128156e+01,2.122600e+01,2.125378e+01,2.131626e+01,2.123294e+01,2.116345e+01,2.114955e+01,2.120515e+01,2.118431e+01,2.128156e+01,2.119820e+01,2.121905e+01,2.135096e+01,2.114260e+01,2.117736e+01,2.121905e+01,2.117041e+01,2.127461e+01,2.123989e+01,2.120515e+01,2.137871e+01,2.140645e+01,2.137871e+01,2.137177e+01,2.137177e+01,2.127461e+01,2.146191e+01,2.147577e+01,2.141339e+01,2.148963e+01,2.156582e+01,2.145498e+01,2.145498e+01,2.149656e+01,2.154505e+01,2.151734e+01,2.148270e+01,2.153812e+01,2.150349e+01,2.153119e+01,2.143419e+01,2.153119e+01,2.157274e+01,2.155197e+01,2.160735e+01,2.160735e+01,2.160735e+01,2.160735e+01,2.153119e+01,2.149656e+01,2.145498e+01,2.146191e+01,2.145498e+01,2.146884e+01,2.141339e+01,2.142032e+01,2.134402e+01,2.137177e+01,2.126072e+01,2.118431e+01,2.123989e+01,2.117041e+01,2.123989e+01,2.110783e+01,2.112174e+01,2.115650e+01,2.115650e+01,2.111479e+01,2.110783e+01,2.109392e+01,2.111479e+01,2.103826e+01,2.119820e+01,2.117736e+01,2.115650e+01,2.113565e+01,2.118431e+01,2.101042e+01,2.108001e+01,2.105218e+01,2.113565e+01,2.109392e+01,2.103130e+01,2.105218e+01,2.102434e+01,2.107305e+01,2.114260e+01,2.111479e+01,2.103826e+01,2.110783e+01,2.089897e+01,2.109392e+01,2.105914e+01,2.098256e+01,2.102434e+01,2.104522e+01,2.104522e+01,2.092684e+01,2.095471e+01,2.101042e+01,2.099649e+01,2.107305e+01,2.101738e+01,2.102434e+01,2.124683e+01,2.116345e+01,2.128156e+01,2.118431e+01,2.123989e+01,2.132320e+01,2.129544e+01,2.133708e+01,2.145498e+01,2.142725e+01,2.150349e+01,2.151734e+01,2.151734e+01,2.155197e+01,2.170420e+01,2.169728e+01,2.153119e+01,2.173876e+01,2.180095e+01,2.189071e+01,2.203554e+01,2.187691e+01,2.218016e+01,2.204932e+01,2.205621e+01,2.215952e+01,2.236581e+01,2.240702e+01,2.241389e+01,2.267447e+01,2.255112e+01,2.266078e+01,2.268817e+01,2.273610e+01,2.274978e+01,2.294807e+01,2.295490e+01,2.301635e+01,2.315278e+01,2.310505e+01,2.318686e+01,2.330946e+01,2.337070e+01,2.355421e+01,2.385258e+01,2.384581e+01,2.385935e+01,2.383903e+01,2.413658e+01,2.413658e+01,2.439287e+01,2.434570e+01,2.462836e+01,2.464180e+01,2.433222e+01,2.433896e+01,2.452750e+01,2.427155e+01,2.408930e+01,2.394057e+01,2.383226e+01,2.360853e+01,2.346590e+01,2.320731e+01,2.303000e+01,2.279084e+01,2.259911e+01,2.271556e+01,2.242075e+01,2.232458e+01,2.221457e+01,2.216640e+01,2.206999e+01,2.205621e+01,2.202865e+01,2.209066e+01,2.214575e+01,2.205621e+01,2.187691e+01,2.171802e+01,2.181476e+01,2.176641e+01,2.177332e+01,2.169728e+01,2.164887e+01,2.162811e+01,2.167654e+01,2.164887e+01,2.155197e+01,2.164887e+01,2.160043e+01,2.165579e+01,2.164195e+01,2.171802e+01,2.163503e+01,2.154505e+01,2.161427e+01,2.169728e+01,2.151042e+01,2.160735e+01,2.146191e+01,2.157967e+01,2.147577e+01,2.148963e+01,2.145498e+01,2.146191e+01,2.140645e+01,2.140645e+01,2.139952e+01,2.140645e+01,2.136484e+01,2.141339e+01,2.128850e+01,2.161427e+01,2.148963e+01,2.130932e+01,2.154505e+01,2.150349e+01,2.150349e+01,2.134402e+01,2.140645e+01,2.148963e+01,2.146191e+01,2.151734e+01,2.157274e+01,2.153119e+01,2.138565e+01,2.153812e+01,2.154505e+01,2.154505e+01,2.151042e+01,2.155890e+01,2.168345e+01,2.167654e+01,2.162119e+01,2.164195e+01,2.173185e+01,2.174567e+01,2.171111e+01,2.170420e+01,2.179404e+01,2.182167e+01,2.171802e+01,2.174567e+01,2.182167e+01,2.171111e+01,2.176641e+01,2.200797e+01,2.177332e+01,2.181476e+01,2.182858e+01,2.184929e+01,2.187000e+01,2.187000e+01,2.189761e+01,2.199418e+01,2.179404e+01,2.193901e+01,2.189071e+01,2.195280e+01,2.198039e+01,2.202865e+01,2.210443e+01,2.209066e+01,2.211132e+01,2.207688e+01,2.206999e+01,2.204243e+01,2.214575e+01,2.204243e+01,2.206999e+01,2.213198e+01,2.204932e+01,2.212509e+01,2.212509e+01,2.213886e+01,2.207688e+01,2.200107e+01,2.208377e+01,2.202865e+01,2.200797e+01,2.200797e+01,2.207688e+01,2.194591e+01,2.199418e+01,2.191141e+01,2.186310e+01,2.190451e+01,2.204243e+01,2.202865e+01,2.194591e+01,2.200797e+01,2.177332e+01,2.191831e+01,2.180786e+01,2.201486e+01
2.230396e+01,2.219393e+01,2.215263e+01,2.209066e+01,2.220081e+01,2.201486e+01,2.207688e+01,2.224896e+01,2.209066e+01,2.200797e+01,2.202176e+01,2.202176e+01,2.208377e+01,2.200107e+01,2.202865e+01,2.200797e+01,2.210443e+01,2.206310e+01,2.209066e+01,2.205621e+01,2.203554e+01,2.206310e+01,2.208377e+01,2.207688e+01,2.204932e+01,2.208377e+01,2.213886e+01,2.214575e+01,2.219393e+01,2.220769e+01,2.224896e+01,2.220081e+01,2.207688e+01,2.207688e+01,2.218705e+01,2.222833e+01,2.235207e+01,2.218705e+01,2.220081e+01,2.218016e+01,2.211821e+01,2.215952e+01,2.222145e+01,2.228334e+01,2.229022e+01,2.231771e+01,2.229709e+01,2.222833e+01,2.231084e+01,2.224208e+01,2.223520e+01,2.237268e+01,2.240702e+01,2.232458e+01,2.228334e+01,2.240702e+01,2.245507e+01,2.229709e+01,2.225584e+01,2.231771e+01,2.239328e+01,2.230396e+01,2.233833e+01,2.238642e+01,2.238642e+01,2.233833e+01,2.235207e+01,2.231771e+01,2.234520e+01,2.241389e+01,2.230396e+01,2.239328e+01,2.235894e+01,2.235207e+01,2.233146e+01,2.236581e+01,2.232458e+01,2.231771e+01,2.232458e+01,2.236581e+01,2.230396e+01,2.242762e+01,2.236581e+01,2.239328e+01,2.250311e+01,2.242762e+01,2.235207e+01,2.243448e+01,2.227647e+01,2.233146e+01,2.223520e+01,2.226959e+01,2.207688e+01,2.222833e+01,2.220769e+01,2.223520e+01,2.218705e+01,2.224896e+01,2.213198e+01,2.224208e+01,2.224896e+01,2.218016e+01,2.213198e+01,2.222833e+01,2.215263e+01,2.220769e+01,2.218705e+01,2.218016e+01,2.203554e+01,2.206310e+01,2.215952e+01,2.218016e+01,2.228334e+01,2.217328e+01,2.215952e+01,2.216640e+01,2.218016e+01,2.219393e+01,2.218016e+01,2.216640e+01,2.218705e+01,2.219393e+01,2.212509e+01,2.213198e+01,2.223520e+01,2.226959e+01,2.225584e+01,2.209755e+01,2.219393e+01,2.215263e+01,2.220081e+01,2.224896e+01,2.216640e+01,2.226959e+01,2.232458e+01,2.216640e+01,2.228334e+01,2.220081e+01,2.225584e+01,2.215263e+01,2.221457e+01,2.222833e+01,2.226271e+01,2.234520e+01,2.237955e+01,2.234520e+01,2.215952e+01,2.227647e+01,2.233833e+01,2.226959e+01,2.218705e+01,2.225584e+01,2.215263e+01,2.226271e+01,2.235207e+01,2.227647e+01,2.224208e+01,2.226959e+01,2.229022e+01,2.219393e+01,2.226271e+01,2.224208e+01,2.226959e+01,2.223520e+01,2.226959e+01,2.225584e+01,2.237955e+01,2.228334e+01,2.225584e+01,2.219393e+01,2.222145e+01,2.207688e+01,2.215263e+01,2.202176e+01,2.213886e+01,2.200797e+01,2.207688e+01,2.208377e+01,2.193211e+01,2.199418e+01,2.199418e+01,2.197349e+01,2.201486e+01,2.205621e+01,2.227647e+01,2.241389e+01,2.267447e+01,2.299587e+01,2.322775e+01,2.354063e+01,2.389996e+01,2.438613e+01,2.488345e+01,2.552512e+01,2.581127e+01,2.609002e+01,2.616290e+01,2.633497e+01,2.662554e+01,2.665851e+01,2.688900e+01,2.690874e+01,2.713212e+01,2.715181e+01,2.728953e+01,2.746634e+01,2.771468e+01,2.785820e+01,2.797548e+01,2.818366e+01,2.838495e+01,2.838495e+01,2.851462e+01,2.846277e+01,2.846277e+01,2.846925e+01,2.832006e+01,2.828110e+01,2.822264e+01,2.787123e+01,2.740743e+01,2.674418e+01,2.583120e+01,2.404876e+01,2.245507e+01,2.160735e+01,2.135096e+01,2.105914e+01,2.103130e+01,2.101738e+01,2.087109e+01,2.093381e+01,2.091987e+01,2.091291e+01,2.094774e+01,2.082925e+01,2.091987e+01,2.096167e+01,2.095471e+01,2.104522e+01,2.096864e+01,2.101738e+01,2.103130e+01,2.085715e+01,2.102434e+01,2.088503e+01,2.098256e+01,2.094077e+01,2.090594e+01,2.097560e+01,2.087109e+01,2.090594e+01,2.091987e+01,2.090594e+01,2.083623e+01,2.087109e+01,2.077344e+01,2.079438e+01,2.080833e+01,2.085017e+01,2.084320e+01,2.078042e+01,2.080135e+01,2.079438e+01,2.087806e+01,2.078042e+01,2.083623e+01,2.069666e+01,2.078042e+01,2.073855e+01,2.078740e+01,2.068269e+01,2.073855e+01,2.083623e+01,2.077344e+01,2.078042e+01,2.068269e+01,2.078042e+01,2.073157e+01,2.075251e+01,2.072459e+01,2.071761e+01,2.076647e+01,2.077344e+01,2.074553e+01,2.074553e+01,2.076647e+01,2.080135e+01,2.080833e+01,2.091987e+01,2.081530e+01,2.080135e+01,2.088503e+01,2.073855e+01,2.090594e+01,2.088503e+01,2.092684e+01,2.089200e+01,2.096864e+01,2.100345e+01,2.098256e+01,2.094077e+01,2.098953e+01,2.095471e+01,2.102434e+01,2.098256e+01,2.103130e+01,2.097560e+01,2.104522e+01,2.098256e+01,2.102434e+01,2.090594e+01,2.093381e+01,2.094077e+01,2.091987e+01,2.102434e+01,2.100345e+01,2.101738e+01,2.099649e+01,2.100345e+01,2.097560e+01,2.097560e+01,2.095471e+01,2.108001e+01,2.104522e+01,2.094077e+01,2.101042e+01,2.103826e+01,2.108696e+01,2.103130e+01,2.100345e+01,2.103826e+01,2.112174e+01,2.116345e+01,2.110088e+01,2.121210e+01,2.110783e+01,2.107305e+01,2.123989e+01,2.126072e+01,2.121905e+01,2.123989e+01,2.127461e+01,2.126072e+01,2.122600e+01,2.114955e+01,2.120515e+01,2.130238e+01,2.118431e+01,2.122600e+01,2.131626e+01,2.126767e+01,2.114955e+01,2.120515e+01,2.121210e+01,2.122600e+01,2.123294e+01,2.130238e+01,2.125378e+01,2.130932e+01,2.137871e+01,2.141339e+01,2.131626e+01,2.131626e+01,2.144805e+01,2.147577e+01,2.148270e+01,2.144112e+01,2.144805e+01,2.142032e+01,2.154505e+01,2.149656e+01,2.155890e+01,2.151734e+01,2.151734e+01,2.153119e+01,2.151734e+01,2.150349e+01,2.146191e+01,2.148270e+01,2.161427e+01,2.148963e+01,2.157967e+01,2.156582e+01,2.151042e+01,2.160043e+01,2.160043e+01,2.148963e+01,2.153812e+01,2.151042e+01,2.153119e+01,2.150349e+01,2.142725e+01,2.139952e+01,2.143419e+01,2.135790e+01,2.135096e+01,2.135096e+01,2.135096e+01,2.127461e+01,2.125378e+01,2.112174e+01,2.115650e+01,2.115650e+01,2.116345e+01,2.118431e+01,2.111479e+01,2.113565e+01,2.119820e+01,2.115650e+01,2.110783e+01,2.106609e+01,2.117041e+01,2.105914e+01,2.110783e+01,2.119126e+01,2.110783e+01,2.119820e+01,2.112869e+01,2.108696e+01,2.108696e+01,2.105218e+01,2.118431e+01,2.103130e+01,2.110088e+01,2.107305e+01,2.114955e+01,2.104522e+01,2.105218e+01,2.100345e+01,2.109392e+01,2.101738e+01,2.118431e+01,2.104522e+01,2.098953e+01,2.096864e+01,2.097560e+01,2.097560e+01,2.099649e+01,2.112869e+01,2.091291e+01,2.104522e+01,2.112869e+01,2.113565e+01,2.120515e+01,2.126072e+01,2.128156e+01,2.125378e+01,2.130238e+01,2.133708e+01,2.136484e+01,2.155890e+01,2.157967e+01,2.142725e+01,2.144805e+01,2.148270e+01,2.146884e+01,2.142032e+01,2.162811e+01,2.148270e+01,2.159351e+01,2.162119e+01,2.167654e+01,2.169728e+01,2.173185e+01,2.175949e+01,2.183548e+01,2.180786e+01,2.200797e+01,2.202865e+01,2.210443e+01,2.206999e+01,2.222833e+01,2.226959e+01,2.224208e+01,2.242075e+01,2.228334e+01,2.251683e+01,2.244135e+01,2.276347e+01,2.255112e+01,2.289341e+01,2.292074e+01,2.294123e+01,2.303683e+01,2.313233e+01,2.322093e+01,2.320731e+01,2.339111e+01,2.352026e+01,2.371028e+01,2.373062e+01,2.391350e+01,2.406903e+01,2.397439e+01,2.438613e+01,2.441981e+01,2.422433e+01,2.427829e+01,2.427155e+01,2.427155e+01,2.423107e+01,2.412307e+01,2.398115e+01,2.375774e+01,2.358816e+01,2.347269e+01,2.306412e+01,2.283872e+01,2.272241e+01,2.259911e+01,2.257854e+01,2.238642e+01,2.227647e+01,2.207688e+01,2.202865e+01,2.198039e+01,2.202176e+01,2.209066e+01,2.212509e+01,2.200107e+01,2.200107e+01,2.177332e+01,2.181476e+01,2.180095e+01,2.174567e+01,2.164195e+01,2.164195e+01,2.164887e+01,2.166270e+01,2.165579e+01,2.155197e+01,2.154505e+01,2.160735e+01,2.158659e+01,2.171111e+01,2.171111e+01,2.164195e+01,2.152427e+01,2.152427e+01,2.168345e+01,2.166962e+01,2.155890e+01,2.148963e+01,2.146191e+01,2.146191e+01,2.153119e+01,2.155197e+01,2.148270e+01,2.142725e+01,2.137871e+01,2.144112e+01,2.150349e+01,2.139258e+01,2.132320e+01,2.134402e+01,2.142725e+01,2.142725e+01,2.142725e+01,2.145498e+01,2.133708e+01,2.137177e+01,2.136484e+01,2.135790e+01,2.132320e+01,2.151734e+01,2.135096e+01,2.153119e+01,2.139952e+01,2.147577e+01,2.146884e+01,2.159351e+01,2.154505e+01,2.155197e+01,2.156582e+01,2.165579e+01,2.161427e+01,2.153119e+01,2.161427e+01,2.163503e+01,2.164195e+01,2.171111e+01,2.159351e+01,2.164195e+01,2.178022e+01,2.157967e+01,2.175258e+01,2.171111e+01,2.179404e+01,2.185620e+01,2.187000e+01,2.178713e+01,2.186310e+01,2.178713e+01,2.196660e+01,2.189761e+01,2.178713e+01,2.191141e+01,2.187000e+01,2.185620e+01,2.182858e+01,2.184239e+01,2.195970e+01,2.171111e+01,2.192521e+01,2.198039e+01,2.202865e+01,2.195280e+01,2.206310e+01,2.200797e+01,2.200107e+01,2.191141e+01,2.193211e+01,2.199418e+01,2.213198e+01,2.211821e+01,2.212509e+01,2.207688e+01,2.205621e+01,2.201486e+01,2.204932e+01,2.204243e+01,2.182858e+01,2.186310e+01,2.197349e+01,2.198039e+01,2.199418e+01,2.194591e+01,2.196660e+01,2.198039e+01,2.197349e+01,2.192521e+01,2.206999e+01,2.187000e+01,2.191831e+01,2.191831e+01,2.193901e+01,2.177332e+01,2.188381e+01,2.195280e+01
2.211132e+01,2.209755e+01,2.210443e+01,2.211132e+01,2.220769e+01,2.205621e+01,2.204932e+01,2.205621e+01,2.209066e+01,2.211132e+01,2.209755e+01,2.211821e+01,2.204243e+01,2.206999e+01,2.201486e+01,2.212509e+01,2.210443e+01,2.220769e+01,2.206310e+01,2.204243e+01,2.206310e+01,2.203554e+01,2.209066e+01,2.213198e+01,2.219393e+01,2.210443e+01,2.211132e+01,2.217328e+01,2.206999e+01,2.225584e+01,2.219393e+01,2.206310e+01,2.218705e+01,2.222833e+01,2.218705e+01,2.219393e+01,2.220081e+01,2.220769e+01,2.220769e+01,2.220769e+01,2.209755e+01,2.220081e+01,2.222145e+01,2.219393e+01,2.220081e+01,2.230396e+01,2.230396e+01,2.221457e+01,2.227647e+01,2.226271e+01,2.242762e+01,2.221457e+01,2.233833e+01,2.242075e+01,2.229709e+01,2.242762e+01,2.248252e+01,2.237268e+01,2.229022e+01,2.228334e+01,2.229709e+01,2.238642e+01,2.238642e+01,2.236581e+01,2.233146e+01,2.235894e+01,2.239328e+01,2.231771e+01,2.235894e+01,2.239328e+01,2.241389e+01,2.231084e+01,2.233833e+01,2.234520e+01,2.230396e+01,2.233833e+01,2.230396e+01,2.218705e+01,2.237955e+01,2.233833e+01,2.224208e+01,2.234520e+01,2.231771e+01,2.233833e+01,2.224208e+01,2.222833e+01,2.230396e+01,2.224896e+01,2.235207e+01,2.222145e+01,2.220081e+01,2.226959e+01,2.229709e+01,2.227647e+01,2.218705e+01,2.219393e+01,2.222145e+01,2.217328e+01,2.212509e+01,2.222833e+01,2.225584e+01,2.224896e+01,2.224208e+01,2.219393e+01,2.223520e+01,2.222145e+01,2.219393e+01,2.219393e+01,2.208377e+01,2.216640e+01,2.204932e+01,2.218016e+01,2.215952e+01,2.217328e+01,2.213198e+01,2.218705e+01,2.222833e+01,2.214575e+01,2.211132e+01,2.215263e+01,2.218705e+01,2.212509e+01,2.213198e+01,2.212509e+01,2.226959e+01,2.211821e+01,2.211821e+01,2.216640e+01,2.211132e+01,2.217328e+01,2.217328e+01,2.220769e+01,2.226271e+01,2.220081e+01,2.221457e+01,2.235207e+01,2.218705e+01,2.211821e+01,2.223520e+01,2.222145e+01,2.222833e+01,2.220081e+01,2.223520e+01,2.220769e+01,2.226271e+01,2.217328e+01,2.233833e+01,2.225584e+01,2.234520e+01,2.215952e+01,2.226271e+01,2.226271e+01,2.224208e+01,2.226959e+01,2.225584e+01,2.223520e+01,2.234520e+01,2.228334e+01,2.227647e+01,2.222833e+01,2.224896e+01,2.227647e+01,2.233833e+01,2.229022e+01,2.229709e+01,2.211132e+01,2.231771e+01,2.224208e+01,2.218705e+01,2.207688e+01,2.215263e+01,2.208377e+01,2.205621e+01,2.209755e+01,2.217328e+01,2.214575e+01,2.207688e+01,2.200107e+01,2.205621e+01,2.198039e+01,2.195280e+01,2.207688e+01,2.216640e+01,2.222145e+01,2.231771e+01,2.242762e+01,2.266763e+01,2.299587e+01,2.324137e+01,2.372384e+01,2.391350e+01,2.433222e+01,2.487674e+01,2.515129e+01,2.571819e+01,2.581791e+01,2.622250e+01,2.631513e+01,2.652657e+01,2.661894e+01,2.688900e+01,2.688242e+01,2.709930e+01,2.717150e+01,2.740089e+01,2.747942e+01,2.753175e+01,2.779299e+01,2.801454e+01,2.804708e+01,2.835251e+01,2.839792e+01,2.863766e+01,2.863118e+01,2.870882e+01,2.870236e+01,2.854701e+01,2.863118e+01,2.837197e+01,2.817716e+01,2.789079e+01,2.744671e+01,2.697449e+01,2.581127e+01,2.444001e+01,2.270187e+01,2.166962e+01,2.132320e+01,2.121905e+01,2.104522e+01,2.098953e+01,2.094774e+01,2.096864e+01,2.092684e+01,2.094077e+01,2.093381e+01,2.098256e+01,2.090594e+01,2.097560e+01,2.103826e+01,2.096864e+01,2.101042e+01,2.096167e+01,2.094774e+01,2.094774e+01,2.096167e+01,2.094077e+01,2.096167e+01,2.093381e+01,2.086412e+01,2.088503e+01,2.085017e+01,2.085715e+01,2.086412e+01,2.081530e+01,2.085017e+01,2.076647e+01,2.078042e+01,2.082228e+01,2.082228e+01,2.082228e+01,2.083623e+01,2.082925e+01,2.079438e+01,2.083623e+01,2.082925e+01,2.096167e+01,2.074553e+01,2.073855e+01,2.076647e+01,2.078740e+01,2.078740e+01,2.081530e+01,2.082228e+01,2.065475e+01,2.064078e+01,2.079438e+01,2.067570e+01,2.075251e+01,2.076647e+01,2.068967e+01,2.079438e+01,2.078042e+01,2.091987e+01,2.075251e+01,2.100345e+01,2.071761e+01,2.093381e+01,2.080833e+01,2.089897e+01,2.091987e+01,2.079438e+01,2.083623e+01,2.082925e+01,2.087806e+01,2.089200e+01,2.105914e+01,2.094774e+01,2.091291e+01,2.097560e+01,2.092684e+01,2.102434e+01,2.100345e+01,2.098953e+01,2.094774e+01,2.099649e+01,2.100345e+01,2.101738e+01,2.098953e+01,2.087806e+01,2.086412e+01,2.094077e+01,2.091987e+01,2.085017e+01,2.091987e+01,2.090594e+01,2.091987e+01,2.095471e+01,2.098256e+01,2.096864e+01,2.099649e+01,2.096864e+01,2.104522e+01,2.108696e+01,2.112174e+01,2.088503e+01,2.110783e+01,2.099649e+01,2.106609e+01,2.104522e+01,2.101042e+01,2.109392e+01,2.110783e+01,2.110088e+01,2.101042e+01,2.112174e+01,2.107305e+01,2.109392e+01,2.114955e+01,2.112869e+01,2.126767e+01,2.123294e+01,2.124683e+01,2.128156e+01,2.123989e+01,2.119820e+01,2.122600e+01,2.123294e+01,2.123989e+01,2.127461e+01,2.124683e+01,2.129544e+01,2.126072e+01,2.116345e+01,2.116345e+01,2.133708e+01,2.116345e+01,2.121905e+01,2.132320e+01,2.128156e+01,2.133014e+01,2.130932e+01,2.133014e+01,2.143419e+01,2.147577e+01,2.146884e+01,2.142032e+01,2.143419e+01,2.144112e+01,2.143419e+01,2.144112e+01,2.153119e+01,2.160735e+01,2.151042e+01,2.155890e+01,2.154505e+01,2.151734e+01,2.151042e+01,2.146191e+01,2.152427e+01,2.146191e+01,2.146884e+01,2.153812e+01,2.160043e+01,2.157967e+01,2.155197e+01,2.148270e+01,2.149656e+01,2.148270e+01,2.153812e+01,2.148270e+01,2.153119e+01,2.150349e+01,2.136484e+01,2.135096e+01,2.142725e+01,2.139952e+01,2.133708e+01,2.133014e+01,2.129544e+01,2.114260e+01,2.114260e+01,2.118431e+01,2.114260e+01,2.109392e+01,2.108696e+01,2.117736e+01,2.112869e+01,2.119126e+01,2.112174e+01,2.105218e+01,2.115650e+01,2.113565e+01,2.112869e+01,2.108696e+01,2.118431e+01,2.110088e+01,2.108696e+01,2.112174e+01,2.108001e+01,2.121905e+01,2.106609e+01,2.105218e+01,2.103130e+01,2.111479e+01,2.106609e+01,2.110088e+01,2.111479e+01,2.109392e+01,2.114955e+01,2.102434e+01,2.119126e+01,2.099649e+01,2.099649e+01,2.097560e+01,2.100345e+01,2.103826e+01,2.094077e+01,2.098256e+01,2.104522e+01,2.095471e+01,2.101738e+01,2.111479e+01,2.118431e+01,2.107305e+01,2.119820e+01,2.114955e+01,2.131626e+01,2.129544e+01,2.142725e+01,2.129544e+01,2.129544e+01,2.140645e+01,2.150349e+01,2.148963e+01,2.143419e+01,2.144112e+01,2.146191e+01,2.151734e+01,2.146191e+01,2.155197e+01,2.152427e+01,2.167654e+01,2.166962e+01,2.166962e+01,2.175258e+01,2.167654e+01,2.177332e+01,2.177332e+01,2.182858e+01,2.191831e+01,2.186310e+01,2.196660e+01,2.195280e+01,2.192521e+01,2.220769e+01,2.214575e+01,2.234520e+01,2.241389e+01,2.233146e+01,2.247566e+01,2.250997e+01,2.278400e+01,2.263337e+01,2.288657e+01,2.292757e+01,2.300953e+01,2.306412e+01,2.320049e+01,2.326861e+01,2.330946e+01,2.349308e+01,2.366281e+01,2.387289e+01,2.405551e+01,2.406903e+01,2.427155e+01,2.421758e+01,2.420408e+01,2.427829e+01,2.431200e+01,2.417709e+01,2.396762e+01,2.387289e+01,2.377807e+01,2.352026e+01,2.330265e+01,2.309141e+01,2.280452e+01,2.285239e+01,2.264708e+01,2.241389e+01,2.263337e+01,2.231084e+01,2.200107e+01,2.192521e+01,2.202865e+01,2.195970e+01,2.208377e+01,2.195280e+01,2.196660e+01,2.210443e+01,2.191831e+01,2.177332e+01,2.180786e+01,2.167654e+01,2.175949e+01,2.170420e+01,2.168345e+01,2.166270e+01,2.167654e+01,2.164887e+01,2.164887e+01,2.153119e+01,2.151734e+01,2.151734e+01,2.170420e+01,2.164195e+01,2.159351e+01,2.161427e+01,2.152427e+01,2.162119e+01,2.156582e+01,2.155197e+01,2.155197e+01,2.146191e+01,2.147577e+01,2.148270e+01,2.155197e+01,2.142032e+01,2.141339e+01,2.139952e+01,2.149656e+01,2.152427e+01,2.134402e+01,2.136484e+01,2.139952e+01,2.143419e+01,2.156582e+01,2.128156e+01,2.143419e+01,2.133708e+01,2.143419e+01,2.137177e+01,2.152427e+01,2.142725e+01,2.148963e+01,2.155197e+01,2.148270e+01,2.144805e+01,2.155197e+01,2.154505e+01,2.150349e+01,2.152427e+01,2.155197e+01,2.159351e+01,2.160043e+01,2.160735e+01,2.162119e+01,2.164195e+01,2.157274e+01,2.171111e+01,2.173876e+01,2.169037e+01,2.178022e+01,2.184929e+01,2.173876e+01,2.159351e+01,2.173876e+01,2.178022e+01,2.183548e+01,2.182858e+01,2.178022e+01,2.181476e+01,2.185620e+01,2.176641e+01,2.182167e+01,2.185620e+01,2.188381e+01,2.193211e+01,2.178713e+01,2.191141e+01,2.192521e+01,2.194591e+01,2.190451e+01,2.194591e+01,2.191831e+01,2.198729e+01,2.193901e+01,2.203554e+01,2.198729e+01,2.193211e+01,2.203554e+01,2.192521e+01,2.204932e+01,2.204243e+01,2.211132e+01,2.202176e+01,2.197349e+01,2.198039e+01,2.198729e+01,2.215952e+01,2.204243e+01,2.199418e+01,2.200797e+01,2.198039e+01,2.195970e+01,2.196660e+01,2.193901e+01,2.196660e+01,2.202865e+01,2.190451e+01,2.190451e+01,2.202176e+01,2.202865e+01,2.191141e+01,2.194591e+01,2.195970e+01,2.198729e+01,2.189761e+01
2.222833e+01,2.202176e+01,2.209755e+01,2.198729e+01,2.194591e+01,2.206310e+01,2.200797e+01,2.203554e+01,2.200107e+01,2.215263e+01,2.211821e+01,2.206999e+01,2.197349e+01,2.203554e+01,2.213886e+01,2.209755e+01,2.204932e+01,2.202865e+01,2.204243e+01,2.204243e+01,2.211821e+01,2.213198e+01,2.208377e+01,2.213198e+01,2.196660e+01,2.219393e+01,2.212509e+01,2.220081e+01,2.216640e+01,2.218705e+01,2.207688e+01,2.216640e+01,2.200797e+01,2.199418e+01,2.218705e+01,2.203554e+01,2.218016e+01,2.221457e+01,2.218705e+01,2.218705e+01,2.213886e+01,2.221457e+01,2.225584e+01,2.217328e+01,2.227647e+01,2.224208e+01,2.233146e+01,2.231771e+01,2.231084e+01,2.235894e+01,2.228334e+01,2.223520e+01,2.221457e+01,2.241389e+01,2.226959e+01,2.237268e+01,2.223520e+01,2.237955e+01,2.223520e+01,2.232458e+01,2.224896e+01,2.226959e+01,2.234520e+01,2.231771e+01,2.237268e+01,2.234520e+01,2.233146e+01,2.234520e+01,2.241389e+01,2.243448e+01,2.240702e+01,2.231771e+01,2.234520e+01,2.231771e+01,2.235894e+01,2.231771e+01,2.233833e+01,2.237268e+01,2.237268e+01,2.233146e+01,2.231084e+01,2.230396e+01,2.238642e+01,2.233833e+01,2.237955e+01,2.234520e+01,2.224208e+01,2.228334e+01,2.237268e+01,2.226959e+01,2.233146e+01,2.233833e+01,2.230396e+01,2.220081e+01,2.224896e+01,2.223520e+01,2.222833e+01,2.224208e+01,2.224896e+01,2.226271e+01,2.218705e+01,2.224208e+01,2.221457e+01,2.220081e+01,2.215952e+01,2.220769e+01,2.223520e+01,2.212509e+01,2.222833e+01,2.222145e+01,2.224896e+01,2.214575e+01,2.213886e+01,2.216640e+01,2.215952e+01,2.214575e+01,2.218016e+01,2.215263e+01,2.206999e+01,2.221457e+01,2.209755e+01,2.215952e+01,2.235894e+01,2.211821e+01,2.211132e+01,2.213886e+01,2.225584e+01,2.242075e+01,2.220081e+01,2.220081e+01,2.218705e+01,2.226271e+01,2.222833e+01,2.220769e+01,2.213886e+01,2.220081e+01,2.220081e+01,2.222833e+01,2.217328e+01,2.222145e+01,2.224208e+01,2.220769e+01,2.217328e+01,2.218705e+01,2.218016e+01,2.226959e+01,2.237268e+01,2.231771e+01,2.236581e+01,2.233833e+01,2.221457e+01,2.224896e+01,2.229022e+01,2.233833e+01,2.229709e+01,2.230396e+01,2.227647e+01,2.240015e+01,2.226271e+01,2.225584e+01,2.217328e+01,2.221457e+01,2.228334e+01,2.224896e+01,2.221457e+01,2.224208e+01,2.224208e+01,2.216640e+01,2.228334e+01,2.213198e+01,2.215952e+01,2.221457e+01,2.209755e+01,2.219393e+01,2.213886e+01,2.204243e+01,2.203554e+01,2.199418e+01,2.200797e+01,2.211132e+01,2.203554e+01,2.201486e+01,2.201486e+01,2.220081e+01,2.237955e+01,2.238642e+01,2.259911e+01,2.298221e+01,2.318686e+01,2.354063e+01,2.391350e+01,2.421758e+01,2.468884e+01,2.520477e+01,2.555177e+01,2.586442e+01,2.614965e+01,2.634159e+01,2.658596e+01,2.653977e+01,2.661235e+01,2.696134e+01,2.688900e+01,2.721086e+01,2.728298e+01,2.723053e+01,2.765591e+01,2.777994e+01,2.803407e+01,2.804708e+01,2.811214e+01,2.837846e+01,2.857291e+01,2.850166e+01,2.876702e+01,2.874116e+01,2.873469e+01,2.872176e+01,2.865060e+01,2.841738e+01,2.816416e+01,2.795594e+01,2.754482e+01,2.685610e+01,2.593746e+01,2.458803e+01,2.299587e+01,2.182167e+01,2.134402e+01,2.121210e+01,2.102434e+01,2.102434e+01,2.091987e+01,2.093381e+01,2.090594e+01,2.093381e+01,2.089200e+01,2.094774e+01,2.093381e+01,2.103130e+01,2.098953e+01,2.094077e+01,2.096864e+01,2.103826e+01,2.091291e+01,2.094077e+01,2.094077e+01,2.098953e+01,2.095471e+01,2.098953e+01,2.098256e+01,2.087109e+01,2.087806e+01,2.092684e+01,2.080135e+01,2.080135e+01,2.079438e+01,2.080135e+01,2.074553e+01,2.075949e+01,2.082228e+01,2.080135e+01,2.078740e+01,2.080135e+01,2.082925e+01,2.082228e+01,2.091291e+01,2.075251e+01,2.072459e+01,2.075251e+01,2.070364e+01,2.082925e+01,2.073157e+01,2.080833e+01,2.073855e+01,2.069666e+01,2.076647e+01,2.064078e+01,2.082925e+01,2.073157e+01,2.071761e+01,2.071761e+01,2.074553e+01,2.073855e+01,2.071761e+01,2.075949e+01,2.075949e+01,2.079438e+01,2.085715e+01,2.078042e+01,2.083623e+01,2.082925e+01,2.079438e+01,2.102434e+01,2.087109e+01,2.080833e+01,2.112174e+01,2.095471e+01,2.091987e+01,2.095471e+01,2.096864e+01,2.095471e+01,2.098953e+01,2.089897e+01,2.095471e+01,2.095471e+01,2.098256e+01,2.099649e+01,2.087806e+01,2.099649e+01,2.090594e+01,2.085715e+01,2.087806e+01,2.083623e+01,2.088503e+01,2.101738e+01,2.096167e+01,2.097560e+01,2.097560e+01,2.092684e+01,2.098256e+01,2.095471e+01,2.105218e+01,2.089200e+01,2.110088e+01,2.101042e+01,2.104522e+01,2.100345e+01,2.104522e+01,2.101042e+01,2.098953e+01,2.108696e+01,2.104522e+01,2.109392e+01,2.109392e+01,2.112174e+01,2.109392e+01,2.119126e+01,2.121210e+01,2.115650e+01,2.129544e+01,2.126072e+01,2.129544e+01,2.128850e+01,2.116345e+01,2.130932e+01,2.123294e+01,2.126767e+01,2.134402e+01,2.126072e+01,2.128156e+01,2.136484e+01,2.121905e+01,2.132320e+01,2.127461e+01,2.128850e+01,2.126767e+01,2.124683e+01,2.128156e+01,2.136484e+01,2.132320e+01,2.128850e+01,2.130932e+01,2.144805e+01,2.147577e+01,2.174567e+01,2.148963e+01,2.155197e+01,2.145498e+01,2.153812e+01,2.145498e+01,2.144805e+01,2.155197e+01,2.158659e+01,2.144805e+01,2.153812e+01,2.160735e+01,2.149656e+01,2.147577e+01,2.143419e+01,2.162811e+01,2.144112e+01,2.153119e+01,2.154505e+01,2.151042e+01,2.148963e+01,2.155890e+01,2.148270e+01,2.148963e+01,2.148963e+01,2.148270e+01,2.151042e+01,2.151042e+01,2.150349e+01,2.141339e+01,2.127461e+01,2.135096e+01,2.131626e+01,2.121905e+01,2.117736e+01,2.124683e+01,2.119820e+01,2.119820e+01,2.128850e+01,2.114260e+01,2.111479e+01,2.108696e+01,2.119126e+01,2.109392e+01,2.113565e+01,2.111479e+01,2.113565e+01,2.114955e+01,2.123989e+01,2.139952e+01,2.116345e+01,2.112869e+01,2.112869e+01,2.109392e+01,2.113565e+01,2.124683e+01,2.103826e+01,2.098953e+01,2.100345e+01,2.105914e+01,2.104522e+01,2.117736e+01,2.104522e+01,2.105218e+01,2.108696e+01,2.107305e+01,2.105218e+01,2.100345e+01,2.102434e+01,2.110088e+01,2.093381e+01,2.096864e+01,2.097560e+01,2.111479e+01,2.101042e+01,2.108001e+01,2.097560e+01,2.106609e+01,2.123294e+01,2.112869e+01,2.119820e+01,2.126072e+01,2.135790e+01,2.142725e+01,2.127461e+01,2.132320e+01,2.146884e+01,2.139952e+01,2.139952e+01,2.140645e+01,2.149656e+01,2.144112e+01,2.139952e+01,2.146191e+01,2.154505e+01,2.145498e+01,2.162119e+01,2.151042e+01,2.149656e+01,2.156582e+01,2.146191e+01,2.153119e+01,2.178022e+01,2.178022e+01,2.175949e+01,2.177332e+01,2.175949e+01,2.196660e+01,2.181476e+01,2.198729e+01,2.211132e+01,2.180095e+01,2.211821e+01,2.211132e+01,2.227647e+01,2.235894e+01,2.247566e+01,2.245507e+01,2.246194e+01,2.242075e+01,2.258540e+01,2.283872e+01,2.302318e+01,2.301635e+01,2.303000e+01,2.323456e+01,2.335710e+01,2.352026e+01,2.385258e+01,2.383226e+01,2.394057e+01,2.409605e+01,2.415008e+01,2.416359e+01,2.415683e+01,2.427829e+01,2.389320e+01,2.404876e+01,2.382549e+01,2.355421e+01,2.345230e+01,2.324818e+01,2.299587e+01,2.290707e+01,2.269502e+01,2.268132e+01,2.268132e+01,2.233146e+01,2.206310e+01,2.213886e+01,2.210443e+01,2.193211e+01,2.195280e+01,2.212509e+01,2.212509e+01,2.206310e+01,2.193211e+01,2.182858e+01,2.180095e+01,2.183548e+01,2.182167e+01,2.182858e+01,2.169728e+01,2.180095e+01,2.165579e+01,2.169728e+01,2.177332e+01,2.175258e+01,2.166962e+01,2.165579e+01,2.154505e+01,2.160735e+01,2.162119e+01,2.169037e+01,2.159351e+01,2.149656e+01,2.147577e+01,2.157967e+01,2.153812e+01,2.148270e+01,2.151734e+01,2.146884e+01,2.146191e+01,2.138565e+01,2.153119e+01,2.156582e+01,2.145498e+01,2.142032e+01,2.160043e+01,2.134402e+01,2.139258e+01,2.142032e+01,2.145498e+01,2.145498e+01,2.130238e+01,2.139258e+01,2.139258e+01,2.136484e+01,2.143419e+01,2.147577e+01,2.144805e+01,2.148270e+01,2.144805e+01,2.150349e+01,2.155197e+01,2.154505e+01,2.149656e+01,2.155197e+01,2.151042e+01,2.155197e+01,2.152427e+01,2.163503e+01,2.158659e+01,2.164887e+01,2.162119e+01,2.161427e+01,2.162811e+01,2.180786e+01,2.200107e+01,2.174567e+01,2.178022e+01,2.179404e+01,2.180095e+01,2.182858e+01,2.186310e+01,2.172494e+01,2.169037e+01,2.163503e+01,2.185620e+01,2.185620e+01,2.188381e+01,2.189071e+01,2.185620e+01,2.182858e+01,2.182858e+01,2.172494e+01,2.187691e+01,2.195970e+01,2.189071e+01,2.189071e+01,2.187691e+01,2.191141e+01,2.190451e+01,2.187000e+01,2.201486e+01,2.197349e+01,2.187691e+01,2.200797e+01,2.204243e+01,2.201486e+01,2.190451e+01,2.210443e+01,2.210443e+01,2.206310e+01,2.211132e+01,2.193211e+01,2.210443e+01,2.210443e+01,2.198729e+01,2.201486e+01,2.201486e+01,2.198729e+01,2.198729e+01,2.193211e+01,2.191141e+01,2.196660e+01,2.203554e+01,2.198039e+01,2.173876e+01,2.202865e+01,2.183548e+01,2.187000e+01,2.189071e+01,2.187000e+01,2.185620e+01
2.209066e+01,2.219393e+01,2.209066e+01,2.204243e+01,2.203554e+01,2.204243e+01,2.201486e+01,2.201486e+01,2.197349e+01,2.208377e+01,2.204932e+01,2.203554e+01,2.204932e+01,2.200797e+01,2.202176e+01,2.197349e+01,2.206999e+01,2.205621e+01,2.215263e+01,2.222145e+01,2.208377e+01,2.215952e+01,2.202865e+01,2.226959e+01,2.216640e+01,2.211821e+01,2.219393e+01,2.229709e+01,2.207688e+01,2.211132e+01,2.214575e+01,2.218016e+01,2.219393e+01,2.215952e+01,2.219393e+01,2.220081e+01,2.220769e+01,2.204243e+01,2.219393e+01,2.221457e+01,2.220769e+01,2.213886e+01,2.220081e+01,2.218705e+01,2.220769e+01,2.231084e+01,2.225584e+01,2.233146e+01,2.227647e+01,2.217328e+01,2.225584e+01,2.229022e+01,2.233833e+01,2.234520e+01,2.244135e+01,2.227647e+01,2.227647e+01,2.237268e+01,2.233146e+01,2.229709e+01,2.244821e+01,2.229709e+01,2.240015e+01,2.236581e+01,2.223520e+01,2.235207e+01,2.240702e+01,2.230396e+01,2.231084e+01,2.227647e+01,2.242075e+01,2.231771e+01,2.233146e+01,2.239328e+01,2.234520e+01,2.233146e+01,2.240015e+01,2.230396e+01,2.237955e+01,2.235894e+01,2.215263e+01,2.235207e+01,2.242075e+01,2.230396e+01,2.240702e+01,2.239328e+01,2.224896e+01,2.233833e+01,2.231084e+01,2.229709e+01,2.229709e+01,2.227647e+01,2.217328e+01,2.231084e+01,2.224896e+01,2.231084e+01,2.219393e+01,2.214575e+01,2.226271e+01,2.217328e+01,2.224896e+01,2.221457e+01,2.218016e+01,2.218705e+01,2.219393e+01,2.217328e+01,2.221457e+01,2.218016e+01,2.216640e+01,2.214575e+01,2.215263e+01,2.221457e+01,2.218016e+01,2.217328e+01,2.219393e+01,2.220081e+01,2.218705e+01,2.212509e+01,2.214575e+01,2.213886e+01,2.213886e+01,2.224896e+01,2.216640e+01,2.211821e+01,2.211821e+01,2.213886e+01,2.220769e+01,2.216640e+01,2.215263e+01,2.220769e+01,2.214575e+01,2.220081e+01,2.219393e+01,2.222145e+01,2.224208e+01,2.214575e+01,2.225584e+01,2.224896e+01,2.220769e+01,2.220769e+01,2.242075e+01,2.218016e+01,2.217328e+01,2.222833e+01,2.225584e+01,2.217328e+01,2.222145e+01,2.231084e+01,2.224208e+01,2.222833e+01,2.224208e+01,2.221457e+01,2.234520e+01,2.231771e+01,2.222145e+01,2.240702e+01,2.230396e+01,2.237268e+01,2.235894e+01,2.225584e+01,2.225584e+01,2.224208e+01,2.234520e+01,2.226271e+01,2.225584e+01,2.220769e+01,2.227647e+01,2.222833e+01,2.224896e+01,2.212509e+01,2.209755e+01,2.214575e+01,2.213198e+01,2.210443e+01,2.213886e+01,2.222145e+01,2.203554e+01,2.209066e+01,2.202865e+01,2.204932e+01,2.203554e+01,2.193901e+01,2.205621e+01,2.202865e+01,2.234520e+01,2.237268e+01,2.249625e+01,2.272241e+01,2.309823e+01,2.334349e+01,2.373740e+01,2.418384e+01,2.453423e+01,2.509777e+01,2.555177e+01,2.595737e+01,2.613640e+01,2.615628e+01,2.648036e+01,2.643412e+01,2.660575e+01,2.679686e+01,2.688242e+01,2.704020e+01,2.733540e+01,2.730919e+01,2.747942e+01,2.759712e+01,2.788427e+01,2.802756e+01,2.819016e+01,2.839144e+01,2.860529e+01,2.865060e+01,2.879287e+01,2.876056e+01,2.885748e+01,2.874763e+01,2.876056e+01,2.872823e+01,2.851462e+01,2.828110e+01,2.804058e+01,2.730264e+01,2.683636e+01,2.587770e+01,2.460148e+01,2.313915e+01,2.218016e+01,2.155197e+01,2.122600e+01,2.098953e+01,2.096167e+01,2.095471e+01,2.094774e+01,2.090594e+01,2.091987e+01,2.098256e+01,2.091987e+01,2.099649e+01,2.101738e+01,2.089200e+01,2.094774e+01,2.083623e+01,2.094077e+01,2.079438e+01,2.096167e+01,2.088503e+01,2.094774e+01,2.091291e+01,2.091987e+01,2.087109e+01,2.085017e+01,2.085715e+01,2.094774e+01,2.094774e+01,2.094077e+01,2.073855e+01,2.076647e+01,2.076647e+01,2.076647e+01,2.064776e+01,2.078042e+01,2.078042e+01,2.075251e+01,2.078740e+01,2.081530e+01,2.082228e+01,2.085017e+01,2.078042e+01,2.078042e+01,2.081530e+01,2.082925e+01,2.075949e+01,2.070364e+01,2.057088e+01,2.066872e+01,2.061981e+01,2.058486e+01,2.070364e+01,2.076647e+01,2.066174e+01,2.068269e+01,2.067570e+01,2.077344e+01,2.075251e+01,2.082228e+01,2.075949e+01,2.078740e+01,2.089200e+01,2.079438e+01,2.078740e+01,2.089897e+01,2.082228e+01,2.089200e+01,2.097560e+01,2.090594e+01,2.087109e+01,2.089897e+01,2.101738e+01,2.091987e+01,2.094774e+01,2.100345e+01,2.092684e+01,2.094774e+01,2.096864e+01,2.091987e+01,2.094077e+01,2.087806e+01,2.089200e+01,2.085017e+01,2.089200e+01,2.086412e+01,2.089200e+01,2.088503e+01,2.096864e+01,2.084320e+01,2.086412e+01,2.094077e+01,2.101042e+01,2.094774e+01,2.101042e+01,2.100345e+01,2.110783e+01,2.097560e+01,2.114955e+01,2.100345e+01,2.101042e+01,2.107305e+01,2.099649e+01,2.101042e+01,2.101042e+01,2.100345e+01,2.117041e+01,2.113565e+01,2.110088e+01,2.113565e+01,2.110783e+01,2.126767e+01,2.118431e+01,2.121210e+01,2.120515e+01,2.127461e+01,2.121210e+01,2.121210e+01,2.121210e+01,2.134402e+01,2.129544e+01,2.126072e+01,2.134402e+01,2.129544e+01,2.133014e+01,2.137177e+01,2.133014e+01,2.121905e+01,2.133014e+01,2.117041e+01,2.131626e+01,2.133014e+01,2.137871e+01,2.142725e+01,2.142725e+01,2.135790e+01,2.139258e+01,2.142725e+01,2.148270e+01,2.142032e+01,2.147577e+01,2.140645e+01,2.150349e+01,2.151734e+01,2.146191e+01,2.151734e+01,2.146191e+01,2.150349e+01,2.157967e+01,2.146884e+01,2.146191e+01,2.159351e+01,2.153812e+01,2.159351e+01,2.163503e+01,2.150349e+01,2.152427e+01,2.146884e+01,2.148963e+01,2.148270e+01,2.150349e+01,2.155197e+01,2.147577e+01,2.146191e+01,2.158659e+01,2.146884e+01,2.145498e+01,2.142725e+01,2.138565e+01,2.121905e+01,2.133708e+01,2.128156e+01,2.123989e+01,2.114260e+01,2.112869e+01,2.117041e+01,2.110783e+01,2.107305e+01,2.116345e+01,2.118431e+01,2.118431e+01,2.112174e+01,2.116345e+01,2.121210e+01,2.112869e+01,2.110783e+01,2.110783e+01,2.120515e+01,2.110783e+01,2.117736e+01,2.114260e+01,2.119820e+01,2.117041e+01,2.126767e+01,2.124683e+01,2.092684e+01,2.100345e+01,2.105218e+01,2.105914e+01,2.112869e+01,2.110783e+01,2.108696e+01,2.114260e+01,2.105218e+01,2.117041e+01,2.099649e+01,2.110088e+01,2.094077e+01,2.091987e+01,2.096864e+01,2.099649e+01,2.096167e+01,2.114260e+01,2.111479e+01,2.101738e+01,2.121905e+01,2.119820e+01,2.123989e+01,2.123989e+01,2.135096e+01,2.127461e+01,2.137871e+01,2.127461e+01,2.135790e+01,2.137177e+01,2.127461e+01,2.143419e+01,2.141339e+01,2.144112e+01,2.141339e+01,2.136484e+01,2.152427e+01,2.144112e+01,2.135790e+01,2.147577e+01,2.150349e+01,2.148270e+01,2.135096e+01,2.148963e+01,2.150349e+01,2.150349e+01,2.148963e+01,2.150349e+01,2.149656e+01,2.173876e+01,2.169037e+01,2.177332e+01,2.177332e+01,2.191831e+01,2.179404e+01,2.178022e+01,2.179404e+01,2.193211e+01,2.200107e+01,2.200107e+01,2.213198e+01,2.215263e+01,2.240702e+01,2.246194e+01,2.246194e+01,2.264708e+01,2.290707e+01,2.294807e+01,2.307095e+01,2.330265e+01,2.343191e+01,2.361531e+01,2.362210e+01,2.374418e+01,2.388643e+01,2.412983e+01,2.411632e+01,2.407579e+01,2.408930e+01,2.403524e+01,2.391350e+01,2.379839e+01,2.378484e+01,2.345230e+01,2.313915e+01,2.295490e+01,2.285239e+01,2.276347e+01,2.262652e+01,2.247566e+01,2.231771e+01,2.213886e+01,2.199418e+01,2.192521e+01,2.193901e+01,2.215263e+01,2.204932e+01,2.210443e+01,2.196660e+01,2.198729e+01,2.182858e+01,2.178022e+01,2.187691e+01,2.170420e+01,2.172494e+01,2.180095e+01,2.172494e+01,2.164195e+01,2.161427e+01,2.166962e+01,2.164195e+01,2.166270e+01,2.158659e+01,2.164887e+01,2.162119e+01,2.155197e+01,2.167654e+01,2.155197e+01,2.151734e+01,2.150349e+01,2.151042e+01,2.151042e+01,2.164887e+01,2.153812e+01,2.143419e+01,2.150349e+01,2.154505e+01,2.139258e+01,2.142725e+01,2.137177e+01,2.133708e+01,2.143419e+01,2.139258e+01,2.140645e+01,2.143419e+01,2.145498e+01,2.135790e+01,2.134402e+01,2.138565e+01,2.134402e+01,2.141339e+01,2.143419e+01,2.150349e+01,2.145498e+01,2.142032e+01,2.142725e+01,2.148963e+01,2.145498e+01,2.148270e+01,2.152427e+01,2.148963e+01,2.158659e+01,2.160043e+01,2.164195e+01,2.155197e+01,2.162811e+01,2.160735e+01,2.162119e+01,2.160735e+01,2.162811e+01,2.150349e+01,2.161427e+01,2.173876e+01,2.172494e+01,2.171802e+01,2.171111e+01,2.168345e+01,2.171111e+01,2.168345e+01,2.163503e+01,2.182858e+01,2.169728e+01,2.167654e+01,2.181476e+01,2.188381e+01,2.178713e+01,2.178713e+01,2.164887e+01,2.178022e+01,2.189071e+01,2.185620e+01,2.187691e+01,2.195280e+01,2.189071e+01,2.187000e+01,2.200107e+01,2.193901e+01,2.195970e+01,2.191141e+01,2.191141e+01,2.185620e+01,2.195280e+01,2.188381e+01,2.187691e+01,2.208377e+01,2.202176e+01,2.190451e+01,2.198729e+01,2.195970e+01,2.186310e+01,2.200797e+01,2.197349e+01,2.196660e+01,2.202865e+01,2.200107e+01,2.190451e+01,2.191141e+01,2.193211e+01,2.187691e+01,2.201486e+01,2.193211e+01,2.206310e+01,2.187000e+01,2.194591e+01,2.195970e+01,2.192521e+01,2.187691e+01,2.204243e+01
2.204243e+01,2.198039e+01,2.202865e+01,2.204243e+01,2.202865e+01,2.195970e+01,2.201486e+01,2.202865e+01,2.201486e+01,2.201486e+01,2.218705e+01,2.211821e+01,2.204932e+01,2.200797e+01,2.214575e+01,2.204243e+01,2.204932e+01,2.211132e+01,2.216640e+01,2.219393e+01,2.199418e+01,2.209755e+01,2.213886e+01,2.205621e+01,2.213886e+01,2.211821e+01,2.209755e+01,2.226271e+01,2.223520e+01,2.204932e+01,2.207688e+01,2.204243e+01,2.220769e+01,2.213198e+01,2.220081e+01,2.211821e+01,2.214575e+01,2.210443e+01,2.213198e+01,2.216640e+01,2.220769e+01,2.215263e+01,2.219393e+01,2.213886e+01,2.223520e+01,2.228334e+01,2.231084e+01,2.230396e+01,2.224208e+01,2.233833e+01,2.222145e+01,2.229022e+01,2.239328e+01,2.235894e+01,2.231084e+01,2.233833e+01,2.241389e+01,2.231771e+01,2.226271e+01,2.222145e+01,2.235894e+01,2.229022e+01,2.226271e+01,2.233146e+01,2.234520e+01,2.235207e+01,2.238642e+01,2.242762e+01,2.236581e+01,2.224896e+01,2.231084e+01,2.242762e+01,2.238642e+01,2.239328e+01,2.240015e+01,2.242075e+01,2.221457e+01,2.242762e+01,2.227647e+01,2.240015e+01,2.231771e+01,2.231084e+01,2.240702e+01,2.235207e+01,2.231084e+01,2.232458e+01,2.223520e+01,2.237955e+01,2.221457e+01,2.218016e+01,2.217328e+01,2.215263e+01,2.223520e+01,2.230396e+01,2.229709e+01,2.223520e+01,2.221457e+01,2.223520e+01,2.218705e+01,2.224208e+01,2.219393e+01,2.218705e+01,2.220769e+01,2.220769e+01,2.216640e+01,2.218016e+01,2.219393e+01,2.219393e+01,2.220769e+01,2.213198e+01,2.215952e+01,2.220769e+01,2.215952e+01,2.218016e+01,2.215263e+01,2.215263e+01,2.216640e+01,2.209755e+01,2.224208e+01,2.213198e+01,2.217328e+01,2.205621e+01,2.209755e+01,2.226271e+01,2.211132e+01,2.216640e+01,2.212509e+01,2.223520e+01,2.218705e+01,2.224208e+01,2.224208e+01,2.222833e+01,2.233146e+01,2.221457e+01,2.223520e+01,2.218016e+01,2.213886e+01,2.222145e+01,2.218705e+01,2.204932e+01,2.218016e+01,2.218016e+01,2.217328e+01,2.216640e+01,2.218016e+01,2.218705e+01,2.220769e+01,2.226959e+01,2.231771e+01,2.222145e+01,2.226271e+01,2.232458e+01,2.230396e+01,2.215263e+01,2.234520e+01,2.225584e+01,2.218016e+01,2.225584e+01,2.232458e+01,2.240015e+01,2.227647e+01,2.221457e+01,2.231084e+01,2.209755e+01,2.223520e+01,2.224896e+01,2.222833e+01,2.216640e+01,2.221457e+01,2.208377e+01,2.218016e+01,2.204932e+01,2.204932e+01,2.220769e+01,2.213886e+01,2.210443e+01,2.206999e+01,2.211132e+01,2.201486e+01,2.202865e+01,2.194591e+01,2.196660e+01,2.203554e+01,2.208377e+01,2.239328e+01,2.234520e+01,2.248939e+01,2.279084e+01,2.320731e+01,2.338431e+01,2.376451e+01,2.399467e+01,2.452750e+01,2.488345e+01,2.532502e+01,2.571819e+01,2.617615e+01,2.616290e+01,2.650016e+01,2.655957e+01,2.673100e+01,2.671782e+01,2.696134e+01,2.703363e+01,2.732229e+01,2.730264e+01,2.751867e+01,2.770815e+01,2.778646e+01,2.811864e+01,2.811214e+01,2.840441e+01,2.844980e+01,2.872176e+01,2.877348e+01,2.891560e+01,2.876056e+01,2.892205e+01,2.877995e+01,2.883810e+01,2.859882e+01,2.841738e+01,2.804708e+01,2.770162e+01,2.720430e+01,2.683636e+01,2.570488e+01,2.460820e+01,2.334349e+01,2.217328e+01,2.155197e+01,2.100345e+01,2.101738e+01,2.101042e+01,2.094077e+01,2.095471e+01,2.096864e+01,2.092684e+01,2.100345e+01,2.102434e+01,2.101738e+01,2.098953e+01,2.094774e+01,2.082925e+01,2.091291e+01,2.092684e+01,2.090594e+01,2.089200e+01,2.087806e+01,2.098256e+01,2.096167e+01,2.087806e+01,2.087109e+01,2.091291e+01,2.083623e+01,2.084320e+01,2.093381e+01,2.077344e+01,2.081530e+01,2.075251e+01,2.071062e+01,2.077344e+01,2.066174e+01,2.080833e+01,2.082228e+01,2.081530e+01,2.078740e+01,2.071062e+01,2.085715e+01,2.078042e+01,2.080833e+01,2.082228e+01,2.068269e+01,2.064078e+01,2.064078e+01,2.079438e+01,2.066872e+01,2.068967e+01,2.061282e+01,2.072459e+01,2.064078e+01,2.071761e+01,2.070364e+01,2.068967e+01,2.078042e+01,2.078740e+01,2.104522e+01,2.078042e+01,2.079438e+01,2.085017e+01,2.076647e+01,2.090594e+01,2.093381e+01,2.070364e+01,2.082925e+01,2.083623e+01,2.090594e+01,2.087806e+01,2.098953e+01,2.097560e+01,2.097560e+01,2.096864e+01,2.095471e+01,2.093381e+01,2.092684e+01,2.097560e+01,2.085017e+01,2.086412e+01,2.093381e+01,2.084320e+01,2.091987e+01,2.098256e+01,2.086412e+01,2.083623e+01,2.082925e+01,2.085017e+01,2.086412e+01,2.085715e+01,2.087109e+01,2.089200e+01,2.096167e+01,2.102434e+01,2.109392e+01,2.101042e+01,2.098256e+01,2.096167e+01,2.100345e+01,2.098256e+01,2.104522e+01,2.095471e+01,2.114955e+01,2.103826e+01,2.108001e+01,2.113565e+01,2.110088e+01,2.108001e+01,2.111479e+01,2.117736e+01,2.110783e+01,2.116345e+01,2.118431e+01,2.120515e+01,2.119820e+01,2.126767e+01,2.123294e+01,2.121905e+01,2.122600e+01,2.122600e+01,2.130238e+01,2.133708e+01,2.121210e+01,2.124683e+01,2.135096e+01,2.130238e+01,2.138565e+01,2.135096e+01,2.131626e+01,2.135790e+01,2.137177e+01,2.130238e+01,2.143419e+01,2.139258e+01,2.138565e+01,2.147577e+01,2.146191e+01,2.148963e+01,2.142725e+01,2.150349e+01,2.149656e+01,2.155197e+01,2.152427e+01,2.144805e+01,2.147577e+01,2.138565e+01,2.162811e+01,2.159351e+01,2.169728e+01,2.142032e+01,2.157274e+01,2.156582e+01,2.162811e+01,2.142032e+01,2.142725e+01,2.143419e+01,2.151734e+01,2.150349e+01,2.163503e+01,2.157967e+01,2.145498e+01,2.154505e+01,2.144805e+01,2.134402e+01,2.146884e+01,2.139952e+01,2.140645e+01,2.137177e+01,2.133014e+01,2.127461e+01,2.126072e+01,2.117736e+01,2.112174e+01,2.114260e+01,2.113565e+01,2.108696e+01,2.106609e+01,2.117041e+01,2.123989e+01,2.109392e+01,2.119820e+01,2.115650e+01,2.119126e+01,2.113565e+01,2.115650e+01,2.117041e+01,2.121905e+01,2.116345e+01,2.124683e+01,2.115650e+01,2.106609e+01,2.126767e+01,2.117041e+01,2.108001e+01,2.096864e+01,2.107305e+01,2.100345e+01,2.110783e+01,2.105914e+01,2.108696e+01,2.123294e+01,2.108001e+01,2.106609e+01,2.108001e+01,2.108696e+01,2.114260e+01,2.099649e+01,2.100345e+01,2.091987e+01,2.093381e+01,2.092684e+01,2.100345e+01,2.103130e+01,2.115650e+01,2.105218e+01,2.119820e+01,2.110783e+01,2.124683e+01,2.128156e+01,2.125378e+01,2.125378e+01,2.132320e+01,2.121210e+01,2.139258e+01,2.133014e+01,2.133708e+01,2.139952e+01,2.145498e+01,2.139952e+01,2.139952e+01,2.144112e+01,2.144112e+01,2.143419e+01,2.130238e+01,2.143419e+01,2.145498e+01,2.150349e+01,2.133014e+01,2.148270e+01,2.135790e+01,2.138565e+01,2.150349e+01,2.149656e+01,2.170420e+01,2.149656e+01,2.161427e+01,2.168345e+01,2.171802e+01,2.164195e+01,2.178022e+01,2.176641e+01,2.176641e+01,2.194591e+01,2.198729e+01,2.201486e+01,2.198039e+01,2.200107e+01,2.208377e+01,2.228334e+01,2.240015e+01,2.256483e+01,2.288657e+01,2.304365e+01,2.321412e+01,2.345230e+01,2.362210e+01,2.379162e+01,2.383226e+01,2.384581e+01,2.387289e+01,2.395410e+01,2.403524e+01,2.394733e+01,2.403524e+01,2.378484e+01,2.377807e+01,2.345910e+01,2.329585e+01,2.325499e+01,2.294123e+01,2.278400e+01,2.253741e+01,2.263337e+01,2.252369e+01,2.244135e+01,2.215952e+01,2.188381e+01,2.185620e+01,2.188381e+01,2.202176e+01,2.203554e+01,2.213886e+01,2.197349e+01,2.198039e+01,2.180095e+01,2.180095e+01,2.175258e+01,2.173185e+01,2.175258e+01,2.171111e+01,2.175949e+01,2.172494e+01,2.174567e+01,2.167654e+01,2.155197e+01,2.163503e+01,2.157967e+01,2.166962e+01,2.161427e+01,2.158659e+01,2.166270e+01,2.167654e+01,2.157274e+01,2.153119e+01,2.155890e+01,2.146191e+01,2.144112e+01,2.149656e+01,2.134402e+01,2.151042e+01,2.137177e+01,2.148963e+01,2.142725e+01,2.145498e+01,2.145498e+01,2.133014e+01,2.144112e+01,2.144805e+01,2.146191e+01,2.140645e+01,2.134402e+01,2.142725e+01,2.143419e+01,2.142032e+01,2.142032e+01,2.144805e+01,2.139952e+01,2.145498e+01,2.145498e+01,2.151734e+01,2.142032e+01,2.146191e+01,2.151042e+01,2.152427e+01,2.150349e+01,2.151734e+01,2.144112e+01,2.165579e+01,2.156582e+01,2.156582e+01,2.161427e+01,2.160043e+01,2.158659e+01,2.158659e+01,2.165579e+01,2.156582e+01,2.164887e+01,2.169728e+01,2.173185e+01,2.169728e+01,2.169037e+01,2.173876e+01,2.173185e+01,2.174567e+01,2.184929e+01,2.167654e+01,2.166962e+01,2.178713e+01,2.183548e+01,2.177332e+01,2.187000e+01,2.173876e+01,2.165579e+01,2.182167e+01,2.191831e+01,2.187000e+01,2.186310e+01,2.182167e+01,2.184929e+01,2.196660e+01,2.187691e+01,2.184929e+01,2.187000e+01,2.191141e+01,2.184929e+01,2.206310e+01,2.207688e+01,2.209066e+01,2.183548e+01,2.192521e+01,2.194591e+01,2.194591e+01,2.207688e+01,2.194591e+01,2.193211e+01,2.195280e+01,2.215952e+01,2.194591e+01,2.201486e+01,2.196660e+01,2.200797e+01,2.196660e+01,2.201486e+01,2.200797e+01,2.174567e+01,2.205621e+01,2.189761e+01,2.191141e+01,2.189071e+01,2.193211e+01,2.182858e+01,2.186310e+01
2.198729e+01,2.202865e+01,2.193211e+01,2.198729e+01,2.193211e+01,2.200797e+01,2.201486e+01,2.203554e+01,2.198729e+01,2.202176e+01,2.215263e+01,2.200797e+01,2.214575e+01,2.196660e+01,2.215952e+01,2.202176e+01,2.208377e+01,2.218705e+01,2.211132e+01,2.213886e+01,2.211132e+01,2.222833e+01,2.226959e+01,2.220081e+01,2.209755e+01,2.208377e+01,2.224896e+01,2.225584e+01,2.223520e+01,2.224896e+01,2.224896e+01,2.219393e+01,2.216640e+01,2.211821e+01,2.211132e+01,2.211821e+01,2.216640e+01,2.206999e+01,2.213886e+01,2.218016e+01,2.215263e+01,2.224208e+01,2.220081e+01,2.207688e+01,2.217328e+01,2.225584e+01,2.226959e+01,2.220081e+01,2.218016e+01,2.229022e+01,2.222833e+01,2.231084e+01,2.227647e+01,2.238642e+01,2.235894e+01,2.231084e+01,2.234520e+01,2.233146e+01,2.234520e+01,2.233833e+01,2.244821e+01,2.231771e+01,2.244135e+01,2.230396e+01,2.242075e+01,2.249625e+01,2.249625e+01,2.229709e+01,2.233146e+01,2.240015e+01,2.231771e+01,2.233833e+01,2.233146e+01,2.233146e+01,2.236581e+01,2.232458e+01,2.231084e+01,2.240702e+01,2.239328e+01,2.224208e+01,2.232458e+01,2.236581e+01,2.228334e+01,2.235894e+01,2.241389e+01,2.237268e+01,2.221457e+01,2.215952e+01,2.233146e+01,2.229709e+01,2.215952e+01,2.229709e+01,2.227647e+01,2.231771e+01,2.227647e+01,2.218705e+01,2.215952e+01,2.220769e+01,2.221457e+01,2.211821e+01,2.226959e+01,2.220081e+01,2.219393e+01,2.219393e+01,2.217328e+01,2.220081e+01,2.215263e+01,2.217328e+01,2.220081e+01,2.225584e+01,2.213198e+01,2.225584e+01,2.215952e+01,2.221457e+01,2.218705e+01,2.218016e+01,2.223520e+01,2.214575e+01,2.215952e+01,2.213198e+01,2.212509e+01,2.229022e+01,2.218705e+01,2.217328e+01,2.219393e+01,2.213198e+01,2.220081e+01,2.220081e+01,2.215263e+01,2.220769e+01,2.218016e+01,2.218705e+01,2.217328e+01,2.229709e+01,2.216640e+01,2.226271e+01,2.227647e+01,2.224896e+01,2.218016e+01,2.213886e+01,2.221457e+01,2.217328e+01,2.217328e+01,2.239328e+01,2.231084e+01,2.220081e+01,2.218705e+01,2.232458e+01,2.224208e+01,2.225584e+01,2.227647e+01,2.235207e+01,2.220081e+01,2.228334e+01,2.230396e+01,2.228334e+01,2.222145e+01,2.229709e+01,2.224208e+01,2.232458e+01,2.230396e+01,2.230396e+01,2.216640e+01,2.223520e+01,2.226959e+01,2.229709e+01,2.219393e+01,2.220769e+01,2.220081e+01,2.227647e+01,2.218016e+01,2.212509e+01,2.220081e+01,2.205621e+01,2.206999e+01,2.214575e+01,2.206999e+01,2.201486e+01,2.201486e+01,2.209066e+01,2.200107e+01,2.206310e+01,2.206999e+01,2.206999e+01,2.213886e+01,2.234520e+01,2.254426e+01,2.256483e+01,2.298904e+01,2.328904e+01,2.360174e+01,2.390673e+01,2.441307e+01,2.480296e+01,2.523151e+01,2.563834e+01,2.591091e+01,2.616952e+01,2.627544e+01,2.656617e+01,2.657277e+01,2.669806e+01,2.698763e+01,2.702049e+01,2.730264e+01,2.734850e+01,2.734195e+01,2.755136e+01,2.774731e+01,2.808612e+01,2.811214e+01,2.830707e+01,2.855349e+01,2.870236e+01,2.878641e+01,2.880580e+01,2.881872e+01,2.904463e+01,2.899304e+01,2.881872e+01,2.889623e+01,2.862471e+01,2.841738e+01,2.820965e+01,2.769510e+01,2.719774e+01,2.638125e+01,2.529831e+01,2.410281e+01,2.312551e+01,2.216640e+01,2.154505e+01,2.139258e+01,2.112174e+01,2.096167e+01,2.102434e+01,2.092684e+01,2.085017e+01,2.096864e+01,2.092684e+01,2.094774e+01,2.089200e+01,2.095471e+01,2.100345e+01,2.091291e+01,2.110088e+01,2.097560e+01,2.089897e+01,2.095471e+01,2.098953e+01,2.091291e+01,2.093381e+01,2.085715e+01,2.094077e+01,2.099649e+01,2.085715e+01,2.088503e+01,2.089897e+01,2.075251e+01,2.075949e+01,2.071062e+01,2.075949e+01,2.062680e+01,2.064078e+01,2.078042e+01,2.079438e+01,2.086412e+01,2.082228e+01,2.081530e+01,2.085017e+01,2.073855e+01,2.082925e+01,2.074553e+01,2.068269e+01,2.064078e+01,2.051493e+01,2.072459e+01,2.066872e+01,2.064078e+01,2.067570e+01,2.066872e+01,2.066872e+01,2.073855e+01,2.066872e+01,2.073855e+01,2.078042e+01,2.080135e+01,2.075949e+01,2.082925e+01,2.076647e+01,2.082228e+01,2.082228e+01,2.079438e+01,2.080135e+01,2.087806e+01,2.078740e+01,2.088503e+01,2.092684e+01,2.091291e+01,2.098953e+01,2.085715e+01,2.092684e+01,2.091291e+01,2.085715e+01,2.093381e+01,2.096864e+01,2.081530e+01,2.081530e+01,2.082228e+01,2.083623e+01,2.089200e+01,2.088503e+01,2.075949e+01,2.087109e+01,2.091291e+01,2.082925e+01,2.079438e+01,2.086412e+01,2.091987e+01,2.096864e+01,2.084320e+01,2.094077e+01,2.095471e+01,2.093381e+01,2.094077e+01,2.092684e+01,2.100345e+01,2.103826e+01,2.096167e+01,2.098953e+01,2.117736e+01,2.110088e+01,2.110783e+01,2.110088e+01,2.105914e+01,2.104522e+01,2.111479e+01,2.110088e+01,2.111479e+01,2.116345e+01,2.108001e+01,2.126072e+01,2.126072e+01,2.114260e+01,2.128850e+01,2.123294e+01,2.122600e+01,2.121905e+01,2.121210e+01,2.128156e+01,2.126072e+01,2.136484e+01,2.128156e+01,2.139258e+01,2.141339e+01,2.140645e+01,2.133708e+01,2.133708e+01,2.135096e+01,2.134402e+01,2.146884e+01,2.135096e+01,2.147577e+01,2.146884e+01,2.142725e+01,2.142725e+01,2.136484e+01,2.145498e+01,2.148963e+01,2.147577e+01,2.136484e+01,2.154505e+01,2.145498e+01,2.145498e+01,2.148963e+01,2.153119e+01,2.155890e+01,2.152427e+01,2.144112e+01,2.142725e+01,2.141339e+01,2.138565e+01,2.151042e+01,2.148963e+01,2.156582e+01,2.147577e+01,2.148270e+01,2.150349e+01,2.148963e+01,2.158659e+01,2.144112e+01,2.133708e+01,2.142032e+01,2.142725e+01,2.146191e+01,2.140645e+01,2.128850e+01,2.129544e+01,2.120515e+01,2.142032e+01,2.113565e+01,2.114955e+01,2.119820e+01,2.106609e+01,2.108696e+01,2.117041e+01,2.118431e+01,2.115650e+01,2.114955e+01,2.116345e+01,2.117041e+01,2.106609e+01,2.110783e+01,2.117736e+01,2.119820e+01,2.118431e+01,2.113565e+01,2.114955e+01,2.114955e+01,2.109392e+01,2.113565e+01,2.097560e+01,2.096167e+01,2.110783e+01,2.112869e+01,2.111479e+01,2.108001e+01,2.108001e+01,2.112869e+01,2.108001e+01,2.121905e+01,2.105914e+01,2.115650e+01,2.107305e+01,2.096167e+01,2.101042e+01,2.092684e+01,2.110088e+01,2.095471e+01,2.106609e+01,2.096864e+01,2.101042e+01,2.106609e+01,2.122600e+01,2.127461e+01,2.123989e+01,2.122600e+01,2.129544e+01,2.132320e+01,2.138565e+01,2.135790e+01,2.136484e+01,2.145498e+01,2.134402e+01,2.139258e+01,2.140645e+01,2.131626e+01,2.139952e+01,2.132320e+01,2.141339e+01,2.149656e+01,2.131626e+01,2.128850e+01,2.136484e+01,2.141339e+01,2.142725e+01,2.136484e+01,2.133014e+01,2.135096e+01,2.138565e+01,2.151042e+01,2.137871e+01,2.146191e+01,2.131626e+01,2.144805e+01,2.162119e+01,2.160043e+01,2.146191e+01,2.164887e+01,2.172494e+01,2.174567e+01,2.172494e+01,2.198729e+01,2.198039e+01,2.195970e+01,2.185620e+01,2.204243e+01,2.233146e+01,2.237268e+01,2.262652e+01,2.290707e+01,2.310505e+01,2.320049e+01,2.346590e+01,2.363567e+01,2.377807e+01,2.398115e+01,2.394733e+01,2.391350e+01,2.400144e+01,2.391350e+01,2.390673e+01,2.380517e+01,2.351346e+01,2.350667e+01,2.327542e+01,2.303683e+01,2.282504e+01,2.281820e+01,2.252369e+01,2.253055e+01,2.224896e+01,2.225584e+01,2.215952e+01,2.208377e+01,2.184929e+01,2.191141e+01,2.203554e+01,2.206999e+01,2.203554e+01,2.196660e+01,2.184239e+01,2.182858e+01,2.174567e+01,2.175258e+01,2.184929e+01,2.179404e+01,2.171111e+01,2.174567e+01,2.170420e+01,2.162119e+01,2.168345e+01,2.169037e+01,2.164887e+01,2.160735e+01,2.161427e+01,2.164195e+01,2.153119e+01,2.156582e+01,2.155197e+01,2.160043e+01,2.155197e+01,2.156582e+01,2.144805e+01,2.136484e+01,2.160735e+01,2.148270e+01,2.145498e+01,2.141339e+01,2.137177e+01,2.144112e+01,2.139258e+01,2.147577e+01,2.143419e+01,2.137871e+01,2.139258e+01,2.144112e+01,2.146884e+01,2.137177e+01,2.152427e+01,2.147577e+01,2.137871e+01,2.145498e+01,2.139258e+01,2.150349e+01,2.151042e+01,2.149656e+01,2.146884e+01,2.146884e+01,2.146884e+01,2.146884e+01,2.155197e+01,2.151042e+01,2.155197e+01,2.159351e+01,2.151042e+01,2.164195e+01,2.162119e+01,2.158659e+01,2.164195e+01,2.158659e+01,2.159351e+01,2.173876e+01,2.166962e+01,2.160043e+01,2.164195e+01,2.173876e+01,2.179404e+01,2.169037e+01,2.167654e+01,2.169728e+01,2.169037e+01,2.171802e+01,2.166962e+01,2.179404e+01,2.184929e+01,2.180786e+01,2.182858e+01,2.182858e+01,2.172494e+01,2.173185e+01,2.177332e+01,2.178022e+01,2.179404e+01,2.192521e+01,2.197349e+01,2.184239e+01,2.193901e+01,2.189071e+01,2.191831e+01,2.191831e+01,2.179404e+01,2.203554e+01,2.193211e+01,2.218705e+01,2.195280e+01,2.184929e+01,2.193211e+01,2.194591e+01,2.187691e+01,2.189071e+01,2.193211e+01,2.198039e+01,2.196660e+01,2.199418e+01,2.195970e+01,2.205621e+01,2.197349e+01,2.186310e+01,2.187000e+01,2.191831e+01,2.189071e+01,2.178713e+01,2.204243e+01,2.189071e+01,2.193211e+01,2.196660e+01,2.184929e+01,2.193211e+01,2.193901e+01
2.193211e+01,2.199418e+01,2.194591e+01,2.196660e+01,2.198729e+01,2.199418e+01,2.194591e+01,2.198729e+01,2.198039e+01,2.193901e+01,2.194591e+01,2.220769e+01,2.218705e+01,2.196660e+01,2.223520e+01,2.209066e+01,2.222145e+01,2.219393e+01,2.209066e+01,2.215263e+01,2.221457e+01,2.219393e+01,2.216640e+01,2.226959e+01,2.221457e+01,2.206999e+01,2.225584e+01,2.206999e+01,2.224896e+01,2.209066e+01,2.220081e+01,2.208377e+01,2.215263e+01,2.207688e+01,2.210443e+01,2.211132e+01,2.221457e+01,2.206999e+01,2.220769e+01,2.218705e+01,2.211821e+01,2.218705e+01,2.222833e+01,2.230396e+01,2.206999e+01,2.221457e+01,2.220081e+01,2.225584e+01,2.229022e+01,2.224208e+01,2.242762e+01,2.234520e+01,2.235894e+01,2.233146e+01,2.234520e+01,2.233833e+01,2.231771e+01,2.232458e+01,2.229022e+01,2.236581e+01,2.226959e+01,2.227647e+01,2.231084e+01,2.230396e+01,2.229709e+01,2.250997e+01,2.235894e+01,2.239328e+01,2.237268e+01,2.237268e+01,2.235207e+01,2.238642e+01,2.230396e+01,2.233146e+01,2.238642e+01,2.238642e+01,2.242075e+01,2.230396e+01,2.232458e+01,2.226271e+01,2.223520e+01,2.235894e+01,2.240015e+01,2.234520e+01,2.220769e+01,2.238642e+01,2.220769e+01,2.222145e+01,2.226271e+01,2.235894e+01,2.229709e+01,2.229022e+01,2.228334e+01,2.224896e+01,2.229022e+01,2.222833e+01,2.221457e+01,2.215263e+01,2.223520e+01,2.213198e+01,2.220081e+01,2.223520e+01,2.220081e+01,2.221457e+01,2.220081e+01,2.220081e+01,2.218705e+01,2.221457e+01,2.219393e+01,2.215952e+01,2.213198e+01,2.222145e+01,2.219393e+01,2.207688e+01,2.206999e+01,2.210443e+01,2.216640e+01,2.218016e+01,2.215952e+01,2.219393e+01,2.204932e+01,2.204243e+01,2.197349e+01,2.213198e+01,2.213198e+01,2.222833e+01,2.213198e+01,2.222833e+01,2.216640e+01,2.214575e+01,2.224208e+01,2.220081e+01,2.210443e+01,2.221457e+01,2.224896e+01,2.232458e+01,2.206310e+01,2.215952e+01,2.209066e+01,2.217328e+01,2.222833e+01,2.216640e+01,2.225584e+01,2.220081e+01,2.222145e+01,2.222145e+01,2.200107e+01,2.225584e+01,2.222145e+01,2.222833e+01,2.224208e+01,2.231771e+01,2.227647e+01,2.226959e+01,2.235207e+01,2.233833e+01,2.228334e+01,2.226959e+01,2.226271e+01,2.218705e+01,2.231084e+01,2.225584e+01,2.232458e+01,2.226959e+01,2.215952e+01,2.216640e+01,2.213198e+01,2.230396e+01,2.231084e+01,2.217328e+01,2.213198e+01,2.207688e+01,2.217328e+01,2.217328e+01,2.217328e+01,2.218705e+01,2.204932e+01,2.206310e+01,2.206999e+01,2.204243e+01,2.202865e+01,2.202176e+01,2.205621e+01,2.204932e+01,2.234520e+01,2.235894e+01,2.241389e+01,2.274294e+01,2.296856e+01,2.322775e+01,2.366281e+01,2.393380e+01,2.427829e+01,2.472241e+01,2.522482e+01,2.532502e+01,2.583120e+01,2.606350e+01,2.616290e+01,2.643412e+01,2.655297e+01,2.653317e+01,2.682978e+01,2.683636e+01,2.684952e+01,2.716494e+01,2.723709e+01,2.759058e+01,2.755136e+01,2.795594e+01,2.815766e+01,2.819665e+01,2.850166e+01,2.859234e+01,2.880580e+01,2.880580e+01,2.899304e+01,2.899304e+01,2.896078e+01,2.896078e+01,2.892205e+01,2.879934e+01,2.860529e+01,2.825513e+01,2.800152e+01,2.768857e+01,2.705334e+01,2.608339e+01,2.496387e+01,2.383226e+01,2.281820e+01,2.209755e+01,2.148963e+01,2.108001e+01,2.097560e+01,2.092684e+01,2.084320e+01,2.103130e+01,2.089897e+01,2.092684e+01,2.099649e+01,2.099649e+01,2.087109e+01,2.085715e+01,2.091987e+01,2.097560e+01,2.091291e+01,2.091291e+01,2.086412e+01,2.096167e+01,2.085017e+01,2.083623e+01,2.087109e+01,2.095471e+01,2.087806e+01,2.093381e+01,2.096864e+01,2.086412e+01,2.074553e+01,2.083623e+01,2.054990e+01,2.055690e+01,2.060583e+01,2.079438e+01,2.078042e+01,2.080135e+01,2.082925e+01,2.082925e+01,2.073855e+01,2.085715e+01,2.083623e+01,2.071062e+01,2.077344e+01,2.070364e+01,2.085715e+01,2.080833e+01,2.072459e+01,2.071062e+01,2.066872e+01,2.073157e+01,2.066872e+01,2.071062e+01,2.069666e+01,2.072459e+01,2.072459e+01,2.067570e+01,2.073157e+01,2.083623e+01,2.086412e+01,2.080135e+01,2.077344e+01,2.082228e+01,2.089200e+01,2.084320e+01,2.072459e+01,2.083623e+01,2.086412e+01,2.089200e+01,2.092684e+01,2.096167e+01,2.082925e+01,2.091291e+01,2.081530e+01,2.093381e+01,2.094774e+01,2.096864e+01,2.097560e+01,2.084320e+01,2.086412e+01,2.084320e+01,2.087806e+01,2.088503e+01,2.082228e+01,2.087109e+01,2.083623e+01,2.088503e+01,2.086412e+01,2.086412e+01,2.094077e+01,2.089897e+01,2.098256e+01,2.095471e+01,2.092684e+01,2.098953e+01,2.088503e+01,2.087806e+01,2.103130e+01,2.098953e+01,2.098256e+01,2.097560e+01,2.105218e+01,2.126767e+01,2.113565e+01,2.111479e+01,2.114955e+01,2.107305e+01,2.109392e+01,2.108001e+01,2.119126e+01,2.134402e+01,2.113565e+01,2.125378e+01,2.113565e+01,2.127461e+01,2.101738e+01,2.126072e+01,2.131626e+01,2.116345e+01,2.132320e+01,2.133014e+01,2.130932e+01,2.125378e+01,2.133014e+01,2.119820e+01,2.140645e+01,2.132320e+01,2.138565e+01,2.137177e+01,2.137871e+01,2.134402e+01,2.137177e+01,2.138565e+01,2.139258e+01,2.141339e+01,2.141339e+01,2.140645e+01,2.142725e+01,2.135790e+01,2.147577e+01,2.152427e+01,2.153812e+01,2.153812e+01,2.144805e+01,2.152427e+01,2.163503e+01,2.153812e+01,2.142725e+01,2.148963e+01,2.158659e+01,2.161427e+01,2.153119e+01,2.157274e+01,2.148963e+01,2.142032e+01,2.148270e+01,2.149656e+01,2.148270e+01,2.147577e+01,2.149656e+01,2.151042e+01,2.139258e+01,2.151734e+01,2.137177e+01,2.131626e+01,2.137871e+01,2.142032e+01,2.124683e+01,2.122600e+01,2.114260e+01,2.126767e+01,2.126767e+01,2.110783e+01,2.123294e+01,2.118431e+01,2.127461e+01,2.117736e+01,2.114260e+01,2.117041e+01,2.116345e+01,2.118431e+01,2.112869e+01,2.112174e+01,2.115650e+01,2.119126e+01,2.121905e+01,2.117736e+01,2.112174e+01,2.124683e+01,2.117041e+01,2.121905e+01,2.114260e+01,2.119820e+01,2.096864e+01,2.106609e+01,2.120515e+01,2.105218e+01,2.109392e+01,2.115650e+01,2.114260e+01,2.120515e+01,2.117736e+01,2.111479e+01,2.109392e+01,2.102434e+01,2.095471e+01,2.108001e+01,2.091987e+01,2.098953e+01,2.098953e+01,2.105914e+01,2.094077e+01,2.106609e+01,2.124683e+01,2.130238e+01,2.134402e+01,2.130238e+01,2.133014e+01,2.130238e+01,2.133708e+01,2.133014e+01,2.135096e+01,2.132320e+01,2.126072e+01,2.125378e+01,2.138565e+01,2.130932e+01,2.140645e+01,2.142725e+01,2.137177e+01,2.134402e+01,2.130238e+01,2.132320e+01,2.139952e+01,2.128850e+01,2.137871e+01,2.135096e+01,2.133014e+01,2.137871e+01,2.138565e+01,2.135096e+01,2.148963e+01,2.146191e+01,2.147577e+01,2.129544e+01,2.146884e+01,2.145498e+01,2.157967e+01,2.144112e+01,2.148963e+01,2.137177e+01,2.168345e+01,2.154505e+01,2.162119e+01,2.170420e+01,2.181476e+01,2.178022e+01,2.189761e+01,2.211132e+01,2.233833e+01,2.265392e+01,2.288657e+01,2.307095e+01,2.316642e+01,2.362889e+01,2.362889e+01,2.366281e+01,2.381194e+01,2.385935e+01,2.386612e+01,2.385258e+01,2.366959e+01,2.379162e+01,2.361531e+01,2.375096e+01,2.334349e+01,2.319368e+01,2.294123e+01,2.281136e+01,2.270187e+01,2.280452e+01,2.249625e+01,2.226959e+01,2.223520e+01,2.200797e+01,2.198039e+01,2.193901e+01,2.181476e+01,2.200797e+01,2.205621e+01,2.206999e+01,2.175949e+01,2.179404e+01,2.174567e+01,2.172494e+01,2.172494e+01,2.177332e+01,2.175258e+01,2.176641e+01,2.166962e+01,2.169037e+01,2.166270e+01,2.171802e+01,2.172494e+01,2.164195e+01,2.162811e+01,2.157967e+01,2.163503e+01,2.161427e+01,2.170420e+01,2.171111e+01,2.155197e+01,2.156582e+01,2.162811e+01,2.157967e+01,2.162811e+01,2.158659e+01,2.147577e+01,2.149656e+01,2.150349e+01,2.134402e+01,2.149656e+01,2.113565e+01,2.140645e+01,2.139952e+01,2.135096e+01,2.139258e+01,2.142032e+01,2.147577e+01,2.144805e+01,2.142032e+01,2.132320e+01,2.141339e+01,2.139258e+01,2.143419e+01,2.135096e+01,2.144805e+01,2.148270e+01,2.147577e+01,2.145498e+01,2.144805e+01,2.146884e+01,2.155197e+01,2.152427e+01,2.151042e+01,2.160043e+01,2.157274e+01,2.150349e+01,2.162119e+01,2.158659e+01,2.153812e+01,2.157967e+01,2.158659e+01,2.162119e+01,2.159351e+01,2.148270e+01,2.168345e+01,2.175949e+01,2.174567e+01,2.174567e+01,2.162119e+01,2.169728e+01,2.166270e+01,2.168345e+01,2.158659e+01,2.170420e+01,2.160735e+01,2.184239e+01,2.162811e+01,2.174567e+01,2.174567e+01,2.163503e+01,2.177332e+01,2.182167e+01,2.189071e+01,2.180786e+01,2.179404e+01,2.182858e+01,2.178713e+01,2.182858e+01,2.178022e+01,2.187691e+01,2.191831e+01,2.177332e+01,2.189071e+01,2.184929e+01,2.186310e+01,2.189761e+01,2.189071e+01,2.189071e+01,2.191831e+01,2.187000e+01,2.197349e+01,2.200107e+01,2.192521e+01,2.195970e+01,2.193211e+01,2.189761e+01,2.188381e+01,2.187691e+01,2.186310e+01,2.200107e+01,2.200107e+01,2.187000e+01,2.184929e+01,2.187691e+01,2.193901e+01,2.182858e+01,2.184929e+01,2.193901e+01,2.195280e+01
2.198729e+01,2.198039e+01,2.203554e+01,2.198039e+01,2.196660e+01,2.182167e+01,2.202865e+01,2.205621e+01,2.208377e+01,2.201486e+01,2.208377e+01,2.213198e+01,2.216640e+01,2.204932e+01,2.187000e+01,2.211821e+01,2.217328e+01,2.209755e+01,2.218016e+01,2.215952e+01,2.215263e+01,2.226271e+01,2.213198e+01,2.218016e+01,2.227647e+01,2.229022e+01,2.225584e+01,2.224208e+01,2.218016e+01,2.222145e+01,2.222145e+01,2.206310e+01,2.209755e+01,2.209066e+01,2.222833e+01,2.210443e+01,2.209066e+01,2.221457e+01,2.207688e+01,2.215952e+01,2.209755e+01,2.213198e+01,2.220769e+01,2.218705e+01,2.215952e+01,2.220081e+01,2.214575e+01,2.222833e+01,2.224896e+01,2.223520e+01,2.228334e+01,2.233146e+01,2.229709e+01,2.233146e+01,2.230396e+01,2.237268e+01,2.235894e+01,2.235207e+01,2.224896e+01,2.236581e+01,2.232458e+01,2.233833e+01,2.231771e+01,2.232458e+01,2.234520e+01,2.236581e+01,2.230396e+01,2.248252e+01,2.249625e+01,2.236581e+01,2.242075e+01,2.236581e+01,2.232458e+01,2.230396e+01,2.235894e+01,2.240702e+01,2.224896e+01,2.225584e+01,2.224208e+01,2.231084e+01,2.223520e+01,2.223520e+01,2.221457e+01,2.223520e+01,2.229022e+01,2.221457e+01,2.223520e+01,2.224208e+01,2.225584e+01,2.229022e+01,2.231084e+01,2.209755e+01,2.226271e+01,2.231084e+01,2.220081e+01,2.221457e+01,2.226959e+01,2.224896e+01,2.222833e+01,2.222145e+01,2.220081e+01,2.237955e+01,2.222833e+01,2.213886e+01,2.218016e+01,2.221457e+01,2.220769e+01,2.215952e+01,2.210443e+01,2.216640e+01,2.224896e+01,2.218705e+01,2.214575e+01,2.222833e+01,2.215952e+01,2.220081e+01,2.209755e+01,2.204243e+01,2.224208e+01,2.217328e+01,2.213198e+01,2.220081e+01,2.218705e+01,2.217328e+01,2.221457e+01,2.224208e+01,2.215263e+01,2.228334e+01,2.217328e+01,2.229709e+01,2.219393e+01,2.218016e+01,2.229022e+01,2.229022e+01,2.222145e+01,2.229709e+01,2.222145e+01,2.229709e+01,2.215263e+01,2.189071e+01,2.215952e+01,2.217328e+01,2.225584e+01,2.226959e+01,2.218705e+01,2.226271e+01,2.220769e+01,2.229022e+01,2.231084e+01,2.220769e+01,2.232458e+01,2.229709e+01,2.233146e+01,2.231771e+01,2.233146e+01,2.232458e+01,2.225584e+01,2.222145e+01,2.226271e+01,2.227647e+01,2.229709e+01,2.224896e+01,2.221457e+01,2.228334e+01,2.219393e+01,2.224208e+01,2.231084e+01,2.222833e+01,2.226271e+01,2.233146e+01,2.218016e+01,2.217328e+01,2.217328e+01,2.220081e+01,2.213886e+01,2.202176e+01,2.202865e+01,2.211132e+01,2.198039e+01,2.207688e+01,2.195970e+01,2.197349e+01,2.207688e+01,2.198729e+01,2.217328e+01,2.234520e+01,2.235894e+01,2.251683e+01,2.291391e+01,2.310505e+01,2.332988e+01,2.351346e+01,2.419059e+01,2.461492e+01,2.507101e+01,2.531834e+01,2.577139e+01,2.594410e+01,2.614303e+01,2.653317e+01,2.650016e+01,2.650677e+01,2.673759e+01,2.689558e+01,2.704020e+01,2.715837e+01,2.744671e+01,2.742707e+01,2.761672e+01,2.784516e+01,2.801454e+01,2.836548e+01,2.835900e+01,2.857939e+01,2.883810e+01,2.884456e+01,2.909620e+01,2.912842e+01,2.911553e+01,2.908331e+01,2.898013e+01,2.888977e+01,2.871529e+01,2.844980e+01,2.830707e+01,2.799501e+01,2.753175e+01,2.669806e+01,2.575144e+01,2.466196e+01,2.368316e+01,2.248939e+01,2.198039e+01,2.139952e+01,2.103130e+01,2.108001e+01,2.092684e+01,2.089200e+01,2.098953e+01,2.087806e+01,2.091987e+01,2.089897e+01,2.095471e+01,2.087806e+01,2.094774e+01,2.092684e+01,2.094077e+01,2.090594e+01,2.087109e+01,2.096864e+01,2.097560e+01,2.093381e+01,2.101042e+01,2.102434e+01,2.090594e+01,2.085715e+01,2.082925e+01,2.090594e+01,2.085715e+01,2.089200e+01,2.090594e+01,2.059185e+01,2.077344e+01,2.080135e+01,2.082925e+01,2.079438e+01,2.081530e+01,2.071761e+01,2.087109e+01,2.087109e+01,2.077344e+01,2.076647e+01,2.085715e+01,2.076647e+01,2.075949e+01,2.078042e+01,2.071062e+01,2.065475e+01,2.062680e+01,2.079438e+01,2.064776e+01,2.070364e+01,2.071761e+01,2.071761e+01,2.068967e+01,2.071062e+01,2.070364e+01,2.085017e+01,2.073855e+01,2.081530e+01,2.065475e+01,2.085017e+01,2.080833e+01,2.084320e+01,2.082228e+01,2.086412e+01,2.087109e+01,2.095471e+01,2.082228e+01,2.081530e+01,2.081530e+01,2.092684e+01,2.090594e+01,2.084320e+01,2.091987e+01,2.098256e+01,2.087806e+01,2.088503e+01,2.087109e+01,2.079438e+01,2.089200e+01,2.087109e+01,2.087109e+01,2.081530e+01,2.082228e+01,2.082925e+01,2.082925e+01,2.085715e+01,2.087109e+01,2.092684e+01,2.093381e+01,2.094774e+01,2.092684e+01,2.098953e+01,2.094774e+01,2.097560e+01,2.097560e+01,2.094774e+01,2.097560e+01,2.105914e+01,2.102434e+01,2.108696e+01,2.108696e+01,2.108696e+01,2.112869e+01,2.114260e+01,2.101042e+01,2.108001e+01,2.107305e+01,2.107305e+01,2.114260e+01,2.119820e+01,2.119820e+01,2.123294e+01,2.121210e+01,2.128850e+01,2.119820e+01,2.133014e+01,2.123989e+01,2.119820e+01,2.133708e+01,2.130932e+01,2.133014e+01,2.131626e+01,2.141339e+01,2.119126e+01,2.141339e+01,2.142725e+01,2.143419e+01,2.139258e+01,2.135096e+01,2.136484e+01,2.137871e+01,2.140645e+01,2.134402e+01,2.142725e+01,2.143419e+01,2.155197e+01,2.154505e+01,2.139258e+01,2.153119e+01,2.148963e+01,2.148270e+01,2.152427e+01,2.155197e+01,2.153812e+01,2.158659e+01,2.152427e+01,2.152427e+01,2.153812e+01,2.164195e+01,2.161427e+01,2.163503e+01,2.151734e+01,2.157274e+01,2.156582e+01,2.137871e+01,2.151042e+01,2.150349e+01,2.152427e+01,2.157274e+01,2.136484e+01,2.134402e+01,2.135790e+01,2.139952e+01,2.149656e+01,2.132320e+01,2.138565e+01,2.135096e+01,2.110088e+01,2.110088e+01,2.117041e+01,2.107305e+01,2.114260e+01,2.125378e+01,2.112174e+01,2.113565e+01,2.114260e+01,2.117736e+01,2.111479e+01,2.114260e+01,2.114260e+01,2.116345e+01,2.127461e+01,2.111479e+01,2.113565e+01,2.115650e+01,2.128850e+01,2.117041e+01,2.116345e+01,2.114260e+01,2.117041e+01,2.105914e+01,2.117736e+01,2.112174e+01,2.115650e+01,2.108001e+01,2.110783e+01,2.110783e+01,2.109392e+01,2.112174e+01,2.111479e+01,2.108696e+01,2.111479e+01,2.101738e+01,2.105914e+01,2.114260e+01,2.112869e+01,2.087806e+01,2.102434e+01,2.115650e+01,2.117041e+01,2.109392e+01,2.112174e+01,2.118431e+01,2.126767e+01,2.134402e+01,2.135096e+01,2.126072e+01,2.132320e+01,2.135790e+01,2.119126e+01,2.130238e+01,2.137871e+01,2.121210e+01,2.138565e+01,2.139952e+01,2.139952e+01,2.130932e+01,2.133708e+01,2.128850e+01,2.127461e+01,2.128156e+01,2.141339e+01,2.133014e+01,2.126767e+01,2.132320e+01,2.148963e+01,2.128156e+01,2.130238e+01,2.130238e+01,2.132320e+01,2.137871e+01,2.123989e+01,2.123989e+01,2.138565e+01,2.132320e+01,2.123294e+01,2.131626e+01,2.134402e+01,2.142725e+01,2.151734e+01,2.157274e+01,2.160043e+01,2.174567e+01,2.177332e+01,2.191831e+01,2.212509e+01,2.234520e+01,2.261967e+01,2.268817e+01,2.305048e+01,2.320731e+01,2.341831e+01,2.379839e+01,2.385935e+01,2.390673e+01,2.378484e+01,2.387966e+01,2.377807e+01,2.375096e+01,2.371028e+01,2.370350e+01,2.335029e+01,2.320731e+01,2.332988e+01,2.293440e+01,2.277032e+01,2.251683e+01,2.249625e+01,2.249625e+01,2.230396e+01,2.198039e+01,2.195280e+01,2.190451e+01,2.194591e+01,2.200797e+01,2.204932e+01,2.199418e+01,2.202176e+01,2.185620e+01,2.180095e+01,2.176641e+01,2.171802e+01,2.173876e+01,2.176641e+01,2.176641e+01,2.171802e+01,2.176641e+01,2.166962e+01,2.166962e+01,2.167654e+01,2.170420e+01,2.165579e+01,2.170420e+01,2.162119e+01,2.169728e+01,2.176641e+01,2.169037e+01,2.154505e+01,2.158659e+01,2.153119e+01,2.153119e+01,2.146191e+01,2.151042e+01,2.144805e+01,2.142725e+01,2.151734e+01,2.146191e+01,2.140645e+01,2.142725e+01,2.147577e+01,2.145498e+01,2.150349e+01,2.135790e+01,2.135790e+01,2.136484e+01,2.137871e+01,2.135096e+01,2.141339e+01,2.141339e+01,2.141339e+01,2.134402e+01,2.142725e+01,2.147577e+01,2.149656e+01,2.145498e+01,2.130238e+01,2.144805e+01,2.153119e+01,2.143419e+01,2.157967e+01,2.151042e+01,2.159351e+01,2.148963e+01,2.151042e+01,2.163503e+01,2.161427e+01,2.155890e+01,2.168345e+01,2.176641e+01,2.168345e+01,2.167654e+01,2.159351e+01,2.173876e+01,2.173876e+01,2.175258e+01,2.173185e+01,2.174567e+01,2.166270e+01,2.166962e+01,2.167654e+01,2.165579e+01,2.175258e+01,2.157967e+01,2.175949e+01,2.184239e+01,2.173185e+01,2.183548e+01,2.177332e+01,2.173876e+01,2.181476e+01,2.171111e+01,2.176641e+01,2.182167e+01,2.180095e+01,2.177332e+01,2.176641e+01,2.183548e+01,2.176641e+01,2.193901e+01,2.184929e+01,2.185620e+01,2.194591e+01,2.193901e+01,2.209066e+01,2.184239e+01,2.185620e+01,2.193211e+01,2.193901e+01,2.202176e+01,2.202176e+01,2.195280e+01,2.205621e+01,2.192521e+01,2.191831e+01,2.195280e+01,2.198729e+01,2.180095e+01,2.187000e+01,2.194591e+01,2.189761e+01,2.203554e+01,2.187000e+01,2.186310e+01,2.195280e+01,2.198039e+01,2.179404e+01,2.197349e+01,2.188381e+01
2.195970e+01,2.201486e+01,2.197349e+01,2.202176e+01,2.192521e+01,2.193901e+01,2.202865e+01,2.201486e+01,2.207688e+01,2.205621e+01,2.203554e+01,2.204243e+01,2.205621e+01,2.203554e+01,2.218705e+01,2.221457e+01,2.221457e+01,2.222833e+01,2.221457e+01,2.222833e+01,2.207688e+01,2.229709e+01,2.229022e+01,2.231084e+01,2.231084e+01,2.222145e+01,2.226271e+01,2.223520e+01,2.222833e+01,2.220081e+01,2.217328e+01,2.208377e+01,2.211132e+01,2.209066e+01,2.221457e+01,2.221457e+01,2.215952e+01,2.209066e+01,2.207688e+01,2.210443e+01,2.212509e+01,2.207688e+01,2.217328e+01,2.222833e+01,2.219393e+01,2.224208e+01,2.221457e+01,2.220769e+01,2.226271e+01,2.216640e+01,2.224896e+01,2.233833e+01,2.233146e+01,2.231771e+01,2.232458e+01,2.234520e+01,2.235207e+01,2.227647e+01,2.231771e+01,2.233146e+01,2.234520e+01,2.230396e+01,2.223520e+01,2.242075e+01,2.226271e+01,2.233146e+01,2.233833e+01,2.232458e+01,2.237268e+01,2.237955e+01,2.237268e+01,2.237268e+01,2.239328e+01,2.233146e+01,2.229709e+01,2.229709e+01,2.227647e+01,2.232458e+01,2.232458e+01,2.228334e+01,2.219393e+01,2.221457e+01,2.221457e+01,2.231771e+01,2.222145e+01,2.229022e+01,2.223520e+01,2.222833e+01,2.222145e+01,2.228334e+01,2.228334e+01,2.226959e+01,2.226271e+01,2.206310e+01,2.222145e+01,2.220081e+01,2.221457e+01,2.226959e+01,2.224208e+01,2.222145e+01,2.218705e+01,2.212509e+01,2.234520e+01,2.218705e+01,2.222145e+01,2.222145e+01,2.218016e+01,2.221457e+01,2.213198e+01,2.213886e+01,2.222145e+01,2.225584e+01,2.203554e+01,2.204932e+01,2.209755e+01,2.205621e+01,2.223520e+01,2.221457e+01,2.214575e+01,2.202176e+01,2.219393e+01,2.213198e+01,2.218705e+01,2.206310e+01,2.223520e+01,2.224208e+01,2.219393e+01,2.223520e+01,2.221457e+01,2.220081e+01,2.227647e+01,2.218705e+01,2.228334e+01,2.224208e+01,2.206999e+01,2.231771e+01,2.220081e+01,2.226271e+01,2.215263e+01,2.218705e+01,2.218016e+01,2.218705e+01,2.223520e+01,2.223520e+01,2.227647e+01,2.221457e+01,2.220769e+01,2.223520e+01,2.209755e+01,2.215263e+01,2.233146e+01,2.222833e+01,2.235207e+01,2.232458e+01,2.229022e+01,2.223520e+01,2.223520e+01,2.233146e+01,2.220081e+01,2.227647e+01,2.225584e+01,2.227647e+01,2.218705e+01,2.234520e+01,2.220769e+01,2.208377e+01,2.230396e+01,2.213198e+01,2.218016e+01,2.226271e+01,2.226271e+01,2.229709e+01,2.211821e+01,2.212509e+01,2.215263e+01,2.215263e+01,2.203554e+01,2.211821e+01,2.203554e+01,2.204243e+01,2.197349e+01,2.196660e+01,2.202865e+01,2.206310e+01,2.198729e+01,2.242762e+01,2.241389e+01,2.266078e+01,2.276347e+01,2.303683e+01,2.328223e+01,2.373740e+01,2.410281e+01,2.441981e+01,2.491026e+01,2.530499e+01,2.577139e+01,2.577139e+01,2.613640e+01,2.613640e+01,2.633497e+01,2.650016e+01,2.665191e+01,2.681003e+01,2.691531e+01,2.707961e+01,2.722397e+01,2.741398e+01,2.762325e+01,2.789079e+01,2.793640e+01,2.813165e+01,2.819016e+01,2.838495e+01,2.870236e+01,2.883810e+01,2.896078e+01,2.910264e+01,2.911553e+01,2.911553e+01,2.915419e+01,2.904463e+01,2.886394e+01,2.866354e+01,2.839792e+01,2.824213e+01,2.783212e+01,2.723709e+01,2.654637e+01,2.545846e+01,2.429852e+01,2.328904e+01,2.231771e+01,2.165579e+01,2.151734e+01,2.109392e+01,2.106609e+01,2.094077e+01,2.094077e+01,2.096167e+01,2.092684e+01,2.097560e+01,2.083623e+01,2.098256e+01,2.090594e+01,2.091291e+01,2.094774e+01,2.089897e+01,2.088503e+01,2.087806e+01,2.101738e+01,2.095471e+01,2.086412e+01,2.089200e+01,2.105914e+01,2.096864e+01,2.087806e+01,2.089200e+01,2.090594e+01,2.089897e+01,2.073157e+01,2.071062e+01,2.078042e+01,2.081530e+01,2.087806e+01,2.076647e+01,2.084320e+01,2.086412e+01,2.088503e+01,2.071062e+01,2.075949e+01,2.086412e+01,2.078042e+01,2.072459e+01,2.074553e+01,2.067570e+01,2.080833e+01,2.067570e+01,2.064776e+01,2.064776e+01,2.057787e+01,2.064078e+01,2.071761e+01,2.071062e+01,2.073855e+01,2.064078e+01,2.068967e+01,2.068269e+01,2.051493e+01,2.084320e+01,2.085715e+01,2.086412e+01,2.083623e+01,2.082925e+01,2.082925e+01,2.085017e+01,2.085715e+01,2.085715e+01,2.086412e+01,2.096864e+01,2.080833e+01,2.087806e+01,2.088503e+01,2.083623e+01,2.089897e+01,2.087806e+01,2.085715e+01,2.090594e+01,2.087806e+01,2.079438e+01,2.089897e+01,2.084320e+01,2.085715e+01,2.080135e+01,2.089200e+01,2.081530e+01,2.087806e+01,2.087806e+01,2.088503e+01,2.092684e+01,2.094774e+01,2.093381e+01,2.089200e+01,2.094077e+01,2.094077e+01,2.089200e+01,2.093381e+01,2.096167e+01,2.096167e+01,2.098256e+01,2.100345e+01,2.112869e+01,2.114955e+01,2.114260e+01,2.105218e+01,2.117041e+01,2.113565e+01,2.103130e+01,2.115650e+01,2.108696e+01,2.109392e+01,2.108696e+01,2.111479e+01,2.117041e+01,2.101042e+01,2.121210e+01,2.105218e+01,2.108696e+01,2.126072e+01,2.120515e+01,2.130238e+01,2.134402e+01,2.138565e+01,2.136484e+01,2.130238e+01,2.137177e+01,2.132320e+01,2.133708e+01,2.134402e+01,2.142032e+01,2.133014e+01,2.135096e+01,2.138565e+01,2.135096e+01,2.137871e+01,2.141339e+01,2.142725e+01,2.142725e+01,2.157967e+01,2.154505e+01,2.145498e+01,2.154505e+01,2.152427e+01,2.151734e+01,2.153119e+01,2.155890e+01,2.156582e+01,2.146191e+01,2.151042e+01,2.151042e+01,2.146884e+01,2.146884e+01,2.155197e+01,2.147577e+01,2.148963e+01,2.154505e+01,2.135790e+01,2.147577e+01,2.147577e+01,2.146191e+01,2.146191e+01,2.143419e+01,2.143419e+01,2.122600e+01,2.141339e+01,2.132320e+01,2.133014e+01,2.127461e+01,2.108001e+01,2.114955e+01,2.120515e+01,2.119820e+01,2.119820e+01,2.121210e+01,2.119820e+01,2.127461e+01,2.117041e+01,2.111479e+01,2.112174e+01,2.114955e+01,2.111479e+01,2.112869e+01,2.117041e+01,2.106609e+01,2.114955e+01,2.123294e+01,2.109392e+01,2.120515e+01,2.114955e+01,2.114955e+01,2.121210e+01,2.116345e+01,2.120515e+01,2.105218e+01,2.098256e+01,2.110783e+01,2.120515e+01,2.121210e+01,2.121210e+01,2.116345e+01,2.123294e+01,2.112174e+01,2.102434e+01,2.100345e+01,2.108001e+01,2.100345e+01,2.113565e+01,2.099649e+01,2.091987e+01,2.114260e+01,2.108696e+01,2.127461e+01,2.120515e+01,2.124683e+01,2.123294e+01,2.123989e+01,2.123989e+01,2.137871e+01,2.126072e+01,2.131626e+01,2.133014e+01,2.137177e+01,2.135096e+01,2.122600e+01,2.135096e+01,2.133014e+01,2.132320e+01,2.133014e+01,2.130932e+01,2.118431e+01,2.125378e+01,2.126072e+01,2.126072e+01,2.126767e+01,2.126072e+01,2.124683e+01,2.124683e+01,2.129544e+01,2.126072e+01,2.124683e+01,2.126767e+01,2.129544e+01,2.142032e+01,2.121210e+01,2.122600e+01,2.126072e+01,2.123294e+01,2.125378e+01,2.123294e+01,2.127461e+01,2.129544e+01,2.126072e+01,2.143419e+01,2.151734e+01,2.139258e+01,2.146884e+01,2.186310e+01,2.195280e+01,2.249625e+01,2.269502e+01,2.299587e+01,2.296173e+01,2.323456e+01,2.363567e+01,2.368316e+01,2.356101e+01,2.375096e+01,2.382549e+01,2.375096e+01,2.374418e+01,2.378484e+01,2.363567e+01,2.356779e+01,2.352026e+01,2.330946e+01,2.320049e+01,2.290024e+01,2.260596e+01,2.258540e+01,2.250311e+01,2.250997e+01,2.229022e+01,2.201486e+01,2.200107e+01,2.186310e+01,2.187691e+01,2.198729e+01,2.202865e+01,2.204243e+01,2.187691e+01,2.195970e+01,2.176641e+01,2.171802e+01,2.180786e+01,2.171111e+01,2.179404e+01,2.171111e+01,2.175258e+01,2.179404e+01,2.168345e+01,2.164195e+01,2.164887e+01,2.164887e+01,2.169728e+01,2.167654e+01,2.160043e+01,2.151734e+01,2.149656e+01,2.166962e+01,2.166962e+01,2.152427e+01,2.151734e+01,2.164887e+01,2.149656e+01,2.163503e+01,2.149656e+01,2.142032e+01,2.146884e+01,2.149656e+01,2.147577e+01,2.146191e+01,2.143419e+01,2.140645e+01,2.146884e+01,2.122600e+01,2.148963e+01,2.147577e+01,2.143419e+01,2.140645e+01,2.136484e+01,2.144112e+01,2.137177e+01,2.130238e+01,2.146191e+01,2.144805e+01,2.147577e+01,2.146884e+01,2.135790e+01,2.146884e+01,2.148963e+01,2.150349e+01,2.147577e+01,2.142032e+01,2.147577e+01,2.158659e+01,2.150349e+01,2.151734e+01,2.149656e+01,2.149656e+01,2.157967e+01,2.151042e+01,2.164887e+01,2.160043e+01,2.159351e+01,2.169037e+01,2.170420e+01,2.156582e+01,2.167654e+01,2.171111e+01,2.175949e+01,2.176641e+01,2.175258e+01,2.174567e+01,2.180786e+01,2.173185e+01,2.164887e+01,2.177332e+01,2.164195e+01,2.175258e+01,2.180786e+01,2.162811e+01,2.176641e+01,2.171111e+01,2.180095e+01,2.178022e+01,2.179404e+01,2.178713e+01,2.174567e+01,2.188381e+01,2.182858e+01,2.194591e+01,2.184929e+01,2.178022e+01,2.183548e+01,2.190451e+01,2.189761e+01,2.187000e+01,2.185620e+01,2.193211e+01,2.193901e+01,2.194591e+01,2.196660e+01,2.184239e+01,2.191141e+01,2.202176e+01,2.187000e+01,2.187000e+01,2.187691e+01,2.187000e+01,2.180095e+01,2.181476e+01,2.184929e+01,2.203554e+01,2.192521e+01,2.184929e+01,2.186310e+01,2.185620e+01,2.164195e+01,2.195970e+01,2.183548e+01
2.207688e+01,2.202176e+01,2.205621e+01,2.213198e+01,2.204932e+01,2.206310e+01,2.215952e+01,2.206999e+01,2.196660e+01,2.203554e+01,2.206310e+01,2.206999e+01,2.226959e+01,2.237955e+01,2.217328e+01,2.214575e+01,2.218016e+01,2.219393e+01,2.224208e+01,2.223520e+01,2.231084e+01,2.226959e+01,2.235207e+01,2.227647e+01,2.236581e+01,2.227647e+01,2.216640e+01,2.227647e+01,2.222145e+01,2.222833e+01,2.218705e+01,2.219393e+01,2.217328e+01,2.204243e+01,2.221457e+01,2.223520e+01,2.204243e+01,2.207688e+01,2.207688e+01,2.202865e+01,2.205621e+01,2.209066e+01,2.225584e+01,2.209755e+01,2.215952e+01,2.215952e+01,2.218016e+01,2.233146e+01,2.222145e+01,2.224896e+01,2.237268e+01,2.229709e+01,2.231084e+01,2.231771e+01,2.231084e+01,2.228334e+01,2.233146e+01,2.239328e+01,2.238642e+01,2.234520e+01,2.234520e+01,2.237268e+01,2.227647e+01,2.232458e+01,2.236581e+01,2.237268e+01,2.230396e+01,2.238642e+01,2.233146e+01,2.228334e+01,2.230396e+01,2.232458e+01,2.240015e+01,2.226959e+01,2.235894e+01,2.224896e+01,2.227647e+01,2.217328e+01,2.227647e+01,2.227647e+01,2.226959e+01,2.226959e+01,2.223520e+01,2.229709e+01,2.225584e+01,2.222145e+01,2.224896e+01,2.226271e+01,2.224896e+01,2.229709e+01,2.206310e+01,2.207688e+01,2.224208e+01,2.221457e+01,2.222833e+01,2.219393e+01,2.225584e+01,2.224896e+01,2.215263e+01,2.210443e+01,2.213886e+01,2.234520e+01,2.213886e+01,2.226959e+01,2.228334e+01,2.220081e+01,2.216640e+01,2.226271e+01,2.221457e+01,2.222833e+01,2.232458e+01,2.211132e+01,2.219393e+01,2.226271e+01,2.207688e+01,2.221457e+01,2.227647e+01,2.212509e+01,2.228334e+01,2.218705e+01,2.218016e+01,2.213886e+01,2.217328e+01,2.217328e+01,2.220081e+01,2.230396e+01,2.221457e+01,2.224896e+01,2.219393e+01,2.224208e+01,2.224208e+01,2.229709e+01,2.226959e+01,2.230396e+01,2.227647e+01,2.224208e+01,2.221457e+01,2.218705e+01,2.218016e+01,2.221457e+01,2.225584e+01,2.221457e+01,2.219393e+01,2.230396e+01,2.226959e+01,2.222145e+01,2.226271e+01,2.231771e+01,2.227647e+01,2.231084e+01,2.220769e+01,2.237955e+01,2.235894e+01,2.234520e+01,2.220769e+01,2.231771e+01,2.231084e+01,2.222145e+01,2.231084e+01,2.223520e+01,2.228334e+01,2.222145e+01,2.226959e+01,2.218016e+01,2.209066e+01,2.230396e+01,2.221457e+01,2.218705e+01,2.230396e+01,2.218705e+01,2.220081e+01,2.221457e+01,2.214575e+01,2.213886e+01,2.217328e+01,2.209066e+01,2.218705e+01,2.212509e+01,2.211132e+01,2.215952e+01,2.215263e+01,2.190451e+01,2.197349e+01,2.201486e+01,2.205621e+01,2.215263e+01,2.237268e+01,2.246880e+01,2.284555e+01,2.307095e+01,2.332307e+01,2.349308e+01,2.397439e+01,2.440634e+01,2.470227e+01,2.517803e+01,2.555177e+01,2.576474e+01,2.591091e+01,2.630190e+01,2.632175e+01,2.640108e+01,2.663213e+01,2.671782e+01,2.688242e+01,2.688900e+01,2.705334e+01,2.723053e+01,2.743362e+01,2.763632e+01,2.791034e+01,2.796245e+01,2.835251e+01,2.844980e+01,2.863766e+01,2.884456e+01,2.900594e+01,2.905753e+01,2.910264e+01,2.921858e+01,2.916707e+01,2.917995e+01,2.907042e+01,2.893496e+01,2.869589e+01,2.843683e+01,2.805359e+01,2.771468e+01,2.708617e+01,2.625559e+01,2.533169e+01,2.392027e+01,2.307095e+01,2.232458e+01,2.149656e+01,2.138565e+01,2.112174e+01,2.092684e+01,2.113565e+01,2.092684e+01,2.100345e+01,2.099649e+01,2.098256e+01,2.088503e+01,2.078740e+01,2.093381e+01,2.093381e+01,2.084320e+01,2.098953e+01,2.096167e+01,2.091987e+01,2.095471e+01,2.080135e+01,2.091291e+01,2.095471e+01,2.089897e+01,2.091291e+01,2.090594e+01,2.091291e+01,2.091291e+01,2.082925e+01,2.089897e+01,2.075251e+01,2.078042e+01,2.081530e+01,2.080135e+01,2.082228e+01,2.084320e+01,2.089200e+01,2.087806e+01,2.084320e+01,2.085017e+01,2.080833e+01,2.077344e+01,2.088503e+01,2.078740e+01,2.071062e+01,2.081530e+01,2.066872e+01,2.064078e+01,2.063379e+01,2.074553e+01,2.076647e+01,2.074553e+01,2.071062e+01,2.080135e+01,2.067570e+01,2.071761e+01,2.075949e+01,2.070364e+01,2.083623e+01,2.077344e+01,2.080833e+01,2.086412e+01,2.087806e+01,2.083623e+01,2.082925e+01,2.087109e+01,2.092684e+01,2.085017e+01,2.081530e+01,2.090594e+01,2.088503e+01,2.086412e+01,2.087109e+01,2.095471e+01,2.087109e+01,2.087806e+01,2.088503e+01,2.089200e+01,2.087806e+01,2.091987e+01,2.086412e+01,2.090594e+01,2.095471e+01,2.088503e+01,2.095471e+01,2.089200e+01,2.088503e+01,2.089897e+01,2.087806e+01,2.089897e+01,2.094774e+01,2.090594e+01,2.098256e+01,2.094077e+01,2.088503e+01,2.096167e+01,2.096167e+01,2.098953e+01,2.101738e+01,2.101042e+01,2.100345e+01,2.117041e+01,2.108696e+01,2.115650e+01,2.116345e+01,2.112174e+01,2.112174e+01,2.120515e+01,2.112174e+01,2.116345e+01,2.112174e+01,2.114260e+01,2.114955e+01,2.119126e+01,2.123294e+01,2.106609e+01,2.127461e+01,2.128850e+01,2.127461e+01,2.136484e+01,2.135790e+01,2.137871e+01,2.134402e+01,2.137871e+01,2.137871e+01,2.137871e+01,2.134402e+01,2.142032e+01,2.133014e+01,2.137871e+01,2.148963e+01,2.139258e+01,2.142725e+01,2.142032e+01,2.160735e+01,2.157274e+01,2.145498e+01,2.153119e+01,2.153812e+01,2.151734e+01,2.151734e+01,2.147577e+01,2.154505e+01,2.146884e+01,2.146191e+01,2.152427e+01,2.151734e+01,2.151042e+01,2.157274e+01,2.157967e+01,2.153119e+01,2.156582e+01,2.151734e+01,2.153119e+01,2.151734e+01,2.160735e+01,2.146884e+01,2.153812e+01,2.130932e+01,2.146884e+01,2.155890e+01,2.144805e+01,2.140645e+01,2.130238e+01,2.125378e+01,2.113565e+01,2.126072e+01,2.102434e+01,2.122600e+01,2.122600e+01,2.110783e+01,2.114260e+01,2.122600e+01,2.122600e+01,2.122600e+01,2.121905e+01,2.111479e+01,2.117041e+01,2.112174e+01,2.113565e+01,2.114955e+01,2.104522e+01,2.117041e+01,2.120515e+01,2.126072e+01,2.117736e+01,2.120515e+01,2.114260e+01,2.117041e+01,2.111479e+01,2.118431e+01,2.108696e+01,2.119126e+01,2.120515e+01,2.120515e+01,2.117736e+01,2.117041e+01,2.124683e+01,2.120515e+01,2.110088e+01,2.115650e+01,2.106609e+01,2.098256e+01,2.105218e+01,2.099649e+01,2.100345e+01,2.112174e+01,2.114260e+01,2.115650e+01,2.121210e+01,2.114955e+01,2.122600e+01,2.121210e+01,2.123294e+01,2.123989e+01,2.131626e+01,2.137177e+01,2.126072e+01,2.129544e+01,2.129544e+01,2.134402e+01,2.133014e+01,2.133708e+01,2.133014e+01,2.142725e+01,2.130238e+01,2.130238e+01,2.127461e+01,2.129544e+01,2.115650e+01,2.126072e+01,2.128156e+01,2.120515e+01,2.124683e+01,2.123989e+01,2.126072e+01,2.121905e+01,2.130238e+01,2.126767e+01,2.123294e+01,2.135096e+01,2.124683e+01,2.120515e+01,2.141339e+01,2.117041e+01,2.123294e+01,2.105914e+01,2.122600e+01,2.122600e+01,2.133014e+01,2.139952e+01,2.141339e+01,2.146884e+01,2.181476e+01,2.180786e+01,2.233146e+01,2.255798e+01,2.277032e+01,2.298221e+01,2.326180e+01,2.325499e+01,2.366281e+01,2.378484e+01,2.371028e+01,2.383903e+01,2.383903e+01,2.375774e+01,2.376451e+01,2.373062e+01,2.368316e+01,2.354063e+01,2.347949e+01,2.335029e+01,2.297539e+01,2.270871e+01,2.261967e+01,2.253741e+01,2.248252e+01,2.249625e+01,2.240015e+01,2.223520e+01,2.206310e+01,2.187000e+01,2.197349e+01,2.205621e+01,2.196660e+01,2.200107e+01,2.195970e+01,2.187000e+01,2.197349e+01,2.177332e+01,2.171111e+01,2.176641e+01,2.179404e+01,2.169037e+01,2.175949e+01,2.176641e+01,2.164887e+01,2.172494e+01,2.162119e+01,2.171111e+01,2.175258e+01,2.157274e+01,2.163503e+01,2.159351e+01,2.162811e+01,2.159351e+01,2.160043e+01,2.154505e+01,2.153812e+01,2.148270e+01,2.153119e+01,2.146191e+01,2.144805e+01,2.148270e+01,2.148270e+01,2.147577e+01,2.150349e+01,2.139952e+01,2.142725e+01,2.144805e+01,2.144805e+01,2.134402e+01,2.151042e+01,2.136484e+01,2.133708e+01,2.139258e+01,2.139258e+01,2.136484e+01,2.148963e+01,2.151042e+01,2.145498e+01,2.139258e+01,2.159351e+01,2.148963e+01,2.150349e+01,2.144112e+01,2.164195e+01,2.157967e+01,2.144805e+01,2.152427e+01,2.158659e+01,2.154505e+01,2.147577e+01,2.151042e+01,2.166270e+01,2.160735e+01,2.148963e+01,2.155890e+01,2.148963e+01,2.157967e+01,2.162119e+01,2.170420e+01,2.168345e+01,2.169037e+01,2.172494e+01,2.170420e+01,2.178022e+01,2.168345e+01,2.170420e+01,2.173185e+01,2.174567e+01,2.175258e+01,2.175949e+01,2.181476e+01,2.177332e+01,2.180095e+01,2.171111e+01,2.178713e+01,2.173185e+01,2.175949e+01,2.172494e+01,2.182167e+01,2.180095e+01,2.184929e+01,2.172494e+01,2.189071e+01,2.192521e+01,2.182167e+01,2.186310e+01,2.191831e+01,2.194591e+01,2.184929e+01,2.183548e+01,2.187000e+01,2.192521e+01,2.191831e+01,2.191141e+01,2.184929e+01,2.201486e+01,2.179404e+01,2.200107e+01,2.178713e+01,2.187691e+01,2.187000e+01,2.191831e+01,2.198039e+01,2.183548e+01,2.187691e+01,2.193211e+01,2.195280e+01,2.192521e+01,2.189071e+01,2.193211e+01,2.176641e+01,2.186310e+01,2.175258e+01,2.190451e+01
2.188381e+01,2.198729e+01,2.206310e+01,2.206310e+01,2.199418e+01,2.199418e+01,2.203554e+01,2.191141e+01,2.209066e+01,2.210443e+01,2.203554e+01,2.206999e+01,2.202176e+01,2.209755e+01,2.213198e+01,2.215263e+01,2.218705e+01,2.220081e+01,2.203554e+01,2.225584e+01,2.223520e+01,2.220081e+01,2.232458e+01,2.237268e+01,2.220081e+01,2.237955e+01,2.227647e+01,2.233146e+01,2.224896e+01,2.220081e+01,2.217328e+01,2.209066e+01,2.218016e+01,2.209066e+01,2.208377e+01,2.206310e+01,2.202865e+01,2.212509e+01,2.204243e+01,2.206310e+01,2.209066e+01,2.207688e+01,2.208377e+01,2.203554e+01,2.222833e+01,2.225584e+01,2.206999e+01,2.233146e+01,2.207688e+01,2.215952e+01,2.211821e+01,2.230396e+01,2.218016e+01,2.233146e+01,2.233833e+01,2.235207e+01,2.237955e+01,2.238642e+01,2.233146e+01,2.220081e+01,2.217328e+01,2.228334e+01,2.229022e+01,2.226959e+01,2.227647e+01,2.229022e+01,2.226271e+01,2.235207e+01,2.225584e+01,2.238642e+01,2.229709e+01,2.216640e+01,2.237955e+01,2.233146e+01,2.225584e+01,2.228334e+01,2.226959e+01,2.210443e+01,2.234520e+01,2.229022e+01,2.225584e+01,2.234520e+01,2.221457e+01,2.226271e+01,2.229022e+01,2.224208e+01,2.224896e+01,2.229022e+01,2.225584e+01,2.223520e+01,2.217328e+01,2.211132e+01,2.223520e+01,2.222145e+01,2.221457e+01,2.221457e+01,2.218705e+01,2.213198e+01,2.216640e+01,2.227647e+01,2.214575e+01,2.224208e+01,2.221457e+01,2.222833e+01,2.218705e+01,2.210443e+01,2.220769e+01,2.219393e+01,2.217328e+01,2.211132e+01,2.226271e+01,2.221457e+01,2.207688e+01,2.215952e+01,2.208377e+01,2.219393e+01,2.204932e+01,2.213198e+01,2.211132e+01,2.219393e+01,2.213886e+01,2.217328e+01,2.212509e+01,2.209066e+01,2.219393e+01,2.220769e+01,2.223520e+01,2.202865e+01,2.226959e+01,2.222145e+01,2.226959e+01,2.218705e+01,2.222145e+01,2.231084e+01,2.214575e+01,2.224208e+01,2.220769e+01,2.219393e+01,2.218705e+01,2.215952e+01,2.216640e+01,2.220769e+01,2.225584e+01,2.219393e+01,2.219393e+01,2.211132e+01,2.218016e+01,2.226271e+01,2.215263e+01,2.229709e+01,2.232458e+01,2.218016e+01,2.219393e+01,2.224896e+01,2.231084e+01,2.233146e+01,2.230396e+01,2.224208e+01,2.228334e+01,2.232458e+01,2.215263e+01,2.229709e+01,2.217328e+01,2.224896e+01,2.221457e+01,2.220081e+01,2.225584e+01,2.226959e+01,2.219393e+01,2.228334e+01,2.221457e+01,2.224208e+01,2.217328e+01,2.218705e+01,2.209755e+01,2.202176e+01,2.200797e+01,2.214575e+01,2.203554e+01,2.203554e+01,2.205621e+01,2.205621e+01,2.196660e+01,2.187691e+01,2.206999e+01,2.209066e+01,2.243448e+01,2.245507e+01,2.270187e+01,2.305730e+01,2.328904e+01,2.358816e+01,2.377129e+01,2.410956e+01,2.469555e+01,2.500406e+01,2.532502e+01,2.566496e+01,2.591755e+01,2.606350e+01,2.609664e+01,2.614303e+01,2.645394e+01,2.667169e+01,2.663213e+01,2.694162e+01,2.701392e+01,2.737470e+01,2.748596e+01,2.765591e+01,2.771468e+01,2.795594e+01,2.837197e+01,2.844980e+01,2.866354e+01,2.871529e+01,2.897368e+01,2.902529e+01,2.907042e+01,2.923145e+01,2.932796e+01,2.925076e+01,2.907042e+01,2.908976e+01,2.890914e+01,2.874763e+01,2.841738e+01,2.789730e+01,2.747288e+01,2.681003e+01,2.590427e+01,2.484321e+01,2.381194e+01,2.268132e+01,2.195970e+01,2.138565e+01,2.119126e+01,2.125378e+01,2.098953e+01,2.099649e+01,2.102434e+01,2.104522e+01,2.100345e+01,2.103826e+01,2.091987e+01,2.093381e+01,2.091987e+01,2.090594e+01,2.096864e+01,2.095471e+01,2.092684e+01,2.094077e+01,2.097560e+01,2.094774e+01,2.089897e+01,2.096167e+01,2.096167e+01,2.095471e+01,2.089897e+01,2.091987e+01,2.086412e+01,2.080135e+01,2.081530e+01,2.081530e+01,2.078740e+01,2.081530e+01,2.087806e+01,2.087806e+01,2.081530e+01,2.076647e+01,2.079438e+01,2.077344e+01,2.075949e+01,2.088503e+01,2.077344e+01,2.078740e+01,2.075949e+01,2.066174e+01,2.069666e+01,2.068967e+01,2.066872e+01,2.057787e+01,2.072459e+01,2.075949e+01,2.071062e+01,2.065475e+01,2.066872e+01,2.068269e+01,2.071761e+01,2.073157e+01,2.082228e+01,2.082925e+01,2.085017e+01,2.083623e+01,2.085715e+01,2.078042e+01,2.069666e+01,2.082925e+01,2.078740e+01,2.081530e+01,2.087806e+01,2.093381e+01,2.086412e+01,2.084320e+01,2.084320e+01,2.087109e+01,2.082228e+01,2.087109e+01,2.096167e+01,2.087806e+01,2.075251e+01,2.089200e+01,2.091291e+01,2.088503e+01,2.082925e+01,2.082925e+01,2.091291e+01,2.090594e+01,2.089200e+01,2.089897e+01,2.085017e+01,2.098256e+01,2.093381e+01,2.097560e+01,2.096864e+01,2.099649e+01,2.096864e+01,2.086412e+01,2.096167e+01,2.100345e+01,2.110783e+01,2.102434e+01,2.102434e+01,2.101738e+01,2.103826e+01,2.105218e+01,2.109392e+01,2.101042e+01,2.115650e+01,2.111479e+01,2.112869e+01,2.104522e+01,2.103130e+01,2.104522e+01,2.113565e+01,2.108696e+01,2.108001e+01,2.118431e+01,2.117041e+01,2.121905e+01,2.121905e+01,2.122600e+01,2.123989e+01,2.123989e+01,2.133708e+01,2.142032e+01,2.121905e+01,2.137871e+01,2.140645e+01,2.150349e+01,2.127461e+01,2.129544e+01,2.130932e+01,2.136484e+01,2.142032e+01,2.146884e+01,2.144805e+01,2.155197e+01,2.151042e+01,2.148963e+01,2.155197e+01,2.146191e+01,2.166270e+01,2.152427e+01,2.168345e+01,2.163503e+01,2.153119e+01,2.149656e+01,2.151042e+01,2.147577e+01,2.151042e+01,2.157274e+01,2.159351e+01,2.157967e+01,2.153119e+01,2.148270e+01,2.153119e+01,2.145498e+01,2.147577e+01,2.132320e+01,2.144805e+01,2.145498e+01,2.144112e+01,2.131626e+01,2.126767e+01,2.127461e+01,2.129544e+01,2.125378e+01,2.119126e+01,2.110783e+01,2.118431e+01,2.103130e+01,2.105914e+01,2.111479e+01,2.110783e+01,2.110088e+01,2.114260e+01,2.110088e+01,2.112869e+01,2.116345e+01,2.117041e+01,2.111479e+01,2.106609e+01,2.114260e+01,2.105914e+01,2.105914e+01,2.106609e+01,2.101042e+01,2.108696e+01,2.113565e+01,2.113565e+01,2.128156e+01,2.121210e+01,2.111479e+01,2.122600e+01,2.104522e+01,2.122600e+01,2.108001e+01,2.114955e+01,2.105914e+01,2.098953e+01,2.094774e+01,2.098256e+01,2.101042e+01,2.103826e+01,2.103826e+01,2.110088e+01,2.106609e+01,2.103826e+01,2.111479e+01,2.102434e+01,2.119820e+01,2.121905e+01,2.123989e+01,2.119820e+01,2.125378e+01,2.123294e+01,2.120515e+01,2.127461e+01,2.129544e+01,2.126072e+01,2.128850e+01,2.121905e+01,2.124683e+01,2.116345e+01,2.121905e+01,2.121210e+01,2.136484e+01,2.130238e+01,2.121210e+01,2.121905e+01,2.114955e+01,2.126072e+01,2.126767e+01,2.124683e+01,2.120515e+01,2.121210e+01,2.123989e+01,2.122600e+01,2.114260e+01,2.126767e+01,2.135790e+01,2.117736e+01,2.125378e+01,2.113565e+01,2.110088e+01,2.121210e+01,2.103130e+01,2.106609e+01,2.122600e+01,2.135096e+01,2.124683e+01,2.139258e+01,2.138565e+01,2.139952e+01,2.180786e+01,2.210443e+01,2.228334e+01,2.244821e+01,2.289341e+01,2.305730e+01,2.328904e+01,2.354063e+01,2.354742e+01,2.361531e+01,2.369672e+01,2.377807e+01,2.380517e+01,2.382549e+01,2.374418e+01,2.374418e+01,2.352705e+01,2.351346e+01,2.349308e+01,2.330265e+01,2.294123e+01,2.292757e+01,2.255112e+01,2.259225e+01,2.257169e+01,2.239328e+01,2.226271e+01,2.216640e+01,2.195280e+01,2.188381e+01,2.187000e+01,2.203554e+01,2.200797e+01,2.200107e+01,2.185620e+01,2.184929e+01,2.180095e+01,2.179404e+01,2.173185e+01,2.175949e+01,2.173876e+01,2.169728e+01,2.166962e+01,2.165579e+01,2.176641e+01,2.166270e+01,2.165579e+01,2.166270e+01,2.178022e+01,2.165579e+01,2.171111e+01,2.153119e+01,2.158659e+01,2.165579e+01,2.157274e+01,2.156582e+01,2.155890e+01,2.146191e+01,2.155197e+01,2.142725e+01,2.144112e+01,2.142032e+01,2.140645e+01,2.133708e+01,2.139258e+01,2.133708e+01,2.152427e+01,2.144805e+01,2.146884e+01,2.140645e+01,2.130932e+01,2.141339e+01,2.135790e+01,2.137871e+01,2.137871e+01,2.139258e+01,2.139258e+01,2.135790e+01,2.148963e+01,2.146191e+01,2.136484e+01,2.145498e+01,2.144112e+01,2.144805e+01,2.146191e+01,2.147577e+01,2.151734e+01,2.151042e+01,2.162811e+01,2.150349e+01,2.153119e+01,2.151734e+01,2.150349e+01,2.163503e+01,2.148270e+01,2.151734e+01,2.156582e+01,2.161427e+01,2.162119e+01,2.166962e+01,2.171111e+01,2.173185e+01,2.162811e+01,2.162811e+01,2.179404e+01,2.165579e+01,2.166270e+01,2.169037e+01,2.169037e+01,2.171111e+01,2.171111e+01,2.178022e+01,2.178022e+01,2.176641e+01,2.175258e+01,2.173185e+01,2.173185e+01,2.175949e+01,2.169728e+01,2.170420e+01,2.191141e+01,2.171111e+01,2.191141e+01,2.182167e+01,2.171802e+01,2.169728e+01,2.175949e+01,2.174567e+01,2.180095e+01,2.189071e+01,2.195280e+01,2.182167e+01,2.184929e+01,2.180095e+01,2.183548e+01,2.197349e+01,2.189761e+01,2.187000e+01,2.199418e+01,2.187691e+01,2.185620e+01,2.188381e+01,2.182858e+01,2.182167e+01,2.189071e+01,2.180786e+01,2.189761e+01,2.187000e+01,2.184239e+01,2.198729e+01,2.172494e+01,2.182858e+01,2.182858e+01,2.181476e+01,2.175949e+01
2.204243e+01,2.193211e+01,2.202865e+01,2.193901e+01,2.215263e+01,2.206999e+01,2.206999e+01,2.206999e+01,2.208377e+01,2.209066e+01,2.209755e+01,2.204932e+01,2.225584e+01,2.220769e+01,2.218705e+01,2.211132e+01,2.215952e+01,2.234520e+01,2.222833e+01,2.225584e+01,2.206310e+01,2.226271e+01,2.238642e+01,2.233833e+01,2.233833e+01,2.227647e+01,2.229709e+01,2.225584e+01,2.214575e+01,2.222833e+01,2.218016e+01,2.213198e+01,2.203554e+01,2.207688e+01,2.210443e+01,2.214575e+01,2.207688e+01,2.207688e+01,2.206999e+01,2.213886e+01,2.216640e+01,2.211821e+01,2.206999e+01,2.223520e+01,2.216640e+01,2.215263e+01,2.210443e+01,2.206310e+01,2.215263e+01,2.242075e+01,2.239328e+01,2.220081e+01,2.219393e+01,2.232458e+01,2.241389e+01,2.235207e+01,2.236581e+01,2.235207e+01,2.235207e+01,2.231771e+01,2.234520e+01,2.233146e+01,2.231084e+01,2.235894e+01,2.225584e+01,2.228334e+01,2.244821e+01,2.228334e+01,2.226959e+01,2.237268e+01,2.233146e+01,2.238642e+01,2.220769e+01,2.220081e+01,2.224896e+01,2.224208e+01,2.231084e+01,2.229022e+01,2.227647e+01,2.226959e+01,2.228334e+01,2.224896e+01,2.221457e+01,2.222145e+01,2.223520e+01,2.223520e+01,2.222145e+01,2.221457e+01,2.224208e+01,2.226271e+01,2.222145e+01,2.221457e+01,2.222833e+01,2.199418e+01,2.219393e+01,2.221457e+01,2.223520e+01,2.224896e+01,2.219393e+01,2.233833e+01,2.215952e+01,2.218016e+01,2.230396e+01,2.224208e+01,2.224208e+01,2.222145e+01,2.215952e+01,2.205621e+01,2.220769e+01,2.208377e+01,2.208377e+01,2.224208e+01,2.226271e+01,2.210443e+01,2.224896e+01,2.217328e+01,2.208377e+01,2.213198e+01,2.222833e+01,2.218016e+01,2.213198e+01,2.215952e+01,2.215952e+01,2.216640e+01,2.196660e+01,2.217328e+01,2.220769e+01,2.225584e+01,2.220769e+01,2.226959e+01,2.222145e+01,2.227647e+01,2.222145e+01,2.227647e+01,2.218705e+01,2.224208e+01,2.215263e+01,2.217328e+01,2.219393e+01,2.214575e+01,2.222145e+01,2.225584e+01,2.220769e+01,2.217328e+01,2.218016e+01,2.222833e+01,2.221457e+01,2.215952e+01,2.212509e+01,2.214575e+01,2.227647e+01,2.232458e+01,2.227647e+01,2.231771e+01,2.229022e+01,2.227647e+01,2.229022e+01,2.240015e+01,2.227647e+01,2.235207e+01,2.221457e+01,2.226959e+01,2.222833e+01,2.225584e+01,2.222145e+01,2.231084e+01,2.226271e+01,2.225584e+01,2.229709e+01,2.222145e+01,2.215263e+01,2.222833e+01,2.222833e+01,2.211132e+01,2.206999e+01,2.211821e+01,2.209066e+01,2.204243e+01,2.213886e+01,2.210443e+01,2.197349e+01,2.209066e+01,2.188381e+01,2.199418e+01,2.213886e+01,2.211132e+01,2.240015e+01,2.246194e+01,2.279084e+01,2.290024e+01,2.330265e+01,2.330265e+01,2.374418e+01,2.401496e+01,2.448713e+01,2.497057e+01,2.531166e+01,2.574479e+01,2.595073e+01,2.594410e+01,2.628206e+01,2.634820e+01,2.648696e+01,2.664532e+01,2.689558e+01,2.689558e+01,2.704677e+01,2.723053e+01,2.736160e+01,2.755136e+01,2.765591e+01,2.796896e+01,2.812514e+01,2.845629e+01,2.846277e+01,2.869589e+01,2.898013e+01,2.914130e+01,2.920571e+01,2.929580e+01,2.928294e+01,2.938583e+01,2.937297e+01,2.937940e+01,2.909620e+01,2.888331e+01,2.869589e+01,2.824863e+01,2.793640e+01,2.730264e+01,2.678369e+01,2.569823e+01,2.456113e+01,2.341151e+01,2.268817e+01,2.163503e+01,2.135790e+01,2.132320e+01,2.108001e+01,2.103130e+01,2.110088e+01,2.099649e+01,2.101738e+01,2.096167e+01,2.092684e+01,2.092684e+01,2.095471e+01,2.089200e+01,2.091291e+01,2.089200e+01,2.094774e+01,2.082228e+01,2.089897e+01,2.097560e+01,2.094774e+01,2.088503e+01,2.083623e+01,2.090594e+01,2.082925e+01,2.090594e+01,2.090594e+01,2.085715e+01,2.085017e+01,2.074553e+01,2.088503e+01,2.076647e+01,2.087109e+01,2.088503e+01,2.089200e+01,2.085715e+01,2.082228e+01,2.079438e+01,2.077344e+01,2.087109e+01,2.076647e+01,2.070364e+01,2.080833e+01,2.076647e+01,2.071062e+01,2.059884e+01,2.051493e+01,2.073855e+01,2.067570e+01,2.061981e+01,2.072459e+01,2.066872e+01,2.071062e+01,2.068269e+01,2.068269e+01,2.056389e+01,2.080135e+01,2.073157e+01,2.078740e+01,2.083623e+01,2.073855e+01,2.080833e+01,2.088503e+01,2.090594e+01,2.080135e+01,2.090594e+01,2.093381e+01,2.081530e+01,2.083623e+01,2.087806e+01,2.101042e+01,2.084320e+01,2.084320e+01,2.089200e+01,2.089897e+01,2.088503e+01,2.089200e+01,2.075949e+01,2.092684e+01,2.094077e+01,2.091291e+01,2.091987e+01,2.094077e+01,2.093381e+01,2.085017e+01,2.092684e+01,2.087109e+01,2.095471e+01,2.096864e+01,2.098256e+01,2.096167e+01,2.095471e+01,2.094077e+01,2.097560e+01,2.105218e+01,2.101042e+01,2.110088e+01,2.106609e+01,2.105218e+01,2.106609e+01,2.103130e+01,2.113565e+01,2.105218e+01,2.112869e+01,2.117736e+01,2.105218e+01,2.110088e+01,2.110088e+01,2.105914e+01,2.101738e+01,2.115650e+01,2.110088e+01,2.119126e+01,2.112174e+01,2.128156e+01,2.123294e+01,2.125378e+01,2.122600e+01,2.125378e+01,2.124683e+01,2.132320e+01,2.141339e+01,2.126767e+01,2.141339e+01,2.142032e+01,2.131626e+01,2.141339e+01,2.125378e+01,2.135790e+01,2.139258e+01,2.144112e+01,2.148963e+01,2.153119e+01,2.151734e+01,2.146884e+01,2.155197e+01,2.152427e+01,2.150349e+01,2.146884e+01,2.148270e+01,2.152427e+01,2.168345e+01,2.153812e+01,2.151734e+01,2.153119e+01,2.147577e+01,2.154505e+01,2.151734e+01,2.157274e+01,2.155890e+01,2.146884e+01,2.147577e+01,2.146884e+01,2.139258e+01,2.143419e+01,2.139952e+01,2.144805e+01,2.142032e+01,2.136484e+01,2.141339e+01,2.135096e+01,2.120515e+01,2.133708e+01,2.114260e+01,2.127461e+01,2.120515e+01,2.124683e+01,2.115650e+01,2.108001e+01,2.119820e+01,2.116345e+01,2.126767e+01,2.111479e+01,2.123989e+01,2.113565e+01,2.112869e+01,2.119126e+01,2.116345e+01,2.113565e+01,2.107305e+01,2.105218e+01,2.108001e+01,2.111479e+01,2.108001e+01,2.116345e+01,2.119126e+01,2.117736e+01,2.125378e+01,2.119820e+01,2.121210e+01,2.122600e+01,2.117041e+01,2.121210e+01,2.123294e+01,2.125378e+01,2.096167e+01,2.113565e+01,2.101738e+01,2.111479e+01,2.101738e+01,2.101042e+01,2.101738e+01,2.108696e+01,2.110088e+01,2.105914e+01,2.113565e+01,2.110088e+01,2.121210e+01,2.119820e+01,2.126072e+01,2.128156e+01,2.131626e+01,2.128850e+01,2.122600e+01,2.118431e+01,2.119820e+01,2.126767e+01,2.128850e+01,2.123294e+01,2.119820e+01,2.125378e+01,2.119126e+01,2.123294e+01,2.121905e+01,2.122600e+01,2.118431e+01,2.119126e+01,2.118431e+01,2.128156e+01,2.114955e+01,2.121210e+01,2.114260e+01,2.121210e+01,2.123989e+01,2.117736e+01,2.124683e+01,2.117041e+01,2.119820e+01,2.117041e+01,2.116345e+01,2.088503e+01,2.115650e+01,2.116345e+01,2.118431e+01,2.118431e+01,2.120515e+01,2.121905e+01,2.121905e+01,2.139952e+01,2.139258e+01,2.172494e+01,2.196660e+01,2.222833e+01,2.246880e+01,2.261967e+01,2.285239e+01,2.318005e+01,2.335029e+01,2.353384e+01,2.364246e+01,2.377129e+01,2.374418e+01,2.378484e+01,2.375774e+01,2.373740e+01,2.371028e+01,2.371706e+01,2.368316e+01,2.362889e+01,2.344551e+01,2.328223e+01,2.292074e+01,2.268817e+01,2.257169e+01,2.250997e+01,2.247566e+01,2.222145e+01,2.222145e+01,2.211132e+01,2.194591e+01,2.181476e+01,2.186310e+01,2.191141e+01,2.204243e+01,2.203554e+01,2.185620e+01,2.179404e+01,2.184239e+01,2.167654e+01,2.166270e+01,2.180095e+01,2.171111e+01,2.177332e+01,2.165579e+01,2.159351e+01,2.164887e+01,2.174567e+01,2.166270e+01,2.165579e+01,2.159351e+01,2.165579e+01,2.175949e+01,2.162811e+01,2.163503e+01,2.164195e+01,2.168345e+01,2.165579e+01,2.160043e+01,2.158659e+01,2.151042e+01,2.158659e+01,2.142032e+01,2.141339e+01,2.147577e+01,2.144805e+01,2.145498e+01,2.130238e+01,2.142725e+01,2.157274e+01,2.129544e+01,2.133014e+01,2.133014e+01,2.130932e+01,2.142032e+01,2.131626e+01,2.132320e+01,2.164195e+01,2.136484e+01,2.130932e+01,2.139952e+01,2.142725e+01,2.146884e+01,2.144112e+01,2.146884e+01,2.151042e+01,2.146884e+01,2.164195e+01,2.160043e+01,2.157274e+01,2.139952e+01,2.163503e+01,2.148270e+01,2.147577e+01,2.152427e+01,2.147577e+01,2.153119e+01,2.156582e+01,2.170420e+01,2.171111e+01,2.166270e+01,2.157967e+01,2.164195e+01,2.155890e+01,2.156582e+01,2.180095e+01,2.171802e+01,2.165579e+01,2.172494e+01,2.175258e+01,2.167654e+01,2.172494e+01,2.179404e+01,2.173876e+01,2.164195e+01,2.171111e+01,2.175949e+01,2.175949e+01,2.173876e+01,2.176641e+01,2.172494e+01,2.175258e+01,2.189071e+01,2.182167e+01,2.178022e+01,2.186310e+01,2.182858e+01,2.177332e+01,2.166962e+01,2.173185e+01,2.187691e+01,2.173876e+01,2.187000e+01,2.191141e+01,2.169037e+01,2.188381e+01,2.165579e+01,2.190451e+01,2.194591e+01,2.195970e+01,2.172494e+01,2.186310e+01,2.183548e+01,2.188381e+01,2.190451e+01,2.187691e+01,2.182167e+01,2.189761e+01,2.184929e+01,2.182858e+01,2.202176e+01,2.189071e+01,2.187691e+01,2.184239e+01,2.190451e+01,2.193901e+01,2.174567e+01
2.198729e+01,2.195970e+01,2.202176e+01,2.188381e+01,2.191831e+01,2.191831e+01,2.201486e+01,2.212509e+01,2.209066e+01,2.208377e+01,2.229022e+01,2.204932e+01,2.204932e+01,2.214575e+01,2.222833e+01,2.221457e+01,2.219393e+01,2.225584e+01,2.229022e+01,2.221457e+01,2.236581e+01,2.222833e+01,2.231771e+01,2.218705e+01,2.228334e+01,2.226959e+01,2.216640e+01,2.222145e+01,2.230396e+01,2.210443e+01,2.207688e+01,2.221457e+01,2.211132e+01,2.215952e+01,2.209066e+01,2.210443e+01,2.205621e+01,2.198039e+01,2.214575e+01,2.210443e+01,2.205621e+01,2.206999e+01,2.202865e+01,2.212509e+01,2.210443e+01,2.213886e+01,2.212509e+01,2.213886e+01,2.230396e+01,2.224208e+01,2.236581e+01,2.224208e+01,2.229709e+01,2.218016e+01,2.225584e+01,2.226271e+01,2.233833e+01,2.236581e+01,2.237955e+01,2.237955e+01,2.235894e+01,2.235207e+01,2.220769e+01,2.231084e+01,2.227647e+01,2.226959e+01,2.226271e+01,2.225584e+01,2.229022e+01,2.257854e+01,2.239328e+01,2.228334e+01,2.226959e+01,2.219393e+01,2.224208e+01,2.232458e+01,2.219393e+01,2.229022e+01,2.227647e+01,2.217328e+01,2.229709e+01,2.226271e+01,2.233833e+01,2.220081e+01,2.217328e+01,2.222145e+01,2.223520e+01,2.224208e+01,2.226271e+01,2.222833e+01,2.224208e+01,2.224896e+01,2.222833e+01,2.221457e+01,2.224208e+01,2.215952e+01,2.224208e+01,2.226959e+01,2.223520e+01,2.220081e+01,2.222145e+01,2.216640e+01,2.217328e+01,2.219393e+01,2.225584e+01,2.218705e+01,2.224208e+01,2.209066e+01,2.204932e+01,2.206310e+01,2.220081e+01,2.207688e+01,2.223520e+01,2.228334e+01,2.219393e+01,2.218705e+01,2.220081e+01,2.218705e+01,2.226271e+01,2.217328e+01,2.226959e+01,2.214575e+01,2.218016e+01,2.226271e+01,2.211132e+01,2.214575e+01,2.228334e+01,2.224896e+01,2.226959e+01,2.227647e+01,2.223520e+01,2.229709e+01,2.228334e+01,2.223520e+01,2.230396e+01,2.218705e+01,2.225584e+01,2.241389e+01,2.214575e+01,2.217328e+01,2.225584e+01,2.222145e+01,2.219393e+01,2.223520e+01,2.224896e+01,2.215263e+01,2.221457e+01,2.214575e+01,2.224896e+01,2.213198e+01,2.221457e+01,2.222833e+01,2.228334e+01,2.229022e+01,2.231771e+01,2.229709e+01,2.218705e+01,2.227647e+01,2.236581e+01,2.222833e+01,2.218705e+01,2.211821e+01,2.222833e+01,2.234520e+01,2.223520e+01,2.221457e+01,2.223520e+01,2.216640e+01,2.226271e+01,2.224896e+01,2.213198e+01,2.220769e+01,2.222145e+01,2.214575e+01,2.222833e+01,2.222145e+01,2.212509e+01,2.202176e+01,2.198729e+01,2.207688e+01,2.195970e+01,2.193901e+01,2.186310e+01,2.198729e+01,2.229022e+01,2.197349e+01,2.226959e+01,2.232458e+01,2.269502e+01,2.286607e+01,2.303683e+01,2.329585e+01,2.373062e+01,2.387966e+01,2.423107e+01,2.471570e+01,2.520477e+01,2.545179e+01,2.574479e+01,2.586442e+01,2.602371e+01,2.624897e+01,2.638125e+01,2.640769e+01,2.641430e+01,2.670465e+01,2.689558e+01,2.700735e+01,2.734195e+01,2.736815e+01,2.753828e+01,2.777341e+01,2.810563e+01,2.811864e+01,2.835251e+01,2.869589e+01,2.897368e+01,2.904463e+01,2.908976e+01,2.935369e+01,2.921858e+01,2.937940e+01,2.947578e+01,2.931510e+01,2.916063e+01,2.917995e+01,2.887040e+01,2.865707e+01,2.825513e+01,2.772774e+01,2.715837e+01,2.640108e+01,2.540510e+01,2.433896e+01,2.341151e+01,2.233146e+01,2.177332e+01,2.132320e+01,2.113565e+01,2.108696e+01,2.101042e+01,2.105218e+01,2.105218e+01,2.098256e+01,2.089897e+01,2.098256e+01,2.092684e+01,2.094774e+01,2.090594e+01,2.090594e+01,2.092684e+01,2.091987e+01,2.084320e+01,2.085017e+01,2.086412e+01,2.100345e+01,2.097560e+01,2.087109e+01,2.101738e+01,2.085715e+01,2.083623e+01,2.085017e+01,2.086412e+01,2.085715e+01,2.080135e+01,2.089897e+01,2.087806e+01,2.094774e+01,2.085715e+01,2.079438e+01,2.087806e+01,2.076647e+01,2.084320e+01,2.084320e+01,2.078740e+01,2.076647e+01,2.080135e+01,2.073157e+01,2.082228e+01,2.076647e+01,2.066872e+01,2.054291e+01,2.052192e+01,2.078042e+01,2.069666e+01,2.068269e+01,2.071761e+01,2.073157e+01,2.068269e+01,2.075949e+01,2.070364e+01,2.079438e+01,2.080135e+01,2.078740e+01,2.079438e+01,2.082228e+01,2.087109e+01,2.085017e+01,2.080135e+01,2.084320e+01,2.084320e+01,2.082925e+01,2.084320e+01,2.083623e+01,2.104522e+01,2.081530e+01,2.084320e+01,2.101042e+01,2.090594e+01,2.079438e+01,2.089897e+01,2.087806e+01,2.091987e+01,2.094774e+01,2.094077e+01,2.091291e+01,2.091987e+01,2.087806e+01,2.091291e+01,2.101042e+01,2.089200e+01,2.087806e+01,2.096864e+01,2.093381e+01,2.097560e+01,2.096167e+01,2.098256e+01,2.104522e+01,2.097560e+01,2.107305e+01,2.103826e+01,2.103130e+01,2.103130e+01,2.101042e+01,2.110783e+01,2.110088e+01,2.102434e+01,2.112869e+01,2.115650e+01,2.103826e+01,2.102434e+01,2.116345e+01,2.119820e+01,2.103130e+01,2.105914e+01,2.119820e+01,2.114955e+01,2.118431e+01,2.123989e+01,2.128850e+01,2.126072e+01,2.119820e+01,2.129544e+01,2.136484e+01,2.126072e+01,2.130238e+01,2.141339e+01,2.117736e+01,2.140645e+01,2.135790e+01,2.139258e+01,2.125378e+01,2.130238e+01,2.130932e+01,2.129544e+01,2.139258e+01,2.151042e+01,2.143419e+01,2.149656e+01,2.153812e+01,2.157274e+01,2.151734e+01,2.147577e+01,2.150349e+01,2.166270e+01,2.144112e+01,2.146191e+01,2.148963e+01,2.169037e+01,2.146191e+01,2.168345e+01,2.156582e+01,2.153119e+01,2.145498e+01,2.147577e+01,2.146884e+01,2.142725e+01,2.148963e+01,2.141339e+01,2.142032e+01,2.136484e+01,2.142725e+01,2.134402e+01,2.141339e+01,2.142032e+01,2.131626e+01,2.120515e+01,2.119820e+01,2.114955e+01,2.123294e+01,2.112869e+01,2.114260e+01,2.108696e+01,2.119820e+01,2.112869e+01,2.110783e+01,2.110783e+01,2.119126e+01,2.109392e+01,2.110088e+01,2.110783e+01,2.108001e+01,2.111479e+01,2.112174e+01,2.111479e+01,2.108001e+01,2.112174e+01,2.112869e+01,2.123989e+01,2.123989e+01,2.136484e+01,2.123294e+01,2.118431e+01,2.110783e+01,2.111479e+01,2.117041e+01,2.111479e+01,2.122600e+01,2.105914e+01,2.113565e+01,2.112174e+01,2.117736e+01,2.096167e+01,2.098256e+01,2.103826e+01,2.103826e+01,2.105218e+01,2.110783e+01,2.107305e+01,2.108696e+01,2.117736e+01,2.103130e+01,2.116345e+01,2.121905e+01,2.128156e+01,2.120515e+01,2.123294e+01,2.119820e+01,2.130238e+01,2.121210e+01,2.123989e+01,2.124683e+01,2.119126e+01,2.121210e+01,2.115650e+01,2.126072e+01,2.117041e+01,2.118431e+01,2.123294e+01,2.107305e+01,2.116345e+01,2.116345e+01,2.102434e+01,2.113565e+01,2.114260e+01,2.111479e+01,2.110783e+01,2.121210e+01,2.118431e+01,2.114260e+01,2.112174e+01,2.111479e+01,2.111479e+01,2.117041e+01,2.114260e+01,2.116345e+01,2.113565e+01,2.114955e+01,2.100345e+01,2.121905e+01,2.123989e+01,2.130932e+01,2.139258e+01,2.169037e+01,2.197349e+01,2.200797e+01,2.216640e+01,2.237268e+01,2.289341e+01,2.316642e+01,2.326180e+01,2.354063e+01,2.351346e+01,2.371706e+01,2.373062e+01,2.377129e+01,2.378484e+01,2.381872e+01,2.370350e+01,2.371028e+01,2.375096e+01,2.354063e+01,2.332307e+01,2.339791e+01,2.298904e+01,2.270871e+01,2.271556e+01,2.246880e+01,2.241389e+01,2.222833e+01,2.242762e+01,2.218016e+01,2.195280e+01,2.197349e+01,2.187691e+01,2.193901e+01,2.206999e+01,2.206999e+01,2.203554e+01,2.188381e+01,2.172494e+01,2.162811e+01,2.179404e+01,2.174567e+01,2.171802e+01,2.157967e+01,2.175949e+01,2.162119e+01,2.158659e+01,2.171111e+01,2.170420e+01,2.164887e+01,2.166962e+01,2.164195e+01,2.162811e+01,2.167654e+01,2.160735e+01,2.160043e+01,2.165579e+01,2.160043e+01,2.164887e+01,2.157967e+01,2.161427e+01,2.145498e+01,2.151042e+01,2.143419e+01,2.141339e+01,2.139258e+01,2.137871e+01,2.140645e+01,2.144805e+01,2.142032e+01,2.129544e+01,2.144805e+01,2.135096e+01,2.142032e+01,2.130932e+01,2.131626e+01,2.140645e+01,2.134402e+01,2.140645e+01,2.137177e+01,2.135790e+01,2.133014e+01,2.126767e+01,2.144805e+01,2.144805e+01,2.146884e+01,2.139952e+01,2.147577e+01,2.155197e+01,2.141339e+01,2.154505e+01,2.144805e+01,2.148963e+01,2.144112e+01,2.148963e+01,2.144112e+01,2.154505e+01,2.145498e+01,2.144805e+01,2.160043e+01,2.158659e+01,2.167654e+01,2.155197e+01,2.169728e+01,2.185620e+01,2.173876e+01,2.158659e+01,2.161427e+01,2.160043e+01,2.161427e+01,2.166270e+01,2.144112e+01,2.169728e+01,2.177332e+01,2.167654e+01,2.167654e+01,2.175258e+01,2.173876e+01,2.172494e+01,2.166962e+01,2.173876e+01,2.164195e+01,2.172494e+01,2.178713e+01,2.171111e+01,2.178713e+01,2.184239e+01,2.170420e+01,2.164195e+01,2.175949e+01,2.191141e+01,2.151042e+01,2.175258e+01,2.179404e+01,2.167654e+01,2.182858e+01,2.178713e+01,2.178713e+01,2.185620e+01,2.211132e+01,2.182167e+01,2.193211e+01,2.172494e+01,2.195280e+01,2.174567e+01,2.189071e+01,2.183548e+01,2.173876e+01,2.182858e+01,2.198729e+01,2.183548e+01,2.178713e+01,2.175949e+01,2.186310e+01,2.177332e+01,2.175949e+01,2.172494e+01,2.173185e+01
2.206999e+01,2.204243e+01,2.198039e+01,2.201486e+01,2.205621e+01,2.195970e+01,2.200797e+01,2.209066e+01,2.211821e+01,2.213198e+01,2.221457e+01,2.229709e+01,2.217328e+01,2.226271e+01,2.221457e+01,2.210443e+01,2.209755e+01,2.237955e+01,2.227647e+01,2.233146e+01,2.242075e+01,2.229022e+01,2.229022e+01,2.230396e+01,2.224208e+01,2.228334e+01,2.223520e+01,2.230396e+01,2.231084e+01,2.226271e+01,2.207688e+01,2.217328e+01,2.209755e+01,2.212509e+01,2.210443e+01,2.213886e+01,2.209066e+01,2.205621e+01,2.204243e+01,2.205621e+01,2.208377e+01,2.206310e+01,2.211132e+01,2.207688e+01,2.201486e+01,2.222145e+01,2.216640e+01,2.214575e+01,2.227647e+01,2.218705e+01,2.233146e+01,2.220769e+01,2.242762e+01,2.230396e+01,2.232458e+01,2.231084e+01,2.229709e+01,2.235207e+01,2.234520e+01,2.220769e+01,2.224896e+01,2.233833e+01,2.228334e+01,2.232458e+01,2.226959e+01,2.228334e+01,2.227647e+01,2.227647e+01,2.223520e+01,2.235207e+01,2.229709e+01,2.237955e+01,2.224896e+01,2.224208e+01,2.232458e+01,2.224896e+01,2.229709e+01,2.220081e+01,2.226959e+01,2.214575e+01,2.230396e+01,2.232458e+01,2.226959e+01,2.229709e+01,2.224208e+01,2.224208e+01,2.224208e+01,2.229022e+01,2.221457e+01,2.222833e+01,2.216640e+01,2.216640e+01,2.226271e+01,2.220081e+01,2.226271e+01,2.213886e+01,2.218705e+01,2.224896e+01,2.219393e+01,2.236581e+01,2.221457e+01,2.222833e+01,2.225584e+01,2.225584e+01,2.224208e+01,2.211821e+01,2.219393e+01,2.211821e+01,2.203554e+01,2.213198e+01,2.209755e+01,2.218705e+01,2.211132e+01,2.224208e+01,2.213198e+01,2.218705e+01,2.214575e+01,2.211132e+01,2.206999e+01,2.220769e+01,2.213198e+01,2.215263e+01,2.215263e+01,2.224208e+01,2.218705e+01,2.215263e+01,2.229022e+01,2.226271e+01,2.229022e+01,2.228334e+01,2.221457e+01,2.224896e+01,2.218016e+01,2.227647e+01,2.215952e+01,2.219393e+01,2.215952e+01,2.226271e+01,2.213886e+01,2.215952e+01,2.217328e+01,2.213886e+01,2.214575e+01,2.218705e+01,2.218016e+01,2.218705e+01,2.213886e+01,2.233146e+01,2.216640e+01,2.225584e+01,2.222145e+01,2.222145e+01,2.226271e+01,2.228334e+01,2.230396e+01,2.226959e+01,2.226959e+01,2.230396e+01,2.237955e+01,2.224896e+01,2.222833e+01,2.225584e+01,2.213198e+01,2.218016e+01,2.219393e+01,2.226959e+01,2.220081e+01,2.224208e+01,2.224208e+01,2.217328e+01,2.218705e+01,2.231771e+01,2.215263e+01,2.214575e+01,2.218705e+01,2.213198e+01,2.213886e+01,2.206310e+01,2.211132e+01,2.206999e+01,2.210443e+01,2.201486e+01,2.196660e+01,2.205621e+01,2.206310e+01,2.209755e+01,2.224208e+01,2.224208e+01,2.270871e+01,2.288657e+01,2.305048e+01,2.329585e+01,2.337070e+01,2.376451e+01,2.417034e+01,2.468884e+01,2.519809e+01,2.547179e+01,2.575809e+01,2.581791e+01,2.599718e+01,2.625559e+01,2.612978e+01,2.634159e+01,2.651997e+01,2.667828e+01,2.696791e+01,2.694819e+01,2.722397e+01,2.752521e+01,2.760365e+01,2.802105e+01,2.805359e+01,2.813815e+01,2.847573e+01,2.867001e+01,2.881872e+01,2.905108e+01,2.908976e+01,2.927007e+01,2.937297e+01,2.955923e+01,2.949504e+01,2.952714e+01,2.953356e+01,2.928294e+01,2.907686e+01,2.887686e+01,2.859882e+01,2.820965e+01,2.772121e+01,2.707961e+01,2.632175e+01,2.506431e+01,2.413658e+01,2.295490e+01,2.219393e+01,2.164887e+01,2.128156e+01,2.124683e+01,2.111479e+01,2.100345e+01,2.103826e+01,2.105218e+01,2.096864e+01,2.091987e+01,2.089897e+01,2.088503e+01,2.091987e+01,2.092684e+01,2.092684e+01,2.089897e+01,2.085017e+01,2.096167e+01,2.096167e+01,2.088503e+01,2.087806e+01,2.084320e+01,2.094077e+01,2.084320e+01,2.066872e+01,2.081530e+01,2.088503e+01,2.088503e+01,2.087806e+01,2.087109e+01,2.092684e+01,2.079438e+01,2.088503e+01,2.088503e+01,2.104522e+01,2.087806e+01,2.078042e+01,2.076647e+01,2.084320e+01,2.082925e+01,2.084320e+01,2.077344e+01,2.063379e+01,2.067570e+01,2.073855e+01,2.073157e+01,2.072459e+01,2.078042e+01,2.067570e+01,2.070364e+01,2.073855e+01,2.073855e+01,2.069666e+01,2.078740e+01,2.069666e+01,2.066872e+01,2.068269e+01,2.071761e+01,2.077344e+01,2.085017e+01,2.079438e+01,2.088503e+01,2.080135e+01,2.079438e+01,2.084320e+01,2.085017e+01,2.085017e+01,2.099649e+01,2.085715e+01,2.101738e+01,2.071761e+01,2.090594e+01,2.089897e+01,2.090594e+01,2.089897e+01,2.087109e+01,2.091987e+01,2.089200e+01,2.096864e+01,2.094077e+01,2.080833e+01,2.096864e+01,2.091987e+01,2.090594e+01,2.087806e+01,2.096864e+01,2.092684e+01,2.087109e+01,2.094774e+01,2.085715e+01,2.094774e+01,2.101042e+01,2.097560e+01,2.101738e+01,2.103130e+01,2.103826e+01,2.101738e+01,2.106609e+01,2.103130e+01,2.111479e+01,2.107305e+01,2.105914e+01,2.108696e+01,2.117736e+01,2.109392e+01,2.106609e+01,2.106609e+01,2.110088e+01,2.109392e+01,2.114260e+01,2.121210e+01,2.116345e+01,2.121905e+01,2.127461e+01,2.121905e+01,2.121905e+01,2.132320e+01,2.135096e+01,2.133708e+01,2.123294e+01,2.122600e+01,2.137871e+01,2.123294e+01,2.117041e+01,2.137871e+01,2.125378e+01,2.143419e+01,2.136484e+01,2.144805e+01,2.142725e+01,2.148270e+01,2.147577e+01,2.142032e+01,2.144805e+01,2.155197e+01,2.158659e+01,2.148963e+01,2.153119e+01,2.166270e+01,2.166962e+01,2.146884e+01,2.152427e+01,2.146884e+01,2.155197e+01,2.144805e+01,2.144805e+01,2.155197e+01,2.143419e+01,2.141339e+01,2.144112e+01,2.142032e+01,2.135096e+01,2.137177e+01,2.138565e+01,2.142032e+01,2.139952e+01,2.139952e+01,2.140645e+01,2.137177e+01,2.119820e+01,2.121210e+01,2.128156e+01,2.126767e+01,2.114260e+01,2.115650e+01,2.135096e+01,2.119126e+01,2.114955e+01,2.117736e+01,2.116345e+01,2.124683e+01,2.113565e+01,2.111479e+01,2.129544e+01,2.125378e+01,2.110088e+01,2.108696e+01,2.110783e+01,2.110783e+01,2.108696e+01,2.110088e+01,2.115650e+01,2.123294e+01,2.120515e+01,2.125378e+01,2.123989e+01,2.122600e+01,2.116345e+01,2.115650e+01,2.116345e+01,2.109392e+01,2.118431e+01,2.123989e+01,2.121905e+01,2.122600e+01,2.112174e+01,2.094077e+01,2.095471e+01,2.109392e+01,2.111479e+01,2.105914e+01,2.107305e+01,2.114955e+01,2.121210e+01,2.114955e+01,2.117041e+01,2.118431e+01,2.125378e+01,2.117041e+01,2.119126e+01,2.105914e+01,2.128850e+01,2.120515e+01,2.121905e+01,2.119126e+01,2.106609e+01,2.113565e+01,2.118431e+01,2.123989e+01,2.123294e+01,2.110088e+01,2.129544e+01,2.117736e+01,2.123989e+01,2.127461e+01,2.115650e+01,2.111479e+01,2.115650e+01,2.121905e+01,2.115650e+01,2.120515e+01,2.113565e+01,2.114260e+01,2.112869e+01,2.111479e+01,2.116345e+01,2.109392e+01,2.111479e+01,2.117041e+01,2.114955e+01,2.111479e+01,2.112869e+01,2.111479e+01,2.103826e+01,2.122600e+01,2.146191e+01,2.155197e+01,2.167654e+01,2.210443e+01,2.230396e+01,2.259225e+01,2.292074e+01,2.296173e+01,2.332307e+01,2.346590e+01,2.352026e+01,2.351346e+01,2.377807e+01,2.392703e+01,2.371706e+01,2.368994e+01,2.380517e+01,2.376451e+01,2.379162e+01,2.352705e+01,2.351346e+01,2.330946e+01,2.329585e+01,2.290707e+01,2.270187e+01,2.255798e+01,2.254426e+01,2.246194e+01,2.241389e+01,2.221457e+01,2.220769e+01,2.213886e+01,2.196660e+01,2.190451e+01,2.193211e+01,2.195280e+01,2.204932e+01,2.203554e+01,2.192521e+01,2.176641e+01,2.166962e+01,2.169728e+01,2.179404e+01,2.177332e+01,2.173876e+01,2.177332e+01,2.172494e+01,2.166962e+01,2.175258e+01,2.162119e+01,2.164195e+01,2.167654e+01,2.166270e+01,2.163503e+01,2.162811e+01,2.162119e+01,2.164195e+01,2.164195e+01,2.162811e+01,2.164195e+01,2.156582e+01,2.164195e+01,2.144805e+01,2.151734e+01,2.151734e+01,2.144805e+01,2.153119e+01,2.139258e+01,2.139952e+01,2.146191e+01,2.146191e+01,2.144112e+01,2.135096e+01,2.130932e+01,2.130238e+01,2.130238e+01,2.130238e+01,2.130238e+01,2.127461e+01,2.138565e+01,2.139258e+01,2.134402e+01,2.147577e+01,2.145498e+01,2.130238e+01,2.145498e+01,2.147577e+01,2.139952e+01,2.146884e+01,2.144805e+01,2.141339e+01,2.140645e+01,2.137177e+01,2.152427e+01,2.149656e+01,2.144112e+01,2.146191e+01,2.153812e+01,2.151734e+01,2.146884e+01,2.156582e+01,2.166270e+01,2.167654e+01,2.157274e+01,2.164887e+01,2.141339e+01,2.159351e+01,2.157967e+01,2.163503e+01,2.163503e+01,2.161427e+01,2.164887e+01,2.163503e+01,2.167654e+01,2.149656e+01,2.170420e+01,2.169037e+01,2.166270e+01,2.169728e+01,2.162811e+01,2.176641e+01,2.165579e+01,2.191141e+01,2.174567e+01,2.171111e+01,2.173185e+01,2.166270e+01,2.184239e+01,2.177332e+01,2.170420e+01,2.172494e+01,2.176641e+01,2.183548e+01,2.176641e+01,2.176641e+01,2.181476e+01,2.160735e+01,2.180786e+01,2.180786e+01,2.171111e+01,2.184929e+01,2.189761e+01,2.191831e+01,2.175258e+01,2.191831e+01,2.184929e+01,2.179404e+01,2.178022e+01,2.185620e+01,2.191141e+01,2.187691e+01,2.182167e+01,2.182858e+01,2.184239e+01,2.175949e+01,2.171111e+01,2.174567e+01,2.184239e+01,2.171802e+01
2.185620e+01,2.204932e+01,2.205621e+01,2.213198e+01,2.206310e+01,2.193211e+01,2.212509e+01,2.204243e+01,2.211821e+01,2.205621e+01,2.214575e+01,2.224896e+01,2.228334e+01,2.226271e+01,2.220769e+01,2.214575e+01,2.227647e+01,2.230396e+01,2.231084e+01,2.229022e+01,2.217328e+01,2.233146e+01,2.235894e+01,2.222833e+01,2.229022e+01,2.228334e+01,2.222833e+01,2.222833e+01,2.218705e+01,2.213198e+01,2.226959e+01,2.211132e+01,2.212509e+01,2.211132e+01,2.211132e+01,2.210443e+01,2.216640e+01,2.212509e+01,2.209755e+01,2.204932e+01,2.215952e+01,2.204932e+01,2.210443e+01,2.215263e+01,2.209066e+01,2.212509e+01,2.220769e+01,2.224208e+01,2.225584e+01,2.217328e+01,2.209066e+01,2.222833e+01,2.223520e+01,2.231084e+01,2.221457e+01,2.231771e+01,2.232458e+01,2.230396e+01,2.235894e+01,2.229022e+01,2.222833e+01,2.237268e+01,2.224208e+01,2.228334e+01,2.224896e+01,2.226271e+01,2.231771e+01,2.239328e+01,2.237955e+01,2.241389e+01,2.241389e+01,2.229022e+01,2.213198e+01,2.220769e+01,2.223520e+01,2.221457e+01,2.217328e+01,2.220081e+01,2.215952e+01,2.198729e+01,2.218705e+01,2.226959e+01,2.231084e+01,2.213198e+01,2.228334e+01,2.224896e+01,2.220769e+01,2.204243e+01,2.226959e+01,2.222833e+01,2.224208e+01,2.222833e+01,2.225584e+01,2.220769e+01,2.220081e+01,2.212509e+01,2.220081e+01,2.218016e+01,2.214575e+01,2.220081e+01,2.212509e+01,2.222833e+01,2.214575e+01,2.211132e+01,2.225584e+01,2.217328e+01,2.220081e+01,2.218705e+01,2.203554e+01,2.215952e+01,2.212509e+01,2.215952e+01,2.213886e+01,2.220081e+01,2.217328e+01,2.222833e+01,2.219393e+01,2.213198e+01,2.214575e+01,2.222833e+01,2.224208e+01,2.220081e+01,2.211821e+01,2.226959e+01,2.220081e+01,2.215952e+01,2.213886e+01,2.221457e+01,2.213886e+01,2.221457e+01,2.228334e+01,2.219393e+01,2.220081e+01,2.234520e+01,2.217328e+01,2.219393e+01,2.232458e+01,2.230396e+01,2.220081e+01,2.214575e+01,2.226271e+01,2.214575e+01,2.218016e+01,2.223520e+01,2.220081e+01,2.221457e+01,2.225584e+01,2.227647e+01,2.217328e+01,2.213886e+01,2.218016e+01,2.213198e+01,2.230396e+01,2.228334e+01,2.229709e+01,2.226271e+01,2.230396e+01,2.230396e+01,2.235207e+01,2.239328e+01,2.220081e+01,2.223520e+01,2.222145e+01,2.226959e+01,2.215952e+01,2.222145e+01,2.221457e+01,2.222833e+01,2.238642e+01,2.220081e+01,2.213198e+01,2.211821e+01,2.221457e+01,2.216640e+01,2.218016e+01,2.203554e+01,2.211132e+01,2.215263e+01,2.208377e+01,2.204243e+01,2.206310e+01,2.195970e+01,2.189761e+01,2.206310e+01,2.190451e+01,2.198729e+01,2.226271e+01,2.221457e+01,2.231771e+01,2.275663e+01,2.277032e+01,2.306412e+01,2.339111e+01,2.371028e+01,2.406903e+01,2.442654e+01,2.473584e+01,2.533169e+01,2.552512e+01,2.582456e+01,2.589099e+01,2.601045e+01,2.611653e+01,2.634159e+01,2.642090e+01,2.652657e+01,2.667169e+01,2.682978e+01,2.719118e+01,2.729609e+01,2.742707e+01,2.774731e+01,2.799501e+01,2.807311e+01,2.828110e+01,2.852757e+01,2.872823e+01,2.899949e+01,2.903173e+01,2.920571e+01,2.928937e+01,2.953356e+01,2.941796e+01,2.950788e+01,2.945651e+01,2.939868e+01,2.918639e+01,2.899304e+01,2.879287e+01,2.855349e+01,2.801454e+01,2.747942e+01,2.682978e+01,2.583120e+01,2.472241e+01,2.372384e+01,2.272925e+01,2.200107e+01,2.164195e+01,2.129544e+01,2.111479e+01,2.137177e+01,2.096864e+01,2.101042e+01,2.103130e+01,2.090594e+01,2.091987e+01,2.066872e+01,2.087109e+01,2.091987e+01,2.097560e+01,2.080833e+01,2.082925e+01,2.082925e+01,2.073855e+01,2.093381e+01,2.105914e+01,2.097560e+01,2.084320e+01,2.087806e+01,2.085017e+01,2.082228e+01,2.077344e+01,2.090594e+01,2.093381e+01,2.088503e+01,2.091987e+01,2.080135e+01,2.101738e+01,2.081530e+01,2.082925e+01,2.080135e+01,2.077344e+01,2.081530e+01,2.092684e+01,2.092684e+01,2.080833e+01,2.083623e+01,2.085017e+01,2.087806e+01,2.068269e+01,2.070364e+01,2.076647e+01,2.068269e+01,2.066174e+01,2.075949e+01,2.073855e+01,2.067570e+01,2.067570e+01,2.068967e+01,2.073855e+01,2.080135e+01,2.073855e+01,2.076647e+01,2.074553e+01,2.075251e+01,2.075251e+01,2.080833e+01,2.086412e+01,2.089897e+01,2.081530e+01,2.091291e+01,2.084320e+01,2.089200e+01,2.085017e+01,2.094774e+01,2.089897e+01,2.091987e+01,2.090594e+01,2.089897e+01,2.089200e+01,2.091987e+01,2.091987e+01,2.089897e+01,2.089897e+01,2.091987e+01,2.094774e+01,2.095471e+01,2.086412e+01,2.085715e+01,2.088503e+01,2.088503e+01,2.086412e+01,2.088503e+01,2.086412e+01,2.094774e+01,2.097560e+01,2.096864e+01,2.103826e+01,2.098256e+01,2.099649e+01,2.105914e+01,2.110088e+01,2.109392e+01,2.098953e+01,2.106609e+01,2.108696e+01,2.117041e+01,2.107305e+01,2.108696e+01,2.111479e+01,2.102434e+01,2.108001e+01,2.105218e+01,2.121905e+01,2.117041e+01,2.107305e+01,2.122600e+01,2.124683e+01,2.126072e+01,2.117041e+01,2.119820e+01,2.123294e+01,2.123989e+01,2.125378e+01,2.133014e+01,2.119126e+01,2.130238e+01,2.139952e+01,2.121210e+01,2.128850e+01,2.124683e+01,2.128850e+01,2.135096e+01,2.143419e+01,2.137871e+01,2.144805e+01,2.144112e+01,2.141339e+01,2.142725e+01,2.142725e+01,2.147577e+01,2.167654e+01,2.146191e+01,2.132320e+01,2.146191e+01,2.144112e+01,2.142725e+01,2.144805e+01,2.143419e+01,2.139258e+01,2.151734e+01,2.151734e+01,2.156582e+01,2.142032e+01,2.146191e+01,2.139258e+01,2.139952e+01,2.138565e+01,2.135790e+01,2.141339e+01,2.136484e+01,2.137871e+01,2.137871e+01,2.117736e+01,2.128156e+01,2.128850e+01,2.124683e+01,2.116345e+01,2.113565e+01,2.128850e+01,2.118431e+01,2.114260e+01,2.128850e+01,2.119126e+01,2.118431e+01,2.119820e+01,2.115650e+01,2.110088e+01,2.110783e+01,2.117041e+01,2.107305e+01,2.105914e+01,2.105218e+01,2.110088e+01,2.110088e+01,2.115650e+01,2.112174e+01,2.112869e+01,2.112174e+01,2.117041e+01,2.123294e+01,2.119126e+01,2.121210e+01,2.119820e+01,2.117041e+01,2.114260e+01,2.106609e+01,2.113565e+01,2.111479e+01,2.110783e+01,2.111479e+01,2.089897e+01,2.105218e+01,2.109392e+01,2.111479e+01,2.107305e+01,2.113565e+01,2.115650e+01,2.112174e+01,2.116345e+01,2.114955e+01,2.117041e+01,2.115650e+01,2.123294e+01,2.115650e+01,2.117736e+01,2.121905e+01,2.110783e+01,2.104522e+01,2.121210e+01,2.126767e+01,2.118431e+01,2.119820e+01,2.120515e+01,2.118431e+01,2.112174e+01,2.126767e+01,2.125378e+01,2.127461e+01,2.118431e+01,2.121210e+01,2.125378e+01,2.112174e+01,2.110783e+01,2.112174e+01,2.112869e+01,2.108696e+01,2.115650e+01,2.113565e+01,2.105914e+01,2.110088e+01,2.110088e+01,2.110088e+01,2.108001e+01,2.113565e+01,2.107305e+01,2.112869e+01,2.121905e+01,2.138565e+01,2.143419e+01,2.167654e+01,2.190451e+01,2.209066e+01,2.227647e+01,2.248939e+01,2.291391e+01,2.301635e+01,2.318686e+01,2.337751e+01,2.355421e+01,2.362210e+01,2.368994e+01,2.368994e+01,2.368994e+01,2.378484e+01,2.378484e+01,2.375774e+01,2.365602e+01,2.377129e+01,2.354063e+01,2.352705e+01,2.339791e+01,2.324818e+01,2.292074e+01,2.270871e+01,2.259225e+01,2.246194e+01,2.244821e+01,2.244821e+01,2.220081e+01,2.204932e+01,2.197349e+01,2.197349e+01,2.208377e+01,2.200797e+01,2.189761e+01,2.207688e+01,2.200797e+01,2.191831e+01,2.172494e+01,2.171111e+01,2.169037e+01,2.173876e+01,2.177332e+01,2.164195e+01,2.166270e+01,2.162119e+01,2.173185e+01,2.175949e+01,2.166962e+01,2.174567e+01,2.163503e+01,2.164887e+01,2.164195e+01,2.166962e+01,2.161427e+01,2.164195e+01,2.167654e+01,2.162811e+01,2.162119e+01,2.155890e+01,2.160043e+01,2.150349e+01,2.153119e+01,2.140645e+01,2.151042e+01,2.139258e+01,2.148270e+01,2.137177e+01,2.135790e+01,2.138565e+01,2.143419e+01,2.138565e+01,2.133708e+01,2.137177e+01,2.147577e+01,2.135096e+01,2.149656e+01,2.144112e+01,2.136484e+01,2.149656e+01,2.140645e+01,2.139952e+01,2.139258e+01,2.127461e+01,2.153119e+01,2.144112e+01,2.156582e+01,2.139258e+01,2.133014e+01,2.144112e+01,2.149656e+01,2.157274e+01,2.143419e+01,2.143419e+01,2.144112e+01,2.145498e+01,2.145498e+01,2.142725e+01,2.142032e+01,2.136484e+01,2.154505e+01,2.155197e+01,2.164887e+01,2.166962e+01,2.151042e+01,2.155890e+01,2.160043e+01,2.183548e+01,2.166962e+01,2.157967e+01,2.160043e+01,2.163503e+01,2.162119e+01,2.168345e+01,2.170420e+01,2.166962e+01,2.176641e+01,2.158659e+01,2.169037e+01,2.166270e+01,2.162811e+01,2.173185e+01,2.162811e+01,2.155890e+01,2.171111e+01,2.181476e+01,2.158659e+01,2.182167e+01,2.175258e+01,2.176641e+01,2.175949e+01,2.181476e+01,2.189761e+01,2.175949e+01,2.181476e+01,2.181476e+01,2.181476e+01,2.180786e+01,2.180786e+01,2.180095e+01,2.167654e+01,2.184929e+01,2.171111e+01,2.185620e+01,2.187000e+01,2.189761e+01,2.189761e+01,2.187000e+01,2.175258e+01,2.189761e+01,2.181476e+01,2.167654e+01,2.173185e+01,2.174567e+01,2.178713e+01,2.180095e+01,2.175949e+01,2.186310e+01
2.200797e+01,2.200797e+01,2.202865e+01,2.197349e+01,2.211132e+01,2.209755e+01,2.199418e+01,2.212509e+01,2.211132e+01,2.211821e+01,2.231084e+01,2.214575e+01,2.206999e+01,2.237955e+01,2.235894e+01,2.210443e+01,2.229022e+01,2.226271e+01,2.229709e+01,2.223520e+01,2.226959e+01,2.240702e+01,2.220081e+01,2.231771e+01,2.224896e+01,2.224208e+01,2.223520e+01,2.225584e+01,2.224896e+01,2.225584e+01,2.206310e+01,2.215952e+01,2.204932e+01,2.220769e+01,2.209066e+01,2.221457e+01,2.213886e+01,2.211132e+01,2.210443e+01,2.212509e+01,2.211821e+01,2.210443e+01,2.204932e+01,2.212509e+01,2.210443e+01,2.215952e+01,2.224208e+01,2.213886e+01,2.219393e+01,2.224208e+01,2.206999e+01,2.209755e+01,2.227647e+01,2.220769e+01,2.229709e+01,2.231084e+01,2.231771e+01,2.231771e+01,2.231771e+01,2.224208e+01,2.224208e+01,2.233146e+01,2.220081e+01,2.226959e+01,2.222833e+01,2.233146e+01,2.227647e+01,2.236581e+01,2.228334e+01,2.236581e+01,2.231084e+01,2.220081e+01,2.222145e+01,2.218016e+01,2.222833e+01,2.216640e+01,2.222833e+01,2.223520e+01,2.222145e+01,2.220769e+01,2.224208e+01,2.231084e+01,2.218016e+01,2.220081e+01,2.225584e+01,2.212509e+01,2.227647e+01,2.218016e+01,2.222145e+01,2.224896e+01,2.215952e+01,2.220081e+01,2.229709e+01,2.225584e+01,2.211821e+01,2.218016e+01,2.218705e+01,2.214575e+01,2.215952e+01,2.218705e+01,2.218705e+01,2.216640e+01,2.209755e+01,2.211132e+01,2.222833e+01,2.218016e+01,2.229022e+01,2.209066e+01,2.216640e+01,2.211132e+01,2.217328e+01,2.217328e+01,2.218016e+01,2.207688e+01,2.219393e+01,2.212509e+01,2.218705e+01,2.212509e+01,2.220769e+01,2.218016e+01,2.224896e+01,2.213886e+01,2.211821e+01,2.215263e+01,2.209755e+01,2.212509e+01,2.229709e+01,2.231084e+01,2.228334e+01,2.231084e+01,2.219393e+01,2.218016e+01,2.229022e+01,2.234520e+01,2.220769e+01,2.219393e+01,2.219393e+01,2.225584e+01,2.224208e+01,2.213886e+01,2.214575e+01,2.222145e+01,2.218705e+01,2.227647e+01,2.218705e+01,2.220769e+01,2.226959e+01,2.219393e+01,2.231771e+01,2.228334e+01,2.229022e+01,2.226271e+01,2.229022e+01,2.229022e+01,2.233833e+01,2.229709e+01,2.228334e+01,2.231771e+01,2.224896e+01,2.224896e+01,2.223520e+01,2.235894e+01,2.238642e+01,2.233833e+01,2.220081e+01,2.226959e+01,2.231771e+01,2.230396e+01,2.224208e+01,2.212509e+01,2.227647e+01,2.220769e+01,2.237268e+01,2.226959e+01,2.219393e+01,2.219393e+01,2.207688e+01,2.212509e+01,2.212509e+01,2.210443e+01,2.213198e+01,2.207688e+01,2.193901e+01,2.193211e+01,2.193211e+01,2.206310e+01,2.218016e+01,2.222833e+01,2.261967e+01,2.266078e+01,2.297539e+01,2.326180e+01,2.337070e+01,2.367638e+01,2.397439e+01,2.429177e+01,2.490356e+01,2.511115e+01,2.534504e+01,2.553844e+01,2.583785e+01,2.606350e+01,2.619601e+01,2.616290e+01,2.630190e+01,2.651337e+01,2.660575e+01,2.679028e+01,2.700078e+01,2.727642e+01,2.730919e+01,2.764285e+01,2.785168e+01,2.806010e+01,2.814465e+01,2.852110e+01,2.876056e+01,2.882518e+01,2.909620e+01,2.924433e+01,2.937297e+01,2.954640e+01,2.955282e+01,2.959132e+01,2.952072e+01,2.948220e+01,2.935369e+01,2.928937e+01,2.893496e+01,2.854701e+01,2.822264e+01,2.772121e+01,2.726331e+01,2.642751e+01,2.539176e+01,2.435244e+01,2.345230e+01,2.252369e+01,2.181476e+01,2.150349e+01,2.116345e+01,2.108001e+01,2.098256e+01,2.105218e+01,2.098256e+01,2.091291e+01,2.085017e+01,2.091987e+01,2.091291e+01,2.095471e+01,2.088503e+01,2.080135e+01,2.084320e+01,2.080833e+01,2.091291e+01,2.094077e+01,2.078740e+01,2.087806e+01,2.085017e+01,2.084320e+01,2.084320e+01,2.077344e+01,2.075251e+01,2.082925e+01,2.095471e+01,2.083623e+01,2.093381e+01,2.087109e+01,2.086412e+01,2.082228e+01,2.084320e+01,2.090594e+01,2.094077e+01,2.083623e+01,2.083623e+01,2.083623e+01,2.076647e+01,2.082228e+01,2.077344e+01,2.082228e+01,2.067570e+01,2.071062e+01,2.075251e+01,2.073855e+01,2.068269e+01,2.071761e+01,2.073855e+01,2.072459e+01,2.069666e+01,2.074553e+01,2.071062e+01,2.071761e+01,2.072459e+01,2.081530e+01,2.076647e+01,2.080135e+01,2.080833e+01,2.083623e+01,2.080135e+01,2.084320e+01,2.083623e+01,2.085017e+01,2.089200e+01,2.084320e+01,2.093381e+01,2.086412e+01,2.091987e+01,2.080135e+01,2.091291e+01,2.091291e+01,2.095471e+01,2.091291e+01,2.087806e+01,2.090594e+01,2.096864e+01,2.088503e+01,2.088503e+01,2.091291e+01,2.094077e+01,2.087806e+01,2.096864e+01,2.095471e+01,2.086412e+01,2.090594e+01,2.089200e+01,2.094774e+01,2.096167e+01,2.083623e+01,2.098953e+01,2.096167e+01,2.108696e+01,2.103826e+01,2.108696e+01,2.107305e+01,2.105218e+01,2.108696e+01,2.103826e+01,2.112174e+01,2.101738e+01,2.110088e+01,2.106609e+01,2.105218e+01,2.108001e+01,2.120515e+01,2.119126e+01,2.117736e+01,2.117736e+01,2.120515e+01,2.116345e+01,2.128156e+01,2.123989e+01,2.131626e+01,2.121905e+01,2.130932e+01,2.125378e+01,2.119820e+01,2.133708e+01,2.121210e+01,2.122600e+01,2.119126e+01,2.123989e+01,2.126767e+01,2.125378e+01,2.137177e+01,2.121210e+01,2.137871e+01,2.147577e+01,2.137871e+01,2.141339e+01,2.141339e+01,2.144805e+01,2.142725e+01,2.143419e+01,2.142032e+01,2.146884e+01,2.145498e+01,2.146191e+01,2.142725e+01,2.152427e+01,2.146884e+01,2.141339e+01,2.147577e+01,2.148963e+01,2.143419e+01,2.140645e+01,2.146884e+01,2.141339e+01,2.130238e+01,2.139258e+01,2.132320e+01,2.127461e+01,2.133014e+01,2.145498e+01,2.135790e+01,2.123989e+01,2.119820e+01,2.124683e+01,2.123989e+01,2.113565e+01,2.119126e+01,2.116345e+01,2.116345e+01,2.116345e+01,2.116345e+01,2.119820e+01,2.112174e+01,2.120515e+01,2.114955e+01,2.110783e+01,2.122600e+01,2.107305e+01,2.108001e+01,2.107305e+01,2.115650e+01,2.113565e+01,2.111479e+01,2.110088e+01,2.108001e+01,2.113565e+01,2.126072e+01,2.132320e+01,2.129544e+01,2.127461e+01,2.116345e+01,2.126072e+01,2.123989e+01,2.112174e+01,2.118431e+01,2.106609e+01,2.098953e+01,2.112174e+01,2.104522e+01,2.089200e+01,2.108001e+01,2.108696e+01,2.108696e+01,2.111479e+01,2.121210e+01,2.115650e+01,2.115650e+01,2.109392e+01,2.115650e+01,2.114955e+01,2.116345e+01,2.121210e+01,2.121210e+01,2.121905e+01,2.116345e+01,2.114260e+01,2.117736e+01,2.123294e+01,2.114955e+01,2.123989e+01,2.118431e+01,2.121905e+01,2.113565e+01,2.104522e+01,2.111479e+01,2.116345e+01,2.118431e+01,2.117041e+01,2.104522e+01,2.114260e+01,2.113565e+01,2.110088e+01,2.114260e+01,2.117041e+01,2.114260e+01,2.108696e+01,2.110088e+01,2.120515e+01,2.096864e+01,2.103826e+01,2.108001e+01,2.112869e+01,2.123989e+01,2.117041e+01,2.138565e+01,2.144112e+01,2.156582e+01,2.162811e+01,2.189761e+01,2.212509e+01,2.233146e+01,2.260596e+01,2.270187e+01,2.303683e+01,2.324137e+01,2.335710e+01,2.364924e+01,2.354742e+01,2.368316e+01,2.379162e+01,2.379162e+01,2.377129e+01,2.380517e+01,2.381872e+01,2.389996e+01,2.373062e+01,2.362889e+01,2.354063e+01,2.352705e+01,2.322775e+01,2.296173e+01,2.277716e+01,2.255112e+01,2.255798e+01,2.248939e+01,2.250311e+01,2.235894e+01,2.222145e+01,2.201486e+01,2.187691e+01,2.186310e+01,2.202865e+01,2.203554e+01,2.205621e+01,2.204932e+01,2.196660e+01,2.176641e+01,2.173185e+01,2.171111e+01,2.190451e+01,2.165579e+01,2.182858e+01,2.163503e+01,2.173185e+01,2.174567e+01,2.164195e+01,2.173185e+01,2.162119e+01,2.168345e+01,2.167654e+01,2.166962e+01,2.164195e+01,2.160735e+01,2.163503e+01,2.161427e+01,2.164195e+01,2.164887e+01,2.163503e+01,2.160735e+01,2.149656e+01,2.157967e+01,2.160043e+01,2.141339e+01,2.142032e+01,2.146884e+01,2.160043e+01,2.139258e+01,2.135790e+01,2.144112e+01,2.139952e+01,2.142032e+01,2.143419e+01,2.141339e+01,2.146884e+01,2.143419e+01,2.140645e+01,2.139258e+01,2.144112e+01,2.131626e+01,2.139258e+01,2.142725e+01,2.139952e+01,2.139952e+01,2.144805e+01,2.130238e+01,2.140645e+01,2.147577e+01,2.141339e+01,2.147577e+01,2.154505e+01,2.153119e+01,2.148270e+01,2.152427e+01,2.152427e+01,2.147577e+01,2.139258e+01,2.145498e+01,2.144805e+01,2.155197e+01,2.147577e+01,2.162119e+01,2.150349e+01,2.160735e+01,2.157274e+01,2.145498e+01,2.153119e+01,2.160735e+01,2.162119e+01,2.173185e+01,2.164195e+01,2.168345e+01,2.160043e+01,2.162811e+01,2.173876e+01,2.163503e+01,2.172494e+01,2.169037e+01,2.161427e+01,2.161427e+01,2.161427e+01,2.167654e+01,2.166270e+01,2.160043e+01,2.158659e+01,2.167654e+01,2.183548e+01,2.177332e+01,2.160043e+01,2.178022e+01,2.180095e+01,2.162811e+01,2.166270e+01,2.185620e+01,2.179404e+01,2.186310e+01,2.177332e+01,2.179404e+01,2.174567e+01,2.182167e+01,2.182858e+01,2.184929e+01,2.189071e+01,2.191141e+01,2.185620e+01,2.186310e+01,2.184239e+01,2.187000e+01,2.187000e+01,2.187000e+01,2.180095e+01,2.178713e+01,2.182858e+01,2.184929e+01,2.169728e+01,2.186310e+01,2.178022e+01,2.198039e+01
2.201486e+01,2.202865e+01,2.200107e+01,2.191141e+01,2.193901e+01,2.197349e+01,2.209755e+01,2.211132e+01,2.229022e+01,2.220081e+01,2.213198e+01,2.214575e+01,2.221457e+01,2.218016e+01,2.239328e+01,2.227647e+01,2.239328e+01,2.224208e+01,2.226271e+01,2.226271e+01,2.234520e+01,2.236581e+01,2.235207e+01,2.231084e+01,2.233833e+01,2.237955e+01,2.220769e+01,2.222833e+01,2.226271e+01,2.216640e+01,2.226271e+01,2.229709e+01,2.210443e+01,2.217328e+01,2.213198e+01,2.213198e+01,2.208377e+01,2.213198e+01,2.212509e+01,2.205621e+01,2.200107e+01,2.209066e+01,2.196660e+01,2.213198e+01,2.208377e+01,2.211132e+01,2.212509e+01,2.215263e+01,2.210443e+01,2.212509e+01,2.209066e+01,2.224208e+01,2.225584e+01,2.225584e+01,2.222833e+01,2.222833e+01,2.224208e+01,2.229709e+01,2.226271e+01,2.233146e+01,2.230396e+01,2.233146e+01,2.224896e+01,2.221457e+01,2.225584e+01,2.224896e+01,2.229709e+01,2.229709e+01,2.240702e+01,2.239328e+01,2.233146e+01,2.231771e+01,2.218016e+01,2.245507e+01,2.219393e+01,2.224208e+01,2.221457e+01,2.226271e+01,2.228334e+01,2.215952e+01,2.220081e+01,2.222145e+01,2.223520e+01,2.212509e+01,2.210443e+01,2.214575e+01,2.229022e+01,2.215952e+01,2.224896e+01,2.218705e+01,2.221457e+01,2.222145e+01,2.215952e+01,2.226271e+01,2.223520e+01,2.220081e+01,2.218016e+01,2.218705e+01,2.218705e+01,2.213886e+01,2.221457e+01,2.216640e+01,2.218016e+01,2.216640e+01,2.217328e+01,2.222145e+01,2.218016e+01,2.224208e+01,2.218705e+01,2.219393e+01,2.217328e+01,2.224208e+01,2.211821e+01,2.215952e+01,2.220081e+01,2.222145e+01,2.237268e+01,2.214575e+01,2.220081e+01,2.214575e+01,2.219393e+01,2.217328e+01,2.228334e+01,2.217328e+01,2.224896e+01,2.230396e+01,2.231771e+01,2.237268e+01,2.228334e+01,2.222833e+01,2.218705e+01,2.224208e+01,2.226959e+01,2.222833e+01,2.236581e+01,2.215952e+01,2.216640e+01,2.214575e+01,2.211132e+01,2.219393e+01,2.233833e+01,2.216640e+01,2.218016e+01,2.220081e+01,2.217328e+01,2.220769e+01,2.224896e+01,2.218705e+01,2.223520e+01,2.212509e+01,2.226271e+01,2.224208e+01,2.228334e+01,2.227647e+01,2.229022e+01,2.222145e+01,2.226271e+01,2.222145e+01,2.226959e+01,2.224208e+01,2.233146e+01,2.231771e+01,2.220769e+01,2.222145e+01,2.226271e+01,2.221457e+01,2.224208e+01,2.212509e+01,2.218016e+01,2.228334e+01,2.220769e+01,2.236581e+01,2.220081e+01,2.218016e+01,2.220081e+01,2.213198e+01,2.214575e+01,2.215263e+01,2.207688e+01,2.203554e+01,2.197349e+01,2.197349e+01,2.193901e+01,2.191141e+01,2.209755e+01,2.194591e+01,2.215263e+01,2.221457e+01,2.235894e+01,2.268132e+01,2.276347e+01,2.298904e+01,2.314597e+01,2.349308e+01,2.373740e+01,2.425131e+01,2.472913e+01,2.509777e+01,2.534504e+01,2.581127e+01,2.563834e+01,2.591091e+01,2.611653e+01,2.618277e+01,2.628206e+01,2.635481e+01,2.667828e+01,2.673100e+01,2.698763e+01,2.700735e+01,2.728298e+01,2.766245e+01,2.779299e+01,2.804708e+01,2.820315e+01,2.835900e+01,2.854701e+01,2.879934e+01,2.901239e+01,2.930224e+01,2.921214e+01,2.934082e+01,2.961056e+01,2.957207e+01,2.950788e+01,2.966186e+01,2.957207e+01,2.931510e+01,2.909620e+01,2.892851e+01,2.854053e+01,2.804708e+01,2.748596e+01,2.682320e+01,2.601045e+01,2.493707e+01,2.389320e+01,2.293440e+01,2.220081e+01,2.157967e+01,2.135096e+01,2.138565e+01,2.110088e+01,2.110783e+01,2.099649e+01,2.091987e+01,2.093381e+01,2.091987e+01,2.091987e+01,2.085715e+01,2.077344e+01,2.082925e+01,2.085715e+01,2.083623e+01,2.086412e+01,2.089200e+01,2.081530e+01,2.074553e+01,2.075251e+01,2.087109e+01,2.080135e+01,2.082925e+01,2.085715e+01,2.089200e+01,2.085715e+01,2.080135e+01,2.096864e+01,2.085715e+01,2.080135e+01,2.092684e+01,2.087109e+01,2.090594e+01,2.073855e+01,2.084320e+01,2.078740e+01,2.087109e+01,2.085017e+01,2.086412e+01,2.075949e+01,2.080135e+01,2.074553e+01,2.079438e+01,2.077344e+01,2.080135e+01,2.068967e+01,2.075949e+01,2.073157e+01,2.075949e+01,2.075251e+01,2.078740e+01,2.078042e+01,2.075251e+01,2.073855e+01,2.075251e+01,2.071761e+01,2.081530e+01,2.084320e+01,2.082228e+01,2.078740e+01,2.087109e+01,2.071761e+01,2.083623e+01,2.086412e+01,2.092684e+01,2.091291e+01,2.091291e+01,2.097560e+01,2.100345e+01,2.096864e+01,2.092684e+01,2.091987e+01,2.087109e+01,2.087109e+01,2.100345e+01,2.096864e+01,2.090594e+01,2.096864e+01,2.091987e+01,2.099649e+01,2.088503e+01,2.093381e+01,2.095471e+01,2.089897e+01,2.089200e+01,2.096167e+01,2.084320e+01,2.100345e+01,2.098256e+01,2.085715e+01,2.098953e+01,2.101738e+01,2.103130e+01,2.098953e+01,2.090594e+01,2.110783e+01,2.107305e+01,2.107305e+01,2.100345e+01,2.105218e+01,2.103826e+01,2.105218e+01,2.103826e+01,2.110088e+01,2.105914e+01,2.117736e+01,2.110783e+01,2.117736e+01,2.125378e+01,2.120515e+01,2.117736e+01,2.121905e+01,2.128156e+01,2.133708e+01,2.142725e+01,2.133014e+01,2.127461e+01,2.126072e+01,2.138565e+01,2.123294e+01,2.131626e+01,2.121210e+01,2.117041e+01,2.126767e+01,2.139258e+01,2.139952e+01,2.141339e+01,2.137177e+01,2.137177e+01,2.141339e+01,2.144112e+01,2.142725e+01,2.146191e+01,2.151042e+01,2.142725e+01,2.144805e+01,2.147577e+01,2.140645e+01,2.141339e+01,2.146884e+01,2.146191e+01,2.144805e+01,2.141339e+01,2.142032e+01,2.144112e+01,2.151042e+01,2.154505e+01,2.148963e+01,2.137871e+01,2.143419e+01,2.143419e+01,2.131626e+01,2.132320e+01,2.120515e+01,2.132320e+01,2.119126e+01,2.119126e+01,2.119820e+01,2.117736e+01,2.119820e+01,2.124683e+01,2.121905e+01,2.123989e+01,2.121210e+01,2.117736e+01,2.123294e+01,2.114955e+01,2.114260e+01,2.117041e+01,2.118431e+01,2.108696e+01,2.114260e+01,2.108696e+01,2.118431e+01,2.107305e+01,2.110783e+01,2.107305e+01,2.112174e+01,2.121210e+01,2.115650e+01,2.126072e+01,2.116345e+01,2.112869e+01,2.119126e+01,2.121905e+01,2.121905e+01,2.114260e+01,2.119126e+01,2.116345e+01,2.115650e+01,2.108696e+01,2.110783e+01,2.112869e+01,2.114955e+01,2.109392e+01,2.109392e+01,2.115650e+01,2.117041e+01,2.109392e+01,2.114260e+01,2.110783e+01,2.117736e+01,2.117041e+01,2.116345e+01,2.117041e+01,2.114955e+01,2.114955e+01,2.113565e+01,2.122600e+01,2.116345e+01,2.117041e+01,2.113565e+01,2.119126e+01,2.108001e+01,2.119820e+01,2.108696e+01,2.112174e+01,2.110783e+01,2.114955e+01,2.110088e+01,2.099649e+01,2.116345e+01,2.101042e+01,2.119820e+01,2.114955e+01,2.117041e+01,2.124683e+01,2.117736e+01,2.122600e+01,2.112174e+01,2.117736e+01,2.120515e+01,2.126072e+01,2.121210e+01,2.121905e+01,2.130932e+01,2.123989e+01,2.144805e+01,2.144112e+01,2.164195e+01,2.199418e+01,2.220081e+01,2.220081e+01,2.231771e+01,2.256483e+01,2.283872e+01,2.305730e+01,2.308459e+01,2.330946e+01,2.343871e+01,2.367638e+01,2.367638e+01,2.362210e+01,2.379839e+01,2.381872e+01,2.377807e+01,2.381872e+01,2.381194e+01,2.383903e+01,2.381194e+01,2.361531e+01,2.337070e+01,2.337070e+01,2.327542e+01,2.292074e+01,2.260596e+01,2.256483e+01,2.248252e+01,2.264022e+01,2.243448e+01,2.210443e+01,2.222145e+01,2.191141e+01,2.213886e+01,2.195280e+01,2.200797e+01,2.195280e+01,2.198039e+01,2.196660e+01,2.183548e+01,2.185620e+01,2.177332e+01,2.172494e+01,2.170420e+01,2.180095e+01,2.160735e+01,2.158659e+01,2.174567e+01,2.170420e+01,2.163503e+01,2.164887e+01,2.160043e+01,2.176641e+01,2.171802e+01,2.170420e+01,2.155890e+01,2.173185e+01,2.162811e+01,2.175258e+01,2.161427e+01,2.162119e+01,2.153812e+01,2.151734e+01,2.162119e+01,2.167654e+01,2.148963e+01,2.146884e+01,2.149656e+01,2.148963e+01,2.140645e+01,2.140645e+01,2.141339e+01,2.139952e+01,2.135790e+01,2.133708e+01,2.131626e+01,2.132320e+01,2.149656e+01,2.148963e+01,2.130932e+01,2.142032e+01,2.136484e+01,2.142032e+01,2.121210e+01,2.147577e+01,2.126767e+01,2.148963e+01,2.128850e+01,2.141339e+01,2.151734e+01,2.134402e+01,2.144112e+01,2.142032e+01,2.141339e+01,2.141339e+01,2.151734e+01,2.150349e+01,2.147577e+01,2.148963e+01,2.145498e+01,2.157967e+01,2.142725e+01,2.153812e+01,2.162811e+01,2.158659e+01,2.145498e+01,2.139258e+01,2.157967e+01,2.145498e+01,2.154505e+01,2.157274e+01,2.172494e+01,2.163503e+01,2.160735e+01,2.160043e+01,2.158659e+01,2.167654e+01,2.168345e+01,2.170420e+01,2.151042e+01,2.155197e+01,2.157274e+01,2.162811e+01,2.169037e+01,2.171111e+01,2.164195e+01,2.178713e+01,2.169037e+01,2.160735e+01,2.182167e+01,2.163503e+01,2.176641e+01,2.162811e+01,2.180786e+01,2.173876e+01,2.153119e+01,2.172494e+01,2.184929e+01,2.168345e+01,2.162811e+01,2.176641e+01,2.183548e+01,2.171111e+01,2.174567e+01,2.173185e+01,2.188381e+01,2.184239e+01,2.186310e+01,2.182858e+01,2.187000e+01,2.183548e+01,2.175949e+01,2.175949e+01,2.178022e+01,2.180095e+01,2.179404e+01,2.177332e+01,2.176641e+01,2.152427e+01,2.182858e+01,2.182858e+01
2.198729e+01,2.203554e+01,2.203554e+01,2.209066e+01,2.193901e+01,2.211821e+01,2.200107e+01,2.209755e+01,2.211821e+01,2.215263e+01,2.219393e+01,2.213198e+01,2.230396e+01,2.237268e+01,2.240015e+01,2.226271e+01,2.229022e+01,2.226959e+01,2.235207e+01,2.235894e+01,2.237268e+01,2.230396e+01,2.235207e+01,2.229709e+01,2.242075e+01,2.237955e+01,2.212509e+01,2.228334e+01,2.223520e+01,2.217328e+01,2.222833e+01,2.226271e+01,2.213198e+01,2.220081e+01,2.206310e+01,2.199418e+01,2.210443e+01,2.211132e+01,2.211821e+01,2.207688e+01,2.209755e+01,2.212509e+01,2.200797e+01,2.202176e+01,2.211821e+01,2.221457e+01,2.215263e+01,2.211821e+01,2.213886e+01,2.215952e+01,2.215952e+01,2.223520e+01,2.224208e+01,2.213886e+01,2.220769e+01,2.224896e+01,2.224896e+01,2.226271e+01,2.228334e+01,2.224896e+01,2.234520e+01,2.229022e+01,2.223520e+01,2.222145e+01,2.232458e+01,2.248939e+01,2.227647e+01,2.229022e+01,2.232458e+01,2.232458e+01,2.231084e+01,2.228334e+01,2.232458e+01,2.216640e+01,2.226271e+01,2.219393e+01,2.223520e+01,2.222145e+01,2.220769e+01,2.223520e+01,2.229022e+01,2.232458e+01,2.207688e+01,2.221457e+01,2.222145e+01,2.220081e+01,2.215952e+01,2.215263e+01,2.229709e+01,2.222145e+01,2.224208e+01,2.211821e+01,2.225584e+01,2.227647e+01,2.229022e+01,2.220769e+01,2.224896e+01,2.206999e+01,2.211821e+01,2.220769e+01,2.211821e+01,2.213198e+01,2.218016e+01,2.215263e+01,2.213886e+01,2.222145e+01,2.225584e+01,2.225584e+01,2.206310e+01,2.213198e+01,2.222145e+01,2.220769e+01,2.218016e+01,2.215952e+01,2.213886e+01,2.224208e+01,2.224208e+01,2.223520e+01,2.216640e+01,2.217328e+01,2.217328e+01,2.218016e+01,2.208377e+01,2.227647e+01,2.227647e+01,2.218016e+01,2.224208e+01,2.226959e+01,2.226271e+01,2.225584e+01,2.224896e+01,2.227647e+01,2.223520e+01,2.204243e+01,2.229709e+01,2.219393e+01,2.222833e+01,2.215263e+01,2.215952e+01,2.222145e+01,2.218016e+01,2.206999e+01,2.214575e+01,2.222833e+01,2.219393e+01,2.222833e+01,2.222145e+01,2.218016e+01,2.224208e+01,2.220769e+01,2.219393e+01,2.227647e+01,2.218705e+01,2.225584e+01,2.227647e+01,2.231084e+01,2.229709e+01,2.228334e+01,2.236581e+01,2.227647e+01,2.228334e+01,2.220081e+01,2.221457e+01,2.235207e+01,2.220081e+01,2.235894e+01,2.222145e+01,2.226959e+01,2.227647e+01,2.234520e+01,2.224208e+01,2.224208e+01,2.218705e+01,2.214575e+01,2.221457e+01,2.219393e+01,2.217328e+01,2.207688e+01,2.213198e+01,2.209755e+01,2.202176e+01,2.197349e+01,2.178713e+01,2.190451e+01,2.198729e+01,2.193901e+01,2.214575e+01,2.210443e+01,2.230396e+01,2.240015e+01,2.268817e+01,2.291391e+01,2.320731e+01,2.341831e+01,2.381194e+01,2.386612e+01,2.448040e+01,2.500406e+01,2.523819e+01,2.555843e+01,2.567827e+01,2.567827e+01,2.592418e+01,2.593746e+01,2.614303e+01,2.628206e+01,2.656617e+01,2.665191e+01,2.676394e+01,2.696791e+01,2.719774e+01,2.758405e+01,2.760365e+01,2.779951e+01,2.807962e+01,2.835251e+01,2.859234e+01,2.873469e+01,2.882518e+01,2.905753e+01,2.931510e+01,2.957848e+01,2.945008e+01,2.961056e+01,2.957207e+01,2.961056e+01,2.953998e+01,2.934726e+01,2.913486e+01,2.907686e+01,2.863766e+01,2.826811e+01,2.785820e+01,2.703363e+01,2.641430e+01,2.530499e+01,2.435918e+01,2.340471e+01,2.261282e+01,2.178713e+01,2.141339e+01,2.136484e+01,2.112174e+01,2.114260e+01,2.105914e+01,2.091291e+01,2.097560e+01,2.088503e+01,2.090594e+01,2.084320e+01,2.068269e+01,2.067570e+01,2.070364e+01,2.079438e+01,2.075949e+01,2.085715e+01,2.079438e+01,2.085017e+01,2.081530e+01,2.082228e+01,2.077344e+01,2.077344e+01,2.089200e+01,2.085017e+01,2.087109e+01,2.091987e+01,2.092684e+01,2.089200e+01,2.079438e+01,2.089200e+01,2.080135e+01,2.093381e+01,2.084320e+01,2.082925e+01,2.061981e+01,2.086412e+01,2.085715e+01,2.082228e+01,2.068967e+01,2.070364e+01,2.075949e+01,2.077344e+01,2.071062e+01,2.075251e+01,2.073157e+01,2.075949e+01,2.071062e+01,2.073855e+01,2.075251e+01,2.079438e+01,2.068269e+01,2.059884e+01,2.084320e+01,2.077344e+01,2.075949e+01,2.083623e+01,2.085017e+01,2.086412e+01,2.075949e+01,2.083623e+01,2.082228e+01,2.089897e+01,2.087806e+01,2.092684e+01,2.099649e+01,2.087806e+01,2.095471e+01,2.089897e+01,2.089897e+01,2.095471e+01,2.089200e+01,2.092684e+01,2.098256e+01,2.101042e+01,2.089897e+01,2.094077e+01,2.090594e+01,2.094077e+01,2.087806e+01,2.096864e+01,2.096167e+01,2.092684e+01,2.095471e+01,2.094077e+01,2.099649e+01,2.098256e+01,2.085017e+01,2.101042e+01,2.101042e+01,2.102434e+01,2.102434e+01,2.104522e+01,2.102434e+01,2.105218e+01,2.102434e+01,2.105914e+01,2.106609e+01,2.099649e+01,2.114955e+01,2.108696e+01,2.105218e+01,2.108001e+01,2.105218e+01,2.110783e+01,2.110088e+01,2.107305e+01,2.117736e+01,2.117041e+01,2.119126e+01,2.112869e+01,2.120515e+01,2.118431e+01,2.130238e+01,2.129544e+01,2.127461e+01,2.133708e+01,2.126767e+01,2.124683e+01,2.121210e+01,2.119126e+01,2.121905e+01,2.123989e+01,2.124683e+01,2.126767e+01,2.129544e+01,2.133014e+01,2.144112e+01,2.141339e+01,2.143419e+01,2.137177e+01,2.140645e+01,2.130932e+01,2.150349e+01,2.139952e+01,2.146191e+01,2.145498e+01,2.136484e+01,2.146884e+01,2.145498e+01,2.146884e+01,2.135096e+01,2.145498e+01,2.138565e+01,2.135790e+01,2.148270e+01,2.136484e+01,2.155197e+01,2.126072e+01,2.123294e+01,2.131626e+01,2.130238e+01,2.131626e+01,2.123989e+01,2.119820e+01,2.120515e+01,2.119820e+01,2.123294e+01,2.118431e+01,2.120515e+01,2.123294e+01,2.128156e+01,2.115650e+01,2.122600e+01,2.118431e+01,2.113565e+01,2.118431e+01,2.119126e+01,2.118431e+01,2.116345e+01,2.110088e+01,2.124683e+01,2.114955e+01,2.104522e+01,2.105914e+01,2.109392e+01,2.115650e+01,2.121905e+01,2.123989e+01,2.119126e+01,2.129544e+01,2.117736e+01,2.108696e+01,2.124683e+01,2.114260e+01,2.114260e+01,2.111479e+01,2.113565e+01,2.099649e+01,2.098256e+01,2.110783e+01,2.095471e+01,2.087806e+01,2.110783e+01,2.108696e+01,2.111479e+01,2.121210e+01,2.109392e+01,2.120515e+01,2.111479e+01,2.117041e+01,2.118431e+01,2.118431e+01,2.115650e+01,2.112174e+01,2.123294e+01,2.119126e+01,2.117041e+01,2.117041e+01,2.126072e+01,2.124683e+01,2.114955e+01,2.121905e+01,2.117736e+01,2.119820e+01,2.112174e+01,2.101042e+01,2.112174e+01,2.106609e+01,2.105218e+01,2.100345e+01,2.108696e+01,2.118431e+01,2.120515e+01,2.108001e+01,2.113565e+01,2.116345e+01,2.117041e+01,2.118431e+01,2.113565e+01,2.121905e+01,2.124683e+01,2.126767e+01,2.121905e+01,2.142032e+01,2.158659e+01,2.153119e+01,2.162119e+01,2.197349e+01,2.193901e+01,2.225584e+01,2.223520e+01,2.257169e+01,2.270871e+01,2.283188e+01,2.305048e+01,2.305730e+01,2.337751e+01,2.356101e+01,2.371706e+01,2.368316e+01,2.386612e+01,2.370350e+01,2.377807e+01,2.391350e+01,2.382549e+01,2.382549e+01,2.383226e+01,2.380517e+01,2.373062e+01,2.356101e+01,2.345230e+01,2.335029e+01,2.285923e+01,2.286607e+01,2.264022e+01,2.259911e+01,2.250311e+01,2.243448e+01,2.248939e+01,2.227647e+01,2.194591e+01,2.206999e+01,2.200107e+01,2.200107e+01,2.193211e+01,2.200107e+01,2.213198e+01,2.206310e+01,2.187000e+01,2.178713e+01,2.179404e+01,2.174567e+01,2.168345e+01,2.169728e+01,2.178022e+01,2.166270e+01,2.170420e+01,2.166270e+01,2.168345e+01,2.172494e+01,2.162811e+01,2.171802e+01,2.164195e+01,2.169037e+01,2.172494e+01,2.172494e+01,2.166270e+01,2.161427e+01,2.157274e+01,2.167654e+01,2.156582e+01,2.150349e+01,2.148270e+01,2.161427e+01,2.151734e+01,2.149656e+01,2.147577e+01,2.144805e+01,2.151734e+01,2.133708e+01,2.143419e+01,2.140645e+01,2.144805e+01,2.135790e+01,2.130238e+01,2.140645e+01,2.139952e+01,2.131626e+01,2.134402e+01,2.125378e+01,2.137871e+01,2.137177e+01,2.136484e+01,2.130932e+01,2.127461e+01,2.126767e+01,2.144112e+01,2.143419e+01,2.135096e+01,2.137871e+01,2.133708e+01,2.153812e+01,2.139952e+01,2.139258e+01,2.148963e+01,2.134402e+01,2.148963e+01,2.137871e+01,2.139258e+01,2.130932e+01,2.147577e+01,2.147577e+01,2.155197e+01,2.154505e+01,2.139952e+01,2.154505e+01,2.163503e+01,2.160735e+01,2.172494e+01,2.163503e+01,2.157274e+01,2.157967e+01,2.158659e+01,2.168345e+01,2.160043e+01,2.174567e+01,2.172494e+01,2.172494e+01,2.160735e+01,2.156582e+01,2.155890e+01,2.160043e+01,2.169728e+01,2.162811e+01,2.167654e+01,2.158659e+01,2.162811e+01,2.170420e+01,2.170420e+01,2.174567e+01,2.161427e+01,2.163503e+01,2.166270e+01,2.171111e+01,2.169728e+01,2.169037e+01,2.185620e+01,2.158659e+01,2.184929e+01,2.169728e+01,2.178022e+01,2.187691e+01,2.188381e+01,2.174567e+01,2.189761e+01,2.180095e+01,2.182167e+01,2.180786e+01,2.180786e+01,2.177332e+01,2.176641e+01,2.175949e+01,2.190451e+01,2.175258e+01,2.188381e+01,2.177332e+01,2.178022e+01,2.176641e+01,2.167654e+01,2.176641e+01
2.200107e+01,2.222145e+01,2.224208e+01,2.207688e+01,2.215952e+01,2.213198e+01,2.212509e+01,2.213886e+01,2.242075e+01,2.219393e+01,2.217328e+01,2.241389e+01,2.222833e+01,2.233146e+01,2.226271e+01,2.240702e+01,2.224896e+01,2.226271e+01,2.235894e+01,2.228334e+01,2.244821e+01,2.236581e+01,2.238642e+01,2.237268e+01,2.226271e+01,2.225584e+01,2.226959e+01,2.226959e+01,2.226959e+01,2.225584e+01,2.217328e+01,2.214575e+01,2.218016e+01,2.215952e+01,2.209066e+01,2.215263e+01,2.209066e+01,2.192521e+01,2.191831e+01,2.209066e+01,2.201486e+01,2.215952e+01,2.211821e+01,2.209066e+01,2.213198e+01,2.210443e+01,2.210443e+01,2.222833e+01,2.208377e+01,2.220081e+01,2.224208e+01,2.223520e+01,2.220081e+01,2.220769e+01,2.222833e+01,2.221457e+01,2.224896e+01,2.229022e+01,2.211132e+01,2.222145e+01,2.223520e+01,2.234520e+01,2.234520e+01,2.225584e+01,2.222145e+01,2.233146e+01,2.228334e+01,2.237955e+01,2.227647e+01,2.233146e+01,2.232458e+01,2.233146e+01,2.230396e+01,2.231771e+01,2.226959e+01,2.223520e+01,2.220081e+01,2.222833e+01,2.224896e+01,2.211132e+01,2.226271e+01,2.212509e+01,2.209066e+01,2.222833e+01,2.222833e+01,2.224896e+01,2.227647e+01,2.218705e+01,2.215952e+01,2.216640e+01,2.219393e+01,2.224208e+01,2.211132e+01,2.209755e+01,2.221457e+01,2.198039e+01,2.215263e+01,2.207688e+01,2.213886e+01,2.208377e+01,2.218016e+01,2.219393e+01,2.218016e+01,2.209755e+01,2.218705e+01,2.218705e+01,2.222145e+01,2.228334e+01,2.220081e+01,2.222833e+01,2.220081e+01,2.220081e+01,2.222145e+01,2.230396e+01,2.224208e+01,2.220081e+01,2.221457e+01,2.222833e+01,2.226271e+01,2.220081e+01,2.222833e+01,2.211821e+01,2.216640e+01,2.211821e+01,2.215952e+01,2.222145e+01,2.221457e+01,2.233833e+01,2.223520e+01,2.225584e+01,2.224208e+01,2.222145e+01,2.219393e+01,2.224208e+01,2.224896e+01,2.218016e+01,2.220081e+01,2.213886e+01,2.218016e+01,2.215952e+01,2.215263e+01,2.209066e+01,2.215952e+01,2.225584e+01,2.221457e+01,2.228334e+01,2.224896e+01,2.228334e+01,2.220769e+01,2.218705e+01,2.215263e+01,2.227647e+01,2.229709e+01,2.224896e+01,2.216640e+01,2.224208e+01,2.229709e+01,2.235207e+01,2.228334e+01,2.226271e+01,2.233146e+01,2.226959e+01,2.231771e+01,2.234520e+01,2.223520e+01,2.234520e+01,2.222833e+01,2.228334e+01,2.223520e+01,2.222145e+01,2.222833e+01,2.222833e+01,2.216640e+01,2.226959e+01,2.218016e+01,2.217328e+01,2.217328e+01,2.211821e+01,2.213198e+01,2.211132e+01,2.210443e+01,2.194591e+01,2.189761e+01,2.187000e+01,2.184929e+01,2.202176e+01,2.203554e+01,2.211132e+01,2.229709e+01,2.246880e+01,2.263337e+01,2.280452e+01,2.317323e+01,2.340471e+01,2.351346e+01,2.383903e+01,2.426480e+01,2.472913e+01,2.509777e+01,2.535839e+01,2.553844e+01,2.563168e+01,2.581127e+01,2.594410e+01,2.613640e+01,2.615628e+01,2.640769e+01,2.651337e+01,2.661894e+01,2.684294e+01,2.708617e+01,2.726331e+01,2.749251e+01,2.780603e+01,2.800803e+01,2.816416e+01,2.844332e+01,2.860529e+01,2.882518e+01,2.906397e+01,2.918639e+01,2.930867e+01,2.950146e+01,2.970673e+01,2.938583e+01,2.964904e+01,2.955923e+01,2.939868e+01,2.922502e+01,2.906397e+01,2.863766e+01,2.833953e+01,2.802756e+01,2.726987e+01,2.663213e+01,2.551845e+01,2.467540e+01,2.379839e+01,2.265392e+01,2.189761e+01,2.159351e+01,2.123989e+01,2.111479e+01,2.110088e+01,2.108001e+01,2.088503e+01,2.091291e+01,2.093381e+01,2.088503e+01,2.080833e+01,2.074553e+01,2.080833e+01,2.069666e+01,2.073855e+01,2.078042e+01,2.085715e+01,2.076647e+01,2.072459e+01,2.082925e+01,2.078042e+01,2.078042e+01,2.081530e+01,2.075251e+01,2.083623e+01,2.080135e+01,2.090594e+01,2.085715e+01,2.073157e+01,2.094774e+01,2.087109e+01,2.085017e+01,2.096864e+01,2.079438e+01,2.079438e+01,2.084320e+01,2.087109e+01,2.075949e+01,2.078042e+01,2.079438e+01,2.067570e+01,2.085017e+01,2.080135e+01,2.089897e+01,2.078042e+01,2.074553e+01,2.089897e+01,2.071761e+01,2.073855e+01,2.073157e+01,2.087806e+01,2.081530e+01,2.078042e+01,2.082228e+01,2.072459e+01,2.078042e+01,2.070364e+01,2.086412e+01,2.086412e+01,2.072459e+01,2.086412e+01,2.085017e+01,2.085715e+01,2.096864e+01,2.101042e+01,2.090594e+01,2.089200e+01,2.082925e+01,2.090594e+01,2.085715e+01,2.091291e+01,2.091291e+01,2.097560e+01,2.089200e+01,2.094077e+01,2.101042e+01,2.097560e+01,2.098256e+01,2.094077e+01,2.098256e+01,2.090594e+01,2.092684e+01,2.094077e+01,2.096864e+01,2.094774e+01,2.096864e+01,2.095471e+01,2.099649e+01,2.098953e+01,2.100345e+01,2.101042e+01,2.108001e+01,2.098953e+01,2.108001e+01,2.106609e+01,2.098953e+01,2.103826e+01,2.108001e+01,2.103826e+01,2.099649e+01,2.105218e+01,2.112869e+01,2.108001e+01,2.108001e+01,2.109392e+01,2.116345e+01,2.106609e+01,2.121210e+01,2.126072e+01,2.122600e+01,2.127461e+01,2.126072e+01,2.118431e+01,2.132320e+01,2.128156e+01,2.114260e+01,2.119126e+01,2.126072e+01,2.128850e+01,2.122600e+01,2.121210e+01,2.132320e+01,2.121905e+01,2.125378e+01,2.139258e+01,2.133708e+01,2.126767e+01,2.123989e+01,2.142032e+01,2.138565e+01,2.143419e+01,2.138565e+01,2.126767e+01,2.135096e+01,2.133014e+01,2.137177e+01,2.146191e+01,2.136484e+01,2.142032e+01,2.144112e+01,2.142032e+01,2.145498e+01,2.148963e+01,2.137177e+01,2.141339e+01,2.137177e+01,2.135096e+01,2.123294e+01,2.135096e+01,2.132320e+01,2.133014e+01,2.130238e+01,2.128156e+01,2.129544e+01,2.128156e+01,2.120515e+01,2.130238e+01,2.119820e+01,2.124683e+01,2.122600e+01,2.121905e+01,2.119126e+01,2.130238e+01,2.119126e+01,2.114260e+01,2.121905e+01,2.113565e+01,2.116345e+01,2.126072e+01,2.119126e+01,2.117736e+01,2.114260e+01,2.117041e+01,2.114260e+01,2.119126e+01,2.121210e+01,2.116345e+01,2.119126e+01,2.123989e+01,2.134402e+01,2.128850e+01,2.117041e+01,2.124683e+01,2.109392e+01,2.113565e+01,2.112174e+01,2.109392e+01,2.101738e+01,2.109392e+01,2.105218e+01,2.112174e+01,2.112869e+01,2.112174e+01,2.110783e+01,2.108696e+01,2.110783e+01,2.110783e+01,2.120515e+01,2.119126e+01,2.115650e+01,2.119820e+01,2.117041e+01,2.117736e+01,2.128850e+01,2.124683e+01,2.116345e+01,2.115650e+01,2.116345e+01,2.116345e+01,2.117041e+01,2.123989e+01,2.116345e+01,2.115650e+01,2.114955e+01,2.103826e+01,2.112174e+01,2.118431e+01,2.112174e+01,2.095471e+01,2.101042e+01,2.115650e+01,2.114955e+01,2.119126e+01,2.109392e+01,2.116345e+01,2.123989e+01,2.121210e+01,2.117736e+01,2.138565e+01,2.142725e+01,2.138565e+01,2.152427e+01,2.160735e+01,2.160735e+01,2.166270e+01,2.164887e+01,2.167654e+01,2.193901e+01,2.212509e+01,2.237268e+01,2.251683e+01,2.271556e+01,2.286607e+01,2.287290e+01,2.308459e+01,2.341831e+01,2.336390e+01,2.347949e+01,2.368316e+01,2.368994e+01,2.370350e+01,2.366281e+01,2.386612e+01,2.378484e+01,2.389320e+01,2.394733e+01,2.382549e+01,2.392703e+01,2.377129e+01,2.377129e+01,2.364924e+01,2.340471e+01,2.335710e+01,2.296173e+01,2.280452e+01,2.253741e+01,2.245507e+01,2.246880e+01,2.246880e+01,2.224896e+01,2.197349e+01,2.202176e+01,2.189761e+01,2.188381e+01,2.198039e+01,2.199418e+01,2.199418e+01,2.213886e+01,2.200107e+01,2.182167e+01,2.172494e+01,2.178022e+01,2.169728e+01,2.182167e+01,2.160735e+01,2.186310e+01,2.165579e+01,2.162811e+01,2.171111e+01,2.161427e+01,2.164887e+01,2.173185e+01,2.172494e+01,2.168345e+01,2.173185e+01,2.160735e+01,2.164195e+01,2.162119e+01,2.176641e+01,2.169037e+01,2.156582e+01,2.160043e+01,2.162119e+01,2.150349e+01,2.152427e+01,2.153812e+01,2.158659e+01,2.144112e+01,2.142725e+01,2.111479e+01,2.144805e+01,2.144805e+01,2.135790e+01,2.139258e+01,2.137177e+01,2.146191e+01,2.144112e+01,2.127461e+01,2.139952e+01,2.119126e+01,2.141339e+01,2.137177e+01,2.130238e+01,2.130932e+01,2.138565e+01,2.133014e+01,2.151734e+01,2.143419e+01,2.148963e+01,2.137177e+01,2.135096e+01,2.140645e+01,2.151042e+01,2.141339e+01,2.147577e+01,2.144112e+01,2.135096e+01,2.138565e+01,2.144112e+01,2.145498e+01,2.144805e+01,2.160735e+01,2.158659e+01,2.136484e+01,2.166270e+01,2.150349e+01,2.148963e+01,2.139258e+01,2.159351e+01,2.158659e+01,2.153812e+01,2.154505e+01,2.158659e+01,2.159351e+01,2.159351e+01,2.169037e+01,2.164887e+01,2.172494e+01,2.155890e+01,2.157967e+01,2.155197e+01,2.156582e+01,2.156582e+01,2.157967e+01,2.158659e+01,2.155890e+01,2.167654e+01,2.175949e+01,2.155890e+01,2.176641e+01,2.166270e+01,2.176641e+01,2.168345e+01,2.166270e+01,2.170420e+01,2.166962e+01,2.167654e+01,2.185620e+01,2.168345e+01,2.162811e+01,2.180786e+01,2.176641e+01,2.177332e+01,2.173876e+01,2.171802e+01,2.178022e+01,2.174567e+01,2.178022e+01,2.177332e+01,2.178713e+01,2.176641e+01,2.180095e+01,2.175949e+01,2.178022e+01,2.169728e+01,2.180095e+01,2.180095e+01,2.185620e+01,2.182858e+01,2.178022e+01,2.166962e+01
2.199418e+01,2.204243e+01,2.215263e+01,2.184929e+01,2.215263e+01,2.224896e+01,2.214575e+01,2.215952e+01,2.220081e+01,2.222145e+01,2.219393e+01,2.224896e+01,2.229709e+01,2.224896e+01,2.221457e+01,2.229022e+01,2.238642e+01,2.227647e+01,2.230396e+01,2.236581e+01,2.231771e+01,2.235207e+01,2.235207e+01,2.233146e+01,2.241389e+01,2.229709e+01,2.227647e+01,2.220769e+01,2.228334e+01,2.211132e+01,2.219393e+01,2.222145e+01,2.224208e+01,2.211132e+01,2.202865e+01,2.218705e+01,2.214575e+01,2.211132e+01,2.202176e+01,2.197349e+01,2.204932e+01,2.206999e+01,2.204243e+01,2.194591e+01,2.216640e+01,2.210443e+01,2.213886e+01,2.210443e+01,2.200797e+01,2.211821e+01,2.220081e+01,2.226271e+01,2.219393e+01,2.222833e+01,2.221457e+01,2.219393e+01,2.222145e+01,2.244821e+01,2.226959e+01,2.225584e+01,2.235207e+01,2.222145e+01,2.227647e+01,2.226271e+01,2.222833e+01,2.232458e+01,2.246194e+01,2.231771e+01,2.244821e+01,2.234520e+01,2.235207e+01,2.229709e+01,2.228334e+01,2.222145e+01,2.230396e+01,2.224208e+01,2.223520e+01,2.226271e+01,2.222833e+01,2.224896e+01,2.231771e+01,2.226959e+01,2.223520e+01,2.224208e+01,2.214575e+01,2.219393e+01,2.220081e+01,2.222145e+01,2.213198e+01,2.211821e+01,2.220769e+01,2.214575e+01,2.224896e+01,2.218016e+01,2.220769e+01,2.217328e+01,2.214575e+01,2.214575e+01,2.207688e+01,2.218705e+01,2.212509e+01,2.212509e+01,2.210443e+01,2.220769e+01,2.219393e+01,2.220769e+01,2.226959e+01,2.222833e+01,2.222833e+01,2.224208e+01,2.219393e+01,2.221457e+01,2.214575e+01,2.221457e+01,2.222833e+01,2.213886e+01,2.219393e+01,2.225584e+01,2.216640e+01,2.217328e+01,2.218016e+01,2.212509e+01,2.212509e+01,2.218705e+01,2.221457e+01,2.197349e+01,2.224208e+01,2.224208e+01,2.213886e+01,2.222145e+01,2.215263e+01,2.227647e+01,2.224208e+01,2.229709e+01,2.224208e+01,2.226271e+01,2.219393e+01,2.217328e+01,2.220769e+01,2.221457e+01,2.215952e+01,2.222833e+01,2.229709e+01,2.215952e+01,2.223520e+01,2.218016e+01,2.229709e+01,2.212509e+01,2.217328e+01,2.211821e+01,2.211821e+01,2.217328e+01,2.217328e+01,2.220081e+01,2.216640e+01,2.231084e+01,2.233146e+01,2.235894e+01,2.222833e+01,2.231084e+01,2.233833e+01,2.230396e+01,2.231771e+01,2.233146e+01,2.220081e+01,2.235894e+01,2.231771e+01,2.221457e+01,2.230396e+01,2.222833e+01,2.226271e+01,2.224896e+01,2.222145e+01,2.218016e+01,2.224208e+01,2.215263e+01,2.218705e+01,2.209066e+01,2.210443e+01,2.210443e+01,2.195970e+01,2.196660e+01,2.196660e+01,2.204932e+01,2.187000e+01,2.198039e+01,2.209066e+01,2.198729e+01,2.237268e+01,2.241389e+01,2.255798e+01,2.285923e+01,2.311869e+01,2.319368e+01,2.341151e+01,2.377129e+01,2.417034e+01,2.451405e+01,2.507770e+01,2.527827e+01,2.553178e+01,2.566496e+01,2.570488e+01,2.593746e+01,2.614965e+01,2.622911e+01,2.630852e+01,2.639447e+01,2.662554e+01,2.671782e+01,2.685610e+01,2.713212e+01,2.749251e+01,2.748596e+01,2.782560e+01,2.813165e+01,2.837197e+01,2.862471e+01,2.861176e+01,2.884456e+01,2.903173e+01,2.917351e+01,2.937940e+01,2.957207e+01,2.943723e+01,2.968110e+01,2.955282e+01,2.946293e+01,2.941154e+01,2.912842e+01,2.883164e+01,2.831356e+01,2.796896e+01,2.726987e+01,2.646054e+01,2.557841e+01,2.467540e+01,2.386612e+01,2.290707e+01,2.224208e+01,2.161427e+01,2.155890e+01,2.130238e+01,2.110088e+01,2.108001e+01,2.110783e+01,2.095471e+01,2.089200e+01,2.076647e+01,2.083623e+01,2.077344e+01,2.079438e+01,2.087109e+01,2.082925e+01,2.091291e+01,2.078740e+01,2.081530e+01,2.073855e+01,2.075949e+01,2.075949e+01,2.091291e+01,2.074553e+01,2.075949e+01,2.066174e+01,2.068967e+01,2.078740e+01,2.075251e+01,2.077344e+01,2.080135e+01,2.076647e+01,2.090594e+01,2.074553e+01,2.076647e+01,2.079438e+01,2.079438e+01,2.083623e+01,2.085017e+01,2.085017e+01,2.086412e+01,2.085715e+01,2.078740e+01,2.092684e+01,2.087109e+01,2.062680e+01,2.086412e+01,2.073855e+01,2.075949e+01,2.087806e+01,2.073157e+01,2.081530e+01,2.073157e+01,2.075251e+01,2.073855e+01,2.072459e+01,2.074553e+01,2.075251e+01,2.087109e+01,2.079438e+01,2.079438e+01,2.085017e+01,2.084320e+01,2.098256e+01,2.085017e+01,2.086412e+01,2.088503e+01,2.095471e+01,2.086412e+01,2.087109e+01,2.087109e+01,2.093381e+01,2.093381e+01,2.085017e+01,2.093381e+01,2.086412e+01,2.094077e+01,2.092684e+01,2.098953e+01,2.101042e+01,2.091987e+01,2.095471e+01,2.098953e+01,2.090594e+01,2.091987e+01,2.098256e+01,2.099649e+01,2.085715e+01,2.097560e+01,2.099649e+01,2.091987e+01,2.100345e+01,2.101738e+01,2.102434e+01,2.105914e+01,2.103130e+01,2.105914e+01,2.117041e+01,2.101042e+01,2.115650e+01,2.110088e+01,2.110088e+01,2.109392e+01,2.108696e+01,2.112174e+01,2.102434e+01,2.119820e+01,2.112174e+01,2.117041e+01,2.105914e+01,2.114260e+01,2.117736e+01,2.113565e+01,2.113565e+01,2.112869e+01,2.126767e+01,2.131626e+01,2.126072e+01,2.135790e+01,2.118431e+01,2.129544e+01,2.126072e+01,2.129544e+01,2.121210e+01,2.137871e+01,2.123294e+01,2.142032e+01,2.132320e+01,2.133014e+01,2.142032e+01,2.126767e+01,2.142725e+01,2.139258e+01,2.135096e+01,2.133708e+01,2.141339e+01,2.144805e+01,2.135096e+01,2.119820e+01,2.140645e+01,2.141339e+01,2.143419e+01,2.132320e+01,2.135096e+01,2.135096e+01,2.135096e+01,2.148270e+01,2.135790e+01,2.142725e+01,2.137871e+01,2.136484e+01,2.132320e+01,2.130238e+01,2.117041e+01,2.125378e+01,2.125378e+01,2.114260e+01,2.121210e+01,2.122600e+01,2.121905e+01,2.122600e+01,2.123294e+01,2.125378e+01,2.121905e+01,2.120515e+01,2.126072e+01,2.126767e+01,2.114955e+01,2.128156e+01,2.117736e+01,2.111479e+01,2.107305e+01,2.114955e+01,2.121210e+01,2.119820e+01,2.112174e+01,2.114260e+01,2.121905e+01,2.119820e+01,2.126072e+01,2.111479e+01,2.112869e+01,2.116345e+01,2.114955e+01,2.110088e+01,2.117041e+01,2.105914e+01,2.111479e+01,2.105218e+01,2.103826e+01,2.115650e+01,2.110088e+01,2.110783e+01,2.112869e+01,2.114955e+01,2.110783e+01,2.117041e+01,2.112869e+01,2.109392e+01,2.118431e+01,2.117041e+01,2.117041e+01,2.121210e+01,2.117041e+01,2.121905e+01,2.125378e+01,2.113565e+01,2.117736e+01,2.129544e+01,2.117041e+01,2.140645e+01,2.128850e+01,2.123294e+01,2.130238e+01,2.127461e+01,2.114955e+01,2.113565e+01,2.126072e+01,2.108001e+01,2.126072e+01,2.113565e+01,2.114260e+01,2.116345e+01,2.107305e+01,2.112869e+01,2.104522e+01,2.118431e+01,2.141339e+01,2.141339e+01,2.144805e+01,2.145498e+01,2.157967e+01,2.162811e+01,2.169037e+01,2.182858e+01,2.194591e+01,2.234520e+01,2.214575e+01,2.237268e+01,2.259225e+01,2.254426e+01,2.284555e+01,2.308459e+01,2.309823e+01,2.329585e+01,2.343871e+01,2.348629e+01,2.352705e+01,2.373062e+01,2.373062e+01,2.373062e+01,2.387966e+01,2.390673e+01,2.401496e+01,2.400144e+01,2.392027e+01,2.397439e+01,2.383903e+01,2.398115e+01,2.381194e+01,2.373740e+01,2.366959e+01,2.345910e+01,2.315960e+01,2.281136e+01,2.285239e+01,2.257169e+01,2.244135e+01,2.245507e+01,2.244821e+01,2.226271e+01,2.223520e+01,2.192521e+01,2.187000e+01,2.202176e+01,2.198039e+01,2.198039e+01,2.195280e+01,2.193901e+01,2.191141e+01,2.183548e+01,2.169037e+01,2.168345e+01,2.173876e+01,2.168345e+01,2.167654e+01,2.164887e+01,2.166962e+01,2.166270e+01,2.175258e+01,2.164195e+01,2.170420e+01,2.162811e+01,2.166270e+01,2.160735e+01,2.162811e+01,2.162811e+01,2.164195e+01,2.153812e+01,2.157967e+01,2.163503e+01,2.143419e+01,2.163503e+01,2.160735e+01,2.153119e+01,2.151042e+01,2.153812e+01,2.148963e+01,2.155197e+01,2.150349e+01,2.144112e+01,2.133708e+01,2.142725e+01,2.140645e+01,2.132320e+01,2.138565e+01,2.139952e+01,2.141339e+01,2.133014e+01,2.137871e+01,2.133708e+01,2.133708e+01,2.139258e+01,2.126767e+01,2.126072e+01,2.136484e+01,2.129544e+01,2.135096e+01,2.126072e+01,2.133708e+01,2.133014e+01,2.148963e+01,2.148963e+01,2.144805e+01,2.137177e+01,2.137177e+01,2.149656e+01,2.139952e+01,2.143419e+01,2.151734e+01,2.136484e+01,2.143419e+01,2.133014e+01,2.134402e+01,2.141339e+01,2.143419e+01,2.142725e+01,2.141339e+01,2.155890e+01,2.156582e+01,2.159351e+01,2.160735e+01,2.165579e+01,2.151042e+01,2.157967e+01,2.155197e+01,2.168345e+01,2.162119e+01,2.164887e+01,2.160043e+01,2.153812e+01,2.168345e+01,2.158659e+01,2.158659e+01,2.167654e+01,2.161427e+01,2.162811e+01,2.173876e+01,2.171111e+01,2.157274e+01,2.163503e+01,2.160043e+01,2.158659e+01,2.176641e+01,2.178713e+01,2.176641e+01,2.168345e+01,2.171802e+01,2.160735e+01,2.175949e+01,2.164887e+01,2.161427e+01,2.169728e+01,2.176641e+01,2.171802e+01,2.170420e+01,2.173185e+01,2.179404e+01,2.182858e+01,2.173876e+01,2.157274e+01,2.177332e+01,2.179404e+01,2.178713e+01,2.182858e+01,2.176641e+01,2.180095e+01,2.184929e+01,2.161427e+01,2.168345e+01,2.169728e+01,2.179404e+01
2.209066e+01,2.215952e+01,2.220081e+01,2.222145e+01,2.222145e+01,2.220081e+01,2.220769e+01,2.224896e+01,2.228334e+01,2.205621e+01,2.224208e+01,2.231084e+01,2.232458e+01,2.224208e+01,2.233146e+01,2.229709e+01,2.233833e+01,2.237955e+01,2.226271e+01,2.231771e+01,2.226271e+01,2.239328e+01,2.235207e+01,2.235207e+01,2.237268e+01,2.239328e+01,2.237955e+01,2.218016e+01,2.224208e+01,2.224208e+01,2.215952e+01,2.213886e+01,2.216640e+01,2.213886e+01,2.209755e+01,2.216640e+01,2.206999e+01,2.200107e+01,2.206999e+01,2.209066e+01,2.206310e+01,2.211132e+01,2.208377e+01,2.206999e+01,2.222145e+01,2.222145e+01,2.214575e+01,2.210443e+01,2.208377e+01,2.223520e+01,2.220769e+01,2.215263e+01,2.226959e+01,2.224208e+01,2.220081e+01,2.222145e+01,2.218705e+01,2.228334e+01,2.218705e+01,2.226959e+01,2.222145e+01,2.233146e+01,2.225584e+01,2.223520e+01,2.235207e+01,2.229709e+01,2.245507e+01,2.246194e+01,2.234520e+01,2.242075e+01,2.240015e+01,2.235894e+01,2.227647e+01,2.210443e+01,2.224896e+01,2.224208e+01,2.229022e+01,2.219393e+01,2.222145e+01,2.218705e+01,2.231084e+01,2.231084e+01,2.227647e+01,2.220081e+01,2.224208e+01,2.220769e+01,2.219393e+01,2.187691e+01,2.215263e+01,2.219393e+01,2.222145e+01,2.215952e+01,2.222833e+01,2.218705e+01,2.219393e+01,2.216640e+01,2.213198e+01,2.208377e+01,2.209755e+01,2.226271e+01,2.230396e+01,2.208377e+01,2.220769e+01,2.209755e+01,2.221457e+01,2.208377e+01,2.223520e+01,2.221457e+01,2.218016e+01,2.224896e+01,2.211132e+01,2.220769e+01,2.218016e+01,2.224208e+01,2.223520e+01,2.222833e+01,2.222833e+01,2.221457e+01,2.220769e+01,2.220769e+01,2.216640e+01,2.222145e+01,2.213886e+01,2.217328e+01,2.215263e+01,2.221457e+01,2.223520e+01,2.221457e+01,2.218016e+01,2.219393e+01,2.231084e+01,2.225584e+01,2.218705e+01,2.229709e+01,2.226959e+01,2.218705e+01,2.221457e+01,2.218705e+01,2.218016e+01,2.213886e+01,2.218016e+01,2.209066e+01,2.229022e+01,2.225584e+01,2.216640e+01,2.218705e+01,2.226959e+01,2.224208e+01,2.226959e+01,2.218705e+01,2.213886e+01,2.244821e+01,2.224208e+01,2.215952e+01,2.222833e+01,2.227647e+01,2.236581e+01,2.234520e+01,2.233146e+01,2.237268e+01,2.220769e+01,2.226271e+01,2.222833e+01,2.233833e+01,2.220769e+01,2.226959e+01,2.222833e+01,2.224208e+01,2.233146e+01,2.231084e+01,2.231084e+01,2.225584e+01,2.223520e+01,2.221457e+01,2.223520e+01,2.218016e+01,2.209066e+01,2.208377e+01,2.206999e+01,2.223520e+01,2.211821e+01,2.197349e+01,2.198729e+01,2.195970e+01,2.191141e+01,2.191141e+01,2.195970e+01,2.215952e+01,2.211821e+01,2.235894e+01,2.259225e+01,2.285923e+01,2.280452e+01,2.322093e+01,2.346590e+01,2.381872e+01,2.408254e+01,2.437939e+01,2.482309e+01,2.509777e+01,2.543179e+01,2.555843e+01,2.567827e+01,2.585113e+01,2.591755e+01,2.612978e+01,2.623573e+01,2.638786e+01,2.645394e+01,2.665191e+01,2.689558e+01,2.711900e+01,2.731574e+01,2.743362e+01,2.785820e+01,2.787123e+01,2.821615e+01,2.835900e+01,2.861176e+01,2.886394e+01,2.909620e+01,2.917995e+01,2.934726e+01,2.934082e+01,2.943081e+01,2.957207e+01,2.951430e+01,2.944366e+01,2.940511e+01,2.901884e+01,2.883810e+01,2.837846e+01,2.785820e+01,2.726987e+01,2.644733e+01,2.556509e+01,2.468212e+01,2.398791e+01,2.292757e+01,2.209755e+01,2.173185e+01,2.138565e+01,2.121210e+01,2.111479e+01,2.103826e+01,2.099649e+01,2.096167e+01,2.090594e+01,2.080135e+01,2.085017e+01,2.085017e+01,2.076647e+01,2.087109e+01,2.079438e+01,2.079438e+01,2.075251e+01,2.079438e+01,2.076647e+01,2.078740e+01,2.091291e+01,2.071761e+01,2.073855e+01,2.064776e+01,2.078042e+01,2.085715e+01,2.077344e+01,2.074553e+01,2.071062e+01,2.072459e+01,2.077344e+01,2.077344e+01,2.076647e+01,2.075251e+01,2.075251e+01,2.076647e+01,2.083623e+01,2.087109e+01,2.084320e+01,2.079438e+01,2.085017e+01,2.080135e+01,2.080135e+01,2.089897e+01,2.073855e+01,2.082228e+01,2.084320e+01,2.075949e+01,2.089200e+01,2.078740e+01,2.083623e+01,2.071761e+01,2.077344e+01,2.080135e+01,2.086412e+01,2.073855e+01,2.085715e+01,2.077344e+01,2.085017e+01,2.084320e+01,2.080135e+01,2.080833e+01,2.073855e+01,2.078042e+01,2.090594e+01,2.091987e+01,2.086412e+01,2.097560e+01,2.084320e+01,2.093381e+01,2.089897e+01,2.089200e+01,2.084320e+01,2.091987e+01,2.089200e+01,2.100345e+01,2.089897e+01,2.098256e+01,2.096167e+01,2.098256e+01,2.089897e+01,2.106609e+01,2.075949e+01,2.089200e+01,2.096167e+01,2.098256e+01,2.097560e+01,2.098256e+01,2.091987e+01,2.099649e+01,2.096864e+01,2.093381e+01,2.104522e+01,2.105218e+01,2.105218e+01,2.098256e+01,2.102434e+01,2.098256e+01,2.096167e+01,2.107305e+01,2.114260e+01,2.105218e+01,2.106609e+01,2.103130e+01,2.114955e+01,2.098953e+01,2.113565e+01,2.117041e+01,2.116345e+01,2.122600e+01,2.119126e+01,2.117041e+01,2.115650e+01,2.118431e+01,2.121905e+01,2.126767e+01,2.133708e+01,2.129544e+01,2.121210e+01,2.126767e+01,2.130932e+01,2.121905e+01,2.128850e+01,2.129544e+01,2.129544e+01,2.130238e+01,2.133014e+01,2.124683e+01,2.140645e+01,2.130238e+01,2.128156e+01,2.128156e+01,2.146884e+01,2.138565e+01,2.133014e+01,2.141339e+01,2.130238e+01,2.128156e+01,2.146884e+01,2.143419e+01,2.152427e+01,2.142725e+01,2.145498e+01,2.135790e+01,2.134402e+01,2.135790e+01,2.140645e+01,2.130238e+01,2.129544e+01,2.136484e+01,2.136484e+01,2.113565e+01,2.129544e+01,2.112174e+01,2.125378e+01,2.114260e+01,2.116345e+01,2.121210e+01,2.120515e+01,2.126072e+01,2.116345e+01,2.121210e+01,2.120515e+01,2.115650e+01,2.124683e+01,2.126767e+01,2.117736e+01,2.117736e+01,2.123989e+01,2.117041e+01,2.108696e+01,2.112174e+01,2.117041e+01,2.110783e+01,2.128156e+01,2.108696e+01,2.116345e+01,2.118431e+01,2.129544e+01,2.123294e+01,2.118431e+01,2.114955e+01,2.119820e+01,2.115650e+01,2.118431e+01,2.105218e+01,2.091987e+01,2.105914e+01,2.113565e+01,2.111479e+01,2.111479e+01,2.110783e+01,2.109392e+01,2.104522e+01,2.111479e+01,2.114955e+01,2.125378e+01,2.113565e+01,2.130238e+01,2.117041e+01,2.115650e+01,2.130238e+01,2.128850e+01,2.132320e+01,2.119820e+01,2.117736e+01,2.117041e+01,2.119126e+01,2.138565e+01,2.138565e+01,2.147577e+01,2.132320e+01,2.127461e+01,2.142032e+01,2.141339e+01,2.130238e+01,2.130238e+01,2.114955e+01,2.117736e+01,2.114955e+01,2.114260e+01,2.111479e+01,2.122600e+01,2.118431e+01,2.133708e+01,2.138565e+01,2.164195e+01,2.167654e+01,2.173876e+01,2.182167e+01,2.176641e+01,2.217328e+01,2.219393e+01,2.219393e+01,2.217328e+01,2.246194e+01,2.263337e+01,2.270871e+01,2.266078e+01,2.291391e+01,2.309823e+01,2.334349e+01,2.347269e+01,2.347949e+01,2.362889e+01,2.375096e+01,2.376451e+01,2.382549e+01,2.384581e+01,2.376451e+01,2.381872e+01,2.386612e+01,2.398791e+01,2.397439e+01,2.394733e+01,2.387289e+01,2.381872e+01,2.377807e+01,2.371706e+01,2.368316e+01,2.337751e+01,2.338431e+01,2.303000e+01,2.273610e+01,2.259911e+01,2.256483e+01,2.248252e+01,2.245507e+01,2.244135e+01,2.220081e+01,2.193901e+01,2.194591e+01,2.196660e+01,2.192521e+01,2.192521e+01,2.191141e+01,2.195280e+01,2.187000e+01,2.191141e+01,2.182858e+01,2.168345e+01,2.172494e+01,2.174567e+01,2.167654e+01,2.169037e+01,2.166962e+01,2.166962e+01,2.164195e+01,2.167654e+01,2.168345e+01,2.166962e+01,2.165579e+01,2.160735e+01,2.170420e+01,2.160043e+01,2.162119e+01,2.172494e+01,2.164195e+01,2.157274e+01,2.171802e+01,2.170420e+01,2.166962e+01,2.151042e+01,2.161427e+01,2.155197e+01,2.160043e+01,2.131626e+01,2.145498e+01,2.144805e+01,2.143419e+01,2.136484e+01,2.137177e+01,2.139258e+01,2.141339e+01,2.138565e+01,2.139952e+01,2.130238e+01,2.139258e+01,2.137871e+01,2.137871e+01,2.138565e+01,2.137871e+01,2.140645e+01,2.144805e+01,2.137177e+01,2.124683e+01,2.133014e+01,2.130932e+01,2.128850e+01,2.135096e+01,2.131626e+01,2.134402e+01,2.130238e+01,2.135790e+01,2.137871e+01,2.133708e+01,2.137177e+01,2.139258e+01,2.141339e+01,2.137871e+01,2.130238e+01,2.130932e+01,2.131626e+01,2.146884e+01,2.141339e+01,2.143419e+01,2.139952e+01,2.159351e+01,2.148270e+01,2.164887e+01,2.157967e+01,2.155890e+01,2.157967e+01,2.157967e+01,2.160735e+01,2.159351e+01,2.155197e+01,2.151734e+01,2.162811e+01,2.154505e+01,2.151734e+01,2.165579e+01,2.171802e+01,2.156582e+01,2.162119e+01,2.169728e+01,2.153812e+01,2.173185e+01,2.160735e+01,2.170420e+01,2.171111e+01,2.168345e+01,2.175949e+01,2.152427e+01,2.167654e+01,2.166962e+01,2.168345e+01,2.169037e+01,2.182167e+01,2.171111e+01,2.178713e+01,2.175949e+01,2.178022e+01,2.171802e+01,2.176641e+01,2.174567e+01,2.176641e+01,2.180095e+01,2.178022e+01,2.170420e+01,2.181476e+01,2.173185e+01,2.175258e+01,2.168345e+01,2.167654e+01,2.175258e+01,2.164887e+01,2.165579e+01,2.180095e+01,2.171111e+01,2.165579e+01
2.231084e+01,2.220081e+01,2.211821e+01,2.222145e+01,2.224208e+01,2.226271e+01,2.224208e+01,2.235894e+01,2.224208e+01,2.235207e+01,2.237955e+01,2.235894e+01,2.231771e+01,2.233833e+01,2.229709e+01,2.226271e+01,2.227647e+01,2.238642e+01,2.243448e+01,2.237268e+01,2.230396e+01,2.242075e+01,2.229709e+01,2.230396e+01,2.242075e+01,2.242762e+01,2.220081e+01,2.229022e+01,2.226959e+01,2.214575e+01,2.212509e+01,2.211821e+01,2.211132e+01,2.215952e+01,2.206999e+01,2.202865e+01,2.211132e+01,2.205621e+01,2.226271e+01,2.211821e+01,2.197349e+01,2.213198e+01,2.209755e+01,2.202176e+01,2.206310e+01,2.211821e+01,2.214575e+01,2.214575e+01,2.211821e+01,2.211132e+01,2.208377e+01,2.211821e+01,2.214575e+01,2.224208e+01,2.229709e+01,2.219393e+01,2.220081e+01,2.230396e+01,2.222833e+01,2.214575e+01,2.221457e+01,2.217328e+01,2.227647e+01,2.224208e+01,2.237955e+01,2.242075e+01,2.236581e+01,2.241389e+01,2.238642e+01,2.228334e+01,2.247566e+01,2.249625e+01,2.237955e+01,2.227647e+01,2.214575e+01,2.223520e+01,2.225584e+01,2.221457e+01,2.215952e+01,2.229022e+01,2.231084e+01,2.230396e+01,2.231084e+01,2.226271e+01,2.226271e+01,2.214575e+01,2.214575e+01,2.239328e+01,2.225584e+01,2.224208e+01,2.215952e+01,2.215263e+01,2.224208e+01,2.220081e+01,2.213886e+01,2.221457e+01,2.222145e+01,2.215952e+01,2.211821e+01,2.223520e+01,2.215952e+01,2.211132e+01,2.212509e+01,2.209066e+01,2.210443e+01,2.221457e+01,2.209066e+01,2.218705e+01,2.224208e+01,2.218705e+01,2.224208e+01,2.224208e+01,2.223520e+01,2.222833e+01,2.223520e+01,2.221457e+01,2.219393e+01,2.218705e+01,2.222833e+01,2.224896e+01,2.218016e+01,2.217328e+01,2.218705e+01,2.219393e+01,2.224208e+01,2.208377e+01,2.218705e+01,2.223520e+01,2.220769e+01,2.218016e+01,2.216640e+01,2.217328e+01,2.236581e+01,2.222145e+01,2.215952e+01,2.218705e+01,2.226271e+01,2.221457e+01,2.222145e+01,2.215263e+01,2.213198e+01,2.222833e+01,2.212509e+01,2.225584e+01,2.226959e+01,2.226959e+01,2.226959e+01,2.224208e+01,2.226271e+01,2.224896e+01,2.220769e+01,2.219393e+01,2.220081e+01,2.220081e+01,2.221457e+01,2.232458e+01,2.233146e+01,2.235894e+01,2.235207e+01,2.235207e+01,2.231084e+01,2.222145e+01,2.220081e+01,2.229709e+01,2.220081e+01,2.224208e+01,2.222833e+01,2.222145e+01,2.222833e+01,2.222833e+01,2.222145e+01,2.216640e+01,2.220081e+01,2.228334e+01,2.219393e+01,2.220769e+01,2.215952e+01,2.217328e+01,2.208377e+01,2.205621e+01,2.204243e+01,2.208377e+01,2.196660e+01,2.194591e+01,2.187691e+01,2.198039e+01,2.219393e+01,2.213198e+01,2.223520e+01,2.228334e+01,2.239328e+01,2.275663e+01,2.286607e+01,2.310505e+01,2.341831e+01,2.338431e+01,2.383903e+01,2.415008e+01,2.474927e+01,2.510446e+01,2.523151e+01,2.555843e+01,2.556509e+01,2.567827e+01,2.593746e+01,2.609002e+01,2.610990e+01,2.636142e+01,2.655297e+01,2.672441e+01,2.679686e+01,2.702049e+01,2.722397e+01,2.747288e+01,2.768204e+01,2.786471e+01,2.814465e+01,2.832006e+01,2.833304e+01,2.861824e+01,2.869589e+01,2.917351e+01,2.916063e+01,2.930224e+01,2.947578e+01,2.950788e+01,2.945651e+01,2.943081e+01,2.926363e+01,2.907686e+01,2.892205e+01,2.842386e+01,2.787123e+01,2.726331e+01,2.647375e+01,2.580462e+01,2.465524e+01,2.396086e+01,2.309141e+01,2.223520e+01,2.189071e+01,2.135790e+01,2.119820e+01,2.119820e+01,2.112869e+01,2.114260e+01,2.105914e+01,2.084320e+01,2.096167e+01,2.085017e+01,2.086412e+01,2.078042e+01,2.078740e+01,2.081530e+01,2.078740e+01,2.075949e+01,2.080135e+01,2.080135e+01,2.064078e+01,2.073157e+01,2.065475e+01,2.074553e+01,2.074553e+01,2.078740e+01,2.076647e+01,2.062680e+01,2.070364e+01,2.078042e+01,2.072459e+01,2.082228e+01,2.071062e+01,2.078042e+01,2.075251e+01,2.075949e+01,2.071062e+01,2.086412e+01,2.082925e+01,2.089897e+01,2.075949e+01,2.089200e+01,2.082925e+01,2.089897e+01,2.085017e+01,2.086412e+01,2.087109e+01,2.077344e+01,2.080833e+01,2.083623e+01,2.087109e+01,2.071761e+01,2.085017e+01,2.079438e+01,2.080135e+01,2.082925e+01,2.080833e+01,2.082228e+01,2.079438e+01,2.083623e+01,2.079438e+01,2.075949e+01,2.084320e+01,2.081530e+01,2.086412e+01,2.080135e+01,2.087806e+01,2.092684e+01,2.082925e+01,2.087109e+01,2.090594e+01,2.090594e+01,2.089200e+01,2.090594e+01,2.084320e+01,2.091291e+01,2.095471e+01,2.079438e+01,2.098953e+01,2.085017e+01,2.101042e+01,2.093381e+01,2.098256e+01,2.098256e+01,2.091987e+01,2.095471e+01,2.094774e+01,2.090594e+01,2.096864e+01,2.094077e+01,2.096864e+01,2.100345e+01,2.103130e+01,2.100345e+01,2.091987e+01,2.107305e+01,2.101738e+01,2.106609e+01,2.102434e+01,2.106609e+01,2.108696e+01,2.106609e+01,2.112869e+01,2.113565e+01,2.105914e+01,2.102434e+01,2.111479e+01,2.118431e+01,2.112869e+01,2.106609e+01,2.113565e+01,2.121905e+01,2.127461e+01,2.116345e+01,2.123294e+01,2.135790e+01,2.134402e+01,2.130932e+01,2.128156e+01,2.133708e+01,2.130932e+01,2.133708e+01,2.136484e+01,2.122600e+01,2.137871e+01,2.132320e+01,2.128850e+01,2.130238e+01,2.133014e+01,2.140645e+01,2.157274e+01,2.146191e+01,2.133708e+01,2.129544e+01,2.137871e+01,2.139952e+01,2.147577e+01,2.143419e+01,2.140645e+01,2.141339e+01,2.140645e+01,2.139952e+01,2.142725e+01,2.135790e+01,2.141339e+01,2.137177e+01,2.128850e+01,2.139952e+01,2.130238e+01,2.123989e+01,2.142725e+01,2.126072e+01,2.129544e+01,2.141339e+01,2.124683e+01,2.123989e+01,2.121210e+01,2.114260e+01,2.126767e+01,2.128850e+01,2.114955e+01,2.122600e+01,2.119126e+01,2.128156e+01,2.125378e+01,2.125378e+01,2.115650e+01,2.112174e+01,2.122600e+01,2.128156e+01,2.112174e+01,2.115650e+01,2.118431e+01,2.116345e+01,2.115650e+01,2.113565e+01,2.115650e+01,2.112174e+01,2.130932e+01,2.117041e+01,2.115650e+01,2.116345e+01,2.116345e+01,2.112869e+01,2.121905e+01,2.108001e+01,2.107305e+01,2.094774e+01,2.093381e+01,2.103130e+01,2.109392e+01,2.112869e+01,2.106609e+01,2.114955e+01,2.114955e+01,2.110088e+01,2.133708e+01,2.127461e+01,2.127461e+01,2.133708e+01,2.131626e+01,2.136484e+01,2.127461e+01,2.144805e+01,2.145498e+01,2.139258e+01,2.119820e+01,2.141339e+01,2.139258e+01,2.139952e+01,2.156582e+01,2.148270e+01,2.155197e+01,2.160735e+01,2.150349e+01,2.144112e+01,2.144112e+01,2.144805e+01,2.131626e+01,2.128850e+01,2.132320e+01,2.117736e+01,2.119820e+01,2.118431e+01,2.133014e+01,2.150349e+01,2.171802e+01,2.171111e+01,2.195280e+01,2.184239e+01,2.239328e+01,2.231771e+01,2.220081e+01,2.244135e+01,2.277716e+01,2.278400e+01,2.272241e+01,2.297539e+01,2.306412e+01,2.309823e+01,2.335029e+01,2.334349e+01,2.358816e+01,2.371028e+01,2.389320e+01,2.382549e+01,2.385258e+01,2.398115e+01,2.400144e+01,2.394057e+01,2.392027e+01,2.392703e+01,2.392703e+01,2.398791e+01,2.396762e+01,2.396086e+01,2.396762e+01,2.396762e+01,2.375096e+01,2.373740e+01,2.373062e+01,2.358816e+01,2.320049e+01,2.314597e+01,2.268817e+01,2.250311e+01,2.257169e+01,2.253055e+01,2.226271e+01,2.242762e+01,2.222145e+01,2.206999e+01,2.201486e+01,2.193211e+01,2.179404e+01,2.192521e+01,2.201486e+01,2.206310e+01,2.197349e+01,2.174567e+01,2.172494e+01,2.176641e+01,2.186310e+01,2.164195e+01,2.165579e+01,2.183548e+01,2.167654e+01,2.171802e+01,2.168345e+01,2.166270e+01,2.165579e+01,2.169728e+01,2.169037e+01,2.180786e+01,2.162811e+01,2.165579e+01,2.174567e+01,2.167654e+01,2.163503e+01,2.163503e+01,2.160043e+01,2.164195e+01,2.171111e+01,2.156582e+01,2.155197e+01,2.157967e+01,2.144805e+01,2.160735e+01,2.148963e+01,2.135790e+01,2.146191e+01,2.142725e+01,2.138565e+01,2.135096e+01,2.137871e+01,2.140645e+01,2.126767e+01,2.133014e+01,2.142725e+01,2.134402e+01,2.136484e+01,2.128850e+01,2.123294e+01,2.129544e+01,2.131626e+01,2.126072e+01,2.135096e+01,2.130238e+01,2.123294e+01,2.126767e+01,2.133014e+01,2.136484e+01,2.139258e+01,2.139952e+01,2.139258e+01,2.130932e+01,2.130932e+01,2.135096e+01,2.139258e+01,2.147577e+01,2.129544e+01,2.139258e+01,2.146191e+01,2.145498e+01,2.144805e+01,2.144805e+01,2.142032e+01,2.147577e+01,2.140645e+01,2.147577e+01,2.150349e+01,2.148270e+01,2.157967e+01,2.157967e+01,2.159351e+01,2.155890e+01,2.183548e+01,2.157274e+01,2.159351e+01,2.154505e+01,2.162811e+01,2.163503e+01,2.155197e+01,2.156582e+01,2.162119e+01,2.171802e+01,2.180786e+01,2.172494e+01,2.172494e+01,2.168345e+01,2.174567e+01,2.171802e+01,2.166962e+01,2.171802e+01,2.171111e+01,2.174567e+01,2.162119e+01,2.166270e+01,2.169037e+01,2.175949e+01,2.167654e+01,2.166962e+01,2.167654e+01,2.175258e+01,2.182858e+01,2.184239e+01,2.176641e+01,2.187000e+01,2.181476e+01,2.184929e+01,2.181476e+01,2.176641e+01,2.177332e+01,2.179404e+01,2.183548e+01,2.173185e+01,2.174567e+01,2.184239e+01,2.144805e+01,2.180786e+01,2.175949e+01,2.178713e+01
2.202176e+01,2.223520e+01,2.216640e+01,2.222145e+01,2.226271e+01,2.223520e+01,2.227647e+01,2.224208e+01,2.229022e+01,2.240015e+01,2.242075e+01,2.235894e+01,2.226959e+01,2.231084e+01,2.233146e+01,2.235207e+01,2.229709e+01,2.249625e+01,2.234520e+01,2.243448e+01,2.242762e+01,2.239328e+01,2.226271e+01,2.236581e+01,2.244821e+01,2.220081e+01,2.226271e+01,2.232458e+01,2.221457e+01,2.226271e+01,2.213198e+01,2.214575e+01,2.211821e+01,2.211132e+01,2.213198e+01,2.211132e+01,2.209755e+01,2.203554e+01,2.224208e+01,2.218705e+01,2.215263e+01,2.204932e+01,2.207688e+01,2.203554e+01,2.208377e+01,2.204932e+01,2.204932e+01,2.213886e+01,2.211132e+01,2.221457e+01,2.220081e+01,2.228334e+01,2.216640e+01,2.222833e+01,2.218705e+01,2.229709e+01,2.232458e+01,2.229022e+01,2.236581e+01,2.223520e+01,2.222145e+01,2.233146e+01,2.222833e+01,2.235894e+01,2.231084e+01,2.227647e+01,2.242762e+01,2.243448e+01,2.249625e+01,2.245507e+01,2.236581e+01,2.249625e+01,2.230396e+01,2.237268e+01,2.242762e+01,2.226271e+01,2.222833e+01,2.226959e+01,2.226959e+01,2.226959e+01,2.231771e+01,2.231084e+01,2.208377e+01,2.229022e+01,2.224896e+01,2.235207e+01,2.219393e+01,2.235894e+01,2.219393e+01,2.226959e+01,2.222145e+01,2.222145e+01,2.225584e+01,2.219393e+01,2.226271e+01,2.223520e+01,2.224208e+01,2.220769e+01,2.212509e+01,2.218705e+01,2.210443e+01,2.215263e+01,2.222145e+01,2.218705e+01,2.231084e+01,2.220081e+01,2.213198e+01,2.222145e+01,2.224896e+01,2.218705e+01,2.220769e+01,2.223520e+01,2.225584e+01,2.223520e+01,2.220081e+01,2.225584e+01,2.222145e+01,2.225584e+01,2.222145e+01,2.216640e+01,2.211821e+01,2.225584e+01,2.220769e+01,2.223520e+01,2.223520e+01,2.218016e+01,2.224896e+01,2.213886e+01,2.215263e+01,2.226959e+01,2.217328e+01,2.220081e+01,2.220769e+01,2.215263e+01,2.224896e+01,2.225584e+01,2.220769e+01,2.211821e+01,2.226959e+01,2.220081e+01,2.228334e+01,2.210443e+01,2.206999e+01,2.215263e+01,2.215263e+01,2.211132e+01,2.211132e+01,2.227647e+01,2.224896e+01,2.220081e+01,2.220769e+01,2.224208e+01,2.220081e+01,2.210443e+01,2.224208e+01,2.215263e+01,2.229709e+01,2.235207e+01,2.229709e+01,2.231084e+01,2.241389e+01,2.230396e+01,2.224208e+01,2.226959e+01,2.224896e+01,2.224896e+01,2.221457e+01,2.229709e+01,2.231771e+01,2.222833e+01,2.229709e+01,2.231771e+01,2.225584e+01,2.227647e+01,2.219393e+01,2.229022e+01,2.220081e+01,2.211132e+01,2.215952e+01,2.210443e+01,2.204932e+01,2.202865e+01,2.188381e+01,2.195970e+01,2.198729e+01,2.202176e+01,2.203554e+01,2.199418e+01,2.202865e+01,2.234520e+01,2.235207e+01,2.240702e+01,2.285239e+01,2.304365e+01,2.316642e+01,2.351346e+01,2.394057e+01,2.414333e+01,2.439287e+01,2.469555e+01,2.524487e+01,2.543179e+01,2.548513e+01,2.549179e+01,2.576474e+01,2.587770e+01,2.610990e+01,2.622250e+01,2.622250e+01,2.650677e+01,2.677052e+01,2.702049e+01,2.715181e+01,2.734850e+01,2.748596e+01,2.787123e+01,2.804708e+01,2.800803e+01,2.838495e+01,2.864413e+01,2.874116e+01,2.885748e+01,2.906397e+01,2.934082e+01,2.922502e+01,2.924433e+01,2.941154e+01,2.919927e+01,2.916063e+01,2.901239e+01,2.867001e+01,2.829409e+01,2.786471e+01,2.726331e+01,2.644733e+01,2.579798e+01,2.492367e+01,2.396762e+01,2.313233e+01,2.233146e+01,2.193211e+01,2.158659e+01,2.142032e+01,2.137871e+01,2.119126e+01,2.114260e+01,2.109392e+01,2.098953e+01,2.084320e+01,2.089200e+01,2.088503e+01,2.086412e+01,2.075949e+01,2.076647e+01,2.077344e+01,2.078740e+01,2.082228e+01,2.089897e+01,2.075251e+01,2.072459e+01,2.075949e+01,2.073855e+01,2.079438e+01,2.079438e+01,2.078740e+01,2.081530e+01,2.064078e+01,2.085715e+01,2.070364e+01,2.073855e+01,2.073157e+01,2.070364e+01,2.071062e+01,2.073855e+01,2.078042e+01,2.075949e+01,2.071761e+01,2.076647e+01,2.072459e+01,2.074553e+01,2.073157e+01,2.089897e+01,2.075251e+01,2.091987e+01,2.088503e+01,2.072459e+01,2.074553e+01,2.080833e+01,2.080135e+01,2.082228e+01,2.085715e+01,2.078042e+01,2.090594e+01,2.079438e+01,2.082925e+01,2.083623e+01,2.080135e+01,2.093381e+01,2.080833e+01,2.078740e+01,2.087806e+01,2.088503e+01,2.087806e+01,2.085017e+01,2.094077e+01,2.092684e+01,2.087109e+01,2.087806e+01,2.082925e+01,2.084320e+01,2.085715e+01,2.085017e+01,2.095471e+01,2.085715e+01,2.082925e+01,2.094774e+01,2.082228e+01,2.097560e+01,2.097560e+01,2.095471e+01,2.098953e+01,2.091987e+01,2.085715e+01,2.089897e+01,2.092684e+01,2.096864e+01,2.101738e+01,2.101738e+01,2.104522e+01,2.099649e+01,2.092684e+01,2.102434e+01,2.104522e+01,2.103826e+01,2.097560e+01,2.099649e+01,2.114260e+01,2.105218e+01,2.112869e+01,2.103130e+01,2.098256e+01,2.102434e+01,2.117736e+01,2.114260e+01,2.111479e+01,2.111479e+01,2.114260e+01,2.108001e+01,2.118431e+01,2.117041e+01,2.117736e+01,2.130238e+01,2.124683e+01,2.121905e+01,2.122600e+01,2.118431e+01,2.129544e+01,2.136484e+01,2.130932e+01,2.136484e+01,2.124683e+01,2.128156e+01,2.132320e+01,2.134402e+01,2.138565e+01,2.134402e+01,2.141339e+01,2.142725e+01,2.136484e+01,2.129544e+01,2.140645e+01,2.131626e+01,2.137177e+01,2.137871e+01,2.139258e+01,2.139952e+01,2.127461e+01,2.122600e+01,2.139952e+01,2.130932e+01,2.133708e+01,2.135096e+01,2.137177e+01,2.131626e+01,2.131626e+01,2.133708e+01,2.132320e+01,2.131626e+01,2.143419e+01,2.123989e+01,2.119820e+01,2.121210e+01,2.124683e+01,2.119820e+01,2.123989e+01,2.114955e+01,2.125378e+01,2.125378e+01,2.122600e+01,2.121905e+01,2.127461e+01,2.119126e+01,2.124683e+01,2.119126e+01,2.126767e+01,2.117736e+01,2.118431e+01,2.115650e+01,2.107305e+01,2.114260e+01,2.121210e+01,2.117736e+01,2.120515e+01,2.121905e+01,2.117736e+01,2.130238e+01,2.131626e+01,2.115650e+01,2.120515e+01,2.114955e+01,2.117736e+01,2.117736e+01,2.112174e+01,2.105218e+01,2.110783e+01,2.104522e+01,2.106609e+01,2.128156e+01,2.117736e+01,2.112869e+01,2.114260e+01,2.117736e+01,2.121905e+01,2.117736e+01,2.114260e+01,2.122600e+01,2.137177e+01,2.148963e+01,2.139258e+01,2.145498e+01,2.146191e+01,2.163503e+01,2.146884e+01,2.144805e+01,2.153119e+01,2.171111e+01,2.167654e+01,2.159351e+01,2.190451e+01,2.166962e+01,2.164887e+01,2.163503e+01,2.182167e+01,2.170420e+01,2.182858e+01,2.170420e+01,2.148963e+01,2.170420e+01,2.164195e+01,2.156582e+01,2.166270e+01,2.173876e+01,2.172494e+01,2.173185e+01,2.173185e+01,2.198729e+01,2.231771e+01,2.223520e+01,2.243448e+01,2.242762e+01,2.278400e+01,2.287974e+01,2.282504e+01,2.295490e+01,2.323456e+01,2.320731e+01,2.329585e+01,2.337070e+01,2.368994e+01,2.365602e+01,2.387966e+01,2.387966e+01,2.395410e+01,2.390673e+01,2.395410e+01,2.401496e+01,2.404200e+01,2.402172e+01,2.408254e+01,2.399467e+01,2.402172e+01,2.385258e+01,2.394733e+01,2.394733e+01,2.393380e+01,2.389996e+01,2.381872e+01,2.392027e+01,2.340471e+01,2.340471e+01,2.311187e+01,2.295490e+01,2.270871e+01,2.257169e+01,2.248939e+01,2.228334e+01,2.246880e+01,2.244135e+01,2.213886e+01,2.194591e+01,2.183548e+01,2.182858e+01,2.180095e+01,2.196660e+01,2.194591e+01,2.201486e+01,2.194591e+01,2.173185e+01,2.185620e+01,2.171802e+01,2.170420e+01,2.167654e+01,2.161427e+01,2.189761e+01,2.166962e+01,2.166962e+01,2.168345e+01,2.167654e+01,2.172494e+01,2.169037e+01,2.166962e+01,2.170420e+01,2.160735e+01,2.163503e+01,2.162119e+01,2.166962e+01,2.162119e+01,2.161427e+01,2.166270e+01,2.164887e+01,2.177332e+01,2.170420e+01,2.160043e+01,2.162119e+01,2.155197e+01,2.151042e+01,2.150349e+01,2.148963e+01,2.145498e+01,2.144805e+01,2.144805e+01,2.145498e+01,2.137871e+01,2.125378e+01,2.134402e+01,2.121905e+01,2.131626e+01,2.126767e+01,2.140645e+01,2.137177e+01,2.134402e+01,2.125378e+01,2.130238e+01,2.133708e+01,2.119820e+01,2.129544e+01,2.126072e+01,2.123989e+01,2.130238e+01,2.128850e+01,2.136484e+01,2.132320e+01,2.130238e+01,2.133708e+01,2.127461e+01,2.128156e+01,2.137177e+01,2.135096e+01,2.137871e+01,2.139952e+01,2.147577e+01,2.139258e+01,2.144805e+01,2.148270e+01,2.146884e+01,2.144805e+01,2.161427e+01,2.149656e+01,2.157274e+01,2.139952e+01,2.157274e+01,2.151734e+01,2.164887e+01,2.148963e+01,2.176641e+01,2.152427e+01,2.155197e+01,2.158659e+01,2.153119e+01,2.146884e+01,2.174567e+01,2.168345e+01,2.171111e+01,2.165579e+01,2.169728e+01,2.153812e+01,2.167654e+01,2.173876e+01,2.166962e+01,2.166962e+01,2.169728e+01,2.172494e+01,2.173185e+01,2.172494e+01,2.169037e+01,2.176641e+01,2.175949e+01,2.191831e+01,2.180095e+01,2.162811e+01,2.167654e+01,2.167654e+01,2.170420e+01,2.180095e+01,2.177332e+01,2.177332e+01,2.171802e+01,2.181476e+01,2.175258e+01,2.173876e+01,2.171111e+01,2.173185e+01,2.170420e+01,2.170420e+01,2.166962e+01,2.165579e+01,2.169728e+01,2.178713e+01,2.180095e+01,2.174567e+01
2.218705e+01,2.221457e+01,2.231771e+01,2.224208e+01,2.224896e+01,2.229709e+01,2.226959e+01,2.237268e+01,2.237955e+01,2.235207e+01,2.231084e+01,2.241389e+01,2.233833e+01,2.232458e+01,2.237268e+01,2.237955e+01,2.242762e+01,2.237268e+01,2.255112e+01,2.238642e+01,2.244821e+01,2.238642e+01,2.239328e+01,2.246194e+01,2.235894e+01,2.229709e+01,2.225584e+01,2.226959e+01,2.222833e+01,2.225584e+01,2.219393e+01,2.213886e+01,2.214575e+01,2.221457e+01,2.208377e+01,2.207688e+01,2.214575e+01,2.230396e+01,2.186310e+01,2.210443e+01,2.208377e+01,2.202176e+01,2.205621e+01,2.205621e+01,2.202865e+01,2.202865e+01,2.215263e+01,2.198729e+01,2.209755e+01,2.218016e+01,2.213886e+01,2.230396e+01,2.219393e+01,2.231084e+01,2.211821e+01,2.235894e+01,2.230396e+01,2.224208e+01,2.220769e+01,2.205621e+01,2.228334e+01,2.235207e+01,2.222145e+01,2.224896e+01,2.231084e+01,2.227647e+01,2.241389e+01,2.244135e+01,2.244135e+01,2.245507e+01,2.253741e+01,2.237268e+01,2.239328e+01,2.248939e+01,2.233833e+01,2.229709e+01,2.226959e+01,2.227647e+01,2.226959e+01,2.227647e+01,2.228334e+01,2.229022e+01,2.234520e+01,2.228334e+01,2.235894e+01,2.215952e+01,2.223520e+01,2.240702e+01,2.224896e+01,2.220769e+01,2.223520e+01,2.218705e+01,2.216640e+01,2.225584e+01,2.217328e+01,2.213198e+01,2.222833e+01,2.218016e+01,2.218705e+01,2.226959e+01,2.213886e+01,2.223520e+01,2.220769e+01,2.219393e+01,2.234520e+01,2.224208e+01,2.227647e+01,2.218705e+01,2.215263e+01,2.219393e+01,2.221457e+01,2.218016e+01,2.223520e+01,2.223520e+01,2.223520e+01,2.227647e+01,2.223520e+01,2.220769e+01,2.218705e+01,2.218016e+01,2.214575e+01,2.221457e+01,2.224208e+01,2.223520e+01,2.221457e+01,2.220769e+01,2.216640e+01,2.220081e+01,2.219393e+01,2.218705e+01,2.228334e+01,2.215952e+01,2.224208e+01,2.226271e+01,2.213886e+01,2.214575e+01,2.215952e+01,2.215263e+01,2.215263e+01,2.221457e+01,2.212509e+01,2.218016e+01,2.224208e+01,2.232458e+01,2.216640e+01,2.236581e+01,2.216640e+01,2.218705e+01,2.215952e+01,2.223520e+01,2.222145e+01,2.225584e+01,2.219393e+01,2.218016e+01,2.229709e+01,2.228334e+01,2.234520e+01,2.235894e+01,2.225584e+01,2.226271e+01,2.231084e+01,2.228334e+01,2.235894e+01,2.226959e+01,2.226959e+01,2.222833e+01,2.225584e+01,2.227647e+01,2.226959e+01,2.228334e+01,2.226959e+01,2.231771e+01,2.233146e+01,2.227647e+01,2.220081e+01,2.220081e+01,2.226271e+01,2.215952e+01,2.212509e+01,2.215263e+01,2.206310e+01,2.201486e+01,2.193211e+01,2.197349e+01,2.191141e+01,2.187691e+01,2.203554e+01,2.198729e+01,2.210443e+01,2.226959e+01,2.240015e+01,2.249625e+01,2.285239e+01,2.294123e+01,2.320731e+01,2.334349e+01,2.347949e+01,2.404200e+01,2.431874e+01,2.476941e+01,2.511784e+01,2.525155e+01,2.553178e+01,2.555177e+01,2.561171e+01,2.580462e+01,2.607676e+01,2.614965e+01,2.617615e+01,2.649356e+01,2.651997e+01,2.682978e+01,2.713212e+01,2.716494e+01,2.749251e+01,2.765591e+01,2.787123e+01,2.787775e+01,2.826811e+01,2.841089e+01,2.850166e+01,2.865060e+01,2.879934e+01,2.905753e+01,2.914775e+01,2.914775e+01,2.914775e+01,2.904463e+01,2.902529e+01,2.881872e+01,2.863118e+01,2.804058e+01,2.763632e+01,2.724364e+01,2.648696e+01,2.576474e+01,2.468212e+01,2.403524e+01,2.322093e+01,2.244821e+01,2.189071e+01,2.158659e+01,2.139952e+01,2.136484e+01,2.118431e+01,2.116345e+01,2.113565e+01,2.111479e+01,2.087109e+01,2.084320e+01,2.087109e+01,2.089200e+01,2.082228e+01,2.075949e+01,2.072459e+01,2.083623e+01,2.071761e+01,2.072459e+01,2.070364e+01,2.061282e+01,2.077344e+01,2.057088e+01,2.079438e+01,2.071062e+01,2.071761e+01,2.071062e+01,2.073855e+01,2.066174e+01,2.064776e+01,2.067570e+01,2.068967e+01,2.066872e+01,2.084320e+01,2.078740e+01,2.085017e+01,2.073157e+01,2.070364e+01,2.076647e+01,2.075949e+01,2.075949e+01,2.076647e+01,2.084320e+01,2.083623e+01,2.090594e+01,2.082228e+01,2.082228e+01,2.076647e+01,2.085017e+01,2.087806e+01,2.087806e+01,2.082228e+01,2.085017e+01,2.082228e+01,2.081530e+01,2.096167e+01,2.081530e+01,2.081530e+01,2.083623e+01,2.090594e+01,2.086412e+01,2.084320e+01,2.083623e+01,2.082228e+01,2.089897e+01,2.096167e+01,2.093381e+01,2.087806e+01,2.095471e+01,2.082228e+01,2.093381e+01,2.090594e+01,2.094774e+01,2.087806e+01,2.078042e+01,2.096864e+01,2.096864e+01,2.098953e+01,2.097560e+01,2.101738e+01,2.085017e+01,2.107305e+01,2.097560e+01,2.089897e+01,2.099649e+01,2.091987e+01,2.100345e+01,2.114260e+01,2.101042e+01,2.096864e+01,2.093381e+01,2.097560e+01,2.099649e+01,2.109392e+01,2.105914e+01,2.101738e+01,2.104522e+01,2.095471e+01,2.101042e+01,2.105914e+01,2.114955e+01,2.120515e+01,2.098953e+01,2.108001e+01,2.110783e+01,2.114260e+01,2.105218e+01,2.114260e+01,2.117736e+01,2.117736e+01,2.121210e+01,2.117736e+01,2.118431e+01,2.120515e+01,2.117041e+01,2.121210e+01,2.127461e+01,2.130238e+01,2.125378e+01,2.128156e+01,2.133708e+01,2.137871e+01,2.135096e+01,2.125378e+01,2.132320e+01,2.130932e+01,2.135096e+01,2.128156e+01,2.139258e+01,2.144805e+01,2.139258e+01,2.137871e+01,2.139952e+01,2.146191e+01,2.146884e+01,2.135790e+01,2.140645e+01,2.128850e+01,2.139952e+01,2.141339e+01,2.138565e+01,2.135096e+01,2.137177e+01,2.130932e+01,2.135790e+01,2.131626e+01,2.133708e+01,2.129544e+01,2.119820e+01,2.130238e+01,2.130932e+01,2.121210e+01,2.126767e+01,2.130932e+01,2.123294e+01,2.124683e+01,2.124683e+01,2.122600e+01,2.114955e+01,2.121210e+01,2.128156e+01,2.119820e+01,2.118431e+01,2.110088e+01,2.125378e+01,2.121905e+01,2.122600e+01,2.118431e+01,2.117736e+01,2.117041e+01,2.121905e+01,2.119126e+01,2.125378e+01,2.117736e+01,2.120515e+01,2.117041e+01,2.117736e+01,2.117041e+01,2.126072e+01,2.126767e+01,2.121905e+01,2.121905e+01,2.114955e+01,2.113565e+01,2.101042e+01,2.104522e+01,2.106609e+01,2.108001e+01,2.112869e+01,2.108696e+01,2.114260e+01,2.117736e+01,2.119820e+01,2.115650e+01,2.121905e+01,2.133014e+01,2.147577e+01,2.144805e+01,2.150349e+01,2.176641e+01,2.185620e+01,2.153119e+01,2.176641e+01,2.186310e+01,2.187000e+01,2.184239e+01,2.187000e+01,2.188381e+01,2.182167e+01,2.194591e+01,2.199418e+01,2.187000e+01,2.207688e+01,2.203554e+01,2.188381e+01,2.203554e+01,2.197349e+01,2.173876e+01,2.175258e+01,2.180095e+01,2.186310e+01,2.172494e+01,2.187691e+01,2.201486e+01,2.202176e+01,2.233146e+01,2.230396e+01,2.251683e+01,2.248252e+01,2.283188e+01,2.292074e+01,2.296173e+01,2.303683e+01,2.327542e+01,2.328223e+01,2.342511e+01,2.368994e+01,2.384581e+01,2.385258e+01,2.394733e+01,2.392027e+01,2.392703e+01,2.391350e+01,2.396762e+01,2.406227e+01,2.389320e+01,2.387289e+01,2.404200e+01,2.400820e+01,2.392027e+01,2.405551e+01,2.397439e+01,2.390673e+01,2.394733e+01,2.392027e+01,2.390673e+01,2.383903e+01,2.378484e+01,2.358138e+01,2.345910e+01,2.329585e+01,2.298904e+01,2.266078e+01,2.263337e+01,2.260596e+01,2.230396e+01,2.240702e+01,2.250997e+01,2.218016e+01,2.236581e+01,2.198039e+01,2.198039e+01,2.193211e+01,2.176641e+01,2.202865e+01,2.199418e+01,2.208377e+01,2.192521e+01,2.185620e+01,2.182167e+01,2.171111e+01,2.173185e+01,2.175258e+01,2.176641e+01,2.169037e+01,2.179404e+01,2.166962e+01,2.167654e+01,2.164195e+01,2.168345e+01,2.161427e+01,2.162119e+01,2.175258e+01,2.171802e+01,2.166270e+01,2.198039e+01,2.162811e+01,2.164887e+01,2.164195e+01,2.164195e+01,2.170420e+01,2.167654e+01,2.157274e+01,2.153119e+01,2.151734e+01,2.143419e+01,2.160043e+01,2.151734e+01,2.148270e+01,2.147577e+01,2.146191e+01,2.133708e+01,2.146191e+01,2.134402e+01,2.141339e+01,2.139258e+01,2.130932e+01,2.126072e+01,2.139258e+01,2.137177e+01,2.126767e+01,2.139258e+01,2.132320e+01,2.133014e+01,2.127461e+01,2.132320e+01,2.128156e+01,2.119126e+01,2.121905e+01,2.128850e+01,2.133014e+01,2.131626e+01,2.134402e+01,2.137177e+01,2.137871e+01,2.129544e+01,2.131626e+01,2.136484e+01,2.126072e+01,2.139258e+01,2.132320e+01,2.135790e+01,2.131626e+01,2.149656e+01,2.146884e+01,2.155890e+01,2.142725e+01,2.142725e+01,2.148270e+01,2.153119e+01,2.148963e+01,2.153119e+01,2.157967e+01,2.156582e+01,2.157274e+01,2.155197e+01,2.154505e+01,2.156582e+01,2.156582e+01,2.155890e+01,2.153119e+01,2.155890e+01,2.152427e+01,2.164887e+01,2.179404e+01,2.168345e+01,2.153812e+01,2.185620e+01,2.158659e+01,2.165579e+01,2.174567e+01,2.178022e+01,2.179404e+01,2.164195e+01,2.174567e+01,2.173876e+01,2.169037e+01,2.173185e+01,2.166962e+01,2.170420e+01,2.170420e+01,2.180095e+01,2.179404e+01,2.182167e+01,2.178022e+01,2.177332e+01,2.175258e+01,2.175949e+01,2.172494e+01,2.172494e+01,2.171802e+01,2.164195e+01,2.169728e+01,2.167654e+01,2.173876e+01,2.166270e+01,2.179404e+01,2.171111e+01,2.173185e+01,2.175258e+01,2.184929e+01
2.213198e+01,2.222833e+01,2.222833e+01,2.223520e+01,2.224896e+01,2.233146e+01,2.236581e+01,2.237268e+01,2.227647e+01,2.237268e+01,2.235207e+01,2.240702e+01,2.237268e+01,2.233833e+01,2.241389e+01,2.236581e+01,2.229709e+01,2.246880e+01,2.233833e+01,2.235894e+01,2.225584e+01,2.244135e+01,2.217328e+01,2.237955e+01,2.237955e+01,2.237268e+01,2.229022e+01,2.227647e+01,2.222145e+01,2.222833e+01,2.229709e+01,2.222145e+01,2.213198e+01,2.213886e+01,2.204243e+01,2.209755e+01,2.208377e+01,2.218016e+01,2.219393e+01,2.206999e+01,2.204932e+01,2.208377e+01,2.208377e+01,2.201486e+01,2.217328e+01,2.215952e+01,2.208377e+01,2.214575e+01,2.206310e+01,2.213886e+01,2.217328e+01,2.224208e+01,2.215263e+01,2.219393e+01,2.229022e+01,2.229709e+01,2.228334e+01,2.223520e+01,2.223520e+01,2.221457e+01,2.222833e+01,2.221457e+01,2.224896e+01,2.222145e+01,2.239328e+01,2.226959e+01,2.235894e+01,2.244135e+01,2.238642e+01,2.240702e+01,2.252369e+01,2.251683e+01,2.242762e+01,2.236581e+01,2.236581e+01,2.229022e+01,2.227647e+01,2.226271e+01,2.228334e+01,2.213198e+01,2.228334e+01,2.233146e+01,2.235207e+01,2.219393e+01,2.217328e+01,2.229709e+01,2.236581e+01,2.240015e+01,2.223520e+01,2.224208e+01,2.224896e+01,2.226959e+01,2.216640e+01,2.219393e+01,2.211821e+01,2.212509e+01,2.216640e+01,2.215952e+01,2.209066e+01,2.213886e+01,2.220081e+01,2.215952e+01,2.213886e+01,2.222833e+01,2.232458e+01,2.210443e+01,2.226959e+01,2.228334e+01,2.219393e+01,2.229709e+01,2.216640e+01,2.220769e+01,2.221457e+01,2.221457e+01,2.224896e+01,2.225584e+01,2.222833e+01,2.220081e+01,2.210443e+01,2.235207e+01,2.207688e+01,2.222145e+01,2.209755e+01,2.222145e+01,2.228334e+01,2.217328e+01,2.234520e+01,2.215263e+01,2.222145e+01,2.223520e+01,2.226271e+01,2.220769e+01,2.219393e+01,2.212509e+01,2.222833e+01,2.226271e+01,2.219393e+01,2.213198e+01,2.220769e+01,2.209755e+01,2.215952e+01,2.225584e+01,2.226271e+01,2.213886e+01,2.231084e+01,2.219393e+01,2.218705e+01,2.225584e+01,2.222833e+01,2.227647e+01,2.230396e+01,2.227647e+01,2.218016e+01,2.228334e+01,2.227647e+01,2.229709e+01,2.233146e+01,2.233146e+01,2.233833e+01,2.226271e+01,2.230396e+01,2.230396e+01,2.228334e+01,2.226271e+01,2.224896e+01,2.231771e+01,2.237268e+01,2.229022e+01,2.234520e+01,2.222145e+01,2.242762e+01,2.226959e+01,2.231771e+01,2.229709e+01,2.231084e+01,2.218705e+01,2.231771e+01,2.218705e+01,2.213886e+01,2.221457e+01,2.213886e+01,2.203554e+01,2.200797e+01,2.195970e+01,2.193211e+01,2.211132e+01,2.199418e+01,2.195280e+01,2.202176e+01,2.221457e+01,2.232458e+01,2.241389e+01,2.279768e+01,2.292074e+01,2.296856e+01,2.328904e+01,2.352026e+01,2.375096e+01,2.429852e+01,2.461492e+01,2.493707e+01,2.525155e+01,2.529831e+01,2.557841e+01,2.561171e+01,2.582456e+01,2.591091e+01,2.609664e+01,2.618277e+01,2.632836e+01,2.642090e+01,2.664532e+01,2.684294e+01,2.700735e+01,2.739434e+01,2.745979e+01,2.770162e+01,2.785168e+01,2.804708e+01,2.820965e+01,2.836548e+01,2.848221e+01,2.865060e+01,2.870882e+01,2.883164e+01,2.898658e+01,2.903818e+01,2.879934e+01,2.883810e+01,2.877995e+01,2.842386e+01,2.802756e+01,2.767551e+01,2.718462e+01,2.651997e+01,2.576474e+01,2.497727e+01,2.403524e+01,2.321412e+01,2.252369e+01,2.198729e+01,2.156582e+01,2.155197e+01,2.120515e+01,2.119126e+01,2.115650e+01,2.086412e+01,2.110783e+01,2.098953e+01,2.085017e+01,2.085017e+01,2.081530e+01,2.086412e+01,2.074553e+01,2.073157e+01,2.082228e+01,2.071761e+01,2.080833e+01,2.068269e+01,2.077344e+01,2.078740e+01,2.056389e+01,2.059884e+01,2.061981e+01,2.072459e+01,2.081530e+01,2.071062e+01,2.072459e+01,2.072459e+01,2.070364e+01,2.078042e+01,2.063379e+01,2.060583e+01,2.071761e+01,2.076647e+01,2.085715e+01,2.073157e+01,2.075949e+01,2.075251e+01,2.073855e+01,2.075251e+01,2.068269e+01,2.078042e+01,2.077344e+01,2.075949e+01,2.089897e+01,2.078042e+01,2.083623e+01,2.085715e+01,2.083623e+01,2.083623e+01,2.080833e+01,2.090594e+01,2.082228e+01,2.095471e+01,2.078740e+01,2.080833e+01,2.096167e+01,2.094077e+01,2.090594e+01,2.081530e+01,2.082228e+01,2.073855e+01,2.093381e+01,2.096167e+01,2.085715e+01,2.094077e+01,2.087109e+01,2.086412e+01,2.092684e+01,2.082925e+01,2.090594e+01,2.087806e+01,2.089200e+01,2.096864e+01,2.090594e+01,2.092684e+01,2.095471e+01,2.084320e+01,2.098953e+01,2.085715e+01,2.100345e+01,2.088503e+01,2.096864e+01,2.098953e+01,2.095471e+01,2.099649e+01,2.099649e+01,2.103130e+01,2.106609e+01,2.100345e+01,2.101738e+01,2.094774e+01,2.102434e+01,2.102434e+01,2.103130e+01,2.103130e+01,2.096864e+01,2.100345e+01,2.103826e+01,2.105914e+01,2.108001e+01,2.108001e+01,2.103826e+01,2.105914e+01,2.109392e+01,2.114260e+01,2.113565e+01,2.119126e+01,2.122600e+01,2.115650e+01,2.121210e+01,2.132320e+01,2.117736e+01,2.125378e+01,2.130238e+01,2.135096e+01,2.122600e+01,2.133014e+01,2.134402e+01,2.117736e+01,2.141339e+01,2.133014e+01,2.132320e+01,2.132320e+01,2.138565e+01,2.128156e+01,2.136484e+01,2.137871e+01,2.141339e+01,2.138565e+01,2.140645e+01,2.138565e+01,2.137871e+01,2.139952e+01,2.139952e+01,2.139258e+01,2.141339e+01,2.130932e+01,2.133708e+01,2.130932e+01,2.130238e+01,2.129544e+01,2.128156e+01,2.133014e+01,2.130238e+01,2.133708e+01,2.126072e+01,2.121210e+01,2.119820e+01,2.124683e+01,2.123294e+01,2.121210e+01,2.120515e+01,2.119126e+01,2.123294e+01,2.123989e+01,2.126767e+01,2.119820e+01,2.130238e+01,2.122600e+01,2.111479e+01,2.123989e+01,2.121210e+01,2.119126e+01,2.117736e+01,2.123294e+01,2.112869e+01,2.119126e+01,2.123294e+01,2.128850e+01,2.121210e+01,2.126072e+01,2.123989e+01,2.124683e+01,2.127461e+01,2.126767e+01,2.116345e+01,2.126072e+01,2.103826e+01,2.117736e+01,2.121210e+01,2.113565e+01,2.103130e+01,2.106609e+01,2.106609e+01,2.105914e+01,2.111479e+01,2.113565e+01,2.096864e+01,2.116345e+01,2.133014e+01,2.111479e+01,2.126072e+01,2.137177e+01,2.143419e+01,2.165579e+01,2.192521e+01,2.193211e+01,2.190451e+01,2.206999e+01,2.208377e+01,2.213198e+01,2.208377e+01,2.188381e+01,2.188381e+01,2.218016e+01,2.218016e+01,2.236581e+01,2.235894e+01,2.238642e+01,2.226959e+01,2.237268e+01,2.226271e+01,2.227647e+01,2.224208e+01,2.208377e+01,2.228334e+01,2.202865e+01,2.220081e+01,2.233146e+01,2.233146e+01,2.242762e+01,2.241389e+01,2.244135e+01,2.261967e+01,2.285923e+01,2.298221e+01,2.303683e+01,2.332307e+01,2.343191e+01,2.348629e+01,2.345230e+01,2.348629e+01,2.384581e+01,2.385935e+01,2.390673e+01,2.389996e+01,2.412983e+01,2.413658e+01,2.415683e+01,2.410956e+01,2.409605e+01,2.404876e+01,2.400820e+01,2.404876e+01,2.402848e+01,2.402172e+01,2.396086e+01,2.407579e+01,2.409605e+01,2.396086e+01,2.391350e+01,2.389996e+01,2.389996e+01,2.387289e+01,2.381872e+01,2.356779e+01,2.334349e+01,2.334349e+01,2.292757e+01,2.260596e+01,2.254426e+01,2.255112e+01,2.253741e+01,2.236581e+01,2.246880e+01,2.231084e+01,2.202865e+01,2.202176e+01,2.193211e+01,2.198039e+01,2.200107e+01,2.203554e+01,2.205621e+01,2.202865e+01,2.195280e+01,2.170420e+01,2.171111e+01,2.167654e+01,2.171802e+01,2.177332e+01,2.170420e+01,2.170420e+01,2.167654e+01,2.160735e+01,2.178022e+01,2.169037e+01,2.173185e+01,2.178022e+01,2.169728e+01,2.162811e+01,2.178022e+01,2.167654e+01,2.164195e+01,2.171111e+01,2.164195e+01,2.169728e+01,2.172494e+01,2.166962e+01,2.165579e+01,2.151042e+01,2.166270e+01,2.148963e+01,2.169037e+01,2.159351e+01,2.144112e+01,2.140645e+01,2.132320e+01,2.143419e+01,2.133014e+01,2.138565e+01,2.133014e+01,2.131626e+01,2.160043e+01,2.119820e+01,2.123989e+01,2.126767e+01,2.126767e+01,2.130238e+01,2.132320e+01,2.125378e+01,2.127461e+01,2.124683e+01,2.124683e+01,2.129544e+01,2.130932e+01,2.122600e+01,2.121210e+01,2.123989e+01,2.127461e+01,2.131626e+01,2.137177e+01,2.118431e+01,2.137177e+01,2.128156e+01,2.133708e+01,2.129544e+01,2.144112e+01,2.126072e+01,2.129544e+01,2.128156e+01,2.132320e+01,2.139258e+01,2.138565e+01,2.139258e+01,2.151734e+01,2.153812e+01,2.148963e+01,2.153119e+01,2.148270e+01,2.156582e+01,2.163503e+01,2.150349e+01,2.151042e+01,2.157274e+01,2.153812e+01,2.154505e+01,2.151734e+01,2.152427e+01,2.153119e+01,2.171111e+01,2.165579e+01,2.178022e+01,2.160735e+01,2.175949e+01,2.162119e+01,2.166962e+01,2.171111e+01,2.165579e+01,2.173185e+01,2.170420e+01,2.166270e+01,2.175949e+01,2.171111e+01,2.173185e+01,2.171802e+01,2.193901e+01,2.172494e+01,2.170420e+01,2.167654e+01,2.176641e+01,2.176641e+01,2.169037e+01,2.177332e+01,2.175949e+01,2.172494e+01,2.174567e+01,2.172494e+01,2.166270e+01,2.166962e+01,2.166962e+01,2.170420e+01,2.168345e+01,2.178022e+01,2.160043e+01,2.171802e+01,2.172494e+01,2.163503e+01,2.166962e+01
2.206310e+01,2.224896e+01,2.233833e+01,2.232458e+01,2.226959e+01,2.224208e+01,2.234520e+01,2.234520e+01,2.224896e+01,2.244135e+01,2.231084e+01,2.231771e+01,2.237955e+01,2.250997e+01,2.237268e+01,2.228334e+01,2.251683e+01,2.234520e+01,2.227647e+01,2.232458e+01,2.230396e+01,2.244135e+01,2.218016e+01,2.241389e+01,2.236581e+01,2.206999e+01,2.225584e+01,2.221457e+01,2.226271e+01,2.227647e+01,2.224208e+01,2.223520e+01,2.217328e+01,2.211132e+01,2.208377e+01,2.216640e+01,2.211821e+01,2.207688e+01,2.206999e+01,2.205621e+01,2.210443e+01,2.194591e+01,2.211821e+01,2.201486e+01,2.204243e+01,2.215952e+01,2.205621e+01,2.206999e+01,2.207688e+01,2.222145e+01,2.206310e+01,2.215263e+01,2.222833e+01,2.212509e+01,2.235207e+01,2.226959e+01,2.226271e+01,2.210443e+01,2.224896e+01,2.226271e+01,2.220769e+01,2.219393e+01,2.239328e+01,2.220769e+01,2.240702e+01,2.231084e+01,2.244135e+01,2.241389e+01,2.255112e+01,2.236581e+01,2.248939e+01,2.255798e+01,2.237955e+01,2.233146e+01,2.235894e+01,2.236581e+01,2.230396e+01,2.231771e+01,2.222145e+01,2.227647e+01,2.233833e+01,2.232458e+01,2.237268e+01,2.235894e+01,2.230396e+01,2.235894e+01,2.224208e+01,2.226271e+01,2.225584e+01,2.213886e+01,2.225584e+01,2.216640e+01,2.213886e+01,2.213198e+01,2.220081e+01,2.210443e+01,2.206999e+01,2.206310e+01,2.215263e+01,2.215263e+01,2.215263e+01,2.213198e+01,2.221457e+01,2.212509e+01,2.220081e+01,2.218705e+01,2.224208e+01,2.218705e+01,2.220081e+01,2.221457e+01,2.218016e+01,2.228334e+01,2.221457e+01,2.219393e+01,2.213886e+01,2.224896e+01,2.233833e+01,2.209755e+01,2.229022e+01,2.211821e+01,2.220081e+01,2.214575e+01,2.215263e+01,2.219393e+01,2.221457e+01,2.216640e+01,2.215952e+01,2.218016e+01,2.215263e+01,2.220769e+01,2.217328e+01,2.213198e+01,2.220769e+01,2.211821e+01,2.213198e+01,2.222145e+01,2.223520e+01,2.220769e+01,2.218016e+01,2.221457e+01,2.214575e+01,2.217328e+01,2.207688e+01,2.216640e+01,2.219393e+01,2.222833e+01,2.216640e+01,2.220769e+01,2.222145e+01,2.222145e+01,2.226271e+01,2.218705e+01,2.218705e+01,2.226271e+01,2.216640e+01,2.229022e+01,2.216640e+01,2.231084e+01,2.226271e+01,2.230396e+01,2.229022e+01,2.229022e+01,2.229022e+01,2.229709e+01,2.224208e+01,2.223520e+01,2.222833e+01,2.231084e+01,2.218705e+01,2.227647e+01,2.229022e+01,2.229709e+01,2.231084e+01,2.226271e+01,2.222833e+01,2.230396e+01,2.225584e+01,2.216640e+01,2.215263e+01,2.215263e+01,2.215952e+01,2.217328e+01,2.199418e+01,2.195970e+01,2.195970e+01,2.193211e+01,2.193901e+01,2.198039e+01,2.200797e+01,2.201486e+01,2.230396e+01,2.239328e+01,2.241389e+01,2.285923e+01,2.298904e+01,2.315278e+01,2.342511e+01,2.352705e+01,2.402848e+01,2.439960e+01,2.486333e+01,2.491026e+01,2.525823e+01,2.529163e+01,2.556509e+01,2.558507e+01,2.580462e+01,2.606350e+01,2.607013e+01,2.610327e+01,2.618277e+01,2.647375e+01,2.679028e+01,2.688242e+01,2.718462e+01,2.726987e+01,2.744016e+01,2.765591e+01,2.779951e+01,2.807962e+01,2.819665e+01,2.836548e+01,2.843035e+01,2.858587e+01,2.865707e+01,2.865060e+01,2.867648e+01,2.868942e+01,2.864413e+01,2.839792e+01,2.816416e+01,2.800152e+01,2.755790e+01,2.718462e+01,2.650016e+01,2.577139e+01,2.498397e+01,2.422433e+01,2.338431e+01,2.259225e+01,2.199418e+01,2.155890e+01,2.140645e+01,2.122600e+01,2.116345e+01,2.113565e+01,2.110088e+01,2.105218e+01,2.091291e+01,2.109392e+01,2.094774e+01,2.080833e+01,2.087806e+01,2.078042e+01,2.078740e+01,2.071062e+01,2.078042e+01,2.081530e+01,2.071761e+01,2.080135e+01,2.064776e+01,2.069666e+01,2.071761e+01,2.069666e+01,2.084320e+01,2.071761e+01,2.071761e+01,2.083623e+01,2.078740e+01,2.073157e+01,2.071761e+01,2.070364e+01,2.072459e+01,2.068269e+01,2.082228e+01,2.075949e+01,2.075949e+01,2.074553e+01,2.071761e+01,2.080833e+01,2.082228e+01,2.070364e+01,2.073157e+01,2.078740e+01,2.080135e+01,2.075949e+01,2.078740e+01,2.080833e+01,2.081530e+01,2.082925e+01,2.088503e+01,2.082925e+01,2.080833e+01,2.077344e+01,2.095471e+01,2.082925e+01,2.096864e+01,2.079438e+01,2.089200e+01,2.094774e+01,2.083623e+01,2.085017e+01,2.082228e+01,2.084320e+01,2.094774e+01,2.094077e+01,2.093381e+01,2.091987e+01,2.088503e+01,2.091987e+01,2.087806e+01,2.090594e+01,2.090594e+01,2.089200e+01,2.088503e+01,2.092684e+01,2.090594e+01,2.091987e+01,2.091291e+01,2.090594e+01,2.098256e+01,2.090594e+01,2.089897e+01,2.096167e+01,2.098953e+01,2.100345e+01,2.093381e+01,2.098953e+01,2.115650e+01,2.097560e+01,2.108001e+01,2.096864e+01,2.098256e+01,2.101738e+01,2.102434e+01,2.103130e+01,2.103130e+01,2.105218e+01,2.103130e+01,2.119820e+01,2.101042e+01,2.100345e+01,2.101738e+01,2.108696e+01,2.111479e+01,2.114955e+01,2.112869e+01,2.114955e+01,2.117041e+01,2.117041e+01,2.116345e+01,2.119126e+01,2.117736e+01,2.124683e+01,2.120515e+01,2.126767e+01,2.126072e+01,2.119126e+01,2.133014e+01,2.117736e+01,2.125378e+01,2.127461e+01,2.125378e+01,2.132320e+01,2.127461e+01,2.128156e+01,2.130238e+01,2.130932e+01,2.132320e+01,2.137177e+01,2.132320e+01,2.139258e+01,2.123294e+01,2.126767e+01,2.121905e+01,2.127461e+01,2.138565e+01,2.121210e+01,2.129544e+01,2.139258e+01,2.124683e+01,2.138565e+01,2.126767e+01,2.129544e+01,2.128156e+01,2.129544e+01,2.130238e+01,2.130932e+01,2.128850e+01,2.130932e+01,2.125378e+01,2.120515e+01,2.121905e+01,2.121210e+01,2.121210e+01,2.123294e+01,2.123294e+01,2.120515e+01,2.124683e+01,2.112174e+01,2.112174e+01,2.120515e+01,2.115650e+01,2.105914e+01,2.118431e+01,2.117041e+01,2.114260e+01,2.117041e+01,2.117041e+01,2.122600e+01,2.117041e+01,2.110783e+01,2.127461e+01,2.117736e+01,2.119820e+01,2.127461e+01,2.126072e+01,2.126767e+01,2.110783e+01,2.120515e+01,2.123294e+01,2.099649e+01,2.119820e+01,2.121905e+01,2.119126e+01,2.106609e+01,2.111479e+01,2.112174e+01,2.113565e+01,2.117041e+01,2.119126e+01,2.121905e+01,2.124683e+01,2.153119e+01,2.153812e+01,2.188381e+01,2.175949e+01,2.207688e+01,2.193211e+01,2.226959e+01,2.226271e+01,2.228334e+01,2.247566e+01,2.231771e+01,2.254426e+01,2.242762e+01,2.249625e+01,2.260596e+01,2.263337e+01,2.260596e+01,2.254426e+01,2.242762e+01,2.255112e+01,2.240702e+01,2.253055e+01,2.224896e+01,2.242762e+01,2.246880e+01,2.246194e+01,2.237955e+01,2.240015e+01,2.246194e+01,2.281136e+01,2.286607e+01,2.284555e+01,2.290707e+01,2.302318e+01,2.329585e+01,2.332988e+01,2.332988e+01,2.347949e+01,2.355421e+01,2.383903e+01,2.374418e+01,2.405551e+01,2.392027e+01,2.404876e+01,2.412307e+01,2.430526e+01,2.418384e+01,2.411632e+01,2.392703e+01,2.402848e+01,2.402848e+01,2.404876e+01,2.402172e+01,2.403524e+01,2.404200e+01,2.404200e+01,2.387966e+01,2.387966e+01,2.399467e+01,2.383226e+01,2.389320e+01,2.385258e+01,2.385258e+01,2.359495e+01,2.349308e+01,2.341151e+01,2.307095e+01,2.292757e+01,2.249625e+01,2.254426e+01,2.241389e+01,2.245507e+01,2.229709e+01,2.229022e+01,2.223520e+01,2.198039e+01,2.193901e+01,2.180786e+01,2.175258e+01,2.196660e+01,2.198729e+01,2.195970e+01,2.183548e+01,2.182167e+01,2.170420e+01,2.180095e+01,2.181476e+01,2.174567e+01,2.167654e+01,2.172494e+01,2.165579e+01,2.164195e+01,2.169037e+01,2.166962e+01,2.173185e+01,2.173185e+01,2.164195e+01,2.173876e+01,2.161427e+01,2.162119e+01,2.173185e+01,2.165579e+01,2.169037e+01,2.160043e+01,2.171802e+01,2.163503e+01,2.160735e+01,2.164887e+01,2.171802e+01,2.170420e+01,2.147577e+01,2.151734e+01,2.157274e+01,2.142032e+01,2.142725e+01,2.143419e+01,2.137177e+01,2.133708e+01,2.135096e+01,2.139258e+01,2.138565e+01,2.114955e+01,2.123989e+01,2.125378e+01,2.128850e+01,2.130932e+01,2.119126e+01,2.127461e+01,2.123294e+01,2.124683e+01,2.122600e+01,2.122600e+01,2.129544e+01,2.117736e+01,2.124683e+01,2.126072e+01,2.123989e+01,2.116345e+01,2.129544e+01,2.135790e+01,2.126767e+01,2.128850e+01,2.121210e+01,2.118431e+01,2.124683e+01,2.149656e+01,2.126072e+01,2.135096e+01,2.126072e+01,2.127461e+01,2.136484e+01,2.155197e+01,2.153119e+01,2.140645e+01,2.138565e+01,2.144805e+01,2.148270e+01,2.156582e+01,2.148963e+01,2.150349e+01,2.150349e+01,2.145498e+01,2.148963e+01,2.153812e+01,2.152427e+01,2.151734e+01,2.153119e+01,2.155890e+01,2.148270e+01,2.162811e+01,2.153812e+01,2.156582e+01,2.159351e+01,2.164195e+01,2.162811e+01,2.164887e+01,2.166270e+01,2.175258e+01,2.167654e+01,2.170420e+01,2.174567e+01,2.167654e+01,2.167654e+01,2.167654e+01,2.169728e+01,2.172494e+01,2.191141e+01,2.161427e+01,2.166962e+01,2.182858e+01,2.177332e+01,2.172494e+01,2.173185e+01,2.175258e+01,2.175258e+01,2.164887e+01,2.171802e+01,2.169728e+01,2.167654e+01,2.166962e+01,2.176641e+01,2.166270e+01,2.162811e+01,2.162119e+01,2.166962e+01,2.162119e+01,2.164195e+01
