Filename = C:\Users\lenovo\Documents\ResearchIR Data\Rec-0908-tomato-2-000139-251_07_44_28_992.seq
Units = Temperature (C)
Time = 251:08:11:43.831000
FrameNumber = 16350
Preset = 0

2.138101e+01,2.127798e+01,2.118172e+01,2.144278e+01,2.120235e+01,2.127110e+01,2.132607e+01,2.127798e+01,2.126423e+01,2.126423e+01,2.128485e+01,2.136728e+01,2.142906e+01,2.151137e+01,2.135355e+01,2.143592e+01,2.123674e+01,2.129172e+01,2.123674e+01,2.132607e+01,2.129172e+01,2.126423e+01,2.122986e+01,2.123674e+01,2.122298e+01,2.120923e+01,2.126423e+01,2.128485e+01,2.134668e+01,2.125048e+01,2.121611e+01,2.117484e+01,2.134668e+01,2.122298e+01,2.149766e+01,2.136728e+01,2.134668e+01,2.130546e+01,2.133981e+01,2.129859e+01,2.131233e+01,2.130546e+01,2.125736e+01,2.122986e+01,2.126423e+01,2.142906e+01,2.131233e+01,2.122298e+01,2.117484e+01,2.146336e+01,2.132607e+01,2.131920e+01,2.135355e+01,2.128485e+01,2.129859e+01,2.129172e+01,2.131920e+01,2.129859e+01,2.144278e+01,2.145650e+01,2.151137e+01,2.149080e+01,2.151137e+01,2.172371e+01,2.186046e+01,2.141533e+01,2.135355e+01,2.122986e+01,2.124361e+01,2.141533e+01,2.120235e+01,2.127110e+01,2.128485e+01,2.130546e+01,2.121611e+01,2.139474e+01,2.131920e+01,2.131920e+01,2.126423e+01,2.129859e+01,2.125736e+01,2.133294e+01,2.119548e+01,2.120235e+01,2.129859e+01,2.131233e+01,2.127798e+01,2.147022e+01,2.118172e+01,2.138788e+01,2.128485e+01,2.137415e+01,2.131233e+01,2.127798e+01,2.135355e+01,2.135355e+01,2.131920e+01,2.128485e+01,2.133981e+01,2.126423e+01,2.127798e+01,2.154565e+01,2.122986e+01,2.125736e+01,2.138788e+01,2.131920e+01,2.126423e+01,2.133981e+01,2.141533e+01,2.138788e+01,2.140847e+01,2.131920e+01,2.129859e+01,2.127110e+01,2.123674e+01,2.131233e+01,2.140161e+01,2.120235e+01,2.132607e+01,2.137415e+01,2.127798e+01,2.140847e+01,2.121611e+01,2.120235e+01,2.122986e+01,2.129859e+01,2.127798e+01,2.121611e+01,2.137415e+01,2.151137e+01,2.123674e+01,2.117484e+01,2.125736e+01,2.126423e+01,2.128485e+01,2.130546e+01,2.149766e+01,2.130546e+01,2.135355e+01,2.129172e+01,2.129859e+01,2.127798e+01,2.136728e+01,2.140161e+01,2.133981e+01,2.125048e+01,2.129859e+01,2.130546e+01,2.123674e+01,2.120235e+01,2.118860e+01,2.116796e+01,2.117484e+01,2.117484e+01,2.117484e+01,2.113355e+01,2.135355e+01,2.109225e+01,2.120923e+01,2.118860e+01,2.122986e+01,2.102338e+01,2.116108e+01,2.105094e+01,2.127798e+01,2.127798e+01,2.129172e+01,2.120235e+01,2.119548e+01,2.126423e+01,2.110602e+01,2.111979e+01,2.114044e+01,2.116108e+01,2.118172e+01,2.115420e+01,2.109914e+01,2.107160e+01,2.118172e+01,2.104405e+01,2.117484e+01,2.116796e+01,2.116796e+01,2.122298e+01,2.119548e+01,2.117484e+01,2.118860e+01,2.129859e+01,2.106471e+01,2.129172e+01,2.129172e+01,2.129859e+01,2.133981e+01,2.136728e+01,2.129172e+01,2.136041e+01,2.125048e+01,2.122298e+01,2.122986e+01,2.140161e+01,2.147022e+01,2.155936e+01,2.188096e+01,2.163472e+01,2.166895e+01,2.171002e+01,2.169633e+01,2.185363e+01,2.232406e+01,2.248719e+01,2.184679e+01,2.162102e+01,2.167580e+01,2.179894e+01,2.162102e+01,2.162787e+01,2.173739e+01,2.207207e+01,2.306960e+01,2.252793e+01,2.278557e+01,2.323828e+01,2.305609e+01,2.302231e+01,2.393709e+01,2.394378e+01,2.246681e+01,2.220836e+01,2.254150e+01,2.308985e+01,2.166895e+01,2.165526e+01,2.190145e+01,2.171002e+01,2.182629e+01,2.209934e+01,2.285327e+01,2.234447e+01,2.233086e+01,2.374270e+01,2.399065e+01,2.292092e+01,2.325851e+01,2.234447e+01,2.208571e+01,2.203115e+01,2.171686e+01,2.162787e+01,2.162787e+01,2.167580e+01,2.166211e+01,2.210616e+01,2.175107e+01,2.172371e+01,2.170318e+01,2.171002e+01,2.175107e+01,2.205161e+01,2.201750e+01,2.177159e+01,2.178527e+01,2.181262e+01,2.164157e+01,2.179211e+01,2.169633e+01,2.192194e+01,2.175791e+01,2.192194e+01,2.189462e+01,2.188096e+01,2.176475e+01,2.173055e+01,2.164157e+01,2.151137e+01,2.171686e+01,2.154565e+01,2.171002e+01,2.178527e+01,2.270428e+01,2.314385e+01,2.345380e+01,2.397057e+01,2.465117e+01,2.419125e+01,2.384999e+01,2.311011e+01,2.269750e+01,2.209252e+01,2.193560e+01,2.201750e+01,2.239206e+01,2.212661e+01,2.194243e+01,2.166211e+01,2.138788e+01,2.135355e+01,2.140161e+01,2.142906e+01,2.142220e+01,2.151823e+01,2.136728e+01,2.137415e+01,2.134668e+01,2.151137e+01,2.152508e+01,2.127798e+01,2.127110e+01,2.133294e+01,2.139474e+01,2.138788e+01,2.138788e+01,2.134668e+01,2.131233e+01,2.145650e+01,2.145650e+01,2.140161e+01,2.136728e+01,2.138788e+01,2.145650e+01,2.146336e+01,2.139474e+01,2.138788e+01,2.131920e+01,2.143592e+01,2.142906e+01,2.139474e+01,2.142906e+01,2.142906e+01,2.143592e+01,2.133981e+01,2.143592e+01,2.136728e+01,2.140847e+01,2.129172e+01,2.133981e+01,2.137415e+01,2.133294e+01,2.147022e+01,2.140847e+01,2.148394e+01,2.120235e+01,2.145650e+01,2.144278e+01,2.139474e+01,2.136728e+01,2.138101e+01,2.137415e+01,2.127110e+01,2.138101e+01,2.138101e+01,2.143592e+01,2.129172e+01,2.139474e+01,2.137415e+01,2.135355e+01,2.143592e+01,2.143592e+01,2.144278e+01,2.135355e+01,2.140161e+01,2.147022e+01,2.145650e+01,2.136041e+01,2.132607e+01,2.138788e+01,2.138788e+01,2.144278e+01,2.134668e+01,2.129172e+01,2.132607e+01,2.136041e+01,2.131233e+01,2.132607e+01,2.132607e+01,2.120235e+01,2.126423e+01,2.131233e+01,2.133981e+01,2.129859e+01,2.131920e+01,2.127110e+01,2.127110e+01,2.129172e+01,2.129859e+01,2.127798e+01,2.122298e+01,2.129172e+01,2.129859e+01,2.121611e+01,2.118860e+01,2.124361e+01,2.127798e+01,2.133981e+01,2.149080e+01,2.148394e+01,2.127110e+01,2.131920e+01,2.133294e+01,2.132607e+01,2.128485e+01,2.142906e+01,2.134668e+01,2.140161e+01,2.138101e+01,2.135355e+01,2.133294e+01,2.131920e+01,2.126423e+01,2.123674e+01,2.118172e+01,2.120923e+01,2.126423e+01,2.125736e+01,2.123674e+01,2.139474e+01,2.123674e+01,2.139474e+01,2.129859e+01,2.132607e+01,2.127798e+01,2.126423e+01,2.124361e+01,2.135355e+01,2.136728e+01,2.133981e+01,2.130546e+01,2.136041e+01,2.134668e+01,2.118860e+01,2.139474e+01,2.138788e+01,2.133981e+01,2.131233e+01,2.137415e+01,2.138788e+01,2.140161e+01,2.137415e+01,2.132607e+01,2.129172e+01,2.120923e+01,2.128485e+01,2.125048e+01,2.138101e+01,2.129172e+01,2.128485e+01,2.134668e+01,2.136041e+01,2.127110e+01,2.126423e+01,2.127110e+01,2.132607e+01,2.129859e+01,2.138788e+01,2.128485e+01,2.138788e+01,2.128485e+01,2.127798e+01,2.125048e+01,2.131920e+01,2.127798e+01,2.129859e+01,2.128485e+01,2.142220e+01,2.138788e+01,2.140161e+01,2.144964e+01,2.138101e+01,2.130546e+01,2.129859e+01,2.127798e+01,2.146336e+01,2.134668e+01,2.133981e+01,2.139474e+01,2.145650e+01,2.138788e+01,2.135355e+01,2.141533e+01,2.125736e+01,2.131920e+01,2.138101e+01,2.131920e+01,2.130546e+01,2.120923e+01,2.130546e+01,2.131233e+01,2.125736e+01,2.133981e+01,2.132607e+01,2.124361e+01,2.126423e+01,2.131920e+01,2.126423e+01,2.131920e+01,2.129172e+01,2.128485e+01,2.131920e+01,2.131920e+01,2.133981e+01,2.136041e+01,2.119548e+01,2.129172e+01,2.133294e+01,2.127110e+01,2.131233e+01,2.155250e+01,2.144964e+01,2.127798e+01,2.138788e+01,2.149766e+01,2.138101e+01,2.141533e+01,2.144964e+01,2.138101e+01,2.147022e+01,2.147708e+01,2.147022e+01,2.144278e+01,2.160732e+01,2.160047e+01,2.158677e+01,2.151823e+01,2.147022e+01,2.149080e+01,2.148394e+01,2.145650e+01,2.151137e+01,2.153194e+01,2.160047e+01,2.149766e+01,2.136728e+01,2.144964e+01,2.144964e+01,2.143592e+01,2.140847e+01,2.148394e+01,2.147022e+01,2.142220e+01,2.140847e+01,2.127798e+01,2.140161e+01,2.136728e+01,2.133981e+01,2.136728e+01,2.131920e+01,2.134668e+01,2.132607e+01,2.131920e+01,2.128485e+01,2.131920e+01,2.125736e+01,2.144278e+01,2.132607e+01,2.125048e+01,2.143592e+01,2.127110e+01,2.124361e+01,2.135355e+01,2.135355e+01,2.131233e+01,2.129172e+01,2.128485e+01,2.131233e+01,2.122986e+01,2.136728e+01,2.135355e+01,2.140161e+01,2.131233e+01,2.134668e+01,2.132607e+01,2.136041e+01,2.145650e+01,2.156621e+01,2.142220e+01,2.141533e+01,2.145650e+01,2.140161e+01,2.143592e+01,2.131920e+01,2.142220e+01,2.162787e+01,2.135355e+01,2.135355e+01,2.146336e+01,2.149080e+01,2.149766e+01,2.150451e+01,2.143592e+01,2.143592e+01,2.142220e+01,2.147708e+01,2.159362e+01,2.151137e+01,2.142906e+01,2.135355e+01,2.154565e+01,2.146336e+01,2.138101e+01,2.138101e+01,2.157306e+01,2.158677e+01,2.138788e+01,2.159362e+01,2.146336e+01,2.150451e+01,2.145650e+01,2.150451e+01,2.132607e+01,2.151137e+01,2.147022e+01,2.147022e+01,2.140847e+01,2.142906e+01,2.148394e+01,2.122298e+01,2.144278e+01,2.144278e+01,2.143592e+01,2.144964e+01,2.157991e+01,2.140161e+01,2.133981e+01,2.145650e+01,2.138101e+01,2.151137e+01,2.153194e+01,2.158677e+01,2.152508e+01,2.165526e+01,2.146336e+01,2.157991e+01,2.136041e+01,2.140161e+01,2.159362e+01,2.146336e+01,2.146336e+01,2.146336e+01,2.141533e+01,2.151823e+01,2.148394e+01
2.140161e+01,2.126423e+01,2.131920e+01,2.124361e+01,2.123674e+01,2.122298e+01,2.126423e+01,2.130546e+01,2.124361e+01,2.125048e+01,2.127798e+01,2.131920e+01,2.125048e+01,2.127798e+01,2.142906e+01,2.138788e+01,2.124361e+01,2.122986e+01,2.124361e+01,2.124361e+01,2.127798e+01,2.125736e+01,2.133294e+01,2.130546e+01,2.135355e+01,2.143592e+01,2.129859e+01,2.127110e+01,2.118172e+01,2.126423e+01,2.125048e+01,2.122986e+01,2.121611e+01,2.128485e+01,2.152508e+01,2.128485e+01,2.120923e+01,2.125736e+01,2.129172e+01,2.127110e+01,2.129172e+01,2.123674e+01,2.120923e+01,2.129859e+01,2.127798e+01,2.141533e+01,2.131233e+01,2.128485e+01,2.118860e+01,2.121611e+01,2.117484e+01,2.129172e+01,2.129172e+01,2.126423e+01,2.125736e+01,2.127110e+01,2.131233e+01,2.127798e+01,2.128485e+01,2.127798e+01,2.122298e+01,2.144278e+01,2.146336e+01,2.171686e+01,2.172371e+01,2.144964e+01,2.131920e+01,2.123674e+01,2.125048e+01,2.116108e+01,2.129172e+01,2.129172e+01,2.130546e+01,2.109914e+01,2.128485e+01,2.128485e+01,2.123674e+01,2.118860e+01,2.120923e+01,2.124361e+01,2.123674e+01,2.125048e+01,2.125736e+01,2.126423e+01,2.134668e+01,2.129172e+01,2.138788e+01,2.133981e+01,2.136728e+01,2.129172e+01,2.128485e+01,2.123674e+01,2.130546e+01,2.125048e+01,2.136728e+01,2.134668e+01,2.122986e+01,2.129172e+01,2.129172e+01,2.127798e+01,2.126423e+01,2.127798e+01,2.116108e+01,2.123674e+01,2.125048e+01,2.125048e+01,2.131233e+01,2.137415e+01,2.117484e+01,2.138101e+01,2.129172e+01,2.129172e+01,2.127798e+01,2.139474e+01,2.115420e+01,2.144278e+01,2.131233e+01,2.131233e+01,2.121611e+01,2.115420e+01,2.117484e+01,2.113355e+01,2.117484e+01,2.127110e+01,2.118172e+01,2.123674e+01,2.126423e+01,2.111291e+01,2.116796e+01,2.112667e+01,2.118860e+01,2.125736e+01,2.125048e+01,2.124361e+01,2.125048e+01,2.126423e+01,2.131233e+01,2.130546e+01,2.126423e+01,2.131920e+01,2.128485e+01,2.133981e+01,2.126423e+01,2.125048e+01,2.129859e+01,2.129172e+01,2.130546e+01,2.133294e+01,2.120923e+01,2.118172e+01,2.131920e+01,2.119548e+01,2.114732e+01,2.128485e+01,2.115420e+01,2.116108e+01,2.119548e+01,2.120235e+01,2.121611e+01,2.123674e+01,2.110602e+01,2.116796e+01,2.127798e+01,2.127110e+01,2.119548e+01,2.116796e+01,2.110602e+01,2.122298e+01,2.121611e+01,2.122298e+01,2.125736e+01,2.120235e+01,2.109914e+01,2.118860e+01,2.119548e+01,2.118172e+01,2.109914e+01,2.111979e+01,2.118860e+01,2.119548e+01,2.123674e+01,2.121611e+01,2.118860e+01,2.118172e+01,2.131920e+01,2.125048e+01,2.120923e+01,2.125736e+01,2.120923e+01,2.127798e+01,2.129172e+01,2.129859e+01,2.125048e+01,2.119548e+01,2.129859e+01,2.130546e+01,2.125048e+01,2.124361e+01,2.120235e+01,2.139474e+01,2.145650e+01,2.148394e+01,2.148394e+01,2.152508e+01,2.166895e+01,2.166895e+01,2.168264e+01,2.211298e+01,2.353451e+01,2.250077e+01,2.168949e+01,2.167580e+01,2.131920e+01,2.197656e+01,2.181262e+01,2.173055e+01,2.164157e+01,2.166895e+01,2.217430e+01,2.260258e+01,2.278557e+01,2.346053e+01,2.307635e+01,2.323828e+01,2.434478e+01,2.406425e+01,2.286680e+01,2.239886e+01,2.307635e+01,2.237167e+01,2.174423e+01,2.154565e+01,2.190828e+01,2.190828e+01,2.159362e+01,2.168264e+01,2.220836e+01,2.233767e+01,2.258222e+01,2.374270e+01,2.306960e+01,2.292768e+01,2.335957e+01,2.218112e+01,2.199703e+01,2.205843e+01,2.185363e+01,2.163472e+01,2.164157e+01,2.164841e+01,2.169633e+01,2.174423e+01,2.173055e+01,2.198338e+01,2.178527e+01,2.175107e+01,2.201750e+01,2.212661e+01,2.207889e+01,2.198338e+01,2.191511e+01,2.179211e+01,2.183312e+01,2.179894e+01,2.180578e+01,2.175791e+01,2.171002e+01,2.178527e+01,2.194243e+01,2.208571e+01,2.182629e+01,2.179211e+01,2.166211e+01,2.172371e+01,2.162787e+01,2.162102e+01,2.164157e+01,2.158677e+01,2.237167e+01,2.246002e+01,2.270428e+01,2.310335e+01,2.376954e+01,2.279235e+01,2.217430e+01,2.211298e+01,2.211979e+01,2.207889e+01,2.207207e+01,2.209934e+01,2.205843e+01,2.191511e+01,2.167580e+01,2.136728e+01,2.133294e+01,2.127110e+01,2.136041e+01,2.146336e+01,2.133294e+01,2.139474e+01,2.154565e+01,2.132607e+01,2.129172e+01,2.154565e+01,2.123674e+01,2.145650e+01,2.145650e+01,2.128485e+01,2.136728e+01,2.141533e+01,2.159362e+01,2.144278e+01,2.142220e+01,2.136728e+01,2.137415e+01,2.146336e+01,2.138101e+01,2.147708e+01,2.146336e+01,2.141533e+01,2.144964e+01,2.143592e+01,2.140847e+01,2.141533e+01,2.132607e+01,2.145650e+01,2.144278e+01,2.144278e+01,2.134668e+01,2.138101e+01,2.129859e+01,2.142906e+01,2.139474e+01,2.142220e+01,2.140847e+01,2.142906e+01,2.137415e+01,2.142220e+01,2.133981e+01,2.142906e+01,2.116796e+01,2.141533e+01,2.133981e+01,2.133981e+01,2.133294e+01,2.143592e+01,2.131920e+01,2.132607e+01,2.137415e+01,2.144278e+01,2.133981e+01,2.145650e+01,2.134668e+01,2.135355e+01,2.127798e+01,2.134668e+01,2.133294e+01,2.142906e+01,2.136041e+01,2.134668e+01,2.145650e+01,2.149080e+01,2.133981e+01,2.137415e+01,2.137415e+01,2.136041e+01,2.137415e+01,2.131920e+01,2.126423e+01,2.134668e+01,2.136041e+01,2.127798e+01,2.130546e+01,2.124361e+01,2.131920e+01,2.128485e+01,2.126423e+01,2.133294e+01,2.128485e+01,2.127798e+01,2.129172e+01,2.118860e+01,2.123674e+01,2.117484e+01,2.129859e+01,2.129172e+01,2.127110e+01,2.127110e+01,2.127798e+01,2.136728e+01,2.128485e+01,2.127110e+01,2.123674e+01,2.134668e+01,2.128485e+01,2.132607e+01,2.129172e+01,2.135355e+01,2.132607e+01,2.128485e+01,2.131233e+01,2.131920e+01,2.127798e+01,2.139474e+01,2.129172e+01,2.131920e+01,2.130546e+01,2.148394e+01,2.149080e+01,2.132607e+01,2.128485e+01,2.120235e+01,2.126423e+01,2.145650e+01,2.119548e+01,2.144964e+01,2.144278e+01,2.123674e+01,2.129859e+01,2.130546e+01,2.125736e+01,2.133294e+01,2.129859e+01,2.130546e+01,2.131233e+01,2.131920e+01,2.114732e+01,2.125048e+01,2.130546e+01,2.133981e+01,2.130546e+01,2.131233e+01,2.135355e+01,2.137415e+01,2.131233e+01,2.138788e+01,2.140847e+01,2.118172e+01,2.133294e+01,2.131233e+01,2.136728e+01,2.138101e+01,2.137415e+01,2.117484e+01,2.135355e+01,2.136041e+01,2.129859e+01,2.135355e+01,2.132607e+01,2.127798e+01,2.129859e+01,2.131920e+01,2.137415e+01,2.140847e+01,2.136041e+01,2.136728e+01,2.134668e+01,2.140161e+01,2.140847e+01,2.126423e+01,2.128485e+01,2.126423e+01,2.128485e+01,2.129172e+01,2.129172e+01,2.140847e+01,2.136041e+01,2.126423e+01,2.117484e+01,2.116108e+01,2.129859e+01,2.129859e+01,2.147022e+01,2.129859e+01,2.144278e+01,2.120923e+01,2.137415e+01,2.149080e+01,2.136728e+01,2.147022e+01,2.138788e+01,2.138101e+01,2.140161e+01,2.132607e+01,2.120235e+01,2.127110e+01,2.129172e+01,2.135355e+01,2.133981e+01,2.122986e+01,2.125736e+01,2.129859e+01,2.127798e+01,2.124361e+01,2.131233e+01,2.131920e+01,2.127798e+01,2.127110e+01,2.141533e+01,2.132607e+01,2.130546e+01,2.128485e+01,2.131920e+01,2.126423e+01,2.132607e+01,2.129859e+01,2.131920e+01,2.129172e+01,2.135355e+01,2.139474e+01,2.138788e+01,2.150451e+01,2.140847e+01,2.146336e+01,2.147022e+01,2.160047e+01,2.147022e+01,2.151823e+01,2.159362e+01,2.145650e+01,2.157306e+01,2.127110e+01,2.152508e+01,2.151823e+01,2.144278e+01,2.149080e+01,2.147022e+01,2.144278e+01,2.142906e+01,2.127110e+01,2.144278e+01,2.139474e+01,2.136728e+01,2.144964e+01,2.136728e+01,2.147708e+01,2.129859e+01,2.147708e+01,2.144964e+01,2.142220e+01,2.142220e+01,2.136728e+01,2.136728e+01,2.137415e+01,2.131233e+01,2.131233e+01,2.138788e+01,2.127110e+01,2.138788e+01,2.123674e+01,2.131920e+01,2.124361e+01,2.125736e+01,2.129859e+01,2.132607e+01,2.122986e+01,2.122986e+01,2.120923e+01,2.131233e+01,2.117484e+01,2.129172e+01,2.122298e+01,2.127798e+01,2.128485e+01,2.142220e+01,2.138788e+01,2.135355e+01,2.135355e+01,2.140847e+01,2.133981e+01,2.146336e+01,2.142906e+01,2.136728e+01,2.135355e+01,2.147022e+01,2.147022e+01,2.154565e+01,2.142220e+01,2.142220e+01,2.143592e+01,2.149080e+01,2.151137e+01,2.137415e+01,2.158677e+01,2.148394e+01,2.149080e+01,2.152508e+01,2.144964e+01,2.145650e+01,2.151137e+01,2.158677e+01,2.149080e+01,2.154565e+01,2.139474e+01,2.164841e+01,2.135355e+01,2.138788e+01,2.141533e+01,2.144964e+01,2.160047e+01,2.133294e+01,2.131920e+01,2.131233e+01,2.148394e+01,2.152508e+01,2.155250e+01,2.138788e+01,2.129859e+01,2.140161e+01,2.153880e+01,2.147022e+01,2.143592e+01,2.157991e+01,2.151823e+01,2.146336e+01,2.149080e+01,2.147708e+01,2.137415e+01,2.146336e+01,2.142220e+01,2.134668e+01,2.140161e+01,2.149080e+01,2.147022e+01,2.156621e+01,2.149766e+01,2.142906e+01,2.142220e+01,2.142906e+01,2.149766e+01,2.160047e+01,2.155250e+01,2.150451e+01,2.155936e+01,2.158677e+01,2.156621e+01,2.146336e+01,2.147708e+01,2.142220e+01,2.142906e+01
2.147708e+01,2.140847e+01,2.140847e+01,2.122986e+01,2.118860e+01,2.135355e+01,2.132607e+01,2.125736e+01,2.133294e+01,2.125048e+01,2.125048e+01,2.127110e+01,2.125736e+01,2.125736e+01,2.127798e+01,2.126423e+01,2.123674e+01,2.124361e+01,2.122986e+01,2.123674e+01,2.125048e+01,2.125736e+01,2.126423e+01,2.126423e+01,2.125048e+01,2.124361e+01,2.127798e+01,2.125736e+01,2.129859e+01,2.126423e+01,2.114732e+01,2.135355e+01,2.126423e+01,2.120235e+01,2.132607e+01,2.128485e+01,2.132607e+01,2.130546e+01,2.129172e+01,2.123674e+01,2.132607e+01,2.131920e+01,2.136728e+01,2.136041e+01,2.136728e+01,2.129172e+01,2.117484e+01,2.129172e+01,2.136041e+01,2.137415e+01,2.125048e+01,2.122986e+01,2.129859e+01,2.131920e+01,2.129859e+01,2.123674e+01,2.129859e+01,2.121611e+01,2.123674e+01,2.127798e+01,2.138101e+01,2.140161e+01,2.147022e+01,2.145650e+01,2.164841e+01,2.157306e+01,2.138788e+01,2.138788e+01,2.127110e+01,2.125736e+01,2.129859e+01,2.117484e+01,2.133294e+01,2.129172e+01,2.125736e+01,2.122986e+01,2.125048e+01,2.125736e+01,2.121611e+01,2.124361e+01,2.125048e+01,2.125736e+01,2.124361e+01,2.136041e+01,2.128485e+01,2.138101e+01,2.134668e+01,2.151137e+01,2.131233e+01,2.133981e+01,2.128485e+01,2.133981e+01,2.130546e+01,2.125048e+01,2.134668e+01,2.132607e+01,2.129859e+01,2.128485e+01,2.127110e+01,2.136728e+01,2.127110e+01,2.136728e+01,2.126423e+01,2.130546e+01,2.131920e+01,2.133981e+01,2.132607e+01,2.140161e+01,2.121611e+01,2.126423e+01,2.127110e+01,2.130546e+01,2.139474e+01,2.131920e+01,2.121611e+01,2.123674e+01,2.128485e+01,2.129859e+01,2.112667e+01,2.113355e+01,2.113355e+01,2.116796e+01,2.118860e+01,2.118172e+01,2.126423e+01,2.107848e+01,2.119548e+01,2.111979e+01,2.114044e+01,2.115420e+01,2.118860e+01,2.114044e+01,2.113355e+01,2.126423e+01,2.112667e+01,2.118172e+01,2.125048e+01,2.128485e+01,2.131233e+01,2.122298e+01,2.112667e+01,2.127110e+01,2.128485e+01,2.130546e+01,2.135355e+01,2.129172e+01,2.112667e+01,2.128485e+01,2.117484e+01,2.117484e+01,2.114044e+01,2.125736e+01,2.122298e+01,2.115420e+01,2.114044e+01,2.116108e+01,2.116796e+01,2.109225e+01,2.122298e+01,2.119548e+01,2.125736e+01,2.118172e+01,2.116108e+01,2.119548e+01,2.116108e+01,2.115420e+01,2.131233e+01,2.116108e+01,2.129859e+01,2.128485e+01,2.125048e+01,2.131233e+01,2.129172e+01,2.114732e+01,2.114732e+01,2.116108e+01,2.115420e+01,2.117484e+01,2.120235e+01,2.109225e+01,2.111291e+01,2.122298e+01,2.125048e+01,2.131233e+01,2.121611e+01,2.120923e+01,2.128485e+01,2.133981e+01,2.129859e+01,2.130546e+01,2.123674e+01,2.114732e+01,2.124361e+01,2.128485e+01,2.124361e+01,2.122986e+01,2.121611e+01,2.131233e+01,2.133981e+01,2.152508e+01,2.138101e+01,2.146336e+01,2.137415e+01,2.150451e+01,2.149080e+01,2.170318e+01,2.190828e+01,2.254150e+01,2.426471e+01,2.255508e+01,2.157991e+01,2.162102e+01,2.161417e+01,2.184679e+01,2.250077e+01,2.181262e+01,2.175791e+01,2.172371e+01,2.186046e+01,2.207889e+01,2.291416e+01,2.325851e+01,2.325851e+01,2.375612e+01,2.408431e+01,2.413111e+01,2.395048e+01,2.254829e+01,2.244643e+01,2.160732e+01,2.161417e+01,2.153880e+01,2.172371e+01,2.187413e+01,2.160047e+01,2.174423e+01,2.183996e+01,2.265005e+01,2.292768e+01,2.292768e+01,2.270428e+01,2.322480e+01,2.238527e+01,2.213342e+01,2.224240e+01,2.213342e+01,2.180578e+01,2.182629e+01,2.188779e+01,2.181945e+01,2.194925e+01,2.190828e+01,2.183312e+01,2.177159e+01,2.175107e+01,2.201750e+01,2.222879e+01,2.228324e+01,2.222198e+01,2.214024e+01,2.206525e+01,2.193560e+01,2.194243e+01,2.181945e+01,2.167580e+01,2.173055e+01,2.172371e+01,2.179894e+01,2.182629e+01,2.195608e+01,2.211298e+01,2.196291e+01,2.192877e+01,2.195608e+01,2.184679e+01,2.156621e+01,2.168949e+01,2.188779e+01,2.209252e+01,2.213342e+01,2.203797e+01,2.217430e+01,2.217430e+01,2.216749e+01,2.209934e+01,2.207889e+01,2.185363e+01,2.207207e+01,2.210616e+01,2.210616e+01,2.175107e+01,2.169633e+01,2.136041e+01,2.129859e+01,2.139474e+01,2.128485e+01,2.133981e+01,2.133294e+01,2.130546e+01,2.138788e+01,2.142220e+01,2.134668e+01,2.126423e+01,2.157991e+01,2.137415e+01,2.149766e+01,2.144964e+01,2.146336e+01,2.138101e+01,2.136728e+01,2.141533e+01,2.143592e+01,2.144278e+01,2.142906e+01,2.142906e+01,2.145650e+01,2.133981e+01,2.147022e+01,2.147022e+01,2.147708e+01,2.132607e+01,2.139474e+01,2.144278e+01,2.137415e+01,2.142906e+01,2.129859e+01,2.127798e+01,2.144964e+01,2.136041e+01,2.142906e+01,2.144964e+01,2.144278e+01,2.140847e+01,2.141533e+01,2.138101e+01,2.143592e+01,2.142906e+01,2.142220e+01,2.141533e+01,2.142906e+01,2.138101e+01,2.143592e+01,2.130546e+01,2.136041e+01,2.136728e+01,2.138788e+01,2.138101e+01,2.137415e+01,2.139474e+01,2.144278e+01,2.146336e+01,2.136041e+01,2.127798e+01,2.142220e+01,2.136728e+01,2.135355e+01,2.133294e+01,2.138788e+01,2.134668e+01,2.145650e+01,2.139474e+01,2.136041e+01,2.137415e+01,2.138101e+01,2.136728e+01,2.135355e+01,2.134668e+01,2.137415e+01,2.132607e+01,2.134668e+01,2.124361e+01,2.132607e+01,2.131233e+01,2.122986e+01,2.124361e+01,2.129172e+01,2.111291e+01,2.133294e+01,2.127110e+01,2.130546e+01,2.122986e+01,2.116796e+01,2.120235e+01,2.121611e+01,2.124361e+01,2.114044e+01,2.112667e+01,2.127798e+01,2.126423e+01,2.118860e+01,2.125048e+01,2.127110e+01,2.128485e+01,2.127798e+01,2.129859e+01,2.131920e+01,2.128485e+01,2.131920e+01,2.125736e+01,2.128485e+01,2.130546e+01,2.127110e+01,2.126423e+01,2.131233e+01,2.131920e+01,2.129859e+01,2.129172e+01,2.124361e+01,2.130546e+01,2.133294e+01,2.126423e+01,2.117484e+01,2.128485e+01,2.120923e+01,2.122298e+01,2.120235e+01,2.139474e+01,2.125048e+01,2.135355e+01,2.122986e+01,2.129859e+01,2.128485e+01,2.116796e+01,2.128485e+01,2.126423e+01,2.142220e+01,2.133981e+01,2.130546e+01,2.124361e+01,2.132607e+01,2.134668e+01,2.132607e+01,2.124361e+01,2.134668e+01,2.138101e+01,2.137415e+01,2.135355e+01,2.129859e+01,2.137415e+01,2.138101e+01,2.134668e+01,2.136041e+01,2.136728e+01,2.125048e+01,2.133294e+01,2.130546e+01,2.125048e+01,2.131233e+01,2.124361e+01,2.130546e+01,2.136041e+01,2.131233e+01,2.131920e+01,2.133294e+01,2.129172e+01,2.125048e+01,2.141533e+01,2.137415e+01,2.136041e+01,2.127110e+01,2.135355e+01,2.133294e+01,2.130546e+01,2.128485e+01,2.122298e+01,2.131233e+01,2.141533e+01,2.138788e+01,2.155250e+01,2.127798e+01,2.129859e+01,2.142906e+01,2.132607e+01,2.140847e+01,2.138101e+01,2.140161e+01,2.138101e+01,2.138788e+01,2.133294e+01,2.138101e+01,2.128485e+01,2.125048e+01,2.131233e+01,2.131920e+01,2.137415e+01,2.131920e+01,2.133981e+01,2.129859e+01,2.128485e+01,2.124361e+01,2.133294e+01,2.126423e+01,2.121611e+01,2.134668e+01,2.127110e+01,2.131920e+01,2.122986e+01,2.128485e+01,2.125736e+01,2.126423e+01,2.129859e+01,2.121611e+01,2.126423e+01,2.134668e+01,2.132607e+01,2.126423e+01,2.144964e+01,2.143592e+01,2.142906e+01,2.129859e+01,2.141533e+01,2.147708e+01,2.142220e+01,2.168264e+01,2.147708e+01,2.146336e+01,2.167580e+01,2.149080e+01,2.156621e+01,2.145650e+01,2.160732e+01,2.140847e+01,2.148394e+01,2.148394e+01,2.155250e+01,2.143592e+01,2.148394e+01,2.144278e+01,2.142220e+01,2.135355e+01,2.136728e+01,2.151137e+01,2.133981e+01,2.147708e+01,2.139474e+01,2.142220e+01,2.150451e+01,2.139474e+01,2.147022e+01,2.140161e+01,2.141533e+01,2.136728e+01,2.136041e+01,2.135355e+01,2.135355e+01,2.131920e+01,2.135355e+01,2.140847e+01,2.140161e+01,2.138788e+01,2.132607e+01,2.136041e+01,2.140161e+01,2.129172e+01,2.129859e+01,2.139474e+01,2.134668e+01,2.132607e+01,2.136041e+01,2.133294e+01,2.133981e+01,2.125048e+01,2.121611e+01,2.133294e+01,2.129859e+01,2.133981e+01,2.135355e+01,2.132607e+01,2.129859e+01,2.142906e+01,2.143592e+01,2.144278e+01,2.132607e+01,2.138101e+01,2.144278e+01,2.135355e+01,2.145650e+01,2.142906e+01,2.144278e+01,2.135355e+01,2.151823e+01,2.164841e+01,2.130546e+01,2.165526e+01,2.151823e+01,2.145650e+01,2.149080e+01,2.147022e+01,2.143592e+01,2.142220e+01,2.143592e+01,2.145650e+01,2.159362e+01,2.143592e+01,2.149080e+01,2.149766e+01,2.140847e+01,2.138788e+01,2.139474e+01,2.154565e+01,2.135355e+01,2.145650e+01,2.138788e+01,2.138788e+01,2.129859e+01,2.136728e+01,2.131233e+01,2.147708e+01,2.143592e+01,2.147708e+01,2.138788e+01,2.144964e+01,2.156621e+01,2.153194e+01,2.140847e+01,2.143592e+01,2.138101e+01,2.140847e+01,2.144964e+01,2.134668e+01,2.142220e+01,2.138101e+01,2.146336e+01,2.149080e+01,2.131920e+01,2.146336e+01,2.142220e+01,2.149080e+01,2.148394e+01,2.147708e+01,2.155250e+01,2.153880e+01,2.153194e+01,2.146336e+01,2.150451e+01,2.154565e+01,2.151823e+01,2.153880e+01,2.153880e+01,2.137415e+01
2.138101e+01,2.120923e+01,2.121611e+01,2.121611e+01,2.127798e+01,2.133981e+01,2.129172e+01,2.133294e+01,2.128485e+01,2.136728e+01,2.123674e+01,2.122298e+01,2.126423e+01,2.125048e+01,2.122986e+01,2.118172e+01,2.124361e+01,2.128485e+01,2.125048e+01,2.124361e+01,2.127110e+01,2.126423e+01,2.126423e+01,2.124361e+01,2.117484e+01,2.131920e+01,2.129859e+01,2.125736e+01,2.118172e+01,2.127110e+01,2.128485e+01,2.127798e+01,2.127110e+01,2.135355e+01,2.142906e+01,2.125048e+01,2.127110e+01,2.125048e+01,2.155936e+01,2.133294e+01,2.122298e+01,2.135355e+01,2.127798e+01,2.129172e+01,2.127798e+01,2.118172e+01,2.129172e+01,2.129172e+01,2.138788e+01,2.125048e+01,2.131920e+01,2.133981e+01,2.118860e+01,2.131920e+01,2.135355e+01,2.132607e+01,2.111979e+01,2.122986e+01,2.131920e+01,2.129172e+01,2.131233e+01,2.138788e+01,2.140847e+01,2.147022e+01,2.166895e+01,2.150451e+01,2.147022e+01,2.118172e+01,2.118172e+01,2.127798e+01,2.113355e+01,2.128485e+01,2.130546e+01,2.129859e+01,2.124361e+01,2.131233e+01,2.122298e+01,2.125048e+01,2.127110e+01,2.125048e+01,2.140161e+01,2.125736e+01,2.111979e+01,2.125736e+01,2.125736e+01,2.129859e+01,2.128485e+01,2.129172e+01,2.131233e+01,2.117484e+01,2.122986e+01,2.128485e+01,2.122298e+01,2.131920e+01,2.127110e+01,2.133294e+01,2.132607e+01,2.129859e+01,2.126423e+01,2.129859e+01,2.128485e+01,2.122298e+01,2.134668e+01,2.122298e+01,2.123674e+01,2.138788e+01,2.135355e+01,2.123674e+01,2.133294e+01,2.130546e+01,2.121611e+01,2.125048e+01,2.129172e+01,2.120235e+01,2.124361e+01,2.123674e+01,2.114044e+01,2.131233e+01,2.115420e+01,2.134668e+01,2.116108e+01,2.122986e+01,2.115420e+01,2.122298e+01,2.114732e+01,2.124361e+01,2.123674e+01,2.107160e+01,2.111979e+01,2.106471e+01,2.123674e+01,2.125048e+01,2.127798e+01,2.127110e+01,2.129859e+01,2.116108e+01,2.125048e+01,2.114732e+01,2.126423e+01,2.119548e+01,2.129172e+01,2.124361e+01,2.126423e+01,2.112667e+01,2.123674e+01,2.111979e+01,2.131233e+01,2.135355e+01,2.120235e+01,2.123674e+01,2.122298e+01,2.120923e+01,2.121611e+01,2.119548e+01,2.134668e+01,2.115420e+01,2.114044e+01,2.105094e+01,2.110602e+01,2.111291e+01,2.126423e+01,2.121611e+01,2.127798e+01,2.121611e+01,2.127798e+01,2.120923e+01,2.127110e+01,2.120235e+01,2.118860e+01,2.121611e+01,2.123674e+01,2.120923e+01,2.126423e+01,2.120923e+01,2.137415e+01,2.140161e+01,2.115420e+01,2.118860e+01,2.114732e+01,2.123674e+01,2.122986e+01,2.127798e+01,2.127110e+01,2.117484e+01,2.124361e+01,2.122298e+01,2.127798e+01,2.122298e+01,2.129172e+01,2.134668e+01,2.125736e+01,2.127798e+01,2.123674e+01,2.126423e+01,2.129859e+01,2.133294e+01,2.119548e+01,2.125048e+01,2.136041e+01,2.136728e+01,2.144278e+01,2.140847e+01,2.143592e+01,2.155936e+01,2.144964e+01,2.188779e+01,2.185363e+01,2.241925e+01,2.419793e+01,2.241245e+01,2.155936e+01,2.167580e+01,2.162102e+01,2.183312e+01,2.285327e+01,2.214024e+01,2.188779e+01,2.181945e+01,2.192194e+01,2.195608e+01,2.255508e+01,2.329894e+01,2.362186e+01,2.453805e+01,2.533399e+01,2.439813e+01,2.299529e+01,2.222879e+01,2.175791e+01,2.161417e+01,2.160732e+01,2.157991e+01,2.172371e+01,2.169633e+01,2.173055e+01,2.166895e+01,2.177159e+01,2.257544e+01,2.293444e+01,2.264327e+01,2.294797e+01,2.218112e+01,2.196973e+01,2.244643e+01,2.208571e+01,2.186046e+01,2.169633e+01,2.198338e+01,2.209934e+01,2.212661e+01,2.205843e+01,2.204479e+01,2.203797e+01,2.179211e+01,2.175107e+01,2.175107e+01,2.201750e+01,2.222879e+01,2.223560e+01,2.216068e+01,2.222198e+01,2.209252e+01,2.214024e+01,2.208571e+01,2.197656e+01,2.177159e+01,2.177159e+01,2.195608e+01,2.196973e+01,2.191511e+01,2.196291e+01,2.198338e+01,2.208571e+01,2.216749e+01,2.214024e+01,2.198338e+01,2.179211e+01,2.218112e+01,2.208571e+01,2.215387e+01,2.254829e+01,2.273816e+01,2.220155e+01,2.214705e+01,2.210616e+01,2.186729e+01,2.184679e+01,2.199021e+01,2.205843e+01,2.198338e+01,2.141533e+01,2.140847e+01,2.117484e+01,2.128485e+01,2.127110e+01,2.129172e+01,2.126423e+01,2.127110e+01,2.139474e+01,2.098203e+01,2.131233e+01,2.132607e+01,2.133981e+01,2.142906e+01,2.140161e+01,2.127110e+01,2.135355e+01,2.148394e+01,2.145650e+01,2.140847e+01,2.140847e+01,2.138101e+01,2.136728e+01,2.135355e+01,2.138788e+01,2.139474e+01,2.143592e+01,2.133981e+01,2.132607e+01,2.136728e+01,2.144964e+01,2.133981e+01,2.142220e+01,2.131233e+01,2.144278e+01,2.144278e+01,2.131233e+01,2.137415e+01,2.140161e+01,2.138101e+01,2.133981e+01,2.143592e+01,2.137415e+01,2.142906e+01,2.122298e+01,2.134668e+01,2.139474e+01,2.136728e+01,2.136728e+01,2.137415e+01,2.135355e+01,2.138101e+01,2.136728e+01,2.142906e+01,2.133981e+01,2.136041e+01,2.133981e+01,2.124361e+01,2.135355e+01,2.141533e+01,2.143592e+01,2.131920e+01,2.131920e+01,2.131233e+01,2.138788e+01,2.131233e+01,2.146336e+01,2.136041e+01,2.147708e+01,2.137415e+01,2.150451e+01,2.141533e+01,2.140161e+01,2.140161e+01,2.136728e+01,2.135355e+01,2.140161e+01,2.130546e+01,2.136041e+01,2.132607e+01,2.137415e+01,2.127798e+01,2.126423e+01,2.127110e+01,2.129859e+01,2.133294e+01,2.127110e+01,2.129172e+01,2.129859e+01,2.120923e+01,2.121611e+01,2.129859e+01,2.122298e+01,2.120235e+01,2.131233e+01,2.129859e+01,2.117484e+01,2.117484e+01,2.124361e+01,2.123674e+01,2.136041e+01,2.121611e+01,2.129859e+01,2.135355e+01,2.131233e+01,2.133294e+01,2.127110e+01,2.129172e+01,2.128485e+01,2.128485e+01,2.128485e+01,2.127110e+01,2.127110e+01,2.125048e+01,2.140161e+01,2.124361e+01,2.122298e+01,2.124361e+01,2.132607e+01,2.127798e+01,2.121611e+01,2.140161e+01,2.140161e+01,2.130546e+01,2.127798e+01,2.125736e+01,2.125736e+01,2.131920e+01,2.135355e+01,2.131920e+01,2.125048e+01,2.128485e+01,2.127798e+01,2.128485e+01,2.138788e+01,2.127110e+01,2.129859e+01,2.129172e+01,2.124361e+01,2.133294e+01,2.125736e+01,2.132607e+01,2.130546e+01,2.132607e+01,2.133294e+01,2.136728e+01,2.134668e+01,2.139474e+01,2.135355e+01,2.120923e+01,2.129859e+01,2.128485e+01,2.126423e+01,2.129859e+01,2.135355e+01,2.137415e+01,2.125048e+01,2.135355e+01,2.134668e+01,2.118172e+01,2.133981e+01,2.130546e+01,2.132607e+01,2.126423e+01,2.133981e+01,2.125048e+01,2.124361e+01,2.123674e+01,2.132607e+01,2.124361e+01,2.128485e+01,2.120235e+01,2.134668e+01,2.134668e+01,2.121611e+01,2.124361e+01,2.130546e+01,2.131920e+01,2.127110e+01,2.127798e+01,2.127798e+01,2.133294e+01,2.134668e+01,2.129859e+01,2.138101e+01,2.123674e+01,2.136041e+01,2.136728e+01,2.131233e+01,2.133294e+01,2.134668e+01,2.132607e+01,2.133294e+01,2.131920e+01,2.128485e+01,2.128485e+01,2.125048e+01,2.131920e+01,2.122298e+01,2.121611e+01,2.124361e+01,2.122986e+01,2.121611e+01,2.122986e+01,2.140161e+01,2.128485e+01,2.121611e+01,2.129859e+01,2.127110e+01,2.133294e+01,2.131233e+01,2.140847e+01,2.139474e+01,2.137415e+01,2.135355e+01,2.125736e+01,2.136041e+01,2.127110e+01,2.138788e+01,2.125048e+01,2.150451e+01,2.147022e+01,2.143592e+01,2.142906e+01,2.144964e+01,2.142906e+01,2.153194e+01,2.155936e+01,2.149766e+01,2.157306e+01,2.166211e+01,2.149080e+01,2.140847e+01,2.149080e+01,2.122298e+01,2.147022e+01,2.147022e+01,2.134668e+01,2.136041e+01,2.149766e+01,2.146336e+01,2.141533e+01,2.144278e+01,2.147022e+01,2.142220e+01,2.151137e+01,2.147022e+01,2.140161e+01,2.150451e+01,2.135355e+01,2.129172e+01,2.136728e+01,2.140161e+01,2.107160e+01,2.136041e+01,2.134668e+01,2.140847e+01,2.141533e+01,2.125736e+01,2.135355e+01,2.125736e+01,2.132607e+01,2.131920e+01,2.131920e+01,2.136041e+01,2.127798e+01,2.136041e+01,2.135355e+01,2.134668e+01,2.134668e+01,2.133981e+01,2.133981e+01,2.120235e+01,2.126423e+01,2.146336e+01,2.135355e+01,2.141533e+01,2.129859e+01,2.145650e+01,2.135355e+01,2.135355e+01,2.138788e+01,2.135355e+01,2.142906e+01,2.145650e+01,2.144964e+01,2.152508e+01,2.142220e+01,2.141533e+01,2.142906e+01,2.136728e+01,2.134668e+01,2.136728e+01,2.142220e+01,2.145650e+01,2.160047e+01,2.136041e+01,2.150451e+01,2.150451e+01,2.141533e+01,2.151137e+01,2.154565e+01,2.142906e+01,2.142906e+01,2.144278e+01,2.141533e+01,2.154565e+01,2.150451e+01,2.142906e+01,2.148394e+01,2.144964e+01,2.130546e+01,2.144278e+01,2.149080e+01,2.147022e+01,2.143592e+01,2.145650e+01,2.147022e+01,2.138101e+01,2.142906e+01,2.132607e+01,2.144278e+01,2.141533e+01,2.149080e+01,2.150451e+01,2.137415e+01,2.145650e+01,2.135355e+01,2.149080e+01,2.139474e+01,2.138101e+01,2.140847e+01,2.144964e+01,2.147708e+01,2.149766e+01,2.142906e+01,2.149080e+01,2.146336e+01,2.150451e+01,2.153194e+01,2.139474e+01,2.150451e+01,2.150451e+01,2.142220e+01,2.137415e+01,2.149766e+01,2.150451e+01,2.153880e+01,2.140847e+01,2.149080e+01
2.136041e+01,2.129859e+01,2.141533e+01,2.122298e+01,2.128485e+01,2.133294e+01,2.134668e+01,2.110602e+01,2.132607e+01,2.133981e+01,2.125048e+01,2.122298e+01,2.144278e+01,2.125736e+01,2.124361e+01,2.125048e+01,2.127110e+01,2.128485e+01,2.133981e+01,2.125048e+01,2.129172e+01,2.125736e+01,2.124361e+01,2.131233e+01,2.125048e+01,2.114732e+01,2.133981e+01,2.127110e+01,2.122986e+01,2.129859e+01,2.127798e+01,2.125048e+01,2.131233e+01,2.129172e+01,2.127798e+01,2.124361e+01,2.125048e+01,2.125736e+01,2.131233e+01,2.130546e+01,2.131920e+01,2.137415e+01,2.133981e+01,2.137415e+01,2.118860e+01,2.132607e+01,2.123674e+01,2.129859e+01,2.127110e+01,2.123674e+01,2.133294e+01,2.125048e+01,2.124361e+01,2.115420e+01,2.130546e+01,2.133981e+01,2.129172e+01,2.131233e+01,2.130546e+01,2.131920e+01,2.138101e+01,2.143592e+01,2.146336e+01,2.140847e+01,2.144278e+01,2.161417e+01,2.160732e+01,2.127798e+01,2.118860e+01,2.113355e+01,2.135355e+01,2.130546e+01,2.119548e+01,2.131920e+01,2.127110e+01,2.134668e+01,2.124361e+01,2.116108e+01,2.120923e+01,2.127110e+01,2.126423e+01,2.121611e+01,2.121611e+01,2.124361e+01,2.127110e+01,2.131920e+01,2.125736e+01,2.120923e+01,2.150451e+01,2.131233e+01,2.128485e+01,2.135355e+01,2.136041e+01,2.136728e+01,2.133294e+01,2.125736e+01,2.129172e+01,2.134668e+01,2.123674e+01,2.130546e+01,2.128485e+01,2.120235e+01,2.124361e+01,2.138788e+01,2.138101e+01,2.123674e+01,2.116796e+01,2.125048e+01,2.122298e+01,2.122298e+01,2.127110e+01,2.111979e+01,2.123674e+01,2.127798e+01,2.119548e+01,2.123674e+01,2.127798e+01,2.125736e+01,2.117484e+01,2.137415e+01,2.136041e+01,2.127110e+01,2.124361e+01,2.127798e+01,2.125048e+01,2.135355e+01,2.126423e+01,2.126423e+01,2.110602e+01,2.127798e+01,2.107848e+01,2.118172e+01,2.125048e+01,2.122986e+01,2.108537e+01,2.122298e+01,2.129172e+01,2.122298e+01,2.118860e+01,2.106471e+01,2.122986e+01,2.120923e+01,2.131233e+01,2.120923e+01,2.133294e+01,2.116796e+01,2.114732e+01,2.131920e+01,2.116796e+01,2.130546e+01,2.130546e+01,2.123674e+01,2.128485e+01,2.120235e+01,2.138788e+01,2.120923e+01,2.118172e+01,2.133294e+01,2.125736e+01,2.140847e+01,2.125736e+01,2.127110e+01,2.144964e+01,2.129172e+01,2.125048e+01,2.129859e+01,2.127798e+01,2.132607e+01,2.125048e+01,2.125736e+01,2.122298e+01,2.138101e+01,2.133294e+01,2.136041e+01,2.133294e+01,2.135355e+01,2.140161e+01,2.118860e+01,2.116796e+01,2.122986e+01,2.113355e+01,2.126423e+01,2.107160e+01,2.125736e+01,2.129172e+01,2.111291e+01,2.127110e+01,2.111291e+01,2.133294e+01,2.128485e+01,2.122986e+01,2.124361e+01,2.114732e+01,2.130546e+01,2.125736e+01,2.131233e+01,2.122986e+01,2.133981e+01,2.136728e+01,2.139474e+01,2.138788e+01,2.136728e+01,2.156621e+01,2.156621e+01,2.151137e+01,2.173739e+01,2.187413e+01,2.242604e+01,2.371586e+01,2.203797e+01,2.156621e+01,2.148394e+01,2.165526e+01,2.187413e+01,2.306284e+01,2.246002e+01,2.183996e+01,2.173055e+01,2.188096e+01,2.218112e+01,2.274494e+01,2.325177e+01,2.506272e+01,2.628778e+01,2.650365e+01,2.506272e+01,2.291416e+01,2.204479e+01,2.171686e+01,2.171686e+01,2.171002e+01,2.167580e+01,2.168949e+01,2.178527e+01,2.166895e+01,2.156621e+01,2.171002e+01,2.222879e+01,2.256865e+01,2.296149e+01,2.269750e+01,2.199703e+01,2.245322e+01,2.254829e+01,2.189462e+01,2.185363e+01,2.167580e+01,2.187413e+01,2.191511e+01,2.208571e+01,2.197656e+01,2.199703e+01,2.207207e+01,2.175107e+01,2.179211e+01,2.193560e+01,2.213342e+01,2.205161e+01,2.201750e+01,2.207889e+01,2.196291e+01,2.182629e+01,2.202432e+01,2.216749e+01,2.207207e+01,2.180578e+01,2.197656e+01,2.194243e+01,2.194925e+01,2.191511e+01,2.190828e+01,2.199703e+01,2.202432e+01,2.203797e+01,2.214705e+01,2.237847e+01,2.217430e+01,2.226282e+01,2.244643e+01,2.231046e+01,2.235127e+01,2.254829e+01,2.226963e+01,2.209252e+01,2.205843e+01,2.181945e+01,2.185363e+01,2.168949e+01,2.208571e+01,2.223560e+01,2.161417e+01,2.142906e+01,2.130546e+01,2.129859e+01,2.131233e+01,2.131920e+01,2.127110e+01,2.131233e+01,2.130546e+01,2.133294e+01,2.138101e+01,2.122298e+01,2.127798e+01,2.144278e+01,2.138788e+01,2.139474e+01,2.144964e+01,2.140847e+01,2.142220e+01,2.139474e+01,2.135355e+01,2.137415e+01,2.141533e+01,2.140161e+01,2.140161e+01,2.133294e+01,2.140847e+01,2.140847e+01,2.135355e+01,2.136728e+01,2.142220e+01,2.128485e+01,2.135355e+01,2.124361e+01,2.141533e+01,2.140847e+01,2.137415e+01,2.149766e+01,2.135355e+01,2.134668e+01,2.135355e+01,2.136041e+01,2.144278e+01,2.143592e+01,2.141533e+01,2.138101e+01,2.141533e+01,2.140161e+01,2.139474e+01,2.137415e+01,2.143592e+01,2.136041e+01,2.138101e+01,2.138101e+01,2.136728e+01,2.132607e+01,2.129859e+01,2.138101e+01,2.142220e+01,2.132607e+01,2.124361e+01,2.127798e+01,2.127110e+01,2.140847e+01,2.134668e+01,2.127798e+01,2.133294e+01,2.140161e+01,2.141533e+01,2.138788e+01,2.131920e+01,2.136728e+01,2.138101e+01,2.138101e+01,2.138101e+01,2.138101e+01,2.114732e+01,2.134668e+01,2.134668e+01,2.134668e+01,2.136041e+01,2.130546e+01,2.122986e+01,2.119548e+01,2.129859e+01,2.130546e+01,2.125736e+01,2.133294e+01,2.121611e+01,2.122986e+01,2.126423e+01,2.121611e+01,2.122298e+01,2.121611e+01,2.115420e+01,2.119548e+01,2.118172e+01,2.123674e+01,2.128485e+01,2.121611e+01,2.118860e+01,2.125048e+01,2.123674e+01,2.127798e+01,2.114732e+01,2.126423e+01,2.123674e+01,2.129172e+01,2.120235e+01,2.131233e+01,2.114732e+01,2.136041e+01,2.133981e+01,2.133294e+01,2.144964e+01,2.127110e+01,2.129172e+01,2.129172e+01,2.127110e+01,2.128485e+01,2.140161e+01,2.124361e+01,2.130546e+01,2.135355e+01,2.129859e+01,2.126423e+01,2.144964e+01,2.125048e+01,2.127798e+01,2.126423e+01,2.130546e+01,2.127798e+01,2.132607e+01,2.126423e+01,2.122298e+01,2.140847e+01,2.120235e+01,2.127110e+01,2.131233e+01,2.133981e+01,2.130546e+01,2.133294e+01,2.132607e+01,2.121611e+01,2.135355e+01,2.134668e+01,2.140161e+01,2.130546e+01,2.137415e+01,2.130546e+01,2.133981e+01,2.124361e+01,2.133294e+01,2.124361e+01,2.134668e+01,2.142906e+01,2.136041e+01,2.123674e+01,2.131233e+01,2.121611e+01,2.122986e+01,2.133294e+01,2.131920e+01,2.138788e+01,2.122298e+01,2.135355e+01,2.139474e+01,2.135355e+01,2.125048e+01,2.139474e+01,2.131920e+01,2.138788e+01,2.129172e+01,2.123674e+01,2.127110e+01,2.132607e+01,2.141533e+01,2.126423e+01,2.120923e+01,2.127110e+01,2.117484e+01,2.142220e+01,2.128485e+01,2.138101e+01,2.133294e+01,2.138788e+01,2.136041e+01,2.136728e+01,2.134668e+01,2.134668e+01,2.133294e+01,2.120923e+01,2.127110e+01,2.125736e+01,2.132607e+01,2.131920e+01,2.132607e+01,2.131233e+01,2.132607e+01,2.120235e+01,2.111979e+01,2.118860e+01,2.122298e+01,2.120923e+01,2.124361e+01,2.122298e+01,2.129859e+01,2.131233e+01,2.133294e+01,2.137415e+01,2.132607e+01,2.140161e+01,2.129172e+01,2.127798e+01,2.144964e+01,2.130546e+01,2.124361e+01,2.141533e+01,2.145650e+01,2.138101e+01,2.152508e+01,2.141533e+01,2.140161e+01,2.142906e+01,2.151823e+01,2.147708e+01,2.146336e+01,2.155936e+01,2.143592e+01,2.157306e+01,2.155250e+01,2.142906e+01,2.149080e+01,2.149080e+01,2.155936e+01,2.137415e+01,2.143592e+01,2.142906e+01,2.140847e+01,2.144278e+01,2.139474e+01,2.141533e+01,2.146336e+01,2.129859e+01,2.147022e+01,2.153194e+01,2.138788e+01,2.150451e+01,2.127110e+01,2.125736e+01,2.129859e+01,2.136041e+01,2.138101e+01,2.136728e+01,2.136041e+01,2.134668e+01,2.135355e+01,2.141533e+01,2.128485e+01,2.128485e+01,2.128485e+01,2.140161e+01,2.137415e+01,2.130546e+01,2.129172e+01,2.129859e+01,2.134668e+01,2.138788e+01,2.135355e+01,2.125048e+01,2.136041e+01,2.124361e+01,2.136041e+01,2.130546e+01,2.135355e+01,2.136041e+01,2.130546e+01,2.138788e+01,2.136728e+01,2.142220e+01,2.133981e+01,2.139474e+01,2.136728e+01,2.132607e+01,2.150451e+01,2.142220e+01,2.153880e+01,2.141533e+01,2.134668e+01,2.140161e+01,2.138788e+01,2.142906e+01,2.151137e+01,2.146336e+01,2.130546e+01,2.148394e+01,2.144278e+01,2.154565e+01,2.155250e+01,2.147022e+01,2.160047e+01,2.144964e+01,2.147708e+01,2.132607e+01,2.144964e+01,2.149080e+01,2.150451e+01,2.137415e+01,2.131920e+01,2.151823e+01,2.147708e+01,2.163472e+01,2.147708e+01,2.144964e+01,2.141533e+01,2.140847e+01,2.150451e+01,2.128485e+01,2.135355e+01,2.157306e+01,2.141533e+01,2.142220e+01,2.140161e+01,2.138101e+01,2.145650e+01,2.141533e+01,2.141533e+01,2.138788e+01,2.133981e+01,2.146336e+01,2.140161e+01,2.147022e+01,2.144278e+01,2.143592e+01,2.145650e+01,2.144964e+01,2.145650e+01,2.147708e+01,2.146336e+01,2.149766e+01,2.150451e+01,2.153880e+01,2.144964e+01,2.153880e+01,2.149766e+01,2.154565e+01,2.153880e+01,2.151137e+01,2.153880e+01,2.151823e+01
2.129859e+01,2.117484e+01,2.141533e+01,2.127798e+01,2.144964e+01,2.121611e+01,2.135355e+01,2.131920e+01,2.126423e+01,2.135355e+01,2.128485e+01,2.126423e+01,2.141533e+01,2.125048e+01,2.125048e+01,2.137415e+01,2.123674e+01,2.125736e+01,2.131233e+01,2.126423e+01,2.129172e+01,2.123674e+01,2.124361e+01,2.122986e+01,2.123674e+01,2.135355e+01,2.129859e+01,2.128485e+01,2.129859e+01,2.129172e+01,2.131233e+01,2.130546e+01,2.136728e+01,2.119548e+01,2.121611e+01,2.131233e+01,2.127110e+01,2.100271e+01,2.127110e+01,2.128485e+01,2.123674e+01,2.123674e+01,2.129859e+01,2.131233e+01,2.133294e+01,2.120235e+01,2.129172e+01,2.127798e+01,2.132607e+01,2.130546e+01,2.133981e+01,2.126423e+01,2.120235e+01,2.124361e+01,2.130546e+01,2.112667e+01,2.135355e+01,2.127798e+01,2.127798e+01,2.116108e+01,2.136041e+01,2.136728e+01,2.136728e+01,2.151823e+01,2.159362e+01,2.156621e+01,2.160732e+01,2.133981e+01,2.131233e+01,2.126423e+01,2.122986e+01,2.115420e+01,2.127110e+01,2.130546e+01,2.111979e+01,2.137415e+01,2.132607e+01,2.124361e+01,2.112667e+01,2.116796e+01,2.121611e+01,2.119548e+01,2.117484e+01,2.129172e+01,2.127798e+01,2.125048e+01,2.129859e+01,2.138101e+01,2.118860e+01,2.120923e+01,2.120923e+01,2.126423e+01,2.141533e+01,2.133981e+01,2.144278e+01,2.127110e+01,2.130546e+01,2.130546e+01,2.129172e+01,2.125736e+01,2.122298e+01,2.110602e+01,2.123674e+01,2.114732e+01,2.127798e+01,2.123674e+01,2.122986e+01,2.124361e+01,2.120235e+01,2.129859e+01,2.118860e+01,2.122298e+01,2.125048e+01,2.120235e+01,2.128485e+01,2.134668e+01,2.131233e+01,2.114044e+01,2.131920e+01,2.117484e+01,2.127110e+01,2.129859e+01,2.126423e+01,2.129859e+01,2.126423e+01,2.123674e+01,2.123674e+01,2.138788e+01,2.138788e+01,2.135355e+01,2.125048e+01,2.102338e+01,2.105782e+01,2.111979e+01,2.117484e+01,2.127798e+01,2.108537e+01,2.112667e+01,2.114044e+01,2.131233e+01,2.130546e+01,2.122986e+01,2.129172e+01,2.138101e+01,2.135355e+01,2.129172e+01,2.132607e+01,2.130546e+01,2.127798e+01,2.131233e+01,2.127798e+01,2.122298e+01,2.120923e+01,2.136728e+01,2.127110e+01,2.130546e+01,2.147022e+01,2.141533e+01,2.122986e+01,2.133294e+01,2.136041e+01,2.124361e+01,2.136041e+01,2.122298e+01,2.126423e+01,2.122298e+01,2.120923e+01,2.129172e+01,2.134668e+01,2.119548e+01,2.122986e+01,2.137415e+01,2.122986e+01,2.141533e+01,2.140161e+01,2.136041e+01,2.127798e+01,2.142220e+01,2.133981e+01,2.127110e+01,2.120235e+01,2.114044e+01,2.127110e+01,2.125736e+01,2.116796e+01,2.123674e+01,2.114044e+01,2.136041e+01,2.115420e+01,2.121611e+01,2.122986e+01,2.118860e+01,2.116796e+01,2.123674e+01,2.114044e+01,2.133294e+01,2.125048e+01,2.125048e+01,2.132607e+01,2.137415e+01,2.148394e+01,2.133981e+01,2.147708e+01,2.182629e+01,2.181945e+01,2.185363e+01,2.200386e+01,2.238527e+01,2.217430e+01,2.160047e+01,2.160732e+01,2.160732e+01,2.186729e+01,2.186729e+01,2.226282e+01,2.246681e+01,2.185363e+01,2.186729e+01,2.188096e+01,2.220836e+01,2.253472e+01,2.293444e+01,2.572312e+01,2.691455e+01,2.599926e+01,2.395717e+01,2.200386e+01,2.202432e+01,2.200386e+01,2.175791e+01,2.174423e+01,2.210616e+01,2.170318e+01,2.198338e+01,2.158677e+01,2.157306e+01,2.149080e+01,2.177843e+01,2.258901e+01,2.352106e+01,2.223560e+01,2.246002e+01,2.245322e+01,2.201750e+01,2.192877e+01,2.192877e+01,2.167580e+01,2.191511e+01,2.210616e+01,2.194243e+01,2.211979e+01,2.207207e+01,2.213342e+01,2.193560e+01,2.162787e+01,2.176475e+01,2.217430e+01,2.220836e+01,2.201750e+01,2.210616e+01,2.196973e+01,2.199703e+01,2.201750e+01,2.225602e+01,2.203797e+01,2.187413e+01,2.188096e+01,2.173739e+01,2.192877e+01,2.190828e+01,2.205843e+01,2.198338e+01,2.199021e+01,2.201068e+01,2.211979e+01,2.214705e+01,2.229685e+01,2.252793e+01,2.256865e+01,2.234447e+01,2.229685e+01,2.234447e+01,2.207889e+01,2.196291e+01,2.189462e+01,2.192877e+01,2.179211e+01,2.178527e+01,2.207889e+01,2.345380e+01,2.189462e+01,2.142220e+01,2.140161e+01,2.130546e+01,2.134668e+01,2.127110e+01,2.133981e+01,2.133981e+01,2.119548e+01,2.116108e+01,2.136728e+01,2.124361e+01,2.127110e+01,2.137415e+01,2.201068e+01,2.133294e+01,2.142220e+01,2.130546e+01,2.139474e+01,2.142220e+01,2.151137e+01,2.131233e+01,2.133981e+01,2.129172e+01,2.139474e+01,2.136041e+01,2.132607e+01,2.139474e+01,2.138788e+01,2.142220e+01,2.133981e+01,2.141533e+01,2.138101e+01,2.143592e+01,2.131920e+01,2.126423e+01,2.132607e+01,2.127798e+01,2.132607e+01,2.135355e+01,2.135355e+01,2.133981e+01,2.131920e+01,2.136728e+01,2.139474e+01,2.140161e+01,2.126423e+01,2.136728e+01,2.138788e+01,2.144278e+01,2.136728e+01,2.125048e+01,2.139474e+01,2.142220e+01,2.137415e+01,2.135355e+01,2.140161e+01,2.127798e+01,2.131920e+01,2.138788e+01,2.133981e+01,2.127110e+01,2.136041e+01,2.127798e+01,2.132607e+01,2.140161e+01,2.127798e+01,2.133981e+01,2.129859e+01,2.133294e+01,2.129859e+01,2.135355e+01,2.133981e+01,2.133981e+01,2.133294e+01,2.132607e+01,2.131233e+01,2.126423e+01,2.131920e+01,2.133981e+01,2.133294e+01,2.131233e+01,2.129859e+01,2.132607e+01,2.129859e+01,2.130546e+01,2.116796e+01,2.132607e+01,2.130546e+01,2.127110e+01,2.117484e+01,2.122986e+01,2.130546e+01,2.118172e+01,2.114732e+01,2.119548e+01,2.122298e+01,2.119548e+01,2.119548e+01,2.107848e+01,2.119548e+01,2.129172e+01,2.120923e+01,2.135355e+01,2.117484e+01,2.122986e+01,2.125048e+01,2.127110e+01,2.124361e+01,2.130546e+01,2.122298e+01,2.127110e+01,2.126423e+01,2.122986e+01,2.133294e+01,2.124361e+01,2.123674e+01,2.129859e+01,2.129859e+01,2.129172e+01,2.136728e+01,2.135355e+01,2.129172e+01,2.134668e+01,2.131920e+01,2.133294e+01,2.126423e+01,2.125048e+01,2.133294e+01,2.127798e+01,2.131233e+01,2.131233e+01,2.129172e+01,2.131920e+01,2.126423e+01,2.127110e+01,2.116108e+01,2.129172e+01,2.126423e+01,2.128485e+01,2.133981e+01,2.122298e+01,2.129172e+01,2.133981e+01,2.127110e+01,2.127110e+01,2.138788e+01,2.139474e+01,2.135355e+01,2.133981e+01,2.131920e+01,2.135355e+01,2.126423e+01,2.124361e+01,2.126423e+01,2.142220e+01,2.133294e+01,2.116108e+01,2.116796e+01,2.136728e+01,2.118172e+01,2.119548e+01,2.138101e+01,2.122986e+01,2.120923e+01,2.121611e+01,2.120923e+01,2.141533e+01,2.129172e+01,2.129859e+01,2.129172e+01,2.131920e+01,2.131233e+01,2.138788e+01,2.129172e+01,2.129859e+01,2.126423e+01,2.124361e+01,2.122986e+01,2.114732e+01,2.143592e+01,2.131920e+01,2.140161e+01,2.131233e+01,2.138788e+01,2.127798e+01,2.129859e+01,2.137415e+01,2.132607e+01,2.136041e+01,2.132607e+01,2.133981e+01,2.131233e+01,2.131920e+01,2.124361e+01,2.130546e+01,2.121611e+01,2.116796e+01,2.136728e+01,2.129859e+01,2.135355e+01,2.135355e+01,2.117484e+01,2.118860e+01,2.131920e+01,2.127110e+01,2.120235e+01,2.131920e+01,2.130546e+01,2.125048e+01,2.127798e+01,2.136728e+01,2.138788e+01,2.139474e+01,2.133981e+01,2.149766e+01,2.127798e+01,2.120923e+01,2.140847e+01,2.138101e+01,2.151823e+01,2.142906e+01,2.138788e+01,2.162787e+01,2.147708e+01,2.156621e+01,2.155936e+01,2.147708e+01,2.139474e+01,2.152508e+01,2.143592e+01,2.144964e+01,2.145650e+01,2.146336e+01,2.141533e+01,2.145650e+01,2.140847e+01,2.144278e+01,2.139474e+01,2.144964e+01,2.127798e+01,2.140847e+01,2.144964e+01,2.142220e+01,2.145650e+01,2.138788e+01,2.128485e+01,2.135355e+01,2.126423e+01,2.134668e+01,2.144278e+01,2.133981e+01,2.140161e+01,2.132607e+01,2.134668e+01,2.133981e+01,2.132607e+01,2.142220e+01,2.133981e+01,2.138788e+01,2.136041e+01,2.133294e+01,2.139474e+01,2.118172e+01,2.135355e+01,2.125736e+01,2.129859e+01,2.109225e+01,2.133981e+01,2.122298e+01,2.122298e+01,2.128485e+01,2.138101e+01,2.133294e+01,2.138101e+01,2.138101e+01,2.145650e+01,2.139474e+01,2.144964e+01,2.151823e+01,2.139474e+01,2.147708e+01,2.143592e+01,2.138101e+01,2.136041e+01,2.141533e+01,2.136728e+01,2.135355e+01,2.140161e+01,2.134668e+01,2.136728e+01,2.149766e+01,2.141533e+01,2.132607e+01,2.141533e+01,2.153194e+01,2.145650e+01,2.140847e+01,2.144278e+01,2.144278e+01,2.144964e+01,2.160047e+01,2.146336e+01,2.155250e+01,2.149080e+01,2.133981e+01,2.143592e+01,2.150451e+01,2.148394e+01,2.139474e+01,2.147708e+01,2.147022e+01,2.148394e+01,2.136041e+01,2.128485e+01,2.144964e+01,2.129859e+01,2.141533e+01,2.140161e+01,2.122298e+01,2.140847e+01,2.147022e+01,2.139474e+01,2.138101e+01,2.140161e+01,2.140847e+01,2.143592e+01,2.136041e+01,2.134668e+01,2.144964e+01,2.136728e+01,2.144964e+01,2.131920e+01,2.144964e+01,2.149766e+01,2.147708e+01,2.147022e+01,2.132607e+01,2.134668e+01,2.148394e+01,2.147708e+01,2.125048e+01,2.147708e+01,2.147022e+01,2.157991e+01,2.155250e+01,2.153880e+01,2.147708e+01,2.147708e+01,2.143592e+01
2.136041e+01,2.137415e+01,2.138101e+01,2.135355e+01,2.128485e+01,2.132607e+01,2.133294e+01,2.130546e+01,2.120923e+01,2.133981e+01,2.131920e+01,2.123674e+01,2.125048e+01,2.141533e+01,2.122986e+01,2.125736e+01,2.125736e+01,2.126423e+01,2.124361e+01,2.124361e+01,2.122298e+01,2.120923e+01,2.142906e+01,2.118172e+01,2.126423e+01,2.123674e+01,2.125048e+01,2.129859e+01,2.125736e+01,2.133294e+01,2.130546e+01,2.129172e+01,2.126423e+01,2.131233e+01,2.136728e+01,2.135355e+01,2.127798e+01,2.133981e+01,2.129859e+01,2.131233e+01,2.134668e+01,2.131920e+01,2.128485e+01,2.132607e+01,2.131920e+01,2.132607e+01,2.129172e+01,2.130546e+01,2.130546e+01,2.133294e+01,2.133981e+01,2.116108e+01,2.130546e+01,2.135355e+01,2.136728e+01,2.134668e+01,2.128485e+01,2.138788e+01,2.127798e+01,2.130546e+01,2.145650e+01,2.136041e+01,2.136041e+01,2.138101e+01,2.158677e+01,2.208571e+01,2.187413e+01,2.146336e+01,2.130546e+01,2.125736e+01,2.119548e+01,2.129172e+01,2.133294e+01,2.125736e+01,2.121611e+01,2.140847e+01,2.124361e+01,2.125736e+01,2.126423e+01,2.128485e+01,2.141533e+01,2.128485e+01,2.138788e+01,2.133981e+01,2.132607e+01,2.132607e+01,2.130546e+01,2.124361e+01,2.120923e+01,2.128485e+01,2.123674e+01,2.142906e+01,2.131920e+01,2.124361e+01,2.131233e+01,2.130546e+01,2.128485e+01,2.129859e+01,2.114732e+01,2.132607e+01,2.119548e+01,2.132607e+01,2.134668e+01,2.125048e+01,2.103716e+01,2.122986e+01,2.115420e+01,2.125736e+01,2.127110e+01,2.133294e+01,2.129859e+01,2.127798e+01,2.127110e+01,2.133981e+01,2.117484e+01,2.127798e+01,2.136041e+01,2.127798e+01,2.133294e+01,2.135355e+01,2.120235e+01,2.119548e+01,2.129172e+01,2.128485e+01,2.126423e+01,2.137415e+01,2.141533e+01,2.139474e+01,2.124361e+01,2.131920e+01,2.114732e+01,2.127110e+01,2.125048e+01,2.129172e+01,2.135355e+01,2.127110e+01,2.116796e+01,2.134668e+01,2.138101e+01,2.136728e+01,2.139474e+01,2.137415e+01,2.125736e+01,2.143592e+01,2.144278e+01,2.125048e+01,2.141533e+01,2.144278e+01,2.131920e+01,2.146336e+01,2.136728e+01,2.133981e+01,2.142220e+01,2.138788e+01,2.134668e+01,2.125736e+01,2.139474e+01,2.144964e+01,2.123674e+01,2.138788e+01,2.132607e+01,2.136728e+01,2.140847e+01,2.129172e+01,2.125048e+01,2.132607e+01,2.133294e+01,2.136041e+01,2.133981e+01,2.136041e+01,2.133981e+01,2.138788e+01,2.134668e+01,2.123674e+01,2.139474e+01,2.144278e+01,2.140847e+01,2.144278e+01,2.129172e+01,2.122986e+01,2.119548e+01,2.117484e+01,2.127110e+01,2.127798e+01,2.127110e+01,2.125736e+01,2.132607e+01,2.122298e+01,2.125048e+01,2.137415e+01,2.129859e+01,2.125736e+01,2.131233e+01,2.130546e+01,2.119548e+01,2.129172e+01,2.134668e+01,2.125736e+01,2.132607e+01,2.133981e+01,2.141533e+01,2.135355e+01,2.157991e+01,2.168264e+01,2.178527e+01,2.193560e+01,2.199021e+01,2.231726e+01,2.185363e+01,2.171686e+01,2.162102e+01,2.163472e+01,2.190828e+01,2.214024e+01,2.156621e+01,2.208571e+01,2.188096e+01,2.188779e+01,2.218793e+01,2.189462e+01,2.189462e+01,2.233086e+01,2.445812e+01,2.636633e+01,2.473096e+01,2.277880e+01,2.243964e+01,2.235127e+01,2.243964e+01,2.237167e+01,2.265005e+01,2.313035e+01,2.271106e+01,2.206525e+01,2.160732e+01,2.157306e+01,2.147708e+01,2.176475e+01,2.274494e+01,2.386340e+01,2.197656e+01,2.246002e+01,2.201068e+01,2.203797e+01,2.189462e+01,2.202432e+01,2.208571e+01,2.205161e+01,2.217430e+01,2.217430e+01,2.197656e+01,2.211979e+01,2.213342e+01,2.209252e+01,2.195608e+01,2.185363e+01,2.203115e+01,2.218112e+01,2.221517e+01,2.220836e+01,2.211979e+01,2.201750e+01,2.211298e+01,2.209252e+01,2.206525e+01,2.206525e+01,2.187413e+01,2.193560e+01,2.190828e+01,2.193560e+01,2.199021e+01,2.205161e+01,2.199021e+01,2.204479e+01,2.209934e+01,2.231726e+01,2.262971e+01,2.356139e+01,2.356812e+01,2.313710e+01,2.286680e+01,2.287357e+01,2.250077e+01,2.193560e+01,2.183312e+01,2.169633e+01,2.165526e+01,2.164841e+01,2.192877e+01,2.281943e+01,2.275171e+01,2.141533e+01,2.132607e+01,2.144964e+01,2.149080e+01,2.130546e+01,2.151137e+01,2.125736e+01,2.124361e+01,2.121611e+01,2.138788e+01,2.144964e+01,2.120235e+01,2.136041e+01,2.169633e+01,2.147708e+01,2.130546e+01,2.140847e+01,2.128485e+01,2.136041e+01,2.156621e+01,2.142906e+01,2.136041e+01,2.132607e+01,2.133294e+01,2.134668e+01,2.134668e+01,2.142220e+01,2.138788e+01,2.149766e+01,2.145650e+01,2.129859e+01,2.133294e+01,2.133981e+01,2.131233e+01,2.136728e+01,2.131233e+01,2.136728e+01,2.135355e+01,2.147708e+01,2.143592e+01,2.133981e+01,2.145650e+01,2.132607e+01,2.133294e+01,2.138101e+01,2.138788e+01,2.139474e+01,2.133294e+01,2.138788e+01,2.128485e+01,2.138788e+01,2.134668e+01,2.138788e+01,2.136728e+01,2.136728e+01,2.138101e+01,2.141533e+01,2.136728e+01,2.133294e+01,2.149766e+01,2.141533e+01,2.138788e+01,2.133981e+01,2.135355e+01,2.140161e+01,2.128485e+01,2.140847e+01,2.159362e+01,2.148394e+01,2.133294e+01,2.151823e+01,2.128485e+01,2.140847e+01,2.144964e+01,2.136728e+01,2.127110e+01,2.134668e+01,2.140847e+01,2.132607e+01,2.136041e+01,2.133294e+01,2.132607e+01,2.127110e+01,2.131233e+01,2.114732e+01,2.129859e+01,2.117484e+01,2.115420e+01,2.118860e+01,2.113355e+01,2.127798e+01,2.117484e+01,2.124361e+01,2.115420e+01,2.123674e+01,2.120923e+01,2.127110e+01,2.125736e+01,2.119548e+01,2.113355e+01,2.126423e+01,2.129859e+01,2.131233e+01,2.130546e+01,2.122986e+01,2.129172e+01,2.125048e+01,2.127798e+01,2.120235e+01,2.129172e+01,2.144964e+01,2.127110e+01,2.131233e+01,2.133981e+01,2.131920e+01,2.122298e+01,2.132607e+01,2.136041e+01,2.139474e+01,2.134668e+01,2.118172e+01,2.131920e+01,2.129859e+01,2.131233e+01,2.140161e+01,2.126423e+01,2.127798e+01,2.127110e+01,2.124361e+01,2.136041e+01,2.129859e+01,2.129172e+01,2.122298e+01,2.133981e+01,2.132607e+01,2.126423e+01,2.119548e+01,2.123674e+01,2.117484e+01,2.131920e+01,2.138101e+01,2.128485e+01,2.131233e+01,2.136041e+01,2.133981e+01,2.133294e+01,2.138788e+01,2.133981e+01,2.124361e+01,2.135355e+01,2.136728e+01,2.129859e+01,2.130546e+01,2.122986e+01,2.127110e+01,2.116108e+01,2.124361e+01,2.134668e+01,2.118172e+01,2.119548e+01,2.120235e+01,2.133294e+01,2.135355e+01,2.120923e+01,2.129172e+01,2.129172e+01,2.139474e+01,2.116108e+01,2.125736e+01,2.127798e+01,2.138788e+01,2.136728e+01,2.127798e+01,2.129859e+01,2.127110e+01,2.138788e+01,2.133294e+01,2.122986e+01,2.137415e+01,2.124361e+01,2.142220e+01,2.142220e+01,2.128485e+01,2.114732e+01,2.128485e+01,2.144278e+01,2.136728e+01,2.131920e+01,2.134668e+01,2.132607e+01,2.127110e+01,2.132607e+01,2.132607e+01,2.130546e+01,2.127110e+01,2.132607e+01,2.125736e+01,2.131233e+01,2.137415e+01,2.129172e+01,2.133294e+01,2.121611e+01,2.119548e+01,2.124361e+01,2.121611e+01,2.129859e+01,2.130546e+01,2.127110e+01,2.127110e+01,2.131233e+01,2.139474e+01,2.127798e+01,2.134668e+01,2.132607e+01,2.150451e+01,2.133981e+01,2.138788e+01,2.140161e+01,2.139474e+01,2.138101e+01,2.144278e+01,2.137415e+01,2.145650e+01,2.147708e+01,2.146336e+01,2.144278e+01,2.151137e+01,2.149080e+01,2.147022e+01,2.162787e+01,2.160047e+01,2.160047e+01,2.157991e+01,2.151137e+01,2.145650e+01,2.136728e+01,2.141533e+01,2.142906e+01,2.141533e+01,2.139474e+01,2.129859e+01,2.147022e+01,2.129859e+01,2.140161e+01,2.145650e+01,2.132607e+01,2.129859e+01,2.130546e+01,2.134668e+01,2.131920e+01,2.136728e+01,2.136041e+01,2.140161e+01,2.138788e+01,2.134668e+01,2.136728e+01,2.133294e+01,2.118860e+01,2.129172e+01,2.125736e+01,2.133981e+01,2.131920e+01,2.130546e+01,2.139474e+01,2.130546e+01,2.138101e+01,2.133981e+01,2.137415e+01,2.131233e+01,2.135355e+01,2.136728e+01,2.139474e+01,2.140161e+01,2.118860e+01,2.135355e+01,2.132607e+01,2.133981e+01,2.148394e+01,2.149080e+01,2.144964e+01,2.149766e+01,2.129172e+01,2.125736e+01,2.155936e+01,2.138101e+01,2.139474e+01,2.145650e+01,2.147022e+01,2.148394e+01,2.138788e+01,2.143592e+01,2.138788e+01,2.149766e+01,2.142906e+01,2.137415e+01,2.149766e+01,2.155250e+01,2.144964e+01,2.140847e+01,2.149766e+01,2.154565e+01,2.136728e+01,2.131920e+01,2.142906e+01,2.143592e+01,2.149080e+01,2.152508e+01,2.151823e+01,2.152508e+01,2.149766e+01,2.155250e+01,2.143592e+01,2.131920e+01,2.147708e+01,2.149766e+01,2.143592e+01,2.129859e+01,2.144964e+01,2.140847e+01,2.144964e+01,2.141533e+01,2.144278e+01,2.138788e+01,2.142906e+01,2.135355e+01,2.137415e+01,2.134668e+01,2.140161e+01,2.152508e+01,2.157306e+01,2.155936e+01,2.154565e+01,2.146336e+01,2.148394e+01,2.149080e+01,2.136728e+01,2.147022e+01,2.140847e+01,2.145650e+01,2.146336e+01,2.145650e+01,2.143592e+01,2.130546e+01,2.159362e+01,2.157991e+01,2.152508e+01,2.153880e+01,2.154565e+01,2.151823e+01
2.136041e+01,2.116108e+01,2.127798e+01,2.126423e+01,2.136728e+01,2.135355e+01,2.136041e+01,2.137415e+01,2.127110e+01,2.151137e+01,2.131920e+01,2.129859e+01,2.133294e+01,2.140161e+01,2.142906e+01,2.137415e+01,2.122986e+01,2.118172e+01,2.119548e+01,2.123674e+01,2.121611e+01,2.121611e+01,2.132607e+01,2.125048e+01,2.139474e+01,2.133294e+01,2.125048e+01,2.135355e+01,2.125048e+01,2.138101e+01,2.135355e+01,2.131233e+01,2.129172e+01,2.128485e+01,2.127110e+01,2.129859e+01,2.135355e+01,2.149080e+01,2.132607e+01,2.132607e+01,2.129859e+01,2.132607e+01,2.140847e+01,2.117484e+01,2.127798e+01,2.130546e+01,2.129172e+01,2.131233e+01,2.131920e+01,2.131920e+01,2.132607e+01,2.121611e+01,2.133294e+01,2.129172e+01,2.130546e+01,2.125048e+01,2.128485e+01,2.122986e+01,2.136041e+01,2.134668e+01,2.137415e+01,2.132607e+01,2.132607e+01,2.156621e+01,2.160732e+01,2.246681e+01,2.256865e+01,2.143592e+01,2.133294e+01,2.134668e+01,2.125736e+01,2.122298e+01,2.128485e+01,2.129859e+01,2.128485e+01,2.115420e+01,2.116108e+01,2.124361e+01,2.137415e+01,2.128485e+01,2.128485e+01,2.125048e+01,2.120235e+01,2.131920e+01,2.121611e+01,2.127798e+01,2.123674e+01,2.129172e+01,2.120235e+01,2.125736e+01,2.123674e+01,2.139474e+01,2.127110e+01,2.126423e+01,2.125736e+01,2.132607e+01,2.126423e+01,2.128485e+01,2.117484e+01,2.131233e+01,2.128485e+01,2.127110e+01,2.131233e+01,2.110602e+01,2.107848e+01,2.105094e+01,2.116108e+01,2.138101e+01,2.131920e+01,2.140847e+01,2.131233e+01,2.134668e+01,2.129859e+01,2.131920e+01,2.136728e+01,2.135355e+01,2.129172e+01,2.121611e+01,2.116796e+01,2.133294e+01,2.120923e+01,2.138101e+01,2.122986e+01,2.124361e+01,2.132607e+01,2.128485e+01,2.131920e+01,2.143592e+01,2.142906e+01,2.131233e+01,2.119548e+01,2.114732e+01,2.116108e+01,2.133981e+01,2.127798e+01,2.127110e+01,2.135355e+01,2.133294e+01,2.123674e+01,2.142220e+01,2.139474e+01,2.143592e+01,2.140161e+01,2.144964e+01,2.138788e+01,2.140847e+01,2.145650e+01,2.133981e+01,2.143592e+01,2.145650e+01,2.130546e+01,2.136728e+01,2.136041e+01,2.130546e+01,2.138788e+01,2.123674e+01,2.135355e+01,2.132607e+01,2.129859e+01,2.124361e+01,2.127798e+01,2.140161e+01,2.143592e+01,2.143592e+01,2.122986e+01,2.123674e+01,2.131920e+01,2.128485e+01,2.115420e+01,2.118172e+01,2.127110e+01,2.123674e+01,2.137415e+01,2.131920e+01,2.133981e+01,2.122986e+01,2.142906e+01,2.143592e+01,2.141533e+01,2.143592e+01,2.144278e+01,2.122986e+01,2.126423e+01,2.127798e+01,2.125048e+01,2.125736e+01,2.133981e+01,2.130546e+01,2.116796e+01,2.123674e+01,2.131233e+01,2.125048e+01,2.122986e+01,2.108537e+01,2.122986e+01,2.133294e+01,2.127798e+01,2.129172e+01,2.133981e+01,2.136728e+01,2.136041e+01,2.135355e+01,2.142906e+01,2.171002e+01,2.180578e+01,2.184679e+01,2.207207e+01,2.231046e+01,2.164841e+01,2.165526e+01,2.158677e+01,2.179211e+01,2.202432e+01,2.201750e+01,2.190145e+01,2.188096e+01,2.194925e+01,2.211979e+01,2.187413e+01,2.188779e+01,2.187413e+01,2.226282e+01,2.306284e+01,2.497656e+01,2.324503e+01,2.250756e+01,2.337977e+01,2.397726e+01,2.445146e+01,2.482396e+01,2.419793e+01,2.344707e+01,2.238527e+01,2.161417e+01,2.157306e+01,2.135355e+01,2.136728e+01,2.147022e+01,2.177843e+01,2.251435e+01,2.183312e+01,2.177159e+01,2.176475e+01,2.165526e+01,2.164157e+01,2.190145e+01,2.202432e+01,2.249398e+01,2.364201e+01,2.273139e+01,2.250077e+01,2.242604e+01,2.210616e+01,2.216068e+01,2.210616e+01,2.182629e+01,2.214024e+01,2.229685e+01,2.225602e+01,2.220155e+01,2.226282e+01,2.218112e+01,2.202432e+01,2.200386e+01,2.190828e+01,2.182629e+01,2.202432e+01,2.207207e+01,2.203797e+01,2.191511e+01,2.191511e+01,2.187413e+01,2.197656e+01,2.176475e+01,2.204479e+01,2.224921e+01,2.288033e+01,2.505610e+01,2.460461e+01,2.357483e+01,2.257544e+01,2.258901e+01,2.209934e+01,2.185363e+01,2.205843e+01,2.167580e+01,2.153880e+01,2.160047e+01,2.170318e+01,2.220155e+01,2.334610e+01,2.175107e+01,2.149766e+01,2.144964e+01,2.144278e+01,2.150451e+01,2.127110e+01,2.121611e+01,2.118860e+01,2.117484e+01,2.119548e+01,2.127798e+01,2.120923e+01,2.144278e+01,2.144964e+01,2.129172e+01,2.135355e+01,2.135355e+01,2.140161e+01,2.131920e+01,2.142220e+01,2.130546e+01,2.129172e+01,2.136041e+01,2.137415e+01,2.135355e+01,2.135355e+01,2.141533e+01,2.137415e+01,2.139474e+01,2.133294e+01,2.141533e+01,2.143592e+01,2.135355e+01,2.129172e+01,2.136728e+01,2.126423e+01,2.152508e+01,2.131920e+01,2.133294e+01,2.133294e+01,2.131920e+01,2.134668e+01,2.142906e+01,2.142220e+01,2.140161e+01,2.136041e+01,2.136728e+01,2.137415e+01,2.136728e+01,2.136041e+01,2.137415e+01,2.134668e+01,2.137415e+01,2.137415e+01,2.138788e+01,2.133294e+01,2.132607e+01,2.129859e+01,2.139474e+01,2.127798e+01,2.142906e+01,2.131920e+01,2.142906e+01,2.135355e+01,2.140161e+01,2.136728e+01,2.145650e+01,2.141533e+01,2.130546e+01,2.136041e+01,2.129859e+01,2.149766e+01,2.136728e+01,2.136728e+01,2.137415e+01,2.133981e+01,2.132607e+01,2.142220e+01,2.136041e+01,2.134668e+01,2.133981e+01,2.116796e+01,2.129859e+01,2.120923e+01,2.128485e+01,2.129859e+01,2.114044e+01,2.114044e+01,2.125048e+01,2.128485e+01,2.124361e+01,2.127110e+01,2.125048e+01,2.120923e+01,2.117484e+01,2.125048e+01,2.125048e+01,2.118860e+01,2.116108e+01,2.117484e+01,2.127798e+01,2.127798e+01,2.128485e+01,2.123674e+01,2.127798e+01,2.128485e+01,2.125048e+01,2.118172e+01,2.132607e+01,2.136041e+01,2.127798e+01,2.133981e+01,2.128485e+01,2.135355e+01,2.122298e+01,2.122986e+01,2.122986e+01,2.131920e+01,2.133294e+01,2.130546e+01,2.125736e+01,2.133981e+01,2.132607e+01,2.129859e+01,2.122298e+01,2.127110e+01,2.134668e+01,2.124361e+01,2.125048e+01,2.120923e+01,2.119548e+01,2.132607e+01,2.128485e+01,2.130546e+01,2.126423e+01,2.124361e+01,2.132607e+01,2.118860e+01,2.119548e+01,2.140161e+01,2.131233e+01,2.125736e+01,2.127798e+01,2.133294e+01,2.135355e+01,2.136041e+01,2.133294e+01,2.122298e+01,2.130546e+01,2.138101e+01,2.131920e+01,2.127110e+01,2.131920e+01,2.131233e+01,2.133294e+01,2.131233e+01,2.125736e+01,2.129172e+01,2.122986e+01,2.137415e+01,2.136728e+01,2.140847e+01,2.142220e+01,2.125048e+01,2.129859e+01,2.127798e+01,2.127798e+01,2.136041e+01,2.121611e+01,2.125736e+01,2.133294e+01,2.122986e+01,2.133981e+01,2.124361e+01,2.128485e+01,2.117484e+01,2.125736e+01,2.125048e+01,2.138101e+01,2.136041e+01,2.133294e+01,2.127110e+01,2.117484e+01,2.136728e+01,2.129859e+01,2.149766e+01,2.129172e+01,2.122986e+01,2.139474e+01,2.127798e+01,2.122298e+01,2.127798e+01,2.131920e+01,2.118860e+01,2.117484e+01,2.118860e+01,2.136041e+01,2.120235e+01,2.133981e+01,2.116108e+01,2.124361e+01,2.129172e+01,2.129172e+01,2.120923e+01,2.129172e+01,2.124361e+01,2.125048e+01,2.120235e+01,2.131920e+01,2.126423e+01,2.129172e+01,2.124361e+01,2.129859e+01,2.121611e+01,2.135355e+01,2.125736e+01,2.138788e+01,2.142220e+01,2.136041e+01,2.139474e+01,2.139474e+01,2.140847e+01,2.139474e+01,2.155936e+01,2.150451e+01,2.153880e+01,2.151137e+01,2.133294e+01,2.147708e+01,2.147022e+01,2.188096e+01,2.144964e+01,2.151137e+01,2.142220e+01,2.144278e+01,2.157991e+01,2.129172e+01,2.139474e+01,2.128485e+01,2.138101e+01,2.131920e+01,2.145650e+01,2.146336e+01,2.141533e+01,2.135355e+01,2.140161e+01,2.125048e+01,2.125048e+01,2.131233e+01,2.149080e+01,2.137415e+01,2.130546e+01,2.127798e+01,2.143592e+01,2.131233e+01,2.133981e+01,2.136041e+01,2.133981e+01,2.122298e+01,2.138101e+01,2.135355e+01,2.125048e+01,2.120923e+01,2.142906e+01,2.133294e+01,2.138788e+01,2.129859e+01,2.120235e+01,2.136728e+01,2.134668e+01,2.118172e+01,2.135355e+01,2.139474e+01,2.125048e+01,2.140847e+01,2.144964e+01,2.136728e+01,2.144964e+01,2.146336e+01,2.148394e+01,2.144278e+01,2.145650e+01,2.142906e+01,2.140847e+01,2.138788e+01,2.147708e+01,2.152508e+01,2.137415e+01,2.147708e+01,2.149766e+01,2.140847e+01,2.140161e+01,2.134668e+01,2.144278e+01,2.140847e+01,2.144278e+01,2.142220e+01,2.153880e+01,2.149080e+01,2.149766e+01,2.150451e+01,2.143592e+01,2.144964e+01,2.139474e+01,2.142906e+01,2.147022e+01,2.133981e+01,2.141533e+01,2.151823e+01,2.150451e+01,2.143592e+01,2.147022e+01,2.137415e+01,2.133981e+01,2.151137e+01,2.167580e+01,2.140161e+01,2.142220e+01,2.140847e+01,2.138788e+01,2.142906e+01,2.144278e+01,2.144964e+01,2.137415e+01,2.137415e+01,2.134668e+01,2.153880e+01,2.150451e+01,2.134668e+01,2.138101e+01,2.161417e+01,2.147022e+01,2.147022e+01,2.145650e+01,2.142220e+01,2.140847e+01,2.142906e+01,2.144964e+01,2.150451e+01,2.142220e+01,2.140161e+01,2.146336e+01,2.142906e+01,2.151823e+01,2.149080e+01,2.146336e+01,2.152508e+01,2.144964e+01,2.140847e+01
2.123674e+01,2.140847e+01,2.140161e+01,2.129859e+01,2.133981e+01,2.131920e+01,2.125048e+01,2.122986e+01,2.128485e+01,2.118860e+01,2.131233e+01,2.135355e+01,2.145650e+01,2.144964e+01,2.131233e+01,2.122986e+01,2.123674e+01,2.122298e+01,2.129172e+01,2.138101e+01,2.129172e+01,2.124361e+01,2.126423e+01,2.140847e+01,2.144278e+01,2.125048e+01,2.131920e+01,2.135355e+01,2.123674e+01,2.138101e+01,2.129859e+01,2.133294e+01,2.130546e+01,2.127110e+01,2.134668e+01,2.126423e+01,2.130546e+01,2.129172e+01,2.134668e+01,2.127798e+01,2.131233e+01,2.133294e+01,2.135355e+01,2.144278e+01,2.129172e+01,2.134668e+01,2.133981e+01,2.125736e+01,2.132607e+01,2.120923e+01,2.129172e+01,2.120923e+01,2.127798e+01,2.129859e+01,2.127110e+01,2.133981e+01,2.114732e+01,2.133981e+01,2.126423e+01,2.125736e+01,2.130546e+01,2.137415e+01,2.157991e+01,2.143592e+01,2.157991e+01,2.213342e+01,2.323828e+01,2.189462e+01,2.153194e+01,2.136041e+01,2.129172e+01,2.128485e+01,2.123674e+01,2.131920e+01,2.119548e+01,2.139474e+01,2.120923e+01,2.125736e+01,2.129172e+01,2.145650e+01,2.128485e+01,2.129172e+01,2.122986e+01,2.123674e+01,2.139474e+01,2.133294e+01,2.120235e+01,2.118860e+01,2.138101e+01,2.120235e+01,2.127798e+01,2.128485e+01,2.127798e+01,2.129172e+01,2.130546e+01,2.132607e+01,2.133981e+01,2.115420e+01,2.118860e+01,2.120235e+01,2.133981e+01,2.129859e+01,2.132607e+01,2.128485e+01,2.127110e+01,2.127798e+01,2.127110e+01,2.148394e+01,2.145650e+01,2.142220e+01,2.130546e+01,2.132607e+01,2.128485e+01,2.123674e+01,2.119548e+01,2.129859e+01,2.114044e+01,2.118172e+01,2.122298e+01,2.109225e+01,2.119548e+01,2.138101e+01,2.123674e+01,2.145650e+01,2.127110e+01,2.128485e+01,2.130546e+01,2.136041e+01,2.127798e+01,2.144278e+01,2.138788e+01,2.122986e+01,2.130546e+01,2.131233e+01,2.130546e+01,2.125736e+01,2.133981e+01,2.137415e+01,2.141533e+01,2.121611e+01,2.118172e+01,2.139474e+01,2.140847e+01,2.133981e+01,2.131920e+01,2.122986e+01,2.121611e+01,2.138788e+01,2.131233e+01,2.133981e+01,2.143592e+01,2.122298e+01,2.130546e+01,2.120235e+01,2.137415e+01,2.122986e+01,2.121611e+01,2.122986e+01,2.138101e+01,2.118860e+01,2.136041e+01,2.120235e+01,2.139474e+01,2.122986e+01,2.122986e+01,2.132607e+01,2.135355e+01,2.135355e+01,2.133294e+01,2.131920e+01,2.136041e+01,2.137415e+01,2.142906e+01,2.141533e+01,2.135355e+01,2.136041e+01,2.140847e+01,2.142906e+01,2.129172e+01,2.142220e+01,2.142220e+01,2.127798e+01,2.127798e+01,2.113355e+01,2.128485e+01,2.123674e+01,2.133294e+01,2.127798e+01,2.123674e+01,2.140161e+01,2.129859e+01,2.131920e+01,2.119548e+01,2.118860e+01,2.120923e+01,2.129859e+01,2.136041e+01,2.122986e+01,2.136728e+01,2.139474e+01,2.142906e+01,2.133294e+01,2.171002e+01,2.179211e+01,2.183996e+01,2.180578e+01,2.242604e+01,2.205161e+01,2.163472e+01,2.176475e+01,2.195608e+01,2.203115e+01,2.189462e+01,2.200386e+01,2.188096e+01,2.194925e+01,2.177843e+01,2.149766e+01,2.179211e+01,2.222198e+01,2.193560e+01,2.181262e+01,2.181262e+01,2.259579e+01,2.229685e+01,2.202432e+01,2.258901e+01,2.330568e+01,2.409100e+01,2.483060e+01,2.327873e+01,2.312361e+01,2.214024e+01,2.159362e+01,2.160047e+01,2.131920e+01,2.142906e+01,2.130546e+01,2.125736e+01,2.143592e+01,2.148394e+01,2.180578e+01,2.195608e+01,2.197656e+01,2.201750e+01,2.183996e+01,2.186729e+01,2.200386e+01,2.245322e+01,2.262292e+01,2.290739e+01,2.350089e+01,2.296149e+01,2.243964e+01,2.243284e+01,2.212661e+01,2.210616e+01,2.192194e+01,2.211979e+01,2.208571e+01,2.210616e+01,2.225602e+01,2.202432e+01,2.202432e+01,2.206525e+01,2.197656e+01,2.208571e+01,2.230365e+01,2.193560e+01,2.191511e+01,2.199703e+01,2.195608e+01,2.204479e+01,2.203797e+01,2.207207e+01,2.230365e+01,2.306960e+01,2.398395e+01,2.244643e+01,2.239206e+01,2.182629e+01,2.181945e+01,2.184679e+01,2.185363e+01,2.188096e+01,2.183312e+01,2.179211e+01,2.174423e+01,2.184679e+01,2.183996e+01,2.278557e+01,2.181945e+01,2.143592e+01,2.136728e+01,2.142220e+01,2.145650e+01,2.138788e+01,2.131233e+01,2.133294e+01,2.122298e+01,2.118172e+01,2.133981e+01,2.124361e+01,2.144964e+01,2.142220e+01,2.131920e+01,2.134668e+01,2.142220e+01,2.148394e+01,2.129859e+01,2.135355e+01,2.143592e+01,2.152508e+01,2.137415e+01,2.134668e+01,2.134668e+01,2.138788e+01,2.137415e+01,2.133294e+01,2.142906e+01,2.127110e+01,2.130546e+01,2.133294e+01,2.129859e+01,2.131233e+01,2.141533e+01,2.130546e+01,2.131920e+01,2.129859e+01,2.144964e+01,2.133294e+01,2.133981e+01,2.137415e+01,2.126423e+01,2.131920e+01,2.141533e+01,2.140161e+01,2.142220e+01,2.141533e+01,2.127110e+01,2.144964e+01,2.134668e+01,2.134668e+01,2.136728e+01,2.141533e+01,2.136728e+01,2.127798e+01,2.136728e+01,2.130546e+01,2.128485e+01,2.138788e+01,2.133981e+01,2.142906e+01,2.136041e+01,2.138101e+01,2.140161e+01,2.140161e+01,2.139474e+01,2.133981e+01,2.131920e+01,2.131920e+01,2.124361e+01,2.135355e+01,2.147022e+01,2.144278e+01,2.132607e+01,2.132607e+01,2.133294e+01,2.129172e+01,2.135355e+01,2.129172e+01,2.121611e+01,2.136041e+01,2.129172e+01,2.119548e+01,2.128485e+01,2.126423e+01,2.125048e+01,2.129172e+01,2.129172e+01,2.127798e+01,2.129172e+01,2.123674e+01,2.124361e+01,2.127798e+01,2.121611e+01,2.119548e+01,2.129859e+01,2.119548e+01,2.123674e+01,2.121611e+01,2.120923e+01,2.130546e+01,2.123674e+01,2.124361e+01,2.124361e+01,2.130546e+01,2.128485e+01,2.130546e+01,2.132607e+01,2.128485e+01,2.129172e+01,2.125048e+01,2.125048e+01,2.131233e+01,2.121611e+01,2.124361e+01,2.133294e+01,2.122298e+01,2.120235e+01,2.135355e+01,2.128485e+01,2.122986e+01,2.131233e+01,2.127110e+01,2.133294e+01,2.144278e+01,2.133981e+01,2.120923e+01,2.121611e+01,2.133294e+01,2.135355e+01,2.141533e+01,2.127798e+01,2.132607e+01,2.132607e+01,2.125736e+01,2.129172e+01,2.131233e+01,2.141533e+01,2.141533e+01,2.127798e+01,2.125048e+01,2.124361e+01,2.122986e+01,2.128485e+01,2.121611e+01,2.120235e+01,2.136041e+01,2.132607e+01,2.136041e+01,2.130546e+01,2.140847e+01,2.149080e+01,2.135355e+01,2.147708e+01,2.131920e+01,2.131233e+01,2.116108e+01,2.122298e+01,2.135355e+01,2.136728e+01,2.137415e+01,2.131233e+01,2.131920e+01,2.140161e+01,2.132607e+01,2.132607e+01,2.125048e+01,2.129172e+01,2.127110e+01,2.129172e+01,2.129859e+01,2.128485e+01,2.129859e+01,2.137415e+01,2.129859e+01,2.133981e+01,2.129859e+01,2.129859e+01,2.133294e+01,2.122298e+01,2.129859e+01,2.141533e+01,2.136728e+01,2.135355e+01,2.129859e+01,2.125736e+01,2.129859e+01,2.127110e+01,2.138788e+01,2.131233e+01,2.138788e+01,2.133294e+01,2.131233e+01,2.129859e+01,2.126423e+01,2.118860e+01,2.129859e+01,2.136041e+01,2.122298e+01,2.133294e+01,2.127110e+01,2.125048e+01,2.129172e+01,2.131920e+01,2.118172e+01,2.127110e+01,2.129859e+01,2.136728e+01,2.127798e+01,2.126423e+01,2.130546e+01,2.125048e+01,2.121611e+01,2.136728e+01,2.152508e+01,2.155250e+01,2.142220e+01,2.151137e+01,2.149080e+01,2.151823e+01,2.142906e+01,2.138101e+01,2.149766e+01,2.156621e+01,2.158677e+01,2.148394e+01,2.150451e+01,2.154565e+01,2.155936e+01,2.154565e+01,2.150451e+01,2.144278e+01,2.142906e+01,2.144278e+01,2.142220e+01,2.140847e+01,2.138101e+01,2.136041e+01,2.142906e+01,2.143592e+01,2.130546e+01,2.128485e+01,2.149766e+01,2.149080e+01,2.148394e+01,2.133294e+01,2.125048e+01,2.131233e+01,2.134668e+01,2.129172e+01,2.139474e+01,2.127110e+01,2.137415e+01,2.136728e+01,2.144964e+01,2.129172e+01,2.135355e+01,2.127110e+01,2.118172e+01,2.146336e+01,2.129859e+01,2.134668e+01,2.136041e+01,2.127798e+01,2.136728e+01,2.129172e+01,2.135355e+01,2.131920e+01,2.138101e+01,2.137415e+01,2.139474e+01,2.133294e+01,2.129859e+01,2.141533e+01,2.140161e+01,2.126423e+01,2.129172e+01,2.133294e+01,2.145650e+01,2.138101e+01,2.144278e+01,2.151137e+01,2.136728e+01,2.138788e+01,2.135355e+01,2.151137e+01,2.149766e+01,2.153194e+01,2.144964e+01,2.149080e+01,2.151823e+01,2.155250e+01,2.142906e+01,2.155936e+01,2.147022e+01,2.155250e+01,2.140161e+01,2.144964e+01,2.143592e+01,2.149080e+01,2.127110e+01,2.136728e+01,2.140161e+01,2.141533e+01,2.142220e+01,2.139474e+01,2.139474e+01,2.151137e+01,2.146336e+01,2.148394e+01,2.144964e+01,2.143592e+01,2.136728e+01,2.139474e+01,2.144278e+01,2.144278e+01,2.140161e+01,2.147022e+01,2.142906e+01,2.144278e+01,2.140847e+01,2.139474e+01,2.144278e+01,2.143592e+01,2.141533e+01,2.135355e+01,2.140847e+01,2.148394e+01,2.144964e+01,2.145650e+01,2.147022e+01,2.141533e+01,2.136728e+01,2.143592e+01,2.137415e+01,2.142220e+01,2.143592e+01,2.151823e+01,2.140847e+01,2.144964e+01,2.139474e+01,2.144278e+01,2.156621e+01,2.153194e+01,2.141533e+01,2.157991e+01,2.143592e+01,2.155936e+01
2.140847e+01,2.139474e+01,2.128485e+01,2.132607e+01,2.132607e+01,2.133981e+01,2.130546e+01,2.130546e+01,2.123674e+01,2.127798e+01,2.130546e+01,2.135355e+01,2.141533e+01,2.131233e+01,2.126423e+01,2.129859e+01,2.155250e+01,2.136041e+01,2.156621e+01,2.122298e+01,2.133294e+01,2.131233e+01,2.140161e+01,2.142220e+01,2.129172e+01,2.140161e+01,2.136041e+01,2.130546e+01,2.131920e+01,2.138788e+01,2.106471e+01,2.131233e+01,2.120923e+01,2.125048e+01,2.134668e+01,2.134668e+01,2.133981e+01,2.128485e+01,2.139474e+01,2.134668e+01,2.126423e+01,2.138101e+01,2.129172e+01,2.136041e+01,2.133294e+01,2.136041e+01,2.128485e+01,2.134668e+01,2.131920e+01,2.115420e+01,2.117484e+01,2.132607e+01,2.127798e+01,2.124361e+01,2.131920e+01,2.129859e+01,2.130546e+01,2.136041e+01,2.129859e+01,2.131233e+01,2.133294e+01,2.142906e+01,2.153194e+01,2.138788e+01,2.155250e+01,2.159362e+01,2.300880e+01,2.214705e+01,2.133981e+01,2.138788e+01,2.126423e+01,2.121611e+01,2.120923e+01,2.120923e+01,2.122298e+01,2.118860e+01,2.132607e+01,2.127110e+01,2.121611e+01,2.131233e+01,2.131920e+01,2.133294e+01,2.116796e+01,2.123674e+01,2.118172e+01,2.120235e+01,2.119548e+01,2.127110e+01,2.121611e+01,2.126423e+01,2.125048e+01,2.126423e+01,2.129172e+01,2.129172e+01,2.127110e+01,2.122298e+01,2.137415e+01,2.129172e+01,2.132607e+01,2.129859e+01,2.121611e+01,2.133981e+01,2.129172e+01,2.138101e+01,2.129172e+01,2.131233e+01,2.128485e+01,2.129172e+01,2.136041e+01,2.147708e+01,2.136728e+01,2.131920e+01,2.116796e+01,2.110602e+01,2.121611e+01,2.127798e+01,2.116108e+01,2.118172e+01,2.118860e+01,2.118172e+01,2.121611e+01,2.131920e+01,2.128485e+01,2.127110e+01,2.131233e+01,2.131233e+01,2.137415e+01,2.147022e+01,2.134668e+01,2.127110e+01,2.129172e+01,2.121611e+01,2.118860e+01,2.128485e+01,2.127110e+01,2.109225e+01,2.127110e+01,2.114732e+01,2.116796e+01,2.113355e+01,2.118172e+01,2.118860e+01,2.120923e+01,2.131920e+01,2.127110e+01,2.119548e+01,2.127110e+01,2.121611e+01,2.135355e+01,2.132607e+01,2.131233e+01,2.131233e+01,2.121611e+01,2.129172e+01,2.120923e+01,2.123674e+01,2.120923e+01,2.129172e+01,2.116108e+01,2.136728e+01,2.128485e+01,2.120235e+01,2.121611e+01,2.139474e+01,2.122986e+01,2.130546e+01,2.135355e+01,2.127798e+01,2.116108e+01,2.134668e+01,2.132607e+01,2.139474e+01,2.124361e+01,2.147022e+01,2.144278e+01,2.129172e+01,2.131233e+01,2.140847e+01,2.125048e+01,2.131920e+01,2.127798e+01,2.126423e+01,2.130546e+01,2.127110e+01,2.116108e+01,2.132607e+01,2.125736e+01,2.129859e+01,2.113355e+01,2.129859e+01,2.123674e+01,2.121611e+01,2.118172e+01,2.111979e+01,2.119548e+01,2.130546e+01,2.125048e+01,2.129859e+01,2.135355e+01,2.144278e+01,2.146336e+01,2.139474e+01,2.155250e+01,2.173739e+01,2.178527e+01,2.178527e+01,2.220836e+01,2.183312e+01,2.164841e+01,2.188779e+01,2.192194e+01,2.220836e+01,2.259579e+01,2.223560e+01,2.209252e+01,2.172371e+01,2.201068e+01,2.171686e+01,2.191511e+01,2.274494e+01,2.256865e+01,2.177159e+01,2.154565e+01,2.151823e+01,2.149080e+01,2.142220e+01,2.142906e+01,2.153194e+01,2.238527e+01,2.331915e+01,2.310335e+01,2.269750e+01,2.186729e+01,2.158677e+01,2.136728e+01,2.136728e+01,2.140161e+01,2.139474e+01,2.146336e+01,2.147022e+01,2.171686e+01,2.179211e+01,2.192194e+01,2.204479e+01,2.171686e+01,2.175791e+01,2.166211e+01,2.171002e+01,2.183312e+01,2.233767e+01,2.242604e+01,2.266361e+01,2.352106e+01,2.393709e+01,2.356139e+01,2.356139e+01,2.266361e+01,2.230365e+01,2.188779e+01,2.187413e+01,2.198338e+01,2.201068e+01,2.188096e+01,2.199703e+01,2.220155e+01,2.196291e+01,2.195608e+01,2.194925e+01,2.200386e+01,2.192877e+01,2.198338e+01,2.235127e+01,2.287357e+01,2.230365e+01,2.252114e+01,2.345380e+01,2.427138e+01,2.317759e+01,2.194925e+01,2.179211e+01,2.159362e+01,2.172371e+01,2.175107e+01,2.181945e+01,2.195608e+01,2.199703e+01,2.203115e+01,2.203115e+01,2.222198e+01,2.252114e+01,2.280589e+01,2.179211e+01,2.140847e+01,2.107848e+01,2.126423e+01,2.136728e+01,2.131233e+01,2.130546e+01,2.126423e+01,2.131233e+01,2.124361e+01,2.129859e+01,2.142220e+01,2.151823e+01,2.140847e+01,2.125736e+01,2.141533e+01,2.130546e+01,2.127110e+01,2.138101e+01,2.147022e+01,2.133981e+01,2.133981e+01,2.128485e+01,2.138788e+01,2.138101e+01,2.133294e+01,2.140161e+01,2.138101e+01,2.138101e+01,2.138788e+01,2.130546e+01,2.132607e+01,2.136728e+01,2.140847e+01,2.133981e+01,2.131920e+01,2.129172e+01,2.132607e+01,2.136041e+01,2.149080e+01,2.137415e+01,2.139474e+01,2.129859e+01,2.138101e+01,2.143592e+01,2.132607e+01,2.136041e+01,2.133294e+01,2.140161e+01,2.136041e+01,2.140847e+01,2.136728e+01,2.136041e+01,2.138788e+01,2.131920e+01,2.131233e+01,2.129172e+01,2.129859e+01,2.131920e+01,2.138788e+01,2.135355e+01,2.143592e+01,2.128485e+01,2.129172e+01,2.139474e+01,2.133294e+01,2.129172e+01,2.130546e+01,2.153194e+01,2.143592e+01,2.138788e+01,2.137415e+01,2.130546e+01,2.127110e+01,2.129859e+01,2.142220e+01,2.137415e+01,2.124361e+01,2.126423e+01,2.131920e+01,2.127798e+01,2.135355e+01,2.122298e+01,2.133294e+01,2.116796e+01,2.133294e+01,2.122986e+01,2.127110e+01,2.120235e+01,2.124361e+01,2.111979e+01,2.118860e+01,2.116108e+01,2.124361e+01,2.131233e+01,2.111979e+01,2.116108e+01,2.126423e+01,2.130546e+01,2.136041e+01,2.122986e+01,2.130546e+01,2.126423e+01,2.127798e+01,2.126423e+01,2.132607e+01,2.127798e+01,2.127110e+01,2.118172e+01,2.116796e+01,2.119548e+01,2.116796e+01,2.125736e+01,2.127798e+01,2.118172e+01,2.120923e+01,2.127798e+01,2.129859e+01,2.118860e+01,2.133981e+01,2.132607e+01,2.128485e+01,2.126423e+01,2.126423e+01,2.127110e+01,2.136041e+01,2.127110e+01,2.121611e+01,2.133981e+01,2.129859e+01,2.140161e+01,2.119548e+01,2.134668e+01,2.133294e+01,2.133981e+01,2.117484e+01,2.117484e+01,2.135355e+01,2.135355e+01,2.124361e+01,2.130546e+01,2.131233e+01,2.120923e+01,2.125048e+01,2.146336e+01,2.142220e+01,2.118172e+01,2.120923e+01,2.132607e+01,2.131920e+01,2.134668e+01,2.131233e+01,2.144964e+01,2.131920e+01,2.128485e+01,2.129172e+01,2.131920e+01,2.128485e+01,2.135355e+01,2.130546e+01,2.124361e+01,2.134668e+01,2.130546e+01,2.125048e+01,2.125048e+01,2.119548e+01,2.126423e+01,2.123674e+01,2.122298e+01,2.124361e+01,2.125736e+01,2.137415e+01,2.133981e+01,2.134668e+01,2.136728e+01,2.130546e+01,2.136728e+01,2.129172e+01,2.135355e+01,2.134668e+01,2.130546e+01,2.134668e+01,2.130546e+01,2.134668e+01,2.138788e+01,2.127110e+01,2.135355e+01,2.119548e+01,2.122986e+01,2.127110e+01,2.127110e+01,2.138101e+01,2.123674e+01,2.136041e+01,2.128485e+01,2.132607e+01,2.126423e+01,2.125048e+01,2.125736e+01,2.115420e+01,2.119548e+01,2.123674e+01,2.118860e+01,2.122298e+01,2.131233e+01,2.125736e+01,2.125736e+01,2.121611e+01,2.129172e+01,2.129172e+01,2.127110e+01,2.118172e+01,2.135355e+01,2.130546e+01,2.132607e+01,2.126423e+01,2.131233e+01,2.144278e+01,2.141533e+01,2.145650e+01,2.138788e+01,2.138101e+01,2.144278e+01,2.148394e+01,2.140847e+01,2.150451e+01,2.151823e+01,2.149766e+01,2.132607e+01,2.153194e+01,2.155936e+01,2.142906e+01,2.148394e+01,2.132607e+01,2.144964e+01,2.142220e+01,2.131233e+01,2.137415e+01,2.138101e+01,2.137415e+01,2.140161e+01,2.142220e+01,2.147022e+01,2.135355e+01,2.142906e+01,2.140847e+01,2.134668e+01,2.140847e+01,2.133294e+01,2.140847e+01,2.145650e+01,2.124361e+01,2.134668e+01,2.136728e+01,2.136728e+01,2.134668e+01,2.135355e+01,2.125048e+01,2.132607e+01,2.142906e+01,2.136041e+01,2.138788e+01,2.125048e+01,2.129859e+01,2.131920e+01,2.125736e+01,2.129172e+01,2.134668e+01,2.129172e+01,2.131920e+01,2.133294e+01,2.134668e+01,2.134668e+01,2.133981e+01,2.129859e+01,2.147022e+01,2.145650e+01,2.137415e+01,2.144964e+01,2.148394e+01,2.146336e+01,2.142220e+01,2.142906e+01,2.147022e+01,2.142220e+01,2.149080e+01,2.138788e+01,2.142906e+01,2.151823e+01,2.136728e+01,2.149766e+01,2.140847e+01,2.141533e+01,2.144278e+01,2.145650e+01,2.150451e+01,2.149080e+01,2.147708e+01,2.147022e+01,2.146336e+01,2.140847e+01,2.146336e+01,2.140847e+01,2.135355e+01,2.142220e+01,2.141533e+01,2.140161e+01,2.148394e+01,2.149080e+01,2.143592e+01,2.147708e+01,2.144964e+01,2.144278e+01,2.143592e+01,2.138788e+01,2.147022e+01,2.140161e+01,2.139474e+01,2.147708e+01,2.141533e+01,2.138788e+01,2.145650e+01,2.144278e+01,2.140847e+01,2.143592e+01,2.134668e+01,2.143592e+01,2.147708e+01,2.139474e+01,2.139474e+01,2.147022e+01,2.147022e+01,2.138788e+01,2.153194e+01,2.135355e+01,2.136041e+01,2.140161e+01,2.141533e+01,2.141533e+01,2.139474e+01,2.155936e+01,2.139474e+01,2.152508e+01,2.142906e+01,2.138101e+01,2.153880e+01,2.153880e+01,2.151823e+01,2.141533e+01
2.125048e+01,2.139474e+01,2.141533e+01,2.131920e+01,2.130546e+01,2.129859e+01,2.130546e+01,2.131920e+01,2.130546e+01,2.136728e+01,2.133294e+01,2.142220e+01,2.138101e+01,2.131233e+01,2.122298e+01,2.139474e+01,2.122986e+01,2.135355e+01,2.147708e+01,2.133294e+01,2.123674e+01,2.137415e+01,2.136728e+01,2.133294e+01,2.127798e+01,2.130546e+01,2.127798e+01,2.125048e+01,2.133294e+01,2.137415e+01,2.129172e+01,2.128485e+01,2.143592e+01,2.128485e+01,2.129172e+01,2.129172e+01,2.133294e+01,2.127798e+01,2.133294e+01,2.131233e+01,2.123674e+01,2.127110e+01,2.132607e+01,2.132607e+01,2.128485e+01,2.132607e+01,2.127798e+01,2.134668e+01,2.131920e+01,2.131920e+01,2.124361e+01,2.135355e+01,2.130546e+01,2.131920e+01,2.127110e+01,2.131920e+01,2.137415e+01,2.136728e+01,2.134668e+01,2.132607e+01,2.123674e+01,2.133294e+01,2.131233e+01,2.150451e+01,2.152508e+01,2.189462e+01,2.274494e+01,2.249398e+01,2.138788e+01,2.127798e+01,2.127110e+01,2.125736e+01,2.120923e+01,2.120235e+01,2.124361e+01,2.132607e+01,2.120923e+01,2.114732e+01,2.114732e+01,2.118172e+01,2.139474e+01,2.136041e+01,2.124361e+01,2.116796e+01,2.120235e+01,2.122986e+01,2.122986e+01,2.110602e+01,2.127798e+01,2.130546e+01,2.125736e+01,2.130546e+01,2.133294e+01,2.125736e+01,2.140161e+01,2.136041e+01,2.137415e+01,2.135355e+01,2.131233e+01,2.138101e+01,2.137415e+01,2.134668e+01,2.138101e+01,2.137415e+01,2.133294e+01,2.131920e+01,2.147708e+01,2.151137e+01,2.134668e+01,2.133981e+01,2.130546e+01,2.122298e+01,2.116796e+01,2.113355e+01,2.115420e+01,2.112667e+01,2.126423e+01,2.127798e+01,2.111979e+01,2.121611e+01,2.124361e+01,2.125736e+01,2.125048e+01,2.130546e+01,2.141533e+01,2.129172e+01,2.132607e+01,2.134668e+01,2.148394e+01,2.134668e+01,2.123674e+01,2.125048e+01,2.125736e+01,2.127798e+01,2.122986e+01,2.133981e+01,2.125736e+01,2.131233e+01,2.116108e+01,2.116796e+01,2.115420e+01,2.114044e+01,2.130546e+01,2.120235e+01,2.127110e+01,2.118860e+01,2.122986e+01,2.122298e+01,2.111979e+01,2.116796e+01,2.127798e+01,2.122986e+01,2.115420e+01,2.120235e+01,2.122986e+01,2.118860e+01,2.118860e+01,2.116796e+01,2.122986e+01,2.129172e+01,2.122298e+01,2.120235e+01,2.121611e+01,2.127798e+01,2.129172e+01,2.132607e+01,2.120235e+01,2.118860e+01,2.130546e+01,2.134668e+01,2.148394e+01,2.138788e+01,2.144278e+01,2.130546e+01,2.142220e+01,2.125736e+01,2.136041e+01,2.144278e+01,2.147022e+01,2.133294e+01,2.151823e+01,2.136041e+01,2.129172e+01,2.125048e+01,2.114732e+01,2.134668e+01,2.129859e+01,2.122298e+01,2.124361e+01,2.121611e+01,2.120235e+01,2.126423e+01,2.114732e+01,2.117484e+01,2.129859e+01,2.126423e+01,2.124361e+01,2.123674e+01,2.121611e+01,2.138788e+01,2.144278e+01,2.147022e+01,2.163472e+01,2.181945e+01,2.183996e+01,2.194925e+01,2.186729e+01,2.173739e+01,2.181945e+01,2.168264e+01,2.214705e+01,2.311011e+01,2.365545e+01,2.228324e+01,2.220836e+01,2.192194e+01,2.183312e+01,2.194243e+01,2.192194e+01,2.192877e+01,2.275171e+01,2.211298e+01,2.181262e+01,2.151823e+01,2.151137e+01,2.150451e+01,2.142906e+01,2.146336e+01,2.148394e+01,2.184679e+01,2.233086e+01,2.243284e+01,2.186046e+01,2.149080e+01,2.149080e+01,2.130546e+01,2.143592e+01,2.150451e+01,2.153880e+01,2.156621e+01,2.177843e+01,2.174423e+01,2.218793e+01,2.218793e+01,2.166211e+01,2.160047e+01,2.144964e+01,2.152508e+01,2.184679e+01,2.232406e+01,2.313035e+01,2.349416e+01,2.319782e+01,2.434478e+01,2.411106e+01,2.400403e+01,2.397057e+01,2.319108e+01,2.216068e+01,2.164157e+01,2.194243e+01,2.187413e+01,2.203797e+01,2.211979e+01,2.199021e+01,2.209252e+01,2.194925e+01,2.207889e+01,2.231726e+01,2.196973e+01,2.196973e+01,2.194243e+01,2.285327e+01,2.286004e+01,2.255508e+01,2.346053e+01,2.399065e+01,2.247360e+01,2.241925e+01,2.199021e+01,2.199703e+01,2.176475e+01,2.174423e+01,2.202432e+01,2.213342e+01,2.217430e+01,2.213342e+01,2.224921e+01,2.237167e+01,2.248719e+01,2.181945e+01,2.126423e+01,2.107848e+01,2.094067e+01,2.098203e+01,2.138788e+01,2.136728e+01,2.130546e+01,2.136728e+01,2.136728e+01,2.147022e+01,2.147022e+01,2.153880e+01,2.152508e+01,2.149766e+01,2.144964e+01,2.134668e+01,2.146336e+01,2.133981e+01,2.129172e+01,2.136041e+01,2.147708e+01,2.141533e+01,2.144278e+01,2.137415e+01,2.132607e+01,2.135355e+01,2.146336e+01,2.133981e+01,2.137415e+01,2.140161e+01,2.134668e+01,2.140161e+01,2.127798e+01,2.140847e+01,2.134668e+01,2.137415e+01,2.140847e+01,2.134668e+01,2.147022e+01,2.131920e+01,2.133981e+01,2.136041e+01,2.146336e+01,2.135355e+01,2.135355e+01,2.141533e+01,2.138101e+01,2.132607e+01,2.140161e+01,2.140161e+01,2.144278e+01,2.130546e+01,2.138101e+01,2.132607e+01,2.140161e+01,2.142220e+01,2.140161e+01,2.130546e+01,2.135355e+01,2.128485e+01,2.131233e+01,2.128485e+01,2.141533e+01,2.125736e+01,2.139474e+01,2.136728e+01,2.144964e+01,2.139474e+01,2.133981e+01,2.140161e+01,2.137415e+01,2.132607e+01,2.136728e+01,2.135355e+01,2.127110e+01,2.127110e+01,2.129172e+01,2.134668e+01,2.131920e+01,2.134668e+01,2.133294e+01,2.133294e+01,2.129859e+01,2.135355e+01,2.117484e+01,2.129859e+01,2.131920e+01,2.129859e+01,2.122298e+01,2.125736e+01,2.123674e+01,2.118860e+01,2.121611e+01,2.124361e+01,2.125048e+01,2.114732e+01,2.120923e+01,2.127798e+01,2.120923e+01,2.124361e+01,2.128485e+01,2.125048e+01,2.125048e+01,2.126423e+01,2.129172e+01,2.128485e+01,2.136728e+01,2.131920e+01,2.132607e+01,2.125736e+01,2.127110e+01,2.125736e+01,2.125048e+01,2.122298e+01,2.125736e+01,2.125736e+01,2.124361e+01,2.127798e+01,2.133294e+01,2.131920e+01,2.131920e+01,2.119548e+01,2.133294e+01,2.126423e+01,2.124361e+01,2.129859e+01,2.129859e+01,2.125736e+01,2.132607e+01,2.132607e+01,2.139474e+01,2.138788e+01,2.138788e+01,2.135355e+01,2.133981e+01,2.131920e+01,2.137415e+01,2.125048e+01,2.142906e+01,2.138788e+01,2.143592e+01,2.138101e+01,2.138788e+01,2.128485e+01,2.122986e+01,2.139474e+01,2.133981e+01,2.135355e+01,2.135355e+01,2.133981e+01,2.131233e+01,2.124361e+01,2.133294e+01,2.135355e+01,2.133294e+01,2.129859e+01,2.131920e+01,2.131233e+01,2.125736e+01,2.139474e+01,2.138101e+01,2.132607e+01,2.125736e+01,2.125048e+01,2.129859e+01,2.118860e+01,2.131233e+01,2.142220e+01,2.118860e+01,2.131920e+01,2.123674e+01,2.132607e+01,2.138101e+01,2.132607e+01,2.133294e+01,2.134668e+01,2.122986e+01,2.120923e+01,2.144278e+01,2.136728e+01,2.133294e+01,2.132607e+01,2.129859e+01,2.131233e+01,2.140847e+01,2.131920e+01,2.138788e+01,2.126423e+01,2.129859e+01,2.129172e+01,2.131920e+01,2.131233e+01,2.136041e+01,2.125736e+01,2.118172e+01,2.129172e+01,2.118860e+01,2.124361e+01,2.123674e+01,2.125048e+01,2.136041e+01,2.128485e+01,2.124361e+01,2.122298e+01,2.121611e+01,2.126423e+01,2.122298e+01,2.122298e+01,2.128485e+01,2.130546e+01,2.129859e+01,2.125048e+01,2.130546e+01,2.125048e+01,2.139474e+01,2.142220e+01,2.140847e+01,2.147022e+01,2.141533e+01,2.143592e+01,2.133981e+01,2.130546e+01,2.152508e+01,2.153194e+01,2.168949e+01,2.168264e+01,2.147708e+01,2.151137e+01,2.147708e+01,2.154565e+01,2.132607e+01,2.153880e+01,2.152508e+01,2.149080e+01,2.142906e+01,2.138101e+01,2.142906e+01,2.139474e+01,2.140161e+01,2.139474e+01,2.149766e+01,2.139474e+01,2.138101e+01,2.141533e+01,2.140161e+01,2.147022e+01,2.153880e+01,2.135355e+01,2.133981e+01,2.137415e+01,2.136041e+01,2.136041e+01,2.129859e+01,2.127110e+01,2.129172e+01,2.134668e+01,2.135355e+01,2.140847e+01,2.142906e+01,2.123674e+01,2.142220e+01,2.123674e+01,2.149080e+01,2.123674e+01,2.131233e+01,2.136728e+01,2.129172e+01,2.129172e+01,2.119548e+01,2.129859e+01,2.130546e+01,2.132607e+01,2.132607e+01,2.130546e+01,2.131233e+01,2.133981e+01,2.131920e+01,2.134668e+01,2.136728e+01,2.166895e+01,2.128485e+01,2.137415e+01,2.154565e+01,2.139474e+01,2.149766e+01,2.147708e+01,2.147708e+01,2.141533e+01,2.142220e+01,2.137415e+01,2.160732e+01,2.134668e+01,2.144964e+01,2.138101e+01,2.131233e+01,2.143592e+01,2.143592e+01,2.148394e+01,2.146336e+01,2.149766e+01,2.144964e+01,2.148394e+01,2.155250e+01,2.134668e+01,2.140847e+01,2.142906e+01,2.150451e+01,2.136728e+01,2.153880e+01,2.153880e+01,2.149080e+01,2.132607e+01,2.149080e+01,2.140847e+01,2.138101e+01,2.149080e+01,2.140847e+01,2.147708e+01,2.145650e+01,2.145650e+01,2.142906e+01,2.137415e+01,2.143592e+01,2.136041e+01,2.152508e+01,2.135355e+01,2.149766e+01,2.153194e+01,2.138101e+01,2.143592e+01,2.154565e+01,2.155936e+01,2.144278e+01,2.144278e+01,2.141533e+01,2.144278e+01,2.151137e+01,2.140847e+01,2.155936e+01,2.136041e+01,2.142220e+01,2.138788e+01,2.138101e+01,2.134668e+01,2.156621e+01,2.158677e+01,2.149080e+01,2.155250e+01,2.141533e+01
2.135355e+01,2.134668e+01,2.113355e+01,2.128485e+01,2.138101e+01,2.131920e+01,2.118860e+01,2.122298e+01,2.146336e+01,2.126423e+01,2.142220e+01,2.124361e+01,2.141533e+01,2.129172e+01,2.126423e+01,2.127798e+01,2.124361e+01,2.131920e+01,2.118172e+01,2.119548e+01,2.129859e+01,2.127798e+01,2.123674e+01,2.117484e+01,2.140847e+01,2.122298e+01,2.122298e+01,2.123674e+01,2.121611e+01,2.124361e+01,2.120235e+01,2.122298e+01,2.125736e+01,2.127110e+01,2.112667e+01,2.129859e+01,2.143592e+01,2.122986e+01,2.123674e+01,2.130546e+01,2.122298e+01,2.124361e+01,2.143592e+01,2.124361e+01,2.125736e+01,2.116796e+01,2.118172e+01,2.120923e+01,2.133294e+01,2.136728e+01,2.118172e+01,2.131233e+01,2.129172e+01,2.133981e+01,2.127798e+01,2.124361e+01,2.125736e+01,2.139474e+01,2.116796e+01,2.129172e+01,2.133294e+01,2.131233e+01,2.136728e+01,2.138101e+01,2.153194e+01,2.150451e+01,2.248719e+01,2.250077e+01,2.142906e+01,2.128485e+01,2.112667e+01,2.129859e+01,2.122986e+01,2.147022e+01,2.116108e+01,2.114732e+01,2.117484e+01,2.116108e+01,2.111979e+01,2.111291e+01,2.112667e+01,2.111979e+01,2.120235e+01,2.122986e+01,2.124361e+01,2.124361e+01,2.107848e+01,2.111291e+01,2.129172e+01,2.130546e+01,2.132607e+01,2.129859e+01,2.120923e+01,2.130546e+01,2.121611e+01,2.127798e+01,2.130546e+01,2.137415e+01,2.136041e+01,2.131920e+01,2.136728e+01,2.133981e+01,2.138788e+01,2.106471e+01,2.105782e+01,2.129172e+01,2.135355e+01,2.153194e+01,2.149080e+01,2.159362e+01,2.130546e+01,2.129859e+01,2.120923e+01,2.118860e+01,2.115420e+01,2.116796e+01,2.114732e+01,2.129172e+01,2.111291e+01,2.125048e+01,2.127110e+01,2.120923e+01,2.120923e+01,2.125048e+01,2.111291e+01,2.117484e+01,2.131233e+01,2.134668e+01,2.125736e+01,2.127798e+01,2.122298e+01,2.114732e+01,2.131233e+01,2.124361e+01,2.120235e+01,2.119548e+01,2.109225e+01,2.109225e+01,2.127798e+01,2.111291e+01,2.116796e+01,2.129172e+01,2.118860e+01,2.123674e+01,2.122298e+01,2.131233e+01,2.117484e+01,2.118860e+01,2.118860e+01,2.132607e+01,2.114732e+01,2.118860e+01,2.129859e+01,2.123674e+01,2.122986e+01,2.124361e+01,2.091998e+01,2.117484e+01,2.127798e+01,2.125736e+01,2.121611e+01,2.122986e+01,2.122298e+01,2.128485e+01,2.117484e+01,2.121611e+01,2.125736e+01,2.133294e+01,2.127798e+01,2.135355e+01,2.129859e+01,2.126423e+01,2.136728e+01,2.129172e+01,2.140847e+01,2.139474e+01,2.136041e+01,2.129172e+01,2.138788e+01,2.137415e+01,2.140161e+01,2.144964e+01,2.131233e+01,2.127110e+01,2.125736e+01,2.127110e+01,2.122298e+01,2.120235e+01,2.118860e+01,2.116796e+01,2.114044e+01,2.115420e+01,2.114732e+01,2.130546e+01,2.122298e+01,2.113355e+01,2.131233e+01,2.121611e+01,2.141533e+01,2.131920e+01,2.142906e+01,2.146336e+01,2.177159e+01,2.169633e+01,2.183312e+01,2.198338e+01,2.187413e+01,2.171002e+01,2.185363e+01,2.190145e+01,2.207207e+01,2.353451e+01,2.348744e+01,2.260936e+01,2.227644e+01,2.179894e+01,2.198338e+01,2.168949e+01,2.160047e+01,2.167580e+01,2.192877e+01,2.317759e+01,2.257544e+01,2.181945e+01,2.149766e+01,2.149080e+01,2.146336e+01,2.136728e+01,2.140847e+01,2.186046e+01,2.181945e+01,2.214705e+01,2.160732e+01,2.127798e+01,2.136728e+01,2.131233e+01,2.138101e+01,2.159362e+01,2.171002e+01,2.153880e+01,2.179211e+01,2.212661e+01,2.288710e+01,2.334610e+01,2.167580e+01,2.173055e+01,2.162102e+01,2.160732e+01,2.159362e+01,2.183996e+01,2.310335e+01,2.444479e+01,2.351434e+01,2.405087e+01,2.267717e+01,2.271783e+01,2.313710e+01,2.298177e+01,2.214024e+01,2.205843e+01,2.233767e+01,2.199703e+01,2.195608e+01,2.196973e+01,2.224240e+01,2.200386e+01,2.215387e+01,2.228324e+01,2.258222e+01,2.156621e+01,2.145650e+01,2.147708e+01,2.166211e+01,2.208571e+01,2.250756e+01,2.279235e+01,2.277880e+01,2.314385e+01,2.382318e+01,2.304933e+01,2.299529e+01,2.230365e+01,2.181262e+01,2.216068e+01,2.209252e+01,2.216749e+01,2.228324e+01,2.243964e+01,2.231046e+01,2.151137e+01,2.100271e+01,2.093377e+01,2.094757e+01,2.105782e+01,2.097514e+01,2.105094e+01,2.097514e+01,2.119548e+01,2.129859e+01,2.136728e+01,2.159362e+01,2.209934e+01,2.152508e+01,2.144964e+01,2.142906e+01,2.122298e+01,2.144278e+01,2.140847e+01,2.143592e+01,2.136041e+01,2.153194e+01,2.136728e+01,2.142220e+01,2.145650e+01,2.150451e+01,2.130546e+01,2.141533e+01,2.133981e+01,2.132607e+01,2.140161e+01,2.140847e+01,2.135355e+01,2.141533e+01,2.138101e+01,2.138101e+01,2.138788e+01,2.138101e+01,2.132607e+01,2.125736e+01,2.138788e+01,2.134668e+01,2.133981e+01,2.135355e+01,2.131920e+01,2.131920e+01,2.129172e+01,2.141533e+01,2.132607e+01,2.142906e+01,2.129172e+01,2.126423e+01,2.136041e+01,2.129172e+01,2.137415e+01,2.134668e+01,2.140847e+01,2.143592e+01,2.138101e+01,2.138101e+01,2.131233e+01,2.128485e+01,2.132607e+01,2.128485e+01,2.149766e+01,2.139474e+01,2.139474e+01,2.137415e+01,2.136728e+01,2.136041e+01,2.134668e+01,2.129859e+01,2.137415e+01,2.122298e+01,2.131920e+01,2.129172e+01,2.133981e+01,2.129172e+01,2.133294e+01,2.129859e+01,2.117484e+01,2.133294e+01,2.123674e+01,2.125736e+01,2.122986e+01,2.120923e+01,2.121611e+01,2.124361e+01,2.120923e+01,2.118172e+01,2.125736e+01,2.122986e+01,2.124361e+01,2.121611e+01,2.120923e+01,2.123674e+01,2.114732e+01,2.111979e+01,2.120923e+01,2.121611e+01,2.128485e+01,2.118172e+01,2.127110e+01,2.124361e+01,2.116796e+01,2.122986e+01,2.127798e+01,2.127798e+01,2.130546e+01,2.122298e+01,2.120923e+01,2.127110e+01,2.131233e+01,2.123674e+01,2.122986e+01,2.125736e+01,2.123674e+01,2.124361e+01,2.124361e+01,2.122298e+01,2.122298e+01,2.129859e+01,2.119548e+01,2.131920e+01,2.122986e+01,2.129172e+01,2.123674e+01,2.124361e+01,2.123674e+01,2.128485e+01,2.133981e+01,2.126423e+01,2.123674e+01,2.138788e+01,2.117484e+01,2.117484e+01,2.133981e+01,2.134668e+01,2.126423e+01,2.133294e+01,2.120235e+01,2.130546e+01,2.131233e+01,2.141533e+01,2.129172e+01,2.133294e+01,2.132607e+01,2.126423e+01,2.127798e+01,2.134668e+01,2.131920e+01,2.132607e+01,2.129859e+01,2.127798e+01,2.129859e+01,2.138101e+01,2.131233e+01,2.131233e+01,2.125048e+01,2.129859e+01,2.121611e+01,2.122986e+01,2.122986e+01,2.130546e+01,2.127110e+01,2.126423e+01,2.121611e+01,2.125048e+01,2.134668e+01,2.129172e+01,2.129172e+01,2.129172e+01,2.125736e+01,2.126423e+01,2.125048e+01,2.122986e+01,2.136041e+01,2.140847e+01,2.126423e+01,2.125736e+01,2.120235e+01,2.130546e+01,2.129859e+01,2.136728e+01,2.133981e+01,2.133981e+01,2.130546e+01,2.135355e+01,2.127110e+01,2.127798e+01,2.120235e+01,2.129172e+01,2.115420e+01,2.129859e+01,2.127798e+01,2.129172e+01,2.126423e+01,2.118860e+01,2.126423e+01,2.119548e+01,2.125736e+01,2.118860e+01,2.120235e+01,2.125736e+01,2.137415e+01,2.126423e+01,2.118860e+01,2.118860e+01,2.117484e+01,2.122986e+01,2.129859e+01,2.125048e+01,2.129172e+01,2.131233e+01,2.131920e+01,2.131920e+01,2.127110e+01,2.142220e+01,2.138788e+01,2.140847e+01,2.126423e+01,2.138788e+01,2.124361e+01,2.139474e+01,2.140161e+01,2.138101e+01,2.153880e+01,2.142220e+01,2.156621e+01,2.147708e+01,2.138788e+01,2.148394e+01,2.141533e+01,2.149766e+01,2.149766e+01,2.150451e+01,2.142220e+01,2.142220e+01,2.146336e+01,2.127110e+01,2.136728e+01,2.137415e+01,2.134668e+01,2.139474e+01,2.133981e+01,2.143592e+01,2.147022e+01,2.129859e+01,2.142906e+01,2.140847e+01,2.138101e+01,2.125048e+01,2.136041e+01,2.133981e+01,2.128485e+01,2.145650e+01,2.114732e+01,2.140161e+01,2.136041e+01,2.138788e+01,2.127798e+01,2.131233e+01,2.134668e+01,2.122298e+01,2.128485e+01,2.137415e+01,2.122986e+01,2.125736e+01,2.126423e+01,2.129859e+01,2.126423e+01,2.130546e+01,2.131920e+01,2.132607e+01,2.136041e+01,2.124361e+01,2.144278e+01,2.125736e+01,2.140847e+01,2.137415e+01,2.144964e+01,2.136728e+01,2.142906e+01,2.123674e+01,2.121611e+01,2.136041e+01,2.131233e+01,2.150451e+01,2.128485e+01,2.155250e+01,2.136728e+01,2.153194e+01,2.150451e+01,2.139474e+01,2.149080e+01,2.135355e+01,2.140847e+01,2.137415e+01,2.134668e+01,2.142906e+01,2.138101e+01,2.150451e+01,2.144964e+01,2.148394e+01,2.147022e+01,2.147022e+01,2.133294e+01,2.150451e+01,2.151823e+01,2.147022e+01,2.140161e+01,2.155250e+01,2.132607e+01,2.138101e+01,2.134668e+01,2.158677e+01,2.137415e+01,2.146336e+01,2.147022e+01,2.150451e+01,2.144964e+01,2.144964e+01,2.142906e+01,2.145650e+01,2.143592e+01,2.155250e+01,2.126423e+01,2.133981e+01,2.145650e+01,2.127798e+01,2.144278e+01,2.140161e+01,2.142220e+01,2.142906e+01,2.141533e+01,2.138101e+01,2.142906e+01,2.144964e+01,2.153880e+01,2.141533e+01,2.142220e+01,2.131920e+01,2.137415e+01,2.155250e+01,2.147022e+01,2.153194e+01,2.140161e+01,2.157991e+01,2.150451e+01,2.139474e+01,2.153880e+01
2.136728e+01,2.130546e+01,2.120923e+01,2.131233e+01,2.128485e+01,2.125736e+01,2.130546e+01,2.125048e+01,2.129859e+01,2.133294e+01,2.140847e+01,2.136728e+01,2.133981e+01,2.137415e+01,2.127110e+01,2.132607e+01,2.125048e+01,2.130546e+01,2.133981e+01,2.125048e+01,2.118860e+01,2.132607e+01,2.129172e+01,2.138788e+01,2.142220e+01,2.127110e+01,2.142220e+01,2.129172e+01,2.125048e+01,2.121611e+01,2.120923e+01,2.133981e+01,2.117484e+01,2.126423e+01,2.140847e+01,2.128485e+01,2.135355e+01,2.131920e+01,2.130546e+01,2.117484e+01,2.129859e+01,2.136728e+01,2.126423e+01,2.129859e+01,2.127110e+01,2.129859e+01,2.131233e+01,2.129859e+01,2.133981e+01,2.128485e+01,2.134668e+01,2.137415e+01,2.127110e+01,2.130546e+01,2.128485e+01,2.133981e+01,2.127110e+01,2.140161e+01,2.120235e+01,2.122298e+01,2.143592e+01,2.141533e+01,2.137415e+01,2.131920e+01,2.151823e+01,2.152508e+01,2.190828e+01,2.249398e+01,2.136728e+01,2.125736e+01,2.115420e+01,2.118172e+01,2.119548e+01,2.114044e+01,2.114732e+01,2.118172e+01,2.112667e+01,2.128485e+01,2.120235e+01,2.126423e+01,2.114044e+01,2.112667e+01,2.113355e+01,2.117484e+01,2.118172e+01,2.123674e+01,2.117484e+01,2.123674e+01,2.105782e+01,2.119548e+01,2.114044e+01,2.125736e+01,2.129859e+01,2.133981e+01,2.131920e+01,2.114044e+01,2.123674e+01,2.138101e+01,2.115420e+01,2.137415e+01,2.134668e+01,2.122986e+01,2.132607e+01,2.129172e+01,2.131233e+01,2.120923e+01,2.121611e+01,2.123674e+01,2.124361e+01,2.127798e+01,2.130546e+01,2.129172e+01,2.124361e+01,2.125736e+01,2.125048e+01,2.128485e+01,2.129859e+01,2.122298e+01,2.128485e+01,2.125736e+01,2.128485e+01,2.122986e+01,2.118860e+01,2.122298e+01,2.123674e+01,2.121611e+01,2.122986e+01,2.130546e+01,2.115420e+01,2.119548e+01,2.122298e+01,2.116108e+01,2.110602e+01,2.129172e+01,2.118172e+01,2.119548e+01,2.120923e+01,2.122986e+01,2.119548e+01,2.127798e+01,2.112667e+01,2.110602e+01,2.120235e+01,2.118860e+01,2.127110e+01,2.134668e+01,2.124361e+01,2.129859e+01,2.125736e+01,2.131920e+01,2.127798e+01,2.135355e+01,2.123674e+01,2.130546e+01,2.121611e+01,2.120235e+01,2.121611e+01,2.133981e+01,2.119548e+01,2.122986e+01,2.122298e+01,2.120235e+01,2.138788e+01,2.118860e+01,2.125736e+01,2.121611e+01,2.118172e+01,2.134668e+01,2.134668e+01,2.132607e+01,2.136041e+01,2.142220e+01,2.134668e+01,2.139474e+01,2.147022e+01,2.133981e+01,2.147708e+01,2.146336e+01,2.132607e+01,2.148394e+01,2.147708e+01,2.144964e+01,2.127798e+01,2.127110e+01,2.140847e+01,2.126423e+01,2.120235e+01,2.116796e+01,2.117484e+01,2.131920e+01,2.113355e+01,2.129859e+01,2.134668e+01,2.128485e+01,2.133294e+01,2.127110e+01,2.133294e+01,2.131920e+01,2.120235e+01,2.140847e+01,2.144964e+01,2.146336e+01,2.173055e+01,2.181945e+01,2.183996e+01,2.194243e+01,2.196973e+01,2.175107e+01,2.176475e+01,2.180578e+01,2.208571e+01,2.323828e+01,2.302231e+01,2.210616e+01,2.203797e+01,2.198338e+01,2.160732e+01,2.166211e+01,2.173055e+01,2.174423e+01,2.195608e+01,2.262292e+01,2.375612e+01,2.229685e+01,2.218793e+01,2.218112e+01,2.186046e+01,2.188779e+01,2.182629e+01,2.224921e+01,2.188096e+01,2.168949e+01,2.160047e+01,2.127110e+01,2.127798e+01,2.129859e+01,2.152508e+01,2.152508e+01,2.158677e+01,2.170318e+01,2.181262e+01,2.224921e+01,2.288033e+01,2.290739e+01,2.199021e+01,2.201068e+01,2.173739e+01,2.180578e+01,2.157991e+01,2.162102e+01,2.210616e+01,2.373599e+01,2.323154e+01,2.311686e+01,2.214024e+01,2.266361e+01,2.260258e+01,2.216068e+01,2.214705e+01,2.285327e+01,2.284650e+01,2.229685e+01,2.194243e+01,2.168264e+01,2.168949e+01,2.175791e+01,2.210616e+01,2.224921e+01,2.194925e+01,2.152508e+01,2.171002e+01,2.160732e+01,2.161417e+01,2.165526e+01,2.166895e+01,2.211979e+01,2.255508e+01,2.423132e+01,2.443813e+01,2.396387e+01,2.403749e+01,2.408431e+01,2.230365e+01,2.213342e+01,2.217430e+01,2.229004e+01,2.222198e+01,2.161417e+01,2.122298e+01,2.097514e+01,2.115420e+01,2.127798e+01,2.112667e+01,2.131920e+01,2.114044e+01,2.113355e+01,2.117484e+01,2.118172e+01,2.136041e+01,2.162102e+01,2.206525e+01,2.279235e+01,2.149080e+01,2.151823e+01,2.140161e+01,2.123674e+01,2.128485e+01,2.142906e+01,2.138101e+01,2.129859e+01,2.136728e+01,2.140847e+01,2.142220e+01,2.133981e+01,2.133981e+01,2.134668e+01,2.122298e+01,2.132607e+01,2.134668e+01,2.139474e+01,2.133981e+01,2.138788e+01,2.130546e+01,2.140847e+01,2.140847e+01,2.138101e+01,2.142906e+01,2.135355e+01,2.133981e+01,2.128485e+01,2.131920e+01,2.149080e+01,2.132607e+01,2.131233e+01,2.137415e+01,2.131233e+01,2.129859e+01,2.131920e+01,2.137415e+01,2.131233e+01,2.140847e+01,2.131920e+01,2.131920e+01,2.138788e+01,2.138788e+01,2.138788e+01,2.135355e+01,2.136728e+01,2.129859e+01,2.136728e+01,2.130546e+01,2.129859e+01,2.129859e+01,2.128485e+01,2.129859e+01,2.132607e+01,2.133981e+01,2.133981e+01,2.142906e+01,2.139474e+01,2.131920e+01,2.127798e+01,2.136728e+01,2.130546e+01,2.130546e+01,2.127798e+01,2.140161e+01,2.133981e+01,2.129172e+01,2.131233e+01,2.132607e+01,2.122298e+01,2.131920e+01,2.136728e+01,2.130546e+01,2.125736e+01,2.127798e+01,2.120923e+01,2.127798e+01,2.122298e+01,2.124361e+01,2.121611e+01,2.118172e+01,2.115420e+01,2.123674e+01,2.116108e+01,2.119548e+01,2.124361e+01,2.117484e+01,2.110602e+01,2.127798e+01,2.129859e+01,2.131233e+01,2.132607e+01,2.125736e+01,2.127110e+01,2.118860e+01,2.134668e+01,2.125736e+01,2.154565e+01,2.127798e+01,2.118172e+01,2.127110e+01,2.125048e+01,2.125736e+01,2.128485e+01,2.129172e+01,2.124361e+01,2.127110e+01,2.134668e+01,2.122986e+01,2.127798e+01,2.120235e+01,2.127110e+01,2.124361e+01,2.120923e+01,2.125736e+01,2.127110e+01,2.131920e+01,2.134668e+01,2.147708e+01,2.129172e+01,2.133981e+01,2.116796e+01,2.136041e+01,2.137415e+01,2.125048e+01,2.125048e+01,2.134668e+01,2.125736e+01,2.135355e+01,2.127798e+01,2.122986e+01,2.133294e+01,2.129172e+01,2.129859e+01,2.129859e+01,2.140847e+01,2.131920e+01,2.127798e+01,2.129859e+01,2.129859e+01,2.131233e+01,2.142906e+01,2.135355e+01,2.133981e+01,2.140161e+01,2.127110e+01,2.130546e+01,2.131920e+01,2.121611e+01,2.135355e+01,2.126423e+01,2.121611e+01,2.133981e+01,2.133981e+01,2.131233e+01,2.118860e+01,2.127110e+01,2.133294e+01,2.125736e+01,2.132607e+01,2.127798e+01,2.128485e+01,2.126423e+01,2.134668e+01,2.129172e+01,2.143592e+01,2.129859e+01,2.134668e+01,2.132607e+01,2.129859e+01,2.124361e+01,2.125048e+01,2.127110e+01,2.140161e+01,2.117484e+01,2.127110e+01,2.127798e+01,2.138788e+01,2.129859e+01,2.146336e+01,2.127798e+01,2.141533e+01,2.116796e+01,2.136728e+01,2.118172e+01,2.124361e+01,2.123674e+01,2.123674e+01,2.121611e+01,2.127110e+01,2.127798e+01,2.125048e+01,2.131233e+01,2.125736e+01,2.121611e+01,2.127798e+01,2.112667e+01,2.132607e+01,2.119548e+01,2.125736e+01,2.136041e+01,2.122298e+01,2.131233e+01,2.143592e+01,2.138788e+01,2.147708e+01,2.143592e+01,2.138101e+01,2.153194e+01,2.139474e+01,2.140847e+01,2.141533e+01,2.141533e+01,2.151137e+01,2.152508e+01,2.153880e+01,2.149766e+01,2.153194e+01,2.150451e+01,2.147708e+01,2.145650e+01,2.152508e+01,2.141533e+01,2.146336e+01,2.137415e+01,2.138101e+01,2.145650e+01,2.139474e+01,2.140161e+01,2.144278e+01,2.140161e+01,2.160047e+01,2.132607e+01,2.137415e+01,2.140847e+01,2.140847e+01,2.136041e+01,2.138788e+01,2.138101e+01,2.136041e+01,2.130546e+01,2.147708e+01,2.133981e+01,2.129859e+01,2.126423e+01,2.133981e+01,2.127110e+01,2.133981e+01,2.125736e+01,2.127798e+01,2.124361e+01,2.125736e+01,2.124361e+01,2.127798e+01,2.130546e+01,2.134668e+01,2.124361e+01,2.127798e+01,2.129859e+01,2.133294e+01,2.133294e+01,2.137415e+01,2.135355e+01,2.146336e+01,2.132607e+01,2.147022e+01,2.144278e+01,2.141533e+01,2.136728e+01,2.134668e+01,2.138101e+01,2.150451e+01,2.142220e+01,2.136728e+01,2.138788e+01,2.145650e+01,2.155936e+01,2.151823e+01,2.154565e+01,2.156621e+01,2.145650e+01,2.146336e+01,2.133981e+01,2.140161e+01,2.144278e+01,2.146336e+01,2.151137e+01,2.133294e+01,2.149766e+01,2.150451e+01,2.149080e+01,2.145650e+01,2.133981e+01,2.143592e+01,2.149766e+01,2.147022e+01,2.147708e+01,2.138101e+01,2.147708e+01,2.136041e+01,2.135355e+01,2.140847e+01,2.144278e+01,2.140847e+01,2.137415e+01,2.149080e+01,2.142906e+01,2.140847e+01,2.142906e+01,2.136041e+01,2.148394e+01,2.145650e+01,2.139474e+01,2.144964e+01,2.155250e+01,2.143592e+01,2.155250e+01,2.142906e+01,2.144964e+01,2.150451e+01,2.153880e+01,2.133981e+01,2.140161e+01,2.144964e+01,2.143592e+01,2.145650e+01,2.154565e+01,2.140161e+01,2.155250e+01,2.137415e+01,2.160732e+01,2.143592e+01,2.151823e+01,2.151823e+01,2.155250e+01,2.151823e+01,2.140847e+01,2.151823e+01
2.128485e+01,2.126423e+01,2.129172e+01,2.132607e+01,2.125048e+01,2.127110e+01,2.134668e+01,2.135355e+01,2.133294e+01,2.127110e+01,2.132607e+01,2.131920e+01,2.136728e+01,2.140847e+01,2.126423e+01,2.132607e+01,2.128485e+01,2.129859e+01,2.132607e+01,2.131920e+01,2.138101e+01,2.131920e+01,2.132607e+01,2.136728e+01,2.122986e+01,2.129172e+01,2.126423e+01,2.118860e+01,2.139474e+01,2.129859e+01,2.123674e+01,2.143592e+01,2.136728e+01,2.133981e+01,2.131233e+01,2.131233e+01,2.122986e+01,2.152508e+01,2.118860e+01,2.133294e+01,2.137415e+01,2.131233e+01,2.129172e+01,2.127110e+01,2.133294e+01,2.127798e+01,2.131233e+01,2.133294e+01,2.154565e+01,2.120923e+01,2.138788e+01,2.136728e+01,2.134668e+01,2.136728e+01,2.133294e+01,2.139474e+01,2.140161e+01,2.141533e+01,2.133981e+01,2.149080e+01,2.137415e+01,2.131233e+01,2.138101e+01,2.141533e+01,2.144278e+01,2.144964e+01,2.155250e+01,2.166895e+01,2.140161e+01,2.115420e+01,2.119548e+01,2.111979e+01,2.123674e+01,2.124361e+01,2.120235e+01,2.109914e+01,2.110602e+01,2.109914e+01,2.114044e+01,2.113355e+01,2.111291e+01,2.109914e+01,2.105782e+01,2.108537e+01,2.113355e+01,2.107160e+01,2.114732e+01,2.109914e+01,2.127798e+01,2.108537e+01,2.114732e+01,2.129172e+01,2.131233e+01,2.120235e+01,2.124361e+01,2.140161e+01,2.136728e+01,2.144964e+01,2.133981e+01,2.131233e+01,2.133981e+01,2.136041e+01,2.157991e+01,2.131920e+01,2.127110e+01,2.125048e+01,2.123674e+01,2.118860e+01,2.132607e+01,2.131233e+01,2.122986e+01,2.136041e+01,2.124361e+01,2.129172e+01,2.132607e+01,2.131233e+01,2.130546e+01,2.130546e+01,2.111979e+01,2.125736e+01,2.127110e+01,2.120923e+01,2.135355e+01,2.118860e+01,2.115420e+01,2.120235e+01,2.124361e+01,2.119548e+01,2.124361e+01,2.127798e+01,2.125736e+01,2.127110e+01,2.109225e+01,2.118860e+01,2.108537e+01,2.117484e+01,2.116108e+01,2.107848e+01,2.131920e+01,2.127110e+01,2.139474e+01,2.120923e+01,2.118860e+01,2.133981e+01,2.121611e+01,2.125736e+01,2.127110e+01,2.126423e+01,2.130546e+01,2.119548e+01,2.130546e+01,2.131233e+01,2.125048e+01,2.129859e+01,2.121611e+01,2.137415e+01,2.122298e+01,2.119548e+01,2.124361e+01,2.130546e+01,2.121611e+01,2.126423e+01,2.128485e+01,2.133981e+01,2.133294e+01,2.126423e+01,2.120923e+01,2.122298e+01,2.129859e+01,2.138788e+01,2.134668e+01,2.143592e+01,2.140161e+01,2.136728e+01,2.146336e+01,2.144964e+01,2.150451e+01,2.139474e+01,2.142220e+01,2.147708e+01,2.133981e+01,2.144278e+01,2.134668e+01,2.127110e+01,2.126423e+01,2.125048e+01,2.127110e+01,2.120235e+01,2.131233e+01,2.116796e+01,2.131920e+01,2.120235e+01,2.132607e+01,2.129859e+01,2.130546e+01,2.114044e+01,2.132607e+01,2.126423e+01,2.120923e+01,2.127110e+01,2.148394e+01,2.155936e+01,2.177159e+01,2.193560e+01,2.202432e+01,2.207207e+01,2.171686e+01,2.207889e+01,2.216749e+01,2.195608e+01,2.205161e+01,2.252793e+01,2.241245e+01,2.195608e+01,2.246681e+01,2.196291e+01,2.176475e+01,2.166895e+01,2.160732e+01,2.169633e+01,2.165526e+01,2.190828e+01,2.278557e+01,2.261614e+01,2.256865e+01,2.259579e+01,2.233086e+01,2.250756e+01,2.252114e+01,2.201750e+01,2.172371e+01,2.162787e+01,2.156621e+01,2.128485e+01,2.150451e+01,2.143592e+01,2.149080e+01,2.160047e+01,2.164841e+01,2.190145e+01,2.192877e+01,2.281266e+01,2.258222e+01,2.224921e+01,2.185363e+01,2.229685e+01,2.208571e+01,2.164157e+01,2.160732e+01,2.155250e+01,2.160047e+01,2.210616e+01,2.238527e+01,2.209934e+01,2.205843e+01,2.239886e+01,2.214705e+01,2.218793e+01,2.259579e+01,2.283297e+01,2.279235e+01,2.267717e+01,2.223560e+01,2.181262e+01,2.176475e+01,2.174423e+01,2.175107e+01,2.220836e+01,2.207207e+01,2.174423e+01,2.171002e+01,2.173055e+01,2.168264e+01,2.160047e+01,2.147022e+01,2.145650e+01,2.173055e+01,2.248039e+01,2.254150e+01,2.244643e+01,2.304258e+01,2.295473e+01,2.231726e+01,2.216749e+01,2.227644e+01,2.178527e+01,2.139474e+01,2.120235e+01,2.084409e+01,2.129172e+01,2.160047e+01,2.196973e+01,2.153880e+01,2.153194e+01,2.145650e+01,2.138788e+01,2.156621e+01,2.158677e+01,2.168264e+01,2.176475e+01,2.209252e+01,2.184679e+01,2.144964e+01,2.136041e+01,2.146336e+01,2.131920e+01,2.142906e+01,2.140161e+01,2.151137e+01,2.144278e+01,2.143592e+01,2.137415e+01,2.135355e+01,2.137415e+01,2.130546e+01,2.140161e+01,2.132607e+01,2.134668e+01,2.137415e+01,2.148394e+01,2.140161e+01,2.142906e+01,2.141533e+01,2.125048e+01,2.143592e+01,2.132607e+01,2.149080e+01,2.138101e+01,2.140161e+01,2.136041e+01,2.138101e+01,2.133981e+01,2.137415e+01,2.137415e+01,2.133294e+01,2.138101e+01,2.139474e+01,2.133981e+01,2.139474e+01,2.131233e+01,2.148394e+01,2.143592e+01,2.131920e+01,2.139474e+01,2.131233e+01,2.133981e+01,2.141533e+01,2.148394e+01,2.133981e+01,2.133294e+01,2.144964e+01,2.125736e+01,2.130546e+01,2.132607e+01,2.138788e+01,2.141533e+01,2.140161e+01,2.145650e+01,2.132607e+01,2.137415e+01,2.124361e+01,2.132607e+01,2.133981e+01,2.131233e+01,2.140161e+01,2.152508e+01,2.129172e+01,2.126423e+01,2.129859e+01,2.128485e+01,2.131920e+01,2.133294e+01,2.126423e+01,2.130546e+01,2.122298e+01,2.121611e+01,2.123674e+01,2.127798e+01,2.116108e+01,2.124361e+01,2.113355e+01,2.122298e+01,2.124361e+01,2.119548e+01,2.124361e+01,2.117484e+01,2.120923e+01,2.127798e+01,2.120923e+01,2.118172e+01,2.121611e+01,2.126423e+01,2.129172e+01,2.127110e+01,2.131233e+01,2.131920e+01,2.129859e+01,2.136728e+01,2.127798e+01,2.130546e+01,2.126423e+01,2.125048e+01,2.125736e+01,2.131920e+01,2.129172e+01,2.128485e+01,2.138101e+01,2.125736e+01,2.125048e+01,2.128485e+01,2.125048e+01,2.134668e+01,2.133981e+01,2.131920e+01,2.125736e+01,2.125048e+01,2.129172e+01,2.133981e+01,2.133981e+01,2.133294e+01,2.122986e+01,2.131920e+01,2.125048e+01,2.113355e+01,2.133294e+01,2.124361e+01,2.137415e+01,2.131920e+01,2.127798e+01,2.127798e+01,2.127798e+01,2.125736e+01,2.130546e+01,2.132607e+01,2.140161e+01,2.130546e+01,2.137415e+01,2.137415e+01,2.137415e+01,2.133981e+01,2.132607e+01,2.134668e+01,2.129172e+01,2.131920e+01,2.138101e+01,2.133981e+01,2.127798e+01,2.119548e+01,2.138101e+01,2.131233e+01,2.127110e+01,2.138788e+01,2.127110e+01,2.124361e+01,2.122986e+01,2.134668e+01,2.117484e+01,2.115420e+01,2.139474e+01,2.129172e+01,2.126423e+01,2.141533e+01,2.129172e+01,2.128485e+01,2.131233e+01,2.127798e+01,2.153194e+01,2.125048e+01,2.126423e+01,2.120235e+01,2.127798e+01,2.123674e+01,2.125736e+01,2.136041e+01,2.122298e+01,2.141533e+01,2.124361e+01,2.125736e+01,2.129859e+01,2.147708e+01,2.129172e+01,2.132607e+01,2.140847e+01,2.133981e+01,2.125736e+01,2.130546e+01,2.131920e+01,2.128485e+01,2.133981e+01,2.122986e+01,2.129859e+01,2.120923e+01,2.121611e+01,2.125736e+01,2.122298e+01,2.132607e+01,2.127110e+01,2.118172e+01,2.112667e+01,2.129172e+01,2.120923e+01,2.126423e+01,2.128485e+01,2.131233e+01,2.136041e+01,2.133294e+01,2.129859e+01,2.147022e+01,2.145650e+01,2.135355e+01,2.139474e+01,2.138788e+01,2.140847e+01,2.160732e+01,2.147708e+01,2.155936e+01,2.161417e+01,2.144964e+01,2.152508e+01,2.147708e+01,2.155250e+01,2.147022e+01,2.146336e+01,2.151137e+01,2.154565e+01,2.156621e+01,2.139474e+01,2.149766e+01,2.142220e+01,2.133981e+01,2.140847e+01,2.147022e+01,2.136728e+01,2.140847e+01,2.147708e+01,2.140161e+01,2.143592e+01,2.145650e+01,2.137415e+01,2.131920e+01,2.146336e+01,2.130546e+01,2.126423e+01,2.130546e+01,2.144964e+01,2.136041e+01,2.142220e+01,2.129859e+01,2.131920e+01,2.127798e+01,2.130546e+01,2.129172e+01,2.125736e+01,2.134668e+01,2.137415e+01,2.128485e+01,2.135355e+01,2.122298e+01,2.135355e+01,2.131233e+01,2.131920e+01,2.131233e+01,2.133294e+01,2.136728e+01,2.129859e+01,2.140847e+01,2.146336e+01,2.138101e+01,2.140161e+01,2.138101e+01,2.144278e+01,2.147022e+01,2.145650e+01,2.137415e+01,2.142220e+01,2.136041e+01,2.149766e+01,2.152508e+01,2.153880e+01,2.122986e+01,2.149080e+01,2.161417e+01,2.155936e+01,2.157991e+01,2.136041e+01,2.141533e+01,2.147022e+01,2.148394e+01,2.142906e+01,2.147708e+01,2.143592e+01,2.151823e+01,2.149766e+01,2.147708e+01,2.151823e+01,2.154565e+01,2.156621e+01,2.157991e+01,2.150451e+01,2.149080e+01,2.149766e+01,2.151823e+01,2.132607e+01,2.135355e+01,2.148394e+01,2.140161e+01,2.149766e+01,2.144964e+01,2.148394e+01,2.139474e+01,2.148394e+01,2.142220e+01,2.151137e+01,2.143592e+01,2.147022e+01,2.146336e+01,2.147708e+01,2.139474e+01,2.142906e+01,2.143592e+01,2.140847e+01,2.142906e+01,2.140161e+01,2.144278e+01,2.144964e+01,2.145650e+01,2.149080e+01,2.146336e+01,2.146336e+01,2.125736e+01,2.140847e+01,2.149080e+01,2.162102e+01,2.160732e+01,2.149766e+01,2.148394e+01,2.149766e+01,2.141533e+01,2.144964e+01,2.153880e+01
2.131233e+01,2.132607e+01,2.127798e+01,2.137415e+01,2.137415e+01,2.129172e+01,2.137415e+01,2.127798e+01,2.122986e+01,2.139474e+01,2.151137e+01,2.118860e+01,2.122986e+01,2.138101e+01,2.139474e+01,2.130546e+01,2.125048e+01,2.126423e+01,2.132607e+01,2.127798e+01,2.119548e+01,2.134668e+01,2.120235e+01,2.120923e+01,2.126423e+01,2.124361e+01,2.144278e+01,2.125736e+01,2.134668e+01,2.121611e+01,2.125048e+01,2.146336e+01,2.127798e+01,2.132607e+01,2.138788e+01,2.127110e+01,2.129172e+01,2.134668e+01,2.119548e+01,2.134668e+01,2.130546e+01,2.133981e+01,2.129859e+01,2.128485e+01,2.129172e+01,2.130546e+01,2.133981e+01,2.129859e+01,2.136041e+01,2.141533e+01,2.131233e+01,2.132607e+01,2.140161e+01,2.155936e+01,2.136041e+01,2.151823e+01,2.142906e+01,2.155936e+01,2.149080e+01,2.151137e+01,2.143592e+01,2.137415e+01,2.124361e+01,2.120235e+01,2.120923e+01,2.126423e+01,2.118172e+01,2.111979e+01,2.117484e+01,2.116796e+01,2.113355e+01,2.115420e+01,2.131920e+01,2.123674e+01,2.116108e+01,2.107160e+01,2.107848e+01,2.116108e+01,2.107160e+01,2.110602e+01,2.111979e+01,2.110602e+01,2.107848e+01,2.108537e+01,2.117484e+01,2.111979e+01,2.113355e+01,2.114732e+01,2.118860e+01,2.110602e+01,2.110602e+01,2.122986e+01,2.140161e+01,2.116108e+01,2.137415e+01,2.126423e+01,2.136041e+01,2.116108e+01,2.130546e+01,2.133294e+01,2.127798e+01,2.136728e+01,2.130546e+01,2.122986e+01,2.128485e+01,2.125048e+01,2.122986e+01,2.122298e+01,2.116108e+01,2.120923e+01,2.135355e+01,2.140161e+01,2.133981e+01,2.132607e+01,2.131233e+01,2.152508e+01,2.131920e+01,2.127110e+01,2.129859e+01,2.135355e+01,2.131233e+01,2.122986e+01,2.117484e+01,2.126423e+01,2.122986e+01,2.125736e+01,2.122298e+01,2.119548e+01,2.116108e+01,2.120923e+01,2.110602e+01,2.126423e+01,2.114732e+01,2.125736e+01,2.125048e+01,2.127110e+01,2.131920e+01,2.114044e+01,2.127110e+01,2.118860e+01,2.111291e+01,2.112667e+01,2.119548e+01,2.124361e+01,2.125736e+01,2.125736e+01,2.125048e+01,2.125048e+01,2.129859e+01,2.121611e+01,2.120235e+01,2.131920e+01,2.141533e+01,2.125048e+01,2.120923e+01,2.125048e+01,2.120923e+01,2.131233e+01,2.120923e+01,2.128485e+01,2.126423e+01,2.127110e+01,2.129172e+01,2.117484e+01,2.134668e+01,2.129859e+01,2.119548e+01,2.135355e+01,2.139474e+01,2.140847e+01,2.138101e+01,2.144964e+01,2.140161e+01,2.147708e+01,2.138788e+01,2.147708e+01,2.148394e+01,2.140847e+01,2.149080e+01,2.145650e+01,2.153194e+01,2.155936e+01,2.140847e+01,2.128485e+01,2.126423e+01,2.132607e+01,2.124361e+01,2.125048e+01,2.135355e+01,2.121611e+01,2.120923e+01,2.130546e+01,2.118860e+01,2.116796e+01,2.134668e+01,2.126423e+01,2.129859e+01,2.149766e+01,2.146336e+01,2.144964e+01,2.162102e+01,2.151137e+01,2.183996e+01,2.192194e+01,2.190828e+01,2.200386e+01,2.178527e+01,2.234447e+01,2.239886e+01,2.199703e+01,2.212661e+01,2.207207e+01,2.203115e+01,2.267039e+01,2.294797e+01,2.217430e+01,2.220155e+01,2.179211e+01,2.166895e+01,2.166211e+01,2.179211e+01,2.191511e+01,2.213342e+01,2.217430e+01,2.195608e+01,2.200386e+01,2.209252e+01,2.204479e+01,2.221517e+01,2.195608e+01,2.201068e+01,2.164841e+01,2.169633e+01,2.157991e+01,2.163472e+01,2.171002e+01,2.167580e+01,2.168949e+01,2.189462e+01,2.162102e+01,2.154565e+01,2.210616e+01,2.190828e+01,2.201750e+01,2.207207e+01,2.202432e+01,2.199021e+01,2.202432e+01,2.164841e+01,2.162102e+01,2.152508e+01,2.153880e+01,2.203115e+01,2.200386e+01,2.209934e+01,2.218112e+01,2.219474e+01,2.271783e+01,2.267039e+01,2.280589e+01,2.333936e+01,2.381648e+01,2.273139e+01,2.185363e+01,2.167580e+01,2.187413e+01,2.171686e+01,2.196291e+01,2.220155e+01,2.217430e+01,2.200386e+01,2.188096e+01,2.166895e+01,2.169633e+01,2.148394e+01,2.149080e+01,2.140161e+01,2.151137e+01,2.226963e+01,2.239206e+01,2.280589e+01,2.253472e+01,2.203797e+01,2.150451e+01,2.118860e+01,2.116796e+01,2.107160e+01,2.095446e+01,2.125736e+01,2.191511e+01,2.220155e+01,2.204479e+01,2.155250e+01,2.154565e+01,2.135355e+01,2.158677e+01,2.166211e+01,2.171002e+01,2.168264e+01,2.175107e+01,2.159362e+01,2.153880e+01,2.118860e+01,2.129172e+01,2.144278e+01,2.144964e+01,2.140847e+01,2.143592e+01,2.144964e+01,2.138788e+01,2.142906e+01,2.133981e+01,2.133294e+01,2.136041e+01,2.130546e+01,2.142906e+01,2.126423e+01,2.131920e+01,2.134668e+01,2.133981e+01,2.125048e+01,2.141533e+01,2.142220e+01,2.147022e+01,2.136041e+01,2.148394e+01,2.132607e+01,2.133981e+01,2.146336e+01,2.149766e+01,2.136728e+01,2.136041e+01,2.133981e+01,2.136041e+01,2.150451e+01,2.132607e+01,2.138101e+01,2.133294e+01,2.142906e+01,2.138101e+01,2.140161e+01,2.133294e+01,2.143592e+01,2.140161e+01,2.131920e+01,2.140161e+01,2.135355e+01,2.140847e+01,2.135355e+01,2.140847e+01,2.136041e+01,2.138788e+01,2.136728e+01,2.134668e+01,2.136041e+01,2.135355e+01,2.138788e+01,2.136041e+01,2.133294e+01,2.140161e+01,2.142220e+01,2.141533e+01,2.137415e+01,2.132607e+01,2.126423e+01,2.142220e+01,2.136728e+01,2.121611e+01,2.118860e+01,2.125048e+01,2.129172e+01,2.129859e+01,2.128485e+01,2.120923e+01,2.136041e+01,2.122298e+01,2.119548e+01,2.125048e+01,2.125048e+01,2.125736e+01,2.123674e+01,2.125736e+01,2.111291e+01,2.124361e+01,2.122986e+01,2.122986e+01,2.117484e+01,2.125048e+01,2.125736e+01,2.121611e+01,2.124361e+01,2.120923e+01,2.131233e+01,2.127798e+01,2.128485e+01,2.127798e+01,2.125048e+01,2.129859e+01,2.138101e+01,2.125048e+01,2.131920e+01,2.129859e+01,2.127110e+01,2.125736e+01,2.132607e+01,2.130546e+01,2.129172e+01,2.131920e+01,2.131233e+01,2.133981e+01,2.129172e+01,2.122298e+01,2.130546e+01,2.132607e+01,2.127110e+01,2.127798e+01,2.125736e+01,2.127110e+01,2.123674e+01,2.136728e+01,2.133981e+01,2.133981e+01,2.122986e+01,2.147708e+01,2.136041e+01,2.133294e+01,2.131233e+01,2.118860e+01,2.124361e+01,2.127110e+01,2.133981e+01,2.135355e+01,2.134668e+01,2.136041e+01,2.133981e+01,2.132607e+01,2.144278e+01,2.128485e+01,2.131920e+01,2.142906e+01,2.142220e+01,2.136041e+01,2.134668e+01,2.142220e+01,2.131233e+01,2.132607e+01,2.125736e+01,2.126423e+01,2.140847e+01,2.127110e+01,2.130546e+01,2.131920e+01,2.129859e+01,2.125048e+01,2.124361e+01,2.139474e+01,2.111979e+01,2.132607e+01,2.127798e+01,2.127798e+01,2.133981e+01,2.117484e+01,2.142220e+01,2.127798e+01,2.130546e+01,2.136728e+01,2.127798e+01,2.131233e+01,2.126423e+01,2.119548e+01,2.131920e+01,2.133981e+01,2.131920e+01,2.134668e+01,2.129172e+01,2.124361e+01,2.129172e+01,2.133981e+01,2.144278e+01,2.143592e+01,2.125048e+01,2.138788e+01,2.145650e+01,2.142906e+01,2.129859e+01,2.123674e+01,2.135355e+01,2.123674e+01,2.127798e+01,2.133981e+01,2.122986e+01,2.131920e+01,2.129859e+01,2.122298e+01,2.129859e+01,2.134668e+01,2.131233e+01,2.126423e+01,2.131233e+01,2.116796e+01,2.131233e+01,2.130546e+01,2.119548e+01,2.142906e+01,2.125048e+01,2.129172e+01,2.138101e+01,2.142220e+01,2.137415e+01,2.136728e+01,2.139474e+01,2.147022e+01,2.151823e+01,2.152508e+01,2.142906e+01,2.151137e+01,2.154565e+01,2.136041e+01,2.153880e+01,2.156621e+01,2.150451e+01,2.147708e+01,2.157991e+01,2.149766e+01,2.151137e+01,2.143592e+01,2.140161e+01,2.139474e+01,2.142906e+01,2.146336e+01,2.144964e+01,2.137415e+01,2.147022e+01,2.144278e+01,2.147708e+01,2.148394e+01,2.137415e+01,2.138101e+01,2.136041e+01,2.138101e+01,2.131233e+01,2.140847e+01,2.133294e+01,2.137415e+01,2.136728e+01,2.129859e+01,2.136728e+01,2.136041e+01,2.131233e+01,2.125736e+01,2.135355e+01,2.126423e+01,2.127110e+01,2.126423e+01,2.133981e+01,2.126423e+01,2.124361e+01,2.122298e+01,2.131233e+01,2.129172e+01,2.131233e+01,2.122986e+01,2.133294e+01,2.136041e+01,2.130546e+01,2.129172e+01,2.132607e+01,2.133294e+01,2.138788e+01,2.136041e+01,2.153194e+01,2.146336e+01,2.142906e+01,2.133294e+01,2.136728e+01,2.146336e+01,2.144278e+01,2.147022e+01,2.149766e+01,2.147708e+01,2.157306e+01,2.143592e+01,2.142906e+01,2.151137e+01,2.159362e+01,2.137415e+01,2.138788e+01,2.138101e+01,2.149766e+01,2.149766e+01,2.139474e+01,2.152508e+01,2.150451e+01,2.144964e+01,2.153194e+01,2.133981e+01,2.139474e+01,2.145650e+01,2.146336e+01,2.156621e+01,2.143592e+01,2.153194e+01,2.143592e+01,2.143592e+01,2.144964e+01,2.151823e+01,2.145650e+01,2.143592e+01,2.144278e+01,2.142906e+01,2.150451e+01,2.139474e+01,2.149080e+01,2.151137e+01,2.148394e+01,2.140847e+01,2.145650e+01,2.151823e+01,2.142220e+01,2.140847e+01,2.133294e+01,2.145650e+01,2.146336e+01,2.144964e+01,2.146336e+01,2.146336e+01,2.141533e+01,2.154565e+01,2.144964e+01,2.140161e+01,2.157306e+01,2.157991e+01,2.143592e+01,2.152508e+01,2.158677e+01,2.164157e+01,2.153880e+01,2.152508e+01,2.138101e+01,2.155250e+01
2.130546e+01,2.129172e+01,2.130546e+01,2.126423e+01,2.130546e+01,2.117484e+01,2.131233e+01,2.120923e+01,2.129172e+01,2.127798e+01,2.136041e+01,2.126423e+01,2.134668e+01,2.140847e+01,2.122298e+01,2.134668e+01,2.134668e+01,2.131233e+01,2.131233e+01,2.125736e+01,2.131920e+01,2.131233e+01,2.127798e+01,2.126423e+01,2.121611e+01,2.144964e+01,2.143592e+01,2.129859e+01,2.131920e+01,2.127798e+01,2.136041e+01,2.125048e+01,2.132607e+01,2.133981e+01,2.142906e+01,2.132607e+01,2.122986e+01,2.129172e+01,2.133981e+01,2.128485e+01,2.127798e+01,2.117484e+01,2.135355e+01,2.128485e+01,2.143592e+01,2.136728e+01,2.126423e+01,2.142220e+01,2.141533e+01,2.149766e+01,2.152508e+01,2.153194e+01,2.164157e+01,2.172371e+01,2.166895e+01,2.179894e+01,2.181262e+01,2.183312e+01,2.192877e+01,2.192194e+01,2.202432e+01,2.176475e+01,2.129859e+01,2.122298e+01,2.114044e+01,2.121611e+01,2.138101e+01,2.114044e+01,2.118860e+01,2.120235e+01,2.109914e+01,2.112667e+01,2.120923e+01,2.116796e+01,2.105094e+01,2.107160e+01,2.107160e+01,2.114044e+01,2.117484e+01,2.109225e+01,2.110602e+01,2.111291e+01,2.109914e+01,2.107848e+01,2.113355e+01,2.114044e+01,2.110602e+01,2.117484e+01,2.122298e+01,2.105782e+01,2.121611e+01,2.120235e+01,2.119548e+01,2.118860e+01,2.125736e+01,2.114732e+01,2.120235e+01,2.133981e+01,2.124361e+01,2.133981e+01,2.132607e+01,2.123674e+01,2.129859e+01,2.120923e+01,2.120923e+01,2.131920e+01,2.125736e+01,2.122986e+01,2.121611e+01,2.120923e+01,2.131920e+01,2.135355e+01,2.136041e+01,2.139474e+01,2.135355e+01,2.131920e+01,2.130546e+01,2.132607e+01,2.133981e+01,2.129859e+01,2.135355e+01,2.119548e+01,2.136728e+01,2.118860e+01,2.122298e+01,2.127110e+01,2.114044e+01,2.121611e+01,2.108537e+01,2.109914e+01,2.126423e+01,2.108537e+01,2.122298e+01,2.121611e+01,2.125736e+01,2.116796e+01,2.120235e+01,2.114732e+01,2.114732e+01,2.120923e+01,2.113355e+01,2.117484e+01,2.127110e+01,2.124361e+01,2.125736e+01,2.122986e+01,2.122986e+01,2.124361e+01,2.120923e+01,2.139474e+01,2.125048e+01,2.120923e+01,2.129859e+01,2.137415e+01,2.125736e+01,2.121611e+01,2.120235e+01,2.121611e+01,2.121611e+01,2.119548e+01,2.126423e+01,2.123674e+01,2.123674e+01,2.125048e+01,2.124361e+01,2.123674e+01,2.133981e+01,2.121611e+01,2.142906e+01,2.140847e+01,2.140847e+01,2.138101e+01,2.141533e+01,2.136728e+01,2.142220e+01,2.146336e+01,2.142906e+01,2.149766e+01,2.152508e+01,2.144278e+01,2.152508e+01,2.188096e+01,2.167580e+01,2.128485e+01,2.138788e+01,2.132607e+01,2.139474e+01,2.132607e+01,2.128485e+01,2.120235e+01,2.149080e+01,2.136728e+01,2.133981e+01,2.117484e+01,2.131233e+01,2.122986e+01,2.130546e+01,2.120235e+01,2.141533e+01,2.145650e+01,2.146336e+01,2.173055e+01,2.152508e+01,2.216749e+01,2.294121e+01,2.276526e+01,2.196291e+01,2.290739e+01,2.261614e+01,2.205161e+01,2.177159e+01,2.177159e+01,2.246681e+01,2.269073e+01,2.239206e+01,2.256186e+01,2.281266e+01,2.220155e+01,2.160047e+01,2.157991e+01,2.185363e+01,2.182629e+01,2.203797e+01,2.217430e+01,2.212661e+01,2.215387e+01,2.214705e+01,2.203115e+01,2.210616e+01,2.204479e+01,2.288033e+01,2.203115e+01,2.172371e+01,2.186046e+01,2.171686e+01,2.175791e+01,2.171686e+01,2.168264e+01,2.162787e+01,2.153880e+01,2.136041e+01,2.173739e+01,2.196291e+01,2.202432e+01,2.204479e+01,2.194925e+01,2.198338e+01,2.250077e+01,2.196291e+01,2.166895e+01,2.164157e+01,2.158677e+01,2.171686e+01,2.210616e+01,2.309660e+01,2.240566e+01,2.218112e+01,2.269073e+01,2.326525e+01,2.407093e+01,2.405756e+01,2.261614e+01,2.162787e+01,2.164841e+01,2.157991e+01,2.160732e+01,2.157991e+01,2.155250e+01,2.172371e+01,2.219474e+01,2.220155e+01,2.201068e+01,2.192194e+01,2.173055e+01,2.162787e+01,2.167580e+01,2.151137e+01,2.147708e+01,2.172371e+01,2.269750e+01,2.380977e+01,2.234447e+01,2.151137e+01,2.113355e+01,2.091308e+01,2.091308e+01,2.097514e+01,2.131233e+01,2.188096e+01,2.209252e+01,2.209252e+01,2.193560e+01,2.163472e+01,2.159362e+01,2.154565e+01,2.173739e+01,2.179211e+01,2.181945e+01,2.190145e+01,2.152508e+01,2.120923e+01,2.123674e+01,2.133294e+01,2.134668e+01,2.142220e+01,2.134668e+01,2.145650e+01,2.133981e+01,2.142220e+01,2.135355e+01,2.142220e+01,2.139474e+01,2.135355e+01,2.135355e+01,2.127110e+01,2.131233e+01,2.137415e+01,2.142906e+01,2.138101e+01,2.140161e+01,2.129172e+01,2.125048e+01,2.127798e+01,2.145650e+01,2.140161e+01,2.132607e+01,2.136728e+01,2.136041e+01,2.129859e+01,2.131233e+01,2.131920e+01,2.126423e+01,2.131920e+01,2.132607e+01,2.136728e+01,2.137415e+01,2.144964e+01,2.132607e+01,2.135355e+01,2.135355e+01,2.137415e+01,2.144964e+01,2.127798e+01,2.140847e+01,2.138788e+01,2.138788e+01,2.131233e+01,2.138101e+01,2.127798e+01,2.129859e+01,2.131233e+01,2.137415e+01,2.135355e+01,2.125736e+01,2.133294e+01,2.137415e+01,2.139474e+01,2.133981e+01,2.136728e+01,2.133294e+01,2.138788e+01,2.147708e+01,2.138788e+01,2.131920e+01,2.138101e+01,2.132607e+01,2.138101e+01,2.123674e+01,2.126423e+01,2.122298e+01,2.120235e+01,2.129859e+01,2.131233e+01,2.125048e+01,2.131233e+01,2.120235e+01,2.129859e+01,2.124361e+01,2.124361e+01,2.123674e+01,2.122986e+01,2.124361e+01,2.118172e+01,2.118860e+01,2.120923e+01,2.118172e+01,2.120923e+01,2.123674e+01,2.124361e+01,2.121611e+01,2.122298e+01,2.138788e+01,2.124361e+01,2.122298e+01,2.127798e+01,2.123674e+01,2.122986e+01,2.127798e+01,2.125736e+01,2.127798e+01,2.129859e+01,2.135355e+01,2.129172e+01,2.138788e+01,2.131920e+01,2.128485e+01,2.130546e+01,2.124361e+01,2.135355e+01,2.120235e+01,2.129859e+01,2.129859e+01,2.132607e+01,2.121611e+01,2.127110e+01,2.125048e+01,2.121611e+01,2.131920e+01,2.120235e+01,2.131920e+01,2.134668e+01,2.133294e+01,2.131920e+01,2.133294e+01,2.131920e+01,2.135355e+01,2.129859e+01,2.129172e+01,2.130546e+01,2.129859e+01,2.125048e+01,2.127798e+01,2.131920e+01,2.125048e+01,2.131920e+01,2.138788e+01,2.127110e+01,2.127110e+01,2.137415e+01,2.134668e+01,2.129859e+01,2.124361e+01,2.129859e+01,2.140847e+01,2.133981e+01,2.133294e+01,2.118860e+01,2.125736e+01,2.128485e+01,2.134668e+01,2.115420e+01,2.129859e+01,2.131920e+01,2.133981e+01,2.136728e+01,2.135355e+01,2.118860e+01,2.129859e+01,2.127798e+01,2.126423e+01,2.129859e+01,2.126423e+01,2.116796e+01,2.123674e+01,2.133981e+01,2.132607e+01,2.132607e+01,2.121611e+01,2.129859e+01,2.124361e+01,2.131920e+01,2.136728e+01,2.128485e+01,2.127798e+01,2.126423e+01,2.125048e+01,2.132607e+01,2.129859e+01,2.125048e+01,2.139474e+01,2.142220e+01,2.127110e+01,2.142220e+01,2.136041e+01,2.117484e+01,2.125048e+01,2.133981e+01,2.129859e+01,2.122986e+01,2.136728e+01,2.137415e+01,2.125048e+01,2.125048e+01,2.129859e+01,2.120235e+01,2.116796e+01,2.129172e+01,2.131233e+01,2.118172e+01,2.136728e+01,2.134668e+01,2.142220e+01,2.136041e+01,2.124361e+01,2.117484e+01,2.117484e+01,2.140847e+01,2.135355e+01,2.138788e+01,2.140161e+01,2.141533e+01,2.142220e+01,2.144964e+01,2.149080e+01,2.155936e+01,2.146336e+01,2.154565e+01,2.148394e+01,2.157991e+01,2.153880e+01,2.153194e+01,2.150451e+01,2.147022e+01,2.151137e+01,2.153194e+01,2.140161e+01,2.144964e+01,2.140161e+01,2.141533e+01,2.136728e+01,2.143592e+01,2.136041e+01,2.140847e+01,2.141533e+01,2.139474e+01,2.139474e+01,2.142220e+01,2.131233e+01,2.163472e+01,2.131233e+01,2.131920e+01,2.142906e+01,2.119548e+01,2.134668e+01,2.129859e+01,2.133981e+01,2.133294e+01,2.127110e+01,2.133294e+01,2.124361e+01,2.125048e+01,2.131920e+01,2.120235e+01,2.126423e+01,2.125048e+01,2.133294e+01,2.128485e+01,2.135355e+01,2.120235e+01,2.120923e+01,2.133294e+01,2.125048e+01,2.138788e+01,2.134668e+01,2.137415e+01,2.140161e+01,2.133981e+01,2.140847e+01,2.136041e+01,2.136728e+01,2.153194e+01,2.129172e+01,2.141533e+01,2.147708e+01,2.142906e+01,2.140847e+01,2.144964e+01,2.150451e+01,2.144964e+01,2.144964e+01,2.129859e+01,2.151823e+01,2.138788e+01,2.140847e+01,2.144278e+01,2.145650e+01,2.138788e+01,2.166895e+01,2.146336e+01,2.147022e+01,2.145650e+01,2.148394e+01,2.144964e+01,2.141533e+01,2.148394e+01,2.144964e+01,2.142906e+01,2.145650e+01,2.147022e+01,2.138101e+01,2.140161e+01,2.130546e+01,2.134668e+01,2.137415e+01,2.143592e+01,2.144278e+01,2.148394e+01,2.145650e+01,2.142220e+01,2.144964e+01,2.142220e+01,2.145650e+01,2.140847e+01,2.150451e+01,2.150451e+01,2.150451e+01,2.146336e+01,2.158677e+01,2.142906e+01,2.153880e+01,2.144278e+01,2.146336e+01,2.145650e+01,2.148394e+01,2.145650e+01,2.144964e+01,2.149766e+01,2.150451e+01,2.141533e+01,2.142906e+01,2.160732e+01,2.146336e+01,2.142220e+01,2.151137e+01,2.138788e+01,2.146336e+01,2.155936e+01,2.147022e+01,2.144964e+01,2.144278e+01
2.140161e+01,2.137415e+01,2.123674e+01,2.141533e+01,2.123674e+01,2.129859e+01,2.135355e+01,2.133981e+01,2.134668e+01,2.119548e+01,2.136041e+01,2.123674e+01,2.133981e+01,2.139474e+01,2.129859e+01,2.137415e+01,2.124361e+01,2.131920e+01,2.132607e+01,2.116108e+01,2.132607e+01,2.118860e+01,2.127110e+01,2.124361e+01,2.125048e+01,2.140161e+01,2.121611e+01,2.138101e+01,2.133981e+01,2.125736e+01,2.130546e+01,2.137415e+01,2.131920e+01,2.131233e+01,2.130546e+01,2.127110e+01,2.138101e+01,2.118172e+01,2.133294e+01,2.122298e+01,2.116796e+01,2.121611e+01,2.118172e+01,2.149766e+01,2.131920e+01,2.134668e+01,2.137415e+01,2.136728e+01,2.133981e+01,2.152508e+01,2.179894e+01,2.196973e+01,2.214705e+01,2.220836e+01,2.223560e+01,2.223560e+01,2.218793e+01,2.208571e+01,2.200386e+01,2.187413e+01,2.138101e+01,2.129172e+01,2.127798e+01,2.111979e+01,2.118860e+01,2.114044e+01,2.120235e+01,2.117484e+01,2.120923e+01,2.117484e+01,2.108537e+01,2.109225e+01,2.116796e+01,2.105094e+01,2.105094e+01,2.125736e+01,2.117484e+01,2.111291e+01,2.100271e+01,2.120235e+01,2.119548e+01,2.109914e+01,2.107848e+01,2.114732e+01,2.116796e+01,2.106471e+01,2.101649e+01,2.127110e+01,2.126423e+01,2.109914e+01,2.123674e+01,2.122986e+01,2.118172e+01,2.112667e+01,2.114044e+01,2.120923e+01,2.123674e+01,2.131920e+01,2.114732e+01,2.128485e+01,2.132607e+01,2.131233e+01,2.130546e+01,2.122986e+01,2.128485e+01,2.114044e+01,2.127798e+01,2.123674e+01,2.132607e+01,2.127798e+01,2.133981e+01,2.139474e+01,2.141533e+01,2.147022e+01,2.133294e+01,2.133294e+01,2.129172e+01,2.141533e+01,2.136041e+01,2.129859e+01,2.137415e+01,2.134668e+01,2.118172e+01,2.122298e+01,2.124361e+01,2.118860e+01,2.133981e+01,2.119548e+01,2.109914e+01,2.125048e+01,2.105782e+01,2.125736e+01,2.124361e+01,2.123674e+01,2.113355e+01,2.122298e+01,2.119548e+01,2.125736e+01,2.120235e+01,2.130546e+01,2.121611e+01,2.120235e+01,2.118860e+01,2.122986e+01,2.129172e+01,2.122986e+01,2.126423e+01,2.121611e+01,2.123674e+01,2.121611e+01,2.118860e+01,2.129172e+01,2.125048e+01,2.127110e+01,2.133981e+01,2.121611e+01,2.122986e+01,2.129859e+01,2.125048e+01,2.122298e+01,2.129859e+01,2.124361e+01,2.131233e+01,2.125736e+01,2.125048e+01,2.135355e+01,2.129859e+01,2.137415e+01,2.140161e+01,2.140847e+01,2.139474e+01,2.142220e+01,2.142906e+01,2.140847e+01,2.142220e+01,2.148394e+01,2.142220e+01,2.142906e+01,2.146336e+01,2.151823e+01,2.153194e+01,2.190145e+01,2.247360e+01,2.170318e+01,2.142906e+01,2.129172e+01,2.134668e+01,2.130546e+01,2.132607e+01,2.123674e+01,2.129859e+01,2.126423e+01,2.130546e+01,2.124361e+01,2.109225e+01,2.130546e+01,2.127110e+01,2.130546e+01,2.143592e+01,2.160047e+01,2.153880e+01,2.199021e+01,2.217430e+01,2.366887e+01,2.477082e+01,2.295473e+01,2.212661e+01,2.358155e+01,2.290063e+01,2.181262e+01,2.187413e+01,2.203797e+01,2.245322e+01,2.241925e+01,2.212661e+01,2.265683e+01,2.287357e+01,2.247360e+01,2.176475e+01,2.166211e+01,2.197656e+01,2.184679e+01,2.176475e+01,2.207207e+01,2.209934e+01,2.235807e+01,2.231046e+01,2.215387e+01,2.218112e+01,2.219474e+01,2.220836e+01,2.203115e+01,2.172371e+01,2.157991e+01,2.157306e+01,2.160047e+01,2.154565e+01,2.154565e+01,2.164841e+01,2.163472e+01,2.180578e+01,2.207207e+01,2.188096e+01,2.210616e+01,2.200386e+01,2.199021e+01,2.219474e+01,2.224240e+01,2.168949e+01,2.167580e+01,2.157306e+01,2.160732e+01,2.154565e+01,2.196973e+01,2.239206e+01,2.220836e+01,2.219474e+01,2.312361e+01,2.437146e+01,2.359499e+01,2.227644e+01,2.171002e+01,2.160047e+01,2.193560e+01,2.233767e+01,2.210616e+01,2.159362e+01,2.156621e+01,2.156621e+01,2.179211e+01,2.175791e+01,2.194925e+01,2.197656e+01,2.170318e+01,2.160047e+01,2.166211e+01,2.157306e+01,2.151823e+01,2.150451e+01,2.172371e+01,2.209252e+01,2.140847e+01,2.092688e+01,2.091998e+01,2.111291e+01,2.151137e+01,2.165526e+01,2.237847e+01,2.218793e+01,2.218793e+01,2.211298e+01,2.196291e+01,2.175107e+01,2.147022e+01,2.155936e+01,2.174423e+01,2.177159e+01,2.164157e+01,2.151823e+01,2.117484e+01,2.120923e+01,2.123674e+01,2.125736e+01,2.138788e+01,2.132607e+01,2.136728e+01,2.136041e+01,2.142220e+01,2.142220e+01,2.140161e+01,2.141533e+01,2.144964e+01,2.134668e+01,2.144964e+01,2.138788e+01,2.145650e+01,2.140847e+01,2.135355e+01,2.141533e+01,2.138788e+01,2.139474e+01,2.140847e+01,2.126423e+01,2.130546e+01,2.142906e+01,2.144964e+01,2.133294e+01,2.136728e+01,2.142906e+01,2.133294e+01,2.128485e+01,2.137415e+01,2.136728e+01,2.136041e+01,2.133981e+01,2.134668e+01,2.142220e+01,2.144964e+01,2.132607e+01,2.140847e+01,2.135355e+01,2.143592e+01,2.141533e+01,2.144964e+01,2.142906e+01,2.141533e+01,2.127798e+01,2.130546e+01,2.129172e+01,2.128485e+01,2.129859e+01,2.133294e+01,2.133294e+01,2.146336e+01,2.138101e+01,2.134668e+01,2.140161e+01,2.147022e+01,2.130546e+01,2.139474e+01,2.136728e+01,2.143592e+01,2.132607e+01,2.128485e+01,2.129859e+01,2.137415e+01,2.122986e+01,2.127798e+01,2.125736e+01,2.121611e+01,2.122986e+01,2.122986e+01,2.128485e+01,2.128485e+01,2.121611e+01,2.122986e+01,2.109914e+01,2.118860e+01,2.124361e+01,2.126423e+01,2.127110e+01,2.113355e+01,2.118860e+01,2.123674e+01,2.119548e+01,2.134668e+01,2.117484e+01,2.123674e+01,2.117484e+01,2.125048e+01,2.136728e+01,2.138788e+01,2.126423e+01,2.123674e+01,2.126423e+01,2.131233e+01,2.136728e+01,2.133294e+01,2.133294e+01,2.131233e+01,2.130546e+01,2.123674e+01,2.130546e+01,2.128485e+01,2.138788e+01,2.126423e+01,2.132607e+01,2.124361e+01,2.120923e+01,2.125048e+01,2.122298e+01,2.133294e+01,2.106471e+01,2.133294e+01,2.128485e+01,2.133294e+01,2.129859e+01,2.136041e+01,2.133981e+01,2.126423e+01,2.120235e+01,2.130546e+01,2.132607e+01,2.133981e+01,2.138788e+01,2.129859e+01,2.127110e+01,2.137415e+01,2.124361e+01,2.128485e+01,2.120235e+01,2.140161e+01,2.133981e+01,2.119548e+01,2.131233e+01,2.132607e+01,2.134668e+01,2.136041e+01,2.129859e+01,2.135355e+01,2.134668e+01,2.133981e+01,2.139474e+01,2.133294e+01,2.133981e+01,2.122986e+01,2.133981e+01,2.127110e+01,2.136041e+01,2.115420e+01,2.131233e+01,2.128485e+01,2.123674e+01,2.132607e+01,2.134668e+01,2.137415e+01,2.129859e+01,2.132607e+01,2.136041e+01,2.131920e+01,2.121611e+01,2.127110e+01,2.126423e+01,2.128485e+01,2.129172e+01,2.125736e+01,2.131233e+01,2.127798e+01,2.119548e+01,2.119548e+01,2.134668e+01,2.127798e+01,2.123674e+01,2.122298e+01,2.128485e+01,2.129172e+01,2.139474e+01,2.137415e+01,2.135355e+01,2.119548e+01,2.130546e+01,2.129859e+01,2.132607e+01,2.140161e+01,2.133294e+01,2.122298e+01,2.134668e+01,2.122986e+01,2.122298e+01,2.131233e+01,2.127798e+01,2.134668e+01,2.123674e+01,2.126423e+01,2.125048e+01,2.132607e+01,2.129859e+01,2.131920e+01,2.129859e+01,2.127798e+01,2.126423e+01,2.130546e+01,2.132607e+01,2.138101e+01,2.139474e+01,2.138788e+01,2.133981e+01,2.140847e+01,2.133294e+01,2.144278e+01,2.138788e+01,2.142220e+01,2.146336e+01,2.156621e+01,2.149080e+01,2.148394e+01,2.152508e+01,2.133294e+01,2.149766e+01,2.151137e+01,2.147708e+01,2.149080e+01,2.146336e+01,2.152508e+01,2.145650e+01,2.155250e+01,2.158677e+01,2.141533e+01,2.147708e+01,2.136041e+01,2.141533e+01,2.140161e+01,2.136041e+01,2.141533e+01,2.145650e+01,2.140161e+01,2.138101e+01,2.133981e+01,2.144964e+01,2.130546e+01,2.135355e+01,2.137415e+01,2.137415e+01,2.138788e+01,2.123674e+01,2.134668e+01,2.141533e+01,2.133981e+01,2.131920e+01,2.132607e+01,2.122298e+01,2.129859e+01,2.130546e+01,2.139474e+01,2.138788e+01,2.125736e+01,2.116108e+01,2.125048e+01,2.123674e+01,2.120923e+01,2.120923e+01,2.122298e+01,2.127110e+01,2.132607e+01,2.130546e+01,2.130546e+01,2.133294e+01,2.120923e+01,2.140161e+01,2.138788e+01,2.143592e+01,2.144278e+01,2.135355e+01,2.141533e+01,2.141533e+01,2.143592e+01,2.149080e+01,2.148394e+01,2.145650e+01,2.154565e+01,2.146336e+01,2.156621e+01,2.136728e+01,2.142906e+01,2.145650e+01,2.154565e+01,2.141533e+01,2.147708e+01,2.141533e+01,2.144964e+01,2.155250e+01,2.144964e+01,2.142220e+01,2.149080e+01,2.145650e+01,2.139474e+01,2.147708e+01,2.139474e+01,2.140161e+01,2.147022e+01,2.151137e+01,2.144278e+01,2.140847e+01,2.156621e+01,2.159362e+01,2.158677e+01,2.149766e+01,2.149080e+01,2.152508e+01,2.151137e+01,2.146336e+01,2.146336e+01,2.149766e+01,2.149766e+01,2.143592e+01,2.149080e+01,2.153194e+01,2.143592e+01,2.153880e+01,2.145650e+01,2.146336e+01,2.147708e+01,2.148394e+01,2.145650e+01,2.147022e+01,2.138788e+01,2.153194e+01,2.146336e+01,2.142906e+01,2.153194e+01,2.152508e+01,2.142220e+01,2.153194e+01,2.152508e+01,2.152508e+01,2.150451e+01,2.143592e+01,2.157991e+01,2.149766e+01,2.144278e+01
2.138101e+01,2.140847e+01,2.128485e+01,2.129859e+01,2.135355e+01,2.125736e+01,2.156621e+01,2.133294e+01,2.132607e+01,2.128485e+01,2.124361e+01,2.131920e+01,2.138101e+01,2.137415e+01,2.140161e+01,2.132607e+01,2.133294e+01,2.136728e+01,2.134668e+01,2.129859e+01,2.127110e+01,2.135355e+01,2.120923e+01,2.140847e+01,2.125736e+01,2.123674e+01,2.109225e+01,2.125736e+01,2.141533e+01,2.143592e+01,2.119548e+01,2.129172e+01,2.135355e+01,2.131920e+01,2.134668e+01,2.136728e+01,2.133294e+01,2.125736e+01,2.129859e+01,2.122986e+01,2.143592e+01,2.125048e+01,2.131920e+01,2.128485e+01,2.138101e+01,2.138101e+01,2.136728e+01,2.131233e+01,2.127798e+01,2.145650e+01,2.175791e+01,2.217430e+01,2.191511e+01,2.156621e+01,2.179211e+01,2.149080e+01,2.149080e+01,2.116108e+01,2.125048e+01,2.127798e+01,2.102338e+01,2.119548e+01,2.117484e+01,2.119548e+01,2.111291e+01,2.116108e+01,2.120923e+01,2.116108e+01,2.110602e+01,2.117484e+01,2.121611e+01,2.117484e+01,2.115420e+01,2.117484e+01,2.108537e+01,2.127110e+01,2.106471e+01,2.110602e+01,2.117484e+01,2.111979e+01,2.123674e+01,2.115420e+01,2.107848e+01,2.111979e+01,2.110602e+01,2.111979e+01,2.120235e+01,2.114732e+01,2.111979e+01,2.115420e+01,2.113355e+01,2.119548e+01,2.118860e+01,2.127110e+01,2.116108e+01,2.114732e+01,2.116108e+01,2.120923e+01,2.118172e+01,2.119548e+01,2.125048e+01,2.119548e+01,2.120235e+01,2.120923e+01,2.125048e+01,2.122298e+01,2.129172e+01,2.129859e+01,2.133981e+01,2.129172e+01,2.141533e+01,2.133981e+01,2.145650e+01,2.132607e+01,2.137415e+01,2.127798e+01,2.138101e+01,2.129172e+01,2.120235e+01,2.129172e+01,2.129172e+01,2.114732e+01,2.119548e+01,2.122298e+01,2.113355e+01,2.119548e+01,2.118860e+01,2.122298e+01,2.130546e+01,2.118172e+01,2.116108e+01,2.104405e+01,2.112667e+01,2.107848e+01,2.111291e+01,2.126423e+01,2.125048e+01,2.118860e+01,2.116108e+01,2.129859e+01,2.127798e+01,2.116108e+01,2.122986e+01,2.131233e+01,2.126423e+01,2.121611e+01,2.127110e+01,2.126423e+01,2.122298e+01,2.120235e+01,2.133294e+01,2.128485e+01,2.131920e+01,2.120235e+01,2.129172e+01,2.124361e+01,2.129172e+01,2.122298e+01,2.122298e+01,2.124361e+01,2.126423e+01,2.125048e+01,2.129172e+01,2.130546e+01,2.129859e+01,2.139474e+01,2.140847e+01,2.136728e+01,2.149766e+01,2.140161e+01,2.141533e+01,2.141533e+01,2.120235e+01,2.141533e+01,2.144964e+01,2.142220e+01,2.138788e+01,2.139474e+01,2.140161e+01,2.158677e+01,2.159362e+01,2.209252e+01,2.331915e+01,2.190828e+01,2.137415e+01,2.134668e+01,2.134668e+01,2.131920e+01,2.149766e+01,2.127798e+01,2.125736e+01,2.126423e+01,2.129172e+01,2.127798e+01,2.129859e+01,2.129172e+01,2.132607e+01,2.122298e+01,2.149766e+01,2.154565e+01,2.162787e+01,2.222879e+01,2.237847e+01,2.396387e+01,2.368230e+01,2.265005e+01,2.265005e+01,2.352106e+01,2.262292e+01,2.200386e+01,2.196291e+01,2.221517e+01,2.208571e+01,2.208571e+01,2.193560e+01,2.256186e+01,2.255508e+01,2.246681e+01,2.184679e+01,2.197656e+01,2.203797e+01,2.179894e+01,2.164841e+01,2.179211e+01,2.183312e+01,2.210616e+01,2.228324e+01,2.230365e+01,2.240566e+01,2.221517e+01,2.194925e+01,2.180578e+01,2.165526e+01,2.155936e+01,2.169633e+01,2.164841e+01,2.169633e+01,2.166895e+01,2.194243e+01,2.190145e+01,2.173055e+01,2.209934e+01,2.212661e+01,2.209252e+01,2.187413e+01,2.197656e+01,2.207207e+01,2.179211e+01,2.155250e+01,2.151823e+01,2.154565e+01,2.167580e+01,2.196973e+01,2.218112e+01,2.222879e+01,2.231046e+01,2.249398e+01,2.313710e+01,2.235807e+01,2.194925e+01,2.171686e+01,2.196973e+01,2.205161e+01,2.271783e+01,2.350761e+01,2.213342e+01,2.155936e+01,2.155936e+01,2.155250e+01,2.166211e+01,2.181262e+01,2.188779e+01,2.181945e+01,2.174423e+01,2.168264e+01,2.171002e+01,2.175107e+01,2.176475e+01,2.160732e+01,2.149766e+01,2.131233e+01,2.095446e+01,2.097514e+01,2.120235e+01,2.172371e+01,2.254829e+01,2.308985e+01,2.370915e+01,2.274494e+01,2.288710e+01,2.299529e+01,2.262971e+01,2.243964e+01,2.181945e+01,2.166211e+01,2.170318e+01,2.142220e+01,2.121611e+01,2.112667e+01,2.118860e+01,2.116796e+01,2.111291e+01,2.120235e+01,2.138101e+01,2.127798e+01,2.130546e+01,2.128485e+01,2.138788e+01,2.141533e+01,2.141533e+01,2.142220e+01,2.135355e+01,2.145650e+01,2.133294e+01,2.128485e+01,2.129859e+01,2.130546e+01,2.138101e+01,2.130546e+01,2.135355e+01,2.140161e+01,2.120923e+01,2.140161e+01,2.143592e+01,2.135355e+01,2.131233e+01,2.131233e+01,2.140161e+01,2.138101e+01,2.136041e+01,2.135355e+01,2.133294e+01,2.144278e+01,2.132607e+01,2.133294e+01,2.131233e+01,2.142220e+01,2.145650e+01,2.136728e+01,2.139474e+01,2.136728e+01,2.128485e+01,2.134668e+01,2.125736e+01,2.130546e+01,2.133981e+01,2.130546e+01,2.131233e+01,2.135355e+01,2.133294e+01,2.130546e+01,2.134668e+01,2.131920e+01,2.136041e+01,2.129859e+01,2.140161e+01,2.138788e+01,2.137415e+01,2.134668e+01,2.140847e+01,2.144964e+01,2.134668e+01,2.138788e+01,2.129859e+01,2.130546e+01,2.134668e+01,2.144278e+01,2.142220e+01,2.138101e+01,2.141533e+01,2.127110e+01,2.135355e+01,2.126423e+01,2.139474e+01,2.130546e+01,2.124361e+01,2.137415e+01,2.116108e+01,2.118860e+01,2.126423e+01,2.127110e+01,2.122986e+01,2.122298e+01,2.120923e+01,2.133981e+01,2.118860e+01,2.125048e+01,2.133294e+01,2.114044e+01,2.121611e+01,2.120923e+01,2.126423e+01,2.122986e+01,2.130546e+01,2.129172e+01,2.125736e+01,2.132607e+01,2.132607e+01,2.137415e+01,2.135355e+01,2.125048e+01,2.128485e+01,2.129859e+01,2.126423e+01,2.119548e+01,2.132607e+01,2.116108e+01,2.132607e+01,2.133981e+01,2.131920e+01,2.129172e+01,2.132607e+01,2.129859e+01,2.134668e+01,2.135355e+01,2.137415e+01,2.131920e+01,2.131233e+01,2.127110e+01,2.128485e+01,2.122986e+01,2.134668e+01,2.131920e+01,2.140161e+01,2.132607e+01,2.129859e+01,2.121611e+01,2.129172e+01,2.134668e+01,2.127798e+01,2.125048e+01,2.130546e+01,2.126423e+01,2.130546e+01,2.121611e+01,2.136041e+01,2.135355e+01,2.142220e+01,2.161417e+01,2.138101e+01,2.136041e+01,2.131920e+01,2.124361e+01,2.129172e+01,2.136041e+01,2.120235e+01,2.136041e+01,2.127110e+01,2.127798e+01,2.127798e+01,2.128485e+01,2.138101e+01,2.126423e+01,2.132607e+01,2.135355e+01,2.135355e+01,2.130546e+01,2.127798e+01,2.127798e+01,2.132607e+01,2.132607e+01,2.134668e+01,2.138101e+01,2.129172e+01,2.125736e+01,2.129859e+01,2.129172e+01,2.127798e+01,2.132607e+01,2.127110e+01,2.141533e+01,2.129172e+01,2.133294e+01,2.128485e+01,2.126423e+01,2.129859e+01,2.122986e+01,2.121611e+01,2.119548e+01,2.136041e+01,2.133294e+01,2.120235e+01,2.132607e+01,2.115420e+01,2.132607e+01,2.135355e+01,2.124361e+01,2.125048e+01,2.125048e+01,2.123674e+01,2.123674e+01,2.122298e+01,2.122986e+01,2.132607e+01,2.133294e+01,2.127110e+01,2.122986e+01,2.120923e+01,2.131233e+01,2.144278e+01,2.132607e+01,2.138788e+01,2.134668e+01,2.135355e+01,2.142220e+01,2.131920e+01,2.136728e+01,2.133981e+01,2.138788e+01,2.149766e+01,2.145650e+01,2.150451e+01,2.150451e+01,2.155936e+01,2.143592e+01,2.147708e+01,2.156621e+01,2.151137e+01,2.151823e+01,2.146336e+01,2.151823e+01,2.155250e+01,2.141533e+01,2.173055e+01,2.144964e+01,2.149766e+01,2.132607e+01,2.138788e+01,2.149080e+01,2.138788e+01,2.145650e+01,2.148394e+01,2.137415e+01,2.147708e+01,2.125736e+01,2.155936e+01,2.148394e+01,2.149080e+01,2.131233e+01,2.138788e+01,2.135355e+01,2.138788e+01,2.133294e+01,2.138101e+01,2.129859e+01,2.127110e+01,2.133294e+01,2.129859e+01,2.114732e+01,2.129172e+01,2.123674e+01,2.113355e+01,2.127110e+01,2.129859e+01,2.129172e+01,2.126423e+01,2.122986e+01,2.118172e+01,2.119548e+01,2.121611e+01,2.122986e+01,2.121611e+01,2.125736e+01,2.129172e+01,2.124361e+01,2.131920e+01,2.132607e+01,2.136041e+01,2.134668e+01,2.144964e+01,2.139474e+01,2.136728e+01,2.134668e+01,2.124361e+01,2.140161e+01,2.137415e+01,2.139474e+01,2.140847e+01,2.151137e+01,2.149080e+01,2.144278e+01,2.151823e+01,2.152508e+01,2.151823e+01,2.142906e+01,2.143592e+01,2.154565e+01,2.144278e+01,2.147022e+01,2.147022e+01,2.143592e+01,2.142906e+01,2.145650e+01,2.142220e+01,2.144964e+01,2.147708e+01,2.142906e+01,2.147022e+01,2.132607e+01,2.144278e+01,2.143592e+01,2.144964e+01,2.140847e+01,2.140847e+01,2.140847e+01,2.155250e+01,2.143592e+01,2.152508e+01,2.155250e+01,2.151823e+01,2.154565e+01,2.143592e+01,2.152508e+01,2.149766e+01,2.154565e+01,2.152508e+01,2.153194e+01,2.144964e+01,2.142220e+01,2.140847e+01,2.142220e+01,2.142220e+01,2.145650e+01,2.147022e+01,2.139474e+01,2.144278e+01,2.142906e+01,2.138788e+01,2.139474e+01,2.133981e+01,2.168264e+01,2.151137e+01,2.144278e+01,2.154565e+01,2.140161e+01,2.161417e+01,2.156621e+01,2.140161e+01,2.140847e+01,2.158677e+01
2.129859e+01,2.131920e+01,2.134668e+01,2.147708e+01,2.142906e+01,2.128485e+01,2.140161e+01,2.133981e+01,2.141533e+01,2.127798e+01,2.118172e+01,2.122986e+01,2.131920e+01,2.127110e+01,2.122298e+01,2.136728e+01,2.125048e+01,2.129172e+01,2.130546e+01,2.131920e+01,2.126423e+01,2.130546e+01,2.127798e+01,2.125048e+01,2.122986e+01,2.147022e+01,2.129172e+01,2.121611e+01,2.126423e+01,2.125736e+01,2.119548e+01,2.135355e+01,2.142220e+01,2.137415e+01,2.136041e+01,2.136728e+01,2.132607e+01,2.127110e+01,2.127798e+01,2.124361e+01,2.126423e+01,2.125736e+01,2.129859e+01,2.129172e+01,2.133294e+01,2.128485e+01,2.132607e+01,2.123674e+01,2.125736e+01,2.135355e+01,2.129172e+01,2.124361e+01,2.110602e+01,2.107160e+01,2.105782e+01,2.120235e+01,2.103027e+01,2.116108e+01,2.120923e+01,2.120923e+01,2.118860e+01,2.118172e+01,2.118860e+01,2.120923e+01,2.111291e+01,2.113355e+01,2.111979e+01,2.111291e+01,2.118860e+01,2.120235e+01,2.114732e+01,2.114044e+01,2.117484e+01,2.110602e+01,2.134668e+01,2.123674e+01,2.127110e+01,2.111291e+01,2.128485e+01,2.132607e+01,2.127110e+01,2.116796e+01,2.112667e+01,2.114732e+01,2.122986e+01,2.124361e+01,2.114732e+01,2.122298e+01,2.109914e+01,2.116108e+01,2.113355e+01,2.125048e+01,2.109914e+01,2.119548e+01,2.114044e+01,2.117484e+01,2.118172e+01,2.114044e+01,2.120235e+01,2.120235e+01,2.133981e+01,2.125736e+01,2.131233e+01,2.119548e+01,2.118860e+01,2.129859e+01,2.124361e+01,2.131920e+01,2.131233e+01,2.125736e+01,2.131920e+01,2.125048e+01,2.133981e+01,2.127110e+01,2.124361e+01,2.120235e+01,2.139474e+01,2.131233e+01,2.118172e+01,2.120235e+01,2.120235e+01,2.119548e+01,2.132607e+01,2.121611e+01,2.125048e+01,2.118172e+01,2.120235e+01,2.127110e+01,2.122298e+01,2.116796e+01,2.128485e+01,2.115420e+01,2.111291e+01,2.120235e+01,2.114044e+01,2.118172e+01,2.115420e+01,2.116108e+01,2.127798e+01,2.117484e+01,2.121611e+01,2.123674e+01,2.127110e+01,2.125048e+01,2.124361e+01,2.122986e+01,2.123674e+01,2.120923e+01,2.121611e+01,2.116108e+01,2.125736e+01,2.124361e+01,2.117484e+01,2.138788e+01,2.116796e+01,2.123674e+01,2.119548e+01,2.125736e+01,2.126423e+01,2.132607e+01,2.131920e+01,2.125736e+01,2.127798e+01,2.125048e+01,2.130546e+01,2.133294e+01,2.122298e+01,2.136041e+01,2.139474e+01,2.142220e+01,2.147022e+01,2.137415e+01,2.139474e+01,2.136041e+01,2.154565e+01,2.149766e+01,2.154565e+01,2.150451e+01,2.158677e+01,2.159362e+01,2.160047e+01,2.208571e+01,2.339997e+01,2.192877e+01,2.146336e+01,2.132607e+01,2.133294e+01,2.126423e+01,2.122298e+01,2.122986e+01,2.123674e+01,2.127798e+01,2.127110e+01,2.125048e+01,2.127798e+01,2.119548e+01,2.121611e+01,2.129172e+01,2.136728e+01,2.141533e+01,2.162102e+01,2.231726e+01,2.237167e+01,2.298177e+01,2.281266e+01,2.281943e+01,2.293444e+01,2.326525e+01,2.273139e+01,2.253472e+01,2.243284e+01,2.205843e+01,2.183996e+01,2.208571e+01,2.194925e+01,2.246002e+01,2.292768e+01,2.245322e+01,2.204479e+01,2.284650e+01,2.254150e+01,2.221517e+01,2.177843e+01,2.164841e+01,2.187413e+01,2.199703e+01,2.241245e+01,2.290063e+01,2.290739e+01,2.239206e+01,2.224240e+01,2.218112e+01,2.209252e+01,2.199703e+01,2.203115e+01,2.209252e+01,2.199703e+01,2.194243e+01,2.199703e+01,2.188096e+01,2.204479e+01,2.207889e+01,2.211979e+01,2.211298e+01,2.175791e+01,2.207889e+01,2.177843e+01,2.151823e+01,2.155936e+01,2.160047e+01,2.194925e+01,2.223560e+01,2.210616e+01,2.220155e+01,2.241245e+01,2.269073e+01,2.180578e+01,2.166211e+01,2.153194e+01,2.189462e+01,2.233767e+01,2.321806e+01,2.350089e+01,2.348071e+01,2.271106e+01,2.210616e+01,2.209252e+01,2.174423e+01,2.183996e+01,2.158677e+01,2.179894e+01,2.203115e+01,2.242604e+01,2.224240e+01,2.185363e+01,2.177159e+01,2.189462e+01,2.186729e+01,2.153194e+01,2.122986e+01,2.114044e+01,2.105094e+01,2.114732e+01,2.145650e+01,2.199021e+01,2.271783e+01,2.293444e+01,2.370244e+01,2.417121e+01,2.443146e+01,2.524144e+01,2.506272e+01,2.326525e+01,2.236487e+01,2.183312e+01,2.151823e+01,2.131920e+01,2.114044e+01,2.114044e+01,2.109914e+01,2.110602e+01,2.120923e+01,2.127110e+01,2.126423e+01,2.123674e+01,2.135355e+01,2.140847e+01,2.140161e+01,2.140847e+01,2.137415e+01,2.140161e+01,2.136728e+01,2.131233e+01,2.129859e+01,2.139474e+01,2.136728e+01,2.133294e+01,2.135355e+01,2.144964e+01,2.142220e+01,2.140161e+01,2.137415e+01,2.148394e+01,2.129859e+01,2.131920e+01,2.138788e+01,2.139474e+01,2.134668e+01,2.141533e+01,2.142220e+01,2.131920e+01,2.136041e+01,2.136041e+01,2.135355e+01,2.140161e+01,2.134668e+01,2.145650e+01,2.132607e+01,2.149766e+01,2.133294e+01,2.136041e+01,2.140161e+01,2.118860e+01,2.144964e+01,2.142220e+01,2.140161e+01,2.140161e+01,2.133294e+01,2.128485e+01,2.136041e+01,2.134668e+01,2.142906e+01,2.131233e+01,2.127798e+01,2.131920e+01,2.138101e+01,2.129172e+01,2.136728e+01,2.136728e+01,2.130546e+01,2.142220e+01,2.140847e+01,2.138788e+01,2.130546e+01,2.131233e+01,2.135355e+01,2.133294e+01,2.134668e+01,2.136728e+01,2.138788e+01,2.128485e+01,2.127110e+01,2.122986e+01,2.125736e+01,2.126423e+01,2.116796e+01,2.118860e+01,2.125048e+01,2.116796e+01,2.128485e+01,2.114044e+01,2.128485e+01,2.126423e+01,2.121611e+01,2.118172e+01,2.115420e+01,2.124361e+01,2.125736e+01,2.114732e+01,2.127798e+01,2.123674e+01,2.136041e+01,2.129172e+01,2.118860e+01,2.132607e+01,2.125736e+01,2.128485e+01,2.126423e+01,2.119548e+01,2.127798e+01,2.127798e+01,2.129859e+01,2.129859e+01,2.128485e+01,2.130546e+01,2.122298e+01,2.124361e+01,2.122298e+01,2.144278e+01,2.132607e+01,2.136041e+01,2.136041e+01,2.143592e+01,2.135355e+01,2.135355e+01,2.140847e+01,2.127798e+01,2.131233e+01,2.135355e+01,2.134668e+01,2.116796e+01,2.133294e+01,2.131920e+01,2.136041e+01,2.136041e+01,2.134668e+01,2.139474e+01,2.122986e+01,2.134668e+01,2.133981e+01,2.131233e+01,2.129859e+01,2.133294e+01,2.138788e+01,2.136728e+01,2.131233e+01,2.131920e+01,2.128485e+01,2.136041e+01,2.136041e+01,2.138101e+01,2.136041e+01,2.138788e+01,2.137415e+01,2.139474e+01,2.128485e+01,2.138788e+01,2.127798e+01,2.133981e+01,2.131233e+01,2.131920e+01,2.131233e+01,2.133294e+01,2.125736e+01,2.125736e+01,2.140161e+01,2.128485e+01,2.136041e+01,2.142906e+01,2.140847e+01,2.136728e+01,2.129172e+01,2.127110e+01,2.125736e+01,2.116108e+01,2.129172e+01,2.129172e+01,2.123674e+01,2.120923e+01,2.124361e+01,2.141533e+01,2.122986e+01,2.137415e+01,2.126423e+01,2.122986e+01,2.122298e+01,2.127798e+01,2.121611e+01,2.130546e+01,2.131920e+01,2.133294e+01,2.133294e+01,2.124361e+01,2.130546e+01,2.122298e+01,2.124361e+01,2.137415e+01,2.124361e+01,2.131920e+01,2.129859e+01,2.124361e+01,2.127798e+01,2.125048e+01,2.128485e+01,2.129172e+01,2.122298e+01,2.129859e+01,2.129859e+01,2.137415e+01,2.129859e+01,2.132607e+01,2.130546e+01,2.144964e+01,2.142906e+01,2.139474e+01,2.141533e+01,2.136041e+01,2.136728e+01,2.138788e+01,2.144964e+01,2.147022e+01,2.144278e+01,2.147708e+01,2.142220e+01,2.144278e+01,2.167580e+01,2.151823e+01,2.151137e+01,2.150451e+01,2.155936e+01,2.148394e+01,2.147022e+01,2.147022e+01,2.149080e+01,2.155250e+01,2.155250e+01,2.149080e+01,2.134668e+01,2.162102e+01,2.144278e+01,2.135355e+01,2.144964e+01,2.138788e+01,2.143592e+01,2.136041e+01,2.142906e+01,2.141533e+01,2.142220e+01,2.141533e+01,2.133294e+01,2.133981e+01,2.143592e+01,2.136041e+01,2.142220e+01,2.136728e+01,2.120923e+01,2.131233e+01,2.138101e+01,2.109225e+01,2.116796e+01,2.132607e+01,2.133294e+01,2.134668e+01,2.127798e+01,2.120235e+01,2.136041e+01,2.125048e+01,2.116108e+01,2.123674e+01,2.122298e+01,2.118172e+01,2.111291e+01,2.128485e+01,2.128485e+01,2.129859e+01,2.131920e+01,2.133981e+01,2.129172e+01,2.133981e+01,2.140847e+01,2.137415e+01,2.145650e+01,2.142906e+01,2.131920e+01,2.141533e+01,2.144964e+01,2.147708e+01,2.136041e+01,2.142220e+01,2.140161e+01,2.138101e+01,2.155936e+01,2.153194e+01,2.143592e+01,2.142906e+01,2.149080e+01,2.149766e+01,2.141533e+01,2.150451e+01,2.147708e+01,2.151823e+01,2.151823e+01,2.150451e+01,2.143592e+01,2.145650e+01,2.136728e+01,2.142906e+01,2.154565e+01,2.147708e+01,2.133981e+01,2.144278e+01,2.142220e+01,2.140847e+01,2.140847e+01,2.149080e+01,2.138788e+01,2.159362e+01,2.143592e+01,2.144964e+01,2.148394e+01,2.153880e+01,2.131920e+01,2.150451e+01,2.152508e+01,2.144964e+01,2.156621e+01,2.149766e+01,2.144964e+01,2.144964e+01,2.154565e+01,2.140847e+01,2.149766e+01,2.127798e+01,2.145650e+01,2.133981e+01,2.153194e+01,2.148394e+01,2.140161e+01,2.135355e+01,2.147022e+01,2.130546e+01,2.149766e+01,2.156621e+01,2.155936e+01,2.137415e+01,2.156621e+01,2.151823e+01,2.147708e+01,2.157991e+01,2.159362e+01
2.129172e+01,2.122986e+01,2.130546e+01,2.125736e+01,2.129859e+01,2.127798e+01,2.127798e+01,2.140161e+01,2.136041e+01,2.107848e+01,2.115420e+01,2.115420e+01,2.127798e+01,2.131920e+01,2.120235e+01,2.126423e+01,2.122298e+01,2.122986e+01,2.122298e+01,2.132607e+01,2.140161e+01,2.128485e+01,2.131920e+01,2.129859e+01,2.129859e+01,2.127798e+01,2.122298e+01,2.123674e+01,2.125048e+01,2.137415e+01,2.136041e+01,2.117484e+01,2.134668e+01,2.130546e+01,2.121611e+01,2.120923e+01,2.128485e+01,2.122298e+01,2.124361e+01,2.129172e+01,2.125736e+01,2.122986e+01,2.129172e+01,2.132607e+01,2.129859e+01,2.134668e+01,2.129859e+01,2.132607e+01,2.128485e+01,2.125736e+01,2.125736e+01,2.116108e+01,2.127110e+01,2.127798e+01,2.122986e+01,2.124361e+01,2.122986e+01,2.113355e+01,2.143592e+01,2.131233e+01,2.128485e+01,2.119548e+01,2.104405e+01,2.116108e+01,2.111291e+01,2.103716e+01,2.109225e+01,2.122986e+01,2.122986e+01,2.138788e+01,2.118860e+01,2.133294e+01,2.146336e+01,2.131920e+01,2.139474e+01,2.142906e+01,2.144964e+01,2.129172e+01,2.133294e+01,2.138788e+01,2.134668e+01,2.137415e+01,2.113355e+01,2.116796e+01,2.117484e+01,2.107848e+01,2.104405e+01,2.111979e+01,2.120923e+01,2.114732e+01,2.108537e+01,2.109225e+01,2.111291e+01,2.116796e+01,2.113355e+01,2.114732e+01,2.114044e+01,2.117484e+01,2.116796e+01,2.116108e+01,2.114044e+01,2.122986e+01,2.127110e+01,2.122986e+01,2.124361e+01,2.138101e+01,2.133294e+01,2.128485e+01,2.130546e+01,2.129172e+01,2.124361e+01,2.135355e+01,2.134668e+01,2.119548e+01,2.122986e+01,2.125048e+01,2.134668e+01,2.118172e+01,2.114044e+01,2.114044e+01,2.119548e+01,2.116108e+01,2.117484e+01,2.121611e+01,2.121611e+01,2.121611e+01,2.123674e+01,2.118172e+01,2.118860e+01,2.120235e+01,2.116108e+01,2.115420e+01,2.120923e+01,2.115420e+01,2.124361e+01,2.103716e+01,2.107160e+01,2.128485e+01,2.118172e+01,2.111979e+01,2.120235e+01,2.130546e+01,2.115420e+01,2.119548e+01,2.118172e+01,2.115420e+01,2.122986e+01,2.124361e+01,2.123674e+01,2.126423e+01,2.122298e+01,2.123674e+01,2.116796e+01,2.116108e+01,2.125048e+01,2.118860e+01,2.125048e+01,2.109225e+01,2.117484e+01,2.118860e+01,2.105094e+01,2.130546e+01,2.124361e+01,2.116796e+01,2.134668e+01,2.138101e+01,2.132607e+01,2.138101e+01,2.136728e+01,2.135355e+01,2.136041e+01,2.133981e+01,2.120923e+01,2.136041e+01,2.133981e+01,2.135355e+01,2.153880e+01,2.142906e+01,2.155936e+01,2.154565e+01,2.177159e+01,2.192194e+01,2.346726e+01,2.234447e+01,2.160732e+01,2.134668e+01,2.136041e+01,2.130546e+01,2.132607e+01,2.127110e+01,2.129172e+01,2.129859e+01,2.127110e+01,2.128485e+01,2.123674e+01,2.133981e+01,2.125736e+01,2.117484e+01,2.143592e+01,2.142906e+01,2.144964e+01,2.177843e+01,2.213342e+01,2.239206e+01,2.282620e+01,2.395048e+01,2.483723e+01,2.543306e+01,2.430475e+01,2.294121e+01,2.267039e+01,2.181262e+01,2.183312e+01,2.188779e+01,2.173055e+01,2.209252e+01,2.294797e+01,2.222879e+01,2.205843e+01,2.308985e+01,2.362186e+01,2.279235e+01,2.188096e+01,2.166895e+01,2.182629e+01,2.216749e+01,2.327873e+01,2.505610e+01,2.440480e+01,2.323828e+01,2.228324e+01,2.220155e+01,2.202432e+01,2.197656e+01,2.211979e+01,2.200386e+01,2.197656e+01,2.199021e+01,2.177843e+01,2.175107e+01,2.175107e+01,2.188779e+01,2.187413e+01,2.180578e+01,2.179894e+01,2.228324e+01,2.176475e+01,2.157306e+01,2.179894e+01,2.196973e+01,2.220155e+01,2.220155e+01,2.220836e+01,2.220155e+01,2.235807e+01,2.179211e+01,2.141533e+01,2.157991e+01,2.204479e+01,2.306284e+01,2.452473e+01,2.553863e+01,2.417789e+01,2.250077e+01,2.211298e+01,2.212661e+01,2.208571e+01,2.178527e+01,2.158677e+01,2.180578e+01,2.199021e+01,2.308310e+01,2.430475e+01,2.306960e+01,2.226282e+01,2.196291e+01,2.154565e+01,2.141533e+01,2.121611e+01,2.131233e+01,2.115420e+01,2.131920e+01,2.153194e+01,2.171002e+01,2.207207e+01,2.225602e+01,2.247360e+01,2.294121e+01,2.307635e+01,2.315735e+01,2.345380e+01,2.415116e+01,2.306960e+01,2.211979e+01,2.142906e+01,2.121611e+01,2.117484e+01,2.114044e+01,2.109225e+01,2.112667e+01,2.104405e+01,2.124361e+01,2.120235e+01,2.122298e+01,2.127110e+01,2.108537e+01,2.136728e+01,2.142220e+01,2.140847e+01,2.143592e+01,2.137415e+01,2.130546e+01,2.129172e+01,2.131233e+01,2.133981e+01,2.138788e+01,2.133981e+01,2.131920e+01,2.136728e+01,2.135355e+01,2.150451e+01,2.137415e+01,2.136041e+01,2.138101e+01,2.133294e+01,2.131233e+01,2.140847e+01,2.140847e+01,2.143592e+01,2.135355e+01,2.136041e+01,2.133294e+01,2.135355e+01,2.134668e+01,2.138101e+01,2.131920e+01,2.141533e+01,2.133981e+01,2.131920e+01,2.132607e+01,2.144964e+01,2.131920e+01,2.148394e+01,2.140161e+01,2.139474e+01,2.128485e+01,2.132607e+01,2.130546e+01,2.131233e+01,2.132607e+01,2.129859e+01,2.134668e+01,2.128485e+01,2.128485e+01,2.143592e+01,2.129859e+01,2.129172e+01,2.131920e+01,2.125736e+01,2.127798e+01,2.115420e+01,2.132607e+01,2.143592e+01,2.130546e+01,2.146336e+01,2.128485e+01,2.140847e+01,2.122986e+01,2.120923e+01,2.124361e+01,2.136728e+01,2.124361e+01,2.126423e+01,2.125736e+01,2.125736e+01,2.122986e+01,2.117484e+01,2.137415e+01,2.118172e+01,2.133981e+01,2.128485e+01,2.129172e+01,2.128485e+01,2.116108e+01,2.124361e+01,2.125736e+01,2.126423e+01,2.121611e+01,2.118860e+01,2.117484e+01,2.129859e+01,2.119548e+01,2.118860e+01,2.127110e+01,2.128485e+01,2.125048e+01,2.128485e+01,2.126423e+01,2.126423e+01,2.129172e+01,2.122298e+01,2.124361e+01,2.130546e+01,2.124361e+01,2.136728e+01,2.122986e+01,2.127798e+01,2.125736e+01,2.127110e+01,2.128485e+01,2.133981e+01,2.127110e+01,2.130546e+01,2.135355e+01,2.130546e+01,2.134668e+01,2.133294e+01,2.122298e+01,2.129859e+01,2.133294e+01,2.130546e+01,2.129172e+01,2.133981e+01,2.139474e+01,2.136041e+01,2.129859e+01,2.117484e+01,2.129859e+01,2.120923e+01,2.119548e+01,2.131233e+01,2.136728e+01,2.124361e+01,2.131233e+01,2.122298e+01,2.124361e+01,2.140161e+01,2.142220e+01,2.143592e+01,2.131920e+01,2.123674e+01,2.122986e+01,2.139474e+01,2.137415e+01,2.133294e+01,2.139474e+01,2.138788e+01,2.136728e+01,2.128485e+01,2.133981e+01,2.129172e+01,2.127110e+01,2.133981e+01,2.132607e+01,2.141533e+01,2.126423e+01,2.125048e+01,2.125736e+01,2.132607e+01,2.131920e+01,2.130546e+01,2.131233e+01,2.129172e+01,2.128485e+01,2.128485e+01,2.128485e+01,2.119548e+01,2.130546e+01,2.131920e+01,2.136041e+01,2.134668e+01,2.131233e+01,2.124361e+01,2.135355e+01,2.127798e+01,2.118172e+01,2.117484e+01,2.122298e+01,2.113355e+01,2.118172e+01,2.129859e+01,2.114732e+01,2.127798e+01,2.123674e+01,2.133294e+01,2.131233e+01,2.114044e+01,2.119548e+01,2.131233e+01,2.121611e+01,2.127110e+01,2.120235e+01,2.132607e+01,2.118172e+01,2.121611e+01,2.127798e+01,2.126423e+01,2.118860e+01,2.129172e+01,2.122986e+01,2.131233e+01,2.124361e+01,2.122986e+01,2.141533e+01,2.122298e+01,2.130546e+01,2.136728e+01,2.144964e+01,2.140161e+01,2.138101e+01,2.133981e+01,2.140161e+01,2.145650e+01,2.150451e+01,2.144964e+01,2.150451e+01,2.143592e+01,2.149080e+01,2.150451e+01,2.149080e+01,2.152508e+01,2.146336e+01,2.149766e+01,2.147022e+01,2.154565e+01,2.144964e+01,2.150451e+01,2.142906e+01,2.142906e+01,2.141533e+01,2.139474e+01,2.140161e+01,2.143592e+01,2.149080e+01,2.141533e+01,2.142906e+01,2.129859e+01,2.140847e+01,2.135355e+01,2.134668e+01,2.135355e+01,2.131920e+01,2.131920e+01,2.139474e+01,2.131920e+01,2.129172e+01,2.126423e+01,2.121611e+01,2.121611e+01,2.124361e+01,2.111291e+01,2.133981e+01,2.119548e+01,2.119548e+01,2.120235e+01,2.120923e+01,2.124361e+01,2.117484e+01,2.117484e+01,2.108537e+01,2.115420e+01,2.118172e+01,2.129172e+01,2.131233e+01,2.127798e+01,2.131920e+01,2.137415e+01,2.136041e+01,2.128485e+01,2.139474e+01,2.118860e+01,2.136728e+01,2.141533e+01,2.129172e+01,2.137415e+01,2.139474e+01,2.153880e+01,2.137415e+01,2.134668e+01,2.152508e+01,2.153194e+01,2.136728e+01,2.142220e+01,2.140161e+01,2.143592e+01,2.140847e+01,2.138788e+01,2.138788e+01,2.143592e+01,2.151823e+01,2.145650e+01,2.134668e+01,2.149080e+01,2.135355e+01,2.140161e+01,2.134668e+01,2.142906e+01,2.155936e+01,2.136041e+01,2.144278e+01,2.146336e+01,2.133294e+01,2.138788e+01,2.141533e+01,2.153880e+01,2.150451e+01,2.140847e+01,2.147708e+01,2.150451e+01,2.149766e+01,2.142906e+01,2.145650e+01,2.152508e+01,2.140847e+01,2.130546e+01,2.151823e+01,2.150451e+01,2.125048e+01,2.139474e+01,2.142906e+01,2.140847e+01,2.171686e+01,2.149080e+01,2.149080e+01,2.147022e+01,2.146336e+01,2.133294e+01,2.143592e+01,2.132607e+01,2.153194e+01,2.131920e+01,2.168949e+01,2.139474e+01,2.160732e+01,2.151137e+01,2.155250e+01,2.131233e+01,2.145650e+01,2.151823e+01,2.142220e+01
2.129172e+01,2.140847e+01,2.133981e+01,2.122986e+01,2.128485e+01,2.154565e+01,2.150451e+01,2.147022e+01,2.144964e+01,2.137415e+01,2.131920e+01,2.138788e+01,2.115420e+01,2.114044e+01,2.133294e+01,2.129172e+01,2.131920e+01,2.127798e+01,2.118860e+01,2.122298e+01,2.118172e+01,2.137415e+01,2.126423e+01,2.117484e+01,2.118860e+01,2.120235e+01,2.126423e+01,2.127110e+01,2.125736e+01,2.132607e+01,2.136041e+01,2.116796e+01,2.127110e+01,2.130546e+01,2.129172e+01,2.127110e+01,2.129172e+01,2.120923e+01,2.124361e+01,2.116108e+01,2.125048e+01,2.129172e+01,2.131233e+01,2.135355e+01,2.130546e+01,2.135355e+01,2.129172e+01,2.127110e+01,2.122298e+01,2.133294e+01,2.133981e+01,2.132607e+01,2.129172e+01,2.140847e+01,2.124361e+01,2.125736e+01,2.120923e+01,2.122986e+01,2.120235e+01,2.122986e+01,2.129172e+01,2.118172e+01,2.120923e+01,2.117484e+01,2.112667e+01,2.122986e+01,2.110602e+01,2.119548e+01,2.120235e+01,2.114732e+01,2.128485e+01,2.134668e+01,2.144964e+01,2.144278e+01,2.139474e+01,2.138788e+01,2.136041e+01,2.144278e+01,2.141533e+01,2.139474e+01,2.139474e+01,2.149080e+01,2.132607e+01,2.118172e+01,2.118172e+01,2.119548e+01,2.111291e+01,2.109914e+01,2.113355e+01,2.120235e+01,2.107848e+01,2.112667e+01,2.125048e+01,2.110602e+01,2.130546e+01,2.117484e+01,2.132607e+01,2.116796e+01,2.117484e+01,2.131233e+01,2.120235e+01,2.118172e+01,2.129172e+01,2.121611e+01,2.116796e+01,2.121611e+01,2.129859e+01,2.128485e+01,2.127798e+01,2.127110e+01,2.131920e+01,2.131233e+01,2.133981e+01,2.120923e+01,2.140161e+01,2.125736e+01,2.138101e+01,2.120923e+01,2.128485e+01,2.125048e+01,2.116108e+01,2.116108e+01,2.120923e+01,2.112667e+01,2.119548e+01,2.124361e+01,2.119548e+01,2.118860e+01,2.124361e+01,2.117484e+01,2.122986e+01,2.119548e+01,2.115420e+01,2.113355e+01,2.124361e+01,2.117484e+01,2.118172e+01,2.121611e+01,2.130546e+01,2.126423e+01,2.130546e+01,2.121611e+01,2.122298e+01,2.130546e+01,2.119548e+01,2.129859e+01,2.118860e+01,2.123674e+01,2.135355e+01,2.136041e+01,2.125736e+01,2.126423e+01,2.126423e+01,2.114732e+01,2.120235e+01,2.126423e+01,2.125048e+01,2.114732e+01,2.105782e+01,2.131233e+01,2.126423e+01,2.130546e+01,2.134668e+01,2.130546e+01,2.137415e+01,2.136728e+01,2.137415e+01,2.136041e+01,2.140847e+01,2.134668e+01,2.135355e+01,2.145650e+01,2.135355e+01,2.140161e+01,2.133981e+01,2.138788e+01,2.137415e+01,2.142220e+01,2.155250e+01,2.157991e+01,2.156621e+01,2.188779e+01,2.329221e+01,2.240566e+01,2.166211e+01,2.133294e+01,2.125048e+01,2.125048e+01,2.135355e+01,2.135355e+01,2.124361e+01,2.127110e+01,2.131920e+01,2.126423e+01,2.131233e+01,2.131233e+01,2.125736e+01,2.127798e+01,2.142220e+01,2.157991e+01,2.157991e+01,2.178527e+01,2.231726e+01,2.251435e+01,2.364873e+01,2.594672e+01,2.649711e+01,2.564409e+01,2.329894e+01,2.256865e+01,2.214705e+01,2.172371e+01,2.175791e+01,2.178527e+01,2.181262e+01,2.256865e+01,2.246681e+01,2.182629e+01,2.188779e+01,2.209252e+01,2.231046e+01,2.208571e+01,2.178527e+01,2.178527e+01,2.199021e+01,2.254150e+01,2.471102e+01,2.660816e+01,2.582183e+01,2.451807e+01,2.227644e+01,2.218793e+01,2.195608e+01,2.181262e+01,2.195608e+01,2.179211e+01,2.177843e+01,2.174423e+01,2.173055e+01,2.165526e+01,2.175791e+01,2.186729e+01,2.195608e+01,2.196973e+01,2.195608e+01,2.242604e+01,2.153880e+01,2.173739e+01,2.190828e+01,2.226963e+01,2.237847e+01,2.267039e+01,2.270428e+01,2.248719e+01,2.164157e+01,2.142906e+01,2.153880e+01,2.207889e+01,2.306284e+01,2.511571e+01,2.532738e+01,2.421797e+01,2.249398e+01,2.207207e+01,2.206525e+01,2.209252e+01,2.199703e+01,2.190828e+01,2.198338e+01,2.162102e+01,2.194243e+01,2.300204e+01,2.443813e+01,2.286680e+01,2.197656e+01,2.155936e+01,2.131920e+01,2.136728e+01,2.124361e+01,2.132607e+01,2.137415e+01,2.140161e+01,2.196973e+01,2.186046e+01,2.180578e+01,2.182629e+01,2.191511e+01,2.211298e+01,2.209252e+01,2.264327e+01,2.245322e+01,2.224921e+01,2.255508e+01,2.212661e+01,2.116108e+01,2.111979e+01,2.113355e+01,2.110602e+01,2.110602e+01,2.107848e+01,2.078195e+01,2.118172e+01,2.105094e+01,2.109225e+01,2.142220e+01,2.124361e+01,2.141533e+01,2.140161e+01,2.136041e+01,2.153880e+01,2.134668e+01,2.136041e+01,2.135355e+01,2.134668e+01,2.130546e+01,2.136728e+01,2.149766e+01,2.140847e+01,2.140161e+01,2.145650e+01,2.137415e+01,2.130546e+01,2.133981e+01,2.135355e+01,2.136728e+01,2.137415e+01,2.144964e+01,2.139474e+01,2.143592e+01,2.116108e+01,2.129172e+01,2.145650e+01,2.139474e+01,2.135355e+01,2.138788e+01,2.136728e+01,2.135355e+01,2.136041e+01,2.136041e+01,2.131233e+01,2.151823e+01,2.136728e+01,2.133981e+01,2.125736e+01,2.136728e+01,2.146336e+01,2.137415e+01,2.132607e+01,2.129859e+01,2.142220e+01,2.136728e+01,2.127110e+01,2.128485e+01,2.138788e+01,2.132607e+01,2.133294e+01,2.135355e+01,2.124361e+01,2.138788e+01,2.130546e+01,2.141533e+01,2.130546e+01,2.131233e+01,2.134668e+01,2.127110e+01,2.125736e+01,2.137415e+01,2.138101e+01,2.129172e+01,2.122298e+01,2.121611e+01,2.122986e+01,2.126423e+01,2.125736e+01,2.125048e+01,2.122298e+01,2.132607e+01,2.128485e+01,2.129172e+01,2.114044e+01,2.131233e+01,2.120923e+01,2.118860e+01,2.127110e+01,2.122298e+01,2.118172e+01,2.124361e+01,2.125048e+01,2.121611e+01,2.123674e+01,2.127798e+01,2.127110e+01,2.127798e+01,2.128485e+01,2.129859e+01,2.122298e+01,2.133294e+01,2.131233e+01,2.138101e+01,2.132607e+01,2.131233e+01,2.135355e+01,2.125736e+01,2.133294e+01,2.128485e+01,2.133981e+01,2.124361e+01,2.121611e+01,2.122986e+01,2.130546e+01,2.133981e+01,2.131233e+01,2.134668e+01,2.128485e+01,2.131920e+01,2.135355e+01,2.121611e+01,2.122986e+01,2.135355e+01,2.136041e+01,2.124361e+01,2.127798e+01,2.119548e+01,2.138101e+01,2.135355e+01,2.136041e+01,2.119548e+01,2.120235e+01,2.139474e+01,2.133294e+01,2.131920e+01,2.122298e+01,2.111979e+01,2.130546e+01,2.134668e+01,2.130546e+01,2.136041e+01,2.131920e+01,2.136041e+01,2.131920e+01,2.138788e+01,2.136728e+01,2.125048e+01,2.124361e+01,2.140161e+01,2.135355e+01,2.137415e+01,2.133294e+01,2.131920e+01,2.131233e+01,2.133294e+01,2.137415e+01,2.147022e+01,2.144964e+01,2.128485e+01,2.140847e+01,2.124361e+01,2.137415e+01,2.131920e+01,2.133294e+01,2.131233e+01,2.129172e+01,2.129172e+01,2.128485e+01,2.123674e+01,2.127798e+01,2.124361e+01,2.126423e+01,2.122986e+01,2.134668e+01,2.127798e+01,2.129859e+01,2.129859e+01,2.136728e+01,2.132607e+01,2.129172e+01,2.119548e+01,2.128485e+01,2.124361e+01,2.125736e+01,2.122986e+01,2.132607e+01,2.126423e+01,2.136728e+01,2.132607e+01,2.116796e+01,2.133981e+01,2.129859e+01,2.121611e+01,2.122986e+01,2.125736e+01,2.132607e+01,2.129172e+01,2.125048e+01,2.131233e+01,2.122298e+01,2.123674e+01,2.127798e+01,2.129172e+01,2.131920e+01,2.136041e+01,2.143592e+01,2.127798e+01,2.138101e+01,2.131233e+01,2.137415e+01,2.131920e+01,2.141533e+01,2.135355e+01,2.138788e+01,2.144964e+01,2.146336e+01,2.127110e+01,2.132607e+01,2.154565e+01,2.148394e+01,2.153194e+01,2.147708e+01,2.144278e+01,2.151823e+01,2.151137e+01,2.151137e+01,2.153194e+01,2.144278e+01,2.148394e+01,2.151823e+01,2.147708e+01,2.155250e+01,2.124361e+01,2.145650e+01,2.138788e+01,2.142906e+01,2.152508e+01,2.145650e+01,2.140847e+01,2.142220e+01,2.138788e+01,2.139474e+01,2.137415e+01,2.125736e+01,2.120923e+01,2.133981e+01,2.132607e+01,2.130546e+01,2.129859e+01,2.125048e+01,2.118860e+01,2.122298e+01,2.118172e+01,2.116108e+01,2.110602e+01,2.129172e+01,2.126423e+01,2.116796e+01,2.118860e+01,2.124361e+01,2.122298e+01,2.127110e+01,2.116108e+01,2.129172e+01,2.117484e+01,2.118860e+01,2.128485e+01,2.131233e+01,2.127798e+01,2.125736e+01,2.133981e+01,2.127798e+01,2.138101e+01,2.133294e+01,2.128485e+01,2.127798e+01,2.144964e+01,2.141533e+01,2.144278e+01,2.139474e+01,2.134668e+01,2.133981e+01,2.152508e+01,2.140847e+01,2.136728e+01,2.151823e+01,2.153880e+01,2.143592e+01,2.142220e+01,2.143592e+01,2.147022e+01,2.143592e+01,2.135355e+01,2.150451e+01,2.140161e+01,2.143592e+01,2.132607e+01,2.136728e+01,2.138788e+01,2.133294e+01,2.150451e+01,2.145650e+01,2.155250e+01,2.155936e+01,2.139474e+01,2.129172e+01,2.139474e+01,2.153194e+01,2.140161e+01,2.153194e+01,2.147708e+01,2.144964e+01,2.154565e+01,2.153194e+01,2.159362e+01,2.136728e+01,2.138101e+01,2.157991e+01,2.144278e+01,2.144278e+01,2.140847e+01,2.147708e+01,2.151137e+01,2.147708e+01,2.146336e+01,2.155250e+01,2.149766e+01,2.150451e+01,2.171686e+01,2.138788e+01,2.145650e+01,2.134668e+01,2.147022e+01,2.150451e+01,2.149080e+01,2.140847e+01,2.142220e+01,2.151823e+01,2.144964e+01,2.144278e+01,2.146336e+01,2.142220e+01,2.146336e+01,2.151137e+01
2.158677e+01,2.136041e+01,2.123674e+01,2.136041e+01,2.137415e+01,2.150451e+01,2.121611e+01,2.133294e+01,2.147022e+01,2.125048e+01,2.118860e+01,2.121611e+01,2.117484e+01,2.150451e+01,2.137415e+01,2.125736e+01,2.126423e+01,2.133981e+01,2.133294e+01,2.121611e+01,2.118860e+01,2.129859e+01,2.128485e+01,2.120235e+01,2.116796e+01,2.129859e+01,2.118172e+01,2.129172e+01,2.133294e+01,2.130546e+01,2.120235e+01,2.126423e+01,2.128485e+01,2.132607e+01,2.125048e+01,2.123674e+01,2.126423e+01,2.124361e+01,2.127798e+01,2.129859e+01,2.128485e+01,2.127798e+01,2.132607e+01,2.133981e+01,2.123674e+01,2.125736e+01,2.132607e+01,2.127110e+01,2.135355e+01,2.137415e+01,2.133981e+01,2.140161e+01,2.125736e+01,2.129172e+01,2.125736e+01,2.132607e+01,2.129859e+01,2.126423e+01,2.114044e+01,2.121611e+01,2.136728e+01,2.121611e+01,2.120235e+01,2.114732e+01,2.116796e+01,2.127110e+01,2.122298e+01,2.113355e+01,2.127110e+01,2.141533e+01,2.142220e+01,2.140847e+01,2.141533e+01,2.151823e+01,2.142906e+01,2.140847e+01,2.139474e+01,2.146336e+01,2.147708e+01,2.124361e+01,2.147022e+01,2.125048e+01,2.142220e+01,2.136041e+01,2.105782e+01,2.116796e+01,2.105094e+01,2.129172e+01,2.121611e+01,2.118172e+01,2.123674e+01,2.111979e+01,2.128485e+01,2.120235e+01,2.133294e+01,2.118172e+01,2.120235e+01,2.116108e+01,2.116108e+01,2.127798e+01,2.118860e+01,2.121611e+01,2.127798e+01,2.139474e+01,2.120923e+01,2.138101e+01,2.135355e+01,2.129859e+01,2.130546e+01,2.131920e+01,2.122298e+01,2.127798e+01,2.132607e+01,2.123674e+01,2.127798e+01,2.135355e+01,2.123674e+01,2.125736e+01,2.127110e+01,2.127798e+01,2.138101e+01,2.140847e+01,2.127110e+01,2.123674e+01,2.122298e+01,2.110602e+01,2.122298e+01,2.122298e+01,2.120235e+01,2.118172e+01,2.118172e+01,2.116108e+01,2.121611e+01,2.117484e+01,2.115420e+01,2.114732e+01,2.118860e+01,2.124361e+01,2.115420e+01,2.119548e+01,2.129859e+01,2.111291e+01,2.121611e+01,2.127798e+01,2.129172e+01,2.128485e+01,2.133294e+01,2.129859e+01,2.128485e+01,2.124361e+01,2.125736e+01,2.126423e+01,2.124361e+01,2.121611e+01,2.120235e+01,2.116108e+01,2.130546e+01,2.127110e+01,2.127110e+01,2.129859e+01,2.133981e+01,2.133981e+01,2.136041e+01,2.137415e+01,2.138788e+01,2.134668e+01,2.135355e+01,2.136041e+01,2.138101e+01,2.138101e+01,2.142220e+01,2.162102e+01,2.136041e+01,2.155250e+01,2.153194e+01,2.134668e+01,2.140847e+01,2.152508e+01,2.138788e+01,2.160047e+01,2.161417e+01,2.175791e+01,2.311686e+01,2.273139e+01,2.172371e+01,2.129859e+01,2.130546e+01,2.125736e+01,2.135355e+01,2.127110e+01,2.130546e+01,2.125736e+01,2.134668e+01,2.106471e+01,2.139474e+01,2.127798e+01,2.138788e+01,2.139474e+01,2.145650e+01,2.173739e+01,2.162787e+01,2.174423e+01,2.233086e+01,2.267717e+01,2.396387e+01,2.607802e+01,2.538023e+01,2.405756e+01,2.223560e+01,2.186046e+01,2.207207e+01,2.174423e+01,2.178527e+01,2.176475e+01,2.171686e+01,2.188779e+01,2.205161e+01,2.209934e+01,2.226282e+01,2.211979e+01,2.242604e+01,2.290739e+01,2.193560e+01,2.195608e+01,2.208571e+01,2.280589e+01,2.516204e+01,2.643828e+01,2.611082e+01,2.552544e+01,2.261614e+01,2.179211e+01,2.175107e+01,2.196973e+01,2.171002e+01,2.169633e+01,2.179894e+01,2.178527e+01,2.167580e+01,2.173739e+01,2.201068e+01,2.218112e+01,2.262971e+01,2.278557e+01,2.199703e+01,2.280589e+01,2.197656e+01,2.188779e+01,2.222198e+01,2.275171e+01,2.307635e+01,2.330568e+01,2.283974e+01,2.171686e+01,2.141533e+01,2.173055e+01,2.175791e+01,2.192877e+01,2.232406e+01,2.306284e+01,2.321806e+01,2.247360e+01,2.203797e+01,2.224240e+01,2.221517e+01,2.211979e+01,2.202432e+01,2.207889e+01,2.231726e+01,2.176475e+01,2.186729e+01,2.184679e+01,2.195608e+01,2.138788e+01,2.127110e+01,2.119548e+01,2.133981e+01,2.138101e+01,2.127798e+01,2.140847e+01,2.158677e+01,2.181945e+01,2.250077e+01,2.237847e+01,2.251435e+01,2.260936e+01,2.262971e+01,2.246002e+01,2.246681e+01,2.222198e+01,2.246002e+01,2.192877e+01,2.224921e+01,2.190145e+01,2.127798e+01,2.109225e+01,2.103716e+01,2.107160e+01,2.115420e+01,2.106471e+01,2.113355e+01,2.107160e+01,2.111291e+01,2.105094e+01,2.113355e+01,2.120235e+01,2.141533e+01,2.138101e+01,2.149766e+01,2.129859e+01,2.138788e+01,2.133981e+01,2.136041e+01,2.131920e+01,2.135355e+01,2.143592e+01,2.131233e+01,2.150451e+01,2.117484e+01,2.129172e+01,2.142220e+01,2.137415e+01,2.139474e+01,2.136041e+01,2.142906e+01,2.137415e+01,2.140161e+01,2.139474e+01,2.147708e+01,2.136728e+01,2.134668e+01,2.136728e+01,2.139474e+01,2.133981e+01,2.135355e+01,2.134668e+01,2.136041e+01,2.142220e+01,2.132607e+01,2.142220e+01,2.142906e+01,2.133294e+01,2.133981e+01,2.146336e+01,2.137415e+01,2.141533e+01,2.135355e+01,2.134668e+01,2.132607e+01,2.132607e+01,2.136728e+01,2.130546e+01,2.132607e+01,2.136041e+01,2.138101e+01,2.136041e+01,2.138101e+01,2.129859e+01,2.135355e+01,2.131233e+01,2.130546e+01,2.139474e+01,2.129859e+01,2.143592e+01,2.128485e+01,2.142220e+01,2.140847e+01,2.135355e+01,2.139474e+01,2.138101e+01,2.146336e+01,2.127110e+01,2.125736e+01,2.127110e+01,2.127110e+01,2.121611e+01,2.126423e+01,2.118172e+01,2.124361e+01,2.129859e+01,2.122298e+01,2.122298e+01,2.118860e+01,2.125048e+01,2.123674e+01,2.128485e+01,2.124361e+01,2.122986e+01,2.122986e+01,2.120923e+01,2.125736e+01,2.121611e+01,2.118172e+01,2.130546e+01,2.131920e+01,2.129172e+01,2.121611e+01,2.128485e+01,2.130546e+01,2.133981e+01,2.133294e+01,2.129859e+01,2.134668e+01,2.131920e+01,2.133294e+01,2.117484e+01,2.137415e+01,2.129859e+01,2.128485e+01,2.135355e+01,2.132607e+01,2.127798e+01,2.125048e+01,2.129859e+01,2.137415e+01,2.135355e+01,2.133294e+01,2.139474e+01,2.133981e+01,2.136041e+01,2.131233e+01,2.131233e+01,2.121611e+01,2.119548e+01,2.129172e+01,2.130546e+01,2.134668e+01,2.121611e+01,2.133981e+01,2.129172e+01,2.130546e+01,2.132607e+01,2.103716e+01,2.133294e+01,2.142220e+01,2.139474e+01,2.127110e+01,2.131233e+01,2.127110e+01,2.130546e+01,2.136041e+01,2.125048e+01,2.140161e+01,2.125048e+01,2.134668e+01,2.149766e+01,2.137415e+01,2.131920e+01,2.132607e+01,2.126423e+01,2.127110e+01,2.130546e+01,2.131233e+01,2.131233e+01,2.130546e+01,2.135355e+01,2.125048e+01,2.137415e+01,2.133294e+01,2.132607e+01,2.131233e+01,2.127798e+01,2.129859e+01,2.137415e+01,2.127110e+01,2.129172e+01,2.130546e+01,2.133294e+01,2.131233e+01,2.134668e+01,2.134668e+01,2.131920e+01,2.138101e+01,2.129859e+01,2.131233e+01,2.131233e+01,2.127110e+01,2.136728e+01,2.119548e+01,2.120923e+01,2.117484e+01,2.126423e+01,2.125736e+01,2.121611e+01,2.122986e+01,2.122986e+01,2.137415e+01,2.121611e+01,2.122986e+01,2.133294e+01,2.120235e+01,2.113355e+01,2.131920e+01,2.120235e+01,2.120235e+01,2.125736e+01,2.132607e+01,2.127110e+01,2.127798e+01,2.134668e+01,2.130546e+01,2.119548e+01,2.127110e+01,2.126423e+01,2.140847e+01,2.134668e+01,2.121611e+01,2.142906e+01,2.128485e+01,2.144964e+01,2.142906e+01,2.135355e+01,2.143592e+01,2.152508e+01,2.151137e+01,2.138788e+01,2.157306e+01,2.149080e+01,2.149080e+01,2.150451e+01,2.145650e+01,2.141533e+01,2.152508e+01,2.147022e+01,2.151137e+01,2.150451e+01,2.149080e+01,2.150451e+01,2.143592e+01,2.142906e+01,2.151137e+01,2.142220e+01,2.142906e+01,2.136728e+01,2.142220e+01,2.139474e+01,2.139474e+01,2.139474e+01,2.141533e+01,2.137415e+01,2.131233e+01,2.131920e+01,2.127798e+01,2.131233e+01,2.131233e+01,2.127798e+01,2.125736e+01,2.119548e+01,2.117484e+01,2.116108e+01,2.105094e+01,2.114044e+01,2.122298e+01,2.120923e+01,2.114044e+01,2.116796e+01,2.120923e+01,2.115420e+01,2.127798e+01,2.116108e+01,2.124361e+01,2.120923e+01,2.113355e+01,2.118172e+01,2.127798e+01,2.126423e+01,2.133294e+01,2.136041e+01,2.124361e+01,2.127110e+01,2.135355e+01,2.125736e+01,2.137415e+01,2.133294e+01,2.138788e+01,2.143592e+01,2.148394e+01,2.130546e+01,2.136041e+01,2.132607e+01,2.142906e+01,2.140161e+01,2.136041e+01,2.140847e+01,2.157991e+01,2.147708e+01,2.142906e+01,2.152508e+01,2.159362e+01,2.143592e+01,2.147022e+01,2.147708e+01,2.139474e+01,2.139474e+01,2.140847e+01,2.147708e+01,2.141533e+01,2.152508e+01,2.144278e+01,2.155936e+01,2.138101e+01,2.151823e+01,2.140161e+01,2.140847e+01,2.164841e+01,2.145650e+01,2.148394e+01,2.133981e+01,2.140847e+01,2.141533e+01,2.142220e+01,2.133981e+01,2.153194e+01,2.155250e+01,2.142906e+01,2.143592e+01,2.155936e+01,2.146336e+01,2.137415e+01,2.149080e+01,2.137415e+01,2.148394e+01,2.153880e+01,2.140847e+01,2.147708e+01,2.138101e+01,2.144964e+01,2.152508e+01,2.144278e+01,2.145650e+01,2.137415e+01,2.140161e+01,2.144964e+01,2.159362e+01,2.138101e+01,2.144278e+01,2.153194e+01,2.140161e+01,2.144964e+01,2.161417e+01
2.141533e+01,2.133981e+01,2.132607e+01,2.126423e+01,2.141533e+01,2.130546e+01,2.124361e+01,2.129172e+01,2.120235e+01,2.123674e+01,2.133294e+01,2.135355e+01,2.136041e+01,2.130546e+01,2.125736e+01,2.128485e+01,2.133294e+01,2.128485e+01,2.133294e+01,2.124361e+01,2.122298e+01,2.142220e+01,2.140161e+01,2.137415e+01,2.129859e+01,2.117484e+01,2.138788e+01,2.131920e+01,2.116796e+01,2.125736e+01,2.132607e+01,2.133294e+01,2.122298e+01,2.120923e+01,2.124361e+01,2.127110e+01,2.126423e+01,2.126423e+01,2.127798e+01,2.127110e+01,2.129859e+01,2.126423e+01,2.128485e+01,2.157306e+01,2.109914e+01,2.138788e+01,2.122298e+01,2.133294e+01,2.117484e+01,2.138101e+01,2.118172e+01,2.127110e+01,2.131920e+01,2.126423e+01,2.125736e+01,2.127798e+01,2.120923e+01,2.122986e+01,2.124361e+01,2.116108e+01,2.120923e+01,2.114732e+01,2.120235e+01,2.117484e+01,2.125048e+01,2.125048e+01,2.109225e+01,2.112667e+01,2.113355e+01,2.127110e+01,2.119548e+01,2.118860e+01,2.119548e+01,2.148394e+01,2.139474e+01,2.140161e+01,2.138788e+01,2.138788e+01,2.140161e+01,2.144964e+01,2.149080e+01,2.138101e+01,2.121611e+01,2.119548e+01,2.121611e+01,2.116108e+01,2.123674e+01,2.097514e+01,2.116796e+01,2.119548e+01,2.110602e+01,2.116108e+01,2.129172e+01,2.129172e+01,2.128485e+01,2.110602e+01,2.110602e+01,2.127110e+01,2.127798e+01,2.130546e+01,2.125048e+01,2.142220e+01,2.143592e+01,2.117484e+01,2.114732e+01,2.127110e+01,2.132607e+01,2.127798e+01,2.134668e+01,2.134668e+01,2.126423e+01,2.142220e+01,2.124361e+01,2.130546e+01,2.118172e+01,2.120235e+01,2.116796e+01,2.113355e+01,2.128485e+01,2.127798e+01,2.125736e+01,2.128485e+01,2.127110e+01,2.119548e+01,2.118172e+01,2.101649e+01,2.121611e+01,2.117484e+01,2.118172e+01,2.125048e+01,2.124361e+01,2.109225e+01,2.122986e+01,2.129859e+01,2.118860e+01,2.116108e+01,2.119548e+01,2.129172e+01,2.127798e+01,2.130546e+01,2.128485e+01,2.110602e+01,2.117484e+01,2.126423e+01,2.125048e+01,2.122986e+01,2.112667e+01,2.130546e+01,2.125048e+01,2.119548e+01,2.128485e+01,2.122986e+01,2.117484e+01,2.129859e+01,2.124361e+01,2.122986e+01,2.110602e+01,2.129172e+01,2.131920e+01,2.123674e+01,2.131920e+01,2.127110e+01,2.131233e+01,2.123674e+01,2.139474e+01,2.138788e+01,2.138101e+01,2.143592e+01,2.140161e+01,2.129859e+01,2.136041e+01,2.131920e+01,2.135355e+01,2.139474e+01,2.150451e+01,2.142220e+01,2.152508e+01,2.151137e+01,2.149080e+01,2.155936e+01,2.153880e+01,2.162787e+01,2.262292e+01,2.270428e+01,2.154565e+01,2.130546e+01,2.146336e+01,2.125736e+01,2.129859e+01,2.133981e+01,2.129172e+01,2.129859e+01,2.127798e+01,2.139474e+01,2.127798e+01,2.127110e+01,2.117484e+01,2.127110e+01,2.156621e+01,2.144964e+01,2.162787e+01,2.198338e+01,2.266361e+01,2.293444e+01,2.439147e+01,2.499645e+01,2.399065e+01,2.286680e+01,2.196291e+01,2.218112e+01,2.211298e+01,2.181262e+01,2.171002e+01,2.163472e+01,2.155250e+01,2.177159e+01,2.192877e+01,2.254150e+01,2.373599e+01,2.229685e+01,2.206525e+01,2.260936e+01,2.195608e+01,2.196973e+01,2.261614e+01,2.368230e+01,2.453805e+01,2.459130e+01,2.563750e+01,2.569678e+01,2.382989e+01,2.194925e+01,2.178527e+01,2.155936e+01,2.179211e+01,2.172371e+01,2.175107e+01,2.171686e+01,2.192194e+01,2.221517e+01,2.259579e+01,2.320457e+01,2.306284e+01,2.277203e+01,2.229004e+01,2.296825e+01,2.199021e+01,2.214024e+01,2.275848e+01,2.403080e+01,2.435145e+01,2.288710e+01,2.188096e+01,2.175791e+01,2.197656e+01,2.197656e+01,2.175107e+01,2.206525e+01,2.189462e+01,2.179894e+01,2.184679e+01,2.205843e+01,2.234447e+01,2.230365e+01,2.205161e+01,2.207889e+01,2.200386e+01,2.246002e+01,2.209252e+01,2.157991e+01,2.143592e+01,2.143592e+01,2.119548e+01,2.117484e+01,2.135355e+01,2.118172e+01,2.118860e+01,2.142220e+01,2.148394e+01,2.140847e+01,2.178527e+01,2.222879e+01,2.259579e+01,2.242604e+01,2.223560e+01,2.246681e+01,2.382989e+01,2.350089e+01,2.298177e+01,2.233767e+01,2.197656e+01,2.184679e+01,2.254829e+01,2.181945e+01,2.127798e+01,2.116108e+01,2.107160e+01,2.117484e+01,2.106471e+01,2.106471e+01,2.104405e+01,2.105782e+01,2.120235e+01,2.106471e+01,2.114044e+01,2.119548e+01,2.141533e+01,2.142220e+01,2.138101e+01,2.136041e+01,2.128485e+01,2.147708e+01,2.135355e+01,2.133294e+01,2.134668e+01,2.139474e+01,2.133981e+01,2.140847e+01,2.143592e+01,2.149766e+01,2.136041e+01,2.139474e+01,2.132607e+01,2.139474e+01,2.139474e+01,2.133294e+01,2.139474e+01,2.138101e+01,2.145650e+01,2.131233e+01,2.142220e+01,2.134668e+01,2.143592e+01,2.134668e+01,2.136728e+01,2.134668e+01,2.127110e+01,2.142220e+01,2.144964e+01,2.133981e+01,2.133294e+01,2.132607e+01,2.133981e+01,2.134668e+01,2.141533e+01,2.131920e+01,2.131233e+01,2.131920e+01,2.132607e+01,2.130546e+01,2.131920e+01,2.131233e+01,2.133981e+01,2.138788e+01,2.127110e+01,2.139474e+01,2.133981e+01,2.139474e+01,2.139474e+01,2.136041e+01,2.134668e+01,2.127798e+01,2.140847e+01,2.127798e+01,2.128485e+01,2.141533e+01,2.120235e+01,2.133981e+01,2.131920e+01,2.120923e+01,2.137415e+01,2.123674e+01,2.127110e+01,2.121611e+01,2.127798e+01,2.124361e+01,2.122986e+01,2.130546e+01,2.111979e+01,2.122298e+01,2.115420e+01,2.122986e+01,2.118860e+01,2.129859e+01,2.130546e+01,2.125736e+01,2.118860e+01,2.110602e+01,2.123674e+01,2.121611e+01,2.141533e+01,2.127798e+01,2.136041e+01,2.135355e+01,2.132607e+01,2.131920e+01,2.129859e+01,2.120923e+01,2.132607e+01,2.127110e+01,2.129172e+01,2.129172e+01,2.132607e+01,2.132607e+01,2.126423e+01,2.133294e+01,2.136041e+01,2.123674e+01,2.129172e+01,2.130546e+01,2.126423e+01,2.126423e+01,2.127110e+01,2.126423e+01,2.125048e+01,2.136041e+01,2.135355e+01,2.123674e+01,2.124361e+01,2.120235e+01,2.118860e+01,2.133294e+01,2.131233e+01,2.126423e+01,2.135355e+01,2.134668e+01,2.129172e+01,2.127798e+01,2.129859e+01,2.129859e+01,2.123674e+01,2.133294e+01,2.126423e+01,2.133981e+01,2.127798e+01,2.127110e+01,2.128485e+01,2.125736e+01,2.127798e+01,2.123674e+01,2.133981e+01,2.131233e+01,2.140161e+01,2.125048e+01,2.126423e+01,2.127110e+01,2.133294e+01,2.133981e+01,2.121611e+01,2.118860e+01,2.131920e+01,2.132607e+01,2.127110e+01,2.125736e+01,2.129859e+01,2.131920e+01,2.121611e+01,2.122298e+01,2.131233e+01,2.129172e+01,2.130546e+01,2.131233e+01,2.130546e+01,2.133294e+01,2.136041e+01,2.125736e+01,2.140847e+01,2.128485e+01,2.131233e+01,2.127798e+01,2.133981e+01,2.128485e+01,2.129859e+01,2.130546e+01,2.126423e+01,2.129172e+01,2.125736e+01,2.134668e+01,2.129859e+01,2.124361e+01,2.124361e+01,2.122986e+01,2.123674e+01,2.129859e+01,2.127798e+01,2.125736e+01,2.118860e+01,2.125736e+01,2.133294e+01,2.124361e+01,2.124361e+01,2.125736e+01,2.120923e+01,2.118172e+01,2.120235e+01,2.109914e+01,2.128485e+01,2.131920e+01,2.117484e+01,2.105094e+01,2.123674e+01,2.128485e+01,2.125736e+01,2.130546e+01,2.133981e+01,2.131920e+01,2.141533e+01,2.140161e+01,2.142906e+01,2.140161e+01,2.133981e+01,2.144964e+01,2.145650e+01,2.155250e+01,2.154565e+01,2.143592e+01,2.146336e+01,2.156621e+01,2.147022e+01,2.140847e+01,2.154565e+01,2.140847e+01,2.147708e+01,2.147708e+01,2.146336e+01,2.149080e+01,2.142906e+01,2.151137e+01,2.149766e+01,2.142220e+01,2.147708e+01,2.142906e+01,2.147708e+01,2.142220e+01,2.142220e+01,2.125736e+01,2.124361e+01,2.122986e+01,2.133294e+01,2.136041e+01,2.134668e+01,2.119548e+01,2.121611e+01,2.130546e+01,2.139474e+01,2.126423e+01,2.127798e+01,2.120235e+01,2.118860e+01,2.119548e+01,2.107848e+01,2.116108e+01,2.119548e+01,2.112667e+01,2.111291e+01,2.116108e+01,2.120923e+01,2.114044e+01,2.114732e+01,2.124361e+01,2.110602e+01,2.123674e+01,2.120235e+01,2.122298e+01,2.127110e+01,2.118172e+01,2.131233e+01,2.120923e+01,2.120923e+01,2.131920e+01,2.136041e+01,2.138101e+01,2.142906e+01,2.139474e+01,2.140847e+01,2.140847e+01,2.131920e+01,2.153880e+01,2.137415e+01,2.152508e+01,2.141533e+01,2.138788e+01,2.144278e+01,2.140847e+01,2.145650e+01,2.141533e+01,2.140161e+01,2.149080e+01,2.139474e+01,2.150451e+01,2.145650e+01,2.129859e+01,2.150451e+01,2.142906e+01,2.140847e+01,2.134668e+01,2.139474e+01,2.129172e+01,2.124361e+01,2.138788e+01,2.136041e+01,2.141533e+01,2.153880e+01,2.146336e+01,2.142906e+01,2.148394e+01,2.145650e+01,2.138101e+01,2.144964e+01,2.142906e+01,2.140847e+01,2.143592e+01,2.144964e+01,2.142906e+01,2.145650e+01,2.141533e+01,2.154565e+01,2.129172e+01,2.161417e+01,2.142906e+01,2.138788e+01,2.141533e+01,2.152508e+01,2.142220e+01,2.138788e+01,2.147708e+01,2.142906e+01,2.146336e+01,2.134668e+01,2.144278e+01,2.133981e+01,2.157991e+01,2.163472e+01,2.152508e+01,2.132607e+01,2.147022e+01,2.150451e+01,2.149766e+01,2.155936e+01,2.164841e+01
2.136728e+01,2.133294e+01,2.123674e+01,2.140847e+01,2.122986e+01,2.138101e+01,2.133294e+01,2.134668e+01,2.127110e+01,2.127110e+01,2.127110e+01,2.133981e+01,2.125048e+01,2.134668e+01,2.127110e+01,2.127798e+01,2.127798e+01,2.146336e+01,2.120923e+01,2.121611e+01,2.124361e+01,2.125048e+01,2.118172e+01,2.116108e+01,2.133981e+01,2.131233e+01,2.130546e+01,2.121611e+01,2.141533e+01,2.138788e+01,2.136041e+01,2.127110e+01,2.133294e+01,2.122986e+01,2.128485e+01,2.119548e+01,2.128485e+01,2.124361e+01,2.127110e+01,2.128485e+01,2.129859e+01,2.116108e+01,2.129859e+01,2.144964e+01,2.118172e+01,2.132607e+01,2.119548e+01,2.127110e+01,2.124361e+01,2.136041e+01,2.142906e+01,2.125736e+01,2.133294e+01,2.129172e+01,2.131920e+01,2.125048e+01,2.127110e+01,2.123674e+01,2.138101e+01,2.125048e+01,2.131233e+01,2.129859e+01,2.116108e+01,2.127110e+01,2.118860e+01,2.104405e+01,2.115420e+01,2.122986e+01,2.119548e+01,2.103027e+01,2.118860e+01,2.118860e+01,2.129859e+01,2.119548e+01,2.123674e+01,2.146336e+01,2.144964e+01,2.147708e+01,2.145650e+01,2.151823e+01,2.140847e+01,2.135355e+01,2.120235e+01,2.125048e+01,2.130546e+01,2.127798e+01,2.127110e+01,2.118860e+01,2.122298e+01,2.115420e+01,2.104405e+01,2.119548e+01,2.119548e+01,2.118860e+01,2.127798e+01,2.120235e+01,2.120235e+01,2.124361e+01,2.124361e+01,2.129172e+01,2.132607e+01,2.144964e+01,2.125736e+01,2.135355e+01,2.127798e+01,2.127110e+01,2.130546e+01,2.123674e+01,2.142220e+01,2.140847e+01,2.143592e+01,2.125736e+01,2.140847e+01,2.126423e+01,2.127798e+01,2.131920e+01,2.120235e+01,2.118860e+01,2.122298e+01,2.126423e+01,2.132607e+01,2.123674e+01,2.135355e+01,2.124361e+01,2.119548e+01,2.127798e+01,2.116796e+01,2.120235e+01,2.120235e+01,2.122298e+01,2.121611e+01,2.122298e+01,2.114732e+01,2.122986e+01,2.104405e+01,2.115420e+01,2.120923e+01,2.125736e+01,2.123674e+01,2.129172e+01,2.126423e+01,2.124361e+01,2.127798e+01,2.122986e+01,2.128485e+01,2.126423e+01,2.127798e+01,2.124361e+01,2.124361e+01,2.125736e+01,2.129172e+01,2.109225e+01,2.127110e+01,2.131233e+01,2.125736e+01,2.116796e+01,2.128485e+01,2.118172e+01,2.130546e+01,2.125048e+01,2.129172e+01,2.136041e+01,2.136728e+01,2.136728e+01,2.127110e+01,2.132607e+01,2.135355e+01,2.133294e+01,2.130546e+01,2.122298e+01,2.128485e+01,2.140161e+01,2.133294e+01,2.147708e+01,2.147708e+01,2.150451e+01,2.145650e+01,2.147708e+01,2.147708e+01,2.153194e+01,2.151137e+01,2.179211e+01,2.256865e+01,2.300204e+01,2.171002e+01,2.131920e+01,2.126423e+01,2.129172e+01,2.132607e+01,2.132607e+01,2.131233e+01,2.130546e+01,2.135355e+01,2.133294e+01,2.130546e+01,2.129859e+01,2.145650e+01,2.137415e+01,2.151137e+01,2.160732e+01,2.161417e+01,2.160732e+01,2.205843e+01,2.310335e+01,2.477747e+01,2.398395e+01,2.226963e+01,2.179211e+01,2.218112e+01,2.199021e+01,2.196973e+01,2.178527e+01,2.171002e+01,2.164841e+01,2.175107e+01,2.176475e+01,2.182629e+01,2.243284e+01,2.453805e+01,2.255508e+01,2.218793e+01,2.286004e+01,2.241245e+01,2.258222e+01,2.389020e+01,2.459795e+01,2.394378e+01,2.382318e+01,2.513557e+01,2.514219e+01,2.315060e+01,2.175107e+01,2.184679e+01,2.188779e+01,2.171686e+01,2.173055e+01,2.169633e+01,2.173739e+01,2.214024e+01,2.258901e+01,2.372257e+01,2.333263e+01,2.266361e+01,2.196973e+01,2.191511e+01,2.201750e+01,2.201750e+01,2.216749e+01,2.261614e+01,2.294797e+01,2.273139e+01,2.216749e+01,2.196973e+01,2.201068e+01,2.195608e+01,2.214705e+01,2.214705e+01,2.244643e+01,2.235807e+01,2.175791e+01,2.183996e+01,2.229004e+01,2.218112e+01,2.225602e+01,2.188096e+01,2.173739e+01,2.178527e+01,2.183996e+01,2.172371e+01,2.147022e+01,2.154565e+01,2.144278e+01,2.144964e+01,2.139474e+01,2.164841e+01,2.164157e+01,2.152508e+01,2.151823e+01,2.147708e+01,2.177159e+01,2.252114e+01,2.273139e+01,2.255508e+01,2.250756e+01,2.245322e+01,2.288710e+01,2.350089e+01,2.261614e+01,2.241925e+01,2.209934e+01,2.193560e+01,2.191511e+01,2.285327e+01,2.151137e+01,2.142220e+01,2.125736e+01,2.127798e+01,2.140847e+01,2.127110e+01,2.108537e+01,2.113355e+01,2.104405e+01,2.122298e+01,2.120235e+01,2.118860e+01,2.140161e+01,2.140161e+01,2.138101e+01,2.136728e+01,2.140161e+01,2.138788e+01,2.137415e+01,2.134668e+01,2.144278e+01,2.131920e+01,2.138788e+01,2.147708e+01,2.146336e+01,2.138788e+01,2.140161e+01,2.136728e+01,2.144278e+01,2.139474e+01,2.148394e+01,2.147708e+01,2.148394e+01,2.137415e+01,2.137415e+01,2.140161e+01,2.147708e+01,2.138788e+01,2.138788e+01,2.144964e+01,2.145650e+01,2.138101e+01,2.132607e+01,2.144964e+01,2.133981e+01,2.139474e+01,2.140847e+01,2.132607e+01,2.136728e+01,2.135355e+01,2.136041e+01,2.144964e+01,2.136728e+01,2.140847e+01,2.131233e+01,2.132607e+01,2.138101e+01,2.146336e+01,2.138101e+01,2.129859e+01,2.132607e+01,2.127110e+01,2.138788e+01,2.133294e+01,2.135355e+01,2.122986e+01,2.137415e+01,2.138788e+01,2.131233e+01,2.135355e+01,2.130546e+01,2.131920e+01,2.131920e+01,2.127798e+01,2.125048e+01,2.134668e+01,2.120235e+01,2.129859e+01,2.120235e+01,2.131920e+01,2.127798e+01,2.117484e+01,2.112667e+01,2.120923e+01,2.125048e+01,2.126423e+01,2.120923e+01,2.121611e+01,2.122986e+01,2.120923e+01,2.128485e+01,2.121611e+01,2.111291e+01,2.122986e+01,2.123674e+01,2.120923e+01,2.125048e+01,2.125736e+01,2.127798e+01,2.133294e+01,2.131920e+01,2.115420e+01,2.122986e+01,2.124361e+01,2.122986e+01,2.131920e+01,2.128485e+01,2.134668e+01,2.136041e+01,2.125736e+01,2.123674e+01,2.135355e+01,2.129172e+01,2.123674e+01,2.127110e+01,2.129172e+01,2.126423e+01,2.128485e+01,2.117484e+01,2.131233e+01,2.125736e+01,2.142906e+01,2.136728e+01,2.121611e+01,2.137415e+01,2.131920e+01,2.122298e+01,2.135355e+01,2.130546e+01,2.125048e+01,2.125048e+01,2.129859e+01,2.130546e+01,2.129859e+01,2.122298e+01,2.136728e+01,2.126423e+01,2.124361e+01,2.129172e+01,2.125736e+01,2.129172e+01,2.134668e+01,2.135355e+01,2.131233e+01,2.125048e+01,2.132607e+01,2.129172e+01,2.126423e+01,2.127798e+01,2.127110e+01,2.122986e+01,2.124361e+01,2.140847e+01,2.121611e+01,2.134668e+01,2.136728e+01,2.136041e+01,2.120235e+01,2.132607e+01,2.129859e+01,2.122298e+01,2.137415e+01,2.127798e+01,2.124361e+01,2.130546e+01,2.140161e+01,2.128485e+01,2.132607e+01,2.116796e+01,2.129172e+01,2.128485e+01,2.125048e+01,2.131233e+01,2.127798e+01,2.135355e+01,2.126423e+01,2.136041e+01,2.128485e+01,2.122298e+01,2.131920e+01,2.134668e+01,2.130546e+01,2.129859e+01,2.132607e+01,2.133294e+01,2.135355e+01,2.128485e+01,2.123674e+01,2.129172e+01,2.125736e+01,2.122298e+01,2.125736e+01,2.128485e+01,2.123674e+01,2.123674e+01,2.141533e+01,2.155936e+01,2.125736e+01,2.127798e+01,2.114044e+01,2.114732e+01,2.119548e+01,2.127798e+01,2.121611e+01,2.127110e+01,2.129859e+01,2.122298e+01,2.108537e+01,2.129172e+01,2.131920e+01,2.130546e+01,2.131233e+01,2.134668e+01,2.139474e+01,2.145650e+01,2.140161e+01,2.144964e+01,2.141533e+01,2.147708e+01,2.136728e+01,2.149766e+01,2.145650e+01,2.150451e+01,2.153880e+01,2.147708e+01,2.146336e+01,2.140847e+01,2.155250e+01,2.154565e+01,2.145650e+01,2.142220e+01,2.147022e+01,2.145650e+01,2.148394e+01,2.147708e+01,2.147708e+01,2.149766e+01,2.151137e+01,2.143592e+01,2.144278e+01,2.140847e+01,2.138101e+01,2.136728e+01,2.139474e+01,2.140161e+01,2.123674e+01,2.140847e+01,2.136041e+01,2.132607e+01,2.123674e+01,2.127110e+01,2.121611e+01,2.120923e+01,2.125736e+01,2.114732e+01,2.120923e+01,2.127798e+01,2.124361e+01,2.127798e+01,2.109914e+01,2.126423e+01,2.109914e+01,2.113355e+01,2.112667e+01,2.127110e+01,2.118860e+01,2.118172e+01,2.120235e+01,2.117484e+01,2.124361e+01,2.125736e+01,2.122986e+01,2.127110e+01,2.142220e+01,2.130546e+01,2.136041e+01,2.127798e+01,2.142906e+01,2.133981e+01,2.143592e+01,2.126423e+01,2.135355e+01,2.128485e+01,2.145650e+01,2.148394e+01,2.133981e+01,2.151137e+01,2.155936e+01,2.151137e+01,2.140847e+01,2.142906e+01,2.140847e+01,2.142220e+01,2.144278e+01,2.140847e+01,2.151137e+01,2.144964e+01,2.144964e+01,2.143592e+01,2.128485e+01,2.135355e+01,2.149766e+01,2.142906e+01,2.158677e+01,2.147022e+01,2.140847e+01,2.144964e+01,2.141533e+01,2.144278e+01,2.140847e+01,2.147022e+01,2.147708e+01,2.130546e+01,2.140161e+01,2.138788e+01,2.144964e+01,2.142906e+01,2.144278e+01,2.140161e+01,2.147708e+01,2.148394e+01,2.148394e+01,2.144964e+01,2.151137e+01,2.155936e+01,2.143592e+01,2.131920e+01,2.133294e+01,2.148394e+01,2.135355e+01,2.145650e+01,2.140847e+01,2.139474e+01,2.146336e+01,2.146336e+01,2.146336e+01,2.133294e+01,2.140847e+01,2.140847e+01,2.145650e+01,2.153194e+01,2.144278e+01,2.160732e+01,2.153194e+01,2.142906e+01,2.155936e+01,2.165526e+01
2.132607e+01,2.138101e+01,2.122986e+01,2.122986e+01,2.121611e+01,2.130546e+01,2.129172e+01,2.133294e+01,2.127798e+01,2.136728e+01,2.133981e+01,2.124361e+01,2.128485e+01,2.133981e+01,2.129859e+01,2.137415e+01,2.128485e+01,2.125736e+01,2.118860e+01,2.125048e+01,2.129172e+01,2.131233e+01,2.112667e+01,2.120235e+01,2.130546e+01,2.125048e+01,2.127110e+01,2.131920e+01,2.125736e+01,2.128485e+01,2.126423e+01,2.122298e+01,2.130546e+01,2.129859e+01,2.126423e+01,2.122986e+01,2.125736e+01,2.124361e+01,2.129859e+01,2.125736e+01,2.130546e+01,2.130546e+01,2.131920e+01,2.131920e+01,2.142906e+01,2.133294e+01,2.125736e+01,2.131920e+01,2.139474e+01,2.119548e+01,2.128485e+01,2.129859e+01,2.125048e+01,2.144278e+01,2.127110e+01,2.127798e+01,2.131233e+01,2.122298e+01,2.138788e+01,2.114732e+01,2.134668e+01,2.122986e+01,2.117484e+01,2.117484e+01,2.119548e+01,2.116108e+01,2.114044e+01,2.124361e+01,2.120235e+01,2.118860e+01,2.121611e+01,2.119548e+01,2.127798e+01,2.120235e+01,2.143592e+01,2.134668e+01,2.144278e+01,2.140161e+01,2.136041e+01,2.143592e+01,2.128485e+01,2.129859e+01,2.122298e+01,2.127110e+01,2.129172e+01,2.129172e+01,2.129859e+01,2.127110e+01,2.118860e+01,2.121611e+01,2.120923e+01,2.121611e+01,2.120235e+01,2.113355e+01,2.129859e+01,2.125736e+01,2.128485e+01,2.122298e+01,2.126423e+01,2.122986e+01,2.122298e+01,2.137415e+01,2.134668e+01,2.130546e+01,2.143592e+01,2.125048e+01,2.127110e+01,2.134668e+01,2.125048e+01,2.132607e+01,2.126423e+01,2.129172e+01,2.118172e+01,2.130546e+01,2.127110e+01,2.119548e+01,2.128485e+01,2.128485e+01,2.126423e+01,2.127798e+01,2.127110e+01,2.122986e+01,2.125048e+01,2.122298e+01,2.121611e+01,2.106471e+01,2.122986e+01,2.114732e+01,2.126423e+01,2.115420e+01,2.114732e+01,2.120235e+01,2.110602e+01,2.117484e+01,2.118860e+01,2.109914e+01,2.121611e+01,2.125048e+01,2.118172e+01,2.125736e+01,2.108537e+01,2.125736e+01,2.128485e+01,2.127798e+01,2.117484e+01,2.127110e+01,2.127110e+01,2.128485e+01,2.126423e+01,2.124361e+01,2.121611e+01,2.126423e+01,2.127798e+01,2.134668e+01,2.125048e+01,2.132607e+01,2.131920e+01,2.127798e+01,2.130546e+01,2.130546e+01,2.127798e+01,2.133294e+01,2.120235e+01,2.141533e+01,2.133294e+01,2.142220e+01,2.146336e+01,2.133981e+01,2.142220e+01,2.133981e+01,2.139474e+01,2.128485e+01,2.140847e+01,2.131920e+01,2.130546e+01,2.146336e+01,2.151823e+01,2.142906e+01,2.151823e+01,2.151823e+01,2.155936e+01,2.175791e+01,2.254829e+01,2.330568e+01,2.179211e+01,2.137415e+01,2.127798e+01,2.128485e+01,2.125048e+01,2.124361e+01,2.125048e+01,2.132607e+01,2.127110e+01,2.129859e+01,2.130546e+01,2.135355e+01,2.132607e+01,2.136728e+01,2.143592e+01,2.144964e+01,2.151137e+01,2.162102e+01,2.196291e+01,2.229685e+01,2.293444e+01,2.281266e+01,2.198338e+01,2.188096e+01,2.220155e+01,2.194243e+01,2.183996e+01,2.173739e+01,2.185363e+01,2.172371e+01,2.168949e+01,2.173739e+01,2.171686e+01,2.201068e+01,2.301556e+01,2.226282e+01,2.216749e+01,2.279912e+01,2.258901e+01,2.311686e+01,2.456468e+01,2.423800e+01,2.297501e+01,2.344035e+01,2.378966e+01,2.391699e+01,2.220155e+01,2.162102e+01,2.194925e+01,2.183996e+01,2.173055e+01,2.174423e+01,2.177843e+01,2.177843e+01,2.222198e+01,2.271783e+01,2.329221e+01,2.330568e+01,2.267717e+01,2.183996e+01,2.166895e+01,2.163472e+01,2.204479e+01,2.211979e+01,2.204479e+01,2.203115e+01,2.220836e+01,2.224921e+01,2.259579e+01,2.248039e+01,2.209934e+01,2.239206e+01,2.277203e+01,2.298177e+01,2.268395e+01,2.219474e+01,2.217430e+01,2.225602e+01,2.219474e+01,2.200386e+01,2.190145e+01,2.190145e+01,2.189462e+01,2.192194e+01,2.171686e+01,2.167580e+01,2.150451e+01,2.149080e+01,2.160047e+01,2.222198e+01,2.326525e+01,2.291416e+01,2.226282e+01,2.205161e+01,2.222879e+01,2.198338e+01,2.237167e+01,2.368230e+01,2.390360e+01,2.389020e+01,2.362858e+01,2.419793e+01,2.306284e+01,2.226282e+01,2.223560e+01,2.215387e+01,2.214705e+01,2.200386e+01,2.211979e+01,2.140847e+01,2.152508e+01,2.130546e+01,2.123674e+01,2.144278e+01,2.135355e+01,2.136041e+01,2.120923e+01,2.118860e+01,2.118172e+01,2.114044e+01,2.120923e+01,2.120923e+01,2.142906e+01,2.144278e+01,2.133981e+01,2.147022e+01,2.135355e+01,2.142906e+01,2.136728e+01,2.138101e+01,2.142906e+01,2.129172e+01,2.141533e+01,2.136041e+01,2.134668e+01,2.142220e+01,2.139474e+01,2.134668e+01,2.141533e+01,2.131920e+01,2.140847e+01,2.141533e+01,2.144278e+01,2.142906e+01,2.136728e+01,2.142220e+01,2.147022e+01,2.140847e+01,2.141533e+01,2.141533e+01,2.124361e+01,2.135355e+01,2.142906e+01,2.142906e+01,2.131233e+01,2.133294e+01,2.148394e+01,2.131920e+01,2.137415e+01,2.138101e+01,2.131233e+01,2.133981e+01,2.133294e+01,2.136041e+01,2.136041e+01,2.136728e+01,2.131233e+01,2.139474e+01,2.129172e+01,2.131233e+01,2.131920e+01,2.129859e+01,2.141533e+01,2.136728e+01,2.135355e+01,2.136041e+01,2.135355e+01,2.137415e+01,2.132607e+01,2.136041e+01,2.139474e+01,2.130546e+01,2.139474e+01,2.121611e+01,2.113355e+01,2.128485e+01,2.135355e+01,2.125736e+01,2.118860e+01,2.118172e+01,2.123674e+01,2.129172e+01,2.125736e+01,2.126423e+01,2.116108e+01,2.125048e+01,2.127110e+01,2.132607e+01,2.116796e+01,2.133981e+01,2.131920e+01,2.127798e+01,2.129859e+01,2.123674e+01,2.115420e+01,2.133294e+01,2.125048e+01,2.128485e+01,2.137415e+01,2.117484e+01,2.118860e+01,2.132607e+01,2.131920e+01,2.125048e+01,2.129172e+01,2.128485e+01,2.127110e+01,2.138101e+01,2.133981e+01,2.121611e+01,2.129859e+01,2.131920e+01,2.128485e+01,2.125048e+01,2.128485e+01,2.128485e+01,2.124361e+01,2.129859e+01,2.124361e+01,2.133981e+01,2.133294e+01,2.136728e+01,2.136728e+01,2.129859e+01,2.120235e+01,2.129859e+01,2.129859e+01,2.137415e+01,2.128485e+01,2.131920e+01,2.131233e+01,2.138788e+01,2.122986e+01,2.129172e+01,2.131233e+01,2.125736e+01,2.129859e+01,2.129859e+01,2.129172e+01,2.128485e+01,2.125048e+01,2.131920e+01,2.130546e+01,2.126423e+01,2.129172e+01,2.128485e+01,2.127110e+01,2.131920e+01,2.129172e+01,2.133981e+01,2.133981e+01,2.136728e+01,2.131920e+01,2.133981e+01,2.133294e+01,2.113355e+01,2.131920e+01,2.130546e+01,2.133294e+01,2.140161e+01,2.131233e+01,2.139474e+01,2.129859e+01,2.129859e+01,2.130546e+01,2.127798e+01,2.127110e+01,2.131233e+01,2.121611e+01,2.131233e+01,2.131920e+01,2.133981e+01,2.130546e+01,2.122986e+01,2.126423e+01,2.126423e+01,2.131920e+01,2.137415e+01,2.138101e+01,2.122298e+01,2.121611e+01,2.131920e+01,2.128485e+01,2.131920e+01,2.125048e+01,2.129859e+01,2.131233e+01,2.124361e+01,2.125736e+01,2.121611e+01,2.127110e+01,2.120235e+01,2.128485e+01,2.121611e+01,2.124361e+01,2.122298e+01,2.135355e+01,2.122986e+01,2.117484e+01,2.129859e+01,2.127798e+01,2.125736e+01,2.129172e+01,2.131233e+01,2.122298e+01,2.123674e+01,2.129859e+01,2.125048e+01,2.127110e+01,2.127110e+01,2.133981e+01,2.141533e+01,2.131920e+01,2.141533e+01,2.140161e+01,2.134668e+01,2.109914e+01,2.143592e+01,2.147708e+01,2.141533e+01,2.144278e+01,2.146336e+01,2.155250e+01,2.147708e+01,2.144964e+01,2.154565e+01,2.154565e+01,2.142220e+01,2.140161e+01,2.144964e+01,2.149080e+01,2.144964e+01,2.145650e+01,2.149080e+01,2.149766e+01,2.141533e+01,2.151823e+01,2.148394e+01,2.144278e+01,2.149080e+01,2.144964e+01,2.133294e+01,2.135355e+01,2.137415e+01,2.138101e+01,2.138788e+01,2.127798e+01,2.123674e+01,2.128485e+01,2.131233e+01,2.122986e+01,2.116108e+01,2.113355e+01,2.116796e+01,2.127110e+01,2.118172e+01,2.119548e+01,2.118860e+01,2.112667e+01,2.113355e+01,2.127110e+01,2.125736e+01,2.125736e+01,2.113355e+01,2.106471e+01,2.112667e+01,2.104405e+01,2.121611e+01,2.118860e+01,2.125736e+01,2.121611e+01,2.120235e+01,2.136728e+01,2.131920e+01,2.125048e+01,2.138788e+01,2.125048e+01,2.133981e+01,2.140161e+01,2.127110e+01,2.141533e+01,2.135355e+01,2.141533e+01,2.134668e+01,2.132607e+01,2.133294e+01,2.146336e+01,2.136041e+01,2.138788e+01,2.144278e+01,2.147708e+01,2.146336e+01,2.145650e+01,2.147022e+01,2.149080e+01,2.140161e+01,2.156621e+01,2.143592e+01,2.142220e+01,2.142220e+01,2.145650e+01,2.139474e+01,2.147708e+01,2.145650e+01,2.144964e+01,2.139474e+01,2.136041e+01,2.138788e+01,2.149080e+01,2.141533e+01,2.147022e+01,2.142220e+01,2.136728e+01,2.144278e+01,2.144278e+01,2.144964e+01,2.142906e+01,2.139474e+01,2.133294e+01,2.140161e+01,2.135355e+01,2.140847e+01,2.160047e+01,2.133981e+01,2.146336e+01,2.134668e+01,2.138101e+01,2.147022e+01,2.140161e+01,2.138788e+01,2.148394e+01,2.142906e+01,2.146336e+01,2.144278e+01,2.144278e+01,2.129859e+01,2.148394e+01,2.142906e+01,2.137415e+01,2.158677e+01,2.153880e+01,2.153194e+01,2.149080e+01,2.146336e+01,2.153880e+01,2.160732e+01
2.133294e+01,2.136041e+01,2.125736e+01,2.128485e+01,2.124361e+01,2.129172e+01,2.127798e+01,2.125736e+01,2.142220e+01,2.131233e+01,2.142220e+01,2.141533e+01,2.126423e+01,2.133294e+01,2.128485e+01,2.127798e+01,2.125048e+01,2.126423e+01,2.127110e+01,2.122298e+01,2.127110e+01,2.125736e+01,2.129859e+01,2.127110e+01,2.130546e+01,2.122298e+01,2.129859e+01,2.129172e+01,2.131233e+01,2.139474e+01,2.122986e+01,2.122298e+01,2.128485e+01,2.129172e+01,2.122298e+01,2.128485e+01,2.122986e+01,2.125048e+01,2.123674e+01,2.140847e+01,2.127110e+01,2.126423e+01,2.146336e+01,2.155250e+01,2.133294e+01,2.130546e+01,2.131920e+01,2.131920e+01,2.126423e+01,2.149080e+01,2.127110e+01,2.122298e+01,2.129859e+01,2.127110e+01,2.141533e+01,2.139474e+01,2.128485e+01,2.134668e+01,2.125048e+01,2.121611e+01,2.126423e+01,2.122986e+01,2.118172e+01,2.105782e+01,2.098893e+01,2.112667e+01,2.116108e+01,2.114732e+01,2.118172e+01,2.121611e+01,2.122298e+01,2.123674e+01,2.127798e+01,2.134668e+01,2.123674e+01,2.136041e+01,2.143592e+01,2.148394e+01,2.122986e+01,2.123674e+01,2.149766e+01,2.118172e+01,2.122298e+01,2.133981e+01,2.127798e+01,2.127798e+01,2.122298e+01,2.124361e+01,2.117484e+01,2.129859e+01,2.121611e+01,2.119548e+01,2.125736e+01,2.130546e+01,2.123674e+01,2.126423e+01,2.120235e+01,2.129172e+01,2.109914e+01,2.122986e+01,2.136728e+01,2.124361e+01,2.127798e+01,2.133294e+01,2.122986e+01,2.122986e+01,2.138788e+01,2.138788e+01,2.134668e+01,2.137415e+01,2.131920e+01,2.126423e+01,2.128485e+01,2.122986e+01,2.117484e+01,2.118172e+01,2.127798e+01,2.121611e+01,2.107160e+01,2.116796e+01,2.127110e+01,2.125048e+01,2.122298e+01,2.122986e+01,2.107848e+01,2.120235e+01,2.118860e+01,2.110602e+01,2.112667e+01,2.116108e+01,2.115420e+01,2.109225e+01,2.115420e+01,2.116108e+01,2.114732e+01,2.125048e+01,2.120923e+01,2.118172e+01,2.127798e+01,2.128485e+01,2.127798e+01,2.129859e+01,2.123674e+01,2.129172e+01,2.127110e+01,2.122298e+01,2.129172e+01,2.131233e+01,2.120235e+01,2.138788e+01,2.133981e+01,2.133294e+01,2.127110e+01,2.109225e+01,2.119548e+01,2.123674e+01,2.131233e+01,2.127798e+01,2.131920e+01,2.131233e+01,2.130546e+01,2.132607e+01,2.120923e+01,2.133294e+01,2.131233e+01,2.131233e+01,2.131920e+01,2.133981e+01,2.128485e+01,2.141533e+01,2.142906e+01,2.139474e+01,2.140161e+01,2.128485e+01,2.144964e+01,2.147708e+01,2.150451e+01,2.142906e+01,2.151823e+01,2.130546e+01,2.153880e+01,2.167580e+01,2.231046e+01,2.329221e+01,2.199021e+01,2.141533e+01,2.126423e+01,2.132607e+01,2.127798e+01,2.137415e+01,2.125736e+01,2.133294e+01,2.132607e+01,2.128485e+01,2.128485e+01,2.133294e+01,2.129859e+01,2.130546e+01,2.153194e+01,2.155936e+01,2.164841e+01,2.162102e+01,2.161417e+01,2.179894e+01,2.197656e+01,2.195608e+01,2.164841e+01,2.179894e+01,2.174423e+01,2.171686e+01,2.188096e+01,2.173055e+01,2.169633e+01,2.180578e+01,2.158677e+01,2.160047e+01,2.162102e+01,2.179894e+01,2.215387e+01,2.224240e+01,2.239206e+01,2.269750e+01,2.254829e+01,2.307635e+01,2.327199e+01,2.241245e+01,2.298177e+01,2.325851e+01,2.325851e+01,2.226282e+01,2.183996e+01,2.156621e+01,2.175791e+01,2.171686e+01,2.179211e+01,2.175107e+01,2.199021e+01,2.196973e+01,2.197656e+01,2.220836e+01,2.274494e+01,2.385670e+01,2.310335e+01,2.191511e+01,2.183312e+01,2.197656e+01,2.254150e+01,2.342689e+01,2.371586e+01,2.276526e+01,2.286680e+01,2.328547e+01,2.384999e+01,2.392369e+01,2.256865e+01,2.258222e+01,2.220836e+01,2.234447e+01,2.280589e+01,2.279912e+01,2.223560e+01,2.239886e+01,2.194243e+01,2.191511e+01,2.224240e+01,2.199703e+01,2.224921e+01,2.347398e+01,2.221517e+01,2.182629e+01,2.173739e+01,2.156621e+01,2.196291e+01,2.403080e+01,2.504947e+01,2.360171e+01,2.270428e+01,2.237167e+01,2.283974e+01,2.180578e+01,2.208571e+01,2.233767e+01,2.252114e+01,2.322480e+01,2.435812e+01,2.516204e+01,2.346053e+01,2.220155e+01,2.214705e+01,2.225602e+01,2.256865e+01,2.194243e+01,2.157991e+01,2.138788e+01,2.155250e+01,2.148394e+01,2.130546e+01,2.136041e+01,2.129172e+01,2.134668e+01,2.135355e+01,2.111979e+01,2.129859e+01,2.120235e+01,2.124361e+01,2.122986e+01,2.128485e+01,2.146336e+01,2.147708e+01,2.138101e+01,2.143592e+01,2.136728e+01,2.141533e+01,2.141533e+01,2.136728e+01,2.138788e+01,2.145650e+01,2.141533e+01,2.137415e+01,2.137415e+01,2.142906e+01,2.132607e+01,2.143592e+01,2.143592e+01,2.125048e+01,2.133981e+01,2.133294e+01,2.133294e+01,2.131920e+01,2.135355e+01,2.144964e+01,2.140161e+01,2.133981e+01,2.137415e+01,2.135355e+01,2.136728e+01,2.129859e+01,2.136728e+01,2.140847e+01,2.131233e+01,2.129859e+01,2.133294e+01,2.131233e+01,2.132607e+01,2.138101e+01,2.133981e+01,2.136041e+01,2.133294e+01,2.141533e+01,2.137415e+01,2.136041e+01,2.134668e+01,2.142220e+01,2.130546e+01,2.136041e+01,2.140161e+01,2.118172e+01,2.143592e+01,2.131233e+01,2.136728e+01,2.142906e+01,2.125736e+01,2.136728e+01,2.130546e+01,2.138101e+01,2.138788e+01,2.125048e+01,2.127798e+01,2.128485e+01,2.131920e+01,2.131233e+01,2.129172e+01,2.125048e+01,2.120923e+01,2.128485e+01,2.123674e+01,2.121611e+01,2.125736e+01,2.125048e+01,2.129859e+01,2.125736e+01,2.129859e+01,2.131233e+01,2.132607e+01,2.132607e+01,2.131920e+01,2.125736e+01,2.127798e+01,2.111291e+01,2.129859e+01,2.138788e+01,2.127110e+01,2.120923e+01,2.127798e+01,2.137415e+01,2.131920e+01,2.132607e+01,2.119548e+01,2.127110e+01,2.127110e+01,2.127798e+01,2.129859e+01,2.132607e+01,2.133294e+01,2.135355e+01,2.127110e+01,2.127110e+01,2.130546e+01,2.128485e+01,2.128485e+01,2.122298e+01,2.124361e+01,2.120235e+01,2.132607e+01,2.135355e+01,2.132607e+01,2.122986e+01,2.124361e+01,2.133294e+01,2.121611e+01,2.135355e+01,2.131920e+01,2.124361e+01,2.145650e+01,2.131920e+01,2.140161e+01,2.125048e+01,2.125736e+01,2.127798e+01,2.127110e+01,2.136728e+01,2.130546e+01,2.125048e+01,2.127110e+01,2.134668e+01,2.129859e+01,2.127110e+01,2.133294e+01,2.135355e+01,2.127798e+01,2.125736e+01,2.128485e+01,2.126423e+01,2.126423e+01,2.137415e+01,2.134668e+01,2.127798e+01,2.127798e+01,2.127798e+01,2.128485e+01,2.138788e+01,2.127798e+01,2.136041e+01,2.137415e+01,2.131233e+01,2.133294e+01,2.129859e+01,2.129859e+01,2.125736e+01,2.125736e+01,2.129859e+01,2.135355e+01,2.127110e+01,2.133981e+01,2.125736e+01,2.132607e+01,2.125736e+01,2.122298e+01,2.121611e+01,2.120235e+01,2.140847e+01,2.128485e+01,2.132607e+01,2.122298e+01,2.131233e+01,2.125048e+01,2.129859e+01,2.131233e+01,2.122298e+01,2.129859e+01,2.125048e+01,2.131233e+01,2.125736e+01,2.122986e+01,2.122298e+01,2.121611e+01,2.123674e+01,2.124361e+01,2.121611e+01,2.125736e+01,2.130546e+01,2.131920e+01,2.122986e+01,2.117484e+01,2.136041e+01,2.129859e+01,2.134668e+01,2.107160e+01,2.130546e+01,2.128485e+01,2.137415e+01,2.128485e+01,2.129859e+01,2.131233e+01,2.130546e+01,2.142220e+01,2.135355e+01,2.133294e+01,2.141533e+01,2.142906e+01,2.149080e+01,2.140847e+01,2.147708e+01,2.147708e+01,2.148394e+01,2.144278e+01,2.149766e+01,2.151823e+01,2.155936e+01,2.145650e+01,2.141533e+01,2.137415e+01,2.144964e+01,2.140847e+01,2.152508e+01,2.144278e+01,2.150451e+01,2.144964e+01,2.138101e+01,2.139474e+01,2.147022e+01,2.147708e+01,2.142220e+01,2.144278e+01,2.142220e+01,2.145650e+01,2.141533e+01,2.140161e+01,2.140161e+01,2.126423e+01,2.136728e+01,2.131920e+01,2.127798e+01,2.131233e+01,2.114044e+01,2.126423e+01,2.109225e+01,2.118172e+01,2.116108e+01,2.121611e+01,2.120235e+01,2.119548e+01,2.110602e+01,2.122986e+01,2.109225e+01,2.112667e+01,2.122986e+01,2.103716e+01,2.118172e+01,2.118172e+01,2.120235e+01,2.124361e+01,2.119548e+01,2.125048e+01,2.124361e+01,2.122986e+01,2.129859e+01,2.143592e+01,2.133981e+01,2.129172e+01,2.135355e+01,2.130546e+01,2.136728e+01,2.140161e+01,2.139474e+01,2.142220e+01,2.123674e+01,2.138788e+01,2.142906e+01,2.153880e+01,2.157306e+01,2.138788e+01,2.142220e+01,2.153194e+01,2.141533e+01,2.142220e+01,2.140847e+01,2.142220e+01,2.139474e+01,2.142220e+01,2.144278e+01,2.144964e+01,2.139474e+01,2.143592e+01,2.141533e+01,2.139474e+01,2.149080e+01,2.142906e+01,2.143592e+01,2.139474e+01,2.138788e+01,2.141533e+01,2.151137e+01,2.151137e+01,2.140161e+01,2.151137e+01,2.144964e+01,2.142906e+01,2.151137e+01,2.152508e+01,2.147708e+01,2.142906e+01,2.141533e+01,2.157991e+01,2.155936e+01,2.135355e+01,2.137415e+01,2.138788e+01,2.140847e+01,2.149766e+01,2.137415e+01,2.153880e+01,2.149080e+01,2.144278e+01,2.144964e+01,2.138101e+01,2.147022e+01,2.145650e+01,2.140847e+01,2.147022e+01,2.138788e+01,2.152508e+01,2.151137e+01,2.152508e+01,2.145650e+01,2.156621e+01,2.165526e+01,2.163472e+01,2.148394e+01,2.149080e+01
2.155250e+01,2.135355e+01,2.134668e+01,2.125736e+01,2.127798e+01,2.129859e+01,2.130546e+01,2.124361e+01,2.130546e+01,2.130546e+01,2.125048e+01,2.130546e+01,2.134668e+01,2.133981e+01,2.127110e+01,2.139474e+01,2.109225e+01,2.126423e+01,2.125736e+01,2.127110e+01,2.134668e+01,2.138788e+01,2.144964e+01,2.132607e+01,2.122298e+01,2.139474e+01,2.126423e+01,2.131920e+01,2.125736e+01,2.120235e+01,2.129859e+01,2.128485e+01,2.129859e+01,2.138101e+01,2.137415e+01,2.131920e+01,2.126423e+01,2.136041e+01,2.135355e+01,2.126423e+01,2.138788e+01,2.121611e+01,2.121611e+01,2.131233e+01,2.124361e+01,2.135355e+01,2.133294e+01,2.133981e+01,2.128485e+01,2.127798e+01,2.129172e+01,2.147022e+01,2.137415e+01,2.131920e+01,2.133294e+01,2.132607e+01,2.138101e+01,2.138788e+01,2.131233e+01,2.125048e+01,2.123674e+01,2.125048e+01,2.103716e+01,2.098203e+01,2.103716e+01,2.112667e+01,2.116796e+01,2.116108e+01,2.118172e+01,2.125736e+01,2.125048e+01,2.126423e+01,2.129172e+01,2.140161e+01,2.133294e+01,2.129172e+01,2.143592e+01,2.133294e+01,2.138101e+01,2.136728e+01,2.139474e+01,2.130546e+01,2.125736e+01,2.136041e+01,2.127110e+01,2.126423e+01,2.118172e+01,2.133294e+01,2.115420e+01,2.126423e+01,2.120923e+01,2.120923e+01,2.116108e+01,2.121611e+01,2.120235e+01,2.122986e+01,2.123674e+01,2.111979e+01,2.118860e+01,2.115420e+01,2.127110e+01,2.132607e+01,2.123674e+01,2.127798e+01,2.124361e+01,2.123674e+01,2.135355e+01,2.135355e+01,2.135355e+01,2.139474e+01,2.119548e+01,2.125736e+01,2.131920e+01,2.116796e+01,2.120923e+01,2.129859e+01,2.126423e+01,2.118860e+01,2.119548e+01,2.113355e+01,2.115420e+01,2.110602e+01,2.123674e+01,2.121611e+01,2.100960e+01,2.114732e+01,2.123674e+01,2.113355e+01,2.116796e+01,2.127798e+01,2.113355e+01,2.114732e+01,2.116108e+01,2.119548e+01,2.106471e+01,2.119548e+01,2.116108e+01,2.122298e+01,2.127110e+01,2.127110e+01,2.127110e+01,2.129859e+01,2.115420e+01,2.129172e+01,2.132607e+01,2.125736e+01,2.131233e+01,2.132607e+01,2.122986e+01,2.136728e+01,2.127110e+01,2.134668e+01,2.125048e+01,2.136041e+01,2.110602e+01,2.114732e+01,2.129859e+01,2.116108e+01,2.134668e+01,2.141533e+01,2.134668e+01,2.125736e+01,2.128485e+01,2.129859e+01,2.129859e+01,2.133294e+01,2.125736e+01,2.131920e+01,2.135355e+01,2.144964e+01,2.135355e+01,2.138101e+01,2.136041e+01,2.147708e+01,2.138101e+01,2.148394e+01,2.131233e+01,2.132607e+01,2.151137e+01,2.147708e+01,2.155250e+01,2.195608e+01,2.194243e+01,2.354795e+01,2.192877e+01,2.141533e+01,2.129859e+01,2.131233e+01,2.125736e+01,2.125048e+01,2.130546e+01,2.128485e+01,2.149766e+01,2.127110e+01,2.127798e+01,2.129172e+01,2.144964e+01,2.151137e+01,2.128485e+01,2.162102e+01,2.166211e+01,2.162787e+01,2.157991e+01,2.171002e+01,2.174423e+01,2.193560e+01,2.173739e+01,2.190828e+01,2.181262e+01,2.176475e+01,2.181262e+01,2.183312e+01,2.171002e+01,2.181945e+01,2.160047e+01,2.162102e+01,2.166211e+01,2.185363e+01,2.229004e+01,2.286680e+01,2.272461e+01,2.234447e+01,2.214705e+01,2.215387e+01,2.218112e+01,2.250077e+01,2.314385e+01,2.309660e+01,2.302907e+01,2.179894e+01,2.159362e+01,2.170318e+01,2.181262e+01,2.188779e+01,2.166211e+01,2.176475e+01,2.178527e+01,2.203115e+01,2.203797e+01,2.221517e+01,2.277880e+01,2.335283e+01,2.330568e+01,2.220155e+01,2.245322e+01,2.290739e+01,2.376954e+01,2.483723e+01,2.427138e+01,2.288710e+01,2.286004e+01,2.283974e+01,2.449143e+01,2.384329e+01,2.252793e+01,2.203115e+01,2.206525e+01,2.281943e+01,2.394378e+01,2.286004e+01,2.243964e+01,2.263649e+01,2.197656e+01,2.177159e+01,2.209252e+01,2.192194e+01,2.189462e+01,2.387010e+01,2.251435e+01,2.204479e+01,2.169633e+01,2.190145e+01,2.251435e+01,2.557819e+01,2.575603e+01,2.387010e+01,2.229685e+01,2.205843e+01,2.179211e+01,2.180578e+01,2.251435e+01,2.295473e+01,2.219474e+01,2.209934e+01,2.210616e+01,2.273816e+01,2.262292e+01,2.217430e+01,2.217430e+01,2.305609e+01,2.305609e+01,2.161417e+01,2.137415e+01,2.144964e+01,2.134668e+01,2.155936e+01,2.150451e+01,2.135355e+01,2.141533e+01,2.144964e+01,2.134668e+01,2.129859e+01,2.132607e+01,2.122298e+01,2.139474e+01,2.139474e+01,2.145650e+01,2.141533e+01,2.140847e+01,2.145650e+01,2.136041e+01,2.147022e+01,2.145650e+01,2.144278e+01,2.133981e+01,2.138788e+01,2.138788e+01,2.140161e+01,2.135355e+01,2.137415e+01,2.145650e+01,2.131233e+01,2.145650e+01,2.140161e+01,2.131233e+01,2.140847e+01,2.157306e+01,2.140161e+01,2.136041e+01,2.133294e+01,2.141533e+01,2.131920e+01,2.140161e+01,2.134668e+01,2.131920e+01,2.147022e+01,2.147708e+01,2.130546e+01,2.135355e+01,2.128485e+01,2.129172e+01,2.135355e+01,2.133981e+01,2.133294e+01,2.135355e+01,2.136728e+01,2.135355e+01,2.136728e+01,2.123674e+01,2.139474e+01,2.137415e+01,2.133981e+01,2.135355e+01,2.134668e+01,2.138788e+01,2.126423e+01,2.133294e+01,2.145650e+01,2.142220e+01,2.124361e+01,2.139474e+01,2.125736e+01,2.137415e+01,2.139474e+01,2.134668e+01,2.140161e+01,2.125048e+01,2.140847e+01,2.119548e+01,2.134668e+01,2.131920e+01,2.133294e+01,2.144278e+01,2.118860e+01,2.122298e+01,2.116108e+01,2.126423e+01,2.121611e+01,2.122298e+01,2.124361e+01,2.129859e+01,2.122986e+01,2.130546e+01,2.122986e+01,2.134668e+01,2.125048e+01,2.129859e+01,2.132607e+01,2.127798e+01,2.121611e+01,2.130546e+01,2.122298e+01,2.114732e+01,2.132607e+01,2.115420e+01,2.128485e+01,2.125048e+01,2.122298e+01,2.125736e+01,2.125048e+01,2.144278e+01,2.130546e+01,2.121611e+01,2.140161e+01,2.138788e+01,2.115420e+01,2.131920e+01,2.127110e+01,2.125736e+01,2.125736e+01,2.134668e+01,2.119548e+01,2.118860e+01,2.122986e+01,2.126423e+01,2.132607e+01,2.131233e+01,2.123674e+01,2.122298e+01,2.135355e+01,2.129172e+01,2.130546e+01,2.125048e+01,2.131920e+01,2.140847e+01,2.128485e+01,2.125736e+01,2.125048e+01,2.129859e+01,2.125736e+01,2.132607e+01,2.129172e+01,2.128485e+01,2.127798e+01,2.124361e+01,2.134668e+01,2.136728e+01,2.145650e+01,2.153194e+01,2.136728e+01,2.130546e+01,2.135355e+01,2.125048e+01,2.124361e+01,2.132607e+01,2.132607e+01,2.130546e+01,2.128485e+01,2.129859e+01,2.126423e+01,2.126423e+01,2.143592e+01,2.133981e+01,2.125736e+01,2.136728e+01,2.131233e+01,2.133981e+01,2.131920e+01,2.131920e+01,2.125048e+01,2.132607e+01,2.125736e+01,2.128485e+01,2.131233e+01,2.136041e+01,2.126423e+01,2.129172e+01,2.122986e+01,2.121611e+01,2.118860e+01,2.133981e+01,2.123674e+01,2.125048e+01,2.121611e+01,2.136041e+01,2.131920e+01,2.127798e+01,2.122298e+01,2.131233e+01,2.135355e+01,2.131920e+01,2.131233e+01,2.129859e+01,2.149766e+01,2.131920e+01,2.139474e+01,2.127798e+01,2.121611e+01,2.123674e+01,2.127110e+01,2.130546e+01,2.129172e+01,2.125048e+01,2.138788e+01,2.133294e+01,2.135355e+01,2.122986e+01,2.121611e+01,2.128485e+01,2.128485e+01,2.129859e+01,2.136041e+01,2.139474e+01,2.135355e+01,2.136041e+01,2.137415e+01,2.131233e+01,2.127110e+01,2.146336e+01,2.144278e+01,2.131920e+01,2.133981e+01,2.148394e+01,2.152508e+01,2.159362e+01,2.147022e+01,2.150451e+01,2.144278e+01,2.153880e+01,2.151137e+01,2.165526e+01,2.168264e+01,2.148394e+01,2.153194e+01,2.146336e+01,2.147708e+01,2.155250e+01,2.149766e+01,2.148394e+01,2.143592e+01,2.142220e+01,2.151823e+01,2.146336e+01,2.147022e+01,2.139474e+01,2.145650e+01,2.133294e+01,2.140161e+01,2.128485e+01,2.131920e+01,2.133294e+01,2.149766e+01,2.133294e+01,2.120235e+01,2.111291e+01,2.122986e+01,2.116108e+01,2.125736e+01,2.123674e+01,2.111979e+01,2.116796e+01,2.120235e+01,2.116108e+01,2.120923e+01,2.118172e+01,2.101649e+01,2.111291e+01,2.116796e+01,2.118172e+01,2.118172e+01,2.103027e+01,2.107848e+01,2.124361e+01,2.124361e+01,2.116796e+01,2.129859e+01,2.131233e+01,2.118172e+01,2.131920e+01,2.117484e+01,2.136041e+01,2.134668e+01,2.137415e+01,2.138101e+01,2.137415e+01,2.137415e+01,2.121611e+01,2.136728e+01,2.141533e+01,2.134668e+01,2.149080e+01,2.160732e+01,2.141533e+01,2.152508e+01,2.144964e+01,2.151137e+01,2.142906e+01,2.145650e+01,2.137415e+01,2.138788e+01,2.149766e+01,2.141533e+01,2.142220e+01,2.144278e+01,2.142220e+01,2.145650e+01,2.153194e+01,2.145650e+01,2.149080e+01,2.147022e+01,2.148394e+01,2.133294e+01,2.140847e+01,2.153880e+01,2.150451e+01,2.141533e+01,2.144964e+01,2.137415e+01,2.135355e+01,2.152508e+01,2.157991e+01,2.138788e+01,2.155936e+01,2.140161e+01,2.152508e+01,2.149766e+01,2.126423e+01,2.138788e+01,2.133981e+01,2.140161e+01,2.147022e+01,2.149080e+01,2.151823e+01,2.145650e+01,2.139474e+01,2.149766e+01,2.148394e+01,2.153880e+01,2.144278e+01,2.148394e+01,2.138788e+01,2.148394e+01,2.151823e+01,2.152508e+01,2.142906e+01,2.150451e+01,2.149080e+01,2.149080e+01,2.150451e+01,2.148394e+01
2.126423e+01,2.129172e+01,2.124361e+01,2.136041e+01,2.127110e+01,2.121611e+01,2.128485e+01,2.130546e+01,2.131233e+01,2.125736e+01,2.125048e+01,2.115420e+01,2.135355e+01,2.133981e+01,2.126423e+01,2.131233e+01,2.125736e+01,2.124361e+01,2.124361e+01,2.118860e+01,2.113355e+01,2.123674e+01,2.125048e+01,2.111291e+01,2.128485e+01,2.116108e+01,2.118860e+01,2.128485e+01,2.124361e+01,2.125048e+01,2.128485e+01,2.128485e+01,2.120923e+01,2.125048e+01,2.117484e+01,2.126423e+01,2.127110e+01,2.127110e+01,2.127110e+01,2.127110e+01,2.151137e+01,2.126423e+01,2.123674e+01,2.126423e+01,2.123674e+01,2.135355e+01,2.129172e+01,2.126423e+01,2.130546e+01,2.127798e+01,2.122986e+01,2.136041e+01,2.134668e+01,2.137415e+01,2.128485e+01,2.129172e+01,2.136728e+01,2.123674e+01,2.136041e+01,2.122298e+01,2.125736e+01,2.130546e+01,2.111979e+01,2.114044e+01,2.114044e+01,2.119548e+01,2.116108e+01,2.127110e+01,2.130546e+01,2.125048e+01,2.120923e+01,2.103027e+01,2.127110e+01,2.136041e+01,2.140847e+01,2.136041e+01,2.142220e+01,2.131233e+01,2.136728e+01,2.145650e+01,2.138101e+01,2.129859e+01,2.129172e+01,2.136041e+01,2.122298e+01,2.131233e+01,2.131233e+01,2.120235e+01,2.112667e+01,2.118172e+01,2.117484e+01,2.112667e+01,2.120923e+01,2.129172e+01,2.120923e+01,2.121611e+01,2.119548e+01,2.117484e+01,2.103027e+01,2.133981e+01,2.116108e+01,2.122298e+01,2.127798e+01,2.122986e+01,2.124361e+01,2.133294e+01,2.129172e+01,2.127110e+01,2.125048e+01,2.122986e+01,2.125736e+01,2.118860e+01,2.118860e+01,2.118860e+01,2.133981e+01,2.111291e+01,2.125736e+01,2.109914e+01,2.123674e+01,2.118860e+01,2.118860e+01,2.116796e+01,2.114732e+01,2.114044e+01,2.125048e+01,2.109914e+01,2.111979e+01,2.114732e+01,2.111291e+01,2.116108e+01,2.114732e+01,2.117484e+01,2.111291e+01,2.117484e+01,2.120235e+01,2.122986e+01,2.107160e+01,2.125048e+01,2.129859e+01,2.119548e+01,2.118860e+01,2.127798e+01,2.125048e+01,2.127110e+01,2.119548e+01,2.116796e+01,2.118860e+01,2.120923e+01,2.122298e+01,2.130546e+01,2.121611e+01,2.125048e+01,2.132607e+01,2.128485e+01,2.131233e+01,2.125736e+01,2.126423e+01,2.117484e+01,2.127798e+01,2.116796e+01,2.127798e+01,2.129172e+01,2.131233e+01,2.131920e+01,2.129172e+01,2.135355e+01,2.140161e+01,2.132607e+01,2.133981e+01,2.147022e+01,2.134668e+01,2.136041e+01,2.136041e+01,2.138101e+01,2.143592e+01,2.140161e+01,2.127110e+01,2.139474e+01,2.137415e+01,2.132607e+01,2.167580e+01,2.166211e+01,2.197656e+01,2.360843e+01,2.194243e+01,2.138788e+01,2.136041e+01,2.128485e+01,2.133294e+01,2.133981e+01,2.127798e+01,2.131233e+01,2.131233e+01,2.131233e+01,2.129859e+01,2.138101e+01,2.131233e+01,2.135355e+01,2.133294e+01,2.144278e+01,2.164157e+01,2.162787e+01,2.149766e+01,2.164841e+01,2.168264e+01,2.165526e+01,2.174423e+01,2.169633e+01,2.202432e+01,2.199021e+01,2.173055e+01,2.188096e+01,2.183312e+01,2.162102e+01,2.164157e+01,2.151823e+01,2.175791e+01,2.194925e+01,2.239886e+01,2.287357e+01,2.269073e+01,2.306284e+01,2.266361e+01,2.214024e+01,2.237847e+01,2.311686e+01,2.283974e+01,2.274494e+01,2.205843e+01,2.186046e+01,2.180578e+01,2.179894e+01,2.181262e+01,2.176475e+01,2.166895e+01,2.175791e+01,2.177843e+01,2.194243e+01,2.214705e+01,2.248039e+01,2.341343e+01,2.383659e+01,2.421797e+01,2.265005e+01,2.264327e+01,2.393709e+01,2.475753e+01,2.439147e+01,2.322480e+01,2.284650e+01,2.326525e+01,2.304258e+01,2.286004e+01,2.279235e+01,2.275848e+01,2.221517e+01,2.219474e+01,2.370915e+01,2.489697e+01,2.252793e+01,2.250077e+01,2.214024e+01,2.214705e+01,2.205161e+01,2.190145e+01,2.190828e+01,2.183312e+01,2.277203e+01,2.252114e+01,2.219474e+01,2.158677e+01,2.215387e+01,2.224240e+01,2.442480e+01,2.415784e+01,2.281943e+01,2.232406e+01,2.226963e+01,2.173739e+01,2.207207e+01,2.323828e+01,2.528772e+01,2.325851e+01,2.217430e+01,2.198338e+01,2.198338e+01,2.209252e+01,2.192877e+01,2.199703e+01,2.260258e+01,2.246681e+01,2.162787e+01,2.160047e+01,2.160732e+01,2.156621e+01,2.149766e+01,2.149766e+01,2.151137e+01,2.136728e+01,2.133981e+01,2.142906e+01,2.136041e+01,2.144278e+01,2.144278e+01,2.145650e+01,2.142906e+01,2.151823e+01,2.140847e+01,2.145650e+01,2.144278e+01,2.145650e+01,2.144964e+01,2.142906e+01,2.138788e+01,2.132607e+01,2.136728e+01,2.138101e+01,2.141533e+01,2.138101e+01,2.136728e+01,2.129859e+01,2.138788e+01,2.133981e+01,2.140161e+01,2.136041e+01,2.133981e+01,2.140161e+01,2.138101e+01,2.131233e+01,2.137415e+01,2.136728e+01,2.145650e+01,2.149766e+01,2.136041e+01,2.142906e+01,2.127110e+01,2.129859e+01,2.143592e+01,2.128485e+01,2.127110e+01,2.136728e+01,2.143592e+01,2.124361e+01,2.137415e+01,2.136728e+01,2.135355e+01,2.137415e+01,2.138101e+01,2.136728e+01,2.132607e+01,2.138101e+01,2.146336e+01,2.138101e+01,2.140847e+01,2.131920e+01,2.124361e+01,2.132607e+01,2.133294e+01,2.123674e+01,2.134668e+01,2.127798e+01,2.132607e+01,2.131920e+01,2.136041e+01,2.129172e+01,2.136041e+01,2.137415e+01,2.128485e+01,2.120235e+01,2.125048e+01,2.122298e+01,2.114732e+01,2.120923e+01,2.120235e+01,2.122986e+01,2.115420e+01,2.114732e+01,2.132607e+01,2.120235e+01,2.121611e+01,2.118172e+01,2.132607e+01,2.132607e+01,2.113355e+01,2.131233e+01,2.122986e+01,2.129172e+01,2.123674e+01,2.118172e+01,2.120923e+01,2.134668e+01,2.120923e+01,2.131233e+01,2.124361e+01,2.126423e+01,2.133981e+01,2.129172e+01,2.129859e+01,2.137415e+01,2.129859e+01,2.133294e+01,2.123674e+01,2.130546e+01,2.127798e+01,2.130546e+01,2.129172e+01,2.124361e+01,2.134668e+01,2.131920e+01,2.126423e+01,2.123674e+01,2.120235e+01,2.124361e+01,2.120923e+01,2.127110e+01,2.134668e+01,2.136041e+01,2.125048e+01,2.131233e+01,2.133294e+01,2.134668e+01,2.132607e+01,2.124361e+01,2.131920e+01,2.122298e+01,2.122986e+01,2.127110e+01,2.133981e+01,2.134668e+01,2.130546e+01,2.129172e+01,2.131233e+01,2.127110e+01,2.125736e+01,2.125736e+01,2.121611e+01,2.123674e+01,2.139474e+01,2.136041e+01,2.138101e+01,2.138101e+01,2.130546e+01,2.138101e+01,2.127110e+01,2.134668e+01,2.138101e+01,2.133294e+01,2.127798e+01,2.128485e+01,2.128485e+01,2.126423e+01,2.133981e+01,2.127110e+01,2.149080e+01,2.133981e+01,2.134668e+01,2.131233e+01,2.125736e+01,2.132607e+01,2.123674e+01,2.138788e+01,2.132607e+01,2.135355e+01,2.125048e+01,2.128485e+01,2.125736e+01,2.126423e+01,2.133294e+01,2.129172e+01,2.137415e+01,2.123674e+01,2.122986e+01,2.142906e+01,2.123674e+01,2.133294e+01,2.128485e+01,2.125048e+01,2.129859e+01,2.126423e+01,2.125048e+01,2.130546e+01,2.130546e+01,2.136728e+01,2.137415e+01,2.127110e+01,2.122986e+01,2.125048e+01,2.121611e+01,2.120235e+01,2.120235e+01,2.119548e+01,2.122298e+01,2.120923e+01,2.124361e+01,2.125048e+01,2.131233e+01,2.133294e+01,2.122986e+01,2.125736e+01,2.128485e+01,2.118860e+01,2.134668e+01,2.136041e+01,2.129859e+01,2.122298e+01,2.132607e+01,2.129172e+01,2.138788e+01,2.134668e+01,2.138788e+01,2.143592e+01,2.136041e+01,2.140847e+01,2.142906e+01,2.144278e+01,2.143592e+01,2.140847e+01,2.140161e+01,2.149766e+01,2.142220e+01,2.144278e+01,2.149766e+01,2.147022e+01,2.144964e+01,2.149766e+01,2.144964e+01,2.145650e+01,2.137415e+01,2.144964e+01,2.134668e+01,2.148394e+01,2.143592e+01,2.143592e+01,2.138101e+01,2.147708e+01,2.133981e+01,2.133981e+01,2.131920e+01,2.128485e+01,2.127798e+01,2.125048e+01,2.127110e+01,2.120923e+01,2.123674e+01,2.127798e+01,2.114044e+01,2.116108e+01,2.120235e+01,2.112667e+01,2.116796e+01,2.137415e+01,2.120923e+01,2.115420e+01,2.115420e+01,2.117484e+01,2.111291e+01,2.107160e+01,2.110602e+01,2.105094e+01,2.114044e+01,2.103716e+01,2.127798e+01,2.113355e+01,2.122298e+01,2.129859e+01,2.112667e+01,2.109914e+01,2.122986e+01,2.137415e+01,2.120923e+01,2.138101e+01,2.133294e+01,2.138101e+01,2.136041e+01,2.133294e+01,2.137415e+01,2.137415e+01,2.147022e+01,2.136041e+01,2.134668e+01,2.147022e+01,2.142220e+01,2.146336e+01,2.151137e+01,2.151137e+01,2.144964e+01,2.145650e+01,2.149080e+01,2.151137e+01,2.136041e+01,2.149080e+01,2.148394e+01,2.141533e+01,2.137415e+01,2.138788e+01,2.147022e+01,2.146336e+01,2.143592e+01,2.144278e+01,2.140847e+01,2.155250e+01,2.144278e+01,2.142220e+01,2.137415e+01,2.147022e+01,2.149080e+01,2.160732e+01,2.150451e+01,2.145650e+01,2.142220e+01,2.133294e+01,2.140161e+01,2.155936e+01,2.144278e+01,2.155936e+01,2.138788e+01,2.145650e+01,2.151823e+01,2.170318e+01,2.134668e+01,2.149766e+01,2.133294e+01,2.133981e+01,2.148394e+01,2.149766e+01,2.138788e+01,2.146336e+01,2.150451e+01,2.160732e+01,2.144278e+01,2.150451e+01,2.161417e+01,2.144964e+01,2.158677e+01,2.136041e+01,2.145650e+01,2.147022e+01,2.142220e+01,2.149766e+01,2.148394e+01
2.130546e+01,2.131233e+01,2.129859e+01,2.116108e+01,2.116796e+01,2.127798e+01,2.127798e+01,2.129859e+01,2.144964e+01,2.131920e+01,2.130546e+01,2.130546e+01,2.128485e+01,2.131920e+01,2.129859e+01,2.127798e+01,2.136728e+01,2.138101e+01,2.127110e+01,2.138788e+01,2.126423e+01,2.125048e+01,2.131233e+01,2.118860e+01,2.123674e+01,2.116108e+01,2.128485e+01,2.119548e+01,2.122298e+01,2.125736e+01,2.128485e+01,2.134668e+01,2.122298e+01,2.133981e+01,2.131920e+01,2.131233e+01,2.128485e+01,2.120923e+01,2.130546e+01,2.135355e+01,2.124361e+01,2.127798e+01,2.130546e+01,2.136041e+01,2.133294e+01,2.128485e+01,2.122986e+01,2.126423e+01,2.138788e+01,2.135355e+01,2.142220e+01,2.131920e+01,2.140847e+01,2.139474e+01,2.128485e+01,2.140161e+01,2.135355e+01,2.135355e+01,2.129172e+01,2.133294e+01,2.124361e+01,2.109225e+01,2.123674e+01,2.123674e+01,2.116796e+01,2.118172e+01,2.114044e+01,2.118860e+01,2.119548e+01,2.095446e+01,2.127110e+01,2.131233e+01,2.138101e+01,2.151137e+01,2.135355e+01,2.155936e+01,2.142906e+01,2.132607e+01,2.132607e+01,2.138101e+01,2.131233e+01,2.127110e+01,2.123674e+01,2.138101e+01,2.130546e+01,2.123674e+01,2.120235e+01,2.129172e+01,2.120235e+01,2.124361e+01,2.117484e+01,2.116796e+01,2.112667e+01,2.118172e+01,2.109225e+01,2.111979e+01,2.120235e+01,2.119548e+01,2.122298e+01,2.118860e+01,2.116108e+01,2.120235e+01,2.119548e+01,2.124361e+01,2.124361e+01,2.121611e+01,2.126423e+01,2.133294e+01,2.108537e+01,2.125048e+01,2.124361e+01,2.120923e+01,2.120923e+01,2.125736e+01,2.111291e+01,2.123674e+01,2.120923e+01,2.132607e+01,2.125736e+01,2.120235e+01,2.118860e+01,2.114732e+01,2.127110e+01,2.116796e+01,2.103716e+01,2.114044e+01,2.127110e+01,2.112667e+01,2.126423e+01,2.129859e+01,2.122298e+01,2.125736e+01,2.111291e+01,2.117484e+01,2.120235e+01,2.125736e+01,2.108537e+01,2.118860e+01,2.125048e+01,2.125048e+01,2.128485e+01,2.120235e+01,2.122298e+01,2.120923e+01,2.126423e+01,2.122986e+01,2.122986e+01,2.127110e+01,2.133981e+01,2.118860e+01,2.127110e+01,2.133981e+01,2.127798e+01,2.124361e+01,2.121611e+01,2.118860e+01,2.115420e+01,2.118860e+01,2.127110e+01,2.138101e+01,2.130546e+01,2.126423e+01,2.138101e+01,2.135355e+01,2.128485e+01,2.127798e+01,2.129172e+01,2.130546e+01,2.138788e+01,2.132607e+01,2.134668e+01,2.144278e+01,2.151137e+01,2.137415e+01,2.133981e+01,2.144278e+01,2.127798e+01,2.143592e+01,2.143592e+01,2.145650e+01,2.148394e+01,2.149080e+01,2.196291e+01,2.356139e+01,2.205843e+01,2.136041e+01,2.134668e+01,2.132607e+01,2.130546e+01,2.142220e+01,2.129172e+01,2.131233e+01,2.129172e+01,2.135355e+01,2.137415e+01,2.137415e+01,2.131920e+01,2.134668e+01,2.136728e+01,2.146336e+01,2.168949e+01,2.162102e+01,2.162787e+01,2.166211e+01,2.192877e+01,2.176475e+01,2.171686e+01,2.198338e+01,2.199021e+01,2.201068e+01,2.202432e+01,2.180578e+01,2.190145e+01,2.164157e+01,2.167580e+01,2.173739e+01,2.184679e+01,2.196973e+01,2.231726e+01,2.250756e+01,2.287357e+01,2.341343e+01,2.398395e+01,2.266361e+01,2.296149e+01,2.325851e+01,2.288710e+01,2.246681e+01,2.205161e+01,2.231726e+01,2.235127e+01,2.194243e+01,2.183312e+01,2.175107e+01,2.166895e+01,2.167580e+01,2.184679e+01,2.195608e+01,2.220836e+01,2.308985e+01,2.382318e+01,2.467113e+01,2.352778e+01,2.246002e+01,2.288710e+01,2.285327e+01,2.244643e+01,2.245322e+01,2.244643e+01,2.246002e+01,2.280589e+01,2.296149e+01,2.318433e+01,2.356812e+01,2.319108e+01,2.233767e+01,2.205161e+01,2.362186e+01,2.477747e+01,2.233086e+01,2.235807e+01,2.242604e+01,2.243964e+01,2.241245e+01,2.237847e+01,2.234447e+01,2.162102e+01,2.194243e+01,2.218793e+01,2.206525e+01,2.250756e+01,2.335957e+01,2.283297e+01,2.290739e+01,2.259579e+01,2.250756e+01,2.236487e+01,2.208571e+01,2.180578e+01,2.202432e+01,2.323828e+01,2.562432e+01,2.373599e+01,2.257544e+01,2.216068e+01,2.207207e+01,2.179211e+01,2.198338e+01,2.197656e+01,2.220836e+01,2.197656e+01,2.170318e+01,2.160047e+01,2.170318e+01,2.162787e+01,2.157991e+01,2.160732e+01,2.151137e+01,2.143592e+01,2.143592e+01,2.141533e+01,2.142220e+01,2.144278e+01,2.142906e+01,2.142906e+01,2.148394e+01,2.144964e+01,2.142220e+01,2.147708e+01,2.149080e+01,2.141533e+01,2.126423e+01,2.138101e+01,2.140847e+01,2.132607e+01,2.145650e+01,2.131920e+01,2.138788e+01,2.131920e+01,2.140847e+01,2.142220e+01,2.140847e+01,2.135355e+01,2.129859e+01,2.131233e+01,2.137415e+01,2.136728e+01,2.140847e+01,2.136041e+01,2.138101e+01,2.148394e+01,2.143592e+01,2.147708e+01,2.138101e+01,2.120235e+01,2.135355e+01,2.128485e+01,2.127110e+01,2.144278e+01,2.130546e+01,2.139474e+01,2.138788e+01,2.133981e+01,2.137415e+01,2.134668e+01,2.133294e+01,2.132607e+01,2.138101e+01,2.140161e+01,2.139474e+01,2.137415e+01,2.137415e+01,2.133294e+01,2.131920e+01,2.129859e+01,2.131920e+01,2.140847e+01,2.142906e+01,2.140161e+01,2.118860e+01,2.136041e+01,2.142220e+01,2.137415e+01,2.133981e+01,2.129172e+01,2.136041e+01,2.123674e+01,2.128485e+01,2.130546e+01,2.120923e+01,2.121611e+01,2.125048e+01,2.127110e+01,2.114732e+01,2.122298e+01,2.122298e+01,2.118860e+01,2.133981e+01,2.129859e+01,2.124361e+01,2.122986e+01,2.114732e+01,2.131920e+01,2.116108e+01,2.131233e+01,2.129172e+01,2.119548e+01,2.122298e+01,2.118172e+01,2.127110e+01,2.127110e+01,2.123674e+01,2.129172e+01,2.129172e+01,2.129859e+01,2.128485e+01,2.133294e+01,2.123674e+01,2.130546e+01,2.127798e+01,2.122298e+01,2.122298e+01,2.125736e+01,2.130546e+01,2.131233e+01,2.131920e+01,2.134668e+01,2.135355e+01,2.122298e+01,2.121611e+01,2.117484e+01,2.127798e+01,2.120923e+01,2.134668e+01,2.144278e+01,2.124361e+01,2.142220e+01,2.129859e+01,2.135355e+01,2.131920e+01,2.127110e+01,2.125048e+01,2.132607e+01,2.139474e+01,2.127110e+01,2.135355e+01,2.122986e+01,2.122986e+01,2.128485e+01,2.130546e+01,2.129172e+01,2.131920e+01,2.126423e+01,2.142220e+01,2.149766e+01,2.146336e+01,2.133981e+01,2.131233e+01,2.127798e+01,2.125736e+01,2.135355e+01,2.131233e+01,2.125736e+01,2.127110e+01,2.136728e+01,2.127110e+01,2.131233e+01,2.130546e+01,2.131233e+01,2.136728e+01,2.125048e+01,2.129859e+01,2.131233e+01,2.123674e+01,2.131920e+01,2.129859e+01,2.122298e+01,2.125048e+01,2.123674e+01,2.124361e+01,2.138788e+01,2.136041e+01,2.129859e+01,2.130546e+01,2.122298e+01,2.130546e+01,2.136728e+01,2.130546e+01,2.127798e+01,2.127110e+01,2.127798e+01,2.123674e+01,2.131233e+01,2.127110e+01,2.129172e+01,2.127798e+01,2.123674e+01,2.131233e+01,2.126423e+01,2.135355e+01,2.130546e+01,2.123674e+01,2.124361e+01,2.133294e+01,2.125736e+01,2.118860e+01,2.126423e+01,2.121611e+01,2.126423e+01,2.124361e+01,2.127110e+01,2.144278e+01,2.125048e+01,2.123674e+01,2.114732e+01,2.121611e+01,2.136728e+01,2.120235e+01,2.131233e+01,2.136041e+01,2.122298e+01,2.132607e+01,2.134668e+01,2.133981e+01,2.139474e+01,2.130546e+01,2.131233e+01,2.138788e+01,2.136728e+01,2.152508e+01,2.136728e+01,2.140847e+01,2.141533e+01,2.144964e+01,2.146336e+01,2.141533e+01,2.141533e+01,2.147022e+01,2.151137e+01,2.149080e+01,2.147708e+01,2.146336e+01,2.146336e+01,2.150451e+01,2.151137e+01,2.147708e+01,2.155250e+01,2.151823e+01,2.144278e+01,2.148394e+01,2.144278e+01,2.140847e+01,2.141533e+01,2.148394e+01,2.137415e+01,2.138788e+01,2.144964e+01,2.129172e+01,2.131233e+01,2.125736e+01,2.124361e+01,2.129859e+01,2.125048e+01,2.124361e+01,2.127798e+01,2.118172e+01,2.123674e+01,2.121611e+01,2.106471e+01,2.120235e+01,2.114044e+01,2.121611e+01,2.109914e+01,2.121611e+01,2.115420e+01,2.119548e+01,2.110602e+01,2.104405e+01,2.113355e+01,2.106471e+01,2.117484e+01,2.127110e+01,2.099582e+01,2.112667e+01,2.128485e+01,2.109914e+01,2.131233e+01,2.122298e+01,2.122986e+01,2.137415e+01,2.118172e+01,2.133294e+01,2.136041e+01,2.136728e+01,2.137415e+01,2.138101e+01,2.138101e+01,2.134668e+01,2.140161e+01,2.144964e+01,2.139474e+01,2.139474e+01,2.145650e+01,2.160047e+01,2.151137e+01,2.129859e+01,2.143592e+01,2.144964e+01,2.140847e+01,2.133981e+01,2.144278e+01,2.143592e+01,2.142220e+01,2.141533e+01,2.142906e+01,2.138788e+01,2.141533e+01,2.148394e+01,2.144964e+01,2.147708e+01,2.140161e+01,2.136728e+01,2.156621e+01,2.144278e+01,2.152508e+01,2.149766e+01,2.147708e+01,2.145650e+01,2.142906e+01,2.141533e+01,2.145650e+01,2.137415e+01,2.149080e+01,2.145650e+01,2.152508e+01,2.128485e+01,2.136728e+01,2.153880e+01,2.154565e+01,2.147708e+01,2.141533e+01,2.154565e+01,2.155250e+01,2.151823e+01,2.144964e+01,2.147022e+01,2.138101e+01,2.145650e+01,2.148394e+01,2.139474e+01,2.147022e+01,2.148394e+01,2.142220e+01,2.132607e+01,2.144964e+01,2.155250e+01,2.151823e+01,2.149766e+01,2.148394e+01,2.141533e+01
2.135355e+01,2.111291e+01,2.137415e+01,2.119548e+01,2.130546e+01,2.131920e+01,2.133981e+01,2.131233e+01,2.127798e+01,2.130546e+01,2.130546e+01,2.132607e+01,2.123674e+01,2.127798e+01,2.121611e+01,2.132607e+01,2.138101e+01,2.138788e+01,2.121611e+01,2.121611e+01,2.128485e+01,2.130546e+01,2.129172e+01,2.128485e+01,2.128485e+01,2.119548e+01,2.124361e+01,2.116796e+01,2.129859e+01,2.124361e+01,2.130546e+01,2.127110e+01,2.129172e+01,2.114044e+01,2.120923e+01,2.120235e+01,2.127110e+01,2.122986e+01,2.127110e+01,2.130546e+01,2.126423e+01,2.125048e+01,2.131920e+01,2.123674e+01,2.134668e+01,2.127798e+01,2.127798e+01,2.121611e+01,2.122986e+01,2.130546e+01,2.138101e+01,2.144278e+01,2.126423e+01,2.127798e+01,2.120923e+01,2.118172e+01,2.129859e+01,2.124361e+01,2.135355e+01,2.133294e+01,2.129859e+01,2.136041e+01,2.122298e+01,2.106471e+01,2.115420e+01,2.118172e+01,2.127798e+01,2.121611e+01,2.122986e+01,2.127798e+01,2.132607e+01,2.141533e+01,2.136728e+01,2.147022e+01,2.138788e+01,2.138788e+01,2.130546e+01,2.123674e+01,2.119548e+01,2.128485e+01,2.142906e+01,2.127110e+01,2.123674e+01,2.138101e+01,2.129172e+01,2.137415e+01,2.130546e+01,2.113355e+01,2.121611e+01,2.118172e+01,2.120923e+01,2.112667e+01,2.125736e+01,2.127110e+01,2.120235e+01,2.119548e+01,2.120923e+01,2.111979e+01,2.105782e+01,2.131233e+01,2.128485e+01,2.118860e+01,2.123674e+01,2.124361e+01,2.124361e+01,2.125048e+01,2.125048e+01,2.135355e+01,2.125048e+01,2.111979e+01,2.125048e+01,2.124361e+01,2.125048e+01,2.121611e+01,2.121611e+01,2.127798e+01,2.120923e+01,2.129859e+01,2.120235e+01,2.111291e+01,2.119548e+01,2.117484e+01,2.121611e+01,2.127110e+01,2.116108e+01,2.114044e+01,2.118172e+01,2.130546e+01,2.118860e+01,2.120923e+01,2.118172e+01,2.107848e+01,2.110602e+01,2.120923e+01,2.131920e+01,2.118860e+01,2.114044e+01,2.133294e+01,2.124361e+01,2.124361e+01,2.122986e+01,2.130546e+01,2.122986e+01,2.129859e+01,2.122986e+01,2.120235e+01,2.122986e+01,2.122298e+01,2.126423e+01,2.109914e+01,2.122298e+01,2.129172e+01,2.118860e+01,2.121611e+01,2.122298e+01,2.118172e+01,2.122986e+01,2.125736e+01,2.116108e+01,2.142906e+01,2.122298e+01,2.126423e+01,2.133294e+01,2.142906e+01,2.128485e+01,2.127798e+01,2.132607e+01,2.129859e+01,2.133294e+01,2.138788e+01,2.133294e+01,2.138788e+01,2.136041e+01,2.141533e+01,2.142906e+01,2.133981e+01,2.137415e+01,2.140847e+01,2.142220e+01,2.134668e+01,2.154565e+01,2.155250e+01,2.195608e+01,2.356139e+01,2.195608e+01,2.157991e+01,2.133294e+01,2.133981e+01,2.133294e+01,2.131920e+01,2.125736e+01,2.129172e+01,2.129172e+01,2.129172e+01,2.136041e+01,2.136728e+01,2.131920e+01,2.125736e+01,2.136041e+01,2.143592e+01,2.167580e+01,2.166895e+01,2.191511e+01,2.195608e+01,2.201068e+01,2.207889e+01,2.200386e+01,2.188779e+01,2.211298e+01,2.217430e+01,2.207889e+01,2.178527e+01,2.175791e+01,2.179894e+01,2.166895e+01,2.161417e+01,2.173739e+01,2.205843e+01,2.243284e+01,2.406425e+01,2.345380e+01,2.288710e+01,2.272461e+01,2.264327e+01,2.367559e+01,2.307635e+01,2.262292e+01,2.286004e+01,2.306284e+01,2.306960e+01,2.450475e+01,2.285327e+01,2.187413e+01,2.171002e+01,2.178527e+01,2.180578e+01,2.194243e+01,2.200386e+01,2.243964e+01,2.421129e+01,2.501634e+01,2.434478e+01,2.277203e+01,2.279912e+01,2.298853e+01,2.379636e+01,2.242604e+01,2.238527e+01,2.277203e+01,2.302907e+01,2.306960e+01,2.277203e+01,2.363530e+01,2.557819e+01,2.556500e+01,2.288033e+01,2.217430e+01,2.326525e+01,2.429140e+01,2.233767e+01,2.249398e+01,2.276526e+01,2.348744e+01,2.370244e+01,2.345380e+01,2.270428e+01,2.173739e+01,2.185363e+01,2.197656e+01,2.256865e+01,2.407093e+01,2.442480e+01,2.325851e+01,2.251435e+01,2.296825e+01,2.233767e+01,2.232406e+01,2.231726e+01,2.168264e+01,2.168264e+01,2.245322e+01,2.475753e+01,2.279235e+01,2.206525e+01,2.223560e+01,2.229004e+01,2.268395e+01,2.333936e+01,2.306960e+01,2.231726e+01,2.199021e+01,2.162102e+01,2.200386e+01,2.258901e+01,2.194243e+01,2.154565e+01,2.147708e+01,2.157306e+01,2.166895e+01,2.168264e+01,2.143592e+01,2.142906e+01,2.140161e+01,2.140847e+01,2.138788e+01,2.148394e+01,2.146336e+01,2.155250e+01,2.144278e+01,2.147022e+01,2.146336e+01,2.144278e+01,2.142220e+01,2.139474e+01,2.126423e+01,2.132607e+01,2.131920e+01,2.135355e+01,2.133981e+01,2.136041e+01,2.140161e+01,2.130546e+01,2.142220e+01,2.144964e+01,2.133294e+01,2.136728e+01,2.138101e+01,2.133294e+01,2.139474e+01,2.140161e+01,2.140161e+01,2.139474e+01,2.136728e+01,2.140161e+01,2.138101e+01,2.144278e+01,2.141533e+01,2.144278e+01,2.138788e+01,2.133294e+01,2.128485e+01,2.142220e+01,2.137415e+01,2.143592e+01,2.133294e+01,2.135355e+01,2.135355e+01,2.133981e+01,2.127798e+01,2.138788e+01,2.142220e+01,2.140847e+01,2.138101e+01,2.131920e+01,2.127110e+01,2.125736e+01,2.125048e+01,2.133294e+01,2.133294e+01,2.141533e+01,2.133981e+01,2.133981e+01,2.131920e+01,2.134668e+01,2.133981e+01,2.127798e+01,2.122986e+01,2.135355e+01,2.122298e+01,2.121611e+01,2.118172e+01,2.121611e+01,2.110602e+01,2.114732e+01,2.127110e+01,2.116108e+01,2.117484e+01,2.128485e+01,2.123674e+01,2.116108e+01,2.130546e+01,2.127110e+01,2.124361e+01,2.122986e+01,2.126423e+01,2.124361e+01,2.125736e+01,2.122298e+01,2.127110e+01,2.120235e+01,2.133294e+01,2.134668e+01,2.104405e+01,2.129172e+01,2.132607e+01,2.121611e+01,2.134668e+01,2.123674e+01,2.133981e+01,2.122298e+01,2.122298e+01,2.125048e+01,2.140847e+01,2.114732e+01,2.130546e+01,2.127798e+01,2.129859e+01,2.123674e+01,2.132607e+01,2.129172e+01,2.120235e+01,2.125736e+01,2.135355e+01,2.129859e+01,2.135355e+01,2.131233e+01,2.129172e+01,2.127798e+01,2.135355e+01,2.125048e+01,2.136728e+01,2.133981e+01,2.131920e+01,2.131920e+01,2.127110e+01,2.129859e+01,2.127798e+01,2.127798e+01,2.141533e+01,2.131233e+01,2.128485e+01,2.127798e+01,2.131920e+01,2.125736e+01,2.131233e+01,2.125736e+01,2.126423e+01,2.132607e+01,2.135355e+01,2.132607e+01,2.127798e+01,2.125736e+01,2.119548e+01,2.138101e+01,2.131920e+01,2.133981e+01,2.137415e+01,2.130546e+01,2.131233e+01,2.131233e+01,2.129172e+01,2.128485e+01,2.127110e+01,2.129172e+01,2.129859e+01,2.130546e+01,2.131233e+01,2.118172e+01,2.114044e+01,2.137415e+01,2.139474e+01,2.131920e+01,2.134668e+01,2.124361e+01,2.122298e+01,2.123674e+01,2.131233e+01,2.122986e+01,2.122298e+01,2.131920e+01,2.130546e+01,2.133981e+01,2.129172e+01,2.128485e+01,2.129172e+01,2.130546e+01,2.127798e+01,2.124361e+01,2.127110e+01,2.136041e+01,2.133294e+01,2.129859e+01,2.133294e+01,2.125048e+01,2.120923e+01,2.124361e+01,2.123674e+01,2.125048e+01,2.125736e+01,2.137415e+01,2.124361e+01,2.123674e+01,2.122298e+01,2.120235e+01,2.100960e+01,2.131233e+01,2.117484e+01,2.118860e+01,2.118860e+01,2.120923e+01,2.129859e+01,2.157991e+01,2.127110e+01,2.127110e+01,2.130546e+01,2.133294e+01,2.135355e+01,2.131233e+01,2.139474e+01,2.139474e+01,2.139474e+01,2.143592e+01,2.142906e+01,2.140847e+01,2.144964e+01,2.150451e+01,2.148394e+01,2.151823e+01,2.148394e+01,2.153880e+01,2.146336e+01,2.137415e+01,2.151137e+01,2.145650e+01,2.142220e+01,2.140161e+01,2.144964e+01,2.146336e+01,2.143592e+01,2.147708e+01,2.144964e+01,2.152508e+01,2.140161e+01,2.141533e+01,2.140161e+01,2.148394e+01,2.131233e+01,2.138788e+01,2.124361e+01,2.132607e+01,2.123674e+01,2.128485e+01,2.127798e+01,2.118860e+01,2.120235e+01,2.107848e+01,2.118860e+01,2.114044e+01,2.118860e+01,2.100271e+01,2.107160e+01,2.121611e+01,2.122298e+01,2.116108e+01,2.119548e+01,2.112667e+01,2.109914e+01,2.119548e+01,2.112667e+01,2.122298e+01,2.103716e+01,2.112667e+01,2.109225e+01,2.116108e+01,2.098893e+01,2.103027e+01,2.127798e+01,2.131233e+01,2.139474e+01,2.125048e+01,2.120923e+01,2.132607e+01,2.136728e+01,2.125736e+01,2.137415e+01,2.137415e+01,2.133294e+01,2.137415e+01,2.136041e+01,2.140161e+01,2.147022e+01,2.153194e+01,2.136041e+01,2.140161e+01,2.144278e+01,2.147708e+01,2.155936e+01,2.150451e+01,2.131233e+01,2.147022e+01,2.153194e+01,2.136041e+01,2.140161e+01,2.140847e+01,2.141533e+01,2.144964e+01,2.144278e+01,2.142906e+01,2.142906e+01,2.148394e+01,2.144278e+01,2.146336e+01,2.148394e+01,2.149766e+01,2.144278e+01,2.144278e+01,2.142220e+01,2.151823e+01,2.145650e+01,2.148394e+01,2.140847e+01,2.135355e+01,2.141533e+01,2.137415e+01,2.153880e+01,2.131920e+01,2.132607e+01,2.149080e+01,2.140847e+01,2.131920e+01,2.132607e+01,2.151823e+01,2.136041e+01,2.151823e+01,2.116796e+01,2.141533e+01,2.149080e+01,2.150451e+01,2.137415e+01,2.138788e+01,2.162787e+01,2.144964e+01,2.147708e+01,2.137415e+01,2.164841e+01,2.140847e+01,2.142220e+01,2.147022e+01,2.145650e+01,2.131920e+01
2.133981e+01,2.130546e+01,2.131920e+01,2.131233e+01,2.114732e+01,2.129859e+01,2.124361e+01,2.123674e+01,2.129859e+01,2.131233e+01,2.120235e+01,2.123674e+01,2.123674e+01,2.129859e+01,2.127110e+01,2.125048e+01,2.130546e+01,2.124361e+01,2.120923e+01,2.131920e+01,2.134668e+01,2.128485e+01,2.122986e+01,2.129859e+01,2.124361e+01,2.127798e+01,2.134668e+01,2.131233e+01,2.121611e+01,2.120923e+01,2.125736e+01,2.129172e+01,2.132607e+01,2.116108e+01,2.120923e+01,2.131920e+01,2.129859e+01,2.120235e+01,2.133294e+01,2.131920e+01,2.125048e+01,2.131233e+01,2.126423e+01,2.127798e+01,2.127110e+01,2.120923e+01,2.133981e+01,2.119548e+01,2.130546e+01,2.133294e+01,2.137415e+01,2.129859e+01,2.124361e+01,2.127110e+01,2.120923e+01,2.139474e+01,2.142220e+01,2.136728e+01,2.133981e+01,2.133294e+01,2.129859e+01,2.113355e+01,2.113355e+01,2.108537e+01,2.118860e+01,2.112667e+01,2.112667e+01,2.129172e+01,2.129172e+01,2.135355e+01,2.133981e+01,2.129172e+01,2.145650e+01,2.130546e+01,2.133981e+01,2.147708e+01,2.151823e+01,2.131233e+01,2.113355e+01,2.131920e+01,2.133981e+01,2.142906e+01,2.135355e+01,2.134668e+01,2.128485e+01,2.132607e+01,2.136728e+01,2.127798e+01,2.114732e+01,2.121611e+01,2.118172e+01,2.121611e+01,2.113355e+01,2.136728e+01,2.131920e+01,2.122986e+01,2.108537e+01,2.122298e+01,2.113355e+01,2.130546e+01,2.140161e+01,2.142220e+01,2.130546e+01,2.127798e+01,2.124361e+01,2.123674e+01,2.127798e+01,2.125048e+01,2.126423e+01,2.118860e+01,2.133294e+01,2.127110e+01,2.129859e+01,2.125048e+01,2.122986e+01,2.119548e+01,2.119548e+01,2.118860e+01,2.121611e+01,2.122298e+01,2.116108e+01,2.125736e+01,2.118860e+01,2.121611e+01,2.114732e+01,2.120235e+01,2.122298e+01,2.114044e+01,2.117484e+01,2.109914e+01,2.118860e+01,2.105782e+01,2.119548e+01,2.123674e+01,2.118860e+01,2.122986e+01,2.118172e+01,2.119548e+01,2.123674e+01,2.128485e+01,2.126423e+01,2.129172e+01,2.136728e+01,2.130546e+01,2.122986e+01,2.127798e+01,2.123674e+01,2.148394e+01,2.123674e+01,2.127798e+01,2.129859e+01,2.126423e+01,2.125736e+01,2.125048e+01,2.125736e+01,2.126423e+01,2.119548e+01,2.123674e+01,2.121611e+01,2.123674e+01,2.136728e+01,2.123674e+01,2.134668e+01,2.127110e+01,2.127798e+01,2.144964e+01,2.135355e+01,2.138101e+01,2.136041e+01,2.144278e+01,2.144278e+01,2.142906e+01,2.142906e+01,2.131233e+01,2.137415e+01,2.136728e+01,2.126423e+01,2.156621e+01,2.135355e+01,2.144964e+01,2.149766e+01,2.154565e+01,2.188096e+01,2.355467e+01,2.231046e+01,2.156621e+01,2.137415e+01,2.131920e+01,2.136728e+01,2.134668e+01,2.116796e+01,2.137415e+01,2.127798e+01,2.129172e+01,2.134668e+01,2.134668e+01,2.134668e+01,2.128485e+01,2.144964e+01,2.153194e+01,2.186729e+01,2.194243e+01,2.230365e+01,2.235127e+01,2.223560e+01,2.274494e+01,2.268395e+01,2.208571e+01,2.207889e+01,2.293444e+01,2.226282e+01,2.211979e+01,2.209252e+01,2.288710e+01,2.216068e+01,2.171002e+01,2.186729e+01,2.211979e+01,2.254150e+01,2.417789e+01,2.298177e+01,2.240566e+01,2.249398e+01,2.327199e+01,2.326525e+01,2.286680e+01,2.277203e+01,2.419793e+01,2.337977e+01,2.284650e+01,2.334610e+01,2.233767e+01,2.207207e+01,2.201750e+01,2.182629e+01,2.200386e+01,2.200386e+01,2.179894e+01,2.219474e+01,2.416452e+01,2.482396e+01,2.368901e+01,2.264327e+01,2.329221e+01,2.418457e+01,2.282620e+01,2.243284e+01,2.281943e+01,2.345380e+01,2.268395e+01,2.233767e+01,2.281266e+01,2.498319e+01,2.679080e+01,2.639904e+01,2.339997e+01,2.203115e+01,2.248719e+01,2.324503e+01,2.248719e+01,2.280589e+01,2.405756e+01,2.538684e+01,2.449143e+01,2.318433e+01,2.273816e+01,2.190828e+01,2.176475e+01,2.254829e+01,2.396387e+01,2.352778e+01,2.263649e+01,2.248039e+01,2.302907e+01,2.255508e+01,2.191511e+01,2.246681e+01,2.242604e+01,2.184679e+01,2.179894e+01,2.207207e+01,2.325851e+01,2.231726e+01,2.207889e+01,2.216749e+01,2.275848e+01,2.446478e+01,2.605177e+01,2.494341e+01,2.218112e+01,2.175107e+01,2.173055e+01,2.217430e+01,2.346053e+01,2.285327e+01,2.195608e+01,2.155936e+01,2.148394e+01,2.215387e+01,2.260258e+01,2.168264e+01,2.142220e+01,2.126423e+01,2.138101e+01,2.142220e+01,2.168264e+01,2.157306e+01,2.135355e+01,2.147022e+01,2.127110e+01,2.144278e+01,2.132607e+01,2.142906e+01,2.138101e+01,2.141533e+01,2.138788e+01,2.135355e+01,2.133981e+01,2.129859e+01,2.128485e+01,2.133294e+01,2.147708e+01,2.143592e+01,2.140161e+01,2.149766e+01,2.140161e+01,2.139474e+01,2.140161e+01,2.140847e+01,2.138101e+01,2.140161e+01,2.143592e+01,2.140161e+01,2.140847e+01,2.133981e+01,2.129172e+01,2.138101e+01,2.146336e+01,2.130546e+01,2.135355e+01,2.145650e+01,2.134668e+01,2.138788e+01,2.140161e+01,2.138788e+01,2.140161e+01,2.133294e+01,2.146336e+01,2.139474e+01,2.138101e+01,2.131920e+01,2.127110e+01,2.138788e+01,2.149080e+01,2.129172e+01,2.138101e+01,2.137415e+01,2.139474e+01,2.131920e+01,2.133294e+01,2.134668e+01,2.133294e+01,2.133981e+01,2.136728e+01,2.131920e+01,2.128485e+01,2.131920e+01,2.127110e+01,2.135355e+01,2.122298e+01,2.127110e+01,2.127798e+01,2.114732e+01,2.126423e+01,2.109225e+01,2.123674e+01,2.114732e+01,2.120235e+01,2.125048e+01,2.124361e+01,2.122298e+01,2.120235e+01,2.122298e+01,2.142906e+01,2.129172e+01,2.133294e+01,2.121611e+01,2.131233e+01,2.120923e+01,2.127110e+01,2.114044e+01,2.130546e+01,2.136041e+01,2.127110e+01,2.127110e+01,2.129172e+01,2.126423e+01,2.125048e+01,2.132607e+01,2.149766e+01,2.138101e+01,2.122986e+01,2.131920e+01,2.120923e+01,2.131920e+01,2.133981e+01,2.122298e+01,2.121611e+01,2.127798e+01,2.124361e+01,2.122986e+01,2.129859e+01,2.116796e+01,2.129172e+01,2.127110e+01,2.133981e+01,2.136041e+01,2.135355e+01,2.129859e+01,2.125048e+01,2.125736e+01,2.138101e+01,2.147708e+01,2.130546e+01,2.136041e+01,2.136728e+01,2.127110e+01,2.131233e+01,2.129172e+01,2.127798e+01,2.129172e+01,2.129859e+01,2.136041e+01,2.133981e+01,2.137415e+01,2.137415e+01,2.124361e+01,2.144278e+01,2.134668e+01,2.138788e+01,2.133294e+01,2.132607e+01,2.133981e+01,2.126423e+01,2.130546e+01,2.132607e+01,2.136041e+01,2.130546e+01,2.139474e+01,2.134668e+01,2.127798e+01,2.128485e+01,2.125736e+01,2.137415e+01,2.127110e+01,2.128485e+01,2.124361e+01,2.138788e+01,2.139474e+01,2.140161e+01,2.136728e+01,2.138788e+01,2.130546e+01,2.125736e+01,2.137415e+01,2.134668e+01,2.125048e+01,2.130546e+01,2.131233e+01,2.127110e+01,2.129172e+01,2.127798e+01,2.133294e+01,2.131920e+01,2.128485e+01,2.127110e+01,2.129859e+01,2.131233e+01,2.133981e+01,2.127110e+01,2.131233e+01,2.129859e+01,2.128485e+01,2.125736e+01,2.130546e+01,2.133294e+01,2.122986e+01,2.121611e+01,2.127798e+01,2.121611e+01,2.122986e+01,2.123674e+01,2.121611e+01,2.125048e+01,2.128485e+01,2.123674e+01,2.125736e+01,2.131233e+01,2.118860e+01,2.127110e+01,2.126423e+01,2.131233e+01,2.127110e+01,2.130546e+01,2.127110e+01,2.143592e+01,2.129859e+01,2.127110e+01,2.138101e+01,2.145650e+01,2.139474e+01,2.142220e+01,2.140847e+01,2.144964e+01,2.150451e+01,2.142906e+01,2.138101e+01,2.157306e+01,2.140161e+01,2.139474e+01,2.142906e+01,2.144964e+01,2.145650e+01,2.147708e+01,2.145650e+01,2.118860e+01,2.149766e+01,2.141533e+01,2.153194e+01,2.144278e+01,2.142906e+01,2.142906e+01,2.131233e+01,2.139474e+01,2.138788e+01,2.147022e+01,2.125736e+01,2.128485e+01,2.133981e+01,2.129172e+01,2.153194e+01,2.121611e+01,2.122298e+01,2.124361e+01,2.121611e+01,2.118172e+01,2.132607e+01,2.120923e+01,2.115420e+01,2.119548e+01,2.112667e+01,2.118860e+01,2.120923e+01,2.113355e+01,2.116108e+01,2.116108e+01,2.115420e+01,2.111291e+01,2.116796e+01,2.113355e+01,2.123674e+01,2.112667e+01,2.112667e+01,2.122986e+01,2.125736e+01,2.127798e+01,2.128485e+01,2.125048e+01,2.124361e+01,2.123674e+01,2.125048e+01,2.132607e+01,2.129172e+01,2.142906e+01,2.127110e+01,2.138101e+01,2.135355e+01,2.135355e+01,2.133981e+01,2.138788e+01,2.151137e+01,2.147708e+01,2.139474e+01,2.151137e+01,2.158677e+01,2.149080e+01,2.151137e+01,2.147708e+01,2.143592e+01,2.142906e+01,2.140847e+01,2.143592e+01,2.157991e+01,2.143592e+01,2.142906e+01,2.139474e+01,2.147708e+01,2.144278e+01,2.138101e+01,2.148394e+01,2.145650e+01,2.149766e+01,2.146336e+01,2.147708e+01,2.144278e+01,2.143592e+01,2.149766e+01,2.141533e+01,2.139474e+01,2.136728e+01,2.135355e+01,2.138101e+01,2.153880e+01,2.142220e+01,2.138101e+01,2.151137e+01,2.146336e+01,2.135355e+01,2.146336e+01,2.144278e+01,2.132607e+01,2.132607e+01,2.133981e+01,2.141533e+01,2.154565e+01,2.145650e+01,2.141533e+01,2.144278e+01,2.147708e+01,2.148394e+01,2.163472e+01,2.138788e+01,2.150451e+01,2.149766e+01,2.147022e+01,2.143592e+01,2.151137e+01,2.152508e+01,2.151137e+01,2.149080e+01
2.135355e+01,2.130546e+01,2.143592e+01,2.129859e+01,2.130546e+01,2.129172e+01,2.134668e+01,2.121611e+01,2.128485e+01,2.122986e+01,2.129859e+01,2.129172e+01,2.134668e+01,2.133981e+01,2.138101e+01,2.137415e+01,2.128485e+01,2.122298e+01,2.132607e+01,2.127798e+01,2.124361e+01,2.127110e+01,2.121611e+01,2.125048e+01,2.114732e+01,2.127798e+01,2.129859e+01,2.145650e+01,2.125048e+01,2.122986e+01,2.128485e+01,2.128485e+01,2.131233e+01,2.136041e+01,2.134668e+01,2.125048e+01,2.121611e+01,2.131920e+01,2.129859e+01,2.133294e+01,2.131920e+01,2.130546e+01,2.129172e+01,2.125048e+01,2.123674e+01,2.129859e+01,2.127110e+01,2.125048e+01,2.122986e+01,2.140847e+01,2.131233e+01,2.125736e+01,2.121611e+01,2.127110e+01,2.126423e+01,2.132607e+01,2.135355e+01,2.131920e+01,2.146336e+01,2.138788e+01,2.134668e+01,2.118172e+01,2.101649e+01,2.107160e+01,2.115420e+01,2.124361e+01,2.125048e+01,2.124361e+01,2.129859e+01,2.131920e+01,2.139474e+01,2.139474e+01,2.136728e+01,2.138788e+01,2.117484e+01,2.130546e+01,2.133294e+01,2.129172e+01,2.127110e+01,2.118860e+01,2.133981e+01,2.134668e+01,2.126423e+01,2.135355e+01,2.138788e+01,2.131920e+01,2.123674e+01,2.118172e+01,2.120923e+01,2.126423e+01,2.116108e+01,2.116796e+01,2.110602e+01,2.118860e+01,2.118860e+01,2.119548e+01,2.119548e+01,2.114732e+01,2.111291e+01,2.132607e+01,2.136041e+01,2.132607e+01,2.129859e+01,2.133294e+01,2.120923e+01,2.129859e+01,2.126423e+01,2.122986e+01,2.126423e+01,2.135355e+01,2.126423e+01,2.129859e+01,2.128485e+01,2.114044e+01,2.121611e+01,2.125048e+01,2.116796e+01,2.119548e+01,2.119548e+01,2.118860e+01,2.127110e+01,2.124361e+01,2.125048e+01,2.125048e+01,2.121611e+01,2.115420e+01,2.116796e+01,2.116796e+01,2.110602e+01,2.112667e+01,2.116796e+01,2.111291e+01,2.102338e+01,2.107160e+01,2.113355e+01,2.117484e+01,2.127110e+01,2.121611e+01,2.124361e+01,2.117484e+01,2.136041e+01,2.125048e+01,2.126423e+01,2.127798e+01,2.128485e+01,2.128485e+01,2.127110e+01,2.125736e+01,2.127110e+01,2.129859e+01,2.127110e+01,2.122986e+01,2.132607e+01,2.129859e+01,2.127798e+01,2.133981e+01,2.119548e+01,2.128485e+01,2.140161e+01,2.140161e+01,2.118172e+01,2.125048e+01,2.139474e+01,2.135355e+01,2.132607e+01,2.143592e+01,2.131233e+01,2.130546e+01,2.131233e+01,2.147022e+01,2.143592e+01,2.136041e+01,2.133981e+01,2.138101e+01,2.117484e+01,2.139474e+01,2.142906e+01,2.130546e+01,2.146336e+01,2.154565e+01,2.151137e+01,2.171686e+01,2.186046e+01,2.354123e+01,2.232406e+01,2.159362e+01,2.135355e+01,2.134668e+01,2.129859e+01,2.132607e+01,2.122986e+01,2.127798e+01,2.128485e+01,2.132607e+01,2.127798e+01,2.131920e+01,2.133294e+01,2.140847e+01,2.138788e+01,2.142220e+01,2.186046e+01,2.223560e+01,2.213342e+01,2.220155e+01,2.243964e+01,2.468442e+01,2.390360e+01,2.220836e+01,2.208571e+01,2.321131e+01,2.290739e+01,2.224921e+01,2.288033e+01,2.366887e+01,2.277880e+01,2.185363e+01,2.173739e+01,2.188096e+01,2.316409e+01,2.361515e+01,2.262971e+01,2.248039e+01,2.265005e+01,2.325851e+01,2.300880e+01,2.255508e+01,2.313035e+01,2.308310e+01,2.222879e+01,2.235127e+01,2.229004e+01,2.238527e+01,2.184679e+01,2.164841e+01,2.189462e+01,2.190145e+01,2.179894e+01,2.173739e+01,2.178527e+01,2.258901e+01,2.273139e+01,2.276526e+01,2.300204e+01,2.426471e+01,2.457799e+01,2.279235e+01,2.250077e+01,2.273816e+01,2.228324e+01,2.186046e+01,2.205843e+01,2.339997e+01,2.597956e+01,2.659510e+01,2.603865e+01,2.406425e+01,2.202432e+01,2.215387e+01,2.263649e+01,2.308310e+01,2.427806e+01,2.572312e+01,2.512233e+01,2.413111e+01,2.239886e+01,2.275171e+01,2.196973e+01,2.213342e+01,2.396387e+01,2.447811e+01,2.352778e+01,2.248039e+01,2.248719e+01,2.227644e+01,2.192877e+01,2.216749e+01,2.246681e+01,2.229685e+01,2.250756e+01,2.264327e+01,2.218793e+01,2.280589e+01,2.295473e+01,2.203797e+01,2.223560e+01,2.370915e+01,2.648404e+01,2.704467e+01,2.582183e+01,2.237847e+01,2.173055e+01,2.172371e+01,2.218112e+01,2.281266e+01,2.315060e+01,2.244643e+01,2.195608e+01,2.196973e+01,2.218112e+01,2.216749e+01,2.143592e+01,2.142906e+01,2.140161e+01,2.138101e+01,2.148394e+01,2.191511e+01,2.186729e+01,2.147708e+01,2.131233e+01,2.149766e+01,2.144964e+01,2.142906e+01,2.137415e+01,2.140161e+01,2.138101e+01,2.127110e+01,2.147022e+01,2.135355e+01,2.139474e+01,2.138788e+01,2.134668e+01,2.140161e+01,2.138788e+01,2.137415e+01,2.141533e+01,2.139474e+01,2.135355e+01,2.130546e+01,2.130546e+01,2.130546e+01,2.141533e+01,2.139474e+01,2.138788e+01,2.138788e+01,2.140847e+01,2.116796e+01,2.142906e+01,2.144964e+01,2.137415e+01,2.142906e+01,2.144278e+01,2.127110e+01,2.137415e+01,2.147708e+01,2.138101e+01,2.138101e+01,2.137415e+01,2.138788e+01,2.127110e+01,2.126423e+01,2.140847e+01,2.134668e+01,2.136728e+01,2.139474e+01,2.136728e+01,2.128485e+01,2.136728e+01,2.133294e+01,2.131920e+01,2.136728e+01,2.134668e+01,2.138101e+01,2.133981e+01,2.136728e+01,2.138101e+01,2.131920e+01,2.130546e+01,2.137415e+01,2.133294e+01,2.151137e+01,2.122986e+01,2.124361e+01,2.107848e+01,2.125736e+01,2.126423e+01,2.128485e+01,2.125736e+01,2.122986e+01,2.121611e+01,2.126423e+01,2.118172e+01,2.122298e+01,2.114732e+01,2.131920e+01,2.127110e+01,2.116796e+01,2.129172e+01,2.120235e+01,2.118172e+01,2.118860e+01,2.121611e+01,2.131233e+01,2.109914e+01,2.137415e+01,2.127110e+01,2.127798e+01,2.127110e+01,2.124361e+01,2.121611e+01,2.131920e+01,2.129859e+01,2.138101e+01,2.129859e+01,2.129859e+01,2.142906e+01,2.124361e+01,2.124361e+01,2.123674e+01,2.131920e+01,2.133981e+01,2.123674e+01,2.125048e+01,2.125048e+01,2.136041e+01,2.122986e+01,2.134668e+01,2.127798e+01,2.131233e+01,2.130546e+01,2.133981e+01,2.122986e+01,2.129859e+01,2.133981e+01,2.139474e+01,2.135355e+01,2.136728e+01,2.138788e+01,2.127798e+01,2.135355e+01,2.127798e+01,2.129859e+01,2.125736e+01,2.131233e+01,2.135355e+01,2.131233e+01,2.125736e+01,2.144278e+01,2.131920e+01,2.126423e+01,2.135355e+01,2.133294e+01,2.131233e+01,2.127798e+01,2.134668e+01,2.129172e+01,2.130546e+01,2.128485e+01,2.138101e+01,2.135355e+01,2.126423e+01,2.125048e+01,2.120923e+01,2.125736e+01,2.135355e+01,2.129172e+01,2.131920e+01,2.127798e+01,2.127798e+01,2.130546e+01,2.129859e+01,2.124361e+01,2.129859e+01,2.140161e+01,2.129172e+01,2.130546e+01,2.122298e+01,2.137415e+01,2.125736e+01,2.120923e+01,2.128485e+01,2.130546e+01,2.101649e+01,2.129859e+01,2.131920e+01,2.131233e+01,2.131233e+01,2.128485e+01,2.129172e+01,2.131233e+01,2.120923e+01,2.118860e+01,2.134668e+01,2.109225e+01,2.127798e+01,2.132607e+01,2.115420e+01,2.125048e+01,2.136041e+01,2.122298e+01,2.122298e+01,2.129172e+01,2.123674e+01,2.118172e+01,2.122298e+01,2.120235e+01,2.118860e+01,2.123674e+01,2.129859e+01,2.141533e+01,2.120235e+01,2.118860e+01,2.120235e+01,2.129859e+01,2.130546e+01,2.122298e+01,2.140847e+01,2.129859e+01,2.144278e+01,2.142906e+01,2.146336e+01,2.144964e+01,2.139474e+01,2.131920e+01,2.118172e+01,2.147022e+01,2.140847e+01,2.140847e+01,2.138101e+01,2.138788e+01,2.140161e+01,2.138788e+01,2.136728e+01,2.148394e+01,2.138101e+01,2.142220e+01,2.147708e+01,2.147022e+01,2.145650e+01,2.147708e+01,2.138788e+01,2.148394e+01,2.147708e+01,2.144964e+01,2.149080e+01,2.138788e+01,2.144278e+01,2.139474e+01,2.122986e+01,2.134668e+01,2.140847e+01,2.125736e+01,2.131920e+01,2.123674e+01,2.116796e+01,2.125048e+01,2.113355e+01,2.130546e+01,2.125048e+01,2.127798e+01,2.117484e+01,2.113355e+01,2.109914e+01,2.119548e+01,2.118172e+01,2.114044e+01,2.116796e+01,2.116796e+01,2.112667e+01,2.116108e+01,2.107848e+01,2.110602e+01,2.090619e+01,2.121611e+01,2.120235e+01,2.126423e+01,2.122298e+01,2.122298e+01,2.128485e+01,2.124361e+01,2.125048e+01,2.132607e+01,2.136041e+01,2.144964e+01,2.125736e+01,2.139474e+01,2.138101e+01,2.140161e+01,2.134668e+01,2.133294e+01,2.135355e+01,2.142906e+01,2.135355e+01,2.145650e+01,2.153194e+01,2.149080e+01,2.142906e+01,2.146336e+01,2.158677e+01,2.151823e+01,2.140847e+01,2.143592e+01,2.140847e+01,2.139474e+01,2.133294e+01,2.151137e+01,2.133981e+01,2.143592e+01,2.138101e+01,2.151823e+01,2.132607e+01,2.149080e+01,2.143592e+01,2.143592e+01,2.129172e+01,2.135355e+01,2.138788e+01,2.142220e+01,2.151823e+01,2.137415e+01,2.148394e+01,2.142220e+01,2.161417e+01,2.149080e+01,2.139474e+01,2.146336e+01,2.136041e+01,2.133981e+01,2.146336e+01,2.151137e+01,2.134668e+01,2.141533e+01,2.147022e+01,2.156621e+01,2.154565e+01,2.154565e+01,2.150451e+01,2.127798e+01,2.149766e+01,2.144964e+01,2.145650e+01,2.143592e+01,2.149080e+01,2.149766e+01,2.155250e+01,2.149080e+01,2.149766e+01,2.153194e+01,2.130546e+01,2.154565e+01,2.149080e+01
2.125736e+01,2.138101e+01,2.122986e+01,2.115420e+01,2.129859e+01,2.115420e+01,2.121611e+01,2.127110e+01,2.127798e+01,2.125736e+01,2.115420e+01,2.129172e+01,2.129172e+01,2.127110e+01,2.128485e+01,2.132607e+01,2.132607e+01,2.122298e+01,2.125048e+01,2.122298e+01,2.124361e+01,2.124361e+01,2.132607e+01,2.127798e+01,2.128485e+01,2.128485e+01,2.127110e+01,2.124361e+01,2.124361e+01,2.123674e+01,2.122298e+01,2.118172e+01,2.123674e+01,2.131233e+01,2.135355e+01,2.129172e+01,2.131920e+01,2.131920e+01,2.129172e+01,2.123674e+01,2.122986e+01,2.131920e+01,2.131233e+01,2.130546e+01,2.129859e+01,2.127798e+01,2.125048e+01,2.125736e+01,2.126423e+01,2.127798e+01,2.128485e+01,2.127798e+01,2.127110e+01,2.137415e+01,2.127798e+01,2.131920e+01,2.128485e+01,2.122986e+01,2.132607e+01,2.117484e+01,2.116108e+01,2.111979e+01,2.117484e+01,2.100960e+01,2.116796e+01,2.127110e+01,2.129172e+01,2.129172e+01,2.127110e+01,2.129859e+01,2.131920e+01,2.140847e+01,2.136041e+01,2.145650e+01,2.129859e+01,2.131920e+01,2.133294e+01,2.131920e+01,2.124361e+01,2.118172e+01,2.114732e+01,2.132607e+01,2.125048e+01,2.138101e+01,2.135355e+01,2.133981e+01,2.122298e+01,2.129172e+01,2.131233e+01,2.126423e+01,2.124361e+01,2.118860e+01,2.115420e+01,2.124361e+01,2.132607e+01,2.125048e+01,2.138788e+01,2.133294e+01,2.114732e+01,2.119548e+01,2.117484e+01,2.135355e+01,2.135355e+01,2.129172e+01,2.125736e+01,2.127798e+01,2.126423e+01,2.137415e+01,2.127110e+01,2.115420e+01,2.129859e+01,2.128485e+01,2.128485e+01,2.127798e+01,2.128485e+01,2.124361e+01,2.119548e+01,2.118172e+01,2.119548e+01,2.117484e+01,2.114732e+01,2.126423e+01,2.117484e+01,2.112667e+01,2.128485e+01,2.112667e+01,2.109225e+01,2.105782e+01,2.116108e+01,2.111291e+01,2.114732e+01,2.122986e+01,2.130546e+01,2.120235e+01,2.113355e+01,2.113355e+01,2.128485e+01,2.116796e+01,2.120235e+01,2.127798e+01,2.125736e+01,2.129172e+01,2.123674e+01,2.130546e+01,2.127798e+01,2.122298e+01,2.120235e+01,2.123674e+01,2.125736e+01,2.124361e+01,2.118172e+01,2.123674e+01,2.120235e+01,2.120923e+01,2.131920e+01,2.124361e+01,2.126423e+01,2.124361e+01,2.121611e+01,2.127798e+01,2.130546e+01,2.135355e+01,2.131920e+01,2.123674e+01,2.137415e+01,2.137415e+01,2.140847e+01,2.133981e+01,2.142906e+01,2.133294e+01,2.133294e+01,2.142220e+01,2.138101e+01,2.134668e+01,2.136041e+01,2.142220e+01,2.143592e+01,2.143592e+01,2.145650e+01,2.151137e+01,2.147022e+01,2.153194e+01,2.183996e+01,2.323828e+01,2.233086e+01,2.166211e+01,2.138788e+01,2.135355e+01,2.133294e+01,2.135355e+01,2.134668e+01,2.126423e+01,2.133981e+01,2.126423e+01,2.130546e+01,2.142906e+01,2.128485e+01,2.131920e+01,2.138788e+01,2.143592e+01,2.157991e+01,2.225602e+01,2.197656e+01,2.187413e+01,2.218793e+01,2.431810e+01,2.356812e+01,2.212661e+01,2.222879e+01,2.258901e+01,2.261614e+01,2.207207e+01,2.232406e+01,2.262292e+01,2.271783e+01,2.164157e+01,2.163472e+01,2.199021e+01,2.361515e+01,2.555182e+01,2.360171e+01,2.280589e+01,2.296825e+01,2.317759e+01,2.300880e+01,2.303582e+01,2.315735e+01,2.222198e+01,2.207889e+01,2.202432e+01,2.183312e+01,2.179211e+01,2.169633e+01,2.168949e+01,2.181262e+01,2.174423e+01,2.156621e+01,2.151823e+01,2.157991e+01,2.193560e+01,2.209934e+01,2.245322e+01,2.331915e+01,2.459130e+01,2.483723e+01,2.311011e+01,2.229685e+01,2.222879e+01,2.198338e+01,2.200386e+01,2.242604e+01,2.321806e+01,2.453805e+01,2.418457e+01,2.368901e+01,2.339997e+01,2.204479e+01,2.224240e+01,2.257544e+01,2.413111e+01,2.627468e+01,2.630087e+01,2.421797e+01,2.269073e+01,2.270428e+01,2.256186e+01,2.166211e+01,2.237167e+01,2.517528e+01,2.555182e+01,2.335283e+01,2.302231e+01,2.270428e+01,2.256865e+01,2.218793e+01,2.246002e+01,2.240566e+01,2.215387e+01,2.345380e+01,2.369573e+01,2.295473e+01,2.278557e+01,2.415784e+01,2.222879e+01,2.233086e+01,2.413779e+01,2.653632e+01,2.688851e+01,2.526128e+01,2.205843e+01,2.174423e+01,2.196291e+01,2.274494e+01,2.343362e+01,2.224921e+01,2.194243e+01,2.196291e+01,2.195608e+01,2.182629e+01,2.151137e+01,2.138101e+01,2.125736e+01,2.137415e+01,2.138101e+01,2.151137e+01,2.168949e+01,2.181945e+01,2.150451e+01,2.144278e+01,2.127110e+01,2.140161e+01,2.143592e+01,2.144964e+01,2.142906e+01,2.143592e+01,2.138788e+01,2.138101e+01,2.141533e+01,2.139474e+01,2.145650e+01,2.140847e+01,2.136041e+01,2.137415e+01,2.140847e+01,2.135355e+01,2.147022e+01,2.131920e+01,2.138788e+01,2.140161e+01,2.128485e+01,2.140847e+01,2.134668e+01,2.136728e+01,2.137415e+01,2.136041e+01,2.134668e+01,2.141533e+01,2.133294e+01,2.142906e+01,2.125048e+01,2.144964e+01,2.144964e+01,2.134668e+01,2.138788e+01,2.138101e+01,2.129172e+01,2.139474e+01,2.132607e+01,2.137415e+01,2.143592e+01,2.133981e+01,2.129172e+01,2.129172e+01,2.139474e+01,2.138101e+01,2.150451e+01,2.135355e+01,2.130546e+01,2.129859e+01,2.123674e+01,2.136041e+01,2.134668e+01,2.133294e+01,2.133981e+01,2.137415e+01,2.134668e+01,2.132607e+01,2.134668e+01,2.129172e+01,2.119548e+01,2.123674e+01,2.129859e+01,2.129859e+01,2.122298e+01,2.111291e+01,2.127110e+01,2.122298e+01,2.120923e+01,2.120235e+01,2.118860e+01,2.120923e+01,2.121611e+01,2.110602e+01,2.110602e+01,2.118860e+01,2.124361e+01,2.136728e+01,2.120235e+01,2.117484e+01,2.120235e+01,2.135355e+01,2.141533e+01,2.138788e+01,2.119548e+01,2.124361e+01,2.126423e+01,2.140161e+01,2.123674e+01,2.123674e+01,2.138101e+01,2.131233e+01,2.133294e+01,2.132607e+01,2.129172e+01,2.109914e+01,2.123674e+01,2.128485e+01,2.126423e+01,2.125048e+01,2.124361e+01,2.124361e+01,2.125736e+01,2.116108e+01,2.136041e+01,2.115420e+01,2.131920e+01,2.129859e+01,2.131920e+01,2.133981e+01,2.126423e+01,2.125048e+01,2.131233e+01,2.122298e+01,2.144278e+01,2.140161e+01,2.135355e+01,2.140161e+01,2.129172e+01,2.128485e+01,2.129172e+01,2.129859e+01,2.129859e+01,2.129172e+01,2.130546e+01,2.133294e+01,2.129859e+01,2.127110e+01,2.133981e+01,2.127798e+01,2.129172e+01,2.131233e+01,2.133981e+01,2.122986e+01,2.131920e+01,2.140161e+01,2.137415e+01,2.130546e+01,2.129172e+01,2.127798e+01,2.127110e+01,2.127798e+01,2.129859e+01,2.129859e+01,2.117484e+01,2.133294e+01,2.129859e+01,2.133981e+01,2.139474e+01,2.132607e+01,2.130546e+01,2.136728e+01,2.130546e+01,2.136728e+01,2.140847e+01,2.129172e+01,2.126423e+01,2.124361e+01,2.121611e+01,2.127798e+01,2.127798e+01,2.125736e+01,2.129172e+01,2.127798e+01,2.133981e+01,2.127798e+01,2.133294e+01,2.126423e+01,2.131233e+01,2.129859e+01,2.133981e+01,2.133294e+01,2.128485e+01,2.120923e+01,2.125736e+01,2.128485e+01,2.124361e+01,2.125048e+01,2.119548e+01,2.127798e+01,2.127110e+01,2.123674e+01,2.122986e+01,2.124361e+01,2.131920e+01,2.127798e+01,2.108537e+01,2.127798e+01,2.130546e+01,2.129172e+01,2.126423e+01,2.123674e+01,2.125048e+01,2.131920e+01,2.129859e+01,2.131233e+01,2.142220e+01,2.142220e+01,2.140847e+01,2.139474e+01,2.142906e+01,2.144964e+01,2.151823e+01,2.151137e+01,2.147708e+01,2.144278e+01,2.153194e+01,2.125048e+01,2.153880e+01,2.153194e+01,2.154565e+01,2.140847e+01,2.141533e+01,2.145650e+01,2.142906e+01,2.159362e+01,2.148394e+01,2.147022e+01,2.151823e+01,2.145650e+01,2.152508e+01,2.148394e+01,2.156621e+01,2.146336e+01,2.137415e+01,2.138101e+01,2.127798e+01,2.149766e+01,2.135355e+01,2.135355e+01,2.133981e+01,2.149080e+01,2.129859e+01,2.129859e+01,2.134668e+01,2.132607e+01,2.125048e+01,2.130546e+01,2.125736e+01,2.127110e+01,2.116796e+01,2.122298e+01,2.118860e+01,2.115420e+01,2.120235e+01,2.119548e+01,2.118860e+01,2.117484e+01,2.114732e+01,2.114044e+01,2.112667e+01,2.121611e+01,2.117484e+01,2.122986e+01,2.124361e+01,2.130546e+01,2.117484e+01,2.127110e+01,2.125048e+01,2.114732e+01,2.126423e+01,2.130546e+01,2.133981e+01,2.125048e+01,2.125048e+01,2.125736e+01,2.140847e+01,2.138788e+01,2.136728e+01,2.140161e+01,2.140161e+01,2.153880e+01,2.137415e+01,2.131233e+01,2.152508e+01,2.142906e+01,2.146336e+01,2.151823e+01,2.155936e+01,2.149766e+01,2.138101e+01,2.140161e+01,2.156621e+01,2.137415e+01,2.152508e+01,2.136728e+01,2.142220e+01,2.142906e+01,2.143592e+01,2.143592e+01,2.131920e+01,2.142220e+01,2.142906e+01,2.141533e+01,2.144964e+01,2.143592e+01,2.142906e+01,2.141533e+01,2.146336e+01,2.141533e+01,2.128485e+01,2.140161e+01,2.140161e+01,2.149080e+01,2.150451e+01,2.133294e+01,2.138101e+01,2.142220e+01,2.141533e+01,2.153194e+01,2.140847e+01,2.151823e+01,2.149080e+01,2.138101e+01,2.147022e+01,2.155936e+01,2.149766e+01,2.149766e+01,2.144964e+01,2.142906e+01,2.147022e+01,2.145650e+01,2.150451e+01,2.159362e+01,2.144278e+01,2.145650e+01,2.162787e+01,2.150451e+01,2.162102e+01,2.145650e+01,2.164157e+01
2.142906e+01,2.140847e+01,2.128485e+01,2.131233e+01,2.133294e+01,2.122986e+01,2.129859e+01,2.128485e+01,2.128485e+01,2.127798e+01,2.127110e+01,2.127110e+01,2.135355e+01,2.132607e+01,2.131920e+01,2.129859e+01,2.123674e+01,2.135355e+01,2.132607e+01,2.121611e+01,2.133294e+01,2.127110e+01,2.129859e+01,2.127110e+01,2.131233e+01,2.120235e+01,2.125736e+01,2.128485e+01,2.120235e+01,2.109225e+01,2.128485e+01,2.124361e+01,2.132607e+01,2.129859e+01,2.140161e+01,2.127798e+01,2.126423e+01,2.122298e+01,2.135355e+01,2.140161e+01,2.133294e+01,2.146336e+01,2.136728e+01,2.131920e+01,2.130546e+01,2.127798e+01,2.116796e+01,2.125048e+01,2.127110e+01,2.130546e+01,2.125736e+01,2.130546e+01,2.125048e+01,2.124361e+01,2.132607e+01,2.130546e+01,2.120235e+01,2.129859e+01,2.132607e+01,2.117484e+01,2.127110e+01,2.122986e+01,2.116796e+01,2.118172e+01,2.123674e+01,2.122298e+01,2.129859e+01,2.131920e+01,2.114732e+01,2.129172e+01,2.139474e+01,2.131920e+01,2.131920e+01,2.137415e+01,2.130546e+01,2.131920e+01,2.133294e+01,2.133294e+01,2.124361e+01,2.120923e+01,2.136041e+01,2.134668e+01,2.131233e+01,2.125048e+01,2.130546e+01,2.125736e+01,2.144278e+01,2.127798e+01,2.132607e+01,2.124361e+01,2.127110e+01,2.118860e+01,2.114732e+01,2.120923e+01,2.118172e+01,2.131920e+01,2.117484e+01,2.116108e+01,2.119548e+01,2.117484e+01,2.111979e+01,2.117484e+01,2.132607e+01,2.119548e+01,2.125736e+01,2.127110e+01,2.125048e+01,2.141533e+01,2.125736e+01,2.133294e+01,2.136728e+01,2.136041e+01,2.129172e+01,2.127798e+01,2.126423e+01,2.121611e+01,2.127798e+01,2.121611e+01,2.120923e+01,2.099582e+01,2.125048e+01,2.120235e+01,2.127798e+01,2.124361e+01,2.126423e+01,2.108537e+01,2.132607e+01,2.104405e+01,2.114044e+01,2.111291e+01,2.103027e+01,2.122298e+01,2.109225e+01,2.118172e+01,2.131233e+01,2.114732e+01,2.116796e+01,2.125736e+01,2.140161e+01,2.131920e+01,2.124361e+01,2.128485e+01,2.129859e+01,2.124361e+01,2.128485e+01,2.127798e+01,2.130546e+01,2.129172e+01,2.127110e+01,2.129172e+01,2.128485e+01,2.122298e+01,2.124361e+01,2.133981e+01,2.130546e+01,2.121611e+01,2.131920e+01,2.125048e+01,2.125736e+01,2.133981e+01,2.138101e+01,2.132607e+01,2.135355e+01,2.131233e+01,2.124361e+01,2.135355e+01,2.134668e+01,2.142220e+01,2.127110e+01,2.144964e+01,2.147708e+01,2.146336e+01,2.138101e+01,2.135355e+01,2.134668e+01,2.144964e+01,2.146336e+01,2.140847e+01,2.149766e+01,2.151137e+01,2.152508e+01,2.157991e+01,2.161417e+01,2.325851e+01,2.244643e+01,2.165526e+01,2.142906e+01,2.134668e+01,2.136041e+01,2.131233e+01,2.136041e+01,2.131920e+01,2.131920e+01,2.133294e+01,2.139474e+01,2.136041e+01,2.142906e+01,2.140161e+01,2.143592e+01,2.149080e+01,2.147708e+01,2.177843e+01,2.167580e+01,2.179211e+01,2.183996e+01,2.336630e+01,2.311686e+01,2.179894e+01,2.228324e+01,2.215387e+01,2.273816e+01,2.226282e+01,2.193560e+01,2.175107e+01,2.192194e+01,2.168949e+01,2.150451e+01,2.179894e+01,2.254829e+01,2.451807e+01,2.418457e+01,2.333263e+01,2.296825e+01,2.300880e+01,2.322480e+01,2.306284e+01,2.250756e+01,2.216068e+01,2.173739e+01,2.162102e+01,2.164157e+01,2.171002e+01,2.168949e+01,2.186046e+01,2.173739e+01,2.196291e+01,2.173739e+01,2.140161e+01,2.149080e+01,2.164157e+01,2.184679e+01,2.226282e+01,2.282620e+01,2.373599e+01,2.414448e+01,2.333263e+01,2.242604e+01,2.199021e+01,2.214024e+01,2.249398e+01,2.294797e+01,2.283297e+01,2.237167e+01,2.198338e+01,2.187413e+01,2.203797e+01,2.179211e+01,2.208571e+01,2.218112e+01,2.310335e+01,2.514881e+01,2.513557e+01,2.274494e+01,2.233086e+01,2.240566e+01,2.181945e+01,2.165526e+01,2.212661e+01,2.504947e+01,2.552544e+01,2.332589e+01,2.269750e+01,2.382989e+01,2.312361e+01,2.224921e+01,2.302231e+01,2.227644e+01,2.184679e+01,2.265683e+01,2.478411e+01,2.433144e+01,2.226282e+01,2.348071e+01,2.213342e+01,2.216749e+01,2.317084e+01,2.460461e+01,2.632051e+01,2.481067e+01,2.203797e+01,2.199021e+01,2.269073e+01,2.386340e+01,2.283297e+01,2.196291e+01,2.174423e+01,2.151137e+01,2.168264e+01,2.183312e+01,2.125736e+01,2.123674e+01,2.114044e+01,2.107160e+01,2.102338e+01,2.106471e+01,2.135355e+01,2.135355e+01,2.146336e+01,2.141533e+01,2.140161e+01,2.149080e+01,2.137415e+01,2.141533e+01,2.144278e+01,2.139474e+01,2.131233e+01,2.147708e+01,2.131233e+01,2.139474e+01,2.133981e+01,2.132607e+01,2.139474e+01,2.155250e+01,2.138101e+01,2.141533e+01,2.133981e+01,2.139474e+01,2.138101e+01,2.133294e+01,2.136728e+01,2.134668e+01,2.138101e+01,2.140847e+01,2.137415e+01,2.141533e+01,2.133981e+01,2.142906e+01,2.136041e+01,2.138788e+01,2.133981e+01,2.124361e+01,2.150451e+01,2.133294e+01,2.136728e+01,2.142220e+01,2.137415e+01,2.136041e+01,2.137415e+01,2.137415e+01,2.132607e+01,2.127798e+01,2.138788e+01,2.140161e+01,2.142220e+01,2.129172e+01,2.142220e+01,2.136041e+01,2.155936e+01,2.132607e+01,2.133294e+01,2.134668e+01,2.136041e+01,2.135355e+01,2.138101e+01,2.131920e+01,2.118172e+01,2.125048e+01,2.140161e+01,2.125048e+01,2.129172e+01,2.133294e+01,2.109225e+01,2.127110e+01,2.122298e+01,2.117484e+01,2.121611e+01,2.124361e+01,2.125048e+01,2.125048e+01,2.127798e+01,2.117484e+01,2.132607e+01,2.125736e+01,2.120923e+01,2.119548e+01,2.122986e+01,2.121611e+01,2.127110e+01,2.122986e+01,2.127798e+01,2.133294e+01,2.127110e+01,2.127110e+01,2.126423e+01,2.127798e+01,2.138101e+01,2.129172e+01,2.141533e+01,2.141533e+01,2.125736e+01,2.127798e+01,2.131920e+01,2.133294e+01,2.144964e+01,2.129859e+01,2.137415e+01,2.119548e+01,2.122986e+01,2.128485e+01,2.147022e+01,2.127798e+01,2.129172e+01,2.125048e+01,2.136728e+01,2.133294e+01,2.136728e+01,2.135355e+01,2.130546e+01,2.129172e+01,2.128485e+01,2.129172e+01,2.128485e+01,2.132607e+01,2.135355e+01,2.136041e+01,2.127110e+01,2.129859e+01,2.127110e+01,2.120235e+01,2.129172e+01,2.128485e+01,2.130546e+01,2.136041e+01,2.140847e+01,2.140161e+01,2.137415e+01,2.128485e+01,2.130546e+01,2.130546e+01,2.126423e+01,2.127110e+01,2.125736e+01,2.133294e+01,2.133294e+01,2.130546e+01,2.127110e+01,2.126423e+01,2.140847e+01,2.126423e+01,2.121611e+01,2.118172e+01,2.124361e+01,2.136728e+01,2.121611e+01,2.136041e+01,2.140161e+01,2.139474e+01,2.122298e+01,2.129859e+01,2.113355e+01,2.130546e+01,2.130546e+01,2.127798e+01,2.142220e+01,2.127110e+01,2.133981e+01,2.127110e+01,2.125048e+01,2.120923e+01,2.134668e+01,2.130546e+01,2.127798e+01,2.127798e+01,2.134668e+01,2.132607e+01,2.118860e+01,2.131920e+01,2.128485e+01,2.121611e+01,2.124361e+01,2.121611e+01,2.131233e+01,2.128485e+01,2.128485e+01,2.133981e+01,2.121611e+01,2.125048e+01,2.126423e+01,2.125048e+01,2.133294e+01,2.128485e+01,2.126423e+01,2.133981e+01,2.127110e+01,2.133981e+01,2.118172e+01,2.125736e+01,2.121611e+01,2.116796e+01,2.122298e+01,2.120235e+01,2.122986e+01,2.124361e+01,2.124361e+01,2.131233e+01,2.130546e+01,2.125048e+01,2.149766e+01,2.127798e+01,2.139474e+01,2.141533e+01,2.144278e+01,2.122986e+01,2.155250e+01,2.132607e+01,2.151137e+01,2.134668e+01,2.137415e+01,2.142220e+01,2.153880e+01,2.145650e+01,2.151137e+01,2.135355e+01,2.135355e+01,2.150451e+01,2.145650e+01,2.148394e+01,2.147022e+01,2.145650e+01,2.150451e+01,2.142220e+01,2.135355e+01,2.144278e+01,2.149080e+01,2.140847e+01,2.140847e+01,2.147708e+01,2.127798e+01,2.130546e+01,2.131920e+01,2.125736e+01,2.134668e+01,2.124361e+01,2.121611e+01,2.127110e+01,2.124361e+01,2.116796e+01,2.121611e+01,2.110602e+01,2.117484e+01,2.125048e+01,2.122986e+01,2.114732e+01,2.113355e+01,2.119548e+01,2.114732e+01,2.114044e+01,2.114732e+01,2.115420e+01,2.120923e+01,2.116108e+01,2.122986e+01,2.122986e+01,2.121611e+01,2.128485e+01,2.121611e+01,2.125048e+01,2.124361e+01,2.128485e+01,2.127110e+01,2.123674e+01,2.125048e+01,2.125048e+01,2.125736e+01,2.134668e+01,2.133294e+01,2.135355e+01,2.138788e+01,2.133294e+01,2.138101e+01,2.136728e+01,2.136041e+01,2.135355e+01,2.146336e+01,2.144964e+01,2.149080e+01,2.151823e+01,2.144964e+01,2.150451e+01,2.151823e+01,2.156621e+01,2.145650e+01,2.151137e+01,2.143592e+01,2.151823e+01,2.136728e+01,2.144964e+01,2.151137e+01,2.146336e+01,2.155250e+01,2.141533e+01,2.144278e+01,2.128485e+01,2.145650e+01,2.138788e+01,2.141533e+01,2.140847e+01,2.157306e+01,2.138101e+01,2.141533e+01,2.131920e+01,2.140847e+01,2.141533e+01,2.135355e+01,2.148394e+01,2.137415e+01,2.151823e+01,2.143592e+01,2.146336e+01,2.140847e+01,2.140847e+01,2.130546e+01,2.127798e+01,2.145650e+01,2.139474e+01,2.149766e+01,2.143592e+01,2.141533e+01,2.144278e+01,2.142220e+01,2.143592e+01,2.158677e+01,2.136728e+01,2.154565e+01,2.147708e+01,2.176475e+01,2.147708e+01,2.144964e+01,2.166895e+01,2.154565e+01
2.127110e+01,2.131233e+01,2.133294e+01,2.131920e+01,2.111979e+01,2.131920e+01,2.124361e+01,2.138101e+01,2.125736e+01,2.128485e+01,2.132607e+01,2.128485e+01,2.129859e+01,2.132607e+01,2.126423e+01,2.130546e+01,2.133294e+01,2.136041e+01,2.123674e+01,2.127110e+01,2.122298e+01,2.130546e+01,2.131920e+01,2.115420e+01,2.125048e+01,2.120923e+01,2.125048e+01,2.131233e+01,2.129172e+01,2.129172e+01,2.130546e+01,2.119548e+01,2.120923e+01,2.117484e+01,2.127110e+01,2.127798e+01,2.130546e+01,2.129859e+01,2.133981e+01,2.127798e+01,2.131920e+01,2.128485e+01,2.122986e+01,2.129172e+01,2.127110e+01,2.128485e+01,2.128485e+01,2.122986e+01,2.116796e+01,2.131233e+01,2.125736e+01,2.125736e+01,2.127798e+01,2.131233e+01,2.136041e+01,2.129859e+01,2.130546e+01,2.131920e+01,2.136041e+01,2.114732e+01,2.122298e+01,2.114044e+01,2.120923e+01,2.121611e+01,2.118172e+01,2.131920e+01,2.116108e+01,2.134668e+01,2.131233e+01,2.125048e+01,2.115420e+01,2.127798e+01,2.140161e+01,2.137415e+01,2.131233e+01,2.129172e+01,2.122986e+01,2.128485e+01,2.128485e+01,2.118860e+01,2.136728e+01,2.134668e+01,2.124361e+01,2.136041e+01,2.134668e+01,2.139474e+01,2.140847e+01,2.124361e+01,2.136728e+01,2.122298e+01,2.118860e+01,2.141533e+01,2.122986e+01,2.118860e+01,2.112667e+01,2.118172e+01,2.117484e+01,2.116796e+01,2.117484e+01,2.120923e+01,2.123674e+01,2.133294e+01,2.113355e+01,2.125736e+01,2.125736e+01,2.126423e+01,2.128485e+01,2.117484e+01,2.127110e+01,2.138101e+01,2.123674e+01,2.128485e+01,2.127110e+01,2.127798e+01,2.125736e+01,2.126423e+01,2.124361e+01,2.126423e+01,2.118172e+01,2.118860e+01,2.119548e+01,2.125736e+01,2.114732e+01,2.125048e+01,2.125736e+01,2.107848e+01,2.128485e+01,2.118860e+01,2.125736e+01,2.113355e+01,2.116796e+01,2.122298e+01,2.122298e+01,2.114044e+01,2.110602e+01,2.120235e+01,2.124361e+01,2.119548e+01,2.121611e+01,2.125048e+01,2.131233e+01,2.127798e+01,2.144964e+01,2.136728e+01,2.128485e+01,2.123674e+01,2.133294e+01,2.128485e+01,2.126423e+01,2.131233e+01,2.131233e+01,2.125048e+01,2.133294e+01,2.121611e+01,2.120923e+01,2.127798e+01,2.125736e+01,2.129172e+01,2.118172e+01,2.129172e+01,2.129172e+01,2.133981e+01,2.140161e+01,2.133981e+01,2.132607e+01,2.139474e+01,2.137415e+01,2.139474e+01,2.128485e+01,2.142220e+01,2.138101e+01,2.143592e+01,2.146336e+01,2.148394e+01,2.148394e+01,2.136041e+01,2.140161e+01,2.144964e+01,2.143592e+01,2.150451e+01,2.152508e+01,2.168264e+01,2.170318e+01,2.317759e+01,2.253472e+01,2.166895e+01,2.164841e+01,2.123674e+01,2.129859e+01,2.133981e+01,2.131920e+01,2.138788e+01,2.132607e+01,2.133981e+01,2.132607e+01,2.140161e+01,2.140161e+01,2.137415e+01,2.145650e+01,2.142906e+01,2.153194e+01,2.178527e+01,2.222879e+01,2.210616e+01,2.175791e+01,2.254829e+01,2.237847e+01,2.179894e+01,2.217430e+01,2.195608e+01,2.196291e+01,2.194925e+01,2.166211e+01,2.167580e+01,2.177843e+01,2.173739e+01,2.164841e+01,2.168949e+01,2.193560e+01,2.267039e+01,2.351434e+01,2.351434e+01,2.349416e+01,2.297501e+01,2.248039e+01,2.197656e+01,2.214024e+01,2.240566e+01,2.171686e+01,2.159362e+01,2.162787e+01,2.171686e+01,2.173739e+01,2.184679e+01,2.201750e+01,2.321131e+01,2.321131e+01,2.193560e+01,2.161417e+01,2.166895e+01,2.188096e+01,2.249398e+01,2.229004e+01,2.233086e+01,2.235127e+01,2.273816e+01,2.235127e+01,2.181945e+01,2.199703e+01,2.295473e+01,2.415116e+01,2.471766e+01,2.323154e+01,2.229685e+01,2.199021e+01,2.180578e+01,2.177159e+01,2.181945e+01,2.205843e+01,2.214024e+01,2.269073e+01,2.273139e+01,2.203115e+01,2.271106e+01,2.185363e+01,2.165526e+01,2.162102e+01,2.199703e+01,2.351434e+01,2.363530e+01,2.302907e+01,2.256186e+01,2.350089e+01,2.254150e+01,2.302907e+01,2.306960e+01,2.199021e+01,2.168949e+01,2.196973e+01,2.343362e+01,2.452473e+01,2.229004e+01,2.250756e+01,2.250077e+01,2.215387e+01,2.306284e+01,2.449809e+01,2.529433e+01,2.427138e+01,2.204479e+01,2.203797e+01,2.313035e+01,2.320457e+01,2.256865e+01,2.209934e+01,2.183312e+01,2.181262e+01,2.172371e+01,2.149766e+01,2.123674e+01,2.116796e+01,2.119548e+01,2.107160e+01,2.100960e+01,2.110602e+01,2.125048e+01,2.136041e+01,2.147708e+01,2.142906e+01,2.151137e+01,2.140161e+01,2.148394e+01,2.137415e+01,2.141533e+01,2.132607e+01,2.144278e+01,2.140847e+01,2.134668e+01,2.147708e+01,2.133981e+01,2.133294e+01,2.150451e+01,2.141533e+01,2.139474e+01,2.144278e+01,2.136041e+01,2.147022e+01,2.152508e+01,2.131920e+01,2.137415e+01,2.137415e+01,2.136041e+01,2.137415e+01,2.135355e+01,2.134668e+01,2.140847e+01,2.140847e+01,2.141533e+01,2.144278e+01,2.138788e+01,2.137415e+01,2.129172e+01,2.131920e+01,2.129172e+01,2.133981e+01,2.133981e+01,2.128485e+01,2.125736e+01,2.125048e+01,2.136728e+01,2.133294e+01,2.137415e+01,2.140847e+01,2.131233e+01,2.137415e+01,2.140847e+01,2.131233e+01,2.135355e+01,2.125736e+01,2.131233e+01,2.128485e+01,2.124361e+01,2.132607e+01,2.134668e+01,2.131920e+01,2.134668e+01,2.146336e+01,2.129172e+01,2.137415e+01,2.124361e+01,2.119548e+01,2.130546e+01,2.123674e+01,2.127798e+01,2.125048e+01,2.130546e+01,2.126423e+01,2.124361e+01,2.115420e+01,2.132607e+01,2.118172e+01,2.117484e+01,2.115420e+01,2.117484e+01,2.117484e+01,2.131920e+01,2.136728e+01,2.125736e+01,2.141533e+01,2.126423e+01,2.120235e+01,2.127798e+01,2.125736e+01,2.126423e+01,2.127110e+01,2.136041e+01,2.109225e+01,2.113355e+01,2.128485e+01,2.128485e+01,2.129172e+01,2.127798e+01,2.131233e+01,2.136728e+01,2.136728e+01,2.123674e+01,2.144964e+01,2.123674e+01,2.125736e+01,2.123674e+01,2.124361e+01,2.127798e+01,2.116796e+01,2.128485e+01,2.131920e+01,2.133981e+01,2.134668e+01,2.140161e+01,2.133294e+01,2.127798e+01,2.129172e+01,2.127110e+01,2.131920e+01,2.124361e+01,2.144964e+01,2.136728e+01,2.125048e+01,2.126423e+01,2.122986e+01,2.137415e+01,2.129172e+01,2.129172e+01,2.138788e+01,2.131233e+01,2.138788e+01,2.136041e+01,2.139474e+01,2.125048e+01,2.133981e+01,2.134668e+01,2.135355e+01,2.136041e+01,2.133294e+01,2.134668e+01,2.131920e+01,2.136728e+01,2.128485e+01,2.130546e+01,2.140161e+01,2.124361e+01,2.119548e+01,2.129172e+01,2.129172e+01,2.134668e+01,2.133294e+01,2.128485e+01,2.133981e+01,2.128485e+01,2.130546e+01,2.130546e+01,2.129859e+01,2.128485e+01,2.129859e+01,2.129172e+01,2.126423e+01,2.129859e+01,2.127798e+01,2.126423e+01,2.127110e+01,2.122986e+01,2.128485e+01,2.128485e+01,2.125736e+01,2.122986e+01,2.117484e+01,2.132607e+01,2.135355e+01,2.128485e+01,2.125736e+01,2.131233e+01,2.127110e+01,2.128485e+01,2.132607e+01,2.122986e+01,2.125048e+01,2.115420e+01,2.121611e+01,2.122298e+01,2.130546e+01,2.125736e+01,2.130546e+01,2.131920e+01,2.133981e+01,2.127798e+01,2.125048e+01,2.133294e+01,2.125736e+01,2.133294e+01,2.125048e+01,2.125736e+01,2.127798e+01,2.127798e+01,2.129172e+01,2.133981e+01,2.131233e+01,2.127110e+01,2.132607e+01,2.137415e+01,2.131233e+01,2.130546e+01,2.126423e+01,2.151137e+01,2.153194e+01,2.131920e+01,2.153880e+01,2.135355e+01,2.144964e+01,2.152508e+01,2.153194e+01,2.144278e+01,2.142906e+01,2.149766e+01,2.148394e+01,2.147022e+01,2.144278e+01,2.147708e+01,2.148394e+01,2.151823e+01,2.153880e+01,2.153194e+01,2.151137e+01,2.142220e+01,2.148394e+01,2.147022e+01,2.146336e+01,2.133981e+01,2.151137e+01,2.146336e+01,2.151823e+01,2.140847e+01,2.133294e+01,2.134668e+01,2.130546e+01,2.138101e+01,2.125048e+01,2.087859e+01,2.142906e+01,2.127798e+01,2.127798e+01,2.118860e+01,2.124361e+01,2.126423e+01,2.116796e+01,2.128485e+01,2.116108e+01,2.118860e+01,2.115420e+01,2.115420e+01,2.120235e+01,2.119548e+01,2.112667e+01,2.114732e+01,2.123674e+01,2.123674e+01,2.116796e+01,2.125736e+01,2.126423e+01,2.122986e+01,2.111979e+01,2.125048e+01,2.132607e+01,2.132607e+01,2.125736e+01,2.140161e+01,2.140161e+01,2.143592e+01,2.142906e+01,2.138788e+01,2.142906e+01,2.142220e+01,2.140161e+01,2.145650e+01,2.138788e+01,2.140161e+01,2.144964e+01,2.141533e+01,2.152508e+01,2.160047e+01,2.148394e+01,2.143592e+01,2.137415e+01,2.148394e+01,2.151823e+01,2.141533e+01,2.149080e+01,2.139474e+01,2.144964e+01,2.144278e+01,2.151137e+01,2.144964e+01,2.125048e+01,2.142906e+01,2.144278e+01,2.135355e+01,2.135355e+01,2.155936e+01,2.138788e+01,2.144278e+01,2.141533e+01,2.134668e+01,2.131233e+01,2.134668e+01,2.147708e+01,2.134668e+01,2.145650e+01,2.143592e+01,2.142220e+01,2.143592e+01,2.148394e+01,2.135355e+01,2.136041e+01,2.144964e+01,2.151137e+01,2.142220e+01,2.148394e+01,2.152508e+01,2.140847e+01,2.142906e+01,2.153880e+01,2.149766e+01,2.151137e+01,2.153880e+01,2.136728e+01,2.147022e+01,2.149080e+01,2.147022e+01,2.153194e+01,2.143592e+01,2.147022e+01,2.147708e+01
2.120923e+01,2.140847e+01,2.121611e+01,2.135355e+01,2.116796e+01,2.133981e+01,2.114044e+01,2.103027e+01,2.129859e+01,2.130546e+01,2.135355e+01,2.131233e+01,2.129172e+01,2.133294e+01,2.133981e+01,2.126423e+01,2.123674e+01,2.131920e+01,2.121611e+01,2.122986e+01,2.122986e+01,2.126423e+01,2.123674e+01,2.124361e+01,2.130546e+01,2.121611e+01,2.120235e+01,2.110602e+01,2.135355e+01,2.118860e+01,2.117484e+01,2.112667e+01,2.126423e+01,2.118860e+01,2.129172e+01,2.127798e+01,2.109225e+01,2.129172e+01,2.123674e+01,2.129172e+01,2.107848e+01,2.129172e+01,2.134668e+01,2.134668e+01,2.131920e+01,2.128485e+01,2.131920e+01,2.125736e+01,2.144964e+01,2.127110e+01,2.125048e+01,2.129172e+01,2.132607e+01,2.125048e+01,2.131233e+01,2.128485e+01,2.128485e+01,2.118172e+01,2.124361e+01,2.118172e+01,2.120235e+01,2.118860e+01,2.126423e+01,2.118172e+01,2.118172e+01,2.133294e+01,2.125736e+01,2.125736e+01,2.120923e+01,2.149080e+01,2.118860e+01,2.126423e+01,2.127798e+01,2.128485e+01,2.127110e+01,2.125048e+01,2.122986e+01,2.129172e+01,2.120923e+01,2.114732e+01,2.120235e+01,2.122986e+01,2.136041e+01,2.127110e+01,2.130546e+01,2.131233e+01,2.132607e+01,2.124361e+01,2.125048e+01,2.127798e+01,2.128485e+01,2.115420e+01,2.114732e+01,2.123674e+01,2.121611e+01,2.118860e+01,2.113355e+01,2.116108e+01,2.121611e+01,2.119548e+01,2.109225e+01,2.128485e+01,2.135355e+01,2.127110e+01,2.133294e+01,2.124361e+01,2.120235e+01,2.134668e+01,2.131233e+01,2.116108e+01,2.127110e+01,2.133981e+01,2.120235e+01,2.125048e+01,2.125736e+01,2.121611e+01,2.120923e+01,2.116108e+01,2.111979e+01,2.112667e+01,2.108537e+01,2.108537e+01,2.110602e+01,2.123674e+01,2.114044e+01,2.121611e+01,2.118860e+01,2.093377e+01,2.128485e+01,2.112667e+01,2.115420e+01,2.115420e+01,2.102338e+01,2.127110e+01,2.131920e+01,2.114732e+01,2.120235e+01,2.129172e+01,2.130546e+01,2.127798e+01,2.127110e+01,2.125048e+01,2.114044e+01,2.129859e+01,2.120235e+01,2.131233e+01,2.129172e+01,2.110602e+01,2.130546e+01,2.133981e+01,2.129172e+01,2.126423e+01,2.127798e+01,2.120923e+01,2.127110e+01,2.116796e+01,2.119548e+01,2.122986e+01,2.128485e+01,2.136728e+01,2.134668e+01,2.136728e+01,2.133294e+01,2.128485e+01,2.132607e+01,2.131920e+01,2.138101e+01,2.125736e+01,2.126423e+01,2.144278e+01,2.125736e+01,2.135355e+01,2.129172e+01,2.132607e+01,2.132607e+01,2.136041e+01,2.131233e+01,2.141533e+01,2.140847e+01,2.148394e+01,2.143592e+01,2.165526e+01,2.192877e+01,2.306960e+01,2.253472e+01,2.153880e+01,2.147022e+01,2.136041e+01,2.112667e+01,2.132607e+01,2.133294e+01,2.135355e+01,2.140847e+01,2.138101e+01,2.126423e+01,2.127110e+01,2.140847e+01,2.122298e+01,2.144278e+01,2.153194e+01,2.171002e+01,2.181262e+01,2.276526e+01,2.254150e+01,2.185363e+01,2.177159e+01,2.177843e+01,2.173055e+01,2.196291e+01,2.193560e+01,2.168949e+01,2.171002e+01,2.162102e+01,2.152508e+01,2.150451e+01,2.167580e+01,2.154565e+01,2.170318e+01,2.190828e+01,2.194925e+01,2.203797e+01,2.237847e+01,2.261614e+01,2.230365e+01,2.157991e+01,2.156621e+01,2.168949e+01,2.179211e+01,2.166211e+01,2.155250e+01,2.160732e+01,2.174423e+01,2.176475e+01,2.179211e+01,2.220836e+01,2.331915e+01,2.496993e+01,2.295473e+01,2.168949e+01,2.176475e+01,2.226282e+01,2.374270e+01,2.303582e+01,2.234447e+01,2.233767e+01,2.273139e+01,2.201750e+01,2.192194e+01,2.199703e+01,2.248719e+01,2.377624e+01,2.420461e+01,2.410437e+01,2.343362e+01,2.290739e+01,2.213342e+01,2.196973e+01,2.177843e+01,2.186729e+01,2.214024e+01,2.197656e+01,2.194925e+01,2.203797e+01,2.293444e+01,2.188779e+01,2.164841e+01,2.166211e+01,2.176475e+01,2.207889e+01,2.303582e+01,2.310335e+01,2.192877e+01,2.256865e+01,2.352106e+01,2.486379e+01,2.398395e+01,2.256186e+01,2.192877e+01,2.194243e+01,2.237847e+01,2.323154e+01,2.281266e+01,2.232406e+01,2.252114e+01,2.203797e+01,2.200386e+01,2.280589e+01,2.445146e+01,2.339997e+01,2.192877e+01,2.209252e+01,2.243284e+01,2.235807e+01,2.296149e+01,2.283974e+01,2.198338e+01,2.198338e+01,2.183312e+01,2.135355e+01,2.120923e+01,2.116108e+01,2.131233e+01,2.103716e+01,2.125048e+01,2.113355e+01,2.128485e+01,2.129859e+01,2.134668e+01,2.140161e+01,2.139474e+01,2.139474e+01,2.141533e+01,2.135355e+01,2.140847e+01,2.142906e+01,2.136728e+01,2.147708e+01,2.133981e+01,2.144278e+01,2.134668e+01,2.138101e+01,2.134668e+01,2.138788e+01,2.128485e+01,2.153880e+01,2.151137e+01,2.140161e+01,2.141533e+01,2.131920e+01,2.141533e+01,2.132607e+01,2.133981e+01,2.140847e+01,2.138101e+01,2.135355e+01,2.136728e+01,2.133981e+01,2.141533e+01,2.136041e+01,2.140161e+01,2.133294e+01,2.131233e+01,2.143592e+01,2.132607e+01,2.134668e+01,2.131920e+01,2.126423e+01,2.128485e+01,2.133981e+01,2.131233e+01,2.127110e+01,2.136041e+01,2.127798e+01,2.111979e+01,2.127110e+01,2.130546e+01,2.137415e+01,2.129859e+01,2.132607e+01,2.132607e+01,2.148394e+01,2.128485e+01,2.129172e+01,2.131920e+01,2.133294e+01,2.132607e+01,2.132607e+01,2.125048e+01,2.120923e+01,2.114044e+01,2.125048e+01,2.128485e+01,2.130546e+01,2.120235e+01,2.126423e+01,2.122298e+01,2.125736e+01,2.123674e+01,2.124361e+01,2.120235e+01,2.126423e+01,2.123674e+01,2.114732e+01,2.116796e+01,2.125736e+01,2.114732e+01,2.138788e+01,2.122986e+01,2.116796e+01,2.120235e+01,2.125048e+01,2.120235e+01,2.127110e+01,2.130546e+01,2.126423e+01,2.134668e+01,2.130546e+01,2.129859e+01,2.127110e+01,2.129172e+01,2.129859e+01,2.129172e+01,2.132607e+01,2.130546e+01,2.132607e+01,2.122298e+01,2.131233e+01,2.127110e+01,2.126423e+01,2.129172e+01,2.126423e+01,2.128485e+01,2.131233e+01,2.127110e+01,2.133294e+01,2.119548e+01,2.122298e+01,2.131233e+01,2.121611e+01,2.129859e+01,2.127110e+01,2.129172e+01,2.125048e+01,2.127798e+01,2.136041e+01,2.121611e+01,2.128485e+01,2.119548e+01,2.131920e+01,2.127798e+01,2.136728e+01,2.128485e+01,2.139474e+01,2.129172e+01,2.132607e+01,2.127798e+01,2.129172e+01,2.126423e+01,2.127110e+01,2.138101e+01,2.130546e+01,2.130546e+01,2.131233e+01,2.122986e+01,2.130546e+01,2.126423e+01,2.132607e+01,2.127798e+01,2.142220e+01,2.122298e+01,2.135355e+01,2.131920e+01,2.125736e+01,2.133294e+01,2.136041e+01,2.132607e+01,2.138788e+01,2.127798e+01,2.128485e+01,2.125736e+01,2.129172e+01,2.125736e+01,2.131920e+01,2.124361e+01,2.128485e+01,2.145650e+01,2.142220e+01,2.131920e+01,2.089239e+01,2.120923e+01,2.128485e+01,2.118860e+01,2.135355e+01,2.133294e+01,2.133294e+01,2.127798e+01,2.121611e+01,2.126423e+01,2.127798e+01,2.130546e+01,2.129859e+01,2.123674e+01,2.129172e+01,2.130546e+01,2.116796e+01,2.121611e+01,2.120235e+01,2.120235e+01,2.121611e+01,2.127798e+01,2.129172e+01,2.128485e+01,2.125048e+01,2.123674e+01,2.124361e+01,2.109914e+01,2.123674e+01,2.125048e+01,2.125736e+01,2.130546e+01,2.122298e+01,2.127798e+01,2.125048e+01,2.131233e+01,2.131233e+01,2.131233e+01,2.133294e+01,2.131920e+01,2.134668e+01,2.144278e+01,2.128485e+01,2.128485e+01,2.144964e+01,2.151137e+01,2.137415e+01,2.143592e+01,2.138788e+01,2.147022e+01,2.140161e+01,2.133981e+01,2.147708e+01,2.140161e+01,2.136041e+01,2.140847e+01,2.144278e+01,2.140847e+01,2.149080e+01,2.133294e+01,2.149766e+01,2.149080e+01,2.130546e+01,2.156621e+01,2.132607e+01,2.151137e+01,2.136728e+01,2.140847e+01,2.134668e+01,2.127798e+01,2.142220e+01,2.129172e+01,2.133294e+01,2.123674e+01,2.127110e+01,2.128485e+01,2.120923e+01,2.130546e+01,2.127798e+01,2.126423e+01,2.122986e+01,2.122298e+01,2.114044e+01,2.122986e+01,2.128485e+01,2.112667e+01,2.118860e+01,2.117484e+01,2.120235e+01,2.109225e+01,2.116108e+01,2.113355e+01,2.111979e+01,2.118172e+01,2.122986e+01,2.127798e+01,2.117484e+01,2.123674e+01,2.122986e+01,2.120235e+01,2.122298e+01,2.124361e+01,2.131920e+01,2.120235e+01,2.132607e+01,2.125736e+01,2.131920e+01,2.127110e+01,2.139474e+01,2.140847e+01,2.138101e+01,2.145650e+01,2.138788e+01,2.140847e+01,2.138788e+01,2.139474e+01,2.140161e+01,2.147708e+01,2.147022e+01,2.143592e+01,2.149766e+01,2.139474e+01,2.157306e+01,2.149080e+01,2.139474e+01,2.147022e+01,2.149080e+01,2.144964e+01,2.138788e+01,2.142220e+01,2.146336e+01,2.140847e+01,2.142906e+01,2.127110e+01,2.127798e+01,2.128485e+01,2.132607e+01,2.145650e+01,2.141533e+01,2.147022e+01,2.145650e+01,2.142220e+01,2.144278e+01,2.147708e+01,2.147708e+01,2.133294e+01,2.133981e+01,2.130546e+01,2.140847e+01,2.145650e+01,2.142220e+01,2.140847e+01,2.141533e+01,2.132607e+01,2.142906e+01,2.144964e+01,2.148394e+01,2.149766e+01,2.136728e+01,2.151137e+01,2.150451e+01,2.145650e+01,2.144964e+01,2.147022e+01,2.154565e+01,2.157306e+01,2.131233e+01,2.149080e+01,2.144278e+01,2.135355e+01,2.143592e+01,2.146336e+01
2.144964e+01,2.134668e+01,2.137415e+01,2.120235e+01,2.121611e+01,2.120235e+01,2.135355e+01,2.116108e+01,2.129859e+01,2.131233e+01,2.123674e+01,2.129859e+01,2.135355e+01,2.164841e+01,2.141533e+01,2.136041e+01,2.125048e+01,2.130546e+01,2.129859e+01,2.126423e+01,2.124361e+01,2.116108e+01,2.127798e+01,2.127110e+01,2.126423e+01,2.133294e+01,2.117484e+01,2.126423e+01,2.122986e+01,2.131920e+01,2.122986e+01,2.123674e+01,2.119548e+01,2.115420e+01,2.116108e+01,2.127110e+01,2.125736e+01,2.125736e+01,2.124361e+01,2.124361e+01,2.129172e+01,2.125736e+01,2.131920e+01,2.136728e+01,2.133294e+01,2.118860e+01,2.114732e+01,2.120235e+01,2.120235e+01,2.131920e+01,2.133981e+01,2.121611e+01,2.133981e+01,2.133981e+01,2.125736e+01,2.122298e+01,2.129172e+01,2.122298e+01,2.133294e+01,2.111291e+01,2.125736e+01,2.148394e+01,2.120923e+01,2.116108e+01,2.138101e+01,2.124361e+01,2.132607e+01,2.139474e+01,2.122298e+01,2.127110e+01,2.123674e+01,2.124361e+01,2.127798e+01,2.125736e+01,2.121611e+01,2.120235e+01,2.119548e+01,2.120235e+01,2.108537e+01,2.124361e+01,2.122298e+01,2.125736e+01,2.130546e+01,2.125048e+01,2.124361e+01,2.137415e+01,2.131920e+01,2.134668e+01,2.125048e+01,2.135355e+01,2.129172e+01,2.120235e+01,2.119548e+01,2.121611e+01,2.114732e+01,2.113355e+01,2.114732e+01,2.116108e+01,2.125048e+01,2.118860e+01,2.122298e+01,2.130546e+01,2.129859e+01,2.136041e+01,2.133294e+01,2.123674e+01,2.135355e+01,2.118172e+01,2.131233e+01,2.125048e+01,2.134668e+01,2.122986e+01,2.126423e+01,2.112667e+01,2.113355e+01,2.127110e+01,2.120923e+01,2.132607e+01,2.114732e+01,2.111979e+01,2.113355e+01,2.112667e+01,2.135355e+01,2.122298e+01,2.116108e+01,2.112667e+01,2.122298e+01,2.113355e+01,2.125736e+01,2.126423e+01,2.117484e+01,2.116796e+01,2.116108e+01,2.112667e+01,2.110602e+01,2.120235e+01,2.118172e+01,2.125048e+01,2.114044e+01,2.122298e+01,2.124361e+01,2.127798e+01,2.123674e+01,2.122986e+01,2.116108e+01,2.130546e+01,2.118860e+01,2.127798e+01,2.125736e+01,2.130546e+01,2.131920e+01,2.124361e+01,2.125048e+01,2.118172e+01,2.125048e+01,2.120235e+01,2.116796e+01,2.123674e+01,2.141533e+01,2.131233e+01,2.125048e+01,2.136041e+01,2.127110e+01,2.121611e+01,2.126423e+01,2.126423e+01,2.137415e+01,2.138101e+01,2.140161e+01,2.127798e+01,2.131920e+01,2.137415e+01,2.137415e+01,2.130546e+01,2.134668e+01,2.129859e+01,2.126423e+01,2.145650e+01,2.151823e+01,2.145650e+01,2.155250e+01,2.154565e+01,2.179211e+01,2.315735e+01,2.250077e+01,2.146336e+01,2.147022e+01,2.128485e+01,2.138788e+01,2.135355e+01,2.137415e+01,2.128485e+01,2.122986e+01,2.124361e+01,2.127798e+01,2.129172e+01,2.120923e+01,2.125048e+01,2.142220e+01,2.167580e+01,2.175107e+01,2.204479e+01,2.335957e+01,2.266361e+01,2.188096e+01,2.153194e+01,2.151137e+01,2.151137e+01,2.153194e+01,2.152508e+01,2.164157e+01,2.155936e+01,2.159362e+01,2.162787e+01,2.153880e+01,2.153880e+01,2.154565e+01,2.160732e+01,2.192194e+01,2.171002e+01,2.166211e+01,2.191511e+01,2.188779e+01,2.174423e+01,2.142906e+01,2.142220e+01,2.157306e+01,2.144278e+01,2.158677e+01,2.138788e+01,2.147022e+01,2.169633e+01,2.165526e+01,2.166211e+01,2.190828e+01,2.222879e+01,2.287357e+01,2.211979e+01,2.172371e+01,2.190828e+01,2.250077e+01,2.462457e+01,2.423800e+01,2.213342e+01,2.274494e+01,2.249398e+01,2.201068e+01,2.207207e+01,2.243964e+01,2.196973e+01,2.193560e+01,2.231046e+01,2.231046e+01,2.209252e+01,2.246681e+01,2.199703e+01,2.183312e+01,2.194925e+01,2.177843e+01,2.193560e+01,2.188779e+01,2.178527e+01,2.218112e+01,2.292768e+01,2.171686e+01,2.159362e+01,2.179211e+01,2.183312e+01,2.239206e+01,2.280589e+01,2.189462e+01,2.181945e+01,2.342016e+01,2.449809e+01,2.426471e+01,2.311686e+01,2.234447e+01,2.236487e+01,2.337304e+01,2.294121e+01,2.274494e+01,2.360171e+01,2.254150e+01,2.272461e+01,2.207207e+01,2.175791e+01,2.184679e+01,2.248039e+01,2.243284e+01,2.211979e+01,2.204479e+01,2.205843e+01,2.231726e+01,2.238527e+01,2.196973e+01,2.185363e+01,2.184679e+01,2.144278e+01,2.124361e+01,2.125048e+01,2.128485e+01,2.134668e+01,2.134668e+01,2.127110e+01,2.134668e+01,2.129859e+01,2.133294e+01,2.129172e+01,2.144278e+01,2.136728e+01,2.140161e+01,2.133294e+01,2.136041e+01,2.138788e+01,2.140161e+01,2.133294e+01,2.130546e+01,2.142220e+01,2.131233e+01,2.132607e+01,2.135355e+01,2.132607e+01,2.127110e+01,2.140847e+01,2.131233e+01,2.142220e+01,2.139474e+01,2.130546e+01,2.131233e+01,2.128485e+01,2.133294e+01,2.138788e+01,2.131920e+01,2.140847e+01,2.131233e+01,2.145650e+01,2.144964e+01,2.137415e+01,2.144964e+01,2.131233e+01,2.134668e+01,2.140847e+01,2.130546e+01,2.137415e+01,2.129859e+01,2.140847e+01,2.136041e+01,2.134668e+01,2.134668e+01,2.132607e+01,2.127110e+01,2.133981e+01,2.135355e+01,2.138101e+01,2.131920e+01,2.132607e+01,2.132607e+01,2.134668e+01,2.132607e+01,2.135355e+01,2.129172e+01,2.123674e+01,2.135355e+01,2.136041e+01,2.134668e+01,2.128485e+01,2.127110e+01,2.123674e+01,2.118172e+01,2.127110e+01,2.123674e+01,2.117484e+01,2.118172e+01,2.124361e+01,2.126423e+01,2.116108e+01,2.122986e+01,2.128485e+01,2.116796e+01,2.125048e+01,2.129859e+01,2.117484e+01,2.113355e+01,2.118860e+01,2.133981e+01,2.134668e+01,2.122298e+01,2.116796e+01,2.119548e+01,2.120923e+01,2.122298e+01,2.123674e+01,2.124361e+01,2.130546e+01,2.125736e+01,2.125048e+01,2.128485e+01,2.127798e+01,2.127110e+01,2.116796e+01,2.129859e+01,2.131920e+01,2.126423e+01,2.128485e+01,2.129859e+01,2.121611e+01,2.150451e+01,2.125736e+01,2.127110e+01,2.128485e+01,2.128485e+01,2.125736e+01,2.103716e+01,2.131920e+01,2.128485e+01,2.120923e+01,2.121611e+01,2.125736e+01,2.125736e+01,2.131233e+01,2.125736e+01,2.124361e+01,2.125048e+01,2.141533e+01,2.139474e+01,2.131920e+01,2.130546e+01,2.122298e+01,2.120235e+01,2.121611e+01,2.136728e+01,2.133294e+01,2.127110e+01,2.131233e+01,2.127110e+01,2.131920e+01,2.125048e+01,2.126423e+01,2.125048e+01,2.127110e+01,2.129859e+01,2.122986e+01,2.130546e+01,2.129859e+01,2.127798e+01,2.129859e+01,2.129859e+01,2.127798e+01,2.127110e+01,2.127798e+01,2.125736e+01,2.125048e+01,2.124361e+01,2.125048e+01,2.134668e+01,2.131920e+01,2.138101e+01,2.130546e+01,2.127798e+01,2.132607e+01,2.128485e+01,2.129172e+01,2.128485e+01,2.131233e+01,2.132607e+01,2.122986e+01,2.122298e+01,2.132607e+01,2.118860e+01,2.125736e+01,2.122298e+01,2.119548e+01,2.120923e+01,2.118860e+01,2.118860e+01,2.123674e+01,2.119548e+01,2.119548e+01,2.124361e+01,2.131233e+01,2.132607e+01,2.130546e+01,2.125736e+01,2.131233e+01,2.127798e+01,2.118172e+01,2.122298e+01,2.120235e+01,2.125736e+01,2.129172e+01,2.117484e+01,2.120235e+01,2.107160e+01,2.116108e+01,2.131920e+01,2.122986e+01,2.118860e+01,2.111291e+01,2.109225e+01,2.124361e+01,2.125736e+01,2.121611e+01,2.129172e+01,2.121611e+01,2.131233e+01,2.128485e+01,2.136041e+01,2.133294e+01,2.129859e+01,2.128485e+01,2.144964e+01,2.144278e+01,2.140161e+01,2.147022e+01,2.138788e+01,2.131920e+01,2.138788e+01,2.143592e+01,2.138101e+01,2.144278e+01,2.147022e+01,2.147708e+01,2.144278e+01,2.142906e+01,2.142906e+01,2.147708e+01,2.144964e+01,2.147708e+01,2.129172e+01,2.144964e+01,2.132607e+01,2.144964e+01,2.151137e+01,2.141533e+01,2.128485e+01,2.132607e+01,2.135355e+01,2.144964e+01,2.130546e+01,2.138788e+01,2.127110e+01,2.127798e+01,2.122986e+01,2.131233e+01,2.127110e+01,2.127798e+01,2.128485e+01,2.128485e+01,2.128485e+01,2.126423e+01,2.119548e+01,2.116796e+01,2.124361e+01,2.118860e+01,2.107160e+01,2.115420e+01,2.111291e+01,2.107848e+01,2.116108e+01,2.118172e+01,2.116108e+01,2.117484e+01,2.109914e+01,2.122298e+01,2.116796e+01,2.119548e+01,2.120923e+01,2.118172e+01,2.124361e+01,2.129859e+01,2.120923e+01,2.127798e+01,2.117484e+01,2.125736e+01,2.135355e+01,2.133981e+01,2.144278e+01,2.140847e+01,2.137415e+01,2.140847e+01,2.138788e+01,2.142906e+01,2.140847e+01,2.138101e+01,2.142906e+01,2.147022e+01,2.149080e+01,2.149080e+01,2.138788e+01,2.144278e+01,2.147708e+01,2.144964e+01,2.144278e+01,2.141533e+01,2.140161e+01,2.149766e+01,2.144278e+01,2.143592e+01,2.142220e+01,2.168264e+01,2.143592e+01,2.137415e+01,2.156621e+01,2.142906e+01,2.145650e+01,2.141533e+01,2.146336e+01,2.145650e+01,2.145650e+01,2.142220e+01,2.142906e+01,2.155250e+01,2.145650e+01,2.152508e+01,2.147022e+01,2.148394e+01,2.140847e+01,2.136041e+01,2.141533e+01,2.140847e+01,2.142906e+01,2.151823e+01,2.133981e+01,2.149766e+01,2.141533e+01,2.144278e+01,2.140161e+01,2.145650e+01,2.147022e+01,2.137415e+01,2.147022e+01,2.151137e+01,2.134668e+01,2.141533e+01,2.152508e+01,2.153880e+01,2.147708e+01,2.153194e+01,2.145650e+01,2.145650e+01
2.145650e+01,2.131233e+01,2.133294e+01,2.130546e+01,2.121611e+01,2.136041e+01,2.131920e+01,2.129859e+01,2.121611e+01,2.129859e+01,2.130546e+01,2.136728e+01,2.133981e+01,2.129172e+01,2.126423e+01,2.130546e+01,2.130546e+01,2.126423e+01,2.140161e+01,2.133294e+01,2.125048e+01,2.123674e+01,2.114732e+01,2.122298e+01,2.122986e+01,2.131920e+01,2.131920e+01,2.129172e+01,2.126423e+01,2.122986e+01,2.127110e+01,2.127110e+01,2.126423e+01,2.127798e+01,2.128485e+01,2.129859e+01,2.130546e+01,2.121611e+01,2.129859e+01,2.131233e+01,2.132607e+01,2.133294e+01,2.136041e+01,2.133981e+01,2.133294e+01,2.131233e+01,2.129172e+01,2.136041e+01,2.134668e+01,2.136041e+01,2.133294e+01,2.144278e+01,2.135355e+01,2.136041e+01,2.126423e+01,2.136041e+01,2.144278e+01,2.129859e+01,2.129859e+01,2.131920e+01,2.124361e+01,2.142906e+01,2.110602e+01,2.116796e+01,2.121611e+01,2.142906e+01,2.128485e+01,2.128485e+01,2.124361e+01,2.146336e+01,2.127110e+01,2.128485e+01,2.142906e+01,2.123674e+01,2.123674e+01,2.122298e+01,2.119548e+01,2.119548e+01,2.111979e+01,2.123674e+01,2.125048e+01,2.129172e+01,2.132607e+01,2.143592e+01,2.137415e+01,2.138788e+01,2.128485e+01,2.127110e+01,2.127798e+01,2.146336e+01,2.122298e+01,2.122986e+01,2.127110e+01,2.122298e+01,2.125048e+01,2.123674e+01,2.117484e+01,2.118172e+01,2.123674e+01,2.118172e+01,2.123674e+01,2.111291e+01,2.134668e+01,2.130546e+01,2.128485e+01,2.130546e+01,2.133981e+01,2.144278e+01,2.141533e+01,2.136728e+01,2.127110e+01,2.128485e+01,2.126423e+01,2.131233e+01,2.122298e+01,2.119548e+01,2.128485e+01,2.117484e+01,2.133294e+01,2.114732e+01,2.129172e+01,2.112667e+01,2.120923e+01,2.123674e+01,2.111979e+01,2.117484e+01,2.119548e+01,2.112667e+01,2.127110e+01,2.114732e+01,2.127110e+01,2.116796e+01,2.119548e+01,2.124361e+01,2.114044e+01,2.109914e+01,2.111979e+01,2.113355e+01,2.111979e+01,2.127798e+01,2.122298e+01,2.129172e+01,2.126423e+01,2.129172e+01,2.136728e+01,2.138101e+01,2.127110e+01,2.125736e+01,2.128485e+01,2.129859e+01,2.128485e+01,2.129859e+01,2.127110e+01,2.125736e+01,2.129172e+01,2.130546e+01,2.121611e+01,2.138788e+01,2.142220e+01,2.140847e+01,2.134668e+01,2.133294e+01,2.127110e+01,2.123674e+01,2.129859e+01,2.125736e+01,2.138101e+01,2.140161e+01,2.126423e+01,2.129859e+01,2.140161e+01,2.142220e+01,2.138101e+01,2.145650e+01,2.142220e+01,2.129172e+01,2.143592e+01,2.142220e+01,2.142906e+01,2.155250e+01,2.146336e+01,2.156621e+01,2.182629e+01,2.311011e+01,2.253472e+01,2.157306e+01,2.127798e+01,2.134668e+01,2.127798e+01,2.127798e+01,2.122986e+01,2.136728e+01,2.125048e+01,2.127110e+01,2.136728e+01,2.139474e+01,2.125736e+01,2.142906e+01,2.142220e+01,2.166211e+01,2.184679e+01,2.221517e+01,2.311011e+01,2.300204e+01,2.205161e+01,2.181262e+01,2.196973e+01,2.194243e+01,2.153194e+01,2.166895e+01,2.157306e+01,2.165526e+01,2.163472e+01,2.174423e+01,2.160732e+01,2.155250e+01,2.171002e+01,2.181262e+01,2.211979e+01,2.231726e+01,2.171686e+01,2.206525e+01,2.205161e+01,2.160047e+01,2.156621e+01,2.145650e+01,2.153194e+01,2.138788e+01,2.142906e+01,2.155250e+01,2.145650e+01,2.151137e+01,2.165526e+01,2.183996e+01,2.192194e+01,2.219474e+01,2.165526e+01,2.166895e+01,2.181945e+01,2.196291e+01,2.234447e+01,2.476418e+01,2.503622e+01,2.216749e+01,2.243284e+01,2.231046e+01,2.222879e+01,2.218112e+01,2.198338e+01,2.189462e+01,2.194243e+01,2.196291e+01,2.203115e+01,2.210616e+01,2.214705e+01,2.194243e+01,2.180578e+01,2.190828e+01,2.193560e+01,2.175791e+01,2.179894e+01,2.188779e+01,2.206525e+01,2.214024e+01,2.164157e+01,2.166211e+01,2.160732e+01,2.185363e+01,2.181262e+01,2.194925e+01,2.162787e+01,2.182629e+01,2.243964e+01,2.254829e+01,2.258222e+01,2.206525e+01,2.214024e+01,2.358155e+01,2.552544e+01,2.360171e+01,2.242604e+01,2.288033e+01,2.376954e+01,2.389020e+01,2.207889e+01,2.181262e+01,2.175791e+01,2.185363e+01,2.210616e+01,2.224921e+01,2.238527e+01,2.254829e+01,2.331242e+01,2.278557e+01,2.199703e+01,2.186046e+01,2.140161e+01,2.125048e+01,2.123674e+01,2.136728e+01,2.133981e+01,2.142220e+01,2.137415e+01,2.135355e+01,2.142906e+01,2.136728e+01,2.129859e+01,2.149766e+01,2.139474e+01,2.145650e+01,2.138101e+01,2.138101e+01,2.149080e+01,2.141533e+01,2.142906e+01,2.136041e+01,2.141533e+01,2.134668e+01,2.144278e+01,2.131233e+01,2.133981e+01,2.137415e+01,2.138101e+01,2.136728e+01,2.142906e+01,2.142220e+01,2.132607e+01,2.133294e+01,2.153194e+01,2.124361e+01,2.121611e+01,2.136041e+01,2.132607e+01,2.142220e+01,2.139474e+01,2.142220e+01,2.144964e+01,2.138788e+01,2.138101e+01,2.142220e+01,2.132607e+01,2.133294e+01,2.141533e+01,2.139474e+01,2.137415e+01,2.141533e+01,2.138101e+01,2.135355e+01,2.127110e+01,2.130546e+01,2.135355e+01,2.132607e+01,2.136041e+01,2.132607e+01,2.129859e+01,2.134668e+01,2.129859e+01,2.149080e+01,2.130546e+01,2.131233e+01,2.131233e+01,2.137415e+01,2.129859e+01,2.138788e+01,2.125736e+01,2.129859e+01,2.130546e+01,2.127110e+01,2.122298e+01,2.126423e+01,2.126423e+01,2.114732e+01,2.114044e+01,2.121611e+01,2.125048e+01,2.128485e+01,2.129172e+01,2.120235e+01,2.118860e+01,2.122298e+01,2.123674e+01,2.122298e+01,2.131920e+01,2.121611e+01,2.134668e+01,2.120923e+01,2.118860e+01,2.127110e+01,2.118172e+01,2.131233e+01,2.125736e+01,2.129859e+01,2.120235e+01,2.118172e+01,2.126423e+01,2.130546e+01,2.129859e+01,2.125736e+01,2.122986e+01,2.127110e+01,2.126423e+01,2.129859e+01,2.137415e+01,2.144964e+01,2.130546e+01,2.126423e+01,2.128485e+01,2.125048e+01,2.144278e+01,2.127798e+01,2.129859e+01,2.132607e+01,2.135355e+01,2.131233e+01,2.137415e+01,2.133294e+01,2.129172e+01,2.131920e+01,2.131233e+01,2.134668e+01,2.125736e+01,2.129859e+01,2.141533e+01,2.118860e+01,2.140847e+01,2.133294e+01,2.130546e+01,2.128485e+01,2.131233e+01,2.136728e+01,2.127798e+01,2.130546e+01,2.132607e+01,2.133294e+01,2.129172e+01,2.134668e+01,2.121611e+01,2.136728e+01,2.120923e+01,2.130546e+01,2.125736e+01,2.130546e+01,2.126423e+01,2.134668e+01,2.131920e+01,2.147708e+01,2.128485e+01,2.127110e+01,2.137415e+01,2.129859e+01,2.126423e+01,2.141533e+01,2.131233e+01,2.123674e+01,2.133294e+01,2.131233e+01,2.130546e+01,2.129172e+01,2.132607e+01,2.129172e+01,2.131233e+01,2.127110e+01,2.133294e+01,2.137415e+01,2.135355e+01,2.131920e+01,2.120923e+01,2.123674e+01,2.129859e+01,2.127798e+01,2.129172e+01,2.125736e+01,2.125048e+01,2.131920e+01,2.129172e+01,2.125048e+01,2.131920e+01,2.127798e+01,2.128485e+01,2.129172e+01,2.130546e+01,2.122298e+01,2.136041e+01,2.122298e+01,2.120923e+01,2.128485e+01,2.126423e+01,2.133294e+01,2.116796e+01,2.131920e+01,2.138101e+01,2.122298e+01,2.118860e+01,2.124361e+01,2.130546e+01,2.120235e+01,2.124361e+01,2.133294e+01,2.125736e+01,2.140161e+01,2.122986e+01,2.107160e+01,2.127110e+01,2.139474e+01,2.125736e+01,2.127798e+01,2.134668e+01,2.136041e+01,2.131233e+01,2.133981e+01,2.143592e+01,2.145650e+01,2.141533e+01,2.143592e+01,2.152508e+01,2.147022e+01,2.142220e+01,2.139474e+01,2.148394e+01,2.152508e+01,2.150451e+01,2.144278e+01,2.144964e+01,2.139474e+01,2.138101e+01,2.147022e+01,2.140161e+01,2.144964e+01,2.154565e+01,2.145650e+01,2.133981e+01,2.143592e+01,2.139474e+01,2.152508e+01,2.130546e+01,2.153880e+01,2.139474e+01,2.136041e+01,2.129172e+01,2.130546e+01,2.138101e+01,2.120923e+01,2.127110e+01,2.130546e+01,2.119548e+01,2.118860e+01,2.136041e+01,2.130546e+01,2.126423e+01,2.124361e+01,2.119548e+01,2.124361e+01,2.126423e+01,2.131233e+01,2.122298e+01,2.106471e+01,2.120923e+01,2.116796e+01,2.131920e+01,2.127798e+01,2.118172e+01,2.112667e+01,2.117484e+01,2.118860e+01,2.126423e+01,2.122298e+01,2.122298e+01,2.116796e+01,2.122986e+01,2.133294e+01,2.126423e+01,2.136041e+01,2.136728e+01,2.140161e+01,2.133294e+01,2.131233e+01,2.136041e+01,2.137415e+01,2.138101e+01,2.138788e+01,2.138788e+01,2.138101e+01,2.143592e+01,2.145650e+01,2.147708e+01,2.154565e+01,2.146336e+01,2.144964e+01,2.138788e+01,2.145650e+01,2.140847e+01,2.147708e+01,2.140847e+01,2.148394e+01,2.146336e+01,2.145650e+01,2.145650e+01,2.144278e+01,2.142906e+01,2.148394e+01,2.144964e+01,2.147708e+01,2.130546e+01,2.146336e+01,2.148394e+01,2.147708e+01,2.149080e+01,2.143592e+01,2.145650e+01,2.152508e+01,2.150451e+01,2.150451e+01,2.150451e+01,2.152508e+01,2.136041e+01,2.145650e+01,2.143592e+01,2.144278e+01,2.147708e+01,2.138788e+01,2.144964e+01,2.152508e+01,2.142220e+01,2.143592e+01,2.149080e+01,2.138101e+01,2.148394e+01,2.144964e+01,2.149080e+01,2.147708e+01,2.145650e+01,2.149766e+01,2.138101e+01,2.154565e+01,2.144964e+01,2.151823e+01,2.157306e+01,2.147022e+01,2.148394e+01,2.153880e+01
2.133294e+01,2.127798e+01,2.133294e+01,2.132607e+01,2.127110e+01,2.140847e+01,2.129859e+01,2.115420e+01,2.122986e+01,2.134668e+01,2.166211e+01,2.129859e+01,2.131920e+01,2.129859e+01,2.140847e+01,2.142906e+01,2.130546e+01,2.125048e+01,2.135355e+01,2.153194e+01,2.129172e+01,2.129859e+01,2.129859e+01,2.134668e+01,2.149766e+01,2.117484e+01,2.123674e+01,2.121611e+01,2.127798e+01,2.129859e+01,2.126423e+01,2.125048e+01,2.132607e+01,2.125048e+01,2.158677e+01,2.133294e+01,2.133294e+01,2.133981e+01,2.134668e+01,2.133294e+01,2.111291e+01,2.133981e+01,2.121611e+01,2.134668e+01,2.134668e+01,2.133294e+01,2.117484e+01,2.136041e+01,2.131920e+01,2.130546e+01,2.127798e+01,2.124361e+01,2.127110e+01,2.133981e+01,2.131233e+01,2.131233e+01,2.129859e+01,2.133981e+01,2.128485e+01,2.140847e+01,2.125736e+01,2.118172e+01,2.129172e+01,2.125736e+01,2.125736e+01,2.125048e+01,2.120235e+01,2.124361e+01,2.141533e+01,2.128485e+01,2.170318e+01,2.126423e+01,2.119548e+01,2.120235e+01,2.118172e+01,2.118172e+01,2.124361e+01,2.115420e+01,2.117484e+01,2.122986e+01,2.129172e+01,2.126423e+01,2.136728e+01,2.133981e+01,2.142906e+01,2.138788e+01,2.136041e+01,2.127798e+01,2.131920e+01,2.128485e+01,2.141533e+01,2.123674e+01,2.124361e+01,2.116796e+01,2.125736e+01,2.125048e+01,2.125736e+01,2.126423e+01,2.120235e+01,2.123674e+01,2.132607e+01,2.133294e+01,2.132607e+01,2.129172e+01,2.133294e+01,2.117484e+01,2.129172e+01,2.136041e+01,2.147022e+01,2.135355e+01,2.138788e+01,2.125736e+01,2.138788e+01,2.109225e+01,2.131233e+01,2.124361e+01,2.131233e+01,2.118860e+01,2.119548e+01,2.121611e+01,2.115420e+01,2.118860e+01,2.121611e+01,2.117484e+01,2.120235e+01,2.119548e+01,2.120923e+01,2.112667e+01,2.122298e+01,2.125048e+01,2.116796e+01,2.115420e+01,2.115420e+01,2.117484e+01,2.114044e+01,2.120923e+01,2.118860e+01,2.125048e+01,2.110602e+01,2.134668e+01,2.121611e+01,2.133294e+01,2.129172e+01,2.127798e+01,2.120235e+01,2.127798e+01,2.129859e+01,2.125736e+01,2.130546e+01,2.131920e+01,2.125736e+01,2.123674e+01,2.123674e+01,2.127110e+01,2.130546e+01,2.130546e+01,2.131920e+01,2.127798e+01,2.132607e+01,2.133981e+01,2.119548e+01,2.133294e+01,2.125048e+01,2.135355e+01,2.136728e+01,2.140847e+01,2.146336e+01,2.144278e+01,2.129859e+01,2.137415e+01,2.142906e+01,2.136728e+01,2.139474e+01,2.140847e+01,2.139474e+01,2.141533e+01,2.143592e+01,2.144964e+01,2.142220e+01,2.152508e+01,2.156621e+01,2.166895e+01,2.182629e+01,2.308310e+01,2.273816e+01,2.159362e+01,2.142220e+01,2.142906e+01,2.142220e+01,2.136041e+01,2.144964e+01,2.139474e+01,2.128485e+01,2.138788e+01,2.142220e+01,2.132607e+01,2.140847e+01,2.127798e+01,2.142906e+01,2.172371e+01,2.191511e+01,2.253472e+01,2.286004e+01,2.252114e+01,2.227644e+01,2.271106e+01,2.273139e+01,2.195608e+01,2.165526e+01,2.167580e+01,2.167580e+01,2.166895e+01,2.162787e+01,2.175791e+01,2.157306e+01,2.159362e+01,2.156621e+01,2.205161e+01,2.188779e+01,2.209252e+01,2.183996e+01,2.210616e+01,2.237847e+01,2.171686e+01,2.149766e+01,2.166211e+01,2.155250e+01,2.144964e+01,2.155250e+01,2.161417e+01,2.155936e+01,2.162787e+01,2.164841e+01,2.186046e+01,2.221517e+01,2.257544e+01,2.188779e+01,2.164841e+01,2.185363e+01,2.186729e+01,2.177843e+01,2.335957e+01,2.520175e+01,2.231046e+01,2.223560e+01,2.260258e+01,2.215387e+01,2.182629e+01,2.173739e+01,2.178527e+01,2.166895e+01,2.199021e+01,2.216749e+01,2.233086e+01,2.215387e+01,2.198338e+01,2.186729e+01,2.188096e+01,2.224921e+01,2.227644e+01,2.175791e+01,2.189462e+01,2.212661e+01,2.208571e+01,2.164841e+01,2.158677e+01,2.163472e+01,2.160047e+01,2.168949e+01,2.160732e+01,2.155936e+01,2.186729e+01,2.192194e+01,2.188779e+01,2.205843e+01,2.200386e+01,2.248039e+01,2.490360e+01,2.613050e+01,2.319108e+01,2.194925e+01,2.227644e+01,2.384999e+01,2.419125e+01,2.207889e+01,2.175791e+01,2.181262e+01,2.222879e+01,2.211298e+01,2.248719e+01,2.260258e+01,2.320457e+01,2.362858e+01,2.322480e+01,2.248719e+01,2.192877e+01,2.136041e+01,2.136041e+01,2.144964e+01,2.128485e+01,2.125736e+01,2.129172e+01,2.138101e+01,2.136041e+01,2.133981e+01,2.136728e+01,2.143592e+01,2.142906e+01,2.138788e+01,2.142906e+01,2.139474e+01,2.135355e+01,2.129859e+01,2.142906e+01,2.128485e+01,2.143592e+01,2.142220e+01,2.131233e+01,2.133981e+01,2.146336e+01,2.136728e+01,2.134668e+01,2.133294e+01,2.131233e+01,2.136728e+01,2.133981e+01,2.140161e+01,2.133294e+01,2.131233e+01,2.129172e+01,2.132607e+01,2.140847e+01,2.122986e+01,2.144964e+01,2.128485e+01,2.144278e+01,2.140161e+01,2.138101e+01,2.142220e+01,2.146336e+01,2.142220e+01,2.138788e+01,2.140847e+01,2.138788e+01,2.136728e+01,2.137415e+01,2.138788e+01,2.135355e+01,2.133294e+01,2.132607e+01,2.134668e+01,2.131920e+01,2.134668e+01,2.133294e+01,2.139474e+01,2.147022e+01,2.130546e+01,2.127798e+01,2.122986e+01,2.128485e+01,2.127798e+01,2.142906e+01,2.135355e+01,2.131920e+01,2.129859e+01,2.129172e+01,2.133981e+01,2.136728e+01,2.126423e+01,2.126423e+01,2.111979e+01,2.125736e+01,2.120923e+01,2.126423e+01,2.118172e+01,2.123674e+01,2.124361e+01,2.127798e+01,2.119548e+01,2.126423e+01,2.120923e+01,2.119548e+01,2.127110e+01,2.122298e+01,2.125048e+01,2.122986e+01,2.121611e+01,2.122298e+01,2.123674e+01,2.122986e+01,2.121611e+01,2.129172e+01,2.127110e+01,2.128485e+01,2.127110e+01,2.128485e+01,2.126423e+01,2.132607e+01,2.130546e+01,2.124361e+01,2.124361e+01,2.126423e+01,2.133294e+01,2.132607e+01,2.120923e+01,2.131233e+01,2.113355e+01,2.137415e+01,2.134668e+01,2.138101e+01,2.131920e+01,2.136728e+01,2.126423e+01,2.120923e+01,2.138788e+01,2.141533e+01,2.130546e+01,2.135355e+01,2.122986e+01,2.123674e+01,2.131920e+01,2.132607e+01,2.144278e+01,2.131920e+01,2.125048e+01,2.118860e+01,2.129172e+01,2.145650e+01,2.135355e+01,2.127110e+01,2.128485e+01,2.131920e+01,2.133294e+01,2.134668e+01,2.133294e+01,2.136728e+01,2.127798e+01,2.125048e+01,2.128485e+01,2.129859e+01,2.131920e+01,2.130546e+01,2.127110e+01,2.132607e+01,2.148394e+01,2.122986e+01,2.127110e+01,2.140161e+01,2.125736e+01,2.130546e+01,2.127110e+01,2.133294e+01,2.127798e+01,2.127798e+01,2.126423e+01,2.134668e+01,2.131920e+01,2.131920e+01,2.127798e+01,2.133294e+01,2.129859e+01,2.140847e+01,2.141533e+01,2.127110e+01,2.136728e+01,2.132607e+01,2.129172e+01,2.132607e+01,2.127798e+01,2.125048e+01,2.126423e+01,2.124361e+01,2.120235e+01,2.125048e+01,2.127110e+01,2.123674e+01,2.125736e+01,2.125736e+01,2.126423e+01,2.127110e+01,2.117484e+01,2.129172e+01,2.122986e+01,2.124361e+01,2.125048e+01,2.113355e+01,2.131920e+01,2.126423e+01,2.124361e+01,2.132607e+01,2.144964e+01,2.121611e+01,2.119548e+01,2.122986e+01,2.118860e+01,2.118860e+01,2.127110e+01,2.115420e+01,2.141533e+01,2.127798e+01,2.129172e+01,2.124361e+01,2.131920e+01,2.136728e+01,2.126423e+01,2.131920e+01,2.138101e+01,2.139474e+01,2.146336e+01,2.140847e+01,2.137415e+01,2.140161e+01,2.141533e+01,2.152508e+01,2.153194e+01,2.152508e+01,2.151823e+01,2.146336e+01,2.143592e+01,2.142906e+01,2.142220e+01,2.143592e+01,2.149766e+01,2.147022e+01,2.147708e+01,2.147022e+01,2.138788e+01,2.138788e+01,2.145650e+01,2.144964e+01,2.140847e+01,2.140847e+01,2.149766e+01,2.160047e+01,2.144964e+01,2.146336e+01,2.132607e+01,2.129859e+01,2.142906e+01,2.133294e+01,2.130546e+01,2.134668e+01,2.129172e+01,2.133981e+01,2.118860e+01,2.127110e+01,2.145650e+01,2.139474e+01,2.125048e+01,2.111979e+01,2.120923e+01,2.114044e+01,2.124361e+01,2.122986e+01,2.116796e+01,2.120235e+01,2.107160e+01,2.124361e+01,2.116796e+01,2.114732e+01,2.120235e+01,2.114044e+01,2.129859e+01,2.118172e+01,2.120235e+01,2.120235e+01,2.122298e+01,2.124361e+01,2.122986e+01,2.131233e+01,2.136041e+01,2.131920e+01,2.130546e+01,2.124361e+01,2.127798e+01,2.134668e+01,2.139474e+01,2.129859e+01,2.136041e+01,2.138101e+01,2.145650e+01,2.138788e+01,2.140847e+01,2.139474e+01,2.155250e+01,2.142220e+01,2.138101e+01,2.147022e+01,2.163472e+01,2.157991e+01,2.146336e+01,2.139474e+01,2.142220e+01,2.142906e+01,2.145650e+01,2.138101e+01,2.141533e+01,2.142220e+01,2.134668e+01,2.143592e+01,2.134668e+01,2.140161e+01,2.129172e+01,2.134668e+01,2.146336e+01,2.145650e+01,2.144964e+01,2.148394e+01,2.153194e+01,2.149080e+01,2.141533e+01,2.142906e+01,2.155936e+01,2.151823e+01,2.126423e+01,2.149766e+01,2.148394e+01,2.146336e+01,2.149766e+01,2.150451e+01,2.145650e+01,2.154565e+01,2.140161e+01,2.138101e+01,2.136728e+01,2.131920e+01,2.142906e+01,2.144964e+01,2.146336e+01,2.147022e+01,2.146336e+01,2.147022e+01,2.151823e+01,2.139474e+01,2.154565e+01,2.150451e+01,2.151137e+01,2.136041e+01,2.149080e+01,2.146336e+01
2.130546e+01,2.127798e+01,2.131920e+01,2.132607e+01,2.123674e+01,2.127798e+01,2.131920e+01,2.125736e+01,2.130546e+01,2.128485e+01,2.138101e+01,2.130546e+01,2.129172e+01,2.139474e+01,2.140847e+01,2.129859e+01,2.132607e+01,2.133981e+01,2.136041e+01,2.138101e+01,2.130546e+01,2.117484e+01,2.133981e+01,2.131920e+01,2.121611e+01,2.133294e+01,2.118860e+01,2.121611e+01,2.123674e+01,2.133981e+01,2.122298e+01,2.117484e+01,2.129172e+01,2.134668e+01,2.119548e+01,2.120923e+01,2.114732e+01,2.130546e+01,2.136041e+01,2.134668e+01,2.132607e+01,2.132607e+01,2.129172e+01,2.142220e+01,2.133981e+01,2.136041e+01,2.137415e+01,2.120235e+01,2.140847e+01,2.136041e+01,2.136041e+01,2.117484e+01,2.134668e+01,2.133294e+01,2.133294e+01,2.124361e+01,2.132607e+01,2.129859e+01,2.129859e+01,2.137415e+01,2.127110e+01,2.128485e+01,2.118172e+01,2.125736e+01,2.112667e+01,2.119548e+01,2.124361e+01,2.128485e+01,2.126423e+01,2.129859e+01,2.134668e+01,2.125736e+01,2.120923e+01,2.120923e+01,2.118172e+01,2.122986e+01,2.122298e+01,2.116796e+01,2.116108e+01,2.115420e+01,2.123674e+01,2.131233e+01,2.127110e+01,2.126423e+01,2.138788e+01,2.133981e+01,2.136728e+01,2.141533e+01,2.144278e+01,2.129859e+01,2.129172e+01,2.122298e+01,2.127110e+01,2.120923e+01,2.125736e+01,2.127110e+01,2.125736e+01,2.124361e+01,2.124361e+01,2.123674e+01,2.111979e+01,2.116796e+01,2.129859e+01,2.130546e+01,2.138101e+01,2.114732e+01,2.131233e+01,2.130546e+01,2.133294e+01,2.127798e+01,2.136041e+01,2.124361e+01,2.120923e+01,2.117484e+01,2.124361e+01,2.127110e+01,2.122986e+01,2.122986e+01,2.129172e+01,2.127798e+01,2.131920e+01,2.104405e+01,2.105782e+01,2.119548e+01,2.109225e+01,2.109914e+01,2.112667e+01,2.126423e+01,2.120235e+01,2.131233e+01,2.111979e+01,2.118860e+01,2.114732e+01,2.120923e+01,2.125736e+01,2.120235e+01,2.116108e+01,2.119548e+01,2.122298e+01,2.111291e+01,2.127798e+01,2.135355e+01,2.116108e+01,2.116796e+01,2.116796e+01,2.139474e+01,2.122298e+01,2.133294e+01,2.128485e+01,2.127110e+01,2.131920e+01,2.129859e+01,2.127798e+01,2.131233e+01,2.130546e+01,2.129859e+01,2.134668e+01,2.142220e+01,2.139474e+01,2.149080e+01,2.134668e+01,2.131920e+01,2.138101e+01,2.145650e+01,2.123674e+01,2.142220e+01,2.140161e+01,2.141533e+01,2.137415e+01,2.136041e+01,2.139474e+01,2.137415e+01,2.140161e+01,2.136041e+01,2.138101e+01,2.137415e+01,2.141533e+01,2.146336e+01,2.138788e+01,2.138788e+01,2.148394e+01,2.165526e+01,2.162102e+01,2.306284e+01,2.275848e+01,2.159362e+01,2.122986e+01,2.140161e+01,2.148394e+01,2.136041e+01,2.128485e+01,2.137415e+01,2.140161e+01,2.142906e+01,2.140161e+01,2.145650e+01,2.140847e+01,2.138101e+01,2.140847e+01,2.201750e+01,2.209252e+01,2.333936e+01,2.449809e+01,2.250077e+01,2.212661e+01,2.227644e+01,2.196973e+01,2.168264e+01,2.170318e+01,2.172371e+01,2.178527e+01,2.168949e+01,2.150451e+01,2.155250e+01,2.155250e+01,2.190145e+01,2.188779e+01,2.189462e+01,2.187413e+01,2.168264e+01,2.186046e+01,2.188779e+01,2.186729e+01,2.184679e+01,2.185363e+01,2.164841e+01,2.152508e+01,2.149080e+01,2.157306e+01,2.155936e+01,2.161417e+01,2.140161e+01,2.183312e+01,2.212661e+01,2.212661e+01,2.218793e+01,2.221517e+01,2.183996e+01,2.184679e+01,2.181945e+01,2.183312e+01,2.202432e+01,2.387010e+01,2.222879e+01,2.205843e+01,2.218112e+01,2.218793e+01,2.213342e+01,2.219474e+01,2.209252e+01,2.192877e+01,2.194243e+01,2.213342e+01,2.202432e+01,2.215387e+01,2.215387e+01,2.217430e+01,2.190828e+01,2.337977e+01,2.286004e+01,2.191511e+01,2.222198e+01,2.224240e+01,2.192194e+01,2.147708e+01,2.136041e+01,2.134668e+01,2.133981e+01,2.142906e+01,2.159362e+01,2.153194e+01,2.183996e+01,2.163472e+01,2.172371e+01,2.186046e+01,2.231726e+01,2.325177e+01,2.575603e+01,2.534059e+01,2.266361e+01,2.257544e+01,2.267717e+01,2.320457e+01,2.317084e+01,2.183312e+01,2.179211e+01,2.178527e+01,2.224921e+01,2.222879e+01,2.272461e+01,2.253472e+01,2.231046e+01,2.218112e+01,2.220155e+01,2.189462e+01,2.137415e+01,2.152508e+01,2.139474e+01,2.147708e+01,2.142906e+01,2.140161e+01,2.134668e+01,2.143592e+01,2.142220e+01,2.154565e+01,2.138101e+01,2.134668e+01,2.146336e+01,2.138788e+01,2.142220e+01,2.140161e+01,2.129859e+01,2.140847e+01,2.141533e+01,2.140161e+01,2.141533e+01,2.131920e+01,2.136041e+01,2.142220e+01,2.144964e+01,2.146336e+01,2.136041e+01,2.142220e+01,2.134668e+01,2.137415e+01,2.134668e+01,2.140847e+01,2.132607e+01,2.133981e+01,2.147022e+01,2.132607e+01,2.122298e+01,2.127110e+01,2.131233e+01,2.142906e+01,2.142220e+01,2.133294e+01,2.140161e+01,2.140161e+01,2.131920e+01,2.140847e+01,2.136041e+01,2.139474e+01,2.124361e+01,2.144964e+01,2.140847e+01,2.139474e+01,2.133981e+01,2.128485e+01,2.136041e+01,2.130546e+01,2.128485e+01,2.133294e+01,2.133294e+01,2.126423e+01,2.136041e+01,2.142220e+01,2.131920e+01,2.135355e+01,2.136041e+01,2.133981e+01,2.138101e+01,2.131233e+01,2.145650e+01,2.129172e+01,2.128485e+01,2.125736e+01,2.136728e+01,2.134668e+01,2.133294e+01,2.120923e+01,2.123674e+01,2.120235e+01,2.103716e+01,2.123674e+01,2.129172e+01,2.127110e+01,2.121611e+01,2.113355e+01,2.117484e+01,2.119548e+01,2.117484e+01,2.120923e+01,2.121611e+01,2.126423e+01,2.123674e+01,2.122986e+01,2.122986e+01,2.125736e+01,2.125736e+01,2.122986e+01,2.121611e+01,2.130546e+01,2.128485e+01,2.124361e+01,2.124361e+01,2.130546e+01,2.096825e+01,2.129859e+01,2.131920e+01,2.127110e+01,2.139474e+01,2.133294e+01,2.117484e+01,2.131233e+01,2.128485e+01,2.131233e+01,2.130546e+01,2.130546e+01,2.131233e+01,2.130546e+01,2.135355e+01,2.129172e+01,2.124361e+01,2.131233e+01,2.131920e+01,2.131920e+01,2.128485e+01,2.133981e+01,2.127798e+01,2.129172e+01,2.131233e+01,2.116796e+01,2.131233e+01,2.130546e+01,2.118860e+01,2.128485e+01,2.120923e+01,2.131233e+01,2.122298e+01,2.123674e+01,2.126423e+01,2.134668e+01,2.125736e+01,2.131233e+01,2.134668e+01,2.131233e+01,2.140847e+01,2.128485e+01,2.130546e+01,2.129172e+01,2.131233e+01,2.125736e+01,2.120923e+01,2.121611e+01,2.129172e+01,2.131233e+01,2.122986e+01,2.120235e+01,2.125048e+01,2.127798e+01,2.127110e+01,2.143592e+01,2.129859e+01,2.130546e+01,2.137415e+01,2.133981e+01,2.136041e+01,2.133981e+01,2.129859e+01,2.122986e+01,2.127798e+01,2.140847e+01,2.127110e+01,2.133981e+01,2.127110e+01,2.135355e+01,2.128485e+01,2.131233e+01,2.127110e+01,2.119548e+01,2.122298e+01,2.120923e+01,2.131920e+01,2.132607e+01,2.122298e+01,2.129172e+01,2.116796e+01,2.129859e+01,2.124361e+01,2.133981e+01,2.129172e+01,2.143592e+01,2.126423e+01,2.123674e+01,2.118172e+01,2.115420e+01,2.127798e+01,2.133981e+01,2.126423e+01,2.124361e+01,2.116796e+01,2.119548e+01,2.130546e+01,2.119548e+01,2.122986e+01,2.120235e+01,2.121611e+01,2.136041e+01,2.126423e+01,2.129172e+01,2.133294e+01,2.127798e+01,2.129172e+01,2.125736e+01,2.126423e+01,2.138101e+01,2.141533e+01,2.153880e+01,2.136041e+01,2.129859e+01,2.143592e+01,2.141533e+01,2.154565e+01,2.140847e+01,2.150451e+01,2.147022e+01,2.146336e+01,2.147022e+01,2.146336e+01,2.145650e+01,2.144278e+01,2.138101e+01,2.147022e+01,2.149080e+01,2.147022e+01,2.141533e+01,2.147022e+01,2.144964e+01,2.142906e+01,2.138788e+01,2.140161e+01,2.148394e+01,2.138788e+01,2.151137e+01,2.142906e+01,2.149080e+01,2.133294e+01,2.133294e+01,2.137415e+01,2.138101e+01,2.133981e+01,2.131920e+01,2.131233e+01,2.127798e+01,2.125048e+01,2.130546e+01,2.121611e+01,2.113355e+01,2.126423e+01,2.133294e+01,2.118860e+01,2.122986e+01,2.118860e+01,2.115420e+01,2.117484e+01,2.129172e+01,2.109225e+01,2.114044e+01,2.110602e+01,2.114044e+01,2.109225e+01,2.118860e+01,2.121611e+01,2.112667e+01,2.116796e+01,2.123674e+01,2.122986e+01,2.125736e+01,2.129172e+01,2.129859e+01,2.134668e+01,2.122298e+01,2.129859e+01,2.129172e+01,2.132607e+01,2.140847e+01,2.135355e+01,2.137415e+01,2.134668e+01,2.140161e+01,2.140161e+01,2.144964e+01,2.148394e+01,2.144278e+01,2.142906e+01,2.146336e+01,2.138101e+01,2.137415e+01,2.138101e+01,2.136041e+01,2.144964e+01,2.149080e+01,2.151137e+01,2.146336e+01,2.149080e+01,2.137415e+01,2.147022e+01,2.138788e+01,2.144964e+01,2.145650e+01,2.146336e+01,2.151823e+01,2.139474e+01,2.144964e+01,2.150451e+01,2.141533e+01,2.144278e+01,2.144964e+01,2.155250e+01,2.142220e+01,2.148394e+01,2.146336e+01,2.149080e+01,2.129859e+01,2.143592e+01,2.129172e+01,2.150451e+01,2.153194e+01,2.143592e+01,2.128485e+01,2.136041e+01,2.137415e+01,2.140161e+01,2.142906e+01,2.137415e+01,2.131920e+01,2.140847e+01,2.144964e+01,2.151137e+01,2.146336e+01,2.143592e+01,2.152508e+01,2.151823e+01,2.165526e+01,2.149080e+01,2.138101e+01,2.141533e+01,2.149080e+01,2.148394e+01
2.128485e+01,2.132607e+01,2.131920e+01,2.134668e+01,2.122298e+01,2.131920e+01,2.128485e+01,2.125736e+01,2.128485e+01,2.109225e+01,2.133981e+01,2.136041e+01,2.153880e+01,2.133981e+01,2.134668e+01,2.143592e+01,2.128485e+01,2.117484e+01,2.122298e+01,2.136041e+01,2.122298e+01,2.127110e+01,2.127798e+01,2.127110e+01,2.129859e+01,2.133294e+01,2.129172e+01,2.121611e+01,2.131233e+01,2.125736e+01,2.125048e+01,2.122298e+01,2.123674e+01,2.136041e+01,2.130546e+01,2.118172e+01,2.117484e+01,2.142220e+01,2.125048e+01,2.138788e+01,2.131920e+01,2.134668e+01,2.130546e+01,2.127798e+01,2.129172e+01,2.126423e+01,2.125048e+01,2.137415e+01,2.127110e+01,2.125736e+01,2.165526e+01,2.129172e+01,2.138788e+01,2.127798e+01,2.129859e+01,2.132607e+01,2.149080e+01,2.130546e+01,2.143592e+01,2.131233e+01,2.129859e+01,2.127798e+01,2.118172e+01,2.115420e+01,2.126423e+01,2.132607e+01,2.127798e+01,2.129859e+01,2.131233e+01,2.129172e+01,2.128485e+01,2.122298e+01,2.121611e+01,2.122986e+01,2.116108e+01,2.129172e+01,2.127798e+01,2.116796e+01,2.134668e+01,2.118172e+01,2.133981e+01,2.144964e+01,2.133294e+01,2.137415e+01,2.141533e+01,2.137415e+01,2.139474e+01,2.132607e+01,2.143592e+01,2.138101e+01,2.120923e+01,2.137415e+01,2.130546e+01,2.136041e+01,2.126423e+01,2.131920e+01,2.118172e+01,2.125048e+01,2.122986e+01,2.127798e+01,2.126423e+01,2.129172e+01,2.130546e+01,2.132607e+01,2.131920e+01,2.129172e+01,2.134668e+01,2.123674e+01,2.134668e+01,2.144278e+01,2.143592e+01,2.120923e+01,2.118860e+01,2.133981e+01,2.129859e+01,2.121611e+01,2.129859e+01,2.125048e+01,2.127798e+01,2.122298e+01,2.117484e+01,2.132607e+01,2.128485e+01,2.118860e+01,2.136041e+01,2.115420e+01,2.125048e+01,2.122986e+01,2.121611e+01,2.121611e+01,2.127110e+01,2.118860e+01,2.125736e+01,2.124361e+01,2.126423e+01,2.118172e+01,2.113355e+01,2.126423e+01,2.116796e+01,2.121611e+01,2.131233e+01,2.129859e+01,2.133294e+01,2.116108e+01,2.139474e+01,2.129859e+01,2.128485e+01,2.131233e+01,2.125736e+01,2.132607e+01,2.133981e+01,2.143592e+01,2.142906e+01,2.142906e+01,2.129859e+01,2.142906e+01,2.134668e+01,2.124361e+01,2.151823e+01,2.131920e+01,2.133981e+01,2.136041e+01,2.145650e+01,2.137415e+01,2.127110e+01,2.148394e+01,2.142220e+01,2.140847e+01,2.137415e+01,2.142906e+01,2.147022e+01,2.139474e+01,2.140847e+01,2.139474e+01,2.145650e+01,2.147022e+01,2.131920e+01,2.133294e+01,2.149080e+01,2.136728e+01,2.147022e+01,2.157306e+01,2.175791e+01,2.307635e+01,2.276526e+01,2.151137e+01,2.149080e+01,2.139474e+01,2.138101e+01,2.131920e+01,2.138788e+01,2.142220e+01,2.138788e+01,2.125736e+01,2.138788e+01,2.146336e+01,2.134668e+01,2.129859e+01,2.149080e+01,2.194243e+01,2.211298e+01,2.378966e+01,2.473096e+01,2.223560e+01,2.184679e+01,2.184679e+01,2.177159e+01,2.185363e+01,2.166895e+01,2.177159e+01,2.171686e+01,2.168264e+01,2.181262e+01,2.161417e+01,2.162102e+01,2.231046e+01,2.181945e+01,2.190828e+01,2.172371e+01,2.166895e+01,2.179211e+01,2.188096e+01,2.206525e+01,2.220155e+01,2.235127e+01,2.168949e+01,2.144964e+01,2.161417e+01,2.166895e+01,2.164157e+01,2.177159e+01,2.161417e+01,2.163472e+01,2.211979e+01,2.256186e+01,2.254150e+01,2.204479e+01,2.181945e+01,2.209934e+01,2.180578e+01,2.171002e+01,2.152508e+01,2.223560e+01,2.188779e+01,2.212661e+01,2.221517e+01,2.226963e+01,2.281266e+01,2.288710e+01,2.279235e+01,2.219474e+01,2.201068e+01,2.215387e+01,2.234447e+01,2.213342e+01,2.214705e+01,2.226963e+01,2.197656e+01,2.213342e+01,2.191511e+01,2.171686e+01,2.171686e+01,2.209934e+01,2.220155e+01,2.159362e+01,2.168264e+01,2.178527e+01,2.175791e+01,2.168264e+01,2.162787e+01,2.177843e+01,2.165526e+01,2.165526e+01,2.211298e+01,2.243284e+01,2.323154e+01,2.502296e+01,2.622882e+01,2.427138e+01,2.333263e+01,2.407762e+01,2.390360e+01,2.266361e+01,2.201750e+01,2.183312e+01,2.202432e+01,2.188096e+01,2.210616e+01,2.237847e+01,2.234447e+01,2.260936e+01,2.244643e+01,2.230365e+01,2.197656e+01,2.138788e+01,2.153194e+01,2.146336e+01,2.150451e+01,2.150451e+01,2.149080e+01,2.142220e+01,2.155250e+01,2.141533e+01,2.141533e+01,2.141533e+01,2.125736e+01,2.149080e+01,2.141533e+01,2.142220e+01,2.135355e+01,2.156621e+01,2.138788e+01,2.140161e+01,2.143592e+01,2.145650e+01,2.145650e+01,2.143592e+01,2.143592e+01,2.137415e+01,2.136728e+01,2.141533e+01,2.135355e+01,2.141533e+01,2.142906e+01,2.142906e+01,2.133294e+01,2.138101e+01,2.130546e+01,2.134668e+01,2.136041e+01,2.144964e+01,2.149080e+01,2.136041e+01,2.135355e+01,2.141533e+01,2.144278e+01,2.142906e+01,2.138101e+01,2.140161e+01,2.144278e+01,2.143592e+01,2.130546e+01,2.129859e+01,2.140161e+01,2.138101e+01,2.131920e+01,2.138101e+01,2.138101e+01,2.135355e+01,2.127798e+01,2.136728e+01,2.147708e+01,2.137415e+01,2.145650e+01,2.137415e+01,2.141533e+01,2.138788e+01,2.133981e+01,2.126423e+01,2.136041e+01,2.134668e+01,2.129172e+01,2.129859e+01,2.129859e+01,2.129172e+01,2.131920e+01,2.125736e+01,2.136728e+01,2.129859e+01,2.132607e+01,2.130546e+01,2.131920e+01,2.118172e+01,2.125736e+01,2.129172e+01,2.129172e+01,2.127110e+01,2.128485e+01,2.130546e+01,2.129172e+01,2.118172e+01,2.127798e+01,2.129859e+01,2.119548e+01,2.122986e+01,2.127798e+01,2.118860e+01,2.121611e+01,2.118172e+01,2.134668e+01,2.128485e+01,2.142906e+01,2.115420e+01,2.129172e+01,2.127110e+01,2.127798e+01,2.130546e+01,2.143592e+01,2.133981e+01,2.128485e+01,2.128485e+01,2.125736e+01,2.129172e+01,2.127110e+01,2.135355e+01,2.131920e+01,2.125736e+01,2.132607e+01,2.129172e+01,2.129172e+01,2.131920e+01,2.134668e+01,2.127110e+01,2.129172e+01,2.132607e+01,2.133981e+01,2.132607e+01,2.124361e+01,2.127110e+01,2.121611e+01,2.132607e+01,2.136041e+01,2.138101e+01,2.127798e+01,2.145650e+01,2.117484e+01,2.134668e+01,2.127798e+01,2.125048e+01,2.129859e+01,2.139474e+01,2.139474e+01,2.133294e+01,2.125736e+01,2.124361e+01,2.131233e+01,2.127110e+01,2.129859e+01,2.130546e+01,2.126423e+01,2.142220e+01,2.135355e+01,2.140161e+01,2.132607e+01,2.145650e+01,2.139474e+01,2.135355e+01,2.127798e+01,2.136041e+01,2.138788e+01,2.126423e+01,2.125736e+01,2.139474e+01,2.129859e+01,2.142220e+01,2.135355e+01,2.129859e+01,2.128485e+01,2.138788e+01,2.128485e+01,2.129172e+01,2.130546e+01,2.136041e+01,2.139474e+01,2.130546e+01,2.135355e+01,2.133294e+01,2.129172e+01,2.127110e+01,2.127110e+01,2.144278e+01,2.127798e+01,2.127110e+01,2.125048e+01,2.124361e+01,2.129859e+01,2.120923e+01,2.121611e+01,2.123674e+01,2.129172e+01,2.134668e+01,2.126423e+01,2.123674e+01,2.133981e+01,2.121611e+01,2.127110e+01,2.122986e+01,2.128485e+01,2.125048e+01,2.120235e+01,2.127110e+01,2.122298e+01,2.129859e+01,2.133294e+01,2.119548e+01,2.134668e+01,2.122986e+01,2.121611e+01,2.123674e+01,2.121611e+01,2.120923e+01,2.145650e+01,2.135355e+01,2.114044e+01,2.135355e+01,2.121611e+01,2.133294e+01,2.129859e+01,2.138788e+01,2.140847e+01,2.142220e+01,2.146336e+01,2.139474e+01,2.148394e+01,2.157991e+01,2.142906e+01,2.157306e+01,2.163472e+01,2.140847e+01,2.142220e+01,2.143592e+01,2.143592e+01,2.142220e+01,2.142220e+01,2.139474e+01,2.148394e+01,2.145650e+01,2.140161e+01,2.138788e+01,2.144278e+01,2.137415e+01,2.147022e+01,2.144278e+01,2.149766e+01,2.140847e+01,2.141533e+01,2.134668e+01,2.137415e+01,2.146336e+01,2.137415e+01,2.137415e+01,2.135355e+01,2.140847e+01,2.144964e+01,2.127110e+01,2.124361e+01,2.129859e+01,2.131233e+01,2.131920e+01,2.131920e+01,2.114044e+01,2.125048e+01,2.123674e+01,2.112667e+01,2.122986e+01,2.126423e+01,2.111291e+01,2.114044e+01,2.127798e+01,2.110602e+01,2.118860e+01,2.127798e+01,2.116108e+01,2.114732e+01,2.122298e+01,2.128485e+01,2.127798e+01,2.123674e+01,2.127798e+01,2.130546e+01,2.133981e+01,2.133294e+01,2.133294e+01,2.129859e+01,2.126423e+01,2.146336e+01,2.138101e+01,2.140161e+01,2.125048e+01,2.138101e+01,2.152508e+01,2.142220e+01,2.142220e+01,2.154565e+01,2.141533e+01,2.133981e+01,2.156621e+01,2.136041e+01,2.136728e+01,2.151137e+01,2.140161e+01,2.138101e+01,2.144278e+01,2.141533e+01,2.147022e+01,2.136728e+01,2.144278e+01,2.141533e+01,2.142220e+01,2.146336e+01,2.137415e+01,2.146336e+01,2.152508e+01,2.142220e+01,2.142220e+01,2.147708e+01,2.139474e+01,2.149080e+01,2.142220e+01,2.154565e+01,2.140847e+01,2.142220e+01,2.153880e+01,2.153880e+01,2.142220e+01,2.150451e+01,2.148394e+01,2.152508e+01,2.144964e+01,2.138788e+01,2.166211e+01,2.149766e+01,2.141533e+01,2.141533e+01,2.147708e+01,2.133981e+01,2.150451e+01,2.157306e+01,2.147708e+01,2.153194e+01,2.157991e+01,2.149766e+01,2.148394e+01,2.151823e+01,2.147022e+01,2.151823e+01,2.146336e+01,2.140847e+01,2.137415e+01,2.149080e+01
2.124361e+01,2.132607e+01,2.130546e+01,2.124361e+01,2.135355e+01,2.127798e+01,2.132607e+01,2.129859e+01,2.109225e+01,2.130546e+01,2.133294e+01,2.131920e+01,2.136728e+01,2.147022e+01,2.144964e+01,2.129172e+01,2.126423e+01,2.115420e+01,2.133981e+01,2.138101e+01,2.124361e+01,2.138788e+01,2.133981e+01,2.118860e+01,2.133981e+01,2.127110e+01,2.122986e+01,2.132607e+01,2.131233e+01,2.135355e+01,2.126423e+01,2.139474e+01,2.134668e+01,2.121611e+01,2.132607e+01,2.118860e+01,2.143592e+01,2.132607e+01,2.131920e+01,2.127798e+01,2.133294e+01,2.143592e+01,2.134668e+01,2.140161e+01,2.138788e+01,2.141533e+01,2.144278e+01,2.126423e+01,2.127110e+01,2.128485e+01,2.126423e+01,2.139474e+01,2.137415e+01,2.133294e+01,2.130546e+01,2.143592e+01,2.128485e+01,2.136728e+01,2.135355e+01,2.120923e+01,2.132607e+01,2.129172e+01,2.128485e+01,2.113355e+01,2.125736e+01,2.130546e+01,2.118172e+01,2.127110e+01,2.117484e+01,2.122986e+01,2.118172e+01,2.123674e+01,2.119548e+01,2.114044e+01,2.120235e+01,2.121611e+01,2.121611e+01,2.130546e+01,2.113355e+01,2.122298e+01,2.122298e+01,2.136041e+01,2.133294e+01,2.144278e+01,2.144964e+01,2.142906e+01,2.142906e+01,2.144278e+01,2.141533e+01,2.129859e+01,2.122298e+01,2.121611e+01,2.130546e+01,2.126423e+01,2.124361e+01,2.116796e+01,2.126423e+01,2.119548e+01,2.124361e+01,2.131233e+01,2.127110e+01,2.132607e+01,2.129859e+01,2.132607e+01,2.118172e+01,2.122298e+01,2.131920e+01,2.135355e+01,2.123674e+01,2.126423e+01,2.127798e+01,2.132607e+01,2.139474e+01,2.117484e+01,2.129172e+01,2.119548e+01,2.128485e+01,2.122986e+01,2.127798e+01,2.122986e+01,2.126423e+01,2.128485e+01,2.116108e+01,2.114044e+01,2.112667e+01,2.129859e+01,2.119548e+01,2.118860e+01,2.118860e+01,2.119548e+01,2.119548e+01,2.119548e+01,2.120235e+01,2.117484e+01,2.123674e+01,2.107160e+01,2.100960e+01,2.118860e+01,2.121611e+01,2.124361e+01,2.121611e+01,2.126423e+01,2.135355e+01,2.127110e+01,2.122986e+01,2.130546e+01,2.131920e+01,2.126423e+01,2.122298e+01,2.133294e+01,2.127798e+01,2.123674e+01,2.130546e+01,2.129859e+01,2.132607e+01,2.131233e+01,2.135355e+01,2.136041e+01,2.135355e+01,2.133294e+01,2.133294e+01,2.140161e+01,2.138788e+01,2.131920e+01,2.136041e+01,2.144278e+01,2.135355e+01,2.139474e+01,2.140847e+01,2.141533e+01,2.144964e+01,2.121611e+01,2.136728e+01,2.142220e+01,2.137415e+01,2.143592e+01,2.147022e+01,2.141533e+01,2.147708e+01,2.135355e+01,2.144278e+01,2.149766e+01,2.182629e+01,2.301556e+01,2.282620e+01,2.153194e+01,2.155250e+01,2.141533e+01,2.139474e+01,2.123674e+01,2.130546e+01,2.129859e+01,2.131233e+01,2.149766e+01,2.139474e+01,2.142220e+01,2.138788e+01,2.142906e+01,2.166211e+01,2.194925e+01,2.216068e+01,2.421797e+01,2.407762e+01,2.192877e+01,2.170318e+01,2.183312e+01,2.168949e+01,2.158677e+01,2.167580e+01,2.177843e+01,2.175791e+01,2.181262e+01,2.170318e+01,2.160732e+01,2.180578e+01,2.183996e+01,2.159362e+01,2.181262e+01,2.161417e+01,2.162787e+01,2.181262e+01,2.216749e+01,2.281943e+01,2.327873e+01,2.256186e+01,2.171686e+01,2.183312e+01,2.190145e+01,2.171686e+01,2.209252e+01,2.208571e+01,2.171002e+01,2.181945e+01,2.184679e+01,2.231726e+01,2.186729e+01,2.158677e+01,2.164841e+01,2.181262e+01,2.160047e+01,2.162787e+01,2.169633e+01,2.189462e+01,2.209934e+01,2.211979e+01,2.218793e+01,2.298853e+01,2.387680e+01,2.459130e+01,2.445146e+01,2.293444e+01,2.239886e+01,2.256186e+01,2.254150e+01,2.248039e+01,2.193560e+01,2.235807e+01,2.287357e+01,2.211979e+01,2.212661e+01,2.192877e+01,2.152508e+01,2.192194e+01,2.242604e+01,2.190828e+01,2.269750e+01,2.222879e+01,2.168264e+01,2.149080e+01,2.170318e+01,2.181262e+01,2.164841e+01,2.210616e+01,2.312361e+01,2.387010e+01,2.468442e+01,2.617640e+01,2.719411e+01,2.626158e+01,2.413779e+01,2.267039e+01,2.226963e+01,2.203115e+01,2.173739e+01,2.184679e+01,2.201068e+01,2.216068e+01,2.203797e+01,2.281943e+01,2.354123e+01,2.331242e+01,2.317759e+01,2.245322e+01,2.178527e+01,2.147022e+01,2.139474e+01,2.149080e+01,2.155936e+01,2.155936e+01,2.150451e+01,2.151823e+01,2.152508e+01,2.149766e+01,2.131920e+01,2.138788e+01,2.139474e+01,2.138788e+01,2.140847e+01,2.150451e+01,2.137415e+01,2.140847e+01,2.142220e+01,2.138101e+01,2.140847e+01,2.143592e+01,2.129859e+01,2.131233e+01,2.137415e+01,2.145650e+01,2.140847e+01,2.140847e+01,2.140847e+01,2.140847e+01,2.128485e+01,2.131920e+01,2.130546e+01,2.131233e+01,2.134668e+01,2.138101e+01,2.132607e+01,2.146336e+01,2.133981e+01,2.146336e+01,2.141533e+01,2.136041e+01,2.147022e+01,2.127798e+01,2.128485e+01,2.125736e+01,2.125048e+01,2.129859e+01,2.129859e+01,2.132607e+01,2.131233e+01,2.147708e+01,2.142220e+01,2.133294e+01,2.134668e+01,2.138788e+01,2.135355e+01,2.129859e+01,2.136728e+01,2.129859e+01,2.133981e+01,2.138788e+01,2.136728e+01,2.137415e+01,2.136041e+01,2.129172e+01,2.145650e+01,2.138788e+01,2.133294e+01,2.135355e+01,2.131233e+01,2.131920e+01,2.136041e+01,2.127110e+01,2.120235e+01,2.120923e+01,2.133294e+01,2.124361e+01,2.120235e+01,2.125736e+01,2.125736e+01,2.119548e+01,2.129172e+01,2.130546e+01,2.111979e+01,2.122298e+01,2.124361e+01,2.129859e+01,2.114732e+01,2.106471e+01,2.116796e+01,2.118860e+01,2.122298e+01,2.122298e+01,2.122298e+01,2.122986e+01,2.119548e+01,2.115420e+01,2.124361e+01,2.122298e+01,2.124361e+01,2.123674e+01,2.127110e+01,2.129172e+01,2.127110e+01,2.129172e+01,2.130546e+01,2.131920e+01,2.127110e+01,2.131920e+01,2.131920e+01,2.128485e+01,2.132607e+01,2.127110e+01,2.133294e+01,2.131233e+01,2.113355e+01,2.127798e+01,2.136041e+01,2.124361e+01,2.131920e+01,2.133981e+01,2.131920e+01,2.131920e+01,2.130546e+01,2.129859e+01,2.125048e+01,2.116796e+01,2.133981e+01,2.126423e+01,2.132607e+01,2.138101e+01,2.118172e+01,2.125048e+01,2.129172e+01,2.121611e+01,2.127110e+01,2.129859e+01,2.125736e+01,2.122986e+01,2.129172e+01,2.138101e+01,2.134668e+01,2.137415e+01,2.132607e+01,2.129859e+01,2.127798e+01,2.140161e+01,2.128485e+01,2.125048e+01,2.126423e+01,2.131233e+01,2.127110e+01,2.142220e+01,2.131920e+01,2.126423e+01,2.127798e+01,2.129172e+01,2.129172e+01,2.128485e+01,2.127798e+01,2.130546e+01,2.127110e+01,2.132607e+01,2.125736e+01,2.125736e+01,2.125048e+01,2.126423e+01,2.129859e+01,2.124361e+01,2.134668e+01,2.131920e+01,2.130546e+01,2.130546e+01,2.129859e+01,2.123674e+01,2.120235e+01,2.124361e+01,2.123674e+01,2.122298e+01,2.122298e+01,2.123674e+01,2.118860e+01,2.134668e+01,2.125736e+01,2.139474e+01,2.136728e+01,2.128485e+01,2.127798e+01,2.125736e+01,2.128485e+01,2.126423e+01,2.124361e+01,2.125048e+01,2.122298e+01,2.117484e+01,2.122986e+01,2.111291e+01,2.125736e+01,2.129172e+01,2.131920e+01,2.121611e+01,2.134668e+01,2.126423e+01,2.120235e+01,2.129172e+01,2.120923e+01,2.137415e+01,2.126423e+01,2.126423e+01,2.125736e+01,2.137415e+01,2.124361e+01,2.133981e+01,2.133294e+01,2.120235e+01,2.146336e+01,2.137415e+01,2.130546e+01,2.136728e+01,2.147708e+01,2.134668e+01,2.140847e+01,2.142220e+01,2.150451e+01,2.139474e+01,2.145650e+01,2.142906e+01,2.142906e+01,2.154565e+01,2.155250e+01,2.140847e+01,2.136728e+01,2.140161e+01,2.140161e+01,2.149766e+01,2.142220e+01,2.143592e+01,2.141533e+01,2.145650e+01,2.136041e+01,2.146336e+01,2.142220e+01,2.139474e+01,2.142220e+01,2.136041e+01,2.145650e+01,2.148394e+01,2.144278e+01,2.136728e+01,2.133294e+01,2.125736e+01,2.127110e+01,2.123674e+01,2.125048e+01,2.126423e+01,2.125048e+01,2.116796e+01,2.117484e+01,2.126423e+01,2.120235e+01,2.125048e+01,2.117484e+01,2.114732e+01,2.112667e+01,2.111979e+01,2.125048e+01,2.112667e+01,2.116796e+01,2.124361e+01,2.125048e+01,2.125048e+01,2.119548e+01,2.127798e+01,2.125736e+01,2.127798e+01,2.127110e+01,2.128485e+01,2.127798e+01,2.125048e+01,2.126423e+01,2.125048e+01,2.146336e+01,2.138101e+01,2.137415e+01,2.132607e+01,2.131920e+01,2.133981e+01,2.133981e+01,2.132607e+01,2.131233e+01,2.136041e+01,2.138788e+01,2.144964e+01,2.144964e+01,2.137415e+01,2.132607e+01,2.144278e+01,2.149766e+01,2.143592e+01,2.147708e+01,2.147022e+01,2.146336e+01,2.142220e+01,2.139474e+01,2.147022e+01,2.147708e+01,2.146336e+01,2.149080e+01,2.144964e+01,2.138788e+01,2.145650e+01,2.138101e+01,2.157991e+01,2.135355e+01,2.159362e+01,2.149766e+01,2.150451e+01,2.135355e+01,2.146336e+01,2.152508e+01,2.147708e+01,2.149766e+01,2.153880e+01,2.142220e+01,2.150451e+01,2.137415e+01,2.135355e+01,2.140161e+01,2.142220e+01,2.149766e+01,2.142906e+01,2.147022e+01,2.149080e+01,2.148394e+01,2.143592e+01,2.142906e+01,2.146336e+01,2.160732e+01,2.144278e+01,2.142220e+01,2.151823e+01,2.144964e+01,2.141533e+01,2.145650e+01,2.149766e+01,2.132607e+01
2.129859e+01,2.130546e+01,2.125048e+01,2.134668e+01,2.122298e+01,2.127798e+01,2.129172e+01,2.122986e+01,2.129172e+01,2.126423e+01,2.133981e+01,2.132607e+01,2.138788e+01,2.125048e+01,2.131920e+01,2.125048e+01,2.136728e+01,2.117484e+01,2.134668e+01,2.120235e+01,2.124361e+01,2.120923e+01,2.137415e+01,2.129172e+01,2.134668e+01,2.132607e+01,2.122986e+01,2.122986e+01,2.129859e+01,2.136041e+01,2.135355e+01,2.131233e+01,2.126423e+01,2.134668e+01,2.137415e+01,2.117484e+01,2.123674e+01,2.120923e+01,2.136041e+01,2.133294e+01,2.131233e+01,2.132607e+01,2.136728e+01,2.129172e+01,2.140161e+01,2.144964e+01,2.143592e+01,2.123674e+01,2.125736e+01,2.125736e+01,2.125736e+01,2.123674e+01,2.146336e+01,2.127798e+01,2.120235e+01,2.136728e+01,2.132607e+01,2.137415e+01,2.139474e+01,2.139474e+01,2.135355e+01,2.132607e+01,2.125048e+01,2.103716e+01,2.122986e+01,2.120235e+01,2.119548e+01,2.121611e+01,2.116108e+01,2.119548e+01,2.118172e+01,2.120923e+01,2.107160e+01,2.122986e+01,2.128485e+01,2.121611e+01,2.129859e+01,2.117484e+01,2.116108e+01,2.111979e+01,2.113355e+01,2.136041e+01,2.138101e+01,2.131920e+01,2.103716e+01,2.151137e+01,2.138101e+01,2.134668e+01,2.138101e+01,2.137415e+01,2.131920e+01,2.139474e+01,2.131920e+01,2.128485e+01,2.134668e+01,2.133294e+01,2.125048e+01,2.112667e+01,2.125048e+01,2.129172e+01,2.122986e+01,2.132607e+01,2.132607e+01,2.118860e+01,2.131920e+01,2.135355e+01,2.125048e+01,2.123674e+01,2.142906e+01,2.120235e+01,2.125736e+01,2.133294e+01,2.116796e+01,2.116796e+01,2.125736e+01,2.117484e+01,2.127798e+01,2.129172e+01,2.127798e+01,2.122986e+01,2.120923e+01,2.114044e+01,2.113355e+01,2.114044e+01,2.115420e+01,2.116108e+01,2.114732e+01,2.120235e+01,2.121611e+01,2.120923e+01,2.112667e+01,2.113355e+01,2.108537e+01,2.125736e+01,2.120923e+01,2.120235e+01,2.118172e+01,2.118860e+01,2.118860e+01,2.117484e+01,2.119548e+01,2.130546e+01,2.116108e+01,2.116108e+01,2.118860e+01,2.122986e+01,2.138101e+01,2.127110e+01,2.128485e+01,2.140847e+01,2.129172e+01,2.123674e+01,2.136041e+01,2.129172e+01,2.131233e+01,2.132607e+01,2.134668e+01,2.128485e+01,2.145650e+01,2.129859e+01,2.139474e+01,2.137415e+01,2.140847e+01,2.134668e+01,2.132607e+01,2.125048e+01,2.131233e+01,2.131233e+01,2.133294e+01,2.134668e+01,2.138101e+01,2.134668e+01,2.140847e+01,2.139474e+01,2.135355e+01,2.134668e+01,2.148394e+01,2.146336e+01,2.138788e+01,2.125736e+01,2.122298e+01,2.138788e+01,2.181945e+01,2.300880e+01,2.275848e+01,2.160047e+01,2.140161e+01,2.139474e+01,2.130546e+01,2.114732e+01,2.136728e+01,2.136728e+01,2.140161e+01,2.138101e+01,2.138101e+01,2.138788e+01,2.140847e+01,2.144964e+01,2.171686e+01,2.171002e+01,2.218112e+01,2.400403e+01,2.292092e+01,2.171002e+01,2.160047e+01,2.173739e+01,2.145650e+01,2.155250e+01,2.171002e+01,2.173055e+01,2.185363e+01,2.263649e+01,2.203797e+01,2.164841e+01,2.169633e+01,2.168949e+01,2.192877e+01,2.184679e+01,2.173739e+01,2.177159e+01,2.201068e+01,2.260258e+01,2.468442e+01,2.429140e+01,2.248719e+01,2.196973e+01,2.232406e+01,2.232406e+01,2.223560e+01,2.276526e+01,2.278557e+01,2.184679e+01,2.168264e+01,2.183312e+01,2.184679e+01,2.181262e+01,2.187413e+01,2.182629e+01,2.181945e+01,2.194243e+01,2.190828e+01,2.233086e+01,2.187413e+01,2.219474e+01,2.256186e+01,2.218112e+01,2.273139e+01,2.257544e+01,2.286004e+01,2.346726e+01,2.321806e+01,2.241245e+01,2.323154e+01,2.300204e+01,2.181945e+01,2.233767e+01,2.387010e+01,2.395048e+01,2.213342e+01,2.307635e+01,2.339997e+01,2.205843e+01,2.210616e+01,2.269073e+01,2.220155e+01,2.272461e+01,2.204479e+01,2.177843e+01,2.179211e+01,2.199703e+01,2.173739e+01,2.164841e+01,2.173739e+01,2.237167e+01,2.372257e+01,2.469107e+01,2.649058e+01,2.721358e+01,2.662774e+01,2.322480e+01,2.204479e+01,2.184679e+01,2.184679e+01,2.188779e+01,2.193560e+01,2.190828e+01,2.188779e+01,2.222198e+01,2.277203e+01,2.357483e+01,2.429140e+01,2.467777e+01,2.303582e+01,2.179211e+01,2.153880e+01,2.153880e+01,2.136041e+01,2.157306e+01,2.155936e+01,2.144278e+01,2.159362e+01,2.151137e+01,2.136728e+01,2.140161e+01,2.138101e+01,2.140847e+01,2.132607e+01,2.149766e+01,2.133981e+01,2.131920e+01,2.132607e+01,2.140847e+01,2.138788e+01,2.136728e+01,2.139474e+01,2.138788e+01,2.139474e+01,2.131920e+01,2.136728e+01,2.142906e+01,2.128485e+01,2.131920e+01,2.133981e+01,2.132607e+01,2.134668e+01,2.133294e+01,2.132607e+01,2.133294e+01,2.138788e+01,2.137415e+01,2.147708e+01,2.136041e+01,2.134668e+01,2.142220e+01,2.129172e+01,2.138101e+01,2.147022e+01,2.131920e+01,2.129172e+01,2.144278e+01,2.133294e+01,2.129859e+01,2.133294e+01,2.144278e+01,2.124361e+01,2.129172e+01,2.136041e+01,2.133981e+01,2.129172e+01,2.136041e+01,2.136041e+01,2.131920e+01,2.129172e+01,2.136041e+01,2.138788e+01,2.133294e+01,2.129172e+01,2.138101e+01,2.125736e+01,2.137415e+01,2.131920e+01,2.127798e+01,2.127110e+01,2.133981e+01,2.132607e+01,2.133981e+01,2.131233e+01,2.140161e+01,2.120235e+01,2.123674e+01,2.122298e+01,2.121611e+01,2.132607e+01,2.120235e+01,2.125736e+01,2.120235e+01,2.122986e+01,2.131920e+01,2.122298e+01,2.131920e+01,2.125736e+01,2.116796e+01,2.118860e+01,2.117484e+01,2.100271e+01,2.119548e+01,2.122298e+01,2.120923e+01,2.119548e+01,2.122986e+01,2.127798e+01,2.118860e+01,2.121611e+01,2.125736e+01,2.129172e+01,2.109225e+01,2.129172e+01,2.130546e+01,2.130546e+01,2.125048e+01,2.138788e+01,2.118860e+01,2.133981e+01,2.132607e+01,2.138101e+01,2.128485e+01,2.125736e+01,2.127110e+01,2.133294e+01,2.127110e+01,2.111291e+01,2.128485e+01,2.121611e+01,2.134668e+01,2.125736e+01,2.131920e+01,2.121611e+01,2.123674e+01,2.130546e+01,2.120235e+01,2.120235e+01,2.125048e+01,2.133981e+01,2.130546e+01,2.131920e+01,2.138788e+01,2.126423e+01,2.129859e+01,2.136728e+01,2.130546e+01,2.126423e+01,2.132607e+01,2.115420e+01,2.134668e+01,2.130546e+01,2.133981e+01,2.137415e+01,2.136041e+01,2.137415e+01,2.134668e+01,2.126423e+01,2.141533e+01,2.135355e+01,2.138788e+01,2.133294e+01,2.132607e+01,2.137415e+01,2.122986e+01,2.124361e+01,2.125736e+01,2.121611e+01,2.120235e+01,2.129172e+01,2.125048e+01,2.129859e+01,2.127110e+01,2.125736e+01,2.124361e+01,2.124361e+01,2.125736e+01,2.129172e+01,2.132607e+01,2.113355e+01,2.130546e+01,2.129172e+01,2.131233e+01,2.129859e+01,2.124361e+01,2.127798e+01,2.131920e+01,2.124361e+01,2.123674e+01,2.125736e+01,2.129859e+01,2.131233e+01,2.122986e+01,2.118860e+01,2.122298e+01,2.121611e+01,2.136728e+01,2.139474e+01,2.129172e+01,2.129172e+01,2.127798e+01,2.127798e+01,2.120235e+01,2.120235e+01,2.120235e+01,2.122298e+01,2.139474e+01,2.129859e+01,2.118172e+01,2.122986e+01,2.133294e+01,2.125736e+01,2.126423e+01,2.136041e+01,2.119548e+01,2.119548e+01,2.120235e+01,2.133981e+01,2.119548e+01,2.125048e+01,2.128485e+01,2.125048e+01,2.129859e+01,2.124361e+01,2.138101e+01,2.142906e+01,2.139474e+01,2.134668e+01,2.141533e+01,2.140161e+01,2.118860e+01,2.152508e+01,2.142906e+01,2.145650e+01,2.163472e+01,2.142906e+01,2.141533e+01,2.138101e+01,2.135355e+01,2.141533e+01,2.149080e+01,2.149080e+01,2.157306e+01,2.152508e+01,2.144964e+01,2.147022e+01,2.138788e+01,2.142220e+01,2.142906e+01,2.144964e+01,2.140161e+01,2.136728e+01,2.132607e+01,2.149080e+01,2.146336e+01,2.155250e+01,2.125048e+01,2.147022e+01,2.135355e+01,2.129859e+01,2.129172e+01,2.129172e+01,2.134668e+01,2.125736e+01,2.124361e+01,2.125736e+01,2.125736e+01,2.123674e+01,2.124361e+01,2.125736e+01,2.121611e+01,2.120235e+01,2.118860e+01,2.118860e+01,2.116796e+01,2.111291e+01,2.111979e+01,2.120923e+01,2.112667e+01,2.119548e+01,2.125048e+01,2.121611e+01,2.123674e+01,2.123674e+01,2.127110e+01,2.124361e+01,2.132607e+01,2.128485e+01,2.127798e+01,2.124361e+01,2.124361e+01,2.129859e+01,2.129859e+01,2.145650e+01,2.136728e+01,2.140161e+01,2.133981e+01,2.130546e+01,2.133294e+01,2.136041e+01,2.138788e+01,2.136728e+01,2.132607e+01,2.139474e+01,2.144278e+01,2.128485e+01,2.136041e+01,2.149080e+01,2.144278e+01,2.149766e+01,2.137415e+01,2.136728e+01,2.150451e+01,2.133294e+01,2.140161e+01,2.130546e+01,2.129172e+01,2.123674e+01,2.140161e+01,2.139474e+01,2.153194e+01,2.147708e+01,2.149080e+01,2.139474e+01,2.144964e+01,2.137415e+01,2.133981e+01,2.146336e+01,2.135355e+01,2.144964e+01,2.151137e+01,2.144278e+01,2.142220e+01,2.148394e+01,2.139474e+01,2.146336e+01,2.142220e+01,2.136728e+01,2.151137e+01,2.149080e+01,2.155936e+01,2.140847e+01,2.149080e+01,2.155936e+01,2.151137e+01,2.145650e+01,2.138101e+01,2.156621e+01,2.152508e+01,2.161417e+01,2.144964e+01,2.153880e+01,2.150451e+01,2.150451e+01,2.149080e+01,2.147708e+01,2.149766e+01
2.130546e+01,2.121611e+01,2.125048e+01,2.133294e+01,2.123674e+01,2.128485e+01,2.138788e+01,2.136728e+01,2.129859e+01,2.127798e+01,2.135355e+01,2.133294e+01,2.120923e+01,2.124361e+01,2.148394e+01,2.131920e+01,2.130546e+01,2.130546e+01,2.136728e+01,2.120923e+01,2.126423e+01,2.120923e+01,2.100960e+01,2.121611e+01,2.122298e+01,2.122986e+01,2.131920e+01,2.120923e+01,2.125048e+01,2.133294e+01,2.135355e+01,2.128485e+01,2.132607e+01,2.118172e+01,2.115420e+01,2.137415e+01,2.127110e+01,2.127798e+01,2.138788e+01,2.144278e+01,2.128485e+01,2.138101e+01,2.140161e+01,2.129859e+01,2.132607e+01,2.128485e+01,2.136728e+01,2.131233e+01,2.124361e+01,2.125736e+01,2.125736e+01,2.126423e+01,2.127110e+01,2.125736e+01,2.136728e+01,2.122986e+01,2.126423e+01,2.127110e+01,2.121611e+01,2.131920e+01,2.131920e+01,2.126423e+01,2.107160e+01,2.107160e+01,2.116796e+01,2.120923e+01,2.116108e+01,2.138101e+01,2.118860e+01,2.120235e+01,2.110602e+01,2.115420e+01,2.109914e+01,2.120235e+01,2.109225e+01,2.122298e+01,2.110602e+01,2.111979e+01,2.127110e+01,2.130546e+01,2.125736e+01,2.131920e+01,2.136041e+01,2.129859e+01,2.131920e+01,2.141533e+01,2.139474e+01,2.138101e+01,2.143592e+01,2.148394e+01,2.136041e+01,2.140161e+01,2.126423e+01,2.131233e+01,2.124361e+01,2.124361e+01,2.123674e+01,2.115420e+01,2.125048e+01,2.127110e+01,2.126423e+01,2.131233e+01,2.125048e+01,2.125736e+01,2.133294e+01,2.123674e+01,2.130546e+01,2.128485e+01,2.139474e+01,2.147022e+01,2.129172e+01,2.126423e+01,2.137415e+01,2.127110e+01,2.129859e+01,2.126423e+01,2.123674e+01,2.127798e+01,2.128485e+01,2.125736e+01,2.115420e+01,2.118172e+01,2.112667e+01,2.122986e+01,2.122986e+01,2.120235e+01,2.121611e+01,2.118172e+01,2.125048e+01,2.119548e+01,2.112667e+01,2.121611e+01,2.119548e+01,2.120923e+01,2.120235e+01,2.118860e+01,2.127110e+01,2.119548e+01,2.125048e+01,2.121611e+01,2.120923e+01,2.122986e+01,2.127110e+01,2.122298e+01,2.118860e+01,2.135355e+01,2.114732e+01,2.131920e+01,2.128485e+01,2.133294e+01,2.127798e+01,2.131920e+01,2.138788e+01,2.139474e+01,2.133294e+01,2.127798e+01,2.136041e+01,2.133294e+01,2.130546e+01,2.133294e+01,2.127798e+01,2.131920e+01,2.133981e+01,2.123674e+01,2.123674e+01,2.145650e+01,2.135355e+01,2.127798e+01,2.135355e+01,2.134668e+01,2.140847e+01,2.137415e+01,2.152508e+01,2.138101e+01,2.155250e+01,2.135355e+01,2.144278e+01,2.141533e+01,2.147022e+01,2.139474e+01,2.137415e+01,2.147708e+01,2.175791e+01,2.302907e+01,2.274494e+01,2.170318e+01,2.140161e+01,2.141533e+01,2.142220e+01,2.139474e+01,2.117484e+01,2.133294e+01,2.122298e+01,2.126423e+01,2.138101e+01,2.136728e+01,2.137415e+01,2.138788e+01,2.140847e+01,2.171686e+01,2.217430e+01,2.331242e+01,2.217430e+01,2.176475e+01,2.176475e+01,2.162787e+01,2.160732e+01,2.160732e+01,2.157991e+01,2.172371e+01,2.188779e+01,2.225602e+01,2.196291e+01,2.164157e+01,2.159362e+01,2.180578e+01,2.264327e+01,2.283297e+01,2.174423e+01,2.162787e+01,2.235127e+01,2.265005e+01,2.382989e+01,2.286004e+01,2.207889e+01,2.205843e+01,2.218793e+01,2.231726e+01,2.287357e+01,2.417789e+01,2.288710e+01,2.231726e+01,2.187413e+01,2.186729e+01,2.211979e+01,2.212661e+01,2.210616e+01,2.211298e+01,2.184679e+01,2.189462e+01,2.192194e+01,2.300204e+01,2.186729e+01,2.189462e+01,2.214705e+01,2.241925e+01,2.285327e+01,2.263649e+01,2.307635e+01,2.409100e+01,2.453139e+01,2.354123e+01,2.241925e+01,2.179211e+01,2.171002e+01,2.209934e+01,2.272461e+01,2.212661e+01,2.177159e+01,2.214705e+01,2.222879e+01,2.193560e+01,2.267717e+01,2.389690e+01,2.225602e+01,2.229004e+01,2.208571e+01,2.205161e+01,2.236487e+01,2.269750e+01,2.185363e+01,2.167580e+01,2.168949e+01,2.166211e+01,2.214024e+01,2.315735e+01,2.611738e+01,2.720060e+01,2.609115e+01,2.271783e+01,2.176475e+01,2.190145e+01,2.177843e+01,2.188779e+01,2.167580e+01,2.191511e+01,2.167580e+01,2.203115e+01,2.192194e+01,2.249398e+01,2.323154e+01,2.471102e+01,2.453139e+01,2.179894e+01,2.163472e+01,2.159362e+01,2.156621e+01,2.138101e+01,2.148394e+01,2.154565e+01,2.160047e+01,2.150451e+01,2.147708e+01,2.139474e+01,2.125736e+01,2.142906e+01,2.144278e+01,2.143592e+01,2.138101e+01,2.145650e+01,2.140847e+01,2.136041e+01,2.138788e+01,2.136728e+01,2.144964e+01,2.133294e+01,2.137415e+01,2.136041e+01,2.138101e+01,2.133981e+01,2.134668e+01,2.136041e+01,2.142906e+01,2.126423e+01,2.133294e+01,2.133294e+01,2.136041e+01,2.133294e+01,2.140161e+01,2.131233e+01,2.151823e+01,2.133294e+01,2.147708e+01,2.133981e+01,2.134668e+01,2.127798e+01,2.133981e+01,2.148394e+01,2.141533e+01,2.136041e+01,2.143592e+01,2.140161e+01,2.136728e+01,2.126423e+01,2.136728e+01,2.127110e+01,2.126423e+01,2.128485e+01,2.127110e+01,2.129172e+01,2.133294e+01,2.134668e+01,2.136728e+01,2.127110e+01,2.139474e+01,2.130546e+01,2.139474e+01,2.129859e+01,2.137415e+01,2.136041e+01,2.122986e+01,2.137415e+01,2.131233e+01,2.133294e+01,2.129172e+01,2.136728e+01,2.122298e+01,2.119548e+01,2.134668e+01,2.129172e+01,2.125736e+01,2.138788e+01,2.124361e+01,2.123674e+01,2.123674e+01,2.122298e+01,2.122986e+01,2.115420e+01,2.125048e+01,2.125048e+01,2.133294e+01,2.119548e+01,2.120235e+01,2.113355e+01,2.125736e+01,2.120923e+01,2.116796e+01,2.118860e+01,2.118172e+01,2.115420e+01,2.126423e+01,2.128485e+01,2.122298e+01,2.133294e+01,2.126423e+01,2.125048e+01,2.131233e+01,2.129172e+01,2.141533e+01,2.124361e+01,2.128485e+01,2.116108e+01,2.131920e+01,2.131920e+01,2.124361e+01,2.134668e+01,2.130546e+01,2.135355e+01,2.124361e+01,2.138788e+01,2.133981e+01,2.122298e+01,2.131233e+01,2.127110e+01,2.130546e+01,2.132607e+01,2.129172e+01,2.124361e+01,2.116796e+01,2.118172e+01,2.122986e+01,2.122298e+01,2.149080e+01,2.133294e+01,2.132607e+01,2.131920e+01,2.138788e+01,2.129172e+01,2.127798e+01,2.131920e+01,2.124361e+01,2.120923e+01,2.127110e+01,2.133981e+01,2.133981e+01,2.135355e+01,2.136728e+01,2.132607e+01,2.132607e+01,2.127110e+01,2.131920e+01,2.133981e+01,2.136728e+01,2.131920e+01,2.134668e+01,2.133294e+01,2.136041e+01,2.122986e+01,2.122986e+01,2.107160e+01,2.123674e+01,2.116108e+01,2.116796e+01,2.117484e+01,2.127798e+01,2.124361e+01,2.120923e+01,2.122986e+01,2.122298e+01,2.122986e+01,2.134668e+01,2.129172e+01,2.134668e+01,2.131233e+01,2.125048e+01,2.130546e+01,2.129172e+01,2.129859e+01,2.119548e+01,2.129859e+01,2.127110e+01,2.122986e+01,2.127798e+01,2.128485e+01,2.129172e+01,2.130546e+01,2.120235e+01,2.107160e+01,2.128485e+01,2.132607e+01,2.135355e+01,2.125736e+01,2.136728e+01,2.137415e+01,2.124361e+01,2.125736e+01,2.122986e+01,2.129172e+01,2.116108e+01,2.127798e+01,2.129172e+01,2.118860e+01,2.122986e+01,2.125048e+01,2.121611e+01,2.122298e+01,2.117484e+01,2.121611e+01,2.134668e+01,2.128485e+01,2.129172e+01,2.121611e+01,2.124361e+01,2.137415e+01,2.127110e+01,2.124361e+01,2.138788e+01,2.129859e+01,2.130546e+01,2.136041e+01,2.136041e+01,2.139474e+01,2.131920e+01,2.142220e+01,2.147708e+01,2.133981e+01,2.142906e+01,2.139474e+01,2.139474e+01,2.135355e+01,2.163472e+01,2.136728e+01,2.158677e+01,2.143592e+01,2.143592e+01,2.149080e+01,2.140847e+01,2.132607e+01,2.142220e+01,2.147708e+01,2.140161e+01,2.136728e+01,2.140161e+01,2.141533e+01,2.139474e+01,2.135355e+01,2.153194e+01,2.141533e+01,2.140847e+01,2.126423e+01,2.140161e+01,2.140847e+01,2.136041e+01,2.134668e+01,2.142220e+01,2.127110e+01,2.124361e+01,2.125048e+01,2.125736e+01,2.131920e+01,2.128485e+01,2.122986e+01,2.124361e+01,2.126423e+01,2.118172e+01,2.119548e+01,2.124361e+01,2.116108e+01,2.114044e+01,2.112667e+01,2.110602e+01,2.117484e+01,2.107160e+01,2.125048e+01,2.111979e+01,2.109225e+01,2.123674e+01,2.118860e+01,2.118172e+01,2.125048e+01,2.114044e+01,2.125048e+01,2.128485e+01,2.117484e+01,2.119548e+01,2.136041e+01,2.129172e+01,2.127798e+01,2.139474e+01,2.133981e+01,2.132607e+01,2.144964e+01,2.136041e+01,2.132607e+01,2.134668e+01,2.135355e+01,2.132607e+01,2.140847e+01,2.144278e+01,2.149080e+01,2.147708e+01,2.146336e+01,2.145650e+01,2.140847e+01,2.134668e+01,2.150451e+01,2.144964e+01,2.146336e+01,2.132607e+01,2.144964e+01,2.140847e+01,2.135355e+01,2.127110e+01,2.141533e+01,2.146336e+01,2.137415e+01,2.136728e+01,2.142220e+01,2.138101e+01,2.136041e+01,2.153880e+01,2.138788e+01,2.143592e+01,2.133294e+01,2.148394e+01,2.153194e+01,2.151823e+01,2.146336e+01,2.140161e+01,2.131233e+01,2.142906e+01,2.144964e+01,2.138788e+01,2.140847e+01,2.152508e+01,2.133294e+01,2.136728e+01,2.147022e+01,2.138788e+01,2.143592e+01,2.150451e+01,2.149766e+01,2.147708e+01,2.137415e+01,2.151137e+01,2.149766e+01,2.144278e+01,2.149766e+01,2.149766e+01,2.151137e+01
2.129859e+01,2.133294e+01,2.136041e+01,2.134668e+01,2.133981e+01,2.127798e+01,2.131233e+01,2.128485e+01,2.138788e+01,2.134668e+01,2.130546e+01,2.137415e+01,2.125736e+01,2.129172e+01,2.127798e+01,2.131920e+01,2.130546e+01,2.119548e+01,2.136728e+01,2.131920e+01,2.120923e+01,2.125048e+01,2.131233e+01,2.125048e+01,2.129859e+01,2.134668e+01,2.122986e+01,2.138788e+01,2.133981e+01,2.129859e+01,2.137415e+01,2.139474e+01,2.130546e+01,2.140161e+01,2.122298e+01,2.127110e+01,2.120923e+01,2.126423e+01,2.136041e+01,2.136728e+01,2.132607e+01,2.132607e+01,2.130546e+01,2.128485e+01,2.142220e+01,2.139474e+01,2.139474e+01,2.132607e+01,2.131233e+01,2.127110e+01,2.129859e+01,2.122986e+01,2.131920e+01,2.137415e+01,2.125048e+01,2.134668e+01,2.125048e+01,2.138101e+01,2.126423e+01,2.136728e+01,2.125048e+01,2.130546e+01,2.114732e+01,2.111291e+01,2.122986e+01,2.114044e+01,2.118860e+01,2.121611e+01,2.114732e+01,2.116796e+01,2.116796e+01,2.116108e+01,2.123674e+01,2.121611e+01,2.107160e+01,2.128485e+01,2.120235e+01,2.114044e+01,2.128485e+01,2.130546e+01,2.130546e+01,2.127798e+01,2.128485e+01,2.131920e+01,2.130546e+01,2.139474e+01,2.139474e+01,2.140161e+01,2.138788e+01,2.142906e+01,2.119548e+01,2.132607e+01,2.134668e+01,2.131920e+01,2.130546e+01,2.131920e+01,2.131233e+01,2.125048e+01,2.130546e+01,2.138788e+01,2.124361e+01,2.122298e+01,2.132607e+01,2.125048e+01,2.128485e+01,2.123674e+01,2.135355e+01,2.141533e+01,2.136041e+01,2.125048e+01,2.125736e+01,2.133981e+01,2.124361e+01,2.129859e+01,2.127110e+01,2.127798e+01,2.128485e+01,2.128485e+01,2.125048e+01,2.125736e+01,2.120235e+01,2.128485e+01,2.122986e+01,2.125048e+01,2.114732e+01,2.118172e+01,2.116796e+01,2.120235e+01,2.121611e+01,2.120923e+01,2.120235e+01,2.120923e+01,2.121611e+01,2.119548e+01,2.119548e+01,2.119548e+01,2.125048e+01,2.120923e+01,2.111979e+01,2.125736e+01,2.124361e+01,2.118860e+01,2.121611e+01,2.123674e+01,2.122298e+01,2.128485e+01,2.136728e+01,2.129172e+01,2.129172e+01,2.127798e+01,2.120923e+01,2.129172e+01,2.128485e+01,2.122298e+01,2.133981e+01,2.138788e+01,2.130546e+01,2.127110e+01,2.149766e+01,2.140161e+01,2.131233e+01,2.134668e+01,2.140847e+01,2.137415e+01,2.131920e+01,2.140847e+01,2.142906e+01,2.128485e+01,2.140847e+01,2.144278e+01,2.136041e+01,2.136728e+01,2.136041e+01,2.132607e+01,2.138101e+01,2.129172e+01,2.142220e+01,2.143592e+01,2.136728e+01,2.133294e+01,2.143592e+01,2.146336e+01,2.172371e+01,2.304258e+01,2.271106e+01,2.160732e+01,2.144278e+01,2.135355e+01,2.138788e+01,2.137415e+01,2.138101e+01,2.136728e+01,2.134668e+01,2.138101e+01,2.125048e+01,2.127798e+01,2.134668e+01,2.143592e+01,2.143592e+01,2.172371e+01,2.197656e+01,2.223560e+01,2.183996e+01,2.172371e+01,2.169633e+01,2.164157e+01,2.155936e+01,2.170318e+01,2.161417e+01,2.174423e+01,2.162102e+01,2.180578e+01,2.176475e+01,2.180578e+01,2.160047e+01,2.179211e+01,2.323828e+01,2.474425e+01,2.258222e+01,2.171002e+01,2.170318e+01,2.277880e+01,2.387010e+01,2.291416e+01,2.248719e+01,2.229004e+01,2.239886e+01,2.251435e+01,2.317084e+01,2.376954e+01,2.314385e+01,2.321806e+01,2.360171e+01,2.277203e+01,2.283974e+01,2.213342e+01,2.218112e+01,2.252114e+01,2.216749e+01,2.199021e+01,2.189462e+01,2.235807e+01,2.188096e+01,2.188096e+01,2.189462e+01,2.274494e+01,2.308310e+01,2.281266e+01,2.289387e+01,2.308310e+01,2.304258e+01,2.273816e+01,2.181945e+01,2.160047e+01,2.182629e+01,2.181945e+01,2.182629e+01,2.181945e+01,2.182629e+01,2.229004e+01,2.308985e+01,2.204479e+01,2.239206e+01,2.318433e+01,2.275848e+01,2.271783e+01,2.315735e+01,2.315060e+01,2.318433e+01,2.284650e+01,2.199021e+01,2.160732e+01,2.160732e+01,2.177159e+01,2.169633e+01,2.222198e+01,2.396387e+01,2.635978e+01,2.528772e+01,2.250756e+01,2.176475e+01,2.160732e+01,2.153880e+01,2.154565e+01,2.160732e+01,2.170318e+01,2.177159e+01,2.226963e+01,2.186046e+01,2.255508e+01,2.380307e+01,2.319108e+01,2.329894e+01,2.246681e+01,2.154565e+01,2.155936e+01,2.154565e+01,2.151137e+01,2.154565e+01,2.180578e+01,2.227644e+01,2.155250e+01,2.148394e+01,2.144278e+01,2.144278e+01,2.140847e+01,2.143592e+01,2.140847e+01,2.146336e+01,2.133294e+01,2.140847e+01,2.140847e+01,2.138788e+01,2.131233e+01,2.145650e+01,2.143592e+01,2.121611e+01,2.138788e+01,2.136728e+01,2.143592e+01,2.138101e+01,2.130546e+01,2.127798e+01,2.133294e+01,2.133981e+01,2.134668e+01,2.142906e+01,2.141533e+01,2.136728e+01,2.139474e+01,2.132607e+01,2.142906e+01,2.126423e+01,2.148394e+01,2.129172e+01,2.131920e+01,2.131920e+01,2.142220e+01,2.136728e+01,2.134668e+01,2.129172e+01,2.135355e+01,2.133294e+01,2.140847e+01,2.142220e+01,2.142220e+01,2.140847e+01,2.125736e+01,2.124361e+01,2.137415e+01,2.122986e+01,2.133294e+01,2.125048e+01,2.136041e+01,2.134668e+01,2.134668e+01,2.131920e+01,2.131920e+01,2.136041e+01,2.130546e+01,2.128485e+01,2.132607e+01,2.129859e+01,2.133294e+01,2.131920e+01,2.121611e+01,2.120923e+01,2.129172e+01,2.120923e+01,2.132607e+01,2.133294e+01,2.131920e+01,2.121611e+01,2.110602e+01,2.119548e+01,2.122298e+01,2.122298e+01,2.122986e+01,2.122986e+01,2.113355e+01,2.127798e+01,2.116108e+01,2.116108e+01,2.120235e+01,2.116796e+01,2.116796e+01,2.116108e+01,2.124361e+01,2.116108e+01,2.110602e+01,2.118860e+01,2.118172e+01,2.121611e+01,2.133294e+01,2.125736e+01,2.125736e+01,2.126423e+01,2.131233e+01,2.131920e+01,2.132607e+01,2.129172e+01,2.125048e+01,2.126423e+01,2.135355e+01,2.131233e+01,2.126423e+01,2.125048e+01,2.123674e+01,2.125736e+01,2.128485e+01,2.138101e+01,2.131920e+01,2.123674e+01,2.127110e+01,2.136041e+01,2.127798e+01,2.134668e+01,2.123674e+01,2.123674e+01,2.137415e+01,2.127110e+01,2.136041e+01,2.126423e+01,2.133294e+01,2.133294e+01,2.132607e+01,2.130546e+01,2.136041e+01,2.130546e+01,2.125736e+01,2.126423e+01,2.126423e+01,2.133294e+01,2.135355e+01,2.135355e+01,2.135355e+01,2.125736e+01,2.119548e+01,2.120923e+01,2.151137e+01,2.127798e+01,2.140161e+01,2.132607e+01,2.129859e+01,2.133294e+01,2.125736e+01,2.133294e+01,2.120923e+01,2.136041e+01,2.118860e+01,2.126423e+01,2.138788e+01,2.129859e+01,2.126423e+01,2.121611e+01,2.125736e+01,2.124361e+01,2.131920e+01,2.135355e+01,2.122986e+01,2.123674e+01,2.129859e+01,2.122298e+01,2.128485e+01,2.129172e+01,2.133294e+01,2.125048e+01,2.125736e+01,2.120923e+01,2.122298e+01,2.131920e+01,2.125736e+01,2.127110e+01,2.127798e+01,2.122298e+01,2.124361e+01,2.119548e+01,2.116796e+01,2.122986e+01,2.125736e+01,2.129859e+01,2.124361e+01,2.126423e+01,2.124361e+01,2.136728e+01,2.120923e+01,2.122986e+01,2.127798e+01,2.116796e+01,2.129172e+01,2.128485e+01,2.129859e+01,2.121611e+01,2.123674e+01,2.123674e+01,2.122986e+01,2.125048e+01,2.131233e+01,2.131920e+01,2.127798e+01,2.124361e+01,2.129172e+01,2.126423e+01,2.128485e+01,2.131233e+01,2.130546e+01,2.122986e+01,2.130546e+01,2.127110e+01,2.134668e+01,2.138788e+01,2.137415e+01,2.139474e+01,2.147022e+01,2.140161e+01,2.149766e+01,2.135355e+01,2.149766e+01,2.140161e+01,2.151137e+01,2.142906e+01,2.135355e+01,2.156621e+01,2.139474e+01,2.153194e+01,2.141533e+01,2.149080e+01,2.149080e+01,2.139474e+01,2.140161e+01,2.138101e+01,2.139474e+01,2.142220e+01,2.143592e+01,2.137415e+01,2.135355e+01,2.134668e+01,2.144278e+01,2.136728e+01,2.148394e+01,2.136728e+01,2.131920e+01,2.136041e+01,2.148394e+01,2.127798e+01,2.130546e+01,2.127110e+01,2.131233e+01,2.131233e+01,2.129859e+01,2.132607e+01,2.131233e+01,2.120235e+01,2.122986e+01,2.127798e+01,2.122298e+01,2.122986e+01,2.117484e+01,2.113355e+01,2.119548e+01,2.116108e+01,2.126423e+01,2.118172e+01,2.106471e+01,2.118172e+01,2.109225e+01,2.115420e+01,2.125048e+01,2.127110e+01,2.125048e+01,2.125048e+01,2.118860e+01,2.124361e+01,2.121611e+01,2.118172e+01,2.124361e+01,2.135355e+01,2.133294e+01,2.131920e+01,2.131920e+01,2.135355e+01,2.135355e+01,2.141533e+01,2.133981e+01,2.136041e+01,2.136728e+01,2.134668e+01,2.142220e+01,2.129859e+01,2.138788e+01,2.140161e+01,2.141533e+01,2.144964e+01,2.139474e+01,2.143592e+01,2.136041e+01,2.135355e+01,2.149080e+01,2.129172e+01,2.146336e+01,2.135355e+01,2.125048e+01,2.144964e+01,2.127798e+01,2.132607e+01,2.147022e+01,2.144964e+01,2.144278e+01,2.133294e+01,2.136728e+01,2.154565e+01,2.153194e+01,2.132607e+01,2.151137e+01,2.147022e+01,2.142906e+01,2.149080e+01,2.142220e+01,2.145650e+01,2.129172e+01,2.147708e+01,2.146336e+01,2.134668e+01,2.140161e+01,2.144278e+01,2.132607e+01,2.142220e+01,2.125736e+01,2.145650e+01,2.145650e+01,2.148394e+01,2.138788e+01,2.144278e+01,2.140847e+01,2.151137e+01,2.153194e+01,2.151137e+01,2.150451e+01,2.151823e+01,2.153194e+01
2.131233e+01,2.125048e+01,2.133981e+01,2.120923e+01,2.136041e+01,2.132607e+01,2.129859e+01,2.127110e+01,2.131920e+01,2.136041e+01,2.129172e+01,2.139474e+01,2.132607e+01,2.133981e+01,2.134668e+01,2.127110e+01,2.130546e+01,2.131920e+01,2.142220e+01,2.138788e+01,2.146336e+01,2.125736e+01,2.120235e+01,2.127110e+01,2.127798e+01,2.136041e+01,2.133294e+01,2.134668e+01,2.138101e+01,2.138788e+01,2.131233e+01,2.125736e+01,2.136041e+01,2.134668e+01,2.138101e+01,2.115420e+01,2.131920e+01,2.136041e+01,2.137415e+01,2.133981e+01,2.129859e+01,2.135355e+01,2.142220e+01,2.136728e+01,2.129172e+01,2.139474e+01,2.136728e+01,2.129859e+01,2.127110e+01,2.122298e+01,2.128485e+01,2.132607e+01,2.136728e+01,2.128485e+01,2.132607e+01,2.125736e+01,2.128485e+01,2.136041e+01,2.129859e+01,2.126423e+01,2.121611e+01,2.109914e+01,2.111291e+01,2.110602e+01,2.111291e+01,2.120235e+01,2.118860e+01,2.132607e+01,2.105094e+01,2.110602e+01,2.113355e+01,2.118860e+01,2.120923e+01,2.124361e+01,2.120235e+01,2.123674e+01,2.124361e+01,2.132607e+01,2.121611e+01,2.126423e+01,2.126423e+01,2.125736e+01,2.141533e+01,2.136728e+01,2.138788e+01,2.139474e+01,2.135355e+01,2.137415e+01,2.145650e+01,2.142220e+01,2.138788e+01,2.128485e+01,2.142220e+01,2.133981e+01,2.125048e+01,2.125048e+01,2.130546e+01,2.124361e+01,2.123674e+01,2.119548e+01,2.125736e+01,2.127110e+01,2.128485e+01,2.131233e+01,2.135355e+01,2.120235e+01,2.121611e+01,2.120923e+01,2.139474e+01,2.135355e+01,2.127110e+01,2.143592e+01,2.116796e+01,2.127798e+01,2.121611e+01,2.138101e+01,2.128485e+01,2.127110e+01,2.125736e+01,2.125736e+01,2.127798e+01,2.129859e+01,2.122986e+01,2.129172e+01,2.115420e+01,2.118860e+01,2.133294e+01,2.118172e+01,2.131233e+01,2.120235e+01,2.122298e+01,2.122986e+01,2.123674e+01,2.122298e+01,2.122298e+01,2.118860e+01,2.116108e+01,2.127110e+01,2.113355e+01,2.121611e+01,2.115420e+01,2.126423e+01,2.116108e+01,2.147022e+01,2.127798e+01,2.133981e+01,2.141533e+01,2.136041e+01,2.136041e+01,2.125736e+01,2.127110e+01,2.133294e+01,2.127798e+01,2.124361e+01,2.138101e+01,2.128485e+01,2.142220e+01,2.153880e+01,2.133294e+01,2.147708e+01,2.133294e+01,2.122298e+01,2.144964e+01,2.144278e+01,2.144278e+01,2.140161e+01,2.146336e+01,2.136041e+01,2.137415e+01,2.130546e+01,2.136728e+01,2.133294e+01,2.135355e+01,2.134668e+01,2.136728e+01,2.131920e+01,2.147022e+01,2.141533e+01,2.145650e+01,2.138788e+01,2.140161e+01,2.149080e+01,2.173739e+01,2.304258e+01,2.273139e+01,2.141533e+01,2.157991e+01,2.138788e+01,2.132607e+01,2.138101e+01,2.136728e+01,2.135355e+01,2.131233e+01,2.129172e+01,2.136041e+01,2.139474e+01,2.124361e+01,2.142906e+01,2.137415e+01,2.147022e+01,2.170318e+01,2.180578e+01,2.176475e+01,2.155250e+01,2.158677e+01,2.155936e+01,2.184679e+01,2.196291e+01,2.201750e+01,2.175107e+01,2.173739e+01,2.168264e+01,2.161417e+01,2.163472e+01,2.161417e+01,2.178527e+01,2.204479e+01,2.392369e+01,2.290063e+01,2.169633e+01,2.179211e+01,2.222198e+01,2.300880e+01,2.335957e+01,2.295473e+01,2.263649e+01,2.249398e+01,2.239886e+01,2.242604e+01,2.319108e+01,2.316409e+01,2.312361e+01,2.309660e+01,2.274494e+01,2.306284e+01,2.245322e+01,2.306284e+01,2.376283e+01,2.392369e+01,2.212661e+01,2.215387e+01,2.235807e+01,2.188096e+01,2.187413e+01,2.212661e+01,2.355467e+01,2.357483e+01,2.238527e+01,2.243284e+01,2.265005e+01,2.344035e+01,2.267717e+01,2.162787e+01,2.183312e+01,2.221517e+01,2.223560e+01,2.213342e+01,2.181945e+01,2.186046e+01,2.226282e+01,2.353451e+01,2.268395e+01,2.211979e+01,2.237167e+01,2.277203e+01,2.314385e+01,2.473760e+01,2.491687e+01,2.532077e+01,2.419793e+01,2.283974e+01,2.179894e+01,2.173739e+01,2.177159e+01,2.168264e+01,2.180578e+01,2.230365e+01,2.431810e+01,2.528111e+01,2.239886e+01,2.155936e+01,2.157306e+01,2.157306e+01,2.154565e+01,2.166211e+01,2.179211e+01,2.185363e+01,2.260936e+01,2.186046e+01,2.187413e+01,2.228324e+01,2.224240e+01,2.256186e+01,2.315735e+01,2.166895e+01,2.133294e+01,2.153880e+01,2.155250e+01,2.149080e+01,2.183996e+01,2.229685e+01,2.160047e+01,2.147708e+01,2.141533e+01,2.147022e+01,2.139474e+01,2.143592e+01,2.140161e+01,2.143592e+01,2.139474e+01,2.136041e+01,2.141533e+01,2.139474e+01,2.138101e+01,2.129859e+01,2.135355e+01,2.131233e+01,2.138788e+01,2.138788e+01,2.150451e+01,2.148394e+01,2.134668e+01,2.139474e+01,2.133981e+01,2.130546e+01,2.135355e+01,2.135355e+01,2.140161e+01,2.138101e+01,2.143592e+01,2.140161e+01,2.140161e+01,2.138788e+01,2.137415e+01,2.138788e+01,2.143592e+01,2.133981e+01,2.138788e+01,2.128485e+01,2.135355e+01,2.133981e+01,2.138101e+01,2.140161e+01,2.136041e+01,2.139474e+01,2.140161e+01,2.141533e+01,2.137415e+01,2.138101e+01,2.127110e+01,2.138101e+01,2.133294e+01,2.137415e+01,2.155250e+01,2.139474e+01,2.138788e+01,2.138101e+01,2.139474e+01,2.137415e+01,2.132607e+01,2.129859e+01,2.135355e+01,2.131233e+01,2.132607e+01,2.135355e+01,2.131920e+01,2.129172e+01,2.137415e+01,2.133294e+01,2.131920e+01,2.124361e+01,2.121611e+01,2.120235e+01,2.127798e+01,2.119548e+01,2.126423e+01,2.117484e+01,2.116108e+01,2.130546e+01,2.129859e+01,2.120235e+01,2.115420e+01,2.114732e+01,2.118860e+01,2.115420e+01,2.128485e+01,2.119548e+01,2.113355e+01,2.113355e+01,2.109225e+01,2.123674e+01,2.122298e+01,2.129859e+01,2.127110e+01,2.122298e+01,2.125736e+01,2.127110e+01,2.125736e+01,2.112667e+01,2.127110e+01,2.127798e+01,2.133294e+01,2.131920e+01,2.127110e+01,2.126423e+01,2.131920e+01,2.129859e+01,2.122986e+01,2.129172e+01,2.125736e+01,2.125736e+01,2.133981e+01,2.129172e+01,2.133981e+01,2.128485e+01,2.128485e+01,2.128485e+01,2.124361e+01,2.136041e+01,2.135355e+01,2.139474e+01,2.129859e+01,2.128485e+01,2.131233e+01,2.130546e+01,2.134668e+01,2.130546e+01,2.127798e+01,2.135355e+01,2.137415e+01,2.142906e+01,2.135355e+01,2.136041e+01,2.133981e+01,2.120923e+01,2.138788e+01,2.140847e+01,2.133981e+01,2.139474e+01,2.135355e+01,2.135355e+01,2.125736e+01,2.127110e+01,2.131233e+01,2.135355e+01,2.136041e+01,2.125048e+01,2.134668e+01,2.123674e+01,2.126423e+01,2.124361e+01,2.123674e+01,2.138788e+01,2.122298e+01,2.133981e+01,2.135355e+01,2.126423e+01,2.133981e+01,2.131920e+01,2.130546e+01,2.150451e+01,2.124361e+01,2.129859e+01,2.127798e+01,2.127798e+01,2.125048e+01,2.142220e+01,2.120923e+01,2.126423e+01,2.122298e+01,2.136041e+01,2.125736e+01,2.127110e+01,2.140161e+01,2.123674e+01,2.126423e+01,2.129859e+01,2.114044e+01,2.131233e+01,2.123674e+01,2.129172e+01,2.125736e+01,2.124361e+01,2.126423e+01,2.123674e+01,2.129172e+01,2.120923e+01,2.129859e+01,2.116108e+01,2.131233e+01,2.129172e+01,2.124361e+01,2.127798e+01,2.125048e+01,2.126423e+01,2.128485e+01,2.126423e+01,2.133981e+01,2.129859e+01,2.128485e+01,2.125736e+01,2.138788e+01,2.127110e+01,2.132607e+01,2.126423e+01,2.133294e+01,2.133981e+01,2.129859e+01,2.127798e+01,2.132607e+01,2.140161e+01,2.138788e+01,2.141533e+01,2.138788e+01,2.136728e+01,2.136728e+01,2.149080e+01,2.146336e+01,2.144964e+01,2.138101e+01,2.153194e+01,2.141533e+01,2.141533e+01,2.155936e+01,2.141533e+01,2.137415e+01,2.146336e+01,2.157991e+01,2.145650e+01,2.133981e+01,2.140161e+01,2.138101e+01,2.144278e+01,2.130546e+01,2.145650e+01,2.133981e+01,2.144278e+01,2.148394e+01,2.140847e+01,2.147022e+01,2.140161e+01,2.131920e+01,2.132607e+01,2.136041e+01,2.140847e+01,2.138101e+01,2.138788e+01,2.131233e+01,2.132607e+01,2.124361e+01,2.132607e+01,2.114044e+01,2.130546e+01,2.122986e+01,2.126423e+01,2.124361e+01,2.125048e+01,2.120235e+01,2.121611e+01,2.115420e+01,2.122298e+01,2.114044e+01,2.122986e+01,2.127798e+01,2.120235e+01,2.123674e+01,2.121611e+01,2.116108e+01,2.124361e+01,2.131233e+01,2.123674e+01,2.118860e+01,2.125736e+01,2.127798e+01,2.133981e+01,2.117484e+01,2.135355e+01,2.127798e+01,2.140161e+01,2.147022e+01,2.142906e+01,2.129859e+01,2.140847e+01,2.140847e+01,2.148394e+01,2.140161e+01,2.142906e+01,2.138788e+01,2.143592e+01,2.141533e+01,2.140161e+01,2.137415e+01,2.134668e+01,2.135355e+01,2.145650e+01,2.135355e+01,2.133294e+01,2.130546e+01,2.136041e+01,2.131233e+01,2.141533e+01,2.137415e+01,2.144278e+01,2.140847e+01,2.140847e+01,2.146336e+01,2.143592e+01,2.136728e+01,2.153194e+01,2.145650e+01,2.153880e+01,2.140847e+01,2.147022e+01,2.152508e+01,2.139474e+01,2.147022e+01,2.144964e+01,2.145650e+01,2.146336e+01,2.146336e+01,2.146336e+01,2.145650e+01,2.151137e+01,2.147022e+01,2.153880e+01,2.129859e+01,2.141533e+01,2.149080e+01,2.157991e+01,2.149766e+01,2.155936e+01,2.152508e+01,2.152508e+01,2.144964e+01,2.142220e+01,2.151823e+01,2.153880e+01,2.149080e+01,2.145650e+01,2.148394e+01
2.133981e+01,2.136728e+01,2.133981e+01,2.129172e+01,2.131920e+01,2.133294e+01,2.114732e+01,2.124361e+01,2.131920e+01,2.132607e+01,2.125736e+01,2.134668e+01,2.136728e+01,2.149766e+01,2.133981e+01,2.130546e+01,2.139474e+01,2.127798e+01,2.142906e+01,2.134668e+01,2.138788e+01,2.126423e+01,2.123674e+01,2.122986e+01,2.131920e+01,2.122298e+01,2.135355e+01,2.128485e+01,2.122298e+01,2.129859e+01,2.136041e+01,2.129859e+01,2.131233e+01,2.129172e+01,2.129859e+01,2.120235e+01,2.137415e+01,2.128485e+01,2.138101e+01,2.133294e+01,2.131920e+01,2.131920e+01,2.135355e+01,2.141533e+01,2.133981e+01,2.129859e+01,2.133981e+01,2.136041e+01,2.135355e+01,2.121611e+01,2.132607e+01,2.119548e+01,2.133981e+01,2.131233e+01,2.131233e+01,2.131920e+01,2.145650e+01,2.126423e+01,2.130546e+01,2.133294e+01,2.124361e+01,2.130546e+01,2.114732e+01,2.107848e+01,2.118860e+01,2.116108e+01,2.111979e+01,2.113355e+01,2.110602e+01,2.105094e+01,2.131920e+01,2.113355e+01,2.129172e+01,2.114732e+01,2.115420e+01,2.117484e+01,2.133981e+01,2.127110e+01,2.118172e+01,2.124361e+01,2.135355e+01,2.132607e+01,2.129859e+01,2.136728e+01,2.139474e+01,2.140161e+01,2.140847e+01,2.131233e+01,2.138788e+01,2.140161e+01,2.142906e+01,2.119548e+01,2.122986e+01,2.120923e+01,2.136728e+01,2.132607e+01,2.129859e+01,2.125736e+01,2.120923e+01,2.120235e+01,2.122986e+01,2.138788e+01,2.130546e+01,2.122986e+01,2.134668e+01,2.137415e+01,2.133294e+01,2.133981e+01,2.127798e+01,2.126423e+01,2.127798e+01,2.133981e+01,2.127110e+01,2.118172e+01,2.110602e+01,2.114044e+01,2.135355e+01,2.129859e+01,2.125736e+01,2.137415e+01,2.124361e+01,2.119548e+01,2.110602e+01,2.109225e+01,2.114732e+01,2.116108e+01,2.131920e+01,2.116108e+01,2.114732e+01,2.116108e+01,2.120923e+01,2.115420e+01,2.116796e+01,2.120235e+01,2.117484e+01,2.126423e+01,2.118172e+01,2.125736e+01,2.124361e+01,2.122986e+01,2.141533e+01,2.129859e+01,2.118172e+01,2.118172e+01,2.127110e+01,2.140847e+01,2.120235e+01,2.125736e+01,2.125048e+01,2.138788e+01,2.127798e+01,2.137415e+01,2.125048e+01,2.138788e+01,2.136728e+01,2.136728e+01,2.140161e+01,2.132607e+01,2.136728e+01,2.151823e+01,2.144278e+01,2.138101e+01,2.141533e+01,2.132607e+01,2.128485e+01,2.134668e+01,2.142906e+01,2.130546e+01,2.138788e+01,2.133981e+01,2.133294e+01,2.131233e+01,2.145650e+01,2.127798e+01,2.147022e+01,2.137415e+01,2.135355e+01,2.133294e+01,2.136041e+01,2.137415e+01,2.142906e+01,2.140847e+01,2.166895e+01,2.321131e+01,2.256186e+01,2.160732e+01,2.140161e+01,2.133981e+01,2.137415e+01,2.136041e+01,2.137415e+01,2.148394e+01,2.127798e+01,2.133294e+01,2.133981e+01,2.132607e+01,2.133294e+01,2.142220e+01,2.133294e+01,2.168264e+01,2.173055e+01,2.173739e+01,2.169633e+01,2.166895e+01,2.157991e+01,2.161417e+01,2.171002e+01,2.200386e+01,2.197656e+01,2.198338e+01,2.172371e+01,2.163472e+01,2.169633e+01,2.162787e+01,2.156621e+01,2.134668e+01,2.159362e+01,2.242604e+01,2.199703e+01,2.168949e+01,2.166211e+01,2.170318e+01,2.199021e+01,2.247360e+01,2.293444e+01,2.248039e+01,2.202432e+01,2.196291e+01,2.221517e+01,2.278557e+01,2.294797e+01,2.348744e+01,2.370915e+01,2.344707e+01,2.475089e+01,2.416452e+01,2.487042e+01,2.483060e+01,2.512233e+01,2.272461e+01,2.205843e+01,2.301556e+01,2.188096e+01,2.211979e+01,2.209934e+01,2.283974e+01,2.365545e+01,2.243284e+01,2.308985e+01,2.365545e+01,2.374941e+01,2.222198e+01,2.169633e+01,2.186046e+01,2.199703e+01,2.185363e+01,2.181945e+01,2.175791e+01,2.181262e+01,2.214705e+01,2.348744e+01,2.417121e+01,2.226282e+01,2.209252e+01,2.246002e+01,2.253472e+01,2.348071e+01,2.455136e+01,2.459130e+01,2.359499e+01,2.249398e+01,2.171002e+01,2.177843e+01,2.201750e+01,2.243964e+01,2.235807e+01,2.179211e+01,2.235127e+01,2.352778e+01,2.255508e+01,2.161417e+01,2.159362e+01,2.157306e+01,2.161417e+01,2.153194e+01,2.169633e+01,2.168949e+01,2.286680e+01,2.187413e+01,2.223560e+01,2.232406e+01,2.254829e+01,2.204479e+01,2.296825e+01,2.162102e+01,2.136041e+01,2.149766e+01,2.147022e+01,2.148394e+01,2.166211e+01,2.229004e+01,2.166211e+01,2.147022e+01,2.136041e+01,2.145650e+01,2.138788e+01,2.138101e+01,2.143592e+01,2.140847e+01,2.143592e+01,2.142906e+01,2.140161e+01,2.133294e+01,2.140161e+01,2.132607e+01,2.133294e+01,2.133981e+01,2.133981e+01,2.135355e+01,2.144964e+01,2.132607e+01,2.132607e+01,2.126423e+01,2.127798e+01,2.142220e+01,2.143592e+01,2.139474e+01,2.132607e+01,2.142220e+01,2.137415e+01,2.138788e+01,2.134668e+01,2.130546e+01,2.136728e+01,2.132607e+01,2.132607e+01,2.134668e+01,2.131233e+01,2.133981e+01,2.134668e+01,2.140161e+01,2.133981e+01,2.134668e+01,2.129859e+01,2.117484e+01,2.144278e+01,2.143592e+01,2.138788e+01,2.131233e+01,2.134668e+01,2.130546e+01,2.122986e+01,2.137415e+01,2.133294e+01,2.152508e+01,2.149080e+01,2.135355e+01,2.137415e+01,2.137415e+01,2.138788e+01,2.135355e+01,2.133294e+01,2.131233e+01,2.127798e+01,2.126423e+01,2.130546e+01,2.125736e+01,2.132607e+01,2.128485e+01,2.129859e+01,2.133294e+01,2.137415e+01,2.120235e+01,2.120235e+01,2.120235e+01,2.122986e+01,2.121611e+01,2.119548e+01,2.114044e+01,2.110602e+01,2.111979e+01,2.123674e+01,2.113355e+01,2.117484e+01,2.118172e+01,2.128485e+01,2.122986e+01,2.125736e+01,2.120235e+01,2.116796e+01,2.127798e+01,2.118172e+01,2.120235e+01,2.122298e+01,2.125048e+01,2.120923e+01,2.128485e+01,2.122298e+01,2.134668e+01,2.122298e+01,2.118860e+01,2.130546e+01,2.129172e+01,2.128485e+01,2.137415e+01,2.127110e+01,2.120235e+01,2.120235e+01,2.125048e+01,2.120923e+01,2.135355e+01,2.124361e+01,2.133981e+01,2.125048e+01,2.132607e+01,2.132607e+01,2.125736e+01,2.129859e+01,2.128485e+01,2.131920e+01,2.124361e+01,2.129172e+01,2.131920e+01,2.138101e+01,2.116796e+01,2.119548e+01,2.110602e+01,2.135355e+01,2.127110e+01,2.137415e+01,2.124361e+01,2.122298e+01,2.138101e+01,2.134668e+01,2.136041e+01,2.122986e+01,2.123674e+01,2.128485e+01,2.135355e+01,2.126423e+01,2.135355e+01,2.133981e+01,2.134668e+01,2.123674e+01,2.131920e+01,2.121611e+01,2.137415e+01,2.136041e+01,2.132607e+01,2.138101e+01,2.126423e+01,2.140161e+01,2.127110e+01,2.133981e+01,2.130546e+01,2.153880e+01,2.127798e+01,2.140161e+01,2.125736e+01,2.127798e+01,2.129859e+01,2.126423e+01,2.133981e+01,2.127110e+01,2.124361e+01,2.118860e+01,2.130546e+01,2.124361e+01,2.133294e+01,2.136041e+01,2.130546e+01,2.136041e+01,2.125736e+01,2.125736e+01,2.125048e+01,2.120923e+01,2.120235e+01,2.115420e+01,2.125736e+01,2.129172e+01,2.127110e+01,2.127110e+01,2.116796e+01,2.125048e+01,2.127798e+01,2.115420e+01,2.120235e+01,2.128485e+01,2.129172e+01,2.127798e+01,2.129172e+01,2.118172e+01,2.127110e+01,2.124361e+01,2.126423e+01,2.124361e+01,2.123674e+01,2.127798e+01,2.118172e+01,2.137415e+01,2.127798e+01,2.125048e+01,2.127110e+01,2.131920e+01,2.129859e+01,2.124361e+01,2.122986e+01,2.125048e+01,2.130546e+01,2.131233e+01,2.139474e+01,2.135355e+01,2.140847e+01,2.138788e+01,2.131233e+01,2.140161e+01,2.138788e+01,2.136041e+01,2.149080e+01,2.149080e+01,2.145650e+01,2.138788e+01,2.154565e+01,2.140847e+01,2.138788e+01,2.147022e+01,2.138101e+01,2.136728e+01,2.130546e+01,2.132607e+01,2.142906e+01,2.135355e+01,2.135355e+01,2.143592e+01,2.138788e+01,2.143592e+01,2.135355e+01,2.160732e+01,2.139474e+01,2.131920e+01,2.131920e+01,2.137415e+01,2.140847e+01,2.136041e+01,2.137415e+01,2.133294e+01,2.131233e+01,2.131233e+01,2.129859e+01,2.130546e+01,2.112667e+01,2.139474e+01,2.131920e+01,2.135355e+01,2.151823e+01,2.122298e+01,2.124361e+01,2.122986e+01,2.120235e+01,2.118172e+01,2.120923e+01,2.122986e+01,2.129172e+01,2.114732e+01,2.111291e+01,2.111979e+01,2.120235e+01,2.109225e+01,2.125736e+01,2.121611e+01,2.112667e+01,2.121611e+01,2.123674e+01,2.125736e+01,2.118860e+01,2.132607e+01,2.136041e+01,2.133294e+01,2.134668e+01,2.133981e+01,2.129172e+01,2.131920e+01,2.151137e+01,2.136041e+01,2.137415e+01,2.127110e+01,2.128485e+01,2.131920e+01,2.137415e+01,2.139474e+01,2.141533e+01,2.144964e+01,2.144278e+01,2.134668e+01,2.131920e+01,2.133294e+01,2.134668e+01,2.156621e+01,2.143592e+01,2.143592e+01,2.135355e+01,2.138101e+01,2.146336e+01,2.124361e+01,2.144964e+01,2.145650e+01,2.138788e+01,2.154565e+01,2.170318e+01,2.151823e+01,2.144278e+01,2.142906e+01,2.155250e+01,2.139474e+01,2.137415e+01,2.140847e+01,2.144278e+01,2.149766e+01,2.145650e+01,2.160732e+01,2.130546e+01,2.149080e+01,2.154565e+01,2.144964e+01,2.147022e+01,2.141533e+01,2.133981e+01,2.138788e+01,2.141533e+01,2.141533e+01,2.145650e+01,2.147022e+01,2.153880e+01,2.143592e+01,2.153194e+01,2.154565e+01,2.153880e+01,2.145650e+01,2.153880e+01,2.141533e+01
2.133294e+01,2.129172e+01,2.122298e+01,2.125048e+01,2.132607e+01,2.133981e+01,2.129172e+01,2.133294e+01,2.125736e+01,2.133981e+01,2.131920e+01,2.138788e+01,2.135355e+01,2.137415e+01,2.127798e+01,2.129859e+01,2.135355e+01,2.129172e+01,2.125048e+01,2.128485e+01,2.127110e+01,2.138788e+01,2.122986e+01,2.126423e+01,2.141533e+01,2.137415e+01,2.131920e+01,2.136728e+01,2.131233e+01,2.134668e+01,2.131920e+01,2.136041e+01,2.137415e+01,2.131920e+01,2.122298e+01,2.140847e+01,2.130546e+01,2.129172e+01,2.138101e+01,2.131233e+01,2.139474e+01,2.133294e+01,2.143592e+01,2.138101e+01,2.138788e+01,2.136728e+01,2.134668e+01,2.138101e+01,2.133981e+01,2.136728e+01,2.138788e+01,2.136041e+01,2.140161e+01,2.154565e+01,2.135355e+01,2.133981e+01,2.135355e+01,2.136728e+01,2.135355e+01,2.130546e+01,2.131233e+01,2.120923e+01,2.119548e+01,2.112667e+01,2.110602e+01,2.109225e+01,2.110602e+01,2.110602e+01,2.109225e+01,2.121611e+01,2.111291e+01,2.121611e+01,2.123674e+01,2.116108e+01,2.116796e+01,2.120923e+01,2.127110e+01,2.126423e+01,2.122298e+01,2.120235e+01,2.118860e+01,2.127798e+01,2.138101e+01,2.142220e+01,2.143592e+01,2.138788e+01,2.140847e+01,2.147708e+01,2.145650e+01,2.143592e+01,2.138101e+01,2.140161e+01,2.133981e+01,2.131233e+01,2.132607e+01,2.125048e+01,2.129859e+01,2.126423e+01,2.121611e+01,2.122986e+01,2.138788e+01,2.120235e+01,2.124361e+01,2.120923e+01,2.121611e+01,2.124361e+01,2.122298e+01,2.131233e+01,2.127110e+01,2.122986e+01,2.133981e+01,2.129859e+01,2.127110e+01,2.132607e+01,2.118860e+01,2.124361e+01,2.121611e+01,2.113355e+01,2.133294e+01,2.128485e+01,2.126423e+01,2.131920e+01,2.113355e+01,2.131920e+01,2.118172e+01,2.129859e+01,2.126423e+01,2.134668e+01,2.109914e+01,2.120923e+01,2.115420e+01,2.119548e+01,2.118172e+01,2.118860e+01,2.127110e+01,2.127110e+01,2.120235e+01,2.115420e+01,2.123674e+01,2.118860e+01,2.122298e+01,2.120923e+01,2.117484e+01,2.134668e+01,2.125736e+01,2.122986e+01,2.120923e+01,2.140161e+01,2.133294e+01,2.121611e+01,2.133981e+01,2.128485e+01,2.130546e+01,2.133294e+01,2.133294e+01,2.135355e+01,2.135355e+01,2.133294e+01,2.136728e+01,2.148394e+01,2.140161e+01,2.138101e+01,2.138788e+01,2.144964e+01,2.136041e+01,2.138101e+01,2.133294e+01,2.141533e+01,2.135355e+01,2.133981e+01,2.137415e+01,2.131233e+01,2.137415e+01,2.129859e+01,2.133294e+01,2.135355e+01,2.133294e+01,2.142220e+01,2.138788e+01,2.145650e+01,2.147022e+01,2.168949e+01,2.174423e+01,2.302907e+01,2.269073e+01,2.160732e+01,2.144964e+01,2.133981e+01,2.138101e+01,2.132607e+01,2.129172e+01,2.133294e+01,2.130546e+01,2.130546e+01,2.126423e+01,2.130546e+01,2.139474e+01,2.140847e+01,2.138788e+01,2.165526e+01,2.164841e+01,2.171686e+01,2.161417e+01,2.168264e+01,2.148394e+01,2.160047e+01,2.177159e+01,2.172371e+01,2.220155e+01,2.203797e+01,2.196973e+01,2.160732e+01,2.166211e+01,2.222198e+01,2.162787e+01,2.155936e+01,2.151823e+01,2.158677e+01,2.164841e+01,2.164157e+01,2.183312e+01,2.177159e+01,2.171002e+01,2.194925e+01,2.199703e+01,2.257544e+01,2.212661e+01,2.221517e+01,2.265683e+01,2.349416e+01,2.349416e+01,2.365545e+01,2.393039e+01,2.533399e+01,2.649058e+01,2.529433e+01,2.496993e+01,2.500308e+01,2.524805e+01,2.323828e+01,2.205161e+01,2.203797e+01,2.190145e+01,2.178527e+01,2.187413e+01,2.201750e+01,2.287357e+01,2.310335e+01,2.427138e+01,2.342016e+01,2.310335e+01,2.309660e+01,2.221517e+01,2.177159e+01,2.186729e+01,2.182629e+01,2.203115e+01,2.252793e+01,2.233086e+01,2.252114e+01,2.273139e+01,2.274494e+01,2.212661e+01,2.275171e+01,2.264327e+01,2.256865e+01,2.286004e+01,2.292092e+01,2.279912e+01,2.276526e+01,2.184679e+01,2.169633e+01,2.192194e+01,2.203115e+01,2.239886e+01,2.233086e+01,2.186046e+01,2.203115e+01,2.248719e+01,2.303582e+01,2.197656e+01,2.153880e+01,2.160047e+01,2.161417e+01,2.164157e+01,2.169633e+01,2.182629e+01,2.257544e+01,2.246002e+01,2.324503e+01,2.359499e+01,2.382989e+01,2.272461e+01,2.203797e+01,2.183312e+01,2.154565e+01,2.149080e+01,2.147708e+01,2.149766e+01,2.185363e+01,2.265683e+01,2.201068e+01,2.150451e+01,2.131233e+01,2.142906e+01,2.142220e+01,2.145650e+01,2.134668e+01,2.144278e+01,2.128485e+01,2.140847e+01,2.142220e+01,2.140847e+01,2.136041e+01,2.131920e+01,2.138101e+01,2.133294e+01,2.147708e+01,2.136728e+01,2.146336e+01,2.138101e+01,2.131233e+01,2.142220e+01,2.133981e+01,2.140161e+01,2.143592e+01,2.132607e+01,2.142906e+01,2.140847e+01,2.138101e+01,2.133294e+01,2.131233e+01,2.130546e+01,2.139474e+01,2.142220e+01,2.131920e+01,2.132607e+01,2.143592e+01,2.133981e+01,2.136041e+01,2.142906e+01,2.138101e+01,2.136041e+01,2.140161e+01,2.141533e+01,2.134668e+01,2.135355e+01,2.142220e+01,2.133294e+01,2.131920e+01,2.133294e+01,2.135355e+01,2.137415e+01,2.139474e+01,2.152508e+01,2.134668e+01,2.136728e+01,2.133294e+01,2.142220e+01,2.138101e+01,2.136728e+01,2.136041e+01,2.138101e+01,2.131920e+01,2.129172e+01,2.126423e+01,2.123674e+01,2.125736e+01,2.128485e+01,2.125048e+01,2.134668e+01,2.124361e+01,2.131920e+01,2.120235e+01,2.120923e+01,2.120235e+01,2.120923e+01,2.118860e+01,2.115420e+01,2.117484e+01,2.122986e+01,2.109914e+01,2.114044e+01,2.117484e+01,2.126423e+01,2.129859e+01,2.125736e+01,2.123674e+01,2.121611e+01,2.121611e+01,2.133981e+01,2.125048e+01,2.120923e+01,2.131233e+01,2.122298e+01,2.127110e+01,2.123674e+01,2.117484e+01,2.130546e+01,2.130546e+01,2.121611e+01,2.125048e+01,2.142220e+01,2.128485e+01,2.131920e+01,2.133981e+01,2.125736e+01,2.135355e+01,2.120235e+01,2.127798e+01,2.131233e+01,2.125736e+01,2.133981e+01,2.127110e+01,2.127110e+01,2.127110e+01,2.128485e+01,2.121611e+01,2.135355e+01,2.129172e+01,2.128485e+01,2.128485e+01,2.130546e+01,2.134668e+01,2.142906e+01,2.136728e+01,2.131233e+01,2.132607e+01,2.122986e+01,2.131920e+01,2.134668e+01,2.134668e+01,2.131920e+01,2.132607e+01,2.118172e+01,2.126423e+01,2.137415e+01,2.119548e+01,2.123674e+01,2.130546e+01,2.121611e+01,2.124361e+01,2.133294e+01,2.136041e+01,2.136728e+01,2.122986e+01,2.134668e+01,2.130546e+01,2.137415e+01,2.119548e+01,2.127798e+01,2.125736e+01,2.131920e+01,2.135355e+01,2.138101e+01,2.137415e+01,2.129859e+01,2.118172e+01,2.128485e+01,2.129859e+01,2.129859e+01,2.133294e+01,2.129172e+01,2.127798e+01,2.129859e+01,2.126423e+01,2.134668e+01,2.124361e+01,2.124361e+01,2.127798e+01,2.126423e+01,2.128485e+01,2.114732e+01,2.127110e+01,2.121611e+01,2.126423e+01,2.124361e+01,2.124361e+01,2.133294e+01,2.115420e+01,2.127110e+01,2.128485e+01,2.127110e+01,2.123674e+01,2.125048e+01,2.126423e+01,2.118172e+01,2.124361e+01,2.137415e+01,2.127798e+01,2.125048e+01,2.123674e+01,2.132607e+01,2.123674e+01,2.123674e+01,2.121611e+01,2.124361e+01,2.126423e+01,2.131233e+01,2.131920e+01,2.127110e+01,2.112667e+01,2.125048e+01,2.126423e+01,2.135355e+01,2.132607e+01,2.133294e+01,2.140847e+01,2.132607e+01,2.133294e+01,2.140161e+01,2.132607e+01,2.138788e+01,2.142220e+01,2.133981e+01,2.128485e+01,2.149766e+01,2.155936e+01,2.137415e+01,2.152508e+01,2.147022e+01,2.137415e+01,2.140847e+01,2.142906e+01,2.149766e+01,2.138788e+01,2.160047e+01,2.136041e+01,2.142220e+01,2.149080e+01,2.136728e+01,2.150451e+01,2.150451e+01,2.140847e+01,2.142906e+01,2.140161e+01,2.145650e+01,2.147022e+01,2.144964e+01,2.145650e+01,2.137415e+01,2.133981e+01,2.133981e+01,2.136728e+01,2.132607e+01,2.131920e+01,2.145650e+01,2.132607e+01,2.132607e+01,2.133981e+01,2.125048e+01,2.133981e+01,2.136041e+01,2.136728e+01,2.149766e+01,2.127798e+01,2.120235e+01,2.117484e+01,2.120235e+01,2.116108e+01,2.117484e+01,2.100271e+01,2.105094e+01,2.114732e+01,2.118172e+01,2.119548e+01,2.116108e+01,2.115420e+01,2.118172e+01,2.122298e+01,2.118172e+01,2.128485e+01,2.119548e+01,2.125736e+01,2.124361e+01,2.129859e+01,2.116108e+01,2.132607e+01,2.125048e+01,2.129172e+01,2.140161e+01,2.121611e+01,2.133294e+01,2.136728e+01,2.139474e+01,2.129172e+01,2.144278e+01,2.130546e+01,2.133981e+01,2.138101e+01,2.144278e+01,2.142906e+01,2.147022e+01,2.145650e+01,2.139474e+01,2.136041e+01,2.137415e+01,2.138788e+01,2.145650e+01,2.139474e+01,2.136041e+01,2.141533e+01,2.149766e+01,2.145650e+01,2.151137e+01,2.136728e+01,2.137415e+01,2.144278e+01,2.151823e+01,2.154565e+01,2.140161e+01,2.140161e+01,2.130546e+01,2.136728e+01,2.149080e+01,2.153194e+01,2.138788e+01,2.144964e+01,2.141533e+01,2.148394e+01,2.142906e+01,2.147022e+01,2.153194e+01,2.149080e+01,2.151137e+01,2.151137e+01,2.157306e+01,2.146336e+01,2.142906e+01,2.157991e+01,2.149080e+01,2.144278e+01,2.158677e+01,2.144278e+01,2.148394e+01,2.148394e+01,2.143592e+01,2.151137e+01,2.154565e+01,2.153880e+01
2.128485e+01,2.136728e+01,2.130546e+01,2.136728e+01,2.133294e+01,2.121611e+01,2.133294e+01,2.133981e+01,2.140847e+01,2.135355e+01,2.131920e+01,2.131233e+01,2.128485e+01,2.133981e+01,2.143592e+01,2.132607e+01,2.137415e+01,2.131233e+01,2.137415e+01,2.127110e+01,2.125736e+01,2.124361e+01,2.136041e+01,2.127110e+01,2.147708e+01,2.133981e+01,2.133981e+01,2.137415e+01,2.131233e+01,2.132607e+01,2.129859e+01,2.131233e+01,2.138101e+01,2.125048e+01,2.132607e+01,2.137415e+01,2.127110e+01,2.112667e+01,2.127798e+01,2.140847e+01,2.138788e+01,2.132607e+01,2.131233e+01,2.139474e+01,2.138101e+01,2.136728e+01,2.129172e+01,2.133294e+01,2.141533e+01,2.153880e+01,2.138101e+01,2.130546e+01,2.150451e+01,2.128485e+01,2.133294e+01,2.138101e+01,2.141533e+01,2.146336e+01,2.137415e+01,2.127110e+01,2.127110e+01,2.127798e+01,2.126423e+01,2.111979e+01,2.116108e+01,2.107160e+01,2.116108e+01,2.123674e+01,2.111291e+01,2.118172e+01,2.116796e+01,2.118172e+01,2.118172e+01,2.125736e+01,2.114044e+01,2.118860e+01,2.118860e+01,2.116796e+01,2.125048e+01,2.130546e+01,2.135355e+01,2.124361e+01,2.136041e+01,2.129172e+01,2.142220e+01,2.140847e+01,2.144964e+01,2.144964e+01,2.137415e+01,2.140847e+01,2.142220e+01,2.133981e+01,2.133981e+01,2.134668e+01,2.133294e+01,2.129172e+01,2.130546e+01,2.102338e+01,2.116796e+01,2.122986e+01,2.125048e+01,2.118860e+01,2.122986e+01,2.134668e+01,2.124361e+01,2.127798e+01,2.122298e+01,2.129859e+01,2.127798e+01,2.133294e+01,2.136041e+01,2.120923e+01,2.129859e+01,2.115420e+01,2.127798e+01,2.131233e+01,2.127110e+01,2.133294e+01,2.136728e+01,2.127798e+01,2.130546e+01,2.113355e+01,2.130546e+01,2.115420e+01,2.131920e+01,2.135355e+01,2.103716e+01,2.134668e+01,2.116796e+01,2.132607e+01,2.125048e+01,2.120235e+01,2.120923e+01,2.128485e+01,2.127798e+01,2.125736e+01,2.124361e+01,2.124361e+01,2.129859e+01,2.122986e+01,2.134668e+01,2.121611e+01,2.123674e+01,2.138101e+01,2.136728e+01,2.128485e+01,2.138788e+01,2.139474e+01,2.126423e+01,2.138101e+01,2.129859e+01,2.131920e+01,2.125048e+01,2.132607e+01,2.135355e+01,2.138788e+01,2.136041e+01,2.138788e+01,2.151137e+01,2.138788e+01,2.138788e+01,2.138101e+01,2.140847e+01,2.138788e+01,2.136041e+01,2.144278e+01,2.138101e+01,2.144278e+01,2.138788e+01,2.139474e+01,2.137415e+01,2.138101e+01,2.142906e+01,2.140847e+01,2.144278e+01,2.137415e+01,2.134668e+01,2.138101e+01,2.142906e+01,2.133981e+01,2.137415e+01,2.154565e+01,2.173055e+01,2.333263e+01,2.269073e+01,2.157991e+01,2.135355e+01,2.138788e+01,2.144964e+01,2.135355e+01,2.125736e+01,2.131233e+01,2.131920e+01,2.135355e+01,2.131920e+01,2.133294e+01,2.132607e+01,2.131920e+01,2.141533e+01,2.136728e+01,2.184679e+01,2.190145e+01,2.177159e+01,2.186729e+01,2.173739e+01,2.171002e+01,2.170318e+01,2.188779e+01,2.201750e+01,2.221517e+01,2.218112e+01,2.198338e+01,2.166895e+01,2.207207e+01,2.179894e+01,2.140161e+01,2.140161e+01,2.154565e+01,2.155936e+01,2.167580e+01,2.165526e+01,2.168264e+01,2.158677e+01,2.162787e+01,2.166895e+01,2.166211e+01,2.209252e+01,2.250077e+01,2.278557e+01,2.286004e+01,2.317759e+01,2.347398e+01,2.349416e+01,2.477747e+01,2.648404e+01,2.614362e+01,2.466447e+01,2.354123e+01,2.359499e+01,2.300204e+01,2.197656e+01,2.177159e+01,2.166895e+01,2.179894e+01,2.158677e+01,2.198338e+01,2.218793e+01,2.408431e+01,2.614362e+01,2.611738e+01,2.588100e+01,2.536702e+01,2.290063e+01,2.168264e+01,2.189462e+01,2.218112e+01,2.327873e+01,2.403749e+01,2.333263e+01,2.277880e+01,2.268395e+01,2.249398e+01,2.246002e+01,2.427138e+01,2.349416e+01,2.281943e+01,2.290063e+01,2.296825e+01,2.256865e+01,2.209252e+01,2.182629e+01,2.172371e+01,2.202432e+01,2.252793e+01,2.233086e+01,2.255508e+01,2.256186e+01,2.207207e+01,2.190828e+01,2.191511e+01,2.186729e+01,2.160732e+01,2.164157e+01,2.174423e+01,2.164157e+01,2.175107e+01,2.175791e+01,2.263649e+01,2.222879e+01,2.325851e+01,2.313710e+01,2.357483e+01,2.342689e+01,2.198338e+01,2.182629e+01,2.154565e+01,2.148394e+01,2.149766e+01,2.168264e+01,2.207889e+01,2.408431e+01,2.256186e+01,2.174423e+01,2.140161e+01,2.147022e+01,2.137415e+01,2.142220e+01,2.150451e+01,2.128485e+01,2.140847e+01,2.133981e+01,2.136728e+01,2.131233e+01,2.129172e+01,2.132607e+01,2.135355e+01,2.140161e+01,2.135355e+01,2.146336e+01,2.133294e+01,2.136728e+01,2.128485e+01,2.140847e+01,2.125736e+01,2.140161e+01,2.143592e+01,2.144278e+01,2.136728e+01,2.140847e+01,2.136041e+01,2.134668e+01,2.129859e+01,2.140847e+01,2.142906e+01,2.135355e+01,2.138788e+01,2.136728e+01,2.133981e+01,2.132607e+01,2.136728e+01,2.144278e+01,2.136041e+01,2.139474e+01,2.133294e+01,2.134668e+01,2.131233e+01,2.129859e+01,2.134668e+01,2.130546e+01,2.133294e+01,2.136041e+01,2.136041e+01,2.133294e+01,2.152508e+01,2.138788e+01,2.133981e+01,2.134668e+01,2.128485e+01,2.136041e+01,2.137415e+01,2.131233e+01,2.136728e+01,2.135355e+01,2.133294e+01,2.125048e+01,2.131920e+01,2.129859e+01,2.128485e+01,2.125048e+01,2.128485e+01,2.132607e+01,2.122986e+01,2.132607e+01,2.124361e+01,2.117484e+01,2.120235e+01,2.129859e+01,2.126423e+01,2.116108e+01,2.132607e+01,2.116796e+01,2.115420e+01,2.111291e+01,2.113355e+01,2.120923e+01,2.116108e+01,2.125048e+01,2.115420e+01,2.118172e+01,2.116796e+01,2.120923e+01,2.129172e+01,2.124361e+01,2.122986e+01,2.131920e+01,2.128485e+01,2.122298e+01,2.122298e+01,2.126423e+01,2.123674e+01,2.128485e+01,2.129172e+01,2.134668e+01,2.127110e+01,2.127798e+01,2.126423e+01,2.129859e+01,2.136041e+01,2.131233e+01,2.130546e+01,2.128485e+01,2.128485e+01,2.128485e+01,2.123674e+01,2.131233e+01,2.136041e+01,2.129859e+01,2.133294e+01,2.129859e+01,2.133294e+01,2.131920e+01,2.126423e+01,2.128485e+01,2.128485e+01,2.140847e+01,2.135355e+01,2.136728e+01,2.136728e+01,2.116796e+01,2.123674e+01,2.129859e+01,2.130546e+01,2.131920e+01,2.139474e+01,2.127110e+01,2.138101e+01,2.115420e+01,2.118860e+01,2.119548e+01,2.137415e+01,2.131920e+01,2.135355e+01,2.122986e+01,2.133981e+01,2.134668e+01,2.122986e+01,2.122986e+01,2.123674e+01,2.136728e+01,2.124361e+01,2.125048e+01,2.131920e+01,2.126423e+01,2.139474e+01,2.139474e+01,2.118172e+01,2.127110e+01,2.126423e+01,2.128485e+01,2.130546e+01,2.127798e+01,2.133981e+01,2.133294e+01,2.133981e+01,2.130546e+01,2.129172e+01,2.131920e+01,2.123674e+01,2.128485e+01,2.133294e+01,2.127798e+01,2.127798e+01,2.127798e+01,2.127798e+01,2.129172e+01,2.126423e+01,2.120923e+01,2.117484e+01,2.118860e+01,2.125736e+01,2.130546e+01,2.138101e+01,2.136728e+01,2.125048e+01,2.127798e+01,2.125048e+01,2.122986e+01,2.118172e+01,2.140847e+01,2.139474e+01,2.122298e+01,2.130546e+01,2.105094e+01,2.124361e+01,2.124361e+01,2.123674e+01,2.123674e+01,2.121611e+01,2.126423e+01,2.128485e+01,2.129172e+01,2.126423e+01,2.124361e+01,2.131920e+01,2.117484e+01,2.120235e+01,2.139474e+01,2.133294e+01,2.130546e+01,2.138788e+01,2.136041e+01,2.140161e+01,2.143592e+01,2.133981e+01,2.136041e+01,2.138788e+01,2.140161e+01,2.146336e+01,2.138788e+01,2.151823e+01,2.137415e+01,2.140847e+01,2.140161e+01,2.141533e+01,2.138101e+01,2.141533e+01,2.139474e+01,2.131920e+01,2.138101e+01,2.140161e+01,2.124361e+01,2.150451e+01,2.149080e+01,2.140847e+01,2.147022e+01,2.142906e+01,2.138101e+01,2.147708e+01,2.133294e+01,2.132607e+01,2.132607e+01,2.129172e+01,2.134668e+01,2.138788e+01,2.135355e+01,2.132607e+01,2.140847e+01,2.133294e+01,2.131233e+01,2.137415e+01,2.133981e+01,2.131233e+01,2.133981e+01,2.138101e+01,2.125048e+01,2.123674e+01,2.116796e+01,2.123674e+01,2.115420e+01,2.117484e+01,2.121611e+01,2.127798e+01,2.117484e+01,2.110602e+01,2.122298e+01,2.125048e+01,2.118172e+01,2.122298e+01,2.122986e+01,2.115420e+01,2.111979e+01,2.121611e+01,2.122298e+01,2.122986e+01,2.109914e+01,2.124361e+01,2.129859e+01,2.121611e+01,2.121611e+01,2.129859e+01,2.128485e+01,2.128485e+01,2.138101e+01,2.136728e+01,2.136041e+01,2.123674e+01,2.125048e+01,2.125736e+01,2.144278e+01,2.140847e+01,2.143592e+01,2.144278e+01,2.138788e+01,2.143592e+01,2.146336e+01,2.138788e+01,2.138101e+01,2.133981e+01,2.131233e+01,2.140847e+01,2.152508e+01,2.153194e+01,2.136728e+01,2.148394e+01,2.144278e+01,2.151823e+01,2.135355e+01,2.145650e+01,2.158677e+01,2.142220e+01,2.147708e+01,2.147708e+01,2.138101e+01,2.133294e+01,2.149080e+01,2.146336e+01,2.140847e+01,2.143592e+01,2.144278e+01,2.137415e+01,2.130546e+01,2.153880e+01,2.149766e+01,2.148394e+01,2.152508e+01,2.138101e+01,2.146336e+01,2.151137e+01,2.147022e+01,2.144278e+01,2.145650e+01,2.148394e+01,2.145650e+01,2.150451e+01,2.149080e+01,2.156621e+01,2.113355e+01,2.152508e+01,2.152508e+01,2.147022e+01
2.136041e+01,2.136728e+01,2.131920e+01,2.136041e+01,2.131233e+01,2.135355e+01,2.133294e+01,2.122986e+01,2.134668e+01,2.136041e+01,2.131233e+01,2.130546e+01,2.133294e+01,2.133981e+01,2.142220e+01,2.147708e+01,2.131920e+01,2.131233e+01,2.135355e+01,2.133981e+01,2.125736e+01,2.133981e+01,2.131233e+01,2.135355e+01,2.128485e+01,2.134668e+01,2.137415e+01,2.136728e+01,2.134668e+01,2.129172e+01,2.131920e+01,2.133981e+01,2.133294e+01,2.135355e+01,2.125736e+01,2.136728e+01,2.140161e+01,2.137415e+01,2.138788e+01,2.131233e+01,2.130546e+01,2.132607e+01,2.131920e+01,2.128485e+01,2.140161e+01,2.135355e+01,2.139474e+01,2.140161e+01,2.144964e+01,2.148394e+01,2.150451e+01,2.138101e+01,2.144964e+01,2.149080e+01,2.133294e+01,2.133294e+01,2.144278e+01,2.144278e+01,2.144964e+01,2.140161e+01,2.128485e+01,2.127110e+01,2.122986e+01,2.107160e+01,2.111291e+01,2.108537e+01,2.118860e+01,2.107848e+01,2.114732e+01,2.120235e+01,2.112667e+01,2.122986e+01,2.118860e+01,2.129172e+01,2.117484e+01,2.120923e+01,2.119548e+01,2.109225e+01,2.121611e+01,2.119548e+01,2.116108e+01,2.147022e+01,2.138788e+01,2.134668e+01,2.136728e+01,2.144278e+01,2.148394e+01,2.147022e+01,2.140847e+01,2.147022e+01,2.128485e+01,2.138101e+01,2.127798e+01,2.133981e+01,2.125048e+01,2.133294e+01,2.125736e+01,2.127110e+01,2.116796e+01,2.119548e+01,2.116108e+01,2.117484e+01,2.133294e+01,2.123674e+01,2.122986e+01,2.129859e+01,2.126423e+01,2.125048e+01,2.138101e+01,2.130546e+01,2.140847e+01,2.131920e+01,2.129172e+01,2.131233e+01,2.125736e+01,2.123674e+01,2.135355e+01,2.118860e+01,2.137415e+01,2.122298e+01,2.121611e+01,2.127798e+01,2.111979e+01,2.129859e+01,2.134668e+01,2.131920e+01,2.124361e+01,2.133294e+01,2.126423e+01,2.131920e+01,2.121611e+01,2.118172e+01,2.129859e+01,2.115420e+01,2.124361e+01,2.123674e+01,2.122986e+01,2.122986e+01,2.122986e+01,2.120923e+01,2.127110e+01,2.120923e+01,2.109914e+01,2.121611e+01,2.124361e+01,2.117484e+01,2.129172e+01,2.137415e+01,2.138101e+01,2.126423e+01,2.126423e+01,2.125736e+01,2.129172e+01,2.141533e+01,2.134668e+01,2.140161e+01,2.141533e+01,2.142220e+01,2.140847e+01,2.142220e+01,2.136041e+01,2.137415e+01,2.148394e+01,2.149080e+01,2.132607e+01,2.122298e+01,2.138101e+01,2.122986e+01,2.137415e+01,2.140847e+01,2.139474e+01,2.137415e+01,2.136728e+01,2.133294e+01,2.137415e+01,2.139474e+01,2.144964e+01,2.127798e+01,2.147022e+01,2.134668e+01,2.131233e+01,2.148394e+01,2.188096e+01,2.320457e+01,2.256865e+01,2.156621e+01,2.131920e+01,2.141533e+01,2.141533e+01,2.140847e+01,2.126423e+01,2.128485e+01,2.127798e+01,2.120235e+01,2.133981e+01,2.136728e+01,2.138101e+01,2.134668e+01,2.138788e+01,2.165526e+01,2.168264e+01,2.186729e+01,2.172371e+01,2.180578e+01,2.179211e+01,2.175107e+01,2.175107e+01,2.186046e+01,2.220155e+01,2.220836e+01,2.231046e+01,2.230365e+01,2.165526e+01,2.169633e+01,2.161417e+01,2.142220e+01,2.151137e+01,2.146336e+01,2.140847e+01,2.166895e+01,2.162787e+01,2.168264e+01,2.168264e+01,2.160732e+01,2.154565e+01,2.164841e+01,2.191511e+01,2.248039e+01,2.255508e+01,2.318433e+01,2.277880e+01,2.229685e+01,2.214705e+01,2.268395e+01,2.413111e+01,2.565068e+01,2.421129e+01,2.281266e+01,2.319782e+01,2.362858e+01,2.202432e+01,2.158677e+01,2.160732e+01,2.178527e+01,2.175107e+01,2.182629e+01,2.218112e+01,2.385670e+01,2.681686e+01,2.737575e+01,2.707067e+01,2.538023e+01,2.220155e+01,2.169633e+01,2.221517e+01,2.222198e+01,2.235807e+01,2.339997e+01,2.285327e+01,2.258901e+01,2.293444e+01,2.284650e+01,2.266361e+01,2.423800e+01,2.286004e+01,2.229004e+01,2.253472e+01,2.247360e+01,2.243284e+01,2.292768e+01,2.186046e+01,2.186046e+01,2.274494e+01,2.317759e+01,2.233767e+01,2.256865e+01,2.231726e+01,2.188779e+01,2.188096e+01,2.184679e+01,2.186046e+01,2.186729e+01,2.183996e+01,2.162102e+01,2.166895e+01,2.161417e+01,2.157991e+01,2.219474e+01,2.221517e+01,2.236487e+01,2.368230e+01,2.471102e+01,2.278557e+01,2.201750e+01,2.162787e+01,2.147708e+01,2.147708e+01,2.154565e+01,2.160047e+01,2.216068e+01,2.501634e+01,2.395717e+01,2.162787e+01,2.132607e+01,2.148394e+01,2.136041e+01,2.147022e+01,2.141533e+01,2.136041e+01,2.142220e+01,2.131233e+01,2.154565e+01,2.141533e+01,2.133294e+01,2.129172e+01,2.133294e+01,2.133294e+01,2.134668e+01,2.140161e+01,2.137415e+01,2.134668e+01,2.138101e+01,2.131233e+01,2.142906e+01,2.148394e+01,2.141533e+01,2.129859e+01,2.139474e+01,2.144964e+01,2.131920e+01,2.136041e+01,2.133294e+01,2.144278e+01,2.142906e+01,2.136728e+01,2.142906e+01,2.136041e+01,2.134668e+01,2.142906e+01,2.147022e+01,2.129859e+01,2.138788e+01,2.131920e+01,2.131920e+01,2.143592e+01,2.144964e+01,2.141533e+01,2.131920e+01,2.133294e+01,2.128485e+01,2.133981e+01,2.138101e+01,2.131233e+01,2.130546e+01,2.136041e+01,2.134668e+01,2.130546e+01,2.138101e+01,2.136728e+01,2.138788e+01,2.138788e+01,2.140847e+01,2.129859e+01,2.131233e+01,2.127798e+01,2.131920e+01,2.131920e+01,2.136041e+01,2.131920e+01,2.131920e+01,2.129172e+01,2.136041e+01,2.132607e+01,2.121611e+01,2.120923e+01,2.118860e+01,2.119548e+01,2.122986e+01,2.116108e+01,2.119548e+01,2.110602e+01,2.125048e+01,2.111979e+01,2.114732e+01,2.115420e+01,2.115420e+01,2.122986e+01,2.133294e+01,2.116796e+01,2.125736e+01,2.115420e+01,2.121611e+01,2.129172e+01,2.123674e+01,2.126423e+01,2.132607e+01,2.130546e+01,2.136728e+01,2.130546e+01,2.133981e+01,2.131233e+01,2.132607e+01,2.133981e+01,2.132607e+01,2.131233e+01,2.133294e+01,2.131920e+01,2.131233e+01,2.132607e+01,2.133294e+01,2.131233e+01,2.135355e+01,2.117484e+01,2.132607e+01,2.137415e+01,2.127798e+01,2.136041e+01,2.126423e+01,2.133981e+01,2.129859e+01,2.118172e+01,2.129859e+01,2.119548e+01,2.129859e+01,2.130546e+01,2.133294e+01,2.132607e+01,2.133294e+01,2.117484e+01,2.138101e+01,2.131233e+01,2.124361e+01,2.135355e+01,2.127110e+01,2.140847e+01,2.122298e+01,2.123674e+01,2.125048e+01,2.129172e+01,2.134668e+01,2.129172e+01,2.118172e+01,2.133294e+01,2.144278e+01,2.130546e+01,2.132607e+01,2.138101e+01,2.125048e+01,2.129859e+01,2.127110e+01,2.136041e+01,2.131920e+01,2.131233e+01,2.137415e+01,2.125736e+01,2.127798e+01,2.125048e+01,2.125736e+01,2.125048e+01,2.128485e+01,2.130546e+01,2.127798e+01,2.131233e+01,2.131233e+01,2.144964e+01,2.118860e+01,2.126423e+01,2.126423e+01,2.126423e+01,2.129859e+01,2.126423e+01,2.130546e+01,2.125048e+01,2.129859e+01,2.138101e+01,2.129172e+01,2.120923e+01,2.123674e+01,2.116796e+01,2.128485e+01,2.124361e+01,2.129172e+01,2.131233e+01,2.125048e+01,2.120923e+01,2.127798e+01,2.118860e+01,2.118860e+01,2.123674e+01,2.120923e+01,2.122298e+01,2.122298e+01,2.121611e+01,2.122986e+01,2.108537e+01,2.121611e+01,2.126423e+01,2.125736e+01,2.114732e+01,2.128485e+01,2.131233e+01,2.133294e+01,2.119548e+01,2.127798e+01,2.120923e+01,2.133294e+01,2.124361e+01,2.134668e+01,2.132607e+01,2.129859e+01,2.142220e+01,2.138788e+01,2.139474e+01,2.135355e+01,2.136728e+01,2.125736e+01,2.138101e+01,2.140161e+01,2.140161e+01,2.141533e+01,2.137415e+01,2.138101e+01,2.151137e+01,2.147022e+01,2.153880e+01,2.138101e+01,2.157991e+01,2.147022e+01,2.140847e+01,2.136728e+01,2.143592e+01,2.139474e+01,2.155936e+01,2.138788e+01,2.145650e+01,2.142906e+01,2.144278e+01,2.146336e+01,2.141533e+01,2.148394e+01,2.131920e+01,2.139474e+01,2.136728e+01,2.135355e+01,2.132607e+01,2.131920e+01,2.144964e+01,2.133981e+01,2.133294e+01,2.133981e+01,2.133981e+01,2.127110e+01,2.136041e+01,2.136041e+01,2.135355e+01,2.128485e+01,2.127798e+01,2.116108e+01,2.118860e+01,2.113355e+01,2.120235e+01,2.120923e+01,2.127110e+01,2.127798e+01,2.123674e+01,2.114044e+01,2.117484e+01,2.129859e+01,2.119548e+01,2.120235e+01,2.114732e+01,2.118172e+01,2.111979e+01,2.121611e+01,2.110602e+01,2.127798e+01,2.127798e+01,2.119548e+01,2.116796e+01,2.119548e+01,2.135355e+01,2.131920e+01,2.133294e+01,2.130546e+01,2.133981e+01,2.133981e+01,2.133294e+01,2.141533e+01,2.133294e+01,2.136728e+01,2.140847e+01,2.134668e+01,2.143592e+01,2.145650e+01,2.140847e+01,2.156621e+01,2.140847e+01,2.135355e+01,2.141533e+01,2.133294e+01,2.151823e+01,2.138788e+01,2.134668e+01,2.132607e+01,2.133294e+01,2.141533e+01,2.144278e+01,2.146336e+01,2.142220e+01,2.139474e+01,2.156621e+01,2.136041e+01,2.132607e+01,2.151823e+01,2.139474e+01,2.142906e+01,2.147022e+01,2.135355e+01,2.140161e+01,2.134668e+01,2.143592e+01,2.147022e+01,2.147022e+01,2.156621e+01,2.148394e+01,2.154565e+01,2.138101e+01,2.147708e+01,2.156621e+01,2.155936e+01,2.162102e+01,2.155936e+01,2.158677e+01,2.148394e+01,2.147708e+01,2.157306e+01,2.157306e+01,2.141533e+01,2.151137e+01,2.160732e+01
2.130546e+01,2.130546e+01,2.127798e+01,2.129172e+01,2.130546e+01,2.138101e+01,2.129172e+01,2.127110e+01,2.138788e+01,2.133294e+01,2.138788e+01,2.134668e+01,2.136041e+01,2.131920e+01,2.125736e+01,2.129172e+01,2.140847e+01,2.130546e+01,2.129859e+01,2.135355e+01,2.126423e+01,2.133981e+01,2.133981e+01,2.128485e+01,2.135355e+01,2.142220e+01,2.131233e+01,2.131233e+01,2.128485e+01,2.139474e+01,2.114732e+01,2.130546e+01,2.129859e+01,2.135355e+01,2.144278e+01,2.136728e+01,2.129859e+01,2.130546e+01,2.127798e+01,2.131920e+01,2.133981e+01,2.131920e+01,2.137415e+01,2.140161e+01,2.140161e+01,2.125048e+01,2.140847e+01,2.133294e+01,2.137415e+01,2.148394e+01,2.130546e+01,2.128485e+01,2.129859e+01,2.140161e+01,2.131233e+01,2.140847e+01,2.134668e+01,2.142220e+01,2.135355e+01,2.127798e+01,2.140161e+01,2.105782e+01,2.113355e+01,2.105094e+01,2.105094e+01,2.110602e+01,2.107848e+01,2.114732e+01,2.107848e+01,2.120923e+01,2.115420e+01,2.119548e+01,2.095446e+01,2.116108e+01,2.120923e+01,2.118860e+01,2.118172e+01,2.115420e+01,2.127110e+01,2.127798e+01,2.127110e+01,2.123674e+01,2.149080e+01,2.134668e+01,2.128485e+01,2.144964e+01,2.146336e+01,2.140847e+01,2.144964e+01,2.137415e+01,2.144278e+01,2.140161e+01,2.133981e+01,2.131233e+01,2.131920e+01,2.132607e+01,2.126423e+01,2.129172e+01,2.122298e+01,2.140847e+01,2.127110e+01,2.120235e+01,2.125736e+01,2.122986e+01,2.126423e+01,2.135355e+01,2.127110e+01,2.121611e+01,2.120923e+01,2.125736e+01,2.137415e+01,2.136041e+01,2.133294e+01,2.118172e+01,2.132607e+01,2.122986e+01,2.126423e+01,2.131233e+01,2.126423e+01,2.128485e+01,2.125048e+01,2.116108e+01,2.116108e+01,2.118172e+01,2.120235e+01,2.120235e+01,2.131233e+01,2.123674e+01,2.127110e+01,2.131920e+01,2.120235e+01,2.117484e+01,2.131233e+01,2.131920e+01,2.124361e+01,2.122986e+01,2.127110e+01,2.124361e+01,2.123674e+01,2.124361e+01,2.121611e+01,2.114732e+01,2.122298e+01,2.123674e+01,2.122986e+01,2.133294e+01,2.132607e+01,2.123674e+01,2.125736e+01,2.133981e+01,2.126423e+01,2.124361e+01,2.128485e+01,2.135355e+01,2.141533e+01,2.131920e+01,2.139474e+01,2.133294e+01,2.132607e+01,2.135355e+01,2.138788e+01,2.142906e+01,2.150451e+01,2.140161e+01,2.125736e+01,2.129859e+01,2.148394e+01,2.139474e+01,2.144964e+01,2.139474e+01,2.125736e+01,2.137415e+01,2.139474e+01,2.136728e+01,2.133981e+01,2.138101e+01,2.133981e+01,2.120235e+01,2.131233e+01,2.139474e+01,2.147022e+01,2.140847e+01,2.179894e+01,2.317759e+01,2.252793e+01,2.141533e+01,2.139474e+01,2.134668e+01,2.138101e+01,2.127798e+01,2.133294e+01,2.133981e+01,2.126423e+01,2.136728e+01,2.133294e+01,2.137415e+01,2.128485e+01,2.138788e+01,2.136041e+01,2.154565e+01,2.154565e+01,2.180578e+01,2.202432e+01,2.195608e+01,2.185363e+01,2.176475e+01,2.172371e+01,2.160047e+01,2.191511e+01,2.203115e+01,2.214705e+01,2.226282e+01,2.174423e+01,2.159362e+01,2.164157e+01,2.149080e+01,2.153880e+01,2.162787e+01,2.172371e+01,2.187413e+01,2.186046e+01,2.188779e+01,2.166211e+01,2.164841e+01,2.153194e+01,2.168949e+01,2.190828e+01,2.163472e+01,2.185363e+01,2.190145e+01,2.190145e+01,2.207207e+01,2.207889e+01,2.222879e+01,2.264327e+01,2.354795e+01,2.305609e+01,2.282620e+01,2.328547e+01,2.394378e+01,2.250077e+01,2.195608e+01,2.175107e+01,2.157991e+01,2.177159e+01,2.177159e+01,2.198338e+01,2.307635e+01,2.576261e+01,2.735630e+01,2.716164e+01,2.538023e+01,2.239206e+01,2.174423e+01,2.172371e+01,2.232406e+01,2.234447e+01,2.322480e+01,2.331915e+01,2.428473e+01,2.439813e+01,2.368230e+01,2.262292e+01,2.260258e+01,2.251435e+01,2.262292e+01,2.284650e+01,2.224921e+01,2.191511e+01,2.339997e+01,2.218793e+01,2.199021e+01,2.237847e+01,2.318433e+01,2.328547e+01,2.273139e+01,2.253472e+01,2.199021e+01,2.189462e+01,2.187413e+01,2.186729e+01,2.243284e+01,2.231046e+01,2.211298e+01,2.179211e+01,2.171002e+01,2.182629e+01,2.188096e+01,2.216749e+01,2.239886e+01,2.398395e+01,2.357483e+01,2.201068e+01,2.200386e+01,2.146336e+01,2.118172e+01,2.114044e+01,2.133294e+01,2.147022e+01,2.173739e+01,2.332589e+01,2.316409e+01,2.148394e+01,2.136728e+01,2.142220e+01,2.144278e+01,2.141533e+01,2.140161e+01,2.133981e+01,2.134668e+01,2.135355e+01,2.135355e+01,2.128485e+01,2.132607e+01,2.135355e+01,2.147708e+01,2.134668e+01,2.133294e+01,2.142220e+01,2.129859e+01,2.134668e+01,2.126423e+01,2.134668e+01,2.140161e+01,2.142220e+01,2.138101e+01,2.138101e+01,2.131233e+01,2.133981e+01,2.132607e+01,2.136728e+01,2.136041e+01,2.132607e+01,2.126423e+01,2.134668e+01,2.132607e+01,2.138101e+01,2.136728e+01,2.144278e+01,2.140161e+01,2.133981e+01,2.138788e+01,2.136041e+01,2.135355e+01,2.133294e+01,2.141533e+01,2.138788e+01,2.135355e+01,2.127110e+01,2.138101e+01,2.135355e+01,2.131920e+01,2.136728e+01,2.142906e+01,2.134668e+01,2.136041e+01,2.134668e+01,2.132607e+01,2.134668e+01,2.143592e+01,2.136041e+01,2.137415e+01,2.135355e+01,2.135355e+01,2.133981e+01,2.135355e+01,2.134668e+01,2.125736e+01,2.129859e+01,2.131233e+01,2.133294e+01,2.118860e+01,2.123674e+01,2.122986e+01,2.120923e+01,2.121611e+01,2.114732e+01,2.127110e+01,2.116796e+01,2.123674e+01,2.126423e+01,2.119548e+01,2.111291e+01,2.127798e+01,2.114044e+01,2.128485e+01,2.135355e+01,2.116796e+01,2.124361e+01,2.115420e+01,2.125048e+01,2.122298e+01,2.118172e+01,2.124361e+01,2.127110e+01,2.120235e+01,2.114044e+01,2.128485e+01,2.129172e+01,2.140161e+01,2.128485e+01,2.131233e+01,2.128485e+01,2.126423e+01,2.130546e+01,2.130546e+01,2.130546e+01,2.131920e+01,2.125736e+01,2.123674e+01,2.122986e+01,2.130546e+01,2.136041e+01,2.132607e+01,2.124361e+01,2.125736e+01,2.125048e+01,2.126423e+01,2.125736e+01,2.129859e+01,2.123674e+01,2.128485e+01,2.130546e+01,2.129859e+01,2.133294e+01,2.131920e+01,2.142220e+01,2.130546e+01,2.126423e+01,2.138101e+01,2.122986e+01,2.127798e+01,2.125736e+01,2.129859e+01,2.133294e+01,2.129172e+01,2.128485e+01,2.125048e+01,2.118172e+01,2.127110e+01,2.128485e+01,2.129859e+01,2.131233e+01,2.136728e+01,2.128485e+01,2.120923e+01,2.126423e+01,2.128485e+01,2.128485e+01,2.127110e+01,2.133981e+01,2.127798e+01,2.122986e+01,2.133294e+01,2.121611e+01,2.134668e+01,2.130546e+01,2.120235e+01,2.122298e+01,2.133294e+01,2.131920e+01,2.127798e+01,2.128485e+01,2.128485e+01,2.129859e+01,2.129859e+01,2.123674e+01,2.126423e+01,2.120923e+01,2.127110e+01,2.127798e+01,2.130546e+01,2.130546e+01,2.129172e+01,2.126423e+01,2.122298e+01,2.130546e+01,2.127110e+01,2.125048e+01,2.116108e+01,2.124361e+01,2.122298e+01,2.122298e+01,2.125048e+01,2.125048e+01,2.120235e+01,2.121611e+01,2.117484e+01,2.123674e+01,2.125736e+01,2.120923e+01,2.121611e+01,2.122298e+01,2.135355e+01,2.125048e+01,2.127110e+01,2.121611e+01,2.122986e+01,2.130546e+01,2.127110e+01,2.129859e+01,2.131920e+01,2.120923e+01,2.124361e+01,2.125736e+01,2.126423e+01,2.122298e+01,2.139474e+01,2.131920e+01,2.132607e+01,2.139474e+01,2.143592e+01,2.138101e+01,2.134668e+01,2.136041e+01,2.142906e+01,2.137415e+01,2.142220e+01,2.149080e+01,2.148394e+01,2.153194e+01,2.142906e+01,2.144278e+01,2.156621e+01,2.149766e+01,2.144278e+01,2.133294e+01,2.146336e+01,2.137415e+01,2.142906e+01,2.140847e+01,2.134668e+01,2.131233e+01,2.140161e+01,2.140161e+01,2.141533e+01,2.139474e+01,2.143592e+01,2.121611e+01,2.127110e+01,2.140161e+01,2.134668e+01,2.134668e+01,2.136728e+01,2.131233e+01,2.136041e+01,2.136728e+01,2.136041e+01,2.151137e+01,2.133981e+01,2.135355e+01,2.128485e+01,2.137415e+01,2.127110e+01,2.130546e+01,2.125048e+01,2.128485e+01,2.118172e+01,2.127110e+01,2.129859e+01,2.132607e+01,2.119548e+01,2.129859e+01,2.122986e+01,2.118860e+01,2.113355e+01,2.125048e+01,2.118860e+01,2.115420e+01,2.117484e+01,2.121611e+01,2.123674e+01,2.117484e+01,2.114732e+01,2.122986e+01,2.126423e+01,2.123674e+01,2.115420e+01,2.133294e+01,2.133294e+01,2.131920e+01,2.127110e+01,2.135355e+01,2.135355e+01,2.136041e+01,2.133294e+01,2.136728e+01,2.132607e+01,2.122298e+01,2.135355e+01,2.144278e+01,2.131920e+01,2.131920e+01,2.133294e+01,2.135355e+01,2.138788e+01,2.122298e+01,2.129859e+01,2.151823e+01,2.136041e+01,2.136728e+01,2.136728e+01,2.135355e+01,2.140161e+01,2.149080e+01,2.147022e+01,2.140161e+01,2.138788e+01,2.128485e+01,2.143592e+01,2.137415e+01,2.133981e+01,2.137415e+01,2.152508e+01,2.148394e+01,2.144278e+01,2.146336e+01,2.146336e+01,2.141533e+01,2.142220e+01,2.142906e+01,2.144964e+01,2.140161e+01,2.140847e+01,2.145650e+01,2.147708e+01,2.147022e+01,2.145650e+01,2.149080e+01,2.151823e+01,2.147022e+01,2.145650e+01,2.149766e+01,2.149766e+01,2.149080e+01,2.147708e+01,2.156621e+01,2.141533e+01,2.157991e+01,2.145650e+01
2.127798e+01,2.133981e+01,2.137415e+01,2.133981e+01,2.118172e+01,2.132607e+01,2.133294e+01,2.133294e+01,2.125736e+01,2.129172e+01,2.125736e+01,2.129859e+01,2.132607e+01,2.133981e+01,2.133294e+01,2.131233e+01,2.131920e+01,2.130546e+01,2.140161e+01,2.132607e+01,2.131920e+01,2.132607e+01,2.147708e+01,2.124361e+01,2.130546e+01,2.131920e+01,2.138101e+01,2.128485e+01,2.133294e+01,2.133294e+01,2.129172e+01,2.131233e+01,2.132607e+01,2.143592e+01,2.137415e+01,2.128485e+01,2.139474e+01,2.125048e+01,2.121611e+01,2.133294e+01,2.131233e+01,2.132607e+01,2.135355e+01,2.137415e+01,2.138788e+01,2.138101e+01,2.136041e+01,2.129859e+01,2.141533e+01,2.147708e+01,2.130546e+01,2.129172e+01,2.142220e+01,2.129859e+01,2.138101e+01,2.131233e+01,2.144964e+01,2.131920e+01,2.144964e+01,2.124361e+01,2.120235e+01,2.125048e+01,2.096825e+01,2.107848e+01,2.121611e+01,2.118860e+01,2.114732e+01,2.108537e+01,2.116108e+01,2.103027e+01,2.116796e+01,2.111979e+01,2.118172e+01,2.118172e+01,2.113355e+01,2.114732e+01,2.118860e+01,2.118860e+01,2.129859e+01,2.114044e+01,2.126423e+01,2.119548e+01,2.129859e+01,2.142220e+01,2.141533e+01,2.140161e+01,2.136041e+01,2.143592e+01,2.144964e+01,2.128485e+01,2.145650e+01,2.143592e+01,2.134668e+01,2.136728e+01,2.136041e+01,2.142220e+01,2.125048e+01,2.129859e+01,2.127110e+01,2.129172e+01,2.116108e+01,2.126423e+01,2.127798e+01,2.122298e+01,2.129172e+01,2.123674e+01,2.127798e+01,2.124361e+01,2.129859e+01,2.127798e+01,2.131920e+01,2.133981e+01,2.130546e+01,2.122986e+01,2.118860e+01,2.127110e+01,2.127110e+01,2.125048e+01,2.131920e+01,2.128485e+01,2.120235e+01,2.133294e+01,2.121611e+01,2.125048e+01,2.133294e+01,2.120923e+01,2.131233e+01,2.132607e+01,2.129859e+01,2.109914e+01,2.120235e+01,2.122298e+01,2.117484e+01,2.116796e+01,2.116796e+01,2.125736e+01,2.123674e+01,2.114044e+01,2.094757e+01,2.125048e+01,2.124361e+01,2.123674e+01,2.122298e+01,2.131233e+01,2.120235e+01,2.131233e+01,2.128485e+01,2.114044e+01,2.128485e+01,2.126423e+01,2.131233e+01,2.131920e+01,2.135355e+01,2.126423e+01,2.131233e+01,2.135355e+01,2.132607e+01,2.136728e+01,2.140161e+01,2.139474e+01,2.135355e+01,2.138101e+01,2.138788e+01,2.143592e+01,2.138788e+01,2.129859e+01,2.138101e+01,2.129172e+01,2.126423e+01,2.132607e+01,2.136041e+01,2.133981e+01,2.138101e+01,2.138101e+01,2.131920e+01,2.131920e+01,2.137415e+01,2.125048e+01,2.130546e+01,2.127110e+01,2.131233e+01,2.145650e+01,2.177159e+01,2.325851e+01,2.253472e+01,2.156621e+01,2.135355e+01,2.136041e+01,2.137415e+01,2.136041e+01,2.132607e+01,2.138788e+01,2.133294e+01,2.127110e+01,2.134668e+01,2.129859e+01,2.129172e+01,2.130546e+01,2.139474e+01,2.136041e+01,2.156621e+01,2.171686e+01,2.190145e+01,2.171686e+01,2.185363e+01,2.183312e+01,2.159362e+01,2.160732e+01,2.179894e+01,2.203115e+01,2.222198e+01,2.249398e+01,2.187413e+01,2.153194e+01,2.151137e+01,2.155936e+01,2.179211e+01,2.188096e+01,2.204479e+01,2.205843e+01,2.188779e+01,2.178527e+01,2.165526e+01,2.168264e+01,2.160047e+01,2.173739e+01,2.173739e+01,2.168264e+01,2.177159e+01,2.177159e+01,2.189462e+01,2.239886e+01,2.270428e+01,2.273816e+01,2.271783e+01,2.250077e+01,2.258901e+01,2.363530e+01,2.378295e+01,2.311686e+01,2.301556e+01,2.311011e+01,2.194925e+01,2.153880e+01,2.172371e+01,2.179894e+01,2.191511e+01,2.260258e+01,2.543966e+01,2.718112e+01,2.660163e+01,2.414448e+01,2.198338e+01,2.154565e+01,2.170318e+01,2.201750e+01,2.265683e+01,2.333936e+01,2.471102e+01,2.592044e+01,2.440480e+01,2.367559e+01,2.281943e+01,2.251435e+01,2.303582e+01,2.449143e+01,2.403749e+01,2.224921e+01,2.200386e+01,2.260936e+01,2.288710e+01,2.250756e+01,2.233767e+01,2.237167e+01,2.273139e+01,2.266361e+01,2.400403e+01,2.273139e+01,2.235807e+01,2.222198e+01,2.222198e+01,2.247360e+01,2.237847e+01,2.226963e+01,2.228324e+01,2.222198e+01,2.222198e+01,2.234447e+01,2.215387e+01,2.284650e+01,2.311686e+01,2.214024e+01,2.184679e+01,2.159362e+01,2.110602e+01,2.077505e+01,2.078195e+01,2.113355e+01,2.116108e+01,2.116796e+01,2.152508e+01,2.160047e+01,2.125048e+01,2.125736e+01,2.133294e+01,2.134668e+01,2.136728e+01,2.134668e+01,2.130546e+01,2.128485e+01,2.135355e+01,2.139474e+01,2.129859e+01,2.146336e+01,2.137415e+01,2.132607e+01,2.138788e+01,2.133294e+01,2.131920e+01,2.136728e+01,2.136041e+01,2.139474e+01,2.137415e+01,2.132607e+01,2.133294e+01,2.134668e+01,2.132607e+01,2.131920e+01,2.127110e+01,2.129172e+01,2.128485e+01,2.134668e+01,2.128485e+01,2.120235e+01,2.115420e+01,2.131920e+01,2.133981e+01,2.133294e+01,2.133294e+01,2.131233e+01,2.131233e+01,2.133294e+01,2.127798e+01,2.129172e+01,2.141533e+01,2.130546e+01,2.129172e+01,2.136041e+01,2.124361e+01,2.142220e+01,2.125736e+01,2.129172e+01,2.132607e+01,2.135355e+01,2.132607e+01,2.133981e+01,2.133981e+01,2.131233e+01,2.127798e+01,2.131920e+01,2.149766e+01,2.133981e+01,2.127110e+01,2.135355e+01,2.131920e+01,2.119548e+01,2.132607e+01,2.131920e+01,2.131233e+01,2.127110e+01,2.127798e+01,2.129172e+01,2.127110e+01,2.122298e+01,2.116796e+01,2.118860e+01,2.131920e+01,2.120923e+01,2.116796e+01,2.119548e+01,2.118860e+01,2.132607e+01,2.111291e+01,2.132607e+01,2.112667e+01,2.119548e+01,2.113355e+01,2.114732e+01,2.115420e+01,2.119548e+01,2.119548e+01,2.120923e+01,2.120923e+01,2.127110e+01,2.122986e+01,2.117484e+01,2.122298e+01,2.118860e+01,2.119548e+01,2.128485e+01,2.133294e+01,2.133981e+01,2.120235e+01,2.125736e+01,2.133981e+01,2.133294e+01,2.130546e+01,2.128485e+01,2.140847e+01,2.125736e+01,2.122298e+01,2.125048e+01,2.125736e+01,2.135355e+01,2.140161e+01,2.124361e+01,2.124361e+01,2.124361e+01,2.129859e+01,2.125736e+01,2.131233e+01,2.134668e+01,2.139474e+01,2.125736e+01,2.129859e+01,2.131233e+01,2.126423e+01,2.129859e+01,2.130546e+01,2.137415e+01,2.138101e+01,2.129172e+01,2.142906e+01,2.125736e+01,2.127798e+01,2.121611e+01,2.131920e+01,2.125736e+01,2.133981e+01,2.120235e+01,2.123674e+01,2.127798e+01,2.129172e+01,2.133294e+01,2.134668e+01,2.126423e+01,2.130546e+01,2.127798e+01,2.124361e+01,2.124361e+01,2.130546e+01,2.135355e+01,2.129172e+01,2.131920e+01,2.119548e+01,2.125736e+01,2.124361e+01,2.127110e+01,2.125048e+01,2.129859e+01,2.129172e+01,2.127798e+01,2.127110e+01,2.127110e+01,2.135355e+01,2.144964e+01,2.133294e+01,2.129172e+01,2.129172e+01,2.122298e+01,2.125048e+01,2.122986e+01,2.129172e+01,2.131233e+01,2.127798e+01,2.130546e+01,2.127110e+01,2.114732e+01,2.125736e+01,2.124361e+01,2.124361e+01,2.133294e+01,2.133294e+01,2.120923e+01,2.120923e+01,2.116796e+01,2.116796e+01,2.118172e+01,2.122986e+01,2.132607e+01,2.121611e+01,2.120235e+01,2.121611e+01,2.128485e+01,2.122298e+01,2.126423e+01,2.121611e+01,2.121611e+01,2.124361e+01,2.122298e+01,2.127110e+01,2.132607e+01,2.122298e+01,2.119548e+01,2.136728e+01,2.124361e+01,2.135355e+01,2.132607e+01,2.129859e+01,2.136041e+01,2.131920e+01,2.134668e+01,2.133981e+01,2.130546e+01,2.147708e+01,2.142906e+01,2.139474e+01,2.149080e+01,2.143592e+01,2.144964e+01,2.144278e+01,2.142220e+01,2.140161e+01,2.141533e+01,2.139474e+01,2.140161e+01,2.141533e+01,2.145650e+01,2.137415e+01,2.143592e+01,2.136041e+01,2.138788e+01,2.138788e+01,2.129859e+01,2.143592e+01,2.138788e+01,2.138101e+01,2.143592e+01,2.144964e+01,2.140847e+01,2.134668e+01,2.135355e+01,2.127798e+01,2.133294e+01,2.140161e+01,2.131920e+01,2.131920e+01,2.136728e+01,2.137415e+01,2.133981e+01,2.138788e+01,2.120235e+01,2.118860e+01,2.135355e+01,2.142906e+01,2.129172e+01,2.131920e+01,2.129859e+01,2.131233e+01,2.127110e+01,2.117484e+01,2.116108e+01,2.125048e+01,2.120923e+01,2.122298e+01,2.120235e+01,2.119548e+01,2.115420e+01,2.116108e+01,2.115420e+01,2.115420e+01,2.124361e+01,2.122986e+01,2.109914e+01,2.120923e+01,2.108537e+01,2.111291e+01,2.116796e+01,2.135355e+01,2.136041e+01,2.133294e+01,2.144278e+01,2.123674e+01,2.129172e+01,2.126423e+01,2.133981e+01,2.134668e+01,2.138101e+01,2.135355e+01,2.123674e+01,2.142220e+01,2.146336e+01,2.129172e+01,2.141533e+01,2.142906e+01,2.141533e+01,2.140161e+01,2.146336e+01,2.151137e+01,2.142220e+01,2.135355e+01,2.134668e+01,2.138788e+01,2.131920e+01,2.139474e+01,2.142906e+01,2.131920e+01,2.144278e+01,2.143592e+01,2.145650e+01,2.141533e+01,2.147708e+01,2.153194e+01,2.142906e+01,2.152508e+01,2.141533e+01,2.136041e+01,2.129859e+01,2.139474e+01,2.142220e+01,2.144964e+01,2.143592e+01,2.144964e+01,2.143592e+01,2.149080e+01,2.142906e+01,2.150451e+01,2.144278e+01,2.143592e+01,2.142220e+01,2.150451e+01,2.161417e+01,2.149080e+01,2.147708e+01,2.150451e+01,2.151137e+01,2.151137e+01,2.144278e+01,2.137415e+01,2.147708e+01
2.129172e+01,2.131920e+01,2.136041e+01,2.133981e+01,2.136728e+01,2.126423e+01,2.131920e+01,2.131920e+01,2.129172e+01,2.131920e+01,2.125048e+01,2.134668e+01,2.128485e+01,2.133981e+01,2.138101e+01,2.121611e+01,2.133294e+01,2.136041e+01,2.136041e+01,2.135355e+01,2.136728e+01,2.144964e+01,2.129172e+01,2.127798e+01,2.132607e+01,2.131920e+01,2.136728e+01,2.132607e+01,2.142906e+01,2.136728e+01,2.126423e+01,2.136728e+01,2.129859e+01,2.125736e+01,2.132607e+01,2.138101e+01,2.131920e+01,2.126423e+01,2.127798e+01,2.131920e+01,2.133294e+01,2.129859e+01,2.136728e+01,2.136728e+01,2.143592e+01,2.146336e+01,2.139474e+01,2.144964e+01,2.127110e+01,2.144964e+01,2.121611e+01,2.132607e+01,2.137415e+01,2.139474e+01,2.127798e+01,2.142906e+01,2.133294e+01,2.131920e+01,2.129172e+01,2.130546e+01,2.125048e+01,2.123674e+01,2.122298e+01,2.109225e+01,2.100960e+01,2.119548e+01,2.113355e+01,2.109225e+01,2.109914e+01,2.132607e+01,2.118860e+01,2.116108e+01,2.121611e+01,2.129172e+01,2.108537e+01,2.120235e+01,2.122298e+01,2.120923e+01,2.120923e+01,2.117484e+01,2.118860e+01,2.136728e+01,2.149766e+01,2.142220e+01,2.129859e+01,2.140161e+01,2.160732e+01,2.132607e+01,2.140847e+01,2.141533e+01,2.145650e+01,2.136041e+01,2.138788e+01,2.136041e+01,2.133294e+01,2.135355e+01,2.127110e+01,2.130546e+01,2.130546e+01,2.122298e+01,2.122298e+01,2.118860e+01,2.119548e+01,2.131233e+01,2.125048e+01,2.118172e+01,2.125736e+01,2.130546e+01,2.131233e+01,2.136728e+01,2.133981e+01,2.135355e+01,2.132607e+01,2.128485e+01,2.114044e+01,2.127798e+01,2.127798e+01,2.124361e+01,2.130546e+01,2.131233e+01,2.125736e+01,2.127110e+01,2.122986e+01,2.107160e+01,2.120923e+01,2.103716e+01,2.128485e+01,2.127798e+01,2.103716e+01,2.123674e+01,2.122986e+01,2.129172e+01,2.121611e+01,2.129859e+01,2.122298e+01,2.126423e+01,2.132607e+01,2.126423e+01,2.127798e+01,2.104405e+01,2.105094e+01,2.123674e+01,2.133294e+01,2.127798e+01,2.120923e+01,2.129859e+01,2.130546e+01,2.127798e+01,2.132607e+01,2.125736e+01,2.125048e+01,2.128485e+01,2.135355e+01,2.127798e+01,2.131233e+01,2.132607e+01,2.133981e+01,2.133294e+01,2.133294e+01,2.136041e+01,2.136728e+01,2.138788e+01,2.146336e+01,2.141533e+01,2.138101e+01,2.132607e+01,2.127110e+01,2.140161e+01,2.125048e+01,2.127110e+01,2.138101e+01,2.131920e+01,2.135355e+01,2.139474e+01,2.156621e+01,2.132607e+01,2.133294e+01,2.133294e+01,2.146336e+01,2.138101e+01,2.125736e+01,2.150451e+01,2.172371e+01,2.321806e+01,2.250077e+01,2.157306e+01,2.130546e+01,2.140161e+01,2.131233e+01,2.141533e+01,2.133981e+01,2.132607e+01,2.134668e+01,2.132607e+01,2.129859e+01,2.129859e+01,2.131233e+01,2.136041e+01,2.134668e+01,2.136041e+01,2.153194e+01,2.173055e+01,2.173739e+01,2.168949e+01,2.182629e+01,2.183312e+01,2.179894e+01,2.162102e+01,2.164841e+01,2.168264e+01,2.201750e+01,2.282620e+01,2.246002e+01,2.175791e+01,2.157306e+01,2.203797e+01,2.180578e+01,2.188096e+01,2.268395e+01,2.205843e+01,2.155936e+01,2.166211e+01,2.175107e+01,2.164157e+01,2.148394e+01,2.164841e+01,2.166895e+01,2.171002e+01,2.179211e+01,2.196291e+01,2.203115e+01,2.286004e+01,2.465117e+01,2.483060e+01,2.354123e+01,2.258222e+01,2.365545e+01,2.453805e+01,2.454471e+01,2.314385e+01,2.247360e+01,2.278557e+01,2.250756e+01,2.184679e+01,2.171002e+01,2.158677e+01,2.179894e+01,2.206525e+01,2.357483e+01,2.655592e+01,2.582183e+01,2.280589e+01,2.174423e+01,2.154565e+01,2.178527e+01,2.200386e+01,2.321131e+01,2.475089e+01,2.422465e+01,2.411106e+01,2.309660e+01,2.295473e+01,2.280589e+01,2.297501e+01,2.383659e+01,2.566385e+01,2.521498e+01,2.252793e+01,2.186729e+01,2.181262e+01,2.217430e+01,2.348071e+01,2.315735e+01,2.230365e+01,2.212661e+01,2.237167e+01,2.335283e+01,2.319782e+01,2.275171e+01,2.308310e+01,2.309660e+01,2.258222e+01,2.229685e+01,2.251435e+01,2.246681e+01,2.264327e+01,2.295473e+01,2.332589e+01,2.236487e+01,2.218793e+01,2.237167e+01,2.210616e+01,2.161417e+01,2.112667e+01,2.053303e+01,2.056071e+01,2.089239e+01,2.117484e+01,2.118860e+01,2.111979e+01,2.118172e+01,2.120923e+01,2.107848e+01,2.130546e+01,2.142906e+01,2.136041e+01,2.127798e+01,2.142906e+01,2.132607e+01,2.136041e+01,2.148394e+01,2.141533e+01,2.145650e+01,2.132607e+01,2.131233e+01,2.143592e+01,2.141533e+01,2.133294e+01,2.133294e+01,2.142906e+01,2.138101e+01,2.149080e+01,2.144964e+01,2.135355e+01,2.140161e+01,2.133981e+01,2.130546e+01,2.129859e+01,2.118172e+01,2.131233e+01,2.136041e+01,2.135355e+01,2.131920e+01,2.136728e+01,2.136728e+01,2.140847e+01,2.115420e+01,2.136728e+01,2.134668e+01,2.136041e+01,2.132607e+01,2.131233e+01,2.139474e+01,2.134668e+01,2.130546e+01,2.147022e+01,2.125048e+01,2.122298e+01,2.124361e+01,2.127110e+01,2.125736e+01,2.127110e+01,2.131920e+01,2.130546e+01,2.131233e+01,2.132607e+01,2.129859e+01,2.133294e+01,2.131920e+01,2.130546e+01,2.128485e+01,2.130546e+01,2.134668e+01,2.135355e+01,2.114732e+01,2.134668e+01,2.134668e+01,2.126423e+01,2.129859e+01,2.130546e+01,2.132607e+01,2.124361e+01,2.134668e+01,2.124361e+01,2.125048e+01,2.117484e+01,2.116796e+01,2.114732e+01,2.115420e+01,2.130546e+01,2.119548e+01,2.116796e+01,2.122986e+01,2.109914e+01,2.125736e+01,2.134668e+01,2.130546e+01,2.123674e+01,2.117484e+01,2.115420e+01,2.123674e+01,2.122986e+01,2.125048e+01,2.133981e+01,2.128485e+01,2.120923e+01,2.133294e+01,2.133981e+01,2.129859e+01,2.121611e+01,2.130546e+01,2.126423e+01,2.131920e+01,2.131920e+01,2.133294e+01,2.131233e+01,2.131233e+01,2.127798e+01,2.123674e+01,2.122986e+01,2.125736e+01,2.122986e+01,2.125048e+01,2.122986e+01,2.133981e+01,2.135355e+01,2.131233e+01,2.127798e+01,2.129859e+01,2.132607e+01,2.129172e+01,2.133294e+01,2.125736e+01,2.132607e+01,2.123674e+01,2.131920e+01,2.131233e+01,2.132607e+01,2.130546e+01,2.128485e+01,2.128485e+01,2.129172e+01,2.125048e+01,2.126423e+01,2.122986e+01,2.129859e+01,2.127798e+01,2.123674e+01,2.134668e+01,2.125048e+01,2.130546e+01,2.142906e+01,2.140161e+01,2.128485e+01,2.132607e+01,2.127798e+01,2.125048e+01,2.125048e+01,2.125048e+01,2.127110e+01,2.122986e+01,2.133981e+01,2.122298e+01,2.133294e+01,2.118172e+01,2.128485e+01,2.126423e+01,2.122298e+01,2.133294e+01,2.122298e+01,2.129172e+01,2.134668e+01,2.127798e+01,2.135355e+01,2.139474e+01,2.127110e+01,2.129859e+01,2.124361e+01,2.125048e+01,2.126423e+01,2.126423e+01,2.127110e+01,2.131233e+01,2.129172e+01,2.122986e+01,2.131920e+01,2.129859e+01,2.129859e+01,2.125048e+01,2.116796e+01,2.132607e+01,2.122986e+01,2.125048e+01,2.121611e+01,2.128485e+01,2.123674e+01,2.131233e+01,2.122986e+01,2.118172e+01,2.126423e+01,2.117484e+01,2.121611e+01,2.121611e+01,2.139474e+01,2.124361e+01,2.127798e+01,2.131233e+01,2.129172e+01,2.129859e+01,2.132607e+01,2.122986e+01,2.122298e+01,2.120235e+01,2.124361e+01,2.120923e+01,2.120235e+01,2.120923e+01,2.135355e+01,2.133981e+01,2.133294e+01,2.134668e+01,2.132607e+01,2.140847e+01,2.128485e+01,2.138101e+01,2.140161e+01,2.130546e+01,2.148394e+01,2.142220e+01,2.142906e+01,2.140161e+01,2.140847e+01,2.140847e+01,2.142906e+01,2.136041e+01,2.138101e+01,2.138101e+01,2.133981e+01,2.137415e+01,2.144964e+01,2.137415e+01,2.136041e+01,2.138788e+01,2.144964e+01,2.141533e+01,2.144278e+01,2.138788e+01,2.137415e+01,2.142220e+01,2.145650e+01,2.134668e+01,2.129859e+01,2.136728e+01,2.131920e+01,2.138101e+01,2.127110e+01,2.134668e+01,2.136728e+01,2.135355e+01,2.134668e+01,2.130546e+01,2.132607e+01,2.130546e+01,2.136728e+01,2.138101e+01,2.133981e+01,2.128485e+01,2.128485e+01,2.124361e+01,2.133981e+01,2.133981e+01,2.121611e+01,2.119548e+01,2.127110e+01,2.126423e+01,2.122298e+01,2.124361e+01,2.116796e+01,2.117484e+01,2.120923e+01,2.118172e+01,2.114732e+01,2.113355e+01,2.117484e+01,2.109914e+01,2.116796e+01,2.123674e+01,2.130546e+01,2.102338e+01,2.120923e+01,2.127798e+01,2.127798e+01,2.129172e+01,2.125736e+01,2.133294e+01,2.132607e+01,2.131233e+01,2.122298e+01,2.124361e+01,2.130546e+01,2.123674e+01,2.135355e+01,2.143592e+01,2.141533e+01,2.133294e+01,2.129859e+01,2.129172e+01,2.142906e+01,2.142220e+01,2.129172e+01,2.129172e+01,2.132607e+01,2.132607e+01,2.136041e+01,2.136041e+01,2.140847e+01,2.131233e+01,2.140847e+01,2.128485e+01,2.149766e+01,2.143592e+01,2.133294e+01,2.148394e+01,2.151823e+01,2.153880e+01,2.150451e+01,2.142220e+01,2.149766e+01,2.132607e+01,2.141533e+01,2.140847e+01,2.143592e+01,2.144964e+01,2.148394e+01,2.147022e+01,2.147708e+01,2.141533e+01,2.149766e+01,2.147022e+01,2.151823e+01,2.148394e+01,2.143592e+01,2.160047e+01,2.158677e+01,2.147022e+01,2.150451e+01,2.145650e+01,2.153194e+01,2.156621e+01,2.161417e+01
2.131233e+01,2.136041e+01,2.119548e+01,2.136728e+01,2.139474e+01,2.120923e+01,2.125736e+01,2.125048e+01,2.127798e+01,2.141533e+01,2.124361e+01,2.125048e+01,2.135355e+01,2.136728e+01,2.133981e+01,2.136041e+01,2.132607e+01,2.138788e+01,2.133294e+01,2.132607e+01,2.134668e+01,2.130546e+01,2.136728e+01,2.132607e+01,2.131920e+01,2.133981e+01,2.133981e+01,2.133981e+01,2.133294e+01,2.127798e+01,2.136728e+01,2.145650e+01,2.138788e+01,2.132607e+01,2.127798e+01,2.135355e+01,2.125736e+01,2.129859e+01,2.145650e+01,2.140847e+01,2.127798e+01,2.128485e+01,2.134668e+01,2.127798e+01,2.130546e+01,2.155936e+01,2.134668e+01,2.126423e+01,2.148394e+01,2.128485e+01,2.143592e+01,2.131233e+01,2.144278e+01,2.144964e+01,2.144964e+01,2.129859e+01,2.141533e+01,2.129859e+01,2.129859e+01,2.135355e+01,2.131233e+01,2.124361e+01,2.116796e+01,2.100271e+01,2.096825e+01,2.103027e+01,2.107848e+01,2.115420e+01,2.109225e+01,2.135355e+01,2.107160e+01,2.109914e+01,2.115420e+01,2.123674e+01,2.112667e+01,2.122986e+01,2.119548e+01,2.120235e+01,2.128485e+01,2.121611e+01,2.130546e+01,2.122986e+01,2.136728e+01,2.140161e+01,2.138101e+01,2.136041e+01,2.139474e+01,2.140847e+01,2.139474e+01,2.137415e+01,2.134668e+01,2.135355e+01,2.140161e+01,2.137415e+01,2.133294e+01,2.127798e+01,2.123674e+01,2.125736e+01,2.116796e+01,2.135355e+01,2.118172e+01,2.116796e+01,2.122298e+01,2.122986e+01,2.127798e+01,2.126423e+01,2.125048e+01,2.120235e+01,2.133981e+01,2.133294e+01,2.134668e+01,2.127798e+01,2.133294e+01,2.130546e+01,2.127110e+01,2.127110e+01,2.130546e+01,2.121611e+01,2.122986e+01,2.131920e+01,2.127798e+01,2.131233e+01,2.125736e+01,2.135355e+01,2.127110e+01,2.125736e+01,2.129859e+01,2.124361e+01,2.130546e+01,2.118172e+01,2.129172e+01,2.121611e+01,2.125736e+01,2.125736e+01,2.122986e+01,2.127110e+01,2.129859e+01,2.126423e+01,2.127798e+01,2.128485e+01,2.124361e+01,2.131233e+01,2.125048e+01,2.119548e+01,2.128485e+01,2.128485e+01,2.122986e+01,2.129172e+01,2.131920e+01,2.123674e+01,2.136041e+01,2.138788e+01,2.130546e+01,2.127110e+01,2.135355e+01,2.144278e+01,2.141533e+01,2.134668e+01,2.142220e+01,2.134668e+01,2.132607e+01,2.142906e+01,2.143592e+01,2.138101e+01,2.145650e+01,2.139474e+01,2.146336e+01,2.149080e+01,2.137415e+01,2.142220e+01,2.146336e+01,2.132607e+01,2.138101e+01,2.133981e+01,2.131233e+01,2.131920e+01,2.135355e+01,2.131920e+01,2.127798e+01,2.127110e+01,2.133294e+01,2.150451e+01,2.164841e+01,2.318433e+01,2.248039e+01,2.149766e+01,2.136728e+01,2.140161e+01,2.138788e+01,2.136041e+01,2.124361e+01,2.133981e+01,2.132607e+01,2.133294e+01,2.138788e+01,2.136728e+01,2.143592e+01,2.120923e+01,2.133981e+01,2.133294e+01,2.142220e+01,2.173739e+01,2.201068e+01,2.196973e+01,2.183312e+01,2.201068e+01,2.178527e+01,2.165526e+01,2.157306e+01,2.164157e+01,2.173055e+01,2.185363e+01,2.202432e+01,2.177159e+01,2.180578e+01,2.191511e+01,2.235807e+01,2.166895e+01,2.188096e+01,2.185363e+01,2.173739e+01,2.162787e+01,2.173055e+01,2.160732e+01,2.131920e+01,2.165526e+01,2.173739e+01,2.170318e+01,2.186729e+01,2.195608e+01,2.218112e+01,2.331915e+01,2.485051e+01,2.536702e+01,2.459130e+01,2.303582e+01,2.443813e+01,2.403749e+01,2.346726e+01,2.311011e+01,2.311686e+01,2.349416e+01,2.269073e+01,2.208571e+01,2.171002e+01,2.168264e+01,2.163472e+01,2.171002e+01,2.225602e+01,2.511571e+01,2.510908e+01,2.238527e+01,2.157306e+01,2.154565e+01,2.159362e+01,2.237847e+01,2.461126e+01,2.397726e+01,2.354795e+01,2.355467e+01,2.333936e+01,2.306284e+01,2.426471e+01,2.374941e+01,2.384329e+01,2.378966e+01,2.455802e+01,2.258901e+01,2.194243e+01,2.145650e+01,2.143592e+01,2.200386e+01,2.304933e+01,2.282620e+01,2.209934e+01,2.220155e+01,2.218112e+01,2.219474e+01,2.285327e+01,2.277880e+01,2.277880e+01,2.330568e+01,2.257544e+01,2.252114e+01,2.260936e+01,2.322480e+01,2.487042e+01,2.453805e+01,2.357483e+01,2.212661e+01,2.188779e+01,2.211298e+01,2.150451e+01,2.088549e+01,2.086479e+01,2.088549e+01,2.119548e+01,2.138101e+01,2.175107e+01,2.140161e+01,2.131920e+01,2.094067e+01,2.086479e+01,2.111291e+01,2.133981e+01,2.132607e+01,2.128485e+01,2.125048e+01,2.142220e+01,2.139474e+01,2.134668e+01,2.127798e+01,2.139474e+01,2.140161e+01,2.135355e+01,2.131233e+01,2.130546e+01,2.133981e+01,2.134668e+01,2.132607e+01,2.133981e+01,2.136041e+01,2.133981e+01,2.133981e+01,2.133294e+01,2.130546e+01,2.131920e+01,2.139474e+01,2.130546e+01,2.135355e+01,2.132607e+01,2.132607e+01,2.136728e+01,2.137415e+01,2.140161e+01,2.132607e+01,2.140161e+01,2.135355e+01,2.130546e+01,2.132607e+01,2.127798e+01,2.130546e+01,2.129859e+01,2.131233e+01,2.118860e+01,2.132607e+01,2.133294e+01,2.123674e+01,2.145650e+01,2.134668e+01,2.131233e+01,2.132607e+01,2.128485e+01,2.131233e+01,2.137415e+01,2.125736e+01,2.133294e+01,2.134668e+01,2.124361e+01,2.131920e+01,2.154565e+01,2.133981e+01,2.138101e+01,2.123674e+01,2.129859e+01,2.116796e+01,2.121611e+01,2.129859e+01,2.131920e+01,2.125736e+01,2.127110e+01,2.134668e+01,2.125048e+01,2.120923e+01,2.129172e+01,2.116796e+01,2.137415e+01,2.125736e+01,2.111979e+01,2.113355e+01,2.111291e+01,2.114732e+01,2.114732e+01,2.123674e+01,2.107848e+01,2.120923e+01,2.115420e+01,2.112667e+01,2.114732e+01,2.113355e+01,2.120923e+01,2.131920e+01,2.125736e+01,2.129859e+01,2.135355e+01,2.129859e+01,2.131233e+01,2.127798e+01,2.122298e+01,2.128485e+01,2.130546e+01,2.130546e+01,2.129859e+01,2.131233e+01,2.130546e+01,2.133981e+01,2.137415e+01,2.136041e+01,2.133294e+01,2.125048e+01,2.125048e+01,2.122298e+01,2.129859e+01,2.127110e+01,2.129172e+01,2.129859e+01,2.140847e+01,2.122986e+01,2.132607e+01,2.127798e+01,2.129859e+01,2.132607e+01,2.130546e+01,2.124361e+01,2.140847e+01,2.131920e+01,2.133294e+01,2.132607e+01,2.102338e+01,2.128485e+01,2.138101e+01,2.128485e+01,2.127798e+01,2.123674e+01,2.133981e+01,2.129172e+01,2.138788e+01,2.125048e+01,2.140161e+01,2.130546e+01,2.137415e+01,2.135355e+01,2.140847e+01,2.125048e+01,2.131920e+01,2.128485e+01,2.129859e+01,2.127110e+01,2.127798e+01,2.118860e+01,2.125736e+01,2.126423e+01,2.135355e+01,2.124361e+01,2.123674e+01,2.127798e+01,2.127110e+01,2.125736e+01,2.127798e+01,2.123674e+01,2.118172e+01,2.126423e+01,2.129172e+01,2.123674e+01,2.131920e+01,2.112667e+01,2.129172e+01,2.127110e+01,2.125736e+01,2.127798e+01,2.125048e+01,2.130546e+01,2.127110e+01,2.129859e+01,2.120923e+01,2.120923e+01,2.118172e+01,2.113355e+01,2.128485e+01,2.122298e+01,2.130546e+01,2.126423e+01,2.129859e+01,2.107160e+01,2.120235e+01,2.123674e+01,2.122986e+01,2.116108e+01,2.116796e+01,2.129172e+01,2.114732e+01,2.118172e+01,2.127110e+01,2.129172e+01,2.124361e+01,2.122298e+01,2.140161e+01,2.125736e+01,2.122298e+01,2.132607e+01,2.111291e+01,2.124361e+01,2.125048e+01,2.136728e+01,2.121611e+01,2.124361e+01,2.119548e+01,2.120923e+01,2.133294e+01,2.133981e+01,2.149080e+01,2.133981e+01,2.139474e+01,2.148394e+01,2.144964e+01,2.150451e+01,2.145650e+01,2.149080e+01,2.147022e+01,2.147708e+01,2.156621e+01,2.142220e+01,2.136728e+01,2.134668e+01,2.140847e+01,2.141533e+01,2.142906e+01,2.131233e+01,2.130546e+01,2.142220e+01,2.138101e+01,2.140161e+01,2.143592e+01,2.136041e+01,2.140847e+01,2.136728e+01,2.141533e+01,2.151137e+01,2.136041e+01,2.138788e+01,2.137415e+01,2.144964e+01,2.136041e+01,2.135355e+01,2.142220e+01,2.133981e+01,2.136728e+01,2.133294e+01,2.140847e+01,2.138101e+01,2.138101e+01,2.128485e+01,2.136728e+01,2.134668e+01,2.131233e+01,2.129859e+01,2.131920e+01,2.127798e+01,2.127798e+01,2.129172e+01,2.121611e+01,2.133294e+01,2.131233e+01,2.118860e+01,2.131233e+01,2.123674e+01,2.126423e+01,2.120235e+01,2.131233e+01,2.115420e+01,2.128485e+01,2.130546e+01,2.122986e+01,2.129172e+01,2.109225e+01,2.117484e+01,2.127110e+01,2.120923e+01,2.121611e+01,2.124361e+01,2.120235e+01,2.124361e+01,2.131920e+01,2.125736e+01,2.129172e+01,2.119548e+01,2.124361e+01,2.118860e+01,2.140161e+01,2.136041e+01,2.145650e+01,2.122298e+01,2.126423e+01,2.137415e+01,2.131233e+01,2.133981e+01,2.142906e+01,2.135355e+01,2.142220e+01,2.132607e+01,2.131920e+01,2.136041e+01,2.131920e+01,2.141533e+01,2.140161e+01,2.139474e+01,2.144278e+01,2.150451e+01,2.149080e+01,2.118172e+01,2.151823e+01,2.139474e+01,2.149766e+01,2.131920e+01,2.152508e+01,2.142220e+01,2.146336e+01,2.147708e+01,2.136041e+01,2.136041e+01,2.142906e+01,2.142220e+01,2.142220e+01,2.146336e+01,2.145650e+01,2.146336e+01,2.134668e+01,2.146336e+01,2.151823e+01,2.150451e+01,2.148394e+01,2.153880e+01,2.135355e+01,2.160047e+01,2.160047e+01,2.160732e+01,2.142906e+01,2.149766e+01,2.153194e+01,2.158677e+01
2.131233e+01,2.131920e+01,2.136728e+01,2.122986e+01,2.123674e+01,2.144964e+01,2.132607e+01,2.133981e+01,2.137415e+01,2.155936e+01,2.135355e+01,2.127798e+01,2.136728e+01,2.135355e+01,2.136728e+01,2.136041e+01,2.130546e+01,2.138101e+01,2.139474e+01,2.131233e+01,2.139474e+01,2.136041e+01,2.130546e+01,2.132607e+01,2.127110e+01,2.128485e+01,2.139474e+01,2.133981e+01,2.138788e+01,2.147708e+01,2.134668e+01,2.130546e+01,2.136728e+01,2.128485e+01,2.131233e+01,2.140161e+01,2.131920e+01,2.141533e+01,2.125048e+01,2.134668e+01,2.127110e+01,2.131920e+01,2.128485e+01,2.143592e+01,2.133981e+01,2.127798e+01,2.132607e+01,2.132607e+01,2.117484e+01,2.122986e+01,2.132607e+01,2.127798e+01,2.136728e+01,2.138788e+01,2.111291e+01,2.135355e+01,2.129859e+01,2.131233e+01,2.140847e+01,2.122986e+01,2.124361e+01,2.123674e+01,2.119548e+01,2.113355e+01,2.111979e+01,2.111291e+01,2.113355e+01,2.114044e+01,2.107848e+01,2.122298e+01,2.114044e+01,2.116108e+01,2.127110e+01,2.124361e+01,2.102338e+01,2.101649e+01,2.114732e+01,2.112667e+01,2.120923e+01,2.120235e+01,2.124361e+01,2.125736e+01,2.137415e+01,2.136041e+01,2.130546e+01,2.144278e+01,2.136041e+01,2.132607e+01,2.133981e+01,2.136041e+01,2.145650e+01,2.142220e+01,2.135355e+01,2.135355e+01,2.127110e+01,2.128485e+01,2.127110e+01,2.118172e+01,2.122298e+01,2.129172e+01,2.116108e+01,2.135355e+01,2.123674e+01,2.122986e+01,2.116796e+01,2.125048e+01,2.129172e+01,2.122986e+01,2.135355e+01,2.134668e+01,2.137415e+01,2.133294e+01,2.129172e+01,2.127110e+01,2.131920e+01,2.125736e+01,2.125048e+01,2.122298e+01,2.128485e+01,2.133981e+01,2.131920e+01,2.129172e+01,2.125736e+01,2.127798e+01,2.122298e+01,2.109225e+01,2.115420e+01,2.122986e+01,2.116108e+01,2.114732e+01,2.125048e+01,2.125048e+01,2.128485e+01,2.142906e+01,2.128485e+01,2.125048e+01,2.127110e+01,2.130546e+01,2.123674e+01,2.124361e+01,2.122986e+01,2.127110e+01,2.116108e+01,2.127798e+01,2.116108e+01,2.127798e+01,2.127110e+01,2.128485e+01,2.130546e+01,2.128485e+01,2.125048e+01,2.124361e+01,2.126423e+01,2.127110e+01,2.136041e+01,2.141533e+01,2.144964e+01,2.150451e+01,2.133981e+01,2.138788e+01,2.131233e+01,2.137415e+01,2.140847e+01,2.143592e+01,2.141533e+01,2.138788e+01,2.144278e+01,2.139474e+01,2.143592e+01,2.142906e+01,2.140161e+01,2.146336e+01,2.135355e+01,2.143592e+01,2.129172e+01,2.124361e+01,2.138101e+01,2.138788e+01,2.129859e+01,2.135355e+01,2.125048e+01,2.154565e+01,2.181262e+01,2.320457e+01,2.248039e+01,2.155936e+01,2.131920e+01,2.133294e+01,2.131920e+01,2.130546e+01,2.134668e+01,2.134668e+01,2.133981e+01,2.134668e+01,2.138788e+01,2.142906e+01,2.129859e+01,2.142220e+01,2.133294e+01,2.138788e+01,2.145650e+01,2.173739e+01,2.186046e+01,2.182629e+01,2.200386e+01,2.260936e+01,2.239886e+01,2.177159e+01,2.170318e+01,2.174423e+01,2.189462e+01,2.177843e+01,2.179894e+01,2.198338e+01,2.216749e+01,2.190828e+01,2.211979e+01,2.163472e+01,2.173739e+01,2.195608e+01,2.179211e+01,2.173739e+01,2.179211e+01,2.201068e+01,2.178527e+01,2.171002e+01,2.169633e+01,2.175107e+01,2.203797e+01,2.202432e+01,2.199703e+01,2.261614e+01,2.254150e+01,2.328547e+01,2.400403e+01,2.371586e+01,2.402411e+01,2.391030e+01,2.435145e+01,2.350089e+01,2.350089e+01,2.276526e+01,2.300204e+01,2.300880e+01,2.211298e+01,2.167580e+01,2.159362e+01,2.171686e+01,2.178527e+01,2.308310e+01,2.510908e+01,2.234447e+01,2.149080e+01,2.162787e+01,2.198338e+01,2.288710e+01,2.459795e+01,2.400403e+01,2.464452e+01,2.301556e+01,2.295473e+01,2.378966e+01,2.449143e+01,2.334610e+01,2.226963e+01,2.246681e+01,2.239206e+01,2.186729e+01,2.166211e+01,2.117484e+01,2.120923e+01,2.120923e+01,2.149766e+01,2.173739e+01,2.207207e+01,2.227644e+01,2.220155e+01,2.256186e+01,2.248719e+01,2.248039e+01,2.248719e+01,2.246681e+01,2.248039e+01,2.253472e+01,2.306960e+01,2.517528e+01,2.701216e+01,2.673213e+01,2.531416e+01,2.226963e+01,2.205161e+01,2.207207e+01,2.139474e+01,2.127798e+01,2.119548e+01,2.133981e+01,2.129172e+01,2.173739e+01,2.231046e+01,2.153880e+01,2.107848e+01,2.076123e+01,2.074051e+01,2.094757e+01,2.129172e+01,2.135355e+01,2.131920e+01,2.138101e+01,2.136041e+01,2.140847e+01,2.135355e+01,2.142906e+01,2.144964e+01,2.136041e+01,2.133294e+01,2.136041e+01,2.134668e+01,2.133294e+01,2.136041e+01,2.133294e+01,2.145650e+01,2.137415e+01,2.130546e+01,2.131920e+01,2.135355e+01,2.131920e+01,2.136041e+01,2.129172e+01,2.131233e+01,2.131920e+01,2.133981e+01,2.133981e+01,2.140847e+01,2.130546e+01,2.145650e+01,2.133981e+01,2.142906e+01,2.138101e+01,2.135355e+01,2.131920e+01,2.118172e+01,2.136041e+01,2.118860e+01,2.129859e+01,2.144964e+01,2.147708e+01,2.124361e+01,2.123674e+01,2.132607e+01,2.128485e+01,2.126423e+01,2.133294e+01,2.131920e+01,2.135355e+01,2.123674e+01,2.133294e+01,2.134668e+01,2.129172e+01,2.127798e+01,2.131233e+01,2.136728e+01,2.129859e+01,2.130546e+01,2.130546e+01,2.123674e+01,2.120235e+01,2.127110e+01,2.131233e+01,2.128485e+01,2.128485e+01,2.138101e+01,2.129859e+01,2.123674e+01,2.125048e+01,2.120923e+01,2.115420e+01,2.111979e+01,2.118172e+01,2.112667e+01,2.115420e+01,2.112667e+01,2.123674e+01,2.124361e+01,2.133981e+01,2.120923e+01,2.105782e+01,2.118860e+01,2.116108e+01,2.127110e+01,2.135355e+01,2.125736e+01,2.130546e+01,2.126423e+01,2.120923e+01,2.117484e+01,2.125048e+01,2.129172e+01,2.120923e+01,2.122986e+01,2.122298e+01,2.132607e+01,2.129859e+01,2.131920e+01,2.129859e+01,2.128485e+01,2.132607e+01,2.129859e+01,2.122986e+01,2.121611e+01,2.126423e+01,2.123674e+01,2.129859e+01,2.125736e+01,2.127110e+01,2.131233e+01,2.122298e+01,2.131233e+01,2.127798e+01,2.129172e+01,2.122986e+01,2.133294e+01,2.134668e+01,2.129859e+01,2.144278e+01,2.129859e+01,2.128485e+01,2.123674e+01,2.132607e+01,2.128485e+01,2.129172e+01,2.129172e+01,2.136728e+01,2.127798e+01,2.127798e+01,2.124361e+01,2.133294e+01,2.136041e+01,2.128485e+01,2.127110e+01,2.126423e+01,2.122986e+01,2.127798e+01,2.128485e+01,2.127110e+01,2.129859e+01,2.128485e+01,2.127798e+01,2.130546e+01,2.144278e+01,2.130546e+01,2.133981e+01,2.125048e+01,2.131920e+01,2.131920e+01,2.122298e+01,2.127798e+01,2.130546e+01,2.125048e+01,2.131233e+01,2.127798e+01,2.131233e+01,2.125736e+01,2.124361e+01,2.124361e+01,2.125736e+01,2.129859e+01,2.131233e+01,2.123674e+01,2.127110e+01,2.122298e+01,2.124361e+01,2.143592e+01,2.129172e+01,2.129172e+01,2.125048e+01,2.132607e+01,2.124361e+01,2.130546e+01,2.120923e+01,2.127110e+01,2.138788e+01,2.123674e+01,2.129172e+01,2.124361e+01,2.123674e+01,2.125736e+01,2.131233e+01,2.124361e+01,2.125048e+01,2.131920e+01,2.133981e+01,2.109225e+01,2.124361e+01,2.129172e+01,2.111291e+01,2.123674e+01,2.124361e+01,2.131233e+01,2.122298e+01,2.125048e+01,2.131233e+01,2.134668e+01,2.133294e+01,2.129172e+01,2.122298e+01,2.138101e+01,2.133294e+01,2.145650e+01,2.126423e+01,2.135355e+01,2.140161e+01,2.135355e+01,2.126423e+01,2.150451e+01,2.145650e+01,2.148394e+01,2.133981e+01,2.142906e+01,2.139474e+01,2.140847e+01,2.139474e+01,2.139474e+01,2.141533e+01,2.155250e+01,2.134668e+01,2.134668e+01,2.132607e+01,2.142906e+01,2.142906e+01,2.140161e+01,2.137415e+01,2.144964e+01,2.140161e+01,2.145650e+01,2.136728e+01,2.136041e+01,2.138101e+01,2.142906e+01,2.131233e+01,2.136728e+01,2.141533e+01,2.134668e+01,2.133294e+01,2.140161e+01,2.142220e+01,2.138101e+01,2.153194e+01,2.140847e+01,2.140847e+01,2.139474e+01,2.136041e+01,2.138788e+01,2.135355e+01,2.129859e+01,2.129859e+01,2.134668e+01,2.131233e+01,2.122986e+01,2.127798e+01,2.131920e+01,2.122986e+01,2.133294e+01,2.128485e+01,2.115420e+01,2.142906e+01,2.118860e+01,2.131233e+01,2.120923e+01,2.116796e+01,2.130546e+01,2.121611e+01,2.132607e+01,2.125048e+01,2.120923e+01,2.124361e+01,2.127798e+01,2.126423e+01,2.111979e+01,2.124361e+01,2.122986e+01,2.121611e+01,2.120235e+01,2.123674e+01,2.118172e+01,2.125736e+01,2.127798e+01,2.118172e+01,2.130546e+01,2.125048e+01,2.129859e+01,2.137415e+01,2.137415e+01,2.145650e+01,2.131920e+01,2.132607e+01,2.140847e+01,2.124361e+01,2.137415e+01,2.127110e+01,2.144278e+01,2.131233e+01,2.141533e+01,2.136728e+01,2.139474e+01,2.138788e+01,2.159362e+01,2.142220e+01,2.138101e+01,2.136728e+01,2.138101e+01,2.142220e+01,2.151137e+01,2.160047e+01,2.142906e+01,2.138101e+01,2.138788e+01,2.142906e+01,2.142220e+01,2.151823e+01,2.141533e+01,2.147022e+01,2.152508e+01,2.141533e+01,2.144278e+01,2.147708e+01,2.147022e+01,2.144964e+01,2.150451e+01,2.132607e+01,2.153880e+01,2.140161e+01,2.140847e+01,2.166211e+01,2.149080e+01,2.136041e+01,2.152508e+01,2.136728e+01,2.147022e+01,2.153194e+01,2.151137e+01
2.135355e+01,2.120923e+01,2.122298e+01,2.142906e+01,2.120235e+01,2.133981e+01,2.123674e+01,2.131920e+01,2.146336e+01,2.136728e+01,2.131920e+01,2.132607e+01,2.137415e+01,2.133294e+01,2.131920e+01,2.136041e+01,2.130546e+01,2.140161e+01,2.135355e+01,2.133294e+01,2.113355e+01,2.146336e+01,2.131920e+01,2.133294e+01,2.134668e+01,2.144278e+01,2.138788e+01,2.141533e+01,2.144278e+01,2.138788e+01,2.127110e+01,2.139474e+01,2.138788e+01,2.140161e+01,2.137415e+01,2.124361e+01,2.138101e+01,2.142220e+01,2.147708e+01,2.145650e+01,2.139474e+01,2.130546e+01,2.138101e+01,2.142906e+01,2.129172e+01,2.136041e+01,2.136728e+01,2.131920e+01,2.146336e+01,2.141533e+01,2.145650e+01,2.127110e+01,2.133294e+01,2.137415e+01,2.140161e+01,2.138788e+01,2.138101e+01,2.142220e+01,2.133981e+01,2.126423e+01,2.136728e+01,2.136041e+01,2.124361e+01,2.100960e+01,2.100271e+01,2.105094e+01,2.104405e+01,2.112667e+01,2.110602e+01,2.112667e+01,2.112667e+01,2.114732e+01,2.127798e+01,2.114044e+01,2.112667e+01,2.119548e+01,2.119548e+01,2.126423e+01,2.127110e+01,2.133981e+01,2.125048e+01,2.132607e+01,2.144278e+01,2.131233e+01,2.129172e+01,2.131920e+01,2.136728e+01,2.132607e+01,2.142220e+01,2.140161e+01,2.140847e+01,2.136728e+01,2.136041e+01,2.137415e+01,2.124361e+01,2.134668e+01,2.128485e+01,2.129859e+01,2.121611e+01,2.129172e+01,2.116796e+01,2.118860e+01,2.118172e+01,2.122298e+01,2.121611e+01,2.125048e+01,2.134668e+01,2.127110e+01,2.129859e+01,2.140847e+01,2.120235e+01,2.136728e+01,2.138101e+01,2.132607e+01,2.132607e+01,2.131233e+01,2.122986e+01,2.129172e+01,2.127798e+01,2.136728e+01,2.130546e+01,2.134668e+01,2.125048e+01,2.128485e+01,2.119548e+01,2.120923e+01,2.129859e+01,2.128485e+01,2.136728e+01,2.136041e+01,2.127110e+01,2.119548e+01,2.127798e+01,2.125736e+01,2.128485e+01,2.122986e+01,2.125736e+01,2.131920e+01,2.127798e+01,2.136728e+01,2.120923e+01,2.125048e+01,2.119548e+01,2.124361e+01,2.132607e+01,2.129859e+01,2.128485e+01,2.126423e+01,2.125736e+01,2.136041e+01,2.125048e+01,2.136728e+01,2.140161e+01,2.141533e+01,2.136728e+01,2.142220e+01,2.134668e+01,2.133981e+01,2.144964e+01,2.143592e+01,2.133294e+01,2.144964e+01,2.147708e+01,2.138788e+01,2.139474e+01,2.141533e+01,2.140161e+01,2.138788e+01,2.146336e+01,2.140161e+01,2.133981e+01,2.142906e+01,2.131233e+01,2.143592e+01,2.140847e+01,2.147022e+01,2.144278e+01,2.131233e+01,2.145650e+01,2.138101e+01,2.131233e+01,2.141533e+01,2.180578e+01,2.315060e+01,2.248039e+01,2.151823e+01,2.140847e+01,2.128485e+01,2.138101e+01,2.136041e+01,2.128485e+01,2.133294e+01,2.130546e+01,2.140161e+01,2.128485e+01,2.129172e+01,2.135355e+01,2.134668e+01,2.133981e+01,2.145650e+01,2.168264e+01,2.170318e+01,2.188779e+01,2.207889e+01,2.245322e+01,2.390360e+01,2.333263e+01,2.230365e+01,2.190828e+01,2.192877e+01,2.204479e+01,2.191511e+01,2.199021e+01,2.198338e+01,2.211979e+01,2.210616e+01,2.175107e+01,2.175107e+01,2.183312e+01,2.201750e+01,2.177159e+01,2.199703e+01,2.205161e+01,2.203115e+01,2.181262e+01,2.203797e+01,2.168264e+01,2.177843e+01,2.196291e+01,2.206525e+01,2.203797e+01,2.224921e+01,2.207207e+01,2.225602e+01,2.258222e+01,2.327873e+01,2.382989e+01,2.442480e+01,2.461791e+01,2.388350e+01,2.383659e+01,2.275848e+01,2.268395e+01,2.357483e+01,2.298177e+01,2.186046e+01,2.158677e+01,2.161417e+01,2.160047e+01,2.177159e+01,2.307635e+01,2.196291e+01,2.164157e+01,2.186046e+01,2.231726e+01,2.411774e+01,2.578235e+01,2.479739e+01,2.354795e+01,2.252793e+01,2.252793e+01,2.222879e+01,2.221517e+01,2.175791e+01,2.153194e+01,2.154565e+01,2.146336e+01,2.149080e+01,2.149080e+01,2.144964e+01,2.128485e+01,2.123674e+01,2.125736e+01,2.125736e+01,2.130546e+01,2.164157e+01,2.220836e+01,2.252114e+01,2.422465e+01,2.439147e+01,2.226282e+01,2.210616e+01,2.211298e+01,2.269073e+01,2.478411e+01,2.675821e+01,2.732388e+01,2.655592e+01,2.528772e+01,2.239206e+01,2.233086e+01,2.239206e+01,2.139474e+01,2.133294e+01,2.131233e+01,2.131920e+01,2.120923e+01,2.134668e+01,2.138788e+01,2.110602e+01,2.094067e+01,2.081648e+01,2.091998e+01,2.094757e+01,2.144278e+01,2.140161e+01,2.142906e+01,2.140847e+01,2.131233e+01,2.138788e+01,2.139474e+01,2.148394e+01,2.147708e+01,2.139474e+01,2.138788e+01,2.138101e+01,2.136728e+01,2.136041e+01,2.137415e+01,2.135355e+01,2.139474e+01,2.133981e+01,2.133294e+01,2.129859e+01,2.131920e+01,2.130546e+01,2.137415e+01,2.135355e+01,2.136728e+01,2.114044e+01,2.137415e+01,2.137415e+01,2.138788e+01,2.142220e+01,2.135355e+01,2.136041e+01,2.146336e+01,2.122986e+01,2.120923e+01,2.146336e+01,2.139474e+01,2.131920e+01,2.131233e+01,2.135355e+01,2.133981e+01,2.118860e+01,2.127798e+01,2.126423e+01,2.122986e+01,2.133981e+01,2.123674e+01,2.142220e+01,2.127798e+01,2.129859e+01,2.133294e+01,2.133294e+01,2.132607e+01,2.134668e+01,2.134668e+01,2.139474e+01,2.135355e+01,2.138788e+01,2.131920e+01,2.127110e+01,2.127798e+01,2.122298e+01,2.129859e+01,2.127798e+01,2.129172e+01,2.131233e+01,2.133981e+01,2.127110e+01,2.120235e+01,2.119548e+01,2.129859e+01,2.109225e+01,2.120235e+01,2.111291e+01,2.111979e+01,2.129859e+01,2.114732e+01,2.120923e+01,2.112667e+01,2.118860e+01,2.122298e+01,2.119548e+01,2.107848e+01,2.123674e+01,2.121611e+01,2.119548e+01,2.120235e+01,2.125736e+01,2.124361e+01,2.128485e+01,2.127798e+01,2.125736e+01,2.121611e+01,2.130546e+01,2.122986e+01,2.127798e+01,2.124361e+01,2.125048e+01,2.131233e+01,2.127798e+01,2.127798e+01,2.142220e+01,2.131233e+01,2.127110e+01,2.125736e+01,2.118860e+01,2.126423e+01,2.127798e+01,2.130546e+01,2.126423e+01,2.131233e+01,2.129859e+01,2.130546e+01,2.120923e+01,2.133294e+01,2.120235e+01,2.123674e+01,2.135355e+01,2.132607e+01,2.131920e+01,2.132607e+01,2.133981e+01,2.129859e+01,2.129172e+01,2.134668e+01,2.130546e+01,2.134668e+01,2.126423e+01,2.125736e+01,2.127110e+01,2.131920e+01,2.123674e+01,2.135355e+01,2.125736e+01,2.138101e+01,2.136728e+01,2.125736e+01,2.129859e+01,2.132607e+01,2.125048e+01,2.133981e+01,2.135355e+01,2.131233e+01,2.129172e+01,2.138788e+01,2.126423e+01,2.122986e+01,2.124361e+01,2.116796e+01,2.136041e+01,2.128485e+01,2.132607e+01,2.129172e+01,2.133294e+01,2.128485e+01,2.127798e+01,2.131233e+01,2.127798e+01,2.118172e+01,2.129859e+01,2.128485e+01,2.123674e+01,2.126423e+01,2.124361e+01,2.123674e+01,2.124361e+01,2.126423e+01,2.125736e+01,2.124361e+01,2.126423e+01,2.131233e+01,2.120235e+01,2.131920e+01,2.119548e+01,2.132607e+01,2.122298e+01,2.123674e+01,2.122986e+01,2.127110e+01,2.120923e+01,2.127798e+01,2.126423e+01,2.127798e+01,2.124361e+01,2.122986e+01,2.120235e+01,2.131920e+01,2.120923e+01,2.130546e+01,2.129172e+01,2.124361e+01,2.125736e+01,2.133981e+01,2.122986e+01,2.129172e+01,2.129859e+01,2.126423e+01,2.129859e+01,2.126423e+01,2.137415e+01,2.127110e+01,2.128485e+01,2.125048e+01,2.126423e+01,2.136041e+01,2.140161e+01,2.136041e+01,2.145650e+01,2.135355e+01,2.138101e+01,2.145650e+01,2.138788e+01,2.136728e+01,2.150451e+01,2.139474e+01,2.136041e+01,2.150451e+01,2.136041e+01,2.136041e+01,2.142220e+01,2.132607e+01,2.133294e+01,2.140847e+01,2.142220e+01,2.139474e+01,2.148394e+01,2.147708e+01,2.148394e+01,2.142220e+01,2.136041e+01,2.140847e+01,2.139474e+01,2.143592e+01,2.143592e+01,2.133981e+01,2.128485e+01,2.132607e+01,2.148394e+01,2.137415e+01,2.140847e+01,2.134668e+01,2.136728e+01,2.142220e+01,2.142220e+01,2.126423e+01,2.138788e+01,2.133981e+01,2.127110e+01,2.127798e+01,2.132607e+01,2.134668e+01,2.133294e+01,2.136041e+01,2.134668e+01,2.120235e+01,2.127110e+01,2.126423e+01,2.141533e+01,2.137415e+01,2.119548e+01,2.133294e+01,2.127798e+01,2.131920e+01,2.129859e+01,2.129172e+01,2.130546e+01,2.127798e+01,2.132607e+01,2.127110e+01,2.100960e+01,2.129172e+01,2.122298e+01,2.135355e+01,2.127798e+01,2.121611e+01,2.122986e+01,2.127798e+01,2.109914e+01,2.120235e+01,2.115420e+01,2.120923e+01,2.109225e+01,2.122298e+01,2.127110e+01,2.128485e+01,2.131920e+01,2.133981e+01,2.122298e+01,2.137415e+01,2.137415e+01,2.133981e+01,2.114732e+01,2.142220e+01,2.127798e+01,2.132607e+01,2.141533e+01,2.138788e+01,2.127798e+01,2.130546e+01,2.136728e+01,2.144278e+01,2.124361e+01,2.142906e+01,2.138101e+01,2.136041e+01,2.144278e+01,2.149766e+01,2.149766e+01,2.142220e+01,2.132607e+01,2.156621e+01,2.138788e+01,2.136041e+01,2.149080e+01,2.138101e+01,2.143592e+01,2.143592e+01,2.160732e+01,2.142220e+01,2.138101e+01,2.130546e+01,2.149766e+01,2.140161e+01,2.144278e+01,2.151137e+01,2.147708e+01,2.142906e+01,2.157991e+01,2.152508e+01,2.147022e+01,2.151823e+01,2.151823e+01,2.140161e+01,2.158677e+01,2.151137e+01,2.147022e+01
2.139474e+01,2.140161e+01,2.127798e+01,2.144278e+01,2.125736e+01,2.144964e+01,2.120235e+01,2.133981e+01,2.141533e+01,2.152508e+01,2.134668e+01,2.131920e+01,2.135355e+01,2.132607e+01,2.123674e+01,2.138101e+01,2.137415e+01,2.129172e+01,2.132607e+01,2.126423e+01,2.115420e+01,2.128485e+01,2.132607e+01,2.121611e+01,2.136728e+01,2.151137e+01,2.128485e+01,2.140161e+01,2.133981e+01,2.135355e+01,2.139474e+01,2.141533e+01,2.131233e+01,2.138788e+01,2.138788e+01,2.138101e+01,2.144278e+01,2.153194e+01,2.133981e+01,2.134668e+01,2.140161e+01,2.138788e+01,2.136041e+01,2.138788e+01,2.136728e+01,2.132607e+01,2.135355e+01,2.136041e+01,2.133294e+01,2.132607e+01,2.125048e+01,2.131233e+01,2.131233e+01,2.151823e+01,2.145650e+01,2.125048e+01,2.142906e+01,2.141533e+01,2.132607e+01,2.123674e+01,2.127798e+01,2.134668e+01,2.124361e+01,2.101649e+01,2.105782e+01,2.098203e+01,2.104405e+01,2.106471e+01,2.108537e+01,2.110602e+01,2.112667e+01,2.116108e+01,2.118172e+01,2.124361e+01,2.114732e+01,2.120923e+01,2.115420e+01,2.112667e+01,2.129172e+01,2.128485e+01,2.130546e+01,2.130546e+01,2.141533e+01,2.140847e+01,2.128485e+01,2.160732e+01,2.133294e+01,2.140847e+01,2.145650e+01,2.144964e+01,2.143592e+01,2.142906e+01,2.138101e+01,2.135355e+01,2.137415e+01,2.131920e+01,2.126423e+01,2.132607e+01,2.132607e+01,2.127798e+01,2.118860e+01,2.124361e+01,2.120235e+01,2.122298e+01,2.122986e+01,2.122986e+01,2.125736e+01,2.128485e+01,2.131233e+01,2.124361e+01,2.128485e+01,2.131233e+01,2.132607e+01,2.133981e+01,2.134668e+01,2.132607e+01,2.124361e+01,2.132607e+01,2.127798e+01,2.131233e+01,2.120235e+01,2.129172e+01,2.132607e+01,2.115420e+01,2.113355e+01,2.125048e+01,2.131920e+01,2.128485e+01,2.137415e+01,2.135355e+01,2.129859e+01,2.129172e+01,2.127110e+01,2.139474e+01,2.139474e+01,2.131920e+01,2.131233e+01,2.136728e+01,2.132607e+01,2.131920e+01,2.118172e+01,2.122298e+01,2.120923e+01,2.126423e+01,2.126423e+01,2.131233e+01,2.127110e+01,2.133981e+01,2.122298e+01,2.127798e+01,2.136041e+01,2.135355e+01,2.139474e+01,2.134668e+01,2.135355e+01,2.147708e+01,2.137415e+01,2.144964e+01,2.138788e+01,2.140161e+01,2.131233e+01,2.142906e+01,2.151823e+01,2.143592e+01,2.139474e+01,2.134668e+01,2.138101e+01,2.148394e+01,2.142906e+01,2.142220e+01,2.138788e+01,2.144278e+01,2.141533e+01,2.145650e+01,2.129172e+01,2.145650e+01,2.140161e+01,2.127110e+01,2.138101e+01,2.133294e+01,2.125048e+01,2.137415e+01,2.179211e+01,2.320457e+01,2.262292e+01,2.153880e+01,2.147708e+01,2.135355e+01,2.138788e+01,2.136728e+01,2.131233e+01,2.125736e+01,2.133981e+01,2.133981e+01,2.128485e+01,2.133294e+01,2.125736e+01,2.145650e+01,2.145650e+01,2.138788e+01,2.148394e+01,2.188779e+01,2.190828e+01,2.200386e+01,2.265683e+01,2.500971e+01,2.365545e+01,2.343362e+01,2.210616e+01,2.182629e+01,2.190145e+01,2.208571e+01,2.213342e+01,2.200386e+01,2.214024e+01,2.211298e+01,2.197656e+01,2.196291e+01,2.200386e+01,2.180578e+01,2.178527e+01,2.201068e+01,2.201068e+01,2.223560e+01,2.217430e+01,2.216749e+01,2.215387e+01,2.189462e+01,2.223560e+01,2.227644e+01,2.225602e+01,2.228324e+01,2.224240e+01,2.204479e+01,2.242604e+01,2.373599e+01,2.473096e+01,2.469107e+01,2.384999e+01,2.254829e+01,2.226282e+01,2.206525e+01,2.200386e+01,2.222198e+01,2.218793e+01,2.219474e+01,2.173739e+01,2.172371e+01,2.163472e+01,2.177159e+01,2.181262e+01,2.157991e+01,2.148394e+01,2.193560e+01,2.295473e+01,2.565727e+01,2.545286e+01,2.354123e+01,2.327199e+01,2.247360e+01,2.154565e+01,2.153194e+01,2.162102e+01,2.149766e+01,2.148394e+01,2.156621e+01,2.147708e+01,2.148394e+01,2.166211e+01,2.149766e+01,2.158677e+01,2.139474e+01,2.148394e+01,2.130546e+01,2.153880e+01,2.148394e+01,2.162102e+01,2.249398e+01,2.289387e+01,2.315060e+01,2.178527e+01,2.176475e+01,2.214705e+01,2.323828e+01,2.597956e+01,2.730443e+01,2.696011e+01,2.503622e+01,2.356139e+01,2.225602e+01,2.229685e+01,2.231046e+01,2.122298e+01,2.127798e+01,2.121611e+01,2.122986e+01,2.126423e+01,2.122986e+01,2.121611e+01,2.124361e+01,2.122298e+01,2.127110e+01,2.130546e+01,2.122986e+01,2.123674e+01,2.138788e+01,2.141533e+01,2.138101e+01,2.144278e+01,2.137415e+01,2.143592e+01,2.139474e+01,2.135355e+01,2.125736e+01,2.136728e+01,2.135355e+01,2.130546e+01,2.138101e+01,2.137415e+01,2.136041e+01,2.143592e+01,2.140161e+01,2.133981e+01,2.136728e+01,2.136728e+01,2.134668e+01,2.131920e+01,2.131233e+01,2.131920e+01,2.132607e+01,2.139474e+01,2.133981e+01,2.136728e+01,2.138788e+01,2.132607e+01,2.149766e+01,2.150451e+01,2.129859e+01,2.140161e+01,2.139474e+01,2.142906e+01,2.138101e+01,2.138101e+01,2.131233e+01,2.142220e+01,2.134668e+01,2.134668e+01,2.135355e+01,2.130546e+01,2.143592e+01,2.147022e+01,2.131233e+01,2.135355e+01,2.138788e+01,2.122986e+01,2.138101e+01,2.131233e+01,2.136041e+01,2.122298e+01,2.139474e+01,2.121611e+01,2.114044e+01,2.128485e+01,2.110602e+01,2.123674e+01,2.114044e+01,2.110602e+01,2.113355e+01,2.124361e+01,2.122986e+01,2.130546e+01,2.128485e+01,2.122298e+01,2.116796e+01,2.131920e+01,2.118172e+01,2.128485e+01,2.122986e+01,2.111291e+01,2.116796e+01,2.126423e+01,2.112667e+01,2.112667e+01,2.118860e+01,2.118172e+01,2.119548e+01,2.125736e+01,2.122986e+01,2.112667e+01,2.127798e+01,2.124361e+01,2.115420e+01,2.125736e+01,2.125048e+01,2.129859e+01,2.122298e+01,2.122986e+01,2.131233e+01,2.127798e+01,2.131233e+01,2.129859e+01,2.129859e+01,2.123674e+01,2.130546e+01,2.130546e+01,2.120923e+01,2.127110e+01,2.125736e+01,2.135355e+01,2.125736e+01,2.125736e+01,2.128485e+01,2.129172e+01,2.123674e+01,2.129859e+01,2.128485e+01,2.127798e+01,2.133294e+01,2.122986e+01,2.136041e+01,2.120923e+01,2.139474e+01,2.136041e+01,2.126423e+01,2.135355e+01,2.140847e+01,2.134668e+01,2.125736e+01,2.123674e+01,2.131920e+01,2.136728e+01,2.126423e+01,2.127798e+01,2.125736e+01,2.140161e+01,2.129172e+01,2.126423e+01,2.125048e+01,2.127110e+01,2.127110e+01,2.133294e+01,2.122298e+01,2.125048e+01,2.126423e+01,2.125048e+01,2.140161e+01,2.132607e+01,2.132607e+01,2.136041e+01,2.125736e+01,2.129859e+01,2.132607e+01,2.138101e+01,2.128485e+01,2.127798e+01,2.127798e+01,2.142906e+01,2.127110e+01,2.142220e+01,2.128485e+01,2.133294e+01,2.138101e+01,2.131920e+01,2.140161e+01,2.122298e+01,2.134668e+01,2.127798e+01,2.123674e+01,2.127798e+01,2.124361e+01,2.125048e+01,2.125736e+01,2.125736e+01,2.121611e+01,2.121611e+01,2.125048e+01,2.135355e+01,2.133981e+01,2.120923e+01,2.126423e+01,2.127110e+01,2.120235e+01,2.107848e+01,2.125736e+01,2.130546e+01,2.133294e+01,2.135355e+01,2.136728e+01,2.132607e+01,2.124361e+01,2.126423e+01,2.128485e+01,2.126423e+01,2.132607e+01,2.130546e+01,2.125048e+01,2.129859e+01,2.113355e+01,2.127798e+01,2.129172e+01,2.114732e+01,2.118172e+01,2.132607e+01,2.138788e+01,2.132607e+01,2.135355e+01,2.133294e+01,2.121611e+01,2.122298e+01,2.123674e+01,2.136728e+01,2.144964e+01,2.147022e+01,2.143592e+01,2.153194e+01,2.144278e+01,2.140161e+01,2.142906e+01,2.134668e+01,2.147708e+01,2.140161e+01,2.138788e+01,2.145650e+01,2.144278e+01,2.144278e+01,2.143592e+01,2.144964e+01,2.127798e+01,2.136041e+01,2.152508e+01,2.149766e+01,2.147708e+01,2.151823e+01,2.145650e+01,2.147022e+01,2.145650e+01,2.140161e+01,2.139474e+01,2.140847e+01,2.140847e+01,2.133981e+01,2.140161e+01,2.132607e+01,2.142220e+01,2.141533e+01,2.140847e+01,2.138101e+01,2.140847e+01,2.139474e+01,2.135355e+01,2.140161e+01,2.137415e+01,2.136041e+01,2.137415e+01,2.131233e+01,2.136041e+01,2.132607e+01,2.138101e+01,2.128485e+01,2.136728e+01,2.133981e+01,2.133981e+01,2.134668e+01,2.133294e+01,2.142906e+01,2.134668e+01,2.130546e+01,2.127798e+01,2.136041e+01,2.131233e+01,2.129172e+01,2.130546e+01,2.151137e+01,2.129172e+01,2.138101e+01,2.123674e+01,2.127110e+01,2.120923e+01,2.117484e+01,2.124361e+01,2.120923e+01,2.123674e+01,2.128485e+01,2.122986e+01,2.120235e+01,2.123674e+01,2.127798e+01,2.126423e+01,2.127798e+01,2.123674e+01,2.122298e+01,2.138788e+01,2.140847e+01,2.135355e+01,2.127798e+01,2.122986e+01,2.139474e+01,2.133294e+01,2.142220e+01,2.136728e+01,2.129859e+01,2.132607e+01,2.138788e+01,2.145650e+01,2.142220e+01,2.137415e+01,2.138101e+01,2.138788e+01,2.136041e+01,2.134668e+01,2.134668e+01,2.142906e+01,2.151137e+01,2.135355e+01,2.140847e+01,2.140847e+01,2.170318e+01,2.149766e+01,2.146336e+01,2.140161e+01,2.138788e+01,2.143592e+01,2.150451e+01,2.140161e+01,2.151137e+01,2.131920e+01,2.147708e+01,2.146336e+01,2.149080e+01,2.153194e+01,2.149766e+01,2.162787e+01,2.149766e+01,2.164157e+01,2.152508e+01,2.151823e+01,2.152508e+01,2.140847e+01,2.160047e+01,2.158677e+01
2.141533e+01,2.121611e+01,2.139474e+01,2.134668e+01,2.129859e+01,2.132607e+01,2.131920e+01,2.135355e+01,2.133294e+01,2.131233e+01,2.116796e+01,2.133981e+01,2.136041e+01,2.136728e+01,2.131920e+01,2.119548e+01,2.135355e+01,2.131920e+01,2.143592e+01,2.132607e+01,2.127798e+01,2.137415e+01,2.134668e+01,2.135355e+01,2.133981e+01,2.127798e+01,2.138788e+01,2.132607e+01,2.138788e+01,2.138788e+01,2.138788e+01,2.140161e+01,2.140161e+01,2.137415e+01,2.133981e+01,2.134668e+01,2.137415e+01,2.120923e+01,2.120235e+01,2.123674e+01,2.141533e+01,2.140847e+01,2.132607e+01,2.136041e+01,2.137415e+01,2.135355e+01,2.132607e+01,2.137415e+01,2.134668e+01,2.132607e+01,2.129172e+01,2.129172e+01,2.135355e+01,2.130546e+01,2.136728e+01,2.140847e+01,2.141533e+01,2.124361e+01,2.126423e+01,2.135355e+01,2.125736e+01,2.125736e+01,2.116108e+01,2.112667e+01,2.109225e+01,2.103716e+01,2.100960e+01,2.100960e+01,2.100960e+01,2.125736e+01,2.114044e+01,2.111979e+01,2.118172e+01,2.117484e+01,2.118860e+01,2.118172e+01,2.116796e+01,2.120923e+01,2.118860e+01,2.125736e+01,2.123674e+01,2.136041e+01,2.129859e+01,2.131920e+01,2.138788e+01,2.142906e+01,2.147708e+01,2.143592e+01,2.140161e+01,2.147022e+01,2.143592e+01,2.145650e+01,2.139474e+01,2.142906e+01,2.140161e+01,2.120923e+01,2.149080e+01,2.132607e+01,2.118172e+01,2.125736e+01,2.129172e+01,2.126423e+01,2.124361e+01,2.121611e+01,2.122298e+01,2.118172e+01,2.122298e+01,2.127798e+01,2.130546e+01,2.128485e+01,2.138101e+01,2.131920e+01,2.139474e+01,2.127110e+01,2.125048e+01,2.122298e+01,2.131233e+01,2.126423e+01,2.127798e+01,2.129172e+01,2.128485e+01,2.126423e+01,2.120235e+01,2.124361e+01,2.126423e+01,2.115420e+01,2.130546e+01,2.115420e+01,2.118172e+01,2.138101e+01,2.152508e+01,2.132607e+01,2.140847e+01,2.131233e+01,2.130546e+01,2.136041e+01,2.138101e+01,2.134668e+01,2.137415e+01,2.123674e+01,2.129172e+01,2.121611e+01,2.123674e+01,2.122986e+01,2.125736e+01,2.123674e+01,2.116108e+01,2.125736e+01,2.131233e+01,2.126423e+01,2.134668e+01,2.136728e+01,2.140847e+01,2.144964e+01,2.138101e+01,2.138101e+01,2.147708e+01,2.145650e+01,2.129859e+01,2.129859e+01,2.144964e+01,2.140847e+01,2.153880e+01,2.147708e+01,2.142906e+01,2.140847e+01,2.134668e+01,2.149766e+01,2.147708e+01,2.139474e+01,2.140161e+01,2.136041e+01,2.149080e+01,2.143592e+01,2.144278e+01,2.145650e+01,2.143592e+01,2.137415e+01,2.120923e+01,2.138101e+01,2.144278e+01,2.140161e+01,2.174423e+01,2.321131e+01,2.258222e+01,2.147022e+01,2.125048e+01,2.142220e+01,2.129172e+01,2.130546e+01,2.125736e+01,2.129859e+01,2.131920e+01,2.131920e+01,2.131920e+01,2.129172e+01,2.142906e+01,2.144964e+01,2.144964e+01,2.136041e+01,2.138101e+01,2.172371e+01,2.201750e+01,2.192194e+01,2.255508e+01,2.429808e+01,2.335283e+01,2.427138e+01,2.286004e+01,2.183996e+01,2.186046e+01,2.209252e+01,2.199703e+01,2.210616e+01,2.168264e+01,2.212661e+01,2.215387e+01,2.220155e+01,2.199703e+01,2.182629e+01,2.195608e+01,2.196291e+01,2.198338e+01,2.199703e+01,2.199021e+01,2.216068e+01,2.216068e+01,2.220155e+01,2.243284e+01,2.229004e+01,2.231726e+01,2.205843e+01,2.211298e+01,2.211298e+01,2.209252e+01,2.252114e+01,2.310335e+01,2.309660e+01,2.247360e+01,2.211298e+01,2.201068e+01,2.201068e+01,2.193560e+01,2.188096e+01,2.199703e+01,2.199703e+01,2.192877e+01,2.172371e+01,2.167580e+01,2.165526e+01,2.167580e+01,2.149080e+01,2.147022e+01,2.196291e+01,2.374941e+01,2.483060e+01,2.399065e+01,2.343362e+01,2.331242e+01,2.216749e+01,2.190145e+01,2.156621e+01,2.152508e+01,2.150451e+01,2.148394e+01,2.147708e+01,2.149766e+01,2.149766e+01,2.168264e+01,2.197656e+01,2.206525e+01,2.207207e+01,2.181945e+01,2.157991e+01,2.156621e+01,2.160047e+01,2.133294e+01,2.160732e+01,2.186729e+01,2.223560e+01,2.252793e+01,2.224240e+01,2.194925e+01,2.227644e+01,2.423132e+01,2.617640e+01,2.595329e+01,2.542645e+01,2.464452e+01,2.214705e+01,2.233086e+01,2.192877e+01,2.137415e+01,2.136728e+01,2.141533e+01,2.133294e+01,2.125736e+01,2.121611e+01,2.105782e+01,2.110602e+01,2.111979e+01,2.121611e+01,2.131920e+01,2.122986e+01,2.128485e+01,2.142220e+01,2.144964e+01,2.132607e+01,2.144964e+01,2.139474e+01,2.140847e+01,2.135355e+01,2.133981e+01,2.132607e+01,2.130546e+01,2.135355e+01,2.134668e+01,2.110602e+01,2.144278e+01,2.136728e+01,2.139474e+01,2.142220e+01,2.131233e+01,2.137415e+01,2.137415e+01,2.132607e+01,2.134668e+01,2.132607e+01,2.138788e+01,2.139474e+01,2.134668e+01,2.135355e+01,2.136041e+01,2.138788e+01,2.138101e+01,2.143592e+01,2.138788e+01,2.145650e+01,2.142906e+01,2.142220e+01,2.140161e+01,2.135355e+01,2.133981e+01,2.121611e+01,2.140161e+01,2.136728e+01,2.132607e+01,2.129172e+01,2.131920e+01,2.131233e+01,2.133294e+01,2.131233e+01,2.137415e+01,2.129172e+01,2.133981e+01,2.135355e+01,2.132607e+01,2.134668e+01,2.130546e+01,2.129172e+01,2.103716e+01,2.102338e+01,2.103027e+01,2.100960e+01,2.102338e+01,2.096825e+01,2.109914e+01,2.116796e+01,2.122986e+01,2.127110e+01,2.127110e+01,2.124361e+01,2.118860e+01,2.116796e+01,2.114044e+01,2.116108e+01,2.120235e+01,2.112667e+01,2.111291e+01,2.116796e+01,2.112667e+01,2.122986e+01,2.113355e+01,2.122986e+01,2.120235e+01,2.115420e+01,2.120235e+01,2.111979e+01,2.118860e+01,2.122298e+01,2.119548e+01,2.124361e+01,2.125048e+01,2.122298e+01,2.131920e+01,2.126423e+01,2.119548e+01,2.127110e+01,2.140161e+01,2.136041e+01,2.140847e+01,2.127110e+01,2.144278e+01,2.130546e+01,2.129859e+01,2.130546e+01,2.140161e+01,2.126423e+01,2.123674e+01,2.134668e+01,2.128485e+01,2.136041e+01,2.131920e+01,2.129172e+01,2.132607e+01,2.129859e+01,2.132607e+01,2.125048e+01,2.131233e+01,2.131920e+01,2.129172e+01,2.131920e+01,2.127798e+01,2.125736e+01,2.125048e+01,2.120923e+01,2.132607e+01,2.135355e+01,2.122986e+01,2.131233e+01,2.148394e+01,2.129859e+01,2.129172e+01,2.129859e+01,2.131233e+01,2.122986e+01,2.124361e+01,2.130546e+01,2.130546e+01,2.129859e+01,2.129859e+01,2.125048e+01,2.127798e+01,2.121611e+01,2.131233e+01,2.129172e+01,2.131920e+01,2.137415e+01,2.128485e+01,2.120235e+01,2.126423e+01,2.128485e+01,2.114732e+01,2.127798e+01,2.128485e+01,2.126423e+01,2.128485e+01,2.125736e+01,2.126423e+01,2.129172e+01,2.130546e+01,2.130546e+01,2.131233e+01,2.129859e+01,2.118860e+01,2.126423e+01,2.122986e+01,2.140847e+01,2.129859e+01,2.118860e+01,2.134668e+01,2.123674e+01,2.128485e+01,2.131920e+01,2.129172e+01,2.124361e+01,2.124361e+01,2.127798e+01,2.131233e+01,2.131233e+01,2.131920e+01,2.132607e+01,2.121611e+01,2.130546e+01,2.118172e+01,2.121611e+01,2.132607e+01,2.138788e+01,2.123674e+01,2.127798e+01,2.122986e+01,2.112667e+01,2.130546e+01,2.123674e+01,2.128485e+01,2.127110e+01,2.127110e+01,2.124361e+01,2.122298e+01,2.125048e+01,2.123674e+01,2.133294e+01,2.115420e+01,2.124361e+01,2.130546e+01,2.125048e+01,2.136728e+01,2.136041e+01,2.120235e+01,2.141533e+01,2.133294e+01,2.137415e+01,2.145650e+01,2.140847e+01,2.142220e+01,2.138101e+01,2.137415e+01,2.145650e+01,2.140847e+01,2.147708e+01,2.133294e+01,2.147708e+01,2.140847e+01,2.136041e+01,2.142906e+01,2.140161e+01,2.149080e+01,2.139474e+01,2.139474e+01,2.147022e+01,2.136041e+01,2.147022e+01,2.139474e+01,2.142220e+01,2.147022e+01,2.144278e+01,2.133981e+01,2.141533e+01,2.141533e+01,2.145650e+01,2.139474e+01,2.140161e+01,2.133981e+01,2.142220e+01,2.137415e+01,2.118860e+01,2.138101e+01,2.142220e+01,2.139474e+01,2.138788e+01,2.140161e+01,2.132607e+01,2.128485e+01,2.136041e+01,2.136728e+01,2.129859e+01,2.136041e+01,2.127110e+01,2.130546e+01,2.138101e+01,2.129172e+01,2.129172e+01,2.136728e+01,2.137415e+01,2.131920e+01,2.131233e+01,2.134668e+01,2.129859e+01,2.128485e+01,2.137415e+01,2.128485e+01,2.125736e+01,2.131233e+01,2.131233e+01,2.133294e+01,2.126423e+01,2.129859e+01,2.119548e+01,2.127798e+01,2.124361e+01,2.127110e+01,2.129172e+01,2.114044e+01,2.116796e+01,2.118172e+01,2.125736e+01,2.124361e+01,2.127798e+01,2.123674e+01,2.133981e+01,2.138788e+01,2.134668e+01,2.137415e+01,2.134668e+01,2.132607e+01,2.133294e+01,2.136041e+01,2.133981e+01,2.139474e+01,2.138788e+01,2.132607e+01,2.137415e+01,2.125048e+01,2.128485e+01,2.127798e+01,2.142906e+01,2.137415e+01,2.136728e+01,2.130546e+01,2.139474e+01,2.129859e+01,2.133981e+01,2.143592e+01,2.138788e+01,2.144964e+01,2.137415e+01,2.132607e+01,2.139474e+01,2.141533e+01,2.134668e+01,2.141533e+01,2.158677e+01,2.138788e+01,2.161417e+01,2.136041e+01,2.156621e+01,2.147022e+01,2.147708e+01,2.150451e+01,2.139474e+01,2.155250e+01,2.153194e+01,2.149766e+01,2.148394e+01,2.161417e+01,2.153194e+01,2.150451e+01,2.155936e+01,2.156621e+01,2.157991e+01
2.140847e+01,2.142906e+01,2.118172e+01,2.120923e+01,2.120923e+01,2.119548e+01,2.122986e+01,2.123674e+01,2.132607e+01,2.129859e+01,2.114732e+01,2.134668e+01,2.133981e+01,2.151137e+01,2.141533e+01,2.142220e+01,2.144278e+01,2.122986e+01,2.138101e+01,2.126423e+01,2.135355e+01,2.136041e+01,2.136728e+01,2.131920e+01,2.122298e+01,2.133294e+01,2.131920e+01,2.129172e+01,2.133981e+01,2.125736e+01,2.140161e+01,2.138788e+01,2.125048e+01,2.131920e+01,2.136728e+01,2.136041e+01,2.137415e+01,2.123674e+01,2.140161e+01,2.144278e+01,2.127110e+01,2.126423e+01,2.137415e+01,2.135355e+01,2.136041e+01,2.132607e+01,2.133981e+01,2.133294e+01,2.134668e+01,2.136728e+01,2.131233e+01,2.132607e+01,2.144964e+01,2.136728e+01,2.143592e+01,2.138788e+01,2.127798e+01,2.136041e+01,2.130546e+01,2.136041e+01,2.128485e+01,2.132607e+01,2.129172e+01,2.112667e+01,2.106471e+01,2.114044e+01,2.114732e+01,2.134668e+01,2.102338e+01,2.106471e+01,2.109914e+01,2.116108e+01,2.125736e+01,2.121611e+01,2.116796e+01,2.117484e+01,2.120235e+01,2.129172e+01,2.120235e+01,2.126423e+01,2.127798e+01,2.124361e+01,2.133294e+01,2.138788e+01,2.122986e+01,2.160732e+01,2.131233e+01,2.142220e+01,2.144964e+01,2.144278e+01,2.145650e+01,2.144278e+01,2.151823e+01,2.136041e+01,2.130546e+01,2.131233e+01,2.128485e+01,2.116108e+01,2.129859e+01,2.122986e+01,2.128485e+01,2.121611e+01,2.136041e+01,2.116796e+01,2.120923e+01,2.127110e+01,2.121611e+01,2.129172e+01,2.127798e+01,2.129859e+01,2.129172e+01,2.125736e+01,2.129172e+01,2.125736e+01,2.136041e+01,2.131233e+01,2.127110e+01,2.133981e+01,2.122298e+01,2.121611e+01,2.125048e+01,2.123674e+01,2.125048e+01,2.124361e+01,2.128485e+01,2.114732e+01,2.121611e+01,2.131920e+01,2.126423e+01,2.117484e+01,2.130546e+01,2.137415e+01,2.129172e+01,2.138101e+01,2.140847e+01,2.136041e+01,2.138788e+01,2.148394e+01,2.120235e+01,2.121611e+01,2.125048e+01,2.122986e+01,2.122298e+01,2.116108e+01,2.119548e+01,2.121611e+01,2.125736e+01,2.124361e+01,2.132607e+01,2.119548e+01,2.125736e+01,2.129859e+01,2.118860e+01,2.136041e+01,2.120923e+01,2.131920e+01,2.133294e+01,2.129172e+01,2.136728e+01,2.142906e+01,2.137415e+01,2.132607e+01,2.135355e+01,2.132607e+01,2.138101e+01,2.136728e+01,2.144278e+01,2.142220e+01,2.142906e+01,2.140161e+01,2.138101e+01,2.132607e+01,2.147708e+01,2.136728e+01,2.131233e+01,2.129172e+01,2.140847e+01,2.135355e+01,2.122986e+01,2.121611e+01,2.129172e+01,2.135355e+01,2.159362e+01,2.304933e+01,2.258222e+01,2.140847e+01,2.136728e+01,2.129172e+01,2.123674e+01,2.124361e+01,2.127110e+01,2.131920e+01,2.133294e+01,2.134668e+01,2.131920e+01,2.129859e+01,2.128485e+01,2.125736e+01,2.140847e+01,2.145650e+01,2.146336e+01,2.175791e+01,2.185363e+01,2.191511e+01,2.246681e+01,2.291416e+01,2.255508e+01,2.286680e+01,2.307635e+01,2.180578e+01,2.153194e+01,2.181945e+01,2.186046e+01,2.186729e+01,2.192877e+01,2.232406e+01,2.235807e+01,2.226282e+01,2.178527e+01,2.207889e+01,2.220155e+01,2.200386e+01,2.205161e+01,2.225602e+01,2.211979e+01,2.265005e+01,2.265683e+01,2.255508e+01,2.250077e+01,2.241925e+01,2.222198e+01,2.214705e+01,2.214705e+01,2.222879e+01,2.223560e+01,2.214705e+01,2.220155e+01,2.218112e+01,2.233086e+01,2.258901e+01,2.202432e+01,2.192877e+01,2.211979e+01,2.216749e+01,2.199021e+01,2.197656e+01,2.174423e+01,2.173739e+01,2.173739e+01,2.178527e+01,2.179894e+01,2.181945e+01,2.166895e+01,2.196973e+01,2.372928e+01,2.334610e+01,2.307635e+01,2.238527e+01,2.203115e+01,2.203115e+01,2.204479e+01,2.256186e+01,2.188779e+01,2.181262e+01,2.169633e+01,2.152508e+01,2.150451e+01,2.151823e+01,2.229685e+01,2.296825e+01,2.396387e+01,2.432477e+01,2.260258e+01,2.188779e+01,2.155250e+01,2.162787e+01,2.147708e+01,2.170318e+01,2.189462e+01,2.215387e+01,2.252114e+01,2.272461e+01,2.192877e+01,2.177843e+01,2.221517e+01,2.327873e+01,2.356139e+01,2.423800e+01,2.406425e+01,2.199703e+01,2.232406e+01,2.182629e+01,2.137415e+01,2.140161e+01,2.140161e+01,2.139474e+01,2.123674e+01,2.126423e+01,2.114732e+01,2.114044e+01,2.124361e+01,2.125048e+01,2.137415e+01,2.131233e+01,2.128485e+01,2.132607e+01,2.136728e+01,2.143592e+01,2.144278e+01,2.142906e+01,2.141533e+01,2.133981e+01,2.140847e+01,2.129859e+01,2.136041e+01,2.136041e+01,2.137415e+01,2.141533e+01,2.152508e+01,2.155250e+01,2.139474e+01,2.149080e+01,2.133981e+01,2.136728e+01,2.128485e+01,2.132607e+01,2.137415e+01,2.131920e+01,2.137415e+01,2.134668e+01,2.135355e+01,2.136041e+01,2.136041e+01,2.136728e+01,2.139474e+01,2.129172e+01,2.135355e+01,2.126423e+01,2.131233e+01,2.143592e+01,2.135355e+01,2.138101e+01,2.143592e+01,2.138788e+01,2.125048e+01,2.129172e+01,2.132607e+01,2.130546e+01,2.129859e+01,2.131920e+01,2.136041e+01,2.129859e+01,2.133981e+01,2.129859e+01,2.126423e+01,2.131920e+01,2.123674e+01,2.136728e+01,2.129859e+01,2.118172e+01,2.062990e+01,2.037366e+01,2.038753e+01,2.038060e+01,2.041526e+01,2.051225e+01,2.078195e+01,2.076814e+01,2.109914e+01,2.111979e+01,2.108537e+01,2.115420e+01,2.113355e+01,2.113355e+01,2.104405e+01,2.114732e+01,2.110602e+01,2.114732e+01,2.109914e+01,2.120923e+01,2.116108e+01,2.120923e+01,2.107848e+01,2.109225e+01,2.119548e+01,2.107848e+01,2.120235e+01,2.116796e+01,2.108537e+01,2.109914e+01,2.118860e+01,2.123674e+01,2.119548e+01,2.123674e+01,2.122298e+01,2.129859e+01,2.119548e+01,2.130546e+01,2.129859e+01,2.130546e+01,2.119548e+01,2.130546e+01,2.126423e+01,2.127110e+01,2.127798e+01,2.147708e+01,2.122986e+01,2.128485e+01,2.132607e+01,2.127110e+01,2.129859e+01,2.132607e+01,2.134668e+01,2.130546e+01,2.127110e+01,2.129172e+01,2.129172e+01,2.131920e+01,2.127798e+01,2.134668e+01,2.116108e+01,2.129859e+01,2.129172e+01,2.123674e+01,2.125736e+01,2.128485e+01,2.120235e+01,2.132607e+01,2.123674e+01,2.133294e+01,2.125736e+01,2.122986e+01,2.127110e+01,2.127110e+01,2.121611e+01,2.132607e+01,2.131233e+01,2.125736e+01,2.128485e+01,2.129859e+01,2.123674e+01,2.127110e+01,2.131233e+01,2.125048e+01,2.130546e+01,2.131233e+01,2.125048e+01,2.125736e+01,2.126423e+01,2.125048e+01,2.132607e+01,2.128485e+01,2.127110e+01,2.116108e+01,2.127110e+01,2.123674e+01,2.133294e+01,2.119548e+01,2.128485e+01,2.127798e+01,2.125736e+01,2.131233e+01,2.131233e+01,2.133294e+01,2.131920e+01,2.129172e+01,2.122298e+01,2.127110e+01,2.132607e+01,2.127798e+01,2.124361e+01,2.122986e+01,2.120235e+01,2.122298e+01,2.122986e+01,2.134668e+01,2.122298e+01,2.129172e+01,2.129172e+01,2.122298e+01,2.117484e+01,2.124361e+01,2.126423e+01,2.126423e+01,2.126423e+01,2.131920e+01,2.130546e+01,2.122298e+01,2.122986e+01,2.124361e+01,2.125048e+01,2.127110e+01,2.128485e+01,2.129859e+01,2.126423e+01,2.123674e+01,2.131233e+01,2.129859e+01,2.123674e+01,2.118172e+01,2.114044e+01,2.116108e+01,2.130546e+01,2.109225e+01,2.132607e+01,2.135355e+01,2.116108e+01,2.124361e+01,2.135355e+01,2.133294e+01,2.139474e+01,2.141533e+01,2.142220e+01,2.133981e+01,2.138101e+01,2.138788e+01,2.136041e+01,2.142906e+01,2.133981e+01,2.146336e+01,2.145650e+01,2.146336e+01,2.141533e+01,2.148394e+01,2.147022e+01,2.146336e+01,2.142906e+01,2.137415e+01,2.135355e+01,2.129859e+01,2.136041e+01,2.142220e+01,2.139474e+01,2.144278e+01,2.134668e+01,2.146336e+01,2.140847e+01,2.144278e+01,2.137415e+01,2.135355e+01,2.140847e+01,2.144964e+01,2.140847e+01,2.145650e+01,2.123674e+01,2.136041e+01,2.125736e+01,2.124361e+01,2.138788e+01,2.129859e+01,2.132607e+01,2.128485e+01,2.127798e+01,2.109914e+01,2.130546e+01,2.130546e+01,2.131233e+01,2.128485e+01,2.129172e+01,2.129172e+01,2.126423e+01,2.128485e+01,2.129172e+01,2.130546e+01,2.127110e+01,2.141533e+01,2.133981e+01,2.122986e+01,2.136041e+01,2.129859e+01,2.134668e+01,2.127110e+01,2.129859e+01,2.128485e+01,2.128485e+01,2.143592e+01,2.125736e+01,2.111979e+01,2.128485e+01,2.113355e+01,2.122986e+01,2.123674e+01,2.122298e+01,2.127110e+01,2.122986e+01,2.128485e+01,2.122298e+01,2.123674e+01,2.129859e+01,2.125048e+01,2.127110e+01,2.115420e+01,2.138788e+01,2.124361e+01,2.126423e+01,2.122986e+01,2.131920e+01,2.125736e+01,2.129172e+01,2.144278e+01,2.119548e+01,2.128485e+01,2.127798e+01,2.136041e+01,2.133294e+01,2.138101e+01,2.139474e+01,2.136041e+01,2.131920e+01,2.138788e+01,2.134668e+01,2.127798e+01,2.140161e+01,2.121611e+01,2.140847e+01,2.133294e+01,2.144964e+01,2.144964e+01,2.146336e+01,2.143592e+01,2.144964e+01,2.146336e+01,2.145650e+01,2.138101e+01,2.138101e+01,2.151823e+01,2.132607e+01,2.151137e+01,2.137415e+01,2.146336e+01,2.137415e+01,2.144964e+01,2.147708e+01,2.149766e+01,2.131233e+01,2.145650e+01,2.154565e+01,2.159362e+01,2.153194e+01,2.157306e+01
2.128485e+01,2.144964e+01,2.118172e+01,2.117484e+01,2.118860e+01,2.129172e+01,2.128485e+01,2.133294e+01,2.134668e+01,2.136041e+01,2.139474e+01,2.153194e+01,2.131920e+01,2.128485e+01,2.126423e+01,2.130546e+01,2.129859e+01,2.122986e+01,2.134668e+01,2.134668e+01,2.136728e+01,2.133981e+01,2.136728e+01,2.138101e+01,2.132607e+01,2.124361e+01,2.127798e+01,2.130546e+01,2.135355e+01,2.139474e+01,2.136728e+01,2.137415e+01,2.131920e+01,2.140847e+01,2.137415e+01,2.129859e+01,2.125736e+01,2.136041e+01,2.118172e+01,2.133294e+01,2.142906e+01,2.131920e+01,2.139474e+01,2.133294e+01,2.136728e+01,2.133981e+01,2.133981e+01,2.136728e+01,2.136728e+01,2.139474e+01,2.125736e+01,2.131920e+01,2.137415e+01,2.136728e+01,2.130546e+01,2.120923e+01,2.136728e+01,2.134668e+01,2.141533e+01,2.124361e+01,2.112667e+01,2.129172e+01,2.111291e+01,2.109225e+01,2.116108e+01,2.103716e+01,2.106471e+01,2.118860e+01,2.109225e+01,2.127110e+01,2.123674e+01,2.113355e+01,2.124361e+01,2.122986e+01,2.121611e+01,2.122986e+01,2.113355e+01,2.109914e+01,2.113355e+01,2.120235e+01,2.125048e+01,2.126423e+01,2.131233e+01,2.138101e+01,2.136728e+01,2.140847e+01,2.137415e+01,2.140847e+01,2.144964e+01,2.134668e+01,2.145650e+01,2.144278e+01,2.151137e+01,2.159362e+01,2.138788e+01,2.136041e+01,2.129859e+01,2.125736e+01,2.131233e+01,2.129859e+01,2.120923e+01,2.126423e+01,2.124361e+01,2.117484e+01,2.120235e+01,2.125736e+01,2.124361e+01,2.124361e+01,2.129859e+01,2.142906e+01,2.143592e+01,2.127110e+01,2.128485e+01,2.129859e+01,2.123674e+01,2.124361e+01,2.129172e+01,2.129172e+01,2.122298e+01,2.124361e+01,2.127798e+01,2.116108e+01,2.130546e+01,2.127110e+01,2.117484e+01,2.129172e+01,2.131920e+01,2.127110e+01,2.129859e+01,2.127798e+01,2.127798e+01,2.117484e+01,2.131920e+01,2.129859e+01,2.132607e+01,2.146336e+01,2.141533e+01,2.140161e+01,2.136041e+01,2.122986e+01,2.125736e+01,2.121611e+01,2.121611e+01,2.116108e+01,2.124361e+01,2.111291e+01,2.129172e+01,2.129172e+01,2.129172e+01,2.116796e+01,2.125048e+01,2.132607e+01,2.122986e+01,2.125736e+01,2.134668e+01,2.144964e+01,2.138101e+01,2.146336e+01,2.140847e+01,2.142220e+01,2.144278e+01,2.142220e+01,2.144278e+01,2.138788e+01,2.149766e+01,2.140847e+01,2.137415e+01,2.136041e+01,2.140847e+01,2.139474e+01,2.136728e+01,2.143592e+01,2.138101e+01,2.137415e+01,2.138788e+01,2.139474e+01,2.137415e+01,2.136041e+01,2.136728e+01,2.129172e+01,2.135355e+01,2.142220e+01,2.169633e+01,2.325851e+01,2.265005e+01,2.160732e+01,2.146336e+01,2.126423e+01,2.127798e+01,2.129859e+01,2.127110e+01,2.136041e+01,2.125736e+01,2.123674e+01,2.131920e+01,2.140847e+01,2.131920e+01,2.131233e+01,2.148394e+01,2.133294e+01,2.151137e+01,2.179211e+01,2.186729e+01,2.164841e+01,2.216749e+01,2.248039e+01,2.220155e+01,2.216749e+01,2.252114e+01,2.182629e+01,2.184679e+01,2.186046e+01,2.172371e+01,2.219474e+01,2.211298e+01,2.235807e+01,2.245322e+01,2.209934e+01,2.179211e+01,2.232406e+01,2.226282e+01,2.198338e+01,2.205161e+01,2.226282e+01,2.226963e+01,2.259579e+01,2.277203e+01,2.294121e+01,2.238527e+01,2.221517e+01,2.259579e+01,2.254829e+01,2.237167e+01,2.216749e+01,2.205843e+01,2.201068e+01,2.214024e+01,2.222198e+01,2.218793e+01,2.232406e+01,2.218112e+01,2.219474e+01,2.201750e+01,2.268395e+01,2.224240e+01,2.224921e+01,2.207889e+01,2.209252e+01,2.190828e+01,2.180578e+01,2.175791e+01,2.230365e+01,2.199021e+01,2.213342e+01,2.309660e+01,2.321131e+01,2.256186e+01,2.221517e+01,2.191511e+01,2.162787e+01,2.181262e+01,2.206525e+01,2.265005e+01,2.268395e+01,2.236487e+01,2.166895e+01,2.149080e+01,2.199021e+01,2.279912e+01,2.515543e+01,2.578893e+01,2.474425e+01,2.395048e+01,2.260936e+01,2.246681e+01,2.222879e+01,2.194243e+01,2.207889e+01,2.208571e+01,2.262292e+01,2.211979e+01,2.254829e+01,2.215387e+01,2.183996e+01,2.196973e+01,2.214705e+01,2.258901e+01,2.325851e+01,2.277880e+01,2.176475e+01,2.187413e+01,2.140161e+01,2.131233e+01,2.128485e+01,2.125048e+01,2.121611e+01,2.123674e+01,2.136728e+01,2.135355e+01,2.120235e+01,2.120235e+01,2.122986e+01,2.129172e+01,2.118172e+01,2.136041e+01,2.134668e+01,2.134668e+01,2.136041e+01,2.138788e+01,2.130546e+01,2.144278e+01,2.139474e+01,2.135355e+01,2.133294e+01,2.131920e+01,2.138101e+01,2.132607e+01,2.125048e+01,2.135355e+01,2.138788e+01,2.141533e+01,2.138788e+01,2.140847e+01,2.142906e+01,2.133294e+01,2.121611e+01,2.132607e+01,2.142906e+01,2.123674e+01,2.136041e+01,2.136728e+01,2.134668e+01,2.137415e+01,2.131920e+01,2.138101e+01,2.135355e+01,2.142906e+01,2.132607e+01,2.133981e+01,2.140161e+01,2.133981e+01,2.134668e+01,2.131920e+01,2.129859e+01,2.130546e+01,2.129859e+01,2.128485e+01,2.136728e+01,2.130546e+01,2.129172e+01,2.131233e+01,2.128485e+01,2.129859e+01,2.131920e+01,2.131920e+01,2.125048e+01,2.129172e+01,2.129859e+01,2.129859e+01,2.098893e+01,2.034592e+01,2.013068e+01,2.009591e+01,2.017237e+01,1.995675e+01,1.999852e+01,2.021405e+01,2.026266e+01,2.053995e+01,2.084409e+01,2.091308e+01,2.094757e+01,2.122986e+01,2.111291e+01,2.115420e+01,2.107848e+01,2.114044e+01,2.110602e+01,2.116108e+01,2.132607e+01,2.114732e+01,2.108537e+01,2.115420e+01,2.118860e+01,2.120923e+01,2.118172e+01,2.118860e+01,2.107848e+01,2.116108e+01,2.112667e+01,2.116108e+01,2.114732e+01,2.116796e+01,2.119548e+01,2.131233e+01,2.133294e+01,2.125736e+01,2.129172e+01,2.120235e+01,2.118860e+01,2.131920e+01,2.127110e+01,2.132607e+01,2.127110e+01,2.132607e+01,2.125736e+01,2.131920e+01,2.131233e+01,2.127798e+01,2.125736e+01,2.117484e+01,2.115420e+01,2.133294e+01,2.134668e+01,2.128485e+01,2.124361e+01,2.125048e+01,2.125048e+01,2.128485e+01,2.122298e+01,2.133294e+01,2.123674e+01,2.128485e+01,2.131233e+01,2.128485e+01,2.118172e+01,2.129859e+01,2.125736e+01,2.131920e+01,2.123674e+01,2.135355e+01,2.127110e+01,2.133981e+01,2.135355e+01,2.131233e+01,2.127798e+01,2.129172e+01,2.125736e+01,2.131233e+01,2.122986e+01,2.122298e+01,2.127110e+01,2.129172e+01,2.125048e+01,2.120923e+01,2.140847e+01,2.142906e+01,2.140847e+01,2.122986e+01,2.120235e+01,2.125048e+01,2.127798e+01,2.126423e+01,2.127110e+01,2.125736e+01,2.122298e+01,2.126423e+01,2.120235e+01,2.123674e+01,2.119548e+01,2.127110e+01,2.130546e+01,2.138101e+01,2.129859e+01,2.121611e+01,2.131920e+01,2.129859e+01,2.126423e+01,2.129172e+01,2.122298e+01,2.131233e+01,2.125736e+01,2.133294e+01,2.121611e+01,2.118172e+01,2.129859e+01,2.124361e+01,2.108537e+01,2.129172e+01,2.122298e+01,2.131233e+01,2.125048e+01,2.117484e+01,2.125048e+01,2.124361e+01,2.119548e+01,2.119548e+01,2.121611e+01,2.127798e+01,2.129859e+01,2.129172e+01,2.131233e+01,2.125048e+01,2.131920e+01,2.118172e+01,2.128485e+01,2.122986e+01,2.125736e+01,2.121611e+01,2.127110e+01,2.111979e+01,2.114732e+01,2.118860e+01,2.120923e+01,2.125736e+01,2.122298e+01,2.127798e+01,2.127110e+01,2.133981e+01,2.135355e+01,2.134668e+01,2.137415e+01,2.138788e+01,2.145650e+01,2.142906e+01,2.142906e+01,2.145650e+01,2.131233e+01,2.147708e+01,2.141533e+01,2.142906e+01,2.142220e+01,2.144278e+01,2.144964e+01,2.148394e+01,2.134668e+01,2.146336e+01,2.131920e+01,2.147022e+01,2.147022e+01,2.134668e+01,2.123674e+01,2.141533e+01,2.145650e+01,2.145650e+01,2.140161e+01,2.138101e+01,2.133981e+01,2.134668e+01,2.142220e+01,2.140847e+01,2.141533e+01,2.136728e+01,2.145650e+01,2.129859e+01,2.127110e+01,2.129859e+01,2.125736e+01,2.136728e+01,2.128485e+01,2.138788e+01,2.126423e+01,2.129172e+01,2.135355e+01,2.127798e+01,2.140161e+01,2.130546e+01,2.138101e+01,2.134668e+01,2.129859e+01,2.137415e+01,2.127110e+01,2.130546e+01,2.129172e+01,2.127798e+01,2.134668e+01,2.134668e+01,2.136041e+01,2.135355e+01,2.124361e+01,2.124361e+01,2.125048e+01,2.129859e+01,2.126423e+01,2.135355e+01,2.128485e+01,2.126423e+01,2.126423e+01,2.128485e+01,2.126423e+01,2.129172e+01,2.112667e+01,2.125736e+01,2.125736e+01,2.118172e+01,2.127110e+01,2.123674e+01,2.127110e+01,2.126423e+01,2.118860e+01,2.129172e+01,2.133294e+01,2.118172e+01,2.130546e+01,2.133294e+01,2.134668e+01,2.143592e+01,2.123674e+01,2.135355e+01,2.125048e+01,2.124361e+01,2.133294e+01,2.127798e+01,2.127110e+01,2.145650e+01,2.133981e+01,2.139474e+01,2.136041e+01,2.138788e+01,2.129859e+01,2.134668e+01,2.131233e+01,2.136041e+01,2.134668e+01,2.142906e+01,2.132607e+01,2.144278e+01,2.129859e+01,2.139474e+01,2.147708e+01,2.137415e+01,2.159362e+01,2.151137e+01,2.136728e+01,2.146336e+01,2.133981e+01,2.136041e+01,2.145650e+01,2.146336e+01,2.145650e+01,2.141533e+01,2.138788e+01,2.145650e+01,2.148394e+01,2.149080e+01,2.147022e+01,2.143592e+01,2.149080e+01,2.155250e+01,2.149766e+01
2.121611e+01,2.119548e+01,2.118860e+01,2.122986e+01,2.140847e+01,2.131233e+01,2.130546e+01,2.130546e+01,2.131920e+01,2.122298e+01,2.131920e+01,2.134668e+01,2.130546e+01,2.136728e+01,2.126423e+01,2.151823e+01,2.139474e+01,2.138788e+01,2.125736e+01,2.135355e+01,2.117484e+01,2.126423e+01,2.133981e+01,2.135355e+01,2.144964e+01,2.131233e+01,2.132607e+01,2.128485e+01,2.134668e+01,2.134668e+01,2.127798e+01,2.140161e+01,2.136041e+01,2.129172e+01,2.134668e+01,2.127798e+01,2.130546e+01,2.120923e+01,2.138101e+01,2.141533e+01,2.144278e+01,2.134668e+01,2.133981e+01,2.134668e+01,2.133981e+01,2.133294e+01,2.135355e+01,2.136728e+01,2.131233e+01,2.136728e+01,2.135355e+01,2.127798e+01,2.140161e+01,2.138788e+01,2.136041e+01,2.138788e+01,2.125048e+01,2.128485e+01,2.122298e+01,2.135355e+01,2.131920e+01,2.127798e+01,2.116108e+01,2.105782e+01,2.111979e+01,2.113355e+01,2.103716e+01,2.108537e+01,2.103716e+01,2.100960e+01,2.112667e+01,2.112667e+01,2.124361e+01,2.118860e+01,2.115420e+01,2.122986e+01,2.111979e+01,2.118172e+01,2.120235e+01,2.127798e+01,2.128485e+01,2.129859e+01,2.138788e+01,2.122986e+01,2.134668e+01,2.140161e+01,2.138101e+01,2.135355e+01,2.143592e+01,2.143592e+01,2.138101e+01,2.147708e+01,2.136728e+01,2.130546e+01,2.124361e+01,2.125048e+01,2.120235e+01,2.128485e+01,2.132607e+01,2.118172e+01,2.141533e+01,2.113355e+01,2.120235e+01,2.117484e+01,2.129859e+01,2.123674e+01,2.128485e+01,2.129859e+01,2.123674e+01,2.116796e+01,2.137415e+01,2.125048e+01,2.124361e+01,2.127110e+01,2.124361e+01,2.118860e+01,2.120923e+01,2.125736e+01,2.116796e+01,2.128485e+01,2.125736e+01,2.118860e+01,2.124361e+01,2.116108e+01,2.125736e+01,2.123674e+01,2.129172e+01,2.120235e+01,2.125736e+01,2.118860e+01,2.127798e+01,2.133294e+01,2.133294e+01,2.136728e+01,2.130546e+01,2.131233e+01,2.140847e+01,2.137415e+01,2.136041e+01,2.122986e+01,2.122986e+01,2.120235e+01,2.120923e+01,2.122986e+01,2.116796e+01,2.124361e+01,2.122298e+01,2.119548e+01,2.118172e+01,2.129172e+01,2.118860e+01,2.131233e+01,2.124361e+01,2.130546e+01,2.120923e+01,2.137415e+01,2.138788e+01,2.139474e+01,2.142220e+01,2.141533e+01,2.139474e+01,2.136728e+01,2.136728e+01,2.144278e+01,2.133981e+01,2.140161e+01,2.139474e+01,2.153880e+01,2.140161e+01,2.140161e+01,2.139474e+01,2.139474e+01,2.145650e+01,2.142906e+01,2.141533e+01,2.140161e+01,2.140161e+01,2.138101e+01,2.131233e+01,2.132607e+01,2.127110e+01,2.155936e+01,2.172371e+01,2.317084e+01,2.279912e+01,2.138788e+01,2.134668e+01,2.127798e+01,2.130546e+01,2.127110e+01,2.125048e+01,2.134668e+01,2.129172e+01,2.125048e+01,2.131920e+01,2.130546e+01,2.126423e+01,2.127798e+01,2.140847e+01,2.137415e+01,2.150451e+01,2.186046e+01,2.180578e+01,2.196291e+01,2.287357e+01,2.304258e+01,2.263649e+01,2.188096e+01,2.335957e+01,2.237847e+01,2.180578e+01,2.177843e+01,2.176475e+01,2.197656e+01,2.236487e+01,2.239206e+01,2.210616e+01,2.204479e+01,2.177843e+01,2.177159e+01,2.218793e+01,2.177159e+01,2.196291e+01,2.266361e+01,2.239886e+01,2.201750e+01,2.238527e+01,2.245322e+01,2.288710e+01,2.268395e+01,2.354123e+01,2.359499e+01,2.285327e+01,2.233086e+01,2.222879e+01,2.224921e+01,2.232406e+01,2.231046e+01,2.217430e+01,2.213342e+01,2.214705e+01,2.220155e+01,2.220155e+01,2.242604e+01,2.225602e+01,2.260258e+01,2.248039e+01,2.229685e+01,2.192194e+01,2.194925e+01,2.195608e+01,2.189462e+01,2.233086e+01,2.203115e+01,2.397057e+01,2.547926e+01,2.425803e+01,2.283974e+01,2.221517e+01,2.207889e+01,2.190145e+01,2.211298e+01,2.214024e+01,2.256186e+01,2.211298e+01,2.150451e+01,2.157306e+01,2.199703e+01,2.318433e+01,2.478411e+01,2.435812e+01,2.433811e+01,2.603865e+01,2.437146e+01,2.464452e+01,2.420461e+01,2.216068e+01,2.221517e+01,2.319782e+01,2.461791e+01,2.265683e+01,2.213342e+01,2.224921e+01,2.183312e+01,2.179211e+01,2.194243e+01,2.325177e+01,2.205161e+01,2.186729e+01,2.149080e+01,2.099582e+01,2.102338e+01,2.084409e+01,2.105094e+01,2.132607e+01,2.141533e+01,2.118172e+01,2.125736e+01,2.126423e+01,2.120235e+01,2.126423e+01,2.136728e+01,2.127110e+01,2.116108e+01,2.131920e+01,2.133294e+01,2.140161e+01,2.133981e+01,2.131920e+01,2.137415e+01,2.144278e+01,2.131233e+01,2.133981e+01,2.132607e+01,2.137415e+01,2.138101e+01,2.137415e+01,2.138788e+01,2.135355e+01,2.137415e+01,2.129859e+01,2.138788e+01,2.142906e+01,2.135355e+01,2.131233e+01,2.138788e+01,2.129172e+01,2.144964e+01,2.135355e+01,2.140161e+01,2.137415e+01,2.131920e+01,2.134668e+01,2.136041e+01,2.131920e+01,2.141533e+01,2.136041e+01,2.147022e+01,2.121611e+01,2.133981e+01,2.138101e+01,2.143592e+01,2.121611e+01,2.126423e+01,2.129172e+01,2.129172e+01,2.133981e+01,2.128485e+01,2.129859e+01,2.129172e+01,2.126423e+01,2.130546e+01,2.131233e+01,2.128485e+01,2.137415e+01,2.140161e+01,2.126423e+01,2.131233e+01,2.122298e+01,2.064374e+01,2.015153e+01,1.999156e+01,2.009591e+01,1.997764e+01,2.031124e+01,2.004723e+01,1.999852e+01,1.997764e+01,2.018627e+01,2.026266e+01,2.047762e+01,2.058840e+01,2.068522e+01,2.085099e+01,2.094757e+01,2.098203e+01,2.102338e+01,2.108537e+01,2.104405e+01,2.111291e+01,2.114044e+01,2.111979e+01,2.105094e+01,2.118172e+01,2.109225e+01,2.118172e+01,2.120235e+01,2.120923e+01,2.135355e+01,2.115420e+01,2.118172e+01,2.118172e+01,2.115420e+01,2.123674e+01,2.117484e+01,2.125736e+01,2.125048e+01,2.121611e+01,2.134668e+01,2.123674e+01,2.119548e+01,2.127798e+01,2.132607e+01,2.121611e+01,2.123674e+01,2.133981e+01,2.127798e+01,2.132607e+01,2.144278e+01,2.124361e+01,2.121611e+01,2.118860e+01,2.114044e+01,2.124361e+01,2.127798e+01,2.132607e+01,2.121611e+01,2.132607e+01,2.129172e+01,2.125048e+01,2.116796e+01,2.126423e+01,2.122986e+01,2.128485e+01,2.125736e+01,2.118860e+01,2.120235e+01,2.122986e+01,2.132607e+01,2.131233e+01,2.134668e+01,2.128485e+01,2.136728e+01,2.114732e+01,2.124361e+01,2.126423e+01,2.128485e+01,2.129172e+01,2.128485e+01,2.131920e+01,2.131233e+01,2.130546e+01,2.133981e+01,2.126423e+01,2.127110e+01,2.127110e+01,2.125048e+01,2.124361e+01,2.125736e+01,2.125048e+01,2.122986e+01,2.127110e+01,2.122986e+01,2.126423e+01,2.134668e+01,2.127798e+01,2.125048e+01,2.124361e+01,2.131233e+01,2.128485e+01,2.124361e+01,2.134668e+01,2.129172e+01,2.127110e+01,2.118172e+01,2.131233e+01,2.140161e+01,2.117484e+01,2.122298e+01,2.123674e+01,2.116108e+01,2.116796e+01,2.113355e+01,2.126423e+01,2.129859e+01,2.129172e+01,2.109914e+01,2.122986e+01,2.110602e+01,2.132607e+01,2.133294e+01,2.121611e+01,2.130546e+01,2.137415e+01,2.138788e+01,2.133981e+01,2.125048e+01,2.129172e+01,2.123674e+01,2.129172e+01,2.125736e+01,2.127110e+01,2.116108e+01,2.124361e+01,2.124361e+01,2.119548e+01,2.125736e+01,2.118172e+01,2.125736e+01,2.124361e+01,2.125048e+01,2.116796e+01,2.120923e+01,2.128485e+01,2.125048e+01,2.131920e+01,2.131233e+01,2.132607e+01,2.127798e+01,2.128485e+01,2.129859e+01,2.142220e+01,2.139474e+01,2.140161e+01,2.144278e+01,2.133981e+01,2.135355e+01,2.147022e+01,2.142906e+01,2.136728e+01,2.138101e+01,2.138101e+01,2.149080e+01,2.139474e+01,2.148394e+01,2.147022e+01,2.128485e+01,2.131920e+01,2.133981e+01,2.129172e+01,2.133294e+01,2.114732e+01,2.135355e+01,2.138101e+01,2.146336e+01,2.137415e+01,2.144278e+01,2.140161e+01,2.140847e+01,2.131233e+01,2.133981e+01,2.136041e+01,2.131920e+01,2.146336e+01,2.151823e+01,2.127110e+01,2.122986e+01,2.138101e+01,2.135355e+01,2.136728e+01,2.136041e+01,2.129859e+01,2.143592e+01,2.139474e+01,2.127110e+01,2.131233e+01,2.137415e+01,2.129859e+01,2.129859e+01,2.135355e+01,2.128485e+01,2.122986e+01,2.135355e+01,2.128485e+01,2.127110e+01,2.129172e+01,2.117484e+01,2.127110e+01,2.134668e+01,2.129859e+01,2.133294e+01,2.124361e+01,2.135355e+01,2.133294e+01,2.133294e+01,2.133981e+01,2.128485e+01,2.129172e+01,2.129859e+01,2.128485e+01,2.128485e+01,2.133981e+01,2.123674e+01,2.123674e+01,2.125048e+01,2.128485e+01,2.127798e+01,2.127798e+01,2.129172e+01,2.127798e+01,2.128485e+01,2.129859e+01,2.135355e+01,2.133294e+01,2.148394e+01,2.135355e+01,2.137415e+01,2.125736e+01,2.132607e+01,2.129172e+01,2.125048e+01,2.123674e+01,2.133981e+01,2.136041e+01,2.136041e+01,2.140847e+01,2.122986e+01,2.141533e+01,2.141533e+01,2.130546e+01,2.136041e+01,2.145650e+01,2.132607e+01,2.129172e+01,2.131233e+01,2.144964e+01,2.135355e+01,2.148394e+01,2.139474e+01,2.134668e+01,2.135355e+01,2.138788e+01,2.144964e+01,2.142220e+01,2.146336e+01,2.159362e+01,2.136728e+01,2.135355e+01,2.158677e+01,2.140161e+01,2.142220e+01,2.144278e+01,2.149766e+01,2.145650e+01,2.146336e+01,2.146336e+01,2.158677e+01,2.151137e+01,2.155250e+01,2.150451e+01
2.132607e+01,2.120923e+01,2.135355e+01,2.133981e+01,2.140161e+01,2.131920e+01,2.142220e+01,2.131920e+01,2.131920e+01,2.131920e+01,2.134668e+01,2.133294e+01,2.133294e+01,2.142906e+01,2.147708e+01,2.136728e+01,2.133294e+01,2.126423e+01,2.124361e+01,2.129172e+01,2.131233e+01,2.139474e+01,2.138788e+01,2.138101e+01,2.123674e+01,2.125736e+01,2.133294e+01,2.129172e+01,2.129859e+01,2.126423e+01,2.131233e+01,2.138101e+01,2.133294e+01,2.131233e+01,2.129172e+01,2.136728e+01,2.135355e+01,2.140847e+01,2.137415e+01,2.140161e+01,2.144278e+01,2.140161e+01,2.149080e+01,2.140161e+01,2.146336e+01,2.133981e+01,2.134668e+01,2.137415e+01,2.136728e+01,2.136728e+01,2.144964e+01,2.141533e+01,2.136728e+01,2.135355e+01,2.133294e+01,2.133294e+01,2.134668e+01,2.131233e+01,2.134668e+01,2.133294e+01,2.138101e+01,2.134668e+01,2.115420e+01,2.104405e+01,2.113355e+01,2.109225e+01,2.118172e+01,2.115420e+01,2.107848e+01,2.120923e+01,2.109914e+01,2.114732e+01,2.122298e+01,2.114732e+01,2.124361e+01,2.121611e+01,2.117484e+01,2.127110e+01,2.129172e+01,2.114732e+01,2.130546e+01,2.123674e+01,2.138101e+01,2.129859e+01,2.137415e+01,2.142906e+01,2.140847e+01,2.132607e+01,2.146336e+01,2.142906e+01,2.133981e+01,2.141533e+01,2.138101e+01,2.138101e+01,2.132607e+01,2.130546e+01,2.134668e+01,2.118860e+01,2.131920e+01,2.126423e+01,2.124361e+01,2.122986e+01,2.120235e+01,2.129859e+01,2.118172e+01,2.121611e+01,2.122986e+01,2.123674e+01,2.118860e+01,2.120923e+01,2.129859e+01,2.125048e+01,2.124361e+01,2.134668e+01,2.122298e+01,2.125736e+01,2.131233e+01,2.131920e+01,2.135355e+01,2.127798e+01,2.132607e+01,2.125736e+01,2.125736e+01,2.135355e+01,2.122298e+01,2.128485e+01,2.120923e+01,2.134668e+01,2.120923e+01,2.132607e+01,2.122986e+01,2.129172e+01,2.119548e+01,2.142220e+01,2.138101e+01,2.141533e+01,2.128485e+01,2.129859e+01,2.136041e+01,2.118860e+01,2.125736e+01,2.120235e+01,2.119548e+01,2.122298e+01,2.120923e+01,2.123674e+01,2.125736e+01,2.123674e+01,2.129172e+01,2.131233e+01,2.129172e+01,2.124361e+01,2.122298e+01,2.120235e+01,2.138101e+01,2.135355e+01,2.133294e+01,2.145650e+01,2.136728e+01,2.141533e+01,2.142220e+01,2.138101e+01,2.158677e+01,2.148394e+01,2.147022e+01,2.151823e+01,2.155250e+01,2.139474e+01,2.141533e+01,2.137415e+01,2.142220e+01,2.155936e+01,2.136041e+01,2.138788e+01,2.142906e+01,2.136728e+01,2.119548e+01,2.136041e+01,2.136041e+01,2.120923e+01,2.131920e+01,2.141533e+01,2.177159e+01,2.308310e+01,2.280589e+01,2.162787e+01,2.142906e+01,2.127110e+01,2.127110e+01,2.132607e+01,2.140161e+01,2.130546e+01,2.129859e+01,2.135355e+01,2.125048e+01,2.136728e+01,2.137415e+01,2.138788e+01,2.137415e+01,2.142220e+01,2.153194e+01,2.170318e+01,2.187413e+01,2.212661e+01,2.315060e+01,2.385670e+01,2.233086e+01,2.195608e+01,2.264327e+01,2.213342e+01,2.178527e+01,2.175107e+01,2.171002e+01,2.186046e+01,2.254829e+01,2.269750e+01,2.191511e+01,2.197656e+01,2.196291e+01,2.174423e+01,2.173055e+01,2.176475e+01,2.192194e+01,2.226963e+01,2.208571e+01,2.239206e+01,2.286680e+01,2.296825e+01,2.417121e+01,2.328547e+01,2.285327e+01,2.282620e+01,2.281266e+01,2.250077e+01,2.226963e+01,2.229685e+01,2.295473e+01,2.259579e+01,2.234447e+01,2.183996e+01,2.222879e+01,2.209252e+01,2.189462e+01,2.229685e+01,2.335283e+01,2.428473e+01,2.411774e+01,2.308310e+01,2.211298e+01,2.226963e+01,2.260258e+01,2.199021e+01,2.224240e+01,2.223560e+01,2.230365e+01,2.479739e+01,2.584155e+01,2.452473e+01,2.250756e+01,2.184679e+01,2.205843e+01,2.252793e+01,2.278557e+01,2.212661e+01,2.205843e+01,2.226282e+01,2.173055e+01,2.231046e+01,2.334610e+01,2.372257e+01,2.474425e+01,2.565068e+01,2.656898e+01,2.574945e+01,2.383659e+01,2.465117e+01,2.290063e+01,2.196291e+01,2.258901e+01,2.392369e+01,2.335283e+01,2.273816e+01,2.216068e+01,2.211979e+01,2.175791e+01,2.153194e+01,2.177159e+01,2.173739e+01,2.171002e+01,2.114732e+01,2.097514e+01,2.053995e+01,2.083719e+01,2.092688e+01,2.087859e+01,2.125048e+01,2.119548e+01,2.127798e+01,2.123674e+01,2.127798e+01,2.123674e+01,2.162787e+01,2.127110e+01,2.109225e+01,2.129859e+01,2.140161e+01,2.138101e+01,2.135355e+01,2.131920e+01,2.131920e+01,2.143592e+01,2.133294e+01,2.133981e+01,2.133981e+01,2.132607e+01,2.135355e+01,2.140847e+01,2.141533e+01,2.129859e+01,2.136728e+01,2.140161e+01,2.138788e+01,2.137415e+01,2.144278e+01,2.146336e+01,2.147708e+01,2.144278e+01,2.132607e+01,2.133294e+01,2.129172e+01,2.133294e+01,2.128485e+01,2.146336e+01,2.132607e+01,2.140161e+01,2.133294e+01,2.133981e+01,2.134668e+01,2.136728e+01,2.138788e+01,2.133981e+01,2.132607e+01,2.129172e+01,2.133981e+01,2.128485e+01,2.133294e+01,2.131920e+01,2.129172e+01,2.138101e+01,2.134668e+01,2.136728e+01,2.128485e+01,2.137415e+01,2.138101e+01,2.129172e+01,2.142220e+01,2.138101e+01,2.126423e+01,2.121611e+01,2.049840e+01,2.014458e+01,2.010287e+01,1.992193e+01,2.006810e+01,1.994979e+01,1.988013e+01,1.996371e+01,1.997764e+01,2.004027e+01,1.997068e+01,1.995675e+01,2.004723e+01,2.013068e+01,2.033899e+01,2.042912e+01,2.070596e+01,2.089929e+01,2.106471e+01,2.071287e+01,2.103027e+01,2.103716e+01,2.111979e+01,2.114044e+01,2.111291e+01,2.100271e+01,2.114044e+01,2.117484e+01,2.118860e+01,2.116796e+01,2.116796e+01,2.117484e+01,2.115420e+01,2.114732e+01,2.127798e+01,2.121611e+01,2.127110e+01,2.131920e+01,2.123674e+01,2.133294e+01,2.136041e+01,2.132607e+01,2.127110e+01,2.131233e+01,2.127110e+01,2.149766e+01,2.127798e+01,2.125736e+01,2.131920e+01,2.131233e+01,2.129859e+01,2.131920e+01,2.124361e+01,2.129172e+01,2.129172e+01,2.131233e+01,2.126423e+01,2.133294e+01,2.125736e+01,2.135355e+01,2.128485e+01,2.125736e+01,2.129172e+01,2.138788e+01,2.120235e+01,2.128485e+01,2.119548e+01,2.129172e+01,2.132607e+01,2.126423e+01,2.128485e+01,2.126423e+01,2.127110e+01,2.126423e+01,2.127110e+01,2.126423e+01,2.127798e+01,2.138101e+01,2.125736e+01,2.135355e+01,2.137415e+01,2.138101e+01,2.127110e+01,2.133981e+01,2.137415e+01,2.129859e+01,2.131233e+01,2.126423e+01,2.125736e+01,2.125736e+01,2.122298e+01,2.123674e+01,2.134668e+01,2.127798e+01,2.130546e+01,2.132607e+01,2.126423e+01,2.126423e+01,2.122298e+01,2.130546e+01,2.133981e+01,2.128485e+01,2.120235e+01,2.131233e+01,2.132607e+01,2.119548e+01,2.129859e+01,2.131920e+01,2.128485e+01,2.127110e+01,2.125736e+01,2.126423e+01,2.132607e+01,2.133294e+01,2.122298e+01,2.116796e+01,2.123674e+01,2.127798e+01,2.120923e+01,2.118172e+01,2.130546e+01,2.126423e+01,2.125736e+01,2.122298e+01,2.123674e+01,2.133981e+01,2.129859e+01,2.127798e+01,2.109914e+01,2.119548e+01,2.109914e+01,2.134668e+01,2.129859e+01,2.127798e+01,2.128485e+01,2.123674e+01,2.125736e+01,2.125736e+01,2.120923e+01,2.122986e+01,2.120235e+01,2.122298e+01,2.124361e+01,2.118860e+01,2.118860e+01,2.124361e+01,2.131233e+01,2.129172e+01,2.127798e+01,2.132607e+01,2.136728e+01,2.138788e+01,2.139474e+01,2.128485e+01,2.143592e+01,2.147708e+01,2.138101e+01,2.139474e+01,2.136041e+01,2.142220e+01,2.138101e+01,2.142906e+01,2.142220e+01,2.147022e+01,2.144278e+01,2.142906e+01,2.147022e+01,2.155936e+01,2.158677e+01,2.127798e+01,2.136728e+01,2.138788e+01,2.139474e+01,2.135355e+01,2.141533e+01,2.141533e+01,2.142906e+01,2.139474e+01,2.142220e+01,2.150451e+01,2.136041e+01,2.135355e+01,2.134668e+01,2.136041e+01,2.135355e+01,2.121611e+01,2.135355e+01,2.133981e+01,2.130546e+01,2.136728e+01,2.133981e+01,2.138788e+01,2.138101e+01,2.138788e+01,2.130546e+01,2.131920e+01,2.136041e+01,2.130546e+01,2.129172e+01,2.131920e+01,2.138101e+01,2.129172e+01,2.125048e+01,2.135355e+01,2.126423e+01,2.130546e+01,2.133294e+01,2.133981e+01,2.129859e+01,2.134668e+01,2.133294e+01,2.132607e+01,2.133294e+01,2.133294e+01,2.125736e+01,2.136041e+01,2.140161e+01,2.131233e+01,2.147708e+01,2.144964e+01,2.127110e+01,2.129172e+01,2.125048e+01,2.133294e+01,2.122986e+01,2.122986e+01,2.127798e+01,2.129859e+01,2.126423e+01,2.127798e+01,2.123674e+01,2.127110e+01,2.125736e+01,2.132607e+01,2.132607e+01,2.131920e+01,2.127110e+01,2.125048e+01,2.119548e+01,2.138788e+01,2.120923e+01,2.133981e+01,2.131233e+01,2.131920e+01,2.126423e+01,2.129172e+01,2.129172e+01,2.130546e+01,2.138101e+01,2.134668e+01,2.138101e+01,2.142220e+01,2.133981e+01,2.138788e+01,2.133294e+01,2.129172e+01,2.136041e+01,2.131920e+01,2.138788e+01,2.142906e+01,2.155250e+01,2.151137e+01,2.138101e+01,2.147022e+01,2.135355e+01,2.136041e+01,2.144278e+01,2.131920e+01,2.132607e+01,2.145650e+01,2.150451e+01,2.147022e+01,2.152508e+01,2.144278e+01,2.139474e+01,2.147022e+01,2.143592e+01,2.154565e+01,2.150451e+01,2.150451e+01,2.149766e+01
2.124361e+01,2.129859e+01,2.130546e+01,2.133294e+01,2.136728e+01,2.133981e+01,2.133294e+01,2.127798e+01,2.131920e+01,2.133294e+01,2.133981e+01,2.143592e+01,2.137415e+01,2.131233e+01,2.123674e+01,2.138101e+01,2.133294e+01,2.136728e+01,2.132607e+01,2.129172e+01,2.129172e+01,2.128485e+01,2.131233e+01,2.132607e+01,2.125736e+01,2.138101e+01,2.126423e+01,2.140161e+01,2.120235e+01,2.138101e+01,2.136041e+01,2.132607e+01,2.137415e+01,2.131233e+01,2.133981e+01,2.131233e+01,2.142220e+01,2.136728e+01,2.148394e+01,2.137415e+01,2.138101e+01,2.116108e+01,2.137415e+01,2.140161e+01,2.135355e+01,2.149766e+01,2.136041e+01,2.136728e+01,2.140847e+01,2.140161e+01,2.139474e+01,2.135355e+01,2.141533e+01,2.138101e+01,2.133294e+01,2.133294e+01,2.131233e+01,2.155936e+01,2.134668e+01,2.129172e+01,2.127798e+01,2.124361e+01,2.118172e+01,2.119548e+01,2.105782e+01,2.107160e+01,2.115420e+01,2.120235e+01,2.113355e+01,2.120923e+01,2.098893e+01,2.118172e+01,2.113355e+01,2.118860e+01,2.116796e+01,2.123674e+01,2.129172e+01,2.117484e+01,2.122298e+01,2.122298e+01,2.132607e+01,2.137415e+01,2.136041e+01,2.140161e+01,2.131920e+01,2.142220e+01,2.142906e+01,2.132607e+01,2.142906e+01,2.127110e+01,2.131920e+01,2.135355e+01,2.131920e+01,2.136728e+01,2.133981e+01,2.136041e+01,2.123674e+01,2.126423e+01,2.109914e+01,2.131920e+01,2.114732e+01,2.114044e+01,2.120235e+01,2.125048e+01,2.120235e+01,2.118172e+01,2.125048e+01,2.118172e+01,2.125048e+01,2.127110e+01,2.122298e+01,2.123674e+01,2.123674e+01,2.131920e+01,2.134668e+01,2.131920e+01,2.131233e+01,2.134668e+01,2.132607e+01,2.119548e+01,2.130546e+01,2.133981e+01,2.136041e+01,2.134668e+01,2.118172e+01,2.125736e+01,2.136728e+01,2.124361e+01,2.127798e+01,2.131920e+01,2.127798e+01,2.134668e+01,2.129172e+01,2.136728e+01,2.133981e+01,2.155250e+01,2.145650e+01,2.130546e+01,2.135355e+01,2.140847e+01,2.120235e+01,2.131920e+01,2.120235e+01,2.117484e+01,2.126423e+01,2.124361e+01,2.125736e+01,2.120923e+01,2.125736e+01,2.127110e+01,2.119548e+01,2.118860e+01,2.122986e+01,2.123674e+01,2.125736e+01,2.134668e+01,2.137415e+01,2.138101e+01,2.138788e+01,2.143592e+01,2.141533e+01,2.131920e+01,2.140847e+01,2.141533e+01,2.144964e+01,2.149080e+01,2.145650e+01,2.132607e+01,2.133981e+01,2.138101e+01,2.138788e+01,2.142906e+01,2.142906e+01,2.144278e+01,2.142906e+01,2.138101e+01,2.139474e+01,2.135355e+01,2.131920e+01,2.131233e+01,2.125736e+01,2.130546e+01,2.175107e+01,2.301556e+01,2.280589e+01,2.161417e+01,2.137415e+01,2.132607e+01,2.142220e+01,2.138788e+01,2.131233e+01,2.127798e+01,2.122986e+01,2.133981e+01,2.134668e+01,2.135355e+01,2.141533e+01,2.129172e+01,2.139474e+01,2.147708e+01,2.151137e+01,2.167580e+01,2.192877e+01,2.199703e+01,2.260258e+01,2.284650e+01,2.221517e+01,2.206525e+01,2.192194e+01,2.201750e+01,2.185363e+01,2.174423e+01,2.171002e+01,2.196973e+01,2.246002e+01,2.200386e+01,2.190145e+01,2.187413e+01,2.210616e+01,2.229685e+01,2.187413e+01,2.177843e+01,2.201068e+01,2.312361e+01,2.206525e+01,2.207889e+01,2.241925e+01,2.309660e+01,2.387010e+01,2.383659e+01,2.286680e+01,2.260936e+01,2.253472e+01,2.236487e+01,2.220836e+01,2.224240e+01,2.231726e+01,2.281266e+01,2.214705e+01,2.173739e+01,2.177159e+01,2.163472e+01,2.186046e+01,2.244643e+01,2.399734e+01,2.427138e+01,2.308310e+01,2.229685e+01,2.191511e+01,2.272461e+01,2.310335e+01,2.311011e+01,2.191511e+01,2.202432e+01,2.220155e+01,2.212661e+01,2.302907e+01,2.233086e+01,2.179894e+01,2.183996e+01,2.205161e+01,2.302231e+01,2.340670e+01,2.218793e+01,2.219474e+01,2.199703e+01,2.242604e+01,2.197656e+01,2.272461e+01,2.366216e+01,2.370244e+01,2.370915e+01,2.437146e+01,2.358827e+01,2.346726e+01,2.353451e+01,2.306284e+01,2.195608e+01,2.205161e+01,2.237847e+01,2.222879e+01,2.452473e+01,2.309660e+01,2.237167e+01,2.192877e+01,2.165526e+01,2.155250e+01,2.142220e+01,2.121611e+01,2.103027e+01,2.051918e+01,2.053303e+01,2.077505e+01,2.073360e+01,2.085789e+01,2.087169e+01,2.105782e+01,2.118860e+01,2.120235e+01,2.122986e+01,2.133294e+01,2.169633e+01,2.116108e+01,2.133294e+01,2.138788e+01,2.139474e+01,2.131920e+01,2.136041e+01,2.136728e+01,2.139474e+01,2.139474e+01,2.136041e+01,2.130546e+01,2.129172e+01,2.131233e+01,2.127798e+01,2.127110e+01,2.133981e+01,2.136041e+01,2.131920e+01,2.135355e+01,2.142220e+01,2.136041e+01,2.136041e+01,2.134668e+01,2.151823e+01,2.137415e+01,2.135355e+01,2.132607e+01,2.116108e+01,2.136728e+01,2.132607e+01,2.141533e+01,2.133981e+01,2.136041e+01,2.132607e+01,2.136041e+01,2.123674e+01,2.133981e+01,2.132607e+01,2.140161e+01,2.135355e+01,2.133981e+01,2.137415e+01,2.135355e+01,2.135355e+01,2.138101e+01,2.131920e+01,2.129172e+01,2.141533e+01,2.135355e+01,2.131233e+01,2.131920e+01,2.130546e+01,2.120235e+01,2.137415e+01,2.123674e+01,2.131233e+01,2.118860e+01,2.060223e+01,2.012372e+01,2.002636e+01,1.996371e+01,2.002636e+01,1.992890e+01,1.992193e+01,1.994979e+01,1.989407e+01,1.999852e+01,2.003332e+01,1.998460e+01,1.999852e+01,1.983831e+01,1.997068e+01,2.001244e+01,2.019321e+01,2.029042e+01,2.039447e+01,2.067831e+01,2.080957e+01,2.105094e+01,2.107160e+01,2.109914e+01,2.103027e+01,2.110602e+01,2.100271e+01,2.121611e+01,2.118172e+01,2.113355e+01,2.123674e+01,2.114044e+01,2.114044e+01,2.116108e+01,2.122986e+01,2.125048e+01,2.132607e+01,2.125048e+01,2.129172e+01,2.132607e+01,2.134668e+01,2.133294e+01,2.123674e+01,2.131233e+01,2.132607e+01,2.131233e+01,2.122986e+01,2.131920e+01,2.123674e+01,2.133981e+01,2.125048e+01,2.128485e+01,2.127798e+01,2.122986e+01,2.132607e+01,2.124361e+01,2.125736e+01,2.122298e+01,2.124361e+01,2.125048e+01,2.126423e+01,2.126423e+01,2.127110e+01,2.118860e+01,2.116108e+01,2.128485e+01,2.131233e+01,2.126423e+01,2.132607e+01,2.129859e+01,2.127110e+01,2.130546e+01,2.131920e+01,2.124361e+01,2.118172e+01,2.126423e+01,2.127798e+01,2.130546e+01,2.128485e+01,2.128485e+01,2.138788e+01,2.130546e+01,2.130546e+01,2.135355e+01,2.130546e+01,2.138788e+01,2.129172e+01,2.125048e+01,2.125048e+01,2.124361e+01,2.122986e+01,2.137415e+01,2.129859e+01,2.130546e+01,2.122986e+01,2.123674e+01,2.126423e+01,2.125736e+01,2.125736e+01,2.126423e+01,2.116796e+01,2.130546e+01,2.140161e+01,2.130546e+01,2.123674e+01,2.135355e+01,2.129859e+01,2.125048e+01,2.125736e+01,2.129859e+01,2.121611e+01,2.121611e+01,2.127798e+01,2.145650e+01,2.116108e+01,2.116108e+01,2.130546e+01,2.120923e+01,2.122298e+01,2.133294e+01,2.133981e+01,2.116108e+01,2.125736e+01,2.131920e+01,2.116796e+01,2.116796e+01,2.116108e+01,2.122298e+01,2.133981e+01,2.119548e+01,2.127110e+01,2.122298e+01,2.128485e+01,2.122986e+01,2.125048e+01,2.124361e+01,2.129172e+01,2.124361e+01,2.117484e+01,2.122298e+01,2.112667e+01,2.125048e+01,2.123674e+01,2.116108e+01,2.118172e+01,2.118172e+01,2.130546e+01,2.133981e+01,2.130546e+01,2.129859e+01,2.126423e+01,2.126423e+01,2.143592e+01,2.129172e+01,2.136041e+01,2.134668e+01,2.133294e+01,2.142220e+01,2.137415e+01,2.137415e+01,2.139474e+01,2.141533e+01,2.139474e+01,2.138788e+01,2.142906e+01,2.134668e+01,2.137415e+01,2.142220e+01,2.135355e+01,2.128485e+01,2.136041e+01,2.138788e+01,2.137415e+01,2.138788e+01,2.137415e+01,2.136041e+01,2.145650e+01,2.139474e+01,2.152508e+01,2.137415e+01,2.138788e+01,2.137415e+01,2.136728e+01,2.136041e+01,2.118860e+01,2.138101e+01,2.120923e+01,2.133981e+01,2.138788e+01,2.131233e+01,2.138788e+01,2.130546e+01,2.131233e+01,2.140161e+01,2.136041e+01,2.126423e+01,2.136041e+01,2.131920e+01,2.131920e+01,2.137415e+01,2.138788e+01,2.133294e+01,2.144278e+01,2.128485e+01,2.133294e+01,2.125736e+01,2.127110e+01,2.129859e+01,2.137415e+01,2.133294e+01,2.120235e+01,2.122986e+01,2.124361e+01,2.136041e+01,2.133294e+01,2.143592e+01,2.133294e+01,2.157306e+01,2.140161e+01,2.137415e+01,2.137415e+01,2.127798e+01,2.139474e+01,2.137415e+01,2.136728e+01,2.124361e+01,2.122298e+01,2.127798e+01,2.129172e+01,2.125736e+01,2.135355e+01,2.116796e+01,2.124361e+01,2.132607e+01,2.116796e+01,2.138101e+01,2.128485e+01,2.135355e+01,2.129172e+01,2.129859e+01,2.122298e+01,2.128485e+01,2.129859e+01,2.127110e+01,2.128485e+01,2.132607e+01,2.125048e+01,2.149080e+01,2.131233e+01,2.144278e+01,2.134668e+01,2.141533e+01,2.120923e+01,2.136728e+01,2.126423e+01,2.135355e+01,2.133294e+01,2.150451e+01,2.142220e+01,2.127798e+01,2.134668e+01,2.139474e+01,2.139474e+01,2.133981e+01,2.144278e+01,2.142906e+01,2.144964e+01,2.144278e+01,2.138788e+01,2.131920e+01,2.131920e+01,2.131920e+01,2.135355e+01,2.143592e+01,2.166895e+01,2.152508e+01,2.143592e+01,2.154565e+01,2.155936e+01,2.154565e+01,2.153880e+01
2.136728e+01,2.136728e+01,2.125736e+01,2.132607e+01,2.130546e+01,2.130546e+01,2.129859e+01,2.118172e+01,2.101649e+01,2.135355e+01,2.133981e+01,2.133981e+01,2.140847e+01,2.136041e+01,2.139474e+01,2.131233e+01,2.133981e+01,2.138101e+01,2.137415e+01,2.136041e+01,2.139474e+01,2.130546e+01,2.123674e+01,2.127110e+01,2.124361e+01,2.133294e+01,2.136041e+01,2.139474e+01,2.127798e+01,2.131233e+01,2.132607e+01,2.139474e+01,2.141533e+01,2.131920e+01,2.137415e+01,2.134668e+01,2.138788e+01,2.143592e+01,2.145650e+01,2.136041e+01,2.122298e+01,2.143592e+01,2.131233e+01,2.144964e+01,2.140161e+01,2.140847e+01,2.133294e+01,2.122298e+01,2.136728e+01,2.131920e+01,2.128485e+01,2.137415e+01,2.140161e+01,2.133981e+01,2.138101e+01,2.147708e+01,2.120923e+01,2.121611e+01,2.138101e+01,2.134668e+01,2.140161e+01,2.125736e+01,2.121611e+01,2.105094e+01,2.103027e+01,2.110602e+01,2.111291e+01,2.115420e+01,2.116796e+01,2.113355e+01,2.109914e+01,2.113355e+01,2.114044e+01,2.112667e+01,2.098203e+01,2.115420e+01,2.109225e+01,2.111291e+01,2.111291e+01,2.131233e+01,2.134668e+01,2.138788e+01,2.132607e+01,2.139474e+01,2.143592e+01,2.131920e+01,2.142906e+01,2.139474e+01,2.140847e+01,2.139474e+01,2.140161e+01,2.140161e+01,2.139474e+01,2.134668e+01,2.134668e+01,2.122986e+01,2.122298e+01,2.129172e+01,2.122298e+01,2.118860e+01,2.131233e+01,2.126423e+01,2.119548e+01,2.133294e+01,2.111979e+01,2.127110e+01,2.126423e+01,2.119548e+01,2.126423e+01,2.129172e+01,2.117484e+01,2.120235e+01,2.124361e+01,2.125048e+01,2.127798e+01,2.134668e+01,2.134668e+01,2.128485e+01,2.131920e+01,2.128485e+01,2.131920e+01,2.134668e+01,2.127798e+01,2.125736e+01,2.131920e+01,2.124361e+01,2.124361e+01,2.133981e+01,2.122298e+01,2.133294e+01,2.117484e+01,2.136041e+01,2.132607e+01,2.136728e+01,2.137415e+01,2.143592e+01,2.137415e+01,2.144278e+01,2.135355e+01,2.132607e+01,2.118860e+01,2.118860e+01,2.120235e+01,2.120235e+01,2.118860e+01,2.124361e+01,2.125048e+01,2.120235e+01,2.129859e+01,2.127798e+01,2.129859e+01,2.120235e+01,2.138101e+01,2.120235e+01,2.133294e+01,2.125736e+01,2.136041e+01,2.139474e+01,2.136728e+01,2.138101e+01,2.143592e+01,2.144964e+01,2.147708e+01,2.145650e+01,2.144964e+01,2.147022e+01,2.140847e+01,2.142220e+01,2.145650e+01,2.140161e+01,2.144964e+01,2.147708e+01,2.148394e+01,2.144964e+01,2.148394e+01,2.149766e+01,2.153194e+01,2.136728e+01,2.138101e+01,2.130546e+01,2.139474e+01,2.132607e+01,2.149080e+01,2.290739e+01,2.299529e+01,2.153880e+01,2.151137e+01,2.136728e+01,2.126423e+01,2.142906e+01,2.141533e+01,2.129859e+01,2.134668e+01,2.140847e+01,2.140161e+01,2.135355e+01,2.139474e+01,2.125048e+01,2.142220e+01,2.141533e+01,2.142906e+01,2.172371e+01,2.187413e+01,2.196973e+01,2.258222e+01,2.327199e+01,2.321131e+01,2.288033e+01,2.206525e+01,2.180578e+01,2.196973e+01,2.201068e+01,2.197656e+01,2.226963e+01,2.251435e+01,2.194925e+01,2.200386e+01,2.200386e+01,2.171686e+01,2.188096e+01,2.172371e+01,2.212661e+01,2.262292e+01,2.241245e+01,2.207207e+01,2.199021e+01,2.192877e+01,2.214024e+01,2.235127e+01,2.245322e+01,2.249398e+01,2.224921e+01,2.250756e+01,2.216068e+01,2.229685e+01,2.207207e+01,2.215387e+01,2.227644e+01,2.220836e+01,2.184679e+01,2.179211e+01,2.174423e+01,2.167580e+01,2.199021e+01,2.335283e+01,2.399734e+01,2.245322e+01,2.186729e+01,2.155250e+01,2.158677e+01,2.196973e+01,2.198338e+01,2.198338e+01,2.156621e+01,2.205161e+01,2.220836e+01,2.188779e+01,2.168264e+01,2.166211e+01,2.197656e+01,2.199703e+01,2.264327e+01,2.337977e+01,2.219474e+01,2.176475e+01,2.178527e+01,2.199703e+01,2.231726e+01,2.246681e+01,2.269750e+01,2.256865e+01,2.289387e+01,2.298853e+01,2.312361e+01,2.366887e+01,2.356139e+01,2.281266e+01,2.205843e+01,2.204479e+01,2.183312e+01,2.184679e+01,2.363530e+01,2.322480e+01,2.308985e+01,2.186729e+01,2.175107e+01,2.138788e+01,2.118172e+01,2.116108e+01,2.092688e+01,2.074051e+01,2.053995e+01,2.067831e+01,2.065065e+01,2.067831e+01,2.060915e+01,2.085099e+01,2.087859e+01,2.082338e+01,2.114732e+01,2.133981e+01,2.120923e+01,2.131233e+01,2.138101e+01,2.140847e+01,2.135355e+01,2.138788e+01,2.131233e+01,2.138788e+01,2.141533e+01,2.138788e+01,2.136041e+01,2.133981e+01,2.137415e+01,2.131920e+01,2.132607e+01,2.131920e+01,2.138788e+01,2.140847e+01,2.140161e+01,2.142220e+01,2.142220e+01,2.136041e+01,2.140161e+01,2.139474e+01,2.149080e+01,2.131233e+01,2.132607e+01,2.138788e+01,2.128485e+01,2.135355e+01,2.133294e+01,2.129859e+01,2.138101e+01,2.143592e+01,2.140161e+01,2.140161e+01,2.129859e+01,2.135355e+01,2.133294e+01,2.136728e+01,2.134668e+01,2.137415e+01,2.121611e+01,2.130546e+01,2.134668e+01,2.138788e+01,2.136728e+01,2.137415e+01,2.134668e+01,2.133294e+01,2.133294e+01,2.123674e+01,2.144964e+01,2.127798e+01,2.136728e+01,2.126423e+01,2.128485e+01,2.127798e+01,2.050533e+01,2.017237e+01,2.011677e+01,1.999852e+01,1.997068e+01,1.992890e+01,1.997068e+01,1.992890e+01,1.987316e+01,1.988710e+01,1.999156e+01,1.990800e+01,1.993586e+01,1.992193e+01,1.994283e+01,1.975462e+01,1.993586e+01,1.997068e+01,2.007505e+01,2.034592e+01,2.047762e+01,2.058840e+01,2.083719e+01,2.105094e+01,2.106471e+01,2.096135e+01,2.116108e+01,2.114732e+01,2.118860e+01,2.118860e+01,2.114044e+01,2.120923e+01,2.116108e+01,2.116796e+01,2.132607e+01,2.126423e+01,2.125736e+01,2.137415e+01,2.133294e+01,2.123674e+01,2.121611e+01,2.120235e+01,2.120923e+01,2.129172e+01,2.125048e+01,2.133294e+01,2.123674e+01,2.138788e+01,2.125048e+01,2.133981e+01,2.124361e+01,2.130546e+01,2.125736e+01,2.124361e+01,2.125736e+01,2.130546e+01,2.127798e+01,2.133981e+01,2.127798e+01,2.125736e+01,2.122986e+01,2.127798e+01,2.131233e+01,2.132607e+01,2.118860e+01,2.118172e+01,2.118860e+01,2.126423e+01,2.120923e+01,2.131920e+01,2.118860e+01,2.133981e+01,2.126423e+01,2.125048e+01,2.127798e+01,2.126423e+01,2.114044e+01,2.127798e+01,2.131233e+01,2.133981e+01,2.129859e+01,2.132607e+01,2.137415e+01,2.129859e+01,2.136728e+01,2.138788e+01,2.125048e+01,2.129859e+01,2.129859e+01,2.125048e+01,2.119548e+01,2.142220e+01,2.127798e+01,2.130546e+01,2.133294e+01,2.129172e+01,2.131233e+01,2.132607e+01,2.125048e+01,2.128485e+01,2.127110e+01,2.116796e+01,2.118860e+01,2.126423e+01,2.129172e+01,2.125048e+01,2.133294e+01,2.125736e+01,2.127798e+01,2.129172e+01,2.126423e+01,2.118860e+01,2.126423e+01,2.117484e+01,2.115420e+01,2.118172e+01,2.123674e+01,2.123674e+01,2.122298e+01,2.122986e+01,2.106471e+01,2.118172e+01,2.118172e+01,2.120235e+01,2.122986e+01,2.140847e+01,2.127110e+01,2.127110e+01,2.124361e+01,2.122986e+01,2.130546e+01,2.129172e+01,2.113355e+01,2.129859e+01,2.120923e+01,2.120235e+01,2.120235e+01,2.122986e+01,2.120235e+01,2.125048e+01,2.118172e+01,2.116796e+01,2.122986e+01,2.119548e+01,2.115420e+01,2.129859e+01,2.122986e+01,2.127798e+01,2.125736e+01,2.142220e+01,2.127110e+01,2.131233e+01,2.139474e+01,2.132607e+01,2.137415e+01,2.132607e+01,2.136041e+01,2.149080e+01,2.141533e+01,2.141533e+01,2.142906e+01,2.140847e+01,2.148394e+01,2.148394e+01,2.144278e+01,2.136041e+01,2.135355e+01,2.132607e+01,2.150451e+01,2.130546e+01,2.128485e+01,2.140161e+01,2.144278e+01,2.145650e+01,2.130546e+01,2.129172e+01,2.131233e+01,2.138788e+01,2.142906e+01,2.137415e+01,2.150451e+01,2.142906e+01,2.133294e+01,2.130546e+01,2.138788e+01,2.127798e+01,2.140161e+01,2.139474e+01,2.131920e+01,2.134668e+01,2.150451e+01,2.129859e+01,2.144964e+01,2.127110e+01,2.127798e+01,2.131920e+01,2.127798e+01,2.142906e+01,2.138101e+01,2.131233e+01,2.142220e+01,2.127110e+01,2.133294e+01,2.137415e+01,2.142906e+01,2.131920e+01,2.136728e+01,2.126423e+01,2.133981e+01,2.142220e+01,2.142906e+01,2.130546e+01,2.136041e+01,2.134668e+01,2.133981e+01,2.132607e+01,2.137415e+01,2.153194e+01,2.133294e+01,2.138788e+01,2.142906e+01,2.141533e+01,2.138788e+01,2.137415e+01,2.142906e+01,2.122986e+01,2.135355e+01,2.129859e+01,2.146336e+01,2.131920e+01,2.127798e+01,2.139474e+01,2.135355e+01,2.124361e+01,2.125736e+01,2.133294e+01,2.132607e+01,2.128485e+01,2.133981e+01,2.119548e+01,2.123674e+01,2.123674e+01,2.133294e+01,2.124361e+01,2.128485e+01,2.130546e+01,2.133981e+01,2.140847e+01,2.129859e+01,2.144964e+01,2.131233e+01,2.130546e+01,2.134668e+01,2.137415e+01,2.144278e+01,2.136728e+01,2.131920e+01,2.140847e+01,2.140161e+01,2.138101e+01,2.146336e+01,2.137415e+01,2.132607e+01,2.140847e+01,2.136728e+01,2.144278e+01,2.133294e+01,2.147022e+01,2.140847e+01,2.149080e+01,2.138101e+01,2.147708e+01,2.132607e+01,2.138101e+01,2.122986e+01,2.162102e+01,2.153194e+01,2.153880e+01,2.151823e+01,2.152508e+01,2.149080e+01
2.136728e+01,2.131233e+01,2.129859e+01,2.136041e+01,2.120923e+01,2.138101e+01,2.122298e+01,2.136041e+01,2.137415e+01,2.138101e+01,2.133294e+01,2.132607e+01,2.136041e+01,2.140847e+01,2.137415e+01,2.134668e+01,2.126423e+01,2.129172e+01,2.132607e+01,2.140161e+01,2.126423e+01,2.131920e+01,2.131233e+01,2.126423e+01,2.134668e+01,2.140161e+01,2.131233e+01,2.136041e+01,2.122298e+01,2.125048e+01,2.143592e+01,2.133981e+01,2.134668e+01,2.137415e+01,2.135355e+01,2.131920e+01,2.134668e+01,2.143592e+01,2.140161e+01,2.136728e+01,2.133981e+01,2.146336e+01,2.139474e+01,2.136728e+01,2.130546e+01,2.146336e+01,2.142220e+01,2.138101e+01,2.137415e+01,2.145650e+01,2.138788e+01,2.147022e+01,2.128485e+01,2.138101e+01,2.131233e+01,2.126423e+01,2.129859e+01,2.135355e+01,2.138101e+01,2.129172e+01,2.134668e+01,2.127798e+01,2.129859e+01,2.107848e+01,2.118860e+01,2.100271e+01,2.099582e+01,2.114044e+01,2.118860e+01,2.109225e+01,2.113355e+01,2.116796e+01,2.120235e+01,2.127110e+01,2.098203e+01,2.131233e+01,2.118172e+01,2.113355e+01,2.129859e+01,2.126423e+01,2.132607e+01,2.129859e+01,2.142220e+01,2.137415e+01,2.142220e+01,2.136041e+01,2.142220e+01,2.142906e+01,2.141533e+01,2.138101e+01,2.138788e+01,2.136728e+01,2.140161e+01,2.133294e+01,2.131920e+01,2.131920e+01,2.122986e+01,2.117484e+01,2.118860e+01,2.130546e+01,2.124361e+01,2.127110e+01,2.114044e+01,2.122298e+01,2.114732e+01,2.127798e+01,2.133981e+01,2.130546e+01,2.126423e+01,2.120923e+01,2.129172e+01,2.131233e+01,2.133294e+01,2.142906e+01,2.129172e+01,2.123674e+01,2.135355e+01,2.133981e+01,2.134668e+01,2.124361e+01,2.130546e+01,2.127110e+01,2.128485e+01,2.134668e+01,2.129859e+01,2.120235e+01,2.134668e+01,2.136728e+01,2.120235e+01,2.112667e+01,2.114044e+01,2.119548e+01,2.130546e+01,2.132607e+01,2.129859e+01,2.141533e+01,2.135355e+01,2.148394e+01,2.152508e+01,2.134668e+01,2.132607e+01,2.128485e+01,2.117484e+01,2.132607e+01,2.116108e+01,2.114044e+01,2.122986e+01,2.118172e+01,2.124361e+01,2.127798e+01,2.125736e+01,2.121611e+01,2.129859e+01,2.137415e+01,2.126423e+01,2.120923e+01,2.133981e+01,2.140161e+01,2.129172e+01,2.140161e+01,2.142220e+01,2.137415e+01,2.143592e+01,2.146336e+01,2.155250e+01,2.145650e+01,2.144278e+01,2.136728e+01,2.141533e+01,2.150451e+01,2.144964e+01,2.138788e+01,2.144964e+01,2.151137e+01,2.146336e+01,2.142906e+01,2.142906e+01,2.141533e+01,2.136041e+01,2.133981e+01,2.136728e+01,2.144278e+01,2.185363e+01,2.296825e+01,2.315735e+01,2.168949e+01,2.145650e+01,2.142906e+01,2.147708e+01,2.140847e+01,2.132607e+01,2.135355e+01,2.141533e+01,2.133981e+01,2.130546e+01,2.140847e+01,2.140161e+01,2.129859e+01,2.142220e+01,2.130546e+01,2.147022e+01,2.172371e+01,2.176475e+01,2.199703e+01,2.277880e+01,2.268395e+01,2.267039e+01,2.233086e+01,2.212661e+01,2.229004e+01,2.192877e+01,2.198338e+01,2.215387e+01,2.214705e+01,2.248719e+01,2.208571e+01,2.250077e+01,2.234447e+01,2.181262e+01,2.190828e+01,2.172371e+01,2.207889e+01,2.208571e+01,2.205843e+01,2.232406e+01,2.264327e+01,2.210616e+01,2.205843e+01,2.210616e+01,2.233086e+01,2.226963e+01,2.219474e+01,2.224921e+01,2.226963e+01,2.206525e+01,2.233086e+01,2.260258e+01,2.283974e+01,2.335957e+01,2.241245e+01,2.181945e+01,2.173055e+01,2.179211e+01,2.166895e+01,2.199703e+01,2.246002e+01,2.227644e+01,2.170318e+01,2.152508e+01,2.153880e+01,2.155250e+01,2.156621e+01,2.157991e+01,2.172371e+01,2.147022e+01,2.155250e+01,2.167580e+01,2.147708e+01,2.188096e+01,2.190145e+01,2.188096e+01,2.191511e+01,2.215387e+01,2.177843e+01,2.177843e+01,2.176475e+01,2.195608e+01,2.226963e+01,2.272461e+01,2.256186e+01,2.226282e+01,2.269073e+01,2.316409e+01,2.313035e+01,2.357483e+01,2.370915e+01,2.218112e+01,2.204479e+01,2.179894e+01,2.184679e+01,2.187413e+01,2.222198e+01,2.195608e+01,2.193560e+01,2.152508e+01,2.170318e+01,2.157306e+01,2.102338e+01,2.110602e+01,2.098203e+01,2.084409e+01,2.084409e+01,2.076814e+01,2.058840e+01,2.072669e+01,2.083028e+01,2.083028e+01,2.089929e+01,2.085099e+01,2.078195e+01,2.087859e+01,2.113355e+01,2.129859e+01,2.125736e+01,2.131920e+01,2.128485e+01,2.159362e+01,2.140847e+01,2.133981e+01,2.136728e+01,2.138788e+01,2.139474e+01,2.133981e+01,2.139474e+01,2.136728e+01,2.133294e+01,2.140847e+01,2.138101e+01,2.132607e+01,2.149766e+01,2.149080e+01,2.140847e+01,2.139474e+01,2.134668e+01,2.137415e+01,2.143592e+01,2.140161e+01,2.133294e+01,2.140161e+01,2.139474e+01,2.131233e+01,2.130546e+01,2.141533e+01,2.133294e+01,2.148394e+01,2.140847e+01,2.141533e+01,2.136728e+01,2.147022e+01,2.136041e+01,2.131233e+01,2.133981e+01,2.136728e+01,2.118860e+01,2.133294e+01,2.132607e+01,2.142906e+01,2.126423e+01,2.138788e+01,2.138101e+01,2.119548e+01,2.138788e+01,2.136041e+01,2.143592e+01,2.149766e+01,2.160732e+01,2.129172e+01,2.134668e+01,2.121611e+01,2.070596e+01,2.006114e+01,2.001244e+01,2.000548e+01,2.000548e+01,1.991496e+01,1.999852e+01,1.993586e+01,1.995675e+01,1.988710e+01,1.997764e+01,1.992193e+01,1.992890e+01,1.988710e+01,1.994283e+01,1.981042e+01,1.992193e+01,1.997068e+01,1.998460e+01,2.005419e+01,2.013068e+01,2.030430e+01,2.049148e+01,2.077505e+01,2.076814e+01,2.113355e+01,2.101649e+01,2.117484e+01,2.095446e+01,2.119548e+01,2.112667e+01,2.118860e+01,2.125736e+01,2.121611e+01,2.129859e+01,2.126423e+01,2.125048e+01,2.127110e+01,2.121611e+01,2.120923e+01,2.133981e+01,2.138101e+01,2.127110e+01,2.137415e+01,2.129859e+01,2.126423e+01,2.122986e+01,2.138101e+01,2.135355e+01,2.125736e+01,2.123674e+01,2.122986e+01,2.130546e+01,2.120235e+01,2.130546e+01,2.133294e+01,2.125736e+01,2.121611e+01,2.125048e+01,2.122298e+01,2.124361e+01,2.131233e+01,2.122986e+01,2.131233e+01,2.122986e+01,2.128485e+01,2.129172e+01,2.131233e+01,2.127798e+01,2.114732e+01,2.134668e+01,2.137415e+01,2.136041e+01,2.135355e+01,2.127798e+01,2.128485e+01,2.127110e+01,2.129172e+01,2.138101e+01,2.132607e+01,2.133294e+01,2.139474e+01,2.131233e+01,2.133294e+01,2.139474e+01,2.127798e+01,2.127110e+01,2.122298e+01,2.125048e+01,2.136041e+01,2.129172e+01,2.125736e+01,2.125048e+01,2.128485e+01,2.129859e+01,2.130546e+01,2.131233e+01,2.127110e+01,2.135355e+01,2.122298e+01,2.123674e+01,2.114044e+01,2.127798e+01,2.129172e+01,2.122298e+01,2.129859e+01,2.127110e+01,2.128485e+01,2.130546e+01,2.138101e+01,2.119548e+01,2.125736e+01,2.123674e+01,2.127798e+01,2.127110e+01,2.124361e+01,2.123674e+01,2.121611e+01,2.125048e+01,2.119548e+01,2.123674e+01,2.127798e+01,2.130546e+01,2.129859e+01,2.133981e+01,2.129172e+01,2.131233e+01,2.123674e+01,2.128485e+01,2.110602e+01,2.132607e+01,2.122298e+01,2.129859e+01,2.120923e+01,2.122986e+01,2.118860e+01,2.114732e+01,2.125048e+01,2.118172e+01,2.117484e+01,2.128485e+01,2.123674e+01,2.119548e+01,2.120923e+01,2.117484e+01,2.133981e+01,2.114732e+01,2.136041e+01,2.129172e+01,2.127798e+01,2.141533e+01,2.130546e+01,2.126423e+01,2.135355e+01,2.141533e+01,2.140847e+01,2.138101e+01,2.145650e+01,2.140847e+01,2.141533e+01,2.137415e+01,2.140847e+01,2.142906e+01,2.143592e+01,2.149080e+01,2.140161e+01,2.122986e+01,2.148394e+01,2.133294e+01,2.143592e+01,2.141533e+01,2.142906e+01,2.144964e+01,2.129859e+01,2.138788e+01,2.130546e+01,2.130546e+01,2.129859e+01,2.137415e+01,2.137415e+01,2.141533e+01,2.142906e+01,2.140161e+01,2.139474e+01,2.144964e+01,2.138788e+01,2.136041e+01,2.138788e+01,2.134668e+01,2.133294e+01,2.142906e+01,2.136728e+01,2.138788e+01,2.145650e+01,2.142220e+01,2.134668e+01,2.143592e+01,2.138101e+01,2.131920e+01,2.131920e+01,2.136041e+01,2.151823e+01,2.138101e+01,2.136041e+01,2.142906e+01,2.138101e+01,2.129172e+01,2.153880e+01,2.140847e+01,2.129859e+01,2.135355e+01,2.132607e+01,2.135355e+01,2.136041e+01,2.138788e+01,2.138101e+01,2.136041e+01,2.136728e+01,2.140161e+01,2.139474e+01,2.141533e+01,2.141533e+01,2.140161e+01,2.137415e+01,2.144964e+01,2.130546e+01,2.136728e+01,2.129859e+01,2.126423e+01,2.131233e+01,2.131233e+01,2.133981e+01,2.122986e+01,2.128485e+01,2.125048e+01,2.131233e+01,2.133294e+01,2.140161e+01,2.128485e+01,2.139474e+01,2.125736e+01,2.125736e+01,2.133981e+01,2.128485e+01,2.133294e+01,2.130546e+01,2.141533e+01,2.131233e+01,2.133294e+01,2.141533e+01,2.143592e+01,2.135355e+01,2.136041e+01,2.136041e+01,2.136041e+01,2.150451e+01,2.134668e+01,2.139474e+01,2.136728e+01,2.138101e+01,2.138788e+01,2.133294e+01,2.136041e+01,2.137415e+01,2.131233e+01,2.152508e+01,2.144964e+01,2.135355e+01,2.144964e+01,2.144964e+01,2.130546e+01,2.149766e+01,2.153880e+01,2.160732e+01,2.153880e+01,2.148394e+01,2.160047e+01,2.156621e+01,2.153194e+01,2.157991e+01,2.144278e+01
2.130546e+01,2.139474e+01,2.128485e+01,2.131920e+01,2.140161e+01,2.133294e+01,2.125048e+01,2.123674e+01,2.128485e+01,2.131920e+01,2.138788e+01,2.133294e+01,2.140161e+01,2.140161e+01,2.127110e+01,2.151823e+01,2.139474e+01,2.133294e+01,2.128485e+01,2.135355e+01,2.128485e+01,2.131920e+01,2.131920e+01,2.131920e+01,2.137415e+01,2.136728e+01,2.137415e+01,2.137415e+01,2.131233e+01,2.129172e+01,2.143592e+01,2.131233e+01,2.138788e+01,2.141533e+01,2.129172e+01,2.131920e+01,2.142220e+01,2.131920e+01,2.137415e+01,2.129859e+01,2.146336e+01,2.142906e+01,2.135355e+01,2.142220e+01,2.132607e+01,2.131233e+01,2.130546e+01,2.142906e+01,2.133981e+01,2.144278e+01,2.138101e+01,2.129859e+01,2.147708e+01,2.129859e+01,2.133294e+01,2.141533e+01,2.145650e+01,2.137415e+01,2.137415e+01,2.136041e+01,2.136041e+01,2.134668e+01,2.114044e+01,2.105782e+01,2.101649e+01,2.115420e+01,2.096825e+01,2.114732e+01,2.097514e+01,2.116108e+01,2.118172e+01,2.120235e+01,2.118172e+01,2.113355e+01,2.109225e+01,2.112667e+01,2.121611e+01,2.117484e+01,2.129172e+01,2.133294e+01,2.132607e+01,2.135355e+01,2.138101e+01,2.140161e+01,2.138788e+01,2.141533e+01,2.139474e+01,2.160047e+01,2.140847e+01,2.138101e+01,2.147022e+01,2.138101e+01,2.135355e+01,2.141533e+01,2.133294e+01,2.133981e+01,2.133294e+01,2.135355e+01,2.129172e+01,2.130546e+01,2.129172e+01,2.127110e+01,2.125048e+01,2.124361e+01,2.125048e+01,2.122986e+01,2.131920e+01,2.130546e+01,2.129172e+01,2.128485e+01,2.122986e+01,2.125048e+01,2.133294e+01,2.135355e+01,2.126423e+01,2.142906e+01,2.143592e+01,2.118172e+01,2.134668e+01,2.133294e+01,2.122986e+01,2.132607e+01,2.134668e+01,2.124361e+01,2.127798e+01,2.133981e+01,2.118172e+01,2.136728e+01,2.136041e+01,2.129859e+01,2.137415e+01,2.136041e+01,2.133981e+01,2.133294e+01,2.131233e+01,2.133981e+01,2.128485e+01,2.133981e+01,2.134668e+01,2.126423e+01,2.120923e+01,2.117484e+01,2.129172e+01,2.124361e+01,2.129859e+01,2.111979e+01,2.124361e+01,2.127110e+01,2.129859e+01,2.122986e+01,2.123674e+01,2.129859e+01,2.124361e+01,2.125736e+01,2.128485e+01,2.140161e+01,2.140161e+01,2.139474e+01,2.136041e+01,2.137415e+01,2.147022e+01,2.133981e+01,2.140847e+01,2.138101e+01,2.144964e+01,2.142906e+01,2.151137e+01,2.141533e+01,2.151823e+01,2.149080e+01,2.139474e+01,2.149080e+01,2.138101e+01,2.148394e+01,2.143592e+01,2.144964e+01,2.143592e+01,2.140847e+01,2.136728e+01,2.120923e+01,2.132607e+01,2.136728e+01,2.160047e+01,2.277880e+01,2.312361e+01,2.154565e+01,2.138101e+01,2.135355e+01,2.147022e+01,2.133294e+01,2.135355e+01,2.123674e+01,2.140847e+01,2.119548e+01,2.133294e+01,2.138101e+01,2.129172e+01,2.130546e+01,2.129859e+01,2.139474e+01,2.144278e+01,2.164841e+01,2.180578e+01,2.173055e+01,2.171686e+01,2.180578e+01,2.202432e+01,2.235807e+01,2.266361e+01,2.383659e+01,2.226963e+01,2.198338e+01,2.257544e+01,2.241925e+01,2.371586e+01,2.241925e+01,2.291416e+01,2.291416e+01,2.199703e+01,2.173055e+01,2.167580e+01,2.204479e+01,2.202432e+01,2.207207e+01,2.250756e+01,2.304933e+01,2.302231e+01,2.205843e+01,2.205161e+01,2.209934e+01,2.213342e+01,2.212661e+01,2.211298e+01,2.208571e+01,2.207889e+01,2.218112e+01,2.258901e+01,2.406425e+01,2.319108e+01,2.391699e+01,2.259579e+01,2.195608e+01,2.171686e+01,2.179211e+01,2.192877e+01,2.226282e+01,2.190145e+01,2.168264e+01,2.157991e+01,2.147708e+01,2.153194e+01,2.170318e+01,2.173739e+01,2.224240e+01,2.201750e+01,2.172371e+01,2.188096e+01,2.206525e+01,2.222198e+01,2.235127e+01,2.232406e+01,2.266361e+01,2.190828e+01,2.182629e+01,2.182629e+01,2.184679e+01,2.194243e+01,2.197656e+01,2.300880e+01,2.303582e+01,2.293444e+01,2.315060e+01,2.348744e+01,2.260258e+01,2.337977e+01,2.242604e+01,2.177159e+01,2.199703e+01,2.202432e+01,2.149766e+01,2.140161e+01,2.132607e+01,2.124361e+01,2.159362e+01,2.161417e+01,2.222198e+01,2.281266e+01,2.173739e+01,2.116108e+01,2.103027e+01,2.090619e+01,2.093377e+01,2.067139e+01,2.082338e+01,2.074742e+01,2.090619e+01,2.096135e+01,2.095446e+01,2.092688e+01,2.089239e+01,2.083719e+01,2.100960e+01,2.122986e+01,2.157306e+01,2.130546e+01,2.137415e+01,2.135355e+01,2.137415e+01,2.130546e+01,2.141533e+01,2.135355e+01,2.140847e+01,2.134668e+01,2.140161e+01,2.131920e+01,2.140847e+01,2.142906e+01,2.131233e+01,2.143592e+01,2.142906e+01,2.138101e+01,2.139474e+01,2.138788e+01,2.138788e+01,2.138788e+01,2.134668e+01,2.134668e+01,2.132607e+01,2.136041e+01,2.139474e+01,2.142906e+01,2.142220e+01,2.147022e+01,2.138788e+01,2.141533e+01,2.136728e+01,2.151823e+01,2.142906e+01,2.149080e+01,2.130546e+01,2.143592e+01,2.136041e+01,2.138101e+01,2.136041e+01,2.133294e+01,2.138788e+01,2.136041e+01,2.131920e+01,2.136041e+01,2.138788e+01,2.116108e+01,2.137415e+01,2.125048e+01,2.138788e+01,2.129859e+01,2.131233e+01,2.133981e+01,2.126423e+01,2.133981e+01,2.069213e+01,2.004723e+01,2.006810e+01,2.004723e+01,1.997764e+01,1.995675e+01,1.990103e+01,1.996371e+01,1.989407e+01,2.004723e+01,1.990103e+01,2.006114e+01,1.988013e+01,1.993586e+01,1.986619e+01,1.990800e+01,1.985225e+01,1.999852e+01,2.011677e+01,1.996371e+01,2.012372e+01,2.000548e+01,2.013068e+01,2.002636e+01,2.047070e+01,2.071287e+01,2.086479e+01,2.096135e+01,2.115420e+01,2.113355e+01,2.118172e+01,2.119548e+01,2.133294e+01,2.119548e+01,2.121611e+01,2.126423e+01,2.125048e+01,2.127110e+01,2.125048e+01,2.122298e+01,2.129859e+01,2.122298e+01,2.127110e+01,2.138788e+01,2.132607e+01,2.129172e+01,2.124361e+01,2.123674e+01,2.124361e+01,2.122986e+01,2.126423e+01,2.125736e+01,2.134668e+01,2.129859e+01,2.120923e+01,2.126423e+01,2.130546e+01,2.136041e+01,2.138788e+01,2.132607e+01,2.129172e+01,2.135355e+01,2.122986e+01,2.126423e+01,2.125736e+01,2.122986e+01,2.138788e+01,2.128485e+01,2.129172e+01,2.124361e+01,2.139474e+01,2.132607e+01,2.129859e+01,2.129172e+01,2.127110e+01,2.127798e+01,2.128485e+01,2.128485e+01,2.136728e+01,2.132607e+01,2.128485e+01,2.127798e+01,2.120235e+01,2.128485e+01,2.128485e+01,2.125048e+01,2.131233e+01,2.124361e+01,2.137415e+01,2.137415e+01,2.127798e+01,2.130546e+01,2.123674e+01,2.127798e+01,2.129172e+01,2.134668e+01,2.131920e+01,2.126423e+01,2.118860e+01,2.125736e+01,2.122986e+01,2.121611e+01,2.128485e+01,2.115420e+01,2.126423e+01,2.131920e+01,2.125048e+01,2.133981e+01,2.133981e+01,2.120235e+01,2.120923e+01,2.127110e+01,2.122298e+01,2.109914e+01,2.126423e+01,2.118172e+01,2.128485e+01,2.120235e+01,2.114732e+01,2.126423e+01,2.126423e+01,2.119548e+01,2.122298e+01,2.131920e+01,2.119548e+01,2.122298e+01,2.119548e+01,2.121611e+01,2.116108e+01,2.110602e+01,2.113355e+01,2.116108e+01,2.120235e+01,2.123674e+01,2.120235e+01,2.125048e+01,2.120923e+01,2.119548e+01,2.125048e+01,2.118172e+01,2.117484e+01,2.122298e+01,2.123674e+01,2.118860e+01,2.129172e+01,2.134668e+01,2.135355e+01,2.122298e+01,2.134668e+01,2.139474e+01,2.128485e+01,2.130546e+01,2.131920e+01,2.139474e+01,2.139474e+01,2.136041e+01,2.144964e+01,2.122298e+01,2.137415e+01,2.149080e+01,2.127798e+01,2.127798e+01,2.149080e+01,2.130546e+01,2.136728e+01,2.135355e+01,2.138101e+01,2.138101e+01,2.140847e+01,2.138788e+01,2.126423e+01,2.141533e+01,2.142220e+01,2.140847e+01,2.140161e+01,2.143592e+01,2.142906e+01,2.148394e+01,2.148394e+01,2.127110e+01,2.142906e+01,2.139474e+01,2.146336e+01,2.130546e+01,2.133981e+01,2.129172e+01,2.135355e+01,2.131233e+01,2.135355e+01,2.135355e+01,2.147708e+01,2.129172e+01,2.139474e+01,2.143592e+01,2.145650e+01,2.145650e+01,2.145650e+01,2.131920e+01,2.134668e+01,2.132607e+01,2.131233e+01,2.143592e+01,2.142906e+01,2.136041e+01,2.136728e+01,2.131920e+01,2.138101e+01,2.161417e+01,2.129172e+01,2.129859e+01,2.138788e+01,2.140161e+01,2.136041e+01,2.136728e+01,2.136041e+01,2.139474e+01,2.138101e+01,2.139474e+01,2.139474e+01,2.146336e+01,2.144964e+01,2.146336e+01,2.140161e+01,2.142906e+01,2.149766e+01,2.134668e+01,2.129172e+01,2.133294e+01,2.126423e+01,2.125736e+01,2.120923e+01,2.135355e+01,2.125736e+01,2.123674e+01,2.134668e+01,2.127110e+01,2.131233e+01,2.126423e+01,2.131920e+01,2.128485e+01,2.124361e+01,2.127110e+01,2.133294e+01,2.133981e+01,2.133294e+01,2.129172e+01,2.122298e+01,2.131920e+01,2.130546e+01,2.131233e+01,2.131233e+01,2.129172e+01,2.125736e+01,2.133981e+01,2.153194e+01,2.139474e+01,2.135355e+01,2.133294e+01,2.142220e+01,2.136041e+01,2.138788e+01,2.144278e+01,2.140847e+01,2.133981e+01,2.148394e+01,2.142906e+01,2.144964e+01,2.144278e+01,2.151137e+01,2.150451e+01,2.131233e+01,2.153880e+01,2.149766e+01,2.144964e+01,2.166211e+01,2.159362e+01,2.151137e+01,2.158677e+01,2.146336e+01,2.155936e+01,2.153880e+01
2.127110e+01,2.131233e+01,2.128485e+01,2.123674e+01,2.131233e+01,2.133981e+01,2.122986e+01,2.137415e+01,2.131233e+01,2.140847e+01,2.147022e+01,2.141533e+01,2.140847e+01,2.141533e+01,2.141533e+01,2.136041e+01,2.133981e+01,2.129172e+01,2.137415e+01,2.120923e+01,2.136728e+01,2.138101e+01,2.132607e+01,2.138788e+01,2.125736e+01,2.127798e+01,2.138101e+01,2.142906e+01,2.136041e+01,2.140847e+01,2.142220e+01,2.127110e+01,2.142906e+01,2.137415e+01,2.131920e+01,2.136041e+01,2.147022e+01,2.147708e+01,2.142220e+01,2.140847e+01,2.144964e+01,2.144278e+01,2.147022e+01,2.136041e+01,2.142906e+01,2.135355e+01,2.131233e+01,2.134668e+01,2.142906e+01,2.142220e+01,2.136041e+01,2.142220e+01,2.150451e+01,2.144278e+01,2.134668e+01,2.128485e+01,2.127110e+01,2.134668e+01,2.140847e+01,2.135355e+01,2.126423e+01,2.125736e+01,2.125736e+01,2.128485e+01,2.103716e+01,2.114732e+01,2.116796e+01,2.114732e+01,2.113355e+01,2.115420e+01,2.118860e+01,2.125736e+01,2.114044e+01,2.120923e+01,2.113355e+01,2.117484e+01,2.122298e+01,2.113355e+01,2.116108e+01,2.120235e+01,2.133981e+01,2.138788e+01,2.133294e+01,2.115420e+01,2.134668e+01,2.136041e+01,2.138101e+01,2.136728e+01,2.138101e+01,2.146336e+01,2.138788e+01,2.142906e+01,2.125048e+01,2.125048e+01,2.131920e+01,2.124361e+01,2.122298e+01,2.114732e+01,2.120235e+01,2.123674e+01,2.120923e+01,2.151823e+01,2.133294e+01,2.127110e+01,2.125048e+01,2.133981e+01,2.127110e+01,2.113355e+01,2.136728e+01,2.122298e+01,2.131920e+01,2.133294e+01,2.136728e+01,2.129859e+01,2.133294e+01,2.131920e+01,2.131233e+01,2.136728e+01,2.132607e+01,2.130546e+01,2.130546e+01,2.131920e+01,2.131233e+01,2.125048e+01,2.131233e+01,2.127798e+01,2.119548e+01,2.123674e+01,2.118860e+01,2.137415e+01,2.138101e+01,2.122298e+01,2.132607e+01,2.131920e+01,2.134668e+01,2.131233e+01,2.132607e+01,2.131233e+01,2.129859e+01,2.137415e+01,2.133294e+01,2.117484e+01,2.114044e+01,2.130546e+01,2.129859e+01,2.119548e+01,2.127110e+01,2.127798e+01,2.133981e+01,2.128485e+01,2.122298e+01,2.127798e+01,2.117484e+01,2.125048e+01,2.129859e+01,2.124361e+01,2.130546e+01,2.129172e+01,2.142220e+01,2.142906e+01,2.146336e+01,2.135355e+01,2.136041e+01,2.144964e+01,2.147022e+01,2.141533e+01,2.144964e+01,2.139474e+01,2.142220e+01,2.149080e+01,2.149080e+01,2.152508e+01,2.140161e+01,2.149080e+01,2.144964e+01,2.142220e+01,2.142220e+01,2.143592e+01,2.137415e+01,2.138101e+01,2.136041e+01,2.157991e+01,2.157306e+01,2.260936e+01,2.319108e+01,2.167580e+01,2.145650e+01,2.133294e+01,2.133981e+01,2.131920e+01,2.133294e+01,2.120923e+01,2.135355e+01,2.140161e+01,2.134668e+01,2.141533e+01,2.139474e+01,2.129172e+01,2.141533e+01,2.142220e+01,2.138101e+01,2.155936e+01,2.164841e+01,2.157991e+01,2.163472e+01,2.182629e+01,2.240566e+01,2.327199e+01,2.376954e+01,2.520836e+01,2.255508e+01,2.196291e+01,2.269750e+01,2.275848e+01,2.317759e+01,2.239206e+01,2.247360e+01,2.214705e+01,2.209934e+01,2.171686e+01,2.172371e+01,2.173739e+01,2.201068e+01,2.229004e+01,2.209934e+01,2.209934e+01,2.304258e+01,2.244643e+01,2.244643e+01,2.276526e+01,2.275848e+01,2.275171e+01,2.273816e+01,2.258222e+01,2.255508e+01,2.209252e+01,2.171002e+01,2.235807e+01,2.256186e+01,2.286004e+01,2.257544e+01,2.226282e+01,2.196973e+01,2.209934e+01,2.208571e+01,2.208571e+01,2.168949e+01,2.157306e+01,2.145650e+01,2.153880e+01,2.173055e+01,2.198338e+01,2.190145e+01,2.265005e+01,2.294797e+01,2.269750e+01,2.204479e+01,2.162787e+01,2.190828e+01,2.229685e+01,2.234447e+01,2.269750e+01,2.213342e+01,2.187413e+01,2.254829e+01,2.220836e+01,2.177159e+01,2.153194e+01,2.214024e+01,2.298853e+01,2.412442e+01,2.339323e+01,2.288033e+01,2.292092e+01,2.231046e+01,2.192877e+01,2.190828e+01,2.160732e+01,2.136728e+01,2.112667e+01,2.136728e+01,2.114044e+01,2.133981e+01,2.146336e+01,2.148394e+01,2.162102e+01,2.210616e+01,2.164841e+01,2.089929e+01,2.092688e+01,2.090619e+01,2.093377e+01,2.083028e+01,2.076814e+01,2.098893e+01,2.109225e+01,2.091998e+01,2.103027e+01,2.100271e+01,2.087859e+01,2.095446e+01,2.112667e+01,2.132607e+01,2.137415e+01,2.136041e+01,2.133294e+01,2.136041e+01,2.144278e+01,2.139474e+01,2.143592e+01,2.144278e+01,2.142220e+01,2.138101e+01,2.138788e+01,2.138101e+01,2.133981e+01,2.142906e+01,2.144278e+01,2.139474e+01,2.142220e+01,2.146336e+01,2.140847e+01,2.138788e+01,2.137415e+01,2.149080e+01,2.137415e+01,2.129172e+01,2.132607e+01,2.133294e+01,2.142906e+01,2.136041e+01,2.128485e+01,2.132607e+01,2.137415e+01,2.141533e+01,2.125048e+01,2.133981e+01,2.150451e+01,2.136041e+01,2.129859e+01,2.147708e+01,2.148394e+01,2.146336e+01,2.136728e+01,2.140847e+01,2.135355e+01,2.147708e+01,2.135355e+01,2.133294e+01,2.136728e+01,2.131233e+01,2.131233e+01,2.138788e+01,2.129859e+01,2.129859e+01,2.134668e+01,2.135355e+01,2.132607e+01,2.106471e+01,2.031818e+01,1.997764e+01,1.994979e+01,2.003332e+01,2.008201e+01,2.002636e+01,1.976858e+01,1.976160e+01,1.990103e+01,1.999156e+01,1.988710e+01,1.981740e+01,1.999156e+01,1.992193e+01,1.989407e+01,1.997068e+01,1.987316e+01,1.994283e+01,1.995675e+01,1.994979e+01,1.992890e+01,2.005419e+01,2.004027e+01,2.006114e+01,2.008201e+01,2.020711e+01,2.067831e+01,2.069213e+01,2.094757e+01,2.106471e+01,2.104405e+01,2.115420e+01,2.128485e+01,2.125048e+01,2.129859e+01,2.119548e+01,2.121611e+01,2.119548e+01,2.128485e+01,2.138101e+01,2.122986e+01,2.136728e+01,2.122986e+01,2.137415e+01,2.121611e+01,2.136728e+01,2.128485e+01,2.125736e+01,2.125048e+01,2.133294e+01,2.136728e+01,2.131920e+01,2.127798e+01,2.133981e+01,2.133294e+01,2.125736e+01,2.117484e+01,2.122298e+01,2.127798e+01,2.131920e+01,2.125048e+01,2.127110e+01,2.122986e+01,2.120235e+01,2.121611e+01,2.143592e+01,2.125048e+01,2.127110e+01,2.135355e+01,2.132607e+01,2.118860e+01,2.129859e+01,2.133981e+01,2.129172e+01,2.129859e+01,2.142906e+01,2.133294e+01,2.127110e+01,2.127110e+01,2.132607e+01,2.125048e+01,2.135355e+01,2.123674e+01,2.125048e+01,2.127798e+01,2.123674e+01,2.136041e+01,2.137415e+01,2.126423e+01,2.127110e+01,2.133294e+01,2.129172e+01,2.123674e+01,2.128485e+01,2.130546e+01,2.124361e+01,2.130546e+01,2.130546e+01,2.126423e+01,2.133294e+01,2.131920e+01,2.120235e+01,2.125048e+01,2.126423e+01,2.125048e+01,2.125736e+01,2.132607e+01,2.120235e+01,2.123674e+01,2.131233e+01,2.128485e+01,2.133981e+01,2.127110e+01,2.128485e+01,2.119548e+01,2.119548e+01,2.124361e+01,2.122298e+01,2.122986e+01,2.129172e+01,2.127110e+01,2.133294e+01,2.116796e+01,2.120923e+01,2.130546e+01,2.115420e+01,2.113355e+01,2.118172e+01,2.115420e+01,2.122298e+01,2.120235e+01,2.120923e+01,2.121611e+01,2.116796e+01,2.121611e+01,2.098203e+01,2.115420e+01,2.119548e+01,2.117484e+01,2.116108e+01,2.114732e+01,2.117484e+01,2.128485e+01,2.134668e+01,2.131920e+01,2.124361e+01,2.133294e+01,2.136041e+01,2.122298e+01,2.129172e+01,2.132607e+01,2.124361e+01,2.142906e+01,2.140161e+01,2.140847e+01,2.137415e+01,2.133294e+01,2.134668e+01,2.129172e+01,2.133294e+01,2.142906e+01,2.146336e+01,2.126423e+01,2.131233e+01,2.138101e+01,2.139474e+01,2.135355e+01,2.132607e+01,2.140847e+01,2.140847e+01,2.144278e+01,2.140161e+01,2.140161e+01,2.149766e+01,2.127110e+01,2.120235e+01,2.149080e+01,2.143592e+01,2.151137e+01,2.151823e+01,2.148394e+01,2.147022e+01,2.140161e+01,2.134668e+01,2.144278e+01,2.138788e+01,2.146336e+01,2.142906e+01,2.141533e+01,2.147022e+01,2.133981e+01,2.131920e+01,2.138788e+01,2.153880e+01,2.149080e+01,2.135355e+01,2.156621e+01,2.133294e+01,2.133294e+01,2.131920e+01,2.133294e+01,2.136041e+01,2.138101e+01,2.139474e+01,2.139474e+01,2.130546e+01,2.133294e+01,2.136041e+01,2.132607e+01,2.131920e+01,2.137415e+01,2.142220e+01,2.124361e+01,2.138788e+01,2.133981e+01,2.135355e+01,2.142220e+01,2.140161e+01,2.140161e+01,2.139474e+01,2.138101e+01,2.149080e+01,2.145650e+01,2.149080e+01,2.144278e+01,2.133294e+01,2.135355e+01,2.136728e+01,2.123674e+01,2.123674e+01,2.122298e+01,2.120235e+01,2.124361e+01,2.120235e+01,2.118860e+01,2.129859e+01,2.125736e+01,2.133981e+01,2.142220e+01,2.130546e+01,2.137415e+01,2.134668e+01,2.130546e+01,2.145650e+01,2.128485e+01,2.144278e+01,2.132607e+01,2.135355e+01,2.131233e+01,2.136728e+01,2.129172e+01,2.129859e+01,2.126423e+01,2.144278e+01,2.133294e+01,2.130546e+01,2.134668e+01,2.132607e+01,2.133294e+01,2.134668e+01,2.138788e+01,2.133981e+01,2.131233e+01,2.133294e+01,2.136728e+01,2.144964e+01,2.162787e+01,2.145650e+01,2.153194e+01,2.141533e+01,2.151823e+01,2.149080e+01,2.147708e+01,2.146336e+01,2.156621e+01,2.155250e+01,2.148394e+01,2.147708e+01,2.161417e+01,2.152508e+01,2.160732e+01
2.127798e+01,2.127110e+01,2.133294e+01,2.120235e+01,2.131233e+01,2.135355e+01,2.142220e+01,2.119548e+01,2.129859e+01,2.125048e+01,2.134668e+01,2.122986e+01,2.135355e+01,2.138788e+01,2.140847e+01,2.141533e+01,2.138101e+01,2.140161e+01,2.135355e+01,2.129859e+01,2.131233e+01,2.129859e+01,2.132607e+01,2.130546e+01,2.131233e+01,2.126423e+01,2.135355e+01,2.125736e+01,2.130546e+01,2.133294e+01,2.138788e+01,2.141533e+01,2.136041e+01,2.137415e+01,2.138101e+01,2.135355e+01,2.136041e+01,2.136041e+01,2.138788e+01,2.138101e+01,2.143592e+01,2.144964e+01,2.131920e+01,2.136041e+01,2.136041e+01,2.138788e+01,2.133294e+01,2.139474e+01,2.135355e+01,2.138101e+01,2.136041e+01,2.133294e+01,2.149766e+01,2.130546e+01,2.137415e+01,2.133981e+01,2.142220e+01,2.142906e+01,2.141533e+01,2.140847e+01,2.141533e+01,2.127798e+01,2.126423e+01,2.111291e+01,2.105094e+01,2.106471e+01,2.104405e+01,2.117484e+01,2.091998e+01,2.125736e+01,2.119548e+01,2.116796e+01,2.127110e+01,2.114732e+01,2.122986e+01,2.111291e+01,2.127110e+01,2.125736e+01,2.129172e+01,2.130546e+01,2.131920e+01,2.135355e+01,2.133981e+01,2.144278e+01,2.146336e+01,2.156621e+01,2.137415e+01,2.155936e+01,2.140161e+01,2.139474e+01,2.126423e+01,2.127110e+01,2.125736e+01,2.127798e+01,2.122298e+01,2.129172e+01,2.112667e+01,2.108537e+01,2.111979e+01,2.116796e+01,2.114044e+01,2.119548e+01,2.122298e+01,2.131233e+01,2.126423e+01,2.136041e+01,2.130546e+01,2.129172e+01,2.133294e+01,2.128485e+01,2.137415e+01,2.130546e+01,2.127798e+01,2.133294e+01,2.142220e+01,2.130546e+01,2.136728e+01,2.139474e+01,2.121611e+01,2.114732e+01,2.133981e+01,2.138101e+01,2.138788e+01,2.123674e+01,2.129172e+01,2.118860e+01,2.122298e+01,2.117484e+01,2.125736e+01,2.125736e+01,2.115420e+01,2.130546e+01,2.147022e+01,2.131233e+01,2.125048e+01,2.126423e+01,2.131233e+01,2.126423e+01,2.138788e+01,2.129859e+01,2.119548e+01,2.118860e+01,2.125048e+01,2.118172e+01,2.114732e+01,2.119548e+01,2.122986e+01,2.120235e+01,2.112667e+01,2.128485e+01,2.116796e+01,2.134668e+01,2.116108e+01,2.130546e+01,2.129172e+01,2.118860e+01,2.128485e+01,2.133294e+01,2.133981e+01,2.144278e+01,2.129172e+01,2.142906e+01,2.144278e+01,2.140847e+01,2.150451e+01,2.157306e+01,2.141533e+01,2.137415e+01,2.142220e+01,2.135355e+01,2.138788e+01,2.138788e+01,2.151823e+01,2.142906e+01,2.142906e+01,2.143592e+01,2.146336e+01,2.140847e+01,2.136728e+01,2.142220e+01,2.140161e+01,2.151823e+01,2.158677e+01,2.259579e+01,2.329894e+01,2.166211e+01,2.137415e+01,2.134668e+01,2.149080e+01,2.144278e+01,2.133294e+01,2.133294e+01,2.140161e+01,2.131920e+01,2.136041e+01,2.128485e+01,2.131920e+01,2.128485e+01,2.122298e+01,2.125048e+01,2.136728e+01,2.149080e+01,2.172371e+01,2.176475e+01,2.175791e+01,2.203115e+01,2.244643e+01,2.375612e+01,2.447145e+01,2.539344e+01,2.235807e+01,2.189462e+01,2.214024e+01,2.259579e+01,2.201750e+01,2.209252e+01,2.214024e+01,2.182629e+01,2.207207e+01,2.193560e+01,2.164841e+01,2.172371e+01,2.201068e+01,2.206525e+01,2.202432e+01,2.208571e+01,2.230365e+01,2.333936e+01,2.400403e+01,2.359499e+01,2.485051e+01,2.510246e+01,2.512895e+01,2.494341e+01,2.468442e+01,2.304933e+01,2.164841e+01,2.162787e+01,2.160047e+01,2.203115e+01,2.209934e+01,2.191511e+01,2.206525e+01,2.208571e+01,2.208571e+01,2.178527e+01,2.169633e+01,2.153194e+01,2.143592e+01,2.148394e+01,2.172371e+01,2.181945e+01,2.183996e+01,2.222879e+01,2.294797e+01,2.269750e+01,2.269073e+01,2.234447e+01,2.214705e+01,2.211979e+01,2.214705e+01,2.235127e+01,2.207207e+01,2.236487e+01,2.496993e+01,2.364873e+01,2.191511e+01,2.177159e+01,2.197656e+01,2.205843e+01,2.238527e+01,2.262292e+01,2.285327e+01,2.233767e+01,2.177159e+01,2.183312e+01,2.230365e+01,2.242604e+01,2.171686e+01,2.165526e+01,2.176475e+01,2.177843e+01,2.177159e+01,2.195608e+01,2.219474e+01,2.160732e+01,2.129859e+01,2.100271e+01,2.083719e+01,2.098893e+01,2.090619e+01,2.096825e+01,2.086479e+01,2.077505e+01,2.090619e+01,2.091308e+01,2.089929e+01,2.098203e+01,2.124361e+01,2.108537e+01,2.124361e+01,2.125736e+01,2.132607e+01,2.140161e+01,2.152508e+01,2.139474e+01,2.135355e+01,2.138101e+01,2.132607e+01,2.139474e+01,2.138788e+01,2.134668e+01,2.131233e+01,2.137415e+01,2.144964e+01,2.144278e+01,2.144278e+01,2.142220e+01,2.149766e+01,2.130546e+01,2.151823e+01,2.155936e+01,2.133981e+01,2.140161e+01,2.139474e+01,2.132607e+01,2.136041e+01,2.143592e+01,2.139474e+01,2.143592e+01,2.129859e+01,2.134668e+01,2.126423e+01,2.133294e+01,2.134668e+01,2.133981e+01,2.133294e+01,2.140161e+01,2.140847e+01,2.146336e+01,2.147022e+01,2.138788e+01,2.148394e+01,2.138101e+01,2.132607e+01,2.140161e+01,2.131920e+01,2.132607e+01,2.135355e+01,2.138101e+01,2.137415e+01,2.130546e+01,2.132607e+01,2.132607e+01,2.136728e+01,2.133981e+01,2.134668e+01,2.128485e+01,2.096825e+01,2.008896e+01,2.009591e+01,1.996371e+01,1.999156e+01,1.991496e+01,1.992890e+01,1.994283e+01,1.978950e+01,1.986619e+01,2.000548e+01,1.994979e+01,1.993586e+01,1.995675e+01,1.990800e+01,1.992193e+01,1.986619e+01,1.996371e+01,1.995675e+01,1.997068e+01,1.997764e+01,2.002636e+01,1.997068e+01,2.004723e+01,1.990800e+01,1.999156e+01,2.014458e+01,2.014458e+01,2.038753e+01,2.042219e+01,2.077505e+01,2.086479e+01,2.111291e+01,2.115420e+01,2.136041e+01,2.133981e+01,2.120923e+01,2.119548e+01,2.118172e+01,2.125736e+01,2.124361e+01,2.136728e+01,2.124361e+01,2.129172e+01,2.133294e+01,2.126423e+01,2.133294e+01,2.128485e+01,2.126423e+01,2.131233e+01,2.129172e+01,2.136728e+01,2.119548e+01,2.132607e+01,2.131920e+01,2.116796e+01,2.129172e+01,2.138788e+01,2.133294e+01,2.126423e+01,2.135355e+01,2.128485e+01,2.126423e+01,2.126423e+01,2.120923e+01,2.127798e+01,2.128485e+01,2.131920e+01,2.132607e+01,2.127798e+01,2.131920e+01,2.131920e+01,2.131233e+01,2.129172e+01,2.129172e+01,2.132607e+01,2.129172e+01,2.133294e+01,2.136728e+01,2.132607e+01,2.120235e+01,2.123674e+01,2.120235e+01,2.135355e+01,2.128485e+01,2.134668e+01,2.123674e+01,2.136728e+01,2.136041e+01,2.129859e+01,2.125736e+01,2.132607e+01,2.127798e+01,2.127798e+01,2.123674e+01,2.128485e+01,2.133981e+01,2.127110e+01,2.130546e+01,2.130546e+01,2.129172e+01,2.128485e+01,2.131920e+01,2.116108e+01,2.124361e+01,2.132607e+01,2.125048e+01,2.123674e+01,2.125736e+01,2.116796e+01,2.116796e+01,2.122298e+01,2.131233e+01,2.123674e+01,2.126423e+01,2.126423e+01,2.134668e+01,2.121611e+01,2.121611e+01,2.121611e+01,2.128485e+01,2.127110e+01,2.137415e+01,2.116108e+01,2.118172e+01,2.133294e+01,2.132607e+01,2.116796e+01,2.118860e+01,2.120235e+01,2.120235e+01,2.114044e+01,2.120923e+01,2.114044e+01,2.119548e+01,2.115420e+01,2.118172e+01,2.104405e+01,2.122986e+01,2.120923e+01,2.126423e+01,2.110602e+01,2.116796e+01,2.117484e+01,2.122298e+01,2.118172e+01,2.133294e+01,2.136728e+01,2.122298e+01,2.135355e+01,2.123674e+01,2.133294e+01,2.129859e+01,2.126423e+01,2.129859e+01,2.127798e+01,2.142906e+01,2.129172e+01,2.119548e+01,2.129172e+01,2.128485e+01,2.116108e+01,2.129859e+01,2.135355e+01,2.136728e+01,2.143592e+01,2.122986e+01,2.137415e+01,2.147708e+01,2.138788e+01,2.138101e+01,2.129859e+01,2.138101e+01,2.139474e+01,2.144278e+01,2.140161e+01,2.135355e+01,2.127110e+01,2.130546e+01,2.138788e+01,2.142220e+01,2.131233e+01,2.144278e+01,2.136041e+01,2.140161e+01,2.129859e+01,2.142220e+01,2.134668e+01,2.137415e+01,2.133294e+01,2.140161e+01,2.124361e+01,2.142220e+01,2.150451e+01,2.140161e+01,2.143592e+01,2.141533e+01,2.139474e+01,2.132607e+01,2.154565e+01,2.133294e+01,2.133294e+01,2.142906e+01,2.146336e+01,2.142220e+01,2.142220e+01,2.129859e+01,2.134668e+01,2.138101e+01,2.130546e+01,2.136041e+01,2.136728e+01,2.134668e+01,2.135355e+01,2.131920e+01,2.141533e+01,2.129859e+01,2.140847e+01,2.143592e+01,2.140847e+01,2.136728e+01,2.138101e+01,2.140847e+01,2.136728e+01,2.140161e+01,2.148394e+01,2.133981e+01,2.144278e+01,2.139474e+01,2.131233e+01,2.131233e+01,2.131920e+01,2.134668e+01,2.131920e+01,2.130546e+01,2.117484e+01,2.135355e+01,2.132607e+01,2.128485e+01,2.125736e+01,2.140161e+01,2.131920e+01,2.126423e+01,2.133981e+01,2.133294e+01,2.133294e+01,2.130546e+01,2.133981e+01,2.129172e+01,2.131920e+01,2.129172e+01,2.127798e+01,2.128485e+01,2.128485e+01,2.131233e+01,2.135355e+01,2.129172e+01,2.147022e+01,2.147022e+01,2.130546e+01,2.136041e+01,2.140847e+01,2.137415e+01,2.148394e+01,2.140847e+01,2.144278e+01,2.144964e+01,2.145650e+01,2.148394e+01,2.145650e+01,2.145650e+01,2.143592e+01,2.144964e+01,2.147022e+01,2.151823e+01,2.153880e+01,2.150451e+01,2.151137e+01,2.153880e+01,2.147708e+01,2.151823e+01,2.143592e+01
2.129172e+01,2.109914e+01,2.131920e+01,2.133981e+01,2.134668e+01,2.120235e+01,2.142220e+01,2.140161e+01,2.137415e+01,2.142906e+01,2.141533e+01,2.129172e+01,2.129859e+01,2.138101e+01,2.129172e+01,2.135355e+01,2.142220e+01,2.134668e+01,2.131920e+01,2.133981e+01,2.133294e+01,2.133981e+01,2.131233e+01,2.129172e+01,2.130546e+01,2.128485e+01,2.122986e+01,2.129172e+01,2.143592e+01,2.140847e+01,2.124361e+01,2.132607e+01,2.137415e+01,2.138101e+01,2.134668e+01,2.135355e+01,2.129172e+01,2.136728e+01,2.142906e+01,2.140161e+01,2.136041e+01,2.137415e+01,2.126423e+01,2.131233e+01,2.130546e+01,2.127798e+01,2.133981e+01,2.133981e+01,2.119548e+01,2.140847e+01,2.140847e+01,2.142906e+01,2.140847e+01,2.138101e+01,2.140847e+01,2.134668e+01,2.130546e+01,2.133981e+01,2.131920e+01,2.137415e+01,2.141533e+01,2.129172e+01,2.121611e+01,2.103716e+01,2.100271e+01,2.115420e+01,2.114732e+01,2.105782e+01,2.116108e+01,2.118860e+01,2.114732e+01,2.116108e+01,2.123674e+01,2.118172e+01,2.113355e+01,2.118172e+01,2.120923e+01,2.118172e+01,2.129859e+01,2.114732e+01,2.136041e+01,2.132607e+01,2.133294e+01,2.133294e+01,2.135355e+01,2.133981e+01,2.135355e+01,2.136728e+01,2.132607e+01,2.132607e+01,2.132607e+01,2.133981e+01,2.131233e+01,2.127110e+01,2.130546e+01,2.132607e+01,2.111979e+01,2.129859e+01,2.120923e+01,2.127110e+01,2.122986e+01,2.124361e+01,2.118172e+01,2.125048e+01,2.123674e+01,2.114732e+01,2.131233e+01,2.120235e+01,2.135355e+01,2.137415e+01,2.136728e+01,2.138788e+01,2.132607e+01,2.134668e+01,2.131233e+01,2.130546e+01,2.133294e+01,2.128485e+01,2.131920e+01,2.127798e+01,2.134668e+01,2.128485e+01,2.138101e+01,2.128485e+01,2.117484e+01,2.130546e+01,2.116796e+01,2.124361e+01,2.125048e+01,2.121611e+01,2.130546e+01,2.122298e+01,2.131233e+01,2.127110e+01,2.132607e+01,2.138101e+01,2.128485e+01,2.129859e+01,2.131920e+01,2.138101e+01,2.116108e+01,2.113355e+01,2.119548e+01,2.133294e+01,2.116108e+01,2.109914e+01,2.118172e+01,2.127798e+01,2.122298e+01,2.123674e+01,2.123674e+01,2.111291e+01,2.116108e+01,2.127110e+01,2.116108e+01,2.129172e+01,2.136728e+01,2.138101e+01,2.140847e+01,2.133294e+01,2.129859e+01,2.136728e+01,2.134668e+01,2.134668e+01,2.142906e+01,2.147022e+01,2.134668e+01,2.138788e+01,2.144964e+01,2.149766e+01,2.144964e+01,2.151137e+01,2.138788e+01,2.142220e+01,2.144278e+01,2.140161e+01,2.142906e+01,2.134668e+01,2.142220e+01,2.133981e+01,2.122986e+01,2.144278e+01,2.160047e+01,2.256186e+01,2.327873e+01,2.166211e+01,2.149766e+01,2.131920e+01,2.133294e+01,2.116108e+01,2.136728e+01,2.133981e+01,2.137415e+01,2.134668e+01,2.125048e+01,2.134668e+01,2.140847e+01,2.140847e+01,2.133294e+01,2.131233e+01,2.135355e+01,2.141533e+01,2.168264e+01,2.176475e+01,2.239886e+01,2.201750e+01,2.175791e+01,2.214024e+01,2.351434e+01,2.415784e+01,2.234447e+01,2.180578e+01,2.235807e+01,2.275848e+01,2.168949e+01,2.166211e+01,2.192877e+01,2.168949e+01,2.170318e+01,2.231046e+01,2.168949e+01,2.171002e+01,2.193560e+01,2.203115e+01,2.207207e+01,2.217430e+01,2.207889e+01,2.237847e+01,2.238527e+01,2.239886e+01,2.339323e+01,2.511571e+01,2.412442e+01,2.489697e+01,2.567044e+01,2.382989e+01,2.199703e+01,2.167580e+01,2.166211e+01,2.166895e+01,2.194243e+01,2.218112e+01,2.211979e+01,2.211298e+01,2.231046e+01,2.195608e+01,2.157306e+01,2.150451e+01,2.144278e+01,2.154565e+01,2.177843e+01,2.177843e+01,2.196291e+01,2.209252e+01,2.224921e+01,2.246002e+01,2.271783e+01,2.294121e+01,2.269073e+01,2.226963e+01,2.215387e+01,2.204479e+01,2.163472e+01,2.204479e+01,2.364873e+01,2.387010e+01,2.248039e+01,2.199703e+01,2.178527e+01,2.178527e+01,2.189462e+01,2.181945e+01,2.193560e+01,2.173739e+01,2.170318e+01,2.162787e+01,2.195608e+01,2.233086e+01,2.164157e+01,2.195608e+01,2.196291e+01,2.205161e+01,2.194925e+01,2.196973e+01,2.207889e+01,2.145650e+01,2.132607e+01,2.090619e+01,2.087169e+01,2.104405e+01,2.085099e+01,2.084409e+01,2.090619e+01,2.089929e+01,2.107160e+01,2.103027e+01,2.089239e+01,2.122298e+01,2.124361e+01,2.131920e+01,2.131920e+01,2.125048e+01,2.136041e+01,2.133294e+01,2.138101e+01,2.135355e+01,2.133981e+01,2.140161e+01,2.143592e+01,2.133294e+01,2.135355e+01,2.139474e+01,2.139474e+01,2.129172e+01,2.131920e+01,2.132607e+01,2.133981e+01,2.138788e+01,2.135355e+01,2.127798e+01,2.149080e+01,2.138788e+01,2.131920e+01,2.129172e+01,2.134668e+01,2.136041e+01,2.136041e+01,2.135355e+01,2.134668e+01,2.140161e+01,2.140847e+01,2.135355e+01,2.137415e+01,2.138788e+01,2.143592e+01,2.134668e+01,2.138788e+01,2.148394e+01,2.147022e+01,2.138788e+01,2.149766e+01,2.139474e+01,2.135355e+01,2.136041e+01,2.136041e+01,2.133294e+01,2.147022e+01,2.140847e+01,2.125736e+01,2.136041e+01,2.133294e+01,2.129172e+01,2.133981e+01,2.135355e+01,2.128485e+01,2.131920e+01,2.130546e+01,2.127110e+01,2.079576e+01,2.001244e+01,1.994283e+01,1.998460e+01,1.992193e+01,2.008896e+01,1.999156e+01,1.980345e+01,1.993586e+01,1.966388e+01,1.999156e+01,1.994979e+01,1.979647e+01,1.994979e+01,2.002636e+01,1.994979e+01,1.994979e+01,1.993586e+01,1.994979e+01,1.994979e+01,1.998460e+01,2.003332e+01,2.008201e+01,2.001244e+01,2.010982e+01,1.999852e+01,2.006114e+01,2.006114e+01,2.010982e+01,2.009591e+01,2.019321e+01,2.063682e+01,2.073360e+01,2.099582e+01,2.116796e+01,2.131920e+01,2.114732e+01,2.107160e+01,2.118172e+01,2.118172e+01,2.130546e+01,2.122986e+01,2.121611e+01,2.122298e+01,2.120923e+01,2.121611e+01,2.122298e+01,2.128485e+01,2.131233e+01,2.119548e+01,2.127110e+01,2.124361e+01,2.127798e+01,2.131233e+01,2.131920e+01,2.129172e+01,2.129172e+01,2.122986e+01,2.132607e+01,2.131920e+01,2.127110e+01,2.128485e+01,2.126423e+01,2.126423e+01,2.125736e+01,2.134668e+01,2.141533e+01,2.127798e+01,2.131233e+01,2.128485e+01,2.129859e+01,2.127798e+01,2.130546e+01,2.130546e+01,2.127798e+01,2.132607e+01,2.133981e+01,2.119548e+01,2.126423e+01,2.120923e+01,2.127110e+01,2.127110e+01,2.118860e+01,2.133981e+01,2.127798e+01,2.127110e+01,2.130546e+01,2.139474e+01,2.126423e+01,2.118860e+01,2.122298e+01,2.131920e+01,2.114732e+01,2.132607e+01,2.127798e+01,2.129172e+01,2.126423e+01,2.127110e+01,2.129172e+01,2.132607e+01,2.130546e+01,2.129172e+01,2.121611e+01,2.128485e+01,2.122298e+01,2.125736e+01,2.124361e+01,2.126423e+01,2.140161e+01,2.129172e+01,2.114732e+01,2.125736e+01,2.127798e+01,2.116796e+01,2.122298e+01,2.127110e+01,2.131920e+01,2.116796e+01,2.121611e+01,2.121611e+01,2.114732e+01,2.125736e+01,2.136041e+01,2.128485e+01,2.127110e+01,2.133294e+01,2.126423e+01,2.122298e+01,2.120235e+01,2.118172e+01,2.118172e+01,2.116796e+01,2.109225e+01,2.090619e+01,2.096135e+01,2.091998e+01,2.118860e+01,2.120235e+01,2.126423e+01,2.117484e+01,2.122986e+01,2.106471e+01,2.116796e+01,2.129859e+01,2.119548e+01,2.120923e+01,2.121611e+01,2.132607e+01,2.127798e+01,2.123674e+01,2.116796e+01,2.129859e+01,2.125048e+01,2.129859e+01,2.114732e+01,2.140847e+01,2.123674e+01,2.115420e+01,2.094757e+01,2.102338e+01,2.104405e+01,2.114732e+01,2.096825e+01,2.085789e+01,2.098893e+01,2.102338e+01,2.096135e+01,2.103716e+01,2.097514e+01,2.125048e+01,2.109225e+01,2.129172e+01,2.115420e+01,2.136041e+01,2.121611e+01,2.125736e+01,2.134668e+01,2.136728e+01,2.125736e+01,2.122298e+01,2.147022e+01,2.150451e+01,2.125736e+01,2.147708e+01,2.134668e+01,2.136041e+01,2.136041e+01,2.138788e+01,2.140161e+01,2.135355e+01,2.133294e+01,2.121611e+01,2.120235e+01,2.147022e+01,2.125736e+01,2.133981e+01,2.144278e+01,2.140161e+01,2.147708e+01,2.132607e+01,2.133981e+01,2.136728e+01,2.132607e+01,2.131233e+01,2.134668e+01,2.139474e+01,2.141533e+01,2.136728e+01,2.140161e+01,2.129172e+01,2.136041e+01,2.130546e+01,2.131233e+01,2.135355e+01,2.125736e+01,2.144964e+01,2.130546e+01,2.148394e+01,2.138788e+01,2.155936e+01,2.138101e+01,2.145650e+01,2.142906e+01,2.148394e+01,2.140161e+01,2.144278e+01,2.144278e+01,2.144964e+01,2.138788e+01,2.133981e+01,2.124361e+01,2.127110e+01,2.132607e+01,2.133981e+01,2.120235e+01,2.147022e+01,2.131233e+01,2.125048e+01,2.129172e+01,2.124361e+01,2.119548e+01,2.131920e+01,2.125736e+01,2.136041e+01,2.127798e+01,2.133981e+01,2.133981e+01,2.144964e+01,2.131233e+01,2.147022e+01,2.129859e+01,2.103027e+01,2.131920e+01,2.123674e+01,2.133981e+01,2.144278e+01,2.136728e+01,2.129172e+01,2.138101e+01,2.127110e+01,2.116108e+01,2.144278e+01,2.134668e+01,2.136041e+01,2.135355e+01,2.138788e+01,2.147708e+01,2.133981e+01,2.138101e+01,2.148394e+01,2.146336e+01,2.133294e+01,2.142220e+01,2.141533e+01,2.140161e+01,2.141533e+01,2.145650e+01,2.147708e+01,2.145650e+01,2.141533e+01,2.147022e+01,2.151137e+01
2.124361e+01,2.147022e+01,2.137415e+01,2.134668e+01,2.136728e+01,2.134668e+01,2.122986e+01,2.139474e+01,2.120923e+01,2.151823e+01,2.148394e+01,2.132607e+01,2.133981e+01,2.129859e+01,2.131233e+01,2.136728e+01,2.133981e+01,2.117484e+01,2.131233e+01,2.129859e+01,2.130546e+01,2.129172e+01,2.139474e+01,2.131233e+01,2.125736e+01,2.128485e+01,2.129172e+01,2.120923e+01,2.125736e+01,2.133981e+01,2.138101e+01,2.125048e+01,2.122986e+01,2.138788e+01,2.146336e+01,2.131920e+01,2.135355e+01,2.136041e+01,2.135355e+01,2.136728e+01,2.137415e+01,2.135355e+01,2.144964e+01,2.133981e+01,2.130546e+01,2.138101e+01,2.130546e+01,2.138788e+01,2.130546e+01,2.131233e+01,2.138101e+01,2.139474e+01,2.143592e+01,2.142220e+01,2.125048e+01,2.140847e+01,2.133981e+01,2.139474e+01,2.128485e+01,2.134668e+01,2.125736e+01,2.132607e+01,2.132607e+01,2.100960e+01,2.105094e+01,2.099582e+01,2.109225e+01,2.115420e+01,2.115420e+01,2.113355e+01,2.103027e+01,2.111979e+01,2.127798e+01,2.113355e+01,2.124361e+01,2.117484e+01,2.111979e+01,2.136041e+01,2.122298e+01,2.133981e+01,2.136728e+01,2.127798e+01,2.134668e+01,2.133981e+01,2.139474e+01,2.144278e+01,2.132607e+01,2.134668e+01,2.131920e+01,2.122986e+01,2.122298e+01,2.127110e+01,2.123674e+01,2.119548e+01,2.125048e+01,2.123674e+01,2.117484e+01,2.128485e+01,2.120235e+01,2.120235e+01,2.125048e+01,2.118172e+01,2.127110e+01,2.121611e+01,2.126423e+01,2.122986e+01,2.131920e+01,2.121611e+01,2.127798e+01,2.125736e+01,2.137415e+01,2.138788e+01,2.133981e+01,2.133294e+01,2.132607e+01,2.132607e+01,2.127798e+01,2.138788e+01,2.128485e+01,2.136041e+01,2.130546e+01,2.131233e+01,2.119548e+01,2.129172e+01,2.125048e+01,2.127798e+01,2.127798e+01,2.129172e+01,2.131233e+01,2.125048e+01,2.129859e+01,2.122986e+01,2.131233e+01,2.121611e+01,2.125736e+01,2.135355e+01,2.131920e+01,2.138101e+01,2.136041e+01,2.128485e+01,2.123674e+01,2.115420e+01,2.119548e+01,2.116108e+01,2.119548e+01,2.114044e+01,2.122986e+01,2.116796e+01,2.129172e+01,2.127110e+01,2.143592e+01,2.122298e+01,2.124361e+01,2.120923e+01,2.120235e+01,2.131233e+01,2.127110e+01,2.125048e+01,2.130546e+01,2.124361e+01,2.139474e+01,2.127110e+01,2.135355e+01,2.142220e+01,2.138788e+01,2.146336e+01,2.146336e+01,2.143592e+01,2.142906e+01,2.140847e+01,2.138788e+01,2.140161e+01,2.130546e+01,2.141533e+01,2.143592e+01,2.131920e+01,2.149766e+01,2.146336e+01,2.135355e+01,2.138101e+01,2.131233e+01,2.157306e+01,2.160732e+01,2.254829e+01,2.331242e+01,2.160732e+01,2.131920e+01,2.131233e+01,2.131233e+01,2.132607e+01,2.138101e+01,2.137415e+01,2.135355e+01,2.133981e+01,2.132607e+01,2.132607e+01,2.129172e+01,2.137415e+01,2.141533e+01,2.122986e+01,2.127110e+01,2.137415e+01,2.142220e+01,2.172371e+01,2.264327e+01,2.213342e+01,2.162102e+01,2.153194e+01,2.183996e+01,2.207207e+01,2.181945e+01,2.144964e+01,2.171002e+01,2.222879e+01,2.174423e+01,2.169633e+01,2.171002e+01,2.190145e+01,2.207889e+01,2.186729e+01,2.173055e+01,2.179211e+01,2.187413e+01,2.195608e+01,2.216068e+01,2.216068e+01,2.217430e+01,2.220836e+01,2.235807e+01,2.230365e+01,2.236487e+01,2.263649e+01,2.309660e+01,2.334610e+01,2.312361e+01,2.276526e+01,2.226963e+01,2.204479e+01,2.168264e+01,2.207889e+01,2.192877e+01,2.202432e+01,2.228324e+01,2.237847e+01,2.241245e+01,2.240566e+01,2.171002e+01,2.144964e+01,2.151823e+01,2.160047e+01,2.193560e+01,2.175791e+01,2.199703e+01,2.204479e+01,2.245322e+01,2.423132e+01,2.464452e+01,2.495004e+01,2.368230e+01,2.271106e+01,2.229004e+01,2.166895e+01,2.172371e+01,2.202432e+01,2.205161e+01,2.218112e+01,2.248719e+01,2.283974e+01,2.193560e+01,2.166895e+01,2.160732e+01,2.167580e+01,2.173739e+01,2.175107e+01,2.166895e+01,2.175791e+01,2.160047e+01,2.163472e+01,2.161417e+01,2.178527e+01,2.200386e+01,2.218793e+01,2.180578e+01,2.124361e+01,2.116108e+01,2.106471e+01,2.101649e+01,2.097514e+01,2.094067e+01,2.094757e+01,2.101649e+01,2.095446e+01,2.088549e+01,2.109914e+01,2.133981e+01,2.109914e+01,2.128485e+01,2.125048e+01,2.128485e+01,2.131920e+01,2.132607e+01,2.132607e+01,2.136728e+01,2.135355e+01,2.138101e+01,2.138101e+01,2.138101e+01,2.134668e+01,2.127798e+01,2.136041e+01,2.135355e+01,2.136041e+01,2.133981e+01,2.140161e+01,2.142220e+01,2.135355e+01,2.138101e+01,2.132607e+01,2.139474e+01,2.146336e+01,2.131920e+01,2.145650e+01,2.144964e+01,2.137415e+01,2.136041e+01,2.138788e+01,2.133981e+01,2.137415e+01,2.136041e+01,2.130546e+01,2.137415e+01,2.140847e+01,2.131920e+01,2.138788e+01,2.138788e+01,2.133981e+01,2.138101e+01,2.143592e+01,2.142906e+01,2.140847e+01,2.132607e+01,2.126423e+01,2.129859e+01,2.133294e+01,2.129859e+01,2.132607e+01,2.139474e+01,2.134668e+01,2.143592e+01,2.132607e+01,2.140847e+01,2.138788e+01,2.137415e+01,2.135355e+01,2.129859e+01,2.138101e+01,2.138788e+01,2.127798e+01,2.069213e+01,2.031124e+01,1.987316e+01,1.997764e+01,1.988013e+01,1.985922e+01,1.987316e+01,1.981042e+01,1.985225e+01,1.979647e+01,1.991496e+01,1.994979e+01,1.984528e+01,1.997068e+01,1.995675e+01,1.987316e+01,1.994283e+01,1.994979e+01,1.996371e+01,1.996371e+01,1.999852e+01,2.003332e+01,1.999852e+01,2.001244e+01,2.002636e+01,2.003332e+01,2.005419e+01,2.004723e+01,2.007505e+01,2.016542e+01,2.005419e+01,2.014458e+01,2.051918e+01,2.072669e+01,2.106471e+01,2.119548e+01,2.103716e+01,2.106471e+01,2.132607e+01,2.136728e+01,2.116796e+01,2.127798e+01,2.127110e+01,2.143592e+01,2.121611e+01,2.120923e+01,2.136728e+01,2.129172e+01,2.137415e+01,2.133981e+01,2.125048e+01,2.131233e+01,2.119548e+01,2.127110e+01,2.131233e+01,2.129172e+01,2.127798e+01,2.128485e+01,2.126423e+01,2.126423e+01,2.128485e+01,2.128485e+01,2.111979e+01,2.120923e+01,2.126423e+01,2.131920e+01,2.132607e+01,2.136728e+01,2.126423e+01,2.133981e+01,2.127798e+01,2.129859e+01,2.129859e+01,2.130546e+01,2.133294e+01,2.138788e+01,2.135355e+01,2.133294e+01,2.125736e+01,2.132607e+01,2.126423e+01,2.126423e+01,2.121611e+01,2.130546e+01,2.129172e+01,2.131233e+01,2.135355e+01,2.126423e+01,2.116108e+01,2.130546e+01,2.128485e+01,2.136041e+01,2.117484e+01,2.116796e+01,2.129859e+01,2.128485e+01,2.130546e+01,2.131920e+01,2.129172e+01,2.130546e+01,2.133294e+01,2.127798e+01,2.133294e+01,2.124361e+01,2.122986e+01,2.122986e+01,2.121611e+01,2.119548e+01,2.125736e+01,2.114044e+01,2.116108e+01,2.121611e+01,2.125736e+01,2.118172e+01,2.125048e+01,2.125048e+01,2.120923e+01,2.124361e+01,2.124361e+01,2.118860e+01,2.114044e+01,2.127798e+01,2.133981e+01,2.126423e+01,2.120923e+01,2.114732e+01,2.122298e+01,2.119548e+01,2.127110e+01,2.111979e+01,2.118860e+01,2.101649e+01,2.047070e+01,2.035286e+01,2.042912e+01,2.065065e+01,2.094757e+01,2.117484e+01,2.120923e+01,2.111291e+01,2.124361e+01,2.117484e+01,2.114732e+01,2.118860e+01,2.116108e+01,2.118860e+01,2.120923e+01,2.123674e+01,2.117484e+01,2.122298e+01,2.119548e+01,2.127110e+01,2.126423e+01,2.120923e+01,2.120235e+01,2.089239e+01,2.080957e+01,2.035286e+01,2.031124e+01,2.049148e+01,2.019321e+01,2.021405e+01,2.028348e+01,2.010982e+01,2.036673e+01,2.037366e+01,2.060915e+01,2.071287e+01,2.070596e+01,2.096825e+01,2.097514e+01,2.113355e+01,2.116108e+01,2.118860e+01,2.117484e+01,2.116796e+01,2.121611e+01,2.137415e+01,2.140847e+01,2.143592e+01,2.130546e+01,2.128485e+01,2.133294e+01,2.126423e+01,2.129859e+01,2.133981e+01,2.138101e+01,2.132607e+01,2.133294e+01,2.131920e+01,2.122298e+01,2.133294e+01,2.140161e+01,2.146336e+01,2.142906e+01,2.135355e+01,2.142906e+01,2.136041e+01,2.138788e+01,2.133981e+01,2.133294e+01,2.133981e+01,2.146336e+01,2.132607e+01,2.142220e+01,2.142906e+01,2.139474e+01,2.141533e+01,2.140847e+01,2.130546e+01,2.133294e+01,2.133981e+01,2.133294e+01,2.130546e+01,2.124361e+01,2.146336e+01,2.140847e+01,2.140847e+01,2.142220e+01,2.140847e+01,2.138788e+01,2.142906e+01,2.137415e+01,2.135355e+01,2.141533e+01,2.142906e+01,2.141533e+01,2.142906e+01,2.129172e+01,2.131920e+01,2.133294e+01,2.133294e+01,2.132607e+01,2.130546e+01,2.132607e+01,2.131920e+01,2.131233e+01,2.127110e+01,2.117484e+01,2.124361e+01,2.113355e+01,2.128485e+01,2.122298e+01,2.124361e+01,2.126423e+01,2.125048e+01,2.128485e+01,2.131233e+01,2.133294e+01,2.134668e+01,2.144964e+01,2.134668e+01,2.138101e+01,2.134668e+01,2.133981e+01,2.142220e+01,2.139474e+01,2.122986e+01,2.136728e+01,2.136041e+01,2.129859e+01,2.129859e+01,2.131920e+01,2.138788e+01,2.142220e+01,2.136728e+01,2.132607e+01,2.140847e+01,2.131920e+01,2.136728e+01,2.145650e+01,2.139474e+01,2.141533e+01,2.140847e+01,2.141533e+01,2.149080e+01,2.151137e+01,2.140847e+01,2.149766e+01,2.144964e+01,2.144964e+01,2.138101e+01
2.123674e+01,2.127110e+01,2.117484e+01,2.136041e+01,2.117484e+01,2.122298e+01,2.126423e+01,2.128485e+01,2.131233e+01,2.129172e+01,2.131920e+01,2.129859e+01,2.133294e+01,2.132607e+01,2.132607e+01,2.132607e+01,2.122986e+01,2.144964e+01,2.133981e+01,2.129859e+01,2.133294e+01,2.129172e+01,2.131233e+01,2.127110e+01,2.129859e+01,2.131920e+01,2.128485e+01,2.123674e+01,2.122298e+01,2.125048e+01,2.135355e+01,2.139474e+01,2.138101e+01,2.129859e+01,2.127110e+01,2.135355e+01,2.133294e+01,2.135355e+01,2.127798e+01,2.158677e+01,2.133981e+01,2.135355e+01,2.135355e+01,2.136041e+01,2.127110e+01,2.140847e+01,2.138788e+01,2.133981e+01,2.138788e+01,2.133981e+01,2.136728e+01,2.131233e+01,2.140847e+01,2.128485e+01,2.123674e+01,2.137415e+01,2.113355e+01,2.129859e+01,2.125048e+01,2.126423e+01,2.142220e+01,2.147708e+01,2.120923e+01,2.118172e+01,2.099582e+01,2.101649e+01,2.098203e+01,2.115420e+01,2.114044e+01,2.118860e+01,2.114732e+01,2.118172e+01,2.112667e+01,2.106471e+01,2.114044e+01,2.116108e+01,2.113355e+01,2.114732e+01,2.110602e+01,2.129172e+01,2.129859e+01,2.129859e+01,2.133981e+01,2.142220e+01,2.146336e+01,2.143592e+01,2.124361e+01,2.136041e+01,2.136041e+01,2.120235e+01,2.125736e+01,2.133294e+01,2.125048e+01,2.124361e+01,2.127110e+01,2.127798e+01,2.119548e+01,2.112667e+01,2.133981e+01,2.119548e+01,2.118172e+01,2.128485e+01,2.124361e+01,2.122986e+01,2.122298e+01,2.127110e+01,2.124361e+01,2.130546e+01,2.129859e+01,2.127798e+01,2.133294e+01,2.133981e+01,2.128485e+01,2.117484e+01,2.113355e+01,2.131233e+01,2.129859e+01,2.129172e+01,2.140847e+01,2.140161e+01,2.138788e+01,2.129172e+01,2.130546e+01,2.116796e+01,2.128485e+01,2.129172e+01,2.129859e+01,2.132607e+01,2.123674e+01,2.116796e+01,2.124361e+01,2.133981e+01,2.134668e+01,2.127798e+01,2.127798e+01,2.140847e+01,2.140161e+01,2.127798e+01,2.136728e+01,2.138101e+01,2.120923e+01,2.112667e+01,2.117484e+01,2.122986e+01,2.114732e+01,2.119548e+01,2.122986e+01,2.127110e+01,2.119548e+01,2.130546e+01,2.129859e+01,2.124361e+01,2.120235e+01,2.115420e+01,2.128485e+01,2.113355e+01,2.125736e+01,2.107848e+01,2.122298e+01,2.127798e+01,2.131233e+01,2.125736e+01,2.133294e+01,2.144964e+01,2.137415e+01,2.138788e+01,2.136728e+01,2.134668e+01,2.144278e+01,2.142220e+01,2.138101e+01,2.138101e+01,2.140847e+01,2.148394e+01,2.133981e+01,2.144964e+01,2.132607e+01,2.142220e+01,2.138788e+01,2.130546e+01,2.142220e+01,2.141533e+01,2.160732e+01,2.235807e+01,2.331915e+01,2.183312e+01,2.147708e+01,2.148394e+01,2.147022e+01,2.138101e+01,2.131920e+01,2.129859e+01,2.134668e+01,2.136041e+01,2.122298e+01,2.129172e+01,2.125736e+01,2.129172e+01,2.124361e+01,2.122986e+01,2.133294e+01,2.142906e+01,2.118172e+01,2.122986e+01,2.120235e+01,2.126423e+01,2.113355e+01,2.154565e+01,2.151137e+01,2.168949e+01,2.168949e+01,2.165526e+01,2.155936e+01,2.171002e+01,2.167580e+01,2.170318e+01,2.170318e+01,2.163472e+01,2.191511e+01,2.207207e+01,2.188779e+01,2.194243e+01,2.184679e+01,2.189462e+01,2.219474e+01,2.221517e+01,2.219474e+01,2.217430e+01,2.223560e+01,2.235127e+01,2.235807e+01,2.235127e+01,2.222198e+01,2.227644e+01,2.221517e+01,2.223560e+01,2.218793e+01,2.201750e+01,2.205161e+01,2.205161e+01,2.222879e+01,2.226282e+01,2.220155e+01,2.215387e+01,2.274494e+01,2.219474e+01,2.193560e+01,2.166895e+01,2.162787e+01,2.158677e+01,2.211298e+01,2.169633e+01,2.175107e+01,2.175791e+01,2.281943e+01,2.454471e+01,2.560456e+01,2.590072e+01,2.451141e+01,2.318433e+01,2.222198e+01,2.166895e+01,2.168949e+01,2.203797e+01,2.193560e+01,2.196291e+01,2.273816e+01,2.372257e+01,2.203115e+01,2.153194e+01,2.165526e+01,2.176475e+01,2.214024e+01,2.204479e+01,2.175107e+01,2.179211e+01,2.177159e+01,2.176475e+01,2.162787e+01,2.199021e+01,2.176475e+01,2.114732e+01,2.099582e+01,2.091308e+01,2.103716e+01,2.098893e+01,2.091308e+01,2.099582e+01,2.079576e+01,2.102338e+01,2.103027e+01,2.094757e+01,2.103716e+01,2.133294e+01,2.136728e+01,2.127798e+01,2.131920e+01,2.133981e+01,2.135355e+01,2.129859e+01,2.127110e+01,2.133294e+01,2.129859e+01,2.142906e+01,2.136041e+01,2.136728e+01,2.136728e+01,2.131233e+01,2.133294e+01,2.129859e+01,2.131920e+01,2.140161e+01,2.136728e+01,2.136041e+01,2.132607e+01,2.147708e+01,2.131920e+01,2.129859e+01,2.136041e+01,2.144278e+01,2.136041e+01,2.143592e+01,2.138101e+01,2.131233e+01,2.143592e+01,2.128485e+01,2.134668e+01,2.133981e+01,2.138788e+01,2.140847e+01,2.133981e+01,2.141533e+01,2.129859e+01,2.142906e+01,2.142220e+01,2.142220e+01,2.140161e+01,2.131233e+01,2.141533e+01,2.141533e+01,2.133294e+01,2.129859e+01,2.139474e+01,2.129859e+01,2.134668e+01,2.134668e+01,2.138101e+01,2.137415e+01,2.136041e+01,2.122986e+01,2.120235e+01,2.125736e+01,2.148394e+01,2.133981e+01,2.136041e+01,2.141533e+01,2.131920e+01,2.130546e+01,2.076814e+01,2.025571e+01,2.012372e+01,2.012372e+01,1.988710e+01,1.999852e+01,1.985922e+01,1.988710e+01,1.992890e+01,1.978950e+01,1.983831e+01,1.991496e+01,1.994979e+01,1.979647e+01,1.995675e+01,1.984528e+01,2.013068e+01,1.990800e+01,1.999156e+01,1.997764e+01,1.998460e+01,1.998460e+01,1.988710e+01,2.015153e+01,2.003332e+01,2.003332e+01,2.002636e+01,1.999852e+01,2.001244e+01,2.008201e+01,2.004027e+01,1.998460e+01,2.025571e+01,2.053995e+01,2.071978e+01,2.116108e+01,2.112667e+01,2.110602e+01,2.114044e+01,2.120923e+01,2.125048e+01,2.121611e+01,2.129859e+01,2.128485e+01,2.121611e+01,2.138101e+01,2.121611e+01,2.123674e+01,2.116796e+01,2.131920e+01,2.131920e+01,2.133294e+01,2.131233e+01,2.129172e+01,2.128485e+01,2.127110e+01,2.120923e+01,2.125736e+01,2.131233e+01,2.121611e+01,2.123674e+01,2.124361e+01,2.116796e+01,2.129172e+01,2.139474e+01,2.126423e+01,2.126423e+01,2.129172e+01,2.134668e+01,2.134668e+01,2.133981e+01,2.135355e+01,2.136041e+01,2.132607e+01,2.127798e+01,2.131920e+01,2.130546e+01,2.118860e+01,2.122986e+01,2.133981e+01,2.129172e+01,2.123674e+01,2.126423e+01,2.129859e+01,2.129859e+01,2.132607e+01,2.133981e+01,2.129172e+01,2.131920e+01,2.133294e+01,2.131920e+01,2.125048e+01,2.121611e+01,2.131233e+01,2.129172e+01,2.128485e+01,2.130546e+01,2.123674e+01,2.115420e+01,2.131920e+01,2.128485e+01,2.114044e+01,2.111291e+01,2.113355e+01,2.122298e+01,2.130546e+01,2.138788e+01,2.117484e+01,2.126423e+01,2.119548e+01,2.123674e+01,2.111979e+01,2.122986e+01,2.127110e+01,2.120923e+01,2.119548e+01,2.123674e+01,2.118172e+01,2.139474e+01,2.115420e+01,2.119548e+01,2.127798e+01,2.136728e+01,2.119548e+01,2.108537e+01,2.120923e+01,2.127798e+01,2.113355e+01,2.104405e+01,2.116108e+01,2.100271e+01,2.047070e+01,2.024183e+01,1.990800e+01,2.002636e+01,2.016542e+01,2.058148e+01,2.089929e+01,2.099582e+01,2.120235e+01,2.118172e+01,2.135355e+01,2.132607e+01,2.122298e+01,2.114732e+01,2.109225e+01,2.123674e+01,2.126423e+01,2.124361e+01,2.117484e+01,2.118860e+01,2.113355e+01,2.089239e+01,2.076123e+01,2.039447e+01,2.029042e+01,2.023489e+01,2.003332e+01,2.011677e+01,2.007505e+01,1.989407e+01,1.987316e+01,1.988710e+01,1.994979e+01,1.996371e+01,2.005419e+01,1.990103e+01,2.010982e+01,2.010982e+01,2.033205e+01,2.031124e+01,2.036673e+01,2.047762e+01,2.049148e+01,2.053995e+01,2.117484e+01,2.122298e+01,2.133294e+01,2.144278e+01,2.129172e+01,2.127110e+01,2.136041e+01,2.148394e+01,2.136041e+01,2.136041e+01,2.119548e+01,2.133981e+01,2.139474e+01,2.129172e+01,2.132607e+01,2.132607e+01,2.132607e+01,2.130546e+01,2.147022e+01,2.143592e+01,2.123674e+01,2.129859e+01,2.131233e+01,2.140161e+01,2.136041e+01,2.135355e+01,2.132607e+01,2.131920e+01,2.134668e+01,2.131233e+01,2.141533e+01,2.133981e+01,2.138101e+01,2.133294e+01,2.129859e+01,2.136041e+01,2.129859e+01,2.128485e+01,2.132607e+01,2.129172e+01,2.127110e+01,2.125736e+01,2.127110e+01,2.131233e+01,2.138788e+01,2.144964e+01,2.135355e+01,2.147022e+01,2.132607e+01,2.148394e+01,2.133294e+01,2.147708e+01,2.138788e+01,2.130546e+01,2.133981e+01,2.148394e+01,2.131920e+01,2.131920e+01,2.128485e+01,2.125048e+01,2.127798e+01,2.128485e+01,2.114732e+01,2.123674e+01,2.125736e+01,2.120923e+01,2.123674e+01,2.129172e+01,2.116796e+01,2.122986e+01,2.125048e+01,2.125048e+01,2.127110e+01,2.122298e+01,2.128485e+01,2.135355e+01,2.128485e+01,2.131920e+01,2.131920e+01,2.125736e+01,2.128485e+01,2.129172e+01,2.136041e+01,2.126423e+01,2.137415e+01,2.137415e+01,2.136728e+01,2.134668e+01,2.127798e+01,2.133981e+01,2.143592e+01,2.143592e+01,2.133294e+01,2.132607e+01,2.126423e+01,2.141533e+01,2.140161e+01,2.141533e+01,2.146336e+01,2.140847e+01,2.156621e+01,2.140161e+01,2.142220e+01,2.138101e+01,2.148394e+01,2.145650e+01,2.137415e+01
2.126423e+01,2.137415e+01,2.128485e+01,2.128485e+01,2.133294e+01,2.129172e+01,2.133981e+01,2.129859e+01,2.124361e+01,2.128485e+01,2.127798e+01,2.128485e+01,2.133294e+01,2.129859e+01,2.134668e+01,2.126423e+01,2.124361e+01,2.127110e+01,2.133294e+01,2.123674e+01,2.127798e+01,2.132607e+01,2.136041e+01,2.121611e+01,2.134668e+01,2.136041e+01,2.135355e+01,2.134668e+01,2.127798e+01,2.123674e+01,2.127110e+01,2.131233e+01,2.133981e+01,2.126423e+01,2.137415e+01,2.133981e+01,2.153880e+01,2.136728e+01,2.135355e+01,2.129172e+01,2.130546e+01,2.134668e+01,2.132607e+01,2.129172e+01,2.129172e+01,2.123674e+01,2.129172e+01,2.141533e+01,2.133294e+01,2.130546e+01,2.137415e+01,2.139474e+01,2.140847e+01,2.138788e+01,2.127110e+01,2.142220e+01,2.129172e+01,2.133981e+01,2.126423e+01,2.138788e+01,2.145650e+01,2.147708e+01,2.138101e+01,2.105094e+01,2.114044e+01,2.100960e+01,2.118172e+01,2.116108e+01,2.114732e+01,2.115420e+01,2.118172e+01,2.109225e+01,2.122298e+01,2.128485e+01,2.119548e+01,2.118860e+01,2.116108e+01,2.111291e+01,2.137415e+01,2.114044e+01,2.134668e+01,2.128485e+01,2.129859e+01,2.138788e+01,2.129859e+01,2.135355e+01,2.131920e+01,2.131920e+01,2.133294e+01,2.136041e+01,2.138101e+01,2.126423e+01,2.124361e+01,2.118172e+01,2.126423e+01,2.120235e+01,2.131233e+01,2.122986e+01,2.111979e+01,2.118172e+01,2.110602e+01,2.120235e+01,2.120923e+01,2.125048e+01,2.125048e+01,2.130546e+01,2.129172e+01,2.125736e+01,2.129172e+01,2.141533e+01,2.133294e+01,2.128485e+01,2.134668e+01,2.130546e+01,2.142220e+01,2.141533e+01,2.129172e+01,2.140847e+01,2.131920e+01,2.137415e+01,2.133981e+01,2.129172e+01,2.143592e+01,2.127798e+01,2.139474e+01,2.131233e+01,2.125048e+01,2.120235e+01,2.125736e+01,2.125048e+01,2.131233e+01,2.118860e+01,2.126423e+01,2.131233e+01,2.132607e+01,2.126423e+01,2.133981e+01,2.130546e+01,2.134668e+01,2.133981e+01,2.123674e+01,2.116108e+01,2.109225e+01,2.114044e+01,2.104405e+01,2.118172e+01,2.115420e+01,2.125048e+01,2.113355e+01,2.118860e+01,2.120235e+01,2.113355e+01,2.118860e+01,2.119548e+01,2.117484e+01,2.106471e+01,2.111291e+01,2.109914e+01,2.109225e+01,2.124361e+01,2.122298e+01,2.133981e+01,2.136041e+01,2.127798e+01,2.134668e+01,2.140161e+01,2.136041e+01,2.136041e+01,2.140847e+01,2.142220e+01,2.139474e+01,2.136728e+01,2.139474e+01,2.142906e+01,2.141533e+01,2.138788e+01,2.132607e+01,2.141533e+01,2.141533e+01,2.135355e+01,2.138101e+01,2.132607e+01,2.140161e+01,2.235807e+01,2.334610e+01,2.165526e+01,2.148394e+01,2.138101e+01,2.144964e+01,2.138788e+01,2.138788e+01,2.138101e+01,2.138788e+01,2.129859e+01,2.131920e+01,2.125736e+01,2.127798e+01,2.128485e+01,2.132607e+01,2.133981e+01,2.133294e+01,2.122298e+01,2.121611e+01,2.114044e+01,2.078195e+01,2.087169e+01,2.091308e+01,2.092688e+01,2.105094e+01,2.117484e+01,2.147022e+01,2.151137e+01,2.190828e+01,2.196973e+01,2.146336e+01,2.147708e+01,2.149766e+01,2.148394e+01,2.151137e+01,2.180578e+01,2.186046e+01,2.188096e+01,2.212661e+01,2.216068e+01,2.215387e+01,2.244643e+01,2.261614e+01,2.232406e+01,2.234447e+01,2.220836e+01,2.229685e+01,2.227644e+01,2.222198e+01,2.226282e+01,2.213342e+01,2.218793e+01,2.194243e+01,2.207207e+01,2.203797e+01,2.223560e+01,2.205843e+01,2.203115e+01,2.177159e+01,2.194925e+01,2.170318e+01,2.195608e+01,2.215387e+01,2.166895e+01,2.156621e+01,2.186729e+01,2.250756e+01,2.173055e+01,2.168264e+01,2.197656e+01,2.306284e+01,2.411106e+01,2.517528e+01,2.491024e+01,2.367559e+01,2.242604e+01,2.160732e+01,2.157991e+01,2.186046e+01,2.183312e+01,2.199703e+01,2.193560e+01,2.203797e+01,2.237847e+01,2.207207e+01,2.211979e+01,2.190828e+01,2.178527e+01,2.218112e+01,2.175791e+01,2.143592e+01,2.145650e+01,2.142906e+01,2.133981e+01,2.143592e+01,2.114732e+01,2.078195e+01,2.076814e+01,2.079576e+01,2.103027e+01,2.083719e+01,2.096135e+01,2.093377e+01,2.094067e+01,2.102338e+01,2.103027e+01,2.107160e+01,2.116796e+01,2.107848e+01,2.133981e+01,2.137415e+01,2.133981e+01,2.138101e+01,2.136728e+01,2.127798e+01,2.136041e+01,2.137415e+01,2.133981e+01,2.136041e+01,2.131920e+01,2.137415e+01,2.148394e+01,2.133294e+01,2.132607e+01,2.127110e+01,2.130546e+01,2.129172e+01,2.134668e+01,2.138788e+01,2.133981e+01,2.143592e+01,2.128485e+01,2.129859e+01,2.131233e+01,2.142220e+01,2.146336e+01,2.131920e+01,2.138101e+01,2.144964e+01,2.138101e+01,2.139474e+01,2.131233e+01,2.134668e+01,2.136728e+01,2.140847e+01,2.135355e+01,2.135355e+01,2.136728e+01,2.136728e+01,2.137415e+01,2.142220e+01,2.135355e+01,2.141533e+01,2.140847e+01,2.142906e+01,2.145650e+01,2.142220e+01,2.136041e+01,2.141533e+01,2.131233e+01,2.137415e+01,2.137415e+01,2.135355e+01,2.139474e+01,2.138101e+01,2.142220e+01,2.149080e+01,2.140847e+01,2.129172e+01,2.136728e+01,2.139474e+01,2.136041e+01,2.129172e+01,2.127798e+01,2.065757e+01,2.034592e+01,1.997764e+01,1.985922e+01,1.984528e+01,1.987316e+01,1.985922e+01,1.995675e+01,1.976858e+01,1.988710e+01,1.994979e+01,2.001940e+01,1.993586e+01,1.994283e+01,1.994283e+01,1.992193e+01,1.997068e+01,1.997764e+01,1.997764e+01,1.997068e+01,1.999156e+01,2.006810e+01,2.010982e+01,2.008201e+01,2.008201e+01,2.003332e+01,2.006810e+01,2.002636e+01,2.002636e+01,2.001940e+01,1.988013e+01,1.998460e+01,1.999852e+01,2.011677e+01,2.016542e+01,2.060915e+01,2.091308e+01,2.098893e+01,2.141533e+01,2.116108e+01,2.120235e+01,2.125736e+01,2.116796e+01,2.120235e+01,2.120923e+01,2.131233e+01,2.120923e+01,2.131233e+01,2.123674e+01,2.131920e+01,2.131233e+01,2.127110e+01,2.128485e+01,2.127110e+01,2.125736e+01,2.125736e+01,2.120235e+01,2.129172e+01,2.129172e+01,2.120923e+01,2.135355e+01,2.123674e+01,2.125048e+01,2.124361e+01,2.127110e+01,2.137415e+01,2.138101e+01,2.125736e+01,2.136041e+01,2.124361e+01,2.125048e+01,2.120923e+01,2.138788e+01,2.124361e+01,2.131233e+01,2.117484e+01,2.122298e+01,2.120235e+01,2.129859e+01,2.134668e+01,2.121611e+01,2.128485e+01,2.128485e+01,2.130546e+01,2.131920e+01,2.131233e+01,2.122986e+01,2.134668e+01,2.109225e+01,2.118172e+01,2.133294e+01,2.129172e+01,2.118860e+01,2.127110e+01,2.113355e+01,2.119548e+01,2.120923e+01,2.122298e+01,2.132607e+01,2.122298e+01,2.128485e+01,2.122298e+01,2.116796e+01,2.118860e+01,2.132607e+01,2.115420e+01,2.118860e+01,2.120235e+01,2.118172e+01,2.120235e+01,2.107848e+01,2.116796e+01,2.110602e+01,2.119548e+01,2.123674e+01,2.122298e+01,2.123674e+01,2.122298e+01,2.120923e+01,2.125048e+01,2.118172e+01,2.112667e+01,2.113355e+01,2.114732e+01,2.126423e+01,2.126423e+01,2.118860e+01,2.116108e+01,2.111291e+01,2.098203e+01,2.038753e+01,2.015848e+01,1.987316e+01,1.987316e+01,1.989407e+01,1.999156e+01,2.016542e+01,2.064374e+01,2.089929e+01,2.109914e+01,2.120235e+01,2.111979e+01,2.114044e+01,2.125048e+01,2.117484e+01,2.120235e+01,2.122298e+01,2.125048e+01,2.122986e+01,2.125048e+01,2.090619e+01,2.073360e+01,2.022100e+01,1.995675e+01,2.003332e+01,1.998460e+01,1.983134e+01,1.984528e+01,2.001244e+01,1.985225e+01,1.983134e+01,1.981042e+01,1.988013e+01,1.991496e+01,1.980345e+01,1.986619e+01,1.988710e+01,2.003332e+01,1.987316e+01,1.990800e+01,1.994979e+01,1.997068e+01,1.999852e+01,2.002636e+01,2.002636e+01,2.055379e+01,2.082338e+01,2.123674e+01,2.131233e+01,2.127798e+01,2.124361e+01,2.132607e+01,2.134668e+01,2.128485e+01,2.136728e+01,2.136041e+01,2.135355e+01,2.136728e+01,2.131233e+01,2.137415e+01,2.144278e+01,2.129172e+01,2.131920e+01,2.147022e+01,2.133981e+01,2.140161e+01,2.135355e+01,2.131920e+01,2.136041e+01,2.139474e+01,2.129859e+01,2.135355e+01,2.133981e+01,2.138101e+01,2.131920e+01,2.130546e+01,2.138788e+01,2.126423e+01,2.136041e+01,2.136041e+01,2.141533e+01,2.133981e+01,2.130546e+01,2.129172e+01,2.129172e+01,2.128485e+01,2.127798e+01,2.148394e+01,2.143592e+01,2.138101e+01,2.136728e+01,2.140847e+01,2.151823e+01,2.140847e+01,2.146336e+01,2.149080e+01,2.146336e+01,2.147022e+01,2.138101e+01,2.132607e+01,2.133294e+01,2.118860e+01,2.115420e+01,2.120923e+01,2.127798e+01,2.128485e+01,2.129172e+01,2.118172e+01,2.126423e+01,2.118860e+01,2.125048e+01,2.108537e+01,2.119548e+01,2.123674e+01,2.126423e+01,2.120923e+01,2.124361e+01,2.128485e+01,2.134668e+01,2.126423e+01,2.144278e+01,2.127110e+01,2.129172e+01,2.136728e+01,2.127110e+01,2.124361e+01,2.125736e+01,2.131233e+01,2.125048e+01,2.123674e+01,2.139474e+01,2.130546e+01,2.147708e+01,2.144964e+01,2.142906e+01,2.121611e+01,2.131920e+01,2.140847e+01,2.144964e+01,2.143592e+01,2.135355e+01,2.136728e+01,2.138101e+01,2.140847e+01,2.139474e+01,2.142220e+01,2.139474e+01,2.122986e+01,2.140161e+01,2.136728e+01,2.144278e+01,2.147022e+01
2.143592e+01,2.139474e+01,2.122298e+01,2.122986e+01,2.143592e+01,2.143592e+01,2.119548e+01,2.129172e+01,2.133294e+01,2.142906e+01,2.131233e+01,2.129172e+01,2.133981e+01,2.130546e+01,2.131233e+01,2.136041e+01,2.138788e+01,2.136728e+01,2.126423e+01,2.127798e+01,2.124361e+01,2.131920e+01,2.131920e+01,2.136728e+01,2.127110e+01,2.136041e+01,2.136041e+01,2.140847e+01,2.124361e+01,2.140847e+01,2.129859e+01,2.136728e+01,2.142220e+01,2.144278e+01,2.131920e+01,2.129172e+01,2.141533e+01,2.136041e+01,2.137415e+01,2.140847e+01,2.133294e+01,2.133294e+01,2.143592e+01,2.140847e+01,2.136728e+01,2.132607e+01,2.140161e+01,2.129172e+01,2.125736e+01,2.131920e+01,2.136041e+01,2.131233e+01,2.140161e+01,2.139474e+01,2.133294e+01,2.142220e+01,2.143592e+01,2.150451e+01,2.138101e+01,2.140161e+01,2.131233e+01,2.131920e+01,2.125736e+01,2.116108e+01,2.123674e+01,2.114044e+01,2.111291e+01,2.113355e+01,2.117484e+01,2.116108e+01,2.116796e+01,2.114732e+01,2.118860e+01,2.118860e+01,2.105782e+01,2.120235e+01,2.122986e+01,2.124361e+01,2.123674e+01,2.133981e+01,2.124361e+01,2.139474e+01,2.139474e+01,2.138101e+01,2.143592e+01,2.144964e+01,2.138101e+01,2.129172e+01,2.146336e+01,2.136728e+01,2.133294e+01,2.122298e+01,2.120235e+01,2.117484e+01,2.126423e+01,2.126423e+01,2.122986e+01,2.129859e+01,2.114732e+01,2.124361e+01,2.129172e+01,2.130546e+01,2.127110e+01,2.120923e+01,2.126423e+01,2.129859e+01,2.140161e+01,2.130546e+01,2.131920e+01,2.141533e+01,2.129859e+01,2.134668e+01,2.138788e+01,2.153194e+01,2.130546e+01,2.157991e+01,2.127798e+01,2.140847e+01,2.136728e+01,2.133981e+01,2.144964e+01,2.116108e+01,2.139474e+01,2.117484e+01,2.131233e+01,2.135355e+01,2.130546e+01,2.138788e+01,2.122986e+01,2.120923e+01,2.122986e+01,2.129859e+01,2.127110e+01,2.134668e+01,2.136728e+01,2.136041e+01,2.138101e+01,2.134668e+01,2.133294e+01,2.127798e+01,2.116108e+01,2.128485e+01,2.118172e+01,2.118172e+01,2.115420e+01,2.108537e+01,2.124361e+01,2.116108e+01,2.125736e+01,2.122298e+01,2.122986e+01,2.126423e+01,2.111979e+01,2.111291e+01,2.121611e+01,2.121611e+01,2.121611e+01,2.121611e+01,2.123674e+01,2.123674e+01,2.125048e+01,2.122298e+01,2.132607e+01,2.118860e+01,2.138101e+01,2.139474e+01,2.147022e+01,2.138788e+01,2.153194e+01,2.148394e+01,2.133981e+01,2.142906e+01,2.133294e+01,2.136728e+01,2.134668e+01,2.144278e+01,2.141533e+01,2.138788e+01,2.133981e+01,2.139474e+01,2.140161e+01,2.137415e+01,2.153880e+01,2.235807e+01,2.337304e+01,2.190145e+01,2.151823e+01,2.130546e+01,2.140847e+01,2.128485e+01,2.139474e+01,2.136041e+01,2.131920e+01,2.129859e+01,2.134668e+01,2.138788e+01,2.136728e+01,2.137415e+01,2.140847e+01,2.140847e+01,2.135355e+01,2.135355e+01,2.127798e+01,2.127110e+01,2.125048e+01,2.118860e+01,2.103716e+01,2.087859e+01,2.091308e+01,2.102338e+01,2.103716e+01,2.123674e+01,2.146336e+01,2.151137e+01,2.140161e+01,2.145650e+01,2.162102e+01,2.140847e+01,2.145650e+01,2.141533e+01,2.155250e+01,2.153194e+01,2.189462e+01,2.238527e+01,2.220836e+01,2.250756e+01,2.413779e+01,2.348744e+01,2.222879e+01,2.201750e+01,2.213342e+01,2.223560e+01,2.222198e+01,2.224921e+01,2.219474e+01,2.216068e+01,2.206525e+01,2.206525e+01,2.211979e+01,2.202432e+01,2.205843e+01,2.173055e+01,2.179894e+01,2.157306e+01,2.173055e+01,2.209934e+01,2.244643e+01,2.171686e+01,2.155250e+01,2.173055e+01,2.172371e+01,2.171002e+01,2.172371e+01,2.213342e+01,2.285327e+01,2.262971e+01,2.248719e+01,2.260936e+01,2.207889e+01,2.162102e+01,2.163472e+01,2.199703e+01,2.227644e+01,2.218112e+01,2.196973e+01,2.175107e+01,2.173739e+01,2.170318e+01,2.139474e+01,2.131233e+01,2.134668e+01,2.136728e+01,2.148394e+01,2.135355e+01,2.129172e+01,2.118172e+01,2.109225e+01,2.107848e+01,2.107160e+01,2.107848e+01,2.113355e+01,2.111291e+01,2.113355e+01,2.091308e+01,2.078195e+01,2.080267e+01,2.085789e+01,2.070596e+01,2.097514e+01,2.122298e+01,2.117484e+01,2.134668e+01,2.134668e+01,2.133981e+01,2.134668e+01,2.136041e+01,2.133294e+01,2.131920e+01,2.129172e+01,2.131920e+01,2.136728e+01,2.135355e+01,2.133981e+01,2.130546e+01,2.142220e+01,2.140161e+01,2.139474e+01,2.134668e+01,2.138101e+01,2.131233e+01,2.131920e+01,2.147022e+01,2.144964e+01,2.140847e+01,2.134668e+01,2.141533e+01,2.144278e+01,2.144964e+01,2.144964e+01,2.133981e+01,2.135355e+01,2.138788e+01,2.138101e+01,2.129172e+01,2.140847e+01,2.142220e+01,2.135355e+01,2.131920e+01,2.140161e+01,2.146336e+01,2.137415e+01,2.129859e+01,2.136728e+01,2.138788e+01,2.135355e+01,2.144964e+01,2.143592e+01,2.130546e+01,2.136728e+01,2.135355e+01,2.133981e+01,2.147708e+01,2.140161e+01,2.131233e+01,2.138788e+01,2.131920e+01,2.134668e+01,2.126423e+01,2.133981e+01,2.138101e+01,2.140847e+01,2.135355e+01,2.128485e+01,2.138101e+01,2.137415e+01,2.139474e+01,2.130546e+01,2.127798e+01,2.110602e+01,2.056763e+01,2.012372e+01,2.008896e+01,1.995675e+01,2.007505e+01,1.994283e+01,1.994979e+01,1.981740e+01,1.993586e+01,1.994979e+01,1.998460e+01,1.990103e+01,1.992193e+01,2.011677e+01,1.999852e+01,1.998460e+01,1.999852e+01,2.008201e+01,2.006810e+01,1.999156e+01,2.015153e+01,2.017237e+01,2.003332e+01,2.004027e+01,2.003332e+01,2.004723e+01,1.999156e+01,2.003332e+01,1.997068e+01,1.996371e+01,2.003332e+01,2.004027e+01,1.999852e+01,2.001244e+01,2.039447e+01,2.080267e+01,2.098203e+01,2.092688e+01,2.116796e+01,2.119548e+01,2.118172e+01,2.122986e+01,2.111291e+01,2.138101e+01,2.125048e+01,2.118172e+01,2.118860e+01,2.125048e+01,2.131233e+01,2.127798e+01,2.130546e+01,2.129172e+01,2.116796e+01,2.125048e+01,2.128485e+01,2.126423e+01,2.126423e+01,2.149766e+01,2.125048e+01,2.125736e+01,2.119548e+01,2.129859e+01,2.126423e+01,2.124361e+01,2.121611e+01,2.122986e+01,2.131920e+01,2.133981e+01,2.135355e+01,2.123674e+01,2.132607e+01,2.139474e+01,2.132607e+01,2.127798e+01,2.133294e+01,2.130546e+01,2.122986e+01,2.122298e+01,2.127798e+01,2.129172e+01,2.127798e+01,2.131920e+01,2.131920e+01,2.122986e+01,2.130546e+01,2.131233e+01,2.129859e+01,2.126423e+01,2.133981e+01,2.140161e+01,2.126423e+01,2.125048e+01,2.125048e+01,2.126423e+01,2.125048e+01,2.123674e+01,2.129172e+01,2.131233e+01,2.118860e+01,2.122986e+01,2.131233e+01,2.125736e+01,2.116796e+01,2.126423e+01,2.115420e+01,2.136041e+01,2.140847e+01,2.130546e+01,2.116108e+01,2.129172e+01,2.125736e+01,2.127110e+01,2.117484e+01,2.126423e+01,2.121611e+01,2.133294e+01,2.114044e+01,2.112667e+01,2.115420e+01,2.113355e+01,2.127110e+01,2.114732e+01,2.122986e+01,2.113355e+01,2.119548e+01,2.115420e+01,2.122298e+01,2.083719e+01,2.036673e+01,2.017237e+01,1.987316e+01,1.981042e+01,1.988013e+01,1.985225e+01,1.981042e+01,2.015848e+01,2.035980e+01,2.089239e+01,2.105782e+01,2.110602e+01,2.117484e+01,2.121611e+01,2.115420e+01,2.118172e+01,2.125048e+01,2.113355e+01,2.119548e+01,2.123674e+01,2.114044e+01,2.057456e+01,2.000548e+01,1.989407e+01,1.992890e+01,1.987316e+01,1.987316e+01,1.982437e+01,1.995675e+01,1.983134e+01,1.982437e+01,1.983134e+01,1.981740e+01,1.981042e+01,1.991496e+01,1.985225e+01,1.987316e+01,1.981042e+01,1.978950e+01,1.994283e+01,1.993586e+01,1.985922e+01,1.990103e+01,2.002636e+01,1.990800e+01,1.991496e+01,2.017237e+01,2.044298e+01,2.103027e+01,2.121611e+01,2.130546e+01,2.133294e+01,2.133981e+01,2.131920e+01,2.135355e+01,2.125048e+01,2.135355e+01,2.138101e+01,2.140847e+01,2.141533e+01,2.147022e+01,2.129859e+01,2.138788e+01,2.132607e+01,2.138788e+01,2.135355e+01,2.136728e+01,2.140161e+01,2.139474e+01,2.140161e+01,2.124361e+01,2.137415e+01,2.136728e+01,2.136728e+01,2.136041e+01,2.139474e+01,2.132607e+01,2.138788e+01,2.136728e+01,2.138788e+01,2.140161e+01,2.140161e+01,2.162787e+01,2.129172e+01,2.137415e+01,2.166211e+01,2.138788e+01,2.135355e+01,2.148394e+01,2.145650e+01,2.142906e+01,2.140161e+01,2.144278e+01,2.141533e+01,2.150451e+01,2.141533e+01,2.145650e+01,2.145650e+01,2.142906e+01,2.150451e+01,2.150451e+01,2.128485e+01,2.126423e+01,2.129172e+01,2.124361e+01,2.127110e+01,2.131233e+01,2.125736e+01,2.130546e+01,2.120235e+01,2.127798e+01,2.124361e+01,2.108537e+01,2.122298e+01,2.111291e+01,2.127110e+01,2.123674e+01,2.120923e+01,2.122986e+01,2.122298e+01,2.129859e+01,2.127798e+01,2.131920e+01,2.124361e+01,2.129172e+01,2.129859e+01,2.135355e+01,2.131233e+01,2.133981e+01,2.131233e+01,2.133981e+01,2.129859e+01,2.142906e+01,2.127110e+01,2.134668e+01,2.142906e+01,2.129172e+01,2.127798e+01,2.133294e+01,2.142220e+01,2.130546e+01,2.135355e+01,2.134668e+01,2.138788e+01,2.138788e+01,2.138788e+01,2.141533e+01,2.141533e+01,2.141533e+01,2.142220e+01,2.140161e+01,2.149080e+01,2.137415e+01
2.127110e+01,2.126423e+01,2.128485e+01,2.140847e+01,2.141533e+01,2.125736e+01,2.132607e+01,2.114044e+01,2.119548e+01,2.130546e+01,2.127798e+01,2.127110e+01,2.137415e+01,2.122986e+01,2.138101e+01,2.129859e+01,2.138101e+01,2.118172e+01,2.122986e+01,2.127798e+01,2.117484e+01,2.127798e+01,2.125048e+01,2.134668e+01,2.135355e+01,2.137415e+01,2.136041e+01,2.138101e+01,2.127110e+01,2.127110e+01,2.138788e+01,2.129172e+01,2.138101e+01,2.127110e+01,2.134668e+01,2.151823e+01,2.124361e+01,2.125736e+01,2.136041e+01,2.133981e+01,2.133981e+01,2.127110e+01,2.129172e+01,2.125736e+01,2.137415e+01,2.128485e+01,2.138788e+01,2.138788e+01,2.138101e+01,2.140847e+01,2.128485e+01,2.129859e+01,2.133981e+01,2.128485e+01,2.129859e+01,2.142220e+01,2.127110e+01,2.128485e+01,2.140161e+01,2.127798e+01,2.129859e+01,2.133981e+01,2.121611e+01,2.131233e+01,2.113355e+01,2.105094e+01,2.103716e+01,2.103027e+01,2.111291e+01,2.113355e+01,2.110602e+01,2.117484e+01,2.107848e+01,2.119548e+01,2.118860e+01,2.116796e+01,2.112667e+01,2.114732e+01,2.125048e+01,2.127110e+01,2.133294e+01,2.138101e+01,2.127110e+01,2.125736e+01,2.130546e+01,2.129172e+01,2.136728e+01,2.136728e+01,2.135355e+01,2.133294e+01,2.121611e+01,2.123674e+01,2.120235e+01,2.125736e+01,2.120923e+01,2.116108e+01,2.120923e+01,2.121611e+01,2.113355e+01,2.110602e+01,2.115420e+01,2.131233e+01,2.112667e+01,2.121611e+01,2.125048e+01,2.116108e+01,2.125048e+01,2.135355e+01,2.134668e+01,2.143592e+01,2.131233e+01,2.139474e+01,2.139474e+01,2.126423e+01,2.132607e+01,2.139474e+01,2.127110e+01,2.142906e+01,2.134668e+01,2.138101e+01,2.143592e+01,2.138788e+01,2.124361e+01,2.127798e+01,2.131233e+01,2.131920e+01,2.126423e+01,2.129172e+01,2.120235e+01,2.122986e+01,2.131920e+01,2.125048e+01,2.125736e+01,2.130546e+01,2.129172e+01,2.129172e+01,2.129172e+01,2.136728e+01,2.127798e+01,2.131920e+01,2.124361e+01,2.119548e+01,2.118860e+01,2.116796e+01,2.108537e+01,2.110602e+01,2.114044e+01,2.118860e+01,2.117484e+01,2.120235e+01,2.120923e+01,2.119548e+01,2.121611e+01,2.119548e+01,2.119548e+01,2.117484e+01,2.116796e+01,2.118860e+01,2.115420e+01,2.123674e+01,2.129859e+01,2.127110e+01,2.130546e+01,2.114732e+01,2.143592e+01,2.139474e+01,2.137415e+01,2.129859e+01,2.127798e+01,2.133294e+01,2.135355e+01,2.148394e+01,2.140847e+01,2.134668e+01,2.140847e+01,2.142906e+01,2.138788e+01,2.139474e+01,2.138101e+01,2.136728e+01,2.136041e+01,2.139474e+01,2.155250e+01,2.205161e+01,2.332589e+01,2.155250e+01,2.148394e+01,2.147022e+01,2.136728e+01,2.136041e+01,2.131920e+01,2.131233e+01,2.135355e+01,2.138788e+01,2.131233e+01,2.129172e+01,2.131233e+01,2.127798e+01,2.131920e+01,2.131920e+01,2.130546e+01,2.132607e+01,2.125048e+01,2.130546e+01,2.132607e+01,2.131920e+01,2.129172e+01,2.121611e+01,2.096135e+01,2.097514e+01,2.128485e+01,2.127110e+01,2.129859e+01,2.131920e+01,2.122298e+01,2.126423e+01,2.140847e+01,2.131233e+01,2.142906e+01,2.138101e+01,2.144964e+01,2.144964e+01,2.150451e+01,2.219474e+01,2.253472e+01,2.165526e+01,2.311011e+01,2.395717e+01,2.218793e+01,2.186046e+01,2.214705e+01,2.215387e+01,2.235127e+01,2.239206e+01,2.239206e+01,2.221517e+01,2.219474e+01,2.205161e+01,2.209934e+01,2.207207e+01,2.181945e+01,2.168264e+01,2.167580e+01,2.148394e+01,2.166895e+01,2.204479e+01,2.201750e+01,2.158677e+01,2.150451e+01,2.163472e+01,2.149766e+01,2.137415e+01,2.143592e+01,2.178527e+01,2.230365e+01,2.174423e+01,2.162787e+01,2.171686e+01,2.177159e+01,2.198338e+01,2.207207e+01,2.192194e+01,2.184679e+01,2.168264e+01,2.144278e+01,2.168264e+01,2.164841e+01,2.137415e+01,2.114732e+01,2.116108e+01,2.086479e+01,2.111979e+01,2.111979e+01,2.118172e+01,2.121611e+01,2.113355e+01,2.108537e+01,2.107848e+01,2.110602e+01,2.109914e+01,2.118860e+01,2.111291e+01,2.109914e+01,2.094067e+01,2.090619e+01,2.105094e+01,2.076123e+01,2.068522e+01,2.099582e+01,2.129859e+01,2.119548e+01,2.140161e+01,2.133981e+01,2.127110e+01,2.132607e+01,2.127110e+01,2.126423e+01,2.129172e+01,2.129172e+01,2.131233e+01,2.119548e+01,2.129859e+01,2.126423e+01,2.127110e+01,2.127798e+01,2.136728e+01,2.130546e+01,2.127798e+01,2.138101e+01,2.128485e+01,2.148394e+01,2.140161e+01,2.133981e+01,2.136041e+01,2.132607e+01,2.140161e+01,2.134668e+01,2.136728e+01,2.129859e+01,2.136041e+01,2.136041e+01,2.134668e+01,2.129859e+01,2.126423e+01,2.136728e+01,2.134668e+01,2.131233e+01,2.141533e+01,2.141533e+01,2.127110e+01,2.136728e+01,2.133981e+01,2.128485e+01,2.139474e+01,2.129172e+01,2.140161e+01,2.139474e+01,2.137415e+01,2.130546e+01,2.143592e+01,2.137415e+01,2.139474e+01,2.134668e+01,2.134668e+01,2.132607e+01,2.136041e+01,2.138788e+01,2.137415e+01,2.140161e+01,2.136728e+01,2.139474e+01,2.125048e+01,2.138101e+01,2.122298e+01,2.123674e+01,2.122298e+01,2.129172e+01,2.132607e+01,2.127798e+01,2.085099e+01,2.006810e+01,2.006114e+01,1.990103e+01,1.992193e+01,1.994283e+01,1.994979e+01,1.984528e+01,1.990800e+01,1.979647e+01,1.989407e+01,1.998460e+01,1.977555e+01,2.000548e+01,1.999156e+01,2.012372e+01,2.006114e+01,1.998460e+01,1.999852e+01,2.007505e+01,2.008896e+01,2.012372e+01,2.001244e+01,1.999852e+01,2.006810e+01,2.006114e+01,1.997068e+01,2.000548e+01,2.004027e+01,1.997764e+01,2.004027e+01,1.999156e+01,2.006810e+01,2.001940e+01,2.015848e+01,2.010287e+01,2.039447e+01,2.062990e+01,2.071978e+01,2.089239e+01,2.089929e+01,2.096135e+01,2.125048e+01,2.129859e+01,2.122986e+01,2.126423e+01,2.120923e+01,2.127110e+01,2.122986e+01,2.123674e+01,2.104405e+01,2.120923e+01,2.122986e+01,2.122298e+01,2.125048e+01,2.128485e+01,2.125048e+01,2.128485e+01,2.125736e+01,2.120235e+01,2.120923e+01,2.120235e+01,2.120235e+01,2.124361e+01,2.125736e+01,2.127110e+01,2.129859e+01,2.133294e+01,2.127798e+01,2.127110e+01,2.125736e+01,2.128485e+01,2.127798e+01,2.127110e+01,2.129172e+01,2.130546e+01,2.124361e+01,2.122298e+01,2.125048e+01,2.122298e+01,2.120923e+01,2.122298e+01,2.129172e+01,2.129172e+01,2.127110e+01,2.126423e+01,2.135355e+01,2.122986e+01,2.126423e+01,2.124361e+01,2.114732e+01,2.114732e+01,2.120923e+01,2.118172e+01,2.121611e+01,2.121611e+01,2.119548e+01,2.122298e+01,2.120235e+01,2.120923e+01,2.125048e+01,2.119548e+01,2.123674e+01,2.125048e+01,2.131920e+01,2.120235e+01,2.119548e+01,2.118172e+01,2.114732e+01,2.127798e+01,2.108537e+01,2.114044e+01,2.107160e+01,2.120923e+01,2.128485e+01,2.122298e+01,2.122986e+01,2.116796e+01,2.113355e+01,2.109225e+01,2.117484e+01,2.122986e+01,2.118172e+01,2.111979e+01,2.098893e+01,2.114732e+01,2.078886e+01,2.015848e+01,1.990800e+01,1.983831e+01,1.987316e+01,1.973369e+01,1.978253e+01,1.988710e+01,1.990103e+01,1.989407e+01,2.018627e+01,2.065757e+01,2.106471e+01,2.103716e+01,2.107160e+01,2.114732e+01,2.098893e+01,2.116108e+01,2.111979e+01,2.109225e+01,2.125048e+01,2.084409e+01,2.043605e+01,1.991496e+01,1.993586e+01,1.993586e+01,1.978950e+01,1.991496e+01,1.981042e+01,1.983134e+01,1.981042e+01,1.985225e+01,1.981740e+01,1.981042e+01,1.985922e+01,1.984528e+01,1.976858e+01,1.977555e+01,1.982437e+01,1.978253e+01,1.985922e+01,1.980345e+01,1.981740e+01,1.960800e+01,1.993586e+01,1.978253e+01,1.997068e+01,1.979647e+01,1.994283e+01,1.999852e+01,2.062299e+01,2.106471e+01,2.111979e+01,2.129172e+01,2.130546e+01,2.133981e+01,2.136728e+01,2.125736e+01,2.135355e+01,2.135355e+01,2.133294e+01,2.132607e+01,2.130546e+01,2.142220e+01,2.140847e+01,2.144964e+01,2.138101e+01,2.135355e+01,2.133981e+01,2.133981e+01,2.125048e+01,2.135355e+01,2.127798e+01,2.129172e+01,2.137415e+01,2.134668e+01,2.136728e+01,2.123674e+01,2.127798e+01,2.140161e+01,2.138101e+01,2.140161e+01,2.135355e+01,2.124361e+01,2.126423e+01,2.130546e+01,2.132607e+01,2.127110e+01,2.133981e+01,2.125048e+01,2.138788e+01,2.147022e+01,2.141533e+01,2.138101e+01,2.137415e+01,2.147022e+01,2.142906e+01,2.136728e+01,2.128485e+01,2.134668e+01,2.130546e+01,2.144278e+01,2.130546e+01,2.138788e+01,2.139474e+01,2.121611e+01,2.125736e+01,2.136728e+01,2.128485e+01,2.131233e+01,2.127798e+01,2.114732e+01,2.119548e+01,2.125736e+01,2.118860e+01,2.112667e+01,2.125048e+01,2.115420e+01,2.131233e+01,2.122298e+01,2.131233e+01,2.120235e+01,2.123674e+01,2.125048e+01,2.129859e+01,2.128485e+01,2.126423e+01,2.138101e+01,2.129172e+01,2.135355e+01,2.135355e+01,2.134668e+01,2.122986e+01,2.136728e+01,2.128485e+01,2.129859e+01,2.124361e+01,2.129859e+01,2.125048e+01,2.126423e+01,2.127110e+01,2.133294e+01,2.127798e+01,2.114732e+01,2.141533e+01,2.135355e+01,2.141533e+01,2.142220e+01,2.140161e+01,2.140161e+01,2.140847e+01,2.138788e+01,2.136041e+01,2.136728e+01,2.129859e+01
2.114044e+01,2.129859e+01,2.133294e+01,2.127798e+01,2.138788e+01,2.133294e+01,2.133981e+01,2.116796e+01,2.138101e+01,2.130546e+01,2.128485e+01,2.144278e+01,2.127798e+01,2.127110e+01,2.135355e+01,2.138101e+01,2.140847e+01,2.137415e+01,2.124361e+01,2.119548e+01,2.131233e+01,2.136041e+01,2.134668e+01,2.134668e+01,2.124361e+01,2.135355e+01,2.136041e+01,2.133294e+01,2.132607e+01,2.135355e+01,2.137415e+01,2.131920e+01,2.133981e+01,2.151137e+01,2.130546e+01,2.136728e+01,2.139474e+01,2.138788e+01,2.134668e+01,2.145650e+01,2.136041e+01,2.131920e+01,2.142906e+01,2.133294e+01,2.129859e+01,2.143592e+01,2.141533e+01,2.137415e+01,2.147022e+01,2.133981e+01,2.133981e+01,2.136728e+01,2.138788e+01,2.136728e+01,2.133294e+01,2.133981e+01,2.120235e+01,2.140847e+01,2.140161e+01,2.132607e+01,2.136041e+01,2.134668e+01,2.131233e+01,2.119548e+01,2.109914e+01,2.122298e+01,2.126423e+01,2.120923e+01,2.092688e+01,2.112667e+01,2.118860e+01,2.122298e+01,2.118860e+01,2.120235e+01,2.118172e+01,2.118172e+01,2.120923e+01,2.119548e+01,2.126423e+01,2.114044e+01,2.123674e+01,2.129859e+01,2.140161e+01,2.132607e+01,2.138101e+01,2.137415e+01,2.137415e+01,2.121611e+01,2.134668e+01,2.127110e+01,2.133981e+01,2.117484e+01,2.115420e+01,2.119548e+01,2.123674e+01,2.128485e+01,2.117484e+01,2.116108e+01,2.122298e+01,2.125048e+01,2.118172e+01,2.118860e+01,2.130546e+01,2.122986e+01,2.122986e+01,2.125736e+01,2.127798e+01,2.122298e+01,2.134668e+01,2.136728e+01,2.123674e+01,2.125736e+01,2.135355e+01,2.136041e+01,2.134668e+01,2.142906e+01,2.141533e+01,2.142220e+01,2.139474e+01,2.138101e+01,2.136728e+01,2.142906e+01,2.140161e+01,2.138788e+01,2.137415e+01,2.129172e+01,2.124361e+01,2.129172e+01,2.132607e+01,2.131233e+01,2.133294e+01,2.119548e+01,2.124361e+01,2.130546e+01,2.118172e+01,2.132607e+01,2.132607e+01,2.134668e+01,2.136041e+01,2.125048e+01,2.116796e+01,2.125048e+01,2.111979e+01,2.122986e+01,2.113355e+01,2.114732e+01,2.123674e+01,2.114732e+01,2.121611e+01,2.122298e+01,2.121611e+01,2.133294e+01,2.117484e+01,2.119548e+01,2.136041e+01,2.115420e+01,2.114044e+01,2.122298e+01,2.124361e+01,2.125048e+01,2.120923e+01,2.117484e+01,2.126423e+01,2.119548e+01,2.127798e+01,2.127798e+01,2.133981e+01,2.140847e+01,2.131233e+01,2.131920e+01,2.134668e+01,2.139474e+01,2.140161e+01,2.139474e+01,2.141533e+01,2.138788e+01,2.140161e+01,2.147708e+01,2.131233e+01,2.129859e+01,2.121611e+01,2.139474e+01,2.154565e+01,2.187413e+01,2.304258e+01,2.160047e+01,2.142220e+01,2.139474e+01,2.134668e+01,2.132607e+01,2.133981e+01,2.131233e+01,2.135355e+01,2.142906e+01,2.135355e+01,2.125736e+01,2.133294e+01,2.131920e+01,2.133981e+01,2.131233e+01,2.133981e+01,2.130546e+01,2.136041e+01,2.132607e+01,2.122986e+01,2.131233e+01,2.133294e+01,2.131920e+01,2.113355e+01,2.128485e+01,2.129172e+01,2.129859e+01,2.126423e+01,2.134668e+01,2.128485e+01,2.133981e+01,2.146336e+01,2.138788e+01,2.133294e+01,2.126423e+01,2.138788e+01,2.143592e+01,2.144278e+01,2.142220e+01,2.146336e+01,2.132607e+01,2.141533e+01,2.173055e+01,2.164841e+01,2.136041e+01,2.156621e+01,2.180578e+01,2.220836e+01,2.246002e+01,2.242604e+01,2.219474e+01,2.203115e+01,2.200386e+01,2.222198e+01,2.176475e+01,2.158677e+01,2.164157e+01,2.154565e+01,2.142906e+01,2.153880e+01,2.175791e+01,2.131920e+01,2.144964e+01,2.148394e+01,2.140161e+01,2.129859e+01,2.132607e+01,2.131920e+01,2.150451e+01,2.175107e+01,2.182629e+01,2.164157e+01,2.164841e+01,2.237167e+01,2.211298e+01,2.203797e+01,2.188096e+01,2.194243e+01,2.180578e+01,2.159362e+01,2.171686e+01,2.249398e+01,2.161417e+01,2.109225e+01,2.111291e+01,2.123674e+01,2.116108e+01,2.129859e+01,2.122298e+01,2.111291e+01,2.123674e+01,2.114732e+01,2.114732e+01,2.116108e+01,2.107160e+01,2.111291e+01,2.107160e+01,2.110602e+01,2.109914e+01,2.127798e+01,2.129859e+01,2.115420e+01,2.117484e+01,2.128485e+01,2.131920e+01,2.133981e+01,2.131920e+01,2.133294e+01,2.129172e+01,2.132607e+01,2.133981e+01,2.132607e+01,2.126423e+01,2.131920e+01,2.137415e+01,2.129172e+01,2.134668e+01,2.133981e+01,2.131920e+01,2.144964e+01,2.147708e+01,2.131920e+01,2.133294e+01,2.131233e+01,2.131233e+01,2.133294e+01,2.140847e+01,2.142220e+01,2.138788e+01,2.140847e+01,2.136728e+01,2.136041e+01,2.149080e+01,2.132607e+01,2.135355e+01,2.133294e+01,2.136728e+01,2.136728e+01,2.136041e+01,2.134668e+01,2.131920e+01,2.138101e+01,2.131233e+01,2.136041e+01,2.131920e+01,2.134668e+01,2.136728e+01,2.137415e+01,2.139474e+01,2.139474e+01,2.155250e+01,2.137415e+01,2.128485e+01,2.138788e+01,2.143592e+01,2.134668e+01,2.136041e+01,2.125736e+01,2.137415e+01,2.138788e+01,2.132607e+01,2.138788e+01,2.133294e+01,2.136041e+01,2.138101e+01,2.131233e+01,2.129172e+01,2.136728e+01,2.126423e+01,2.133294e+01,2.138788e+01,2.125736e+01,2.130546e+01,2.129172e+01,2.070596e+01,2.014458e+01,1.997764e+01,2.004723e+01,1.998460e+01,1.987316e+01,1.994979e+01,1.990800e+01,1.999156e+01,2.001244e+01,2.000548e+01,1.999852e+01,1.989407e+01,2.005419e+01,2.000548e+01,1.997764e+01,2.020711e+01,2.008896e+01,2.024183e+01,2.011677e+01,2.005419e+01,2.010287e+01,2.004723e+01,2.003332e+01,2.009591e+01,2.001940e+01,2.010287e+01,2.004027e+01,2.022794e+01,2.004723e+01,1.998460e+01,2.003332e+01,2.001940e+01,2.001940e+01,2.004723e+01,2.017237e+01,2.019321e+01,2.035980e+01,2.026960e+01,2.027654e+01,2.055379e+01,2.065065e+01,2.087859e+01,2.113355e+01,2.125048e+01,2.121611e+01,2.129172e+01,2.130546e+01,2.124361e+01,2.126423e+01,2.121611e+01,2.123674e+01,2.120923e+01,2.115420e+01,2.122298e+01,2.123674e+01,2.127798e+01,2.131920e+01,2.128485e+01,2.131233e+01,2.127110e+01,2.124361e+01,2.130546e+01,2.127798e+01,2.125736e+01,2.127798e+01,2.135355e+01,2.120235e+01,2.135355e+01,2.133294e+01,2.129172e+01,2.129172e+01,2.135355e+01,2.125048e+01,2.125736e+01,2.129172e+01,2.131920e+01,2.127798e+01,2.129859e+01,2.134668e+01,2.132607e+01,2.132607e+01,2.128485e+01,2.127110e+01,2.125048e+01,2.127798e+01,2.125736e+01,2.122986e+01,2.118860e+01,2.131920e+01,2.130546e+01,2.125736e+01,2.130546e+01,2.131920e+01,2.133294e+01,2.127798e+01,2.129859e+01,2.120923e+01,2.127798e+01,2.119548e+01,2.099582e+01,2.126423e+01,2.126423e+01,2.129859e+01,2.116796e+01,2.133294e+01,2.113355e+01,2.114732e+01,2.116796e+01,2.122298e+01,2.114044e+01,2.118860e+01,2.115420e+01,2.116796e+01,2.119548e+01,2.122986e+01,2.118172e+01,2.120923e+01,2.116108e+01,2.124361e+01,2.107848e+01,2.109225e+01,2.107160e+01,2.108537e+01,2.094067e+01,2.065065e+01,2.029042e+01,2.004723e+01,1.980345e+01,1.983134e+01,1.981740e+01,1.986619e+01,1.978950e+01,1.982437e+01,1.979647e+01,1.985225e+01,1.994979e+01,2.039447e+01,2.085099e+01,2.108537e+01,2.109225e+01,2.118860e+01,2.114732e+01,2.123674e+01,2.115420e+01,2.108537e+01,2.083719e+01,2.031124e+01,2.008201e+01,1.985225e+01,1.987316e+01,1.993586e+01,1.981740e+01,1.982437e+01,1.980345e+01,1.979647e+01,1.987316e+01,1.996371e+01,1.979647e+01,1.979647e+01,1.977555e+01,1.979647e+01,1.978253e+01,1.975462e+01,1.978253e+01,1.991496e+01,1.989407e+01,1.972671e+01,1.986619e+01,1.961498e+01,1.978950e+01,1.976160e+01,1.986619e+01,1.990103e+01,1.980345e+01,2.000548e+01,2.013763e+01,2.096135e+01,2.105094e+01,2.125736e+01,2.123674e+01,2.135355e+01,2.127798e+01,2.130546e+01,2.136728e+01,2.136041e+01,2.133981e+01,2.133294e+01,2.131920e+01,2.133981e+01,2.143592e+01,2.131920e+01,2.141533e+01,2.128485e+01,2.140161e+01,2.135355e+01,2.138101e+01,2.136728e+01,2.149080e+01,2.135355e+01,2.138101e+01,2.133981e+01,2.137415e+01,2.138101e+01,2.140847e+01,2.128485e+01,2.140161e+01,2.133981e+01,2.129172e+01,2.134668e+01,2.134668e+01,2.147022e+01,2.135355e+01,2.139474e+01,2.138788e+01,2.138788e+01,2.139474e+01,2.151137e+01,2.134668e+01,2.149766e+01,2.140847e+01,2.142220e+01,2.143592e+01,2.141533e+01,2.129172e+01,2.144278e+01,2.147708e+01,2.127110e+01,2.133981e+01,2.116108e+01,2.146336e+01,2.127798e+01,2.131920e+01,2.130546e+01,2.131920e+01,2.127110e+01,2.129859e+01,2.126423e+01,2.116108e+01,2.123674e+01,2.127798e+01,2.125736e+01,2.124361e+01,2.131920e+01,2.118172e+01,2.122298e+01,2.122986e+01,2.119548e+01,2.134668e+01,2.119548e+01,2.121611e+01,2.122298e+01,2.118860e+01,2.119548e+01,2.127798e+01,2.131233e+01,2.132607e+01,2.140847e+01,2.122298e+01,2.140161e+01,2.129859e+01,2.131920e+01,2.138788e+01,2.127110e+01,2.147022e+01,2.138788e+01,2.127110e+01,2.129172e+01,2.135355e+01,2.121611e+01,2.129859e+01,2.126423e+01,2.138788e+01,2.125048e+01,2.133981e+01,2.135355e+01,2.147708e+01,2.144278e+01,2.131920e+01,2.138101e+01,2.139474e+01
2.114044e+01,2.125736e+01,2.118172e+01,2.129172e+01,2.132607e+01,2.128485e+01,2.142906e+01,2.124361e+01,2.128485e+01,2.137415e+01,2.124361e+01,2.133294e+01,2.135355e+01,2.122986e+01,2.140161e+01,2.127110e+01,2.142906e+01,2.131233e+01,2.141533e+01,2.118172e+01,2.127110e+01,2.130546e+01,2.120923e+01,2.131233e+01,2.133981e+01,2.131920e+01,2.130546e+01,2.148394e+01,2.138101e+01,2.129859e+01,2.136728e+01,2.136728e+01,2.138101e+01,2.139474e+01,2.134668e+01,2.139474e+01,2.122986e+01,2.133294e+01,2.136728e+01,2.149766e+01,2.133294e+01,2.134668e+01,2.142220e+01,2.144278e+01,2.122298e+01,2.127798e+01,2.129172e+01,2.140847e+01,2.134668e+01,2.136041e+01,2.136041e+01,2.133981e+01,2.137415e+01,2.131233e+01,2.140847e+01,2.138788e+01,2.143592e+01,2.151823e+01,2.147022e+01,2.142906e+01,2.133294e+01,2.141533e+01,2.132607e+01,2.132607e+01,2.109225e+01,2.109225e+01,2.115420e+01,2.109225e+01,2.120235e+01,2.112667e+01,2.104405e+01,2.114044e+01,2.109225e+01,2.119548e+01,2.117484e+01,2.120235e+01,2.122298e+01,2.125736e+01,2.122298e+01,2.128485e+01,2.132607e+01,2.135355e+01,2.128485e+01,2.150451e+01,2.137415e+01,2.135355e+01,2.135355e+01,2.134668e+01,2.134668e+01,2.125048e+01,2.118860e+01,2.122298e+01,2.113355e+01,2.129859e+01,2.116796e+01,2.129172e+01,2.127110e+01,2.114732e+01,2.123674e+01,2.115420e+01,2.114732e+01,2.117484e+01,2.125736e+01,2.122298e+01,2.124361e+01,2.116796e+01,2.128485e+01,2.124361e+01,2.130546e+01,2.146336e+01,2.125736e+01,2.130546e+01,2.136041e+01,2.131233e+01,2.136041e+01,2.138101e+01,2.141533e+01,2.139474e+01,2.138788e+01,2.137415e+01,2.136041e+01,2.138101e+01,2.142220e+01,2.140847e+01,2.130546e+01,2.127798e+01,2.133294e+01,2.127110e+01,2.133981e+01,2.127110e+01,2.133294e+01,2.132607e+01,2.135355e+01,2.133294e+01,2.131920e+01,2.120923e+01,2.125048e+01,2.135355e+01,2.128485e+01,2.128485e+01,2.119548e+01,2.116796e+01,2.126423e+01,2.118172e+01,2.104405e+01,2.119548e+01,2.120923e+01,2.112667e+01,2.119548e+01,2.123674e+01,2.122298e+01,2.115420e+01,2.122986e+01,2.115420e+01,2.113355e+01,2.116796e+01,2.120235e+01,2.117484e+01,2.119548e+01,2.111979e+01,2.112667e+01,2.127798e+01,2.127798e+01,2.120923e+01,2.134668e+01,2.126423e+01,2.138101e+01,2.134668e+01,2.108537e+01,2.132607e+01,2.133981e+01,2.136728e+01,2.142906e+01,2.135355e+01,2.134668e+01,2.140161e+01,2.136041e+01,2.136728e+01,2.131233e+01,2.127110e+01,2.138101e+01,2.131920e+01,2.135355e+01,2.175107e+01,2.265683e+01,2.144964e+01,2.134668e+01,2.134668e+01,2.138101e+01,2.129172e+01,2.126423e+01,2.131920e+01,2.153194e+01,2.143592e+01,2.131233e+01,2.134668e+01,2.131233e+01,2.142906e+01,2.134668e+01,2.135355e+01,2.132607e+01,2.120235e+01,2.147022e+01,2.131920e+01,2.127110e+01,2.133981e+01,2.132607e+01,2.130546e+01,2.138788e+01,2.133294e+01,2.145650e+01,2.133294e+01,2.125736e+01,2.119548e+01,2.133294e+01,2.131233e+01,2.138101e+01,2.140161e+01,2.136041e+01,2.140847e+01,2.134668e+01,2.121611e+01,2.132607e+01,2.144278e+01,2.142220e+01,2.131920e+01,2.134668e+01,2.126423e+01,2.125736e+01,2.133981e+01,2.136041e+01,2.132607e+01,2.142906e+01,2.151823e+01,2.162787e+01,2.155936e+01,2.160047e+01,2.159362e+01,2.159362e+01,2.169633e+01,2.159362e+01,2.142220e+01,2.142220e+01,2.158677e+01,2.158677e+01,2.125736e+01,2.134668e+01,2.134668e+01,2.142906e+01,2.135355e+01,2.142220e+01,2.113355e+01,2.118172e+01,2.135355e+01,2.117484e+01,2.137415e+01,2.162787e+01,2.200386e+01,2.233767e+01,2.202432e+01,2.203797e+01,2.239886e+01,2.222198e+01,2.193560e+01,2.219474e+01,2.241925e+01,2.215387e+01,2.197656e+01,2.144964e+01,2.127798e+01,2.127798e+01,2.125048e+01,2.129859e+01,2.117484e+01,2.118172e+01,2.129172e+01,2.114044e+01,2.120923e+01,2.137415e+01,2.111979e+01,2.102338e+01,2.104405e+01,2.091998e+01,2.123674e+01,2.110602e+01,2.133981e+01,2.138101e+01,2.132607e+01,2.123674e+01,2.136041e+01,2.130546e+01,2.137415e+01,2.127798e+01,2.138101e+01,2.139474e+01,2.126423e+01,2.130546e+01,2.129859e+01,2.135355e+01,2.128485e+01,2.126423e+01,2.124361e+01,2.129859e+01,2.131920e+01,2.140847e+01,2.129172e+01,2.147708e+01,2.132607e+01,2.134668e+01,2.138101e+01,2.135355e+01,2.142220e+01,2.136041e+01,2.135355e+01,2.142906e+01,2.139474e+01,2.133981e+01,2.144278e+01,2.129859e+01,2.130546e+01,2.140847e+01,2.136041e+01,2.140161e+01,2.139474e+01,2.127110e+01,2.135355e+01,2.136041e+01,2.127798e+01,2.136041e+01,2.136041e+01,2.127110e+01,2.134668e+01,2.125736e+01,2.136728e+01,2.137415e+01,2.140161e+01,2.137415e+01,2.132607e+01,2.140847e+01,2.133981e+01,2.142906e+01,2.141533e+01,2.131920e+01,2.129859e+01,2.133294e+01,2.130546e+01,2.133981e+01,2.130546e+01,2.134668e+01,2.138101e+01,2.136041e+01,2.136728e+01,2.124361e+01,2.134668e+01,2.127110e+01,2.122986e+01,2.140847e+01,2.131920e+01,2.133294e+01,2.088549e+01,2.007505e+01,2.006114e+01,1.997068e+01,1.997068e+01,1.992890e+01,1.992890e+01,1.988013e+01,1.992890e+01,1.989407e+01,1.991496e+01,1.991496e+01,1.999852e+01,1.998460e+01,2.007505e+01,2.009591e+01,2.002636e+01,2.005419e+01,2.017237e+01,2.009591e+01,2.010287e+01,2.011677e+01,2.006810e+01,2.006810e+01,2.008896e+01,2.007505e+01,2.007505e+01,2.009591e+01,1.999156e+01,2.005419e+01,2.003332e+01,2.006810e+01,1.998460e+01,1.998460e+01,2.001244e+01,1.997068e+01,1.997068e+01,1.990800e+01,2.001940e+01,2.008896e+01,1.998460e+01,2.028348e+01,2.058148e+01,2.113355e+01,2.113355e+01,2.125048e+01,2.128485e+01,2.115420e+01,2.120235e+01,2.118860e+01,2.119548e+01,2.123674e+01,2.120923e+01,2.120923e+01,2.122986e+01,2.117484e+01,2.130546e+01,2.126423e+01,2.131233e+01,2.134668e+01,2.131233e+01,2.131233e+01,2.125736e+01,2.127798e+01,2.123674e+01,2.132607e+01,2.121611e+01,2.118172e+01,2.130546e+01,2.121611e+01,2.128485e+01,2.124361e+01,2.126423e+01,2.125048e+01,2.124361e+01,2.122986e+01,2.131233e+01,2.127110e+01,2.122298e+01,2.117484e+01,2.127798e+01,2.126423e+01,2.126423e+01,2.124361e+01,2.126423e+01,2.124361e+01,2.122986e+01,2.122298e+01,2.133981e+01,2.140847e+01,2.138101e+01,2.129172e+01,2.129172e+01,2.126423e+01,2.121611e+01,2.132607e+01,2.127798e+01,2.125736e+01,2.122986e+01,2.130546e+01,2.122986e+01,2.122298e+01,2.130546e+01,2.119548e+01,2.129859e+01,2.118172e+01,2.116108e+01,2.118172e+01,2.114732e+01,2.127110e+01,2.113355e+01,2.125048e+01,2.116108e+01,2.118860e+01,2.118860e+01,2.124361e+01,2.119548e+01,2.108537e+01,2.116796e+01,2.118860e+01,2.111979e+01,2.115420e+01,2.094067e+01,2.094067e+01,2.024877e+01,2.002636e+01,1.987316e+01,1.974764e+01,1.985225e+01,1.975462e+01,1.985225e+01,1.976858e+01,1.980345e+01,1.981042e+01,1.979647e+01,1.992193e+01,1.992193e+01,2.001940e+01,2.071978e+01,2.101649e+01,2.105094e+01,2.117484e+01,2.114044e+01,2.101649e+01,2.120235e+01,2.094067e+01,2.016542e+01,2.007505e+01,1.983831e+01,1.984528e+01,1.978950e+01,2.006114e+01,1.979647e+01,1.986619e+01,1.980345e+01,1.979647e+01,1.983831e+01,1.982437e+01,1.977555e+01,1.975462e+01,1.976858e+01,1.976858e+01,1.974764e+01,1.981740e+01,1.975462e+01,1.974764e+01,1.967785e+01,1.976160e+01,1.981042e+01,1.974764e+01,1.977555e+01,1.981042e+01,1.987316e+01,1.979647e+01,1.990103e+01,1.985922e+01,1.999156e+01,2.051918e+01,2.109914e+01,2.125048e+01,2.125736e+01,2.124361e+01,2.130546e+01,2.136041e+01,2.133981e+01,2.149080e+01,2.127798e+01,2.148394e+01,2.131920e+01,2.136728e+01,2.140161e+01,2.135355e+01,2.139474e+01,2.135355e+01,2.139474e+01,2.136041e+01,2.130546e+01,2.136728e+01,2.140847e+01,2.134668e+01,2.128485e+01,2.136041e+01,2.144278e+01,2.127110e+01,2.140847e+01,2.127798e+01,2.129859e+01,2.136728e+01,2.131233e+01,2.135355e+01,2.143592e+01,2.133294e+01,2.129859e+01,2.137415e+01,2.119548e+01,2.136728e+01,2.138788e+01,2.140161e+01,2.136728e+01,2.147708e+01,2.143592e+01,2.140847e+01,2.145650e+01,2.139474e+01,2.144278e+01,2.141533e+01,2.127798e+01,2.139474e+01,2.140161e+01,2.134668e+01,2.138788e+01,2.140161e+01,2.138101e+01,2.120923e+01,2.132607e+01,2.130546e+01,2.117484e+01,2.118860e+01,2.116796e+01,2.127798e+01,2.120923e+01,2.111291e+01,2.122298e+01,2.122298e+01,2.116796e+01,2.117484e+01,2.120235e+01,2.117484e+01,2.116796e+01,2.128485e+01,2.123674e+01,2.129172e+01,2.125736e+01,2.120923e+01,2.124361e+01,2.125048e+01,2.123674e+01,2.127110e+01,2.127798e+01,2.127110e+01,2.141533e+01,2.136728e+01,2.136041e+01,2.133981e+01,2.140847e+01,2.146336e+01,2.127110e+01,2.136728e+01,2.133981e+01,2.125048e+01,2.138101e+01,2.140847e+01,2.137415e+01,2.138788e+01,2.132607e+01,2.130546e+01,2.133981e+01,2.138788e+01,2.134668e+01,2.144278e+01,2.138788e+01
2.129859e+01,2.125048e+01,2.127798e+01,2.111979e+01,2.131233e+01,2.122986e+01,2.129172e+01,2.113355e+01,2.129172e+01,2.128485e+01,2.131920e+01,2.125736e+01,2.127110e+01,2.129172e+01,2.138788e+01,2.114732e+01,2.133981e+01,2.131920e+01,2.132607e+01,2.127110e+01,2.134668e+01,2.129859e+01,2.114732e+01,2.131920e+01,2.135355e+01,2.133981e+01,2.131233e+01,2.122298e+01,2.142220e+01,2.126423e+01,2.128485e+01,2.129859e+01,2.136041e+01,2.135355e+01,2.131920e+01,2.129859e+01,2.138101e+01,2.140847e+01,2.132607e+01,2.146336e+01,2.136041e+01,2.133981e+01,2.132607e+01,2.133294e+01,2.136041e+01,2.136041e+01,2.131920e+01,2.138101e+01,2.136041e+01,2.135355e+01,2.136728e+01,2.135355e+01,2.142220e+01,2.132607e+01,2.138788e+01,2.133294e+01,2.131233e+01,2.146336e+01,2.138101e+01,2.142220e+01,2.137415e+01,2.138101e+01,2.131233e+01,2.122986e+01,2.112667e+01,2.118172e+01,2.106471e+01,2.105094e+01,2.117484e+01,2.111979e+01,2.100271e+01,2.118172e+01,2.118172e+01,2.114732e+01,2.114732e+01,2.120923e+01,2.116796e+01,2.115420e+01,2.126423e+01,2.114044e+01,2.124361e+01,2.130546e+01,2.136041e+01,2.134668e+01,2.134668e+01,2.122986e+01,2.134668e+01,2.134668e+01,2.133294e+01,2.107160e+01,2.111291e+01,2.118172e+01,2.117484e+01,2.116108e+01,2.120923e+01,2.120235e+01,2.119548e+01,2.118172e+01,2.118172e+01,2.110602e+01,2.114732e+01,2.114732e+01,2.120923e+01,2.120923e+01,2.125048e+01,2.129859e+01,2.125736e+01,2.115420e+01,2.131920e+01,2.124361e+01,2.122298e+01,2.136041e+01,2.133981e+01,2.136728e+01,2.136728e+01,2.145650e+01,2.141533e+01,2.131233e+01,2.140847e+01,2.142220e+01,2.135355e+01,2.131920e+01,2.149766e+01,2.137415e+01,2.134668e+01,2.130546e+01,2.130546e+01,2.126423e+01,2.129172e+01,2.133981e+01,2.132607e+01,2.125048e+01,2.129172e+01,2.120923e+01,2.131233e+01,2.129172e+01,2.129172e+01,2.118860e+01,2.121611e+01,2.127110e+01,2.125048e+01,2.110602e+01,2.110602e+01,2.114732e+01,2.107848e+01,2.104405e+01,2.109225e+01,2.109914e+01,2.112667e+01,2.110602e+01,2.122986e+01,2.118860e+01,2.098893e+01,2.127110e+01,2.115420e+01,2.122986e+01,2.116108e+01,2.115420e+01,2.117484e+01,2.120923e+01,2.113355e+01,2.120235e+01,2.125048e+01,2.125736e+01,2.127798e+01,2.126423e+01,2.127110e+01,2.120923e+01,2.124361e+01,2.119548e+01,2.136728e+01,2.128485e+01,2.131233e+01,2.133294e+01,2.141533e+01,2.133981e+01,2.118172e+01,2.138788e+01,2.136728e+01,2.127110e+01,2.124361e+01,2.131920e+01,2.133981e+01,2.161417e+01,2.237847e+01,2.132607e+01,2.129859e+01,2.137415e+01,2.131920e+01,2.129859e+01,2.138101e+01,2.127110e+01,2.130546e+01,2.135355e+01,2.130546e+01,2.122986e+01,2.118172e+01,2.128485e+01,2.131920e+01,2.125048e+01,2.123674e+01,2.136041e+01,2.134668e+01,2.127110e+01,2.133981e+01,2.129859e+01,2.127798e+01,2.134668e+01,2.132607e+01,2.123674e+01,2.129859e+01,2.124361e+01,2.134668e+01,2.139474e+01,2.129172e+01,2.140847e+01,2.139474e+01,2.135355e+01,2.139474e+01,2.129859e+01,2.129172e+01,2.128485e+01,2.128485e+01,2.140847e+01,2.136041e+01,2.131920e+01,2.136041e+01,2.131920e+01,2.137415e+01,2.138788e+01,2.138101e+01,2.145650e+01,2.140847e+01,2.136041e+01,2.136728e+01,2.135355e+01,2.146336e+01,2.147022e+01,2.138101e+01,2.136728e+01,2.139474e+01,2.140161e+01,2.140847e+01,2.140847e+01,2.140847e+01,2.131920e+01,2.130546e+01,2.127798e+01,2.129172e+01,2.129859e+01,2.130546e+01,2.120235e+01,2.120923e+01,2.138788e+01,2.136041e+01,2.160047e+01,2.198338e+01,2.251435e+01,2.281266e+01,2.254829e+01,2.292092e+01,2.321806e+01,2.260258e+01,2.220155e+01,2.262971e+01,2.287357e+01,2.220836e+01,2.197656e+01,2.196973e+01,2.194243e+01,2.199703e+01,2.130546e+01,2.128485e+01,2.120235e+01,2.123674e+01,2.115420e+01,2.104405e+01,2.109225e+01,2.127798e+01,2.111291e+01,2.104405e+01,2.109225e+01,2.109914e+01,2.118860e+01,2.118860e+01,2.130546e+01,2.127798e+01,2.132607e+01,2.133294e+01,2.132607e+01,2.132607e+01,2.128485e+01,2.138788e+01,2.123674e+01,2.120923e+01,2.141533e+01,2.133294e+01,2.140847e+01,2.133981e+01,2.131920e+01,2.125736e+01,2.138788e+01,2.128485e+01,2.131920e+01,2.131233e+01,2.131233e+01,2.129172e+01,2.135355e+01,2.136041e+01,2.133981e+01,2.136041e+01,2.138101e+01,2.138101e+01,2.136728e+01,2.134668e+01,2.139474e+01,2.132607e+01,2.147022e+01,2.128485e+01,2.131233e+01,2.138788e+01,2.133981e+01,2.141533e+01,2.131233e+01,2.136728e+01,2.129859e+01,2.139474e+01,2.136041e+01,2.124361e+01,2.138788e+01,2.160732e+01,2.136041e+01,2.136728e+01,2.137415e+01,2.138101e+01,2.138101e+01,2.149766e+01,2.136041e+01,2.150451e+01,2.137415e+01,2.142906e+01,2.128485e+01,2.135355e+01,2.136728e+01,2.136041e+01,2.132607e+01,2.139474e+01,2.113355e+01,2.119548e+01,2.133294e+01,2.134668e+01,2.133294e+01,2.131233e+01,2.131920e+01,2.127110e+01,2.139474e+01,2.130546e+01,2.132607e+01,2.131920e+01,2.089239e+01,2.022794e+01,2.000548e+01,1.995675e+01,1.991496e+01,1.994283e+01,1.995675e+01,1.993586e+01,2.002636e+01,1.994283e+01,1.997068e+01,1.992193e+01,1.997764e+01,2.000548e+01,1.998460e+01,2.012372e+01,2.005419e+01,2.010982e+01,2.010287e+01,2.010287e+01,2.009591e+01,2.010982e+01,2.012372e+01,2.008896e+01,2.008896e+01,2.006810e+01,2.004723e+01,2.007505e+01,2.006810e+01,2.003332e+01,2.008896e+01,2.000548e+01,2.014458e+01,1.998460e+01,1.997764e+01,1.997764e+01,1.992890e+01,2.000548e+01,1.992193e+01,1.998460e+01,1.999156e+01,2.019321e+01,2.022100e+01,2.082338e+01,2.100960e+01,2.116108e+01,2.120923e+01,2.131920e+01,2.117484e+01,2.122298e+01,2.122986e+01,2.120923e+01,2.118172e+01,2.115420e+01,2.129859e+01,2.131233e+01,2.129172e+01,2.138101e+01,2.133294e+01,2.133294e+01,2.116796e+01,2.131233e+01,2.114732e+01,2.127110e+01,2.120923e+01,2.122986e+01,2.135355e+01,2.120923e+01,2.119548e+01,2.129859e+01,2.129172e+01,2.127110e+01,2.118860e+01,2.128485e+01,2.129859e+01,2.125736e+01,2.132607e+01,2.118172e+01,2.116108e+01,2.130546e+01,2.137415e+01,2.129172e+01,2.122298e+01,2.129172e+01,2.128485e+01,2.124361e+01,2.127110e+01,2.123674e+01,2.125736e+01,2.128485e+01,2.122298e+01,2.125736e+01,2.122986e+01,2.128485e+01,2.122986e+01,2.122298e+01,2.130546e+01,2.122986e+01,2.125736e+01,2.116108e+01,2.115420e+01,2.125736e+01,2.131233e+01,2.118860e+01,2.116796e+01,2.121611e+01,2.116108e+01,2.114732e+01,2.125048e+01,2.122298e+01,2.106471e+01,2.119548e+01,2.113355e+01,2.111979e+01,2.120923e+01,2.103716e+01,2.117484e+01,2.107160e+01,2.114044e+01,2.121611e+01,2.116108e+01,2.081648e+01,2.034592e+01,2.004027e+01,1.997068e+01,1.988013e+01,1.981740e+01,1.980345e+01,1.983831e+01,1.983831e+01,1.980345e+01,1.979647e+01,1.981042e+01,1.976858e+01,1.986619e+01,1.976858e+01,1.992890e+01,2.010982e+01,2.029042e+01,2.081648e+01,2.110602e+01,2.116108e+01,2.104405e+01,2.116108e+01,2.083028e+01,2.015153e+01,1.983134e+01,1.986619e+01,1.981740e+01,1.981042e+01,1.980345e+01,1.982437e+01,1.976160e+01,1.978950e+01,1.981740e+01,1.980345e+01,1.977555e+01,1.976160e+01,1.976858e+01,1.974764e+01,1.975462e+01,1.983831e+01,1.969879e+01,1.974764e+01,1.955208e+01,1.982437e+01,1.983134e+01,1.971973e+01,1.970577e+01,1.975462e+01,1.974764e+01,1.971973e+01,1.964991e+01,1.974067e+01,1.987316e+01,1.991496e+01,1.991496e+01,2.015848e+01,2.074051e+01,2.099582e+01,2.122298e+01,2.127798e+01,2.120923e+01,2.127798e+01,2.134668e+01,2.135355e+01,2.131920e+01,2.140847e+01,2.133981e+01,2.136728e+01,2.140161e+01,2.142220e+01,2.134668e+01,2.138788e+01,2.143592e+01,2.133294e+01,2.138101e+01,2.142906e+01,2.127110e+01,2.141533e+01,2.144278e+01,2.133294e+01,2.140847e+01,2.142220e+01,2.142906e+01,2.139474e+01,2.137415e+01,2.142906e+01,2.131233e+01,2.136041e+01,2.131920e+01,2.135355e+01,2.140847e+01,2.140161e+01,2.147708e+01,2.142220e+01,2.140161e+01,2.149080e+01,2.148394e+01,2.139474e+01,2.135355e+01,2.129172e+01,2.146336e+01,2.136728e+01,2.131233e+01,2.140847e+01,2.135355e+01,2.143592e+01,2.124361e+01,2.139474e+01,2.129859e+01,2.124361e+01,2.130546e+01,2.120235e+01,2.131920e+01,2.124361e+01,2.133981e+01,2.133981e+01,2.116108e+01,2.114044e+01,2.125048e+01,2.113355e+01,2.122298e+01,2.109914e+01,2.129859e+01,2.115420e+01,2.114732e+01,2.116108e+01,2.124361e+01,2.128485e+01,2.119548e+01,2.126423e+01,2.121611e+01,2.121611e+01,2.121611e+01,2.121611e+01,2.120235e+01,2.132607e+01,2.133981e+01,2.120923e+01,2.129859e+01,2.137415e+01,2.127110e+01,2.137415e+01,2.152508e+01,2.135355e+01,2.136041e+01,2.129859e+01,2.131233e+01,2.134668e+01,2.132607e+01,2.126423e+01,2.112667e+01,2.136728e+01,2.127110e+01,2.137415e+01,2.133294e+01,2.123674e+01,2.134668e+01,2.129172e+01,2.125736e+01
2.131233e+01,2.140161e+01,2.131920e+01,2.134668e+01,2.140161e+01,2.129172e+01,2.133981e+01,2.127110e+01,2.136728e+01,2.126423e+01,2.117484e+01,2.131920e+01,2.137415e+01,2.123674e+01,2.130546e+01,2.138788e+01,2.121611e+01,2.132607e+01,2.136728e+01,2.138788e+01,2.139474e+01,2.127110e+01,2.124361e+01,2.131233e+01,2.123674e+01,2.128485e+01,2.148394e+01,2.136041e+01,2.144278e+01,2.135355e+01,2.138101e+01,2.124361e+01,2.131233e+01,2.133981e+01,2.135355e+01,2.128485e+01,2.142220e+01,2.131920e+01,2.149080e+01,2.138101e+01,2.137415e+01,2.128485e+01,2.134668e+01,2.136728e+01,2.131233e+01,2.142906e+01,2.133294e+01,2.139474e+01,2.138101e+01,2.146336e+01,2.137415e+01,2.137415e+01,2.134668e+01,2.136728e+01,2.126423e+01,2.139474e+01,2.133981e+01,2.136728e+01,2.143592e+01,2.141533e+01,2.147708e+01,2.136728e+01,2.155250e+01,2.125736e+01,2.117484e+01,2.116796e+01,2.100960e+01,2.111291e+01,2.112667e+01,2.114732e+01,2.118172e+01,2.111291e+01,2.115420e+01,2.102338e+01,2.116108e+01,2.125736e+01,2.127798e+01,2.119548e+01,2.121611e+01,2.133981e+01,2.121611e+01,2.133981e+01,2.125048e+01,2.133294e+01,2.136041e+01,2.165526e+01,2.129859e+01,2.121611e+01,2.129172e+01,2.110602e+01,2.111979e+01,2.120235e+01,2.116108e+01,2.112667e+01,2.127110e+01,2.114044e+01,2.093377e+01,2.125736e+01,2.126423e+01,2.125048e+01,2.115420e+01,2.116108e+01,2.116108e+01,2.127798e+01,2.123674e+01,2.120923e+01,2.136041e+01,2.125048e+01,2.122986e+01,2.125736e+01,2.125736e+01,2.136728e+01,2.131920e+01,2.139474e+01,2.141533e+01,2.141533e+01,2.142220e+01,2.142220e+01,2.139474e+01,2.139474e+01,2.139474e+01,2.127798e+01,2.145650e+01,2.141533e+01,2.136728e+01,2.137415e+01,2.131233e+01,2.137415e+01,2.140161e+01,2.129859e+01,2.131920e+01,2.133294e+01,2.129172e+01,2.138788e+01,2.136728e+01,2.115420e+01,2.127798e+01,2.125048e+01,2.131920e+01,2.124361e+01,2.124361e+01,2.110602e+01,2.114732e+01,2.122298e+01,2.119548e+01,2.101649e+01,2.138101e+01,2.122298e+01,2.104405e+01,2.122986e+01,2.127798e+01,2.111979e+01,2.109225e+01,2.114044e+01,2.120235e+01,2.119548e+01,2.115420e+01,2.122986e+01,2.119548e+01,2.116108e+01,2.115420e+01,2.117484e+01,2.122298e+01,2.123674e+01,2.117484e+01,2.121611e+01,2.104405e+01,2.115420e+01,2.125048e+01,2.127798e+01,2.120235e+01,2.121611e+01,2.122298e+01,2.130546e+01,2.136041e+01,2.136728e+01,2.136728e+01,2.126423e+01,2.122986e+01,2.123674e+01,2.123674e+01,2.124361e+01,2.143592e+01,2.161417e+01,2.190828e+01,2.129172e+01,2.131233e+01,2.127798e+01,2.140161e+01,2.136728e+01,2.134668e+01,2.135355e+01,2.133981e+01,2.134668e+01,2.131233e+01,2.132607e+01,2.127110e+01,2.135355e+01,2.135355e+01,2.128485e+01,2.125736e+01,2.129172e+01,2.123674e+01,2.125048e+01,2.133294e+01,2.136728e+01,2.127110e+01,2.135355e+01,2.139474e+01,2.139474e+01,2.132607e+01,2.128485e+01,2.131920e+01,2.136041e+01,2.141533e+01,2.131233e+01,2.139474e+01,2.142220e+01,2.129172e+01,2.133981e+01,2.136041e+01,2.129859e+01,2.145650e+01,2.144278e+01,2.144278e+01,2.135355e+01,2.140847e+01,2.140847e+01,2.138101e+01,2.133294e+01,2.141533e+01,2.135355e+01,2.139474e+01,2.136728e+01,2.135355e+01,2.138788e+01,2.116796e+01,2.137415e+01,2.147022e+01,2.139474e+01,2.140847e+01,2.138788e+01,2.144278e+01,2.141533e+01,2.145650e+01,2.136728e+01,2.141533e+01,2.134668e+01,2.152508e+01,2.142220e+01,2.168264e+01,2.129859e+01,2.139474e+01,2.142906e+01,2.166211e+01,2.171002e+01,2.199021e+01,2.252114e+01,2.238527e+01,2.224921e+01,2.206525e+01,2.209252e+01,2.208571e+01,2.208571e+01,2.263649e+01,2.263649e+01,2.201750e+01,2.184679e+01,2.183312e+01,2.183312e+01,2.181945e+01,2.135355e+01,2.132607e+01,2.120235e+01,2.116108e+01,2.111291e+01,2.112667e+01,2.129859e+01,2.126423e+01,2.134668e+01,2.125736e+01,2.127798e+01,2.136041e+01,2.129859e+01,2.135355e+01,2.129859e+01,2.127110e+01,2.134668e+01,2.131233e+01,2.131920e+01,2.135355e+01,2.135355e+01,2.123674e+01,2.133294e+01,2.141533e+01,2.142906e+01,2.129859e+01,2.131920e+01,2.131920e+01,2.129859e+01,2.129172e+01,2.129172e+01,2.128485e+01,2.138101e+01,2.128485e+01,2.130546e+01,2.138788e+01,2.134668e+01,2.151137e+01,2.136041e+01,2.137415e+01,2.140161e+01,2.138101e+01,2.137415e+01,2.133294e+01,2.138788e+01,2.134668e+01,2.136728e+01,2.137415e+01,2.139474e+01,2.125736e+01,2.135355e+01,2.138101e+01,2.132607e+01,2.125736e+01,2.131920e+01,2.140161e+01,2.137415e+01,2.136041e+01,2.131233e+01,2.134668e+01,2.125736e+01,2.137415e+01,2.136041e+01,2.136041e+01,2.136041e+01,2.136728e+01,2.131920e+01,2.134668e+01,2.131920e+01,2.134668e+01,2.131233e+01,2.137415e+01,2.136728e+01,2.126423e+01,2.125048e+01,2.127798e+01,2.134668e+01,2.142220e+01,2.131920e+01,2.133981e+01,2.133981e+01,2.121611e+01,2.128485e+01,2.128485e+01,2.125736e+01,2.127798e+01,2.127110e+01,2.132607e+01,2.089239e+01,2.023489e+01,1.999156e+01,1.990103e+01,1.992193e+01,1.997764e+01,1.996371e+01,1.996371e+01,1.990800e+01,1.989407e+01,1.994979e+01,2.001940e+01,1.994283e+01,2.007505e+01,1.997068e+01,1.999852e+01,1.997764e+01,2.010982e+01,2.009591e+01,2.010982e+01,2.012372e+01,2.010982e+01,2.002636e+01,2.012372e+01,2.011677e+01,2.008896e+01,2.008896e+01,2.008896e+01,2.008896e+01,1.997764e+01,2.005419e+01,2.001244e+01,2.013068e+01,2.017932e+01,2.002636e+01,2.006810e+01,2.005419e+01,2.005419e+01,2.001244e+01,1.993586e+01,1.998460e+01,2.003332e+01,1.994283e+01,2.046377e+01,2.062990e+01,2.109225e+01,2.118172e+01,2.110602e+01,2.116796e+01,2.127110e+01,2.124361e+01,2.117484e+01,2.116108e+01,2.120235e+01,2.122298e+01,2.118172e+01,2.131233e+01,2.131920e+01,2.133294e+01,2.122298e+01,2.129172e+01,2.127798e+01,2.129172e+01,2.129172e+01,2.120923e+01,2.131233e+01,2.118860e+01,2.125736e+01,2.120235e+01,2.126423e+01,2.125736e+01,2.120923e+01,2.118172e+01,2.124361e+01,2.131920e+01,2.122986e+01,2.129172e+01,2.127110e+01,2.125736e+01,2.129859e+01,2.135355e+01,2.125736e+01,2.125048e+01,2.126423e+01,2.125048e+01,2.123674e+01,2.125048e+01,2.126423e+01,2.125048e+01,2.129859e+01,2.120235e+01,2.118860e+01,2.122298e+01,2.129172e+01,2.118860e+01,2.127110e+01,2.125736e+01,2.124361e+01,2.115420e+01,2.133294e+01,2.121611e+01,2.127110e+01,2.125048e+01,2.131920e+01,2.122986e+01,2.120235e+01,2.125048e+01,2.116796e+01,2.117484e+01,2.125048e+01,2.110602e+01,2.120923e+01,2.118172e+01,2.121611e+01,2.115420e+01,2.108537e+01,2.105782e+01,2.116108e+01,2.117484e+01,2.108537e+01,2.083028e+01,2.035980e+01,2.009591e+01,1.990103e+01,1.988013e+01,1.989407e+01,1.981740e+01,1.983134e+01,1.982437e+01,1.985225e+01,1.985225e+01,1.969879e+01,1.985922e+01,1.969181e+01,1.980345e+01,1.984528e+01,1.978950e+01,1.981740e+01,2.008201e+01,2.044991e+01,2.081648e+01,2.102338e+01,2.088549e+01,2.074742e+01,2.019321e+01,1.981740e+01,1.992890e+01,1.979647e+01,1.981042e+01,1.983134e+01,1.982437e+01,1.983831e+01,2.003332e+01,1.986619e+01,1.978950e+01,2.000548e+01,1.978253e+01,1.976858e+01,1.976858e+01,1.979647e+01,1.975462e+01,1.986619e+01,1.978253e+01,1.962197e+01,1.981042e+01,1.976160e+01,1.978253e+01,1.973369e+01,1.968483e+01,1.979647e+01,1.981042e+01,1.975462e+01,1.985225e+01,1.975462e+01,1.988710e+01,1.984528e+01,1.990103e+01,1.993586e+01,2.051225e+01,2.094757e+01,2.129172e+01,2.127110e+01,2.131233e+01,2.128485e+01,2.131920e+01,2.131920e+01,2.136041e+01,2.136041e+01,2.137415e+01,2.132607e+01,2.133981e+01,2.144278e+01,2.134668e+01,2.131233e+01,2.131233e+01,2.133294e+01,2.132607e+01,2.135355e+01,2.148394e+01,2.137415e+01,2.144964e+01,2.146336e+01,2.142906e+01,2.142220e+01,2.139474e+01,2.143592e+01,2.142906e+01,2.142906e+01,2.138101e+01,2.133294e+01,2.133294e+01,2.154565e+01,2.142906e+01,2.141533e+01,2.139474e+01,2.142906e+01,2.145650e+01,2.140847e+01,2.137415e+01,2.145650e+01,2.148394e+01,2.131920e+01,2.142220e+01,2.133981e+01,2.136041e+01,2.129859e+01,2.140847e+01,2.138101e+01,2.141533e+01,2.133294e+01,2.135355e+01,2.131920e+01,2.125048e+01,2.136041e+01,2.129172e+01,2.122986e+01,2.114732e+01,2.128485e+01,2.125048e+01,2.111979e+01,2.116796e+01,2.114732e+01,2.112667e+01,2.127110e+01,2.129172e+01,2.122986e+01,2.118172e+01,2.120923e+01,2.122986e+01,2.125736e+01,2.124361e+01,2.129172e+01,2.122298e+01,2.125048e+01,2.125736e+01,2.133294e+01,2.120235e+01,2.121611e+01,2.133981e+01,2.120235e+01,2.119548e+01,2.139474e+01,2.133981e+01,2.135355e+01,2.136041e+01,2.135355e+01,2.134668e+01,2.127798e+01,2.137415e+01,2.123674e+01,2.125736e+01,2.129859e+01,2.125736e+01,2.131920e+01,2.136041e+01,2.131233e+01,2.128485e+01,2.122298e+01,2.124361e+01,2.142906e+01,2.139474e+01
2.129859e+01,2.125736e+01,2.120923e+01,2.133294e+01,2.128485e+01,2.128485e+01,2.120235e+01,2.113355e+01,2.133294e+01,2.120235e+01,2.131920e+01,2.129172e+01,2.131920e+01,2.129859e+01,2.131920e+01,2.136728e+01,2.131233e+01,2.136728e+01,2.133981e+01,2.138101e+01,2.122298e+01,2.140847e+01,2.129859e+01,2.122298e+01,2.133981e+01,2.127110e+01,2.129172e+01,2.131233e+01,2.122986e+01,2.141533e+01,2.140161e+01,2.125736e+01,2.124361e+01,2.134668e+01,2.134668e+01,2.136041e+01,2.131233e+01,2.136041e+01,2.150451e+01,2.133294e+01,2.133294e+01,2.137415e+01,2.132607e+01,2.125048e+01,2.131233e+01,2.121611e+01,2.126423e+01,2.135355e+01,2.136728e+01,2.146336e+01,2.138788e+01,2.139474e+01,2.138788e+01,2.138788e+01,2.135355e+01,2.142220e+01,2.121611e+01,2.138101e+01,2.137415e+01,2.136041e+01,2.138788e+01,2.151137e+01,2.152508e+01,2.132607e+01,2.116108e+01,2.112667e+01,2.098893e+01,2.096825e+01,2.111979e+01,2.113355e+01,2.114044e+01,2.111979e+01,2.101649e+01,2.101649e+01,2.109914e+01,2.116796e+01,2.114732e+01,2.105782e+01,2.122986e+01,2.122298e+01,2.127798e+01,2.126423e+01,2.129172e+01,2.133981e+01,2.135355e+01,2.137415e+01,2.140161e+01,2.118860e+01,2.122298e+01,2.121611e+01,2.113355e+01,2.113355e+01,2.124361e+01,2.105094e+01,2.118172e+01,2.120235e+01,2.122986e+01,2.110602e+01,2.128485e+01,2.125048e+01,2.128485e+01,2.117484e+01,2.118860e+01,2.114044e+01,2.114044e+01,2.127798e+01,2.127110e+01,2.123674e+01,2.131233e+01,2.128485e+01,2.142906e+01,2.148394e+01,2.133981e+01,2.150451e+01,2.149080e+01,2.142906e+01,2.142220e+01,2.140161e+01,2.134668e+01,2.138788e+01,2.138101e+01,2.133981e+01,2.146336e+01,2.146336e+01,2.145650e+01,2.140847e+01,2.135355e+01,2.138788e+01,2.138788e+01,2.135355e+01,2.125736e+01,2.141533e+01,2.130546e+01,2.120923e+01,2.129172e+01,2.136728e+01,2.134668e+01,2.127798e+01,2.126423e+01,2.127798e+01,2.117484e+01,2.118172e+01,2.111979e+01,2.118860e+01,2.122298e+01,2.125736e+01,2.119548e+01,2.103027e+01,2.108537e+01,2.107848e+01,2.112667e+01,2.107848e+01,2.107848e+01,2.111979e+01,2.109914e+01,2.120235e+01,2.109225e+01,2.115420e+01,2.114732e+01,2.107848e+01,2.113355e+01,2.119548e+01,2.121611e+01,2.129172e+01,2.117484e+01,2.118172e+01,2.122986e+01,2.118860e+01,2.122298e+01,2.125736e+01,2.115420e+01,2.129859e+01,2.117484e+01,2.129859e+01,2.132607e+01,2.116796e+01,2.130546e+01,2.137415e+01,2.130546e+01,2.120923e+01,2.121611e+01,2.122298e+01,2.127110e+01,2.150451e+01,2.166211e+01,2.134668e+01,2.127110e+01,2.129859e+01,2.140847e+01,2.134668e+01,2.131233e+01,2.127798e+01,2.144278e+01,2.131920e+01,2.135355e+01,2.124361e+01,2.118172e+01,2.128485e+01,2.136728e+01,2.135355e+01,2.144278e+01,2.138101e+01,2.125736e+01,2.122986e+01,2.125736e+01,2.136041e+01,2.126423e+01,2.139474e+01,2.126423e+01,2.139474e+01,2.128485e+01,2.128485e+01,2.123674e+01,2.133294e+01,2.135355e+01,2.130546e+01,2.129172e+01,2.138788e+01,2.129172e+01,2.134668e+01,2.145650e+01,2.143592e+01,2.129859e+01,2.137415e+01,2.133294e+01,2.141533e+01,2.139474e+01,2.138101e+01,2.140161e+01,2.136041e+01,2.133294e+01,2.135355e+01,2.140161e+01,2.134668e+01,2.139474e+01,2.136728e+01,2.136041e+01,2.133981e+01,2.135355e+01,2.140847e+01,2.136041e+01,2.133294e+01,2.140161e+01,2.144964e+01,2.132607e+01,2.136041e+01,2.144964e+01,2.138788e+01,2.151137e+01,2.149080e+01,2.147022e+01,2.138788e+01,2.144278e+01,2.172371e+01,2.156621e+01,2.171686e+01,2.223560e+01,2.162102e+01,2.146336e+01,2.144278e+01,2.138788e+01,2.162102e+01,2.169633e+01,2.153194e+01,2.168949e+01,2.154565e+01,2.135355e+01,2.142220e+01,2.142220e+01,2.126423e+01,2.133981e+01,2.125048e+01,2.136728e+01,2.133981e+01,2.129859e+01,2.127110e+01,2.138101e+01,2.127110e+01,2.135355e+01,2.127110e+01,2.124361e+01,2.138788e+01,2.125736e+01,2.129859e+01,2.127798e+01,2.131920e+01,2.132607e+01,2.131233e+01,2.130546e+01,2.129859e+01,2.125736e+01,2.130546e+01,2.125736e+01,2.132607e+01,2.123674e+01,2.129859e+01,2.127798e+01,2.132607e+01,2.124361e+01,2.136728e+01,2.139474e+01,2.129859e+01,2.127110e+01,2.135355e+01,2.125048e+01,2.131233e+01,2.126423e+01,2.132607e+01,2.134668e+01,2.138101e+01,2.136728e+01,2.136728e+01,2.134668e+01,2.134668e+01,2.135355e+01,2.142220e+01,2.136041e+01,2.129859e+01,2.139474e+01,2.132607e+01,2.131920e+01,2.133294e+01,2.138101e+01,2.127110e+01,2.140161e+01,2.139474e+01,2.135355e+01,2.131920e+01,2.136728e+01,2.137415e+01,2.132607e+01,2.136728e+01,2.136041e+01,2.136728e+01,2.137415e+01,2.134668e+01,2.136041e+01,2.132607e+01,2.134668e+01,2.147022e+01,2.140161e+01,2.138101e+01,2.129859e+01,2.136728e+01,2.136041e+01,2.119548e+01,2.136041e+01,2.138101e+01,2.140847e+01,2.140847e+01,2.134668e+01,2.132607e+01,2.133294e+01,2.140847e+01,2.133981e+01,2.151137e+01,2.127798e+01,2.141533e+01,2.129859e+01,2.116796e+01,2.038753e+01,1.999156e+01,1.990800e+01,1.997764e+01,1.991496e+01,1.999156e+01,1.985225e+01,1.984528e+01,1.999156e+01,1.972671e+01,1.997764e+01,1.994283e+01,1.997068e+01,2.001244e+01,1.999852e+01,2.002636e+01,2.005419e+01,2.010287e+01,2.007505e+01,2.010982e+01,2.015848e+01,2.009591e+01,2.006114e+01,2.007505e+01,2.010982e+01,2.003332e+01,2.008201e+01,2.009591e+01,2.006114e+01,2.004723e+01,2.006114e+01,1.999852e+01,2.006810e+01,2.011677e+01,2.001244e+01,1.997068e+01,2.001244e+01,1.997764e+01,1.994979e+01,1.984528e+01,2.000548e+01,1.997764e+01,2.004723e+01,2.045684e+01,2.099582e+01,2.098893e+01,2.118860e+01,2.107160e+01,2.120923e+01,2.118172e+01,2.119548e+01,2.120235e+01,2.118172e+01,2.118172e+01,2.133981e+01,2.123674e+01,2.125048e+01,2.126423e+01,2.133981e+01,2.126423e+01,2.124361e+01,2.128485e+01,2.129859e+01,2.130546e+01,2.130546e+01,2.130546e+01,2.122986e+01,2.135355e+01,2.127110e+01,2.133294e+01,2.127110e+01,2.128485e+01,2.124361e+01,2.126423e+01,2.124361e+01,2.125736e+01,2.118172e+01,2.134668e+01,2.125048e+01,2.125736e+01,2.129859e+01,2.122298e+01,2.133294e+01,2.140161e+01,2.121611e+01,2.124361e+01,2.125048e+01,2.125048e+01,2.125736e+01,2.125048e+01,2.119548e+01,2.142220e+01,2.120923e+01,2.127110e+01,2.120923e+01,2.122298e+01,2.127110e+01,2.124361e+01,2.127798e+01,2.117484e+01,2.127110e+01,2.130546e+01,2.121611e+01,2.119548e+01,2.118172e+01,2.126423e+01,2.120923e+01,2.117484e+01,2.112667e+01,2.120923e+01,2.111291e+01,2.114044e+01,2.119548e+01,2.111979e+01,2.124361e+01,2.120923e+01,2.107160e+01,2.109914e+01,2.084409e+01,2.035286e+01,1.994283e+01,1.985225e+01,1.983134e+01,1.985225e+01,1.983831e+01,1.981042e+01,1.983831e+01,1.985922e+01,1.983831e+01,1.980345e+01,1.985225e+01,1.965689e+01,1.983831e+01,1.993586e+01,1.971973e+01,1.985922e+01,1.986619e+01,1.985225e+01,2.020016e+01,2.066448e+01,2.065757e+01,2.038753e+01,1.985922e+01,1.981740e+01,1.979647e+01,1.988013e+01,1.988013e+01,1.981042e+01,1.979647e+01,1.976160e+01,1.990800e+01,1.981740e+01,1.983134e+01,1.983134e+01,1.982437e+01,1.988013e+01,1.981042e+01,1.974764e+01,1.979647e+01,1.982437e+01,1.975462e+01,1.976858e+01,1.987316e+01,1.977555e+01,1.978253e+01,1.981042e+01,1.977555e+01,1.978950e+01,1.976160e+01,1.980345e+01,1.976160e+01,1.980345e+01,1.984528e+01,1.985225e+01,1.984528e+01,1.981740e+01,1.988710e+01,2.025571e+01,2.093377e+01,2.117484e+01,2.127798e+01,2.125736e+01,2.127798e+01,2.118860e+01,2.135355e+01,2.132607e+01,2.135355e+01,2.137415e+01,2.131233e+01,2.150451e+01,2.134668e+01,2.136728e+01,2.128485e+01,2.127110e+01,2.140847e+01,2.145650e+01,2.134668e+01,2.134668e+01,2.139474e+01,2.136041e+01,2.132607e+01,2.126423e+01,2.141533e+01,2.133981e+01,2.144278e+01,2.128485e+01,2.142220e+01,2.131920e+01,2.142220e+01,2.133294e+01,2.135355e+01,2.140161e+01,2.141533e+01,2.144964e+01,2.137415e+01,2.134668e+01,2.131233e+01,2.131920e+01,2.138788e+01,2.144278e+01,2.135355e+01,2.142906e+01,2.144964e+01,2.133294e+01,2.133981e+01,2.140847e+01,2.139474e+01,2.133981e+01,2.127798e+01,2.125048e+01,2.138788e+01,2.125048e+01,2.127798e+01,2.126423e+01,2.133294e+01,2.124361e+01,2.120923e+01,2.122986e+01,2.126423e+01,2.114732e+01,2.128485e+01,2.129172e+01,2.114732e+01,2.115420e+01,2.120923e+01,2.120235e+01,2.121611e+01,2.122986e+01,2.122298e+01,2.125048e+01,2.126423e+01,2.122986e+01,2.125048e+01,2.127110e+01,2.134668e+01,2.131233e+01,2.134668e+01,2.129859e+01,2.133294e+01,2.134668e+01,2.120235e+01,2.123674e+01,2.140847e+01,2.129172e+01,2.138788e+01,2.133294e+01,2.120235e+01,2.140847e+01,2.120923e+01,2.115420e+01,2.134668e+01,2.124361e+01,2.126423e+01,2.120235e+01,2.125736e+01,2.138788e+01,2.128485e+01,2.125048e+01,2.127110e+01,2.129172e+01
2.129859e+01,2.139474e+01,2.139474e+01,2.132607e+01,2.125736e+01,2.118172e+01,2.113355e+01,2.119548e+01,2.120235e+01,2.118860e+01,2.128485e+01,2.124361e+01,2.139474e+01,2.126423e+01,2.129859e+01,2.133981e+01,2.136728e+01,2.129859e+01,2.139474e+01,2.133294e+01,2.133294e+01,2.144278e+01,2.138101e+01,2.138101e+01,2.125736e+01,2.131233e+01,2.133294e+01,2.142220e+01,2.139474e+01,2.119548e+01,2.128485e+01,2.145650e+01,2.142220e+01,2.139474e+01,2.128485e+01,2.139474e+01,2.130546e+01,2.131233e+01,2.138788e+01,2.135355e+01,2.134668e+01,2.132607e+01,2.130546e+01,2.139474e+01,2.127798e+01,2.145650e+01,2.131920e+01,2.121611e+01,2.137415e+01,2.144278e+01,2.138101e+01,2.141533e+01,2.138788e+01,2.129859e+01,2.130546e+01,2.140161e+01,2.147708e+01,2.144964e+01,2.140161e+01,2.144278e+01,2.143592e+01,2.147022e+01,2.140847e+01,2.156621e+01,2.132607e+01,2.116796e+01,2.101649e+01,2.109225e+01,2.110602e+01,2.114044e+01,2.113355e+01,2.112667e+01,2.118172e+01,2.116796e+01,2.116108e+01,2.120235e+01,2.122298e+01,2.111291e+01,2.119548e+01,2.125736e+01,2.130546e+01,2.127110e+01,2.133981e+01,2.131233e+01,2.126423e+01,2.133981e+01,2.120923e+01,2.127110e+01,2.121611e+01,2.119548e+01,2.124361e+01,2.122986e+01,2.114044e+01,2.131920e+01,2.131920e+01,2.112667e+01,2.120235e+01,2.108537e+01,2.128485e+01,2.129172e+01,2.129172e+01,2.133294e+01,2.119548e+01,2.122298e+01,2.132607e+01,2.123674e+01,2.131233e+01,2.133981e+01,2.129859e+01,2.129859e+01,2.126423e+01,2.129859e+01,2.149080e+01,2.154565e+01,2.144964e+01,2.138788e+01,2.131920e+01,2.132607e+01,2.143592e+01,2.142906e+01,2.141533e+01,2.146336e+01,2.149080e+01,2.141533e+01,2.141533e+01,2.140847e+01,2.142906e+01,2.136041e+01,2.142220e+01,2.133981e+01,2.138101e+01,2.135355e+01,2.143592e+01,2.122986e+01,2.118860e+01,2.126423e+01,2.114732e+01,2.119548e+01,2.117484e+01,2.115420e+01,2.133294e+01,2.117484e+01,2.115420e+01,2.111291e+01,2.111291e+01,2.116108e+01,2.107848e+01,2.117484e+01,2.127798e+01,2.111979e+01,2.109225e+01,2.109914e+01,2.109225e+01,2.120923e+01,2.120923e+01,2.119548e+01,2.107848e+01,2.118860e+01,2.121611e+01,2.112667e+01,2.109914e+01,2.109914e+01,2.116108e+01,2.120235e+01,2.122986e+01,2.122298e+01,2.118860e+01,2.123674e+01,2.114732e+01,2.120923e+01,2.114044e+01,2.126423e+01,2.126423e+01,2.122986e+01,2.118860e+01,2.138101e+01,2.115420e+01,2.136041e+01,2.133981e+01,2.119548e+01,2.123674e+01,2.122298e+01,2.109225e+01,2.149766e+01,2.168264e+01,2.126423e+01,2.139474e+01,2.130546e+01,2.141533e+01,2.140161e+01,2.138788e+01,2.135355e+01,2.139474e+01,2.127798e+01,2.135355e+01,2.130546e+01,2.135355e+01,2.135355e+01,2.129859e+01,2.122298e+01,2.127798e+01,2.133294e+01,2.121611e+01,2.123674e+01,2.129859e+01,2.129859e+01,2.132607e+01,2.125736e+01,2.136041e+01,2.137415e+01,2.140161e+01,2.126423e+01,2.136728e+01,2.132607e+01,2.134668e+01,2.130546e+01,2.137415e+01,2.141533e+01,2.133981e+01,2.138788e+01,2.136041e+01,2.143592e+01,2.134668e+01,2.142906e+01,2.139474e+01,2.138101e+01,2.143592e+01,2.136728e+01,2.138788e+01,2.136041e+01,2.140161e+01,2.138101e+01,2.141533e+01,2.142220e+01,2.142220e+01,2.139474e+01,2.140161e+01,2.141533e+01,2.140161e+01,2.138101e+01,2.140161e+01,2.138788e+01,2.138788e+01,2.137415e+01,2.140161e+01,2.143592e+01,2.140847e+01,2.135355e+01,2.135355e+01,2.142906e+01,2.140847e+01,2.141533e+01,2.142906e+01,2.140161e+01,2.131233e+01,2.160047e+01,2.155936e+01,2.147022e+01,2.148394e+01,2.146336e+01,2.142220e+01,2.160732e+01,2.140847e+01,2.138101e+01,2.143592e+01,2.135355e+01,2.136728e+01,2.146336e+01,2.118172e+01,2.129172e+01,2.141533e+01,2.116108e+01,2.138101e+01,2.121611e+01,2.138101e+01,2.127798e+01,2.141533e+01,2.138788e+01,2.111979e+01,2.134668e+01,2.129859e+01,2.128485e+01,2.135355e+01,2.133294e+01,2.131233e+01,2.128485e+01,2.133294e+01,2.132607e+01,2.131920e+01,2.128485e+01,2.131920e+01,2.125048e+01,2.125736e+01,2.138788e+01,2.140161e+01,2.122986e+01,2.131920e+01,2.141533e+01,2.123674e+01,2.132607e+01,2.136041e+01,2.126423e+01,2.136728e+01,2.138101e+01,2.124361e+01,2.133981e+01,2.135355e+01,2.134668e+01,2.118172e+01,2.133981e+01,2.138101e+01,2.142220e+01,2.129859e+01,2.138101e+01,2.140161e+01,2.134668e+01,2.130546e+01,2.130546e+01,2.141533e+01,2.130546e+01,2.134668e+01,2.135355e+01,2.131233e+01,2.134668e+01,2.130546e+01,2.140161e+01,2.131920e+01,2.138788e+01,2.135355e+01,2.127110e+01,2.131233e+01,2.122298e+01,2.135355e+01,2.140847e+01,2.138101e+01,2.135355e+01,2.133294e+01,2.138101e+01,2.132607e+01,2.133981e+01,2.143592e+01,2.134668e+01,2.142220e+01,2.135355e+01,2.125048e+01,2.134668e+01,2.126423e+01,2.136041e+01,2.125736e+01,2.131233e+01,2.133294e+01,2.135355e+01,2.127110e+01,2.133294e+01,2.133981e+01,2.133294e+01,2.133294e+01,2.129172e+01,2.129172e+01,2.126423e+01,2.060223e+01,2.023489e+01,2.010287e+01,1.999156e+01,2.003332e+01,2.003332e+01,2.001940e+01,2.002636e+01,1.994283e+01,1.997068e+01,1.997068e+01,2.010982e+01,2.014458e+01,2.004027e+01,2.004723e+01,2.005419e+01,2.013068e+01,2.013068e+01,2.012372e+01,2.022794e+01,2.010982e+01,2.018627e+01,2.035286e+01,2.012372e+01,2.001244e+01,2.007505e+01,2.005419e+01,2.008201e+01,2.004723e+01,2.004723e+01,2.004027e+01,2.005419e+01,2.004723e+01,1.995675e+01,2.006114e+01,1.997764e+01,2.007505e+01,1.993586e+01,2.002636e+01,1.999852e+01,1.990103e+01,1.990103e+01,2.006114e+01,2.010982e+01,2.048455e+01,2.087169e+01,2.118172e+01,2.110602e+01,2.122986e+01,2.119548e+01,2.122298e+01,2.121611e+01,2.132607e+01,2.120235e+01,2.133981e+01,2.138788e+01,2.139474e+01,2.122298e+01,2.121611e+01,2.124361e+01,2.127110e+01,2.131233e+01,2.129172e+01,2.129172e+01,2.118172e+01,2.127110e+01,2.116796e+01,2.121611e+01,2.133981e+01,2.125736e+01,2.133294e+01,2.125048e+01,2.126423e+01,2.125736e+01,2.130546e+01,2.116108e+01,2.126423e+01,2.133981e+01,2.127110e+01,2.130546e+01,2.132607e+01,2.141533e+01,2.133294e+01,2.122298e+01,2.125736e+01,2.128485e+01,2.125048e+01,2.127798e+01,2.120923e+01,2.123674e+01,2.121611e+01,2.125048e+01,2.121611e+01,2.120235e+01,2.122986e+01,2.127798e+01,2.122298e+01,2.122298e+01,2.128485e+01,2.125736e+01,2.121611e+01,2.122986e+01,2.120235e+01,2.118860e+01,2.123674e+01,2.121611e+01,2.123674e+01,2.117484e+01,2.125048e+01,2.122298e+01,2.111979e+01,2.118860e+01,2.116796e+01,2.127110e+01,2.116796e+01,2.120235e+01,2.099582e+01,2.083028e+01,2.027654e+01,1.997068e+01,1.989407e+01,1.988710e+01,1.985922e+01,1.984528e+01,1.969181e+01,1.971275e+01,1.978950e+01,1.976858e+01,1.982437e+01,1.992890e+01,1.983134e+01,1.985922e+01,1.976858e+01,1.977555e+01,1.994979e+01,1.985225e+01,1.983134e+01,1.990800e+01,2.004027e+01,2.029736e+01,2.015848e+01,1.988013e+01,1.981042e+01,1.978253e+01,1.985225e+01,1.978950e+01,1.987316e+01,1.985225e+01,1.977555e+01,1.978950e+01,1.985225e+01,1.980345e+01,1.959402e+01,1.983831e+01,1.984528e+01,1.981042e+01,1.985225e+01,1.977555e+01,1.988710e+01,1.974764e+01,1.983134e+01,1.966388e+01,1.979647e+01,1.984528e+01,1.981740e+01,1.972671e+01,1.978253e+01,1.974067e+01,1.976858e+01,1.977555e+01,1.975462e+01,1.969181e+01,1.985225e+01,1.971275e+01,1.991496e+01,1.983134e+01,1.985922e+01,2.007505e+01,2.063682e+01,2.116108e+01,2.118860e+01,2.153194e+01,2.134668e+01,2.129172e+01,2.131233e+01,2.129859e+01,2.135355e+01,2.159362e+01,2.158677e+01,2.147022e+01,2.126423e+01,2.133294e+01,2.136728e+01,2.137415e+01,2.133981e+01,2.131233e+01,2.148394e+01,2.149080e+01,2.138101e+01,2.147708e+01,2.145650e+01,2.136041e+01,2.133981e+01,2.139474e+01,2.132607e+01,2.133981e+01,2.141533e+01,2.133981e+01,2.135355e+01,2.138101e+01,2.141533e+01,2.142906e+01,2.139474e+01,2.138101e+01,2.144278e+01,2.144278e+01,2.147022e+01,2.137415e+01,2.135355e+01,2.143592e+01,2.147022e+01,2.144964e+01,2.144964e+01,2.143592e+01,2.140161e+01,2.140161e+01,2.132607e+01,2.153194e+01,2.132607e+01,2.131920e+01,2.130546e+01,2.127798e+01,2.144278e+01,2.143592e+01,2.133981e+01,2.132607e+01,2.128485e+01,2.123674e+01,2.127798e+01,2.117484e+01,2.128485e+01,2.128485e+01,2.138101e+01,2.122986e+01,2.126423e+01,2.125736e+01,2.124361e+01,2.122298e+01,2.119548e+01,2.121611e+01,2.124361e+01,2.129172e+01,2.136728e+01,2.122986e+01,2.116796e+01,2.127798e+01,2.125048e+01,2.130546e+01,2.119548e+01,2.131233e+01,2.116796e+01,2.129172e+01,2.136728e+01,2.138101e+01,2.125048e+01,2.120235e+01,2.134668e+01,2.120235e+01,2.118860e+01,2.130546e+01,2.136041e+01,2.124361e+01,2.123674e+01,2.130546e+01,2.119548e+01,2.120235e+01,2.129172e+01,2.129172e+01,2.120923e+01,2.125048e+01
2.129859e+01,2.135355e+01,2.142220e+01,2.131920e+01,2.130546e+01,2.117484e+01,2.133294e+01,2.118860e+01,2.136041e+01,2.133981e+01,2.123674e+01,2.133981e+01,2.123674e+01,2.122986e+01,2.133294e+01,2.129172e+01,2.131920e+01,2.125736e+01,2.131233e+01,2.136728e+01,2.138101e+01,2.137415e+01,2.125736e+01,2.131233e+01,2.135355e+01,2.127110e+01,2.142906e+01,2.138788e+01,2.122986e+01,2.132607e+01,2.118172e+01,2.126423e+01,2.139474e+01,2.126423e+01,2.135355e+01,2.125736e+01,2.144278e+01,2.140161e+01,2.144964e+01,2.133981e+01,2.129859e+01,2.135355e+01,2.134668e+01,2.131920e+01,2.148394e+01,2.131920e+01,2.132607e+01,2.147708e+01,2.138101e+01,2.138101e+01,2.132607e+01,2.140161e+01,2.142220e+01,2.125736e+01,2.136041e+01,2.134668e+01,2.131233e+01,2.147022e+01,2.136041e+01,2.136728e+01,2.147708e+01,2.147708e+01,2.147708e+01,2.198338e+01,2.169633e+01,2.116796e+01,2.111291e+01,2.130546e+01,2.099582e+01,2.116108e+01,2.113355e+01,2.111979e+01,2.112667e+01,2.117484e+01,2.118860e+01,2.114044e+01,2.120923e+01,2.118172e+01,2.120235e+01,2.111291e+01,2.131920e+01,2.125048e+01,2.133981e+01,2.134668e+01,2.143592e+01,2.119548e+01,2.123674e+01,2.119548e+01,2.122298e+01,2.136041e+01,2.129172e+01,2.106471e+01,2.128485e+01,2.118172e+01,2.128485e+01,2.122986e+01,2.129172e+01,2.120235e+01,2.129859e+01,2.130546e+01,2.115420e+01,2.130546e+01,2.119548e+01,2.116108e+01,2.122986e+01,2.114044e+01,2.129172e+01,2.120235e+01,2.127798e+01,2.130546e+01,2.144278e+01,2.131233e+01,2.140847e+01,2.142220e+01,2.143592e+01,2.139474e+01,2.140161e+01,2.136728e+01,2.146336e+01,2.139474e+01,2.157306e+01,2.133294e+01,2.149080e+01,2.139474e+01,2.127110e+01,2.139474e+01,2.142906e+01,2.139474e+01,2.138788e+01,2.141533e+01,2.132607e+01,2.127798e+01,2.142220e+01,2.128485e+01,2.122986e+01,2.131233e+01,2.112667e+01,2.127110e+01,2.107848e+01,2.111979e+01,2.127110e+01,2.109225e+01,2.116796e+01,2.117484e+01,2.115420e+01,2.108537e+01,2.108537e+01,2.121611e+01,2.131233e+01,2.112667e+01,2.117484e+01,2.110602e+01,2.116796e+01,2.122298e+01,2.119548e+01,2.120923e+01,2.118172e+01,2.118172e+01,2.110602e+01,2.113355e+01,2.114732e+01,2.114044e+01,2.114044e+01,2.122298e+01,2.114732e+01,2.111291e+01,2.125048e+01,2.109225e+01,2.109225e+01,2.127798e+01,2.125048e+01,2.127110e+01,2.125048e+01,2.127798e+01,2.118172e+01,2.123674e+01,2.120923e+01,2.117484e+01,2.130546e+01,2.117484e+01,2.118860e+01,2.123674e+01,2.122986e+01,2.144964e+01,2.140161e+01,2.128485e+01,2.128485e+01,2.130546e+01,2.163472e+01,2.133294e+01,2.138101e+01,2.131920e+01,2.136728e+01,2.140161e+01,2.144278e+01,2.135355e+01,2.131920e+01,2.142906e+01,2.149080e+01,2.136041e+01,2.125048e+01,2.138788e+01,2.123674e+01,2.145650e+01,2.122298e+01,2.136041e+01,2.120923e+01,2.135355e+01,2.136728e+01,2.142220e+01,2.129859e+01,2.131920e+01,2.137415e+01,2.153880e+01,2.133294e+01,2.138101e+01,2.151823e+01,2.131920e+01,2.136041e+01,2.148394e+01,2.131920e+01,2.133294e+01,2.140847e+01,2.146336e+01,2.138101e+01,2.142220e+01,2.138101e+01,2.140161e+01,2.139474e+01,2.135355e+01,2.131920e+01,2.138788e+01,2.136728e+01,2.150451e+01,2.133981e+01,2.131920e+01,2.138788e+01,2.144278e+01,2.130546e+01,2.141533e+01,2.136728e+01,2.133294e+01,2.137415e+01,2.134668e+01,2.129859e+01,2.136041e+01,2.143592e+01,2.133981e+01,2.139474e+01,2.135355e+01,2.138101e+01,2.142220e+01,2.141533e+01,2.126423e+01,2.132607e+01,2.131233e+01,2.140161e+01,2.140161e+01,2.129859e+01,2.136728e+01,2.142906e+01,2.144278e+01,2.129172e+01,2.142220e+01,2.135355e+01,2.133981e+01,2.138788e+01,2.115420e+01,2.138788e+01,2.136041e+01,2.137415e+01,2.138101e+01,2.133981e+01,2.137415e+01,2.136728e+01,2.138101e+01,2.130546e+01,2.129172e+01,2.130546e+01,2.127110e+01,2.129859e+01,2.129859e+01,2.132607e+01,2.138788e+01,2.132607e+01,2.127798e+01,2.134668e+01,2.140161e+01,2.130546e+01,2.128485e+01,2.135355e+01,2.129172e+01,2.130546e+01,2.126423e+01,2.125048e+01,2.129172e+01,2.132607e+01,2.134668e+01,2.123674e+01,2.129172e+01,2.129172e+01,2.140847e+01,2.140161e+01,2.129859e+01,2.135355e+01,2.129859e+01,2.133294e+01,2.136041e+01,2.134668e+01,2.136041e+01,2.130546e+01,2.137415e+01,2.133981e+01,2.138101e+01,2.138788e+01,2.138101e+01,2.132607e+01,2.138788e+01,2.138101e+01,2.138101e+01,2.143592e+01,2.154565e+01,2.130546e+01,2.127110e+01,2.132607e+01,2.139474e+01,2.128485e+01,2.137415e+01,2.120235e+01,2.137415e+01,2.136728e+01,2.131233e+01,2.122298e+01,2.133294e+01,2.136728e+01,2.133981e+01,2.142906e+01,2.137415e+01,2.142906e+01,2.133981e+01,2.141533e+01,2.140161e+01,2.127798e+01,2.133294e+01,2.135355e+01,2.127798e+01,2.135355e+01,2.131920e+01,2.133294e+01,2.129859e+01,2.133981e+01,2.131233e+01,2.125048e+01,2.144964e+01,2.127110e+01,2.123674e+01,2.127110e+01,2.129859e+01,2.128485e+01,2.126423e+01,2.084409e+01,2.026266e+01,2.001940e+01,2.003332e+01,1.999156e+01,1.994979e+01,2.006810e+01,2.004027e+01,2.006114e+01,1.997068e+01,1.995675e+01,2.007505e+01,2.004027e+01,2.006810e+01,2.004027e+01,2.008201e+01,2.011677e+01,2.007505e+01,2.010287e+01,2.013763e+01,2.009591e+01,2.015848e+01,2.006114e+01,2.000548e+01,2.008201e+01,2.005419e+01,2.007505e+01,2.010982e+01,2.005419e+01,2.003332e+01,2.006810e+01,2.005419e+01,2.008201e+01,2.006114e+01,2.001244e+01,1.999852e+01,2.004723e+01,2.003332e+01,1.990103e+01,1.987316e+01,1.989407e+01,1.991496e+01,1.994283e+01,1.994283e+01,2.030430e+01,2.062299e+01,2.098893e+01,2.123674e+01,2.123674e+01,2.122986e+01,2.122298e+01,2.120923e+01,2.126423e+01,2.132607e+01,2.125736e+01,2.122298e+01,2.121611e+01,2.127110e+01,2.122986e+01,2.134668e+01,2.125048e+01,2.131233e+01,2.128485e+01,2.125736e+01,2.125736e+01,2.132607e+01,2.125736e+01,2.129859e+01,2.120923e+01,2.125048e+01,2.133981e+01,2.129859e+01,2.148394e+01,2.136728e+01,2.131233e+01,2.120923e+01,2.123674e+01,2.137415e+01,2.127798e+01,2.116108e+01,2.130546e+01,2.129859e+01,2.138101e+01,2.140161e+01,2.123674e+01,2.130546e+01,2.124361e+01,2.122986e+01,2.129172e+01,2.128485e+01,2.127798e+01,2.125736e+01,2.129859e+01,2.120923e+01,2.122986e+01,2.120923e+01,2.127110e+01,2.118860e+01,2.130546e+01,2.125736e+01,2.129859e+01,2.120923e+01,2.128485e+01,2.114044e+01,2.123674e+01,2.116108e+01,2.131233e+01,2.117484e+01,2.122986e+01,2.122986e+01,2.114044e+01,2.125736e+01,2.118172e+01,2.118860e+01,2.111979e+01,2.116796e+01,2.080957e+01,2.027654e+01,1.983831e+01,1.984528e+01,1.991496e+01,1.984528e+01,1.983831e+01,1.986619e+01,1.975462e+01,1.975462e+01,1.981042e+01,1.981042e+01,1.981740e+01,1.983134e+01,1.983134e+01,1.986619e+01,1.990103e+01,1.987316e+01,1.988013e+01,1.978253e+01,1.985922e+01,1.985922e+01,1.985922e+01,1.988013e+01,1.996371e+01,1.994283e+01,1.981042e+01,1.964293e+01,1.968483e+01,1.974764e+01,1.970577e+01,1.979647e+01,1.979647e+01,1.978950e+01,1.980345e+01,2.004723e+01,1.978253e+01,1.983134e+01,1.984528e+01,1.981740e+01,1.983831e+01,1.972671e+01,1.985922e+01,1.984528e+01,1.974764e+01,1.978253e+01,1.981740e+01,1.981042e+01,1.981042e+01,1.974764e+01,1.962197e+01,1.976160e+01,1.976160e+01,1.978950e+01,1.980345e+01,1.981042e+01,1.993586e+01,1.982437e+01,1.974067e+01,1.972671e+01,1.976858e+01,2.006810e+01,2.049840e+01,2.094757e+01,2.114732e+01,2.110602e+01,2.131233e+01,2.137415e+01,2.127110e+01,2.136041e+01,2.126423e+01,2.136728e+01,2.138101e+01,2.138788e+01,2.134668e+01,2.131920e+01,2.146336e+01,2.134668e+01,2.134668e+01,2.146336e+01,2.131920e+01,2.135355e+01,2.147708e+01,2.140161e+01,2.142906e+01,2.131920e+01,2.141533e+01,2.125736e+01,2.140161e+01,2.142906e+01,2.136041e+01,2.136728e+01,2.137415e+01,2.133981e+01,2.140161e+01,2.138788e+01,2.144278e+01,2.147708e+01,2.139474e+01,2.131233e+01,2.147708e+01,2.152508e+01,2.140847e+01,2.146336e+01,2.131920e+01,2.143592e+01,2.134668e+01,2.144278e+01,2.132607e+01,2.140161e+01,2.140161e+01,2.131233e+01,2.119548e+01,2.130546e+01,2.134668e+01,2.126423e+01,2.125048e+01,2.117484e+01,2.119548e+01,2.128485e+01,2.124361e+01,2.125048e+01,2.123674e+01,2.127798e+01,2.129172e+01,2.134668e+01,2.125048e+01,2.131233e+01,2.126423e+01,2.125048e+01,2.122986e+01,2.125048e+01,2.129172e+01,2.121611e+01,2.122298e+01,2.123674e+01,2.111979e+01,2.122986e+01,2.131233e+01,2.128485e+01,2.118860e+01,2.129172e+01,2.118860e+01,2.129172e+01,2.125736e+01,2.126423e+01,2.124361e+01,2.133981e+01,2.137415e+01,2.121611e+01,2.120923e+01,2.120235e+01,2.125736e+01,2.137415e+01,2.125736e+01,2.135355e+01,2.121611e+01,2.136728e+01,2.121611e+01,2.129859e+01,2.122986e+01,2.133294e+01,2.131920e+01,2.119548e+01
2.130546e+01,2.116108e+01,2.125736e+01,2.136728e+01,2.137415e+01,2.134668e+01,2.127110e+01,2.114044e+01,2.117484e+01,2.136728e+01,2.138101e+01,2.126423e+01,2.133294e+01,2.126423e+01,2.125736e+01,2.127110e+01,2.138101e+01,2.125736e+01,2.139474e+01,2.132607e+01,2.128485e+01,2.137415e+01,2.139474e+01,2.128485e+01,2.125048e+01,2.131920e+01,2.148394e+01,2.120923e+01,2.124361e+01,2.133294e+01,2.116108e+01,2.126423e+01,2.136041e+01,2.137415e+01,2.138101e+01,2.129859e+01,2.143592e+01,2.127110e+01,2.127798e+01,2.145650e+01,2.128485e+01,2.137415e+01,2.137415e+01,2.139474e+01,2.131233e+01,2.127110e+01,2.131920e+01,2.131920e+01,2.129859e+01,2.141533e+01,2.142906e+01,2.138101e+01,2.122298e+01,2.138101e+01,2.144278e+01,2.125736e+01,2.148394e+01,2.130546e+01,2.137415e+01,2.140161e+01,2.140847e+01,2.144964e+01,2.166211e+01,2.204479e+01,2.184679e+01,2.107160e+01,2.113355e+01,2.110602e+01,2.114044e+01,2.111979e+01,2.100271e+01,2.111979e+01,2.115420e+01,2.109914e+01,2.111291e+01,2.116796e+01,2.118172e+01,2.115420e+01,2.120923e+01,2.125048e+01,2.122986e+01,2.131920e+01,2.128485e+01,2.131233e+01,2.133981e+01,2.128485e+01,2.133294e+01,2.122986e+01,2.123674e+01,2.121611e+01,2.124361e+01,2.120923e+01,2.128485e+01,2.119548e+01,2.131920e+01,2.117484e+01,2.122986e+01,2.129172e+01,2.122986e+01,2.127110e+01,2.115420e+01,2.111979e+01,2.130546e+01,2.122986e+01,2.122986e+01,2.128485e+01,2.127798e+01,2.129859e+01,2.128485e+01,2.129172e+01,2.130546e+01,2.147708e+01,2.131233e+01,2.133981e+01,2.145650e+01,2.142906e+01,2.148394e+01,2.131233e+01,2.140161e+01,2.141533e+01,2.137415e+01,2.138101e+01,2.147708e+01,2.140847e+01,2.144964e+01,2.135355e+01,2.139474e+01,2.136728e+01,2.146336e+01,2.138101e+01,2.136041e+01,2.136041e+01,2.138101e+01,2.136728e+01,2.130546e+01,2.131233e+01,2.134668e+01,2.126423e+01,2.121611e+01,2.124361e+01,2.116108e+01,2.116796e+01,2.113355e+01,2.116796e+01,2.118172e+01,2.116796e+01,2.115420e+01,2.117484e+01,2.118172e+01,2.118860e+01,2.107848e+01,2.108537e+01,2.108537e+01,2.116796e+01,2.121611e+01,2.103716e+01,2.107848e+01,2.109225e+01,2.118172e+01,2.121611e+01,2.113355e+01,2.110602e+01,2.116108e+01,2.117484e+01,2.111291e+01,2.114732e+01,2.113355e+01,2.120923e+01,2.118172e+01,2.116108e+01,2.121611e+01,2.114044e+01,2.122986e+01,2.123674e+01,2.125048e+01,2.121611e+01,2.117484e+01,2.115420e+01,2.118172e+01,2.109914e+01,2.111979e+01,2.114044e+01,2.120923e+01,2.122986e+01,2.133981e+01,2.120923e+01,2.133981e+01,2.131233e+01,2.138101e+01,2.131233e+01,2.138101e+01,2.135355e+01,2.133294e+01,2.129172e+01,2.136728e+01,2.135355e+01,2.144964e+01,2.136728e+01,2.135355e+01,2.120923e+01,2.120923e+01,2.133294e+01,2.131233e+01,2.129172e+01,2.131920e+01,2.116108e+01,2.133294e+01,2.136728e+01,2.129172e+01,2.125048e+01,2.142906e+01,2.126423e+01,2.136041e+01,2.129172e+01,2.131920e+01,2.136041e+01,2.133981e+01,2.143592e+01,2.138101e+01,2.132607e+01,2.131920e+01,2.133981e+01,2.130546e+01,2.131233e+01,2.136728e+01,2.133981e+01,2.137415e+01,2.136041e+01,2.138101e+01,2.137415e+01,2.141533e+01,2.135355e+01,2.133294e+01,2.136728e+01,2.134668e+01,2.134668e+01,2.131233e+01,2.136041e+01,2.132607e+01,2.136728e+01,2.137415e+01,2.128485e+01,2.138101e+01,2.136728e+01,2.147708e+01,2.140161e+01,2.137415e+01,2.141533e+01,2.136041e+01,2.136041e+01,2.140161e+01,2.125048e+01,2.134668e+01,2.123674e+01,2.124361e+01,2.143592e+01,2.128485e+01,2.132607e+01,2.137415e+01,2.137415e+01,2.140847e+01,2.132607e+01,2.134668e+01,2.133294e+01,2.132607e+01,2.141533e+01,2.125736e+01,2.127798e+01,2.129859e+01,2.134668e+01,2.136728e+01,2.136728e+01,2.140847e+01,2.125736e+01,2.123674e+01,2.125048e+01,2.121611e+01,2.125048e+01,2.133294e+01,2.131920e+01,2.133294e+01,2.131233e+01,2.131920e+01,2.129859e+01,2.126423e+01,2.135355e+01,2.121611e+01,2.134668e+01,2.134668e+01,2.133981e+01,2.133294e+01,2.128485e+01,2.122986e+01,2.115420e+01,2.117484e+01,2.131233e+01,2.128485e+01,2.126423e+01,2.131920e+01,2.122986e+01,2.136728e+01,2.129172e+01,2.131233e+01,2.124361e+01,2.134668e+01,2.135355e+01,2.112667e+01,2.122298e+01,2.128485e+01,2.129172e+01,2.129172e+01,2.130546e+01,2.129172e+01,2.149766e+01,2.129172e+01,2.126423e+01,2.135355e+01,2.138101e+01,2.133294e+01,2.133294e+01,2.136728e+01,2.133981e+01,2.131233e+01,2.131920e+01,2.136041e+01,2.133294e+01,2.133294e+01,2.133294e+01,2.134668e+01,2.136728e+01,2.135355e+01,2.126423e+01,2.136728e+01,2.130546e+01,2.129859e+01,2.132607e+01,2.134668e+01,2.119548e+01,2.134668e+01,2.133981e+01,2.131920e+01,2.130546e+01,2.128485e+01,2.128485e+01,2.127110e+01,2.128485e+01,2.128485e+01,2.128485e+01,2.132607e+01,2.129859e+01,2.130546e+01,2.130546e+01,2.136041e+01,2.129172e+01,2.130546e+01,2.133294e+01,2.125048e+01,2.122986e+01,2.135355e+01,2.127110e+01,2.082338e+01,2.040140e+01,2.010982e+01,1.998460e+01,1.996371e+01,1.989407e+01,1.993586e+01,1.998460e+01,1.997764e+01,1.989407e+01,2.002636e+01,2.005419e+01,2.001940e+01,2.008201e+01,2.003332e+01,2.001244e+01,2.003332e+01,2.001244e+01,2.011677e+01,2.008896e+01,2.004723e+01,2.008896e+01,2.004027e+01,2.006114e+01,2.001244e+01,2.001244e+01,2.011677e+01,2.003332e+01,2.005419e+01,2.006114e+01,2.006114e+01,2.005419e+01,2.003332e+01,2.005419e+01,2.001940e+01,2.000548e+01,2.002636e+01,2.003332e+01,1.990103e+01,1.992193e+01,1.992890e+01,1.993586e+01,1.992193e+01,2.004027e+01,2.006114e+01,2.028348e+01,2.060223e+01,2.102338e+01,2.120235e+01,2.124361e+01,2.122986e+01,2.120923e+01,2.122298e+01,2.116108e+01,2.123674e+01,2.124361e+01,2.126423e+01,2.129172e+01,2.126423e+01,2.127798e+01,2.123674e+01,2.126423e+01,2.111291e+01,2.118860e+01,2.123674e+01,2.116108e+01,2.130546e+01,2.118172e+01,2.118860e+01,2.127110e+01,2.134668e+01,2.129172e+01,2.141533e+01,2.125048e+01,2.131233e+01,2.120923e+01,2.120923e+01,2.133981e+01,2.127798e+01,2.128485e+01,2.122986e+01,2.131920e+01,2.119548e+01,2.122986e+01,2.129859e+01,2.135355e+01,2.125736e+01,2.132607e+01,2.125736e+01,2.125048e+01,2.125048e+01,2.136728e+01,2.119548e+01,2.118860e+01,2.129172e+01,2.125048e+01,2.143592e+01,2.117484e+01,2.124361e+01,2.118860e+01,2.127798e+01,2.125736e+01,2.121611e+01,2.120235e+01,2.122986e+01,2.126423e+01,2.125048e+01,2.114044e+01,2.113355e+01,2.122986e+01,2.119548e+01,2.108537e+01,2.118860e+01,2.114044e+01,2.112667e+01,2.070596e+01,2.009591e+01,1.981740e+01,1.989407e+01,1.983134e+01,1.988710e+01,1.978253e+01,1.973369e+01,1.972671e+01,1.983831e+01,1.971275e+01,1.981740e+01,1.979647e+01,1.976160e+01,1.982437e+01,1.983134e+01,1.984528e+01,1.990800e+01,1.985922e+01,1.985225e+01,1.976858e+01,1.977555e+01,1.987316e+01,1.983134e+01,1.990800e+01,1.980345e+01,1.980345e+01,1.992193e+01,1.971973e+01,1.984528e+01,1.977555e+01,1.979647e+01,1.974764e+01,1.979647e+01,1.985922e+01,1.981042e+01,1.978950e+01,1.981740e+01,1.977555e+01,1.984528e+01,1.962197e+01,1.978950e+01,1.974067e+01,1.983134e+01,1.984528e+01,1.967785e+01,1.982437e+01,1.968483e+01,1.983831e+01,1.990103e+01,1.983134e+01,1.969181e+01,1.983831e+01,1.974764e+01,1.978253e+01,1.980345e+01,1.980345e+01,1.976858e+01,1.995675e+01,1.971973e+01,1.973369e+01,1.976160e+01,1.986619e+01,2.028348e+01,2.080957e+01,2.115420e+01,2.118860e+01,2.129172e+01,2.136728e+01,2.123674e+01,2.135355e+01,2.135355e+01,2.137415e+01,2.134668e+01,2.140161e+01,2.136041e+01,2.139474e+01,2.138101e+01,2.131233e+01,2.133294e+01,2.149766e+01,2.131233e+01,2.133981e+01,2.136041e+01,2.135355e+01,2.143592e+01,2.139474e+01,2.149080e+01,2.130546e+01,2.136728e+01,2.142220e+01,2.138101e+01,2.138101e+01,2.142220e+01,2.130546e+01,2.142220e+01,2.130546e+01,2.133981e+01,2.136041e+01,2.153880e+01,2.135355e+01,2.133981e+01,2.146336e+01,2.136041e+01,2.137415e+01,2.133294e+01,2.141533e+01,2.139474e+01,2.144964e+01,2.130546e+01,2.135355e+01,2.130546e+01,2.135355e+01,2.133294e+01,2.120235e+01,2.117484e+01,2.129172e+01,2.122986e+01,2.128485e+01,2.133294e+01,2.125736e+01,2.124361e+01,2.120235e+01,2.155936e+01,2.115420e+01,2.124361e+01,2.138101e+01,2.114732e+01,2.129172e+01,2.129172e+01,2.128485e+01,2.122986e+01,2.125736e+01,2.128485e+01,2.122298e+01,2.146336e+01,2.131920e+01,2.129859e+01,2.122986e+01,2.126423e+01,2.116108e+01,2.114732e+01,2.125736e+01,2.117484e+01,2.131233e+01,2.129859e+01,2.124361e+01,2.127798e+01,2.125048e+01,2.132607e+01,2.125048e+01,2.120923e+01,2.117484e+01,2.115420e+01,2.139474e+01,2.124361e+01,2.122986e+01,2.129859e+01,2.127798e+01,2.125048e+01,2.127798e+01,2.124361e+01,2.124361e+01,2.118172e+01,2.118860e+01
2.131233e+01,2.133294e+01,2.115420e+01,2.134668e+01,2.133294e+01,2.132607e+01,2.123674e+01,2.133294e+01,2.119548e+01,2.119548e+01,2.136041e+01,2.120235e+01,2.125736e+01,2.125048e+01,2.127110e+01,2.131233e+01,2.130546e+01,2.133294e+01,2.138101e+01,2.138788e+01,2.125048e+01,2.140161e+01,2.129172e+01,2.127798e+01,2.139474e+01,2.140161e+01,2.124361e+01,2.125736e+01,2.131233e+01,2.131920e+01,2.131920e+01,2.132607e+01,2.134668e+01,2.124361e+01,2.130546e+01,2.133981e+01,2.137415e+01,2.138101e+01,2.138101e+01,2.142220e+01,2.129859e+01,2.131233e+01,2.133981e+01,2.135355e+01,2.128485e+01,2.138101e+01,2.133294e+01,2.141533e+01,2.129859e+01,2.142906e+01,2.140161e+01,2.135355e+01,2.128485e+01,2.141533e+01,2.136041e+01,2.123674e+01,2.145650e+01,2.142220e+01,2.141533e+01,2.139474e+01,2.134668e+01,2.151823e+01,2.147022e+01,2.209934e+01,2.201750e+01,2.120923e+01,2.105094e+01,2.109225e+01,2.111291e+01,2.105094e+01,2.115420e+01,2.105094e+01,2.111291e+01,2.116108e+01,2.116796e+01,2.118172e+01,2.120235e+01,2.121611e+01,2.124361e+01,2.100960e+01,2.122298e+01,2.124361e+01,2.129172e+01,2.129859e+01,2.125736e+01,2.126423e+01,2.130546e+01,2.125048e+01,2.111291e+01,2.111291e+01,2.115420e+01,2.133294e+01,2.117484e+01,2.133294e+01,2.120235e+01,2.129859e+01,2.125736e+01,2.131920e+01,2.129172e+01,2.127798e+01,2.132607e+01,2.118172e+01,2.125048e+01,2.119548e+01,2.124361e+01,2.123674e+01,2.126423e+01,2.125048e+01,2.127798e+01,2.129859e+01,2.133294e+01,2.136728e+01,2.131920e+01,2.139474e+01,2.142220e+01,2.127110e+01,2.144964e+01,2.134668e+01,2.136041e+01,2.144964e+01,2.147022e+01,2.138101e+01,2.135355e+01,2.142220e+01,2.137415e+01,2.142906e+01,2.142906e+01,2.127110e+01,2.143592e+01,2.143592e+01,2.140847e+01,2.135355e+01,2.134668e+01,2.136728e+01,2.131920e+01,2.132607e+01,2.129172e+01,2.123674e+01,2.127798e+01,2.111291e+01,2.119548e+01,2.130546e+01,2.117484e+01,2.107848e+01,2.128485e+01,2.119548e+01,2.116108e+01,2.111979e+01,2.114044e+01,2.127110e+01,2.110602e+01,2.123674e+01,2.100960e+01,2.116796e+01,2.118860e+01,2.110602e+01,2.116796e+01,2.112667e+01,2.113355e+01,2.112667e+01,2.112667e+01,2.111979e+01,2.127110e+01,2.112667e+01,2.109225e+01,2.123674e+01,2.111979e+01,2.113355e+01,2.119548e+01,2.115420e+01,2.120235e+01,2.120923e+01,2.124361e+01,2.116796e+01,2.127110e+01,2.119548e+01,2.122298e+01,2.118860e+01,2.120235e+01,2.112667e+01,2.114044e+01,2.121611e+01,2.120235e+01,2.134668e+01,2.129172e+01,2.110602e+01,2.133294e+01,2.139474e+01,2.136728e+01,2.129859e+01,2.121611e+01,2.129859e+01,2.131233e+01,2.124361e+01,2.136041e+01,2.121611e+01,2.127110e+01,2.130546e+01,2.138101e+01,2.146336e+01,2.129859e+01,2.126423e+01,2.134668e+01,2.130546e+01,2.130546e+01,2.129172e+01,2.128485e+01,2.127110e+01,2.120235e+01,2.132607e+01,2.127798e+01,2.130546e+01,2.128485e+01,2.132607e+01,2.138788e+01,2.136041e+01,2.136728e+01,2.140161e+01,2.131920e+01,2.130546e+01,2.134668e+01,2.136041e+01,2.136728e+01,2.140161e+01,2.138101e+01,2.137415e+01,2.150451e+01,2.127798e+01,2.136728e+01,2.134668e+01,2.134668e+01,2.143592e+01,2.137415e+01,2.136728e+01,2.135355e+01,2.122986e+01,2.133981e+01,2.136041e+01,2.140847e+01,2.138788e+01,2.136728e+01,2.138101e+01,2.136728e+01,2.133981e+01,2.136041e+01,2.141533e+01,2.135355e+01,2.135355e+01,2.140161e+01,2.133981e+01,2.144964e+01,2.145650e+01,2.136041e+01,2.136728e+01,2.132607e+01,2.131920e+01,2.127110e+01,2.131233e+01,2.140161e+01,2.144964e+01,2.141533e+01,2.136728e+01,2.134668e+01,2.131920e+01,2.140161e+01,2.131233e+01,2.136041e+01,2.126423e+01,2.133981e+01,2.133981e+01,2.133981e+01,2.137415e+01,2.131233e+01,2.136728e+01,2.144964e+01,2.127798e+01,2.126423e+01,2.123674e+01,2.128485e+01,2.131920e+01,2.131233e+01,2.134668e+01,2.111979e+01,2.132607e+01,2.133981e+01,2.136728e+01,2.132607e+01,2.127798e+01,2.127798e+01,2.132607e+01,2.140847e+01,2.136041e+01,2.133981e+01,2.125736e+01,2.129172e+01,2.140161e+01,2.128485e+01,2.134668e+01,2.136728e+01,2.131920e+01,2.123674e+01,2.133981e+01,2.128485e+01,2.125736e+01,2.136041e+01,2.132607e+01,2.131233e+01,2.129859e+01,2.125736e+01,2.138788e+01,2.128485e+01,2.136728e+01,2.129859e+01,2.130546e+01,2.127110e+01,2.139474e+01,2.129859e+01,2.146336e+01,2.133294e+01,2.137415e+01,2.135355e+01,2.147708e+01,2.138788e+01,2.133294e+01,2.130546e+01,2.130546e+01,2.133981e+01,2.133981e+01,2.138101e+01,2.139474e+01,2.133294e+01,2.139474e+01,2.129859e+01,2.131233e+01,2.130546e+01,2.122298e+01,2.135355e+01,2.142220e+01,2.128485e+01,2.135355e+01,2.134668e+01,2.137415e+01,2.123674e+01,2.128485e+01,2.131920e+01,2.129859e+01,2.125736e+01,2.127110e+01,2.126423e+01,2.129859e+01,2.127110e+01,2.127798e+01,2.129859e+01,2.126423e+01,2.130546e+01,2.125048e+01,2.131233e+01,2.132607e+01,2.127798e+01,2.136041e+01,2.111979e+01,2.040140e+01,2.020016e+01,1.985225e+01,1.998460e+01,1.989407e+01,2.010982e+01,1.994979e+01,1.994979e+01,2.000548e+01,1.995675e+01,2.001244e+01,2.006810e+01,2.000548e+01,2.001940e+01,2.003332e+01,2.009591e+01,2.011677e+01,2.010982e+01,1.997764e+01,2.005419e+01,2.006810e+01,2.001244e+01,2.005419e+01,2.015848e+01,2.005419e+01,2.008201e+01,2.013763e+01,2.003332e+01,2.002636e+01,2.013763e+01,2.008201e+01,2.011677e+01,1.999852e+01,2.012372e+01,2.008201e+01,2.010287e+01,2.001244e+01,2.000548e+01,2.006114e+01,1.994979e+01,1.997764e+01,1.999156e+01,1.999156e+01,1.993586e+01,2.007505e+01,2.032512e+01,2.086479e+01,2.100271e+01,2.115420e+01,2.118172e+01,2.121611e+01,2.119548e+01,2.123674e+01,2.124361e+01,2.120235e+01,2.124361e+01,2.125048e+01,2.124361e+01,2.122986e+01,2.127110e+01,2.125736e+01,2.125736e+01,2.126423e+01,2.122986e+01,2.129172e+01,2.124361e+01,2.125736e+01,2.127110e+01,2.128485e+01,2.125736e+01,2.129859e+01,2.129172e+01,2.129859e+01,2.121611e+01,2.121611e+01,2.126423e+01,2.129172e+01,2.131920e+01,2.133294e+01,2.131920e+01,2.123674e+01,2.138101e+01,2.140161e+01,2.121611e+01,2.125736e+01,2.129859e+01,2.123674e+01,2.129859e+01,2.138101e+01,2.127110e+01,2.119548e+01,2.122986e+01,2.129859e+01,2.125736e+01,2.126423e+01,2.114732e+01,2.123674e+01,2.128485e+01,2.127110e+01,2.125048e+01,2.128485e+01,2.125048e+01,2.120923e+01,2.130546e+01,2.116108e+01,2.114732e+01,2.118172e+01,2.094067e+01,2.111979e+01,2.103716e+01,2.116108e+01,2.117484e+01,2.105782e+01,2.086479e+01,2.009591e+01,1.992193e+01,1.992193e+01,1.983831e+01,1.976858e+01,1.988710e+01,1.989407e+01,1.985225e+01,1.981740e+01,1.978950e+01,1.981740e+01,1.972671e+01,1.980345e+01,1.974067e+01,1.974764e+01,1.983134e+01,1.978950e+01,1.988710e+01,1.984528e+01,1.986619e+01,1.983134e+01,1.984528e+01,1.983831e+01,1.988710e+01,1.983831e+01,1.988710e+01,1.987316e+01,2.000548e+01,1.963594e+01,1.978253e+01,1.981042e+01,1.989407e+01,1.980345e+01,1.978253e+01,1.985922e+01,1.972671e+01,1.985922e+01,1.976858e+01,1.980345e+01,1.985922e+01,1.981042e+01,1.985922e+01,1.983134e+01,1.979647e+01,1.969181e+01,1.982437e+01,1.977555e+01,1.979647e+01,1.966388e+01,1.977555e+01,1.971973e+01,1.975462e+01,1.973369e+01,1.976858e+01,1.971973e+01,1.973369e+01,1.972671e+01,1.968483e+01,1.971275e+01,1.974067e+01,1.976858e+01,1.983831e+01,1.985922e+01,2.026266e+01,2.090619e+01,2.111291e+01,2.123674e+01,2.124361e+01,2.140847e+01,2.147708e+01,2.133981e+01,2.136728e+01,2.154565e+01,2.136041e+01,2.133981e+01,2.129859e+01,2.130546e+01,2.143592e+01,2.135355e+01,2.133294e+01,2.149080e+01,2.144278e+01,2.130546e+01,2.126423e+01,2.133294e+01,2.132607e+01,2.140161e+01,2.133981e+01,2.131920e+01,2.131233e+01,2.140161e+01,2.140161e+01,2.137415e+01,2.135355e+01,2.138101e+01,2.140161e+01,2.131233e+01,2.127798e+01,2.143592e+01,2.125736e+01,2.142220e+01,2.139474e+01,2.144278e+01,2.145650e+01,2.151823e+01,2.135355e+01,2.140847e+01,2.147708e+01,2.150451e+01,2.153880e+01,2.140847e+01,2.138788e+01,2.151823e+01,2.140847e+01,2.129172e+01,2.130546e+01,2.133981e+01,2.140847e+01,2.127110e+01,2.125048e+01,2.126423e+01,2.135355e+01,2.127110e+01,2.121611e+01,2.124361e+01,2.124361e+01,2.121611e+01,2.125048e+01,2.130546e+01,2.119548e+01,2.127798e+01,2.129172e+01,2.154565e+01,2.124361e+01,2.122986e+01,2.122298e+01,2.125048e+01,2.124361e+01,2.122298e+01,2.127110e+01,2.125048e+01,2.126423e+01,2.122298e+01,2.107848e+01,2.122298e+01,2.111979e+01,2.124361e+01,2.110602e+01,2.127798e+01,2.117484e+01,2.128485e+01,2.122298e+01,2.115420e+01,2.111291e+01,2.142220e+01,2.138788e+01,2.111979e+01,2.119548e+01,2.114044e+01,2.126423e+01,2.126423e+01,2.135355e+01,2.131920e+01,2.125736e+01,2.109914e+01
2.125736e+01,2.125048e+01,2.128485e+01,2.126423e+01,2.130546e+01,2.136728e+01,2.133294e+01,2.118172e+01,2.117484e+01,2.129172e+01,2.142906e+01,2.122298e+01,2.136041e+01,2.125736e+01,2.129172e+01,2.125736e+01,2.140161e+01,2.138101e+01,2.140847e+01,2.131920e+01,2.136728e+01,2.129859e+01,2.139474e+01,2.127798e+01,2.120923e+01,2.126423e+01,2.131920e+01,2.129172e+01,2.124361e+01,2.127798e+01,2.133981e+01,2.133294e+01,2.133981e+01,2.133981e+01,2.137415e+01,2.133294e+01,2.131920e+01,2.131920e+01,2.138788e+01,2.129859e+01,2.132607e+01,2.131233e+01,2.133294e+01,2.136041e+01,2.129172e+01,2.138101e+01,2.138101e+01,2.142220e+01,2.144964e+01,2.143592e+01,2.140847e+01,2.144964e+01,2.136041e+01,2.126423e+01,2.138788e+01,2.140847e+01,2.135355e+01,2.137415e+01,2.150451e+01,2.127110e+01,2.135355e+01,2.142220e+01,2.170318e+01,2.219474e+01,2.201750e+01,2.129172e+01,2.109914e+01,2.108537e+01,2.102338e+01,2.110602e+01,2.114044e+01,2.115420e+01,2.109914e+01,2.116796e+01,2.121611e+01,2.118860e+01,2.111291e+01,2.117484e+01,2.110602e+01,2.118172e+01,2.112667e+01,2.122986e+01,2.133981e+01,2.133294e+01,2.126423e+01,2.127110e+01,2.102338e+01,2.125736e+01,2.131920e+01,2.123674e+01,2.115420e+01,2.126423e+01,2.120235e+01,2.127798e+01,2.122986e+01,2.144964e+01,2.137415e+01,2.126423e+01,2.131920e+01,2.129172e+01,2.129859e+01,2.127798e+01,2.122986e+01,2.124361e+01,2.125048e+01,2.133294e+01,2.130546e+01,2.110602e+01,2.130546e+01,2.132607e+01,2.136041e+01,2.150451e+01,2.142220e+01,2.133294e+01,2.140847e+01,2.138788e+01,2.138101e+01,2.147708e+01,2.141533e+01,2.133294e+01,2.148394e+01,2.131233e+01,2.138101e+01,2.135355e+01,2.135355e+01,2.137415e+01,2.134668e+01,2.139474e+01,2.144964e+01,2.144278e+01,2.138101e+01,2.137415e+01,2.136041e+01,2.131920e+01,2.131920e+01,2.127798e+01,2.127798e+01,2.122986e+01,2.114044e+01,2.138101e+01,2.110602e+01,2.136041e+01,2.113355e+01,2.120923e+01,2.111979e+01,2.124361e+01,2.109914e+01,2.111979e+01,2.111291e+01,2.126423e+01,2.111291e+01,2.118172e+01,2.112667e+01,2.110602e+01,2.120235e+01,2.109914e+01,2.113355e+01,2.107848e+01,2.118860e+01,2.105094e+01,2.112667e+01,2.105782e+01,2.111979e+01,2.111291e+01,2.120235e+01,2.131233e+01,2.109914e+01,2.125736e+01,2.116796e+01,2.122298e+01,2.119548e+01,2.122298e+01,2.125048e+01,2.110602e+01,2.122298e+01,2.125048e+01,2.118172e+01,2.122298e+01,2.120235e+01,2.112667e+01,2.115420e+01,2.117484e+01,2.110602e+01,2.129859e+01,2.125048e+01,2.111291e+01,2.133294e+01,2.135355e+01,2.131920e+01,2.128485e+01,2.130546e+01,2.122986e+01,2.131920e+01,2.134668e+01,2.136728e+01,2.140161e+01,2.140847e+01,2.140161e+01,2.135355e+01,2.128485e+01,2.128485e+01,2.132607e+01,2.131233e+01,2.127110e+01,2.125736e+01,2.121611e+01,2.128485e+01,2.133981e+01,2.127798e+01,2.127110e+01,2.133981e+01,2.132607e+01,2.143592e+01,2.140847e+01,2.131920e+01,2.136728e+01,2.138788e+01,2.140161e+01,2.134668e+01,2.136041e+01,2.136041e+01,2.138788e+01,2.144278e+01,2.130546e+01,2.133294e+01,2.133294e+01,2.133294e+01,2.131233e+01,2.144964e+01,2.137415e+01,2.143592e+01,2.131920e+01,2.138101e+01,2.133981e+01,2.136041e+01,2.136728e+01,2.136041e+01,2.137415e+01,2.122298e+01,2.142906e+01,2.140847e+01,2.134668e+01,2.134668e+01,2.124361e+01,2.139474e+01,2.140161e+01,2.139474e+01,2.128485e+01,2.140847e+01,2.148394e+01,2.138788e+01,2.146336e+01,2.136041e+01,2.140161e+01,2.138101e+01,2.138101e+01,2.136041e+01,2.131920e+01,2.139474e+01,2.133981e+01,2.133981e+01,2.132607e+01,2.134668e+01,2.135355e+01,2.142906e+01,2.126423e+01,2.127110e+01,2.136041e+01,2.133981e+01,2.116796e+01,2.116796e+01,2.131920e+01,2.131233e+01,2.129172e+01,2.134668e+01,2.136041e+01,2.126423e+01,2.142220e+01,2.127798e+01,2.135355e+01,2.132607e+01,2.136728e+01,2.134668e+01,2.133981e+01,2.124361e+01,2.120235e+01,2.122298e+01,2.136728e+01,2.138101e+01,2.136041e+01,2.138788e+01,2.123674e+01,2.130546e+01,2.126423e+01,2.133294e+01,2.137415e+01,2.133981e+01,2.130546e+01,2.131920e+01,2.136041e+01,2.123674e+01,2.128485e+01,2.136041e+01,2.125736e+01,2.129859e+01,2.130546e+01,2.135355e+01,2.131920e+01,2.127798e+01,2.114732e+01,2.131920e+01,2.132607e+01,2.135355e+01,2.137415e+01,2.140161e+01,2.136041e+01,2.127798e+01,2.136728e+01,2.140161e+01,2.132607e+01,2.142906e+01,2.126423e+01,2.132607e+01,2.133294e+01,2.126423e+01,2.136728e+01,2.129172e+01,2.129172e+01,2.138788e+01,2.133294e+01,2.133294e+01,2.131233e+01,2.131920e+01,2.131920e+01,2.132607e+01,2.136041e+01,2.137415e+01,2.127110e+01,2.121611e+01,2.132607e+01,2.127110e+01,2.133294e+01,2.136041e+01,2.131920e+01,2.135355e+01,2.130546e+01,2.133294e+01,2.125736e+01,2.137415e+01,2.128485e+01,2.129859e+01,2.128485e+01,2.137415e+01,2.125736e+01,2.127798e+01,2.126423e+01,2.129172e+01,2.122298e+01,2.122986e+01,2.129859e+01,2.102338e+01,2.075432e+01,2.009591e+01,1.997068e+01,1.996371e+01,1.988710e+01,1.997764e+01,1.985922e+01,1.990800e+01,2.001244e+01,2.001244e+01,2.000548e+01,2.005419e+01,2.002636e+01,2.007505e+01,1.999156e+01,2.001244e+01,1.999852e+01,1.998460e+01,2.006114e+01,2.005419e+01,2.006810e+01,1.996371e+01,2.002636e+01,2.006810e+01,2.001244e+01,2.007505e+01,2.010982e+01,2.015848e+01,2.017237e+01,2.004027e+01,2.011677e+01,2.008896e+01,2.009591e+01,2.004027e+01,1.996371e+01,2.009591e+01,2.010982e+01,2.004723e+01,2.001940e+01,1.994283e+01,1.995675e+01,2.006114e+01,1.998460e+01,1.990103e+01,1.992193e+01,2.005419e+01,2.035286e+01,2.080267e+01,2.100960e+01,2.129859e+01,2.127110e+01,2.122298e+01,2.123674e+01,2.123674e+01,2.127110e+01,2.123674e+01,2.125048e+01,2.122298e+01,2.127798e+01,2.125048e+01,2.122986e+01,2.125048e+01,2.131233e+01,2.122986e+01,2.128485e+01,2.129172e+01,2.120235e+01,2.116796e+01,2.145650e+01,2.129172e+01,2.135355e+01,2.130546e+01,2.121611e+01,2.130546e+01,2.126423e+01,2.135355e+01,2.137415e+01,2.137415e+01,2.126423e+01,2.134668e+01,2.127110e+01,2.134668e+01,2.113355e+01,2.133294e+01,2.131233e+01,2.125048e+01,2.122298e+01,2.121611e+01,2.134668e+01,2.128485e+01,2.128485e+01,2.122986e+01,2.119548e+01,2.111979e+01,2.123674e+01,2.119548e+01,2.113355e+01,2.118860e+01,2.127110e+01,2.128485e+01,2.131233e+01,2.123674e+01,2.121611e+01,2.122986e+01,2.107848e+01,2.108537e+01,2.114044e+01,2.118172e+01,2.100960e+01,2.109914e+01,2.105782e+01,2.111291e+01,2.060223e+01,2.010287e+01,1.975462e+01,1.975462e+01,1.988013e+01,1.985922e+01,1.983134e+01,1.985225e+01,1.983134e+01,1.984528e+01,1.981740e+01,1.980345e+01,1.977555e+01,1.978950e+01,1.981042e+01,1.974764e+01,1.981042e+01,1.981042e+01,1.977555e+01,1.974764e+01,1.985225e+01,1.986619e+01,1.985922e+01,1.983134e+01,1.989407e+01,1.987316e+01,1.986619e+01,1.985922e+01,1.993586e+01,1.988710e+01,1.989407e+01,1.978950e+01,1.986619e+01,1.981740e+01,1.985225e+01,1.976160e+01,1.979647e+01,1.980345e+01,1.984528e+01,1.986619e+01,1.984528e+01,1.989407e+01,1.984528e+01,1.974764e+01,1.982437e+01,1.977555e+01,1.981042e+01,1.975462e+01,1.983831e+01,1.969181e+01,1.977555e+01,1.990800e+01,1.989407e+01,1.967785e+01,1.974764e+01,1.979647e+01,1.969879e+01,1.973369e+01,1.971973e+01,1.978950e+01,1.976858e+01,1.978253e+01,1.985225e+01,1.985225e+01,1.990800e+01,2.000548e+01,2.050533e+01,2.091998e+01,2.122298e+01,2.120235e+01,2.131233e+01,2.136728e+01,2.126423e+01,2.132607e+01,2.127110e+01,2.125048e+01,2.155936e+01,2.136728e+01,2.138788e+01,2.139474e+01,2.133294e+01,2.142220e+01,2.133294e+01,2.133981e+01,2.131233e+01,2.131233e+01,2.133981e+01,2.136041e+01,2.136041e+01,2.131233e+01,2.150451e+01,2.143592e+01,2.138101e+01,2.136728e+01,2.135355e+01,2.134668e+01,2.132607e+01,2.132607e+01,2.130546e+01,2.140161e+01,2.133294e+01,2.132607e+01,2.144278e+01,2.149766e+01,2.131920e+01,2.147022e+01,2.144278e+01,2.139474e+01,2.150451e+01,2.133981e+01,2.149080e+01,2.136728e+01,2.140847e+01,2.138788e+01,2.142906e+01,2.138101e+01,2.147022e+01,2.122986e+01,2.131920e+01,2.127110e+01,2.131233e+01,2.127110e+01,2.125048e+01,2.126423e+01,2.137415e+01,2.131920e+01,2.122986e+01,2.123674e+01,2.124361e+01,2.132607e+01,2.123674e+01,2.146336e+01,2.117484e+01,2.123674e+01,2.127798e+01,2.133294e+01,2.124361e+01,2.124361e+01,2.122986e+01,2.131233e+01,2.132607e+01,2.128485e+01,2.127110e+01,2.124361e+01,2.126423e+01,2.120923e+01,2.114044e+01,2.111291e+01,2.112667e+01,2.118172e+01,2.125048e+01,2.111291e+01,2.112667e+01,2.122986e+01,2.114732e+01,2.118860e+01,2.122298e+01,2.121611e+01,2.117484e+01,2.125736e+01,2.127110e+01,2.131233e+01,2.134668e+01,2.139474e+01,2.130546e+01,2.124361e+01,2.111979e+01
2.124361e+01,2.117484e+01,2.127110e+01,2.120235e+01,2.116108e+01,2.114044e+01,2.117484e+01,2.118172e+01,2.119548e+01,2.127798e+01,2.129172e+01,2.122986e+01,2.133294e+01,2.125048e+01,2.123674e+01,2.131233e+01,2.133294e+01,2.120235e+01,2.136728e+01,2.129859e+01,2.117484e+01,2.137415e+01,2.126423e+01,2.127798e+01,2.134668e+01,2.127110e+01,2.124361e+01,2.126423e+01,2.129859e+01,2.131920e+01,2.135355e+01,2.133981e+01,2.138788e+01,2.134668e+01,2.132607e+01,2.133294e+01,2.130546e+01,2.138788e+01,2.137415e+01,2.129172e+01,2.125736e+01,2.129859e+01,2.131233e+01,2.131920e+01,2.129172e+01,2.138101e+01,2.136728e+01,2.132607e+01,2.143592e+01,2.136041e+01,2.138101e+01,2.133981e+01,2.129859e+01,2.134668e+01,2.140161e+01,2.138101e+01,2.137415e+01,2.141533e+01,2.140847e+01,2.146336e+01,2.142906e+01,2.142220e+01,2.148394e+01,2.171002e+01,2.175791e+01,2.124361e+01,2.125736e+01,2.122986e+01,2.107160e+01,2.111291e+01,2.107160e+01,2.108537e+01,2.111291e+01,2.113355e+01,2.116796e+01,2.112667e+01,2.103716e+01,2.136728e+01,2.114732e+01,2.115420e+01,2.119548e+01,2.117484e+01,2.117484e+01,2.124361e+01,2.135355e+01,2.128485e+01,2.125736e+01,2.122298e+01,2.123674e+01,2.125736e+01,2.114732e+01,2.124361e+01,2.114044e+01,2.119548e+01,2.125048e+01,2.133981e+01,2.125736e+01,2.122986e+01,2.125048e+01,2.126423e+01,2.127110e+01,2.120235e+01,2.127110e+01,2.111291e+01,2.123674e+01,2.121611e+01,2.118860e+01,2.140847e+01,2.131920e+01,2.127110e+01,2.129859e+01,2.138788e+01,2.133981e+01,2.141533e+01,2.145650e+01,2.140847e+01,2.147708e+01,2.144964e+01,2.142906e+01,2.144278e+01,2.129172e+01,2.133981e+01,2.135355e+01,2.138101e+01,2.136041e+01,2.133981e+01,2.138788e+01,2.132607e+01,2.133981e+01,2.140161e+01,2.127110e+01,2.129859e+01,2.137415e+01,2.135355e+01,2.131920e+01,2.133294e+01,2.130546e+01,2.132607e+01,2.115420e+01,2.110602e+01,2.129172e+01,2.123674e+01,2.122986e+01,2.108537e+01,2.121611e+01,2.128485e+01,2.112667e+01,2.112667e+01,2.111979e+01,2.112667e+01,2.127798e+01,2.111979e+01,2.113355e+01,2.115420e+01,2.131233e+01,2.110602e+01,2.120235e+01,2.114732e+01,2.113355e+01,2.118860e+01,2.103716e+01,2.106471e+01,2.117484e+01,2.114044e+01,2.108537e+01,2.112667e+01,2.114732e+01,2.116796e+01,2.114044e+01,2.120235e+01,2.120235e+01,2.118172e+01,2.112667e+01,2.114732e+01,2.124361e+01,2.120923e+01,2.116108e+01,2.121611e+01,2.114732e+01,2.114044e+01,2.114732e+01,2.114044e+01,2.111979e+01,2.122986e+01,2.112667e+01,2.131920e+01,2.134668e+01,2.141533e+01,2.136041e+01,2.132607e+01,2.134668e+01,2.138101e+01,2.135355e+01,2.137415e+01,2.136728e+01,2.133981e+01,2.132607e+01,2.133981e+01,2.125736e+01,2.129859e+01,2.135355e+01,2.130546e+01,2.141533e+01,2.129859e+01,2.132607e+01,2.124361e+01,2.127110e+01,2.136728e+01,2.131233e+01,2.131233e+01,2.131920e+01,2.130546e+01,2.138101e+01,2.136041e+01,2.135355e+01,2.132607e+01,2.134668e+01,2.130546e+01,2.136041e+01,2.133981e+01,2.140161e+01,2.139474e+01,2.131233e+01,2.136041e+01,2.133294e+01,2.132607e+01,2.128485e+01,2.133981e+01,2.132607e+01,2.140161e+01,2.138788e+01,2.140847e+01,2.138788e+01,2.137415e+01,2.133294e+01,2.135355e+01,2.139474e+01,2.137415e+01,2.132607e+01,2.137415e+01,2.137415e+01,2.139474e+01,2.147708e+01,2.141533e+01,2.133981e+01,2.140847e+01,2.143592e+01,2.146336e+01,2.128485e+01,2.136728e+01,2.140847e+01,2.130546e+01,2.142220e+01,2.147708e+01,2.142906e+01,2.130546e+01,2.132607e+01,2.133981e+01,2.120235e+01,2.138788e+01,2.142220e+01,2.134668e+01,2.142220e+01,2.138101e+01,2.137415e+01,2.131920e+01,2.135355e+01,2.127110e+01,2.128485e+01,2.131920e+01,2.112667e+01,2.133294e+01,2.132607e+01,2.149766e+01,2.136728e+01,2.124361e+01,2.138788e+01,2.135355e+01,2.133981e+01,2.131920e+01,2.133294e+01,2.135355e+01,2.132607e+01,2.140161e+01,2.124361e+01,2.125736e+01,2.138101e+01,2.138788e+01,2.137415e+01,2.140161e+01,2.125048e+01,2.140161e+01,2.133981e+01,2.138101e+01,2.130546e+01,2.139474e+01,2.138788e+01,2.144964e+01,2.131233e+01,2.131233e+01,2.134668e+01,2.138101e+01,2.133294e+01,2.124361e+01,2.133294e+01,2.122986e+01,2.155250e+01,2.127798e+01,2.128485e+01,2.133981e+01,2.135355e+01,2.131920e+01,2.139474e+01,2.130546e+01,2.129172e+01,2.133294e+01,2.127110e+01,2.132607e+01,2.131233e+01,2.133981e+01,2.136041e+01,2.138788e+01,2.129172e+01,2.137415e+01,2.136041e+01,2.125736e+01,2.125736e+01,2.139474e+01,2.131233e+01,2.120923e+01,2.133981e+01,2.133981e+01,2.132607e+01,2.132607e+01,2.133981e+01,2.128485e+01,2.125736e+01,2.139474e+01,2.136728e+01,2.127110e+01,2.129172e+01,2.129172e+01,2.129859e+01,2.129859e+01,2.126423e+01,2.128485e+01,2.127110e+01,2.133981e+01,2.133294e+01,2.111291e+01,2.129859e+01,2.137415e+01,2.134668e+01,2.126423e+01,2.127798e+01,2.124361e+01,2.125736e+01,2.127110e+01,2.125736e+01,2.125048e+01,2.117484e+01,2.076814e+01,2.016542e+01,2.006810e+01,2.000548e+01,1.998460e+01,1.991496e+01,1.991496e+01,2.004027e+01,1.999156e+01,2.005419e+01,2.006114e+01,1.995675e+01,2.008201e+01,2.002636e+01,1.997764e+01,2.001940e+01,2.004027e+01,2.005419e+01,2.006114e+01,2.009591e+01,2.016542e+01,2.005419e+01,2.010287e+01,2.001940e+01,2.011677e+01,2.012372e+01,2.010982e+01,1.997068e+01,2.002636e+01,2.008896e+01,2.014458e+01,2.013068e+01,2.001244e+01,2.016542e+01,2.015848e+01,2.002636e+01,2.008896e+01,2.011677e+01,2.003332e+01,1.994283e+01,1.998460e+01,1.996371e+01,1.992193e+01,2.003332e+01,1.996371e+01,1.997068e+01,2.004027e+01,2.071978e+01,2.087169e+01,2.124361e+01,2.125048e+01,2.125048e+01,2.122298e+01,2.121611e+01,2.124361e+01,2.140161e+01,2.127110e+01,2.129172e+01,2.125048e+01,2.123674e+01,2.122298e+01,2.120923e+01,2.153194e+01,2.130546e+01,2.120235e+01,2.133294e+01,2.126423e+01,2.131233e+01,2.128485e+01,2.128485e+01,2.125048e+01,2.125048e+01,2.132607e+01,2.134668e+01,2.128485e+01,2.127110e+01,2.134668e+01,2.131233e+01,2.122298e+01,2.121611e+01,2.118860e+01,2.123674e+01,2.130546e+01,2.121611e+01,2.125736e+01,2.129172e+01,2.114044e+01,2.123674e+01,2.122986e+01,2.116108e+01,2.110602e+01,2.120235e+01,2.131920e+01,2.125048e+01,2.122986e+01,2.125736e+01,2.114732e+01,2.128485e+01,2.129172e+01,2.127798e+01,2.120235e+01,2.120923e+01,2.122298e+01,2.108537e+01,2.115420e+01,2.089239e+01,2.089239e+01,2.094067e+01,2.092688e+01,2.103027e+01,2.096825e+01,2.056071e+01,2.008201e+01,1.992890e+01,1.975462e+01,1.988013e+01,1.985922e+01,1.986619e+01,1.985225e+01,1.982437e+01,1.994979e+01,1.979647e+01,1.981042e+01,1.977555e+01,1.977555e+01,1.976160e+01,1.974067e+01,1.982437e+01,1.976160e+01,1.983831e+01,1.977555e+01,1.985922e+01,1.986619e+01,1.985225e+01,1.985225e+01,1.987316e+01,1.991496e+01,1.985225e+01,1.984528e+01,1.991496e+01,1.979647e+01,1.993586e+01,1.990103e+01,1.990800e+01,1.991496e+01,1.988013e+01,1.982437e+01,1.980345e+01,1.986619e+01,1.976160e+01,1.977555e+01,1.985922e+01,1.989407e+01,1.988710e+01,1.978253e+01,1.977555e+01,1.982437e+01,1.986619e+01,1.976160e+01,1.984528e+01,1.988013e+01,1.976858e+01,1.971275e+01,1.964991e+01,1.978950e+01,1.979647e+01,1.974764e+01,1.971973e+01,1.972671e+01,1.974764e+01,1.983134e+01,1.979647e+01,1.969879e+01,1.982437e+01,1.988013e+01,1.975462e+01,1.975462e+01,1.994283e+01,2.018627e+01,2.089239e+01,2.107848e+01,2.109225e+01,2.131233e+01,2.147708e+01,2.136728e+01,2.132607e+01,2.126423e+01,2.127798e+01,2.139474e+01,2.156621e+01,2.133981e+01,2.132607e+01,2.133294e+01,2.134668e+01,2.138101e+01,2.133981e+01,2.148394e+01,2.136041e+01,2.133981e+01,2.151137e+01,2.157991e+01,2.133981e+01,2.149766e+01,2.137415e+01,2.148394e+01,2.138788e+01,2.134668e+01,2.135355e+01,2.132607e+01,2.132607e+01,2.136041e+01,2.128485e+01,2.149766e+01,2.148394e+01,2.135355e+01,2.149766e+01,2.137415e+01,2.140847e+01,2.147708e+01,2.142906e+01,2.131233e+01,2.146336e+01,2.140161e+01,2.151137e+01,2.140847e+01,2.149766e+01,2.145650e+01,2.140161e+01,2.131920e+01,2.136041e+01,2.132607e+01,2.129859e+01,2.118860e+01,2.129172e+01,2.131233e+01,2.131233e+01,2.131920e+01,2.125736e+01,2.119548e+01,2.138101e+01,2.123674e+01,2.136041e+01,2.134668e+01,2.120235e+01,2.142220e+01,2.131920e+01,2.131920e+01,2.132607e+01,2.127798e+01,2.125048e+01,2.127110e+01,2.126423e+01,2.123674e+01,2.128485e+01,2.122298e+01,2.127798e+01,2.127798e+01,2.122986e+01,2.127110e+01,2.127110e+01,2.108537e+01,2.124361e+01,2.127798e+01,2.129859e+01,2.110602e+01,2.123674e+01,2.118860e+01,2.118860e+01,2.118172e+01,2.114044e+01,2.112667e+01,2.122986e+01,2.109225e+01,2.131920e+01,2.120923e+01,2.122298e+01,2.117484e+01,2.125736e+01,2.115420e+01
2.121611e+01,2.128485e+01,2.127110e+01,2.123674e+01,2.115420e+01,2.124361e+01,2.120923e+01,2.124361e+01,2.120923e+01,2.121611e+01,2.130546e+01,2.131233e+01,2.136041e+01,2.133981e+01,2.136041e+01,2.133981e+01,2.129172e+01,2.133294e+01,2.124361e+01,2.130546e+01,2.124361e+01,2.137415e+01,2.124361e+01,2.130546e+01,2.131920e+01,2.129859e+01,2.133981e+01,2.127798e+01,2.130546e+01,2.130546e+01,2.126423e+01,2.129859e+01,2.140847e+01,2.136728e+01,2.136041e+01,2.124361e+01,2.136041e+01,2.133981e+01,2.129859e+01,2.109914e+01,2.129172e+01,2.132607e+01,2.131920e+01,2.133294e+01,2.132607e+01,2.135355e+01,2.140161e+01,2.144964e+01,2.135355e+01,2.137415e+01,2.139474e+01,2.138101e+01,2.133981e+01,2.131233e+01,2.133294e+01,2.136728e+01,2.138788e+01,2.127798e+01,2.145650e+01,2.136041e+01,2.153880e+01,2.137415e+01,2.149080e+01,2.138101e+01,2.126423e+01,2.125048e+01,2.109914e+01,2.104405e+01,2.108537e+01,2.104405e+01,2.107160e+01,2.107848e+01,2.113355e+01,2.116108e+01,2.114732e+01,2.109914e+01,2.118860e+01,2.118172e+01,2.103716e+01,2.114732e+01,2.114732e+01,2.113355e+01,2.122986e+01,2.112667e+01,2.129859e+01,2.136041e+01,2.108537e+01,2.122986e+01,2.111979e+01,2.125048e+01,2.120235e+01,2.129172e+01,2.125736e+01,2.124361e+01,2.129859e+01,2.124361e+01,2.133981e+01,2.132607e+01,2.124361e+01,2.120235e+01,2.123674e+01,2.125736e+01,2.122298e+01,2.123674e+01,2.127110e+01,2.123674e+01,2.129172e+01,2.130546e+01,2.134668e+01,2.137415e+01,2.132607e+01,2.140847e+01,2.132607e+01,2.139474e+01,2.133981e+01,2.141533e+01,2.142220e+01,2.152508e+01,2.133294e+01,2.133981e+01,2.137415e+01,2.141533e+01,2.128485e+01,2.140847e+01,2.120923e+01,2.135355e+01,2.139474e+01,2.129172e+01,2.129859e+01,2.129172e+01,2.126423e+01,2.134668e+01,2.128485e+01,2.133981e+01,2.140161e+01,2.130546e+01,2.131920e+01,2.126423e+01,2.126423e+01,2.111291e+01,2.127110e+01,2.126423e+01,2.127110e+01,2.123674e+01,2.133981e+01,2.119548e+01,2.107848e+01,2.129859e+01,2.111291e+01,2.111979e+01,2.112667e+01,2.111291e+01,2.116796e+01,2.108537e+01,2.107848e+01,2.106471e+01,2.112667e+01,2.125736e+01,2.118172e+01,2.105782e+01,2.108537e+01,2.107848e+01,2.109914e+01,2.113355e+01,2.106471e+01,2.119548e+01,2.118172e+01,2.091308e+01,2.110602e+01,2.111291e+01,2.121611e+01,2.116796e+01,2.118860e+01,2.109225e+01,2.120923e+01,2.114732e+01,2.120235e+01,2.118860e+01,2.116796e+01,2.118172e+01,2.125736e+01,2.114044e+01,2.114044e+01,2.120923e+01,2.107848e+01,2.125736e+01,2.128485e+01,2.141533e+01,2.116108e+01,2.137415e+01,2.133981e+01,2.135355e+01,2.135355e+01,2.133981e+01,2.132607e+01,2.131920e+01,2.125736e+01,2.138101e+01,2.126423e+01,2.130546e+01,2.128485e+01,2.128485e+01,2.132607e+01,2.128485e+01,2.128485e+01,2.131233e+01,2.134668e+01,2.132607e+01,2.127798e+01,2.123674e+01,2.139474e+01,2.129859e+01,2.129859e+01,2.137415e+01,2.136041e+01,2.125736e+01,2.132607e+01,2.135355e+01,2.131920e+01,2.131233e+01,2.138101e+01,2.136728e+01,2.132607e+01,2.135355e+01,2.133981e+01,2.133294e+01,2.131233e+01,2.132607e+01,2.146336e+01,2.137415e+01,2.137415e+01,2.138788e+01,2.142220e+01,2.131233e+01,2.133294e+01,2.136041e+01,2.136041e+01,2.143592e+01,2.134668e+01,2.125736e+01,2.142906e+01,2.138788e+01,2.126423e+01,2.136728e+01,2.133981e+01,2.131920e+01,2.132607e+01,2.135355e+01,2.138788e+01,2.140847e+01,2.140847e+01,2.122298e+01,2.134668e+01,2.132607e+01,2.119548e+01,2.136041e+01,2.132607e+01,2.139474e+01,2.138101e+01,2.129172e+01,2.136041e+01,2.127110e+01,2.138101e+01,2.140161e+01,2.127798e+01,2.138788e+01,2.137415e+01,2.133981e+01,2.140161e+01,2.127798e+01,2.131920e+01,2.127110e+01,2.129859e+01,2.134668e+01,2.137415e+01,2.138788e+01,2.138788e+01,2.125048e+01,2.136728e+01,2.117484e+01,2.134668e+01,2.134668e+01,2.129172e+01,2.129172e+01,2.129172e+01,2.136728e+01,2.127798e+01,2.133294e+01,2.139474e+01,2.133294e+01,2.122298e+01,2.131233e+01,2.129859e+01,2.121611e+01,2.138788e+01,2.137415e+01,2.121611e+01,2.133981e+01,2.136041e+01,2.130546e+01,2.130546e+01,2.131920e+01,2.136041e+01,2.131233e+01,2.130546e+01,2.125736e+01,2.125736e+01,2.127110e+01,2.132607e+01,2.122986e+01,2.140161e+01,2.130546e+01,2.131233e+01,2.131920e+01,2.133294e+01,2.131233e+01,2.131233e+01,2.130546e+01,2.132607e+01,2.135355e+01,2.136041e+01,2.131233e+01,2.132607e+01,2.124361e+01,2.136041e+01,2.136041e+01,2.129859e+01,2.127110e+01,2.131233e+01,2.131233e+01,2.131920e+01,2.131233e+01,2.131233e+01,2.127798e+01,2.130546e+01,2.138788e+01,2.126423e+01,2.132607e+01,2.136041e+01,2.127110e+01,2.123674e+01,2.124361e+01,2.132607e+01,2.131233e+01,2.133981e+01,2.135355e+01,2.131920e+01,2.130546e+01,2.127110e+01,2.135355e+01,2.132607e+01,2.133981e+01,2.126423e+01,2.125736e+01,2.128485e+01,2.126423e+01,2.122986e+01,2.126423e+01,2.124361e+01,2.128485e+01,2.109914e+01,2.103027e+01,2.008896e+01,2.004723e+01,1.995675e+01,2.001244e+01,1.997764e+01,1.990800e+01,2.004723e+01,2.002636e+01,1.993586e+01,2.003332e+01,1.997068e+01,2.011677e+01,2.011677e+01,2.002636e+01,1.993586e+01,2.001940e+01,2.004723e+01,2.007505e+01,2.006810e+01,2.006810e+01,2.006810e+01,2.006810e+01,2.004723e+01,2.001940e+01,2.011677e+01,2.012372e+01,2.015153e+01,2.010982e+01,2.015153e+01,2.006114e+01,2.008201e+01,2.012372e+01,2.017932e+01,2.004723e+01,2.010982e+01,2.007505e+01,2.001940e+01,1.997068e+01,1.997764e+01,2.011677e+01,2.000548e+01,1.991496e+01,1.995675e+01,2.004723e+01,1.996371e+01,2.001244e+01,2.036673e+01,2.069905e+01,2.107848e+01,2.116108e+01,2.124361e+01,2.115420e+01,2.122298e+01,2.119548e+01,2.127798e+01,2.118172e+01,2.127110e+01,2.122298e+01,2.120923e+01,2.122986e+01,2.131233e+01,2.125736e+01,2.127110e+01,2.134668e+01,2.132607e+01,2.129859e+01,2.125048e+01,2.125048e+01,2.125048e+01,2.127110e+01,2.128485e+01,2.127110e+01,2.130546e+01,2.122298e+01,2.126423e+01,2.129172e+01,2.122298e+01,2.127798e+01,2.122986e+01,2.127110e+01,2.122986e+01,2.124361e+01,2.129859e+01,2.125736e+01,2.127110e+01,2.124361e+01,2.122298e+01,2.116108e+01,2.125048e+01,2.118172e+01,2.122298e+01,2.116796e+01,2.119548e+01,2.124361e+01,2.116796e+01,2.124361e+01,2.127798e+01,2.121611e+01,2.113355e+01,2.128485e+01,2.123674e+01,2.107848e+01,2.105094e+01,2.056763e+01,2.045684e+01,2.044991e+01,2.049840e+01,2.061607e+01,2.091998e+01,2.052610e+01,2.006114e+01,1.985922e+01,1.984528e+01,1.990103e+01,1.976160e+01,1.974067e+01,1.985922e+01,1.984528e+01,1.976858e+01,1.978253e+01,1.987316e+01,1.979647e+01,1.981042e+01,1.974764e+01,1.977555e+01,1.978950e+01,1.982437e+01,1.981740e+01,1.988013e+01,1.976160e+01,1.974067e+01,1.985225e+01,1.986619e+01,1.989407e+01,1.990800e+01,1.984528e+01,1.983134e+01,1.992193e+01,1.986619e+01,1.998460e+01,1.983831e+01,1.981042e+01,1.985225e+01,1.985922e+01,1.979647e+01,1.975462e+01,1.984528e+01,1.985922e+01,1.984528e+01,1.984528e+01,1.980345e+01,1.976160e+01,1.975462e+01,1.985922e+01,1.983134e+01,1.983831e+01,1.977555e+01,1.972671e+01,1.979647e+01,1.988710e+01,1.974067e+01,1.977555e+01,1.993586e+01,1.981042e+01,1.981740e+01,1.977555e+01,1.977555e+01,1.975462e+01,1.967086e+01,1.976160e+01,1.985225e+01,1.978253e+01,1.982437e+01,1.989407e+01,1.978950e+01,1.991496e+01,1.992890e+01,2.006114e+01,2.069905e+01,2.105782e+01,2.125048e+01,2.129172e+01,2.140161e+01,2.131233e+01,2.127110e+01,2.144964e+01,2.140847e+01,2.129859e+01,2.125048e+01,2.148394e+01,2.131233e+01,2.131233e+01,2.134668e+01,2.133294e+01,2.133294e+01,2.138101e+01,2.132607e+01,2.144278e+01,2.133981e+01,2.133294e+01,2.137415e+01,2.148394e+01,2.146336e+01,2.147708e+01,2.151823e+01,2.130546e+01,2.133294e+01,2.133294e+01,2.135355e+01,2.137415e+01,2.145650e+01,2.132607e+01,2.149766e+01,2.133294e+01,2.131920e+01,2.142220e+01,2.141533e+01,2.149080e+01,2.147708e+01,2.136041e+01,2.152508e+01,2.134668e+01,2.142906e+01,2.144964e+01,2.142906e+01,2.141533e+01,2.133294e+01,2.148394e+01,2.141533e+01,2.134668e+01,2.126423e+01,2.146336e+01,2.129172e+01,2.125736e+01,2.126423e+01,2.144964e+01,2.125736e+01,2.120235e+01,2.125736e+01,2.124361e+01,2.125048e+01,2.138101e+01,2.122986e+01,2.119548e+01,2.129859e+01,2.131233e+01,2.125048e+01,2.142220e+01,2.122986e+01,2.125736e+01,2.136728e+01,2.124361e+01,2.133981e+01,2.133294e+01,2.125048e+01,2.154565e+01,2.121611e+01,2.119548e+01,2.121611e+01,2.118860e+01,2.126423e+01,2.127110e+01,2.119548e+01,2.120235e+01,2.117484e+01,2.121611e+01,2.115420e+01,2.107848e+01,2.122298e+01,2.118172e+01,2.122298e+01,2.116796e+01,2.126423e+01,2.125048e+01,2.121611e+01,2.105782e+01,2.116108e+01,2.120923e+01
2.135355e+01,2.124361e+01,2.124361e+01,2.127110e+01,2.127798e+01,2.125048e+01,2.120235e+01,2.117484e+01,2.127110e+01,2.136041e+01,2.131233e+01,2.130546e+01,2.125048e+01,2.138101e+01,2.131920e+01,2.136728e+01,2.120923e+01,2.131920e+01,2.138101e+01,2.136041e+01,2.122986e+01,2.133981e+01,2.133294e+01,2.132607e+01,2.133981e+01,2.134668e+01,2.131920e+01,2.127798e+01,2.133981e+01,2.131920e+01,2.122986e+01,2.142220e+01,2.142906e+01,2.133981e+01,2.133294e+01,2.142906e+01,2.138101e+01,2.136041e+01,2.136728e+01,2.150451e+01,2.123674e+01,2.142906e+01,2.132607e+01,2.138101e+01,2.133981e+01,2.129859e+01,2.130546e+01,2.140161e+01,2.142906e+01,2.138101e+01,2.138788e+01,2.137415e+01,2.132607e+01,2.138788e+01,2.138788e+01,2.140161e+01,2.138101e+01,2.149080e+01,2.138101e+01,2.142906e+01,2.138101e+01,2.136728e+01,2.136728e+01,2.135355e+01,2.131233e+01,2.121611e+01,2.116796e+01,2.109225e+01,2.122298e+01,2.120235e+01,2.109225e+01,2.118860e+01,2.111979e+01,2.109914e+01,2.109225e+01,2.114732e+01,2.132607e+01,2.112667e+01,2.105782e+01,2.114732e+01,2.120923e+01,2.118860e+01,2.118172e+01,2.123674e+01,2.134668e+01,2.132607e+01,2.125736e+01,2.130546e+01,2.125048e+01,2.127798e+01,2.127798e+01,2.131233e+01,2.133294e+01,2.140847e+01,2.141533e+01,2.135355e+01,2.138101e+01,2.124361e+01,2.133981e+01,2.127110e+01,2.125048e+01,2.130546e+01,2.125048e+01,2.127110e+01,2.123674e+01,2.127110e+01,2.128485e+01,2.134668e+01,2.114732e+01,2.131920e+01,2.140161e+01,2.138788e+01,2.150451e+01,2.132607e+01,2.142906e+01,2.135355e+01,2.140847e+01,2.140161e+01,2.143592e+01,2.145650e+01,2.139474e+01,2.128485e+01,2.128485e+01,2.132607e+01,2.133294e+01,2.136041e+01,2.138788e+01,2.123674e+01,2.130546e+01,2.129172e+01,2.131920e+01,2.136041e+01,2.136041e+01,2.134668e+01,2.135355e+01,2.130546e+01,2.137415e+01,2.131233e+01,2.124361e+01,2.127110e+01,2.126423e+01,2.125736e+01,2.125736e+01,2.123674e+01,2.118172e+01,2.122298e+01,2.122298e+01,2.115420e+01,2.111979e+01,2.111979e+01,2.105094e+01,2.114732e+01,2.106471e+01,2.117484e+01,2.108537e+01,2.109225e+01,2.129172e+01,2.107160e+01,2.114732e+01,2.118860e+01,2.125048e+01,2.127110e+01,2.106471e+01,2.107160e+01,2.103027e+01,2.119548e+01,2.118860e+01,2.109914e+01,2.118860e+01,2.120923e+01,2.116108e+01,2.117484e+01,2.122986e+01,2.120923e+01,2.111979e+01,2.111979e+01,2.110602e+01,2.116796e+01,2.117484e+01,2.122986e+01,2.122986e+01,2.111979e+01,2.112667e+01,2.125048e+01,2.114732e+01,2.139474e+01,2.151137e+01,2.141533e+01,2.151823e+01,2.148394e+01,2.131920e+01,2.139474e+01,2.131920e+01,2.140161e+01,2.135355e+01,2.133294e+01,2.132607e+01,2.138788e+01,2.127798e+01,2.132607e+01,2.129172e+01,2.128485e+01,2.130546e+01,2.138788e+01,2.133294e+01,2.133981e+01,2.131233e+01,2.141533e+01,2.140161e+01,2.142906e+01,2.134668e+01,2.133981e+01,2.131233e+01,2.134668e+01,2.136728e+01,2.141533e+01,2.136728e+01,2.134668e+01,2.136041e+01,2.131920e+01,2.131920e+01,2.138788e+01,2.133294e+01,2.133981e+01,2.134668e+01,2.134668e+01,2.131920e+01,2.133294e+01,2.139474e+01,2.144964e+01,2.133294e+01,2.135355e+01,2.136041e+01,2.140161e+01,2.137415e+01,2.146336e+01,2.136041e+01,2.143592e+01,2.140847e+01,2.142220e+01,2.133294e+01,2.136041e+01,2.129172e+01,2.144964e+01,2.151823e+01,2.159362e+01,2.144278e+01,2.138788e+01,2.138788e+01,2.138101e+01,2.146336e+01,2.140847e+01,2.140161e+01,2.140847e+01,2.136041e+01,2.138101e+01,2.141533e+01,2.139474e+01,2.138101e+01,2.138101e+01,2.136041e+01,2.138101e+01,2.141533e+01,2.138788e+01,2.134668e+01,2.136728e+01,2.149080e+01,2.131233e+01,2.137415e+01,2.131233e+01,2.134668e+01,2.145650e+01,2.136728e+01,2.132607e+01,2.137415e+01,2.138101e+01,2.138788e+01,2.137415e+01,2.139474e+01,2.125736e+01,2.129172e+01,2.134668e+01,2.136728e+01,2.137415e+01,2.139474e+01,2.129859e+01,2.138101e+01,2.138101e+01,2.133981e+01,2.139474e+01,2.134668e+01,2.131233e+01,2.132607e+01,2.119548e+01,2.129859e+01,2.133981e+01,2.132607e+01,2.131920e+01,2.136728e+01,2.131920e+01,2.129172e+01,2.135355e+01,2.131920e+01,2.129859e+01,2.136728e+01,2.124361e+01,2.131233e+01,2.129859e+01,2.132607e+01,2.136041e+01,2.133981e+01,2.132607e+01,2.131920e+01,2.134668e+01,2.129859e+01,2.131233e+01,2.133981e+01,2.137415e+01,2.135355e+01,2.140847e+01,2.131233e+01,2.138101e+01,2.129172e+01,2.132607e+01,2.135355e+01,2.130546e+01,2.127798e+01,2.132607e+01,2.136041e+01,2.133981e+01,2.131233e+01,2.133294e+01,2.130546e+01,2.128485e+01,2.143592e+01,2.133294e+01,2.135355e+01,2.127110e+01,2.125736e+01,2.127110e+01,2.128485e+01,2.128485e+01,2.147708e+01,2.129172e+01,2.129172e+01,2.135355e+01,2.141533e+01,2.129172e+01,2.138788e+01,2.120235e+01,2.135355e+01,2.122298e+01,2.100960e+01,2.125736e+01,2.125736e+01,2.116796e+01,2.112667e+01,2.127110e+01,2.128485e+01,2.120923e+01,2.128485e+01,2.105094e+01,2.023489e+01,2.021405e+01,2.000548e+01,1.997764e+01,1.995675e+01,1.998460e+01,1.988710e+01,2.005419e+01,1.997764e+01,2.008896e+01,2.015153e+01,2.010982e+01,2.010287e+01,2.004723e+01,2.004723e+01,2.000548e+01,2.005419e+01,2.007505e+01,2.022100e+01,2.005419e+01,2.009591e+01,1.998460e+01,2.003332e+01,2.017237e+01,2.023489e+01,2.019321e+01,2.016542e+01,2.006810e+01,2.013068e+01,2.017237e+01,2.015848e+01,2.017237e+01,2.017237e+01,2.001940e+01,2.013763e+01,2.012372e+01,2.009591e+01,1.997068e+01,2.011677e+01,1.998460e+01,1.996371e+01,1.990103e+01,1.998460e+01,1.996371e+01,1.994283e+01,1.985922e+01,2.004723e+01,2.038753e+01,2.086479e+01,2.107160e+01,2.121611e+01,2.121611e+01,2.114044e+01,2.121611e+01,2.127798e+01,2.127110e+01,2.125048e+01,2.125736e+01,2.123674e+01,2.129859e+01,2.131233e+01,2.127110e+01,2.133294e+01,2.127110e+01,2.116796e+01,2.127110e+01,2.123674e+01,2.123674e+01,2.122986e+01,2.122986e+01,2.128485e+01,2.131233e+01,2.122986e+01,2.127110e+01,2.131233e+01,2.122986e+01,2.125048e+01,2.122986e+01,2.125736e+01,2.124361e+01,2.138101e+01,2.144964e+01,2.127110e+01,2.127110e+01,2.123674e+01,2.122986e+01,2.130546e+01,2.119548e+01,2.127110e+01,2.130546e+01,2.122298e+01,2.122298e+01,2.120235e+01,2.127110e+01,2.118172e+01,2.124361e+01,2.118172e+01,2.120235e+01,2.111979e+01,2.113355e+01,2.101649e+01,2.084409e+01,2.049840e+01,2.007505e+01,2.013068e+01,2.003332e+01,2.005419e+01,2.006114e+01,2.005419e+01,1.998460e+01,1.985225e+01,1.997068e+01,2.002636e+01,1.988013e+01,1.988710e+01,1.986619e+01,1.990800e+01,1.981740e+01,1.992193e+01,1.997068e+01,1.983134e+01,1.990800e+01,1.980345e+01,1.982437e+01,1.976160e+01,1.983831e+01,1.985922e+01,1.986619e+01,1.995675e+01,1.985922e+01,1.985225e+01,1.988013e+01,1.992193e+01,1.984528e+01,1.985922e+01,1.994283e+01,1.989407e+01,1.990800e+01,1.986619e+01,1.985922e+01,1.986619e+01,1.994283e+01,1.983134e+01,1.981042e+01,1.981740e+01,1.988013e+01,1.987316e+01,1.986619e+01,1.982437e+01,1.981740e+01,1.995675e+01,1.974764e+01,1.983831e+01,1.994283e+01,1.983831e+01,1.981740e+01,1.985922e+01,1.975462e+01,1.983831e+01,1.981042e+01,1.984528e+01,1.975462e+01,1.983134e+01,1.981042e+01,1.976160e+01,1.990800e+01,1.980345e+01,1.977555e+01,1.975462e+01,1.979647e+01,1.981042e+01,1.979647e+01,1.976858e+01,1.974764e+01,1.977555e+01,1.994283e+01,1.989407e+01,2.013068e+01,2.069905e+01,2.100271e+01,2.122298e+01,2.118172e+01,2.143592e+01,2.135355e+01,2.131233e+01,2.135355e+01,2.131920e+01,2.152508e+01,2.128485e+01,2.133981e+01,2.133981e+01,2.132607e+01,2.133981e+01,2.132607e+01,2.153194e+01,2.130546e+01,2.131920e+01,2.139474e+01,2.140847e+01,2.135355e+01,2.136041e+01,2.151823e+01,2.144278e+01,2.147708e+01,2.149766e+01,2.136728e+01,2.145650e+01,2.139474e+01,2.136041e+01,2.153194e+01,2.143592e+01,2.127798e+01,2.136041e+01,2.144964e+01,2.146336e+01,2.143592e+01,2.137415e+01,2.138101e+01,2.147708e+01,2.142220e+01,2.140161e+01,2.147708e+01,2.148394e+01,2.133981e+01,2.134668e+01,2.138788e+01,2.141533e+01,2.134668e+01,2.155936e+01,2.129859e+01,2.134668e+01,2.145650e+01,2.143592e+01,2.136041e+01,2.137415e+01,2.133981e+01,2.129859e+01,2.134668e+01,2.131920e+01,2.136041e+01,2.128485e+01,2.140161e+01,2.133981e+01,2.129172e+01,2.129859e+01,2.139474e+01,2.132607e+01,2.136041e+01,2.128485e+01,2.120235e+01,2.130546e+01,2.116796e+01,2.134668e+01,2.133294e+01,2.127798e+01,2.133294e+01,2.121611e+01,2.127110e+01,2.129172e+01,2.124361e+01,2.127110e+01,2.123674e+01,2.122298e+01,2.116796e+01,2.113355e+01,2.126423e+01,2.123674e+01,2.109914e+01,2.120235e+01,2.131920e+01,2.130546e+01,2.118172e+01,2.118172e+01,2.119548e+01,2.133294e+01,2.122298e+01,2.120235e+01,2.131920e+01
2.127110e+01,2.118172e+01,2.133981e+01,2.129859e+01,2.120235e+01,2.125736e+01,2.116108e+01,2.129172e+01,2.131233e+01,2.129172e+01,2.130546e+01,2.136728e+01,2.129172e+01,2.126423e+01,2.125736e+01,2.129859e+01,2.125048e+01,2.133981e+01,2.127798e+01,2.136728e+01,2.127110e+01,2.129859e+01,2.118860e+01,2.133294e+01,2.133981e+01,2.129859e+01,2.134668e+01,2.131233e+01,2.131233e+01,2.136728e+01,2.121611e+01,2.118860e+01,2.136728e+01,2.131920e+01,2.133294e+01,2.140847e+01,2.141533e+01,2.134668e+01,2.140847e+01,2.129859e+01,2.144964e+01,2.121611e+01,2.132607e+01,2.144278e+01,2.128485e+01,2.129859e+01,2.131233e+01,2.129859e+01,2.132607e+01,2.142906e+01,2.127110e+01,2.122298e+01,2.138788e+01,2.127798e+01,2.135355e+01,2.140847e+01,2.140847e+01,2.137415e+01,2.143592e+01,2.145650e+01,2.139474e+01,2.134668e+01,2.134668e+01,2.122986e+01,2.127110e+01,2.118172e+01,2.109225e+01,2.104405e+01,2.124361e+01,2.110602e+01,2.108537e+01,2.109914e+01,2.114044e+01,2.111291e+01,2.111291e+01,2.089929e+01,2.113355e+01,2.112667e+01,2.119548e+01,2.116796e+01,2.118172e+01,2.121611e+01,2.120235e+01,2.130546e+01,2.124361e+01,2.125048e+01,2.140847e+01,2.136041e+01,2.126423e+01,2.124361e+01,2.126423e+01,2.127110e+01,2.139474e+01,2.127110e+01,2.136728e+01,2.133981e+01,2.132607e+01,2.125736e+01,2.125048e+01,2.125736e+01,2.127110e+01,2.123674e+01,2.129172e+01,2.130546e+01,2.131920e+01,2.122986e+01,2.114044e+01,2.129859e+01,2.138788e+01,2.153880e+01,2.132607e+01,2.149080e+01,2.126423e+01,2.133981e+01,2.133981e+01,2.133294e+01,2.136041e+01,2.143592e+01,2.135355e+01,2.135355e+01,2.144278e+01,2.138788e+01,2.136041e+01,2.131233e+01,2.133981e+01,2.133981e+01,2.143592e+01,2.131233e+01,2.133981e+01,2.134668e+01,2.126423e+01,2.131920e+01,2.129859e+01,2.129859e+01,2.129172e+01,2.130546e+01,2.133294e+01,2.127110e+01,2.127798e+01,2.127798e+01,2.125736e+01,2.147022e+01,2.141533e+01,2.126423e+01,2.118172e+01,2.120923e+01,2.125736e+01,2.116108e+01,2.109914e+01,2.118172e+01,2.117484e+01,2.123674e+01,2.108537e+01,2.108537e+01,2.114044e+01,2.118172e+01,2.120923e+01,2.127110e+01,2.109914e+01,2.105782e+01,2.125048e+01,2.107848e+01,2.123674e+01,2.127110e+01,2.125048e+01,2.128485e+01,2.130546e+01,2.114732e+01,2.122986e+01,2.127798e+01,2.118860e+01,2.118172e+01,2.116108e+01,2.119548e+01,2.124361e+01,2.116796e+01,2.122986e+01,2.117484e+01,2.119548e+01,2.118172e+01,2.107848e+01,2.120235e+01,2.116796e+01,2.105782e+01,2.113355e+01,2.138101e+01,2.143592e+01,2.138788e+01,2.137415e+01,2.137415e+01,2.133981e+01,2.138788e+01,2.129859e+01,2.136041e+01,2.131233e+01,2.132607e+01,2.129859e+01,2.133294e+01,2.133981e+01,2.129859e+01,2.128485e+01,2.133294e+01,2.126423e+01,2.130546e+01,2.130546e+01,2.132607e+01,2.132607e+01,2.137415e+01,2.127110e+01,2.122986e+01,2.131233e+01,2.136041e+01,2.134668e+01,2.136041e+01,2.136041e+01,2.136728e+01,2.136041e+01,2.132607e+01,2.134668e+01,2.138101e+01,2.139474e+01,2.131233e+01,2.136728e+01,2.124361e+01,2.125048e+01,2.131920e+01,2.133981e+01,2.134668e+01,2.135355e+01,2.137415e+01,2.142220e+01,2.134668e+01,2.137415e+01,2.135355e+01,2.138788e+01,2.140847e+01,2.138788e+01,2.136728e+01,2.136728e+01,2.137415e+01,2.142220e+01,2.136728e+01,2.136041e+01,2.144964e+01,2.144964e+01,2.140847e+01,2.144278e+01,2.145650e+01,2.136728e+01,2.139474e+01,2.135355e+01,2.139474e+01,2.151137e+01,2.156621e+01,2.138788e+01,2.136041e+01,2.138101e+01,2.142906e+01,2.138788e+01,2.135355e+01,2.138101e+01,2.136041e+01,2.145650e+01,2.139474e+01,2.133981e+01,2.134668e+01,2.134668e+01,2.133981e+01,2.133294e+01,2.136728e+01,2.139474e+01,2.131233e+01,2.136728e+01,2.129859e+01,2.127798e+01,2.134668e+01,2.138101e+01,2.138101e+01,2.132607e+01,2.133981e+01,2.129172e+01,2.125736e+01,2.128485e+01,2.138788e+01,2.128485e+01,2.133981e+01,2.136041e+01,2.132607e+01,2.135355e+01,2.135355e+01,2.138788e+01,2.138788e+01,2.133981e+01,2.141533e+01,2.133294e+01,2.135355e+01,2.131233e+01,2.137415e+01,2.137415e+01,2.129859e+01,2.135355e+01,2.125736e+01,2.133294e+01,2.132607e+01,2.129859e+01,2.127110e+01,2.134668e+01,2.129172e+01,2.127798e+01,2.123674e+01,2.143592e+01,2.134668e+01,2.136041e+01,2.138788e+01,2.132607e+01,2.134668e+01,2.130546e+01,2.136728e+01,2.132607e+01,2.122298e+01,2.132607e+01,2.133294e+01,2.133981e+01,2.127110e+01,2.129859e+01,2.127798e+01,2.127798e+01,2.127798e+01,2.128485e+01,2.155936e+01,2.133294e+01,2.132607e+01,2.131233e+01,2.137415e+01,2.129859e+01,2.129172e+01,2.143592e+01,2.143592e+01,2.134668e+01,2.133981e+01,2.133294e+01,2.127798e+01,2.132607e+01,2.131233e+01,2.131233e+01,2.129172e+01,2.124361e+01,2.134668e+01,2.136041e+01,2.129172e+01,2.125048e+01,2.119548e+01,2.120923e+01,2.127110e+01,2.125048e+01,2.114732e+01,2.123674e+01,2.123674e+01,2.125048e+01,2.117484e+01,2.110602e+01,2.096135e+01,2.022794e+01,2.003332e+01,1.997068e+01,1.997764e+01,2.001244e+01,1.988013e+01,1.980345e+01,1.999852e+01,2.004027e+01,2.009591e+01,2.001940e+01,1.994979e+01,1.997068e+01,2.013763e+01,2.005419e+01,2.006114e+01,1.993586e+01,2.006810e+01,1.997764e+01,2.006810e+01,2.010982e+01,2.008896e+01,2.013763e+01,2.011677e+01,2.015153e+01,2.017237e+01,2.004723e+01,2.018627e+01,2.015848e+01,2.017932e+01,2.018627e+01,2.015153e+01,2.008896e+01,2.017237e+01,2.009591e+01,2.011677e+01,2.002636e+01,2.006810e+01,2.010982e+01,1.994283e+01,1.994979e+01,2.010287e+01,2.002636e+01,1.997068e+01,2.004027e+01,1.999156e+01,2.000548e+01,2.013068e+01,2.067831e+01,2.104405e+01,2.116796e+01,2.116108e+01,2.120235e+01,2.118172e+01,2.120923e+01,2.124361e+01,2.123674e+01,2.118860e+01,2.118172e+01,2.124361e+01,2.128485e+01,2.127798e+01,2.126423e+01,2.132607e+01,2.133981e+01,2.128485e+01,2.124361e+01,2.122298e+01,2.125048e+01,2.125736e+01,2.127798e+01,2.134668e+01,2.125736e+01,2.129172e+01,2.116796e+01,2.125736e+01,2.127798e+01,2.126423e+01,2.125048e+01,2.125048e+01,2.125736e+01,2.131233e+01,2.128485e+01,2.137415e+01,2.124361e+01,2.119548e+01,2.122298e+01,2.126423e+01,2.133981e+01,2.120235e+01,2.128485e+01,2.127798e+01,2.122986e+01,2.125736e+01,2.121611e+01,2.121611e+01,2.122298e+01,2.126423e+01,2.113355e+01,2.109225e+01,2.094757e+01,2.027654e+01,2.022794e+01,1.994283e+01,1.989407e+01,1.985225e+01,1.997764e+01,1.984528e+01,1.988710e+01,1.986619e+01,1.980345e+01,1.976858e+01,1.975462e+01,1.988013e+01,1.989407e+01,1.984528e+01,1.974764e+01,1.990800e+01,1.992193e+01,1.974764e+01,1.992193e+01,1.989407e+01,1.985225e+01,1.980345e+01,1.983134e+01,1.984528e+01,1.990800e+01,1.976160e+01,1.974764e+01,1.983134e+01,1.986619e+01,1.990103e+01,1.984528e+01,1.986619e+01,1.981042e+01,1.985922e+01,1.987316e+01,1.995675e+01,1.987316e+01,1.983134e+01,1.992890e+01,1.981042e+01,1.983831e+01,1.974764e+01,1.992193e+01,1.988710e+01,1.980345e+01,1.993586e+01,1.976858e+01,1.976858e+01,1.975462e+01,1.988013e+01,1.989407e+01,1.988710e+01,1.987316e+01,1.980345e+01,1.983134e+01,1.980345e+01,1.983134e+01,1.971275e+01,1.967785e+01,1.979647e+01,1.976160e+01,1.981042e+01,1.979647e+01,1.978950e+01,1.978253e+01,1.982437e+01,1.981740e+01,1.985225e+01,1.975462e+01,1.987316e+01,1.982437e+01,1.978950e+01,1.978950e+01,1.981740e+01,1.976858e+01,1.978950e+01,2.062299e+01,2.100271e+01,2.118172e+01,2.121611e+01,2.135355e+01,2.122986e+01,2.140161e+01,2.133981e+01,2.129859e+01,2.136728e+01,2.129859e+01,2.133294e+01,2.131920e+01,2.131233e+01,2.142220e+01,2.141533e+01,2.138788e+01,2.134668e+01,2.128485e+01,2.136728e+01,2.147708e+01,2.136041e+01,2.133981e+01,2.147708e+01,2.136728e+01,2.142906e+01,2.136728e+01,2.137415e+01,2.135355e+01,2.136041e+01,2.133981e+01,2.145650e+01,2.135355e+01,2.149766e+01,2.160732e+01,2.136728e+01,2.144964e+01,2.138788e+01,2.136728e+01,2.149766e+01,2.144964e+01,2.141533e+01,2.138788e+01,2.133294e+01,2.135355e+01,2.150451e+01,2.147022e+01,2.129859e+01,2.134668e+01,2.147708e+01,2.149080e+01,2.131233e+01,2.149080e+01,2.127798e+01,2.129172e+01,2.146336e+01,2.149080e+01,2.127110e+01,2.153194e+01,2.125048e+01,2.120923e+01,2.125736e+01,2.127798e+01,2.131233e+01,2.144278e+01,2.138788e+01,2.131233e+01,2.126423e+01,2.136041e+01,2.129172e+01,2.135355e+01,2.119548e+01,2.124361e+01,2.129859e+01,2.124361e+01,2.130546e+01,2.129172e+01,2.125736e+01,2.114732e+01,2.114732e+01,2.129859e+01,2.126423e+01,2.125736e+01,2.125048e+01,2.121611e+01,2.122986e+01,2.126423e+01,2.118172e+01,2.122986e+01,2.125048e+01,2.118860e+01,2.113355e+01,2.115420e+01,2.117484e+01,2.116796e+01,2.119548e+01,2.118860e+01,2.121611e+01,2.112667e+01,2.118172e+01
2.129859e+01,2.125736e+01,2.123674e+01,2.125736e+01,2.131920e+01,2.125736e+01,2.125048e+01,2.124361e+01,2.121611e+01,2.136728e+01,2.130546e+01,2.125736e+01,2.123674e+01,2.126423e+01,2.126423e+01,2.126423e+01,2.129859e+01,2.133294e+01,2.128485e+01,2.129172e+01,2.122986e+01,2.125736e+01,2.138101e+01,2.134668e+01,2.120923e+01,2.128485e+01,2.127110e+01,2.130546e+01,2.121611e+01,2.122986e+01,2.125048e+01,2.126423e+01,2.133294e+01,2.136041e+01,2.142906e+01,2.133294e+01,2.136041e+01,2.139474e+01,2.133981e+01,2.131233e+01,2.116108e+01,2.146336e+01,2.140161e+01,2.127110e+01,2.143592e+01,2.127798e+01,2.135355e+01,2.129859e+01,2.129859e+01,2.149766e+01,2.136041e+01,2.140161e+01,2.143592e+01,2.146336e+01,2.131233e+01,2.136728e+01,2.136041e+01,2.142906e+01,2.135355e+01,2.130546e+01,2.142220e+01,2.142906e+01,2.129172e+01,2.133294e+01,2.124361e+01,2.109225e+01,2.109914e+01,2.101649e+01,2.098893e+01,2.107848e+01,2.110602e+01,2.102338e+01,2.108537e+01,2.115420e+01,2.115420e+01,2.109225e+01,2.121611e+01,2.109914e+01,2.116108e+01,2.122986e+01,2.109914e+01,2.129172e+01,2.126423e+01,2.130546e+01,2.125736e+01,2.124361e+01,2.127110e+01,2.128485e+01,2.134668e+01,2.128485e+01,2.126423e+01,2.127110e+01,2.129859e+01,2.138788e+01,2.136041e+01,2.139474e+01,2.124361e+01,2.118860e+01,2.123674e+01,2.113355e+01,2.121611e+01,2.127798e+01,2.129859e+01,2.129172e+01,2.131233e+01,2.144964e+01,2.133981e+01,2.129859e+01,2.136728e+01,2.136728e+01,2.139474e+01,2.137415e+01,2.135355e+01,2.134668e+01,2.147708e+01,2.140847e+01,2.129172e+01,2.121611e+01,2.139474e+01,2.131233e+01,2.139474e+01,2.131233e+01,2.123674e+01,2.132607e+01,2.120235e+01,2.143592e+01,2.138788e+01,2.131233e+01,2.139474e+01,2.125048e+01,2.127798e+01,2.128485e+01,2.131233e+01,2.129859e+01,2.114044e+01,2.129172e+01,2.116796e+01,2.126423e+01,2.126423e+01,2.128485e+01,2.127110e+01,2.139474e+01,2.141533e+01,2.140161e+01,2.138101e+01,2.124361e+01,2.122298e+01,2.117484e+01,2.113355e+01,2.109914e+01,2.103716e+01,2.111979e+01,2.114732e+01,2.112667e+01,2.112667e+01,2.107160e+01,2.124361e+01,2.107160e+01,2.104405e+01,2.110602e+01,2.121611e+01,2.110602e+01,2.107160e+01,2.112667e+01,2.112667e+01,2.110602e+01,2.108537e+01,2.114044e+01,2.108537e+01,2.109914e+01,2.116796e+01,2.112667e+01,2.111979e+01,2.111291e+01,2.109914e+01,2.109225e+01,2.118172e+01,2.120235e+01,2.116796e+01,2.115420e+01,2.118172e+01,2.112667e+01,2.109225e+01,2.108537e+01,2.136041e+01,2.137415e+01,2.114732e+01,2.139474e+01,2.140161e+01,2.140161e+01,2.133294e+01,2.135355e+01,2.130546e+01,2.133981e+01,2.129859e+01,2.133294e+01,2.133981e+01,2.138788e+01,2.133981e+01,2.140161e+01,2.127110e+01,2.129859e+01,2.127110e+01,2.131233e+01,2.131920e+01,2.142220e+01,2.122986e+01,2.131920e+01,2.141533e+01,2.135355e+01,2.136041e+01,2.133294e+01,2.135355e+01,2.137415e+01,2.137415e+01,2.136728e+01,2.144964e+01,2.134668e+01,2.131233e+01,2.137415e+01,2.134668e+01,2.137415e+01,2.138101e+01,2.131920e+01,2.131920e+01,2.135355e+01,2.136728e+01,2.134668e+01,2.138788e+01,2.140847e+01,2.144964e+01,2.143592e+01,2.143592e+01,2.139474e+01,2.135355e+01,2.136728e+01,2.128485e+01,2.138101e+01,2.138101e+01,2.135355e+01,2.133981e+01,2.138101e+01,2.138101e+01,2.134668e+01,2.139474e+01,2.139474e+01,2.139474e+01,2.136728e+01,2.135355e+01,2.137415e+01,2.134668e+01,2.138788e+01,2.138101e+01,2.140847e+01,2.138788e+01,2.134668e+01,2.135355e+01,2.133981e+01,2.127798e+01,2.136728e+01,2.135355e+01,2.150451e+01,2.142220e+01,2.135355e+01,2.132607e+01,2.132607e+01,2.133981e+01,2.133981e+01,2.129172e+01,2.131233e+01,2.133981e+01,2.128485e+01,2.130546e+01,2.127798e+01,2.135355e+01,2.133294e+01,2.138788e+01,2.138788e+01,2.139474e+01,2.131233e+01,2.135355e+01,2.140847e+01,2.138788e+01,2.138788e+01,2.137415e+01,2.136041e+01,2.134668e+01,2.129172e+01,2.133981e+01,2.139474e+01,2.136728e+01,2.143592e+01,2.138788e+01,2.131920e+01,2.133294e+01,2.133981e+01,2.133981e+01,2.129859e+01,2.136041e+01,2.131233e+01,2.132607e+01,2.133981e+01,2.132607e+01,2.133294e+01,2.140847e+01,2.127110e+01,2.131233e+01,2.125736e+01,2.137415e+01,2.144964e+01,2.136041e+01,2.144278e+01,2.132607e+01,2.133981e+01,2.133294e+01,2.136728e+01,2.133294e+01,2.139474e+01,2.133981e+01,2.132607e+01,2.131920e+01,2.129859e+01,2.128485e+01,2.134668e+01,2.132607e+01,2.124361e+01,2.122298e+01,2.133981e+01,2.130546e+01,2.131233e+01,2.128485e+01,2.132607e+01,2.136728e+01,2.135355e+01,2.129859e+01,2.129172e+01,2.134668e+01,2.137415e+01,2.128485e+01,2.129172e+01,2.127798e+01,2.128485e+01,2.133294e+01,2.129859e+01,2.131233e+01,2.129172e+01,2.128485e+01,2.132607e+01,2.129859e+01,2.124361e+01,2.125048e+01,2.128485e+01,2.116108e+01,2.098893e+01,2.080957e+01,2.077505e+01,2.071978e+01,2.080267e+01,2.080957e+01,2.097514e+01,2.096825e+01,2.096135e+01,2.024183e+01,1.996371e+01,1.994979e+01,1.995675e+01,1.995675e+01,2.018627e+01,1.988710e+01,2.002636e+01,2.010982e+01,2.000548e+01,2.001244e+01,2.012372e+01,1.997764e+01,2.001940e+01,2.001940e+01,1.996371e+01,2.008201e+01,2.001940e+01,2.009591e+01,2.006810e+01,2.002636e+01,2.018627e+01,2.021405e+01,2.013763e+01,2.013763e+01,2.009591e+01,2.026960e+01,2.025571e+01,2.018627e+01,2.026960e+01,2.017237e+01,2.026266e+01,2.015153e+01,2.013068e+01,2.008201e+01,1.999852e+01,2.011677e+01,1.996371e+01,2.005419e+01,2.010287e+01,2.000548e+01,2.004723e+01,2.011677e+01,1.999156e+01,1.986619e+01,2.004723e+01,2.001244e+01,2.015153e+01,2.033899e+01,2.074051e+01,2.096135e+01,2.108537e+01,2.109914e+01,2.111291e+01,2.122986e+01,2.124361e+01,2.125048e+01,2.122298e+01,2.127110e+01,2.127798e+01,2.125736e+01,2.118172e+01,2.125736e+01,2.131920e+01,2.126423e+01,2.125736e+01,2.133294e+01,2.122986e+01,2.121611e+01,2.126423e+01,2.138101e+01,2.130546e+01,2.125736e+01,2.124361e+01,2.124361e+01,2.124361e+01,2.125736e+01,2.144278e+01,2.129859e+01,2.125048e+01,2.128485e+01,2.126423e+01,2.132607e+01,2.124361e+01,2.122986e+01,2.124361e+01,2.120235e+01,2.122298e+01,2.129172e+01,2.121611e+01,2.125736e+01,2.124361e+01,2.125736e+01,2.128485e+01,2.128485e+01,2.116108e+01,2.118860e+01,2.116796e+01,2.123674e+01,2.098203e+01,2.036673e+01,1.999852e+01,1.978950e+01,1.984528e+01,1.984528e+01,1.990103e+01,1.992193e+01,1.983831e+01,1.986619e+01,1.983831e+01,1.984528e+01,1.985922e+01,1.981740e+01,1.985225e+01,1.976160e+01,1.974067e+01,1.981042e+01,1.981740e+01,1.975462e+01,1.981042e+01,1.982437e+01,1.993586e+01,1.987316e+01,1.973369e+01,1.984528e+01,1.975462e+01,1.985922e+01,1.988013e+01,1.999852e+01,1.973369e+01,1.999852e+01,1.983831e+01,1.984528e+01,1.982437e+01,1.978950e+01,1.992193e+01,1.991496e+01,1.986619e+01,1.985225e+01,1.978950e+01,1.988710e+01,1.994283e+01,1.992890e+01,1.988013e+01,1.985922e+01,1.978253e+01,1.985225e+01,1.987316e+01,1.987316e+01,1.977555e+01,1.975462e+01,1.983831e+01,1.988710e+01,1.981740e+01,1.986619e+01,1.987316e+01,1.985225e+01,1.990800e+01,1.990103e+01,1.983134e+01,1.980345e+01,1.974067e+01,1.978950e+01,1.980345e+01,1.978253e+01,1.981042e+01,1.979647e+01,1.978253e+01,1.982437e+01,1.972671e+01,1.980345e+01,1.983134e+01,1.989407e+01,1.985225e+01,1.984528e+01,1.981740e+01,1.994283e+01,1.990800e+01,2.030430e+01,2.102338e+01,2.119548e+01,2.133981e+01,2.122986e+01,2.120923e+01,2.128485e+01,2.133981e+01,2.124361e+01,2.133294e+01,2.138101e+01,2.129859e+01,2.133294e+01,2.136041e+01,2.131233e+01,2.136041e+01,2.133981e+01,2.138788e+01,2.132607e+01,2.134668e+01,2.144278e+01,2.144278e+01,2.145650e+01,2.136728e+01,2.142220e+01,2.149766e+01,2.144964e+01,2.137415e+01,2.133294e+01,2.138788e+01,2.135355e+01,2.132607e+01,2.144278e+01,2.131233e+01,2.129859e+01,2.145650e+01,2.138788e+01,2.146336e+01,2.136728e+01,2.147022e+01,2.146336e+01,2.143592e+01,2.138101e+01,2.144278e+01,2.136041e+01,2.131233e+01,2.132607e+01,2.131233e+01,2.130546e+01,2.137415e+01,2.129859e+01,2.138788e+01,2.134668e+01,2.129859e+01,2.137415e+01,2.136728e+01,2.127110e+01,2.125736e+01,2.128485e+01,2.125048e+01,2.122986e+01,2.127798e+01,2.129859e+01,2.131233e+01,2.131920e+01,2.137415e+01,2.129172e+01,2.132607e+01,2.142220e+01,2.117484e+01,2.138101e+01,2.129859e+01,2.138101e+01,2.127110e+01,2.130546e+01,2.142906e+01,2.131233e+01,2.133981e+01,2.127798e+01,2.120235e+01,2.124361e+01,2.127110e+01,2.118172e+01,2.130546e+01,2.120923e+01,2.127110e+01,2.116796e+01,2.125048e+01,2.117484e+01,2.110602e+01,2.114732e+01,2.110602e+01,2.117484e+01,2.115420e+01,2.104405e+01,2.123674e+01,2.116108e+01,2.120235e+01,2.120235e+01,2.119548e+01
2.110602e+01,2.125048e+01,2.127798e+01,2.129859e+01,2.130546e+01,2.126423e+01,2.124361e+01,2.131920e+01,2.120235e+01,2.138101e+01,2.136041e+01,2.136041e+01,2.131920e+01,2.124361e+01,2.129859e+01,2.129172e+01,2.114732e+01,2.128485e+01,2.132607e+01,2.121611e+01,2.122986e+01,2.128485e+01,2.130546e+01,2.138101e+01,2.117484e+01,2.131920e+01,2.123674e+01,2.128485e+01,2.122986e+01,2.138788e+01,2.129172e+01,2.122298e+01,2.130546e+01,2.136728e+01,2.134668e+01,2.140847e+01,2.130546e+01,2.132607e+01,2.130546e+01,2.129859e+01,2.133981e+01,2.135355e+01,2.130546e+01,2.128485e+01,2.127798e+01,2.129859e+01,2.133294e+01,2.131233e+01,2.127798e+01,2.143592e+01,2.134668e+01,2.139474e+01,2.137415e+01,2.142220e+01,2.129172e+01,2.142220e+01,2.138101e+01,2.134668e+01,2.136041e+01,2.136728e+01,2.125736e+01,2.134668e+01,2.142906e+01,2.138788e+01,2.118172e+01,2.125736e+01,2.120923e+01,2.096135e+01,2.116108e+01,2.117484e+01,2.117484e+01,2.111979e+01,2.121611e+01,2.115420e+01,2.121611e+01,2.111979e+01,2.111291e+01,2.114044e+01,2.116108e+01,2.122298e+01,2.122986e+01,2.118172e+01,2.116108e+01,2.126423e+01,2.116796e+01,2.125736e+01,2.122298e+01,2.125048e+01,2.126423e+01,2.125736e+01,2.122986e+01,2.123674e+01,2.126423e+01,2.133981e+01,2.129859e+01,2.137415e+01,2.115420e+01,2.118172e+01,2.114732e+01,2.124361e+01,2.114044e+01,2.122298e+01,2.142906e+01,2.129172e+01,2.135355e+01,2.134668e+01,2.120923e+01,2.134668e+01,2.138788e+01,2.134668e+01,2.134668e+01,2.131233e+01,2.132607e+01,2.134668e+01,2.131233e+01,2.133981e+01,2.142220e+01,2.122986e+01,2.124361e+01,2.126423e+01,2.128485e+01,2.136728e+01,2.132607e+01,2.131920e+01,2.131920e+01,2.129172e+01,2.131233e+01,2.141533e+01,2.137415e+01,2.127110e+01,2.130546e+01,2.122298e+01,2.124361e+01,2.121611e+01,2.122298e+01,2.124361e+01,2.118172e+01,2.118860e+01,2.131920e+01,2.129172e+01,2.148394e+01,2.129172e+01,2.138101e+01,2.140161e+01,2.141533e+01,2.129859e+01,2.125048e+01,2.129859e+01,2.110602e+01,2.115420e+01,2.115420e+01,2.119548e+01,2.113355e+01,2.109225e+01,2.107848e+01,2.111979e+01,2.106471e+01,2.125048e+01,2.106471e+01,2.121611e+01,2.109914e+01,2.111979e+01,2.109225e+01,2.111979e+01,2.116796e+01,2.115420e+01,2.111979e+01,2.110602e+01,2.111979e+01,2.120923e+01,2.130546e+01,2.122986e+01,2.111979e+01,2.093377e+01,2.104405e+01,2.116796e+01,2.122298e+01,2.121611e+01,2.122298e+01,2.109225e+01,2.107848e+01,2.108537e+01,2.122298e+01,2.122986e+01,2.114732e+01,2.115420e+01,2.136728e+01,2.138788e+01,2.140847e+01,2.133981e+01,2.138101e+01,2.134668e+01,2.130546e+01,2.127798e+01,2.136041e+01,2.125736e+01,2.133981e+01,2.128485e+01,2.135355e+01,2.132607e+01,2.130546e+01,2.131920e+01,2.132607e+01,2.137415e+01,2.131920e+01,2.136041e+01,2.129859e+01,2.136041e+01,2.138101e+01,2.127798e+01,2.128485e+01,2.133981e+01,2.127110e+01,2.137415e+01,2.135355e+01,2.132607e+01,2.133294e+01,2.133294e+01,2.122986e+01,2.133981e+01,2.138788e+01,2.134668e+01,2.133294e+01,2.138101e+01,2.140161e+01,2.132607e+01,2.132607e+01,2.134668e+01,2.140847e+01,2.138101e+01,2.137415e+01,2.142906e+01,2.137415e+01,2.144964e+01,2.136728e+01,2.139474e+01,2.127110e+01,2.129859e+01,2.136041e+01,2.134668e+01,2.144964e+01,2.135355e+01,2.138788e+01,2.135355e+01,2.138788e+01,2.135355e+01,2.136728e+01,2.133981e+01,2.138101e+01,2.131233e+01,2.136728e+01,2.136728e+01,2.137415e+01,2.136728e+01,2.136728e+01,2.133981e+01,2.131920e+01,2.132607e+01,2.134668e+01,2.131920e+01,2.138101e+01,2.137415e+01,2.133294e+01,2.149766e+01,2.135355e+01,2.135355e+01,2.136728e+01,2.138788e+01,2.136041e+01,2.143592e+01,2.144278e+01,2.135355e+01,2.125736e+01,2.139474e+01,2.138788e+01,2.137415e+01,2.136728e+01,2.135355e+01,2.131920e+01,2.136041e+01,2.136728e+01,2.140161e+01,2.130546e+01,2.129859e+01,2.140161e+01,2.129859e+01,2.144278e+01,2.136728e+01,2.140847e+01,2.143592e+01,2.142220e+01,2.132607e+01,2.132607e+01,2.132607e+01,2.133294e+01,2.131920e+01,2.135355e+01,2.129859e+01,2.134668e+01,2.133294e+01,2.133294e+01,2.132607e+01,2.138101e+01,2.133294e+01,2.137415e+01,2.136728e+01,2.131233e+01,2.127110e+01,2.127798e+01,2.131233e+01,2.137415e+01,2.147708e+01,2.133981e+01,2.134668e+01,2.127110e+01,2.136041e+01,2.136041e+01,2.133981e+01,2.138101e+01,2.129859e+01,2.133294e+01,2.141533e+01,2.132607e+01,2.137415e+01,2.131233e+01,2.120923e+01,2.121611e+01,2.131233e+01,2.132607e+01,2.127110e+01,2.124361e+01,2.134668e+01,2.133981e+01,2.136728e+01,2.136728e+01,2.129859e+01,2.133294e+01,2.136728e+01,2.133981e+01,2.129859e+01,2.127110e+01,2.126423e+01,2.131920e+01,2.129172e+01,2.138101e+01,2.129172e+01,2.143592e+01,2.123674e+01,2.125736e+01,2.115420e+01,2.122986e+01,2.121611e+01,2.078886e+01,2.047070e+01,2.024183e+01,2.028348e+01,2.035286e+01,2.019321e+01,2.042219e+01,2.060223e+01,2.068522e+01,2.060915e+01,1.997764e+01,1.999156e+01,1.994979e+01,1.995675e+01,2.008896e+01,1.995675e+01,2.001244e+01,2.003332e+01,2.008201e+01,2.010287e+01,2.004723e+01,1.988710e+01,2.004723e+01,2.002636e+01,1.998460e+01,2.007505e+01,2.000548e+01,1.997068e+01,2.009591e+01,2.006810e+01,2.006114e+01,2.013068e+01,2.004027e+01,2.012372e+01,2.020016e+01,2.014458e+01,2.020016e+01,2.028348e+01,2.022794e+01,2.029042e+01,2.031124e+01,2.015153e+01,2.022100e+01,2.026960e+01,2.011677e+01,2.008896e+01,2.011677e+01,2.005419e+01,2.006114e+01,1.999852e+01,1.998460e+01,1.997764e+01,1.998460e+01,1.994979e+01,1.986619e+01,2.001244e+01,1.992193e+01,2.010982e+01,2.023489e+01,2.036673e+01,2.070596e+01,2.095446e+01,2.098893e+01,2.101649e+01,2.106471e+01,2.115420e+01,2.125736e+01,2.112667e+01,2.126423e+01,2.122298e+01,2.127110e+01,2.127798e+01,2.127110e+01,2.123674e+01,2.131233e+01,2.123674e+01,2.120235e+01,2.129859e+01,2.136041e+01,2.125048e+01,2.127110e+01,2.127798e+01,2.132607e+01,2.125736e+01,2.122986e+01,2.126423e+01,2.127798e+01,2.139474e+01,2.125736e+01,2.125736e+01,2.127798e+01,2.126423e+01,2.127798e+01,2.125736e+01,2.131233e+01,2.118860e+01,2.122298e+01,2.122298e+01,2.125048e+01,2.124361e+01,2.125048e+01,2.134668e+01,2.130546e+01,2.128485e+01,2.126423e+01,2.118172e+01,2.112667e+01,2.114732e+01,2.111979e+01,2.044298e+01,2.013763e+01,1.985225e+01,1.991496e+01,1.980345e+01,1.985225e+01,1.985922e+01,1.983831e+01,1.985225e+01,1.975462e+01,1.983134e+01,1.981042e+01,1.988013e+01,1.985225e+01,1.983134e+01,1.983134e+01,1.975462e+01,1.976160e+01,1.980345e+01,1.983134e+01,1.978253e+01,1.978950e+01,1.982437e+01,1.985922e+01,1.990103e+01,1.983134e+01,1.988013e+01,1.989407e+01,1.990103e+01,1.976160e+01,1.988710e+01,1.983134e+01,1.990103e+01,1.984528e+01,2.001244e+01,1.985225e+01,1.981042e+01,1.989407e+01,1.983831e+01,1.985225e+01,1.993586e+01,1.987316e+01,1.987316e+01,1.985225e+01,1.990800e+01,1.990103e+01,1.990103e+01,1.977555e+01,1.999852e+01,1.987316e+01,1.983134e+01,1.985225e+01,1.990103e+01,1.987316e+01,1.987316e+01,1.985922e+01,1.983831e+01,1.992193e+01,1.989407e+01,1.984528e+01,1.978253e+01,1.974067e+01,1.980345e+01,1.969879e+01,1.976858e+01,1.979647e+01,1.981042e+01,1.978253e+01,1.981042e+01,1.980345e+01,1.978950e+01,1.983831e+01,1.981740e+01,1.986619e+01,1.988710e+01,1.989407e+01,1.983831e+01,1.987316e+01,2.008201e+01,2.035980e+01,2.098893e+01,2.121611e+01,2.122298e+01,2.147022e+01,2.149080e+01,2.135355e+01,2.124361e+01,2.138101e+01,2.142906e+01,2.130546e+01,2.136041e+01,2.129172e+01,2.137415e+01,2.137415e+01,2.133294e+01,2.129172e+01,2.132607e+01,2.132607e+01,2.137415e+01,2.129172e+01,2.134668e+01,2.131920e+01,2.141533e+01,2.124361e+01,2.147708e+01,2.140847e+01,2.140847e+01,2.138788e+01,2.134668e+01,2.131233e+01,2.130546e+01,2.136728e+01,2.131920e+01,2.127110e+01,2.145650e+01,2.142220e+01,2.132607e+01,2.142906e+01,2.142220e+01,2.140847e+01,2.138788e+01,2.142906e+01,2.136728e+01,2.142906e+01,2.148394e+01,2.138101e+01,2.137415e+01,2.147022e+01,2.138788e+01,2.137415e+01,2.126423e+01,2.137415e+01,2.132607e+01,2.129172e+01,2.128485e+01,2.130546e+01,2.133981e+01,2.129172e+01,2.123674e+01,2.127110e+01,2.128485e+01,2.129172e+01,2.129172e+01,2.130546e+01,2.117484e+01,2.147708e+01,2.136728e+01,2.137415e+01,2.129172e+01,2.129172e+01,2.131920e+01,2.127110e+01,2.127798e+01,2.134668e+01,2.129172e+01,2.132607e+01,2.120235e+01,2.125048e+01,2.141533e+01,2.127798e+01,2.122986e+01,2.125736e+01,2.125048e+01,2.118860e+01,2.125048e+01,2.111291e+01,2.126423e+01,2.129172e+01,2.126423e+01,2.124361e+01,2.112667e+01,2.124361e+01,2.123674e+01,2.114044e+01,2.114732e+01,2.115420e+01,2.120235e+01,2.113355e+01,2.093377e+01
2.127110e+01,2.133294e+01,2.127798e+01,2.131920e+01,2.123674e+01,2.125048e+01,2.111979e+01,2.124361e+01,2.136041e+01,2.126423e+01,2.126423e+01,2.130546e+01,2.122298e+01,2.133981e+01,2.127110e+01,2.132607e+01,2.133294e+01,2.129172e+01,2.128485e+01,2.128485e+01,2.118860e+01,2.120923e+01,2.130546e+01,2.136728e+01,2.129859e+01,2.131920e+01,2.126423e+01,2.120923e+01,2.125048e+01,2.125048e+01,2.118172e+01,2.131233e+01,2.135355e+01,2.122298e+01,2.128485e+01,2.132607e+01,2.135355e+01,2.127798e+01,2.136041e+01,2.131233e+01,2.139474e+01,2.138101e+01,2.139474e+01,2.129172e+01,2.137415e+01,2.137415e+01,2.140161e+01,2.134668e+01,2.136041e+01,2.137415e+01,2.138101e+01,2.137415e+01,2.138101e+01,2.140847e+01,2.142220e+01,2.141533e+01,2.140161e+01,2.154565e+01,2.152508e+01,2.122986e+01,2.138788e+01,2.141533e+01,2.132607e+01,2.127798e+01,2.113355e+01,2.115420e+01,2.096135e+01,2.108537e+01,2.108537e+01,2.111291e+01,2.109225e+01,2.108537e+01,2.109225e+01,2.119548e+01,2.105782e+01,2.116108e+01,2.110602e+01,2.131233e+01,2.109914e+01,2.116108e+01,2.116796e+01,2.129172e+01,2.114044e+01,2.116108e+01,2.125736e+01,2.123674e+01,2.125736e+01,2.123674e+01,2.134668e+01,2.133981e+01,2.125048e+01,2.126423e+01,2.126423e+01,2.131233e+01,2.129859e+01,2.119548e+01,2.113355e+01,2.114044e+01,2.125048e+01,2.117484e+01,2.131233e+01,2.125048e+01,2.142906e+01,2.141533e+01,2.131920e+01,2.124361e+01,2.127798e+01,2.138101e+01,2.133294e+01,2.133981e+01,2.131920e+01,2.136041e+01,2.123674e+01,2.129172e+01,2.136728e+01,2.121611e+01,2.126423e+01,2.139474e+01,2.130546e+01,2.131233e+01,2.137415e+01,2.127798e+01,2.133294e+01,2.136041e+01,2.135355e+01,2.129172e+01,2.135355e+01,2.127110e+01,2.135355e+01,2.136041e+01,2.123674e+01,2.124361e+01,2.125736e+01,2.123674e+01,2.123674e+01,2.124361e+01,2.125736e+01,2.122986e+01,2.120235e+01,2.127798e+01,2.135355e+01,2.144964e+01,2.137415e+01,2.142906e+01,2.134668e+01,2.137415e+01,2.134668e+01,2.128485e+01,2.118860e+01,2.117484e+01,2.129859e+01,2.130546e+01,2.113355e+01,2.116796e+01,2.118860e+01,2.108537e+01,2.107160e+01,2.104405e+01,2.118172e+01,2.107160e+01,2.102338e+01,2.109225e+01,2.120235e+01,2.116796e+01,2.118172e+01,2.113355e+01,2.112667e+01,2.109914e+01,2.107848e+01,2.113355e+01,2.107848e+01,2.116796e+01,2.108537e+01,2.122986e+01,2.116108e+01,2.112667e+01,2.113355e+01,2.111979e+01,2.116796e+01,2.110602e+01,2.111291e+01,2.110602e+01,2.120923e+01,2.105782e+01,2.114044e+01,2.132607e+01,2.142220e+01,2.138101e+01,2.138788e+01,2.140847e+01,2.140161e+01,2.128485e+01,2.131920e+01,2.131233e+01,2.129172e+01,2.133294e+01,2.133294e+01,2.120235e+01,2.131920e+01,2.130546e+01,2.120923e+01,2.133294e+01,2.132607e+01,2.131233e+01,2.129172e+01,2.141533e+01,2.129859e+01,2.135355e+01,2.134668e+01,2.131920e+01,2.133981e+01,2.136728e+01,2.138101e+01,2.139474e+01,2.135355e+01,2.138101e+01,2.140161e+01,2.137415e+01,2.138101e+01,2.132607e+01,2.132607e+01,2.132607e+01,2.131920e+01,2.138101e+01,2.129172e+01,2.140161e+01,2.140847e+01,2.133294e+01,2.139474e+01,2.141533e+01,2.135355e+01,2.135355e+01,2.143592e+01,2.131920e+01,2.129172e+01,2.140847e+01,2.127110e+01,2.133294e+01,2.161417e+01,2.138788e+01,2.131233e+01,2.133294e+01,2.133294e+01,2.138101e+01,2.138788e+01,2.140847e+01,2.138788e+01,2.147708e+01,2.128485e+01,2.134668e+01,2.137415e+01,2.132607e+01,2.136728e+01,2.137415e+01,2.131920e+01,2.135355e+01,2.133981e+01,2.134668e+01,2.138101e+01,2.139474e+01,2.142906e+01,2.144964e+01,2.143592e+01,2.136728e+01,2.135355e+01,2.133294e+01,2.145650e+01,2.133294e+01,2.138788e+01,2.127798e+01,2.138788e+01,2.125736e+01,2.136728e+01,2.131920e+01,2.138101e+01,2.133294e+01,2.131920e+01,2.136728e+01,2.138788e+01,2.130546e+01,2.131233e+01,2.142906e+01,2.129859e+01,2.130546e+01,2.133294e+01,2.131233e+01,2.141533e+01,2.136041e+01,2.140847e+01,2.141533e+01,2.141533e+01,2.140161e+01,2.137415e+01,2.135355e+01,2.132607e+01,2.132607e+01,2.136728e+01,2.134668e+01,2.127110e+01,2.133981e+01,2.139474e+01,2.135355e+01,2.140847e+01,2.136041e+01,2.137415e+01,2.131920e+01,2.125048e+01,2.138788e+01,2.125048e+01,2.128485e+01,2.122298e+01,2.124361e+01,2.126423e+01,2.136728e+01,2.123674e+01,2.133981e+01,2.138101e+01,2.140161e+01,2.136728e+01,2.136041e+01,2.135355e+01,2.135355e+01,2.140847e+01,2.135355e+01,2.129859e+01,2.133294e+01,2.125736e+01,2.136041e+01,2.130546e+01,2.129172e+01,2.130546e+01,2.130546e+01,2.132607e+01,2.136041e+01,2.130546e+01,2.137415e+01,2.138101e+01,2.131920e+01,2.132607e+01,2.130546e+01,2.131920e+01,2.129859e+01,2.130546e+01,2.133981e+01,2.129172e+01,2.131920e+01,2.127798e+01,2.130546e+01,2.127798e+01,2.125048e+01,2.125736e+01,2.111979e+01,2.047070e+01,2.023489e+01,2.008201e+01,1.999156e+01,2.007505e+01,2.002636e+01,2.001244e+01,2.012372e+01,2.012372e+01,1.997764e+01,1.997068e+01,1.997764e+01,1.997068e+01,1.994979e+01,2.005419e+01,2.005419e+01,1.998460e+01,2.000548e+01,2.004027e+01,2.008896e+01,2.006810e+01,2.012372e+01,1.999156e+01,2.001244e+01,2.004027e+01,1.974764e+01,2.006114e+01,2.006114e+01,1.999156e+01,2.006114e+01,2.008896e+01,2.004723e+01,2.010287e+01,2.005419e+01,2.022100e+01,2.017932e+01,2.011677e+01,2.020016e+01,2.029736e+01,2.021405e+01,2.038060e+01,2.022794e+01,2.025571e+01,2.020016e+01,2.007505e+01,2.018627e+01,2.004723e+01,1.999156e+01,2.012372e+01,2.008896e+01,2.003332e+01,1.989407e+01,1.995675e+01,2.002636e+01,1.994979e+01,1.990800e+01,1.991496e+01,1.990103e+01,2.014458e+01,1.994283e+01,2.031124e+01,2.031124e+01,2.046377e+01,2.045684e+01,2.074051e+01,2.106471e+01,2.122986e+01,2.124361e+01,2.120235e+01,2.125048e+01,2.122986e+01,2.118860e+01,2.118860e+01,2.127110e+01,2.127110e+01,2.119548e+01,2.134668e+01,2.122986e+01,2.135355e+01,2.138101e+01,2.126423e+01,2.127798e+01,2.133981e+01,2.127110e+01,2.125736e+01,2.127110e+01,2.125736e+01,2.129172e+01,2.140847e+01,2.118860e+01,2.130546e+01,2.127110e+01,2.127110e+01,2.127798e+01,2.127798e+01,2.120923e+01,2.125048e+01,2.119548e+01,2.121611e+01,2.137415e+01,2.123674e+01,2.123674e+01,2.125736e+01,2.128485e+01,2.123674e+01,2.121611e+01,2.125736e+01,2.110602e+01,2.078886e+01,2.006810e+01,1.990103e+01,1.980345e+01,1.977555e+01,1.983831e+01,1.978253e+01,1.982437e+01,1.978253e+01,1.978950e+01,1.985225e+01,1.982437e+01,1.987316e+01,1.988013e+01,1.985922e+01,1.972671e+01,1.972671e+01,1.979647e+01,1.977555e+01,1.976858e+01,1.975462e+01,1.983134e+01,1.981042e+01,1.984528e+01,1.982437e+01,1.976160e+01,1.978253e+01,1.983134e+01,1.985922e+01,1.974067e+01,1.975462e+01,1.978253e+01,1.981042e+01,1.983831e+01,1.994283e+01,1.986619e+01,1.978253e+01,1.983831e+01,1.983831e+01,1.981042e+01,1.987316e+01,1.983831e+01,1.971973e+01,1.997068e+01,1.985225e+01,1.978950e+01,1.986619e+01,1.992193e+01,1.985922e+01,1.983134e+01,1.981740e+01,1.983831e+01,1.992193e+01,1.987316e+01,1.981042e+01,1.989407e+01,1.985922e+01,1.988013e+01,1.981042e+01,1.979647e+01,1.982437e+01,1.981740e+01,1.981042e+01,1.977555e+01,1.976160e+01,1.978253e+01,1.978950e+01,1.978950e+01,1.969879e+01,1.981042e+01,1.980345e+01,1.982437e+01,1.973369e+01,1.980345e+01,1.984528e+01,1.983831e+01,1.988013e+01,1.987316e+01,1.991496e+01,1.983831e+01,2.036673e+01,2.098893e+01,2.118860e+01,2.132607e+01,2.119548e+01,2.122298e+01,2.130546e+01,2.136728e+01,2.129172e+01,2.124361e+01,2.125736e+01,2.127798e+01,2.129859e+01,2.135355e+01,2.138788e+01,2.141533e+01,2.126423e+01,2.140847e+01,2.140847e+01,2.145650e+01,2.138101e+01,2.141533e+01,2.136728e+01,2.140161e+01,2.138788e+01,2.134668e+01,2.131920e+01,2.134668e+01,2.134668e+01,2.135355e+01,2.134668e+01,2.129172e+01,2.140847e+01,2.132607e+01,2.145650e+01,2.142220e+01,2.141533e+01,2.140161e+01,2.139474e+01,2.138101e+01,2.139474e+01,2.137415e+01,2.132607e+01,2.136041e+01,2.131233e+01,2.139474e+01,2.143592e+01,2.125048e+01,2.122986e+01,2.147022e+01,2.136041e+01,2.136041e+01,2.136728e+01,2.126423e+01,2.127110e+01,2.131920e+01,2.128485e+01,2.122986e+01,2.128485e+01,2.131920e+01,2.125736e+01,2.130546e+01,2.129172e+01,2.124361e+01,2.114732e+01,2.132607e+01,2.128485e+01,2.133294e+01,2.137415e+01,2.129859e+01,2.138101e+01,2.131233e+01,2.129172e+01,2.126423e+01,2.134668e+01,2.125736e+01,2.117484e+01,2.129172e+01,2.133294e+01,2.132607e+01,2.114044e+01,2.127110e+01,2.114044e+01,2.115420e+01,2.114044e+01,2.115420e+01,2.114044e+01,2.111979e+01,2.117484e+01,2.128485e+01,2.122298e+01,2.105782e+01,2.116108e+01,2.111979e+01,2.111979e+01,2.111979e+01,2.125048e+01,2.115420e+01,2.114732e+01,2.112667e+01
2.127798e+01,2.121611e+01,2.124361e+01,2.121611e+01,2.115420e+01,2.126423e+01,2.123674e+01,2.127798e+01,2.125736e+01,2.131233e+01,2.131920e+01,2.126423e+01,2.131920e+01,2.122986e+01,2.119548e+01,2.132607e+01,2.125736e+01,2.132607e+01,2.127110e+01,2.120235e+01,2.122986e+01,2.122298e+01,2.127110e+01,2.128485e+01,2.133294e+01,2.129172e+01,2.130546e+01,2.129172e+01,2.127110e+01,2.127110e+01,2.129859e+01,2.126423e+01,2.122298e+01,2.131920e+01,2.131233e+01,2.131233e+01,2.140847e+01,2.120235e+01,2.142220e+01,2.142906e+01,2.127798e+01,2.130546e+01,2.136728e+01,2.137415e+01,2.136728e+01,2.136728e+01,2.135355e+01,2.133981e+01,2.144278e+01,2.141533e+01,2.136728e+01,2.138101e+01,2.126423e+01,2.147022e+01,2.130546e+01,2.132607e+01,2.135355e+01,2.146336e+01,2.127798e+01,2.120235e+01,2.130546e+01,2.134668e+01,2.142220e+01,2.127798e+01,2.116108e+01,2.107848e+01,2.108537e+01,2.106471e+01,2.113355e+01,2.118860e+01,2.111291e+01,2.116108e+01,2.107848e+01,2.103716e+01,2.106471e+01,2.100271e+01,2.114732e+01,2.114732e+01,2.113355e+01,2.115420e+01,2.118172e+01,2.111291e+01,2.132607e+01,2.127110e+01,2.133981e+01,2.140847e+01,2.135355e+01,2.126423e+01,2.135355e+01,2.118172e+01,2.136041e+01,2.128485e+01,2.124361e+01,2.128485e+01,2.119548e+01,2.129859e+01,2.116796e+01,2.120235e+01,2.114044e+01,2.118172e+01,2.124361e+01,2.128485e+01,2.129172e+01,2.133294e+01,2.120923e+01,2.122298e+01,2.121611e+01,2.121611e+01,2.121611e+01,2.134668e+01,2.137415e+01,2.133294e+01,2.122298e+01,2.124361e+01,2.123674e+01,2.127110e+01,2.131920e+01,2.122986e+01,2.126423e+01,2.127798e+01,2.128485e+01,2.117484e+01,2.115420e+01,2.134668e+01,2.131920e+01,2.133294e+01,2.122298e+01,2.129172e+01,2.125736e+01,2.131920e+01,2.133294e+01,2.137415e+01,2.122298e+01,2.122298e+01,2.122986e+01,2.123674e+01,2.122298e+01,2.123674e+01,2.118860e+01,2.122298e+01,2.127110e+01,2.134668e+01,2.142220e+01,2.135355e+01,2.131920e+01,2.138101e+01,2.138788e+01,2.136728e+01,2.130546e+01,2.133981e+01,2.128485e+01,2.118860e+01,2.114044e+01,2.115420e+01,2.107848e+01,2.115420e+01,2.118860e+01,2.103716e+01,2.103716e+01,2.106471e+01,2.111979e+01,2.098203e+01,2.109225e+01,2.120235e+01,2.118860e+01,2.111291e+01,2.110602e+01,2.116796e+01,2.115420e+01,2.119548e+01,2.113355e+01,2.117484e+01,2.122298e+01,2.120923e+01,2.111979e+01,2.112667e+01,2.111979e+01,2.113355e+01,2.112667e+01,2.117484e+01,2.109225e+01,2.107848e+01,2.108537e+01,2.106471e+01,2.124361e+01,2.116796e+01,2.140161e+01,2.137415e+01,2.144278e+01,2.147708e+01,2.138788e+01,2.138101e+01,2.135355e+01,2.138788e+01,2.131920e+01,2.130546e+01,2.135355e+01,2.129859e+01,2.135355e+01,2.120923e+01,2.126423e+01,2.134668e+01,2.135355e+01,2.130546e+01,2.134668e+01,2.129172e+01,2.129859e+01,2.138788e+01,2.127110e+01,2.140161e+01,2.129172e+01,2.140847e+01,2.126423e+01,2.133981e+01,2.137415e+01,2.129172e+01,2.140161e+01,2.128485e+01,2.129172e+01,2.134668e+01,2.135355e+01,2.132607e+01,2.136728e+01,2.135355e+01,2.133294e+01,2.144278e+01,2.131920e+01,2.129859e+01,2.131233e+01,2.140847e+01,2.142220e+01,2.138788e+01,2.134668e+01,2.130546e+01,2.138101e+01,2.137415e+01,2.128485e+01,2.140847e+01,2.142220e+01,2.136728e+01,2.128485e+01,2.138788e+01,2.139474e+01,2.135355e+01,2.140161e+01,2.142220e+01,2.136041e+01,2.147022e+01,2.133981e+01,2.131233e+01,2.125736e+01,2.133294e+01,2.139474e+01,2.137415e+01,2.139474e+01,2.131233e+01,2.127798e+01,2.132607e+01,2.127110e+01,2.131920e+01,2.145650e+01,2.151137e+01,2.138101e+01,2.138788e+01,2.133981e+01,2.152508e+01,2.135355e+01,2.141533e+01,2.131233e+01,2.139474e+01,2.134668e+01,2.126423e+01,2.134668e+01,2.132607e+01,2.131233e+01,2.133294e+01,2.135355e+01,2.140847e+01,2.131920e+01,2.132607e+01,2.134668e+01,2.131920e+01,2.130546e+01,2.127798e+01,2.132607e+01,2.138788e+01,2.136728e+01,2.139474e+01,2.128485e+01,2.136728e+01,2.142906e+01,2.144964e+01,2.144964e+01,2.134668e+01,2.130546e+01,2.131920e+01,2.125048e+01,2.132607e+01,2.136041e+01,2.131233e+01,2.140847e+01,2.142220e+01,2.133294e+01,2.146336e+01,2.129859e+01,2.127798e+01,2.135355e+01,2.137415e+01,2.130546e+01,2.136041e+01,2.125736e+01,2.131920e+01,2.134668e+01,2.136041e+01,2.131920e+01,2.140847e+01,2.136728e+01,2.120235e+01,2.134668e+01,2.131920e+01,2.131920e+01,2.138788e+01,2.138788e+01,2.133294e+01,2.125048e+01,2.127798e+01,2.127798e+01,2.133981e+01,2.122986e+01,2.122986e+01,2.133294e+01,2.133294e+01,2.133981e+01,2.139474e+01,2.136728e+01,2.136041e+01,2.132607e+01,2.140847e+01,2.125736e+01,2.129859e+01,2.137415e+01,2.127110e+01,2.136728e+01,2.128485e+01,2.131233e+01,2.130546e+01,2.127798e+01,2.129172e+01,2.128485e+01,2.127110e+01,2.125736e+01,2.095446e+01,2.025571e+01,2.004723e+01,1.999852e+01,2.007505e+01,1.997764e+01,1.995675e+01,1.998460e+01,1.994979e+01,1.997068e+01,1.991496e+01,1.986619e+01,1.995675e+01,1.998460e+01,2.003332e+01,1.991496e+01,2.004723e+01,2.006810e+01,1.999156e+01,1.991496e+01,2.008896e+01,2.010287e+01,2.004723e+01,2.006810e+01,2.000548e+01,2.003332e+01,2.001940e+01,1.995675e+01,1.999156e+01,1.999156e+01,2.005419e+01,2.001940e+01,2.007505e+01,2.018627e+01,2.006114e+01,2.017237e+01,2.024183e+01,1.997764e+01,2.018627e+01,2.029736e+01,2.020711e+01,2.020016e+01,2.022100e+01,2.010982e+01,2.023489e+01,2.019321e+01,2.005419e+01,2.003332e+01,2.014458e+01,2.007505e+01,2.004723e+01,2.007505e+01,1.999852e+01,2.006810e+01,1.991496e+01,1.990800e+01,1.997068e+01,1.992193e+01,1.994979e+01,1.997068e+01,1.994283e+01,1.996371e+01,2.004723e+01,2.008201e+01,2.017932e+01,2.042912e+01,2.084409e+01,2.115420e+01,2.125048e+01,2.125048e+01,2.114732e+01,2.122986e+01,2.117484e+01,2.125736e+01,2.122986e+01,2.124361e+01,2.132607e+01,2.118172e+01,2.130546e+01,2.122986e+01,2.120235e+01,2.130546e+01,2.129172e+01,2.128485e+01,2.124361e+01,2.117484e+01,2.126423e+01,2.127798e+01,2.128485e+01,2.132607e+01,2.127798e+01,2.125736e+01,2.127798e+01,2.131920e+01,2.128485e+01,2.123674e+01,2.127110e+01,2.125048e+01,2.116796e+01,2.122298e+01,2.122986e+01,2.123674e+01,2.123674e+01,2.123674e+01,2.125736e+01,2.128485e+01,2.114044e+01,2.111979e+01,2.101649e+01,2.021405e+01,2.002636e+01,1.982437e+01,1.975462e+01,1.982437e+01,1.978950e+01,1.978950e+01,1.978950e+01,1.976160e+01,1.978950e+01,1.987316e+01,1.976858e+01,1.992193e+01,1.985922e+01,1.989407e+01,1.969181e+01,1.982437e+01,1.981740e+01,1.976160e+01,1.976160e+01,1.981740e+01,1.982437e+01,1.983134e+01,1.986619e+01,1.979647e+01,1.987316e+01,1.983134e+01,1.985922e+01,1.975462e+01,1.985225e+01,1.985922e+01,1.992890e+01,1.993586e+01,1.988013e+01,1.995675e+01,1.983831e+01,1.984528e+01,1.980345e+01,1.987316e+01,1.977555e+01,1.987316e+01,1.986619e+01,1.981740e+01,1.982437e+01,1.988013e+01,1.985922e+01,1.978950e+01,1.986619e+01,1.977555e+01,1.981740e+01,1.987316e+01,1.979647e+01,1.992193e+01,1.986619e+01,1.994979e+01,1.992890e+01,1.988710e+01,1.985225e+01,1.977555e+01,1.987316e+01,1.980345e+01,1.984528e+01,1.975462e+01,1.975462e+01,1.971275e+01,1.979647e+01,1.985225e+01,1.979647e+01,1.976858e+01,1.972671e+01,1.974067e+01,1.978950e+01,1.983831e+01,1.983831e+01,1.975462e+01,1.982437e+01,1.975462e+01,1.976858e+01,1.971973e+01,1.992193e+01,2.031124e+01,2.098893e+01,2.112667e+01,2.133294e+01,2.132607e+01,2.133981e+01,2.142220e+01,2.136041e+01,2.129172e+01,2.130546e+01,2.129172e+01,2.127110e+01,2.133981e+01,2.129859e+01,2.132607e+01,2.140847e+01,2.140161e+01,2.128485e+01,2.142906e+01,2.133981e+01,2.129172e+01,2.139474e+01,2.125736e+01,2.128485e+01,2.133294e+01,2.132607e+01,2.131920e+01,2.140847e+01,2.131920e+01,2.138788e+01,2.124361e+01,2.123674e+01,2.135355e+01,2.124361e+01,2.142906e+01,2.141533e+01,2.140847e+01,2.133981e+01,2.136728e+01,2.135355e+01,2.137415e+01,2.138101e+01,2.131920e+01,2.129172e+01,2.145650e+01,2.138788e+01,2.132607e+01,2.139474e+01,2.146336e+01,2.146336e+01,2.134668e+01,2.131920e+01,2.125736e+01,2.126423e+01,2.133294e+01,2.136728e+01,2.135355e+01,2.123674e+01,2.136728e+01,2.131920e+01,2.131920e+01,2.129859e+01,2.118860e+01,2.129172e+01,2.136041e+01,2.133294e+01,2.127110e+01,2.134668e+01,2.134668e+01,2.134668e+01,2.127798e+01,2.126423e+01,2.129172e+01,2.127110e+01,2.116796e+01,2.128485e+01,2.133294e+01,2.129859e+01,2.127798e+01,2.129172e+01,2.125736e+01,2.127798e+01,2.130546e+01,2.128485e+01,2.114732e+01,2.116108e+01,2.114044e+01,2.112667e+01,2.127798e+01,2.111291e+01,2.125048e+01,2.127798e+01,2.121611e+01,2.114732e+01,2.122986e+01,2.112667e+01,2.110602e+01,2.119548e+01,2.114044e+01,2.105782e+01
2.127110e+01,2.120235e+01,2.125048e+01,2.129172e+01,2.120923e+01,2.123674e+01,2.112667e+01,2.106471e+01,2.125048e+01,2.123674e+01,2.140161e+01,2.121611e+01,2.122986e+01,2.132607e+01,2.133294e+01,2.135355e+01,2.131233e+01,2.118860e+01,2.108537e+01,2.125048e+01,2.121611e+01,2.125736e+01,2.129172e+01,2.120235e+01,2.130546e+01,2.131920e+01,2.131920e+01,2.129172e+01,2.122986e+01,2.122986e+01,2.131920e+01,2.130546e+01,2.136728e+01,2.131233e+01,2.138788e+01,2.137415e+01,2.126423e+01,2.129859e+01,2.129172e+01,2.132607e+01,2.137415e+01,2.134668e+01,2.138788e+01,2.123674e+01,2.138788e+01,2.135355e+01,2.138101e+01,2.125736e+01,2.140847e+01,2.138788e+01,2.142906e+01,2.138788e+01,2.138101e+01,2.131233e+01,2.132607e+01,2.148394e+01,2.129172e+01,2.134668e+01,2.136041e+01,2.135355e+01,2.140847e+01,2.143592e+01,2.127798e+01,2.127110e+01,2.111979e+01,2.113355e+01,2.105094e+01,2.116796e+01,2.120923e+01,2.111979e+01,2.107848e+01,2.110602e+01,2.113355e+01,2.106471e+01,2.107848e+01,2.104405e+01,2.107848e+01,2.112667e+01,2.109225e+01,2.109914e+01,2.115420e+01,2.111291e+01,2.122298e+01,2.114044e+01,2.122986e+01,2.138788e+01,2.114044e+01,2.116108e+01,2.117484e+01,2.114732e+01,2.117484e+01,2.122298e+01,2.122986e+01,2.131920e+01,2.116796e+01,2.114044e+01,2.109225e+01,2.128485e+01,2.129859e+01,2.125736e+01,2.131233e+01,2.130546e+01,2.125048e+01,2.120235e+01,2.120235e+01,2.119548e+01,2.122986e+01,2.122298e+01,2.112667e+01,2.116108e+01,2.136728e+01,2.114732e+01,2.114732e+01,2.115420e+01,2.120235e+01,2.127798e+01,2.130546e+01,2.118172e+01,2.114044e+01,2.114732e+01,2.114732e+01,2.109914e+01,2.112667e+01,2.123674e+01,2.120235e+01,2.109914e+01,2.123674e+01,2.123674e+01,2.120235e+01,2.134668e+01,2.135355e+01,2.125048e+01,2.124361e+01,2.127110e+01,2.125048e+01,2.123674e+01,2.123674e+01,2.112667e+01,2.116796e+01,2.122298e+01,2.122298e+01,2.139474e+01,2.139474e+01,2.137415e+01,2.130546e+01,2.129859e+01,2.127798e+01,2.138101e+01,2.132607e+01,2.126423e+01,2.115420e+01,2.128485e+01,2.116796e+01,2.114732e+01,2.114732e+01,2.114044e+01,2.107160e+01,2.120923e+01,2.110602e+01,2.122986e+01,2.105094e+01,2.116108e+01,2.120923e+01,2.116796e+01,2.110602e+01,2.114732e+01,2.111291e+01,2.107848e+01,2.115420e+01,2.113355e+01,2.114732e+01,2.110602e+01,2.111979e+01,2.109225e+01,2.116108e+01,2.108537e+01,2.114732e+01,2.106471e+01,2.111291e+01,2.107160e+01,2.109914e+01,2.111979e+01,2.108537e+01,2.114044e+01,2.113355e+01,2.115420e+01,2.127110e+01,2.125736e+01,2.147022e+01,2.131233e+01,2.142906e+01,2.129172e+01,2.129859e+01,2.129172e+01,2.136041e+01,2.127798e+01,2.128485e+01,2.135355e+01,2.136728e+01,2.138101e+01,2.135355e+01,2.131233e+01,2.136041e+01,2.132607e+01,2.136728e+01,2.129172e+01,2.133981e+01,2.134668e+01,2.133981e+01,2.142906e+01,2.130546e+01,2.127110e+01,2.129859e+01,2.137415e+01,2.125048e+01,2.138101e+01,2.137415e+01,2.130546e+01,2.136728e+01,2.134668e+01,2.131233e+01,2.134668e+01,2.139474e+01,2.125736e+01,2.137415e+01,2.140847e+01,2.129859e+01,2.141533e+01,2.142220e+01,2.141533e+01,2.139474e+01,2.140847e+01,2.147708e+01,2.144278e+01,2.129859e+01,2.140847e+01,2.133294e+01,2.139474e+01,2.134668e+01,2.128485e+01,2.133294e+01,2.141533e+01,2.141533e+01,2.148394e+01,2.137415e+01,2.136728e+01,2.136728e+01,2.129172e+01,2.139474e+01,2.135355e+01,2.134668e+01,2.138101e+01,2.129859e+01,2.140161e+01,2.140161e+01,2.131233e+01,2.137415e+01,2.133294e+01,2.135355e+01,2.134668e+01,2.137415e+01,2.138788e+01,2.141533e+01,2.136041e+01,2.137415e+01,2.152508e+01,2.134668e+01,2.131233e+01,2.132607e+01,2.127798e+01,2.135355e+01,2.132607e+01,2.138101e+01,2.131233e+01,2.131920e+01,2.131920e+01,2.132607e+01,2.141533e+01,2.136728e+01,2.144964e+01,2.136728e+01,2.144278e+01,2.132607e+01,2.136728e+01,2.130546e+01,2.133294e+01,2.137415e+01,2.128485e+01,2.133294e+01,2.144964e+01,2.144964e+01,2.132607e+01,2.129859e+01,2.128485e+01,2.135355e+01,2.129859e+01,2.130546e+01,2.130546e+01,2.131920e+01,2.127110e+01,2.130546e+01,2.134668e+01,2.130546e+01,2.127798e+01,2.140161e+01,2.130546e+01,2.130546e+01,2.141533e+01,2.137415e+01,2.145650e+01,2.128485e+01,2.129859e+01,2.127798e+01,2.133294e+01,2.136728e+01,2.134668e+01,2.135355e+01,2.133981e+01,2.133294e+01,2.128485e+01,2.133294e+01,2.133294e+01,2.131233e+01,2.138101e+01,2.131920e+01,2.136041e+01,2.133294e+01,2.135355e+01,2.133981e+01,2.120923e+01,2.132607e+01,2.134668e+01,2.135355e+01,2.136041e+01,2.133981e+01,2.140161e+01,2.133294e+01,2.129859e+01,2.134668e+01,2.126423e+01,2.133981e+01,2.129172e+01,2.133294e+01,2.126423e+01,2.135355e+01,2.140161e+01,2.147708e+01,2.128485e+01,2.127110e+01,2.129172e+01,2.115420e+01,2.111979e+01,2.049840e+01,2.013068e+01,2.001940e+01,1.996371e+01,1.999156e+01,2.000548e+01,1.990800e+01,1.995675e+01,1.995675e+01,1.992193e+01,1.996371e+01,1.995675e+01,1.994979e+01,1.994979e+01,1.972671e+01,1.976160e+01,1.992193e+01,1.997764e+01,1.988710e+01,1.987316e+01,2.007505e+01,2.008896e+01,1.990800e+01,2.004723e+01,2.001940e+01,1.999852e+01,1.997764e+01,1.997764e+01,1.999156e+01,2.005419e+01,2.005419e+01,1.999852e+01,2.012372e+01,2.008201e+01,2.016542e+01,2.024183e+01,2.024183e+01,2.017932e+01,2.019321e+01,2.029042e+01,2.023489e+01,2.020711e+01,2.023489e+01,2.018627e+01,2.008201e+01,2.005419e+01,2.010982e+01,1.996371e+01,2.004027e+01,2.001244e+01,2.003332e+01,2.003332e+01,2.010287e+01,1.999156e+01,1.989407e+01,1.993586e+01,2.004723e+01,1.996371e+01,1.995675e+01,1.992193e+01,1.992890e+01,1.994283e+01,1.983831e+01,2.009591e+01,2.000548e+01,2.067831e+01,2.109225e+01,2.120923e+01,2.120235e+01,2.125736e+01,2.125048e+01,2.120923e+01,2.127798e+01,2.127798e+01,2.127798e+01,2.121611e+01,2.123674e+01,2.126423e+01,2.111979e+01,2.130546e+01,2.130546e+01,2.131233e+01,2.123674e+01,2.129859e+01,2.125048e+01,2.125048e+01,2.133981e+01,2.127110e+01,2.129172e+01,2.129859e+01,2.123674e+01,2.129172e+01,2.125048e+01,2.126423e+01,2.137415e+01,2.131920e+01,2.118172e+01,2.121611e+01,2.119548e+01,2.127110e+01,2.124361e+01,2.125048e+01,2.114732e+01,2.127110e+01,2.118860e+01,2.118172e+01,2.101649e+01,2.048455e+01,2.018627e+01,1.978253e+01,1.988710e+01,1.986619e+01,1.970577e+01,1.979647e+01,1.979647e+01,1.985225e+01,1.977555e+01,1.975462e+01,1.985225e+01,1.988013e+01,1.985225e+01,1.985225e+01,1.985922e+01,1.984528e+01,1.973369e+01,1.987316e+01,1.986619e+01,1.981740e+01,1.988013e+01,1.987316e+01,1.985922e+01,1.983831e+01,1.984528e+01,1.981740e+01,1.978253e+01,1.989407e+01,1.982437e+01,1.984528e+01,1.980345e+01,1.983134e+01,1.985225e+01,1.988013e+01,1.994979e+01,1.985225e+01,1.981740e+01,1.990103e+01,2.009591e+01,1.994283e+01,1.990800e+01,1.983134e+01,1.991496e+01,1.974067e+01,1.979647e+01,1.983831e+01,1.985225e+01,1.987316e+01,1.977555e+01,1.976858e+01,1.976858e+01,1.991496e+01,1.981740e+01,1.981740e+01,1.983134e+01,1.986619e+01,1.986619e+01,1.990103e+01,1.981042e+01,1.990103e+01,1.998460e+01,1.983831e+01,1.981042e+01,1.981042e+01,1.978950e+01,1.978950e+01,1.978253e+01,1.979647e+01,1.972671e+01,1.972671e+01,1.981042e+01,1.979647e+01,1.977555e+01,1.985225e+01,1.976160e+01,1.990103e+01,1.977555e+01,1.976858e+01,1.977555e+01,2.000548e+01,2.055379e+01,2.099582e+01,2.112667e+01,2.129172e+01,2.116108e+01,2.118860e+01,2.134668e+01,2.135355e+01,2.119548e+01,2.133981e+01,2.125048e+01,2.127110e+01,2.131920e+01,2.144278e+01,2.137415e+01,2.131920e+01,2.146336e+01,2.129859e+01,2.130546e+01,2.141533e+01,2.124361e+01,2.140161e+01,2.138101e+01,2.122298e+01,2.138788e+01,2.147708e+01,2.138101e+01,2.134668e+01,2.143592e+01,2.136728e+01,2.137415e+01,2.138101e+01,2.142220e+01,2.139474e+01,2.139474e+01,2.129859e+01,2.136041e+01,2.138788e+01,2.140161e+01,2.133294e+01,2.140161e+01,2.145650e+01,2.105782e+01,2.132607e+01,2.133294e+01,2.142220e+01,2.137415e+01,2.136728e+01,2.133294e+01,2.131233e+01,2.128485e+01,2.133294e+01,2.132607e+01,2.126423e+01,2.131233e+01,2.129172e+01,2.133294e+01,2.127798e+01,2.127798e+01,2.128485e+01,2.131920e+01,2.129859e+01,2.124361e+01,2.128485e+01,2.123674e+01,2.136728e+01,2.135355e+01,2.136041e+01,2.133981e+01,2.135355e+01,2.133981e+01,2.134668e+01,2.138101e+01,2.119548e+01,2.125736e+01,2.127798e+01,2.129172e+01,2.113355e+01,2.118860e+01,2.126423e+01,2.127798e+01,2.125736e+01,2.129859e+01,2.129859e+01,2.129172e+01,2.125048e+01,2.114044e+01,2.131233e+01,2.114044e+01,2.111291e+01,2.131233e+01,2.111291e+01,2.111979e+01,2.114732e+01,2.114044e+01,2.111979e+01,2.110602e+01,2.107160e+01,2.118860e+01,2.111979e+01
2.127110e+01,2.121611e+01,2.130546e+01,2.124361e+01,2.116108e+01,2.116796e+01,2.103716e+01,2.130546e+01,2.131233e+01,2.139474e+01,2.132607e+01,2.130546e+01,2.130546e+01,2.131233e+01,2.131920e+01,2.120923e+01,2.134668e+01,2.123674e+01,2.126423e+01,2.115420e+01,2.122986e+01,2.140847e+01,2.118860e+01,2.121611e+01,2.122986e+01,2.118860e+01,2.125736e+01,2.128485e+01,2.125048e+01,2.128485e+01,2.125048e+01,2.125048e+01,2.142906e+01,2.140847e+01,2.136728e+01,2.129859e+01,2.131233e+01,2.147022e+01,2.137415e+01,2.134668e+01,2.133294e+01,2.138101e+01,2.137415e+01,2.136041e+01,2.136728e+01,2.141533e+01,2.136728e+01,2.137415e+01,2.138101e+01,2.132607e+01,2.130546e+01,2.138788e+01,2.130546e+01,2.133294e+01,2.129859e+01,2.140161e+01,2.131920e+01,2.141533e+01,2.142906e+01,2.136728e+01,2.137415e+01,2.128485e+01,2.137415e+01,2.122298e+01,2.105782e+01,2.114732e+01,2.107160e+01,2.120235e+01,2.112667e+01,2.111979e+01,2.109914e+01,2.123674e+01,2.105782e+01,2.108537e+01,2.116108e+01,2.109914e+01,2.108537e+01,2.115420e+01,2.110602e+01,2.112667e+01,2.115420e+01,2.112667e+01,2.127110e+01,2.117484e+01,2.120235e+01,2.120235e+01,2.126423e+01,2.116796e+01,2.132607e+01,2.134668e+01,2.127798e+01,2.119548e+01,2.118172e+01,2.113355e+01,2.126423e+01,2.120923e+01,2.123674e+01,2.125048e+01,2.125048e+01,2.129172e+01,2.132607e+01,2.128485e+01,2.126423e+01,2.120923e+01,2.119548e+01,2.115420e+01,2.122298e+01,2.111291e+01,2.109225e+01,2.112667e+01,2.115420e+01,2.113355e+01,2.112667e+01,2.114044e+01,2.118860e+01,2.105094e+01,2.112667e+01,2.116108e+01,2.114044e+01,2.112667e+01,2.098893e+01,2.103027e+01,2.107848e+01,2.111979e+01,2.109225e+01,2.107848e+01,2.104405e+01,2.118172e+01,2.125048e+01,2.116108e+01,2.132607e+01,2.119548e+01,2.131920e+01,2.122986e+01,2.123674e+01,2.133294e+01,2.126423e+01,2.107848e+01,2.120235e+01,2.124361e+01,2.136041e+01,2.142220e+01,2.142220e+01,2.126423e+01,2.138101e+01,2.140161e+01,2.144964e+01,2.140161e+01,2.140847e+01,2.132607e+01,2.132607e+01,2.138101e+01,2.120235e+01,2.136041e+01,2.116796e+01,2.117484e+01,2.117484e+01,2.103716e+01,2.116796e+01,2.123674e+01,2.114732e+01,2.118860e+01,2.118172e+01,2.109914e+01,2.120923e+01,2.122298e+01,2.116108e+01,2.108537e+01,2.111979e+01,2.114044e+01,2.110602e+01,2.113355e+01,2.106471e+01,2.107848e+01,2.123674e+01,2.113355e+01,2.114732e+01,2.109914e+01,2.110602e+01,2.111979e+01,2.110602e+01,2.105094e+01,2.097514e+01,2.111291e+01,2.118172e+01,2.118172e+01,2.131920e+01,2.141533e+01,2.136728e+01,2.130546e+01,2.138101e+01,2.135355e+01,2.136728e+01,2.142906e+01,2.131920e+01,2.129172e+01,2.131920e+01,2.131233e+01,2.133981e+01,2.135355e+01,2.136041e+01,2.135355e+01,2.131920e+01,2.129172e+01,2.131920e+01,2.133981e+01,2.129172e+01,2.129859e+01,2.131233e+01,2.139474e+01,2.126423e+01,2.142906e+01,2.145650e+01,2.131920e+01,2.132607e+01,2.139474e+01,2.140847e+01,2.140847e+01,2.141533e+01,2.134668e+01,2.144278e+01,2.136728e+01,2.139474e+01,2.125048e+01,2.138101e+01,2.146336e+01,2.144964e+01,2.131233e+01,2.144964e+01,2.142906e+01,2.134668e+01,2.129859e+01,2.141533e+01,2.135355e+01,2.139474e+01,2.135355e+01,2.143592e+01,2.140847e+01,2.141533e+01,2.140161e+01,2.133294e+01,2.131233e+01,2.139474e+01,2.138101e+01,2.140847e+01,2.138788e+01,2.144278e+01,2.135355e+01,2.133294e+01,2.134668e+01,2.134668e+01,2.133294e+01,2.134668e+01,2.142220e+01,2.140161e+01,2.137415e+01,2.140161e+01,2.140161e+01,2.133981e+01,2.143592e+01,2.135355e+01,2.138788e+01,2.133294e+01,2.150451e+01,2.148394e+01,2.138788e+01,2.146336e+01,2.131233e+01,2.134668e+01,2.133294e+01,2.131233e+01,2.135355e+01,2.129859e+01,2.131233e+01,2.130546e+01,2.138101e+01,2.138788e+01,2.131233e+01,2.129859e+01,2.131233e+01,2.135355e+01,2.133981e+01,2.129172e+01,2.138101e+01,2.129172e+01,2.128485e+01,2.138788e+01,2.133294e+01,2.131233e+01,2.144964e+01,2.127798e+01,2.133981e+01,2.144278e+01,2.133981e+01,2.125736e+01,2.133294e+01,2.116796e+01,2.136041e+01,2.132607e+01,2.131233e+01,2.140161e+01,2.129172e+01,2.142220e+01,2.140847e+01,2.129859e+01,2.127110e+01,2.128485e+01,2.142220e+01,2.128485e+01,2.133981e+01,2.133294e+01,2.133294e+01,2.134668e+01,2.134668e+01,2.133981e+01,2.133981e+01,2.133981e+01,2.148394e+01,2.129172e+01,2.137415e+01,2.131233e+01,2.135355e+01,2.127110e+01,2.134668e+01,2.134668e+01,2.131920e+01,2.134668e+01,2.133981e+01,2.125048e+01,2.131920e+01,2.138101e+01,2.137415e+01,2.128485e+01,2.136728e+01,2.129172e+01,2.131920e+01,2.130546e+01,2.129172e+01,2.132607e+01,2.132607e+01,2.136041e+01,2.130546e+01,2.132607e+01,2.127110e+01,2.131233e+01,2.136728e+01,2.128485e+01,2.128485e+01,2.130546e+01,2.133294e+01,2.129859e+01,2.116796e+01,2.094067e+01,2.024877e+01,2.015153e+01,1.999852e+01,2.000548e+01,1.991496e+01,1.992890e+01,1.997764e+01,1.994979e+01,1.992890e+01,1.990800e+01,1.993586e+01,1.995675e+01,1.996371e+01,1.994283e+01,1.995675e+01,2.006810e+01,1.999156e+01,1.997764e+01,2.005419e+01,2.000548e+01,2.005419e+01,1.998460e+01,1.992890e+01,2.001244e+01,2.001940e+01,2.008896e+01,2.004027e+01,1.999156e+01,2.001940e+01,2.006114e+01,2.001244e+01,2.008201e+01,2.009591e+01,2.007505e+01,2.017932e+01,2.022794e+01,2.026266e+01,2.017237e+01,2.027654e+01,2.020711e+01,2.016542e+01,2.019321e+01,2.024183e+01,2.024183e+01,2.020016e+01,2.013068e+01,2.022794e+01,2.018627e+01,2.015153e+01,2.006810e+01,2.004723e+01,1.996371e+01,1.998460e+01,2.005419e+01,2.006810e+01,1.994283e+01,1.998460e+01,2.001940e+01,1.993586e+01,1.992890e+01,1.995675e+01,1.999156e+01,1.985922e+01,1.996371e+01,2.026960e+01,2.091308e+01,2.118172e+01,2.124361e+01,2.118860e+01,2.115420e+01,2.116796e+01,2.125736e+01,2.126423e+01,2.127110e+01,2.119548e+01,2.117484e+01,2.129859e+01,2.129172e+01,2.129859e+01,2.123674e+01,2.128485e+01,2.125736e+01,2.127798e+01,2.124361e+01,2.124361e+01,2.132607e+01,2.129172e+01,2.120235e+01,2.128485e+01,2.121611e+01,2.124361e+01,2.134668e+01,2.125736e+01,2.116796e+01,2.122986e+01,2.129859e+01,2.120923e+01,2.127110e+01,2.124361e+01,2.125736e+01,2.120235e+01,2.123674e+01,2.105782e+01,2.124361e+01,2.100271e+01,2.080267e+01,1.998460e+01,2.000548e+01,1.978950e+01,1.976160e+01,1.976858e+01,1.987316e+01,1.976858e+01,1.978253e+01,1.977555e+01,1.988710e+01,1.976160e+01,1.981740e+01,1.980345e+01,1.981042e+01,1.991496e+01,1.984528e+01,1.985922e+01,1.980345e+01,1.992890e+01,1.990103e+01,1.978950e+01,1.990103e+01,1.986619e+01,1.988013e+01,1.994283e+01,1.983831e+01,1.985922e+01,1.990800e+01,1.982437e+01,1.988013e+01,1.988013e+01,1.990103e+01,1.990800e+01,1.995675e+01,1.990103e+01,1.995675e+01,1.983134e+01,1.982437e+01,1.995675e+01,1.988013e+01,1.988710e+01,1.981740e+01,1.983134e+01,1.983831e+01,1.978950e+01,1.988013e+01,1.981042e+01,1.984528e+01,1.985922e+01,1.979647e+01,1.979647e+01,1.978253e+01,1.978950e+01,1.979647e+01,1.997068e+01,1.981740e+01,1.988710e+01,1.985225e+01,1.989407e+01,1.983134e+01,1.983134e+01,1.997068e+01,1.979647e+01,1.981042e+01,1.976160e+01,1.989407e+01,1.980345e+01,1.978253e+01,1.978950e+01,1.980345e+01,1.983134e+01,1.974067e+01,1.976160e+01,1.976858e+01,1.985922e+01,1.988710e+01,1.988710e+01,1.989407e+01,1.974067e+01,1.983134e+01,2.007505e+01,2.078195e+01,2.101649e+01,2.116108e+01,2.131920e+01,2.132607e+01,2.136041e+01,2.126423e+01,2.136041e+01,2.128485e+01,2.135355e+01,2.127110e+01,2.129859e+01,2.128485e+01,2.133981e+01,2.130546e+01,2.138788e+01,2.144964e+01,2.132607e+01,2.122986e+01,2.136728e+01,2.127798e+01,2.133294e+01,2.125736e+01,2.131233e+01,2.137415e+01,2.138101e+01,2.135355e+01,2.129172e+01,2.135355e+01,2.139474e+01,2.125736e+01,2.132607e+01,2.140161e+01,2.129172e+01,2.127798e+01,2.135355e+01,2.129172e+01,2.136728e+01,2.144964e+01,2.144278e+01,2.147022e+01,2.130546e+01,2.129172e+01,2.129859e+01,2.130546e+01,2.140161e+01,2.144278e+01,2.142220e+01,2.129859e+01,2.146336e+01,2.130546e+01,2.147708e+01,2.127798e+01,2.128485e+01,2.128485e+01,2.134668e+01,2.126423e+01,2.144278e+01,2.132607e+01,2.124361e+01,2.138788e+01,2.131233e+01,2.131920e+01,2.129859e+01,2.132607e+01,2.135355e+01,2.136041e+01,2.122986e+01,2.131920e+01,2.135355e+01,2.133981e+01,2.138101e+01,2.127798e+01,2.133981e+01,2.132607e+01,2.126423e+01,2.123674e+01,2.129172e+01,2.116796e+01,2.133294e+01,2.114044e+01,2.133294e+01,2.128485e+01,2.126423e+01,2.116108e+01,2.125736e+01,2.113355e+01,2.133294e+01,2.126423e+01,2.120235e+01,2.116796e+01,2.111291e+01,2.118860e+01,2.123674e+01,2.123674e+01,2.116796e+01,2.116796e+01,2.112667e+01,2.105782e+01,2.109914e+01
2.122986e+01,2.131233e+01,2.124361e+01,2.125736e+01,2.126423e+01,2.118860e+01,2.125048e+01,2.131920e+01,2.125736e+01,2.125736e+01,2.131233e+01,2.130546e+01,2.133981e+01,2.133981e+01,2.127110e+01,2.126423e+01,2.123674e+01,2.127798e+01,2.129859e+01,2.124361e+01,2.119548e+01,2.124361e+01,2.132607e+01,2.135355e+01,2.127110e+01,2.131920e+01,2.130546e+01,2.122298e+01,2.126423e+01,2.127110e+01,2.126423e+01,2.129172e+01,2.132607e+01,2.140161e+01,2.135355e+01,2.133294e+01,2.140161e+01,2.133294e+01,2.131233e+01,2.131920e+01,2.151137e+01,2.131920e+01,2.130546e+01,2.131920e+01,2.140847e+01,2.134668e+01,2.136041e+01,2.141533e+01,2.127798e+01,2.138101e+01,2.144278e+01,2.131233e+01,2.128485e+01,2.140847e+01,2.139474e+01,2.133981e+01,2.135355e+01,2.148394e+01,2.129172e+01,2.133294e+01,2.133981e+01,2.133294e+01,2.128485e+01,2.113355e+01,2.100271e+01,2.105782e+01,2.104405e+01,2.110602e+01,2.109225e+01,2.098893e+01,2.113355e+01,2.109225e+01,2.108537e+01,2.117484e+01,2.100271e+01,2.112667e+01,2.106471e+01,2.109914e+01,2.110602e+01,2.098893e+01,2.116796e+01,2.118860e+01,2.116796e+01,2.108537e+01,2.116796e+01,2.131920e+01,2.114044e+01,2.118172e+01,2.126423e+01,2.125736e+01,2.117484e+01,2.119548e+01,2.116796e+01,2.122298e+01,2.122986e+01,2.114732e+01,2.118172e+01,2.119548e+01,2.116108e+01,2.131920e+01,2.126423e+01,2.124361e+01,2.125736e+01,2.122986e+01,2.119548e+01,2.113355e+01,2.116796e+01,2.116796e+01,2.114732e+01,2.104405e+01,2.114044e+01,2.104405e+01,2.107848e+01,2.103027e+01,2.107160e+01,2.103027e+01,2.105094e+01,2.127798e+01,2.103027e+01,2.100960e+01,2.113355e+01,2.123674e+01,2.118172e+01,2.111291e+01,2.098203e+01,2.109914e+01,2.109225e+01,2.110602e+01,2.113355e+01,2.103716e+01,2.096825e+01,2.118172e+01,2.115420e+01,2.120923e+01,2.127798e+01,2.120923e+01,2.131233e+01,2.133294e+01,2.128485e+01,2.122298e+01,2.128485e+01,2.136041e+01,2.137415e+01,2.131920e+01,2.151137e+01,2.138788e+01,2.116796e+01,2.121611e+01,2.143592e+01,2.129859e+01,2.135355e+01,2.136041e+01,2.133981e+01,2.119548e+01,2.136041e+01,2.105782e+01,2.120235e+01,2.115420e+01,2.119548e+01,2.114732e+01,2.106471e+01,2.113355e+01,2.105094e+01,2.114044e+01,2.107848e+01,2.107160e+01,2.113355e+01,2.117484e+01,2.114732e+01,2.114732e+01,2.109914e+01,2.107848e+01,2.109225e+01,2.105782e+01,2.107160e+01,2.104405e+01,2.114044e+01,2.110602e+01,2.109225e+01,2.106471e+01,2.107160e+01,2.109914e+01,2.099582e+01,2.099582e+01,2.098893e+01,2.133294e+01,2.133294e+01,2.132607e+01,2.140161e+01,2.142220e+01,2.138101e+01,2.140847e+01,2.129172e+01,2.127110e+01,2.126423e+01,2.139474e+01,2.130546e+01,2.129859e+01,2.131920e+01,2.135355e+01,2.134668e+01,2.141533e+01,2.129859e+01,2.129859e+01,2.127110e+01,2.131233e+01,2.141533e+01,2.137415e+01,2.128485e+01,2.141533e+01,2.127110e+01,2.129172e+01,2.127798e+01,2.116108e+01,2.125048e+01,2.139474e+01,2.142906e+01,2.137415e+01,2.136728e+01,2.133981e+01,2.135355e+01,2.135355e+01,2.146336e+01,2.141533e+01,2.140847e+01,2.137415e+01,2.138101e+01,2.144278e+01,2.143592e+01,2.145650e+01,2.150451e+01,2.142906e+01,2.130546e+01,2.134668e+01,2.140161e+01,2.140161e+01,2.141533e+01,2.138101e+01,2.140161e+01,2.137415e+01,2.136041e+01,2.139474e+01,2.142220e+01,2.141533e+01,2.141533e+01,2.144964e+01,2.129172e+01,2.133294e+01,2.138788e+01,2.138788e+01,2.131233e+01,2.133981e+01,2.134668e+01,2.135355e+01,2.135355e+01,2.140161e+01,2.138101e+01,2.137415e+01,2.138101e+01,2.138788e+01,2.133294e+01,2.132607e+01,2.146336e+01,2.147022e+01,2.136728e+01,2.138788e+01,2.138101e+01,2.131920e+01,2.134668e+01,2.129859e+01,2.132607e+01,2.133294e+01,2.131920e+01,2.134668e+01,2.130546e+01,2.136728e+01,2.133294e+01,2.133981e+01,2.136728e+01,2.137415e+01,2.133981e+01,2.146336e+01,2.134668e+01,2.136041e+01,2.129172e+01,2.130546e+01,2.136041e+01,2.136728e+01,2.131920e+01,2.130546e+01,2.138101e+01,2.132607e+01,2.131233e+01,2.137415e+01,2.138788e+01,2.136041e+01,2.135355e+01,2.140161e+01,2.135355e+01,2.133294e+01,2.136728e+01,2.138101e+01,2.134668e+01,2.130546e+01,2.133294e+01,2.128485e+01,2.134668e+01,2.136041e+01,2.128485e+01,2.135355e+01,2.138101e+01,2.133294e+01,2.136041e+01,2.137415e+01,2.133981e+01,2.136728e+01,2.131920e+01,2.140161e+01,2.133294e+01,2.134668e+01,2.130546e+01,2.133294e+01,2.130546e+01,2.131920e+01,2.131233e+01,2.133294e+01,2.133981e+01,2.131233e+01,2.136041e+01,2.138101e+01,2.130546e+01,2.141533e+01,2.139474e+01,2.139474e+01,2.134668e+01,2.131920e+01,2.136728e+01,2.129859e+01,2.131233e+01,2.133981e+01,2.130546e+01,2.139474e+01,2.133294e+01,2.135355e+01,2.133981e+01,2.127110e+01,2.138788e+01,2.128485e+01,2.147708e+01,2.128485e+01,2.133294e+01,2.109914e+01,2.093377e+01,2.052610e+01,2.022100e+01,1.998460e+01,1.997068e+01,1.997068e+01,1.997764e+01,1.999156e+01,1.990103e+01,1.983134e+01,1.992890e+01,1.993586e+01,1.994979e+01,1.990800e+01,1.996371e+01,1.994283e+01,1.994283e+01,1.993586e+01,2.008896e+01,1.992890e+01,1.999852e+01,1.990103e+01,2.004723e+01,2.002636e+01,2.001940e+01,1.988710e+01,2.001940e+01,2.004027e+01,1.995675e+01,2.008201e+01,1.997764e+01,2.006114e+01,2.003332e+01,2.011677e+01,2.020016e+01,2.033899e+01,2.026960e+01,2.017932e+01,2.024183e+01,2.028348e+01,2.023489e+01,2.020016e+01,2.026266e+01,2.021405e+01,2.024183e+01,2.017932e+01,2.014458e+01,2.014458e+01,2.013068e+01,1.996371e+01,2.002636e+01,1.998460e+01,2.006810e+01,1.997068e+01,1.993586e+01,2.000548e+01,1.993586e+01,1.992890e+01,1.994979e+01,1.994283e+01,1.983831e+01,1.982437e+01,1.993586e+01,1.991496e+01,2.000548e+01,2.006810e+01,2.063682e+01,2.107160e+01,2.116108e+01,2.118172e+01,2.123674e+01,2.120235e+01,2.119548e+01,2.120923e+01,2.122298e+01,2.125048e+01,2.123674e+01,2.131920e+01,2.131233e+01,2.131233e+01,2.129172e+01,2.116108e+01,2.127798e+01,2.123674e+01,2.122298e+01,2.127110e+01,2.141533e+01,2.123674e+01,2.110602e+01,2.128485e+01,2.136728e+01,2.127798e+01,2.127110e+01,2.122986e+01,2.122986e+01,2.119548e+01,2.144278e+01,2.130546e+01,2.125048e+01,2.119548e+01,2.125048e+01,2.122986e+01,2.122986e+01,2.119548e+01,2.090619e+01,2.045684e+01,2.015153e+01,1.981042e+01,1.988013e+01,1.969181e+01,1.994283e+01,1.991496e+01,1.976160e+01,1.976858e+01,1.990103e+01,1.980345e+01,1.984528e+01,1.969879e+01,1.983831e+01,1.982437e+01,1.981042e+01,1.985225e+01,1.984528e+01,1.990800e+01,1.991496e+01,1.983831e+01,1.988013e+01,1.988710e+01,1.990103e+01,1.988710e+01,1.994283e+01,1.990800e+01,1.997764e+01,1.985225e+01,1.997764e+01,1.992890e+01,1.979647e+01,1.981740e+01,1.988013e+01,1.987316e+01,1.994979e+01,1.981740e+01,1.992890e+01,1.980345e+01,1.983831e+01,1.979647e+01,1.985922e+01,1.976858e+01,1.990103e+01,1.985225e+01,1.988013e+01,1.977555e+01,1.984528e+01,1.977555e+01,1.985225e+01,1.985922e+01,1.979647e+01,1.994979e+01,1.983831e+01,1.967086e+01,1.984528e+01,1.984528e+01,1.990103e+01,1.989407e+01,1.988710e+01,1.998460e+01,1.987316e+01,1.976160e+01,1.994283e+01,1.980345e+01,1.980345e+01,1.978950e+01,1.980345e+01,1.979647e+01,1.976160e+01,1.983831e+01,1.981042e+01,1.972671e+01,1.984528e+01,1.981740e+01,1.974764e+01,1.976160e+01,1.977555e+01,1.974067e+01,1.974764e+01,1.979647e+01,1.985922e+01,2.004723e+01,2.079576e+01,2.117484e+01,2.116796e+01,2.120923e+01,2.136728e+01,2.114732e+01,2.117484e+01,2.133294e+01,2.132607e+01,2.132607e+01,2.130546e+01,2.131920e+01,2.134668e+01,2.135355e+01,2.131920e+01,2.127798e+01,2.128485e+01,2.131233e+01,2.126423e+01,2.127110e+01,2.131920e+01,2.129172e+01,2.135355e+01,2.133294e+01,2.129859e+01,2.136041e+01,2.138788e+01,2.135355e+01,2.140847e+01,2.138788e+01,2.136728e+01,2.140161e+01,2.132607e+01,2.136728e+01,2.138101e+01,2.129859e+01,2.140847e+01,2.133981e+01,2.132607e+01,2.140847e+01,2.144278e+01,2.147022e+01,2.127110e+01,2.128485e+01,2.129172e+01,2.133294e+01,2.133294e+01,2.129172e+01,2.133294e+01,2.143592e+01,2.129859e+01,2.130546e+01,2.135355e+01,2.128485e+01,2.128485e+01,2.127798e+01,2.132607e+01,2.126423e+01,2.124361e+01,2.125736e+01,2.124361e+01,2.133981e+01,2.122986e+01,2.127110e+01,2.136728e+01,2.127798e+01,2.133981e+01,2.129172e+01,2.131920e+01,2.133981e+01,2.132607e+01,2.131920e+01,2.133981e+01,2.127798e+01,2.129859e+01,2.119548e+01,2.129859e+01,2.132607e+01,2.129859e+01,2.133294e+01,2.127798e+01,2.114732e+01,2.125048e+01,2.131233e+01,2.119548e+01,2.130546e+01,2.120235e+01,2.119548e+01,2.126423e+01,2.125736e+01,2.117484e+01,2.113355e+01,2.110602e+01,2.124361e+01,2.129172e+01,2.116108e+01,2.111291e+01,2.112667e+01,2.122986e+01,2.104405e+01
2.122298e+01,2.123674e+01,2.129172e+01,2.121611e+01,2.124361e+01,2.127110e+01,2.130546e+01,2.131233e+01,2.122986e+01,2.125048e+01,2.127798e+01,2.126423e+01,2.133294e+01,2.129859e+01,2.138788e+01,2.135355e+01,2.126423e+01,2.135355e+01,2.123674e+01,2.129859e+01,2.119548e+01,2.125048e+01,2.133294e+01,2.131920e+01,2.135355e+01,2.126423e+01,2.129172e+01,2.125736e+01,2.125048e+01,2.125048e+01,2.129172e+01,2.129172e+01,2.133294e+01,2.137415e+01,2.137415e+01,2.124361e+01,2.132607e+01,2.131920e+01,2.132607e+01,2.129172e+01,2.134668e+01,2.149766e+01,2.132607e+01,2.151137e+01,2.120923e+01,2.116796e+01,2.121611e+01,2.127798e+01,2.138788e+01,2.127798e+01,2.128485e+01,2.133981e+01,2.141533e+01,2.139474e+01,2.144278e+01,2.147022e+01,2.135355e+01,2.134668e+01,2.133294e+01,2.151823e+01,2.125736e+01,2.133981e+01,2.129859e+01,2.129859e+01,2.111291e+01,2.097514e+01,2.112667e+01,2.100960e+01,2.104405e+01,2.111979e+01,2.109914e+01,2.111979e+01,2.107848e+01,2.111979e+01,2.100960e+01,2.107848e+01,2.110602e+01,2.113355e+01,2.095446e+01,2.109914e+01,2.120923e+01,2.112667e+01,2.119548e+01,2.106471e+01,2.103027e+01,2.126423e+01,2.114044e+01,2.118172e+01,2.135355e+01,2.117484e+01,2.120235e+01,2.113355e+01,2.114732e+01,2.122298e+01,2.127110e+01,2.122298e+01,2.120923e+01,2.122986e+01,2.141533e+01,2.134668e+01,2.122298e+01,2.124361e+01,2.103716e+01,2.101649e+01,2.108537e+01,2.112667e+01,2.105782e+01,2.119548e+01,2.107160e+01,2.109914e+01,2.106471e+01,2.118172e+01,2.118172e+01,2.113355e+01,2.111979e+01,2.094067e+01,2.107160e+01,2.111291e+01,2.109225e+01,2.097514e+01,2.105094e+01,2.117484e+01,2.106471e+01,2.109225e+01,2.102338e+01,2.096825e+01,2.107160e+01,2.100960e+01,2.102338e+01,2.114044e+01,2.116108e+01,2.116796e+01,2.116796e+01,2.110602e+01,2.120923e+01,2.127110e+01,2.124361e+01,2.127798e+01,2.132607e+01,2.123674e+01,2.132607e+01,2.115420e+01,2.125736e+01,2.112667e+01,2.121611e+01,2.122986e+01,2.122986e+01,2.120923e+01,2.117484e+01,2.127110e+01,2.122298e+01,2.117484e+01,2.112667e+01,2.118172e+01,2.118860e+01,2.108537e+01,2.114044e+01,2.105094e+01,2.116796e+01,2.108537e+01,2.106471e+01,2.115420e+01,2.122986e+01,2.113355e+01,2.112667e+01,2.106471e+01,2.109225e+01,2.116108e+01,2.111979e+01,2.111979e+01,2.100271e+01,2.116108e+01,2.105782e+01,2.100271e+01,2.103027e+01,2.098203e+01,2.112667e+01,2.105094e+01,2.112667e+01,2.107160e+01,2.094067e+01,2.098203e+01,2.096135e+01,2.116796e+01,2.100960e+01,2.114044e+01,2.136728e+01,2.134668e+01,2.140847e+01,2.135355e+01,2.144964e+01,2.130546e+01,2.129172e+01,2.127110e+01,2.134668e+01,2.130546e+01,2.129859e+01,2.132607e+01,2.141533e+01,2.132607e+01,2.124361e+01,2.133294e+01,2.129859e+01,2.133981e+01,2.133981e+01,2.136041e+01,2.133294e+01,2.133294e+01,2.129859e+01,2.131920e+01,2.131920e+01,2.142220e+01,2.128485e+01,2.137415e+01,2.133294e+01,2.121611e+01,2.140161e+01,2.133981e+01,2.134668e+01,2.138101e+01,2.142220e+01,2.143592e+01,2.137415e+01,2.138101e+01,2.139474e+01,2.139474e+01,2.136041e+01,2.138101e+01,2.145650e+01,2.144964e+01,2.134668e+01,2.138101e+01,2.138788e+01,2.149080e+01,2.124361e+01,2.129859e+01,2.135355e+01,2.136041e+01,2.136041e+01,2.133981e+01,2.130546e+01,2.130546e+01,2.144964e+01,2.137415e+01,2.135355e+01,2.134668e+01,2.149080e+01,2.131920e+01,2.136728e+01,2.133294e+01,2.135355e+01,2.132607e+01,2.133294e+01,2.147022e+01,2.140847e+01,2.140847e+01,2.147708e+01,2.138788e+01,2.144964e+01,2.139474e+01,2.141533e+01,2.143592e+01,2.145650e+01,2.146336e+01,2.140847e+01,2.141533e+01,2.136728e+01,2.133981e+01,2.136041e+01,2.133981e+01,2.126423e+01,2.136041e+01,2.129172e+01,2.129859e+01,2.140161e+01,2.140161e+01,2.136728e+01,2.133294e+01,2.131920e+01,2.134668e+01,2.142906e+01,2.138788e+01,2.137415e+01,2.134668e+01,2.131920e+01,2.129172e+01,2.134668e+01,2.130546e+01,2.137415e+01,2.132607e+01,2.139474e+01,2.129172e+01,2.128485e+01,2.134668e+01,2.136041e+01,2.135355e+01,2.116796e+01,2.138101e+01,2.116796e+01,2.136041e+01,2.135355e+01,2.129859e+01,2.133294e+01,2.138788e+01,2.130546e+01,2.129859e+01,2.143592e+01,2.142220e+01,2.142220e+01,2.136041e+01,2.129172e+01,2.147022e+01,2.135355e+01,2.131233e+01,2.123674e+01,2.139474e+01,2.129859e+01,2.143592e+01,2.133294e+01,2.133981e+01,2.131920e+01,2.136728e+01,2.133981e+01,2.135355e+01,2.133981e+01,2.131233e+01,2.128485e+01,2.133981e+01,2.132607e+01,2.136041e+01,2.138788e+01,2.133294e+01,2.138101e+01,2.136728e+01,2.138788e+01,2.136728e+01,2.131920e+01,2.143592e+01,2.139474e+01,2.133294e+01,2.132607e+01,2.136728e+01,2.128485e+01,2.131920e+01,2.127798e+01,2.131920e+01,2.106471e+01,2.136728e+01,2.133981e+01,2.139474e+01,2.129172e+01,2.127110e+01,2.116108e+01,2.088549e+01,2.058148e+01,2.017932e+01,2.000548e+01,1.997068e+01,1.992193e+01,1.992890e+01,1.993586e+01,1.988013e+01,1.990800e+01,1.994979e+01,1.993586e+01,1.995675e+01,1.990800e+01,1.997068e+01,1.994283e+01,1.997068e+01,1.990800e+01,1.990800e+01,2.003332e+01,1.992193e+01,2.004723e+01,1.998460e+01,1.999156e+01,2.001940e+01,1.990103e+01,1.997068e+01,1.994283e+01,1.991496e+01,1.999156e+01,2.006810e+01,2.008201e+01,2.004723e+01,2.013068e+01,2.011677e+01,2.022100e+01,2.023489e+01,2.022100e+01,2.025571e+01,2.026960e+01,2.029736e+01,2.030430e+01,2.018627e+01,2.019321e+01,2.022794e+01,2.011677e+01,2.011677e+01,2.013068e+01,2.001244e+01,1.999156e+01,2.001940e+01,2.006114e+01,1.996371e+01,1.997068e+01,1.996371e+01,1.995675e+01,2.004723e+01,1.991496e+01,1.999156e+01,1.993586e+01,1.992193e+01,1.994283e+01,1.991496e+01,1.997764e+01,2.007505e+01,2.063682e+01,2.094757e+01,2.116796e+01,2.125048e+01,2.122986e+01,2.125736e+01,2.125048e+01,2.127798e+01,2.123674e+01,2.123674e+01,2.117484e+01,2.121611e+01,2.129859e+01,2.125048e+01,2.127798e+01,2.127110e+01,2.129172e+01,2.121611e+01,2.126423e+01,2.125736e+01,2.123674e+01,2.125048e+01,2.120923e+01,2.131233e+01,2.128485e+01,2.133981e+01,2.130546e+01,2.127110e+01,2.128485e+01,2.129859e+01,2.129859e+01,2.120923e+01,2.142906e+01,2.121611e+01,2.119548e+01,2.116108e+01,2.092688e+01,2.075432e+01,2.013763e+01,1.986619e+01,1.980345e+01,1.981740e+01,1.990800e+01,1.979647e+01,1.976160e+01,1.981740e+01,1.976160e+01,1.980345e+01,1.978253e+01,1.979647e+01,1.970577e+01,1.974764e+01,1.978253e+01,1.982437e+01,1.980345e+01,1.983134e+01,1.985225e+01,1.983134e+01,1.990800e+01,1.985922e+01,1.990800e+01,1.983831e+01,1.988710e+01,1.990103e+01,1.983831e+01,1.991496e+01,1.990103e+01,2.001940e+01,1.990800e+01,1.986619e+01,1.986619e+01,1.988013e+01,1.990800e+01,1.990103e+01,1.993586e+01,1.991496e+01,1.996371e+01,1.992193e+01,1.978253e+01,1.994283e+01,1.992890e+01,1.992193e+01,1.991496e+01,1.980345e+01,1.983134e+01,1.981740e+01,1.982437e+01,1.977555e+01,1.975462e+01,1.976858e+01,1.971275e+01,1.985225e+01,1.981042e+01,1.989407e+01,1.975462e+01,1.984528e+01,1.988710e+01,1.987316e+01,1.990103e+01,1.988013e+01,1.988013e+01,1.988710e+01,1.980345e+01,1.979647e+01,1.981042e+01,1.979647e+01,1.978950e+01,1.978950e+01,1.974067e+01,1.962197e+01,1.981740e+01,1.984528e+01,1.981740e+01,1.974764e+01,1.974067e+01,1.981740e+01,1.976160e+01,1.978253e+01,1.991496e+01,1.975462e+01,2.002636e+01,2.018627e+01,2.089929e+01,2.121611e+01,2.116796e+01,2.122298e+01,2.133981e+01,2.133981e+01,2.122298e+01,2.126423e+01,2.121611e+01,2.133294e+01,2.135355e+01,2.126423e+01,2.134668e+01,2.140847e+01,2.122986e+01,2.132607e+01,2.141533e+01,2.140161e+01,2.133981e+01,2.136728e+01,2.130546e+01,2.140847e+01,2.138788e+01,2.128485e+01,2.129859e+01,2.136728e+01,2.129172e+01,2.134668e+01,2.135355e+01,2.129859e+01,2.127110e+01,2.129172e+01,2.136041e+01,2.127110e+01,2.127110e+01,2.131920e+01,2.133981e+01,2.129859e+01,2.131920e+01,2.129172e+01,2.142220e+01,2.142906e+01,2.131233e+01,2.132607e+01,2.130546e+01,2.136041e+01,2.139474e+01,2.122986e+01,2.132607e+01,2.129859e+01,2.132607e+01,2.127110e+01,2.125048e+01,2.125736e+01,2.134668e+01,2.127798e+01,2.131233e+01,2.127798e+01,2.134668e+01,2.123674e+01,2.131920e+01,2.132607e+01,2.129172e+01,2.130546e+01,2.134668e+01,2.136041e+01,2.139474e+01,2.124361e+01,2.133981e+01,2.125048e+01,2.132607e+01,2.125736e+01,2.121611e+01,2.131920e+01,2.127110e+01,2.111291e+01,2.116796e+01,2.122986e+01,2.120235e+01,2.116796e+01,2.131233e+01,2.124361e+01,2.129172e+01,2.129172e+01,2.116796e+01,2.129859e+01,2.116796e+01,2.131233e+01,2.107848e+01,2.116108e+01,2.116108e+01,2.116796e+01,2.118860e+01,2.117484e+01,2.116796e+01,2.118172e+01,2.116796e+01,2.112667e+01,2.122298e+01,2.105094e+01
2.121611e+01,2.121611e+01,2.131233e+01,2.125736e+01,2.126423e+01,2.112667e+01,2.115420e+01,2.131920e+01,2.115420e+01,2.121611e+01,2.123674e+01,2.125736e+01,2.128485e+01,2.134668e+01,2.133294e+01,2.129859e+01,2.125736e+01,2.126423e+01,2.122298e+01,2.129859e+01,2.132607e+01,2.115420e+01,2.123674e+01,2.129172e+01,2.136041e+01,2.124361e+01,2.125048e+01,2.131233e+01,2.122986e+01,2.126423e+01,2.129172e+01,2.128485e+01,2.144964e+01,2.130546e+01,2.127798e+01,2.122986e+01,2.133981e+01,2.118860e+01,2.133294e+01,2.133981e+01,2.128485e+01,2.121611e+01,2.131233e+01,2.131233e+01,2.130546e+01,2.125048e+01,2.136041e+01,2.132607e+01,2.132607e+01,2.138788e+01,2.127110e+01,2.127798e+01,2.126423e+01,2.122986e+01,2.137415e+01,2.142220e+01,2.140161e+01,2.118172e+01,2.128485e+01,2.131920e+01,2.131920e+01,2.126423e+01,2.118860e+01,2.113355e+01,2.095446e+01,2.098893e+01,2.098893e+01,2.110602e+01,2.111291e+01,2.114044e+01,2.113355e+01,2.112667e+01,2.114044e+01,2.114732e+01,2.114044e+01,2.111979e+01,2.114044e+01,2.116108e+01,2.113355e+01,2.099582e+01,2.107160e+01,2.109914e+01,2.104405e+01,2.107848e+01,2.113355e+01,2.110602e+01,2.120235e+01,2.107160e+01,2.116796e+01,2.114732e+01,2.104405e+01,2.117484e+01,2.109914e+01,2.122298e+01,2.124361e+01,2.120235e+01,2.122298e+01,2.142220e+01,2.121611e+01,2.115420e+01,2.116796e+01,2.114044e+01,2.108537e+01,2.103027e+01,2.105782e+01,2.104405e+01,2.102338e+01,2.107160e+01,2.101649e+01,2.098203e+01,2.107848e+01,2.106471e+01,2.109225e+01,2.118172e+01,2.114044e+01,2.095446e+01,2.109225e+01,2.103716e+01,2.100271e+01,2.102338e+01,2.103716e+01,2.102338e+01,2.101649e+01,2.097514e+01,2.095446e+01,2.100271e+01,2.103027e+01,2.103027e+01,2.096825e+01,2.116108e+01,2.115420e+01,2.108537e+01,2.117484e+01,2.119548e+01,2.110602e+01,2.114732e+01,2.129172e+01,2.116796e+01,2.111291e+01,2.122986e+01,2.118172e+01,2.109914e+01,2.122986e+01,2.124361e+01,2.111291e+01,2.112667e+01,2.112667e+01,2.116108e+01,2.112667e+01,2.117484e+01,2.125048e+01,2.124361e+01,2.116796e+01,2.116796e+01,2.118860e+01,2.116108e+01,2.111291e+01,2.100271e+01,2.105782e+01,2.111979e+01,2.111979e+01,2.111291e+01,2.101649e+01,2.103027e+01,2.124361e+01,2.116108e+01,2.100960e+01,2.103716e+01,2.108537e+01,2.118172e+01,2.100271e+01,2.098893e+01,2.098893e+01,2.100960e+01,2.105782e+01,2.096135e+01,2.099582e+01,2.100960e+01,2.102338e+01,2.116796e+01,2.089929e+01,2.112667e+01,2.096825e+01,2.094757e+01,2.098893e+01,2.132607e+01,2.133294e+01,2.138788e+01,2.138788e+01,2.128485e+01,2.138101e+01,2.128485e+01,2.131233e+01,2.136041e+01,2.129172e+01,2.129859e+01,2.128485e+01,2.133981e+01,2.133294e+01,2.131233e+01,2.123674e+01,2.131233e+01,2.131233e+01,2.129859e+01,2.129859e+01,2.127798e+01,2.141533e+01,2.149080e+01,2.132607e+01,2.130546e+01,2.131920e+01,2.133294e+01,2.127110e+01,2.134668e+01,2.133294e+01,2.138101e+01,2.141533e+01,2.135355e+01,2.137415e+01,2.134668e+01,2.136728e+01,2.133981e+01,2.144278e+01,2.124361e+01,2.136041e+01,2.136728e+01,2.134668e+01,2.140161e+01,2.135355e+01,2.149766e+01,2.132607e+01,2.136728e+01,2.136728e+01,2.135355e+01,2.135355e+01,2.125736e+01,2.138788e+01,2.133981e+01,2.137415e+01,2.136041e+01,2.129859e+01,2.127798e+01,2.142220e+01,2.137415e+01,2.146336e+01,2.135355e+01,2.133294e+01,2.131233e+01,2.133294e+01,2.136041e+01,2.133981e+01,2.127798e+01,2.131920e+01,2.132607e+01,2.138788e+01,2.136041e+01,2.138101e+01,2.140161e+01,2.138788e+01,2.142220e+01,2.146336e+01,2.143592e+01,2.147022e+01,2.134668e+01,2.142220e+01,2.142906e+01,2.136041e+01,2.144964e+01,2.143592e+01,2.141533e+01,2.134668e+01,2.134668e+01,2.138101e+01,2.131233e+01,2.133294e+01,2.133294e+01,2.136041e+01,2.132607e+01,2.134668e+01,2.127110e+01,2.139474e+01,2.131920e+01,2.134668e+01,2.129172e+01,2.134668e+01,2.130546e+01,2.139474e+01,2.131920e+01,2.140847e+01,2.133294e+01,2.134668e+01,2.134668e+01,2.133294e+01,2.126423e+01,2.132607e+01,2.132607e+01,2.133294e+01,2.138101e+01,2.136041e+01,2.141533e+01,2.136728e+01,2.136041e+01,2.133981e+01,2.133294e+01,2.127110e+01,2.135355e+01,2.129859e+01,2.125736e+01,2.132607e+01,2.133294e+01,2.138101e+01,2.137415e+01,2.137415e+01,2.124361e+01,2.147708e+01,2.142906e+01,2.142220e+01,2.133294e+01,2.135355e+01,2.135355e+01,2.132607e+01,2.133294e+01,2.134668e+01,2.138101e+01,2.133294e+01,2.134668e+01,2.143592e+01,2.131233e+01,2.132607e+01,2.140161e+01,2.129859e+01,2.138788e+01,2.136041e+01,2.135355e+01,2.127798e+01,2.141533e+01,2.133981e+01,2.139474e+01,2.137415e+01,2.131233e+01,2.133981e+01,2.136728e+01,2.133981e+01,2.127110e+01,2.133981e+01,2.127798e+01,2.126423e+01,2.127110e+01,2.140847e+01,2.128485e+01,2.127110e+01,2.129172e+01,2.127798e+01,2.129172e+01,2.073360e+01,2.033899e+01,2.015153e+01,2.006810e+01,1.990800e+01,1.998460e+01,1.993586e+01,1.983831e+01,1.988710e+01,1.988013e+01,1.992890e+01,1.983831e+01,1.997068e+01,1.994283e+01,1.996371e+01,1.991496e+01,1.997764e+01,1.992890e+01,2.006810e+01,2.005419e+01,1.997764e+01,1.987316e+01,2.001940e+01,1.999852e+01,1.994979e+01,2.004723e+01,2.004723e+01,2.001940e+01,1.993586e+01,2.009591e+01,1.999852e+01,2.020711e+01,2.022100e+01,2.013068e+01,2.017932e+01,2.038753e+01,2.022794e+01,2.022794e+01,2.022794e+01,2.023489e+01,2.023489e+01,2.004723e+01,2.020711e+01,2.011677e+01,2.004723e+01,2.011677e+01,2.010982e+01,2.012372e+01,1.992193e+01,2.001940e+01,1.994283e+01,1.993586e+01,1.999852e+01,2.004027e+01,1.992890e+01,2.010287e+01,1.994979e+01,1.981042e+01,1.988710e+01,1.992890e+01,1.990103e+01,1.990800e+01,1.998460e+01,1.997068e+01,2.033899e+01,2.094067e+01,2.109914e+01,2.119548e+01,2.127110e+01,2.127798e+01,2.120923e+01,2.128485e+01,2.114044e+01,2.122986e+01,2.122986e+01,2.132607e+01,2.125048e+01,2.118860e+01,2.127110e+01,2.127798e+01,2.129172e+01,2.125736e+01,2.127110e+01,2.129172e+01,2.125048e+01,2.122298e+01,2.123674e+01,2.132607e+01,2.131233e+01,2.129172e+01,2.131233e+01,2.129859e+01,2.119548e+01,2.130546e+01,2.122986e+01,2.113355e+01,2.129859e+01,2.116796e+01,2.128485e+01,2.108537e+01,2.044991e+01,1.992890e+01,1.990103e+01,1.986619e+01,1.974764e+01,1.977555e+01,1.978950e+01,1.976160e+01,1.978253e+01,1.978950e+01,1.974764e+01,1.977555e+01,1.980345e+01,1.980345e+01,1.980345e+01,1.982437e+01,1.990800e+01,1.979647e+01,1.992193e+01,1.987316e+01,1.983134e+01,1.978950e+01,1.984528e+01,1.986619e+01,1.988013e+01,1.992193e+01,1.988710e+01,1.990103e+01,1.975462e+01,1.991496e+01,1.983831e+01,1.989407e+01,1.997068e+01,1.995675e+01,1.983134e+01,1.992890e+01,1.991496e+01,1.999156e+01,1.997764e+01,1.985922e+01,1.996371e+01,1.986619e+01,1.995675e+01,1.985922e+01,1.983134e+01,1.988710e+01,1.985922e+01,1.985225e+01,1.986619e+01,1.984528e+01,1.983831e+01,1.975462e+01,1.990103e+01,1.982437e+01,1.982437e+01,1.982437e+01,1.982437e+01,1.998460e+01,1.983831e+01,1.994283e+01,1.977555e+01,1.981042e+01,1.987316e+01,1.996371e+01,1.981740e+01,1.980345e+01,1.989407e+01,1.988710e+01,1.989407e+01,1.983134e+01,1.982437e+01,1.992193e+01,1.982437e+01,1.981740e+01,1.983831e+01,1.983831e+01,1.981740e+01,1.979647e+01,1.990800e+01,1.988013e+01,1.983831e+01,1.972671e+01,1.987316e+01,1.999156e+01,1.994979e+01,2.045684e+01,2.093377e+01,2.118172e+01,2.118860e+01,2.140161e+01,2.131233e+01,2.130546e+01,2.124361e+01,2.127798e+01,2.140161e+01,2.133981e+01,2.139474e+01,2.142906e+01,2.151137e+01,2.127110e+01,2.136728e+01,2.126423e+01,2.128485e+01,2.128485e+01,2.131233e+01,2.138101e+01,2.126423e+01,2.129859e+01,2.136728e+01,2.134668e+01,2.136041e+01,2.138788e+01,2.130546e+01,2.133294e+01,2.136041e+01,2.127798e+01,2.134668e+01,2.136041e+01,2.136041e+01,2.124361e+01,2.129172e+01,2.129172e+01,2.116796e+01,2.131920e+01,2.131920e+01,2.143592e+01,2.129172e+01,2.140161e+01,2.137415e+01,2.137415e+01,2.122298e+01,2.139474e+01,2.133981e+01,2.142220e+01,2.129172e+01,2.137415e+01,2.133981e+01,2.134668e+01,2.129859e+01,2.130546e+01,2.126423e+01,2.125736e+01,2.133981e+01,2.124361e+01,2.125736e+01,2.138788e+01,2.132607e+01,2.131920e+01,2.133981e+01,2.131920e+01,2.122986e+01,2.139474e+01,2.132607e+01,2.121611e+01,2.128485e+01,2.118172e+01,2.133294e+01,2.120235e+01,2.131920e+01,2.132607e+01,2.123674e+01,2.133294e+01,2.133294e+01,2.118860e+01,2.118172e+01,2.122298e+01,2.113355e+01,2.129859e+01,2.118172e+01,2.126423e+01,2.122986e+01,2.115420e+01,2.129859e+01,2.117484e+01,2.120923e+01,2.117484e+01,2.127110e+01,2.118860e+01,2.114732e+01,2.114044e+01,2.135355e+01,2.130546e+01,2.097514e+01,2.122298e+01,2.120923e+01,2.105094e+01
2.121611e+01,2.126423e+01,2.124361e+01,2.127110e+01,2.120235e+01,2.133294e+01,2.113355e+01,2.125048e+01,2.129859e+01,2.123674e+01,2.125736e+01,2.120235e+01,2.127798e+01,2.138101e+01,2.125048e+01,2.127110e+01,2.137415e+01,2.132607e+01,2.125048e+01,2.128485e+01,2.120235e+01,2.125048e+01,2.122298e+01,2.131233e+01,2.131233e+01,2.127798e+01,2.129859e+01,2.127798e+01,2.125048e+01,2.129172e+01,2.120923e+01,2.127110e+01,2.137415e+01,2.134668e+01,2.143592e+01,2.135355e+01,2.133294e+01,2.134668e+01,2.130546e+01,2.133294e+01,2.119548e+01,2.128485e+01,2.131920e+01,2.125736e+01,2.126423e+01,2.129172e+01,2.134668e+01,2.136041e+01,2.128485e+01,2.132607e+01,2.134668e+01,2.134668e+01,2.128485e+01,2.126423e+01,2.138788e+01,2.138101e+01,2.122298e+01,2.128485e+01,2.131920e+01,2.138788e+01,2.129172e+01,2.131233e+01,2.127110e+01,2.111291e+01,2.098893e+01,2.090619e+01,2.104405e+01,2.094067e+01,2.102338e+01,2.103027e+01,2.105782e+01,2.109225e+01,2.110602e+01,2.115420e+01,2.114044e+01,2.095446e+01,2.108537e+01,2.111979e+01,2.114732e+01,2.111291e+01,2.118860e+01,2.108537e+01,2.109225e+01,2.110602e+01,2.112667e+01,2.109914e+01,2.120923e+01,2.112667e+01,2.114732e+01,2.116796e+01,2.118860e+01,2.120235e+01,2.116796e+01,2.142906e+01,2.114044e+01,2.121611e+01,2.144278e+01,2.119548e+01,2.119548e+01,2.112667e+01,2.117484e+01,2.095446e+01,2.098893e+01,2.104405e+01,2.100271e+01,2.103027e+01,2.101649e+01,2.103027e+01,2.099582e+01,2.100960e+01,2.103716e+01,2.114044e+01,2.099582e+01,2.097514e+01,2.093377e+01,2.103027e+01,2.103027e+01,2.096825e+01,2.102338e+01,2.103027e+01,2.099582e+01,2.103027e+01,2.103027e+01,2.102338e+01,2.103716e+01,2.103027e+01,2.101649e+01,2.108537e+01,2.097514e+01,2.107848e+01,2.100271e+01,2.096135e+01,2.098893e+01,2.097514e+01,2.102338e+01,2.112667e+01,2.118172e+01,2.118860e+01,2.108537e+01,2.104405e+01,2.120235e+01,2.120235e+01,2.109225e+01,2.110602e+01,2.116108e+01,2.116796e+01,2.112667e+01,2.109914e+01,2.118172e+01,2.106471e+01,2.107160e+01,2.107848e+01,2.118172e+01,2.105094e+01,2.118172e+01,2.107160e+01,2.111979e+01,2.107848e+01,2.107848e+01,2.114044e+01,2.102338e+01,2.103716e+01,2.105094e+01,2.107160e+01,2.114044e+01,2.106471e+01,2.109225e+01,2.108537e+01,2.114044e+01,2.099582e+01,2.109225e+01,2.103027e+01,2.103716e+01,2.108537e+01,2.105782e+01,2.111291e+01,2.103716e+01,2.103027e+01,2.098203e+01,2.103027e+01,2.109914e+01,2.090619e+01,2.101649e+01,2.101649e+01,2.116108e+01,2.133981e+01,2.133294e+01,2.133981e+01,2.134668e+01,2.131920e+01,2.133294e+01,2.136728e+01,2.129172e+01,2.135355e+01,2.134668e+01,2.129172e+01,2.132607e+01,2.144964e+01,2.130546e+01,2.130546e+01,2.127798e+01,2.127798e+01,2.131233e+01,2.131233e+01,2.141533e+01,2.137415e+01,2.132607e+01,2.144278e+01,2.140847e+01,2.114732e+01,2.135355e+01,2.133981e+01,2.129859e+01,2.131920e+01,2.123674e+01,2.136728e+01,2.136041e+01,2.133981e+01,2.132607e+01,2.138101e+01,2.136728e+01,2.136728e+01,2.134668e+01,2.126423e+01,2.134668e+01,2.142906e+01,2.133981e+01,2.137415e+01,2.137415e+01,2.132607e+01,2.142906e+01,2.133294e+01,2.133294e+01,2.131920e+01,2.136728e+01,2.138788e+01,2.129859e+01,2.126423e+01,2.137415e+01,2.138101e+01,2.140847e+01,2.140847e+01,2.141533e+01,2.142220e+01,2.133981e+01,2.138101e+01,2.138788e+01,2.133981e+01,2.138101e+01,2.138101e+01,2.139474e+01,2.121611e+01,2.134668e+01,2.127110e+01,2.141533e+01,2.140847e+01,2.127798e+01,2.150451e+01,2.142906e+01,2.142906e+01,2.140847e+01,2.127798e+01,2.136728e+01,2.133294e+01,2.137415e+01,2.140161e+01,2.138101e+01,2.139474e+01,2.138101e+01,2.147708e+01,2.151823e+01,2.138101e+01,2.138788e+01,2.135355e+01,2.123674e+01,2.132607e+01,2.136041e+01,2.129172e+01,2.129859e+01,2.133981e+01,2.134668e+01,2.136041e+01,2.144278e+01,2.141533e+01,2.130546e+01,2.130546e+01,2.134668e+01,2.135355e+01,2.133981e+01,2.141533e+01,2.135355e+01,2.131233e+01,2.134668e+01,2.134668e+01,2.127110e+01,2.139474e+01,2.140161e+01,2.139474e+01,2.134668e+01,2.135355e+01,2.138101e+01,2.138788e+01,2.147708e+01,2.144964e+01,2.129859e+01,2.140161e+01,2.138101e+01,2.131920e+01,2.135355e+01,2.137415e+01,2.137415e+01,2.138788e+01,2.138101e+01,2.136041e+01,2.134668e+01,2.135355e+01,2.137415e+01,2.135355e+01,2.136041e+01,2.136728e+01,2.134668e+01,2.133981e+01,2.136728e+01,2.147708e+01,2.133981e+01,2.142906e+01,2.140161e+01,2.130546e+01,2.137415e+01,2.125048e+01,2.139474e+01,2.132607e+01,2.139474e+01,2.139474e+01,2.138788e+01,2.125736e+01,2.138101e+01,2.138788e+01,2.132607e+01,2.131920e+01,2.136041e+01,2.131920e+01,2.136728e+01,2.138101e+01,2.125048e+01,2.127110e+01,2.125736e+01,2.107160e+01,2.131920e+01,2.129172e+01,2.127110e+01,2.135355e+01,2.140161e+01,2.125048e+01,2.108537e+01,2.062990e+01,2.033205e+01,1.997068e+01,2.010982e+01,1.994979e+01,1.997068e+01,1.999852e+01,1.985225e+01,1.986619e+01,1.996371e+01,1.985225e+01,1.995675e+01,1.985922e+01,1.995675e+01,1.997764e+01,2.003332e+01,2.008201e+01,2.007505e+01,2.006114e+01,1.990103e+01,2.004027e+01,2.002636e+01,1.999156e+01,1.999156e+01,2.003332e+01,2.004723e+01,2.010287e+01,2.006114e+01,2.002636e+01,2.010982e+01,2.008896e+01,2.015848e+01,2.021405e+01,2.026266e+01,2.014458e+01,2.034592e+01,2.022100e+01,2.024183e+01,2.033205e+01,2.022100e+01,2.014458e+01,2.020016e+01,2.013068e+01,2.012372e+01,2.013068e+01,2.014458e+01,2.013068e+01,2.010287e+01,2.007505e+01,2.006114e+01,2.004723e+01,2.003332e+01,1.992193e+01,1.993586e+01,1.994283e+01,1.987316e+01,1.985922e+01,1.981740e+01,1.977555e+01,1.992890e+01,1.986619e+01,1.988013e+01,1.996371e+01,2.027654e+01,2.091308e+01,2.113355e+01,2.109225e+01,2.130546e+01,2.124361e+01,2.125048e+01,2.126423e+01,2.118172e+01,2.140161e+01,2.129859e+01,2.116108e+01,2.120235e+01,2.122986e+01,2.129172e+01,2.129859e+01,2.126423e+01,2.127110e+01,2.127798e+01,2.126423e+01,2.148394e+01,2.126423e+01,2.125736e+01,2.130546e+01,2.134668e+01,2.131233e+01,2.124361e+01,2.127798e+01,2.127798e+01,2.127798e+01,2.129859e+01,2.124361e+01,2.115420e+01,2.127798e+01,2.120923e+01,2.074742e+01,2.017237e+01,1.990103e+01,1.974067e+01,1.983134e+01,1.976858e+01,1.972671e+01,1.956606e+01,1.978253e+01,1.981042e+01,1.979647e+01,1.976160e+01,1.976858e+01,1.981740e+01,1.987316e+01,1.980345e+01,1.978950e+01,1.983831e+01,1.981042e+01,1.994283e+01,1.988013e+01,1.985225e+01,1.988013e+01,1.986619e+01,1.985225e+01,1.988710e+01,1.985922e+01,1.988013e+01,1.985922e+01,1.989407e+01,1.992193e+01,1.988710e+01,1.994979e+01,1.985922e+01,1.992890e+01,1.984528e+01,1.997068e+01,1.990103e+01,1.978950e+01,1.988710e+01,1.997068e+01,1.997068e+01,1.994283e+01,1.986619e+01,1.989407e+01,1.996371e+01,1.985225e+01,1.985922e+01,1.987316e+01,1.975462e+01,1.983134e+01,1.982437e+01,1.984528e+01,1.986619e+01,1.981740e+01,1.987316e+01,1.988013e+01,1.967086e+01,1.985922e+01,1.980345e+01,1.980345e+01,1.971973e+01,1.978950e+01,1.986619e+01,1.983134e+01,1.971275e+01,1.999852e+01,1.988710e+01,1.977555e+01,1.983134e+01,1.984528e+01,1.981042e+01,1.977555e+01,1.982437e+01,1.988710e+01,1.985922e+01,1.986619e+01,1.984528e+01,1.980345e+01,1.976160e+01,1.984528e+01,1.988710e+01,1.998460e+01,1.990800e+01,1.997068e+01,2.020711e+01,2.082338e+01,2.119548e+01,2.119548e+01,2.128485e+01,2.119548e+01,2.123674e+01,2.127798e+01,2.121611e+01,2.131233e+01,2.128485e+01,2.120923e+01,2.140847e+01,2.129172e+01,2.131233e+01,2.134668e+01,2.129859e+01,2.133981e+01,2.131920e+01,2.128485e+01,2.126423e+01,2.130546e+01,2.125048e+01,2.128485e+01,2.134668e+01,2.127110e+01,2.131920e+01,2.132607e+01,2.126423e+01,2.129172e+01,2.132607e+01,2.129859e+01,2.133294e+01,2.139474e+01,2.123674e+01,2.111979e+01,2.122986e+01,2.125048e+01,2.133981e+01,2.131920e+01,2.132607e+01,2.125736e+01,2.129859e+01,2.137415e+01,2.106471e+01,2.138101e+01,2.145650e+01,2.133981e+01,2.134668e+01,2.135355e+01,2.122986e+01,2.125736e+01,2.115420e+01,2.125736e+01,2.128485e+01,2.127110e+01,2.125048e+01,2.131920e+01,2.125048e+01,2.132607e+01,2.138788e+01,2.134668e+01,2.111291e+01,2.133294e+01,2.130546e+01,2.135355e+01,2.125048e+01,2.124361e+01,2.123674e+01,2.138101e+01,2.131233e+01,2.125736e+01,2.137415e+01,2.109914e+01,2.133294e+01,2.114732e+01,2.115420e+01,2.111291e+01,2.126423e+01,2.111979e+01,2.117484e+01,2.122986e+01,2.123674e+01,2.125048e+01,2.118172e+01,2.120235e+01,2.125736e+01,2.117484e+01,2.114044e+01,2.112667e+01,2.116796e+01,2.117484e+01,2.118172e+01,2.111979e+01,2.114732e+01,2.136041e+01,2.121611e+01,2.124361e+01,2.124361e+01,2.107160e+01,2.128485e+01,2.105094e+01
2.120235e+01,2.127798e+01,2.123674e+01,2.129172e+01,2.126423e+01,2.127110e+01,2.118860e+01,2.119548e+01,2.116796e+01,2.124361e+01,2.122986e+01,2.123674e+01,2.126423e+01,2.115420e+01,2.127798e+01,2.129859e+01,2.131920e+01,2.129859e+01,2.129859e+01,2.125048e+01,2.123674e+01,2.133294e+01,2.125048e+01,2.116796e+01,2.136728e+01,2.142220e+01,2.122986e+01,2.137415e+01,2.125048e+01,2.131233e+01,2.144278e+01,2.146336e+01,2.125048e+01,2.136728e+01,2.142220e+01,2.132607e+01,2.133294e+01,2.118860e+01,2.136728e+01,2.137415e+01,2.137415e+01,2.136041e+01,2.138788e+01,2.137415e+01,2.130546e+01,2.125048e+01,2.135355e+01,2.136041e+01,2.122986e+01,2.137415e+01,2.142220e+01,2.142906e+01,2.134668e+01,2.142906e+01,2.142220e+01,2.138788e+01,2.138101e+01,2.116108e+01,2.129172e+01,2.133981e+01,2.131920e+01,2.126423e+01,2.131920e+01,2.116796e+01,2.103027e+01,2.096825e+01,2.100271e+01,2.109914e+01,2.100271e+01,2.111979e+01,2.109225e+01,2.111291e+01,2.104405e+01,2.114044e+01,2.111979e+01,2.114044e+01,2.116108e+01,2.100271e+01,2.118860e+01,2.118172e+01,2.122986e+01,2.122986e+01,2.113355e+01,2.105094e+01,2.114044e+01,2.116108e+01,2.118860e+01,2.105782e+01,2.114732e+01,2.119548e+01,2.109914e+01,2.116108e+01,2.138101e+01,2.121611e+01,2.120235e+01,2.122986e+01,2.119548e+01,2.098893e+01,2.105782e+01,2.111979e+01,2.094757e+01,2.087859e+01,2.108537e+01,2.104405e+01,2.107848e+01,2.111979e+01,2.103027e+01,2.100960e+01,2.099582e+01,2.096825e+01,2.098203e+01,2.108537e+01,2.107160e+01,2.103716e+01,2.093377e+01,2.106471e+01,2.098203e+01,2.098893e+01,2.094067e+01,2.099582e+01,2.097514e+01,2.093377e+01,2.102338e+01,2.096135e+01,2.100271e+01,2.095446e+01,2.097514e+01,2.102338e+01,2.100271e+01,2.113355e+01,2.109225e+01,2.098203e+01,2.097514e+01,2.098893e+01,2.097514e+01,2.113355e+01,2.108537e+01,2.109225e+01,2.113355e+01,2.103716e+01,2.106471e+01,2.106471e+01,2.109225e+01,2.109225e+01,2.112667e+01,2.114732e+01,2.114044e+01,2.115420e+01,2.114732e+01,2.106471e+01,2.118172e+01,2.118860e+01,2.111291e+01,2.110602e+01,2.111979e+01,2.113355e+01,2.108537e+01,2.111291e+01,2.105094e+01,2.106471e+01,2.099582e+01,2.111291e+01,2.114044e+01,2.107848e+01,2.107160e+01,2.099582e+01,2.105094e+01,2.108537e+01,2.109225e+01,2.101649e+01,2.102338e+01,2.103716e+01,2.105094e+01,2.105782e+01,2.096135e+01,2.098203e+01,2.095446e+01,2.110602e+01,2.111979e+01,2.108537e+01,2.108537e+01,2.111291e+01,2.100271e+01,2.096825e+01,2.122986e+01,2.128485e+01,2.122298e+01,2.141533e+01,2.135355e+01,2.130546e+01,2.136728e+01,2.129859e+01,2.138788e+01,2.129172e+01,2.127798e+01,2.132607e+01,2.136728e+01,2.132607e+01,2.133981e+01,2.135355e+01,2.131233e+01,2.133294e+01,2.142906e+01,2.133981e+01,2.134668e+01,2.125736e+01,2.136041e+01,2.142906e+01,2.122298e+01,2.133294e+01,2.128485e+01,2.132607e+01,2.135355e+01,2.137415e+01,2.131233e+01,2.129859e+01,2.141533e+01,2.134668e+01,2.136728e+01,2.138101e+01,2.129172e+01,2.133981e+01,2.143592e+01,2.133294e+01,2.128485e+01,2.131920e+01,2.142220e+01,2.135355e+01,2.138101e+01,2.138788e+01,2.143592e+01,2.139474e+01,2.136728e+01,2.140847e+01,2.133981e+01,2.136041e+01,2.135355e+01,2.140847e+01,2.140161e+01,2.135355e+01,2.139474e+01,2.142220e+01,2.116796e+01,2.141533e+01,2.144278e+01,2.143592e+01,2.137415e+01,2.137415e+01,2.138101e+01,2.139474e+01,2.141533e+01,2.142906e+01,2.141533e+01,2.140847e+01,2.138101e+01,2.142220e+01,2.137415e+01,2.140161e+01,2.142906e+01,2.142220e+01,2.151137e+01,2.144278e+01,2.140847e+01,2.142220e+01,2.140847e+01,2.143592e+01,2.140161e+01,2.141533e+01,2.144278e+01,2.138101e+01,2.138101e+01,2.138788e+01,2.136728e+01,2.135355e+01,2.137415e+01,2.136041e+01,2.137415e+01,2.133294e+01,2.136728e+01,2.131920e+01,2.134668e+01,2.133981e+01,2.137415e+01,2.133981e+01,2.148394e+01,2.143592e+01,2.137415e+01,2.140847e+01,2.138101e+01,2.131920e+01,2.141533e+01,2.132607e+01,2.131920e+01,2.139474e+01,2.129172e+01,2.140847e+01,2.140161e+01,2.151137e+01,2.130546e+01,2.129172e+01,2.143592e+01,2.133294e+01,2.133981e+01,2.137415e+01,2.140847e+01,2.130546e+01,2.142906e+01,2.141533e+01,2.133981e+01,2.135355e+01,2.136728e+01,2.137415e+01,2.156621e+01,2.142220e+01,2.130546e+01,2.135355e+01,2.139474e+01,2.140161e+01,2.138101e+01,2.135355e+01,2.140161e+01,2.134668e+01,2.133981e+01,2.136041e+01,2.139474e+01,2.141533e+01,2.129859e+01,2.133294e+01,2.136041e+01,2.129859e+01,2.129859e+01,2.141533e+01,2.129859e+01,2.137415e+01,2.137415e+01,2.140847e+01,2.133981e+01,2.133981e+01,2.134668e+01,2.131233e+01,2.132607e+01,2.133981e+01,2.137415e+01,2.138788e+01,2.132607e+01,2.142220e+01,2.128485e+01,2.127798e+01,2.136728e+01,2.133981e+01,2.137415e+01,2.127110e+01,2.129859e+01,2.140161e+01,2.125048e+01,2.095446e+01,2.037366e+01,2.017932e+01,1.995675e+01,1.999852e+01,1.999852e+01,1.997764e+01,1.991496e+01,1.997068e+01,1.994283e+01,1.994979e+01,1.995675e+01,2.002636e+01,2.004027e+01,1.998460e+01,1.997068e+01,1.997068e+01,1.999852e+01,2.000548e+01,1.994979e+01,1.996371e+01,1.997764e+01,1.997764e+01,1.997068e+01,1.993586e+01,2.004723e+01,1.995675e+01,2.006810e+01,2.010287e+01,1.998460e+01,1.998460e+01,2.013763e+01,2.020016e+01,2.019321e+01,2.021405e+01,2.035980e+01,2.031818e+01,2.031124e+01,2.022794e+01,2.031818e+01,2.025571e+01,2.026266e+01,2.026266e+01,2.011677e+01,2.013068e+01,2.013068e+01,2.010287e+01,2.006810e+01,2.006114e+01,1.996371e+01,2.000548e+01,1.998460e+01,1.992890e+01,1.996371e+01,1.992193e+01,1.997764e+01,1.988013e+01,1.996371e+01,1.990800e+01,1.997764e+01,2.001244e+01,1.992890e+01,1.997068e+01,2.029736e+01,2.068522e+01,2.102338e+01,2.105782e+01,2.125736e+01,2.124361e+01,2.127798e+01,2.121611e+01,2.114044e+01,2.121611e+01,2.121611e+01,2.116796e+01,2.130546e+01,2.122298e+01,2.118172e+01,2.125048e+01,2.125736e+01,2.126423e+01,2.120923e+01,2.127798e+01,2.125048e+01,2.126423e+01,2.127110e+01,2.126423e+01,2.127798e+01,2.130546e+01,2.131233e+01,2.125048e+01,2.119548e+01,2.127798e+01,2.140847e+01,2.115420e+01,2.135355e+01,2.136728e+01,2.109914e+01,2.043605e+01,1.990103e+01,1.985922e+01,1.988013e+01,1.988710e+01,1.976160e+01,1.981740e+01,1.987316e+01,1.975462e+01,1.978253e+01,1.979647e+01,1.983134e+01,1.974764e+01,1.978950e+01,1.981042e+01,1.982437e+01,1.969879e+01,1.982437e+01,1.985225e+01,1.990800e+01,1.981740e+01,1.981042e+01,1.993586e+01,1.977555e+01,1.994979e+01,1.990103e+01,1.998460e+01,1.985922e+01,1.988710e+01,1.992193e+01,1.988013e+01,1.992890e+01,1.980345e+01,1.989407e+01,1.988013e+01,1.990800e+01,1.989407e+01,1.988013e+01,1.974764e+01,2.001244e+01,1.985922e+01,1.992193e+01,1.994979e+01,1.986619e+01,1.994979e+01,1.989407e+01,1.996371e+01,1.985922e+01,1.986619e+01,1.983831e+01,1.986619e+01,1.988710e+01,1.985922e+01,1.989407e+01,1.981042e+01,1.991496e+01,1.982437e+01,1.986619e+01,1.987316e+01,1.976858e+01,1.985225e+01,1.983831e+01,1.985922e+01,1.967785e+01,1.983831e+01,1.990103e+01,1.978950e+01,1.986619e+01,1.978950e+01,1.977555e+01,1.983134e+01,1.990800e+01,1.976160e+01,1.982437e+01,1.983831e+01,1.981740e+01,1.992890e+01,1.988013e+01,1.984528e+01,1.999156e+01,1.991496e+01,1.980345e+01,1.985922e+01,1.995675e+01,2.000548e+01,2.047762e+01,2.106471e+01,2.115420e+01,2.118860e+01,2.128485e+01,2.114732e+01,2.131920e+01,2.126423e+01,2.120923e+01,2.133294e+01,2.131233e+01,2.120235e+01,2.132607e+01,2.136728e+01,2.138101e+01,2.132607e+01,2.132607e+01,2.127110e+01,2.133981e+01,2.138101e+01,2.136728e+01,2.130546e+01,2.124361e+01,2.126423e+01,2.125736e+01,2.128485e+01,2.133294e+01,2.138788e+01,2.129172e+01,2.137415e+01,2.135355e+01,2.133981e+01,2.136728e+01,2.120923e+01,2.125048e+01,2.123674e+01,2.128485e+01,2.133981e+01,2.129172e+01,2.133981e+01,2.131920e+01,2.138788e+01,2.139474e+01,2.134668e+01,2.135355e+01,2.136728e+01,2.134668e+01,2.133294e+01,2.134668e+01,2.130546e+01,2.128485e+01,2.134668e+01,2.129172e+01,2.137415e+01,2.139474e+01,2.123674e+01,2.126423e+01,2.124361e+01,2.136041e+01,2.131233e+01,2.135355e+01,2.131920e+01,2.133981e+01,2.129859e+01,2.128485e+01,2.128485e+01,2.133981e+01,2.133981e+01,2.123674e+01,2.150451e+01,2.125736e+01,2.127110e+01,2.128485e+01,2.124361e+01,2.128485e+01,2.127110e+01,2.136041e+01,2.128485e+01,2.130546e+01,2.115420e+01,2.116108e+01,2.138101e+01,2.120923e+01,2.122986e+01,2.119548e+01,2.125048e+01,2.103716e+01,2.103027e+01,2.115420e+01,2.118860e+01,2.114044e+01,2.114732e+01,2.114732e+01,2.106471e+01,2.112667e+01,2.116796e+01,2.118172e+01,2.137415e+01,2.122298e+01,2.111291e+01,2.106471e+01,2.107160e+01
2.122298e+01,2.124361e+01,2.124361e+01,2.121611e+01,2.125736e+01,2.122986e+01,2.129172e+01,2.128485e+01,2.114732e+01,2.144278e+01,2.128485e+01,2.121611e+01,2.129172e+01,2.127110e+01,2.116796e+01,2.125048e+01,2.130546e+01,2.127798e+01,2.128485e+01,2.131920e+01,2.125736e+01,2.119548e+01,2.120235e+01,2.130546e+01,2.125048e+01,2.121611e+01,2.139474e+01,2.122986e+01,2.127798e+01,2.122298e+01,2.123674e+01,2.124361e+01,2.140161e+01,2.127798e+01,2.138101e+01,2.131233e+01,2.131233e+01,2.138788e+01,2.131920e+01,2.127798e+01,2.133294e+01,2.136728e+01,2.138101e+01,2.136728e+01,2.123674e+01,2.138101e+01,2.137415e+01,2.135355e+01,2.139474e+01,2.135355e+01,2.130546e+01,2.123674e+01,2.136041e+01,2.133294e+01,2.142220e+01,2.138788e+01,2.136728e+01,2.137415e+01,2.138101e+01,2.130546e+01,2.131920e+01,2.129859e+01,2.127798e+01,2.106471e+01,2.107848e+01,2.091308e+01,2.098203e+01,2.087169e+01,2.102338e+01,2.096825e+01,2.107848e+01,2.100271e+01,2.103716e+01,2.117484e+01,2.104405e+01,2.107848e+01,2.121611e+01,2.107848e+01,2.111979e+01,2.126423e+01,2.109225e+01,2.112667e+01,2.109225e+01,2.106471e+01,2.124361e+01,2.113355e+01,2.115420e+01,2.121611e+01,2.116108e+01,2.129172e+01,2.116108e+01,2.121611e+01,2.127798e+01,2.117484e+01,2.119548e+01,2.114044e+01,2.111291e+01,2.113355e+01,2.105094e+01,2.109225e+01,2.109225e+01,2.109914e+01,2.100271e+01,2.102338e+01,2.103716e+01,2.104405e+01,2.100960e+01,2.100271e+01,2.100960e+01,2.100271e+01,2.096135e+01,2.102338e+01,2.105782e+01,2.096135e+01,2.098893e+01,2.092688e+01,2.098203e+01,2.094757e+01,2.098893e+01,2.096135e+01,2.100271e+01,2.095446e+01,2.092688e+01,2.107848e+01,2.105094e+01,2.094067e+01,2.100960e+01,2.100960e+01,2.103027e+01,2.100271e+01,2.098893e+01,2.097514e+01,2.113355e+01,2.092688e+01,2.113355e+01,2.108537e+01,2.107848e+01,2.107160e+01,2.107848e+01,2.105094e+01,2.107160e+01,2.120235e+01,2.103716e+01,2.118172e+01,2.109225e+01,2.113355e+01,2.111979e+01,2.110602e+01,2.109914e+01,2.111291e+01,2.095446e+01,2.116796e+01,2.114044e+01,2.111979e+01,2.114732e+01,2.112667e+01,2.110602e+01,2.101649e+01,2.103027e+01,2.095446e+01,2.104405e+01,2.100960e+01,2.109225e+01,2.106471e+01,2.107160e+01,2.105782e+01,2.100960e+01,2.101649e+01,2.100960e+01,2.099582e+01,2.103716e+01,2.105782e+01,2.103716e+01,2.094067e+01,2.107160e+01,2.098893e+01,2.105094e+01,2.111291e+01,2.112667e+01,2.111979e+01,2.109914e+01,2.108537e+01,2.108537e+01,2.129859e+01,2.128485e+01,2.126423e+01,2.138101e+01,2.123674e+01,2.133294e+01,2.142906e+01,2.142906e+01,2.138788e+01,2.128485e+01,2.129859e+01,2.137415e+01,2.131920e+01,2.132607e+01,2.132607e+01,2.133981e+01,2.130546e+01,2.130546e+01,2.118860e+01,2.131233e+01,2.140847e+01,2.132607e+01,2.130546e+01,2.127110e+01,2.127798e+01,2.141533e+01,2.131920e+01,2.126423e+01,2.138788e+01,2.124361e+01,2.134668e+01,2.131920e+01,2.129172e+01,2.135355e+01,2.132607e+01,2.128485e+01,2.136728e+01,2.130546e+01,2.135355e+01,2.131233e+01,2.142906e+01,2.144278e+01,2.142906e+01,2.135355e+01,2.138101e+01,2.139474e+01,2.136728e+01,2.138788e+01,2.135355e+01,2.135355e+01,2.141533e+01,2.136728e+01,2.134668e+01,2.141533e+01,2.139474e+01,2.136728e+01,2.140161e+01,2.138101e+01,2.142906e+01,2.149766e+01,2.135355e+01,2.143592e+01,2.136728e+01,2.136728e+01,2.136728e+01,2.140161e+01,2.144278e+01,2.139474e+01,2.145650e+01,2.138788e+01,2.135355e+01,2.136728e+01,2.140847e+01,2.137415e+01,2.140161e+01,2.137415e+01,2.136728e+01,2.148394e+01,2.140847e+01,2.142906e+01,2.138788e+01,2.141533e+01,2.135355e+01,2.133981e+01,2.144278e+01,2.139474e+01,2.138101e+01,2.132607e+01,2.122986e+01,2.135355e+01,2.133294e+01,2.136728e+01,2.128485e+01,2.131233e+01,2.133981e+01,2.139474e+01,2.127798e+01,2.133981e+01,2.131233e+01,2.140161e+01,2.132607e+01,2.131920e+01,2.134668e+01,2.149080e+01,2.144964e+01,2.135355e+01,2.142220e+01,2.137415e+01,2.148394e+01,2.136041e+01,2.133294e+01,2.138788e+01,2.137415e+01,2.131920e+01,2.146336e+01,2.129172e+01,2.129859e+01,2.142906e+01,2.140161e+01,2.133294e+01,2.137415e+01,2.125736e+01,2.129859e+01,2.125736e+01,2.130546e+01,2.133294e+01,2.137415e+01,2.138101e+01,2.140161e+01,2.137415e+01,2.138101e+01,2.133981e+01,2.138788e+01,2.138101e+01,2.137415e+01,2.136728e+01,2.141533e+01,2.142906e+01,2.140847e+01,2.143592e+01,2.136041e+01,2.138788e+01,2.133981e+01,2.141533e+01,2.125048e+01,2.140161e+01,2.134668e+01,2.133294e+01,2.133294e+01,2.130546e+01,2.134668e+01,2.124361e+01,2.147022e+01,2.134668e+01,2.136728e+01,2.137415e+01,2.136728e+01,2.140847e+01,2.136041e+01,2.136728e+01,2.142220e+01,2.131920e+01,2.138788e+01,2.130546e+01,2.129859e+01,2.135355e+01,2.134668e+01,2.138101e+01,2.128485e+01,2.132607e+01,2.131233e+01,2.133294e+01,2.120235e+01,2.057456e+01,2.038060e+01,2.008201e+01,1.994979e+01,1.991496e+01,1.999156e+01,1.982437e+01,1.994283e+01,1.999852e+01,1.994979e+01,1.996371e+01,1.988013e+01,1.996371e+01,1.999156e+01,2.006114e+01,1.996371e+01,2.005419e+01,1.999156e+01,2.000548e+01,2.004027e+01,1.997068e+01,1.998460e+01,1.997764e+01,2.002636e+01,2.004027e+01,2.001940e+01,1.999156e+01,2.010287e+01,1.997764e+01,2.008201e+01,2.015153e+01,2.019321e+01,2.018627e+01,2.021405e+01,2.027654e+01,2.020016e+01,2.033205e+01,2.026960e+01,2.026266e+01,2.027654e+01,2.026266e+01,2.016542e+01,2.015153e+01,2.013068e+01,2.012372e+01,2.008896e+01,2.008201e+01,2.007505e+01,2.015848e+01,1.999156e+01,1.992193e+01,2.002636e+01,1.996371e+01,1.994283e+01,1.986619e+01,1.994283e+01,1.987316e+01,1.987316e+01,1.981740e+01,1.985225e+01,1.988710e+01,1.990103e+01,1.988710e+01,2.049148e+01,2.109225e+01,2.119548e+01,2.127110e+01,2.132607e+01,2.134668e+01,2.115420e+01,2.132607e+01,2.116108e+01,2.121611e+01,2.132607e+01,2.143592e+01,2.130546e+01,2.128485e+01,2.126423e+01,2.126423e+01,2.125736e+01,2.122298e+01,2.122298e+01,2.127798e+01,2.127110e+01,2.127798e+01,2.127798e+01,2.131920e+01,2.122298e+01,2.120923e+01,2.128485e+01,2.130546e+01,2.116108e+01,2.114732e+01,2.115420e+01,2.129859e+01,2.112667e+01,2.075432e+01,2.018627e+01,1.990103e+01,1.986619e+01,1.976858e+01,1.976858e+01,1.981042e+01,1.978253e+01,1.980345e+01,1.978253e+01,1.963594e+01,1.979647e+01,1.979647e+01,1.981042e+01,1.980345e+01,1.971275e+01,1.986619e+01,1.984528e+01,1.994283e+01,1.993586e+01,1.986619e+01,1.991496e+01,1.997764e+01,1.997764e+01,1.980345e+01,1.987316e+01,1.985225e+01,1.986619e+01,1.988013e+01,1.987316e+01,1.988710e+01,1.989407e+01,2.002636e+01,1.992193e+01,1.986619e+01,1.985922e+01,1.983134e+01,1.994283e+01,1.978950e+01,1.998460e+01,1.976858e+01,1.992193e+01,1.983134e+01,1.989407e+01,1.999852e+01,1.999156e+01,1.987316e+01,1.987316e+01,1.989407e+01,1.996371e+01,1.994283e+01,1.988710e+01,1.983831e+01,1.986619e+01,1.986619e+01,1.982437e+01,1.988710e+01,1.978950e+01,1.977555e+01,1.983134e+01,1.988013e+01,1.988710e+01,1.988013e+01,1.975462e+01,1.983831e+01,1.981042e+01,1.973369e+01,1.970577e+01,1.984528e+01,1.985225e+01,1.982437e+01,1.984528e+01,1.976858e+01,1.978253e+01,1.986619e+01,1.985922e+01,1.982437e+01,1.986619e+01,1.981042e+01,1.978950e+01,1.994979e+01,1.982437e+01,2.003332e+01,1.982437e+01,1.995675e+01,2.018627e+01,2.088549e+01,2.105782e+01,2.121611e+01,2.125048e+01,2.124361e+01,2.128485e+01,2.127798e+01,2.121611e+01,2.123674e+01,2.136728e+01,2.118860e+01,2.122986e+01,2.140161e+01,2.125048e+01,2.129859e+01,2.125048e+01,2.131233e+01,2.131920e+01,2.131233e+01,2.129859e+01,2.132607e+01,2.133981e+01,2.125736e+01,2.125048e+01,2.129859e+01,2.129859e+01,2.137415e+01,2.128485e+01,2.135355e+01,2.127110e+01,2.124361e+01,2.128485e+01,2.131920e+01,2.133294e+01,2.135355e+01,2.135355e+01,2.127110e+01,2.125736e+01,2.127110e+01,2.138101e+01,2.140847e+01,2.133981e+01,2.125048e+01,2.140847e+01,2.125736e+01,2.125736e+01,2.137415e+01,2.133981e+01,2.129859e+01,2.125048e+01,2.135355e+01,2.136728e+01,2.126423e+01,2.129172e+01,2.125736e+01,2.122298e+01,2.124361e+01,2.121611e+01,2.111979e+01,2.139474e+01,2.137415e+01,2.131233e+01,2.129172e+01,2.116108e+01,2.129859e+01,2.133294e+01,2.125736e+01,2.141533e+01,2.124361e+01,2.138788e+01,2.127110e+01,2.135355e+01,2.125736e+01,2.129172e+01,2.122986e+01,2.121611e+01,2.134668e+01,2.116796e+01,2.135355e+01,2.114732e+01,2.117484e+01,2.133981e+01,2.120923e+01,2.112667e+01,2.119548e+01,2.123674e+01,2.123674e+01,2.114044e+01,2.111291e+01,2.120235e+01,2.116796e+01,2.116796e+01,2.114044e+01,2.116108e+01,2.111979e+01,2.111979e+01,2.121611e+01,2.120923e+01,2.113355e+01,2.107848e+01,2.109225e+01,2.113355e+01
2.121611e+01,2.125736e+01,2.122986e+01,2.128485e+01,2.125736e+01,2.130546e+01,2.133981e+01,2.130546e+01,2.122298e+01,2.111291e+01,2.132607e+01,2.131233e+01,2.127110e+01,2.127110e+01,2.130546e+01,2.131233e+01,2.133294e+01,2.132607e+01,2.129172e+01,2.129172e+01,2.131233e+01,2.136041e+01,2.137415e+01,2.136728e+01,2.138101e+01,2.121611e+01,2.125048e+01,2.122298e+01,2.120923e+01,2.122298e+01,2.119548e+01,2.130546e+01,2.131233e+01,2.131920e+01,2.134668e+01,2.137415e+01,2.141533e+01,2.138788e+01,2.133981e+01,2.118172e+01,2.136728e+01,2.138101e+01,2.137415e+01,2.137415e+01,2.141533e+01,2.124361e+01,2.127798e+01,2.124361e+01,2.138788e+01,2.137415e+01,2.140847e+01,2.142220e+01,2.136728e+01,2.140161e+01,2.142220e+01,2.125048e+01,2.134668e+01,2.138101e+01,2.138788e+01,2.135355e+01,2.139474e+01,2.126423e+01,2.132607e+01,2.100271e+01,2.101649e+01,2.103027e+01,2.097514e+01,2.106471e+01,2.088549e+01,2.097514e+01,2.102338e+01,2.107160e+01,2.105782e+01,2.116796e+01,2.101649e+01,2.111979e+01,2.101649e+01,2.114044e+01,2.112667e+01,2.120923e+01,2.116108e+01,2.118172e+01,2.118860e+01,2.105094e+01,2.106471e+01,2.115420e+01,2.110602e+01,2.120235e+01,2.114732e+01,2.124361e+01,2.120923e+01,2.112667e+01,2.111291e+01,2.115420e+01,2.108537e+01,2.105782e+01,2.107848e+01,2.094067e+01,2.103716e+01,2.105782e+01,2.104405e+01,2.084409e+01,2.089239e+01,2.100960e+01,2.102338e+01,2.100271e+01,2.114044e+01,2.102338e+01,2.106471e+01,2.099582e+01,2.097514e+01,2.094757e+01,2.096825e+01,2.096825e+01,2.105782e+01,2.103716e+01,2.102338e+01,2.096825e+01,2.099582e+01,2.099582e+01,2.100271e+01,2.100960e+01,2.102338e+01,2.104405e+01,2.104405e+01,2.089239e+01,2.108537e+01,2.100960e+01,2.108537e+01,2.114044e+01,2.099582e+01,2.103716e+01,2.115420e+01,2.096135e+01,2.115420e+01,2.094067e+01,2.115420e+01,2.111979e+01,2.111291e+01,2.116108e+01,2.122986e+01,2.116108e+01,2.106471e+01,2.118860e+01,2.116108e+01,2.123674e+01,2.124361e+01,2.125048e+01,2.115420e+01,2.112667e+01,2.107160e+01,2.101649e+01,2.112667e+01,2.107160e+01,2.109225e+01,2.110602e+01,2.107848e+01,2.106471e+01,2.096825e+01,2.122986e+01,2.101649e+01,2.105782e+01,2.110602e+01,2.111291e+01,2.112667e+01,2.109225e+01,2.113355e+01,2.103716e+01,2.102338e+01,2.120235e+01,2.106471e+01,2.104405e+01,2.107160e+01,2.107160e+01,2.118860e+01,2.129859e+01,2.120235e+01,2.127110e+01,2.136728e+01,2.134668e+01,2.127110e+01,2.136728e+01,2.134668e+01,2.136728e+01,2.139474e+01,2.135355e+01,2.142906e+01,2.137415e+01,2.141533e+01,2.133981e+01,2.129172e+01,2.131920e+01,2.128485e+01,2.140161e+01,2.141533e+01,2.135355e+01,2.129172e+01,2.131233e+01,2.136041e+01,2.132607e+01,2.141533e+01,2.132607e+01,2.131233e+01,2.131920e+01,2.139474e+01,2.138788e+01,2.143592e+01,2.129859e+01,2.127110e+01,2.140847e+01,2.128485e+01,2.134668e+01,2.133981e+01,2.128485e+01,2.128485e+01,2.135355e+01,2.136728e+01,2.129859e+01,2.139474e+01,2.130546e+01,2.133981e+01,2.132607e+01,2.136041e+01,2.146336e+01,2.131920e+01,2.129172e+01,2.138101e+01,2.129172e+01,2.133294e+01,2.138788e+01,2.133981e+01,2.146336e+01,2.145650e+01,2.133981e+01,2.132607e+01,2.134668e+01,2.143592e+01,2.133981e+01,2.143592e+01,2.138788e+01,2.138788e+01,2.140161e+01,2.123674e+01,2.141533e+01,2.140161e+01,2.137415e+01,2.136041e+01,2.140161e+01,2.142220e+01,2.140161e+01,2.142220e+01,2.141533e+01,2.142906e+01,2.129172e+01,2.139474e+01,2.138101e+01,2.147022e+01,2.142220e+01,2.144964e+01,2.144964e+01,2.144964e+01,2.136728e+01,2.142220e+01,2.139474e+01,2.139474e+01,2.139474e+01,2.141533e+01,2.147708e+01,2.136041e+01,2.133981e+01,2.138101e+01,2.139474e+01,2.138788e+01,2.137415e+01,2.138101e+01,2.139474e+01,2.137415e+01,2.139474e+01,2.136728e+01,2.129859e+01,2.139474e+01,2.126423e+01,2.140161e+01,2.135355e+01,2.130546e+01,2.131233e+01,2.132607e+01,2.144278e+01,2.134668e+01,2.133981e+01,2.136041e+01,2.135355e+01,2.142220e+01,2.134668e+01,2.140847e+01,2.132607e+01,2.131233e+01,2.131233e+01,2.133294e+01,2.129859e+01,2.148394e+01,2.139474e+01,2.136728e+01,2.121611e+01,2.136728e+01,2.131920e+01,2.138101e+01,2.130546e+01,2.133981e+01,2.135355e+01,2.137415e+01,2.140161e+01,2.137415e+01,2.137415e+01,2.129172e+01,2.133294e+01,2.135355e+01,2.133981e+01,2.141533e+01,2.136041e+01,2.139474e+01,2.141533e+01,2.133981e+01,2.142220e+01,2.134668e+01,2.136728e+01,2.135355e+01,2.132607e+01,2.136041e+01,2.136728e+01,2.138101e+01,2.129859e+01,2.130546e+01,2.144278e+01,2.137415e+01,2.147708e+01,2.134668e+01,2.136041e+01,2.135355e+01,2.133294e+01,2.132607e+01,2.138788e+01,2.139474e+01,2.129859e+01,2.141533e+01,2.136041e+01,2.143592e+01,2.144964e+01,2.132607e+01,2.126423e+01,2.125736e+01,2.132607e+01,2.133981e+01,2.137415e+01,2.128485e+01,2.125048e+01,2.107160e+01,2.048455e+01,1.994283e+01,2.011677e+01,1.994283e+01,1.989407e+01,1.992890e+01,1.988710e+01,1.994979e+01,1.988013e+01,1.994283e+01,1.990800e+01,1.994979e+01,1.991496e+01,1.996371e+01,1.990103e+01,2.006114e+01,2.002636e+01,2.006114e+01,1.997068e+01,1.997764e+01,1.992193e+01,1.995675e+01,2.007505e+01,2.003332e+01,2.001940e+01,2.001244e+01,1.999156e+01,1.997764e+01,2.020711e+01,2.010287e+01,2.015153e+01,2.022100e+01,2.022794e+01,2.031124e+01,2.023489e+01,2.031818e+01,2.021405e+01,2.029042e+01,2.030430e+01,2.020016e+01,2.020711e+01,2.017237e+01,2.024877e+01,2.013068e+01,2.002636e+01,1.999852e+01,2.008201e+01,2.004027e+01,1.998460e+01,1.994979e+01,2.002636e+01,1.994283e+01,1.991496e+01,1.997068e+01,1.995675e+01,1.985922e+01,1.986619e+01,1.995675e+01,1.986619e+01,1.986619e+01,1.990800e+01,1.996371e+01,2.024183e+01,2.111979e+01,2.119548e+01,2.125736e+01,2.118860e+01,2.133981e+01,2.136728e+01,2.136728e+01,2.124361e+01,2.120923e+01,2.114044e+01,2.120923e+01,2.120923e+01,2.126423e+01,2.119548e+01,2.144964e+01,2.128485e+01,2.125048e+01,2.125736e+01,2.127110e+01,2.118860e+01,2.125736e+01,2.138101e+01,2.127110e+01,2.129859e+01,2.140161e+01,2.125736e+01,2.127798e+01,2.120923e+01,2.126423e+01,2.116108e+01,2.120235e+01,2.111291e+01,2.040833e+01,1.990103e+01,1.980345e+01,1.981740e+01,1.977555e+01,1.983831e+01,1.983134e+01,1.981740e+01,1.980345e+01,1.974067e+01,1.975462e+01,1.981042e+01,1.979647e+01,1.981042e+01,1.976858e+01,1.976858e+01,1.976858e+01,1.983831e+01,1.987316e+01,1.986619e+01,1.990800e+01,1.985225e+01,1.983831e+01,1.988710e+01,1.985225e+01,2.003332e+01,1.997068e+01,2.003332e+01,1.987316e+01,1.990800e+01,1.991496e+01,1.988710e+01,1.992193e+01,1.998460e+01,1.999156e+01,1.999156e+01,1.984528e+01,1.983831e+01,1.984528e+01,1.981740e+01,1.999852e+01,1.993586e+01,1.994979e+01,1.990103e+01,1.988710e+01,1.981740e+01,1.981042e+01,1.991496e+01,1.984528e+01,1.988013e+01,1.988710e+01,1.984528e+01,1.985225e+01,1.985225e+01,1.990103e+01,1.988013e+01,1.978950e+01,1.983831e+01,1.986619e+01,1.981740e+01,1.980345e+01,1.980345e+01,1.982437e+01,1.988710e+01,1.987316e+01,1.982437e+01,1.971275e+01,1.981042e+01,1.985922e+01,1.983134e+01,1.978950e+01,1.972671e+01,1.983134e+01,1.981740e+01,1.984528e+01,1.988710e+01,1.980345e+01,1.984528e+01,1.978253e+01,1.985225e+01,1.976858e+01,1.981042e+01,2.002636e+01,1.992193e+01,1.999156e+01,2.049840e+01,2.095446e+01,2.119548e+01,2.116108e+01,2.129172e+01,2.117484e+01,2.122986e+01,2.131233e+01,2.117484e+01,2.127110e+01,2.142220e+01,2.129859e+01,2.142220e+01,2.127798e+01,2.140161e+01,2.125048e+01,2.125048e+01,2.125048e+01,2.127798e+01,2.125736e+01,2.131920e+01,2.134668e+01,2.123674e+01,2.125048e+01,2.133294e+01,2.132607e+01,2.127798e+01,2.122986e+01,2.137415e+01,2.141533e+01,2.136041e+01,2.126423e+01,2.135355e+01,2.125736e+01,2.131233e+01,2.129859e+01,2.122298e+01,2.127798e+01,2.129172e+01,2.131920e+01,2.125736e+01,2.125736e+01,2.125048e+01,2.129859e+01,2.138101e+01,2.129859e+01,2.132607e+01,2.133981e+01,2.126423e+01,2.133981e+01,2.136728e+01,2.134668e+01,2.137415e+01,2.114732e+01,2.135355e+01,2.140847e+01,2.122986e+01,2.119548e+01,2.109225e+01,2.125048e+01,2.113355e+01,2.131233e+01,2.127110e+01,2.129859e+01,2.130546e+01,2.119548e+01,2.114044e+01,2.127110e+01,2.116796e+01,2.123674e+01,2.127110e+01,2.127798e+01,2.127110e+01,2.126423e+01,2.119548e+01,2.124361e+01,2.120235e+01,2.117484e+01,2.131233e+01,2.123674e+01,2.121611e+01,2.120923e+01,2.128485e+01,2.108537e+01,2.120923e+01,2.105782e+01,2.111291e+01,2.114044e+01,2.113355e+01,2.117484e+01,2.110602e+01,2.109225e+01,2.117484e+01,2.111291e+01,2.100960e+01,2.116796e+01,2.101649e+01,2.117484e+01,2.127798e+01,2.129172e+01,2.117484e+01,2.114044e+01,2.110602e+01
2.121611e+01,2.122298e+01,2.122298e+01,2.130546e+01,2.126423e+01,2.138788e+01,2.121611e+01,2.120923e+01,2.111979e+01,2.116108e+01,2.134668e+01,2.131233e+01,2.129172e+01,2.133294e+01,2.131920e+01,2.132607e+01,2.131233e+01,2.131920e+01,2.134668e+01,2.127110e+01,2.127110e+01,2.117484e+01,2.127110e+01,2.128485e+01,2.125048e+01,2.123674e+01,2.137415e+01,2.136728e+01,2.121611e+01,2.125048e+01,2.139474e+01,2.129859e+01,2.131233e+01,2.112667e+01,2.133294e+01,2.141533e+01,2.142220e+01,2.135355e+01,2.127798e+01,2.131920e+01,2.134668e+01,2.122986e+01,2.139474e+01,2.142220e+01,2.136041e+01,2.125048e+01,2.143592e+01,2.124361e+01,2.127110e+01,2.122298e+01,2.123674e+01,2.141533e+01,2.130546e+01,2.138101e+01,2.132607e+01,2.140847e+01,2.129172e+01,2.138101e+01,2.140161e+01,2.140161e+01,2.137415e+01,2.130546e+01,2.127798e+01,2.110602e+01,2.103027e+01,2.084409e+01,2.095446e+01,2.099582e+01,2.107848e+01,2.100960e+01,2.111291e+01,2.100960e+01,2.101649e+01,2.114732e+01,2.097514e+01,2.104405e+01,2.111979e+01,2.108537e+01,2.119548e+01,2.119548e+01,2.109914e+01,2.105782e+01,2.108537e+01,2.108537e+01,2.100960e+01,2.095446e+01,2.112667e+01,2.102338e+01,2.115420e+01,2.105094e+01,2.099582e+01,2.108537e+01,2.114732e+01,2.114732e+01,2.105782e+01,2.109914e+01,2.097514e+01,2.109914e+01,2.098203e+01,2.114732e+01,2.103027e+01,2.105782e+01,2.100271e+01,2.098203e+01,2.113355e+01,2.105094e+01,2.109225e+01,2.114044e+01,2.105782e+01,2.114732e+01,2.105782e+01,2.096135e+01,2.098893e+01,2.094757e+01,2.099582e+01,2.100960e+01,2.100271e+01,2.095446e+01,2.103027e+01,2.099582e+01,2.122298e+01,2.098203e+01,2.116108e+01,2.108537e+01,2.103027e+01,2.116108e+01,2.118860e+01,2.125048e+01,2.126423e+01,2.129859e+01,2.111291e+01,2.127110e+01,2.119548e+01,2.117484e+01,2.127798e+01,2.133981e+01,2.130546e+01,2.131233e+01,2.129859e+01,2.125736e+01,2.117484e+01,2.131233e+01,2.124361e+01,2.140161e+01,2.139474e+01,2.124361e+01,2.131233e+01,2.138788e+01,2.146336e+01,2.131920e+01,2.127110e+01,2.120923e+01,2.122986e+01,2.119548e+01,2.105094e+01,2.122298e+01,2.114732e+01,2.112667e+01,2.126423e+01,2.105782e+01,2.120923e+01,2.110602e+01,2.109914e+01,2.121611e+01,2.112667e+01,2.113355e+01,2.120923e+01,2.109914e+01,2.122986e+01,2.125048e+01,2.126423e+01,2.126423e+01,2.129172e+01,2.141533e+01,2.131920e+01,2.140161e+01,2.142906e+01,2.138101e+01,2.138788e+01,2.133294e+01,2.141533e+01,2.136728e+01,2.133981e+01,2.133981e+01,2.135355e+01,2.146336e+01,2.138101e+01,2.144278e+01,2.129859e+01,2.142220e+01,2.135355e+01,2.145650e+01,2.144278e+01,2.144278e+01,2.144278e+01,2.141533e+01,2.133294e+01,2.129859e+01,2.130546e+01,2.135355e+01,2.130546e+01,2.127110e+01,2.136041e+01,2.132607e+01,2.129859e+01,2.138101e+01,2.133981e+01,2.131920e+01,2.129859e+01,2.122986e+01,2.127110e+01,2.132607e+01,2.133294e+01,2.132607e+01,2.136728e+01,2.138101e+01,2.143592e+01,2.129172e+01,2.131920e+01,2.126423e+01,2.129172e+01,2.132607e+01,2.135355e+01,2.139474e+01,2.140161e+01,2.136041e+01,2.142220e+01,2.140161e+01,2.136728e+01,2.139474e+01,2.135355e+01,2.136041e+01,2.133981e+01,2.134668e+01,2.136728e+01,2.136041e+01,2.133981e+01,2.137415e+01,2.138788e+01,2.138101e+01,2.140847e+01,2.140847e+01,2.151137e+01,2.136041e+01,2.144278e+01,2.135355e+01,2.138101e+01,2.138101e+01,2.140847e+01,2.147708e+01,2.141533e+01,2.146336e+01,2.136728e+01,2.131233e+01,2.137415e+01,2.138788e+01,2.143592e+01,2.138788e+01,2.147022e+01,2.140847e+01,2.151823e+01,2.142906e+01,2.141533e+01,2.140847e+01,2.135355e+01,2.139474e+01,2.140161e+01,2.133981e+01,2.136041e+01,2.147022e+01,2.136728e+01,2.138788e+01,2.149080e+01,2.140847e+01,2.138788e+01,2.139474e+01,2.138788e+01,2.131920e+01,2.145650e+01,2.139474e+01,2.140847e+01,2.127110e+01,2.132607e+01,2.131920e+01,2.131920e+01,2.132607e+01,2.131920e+01,2.131233e+01,2.137415e+01,2.133981e+01,2.133981e+01,2.146336e+01,2.134668e+01,2.131920e+01,2.133294e+01,2.133981e+01,2.143592e+01,2.138788e+01,2.138101e+01,2.133294e+01,2.131920e+01,2.127110e+01,2.132607e+01,2.135355e+01,2.127798e+01,2.129859e+01,2.131233e+01,2.127110e+01,2.131233e+01,2.136041e+01,2.138101e+01,2.136041e+01,2.134668e+01,2.137415e+01,2.136728e+01,2.129172e+01,2.132607e+01,2.138788e+01,2.139474e+01,2.133294e+01,2.139474e+01,2.133981e+01,2.142220e+01,2.140847e+01,2.137415e+01,2.133294e+01,2.133294e+01,2.134668e+01,2.127110e+01,2.134668e+01,2.129859e+01,2.133981e+01,2.134668e+01,2.130546e+01,2.133294e+01,2.127110e+01,2.133294e+01,2.133294e+01,2.132607e+01,2.132607e+01,2.133981e+01,2.136041e+01,2.136728e+01,2.141533e+01,2.133294e+01,2.140161e+01,2.118172e+01,2.133294e+01,2.138101e+01,2.130546e+01,2.133294e+01,2.136041e+01,2.130546e+01,2.140161e+01,2.131233e+01,2.128485e+01,2.125736e+01,2.079576e+01,2.036673e+01,2.002636e+01,1.999156e+01,2.006114e+01,1.997764e+01,1.993586e+01,1.997068e+01,1.989407e+01,1.992890e+01,1.996371e+01,1.999156e+01,1.994283e+01,2.002636e+01,1.992890e+01,1.999852e+01,1.999852e+01,1.997068e+01,2.000548e+01,2.002636e+01,1.996371e+01,1.995675e+01,1.990103e+01,2.001940e+01,2.000548e+01,2.003332e+01,2.018627e+01,1.997764e+01,2.019321e+01,2.008896e+01,2.013068e+01,2.018627e+01,2.024877e+01,2.019321e+01,2.024877e+01,2.030430e+01,2.026266e+01,2.026960e+01,2.026266e+01,2.020711e+01,2.017932e+01,2.014458e+01,2.011677e+01,2.011677e+01,2.003332e+01,2.001940e+01,2.005419e+01,2.012372e+01,1.997764e+01,1.994283e+01,1.995675e+01,2.006114e+01,1.992890e+01,2.006114e+01,2.002636e+01,1.999156e+01,1.990800e+01,1.984528e+01,1.993586e+01,1.991496e+01,1.987316e+01,1.994283e+01,2.037366e+01,2.100960e+01,2.114732e+01,2.125048e+01,2.127110e+01,2.124361e+01,2.129172e+01,2.130546e+01,2.125736e+01,2.114732e+01,2.126423e+01,2.135355e+01,2.120235e+01,2.118172e+01,2.120235e+01,2.122986e+01,2.122986e+01,2.128485e+01,2.122298e+01,2.125736e+01,2.129859e+01,2.121611e+01,2.131920e+01,2.131233e+01,2.121611e+01,2.118860e+01,2.146336e+01,2.143592e+01,2.136041e+01,2.115420e+01,2.114732e+01,2.117484e+01,2.083719e+01,2.013068e+01,1.978950e+01,1.982437e+01,1.977555e+01,1.974067e+01,1.977555e+01,1.981042e+01,1.978950e+01,1.978950e+01,1.978253e+01,1.981042e+01,1.980345e+01,1.982437e+01,1.983831e+01,1.979647e+01,2.003332e+01,1.988710e+01,1.978253e+01,1.988710e+01,1.985922e+01,1.990103e+01,1.988710e+01,1.985225e+01,1.996371e+01,1.988013e+01,1.991496e+01,1.988710e+01,1.993586e+01,1.990103e+01,1.997764e+01,1.990800e+01,1.992193e+01,1.986619e+01,1.985225e+01,1.992890e+01,1.999852e+01,1.985922e+01,1.989407e+01,1.985225e+01,1.990800e+01,1.991496e+01,1.993586e+01,1.997068e+01,2.002636e+01,1.988013e+01,1.992890e+01,1.992193e+01,2.009591e+01,1.990103e+01,1.985922e+01,1.990103e+01,1.995675e+01,1.989407e+01,1.990800e+01,1.983831e+01,1.989407e+01,1.983134e+01,1.986619e+01,1.985922e+01,1.986619e+01,1.980345e+01,1.983831e+01,1.985225e+01,1.981042e+01,1.985922e+01,1.985225e+01,1.976160e+01,1.987316e+01,1.991496e+01,1.990800e+01,1.981740e+01,1.993586e+01,1.986619e+01,1.983134e+01,1.969181e+01,1.980345e+01,1.986619e+01,1.969181e+01,1.988710e+01,1.974764e+01,1.978253e+01,1.983134e+01,1.996371e+01,1.986619e+01,2.023489e+01,2.071978e+01,2.113355e+01,2.110602e+01,2.116796e+01,2.116108e+01,2.129172e+01,2.129859e+01,2.131920e+01,2.119548e+01,2.121611e+01,2.124361e+01,2.121611e+01,2.123674e+01,2.142220e+01,2.125048e+01,2.129859e+01,2.127798e+01,2.130546e+01,2.131233e+01,2.127798e+01,2.126423e+01,2.123674e+01,2.129859e+01,2.130546e+01,2.131233e+01,2.137415e+01,2.133981e+01,2.125048e+01,2.141533e+01,2.137415e+01,2.118860e+01,2.134668e+01,2.120235e+01,2.129172e+01,2.132607e+01,2.131233e+01,2.133981e+01,2.131920e+01,2.128485e+01,2.139474e+01,2.124361e+01,2.127798e+01,2.127110e+01,2.127110e+01,2.129172e+01,2.126423e+01,2.137415e+01,2.139474e+01,2.120923e+01,2.135355e+01,2.134668e+01,2.138101e+01,2.130546e+01,2.124361e+01,2.122986e+01,2.125048e+01,2.128485e+01,2.123674e+01,2.121611e+01,2.127798e+01,2.131233e+01,2.130546e+01,2.129172e+01,2.129859e+01,2.129172e+01,2.130546e+01,2.120923e+01,2.129172e+01,2.131920e+01,2.138101e+01,2.124361e+01,2.127110e+01,2.123674e+01,2.125048e+01,2.124361e+01,2.127110e+01,2.127798e+01,2.128485e+01,2.130546e+01,2.116108e+01,2.125048e+01,2.117484e+01,2.116796e+01,2.120923e+01,2.119548e+01,2.122298e+01,2.118860e+01,2.120235e+01,2.119548e+01,2.117484e+01,2.119548e+01,2.116796e+01,2.120235e+01,2.116796e+01,2.105094e+01,2.117484e+01,2.118172e+01,2.116796e+01,2.111291e+01,2.116108e+01,2.110602e+01,2.109225e+01,2.110602e+01
2.126423e+01,2.142220e+01,2.128485e+01,2.113355e+01,2.131233e+01,2.124361e+01,2.131920e+01,2.115420e+01,2.133981e+01,2.131233e+01,2.114044e+01,2.129859e+01,2.124361e+01,2.126423e+01,2.131233e+01,2.123674e+01,2.133294e+01,2.129172e+01,2.129859e+01,2.133294e+01,2.129172e+01,2.123674e+01,2.124361e+01,2.118172e+01,2.118172e+01,2.122986e+01,2.127110e+01,2.121611e+01,2.121611e+01,2.123674e+01,2.118860e+01,2.126423e+01,2.136041e+01,2.114044e+01,2.128485e+01,2.136728e+01,2.129859e+01,2.138788e+01,2.131920e+01,2.135355e+01,2.133294e+01,2.119548e+01,2.116108e+01,2.138788e+01,2.127798e+01,2.136728e+01,2.138788e+01,2.121611e+01,2.127798e+01,2.122986e+01,2.138788e+01,2.128485e+01,2.127798e+01,2.130546e+01,2.123674e+01,2.131920e+01,2.135355e+01,2.144964e+01,2.129172e+01,2.119548e+01,2.138788e+01,2.138788e+01,2.118172e+01,2.121611e+01,2.122986e+01,2.119548e+01,2.112667e+01,2.126423e+01,2.113355e+01,2.102338e+01,2.118172e+01,2.120235e+01,2.107160e+01,2.120923e+01,2.121611e+01,2.119548e+01,2.111979e+01,2.110602e+01,2.108537e+01,2.106471e+01,2.103716e+01,2.108537e+01,2.107848e+01,2.109914e+01,2.107848e+01,2.109914e+01,2.116108e+01,2.122986e+01,2.111291e+01,2.095446e+01,2.112667e+01,2.117484e+01,2.098893e+01,2.109914e+01,2.096825e+01,2.111979e+01,2.100960e+01,2.092688e+01,2.114732e+01,2.111291e+01,2.104405e+01,2.122986e+01,2.093377e+01,2.104405e+01,2.109914e+01,2.100271e+01,2.111979e+01,2.118172e+01,2.107160e+01,2.118860e+01,2.111979e+01,2.127798e+01,2.114732e+01,2.105094e+01,2.121611e+01,2.129172e+01,2.126423e+01,2.127110e+01,2.117484e+01,2.125736e+01,2.133981e+01,2.127110e+01,2.130546e+01,2.121611e+01,2.129859e+01,2.124361e+01,2.136728e+01,2.137415e+01,2.122986e+01,2.125736e+01,2.136041e+01,2.130546e+01,2.140161e+01,2.131920e+01,2.142220e+01,2.130546e+01,2.136041e+01,2.143592e+01,2.134668e+01,2.137415e+01,2.131920e+01,2.127798e+01,2.135355e+01,2.133981e+01,2.137415e+01,2.129172e+01,2.130546e+01,2.127110e+01,2.138101e+01,2.127110e+01,2.123674e+01,2.133294e+01,2.127798e+01,2.132607e+01,2.129859e+01,2.125736e+01,2.125048e+01,2.127110e+01,2.127110e+01,2.130546e+01,2.134668e+01,2.123674e+01,2.130546e+01,2.142220e+01,2.133294e+01,2.131920e+01,2.122298e+01,2.128485e+01,2.125736e+01,2.133294e+01,2.135355e+01,2.138101e+01,2.135355e+01,2.124361e+01,2.138788e+01,2.137415e+01,2.137415e+01,2.130546e+01,2.133294e+01,2.131920e+01,2.142220e+01,2.136728e+01,2.138101e+01,2.138788e+01,2.133981e+01,2.138788e+01,2.135355e+01,2.131233e+01,2.126423e+01,2.132607e+01,2.133981e+01,2.140161e+01,2.145650e+01,2.138101e+01,2.140847e+01,2.133294e+01,2.131233e+01,2.122986e+01,2.125048e+01,2.130546e+01,2.132607e+01,2.129172e+01,2.128485e+01,2.129859e+01,2.138788e+01,2.133294e+01,2.127798e+01,2.129859e+01,2.131233e+01,2.125736e+01,2.133294e+01,2.127110e+01,2.129172e+01,2.135355e+01,2.136041e+01,2.135355e+01,2.133981e+01,2.125048e+01,2.138101e+01,2.132607e+01,2.127798e+01,2.132607e+01,2.140161e+01,2.137415e+01,2.127110e+01,2.131920e+01,2.128485e+01,2.139474e+01,2.129172e+01,2.131233e+01,2.133981e+01,2.148394e+01,2.134668e+01,2.136041e+01,2.134668e+01,2.145650e+01,2.142220e+01,2.145650e+01,2.140161e+01,2.147708e+01,2.143592e+01,2.140847e+01,2.145650e+01,2.142906e+01,2.142220e+01,2.138788e+01,2.139474e+01,2.143592e+01,2.142906e+01,2.132607e+01,2.144278e+01,2.131920e+01,2.135355e+01,2.144964e+01,2.140847e+01,2.133981e+01,2.144278e+01,2.137415e+01,2.143592e+01,2.144964e+01,2.138101e+01,2.144964e+01,2.127110e+01,2.141533e+01,2.137415e+01,2.137415e+01,2.136728e+01,2.138101e+01,2.136728e+01,2.136041e+01,2.137415e+01,2.140847e+01,2.140847e+01,2.119548e+01,2.144278e+01,2.138788e+01,2.136041e+01,2.133981e+01,2.145650e+01,2.136041e+01,2.135355e+01,2.136728e+01,2.138101e+01,2.136728e+01,2.129172e+01,2.135355e+01,2.139474e+01,2.131920e+01,2.141533e+01,2.138788e+01,2.147708e+01,2.147022e+01,2.133294e+01,2.131233e+01,2.133981e+01,2.134668e+01,2.129172e+01,2.136728e+01,2.129859e+01,2.124361e+01,2.133294e+01,2.132607e+01,2.131920e+01,2.138101e+01,2.129172e+01,2.129859e+01,2.131233e+01,2.131233e+01,2.135355e+01,2.135355e+01,2.119548e+01,2.138101e+01,2.136728e+01,2.136041e+01,2.138788e+01,2.144964e+01,2.131920e+01,2.134668e+01,2.138788e+01,2.143592e+01,2.139474e+01,2.133981e+01,2.134668e+01,2.132607e+01,2.136041e+01,2.134668e+01,2.135355e+01,2.150451e+01,2.131233e+01,2.134668e+01,2.125048e+01,2.129859e+01,2.142906e+01,2.128485e+01,2.131920e+01,2.127798e+01,2.132607e+01,2.132607e+01,2.145650e+01,2.133981e+01,2.136728e+01,2.136728e+01,2.133294e+01,2.139474e+01,2.140847e+01,2.131920e+01,2.142220e+01,2.125736e+01,2.131920e+01,2.138101e+01,2.138788e+01,2.132607e+01,2.131920e+01,2.135355e+01,2.129172e+01,2.114044e+01,2.124361e+01,2.103027e+01,2.050533e+01,2.004027e+01,2.005419e+01,2.004027e+01,1.978950e+01,1.982437e+01,1.996371e+01,1.994283e+01,1.990103e+01,2.006114e+01,1.992193e+01,2.002636e+01,1.993586e+01,1.993586e+01,2.000548e+01,1.997764e+01,1.997764e+01,1.998460e+01,2.006810e+01,1.997764e+01,1.997068e+01,1.998460e+01,2.008896e+01,2.006114e+01,2.015153e+01,1.997764e+01,2.004027e+01,2.001244e+01,2.010982e+01,2.021405e+01,2.022794e+01,2.015848e+01,2.026266e+01,2.026960e+01,2.022794e+01,2.032512e+01,2.022794e+01,2.024877e+01,2.019321e+01,2.024877e+01,2.015153e+01,2.010982e+01,2.009591e+01,2.010287e+01,2.011677e+01,2.007505e+01,2.003332e+01,2.008201e+01,1.994283e+01,2.003332e+01,2.003332e+01,1.992193e+01,1.994283e+01,1.994283e+01,1.986619e+01,1.986619e+01,1.986619e+01,1.990103e+01,1.981042e+01,1.978253e+01,2.007505e+01,2.020711e+01,2.094067e+01,2.119548e+01,2.116108e+01,2.121611e+01,2.125736e+01,2.120923e+01,2.129172e+01,2.127110e+01,2.122298e+01,2.120235e+01,2.116796e+01,2.120235e+01,2.118860e+01,2.125736e+01,2.114732e+01,2.125048e+01,2.117484e+01,2.126423e+01,2.121611e+01,2.116108e+01,2.139474e+01,2.119548e+01,2.118860e+01,2.125048e+01,2.119548e+01,2.124361e+01,2.123674e+01,2.119548e+01,2.116796e+01,2.116108e+01,2.115420e+01,2.033205e+01,1.977555e+01,1.980345e+01,1.968483e+01,1.983831e+01,1.981740e+01,1.980345e+01,1.983134e+01,1.967785e+01,1.974067e+01,1.968483e+01,1.981740e+01,1.975462e+01,1.983134e+01,1.990800e+01,1.978950e+01,1.975462e+01,1.978253e+01,1.985922e+01,1.988013e+01,1.988710e+01,1.991496e+01,1.989407e+01,1.981042e+01,1.988013e+01,1.983134e+01,1.991496e+01,1.986619e+01,1.999156e+01,1.995675e+01,1.994979e+01,1.990800e+01,2.000548e+01,1.978950e+01,1.987316e+01,1.988710e+01,1.981740e+01,1.988710e+01,1.978253e+01,1.992193e+01,1.992193e+01,1.990103e+01,1.999156e+01,1.992890e+01,1.990800e+01,1.991496e+01,1.991496e+01,1.998460e+01,1.991496e+01,1.987316e+01,1.990800e+01,1.994283e+01,1.984528e+01,1.989407e+01,1.981042e+01,1.985922e+01,1.985225e+01,1.981042e+01,1.984528e+01,1.988710e+01,1.981042e+01,1.974764e+01,1.979647e+01,1.985225e+01,1.985225e+01,1.985922e+01,1.972671e+01,1.976160e+01,1.982437e+01,1.969879e+01,1.969879e+01,1.976160e+01,1.991496e+01,1.988013e+01,1.974764e+01,1.980345e+01,1.978950e+01,1.989407e+01,1.978253e+01,1.975462e+01,1.981042e+01,1.990800e+01,1.978950e+01,1.978950e+01,2.004723e+01,2.060223e+01,2.091998e+01,2.110602e+01,2.115420e+01,2.116796e+01,2.126423e+01,2.127798e+01,2.123674e+01,2.129859e+01,2.133294e+01,2.119548e+01,2.125736e+01,2.125048e+01,2.125048e+01,2.129172e+01,2.126423e+01,2.120923e+01,2.132607e+01,2.127110e+01,2.133981e+01,2.128485e+01,2.131920e+01,2.120923e+01,2.120235e+01,2.131233e+01,2.124361e+01,2.125736e+01,2.136041e+01,2.132607e+01,2.121611e+01,2.131920e+01,2.119548e+01,2.123674e+01,2.121611e+01,2.121611e+01,2.127798e+01,2.132607e+01,2.122298e+01,2.129859e+01,2.125048e+01,2.127798e+01,2.131920e+01,2.122298e+01,2.123674e+01,2.127798e+01,2.129172e+01,2.131920e+01,2.136728e+01,2.131233e+01,2.120923e+01,2.133294e+01,2.123674e+01,2.138101e+01,2.127798e+01,2.128485e+01,2.125736e+01,2.136728e+01,2.129172e+01,2.127798e+01,2.116796e+01,2.114044e+01,2.132607e+01,2.130546e+01,2.131233e+01,2.119548e+01,2.115420e+01,2.112667e+01,2.118860e+01,2.135355e+01,2.123674e+01,2.126423e+01,2.126423e+01,2.125736e+01,2.122986e+01,2.124361e+01,2.123674e+01,2.124361e+01,2.120235e+01,2.118172e+01,2.128485e+01,2.125048e+01,2.120923e+01,2.119548e+01,2.113355e+01,2.116796e+01,2.118172e+01,2.122986e+01,2.115420e+01,2.115420e+01,2.112667e+01,2.114732e+01,2.115420e+01,2.117484e+01,2.116796e+01,2.099582e+01,2.103716e+01,2.115420e+01,2.111291e+01,2.103027e+01,2.112667e+01,2.112667e+01,2.116108e+01,2.105782e+01,2.102338e+01
2.128485e+01,2.126423e+01,2.124361e+01,2.122298e+01,2.124361e+01,2.135355e+01,2.120923e+01,2.117484e+01,2.130546e+01,2.117484e+01,2.131920e+01,2.125736e+01,2.127798e+01,2.123674e+01,2.127798e+01,2.134668e+01,2.130546e+01,2.129859e+01,2.134668e+01,2.131233e+01,2.131920e+01,2.122986e+01,2.124361e+01,2.116108e+01,2.129859e+01,2.122298e+01,2.127798e+01,2.129859e+01,2.121611e+01,2.129859e+01,2.142906e+01,2.123674e+01,2.125736e+01,2.117484e+01,2.133294e+01,2.133294e+01,2.134668e+01,2.127798e+01,2.134668e+01,2.129859e+01,2.120923e+01,2.126423e+01,2.132607e+01,2.129859e+01,2.132607e+01,2.133981e+01,2.130546e+01,2.126423e+01,2.131233e+01,2.138101e+01,2.125736e+01,2.121611e+01,2.131920e+01,2.118172e+01,2.135355e+01,2.136728e+01,2.133294e+01,2.142906e+01,2.125048e+01,2.135355e+01,2.129859e+01,2.144278e+01,2.125048e+01,2.132607e+01,2.127110e+01,2.127798e+01,2.138101e+01,2.119548e+01,2.125048e+01,2.135355e+01,2.133981e+01,2.133294e+01,2.120923e+01,2.132607e+01,2.126423e+01,2.131233e+01,2.118860e+01,2.122986e+01,2.122986e+01,2.121611e+01,2.126423e+01,2.126423e+01,2.128485e+01,2.118860e+01,2.109914e+01,2.118172e+01,2.105782e+01,2.117484e+01,2.117484e+01,2.118172e+01,2.121611e+01,2.117484e+01,2.127110e+01,2.100271e+01,2.111979e+01,2.118172e+01,2.129172e+01,2.114732e+01,2.125048e+01,2.129172e+01,2.127798e+01,2.129172e+01,2.122986e+01,2.131920e+01,2.107848e+01,2.124361e+01,2.117484e+01,2.121611e+01,2.138101e+01,2.120923e+01,2.129859e+01,2.131920e+01,2.129859e+01,2.114732e+01,2.131233e+01,2.143592e+01,2.149766e+01,2.141533e+01,2.125048e+01,2.139474e+01,2.131920e+01,2.125736e+01,2.128485e+01,2.132607e+01,2.132607e+01,2.129172e+01,2.135355e+01,2.136728e+01,2.128485e+01,2.139474e+01,2.129859e+01,2.135355e+01,2.138101e+01,2.142220e+01,2.138788e+01,2.137415e+01,2.134668e+01,2.142220e+01,2.133981e+01,2.142220e+01,2.141533e+01,2.149766e+01,2.137415e+01,2.132607e+01,2.137415e+01,2.139474e+01,2.133981e+01,2.138788e+01,2.138788e+01,2.131920e+01,2.127798e+01,2.138101e+01,2.136728e+01,2.137415e+01,2.131920e+01,2.132607e+01,2.131920e+01,2.137415e+01,2.133981e+01,2.131920e+01,2.133981e+01,2.122298e+01,2.134668e+01,2.140161e+01,2.141533e+01,2.140847e+01,2.139474e+01,2.127798e+01,2.137415e+01,2.147708e+01,2.144964e+01,2.122298e+01,2.135355e+01,2.148394e+01,2.147022e+01,2.133981e+01,2.141533e+01,2.140161e+01,2.140847e+01,2.149080e+01,2.140847e+01,2.133294e+01,2.128485e+01,2.138101e+01,2.142906e+01,2.147022e+01,2.138101e+01,2.140161e+01,2.140161e+01,2.142906e+01,2.143592e+01,2.142906e+01,2.125736e+01,2.129859e+01,2.138101e+01,2.144964e+01,2.128485e+01,2.129859e+01,2.127798e+01,2.127798e+01,2.135355e+01,2.132607e+01,2.137415e+01,2.136728e+01,2.131920e+01,2.128485e+01,2.133294e+01,2.140161e+01,2.133294e+01,2.133981e+01,2.134668e+01,2.136728e+01,2.133294e+01,2.131233e+01,2.134668e+01,2.133981e+01,2.149766e+01,2.143592e+01,2.137415e+01,2.144964e+01,2.146336e+01,2.140847e+01,2.140847e+01,2.139474e+01,2.139474e+01,2.141533e+01,2.140161e+01,2.139474e+01,2.136728e+01,2.132607e+01,2.144278e+01,2.140161e+01,2.144964e+01,2.141533e+01,2.145650e+01,2.137415e+01,2.140161e+01,2.144964e+01,2.143592e+01,2.138788e+01,2.141533e+01,2.144278e+01,2.147022e+01,2.141533e+01,2.138788e+01,2.144964e+01,2.141533e+01,2.145650e+01,2.139474e+01,2.129172e+01,2.143592e+01,2.144964e+01,2.142906e+01,2.160047e+01,2.139474e+01,2.148394e+01,2.142220e+01,2.147022e+01,2.147022e+01,2.143592e+01,2.147708e+01,2.147708e+01,2.139474e+01,2.147708e+01,2.145650e+01,2.138101e+01,2.137415e+01,2.146336e+01,2.137415e+01,2.136728e+01,2.134668e+01,2.137415e+01,2.141533e+01,2.138788e+01,2.142906e+01,2.140847e+01,2.133981e+01,2.137415e+01,2.142220e+01,2.142220e+01,2.129859e+01,2.133981e+01,2.137415e+01,2.136728e+01,2.130546e+01,2.139474e+01,2.131233e+01,2.133294e+01,2.146336e+01,2.136041e+01,2.140847e+01,2.144278e+01,2.145650e+01,2.131920e+01,2.138788e+01,2.133981e+01,2.140161e+01,2.129859e+01,2.134668e+01,2.135355e+01,2.136041e+01,2.134668e+01,2.128485e+01,2.131920e+01,2.136728e+01,2.131920e+01,2.132607e+01,2.141533e+01,2.134668e+01,2.133294e+01,2.144278e+01,2.136041e+01,2.145650e+01,2.133294e+01,2.137415e+01,2.135355e+01,2.137415e+01,2.134668e+01,2.142220e+01,2.144278e+01,2.136041e+01,2.141533e+01,2.142906e+01,2.138101e+01,2.137415e+01,2.134668e+01,2.135355e+01,2.155250e+01,2.133294e+01,2.138101e+01,2.136041e+01,2.133294e+01,2.137415e+01,2.140161e+01,2.132607e+01,2.132607e+01,2.131233e+01,2.134668e+01,2.132607e+01,2.131233e+01,2.136041e+01,2.135355e+01,2.133294e+01,2.134668e+01,2.132607e+01,2.129172e+01,2.134668e+01,2.128485e+01,2.123674e+01,2.135355e+01,2.132607e+01,2.128485e+01,2.134668e+01,2.139474e+01,2.128485e+01,2.131233e+01,2.130546e+01,2.106471e+01,2.095446e+01,2.038753e+01,2.004723e+01,1.988710e+01,1.990103e+01,1.999852e+01,1.988013e+01,1.986619e+01,1.992193e+01,1.994979e+01,1.990103e+01,1.991496e+01,1.994979e+01,1.998460e+01,1.999852e+01,2.001244e+01,2.004723e+01,1.999156e+01,2.013068e+01,2.009591e+01,1.998460e+01,2.008896e+01,2.002636e+01,2.009591e+01,1.995675e+01,2.005419e+01,2.006810e+01,2.018627e+01,2.006114e+01,2.022794e+01,2.021405e+01,2.024877e+01,2.021405e+01,2.024183e+01,2.029042e+01,2.028348e+01,2.034592e+01,2.020711e+01,2.022794e+01,2.019321e+01,2.031124e+01,2.017932e+01,2.012372e+01,2.013068e+01,2.009591e+01,2.011677e+01,1.999852e+01,2.006810e+01,2.006810e+01,2.001244e+01,1.996371e+01,1.992890e+01,1.994283e+01,1.992193e+01,1.995675e+01,1.992890e+01,1.993586e+01,1.988710e+01,1.992193e+01,1.992193e+01,1.978253e+01,2.024183e+01,2.084409e+01,2.117484e+01,2.129172e+01,2.123674e+01,2.122298e+01,2.121611e+01,2.129172e+01,2.126423e+01,2.128485e+01,2.125048e+01,2.124361e+01,2.138788e+01,2.119548e+01,2.117484e+01,2.114044e+01,2.123674e+01,2.128485e+01,2.126423e+01,2.131920e+01,2.118860e+01,2.120235e+01,2.121611e+01,2.122298e+01,2.111979e+01,2.125048e+01,2.123674e+01,2.122986e+01,2.119548e+01,2.127798e+01,2.101649e+01,2.051918e+01,2.005419e+01,1.983831e+01,1.981740e+01,1.973369e+01,1.969181e+01,1.981740e+01,1.983831e+01,1.976160e+01,1.983134e+01,1.973369e+01,1.978950e+01,1.988710e+01,1.981740e+01,1.982437e+01,1.983134e+01,1.987316e+01,1.976858e+01,1.988710e+01,1.980345e+01,1.990800e+01,1.989407e+01,1.990800e+01,1.994979e+01,2.000548e+01,1.990800e+01,1.986619e+01,1.990103e+01,1.987316e+01,1.993586e+01,1.994283e+01,1.996371e+01,1.990103e+01,1.986619e+01,1.981042e+01,1.994979e+01,1.974764e+01,1.992890e+01,1.989407e+01,1.988710e+01,1.994283e+01,1.990103e+01,1.994283e+01,1.999156e+01,1.991496e+01,1.997764e+01,1.994283e+01,1.999156e+01,1.979647e+01,1.991496e+01,1.984528e+01,1.990800e+01,1.990103e+01,1.986619e+01,1.992890e+01,1.997764e+01,1.983831e+01,1.983831e+01,1.978950e+01,1.981042e+01,1.980345e+01,1.981740e+01,1.981042e+01,1.978253e+01,1.984528e+01,1.982437e+01,1.983831e+01,1.981740e+01,1.990103e+01,1.984528e+01,1.990800e+01,1.990800e+01,1.976858e+01,1.989407e+01,1.978950e+01,1.982437e+01,1.987316e+01,1.984528e+01,1.985225e+01,1.988710e+01,1.981042e+01,1.994979e+01,1.988710e+01,1.995675e+01,1.999156e+01,2.044991e+01,2.087859e+01,2.107160e+01,2.117484e+01,2.115420e+01,2.125736e+01,2.127110e+01,2.127110e+01,2.124361e+01,2.127110e+01,2.127798e+01,2.119548e+01,2.127110e+01,2.116796e+01,2.118172e+01,2.125736e+01,2.118860e+01,2.129859e+01,2.125736e+01,2.123674e+01,2.123674e+01,2.129859e+01,2.133981e+01,2.131233e+01,2.125736e+01,2.125736e+01,2.127798e+01,2.130546e+01,2.135355e+01,2.140847e+01,2.138788e+01,2.118172e+01,2.128485e+01,2.133981e+01,2.128485e+01,2.131233e+01,2.133294e+01,2.135355e+01,2.123674e+01,2.125048e+01,2.122986e+01,2.131233e+01,2.126423e+01,2.127110e+01,2.129172e+01,2.131920e+01,2.124361e+01,2.125736e+01,2.141533e+01,2.127110e+01,2.130546e+01,2.133981e+01,2.136041e+01,2.138788e+01,2.134668e+01,2.121611e+01,2.122298e+01,2.130546e+01,2.133981e+01,2.129172e+01,2.114044e+01,2.130546e+01,2.115420e+01,2.118860e+01,2.118860e+01,2.122986e+01,2.128485e+01,2.124361e+01,2.112667e+01,2.123674e+01,2.122986e+01,2.123674e+01,2.122298e+01,2.125048e+01,2.127798e+01,2.122986e+01,2.101649e+01,2.125048e+01,2.120235e+01,2.127798e+01,2.118860e+01,2.114732e+01,2.116108e+01,2.122298e+01,2.126423e+01,2.131920e+01,2.118172e+01,2.125048e+01,2.114732e+01,2.115420e+01,2.120235e+01,2.111979e+01,2.103716e+01,2.118172e+01,2.116796e+01,2.116108e+01,2.116108e+01,2.133981e+01,2.111291e+01,2.120235e+01,2.109914e+01,2.111291e+01,2.110602e+01,2.109225e+01,2.097514e+01
2.131233e+01,2.130546e+01,2.123674e+01,2.119548e+01,2.126423e+01,2.120923e+01,2.116796e+01,2.116796e+01,2.118172e+01,2.127110e+01,2.126423e+01,2.124361e+01,2.138788e+01,2.138101e+01,2.128485e+01,2.128485e+01,2.120235e+01,2.119548e+01,2.123674e+01,2.133981e+01,2.127798e+01,2.123674e+01,2.133294e+01,2.120235e+01,2.130546e+01,2.127110e+01,2.122298e+01,2.124361e+01,2.125048e+01,2.134668e+01,2.122298e+01,2.130546e+01,2.127110e+01,2.130546e+01,2.136041e+01,2.134668e+01,2.131920e+01,2.126423e+01,2.129859e+01,2.131233e+01,2.131920e+01,2.122986e+01,2.136728e+01,2.134668e+01,2.131920e+01,2.140161e+01,2.125736e+01,2.136728e+01,2.130546e+01,2.120923e+01,2.131233e+01,2.127110e+01,2.140161e+01,2.136041e+01,2.138101e+01,2.131920e+01,2.138788e+01,2.122986e+01,2.139474e+01,2.140847e+01,2.137415e+01,2.131233e+01,2.120923e+01,2.133294e+01,2.128485e+01,2.127798e+01,2.127110e+01,2.112667e+01,2.131920e+01,2.135355e+01,2.124361e+01,2.145650e+01,2.133294e+01,2.137415e+01,2.135355e+01,2.132607e+01,2.134668e+01,2.133981e+01,2.128485e+01,2.129859e+01,2.126423e+01,2.129172e+01,2.129172e+01,2.130546e+01,2.131233e+01,2.133981e+01,2.131920e+01,2.137415e+01,2.118860e+01,2.135355e+01,2.142906e+01,2.141533e+01,2.128485e+01,2.129172e+01,2.131920e+01,2.133981e+01,2.133294e+01,2.140847e+01,2.137415e+01,2.127798e+01,2.131920e+01,2.133294e+01,2.129172e+01,2.131233e+01,2.129172e+01,2.127798e+01,2.129172e+01,2.127798e+01,2.136041e+01,2.142220e+01,2.135355e+01,2.130546e+01,2.142906e+01,2.125736e+01,2.127798e+01,2.147022e+01,2.134668e+01,2.126423e+01,2.140161e+01,2.134668e+01,2.132607e+01,2.136728e+01,2.134668e+01,2.133294e+01,2.133294e+01,2.127798e+01,2.129859e+01,2.126423e+01,2.127110e+01,2.148394e+01,2.138788e+01,2.132607e+01,2.130546e+01,2.140847e+01,2.141533e+01,2.135355e+01,2.131233e+01,2.138101e+01,2.138101e+01,2.142220e+01,2.138101e+01,2.140161e+01,2.133981e+01,2.138101e+01,2.139474e+01,2.138101e+01,2.138101e+01,2.140161e+01,2.140161e+01,2.136041e+01,2.133294e+01,2.137415e+01,2.152508e+01,2.135355e+01,2.136041e+01,2.144278e+01,2.135355e+01,2.134668e+01,2.131233e+01,2.139474e+01,2.129859e+01,2.133294e+01,2.139474e+01,2.141533e+01,2.142220e+01,2.146336e+01,2.142220e+01,2.125736e+01,2.140847e+01,2.149766e+01,2.138101e+01,2.124361e+01,2.140161e+01,2.134668e+01,2.141533e+01,2.139474e+01,2.142906e+01,2.144278e+01,2.142220e+01,2.147022e+01,2.144964e+01,2.145650e+01,2.132607e+01,2.131920e+01,2.140161e+01,2.142906e+01,2.136041e+01,2.135355e+01,2.142906e+01,2.143592e+01,2.136728e+01,2.146336e+01,2.137415e+01,2.138101e+01,2.140161e+01,2.125736e+01,2.126423e+01,2.129172e+01,2.130546e+01,2.136728e+01,2.134668e+01,2.128485e+01,2.131920e+01,2.138101e+01,2.134668e+01,2.131920e+01,2.133981e+01,2.133981e+01,2.131920e+01,2.135355e+01,2.131920e+01,2.138101e+01,2.136728e+01,2.131920e+01,2.136728e+01,2.137415e+01,2.142220e+01,2.136041e+01,2.144278e+01,2.132607e+01,2.144278e+01,2.132607e+01,2.131233e+01,2.142220e+01,2.133981e+01,2.139474e+01,2.138101e+01,2.138101e+01,2.121611e+01,2.131233e+01,2.140847e+01,2.140161e+01,2.133294e+01,2.147708e+01,2.131233e+01,2.140161e+01,2.137415e+01,2.146336e+01,2.137415e+01,2.139474e+01,2.136041e+01,2.138101e+01,2.143592e+01,2.147022e+01,2.149766e+01,2.144278e+01,2.147022e+01,2.133981e+01,2.127110e+01,2.138101e+01,2.133981e+01,2.141533e+01,2.137415e+01,2.133981e+01,2.142906e+01,2.145650e+01,2.135355e+01,2.148394e+01,2.144278e+01,2.140847e+01,2.138101e+01,2.139474e+01,2.135355e+01,2.139474e+01,2.138101e+01,2.137415e+01,2.136728e+01,2.137415e+01,2.136041e+01,2.142906e+01,2.136728e+01,2.138788e+01,2.147708e+01,2.143592e+01,2.142906e+01,2.138788e+01,2.143592e+01,2.135355e+01,2.130546e+01,2.132607e+01,2.131920e+01,2.134668e+01,2.136728e+01,2.142906e+01,2.133981e+01,2.132607e+01,2.131920e+01,2.131920e+01,2.131920e+01,2.136728e+01,2.137415e+01,2.137415e+01,2.133294e+01,2.136728e+01,2.135355e+01,2.133294e+01,2.135355e+01,2.131920e+01,2.135355e+01,2.134668e+01,2.134668e+01,2.128485e+01,2.133981e+01,2.134668e+01,2.133294e+01,2.131920e+01,2.137415e+01,2.132607e+01,2.135355e+01,2.130546e+01,2.137415e+01,2.139474e+01,2.132607e+01,2.140161e+01,2.142220e+01,2.135355e+01,2.135355e+01,2.137415e+01,2.136041e+01,2.135355e+01,2.136728e+01,2.139474e+01,2.131233e+01,2.128485e+01,2.148394e+01,2.135355e+01,2.140847e+01,2.153880e+01,2.141533e+01,2.135355e+01,2.133294e+01,2.134668e+01,2.125736e+01,2.140847e+01,2.129859e+01,2.131233e+01,2.133294e+01,2.135355e+01,2.137415e+01,2.134668e+01,2.129172e+01,2.133981e+01,2.133294e+01,2.134668e+01,2.136041e+01,2.142220e+01,2.118860e+01,2.129859e+01,2.126423e+01,2.136728e+01,2.124361e+01,2.134668e+01,2.127110e+01,2.131233e+01,2.133294e+01,2.130546e+01,2.131233e+01,2.120235e+01,2.103027e+01,2.051918e+01,2.000548e+01,2.001940e+01,2.004723e+01,1.994283e+01,1.994979e+01,1.994979e+01,1.991496e+01,1.990800e+01,1.987316e+01,1.996371e+01,1.998460e+01,1.992193e+01,2.006114e+01,1.988013e+01,2.004027e+01,2.002636e+01,2.001940e+01,2.004027e+01,1.999852e+01,2.006810e+01,1.994979e+01,1.995675e+01,2.008201e+01,2.008896e+01,2.009591e+01,2.012372e+01,2.000548e+01,2.015153e+01,2.010287e+01,2.023489e+01,2.026960e+01,2.031124e+01,2.029042e+01,2.024183e+01,2.030430e+01,2.021405e+01,2.015848e+01,2.026960e+01,2.016542e+01,2.017237e+01,2.010982e+01,2.013068e+01,1.996371e+01,1.997068e+01,2.007505e+01,1.994979e+01,1.997068e+01,1.992890e+01,1.995675e+01,1.994979e+01,1.992890e+01,1.988710e+01,1.992193e+01,1.986619e+01,1.988710e+01,1.992890e+01,1.976858e+01,1.991496e+01,1.981740e+01,2.022100e+01,2.066448e+01,2.105782e+01,2.127798e+01,2.120923e+01,2.127798e+01,2.120235e+01,2.123674e+01,2.121611e+01,2.127798e+01,2.127798e+01,2.123674e+01,2.121611e+01,2.127110e+01,2.121611e+01,2.129172e+01,2.121611e+01,2.127110e+01,2.116108e+01,2.125048e+01,2.127798e+01,2.121611e+01,2.125048e+01,2.120235e+01,2.120923e+01,2.116796e+01,2.125736e+01,2.122986e+01,2.113355e+01,2.114732e+01,2.096135e+01,2.038060e+01,1.991496e+01,1.990103e+01,1.977555e+01,1.970577e+01,1.984528e+01,1.983134e+01,1.981042e+01,1.981042e+01,1.985922e+01,1.976858e+01,1.976160e+01,1.982437e+01,1.974067e+01,1.976858e+01,1.984528e+01,1.988710e+01,1.986619e+01,1.985922e+01,1.981042e+01,1.981042e+01,1.988710e+01,1.974764e+01,1.983831e+01,1.997068e+01,1.992890e+01,1.978253e+01,1.986619e+01,1.996371e+01,1.992890e+01,1.997068e+01,1.995675e+01,1.997068e+01,1.988013e+01,1.994979e+01,1.986619e+01,1.992193e+01,1.985922e+01,1.987316e+01,1.982437e+01,1.991496e+01,1.993586e+01,1.991496e+01,1.999156e+01,1.998460e+01,2.009591e+01,1.993586e+01,1.992890e+01,1.984528e+01,1.990103e+01,1.979647e+01,1.979647e+01,1.986619e+01,1.983134e+01,1.992890e+01,1.992890e+01,1.990103e+01,1.994979e+01,1.978950e+01,1.983831e+01,1.984528e+01,1.985922e+01,1.978950e+01,1.979647e+01,1.983831e+01,1.985922e+01,1.980345e+01,1.985225e+01,1.985922e+01,1.983134e+01,1.990103e+01,1.990800e+01,1.990103e+01,1.975462e+01,1.988710e+01,1.984528e+01,1.974764e+01,1.978253e+01,1.985922e+01,1.972671e+01,1.987316e+01,1.985225e+01,1.993586e+01,1.999852e+01,2.010287e+01,2.083028e+01,2.106471e+01,2.124361e+01,2.109225e+01,2.107160e+01,2.123674e+01,2.128485e+01,2.122986e+01,2.146336e+01,2.125736e+01,2.125736e+01,2.118860e+01,2.125048e+01,2.125048e+01,2.120923e+01,2.127110e+01,2.125736e+01,2.131233e+01,2.126423e+01,2.122298e+01,2.131233e+01,2.123674e+01,2.128485e+01,2.126423e+01,2.121611e+01,2.133981e+01,2.129172e+01,2.133294e+01,2.132607e+01,2.131920e+01,2.137415e+01,2.121611e+01,2.118860e+01,2.129859e+01,2.118860e+01,2.123674e+01,2.132607e+01,2.131233e+01,2.131920e+01,2.132607e+01,2.135355e+01,2.132607e+01,2.125736e+01,2.120235e+01,2.144278e+01,2.130546e+01,2.125736e+01,2.127798e+01,2.127798e+01,2.129172e+01,2.129859e+01,2.130546e+01,2.122298e+01,2.125048e+01,2.130546e+01,2.125736e+01,2.123674e+01,2.131233e+01,2.129172e+01,2.126423e+01,2.118172e+01,2.117484e+01,2.132607e+01,2.119548e+01,2.121611e+01,2.130546e+01,2.119548e+01,2.127798e+01,2.125736e+01,2.119548e+01,2.123674e+01,2.114044e+01,2.120923e+01,2.122986e+01,2.121611e+01,2.121611e+01,2.122986e+01,2.127110e+01,2.124361e+01,2.116796e+01,2.125048e+01,2.126423e+01,2.120235e+01,2.110602e+01,2.122986e+01,2.109225e+01,2.131920e+01,2.119548e+01,2.109914e+01,2.118172e+01,2.116108e+01,2.106471e+01,2.114044e+01,2.118172e+01,2.117484e+01,2.114732e+01,2.114044e+01,2.109914e+01,2.118172e+01,2.110602e+01,2.131233e+01,2.118172e+01,2.104405e+01,2.114732e+01,2.097514e+01
2.129172e+01,2.125736e+01,2.136728e+01,2.118172e+01,2.116796e+01,2.119548e+01,2.135355e+01,2.130546e+01,2.127798e+01,2.118860e+01,2.126423e+01,2.125048e+01,2.127110e+01,2.129172e+01,2.133981e+01,2.128485e+01,2.129859e+01,2.125048e+01,2.121611e+01,2.129172e+01,2.127110e+01,2.116108e+01,2.118860e+01,2.132607e+01,2.122986e+01,2.132607e+01,2.127798e+01,2.125048e+01,2.122298e+01,2.133294e+01,2.139474e+01,2.135355e+01,2.118860e+01,2.128485e+01,2.125048e+01,2.127110e+01,2.137415e+01,2.138101e+01,2.127798e+01,2.131233e+01,2.127798e+01,2.133981e+01,2.129859e+01,2.127798e+01,2.126423e+01,2.124361e+01,2.128485e+01,2.118172e+01,2.132607e+01,2.122298e+01,2.133294e+01,2.127110e+01,2.138788e+01,2.116796e+01,2.126423e+01,2.144964e+01,2.120923e+01,2.120235e+01,2.130546e+01,2.140161e+01,2.123674e+01,2.142906e+01,2.122298e+01,2.129859e+01,2.126423e+01,2.127798e+01,2.130546e+01,2.142906e+01,2.136728e+01,2.134668e+01,2.124361e+01,2.124361e+01,2.133294e+01,2.138101e+01,2.131920e+01,2.133294e+01,2.134668e+01,2.123674e+01,2.116108e+01,2.133981e+01,2.126423e+01,2.129859e+01,2.133294e+01,2.133294e+01,2.135355e+01,2.122298e+01,2.137415e+01,2.134668e+01,2.129172e+01,2.126423e+01,2.130546e+01,2.127798e+01,2.134668e+01,2.131920e+01,2.135355e+01,2.132607e+01,2.133981e+01,2.130546e+01,2.130546e+01,2.135355e+01,2.130546e+01,2.128485e+01,2.136728e+01,2.135355e+01,2.129172e+01,2.138101e+01,2.140161e+01,2.125048e+01,2.142220e+01,2.131920e+01,2.136041e+01,2.138788e+01,2.131233e+01,2.132607e+01,2.134668e+01,2.129859e+01,2.128485e+01,2.130546e+01,2.130546e+01,2.133981e+01,2.132607e+01,2.137415e+01,2.135355e+01,2.132607e+01,2.131920e+01,2.133294e+01,2.132607e+01,2.136041e+01,2.134668e+01,2.136041e+01,2.132607e+01,2.135355e+01,2.137415e+01,2.137415e+01,2.138101e+01,2.144278e+01,2.135355e+01,2.141533e+01,2.143592e+01,2.140847e+01,2.138101e+01,2.146336e+01,2.140847e+01,2.133981e+01,2.138788e+01,2.138788e+01,2.135355e+01,2.132607e+01,2.136728e+01,2.140161e+01,2.140161e+01,2.136728e+01,2.147022e+01,2.129859e+01,2.131233e+01,2.140161e+01,2.133294e+01,2.125736e+01,2.136041e+01,2.141533e+01,2.139474e+01,2.137415e+01,2.131920e+01,2.138788e+01,2.140847e+01,2.142220e+01,2.142906e+01,2.135355e+01,2.149766e+01,2.134668e+01,2.142906e+01,2.126423e+01,2.138101e+01,2.129172e+01,2.141533e+01,2.136728e+01,2.139474e+01,2.149080e+01,2.148394e+01,2.143592e+01,2.140161e+01,2.140847e+01,2.137415e+01,2.140847e+01,2.142906e+01,2.129172e+01,2.135355e+01,2.147022e+01,2.131920e+01,2.138788e+01,2.145650e+01,2.141533e+01,2.138101e+01,2.138101e+01,2.136728e+01,2.129172e+01,2.127110e+01,2.131233e+01,2.128485e+01,2.138788e+01,2.129172e+01,2.129859e+01,2.133981e+01,2.126423e+01,2.137415e+01,2.141533e+01,2.132607e+01,2.128485e+01,2.131233e+01,2.133981e+01,2.139474e+01,2.134668e+01,2.129172e+01,2.138101e+01,2.138101e+01,2.133981e+01,2.139474e+01,2.138788e+01,2.136041e+01,2.134668e+01,2.140847e+01,2.133294e+01,2.136728e+01,2.147022e+01,2.140161e+01,2.138788e+01,2.130546e+01,2.129172e+01,2.141533e+01,2.140161e+01,2.140847e+01,2.147708e+01,2.143592e+01,2.144964e+01,2.139474e+01,2.144964e+01,2.142220e+01,2.148394e+01,2.138101e+01,2.140847e+01,2.134668e+01,2.136728e+01,2.148394e+01,2.136728e+01,2.140161e+01,2.141533e+01,2.144278e+01,2.134668e+01,2.138788e+01,2.132607e+01,2.149080e+01,2.131233e+01,2.136728e+01,2.140847e+01,2.142220e+01,2.142906e+01,2.145650e+01,2.144278e+01,2.135355e+01,2.143592e+01,2.138101e+01,2.139474e+01,2.136041e+01,2.148394e+01,2.142220e+01,2.135355e+01,2.137415e+01,2.137415e+01,2.150451e+01,2.137415e+01,2.142906e+01,2.139474e+01,2.141533e+01,2.131233e+01,2.140847e+01,2.138788e+01,2.134668e+01,2.136041e+01,2.140161e+01,2.142220e+01,2.139474e+01,2.132607e+01,2.124361e+01,2.139474e+01,2.137415e+01,2.134668e+01,2.138788e+01,2.132607e+01,2.142220e+01,2.137415e+01,2.144278e+01,2.127798e+01,2.141533e+01,2.149766e+01,2.147708e+01,2.138101e+01,2.138788e+01,2.138788e+01,2.131920e+01,2.127110e+01,2.139474e+01,2.142906e+01,2.130546e+01,2.138788e+01,2.135355e+01,2.140161e+01,2.137415e+01,2.132607e+01,2.129859e+01,2.109914e+01,2.137415e+01,2.131233e+01,2.132607e+01,2.137415e+01,2.134668e+01,2.137415e+01,2.138788e+01,2.137415e+01,2.138101e+01,2.139474e+01,2.138788e+01,2.140161e+01,2.131920e+01,2.134668e+01,2.140847e+01,2.133294e+01,2.157991e+01,2.133981e+01,2.132607e+01,2.136041e+01,2.135355e+01,2.133294e+01,2.134668e+01,2.138788e+01,2.131920e+01,2.135355e+01,2.140847e+01,2.139474e+01,2.138101e+01,2.134668e+01,2.133294e+01,2.130546e+01,2.134668e+01,2.133981e+01,2.141533e+01,2.133294e+01,2.130546e+01,2.134668e+01,2.134668e+01,2.133294e+01,2.129172e+01,2.118172e+01,2.139474e+01,2.132607e+01,2.132607e+01,2.125736e+01,2.127110e+01,2.131920e+01,2.106471e+01,2.055379e+01,2.004723e+01,2.004723e+01,1.992193e+01,1.991496e+01,1.992890e+01,1.993586e+01,1.988710e+01,1.990103e+01,1.988013e+01,1.988013e+01,2.004027e+01,1.994979e+01,1.996371e+01,1.999156e+01,2.008201e+01,1.999156e+01,2.003332e+01,2.001244e+01,2.010982e+01,2.003332e+01,2.001940e+01,1.994283e+01,2.001244e+01,2.003332e+01,2.010287e+01,1.999852e+01,2.019321e+01,2.019321e+01,2.020711e+01,2.012372e+01,2.026960e+01,2.024877e+01,2.028348e+01,2.029042e+01,2.029042e+01,2.020016e+01,2.017237e+01,2.010982e+01,2.014458e+01,2.006810e+01,2.022794e+01,2.011677e+01,2.007505e+01,2.010287e+01,1.991496e+01,1.998460e+01,1.997764e+01,2.008896e+01,1.990800e+01,1.992890e+01,2.004027e+01,1.992193e+01,1.992193e+01,1.990103e+01,1.994979e+01,1.985922e+01,1.989407e+01,1.984528e+01,1.987316e+01,1.993586e+01,2.065065e+01,2.096825e+01,2.120923e+01,2.100271e+01,2.122298e+01,2.115420e+01,2.114732e+01,2.127798e+01,2.115420e+01,2.124361e+01,2.133981e+01,2.122986e+01,2.123674e+01,2.127798e+01,2.121611e+01,2.124361e+01,2.127110e+01,2.129172e+01,2.127798e+01,2.120923e+01,2.130546e+01,2.131233e+01,2.134668e+01,2.122298e+01,2.118860e+01,2.124361e+01,2.116108e+01,2.114732e+01,2.096135e+01,2.056763e+01,2.010982e+01,1.977555e+01,1.974764e+01,1.967785e+01,1.967086e+01,1.982437e+01,1.971275e+01,1.981042e+01,1.985922e+01,1.976160e+01,1.983831e+01,1.980345e+01,1.973369e+01,1.979647e+01,1.995675e+01,1.980345e+01,1.978253e+01,1.988710e+01,1.985225e+01,1.985225e+01,1.977555e+01,1.995675e+01,1.999156e+01,1.974764e+01,1.992890e+01,1.979647e+01,1.985225e+01,1.995675e+01,1.992193e+01,1.992193e+01,1.996371e+01,1.992193e+01,1.992890e+01,1.997068e+01,1.997068e+01,1.987316e+01,1.992193e+01,1.999852e+01,1.997068e+01,1.992890e+01,1.997764e+01,1.991496e+01,1.988710e+01,1.985225e+01,1.998460e+01,1.974067e+01,1.982437e+01,1.986619e+01,1.990103e+01,1.985922e+01,1.988013e+01,1.981042e+01,1.981740e+01,1.984528e+01,1.979647e+01,1.989407e+01,1.981042e+01,1.988710e+01,1.993586e+01,1.981740e+01,1.989407e+01,1.994979e+01,1.984528e+01,1.986619e+01,1.985922e+01,1.981042e+01,1.985225e+01,1.985225e+01,1.988013e+01,1.964293e+01,1.990103e+01,1.990103e+01,1.990103e+01,1.988710e+01,1.986619e+01,1.975462e+01,1.978950e+01,1.987316e+01,1.973369e+01,1.988710e+01,1.985922e+01,1.976160e+01,1.987316e+01,1.999852e+01,2.042219e+01,2.113355e+01,2.119548e+01,2.131233e+01,2.125048e+01,2.118860e+01,2.120923e+01,2.126423e+01,2.120235e+01,2.123674e+01,2.127110e+01,2.124361e+01,2.120235e+01,2.127110e+01,2.131233e+01,2.125736e+01,2.125736e+01,2.131920e+01,2.123674e+01,2.122298e+01,2.133981e+01,2.120235e+01,2.115420e+01,2.118860e+01,2.125048e+01,2.132607e+01,2.129172e+01,2.129172e+01,2.116796e+01,2.129859e+01,2.137415e+01,2.129859e+01,2.120923e+01,2.127798e+01,2.125048e+01,2.127110e+01,2.126423e+01,2.123674e+01,2.123674e+01,2.124361e+01,2.121611e+01,2.132607e+01,2.131233e+01,2.135355e+01,2.123674e+01,2.133981e+01,2.122298e+01,2.124361e+01,2.130546e+01,2.124361e+01,2.122986e+01,2.134668e+01,2.133294e+01,2.127110e+01,2.125736e+01,2.132607e+01,2.122298e+01,2.120235e+01,2.122298e+01,2.119548e+01,2.114732e+01,2.119548e+01,2.123674e+01,2.118172e+01,2.125736e+01,2.128485e+01,2.112667e+01,2.123674e+01,2.134668e+01,2.120923e+01,2.126423e+01,2.111979e+01,2.121611e+01,2.120235e+01,2.124361e+01,2.118860e+01,2.102338e+01,2.122298e+01,2.121611e+01,2.120923e+01,2.122298e+01,2.122298e+01,2.127110e+01,2.130546e+01,2.109914e+01,2.124361e+01,2.109914e+01,2.122986e+01,2.111979e+01,2.116796e+01,2.100271e+01,2.107160e+01,2.113355e+01,2.107848e+01,2.114732e+01,2.115420e+01,2.118860e+01,2.111291e+01,2.100271e+01,2.109225e+01,2.086479e+01,2.105782e+01,2.103716e+01,2.101649e+01,2.111291e+01,2.098893e+01
2.130546e+01,2.133294e+01,2.125736e+01,2.124361e+01,2.123674e+01,2.115420e+01,2.111979e+01,2.124361e+01,2.120923e+01,2.126423e+01,2.127798e+01,2.131233e+01,2.126423e+01,2.129859e+01,2.133981e+01,2.131920e+01,2.116796e+01,2.133981e+01,2.135355e+01,2.131233e+01,2.121611e+01,2.132607e+01,2.123674e+01,2.130546e+01,2.133294e+01,2.116796e+01,2.127798e+01,2.125736e+01,2.127110e+01,2.125736e+01,2.123674e+01,2.127798e+01,2.127798e+01,2.158677e+01,2.133294e+01,2.122986e+01,2.133294e+01,2.127798e+01,2.130546e+01,2.127110e+01,2.127110e+01,2.132607e+01,2.127110e+01,2.138788e+01,2.126423e+01,2.133294e+01,2.123674e+01,2.129859e+01,2.129859e+01,2.124361e+01,2.114044e+01,2.119548e+01,2.133294e+01,2.126423e+01,2.138101e+01,2.133294e+01,2.128485e+01,2.134668e+01,2.133294e+01,2.133981e+01,2.125048e+01,2.140161e+01,2.136728e+01,2.134668e+01,2.128485e+01,2.126423e+01,2.131233e+01,2.126423e+01,2.135355e+01,2.145650e+01,2.127110e+01,2.127798e+01,2.136728e+01,2.128485e+01,2.122298e+01,2.138788e+01,2.133981e+01,2.133294e+01,2.122986e+01,2.129172e+01,2.133294e+01,2.143592e+01,2.134668e+01,2.129172e+01,2.133294e+01,2.138788e+01,2.148394e+01,2.133294e+01,2.142220e+01,2.131920e+01,2.130546e+01,2.133294e+01,2.131920e+01,2.140161e+01,2.129859e+01,2.131920e+01,2.131920e+01,2.136041e+01,2.127798e+01,2.130546e+01,2.127110e+01,2.131920e+01,2.127798e+01,2.129172e+01,2.136728e+01,2.128485e+01,2.126423e+01,2.134668e+01,2.137415e+01,2.138101e+01,2.127110e+01,2.140847e+01,2.135355e+01,2.114732e+01,2.140161e+01,2.130546e+01,2.133981e+01,2.138788e+01,2.136041e+01,2.125736e+01,2.133981e+01,2.138788e+01,2.136728e+01,2.132607e+01,2.133981e+01,2.131920e+01,2.134668e+01,2.131920e+01,2.135355e+01,2.131233e+01,2.134668e+01,2.136041e+01,2.138101e+01,2.140847e+01,2.128485e+01,2.142220e+01,2.133294e+01,2.141533e+01,2.137415e+01,2.135355e+01,2.137415e+01,2.137415e+01,2.144278e+01,2.136728e+01,2.138101e+01,2.136728e+01,2.132607e+01,2.138101e+01,2.140161e+01,2.133294e+01,2.132607e+01,2.140161e+01,2.140161e+01,2.119548e+01,2.133981e+01,2.127798e+01,2.134668e+01,2.134668e+01,2.132607e+01,2.144278e+01,2.129859e+01,2.132607e+01,2.129859e+01,2.139474e+01,2.141533e+01,2.142220e+01,2.138788e+01,2.138101e+01,2.135355e+01,2.138101e+01,2.145650e+01,2.135355e+01,2.140161e+01,2.127798e+01,2.140161e+01,2.140161e+01,2.144278e+01,2.144964e+01,2.143592e+01,2.145650e+01,2.127798e+01,2.135355e+01,2.127798e+01,2.133981e+01,2.137415e+01,2.140847e+01,2.138788e+01,2.142906e+01,2.143592e+01,2.134668e+01,2.132607e+01,2.133981e+01,2.135355e+01,2.144964e+01,2.129172e+01,2.129172e+01,2.133981e+01,2.135355e+01,2.132607e+01,2.132607e+01,2.130546e+01,2.132607e+01,2.135355e+01,2.143592e+01,2.125736e+01,2.143592e+01,2.132607e+01,2.132607e+01,2.132607e+01,2.121611e+01,2.119548e+01,2.131920e+01,2.134668e+01,2.130546e+01,2.135355e+01,2.126423e+01,2.133294e+01,2.137415e+01,2.134668e+01,2.136041e+01,2.136728e+01,2.136041e+01,2.140847e+01,2.136041e+01,2.141533e+01,2.138788e+01,2.138101e+01,2.129172e+01,2.139474e+01,2.140847e+01,2.136041e+01,2.133294e+01,2.148394e+01,2.133294e+01,2.149766e+01,2.132607e+01,2.137415e+01,2.140847e+01,2.136041e+01,2.162102e+01,2.136728e+01,2.138101e+01,2.141533e+01,2.134668e+01,2.142220e+01,2.139474e+01,2.140161e+01,2.139474e+01,2.138788e+01,2.138101e+01,2.134668e+01,2.131920e+01,2.138788e+01,2.136728e+01,2.136041e+01,2.142906e+01,2.135355e+01,2.145650e+01,2.143592e+01,2.143592e+01,2.142906e+01,2.140161e+01,2.140847e+01,2.147708e+01,2.138788e+01,2.143592e+01,2.140847e+01,2.138788e+01,2.136728e+01,2.138101e+01,2.142906e+01,2.137415e+01,2.132607e+01,2.140847e+01,2.137415e+01,2.132607e+01,2.142906e+01,2.140847e+01,2.125048e+01,2.135355e+01,2.131920e+01,2.137415e+01,2.124361e+01,2.144278e+01,2.140161e+01,2.130546e+01,2.130546e+01,2.131233e+01,2.133294e+01,2.133981e+01,2.132607e+01,2.144964e+01,2.149766e+01,2.142220e+01,2.155936e+01,2.129172e+01,2.133294e+01,2.135355e+01,2.128485e+01,2.133981e+01,2.137415e+01,2.148394e+01,2.144964e+01,2.144964e+01,2.131920e+01,2.129172e+01,2.134668e+01,2.138788e+01,2.134668e+01,2.139474e+01,2.138788e+01,2.138101e+01,2.129172e+01,2.142220e+01,2.142906e+01,2.129859e+01,2.140847e+01,2.136728e+01,2.136041e+01,2.138101e+01,2.135355e+01,2.138788e+01,2.144278e+01,2.136041e+01,2.143592e+01,2.140161e+01,2.136041e+01,2.136041e+01,2.137415e+01,2.129172e+01,2.138788e+01,2.133981e+01,2.139474e+01,2.143592e+01,2.138788e+01,2.141533e+01,2.140847e+01,2.137415e+01,2.134668e+01,2.134668e+01,2.138788e+01,2.133294e+01,2.137415e+01,2.135355e+01,2.138101e+01,2.139474e+01,2.129859e+01,2.132607e+01,2.137415e+01,2.137415e+01,2.127798e+01,2.138101e+01,2.138788e+01,2.141533e+01,2.140847e+01,2.140161e+01,2.131233e+01,2.121611e+01,2.108537e+01,2.050533e+01,2.003332e+01,2.001940e+01,1.992890e+01,1.995675e+01,1.996371e+01,1.984528e+01,1.990103e+01,1.985922e+01,1.987316e+01,1.994979e+01,1.994979e+01,1.992890e+01,1.985225e+01,1.997068e+01,1.988013e+01,1.997764e+01,1.998460e+01,2.002636e+01,2.005419e+01,2.017237e+01,2.014458e+01,2.013068e+01,2.010982e+01,2.008896e+01,2.004027e+01,2.002636e+01,2.006810e+01,2.012372e+01,2.017932e+01,2.016542e+01,2.020711e+01,2.017932e+01,2.013763e+01,2.029042e+01,2.020711e+01,2.035286e+01,2.014458e+01,2.025571e+01,2.010982e+01,2.013068e+01,2.013068e+01,2.029736e+01,2.010982e+01,2.014458e+01,2.004723e+01,1.997764e+01,1.994283e+01,1.993586e+01,1.990103e+01,2.006114e+01,1.990103e+01,1.988710e+01,1.994283e+01,1.999852e+01,1.991496e+01,1.991496e+01,1.990800e+01,1.982437e+01,1.986619e+01,1.987316e+01,2.048455e+01,2.099582e+01,2.098893e+01,2.118172e+01,2.127110e+01,2.122986e+01,2.118860e+01,2.128485e+01,2.113355e+01,2.122298e+01,2.123674e+01,2.120923e+01,2.120235e+01,2.125736e+01,2.122986e+01,2.126423e+01,2.124361e+01,2.127110e+01,2.122986e+01,2.124361e+01,2.128485e+01,2.121611e+01,2.120923e+01,2.120923e+01,2.122298e+01,2.125048e+01,2.114732e+01,2.127798e+01,2.100271e+01,2.024877e+01,1.994979e+01,1.986619e+01,1.981042e+01,1.978950e+01,1.978950e+01,1.972671e+01,1.983134e+01,1.969181e+01,1.970577e+01,1.967086e+01,1.975462e+01,1.976858e+01,1.983831e+01,1.981740e+01,1.983134e+01,1.981740e+01,2.001940e+01,1.981042e+01,1.997764e+01,1.985225e+01,1.987316e+01,1.979647e+01,1.975462e+01,1.978950e+01,1.997068e+01,1.988013e+01,1.981042e+01,1.992890e+01,1.990103e+01,1.994283e+01,1.997068e+01,1.990103e+01,1.988013e+01,1.983831e+01,1.988013e+01,1.986619e+01,1.986619e+01,1.994979e+01,1.988013e+01,1.994283e+01,1.996371e+01,1.997764e+01,1.989407e+01,2.001940e+01,1.989407e+01,1.997068e+01,1.981740e+01,1.991496e+01,1.993586e+01,1.992193e+01,1.988710e+01,1.981740e+01,1.995675e+01,1.978950e+01,1.988710e+01,1.997068e+01,1.980345e+01,1.985922e+01,1.985225e+01,1.987316e+01,1.987316e+01,1.978950e+01,1.981042e+01,1.983134e+01,1.986619e+01,1.988013e+01,1.982437e+01,1.983831e+01,1.983134e+01,1.984528e+01,1.988710e+01,1.982437e+01,1.990103e+01,1.985922e+01,1.982437e+01,1.988710e+01,1.980345e+01,1.988013e+01,1.983134e+01,1.978253e+01,1.997068e+01,1.997068e+01,1.988013e+01,2.044991e+01,2.090619e+01,2.113355e+01,2.121611e+01,2.125048e+01,2.127798e+01,2.125048e+01,2.130546e+01,2.123674e+01,2.114732e+01,2.134668e+01,2.119548e+01,2.124361e+01,2.127110e+01,2.118172e+01,2.122298e+01,2.125736e+01,2.126423e+01,2.120235e+01,2.121611e+01,2.133981e+01,2.133294e+01,2.131920e+01,2.126423e+01,2.125736e+01,2.126423e+01,2.127798e+01,2.129172e+01,2.122298e+01,2.127798e+01,2.133294e+01,2.119548e+01,2.123674e+01,2.122986e+01,2.125736e+01,2.142906e+01,2.130546e+01,2.123674e+01,2.131233e+01,2.130546e+01,2.125736e+01,2.125048e+01,2.134668e+01,2.122986e+01,2.124361e+01,2.126423e+01,2.129172e+01,2.122298e+01,2.122298e+01,2.124361e+01,2.130546e+01,2.129859e+01,2.128485e+01,2.129859e+01,2.131920e+01,2.130546e+01,2.127110e+01,2.134668e+01,2.125048e+01,2.133981e+01,2.125048e+01,2.125736e+01,2.120235e+01,2.120923e+01,2.118860e+01,2.116796e+01,2.120235e+01,2.118172e+01,2.122986e+01,2.127110e+01,2.118860e+01,2.143592e+01,2.122986e+01,2.120235e+01,2.120235e+01,2.119548e+01,2.114044e+01,2.115420e+01,2.104405e+01,2.122986e+01,2.118860e+01,2.107848e+01,2.124361e+01,2.120923e+01,2.114732e+01,2.124361e+01,2.118172e+01,2.106471e+01,2.113355e+01,2.103716e+01,2.121611e+01,2.113355e+01,2.108537e+01,2.107160e+01,2.104405e+01,2.117484e+01,2.105094e+01,2.114732e+01,2.112667e+01,2.095446e+01,2.109914e+01,2.111979e+01,2.132607e+01,2.109225e+01,2.115420e+01,2.100960e+01,2.113355e+01
2.142220e+01,2.120235e+01,2.118172e+01,2.131233e+01,2.130546e+01,2.135355e+01,2.123674e+01,2.127110e+01,2.126423e+01,2.135355e+01,2.123674e+01,2.128485e+01,2.131233e+01,2.128485e+01,2.128485e+01,2.125048e+01,2.125048e+01,2.133981e+01,2.125736e+01,2.129172e+01,2.125736e+01,2.122298e+01,2.129859e+01,2.144278e+01,2.125736e+01,2.129172e+01,2.127798e+01,2.124361e+01,2.124361e+01,2.122986e+01,2.127110e+01,2.122986e+01,2.129859e+01,2.126423e+01,2.126423e+01,2.127110e+01,2.125048e+01,2.142220e+01,2.127798e+01,2.127798e+01,2.126423e+01,2.149766e+01,2.127110e+01,2.128485e+01,2.132607e+01,2.133294e+01,2.127110e+01,2.124361e+01,2.121611e+01,2.127110e+01,2.128485e+01,2.136041e+01,2.133981e+01,2.122298e+01,2.136041e+01,2.136728e+01,2.117484e+01,2.131920e+01,2.133294e+01,2.140161e+01,2.140161e+01,2.126423e+01,2.135355e+01,2.128485e+01,2.114044e+01,2.124361e+01,2.137415e+01,2.128485e+01,2.133981e+01,2.133294e+01,2.123674e+01,2.125736e+01,2.136728e+01,2.133294e+01,2.129859e+01,2.129172e+01,2.131920e+01,2.129172e+01,2.115420e+01,2.129172e+01,2.127798e+01,2.129859e+01,2.130546e+01,2.145650e+01,2.135355e+01,2.136041e+01,2.141533e+01,2.138101e+01,2.144964e+01,2.129172e+01,2.133294e+01,2.137415e+01,2.146336e+01,2.140847e+01,2.134668e+01,2.136728e+01,2.133294e+01,2.135355e+01,2.133294e+01,2.129172e+01,2.128485e+01,2.128485e+01,2.128485e+01,2.137415e+01,2.126423e+01,2.140161e+01,2.133981e+01,2.147022e+01,2.140161e+01,2.128485e+01,2.127110e+01,2.136041e+01,2.126423e+01,2.127798e+01,2.133294e+01,2.129859e+01,2.137415e+01,2.133294e+01,2.139474e+01,2.138788e+01,2.134668e+01,2.131233e+01,2.138101e+01,2.133981e+01,2.133294e+01,2.135355e+01,2.131233e+01,2.131920e+01,2.136041e+01,2.139474e+01,2.134668e+01,2.136041e+01,2.138788e+01,2.134668e+01,2.142220e+01,2.127110e+01,2.132607e+01,2.135355e+01,2.133981e+01,2.139474e+01,2.141533e+01,2.136041e+01,2.140161e+01,2.143592e+01,2.134668e+01,2.140847e+01,2.133981e+01,2.138101e+01,2.141533e+01,2.126423e+01,2.139474e+01,2.140161e+01,2.133981e+01,2.141533e+01,2.138101e+01,2.140847e+01,2.138101e+01,2.133294e+01,2.132607e+01,2.133981e+01,2.138101e+01,2.131920e+01,2.131233e+01,2.136041e+01,2.144964e+01,2.143592e+01,2.133981e+01,2.138101e+01,2.134668e+01,2.138788e+01,2.136041e+01,2.142906e+01,2.137415e+01,2.131920e+01,2.131920e+01,2.141533e+01,2.137415e+01,2.142906e+01,2.144964e+01,2.139474e+01,2.148394e+01,2.146336e+01,2.140847e+01,2.134668e+01,2.133981e+01,2.134668e+01,2.133294e+01,2.140161e+01,2.151137e+01,2.138101e+01,2.134668e+01,2.139474e+01,2.138101e+01,2.138788e+01,2.129172e+01,2.131920e+01,2.141533e+01,2.132607e+01,2.134668e+01,2.131920e+01,2.129172e+01,2.133981e+01,2.140847e+01,2.130546e+01,2.132607e+01,2.130546e+01,2.132607e+01,2.136728e+01,2.133294e+01,2.116108e+01,2.138101e+01,2.133981e+01,2.136041e+01,2.147708e+01,2.138788e+01,2.133981e+01,2.133294e+01,2.134668e+01,2.133294e+01,2.140161e+01,2.145650e+01,2.131920e+01,2.149080e+01,2.138101e+01,2.131920e+01,2.136041e+01,2.135355e+01,2.133981e+01,2.149080e+01,2.136728e+01,2.149080e+01,2.137415e+01,2.149080e+01,2.140161e+01,2.144964e+01,2.140161e+01,2.136728e+01,2.133981e+01,2.138101e+01,2.136041e+01,2.137415e+01,2.142220e+01,2.138788e+01,2.142220e+01,2.142906e+01,2.140847e+01,2.135355e+01,2.138101e+01,2.144964e+01,2.148394e+01,2.145650e+01,2.131920e+01,2.134668e+01,2.141533e+01,2.137415e+01,2.137415e+01,2.141533e+01,2.142220e+01,2.144278e+01,2.144964e+01,2.136041e+01,2.142906e+01,2.142906e+01,2.141533e+01,2.138788e+01,2.137415e+01,2.142906e+01,2.139474e+01,2.138101e+01,2.136728e+01,2.140847e+01,2.141533e+01,2.136728e+01,2.130546e+01,2.138101e+01,2.137415e+01,2.132607e+01,2.137415e+01,2.122298e+01,2.125048e+01,2.133294e+01,2.130546e+01,2.136728e+01,2.139474e+01,2.136041e+01,2.135355e+01,2.133294e+01,2.138101e+01,2.142220e+01,2.141533e+01,2.142906e+01,2.140161e+01,2.141533e+01,2.153194e+01,2.147708e+01,2.146336e+01,2.135355e+01,2.136728e+01,2.131920e+01,2.137415e+01,2.135355e+01,2.137415e+01,2.144278e+01,2.140847e+01,2.131920e+01,2.133981e+01,2.133981e+01,2.138101e+01,2.132607e+01,2.138788e+01,2.141533e+01,2.133294e+01,2.137415e+01,2.130546e+01,2.138788e+01,2.138788e+01,2.134668e+01,2.142220e+01,2.142220e+01,2.136728e+01,2.148394e+01,2.139474e+01,2.138788e+01,2.136041e+01,2.143592e+01,2.137415e+01,2.142220e+01,2.136728e+01,2.134668e+01,2.131920e+01,2.134668e+01,2.142906e+01,2.144278e+01,2.139474e+01,2.138788e+01,2.139474e+01,2.129859e+01,2.129859e+01,2.130546e+01,2.133294e+01,2.132607e+01,2.133294e+01,2.136041e+01,2.134668e+01,2.127798e+01,2.134668e+01,2.133981e+01,2.131920e+01,2.127110e+01,2.135355e+01,2.129859e+01,2.137415e+01,2.129859e+01,2.127798e+01,2.144964e+01,2.131233e+01,2.118172e+01,2.085789e+01,2.074051e+01,2.031124e+01,1.993586e+01,1.997068e+01,1.992890e+01,1.989407e+01,1.990800e+01,1.991496e+01,1.991496e+01,1.990800e+01,1.983831e+01,1.989407e+01,1.992890e+01,1.988710e+01,1.995675e+01,1.991496e+01,1.999156e+01,1.992193e+01,2.003332e+01,2.024183e+01,2.002636e+01,1.995675e+01,2.003332e+01,2.009591e+01,2.009591e+01,2.008896e+01,2.003332e+01,2.004723e+01,2.017237e+01,2.001244e+01,2.015153e+01,2.015153e+01,2.028348e+01,2.017237e+01,2.020711e+01,2.022794e+01,2.023489e+01,2.022794e+01,2.027654e+01,2.022100e+01,2.014458e+01,2.006810e+01,2.014458e+01,2.004723e+01,2.014458e+01,1.997764e+01,2.004027e+01,1.999156e+01,1.990800e+01,1.984528e+01,2.004723e+01,1.986619e+01,1.990800e+01,1.990103e+01,1.991496e+01,1.998460e+01,1.992890e+01,1.991496e+01,1.999156e+01,1.986619e+01,2.004723e+01,2.014458e+01,2.020711e+01,2.096135e+01,2.111979e+01,2.115420e+01,2.125048e+01,2.122986e+01,2.118172e+01,2.114732e+01,2.131233e+01,2.132607e+01,2.116108e+01,2.118860e+01,2.128485e+01,2.115420e+01,2.125048e+01,2.124361e+01,2.126423e+01,2.124361e+01,2.110602e+01,2.125736e+01,2.125048e+01,2.116108e+01,2.120235e+01,2.120923e+01,2.131233e+01,2.129172e+01,2.115420e+01,2.111291e+01,2.078886e+01,2.002636e+01,1.984528e+01,1.984528e+01,1.973369e+01,1.974067e+01,1.978253e+01,1.980345e+01,1.976160e+01,1.973369e+01,1.974764e+01,1.992890e+01,1.982437e+01,1.971275e+01,1.981740e+01,1.986619e+01,1.982437e+01,1.981042e+01,1.981740e+01,1.980345e+01,1.985225e+01,1.990103e+01,1.992193e+01,1.990103e+01,1.982437e+01,1.978950e+01,1.978950e+01,1.980345e+01,1.992193e+01,1.994979e+01,1.990103e+01,1.995675e+01,1.988710e+01,1.991496e+01,1.993586e+01,1.992890e+01,1.999156e+01,1.994979e+01,1.993586e+01,1.992890e+01,1.997068e+01,1.999852e+01,1.988013e+01,2.001244e+01,1.999156e+01,1.999852e+01,1.991496e+01,1.990800e+01,1.992890e+01,1.993586e+01,1.983831e+01,1.990103e+01,1.981042e+01,1.996371e+01,1.990800e+01,1.994283e+01,1.998460e+01,1.983134e+01,1.986619e+01,1.987316e+01,1.985225e+01,1.984528e+01,1.983134e+01,1.986619e+01,1.987316e+01,1.988013e+01,1.991496e+01,1.985225e+01,1.986619e+01,1.976160e+01,1.971973e+01,1.990800e+01,1.990800e+01,1.991496e+01,1.985922e+01,1.985922e+01,1.983134e+01,1.986619e+01,1.985225e+01,1.988710e+01,1.989407e+01,1.990103e+01,1.981740e+01,1.990103e+01,1.992193e+01,2.063682e+01,2.085789e+01,2.118860e+01,2.125736e+01,2.127110e+01,2.123674e+01,2.125736e+01,2.125736e+01,2.122298e+01,2.123674e+01,2.123674e+01,2.122298e+01,2.119548e+01,2.118860e+01,2.127798e+01,2.121611e+01,2.131920e+01,2.121611e+01,2.127110e+01,2.126423e+01,2.125048e+01,2.123674e+01,2.125048e+01,2.127798e+01,2.122298e+01,2.124361e+01,2.127798e+01,2.124361e+01,2.128485e+01,2.119548e+01,2.128485e+01,2.130546e+01,2.120923e+01,2.125048e+01,2.124361e+01,2.120235e+01,2.114044e+01,2.122298e+01,2.118172e+01,2.128485e+01,2.120923e+01,2.120923e+01,2.129172e+01,2.127798e+01,2.113355e+01,2.125736e+01,2.122986e+01,2.130546e+01,2.137415e+01,2.133981e+01,2.140161e+01,2.128485e+01,2.130546e+01,2.126423e+01,2.129172e+01,2.121611e+01,2.116796e+01,2.128485e+01,2.125736e+01,2.118860e+01,2.131920e+01,2.121611e+01,2.116108e+01,2.125736e+01,2.111291e+01,2.125048e+01,2.117484e+01,2.120235e+01,2.138101e+01,2.122298e+01,2.113355e+01,2.117484e+01,2.119548e+01,2.116108e+01,2.121611e+01,2.122986e+01,2.117484e+01,2.122298e+01,2.114044e+01,2.117484e+01,2.111979e+01,2.121611e+01,2.123674e+01,2.125736e+01,2.120235e+01,2.121611e+01,2.111291e+01,2.114044e+01,2.116108e+01,2.111291e+01,2.113355e+01,2.106471e+01,2.105782e+01,2.102338e+01,2.103027e+01,2.101649e+01,2.101649e+01,2.099582e+01,2.097514e+01,2.103027e+01,2.105782e+01,2.096825e+01,2.106471e+01,2.116108e+01,2.097514e+01,2.118172e+01,2.089929e+01
2.131233e+01,2.123674e+01,2.121611e+01,2.129859e+01,2.116108e+01,2.120923e+01,2.123674e+01,2.137415e+01,2.122986e+01,2.126423e+01,2.126423e+01,2.126423e+01,2.131920e+01,2.128485e+01,2.129172e+01,2.133981e+01,2.131920e+01,2.126423e+01,2.129172e+01,2.125736e+01,2.124361e+01,2.122298e+01,2.125736e+01,2.130546e+01,2.126423e+01,2.119548e+01,2.129172e+01,2.117484e+01,2.119548e+01,2.121611e+01,2.127798e+01,2.118172e+01,2.123674e+01,2.139474e+01,2.127798e+01,2.122986e+01,2.118860e+01,2.122986e+01,2.126423e+01,2.126423e+01,2.124361e+01,2.125048e+01,2.125736e+01,2.127798e+01,2.133294e+01,2.132607e+01,2.125736e+01,2.131920e+01,2.124361e+01,2.127110e+01,2.134668e+01,2.136041e+01,2.138101e+01,2.131233e+01,2.128485e+01,2.131920e+01,2.131920e+01,2.129172e+01,2.133294e+01,2.129859e+01,2.134668e+01,2.132607e+01,2.138101e+01,2.126423e+01,2.114732e+01,2.128485e+01,2.124361e+01,2.135355e+01,2.133294e+01,2.141533e+01,2.133981e+01,2.141533e+01,2.135355e+01,2.126423e+01,2.120923e+01,2.131920e+01,2.138788e+01,2.129172e+01,2.124361e+01,2.123674e+01,2.128485e+01,2.136041e+01,2.133981e+01,2.142906e+01,2.151823e+01,2.135355e+01,2.134668e+01,2.133294e+01,2.140161e+01,2.140161e+01,2.136728e+01,2.138788e+01,2.129859e+01,2.133981e+01,2.147022e+01,2.129859e+01,2.125736e+01,2.138101e+01,2.142220e+01,2.131233e+01,2.129859e+01,2.127110e+01,2.131233e+01,2.125048e+01,2.139474e+01,2.142906e+01,2.128485e+01,2.129859e+01,2.131233e+01,2.142220e+01,2.132607e+01,2.140161e+01,2.136728e+01,2.134668e+01,2.132607e+01,2.147022e+01,2.134668e+01,2.140161e+01,2.138101e+01,2.136728e+01,2.140847e+01,2.133294e+01,2.130546e+01,2.142220e+01,2.136728e+01,2.118172e+01,2.144278e+01,2.136728e+01,2.136041e+01,2.134668e+01,2.136041e+01,2.138788e+01,2.140161e+01,2.140161e+01,2.139474e+01,2.139474e+01,2.139474e+01,2.144278e+01,2.133981e+01,2.136728e+01,2.135355e+01,2.141533e+01,2.143592e+01,2.145650e+01,2.139474e+01,2.136041e+01,2.131920e+01,2.132607e+01,2.115420e+01,2.126423e+01,2.136728e+01,2.138788e+01,2.133981e+01,2.132607e+01,2.136728e+01,2.146336e+01,2.135355e+01,2.133294e+01,2.137415e+01,2.144278e+01,2.131920e+01,2.131920e+01,2.135355e+01,2.141533e+01,2.136728e+01,2.140161e+01,2.140847e+01,2.135355e+01,2.133981e+01,2.130546e+01,2.138788e+01,2.133981e+01,2.134668e+01,2.137415e+01,2.134668e+01,2.134668e+01,2.142906e+01,2.135355e+01,2.151823e+01,2.148394e+01,2.151137e+01,2.151823e+01,2.137415e+01,2.136041e+01,2.135355e+01,2.132607e+01,2.138101e+01,2.141533e+01,2.135355e+01,2.138101e+01,2.131233e+01,2.144278e+01,2.129859e+01,2.142220e+01,2.136728e+01,2.142906e+01,2.136728e+01,2.133981e+01,2.131920e+01,2.131233e+01,2.131920e+01,2.140161e+01,2.133981e+01,2.129859e+01,2.129859e+01,2.125736e+01,2.133981e+01,2.142220e+01,2.127798e+01,2.133294e+01,2.134668e+01,2.142220e+01,2.124361e+01,2.127798e+01,2.120235e+01,2.136041e+01,2.135355e+01,2.130546e+01,2.133981e+01,2.129859e+01,2.140161e+01,2.142220e+01,2.144278e+01,2.133981e+01,2.143592e+01,2.137415e+01,2.142220e+01,2.131233e+01,2.129859e+01,2.140161e+01,2.148394e+01,2.141533e+01,2.137415e+01,2.144278e+01,2.134668e+01,2.140161e+01,2.138788e+01,2.133981e+01,2.140847e+01,2.142220e+01,2.136041e+01,2.140161e+01,2.139474e+01,2.143592e+01,2.141533e+01,2.142220e+01,2.138101e+01,2.136041e+01,2.139474e+01,2.147022e+01,2.146336e+01,2.137415e+01,2.141533e+01,2.142220e+01,2.133981e+01,2.136041e+01,2.154565e+01,2.139474e+01,2.144964e+01,2.144278e+01,2.142220e+01,2.144278e+01,2.137415e+01,2.149766e+01,2.143592e+01,2.143592e+01,2.143592e+01,2.137415e+01,2.140847e+01,2.138101e+01,2.138101e+01,2.131233e+01,2.130546e+01,2.129172e+01,2.155936e+01,2.132607e+01,2.135355e+01,2.144964e+01,2.128485e+01,2.144278e+01,2.138101e+01,2.138101e+01,2.129859e+01,2.142220e+01,2.138101e+01,2.142220e+01,2.131920e+01,2.140161e+01,2.137415e+01,2.134668e+01,2.144278e+01,2.135355e+01,2.144278e+01,2.140847e+01,2.133294e+01,2.136041e+01,2.142906e+01,2.135355e+01,2.136041e+01,2.109914e+01,2.140161e+01,2.138101e+01,2.135355e+01,2.133294e+01,2.139474e+01,2.143592e+01,2.133981e+01,2.140847e+01,2.135355e+01,2.137415e+01,2.139474e+01,2.131920e+01,2.136728e+01,2.136041e+01,2.146336e+01,2.136728e+01,2.135355e+01,2.147022e+01,2.138788e+01,2.139474e+01,2.137415e+01,2.137415e+01,2.136728e+01,2.136728e+01,2.139474e+01,2.144278e+01,2.134668e+01,2.141533e+01,2.140161e+01,2.134668e+01,2.138788e+01,2.138101e+01,2.139474e+01,2.137415e+01,2.143592e+01,2.139474e+01,2.129172e+01,2.136728e+01,2.130546e+01,2.131920e+01,2.136728e+01,2.134668e+01,2.136728e+01,2.127798e+01,2.138101e+01,2.136041e+01,2.129172e+01,2.132607e+01,2.136041e+01,2.129172e+01,2.129859e+01,2.132607e+01,2.131233e+01,2.131920e+01,2.132607e+01,2.125048e+01,2.095446e+01,2.056071e+01,2.017237e+01,2.001244e+01,1.998460e+01,1.992193e+01,2.000548e+01,1.981740e+01,1.991496e+01,1.993586e+01,1.985225e+01,1.983134e+01,1.987316e+01,1.984528e+01,1.987316e+01,1.988013e+01,1.997764e+01,1.992193e+01,1.996371e+01,1.994283e+01,1.995675e+01,1.995675e+01,1.999852e+01,1.997764e+01,2.011677e+01,1.996371e+01,2.009591e+01,2.010287e+01,2.003332e+01,2.006114e+01,2.014458e+01,2.017237e+01,2.015848e+01,2.014458e+01,2.016542e+01,2.032512e+01,2.026960e+01,2.021405e+01,2.022794e+01,2.015848e+01,2.022100e+01,2.013763e+01,2.009591e+01,2.014458e+01,2.008896e+01,2.002636e+01,2.003332e+01,2.000548e+01,1.998460e+01,2.002636e+01,1.996371e+01,1.994283e+01,2.000548e+01,1.987316e+01,1.992890e+01,1.994979e+01,1.985922e+01,1.992890e+01,1.990103e+01,1.985225e+01,1.990103e+01,1.985225e+01,1.986619e+01,1.984528e+01,2.017932e+01,2.096135e+01,2.114732e+01,2.118860e+01,2.125736e+01,2.125736e+01,2.120923e+01,2.128485e+01,2.111979e+01,2.114044e+01,2.120235e+01,2.124361e+01,2.120923e+01,2.125048e+01,2.127110e+01,2.120235e+01,2.128485e+01,2.127110e+01,2.120235e+01,2.122298e+01,2.125736e+01,2.120235e+01,2.116796e+01,2.125048e+01,2.125736e+01,2.127110e+01,2.125736e+01,2.099582e+01,2.022794e+01,2.002636e+01,1.988710e+01,1.981740e+01,1.976858e+01,1.974067e+01,1.976858e+01,1.968483e+01,1.976858e+01,1.978950e+01,1.988710e+01,1.980345e+01,1.979647e+01,1.976160e+01,1.981740e+01,1.985225e+01,1.986619e+01,1.988013e+01,1.986619e+01,1.981042e+01,1.986619e+01,1.985922e+01,1.989407e+01,2.006114e+01,1.987316e+01,1.978950e+01,1.989407e+01,1.986619e+01,1.988710e+01,1.992193e+01,1.990103e+01,1.992890e+01,1.991496e+01,1.992890e+01,1.997764e+01,1.998460e+01,1.999852e+01,1.991496e+01,1.990103e+01,1.992193e+01,1.986619e+01,2.001940e+01,1.991496e+01,1.993586e+01,1.996371e+01,1.975462e+01,1.993586e+01,1.990800e+01,1.992193e+01,1.999156e+01,1.995675e+01,1.992193e+01,1.998460e+01,1.990800e+01,1.991496e+01,1.989407e+01,1.986619e+01,1.980345e+01,1.981042e+01,1.990800e+01,1.985922e+01,1.990103e+01,1.991496e+01,1.988710e+01,1.980345e+01,1.982437e+01,1.987316e+01,1.991496e+01,1.990103e+01,1.977555e+01,1.988710e+01,1.988710e+01,1.981042e+01,1.988710e+01,1.986619e+01,1.997764e+01,1.988013e+01,1.985225e+01,1.970577e+01,1.990103e+01,1.996371e+01,1.994283e+01,1.991496e+01,1.994979e+01,2.022794e+01,2.085099e+01,2.119548e+01,2.110602e+01,2.135355e+01,2.118172e+01,2.129172e+01,2.125736e+01,2.122986e+01,2.122298e+01,2.123674e+01,2.122986e+01,2.123674e+01,2.122986e+01,2.120235e+01,2.127798e+01,2.129172e+01,2.127110e+01,2.120235e+01,2.125736e+01,2.122986e+01,2.122986e+01,2.127110e+01,2.129172e+01,2.125048e+01,2.127110e+01,2.129172e+01,2.129859e+01,2.129859e+01,2.122986e+01,2.120235e+01,2.130546e+01,2.121611e+01,2.124361e+01,2.120923e+01,2.129859e+01,2.127110e+01,2.137415e+01,2.124361e+01,2.127798e+01,2.125736e+01,2.125736e+01,2.124361e+01,2.127110e+01,2.130546e+01,2.120923e+01,2.118860e+01,2.118860e+01,2.127798e+01,2.122298e+01,2.125048e+01,2.120923e+01,2.137415e+01,2.129172e+01,2.122298e+01,2.127798e+01,2.133294e+01,2.122986e+01,2.123674e+01,2.124361e+01,2.123674e+01,2.123674e+01,2.122298e+01,2.119548e+01,2.126423e+01,2.114732e+01,2.117484e+01,2.129859e+01,2.114732e+01,2.124361e+01,2.111979e+01,2.125736e+01,2.123674e+01,2.121611e+01,2.111979e+01,2.125736e+01,2.117484e+01,2.120923e+01,2.122298e+01,2.118172e+01,2.115420e+01,2.114044e+01,2.114732e+01,2.118172e+01,2.111979e+01,2.122986e+01,2.116108e+01,2.118172e+01,2.116108e+01,2.111979e+01,2.109914e+01,2.107848e+01,2.103027e+01,2.111291e+01,2.109914e+01,2.103716e+01,2.109225e+01,2.104405e+01,2.098203e+01,2.094757e+01,2.100271e+01,2.111291e+01,2.099582e+01,2.099582e+01,2.112667e+01,2.100960e+01,2.110602e+01,2.098893e+01
2.138101e+01,2.132607e+01,2.126423e+01,2.117484e+01,2.120923e+01,2.125048e+01,2.125048e+01,2.122298e+01,2.125048e+01,2.128485e+01,2.127798e+01,2.126423e+01,2.128485e+01,2.129859e+01,2.129859e+01,2.131233e+01,2.125048e+01,2.125736e+01,2.125736e+01,2.136041e+01,2.122986e+01,2.119548e+01,2.124361e+01,2.124361e+01,2.128485e+01,2.125048e+01,2.122298e+01,2.125048e+01,2.122986e+01,2.120235e+01,2.120923e+01,2.129172e+01,2.127110e+01,2.126423e+01,2.123674e+01,2.127110e+01,2.134668e+01,2.126423e+01,2.126423e+01,2.125736e+01,2.153880e+01,2.123674e+01,2.125736e+01,2.132607e+01,2.127798e+01,2.124361e+01,2.123674e+01,2.119548e+01,2.129859e+01,2.134668e+01,2.124361e+01,2.138101e+01,2.133294e+01,2.127798e+01,2.134668e+01,2.128485e+01,2.124361e+01,2.129172e+01,2.116796e+01,2.132607e+01,2.135355e+01,2.129859e+01,2.120235e+01,2.135355e+01,2.131920e+01,2.129172e+01,2.131920e+01,2.128485e+01,2.118172e+01,2.129172e+01,2.125048e+01,2.136041e+01,2.125048e+01,2.130546e+01,2.133981e+01,2.133294e+01,2.132607e+01,2.129859e+01,2.129172e+01,2.127110e+01,2.129859e+01,2.150451e+01,2.142220e+01,2.129859e+01,2.122986e+01,2.133294e+01,2.129172e+01,2.136041e+01,2.136728e+01,2.140161e+01,2.131920e+01,2.134668e+01,2.129172e+01,2.136728e+01,2.140161e+01,2.130546e+01,2.126423e+01,2.134668e+01,2.129859e+01,2.134668e+01,2.126423e+01,2.129859e+01,2.139474e+01,2.125736e+01,2.144278e+01,2.141533e+01,2.128485e+01,2.128485e+01,2.138788e+01,2.121611e+01,2.141533e+01,2.133981e+01,2.139474e+01,2.138788e+01,2.129859e+01,2.136728e+01,2.136728e+01,2.133294e+01,2.133981e+01,2.140847e+01,2.137415e+01,2.135355e+01,2.134668e+01,2.131233e+01,2.138101e+01,2.125736e+01,2.150451e+01,2.131233e+01,2.135355e+01,2.116796e+01,2.141533e+01,2.117484e+01,2.141533e+01,2.125736e+01,2.123674e+01,2.135355e+01,2.136041e+01,2.135355e+01,2.135355e+01,2.130546e+01,2.133981e+01,2.132607e+01,2.140161e+01,2.143592e+01,2.148394e+01,2.143592e+01,2.124361e+01,2.135355e+01,2.133294e+01,2.137415e+01,2.135355e+01,2.148394e+01,2.132607e+01,2.133294e+01,2.130546e+01,2.142220e+01,2.129172e+01,2.130546e+01,2.127110e+01,2.126423e+01,2.142220e+01,2.132607e+01,2.131920e+01,2.133294e+01,2.136041e+01,2.138101e+01,2.142220e+01,2.137415e+01,2.137415e+01,2.136041e+01,2.138788e+01,2.137415e+01,2.132607e+01,2.139474e+01,2.128485e+01,2.138101e+01,2.140161e+01,2.132607e+01,2.139474e+01,2.138788e+01,2.138788e+01,2.138101e+01,2.140161e+01,2.136041e+01,2.136041e+01,2.138788e+01,2.136728e+01,2.144278e+01,2.137415e+01,2.139474e+01,2.134668e+01,2.142220e+01,2.139474e+01,2.131233e+01,2.138788e+01,2.139474e+01,2.138101e+01,2.129172e+01,2.133981e+01,2.131920e+01,2.135355e+01,2.130546e+01,2.129172e+01,2.130546e+01,2.139474e+01,2.127798e+01,2.131920e+01,2.127110e+01,2.128485e+01,2.133294e+01,2.136041e+01,2.139474e+01,2.135355e+01,2.136041e+01,2.123674e+01,2.136728e+01,2.134668e+01,2.134668e+01,2.129859e+01,2.140161e+01,2.139474e+01,2.136728e+01,2.131920e+01,2.136728e+01,2.144278e+01,2.140847e+01,2.132607e+01,2.132607e+01,2.132607e+01,2.135355e+01,2.134668e+01,2.138788e+01,2.143592e+01,2.132607e+01,2.133981e+01,2.133981e+01,2.133981e+01,2.134668e+01,2.136728e+01,2.134668e+01,2.138788e+01,2.133981e+01,2.138101e+01,2.140847e+01,2.137415e+01,2.141533e+01,2.139474e+01,2.133981e+01,2.139474e+01,2.138101e+01,2.140847e+01,2.146336e+01,2.144278e+01,2.135355e+01,2.142220e+01,2.140161e+01,2.139474e+01,2.140161e+01,2.142220e+01,2.146336e+01,2.143592e+01,2.143592e+01,2.140161e+01,2.140847e+01,2.142906e+01,2.138101e+01,2.140161e+01,2.133981e+01,2.138101e+01,2.138101e+01,2.141533e+01,2.136041e+01,2.139474e+01,2.138101e+01,2.146336e+01,2.140161e+01,2.134668e+01,2.137415e+01,2.142220e+01,2.124361e+01,2.136728e+01,2.131920e+01,2.136728e+01,2.138101e+01,2.140847e+01,2.144964e+01,2.139474e+01,2.134668e+01,2.136728e+01,2.136728e+01,2.143592e+01,2.146336e+01,2.133981e+01,2.138101e+01,2.136728e+01,2.142220e+01,2.133294e+01,2.140847e+01,2.131920e+01,2.137415e+01,2.136041e+01,2.136041e+01,2.139474e+01,2.141533e+01,2.132607e+01,2.125048e+01,2.143592e+01,2.140161e+01,2.137415e+01,2.133294e+01,2.138101e+01,2.127798e+01,2.139474e+01,2.136041e+01,2.136041e+01,2.129859e+01,2.144278e+01,2.138788e+01,2.145650e+01,2.132607e+01,2.131233e+01,2.134668e+01,2.138788e+01,2.139474e+01,2.140161e+01,2.140847e+01,2.142220e+01,2.134668e+01,2.137415e+01,2.138101e+01,2.136728e+01,2.143592e+01,2.147022e+01,2.135355e+01,2.140161e+01,2.142220e+01,2.133981e+01,2.133981e+01,2.133981e+01,2.138788e+01,2.134668e+01,2.131920e+01,2.136041e+01,2.124361e+01,2.140847e+01,2.125736e+01,2.127798e+01,2.126423e+01,2.125048e+01,2.131233e+01,2.127798e+01,2.131233e+01,2.133294e+01,2.127110e+01,2.135355e+01,2.117484e+01,2.079576e+01,2.020016e+01,2.008201e+01,1.992890e+01,1.998460e+01,1.994283e+01,1.988710e+01,1.994283e+01,1.990800e+01,1.990800e+01,1.988710e+01,1.983134e+01,1.990103e+01,1.985225e+01,1.987316e+01,1.990103e+01,1.992890e+01,1.994283e+01,1.989407e+01,1.998460e+01,1.999852e+01,1.995675e+01,1.999852e+01,2.003332e+01,2.010982e+01,2.012372e+01,2.008896e+01,2.004723e+01,2.012372e+01,2.008896e+01,2.010287e+01,2.017932e+01,2.010982e+01,2.015153e+01,2.007505e+01,2.012372e+01,2.013068e+01,2.026960e+01,2.013763e+01,2.022794e+01,2.024877e+01,2.020016e+01,2.015848e+01,2.014458e+01,2.011677e+01,2.002636e+01,2.010982e+01,2.005419e+01,2.004027e+01,1.986619e+01,2.000548e+01,2.010982e+01,1.992890e+01,1.991496e+01,2.001940e+01,1.993586e+01,1.988013e+01,1.989407e+01,1.989407e+01,1.988013e+01,1.985922e+01,1.983831e+01,1.990800e+01,2.003332e+01,2.019321e+01,2.088549e+01,2.097514e+01,2.117484e+01,2.120923e+01,2.116108e+01,2.118860e+01,2.124361e+01,2.118172e+01,2.111979e+01,2.116108e+01,2.117484e+01,2.125736e+01,2.126423e+01,2.120235e+01,2.121611e+01,2.120235e+01,2.120235e+01,2.122986e+01,2.125736e+01,2.121611e+01,2.129172e+01,2.118172e+01,2.118860e+01,2.107848e+01,2.122986e+01,2.115420e+01,2.069905e+01,2.011677e+01,1.985922e+01,1.985922e+01,1.971275e+01,1.973369e+01,1.971973e+01,1.973369e+01,1.970577e+01,1.976160e+01,1.976160e+01,1.989407e+01,1.976858e+01,1.985922e+01,1.968483e+01,1.981042e+01,1.988710e+01,1.983134e+01,1.988013e+01,1.981042e+01,1.990103e+01,1.988710e+01,1.986619e+01,1.988013e+01,1.985922e+01,2.005419e+01,1.991496e+01,1.997068e+01,1.988710e+01,1.989407e+01,1.991496e+01,1.990800e+01,1.988710e+01,1.992890e+01,1.981740e+01,1.983134e+01,1.997764e+01,1.999156e+01,1.997068e+01,1.990800e+01,1.992193e+01,1.999852e+01,1.999852e+01,1.996371e+01,1.989407e+01,1.995675e+01,1.992193e+01,2.001244e+01,1.999156e+01,1.991496e+01,1.994979e+01,1.997068e+01,1.994283e+01,1.998460e+01,1.996371e+01,1.994283e+01,1.994283e+01,1.985225e+01,1.994979e+01,1.984528e+01,1.987316e+01,1.971973e+01,1.991496e+01,1.965689e+01,1.992193e+01,1.984528e+01,1.981740e+01,1.978253e+01,1.990103e+01,1.990800e+01,1.978253e+01,1.982437e+01,1.983831e+01,1.989407e+01,1.988013e+01,1.988013e+01,1.992890e+01,1.987316e+01,1.979647e+01,1.978950e+01,1.989407e+01,1.994283e+01,1.992193e+01,1.998460e+01,2.017237e+01,2.063682e+01,2.088549e+01,2.104405e+01,2.122986e+01,2.120923e+01,2.131233e+01,2.125736e+01,2.123674e+01,2.133981e+01,2.136041e+01,2.128485e+01,2.123674e+01,2.119548e+01,2.117484e+01,2.120923e+01,2.133294e+01,2.117484e+01,2.118860e+01,2.115420e+01,2.116796e+01,2.116796e+01,2.116796e+01,2.117484e+01,2.124361e+01,2.120923e+01,2.125048e+01,2.127798e+01,2.129172e+01,2.129859e+01,2.123674e+01,2.122298e+01,2.120923e+01,2.118172e+01,2.129172e+01,2.128485e+01,2.120235e+01,2.118860e+01,2.121611e+01,2.130546e+01,2.115420e+01,2.119548e+01,2.127798e+01,2.136041e+01,2.131920e+01,2.122298e+01,2.116796e+01,2.115420e+01,2.126423e+01,2.133981e+01,2.115420e+01,2.125048e+01,2.123674e+01,2.131920e+01,2.125048e+01,2.125736e+01,2.118860e+01,2.127798e+01,2.125736e+01,2.125736e+01,2.133981e+01,2.131920e+01,2.126423e+01,2.122298e+01,2.129859e+01,2.120923e+01,2.110602e+01,2.116796e+01,2.115420e+01,2.120235e+01,2.109914e+01,2.118172e+01,2.111291e+01,2.118860e+01,2.120923e+01,2.107848e+01,2.123674e+01,2.102338e+01,2.120923e+01,2.114044e+01,2.091998e+01,2.106471e+01,2.117484e+01,2.127110e+01,2.115420e+01,2.111979e+01,2.111979e+01,2.115420e+01,2.114044e+01,2.114044e+01,2.119548e+01,2.109914e+01,2.111291e+01,2.111291e+01,2.106471e+01,2.099582e+01,2.109225e+01,2.098893e+01,2.100960e+01,2.094757e+01,2.098893e+01,2.096135e+01,2.098203e+01,2.103716e+01,2.109225e+01,2.109225e+01,2.096135e+01,2.108537e+01,2.104405e+01
2.125048e+01,2.128485e+01,2.135355e+01,2.127798e+01,2.130546e+01,2.149080e+01,2.126423e+01,2.118172e+01,2.125048e+01,2.125736e+01,2.126423e+01,2.127798e+01,2.128485e+01,2.130546e+01,2.127798e+01,2.127110e+01,2.125736e+01,2.139474e+01,2.125048e+01,2.122986e+01,2.124361e+01,2.129859e+01,2.120235e+01,2.126423e+01,2.142220e+01,2.129859e+01,2.122298e+01,2.125736e+01,2.117484e+01,2.116796e+01,2.122986e+01,2.120235e+01,2.121611e+01,2.131233e+01,2.136728e+01,2.128485e+01,2.126423e+01,2.120923e+01,2.127798e+01,2.127798e+01,2.128485e+01,2.125048e+01,2.122986e+01,2.132607e+01,2.124361e+01,2.123674e+01,2.123674e+01,2.133294e+01,2.140847e+01,2.117484e+01,2.128485e+01,2.137415e+01,2.118172e+01,2.131233e+01,2.133981e+01,2.133981e+01,2.127798e+01,2.146336e+01,2.125736e+01,2.133981e+01,2.127110e+01,2.128485e+01,2.141533e+01,2.118860e+01,2.131920e+01,2.126423e+01,2.126423e+01,2.131233e+01,2.129859e+01,2.137415e+01,2.134668e+01,2.131920e+01,2.129859e+01,2.131920e+01,2.131920e+01,2.138101e+01,2.130546e+01,2.139474e+01,2.131233e+01,2.131920e+01,2.138101e+01,2.145650e+01,2.137415e+01,2.129172e+01,2.128485e+01,2.126423e+01,2.140847e+01,2.133294e+01,2.138101e+01,2.135355e+01,2.144278e+01,2.133981e+01,2.139474e+01,2.140161e+01,2.140161e+01,2.131233e+01,2.138788e+01,2.138788e+01,2.136728e+01,2.134668e+01,2.131920e+01,2.135355e+01,2.138101e+01,2.136041e+01,2.146336e+01,2.127798e+01,2.138788e+01,2.127110e+01,2.139474e+01,2.138101e+01,2.125736e+01,2.135355e+01,2.133294e+01,2.129859e+01,2.133294e+01,2.138101e+01,2.136041e+01,2.143592e+01,2.141533e+01,2.140847e+01,2.147022e+01,2.142906e+01,2.139474e+01,2.141533e+01,2.142220e+01,2.138788e+01,2.140847e+01,2.138788e+01,2.138788e+01,2.138788e+01,2.141533e+01,2.139474e+01,2.142220e+01,2.140161e+01,2.140161e+01,2.136041e+01,2.136728e+01,2.138788e+01,2.142906e+01,2.127110e+01,2.141533e+01,2.140161e+01,2.142906e+01,2.151137e+01,2.146336e+01,2.144964e+01,2.140847e+01,2.134668e+01,2.117484e+01,2.129172e+01,2.133981e+01,2.145650e+01,2.147708e+01,2.132607e+01,2.134668e+01,2.139474e+01,2.138788e+01,2.141533e+01,2.140847e+01,2.130546e+01,2.136728e+01,2.128485e+01,2.133981e+01,2.154565e+01,2.135355e+01,2.138788e+01,2.143592e+01,2.131233e+01,2.134668e+01,2.136728e+01,2.141533e+01,2.138101e+01,2.133981e+01,2.140161e+01,2.140161e+01,2.136041e+01,2.139474e+01,2.128485e+01,2.134668e+01,2.146336e+01,2.143592e+01,2.135355e+01,2.138101e+01,2.138101e+01,2.149080e+01,2.133981e+01,2.147708e+01,2.145650e+01,2.144278e+01,2.149766e+01,2.137415e+01,2.136041e+01,2.143592e+01,2.144278e+01,2.142220e+01,2.133981e+01,2.129859e+01,2.138101e+01,2.132607e+01,2.135355e+01,2.129859e+01,2.140847e+01,2.138788e+01,2.136041e+01,2.129172e+01,2.129859e+01,2.130546e+01,2.149080e+01,2.129859e+01,2.133294e+01,2.130546e+01,2.140161e+01,2.138101e+01,2.138101e+01,2.138788e+01,2.136728e+01,2.138788e+01,2.140847e+01,2.133981e+01,2.133294e+01,2.131233e+01,2.127110e+01,2.125736e+01,2.142906e+01,2.137415e+01,2.139474e+01,2.138788e+01,2.137415e+01,2.143592e+01,2.136041e+01,2.138788e+01,2.141533e+01,2.136041e+01,2.135355e+01,2.144278e+01,2.138101e+01,2.134668e+01,2.131233e+01,2.136728e+01,2.151823e+01,2.134668e+01,2.138788e+01,2.136728e+01,2.137415e+01,2.141533e+01,2.141533e+01,2.138788e+01,2.136728e+01,2.137415e+01,2.138788e+01,2.141533e+01,2.144278e+01,2.130546e+01,2.143592e+01,2.139474e+01,2.144278e+01,2.138788e+01,2.149766e+01,2.144278e+01,2.143592e+01,2.141533e+01,2.142220e+01,2.142220e+01,2.144278e+01,2.143592e+01,2.140847e+01,2.142220e+01,2.141533e+01,2.144964e+01,2.138788e+01,2.143592e+01,2.135355e+01,2.136041e+01,2.144964e+01,2.135355e+01,2.127110e+01,2.142220e+01,2.136728e+01,2.129859e+01,2.125048e+01,2.143592e+01,2.138101e+01,2.134668e+01,2.136728e+01,2.136041e+01,2.138101e+01,2.131920e+01,2.147022e+01,2.143592e+01,2.138788e+01,2.138788e+01,2.142906e+01,2.136041e+01,2.133981e+01,2.136728e+01,2.132607e+01,2.147708e+01,2.139474e+01,2.136041e+01,2.136041e+01,2.138788e+01,2.141533e+01,2.135355e+01,2.141533e+01,2.133294e+01,2.136041e+01,2.149080e+01,2.138788e+01,2.133294e+01,2.142220e+01,2.159362e+01,2.138788e+01,2.127798e+01,2.140847e+01,2.135355e+01,2.133981e+01,2.133294e+01,2.133294e+01,2.131920e+01,2.137415e+01,2.138101e+01,2.136041e+01,2.136041e+01,2.137415e+01,2.141533e+01,2.140847e+01,2.140847e+01,2.118860e+01,2.144278e+01,2.138101e+01,2.139474e+01,2.141533e+01,2.143592e+01,2.142906e+01,2.144964e+01,2.125048e+01,2.139474e+01,2.136728e+01,2.143592e+01,2.133294e+01,2.141533e+01,2.142906e+01,2.139474e+01,2.127110e+01,2.136041e+01,2.129859e+01,2.136041e+01,2.131233e+01,2.132607e+01,2.129172e+01,2.128485e+01,2.133294e+01,2.153194e+01,2.131233e+01,2.127110e+01,2.125048e+01,2.085099e+01,2.018627e+01,2.005419e+01,2.001940e+01,1.988710e+01,2.001940e+01,1.991496e+01,1.992193e+01,1.990103e+01,1.983134e+01,1.983831e+01,1.989407e+01,1.984528e+01,1.991496e+01,1.987316e+01,1.998460e+01,2.001940e+01,1.989407e+01,1.993586e+01,1.992890e+01,1.995675e+01,1.997764e+01,1.994283e+01,2.006114e+01,2.004723e+01,2.009591e+01,2.006114e+01,2.003332e+01,2.018627e+01,2.009591e+01,2.001940e+01,2.010982e+01,2.011677e+01,2.014458e+01,2.016542e+01,2.009591e+01,2.040140e+01,2.013763e+01,2.028348e+01,2.014458e+01,2.016542e+01,2.016542e+01,2.013763e+01,2.014458e+01,2.016542e+01,2.006810e+01,1.999852e+01,2.006810e+01,2.001940e+01,1.997764e+01,2.001244e+01,2.001940e+01,2.006810e+01,1.992890e+01,1.997764e+01,1.991496e+01,1.988013e+01,1.990800e+01,1.990103e+01,1.988013e+01,1.990103e+01,1.984528e+01,1.985922e+01,1.995675e+01,2.022100e+01,2.077505e+01,2.116108e+01,2.122298e+01,2.120235e+01,2.119548e+01,2.119548e+01,2.123674e+01,2.118860e+01,2.116796e+01,2.123674e+01,2.118172e+01,2.120235e+01,2.136728e+01,2.126423e+01,2.119548e+01,2.118860e+01,2.120235e+01,2.133294e+01,2.119548e+01,2.129859e+01,2.121611e+01,2.122986e+01,2.117484e+01,2.119548e+01,2.117484e+01,2.084409e+01,2.024877e+01,2.013068e+01,1.983831e+01,1.978950e+01,1.986619e+01,1.983831e+01,1.974067e+01,1.985225e+01,1.979647e+01,1.981740e+01,1.987316e+01,1.985922e+01,1.980345e+01,1.982437e+01,1.984528e+01,1.981740e+01,1.982437e+01,1.981740e+01,1.978253e+01,1.979647e+01,1.991496e+01,1.990103e+01,1.981740e+01,1.985225e+01,1.992890e+01,1.990103e+01,2.004723e+01,1.994283e+01,1.989407e+01,1.983831e+01,1.990103e+01,1.988710e+01,1.996371e+01,1.997068e+01,1.997068e+01,1.981740e+01,1.989407e+01,1.997764e+01,1.983831e+01,1.992890e+01,1.990800e+01,1.999852e+01,1.992193e+01,1.997068e+01,1.997068e+01,1.993586e+01,1.993586e+01,1.998460e+01,1.996371e+01,1.994979e+01,1.991496e+01,2.007505e+01,1.998460e+01,2.000548e+01,1.994979e+01,1.993586e+01,1.992193e+01,1.983831e+01,1.992193e+01,1.982437e+01,1.981740e+01,1.992193e+01,1.983134e+01,1.988710e+01,1.990800e+01,1.992193e+01,1.990103e+01,1.982437e+01,1.988710e+01,1.991496e+01,1.985225e+01,1.986619e+01,1.980345e+01,1.990800e+01,1.983134e+01,1.984528e+01,2.001940e+01,1.982437e+01,2.000548e+01,1.993586e+01,1.988013e+01,1.992890e+01,2.000548e+01,2.016542e+01,2.064374e+01,2.091308e+01,2.115420e+01,2.121611e+01,2.119548e+01,2.115420e+01,2.116796e+01,2.124361e+01,2.122986e+01,2.142220e+01,2.120923e+01,2.129859e+01,2.124361e+01,2.122298e+01,2.125048e+01,2.125736e+01,2.120923e+01,2.116796e+01,2.133294e+01,2.129172e+01,2.135355e+01,2.138101e+01,2.117484e+01,2.134668e+01,2.130546e+01,2.122298e+01,2.129172e+01,2.129859e+01,2.124361e+01,2.129859e+01,2.102338e+01,2.103716e+01,2.127798e+01,2.126423e+01,2.128485e+01,2.116796e+01,2.118860e+01,2.118860e+01,2.122298e+01,2.109225e+01,2.121611e+01,2.113355e+01,2.125048e+01,2.122986e+01,2.129859e+01,2.136728e+01,2.116108e+01,2.118860e+01,2.122986e+01,2.125048e+01,2.123674e+01,2.125736e+01,2.123674e+01,2.132607e+01,2.134668e+01,2.136041e+01,2.132607e+01,2.129859e+01,2.120923e+01,2.121611e+01,2.123674e+01,2.123674e+01,2.126423e+01,2.120235e+01,2.124361e+01,2.109914e+01,2.131233e+01,2.133981e+01,2.116796e+01,2.117484e+01,2.121611e+01,2.111979e+01,2.113355e+01,2.125736e+01,2.119548e+01,2.119548e+01,2.109914e+01,2.117484e+01,2.118860e+01,2.122298e+01,2.116108e+01,2.126423e+01,2.112667e+01,2.122986e+01,2.111979e+01,2.113355e+01,2.117484e+01,2.112667e+01,2.116108e+01,2.112667e+01,2.109914e+01,2.109914e+01,2.110602e+01,2.110602e+01,2.116108e+01,2.108537e+01,2.105782e+01,2.102338e+01,2.100271e+01,2.104405e+01,2.119548e+01,2.098893e+01,2.108537e+01,2.112667e+01,2.110602e+01,2.100271e+01,2.109914e+01,2.104405e+01,2.105782e+01
2.131233e+01,2.140161e+01,2.124361e+01,2.136041e+01,2.134668e+01,2.131233e+01,2.134668e+01,2.124361e+01,2.129172e+01,2.124361e+01,2.129859e+01,2.116796e+01,2.136041e+01,2.130546e+01,2.131233e+01,2.142220e+01,2.129859e+01,2.130546e+01,2.120235e+01,2.130546e+01,2.108537e+01,2.118860e+01,2.125736e+01,2.123674e+01,2.126423e+01,2.123674e+01,2.130546e+01,2.124361e+01,2.123674e+01,2.128485e+01,2.118860e+01,2.116108e+01,2.124361e+01,2.127110e+01,2.125736e+01,2.123674e+01,2.121611e+01,2.128485e+01,2.120923e+01,2.125048e+01,2.130546e+01,2.124361e+01,2.125736e+01,2.137415e+01,2.124361e+01,2.130546e+01,2.127110e+01,2.129172e+01,2.123674e+01,2.115420e+01,2.142220e+01,2.122986e+01,2.139474e+01,2.140847e+01,2.137415e+01,2.125736e+01,2.125048e+01,2.132607e+01,2.126423e+01,2.133294e+01,2.125048e+01,2.136728e+01,2.133294e+01,2.138101e+01,2.131233e+01,2.130546e+01,2.110602e+01,2.129859e+01,2.131920e+01,2.130546e+01,2.128485e+01,2.132607e+01,2.135355e+01,2.133981e+01,2.137415e+01,2.134668e+01,2.135355e+01,2.135355e+01,2.134668e+01,2.134668e+01,2.134668e+01,2.140161e+01,2.129859e+01,2.131920e+01,2.142906e+01,2.129859e+01,2.139474e+01,2.136728e+01,2.139474e+01,2.140161e+01,2.116108e+01,2.142220e+01,2.144278e+01,2.134668e+01,2.143592e+01,2.134668e+01,2.129859e+01,2.138788e+01,2.140847e+01,2.140161e+01,2.131920e+01,2.144964e+01,2.143592e+01,2.125736e+01,2.130546e+01,2.142906e+01,2.136041e+01,2.140161e+01,2.131920e+01,2.131233e+01,2.138788e+01,2.138788e+01,2.135355e+01,2.136728e+01,2.131920e+01,2.133294e+01,2.135355e+01,2.133981e+01,2.137415e+01,2.141533e+01,2.139474e+01,2.142220e+01,2.135355e+01,2.135355e+01,2.139474e+01,2.129859e+01,2.144278e+01,2.134668e+01,2.140161e+01,2.138101e+01,2.142220e+01,2.139474e+01,2.138788e+01,2.138101e+01,2.137415e+01,2.142906e+01,2.136041e+01,2.147708e+01,2.127110e+01,2.140847e+01,2.133294e+01,2.141533e+01,2.133294e+01,2.138788e+01,2.141533e+01,2.140161e+01,2.136041e+01,2.136728e+01,2.137415e+01,2.136728e+01,2.138788e+01,2.134668e+01,2.133981e+01,2.129859e+01,2.135355e+01,2.140161e+01,2.136728e+01,2.148394e+01,2.142906e+01,2.129859e+01,2.144964e+01,2.130546e+01,2.125736e+01,2.136728e+01,2.138101e+01,2.142220e+01,2.140847e+01,2.142906e+01,2.136728e+01,2.142906e+01,2.138788e+01,2.138101e+01,2.140847e+01,2.138101e+01,2.139474e+01,2.141533e+01,2.143592e+01,2.140847e+01,2.147022e+01,2.135355e+01,2.136041e+01,2.144964e+01,2.142220e+01,2.144278e+01,2.147708e+01,2.146336e+01,2.143592e+01,2.146336e+01,2.140161e+01,2.147022e+01,2.140847e+01,2.142220e+01,2.138788e+01,2.132607e+01,2.142906e+01,2.139474e+01,2.140161e+01,2.135355e+01,2.134668e+01,2.142906e+01,2.141533e+01,2.143592e+01,2.134668e+01,2.138101e+01,2.132607e+01,2.133294e+01,2.130546e+01,2.137415e+01,2.134668e+01,2.132607e+01,2.137415e+01,2.140847e+01,2.132607e+01,2.140161e+01,2.141533e+01,2.140847e+01,2.138101e+01,2.140847e+01,2.133294e+01,2.131233e+01,2.132607e+01,2.136041e+01,2.125736e+01,2.133981e+01,2.139474e+01,2.135355e+01,2.137415e+01,2.132607e+01,2.139474e+01,2.138101e+01,2.134668e+01,2.140161e+01,2.143592e+01,2.136041e+01,2.143592e+01,2.133981e+01,2.131233e+01,2.133981e+01,2.146336e+01,2.138788e+01,2.142906e+01,2.136728e+01,2.130546e+01,2.137415e+01,2.138101e+01,2.136728e+01,2.136041e+01,2.133981e+01,2.140847e+01,2.138101e+01,2.138101e+01,2.140847e+01,2.133294e+01,2.143592e+01,2.147022e+01,2.133294e+01,2.136041e+01,2.138101e+01,2.141533e+01,2.147708e+01,2.139474e+01,2.140847e+01,2.141533e+01,2.142906e+01,2.133981e+01,2.136041e+01,2.141533e+01,2.146336e+01,2.140847e+01,2.140847e+01,2.160732e+01,2.143592e+01,2.138788e+01,2.143592e+01,2.146336e+01,2.134668e+01,2.146336e+01,2.147022e+01,2.142220e+01,2.129172e+01,2.136041e+01,2.141533e+01,2.144278e+01,2.136728e+01,2.139474e+01,2.137415e+01,2.142906e+01,2.144278e+01,2.146336e+01,2.138101e+01,2.140847e+01,2.132607e+01,2.137415e+01,2.136728e+01,2.134668e+01,2.138101e+01,2.135355e+01,2.133294e+01,2.132607e+01,2.137415e+01,2.139474e+01,2.138101e+01,2.151137e+01,2.153194e+01,2.134668e+01,2.147022e+01,2.147708e+01,2.141533e+01,2.141533e+01,2.140847e+01,2.142220e+01,2.140161e+01,2.136728e+01,2.140161e+01,2.136041e+01,2.142906e+01,2.133294e+01,2.141533e+01,2.147708e+01,2.144278e+01,2.134668e+01,2.138788e+01,2.138788e+01,2.141533e+01,2.139474e+01,2.145650e+01,2.142220e+01,2.141533e+01,2.133294e+01,2.136041e+01,2.136041e+01,2.147022e+01,2.147708e+01,2.149766e+01,2.148394e+01,2.144964e+01,2.138101e+01,2.136041e+01,2.138788e+01,2.135355e+01,2.140161e+01,2.140161e+01,2.130546e+01,2.135355e+01,2.136728e+01,2.137415e+01,2.131920e+01,2.127110e+01,2.131920e+01,2.137415e+01,2.133294e+01,2.147022e+01,2.135355e+01,2.136041e+01,2.133981e+01,2.134668e+01,2.096825e+01,2.037366e+01,2.001244e+01,2.009591e+01,1.992890e+01,1.992193e+01,1.995675e+01,1.991496e+01,1.990103e+01,1.983134e+01,1.991496e+01,1.990800e+01,1.983831e+01,1.985922e+01,1.990103e+01,1.991496e+01,1.991496e+01,1.999156e+01,1.997764e+01,1.995675e+01,1.994283e+01,1.999852e+01,1.995675e+01,2.008201e+01,1.995675e+01,2.012372e+01,2.001244e+01,2.024183e+01,2.004027e+01,2.008896e+01,2.007505e+01,2.017932e+01,2.016542e+01,2.017932e+01,2.020016e+01,2.008896e+01,2.021405e+01,2.015153e+01,2.012372e+01,2.028348e+01,2.023489e+01,2.026266e+01,2.015153e+01,2.014458e+01,2.006114e+01,2.008896e+01,2.010982e+01,2.012372e+01,2.005419e+01,1.999852e+01,1.997764e+01,1.999852e+01,2.005419e+01,2.002636e+01,1.998460e+01,1.995675e+01,1.988710e+01,1.991496e+01,1.985225e+01,1.985225e+01,1.986619e+01,1.992890e+01,1.981740e+01,1.989407e+01,2.006810e+01,2.057456e+01,2.117484e+01,2.120923e+01,2.118172e+01,2.127798e+01,2.115420e+01,2.125048e+01,2.120923e+01,2.120923e+01,2.129172e+01,2.136041e+01,2.120235e+01,2.118172e+01,2.119548e+01,2.130546e+01,2.121611e+01,2.118860e+01,2.122298e+01,2.136041e+01,2.120923e+01,2.121611e+01,2.120235e+01,2.122986e+01,2.122298e+01,2.118172e+01,2.081648e+01,2.013068e+01,1.987316e+01,1.982437e+01,1.988710e+01,1.982437e+01,1.978950e+01,1.976858e+01,1.975462e+01,1.978950e+01,1.985225e+01,1.980345e+01,1.981042e+01,1.982437e+01,1.969879e+01,1.983831e+01,1.980345e+01,1.983134e+01,1.983134e+01,1.988710e+01,1.981042e+01,1.990103e+01,1.995675e+01,1.991496e+01,1.985225e+01,1.996371e+01,1.990800e+01,2.005419e+01,1.992193e+01,1.993586e+01,1.997764e+01,1.994283e+01,1.992193e+01,1.995675e+01,1.990103e+01,1.994283e+01,1.995675e+01,1.997764e+01,1.995675e+01,1.992890e+01,1.990103e+01,1.992890e+01,1.992890e+01,1.978950e+01,1.988710e+01,1.996371e+01,1.992890e+01,1.996371e+01,2.003332e+01,1.995675e+01,1.982437e+01,1.993586e+01,1.992890e+01,1.991496e+01,1.990103e+01,1.994979e+01,1.993586e+01,1.990800e+01,1.985922e+01,1.984528e+01,1.984528e+01,1.985922e+01,1.992890e+01,1.974764e+01,1.992193e+01,1.992193e+01,1.981740e+01,1.980345e+01,1.992890e+01,1.985225e+01,1.988013e+01,1.986619e+01,1.996371e+01,1.982437e+01,1.983134e+01,1.983831e+01,1.987316e+01,1.990103e+01,1.999156e+01,1.995675e+01,1.989407e+01,1.992890e+01,1.992890e+01,2.015848e+01,2.065065e+01,2.093377e+01,2.106471e+01,2.125736e+01,2.122986e+01,2.120235e+01,2.122986e+01,2.125048e+01,2.128485e+01,2.122986e+01,2.126423e+01,2.122986e+01,2.122298e+01,2.122298e+01,2.127798e+01,2.121611e+01,2.118860e+01,2.121611e+01,2.132607e+01,2.128485e+01,2.130546e+01,2.118860e+01,2.131233e+01,2.109225e+01,2.129172e+01,2.124361e+01,2.124361e+01,2.126423e+01,2.127110e+01,2.127798e+01,2.127110e+01,2.125736e+01,2.130546e+01,2.123674e+01,2.128485e+01,2.132607e+01,2.125736e+01,2.121611e+01,2.123674e+01,2.120235e+01,2.119548e+01,2.125048e+01,2.135355e+01,2.127110e+01,2.131233e+01,2.137415e+01,2.107160e+01,2.114044e+01,2.122986e+01,2.122298e+01,2.123674e+01,2.116796e+01,2.121611e+01,2.133294e+01,2.133981e+01,2.123674e+01,2.135355e+01,2.135355e+01,2.132607e+01,2.125736e+01,2.143592e+01,2.118860e+01,2.119548e+01,2.126423e+01,2.127110e+01,2.127798e+01,2.117484e+01,2.129172e+01,2.112667e+01,2.123674e+01,2.120235e+01,2.129859e+01,2.118860e+01,2.115420e+01,2.109914e+01,2.115420e+01,2.115420e+01,2.122986e+01,2.118172e+01,2.095446e+01,2.116796e+01,2.112667e+01,2.115420e+01,2.113355e+01,2.112667e+01,2.111979e+01,2.113355e+01,2.107848e+01,2.103716e+01,2.111291e+01,2.097514e+01,2.107848e+01,2.110602e+01,2.105782e+01,2.110602e+01,2.113355e+01,2.109914e+01,2.105094e+01,2.101649e+01,2.107160e+01,2.124361e+01,2.100271e+01,2.103027e+01,2.103716e+01,2.107160e+01,2.101649e+01,2.112667e+01,2.100960e+01,2.107160e+01,2.105782e+01
2.142906e+01,2.133294e+01,2.129859e+01,2.125736e+01,2.131233e+01,2.128485e+01,2.127110e+01,2.132607e+01,2.124361e+01,2.129859e+01,2.128485e+01,2.126423e+01,2.128485e+01,2.134668e+01,2.127798e+01,2.135355e+01,2.127110e+01,2.114044e+01,2.131920e+01,2.124361e+01,2.118860e+01,2.121611e+01,2.122986e+01,2.127110e+01,2.125048e+01,2.132607e+01,2.121611e+01,2.121611e+01,2.126423e+01,2.105094e+01,2.122298e+01,2.090619e+01,2.118860e+01,2.120923e+01,2.129172e+01,2.117484e+01,2.124361e+01,2.122986e+01,2.128485e+01,2.121611e+01,2.122298e+01,2.121611e+01,2.124361e+01,2.121611e+01,2.127110e+01,2.129172e+01,2.127798e+01,2.120235e+01,2.138101e+01,2.121611e+01,2.121611e+01,2.134668e+01,2.120235e+01,2.122298e+01,2.121611e+01,2.121611e+01,2.140847e+01,2.127110e+01,2.118860e+01,2.122986e+01,2.125048e+01,2.125048e+01,2.121611e+01,2.140847e+01,2.127798e+01,2.136041e+01,2.125736e+01,2.126423e+01,2.129172e+01,2.140161e+01,2.130546e+01,2.132607e+01,2.131233e+01,2.132607e+01,2.131920e+01,2.140161e+01,2.131920e+01,2.131920e+01,2.133981e+01,2.133981e+01,2.146336e+01,2.140847e+01,2.125048e+01,2.141533e+01,2.126423e+01,2.129172e+01,2.130546e+01,2.138788e+01,2.140847e+01,2.135355e+01,2.129859e+01,2.127798e+01,2.128485e+01,2.126423e+01,2.129172e+01,2.137415e+01,2.133294e+01,2.131233e+01,2.138788e+01,2.136041e+01,2.142906e+01,2.126423e+01,2.142220e+01,2.131920e+01,2.136041e+01,2.143592e+01,2.133981e+01,2.129172e+01,2.135355e+01,2.135355e+01,2.136041e+01,2.131920e+01,2.133294e+01,2.125048e+01,2.136728e+01,2.137415e+01,2.135355e+01,2.136728e+01,2.129172e+01,2.134668e+01,2.136728e+01,2.135355e+01,2.140161e+01,2.143592e+01,2.131920e+01,2.140161e+01,2.129859e+01,2.140161e+01,2.129172e+01,2.134668e+01,2.122986e+01,2.135355e+01,2.123674e+01,2.136041e+01,2.136728e+01,2.134668e+01,2.129859e+01,2.129172e+01,2.136041e+01,2.127798e+01,2.121611e+01,2.135355e+01,2.138101e+01,2.135355e+01,2.136041e+01,2.137415e+01,2.141533e+01,2.127110e+01,2.140161e+01,2.123674e+01,2.137415e+01,2.133981e+01,2.139474e+01,2.137415e+01,2.147708e+01,2.133294e+01,2.128485e+01,2.129859e+01,2.127798e+01,2.131233e+01,2.127110e+01,2.131920e+01,2.127798e+01,2.138788e+01,2.129859e+01,2.131233e+01,2.135355e+01,2.138101e+01,2.138788e+01,2.137415e+01,2.139474e+01,2.129859e+01,2.133981e+01,2.139474e+01,2.140161e+01,2.139474e+01,2.135355e+01,2.142906e+01,2.147022e+01,2.135355e+01,2.136041e+01,2.139474e+01,2.139474e+01,2.139474e+01,2.133294e+01,2.131233e+01,2.145650e+01,2.138788e+01,2.149766e+01,2.153194e+01,2.147022e+01,2.142220e+01,2.138101e+01,2.136728e+01,2.142220e+01,2.125048e+01,2.138101e+01,2.138101e+01,2.139474e+01,2.138788e+01,2.129172e+01,2.133294e+01,2.137415e+01,2.154565e+01,2.135355e+01,2.133981e+01,2.128485e+01,2.138101e+01,2.132607e+01,2.142906e+01,2.138788e+01,2.139474e+01,2.125048e+01,2.138788e+01,2.138788e+01,2.132607e+01,2.130546e+01,2.129172e+01,2.131233e+01,2.133981e+01,2.131920e+01,2.133981e+01,2.122298e+01,2.134668e+01,2.131920e+01,2.133294e+01,2.137415e+01,2.136041e+01,2.136728e+01,2.140161e+01,2.142906e+01,2.138101e+01,2.133294e+01,2.133294e+01,2.136728e+01,2.132607e+01,2.133294e+01,2.133294e+01,2.140161e+01,2.136041e+01,2.138788e+01,2.141533e+01,2.134668e+01,2.136041e+01,2.138788e+01,2.138101e+01,2.138788e+01,2.140161e+01,2.139474e+01,2.140847e+01,2.139474e+01,2.144964e+01,2.122986e+01,2.136728e+01,2.145650e+01,2.137415e+01,2.135355e+01,2.137415e+01,2.143592e+01,2.140847e+01,2.144278e+01,2.143592e+01,2.134668e+01,2.131920e+01,2.135355e+01,2.140847e+01,2.136728e+01,2.140161e+01,2.138788e+01,2.141533e+01,2.138101e+01,2.142220e+01,2.131920e+01,2.138788e+01,2.138101e+01,2.134668e+01,2.133981e+01,2.140161e+01,2.139474e+01,2.127798e+01,2.136728e+01,2.140847e+01,2.143592e+01,2.134668e+01,2.136728e+01,2.140847e+01,2.141533e+01,2.135355e+01,2.136041e+01,2.137415e+01,2.136041e+01,2.136041e+01,2.135355e+01,2.134668e+01,2.136041e+01,2.135355e+01,2.138788e+01,2.133981e+01,2.136041e+01,2.135355e+01,2.134668e+01,2.138101e+01,2.136041e+01,2.135355e+01,2.134668e+01,2.135355e+01,2.138788e+01,2.133981e+01,2.139474e+01,2.145650e+01,2.140161e+01,2.135355e+01,2.137415e+01,2.136728e+01,2.135355e+01,2.140847e+01,2.136728e+01,2.136041e+01,2.147022e+01,2.131920e+01,2.137415e+01,2.140161e+01,2.138788e+01,2.138788e+01,2.146336e+01,2.140847e+01,2.142220e+01,2.145650e+01,2.141533e+01,2.131920e+01,2.142220e+01,2.140847e+01,2.149766e+01,2.150451e+01,2.142220e+01,2.135355e+01,2.136041e+01,2.141533e+01,2.132607e+01,2.139474e+01,2.136728e+01,2.135355e+01,2.134668e+01,2.140847e+01,2.127110e+01,2.131233e+01,2.140847e+01,2.129172e+01,2.130546e+01,2.131233e+01,2.133294e+01,2.133294e+01,2.136041e+01,2.133294e+01,2.124361e+01,2.122298e+01,2.116108e+01,2.056071e+01,2.013068e+01,2.007505e+01,1.995675e+01,1.994979e+01,1.988013e+01,1.992890e+01,1.990800e+01,1.983831e+01,1.990800e+01,1.988013e+01,1.986619e+01,1.988710e+01,1.990800e+01,1.995675e+01,1.986619e+01,1.997764e+01,2.002636e+01,1.992890e+01,1.988013e+01,2.004027e+01,1.995675e+01,2.000548e+01,2.007505e+01,2.008201e+01,2.006810e+01,2.008201e+01,2.017932e+01,2.006114e+01,2.004723e+01,2.017932e+01,2.006114e+01,2.006114e+01,2.010287e+01,2.018627e+01,2.020016e+01,2.015848e+01,2.023489e+01,2.020016e+01,2.024183e+01,2.018627e+01,2.020016e+01,2.014458e+01,2.010982e+01,2.002636e+01,1.999852e+01,1.998460e+01,1.994979e+01,2.006114e+01,2.000548e+01,1.994283e+01,1.992890e+01,1.996371e+01,1.999156e+01,1.988710e+01,1.988710e+01,1.988710e+01,1.985225e+01,1.986619e+01,1.981740e+01,1.983134e+01,1.988710e+01,1.983134e+01,2.004027e+01,2.074742e+01,2.098893e+01,2.119548e+01,2.121611e+01,2.116108e+01,2.115420e+01,2.118172e+01,2.114732e+01,2.115420e+01,2.118860e+01,2.117484e+01,2.116796e+01,2.117484e+01,2.120923e+01,2.120923e+01,2.120923e+01,2.119548e+01,2.122986e+01,2.117484e+01,2.123674e+01,2.120923e+01,2.123674e+01,2.107160e+01,2.121611e+01,2.102338e+01,2.049840e+01,1.996371e+01,1.980345e+01,1.971275e+01,1.982437e+01,1.982437e+01,1.974764e+01,1.968483e+01,1.977555e+01,1.967086e+01,1.985225e+01,1.980345e+01,1.984528e+01,1.983134e+01,1.981042e+01,1.985225e+01,1.980345e+01,1.978253e+01,1.985922e+01,1.990103e+01,1.993586e+01,1.991496e+01,1.991496e+01,1.999852e+01,1.988710e+01,1.993586e+01,1.977555e+01,1.993586e+01,1.985922e+01,1.990103e+01,1.995675e+01,1.990103e+01,1.992890e+01,1.988710e+01,1.994283e+01,1.994283e+01,1.985922e+01,1.995675e+01,1.992890e+01,1.997068e+01,1.989407e+01,1.991496e+01,1.999156e+01,1.990800e+01,1.990800e+01,1.994283e+01,1.999852e+01,1.995675e+01,1.999156e+01,1.993586e+01,1.991496e+01,1.981042e+01,1.986619e+01,1.985922e+01,1.994283e+01,1.998460e+01,1.994979e+01,1.983831e+01,1.988710e+01,1.991496e+01,1.979647e+01,1.976858e+01,1.984528e+01,1.990103e+01,1.989407e+01,1.990103e+01,1.981042e+01,1.988710e+01,1.984528e+01,1.981740e+01,1.983134e+01,1.982437e+01,1.981740e+01,1.983134e+01,1.985225e+01,1.992193e+01,1.982437e+01,1.995675e+01,2.004027e+01,2.009591e+01,1.999156e+01,2.006114e+01,2.013068e+01,2.072669e+01,2.108537e+01,2.119548e+01,2.105782e+01,2.114732e+01,2.120923e+01,2.128485e+01,2.131920e+01,2.127798e+01,2.123674e+01,2.124361e+01,2.109914e+01,2.118860e+01,2.120235e+01,2.118172e+01,2.119548e+01,2.118860e+01,2.124361e+01,2.116796e+01,2.118172e+01,2.125736e+01,2.123674e+01,2.122298e+01,2.125736e+01,2.120235e+01,2.125736e+01,2.115420e+01,2.138101e+01,2.123674e+01,2.123674e+01,2.120923e+01,2.124361e+01,2.125048e+01,2.127798e+01,2.120235e+01,2.127798e+01,2.111979e+01,2.119548e+01,2.120923e+01,2.120923e+01,2.127110e+01,2.118860e+01,2.122986e+01,2.125048e+01,2.127798e+01,2.122986e+01,2.132607e+01,2.120235e+01,2.118172e+01,2.127798e+01,2.127110e+01,2.116108e+01,2.123674e+01,2.133294e+01,2.130546e+01,2.134668e+01,2.122298e+01,2.118860e+01,2.121611e+01,2.130546e+01,2.125048e+01,2.128485e+01,2.124361e+01,2.120923e+01,2.128485e+01,2.119548e+01,2.120235e+01,2.117484e+01,2.117484e+01,2.118172e+01,2.111979e+01,2.113355e+01,2.110602e+01,2.115420e+01,2.139474e+01,2.114044e+01,2.116796e+01,2.115420e+01,2.100960e+01,2.116108e+01,2.111979e+01,2.114044e+01,2.114732e+01,2.111291e+01,2.109914e+01,2.100271e+01,2.123674e+01,2.116108e+01,2.105782e+01,2.106471e+01,2.109914e+01,2.110602e+01,2.108537e+01,2.105782e+01,2.111979e+01,2.107848e+01,2.105782e+01,2.096135e+01,2.100960e+01,2.109225e+01,2.105782e+01,2.106471e+01,2.107848e+01,2.107160e+01,2.100271e+01,2.106471e+01,2.104405e+01,2.103716e+01,2.105782e+01,2.109914e+01,2.105782e+01
2.135355e+01,2.129859e+01,2.129859e+01,2.129859e+01,2.138101e+01,2.129172e+01,2.131920e+01,2.129172e+01,2.127798e+01,2.130546e+01,2.127798e+01,2.126423e+01,2.127110e+01,2.112667e+01,2.128485e+01,2.132607e+01,2.135355e+01,2.109914e+01,2.120923e+01,2.134668e+01,2.120923e+01,2.122298e+01,2.133981e+01,2.119548e+01,2.121611e+01,2.120235e+01,2.120235e+01,2.124361e+01,2.125048e+01,2.129172e+01,2.119548e+01,2.129859e+01,2.119548e+01,2.120235e+01,2.122298e+01,2.122298e+01,2.125048e+01,2.129172e+01,2.125048e+01,2.120923e+01,2.122298e+01,2.131233e+01,2.127798e+01,2.119548e+01,2.120235e+01,2.126423e+01,2.130546e+01,2.123674e+01,2.122298e+01,2.112667e+01,2.116796e+01,2.118860e+01,2.125048e+01,2.120923e+01,2.133294e+01,2.118860e+01,2.111291e+01,2.127110e+01,2.125736e+01,2.126423e+01,2.124361e+01,2.144278e+01,2.123674e+01,2.125048e+01,2.121611e+01,2.122986e+01,2.120923e+01,2.128485e+01,2.130546e+01,2.127798e+01,2.131233e+01,2.131920e+01,2.134668e+01,2.139474e+01,2.134668e+01,2.136041e+01,2.131920e+01,2.133981e+01,2.130546e+01,2.133294e+01,2.144278e+01,2.131920e+01,2.140847e+01,2.140161e+01,2.140847e+01,2.138101e+01,2.140161e+01,2.139474e+01,2.130546e+01,2.139474e+01,2.136041e+01,2.133981e+01,2.132607e+01,2.125736e+01,2.138101e+01,2.136041e+01,2.136041e+01,2.133981e+01,2.130546e+01,2.139474e+01,2.125736e+01,2.124361e+01,2.126423e+01,2.125048e+01,2.134668e+01,2.140847e+01,2.136728e+01,2.138101e+01,2.130546e+01,2.137415e+01,2.136041e+01,2.128485e+01,2.134668e+01,2.134668e+01,2.127798e+01,2.132607e+01,2.125736e+01,2.128485e+01,2.134668e+01,2.140161e+01,2.135355e+01,2.131233e+01,2.137415e+01,2.136728e+01,2.127798e+01,2.141533e+01,2.129859e+01,2.137415e+01,2.131920e+01,2.142220e+01,2.144964e+01,2.132607e+01,2.139474e+01,2.118860e+01,2.136728e+01,2.138788e+01,2.135355e+01,2.131233e+01,2.132607e+01,2.127798e+01,2.136041e+01,2.141533e+01,2.131920e+01,2.139474e+01,2.130546e+01,2.138101e+01,2.130546e+01,2.127798e+01,2.140161e+01,2.136728e+01,2.131233e+01,2.129172e+01,2.131233e+01,2.136728e+01,2.129172e+01,2.133294e+01,2.134668e+01,2.129172e+01,2.138788e+01,2.146336e+01,2.127798e+01,2.133981e+01,2.140161e+01,2.125736e+01,2.140847e+01,2.138101e+01,2.134668e+01,2.134668e+01,2.132607e+01,2.141533e+01,2.136041e+01,2.139474e+01,2.129172e+01,2.127798e+01,2.136041e+01,2.128485e+01,2.142220e+01,2.130546e+01,2.138101e+01,2.142906e+01,2.133294e+01,2.131233e+01,2.136728e+01,2.134668e+01,2.136041e+01,2.138788e+01,2.145650e+01,2.127110e+01,2.140161e+01,2.133981e+01,2.134668e+01,2.140847e+01,2.139474e+01,2.138788e+01,2.142906e+01,2.130546e+01,2.138101e+01,2.136728e+01,2.139474e+01,2.144964e+01,2.133294e+01,2.132607e+01,2.132607e+01,2.131920e+01,2.136728e+01,2.136728e+01,2.131920e+01,2.134668e+01,2.137415e+01,2.136041e+01,2.133294e+01,2.140161e+01,2.136041e+01,2.133294e+01,2.136728e+01,2.137415e+01,2.130546e+01,2.140161e+01,2.131233e+01,2.136041e+01,2.133294e+01,2.131233e+01,2.133981e+01,2.137415e+01,2.138788e+01,2.132607e+01,2.139474e+01,2.135355e+01,2.138101e+01,2.136041e+01,2.132607e+01,2.132607e+01,2.132607e+01,2.131920e+01,2.132607e+01,2.133981e+01,2.138101e+01,2.138788e+01,2.137415e+01,2.136041e+01,2.140161e+01,2.143592e+01,2.133981e+01,2.133294e+01,2.140161e+01,2.140161e+01,2.131920e+01,2.133981e+01,2.136728e+01,2.139474e+01,2.140161e+01,2.130546e+01,2.140847e+01,2.142906e+01,2.133981e+01,2.144278e+01,2.140847e+01,2.144964e+01,2.145650e+01,2.135355e+01,2.142906e+01,2.134668e+01,2.136728e+01,2.138788e+01,2.132607e+01,2.134668e+01,2.144278e+01,2.140161e+01,2.136728e+01,2.139474e+01,2.142220e+01,2.141533e+01,2.139474e+01,2.138101e+01,2.140847e+01,2.129172e+01,2.134668e+01,2.133294e+01,2.138788e+01,2.132607e+01,2.133294e+01,2.136041e+01,2.136728e+01,2.132607e+01,2.134668e+01,2.132607e+01,2.133981e+01,2.135355e+01,2.137415e+01,2.134668e+01,2.138101e+01,2.140847e+01,2.134668e+01,2.132607e+01,2.131920e+01,2.132607e+01,2.133294e+01,2.135355e+01,2.135355e+01,2.136728e+01,2.139474e+01,2.133981e+01,2.141533e+01,2.138101e+01,2.140847e+01,2.136728e+01,2.142220e+01,2.138101e+01,2.133294e+01,2.136728e+01,2.147708e+01,2.134668e+01,2.133981e+01,2.142906e+01,2.144278e+01,2.139474e+01,2.137415e+01,2.132607e+01,2.136728e+01,2.136728e+01,2.138101e+01,2.139474e+01,2.137415e+01,2.138788e+01,2.142906e+01,2.141533e+01,2.134668e+01,2.132607e+01,2.140161e+01,2.138788e+01,2.134668e+01,2.134668e+01,2.136728e+01,2.142220e+01,2.140161e+01,2.139474e+01,2.139474e+01,2.142906e+01,2.142220e+01,2.138101e+01,2.133981e+01,2.133981e+01,2.129859e+01,2.138788e+01,2.138788e+01,2.138101e+01,2.133981e+01,2.127110e+01,2.130546e+01,2.132607e+01,2.135355e+01,2.133981e+01,2.136728e+01,2.136041e+01,2.124361e+01,2.124361e+01,2.118172e+01,2.111979e+01,2.058148e+01,2.012372e+01,1.992890e+01,1.992193e+01,1.990103e+01,1.997068e+01,1.986619e+01,1.990103e+01,1.985225e+01,1.990103e+01,1.989407e+01,1.985225e+01,1.983134e+01,1.992193e+01,1.989407e+01,1.989407e+01,1.988710e+01,1.988710e+01,1.998460e+01,1.993586e+01,1.992193e+01,2.006114e+01,2.002636e+01,1.991496e+01,2.002636e+01,2.007505e+01,2.008201e+01,2.006114e+01,2.006114e+01,2.006114e+01,2.009591e+01,2.017932e+01,2.006114e+01,2.017237e+01,2.012372e+01,2.012372e+01,2.015848e+01,2.011677e+01,2.013068e+01,2.013763e+01,2.014458e+01,2.018627e+01,2.000548e+01,2.010982e+01,2.000548e+01,2.005419e+01,1.999156e+01,2.004723e+01,2.004723e+01,2.004027e+01,1.999156e+01,1.996371e+01,1.998460e+01,1.995675e+01,1.988013e+01,1.996371e+01,1.986619e+01,1.981042e+01,1.984528e+01,1.985922e+01,1.990800e+01,2.004027e+01,2.009591e+01,2.071978e+01,2.111979e+01,2.120923e+01,2.126423e+01,2.121611e+01,2.116796e+01,2.122986e+01,2.119548e+01,2.117484e+01,2.118172e+01,2.116796e+01,2.116796e+01,2.116796e+01,2.114732e+01,2.131920e+01,2.120235e+01,2.113355e+01,2.120235e+01,2.127110e+01,2.117484e+01,2.121611e+01,2.133294e+01,2.122986e+01,2.123674e+01,2.080957e+01,2.047070e+01,2.003332e+01,1.984528e+01,1.983831e+01,1.982437e+01,1.982437e+01,1.977555e+01,1.976858e+01,1.990103e+01,1.975462e+01,1.981740e+01,1.987316e+01,1.983134e+01,1.983831e+01,1.983831e+01,1.983134e+01,1.990800e+01,1.983831e+01,1.993586e+01,1.992890e+01,1.981740e+01,1.990103e+01,1.990800e+01,1.989407e+01,1.999852e+01,1.993586e+01,1.987316e+01,1.983831e+01,1.995675e+01,1.985225e+01,1.992890e+01,1.994283e+01,1.994979e+01,1.995675e+01,1.994283e+01,1.994979e+01,1.994979e+01,1.989407e+01,1.994979e+01,1.992890e+01,2.001244e+01,1.995675e+01,1.990800e+01,1.997764e+01,2.002636e+01,1.990800e+01,1.994283e+01,2.002636e+01,1.996371e+01,1.994283e+01,1.990800e+01,1.988013e+01,1.990103e+01,1.985922e+01,1.990103e+01,1.989407e+01,1.985922e+01,1.987316e+01,1.982437e+01,1.987316e+01,1.979647e+01,1.987316e+01,1.980345e+01,1.985225e+01,1.976160e+01,1.985922e+01,1.985225e+01,1.983831e+01,1.988710e+01,1.981740e+01,1.983134e+01,1.981042e+01,1.983831e+01,1.981042e+01,1.981740e+01,1.986619e+01,1.985225e+01,1.982437e+01,1.999852e+01,2.004723e+01,2.004027e+01,2.042912e+01,2.067831e+01,2.106471e+01,2.115420e+01,2.116796e+01,2.114732e+01,2.118860e+01,2.111979e+01,2.113355e+01,2.126423e+01,2.125048e+01,2.125048e+01,2.121611e+01,2.122298e+01,2.115420e+01,2.122298e+01,2.121611e+01,2.125736e+01,2.112667e+01,2.120235e+01,2.122986e+01,2.125736e+01,2.130546e+01,2.106471e+01,2.120235e+01,2.114732e+01,2.122298e+01,2.119548e+01,2.138101e+01,2.125048e+01,2.116796e+01,2.118860e+01,2.114732e+01,2.120235e+01,2.122986e+01,2.118172e+01,2.126423e+01,2.125736e+01,2.126423e+01,2.118172e+01,2.119548e+01,2.125048e+01,2.123674e+01,2.120235e+01,2.117484e+01,2.125736e+01,2.125048e+01,2.114044e+01,2.140847e+01,2.123674e+01,2.120923e+01,2.125736e+01,2.124361e+01,2.128485e+01,2.114044e+01,2.132607e+01,2.131920e+01,2.121611e+01,2.127110e+01,2.131233e+01,2.125048e+01,2.135355e+01,2.133294e+01,2.118172e+01,2.120235e+01,2.124361e+01,2.101649e+01,2.124361e+01,2.111291e+01,2.120923e+01,2.111979e+01,2.115420e+01,2.111291e+01,2.116796e+01,2.111979e+01,2.109914e+01,2.114044e+01,2.112667e+01,2.114732e+01,2.114732e+01,2.116108e+01,2.116108e+01,2.120235e+01,2.105782e+01,2.103716e+01,2.104405e+01,2.099582e+01,2.118860e+01,2.110602e+01,2.113355e+01,2.110602e+01,2.106471e+01,2.098893e+01,2.105094e+01,2.109225e+01,2.108537e+01,2.105782e+01,2.105782e+01,2.087169e+01,2.107160e+01,2.101649e+01,2.100960e+01,2.107160e+01,2.100960e+01,2.107160e+01,2.089929e+01,2.097514e+01,2.111291e+01,2.105094e+01,2.110602e+01,2.107160e+01,2.106471e+01,2.106471e+01
2.144964e+01,2.140847e+01,2.131920e+01,2.125048e+01,2.129172e+01,2.129172e+01,2.131233e+01,2.130546e+01,2.128485e+01,2.131233e+01,2.128485e+01,2.127110e+01,2.117484e+01,2.134668e+01,2.137415e+01,2.131920e+01,2.133294e+01,2.120235e+01,2.122298e+01,2.117484e+01,2.122986e+01,2.133294e+01,2.121611e+01,2.122986e+01,2.123674e+01,2.123674e+01,2.129859e+01,2.122298e+01,2.127110e+01,2.117484e+01,2.125048e+01,2.131233e+01,2.125048e+01,2.127798e+01,2.122298e+01,2.127798e+01,2.127798e+01,2.114044e+01,2.125736e+01,2.123674e+01,2.118172e+01,2.121611e+01,2.123674e+01,2.120235e+01,2.118860e+01,2.115420e+01,2.121611e+01,2.115420e+01,2.117484e+01,2.117484e+01,2.127110e+01,2.126423e+01,2.131920e+01,2.112667e+01,2.136728e+01,2.125736e+01,2.126423e+01,2.122298e+01,2.127110e+01,2.125736e+01,2.118860e+01,2.132607e+01,2.147022e+01,2.133294e+01,2.127110e+01,2.139474e+01,2.130546e+01,2.129859e+01,2.127798e+01,2.129859e+01,2.135355e+01,2.142906e+01,2.132607e+01,2.134668e+01,2.135355e+01,2.138101e+01,2.133981e+01,2.136728e+01,2.131920e+01,2.136041e+01,2.133981e+01,2.134668e+01,2.138101e+01,2.137415e+01,2.140161e+01,2.135355e+01,2.133981e+01,2.132607e+01,2.139474e+01,2.136728e+01,2.133981e+01,2.137415e+01,2.127798e+01,2.136041e+01,2.130546e+01,2.139474e+01,2.137415e+01,2.133981e+01,2.138101e+01,2.140161e+01,2.140161e+01,2.132607e+01,2.128485e+01,2.128485e+01,2.127110e+01,2.129172e+01,2.135355e+01,2.129859e+01,2.138101e+01,2.136728e+01,2.138101e+01,2.138101e+01,2.133294e+01,2.128485e+01,2.143592e+01,2.137415e+01,2.137415e+01,2.136728e+01,2.131920e+01,2.142906e+01,2.136728e+01,2.138788e+01,2.133981e+01,2.131233e+01,2.132607e+01,2.127110e+01,2.125048e+01,2.131233e+01,2.130546e+01,2.140161e+01,2.139474e+01,2.122986e+01,2.138788e+01,2.133981e+01,2.137415e+01,2.142220e+01,2.131233e+01,2.144278e+01,2.133981e+01,2.136041e+01,2.133294e+01,2.158677e+01,2.142906e+01,2.130546e+01,2.142220e+01,2.142906e+01,2.136041e+01,2.134668e+01,2.140847e+01,2.132607e+01,2.133294e+01,2.136728e+01,2.131920e+01,2.137415e+01,2.128485e+01,2.138788e+01,2.137415e+01,2.144278e+01,2.129172e+01,2.130546e+01,2.138788e+01,2.130546e+01,2.139474e+01,2.136728e+01,2.136041e+01,2.139474e+01,2.143592e+01,2.139474e+01,2.138101e+01,2.134668e+01,2.138788e+01,2.138101e+01,2.140161e+01,2.137415e+01,2.142906e+01,2.142906e+01,2.128485e+01,2.144278e+01,2.142220e+01,2.131920e+01,2.146336e+01,2.142220e+01,2.144278e+01,2.129172e+01,2.138101e+01,2.142906e+01,2.148394e+01,2.140847e+01,2.149766e+01,2.134668e+01,2.140161e+01,2.144964e+01,2.143592e+01,2.141533e+01,2.140161e+01,2.140161e+01,2.142906e+01,2.132607e+01,2.136041e+01,2.137415e+01,2.111291e+01,2.134668e+01,2.135355e+01,2.150451e+01,2.136728e+01,2.140161e+01,2.137415e+01,2.138788e+01,2.138788e+01,2.137415e+01,2.140161e+01,2.135355e+01,2.140161e+01,2.138101e+01,2.133981e+01,2.140161e+01,2.140847e+01,2.140161e+01,2.132607e+01,2.138788e+01,2.134668e+01,2.131233e+01,2.142906e+01,2.130546e+01,2.129859e+01,2.133294e+01,2.138788e+01,2.135355e+01,2.140161e+01,2.131233e+01,2.131920e+01,2.136041e+01,2.137415e+01,2.131233e+01,2.138101e+01,2.132607e+01,2.133981e+01,2.139474e+01,2.138788e+01,2.140161e+01,2.137415e+01,2.144964e+01,2.144278e+01,2.138101e+01,2.133981e+01,2.133294e+01,2.142220e+01,2.140161e+01,2.142220e+01,2.133981e+01,2.141533e+01,2.156621e+01,2.136728e+01,2.136041e+01,2.133294e+01,2.151137e+01,2.133981e+01,2.142220e+01,2.143592e+01,2.133294e+01,2.145650e+01,2.147022e+01,2.135355e+01,2.138101e+01,2.142220e+01,2.147022e+01,2.147708e+01,2.134668e+01,2.144278e+01,2.137415e+01,2.138788e+01,2.142220e+01,2.132607e+01,2.145650e+01,2.140847e+01,2.131233e+01,2.136041e+01,2.139474e+01,2.133981e+01,2.136041e+01,2.133294e+01,2.149766e+01,2.140847e+01,2.150451e+01,2.139474e+01,2.141533e+01,2.138101e+01,2.142220e+01,2.142220e+01,2.136041e+01,2.136041e+01,2.137415e+01,2.136041e+01,2.138101e+01,2.138101e+01,2.133981e+01,2.141533e+01,2.132607e+01,2.133981e+01,2.133981e+01,2.147022e+01,2.142906e+01,2.144278e+01,2.142906e+01,2.141533e+01,2.125736e+01,2.144278e+01,2.141533e+01,2.131920e+01,2.131233e+01,2.138788e+01,2.135355e+01,2.144278e+01,2.141533e+01,2.138788e+01,2.139474e+01,2.136728e+01,2.143592e+01,2.142906e+01,2.138101e+01,2.141533e+01,2.143592e+01,2.139474e+01,2.142906e+01,2.140847e+01,2.141533e+01,2.129859e+01,2.139474e+01,2.134668e+01,2.133981e+01,2.134668e+01,2.125736e+01,2.132607e+01,2.142906e+01,2.142220e+01,2.142220e+01,2.134668e+01,2.133294e+01,2.138788e+01,2.132607e+01,2.130546e+01,2.133981e+01,2.137415e+01,2.136041e+01,2.138101e+01,2.135355e+01,2.129859e+01,2.129859e+01,2.133294e+01,2.136041e+01,2.142906e+01,2.133981e+01,2.133981e+01,2.135355e+01,2.135355e+01,2.133294e+01,2.129172e+01,2.117484e+01,2.103716e+01,2.026960e+01,2.011677e+01,1.994283e+01,1.985922e+01,1.989407e+01,1.989407e+01,1.990800e+01,1.990800e+01,1.990800e+01,1.987316e+01,1.982437e+01,1.985922e+01,1.988013e+01,1.986619e+01,1.993586e+01,2.002636e+01,1.988013e+01,2.004723e+01,1.997068e+01,1.999156e+01,2.013068e+01,2.006114e+01,2.011677e+01,2.005419e+01,2.008896e+01,2.013068e+01,2.013068e+01,2.008896e+01,2.013068e+01,2.005419e+01,2.001940e+01,2.011677e+01,2.019321e+01,2.013763e+01,2.018627e+01,2.011677e+01,2.012372e+01,2.013068e+01,2.013763e+01,2.010287e+01,2.010982e+01,2.009591e+01,2.004027e+01,2.007505e+01,2.008896e+01,2.008896e+01,1.994283e+01,1.996371e+01,2.005419e+01,1.996371e+01,1.997764e+01,2.000548e+01,1.997068e+01,1.999852e+01,1.987316e+01,1.985922e+01,1.988710e+01,1.995675e+01,1.985922e+01,1.994283e+01,1.985225e+01,2.039447e+01,2.093377e+01,2.092688e+01,2.125048e+01,2.121611e+01,2.121611e+01,2.116108e+01,2.117484e+01,2.122298e+01,2.109914e+01,2.116796e+01,2.115420e+01,2.129859e+01,2.117484e+01,2.117484e+01,2.118860e+01,2.124361e+01,2.119548e+01,2.122298e+01,2.127798e+01,2.122986e+01,2.124361e+01,2.125048e+01,2.117484e+01,2.123674e+01,2.105094e+01,2.037366e+01,1.992193e+01,1.996371e+01,1.985922e+01,1.985922e+01,1.983831e+01,1.981740e+01,1.977555e+01,1.978253e+01,1.977555e+01,1.978253e+01,1.980345e+01,1.985922e+01,1.983134e+01,1.978253e+01,1.981042e+01,1.985922e+01,1.981740e+01,1.985225e+01,1.992193e+01,1.985225e+01,1.994979e+01,1.988710e+01,1.990800e+01,1.997068e+01,2.004723e+01,1.990800e+01,1.987316e+01,2.002636e+01,1.994283e+01,2.006114e+01,1.999156e+01,1.995675e+01,1.995675e+01,2.001940e+01,1.991496e+01,1.999156e+01,2.002636e+01,1.999852e+01,2.004027e+01,1.988013e+01,1.991496e+01,1.993586e+01,1.989407e+01,1.994979e+01,1.990800e+01,1.992193e+01,1.998460e+01,1.994979e+01,1.992890e+01,1.993586e+01,1.990103e+01,1.984528e+01,1.997068e+01,1.999852e+01,2.000548e+01,1.993586e+01,1.989407e+01,1.990103e+01,1.988710e+01,1.986619e+01,1.979647e+01,1.975462e+01,1.986619e+01,1.981740e+01,1.986619e+01,1.985225e+01,1.992193e+01,1.983831e+01,1.994283e+01,1.982437e+01,1.981740e+01,1.982437e+01,1.993586e+01,1.988710e+01,1.981740e+01,1.993586e+01,1.980345e+01,2.001244e+01,2.019321e+01,2.022100e+01,2.086479e+01,2.111291e+01,2.114732e+01,2.120923e+01,2.111979e+01,2.118860e+01,2.125048e+01,2.125736e+01,2.109914e+01,2.129172e+01,2.118860e+01,2.123674e+01,2.124361e+01,2.122298e+01,2.123674e+01,2.122298e+01,2.122298e+01,2.120923e+01,2.116796e+01,2.120235e+01,2.120235e+01,2.125048e+01,2.120923e+01,2.127798e+01,2.129859e+01,2.120923e+01,2.121611e+01,2.123674e+01,2.125048e+01,2.127798e+01,2.117484e+01,2.124361e+01,2.120923e+01,2.118860e+01,2.128485e+01,2.140161e+01,2.130546e+01,2.125736e+01,2.124361e+01,2.125736e+01,2.127798e+01,2.118172e+01,2.120235e+01,2.124361e+01,2.127110e+01,2.127798e+01,2.133981e+01,2.133294e+01,2.122986e+01,2.117484e+01,2.131920e+01,2.126423e+01,2.133294e+01,2.132607e+01,2.128485e+01,2.122986e+01,2.121611e+01,2.122986e+01,2.125736e+01,2.124361e+01,2.131233e+01,2.113355e+01,2.134668e+01,2.120923e+01,2.122298e+01,2.117484e+01,2.123674e+01,2.129172e+01,2.120923e+01,2.116796e+01,2.118172e+01,2.112667e+01,2.113355e+01,2.103716e+01,2.111291e+01,2.114732e+01,2.133294e+01,2.109225e+01,2.122986e+01,2.114732e+01,2.118860e+01,2.112667e+01,2.109914e+01,2.112667e+01,2.110602e+01,2.111291e+01,2.107160e+01,2.109225e+01,2.111291e+01,2.109914e+01,2.111291e+01,2.107160e+01,2.106471e+01,2.097514e+01,2.109914e+01,2.107160e+01,2.111979e+01,2.112667e+01,2.103716e+01,2.098893e+01,2.113355e+01,2.105782e+01,2.103716e+01,2.103716e+01,2.107160e+01,2.098893e+01,2.111979e+01,2.111291e+01,2.111291e+01,2.107160e+01,2.107848e+01,2.109225e+01,2.105094e+01
2.132607e+01,2.123674e+01,2.131233e+01,2.131920e+01,2.131920e+01,2.132607e+01,2.132607e+01,2.128485e+01,2.163472e+01,2.130546e+01,2.130546e+01,2.128485e+01,2.128485e+01,2.128485e+01,2.124361e+01,2.108537e+01,2.120235e+01,2.127798e+01,2.133981e+01,2.121611e+01,2.118172e+01,2.122298e+01,2.120235e+01,2.121611e+01,2.116108e+01,2.136728e+01,2.131233e+01,2.127798e+01,2.123674e+01,2.127110e+01,2.125736e+01,2.125736e+01,2.130546e+01,2.122986e+01,2.131920e+01,2.114732e+01,2.119548e+01,2.125736e+01,2.119548e+01,2.127110e+01,2.116108e+01,2.115420e+01,2.120923e+01,2.117484e+01,2.118860e+01,2.122298e+01,2.124361e+01,2.122298e+01,2.131920e+01,2.122298e+01,2.113355e+01,2.133294e+01,2.132607e+01,2.119548e+01,2.128485e+01,2.128485e+01,2.125048e+01,2.123674e+01,2.126423e+01,2.122986e+01,2.121611e+01,2.132607e+01,2.118860e+01,2.134668e+01,2.135355e+01,2.118860e+01,2.116108e+01,2.135355e+01,2.129859e+01,2.126423e+01,2.135355e+01,2.128485e+01,2.142906e+01,2.134668e+01,2.131920e+01,2.132607e+01,2.132607e+01,2.133294e+01,2.132607e+01,2.135355e+01,2.139474e+01,2.140161e+01,2.125736e+01,2.136728e+01,2.133981e+01,2.136041e+01,2.138788e+01,2.138101e+01,2.133981e+01,2.133294e+01,2.132607e+01,2.141533e+01,2.133294e+01,2.131233e+01,2.138788e+01,2.133294e+01,2.136728e+01,2.143592e+01,2.121611e+01,2.125736e+01,2.145650e+01,2.125048e+01,2.129859e+01,2.131920e+01,2.134668e+01,2.127110e+01,2.131920e+01,2.130546e+01,2.130546e+01,2.136041e+01,2.151823e+01,2.131920e+01,2.131920e+01,2.127110e+01,2.138788e+01,2.138788e+01,2.138101e+01,2.136728e+01,2.140161e+01,2.141533e+01,2.135355e+01,2.140847e+01,2.131920e+01,2.130546e+01,2.138101e+01,2.138101e+01,2.123674e+01,2.125048e+01,2.135355e+01,2.134668e+01,2.141533e+01,2.133981e+01,2.138788e+01,2.136728e+01,2.126423e+01,2.140161e+01,2.149766e+01,2.142906e+01,2.144278e+01,2.135355e+01,2.125048e+01,2.129859e+01,2.139474e+01,2.141533e+01,2.137415e+01,2.140847e+01,2.129859e+01,2.129859e+01,2.142906e+01,2.131920e+01,2.131920e+01,2.135355e+01,2.142906e+01,2.123674e+01,2.138101e+01,2.136728e+01,2.139474e+01,2.138788e+01,2.133981e+01,2.139474e+01,2.134668e+01,2.137415e+01,2.138788e+01,2.140161e+01,2.139474e+01,2.137415e+01,2.135355e+01,2.135355e+01,2.140847e+01,2.137415e+01,2.136728e+01,2.145650e+01,2.139474e+01,2.142906e+01,2.143592e+01,2.138101e+01,2.144964e+01,2.139474e+01,2.130546e+01,2.153880e+01,2.129172e+01,2.140847e+01,2.138101e+01,2.135355e+01,2.139474e+01,2.126423e+01,2.142906e+01,2.147708e+01,2.136041e+01,2.142906e+01,2.131920e+01,2.137415e+01,2.139474e+01,2.141533e+01,2.142220e+01,2.140161e+01,2.136041e+01,2.134668e+01,2.136041e+01,2.136728e+01,2.135355e+01,2.138101e+01,2.130546e+01,2.140161e+01,2.141533e+01,2.133981e+01,2.139474e+01,2.138788e+01,2.140161e+01,2.139474e+01,2.136041e+01,2.135355e+01,2.135355e+01,2.136041e+01,2.129859e+01,2.136728e+01,2.133981e+01,2.134668e+01,2.136041e+01,2.136041e+01,2.137415e+01,2.140847e+01,2.136728e+01,2.130546e+01,2.136041e+01,2.140847e+01,2.140161e+01,2.131920e+01,2.138788e+01,2.142906e+01,2.133294e+01,2.133981e+01,2.133294e+01,2.142906e+01,2.133294e+01,2.133294e+01,2.133294e+01,2.140847e+01,2.136041e+01,2.139474e+01,2.140847e+01,2.138788e+01,2.127798e+01,2.132607e+01,2.140161e+01,2.136041e+01,2.145650e+01,2.142220e+01,2.141533e+01,2.139474e+01,2.131920e+01,2.136041e+01,2.144278e+01,2.137415e+01,2.138788e+01,2.133981e+01,2.132607e+01,2.140847e+01,2.144964e+01,2.146336e+01,2.143592e+01,2.139474e+01,2.131233e+01,2.146336e+01,2.133294e+01,2.131920e+01,2.138101e+01,2.134668e+01,2.140847e+01,2.132607e+01,2.137415e+01,2.142906e+01,2.130546e+01,2.129859e+01,2.140161e+01,2.142906e+01,2.136041e+01,2.134668e+01,2.135355e+01,2.140847e+01,2.133981e+01,2.133981e+01,2.144278e+01,2.138101e+01,2.141533e+01,2.141533e+01,2.137415e+01,2.137415e+01,2.136041e+01,2.136041e+01,2.135355e+01,2.136728e+01,2.136041e+01,2.137415e+01,2.135355e+01,2.135355e+01,2.140847e+01,2.136041e+01,2.140161e+01,2.131233e+01,2.144964e+01,2.140161e+01,2.134668e+01,2.138101e+01,2.153194e+01,2.137415e+01,2.140161e+01,2.149080e+01,2.134668e+01,2.136041e+01,2.133981e+01,2.134668e+01,2.136041e+01,2.138788e+01,2.148394e+01,2.137415e+01,2.137415e+01,2.139474e+01,2.138101e+01,2.139474e+01,2.140161e+01,2.142906e+01,2.134668e+01,2.141533e+01,2.141533e+01,2.154565e+01,2.152508e+01,2.131233e+01,2.132607e+01,2.137415e+01,2.136728e+01,2.131920e+01,2.131920e+01,2.142906e+01,2.140161e+01,2.146336e+01,2.147022e+01,2.138101e+01,2.139474e+01,2.136041e+01,2.136041e+01,2.131920e+01,2.131920e+01,2.133294e+01,2.135355e+01,2.136728e+01,2.131233e+01,2.135355e+01,2.131920e+01,2.127798e+01,2.140847e+01,2.128485e+01,2.133981e+01,2.132607e+01,2.130546e+01,2.128485e+01,2.136041e+01,2.131233e+01,2.120235e+01,2.078886e+01,2.035980e+01,2.008201e+01,1.990800e+01,1.985225e+01,1.990103e+01,1.994979e+01,1.990800e+01,1.988710e+01,1.987316e+01,1.987316e+01,1.983134e+01,1.985922e+01,1.988013e+01,1.987316e+01,1.990103e+01,1.998460e+01,1.994283e+01,2.003332e+01,1.994979e+01,1.987316e+01,2.001940e+01,1.995675e+01,1.999156e+01,1.999156e+01,2.008201e+01,2.010287e+01,2.005419e+01,2.007505e+01,2.008201e+01,2.010287e+01,2.013068e+01,2.009591e+01,2.017237e+01,2.017237e+01,2.009591e+01,2.008896e+01,2.014458e+01,2.004027e+01,2.004723e+01,2.008201e+01,2.008201e+01,2.008201e+01,2.003332e+01,1.992890e+01,2.005419e+01,1.993586e+01,1.995675e+01,1.994979e+01,2.006810e+01,1.999852e+01,2.001244e+01,1.983831e+01,1.988013e+01,1.989407e+01,1.985922e+01,1.986619e+01,1.983134e+01,1.992890e+01,1.983134e+01,1.994283e+01,2.041526e+01,2.096825e+01,2.113355e+01,2.118172e+01,2.115420e+01,2.118172e+01,2.114732e+01,2.116796e+01,2.114732e+01,2.118172e+01,2.120235e+01,2.120923e+01,2.110602e+01,2.120235e+01,2.118860e+01,2.124361e+01,2.129172e+01,2.120235e+01,2.116108e+01,2.128485e+01,2.118172e+01,2.112667e+01,2.118860e+01,2.108537e+01,2.109914e+01,2.069905e+01,2.004723e+01,1.990800e+01,1.983831e+01,1.978950e+01,1.982437e+01,1.976160e+01,1.983831e+01,1.978950e+01,1.978253e+01,1.981740e+01,1.975462e+01,1.978950e+01,1.974067e+01,1.981042e+01,1.983134e+01,1.990103e+01,1.988710e+01,1.983831e+01,1.979647e+01,1.981042e+01,1.990800e+01,2.006810e+01,1.998460e+01,1.974764e+01,1.995675e+01,1.985922e+01,1.985225e+01,1.985225e+01,1.993586e+01,1.995675e+01,1.995675e+01,1.992193e+01,1.994979e+01,1.980345e+01,2.000548e+01,1.994283e+01,2.001940e+01,1.993586e+01,1.991496e+01,1.998460e+01,1.984528e+01,1.997764e+01,1.996371e+01,1.995675e+01,1.995675e+01,1.989407e+01,1.997764e+01,1.993586e+01,1.995675e+01,1.990800e+01,1.992193e+01,1.989407e+01,1.993586e+01,1.990800e+01,1.992193e+01,1.989407e+01,1.986619e+01,1.985922e+01,2.001244e+01,1.988710e+01,1.983134e+01,1.988013e+01,1.992890e+01,1.979647e+01,1.983134e+01,1.983831e+01,1.983831e+01,1.994979e+01,1.983831e+01,1.977555e+01,1.980345e+01,1.984528e+01,1.987316e+01,1.986619e+01,2.002636e+01,1.983134e+01,1.995675e+01,2.006114e+01,2.019321e+01,2.053303e+01,2.094067e+01,2.093377e+01,2.124361e+01,2.116796e+01,2.120235e+01,2.118172e+01,2.122298e+01,2.116108e+01,2.127798e+01,2.120235e+01,2.123674e+01,2.120235e+01,2.109225e+01,2.122298e+01,2.121611e+01,2.123674e+01,2.127110e+01,2.098203e+01,2.120923e+01,2.127798e+01,2.119548e+01,2.120923e+01,2.128485e+01,2.113355e+01,2.133294e+01,2.126423e+01,2.120923e+01,2.111291e+01,2.125048e+01,2.138788e+01,2.130546e+01,2.124361e+01,2.125048e+01,2.127110e+01,2.117484e+01,2.120235e+01,2.127798e+01,2.133294e+01,2.133981e+01,2.131233e+01,2.123674e+01,2.118172e+01,2.124361e+01,2.126423e+01,2.120923e+01,2.127110e+01,2.125048e+01,2.125048e+01,2.118860e+01,2.135355e+01,2.115420e+01,2.125736e+01,2.123674e+01,2.133294e+01,2.114732e+01,2.118172e+01,2.118860e+01,2.129172e+01,2.121611e+01,2.125736e+01,2.135355e+01,2.095446e+01,2.119548e+01,2.133294e+01,2.118172e+01,2.122986e+01,2.125048e+01,2.125736e+01,2.115420e+01,2.122298e+01,2.124361e+01,2.111979e+01,2.114732e+01,2.115420e+01,2.114732e+01,2.116108e+01,2.114732e+01,2.114732e+01,2.110602e+01,2.116108e+01,2.113355e+01,2.114044e+01,2.117484e+01,2.116108e+01,2.109914e+01,2.109225e+01,2.111291e+01,2.108537e+01,2.111291e+01,2.099582e+01,2.107848e+01,2.107848e+01,2.113355e+01,2.105094e+01,2.116796e+01,2.116108e+01,2.103716e+01,2.106471e+01,2.109225e+01,2.099582e+01,2.112667e+01,2.107160e+01,2.110602e+01,2.098203e+01,2.101649e+01,2.096825e+01,2.106471e+01,2.099582e+01,2.105094e+01,2.104405e+01,2.110602e+01,2.111291e+01,2.102338e+01,2.087169e+01
2.137415e+01,2.141533e+01,2.124361e+01,2.129172e+01,2.125736e+01,2.129859e+01,2.132607e+01,2.127110e+01,2.130546e+01,2.133294e+01,2.131920e+01,2.125736e+01,2.114044e+01,2.126423e+01,2.136728e+01,2.125048e+01,2.133294e+01,2.133294e+01,2.119548e+01,2.122986e+01,2.120235e+01,2.118860e+01,2.124361e+01,2.126423e+01,2.114732e+01,2.127110e+01,2.123674e+01,2.112667e+01,2.122986e+01,2.127798e+01,2.125736e+01,2.124361e+01,2.122298e+01,2.124361e+01,2.120235e+01,2.120235e+01,2.126423e+01,2.129859e+01,2.125048e+01,2.124361e+01,2.125736e+01,2.122986e+01,2.115420e+01,2.118172e+01,2.123674e+01,2.125048e+01,2.120235e+01,2.128485e+01,2.116108e+01,2.117484e+01,2.131233e+01,2.115420e+01,2.129172e+01,2.129172e+01,2.114732e+01,2.120235e+01,2.129859e+01,2.129172e+01,2.123674e+01,2.121611e+01,2.123674e+01,2.131233e+01,2.121611e+01,2.133294e+01,2.131233e+01,2.120923e+01,2.133981e+01,2.133294e+01,2.131920e+01,2.127798e+01,2.129172e+01,2.132607e+01,2.133294e+01,2.153194e+01,2.132607e+01,2.133294e+01,2.135355e+01,2.134668e+01,2.128485e+01,2.130546e+01,2.129859e+01,2.136041e+01,2.137415e+01,2.133294e+01,2.132607e+01,2.133981e+01,2.140847e+01,2.136041e+01,2.136728e+01,2.133981e+01,2.131233e+01,2.133294e+01,2.137415e+01,2.131233e+01,2.138101e+01,2.138788e+01,2.137415e+01,2.137415e+01,2.133294e+01,2.146336e+01,2.136728e+01,2.131920e+01,2.131233e+01,2.127798e+01,2.132607e+01,2.133981e+01,2.132607e+01,2.130546e+01,2.132607e+01,2.134668e+01,2.142220e+01,2.142220e+01,2.134668e+01,2.139474e+01,2.133294e+01,2.140161e+01,2.138788e+01,2.139474e+01,2.142220e+01,2.127110e+01,2.139474e+01,2.149766e+01,2.131233e+01,2.136728e+01,2.137415e+01,2.136041e+01,2.134668e+01,2.144278e+01,2.134668e+01,2.137415e+01,2.141533e+01,2.142906e+01,2.135355e+01,2.125736e+01,2.134668e+01,2.132607e+01,2.144964e+01,2.133981e+01,2.144964e+01,2.136728e+01,2.135355e+01,2.144964e+01,2.141533e+01,2.138101e+01,2.140161e+01,2.131920e+01,2.128485e+01,2.132607e+01,2.140161e+01,2.131233e+01,2.144964e+01,2.133981e+01,2.133294e+01,2.138788e+01,2.123674e+01,2.136728e+01,2.139474e+01,2.136041e+01,2.128485e+01,2.140161e+01,2.136041e+01,2.141533e+01,2.140161e+01,2.144964e+01,2.125048e+01,2.140847e+01,2.136728e+01,2.143592e+01,2.140161e+01,2.129859e+01,2.136728e+01,2.142220e+01,2.147022e+01,2.135355e+01,2.143592e+01,2.139474e+01,2.140161e+01,2.141533e+01,2.141533e+01,2.136728e+01,2.136728e+01,2.146336e+01,2.136728e+01,2.134668e+01,2.140161e+01,2.139474e+01,2.146336e+01,2.145650e+01,2.146336e+01,2.138101e+01,2.138788e+01,2.133981e+01,2.137415e+01,2.137415e+01,2.143592e+01,2.136728e+01,2.144964e+01,2.137415e+01,2.131233e+01,2.140847e+01,2.135355e+01,2.134668e+01,2.132607e+01,2.149766e+01,2.136041e+01,2.138788e+01,2.140161e+01,2.136041e+01,2.131920e+01,2.130546e+01,2.131920e+01,2.131233e+01,2.135355e+01,2.136041e+01,2.134668e+01,2.130546e+01,2.138788e+01,2.135355e+01,2.138788e+01,2.136041e+01,2.129172e+01,2.144964e+01,2.140161e+01,2.141533e+01,2.141533e+01,2.139474e+01,2.139474e+01,2.144278e+01,2.139474e+01,2.135355e+01,2.131233e+01,2.137415e+01,2.132607e+01,2.136041e+01,2.136728e+01,2.140161e+01,2.129859e+01,2.136041e+01,2.133981e+01,2.147022e+01,2.135355e+01,2.143592e+01,2.135355e+01,2.138101e+01,2.140847e+01,2.146336e+01,2.140161e+01,2.136728e+01,2.138788e+01,2.142220e+01,2.138788e+01,2.139474e+01,2.137415e+01,2.139474e+01,2.140161e+01,2.140847e+01,2.141533e+01,2.133294e+01,2.140847e+01,2.147022e+01,2.132607e+01,2.137415e+01,2.140847e+01,2.144964e+01,2.146336e+01,2.145650e+01,2.147708e+01,2.132607e+01,2.140847e+01,2.140161e+01,2.144278e+01,2.140847e+01,2.130546e+01,2.142220e+01,2.128485e+01,2.135355e+01,2.136041e+01,2.138101e+01,2.133981e+01,2.139474e+01,2.138788e+01,2.145650e+01,2.134668e+01,2.144964e+01,2.129859e+01,2.138788e+01,2.139474e+01,2.143592e+01,2.144964e+01,2.150451e+01,2.136041e+01,2.136041e+01,2.149766e+01,2.142220e+01,2.144278e+01,2.133981e+01,2.133294e+01,2.131233e+01,2.135355e+01,2.127110e+01,2.129859e+01,2.142906e+01,2.135355e+01,2.137415e+01,2.140847e+01,2.135355e+01,2.142220e+01,2.153194e+01,2.136728e+01,2.136728e+01,2.140161e+01,2.140161e+01,2.148394e+01,2.149080e+01,2.138788e+01,2.130546e+01,2.139474e+01,2.138788e+01,2.140847e+01,2.136728e+01,2.138101e+01,2.137415e+01,2.143592e+01,2.142220e+01,2.139474e+01,2.140161e+01,2.133294e+01,2.135355e+01,2.132607e+01,2.131920e+01,2.131920e+01,2.133294e+01,2.136041e+01,2.135355e+01,2.152508e+01,2.140161e+01,2.138788e+01,2.139474e+01,2.132607e+01,2.136041e+01,2.132607e+01,2.129172e+01,2.140161e+01,2.138101e+01,2.140847e+01,2.135355e+01,2.140161e+01,2.134668e+01,2.133294e+01,2.134668e+01,2.130546e+01,2.137415e+01,2.136728e+01,2.135355e+01,2.134668e+01,2.132607e+01,2.133981e+01,2.137415e+01,2.138101e+01,2.111291e+01,2.081648e+01,2.026960e+01,1.986619e+01,1.999852e+01,1.984528e+01,1.984528e+01,2.010287e+01,1.986619e+01,1.988710e+01,1.985922e+01,1.991496e+01,1.985225e+01,1.983831e+01,1.988013e+01,1.985922e+01,1.987316e+01,2.008201e+01,2.005419e+01,1.994979e+01,2.006810e+01,1.996371e+01,2.000548e+01,1.997068e+01,2.006114e+01,2.006114e+01,2.013068e+01,2.004723e+01,2.003332e+01,2.003332e+01,2.010982e+01,2.008896e+01,2.012372e+01,2.008896e+01,2.010982e+01,2.014458e+01,2.014458e+01,2.017237e+01,2.012372e+01,2.006810e+01,2.005419e+01,2.008201e+01,2.001940e+01,2.001244e+01,2.004027e+01,2.001244e+01,2.005419e+01,2.001244e+01,2.004027e+01,1.992890e+01,1.998460e+01,2.004723e+01,1.996371e+01,1.999156e+01,1.999156e+01,1.997068e+01,1.992193e+01,1.997068e+01,1.981740e+01,1.995675e+01,2.017237e+01,2.057456e+01,2.104405e+01,2.114044e+01,2.117484e+01,2.127110e+01,2.114044e+01,2.111291e+01,2.114044e+01,2.108537e+01,2.116796e+01,2.120235e+01,2.112667e+01,2.115420e+01,2.122986e+01,2.123674e+01,2.125048e+01,2.107160e+01,2.111291e+01,2.116796e+01,2.123674e+01,2.128485e+01,2.118172e+01,2.118172e+01,2.117484e+01,2.117484e+01,2.071287e+01,2.028348e+01,1.980345e+01,1.986619e+01,1.983831e+01,1.988710e+01,1.984528e+01,1.988710e+01,1.985225e+01,1.985225e+01,1.983134e+01,1.980345e+01,1.987316e+01,1.988710e+01,1.986619e+01,1.990800e+01,1.983831e+01,1.983134e+01,1.985225e+01,1.983831e+01,1.988710e+01,1.981740e+01,1.984528e+01,1.983831e+01,1.996371e+01,1.999852e+01,1.997068e+01,1.994979e+01,1.997068e+01,1.995675e+01,1.992890e+01,1.991496e+01,1.981042e+01,1.992890e+01,1.997068e+01,1.994979e+01,1.995675e+01,1.991496e+01,2.002636e+01,2.003332e+01,2.004723e+01,1.997764e+01,1.993586e+01,1.994283e+01,1.997764e+01,1.997068e+01,1.988710e+01,1.995675e+01,1.995675e+01,2.011677e+01,2.009591e+01,1.991496e+01,1.989407e+01,1.991496e+01,1.999852e+01,1.992193e+01,1.995675e+01,1.990800e+01,1.988013e+01,1.997068e+01,1.988013e+01,1.984528e+01,1.990103e+01,1.981740e+01,1.994979e+01,1.978950e+01,1.985225e+01,1.985922e+01,1.986619e+01,1.992193e+01,1.992193e+01,1.993586e+01,1.983831e+01,1.985225e+01,2.004027e+01,1.989407e+01,1.997068e+01,2.002636e+01,2.024877e+01,2.071978e+01,2.076123e+01,2.110602e+01,2.107848e+01,2.118172e+01,2.116108e+01,2.120235e+01,2.119548e+01,2.120923e+01,2.120923e+01,2.113355e+01,2.124361e+01,2.116108e+01,2.114732e+01,2.114732e+01,2.124361e+01,2.116108e+01,2.124361e+01,2.124361e+01,2.130546e+01,2.122986e+01,2.123674e+01,2.117484e+01,2.116108e+01,2.121611e+01,2.133981e+01,2.124361e+01,2.135355e+01,2.123674e+01,2.133981e+01,2.129859e+01,2.123674e+01,2.102338e+01,2.122986e+01,2.127110e+01,2.142220e+01,2.129172e+01,2.127110e+01,2.124361e+01,2.129859e+01,2.128485e+01,2.127798e+01,2.119548e+01,2.130546e+01,2.129859e+01,2.116796e+01,2.116108e+01,2.124361e+01,2.130546e+01,2.117484e+01,2.124361e+01,2.125048e+01,2.133981e+01,2.125736e+01,2.129172e+01,2.132607e+01,2.127798e+01,2.121611e+01,2.127798e+01,2.125736e+01,2.114732e+01,2.104405e+01,2.125048e+01,2.129859e+01,2.124361e+01,2.122298e+01,2.116796e+01,2.120923e+01,2.122986e+01,2.120235e+01,2.121611e+01,2.116796e+01,2.118860e+01,2.124361e+01,2.114044e+01,2.120235e+01,2.111979e+01,2.112667e+01,2.107848e+01,2.116796e+01,2.123674e+01,2.123674e+01,2.118172e+01,2.118172e+01,2.109914e+01,2.110602e+01,2.109914e+01,2.107848e+01,2.107160e+01,2.107848e+01,2.109914e+01,2.111291e+01,2.107848e+01,2.109225e+01,2.105094e+01,2.105094e+01,2.101649e+01,2.104405e+01,2.102338e+01,2.103716e+01,2.105094e+01,2.100960e+01,2.096135e+01,2.109914e+01,2.103027e+01,2.105782e+01,2.109225e+01,2.098203e+01,2.111979e+01,2.111291e+01,2.102338e+01,2.105782e+01,2.111979e+01,2.110602e+01,2.107848e+01,2.109914e+01
2.136041e+01,2.122986e+01,2.136728e+01,2.128485e+01,2.135355e+01,2.126423e+01,2.128485e+01,2.133294e+01,2.138101e+01,2.128485e+01,2.126423e+01,2.138101e+01,2.128485e+01,2.134668e+01,2.118172e+01,2.133981e+01,2.133981e+01,2.126423e+01,2.131920e+01,2.136041e+01,2.125736e+01,2.126423e+01,2.118172e+01,2.122298e+01,2.125048e+01,2.115420e+01,2.112667e+01,2.127110e+01,2.108537e+01,2.125048e+01,2.125736e+01,2.120235e+01,2.124361e+01,2.116796e+01,2.118172e+01,2.107160e+01,2.121611e+01,2.116796e+01,2.115420e+01,2.116796e+01,2.107160e+01,2.128485e+01,2.127110e+01,2.117484e+01,2.125048e+01,2.120923e+01,2.122986e+01,2.118172e+01,2.140161e+01,2.116108e+01,2.119548e+01,2.116108e+01,2.124361e+01,2.124361e+01,2.127110e+01,2.129172e+01,2.133981e+01,2.121611e+01,2.118172e+01,2.123674e+01,2.124361e+01,2.119548e+01,2.121611e+01,2.124361e+01,2.119548e+01,2.124361e+01,2.122298e+01,2.135355e+01,2.133981e+01,2.130546e+01,2.123674e+01,2.125736e+01,2.130546e+01,2.131920e+01,2.132607e+01,2.131233e+01,2.133981e+01,2.131233e+01,2.127110e+01,2.125736e+01,2.124361e+01,2.128485e+01,2.135355e+01,2.140161e+01,2.143592e+01,2.132607e+01,2.131233e+01,2.136728e+01,2.133294e+01,2.132607e+01,2.128485e+01,2.134668e+01,2.128485e+01,2.131233e+01,2.138788e+01,2.125048e+01,2.131920e+01,2.139474e+01,2.136041e+01,2.140161e+01,2.136041e+01,2.133294e+01,2.136041e+01,2.131233e+01,2.132607e+01,2.138788e+01,2.131920e+01,2.133294e+01,2.136728e+01,2.141533e+01,2.130546e+01,2.130546e+01,2.132607e+01,2.122298e+01,2.134668e+01,2.136041e+01,2.134668e+01,2.136041e+01,2.139474e+01,2.140847e+01,2.133294e+01,2.129859e+01,2.138101e+01,2.138788e+01,2.144964e+01,2.133981e+01,2.133294e+01,2.133981e+01,2.131920e+01,2.135355e+01,2.127798e+01,2.136728e+01,2.137415e+01,2.125048e+01,2.146336e+01,2.127110e+01,2.141533e+01,2.131920e+01,2.131233e+01,2.140161e+01,2.138101e+01,2.132607e+01,2.139474e+01,2.128485e+01,2.145650e+01,2.129859e+01,2.130546e+01,2.140847e+01,2.131920e+01,2.135355e+01,2.144964e+01,2.133294e+01,2.134668e+01,2.135355e+01,2.139474e+01,2.139474e+01,2.149766e+01,2.143592e+01,2.146336e+01,2.127798e+01,2.139474e+01,2.138101e+01,2.136041e+01,2.140847e+01,2.137415e+01,2.139474e+01,2.138788e+01,2.135355e+01,2.144278e+01,2.137415e+01,2.147022e+01,2.127798e+01,2.138788e+01,2.147708e+01,2.139474e+01,2.138101e+01,2.140161e+01,2.138788e+01,2.141533e+01,2.136728e+01,2.132607e+01,2.133294e+01,2.139474e+01,2.142220e+01,2.137415e+01,2.133294e+01,2.133981e+01,2.121611e+01,2.134668e+01,2.142906e+01,2.140161e+01,2.140847e+01,2.138101e+01,2.140847e+01,2.142220e+01,2.136728e+01,2.139474e+01,2.144964e+01,2.143592e+01,2.141533e+01,2.129859e+01,2.145650e+01,2.138788e+01,2.131920e+01,2.138788e+01,2.140161e+01,2.139474e+01,2.134668e+01,2.129859e+01,2.144964e+01,2.139474e+01,2.129859e+01,2.134668e+01,2.132607e+01,2.132607e+01,2.129859e+01,2.135355e+01,2.133294e+01,2.139474e+01,2.134668e+01,2.132607e+01,2.138101e+01,2.133294e+01,2.137415e+01,2.138101e+01,2.138101e+01,2.140161e+01,2.138101e+01,2.136728e+01,2.137415e+01,2.134668e+01,2.138788e+01,2.137415e+01,2.127110e+01,2.142220e+01,2.125736e+01,2.141533e+01,2.146336e+01,2.135355e+01,2.138101e+01,2.133981e+01,2.138788e+01,2.136728e+01,2.135355e+01,2.137415e+01,2.144278e+01,2.139474e+01,2.138101e+01,2.134668e+01,2.132607e+01,2.135355e+01,2.134668e+01,2.139474e+01,2.135355e+01,2.139474e+01,2.140161e+01,2.137415e+01,2.142220e+01,2.144278e+01,2.139474e+01,2.134668e+01,2.133981e+01,2.144278e+01,2.133294e+01,2.129859e+01,2.129859e+01,2.145650e+01,2.143592e+01,2.138101e+01,2.132607e+01,2.132607e+01,2.134668e+01,2.131233e+01,2.140161e+01,2.138788e+01,2.136041e+01,2.136041e+01,2.141533e+01,2.142220e+01,2.136041e+01,2.140161e+01,2.143592e+01,2.140161e+01,2.142906e+01,2.142906e+01,2.143592e+01,2.142220e+01,2.144278e+01,2.145650e+01,2.138788e+01,2.136041e+01,2.138101e+01,2.137415e+01,2.147022e+01,2.131920e+01,2.135355e+01,2.143592e+01,2.141533e+01,2.128485e+01,2.136041e+01,2.129859e+01,2.138101e+01,2.133981e+01,2.140847e+01,2.130546e+01,2.130546e+01,2.139474e+01,2.129859e+01,2.140847e+01,2.136728e+01,2.136728e+01,2.135355e+01,2.141533e+01,2.128485e+01,2.133294e+01,2.133981e+01,2.136041e+01,2.136041e+01,2.137415e+01,2.119548e+01,2.147022e+01,2.136041e+01,2.142220e+01,2.139474e+01,2.141533e+01,2.140847e+01,2.127110e+01,2.130546e+01,2.131920e+01,2.133981e+01,2.136041e+01,2.134668e+01,2.136041e+01,2.133294e+01,2.143592e+01,2.133981e+01,2.132607e+01,2.140847e+01,2.133981e+01,2.135355e+01,2.137415e+01,2.144964e+01,2.135355e+01,2.138788e+01,2.134668e+01,2.136041e+01,2.136041e+01,2.136728e+01,2.130546e+01,2.142906e+01,2.129859e+01,2.124361e+01,2.135355e+01,2.132607e+01,2.131920e+01,2.132607e+01,2.151137e+01,2.125048e+01,2.129172e+01,2.132607e+01,2.105094e+01,2.050533e+01,2.010287e+01,1.984528e+01,1.993586e+01,1.987316e+01,1.984528e+01,1.983134e+01,1.988013e+01,1.988013e+01,1.987316e+01,1.987316e+01,1.981042e+01,1.981740e+01,1.983831e+01,1.987316e+01,1.990103e+01,1.983831e+01,1.990103e+01,1.994283e+01,1.996371e+01,1.997068e+01,1.994979e+01,2.001940e+01,1.994283e+01,1.999852e+01,2.001940e+01,2.006114e+01,2.000548e+01,2.008201e+01,2.008896e+01,2.004723e+01,2.010982e+01,2.001940e+01,2.006114e+01,2.015153e+01,2.005419e+01,2.020016e+01,2.016542e+01,2.003332e+01,2.000548e+01,2.006114e+01,1.997068e+01,2.006114e+01,1.999852e+01,1.998460e+01,1.997068e+01,1.994979e+01,1.993586e+01,1.998460e+01,1.994283e+01,1.992890e+01,1.982437e+01,1.993586e+01,1.992890e+01,1.980345e+01,1.997068e+01,1.992890e+01,1.999156e+01,2.022100e+01,2.097514e+01,2.120235e+01,2.111979e+01,2.107848e+01,2.109225e+01,2.112667e+01,2.111979e+01,2.109225e+01,2.117484e+01,2.119548e+01,2.116108e+01,2.114044e+01,2.105782e+01,2.115420e+01,2.104405e+01,2.105094e+01,2.107160e+01,2.122986e+01,2.116796e+01,2.114732e+01,2.118860e+01,2.116796e+01,2.119548e+01,2.116108e+01,2.107848e+01,2.069905e+01,2.004723e+01,1.992193e+01,1.988710e+01,1.981042e+01,1.978253e+01,1.986619e+01,1.984528e+01,1.989407e+01,1.990800e+01,1.988013e+01,1.988710e+01,1.977555e+01,1.988710e+01,1.981740e+01,1.983134e+01,1.987316e+01,1.989407e+01,1.988710e+01,1.983831e+01,1.989407e+01,1.993586e+01,1.998460e+01,1.985922e+01,1.998460e+01,1.995675e+01,1.991496e+01,1.988710e+01,1.998460e+01,1.994979e+01,1.988013e+01,1.993586e+01,1.992193e+01,1.985225e+01,1.995675e+01,1.985922e+01,1.997764e+01,1.995675e+01,1.997764e+01,1.997764e+01,2.004723e+01,1.984528e+01,1.992890e+01,1.990800e+01,1.992890e+01,1.988710e+01,1.995675e+01,1.990800e+01,1.994979e+01,1.996371e+01,1.994979e+01,1.983831e+01,1.993586e+01,1.995675e+01,2.001940e+01,1.992193e+01,1.989407e+01,1.984528e+01,1.996371e+01,1.985225e+01,1.987316e+01,1.987316e+01,1.987316e+01,1.989407e+01,1.996371e+01,1.981042e+01,1.995675e+01,1.985225e+01,1.980345e+01,1.982437e+01,1.994979e+01,1.981740e+01,1.990103e+01,1.995675e+01,1.983831e+01,1.996371e+01,2.004723e+01,2.057456e+01,2.099582e+01,2.100960e+01,2.116796e+01,2.107160e+01,2.120923e+01,2.119548e+01,2.118172e+01,2.121611e+01,2.122298e+01,2.111291e+01,2.119548e+01,2.111291e+01,2.118172e+01,2.125048e+01,2.118860e+01,2.118172e+01,2.117484e+01,2.125048e+01,2.122298e+01,2.117484e+01,2.129172e+01,2.116108e+01,2.122986e+01,2.122986e+01,2.122298e+01,2.122298e+01,2.151137e+01,2.123674e+01,2.124361e+01,2.123674e+01,2.105094e+01,2.124361e+01,2.133981e+01,2.103716e+01,2.128485e+01,2.126423e+01,2.122986e+01,2.129859e+01,2.136041e+01,2.125736e+01,2.127110e+01,2.125048e+01,2.122986e+01,2.131920e+01,2.125736e+01,2.118860e+01,2.113355e+01,2.111291e+01,2.112667e+01,2.127110e+01,2.115420e+01,2.114732e+01,2.120923e+01,2.120235e+01,2.116796e+01,2.126423e+01,2.118860e+01,2.131920e+01,2.127798e+01,2.114732e+01,2.125048e+01,2.125048e+01,2.112667e+01,2.116108e+01,2.125048e+01,2.114732e+01,2.116796e+01,2.120923e+01,2.135355e+01,2.122298e+01,2.113355e+01,2.118172e+01,2.115420e+01,2.114732e+01,2.114044e+01,2.107848e+01,2.122298e+01,2.108537e+01,2.108537e+01,2.111979e+01,2.110602e+01,2.114732e+01,2.109914e+01,2.114732e+01,2.113355e+01,2.101649e+01,2.103027e+01,2.114732e+01,2.107848e+01,2.107848e+01,2.108537e+01,2.107160e+01,2.105782e+01,2.105094e+01,2.100960e+01,2.106471e+01,2.105782e+01,2.105782e+01,2.107160e+01,2.103716e+01,2.108537e+01,2.106471e+01,2.097514e+01,2.089239e+01,2.116108e+01,2.100960e+01,2.103716e+01,2.106471e+01,2.107848e+01,2.099582e+01,2.110602e+01,2.114732e+01,2.103027e+01,2.108537e+01,2.111291e+01,2.107848e+01,2.111291e+01
2.130546e+01,2.136041e+01,2.126423e+01,2.128485e+01,2.129172e+01,2.128485e+01,2.127798e+01,2.140847e+01,2.135355e+01,2.133294e+01,2.131920e+01,2.136728e+01,2.125048e+01,2.133294e+01,2.135355e+01,2.131233e+01,2.122298e+01,2.136728e+01,2.127798e+01,2.135355e+01,2.125736e+01,2.115420e+01,2.122298e+01,2.114732e+01,2.116796e+01,2.124361e+01,2.112667e+01,2.125048e+01,2.122986e+01,2.114044e+01,2.116108e+01,2.122986e+01,2.116108e+01,2.120923e+01,2.119548e+01,2.123674e+01,2.116108e+01,2.120235e+01,2.118860e+01,2.122298e+01,2.103027e+01,2.127798e+01,2.120923e+01,2.118172e+01,2.125048e+01,2.116796e+01,2.120235e+01,2.115420e+01,2.120235e+01,2.122298e+01,2.117484e+01,2.118860e+01,2.110602e+01,2.122986e+01,2.130546e+01,2.130546e+01,2.120235e+01,2.116108e+01,2.129172e+01,2.122298e+01,2.122298e+01,2.121611e+01,2.124361e+01,2.141533e+01,2.125736e+01,2.116108e+01,2.120235e+01,2.118860e+01,2.135355e+01,2.136728e+01,2.126423e+01,2.125736e+01,2.127110e+01,2.129859e+01,2.131233e+01,2.131233e+01,2.134668e+01,2.136041e+01,2.133981e+01,2.124361e+01,2.131920e+01,2.126423e+01,2.133294e+01,2.136041e+01,2.130546e+01,2.139474e+01,2.136041e+01,2.130546e+01,2.133294e+01,2.136041e+01,2.132607e+01,2.138788e+01,2.132607e+01,2.139474e+01,2.137415e+01,2.136728e+01,2.125736e+01,2.136728e+01,2.131233e+01,2.136041e+01,2.143592e+01,2.131233e+01,2.127798e+01,2.136728e+01,2.136041e+01,2.139474e+01,2.125048e+01,2.131920e+01,2.131920e+01,2.134668e+01,2.131920e+01,2.134668e+01,2.128485e+01,2.135355e+01,2.133981e+01,2.137415e+01,2.136041e+01,2.140161e+01,2.136728e+01,2.122986e+01,2.140161e+01,2.144964e+01,2.129859e+01,2.148394e+01,2.134668e+01,2.136728e+01,2.133981e+01,2.128485e+01,2.128485e+01,2.128485e+01,2.135355e+01,2.127110e+01,2.136728e+01,2.144278e+01,2.133981e+01,2.145650e+01,2.142906e+01,2.133294e+01,2.140847e+01,2.135355e+01,2.139474e+01,2.137415e+01,2.140847e+01,2.136041e+01,2.139474e+01,2.138788e+01,2.133294e+01,2.136728e+01,2.144964e+01,2.134668e+01,2.140161e+01,2.144278e+01,2.138788e+01,2.135355e+01,2.138788e+01,2.128485e+01,2.137415e+01,2.141533e+01,2.124361e+01,2.138788e+01,2.138101e+01,2.135355e+01,2.136041e+01,2.142220e+01,2.138788e+01,2.144278e+01,2.133981e+01,2.147022e+01,2.142906e+01,2.133294e+01,2.137415e+01,2.142220e+01,2.144964e+01,2.142906e+01,2.139474e+01,2.133981e+01,2.138101e+01,2.138101e+01,2.140161e+01,2.142220e+01,2.140847e+01,2.136728e+01,2.133294e+01,2.136041e+01,2.135355e+01,2.142220e+01,2.142906e+01,2.138788e+01,2.143592e+01,2.137415e+01,2.141533e+01,2.138788e+01,2.136041e+01,2.140847e+01,2.137415e+01,2.141533e+01,2.130546e+01,2.136041e+01,2.143592e+01,2.142906e+01,2.142906e+01,2.147708e+01,2.139474e+01,2.136728e+01,2.140161e+01,2.141533e+01,2.129172e+01,2.141533e+01,2.143592e+01,2.142906e+01,2.139474e+01,2.138101e+01,2.135355e+01,2.139474e+01,2.137415e+01,2.138788e+01,2.133294e+01,2.132607e+01,2.136728e+01,2.142220e+01,2.138788e+01,2.143592e+01,2.133981e+01,2.139474e+01,2.142220e+01,2.138788e+01,2.138788e+01,2.142220e+01,2.136041e+01,2.137415e+01,2.144278e+01,2.144278e+01,2.134668e+01,2.135355e+01,2.133981e+01,2.142906e+01,2.147022e+01,2.134668e+01,2.141533e+01,2.141533e+01,2.141533e+01,2.146336e+01,2.138788e+01,2.136041e+01,2.138788e+01,2.136728e+01,2.140161e+01,2.136728e+01,2.131233e+01,2.133294e+01,2.141533e+01,2.144278e+01,2.133294e+01,2.137415e+01,2.137415e+01,2.137415e+01,2.136041e+01,2.135355e+01,2.140847e+01,2.131920e+01,2.143592e+01,2.134668e+01,2.144964e+01,2.144964e+01,2.130546e+01,2.140847e+01,2.144964e+01,2.147022e+01,2.142220e+01,2.133294e+01,2.141533e+01,2.130546e+01,2.144964e+01,2.134668e+01,2.138788e+01,2.136041e+01,2.136728e+01,2.142220e+01,2.136041e+01,2.137415e+01,2.140161e+01,2.141533e+01,2.132607e+01,2.142906e+01,2.143592e+01,2.144964e+01,2.141533e+01,2.140161e+01,2.138788e+01,2.143592e+01,2.147022e+01,2.143592e+01,2.140161e+01,2.131920e+01,2.140161e+01,2.144964e+01,2.136041e+01,2.157306e+01,2.133981e+01,2.134668e+01,2.133294e+01,2.131920e+01,2.131233e+01,2.135355e+01,2.134668e+01,2.138101e+01,2.143592e+01,2.137415e+01,2.122298e+01,2.130546e+01,2.144278e+01,2.140161e+01,2.136728e+01,2.138788e+01,2.132607e+01,2.133294e+01,2.136728e+01,2.137415e+01,2.140161e+01,2.138788e+01,2.138101e+01,2.140847e+01,2.139474e+01,2.137415e+01,2.140847e+01,2.139474e+01,2.148394e+01,2.136728e+01,2.140161e+01,2.143592e+01,2.133981e+01,2.140161e+01,2.140161e+01,2.133294e+01,2.138101e+01,2.133294e+01,2.144278e+01,2.136041e+01,2.144964e+01,2.136041e+01,2.133294e+01,2.138788e+01,2.133981e+01,2.138788e+01,2.137415e+01,2.136041e+01,2.142906e+01,2.134668e+01,2.133981e+01,2.140847e+01,2.131920e+01,2.125048e+01,2.130546e+01,2.134668e+01,2.133294e+01,2.131233e+01,2.127798e+01,2.133294e+01,2.138788e+01,2.138101e+01,2.120923e+01,2.082338e+01,2.025571e+01,1.999156e+01,2.000548e+01,1.981042e+01,1.990103e+01,1.988710e+01,1.985922e+01,1.989407e+01,1.989407e+01,1.989407e+01,1.978950e+01,1.982437e+01,1.985225e+01,1.988013e+01,1.992890e+01,1.993586e+01,1.986619e+01,2.008201e+01,1.994283e+01,2.010287e+01,1.999852e+01,2.003332e+01,2.003332e+01,2.001940e+01,2.007505e+01,2.004027e+01,1.995675e+01,1.997764e+01,2.006114e+01,2.010982e+01,1.997764e+01,2.009591e+01,2.006114e+01,2.015153e+01,2.010982e+01,2.005419e+01,2.006810e+01,2.012372e+01,2.013068e+01,2.013763e+01,2.006114e+01,2.007505e+01,2.007505e+01,1.996371e+01,1.999852e+01,1.995675e+01,1.992193e+01,1.996371e+01,1.992193e+01,1.997764e+01,1.988013e+01,1.985225e+01,1.991496e+01,1.997764e+01,1.992890e+01,1.991496e+01,2.006114e+01,2.054687e+01,2.094067e+01,2.109225e+01,2.120235e+01,2.121611e+01,2.115420e+01,2.112667e+01,2.112667e+01,2.111291e+01,2.109225e+01,2.109914e+01,2.096135e+01,2.110602e+01,2.087169e+01,2.080957e+01,2.087169e+01,2.087169e+01,2.101649e+01,2.106471e+01,2.126423e+01,2.118172e+01,2.132607e+01,2.116108e+01,2.117484e+01,2.117484e+01,2.091308e+01,2.051225e+01,2.003332e+01,1.987316e+01,1.983134e+01,1.986619e+01,1.981740e+01,1.983134e+01,1.984528e+01,1.983831e+01,1.981042e+01,1.989407e+01,1.990800e+01,1.983831e+01,1.992193e+01,1.992193e+01,1.988710e+01,2.000548e+01,1.998460e+01,1.995675e+01,1.991496e+01,1.993586e+01,1.994283e+01,1.989407e+01,1.990103e+01,1.998460e+01,1.998460e+01,1.991496e+01,1.988710e+01,1.996371e+01,1.992193e+01,1.994283e+01,1.989407e+01,1.985922e+01,1.997764e+01,1.990800e+01,1.997764e+01,1.995675e+01,1.995675e+01,1.994979e+01,2.000548e+01,1.998460e+01,1.997764e+01,1.989407e+01,2.005419e+01,1.990800e+01,1.994283e+01,1.994979e+01,1.994979e+01,1.989407e+01,1.995675e+01,1.995675e+01,1.994979e+01,1.995675e+01,1.991496e+01,2.001244e+01,1.987316e+01,1.988013e+01,1.991496e+01,1.998460e+01,2.004027e+01,1.986619e+01,1.990103e+01,1.985922e+01,1.990103e+01,1.983831e+01,1.988710e+01,1.995675e+01,1.994283e+01,1.983134e+01,1.994283e+01,1.980345e+01,1.991496e+01,1.994979e+01,1.988013e+01,1.994979e+01,2.026266e+01,2.072669e+01,2.098893e+01,2.105782e+01,2.122986e+01,2.119548e+01,2.108537e+01,2.117484e+01,2.098893e+01,2.125048e+01,2.116108e+01,2.111979e+01,2.109914e+01,2.127110e+01,2.118172e+01,2.117484e+01,2.119548e+01,2.115420e+01,2.120235e+01,2.124361e+01,2.122986e+01,2.117484e+01,2.123674e+01,2.129859e+01,2.120923e+01,2.125048e+01,2.125048e+01,2.115420e+01,2.123674e+01,2.128485e+01,2.124361e+01,2.120923e+01,2.132607e+01,2.127798e+01,2.123674e+01,2.137415e+01,2.126423e+01,2.125736e+01,2.124361e+01,2.128485e+01,2.135355e+01,2.122298e+01,2.122986e+01,2.142906e+01,2.129172e+01,2.127798e+01,2.132607e+01,2.129859e+01,2.136041e+01,2.126423e+01,2.124361e+01,2.124361e+01,2.114044e+01,2.129859e+01,2.133294e+01,2.121611e+01,2.125048e+01,2.118172e+01,2.127110e+01,2.120235e+01,2.119548e+01,2.122986e+01,2.128485e+01,2.127798e+01,2.123674e+01,2.145650e+01,2.127798e+01,2.131920e+01,2.120235e+01,2.124361e+01,2.121611e+01,2.120235e+01,2.120923e+01,2.116108e+01,2.123674e+01,2.114732e+01,2.111979e+01,2.110602e+01,2.105094e+01,2.105782e+01,2.118172e+01,2.118860e+01,2.085099e+01,2.107848e+01,2.108537e+01,2.107848e+01,2.099582e+01,2.111979e+01,2.098893e+01,2.115420e+01,2.115420e+01,2.103027e+01,2.113355e+01,2.107160e+01,2.105782e+01,2.109225e+01,2.104405e+01,2.105094e+01,2.103716e+01,2.104405e+01,2.118860e+01,2.109225e+01,2.105094e+01,2.098893e+01,2.097514e+01,2.101649e+01,2.104405e+01,2.105094e+01,2.112667e+01,2.104405e+01,2.112667e+01,2.106471e+01,2.111979e+01,2.109914e+01,2.114732e+01,2.111979e+01,2.114044e+01,2.111979e+01,2.108537e+01,2.107160e+01
2.129172e+01,2.133981e+01,2.127798e+01,2.122986e+01,2.121611e+01,2.125048e+01,2.131233e+01,2.130546e+01,2.129859e+01,2.128485e+01,2.126423e+01,2.131920e+01,2.144278e+01,2.126423e+01,2.129172e+01,2.139474e+01,2.136041e+01,2.138101e+01,2.130546e+01,2.127798e+01,2.114732e+01,2.127798e+01,2.119548e+01,2.132607e+01,2.123674e+01,2.122298e+01,2.115420e+01,2.119548e+01,2.109914e+01,2.125048e+01,2.120235e+01,2.123674e+01,2.136728e+01,2.122986e+01,2.122298e+01,2.121611e+01,2.118860e+01,2.120235e+01,2.125736e+01,2.120235e+01,2.127110e+01,2.125736e+01,2.125736e+01,2.120923e+01,2.129172e+01,2.117484e+01,2.126423e+01,2.115420e+01,2.121611e+01,2.123674e+01,2.122298e+01,2.125736e+01,2.122298e+01,2.117484e+01,2.129172e+01,2.118860e+01,2.118172e+01,2.127110e+01,2.129859e+01,2.133981e+01,2.123674e+01,2.116796e+01,2.124361e+01,2.135355e+01,2.131920e+01,2.127798e+01,2.128485e+01,2.114732e+01,2.136728e+01,2.135355e+01,2.130546e+01,2.131233e+01,2.122986e+01,2.132607e+01,2.134668e+01,2.130546e+01,2.142220e+01,2.136041e+01,2.125736e+01,2.136041e+01,2.126423e+01,2.129859e+01,2.133981e+01,2.137415e+01,2.128485e+01,2.131233e+01,2.137415e+01,2.130546e+01,2.136041e+01,2.136728e+01,2.125736e+01,2.136728e+01,2.131233e+01,2.142220e+01,2.133294e+01,2.136041e+01,2.129172e+01,2.129172e+01,2.136041e+01,2.130546e+01,2.131233e+01,2.140161e+01,2.127798e+01,2.134668e+01,2.132607e+01,2.125736e+01,2.138101e+01,2.136041e+01,2.142220e+01,2.141533e+01,2.131920e+01,2.140847e+01,2.131920e+01,2.133981e+01,2.133981e+01,2.146336e+01,2.136728e+01,2.132607e+01,2.144964e+01,2.144278e+01,2.143592e+01,2.130546e+01,2.131233e+01,2.133294e+01,2.142220e+01,2.133981e+01,2.131920e+01,2.139474e+01,2.141533e+01,2.133294e+01,2.135355e+01,2.148394e+01,2.133981e+01,2.137415e+01,2.133294e+01,2.144278e+01,2.140847e+01,2.131233e+01,2.131233e+01,2.139474e+01,2.141533e+01,2.140161e+01,2.140161e+01,2.132607e+01,2.131233e+01,2.131920e+01,2.127798e+01,2.140161e+01,2.143592e+01,2.144964e+01,2.136728e+01,2.138101e+01,2.137415e+01,2.136041e+01,2.121611e+01,2.137415e+01,2.142906e+01,2.138788e+01,2.127110e+01,2.139474e+01,2.144278e+01,2.131233e+01,2.143592e+01,2.139474e+01,2.138788e+01,2.140161e+01,2.144964e+01,2.139474e+01,2.138101e+01,2.141533e+01,2.142906e+01,2.142906e+01,2.131233e+01,2.142906e+01,2.140161e+01,2.138101e+01,2.140161e+01,2.140161e+01,2.138101e+01,2.138101e+01,2.133981e+01,2.132607e+01,2.137415e+01,2.138101e+01,2.137415e+01,2.132607e+01,2.143592e+01,2.140161e+01,2.136728e+01,2.139474e+01,2.137415e+01,2.142220e+01,2.138788e+01,2.151137e+01,2.135355e+01,2.140847e+01,2.140847e+01,2.141533e+01,2.143592e+01,2.143592e+01,2.140161e+01,2.145650e+01,2.133294e+01,2.138101e+01,2.140847e+01,2.131920e+01,2.144278e+01,2.146336e+01,2.146336e+01,2.144278e+01,2.140847e+01,2.140161e+01,2.140847e+01,2.138788e+01,2.137415e+01,2.131233e+01,2.133294e+01,2.140847e+01,2.136041e+01,2.147022e+01,2.142906e+01,2.144278e+01,2.135355e+01,2.138101e+01,2.133294e+01,2.140161e+01,2.139474e+01,2.138788e+01,2.136728e+01,2.145650e+01,2.151823e+01,2.136728e+01,2.140161e+01,2.139474e+01,2.135355e+01,2.136041e+01,2.136041e+01,2.141533e+01,2.138101e+01,2.141533e+01,2.136041e+01,2.141533e+01,2.140847e+01,2.140161e+01,2.145650e+01,2.140847e+01,2.137415e+01,2.132607e+01,2.136728e+01,2.131920e+01,2.140847e+01,2.151137e+01,2.144964e+01,2.142906e+01,2.140161e+01,2.144964e+01,2.142220e+01,2.140847e+01,2.144964e+01,2.147022e+01,2.145650e+01,2.142220e+01,2.133294e+01,2.142906e+01,2.148394e+01,2.140847e+01,2.148394e+01,2.153880e+01,2.138101e+01,2.140161e+01,2.140161e+01,2.139474e+01,2.140847e+01,2.137415e+01,2.129859e+01,2.135355e+01,2.136728e+01,2.139474e+01,2.138788e+01,2.136041e+01,2.134668e+01,2.140847e+01,2.140847e+01,2.144278e+01,2.141533e+01,2.146336e+01,2.148394e+01,2.140161e+01,2.141533e+01,2.140161e+01,2.148394e+01,2.140847e+01,2.129859e+01,2.148394e+01,2.143592e+01,2.133981e+01,2.138101e+01,2.142220e+01,2.136041e+01,2.137415e+01,2.139474e+01,2.135355e+01,2.136728e+01,2.139474e+01,2.133981e+01,2.139474e+01,2.141533e+01,2.140161e+01,2.136041e+01,2.139474e+01,2.140847e+01,2.142906e+01,2.142906e+01,2.150451e+01,2.135355e+01,2.147708e+01,2.139474e+01,2.138788e+01,2.147022e+01,2.137415e+01,2.137415e+01,2.138788e+01,2.137415e+01,2.138101e+01,2.138788e+01,2.138101e+01,2.133294e+01,2.133981e+01,2.129172e+01,2.140161e+01,2.138788e+01,2.137415e+01,2.130546e+01,2.135355e+01,2.132607e+01,2.138788e+01,2.133981e+01,2.132607e+01,2.142906e+01,2.136728e+01,2.136728e+01,2.134668e+01,2.139474e+01,2.132607e+01,2.140847e+01,2.134668e+01,2.134668e+01,2.142906e+01,2.133294e+01,2.132607e+01,2.142906e+01,2.134668e+01,2.134668e+01,2.134668e+01,2.134668e+01,2.132607e+01,2.130546e+01,2.130546e+01,2.131920e+01,2.129172e+01,2.114044e+01,2.085099e+01,2.020711e+01,1.995675e+01,1.992193e+01,1.985225e+01,1.986619e+01,1.985922e+01,1.983134e+01,1.984528e+01,1.985922e+01,1.984528e+01,1.981042e+01,1.983134e+01,1.994283e+01,1.990800e+01,2.004723e+01,1.990103e+01,2.002636e+01,2.010287e+01,2.008201e+01,1.995675e+01,2.002636e+01,1.991496e+01,1.997764e+01,2.001940e+01,2.003332e+01,2.000548e+01,2.006114e+01,2.006114e+01,2.006810e+01,2.006810e+01,2.001244e+01,2.000548e+01,1.999156e+01,2.010982e+01,2.010982e+01,2.011677e+01,2.010287e+01,2.013068e+01,2.004027e+01,2.006114e+01,2.002636e+01,2.006810e+01,2.029736e+01,2.007505e+01,2.001940e+01,1.995675e+01,1.994283e+01,1.993586e+01,1.995675e+01,1.996371e+01,1.988013e+01,1.989407e+01,1.992193e+01,1.999156e+01,1.991496e+01,1.985922e+01,2.005419e+01,2.067139e+01,2.099582e+01,2.106471e+01,2.127798e+01,2.103716e+01,2.101649e+01,2.111979e+01,2.112667e+01,2.111291e+01,2.097514e+01,2.096135e+01,2.091998e+01,2.066448e+01,2.047762e+01,2.036673e+01,2.035286e+01,2.059531e+01,2.087859e+01,2.103027e+01,2.126423e+01,2.124361e+01,2.122298e+01,2.118172e+01,2.117484e+01,2.115420e+01,2.102338e+01,2.038060e+01,2.002636e+01,1.997068e+01,1.992193e+01,1.981042e+01,1.979647e+01,1.986619e+01,1.987316e+01,1.987316e+01,1.988013e+01,1.978253e+01,1.989407e+01,1.990800e+01,1.988710e+01,1.984528e+01,1.983134e+01,1.990800e+01,1.993586e+01,1.996371e+01,1.989407e+01,1.986619e+01,1.988710e+01,1.989407e+01,1.992890e+01,1.989407e+01,1.997764e+01,2.001244e+01,1.983134e+01,1.984528e+01,1.990800e+01,1.995675e+01,1.985922e+01,1.991496e+01,1.999852e+01,1.999852e+01,1.999852e+01,1.999156e+01,2.000548e+01,1.996371e+01,1.997068e+01,2.000548e+01,1.992890e+01,1.988013e+01,1.996371e+01,1.993586e+01,1.994979e+01,1.994283e+01,1.992890e+01,1.995675e+01,1.996371e+01,1.994979e+01,1.991496e+01,1.999156e+01,1.990800e+01,1.988013e+01,1.988710e+01,1.985922e+01,1.992890e+01,2.005419e+01,1.990103e+01,1.988710e+01,1.988013e+01,1.988013e+01,1.983831e+01,1.987316e+01,1.984528e+01,1.983134e+01,1.997764e+01,1.997068e+01,1.997764e+01,1.999156e+01,1.982437e+01,1.998460e+01,2.000548e+01,2.039447e+01,2.085099e+01,2.100960e+01,2.107160e+01,2.124361e+01,2.121611e+01,2.123674e+01,2.119548e+01,2.120235e+01,2.120923e+01,2.122298e+01,2.115420e+01,2.120235e+01,2.120923e+01,2.125048e+01,2.131233e+01,2.119548e+01,2.120923e+01,2.120923e+01,2.125736e+01,2.123674e+01,2.126423e+01,2.125048e+01,2.125048e+01,2.128485e+01,2.119548e+01,2.125048e+01,2.115420e+01,2.125048e+01,2.129859e+01,2.118172e+01,2.118172e+01,2.131233e+01,2.123674e+01,2.122986e+01,2.125736e+01,2.124361e+01,2.127110e+01,2.127798e+01,2.124361e+01,2.123674e+01,2.120923e+01,2.125736e+01,2.129859e+01,2.119548e+01,2.136728e+01,2.122298e+01,2.128485e+01,2.130546e+01,2.136041e+01,2.114044e+01,2.119548e+01,2.120235e+01,2.125736e+01,2.122986e+01,2.119548e+01,2.117484e+01,2.116796e+01,2.120235e+01,2.129172e+01,2.118860e+01,2.129172e+01,2.115420e+01,2.128485e+01,2.114732e+01,2.127798e+01,2.129172e+01,2.127798e+01,2.116108e+01,2.131233e+01,2.120923e+01,2.119548e+01,2.125048e+01,2.118172e+01,2.107848e+01,2.114732e+01,2.099582e+01,2.114044e+01,2.121611e+01,2.122298e+01,2.109914e+01,2.105094e+01,2.115420e+01,2.109914e+01,2.107848e+01,2.111291e+01,2.108537e+01,2.104405e+01,2.100271e+01,2.113355e+01,2.098893e+01,2.102338e+01,2.121611e+01,2.107160e+01,2.115420e+01,2.107160e+01,2.106471e+01,2.103716e+01,2.109225e+01,2.095446e+01,2.104405e+01,2.105094e+01,2.104405e+01,2.101649e+01,2.103027e+01,2.093377e+01,2.102338e+01,2.104405e+01,2.103716e+01,2.107848e+01,2.113355e+01,2.104405e+01,2.100960e+01,2.097514e+01,2.116796e+01,2.114044e+01,2.114044e+01,2.108537e+01,2.108537e+01,2.107160e+01,2.102338e+01
2.127798e+01,2.127110e+01,2.131233e+01,2.131920e+01,2.132607e+01,2.131233e+01,2.131920e+01,2.130546e+01,2.133981e+01,2.138101e+01,2.134668e+01,2.125736e+01,2.127798e+01,2.136041e+01,2.133981e+01,2.138788e+01,2.133981e+01,2.118860e+01,2.136728e+01,2.129172e+01,2.117484e+01,2.130546e+01,2.122298e+01,2.122986e+01,2.129172e+01,2.129859e+01,2.128485e+01,2.131920e+01,2.127110e+01,2.125048e+01,2.114044e+01,2.127110e+01,2.126423e+01,2.122986e+01,2.120923e+01,2.124361e+01,2.120923e+01,2.116796e+01,2.120235e+01,2.118172e+01,2.122298e+01,2.118172e+01,2.105782e+01,2.116108e+01,2.112667e+01,2.121611e+01,2.139474e+01,2.136728e+01,2.126423e+01,2.121611e+01,2.125736e+01,2.121611e+01,2.123674e+01,2.124361e+01,2.112667e+01,2.134668e+01,2.120235e+01,2.125048e+01,2.129172e+01,2.123674e+01,2.138101e+01,2.143592e+01,2.133294e+01,2.147708e+01,2.130546e+01,2.129859e+01,2.125736e+01,2.134668e+01,2.109914e+01,2.127110e+01,2.128485e+01,2.131233e+01,2.136728e+01,2.135355e+01,2.126423e+01,2.131233e+01,2.129172e+01,2.138101e+01,2.127798e+01,2.138101e+01,2.129859e+01,2.133294e+01,2.127110e+01,2.136728e+01,2.127110e+01,2.135355e+01,2.138101e+01,2.136041e+01,2.141533e+01,2.141533e+01,2.136728e+01,2.144278e+01,2.141533e+01,2.128485e+01,2.133981e+01,2.133294e+01,2.129859e+01,2.132607e+01,2.121611e+01,2.126423e+01,2.126423e+01,2.136041e+01,2.136041e+01,2.125736e+01,2.132607e+01,2.136041e+01,2.140847e+01,2.134668e+01,2.136041e+01,2.136041e+01,2.140847e+01,2.139474e+01,2.136728e+01,2.133294e+01,2.136728e+01,2.134668e+01,2.134668e+01,2.131233e+01,2.133294e+01,2.142220e+01,2.139474e+01,2.128485e+01,2.140161e+01,2.138788e+01,2.118860e+01,2.134668e+01,2.136041e+01,2.126423e+01,2.136728e+01,2.123674e+01,2.122298e+01,2.134668e+01,2.152508e+01,2.140161e+01,2.133294e+01,2.139474e+01,2.140847e+01,2.139474e+01,2.131920e+01,2.141533e+01,2.141533e+01,2.142906e+01,2.136728e+01,2.138101e+01,2.140161e+01,2.140161e+01,2.139474e+01,2.137415e+01,2.142220e+01,2.136041e+01,2.144964e+01,2.149080e+01,2.138788e+01,2.127110e+01,2.135355e+01,2.125048e+01,2.142220e+01,2.140847e+01,2.142906e+01,2.151137e+01,2.144278e+01,2.144278e+01,2.144964e+01,2.143592e+01,2.143592e+01,2.140161e+01,2.138788e+01,2.136728e+01,2.140847e+01,2.141533e+01,2.136041e+01,2.147022e+01,2.142906e+01,2.140161e+01,2.147708e+01,2.142906e+01,2.136041e+01,2.139474e+01,2.142906e+01,2.139474e+01,2.142220e+01,2.140847e+01,2.140847e+01,2.138101e+01,2.143592e+01,2.134668e+01,2.141533e+01,2.136041e+01,2.136728e+01,2.136728e+01,2.147708e+01,2.151137e+01,2.136041e+01,2.138788e+01,2.138101e+01,2.136728e+01,2.136728e+01,2.143592e+01,2.149766e+01,2.138101e+01,2.142220e+01,2.144964e+01,2.139474e+01,2.144278e+01,2.146336e+01,2.135355e+01,2.138101e+01,2.144964e+01,2.142220e+01,2.142220e+01,2.118860e+01,2.124361e+01,2.129172e+01,2.133294e+01,2.131920e+01,2.129859e+01,2.135355e+01,2.134668e+01,2.133981e+01,2.135355e+01,2.133294e+01,2.134668e+01,2.135355e+01,2.148394e+01,2.128485e+01,2.136041e+01,2.136041e+01,2.136041e+01,2.142906e+01,2.134668e+01,2.140847e+01,2.142906e+01,2.140847e+01,2.138788e+01,2.142220e+01,2.136041e+01,2.157306e+01,2.149766e+01,2.152508e+01,2.149080e+01,2.145650e+01,2.138788e+01,2.146336e+01,2.138788e+01,2.137415e+01,2.138788e+01,2.137415e+01,2.133294e+01,2.140847e+01,2.132607e+01,2.142906e+01,2.138788e+01,2.140161e+01,2.143592e+01,2.139474e+01,2.142220e+01,2.140847e+01,2.144278e+01,2.144278e+01,2.140161e+01,2.142220e+01,2.147022e+01,2.132607e+01,2.142220e+01,2.132607e+01,2.145650e+01,2.144964e+01,2.140161e+01,2.140161e+01,2.138788e+01,2.149766e+01,2.140847e+01,2.141533e+01,2.139474e+01,2.137415e+01,2.137415e+01,2.136728e+01,2.150451e+01,2.131920e+01,2.155250e+01,2.133981e+01,2.147022e+01,2.148394e+01,2.142220e+01,2.140161e+01,2.141533e+01,2.155936e+01,2.142906e+01,2.142906e+01,2.152508e+01,2.149766e+01,2.144278e+01,2.140847e+01,2.143592e+01,2.141533e+01,2.132607e+01,2.146336e+01,2.148394e+01,2.140847e+01,2.149766e+01,2.136728e+01,2.142220e+01,2.135355e+01,2.137415e+01,2.137415e+01,2.139474e+01,2.141533e+01,2.141533e+01,2.141533e+01,2.142220e+01,2.141533e+01,2.142220e+01,2.133981e+01,2.139474e+01,2.148394e+01,2.131233e+01,2.135355e+01,2.144964e+01,2.133294e+01,2.135355e+01,2.142220e+01,2.138788e+01,2.137415e+01,2.138788e+01,2.141533e+01,2.139474e+01,2.133294e+01,2.133981e+01,2.144278e+01,2.140847e+01,2.131920e+01,2.140161e+01,2.136728e+01,2.143592e+01,2.138101e+01,2.138101e+01,2.149080e+01,2.147708e+01,2.144964e+01,2.138788e+01,2.134668e+01,2.137415e+01,2.129172e+01,2.137415e+01,2.139474e+01,2.138101e+01,2.137415e+01,2.135355e+01,2.127798e+01,2.131920e+01,2.136728e+01,2.122986e+01,2.125048e+01,2.131233e+01,2.135355e+01,2.133294e+01,2.136041e+01,2.132607e+01,2.136728e+01,2.120235e+01,2.096825e+01,2.051225e+01,2.016542e+01,1.988710e+01,1.983831e+01,1.988013e+01,1.981042e+01,1.985225e+01,1.985922e+01,1.978950e+01,1.988013e+01,1.983831e+01,1.990800e+01,1.994283e+01,1.990800e+01,1.992890e+01,1.989407e+01,1.994979e+01,1.986619e+01,1.993586e+01,1.995675e+01,1.997068e+01,1.992193e+01,1.994283e+01,2.004027e+01,2.004723e+01,2.000548e+01,2.004027e+01,2.001244e+01,1.998460e+01,2.006114e+01,1.997068e+01,1.999156e+01,2.001940e+01,1.998460e+01,2.008896e+01,2.012372e+01,2.013068e+01,2.011677e+01,2.008896e+01,2.004723e+01,2.004027e+01,2.009591e+01,2.004723e+01,2.009591e+01,2.002636e+01,2.010287e+01,1.999156e+01,2.001940e+01,1.992890e+01,1.994979e+01,1.987316e+01,1.988710e+01,1.989407e+01,1.990800e+01,1.989407e+01,1.988710e+01,2.002636e+01,2.026266e+01,2.091308e+01,2.104405e+01,2.107848e+01,2.111979e+01,2.110602e+01,2.107848e+01,2.109225e+01,2.108537e+01,2.094067e+01,2.071978e+01,2.055379e+01,2.031124e+01,2.006810e+01,2.008896e+01,1.992890e+01,2.008201e+01,2.031818e+01,2.048455e+01,2.105094e+01,2.118172e+01,2.108537e+01,2.107160e+01,2.118172e+01,2.109914e+01,2.116108e+01,2.108537e+01,2.035286e+01,2.002636e+01,1.986619e+01,1.984528e+01,1.983831e+01,1.976160e+01,1.987316e+01,1.985922e+01,1.988013e+01,1.975462e+01,1.978253e+01,1.985225e+01,1.989407e+01,1.991496e+01,1.980345e+01,1.989407e+01,1.991496e+01,1.991496e+01,2.001244e+01,1.988013e+01,1.988013e+01,1.987316e+01,1.992890e+01,1.998460e+01,1.991496e+01,1.992890e+01,1.985225e+01,1.988013e+01,2.008201e+01,1.983831e+01,1.990103e+01,1.993586e+01,1.992890e+01,1.985922e+01,1.983134e+01,2.001244e+01,1.995675e+01,1.997068e+01,1.994979e+01,1.993586e+01,1.999852e+01,1.997068e+01,2.007505e+01,1.996371e+01,1.998460e+01,1.990800e+01,1.990800e+01,1.992890e+01,1.995675e+01,2.000548e+01,1.998460e+01,1.988710e+01,1.994979e+01,1.997764e+01,2.003332e+01,1.999156e+01,1.998460e+01,2.005419e+01,1.992890e+01,1.980345e+01,1.983831e+01,1.984528e+01,1.990800e+01,1.989407e+01,2.001244e+01,1.989407e+01,1.996371e+01,1.992890e+01,1.987316e+01,1.988013e+01,1.988013e+01,1.988710e+01,1.995675e+01,2.034592e+01,2.097514e+01,2.102338e+01,2.100960e+01,2.122298e+01,2.120923e+01,2.122986e+01,2.109914e+01,2.122298e+01,2.111291e+01,2.123674e+01,2.127798e+01,2.116108e+01,2.115420e+01,2.131233e+01,2.120235e+01,2.125048e+01,2.120235e+01,2.130546e+01,2.118860e+01,2.122298e+01,2.124361e+01,2.125736e+01,2.122986e+01,2.120923e+01,2.122986e+01,2.127798e+01,2.125048e+01,2.125048e+01,2.117484e+01,2.118860e+01,2.147022e+01,2.118172e+01,2.116108e+01,2.124361e+01,2.123674e+01,2.117484e+01,2.131920e+01,2.131920e+01,2.130546e+01,2.127798e+01,2.129172e+01,2.123674e+01,2.127798e+01,2.125736e+01,2.126423e+01,2.122986e+01,2.135355e+01,2.122298e+01,2.124361e+01,2.122986e+01,2.125048e+01,2.120923e+01,2.114732e+01,2.122298e+01,2.130546e+01,2.118172e+01,2.124361e+01,2.121611e+01,2.126423e+01,2.116796e+01,2.120235e+01,2.128485e+01,2.116108e+01,2.109914e+01,2.129172e+01,2.130546e+01,2.132607e+01,2.136041e+01,2.122986e+01,2.115420e+01,2.122986e+01,2.118172e+01,2.117484e+01,2.116796e+01,2.114732e+01,2.123674e+01,2.118860e+01,2.127798e+01,2.110602e+01,2.107848e+01,2.107160e+01,2.105782e+01,2.106471e+01,2.109225e+01,2.116108e+01,2.109225e+01,2.107160e+01,2.110602e+01,2.106471e+01,2.098203e+01,2.111979e+01,2.105782e+01,2.106471e+01,2.103716e+01,2.099582e+01,2.110602e+01,2.103716e+01,2.101649e+01,2.100271e+01,2.089239e+01,2.106471e+01,2.106471e+01,2.108537e+01,2.104405e+01,2.107848e+01,2.111979e+01,2.111979e+01,2.102338e+01,2.099582e+01,2.114044e+01,2.109914e+01,2.103716e+01,2.109225e+01,2.118172e+01,2.110602e+01,2.106471e+01,2.105094e+01,2.111979e+01,2.108537e+01,2.098203e+01,2.104405e+01
2.126423e+01,2.127798e+01,2.136041e+01,2.122298e+01,2.133294e+01,2.129859e+01,2.116796e+01,2.131233e+01,2.127798e+01,2.136728e+01,2.123674e+01,2.133981e+01,2.135355e+01,2.132607e+01,2.126423e+01,2.128485e+01,2.131920e+01,2.136728e+01,2.138788e+01,2.125048e+01,2.114732e+01,2.134668e+01,2.127798e+01,2.129172e+01,2.120235e+01,2.122298e+01,2.128485e+01,2.133294e+01,2.132607e+01,2.119548e+01,2.120923e+01,2.119548e+01,2.115420e+01,2.104405e+01,2.120923e+01,2.120235e+01,2.131233e+01,2.116108e+01,2.119548e+01,2.118172e+01,2.123674e+01,2.122986e+01,2.133294e+01,2.129172e+01,2.114044e+01,2.119548e+01,2.120923e+01,2.125736e+01,2.121611e+01,2.123674e+01,2.122298e+01,2.123674e+01,2.124361e+01,2.116796e+01,2.121611e+01,2.126423e+01,2.123674e+01,2.130546e+01,2.136728e+01,2.120923e+01,2.120923e+01,2.133294e+01,2.127110e+01,2.131233e+01,2.130546e+01,2.127110e+01,2.129859e+01,2.120235e+01,2.133294e+01,2.133294e+01,2.130546e+01,2.132607e+01,2.135355e+01,2.134668e+01,2.143592e+01,2.137415e+01,2.140847e+01,2.150451e+01,2.150451e+01,2.129172e+01,2.121611e+01,2.127110e+01,2.134668e+01,2.133294e+01,2.140847e+01,2.136728e+01,2.137415e+01,2.141533e+01,2.137415e+01,2.142220e+01,2.131920e+01,2.138101e+01,2.133294e+01,2.140161e+01,2.135355e+01,2.140847e+01,2.135355e+01,2.129172e+01,2.130546e+01,2.132607e+01,2.127798e+01,2.142220e+01,2.140847e+01,2.136728e+01,2.138788e+01,2.138101e+01,2.138788e+01,2.136041e+01,2.135355e+01,2.134668e+01,2.138101e+01,2.133294e+01,2.141533e+01,2.132607e+01,2.139474e+01,2.142220e+01,2.136728e+01,2.131920e+01,2.128485e+01,2.133981e+01,2.141533e+01,2.136041e+01,2.135355e+01,2.133981e+01,2.136728e+01,2.135355e+01,2.131920e+01,2.138101e+01,2.131920e+01,2.149080e+01,2.131920e+01,2.134668e+01,2.136728e+01,2.141533e+01,2.139474e+01,2.147708e+01,2.136041e+01,2.144964e+01,2.146336e+01,2.134668e+01,2.143592e+01,2.134668e+01,2.143592e+01,2.140161e+01,2.147708e+01,2.133981e+01,2.141533e+01,2.142906e+01,2.137415e+01,2.139474e+01,2.147022e+01,2.142220e+01,2.138101e+01,2.134668e+01,2.126423e+01,2.130546e+01,2.147022e+01,2.142220e+01,2.132607e+01,2.134668e+01,2.131233e+01,2.134668e+01,2.155936e+01,2.142906e+01,2.139474e+01,2.122298e+01,2.133294e+01,2.142906e+01,2.141533e+01,2.142220e+01,2.142220e+01,2.138101e+01,2.140847e+01,2.148394e+01,2.143592e+01,2.136728e+01,2.135355e+01,2.144964e+01,2.140161e+01,2.135355e+01,2.141533e+01,2.138788e+01,2.135355e+01,2.136728e+01,2.141533e+01,2.139474e+01,2.147708e+01,2.135355e+01,2.147022e+01,2.133294e+01,2.144278e+01,2.137415e+01,2.136728e+01,2.139474e+01,2.134668e+01,2.138101e+01,2.143592e+01,2.133294e+01,2.142906e+01,2.138788e+01,2.138101e+01,2.139474e+01,2.151137e+01,2.147708e+01,2.143592e+01,2.148394e+01,2.141533e+01,2.142220e+01,2.141533e+01,2.140847e+01,2.137415e+01,2.137415e+01,2.143592e+01,2.125048e+01,2.131920e+01,2.134668e+01,2.135355e+01,2.140161e+01,2.134668e+01,2.153194e+01,2.136728e+01,2.141533e+01,2.146336e+01,2.142906e+01,2.127798e+01,2.138788e+01,2.140161e+01,2.143592e+01,2.140161e+01,2.133981e+01,2.138101e+01,2.140161e+01,2.158677e+01,2.136728e+01,2.142220e+01,2.135355e+01,2.136041e+01,2.140847e+01,2.134668e+01,2.137415e+01,2.132607e+01,2.144964e+01,2.144278e+01,2.147708e+01,2.135355e+01,2.147708e+01,2.136041e+01,2.138788e+01,2.140847e+01,2.140847e+01,2.139474e+01,2.131233e+01,2.130546e+01,2.149080e+01,2.149080e+01,2.142220e+01,2.138788e+01,2.139474e+01,2.141533e+01,2.143592e+01,2.142220e+01,2.138101e+01,2.132607e+01,2.142220e+01,2.141533e+01,2.141533e+01,2.137415e+01,2.140161e+01,2.137415e+01,2.142906e+01,2.137415e+01,2.142906e+01,2.140847e+01,2.140161e+01,2.138101e+01,2.140847e+01,2.133981e+01,2.134668e+01,2.142906e+01,2.140847e+01,2.143592e+01,2.142906e+01,2.138101e+01,2.149080e+01,2.136041e+01,2.140847e+01,2.138788e+01,2.140847e+01,2.142906e+01,2.138788e+01,2.151823e+01,2.145650e+01,2.138101e+01,2.140161e+01,2.131920e+01,2.149080e+01,2.142220e+01,2.138101e+01,2.140847e+01,2.142220e+01,2.146336e+01,2.140847e+01,2.141533e+01,2.143592e+01,2.132607e+01,2.136041e+01,2.140847e+01,2.141533e+01,2.142220e+01,2.141533e+01,2.142220e+01,2.140847e+01,2.140161e+01,2.140847e+01,2.139474e+01,2.133294e+01,2.139474e+01,2.127798e+01,2.139474e+01,2.133294e+01,2.155250e+01,2.138788e+01,2.138788e+01,2.138788e+01,2.139474e+01,2.136041e+01,2.131920e+01,2.144964e+01,2.140161e+01,2.129172e+01,2.133981e+01,2.140161e+01,2.135355e+01,2.140161e+01,2.133981e+01,2.146336e+01,2.136041e+01,2.145650e+01,2.148394e+01,2.138788e+01,2.127798e+01,2.138788e+01,2.131920e+01,2.134668e+01,2.139474e+01,2.125736e+01,2.129859e+01,2.129859e+01,2.127798e+01,2.141533e+01,2.129859e+01,2.140161e+01,2.146336e+01,2.127798e+01,2.126423e+01,2.135355e+01,2.135355e+01,2.127110e+01,2.137415e+01,2.113355e+01,2.094757e+01,2.045684e+01,1.992193e+01,1.992890e+01,1.988013e+01,1.978253e+01,1.979647e+01,1.983134e+01,1.988013e+01,1.983134e+01,1.990103e+01,1.981042e+01,1.991496e+01,1.983134e+01,2.000548e+01,1.999156e+01,1.990103e+01,2.007505e+01,1.990103e+01,2.004723e+01,1.997764e+01,1.993586e+01,2.003332e+01,1.985922e+01,1.995675e+01,2.004027e+01,1.997068e+01,2.001940e+01,2.001940e+01,2.023489e+01,2.002636e+01,1.997068e+01,2.006810e+01,2.008896e+01,2.008896e+01,2.006114e+01,1.996371e+01,2.015153e+01,2.014458e+01,2.014458e+01,2.008896e+01,2.013068e+01,2.010287e+01,2.009591e+01,2.008201e+01,2.002636e+01,2.003332e+01,1.999156e+01,1.998460e+01,1.999156e+01,1.992193e+01,1.985225e+01,1.988013e+01,1.983831e+01,1.990800e+01,1.994979e+01,1.983134e+01,2.003332e+01,2.060223e+01,2.108537e+01,2.109914e+01,2.111291e+01,2.113355e+01,2.108537e+01,2.114044e+01,2.095446e+01,2.071978e+01,2.057456e+01,2.029736e+01,2.001940e+01,2.001244e+01,1.996371e+01,1.980345e+01,2.003332e+01,1.996371e+01,1.994979e+01,2.049148e+01,2.103027e+01,2.116796e+01,2.109914e+01,2.118860e+01,2.120923e+01,2.136041e+01,2.108537e+01,2.075432e+01,2.040140e+01,1.997764e+01,1.988013e+01,1.997764e+01,1.990103e+01,1.992193e+01,1.987316e+01,1.978253e+01,1.978950e+01,1.983134e+01,1.985225e+01,1.987316e+01,1.991496e+01,1.995675e+01,1.987316e+01,1.986619e+01,1.988013e+01,2.000548e+01,1.988710e+01,1.992890e+01,1.990800e+01,1.983134e+01,1.992193e+01,1.996371e+01,1.982437e+01,1.992193e+01,2.001940e+01,1.992193e+01,1.993586e+01,1.999852e+01,1.990103e+01,1.995675e+01,1.995675e+01,1.983134e+01,1.995675e+01,1.998460e+01,1.997764e+01,1.998460e+01,1.997068e+01,2.006114e+01,2.003332e+01,1.997068e+01,1.988710e+01,1.996371e+01,2.007505e+01,1.998460e+01,1.999156e+01,1.992193e+01,1.990800e+01,1.994979e+01,1.996371e+01,1.996371e+01,1.995675e+01,1.998460e+01,1.997764e+01,1.993586e+01,2.006114e+01,1.990103e+01,1.989407e+01,1.991496e+01,1.987316e+01,1.986619e+01,2.005419e+01,2.001244e+01,1.995675e+01,1.990103e+01,1.990800e+01,1.990800e+01,1.994283e+01,1.994979e+01,1.993586e+01,1.988013e+01,2.033899e+01,2.081648e+01,2.100960e+01,2.094067e+01,2.102338e+01,2.125048e+01,2.121611e+01,2.120923e+01,2.109225e+01,2.115420e+01,2.138101e+01,2.131920e+01,2.129172e+01,2.114044e+01,2.127798e+01,2.131920e+01,2.131920e+01,2.129859e+01,2.121611e+01,2.118860e+01,2.122298e+01,2.141533e+01,2.145650e+01,2.125736e+01,2.129859e+01,2.129859e+01,2.126423e+01,2.127110e+01,2.128485e+01,2.127798e+01,2.116796e+01,2.125736e+01,2.127110e+01,2.125048e+01,2.118860e+01,2.122298e+01,2.119548e+01,2.137415e+01,2.122298e+01,2.131233e+01,2.127110e+01,2.122986e+01,2.127798e+01,2.133294e+01,2.122986e+01,2.125048e+01,2.131233e+01,2.136041e+01,2.123674e+01,2.126423e+01,2.127110e+01,2.124361e+01,2.120923e+01,2.119548e+01,2.118172e+01,2.126423e+01,2.121611e+01,2.129859e+01,2.121611e+01,2.122298e+01,2.133294e+01,2.116796e+01,2.117484e+01,2.116796e+01,2.136041e+01,2.121611e+01,2.131233e+01,2.129859e+01,2.116796e+01,2.129172e+01,2.129859e+01,2.102338e+01,2.136728e+01,2.129859e+01,2.122298e+01,2.125736e+01,2.115420e+01,2.112667e+01,2.107160e+01,2.123674e+01,2.107848e+01,2.110602e+01,2.111979e+01,2.113355e+01,2.108537e+01,2.109225e+01,2.115420e+01,2.098893e+01,2.105782e+01,2.111979e+01,2.104405e+01,2.102338e+01,2.107160e+01,2.102338e+01,2.124361e+01,2.122298e+01,2.106471e+01,2.105782e+01,2.105782e+01,2.105782e+01,2.106471e+01,2.111979e+01,2.109225e+01,2.110602e+01,2.106471e+01,2.109225e+01,2.105782e+01,2.103027e+01,2.104405e+01,2.100960e+01,2.114044e+01,2.103716e+01,2.105094e+01,2.105782e+01,2.103027e+01,2.118172e+01,2.116796e+01,2.117484e+01,2.114732e+01,2.109225e+01,2.111979e+01,2.109914e+01,2.107160e+01
2.128485e+01,2.129172e+01,2.133981e+01,2.120923e+01,2.126423e+01,2.131920e+01,2.141533e+01,2.130546e+01,2.135355e+01,2.123674e+01,2.119548e+01,2.136728e+01,2.144278e+01,2.133981e+01,2.132607e+01,2.134668e+01,2.136041e+01,2.127798e+01,2.139474e+01,2.125736e+01,2.127798e+01,2.133294e+01,2.126423e+01,2.118860e+01,2.122986e+01,2.126423e+01,2.124361e+01,2.124361e+01,2.127110e+01,2.120235e+01,2.133294e+01,2.120235e+01,2.112667e+01,2.118860e+01,2.128485e+01,2.113355e+01,2.111291e+01,2.124361e+01,2.111291e+01,2.118860e+01,2.120923e+01,2.122986e+01,2.127110e+01,2.133981e+01,2.116108e+01,2.133981e+01,2.115420e+01,2.115420e+01,2.124361e+01,2.126423e+01,2.126423e+01,2.121611e+01,2.118860e+01,2.114732e+01,2.116796e+01,2.124361e+01,2.122298e+01,2.120923e+01,2.127798e+01,2.130546e+01,2.127110e+01,2.117484e+01,2.141533e+01,2.130546e+01,2.129172e+01,2.140161e+01,2.131233e+01,2.136728e+01,2.128485e+01,2.134668e+01,2.133294e+01,2.138101e+01,2.138788e+01,2.138788e+01,2.134668e+01,2.134668e+01,2.134668e+01,2.131233e+01,2.149766e+01,2.137415e+01,2.133981e+01,2.127798e+01,2.123674e+01,2.133981e+01,2.140161e+01,2.137415e+01,2.140847e+01,2.129859e+01,2.141533e+01,2.131920e+01,2.130546e+01,2.126423e+01,2.137415e+01,2.136728e+01,2.142906e+01,2.135355e+01,2.144964e+01,2.148394e+01,2.148394e+01,2.134668e+01,2.131920e+01,2.137415e+01,2.140161e+01,2.129172e+01,2.133294e+01,2.142220e+01,2.133294e+01,2.140161e+01,2.134668e+01,2.140161e+01,2.134668e+01,2.139474e+01,2.132607e+01,2.142220e+01,2.140847e+01,2.136041e+01,2.135355e+01,2.131920e+01,2.140161e+01,2.127110e+01,2.138788e+01,2.133981e+01,2.133981e+01,2.135355e+01,2.133981e+01,2.129172e+01,2.133981e+01,2.138101e+01,2.133981e+01,2.133294e+01,2.132607e+01,2.146336e+01,2.142906e+01,2.140161e+01,2.133294e+01,2.131233e+01,2.141533e+01,2.132607e+01,2.140847e+01,2.138788e+01,2.136041e+01,2.143592e+01,2.139474e+01,2.146336e+01,2.153880e+01,2.142220e+01,2.138101e+01,2.142220e+01,2.144278e+01,2.141533e+01,2.140847e+01,2.138788e+01,2.140847e+01,2.137415e+01,2.149766e+01,2.139474e+01,2.145650e+01,2.136728e+01,2.142906e+01,2.141533e+01,2.142906e+01,2.137415e+01,2.149766e+01,2.125736e+01,2.131233e+01,2.138101e+01,2.143592e+01,2.136728e+01,2.138788e+01,2.147022e+01,2.136728e+01,2.138788e+01,2.136728e+01,2.139474e+01,2.138788e+01,2.136728e+01,2.138788e+01,2.135355e+01,2.136728e+01,2.139474e+01,2.140847e+01,2.138788e+01,2.134668e+01,2.139474e+01,2.139474e+01,2.137415e+01,2.141533e+01,2.140847e+01,2.135355e+01,2.136728e+01,2.137415e+01,2.144964e+01,2.147022e+01,2.152508e+01,2.154565e+01,2.138788e+01,2.138101e+01,2.137415e+01,2.136041e+01,2.142220e+01,2.139474e+01,2.133981e+01,2.136728e+01,2.138101e+01,2.134668e+01,2.148394e+01,2.142906e+01,2.133981e+01,2.138788e+01,2.129859e+01,2.134668e+01,2.136728e+01,2.135355e+01,2.142220e+01,2.136041e+01,2.138788e+01,2.138101e+01,2.138101e+01,2.133294e+01,2.135355e+01,2.142906e+01,2.133294e+01,2.147708e+01,2.133294e+01,2.127798e+01,2.139474e+01,2.142906e+01,2.143592e+01,2.132607e+01,2.141533e+01,2.140847e+01,2.139474e+01,2.138101e+01,2.138788e+01,2.137415e+01,2.136728e+01,2.135355e+01,2.140847e+01,2.130546e+01,2.144278e+01,2.147022e+01,2.142220e+01,2.144278e+01,2.132607e+01,2.146336e+01,2.150451e+01,2.139474e+01,2.133294e+01,2.140847e+01,2.140161e+01,2.134668e+01,2.131233e+01,2.145650e+01,2.130546e+01,2.140847e+01,2.141533e+01,2.142220e+01,2.142220e+01,2.144964e+01,2.150451e+01,2.140161e+01,2.147708e+01,2.138788e+01,2.140161e+01,2.141533e+01,2.140161e+01,2.142906e+01,2.146336e+01,2.137415e+01,2.150451e+01,2.143592e+01,2.142906e+01,2.142906e+01,2.138788e+01,2.142220e+01,2.151137e+01,2.136728e+01,2.151137e+01,2.145650e+01,2.140847e+01,2.147708e+01,2.136728e+01,2.138101e+01,2.137415e+01,2.140847e+01,2.148394e+01,2.141533e+01,2.147022e+01,2.144278e+01,2.149766e+01,2.140847e+01,2.152508e+01,2.134668e+01,2.142906e+01,2.140161e+01,2.129859e+01,2.137415e+01,2.135355e+01,2.139474e+01,2.138101e+01,2.115420e+01,2.138101e+01,2.141533e+01,2.140161e+01,2.141533e+01,2.141533e+01,2.142220e+01,2.139474e+01,2.130546e+01,2.140847e+01,2.144278e+01,2.149080e+01,2.141533e+01,2.139474e+01,2.140161e+01,2.138101e+01,2.141533e+01,2.142220e+01,2.134668e+01,2.138101e+01,2.140847e+01,2.137415e+01,2.140847e+01,2.136728e+01,2.136041e+01,2.129172e+01,2.133294e+01,2.142220e+01,2.130546e+01,2.142220e+01,2.140847e+01,2.139474e+01,2.138788e+01,2.136041e+01,2.149766e+01,2.144278e+01,2.147708e+01,2.139474e+01,2.148394e+01,2.137415e+01,2.133981e+01,2.140847e+01,2.138101e+01,2.141533e+01,2.126423e+01,2.126423e+01,2.138101e+01,2.137415e+01,2.132607e+01,2.128485e+01,2.140161e+01,2.136728e+01,2.142906e+01,2.138788e+01,2.134668e+01,2.132607e+01,2.138101e+01,2.131920e+01,2.131920e+01,2.116796e+01,2.091308e+01,2.044298e+01,1.992890e+01,1.995675e+01,1.985922e+01,1.999156e+01,1.984528e+01,1.983831e+01,1.981740e+01,1.984528e+01,1.984528e+01,1.988710e+01,1.988710e+01,1.969879e+01,1.989407e+01,1.994979e+01,1.994979e+01,1.989407e+01,1.992890e+01,2.006810e+01,2.002636e+01,2.004723e+01,1.999852e+01,2.014458e+01,2.006114e+01,2.004027e+01,2.000548e+01,2.000548e+01,2.002636e+01,2.000548e+01,2.022100e+01,2.001244e+01,1.997764e+01,1.999156e+01,2.003332e+01,2.001940e+01,2.002636e+01,2.006114e+01,2.015153e+01,2.010982e+01,2.013763e+01,2.002636e+01,2.002636e+01,2.004723e+01,2.010982e+01,2.002636e+01,2.000548e+01,1.992890e+01,1.999852e+01,1.999156e+01,2.002636e+01,1.988013e+01,1.990103e+01,2.002636e+01,1.999852e+01,2.008201e+01,2.013068e+01,2.026960e+01,2.099582e+01,2.096825e+01,2.110602e+01,2.114732e+01,2.105094e+01,2.094067e+01,2.095446e+01,2.071978e+01,2.023489e+01,2.010982e+01,1.983831e+01,1.989407e+01,1.993586e+01,1.988710e+01,1.983134e+01,1.984528e+01,1.994283e+01,2.004723e+01,2.033899e+01,2.097514e+01,2.116796e+01,2.117484e+01,2.116108e+01,2.107160e+01,2.111979e+01,2.110602e+01,2.078195e+01,2.037366e+01,2.001244e+01,1.988710e+01,1.986619e+01,1.990103e+01,1.991496e+01,1.992890e+01,1.987316e+01,1.985922e+01,1.981740e+01,1.987316e+01,1.992193e+01,1.976858e+01,1.982437e+01,1.983134e+01,1.990103e+01,1.990103e+01,1.992193e+01,1.993586e+01,1.985225e+01,1.994283e+01,1.995675e+01,1.995675e+01,1.995675e+01,1.996371e+01,1.997068e+01,1.994283e+01,1.997068e+01,1.997068e+01,1.992890e+01,1.989407e+01,1.991496e+01,1.985225e+01,1.994979e+01,2.005419e+01,2.002636e+01,1.999852e+01,1.999156e+01,1.999852e+01,1.997764e+01,2.006114e+01,1.996371e+01,1.994283e+01,1.995675e+01,1.991496e+01,1.990103e+01,1.998460e+01,1.994979e+01,1.999852e+01,1.993586e+01,1.995675e+01,2.001244e+01,1.988710e+01,1.999852e+01,1.993586e+01,1.993586e+01,2.006810e+01,2.006114e+01,2.004027e+01,2.004723e+01,1.983831e+01,1.988710e+01,1.989407e+01,1.990800e+01,1.989407e+01,1.982437e+01,1.990103e+01,1.997068e+01,1.989407e+01,1.997764e+01,1.992193e+01,1.995675e+01,2.034592e+01,2.060915e+01,2.103027e+01,2.093377e+01,2.095446e+01,2.099582e+01,2.104405e+01,2.118172e+01,2.116796e+01,2.116108e+01,2.116796e+01,2.128485e+01,2.114732e+01,2.123674e+01,2.129859e+01,2.114044e+01,2.124361e+01,2.124361e+01,2.125736e+01,2.122986e+01,2.123674e+01,2.140847e+01,2.124361e+01,2.127110e+01,2.125736e+01,2.125048e+01,2.120923e+01,2.126423e+01,2.122298e+01,2.121611e+01,2.117484e+01,2.152508e+01,2.134668e+01,2.117484e+01,2.126423e+01,2.127110e+01,2.113355e+01,2.125736e+01,2.136041e+01,2.116108e+01,2.140161e+01,2.122986e+01,2.131920e+01,2.129172e+01,2.122298e+01,2.114732e+01,2.127798e+01,2.132607e+01,2.125048e+01,2.121611e+01,2.120923e+01,2.127798e+01,2.115420e+01,2.110602e+01,2.132607e+01,2.128485e+01,2.123674e+01,2.113355e+01,2.129172e+01,2.133981e+01,2.114732e+01,2.119548e+01,2.114732e+01,2.112667e+01,2.114044e+01,2.119548e+01,2.127110e+01,2.122986e+01,2.129859e+01,2.114732e+01,2.117484e+01,2.111979e+01,2.135355e+01,2.118860e+01,2.118860e+01,2.118172e+01,2.116108e+01,2.109914e+01,2.120235e+01,2.117484e+01,2.117484e+01,2.111979e+01,2.116108e+01,2.106471e+01,2.105094e+01,2.107160e+01,2.110602e+01,2.103027e+01,2.113355e+01,2.112667e+01,2.104405e+01,2.107160e+01,2.107160e+01,2.105782e+01,2.109914e+01,2.102338e+01,2.103027e+01,2.103027e+01,2.110602e+01,2.106471e+01,2.102338e+01,2.098893e+01,2.097514e+01,2.094067e+01,2.112667e+01,2.109225e+01,2.101649e+01,2.106471e+01,2.109914e+01,2.113355e+01,2.112667e+01,2.103716e+01,2.101649e+01,2.103716e+01,2.100960e+01,2.104405e+01,2.114732e+01,2.116108e+01,2.114044e+01,2.102338e+01,2.111979e+01,2.105094e+01,2.106471e+01
2.120235e+01,2.114732e+01,2.132607e+01,2.131920e+01,2.128485e+01,2.131920e+01,2.134668e+01,2.131233e+01,2.134668e+01,2.117484e+01,2.125736e+01,2.127798e+01,2.136041e+01,2.129172e+01,2.131233e+01,2.129172e+01,2.131920e+01,2.129172e+01,2.137415e+01,2.118172e+01,2.120235e+01,2.125048e+01,2.126423e+01,2.121611e+01,2.118172e+01,2.116796e+01,2.127110e+01,2.127110e+01,2.114044e+01,2.109914e+01,2.134668e+01,2.115420e+01,2.097514e+01,2.114732e+01,2.114044e+01,2.118172e+01,2.115420e+01,2.126423e+01,2.114044e+01,2.112667e+01,2.119548e+01,2.113355e+01,2.121611e+01,2.105094e+01,2.120923e+01,2.105782e+01,2.111979e+01,2.116796e+01,2.121611e+01,2.121611e+01,2.120235e+01,2.120235e+01,2.120235e+01,2.124361e+01,2.120235e+01,2.118172e+01,2.125736e+01,2.125736e+01,2.127110e+01,2.124361e+01,2.122986e+01,2.128485e+01,2.131233e+01,2.122986e+01,2.111979e+01,2.126423e+01,2.118172e+01,2.125736e+01,2.118172e+01,2.128485e+01,2.138101e+01,2.133294e+01,2.131233e+01,2.125736e+01,2.118860e+01,2.142220e+01,2.122986e+01,2.129859e+01,2.138788e+01,2.127798e+01,2.128485e+01,2.125736e+01,2.125048e+01,2.136041e+01,2.133294e+01,2.133294e+01,2.136728e+01,2.131920e+01,2.141533e+01,2.131233e+01,2.132607e+01,2.144964e+01,2.137415e+01,2.133294e+01,2.133294e+01,2.129172e+01,2.129172e+01,2.132607e+01,2.131920e+01,2.129859e+01,2.131233e+01,2.127798e+01,2.129859e+01,2.128485e+01,2.131233e+01,2.131920e+01,2.127798e+01,2.133981e+01,2.132607e+01,2.135355e+01,2.131920e+01,2.142220e+01,2.141533e+01,2.138788e+01,2.126423e+01,2.133294e+01,2.129859e+01,2.131233e+01,2.136728e+01,2.137415e+01,2.137415e+01,2.129859e+01,2.131233e+01,2.131233e+01,2.136041e+01,2.120235e+01,2.134668e+01,2.110602e+01,2.131920e+01,2.135355e+01,2.144278e+01,2.138788e+01,2.136728e+01,2.134668e+01,2.139474e+01,2.138101e+01,2.134668e+01,2.138101e+01,2.139474e+01,2.127110e+01,2.139474e+01,2.137415e+01,2.140847e+01,2.133294e+01,2.140161e+01,2.136728e+01,2.136728e+01,2.140161e+01,2.136728e+01,2.141533e+01,2.130546e+01,2.141533e+01,2.138101e+01,2.138788e+01,2.137415e+01,2.140847e+01,2.130546e+01,2.138788e+01,2.136041e+01,2.125736e+01,2.122298e+01,2.136728e+01,2.149080e+01,2.138788e+01,2.133294e+01,2.140161e+01,2.151823e+01,2.142906e+01,2.136728e+01,2.133981e+01,2.132607e+01,2.131920e+01,2.140847e+01,2.129859e+01,2.135355e+01,2.134668e+01,2.136728e+01,2.136728e+01,2.136041e+01,2.142220e+01,2.140161e+01,2.142906e+01,2.130546e+01,2.140161e+01,2.136728e+01,2.143592e+01,2.139474e+01,2.145650e+01,2.134668e+01,2.146336e+01,2.134668e+01,2.138101e+01,2.149080e+01,2.139474e+01,2.145650e+01,2.131920e+01,2.141533e+01,2.134668e+01,2.136041e+01,2.132607e+01,2.137415e+01,2.134668e+01,2.135355e+01,2.135355e+01,2.147022e+01,2.134668e+01,2.141533e+01,2.127110e+01,2.131233e+01,2.131233e+01,2.133294e+01,2.138788e+01,2.129859e+01,2.134668e+01,2.142906e+01,2.137415e+01,2.142220e+01,2.137415e+01,2.137415e+01,2.131233e+01,2.139474e+01,2.136041e+01,2.129172e+01,2.130546e+01,2.127798e+01,2.127798e+01,2.144278e+01,2.141533e+01,2.143592e+01,2.135355e+01,2.141533e+01,2.138101e+01,2.136041e+01,2.134668e+01,2.128485e+01,2.136728e+01,2.126423e+01,2.135355e+01,2.137415e+01,2.144278e+01,2.133981e+01,2.129172e+01,2.145650e+01,2.137415e+01,2.136728e+01,2.137415e+01,2.136728e+01,2.136728e+01,2.143592e+01,2.141533e+01,2.128485e+01,2.129859e+01,2.125048e+01,2.139474e+01,2.129859e+01,2.143592e+01,2.140847e+01,2.116796e+01,2.147022e+01,2.146336e+01,2.130546e+01,2.147022e+01,2.136728e+01,2.145650e+01,2.138788e+01,2.142906e+01,2.142906e+01,2.136041e+01,2.141533e+01,2.142906e+01,2.136728e+01,2.138101e+01,2.140161e+01,2.141533e+01,2.140847e+01,2.138788e+01,2.140847e+01,2.140847e+01,2.142906e+01,2.140161e+01,2.133981e+01,2.149080e+01,2.145650e+01,2.138788e+01,2.138101e+01,2.131233e+01,2.136728e+01,2.136041e+01,2.138788e+01,2.137415e+01,2.137415e+01,2.136728e+01,2.134668e+01,2.137415e+01,2.133294e+01,2.130546e+01,2.130546e+01,2.149080e+01,2.131233e+01,2.145650e+01,2.130546e+01,2.134668e+01,2.135355e+01,2.142906e+01,2.135355e+01,2.133981e+01,2.143592e+01,2.142906e+01,2.140847e+01,2.137415e+01,2.140161e+01,2.139474e+01,2.133981e+01,2.118172e+01,2.138788e+01,2.138101e+01,2.137415e+01,2.138788e+01,2.142906e+01,2.141533e+01,2.128485e+01,2.136041e+01,2.133981e+01,2.145650e+01,2.132607e+01,2.133294e+01,2.135355e+01,2.132607e+01,2.145650e+01,2.135355e+01,2.136728e+01,2.137415e+01,2.135355e+01,2.136041e+01,2.133294e+01,2.129172e+01,2.140161e+01,2.138788e+01,2.142906e+01,2.124361e+01,2.138788e+01,2.129172e+01,2.129172e+01,2.140847e+01,2.137415e+01,2.138788e+01,2.142220e+01,2.133294e+01,2.131920e+01,2.140847e+01,2.129172e+01,2.128485e+01,2.140161e+01,2.131233e+01,2.138788e+01,2.131920e+01,2.128485e+01,2.129172e+01,2.131233e+01,2.127798e+01,2.103716e+01,2.044298e+01,2.006114e+01,1.990103e+01,1.990800e+01,1.980345e+01,1.980345e+01,1.980345e+01,1.983134e+01,1.964991e+01,1.979647e+01,1.988013e+01,1.983134e+01,1.967785e+01,1.995675e+01,1.988013e+01,1.988013e+01,1.982437e+01,1.985225e+01,2.000548e+01,1.996371e+01,1.994283e+01,1.996371e+01,2.004027e+01,2.006114e+01,2.006114e+01,1.999156e+01,2.001940e+01,1.998460e+01,2.001940e+01,2.001940e+01,2.001244e+01,1.995675e+01,1.993586e+01,2.001244e+01,2.010287e+01,2.006114e+01,1.997764e+01,2.014458e+01,2.006810e+01,2.006810e+01,2.004027e+01,2.008201e+01,2.003332e+01,2.003332e+01,2.001940e+01,2.012372e+01,2.006810e+01,1.999156e+01,2.000548e+01,1.999852e+01,1.984528e+01,1.985225e+01,1.984528e+01,1.986619e+01,1.983831e+01,1.994979e+01,2.054687e+01,2.094757e+01,2.105782e+01,2.110602e+01,2.109225e+01,2.107848e+01,2.096135e+01,2.053995e+01,2.015153e+01,1.997068e+01,1.989407e+01,1.981740e+01,1.988013e+01,1.990800e+01,1.980345e+01,1.985922e+01,1.990103e+01,1.974067e+01,1.989407e+01,2.017237e+01,2.076123e+01,2.102338e+01,2.115420e+01,2.109225e+01,2.107160e+01,2.129859e+01,2.104405e+01,2.074742e+01,2.036673e+01,1.991496e+01,1.993586e+01,1.987316e+01,1.974067e+01,1.991496e+01,1.976160e+01,1.985922e+01,1.981042e+01,1.987316e+01,1.988013e+01,1.980345e+01,1.985922e+01,1.980345e+01,1.990800e+01,1.988013e+01,1.982437e+01,1.983831e+01,1.992193e+01,1.992193e+01,1.992193e+01,1.997764e+01,1.981042e+01,1.986619e+01,2.000548e+01,1.984528e+01,1.992193e+01,1.994283e+01,1.997764e+01,1.993586e+01,1.992890e+01,1.994283e+01,1.994979e+01,1.989407e+01,1.997068e+01,1.998460e+01,2.000548e+01,1.994283e+01,1.998460e+01,2.003332e+01,1.990800e+01,1.981740e+01,1.999156e+01,1.992890e+01,1.992890e+01,1.998460e+01,1.993586e+01,1.999852e+01,1.996371e+01,1.992890e+01,1.993586e+01,1.983831e+01,1.994283e+01,1.990800e+01,1.996371e+01,1.991496e+01,1.990800e+01,1.988710e+01,2.002636e+01,1.983134e+01,1.988013e+01,1.985225e+01,1.985922e+01,1.997764e+01,1.988013e+01,1.990800e+01,1.988710e+01,1.994283e+01,1.986619e+01,1.994283e+01,1.989407e+01,1.990103e+01,1.991496e+01,2.031818e+01,2.035980e+01,2.061607e+01,2.062299e+01,2.071287e+01,2.067139e+01,2.066448e+01,2.076123e+01,2.087859e+01,2.088549e+01,2.088549e+01,2.109225e+01,2.105094e+01,2.108537e+01,2.107160e+01,2.118860e+01,2.102338e+01,2.121611e+01,2.123674e+01,2.121611e+01,2.124361e+01,2.120235e+01,2.113355e+01,2.117484e+01,2.111291e+01,2.124361e+01,2.121611e+01,2.130546e+01,2.121611e+01,2.127110e+01,2.122298e+01,2.118172e+01,2.119548e+01,2.118860e+01,2.120923e+01,2.116108e+01,2.125048e+01,2.136041e+01,2.123674e+01,2.121611e+01,2.121611e+01,2.127110e+01,2.127110e+01,2.116108e+01,2.131233e+01,2.125736e+01,2.122986e+01,2.125048e+01,2.101649e+01,2.128485e+01,2.125048e+01,2.116796e+01,2.115420e+01,2.113355e+01,2.116796e+01,2.130546e+01,2.115420e+01,2.125736e+01,2.127798e+01,2.112667e+01,2.125736e+01,2.122298e+01,2.114044e+01,2.114044e+01,2.116796e+01,2.120923e+01,2.120923e+01,2.127798e+01,2.118860e+01,2.127110e+01,2.116796e+01,2.114732e+01,2.122298e+01,2.117484e+01,2.105094e+01,2.119548e+01,2.114044e+01,2.110602e+01,2.113355e+01,2.105094e+01,2.106471e+01,2.104405e+01,2.105782e+01,2.100960e+01,2.105782e+01,2.089239e+01,2.107160e+01,2.104405e+01,2.108537e+01,2.100271e+01,2.103027e+01,2.099582e+01,2.102338e+01,2.100271e+01,2.110602e+01,2.103027e+01,2.103716e+01,2.102338e+01,2.101649e+01,2.105782e+01,2.110602e+01,2.108537e+01,2.105782e+01,2.098203e+01,2.101649e+01,2.100271e+01,2.105782e+01,2.103027e+01,2.102338e+01,2.110602e+01,2.101649e+01,2.109914e+01,2.104405e+01,2.102338e+01,2.101649e+01,2.103027e+01,2.100960e+01,2.111979e+01,2.114732e+01,2.111291e+01,2.098893e+01,2.095446e+01
2.127110e+01,2.126423e+01,2.129859e+01,2.123674e+01,2.119548e+01,2.129859e+01,2.129172e+01,2.127798e+01,2.130546e+01,2.145650e+01,2.125736e+01,2.136041e+01,2.129172e+01,2.125736e+01,2.122298e+01,2.131920e+01,2.127110e+01,2.136041e+01,2.137415e+01,2.138101e+01,2.135355e+01,2.117484e+01,2.128485e+01,2.118172e+01,2.118172e+01,2.119548e+01,2.118172e+01,2.123674e+01,2.117484e+01,2.122986e+01,2.127110e+01,2.117484e+01,2.126423e+01,2.120235e+01,2.125736e+01,2.118172e+01,2.119548e+01,2.130546e+01,2.120923e+01,2.123674e+01,2.116796e+01,2.120923e+01,2.128485e+01,2.134668e+01,2.118172e+01,2.128485e+01,2.107848e+01,2.117484e+01,2.118860e+01,2.121611e+01,2.116108e+01,2.122298e+01,2.118172e+01,2.127798e+01,2.128485e+01,2.123674e+01,2.125736e+01,2.128485e+01,2.127798e+01,2.117484e+01,2.127110e+01,2.122986e+01,2.129172e+01,2.134668e+01,2.127110e+01,2.129172e+01,2.126423e+01,2.144964e+01,2.128485e+01,2.129859e+01,2.137415e+01,2.131233e+01,2.136728e+01,2.127110e+01,2.134668e+01,2.146336e+01,2.120235e+01,2.144964e+01,2.125736e+01,2.129859e+01,2.138101e+01,2.128485e+01,2.131233e+01,2.139474e+01,2.125736e+01,2.140847e+01,2.129859e+01,2.135355e+01,2.131920e+01,2.126423e+01,2.139474e+01,2.138788e+01,2.136728e+01,2.134668e+01,2.142220e+01,2.129172e+01,2.136728e+01,2.136041e+01,2.138788e+01,2.130546e+01,2.129172e+01,2.128485e+01,2.127110e+01,2.130546e+01,2.131233e+01,2.131233e+01,2.141533e+01,2.130546e+01,2.133294e+01,2.134668e+01,2.131233e+01,2.125048e+01,2.127110e+01,2.129172e+01,2.128485e+01,2.127110e+01,2.140161e+01,2.128485e+01,2.135355e+01,2.133294e+01,2.131920e+01,2.140847e+01,2.140161e+01,2.136041e+01,2.137415e+01,2.129859e+01,2.138788e+01,2.137415e+01,2.128485e+01,2.140161e+01,2.133294e+01,2.122298e+01,2.136041e+01,2.136728e+01,2.124361e+01,2.142220e+01,2.131920e+01,2.131233e+01,2.133981e+01,2.142906e+01,2.133294e+01,2.141533e+01,2.144964e+01,2.131233e+01,2.130546e+01,2.141533e+01,2.133294e+01,2.144964e+01,2.141533e+01,2.133981e+01,2.125736e+01,2.140161e+01,2.144278e+01,2.144278e+01,2.134668e+01,2.140847e+01,2.134668e+01,2.137415e+01,2.138788e+01,2.126423e+01,2.136728e+01,2.140847e+01,2.133294e+01,2.134668e+01,2.142220e+01,2.133294e+01,2.139474e+01,2.134668e+01,2.140847e+01,2.135355e+01,2.136728e+01,2.133981e+01,2.133294e+01,2.134668e+01,2.140161e+01,2.136041e+01,2.136041e+01,2.134668e+01,2.145650e+01,2.145650e+01,2.136728e+01,2.142220e+01,2.143592e+01,2.140161e+01,2.145650e+01,2.149080e+01,2.138101e+01,2.134668e+01,2.144278e+01,2.137415e+01,2.146336e+01,2.139474e+01,2.140161e+01,2.144964e+01,2.135355e+01,2.136041e+01,2.137415e+01,2.138788e+01,2.140161e+01,2.133981e+01,2.143592e+01,2.139474e+01,2.136041e+01,2.133981e+01,2.136728e+01,2.140161e+01,2.135355e+01,2.134668e+01,2.138101e+01,2.143592e+01,2.140847e+01,2.136728e+01,2.140161e+01,2.140847e+01,2.140161e+01,2.136728e+01,2.137415e+01,2.137415e+01,2.131920e+01,2.128485e+01,2.139474e+01,2.138788e+01,2.138788e+01,2.138788e+01,2.137415e+01,2.131920e+01,2.145650e+01,2.144964e+01,2.138788e+01,2.136041e+01,2.134668e+01,2.143592e+01,2.140847e+01,2.138788e+01,2.133294e+01,2.138101e+01,2.123674e+01,2.133981e+01,2.140847e+01,2.143592e+01,2.132607e+01,2.144964e+01,2.129859e+01,2.142906e+01,2.135355e+01,2.140847e+01,2.136041e+01,2.141533e+01,2.137415e+01,2.125736e+01,2.142906e+01,2.132607e+01,2.127798e+01,2.134668e+01,2.142906e+01,2.137415e+01,2.144278e+01,2.146336e+01,2.147022e+01,2.139474e+01,2.138788e+01,2.151823e+01,2.135355e+01,2.144278e+01,2.149080e+01,2.138101e+01,2.140161e+01,2.138101e+01,2.140161e+01,2.144278e+01,2.138101e+01,2.138788e+01,2.148394e+01,2.140161e+01,2.151137e+01,2.142906e+01,2.140847e+01,2.143592e+01,2.138101e+01,2.136728e+01,2.138788e+01,2.138788e+01,2.134668e+01,2.146336e+01,2.138788e+01,2.140847e+01,2.144278e+01,2.137415e+01,2.142220e+01,2.135355e+01,2.133981e+01,2.144278e+01,2.136041e+01,2.140847e+01,2.153194e+01,2.134668e+01,2.143592e+01,2.142220e+01,2.142220e+01,2.129859e+01,2.143592e+01,2.137415e+01,2.133294e+01,2.133294e+01,2.144278e+01,2.142906e+01,2.140847e+01,2.136728e+01,2.137415e+01,2.142220e+01,2.142220e+01,2.140161e+01,2.144278e+01,2.141533e+01,2.141533e+01,2.140161e+01,2.145650e+01,2.131233e+01,2.147022e+01,2.140161e+01,2.144964e+01,2.129172e+01,2.140847e+01,2.136728e+01,2.140847e+01,2.131233e+01,2.131920e+01,2.132607e+01,2.137415e+01,2.131920e+01,2.140847e+01,2.134668e+01,2.135355e+01,2.137415e+01,2.144278e+01,2.145650e+01,2.133294e+01,2.134668e+01,2.135355e+01,2.133981e+01,2.140161e+01,2.138788e+01,2.137415e+01,2.138788e+01,2.139474e+01,2.140161e+01,2.139474e+01,2.124361e+01,2.129172e+01,2.131233e+01,2.142220e+01,2.131233e+01,2.128485e+01,2.127110e+01,2.127110e+01,2.140847e+01,2.132607e+01,2.132607e+01,2.136041e+01,2.130546e+01,2.131920e+01,2.083719e+01,2.031818e+01,2.004027e+01,1.998460e+01,1.984528e+01,1.988013e+01,1.978253e+01,1.984528e+01,1.966388e+01,1.982437e+01,1.990800e+01,1.982437e+01,1.986619e+01,1.993586e+01,1.993586e+01,1.976858e+01,1.997764e+01,1.983134e+01,1.993586e+01,1.997764e+01,1.994283e+01,2.000548e+01,1.994283e+01,1.996371e+01,2.003332e+01,1.999852e+01,2.000548e+01,1.995675e+01,2.000548e+01,2.001940e+01,2.001244e+01,1.994283e+01,1.994979e+01,1.998460e+01,1.999156e+01,2.006810e+01,2.002636e+01,2.010287e+01,2.003332e+01,2.006114e+01,1.990103e+01,2.006810e+01,2.006114e+01,2.007505e+01,2.002636e+01,1.999156e+01,2.013763e+01,1.999156e+01,1.999156e+01,1.983831e+01,1.983134e+01,1.982437e+01,1.981042e+01,1.993586e+01,1.990800e+01,2.014458e+01,2.080957e+01,2.096135e+01,2.108537e+01,2.107160e+01,2.105782e+01,2.094757e+01,2.049840e+01,2.001244e+01,1.997068e+01,1.989407e+01,1.988710e+01,1.989407e+01,1.992890e+01,1.982437e+01,1.987316e+01,1.982437e+01,1.984528e+01,1.981740e+01,1.982437e+01,2.017237e+01,2.062990e+01,2.112667e+01,2.109225e+01,2.107160e+01,2.111979e+01,2.124361e+01,2.107160e+01,2.079576e+01,2.040140e+01,1.998460e+01,1.984528e+01,1.981042e+01,1.988710e+01,1.981042e+01,1.983831e+01,1.986619e+01,1.993586e+01,1.982437e+01,1.990103e+01,1.985225e+01,1.978253e+01,1.992890e+01,1.989407e+01,1.988013e+01,1.978950e+01,1.987316e+01,1.986619e+01,1.989407e+01,1.997068e+01,1.991496e+01,1.995675e+01,1.997764e+01,1.996371e+01,2.004027e+01,2.001244e+01,1.990800e+01,1.992193e+01,1.993586e+01,1.992890e+01,1.991496e+01,1.985225e+01,1.992890e+01,1.983831e+01,1.999852e+01,2.004723e+01,1.999156e+01,1.998460e+01,1.998460e+01,1.992193e+01,1.993586e+01,1.994283e+01,1.993586e+01,1.994283e+01,1.992890e+01,1.992890e+01,1.992193e+01,1.991496e+01,1.994283e+01,1.998460e+01,1.992890e+01,2.002636e+01,1.995675e+01,1.994979e+01,1.994283e+01,1.994283e+01,1.989407e+01,1.986619e+01,1.988710e+01,2.000548e+01,1.999156e+01,1.984528e+01,1.999156e+01,1.985922e+01,1.987316e+01,1.984528e+01,2.000548e+01,1.983831e+01,1.987316e+01,1.985225e+01,1.989407e+01,1.993586e+01,1.995675e+01,2.007505e+01,2.013763e+01,2.002636e+01,2.027654e+01,2.024877e+01,2.030430e+01,2.028348e+01,2.025571e+01,2.060223e+01,2.058840e+01,2.062299e+01,2.084409e+01,2.102338e+01,2.118172e+01,2.112667e+01,2.118860e+01,2.121611e+01,2.114044e+01,2.114732e+01,2.109225e+01,2.122298e+01,2.129859e+01,2.122298e+01,2.125048e+01,2.122298e+01,2.121611e+01,2.125048e+01,2.122986e+01,2.126423e+01,2.126423e+01,2.118172e+01,2.120235e+01,2.111291e+01,2.120923e+01,2.117484e+01,2.125048e+01,2.123674e+01,2.123674e+01,2.122986e+01,2.120923e+01,2.131920e+01,2.121611e+01,2.121611e+01,2.133294e+01,2.133294e+01,2.134668e+01,2.132607e+01,2.124361e+01,2.121611e+01,2.116796e+01,2.101649e+01,2.116108e+01,2.114732e+01,2.124361e+01,2.129859e+01,2.123674e+01,2.122986e+01,2.127798e+01,2.124361e+01,2.120923e+01,2.114732e+01,2.117484e+01,2.127798e+01,2.125736e+01,2.121611e+01,2.118172e+01,2.123674e+01,2.120923e+01,2.118172e+01,2.124361e+01,2.113355e+01,2.105094e+01,2.121611e+01,2.117484e+01,2.111979e+01,2.114732e+01,2.107848e+01,2.108537e+01,2.111291e+01,2.118860e+01,2.105782e+01,2.100960e+01,2.118860e+01,2.102338e+01,2.101649e+01,2.100271e+01,2.098203e+01,2.107160e+01,2.100960e+01,2.111979e+01,2.099582e+01,2.102338e+01,2.098203e+01,2.100271e+01,2.102338e+01,2.103027e+01,2.101649e+01,2.109225e+01,2.103027e+01,2.098893e+01,2.103027e+01,2.105782e+01,2.112667e+01,2.109225e+01,2.101649e+01,2.100960e+01,2.103716e+01,2.114732e+01,2.108537e+01,2.107848e+01,2.106471e+01,2.101649e+01,2.104405e+01,2.109914e+01,2.116108e+01,2.115420e+01,2.116796e+01,2.117484e+01,2.112667e+01,2.103716e+01,2.104405e+01
2.109225e+01,2.137415e+01,2.127798e+01,2.123674e+01,2.127110e+01,2.129172e+01,2.145650e+01,2.133981e+01,2.131920e+01,2.145650e+01,2.133294e+01,2.127110e+01,2.128485e+01,2.122986e+01,2.128485e+01,2.131920e+01,2.129172e+01,2.131233e+01,2.131920e+01,2.129859e+01,2.130546e+01,2.124361e+01,2.125048e+01,2.118172e+01,2.132607e+01,2.118172e+01,2.125736e+01,2.122298e+01,2.122986e+01,2.124361e+01,2.123674e+01,2.126423e+01,2.135355e+01,2.118172e+01,2.122986e+01,2.130546e+01,2.116108e+01,2.118860e+01,2.122298e+01,2.118172e+01,2.116796e+01,2.120235e+01,2.127798e+01,2.129859e+01,2.114044e+01,2.114732e+01,2.118860e+01,2.117484e+01,2.130546e+01,2.118172e+01,2.122298e+01,2.122298e+01,2.126423e+01,2.125048e+01,2.120923e+01,2.115420e+01,2.117484e+01,2.121611e+01,2.127798e+01,2.125736e+01,2.121611e+01,2.118860e+01,2.124361e+01,2.127110e+01,2.127798e+01,2.127110e+01,2.133981e+01,2.127798e+01,2.126423e+01,2.122298e+01,2.140161e+01,2.135355e+01,2.115420e+01,2.121611e+01,2.133981e+01,2.134668e+01,2.136728e+01,2.138788e+01,2.129172e+01,2.127798e+01,2.132607e+01,2.136041e+01,2.128485e+01,2.138788e+01,2.140161e+01,2.142906e+01,2.132607e+01,2.132607e+01,2.141533e+01,2.140847e+01,2.129859e+01,2.141533e+01,2.138788e+01,2.136041e+01,2.135355e+01,2.135355e+01,2.135355e+01,2.129859e+01,2.129859e+01,2.131233e+01,2.131233e+01,2.129859e+01,2.136728e+01,2.122986e+01,2.116796e+01,2.129172e+01,2.127110e+01,2.138788e+01,2.132607e+01,2.127110e+01,2.133981e+01,2.134668e+01,2.138788e+01,2.138788e+01,2.128485e+01,2.125736e+01,2.131233e+01,2.135355e+01,2.136041e+01,2.138788e+01,2.126423e+01,2.134668e+01,2.129859e+01,2.125736e+01,2.124361e+01,2.140847e+01,2.141533e+01,2.128485e+01,2.136728e+01,2.140847e+01,2.132607e+01,2.142220e+01,2.140847e+01,2.138788e+01,2.133981e+01,2.136041e+01,2.128485e+01,2.135355e+01,2.141533e+01,2.136041e+01,2.142906e+01,2.136041e+01,2.146336e+01,2.144278e+01,2.138788e+01,2.130546e+01,2.129859e+01,2.133294e+01,2.119548e+01,2.143592e+01,2.130546e+01,2.132607e+01,2.135355e+01,2.145650e+01,2.137415e+01,2.136728e+01,2.137415e+01,2.140161e+01,2.136041e+01,2.137415e+01,2.125048e+01,2.125736e+01,2.142906e+01,2.131233e+01,2.138101e+01,2.131920e+01,2.133981e+01,2.132607e+01,2.131233e+01,2.135355e+01,2.135355e+01,2.136041e+01,2.140161e+01,2.136728e+01,2.133294e+01,2.133981e+01,2.135355e+01,2.135355e+01,2.136041e+01,2.140847e+01,2.143592e+01,2.137415e+01,2.140847e+01,2.139474e+01,2.138101e+01,2.138788e+01,2.139474e+01,2.136041e+01,2.138788e+01,2.141533e+01,2.140161e+01,2.122298e+01,2.135355e+01,2.147708e+01,2.134668e+01,2.141533e+01,2.135355e+01,2.136728e+01,2.140161e+01,2.134668e+01,2.134668e+01,2.138101e+01,2.135355e+01,2.144964e+01,2.135355e+01,2.135355e+01,2.136728e+01,2.136728e+01,2.136728e+01,2.133294e+01,2.134668e+01,2.138101e+01,2.133294e+01,2.134668e+01,2.140847e+01,2.142220e+01,2.139474e+01,2.128485e+01,2.139474e+01,2.135355e+01,2.137415e+01,2.133294e+01,2.141533e+01,2.140161e+01,2.135355e+01,2.126423e+01,2.138101e+01,2.134668e+01,2.132607e+01,2.142220e+01,2.139474e+01,2.143592e+01,2.139474e+01,2.139474e+01,2.135355e+01,2.138788e+01,2.141533e+01,2.131920e+01,2.133981e+01,2.136728e+01,2.131920e+01,2.141533e+01,2.138101e+01,2.132607e+01,2.127110e+01,2.143592e+01,2.133981e+01,2.131233e+01,2.135355e+01,2.139474e+01,2.128485e+01,2.125048e+01,2.125736e+01,2.125736e+01,2.138788e+01,2.147022e+01,2.141533e+01,2.142906e+01,2.144964e+01,2.142220e+01,2.144964e+01,2.130546e+01,2.142906e+01,2.144964e+01,2.142220e+01,2.150451e+01,2.141533e+01,2.142906e+01,2.143592e+01,2.136041e+01,2.147022e+01,2.144278e+01,2.146336e+01,2.146336e+01,2.150451e+01,2.140161e+01,2.140847e+01,2.144964e+01,2.140847e+01,2.140161e+01,2.133294e+01,2.149080e+01,2.140847e+01,2.131233e+01,2.151823e+01,2.133294e+01,2.132607e+01,2.137415e+01,2.140161e+01,2.149080e+01,2.134668e+01,2.138788e+01,2.135355e+01,2.143592e+01,2.150451e+01,2.138101e+01,2.150451e+01,2.140161e+01,2.135355e+01,2.133294e+01,2.139474e+01,2.138788e+01,2.132607e+01,2.151823e+01,2.129859e+01,2.153194e+01,2.150451e+01,2.138788e+01,2.131920e+01,2.133294e+01,2.132607e+01,2.133294e+01,2.127110e+01,2.141533e+01,2.130546e+01,2.140847e+01,2.138788e+01,2.142220e+01,2.142220e+01,2.127798e+01,2.150451e+01,2.157306e+01,2.133294e+01,2.133294e+01,2.136728e+01,2.138788e+01,2.138101e+01,2.140161e+01,2.134668e+01,2.133981e+01,2.133981e+01,2.138788e+01,2.140161e+01,2.123674e+01,2.136041e+01,2.136041e+01,2.133294e+01,2.149080e+01,2.138788e+01,2.141533e+01,2.137415e+01,2.141533e+01,2.138788e+01,2.135355e+01,2.139474e+01,2.132607e+01,2.140161e+01,2.142220e+01,2.125736e+01,2.131233e+01,2.138101e+01,2.129859e+01,2.134668e+01,2.127798e+01,2.129172e+01,2.133981e+01,2.131920e+01,2.129859e+01,2.130546e+01,2.132607e+01,2.130546e+01,2.104405e+01,2.064374e+01,2.035286e+01,1.988013e+01,1.991496e+01,1.988013e+01,1.981042e+01,1.981042e+01,1.991496e+01,1.982437e+01,1.987316e+01,1.986619e+01,1.987316e+01,1.987316e+01,1.991496e+01,1.987316e+01,1.984528e+01,1.992890e+01,1.990800e+01,1.992890e+01,1.997764e+01,1.990800e+01,2.006114e+01,1.994283e+01,1.988710e+01,2.001244e+01,2.000548e+01,2.001244e+01,1.997068e+01,1.988013e+01,1.994283e+01,2.006114e+01,1.999852e+01,1.997764e+01,2.001244e+01,1.999852e+01,2.001244e+01,1.999156e+01,1.996371e+01,2.008896e+01,1.995675e+01,2.006810e+01,2.010287e+01,2.007505e+01,2.009591e+01,2.004723e+01,1.999156e+01,1.997764e+01,1.998460e+01,1.997068e+01,1.981042e+01,1.984528e+01,1.988710e+01,1.990800e+01,2.017237e+01,2.047070e+01,2.081648e+01,2.111291e+01,2.106471e+01,2.109225e+01,2.098893e+01,2.045684e+01,2.004027e+01,1.996371e+01,1.992890e+01,1.988013e+01,1.994283e+01,1.987316e+01,1.990800e+01,1.990103e+01,1.976858e+01,1.983831e+01,1.988013e+01,1.990103e+01,1.983134e+01,2.034592e+01,2.074051e+01,2.098893e+01,2.109225e+01,2.120235e+01,2.108537e+01,2.107848e+01,2.103027e+01,2.074742e+01,2.038753e+01,1.994283e+01,1.990800e+01,1.994979e+01,1.990800e+01,1.983831e+01,1.987316e+01,1.985922e+01,1.992193e+01,1.982437e+01,1.983831e+01,1.990103e+01,1.985922e+01,1.977555e+01,1.978950e+01,1.996371e+01,1.983134e+01,1.988013e+01,1.994283e+01,1.989407e+01,1.988013e+01,1.992193e+01,1.988710e+01,1.994283e+01,1.990800e+01,2.001940e+01,1.995675e+01,1.994283e+01,1.992890e+01,1.993586e+01,1.993586e+01,1.991496e+01,1.999852e+01,1.988013e+01,1.994283e+01,1.997764e+01,2.001940e+01,2.000548e+01,1.976160e+01,2.000548e+01,2.000548e+01,1.997068e+01,1.992193e+01,1.993586e+01,1.993586e+01,1.994283e+01,1.997068e+01,2.008896e+01,1.992193e+01,1.982437e+01,1.993586e+01,1.997764e+01,1.994979e+01,1.996371e+01,2.001244e+01,1.989407e+01,1.986619e+01,1.997764e+01,1.989407e+01,1.999156e+01,1.996371e+01,1.985922e+01,1.985922e+01,1.983134e+01,1.983831e+01,1.991496e+01,1.998460e+01,1.993586e+01,1.985225e+01,1.992193e+01,1.982437e+01,1.994979e+01,1.990800e+01,1.994283e+01,1.982437e+01,2.001940e+01,1.995675e+01,1.997068e+01,1.989407e+01,1.999156e+01,1.997764e+01,1.997764e+01,1.993586e+01,2.022794e+01,2.005419e+01,2.029042e+01,2.067139e+01,2.078195e+01,2.082338e+01,2.111979e+01,2.120235e+01,2.107160e+01,2.111291e+01,2.112667e+01,2.127798e+01,2.122986e+01,2.125048e+01,2.120235e+01,2.126423e+01,2.130546e+01,2.123674e+01,2.129859e+01,2.127110e+01,2.118860e+01,2.126423e+01,2.126423e+01,2.099582e+01,2.128485e+01,2.122986e+01,2.125736e+01,2.138788e+01,2.127110e+01,2.130546e+01,2.117484e+01,2.112667e+01,2.118172e+01,2.127110e+01,2.118172e+01,2.132607e+01,2.125048e+01,2.125736e+01,2.124361e+01,2.125736e+01,2.116108e+01,2.114044e+01,2.122298e+01,2.116108e+01,2.114732e+01,2.118172e+01,2.116108e+01,2.116108e+01,2.122298e+01,2.113355e+01,2.120923e+01,2.120923e+01,2.116796e+01,2.139474e+01,2.127798e+01,2.130546e+01,2.128485e+01,2.118860e+01,2.118860e+01,2.127798e+01,2.117484e+01,2.121611e+01,2.116796e+01,2.110602e+01,2.117484e+01,2.114732e+01,2.108537e+01,2.107160e+01,2.114044e+01,2.105782e+01,2.115420e+01,2.097514e+01,2.108537e+01,2.099582e+01,2.101649e+01,2.101649e+01,2.105094e+01,2.109225e+01,2.097514e+01,2.107160e+01,2.098203e+01,2.080267e+01,2.105094e+01,2.107848e+01,2.099582e+01,2.099582e+01,2.103027e+01,2.102338e+01,2.101649e+01,2.100960e+01,2.100271e+01,2.110602e+01,2.098893e+01,2.110602e+01,2.097514e+01,2.103716e+01,2.107160e+01,2.108537e+01,2.107160e+01,2.100960e+01,2.100960e+01,2.115420e+01,2.112667e+01,2.106471e+01,2.095446e+01,2.107848e+01,2.099582e+01,2.109914e+01,2.100960e+01,2.099582e+01,2.091998e+01,2.100271e+01
2.135355e+01,2.131920e+01,2.119548e+01,2.128485e+01,2.129859e+01,2.125048e+01,2.138788e+01,2.125048e+01,2.126423e+01,2.131920e+01,2.123674e+01,2.127110e+01,2.117484e+01,2.124361e+01,2.121611e+01,2.132607e+01,2.131920e+01,2.132607e+01,2.137415e+01,2.121611e+01,2.126423e+01,2.125048e+01,2.126423e+01,2.122986e+01,2.122986e+01,2.123674e+01,2.121611e+01,2.123674e+01,2.119548e+01,2.120923e+01,2.133294e+01,2.130546e+01,2.129172e+01,2.124361e+01,2.118172e+01,2.123674e+01,2.121611e+01,2.116108e+01,2.122986e+01,2.124361e+01,2.120235e+01,2.120235e+01,2.125736e+01,2.111291e+01,2.122298e+01,2.110602e+01,2.111979e+01,2.116108e+01,2.137415e+01,2.120923e+01,2.120235e+01,2.119548e+01,2.133294e+01,2.123674e+01,2.118172e+01,2.125736e+01,2.122298e+01,2.124361e+01,2.125736e+01,2.127110e+01,2.131233e+01,2.119548e+01,2.120923e+01,2.131920e+01,2.124361e+01,2.125736e+01,2.127110e+01,2.127798e+01,2.124361e+01,2.123674e+01,2.126423e+01,2.133981e+01,2.134668e+01,2.144278e+01,2.130546e+01,2.135355e+01,2.130546e+01,2.125048e+01,2.134668e+01,2.131233e+01,2.134668e+01,2.129172e+01,2.136728e+01,2.143592e+01,2.128485e+01,2.137415e+01,2.141533e+01,2.142906e+01,2.136041e+01,2.138788e+01,2.132607e+01,2.138788e+01,2.135355e+01,2.137415e+01,2.136728e+01,2.135355e+01,2.137415e+01,2.128485e+01,2.127110e+01,2.127110e+01,2.131233e+01,2.139474e+01,2.132607e+01,2.131233e+01,2.131920e+01,2.131920e+01,2.138101e+01,2.140161e+01,2.144964e+01,2.141533e+01,2.143592e+01,2.143592e+01,2.133981e+01,2.131920e+01,2.141533e+01,2.134668e+01,2.138101e+01,2.123674e+01,2.137415e+01,2.139474e+01,2.131920e+01,2.126423e+01,2.128485e+01,2.131920e+01,2.133981e+01,2.123674e+01,2.133294e+01,2.131920e+01,2.132607e+01,2.136728e+01,2.134668e+01,2.130546e+01,2.138101e+01,2.138788e+01,2.139474e+01,2.138101e+01,2.138101e+01,2.142906e+01,2.136728e+01,2.137415e+01,2.140161e+01,2.141533e+01,2.144278e+01,2.142906e+01,2.140161e+01,2.132607e+01,2.134668e+01,2.134668e+01,2.148394e+01,2.135355e+01,2.137415e+01,2.143592e+01,2.127110e+01,2.131920e+01,2.137415e+01,2.138788e+01,2.133294e+01,2.136041e+01,2.138101e+01,2.136728e+01,2.138788e+01,2.142220e+01,2.142220e+01,2.134668e+01,2.141533e+01,2.137415e+01,2.131920e+01,2.138788e+01,2.130546e+01,2.136041e+01,2.131920e+01,2.132607e+01,2.135355e+01,2.140161e+01,2.139474e+01,2.151137e+01,2.134668e+01,2.136728e+01,2.138101e+01,2.136041e+01,2.138101e+01,2.137415e+01,2.139474e+01,2.138788e+01,2.140161e+01,2.138788e+01,2.139474e+01,2.139474e+01,2.132607e+01,2.132607e+01,2.132607e+01,2.140161e+01,2.142220e+01,2.145650e+01,2.147022e+01,2.134668e+01,2.149080e+01,2.136041e+01,2.136041e+01,2.141533e+01,2.134668e+01,2.151137e+01,2.144278e+01,2.138101e+01,2.136728e+01,2.136041e+01,2.147022e+01,2.142220e+01,2.133294e+01,2.131233e+01,2.139474e+01,2.126423e+01,2.138101e+01,2.129859e+01,2.143592e+01,2.137415e+01,2.138101e+01,2.135355e+01,2.140847e+01,2.135355e+01,2.139474e+01,2.138788e+01,2.128485e+01,2.136728e+01,2.147022e+01,2.138788e+01,2.142220e+01,2.142906e+01,2.152508e+01,2.132607e+01,2.141533e+01,2.137415e+01,2.140847e+01,2.142220e+01,2.139474e+01,2.142906e+01,2.134668e+01,2.140161e+01,2.144964e+01,2.140161e+01,2.140847e+01,2.143592e+01,2.136728e+01,2.141533e+01,2.136041e+01,2.135355e+01,2.131920e+01,2.133981e+01,2.133981e+01,2.133981e+01,2.135355e+01,2.130546e+01,2.129172e+01,2.139474e+01,2.142906e+01,2.137415e+01,2.136728e+01,2.135355e+01,2.142220e+01,2.147708e+01,2.141533e+01,2.136041e+01,2.140161e+01,2.141533e+01,2.137415e+01,2.138788e+01,2.144964e+01,2.144964e+01,2.137415e+01,2.140847e+01,2.140161e+01,2.147708e+01,2.145650e+01,2.148394e+01,2.138788e+01,2.151137e+01,2.138788e+01,2.138788e+01,2.136728e+01,2.140847e+01,2.135355e+01,2.136728e+01,2.136041e+01,2.147022e+01,2.140847e+01,2.139474e+01,2.137415e+01,2.143592e+01,2.150451e+01,2.149766e+01,2.138788e+01,2.144278e+01,2.140847e+01,2.140161e+01,2.143592e+01,2.142220e+01,2.138788e+01,2.149080e+01,2.133294e+01,2.129859e+01,2.140161e+01,2.141533e+01,2.130546e+01,2.138101e+01,2.129859e+01,2.146336e+01,2.142220e+01,2.138101e+01,2.147022e+01,2.149080e+01,2.140161e+01,2.142906e+01,2.129172e+01,2.144964e+01,2.142906e+01,2.143592e+01,2.138788e+01,2.141533e+01,2.144278e+01,2.139474e+01,2.139474e+01,2.136041e+01,2.138101e+01,2.136041e+01,2.132607e+01,2.138101e+01,2.142220e+01,2.130546e+01,2.142906e+01,2.135355e+01,2.138788e+01,2.134668e+01,2.142220e+01,2.142220e+01,2.136728e+01,2.138788e+01,2.136041e+01,2.129172e+01,2.139474e+01,2.141533e+01,2.142220e+01,2.135355e+01,2.131233e+01,2.142220e+01,2.129172e+01,2.129859e+01,2.133981e+01,2.135355e+01,2.133981e+01,2.141533e+01,2.131233e+01,2.139474e+01,2.140161e+01,2.129859e+01,2.128485e+01,2.132607e+01,2.131920e+01,2.132607e+01,2.129859e+01,2.130546e+01,2.131920e+01,2.123674e+01,2.107848e+01,2.072669e+01,2.011677e+01,2.007505e+01,2.006810e+01,1.987316e+01,1.978950e+01,1.980345e+01,1.985225e+01,1.986619e+01,1.990103e+01,1.960800e+01,1.979647e+01,1.985225e+01,1.988013e+01,2.006114e+01,1.985225e+01,1.992193e+01,1.995675e+01,1.992193e+01,1.994979e+01,1.996371e+01,1.997764e+01,2.000548e+01,1.985922e+01,1.997764e+01,1.997764e+01,1.999852e+01,2.006810e+01,1.983831e+01,1.998460e+01,2.001940e+01,1.997068e+01,1.996371e+01,2.003332e+01,1.998460e+01,1.997764e+01,2.005419e+01,2.008201e+01,2.002636e+01,2.004027e+01,2.015153e+01,2.008201e+01,2.007505e+01,2.005419e+01,2.001940e+01,2.006810e+01,1.997068e+01,2.002636e+01,1.994283e+01,1.997764e+01,2.004723e+01,1.996371e+01,2.008896e+01,2.080267e+01,2.083028e+01,2.103716e+01,2.114044e+01,2.101649e+01,2.067831e+01,2.030430e+01,1.999156e+01,1.992193e+01,1.992193e+01,1.989407e+01,1.987316e+01,1.989407e+01,1.990800e+01,1.982437e+01,1.988710e+01,1.986619e+01,1.983831e+01,1.980345e+01,1.986619e+01,2.008201e+01,2.071978e+01,2.123674e+01,2.109225e+01,2.109225e+01,2.107160e+01,2.105782e+01,2.102338e+01,2.074742e+01,2.017932e+01,1.997764e+01,1.986619e+01,1.990103e+01,1.986619e+01,1.980345e+01,1.980345e+01,1.978950e+01,1.980345e+01,1.981740e+01,1.985225e+01,1.990103e+01,1.991496e+01,1.981042e+01,1.984528e+01,2.008201e+01,1.999156e+01,1.988013e+01,1.992890e+01,1.989407e+01,2.004027e+01,1.997764e+01,1.992193e+01,2.001940e+01,1.994283e+01,1.999852e+01,1.993586e+01,1.994283e+01,1.993586e+01,1.996371e+01,2.000548e+01,1.994283e+01,1.997764e+01,2.006114e+01,2.005419e+01,2.001940e+01,1.997764e+01,2.003332e+01,2.001940e+01,2.009591e+01,1.999852e+01,1.988710e+01,2.000548e+01,1.999156e+01,1.994979e+01,1.992890e+01,1.994283e+01,2.000548e+01,2.006114e+01,1.992193e+01,2.003332e+01,1.990103e+01,1.994283e+01,1.998460e+01,1.994979e+01,1.996371e+01,1.991496e+01,1.985922e+01,1.992890e+01,1.981042e+01,1.993586e+01,1.982437e+01,1.992193e+01,1.982437e+01,1.983134e+01,1.983831e+01,2.001940e+01,1.983134e+01,1.996371e+01,1.994979e+01,1.984528e+01,1.992890e+01,1.995675e+01,1.994979e+01,1.988013e+01,1.988013e+01,1.986619e+01,1.998460e+01,1.997068e+01,1.985225e+01,1.985922e+01,1.995675e+01,1.994283e+01,2.000548e+01,1.988710e+01,2.023489e+01,2.008201e+01,2.031124e+01,2.036673e+01,2.076814e+01,2.082338e+01,2.099582e+01,2.121611e+01,2.125048e+01,2.111291e+01,2.100271e+01,2.113355e+01,2.112667e+01,2.138101e+01,2.140161e+01,2.121611e+01,2.121611e+01,2.122298e+01,2.124361e+01,2.110602e+01,2.107848e+01,2.120235e+01,2.127110e+01,2.120923e+01,2.131920e+01,2.127798e+01,2.126423e+01,2.126423e+01,2.112667e+01,2.132607e+01,2.137415e+01,2.120923e+01,2.132607e+01,2.129859e+01,2.129859e+01,2.125048e+01,2.120923e+01,2.124361e+01,2.124361e+01,2.116108e+01,2.120923e+01,2.122298e+01,2.120235e+01,2.119548e+01,2.131920e+01,2.110602e+01,2.122986e+01,2.121611e+01,2.126423e+01,2.127798e+01,2.126423e+01,2.125736e+01,2.129172e+01,2.137415e+01,2.130546e+01,2.127798e+01,2.114732e+01,2.123674e+01,2.118860e+01,2.116108e+01,2.131233e+01,2.117484e+01,2.116108e+01,2.108537e+01,2.115420e+01,2.109914e+01,2.114732e+01,2.110602e+01,2.109914e+01,2.104405e+01,2.117484e+01,2.098893e+01,2.103027e+01,2.094067e+01,2.114732e+01,2.096825e+01,2.109225e+01,2.102338e+01,2.105094e+01,2.100960e+01,2.098203e+01,2.096825e+01,2.098203e+01,2.101649e+01,2.103716e+01,2.101649e+01,2.100271e+01,2.100271e+01,2.099582e+01,2.118860e+01,2.096825e+01,2.119548e+01,2.107848e+01,2.109225e+01,2.109225e+01,2.101649e+01,2.103027e+01,2.104405e+01,2.103027e+01,2.111979e+01,2.106471e+01,2.105782e+01,2.100271e+01,2.113355e+01,2.113355e+01,2.096135e+01,2.117484e+01,2.110602e+01,2.116108e+01,2.102338e+01
2.132607e+01,2.116108e+01,2.121611e+01,2.128485e+01,2.122986e+01,2.125048e+01,2.137415e+01,2.125048e+01,2.122986e+01,2.128485e+01,2.128485e+01,2.123674e+01,2.122986e+01,2.122986e+01,2.125048e+01,2.131920e+01,2.142906e+01,2.129859e+01,2.140161e+01,2.125048e+01,2.127798e+01,2.132607e+01,2.136041e+01,2.124361e+01,2.125048e+01,2.123674e+01,2.127798e+01,2.120923e+01,2.130546e+01,2.105094e+01,2.124361e+01,2.119548e+01,2.122298e+01,2.117484e+01,2.126423e+01,2.125736e+01,2.125048e+01,2.120923e+01,2.128485e+01,2.116796e+01,2.119548e+01,2.116108e+01,2.123674e+01,2.118860e+01,2.112667e+01,2.116796e+01,2.113355e+01,2.123674e+01,2.121611e+01,2.120923e+01,2.122298e+01,2.116796e+01,2.118172e+01,2.120923e+01,2.124361e+01,2.119548e+01,2.122986e+01,2.127110e+01,2.127798e+01,2.120923e+01,2.117484e+01,2.120923e+01,2.125048e+01,2.122986e+01,2.138101e+01,2.123674e+01,2.125736e+01,2.128485e+01,2.127798e+01,2.125048e+01,2.117484e+01,2.136728e+01,2.129172e+01,2.120923e+01,2.129859e+01,2.129172e+01,2.123674e+01,2.125048e+01,2.126423e+01,2.134668e+01,2.135355e+01,2.140847e+01,2.128485e+01,2.128485e+01,2.125048e+01,2.136728e+01,2.144964e+01,2.127798e+01,2.141533e+01,2.137415e+01,2.136728e+01,2.140847e+01,2.136041e+01,2.138101e+01,2.136728e+01,2.133294e+01,2.133981e+01,2.140847e+01,2.118172e+01,2.141533e+01,2.135355e+01,2.129172e+01,2.130546e+01,2.131920e+01,2.133294e+01,2.144278e+01,2.137415e+01,2.132607e+01,2.140161e+01,2.138101e+01,2.140161e+01,2.129172e+01,2.128485e+01,2.127798e+01,2.133294e+01,2.136728e+01,2.132607e+01,2.126423e+01,2.129172e+01,2.123674e+01,2.136041e+01,2.129859e+01,2.131233e+01,2.142220e+01,2.137415e+01,2.137415e+01,2.140161e+01,2.129859e+01,2.135355e+01,2.139474e+01,2.129859e+01,2.129172e+01,2.138788e+01,2.134668e+01,2.131233e+01,2.129172e+01,2.138101e+01,2.131920e+01,2.138101e+01,2.137415e+01,2.135355e+01,2.140161e+01,2.131233e+01,2.129859e+01,2.140161e+01,2.147022e+01,2.139474e+01,2.134668e+01,2.142906e+01,2.131920e+01,2.133981e+01,2.141533e+01,2.137415e+01,2.140161e+01,2.131233e+01,2.140161e+01,2.143592e+01,2.140847e+01,2.139474e+01,2.134668e+01,2.134668e+01,2.137415e+01,2.129859e+01,2.129859e+01,2.131920e+01,2.141533e+01,2.130546e+01,2.136041e+01,2.140161e+01,2.131233e+01,2.138101e+01,2.136041e+01,2.129859e+01,2.135355e+01,2.131920e+01,2.134668e+01,2.150451e+01,2.136728e+01,2.135355e+01,2.137415e+01,2.148394e+01,2.137415e+01,2.138788e+01,2.148394e+01,2.140847e+01,2.142220e+01,2.140161e+01,2.136728e+01,2.138788e+01,2.133981e+01,2.137415e+01,2.136728e+01,2.142220e+01,2.140847e+01,2.143592e+01,2.142220e+01,2.131920e+01,2.138101e+01,2.131233e+01,2.136728e+01,2.140161e+01,2.143592e+01,2.154565e+01,2.143592e+01,2.133294e+01,2.141533e+01,2.144278e+01,2.140847e+01,2.132607e+01,2.133294e+01,2.134668e+01,2.138788e+01,2.140161e+01,2.136041e+01,2.126423e+01,2.138101e+01,2.136728e+01,2.136728e+01,2.136041e+01,2.135355e+01,2.141533e+01,2.140161e+01,2.138101e+01,2.139474e+01,2.130546e+01,2.131920e+01,2.131920e+01,2.131920e+01,2.149080e+01,2.135355e+01,2.135355e+01,2.144278e+01,2.142220e+01,2.143592e+01,2.140161e+01,2.135355e+01,2.138788e+01,2.142220e+01,2.131920e+01,2.136041e+01,2.140847e+01,2.132607e+01,2.135355e+01,2.140847e+01,2.129859e+01,2.136728e+01,2.135355e+01,2.131920e+01,2.132607e+01,2.133981e+01,2.135355e+01,2.133981e+01,2.135355e+01,2.131920e+01,2.138788e+01,2.137415e+01,2.131233e+01,2.140161e+01,2.147708e+01,2.142906e+01,2.144964e+01,2.144278e+01,2.144964e+01,2.147022e+01,2.143592e+01,2.149766e+01,2.140847e+01,2.123674e+01,2.144278e+01,2.142220e+01,2.134668e+01,2.149080e+01,2.148394e+01,2.137415e+01,2.136041e+01,2.148394e+01,2.138101e+01,2.145650e+01,2.142906e+01,2.138788e+01,2.137415e+01,2.149080e+01,2.138101e+01,2.145650e+01,2.143592e+01,2.138101e+01,2.148394e+01,2.134668e+01,2.133981e+01,2.133294e+01,2.138788e+01,2.147022e+01,2.145650e+01,2.141533e+01,2.136728e+01,2.138101e+01,2.138788e+01,2.127798e+01,2.138788e+01,2.135355e+01,2.140847e+01,2.138788e+01,2.141533e+01,2.130546e+01,2.129172e+01,2.139474e+01,2.138101e+01,2.140161e+01,2.134668e+01,2.143592e+01,2.144278e+01,2.140847e+01,2.143592e+01,2.149766e+01,2.128485e+01,2.144964e+01,2.136041e+01,2.143592e+01,2.136728e+01,2.134668e+01,2.125736e+01,2.127798e+01,2.124361e+01,2.133981e+01,2.135355e+01,2.134668e+01,2.145650e+01,2.141533e+01,2.133294e+01,2.133981e+01,2.134668e+01,2.142220e+01,2.133294e+01,2.131920e+01,2.136728e+01,2.140847e+01,2.136041e+01,2.138788e+01,2.140161e+01,2.126423e+01,2.146336e+01,2.129859e+01,2.128485e+01,2.140847e+01,2.133294e+01,2.133294e+01,2.129172e+01,2.127798e+01,2.133294e+01,2.140847e+01,2.142906e+01,2.138788e+01,2.133294e+01,2.129172e+01,2.130546e+01,2.132607e+01,2.134668e+01,2.131233e+01,2.128485e+01,2.131233e+01,2.125048e+01,2.127110e+01,2.126423e+01,2.110602e+01,2.070596e+01,2.043605e+01,2.009591e+01,2.006810e+01,2.004723e+01,1.978253e+01,1.981042e+01,1.992890e+01,1.986619e+01,1.993586e+01,1.990800e+01,1.985922e+01,1.983134e+01,1.988013e+01,1.988710e+01,1.989407e+01,1.992193e+01,1.993586e+01,1.990800e+01,1.983831e+01,1.985922e+01,1.999156e+01,2.001244e+01,1.999156e+01,2.000548e+01,2.004723e+01,1.992890e+01,2.001244e+01,2.001244e+01,1.998460e+01,1.998460e+01,1.990800e+01,1.999156e+01,1.999852e+01,2.004027e+01,1.995675e+01,2.001244e+01,1.997764e+01,1.999156e+01,1.999156e+01,1.994979e+01,2.006810e+01,2.007505e+01,2.001940e+01,1.990800e+01,2.001244e+01,1.995675e+01,1.999156e+01,1.996371e+01,1.994283e+01,2.013068e+01,2.042219e+01,2.078886e+01,2.097514e+01,2.103716e+01,2.091308e+01,2.073360e+01,2.017932e+01,1.997764e+01,1.998460e+01,1.992193e+01,1.992193e+01,2.000548e+01,1.992193e+01,1.992890e+01,1.990800e+01,1.984528e+01,1.992890e+01,1.986619e+01,1.986619e+01,1.984528e+01,1.987316e+01,2.019321e+01,2.076814e+01,2.080267e+01,2.108537e+01,2.107848e+01,2.105094e+01,2.108537e+01,2.103716e+01,2.091998e+01,2.037366e+01,2.001244e+01,1.984528e+01,1.985922e+01,1.985225e+01,1.984528e+01,1.978253e+01,1.978253e+01,1.981042e+01,1.981042e+01,1.991496e+01,1.981740e+01,1.989407e+01,1.990103e+01,1.979647e+01,1.988710e+01,1.991496e+01,1.996371e+01,1.989407e+01,1.992193e+01,1.993586e+01,1.993586e+01,1.999156e+01,2.000548e+01,1.989407e+01,1.992890e+01,1.992193e+01,1.994283e+01,1.993586e+01,1.994283e+01,1.994979e+01,1.994979e+01,1.998460e+01,2.003332e+01,1.999156e+01,2.000548e+01,2.013068e+01,2.001244e+01,2.008896e+01,1.999156e+01,1.995675e+01,1.990103e+01,1.994979e+01,1.993586e+01,1.992193e+01,1.997764e+01,1.994283e+01,2.001940e+01,1.998460e+01,1.999852e+01,1.994283e+01,1.989407e+01,1.997068e+01,1.990800e+01,1.987316e+01,1.993586e+01,1.997764e+01,1.986619e+01,1.994979e+01,1.992193e+01,1.989407e+01,1.982437e+01,1.989407e+01,1.987316e+01,1.985225e+01,1.983134e+01,1.985225e+01,1.992193e+01,1.995675e+01,1.987316e+01,1.985225e+01,1.986619e+01,1.994979e+01,1.988710e+01,2.005419e+01,1.994283e+01,1.989407e+01,1.981740e+01,1.988710e+01,1.997068e+01,1.993586e+01,1.988710e+01,1.992193e+01,1.981740e+01,1.982437e+01,1.983831e+01,1.997764e+01,1.987316e+01,2.014458e+01,2.014458e+01,2.043605e+01,2.065065e+01,2.073360e+01,2.106471e+01,2.105094e+01,2.099582e+01,2.109225e+01,2.111291e+01,2.116108e+01,2.136728e+01,2.122298e+01,2.118172e+01,2.119548e+01,2.126423e+01,2.129172e+01,2.129172e+01,2.121611e+01,2.127110e+01,2.124361e+01,2.119548e+01,2.119548e+01,2.125048e+01,2.125736e+01,2.116108e+01,2.117484e+01,2.111291e+01,2.114732e+01,2.114044e+01,2.123674e+01,2.127110e+01,2.117484e+01,2.122298e+01,2.118860e+01,2.137415e+01,2.120235e+01,2.123674e+01,2.122298e+01,2.118860e+01,2.120923e+01,2.118172e+01,2.113355e+01,2.129859e+01,2.111291e+01,2.126423e+01,2.135355e+01,2.125048e+01,2.126423e+01,2.122298e+01,2.116796e+01,2.127110e+01,2.120923e+01,2.116796e+01,2.118860e+01,2.114044e+01,2.117484e+01,2.121611e+01,2.116796e+01,2.107848e+01,2.113355e+01,2.107848e+01,2.105094e+01,2.097514e+01,2.107160e+01,2.102338e+01,2.089239e+01,2.109914e+01,2.096825e+01,2.101649e+01,2.100960e+01,2.109225e+01,2.094757e+01,2.108537e+01,2.107848e+01,2.109914e+01,2.104405e+01,2.105094e+01,2.097514e+01,2.104405e+01,2.099582e+01,2.098203e+01,2.101649e+01,2.104405e+01,2.083028e+01,2.098893e+01,2.110602e+01,2.101649e+01,2.105782e+01,2.107160e+01,2.111291e+01,2.098893e+01,2.110602e+01,2.109914e+01,2.094757e+01,2.105094e+01,2.104405e+01,2.104405e+01,2.104405e+01,2.108537e+01,2.134668e+01,2.107848e+01,2.103716e+01,2.114044e+01,2.098203e+01,2.107160e+01,2.097514e+01
2.136728e+01,2.117484e+01,2.127798e+01,2.119548e+01,2.122986e+01,2.122986e+01,2.129859e+01,2.132607e+01,2.113355e+01,2.130546e+01,2.125736e+01,2.124361e+01,2.131233e+01,2.123674e+01,2.127798e+01,2.129172e+01,2.131233e+01,2.138788e+01,2.124361e+01,2.126423e+01,2.123674e+01,2.132607e+01,2.133294e+01,2.132607e+01,2.123674e+01,2.129172e+01,2.137415e+01,2.131920e+01,2.118172e+01,2.127798e+01,2.129859e+01,2.118860e+01,2.116108e+01,2.125048e+01,2.123674e+01,2.117484e+01,2.124361e+01,2.113355e+01,2.122298e+01,2.116108e+01,2.120235e+01,2.113355e+01,2.115420e+01,2.121611e+01,2.118860e+01,2.116108e+01,2.116108e+01,2.114044e+01,2.122986e+01,2.136041e+01,2.117484e+01,2.119548e+01,2.114044e+01,2.123674e+01,2.123674e+01,2.132607e+01,2.129172e+01,2.127110e+01,2.127798e+01,2.127798e+01,2.124361e+01,2.115420e+01,2.125048e+01,2.127110e+01,2.126423e+01,2.125048e+01,2.131233e+01,2.129172e+01,2.129859e+01,2.120923e+01,2.127798e+01,2.120923e+01,2.132607e+01,2.138101e+01,2.140847e+01,2.123674e+01,2.123674e+01,2.133294e+01,2.125048e+01,2.131920e+01,2.136728e+01,2.144278e+01,2.140161e+01,2.127110e+01,2.140161e+01,2.140847e+01,2.144964e+01,2.139474e+01,2.132607e+01,2.132607e+01,2.136728e+01,2.142906e+01,2.139474e+01,2.139474e+01,2.129859e+01,2.135355e+01,2.136728e+01,2.139474e+01,2.140847e+01,2.129172e+01,2.128485e+01,2.142906e+01,2.133294e+01,2.138788e+01,2.136041e+01,2.136041e+01,2.134668e+01,2.144278e+01,2.131920e+01,2.144964e+01,2.138788e+01,2.142220e+01,2.131920e+01,2.108537e+01,2.136728e+01,2.133294e+01,2.139474e+01,2.139474e+01,2.135355e+01,2.140161e+01,2.137415e+01,2.129859e+01,2.129859e+01,2.133294e+01,2.142906e+01,2.137415e+01,2.133294e+01,2.138788e+01,2.138788e+01,2.142906e+01,2.140161e+01,2.128485e+01,2.139474e+01,2.139474e+01,2.138788e+01,2.135355e+01,2.132607e+01,2.138788e+01,2.136041e+01,2.138101e+01,2.131233e+01,2.144964e+01,2.138788e+01,2.140161e+01,2.133294e+01,2.129172e+01,2.130546e+01,2.133981e+01,2.129859e+01,2.138788e+01,2.131920e+01,2.146336e+01,2.126423e+01,2.130546e+01,2.129859e+01,2.143592e+01,2.140847e+01,2.142220e+01,2.142220e+01,2.130546e+01,2.133981e+01,2.139474e+01,2.142220e+01,2.146336e+01,2.142906e+01,2.136041e+01,2.146336e+01,2.144278e+01,2.136728e+01,2.163472e+01,2.136041e+01,2.128485e+01,2.135355e+01,2.132607e+01,2.137415e+01,2.143592e+01,2.139474e+01,2.138788e+01,2.149766e+01,2.140161e+01,2.151137e+01,2.137415e+01,2.138101e+01,2.140847e+01,2.138101e+01,2.143592e+01,2.138788e+01,2.139474e+01,2.141533e+01,2.136041e+01,2.133294e+01,2.139474e+01,2.142906e+01,2.138101e+01,2.144964e+01,2.146336e+01,2.142220e+01,2.130546e+01,2.131233e+01,2.132607e+01,2.147022e+01,2.139474e+01,2.140847e+01,2.139474e+01,2.142906e+01,2.134668e+01,2.134668e+01,2.142220e+01,2.132607e+01,2.136728e+01,2.139474e+01,2.140161e+01,2.138788e+01,2.139474e+01,2.140847e+01,2.143592e+01,2.134668e+01,2.136728e+01,2.141533e+01,2.137415e+01,2.150451e+01,2.138788e+01,2.142220e+01,2.151137e+01,2.140847e+01,2.136041e+01,2.135355e+01,2.138101e+01,2.142220e+01,2.153880e+01,2.135355e+01,2.138101e+01,2.146336e+01,2.136041e+01,2.144278e+01,2.144964e+01,2.140847e+01,2.142220e+01,2.137415e+01,2.139474e+01,2.133981e+01,2.136041e+01,2.140161e+01,2.129859e+01,2.133981e+01,2.133981e+01,2.142220e+01,2.133981e+01,2.132607e+01,2.133981e+01,2.131920e+01,2.131920e+01,2.143592e+01,2.131920e+01,2.133294e+01,2.138788e+01,2.136041e+01,2.136728e+01,2.147022e+01,2.145650e+01,2.144278e+01,2.145650e+01,2.129859e+01,2.142906e+01,2.149080e+01,2.139474e+01,2.143592e+01,2.144278e+01,2.146336e+01,2.142220e+01,2.140847e+01,2.145650e+01,2.144278e+01,2.143592e+01,2.144278e+01,2.140847e+01,2.136728e+01,2.143592e+01,2.138788e+01,2.141533e+01,2.142906e+01,2.141533e+01,2.147708e+01,2.144964e+01,2.144964e+01,2.138788e+01,2.136728e+01,2.136728e+01,2.140161e+01,2.141533e+01,2.147708e+01,2.147708e+01,2.138788e+01,2.141533e+01,2.136728e+01,2.153880e+01,2.151137e+01,2.146336e+01,2.148394e+01,2.142220e+01,2.143592e+01,2.142220e+01,2.138101e+01,2.140161e+01,2.139474e+01,2.140161e+01,2.138788e+01,2.139474e+01,2.142906e+01,2.139474e+01,2.148394e+01,2.145650e+01,2.138788e+01,2.123674e+01,2.140847e+01,2.142220e+01,2.139474e+01,2.145650e+01,2.142906e+01,2.142906e+01,2.132607e+01,2.138788e+01,2.136041e+01,2.138101e+01,2.131920e+01,2.133981e+01,2.130546e+01,2.139474e+01,2.135355e+01,2.134668e+01,2.138101e+01,2.131920e+01,2.151823e+01,2.139474e+01,2.138788e+01,2.140161e+01,2.138101e+01,2.140847e+01,2.142906e+01,2.142906e+01,2.136728e+01,2.133294e+01,2.133294e+01,2.135355e+01,2.142906e+01,2.142220e+01,2.135355e+01,2.139474e+01,2.138788e+01,2.136041e+01,2.133981e+01,2.136728e+01,2.138788e+01,2.127798e+01,2.140161e+01,2.132607e+01,2.133294e+01,2.131233e+01,2.129859e+01,2.131233e+01,2.129172e+01,2.132607e+01,2.130546e+01,2.129172e+01,2.099582e+01,2.084409e+01,2.053995e+01,2.021405e+01,2.004027e+01,1.990800e+01,1.983831e+01,1.984528e+01,1.986619e+01,1.987316e+01,1.989407e+01,1.987316e+01,1.988013e+01,2.006810e+01,1.985922e+01,1.987316e+01,1.994283e+01,1.994979e+01,1.992890e+01,1.991496e+01,1.992193e+01,1.995675e+01,1.974067e+01,1.998460e+01,2.000548e+01,2.005419e+01,1.998460e+01,1.997068e+01,2.009591e+01,1.999852e+01,2.008201e+01,1.992193e+01,1.998460e+01,2.001244e+01,2.002636e+01,1.993586e+01,2.002636e+01,2.000548e+01,2.007505e+01,2.003332e+01,2.008896e+01,2.005419e+01,2.004723e+01,2.001244e+01,2.004723e+01,2.001244e+01,1.997068e+01,2.000548e+01,1.999852e+01,1.995675e+01,2.028348e+01,2.076814e+01,2.103716e+01,2.105094e+01,2.111291e+01,2.080957e+01,2.029042e+01,2.002636e+01,1.998460e+01,2.000548e+01,1.993586e+01,1.989407e+01,1.991496e+01,1.988710e+01,1.972671e+01,1.992890e+01,1.999852e+01,1.990103e+01,1.988710e+01,1.985922e+01,1.985225e+01,1.990800e+01,2.028348e+01,2.069213e+01,2.096135e+01,2.103027e+01,2.106471e+01,2.108537e+01,2.109225e+01,2.105094e+01,2.097514e+01,2.035980e+01,1.990103e+01,1.991496e+01,1.987316e+01,1.988013e+01,1.998460e+01,1.989407e+01,1.987316e+01,1.988013e+01,1.978950e+01,1.980345e+01,1.991496e+01,1.983134e+01,1.991496e+01,1.983831e+01,1.977555e+01,1.993586e+01,1.979647e+01,1.993586e+01,1.992193e+01,1.992193e+01,1.997068e+01,2.008896e+01,1.996371e+01,1.993586e+01,1.988710e+01,1.988710e+01,1.995675e+01,1.997068e+01,1.998460e+01,1.994283e+01,2.000548e+01,2.008896e+01,2.007505e+01,2.004027e+01,1.999852e+01,1.994283e+01,2.001940e+01,2.006114e+01,1.981740e+01,1.996371e+01,1.994283e+01,2.005419e+01,1.991496e+01,2.006810e+01,2.009591e+01,1.993586e+01,1.998460e+01,2.000548e+01,2.004027e+01,1.994283e+01,2.004027e+01,2.000548e+01,2.005419e+01,1.992890e+01,1.991496e+01,1.999852e+01,1.999156e+01,1.990800e+01,1.990800e+01,2.001244e+01,1.983134e+01,1.985225e+01,1.999156e+01,1.994979e+01,1.987316e+01,1.991496e+01,1.999156e+01,1.995675e+01,1.994283e+01,1.997068e+01,1.992193e+01,1.997764e+01,1.990103e+01,1.997068e+01,1.988013e+01,1.988013e+01,2.001940e+01,1.996371e+01,1.983134e+01,1.994979e+01,1.992193e+01,1.993586e+01,1.985922e+01,1.999852e+01,1.983134e+01,1.985225e+01,1.981740e+01,1.992193e+01,1.987316e+01,1.987316e+01,2.014458e+01,2.046377e+01,2.073360e+01,2.100271e+01,2.094757e+01,2.109914e+01,2.118172e+01,2.111979e+01,2.114732e+01,2.118860e+01,2.122298e+01,2.120235e+01,2.128485e+01,2.119548e+01,2.127798e+01,2.119548e+01,2.119548e+01,2.122986e+01,2.117484e+01,2.118172e+01,2.113355e+01,2.125736e+01,2.112667e+01,2.129172e+01,2.111979e+01,2.126423e+01,2.113355e+01,2.129859e+01,2.129859e+01,2.127110e+01,2.125048e+01,2.112667e+01,2.126423e+01,2.118172e+01,2.122298e+01,2.116796e+01,2.121611e+01,2.120923e+01,2.136041e+01,2.121611e+01,2.131233e+01,2.125048e+01,2.126423e+01,2.124361e+01,2.125048e+01,2.114732e+01,2.122986e+01,2.111979e+01,2.114044e+01,2.126423e+01,2.120235e+01,2.109914e+01,2.120235e+01,2.129859e+01,2.129172e+01,2.109914e+01,2.114732e+01,2.109914e+01,2.113355e+01,2.104405e+01,2.114732e+01,2.094067e+01,2.096135e+01,2.106471e+01,2.111979e+01,2.094757e+01,2.105782e+01,2.100271e+01,2.100271e+01,2.111291e+01,2.111291e+01,2.103716e+01,2.109914e+01,2.098893e+01,2.103027e+01,2.096825e+01,2.097514e+01,2.096135e+01,2.110602e+01,2.114732e+01,2.109914e+01,2.109914e+01,2.105094e+01,2.102338e+01,2.102338e+01,2.116108e+01,2.100960e+01,2.115420e+01,2.103716e+01,2.119548e+01,2.116108e+01,2.114732e+01,2.111979e+01,2.107848e+01,2.109225e+01,2.105094e+01,2.111979e+01,2.112667e+01,2.107848e+01,2.105782e+01,2.110602e+01,2.105782e+01,2.105094e+01,2.125048e+01
2.126423e+01,2.128485e+01,2.130546e+01,2.120923e+01,2.127798e+01,2.124361e+01,2.128485e+01,2.128485e+01,2.129172e+01,2.128485e+01,2.129172e+01,2.127110e+01,2.132607e+01,2.126423e+01,2.127110e+01,2.130546e+01,2.129859e+01,2.135355e+01,2.131233e+01,2.122986e+01,2.120235e+01,2.127110e+01,2.127110e+01,2.131920e+01,2.127798e+01,2.129859e+01,2.117484e+01,2.131233e+01,2.145650e+01,2.118860e+01,2.132607e+01,2.118860e+01,2.116108e+01,2.138101e+01,2.127110e+01,2.123674e+01,2.123674e+01,2.123674e+01,2.123674e+01,2.117484e+01,2.121611e+01,2.131233e+01,2.118172e+01,2.128485e+01,2.120923e+01,2.120923e+01,2.121611e+01,2.120923e+01,2.115420e+01,2.120235e+01,2.121611e+01,2.122986e+01,2.121611e+01,2.118172e+01,2.138788e+01,2.127798e+01,2.123674e+01,2.119548e+01,2.121611e+01,2.120923e+01,2.122298e+01,2.128485e+01,2.132607e+01,2.125048e+01,2.127798e+01,2.125736e+01,2.127110e+01,2.127110e+01,2.122986e+01,2.128485e+01,2.127798e+01,2.132607e+01,2.137415e+01,2.131920e+01,2.140161e+01,2.122986e+01,2.122986e+01,2.124361e+01,2.130546e+01,2.123674e+01,2.140161e+01,2.129859e+01,2.125048e+01,2.135355e+01,2.127110e+01,2.127110e+01,2.132607e+01,2.133981e+01,2.136041e+01,2.141533e+01,2.136041e+01,2.131920e+01,2.136041e+01,2.134668e+01,2.134668e+01,2.132607e+01,2.131920e+01,2.127798e+01,2.131920e+01,2.131233e+01,2.129859e+01,2.131920e+01,2.133981e+01,2.129859e+01,2.146336e+01,2.136041e+01,2.138101e+01,2.136041e+01,2.136041e+01,2.145650e+01,2.143592e+01,2.153194e+01,2.142906e+01,2.128485e+01,2.129859e+01,2.136041e+01,2.138101e+01,2.138101e+01,2.139474e+01,2.140161e+01,2.129172e+01,2.129172e+01,2.131920e+01,2.127798e+01,2.130546e+01,2.128485e+01,2.136728e+01,2.131233e+01,2.133981e+01,2.139474e+01,2.138101e+01,2.132607e+01,2.128485e+01,2.135355e+01,2.127798e+01,2.130546e+01,2.129859e+01,2.139474e+01,2.140161e+01,2.137415e+01,2.135355e+01,2.137415e+01,2.138101e+01,2.129859e+01,2.142220e+01,2.139474e+01,2.135355e+01,2.150451e+01,2.146336e+01,2.130546e+01,2.132607e+01,2.162787e+01,2.133981e+01,2.145650e+01,2.137415e+01,2.130546e+01,2.144278e+01,2.145650e+01,2.149766e+01,2.140847e+01,2.141533e+01,2.132607e+01,2.138788e+01,2.142220e+01,2.140847e+01,2.150451e+01,2.137415e+01,2.136041e+01,2.145650e+01,2.139474e+01,2.131920e+01,2.131233e+01,2.133981e+01,2.136728e+01,2.141533e+01,2.148394e+01,2.136728e+01,2.138101e+01,2.138101e+01,2.148394e+01,2.141533e+01,2.138101e+01,2.139474e+01,2.145650e+01,2.140161e+01,2.137415e+01,2.143592e+01,2.140847e+01,2.138788e+01,2.138788e+01,2.136041e+01,2.139474e+01,2.133981e+01,2.140847e+01,2.139474e+01,2.142220e+01,2.148394e+01,2.134668e+01,2.140161e+01,2.129172e+01,2.129859e+01,2.142220e+01,2.133294e+01,2.142906e+01,2.147022e+01,2.144964e+01,2.143592e+01,2.131920e+01,2.142220e+01,2.140161e+01,2.140847e+01,2.140847e+01,2.139474e+01,2.142906e+01,2.140161e+01,2.142220e+01,2.141533e+01,2.136041e+01,2.147022e+01,2.133294e+01,2.136728e+01,2.140847e+01,2.140161e+01,2.137415e+01,2.145650e+01,2.133981e+01,2.138101e+01,2.146336e+01,2.142906e+01,2.136041e+01,2.150451e+01,2.136041e+01,2.131920e+01,2.140161e+01,2.140847e+01,2.141533e+01,2.141533e+01,2.140847e+01,2.137415e+01,2.137415e+01,2.133981e+01,2.136728e+01,2.139474e+01,2.133294e+01,2.142220e+01,2.142906e+01,2.137415e+01,2.131233e+01,2.133294e+01,2.140847e+01,2.137415e+01,2.131233e+01,2.142906e+01,2.137415e+01,2.137415e+01,2.142220e+01,2.134668e+01,2.147022e+01,2.143592e+01,2.143592e+01,2.144278e+01,2.139474e+01,2.131920e+01,2.147022e+01,2.133981e+01,2.149080e+01,2.137415e+01,2.135355e+01,2.151137e+01,2.138101e+01,2.144964e+01,2.146336e+01,2.147708e+01,2.127110e+01,2.137415e+01,2.133981e+01,2.136728e+01,2.147022e+01,2.141533e+01,2.141533e+01,2.139474e+01,2.146336e+01,2.142906e+01,2.139474e+01,2.138101e+01,2.138788e+01,2.134668e+01,2.133981e+01,2.140161e+01,2.144964e+01,2.144278e+01,2.147708e+01,2.149080e+01,2.128485e+01,2.136041e+01,2.136041e+01,2.133981e+01,2.136728e+01,2.143592e+01,2.144278e+01,2.140847e+01,2.136728e+01,2.132607e+01,2.137415e+01,2.139474e+01,2.138788e+01,2.141533e+01,2.138788e+01,2.140847e+01,2.137415e+01,2.145650e+01,2.138101e+01,2.141533e+01,2.156621e+01,2.130546e+01,2.144278e+01,2.142906e+01,2.135355e+01,2.142906e+01,2.138101e+01,2.138101e+01,2.140847e+01,2.128485e+01,2.138101e+01,2.129859e+01,2.142906e+01,2.136728e+01,2.145650e+01,2.144278e+01,2.139474e+01,2.134668e+01,2.144278e+01,2.132607e+01,2.138788e+01,2.136041e+01,2.139474e+01,2.138788e+01,2.147022e+01,2.129859e+01,2.140847e+01,2.139474e+01,2.141533e+01,2.132607e+01,2.140847e+01,2.133981e+01,2.134668e+01,2.133294e+01,2.144964e+01,2.133294e+01,2.136041e+01,2.136728e+01,2.139474e+01,2.135355e+01,2.133981e+01,2.142220e+01,2.133294e+01,2.136041e+01,2.134668e+01,2.131920e+01,2.128485e+01,2.129172e+01,2.122298e+01,2.131233e+01,2.136728e+01,2.127798e+01,2.125736e+01,2.085789e+01,2.069905e+01,2.044991e+01,2.027654e+01,1.999852e+01,1.988013e+01,1.985922e+01,1.992890e+01,1.993586e+01,1.994283e+01,1.986619e+01,1.987316e+01,1.987316e+01,1.987316e+01,1.989407e+01,1.991496e+01,1.994283e+01,1.997068e+01,1.998460e+01,1.999156e+01,1.999156e+01,1.992193e+01,1.999156e+01,1.996371e+01,1.996371e+01,1.996371e+01,1.996371e+01,1.994979e+01,1.997068e+01,1.994283e+01,1.996371e+01,1.997068e+01,1.998460e+01,2.002636e+01,1.996371e+01,2.005419e+01,2.014458e+01,2.013068e+01,2.010287e+01,1.999156e+01,1.994283e+01,2.002636e+01,2.006810e+01,2.005419e+01,2.005419e+01,1.998460e+01,2.001940e+01,2.006810e+01,2.039447e+01,2.101649e+01,2.087859e+01,2.087859e+01,2.089929e+01,2.032512e+01,2.017237e+01,2.000548e+01,2.004027e+01,2.001244e+01,2.000548e+01,1.990103e+01,1.988013e+01,1.986619e+01,1.992890e+01,1.990103e+01,1.988710e+01,1.985922e+01,1.987316e+01,1.985225e+01,1.973369e+01,1.988710e+01,1.999156e+01,2.042219e+01,2.056763e+01,2.075432e+01,2.093377e+01,2.100271e+01,2.107160e+01,2.099582e+01,2.096135e+01,2.058148e+01,2.011677e+01,2.001244e+01,1.995675e+01,1.985225e+01,1.987316e+01,1.989407e+01,1.984528e+01,1.987316e+01,1.990103e+01,1.992890e+01,1.997068e+01,1.985922e+01,1.978253e+01,1.992193e+01,1.990103e+01,1.988013e+01,1.992193e+01,1.998460e+01,1.997068e+01,1.994979e+01,1.999852e+01,1.992890e+01,1.990103e+01,1.985225e+01,1.997764e+01,1.992890e+01,1.992890e+01,1.995675e+01,1.992890e+01,2.000548e+01,2.003332e+01,1.994979e+01,2.002636e+01,2.004027e+01,2.000548e+01,1.995675e+01,2.010287e+01,1.992890e+01,2.002636e+01,1.992890e+01,2.000548e+01,1.989407e+01,1.992890e+01,2.007505e+01,1.995675e+01,1.993586e+01,1.994979e+01,1.988710e+01,2.002636e+01,2.005419e+01,2.003332e+01,2.001244e+01,1.991496e+01,1.997068e+01,1.998460e+01,2.004723e+01,1.997068e+01,2.005419e+01,2.001940e+01,1.987316e+01,1.997068e+01,1.995675e+01,1.997764e+01,1.999156e+01,1.982437e+01,1.996371e+01,1.994979e+01,1.999156e+01,1.999156e+01,1.995675e+01,1.994979e+01,1.997068e+01,1.994979e+01,1.999852e+01,1.995675e+01,1.991496e+01,1.992193e+01,1.987316e+01,1.989407e+01,1.992193e+01,1.986619e+01,1.984528e+01,1.992193e+01,1.994979e+01,1.982437e+01,1.985922e+01,1.989407e+01,1.984528e+01,1.985922e+01,1.990103e+01,1.990103e+01,1.988710e+01,2.024877e+01,2.043605e+01,2.100271e+01,2.085789e+01,2.103027e+01,2.112667e+01,2.114044e+01,2.113355e+01,2.116796e+01,2.119548e+01,2.117484e+01,2.120923e+01,2.117484e+01,2.122986e+01,2.119548e+01,2.118172e+01,2.118860e+01,2.116796e+01,2.128485e+01,2.124361e+01,2.119548e+01,2.116108e+01,2.125736e+01,2.118172e+01,2.129859e+01,2.114044e+01,2.121611e+01,2.116108e+01,2.129859e+01,2.121611e+01,2.131233e+01,2.120923e+01,2.125048e+01,2.118172e+01,2.121611e+01,2.120923e+01,2.116108e+01,2.125736e+01,2.114732e+01,2.103716e+01,2.110602e+01,2.122298e+01,2.116796e+01,2.116108e+01,2.120235e+01,2.122298e+01,2.123674e+01,2.120235e+01,2.122298e+01,2.115420e+01,2.116108e+01,2.109914e+01,2.123674e+01,2.105782e+01,2.107160e+01,2.111291e+01,2.131233e+01,2.099582e+01,2.105094e+01,2.105094e+01,2.105782e+01,2.132607e+01,2.105782e+01,2.111291e+01,2.102338e+01,2.100960e+01,2.112667e+01,2.107160e+01,2.085099e+01,2.110602e+01,2.105094e+01,2.102338e+01,2.100960e+01,2.096135e+01,2.098203e+01,2.099582e+01,2.098893e+01,2.111979e+01,2.099582e+01,2.105782e+01,2.102338e+01,2.102338e+01,2.099582e+01,2.109914e+01,2.101649e+01,2.102338e+01,2.119548e+01,2.098203e+01,2.098893e+01,2.114044e+01,2.104405e+01,2.095446e+01,2.105782e+01,2.107848e+01,2.105782e+01,2.111979e+01,2.109914e+01,2.098893e+01,2.103027e+01,2.103027e+01,2.104405e+01,2.118860e+01
2.125048e+01,2.125736e+01,2.125736e+01,2.116796e+01,2.105782e+01,2.138788e+01,2.129172e+01,2.130546e+01,2.128485e+01,2.126423e+01,2.125048e+01,2.122298e+01,2.131920e+01,2.133294e+01,2.126423e+01,2.129859e+01,2.131233e+01,2.126423e+01,2.131233e+01,2.130546e+01,2.120235e+01,2.116796e+01,2.123674e+01,2.126423e+01,2.121611e+01,2.127110e+01,2.116108e+01,2.137415e+01,2.121611e+01,2.097514e+01,2.114732e+01,2.113355e+01,2.116108e+01,2.119548e+01,2.115420e+01,2.125736e+01,2.132607e+01,2.119548e+01,2.118860e+01,2.125736e+01,2.116796e+01,2.119548e+01,2.122986e+01,2.119548e+01,2.122986e+01,2.119548e+01,2.111979e+01,2.116108e+01,2.118172e+01,2.122298e+01,2.120235e+01,2.123674e+01,2.126423e+01,2.117484e+01,2.116108e+01,2.116108e+01,2.123674e+01,2.123674e+01,2.116108e+01,2.115420e+01,2.133294e+01,2.127798e+01,2.131920e+01,2.127798e+01,2.128485e+01,2.125736e+01,2.124361e+01,2.129172e+01,2.126423e+01,2.128485e+01,2.128485e+01,2.131920e+01,2.129859e+01,2.125736e+01,2.129172e+01,2.127798e+01,2.122986e+01,2.122986e+01,2.136041e+01,2.125736e+01,2.136728e+01,2.133981e+01,2.132607e+01,2.143592e+01,2.128485e+01,2.127798e+01,2.134668e+01,2.138101e+01,2.147022e+01,2.127798e+01,2.134668e+01,2.136728e+01,2.132607e+01,2.129172e+01,2.132607e+01,2.148394e+01,2.131920e+01,2.130546e+01,2.131920e+01,2.133981e+01,2.136728e+01,2.138788e+01,2.131920e+01,2.120235e+01,2.124361e+01,2.133294e+01,2.135355e+01,2.133981e+01,2.135355e+01,2.133981e+01,2.140847e+01,2.143592e+01,2.126423e+01,2.130546e+01,2.130546e+01,2.136041e+01,2.131920e+01,2.139474e+01,2.139474e+01,2.127110e+01,2.139474e+01,2.129172e+01,2.128485e+01,2.131920e+01,2.131920e+01,2.135355e+01,2.135355e+01,2.142906e+01,2.133294e+01,2.135355e+01,2.120235e+01,2.136728e+01,2.139474e+01,2.125048e+01,2.136728e+01,2.133981e+01,2.136728e+01,2.136041e+01,2.129859e+01,2.129859e+01,2.138101e+01,2.140161e+01,2.140161e+01,2.133981e+01,2.130546e+01,2.138788e+01,2.131233e+01,2.129859e+01,2.133981e+01,2.132607e+01,2.138101e+01,2.142220e+01,2.140847e+01,2.136728e+01,2.126423e+01,2.127110e+01,2.144278e+01,2.143592e+01,2.142906e+01,2.109914e+01,2.136728e+01,2.133981e+01,2.144964e+01,2.136041e+01,2.136728e+01,2.140161e+01,2.132607e+01,2.133981e+01,2.136041e+01,2.137415e+01,2.136041e+01,2.129859e+01,2.136728e+01,2.136041e+01,2.139474e+01,2.146336e+01,2.140161e+01,2.136728e+01,2.140161e+01,2.138788e+01,2.140847e+01,2.135355e+01,2.131920e+01,2.136728e+01,2.131920e+01,2.141533e+01,2.146336e+01,2.138788e+01,2.138788e+01,2.139474e+01,2.139474e+01,2.132607e+01,2.133294e+01,2.147708e+01,2.141533e+01,2.141533e+01,2.137415e+01,2.129859e+01,2.135355e+01,2.132607e+01,2.131920e+01,2.132607e+01,2.133981e+01,2.143592e+01,2.134668e+01,2.136041e+01,2.136728e+01,2.138101e+01,2.136041e+01,2.140161e+01,2.144278e+01,2.136041e+01,2.140847e+01,2.138101e+01,2.138101e+01,2.136728e+01,2.132607e+01,2.133294e+01,2.145650e+01,2.138101e+01,2.138101e+01,2.135355e+01,2.138788e+01,2.133294e+01,2.141533e+01,2.134668e+01,2.136041e+01,2.136728e+01,2.136728e+01,2.138788e+01,2.138101e+01,2.133294e+01,2.134668e+01,2.146336e+01,2.142906e+01,2.138101e+01,2.142220e+01,2.137415e+01,2.136041e+01,2.138101e+01,2.129859e+01,2.144278e+01,2.143592e+01,2.141533e+01,2.144278e+01,2.138788e+01,2.136041e+01,2.138788e+01,2.140161e+01,2.143592e+01,2.137415e+01,2.133981e+01,2.140847e+01,2.134668e+01,2.138788e+01,2.140847e+01,2.137415e+01,2.149080e+01,2.132607e+01,2.135355e+01,2.138788e+01,2.146336e+01,2.148394e+01,2.147708e+01,2.134668e+01,2.147022e+01,2.134668e+01,2.147708e+01,2.143592e+01,2.126423e+01,2.125736e+01,2.144278e+01,2.146336e+01,2.142906e+01,2.143592e+01,2.146336e+01,2.137415e+01,2.138101e+01,2.138788e+01,2.141533e+01,2.133294e+01,2.144278e+01,2.136041e+01,2.140161e+01,2.140847e+01,2.142906e+01,2.137415e+01,2.138101e+01,2.142220e+01,2.141533e+01,2.144964e+01,2.144278e+01,2.133294e+01,2.130546e+01,2.136041e+01,2.135355e+01,2.136728e+01,2.136728e+01,2.136041e+01,2.142906e+01,2.142220e+01,2.138101e+01,2.130546e+01,2.138101e+01,2.139474e+01,2.141533e+01,2.140847e+01,2.138788e+01,2.139474e+01,2.136041e+01,2.140847e+01,2.136041e+01,2.142220e+01,2.136728e+01,2.144278e+01,2.136728e+01,2.144278e+01,2.140161e+01,2.137415e+01,2.138788e+01,2.141533e+01,2.136728e+01,2.136728e+01,2.128485e+01,2.140847e+01,2.138101e+01,2.138101e+01,2.131233e+01,2.139474e+01,2.136728e+01,2.142906e+01,2.147708e+01,2.138101e+01,2.131233e+01,2.147708e+01,2.150451e+01,2.135355e+01,2.146336e+01,2.138788e+01,2.133981e+01,2.135355e+01,2.131920e+01,2.137415e+01,2.133981e+01,2.133981e+01,2.133294e+01,2.138101e+01,2.136041e+01,2.136728e+01,2.134668e+01,2.131233e+01,2.138788e+01,2.136041e+01,2.135355e+01,2.129859e+01,2.138101e+01,2.133981e+01,2.134668e+01,2.134668e+01,2.133294e+01,2.131920e+01,2.127110e+01,2.133294e+01,2.127110e+01,2.127110e+01,2.144964e+01,2.122298e+01,2.116796e+01,2.074051e+01,2.042912e+01,2.026960e+01,2.003332e+01,1.999852e+01,1.988710e+01,1.989407e+01,1.996371e+01,1.987316e+01,1.988013e+01,1.986619e+01,1.987316e+01,1.990800e+01,1.991496e+01,1.990103e+01,1.996371e+01,1.995675e+01,1.997068e+01,1.990103e+01,1.989407e+01,1.990103e+01,1.992890e+01,1.991496e+01,1.997068e+01,1.994283e+01,1.996371e+01,1.997068e+01,1.991496e+01,2.014458e+01,2.003332e+01,1.999852e+01,1.999156e+01,1.997764e+01,2.010982e+01,2.005419e+01,2.014458e+01,2.004027e+01,2.003332e+01,2.006114e+01,2.005419e+01,2.006114e+01,2.000548e+01,2.002636e+01,1.997068e+01,2.008201e+01,2.011677e+01,2.069905e+01,2.088549e+01,2.100960e+01,2.094757e+01,2.074051e+01,2.015153e+01,1.994283e+01,1.986619e+01,1.992193e+01,2.004723e+01,1.992890e+01,1.995675e+01,1.989407e+01,1.989407e+01,1.990103e+01,1.985922e+01,1.969879e+01,1.989407e+01,1.978950e+01,1.988013e+01,1.986619e+01,1.987316e+01,1.976858e+01,1.994979e+01,2.009591e+01,2.035980e+01,2.056763e+01,2.076814e+01,2.106471e+01,2.098893e+01,2.077505e+01,2.058840e+01,2.011677e+01,2.011677e+01,1.994283e+01,1.990800e+01,1.996371e+01,1.990103e+01,1.989407e+01,1.977555e+01,1.988710e+01,1.992890e+01,1.994979e+01,1.995675e+01,1.994979e+01,1.995675e+01,1.993586e+01,1.992193e+01,1.992890e+01,1.981740e+01,1.999852e+01,1.999852e+01,1.997068e+01,2.005419e+01,2.005419e+01,2.006810e+01,1.989407e+01,2.002636e+01,1.990800e+01,1.991496e+01,2.001244e+01,2.003332e+01,2.001244e+01,2.002636e+01,2.004027e+01,2.001244e+01,1.999156e+01,2.002636e+01,1.995675e+01,2.001244e+01,1.993586e+01,1.983831e+01,1.997068e+01,1.993586e+01,2.000548e+01,1.993586e+01,1.992890e+01,2.004027e+01,2.001244e+01,1.990103e+01,1.990103e+01,1.988710e+01,1.997068e+01,1.996371e+01,1.994283e+01,2.001244e+01,1.992193e+01,1.990103e+01,2.002636e+01,1.999852e+01,1.988710e+01,1.998460e+01,1.998460e+01,1.997068e+01,1.992193e+01,1.998460e+01,1.996371e+01,1.998460e+01,1.983134e+01,1.994283e+01,1.993586e+01,1.993586e+01,1.994979e+01,1.990800e+01,1.994979e+01,2.002636e+01,1.993586e+01,1.992890e+01,1.996371e+01,1.989407e+01,1.996371e+01,1.978253e+01,1.985922e+01,1.983831e+01,1.983831e+01,1.985922e+01,1.988710e+01,1.985922e+01,1.983831e+01,1.981740e+01,1.983134e+01,1.983831e+01,1.985922e+01,2.000548e+01,1.989407e+01,1.986619e+01,2.008201e+01,2.042219e+01,2.053303e+01,2.093377e+01,2.111979e+01,2.113355e+01,2.116108e+01,2.115420e+01,2.121611e+01,2.117484e+01,2.122986e+01,2.120923e+01,2.117484e+01,2.124361e+01,2.118860e+01,2.127798e+01,2.118172e+01,2.124361e+01,2.127798e+01,2.118860e+01,2.127110e+01,2.122298e+01,2.121611e+01,2.117484e+01,2.124361e+01,2.117484e+01,2.128485e+01,2.114732e+01,2.127110e+01,2.118172e+01,2.127110e+01,2.122298e+01,2.121611e+01,2.121611e+01,2.129172e+01,2.134668e+01,2.117484e+01,2.118172e+01,2.103716e+01,2.113355e+01,2.116796e+01,2.119548e+01,2.117484e+01,2.120235e+01,2.118860e+01,2.117484e+01,2.125736e+01,2.110602e+01,2.118860e+01,2.110602e+01,2.105782e+01,2.103716e+01,2.105094e+01,2.105094e+01,2.105782e+01,2.111291e+01,2.102338e+01,2.113355e+01,2.106471e+01,2.107848e+01,2.108537e+01,2.110602e+01,2.098203e+01,2.102338e+01,2.098203e+01,2.100271e+01,2.106471e+01,2.099582e+01,2.103716e+01,2.103027e+01,2.107160e+01,2.105782e+01,2.097514e+01,2.105094e+01,2.102338e+01,2.103027e+01,2.103027e+01,2.110602e+01,2.114044e+01,2.101649e+01,2.097514e+01,2.105782e+01,2.103716e+01,2.100960e+01,2.101649e+01,2.100960e+01,2.106471e+01,2.098893e+01,2.102338e+01,2.114732e+01,2.105094e+01,2.110602e+01,2.105094e+01,2.110602e+01,2.107160e+01,2.112667e+01,2.114732e+01,2.103716e+01,2.103027e+01,2.105094e+01
2.127110e+01,2.124361e+01,2.120235e+01,2.115420e+01,2.116796e+01,2.124361e+01,2.125048e+01,2.115420e+01,2.118860e+01,2.131233e+01,2.125048e+01,2.123674e+01,2.121611e+01,2.126423e+01,2.133981e+01,2.129172e+01,2.125736e+01,2.138788e+01,2.131920e+01,2.127798e+01,2.112667e+01,2.118860e+01,2.125048e+01,2.118172e+01,2.115420e+01,2.126423e+01,2.111979e+01,2.136041e+01,2.122986e+01,2.120235e+01,2.125736e+01,2.118860e+01,2.129172e+01,2.112667e+01,2.114732e+01,2.126423e+01,2.130546e+01,2.122298e+01,2.116796e+01,2.117484e+01,2.115420e+01,2.127110e+01,2.121611e+01,2.110602e+01,2.122986e+01,2.117484e+01,2.111979e+01,2.116796e+01,2.118860e+01,2.118860e+01,2.118172e+01,2.116796e+01,2.129859e+01,2.111291e+01,2.113355e+01,2.113355e+01,2.114732e+01,2.125736e+01,2.124361e+01,2.116796e+01,2.124361e+01,2.128485e+01,2.128485e+01,2.126423e+01,2.129172e+01,2.129859e+01,2.130546e+01,2.123674e+01,2.125736e+01,2.125736e+01,2.123674e+01,2.121611e+01,2.122298e+01,2.121611e+01,2.125048e+01,2.127110e+01,2.122986e+01,2.122298e+01,2.120923e+01,2.122986e+01,2.127798e+01,2.128485e+01,2.127798e+01,2.142220e+01,2.140161e+01,2.138788e+01,2.136728e+01,2.131233e+01,2.130546e+01,2.137415e+01,2.136041e+01,2.132607e+01,2.141533e+01,2.139474e+01,2.134668e+01,2.127798e+01,2.136728e+01,2.129859e+01,2.131233e+01,2.130546e+01,2.128485e+01,2.129859e+01,2.153880e+01,2.125048e+01,2.147022e+01,2.140161e+01,2.142906e+01,2.144278e+01,2.140161e+01,2.136041e+01,2.131233e+01,2.140161e+01,2.127110e+01,2.127798e+01,2.133981e+01,2.130546e+01,2.134668e+01,2.135355e+01,2.138788e+01,2.129859e+01,2.129172e+01,2.127110e+01,2.139474e+01,2.126423e+01,2.127798e+01,2.131233e+01,2.125736e+01,2.131920e+01,2.134668e+01,2.133294e+01,2.136041e+01,2.140161e+01,2.138788e+01,2.127110e+01,2.139474e+01,2.142906e+01,2.134668e+01,2.129172e+01,2.131233e+01,2.134668e+01,2.129859e+01,2.133294e+01,2.131920e+01,2.136728e+01,2.137415e+01,2.135355e+01,2.138101e+01,2.138101e+01,2.144278e+01,2.144278e+01,2.134668e+01,2.146336e+01,2.142220e+01,2.142220e+01,2.140161e+01,2.142906e+01,2.141533e+01,2.144964e+01,2.142906e+01,2.139474e+01,2.139474e+01,2.135355e+01,2.143592e+01,2.144964e+01,2.137415e+01,2.147708e+01,2.135355e+01,2.136728e+01,2.133981e+01,2.133981e+01,2.136728e+01,2.138101e+01,2.135355e+01,2.138788e+01,2.138101e+01,2.138788e+01,2.147708e+01,2.138788e+01,2.141533e+01,2.135355e+01,2.136728e+01,2.143592e+01,2.133294e+01,2.125736e+01,2.139474e+01,2.135355e+01,2.144964e+01,2.136041e+01,2.142906e+01,2.140161e+01,2.138101e+01,2.136728e+01,2.141533e+01,2.138101e+01,2.144278e+01,2.142220e+01,2.144964e+01,2.148394e+01,2.136041e+01,2.131233e+01,2.131920e+01,2.133981e+01,2.133294e+01,2.142906e+01,2.142906e+01,2.143592e+01,2.139474e+01,2.140847e+01,2.142906e+01,2.139474e+01,2.143592e+01,2.136728e+01,2.137415e+01,2.138788e+01,2.137415e+01,2.139474e+01,2.141533e+01,2.134668e+01,2.135355e+01,2.134668e+01,2.134668e+01,2.133294e+01,2.137415e+01,2.137415e+01,2.135355e+01,2.133294e+01,2.139474e+01,2.140161e+01,2.138788e+01,2.135355e+01,2.149766e+01,2.132607e+01,2.141533e+01,2.132607e+01,2.138788e+01,2.140161e+01,2.140847e+01,2.141533e+01,2.141533e+01,2.154565e+01,2.136041e+01,2.140847e+01,2.138101e+01,2.135355e+01,2.140161e+01,2.141533e+01,2.139474e+01,2.136041e+01,2.138788e+01,2.131920e+01,2.136041e+01,2.132607e+01,2.134668e+01,2.133294e+01,2.134668e+01,2.142220e+01,2.132607e+01,2.134668e+01,2.134668e+01,2.132607e+01,2.145650e+01,2.144964e+01,2.144964e+01,2.146336e+01,2.147022e+01,2.148394e+01,2.148394e+01,2.149766e+01,2.140847e+01,2.133981e+01,2.131233e+01,2.139474e+01,2.138788e+01,2.146336e+01,2.138788e+01,2.147022e+01,2.143592e+01,2.139474e+01,2.139474e+01,2.142906e+01,2.149080e+01,2.149080e+01,2.139474e+01,2.138788e+01,2.143592e+01,2.138788e+01,2.140847e+01,2.137415e+01,2.137415e+01,2.135355e+01,2.152508e+01,2.147708e+01,2.142906e+01,2.146336e+01,2.133981e+01,2.135355e+01,2.138788e+01,2.138788e+01,2.142906e+01,2.138101e+01,2.142906e+01,2.141533e+01,2.124361e+01,2.139474e+01,2.138101e+01,2.139474e+01,2.141533e+01,2.139474e+01,2.138101e+01,2.139474e+01,2.141533e+01,2.137415e+01,2.140847e+01,2.140161e+01,2.135355e+01,2.134668e+01,2.136041e+01,2.136728e+01,2.139474e+01,2.141533e+01,2.142220e+01,2.139474e+01,2.144278e+01,2.133981e+01,2.142220e+01,2.133294e+01,2.130546e+01,2.140847e+01,2.140847e+01,2.130546e+01,2.135355e+01,2.131233e+01,2.137415e+01,2.138788e+01,2.140847e+01,2.138101e+01,2.138101e+01,2.134668e+01,2.138788e+01,2.136728e+01,2.140161e+01,2.142906e+01,2.131233e+01,2.135355e+01,2.138101e+01,2.140161e+01,2.140161e+01,2.143592e+01,2.138788e+01,2.140161e+01,2.144964e+01,2.139474e+01,2.144278e+01,2.138788e+01,2.137415e+01,2.137415e+01,2.131920e+01,2.136728e+01,2.133981e+01,2.132607e+01,2.131920e+01,2.131920e+01,2.129172e+01,2.138788e+01,2.127110e+01,2.128485e+01,2.128485e+01,2.121611e+01,2.133294e+01,2.110602e+01,2.046377e+01,2.038753e+01,2.003332e+01,2.001244e+01,1.992890e+01,1.992193e+01,1.985922e+01,1.995675e+01,1.985922e+01,1.988013e+01,1.988710e+01,1.986619e+01,1.995675e+01,1.993586e+01,1.989407e+01,1.990800e+01,1.992193e+01,2.008201e+01,1.996371e+01,1.994283e+01,1.995675e+01,1.994979e+01,1.994283e+01,1.989407e+01,1.996371e+01,2.001940e+01,2.001244e+01,1.997764e+01,1.998460e+01,1.997068e+01,2.005419e+01,1.997764e+01,2.006810e+01,2.005419e+01,2.012372e+01,2.011677e+01,2.010287e+01,2.007505e+01,2.005419e+01,2.004027e+01,1.995675e+01,2.003332e+01,2.004723e+01,2.027654e+01,2.089929e+01,2.098893e+01,2.095446e+01,2.080267e+01,2.040140e+01,1.996371e+01,1.998460e+01,2.000548e+01,1.990800e+01,1.970577e+01,1.991496e+01,1.996371e+01,1.992890e+01,1.985225e+01,1.988710e+01,1.986619e+01,1.972671e+01,1.978253e+01,1.972671e+01,1.984528e+01,1.987316e+01,1.984528e+01,1.981740e+01,1.988710e+01,1.985225e+01,2.012372e+01,2.033205e+01,2.057456e+01,2.056763e+01,2.094757e+01,2.094757e+01,2.068522e+01,2.008896e+01,1.997764e+01,1.999852e+01,1.997764e+01,1.999852e+01,1.988710e+01,1.992890e+01,1.986619e+01,1.978950e+01,1.992193e+01,1.992193e+01,1.994979e+01,1.994283e+01,1.997764e+01,1.994283e+01,1.994979e+01,1.994979e+01,1.992890e+01,1.993586e+01,1.994979e+01,1.994283e+01,1.995675e+01,1.989407e+01,1.992193e+01,2.004027e+01,1.995675e+01,1.999852e+01,1.998460e+01,1.997764e+01,1.992890e+01,2.007505e+01,2.001244e+01,1.997068e+01,1.996371e+01,2.001940e+01,2.001940e+01,1.999852e+01,2.004027e+01,2.006810e+01,2.004723e+01,2.002636e+01,1.997068e+01,2.002636e+01,2.004723e+01,1.993586e+01,2.004723e+01,1.988013e+01,2.002636e+01,1.991496e+01,1.991496e+01,1.994979e+01,1.991496e+01,1.999156e+01,2.000548e+01,1.999156e+01,2.004027e+01,1.997068e+01,1.994283e+01,1.988710e+01,1.992193e+01,1.995675e+01,1.990800e+01,1.988013e+01,1.988710e+01,1.990103e+01,1.986619e+01,1.988013e+01,1.998460e+01,1.990103e+01,1.985922e+01,1.988710e+01,1.991496e+01,1.996371e+01,1.996371e+01,1.992890e+01,1.990800e+01,1.992890e+01,1.972671e+01,1.974067e+01,1.997068e+01,1.991496e+01,1.985225e+01,1.986619e+01,1.985225e+01,1.989407e+01,1.989407e+01,1.986619e+01,1.988710e+01,1.983134e+01,1.989407e+01,1.990103e+01,1.981042e+01,1.989407e+01,1.984528e+01,1.981042e+01,2.006810e+01,2.011677e+01,2.069213e+01,2.072669e+01,2.099582e+01,2.111291e+01,2.111979e+01,2.116108e+01,2.116796e+01,2.115420e+01,2.117484e+01,2.116796e+01,2.120923e+01,2.118172e+01,2.125736e+01,2.126423e+01,2.132607e+01,2.131233e+01,2.118172e+01,2.125048e+01,2.125736e+01,2.127798e+01,2.130546e+01,2.130546e+01,2.114732e+01,2.114044e+01,2.120235e+01,2.131920e+01,2.120923e+01,2.122986e+01,2.122298e+01,2.117484e+01,2.113355e+01,2.118860e+01,2.125736e+01,2.120923e+01,2.118860e+01,2.122298e+01,2.118860e+01,2.120923e+01,2.136041e+01,2.125048e+01,2.117484e+01,2.118172e+01,2.104405e+01,2.102338e+01,2.121611e+01,2.118172e+01,2.109914e+01,2.111291e+01,2.119548e+01,2.106471e+01,2.115420e+01,2.109225e+01,2.103716e+01,2.116796e+01,2.111979e+01,2.106471e+01,2.105782e+01,2.100271e+01,2.103027e+01,2.102338e+01,2.105782e+01,2.103716e+01,2.102338e+01,2.098203e+01,2.100960e+01,2.099582e+01,2.113355e+01,2.098203e+01,2.090619e+01,2.099582e+01,2.098893e+01,2.109225e+01,2.107848e+01,2.097514e+01,2.118172e+01,2.103027e+01,2.111291e+01,2.102338e+01,2.106471e+01,2.105782e+01,2.115420e+01,2.096135e+01,2.097514e+01,2.096825e+01,2.096825e+01,2.102338e+01,2.108537e+01,2.105782e+01,2.117484e+01,2.111979e+01,2.106471e+01,2.109914e+01,2.114732e+01,2.105782e+01,2.101649e+01,2.104405e+01,2.103716e+01
2.121611e+01,2.120923e+01,2.120923e+01,2.118860e+01,2.118172e+01,2.121611e+01,2.122986e+01,2.120235e+01,2.125048e+01,2.138788e+01,2.122298e+01,2.127798e+01,2.126423e+01,2.130546e+01,2.114044e+01,2.118860e+01,2.130546e+01,2.131233e+01,2.114732e+01,2.122986e+01,2.131920e+01,2.123674e+01,2.133294e+01,2.122298e+01,2.123674e+01,2.123674e+01,2.114732e+01,2.126423e+01,2.119548e+01,2.118172e+01,2.126423e+01,2.125048e+01,2.125048e+01,2.119548e+01,2.119548e+01,2.122298e+01,2.124361e+01,2.118172e+01,2.116796e+01,2.128485e+01,2.118172e+01,2.114044e+01,2.120923e+01,2.122298e+01,2.109914e+01,2.113355e+01,2.120235e+01,2.116796e+01,2.118172e+01,2.118172e+01,2.120923e+01,2.125048e+01,2.129172e+01,2.125048e+01,2.118172e+01,2.115420e+01,2.124361e+01,2.116796e+01,2.117484e+01,2.127110e+01,2.140847e+01,2.125048e+01,2.127798e+01,2.131920e+01,2.125736e+01,2.122986e+01,2.125048e+01,2.130546e+01,2.132607e+01,2.131920e+01,2.124361e+01,2.125048e+01,2.125048e+01,2.126423e+01,2.126423e+01,2.124361e+01,2.127110e+01,2.127798e+01,2.125048e+01,2.122298e+01,2.127110e+01,2.141533e+01,2.144278e+01,2.139474e+01,2.138788e+01,2.131920e+01,2.129172e+01,2.131920e+01,2.140847e+01,2.136728e+01,2.127110e+01,2.133294e+01,2.135355e+01,2.135355e+01,2.145650e+01,2.144964e+01,2.131233e+01,2.130546e+01,2.136728e+01,2.133294e+01,2.129172e+01,2.133294e+01,2.155250e+01,2.132607e+01,2.144278e+01,2.131920e+01,2.135355e+01,2.144278e+01,2.134668e+01,2.130546e+01,2.129859e+01,2.137415e+01,2.132607e+01,2.132607e+01,2.147022e+01,2.132607e+01,2.130546e+01,2.133294e+01,2.131920e+01,2.131233e+01,2.132607e+01,2.132607e+01,2.124361e+01,2.133294e+01,2.133294e+01,2.129859e+01,2.131920e+01,2.131920e+01,2.131233e+01,2.142220e+01,2.129859e+01,2.138101e+01,2.129859e+01,2.138788e+01,2.132607e+01,2.128485e+01,2.150451e+01,2.131233e+01,2.139474e+01,2.133981e+01,2.144278e+01,2.136728e+01,2.140847e+01,2.136041e+01,2.136041e+01,2.133981e+01,2.126423e+01,2.138101e+01,2.137415e+01,2.137415e+01,2.140161e+01,2.133981e+01,2.136041e+01,2.140161e+01,2.140847e+01,2.134668e+01,2.142220e+01,2.139474e+01,2.141533e+01,2.140847e+01,2.124361e+01,2.139474e+01,2.140847e+01,2.132607e+01,2.133294e+01,2.148394e+01,2.149766e+01,2.137415e+01,2.146336e+01,2.136041e+01,2.140161e+01,2.131920e+01,2.133981e+01,2.137415e+01,2.138101e+01,2.138101e+01,2.138101e+01,2.144964e+01,2.136041e+01,2.140161e+01,2.136728e+01,2.128485e+01,2.140161e+01,2.133981e+01,2.136041e+01,2.144278e+01,2.142220e+01,2.138788e+01,2.138101e+01,2.140847e+01,2.139474e+01,2.139474e+01,2.138101e+01,2.138788e+01,2.137415e+01,2.137415e+01,2.133981e+01,2.136041e+01,2.150451e+01,2.135355e+01,2.131233e+01,2.130546e+01,2.136728e+01,2.139474e+01,2.140847e+01,2.141533e+01,2.142220e+01,2.142220e+01,2.141533e+01,2.142906e+01,2.145650e+01,2.141533e+01,2.136728e+01,2.142906e+01,2.141533e+01,2.136728e+01,2.148394e+01,2.133294e+01,2.134668e+01,2.142220e+01,2.136728e+01,2.138101e+01,2.140847e+01,2.138788e+01,2.131233e+01,2.144278e+01,2.136041e+01,2.137415e+01,2.138101e+01,2.139474e+01,2.133981e+01,2.138788e+01,2.132607e+01,2.135355e+01,2.144278e+01,2.148394e+01,2.136728e+01,2.141533e+01,2.136728e+01,2.156621e+01,2.132607e+01,2.139474e+01,2.142906e+01,2.144278e+01,2.144278e+01,2.143592e+01,2.133981e+01,2.142906e+01,2.134668e+01,2.136728e+01,2.133981e+01,2.133294e+01,2.140161e+01,2.136728e+01,2.132607e+01,2.136728e+01,2.141533e+01,2.135355e+01,2.139474e+01,2.144278e+01,2.145650e+01,2.138788e+01,2.131920e+01,2.146336e+01,2.134668e+01,2.144964e+01,2.138788e+01,2.131920e+01,2.145650e+01,2.135355e+01,2.129172e+01,2.133294e+01,2.147022e+01,2.148394e+01,2.146336e+01,2.149766e+01,2.142906e+01,2.141533e+01,2.141533e+01,2.143592e+01,2.137415e+01,2.131233e+01,2.129859e+01,2.142220e+01,2.143592e+01,2.141533e+01,2.140161e+01,2.138101e+01,2.154565e+01,2.133981e+01,2.140161e+01,2.150451e+01,2.148394e+01,2.136728e+01,2.139474e+01,2.134668e+01,2.140847e+01,2.134668e+01,2.138101e+01,2.136728e+01,2.147022e+01,2.120923e+01,2.137415e+01,2.138788e+01,2.119548e+01,2.136041e+01,2.136041e+01,2.141533e+01,2.138788e+01,2.140161e+01,2.136041e+01,2.136041e+01,2.145650e+01,2.142906e+01,2.135355e+01,2.138788e+01,2.156621e+01,2.140847e+01,2.133294e+01,2.140847e+01,2.140847e+01,2.135355e+01,2.133294e+01,2.128485e+01,2.144278e+01,2.130546e+01,2.143592e+01,2.136728e+01,2.143592e+01,2.146336e+01,2.147022e+01,2.137415e+01,2.140847e+01,2.135355e+01,2.137415e+01,2.137415e+01,2.138101e+01,2.142220e+01,2.134668e+01,2.138788e+01,2.139474e+01,2.136041e+01,2.141533e+01,2.125048e+01,2.130546e+01,2.130546e+01,2.138101e+01,2.136728e+01,2.136728e+01,2.136728e+01,2.133981e+01,2.137415e+01,2.140161e+01,2.136041e+01,2.135355e+01,2.133981e+01,2.123674e+01,2.129859e+01,2.133981e+01,2.131920e+01,2.133294e+01,2.138788e+01,2.129859e+01,2.126423e+01,2.153880e+01,2.138101e+01,2.131233e+01,2.128485e+01,2.142220e+01,2.122986e+01,2.096135e+01,2.081648e+01,2.051225e+01,2.028348e+01,2.006114e+01,1.995675e+01,1.993586e+01,1.983831e+01,1.990800e+01,1.987316e+01,1.986619e+01,1.992890e+01,1.995675e+01,1.991496e+01,1.994283e+01,1.991496e+01,1.992890e+01,1.992193e+01,1.989407e+01,1.992890e+01,1.987316e+01,1.997068e+01,1.993586e+01,1.996371e+01,1.996371e+01,1.997068e+01,1.996371e+01,1.997764e+01,1.999156e+01,2.006810e+01,2.004723e+01,1.997764e+01,2.005419e+01,2.009591e+01,2.013068e+01,2.004027e+01,2.013763e+01,2.006810e+01,2.006114e+01,2.006810e+01,2.008201e+01,2.008896e+01,1.999156e+01,2.029042e+01,2.078886e+01,2.083719e+01,2.088549e+01,2.049148e+01,2.015153e+01,2.005419e+01,1.994283e+01,1.988710e+01,1.992890e+01,2.004027e+01,1.992890e+01,1.994283e+01,1.993586e+01,1.984528e+01,1.983831e+01,1.988013e+01,1.984528e+01,1.985922e+01,1.985225e+01,1.983831e+01,1.981740e+01,1.988710e+01,1.979647e+01,1.976858e+01,1.980345e+01,1.983831e+01,1.996371e+01,2.010287e+01,2.042219e+01,2.074742e+01,2.096135e+01,2.088549e+01,2.039447e+01,2.002636e+01,2.000548e+01,1.980345e+01,2.000548e+01,1.993586e+01,1.986619e+01,1.990103e+01,2.005419e+01,1.991496e+01,1.996371e+01,1.998460e+01,1.996371e+01,1.999156e+01,1.994283e+01,1.989407e+01,1.992890e+01,2.000548e+01,1.994979e+01,1.992890e+01,1.996371e+01,1.990103e+01,1.988013e+01,1.994979e+01,2.004027e+01,1.992890e+01,1.997068e+01,1.994979e+01,1.994979e+01,1.992890e+01,2.008201e+01,2.002636e+01,1.999156e+01,2.005419e+01,1.997068e+01,1.996371e+01,2.010982e+01,2.008201e+01,1.994283e+01,1.990103e+01,1.994979e+01,2.000548e+01,2.001244e+01,1.999852e+01,2.000548e+01,1.999156e+01,2.001940e+01,1.988013e+01,2.000548e+01,1.992193e+01,1.994979e+01,1.995675e+01,2.004723e+01,1.993586e+01,1.999852e+01,2.001244e+01,1.999156e+01,2.003332e+01,1.990800e+01,1.986619e+01,1.992890e+01,1.994979e+01,1.992193e+01,1.987316e+01,1.990103e+01,1.999852e+01,2.000548e+01,1.986619e+01,1.988013e+01,1.998460e+01,1.990103e+01,1.989407e+01,1.985922e+01,1.991496e+01,1.992890e+01,1.991496e+01,1.994979e+01,1.988013e+01,1.988013e+01,1.994979e+01,2.007505e+01,1.982437e+01,1.983134e+01,1.984528e+01,1.985922e+01,1.987316e+01,1.986619e+01,1.990800e+01,1.989407e+01,1.981740e+01,1.992193e+01,1.985225e+01,1.978253e+01,1.993586e+01,1.983831e+01,1.985225e+01,1.994283e+01,2.005419e+01,2.044298e+01,2.072669e+01,2.111979e+01,2.116108e+01,2.118172e+01,2.112667e+01,2.116796e+01,2.119548e+01,2.118860e+01,2.122298e+01,2.117484e+01,2.120235e+01,2.151137e+01,2.122298e+01,2.118172e+01,2.122298e+01,2.119548e+01,2.125048e+01,2.124361e+01,2.131233e+01,2.116796e+01,2.115420e+01,2.132607e+01,2.125048e+01,2.129172e+01,2.122986e+01,2.115420e+01,2.115420e+01,2.116108e+01,2.124361e+01,2.124361e+01,2.111291e+01,2.138788e+01,2.118860e+01,2.118860e+01,2.115420e+01,2.122986e+01,2.131233e+01,2.123674e+01,2.114732e+01,2.117484e+01,2.118860e+01,2.103716e+01,2.117484e+01,2.119548e+01,2.107848e+01,2.107160e+01,2.120235e+01,2.109225e+01,2.102338e+01,2.114044e+01,2.107160e+01,2.097514e+01,2.101649e+01,2.104405e+01,2.106471e+01,2.103027e+01,2.098203e+01,2.100960e+01,2.108537e+01,2.096825e+01,2.096825e+01,2.096825e+01,2.096135e+01,2.104405e+01,2.096825e+01,2.101649e+01,2.117484e+01,2.100960e+01,2.104405e+01,2.107160e+01,2.098203e+01,2.118172e+01,2.097514e+01,2.104405e+01,2.103027e+01,2.101649e+01,2.111291e+01,2.114732e+01,2.103027e+01,2.114044e+01,2.115420e+01,2.096825e+01,2.118860e+01,2.097514e+01,2.113355e+01,2.101649e+01,2.120235e+01,2.102338e+01,2.122298e+01,2.103027e+01,2.114732e+01,2.103716e+01,2.119548e+01,2.120235e+01,2.103716e+01
2.121611e+01,2.122986e+01,2.108537e+01,2.121611e+01,2.118172e+01,2.120235e+01,2.120923e+01,2.115420e+01,2.110602e+01,2.114044e+01,2.128485e+01,2.127798e+01,2.119548e+01,2.118172e+01,2.110602e+01,2.127110e+01,2.133981e+01,2.118860e+01,2.111979e+01,2.125736e+01,2.114044e+01,2.124361e+01,2.129859e+01,2.133981e+01,2.122986e+01,2.112667e+01,2.111979e+01,2.126423e+01,2.115420e+01,2.118172e+01,2.122298e+01,2.127110e+01,2.118860e+01,2.116108e+01,2.122298e+01,2.122986e+01,2.119548e+01,2.127798e+01,2.114732e+01,2.114044e+01,2.134668e+01,2.116796e+01,2.118860e+01,2.114732e+01,2.112667e+01,2.111291e+01,2.114732e+01,2.119548e+01,2.116108e+01,2.122298e+01,2.117484e+01,2.117484e+01,2.118172e+01,2.118860e+01,2.116796e+01,2.120923e+01,2.113355e+01,2.125736e+01,2.125048e+01,2.120923e+01,2.123674e+01,2.126423e+01,2.125048e+01,2.121611e+01,2.129172e+01,2.118860e+01,2.121611e+01,2.123674e+01,2.122298e+01,2.118860e+01,2.123674e+01,2.116796e+01,2.127798e+01,2.127798e+01,2.124361e+01,2.132607e+01,2.121611e+01,2.125048e+01,2.125736e+01,2.116796e+01,2.127798e+01,2.127110e+01,2.127798e+01,2.128485e+01,2.130546e+01,2.125048e+01,2.140161e+01,2.125736e+01,2.129172e+01,2.130546e+01,2.125736e+01,2.126423e+01,2.136041e+01,2.140161e+01,2.131920e+01,2.131233e+01,2.136041e+01,2.133294e+01,2.132607e+01,2.133294e+01,2.124361e+01,2.125048e+01,2.133294e+01,2.136728e+01,2.134668e+01,2.133294e+01,2.137415e+01,2.133294e+01,2.140161e+01,2.135355e+01,2.129859e+01,2.133981e+01,2.133294e+01,2.131233e+01,2.132607e+01,2.130546e+01,2.132607e+01,2.131233e+01,2.131920e+01,2.133294e+01,2.133294e+01,2.122986e+01,2.132607e+01,2.125736e+01,2.130546e+01,2.138101e+01,2.127110e+01,2.136041e+01,2.127110e+01,2.132607e+01,2.131920e+01,2.128485e+01,2.130546e+01,2.131920e+01,2.129859e+01,2.131233e+01,2.123674e+01,2.131233e+01,2.131920e+01,2.136041e+01,2.134668e+01,2.137415e+01,2.135355e+01,2.135355e+01,2.134668e+01,2.131920e+01,2.132607e+01,2.135355e+01,2.142220e+01,2.132607e+01,2.140847e+01,2.132607e+01,2.133294e+01,2.133981e+01,2.136041e+01,2.137415e+01,2.143592e+01,2.139474e+01,2.140161e+01,2.139474e+01,2.127798e+01,2.121611e+01,2.137415e+01,2.152508e+01,2.131920e+01,2.148394e+01,2.134668e+01,2.141533e+01,2.140161e+01,2.138101e+01,2.129859e+01,2.127798e+01,2.138788e+01,2.138788e+01,2.138101e+01,2.138101e+01,2.141533e+01,2.138788e+01,2.139474e+01,2.137415e+01,2.132607e+01,2.133294e+01,2.138101e+01,2.136728e+01,2.138101e+01,2.138788e+01,2.137415e+01,2.128485e+01,2.143592e+01,2.142220e+01,2.141533e+01,2.139474e+01,2.138788e+01,2.136728e+01,2.133981e+01,2.138788e+01,2.138101e+01,2.136041e+01,2.148394e+01,2.140847e+01,2.135355e+01,2.138101e+01,2.138788e+01,2.138788e+01,2.132607e+01,2.144964e+01,2.137415e+01,2.143592e+01,2.140161e+01,2.134668e+01,2.136041e+01,2.142220e+01,2.130546e+01,2.137415e+01,2.140161e+01,2.142220e+01,2.142906e+01,2.133981e+01,2.135355e+01,2.134668e+01,2.138788e+01,2.133981e+01,2.136041e+01,2.139474e+01,2.144964e+01,2.131920e+01,2.145650e+01,2.134668e+01,2.138101e+01,2.144278e+01,2.136728e+01,2.133981e+01,2.138788e+01,2.136728e+01,2.136041e+01,2.142220e+01,2.131233e+01,2.140847e+01,2.144964e+01,2.134668e+01,2.136041e+01,2.139474e+01,2.150451e+01,2.144964e+01,2.138788e+01,2.140161e+01,2.136041e+01,2.135355e+01,2.138101e+01,2.133981e+01,2.134668e+01,2.136041e+01,2.132607e+01,2.136728e+01,2.132607e+01,2.132607e+01,2.136728e+01,2.136728e+01,2.131920e+01,2.142906e+01,2.138788e+01,2.140847e+01,2.138788e+01,2.141533e+01,2.141533e+01,2.141533e+01,2.133981e+01,2.138101e+01,2.134668e+01,2.141533e+01,2.134668e+01,2.142906e+01,2.144278e+01,2.131920e+01,2.144964e+01,2.147022e+01,2.133294e+01,2.143592e+01,2.140161e+01,2.140161e+01,2.138101e+01,2.137415e+01,2.143592e+01,2.140161e+01,2.139474e+01,2.136041e+01,2.137415e+01,2.136041e+01,2.140161e+01,2.137415e+01,2.133294e+01,2.131233e+01,2.133981e+01,2.136728e+01,2.136041e+01,2.139474e+01,2.138788e+01,2.141533e+01,2.138101e+01,2.140161e+01,2.133294e+01,2.132607e+01,2.136728e+01,2.135355e+01,2.140847e+01,2.136728e+01,2.134668e+01,2.136041e+01,2.132607e+01,2.137415e+01,2.136041e+01,2.142220e+01,2.128485e+01,2.139474e+01,2.138101e+01,2.139474e+01,2.137415e+01,2.138101e+01,2.128485e+01,2.133294e+01,2.141533e+01,2.146336e+01,2.137415e+01,2.137415e+01,2.148394e+01,2.131233e+01,2.132607e+01,2.139474e+01,2.146336e+01,2.129172e+01,2.140161e+01,2.133981e+01,2.139474e+01,2.138101e+01,2.138101e+01,2.142220e+01,2.149766e+01,2.145650e+01,2.143592e+01,2.133294e+01,2.141533e+01,2.140161e+01,2.140161e+01,2.133294e+01,2.136041e+01,2.134668e+01,2.142906e+01,2.136728e+01,2.140847e+01,2.130546e+01,2.142220e+01,2.137415e+01,2.138788e+01,2.140847e+01,2.135355e+01,2.132607e+01,2.137415e+01,2.134668e+01,2.136728e+01,2.138101e+01,2.134668e+01,2.132607e+01,2.129172e+01,2.126423e+01,2.133294e+01,2.126423e+01,2.128485e+01,2.138788e+01,2.118860e+01,2.131233e+01,2.129172e+01,2.113355e+01,2.094757e+01,2.051225e+01,2.044991e+01,2.022100e+01,2.021405e+01,1.992890e+01,1.988710e+01,1.988710e+01,1.994979e+01,1.991496e+01,1.994979e+01,1.982437e+01,1.989407e+01,1.995675e+01,1.988013e+01,1.990800e+01,1.994283e+01,1.992890e+01,1.997068e+01,1.988710e+01,1.996371e+01,1.993586e+01,1.994283e+01,1.995675e+01,1.998460e+01,1.991496e+01,1.990800e+01,2.003332e+01,1.988710e+01,2.000548e+01,2.004723e+01,1.995675e+01,2.000548e+01,2.004027e+01,2.008896e+01,2.004027e+01,2.005419e+01,2.006810e+01,1.986619e+01,2.010287e+01,2.003332e+01,2.023489e+01,2.059531e+01,2.056763e+01,2.053303e+01,2.008201e+01,1.993586e+01,1.996371e+01,2.002636e+01,1.990800e+01,1.997068e+01,1.985922e+01,1.990800e+01,1.991496e+01,1.988013e+01,1.984528e+01,1.986619e+01,1.979647e+01,1.985922e+01,1.984528e+01,1.981740e+01,1.980345e+01,1.985922e+01,1.986619e+01,1.973369e+01,1.981042e+01,1.978950e+01,1.983831e+01,1.988013e+01,1.986619e+01,2.005419e+01,2.014458e+01,2.074051e+01,2.081648e+01,2.067139e+01,2.004723e+01,1.997068e+01,1.997764e+01,1.997764e+01,1.993586e+01,1.989407e+01,1.988013e+01,2.006114e+01,1.982437e+01,2.008896e+01,1.991496e+01,1.989407e+01,1.992193e+01,2.000548e+01,1.992890e+01,1.993586e+01,1.995675e+01,1.991496e+01,1.992193e+01,1.989407e+01,1.992193e+01,1.992890e+01,1.998460e+01,1.995675e+01,1.988710e+01,1.991496e+01,1.985922e+01,1.999852e+01,1.990103e+01,1.997068e+01,2.001244e+01,2.001244e+01,2.001940e+01,1.991496e+01,1.994979e+01,1.999852e+01,2.004027e+01,2.005419e+01,1.999852e+01,1.992890e+01,1.997068e+01,1.999852e+01,1.994979e+01,2.001940e+01,1.990800e+01,2.001244e+01,1.989407e+01,2.002636e+01,1.997068e+01,2.008201e+01,1.994283e+01,2.002636e+01,2.006114e+01,2.004027e+01,1.992193e+01,1.997764e+01,1.990800e+01,1.997764e+01,1.981740e+01,1.987316e+01,1.989407e+01,1.988013e+01,1.988013e+01,1.997764e+01,1.988013e+01,1.988710e+01,1.992193e+01,1.986619e+01,1.997068e+01,2.001244e+01,1.995675e+01,1.983831e+01,1.992193e+01,1.979647e+01,1.991496e+01,1.979647e+01,1.990800e+01,1.984528e+01,1.980345e+01,1.976858e+01,1.985922e+01,1.984528e+01,1.979647e+01,1.981740e+01,1.990103e+01,1.982437e+01,1.985225e+01,1.990103e+01,1.993586e+01,1.980345e+01,1.993586e+01,1.976160e+01,1.978950e+01,1.991496e+01,1.991496e+01,1.981740e+01,1.993586e+01,1.993586e+01,2.022100e+01,2.072669e+01,2.086479e+01,2.117484e+01,2.123674e+01,2.119548e+01,2.126423e+01,2.117484e+01,2.118172e+01,2.123674e+01,2.131233e+01,2.122986e+01,2.130546e+01,2.115420e+01,2.120235e+01,2.124361e+01,2.123674e+01,2.118172e+01,2.120235e+01,2.129859e+01,2.126423e+01,2.127798e+01,2.111979e+01,2.130546e+01,2.129172e+01,2.119548e+01,2.111291e+01,2.114732e+01,2.116796e+01,2.122986e+01,2.140161e+01,2.121611e+01,2.122298e+01,2.121611e+01,2.119548e+01,2.116796e+01,2.120235e+01,2.109225e+01,2.125736e+01,2.117484e+01,2.106471e+01,2.122298e+01,2.105782e+01,2.117484e+01,2.114044e+01,2.111979e+01,2.111291e+01,2.108537e+01,2.105094e+01,2.108537e+01,2.100271e+01,2.105094e+01,2.096825e+01,2.103027e+01,2.098893e+01,2.103027e+01,2.102338e+01,2.106471e+01,2.098203e+01,2.107848e+01,2.105094e+01,2.105094e+01,2.100960e+01,2.097514e+01,2.098893e+01,2.102338e+01,2.103716e+01,2.118172e+01,2.098893e+01,2.100960e+01,2.109225e+01,2.114044e+01,2.117484e+01,2.098893e+01,2.095446e+01,2.099582e+01,2.108537e+01,2.101649e+01,2.111979e+01,2.101649e+01,2.101649e+01,2.110602e+01,2.105094e+01,2.104405e+01,2.114732e+01,2.123674e+01,2.102338e+01,2.101649e+01,2.127798e+01,2.114044e+01,2.108537e+01,2.109225e+01,2.118860e+01,2.104405e+01,2.103027e+01
2.126423e+01,2.129172e+01,2.114044e+01,2.115420e+01,2.117484e+01,2.118860e+01,2.114044e+01,2.114732e+01,2.121611e+01,2.125048e+01,2.122986e+01,2.114044e+01,2.112667e+01,2.130546e+01,2.125048e+01,2.128485e+01,2.125048e+01,2.116796e+01,2.123674e+01,2.120923e+01,2.120923e+01,2.120923e+01,2.121611e+01,2.121611e+01,2.117484e+01,2.112667e+01,2.125048e+01,2.106471e+01,2.125736e+01,2.120923e+01,2.111979e+01,2.120235e+01,2.118172e+01,2.113355e+01,2.120235e+01,2.122298e+01,2.117484e+01,2.125048e+01,2.125736e+01,2.129172e+01,2.112667e+01,2.116796e+01,2.116108e+01,2.121611e+01,2.112667e+01,2.111979e+01,2.118172e+01,2.111979e+01,2.114732e+01,2.123674e+01,2.116108e+01,2.127798e+01,2.103027e+01,2.122298e+01,2.120923e+01,2.120235e+01,2.122986e+01,2.122298e+01,2.122298e+01,2.120923e+01,2.125736e+01,2.116108e+01,2.129859e+01,2.122298e+01,2.126423e+01,2.120923e+01,2.122986e+01,2.125736e+01,2.128485e+01,2.116108e+01,2.125048e+01,2.120235e+01,2.130546e+01,2.138101e+01,2.119548e+01,2.129172e+01,2.131233e+01,2.118860e+01,2.133294e+01,2.129172e+01,2.120923e+01,2.131920e+01,2.126423e+01,2.131233e+01,2.125048e+01,2.127798e+01,2.127110e+01,2.136041e+01,2.133294e+01,2.133294e+01,2.133294e+01,2.131920e+01,2.135355e+01,2.136041e+01,2.127798e+01,2.132607e+01,2.135355e+01,2.133294e+01,2.131920e+01,2.130546e+01,2.129172e+01,2.131920e+01,2.137415e+01,2.139474e+01,2.138101e+01,2.137415e+01,2.138788e+01,2.138788e+01,2.135355e+01,2.134668e+01,2.133981e+01,2.130546e+01,2.134668e+01,2.134668e+01,2.130546e+01,2.129859e+01,2.138788e+01,2.141533e+01,2.132607e+01,2.133981e+01,2.132607e+01,2.133294e+01,2.134668e+01,2.131920e+01,2.130546e+01,2.126423e+01,2.134668e+01,2.142220e+01,2.129172e+01,2.142220e+01,2.134668e+01,2.127798e+01,2.127110e+01,2.129172e+01,2.135355e+01,2.129172e+01,2.132607e+01,2.129172e+01,2.127110e+01,2.123674e+01,2.136041e+01,2.133981e+01,2.134668e+01,2.133981e+01,2.133294e+01,2.141533e+01,2.127798e+01,2.136041e+01,2.145650e+01,2.139474e+01,2.133981e+01,2.133294e+01,2.127798e+01,2.131233e+01,2.135355e+01,2.136728e+01,2.137415e+01,2.130546e+01,2.135355e+01,2.139474e+01,2.126423e+01,2.130546e+01,2.131920e+01,2.134668e+01,2.129859e+01,2.144964e+01,2.144278e+01,2.141533e+01,2.140161e+01,2.138101e+01,2.140847e+01,2.131920e+01,2.145650e+01,2.138788e+01,2.138101e+01,2.140161e+01,2.138101e+01,2.133981e+01,2.140161e+01,2.151823e+01,2.143592e+01,2.148394e+01,2.135355e+01,2.136728e+01,2.142220e+01,2.138101e+01,2.135355e+01,2.137415e+01,2.137415e+01,2.141533e+01,2.140161e+01,2.140161e+01,2.139474e+01,2.135355e+01,2.138101e+01,2.129172e+01,2.136728e+01,2.132607e+01,2.140161e+01,2.135355e+01,2.131233e+01,2.134668e+01,2.135355e+01,2.137415e+01,2.138101e+01,2.146336e+01,2.147022e+01,2.137415e+01,2.142220e+01,2.145650e+01,2.138788e+01,2.132607e+01,2.142220e+01,2.146336e+01,2.134668e+01,2.138788e+01,2.140161e+01,2.137415e+01,2.135355e+01,2.144278e+01,2.138101e+01,2.142220e+01,2.142906e+01,2.136728e+01,2.141533e+01,2.144964e+01,2.140161e+01,2.144278e+01,2.142906e+01,2.137415e+01,2.140161e+01,2.138101e+01,2.147022e+01,2.133981e+01,2.138788e+01,2.140847e+01,2.141533e+01,2.140161e+01,2.132607e+01,2.142220e+01,2.138788e+01,2.149080e+01,2.140161e+01,2.140847e+01,2.139474e+01,2.147022e+01,2.145650e+01,2.130546e+01,2.132607e+01,2.129859e+01,2.134668e+01,2.135355e+01,2.132607e+01,2.139474e+01,2.139474e+01,2.136041e+01,2.134668e+01,2.136728e+01,2.138788e+01,2.133981e+01,2.138788e+01,2.140161e+01,2.141533e+01,2.152508e+01,2.140847e+01,2.140847e+01,2.139474e+01,2.137415e+01,2.137415e+01,2.140161e+01,2.130546e+01,2.145650e+01,2.131920e+01,2.133981e+01,2.144278e+01,2.141533e+01,2.140161e+01,2.143592e+01,2.137415e+01,2.140847e+01,2.143592e+01,2.149766e+01,2.140161e+01,2.141533e+01,2.140161e+01,2.141533e+01,2.142220e+01,2.138788e+01,2.140161e+01,2.142906e+01,2.142906e+01,2.147708e+01,2.139474e+01,2.140847e+01,2.141533e+01,2.138788e+01,2.132607e+01,2.135355e+01,2.137415e+01,2.144964e+01,2.134668e+01,2.136041e+01,2.134668e+01,2.136728e+01,2.139474e+01,2.135355e+01,2.134668e+01,2.138101e+01,2.131233e+01,2.140161e+01,2.143592e+01,2.138101e+01,2.140847e+01,2.140161e+01,2.138788e+01,2.140161e+01,2.142906e+01,2.140847e+01,2.135355e+01,2.144964e+01,2.139474e+01,2.141533e+01,2.142220e+01,2.142220e+01,2.142220e+01,2.125048e+01,2.140847e+01,2.145650e+01,2.142220e+01,2.144964e+01,2.145650e+01,2.136728e+01,2.136728e+01,2.141533e+01,2.138788e+01,2.144964e+01,2.147022e+01,2.143592e+01,2.143592e+01,2.140161e+01,2.140161e+01,2.139474e+01,2.142906e+01,2.141533e+01,2.143592e+01,2.133981e+01,2.140161e+01,2.142906e+01,2.140161e+01,2.135355e+01,2.138788e+01,2.128485e+01,2.135355e+01,2.141533e+01,2.134668e+01,2.133981e+01,2.126423e+01,2.135355e+01,2.137415e+01,2.140161e+01,2.134668e+01,2.134668e+01,2.124361e+01,2.129859e+01,2.129859e+01,2.128485e+01,2.129172e+01,2.122986e+01,2.131233e+01,2.131233e+01,2.116108e+01,2.129859e+01,2.119548e+01,2.112667e+01,2.090619e+01,2.077505e+01,2.040833e+01,2.020016e+01,1.997764e+01,1.996371e+01,1.982437e+01,1.990800e+01,1.987316e+01,1.996371e+01,1.990103e+01,1.999156e+01,1.992193e+01,1.990103e+01,1.992890e+01,1.985225e+01,1.997068e+01,1.995675e+01,1.997764e+01,1.994979e+01,1.994283e+01,1.997068e+01,2.000548e+01,1.996371e+01,1.990103e+01,1.990103e+01,1.999852e+01,1.993586e+01,2.002636e+01,2.005419e+01,2.004027e+01,1.999852e+01,1.997764e+01,2.002636e+01,2.006114e+01,1.997764e+01,2.008201e+01,1.997764e+01,2.005419e+01,2.014458e+01,2.019321e+01,2.022794e+01,2.006810e+01,2.007505e+01,2.000548e+01,2.006114e+01,1.994979e+01,2.001940e+01,2.002636e+01,1.995675e+01,1.997764e+01,1.986619e+01,1.988013e+01,1.980345e+01,1.981042e+01,1.977555e+01,1.985922e+01,1.980345e+01,1.978253e+01,1.983831e+01,1.976858e+01,1.983134e+01,1.981042e+01,1.978950e+01,1.978950e+01,1.969879e+01,1.983831e+01,1.981740e+01,1.985922e+01,2.006810e+01,2.068522e+01,2.070596e+01,2.053995e+01,2.013068e+01,2.010287e+01,1.998460e+01,1.988710e+01,2.001940e+01,1.981042e+01,1.988710e+01,1.988710e+01,1.986619e+01,1.985225e+01,1.999156e+01,1.997068e+01,1.999156e+01,1.998460e+01,1.994979e+01,1.998460e+01,1.990103e+01,1.989407e+01,1.987316e+01,1.997068e+01,1.994283e+01,1.999156e+01,1.986619e+01,1.985922e+01,1.999156e+01,1.998460e+01,2.000548e+01,1.999156e+01,1.988013e+01,2.001940e+01,1.997068e+01,1.999852e+01,1.999156e+01,1.999852e+01,1.985225e+01,1.992890e+01,1.998460e+01,2.000548e+01,1.993586e+01,1.997068e+01,1.998460e+01,2.000548e+01,1.997068e+01,1.996371e+01,1.991496e+01,2.000548e+01,1.988013e+01,1.994283e+01,1.987316e+01,2.006114e+01,2.005419e+01,1.990800e+01,2.005419e+01,2.001940e+01,2.003332e+01,1.996371e+01,1.992193e+01,1.996371e+01,1.995675e+01,1.985225e+01,1.995675e+01,1.985225e+01,1.987316e+01,1.986619e+01,1.988710e+01,1.992193e+01,1.990800e+01,1.982437e+01,1.992890e+01,1.986619e+01,2.003332e+01,1.998460e+01,1.992193e+01,1.991496e+01,1.997764e+01,1.988013e+01,1.983831e+01,1.994979e+01,1.990800e+01,1.980345e+01,1.991496e+01,1.985922e+01,1.993586e+01,1.988013e+01,1.987316e+01,1.988710e+01,1.987316e+01,1.987316e+01,1.990103e+01,1.989407e+01,1.990103e+01,1.982437e+01,1.988013e+01,1.984528e+01,1.979647e+01,1.992193e+01,1.992193e+01,1.997068e+01,2.000548e+01,2.042219e+01,2.083719e+01,2.117484e+01,2.120923e+01,2.108537e+01,2.118172e+01,2.116796e+01,2.130546e+01,2.121611e+01,2.131233e+01,2.124361e+01,2.118860e+01,2.117484e+01,2.122298e+01,2.128485e+01,2.120235e+01,2.120235e+01,2.118860e+01,2.126423e+01,2.127110e+01,2.122298e+01,2.120923e+01,2.116108e+01,2.121611e+01,2.116108e+01,2.122298e+01,2.118172e+01,2.120923e+01,2.113355e+01,2.122298e+01,2.121611e+01,2.112667e+01,2.116796e+01,2.116796e+01,2.120235e+01,2.110602e+01,2.118860e+01,2.112667e+01,2.109225e+01,2.107848e+01,2.105782e+01,2.116108e+01,2.120235e+01,2.107848e+01,2.109225e+01,2.116108e+01,2.102338e+01,2.103716e+01,2.108537e+01,2.098893e+01,2.104405e+01,2.107160e+01,2.101649e+01,2.104405e+01,2.100271e+01,2.101649e+01,2.105782e+01,2.111979e+01,2.105094e+01,2.098203e+01,2.105782e+01,2.099582e+01,2.095446e+01,2.103716e+01,2.108537e+01,2.103027e+01,2.100960e+01,2.101649e+01,2.094067e+01,2.109914e+01,2.100271e+01,2.115420e+01,2.105094e+01,2.100960e+01,2.107848e+01,2.107160e+01,2.105782e+01,2.107160e+01,2.099582e+01,2.108537e+01,2.108537e+01,2.111979e+01,2.105094e+01,2.107848e+01,2.106471e+01,2.129859e+01,2.114044e+01,2.120923e+01,2.111979e+01,2.138788e+01,2.100960e+01,2.119548e+01,2.100960e+01,2.103027e+01
2.119548e+01,2.107160e+01,2.111291e+01,2.114732e+01,2.117484e+01,2.113355e+01,2.114044e+01,2.114044e+01,2.112667e+01,2.128485e+01,2.114044e+01,2.130546e+01,2.125048e+01,2.120235e+01,2.120235e+01,2.127798e+01,2.120923e+01,2.125048e+01,2.128485e+01,2.125048e+01,2.117484e+01,2.120923e+01,2.134668e+01,2.123674e+01,2.119548e+01,2.119548e+01,2.117484e+01,2.130546e+01,2.113355e+01,2.121611e+01,2.123674e+01,2.124361e+01,2.124361e+01,2.123674e+01,2.116796e+01,2.103027e+01,2.123674e+01,2.114044e+01,2.120235e+01,2.127798e+01,2.131920e+01,2.117484e+01,2.116796e+01,2.115420e+01,2.123674e+01,2.111291e+01,2.118860e+01,2.118172e+01,2.122298e+01,2.123674e+01,2.123674e+01,2.125048e+01,2.120235e+01,2.126423e+01,2.119548e+01,2.117484e+01,2.121611e+01,2.123674e+01,2.124361e+01,2.124361e+01,2.125048e+01,2.116796e+01,2.141533e+01,2.139474e+01,2.125048e+01,2.125048e+01,2.123674e+01,2.125048e+01,2.122298e+01,2.129172e+01,2.111979e+01,2.126423e+01,2.121611e+01,2.134668e+01,2.122986e+01,2.129859e+01,2.127110e+01,2.128485e+01,2.125736e+01,2.129859e+01,2.128485e+01,2.142220e+01,2.127110e+01,2.135355e+01,2.128485e+01,2.124361e+01,2.125736e+01,2.133981e+01,2.127110e+01,2.125736e+01,2.126423e+01,2.125048e+01,2.135355e+01,2.125736e+01,2.145650e+01,2.136041e+01,2.139474e+01,2.133294e+01,2.127798e+01,2.129859e+01,2.134668e+01,2.131920e+01,2.136728e+01,2.136728e+01,2.136728e+01,2.134668e+01,2.140161e+01,2.133294e+01,2.143592e+01,2.134668e+01,2.133981e+01,2.138101e+01,2.131920e+01,2.128485e+01,2.129172e+01,2.136728e+01,2.137415e+01,2.133981e+01,2.131920e+01,2.132607e+01,2.131233e+01,2.120235e+01,2.138788e+01,2.130546e+01,2.132607e+01,2.131920e+01,2.127110e+01,2.131233e+01,2.128485e+01,2.129172e+01,2.128485e+01,2.129172e+01,2.127798e+01,2.132607e+01,2.127110e+01,2.133294e+01,2.127798e+01,2.127798e+01,2.123674e+01,2.131920e+01,2.133981e+01,2.132607e+01,2.136041e+01,2.136041e+01,2.136041e+01,2.132607e+01,2.132607e+01,2.133294e+01,2.141533e+01,2.137415e+01,2.142220e+01,2.127798e+01,2.138101e+01,2.131920e+01,2.130546e+01,2.133981e+01,2.138788e+01,2.137415e+01,2.139474e+01,2.138788e+01,2.135355e+01,2.124361e+01,2.136041e+01,2.140847e+01,2.138101e+01,2.142220e+01,2.139474e+01,2.142220e+01,2.139474e+01,2.139474e+01,2.140847e+01,2.135355e+01,2.139474e+01,2.140161e+01,2.143592e+01,2.140847e+01,2.140161e+01,2.149766e+01,2.138101e+01,2.140847e+01,2.140847e+01,2.149080e+01,2.138788e+01,2.142906e+01,2.136041e+01,2.147022e+01,2.145650e+01,2.136728e+01,2.146336e+01,2.144278e+01,2.140161e+01,2.144964e+01,2.142220e+01,2.139474e+01,2.134668e+01,2.137415e+01,2.138788e+01,2.140161e+01,2.139474e+01,2.133981e+01,2.136041e+01,2.139474e+01,2.135355e+01,2.138101e+01,2.141533e+01,2.140161e+01,2.136041e+01,2.136728e+01,2.147708e+01,2.142220e+01,2.124361e+01,2.136041e+01,2.143592e+01,2.139474e+01,2.138101e+01,2.137415e+01,2.140161e+01,2.132607e+01,2.146336e+01,2.144278e+01,2.140161e+01,2.142220e+01,2.142220e+01,2.138788e+01,2.137415e+01,2.147022e+01,2.146336e+01,2.145650e+01,2.143592e+01,2.139474e+01,2.144964e+01,2.139474e+01,2.137415e+01,2.140161e+01,2.146336e+01,2.135355e+01,2.144278e+01,2.135355e+01,2.148394e+01,2.139474e+01,2.147022e+01,2.145650e+01,2.140161e+01,2.151823e+01,2.136728e+01,2.136728e+01,2.136041e+01,2.144964e+01,2.139474e+01,2.140161e+01,2.142906e+01,2.132607e+01,2.131233e+01,2.140161e+01,2.136041e+01,2.138101e+01,2.138788e+01,2.147022e+01,2.140847e+01,2.133981e+01,2.139474e+01,2.158677e+01,2.140847e+01,2.141533e+01,2.131920e+01,2.140847e+01,2.136041e+01,2.134668e+01,2.142220e+01,2.137415e+01,2.138101e+01,2.149766e+01,2.148394e+01,2.137415e+01,2.131920e+01,2.135355e+01,2.151823e+01,2.138788e+01,2.143592e+01,2.138101e+01,2.142220e+01,2.142906e+01,2.138788e+01,2.137415e+01,2.139474e+01,2.139474e+01,2.143592e+01,2.142906e+01,2.144964e+01,2.142906e+01,2.142906e+01,2.147708e+01,2.138788e+01,2.144278e+01,2.136728e+01,2.145650e+01,2.136728e+01,2.134668e+01,2.129859e+01,2.131920e+01,2.136041e+01,2.133294e+01,2.136041e+01,2.137415e+01,2.136041e+01,2.138788e+01,2.134668e+01,2.131233e+01,2.133294e+01,2.131920e+01,2.143592e+01,2.140161e+01,2.140847e+01,2.140847e+01,2.139474e+01,2.139474e+01,2.133981e+01,2.143592e+01,2.140161e+01,2.139474e+01,2.143592e+01,2.142220e+01,2.142220e+01,2.143592e+01,2.129172e+01,2.129859e+01,2.145650e+01,2.140161e+01,2.144964e+01,2.140161e+01,2.144964e+01,2.140161e+01,2.134668e+01,2.136728e+01,2.138788e+01,2.152508e+01,2.144964e+01,2.142906e+01,2.141533e+01,2.139474e+01,2.139474e+01,2.142220e+01,2.136728e+01,2.131233e+01,2.141533e+01,2.137415e+01,2.148394e+01,2.129859e+01,2.140161e+01,2.140847e+01,2.133294e+01,2.131233e+01,2.133294e+01,2.129859e+01,2.140161e+01,2.133981e+01,2.133294e+01,2.138101e+01,2.130546e+01,2.138101e+01,2.132607e+01,2.139474e+01,2.122298e+01,2.131920e+01,2.120923e+01,2.118860e+01,2.127110e+01,2.137415e+01,2.136728e+01,2.124361e+01,2.120235e+01,2.122986e+01,2.120235e+01,2.127798e+01,2.119548e+01,2.100960e+01,2.075432e+01,2.049148e+01,2.009591e+01,1.992890e+01,1.994283e+01,1.988013e+01,1.989407e+01,1.984528e+01,1.984528e+01,1.988710e+01,1.993586e+01,1.992890e+01,1.996371e+01,1.993586e+01,1.996371e+01,1.988710e+01,1.997068e+01,1.994979e+01,1.994979e+01,1.994979e+01,1.990800e+01,1.997068e+01,1.997068e+01,1.990103e+01,1.994283e+01,1.999852e+01,2.000548e+01,2.000548e+01,1.999852e+01,2.001244e+01,2.001244e+01,2.004027e+01,2.008201e+01,1.997764e+01,2.000548e+01,2.001940e+01,1.996371e+01,2.002636e+01,1.998460e+01,1.993586e+01,1.997764e+01,1.992193e+01,1.992890e+01,1.992890e+01,2.006810e+01,1.996371e+01,1.989407e+01,1.997764e+01,1.992890e+01,1.978253e+01,1.994283e+01,1.990103e+01,1.981042e+01,1.994283e+01,1.990103e+01,1.990800e+01,1.976160e+01,1.982437e+01,1.984528e+01,1.979647e+01,1.969879e+01,1.978253e+01,1.989407e+01,1.983831e+01,1.984528e+01,1.981740e+01,1.981042e+01,2.005419e+01,2.039447e+01,2.074742e+01,2.074051e+01,2.031124e+01,1.997068e+01,1.996371e+01,2.001244e+01,1.994283e+01,1.990103e+01,1.981042e+01,1.997764e+01,2.001244e+01,1.991496e+01,2.003332e+01,1.997764e+01,1.993586e+01,1.996371e+01,1.993586e+01,1.994979e+01,2.001940e+01,1.994979e+01,1.997764e+01,1.991496e+01,1.994979e+01,2.000548e+01,1.996371e+01,1.991496e+01,1.987316e+01,1.995675e+01,2.021405e+01,2.001244e+01,1.997068e+01,2.004027e+01,2.002636e+01,1.997068e+01,1.989407e+01,1.997764e+01,1.996371e+01,1.997068e+01,1.992890e+01,2.008201e+01,1.997764e+01,1.999156e+01,1.997764e+01,1.997068e+01,2.010287e+01,1.999156e+01,1.989407e+01,2.001940e+01,1.992193e+01,1.994979e+01,2.005419e+01,1.999852e+01,1.994283e+01,1.997068e+01,1.991496e+01,1.995675e+01,1.995675e+01,1.993586e+01,1.995675e+01,1.989407e+01,1.997068e+01,1.982437e+01,1.991496e+01,1.986619e+01,1.985922e+01,2.000548e+01,1.990103e+01,1.988013e+01,1.985922e+01,1.986619e+01,1.991496e+01,1.993586e+01,1.987316e+01,1.989407e+01,1.988013e+01,1.992193e+01,1.985922e+01,1.988013e+01,1.987316e+01,1.988013e+01,1.993586e+01,1.990103e+01,1.989407e+01,1.979647e+01,1.977555e+01,1.984528e+01,1.985225e+01,1.979647e+01,1.985922e+01,1.982437e+01,1.983134e+01,1.983831e+01,1.987316e+01,1.981740e+01,1.990103e+01,1.985922e+01,1.982437e+01,1.985922e+01,1.985225e+01,1.996371e+01,1.998460e+01,2.038060e+01,2.080957e+01,2.106471e+01,2.110602e+01,2.120235e+01,2.116796e+01,2.125048e+01,2.118860e+01,2.116108e+01,2.129172e+01,2.123674e+01,2.123674e+01,2.122298e+01,2.120923e+01,2.127798e+01,2.117484e+01,2.119548e+01,2.125048e+01,2.120235e+01,2.126423e+01,2.127798e+01,2.122986e+01,2.120235e+01,2.113355e+01,2.114044e+01,2.121611e+01,2.122298e+01,2.116796e+01,2.118860e+01,2.123674e+01,2.122986e+01,2.124361e+01,2.122986e+01,2.122298e+01,2.122298e+01,2.106471e+01,2.122986e+01,2.125736e+01,2.114732e+01,2.109914e+01,2.107160e+01,2.112667e+01,2.110602e+01,2.115420e+01,2.110602e+01,2.109225e+01,2.101649e+01,2.108537e+01,2.109225e+01,2.094067e+01,2.103027e+01,2.116108e+01,2.096135e+01,2.091308e+01,2.097514e+01,2.102338e+01,2.100271e+01,2.099582e+01,2.101649e+01,2.104405e+01,2.103716e+01,2.103716e+01,2.106471e+01,2.111291e+01,2.105782e+01,2.101649e+01,2.100271e+01,2.099582e+01,2.099582e+01,2.109914e+01,2.100960e+01,2.110602e+01,2.115420e+01,2.095446e+01,2.107160e+01,2.111291e+01,2.107848e+01,2.109225e+01,2.108537e+01,2.102338e+01,2.109225e+01,2.100271e+01,2.098893e+01,2.111979e+01,2.117484e+01,2.106471e+01,2.114044e+01,2.116108e+01,2.111979e+01,2.111291e+01,2.104405e+01,2.118860e+01,2.099582e+01,2.113355e+01
2.107160e+01,2.112667e+01,2.105782e+01,2.103027e+01,2.111291e+01,2.114732e+01,2.105094e+01,2.127798e+01,2.116108e+01,2.114732e+01,2.112667e+01,2.116108e+01,2.107160e+01,2.123674e+01,2.118860e+01,2.122986e+01,2.118172e+01,2.127110e+01,2.115420e+01,2.119548e+01,2.115420e+01,2.116108e+01,2.125048e+01,2.122298e+01,2.113355e+01,2.129172e+01,2.125736e+01,2.114732e+01,2.114044e+01,2.125048e+01,2.124361e+01,2.123674e+01,2.124361e+01,2.113355e+01,2.118172e+01,2.116108e+01,2.122298e+01,2.115420e+01,2.124361e+01,2.112667e+01,2.109225e+01,2.111291e+01,2.118860e+01,2.114044e+01,2.114732e+01,2.111291e+01,2.121611e+01,2.120235e+01,2.116108e+01,2.122986e+01,2.122986e+01,2.117484e+01,2.121611e+01,2.120923e+01,2.122298e+01,2.120235e+01,2.125048e+01,2.111291e+01,2.121611e+01,2.124361e+01,2.122986e+01,2.123674e+01,2.115420e+01,2.120235e+01,2.124361e+01,2.125048e+01,2.125048e+01,2.123674e+01,2.125736e+01,2.126423e+01,2.125048e+01,2.127798e+01,2.131233e+01,2.136728e+01,2.120235e+01,2.129859e+01,2.131920e+01,2.130546e+01,2.123674e+01,2.133981e+01,2.120235e+01,2.134668e+01,2.129172e+01,2.129859e+01,2.144964e+01,2.126423e+01,2.125048e+01,2.127798e+01,2.125736e+01,2.131233e+01,2.130546e+01,2.131920e+01,2.136041e+01,2.130546e+01,2.136728e+01,2.134668e+01,2.126423e+01,2.138788e+01,2.133981e+01,2.134668e+01,2.135355e+01,2.127798e+01,2.137415e+01,2.138788e+01,2.133981e+01,2.139474e+01,2.138788e+01,2.135355e+01,2.120923e+01,2.134668e+01,2.136041e+01,2.131920e+01,2.136728e+01,2.132607e+01,2.131233e+01,2.129859e+01,2.129859e+01,2.126423e+01,2.133981e+01,2.138101e+01,2.136041e+01,2.135355e+01,2.129859e+01,2.135355e+01,2.136728e+01,2.130546e+01,2.127110e+01,2.133294e+01,2.128485e+01,2.143592e+01,2.127110e+01,2.144278e+01,2.135355e+01,2.127798e+01,2.135355e+01,2.131233e+01,2.128485e+01,2.133294e+01,2.128485e+01,2.127798e+01,2.130546e+01,2.137415e+01,2.142906e+01,2.138101e+01,2.131233e+01,2.131233e+01,2.131233e+01,2.137415e+01,2.141533e+01,2.139474e+01,2.128485e+01,2.138101e+01,2.128485e+01,2.138788e+01,2.143592e+01,2.136728e+01,2.139474e+01,2.131233e+01,2.129172e+01,2.135355e+01,2.138101e+01,2.138101e+01,2.133981e+01,2.137415e+01,2.131233e+01,2.129859e+01,2.130546e+01,2.141533e+01,2.138101e+01,2.143592e+01,2.132607e+01,2.140847e+01,2.123674e+01,2.138788e+01,2.136728e+01,2.138101e+01,2.142220e+01,2.144278e+01,2.144964e+01,2.132607e+01,2.139474e+01,2.144278e+01,2.142906e+01,2.140847e+01,2.149766e+01,2.136041e+01,2.134668e+01,2.144278e+01,2.143592e+01,2.144278e+01,2.139474e+01,2.142906e+01,2.140161e+01,2.142220e+01,2.129859e+01,2.129859e+01,2.138788e+01,2.138788e+01,2.142906e+01,2.142220e+01,2.140847e+01,2.140161e+01,2.135355e+01,2.135355e+01,2.135355e+01,2.132607e+01,2.144964e+01,2.146336e+01,2.136728e+01,2.138788e+01,2.136041e+01,2.131920e+01,2.159362e+01,2.138788e+01,2.137415e+01,2.137415e+01,2.140161e+01,2.162787e+01,2.141533e+01,2.137415e+01,2.142220e+01,2.142220e+01,2.136041e+01,2.138101e+01,2.142906e+01,2.142220e+01,2.139474e+01,2.139474e+01,2.143592e+01,2.142220e+01,2.136041e+01,2.138788e+01,2.139474e+01,2.143592e+01,2.146336e+01,2.137415e+01,2.140847e+01,2.136041e+01,2.136041e+01,2.130546e+01,2.131920e+01,2.128485e+01,2.146336e+01,2.144964e+01,2.136041e+01,2.138788e+01,2.137415e+01,2.135355e+01,2.140847e+01,2.140847e+01,2.138101e+01,2.136041e+01,2.142906e+01,2.133981e+01,2.136041e+01,2.137415e+01,2.139474e+01,2.142220e+01,2.142906e+01,2.131233e+01,2.135355e+01,2.131920e+01,2.146336e+01,2.137415e+01,2.147022e+01,2.133294e+01,2.138101e+01,2.153880e+01,2.140847e+01,2.135355e+01,2.134668e+01,2.136041e+01,2.136041e+01,2.137415e+01,2.140847e+01,2.140847e+01,2.142906e+01,2.136728e+01,2.145650e+01,2.140847e+01,2.138101e+01,2.135355e+01,2.138101e+01,2.138101e+01,2.136728e+01,2.138788e+01,2.141533e+01,2.136728e+01,2.129172e+01,2.133981e+01,2.142906e+01,2.142220e+01,2.133981e+01,2.139474e+01,2.136041e+01,2.144964e+01,2.131920e+01,2.144964e+01,2.131920e+01,2.140847e+01,2.131920e+01,2.143592e+01,2.133981e+01,2.134668e+01,2.143592e+01,2.131920e+01,2.138101e+01,2.133981e+01,2.132607e+01,2.133294e+01,2.134668e+01,2.138101e+01,2.137415e+01,2.139474e+01,2.138101e+01,2.137415e+01,2.139474e+01,2.134668e+01,2.141533e+01,2.143592e+01,2.143592e+01,2.143592e+01,2.133981e+01,2.143592e+01,2.141533e+01,2.143592e+01,2.142220e+01,2.141533e+01,2.142906e+01,2.138101e+01,2.133294e+01,2.147022e+01,2.134668e+01,2.136728e+01,2.136728e+01,2.148394e+01,2.147708e+01,2.140847e+01,2.145650e+01,2.143592e+01,2.141533e+01,2.138101e+01,2.138788e+01,2.140161e+01,2.140161e+01,2.138101e+01,2.140161e+01,2.140847e+01,2.149080e+01,2.140847e+01,2.132607e+01,2.132607e+01,2.149080e+01,2.141533e+01,2.137415e+01,2.140161e+01,2.131233e+01,2.130546e+01,2.135355e+01,2.127798e+01,2.126423e+01,2.130546e+01,2.123674e+01,2.127798e+01,2.125736e+01,2.125736e+01,2.115420e+01,2.116108e+01,2.116108e+01,2.116796e+01,2.107160e+01,2.110602e+01,2.093377e+01,2.119548e+01,2.111291e+01,2.098893e+01,2.099582e+01,2.074742e+01,2.022794e+01,1.995675e+01,1.990800e+01,1.974764e+01,1.989407e+01,1.979647e+01,1.994283e+01,1.997764e+01,1.992193e+01,1.992890e+01,1.992193e+01,1.985922e+01,1.989407e+01,1.992890e+01,1.987316e+01,1.990800e+01,1.988710e+01,1.990800e+01,1.992193e+01,1.994979e+01,1.994979e+01,1.990103e+01,2.000548e+01,1.999852e+01,2.002636e+01,2.011677e+01,1.994283e+01,2.002636e+01,2.001244e+01,2.005419e+01,2.001244e+01,1.999156e+01,1.999852e+01,2.020016e+01,1.998460e+01,1.999156e+01,2.001244e+01,2.001244e+01,1.990103e+01,1.992193e+01,1.991496e+01,1.994283e+01,1.992890e+01,1.993586e+01,1.989407e+01,1.992193e+01,1.994979e+01,2.005419e+01,1.986619e+01,1.992890e+01,1.983831e+01,1.985922e+01,1.993586e+01,1.967086e+01,1.980345e+01,1.983134e+01,1.980345e+01,1.978253e+01,1.978253e+01,1.981740e+01,1.981740e+01,1.977555e+01,1.982437e+01,1.979647e+01,1.987316e+01,1.985225e+01,2.006114e+01,2.050533e+01,2.083719e+01,2.053303e+01,2.011677e+01,2.001940e+01,1.992193e+01,1.983134e+01,1.985225e+01,1.990103e+01,1.997764e+01,1.998460e+01,2.006114e+01,1.993586e+01,1.988710e+01,1.996371e+01,2.008201e+01,1.992193e+01,1.993586e+01,1.994979e+01,2.001244e+01,1.990103e+01,1.993586e+01,1.993586e+01,2.000548e+01,1.996371e+01,2.001244e+01,1.991496e+01,1.999852e+01,1.989407e+01,2.000548e+01,1.996371e+01,1.999852e+01,2.003332e+01,1.993586e+01,1.994283e+01,1.992890e+01,1.996371e+01,1.998460e+01,2.003332e+01,1.993586e+01,1.999156e+01,2.001940e+01,1.997764e+01,2.002636e+01,2.001244e+01,1.994979e+01,1.990800e+01,1.991496e+01,2.001244e+01,2.000548e+01,1.998460e+01,1.995675e+01,1.993586e+01,1.994283e+01,1.995675e+01,1.999852e+01,1.990103e+01,2.003332e+01,1.985225e+01,1.996371e+01,1.997068e+01,1.995675e+01,1.981740e+01,1.991496e+01,1.988710e+01,1.983134e+01,1.988710e+01,1.996371e+01,1.990103e+01,1.985225e+01,1.984528e+01,1.989407e+01,1.992890e+01,1.987316e+01,1.990800e+01,1.986619e+01,1.995675e+01,1.989407e+01,1.976160e+01,1.989407e+01,1.988013e+01,1.987316e+01,1.983134e+01,1.977555e+01,1.989407e+01,1.989407e+01,1.985922e+01,1.990800e+01,1.990800e+01,1.987316e+01,1.985922e+01,1.983831e+01,1.997068e+01,1.985922e+01,1.992890e+01,1.992193e+01,1.981740e+01,1.984528e+01,1.989407e+01,1.994283e+01,2.022794e+01,2.058840e+01,2.099582e+01,2.118172e+01,2.119548e+01,2.117484e+01,2.119548e+01,2.113355e+01,2.118860e+01,2.121611e+01,2.121611e+01,2.119548e+01,2.127110e+01,2.119548e+01,2.114732e+01,2.118860e+01,2.118860e+01,2.119548e+01,2.131920e+01,2.112667e+01,2.114732e+01,2.131920e+01,2.107848e+01,2.125048e+01,2.112667e+01,2.118860e+01,2.118172e+01,2.120923e+01,2.120923e+01,2.122298e+01,2.120235e+01,2.127110e+01,2.111979e+01,2.125048e+01,2.121611e+01,2.117484e+01,2.104405e+01,2.107160e+01,2.106471e+01,2.111291e+01,2.103716e+01,2.114044e+01,2.107160e+01,2.110602e+01,2.111979e+01,2.111979e+01,2.110602e+01,2.103027e+01,2.109225e+01,2.104405e+01,2.108537e+01,2.107848e+01,2.098893e+01,2.098893e+01,2.103716e+01,2.094757e+01,2.098893e+01,2.091308e+01,2.102338e+01,2.100271e+01,2.105782e+01,2.104405e+01,2.097514e+01,2.103716e+01,2.106471e+01,2.097514e+01,2.111291e+01,2.108537e+01,2.091308e+01,2.094067e+01,2.100271e+01,2.104405e+01,2.109914e+01,2.116108e+01,2.104405e+01,2.106471e+01,2.109225e+01,2.098203e+01,2.106471e+01,2.109914e+01,2.109225e+01,2.110602e+01,2.111291e+01,2.109225e+01,2.097514e+01,2.109225e+01,2.107848e+01,2.115420e+01,2.113355e+01,2.104405e+01,2.107848e+01,2.103716e+01,2.120923e+01,2.117484e+01,2.099582e+01
2.117484e+01,2.115420e+01,2.109914e+01,2.113355e+01,2.116108e+01,2.113355e+01,2.119548e+01,2.116796e+01,2.119548e+01,2.114044e+01,2.093377e+01,2.116108e+01,2.118172e+01,2.117484e+01,2.098203e+01,2.125048e+01,2.123674e+01,2.118860e+01,2.109914e+01,2.108537e+01,2.120235e+01,2.106471e+01,2.127110e+01,2.114044e+01,2.106471e+01,2.125736e+01,2.111979e+01,2.122986e+01,2.107848e+01,2.123674e+01,2.120235e+01,2.117484e+01,2.112667e+01,2.116796e+01,2.118860e+01,2.126423e+01,2.118172e+01,2.113355e+01,2.114732e+01,2.121611e+01,2.117484e+01,2.114732e+01,2.114732e+01,2.121611e+01,2.110602e+01,2.122298e+01,2.114732e+01,2.112667e+01,2.121611e+01,2.119548e+01,2.115420e+01,2.116108e+01,2.120235e+01,2.124361e+01,2.118860e+01,2.114732e+01,2.124361e+01,2.120235e+01,2.126423e+01,2.123674e+01,2.122298e+01,2.121611e+01,2.124361e+01,2.127110e+01,2.127798e+01,2.132607e+01,2.125736e+01,2.125736e+01,2.115420e+01,2.121611e+01,2.129172e+01,2.126423e+01,2.122298e+01,2.121611e+01,2.128485e+01,2.127110e+01,2.129172e+01,2.120235e+01,2.120235e+01,2.131233e+01,2.129172e+01,2.132607e+01,2.132607e+01,2.136041e+01,2.136041e+01,2.125048e+01,2.133981e+01,2.126423e+01,2.125048e+01,2.133294e+01,2.131233e+01,2.127110e+01,2.142906e+01,2.138788e+01,2.144964e+01,2.133294e+01,2.132607e+01,2.131233e+01,2.133981e+01,2.131233e+01,2.131233e+01,2.130546e+01,2.135355e+01,2.138101e+01,2.136041e+01,2.140847e+01,2.141533e+01,2.138788e+01,2.136728e+01,2.135355e+01,2.133981e+01,2.136041e+01,2.143592e+01,2.131233e+01,2.142220e+01,2.137415e+01,2.131233e+01,2.137415e+01,2.136728e+01,2.133981e+01,2.130546e+01,2.137415e+01,2.136728e+01,2.127798e+01,2.127110e+01,2.130546e+01,2.127798e+01,2.138788e+01,2.124361e+01,2.129859e+01,2.144964e+01,2.143592e+01,2.127798e+01,2.135355e+01,2.130546e+01,2.125736e+01,2.127110e+01,2.125736e+01,2.125048e+01,2.134668e+01,2.136041e+01,2.136041e+01,2.131233e+01,2.133294e+01,2.131920e+01,2.151137e+01,2.128485e+01,2.136728e+01,2.138101e+01,2.136728e+01,2.122298e+01,2.142906e+01,2.129859e+01,2.133294e+01,2.130546e+01,2.127798e+01,2.127110e+01,2.140161e+01,2.115420e+01,2.136041e+01,2.131920e+01,2.126423e+01,2.137415e+01,2.138101e+01,2.134668e+01,2.147022e+01,2.142220e+01,2.140161e+01,2.139474e+01,2.142906e+01,2.140847e+01,2.136728e+01,2.137415e+01,2.136728e+01,2.139474e+01,2.142220e+01,2.140847e+01,2.150451e+01,2.141533e+01,2.148394e+01,2.136041e+01,2.144278e+01,2.140161e+01,2.147022e+01,2.135355e+01,2.137415e+01,2.147022e+01,2.141533e+01,2.140161e+01,2.147708e+01,2.135355e+01,2.144278e+01,2.137415e+01,2.137415e+01,2.131233e+01,2.140847e+01,2.142220e+01,2.138788e+01,2.133294e+01,2.140847e+01,2.137415e+01,2.138788e+01,2.133981e+01,2.135355e+01,2.147708e+01,2.140847e+01,2.137415e+01,2.141533e+01,2.140847e+01,2.134668e+01,2.143592e+01,2.136728e+01,2.142906e+01,2.142220e+01,2.139474e+01,2.139474e+01,2.140161e+01,2.141533e+01,2.138788e+01,2.126423e+01,2.144278e+01,2.140161e+01,2.138101e+01,2.142906e+01,2.141533e+01,2.140161e+01,2.145650e+01,2.144278e+01,2.146336e+01,2.145650e+01,2.135355e+01,2.136728e+01,2.144964e+01,2.137415e+01,2.147022e+01,2.137415e+01,2.138101e+01,2.142906e+01,2.151823e+01,2.147022e+01,2.143592e+01,2.139474e+01,2.141533e+01,2.151137e+01,2.147022e+01,2.136041e+01,2.139474e+01,2.142220e+01,2.142220e+01,2.127798e+01,2.138788e+01,2.143592e+01,2.131233e+01,2.162102e+01,2.132607e+01,2.140847e+01,2.138788e+01,2.143592e+01,2.135355e+01,2.138788e+01,2.138788e+01,2.142906e+01,2.146336e+01,2.141533e+01,2.134668e+01,2.143592e+01,2.134668e+01,2.145650e+01,2.137415e+01,2.136041e+01,2.141533e+01,2.138788e+01,2.142220e+01,2.149766e+01,2.151137e+01,2.140161e+01,2.142906e+01,2.142906e+01,2.138788e+01,2.140847e+01,2.136728e+01,2.142906e+01,2.140161e+01,2.140161e+01,2.140161e+01,2.138101e+01,2.141533e+01,2.136728e+01,2.142906e+01,2.135355e+01,2.137415e+01,2.145650e+01,2.142906e+01,2.135355e+01,2.145650e+01,2.136041e+01,2.140847e+01,2.133981e+01,2.132607e+01,2.133981e+01,2.134668e+01,2.130546e+01,2.135355e+01,2.139474e+01,2.137415e+01,2.129172e+01,2.137415e+01,2.136728e+01,2.141533e+01,2.138788e+01,2.147022e+01,2.138788e+01,2.137415e+01,2.139474e+01,2.140161e+01,2.140847e+01,2.136041e+01,2.133981e+01,2.136041e+01,2.136728e+01,2.136728e+01,2.143592e+01,2.145650e+01,2.137415e+01,2.144964e+01,2.133981e+01,2.149766e+01,2.142220e+01,2.140847e+01,2.137415e+01,2.139474e+01,2.138101e+01,2.137415e+01,2.136728e+01,2.138101e+01,2.139474e+01,2.152508e+01,2.143592e+01,2.138788e+01,2.149766e+01,2.151137e+01,2.141533e+01,2.137415e+01,2.138788e+01,2.137415e+01,2.139474e+01,2.141533e+01,2.127798e+01,2.129859e+01,2.138101e+01,2.137415e+01,2.145650e+01,2.131920e+01,2.131920e+01,2.133294e+01,2.137415e+01,2.130546e+01,2.149080e+01,2.129859e+01,2.127110e+01,2.123674e+01,2.118172e+01,2.115420e+01,2.116108e+01,2.101649e+01,2.102338e+01,2.074051e+01,2.073360e+01,2.067831e+01,2.067831e+01,2.074742e+01,2.069905e+01,2.069213e+01,2.076814e+01,2.073360e+01,2.075432e+01,2.074742e+01,2.074051e+01,2.025571e+01,2.000548e+01,1.992890e+01,1.988013e+01,1.987316e+01,1.986619e+01,1.985225e+01,1.993586e+01,1.992193e+01,1.997764e+01,1.992890e+01,1.993586e+01,1.994283e+01,1.991496e+01,1.988013e+01,1.987316e+01,1.997764e+01,1.996371e+01,1.992193e+01,1.992890e+01,1.989407e+01,1.992890e+01,1.999156e+01,2.000548e+01,1.998460e+01,2.001244e+01,1.989407e+01,2.004027e+01,2.001244e+01,2.003332e+01,2.003332e+01,2.005419e+01,1.999852e+01,2.007505e+01,1.997764e+01,2.000548e+01,2.007505e+01,1.995675e+01,2.004027e+01,1.997764e+01,2.007505e+01,1.997068e+01,1.992890e+01,1.989407e+01,1.996371e+01,1.989407e+01,1.987316e+01,1.987316e+01,1.982437e+01,1.986619e+01,1.993586e+01,1.979647e+01,1.989407e+01,1.979647e+01,1.991496e+01,1.981740e+01,1.966388e+01,1.959402e+01,1.981042e+01,1.981740e+01,1.988710e+01,1.978950e+01,1.983831e+01,1.988013e+01,1.978253e+01,1.992193e+01,1.996371e+01,2.029736e+01,2.053995e+01,2.075432e+01,2.022794e+01,2.015153e+01,2.002636e+01,1.998460e+01,2.001940e+01,1.995675e+01,1.998460e+01,1.999852e+01,1.995675e+01,1.997068e+01,1.998460e+01,1.993586e+01,1.999852e+01,1.994979e+01,1.992890e+01,1.999156e+01,1.989407e+01,1.995675e+01,1.997764e+01,1.990103e+01,1.988013e+01,1.992193e+01,1.994979e+01,1.992890e+01,1.992890e+01,1.999156e+01,1.997068e+01,2.001244e+01,1.999156e+01,1.995675e+01,1.999156e+01,1.992890e+01,1.993586e+01,2.004027e+01,1.999852e+01,1.990800e+01,1.997068e+01,1.999156e+01,1.997068e+01,1.992193e+01,2.000548e+01,1.997764e+01,1.989407e+01,1.997764e+01,1.987316e+01,1.997764e+01,1.992890e+01,1.992193e+01,1.997764e+01,2.002636e+01,1.995675e+01,1.999156e+01,2.003332e+01,1.997764e+01,1.993586e+01,2.001940e+01,2.004723e+01,1.997068e+01,1.988710e+01,1.981740e+01,1.981042e+01,1.991496e+01,1.992193e+01,1.993586e+01,1.994283e+01,1.995675e+01,1.982437e+01,1.990800e+01,1.992193e+01,1.981740e+01,1.990103e+01,1.994283e+01,1.986619e+01,1.996371e+01,1.978253e+01,1.981740e+01,1.978950e+01,1.986619e+01,1.988710e+01,1.990800e+01,1.983831e+01,1.988013e+01,1.986619e+01,1.989407e+01,1.988013e+01,1.992890e+01,1.985922e+01,1.988710e+01,1.986619e+01,1.982437e+01,1.991496e+01,1.984528e+01,1.990800e+01,1.994979e+01,1.981740e+01,1.997764e+01,2.024183e+01,2.067831e+01,2.102338e+01,2.110602e+01,2.120235e+01,2.118172e+01,2.120923e+01,2.128485e+01,2.120235e+01,2.128485e+01,2.120235e+01,2.127798e+01,2.132607e+01,2.121611e+01,2.115420e+01,2.121611e+01,2.120235e+01,2.120235e+01,2.121611e+01,2.122986e+01,2.136728e+01,2.123674e+01,2.131233e+01,2.121611e+01,2.114732e+01,2.114732e+01,2.116796e+01,2.113355e+01,2.115420e+01,2.117484e+01,2.113355e+01,2.118172e+01,2.122986e+01,2.116108e+01,2.126423e+01,2.125736e+01,2.118172e+01,2.107848e+01,2.122298e+01,2.114732e+01,2.108537e+01,2.109225e+01,2.112667e+01,2.118860e+01,2.107848e+01,2.107160e+01,2.108537e+01,2.107160e+01,2.109914e+01,2.110602e+01,2.105094e+01,2.106471e+01,2.104405e+01,2.094757e+01,2.102338e+01,2.096135e+01,2.105094e+01,2.090619e+01,2.093377e+01,2.097514e+01,2.102338e+01,2.100271e+01,2.107848e+01,2.103027e+01,2.103716e+01,2.111979e+01,2.104405e+01,2.108537e+01,2.109225e+01,2.107848e+01,2.110602e+01,2.103716e+01,2.111979e+01,2.100271e+01,2.105782e+01,2.100271e+01,2.107160e+01,2.102338e+01,2.101649e+01,2.105094e+01,2.113355e+01,2.105094e+01,2.096825e+01,2.111291e+01,2.111291e+01,2.109225e+01,2.110602e+01,2.109914e+01,2.100960e+01,2.114732e+01,2.109225e+01,2.109225e+01,2.111291e+01,2.109914e+01,2.111291e+01,2.100271e+01
2.130546e+01,2.116796e+01,2.119548e+01,2.113355e+01,2.110602e+01,2.110602e+01,2.118860e+01,2.120235e+01,2.096825e+01,2.117484e+01,2.118860e+01,2.114044e+01,2.117484e+01,2.115420e+01,2.107160e+01,2.116796e+01,2.114732e+01,2.127110e+01,2.114044e+01,2.112667e+01,2.105094e+01,2.110602e+01,2.113355e+01,2.118860e+01,2.114732e+01,2.114044e+01,2.117484e+01,2.112667e+01,2.111979e+01,2.126423e+01,2.106471e+01,2.118860e+01,2.116108e+01,2.115420e+01,2.106471e+01,2.115420e+01,2.113355e+01,2.123674e+01,2.118860e+01,2.115420e+01,2.111979e+01,2.112667e+01,2.113355e+01,2.115420e+01,2.111979e+01,2.113355e+01,2.120923e+01,2.109914e+01,2.118172e+01,2.118860e+01,2.106471e+01,2.114044e+01,2.116108e+01,2.121611e+01,2.114044e+01,2.124361e+01,2.126423e+01,2.118172e+01,2.120235e+01,2.120235e+01,2.098893e+01,2.120923e+01,2.121611e+01,2.125736e+01,2.131920e+01,2.123674e+01,2.122986e+01,2.125736e+01,2.122986e+01,2.127798e+01,2.124361e+01,2.124361e+01,2.131920e+01,2.125736e+01,2.122298e+01,2.122986e+01,2.129172e+01,2.121611e+01,2.124361e+01,2.136041e+01,2.125736e+01,2.130546e+01,2.135355e+01,2.133981e+01,2.132607e+01,2.124361e+01,2.123674e+01,2.125048e+01,2.125048e+01,2.126423e+01,2.133294e+01,2.135355e+01,2.133981e+01,2.130546e+01,2.136728e+01,2.129172e+01,2.132607e+01,2.135355e+01,2.136728e+01,2.137415e+01,2.136728e+01,2.133294e+01,2.137415e+01,2.139474e+01,2.133981e+01,2.144278e+01,2.144964e+01,2.128485e+01,2.136728e+01,2.131233e+01,2.138788e+01,2.132607e+01,2.140847e+01,2.140847e+01,2.142220e+01,2.144278e+01,2.136041e+01,2.136728e+01,2.133981e+01,2.138101e+01,2.135355e+01,2.129172e+01,2.128485e+01,2.130546e+01,2.114732e+01,2.124361e+01,2.114044e+01,2.126423e+01,2.125736e+01,2.127798e+01,2.130546e+01,2.136728e+01,2.136728e+01,2.130546e+01,2.129859e+01,2.140161e+01,2.135355e+01,2.137415e+01,2.123674e+01,2.135355e+01,2.140161e+01,2.130546e+01,2.132607e+01,2.132607e+01,2.132607e+01,2.131920e+01,2.136041e+01,2.133294e+01,2.137415e+01,2.142220e+01,2.135355e+01,2.133981e+01,2.136728e+01,2.140847e+01,2.144278e+01,2.125048e+01,2.141533e+01,2.139474e+01,2.135355e+01,2.133294e+01,2.129859e+01,2.134668e+01,2.137415e+01,2.131233e+01,2.138101e+01,2.127110e+01,2.138788e+01,2.140847e+01,2.142906e+01,2.142906e+01,2.144278e+01,2.136728e+01,2.140847e+01,2.140847e+01,2.138101e+01,2.138101e+01,2.138788e+01,2.133981e+01,2.133981e+01,2.148394e+01,2.142220e+01,2.139474e+01,2.136728e+01,2.146336e+01,2.138788e+01,2.134668e+01,2.153880e+01,2.150451e+01,2.135355e+01,2.145650e+01,2.148394e+01,2.135355e+01,2.147022e+01,2.139474e+01,2.140161e+01,2.140847e+01,2.142906e+01,2.139474e+01,2.142220e+01,2.140847e+01,2.132607e+01,2.130546e+01,2.137415e+01,2.132607e+01,2.133981e+01,2.142220e+01,2.138788e+01,2.149766e+01,2.147022e+01,2.140847e+01,2.144964e+01,2.137415e+01,2.146336e+01,2.138788e+01,2.140161e+01,2.136728e+01,2.138101e+01,2.142220e+01,2.143592e+01,2.142906e+01,2.143592e+01,2.140161e+01,2.147022e+01,2.142906e+01,2.149080e+01,2.144964e+01,2.142220e+01,2.133981e+01,2.139474e+01,2.142220e+01,2.143592e+01,2.154565e+01,2.133981e+01,2.144964e+01,2.131233e+01,2.139474e+01,2.136728e+01,2.149080e+01,2.140847e+01,2.138101e+01,2.146336e+01,2.147708e+01,2.148394e+01,2.145650e+01,2.141533e+01,2.139474e+01,2.150451e+01,2.144278e+01,2.144278e+01,2.141533e+01,2.132607e+01,2.144964e+01,2.135355e+01,2.130546e+01,2.136041e+01,2.138101e+01,2.141533e+01,2.139474e+01,2.135355e+01,2.138788e+01,2.131920e+01,2.141533e+01,2.141533e+01,2.138101e+01,2.141533e+01,2.137415e+01,2.138101e+01,2.140161e+01,2.136728e+01,2.141533e+01,2.138101e+01,2.141533e+01,2.144964e+01,2.138788e+01,2.133981e+01,2.138788e+01,2.133981e+01,2.136041e+01,2.142220e+01,2.142220e+01,2.135355e+01,2.130546e+01,2.142906e+01,2.138788e+01,2.140161e+01,2.136728e+01,2.140161e+01,2.140847e+01,2.142220e+01,2.142220e+01,2.142906e+01,2.143592e+01,2.140847e+01,2.140161e+01,2.140847e+01,2.147708e+01,2.138788e+01,2.131920e+01,2.134668e+01,2.126423e+01,2.134668e+01,2.133294e+01,2.131233e+01,2.131233e+01,2.128485e+01,2.136728e+01,2.133981e+01,2.134668e+01,2.136728e+01,2.136728e+01,2.136041e+01,2.140161e+01,2.138788e+01,2.138788e+01,2.135355e+01,2.142906e+01,2.136728e+01,2.138788e+01,2.135355e+01,2.139474e+01,2.129859e+01,2.134668e+01,2.130546e+01,2.142906e+01,2.140161e+01,2.146336e+01,2.151137e+01,2.146336e+01,2.143592e+01,2.147708e+01,2.139474e+01,2.151823e+01,2.137415e+01,2.136041e+01,2.142220e+01,2.144278e+01,2.144964e+01,2.131920e+01,2.134668e+01,2.142220e+01,2.144964e+01,2.139474e+01,2.140847e+01,2.138788e+01,2.138788e+01,2.138788e+01,2.138788e+01,2.133981e+01,2.135355e+01,2.129172e+01,2.134668e+01,2.133981e+01,2.148394e+01,2.126423e+01,2.144278e+01,2.138788e+01,2.136728e+01,2.133981e+01,2.125736e+01,2.096825e+01,2.096825e+01,2.071287e+01,2.080957e+01,2.049148e+01,2.044298e+01,2.023489e+01,2.020016e+01,2.023489e+01,2.024183e+01,2.020711e+01,2.007505e+01,2.010982e+01,2.016542e+01,2.018627e+01,2.022794e+01,2.031124e+01,2.031124e+01,2.018627e+01,1.998460e+01,1.992193e+01,1.990103e+01,1.991496e+01,1.985922e+01,1.983134e+01,1.990800e+01,1.987316e+01,1.986619e+01,1.999156e+01,1.986619e+01,1.988013e+01,1.988013e+01,1.988710e+01,1.992193e+01,1.997068e+01,1.989407e+01,1.988710e+01,1.992193e+01,1.995675e+01,1.983134e+01,1.988710e+01,1.988013e+01,1.985225e+01,1.992193e+01,1.985922e+01,1.999852e+01,2.000548e+01,2.004027e+01,2.003332e+01,2.011677e+01,2.001244e+01,2.005419e+01,1.997068e+01,1.999852e+01,1.999852e+01,1.999852e+01,1.997068e+01,1.994979e+01,1.989407e+01,1.996371e+01,1.994979e+01,1.988013e+01,2.004723e+01,1.992890e+01,1.990800e+01,1.994283e+01,1.986619e+01,1.998460e+01,1.995675e+01,1.993586e+01,1.994283e+01,1.986619e+01,1.968483e+01,1.984528e+01,1.981042e+01,1.976858e+01,1.978950e+01,1.978950e+01,1.991496e+01,1.981740e+01,1.976858e+01,1.983831e+01,1.983134e+01,1.976858e+01,1.985922e+01,1.989407e+01,2.031818e+01,2.053995e+01,2.076814e+01,2.024183e+01,1.999852e+01,1.999156e+01,1.982437e+01,1.999156e+01,1.983134e+01,1.988013e+01,2.004027e+01,1.995675e+01,1.998460e+01,2.008201e+01,1.992890e+01,1.997068e+01,1.997068e+01,1.995675e+01,1.992890e+01,2.002636e+01,1.999156e+01,1.992193e+01,1.998460e+01,1.990800e+01,1.996371e+01,1.993586e+01,2.003332e+01,1.997068e+01,1.993586e+01,1.992193e+01,1.999852e+01,1.995675e+01,1.995675e+01,1.994979e+01,1.993586e+01,1.994979e+01,2.002636e+01,1.996371e+01,1.997068e+01,2.004027e+01,1.994979e+01,1.987316e+01,1.988710e+01,1.998460e+01,1.997068e+01,2.003332e+01,2.001244e+01,1.995675e+01,1.997764e+01,1.997764e+01,1.997764e+01,1.997068e+01,2.003332e+01,1.999156e+01,1.997764e+01,2.000548e+01,2.000548e+01,1.996371e+01,1.990103e+01,1.986619e+01,1.988710e+01,1.985922e+01,1.988013e+01,1.992890e+01,1.990800e+01,1.981042e+01,1.990103e+01,1.992890e+01,1.996371e+01,1.995675e+01,1.994283e+01,1.994979e+01,1.986619e+01,1.998460e+01,1.990800e+01,2.001244e+01,1.980345e+01,1.994979e+01,1.983831e+01,1.994283e+01,1.988013e+01,1.985922e+01,1.990103e+01,1.987316e+01,1.981740e+01,2.003332e+01,1.980345e+01,1.990800e+01,1.985922e+01,1.981740e+01,1.986619e+01,1.984528e+01,1.981740e+01,1.982437e+01,1.995675e+01,1.988710e+01,1.987316e+01,1.993586e+01,2.006114e+01,2.078886e+01,2.097514e+01,2.110602e+01,2.112667e+01,2.125048e+01,2.122298e+01,2.121611e+01,2.120235e+01,2.116796e+01,2.118860e+01,2.115420e+01,2.117484e+01,2.118172e+01,2.121611e+01,2.115420e+01,2.114044e+01,2.128485e+01,2.116796e+01,2.126423e+01,2.118172e+01,2.123674e+01,2.122986e+01,2.128485e+01,2.109914e+01,2.122298e+01,2.120923e+01,2.115420e+01,2.122298e+01,2.125048e+01,2.107848e+01,2.123674e+01,2.118172e+01,2.104405e+01,2.115420e+01,2.118860e+01,2.113355e+01,2.125048e+01,2.111979e+01,2.119548e+01,2.110602e+01,2.107160e+01,2.105094e+01,2.105782e+01,2.111979e+01,2.107160e+01,2.107848e+01,2.107848e+01,2.107848e+01,2.108537e+01,2.116108e+01,2.109225e+01,2.100960e+01,2.098893e+01,2.103027e+01,2.101649e+01,2.100271e+01,2.100271e+01,2.095446e+01,2.103027e+01,2.094757e+01,2.088549e+01,2.097514e+01,2.105094e+01,2.095446e+01,2.102338e+01,2.101649e+01,2.098893e+01,2.103027e+01,2.105094e+01,2.099582e+01,2.100271e+01,2.105094e+01,2.098893e+01,2.102338e+01,2.098203e+01,2.100960e+01,2.099582e+01,2.098203e+01,2.098893e+01,2.096825e+01,2.095446e+01,2.103027e+01,2.095446e+01,2.103027e+01,2.092688e+01,2.091998e+01,2.111291e+01,2.111979e+01,2.107160e+01,2.106471e+01,2.107160e+01,2.107160e+01,2.107160e+01,2.116108e+01,2.103716e+01,2.100271e+01
2.109914e+01,2.124361e+01,2.123674e+01,2.116108e+01,2.120235e+01,2.119548e+01,2.112667e+01,2.118172e+01,2.129172e+01,2.114044e+01,2.115420e+01,2.116796e+01,2.127110e+01,2.114044e+01,2.123674e+01,2.109914e+01,2.122986e+01,2.104405e+01,2.118860e+01,2.111979e+01,2.109225e+01,2.112667e+01,2.116796e+01,2.122986e+01,2.119548e+01,2.124361e+01,2.115420e+01,2.126423e+01,2.124361e+01,2.120235e+01,2.118860e+01,2.105782e+01,2.118172e+01,2.106471e+01,2.119548e+01,2.114732e+01,2.120923e+01,2.117484e+01,2.113355e+01,2.116796e+01,2.114044e+01,2.119548e+01,2.118860e+01,2.118172e+01,2.107160e+01,2.106471e+01,2.120235e+01,2.111979e+01,2.120235e+01,2.114044e+01,2.120235e+01,2.116796e+01,2.118860e+01,2.128485e+01,2.115420e+01,2.131920e+01,2.125048e+01,2.124361e+01,2.127798e+01,2.124361e+01,2.122986e+01,2.118172e+01,2.118860e+01,2.127798e+01,2.129859e+01,2.122986e+01,2.123674e+01,2.120923e+01,2.121611e+01,2.120923e+01,2.127798e+01,2.119548e+01,2.127798e+01,2.137415e+01,2.131233e+01,2.133294e+01,2.120235e+01,2.124361e+01,2.131920e+01,2.137415e+01,2.123674e+01,2.128485e+01,2.125736e+01,2.131920e+01,2.127798e+01,2.125736e+01,2.127110e+01,2.148394e+01,2.134668e+01,2.131233e+01,2.144964e+01,2.134668e+01,2.131233e+01,2.140161e+01,2.140161e+01,2.138101e+01,2.133981e+01,2.135355e+01,2.134668e+01,2.129859e+01,2.137415e+01,2.133981e+01,2.133294e+01,2.137415e+01,2.135355e+01,2.133294e+01,2.157991e+01,2.144964e+01,2.144964e+01,2.140161e+01,2.132607e+01,2.137415e+01,2.143592e+01,2.137415e+01,2.136728e+01,2.138101e+01,2.138101e+01,2.133981e+01,2.130546e+01,2.137415e+01,2.133294e+01,2.130546e+01,2.133294e+01,2.131233e+01,2.136728e+01,2.138101e+01,2.129172e+01,2.131920e+01,2.120923e+01,2.127798e+01,2.128485e+01,2.144278e+01,2.127110e+01,2.141533e+01,2.140847e+01,2.138788e+01,2.140161e+01,2.132607e+01,2.129172e+01,2.128485e+01,2.133294e+01,2.133294e+01,2.131920e+01,2.135355e+01,2.131920e+01,2.131920e+01,2.135355e+01,2.137415e+01,2.138788e+01,2.140161e+01,2.136041e+01,2.138788e+01,2.137415e+01,2.138101e+01,2.138788e+01,2.140847e+01,2.128485e+01,2.141533e+01,2.136041e+01,2.133981e+01,2.151823e+01,2.140161e+01,2.136728e+01,2.136728e+01,2.129859e+01,2.130546e+01,2.136041e+01,2.142906e+01,2.143592e+01,2.144964e+01,2.142220e+01,2.144278e+01,2.137415e+01,2.142906e+01,2.138788e+01,2.142220e+01,2.140847e+01,2.145650e+01,2.133981e+01,2.144278e+01,2.142906e+01,2.147708e+01,2.139474e+01,2.134668e+01,2.148394e+01,2.141533e+01,2.147022e+01,2.141533e+01,2.138101e+01,2.147708e+01,2.144278e+01,2.141533e+01,2.142906e+01,2.137415e+01,2.136728e+01,2.142220e+01,2.137415e+01,2.140161e+01,2.132607e+01,2.142220e+01,2.138788e+01,2.141533e+01,2.133981e+01,2.137415e+01,2.132607e+01,2.145650e+01,2.139474e+01,2.144278e+01,2.134668e+01,2.132607e+01,2.131920e+01,2.147022e+01,2.140161e+01,2.140847e+01,2.142220e+01,2.144278e+01,2.140847e+01,2.146336e+01,2.141533e+01,2.145650e+01,2.147708e+01,2.148394e+01,2.142906e+01,2.144964e+01,2.149766e+01,2.131233e+01,2.144964e+01,2.140161e+01,2.149766e+01,2.133981e+01,2.140161e+01,2.140161e+01,2.144964e+01,2.144964e+01,2.143592e+01,2.145650e+01,2.140847e+01,2.140161e+01,2.144964e+01,2.140847e+01,2.145650e+01,2.138788e+01,2.144964e+01,2.144964e+01,2.142220e+01,2.142220e+01,2.142906e+01,2.150451e+01,2.133981e+01,2.138101e+01,2.151137e+01,2.129859e+01,2.132607e+01,2.135355e+01,2.131233e+01,2.142220e+01,2.131920e+01,2.149766e+01,2.137415e+01,2.138788e+01,2.144278e+01,2.138101e+01,2.146336e+01,2.142220e+01,2.140161e+01,2.136728e+01,2.144278e+01,2.137415e+01,2.137415e+01,2.139474e+01,2.138788e+01,2.139474e+01,2.140847e+01,2.138101e+01,2.144964e+01,2.142220e+01,2.138788e+01,2.138788e+01,2.136728e+01,2.140161e+01,2.142906e+01,2.136728e+01,2.138101e+01,2.138788e+01,2.138788e+01,2.136728e+01,2.140847e+01,2.140161e+01,2.144964e+01,2.143592e+01,2.140847e+01,2.136728e+01,2.136041e+01,2.142906e+01,2.136728e+01,2.140847e+01,2.142220e+01,2.126423e+01,2.129859e+01,2.129172e+01,2.132607e+01,2.131920e+01,2.134668e+01,2.140161e+01,2.137415e+01,2.139474e+01,2.135355e+01,2.140161e+01,2.142220e+01,2.138788e+01,2.140161e+01,2.138101e+01,2.140161e+01,2.142220e+01,2.142906e+01,2.139474e+01,2.138101e+01,2.138101e+01,2.137415e+01,2.142220e+01,2.133294e+01,2.142220e+01,2.136728e+01,2.144278e+01,2.142220e+01,2.149766e+01,2.147022e+01,2.144278e+01,2.145650e+01,2.144964e+01,2.142906e+01,2.139474e+01,2.146336e+01,2.144964e+01,2.144278e+01,2.146336e+01,2.137415e+01,2.149080e+01,2.145650e+01,2.137415e+01,2.144278e+01,2.145650e+01,2.149080e+01,2.137415e+01,2.140161e+01,2.136728e+01,2.140847e+01,2.141533e+01,2.142220e+01,2.140161e+01,2.134668e+01,2.151137e+01,2.145650e+01,2.138788e+01,2.145650e+01,2.125048e+01,2.130546e+01,2.100271e+01,2.077505e+01,2.056763e+01,2.035286e+01,2.019321e+01,2.021405e+01,2.016542e+01,1.992890e+01,1.988710e+01,1.988710e+01,1.988710e+01,1.982437e+01,1.985922e+01,1.981740e+01,2.004027e+01,1.985225e+01,1.997068e+01,1.984528e+01,1.993586e+01,1.995675e+01,1.998460e+01,1.996371e+01,1.995675e+01,1.976160e+01,1.987316e+01,1.982437e+01,1.977555e+01,1.983831e+01,1.979647e+01,1.980345e+01,1.992890e+01,1.989407e+01,2.001244e+01,1.994979e+01,1.983831e+01,1.998460e+01,1.997068e+01,1.986619e+01,1.994979e+01,1.992193e+01,1.991496e+01,1.996371e+01,1.987316e+01,1.994979e+01,1.991496e+01,1.992193e+01,2.000548e+01,2.001940e+01,2.002636e+01,2.004723e+01,2.002636e+01,2.010982e+01,2.006810e+01,2.001244e+01,1.997764e+01,1.997068e+01,1.999156e+01,1.997068e+01,1.999852e+01,1.995675e+01,1.988710e+01,2.000548e+01,1.992193e+01,1.993586e+01,1.995675e+01,1.989407e+01,1.987316e+01,1.988710e+01,1.991496e+01,1.999156e+01,1.978253e+01,1.981042e+01,1.992193e+01,1.988710e+01,1.993586e+01,1.986619e+01,1.992890e+01,1.983134e+01,1.983831e+01,1.983831e+01,1.985225e+01,1.988013e+01,2.000548e+01,1.985922e+01,1.983134e+01,1.976858e+01,1.990103e+01,2.004723e+01,2.008896e+01,2.041526e+01,2.065065e+01,2.054687e+01,2.016542e+01,1.998460e+01,1.983831e+01,1.999156e+01,2.000548e+01,1.998460e+01,1.996371e+01,1.997764e+01,1.988710e+01,1.995675e+01,1.999156e+01,1.995675e+01,1.994979e+01,2.003332e+01,1.997764e+01,1.996371e+01,1.997068e+01,1.992890e+01,1.995675e+01,1.998460e+01,2.001940e+01,1.996371e+01,2.002636e+01,1.994283e+01,1.997068e+01,2.001244e+01,2.000548e+01,2.000548e+01,1.997764e+01,2.000548e+01,1.994979e+01,1.997068e+01,2.001940e+01,1.990800e+01,1.997764e+01,1.999852e+01,1.998460e+01,1.990103e+01,1.990103e+01,2.000548e+01,1.988013e+01,1.992890e+01,2.000548e+01,2.001244e+01,1.999852e+01,1.999156e+01,1.995675e+01,1.996371e+01,1.999852e+01,2.001244e+01,1.999852e+01,2.001244e+01,1.990800e+01,1.997068e+01,1.997764e+01,1.995675e+01,1.997764e+01,1.990103e+01,2.004723e+01,1.990800e+01,1.998460e+01,1.993586e+01,1.995675e+01,1.988710e+01,1.994283e+01,1.992890e+01,1.991496e+01,1.995675e+01,1.990103e+01,1.997764e+01,1.983831e+01,2.001940e+01,1.990103e+01,1.986619e+01,1.992890e+01,1.986619e+01,1.988013e+01,1.990800e+01,1.990103e+01,1.991496e+01,1.985922e+01,1.990103e+01,1.988710e+01,1.989407e+01,1.994283e+01,1.990800e+01,1.985225e+01,1.990103e+01,1.994283e+01,1.994283e+01,1.983831e+01,1.997764e+01,1.997068e+01,2.035980e+01,2.080267e+01,2.100960e+01,2.113355e+01,2.114732e+01,2.118172e+01,2.121611e+01,2.126423e+01,2.127798e+01,2.131233e+01,2.121611e+01,2.115420e+01,2.128485e+01,2.129859e+01,2.122298e+01,2.122986e+01,2.133981e+01,2.119548e+01,2.120235e+01,2.120923e+01,2.124361e+01,2.125736e+01,2.123674e+01,2.127110e+01,2.122298e+01,2.130546e+01,2.128485e+01,2.115420e+01,2.111979e+01,2.108537e+01,2.120235e+01,2.102338e+01,2.115420e+01,2.122986e+01,2.119548e+01,2.111979e+01,2.127110e+01,2.116796e+01,2.121611e+01,2.113355e+01,2.107160e+01,2.109225e+01,2.112667e+01,2.098893e+01,2.108537e+01,2.107160e+01,2.116108e+01,2.098893e+01,2.108537e+01,2.109914e+01,2.111979e+01,2.103716e+01,2.108537e+01,2.100960e+01,2.103027e+01,2.103716e+01,2.094757e+01,2.094757e+01,2.094757e+01,2.104405e+01,2.100271e+01,2.100960e+01,2.102338e+01,2.101649e+01,2.105782e+01,2.104405e+01,2.103027e+01,2.097514e+01,2.113355e+01,2.100271e+01,2.107848e+01,2.112667e+01,2.102338e+01,2.111979e+01,2.114732e+01,2.108537e+01,2.114732e+01,2.100271e+01,2.103027e+01,2.100960e+01,2.100960e+01,2.102338e+01,2.111979e+01,2.112667e+01,2.103716e+01,2.109225e+01,2.105094e+01,2.114044e+01,2.111291e+01,2.112667e+01,2.100271e+01,2.109914e+01,2.103716e+01,2.106471e+01,2.105782e+01,2.109225e+01,2.100271e+01,2.115420e+01
2.111291e+01,2.120235e+01,2.114044e+01,2.112667e+01,2.119548e+01,2.109225e+01,2.110602e+01,2.109225e+01,2.111291e+01,2.112667e+01,2.116796e+01,2.125736e+01,2.114044e+01,2.116796e+01,2.114044e+01,2.115420e+01,2.119548e+01,2.118860e+01,2.121611e+01,2.100271e+01,2.093377e+01,2.118860e+01,2.121611e+01,2.110602e+01,2.118172e+01,2.114044e+01,2.118172e+01,2.111291e+01,2.108537e+01,2.117484e+01,2.125048e+01,2.114044e+01,2.116796e+01,2.109914e+01,2.120235e+01,2.127798e+01,2.115420e+01,2.118172e+01,2.111979e+01,2.109225e+01,2.120235e+01,2.108537e+01,2.117484e+01,2.121611e+01,2.117484e+01,2.117484e+01,2.118860e+01,2.116796e+01,2.112667e+01,2.123674e+01,2.115420e+01,2.118860e+01,2.116108e+01,2.121611e+01,2.120923e+01,2.127798e+01,2.130546e+01,2.127110e+01,2.116796e+01,2.124361e+01,2.124361e+01,2.118860e+01,2.126423e+01,2.130546e+01,2.125048e+01,2.113355e+01,2.122986e+01,2.123674e+01,2.119548e+01,2.109914e+01,2.127798e+01,2.127798e+01,2.132607e+01,2.137415e+01,2.120923e+01,2.119548e+01,2.118860e+01,2.121611e+01,2.115420e+01,2.129172e+01,2.125736e+01,2.129859e+01,2.126423e+01,2.131233e+01,2.126423e+01,2.131920e+01,2.139474e+01,2.131920e+01,2.122986e+01,2.136041e+01,2.131920e+01,2.133294e+01,2.136728e+01,2.137415e+01,2.136728e+01,2.137415e+01,2.126423e+01,2.133294e+01,2.129172e+01,2.132607e+01,2.133981e+01,2.138788e+01,2.138788e+01,2.130546e+01,2.132607e+01,2.137415e+01,2.135355e+01,2.133294e+01,2.135355e+01,2.133294e+01,2.130546e+01,2.131920e+01,2.142906e+01,2.142220e+01,2.126423e+01,2.140161e+01,2.133294e+01,2.129859e+01,2.126423e+01,2.131920e+01,2.133294e+01,2.140161e+01,2.138788e+01,2.133294e+01,2.136728e+01,2.136041e+01,2.138101e+01,2.131233e+01,2.119548e+01,2.131233e+01,2.129859e+01,2.129859e+01,2.129172e+01,2.140161e+01,2.126423e+01,2.142220e+01,2.127110e+01,2.128485e+01,2.138788e+01,2.131233e+01,2.136041e+01,2.139474e+01,2.131233e+01,2.138788e+01,2.134668e+01,2.133294e+01,2.133294e+01,2.136728e+01,2.140161e+01,2.139474e+01,2.141533e+01,2.136728e+01,2.127110e+01,2.134668e+01,2.130546e+01,2.140847e+01,2.140161e+01,2.127798e+01,2.138788e+01,2.140161e+01,2.135355e+01,2.128485e+01,2.136728e+01,2.144964e+01,2.131920e+01,2.138101e+01,2.132607e+01,2.128485e+01,2.133294e+01,2.134668e+01,2.143592e+01,2.133981e+01,2.137415e+01,2.141533e+01,2.139474e+01,2.140847e+01,2.142906e+01,2.144278e+01,2.149766e+01,2.145650e+01,2.142220e+01,2.147022e+01,2.145650e+01,2.145650e+01,2.151137e+01,2.132607e+01,2.142220e+01,2.147708e+01,2.138788e+01,2.147708e+01,2.139474e+01,2.135355e+01,2.137415e+01,2.138788e+01,2.130546e+01,2.144278e+01,2.141533e+01,2.135355e+01,2.142220e+01,2.137415e+01,2.133981e+01,2.143592e+01,2.140847e+01,2.134668e+01,2.128485e+01,2.144964e+01,2.141533e+01,2.139474e+01,2.136041e+01,2.136728e+01,2.144964e+01,2.134668e+01,2.135355e+01,2.140847e+01,2.139474e+01,2.139474e+01,2.142906e+01,2.142906e+01,2.138101e+01,2.147022e+01,2.141533e+01,2.136728e+01,2.137415e+01,2.153880e+01,2.148394e+01,2.149080e+01,2.146336e+01,2.135355e+01,2.130546e+01,2.138101e+01,2.144964e+01,2.141533e+01,2.140161e+01,2.146336e+01,2.147022e+01,2.140161e+01,2.140161e+01,2.145650e+01,2.143592e+01,2.142220e+01,2.145650e+01,2.149080e+01,2.145650e+01,2.142220e+01,2.144964e+01,2.143592e+01,2.146336e+01,2.144964e+01,2.140847e+01,2.145650e+01,2.144278e+01,2.140161e+01,2.145650e+01,2.148394e+01,2.142906e+01,2.149766e+01,2.139474e+01,2.143592e+01,2.146336e+01,2.147022e+01,2.142906e+01,2.147708e+01,2.138788e+01,2.144278e+01,2.138101e+01,2.136041e+01,2.136728e+01,2.140847e+01,2.138101e+01,2.138788e+01,2.140161e+01,2.128485e+01,2.133981e+01,2.144278e+01,2.142906e+01,2.139474e+01,2.138101e+01,2.140161e+01,2.142906e+01,2.140847e+01,2.134668e+01,2.145650e+01,2.136041e+01,2.133294e+01,2.136728e+01,2.134668e+01,2.133981e+01,2.146336e+01,2.142220e+01,2.145650e+01,2.144278e+01,2.134668e+01,2.136041e+01,2.144964e+01,2.137415e+01,2.142220e+01,2.132607e+01,2.135355e+01,2.131233e+01,2.141533e+01,2.132607e+01,2.128485e+01,2.131920e+01,2.128485e+01,2.138788e+01,2.134668e+01,2.132607e+01,2.133981e+01,2.129172e+01,2.134668e+01,2.143592e+01,2.130546e+01,2.131233e+01,2.142220e+01,2.155250e+01,2.131920e+01,2.147708e+01,2.134668e+01,2.139474e+01,2.138101e+01,2.138101e+01,2.131920e+01,2.132607e+01,2.133294e+01,2.138788e+01,2.137415e+01,2.144964e+01,2.147022e+01,2.142906e+01,2.142220e+01,2.144278e+01,2.144278e+01,2.142220e+01,2.136728e+01,2.138101e+01,2.144278e+01,2.140847e+01,2.143592e+01,2.142220e+01,2.147022e+01,2.142906e+01,2.143592e+01,2.142220e+01,2.136728e+01,2.144278e+01,2.131233e+01,2.142906e+01,2.131233e+01,2.140847e+01,2.139474e+01,2.133294e+01,2.151137e+01,2.136728e+01,2.130546e+01,2.131233e+01,2.129172e+01,2.109914e+01,2.060915e+01,2.029736e+01,2.020016e+01,2.013068e+01,1.985922e+01,1.987316e+01,1.995675e+01,1.988013e+01,1.986619e+01,1.976160e+01,1.979647e+01,1.990800e+01,1.985225e+01,1.976160e+01,1.981740e+01,1.983831e+01,1.981042e+01,1.976858e+01,1.988710e+01,1.997764e+01,1.988710e+01,1.995675e+01,1.996371e+01,1.981740e+01,1.981740e+01,1.985225e+01,1.978950e+01,1.971973e+01,1.983831e+01,1.980345e+01,1.989407e+01,1.991496e+01,1.994979e+01,1.991496e+01,1.993586e+01,1.988710e+01,1.993586e+01,1.986619e+01,1.988013e+01,1.988013e+01,1.994283e+01,1.992193e+01,1.989407e+01,1.990800e+01,1.991496e+01,2.001940e+01,1.999156e+01,2.000548e+01,2.000548e+01,2.004027e+01,1.997764e+01,1.996371e+01,2.010287e+01,2.004723e+01,2.001940e+01,1.998460e+01,1.998460e+01,1.997068e+01,1.997764e+01,1.997764e+01,1.994283e+01,1.999156e+01,1.978950e+01,1.991496e+01,1.997068e+01,1.988013e+01,1.991496e+01,1.988013e+01,1.994979e+01,1.990800e+01,1.978950e+01,1.992890e+01,1.992193e+01,1.997068e+01,1.992193e+01,1.981740e+01,1.983134e+01,1.993586e+01,1.976160e+01,1.988013e+01,1.982437e+01,1.981042e+01,1.986619e+01,1.981740e+01,1.985225e+01,1.991496e+01,1.994283e+01,1.992890e+01,1.988013e+01,2.006114e+01,2.059531e+01,2.058148e+01,2.017237e+01,1.994979e+01,1.991496e+01,1.999852e+01,2.001244e+01,1.988710e+01,2.004723e+01,2.006810e+01,2.002636e+01,2.008896e+01,1.998460e+01,2.007505e+01,1.995675e+01,1.990800e+01,1.994979e+01,2.006114e+01,2.002636e+01,1.994283e+01,1.999852e+01,2.000548e+01,1.991496e+01,1.998460e+01,1.997068e+01,1.993586e+01,1.994979e+01,1.995675e+01,1.994979e+01,1.988013e+01,1.997764e+01,1.996371e+01,1.985225e+01,1.996371e+01,1.988013e+01,1.999852e+01,1.999852e+01,2.001940e+01,1.997764e+01,2.001244e+01,2.003332e+01,1.994283e+01,1.992193e+01,1.990800e+01,2.004027e+01,1.988710e+01,1.997764e+01,1.992890e+01,1.993586e+01,1.995675e+01,1.997764e+01,1.994283e+01,2.001244e+01,1.996371e+01,1.997764e+01,1.996371e+01,1.990103e+01,1.992193e+01,1.992890e+01,1.988710e+01,1.995675e+01,1.987316e+01,1.994283e+01,1.995675e+01,1.987316e+01,1.994283e+01,1.988013e+01,1.987316e+01,1.993586e+01,1.994979e+01,1.993586e+01,1.983134e+01,1.983134e+01,1.996371e+01,1.997068e+01,1.992193e+01,1.991496e+01,1.978253e+01,1.985922e+01,1.983134e+01,1.988710e+01,1.977555e+01,1.975462e+01,1.988710e+01,1.993586e+01,1.994979e+01,1.986619e+01,1.990103e+01,1.988710e+01,1.981740e+01,1.986619e+01,1.993586e+01,1.996371e+01,1.997068e+01,2.023489e+01,2.080267e+01,2.116796e+01,2.114044e+01,2.113355e+01,2.118172e+01,2.121611e+01,2.114732e+01,2.117484e+01,2.119548e+01,2.116108e+01,2.130546e+01,2.113355e+01,2.121611e+01,2.117484e+01,2.118860e+01,2.116108e+01,2.118172e+01,2.129172e+01,2.116108e+01,2.116796e+01,2.122298e+01,2.115420e+01,2.110602e+01,2.124361e+01,2.120235e+01,2.122986e+01,2.129859e+01,2.127110e+01,2.110602e+01,2.106471e+01,2.118860e+01,2.118860e+01,2.119548e+01,2.114044e+01,2.100960e+01,2.118172e+01,2.117484e+01,2.114044e+01,2.110602e+01,2.107160e+01,2.116108e+01,2.111979e+01,2.113355e+01,2.107848e+01,2.105094e+01,2.111291e+01,2.100271e+01,2.105782e+01,2.109914e+01,2.104405e+01,2.115420e+01,2.098203e+01,2.110602e+01,2.099582e+01,2.103716e+01,2.103027e+01,2.106471e+01,2.106471e+01,2.110602e+01,2.102338e+01,2.094757e+01,2.100271e+01,2.099582e+01,2.106471e+01,2.100960e+01,2.098893e+01,2.105782e+01,2.101649e+01,2.099582e+01,2.109225e+01,2.107848e+01,2.103716e+01,2.097514e+01,2.114044e+01,2.105094e+01,2.111979e+01,2.098893e+01,2.111979e+01,2.103027e+01,2.101649e+01,2.100960e+01,2.103027e+01,2.101649e+01,2.105782e+01,2.097514e+01,2.111979e+01,2.103716e+01,2.088549e+01,2.111979e+01,2.107848e+01,2.106471e+01,2.109914e+01,2.098893e+01,2.105094e+01,2.109225e+01,2.100960e+01,2.075432e+01,2.101649e+01
2.110602e+01,2.118172e+01,2.107848e+01,2.116108e+01,2.105782e+01,2.122298e+01,2.122298e+01,2.114732e+01,2.118172e+01,2.116796e+01,2.111291e+01,2.116108e+01,2.103027e+01,2.116796e+01,2.111291e+01,2.109225e+01,2.112667e+01,2.114732e+01,2.110602e+01,2.116108e+01,2.112667e+01,2.096135e+01,2.120923e+01,2.120235e+01,2.118172e+01,2.116108e+01,2.116796e+01,2.117484e+01,2.114732e+01,2.107848e+01,2.127798e+01,2.103716e+01,2.116796e+01,2.112667e+01,2.119548e+01,2.119548e+01,2.120923e+01,2.115420e+01,2.117484e+01,2.109225e+01,2.109914e+01,2.105782e+01,2.118172e+01,2.121611e+01,2.114732e+01,2.107848e+01,2.106471e+01,2.111979e+01,2.108537e+01,2.120235e+01,2.115420e+01,2.120235e+01,2.116796e+01,2.123674e+01,2.125736e+01,2.116108e+01,2.126423e+01,2.144278e+01,2.122298e+01,2.128485e+01,2.124361e+01,2.125736e+01,2.126423e+01,2.116796e+01,2.131233e+01,2.129172e+01,2.122986e+01,2.125736e+01,2.122986e+01,2.132607e+01,2.120235e+01,2.129172e+01,2.125736e+01,2.132607e+01,2.138788e+01,2.121611e+01,2.122298e+01,2.124361e+01,2.129172e+01,2.127798e+01,2.125736e+01,2.111979e+01,2.125048e+01,2.127110e+01,2.127110e+01,2.138788e+01,2.128485e+01,2.138788e+01,2.132607e+01,2.148394e+01,2.138788e+01,2.134668e+01,2.136041e+01,2.143592e+01,2.134668e+01,2.136041e+01,2.133294e+01,2.134668e+01,2.132607e+01,2.123674e+01,2.127110e+01,2.125736e+01,2.137415e+01,2.160047e+01,2.148394e+01,2.140847e+01,2.145650e+01,2.136728e+01,2.140161e+01,2.136041e+01,2.142220e+01,2.139474e+01,2.139474e+01,2.135355e+01,2.141533e+01,2.131920e+01,2.132607e+01,2.140847e+01,2.123674e+01,2.122298e+01,2.137415e+01,2.136041e+01,2.127110e+01,2.131920e+01,2.133294e+01,2.138101e+01,2.131233e+01,2.135355e+01,2.138788e+01,2.143592e+01,2.131233e+01,2.133294e+01,2.139474e+01,2.140161e+01,2.141533e+01,2.133981e+01,2.141533e+01,2.139474e+01,2.138101e+01,2.133981e+01,2.136041e+01,2.131233e+01,2.142906e+01,2.139474e+01,2.144964e+01,2.136728e+01,2.135355e+01,2.140161e+01,2.135355e+01,2.136728e+01,2.133294e+01,2.130546e+01,2.141533e+01,2.136728e+01,2.136041e+01,2.136041e+01,2.133981e+01,2.134668e+01,2.132607e+01,2.136728e+01,2.138788e+01,2.131920e+01,2.126423e+01,2.131920e+01,2.137415e+01,2.135355e+01,2.145650e+01,2.149766e+01,2.143592e+01,2.144278e+01,2.137415e+01,2.142220e+01,2.139474e+01,2.138101e+01,2.140847e+01,2.138788e+01,2.144278e+01,2.142220e+01,2.144964e+01,2.138788e+01,2.147022e+01,2.144278e+01,2.146336e+01,2.133981e+01,2.139474e+01,2.149080e+01,2.149766e+01,2.142220e+01,2.143592e+01,2.149080e+01,2.146336e+01,2.139474e+01,2.142906e+01,2.148394e+01,2.139474e+01,2.144278e+01,2.140161e+01,2.143592e+01,2.140161e+01,2.142220e+01,2.142906e+01,2.136041e+01,2.144964e+01,2.144964e+01,2.144964e+01,2.144964e+01,2.147708e+01,2.135355e+01,2.131920e+01,2.142906e+01,2.142220e+01,2.142906e+01,2.142906e+01,2.142220e+01,2.144278e+01,2.143592e+01,2.136041e+01,2.145650e+01,2.138788e+01,2.136728e+01,2.142906e+01,2.148394e+01,2.140847e+01,2.132607e+01,2.143592e+01,2.150451e+01,2.149766e+01,2.135355e+01,2.146336e+01,2.140847e+01,2.141533e+01,2.136728e+01,2.140847e+01,2.147022e+01,2.144278e+01,2.148394e+01,2.131920e+01,2.139474e+01,2.141533e+01,2.149080e+01,2.149766e+01,2.149080e+01,2.138101e+01,2.145650e+01,2.140847e+01,2.142220e+01,2.147022e+01,2.149766e+01,2.149766e+01,2.147022e+01,2.142906e+01,2.140847e+01,2.145650e+01,2.141533e+01,2.149080e+01,2.139474e+01,2.144278e+01,2.147022e+01,2.149080e+01,2.136041e+01,2.144278e+01,2.139474e+01,2.141533e+01,2.140161e+01,2.145650e+01,2.160732e+01,2.148394e+01,2.140161e+01,2.140161e+01,2.138788e+01,2.138788e+01,2.138101e+01,2.136041e+01,2.136041e+01,2.138788e+01,2.137415e+01,2.138788e+01,2.139474e+01,2.141533e+01,2.129859e+01,2.137415e+01,2.147022e+01,2.130546e+01,2.135355e+01,2.137415e+01,2.138101e+01,2.133981e+01,2.138788e+01,2.140847e+01,2.142220e+01,2.134668e+01,2.138101e+01,2.132607e+01,2.137415e+01,2.143592e+01,2.140161e+01,2.130546e+01,2.130546e+01,2.136728e+01,2.135355e+01,2.136728e+01,2.130546e+01,2.127110e+01,2.131233e+01,2.136728e+01,2.138101e+01,2.138101e+01,2.142906e+01,2.140847e+01,2.134668e+01,2.141533e+01,2.140161e+01,2.144964e+01,2.130546e+01,2.129859e+01,2.139474e+01,2.143592e+01,2.136728e+01,2.136728e+01,2.140847e+01,2.144278e+01,2.142220e+01,2.133981e+01,2.135355e+01,2.144964e+01,2.137415e+01,2.144278e+01,2.144278e+01,2.143592e+01,2.144964e+01,2.142906e+01,2.140847e+01,2.140847e+01,2.146336e+01,2.140161e+01,2.141533e+01,2.132607e+01,2.143592e+01,2.146336e+01,2.143592e+01,2.145650e+01,2.138101e+01,2.142906e+01,2.140847e+01,2.144964e+01,2.129859e+01,2.136728e+01,2.142220e+01,2.138788e+01,2.136728e+01,2.138101e+01,2.146336e+01,2.136041e+01,2.133294e+01,2.136728e+01,2.126423e+01,2.062990e+01,2.032512e+01,2.004723e+01,2.007505e+01,2.003332e+01,1.997068e+01,1.985225e+01,1.986619e+01,1.985922e+01,1.986619e+01,1.978950e+01,1.985225e+01,1.988013e+01,1.981740e+01,1.988013e+01,1.980345e+01,1.982437e+01,1.976160e+01,1.987316e+01,1.976160e+01,1.969879e+01,1.971275e+01,1.993586e+01,1.981740e+01,1.975462e+01,1.991496e+01,1.982437e+01,1.997068e+01,1.978950e+01,1.994283e+01,1.993586e+01,1.978253e+01,1.979647e+01,1.985922e+01,1.990103e+01,1.996371e+01,1.988013e+01,1.995675e+01,1.984528e+01,1.999156e+01,1.996371e+01,1.983134e+01,1.985922e+01,1.987316e+01,1.992890e+01,1.985922e+01,1.989407e+01,1.999156e+01,1.999156e+01,2.001940e+01,2.008896e+01,2.008201e+01,2.002636e+01,2.003332e+01,2.012372e+01,2.010287e+01,2.010287e+01,1.996371e+01,1.997764e+01,1.998460e+01,1.997764e+01,1.998460e+01,1.999156e+01,1.997068e+01,2.001940e+01,1.994283e+01,1.994283e+01,1.995675e+01,1.992193e+01,1.990103e+01,1.993586e+01,1.990103e+01,1.988710e+01,1.985922e+01,1.998460e+01,1.987316e+01,1.999156e+01,2.000548e+01,1.985225e+01,1.994979e+01,1.986619e+01,1.992890e+01,1.991496e+01,1.990800e+01,1.990800e+01,1.994979e+01,1.985225e+01,1.991496e+01,1.983134e+01,1.988013e+01,2.001940e+01,2.051918e+01,2.055379e+01,2.004027e+01,2.003332e+01,1.999852e+01,1.999852e+01,1.984528e+01,2.004027e+01,2.002636e+01,2.003332e+01,1.992890e+01,1.999156e+01,1.999156e+01,2.001244e+01,1.997068e+01,2.004027e+01,2.006114e+01,2.001940e+01,2.004027e+01,1.997764e+01,2.003332e+01,1.997764e+01,1.997068e+01,2.007505e+01,1.994283e+01,1.994979e+01,1.987316e+01,1.992193e+01,1.988013e+01,2.002636e+01,1.999852e+01,1.982437e+01,2.001940e+01,1.999156e+01,2.001940e+01,1.997068e+01,1.994283e+01,1.994979e+01,1.992193e+01,2.000548e+01,1.994283e+01,1.992193e+01,1.992890e+01,1.990800e+01,1.988013e+01,1.999156e+01,2.004027e+01,1.997764e+01,1.991496e+01,1.999156e+01,1.994979e+01,1.992890e+01,1.982437e+01,1.994283e+01,1.997068e+01,1.995675e+01,1.994283e+01,1.994283e+01,1.994979e+01,1.990103e+01,1.998460e+01,2.001244e+01,1.997764e+01,1.994283e+01,1.989407e+01,1.991496e+01,1.993586e+01,1.993586e+01,1.993586e+01,1.997764e+01,1.995675e+01,1.993586e+01,1.985225e+01,1.989407e+01,1.994979e+01,1.992193e+01,1.988710e+01,1.987316e+01,1.979647e+01,1.992193e+01,1.986619e+01,1.992890e+01,1.992890e+01,1.993586e+01,1.997068e+01,1.982437e+01,2.013068e+01,1.990103e+01,2.009591e+01,1.983134e+01,1.999156e+01,1.992193e+01,2.025571e+01,2.033899e+01,2.081648e+01,2.115420e+01,2.117484e+01,2.112667e+01,2.113355e+01,2.117484e+01,2.118860e+01,2.122986e+01,2.118172e+01,2.116108e+01,2.119548e+01,2.122298e+01,2.129172e+01,2.116796e+01,2.113355e+01,2.120923e+01,2.131920e+01,2.131233e+01,2.118172e+01,2.118172e+01,2.116108e+01,2.123674e+01,2.126423e+01,2.127110e+01,2.125048e+01,2.122298e+01,2.125736e+01,2.129172e+01,2.125736e+01,2.111291e+01,2.116108e+01,2.119548e+01,2.118860e+01,2.120923e+01,2.121611e+01,2.111979e+01,2.116796e+01,2.122298e+01,2.113355e+01,2.118172e+01,2.107160e+01,2.105782e+01,2.109914e+01,2.110602e+01,2.107160e+01,2.103716e+01,2.105094e+01,2.107848e+01,2.098893e+01,2.116108e+01,2.113355e+01,2.108537e+01,2.109914e+01,2.111291e+01,2.098893e+01,2.103027e+01,2.107848e+01,2.094067e+01,2.095446e+01,2.096825e+01,2.101649e+01,2.106471e+01,2.102338e+01,2.104405e+01,2.101649e+01,2.096825e+01,2.104405e+01,2.098893e+01,2.102338e+01,2.112667e+01,2.094757e+01,2.102338e+01,2.109225e+01,2.111291e+01,2.109914e+01,2.115420e+01,2.104405e+01,2.103027e+01,2.112667e+01,2.100271e+01,2.102338e+01,2.108537e+01,2.100960e+01,2.104405e+01,2.104405e+01,2.106471e+01,2.098893e+01,2.109225e+01,2.105782e+01,2.106471e+01,2.099582e+01,2.103027e+01,2.108537e+01,2.114044e+01,2.113355e+01,2.100960e+01,2.100271e+01,2.107160e+01,2.101649e+01
2.115420e+01,2.111291e+01,2.120235e+01,2.121611e+01,2.114732e+01,2.125736e+01,2.115420e+01,2.111979e+01,2.115420e+01,2.115420e+01,2.117484e+01,2.120235e+01,2.108537e+01,2.109225e+01,2.119548e+01,2.119548e+01,2.119548e+01,2.116108e+01,2.113355e+01,2.113355e+01,2.099582e+01,2.120923e+01,2.109914e+01,2.110602e+01,2.114044e+01,2.105782e+01,2.116796e+01,2.111291e+01,2.116796e+01,2.107160e+01,2.116796e+01,2.122298e+01,2.129172e+01,2.111291e+01,2.116108e+01,2.112667e+01,2.109914e+01,2.112667e+01,2.114044e+01,2.118172e+01,2.124361e+01,2.114732e+01,2.117484e+01,2.117484e+01,2.112667e+01,2.118860e+01,2.115420e+01,2.127110e+01,2.120923e+01,2.125736e+01,2.117484e+01,2.125736e+01,2.122986e+01,2.121611e+01,2.120923e+01,2.125048e+01,2.119548e+01,2.125736e+01,2.124361e+01,2.119548e+01,2.117484e+01,2.114044e+01,2.125048e+01,2.130546e+01,2.127798e+01,2.121611e+01,2.116796e+01,2.126423e+01,2.124361e+01,2.136041e+01,2.125048e+01,2.126423e+01,2.121611e+01,2.141533e+01,2.136041e+01,2.138101e+01,2.120923e+01,2.127110e+01,2.127798e+01,2.128485e+01,2.125736e+01,2.126423e+01,2.129859e+01,2.125736e+01,2.127798e+01,2.122298e+01,2.127110e+01,2.134668e+01,2.151137e+01,2.140161e+01,2.143592e+01,2.146336e+01,2.136041e+01,2.137415e+01,2.136041e+01,2.152508e+01,2.133981e+01,2.138101e+01,2.133981e+01,2.140847e+01,2.138101e+01,2.123674e+01,2.143592e+01,2.144278e+01,2.144278e+01,2.144278e+01,2.144964e+01,2.130546e+01,2.131233e+01,2.138788e+01,2.131233e+01,2.139474e+01,2.143592e+01,2.128485e+01,2.137415e+01,2.133981e+01,2.131920e+01,2.136728e+01,2.133981e+01,2.138101e+01,2.128485e+01,2.136728e+01,2.136041e+01,2.136728e+01,2.114732e+01,2.135355e+01,2.137415e+01,2.132607e+01,2.127798e+01,2.136041e+01,2.129859e+01,2.129859e+01,2.140847e+01,2.144278e+01,2.129859e+01,2.140161e+01,2.141533e+01,2.136728e+01,2.130546e+01,2.137415e+01,2.135355e+01,2.136728e+01,2.142906e+01,2.133981e+01,2.143592e+01,2.142906e+01,2.141533e+01,2.129172e+01,2.138101e+01,2.136728e+01,2.138788e+01,2.135355e+01,2.144964e+01,2.132607e+01,2.142220e+01,2.139474e+01,2.134668e+01,2.133981e+01,2.135355e+01,2.133981e+01,2.131233e+01,2.131233e+01,2.142906e+01,2.136041e+01,2.144964e+01,2.138101e+01,2.132607e+01,2.132607e+01,2.136728e+01,2.135355e+01,2.136041e+01,2.131920e+01,2.134668e+01,2.141533e+01,2.144278e+01,2.138101e+01,2.140847e+01,2.142220e+01,2.140847e+01,2.140847e+01,2.144964e+01,2.147022e+01,2.146336e+01,2.144278e+01,2.147708e+01,2.140847e+01,2.134668e+01,2.143592e+01,2.147022e+01,2.145650e+01,2.142220e+01,2.145650e+01,2.142220e+01,2.143592e+01,2.136041e+01,2.142906e+01,2.142220e+01,2.140847e+01,2.144964e+01,2.134668e+01,2.143592e+01,2.140847e+01,2.134668e+01,2.144278e+01,2.140847e+01,2.140847e+01,2.136728e+01,2.137415e+01,2.143592e+01,2.137415e+01,2.142220e+01,2.146336e+01,2.139474e+01,2.139474e+01,2.144278e+01,2.142906e+01,2.143592e+01,2.142906e+01,2.142220e+01,2.144964e+01,2.147022e+01,2.147022e+01,2.136728e+01,2.149080e+01,2.133294e+01,2.136041e+01,2.140161e+01,2.130546e+01,2.136728e+01,2.151823e+01,2.142906e+01,2.144964e+01,2.137415e+01,2.146336e+01,2.145650e+01,2.147022e+01,2.145650e+01,2.136728e+01,2.138101e+01,2.144278e+01,2.141533e+01,2.149766e+01,2.145650e+01,2.147708e+01,2.147022e+01,2.146336e+01,2.144278e+01,2.141533e+01,2.138788e+01,2.144278e+01,2.142220e+01,2.146336e+01,2.142906e+01,2.140847e+01,2.136728e+01,2.141533e+01,2.143592e+01,2.145650e+01,2.137415e+01,2.147022e+01,2.147022e+01,2.144278e+01,2.144278e+01,2.139474e+01,2.135355e+01,2.143592e+01,2.140847e+01,2.143592e+01,2.140161e+01,2.143592e+01,2.136041e+01,2.138788e+01,2.135355e+01,2.133294e+01,2.144278e+01,2.142906e+01,2.139474e+01,2.138788e+01,2.141533e+01,2.144964e+01,2.146336e+01,2.151823e+01,2.140847e+01,2.142220e+01,2.143592e+01,2.134668e+01,2.138788e+01,2.129859e+01,2.142906e+01,2.139474e+01,2.140847e+01,2.147022e+01,2.131233e+01,2.147708e+01,2.131233e+01,2.139474e+01,2.136728e+01,2.136728e+01,2.130546e+01,2.134668e+01,2.127798e+01,2.129859e+01,2.141533e+01,2.142220e+01,2.135355e+01,2.136041e+01,2.137415e+01,2.136041e+01,2.142906e+01,2.147708e+01,2.146336e+01,2.129859e+01,2.143592e+01,2.142220e+01,2.138788e+01,2.128485e+01,2.143592e+01,2.146336e+01,2.142220e+01,2.142220e+01,2.141533e+01,2.142906e+01,2.146336e+01,2.147708e+01,2.129859e+01,2.140847e+01,2.128485e+01,2.140847e+01,2.140161e+01,2.144964e+01,2.142906e+01,2.142906e+01,2.147708e+01,2.142906e+01,2.138101e+01,2.144278e+01,2.142906e+01,2.141533e+01,2.142220e+01,2.143592e+01,2.135355e+01,2.147708e+01,2.142220e+01,2.141533e+01,2.140847e+01,2.133294e+01,2.131233e+01,2.143592e+01,2.140847e+01,2.131920e+01,2.155936e+01,2.133981e+01,2.142906e+01,2.136728e+01,2.136728e+01,2.126423e+01,2.083028e+01,2.035286e+01,2.028348e+01,2.005419e+01,2.002636e+01,2.002636e+01,1.992890e+01,1.988013e+01,1.984528e+01,1.986619e+01,1.992193e+01,1.984528e+01,1.981740e+01,1.987316e+01,1.993586e+01,1.977555e+01,1.980345e+01,1.978950e+01,1.985922e+01,1.991496e+01,1.991496e+01,1.985225e+01,1.978950e+01,1.977555e+01,1.975462e+01,1.973369e+01,1.980345e+01,1.975462e+01,1.994283e+01,1.975462e+01,1.971973e+01,1.976858e+01,1.985922e+01,1.986619e+01,1.990800e+01,1.989407e+01,2.001244e+01,1.997068e+01,1.991496e+01,1.987316e+01,1.989407e+01,1.985225e+01,1.983831e+01,1.984528e+01,1.988710e+01,1.986619e+01,1.999156e+01,2.001940e+01,2.004027e+01,2.005419e+01,2.004723e+01,2.004027e+01,2.022794e+01,1.999852e+01,2.004027e+01,2.004027e+01,1.994979e+01,1.999852e+01,1.997764e+01,1.999852e+01,1.997068e+01,1.996371e+01,1.996371e+01,1.993586e+01,1.999156e+01,1.997068e+01,1.995675e+01,2.001244e+01,1.999852e+01,1.988013e+01,1.988013e+01,1.989407e+01,1.990103e+01,1.988013e+01,1.993586e+01,1.994979e+01,1.985922e+01,1.990103e+01,2.005419e+01,2.001244e+01,1.996371e+01,1.992193e+01,1.992193e+01,1.994283e+01,1.996371e+01,1.988013e+01,1.994979e+01,1.998460e+01,2.001940e+01,1.997764e+01,1.997764e+01,2.004027e+01,2.015848e+01,2.012372e+01,2.005419e+01,2.001940e+01,1.988013e+01,1.994979e+01,1.999852e+01,1.993586e+01,2.002636e+01,2.003332e+01,2.005419e+01,2.010982e+01,2.001244e+01,2.006810e+01,2.006114e+01,2.005419e+01,2.001244e+01,2.001244e+01,1.999852e+01,1.998460e+01,2.000548e+01,1.995675e+01,2.004027e+01,1.995675e+01,2.004723e+01,1.975462e+01,1.994979e+01,1.991496e+01,2.001940e+01,1.996371e+01,1.997068e+01,2.002636e+01,1.997068e+01,1.985225e+01,2.001940e+01,1.992193e+01,2.003332e+01,1.994283e+01,1.992193e+01,1.994283e+01,1.999156e+01,1.992193e+01,2.001244e+01,1.993586e+01,1.993586e+01,2.000548e+01,1.998460e+01,1.997764e+01,1.996371e+01,1.995675e+01,1.999156e+01,1.989407e+01,1.989407e+01,1.988013e+01,1.994979e+01,1.993586e+01,1.992193e+01,2.000548e+01,1.997068e+01,1.986619e+01,1.997068e+01,1.997764e+01,1.990800e+01,2.004723e+01,2.004723e+01,2.004723e+01,1.992890e+01,1.997068e+01,1.992193e+01,1.994979e+01,1.992890e+01,1.983134e+01,1.990800e+01,1.992193e+01,1.996371e+01,1.992890e+01,1.992193e+01,1.994283e+01,1.978253e+01,1.992890e+01,1.993586e+01,1.994979e+01,1.990103e+01,1.989407e+01,1.999156e+01,2.001244e+01,1.991496e+01,1.997764e+01,2.007505e+01,2.026266e+01,2.023489e+01,2.050533e+01,2.100960e+01,2.100960e+01,2.118860e+01,2.126423e+01,2.126423e+01,2.124361e+01,2.118860e+01,2.126423e+01,2.118172e+01,2.118172e+01,2.117484e+01,2.133981e+01,2.116108e+01,2.132607e+01,2.133294e+01,2.131920e+01,2.120235e+01,2.125048e+01,2.133294e+01,2.120923e+01,2.133294e+01,2.126423e+01,2.123674e+01,2.123674e+01,2.132607e+01,2.127110e+01,2.131920e+01,2.122298e+01,2.122986e+01,2.105094e+01,2.125736e+01,2.109914e+01,2.105094e+01,2.116796e+01,2.098893e+01,2.118172e+01,2.109914e+01,2.119548e+01,2.122986e+01,2.113355e+01,2.115420e+01,2.118172e+01,2.111979e+01,2.115420e+01,2.104405e+01,2.112667e+01,2.104405e+01,2.104405e+01,2.105782e+01,2.103716e+01,2.107848e+01,2.115420e+01,2.100960e+01,2.106471e+01,2.110602e+01,2.107160e+01,2.106471e+01,2.103027e+01,2.105782e+01,2.098203e+01,2.106471e+01,2.100271e+01,2.102338e+01,2.103027e+01,2.103716e+01,2.100960e+01,2.101649e+01,2.101649e+01,2.104405e+01,2.103027e+01,2.097514e+01,2.109225e+01,2.110602e+01,2.097514e+01,2.114732e+01,2.106471e+01,2.109225e+01,2.104405e+01,2.107160e+01,2.104405e+01,2.100271e+01,2.108537e+01,2.108537e+01,2.111291e+01,2.096825e+01,2.105782e+01,2.101649e+01,2.103716e+01,2.109225e+01,2.098893e+01,2.100271e+01,2.099582e+01,2.096825e+01,2.103027e+01,2.115420e+01,2.111979e+01,2.111291e+01,2.105094e+01,2.100960e+01,2.100960e+01
2.116796e+01,2.115420e+01,2.113355e+01,2.118860e+01,2.110602e+01,2.116796e+01,2.115420e+01,2.106471e+01,2.111979e+01,2.119548e+01,2.109914e+01,2.110602e+01,2.110602e+01,2.110602e+01,2.114044e+01,2.117484e+01,2.116108e+01,2.110602e+01,2.110602e+01,2.100960e+01,2.109914e+01,2.111979e+01,2.111979e+01,2.111979e+01,2.106471e+01,2.111979e+01,2.117484e+01,2.116796e+01,2.122986e+01,2.119548e+01,2.129172e+01,2.107160e+01,2.120923e+01,2.098203e+01,2.111291e+01,2.110602e+01,2.111291e+01,2.113355e+01,2.114732e+01,2.108537e+01,2.116108e+01,2.111291e+01,2.116796e+01,2.116108e+01,2.118172e+01,2.116108e+01,2.119548e+01,2.125048e+01,2.109225e+01,2.111979e+01,2.125048e+01,2.152508e+01,2.116796e+01,2.117484e+01,2.128485e+01,2.130546e+01,2.119548e+01,2.113355e+01,2.125048e+01,2.120923e+01,2.122986e+01,2.122298e+01,2.129859e+01,2.122298e+01,2.130546e+01,2.126423e+01,2.124361e+01,2.125048e+01,2.131233e+01,2.129172e+01,2.127110e+01,2.123674e+01,2.121611e+01,2.135355e+01,2.120923e+01,2.123674e+01,2.122298e+01,2.127798e+01,2.127110e+01,2.118860e+01,2.127798e+01,2.127798e+01,2.131233e+01,2.130546e+01,2.138788e+01,2.129172e+01,2.127798e+01,2.131920e+01,2.142220e+01,2.135355e+01,2.124361e+01,2.134668e+01,2.143592e+01,2.136041e+01,2.138101e+01,2.135355e+01,2.140847e+01,2.129859e+01,2.127110e+01,2.136041e+01,2.129859e+01,2.133294e+01,2.140847e+01,2.137415e+01,2.133294e+01,2.131233e+01,2.133294e+01,2.131920e+01,2.131233e+01,2.142906e+01,2.138788e+01,2.131920e+01,2.142220e+01,2.140161e+01,2.144964e+01,2.135355e+01,2.141533e+01,2.136041e+01,2.128485e+01,2.133981e+01,2.133294e+01,2.124361e+01,2.136041e+01,2.135355e+01,2.126423e+01,2.126423e+01,2.137415e+01,2.129859e+01,2.127798e+01,2.129172e+01,2.129172e+01,2.147708e+01,2.136041e+01,2.141533e+01,2.141533e+01,2.142220e+01,2.127798e+01,2.133294e+01,2.125048e+01,2.133981e+01,2.134668e+01,2.131920e+01,2.133981e+01,2.137415e+01,2.140161e+01,2.135355e+01,2.136041e+01,2.138101e+01,2.131920e+01,2.141533e+01,2.139474e+01,2.145650e+01,2.136728e+01,2.130546e+01,2.148394e+01,2.133981e+01,2.137415e+01,2.135355e+01,2.130546e+01,2.132607e+01,2.133294e+01,2.136728e+01,2.136728e+01,2.132607e+01,2.132607e+01,2.140847e+01,2.133981e+01,2.136728e+01,2.136041e+01,2.134668e+01,2.137415e+01,2.129859e+01,2.129859e+01,2.140847e+01,2.134668e+01,2.132607e+01,2.142906e+01,2.133294e+01,2.137415e+01,2.150451e+01,2.136728e+01,2.143592e+01,2.143592e+01,2.143592e+01,2.140847e+01,2.138101e+01,2.141533e+01,2.137415e+01,2.144278e+01,2.136728e+01,2.128485e+01,2.139474e+01,2.126423e+01,2.137415e+01,2.140847e+01,2.139474e+01,2.147708e+01,2.141533e+01,2.127798e+01,2.133981e+01,2.144964e+01,2.140161e+01,2.135355e+01,2.138788e+01,2.149766e+01,2.131920e+01,2.136041e+01,2.130546e+01,2.131233e+01,2.140847e+01,2.133294e+01,2.131233e+01,2.138788e+01,2.138788e+01,2.136728e+01,2.143592e+01,2.143592e+01,2.140847e+01,2.144964e+01,2.143592e+01,2.138788e+01,2.145650e+01,2.138788e+01,2.135355e+01,2.154565e+01,2.143592e+01,2.140161e+01,2.135355e+01,2.136728e+01,2.140847e+01,2.149080e+01,2.138788e+01,2.146336e+01,2.147708e+01,2.136041e+01,2.147022e+01,2.147708e+01,2.146336e+01,2.136728e+01,2.142220e+01,2.143592e+01,2.125048e+01,2.151137e+01,2.149766e+01,2.147022e+01,2.149080e+01,2.142906e+01,2.142906e+01,2.142220e+01,2.144278e+01,2.146336e+01,2.144278e+01,2.143592e+01,2.133294e+01,2.147022e+01,2.133294e+01,2.139474e+01,2.139474e+01,2.143592e+01,2.147022e+01,2.149080e+01,2.150451e+01,2.141533e+01,2.145650e+01,2.142220e+01,2.140847e+01,2.138101e+01,2.138101e+01,2.136041e+01,2.138101e+01,2.136041e+01,2.133981e+01,2.136728e+01,2.135355e+01,2.133294e+01,2.142906e+01,2.133981e+01,2.142906e+01,2.136041e+01,2.137415e+01,2.138101e+01,2.133981e+01,2.138788e+01,2.133981e+01,2.138788e+01,2.138101e+01,2.142220e+01,2.134668e+01,2.138788e+01,2.137415e+01,2.139474e+01,2.133981e+01,2.131233e+01,2.132607e+01,2.131233e+01,2.125048e+01,2.136728e+01,2.138101e+01,2.129172e+01,2.132607e+01,2.118172e+01,2.133294e+01,2.133294e+01,2.135355e+01,2.134668e+01,2.134668e+01,2.134668e+01,2.140847e+01,2.131233e+01,2.133981e+01,2.144964e+01,2.136041e+01,2.129859e+01,2.136041e+01,2.127798e+01,2.130546e+01,2.129172e+01,2.134668e+01,2.139474e+01,2.142906e+01,2.136728e+01,2.132607e+01,2.136041e+01,2.144964e+01,2.144964e+01,2.140161e+01,2.138101e+01,2.144278e+01,2.131920e+01,2.144278e+01,2.140161e+01,2.146336e+01,2.146336e+01,2.140161e+01,2.140161e+01,2.141533e+01,2.142906e+01,2.142220e+01,2.144278e+01,2.144964e+01,2.140847e+01,2.142906e+01,2.140847e+01,2.140847e+01,2.136041e+01,2.142906e+01,2.136728e+01,2.136728e+01,2.137415e+01,2.140847e+01,2.138101e+01,2.134668e+01,2.137415e+01,2.138101e+01,2.136728e+01,2.126423e+01,2.100271e+01,2.037366e+01,2.031818e+01,2.003332e+01,2.002636e+01,1.985922e+01,1.981740e+01,1.984528e+01,1.988710e+01,1.974764e+01,1.978253e+01,1.982437e+01,1.980345e+01,1.984528e+01,1.974764e+01,1.976858e+01,1.979647e+01,1.975462e+01,1.972671e+01,1.971973e+01,1.976858e+01,1.986619e+01,1.988710e+01,1.990800e+01,1.974067e+01,1.988710e+01,1.988013e+01,1.972671e+01,1.976160e+01,1.976858e+01,1.978950e+01,1.976160e+01,1.983831e+01,1.993586e+01,1.988710e+01,1.988710e+01,1.985225e+01,1.997068e+01,1.990800e+01,1.985225e+01,1.991496e+01,1.984528e+01,1.991496e+01,1.981740e+01,1.982437e+01,1.986619e+01,1.999156e+01,1.999852e+01,2.001244e+01,2.001244e+01,2.007505e+01,1.999852e+01,2.004723e+01,1.995675e+01,2.007505e+01,1.997068e+01,2.001244e+01,2.008201e+01,2.008896e+01,1.999156e+01,1.997068e+01,1.996371e+01,1.994979e+01,1.994979e+01,1.993586e+01,1.994283e+01,1.998460e+01,1.991496e+01,1.991496e+01,1.992193e+01,1.983831e+01,1.983831e+01,1.992193e+01,1.993586e+01,1.991496e+01,1.992890e+01,1.989407e+01,1.993586e+01,2.008896e+01,2.042912e+01,2.030430e+01,2.011677e+01,1.997764e+01,1.995675e+01,1.994979e+01,1.988710e+01,1.999852e+01,1.991496e+01,1.989407e+01,1.994283e+01,1.999852e+01,2.002636e+01,2.006114e+01,2.015153e+01,1.998460e+01,2.008201e+01,1.992890e+01,2.002636e+01,2.002636e+01,2.004723e+01,2.009591e+01,1.985922e+01,2.008201e+01,1.992890e+01,1.989407e+01,2.008201e+01,1.994979e+01,2.009591e+01,2.001940e+01,2.006114e+01,2.003332e+01,1.997764e+01,1.999852e+01,1.995675e+01,1.990103e+01,2.003332e+01,1.993586e+01,1.997068e+01,1.994979e+01,1.995675e+01,1.995675e+01,2.002636e+01,1.990800e+01,1.997764e+01,1.996371e+01,1.988710e+01,2.001244e+01,1.988710e+01,1.992890e+01,1.992890e+01,1.995675e+01,1.996371e+01,2.004723e+01,1.987316e+01,1.991496e+01,1.993586e+01,1.999156e+01,2.000548e+01,1.997068e+01,1.993586e+01,1.997068e+01,1.994283e+01,1.996371e+01,1.997068e+01,1.993586e+01,1.988710e+01,1.985922e+01,1.997068e+01,1.994283e+01,2.000548e+01,1.992193e+01,1.993586e+01,1.985225e+01,1.996371e+01,1.992890e+01,1.992890e+01,1.994979e+01,1.992193e+01,2.000548e+01,1.992193e+01,1.994979e+01,1.993586e+01,1.992193e+01,1.990103e+01,1.991496e+01,1.994283e+01,1.982437e+01,1.990800e+01,1.990800e+01,1.982437e+01,1.981042e+01,1.994283e+01,1.993586e+01,1.992890e+01,1.990103e+01,1.992193e+01,1.998460e+01,2.014458e+01,2.002636e+01,2.019321e+01,2.018627e+01,2.047762e+01,2.085099e+01,2.107848e+01,2.105094e+01,2.115420e+01,2.117484e+01,2.121611e+01,2.119548e+01,2.127798e+01,2.118860e+01,2.118172e+01,2.120923e+01,2.114044e+01,2.122298e+01,2.136728e+01,2.120235e+01,2.127798e+01,2.122986e+01,2.112667e+01,2.111979e+01,2.118172e+01,2.114732e+01,2.116108e+01,2.130546e+01,2.130546e+01,2.118172e+01,2.123674e+01,2.124361e+01,2.120235e+01,2.122298e+01,2.109225e+01,2.108537e+01,2.117484e+01,2.109225e+01,2.122298e+01,2.109914e+01,2.101649e+01,2.114732e+01,2.103716e+01,2.112667e+01,2.111979e+01,2.107848e+01,2.108537e+01,2.105782e+01,2.109914e+01,2.105094e+01,2.102338e+01,2.109914e+01,2.109914e+01,2.106471e+01,2.106471e+01,2.103027e+01,2.097514e+01,2.100271e+01,2.098203e+01,2.091308e+01,2.094067e+01,2.104405e+01,2.102338e+01,2.092688e+01,2.095446e+01,2.103027e+01,2.103027e+01,2.098203e+01,2.102338e+01,2.100960e+01,2.085099e+01,2.107848e+01,2.102338e+01,2.103716e+01,2.097514e+01,2.099582e+01,2.100271e+01,2.106471e+01,2.111291e+01,2.111979e+01,2.099582e+01,2.107848e+01,2.106471e+01,2.106471e+01,2.105782e+01,2.103716e+01,2.098203e+01,2.100271e+01,2.102338e+01,2.102338e+01,2.103027e+01,2.094067e+01,2.111979e+01,2.098203e+01,2.109225e+01,2.105782e+01,2.108537e+01,2.100271e+01,2.107160e+01,2.104405e+01,2.097514e+01,2.106471e+01,2.097514e+01,2.097514e+01,2.103027e+01,2.103716e+01,2.103027e+01
2.114044e+01,2.116108e+01,2.100960e+01,2.108537e+01,2.105094e+01,2.105094e+01,2.113355e+01,2.110602e+01,2.109914e+01,2.124361e+01,2.101649e+01,2.119548e+01,2.118860e+01,2.117484e+01,2.109225e+01,2.116108e+01,2.111291e+01,2.111979e+01,2.109914e+01,2.111291e+01,2.109914e+01,2.107848e+01,2.111291e+01,2.108537e+01,2.111979e+01,2.109225e+01,2.120923e+01,2.122298e+01,2.111291e+01,2.109914e+01,2.113355e+01,2.114732e+01,2.108537e+01,2.113355e+01,2.116108e+01,2.108537e+01,2.109914e+01,2.111291e+01,2.112667e+01,2.097514e+01,2.116108e+01,2.112667e+01,2.115420e+01,2.114732e+01,2.115420e+01,2.115420e+01,2.125048e+01,2.117484e+01,2.116796e+01,2.118860e+01,2.120923e+01,2.120235e+01,2.103027e+01,2.117484e+01,2.127110e+01,2.118860e+01,2.117484e+01,2.127110e+01,2.120235e+01,2.116108e+01,2.115420e+01,2.118860e+01,2.123674e+01,2.126423e+01,2.120235e+01,2.116796e+01,2.120235e+01,2.124361e+01,2.124361e+01,2.123674e+01,2.120923e+01,2.130546e+01,2.127110e+01,2.121611e+01,2.120923e+01,2.133294e+01,2.142220e+01,2.126423e+01,2.120923e+01,2.128485e+01,2.127798e+01,2.127798e+01,2.135355e+01,2.126423e+01,2.131233e+01,2.123674e+01,2.130546e+01,2.138788e+01,2.147708e+01,2.124361e+01,2.136728e+01,2.131233e+01,2.143592e+01,2.138101e+01,2.127110e+01,2.140847e+01,2.138101e+01,2.138788e+01,2.132607e+01,2.142220e+01,2.134668e+01,2.133981e+01,2.131920e+01,2.140161e+01,2.136728e+01,2.135355e+01,2.133294e+01,2.144964e+01,2.131233e+01,2.137415e+01,2.129859e+01,2.142220e+01,2.136728e+01,2.137415e+01,2.137415e+01,2.136041e+01,2.136728e+01,2.136041e+01,2.133981e+01,2.129859e+01,2.132607e+01,2.129172e+01,2.122986e+01,2.132607e+01,2.121611e+01,2.130546e+01,2.129859e+01,2.138101e+01,2.137415e+01,2.133294e+01,2.131920e+01,2.138788e+01,2.141533e+01,2.129859e+01,2.132607e+01,2.135355e+01,2.133981e+01,2.136041e+01,2.136728e+01,2.135355e+01,2.131233e+01,2.140161e+01,2.141533e+01,2.138101e+01,2.132607e+01,2.136041e+01,2.140847e+01,2.128485e+01,2.131233e+01,2.135355e+01,2.134668e+01,2.140847e+01,2.138101e+01,2.134668e+01,2.133294e+01,2.138101e+01,2.153880e+01,2.151823e+01,2.133294e+01,2.131233e+01,2.130546e+01,2.133294e+01,2.141533e+01,2.129859e+01,2.140161e+01,2.138101e+01,2.133981e+01,2.136041e+01,2.142220e+01,2.138101e+01,2.125048e+01,2.141533e+01,2.133981e+01,2.140847e+01,2.137415e+01,2.133294e+01,2.132607e+01,2.136728e+01,2.141533e+01,2.143592e+01,2.142906e+01,2.137415e+01,2.131920e+01,2.142906e+01,2.140161e+01,2.136728e+01,2.138101e+01,2.150451e+01,2.140847e+01,2.140161e+01,2.135355e+01,2.142220e+01,2.144278e+01,2.133981e+01,2.133981e+01,2.136041e+01,2.142906e+01,2.141533e+01,2.139474e+01,2.139474e+01,2.133981e+01,2.142906e+01,2.149080e+01,2.136041e+01,2.131920e+01,2.150451e+01,2.132607e+01,2.131233e+01,2.133294e+01,2.131233e+01,2.147022e+01,2.137415e+01,2.144964e+01,2.137415e+01,2.143592e+01,2.132607e+01,2.131233e+01,2.146336e+01,2.139474e+01,2.138101e+01,2.140847e+01,2.140161e+01,2.142220e+01,2.142906e+01,2.142906e+01,2.141533e+01,2.140847e+01,2.145650e+01,2.140847e+01,2.140161e+01,2.138788e+01,2.139474e+01,2.138788e+01,2.139474e+01,2.137415e+01,2.150451e+01,2.146336e+01,2.145650e+01,2.146336e+01,2.146336e+01,2.140161e+01,2.155250e+01,2.135355e+01,2.140161e+01,2.149766e+01,2.138788e+01,2.138101e+01,2.143592e+01,2.143592e+01,2.141533e+01,2.148394e+01,2.140847e+01,2.138101e+01,2.145650e+01,2.129172e+01,2.134668e+01,2.140847e+01,2.138101e+01,2.144278e+01,2.144964e+01,2.150451e+01,2.147708e+01,2.142220e+01,2.138101e+01,2.138101e+01,2.134668e+01,2.136728e+01,2.139474e+01,2.139474e+01,2.136728e+01,2.138788e+01,2.138101e+01,2.135355e+01,2.131920e+01,2.140847e+01,2.139474e+01,2.137415e+01,2.135355e+01,2.133294e+01,2.140847e+01,2.139474e+01,2.136041e+01,2.132607e+01,2.133981e+01,2.131920e+01,2.122298e+01,2.138101e+01,2.141533e+01,2.140847e+01,2.139474e+01,2.131920e+01,2.138101e+01,2.132607e+01,2.129859e+01,2.132607e+01,2.131233e+01,2.134668e+01,2.134668e+01,2.138101e+01,2.129172e+01,2.142906e+01,2.124361e+01,2.146336e+01,2.126423e+01,2.135355e+01,2.138101e+01,2.131920e+01,2.136728e+01,2.137415e+01,2.140847e+01,2.139474e+01,2.135355e+01,2.135355e+01,2.159362e+01,2.143592e+01,2.145650e+01,2.133981e+01,2.132607e+01,2.144964e+01,2.138788e+01,2.133981e+01,2.146336e+01,2.142906e+01,2.151137e+01,2.149080e+01,2.143592e+01,2.139474e+01,2.144964e+01,2.125736e+01,2.136041e+01,2.143592e+01,2.144964e+01,2.140161e+01,2.140161e+01,2.131920e+01,2.140161e+01,2.143592e+01,2.139474e+01,2.166895e+01,2.144278e+01,2.143592e+01,2.136728e+01,2.143592e+01,2.138101e+01,2.138101e+01,2.140161e+01,2.139474e+01,2.134668e+01,2.137415e+01,2.137415e+01,2.136041e+01,2.131233e+01,2.136041e+01,2.136728e+01,2.142906e+01,2.132607e+01,2.116108e+01,2.100271e+01,2.066448e+01,2.035286e+01,2.001244e+01,1.995675e+01,1.997068e+01,1.978950e+01,1.985922e+01,1.988013e+01,1.997068e+01,1.984528e+01,1.982437e+01,1.986619e+01,1.978253e+01,1.967086e+01,1.978253e+01,1.976160e+01,1.974764e+01,1.984528e+01,1.973369e+01,1.991496e+01,1.992193e+01,1.974764e+01,1.991496e+01,1.969181e+01,1.978253e+01,1.977555e+01,1.983831e+01,1.975462e+01,1.994283e+01,1.983831e+01,1.976160e+01,1.991496e+01,1.996371e+01,2.009591e+01,1.992890e+01,1.996371e+01,1.986619e+01,1.985922e+01,1.985922e+01,1.983831e+01,1.985922e+01,1.979647e+01,1.993586e+01,1.996371e+01,1.988013e+01,1.999852e+01,1.992193e+01,1.999852e+01,2.003332e+01,1.992890e+01,2.009591e+01,2.015848e+01,1.997068e+01,1.994283e+01,2.001940e+01,2.000548e+01,1.996371e+01,2.000548e+01,1.996371e+01,1.995675e+01,1.995675e+01,1.997068e+01,1.996371e+01,1.992193e+01,2.000548e+01,1.997764e+01,1.992193e+01,1.991496e+01,1.994979e+01,2.003332e+01,1.992193e+01,1.992193e+01,1.990103e+01,1.992193e+01,1.992890e+01,2.016542e+01,2.070596e+01,2.074051e+01,2.071287e+01,2.040140e+01,2.001244e+01,1.994283e+01,1.993586e+01,1.993586e+01,1.983134e+01,1.990103e+01,1.997764e+01,2.000548e+01,1.996371e+01,2.010982e+01,1.997764e+01,2.002636e+01,1.999156e+01,2.007505e+01,1.992890e+01,1.991496e+01,1.997068e+01,1.989407e+01,2.005419e+01,1.999156e+01,1.990103e+01,2.009591e+01,2.004027e+01,1.997068e+01,1.993586e+01,1.994979e+01,1.999156e+01,1.998460e+01,1.997764e+01,2.005419e+01,1.992193e+01,1.994979e+01,1.992890e+01,1.994283e+01,1.992193e+01,1.996371e+01,2.006810e+01,1.993586e+01,1.999156e+01,1.999156e+01,1.992890e+01,1.998460e+01,2.001244e+01,1.999852e+01,1.999156e+01,1.992193e+01,2.000548e+01,1.996371e+01,1.994979e+01,1.992193e+01,1.999852e+01,1.997764e+01,2.005419e+01,1.996371e+01,1.997764e+01,1.992193e+01,1.999852e+01,1.997068e+01,1.990103e+01,1.994283e+01,1.995675e+01,1.993586e+01,1.992193e+01,1.990800e+01,1.989407e+01,1.992890e+01,1.997068e+01,1.988710e+01,1.994283e+01,1.990103e+01,1.993586e+01,2.006114e+01,1.986619e+01,1.988013e+01,1.986619e+01,1.988710e+01,1.992193e+01,1.990800e+01,1.992193e+01,1.999852e+01,1.988013e+01,1.988013e+01,1.994283e+01,1.994979e+01,1.992193e+01,1.997068e+01,1.992193e+01,1.990800e+01,1.994979e+01,1.988013e+01,1.992890e+01,1.998460e+01,2.004723e+01,2.013763e+01,2.022100e+01,2.038060e+01,2.064374e+01,2.085789e+01,2.085099e+01,2.102338e+01,2.116796e+01,2.113355e+01,2.115420e+01,2.124361e+01,2.112667e+01,2.115420e+01,2.114044e+01,2.124361e+01,2.122298e+01,2.120923e+01,2.124361e+01,2.118172e+01,2.114732e+01,2.117484e+01,2.122986e+01,2.114044e+01,2.123674e+01,2.110602e+01,2.112667e+01,2.118172e+01,2.122986e+01,2.118172e+01,2.116108e+01,2.127110e+01,2.117484e+01,2.125048e+01,2.135355e+01,2.128485e+01,2.119548e+01,2.114732e+01,2.107160e+01,2.106471e+01,2.104405e+01,2.113355e+01,2.099582e+01,2.118172e+01,2.112667e+01,2.110602e+01,2.109914e+01,2.109914e+01,2.110602e+01,2.105782e+01,2.107848e+01,2.107848e+01,2.107160e+01,2.100960e+01,2.104405e+01,2.107160e+01,2.105782e+01,2.091998e+01,2.103716e+01,2.110602e+01,2.100960e+01,2.102338e+01,2.094757e+01,2.091308e+01,2.088549e+01,2.105782e+01,2.098893e+01,2.106471e+01,2.101649e+01,2.098893e+01,2.106471e+01,2.101649e+01,2.104405e+01,2.105782e+01,2.108537e+01,2.106471e+01,2.085789e+01,2.099582e+01,2.108537e+01,2.107160e+01,2.105782e+01,2.100271e+01,2.103716e+01,2.094067e+01,2.101649e+01,2.107160e+01,2.116796e+01,2.118860e+01,2.110602e+01,2.107160e+01,2.093377e+01,2.098203e+01,2.106471e+01,2.117484e+01,2.100271e+01,2.107160e+01,2.100271e+01,2.101649e+01,2.105094e+01,2.110602e+01,2.100271e+01,2.109225e+01,2.098203e+01,2.114732e+01,2.101649e+01,2.111291e+01,2.100960e+01,2.114044e+01,2.108537e+01,2.107160e+01
2.113355e+01,2.130546e+01,2.111979e+01,2.111979e+01,2.108537e+01,2.111291e+01,2.122298e+01,2.083719e+01,2.109914e+01,2.103716e+01,2.105094e+01,2.122298e+01,2.106471e+01,2.107160e+01,2.116108e+01,2.105094e+01,2.125736e+01,2.113355e+01,2.107848e+01,2.113355e+01,2.110602e+01,2.111979e+01,2.111291e+01,2.101649e+01,2.107848e+01,2.116796e+01,2.104405e+01,2.111291e+01,2.101649e+01,2.105782e+01,2.109914e+01,2.109914e+01,2.106471e+01,2.106471e+01,2.111291e+01,2.107848e+01,2.116108e+01,2.107160e+01,2.115420e+01,2.115420e+01,2.114044e+01,2.106471e+01,2.118172e+01,2.118860e+01,2.115420e+01,2.114732e+01,2.118860e+01,2.111979e+01,2.112667e+01,2.127798e+01,2.116796e+01,2.131920e+01,2.132607e+01,2.120923e+01,2.119548e+01,2.118860e+01,2.120235e+01,2.121611e+01,2.116796e+01,2.111291e+01,2.112667e+01,2.119548e+01,2.125048e+01,2.120923e+01,2.124361e+01,2.111979e+01,2.122298e+01,2.115420e+01,2.117484e+01,2.122298e+01,2.116108e+01,2.138101e+01,2.125736e+01,2.129859e+01,2.111979e+01,2.123674e+01,2.127110e+01,2.127110e+01,2.128485e+01,2.126423e+01,2.122986e+01,2.122986e+01,2.120923e+01,2.132607e+01,2.134668e+01,2.136728e+01,2.131920e+01,2.138788e+01,2.138788e+01,2.135355e+01,2.138101e+01,2.130546e+01,2.140161e+01,2.139474e+01,2.138788e+01,2.139474e+01,2.138788e+01,2.136041e+01,2.131920e+01,2.133294e+01,2.129172e+01,2.129859e+01,2.138788e+01,2.139474e+01,2.134668e+01,2.133294e+01,2.133294e+01,2.135355e+01,2.129859e+01,2.133981e+01,2.140847e+01,2.141533e+01,2.142220e+01,2.129172e+01,2.136041e+01,2.135355e+01,2.136728e+01,2.143592e+01,2.129859e+01,2.135355e+01,2.135355e+01,2.136041e+01,2.129859e+01,2.133294e+01,2.125736e+01,2.129172e+01,2.129859e+01,2.137415e+01,2.143592e+01,2.128485e+01,2.127798e+01,2.140161e+01,2.136728e+01,2.127798e+01,2.133981e+01,2.125048e+01,2.139474e+01,2.131233e+01,2.136728e+01,2.133294e+01,2.140161e+01,2.138101e+01,2.140847e+01,2.138788e+01,2.135355e+01,2.134668e+01,2.130546e+01,2.135355e+01,2.138788e+01,2.136728e+01,2.137415e+01,2.132607e+01,2.137415e+01,2.141533e+01,2.138101e+01,2.138788e+01,2.135355e+01,2.136041e+01,2.136041e+01,2.129172e+01,2.131233e+01,2.127798e+01,2.140161e+01,2.128485e+01,2.136041e+01,2.136041e+01,2.131920e+01,2.132607e+01,2.133294e+01,2.131920e+01,2.131920e+01,2.142906e+01,2.131920e+01,2.141533e+01,2.129172e+01,2.131920e+01,2.141533e+01,2.138788e+01,2.144278e+01,2.139474e+01,2.141533e+01,2.142220e+01,2.138788e+01,2.140161e+01,2.140847e+01,2.140161e+01,2.140847e+01,2.131233e+01,2.138788e+01,2.139474e+01,2.142906e+01,2.140847e+01,2.137415e+01,2.136041e+01,2.137415e+01,2.140161e+01,2.133981e+01,2.131233e+01,2.138788e+01,2.138788e+01,2.134668e+01,2.137415e+01,2.142220e+01,2.145650e+01,2.139474e+01,2.136728e+01,2.135355e+01,2.143592e+01,2.133294e+01,2.135355e+01,2.139474e+01,2.144964e+01,2.141533e+01,2.129172e+01,2.138788e+01,2.122986e+01,2.146336e+01,2.146336e+01,2.140847e+01,2.142220e+01,2.136728e+01,2.138101e+01,2.140847e+01,2.155250e+01,2.135355e+01,2.134668e+01,2.144278e+01,2.135355e+01,2.137415e+01,2.139474e+01,2.139474e+01,2.147022e+01,2.138101e+01,2.148394e+01,2.138101e+01,2.144278e+01,2.138101e+01,2.149766e+01,2.148394e+01,2.137415e+01,2.142906e+01,2.140847e+01,2.142220e+01,2.144278e+01,2.140847e+01,2.142906e+01,2.141533e+01,2.148394e+01,2.136728e+01,2.135355e+01,2.141533e+01,2.142906e+01,2.128485e+01,2.134668e+01,2.147022e+01,2.148394e+01,2.135355e+01,2.148394e+01,2.143592e+01,2.138788e+01,2.151823e+01,2.140847e+01,2.139474e+01,2.146336e+01,2.135355e+01,2.136041e+01,2.134668e+01,2.136041e+01,2.140161e+01,2.135355e+01,2.137415e+01,2.138101e+01,2.135355e+01,2.138788e+01,2.137415e+01,2.139474e+01,2.123674e+01,2.137415e+01,2.139474e+01,2.132607e+01,2.136041e+01,2.129859e+01,2.131233e+01,2.133981e+01,2.140161e+01,2.129172e+01,2.140161e+01,2.140161e+01,2.126423e+01,2.134668e+01,2.127110e+01,2.131233e+01,2.131920e+01,2.129172e+01,2.134668e+01,2.129172e+01,2.124361e+01,2.130546e+01,2.135355e+01,2.127798e+01,2.124361e+01,2.122298e+01,2.122298e+01,2.131920e+01,2.125736e+01,2.130546e+01,2.141533e+01,2.129859e+01,2.142220e+01,2.140161e+01,2.136728e+01,2.136041e+01,2.127798e+01,2.132607e+01,2.130546e+01,2.139474e+01,2.130546e+01,2.127798e+01,2.138788e+01,2.136041e+01,2.138101e+01,2.139474e+01,2.147708e+01,2.140847e+01,2.133294e+01,2.141533e+01,2.138101e+01,2.143592e+01,2.141533e+01,2.144964e+01,2.138788e+01,2.141533e+01,2.142906e+01,2.140161e+01,2.140847e+01,2.139474e+01,2.142220e+01,2.144278e+01,2.137415e+01,2.134668e+01,2.142906e+01,2.131920e+01,2.140847e+01,2.139474e+01,2.137415e+01,2.144278e+01,2.140161e+01,2.134668e+01,2.137415e+01,2.131920e+01,2.129859e+01,2.133294e+01,2.136728e+01,2.135355e+01,2.126423e+01,2.140161e+01,2.140161e+01,2.114044e+01,2.076123e+01,2.078195e+01,2.034592e+01,2.005419e+01,1.994283e+01,1.985225e+01,1.985922e+01,1.983831e+01,1.986619e+01,1.983134e+01,1.982437e+01,1.990800e+01,1.978950e+01,1.978950e+01,1.981042e+01,1.988013e+01,1.990103e+01,1.978253e+01,1.989407e+01,1.983134e+01,1.967086e+01,1.977555e+01,1.978253e+01,1.971275e+01,1.971275e+01,1.984528e+01,1.976160e+01,1.981042e+01,1.981042e+01,1.978950e+01,1.971275e+01,1.988710e+01,1.989407e+01,1.983831e+01,1.997068e+01,1.988710e+01,1.970577e+01,1.988013e+01,1.988013e+01,1.979647e+01,1.981740e+01,1.982437e+01,1.993586e+01,1.990103e+01,1.986619e+01,2.000548e+01,2.001244e+01,1.990800e+01,2.000548e+01,1.991496e+01,1.991496e+01,1.998460e+01,1.994979e+01,2.004723e+01,1.997764e+01,1.997764e+01,1.997764e+01,2.000548e+01,1.997068e+01,1.996371e+01,1.998460e+01,1.998460e+01,1.994283e+01,1.998460e+01,2.003332e+01,1.992890e+01,1.992890e+01,1.986619e+01,1.991496e+01,1.993586e+01,1.993586e+01,1.990800e+01,1.991496e+01,1.990103e+01,1.994979e+01,2.047762e+01,2.076123e+01,2.100960e+01,2.099582e+01,2.071978e+01,2.040140e+01,2.008201e+01,1.996371e+01,2.001244e+01,2.001940e+01,2.004027e+01,1.999852e+01,2.000548e+01,1.997764e+01,2.001244e+01,2.003332e+01,2.005419e+01,2.009591e+01,1.990800e+01,2.007505e+01,1.999852e+01,2.006810e+01,1.998460e+01,1.990103e+01,1.996371e+01,2.004027e+01,1.999156e+01,2.000548e+01,1.991496e+01,2.004723e+01,1.994283e+01,2.002636e+01,1.992193e+01,1.981042e+01,2.001940e+01,1.997764e+01,1.997764e+01,1.996371e+01,1.997764e+01,1.996371e+01,1.995675e+01,1.994979e+01,2.010287e+01,1.992193e+01,1.997068e+01,2.000548e+01,1.996371e+01,2.006810e+01,1.994283e+01,1.995675e+01,2.007505e+01,1.994979e+01,1.988710e+01,1.997068e+01,1.996371e+01,1.982437e+01,2.004027e+01,1.998460e+01,1.995675e+01,1.999852e+01,1.996371e+01,1.999156e+01,1.992193e+01,1.995675e+01,2.001940e+01,1.997068e+01,1.995675e+01,1.994283e+01,1.996371e+01,1.991496e+01,1.991496e+01,1.997764e+01,1.994283e+01,1.994283e+01,1.994283e+01,1.987316e+01,1.988013e+01,1.993586e+01,1.990800e+01,1.990103e+01,1.992193e+01,1.990800e+01,1.983134e+01,1.983831e+01,1.993586e+01,1.991496e+01,1.990800e+01,1.988710e+01,1.997068e+01,1.992890e+01,1.992193e+01,1.999156e+01,1.990800e+01,1.996371e+01,2.002636e+01,2.018627e+01,2.031818e+01,2.065757e+01,2.068522e+01,2.101649e+01,2.100271e+01,2.105094e+01,2.122298e+01,2.123674e+01,2.114044e+01,2.115420e+01,2.114044e+01,2.122298e+01,2.111979e+01,2.114732e+01,2.116108e+01,2.122986e+01,2.118172e+01,2.116796e+01,2.117484e+01,2.122298e+01,2.118860e+01,2.109914e+01,2.125736e+01,2.120923e+01,2.113355e+01,2.131233e+01,2.124361e+01,2.120923e+01,2.118860e+01,2.130546e+01,2.112667e+01,2.116796e+01,2.120923e+01,2.122298e+01,2.125048e+01,2.122986e+01,2.112667e+01,2.120923e+01,2.107160e+01,2.108537e+01,2.122986e+01,2.109914e+01,2.115420e+01,2.107848e+01,2.114732e+01,2.113355e+01,2.114732e+01,2.115420e+01,2.111291e+01,2.118860e+01,2.105094e+01,2.112667e+01,2.114732e+01,2.086479e+01,2.101649e+01,2.108537e+01,2.105094e+01,2.103027e+01,2.100960e+01,2.101649e+01,2.097514e+01,2.100271e+01,2.096825e+01,2.104405e+01,2.104405e+01,2.092688e+01,2.096825e+01,2.091998e+01,2.096825e+01,2.102338e+01,2.096825e+01,2.098203e+01,2.094757e+01,2.098203e+01,2.098893e+01,2.108537e+01,2.105782e+01,2.098893e+01,2.100271e+01,2.099582e+01,2.098893e+01,2.107848e+01,2.111979e+01,2.113355e+01,2.109225e+01,2.116796e+01,2.104405e+01,2.098203e+01,2.111979e+01,2.100271e+01,2.098203e+01,2.100960e+01,2.102338e+01,2.100271e+01,2.099582e+01,2.097514e+01,2.098893e+01,2.098893e+01,2.099582e+01,2.104405e+01,2.109225e+01,2.107848e+01,2.103716e+01,2.114044e+01,2.099582e+01,2.102338e+01,2.099582e+01,2.105782e+01,2.104405e+01,2.110602e+01,2.108537e+01
2.115420e+01,2.114044e+01,2.108537e+01,2.108537e+01,2.112667e+01,2.109225e+01,2.109914e+01,2.106471e+01,2.111291e+01,2.109225e+01,2.107848e+01,2.111979e+01,2.103716e+01,2.098893e+01,2.111291e+01,2.117484e+01,2.111979e+01,2.123674e+01,2.112667e+01,2.116108e+01,2.114044e+01,2.107160e+01,2.112667e+01,2.109914e+01,2.102338e+01,2.114044e+01,2.109914e+01,2.115420e+01,2.114044e+01,2.107848e+01,2.109225e+01,2.108537e+01,2.107848e+01,2.105782e+01,2.111291e+01,2.112667e+01,2.112667e+01,2.105782e+01,2.109225e+01,2.111291e+01,2.116796e+01,2.117484e+01,2.119548e+01,2.120235e+01,2.118172e+01,2.120235e+01,2.133294e+01,2.125736e+01,2.110602e+01,2.111291e+01,2.103027e+01,2.119548e+01,2.126423e+01,2.118172e+01,2.123674e+01,2.124361e+01,2.126423e+01,2.120923e+01,2.137415e+01,2.105782e+01,2.124361e+01,2.116796e+01,2.121611e+01,2.120235e+01,2.117484e+01,2.112667e+01,2.127110e+01,2.125048e+01,2.114044e+01,2.124361e+01,2.119548e+01,2.127798e+01,2.125048e+01,2.120923e+01,2.147022e+01,2.122298e+01,2.121611e+01,2.127798e+01,2.127798e+01,2.128485e+01,2.128485e+01,2.127798e+01,2.128485e+01,2.133294e+01,2.138101e+01,2.133294e+01,2.137415e+01,2.138788e+01,2.136041e+01,2.137415e+01,2.140847e+01,2.129859e+01,2.135355e+01,2.137415e+01,2.133294e+01,2.138101e+01,2.137415e+01,2.138788e+01,2.140847e+01,2.129859e+01,2.129859e+01,2.136728e+01,2.130546e+01,2.136728e+01,2.129859e+01,2.132607e+01,2.136728e+01,2.131920e+01,2.134668e+01,2.135355e+01,2.132607e+01,2.134668e+01,2.139474e+01,2.127798e+01,2.128485e+01,2.131233e+01,2.131233e+01,2.138788e+01,2.139474e+01,2.129859e+01,2.130546e+01,2.133294e+01,2.132607e+01,2.131233e+01,2.130546e+01,2.127110e+01,2.124361e+01,2.128485e+01,2.126423e+01,2.126423e+01,2.133981e+01,2.136041e+01,2.127110e+01,2.125736e+01,2.131233e+01,2.138101e+01,2.128485e+01,2.140161e+01,2.132607e+01,2.133981e+01,2.133981e+01,2.132607e+01,2.152508e+01,2.137415e+01,2.131920e+01,2.137415e+01,2.129859e+01,2.133981e+01,2.138788e+01,2.130546e+01,2.135355e+01,2.136041e+01,2.141533e+01,2.138788e+01,2.139474e+01,2.133981e+01,2.135355e+01,2.137415e+01,2.138101e+01,2.133981e+01,2.135355e+01,2.133981e+01,2.140161e+01,2.140847e+01,2.140161e+01,2.138788e+01,2.137415e+01,2.138788e+01,2.133981e+01,2.136728e+01,2.141533e+01,2.144964e+01,2.139474e+01,2.137415e+01,2.138101e+01,2.145650e+01,2.136728e+01,2.136041e+01,2.153194e+01,2.139474e+01,2.135355e+01,2.140847e+01,2.136728e+01,2.133981e+01,2.142220e+01,2.137415e+01,2.140847e+01,2.140847e+01,2.139474e+01,2.141533e+01,2.148394e+01,2.141533e+01,2.138101e+01,2.129859e+01,2.140161e+01,2.136728e+01,2.140161e+01,2.137415e+01,2.133981e+01,2.136728e+01,2.138101e+01,2.131920e+01,2.138788e+01,2.140161e+01,2.134668e+01,2.138788e+01,2.140847e+01,2.142906e+01,2.142906e+01,2.142220e+01,2.143592e+01,2.144278e+01,2.142906e+01,2.150451e+01,2.138788e+01,2.151137e+01,2.144278e+01,2.140161e+01,2.136728e+01,2.148394e+01,2.139474e+01,2.142906e+01,2.145650e+01,2.149766e+01,2.143592e+01,2.143592e+01,2.146336e+01,2.140847e+01,2.137415e+01,2.131920e+01,2.143592e+01,2.139474e+01,2.140161e+01,2.141533e+01,2.142220e+01,2.146336e+01,2.140161e+01,2.136728e+01,2.136728e+01,2.137415e+01,2.143592e+01,2.138788e+01,2.142220e+01,2.138101e+01,2.138788e+01,2.150451e+01,2.138788e+01,2.134668e+01,2.142220e+01,2.138788e+01,2.142906e+01,2.139474e+01,2.137415e+01,2.145650e+01,2.140161e+01,2.148394e+01,2.141533e+01,2.146336e+01,2.142906e+01,2.140847e+01,2.146336e+01,2.150451e+01,2.137415e+01,2.138101e+01,2.136041e+01,2.136041e+01,2.128485e+01,2.136728e+01,2.139474e+01,2.133981e+01,2.138788e+01,2.135355e+01,2.136728e+01,2.138788e+01,2.133294e+01,2.140847e+01,2.135355e+01,2.135355e+01,2.142906e+01,2.141533e+01,2.135355e+01,2.140847e+01,2.131233e+01,2.127110e+01,2.134668e+01,2.128485e+01,2.124361e+01,2.134668e+01,2.123674e+01,2.136041e+01,2.128485e+01,2.127110e+01,2.130546e+01,2.135355e+01,2.128485e+01,2.132607e+01,2.128485e+01,2.130546e+01,2.132607e+01,2.127798e+01,2.132607e+01,2.127110e+01,2.143592e+01,2.142906e+01,2.126423e+01,2.131920e+01,2.127110e+01,2.129859e+01,2.142220e+01,2.132607e+01,2.130546e+01,2.128485e+01,2.134668e+01,2.138101e+01,2.136728e+01,2.136728e+01,2.137415e+01,2.145650e+01,2.139474e+01,2.126423e+01,2.144964e+01,2.135355e+01,2.132607e+01,2.139474e+01,2.141533e+01,2.144964e+01,2.139474e+01,2.140847e+01,2.138101e+01,2.137415e+01,2.138788e+01,2.142906e+01,2.141533e+01,2.140161e+01,2.143592e+01,2.140847e+01,2.138788e+01,2.138101e+01,2.146336e+01,2.131920e+01,2.142906e+01,2.141533e+01,2.139474e+01,2.139474e+01,2.138788e+01,2.145650e+01,2.136041e+01,2.131920e+01,2.136041e+01,2.132607e+01,2.129172e+01,2.127110e+01,2.130546e+01,2.136728e+01,2.125048e+01,2.138788e+01,2.140161e+01,2.123674e+01,2.118172e+01,2.101649e+01,2.065757e+01,2.033205e+01,2.021405e+01,1.988013e+01,1.990103e+01,1.987316e+01,1.989407e+01,1.979647e+01,1.981042e+01,1.983134e+01,1.984528e+01,1.978950e+01,1.979647e+01,1.974764e+01,1.976160e+01,1.976858e+01,1.981740e+01,1.980345e+01,1.970577e+01,1.970577e+01,1.978950e+01,1.982437e+01,1.979647e+01,1.985922e+01,1.978253e+01,1.980345e+01,1.977555e+01,1.978253e+01,1.978950e+01,1.980345e+01,1.974764e+01,1.997068e+01,1.980345e+01,1.990103e+01,1.990800e+01,1.983134e+01,1.970577e+01,1.979647e+01,1.994283e+01,1.985225e+01,1.994283e+01,1.985922e+01,1.985225e+01,1.990800e+01,1.996371e+01,1.988710e+01,1.999852e+01,2.006810e+01,1.994283e+01,2.007505e+01,1.994979e+01,1.994979e+01,1.997764e+01,2.006114e+01,1.996371e+01,2.001244e+01,1.999852e+01,1.990103e+01,1.998460e+01,2.002636e+01,1.991496e+01,1.988013e+01,2.003332e+01,1.982437e+01,1.985225e+01,1.988013e+01,1.983134e+01,1.988013e+01,1.999852e+01,1.990103e+01,1.997764e+01,1.992890e+01,2.022100e+01,2.080267e+01,2.103716e+01,2.102338e+01,2.107848e+01,2.105094e+01,2.087859e+01,2.050533e+01,2.017932e+01,2.009591e+01,2.006810e+01,2.004723e+01,1.992890e+01,2.010287e+01,2.001244e+01,2.006114e+01,2.007505e+01,1.998460e+01,2.001940e+01,2.009591e+01,2.008896e+01,1.994283e+01,1.991496e+01,2.008896e+01,2.004027e+01,2.000548e+01,2.001940e+01,2.005419e+01,2.006114e+01,1.995675e+01,2.001244e+01,2.012372e+01,1.997764e+01,2.001940e+01,2.002636e+01,1.981740e+01,2.000548e+01,1.993586e+01,1.997764e+01,1.997068e+01,1.991496e+01,1.996371e+01,1.992193e+01,1.992193e+01,1.994283e+01,1.994283e+01,1.997764e+01,1.992193e+01,1.995675e+01,1.994979e+01,1.997068e+01,2.002636e+01,1.996371e+01,1.993586e+01,1.991496e+01,1.988013e+01,1.993586e+01,1.998460e+01,1.995675e+01,1.991496e+01,2.000548e+01,1.992890e+01,1.992890e+01,1.993586e+01,1.996371e+01,1.999156e+01,1.999156e+01,1.988710e+01,1.994283e+01,1.992193e+01,1.991496e+01,1.998460e+01,1.994979e+01,1.977555e+01,1.998460e+01,2.000548e+01,1.996371e+01,1.997068e+01,1.992193e+01,1.994283e+01,1.988710e+01,1.992890e+01,1.997764e+01,1.981740e+01,1.984528e+01,1.998460e+01,2.001244e+01,2.005419e+01,1.998460e+01,1.992890e+01,1.994283e+01,2.011677e+01,2.013763e+01,2.013068e+01,2.042912e+01,2.072669e+01,2.078886e+01,2.107160e+01,2.109225e+01,2.111979e+01,2.117484e+01,2.124361e+01,2.118860e+01,2.127110e+01,2.122986e+01,2.110602e+01,2.127798e+01,2.114044e+01,2.120923e+01,2.122298e+01,2.119548e+01,2.118860e+01,2.114044e+01,2.119548e+01,2.121611e+01,2.111291e+01,2.113355e+01,2.125048e+01,2.116796e+01,2.124361e+01,2.125048e+01,2.120923e+01,2.114732e+01,2.125736e+01,2.124361e+01,2.118172e+01,2.111291e+01,2.110602e+01,2.128485e+01,2.114732e+01,2.119548e+01,2.125048e+01,2.120235e+01,2.114044e+01,2.113355e+01,2.107160e+01,2.109225e+01,2.105782e+01,2.116796e+01,2.105782e+01,2.108537e+01,2.109225e+01,2.116796e+01,2.111291e+01,2.111291e+01,2.109225e+01,2.122986e+01,2.108537e+01,2.116108e+01,2.119548e+01,2.109225e+01,2.107160e+01,2.108537e+01,2.099582e+01,2.095446e+01,2.103027e+01,2.107160e+01,2.110602e+01,2.103716e+01,2.103027e+01,2.100960e+01,2.094067e+01,2.101649e+01,2.098203e+01,2.100271e+01,2.120235e+01,2.100271e+01,2.102338e+01,2.100960e+01,2.105094e+01,2.100271e+01,2.105782e+01,2.111979e+01,2.097514e+01,2.098893e+01,2.107848e+01,2.097514e+01,2.117484e+01,2.092688e+01,2.086479e+01,2.109225e+01,2.109914e+01,2.097514e+01,2.106471e+01,2.103027e+01,2.110602e+01,2.107848e+01,2.107160e+01,2.103027e+01,2.110602e+01,2.100271e+01,2.105782e+01,2.109914e+01,2.112667e+01,2.103027e+01,2.100271e+01,2.105094e+01,2.103716e+01,2.100271e+01,2.114044e+01,2.101649e+01,2.105094e+01,2.100271e+01,2.103027e+01,2.103716e+01,2.103027e+01,2.106471e+01,2.105782e+01
2.114044e+01,2.114044e+01,2.117484e+01,2.105094e+01,2.116108e+01,2.103716e+01,2.106471e+01,2.094757e+01,2.109225e+01,2.115420e+01,2.115420e+01,2.112667e+01,2.098893e+01,2.094757e+01,2.114044e+01,2.100960e+01,2.103716e+01,2.110602e+01,2.113355e+01,2.114732e+01,2.111291e+01,2.110602e+01,2.111291e+01,2.103716e+01,2.121611e+01,2.111979e+01,2.118172e+01,2.107848e+01,2.107160e+01,2.110602e+01,2.109914e+01,2.109225e+01,2.109225e+01,2.105782e+01,2.112667e+01,2.111291e+01,2.115420e+01,2.111979e+01,2.121611e+01,2.111979e+01,2.115420e+01,2.115420e+01,2.120923e+01,2.103716e+01,2.121611e+01,2.108537e+01,2.114732e+01,2.117484e+01,2.132607e+01,2.131233e+01,2.111291e+01,2.133981e+01,2.118172e+01,2.110602e+01,2.116108e+01,2.122298e+01,2.117484e+01,2.118860e+01,2.107848e+01,2.122986e+01,2.115420e+01,2.116108e+01,2.112667e+01,2.122298e+01,2.116796e+01,2.111291e+01,2.098893e+01,2.118860e+01,2.105094e+01,2.117484e+01,2.122986e+01,2.126423e+01,2.127110e+01,2.125736e+01,2.120235e+01,2.126423e+01,2.125736e+01,2.126423e+01,2.126423e+01,2.133981e+01,2.123674e+01,2.130546e+01,2.129172e+01,2.122986e+01,2.134668e+01,2.125048e+01,2.135355e+01,2.125736e+01,2.142220e+01,2.140161e+01,2.136728e+01,2.129859e+01,2.131233e+01,2.130546e+01,2.120923e+01,2.150451e+01,2.138101e+01,2.140847e+01,2.127798e+01,2.131920e+01,2.131233e+01,2.129859e+01,2.143592e+01,2.137415e+01,2.137415e+01,2.136728e+01,2.140847e+01,2.135355e+01,2.140847e+01,2.132607e+01,2.141533e+01,2.143592e+01,2.125736e+01,2.136041e+01,2.132607e+01,2.138101e+01,2.131233e+01,2.140847e+01,2.133981e+01,2.136728e+01,2.132607e+01,2.137415e+01,2.127798e+01,2.136728e+01,2.127110e+01,2.129859e+01,2.136041e+01,2.126423e+01,2.133981e+01,2.137415e+01,2.135355e+01,2.127798e+01,2.127110e+01,2.127798e+01,2.124361e+01,2.140847e+01,2.140161e+01,2.134668e+01,2.132607e+01,2.134668e+01,2.137415e+01,2.140847e+01,2.144964e+01,2.149080e+01,2.130546e+01,2.129859e+01,2.133981e+01,2.133981e+01,2.137415e+01,2.136041e+01,2.135355e+01,2.129859e+01,2.140161e+01,2.136728e+01,2.138788e+01,2.133981e+01,2.131233e+01,2.138101e+01,2.122986e+01,2.133981e+01,2.130546e+01,2.133981e+01,2.144964e+01,2.137415e+01,2.138788e+01,2.140161e+01,2.136041e+01,2.146336e+01,2.136728e+01,2.134668e+01,2.138101e+01,2.129859e+01,2.145650e+01,2.138788e+01,2.135355e+01,2.143592e+01,2.131920e+01,2.155250e+01,2.140847e+01,2.136041e+01,2.138101e+01,2.133981e+01,2.131233e+01,2.144278e+01,2.131920e+01,2.136041e+01,2.140161e+01,2.140847e+01,2.138788e+01,2.140847e+01,2.147022e+01,2.142220e+01,2.139474e+01,2.137415e+01,2.132607e+01,2.140161e+01,2.134668e+01,2.146336e+01,2.137415e+01,2.138788e+01,2.133294e+01,2.131920e+01,2.136728e+01,2.133981e+01,2.136728e+01,2.136728e+01,2.140161e+01,2.147708e+01,2.141533e+01,2.143592e+01,2.141533e+01,2.142220e+01,2.140847e+01,2.154565e+01,2.150451e+01,2.142220e+01,2.147022e+01,2.140161e+01,2.147708e+01,2.138788e+01,2.138788e+01,2.138101e+01,2.142906e+01,2.146336e+01,2.141533e+01,2.144964e+01,2.144278e+01,2.133981e+01,2.140161e+01,2.137415e+01,2.150451e+01,2.138788e+01,2.151823e+01,2.146336e+01,2.145650e+01,2.147022e+01,2.145650e+01,2.144964e+01,2.135355e+01,2.138101e+01,2.141533e+01,2.137415e+01,2.146336e+01,2.143592e+01,2.140161e+01,2.138788e+01,2.149080e+01,2.137415e+01,2.141533e+01,2.142906e+01,2.147022e+01,2.146336e+01,2.142220e+01,2.145650e+01,2.145650e+01,2.138788e+01,2.147708e+01,2.136041e+01,2.149766e+01,2.148394e+01,2.147022e+01,2.144278e+01,2.138788e+01,2.131920e+01,2.131233e+01,2.140161e+01,2.137415e+01,2.137415e+01,2.134668e+01,2.137415e+01,2.133294e+01,2.135355e+01,2.137415e+01,2.127110e+01,2.126423e+01,2.129859e+01,2.140847e+01,2.141533e+01,2.125736e+01,2.133981e+01,2.136728e+01,2.132607e+01,2.136728e+01,2.133294e+01,2.131920e+01,2.121611e+01,2.133294e+01,2.122298e+01,2.138788e+01,2.135355e+01,2.136041e+01,2.130546e+01,2.133294e+01,2.127798e+01,2.131920e+01,2.131920e+01,2.129859e+01,2.129859e+01,2.127798e+01,2.130546e+01,2.128485e+01,2.122986e+01,2.127110e+01,2.134668e+01,2.129172e+01,2.127798e+01,2.131920e+01,2.133981e+01,2.135355e+01,2.135355e+01,2.130546e+01,2.134668e+01,2.139474e+01,2.131920e+01,2.136041e+01,2.139474e+01,2.131233e+01,2.136728e+01,2.140847e+01,2.129172e+01,2.142220e+01,2.138788e+01,2.133294e+01,2.132607e+01,2.134668e+01,2.138788e+01,2.139474e+01,2.149080e+01,2.137415e+01,2.142906e+01,2.136728e+01,2.141533e+01,2.141533e+01,2.140847e+01,2.140161e+01,2.144278e+01,2.142906e+01,2.142220e+01,2.144964e+01,2.142906e+01,2.141533e+01,2.128485e+01,2.140161e+01,2.130546e+01,2.140847e+01,2.131920e+01,2.135355e+01,2.147708e+01,2.130546e+01,2.130546e+01,2.129172e+01,2.136728e+01,2.125048e+01,2.136728e+01,2.135355e+01,2.136728e+01,2.130546e+01,2.140847e+01,2.140847e+01,2.125048e+01,2.096135e+01,2.066448e+01,2.031124e+01,2.007505e+01,1.991496e+01,1.983831e+01,1.984528e+01,1.981740e+01,1.984528e+01,1.981740e+01,1.988710e+01,1.974764e+01,1.978950e+01,1.975462e+01,1.976160e+01,1.971973e+01,1.974764e+01,1.971275e+01,1.978253e+01,1.974067e+01,1.970577e+01,1.974067e+01,1.970577e+01,1.976160e+01,1.984528e+01,1.985225e+01,1.978950e+01,1.979647e+01,1.976858e+01,1.974067e+01,1.985922e+01,1.981740e+01,1.988710e+01,1.990103e+01,1.990103e+01,1.990800e+01,1.988013e+01,1.985225e+01,1.987316e+01,1.983831e+01,1.985225e+01,1.992193e+01,1.997764e+01,2.000548e+01,1.996371e+01,1.994283e+01,2.000548e+01,2.010287e+01,2.001940e+01,1.995675e+01,2.001940e+01,2.006114e+01,2.004723e+01,2.006114e+01,2.004723e+01,2.001940e+01,2.004723e+01,1.996371e+01,1.994979e+01,2.003332e+01,2.002636e+01,1.992193e+01,1.994283e+01,1.997068e+01,1.996371e+01,2.006114e+01,1.985922e+01,1.992890e+01,1.990800e+01,1.988013e+01,2.000548e+01,2.022794e+01,2.052610e+01,2.100960e+01,2.102338e+01,2.105782e+01,2.118860e+01,2.109914e+01,2.109225e+01,2.070596e+01,2.070596e+01,2.039447e+01,2.034592e+01,2.011677e+01,2.010287e+01,2.008201e+01,2.003332e+01,2.013068e+01,2.005419e+01,2.005419e+01,2.008896e+01,2.004723e+01,2.010287e+01,2.014458e+01,2.001940e+01,2.013763e+01,2.006810e+01,2.004723e+01,2.000548e+01,1.991496e+01,2.000548e+01,1.995675e+01,2.008896e+01,1.988710e+01,1.997068e+01,2.001940e+01,1.997764e+01,1.995675e+01,1.996371e+01,1.993586e+01,1.994979e+01,1.995675e+01,1.997764e+01,1.996371e+01,1.991496e+01,1.997068e+01,1.994979e+01,1.992193e+01,1.994979e+01,1.997068e+01,1.999156e+01,1.996371e+01,1.994283e+01,1.992193e+01,1.998460e+01,1.996371e+01,1.991496e+01,1.990103e+01,1.996371e+01,1.995675e+01,2.007505e+01,1.993586e+01,2.001940e+01,2.001940e+01,1.994979e+01,2.003332e+01,1.998460e+01,1.988710e+01,1.993586e+01,1.996371e+01,1.980345e+01,1.999852e+01,1.990103e+01,2.002636e+01,1.996371e+01,1.998460e+01,1.999852e+01,1.992193e+01,1.983831e+01,1.994283e+01,1.984528e+01,1.990103e+01,1.990103e+01,1.997764e+01,1.990800e+01,1.988710e+01,1.987316e+01,2.004027e+01,1.984528e+01,1.993586e+01,2.001940e+01,2.018627e+01,2.038753e+01,2.058840e+01,2.069905e+01,2.090619e+01,2.101649e+01,2.116108e+01,2.117484e+01,2.123674e+01,2.122298e+01,2.114044e+01,2.114044e+01,2.122986e+01,2.125048e+01,2.116796e+01,2.121611e+01,2.133981e+01,2.125048e+01,2.118172e+01,2.120235e+01,2.122298e+01,2.120235e+01,2.118172e+01,2.120235e+01,2.118172e+01,2.120923e+01,2.120235e+01,2.111979e+01,2.111291e+01,2.113355e+01,2.117484e+01,2.127798e+01,2.116796e+01,2.126423e+01,2.116796e+01,2.126423e+01,2.116796e+01,2.126423e+01,2.113355e+01,2.112667e+01,2.114732e+01,2.124361e+01,2.123674e+01,2.122298e+01,2.122986e+01,2.118172e+01,2.109225e+01,2.106471e+01,2.105782e+01,2.103027e+01,2.086479e+01,2.109914e+01,2.111979e+01,2.111979e+01,2.107160e+01,2.107160e+01,2.109914e+01,2.107160e+01,2.109914e+01,2.100271e+01,2.099582e+01,2.103027e+01,2.102338e+01,2.097514e+01,2.091308e+01,2.096825e+01,2.099582e+01,2.100960e+01,2.107160e+01,2.107160e+01,2.108537e+01,2.101649e+01,2.089929e+01,2.093377e+01,2.096825e+01,2.101649e+01,2.097514e+01,2.105094e+01,2.101649e+01,2.114044e+01,2.097514e+01,2.106471e+01,2.102338e+01,2.100271e+01,2.113355e+01,2.107160e+01,2.096825e+01,2.107160e+01,2.113355e+01,2.101649e+01,2.108537e+01,2.104405e+01,2.110602e+01,2.113355e+01,2.106471e+01,2.106471e+01,2.106471e+01,2.101649e+01,2.111979e+01,2.100960e+01,2.099582e+01,2.111291e+01,2.102338e+01,2.109914e+01,2.100271e+01,2.100960e+01,2.107848e+01,2.103027e+01,2.102338e+01,2.103716e+01,2.105782e+01,2.104405e+01,2.105094e+01,2.105094e+01,2.104405e+01,2.100960e+01,2.102338e+01,2.106471e+01,2.101649e+01
2.102338e+01,2.092688e+01,2.114044e+01,2.107848e+01,2.101649e+01,2.090619e+01,2.100271e+01,2.110602e+01,2.098893e+01,2.114732e+01,2.112667e+01,2.100960e+01,2.114732e+01,2.114044e+01,2.099582e+01,2.100271e+01,2.090619e+01,2.110602e+01,2.112667e+01,2.111291e+01,2.108537e+01,2.105094e+01,2.114732e+01,2.112667e+01,2.105094e+01,2.107848e+01,2.103027e+01,2.105782e+01,2.107160e+01,2.103716e+01,2.105094e+01,2.111291e+01,2.107848e+01,2.108537e+01,2.111291e+01,2.079576e+01,2.111291e+01,2.111979e+01,2.111979e+01,2.118172e+01,2.114732e+01,2.119548e+01,2.115420e+01,2.117484e+01,2.118860e+01,2.114044e+01,2.111979e+01,2.116108e+01,2.114044e+01,2.116796e+01,2.111979e+01,2.115420e+01,2.113355e+01,2.111979e+01,2.111291e+01,2.122298e+01,2.114732e+01,2.116796e+01,2.130546e+01,2.115420e+01,2.120923e+01,2.114732e+01,2.116108e+01,2.118860e+01,2.120235e+01,2.106471e+01,2.114732e+01,2.115420e+01,2.118172e+01,2.118860e+01,2.119548e+01,2.124361e+01,2.125736e+01,2.119548e+01,2.122986e+01,2.118172e+01,2.123674e+01,2.118172e+01,2.133981e+01,2.119548e+01,2.122298e+01,2.122298e+01,2.125736e+01,2.127110e+01,2.132607e+01,2.112667e+01,2.136041e+01,2.138788e+01,2.136041e+01,2.137415e+01,2.131920e+01,2.133294e+01,2.150451e+01,2.138788e+01,2.140847e+01,2.124361e+01,2.128485e+01,2.144964e+01,2.131920e+01,2.137415e+01,2.131233e+01,2.131920e+01,2.131920e+01,2.139474e+01,2.137415e+01,2.136041e+01,2.138788e+01,2.131920e+01,2.138101e+01,2.150451e+01,2.132607e+01,2.134668e+01,2.135355e+01,2.134668e+01,2.128485e+01,2.129172e+01,2.130546e+01,2.139474e+01,2.139474e+01,2.140161e+01,2.127110e+01,2.129859e+01,2.129172e+01,2.128485e+01,2.129859e+01,2.136728e+01,2.132607e+01,2.135355e+01,2.138101e+01,2.140161e+01,2.144278e+01,2.127798e+01,2.132607e+01,2.139474e+01,2.129859e+01,2.133981e+01,2.133294e+01,2.127798e+01,2.131920e+01,2.136728e+01,2.144278e+01,2.138788e+01,2.137415e+01,2.135355e+01,2.138101e+01,2.136728e+01,2.136041e+01,2.132607e+01,2.131233e+01,2.136041e+01,2.136728e+01,2.135355e+01,2.136041e+01,2.126423e+01,2.134668e+01,2.138788e+01,2.136728e+01,2.136041e+01,2.138788e+01,2.139474e+01,2.155936e+01,2.130546e+01,2.131233e+01,2.146336e+01,2.133294e+01,2.135355e+01,2.137415e+01,2.126423e+01,2.130546e+01,2.138101e+01,2.135355e+01,2.133294e+01,2.136728e+01,2.137415e+01,2.145650e+01,2.143592e+01,2.146336e+01,2.138788e+01,2.132607e+01,2.139474e+01,2.141533e+01,2.146336e+01,2.136728e+01,2.135355e+01,2.144278e+01,2.146336e+01,2.143592e+01,2.138101e+01,2.141533e+01,2.142906e+01,2.144278e+01,2.139474e+01,2.141533e+01,2.136728e+01,2.138101e+01,2.143592e+01,2.143592e+01,2.140161e+01,2.139474e+01,2.143592e+01,2.133294e+01,2.130546e+01,2.141533e+01,2.140161e+01,2.138788e+01,2.138788e+01,2.141533e+01,2.144278e+01,2.140847e+01,2.140847e+01,2.141533e+01,2.141533e+01,2.140847e+01,2.140847e+01,2.147022e+01,2.140847e+01,2.144964e+01,2.142906e+01,2.139474e+01,2.144278e+01,2.147022e+01,2.140847e+01,2.151137e+01,2.143592e+01,2.145650e+01,2.143592e+01,2.138788e+01,2.140161e+01,2.143592e+01,2.138788e+01,2.148394e+01,2.156621e+01,2.142220e+01,2.144278e+01,2.152508e+01,2.147022e+01,2.142220e+01,2.140847e+01,2.138788e+01,2.140847e+01,2.136041e+01,2.143592e+01,2.147022e+01,2.141533e+01,2.144278e+01,2.138101e+01,2.149766e+01,2.143592e+01,2.140847e+01,2.140847e+01,2.144964e+01,2.137415e+01,2.142220e+01,2.140847e+01,2.142906e+01,2.142906e+01,2.147708e+01,2.144964e+01,2.146336e+01,2.140161e+01,2.147708e+01,2.144278e+01,2.135355e+01,2.149080e+01,2.146336e+01,2.142220e+01,2.139474e+01,2.128485e+01,2.138788e+01,2.132607e+01,2.131920e+01,2.140161e+01,2.135355e+01,2.132607e+01,2.137415e+01,2.124361e+01,2.126423e+01,2.133981e+01,2.145650e+01,2.133981e+01,2.125048e+01,2.138101e+01,2.133981e+01,2.131920e+01,2.131233e+01,2.131920e+01,2.124361e+01,2.136041e+01,2.138101e+01,2.133294e+01,2.127110e+01,2.133294e+01,2.128485e+01,2.131920e+01,2.131233e+01,2.129172e+01,2.129172e+01,2.129859e+01,2.125736e+01,2.127110e+01,2.133294e+01,2.127798e+01,2.128485e+01,2.133981e+01,2.131920e+01,2.137415e+01,2.125736e+01,2.126423e+01,2.129172e+01,2.142906e+01,2.143592e+01,2.129172e+01,2.125048e+01,2.133294e+01,2.137415e+01,2.135355e+01,2.140847e+01,2.134668e+01,2.140161e+01,2.136728e+01,2.134668e+01,2.134668e+01,2.136041e+01,2.136728e+01,2.136728e+01,2.137415e+01,2.135355e+01,2.141533e+01,2.136728e+01,2.140161e+01,2.140161e+01,2.140161e+01,2.139474e+01,2.149080e+01,2.137415e+01,2.141533e+01,2.136041e+01,2.140847e+01,2.142906e+01,2.129172e+01,2.130546e+01,2.140847e+01,2.138101e+01,2.131233e+01,2.140847e+01,2.129172e+01,2.129172e+01,2.130546e+01,2.135355e+01,2.127110e+01,2.134668e+01,2.125736e+01,2.135355e+01,2.136728e+01,2.132607e+01,2.133981e+01,2.136728e+01,2.136728e+01,2.122986e+01,2.127798e+01,2.107160e+01,2.091998e+01,2.062299e+01,2.038060e+01,2.011677e+01,1.985225e+01,1.995675e+01,1.981740e+01,1.990800e+01,1.988710e+01,1.985922e+01,1.977555e+01,1.978253e+01,1.972671e+01,1.976160e+01,1.980345e+01,1.969879e+01,1.973369e+01,1.976160e+01,1.987316e+01,1.972671e+01,1.976160e+01,1.974067e+01,1.969181e+01,1.971973e+01,1.978950e+01,1.978950e+01,1.984528e+01,1.975462e+01,1.981740e+01,1.978253e+01,1.974764e+01,1.990103e+01,1.988710e+01,1.977555e+01,1.990800e+01,1.989407e+01,1.989407e+01,1.983831e+01,1.981042e+01,1.985922e+01,1.983831e+01,1.985922e+01,1.992193e+01,1.991496e+01,1.991496e+01,1.982437e+01,2.004027e+01,2.002636e+01,2.005419e+01,2.007505e+01,2.001244e+01,2.004027e+01,2.006810e+01,2.004723e+01,2.001244e+01,2.001244e+01,1.998460e+01,2.001940e+01,1.995675e+01,2.010287e+01,1.999156e+01,1.996371e+01,1.987316e+01,1.999852e+01,1.999852e+01,1.998460e+01,2.002636e+01,1.992193e+01,1.997068e+01,2.007505e+01,2.051225e+01,2.103027e+01,2.114044e+01,2.115420e+01,2.114044e+01,2.118860e+01,2.114732e+01,2.110602e+01,2.107848e+01,2.112667e+01,2.080267e+01,2.079576e+01,2.058148e+01,2.047762e+01,2.042219e+01,2.044298e+01,2.012372e+01,2.006810e+01,2.010287e+01,1.995675e+01,1.997068e+01,2.007505e+01,2.007505e+01,2.001940e+01,2.000548e+01,1.998460e+01,1.994979e+01,1.998460e+01,2.000548e+01,1.997068e+01,2.001940e+01,1.997068e+01,1.995675e+01,1.996371e+01,1.999156e+01,1.998460e+01,1.997068e+01,1.993586e+01,1.997764e+01,1.996371e+01,1.995675e+01,1.998460e+01,2.000548e+01,1.991496e+01,1.996371e+01,1.989407e+01,1.995675e+01,2.001244e+01,1.986619e+01,1.983831e+01,1.993586e+01,1.997068e+01,1.999852e+01,1.993586e+01,1.997068e+01,2.006810e+01,1.994283e+01,1.994283e+01,2.010287e+01,1.994979e+01,1.997764e+01,2.001244e+01,1.987316e+01,1.987316e+01,1.996371e+01,1.995675e+01,1.994283e+01,1.992193e+01,1.994979e+01,1.990103e+01,1.996371e+01,1.999852e+01,2.001244e+01,2.004027e+01,1.971973e+01,1.996371e+01,1.993586e+01,1.990103e+01,1.992890e+01,2.001244e+01,2.003332e+01,1.997764e+01,1.983831e+01,1.996371e+01,1.992890e+01,1.994283e+01,1.997764e+01,1.993586e+01,2.004027e+01,2.047070e+01,2.086479e+01,2.085099e+01,2.103716e+01,2.107848e+01,2.111979e+01,2.117484e+01,2.112667e+01,2.116796e+01,2.115420e+01,2.116108e+01,2.115420e+01,2.120923e+01,2.120235e+01,2.128485e+01,2.122298e+01,2.122298e+01,2.140161e+01,2.114044e+01,2.121611e+01,2.120235e+01,2.125048e+01,2.123674e+01,2.124361e+01,2.123674e+01,2.122986e+01,2.127110e+01,2.109225e+01,2.124361e+01,2.129172e+01,2.129859e+01,2.125048e+01,2.125736e+01,2.122298e+01,2.122298e+01,2.132607e+01,2.118172e+01,2.120235e+01,2.122986e+01,2.129859e+01,2.118172e+01,2.120923e+01,2.124361e+01,2.122298e+01,2.121611e+01,2.120923e+01,2.115420e+01,2.109225e+01,2.108537e+01,2.091308e+01,2.125048e+01,2.122986e+01,2.111979e+01,2.096135e+01,2.105094e+01,2.110602e+01,2.120923e+01,2.105094e+01,2.107848e+01,2.109914e+01,2.098893e+01,2.107160e+01,2.098893e+01,2.103027e+01,2.100271e+01,2.109225e+01,2.100960e+01,2.109914e+01,2.100271e+01,2.103027e+01,2.104405e+01,2.103027e+01,2.100271e+01,2.093377e+01,2.111979e+01,2.110602e+01,2.092688e+01,2.099582e+01,2.095446e+01,2.096135e+01,2.091998e+01,2.098203e+01,2.103027e+01,2.099582e+01,2.097514e+01,2.113355e+01,2.101649e+01,2.096825e+01,2.107848e+01,2.109914e+01,2.115420e+01,2.108537e+01,2.109914e+01,2.105782e+01,2.112667e+01,2.103027e+01,2.097514e+01,2.106471e+01,2.109914e+01,2.107160e+01,2.111979e+01,2.108537e+01,2.098893e+01,2.094067e+01,2.103716e+01,2.098203e+01,2.074051e+01,2.110602e+01,2.106471e+01,2.105782e+01,2.101649e+01,2.095446e+01,2.094067e+01,2.112667e+01,2.104405e+01,2.120235e+01,2.100271e+01,2.106471e+01,2.103716e+01,2.103716e+01
2.114732e+01,2.111979e+01,2.115420e+01,2.116796e+01,2.098203e+01,2.107160e+01,2.101649e+01,2.102338e+01,2.099582e+01,2.112667e+01,2.111291e+01,2.109225e+01,2.114732e+01,2.108537e+01,2.100271e+01,2.112667e+01,2.103027e+01,2.103716e+01,2.105782e+01,2.106471e+01,2.106471e+01,2.107160e+01,2.116796e+01,2.106471e+01,2.111979e+01,2.109225e+01,2.108537e+01,2.107848e+01,2.111979e+01,2.110602e+01,2.102338e+01,2.107848e+01,2.112667e+01,2.112667e+01,2.109914e+01,2.112667e+01,2.109225e+01,2.110602e+01,2.117484e+01,2.114044e+01,2.111291e+01,2.122986e+01,2.108537e+01,2.114732e+01,2.107848e+01,2.112667e+01,2.114732e+01,2.114044e+01,2.099582e+01,2.103716e+01,2.112667e+01,2.112667e+01,2.109914e+01,2.111291e+01,2.127110e+01,2.118860e+01,2.112667e+01,2.117484e+01,2.117484e+01,2.115420e+01,2.122986e+01,2.116108e+01,2.122986e+01,2.117484e+01,2.113355e+01,2.122298e+01,2.120923e+01,2.114732e+01,2.120923e+01,2.118172e+01,2.125736e+01,2.127110e+01,2.122298e+01,2.108537e+01,2.122986e+01,2.121611e+01,2.120235e+01,2.124361e+01,2.117484e+01,2.122298e+01,2.125736e+01,2.127110e+01,2.126423e+01,2.125736e+01,2.124361e+01,2.131920e+01,2.136728e+01,2.124361e+01,2.142906e+01,2.127110e+01,2.129859e+01,2.131233e+01,2.129859e+01,2.131233e+01,2.128485e+01,2.140161e+01,2.135355e+01,2.126423e+01,2.136728e+01,2.129859e+01,2.127798e+01,2.128485e+01,2.127798e+01,2.128485e+01,2.127798e+01,2.132607e+01,2.129859e+01,2.138101e+01,2.136041e+01,2.129859e+01,2.133294e+01,2.137415e+01,2.138788e+01,2.133981e+01,2.130546e+01,2.127798e+01,2.139474e+01,2.133981e+01,2.133981e+01,2.131920e+01,2.131920e+01,2.131233e+01,2.129172e+01,2.131920e+01,2.132607e+01,2.135355e+01,2.127798e+01,2.136728e+01,2.125736e+01,2.129859e+01,2.130546e+01,2.136728e+01,2.129172e+01,2.139474e+01,2.125736e+01,2.136041e+01,2.129859e+01,2.131920e+01,2.131920e+01,2.131920e+01,2.134668e+01,2.137415e+01,2.148394e+01,2.140847e+01,2.137415e+01,2.131920e+01,2.133294e+01,2.133981e+01,2.134668e+01,2.125736e+01,2.133981e+01,2.133294e+01,2.138788e+01,2.134668e+01,2.136728e+01,2.138101e+01,2.129859e+01,2.137415e+01,2.139474e+01,2.137415e+01,2.143592e+01,2.146336e+01,2.133981e+01,2.136041e+01,2.139474e+01,2.141533e+01,2.144964e+01,2.137415e+01,2.137415e+01,2.147708e+01,2.134668e+01,2.132607e+01,2.128485e+01,2.144964e+01,2.144278e+01,2.144278e+01,2.132607e+01,2.133981e+01,2.135355e+01,2.135355e+01,2.136728e+01,2.136728e+01,2.136728e+01,2.129859e+01,2.147022e+01,2.141533e+01,2.140161e+01,2.136728e+01,2.138788e+01,2.140847e+01,2.144278e+01,2.138101e+01,2.140161e+01,2.136041e+01,2.136728e+01,2.140847e+01,2.147022e+01,2.141533e+01,2.139474e+01,2.149080e+01,2.153880e+01,2.141533e+01,2.139474e+01,2.131920e+01,2.146336e+01,2.132607e+01,2.142220e+01,2.140161e+01,2.141533e+01,2.143592e+01,2.134668e+01,2.140161e+01,2.138788e+01,2.138788e+01,2.142220e+01,2.139474e+01,2.146336e+01,2.144278e+01,2.142220e+01,2.135355e+01,2.147022e+01,2.152508e+01,2.139474e+01,2.142906e+01,2.137415e+01,2.144964e+01,2.140847e+01,2.129172e+01,2.137415e+01,2.155936e+01,2.140847e+01,2.138101e+01,2.146336e+01,2.137415e+01,2.144278e+01,2.140161e+01,2.142220e+01,2.143592e+01,2.140847e+01,2.140847e+01,2.143592e+01,2.136041e+01,2.142220e+01,2.141533e+01,2.141533e+01,2.140161e+01,2.143592e+01,2.141533e+01,2.134668e+01,2.137415e+01,2.139474e+01,2.144278e+01,2.142906e+01,2.143592e+01,2.141533e+01,2.142220e+01,2.143592e+01,2.148394e+01,2.144964e+01,2.137415e+01,2.133294e+01,2.133981e+01,2.136041e+01,2.147022e+01,2.140847e+01,2.125048e+01,2.137415e+01,2.136041e+01,2.129172e+01,2.133981e+01,2.131233e+01,2.131233e+01,2.134668e+01,2.133981e+01,2.138788e+01,2.139474e+01,2.138101e+01,2.125736e+01,2.133294e+01,2.136041e+01,2.135355e+01,2.129859e+01,2.131233e+01,2.136728e+01,2.132607e+01,2.135355e+01,2.136041e+01,2.131920e+01,2.130546e+01,2.125736e+01,2.128485e+01,2.127798e+01,2.127798e+01,2.126423e+01,2.129172e+01,2.129859e+01,2.129859e+01,2.131920e+01,2.129172e+01,2.128485e+01,2.134668e+01,2.130546e+01,2.133981e+01,2.137415e+01,2.125736e+01,2.131920e+01,2.138101e+01,2.131920e+01,2.133981e+01,2.133981e+01,2.136728e+01,2.136728e+01,2.133294e+01,2.124361e+01,2.127798e+01,2.136041e+01,2.139474e+01,2.132607e+01,2.138788e+01,2.138788e+01,2.138788e+01,2.119548e+01,2.136728e+01,2.138101e+01,2.133981e+01,2.131233e+01,2.136041e+01,2.133981e+01,2.142906e+01,2.136728e+01,2.147022e+01,2.139474e+01,2.138101e+01,2.137415e+01,2.132607e+01,2.139474e+01,2.138788e+01,2.142906e+01,2.131920e+01,2.140847e+01,2.129859e+01,2.137415e+01,2.139474e+01,2.142906e+01,2.128485e+01,2.131233e+01,2.131233e+01,2.133294e+01,2.129859e+01,2.126423e+01,2.136728e+01,2.132607e+01,2.132607e+01,2.122986e+01,2.122986e+01,2.133294e+01,2.133981e+01,2.136041e+01,2.132607e+01,2.124361e+01,2.125736e+01,2.126423e+01,2.116108e+01,2.073360e+01,2.056763e+01,2.010982e+01,2.015848e+01,1.995675e+01,2.002636e+01,1.988013e+01,1.971275e+01,1.974067e+01,1.984528e+01,1.983134e+01,1.975462e+01,1.968483e+01,1.971275e+01,1.975462e+01,1.973369e+01,1.973369e+01,1.971275e+01,1.976160e+01,1.969879e+01,1.975462e+01,1.982437e+01,1.975462e+01,1.978253e+01,1.973369e+01,1.980345e+01,1.978253e+01,1.970577e+01,1.988013e+01,1.980345e+01,1.987316e+01,1.989407e+01,1.990800e+01,1.983831e+01,1.990103e+01,1.985922e+01,1.983134e+01,1.983831e+01,1.988013e+01,1.987316e+01,1.994979e+01,1.992890e+01,1.990103e+01,1.996371e+01,1.999156e+01,2.005419e+01,2.003332e+01,2.005419e+01,2.004027e+01,2.010287e+01,2.006810e+01,1.997764e+01,2.005419e+01,1.996371e+01,1.994283e+01,1.986619e+01,2.006810e+01,2.001940e+01,2.002636e+01,2.006114e+01,1.994979e+01,2.000548e+01,1.998460e+01,2.004723e+01,2.001244e+01,2.001244e+01,2.006810e+01,2.051918e+01,2.092688e+01,2.112667e+01,2.107848e+01,2.114732e+01,2.109914e+01,2.107848e+01,2.108537e+01,2.113355e+01,2.120923e+01,2.118860e+01,2.112667e+01,2.098893e+01,2.107848e+01,2.102338e+01,2.091998e+01,2.072669e+01,2.045684e+01,2.014458e+01,2.007505e+01,2.014458e+01,1.999156e+01,2.011677e+01,2.008896e+01,2.008201e+01,2.004723e+01,2.004723e+01,2.001244e+01,1.999852e+01,2.005419e+01,1.997764e+01,1.996371e+01,1.995675e+01,2.006114e+01,1.996371e+01,1.998460e+01,2.001244e+01,1.993586e+01,2.006114e+01,1.996371e+01,1.994979e+01,1.990800e+01,1.995675e+01,1.994283e+01,1.994283e+01,1.983831e+01,1.994283e+01,1.988013e+01,1.999852e+01,1.989407e+01,1.998460e+01,1.994979e+01,1.994283e+01,1.995675e+01,2.000548e+01,1.992890e+01,1.992890e+01,1.994283e+01,2.001244e+01,1.994283e+01,1.998460e+01,1.994979e+01,1.997068e+01,1.987316e+01,2.001940e+01,1.997764e+01,1.991496e+01,1.992890e+01,1.995675e+01,1.998460e+01,1.988710e+01,1.997764e+01,1.997764e+01,1.992193e+01,1.999852e+01,1.990800e+01,1.988013e+01,1.990800e+01,1.992890e+01,1.994979e+01,1.997764e+01,1.994979e+01,1.994979e+01,1.994283e+01,1.992193e+01,1.984528e+01,1.992193e+01,1.983831e+01,1.997068e+01,2.032512e+01,2.043605e+01,2.082338e+01,2.107160e+01,2.126423e+01,2.107160e+01,2.119548e+01,2.106471e+01,2.129172e+01,2.125736e+01,2.126423e+01,2.118172e+01,2.114732e+01,2.138788e+01,2.124361e+01,2.125736e+01,2.122986e+01,2.122986e+01,2.115420e+01,2.120235e+01,2.120235e+01,2.121611e+01,2.130546e+01,2.125736e+01,2.120923e+01,2.120923e+01,2.117484e+01,2.122986e+01,2.124361e+01,2.124361e+01,2.127798e+01,2.116108e+01,2.118172e+01,2.128485e+01,2.129859e+01,2.118860e+01,2.118860e+01,2.116108e+01,2.121611e+01,2.116108e+01,2.118860e+01,2.116108e+01,2.122298e+01,2.105782e+01,2.122986e+01,2.108537e+01,2.123674e+01,2.118172e+01,2.112667e+01,2.107848e+01,2.109914e+01,2.106471e+01,2.109225e+01,2.111979e+01,2.112667e+01,2.108537e+01,2.104405e+01,2.104405e+01,2.107160e+01,2.109914e+01,2.100271e+01,2.103716e+01,2.105782e+01,2.101649e+01,2.100960e+01,2.111979e+01,2.098203e+01,2.098203e+01,2.098203e+01,2.098203e+01,2.105094e+01,2.109225e+01,2.105094e+01,2.109225e+01,2.093377e+01,2.090619e+01,2.103716e+01,2.109914e+01,2.095446e+01,2.092688e+01,2.102338e+01,2.092688e+01,2.105094e+01,2.090619e+01,2.100960e+01,2.102338e+01,2.097514e+01,2.096825e+01,2.105782e+01,2.098893e+01,2.091308e+01,2.109914e+01,2.102338e+01,2.095446e+01,2.098203e+01,2.104405e+01,2.099582e+01,2.105782e+01,2.111291e+01,2.097514e+01,2.113355e+01,2.091998e+01,2.100960e+01,2.101649e+01,2.109225e+01,2.100960e+01,2.107848e+01,2.100960e+01,2.105094e+01,2.098893e+01,2.103027e+01,2.094757e+01,2.087169e+01,2.094757e+01,2.105094e+01,2.098893e+01,2.099582e+01,2.104405e+01,2.105094e+01,2.105094e+01,2.105782e+01
2.110602e+01,2.095446e+01,2.105094e+01,2.113355e+01,2.103716e+01,2.100960e+01,2.095446e+01,2.105782e+01,2.113355e+01,2.114732e+01,2.109914e+01,2.120235e+01,2.111979e+01,2.111291e+01,2.102338e+01,2.110602e+01,2.112667e+01,2.105782e+01,2.107848e+01,2.109225e+01,2.116108e+01,2.120235e+01,2.109914e+01,2.103716e+01,2.107160e+01,2.102338e+01,2.106471e+01,2.103027e+01,2.122298e+01,2.109225e+01,2.103716e+01,2.109225e+01,2.114044e+01,2.103027e+01,2.112667e+01,2.118860e+01,2.111979e+01,2.111291e+01,2.111979e+01,2.114044e+01,2.118172e+01,2.118860e+01,2.120923e+01,2.111979e+01,2.112667e+01,2.115420e+01,2.100960e+01,2.119548e+01,2.116796e+01,2.113355e+01,2.114732e+01,2.112667e+01,2.123674e+01,2.111979e+01,2.112667e+01,2.118172e+01,2.129859e+01,2.129859e+01,2.128485e+01,2.114732e+01,2.115420e+01,2.116796e+01,2.115420e+01,2.123674e+01,2.119548e+01,2.121611e+01,2.123674e+01,2.127110e+01,2.121611e+01,2.118172e+01,2.122986e+01,2.127110e+01,2.127110e+01,2.126423e+01,2.122986e+01,2.119548e+01,2.124361e+01,2.119548e+01,2.133981e+01,2.134668e+01,2.123674e+01,2.125736e+01,2.130546e+01,2.122986e+01,2.125048e+01,2.133981e+01,2.124361e+01,2.135355e+01,2.131920e+01,2.136041e+01,2.153194e+01,2.134668e+01,2.153194e+01,2.139474e+01,2.140847e+01,2.139474e+01,2.130546e+01,2.133981e+01,2.134668e+01,2.137415e+01,2.140161e+01,2.133981e+01,2.128485e+01,2.131233e+01,2.131233e+01,2.136728e+01,2.133294e+01,2.138101e+01,2.137415e+01,2.136728e+01,2.135355e+01,2.135355e+01,2.129172e+01,2.137415e+01,2.132607e+01,2.127798e+01,2.131920e+01,2.135355e+01,2.130546e+01,2.131233e+01,2.131920e+01,2.133294e+01,2.136041e+01,2.133981e+01,2.130546e+01,2.136728e+01,2.135355e+01,2.140161e+01,2.136728e+01,2.138101e+01,2.131920e+01,2.138101e+01,2.136041e+01,2.129859e+01,2.142220e+01,2.145650e+01,2.129172e+01,2.135355e+01,2.129859e+01,2.125736e+01,2.136728e+01,2.140847e+01,2.144278e+01,2.139474e+01,2.138101e+01,2.137415e+01,2.132607e+01,2.133981e+01,2.134668e+01,2.141533e+01,2.140847e+01,2.140847e+01,2.142220e+01,2.139474e+01,2.136041e+01,2.137415e+01,2.132607e+01,2.138788e+01,2.121611e+01,2.138788e+01,2.138788e+01,2.132607e+01,2.138101e+01,2.134668e+01,2.134668e+01,2.133981e+01,2.136728e+01,2.144964e+01,2.139474e+01,2.140847e+01,2.137415e+01,2.133981e+01,2.129859e+01,2.135355e+01,2.126423e+01,2.140161e+01,2.141533e+01,2.155936e+01,2.139474e+01,2.147708e+01,2.141533e+01,2.138788e+01,2.142220e+01,2.154565e+01,2.142906e+01,2.153880e+01,2.143592e+01,2.140161e+01,2.137415e+01,2.137415e+01,2.150451e+01,2.144278e+01,2.138101e+01,2.143592e+01,2.148394e+01,2.138101e+01,2.149766e+01,2.146336e+01,2.148394e+01,2.140847e+01,2.131233e+01,2.147708e+01,2.130546e+01,2.134668e+01,2.140847e+01,2.138788e+01,2.139474e+01,2.140847e+01,2.142906e+01,2.150451e+01,2.142906e+01,2.142220e+01,2.148394e+01,2.141533e+01,2.136041e+01,2.133981e+01,2.144278e+01,2.142906e+01,2.151823e+01,2.150451e+01,2.146336e+01,2.151823e+01,2.151823e+01,2.147022e+01,2.144278e+01,2.136041e+01,2.140161e+01,2.142220e+01,2.140161e+01,2.147708e+01,2.138101e+01,2.144278e+01,2.138101e+01,2.146336e+01,2.147022e+01,2.147708e+01,2.138788e+01,2.138788e+01,2.141533e+01,2.145650e+01,2.141533e+01,2.134668e+01,2.139474e+01,2.142906e+01,2.133981e+01,2.138101e+01,2.142906e+01,2.147022e+01,2.144964e+01,2.142906e+01,2.142906e+01,2.140847e+01,2.140847e+01,2.139474e+01,2.134668e+01,2.145650e+01,2.149080e+01,2.145650e+01,2.141533e+01,2.147708e+01,2.145650e+01,2.133981e+01,2.142220e+01,2.142906e+01,2.136041e+01,2.144964e+01,2.138788e+01,2.138788e+01,2.133981e+01,2.133981e+01,2.137415e+01,2.137415e+01,2.132607e+01,2.142220e+01,2.131920e+01,2.131920e+01,2.136728e+01,2.129172e+01,2.135355e+01,2.133981e+01,2.129859e+01,2.133981e+01,2.129172e+01,2.129859e+01,2.130546e+01,2.131233e+01,2.125736e+01,2.134668e+01,2.133981e+01,2.128485e+01,2.132607e+01,2.129172e+01,2.139474e+01,2.131920e+01,2.131233e+01,2.133981e+01,2.130546e+01,2.133294e+01,2.131233e+01,2.129859e+01,2.132607e+01,2.127110e+01,2.135355e+01,2.133981e+01,2.137415e+01,2.124361e+01,2.120923e+01,2.135355e+01,2.127798e+01,2.139474e+01,2.136041e+01,2.137415e+01,2.124361e+01,2.134668e+01,2.132607e+01,2.136041e+01,2.137415e+01,2.139474e+01,2.138788e+01,2.136041e+01,2.138788e+01,2.136041e+01,2.136728e+01,2.136728e+01,2.137415e+01,2.140161e+01,2.139474e+01,2.153194e+01,2.136041e+01,2.137415e+01,2.137415e+01,2.137415e+01,2.138788e+01,2.127110e+01,2.136041e+01,2.131920e+01,2.131233e+01,2.138788e+01,2.131233e+01,2.128485e+01,2.133981e+01,2.131920e+01,2.133294e+01,2.136728e+01,2.135355e+01,2.134668e+01,2.131920e+01,2.130546e+01,2.129172e+01,2.131233e+01,2.135355e+01,2.129859e+01,2.129859e+01,2.134668e+01,2.131920e+01,2.122298e+01,2.129859e+01,2.127798e+01,2.125736e+01,2.134668e+01,2.129172e+01,2.143592e+01,2.126423e+01,2.127798e+01,2.078886e+01,2.072669e+01,2.045684e+01,2.013763e+01,1.992890e+01,1.979647e+01,1.994283e+01,1.983831e+01,1.971275e+01,1.985922e+01,1.978253e+01,1.975462e+01,1.976160e+01,1.967086e+01,1.974067e+01,1.970577e+01,1.981042e+01,1.971973e+01,1.975462e+01,1.973369e+01,1.974067e+01,1.981042e+01,1.977555e+01,1.983134e+01,1.978950e+01,1.974764e+01,1.981042e+01,1.988710e+01,1.983134e+01,1.986619e+01,1.991496e+01,1.994979e+01,1.992193e+01,1.981740e+01,1.982437e+01,1.982437e+01,1.992193e+01,1.987316e+01,1.990800e+01,1.993586e+01,1.994979e+01,1.994979e+01,1.996371e+01,2.003332e+01,2.002636e+01,2.002636e+01,2.014458e+01,2.008201e+01,2.003332e+01,2.008201e+01,2.004723e+01,1.987316e+01,2.004027e+01,2.005419e+01,1.989407e+01,2.008896e+01,2.009591e+01,2.005419e+01,2.001244e+01,2.006114e+01,2.003332e+01,2.001244e+01,1.999156e+01,1.996371e+01,2.030430e+01,2.054687e+01,2.090619e+01,2.117484e+01,2.116108e+01,2.103027e+01,2.108537e+01,2.116108e+01,2.111291e+01,2.119548e+01,2.120235e+01,2.118860e+01,2.118860e+01,2.120235e+01,2.122298e+01,2.120923e+01,2.099582e+01,2.100271e+01,2.080957e+01,2.042912e+01,2.023489e+01,2.017932e+01,2.016542e+01,2.013068e+01,2.006114e+01,2.014458e+01,2.006114e+01,1.999156e+01,2.001244e+01,1.999156e+01,1.992193e+01,2.001940e+01,1.990800e+01,2.004723e+01,2.003332e+01,1.999156e+01,1.998460e+01,2.001244e+01,2.000548e+01,2.010287e+01,1.994979e+01,1.992890e+01,2.005419e+01,1.997068e+01,1.996371e+01,1.999156e+01,2.000548e+01,1.985225e+01,2.004027e+01,1.988013e+01,1.993586e+01,1.989407e+01,1.994979e+01,2.005419e+01,2.005419e+01,1.989407e+01,2.004027e+01,1.990103e+01,1.992193e+01,1.997068e+01,2.000548e+01,1.989407e+01,1.994283e+01,1.997068e+01,1.994283e+01,1.985922e+01,1.987316e+01,1.987316e+01,1.986619e+01,1.988013e+01,1.992193e+01,1.999852e+01,1.992193e+01,1.996371e+01,1.992890e+01,2.000548e+01,1.992193e+01,1.990103e+01,1.991496e+01,1.990800e+01,1.992890e+01,1.994979e+01,1.991496e+01,1.992193e+01,1.991496e+01,1.997764e+01,1.999852e+01,1.994283e+01,1.983134e+01,1.997764e+01,2.001244e+01,1.996371e+01,2.021405e+01,2.083719e+01,2.089929e+01,2.108537e+01,2.107160e+01,2.120923e+01,2.124361e+01,2.129859e+01,2.121611e+01,2.126423e+01,2.124361e+01,2.114044e+01,2.113355e+01,2.119548e+01,2.123674e+01,2.122298e+01,2.129859e+01,2.122298e+01,2.117484e+01,2.118172e+01,2.127110e+01,2.122298e+01,2.122986e+01,2.130546e+01,2.128485e+01,2.126423e+01,2.116108e+01,2.112667e+01,2.121611e+01,2.118172e+01,2.129859e+01,2.114044e+01,2.131920e+01,2.127110e+01,2.116108e+01,2.129172e+01,2.129859e+01,2.124361e+01,2.120235e+01,2.116796e+01,2.125736e+01,2.109914e+01,2.116796e+01,2.120235e+01,2.127798e+01,2.118172e+01,2.121611e+01,2.123674e+01,2.107848e+01,2.104405e+01,2.112667e+01,2.112667e+01,2.110602e+01,2.107160e+01,2.108537e+01,2.104405e+01,2.105782e+01,2.109225e+01,2.108537e+01,2.109914e+01,2.110602e+01,2.108537e+01,2.102338e+01,2.105782e+01,2.100960e+01,2.103027e+01,2.100271e+01,2.102338e+01,2.095446e+01,2.103027e+01,2.100960e+01,2.105782e+01,2.107848e+01,2.103027e+01,2.103027e+01,2.108537e+01,2.105782e+01,2.105782e+01,2.103027e+01,2.094067e+01,2.100960e+01,2.090619e+01,2.092688e+01,2.105094e+01,2.107848e+01,2.098203e+01,2.103716e+01,2.107160e+01,2.103716e+01,2.107848e+01,2.102338e+01,2.105782e+01,2.103027e+01,2.102338e+01,2.101649e+01,2.105094e+01,2.107848e+01,2.106471e+01,2.105094e+01,2.100960e+01,2.103027e+01,2.112667e+01,2.098893e+01,2.098893e+01,2.101649e+01,2.093377e+01,2.094067e+01,2.100960e+01,2.103027e+01,2.102338e+01,2.096825e+01,2.094757e+01,2.097514e+01,2.116796e+01,2.108537e+01,2.109225e+01,2.102338e+01,2.106471e+01,2.109914e+01,2.112667e+01
2.107848e+01,2.113355e+01,2.108537e+01,2.113355e+01,2.100960e+01,2.105094e+01,2.095446e+01,2.114732e+01,2.097514e+01,2.115420e+01,2.116796e+01,2.107160e+01,2.118860e+01,2.113355e+01,2.105782e+01,2.112667e+01,2.119548e+01,2.133981e+01,2.108537e+01,2.114044e+01,2.114044e+01,2.111979e+01,2.104405e+01,2.109914e+01,2.114732e+01,2.111291e+01,2.106471e+01,2.109914e+01,2.116796e+01,2.109225e+01,2.108537e+01,2.102338e+01,2.107160e+01,2.113355e+01,2.111979e+01,2.113355e+01,2.122298e+01,2.115420e+01,2.112667e+01,2.121611e+01,2.118172e+01,2.106471e+01,2.114732e+01,2.115420e+01,2.115420e+01,2.116108e+01,2.118860e+01,2.114044e+01,2.115420e+01,2.112667e+01,2.116796e+01,2.114732e+01,2.111291e+01,2.111291e+01,2.118172e+01,2.111291e+01,2.111979e+01,2.126423e+01,2.120923e+01,2.113355e+01,2.126423e+01,2.118172e+01,2.123674e+01,2.123674e+01,2.121611e+01,2.122986e+01,2.111979e+01,2.114732e+01,2.128485e+01,2.121611e+01,2.124361e+01,2.125736e+01,2.122986e+01,2.127110e+01,2.127798e+01,2.125736e+01,2.134668e+01,2.136728e+01,2.118860e+01,2.122298e+01,2.120923e+01,2.128485e+01,2.121611e+01,2.127798e+01,2.137415e+01,2.133294e+01,2.142220e+01,2.140161e+01,2.129172e+01,2.127798e+01,2.136728e+01,2.137415e+01,2.141533e+01,2.142906e+01,2.138101e+01,2.133294e+01,2.141533e+01,2.144278e+01,2.133294e+01,2.129172e+01,2.134668e+01,2.133981e+01,2.137415e+01,2.122298e+01,2.133294e+01,2.133294e+01,2.127798e+01,2.135355e+01,2.138788e+01,2.130546e+01,2.136041e+01,2.124361e+01,2.125048e+01,2.135355e+01,2.131920e+01,2.136728e+01,2.136728e+01,2.131233e+01,2.132607e+01,2.130546e+01,2.139474e+01,2.136041e+01,2.133294e+01,2.138788e+01,2.144964e+01,2.139474e+01,2.143592e+01,2.138101e+01,2.130546e+01,2.132607e+01,2.133294e+01,2.128485e+01,2.132607e+01,2.131233e+01,2.131920e+01,2.138788e+01,2.135355e+01,2.143592e+01,2.140161e+01,2.142220e+01,2.138788e+01,2.142906e+01,2.142906e+01,2.136728e+01,2.133294e+01,2.131233e+01,2.128485e+01,2.140161e+01,2.138101e+01,2.149766e+01,2.149080e+01,2.137415e+01,2.133981e+01,2.134668e+01,2.136728e+01,2.136728e+01,2.134668e+01,2.136041e+01,2.139474e+01,2.134668e+01,2.135355e+01,2.136041e+01,2.132607e+01,2.131920e+01,2.147022e+01,2.139474e+01,2.135355e+01,2.136728e+01,2.138101e+01,2.133981e+01,2.131920e+01,2.133294e+01,2.136041e+01,2.145650e+01,2.141533e+01,2.144964e+01,2.138788e+01,2.139474e+01,2.138101e+01,2.133294e+01,2.142906e+01,2.132607e+01,2.136041e+01,2.142220e+01,2.141533e+01,2.144278e+01,2.146336e+01,2.144278e+01,2.141533e+01,2.139474e+01,2.140161e+01,2.138788e+01,2.139474e+01,2.142220e+01,2.145650e+01,2.140847e+01,2.147022e+01,2.136041e+01,2.138788e+01,2.129172e+01,2.142906e+01,2.136041e+01,2.140161e+01,2.140847e+01,2.138101e+01,2.135355e+01,2.141533e+01,2.136041e+01,2.143592e+01,2.142220e+01,2.141533e+01,2.147022e+01,2.153880e+01,2.138101e+01,2.138101e+01,2.144278e+01,2.139474e+01,2.141533e+01,2.149766e+01,2.133981e+01,2.153194e+01,2.151823e+01,2.151137e+01,2.135355e+01,2.144964e+01,2.149080e+01,2.142906e+01,2.149080e+01,2.143592e+01,2.148394e+01,2.142220e+01,2.138788e+01,2.142906e+01,2.134668e+01,2.142906e+01,2.141533e+01,2.135355e+01,2.147708e+01,2.148394e+01,2.148394e+01,2.147708e+01,2.140847e+01,2.136728e+01,2.144278e+01,2.136728e+01,2.142220e+01,2.139474e+01,2.145650e+01,2.145650e+01,2.144278e+01,2.135355e+01,2.137415e+01,2.140161e+01,2.140161e+01,2.139474e+01,2.146336e+01,2.142906e+01,2.144278e+01,2.138788e+01,2.142220e+01,2.135355e+01,2.146336e+01,2.140161e+01,2.131233e+01,2.129859e+01,2.125048e+01,2.140847e+01,2.131920e+01,2.134668e+01,2.127798e+01,2.136041e+01,2.133294e+01,2.137415e+01,2.133981e+01,2.131920e+01,2.131233e+01,2.130546e+01,2.132607e+01,2.131920e+01,2.129859e+01,2.132607e+01,2.134668e+01,2.133981e+01,2.131233e+01,2.132607e+01,2.134668e+01,2.130546e+01,2.133294e+01,2.130546e+01,2.129859e+01,2.130546e+01,2.127798e+01,2.137415e+01,2.124361e+01,2.129859e+01,2.135355e+01,2.134668e+01,2.130546e+01,2.129859e+01,2.131233e+01,2.131233e+01,2.118860e+01,2.131920e+01,2.136728e+01,2.131233e+01,2.123674e+01,2.123674e+01,2.137415e+01,2.138101e+01,2.130546e+01,2.138101e+01,2.137415e+01,2.129172e+01,2.138101e+01,2.137415e+01,2.137415e+01,2.133981e+01,2.138788e+01,2.138788e+01,2.138101e+01,2.134668e+01,2.139474e+01,2.131920e+01,2.139474e+01,2.134668e+01,2.146336e+01,2.140161e+01,2.146336e+01,2.136041e+01,2.138788e+01,2.141533e+01,2.138788e+01,2.131233e+01,2.137415e+01,2.132607e+01,2.136728e+01,2.136728e+01,2.131920e+01,2.134668e+01,2.126423e+01,2.126423e+01,2.128485e+01,2.131920e+01,2.134668e+01,2.136728e+01,2.131233e+01,2.129172e+01,2.133294e+01,2.134668e+01,2.136728e+01,2.129859e+01,2.127798e+01,2.129172e+01,2.126423e+01,2.133981e+01,2.132607e+01,2.135355e+01,2.135355e+01,2.134668e+01,2.127110e+01,2.129859e+01,2.131233e+01,2.128485e+01,2.141533e+01,2.133294e+01,2.097514e+01,2.087859e+01,2.066448e+01,2.040140e+01,1.993586e+01,1.989407e+01,1.988013e+01,1.994283e+01,1.982437e+01,1.980345e+01,1.977555e+01,1.973369e+01,1.978950e+01,1.968483e+01,1.977555e+01,1.971275e+01,1.975462e+01,1.981042e+01,1.969879e+01,1.968483e+01,1.978253e+01,1.972671e+01,1.970577e+01,1.974764e+01,1.967086e+01,1.984528e+01,1.988013e+01,1.990103e+01,1.984528e+01,1.986619e+01,1.990800e+01,1.988013e+01,1.989407e+01,1.988710e+01,1.982437e+01,1.994283e+01,1.993586e+01,1.995675e+01,1.993586e+01,1.989407e+01,1.993586e+01,1.995675e+01,2.002636e+01,1.997068e+01,2.003332e+01,2.012372e+01,2.014458e+01,2.013763e+01,2.006810e+01,2.007505e+01,2.006810e+01,2.000548e+01,2.012372e+01,2.008896e+01,2.008201e+01,2.008201e+01,2.002636e+01,1.999156e+01,2.008896e+01,2.006810e+01,2.004723e+01,2.005419e+01,2.030430e+01,2.056071e+01,2.087169e+01,2.117484e+01,2.119548e+01,2.120235e+01,2.116796e+01,2.122298e+01,2.116796e+01,2.111979e+01,2.122298e+01,2.118860e+01,2.123674e+01,2.125736e+01,2.118860e+01,2.121611e+01,2.120235e+01,2.115420e+01,2.114044e+01,2.096825e+01,2.047762e+01,2.020016e+01,2.015153e+01,2.017237e+01,2.001244e+01,2.013763e+01,2.006810e+01,2.008201e+01,2.006114e+01,2.008201e+01,2.005419e+01,2.001244e+01,2.001244e+01,1.998460e+01,1.996371e+01,1.999852e+01,2.002636e+01,1.995675e+01,2.004723e+01,1.993586e+01,2.004723e+01,1.993586e+01,2.011677e+01,1.992890e+01,1.992890e+01,1.992193e+01,1.998460e+01,1.998460e+01,1.990103e+01,1.992193e+01,2.004723e+01,1.990800e+01,1.985922e+01,1.990103e+01,1.995675e+01,1.992193e+01,1.994979e+01,2.001940e+01,1.992193e+01,1.989407e+01,1.994979e+01,2.008896e+01,1.994979e+01,1.997068e+01,1.994979e+01,1.986619e+01,1.989407e+01,1.985922e+01,1.997764e+01,1.996371e+01,2.002636e+01,1.990103e+01,2.006810e+01,2.001244e+01,2.008201e+01,1.987316e+01,1.990103e+01,2.001940e+01,1.990800e+01,1.992890e+01,1.990103e+01,1.995675e+01,1.995675e+01,1.994283e+01,1.995675e+01,1.992890e+01,1.994283e+01,1.992193e+01,1.991496e+01,1.996371e+01,2.000548e+01,1.996371e+01,1.997764e+01,2.002636e+01,2.044298e+01,2.089239e+01,2.098893e+01,2.119548e+01,2.122986e+01,2.116108e+01,2.119548e+01,2.133294e+01,2.122298e+01,2.125736e+01,2.120235e+01,2.118172e+01,2.125048e+01,2.122986e+01,2.131233e+01,2.129172e+01,2.127798e+01,2.120235e+01,2.107160e+01,2.124361e+01,2.126423e+01,2.122298e+01,2.131920e+01,2.125048e+01,2.129859e+01,2.125736e+01,2.120235e+01,2.120923e+01,2.118172e+01,2.122986e+01,2.124361e+01,2.127110e+01,2.116796e+01,2.116108e+01,2.130546e+01,2.118172e+01,2.119548e+01,2.105782e+01,2.123674e+01,2.118860e+01,2.120235e+01,2.115420e+01,2.125048e+01,2.120235e+01,2.122298e+01,2.119548e+01,2.119548e+01,2.114044e+01,2.101649e+01,2.111979e+01,2.111291e+01,2.111291e+01,2.109225e+01,2.107160e+01,2.101649e+01,2.105782e+01,2.108537e+01,2.110602e+01,2.109225e+01,2.112667e+01,2.103716e+01,2.100271e+01,2.100960e+01,2.104405e+01,2.097514e+01,2.097514e+01,2.104405e+01,2.104405e+01,2.115420e+01,2.099582e+01,2.103716e+01,2.100271e+01,2.094067e+01,2.109914e+01,2.103027e+01,2.102338e+01,2.107160e+01,2.103027e+01,2.103716e+01,2.098203e+01,2.091998e+01,2.108537e+01,2.106471e+01,2.114044e+01,2.100960e+01,2.110602e+01,2.101649e+01,2.102338e+01,2.110602e+01,2.110602e+01,2.105782e+01,2.103027e+01,2.102338e+01,2.097514e+01,2.102338e+01,2.109225e+01,2.099582e+01,2.105094e+01,2.101649e+01,2.102338e+01,2.101649e+01,2.105094e+01,2.104405e+01,2.105094e+01,2.106471e+01,2.094757e+01,2.100960e+01,2.104405e+01,2.104405e+01,2.100271e+01,2.090619e+01,2.100271e+01,2.110602e+01,2.107848e+01,2.109225e+01,2.097514e+01,2.102338e+01,2.101649e+01,2.103027e+01
2.109225e+01,2.116108e+01,2.110602e+01,2.100271e+01,2.104405e+01,2.103027e+01,2.098203e+01,2.098893e+01,2.109914e+01,2.106471e+01,2.118172e+01,2.114732e+01,2.107848e+01,2.103716e+01,2.110602e+01,2.116108e+01,2.115420e+01,2.111291e+01,2.114044e+01,2.105094e+01,2.111291e+01,2.103716e+01,2.105782e+01,2.103027e+01,2.101649e+01,2.102338e+01,2.103027e+01,2.104405e+01,2.108537e+01,2.109914e+01,2.108537e+01,2.111291e+01,2.111979e+01,2.114044e+01,2.119548e+01,2.114044e+01,2.116108e+01,2.112667e+01,2.114732e+01,2.118172e+01,2.111979e+01,2.118172e+01,2.105094e+01,2.103716e+01,2.120923e+01,2.124361e+01,2.116108e+01,2.116796e+01,2.116108e+01,2.116796e+01,2.105094e+01,2.112667e+01,2.108537e+01,2.111979e+01,2.109225e+01,2.112667e+01,2.112667e+01,2.113355e+01,2.111979e+01,2.124361e+01,2.118860e+01,2.112667e+01,2.127110e+01,2.127110e+01,2.116108e+01,2.109914e+01,2.120923e+01,2.111979e+01,2.122986e+01,2.120235e+01,2.120923e+01,2.125048e+01,2.124361e+01,2.127110e+01,2.125736e+01,2.125736e+01,2.125736e+01,2.123674e+01,2.132607e+01,2.131920e+01,2.131920e+01,2.124361e+01,2.129859e+01,2.125736e+01,2.130546e+01,2.127110e+01,2.134668e+01,2.127798e+01,2.127110e+01,2.127110e+01,2.138101e+01,2.139474e+01,2.136041e+01,2.132607e+01,2.127110e+01,2.134668e+01,2.131920e+01,2.133981e+01,2.137415e+01,2.133294e+01,2.133981e+01,2.137415e+01,2.139474e+01,2.132607e+01,2.136728e+01,2.125736e+01,2.133294e+01,2.142906e+01,2.132607e+01,2.131233e+01,2.136041e+01,2.134668e+01,2.135355e+01,2.110602e+01,2.141533e+01,2.133981e+01,2.133294e+01,2.132607e+01,2.132607e+01,2.136728e+01,2.143592e+01,2.149766e+01,2.139474e+01,2.125736e+01,2.133294e+01,2.136041e+01,2.136041e+01,2.141533e+01,2.133981e+01,2.136728e+01,2.130546e+01,2.131233e+01,2.124361e+01,2.131920e+01,2.128485e+01,2.132607e+01,2.140161e+01,2.140847e+01,2.142906e+01,2.137415e+01,2.141533e+01,2.141533e+01,2.143592e+01,2.140847e+01,2.133981e+01,2.140847e+01,2.139474e+01,2.140847e+01,2.136041e+01,2.137415e+01,2.136041e+01,2.130546e+01,2.131233e+01,2.138101e+01,2.138101e+01,2.138788e+01,2.138788e+01,2.132607e+01,2.130546e+01,2.128485e+01,2.129859e+01,2.133294e+01,2.133981e+01,2.136728e+01,2.134668e+01,2.138788e+01,2.139474e+01,2.144964e+01,2.140847e+01,2.136728e+01,2.147708e+01,2.135355e+01,2.136728e+01,2.135355e+01,2.134668e+01,2.141533e+01,2.140847e+01,2.139474e+01,2.136041e+01,2.137415e+01,2.134668e+01,2.138101e+01,2.138101e+01,2.140847e+01,2.141533e+01,2.152508e+01,2.152508e+01,2.151823e+01,2.147022e+01,2.149080e+01,2.141533e+01,2.136041e+01,2.140847e+01,2.137415e+01,2.140847e+01,2.136041e+01,2.144278e+01,2.133294e+01,2.136728e+01,2.139474e+01,2.133981e+01,2.133981e+01,2.138788e+01,2.125736e+01,2.131233e+01,2.142906e+01,2.141533e+01,2.144964e+01,2.136041e+01,2.145650e+01,2.138788e+01,2.146336e+01,2.137415e+01,2.144964e+01,2.144278e+01,2.138788e+01,2.147708e+01,2.147022e+01,2.138101e+01,2.140161e+01,2.146336e+01,2.137415e+01,2.149080e+01,2.150451e+01,2.142906e+01,2.150451e+01,2.144964e+01,2.144278e+01,2.143592e+01,2.142220e+01,2.148394e+01,2.142220e+01,2.146336e+01,2.142906e+01,2.140847e+01,2.136041e+01,2.145650e+01,2.138788e+01,2.141533e+01,2.149766e+01,2.138101e+01,2.138101e+01,2.139474e+01,2.133294e+01,2.138101e+01,2.142220e+01,2.147022e+01,2.147022e+01,2.144278e+01,2.142906e+01,2.141533e+01,2.138101e+01,2.140847e+01,2.139474e+01,2.142220e+01,2.140161e+01,2.142220e+01,2.140161e+01,2.134668e+01,2.140847e+01,2.147708e+01,2.136041e+01,2.136041e+01,2.142220e+01,2.138101e+01,2.130546e+01,2.133294e+01,2.131233e+01,2.144964e+01,2.136041e+01,2.129172e+01,2.133294e+01,2.133981e+01,2.139474e+01,2.146336e+01,2.133981e+01,2.135355e+01,2.132607e+01,2.135355e+01,2.133981e+01,2.130546e+01,2.135355e+01,2.127798e+01,2.129172e+01,2.130546e+01,2.125048e+01,2.131233e+01,2.130546e+01,2.129859e+01,2.131233e+01,2.128485e+01,2.127110e+01,2.129859e+01,2.127798e+01,2.136728e+01,2.129172e+01,2.130546e+01,2.131920e+01,2.127110e+01,2.131233e+01,2.131233e+01,2.125736e+01,2.135355e+01,2.125736e+01,2.120235e+01,2.134668e+01,2.136728e+01,2.134668e+01,2.135355e+01,2.138101e+01,2.137415e+01,2.133294e+01,2.132607e+01,2.136041e+01,2.138788e+01,2.121611e+01,2.139474e+01,2.137415e+01,2.140161e+01,2.133981e+01,2.142906e+01,2.138101e+01,2.142906e+01,2.133981e+01,2.134668e+01,2.142220e+01,2.134668e+01,2.142906e+01,2.136728e+01,2.134668e+01,2.128485e+01,2.136728e+01,2.135355e+01,2.139474e+01,2.127110e+01,2.131920e+01,2.130546e+01,2.128485e+01,2.136728e+01,2.131920e+01,2.136728e+01,2.125736e+01,2.133981e+01,2.129859e+01,2.134668e+01,2.133981e+01,2.131920e+01,2.133981e+01,2.136041e+01,2.132607e+01,2.122298e+01,2.137415e+01,2.131920e+01,2.129172e+01,2.134668e+01,2.131920e+01,2.131233e+01,2.136041e+01,2.127110e+01,2.133294e+01,2.129859e+01,2.132607e+01,2.138788e+01,2.144278e+01,2.143592e+01,2.141533e+01,2.126423e+01,2.091308e+01,2.084409e+01,2.040833e+01,2.005419e+01,1.996371e+01,1.989407e+01,1.983134e+01,1.974764e+01,1.971973e+01,1.970577e+01,1.973369e+01,1.969181e+01,1.980345e+01,1.975462e+01,1.977555e+01,1.967785e+01,1.972671e+01,1.968483e+01,1.970577e+01,1.967086e+01,1.972671e+01,1.976160e+01,1.970577e+01,1.982437e+01,1.976858e+01,1.985922e+01,1.979647e+01,1.997764e+01,1.986619e+01,1.980345e+01,1.990103e+01,1.988710e+01,1.982437e+01,1.985922e+01,1.993586e+01,1.994979e+01,1.988710e+01,1.994283e+01,1.996371e+01,1.991496e+01,1.997068e+01,2.001940e+01,2.010982e+01,2.013068e+01,2.010287e+01,2.016542e+01,2.012372e+01,2.007505e+01,2.002636e+01,2.001244e+01,1.999852e+01,2.006810e+01,2.008201e+01,2.007505e+01,1.999156e+01,2.000548e+01,2.006114e+01,2.009591e+01,2.023489e+01,2.052610e+01,2.082338e+01,2.095446e+01,2.121611e+01,2.116796e+01,2.122298e+01,2.121611e+01,2.118172e+01,2.122298e+01,2.115420e+01,2.116796e+01,2.120923e+01,2.119548e+01,2.109225e+01,2.123674e+01,2.119548e+01,2.119548e+01,2.120235e+01,2.116108e+01,2.111979e+01,2.076814e+01,2.051918e+01,2.026266e+01,2.036673e+01,2.016542e+01,2.001244e+01,2.016542e+01,2.014458e+01,2.010982e+01,2.008896e+01,2.006810e+01,2.003332e+01,2.000548e+01,1.997764e+01,1.991496e+01,1.999156e+01,1.997068e+01,2.002636e+01,2.001940e+01,2.003332e+01,2.001940e+01,1.986619e+01,2.002636e+01,1.992890e+01,2.001940e+01,2.007505e+01,1.989407e+01,1.985922e+01,2.000548e+01,1.993586e+01,1.992193e+01,1.991496e+01,2.002636e+01,1.988013e+01,1.989407e+01,1.978950e+01,1.988710e+01,1.989407e+01,2.000548e+01,1.997068e+01,1.990800e+01,1.992890e+01,2.001244e+01,1.995675e+01,1.998460e+01,1.990800e+01,1.985922e+01,1.988013e+01,1.988710e+01,1.998460e+01,1.997068e+01,1.994283e+01,1.992193e+01,1.998460e+01,2.008896e+01,2.006114e+01,1.987316e+01,1.993586e+01,1.987316e+01,1.993586e+01,1.999156e+01,1.989407e+01,1.990800e+01,1.997764e+01,1.988710e+01,1.992890e+01,1.990800e+01,1.992193e+01,1.997068e+01,1.995675e+01,1.992193e+01,1.991496e+01,1.997068e+01,2.002636e+01,2.001244e+01,2.042912e+01,2.067831e+01,2.109225e+01,2.118172e+01,2.120235e+01,2.120923e+01,2.125736e+01,2.120235e+01,2.120923e+01,2.117484e+01,2.123674e+01,2.122986e+01,2.126423e+01,2.123674e+01,2.129859e+01,2.130546e+01,2.124361e+01,2.124361e+01,2.122298e+01,2.123674e+01,2.122298e+01,2.119548e+01,2.125736e+01,2.118172e+01,2.118860e+01,2.113355e+01,2.123674e+01,2.114732e+01,2.124361e+01,2.125736e+01,2.109914e+01,2.116108e+01,2.111979e+01,2.115420e+01,2.110602e+01,2.125048e+01,2.119548e+01,2.120235e+01,2.120923e+01,2.124361e+01,2.119548e+01,2.116796e+01,2.108537e+01,2.114732e+01,2.116108e+01,2.106471e+01,2.109225e+01,2.112667e+01,2.102338e+01,2.109225e+01,2.114044e+01,2.108537e+01,2.102338e+01,2.103716e+01,2.103716e+01,2.105094e+01,2.106471e+01,2.107848e+01,2.111979e+01,2.110602e+01,2.101649e+01,2.103716e+01,2.100960e+01,2.099582e+01,2.100960e+01,2.103027e+01,2.101649e+01,2.106471e+01,2.115420e+01,2.095446e+01,2.107848e+01,2.094757e+01,2.100960e+01,2.094757e+01,2.095446e+01,2.096135e+01,2.105094e+01,2.100960e+01,2.098203e+01,2.105782e+01,2.095446e+01,2.093377e+01,2.107160e+01,2.107160e+01,2.103027e+01,2.105094e+01,2.105094e+01,2.107848e+01,2.102338e+01,2.101649e+01,2.104405e+01,2.111979e+01,2.103027e+01,2.099582e+01,2.106471e+01,2.097514e+01,2.106471e+01,2.096825e+01,2.099582e+01,2.107160e+01,2.096825e+01,2.105782e+01,2.096825e+01,2.100960e+01,2.102338e+01,2.096135e+01,2.096135e+01,2.101649e+01,2.100271e+01,2.086479e+01,2.093377e+01,2.110602e+01,2.091308e+01,2.101649e+01,2.109914e+01,2.104405e+01,2.095446e+01,2.095446e+01,2.098893e+01
2.125736e+01,2.105094e+01,2.103716e+01,2.106471e+01,2.116796e+01,2.097514e+01,2.110602e+01,2.118860e+01,2.115420e+01,2.103027e+01,2.114044e+01,2.112667e+01,2.105782e+01,2.112667e+01,2.114044e+01,2.115420e+01,2.113355e+01,2.109914e+01,2.111291e+01,2.107160e+01,2.109225e+01,2.114044e+01,2.116108e+01,2.112667e+01,2.109914e+01,2.098203e+01,2.109914e+01,2.103716e+01,2.108537e+01,2.108537e+01,2.110602e+01,2.100960e+01,2.110602e+01,2.109914e+01,2.115420e+01,2.114044e+01,2.116108e+01,2.114732e+01,2.116796e+01,2.105782e+01,2.117484e+01,2.116108e+01,2.116108e+01,2.118172e+01,2.108537e+01,2.114044e+01,2.106471e+01,2.112667e+01,2.109914e+01,2.115420e+01,2.115420e+01,2.116108e+01,2.111979e+01,2.111979e+01,2.118860e+01,2.114732e+01,2.122298e+01,2.116796e+01,2.118172e+01,2.115420e+01,2.124361e+01,2.123674e+01,2.125048e+01,2.127798e+01,2.125048e+01,2.116108e+01,2.120235e+01,2.120235e+01,2.121611e+01,2.119548e+01,2.120923e+01,2.127110e+01,2.116796e+01,2.127798e+01,2.123674e+01,2.126423e+01,2.113355e+01,2.131233e+01,2.133294e+01,2.130546e+01,2.120923e+01,2.131233e+01,2.125736e+01,2.131920e+01,2.128485e+01,2.116108e+01,2.131920e+01,2.141533e+01,2.129859e+01,2.138101e+01,2.128485e+01,2.131233e+01,2.134668e+01,2.134668e+01,2.138101e+01,2.140847e+01,2.126423e+01,2.133294e+01,2.129859e+01,2.133981e+01,2.133981e+01,2.132607e+01,2.133981e+01,2.131233e+01,2.129172e+01,2.137415e+01,2.125736e+01,2.135355e+01,2.136728e+01,2.138788e+01,2.130546e+01,2.133981e+01,2.131920e+01,2.137415e+01,2.133981e+01,2.131920e+01,2.131920e+01,2.138101e+01,2.147708e+01,2.138101e+01,2.133981e+01,2.140847e+01,2.127110e+01,2.130546e+01,2.139474e+01,2.133294e+01,2.138101e+01,2.127110e+01,2.132607e+01,2.129859e+01,2.129172e+01,2.130546e+01,2.127110e+01,2.131233e+01,2.136728e+01,2.136041e+01,2.136728e+01,2.131233e+01,2.135355e+01,2.135355e+01,2.136728e+01,2.136728e+01,2.138788e+01,2.138788e+01,2.136728e+01,2.136728e+01,2.144278e+01,2.128485e+01,2.127798e+01,2.135355e+01,2.135355e+01,2.133294e+01,2.140161e+01,2.138788e+01,2.139474e+01,2.131233e+01,2.136041e+01,2.129172e+01,2.132607e+01,2.133981e+01,2.131920e+01,2.133294e+01,2.133294e+01,2.133981e+01,2.132607e+01,2.131920e+01,2.140847e+01,2.132607e+01,2.133981e+01,2.138788e+01,2.133981e+01,2.136041e+01,2.136728e+01,2.139474e+01,2.138101e+01,2.136728e+01,2.142906e+01,2.136041e+01,2.136728e+01,2.136728e+01,2.133981e+01,2.139474e+01,2.137415e+01,2.140847e+01,2.142220e+01,2.149766e+01,2.147708e+01,2.145650e+01,2.147708e+01,2.138788e+01,2.143592e+01,2.136041e+01,2.139474e+01,2.142906e+01,2.138788e+01,2.139474e+01,2.141533e+01,2.143592e+01,2.143592e+01,2.137415e+01,2.148394e+01,2.144278e+01,2.131920e+01,2.134668e+01,2.132607e+01,2.144278e+01,2.136041e+01,2.138788e+01,2.142906e+01,2.142220e+01,2.142220e+01,2.145650e+01,2.148394e+01,2.155250e+01,2.143592e+01,2.142220e+01,2.140847e+01,2.149080e+01,2.149080e+01,2.148394e+01,2.140847e+01,2.133981e+01,2.139474e+01,2.135355e+01,2.151823e+01,2.142220e+01,2.142906e+01,2.145650e+01,2.142220e+01,2.140161e+01,2.136728e+01,2.141533e+01,2.138101e+01,2.139474e+01,2.151137e+01,2.136728e+01,2.134668e+01,2.146336e+01,2.137415e+01,2.136728e+01,2.142906e+01,2.138788e+01,2.136041e+01,2.139474e+01,2.143592e+01,2.136728e+01,2.147022e+01,2.139474e+01,2.142906e+01,2.138788e+01,2.145650e+01,2.136728e+01,2.138788e+01,2.133981e+01,2.142220e+01,2.134668e+01,2.139474e+01,2.137415e+01,2.133294e+01,2.135355e+01,2.142220e+01,2.138788e+01,2.138101e+01,2.136041e+01,2.132607e+01,2.129172e+01,2.130546e+01,2.127110e+01,2.139474e+01,2.127110e+01,2.133981e+01,2.122986e+01,2.135355e+01,2.131233e+01,2.133294e+01,2.127798e+01,2.133294e+01,2.134668e+01,2.133294e+01,2.128485e+01,2.126423e+01,2.132607e+01,2.131233e+01,2.122986e+01,2.125736e+01,2.124361e+01,2.129859e+01,2.127110e+01,2.127110e+01,2.129172e+01,2.126423e+01,2.128485e+01,2.129859e+01,2.126423e+01,2.133294e+01,2.130546e+01,2.127110e+01,2.127798e+01,2.135355e+01,2.123674e+01,2.129172e+01,2.130546e+01,2.125736e+01,2.128485e+01,2.134668e+01,2.124361e+01,2.136041e+01,2.136728e+01,2.122986e+01,2.134668e+01,2.127798e+01,2.117484e+01,2.140161e+01,2.120235e+01,2.129859e+01,2.125048e+01,2.136728e+01,2.136728e+01,2.140161e+01,2.135355e+01,2.129859e+01,2.127798e+01,2.131233e+01,2.131920e+01,2.131233e+01,2.129172e+01,2.136728e+01,2.138788e+01,2.138101e+01,2.133294e+01,2.138788e+01,2.131233e+01,2.137415e+01,2.136041e+01,2.131233e+01,2.135355e+01,2.133981e+01,2.133294e+01,2.140161e+01,2.132607e+01,2.130546e+01,2.132607e+01,2.125048e+01,2.126423e+01,2.133294e+01,2.131920e+01,2.133981e+01,2.133294e+01,2.134668e+01,2.133981e+01,2.127798e+01,2.131233e+01,2.132607e+01,2.129172e+01,2.132607e+01,2.131233e+01,2.131233e+01,2.128485e+01,2.131920e+01,2.134668e+01,2.134668e+01,2.135355e+01,2.140161e+01,2.136728e+01,2.145650e+01,2.142220e+01,2.140161e+01,2.140847e+01,2.106471e+01,2.066448e+01,2.051918e+01,1.998460e+01,2.001244e+01,1.980345e+01,1.977555e+01,1.976160e+01,1.968483e+01,1.969879e+01,1.978950e+01,1.967785e+01,1.970577e+01,1.971973e+01,1.971973e+01,1.970577e+01,1.974764e+01,1.964991e+01,1.971973e+01,1.967086e+01,1.969879e+01,1.962896e+01,1.976858e+01,1.978253e+01,1.978950e+01,1.972671e+01,1.992890e+01,1.990103e+01,1.995675e+01,1.999852e+01,1.992193e+01,1.982437e+01,1.995675e+01,1.985922e+01,1.988710e+01,1.991496e+01,2.000548e+01,1.992890e+01,1.995675e+01,1.996371e+01,2.001244e+01,2.004027e+01,2.008896e+01,2.008896e+01,2.015848e+01,2.022794e+01,2.020016e+01,2.012372e+01,2.015848e+01,2.002636e+01,2.009591e+01,2.001940e+01,2.024877e+01,2.026960e+01,2.041526e+01,2.032512e+01,2.044298e+01,2.086479e+01,2.094067e+01,2.098893e+01,2.109225e+01,2.114044e+01,2.125736e+01,2.120923e+01,2.125736e+01,2.119548e+01,2.120923e+01,2.116108e+01,2.114732e+01,2.118172e+01,2.115420e+01,2.114732e+01,2.119548e+01,2.110602e+01,2.121611e+01,2.122298e+01,2.099582e+01,2.077505e+01,2.040833e+01,2.040140e+01,2.023489e+01,2.026266e+01,2.018627e+01,2.004723e+01,2.005419e+01,2.015848e+01,2.001940e+01,2.015848e+01,2.003332e+01,2.006114e+01,1.999852e+01,2.003332e+01,2.004027e+01,1.999156e+01,1.984528e+01,1.999156e+01,2.003332e+01,2.002636e+01,1.989407e+01,1.996371e+01,1.991496e+01,1.996371e+01,1.995675e+01,2.000548e+01,1.994979e+01,1.991496e+01,1.995675e+01,1.987316e+01,1.999156e+01,1.999852e+01,1.997068e+01,1.992193e+01,1.994283e+01,1.994979e+01,1.985225e+01,1.988013e+01,1.996371e+01,1.988710e+01,1.991496e+01,1.990103e+01,1.992193e+01,1.990800e+01,1.990800e+01,1.988013e+01,1.990800e+01,1.988013e+01,1.992890e+01,1.987316e+01,1.993586e+01,1.984528e+01,1.985225e+01,1.987316e+01,1.978253e+01,1.988013e+01,1.991496e+01,1.987316e+01,1.990800e+01,1.987316e+01,1.991496e+01,1.993586e+01,1.992890e+01,1.988710e+01,1.988710e+01,1.993586e+01,2.004027e+01,1.995675e+01,1.992890e+01,1.999852e+01,1.999156e+01,1.999156e+01,1.992890e+01,2.018627e+01,2.001244e+01,2.008896e+01,2.044298e+01,2.099582e+01,2.120923e+01,2.116108e+01,2.105094e+01,2.121611e+01,2.119548e+01,2.114044e+01,2.122986e+01,2.124361e+01,2.125048e+01,2.125048e+01,2.128485e+01,2.118172e+01,2.122298e+01,2.129172e+01,2.120923e+01,2.121611e+01,2.123674e+01,2.125048e+01,2.127110e+01,2.130546e+01,2.130546e+01,2.120235e+01,2.122986e+01,2.116108e+01,2.116108e+01,2.126423e+01,2.112667e+01,2.113355e+01,2.124361e+01,2.109225e+01,2.116108e+01,2.122986e+01,2.124361e+01,2.118172e+01,2.120235e+01,2.118860e+01,2.118860e+01,2.130546e+01,2.111291e+01,2.128485e+01,2.118172e+01,2.106471e+01,2.109914e+01,2.109914e+01,2.111291e+01,2.111979e+01,2.106471e+01,2.110602e+01,2.110602e+01,2.109914e+01,2.099582e+01,2.103716e+01,2.104405e+01,2.106471e+01,2.107160e+01,2.109914e+01,2.109914e+01,2.100271e+01,2.103027e+01,2.100960e+01,2.101649e+01,2.104405e+01,2.098203e+01,2.104405e+01,2.105782e+01,2.111291e+01,2.095446e+01,2.108537e+01,2.103716e+01,2.103027e+01,2.107160e+01,2.089239e+01,2.119548e+01,2.093377e+01,2.103027e+01,2.100960e+01,2.104405e+01,2.099582e+01,2.096135e+01,2.096825e+01,2.097514e+01,2.107848e+01,2.102338e+01,2.101649e+01,2.097514e+01,2.102338e+01,2.107160e+01,2.105782e+01,2.101649e+01,2.096135e+01,2.103027e+01,2.101649e+01,2.103716e+01,2.097514e+01,2.095446e+01,2.104405e+01,2.100960e+01,2.097514e+01,2.116796e+01,2.098203e+01,2.095446e+01,2.094757e+01,2.110602e+01,2.096825e+01,2.093377e+01,2.100960e+01,2.106471e+01,2.098893e+01,2.104405e+01,2.115420e+01,2.105782e+01,2.098203e+01,2.095446e+01,2.107848e+01,2.105094e+01,2.094757e+01
2.124361e+01,2.109225e+01,2.104405e+01,2.108537e+01,2.118172e+01,2.103027e+01,2.103716e+01,2.102338e+01,2.098893e+01,2.100271e+01,2.112667e+01,2.114732e+01,2.109225e+01,2.110602e+01,2.114732e+01,2.110602e+01,2.109225e+01,2.111979e+01,2.110602e+01,2.098203e+01,2.095446e+01,2.100960e+01,2.113355e+01,2.115420e+01,2.113355e+01,2.113355e+01,2.107160e+01,2.109225e+01,2.115420e+01,2.114732e+01,2.117484e+01,2.107848e+01,2.116108e+01,2.107848e+01,2.112667e+01,2.104405e+01,2.111291e+01,2.117484e+01,2.111979e+01,2.118860e+01,2.106471e+01,2.105094e+01,2.109914e+01,2.118172e+01,2.107160e+01,2.122298e+01,2.113355e+01,2.117484e+01,2.111291e+01,2.116796e+01,2.116796e+01,2.106471e+01,2.109225e+01,2.114044e+01,2.111291e+01,2.114044e+01,2.111979e+01,2.114732e+01,2.116796e+01,2.109225e+01,2.118860e+01,2.107848e+01,2.116796e+01,2.125048e+01,2.116108e+01,2.121611e+01,2.120923e+01,2.112667e+01,2.123674e+01,2.121611e+01,2.124361e+01,2.115420e+01,2.131920e+01,2.127798e+01,2.125048e+01,2.121611e+01,2.127798e+01,2.136728e+01,2.132607e+01,2.118860e+01,2.121611e+01,2.129172e+01,2.128485e+01,2.131920e+01,2.127110e+01,2.132607e+01,2.133294e+01,2.138788e+01,2.129859e+01,2.128485e+01,2.135355e+01,2.135355e+01,2.140161e+01,2.139474e+01,2.133294e+01,2.131233e+01,2.145650e+01,2.129859e+01,2.127110e+01,2.125736e+01,2.135355e+01,2.136728e+01,2.136041e+01,2.131920e+01,2.132607e+01,2.131920e+01,2.128485e+01,2.133981e+01,2.129172e+01,2.137415e+01,2.130546e+01,2.131920e+01,2.131920e+01,2.144964e+01,2.131920e+01,2.131233e+01,2.134668e+01,2.136041e+01,2.133294e+01,2.131920e+01,2.136041e+01,2.136728e+01,2.138788e+01,2.138788e+01,2.138101e+01,2.139474e+01,2.138101e+01,2.132607e+01,2.125736e+01,2.129859e+01,2.138788e+01,2.140161e+01,2.130546e+01,2.130546e+01,2.134668e+01,2.131233e+01,2.131233e+01,2.131233e+01,2.134668e+01,2.138101e+01,2.140847e+01,2.134668e+01,2.139474e+01,2.142906e+01,2.131233e+01,2.128485e+01,2.125736e+01,2.137415e+01,2.137415e+01,2.135355e+01,2.127110e+01,2.143592e+01,2.137415e+01,2.136041e+01,2.139474e+01,2.125048e+01,2.129859e+01,2.143592e+01,2.131920e+01,2.131233e+01,2.131920e+01,2.131233e+01,2.136728e+01,2.137415e+01,2.137415e+01,2.139474e+01,2.138101e+01,2.140161e+01,2.136728e+01,2.139474e+01,2.137415e+01,2.136041e+01,2.136041e+01,2.135355e+01,2.132607e+01,2.146336e+01,2.132607e+01,2.143592e+01,2.135355e+01,2.140847e+01,2.132607e+01,2.139474e+01,2.136728e+01,2.140161e+01,2.132607e+01,2.140161e+01,2.138788e+01,2.152508e+01,2.147708e+01,2.144278e+01,2.146336e+01,2.140847e+01,2.138788e+01,2.140847e+01,2.140847e+01,2.140161e+01,2.136728e+01,2.136728e+01,2.138101e+01,2.141533e+01,2.139474e+01,2.147708e+01,2.132607e+01,2.130546e+01,2.142220e+01,2.144278e+01,2.143592e+01,2.142906e+01,2.140847e+01,2.138788e+01,2.142906e+01,2.142906e+01,2.143592e+01,2.146336e+01,2.144278e+01,2.144964e+01,2.144964e+01,2.145650e+01,2.143592e+01,2.139474e+01,2.146336e+01,2.132607e+01,2.140161e+01,2.143592e+01,2.135355e+01,2.150451e+01,2.145650e+01,2.142906e+01,2.147022e+01,2.142906e+01,2.139474e+01,2.134668e+01,2.138101e+01,2.147708e+01,2.140847e+01,2.138101e+01,2.136728e+01,2.144964e+01,2.140161e+01,2.140847e+01,2.142220e+01,2.141533e+01,2.133294e+01,2.134668e+01,2.136041e+01,2.131920e+01,2.128485e+01,2.136728e+01,2.138788e+01,2.142220e+01,2.134668e+01,2.136728e+01,2.138101e+01,2.140161e+01,2.136041e+01,2.151823e+01,2.136728e+01,2.134668e+01,2.140847e+01,2.143592e+01,2.135355e+01,2.140847e+01,2.134668e+01,2.129172e+01,2.140161e+01,2.137415e+01,2.136041e+01,2.132607e+01,2.129859e+01,2.121611e+01,2.131233e+01,2.131233e+01,2.137415e+01,2.135355e+01,2.131233e+01,2.129172e+01,2.125048e+01,2.128485e+01,2.131233e+01,2.130546e+01,2.131920e+01,2.131920e+01,2.128485e+01,2.127798e+01,2.127110e+01,2.127798e+01,2.125736e+01,2.136041e+01,2.136041e+01,2.127798e+01,2.126423e+01,2.126423e+01,2.127110e+01,2.127110e+01,2.131233e+01,2.126423e+01,2.130546e+01,2.127798e+01,2.129859e+01,2.128485e+01,2.129859e+01,2.127110e+01,2.128485e+01,2.124361e+01,2.127798e+01,2.122298e+01,2.134668e+01,2.122298e+01,2.140161e+01,2.118860e+01,2.125736e+01,2.127110e+01,2.129172e+01,2.127110e+01,2.131920e+01,2.117484e+01,2.111979e+01,2.140161e+01,2.138788e+01,2.132607e+01,2.126423e+01,2.134668e+01,2.133294e+01,2.130546e+01,2.132607e+01,2.133294e+01,2.152508e+01,2.122298e+01,2.132607e+01,2.137415e+01,2.137415e+01,2.133294e+01,2.137415e+01,2.135355e+01,2.132607e+01,2.135355e+01,2.140847e+01,2.131920e+01,2.129859e+01,2.131920e+01,2.136728e+01,2.131920e+01,2.127110e+01,2.125736e+01,2.136728e+01,2.129859e+01,2.129172e+01,2.129172e+01,2.133981e+01,2.124361e+01,2.125048e+01,2.129172e+01,2.125736e+01,2.130546e+01,2.131233e+01,2.129172e+01,2.128485e+01,2.133294e+01,2.133294e+01,2.137415e+01,2.137415e+01,2.136041e+01,2.142906e+01,2.143592e+01,2.142906e+01,2.139474e+01,2.142220e+01,2.138101e+01,2.136728e+01,2.107160e+01,2.063682e+01,2.041526e+01,2.001940e+01,1.985225e+01,1.980345e+01,1.985922e+01,1.981042e+01,1.982437e+01,1.971275e+01,1.967785e+01,1.968483e+01,1.974764e+01,1.970577e+01,1.967086e+01,1.974067e+01,1.964991e+01,1.967785e+01,1.976858e+01,1.963594e+01,1.981042e+01,1.965689e+01,1.976858e+01,1.979647e+01,1.976160e+01,1.975462e+01,1.994979e+01,1.977555e+01,1.989407e+01,1.990103e+01,1.989407e+01,1.998460e+01,1.995675e+01,1.995675e+01,1.990103e+01,1.994283e+01,1.994979e+01,1.993586e+01,1.995675e+01,1.988710e+01,2.004723e+01,2.015848e+01,2.011677e+01,2.015153e+01,2.029042e+01,2.017932e+01,2.002636e+01,2.017932e+01,2.012372e+01,2.049148e+01,2.032512e+01,2.045684e+01,2.044298e+01,2.069905e+01,2.084409e+01,2.112667e+01,2.117484e+01,2.112667e+01,2.120923e+01,2.117484e+01,2.120923e+01,2.127110e+01,2.113355e+01,2.114044e+01,2.119548e+01,2.114044e+01,2.122298e+01,2.121611e+01,2.114044e+01,2.118172e+01,2.131233e+01,2.122986e+01,2.121611e+01,2.120923e+01,2.118860e+01,2.071978e+01,2.056071e+01,2.033899e+01,2.026960e+01,2.030430e+01,2.008201e+01,2.022794e+01,2.015153e+01,2.016542e+01,2.014458e+01,2.001940e+01,2.000548e+01,1.999156e+01,1.999852e+01,1.993586e+01,2.000548e+01,1.991496e+01,1.998460e+01,1.994979e+01,1.996371e+01,1.996371e+01,2.001244e+01,2.001940e+01,1.984528e+01,1.995675e+01,1.987316e+01,1.997764e+01,1.987316e+01,1.994283e+01,1.990103e+01,1.988710e+01,1.995675e+01,1.988710e+01,1.990103e+01,1.992193e+01,1.992193e+01,1.988013e+01,1.985225e+01,1.994979e+01,1.987316e+01,1.989407e+01,1.988710e+01,1.984528e+01,1.992890e+01,1.995675e+01,1.989407e+01,1.997068e+01,1.999852e+01,1.994283e+01,1.994283e+01,1.994979e+01,1.992890e+01,1.994283e+01,1.992890e+01,1.985225e+01,1.986619e+01,1.982437e+01,1.992193e+01,1.983831e+01,1.991496e+01,1.989407e+01,1.993586e+01,1.987316e+01,1.994283e+01,1.991496e+01,1.988710e+01,1.997068e+01,1.988013e+01,1.990800e+01,1.997764e+01,1.994283e+01,1.994283e+01,1.992193e+01,1.990800e+01,1.991496e+01,2.022794e+01,2.024877e+01,2.022794e+01,2.050533e+01,2.091308e+01,2.120235e+01,2.114732e+01,2.115420e+01,2.120923e+01,2.119548e+01,2.116108e+01,2.116796e+01,2.120923e+01,2.111291e+01,2.127798e+01,2.125048e+01,2.120235e+01,2.138788e+01,2.116796e+01,2.123674e+01,2.118860e+01,2.123674e+01,2.111979e+01,2.120235e+01,2.126423e+01,2.116796e+01,2.119548e+01,2.117484e+01,2.111291e+01,2.118172e+01,2.113355e+01,2.120235e+01,2.119548e+01,2.114732e+01,2.130546e+01,2.121611e+01,2.120923e+01,2.116796e+01,2.116108e+01,2.117484e+01,2.125736e+01,2.120235e+01,2.115420e+01,2.120235e+01,2.118172e+01,2.108537e+01,2.119548e+01,2.117484e+01,2.091308e+01,2.111979e+01,2.103027e+01,2.101649e+01,2.105782e+01,2.100960e+01,2.103716e+01,2.105094e+01,2.105782e+01,2.104405e+01,2.105094e+01,2.106471e+01,2.098893e+01,2.111979e+01,2.109914e+01,2.098893e+01,2.100960e+01,2.103027e+01,2.100960e+01,2.100960e+01,2.110602e+01,2.097514e+01,2.112667e+01,2.107848e+01,2.104405e+01,2.096135e+01,2.109225e+01,2.098893e+01,2.105782e+01,2.102338e+01,2.103027e+01,2.101649e+01,2.091308e+01,2.105094e+01,2.095446e+01,2.097514e+01,2.101649e+01,2.095446e+01,2.100271e+01,2.098203e+01,2.093377e+01,2.107848e+01,2.111979e+01,2.107848e+01,2.109225e+01,2.097514e+01,2.101649e+01,2.105782e+01,2.105094e+01,2.105094e+01,2.095446e+01,2.103716e+01,2.096135e+01,2.099582e+01,2.094757e+01,2.106471e+01,2.094757e+01,2.103027e+01,2.099582e+01,2.111979e+01,2.102338e+01,2.100271e+01,2.100271e+01,2.098893e+01,2.100271e+01,2.101649e+01,2.104405e+01,2.103716e+01,2.103716e+01,2.100271e+01,2.098203e+01,2.101649e+01,2.098203e+01
2.124361e+01,2.109225e+01,2.109225e+01,2.116108e+01,2.107848e+01,2.104405e+01,2.107160e+01,2.119548e+01,2.105782e+01,2.107160e+01,2.105782e+01,2.108537e+01,2.113355e+01,2.116796e+01,2.114044e+01,2.114044e+01,2.112667e+01,2.106471e+01,2.111291e+01,2.106471e+01,2.107160e+01,2.107160e+01,2.103716e+01,2.104405e+01,2.116796e+01,2.106471e+01,2.111979e+01,2.120923e+01,2.106471e+01,2.115420e+01,2.109914e+01,2.107848e+01,2.106471e+01,2.105782e+01,2.108537e+01,2.107160e+01,2.108537e+01,2.118860e+01,2.111979e+01,2.116108e+01,2.117484e+01,2.127110e+01,2.111979e+01,2.118172e+01,2.120923e+01,2.116108e+01,2.125048e+01,2.106471e+01,2.121611e+01,2.111979e+01,2.116796e+01,2.108537e+01,2.114044e+01,2.112667e+01,2.117484e+01,2.118860e+01,2.110602e+01,2.111979e+01,2.122298e+01,2.109914e+01,2.126423e+01,2.128485e+01,2.124361e+01,2.127110e+01,2.126423e+01,2.117484e+01,2.118860e+01,2.117484e+01,2.120235e+01,2.127110e+01,2.114732e+01,2.120235e+01,2.122986e+01,2.120923e+01,2.126423e+01,2.121611e+01,2.128485e+01,2.132607e+01,2.128485e+01,2.131233e+01,2.126423e+01,2.125736e+01,2.125736e+01,2.127110e+01,2.131233e+01,2.124361e+01,2.127798e+01,2.140161e+01,2.132607e+01,2.135355e+01,2.132607e+01,2.136728e+01,2.132607e+01,2.139474e+01,2.131920e+01,2.135355e+01,2.131920e+01,2.130546e+01,2.142906e+01,2.126423e+01,2.133294e+01,2.146336e+01,2.126423e+01,2.128485e+01,2.138101e+01,2.133981e+01,2.139474e+01,2.129172e+01,2.137415e+01,2.135355e+01,2.137415e+01,2.133981e+01,2.127110e+01,2.133981e+01,2.134668e+01,2.134668e+01,2.133981e+01,2.138788e+01,2.142220e+01,2.138788e+01,2.136728e+01,2.133294e+01,2.135355e+01,2.136728e+01,2.133981e+01,2.142906e+01,2.127110e+01,2.133981e+01,2.122986e+01,2.130546e+01,2.129172e+01,2.128485e+01,2.139474e+01,2.129172e+01,2.141533e+01,2.140847e+01,2.133981e+01,2.127110e+01,2.138788e+01,2.136728e+01,2.138788e+01,2.133981e+01,2.140161e+01,2.133981e+01,2.129859e+01,2.129172e+01,2.136041e+01,2.140161e+01,2.137415e+01,2.131920e+01,2.129172e+01,2.136728e+01,2.134668e+01,2.145650e+01,2.129172e+01,2.137415e+01,2.140161e+01,2.133294e+01,2.129859e+01,2.136728e+01,2.135355e+01,2.131233e+01,2.137415e+01,2.136041e+01,2.127798e+01,2.138788e+01,2.129859e+01,2.127110e+01,2.136728e+01,2.138101e+01,2.136728e+01,2.131920e+01,2.139474e+01,2.142906e+01,2.129859e+01,2.136041e+01,2.137415e+01,2.142906e+01,2.135355e+01,2.149766e+01,2.134668e+01,2.149080e+01,2.145650e+01,2.148394e+01,2.147022e+01,2.138101e+01,2.142906e+01,2.140161e+01,2.147022e+01,2.147708e+01,2.143592e+01,2.136041e+01,2.140161e+01,2.136041e+01,2.136728e+01,2.143592e+01,2.148394e+01,2.137415e+01,2.139474e+01,2.145650e+01,2.138788e+01,2.144964e+01,2.151137e+01,2.149766e+01,2.146336e+01,2.138101e+01,2.150451e+01,2.139474e+01,2.138788e+01,2.141533e+01,2.141533e+01,2.138788e+01,2.141533e+01,2.143592e+01,2.145650e+01,2.134668e+01,2.134668e+01,2.141533e+01,2.142906e+01,2.151823e+01,2.144964e+01,2.146336e+01,2.140161e+01,2.153194e+01,2.147708e+01,2.147708e+01,2.146336e+01,2.140847e+01,2.147022e+01,2.134668e+01,2.146336e+01,2.148394e+01,2.137415e+01,2.146336e+01,2.144964e+01,2.145650e+01,2.127110e+01,2.130546e+01,2.138101e+01,2.141533e+01,2.133294e+01,2.138101e+01,2.132607e+01,2.132607e+01,2.132607e+01,2.131233e+01,2.133981e+01,2.137415e+01,2.129172e+01,2.142906e+01,2.138788e+01,2.137415e+01,2.140161e+01,2.131920e+01,2.142220e+01,2.123674e+01,2.139474e+01,2.140847e+01,2.140847e+01,2.133294e+01,2.133294e+01,2.143592e+01,2.138101e+01,2.131920e+01,2.132607e+01,2.128485e+01,2.141533e+01,2.129172e+01,2.129859e+01,2.122986e+01,2.135355e+01,2.122298e+01,2.127110e+01,2.128485e+01,2.131920e+01,2.131233e+01,2.127798e+01,2.131920e+01,2.133294e+01,2.133294e+01,2.129172e+01,2.126423e+01,2.126423e+01,2.127110e+01,2.125736e+01,2.127798e+01,2.129859e+01,2.133294e+01,2.129172e+01,2.131920e+01,2.127798e+01,2.126423e+01,2.127110e+01,2.129172e+01,2.129859e+01,2.129172e+01,2.129172e+01,2.129859e+01,2.127798e+01,2.125736e+01,2.128485e+01,2.124361e+01,2.125736e+01,2.119548e+01,2.126423e+01,2.122298e+01,2.109225e+01,2.129172e+01,2.129859e+01,2.128485e+01,2.114732e+01,2.112667e+01,2.107160e+01,2.118172e+01,2.097514e+01,2.105782e+01,2.110602e+01,2.136728e+01,2.143592e+01,2.126423e+01,2.128485e+01,2.133981e+01,2.138101e+01,2.133294e+01,2.130546e+01,2.125736e+01,2.140161e+01,2.122986e+01,2.129859e+01,2.133294e+01,2.122986e+01,2.135355e+01,2.124361e+01,2.133981e+01,2.140161e+01,2.136728e+01,2.141533e+01,2.127110e+01,2.125736e+01,2.125048e+01,2.136728e+01,2.131233e+01,2.132607e+01,2.131233e+01,2.133294e+01,2.129859e+01,2.126423e+01,2.135355e+01,2.131920e+01,2.124361e+01,2.120923e+01,2.126423e+01,2.131920e+01,2.125736e+01,2.131920e+01,2.129859e+01,2.128485e+01,2.134668e+01,2.135355e+01,2.138101e+01,2.143592e+01,2.134668e+01,2.141533e+01,2.146336e+01,2.147022e+01,2.140161e+01,2.142220e+01,2.140161e+01,2.136728e+01,2.138788e+01,2.107848e+01,2.058148e+01,2.042912e+01,1.998460e+01,1.988013e+01,1.985225e+01,1.976858e+01,1.971275e+01,1.970577e+01,1.971275e+01,1.976160e+01,1.976858e+01,1.965689e+01,1.972671e+01,1.973369e+01,1.975462e+01,1.975462e+01,1.978950e+01,1.963594e+01,1.962197e+01,1.975462e+01,1.964293e+01,1.973369e+01,1.977555e+01,1.977555e+01,1.985922e+01,1.977555e+01,1.988013e+01,1.989407e+01,1.994979e+01,1.994283e+01,1.998460e+01,1.989407e+01,1.978950e+01,1.988013e+01,1.990800e+01,1.997068e+01,1.998460e+01,2.003332e+01,1.995675e+01,2.014458e+01,2.009591e+01,2.022100e+01,2.017237e+01,2.032512e+01,2.031124e+01,2.023489e+01,2.063682e+01,2.085789e+01,2.080267e+01,2.097514e+01,2.096825e+01,2.118860e+01,2.111291e+01,2.107160e+01,2.111291e+01,2.123674e+01,2.119548e+01,2.120923e+01,2.122986e+01,2.125048e+01,2.121611e+01,2.125736e+01,2.120923e+01,2.114732e+01,2.117484e+01,2.116796e+01,2.118172e+01,2.116108e+01,2.122986e+01,2.127110e+01,2.119548e+01,2.099582e+01,2.089929e+01,2.055379e+01,2.038060e+01,2.032512e+01,2.028348e+01,2.013068e+01,2.010287e+01,2.016542e+01,2.001244e+01,2.007505e+01,2.013763e+01,2.003332e+01,2.004027e+01,2.004027e+01,1.999852e+01,1.991496e+01,1.989407e+01,2.003332e+01,1.994979e+01,1.991496e+01,1.996371e+01,1.977555e+01,1.994283e+01,1.994979e+01,1.996371e+01,1.987316e+01,1.991496e+01,1.999156e+01,1.992193e+01,1.988013e+01,1.996371e+01,1.998460e+01,1.994283e+01,1.992890e+01,1.990103e+01,1.990800e+01,1.994979e+01,1.994979e+01,1.992890e+01,1.992193e+01,1.989407e+01,1.988710e+01,1.999852e+01,1.986619e+01,1.998460e+01,1.994979e+01,1.986619e+01,1.990103e+01,1.993586e+01,1.990800e+01,1.990103e+01,1.992890e+01,1.994979e+01,1.994283e+01,1.988013e+01,1.996371e+01,1.986619e+01,1.988710e+01,1.995675e+01,1.999156e+01,1.983831e+01,1.997068e+01,1.994283e+01,2.013068e+01,1.995675e+01,1.990800e+01,1.987316e+01,1.994283e+01,1.998460e+01,2.006810e+01,2.002636e+01,2.017237e+01,2.002636e+01,2.023489e+01,2.024877e+01,2.023489e+01,2.024183e+01,2.024877e+01,2.049840e+01,2.093377e+01,2.096135e+01,2.114044e+01,2.120235e+01,2.121611e+01,2.116108e+01,2.125048e+01,2.111291e+01,2.120235e+01,2.125048e+01,2.122298e+01,2.130546e+01,2.117484e+01,2.138101e+01,2.129859e+01,2.121611e+01,2.124361e+01,2.122986e+01,2.120923e+01,2.114732e+01,2.123674e+01,2.125736e+01,2.125736e+01,2.117484e+01,2.116108e+01,2.114044e+01,2.111979e+01,2.120235e+01,2.118860e+01,2.113355e+01,2.127110e+01,2.118860e+01,2.118860e+01,2.118860e+01,2.116796e+01,2.122298e+01,2.118860e+01,2.117484e+01,2.104405e+01,2.114044e+01,2.109225e+01,2.116796e+01,2.118172e+01,2.118860e+01,2.111979e+01,2.106471e+01,2.103716e+01,2.111291e+01,2.103716e+01,2.101649e+01,2.097514e+01,2.104405e+01,2.103716e+01,2.118172e+01,2.105782e+01,2.105094e+01,2.106471e+01,2.106471e+01,2.100960e+01,2.103027e+01,2.100271e+01,2.100271e+01,2.099582e+01,2.105782e+01,2.099582e+01,2.107848e+01,2.109914e+01,2.111291e+01,2.104405e+01,2.098203e+01,2.111979e+01,2.108537e+01,2.092688e+01,2.113355e+01,2.099582e+01,2.120923e+01,2.102338e+01,2.100960e+01,2.095446e+01,2.104405e+01,2.095446e+01,2.097514e+01,2.098893e+01,2.100960e+01,2.105094e+01,2.096135e+01,2.105094e+01,2.099582e+01,2.102338e+01,2.106471e+01,2.105094e+01,2.088549e+01,2.105094e+01,2.100271e+01,2.103716e+01,2.100271e+01,2.118172e+01,2.111979e+01,2.107848e+01,2.105782e+01,2.103027e+01,2.096135e+01,2.094757e+01,2.098893e+01,2.094757e+01,2.099582e+01,2.089239e+01,2.100960e+01,2.102338e+01,2.099582e+01,2.109225e+01,2.099582e+01,2.098203e+01,2.108537e+01,2.110602e+01,2.100271e+01,2.105094e+01,2.101649e+01
2.126423e+01,2.109914e+01,2.107848e+01,2.122298e+01,2.105094e+01,2.105782e+01,2.098203e+01,2.119548e+01,2.108537e+01,2.114732e+01,2.121611e+01,2.105094e+01,2.108537e+01,2.110602e+01,2.104405e+01,2.109225e+01,2.114044e+01,2.104405e+01,2.111979e+01,2.104405e+01,2.103027e+01,2.108537e+01,2.109225e+01,2.109225e+01,2.112667e+01,2.109225e+01,2.107160e+01,2.114044e+01,2.116796e+01,2.100960e+01,2.103716e+01,2.104405e+01,2.112667e+01,2.111979e+01,2.106471e+01,2.110602e+01,2.108537e+01,2.111291e+01,2.106471e+01,2.113355e+01,2.111979e+01,2.115420e+01,2.109914e+01,2.121611e+01,2.118860e+01,2.121611e+01,2.116796e+01,2.105094e+01,2.109225e+01,2.105094e+01,2.108537e+01,2.105782e+01,2.120235e+01,2.114732e+01,2.106471e+01,2.109914e+01,2.130546e+01,2.118860e+01,2.107848e+01,2.109914e+01,2.128485e+01,2.119548e+01,2.111979e+01,2.116108e+01,2.122298e+01,2.120923e+01,2.121611e+01,2.113355e+01,2.112667e+01,2.118172e+01,2.114044e+01,2.120923e+01,2.120235e+01,2.123674e+01,2.119548e+01,2.127110e+01,2.116796e+01,2.128485e+01,2.127110e+01,2.123674e+01,2.127110e+01,2.128485e+01,2.126423e+01,2.127110e+01,2.125736e+01,2.131233e+01,2.126423e+01,2.135355e+01,2.138101e+01,2.135355e+01,2.126423e+01,2.134668e+01,2.134668e+01,2.131920e+01,2.134668e+01,2.129172e+01,2.133981e+01,2.132607e+01,2.132607e+01,2.130546e+01,2.133981e+01,2.132607e+01,2.137415e+01,2.129859e+01,2.142220e+01,2.123674e+01,2.137415e+01,2.129172e+01,2.127110e+01,2.127110e+01,2.132607e+01,2.129859e+01,2.128485e+01,2.134668e+01,2.132607e+01,2.129859e+01,2.133294e+01,2.142220e+01,2.133294e+01,2.133981e+01,2.131920e+01,2.138101e+01,2.129859e+01,2.140161e+01,2.142220e+01,2.139474e+01,2.132607e+01,2.130546e+01,2.130546e+01,2.128485e+01,2.125736e+01,2.129859e+01,2.139474e+01,2.131920e+01,2.129172e+01,2.138788e+01,2.137415e+01,2.129172e+01,2.140847e+01,2.137415e+01,2.132607e+01,2.137415e+01,2.141533e+01,2.140161e+01,2.137415e+01,2.128485e+01,2.129172e+01,2.132607e+01,2.136041e+01,2.135355e+01,2.129172e+01,2.138101e+01,2.136041e+01,2.136728e+01,2.131233e+01,2.128485e+01,2.142220e+01,2.140847e+01,2.125736e+01,2.129172e+01,2.132607e+01,2.127110e+01,2.138101e+01,2.140847e+01,2.127798e+01,2.136041e+01,2.136041e+01,2.136728e+01,2.140847e+01,2.143592e+01,2.137415e+01,2.134668e+01,2.139474e+01,2.133294e+01,2.129859e+01,2.136728e+01,2.134668e+01,2.129172e+01,2.143592e+01,2.136041e+01,2.127798e+01,2.138101e+01,2.137415e+01,2.133294e+01,2.140847e+01,2.133981e+01,2.147022e+01,2.146336e+01,2.139474e+01,2.146336e+01,2.140847e+01,2.139474e+01,2.140847e+01,2.138101e+01,2.136728e+01,2.132607e+01,2.149080e+01,2.140161e+01,2.136728e+01,2.140847e+01,2.136041e+01,2.148394e+01,2.139474e+01,2.149766e+01,2.144278e+01,2.146336e+01,2.142220e+01,2.142220e+01,2.141533e+01,2.142906e+01,2.140161e+01,2.136728e+01,2.141533e+01,2.151137e+01,2.140847e+01,2.131233e+01,2.141533e+01,2.137415e+01,2.135355e+01,2.138101e+01,2.142220e+01,2.146336e+01,2.143592e+01,2.140161e+01,2.150451e+01,2.135355e+01,2.147022e+01,2.133294e+01,2.143592e+01,2.149080e+01,2.143592e+01,2.133294e+01,2.145650e+01,2.138101e+01,2.134668e+01,2.140161e+01,2.132607e+01,2.142220e+01,2.129172e+01,2.140161e+01,2.133981e+01,2.138788e+01,2.135355e+01,2.135355e+01,2.129172e+01,2.132607e+01,2.131233e+01,2.124361e+01,2.131920e+01,2.142220e+01,2.140847e+01,2.136728e+01,2.140161e+01,2.138101e+01,2.126423e+01,2.131233e+01,2.142220e+01,2.133981e+01,2.131920e+01,2.123674e+01,2.129859e+01,2.142906e+01,2.138101e+01,2.136041e+01,2.129172e+01,2.125736e+01,2.136728e+01,2.128485e+01,2.128485e+01,2.128485e+01,2.128485e+01,2.120923e+01,2.130546e+01,2.125048e+01,2.124361e+01,2.119548e+01,2.131920e+01,2.130546e+01,2.125048e+01,2.125736e+01,2.123674e+01,2.127110e+01,2.127798e+01,2.127110e+01,2.127798e+01,2.127798e+01,2.133294e+01,2.134668e+01,2.126423e+01,2.128485e+01,2.128485e+01,2.129172e+01,2.127110e+01,2.127110e+01,2.126423e+01,2.121611e+01,2.128485e+01,2.120923e+01,2.127110e+01,2.124361e+01,2.118860e+01,2.115420e+01,2.116108e+01,2.123674e+01,2.096135e+01,2.089239e+01,2.100960e+01,2.099582e+01,2.102338e+01,2.086479e+01,2.094757e+01,2.036673e+01,2.022794e+01,2.021405e+01,2.017237e+01,2.049148e+01,2.053303e+01,2.098893e+01,2.113355e+01,2.109225e+01,2.122986e+01,2.118860e+01,2.133294e+01,2.131920e+01,2.118860e+01,2.128485e+01,2.121611e+01,2.127798e+01,2.133294e+01,2.135355e+01,2.132607e+01,2.125048e+01,2.137415e+01,2.127798e+01,2.128485e+01,2.133981e+01,2.131233e+01,2.125736e+01,2.138101e+01,2.122986e+01,2.133294e+01,2.124361e+01,2.129859e+01,2.125048e+01,2.133981e+01,2.121611e+01,2.136728e+01,2.122298e+01,2.127798e+01,2.127110e+01,2.128485e+01,2.123674e+01,2.129859e+01,2.131920e+01,2.130546e+01,2.127798e+01,2.125048e+01,2.138101e+01,2.135355e+01,2.135355e+01,2.138788e+01,2.143592e+01,2.144278e+01,2.167580e+01,2.144278e+01,2.142906e+01,2.146336e+01,2.141533e+01,2.138788e+01,2.136728e+01,2.140847e+01,2.104405e+01,2.065065e+01,2.010287e+01,2.007505e+01,1.988013e+01,1.987316e+01,1.968483e+01,1.971275e+01,1.968483e+01,1.974067e+01,1.974067e+01,1.974764e+01,1.964293e+01,1.974764e+01,1.979647e+01,1.967785e+01,1.970577e+01,1.974067e+01,1.974067e+01,1.976160e+01,1.974764e+01,1.977555e+01,1.976160e+01,1.988710e+01,1.981042e+01,1.988710e+01,1.990103e+01,1.981740e+01,1.984528e+01,1.988710e+01,1.988013e+01,1.990103e+01,1.994979e+01,1.993586e+01,1.993586e+01,1.994283e+01,1.993586e+01,1.993586e+01,2.004723e+01,2.015848e+01,2.002636e+01,2.013068e+01,2.031124e+01,2.061607e+01,2.086479e+01,2.092688e+01,2.098893e+01,2.120923e+01,2.115420e+01,2.119548e+01,2.116796e+01,2.108537e+01,2.119548e+01,2.115420e+01,2.121611e+01,2.114732e+01,2.121611e+01,2.118860e+01,2.111291e+01,2.111291e+01,2.110602e+01,2.123674e+01,2.118860e+01,2.116108e+01,2.116796e+01,2.117484e+01,2.115420e+01,2.118860e+01,2.118860e+01,2.117484e+01,2.087169e+01,2.074742e+01,2.042912e+01,2.031818e+01,2.027654e+01,2.020016e+01,2.032512e+01,2.026960e+01,2.018627e+01,2.005419e+01,2.010287e+01,2.003332e+01,2.006810e+01,1.998460e+01,1.993586e+01,1.993586e+01,1.982437e+01,1.990800e+01,1.996371e+01,1.999156e+01,1.990800e+01,1.988710e+01,1.994979e+01,1.990800e+01,1.989407e+01,1.967785e+01,1.988710e+01,1.994283e+01,1.994979e+01,1.984528e+01,1.995675e+01,1.983134e+01,1.995675e+01,1.986619e+01,1.992890e+01,1.979647e+01,1.993586e+01,1.985225e+01,1.996371e+01,1.993586e+01,1.993586e+01,1.990103e+01,1.988710e+01,1.988710e+01,1.990103e+01,1.987316e+01,1.992193e+01,1.984528e+01,1.988013e+01,1.989407e+01,1.994283e+01,1.990800e+01,1.988710e+01,1.986619e+01,1.981740e+01,1.982437e+01,1.983831e+01,1.996371e+01,1.983831e+01,1.985225e+01,1.980345e+01,1.988013e+01,1.980345e+01,1.985225e+01,1.993586e+01,1.993586e+01,1.991496e+01,2.011677e+01,2.024877e+01,2.035286e+01,2.031818e+01,2.044991e+01,2.050533e+01,2.053995e+01,2.059531e+01,2.063682e+01,2.082338e+01,2.085099e+01,2.083028e+01,2.092688e+01,2.112667e+01,2.109914e+01,2.112667e+01,2.112667e+01,2.122986e+01,2.107160e+01,2.118172e+01,2.119548e+01,2.122298e+01,2.120235e+01,2.120235e+01,2.127110e+01,2.129172e+01,2.124361e+01,2.123674e+01,2.118172e+01,2.115420e+01,2.116796e+01,2.112667e+01,2.116108e+01,2.122298e+01,2.101649e+01,2.122986e+01,2.115420e+01,2.124361e+01,2.118172e+01,2.111979e+01,2.119548e+01,2.114732e+01,2.116108e+01,2.121611e+01,2.123674e+01,2.120235e+01,2.115420e+01,2.122986e+01,2.123674e+01,2.116108e+01,2.120235e+01,2.100960e+01,2.108537e+01,2.116108e+01,2.113355e+01,2.107848e+01,2.114732e+01,2.105782e+01,2.116108e+01,2.118172e+01,2.104405e+01,2.110602e+01,2.101649e+01,2.104405e+01,2.104405e+01,2.103716e+01,2.097514e+01,2.102338e+01,2.105094e+01,2.105094e+01,2.105782e+01,2.103027e+01,2.101649e+01,2.104405e+01,2.102338e+01,2.103716e+01,2.100960e+01,2.106471e+01,2.106471e+01,2.107160e+01,2.107160e+01,2.102338e+01,2.093377e+01,2.096135e+01,2.107848e+01,2.093377e+01,2.100271e+01,2.100271e+01,2.118860e+01,2.100271e+01,2.091308e+01,2.095446e+01,2.098203e+01,2.096825e+01,2.103027e+01,2.100271e+01,2.097514e+01,2.098893e+01,2.091998e+01,2.098203e+01,2.104405e+01,2.107160e+01,2.083028e+01,2.080267e+01,2.097514e+01,2.091998e+01,2.105094e+01,2.105094e+01,2.096135e+01,2.100271e+01,2.098203e+01,2.096825e+01,2.103027e+01,2.100271e+01,2.103716e+01,2.096135e+01,2.098893e+01,2.105782e+01,2.092688e+01,2.096135e+01,2.099582e+01,2.099582e+01,2.108537e+01,2.100960e+01,2.093377e+01,2.102338e+01,2.107160e+01,2.110602e+01,2.099582e+01,2.098203e+01,2.097514e+01,2.109225e+01
2.121611e+01,2.110602e+01,2.105094e+01,2.104405e+01,2.105094e+01,2.100960e+01,2.104405e+01,2.123674e+01,2.103027e+01,2.107160e+01,2.110602e+01,2.103716e+01,2.105094e+01,2.103716e+01,2.106471e+01,2.104405e+01,2.101649e+01,2.107160e+01,2.103716e+01,2.104405e+01,2.114044e+01,2.105094e+01,2.114044e+01,2.112667e+01,2.107160e+01,2.109914e+01,2.100960e+01,2.103027e+01,2.109225e+01,2.099582e+01,2.105094e+01,2.106471e+01,2.105782e+01,2.109225e+01,2.105782e+01,2.106471e+01,2.107160e+01,2.125736e+01,2.107160e+01,2.111979e+01,2.116108e+01,2.129859e+01,2.116108e+01,2.119548e+01,2.103716e+01,2.109225e+01,2.125048e+01,2.107848e+01,2.104405e+01,2.105782e+01,2.108537e+01,2.114732e+01,2.116108e+01,2.117484e+01,2.112667e+01,2.120923e+01,2.108537e+01,2.122986e+01,2.120923e+01,2.106471e+01,2.123674e+01,2.114044e+01,2.117484e+01,2.120923e+01,2.109914e+01,2.121611e+01,2.115420e+01,2.118172e+01,2.117484e+01,2.116108e+01,2.107848e+01,2.122298e+01,2.140847e+01,2.115420e+01,2.121611e+01,2.124361e+01,2.126423e+01,2.116108e+01,2.127798e+01,2.125048e+01,2.120235e+01,2.125736e+01,2.124361e+01,2.127110e+01,2.127798e+01,2.131920e+01,2.129859e+01,2.133981e+01,2.135355e+01,2.122986e+01,2.137415e+01,2.150451e+01,2.133981e+01,2.133294e+01,2.131920e+01,2.133294e+01,2.130546e+01,2.132607e+01,2.133981e+01,2.130546e+01,2.141533e+01,2.138788e+01,2.143592e+01,2.131233e+01,2.129172e+01,2.131233e+01,2.131233e+01,2.135355e+01,2.137415e+01,2.130546e+01,2.135355e+01,2.126423e+01,2.129172e+01,2.131920e+01,2.133294e+01,2.129859e+01,2.127798e+01,2.133981e+01,2.137415e+01,2.129859e+01,2.137415e+01,2.129172e+01,2.136728e+01,2.125736e+01,2.126423e+01,2.136041e+01,2.131233e+01,2.129172e+01,2.127798e+01,2.141533e+01,2.132607e+01,2.138788e+01,2.138788e+01,2.133981e+01,2.134668e+01,2.142220e+01,2.135355e+01,2.129859e+01,2.136041e+01,2.138101e+01,2.129172e+01,2.136041e+01,2.139474e+01,2.103716e+01,2.134668e+01,2.130546e+01,2.136728e+01,2.127798e+01,2.129859e+01,2.130546e+01,2.133294e+01,2.139474e+01,2.133294e+01,2.136728e+01,2.137415e+01,2.131233e+01,2.132607e+01,2.135355e+01,2.136728e+01,2.136728e+01,2.138101e+01,2.131233e+01,2.138101e+01,2.134668e+01,2.137415e+01,2.140847e+01,2.142220e+01,2.127110e+01,2.140161e+01,2.140161e+01,2.143592e+01,2.140161e+01,2.125048e+01,2.127110e+01,2.138101e+01,2.133294e+01,2.136728e+01,2.131233e+01,2.147708e+01,2.146336e+01,2.150451e+01,2.140161e+01,2.137415e+01,2.136728e+01,2.143592e+01,2.141533e+01,2.140847e+01,2.138101e+01,2.143592e+01,2.141533e+01,2.136041e+01,2.143592e+01,2.142906e+01,2.146336e+01,2.138788e+01,2.137415e+01,2.140161e+01,2.135355e+01,2.133294e+01,2.132607e+01,2.137415e+01,2.140161e+01,2.133294e+01,2.142220e+01,2.144964e+01,2.141533e+01,2.140847e+01,2.142220e+01,2.146336e+01,2.140847e+01,2.137415e+01,2.140161e+01,2.143592e+01,2.147022e+01,2.137415e+01,2.133981e+01,2.141533e+01,2.140847e+01,2.136041e+01,2.143592e+01,2.141533e+01,2.143592e+01,2.150451e+01,2.150451e+01,2.131920e+01,2.141533e+01,2.144964e+01,2.147022e+01,2.125736e+01,2.143592e+01,2.145650e+01,2.140847e+01,2.152508e+01,2.145650e+01,2.128485e+01,2.139474e+01,2.129172e+01,2.138788e+01,2.132607e+01,2.138788e+01,2.135355e+01,2.136728e+01,2.135355e+01,2.136041e+01,2.132607e+01,2.126423e+01,2.144964e+01,2.123674e+01,2.144278e+01,2.140847e+01,2.139474e+01,2.130546e+01,2.128485e+01,2.129859e+01,2.138101e+01,2.123674e+01,2.132607e+01,2.140847e+01,2.142220e+01,2.131920e+01,2.141533e+01,2.142220e+01,2.127798e+01,2.136041e+01,2.136728e+01,2.135355e+01,2.131920e+01,2.131233e+01,2.132607e+01,2.129172e+01,2.136728e+01,2.120923e+01,2.121611e+01,2.131233e+01,2.127110e+01,2.127798e+01,2.129172e+01,2.131233e+01,2.120235e+01,2.131233e+01,2.130546e+01,2.128485e+01,2.127798e+01,2.128485e+01,2.129172e+01,2.131920e+01,2.126423e+01,2.131920e+01,2.131233e+01,2.129172e+01,2.127798e+01,2.128485e+01,2.125048e+01,2.122298e+01,2.126423e+01,2.120923e+01,2.129859e+01,2.121611e+01,2.120923e+01,2.115420e+01,2.114044e+01,2.097514e+01,2.096135e+01,2.066448e+01,2.052610e+01,2.040833e+01,2.031818e+01,2.022794e+01,2.022100e+01,2.015153e+01,2.010982e+01,2.002636e+01,1.994979e+01,1.992890e+01,1.992890e+01,1.998460e+01,2.009591e+01,2.042912e+01,2.096135e+01,2.105094e+01,2.105094e+01,2.120235e+01,2.123674e+01,2.127110e+01,2.118860e+01,2.125048e+01,2.131233e+01,2.132607e+01,2.127110e+01,2.129859e+01,2.138788e+01,2.127798e+01,2.127798e+01,2.128485e+01,2.136041e+01,2.127110e+01,2.133294e+01,2.134668e+01,2.133294e+01,2.128485e+01,2.128485e+01,2.129172e+01,2.129172e+01,2.127110e+01,2.127110e+01,2.135355e+01,2.130546e+01,2.120235e+01,2.128485e+01,2.127798e+01,2.129172e+01,2.129859e+01,2.128485e+01,2.125736e+01,2.127798e+01,2.125736e+01,2.140161e+01,2.125048e+01,2.133294e+01,2.141533e+01,2.141533e+01,2.134668e+01,2.139474e+01,2.147022e+01,2.148394e+01,2.150451e+01,2.134668e+01,2.133981e+01,2.138101e+01,2.147708e+01,2.139474e+01,2.128485e+01,2.102338e+01,2.057456e+01,2.048455e+01,1.999156e+01,1.989407e+01,1.985922e+01,1.983831e+01,1.980345e+01,1.979647e+01,1.969879e+01,1.975462e+01,1.963594e+01,1.977555e+01,1.974764e+01,1.976858e+01,1.978253e+01,1.972671e+01,1.971275e+01,1.964293e+01,1.970577e+01,1.967785e+01,1.978950e+01,1.976858e+01,1.972671e+01,1.981042e+01,1.979647e+01,1.987316e+01,1.985225e+01,1.985922e+01,1.985225e+01,1.990103e+01,1.987316e+01,1.990800e+01,1.992890e+01,2.004027e+01,1.999156e+01,2.004027e+01,1.999852e+01,2.008896e+01,2.016542e+01,2.010287e+01,2.058148e+01,2.091998e+01,2.116796e+01,2.107160e+01,2.116108e+01,2.120235e+01,2.118860e+01,2.123674e+01,2.118860e+01,2.120235e+01,2.107848e+01,2.136728e+01,2.124361e+01,2.120923e+01,2.122298e+01,2.115420e+01,2.127110e+01,2.127110e+01,2.120923e+01,2.120923e+01,2.118172e+01,2.120235e+01,2.118860e+01,2.114732e+01,2.107848e+01,2.118860e+01,2.116108e+01,2.098893e+01,2.072669e+01,2.050533e+01,2.040140e+01,2.037366e+01,2.027654e+01,2.031818e+01,2.025571e+01,2.020711e+01,2.015153e+01,2.013068e+01,2.010287e+01,2.005419e+01,2.011677e+01,2.005419e+01,1.997068e+01,1.994283e+01,2.006810e+01,1.996371e+01,1.993586e+01,1.984528e+01,1.996371e+01,1.990800e+01,1.992890e+01,1.988710e+01,1.985922e+01,1.992193e+01,1.990103e+01,1.988013e+01,1.992193e+01,1.982437e+01,1.988710e+01,1.989407e+01,1.988710e+01,1.985225e+01,1.985225e+01,1.983831e+01,1.978253e+01,1.993586e+01,1.988013e+01,1.990800e+01,1.997764e+01,1.990800e+01,1.989407e+01,1.994979e+01,1.989407e+01,1.988013e+01,1.985922e+01,1.992890e+01,1.984528e+01,2.000548e+01,1.973369e+01,1.992890e+01,1.987316e+01,1.993586e+01,1.982437e+01,1.985225e+01,1.981042e+01,1.992890e+01,1.987316e+01,1.988013e+01,1.985922e+01,1.994979e+01,1.983831e+01,1.987316e+01,1.994979e+01,1.998460e+01,2.017237e+01,2.055379e+01,2.070596e+01,2.090619e+01,2.069905e+01,2.098203e+01,2.095446e+01,2.110602e+01,2.113355e+01,2.109225e+01,2.108537e+01,2.120235e+01,2.118860e+01,2.113355e+01,2.115420e+01,2.127110e+01,2.116108e+01,2.112667e+01,2.128485e+01,2.108537e+01,2.127798e+01,2.124361e+01,2.129172e+01,2.120923e+01,2.120235e+01,2.111291e+01,2.125048e+01,2.124361e+01,2.116796e+01,2.117484e+01,2.118172e+01,2.120923e+01,2.118172e+01,2.117484e+01,2.121611e+01,2.116108e+01,2.120923e+01,2.114732e+01,2.118172e+01,2.114044e+01,2.111291e+01,2.119548e+01,2.122298e+01,2.119548e+01,2.118172e+01,2.127110e+01,2.118172e+01,2.122298e+01,2.121611e+01,2.121611e+01,2.109225e+01,2.114044e+01,2.122298e+01,2.112667e+01,2.111979e+01,2.115420e+01,2.115420e+01,2.121611e+01,2.118860e+01,2.114732e+01,2.103027e+01,2.105094e+01,2.105782e+01,2.115420e+01,2.098893e+01,2.100271e+01,2.101649e+01,2.103027e+01,2.095446e+01,2.104405e+01,2.105782e+01,2.104405e+01,2.105094e+01,2.107848e+01,2.101649e+01,2.111291e+01,2.103027e+01,2.097514e+01,2.096135e+01,2.107848e+01,2.106471e+01,2.096825e+01,2.102338e+01,2.101649e+01,2.098203e+01,2.091998e+01,2.098203e+01,2.100960e+01,2.101649e+01,2.094067e+01,2.087169e+01,2.095446e+01,2.100271e+01,2.100960e+01,2.102338e+01,2.098203e+01,2.094757e+01,2.110602e+01,2.092688e+01,2.098203e+01,2.103027e+01,2.094757e+01,2.100960e+01,2.108537e+01,2.084409e+01,2.100271e+01,2.088549e+01,2.097514e+01,2.091308e+01,2.100271e+01,2.104405e+01,2.100960e+01,2.101649e+01,2.098893e+01,2.109914e+01,2.103027e+01,2.107160e+01,2.103027e+01,2.100960e+01,2.103716e+01,2.100271e+01,2.104405e+01,2.098893e+01,2.103716e+01,2.106471e+01,2.097514e+01,2.103027e+01,2.103716e+01,2.102338e+01,2.105782e+01,2.102338e+01,2.111291e+01,2.103027e+01
2.105782e+01,2.105782e+01,2.107848e+01,2.098203e+01,2.099582e+01,2.101649e+01,2.105782e+01,2.103027e+01,2.112667e+01,2.105782e+01,2.100960e+01,2.104405e+01,2.107160e+01,2.104405e+01,2.102338e+01,2.098203e+01,2.100271e+01,2.115420e+01,2.100960e+01,2.105782e+01,2.106471e+01,2.105094e+01,2.104405e+01,2.109225e+01,2.115420e+01,2.114044e+01,2.117484e+01,2.100960e+01,2.103027e+01,2.115420e+01,2.107848e+01,2.116796e+01,2.105782e+01,2.103716e+01,2.107848e+01,2.104405e+01,2.113355e+01,2.107848e+01,2.107848e+01,2.118860e+01,2.121611e+01,2.120235e+01,2.111979e+01,2.114732e+01,2.106471e+01,2.119548e+01,2.103716e+01,2.116796e+01,2.111291e+01,2.120235e+01,2.109914e+01,2.111979e+01,2.120235e+01,2.111291e+01,2.118860e+01,2.120923e+01,2.120235e+01,2.120923e+01,2.115420e+01,2.116796e+01,2.118172e+01,2.111979e+01,2.116796e+01,2.120923e+01,2.115420e+01,2.121611e+01,2.118860e+01,2.116796e+01,2.118860e+01,2.110602e+01,2.108537e+01,2.121611e+01,2.121611e+01,2.123674e+01,2.139474e+01,2.120923e+01,2.116108e+01,2.120235e+01,2.122298e+01,2.127110e+01,2.117484e+01,2.126423e+01,2.125736e+01,2.121611e+01,2.127798e+01,2.120235e+01,2.125736e+01,2.131920e+01,2.135355e+01,2.134668e+01,2.133294e+01,2.138788e+01,2.129859e+01,2.133981e+01,2.142906e+01,2.136041e+01,2.129172e+01,2.138788e+01,2.128485e+01,2.126423e+01,2.136041e+01,2.136728e+01,2.131233e+01,2.125048e+01,2.128485e+01,2.140847e+01,2.135355e+01,2.136728e+01,2.138788e+01,2.126423e+01,2.134668e+01,2.126423e+01,2.129859e+01,2.159362e+01,2.125736e+01,2.129859e+01,2.134668e+01,2.142220e+01,2.136728e+01,2.149766e+01,2.129172e+01,2.134668e+01,2.127798e+01,2.130546e+01,2.131233e+01,2.126423e+01,2.130546e+01,2.131233e+01,2.128485e+01,2.137415e+01,2.133981e+01,2.140847e+01,2.139474e+01,2.131233e+01,2.127110e+01,2.137415e+01,2.138788e+01,2.131233e+01,2.130546e+01,2.138101e+01,2.138101e+01,2.137415e+01,2.131920e+01,2.132607e+01,2.131920e+01,2.131920e+01,2.135355e+01,2.133294e+01,2.134668e+01,2.136041e+01,2.136041e+01,2.147708e+01,2.133294e+01,2.135355e+01,2.133981e+01,2.129172e+01,2.139474e+01,2.125736e+01,2.133981e+01,2.133294e+01,2.129172e+01,2.128485e+01,2.136728e+01,2.125048e+01,2.133294e+01,2.127110e+01,2.131920e+01,2.136728e+01,2.125048e+01,2.136728e+01,2.124361e+01,2.142906e+01,2.140847e+01,2.119548e+01,2.142220e+01,2.133981e+01,2.137415e+01,2.136728e+01,2.144278e+01,2.135355e+01,2.134668e+01,2.139474e+01,2.139474e+01,2.144278e+01,2.135355e+01,2.140161e+01,2.130546e+01,2.137415e+01,2.131920e+01,2.135355e+01,2.136728e+01,2.140847e+01,2.135355e+01,2.137415e+01,2.136041e+01,2.138101e+01,2.137415e+01,2.133981e+01,2.143592e+01,2.138101e+01,2.132607e+01,2.133294e+01,2.136728e+01,2.137415e+01,2.140847e+01,2.142220e+01,2.135355e+01,2.139474e+01,2.142220e+01,2.142906e+01,2.146336e+01,2.138788e+01,2.134668e+01,2.137415e+01,2.142220e+01,2.132607e+01,2.133981e+01,2.139474e+01,2.136728e+01,2.138788e+01,2.143592e+01,2.148394e+01,2.142220e+01,2.144278e+01,2.131233e+01,2.137415e+01,2.142906e+01,2.134668e+01,2.136728e+01,2.136041e+01,2.145650e+01,2.136041e+01,2.145650e+01,2.147022e+01,2.141533e+01,2.133294e+01,2.138788e+01,2.137415e+01,2.138101e+01,2.140161e+01,2.132607e+01,2.137415e+01,2.133981e+01,2.135355e+01,2.126423e+01,2.128485e+01,2.125048e+01,2.138101e+01,2.132607e+01,2.134668e+01,2.139474e+01,2.135355e+01,2.138788e+01,2.132607e+01,2.131233e+01,2.134668e+01,2.137415e+01,2.130546e+01,2.135355e+01,2.137415e+01,2.135355e+01,2.133294e+01,2.131233e+01,2.136728e+01,2.129859e+01,2.127798e+01,2.120923e+01,2.131920e+01,2.133294e+01,2.127110e+01,2.131233e+01,2.125048e+01,2.127110e+01,2.129172e+01,2.125736e+01,2.131233e+01,2.128485e+01,2.128485e+01,2.133294e+01,2.131920e+01,2.130546e+01,2.128485e+01,2.129859e+01,2.127798e+01,2.127110e+01,2.129172e+01,2.122986e+01,2.125736e+01,2.127798e+01,2.127798e+01,2.127798e+01,2.127798e+01,2.125048e+01,2.122986e+01,2.115420e+01,2.123674e+01,2.116108e+01,2.116108e+01,2.098203e+01,2.094757e+01,2.053995e+01,2.040833e+01,2.006810e+01,2.007505e+01,2.005419e+01,1.992193e+01,1.986619e+01,1.991496e+01,1.999156e+01,1.988710e+01,1.993586e+01,1.995675e+01,1.992890e+01,1.996371e+01,1.993586e+01,1.995675e+01,1.992890e+01,2.004723e+01,2.008201e+01,2.041526e+01,2.056763e+01,2.102338e+01,2.111979e+01,2.130546e+01,2.133294e+01,2.122986e+01,2.126423e+01,2.121611e+01,2.127110e+01,2.124361e+01,2.127110e+01,2.125736e+01,2.124361e+01,2.116108e+01,2.123674e+01,2.128485e+01,2.137415e+01,2.125736e+01,2.125736e+01,2.129172e+01,2.119548e+01,2.119548e+01,2.129172e+01,2.121611e+01,2.138788e+01,2.129859e+01,2.122298e+01,2.122986e+01,2.125048e+01,2.129172e+01,2.125736e+01,2.133981e+01,2.129172e+01,2.131920e+01,2.127110e+01,2.130546e+01,2.152508e+01,2.122986e+01,2.145650e+01,2.132607e+01,2.141533e+01,2.147708e+01,2.147022e+01,2.141533e+01,2.147022e+01,2.146336e+01,2.153880e+01,2.151823e+01,2.143592e+01,2.135355e+01,2.137415e+01,2.131233e+01,2.124361e+01,2.091308e+01,2.063682e+01,2.004027e+01,1.992193e+01,1.989407e+01,1.979647e+01,1.973369e+01,1.984528e+01,1.971275e+01,1.963594e+01,1.976858e+01,1.969879e+01,1.974764e+01,1.971973e+01,1.967785e+01,1.969181e+01,1.976858e+01,1.974764e+01,1.966388e+01,1.973369e+01,1.976160e+01,1.975462e+01,1.981740e+01,1.978253e+01,1.981042e+01,1.978950e+01,1.978253e+01,1.981740e+01,1.986619e+01,1.987316e+01,1.990103e+01,1.989407e+01,1.998460e+01,1.997764e+01,1.994979e+01,1.996371e+01,2.003332e+01,2.000548e+01,2.011677e+01,2.015153e+01,2.040140e+01,2.085789e+01,2.116108e+01,2.114044e+01,2.119548e+01,2.118860e+01,2.122298e+01,2.122298e+01,2.124361e+01,2.121611e+01,2.119548e+01,2.125048e+01,2.130546e+01,2.122986e+01,2.117484e+01,2.120235e+01,2.115420e+01,2.125048e+01,2.125048e+01,2.120235e+01,2.100960e+01,2.120235e+01,2.117484e+01,2.113355e+01,2.116108e+01,2.103716e+01,2.090619e+01,2.065757e+01,2.042912e+01,2.038753e+01,2.038060e+01,2.041526e+01,2.025571e+01,2.024877e+01,2.020016e+01,2.031818e+01,2.017237e+01,2.016542e+01,2.012372e+01,2.002636e+01,1.997068e+01,1.999156e+01,2.008201e+01,2.006810e+01,1.991496e+01,1.992193e+01,1.990103e+01,1.993586e+01,1.990103e+01,1.992890e+01,1.994979e+01,1.985922e+01,1.994979e+01,1.990103e+01,1.974067e+01,1.988710e+01,1.981740e+01,1.982437e+01,1.990103e+01,1.989407e+01,1.988710e+01,1.989407e+01,1.992193e+01,1.988710e+01,1.989407e+01,1.974764e+01,1.988013e+01,1.985225e+01,1.990800e+01,1.989407e+01,1.989407e+01,1.990103e+01,1.988013e+01,1.984528e+01,1.988710e+01,1.985225e+01,1.981042e+01,1.987316e+01,1.994283e+01,1.985922e+01,1.992890e+01,1.988013e+01,1.988013e+01,1.985225e+01,2.001244e+01,1.987316e+01,1.988013e+01,1.991496e+01,1.993586e+01,1.987316e+01,1.994979e+01,1.978950e+01,1.990800e+01,2.029736e+01,2.058840e+01,2.101649e+01,2.103027e+01,2.107848e+01,2.125736e+01,2.114732e+01,2.120923e+01,2.113355e+01,2.115420e+01,2.120923e+01,2.117484e+01,2.114732e+01,2.118172e+01,2.114732e+01,2.114044e+01,2.122298e+01,2.114044e+01,2.116796e+01,2.119548e+01,2.111291e+01,2.116108e+01,2.121611e+01,2.120235e+01,2.122298e+01,2.120235e+01,2.120923e+01,2.119548e+01,2.109225e+01,2.116108e+01,2.118172e+01,2.114044e+01,2.120923e+01,2.122986e+01,2.118860e+01,2.108537e+01,2.120923e+01,2.115420e+01,2.118860e+01,2.115420e+01,2.115420e+01,2.120923e+01,2.111979e+01,2.125048e+01,2.123674e+01,2.120235e+01,2.120235e+01,2.116796e+01,2.120923e+01,2.120923e+01,2.123674e+01,2.120235e+01,2.120923e+01,2.105094e+01,2.109914e+01,2.115420e+01,2.087169e+01,2.114044e+01,2.120923e+01,2.116796e+01,2.116108e+01,2.110602e+01,2.105782e+01,2.100960e+01,2.106471e+01,2.106471e+01,2.100271e+01,2.100960e+01,2.102338e+01,2.097514e+01,2.097514e+01,2.105094e+01,2.105094e+01,2.103716e+01,2.102338e+01,2.104405e+01,2.097514e+01,2.108537e+01,2.094757e+01,2.109914e+01,2.099582e+01,2.105094e+01,2.099582e+01,2.106471e+01,2.098203e+01,2.089239e+01,2.099582e+01,2.098203e+01,2.101649e+01,2.101649e+01,2.098893e+01,2.091998e+01,2.098893e+01,2.094067e+01,2.096825e+01,2.100271e+01,2.092688e+01,2.094757e+01,2.090619e+01,2.093377e+01,2.096825e+01,2.098203e+01,2.098203e+01,2.095446e+01,2.100960e+01,2.092688e+01,2.098893e+01,2.093377e+01,2.095446e+01,2.114732e+01,2.093377e+01,2.095446e+01,2.089929e+01,2.102338e+01,2.085789e+01,2.100271e+01,2.094757e+01,2.096825e+01,2.094067e+01,2.094067e+01,2.096135e+01,2.098203e+01,2.092688e+01,2.098203e+01,2.100271e+01,2.081648e+01,2.108537e+01,2.109225e+01,2.095446e+01,2.097514e+01,2.107848e+01,2.098893e+01,2.099582e+01,2.104405e+01
2.106471e+01,2.105782e+01,2.105782e+01,2.111979e+01,2.104405e+01,2.105094e+01,2.097514e+01,2.107160e+01,2.107160e+01,2.106471e+01,2.109225e+01,2.105094e+01,2.103716e+01,2.113355e+01,2.100960e+01,2.116796e+01,2.104405e+01,2.115420e+01,2.115420e+01,2.115420e+01,2.111291e+01,2.107160e+01,2.117484e+01,2.108537e+01,2.113355e+01,2.110602e+01,2.116108e+01,2.115420e+01,2.111979e+01,2.113355e+01,2.117484e+01,2.114044e+01,2.108537e+01,2.113355e+01,2.111291e+01,2.111979e+01,2.107160e+01,2.111979e+01,2.114732e+01,2.112667e+01,2.114044e+01,2.117484e+01,2.114732e+01,2.118172e+01,2.108537e+01,2.120235e+01,2.120235e+01,2.120235e+01,2.119548e+01,2.115420e+01,2.117484e+01,2.116796e+01,2.120235e+01,2.116108e+01,2.112667e+01,2.117484e+01,2.107848e+01,2.116108e+01,2.124361e+01,2.120235e+01,2.118172e+01,2.111979e+01,2.120235e+01,2.117484e+01,2.122986e+01,2.117484e+01,2.115420e+01,2.114732e+01,2.123674e+01,2.133294e+01,2.122986e+01,2.121611e+01,2.112667e+01,2.122298e+01,2.125736e+01,2.123674e+01,2.107160e+01,2.123674e+01,2.149766e+01,2.146336e+01,2.122986e+01,2.126423e+01,2.122986e+01,2.125736e+01,2.126423e+01,2.129859e+01,2.128485e+01,2.127110e+01,2.130546e+01,2.138101e+01,2.133294e+01,2.149080e+01,2.145650e+01,2.130546e+01,2.136728e+01,2.140847e+01,2.138101e+01,2.138101e+01,2.131920e+01,2.138788e+01,2.137415e+01,2.141533e+01,2.131233e+01,2.132607e+01,2.129172e+01,2.131920e+01,2.135355e+01,2.133294e+01,2.127798e+01,2.136041e+01,2.131920e+01,2.136041e+01,2.131920e+01,2.148394e+01,2.133981e+01,2.137415e+01,2.132607e+01,2.128485e+01,2.132607e+01,2.140161e+01,2.133294e+01,2.131920e+01,2.136041e+01,2.131920e+01,2.129859e+01,2.138788e+01,2.130546e+01,2.137415e+01,2.135355e+01,2.131233e+01,2.134668e+01,2.137415e+01,2.135355e+01,2.136728e+01,2.136041e+01,2.140161e+01,2.136728e+01,2.128485e+01,2.133294e+01,2.132607e+01,2.129859e+01,2.136041e+01,2.136041e+01,2.140847e+01,2.131233e+01,2.136041e+01,2.137415e+01,2.135355e+01,2.133294e+01,2.133294e+01,2.137415e+01,2.133294e+01,2.139474e+01,2.132607e+01,2.138101e+01,2.132607e+01,2.147708e+01,2.126423e+01,2.133981e+01,2.133981e+01,2.137415e+01,2.138101e+01,2.140161e+01,2.136728e+01,2.125048e+01,2.130546e+01,2.134668e+01,2.134668e+01,2.138788e+01,2.134668e+01,2.122986e+01,2.132607e+01,2.135355e+01,2.138788e+01,2.138788e+01,2.139474e+01,2.138788e+01,2.133294e+01,2.133294e+01,2.140847e+01,2.136728e+01,2.138101e+01,2.133294e+01,2.138788e+01,2.137415e+01,2.143592e+01,2.141533e+01,2.140847e+01,2.138101e+01,2.141533e+01,2.144964e+01,2.142906e+01,2.144964e+01,2.143592e+01,2.139474e+01,2.136728e+01,2.138788e+01,2.141533e+01,2.135355e+01,2.147022e+01,2.133294e+01,2.132607e+01,2.142906e+01,2.142220e+01,2.143592e+01,2.142906e+01,2.143592e+01,2.140161e+01,2.141533e+01,2.144278e+01,2.145650e+01,2.133981e+01,2.136041e+01,2.141533e+01,2.131233e+01,2.139474e+01,2.142906e+01,2.146336e+01,2.137415e+01,2.137415e+01,2.148394e+01,2.138101e+01,2.133294e+01,2.140161e+01,2.152508e+01,2.138788e+01,2.142220e+01,2.134668e+01,2.139474e+01,2.138788e+01,2.132607e+01,2.145650e+01,2.144278e+01,2.136041e+01,2.138101e+01,2.131920e+01,2.131233e+01,2.138788e+01,2.136041e+01,2.138101e+01,2.138101e+01,2.118172e+01,2.138101e+01,2.114732e+01,2.096135e+01,2.123674e+01,2.125048e+01,2.127798e+01,2.136728e+01,2.137415e+01,2.147022e+01,2.127798e+01,2.137415e+01,2.131920e+01,2.138788e+01,2.146336e+01,2.142220e+01,2.140847e+01,2.136041e+01,2.135355e+01,2.138101e+01,2.134668e+01,2.135355e+01,2.138101e+01,2.137415e+01,2.133294e+01,2.129172e+01,2.131920e+01,2.122986e+01,2.136041e+01,2.131233e+01,2.129172e+01,2.131233e+01,2.122298e+01,2.123674e+01,2.127110e+01,2.131233e+01,2.131920e+01,2.126423e+01,2.138788e+01,2.130546e+01,2.126423e+01,2.125736e+01,2.129859e+01,2.129859e+01,2.127110e+01,2.127798e+01,2.125736e+01,2.129172e+01,2.140161e+01,2.129172e+01,2.127110e+01,2.128485e+01,2.122986e+01,2.127798e+01,2.118172e+01,2.094757e+01,2.067139e+01,2.040833e+01,2.015153e+01,2.005419e+01,2.000548e+01,1.986619e+01,1.980345e+01,1.997068e+01,1.991496e+01,1.983831e+01,1.987316e+01,1.985922e+01,1.989407e+01,1.995675e+01,1.990800e+01,1.989407e+01,1.990800e+01,1.994979e+01,2.001244e+01,2.000548e+01,1.992890e+01,2.004723e+01,2.006114e+01,2.006810e+01,2.040833e+01,2.065065e+01,2.107160e+01,2.111291e+01,2.120235e+01,2.125048e+01,2.131233e+01,2.114732e+01,2.112667e+01,2.096825e+01,2.096135e+01,2.067831e+01,2.111979e+01,2.131920e+01,2.133981e+01,2.125048e+01,2.134668e+01,2.129859e+01,2.125736e+01,2.124361e+01,2.130546e+01,2.124361e+01,2.127110e+01,2.127798e+01,2.131920e+01,2.128485e+01,2.131920e+01,2.129172e+01,2.129172e+01,2.130546e+01,2.128485e+01,2.129172e+01,2.131920e+01,2.132607e+01,2.132607e+01,2.130546e+01,2.131233e+01,2.140847e+01,2.138101e+01,2.145650e+01,2.139474e+01,2.148394e+01,2.149766e+01,2.153194e+01,2.151137e+01,2.147708e+01,2.153880e+01,2.151823e+01,2.144964e+01,2.144964e+01,2.142220e+01,2.142906e+01,2.123674e+01,2.087169e+01,2.052610e+01,2.026266e+01,2.001244e+01,1.988013e+01,1.976160e+01,1.982437e+01,1.977555e+01,1.988013e+01,1.974067e+01,1.974764e+01,1.967086e+01,1.975462e+01,1.967086e+01,1.971973e+01,1.970577e+01,1.972671e+01,1.973369e+01,1.986619e+01,1.976160e+01,1.975462e+01,1.977555e+01,1.977555e+01,1.980345e+01,1.983831e+01,1.978950e+01,1.985225e+01,1.989407e+01,1.986619e+01,1.988013e+01,1.989407e+01,1.990800e+01,1.993586e+01,2.010982e+01,2.005419e+01,1.995675e+01,2.014458e+01,2.010982e+01,2.012372e+01,2.042912e+01,2.071287e+01,2.100960e+01,2.113355e+01,2.120235e+01,2.124361e+01,2.118172e+01,2.120923e+01,2.116796e+01,2.126423e+01,2.125736e+01,2.127798e+01,2.111291e+01,2.126423e+01,2.129172e+01,2.128485e+01,2.125048e+01,2.122298e+01,2.122986e+01,2.125048e+01,2.120923e+01,2.118172e+01,2.098203e+01,2.117484e+01,2.100271e+01,2.083028e+01,2.049840e+01,2.049148e+01,2.036673e+01,2.042219e+01,2.038753e+01,2.038060e+01,2.038753e+01,2.034592e+01,2.035286e+01,2.023489e+01,2.012372e+01,2.008896e+01,2.008201e+01,2.009591e+01,2.003332e+01,2.006114e+01,2.007505e+01,1.992890e+01,1.984528e+01,2.006114e+01,1.991496e+01,1.983134e+01,1.986619e+01,1.982437e+01,1.987316e+01,1.987316e+01,1.992890e+01,1.991496e+01,1.981740e+01,1.997764e+01,1.986619e+01,1.984528e+01,1.988013e+01,1.988710e+01,1.989407e+01,1.985922e+01,1.994979e+01,1.988710e+01,1.992890e+01,1.982437e+01,1.991496e+01,1.983134e+01,1.987316e+01,1.999156e+01,1.994283e+01,1.992890e+01,1.995675e+01,2.003332e+01,1.988013e+01,1.998460e+01,1.990800e+01,1.982437e+01,1.998460e+01,1.986619e+01,1.991496e+01,1.985922e+01,1.987316e+01,1.988710e+01,1.988710e+01,1.992890e+01,1.999156e+01,1.994283e+01,1.990103e+01,1.992890e+01,1.993586e+01,1.990800e+01,1.990103e+01,2.029042e+01,2.079576e+01,2.103716e+01,2.103716e+01,2.105094e+01,2.119548e+01,2.122298e+01,2.117484e+01,2.114732e+01,2.131233e+01,2.120923e+01,2.118172e+01,2.118172e+01,2.125048e+01,2.116796e+01,2.128485e+01,2.116108e+01,2.114044e+01,2.109914e+01,2.106471e+01,2.111291e+01,2.119548e+01,2.118860e+01,2.121611e+01,2.109225e+01,2.105782e+01,2.121611e+01,2.124361e+01,2.118860e+01,2.116796e+01,2.122986e+01,2.122298e+01,2.120923e+01,2.118172e+01,2.119548e+01,2.116796e+01,2.117484e+01,2.120923e+01,2.109225e+01,2.112667e+01,2.117484e+01,2.123674e+01,2.120235e+01,2.122986e+01,2.120235e+01,2.118860e+01,2.120235e+01,2.117484e+01,2.120923e+01,2.112667e+01,2.116796e+01,2.106471e+01,2.121611e+01,2.124361e+01,2.110602e+01,2.106471e+01,2.118860e+01,2.116796e+01,2.116108e+01,2.114044e+01,2.112667e+01,2.112667e+01,2.103716e+01,2.098893e+01,2.105782e+01,2.116108e+01,2.110602e+01,2.119548e+01,2.098203e+01,2.097514e+01,2.105094e+01,2.110602e+01,2.098203e+01,2.106471e+01,2.105782e+01,2.110602e+01,2.100960e+01,2.104405e+01,2.109225e+01,2.109914e+01,2.095446e+01,2.107848e+01,2.109225e+01,2.112667e+01,2.112667e+01,2.114732e+01,2.098893e+01,2.100271e+01,2.098893e+01,2.094757e+01,2.096135e+01,2.115420e+01,2.097514e+01,2.092688e+01,2.098203e+01,2.098893e+01,2.087859e+01,2.098203e+01,2.094757e+01,2.087169e+01,2.100271e+01,2.097514e+01,2.094067e+01,2.096825e+01,2.099582e+01,2.094757e+01,2.105094e+01,2.089239e+01,2.096825e+01,2.097514e+01,2.096135e+01,2.098203e+01,2.097514e+01,2.097514e+01,2.104405e+01,2.095446e+01,2.107848e+01,2.109225e+01,2.104405e+01,2.105782e+01,2.096135e+01,2.108537e+01,2.102338e+01,2.116108e+01,2.099582e+01,2.085099e+01,2.111291e+01,2.107160e+01,2.093377e+01,2.107160e+01,2.109914e+01,2.103027e+01,2.098893e+01,2.107848e+01
2.105094e+01,2.108537e+01,2.107160e+01,2.105782e+01,2.108537e+01,2.107160e+01,2.107160e+01,2.109914e+01,2.099582e+01,2.111979e+01,2.120235e+01,2.109225e+01,2.102338e+01,2.114044e+01,2.098893e+01,2.102338e+01,2.106471e+01,2.120923e+01,2.107160e+01,2.100271e+01,2.107848e+01,2.106471e+01,2.101649e+01,2.109914e+01,2.137415e+01,2.119548e+01,2.094757e+01,2.116796e+01,2.102338e+01,2.115420e+01,2.106471e+01,2.118172e+01,2.103027e+01,2.109225e+01,2.109914e+01,2.102338e+01,2.116108e+01,2.113355e+01,2.109914e+01,2.118860e+01,2.114732e+01,2.130546e+01,2.117484e+01,2.118860e+01,2.118172e+01,2.112667e+01,2.120923e+01,2.102338e+01,2.117484e+01,2.119548e+01,2.115420e+01,2.120235e+01,2.116796e+01,2.114732e+01,2.111291e+01,2.103027e+01,2.118860e+01,2.111979e+01,2.124361e+01,2.120923e+01,2.130546e+01,2.114732e+01,2.116796e+01,2.109914e+01,2.119548e+01,2.125048e+01,2.113355e+01,2.117484e+01,2.119548e+01,2.120235e+01,2.116108e+01,2.120235e+01,2.121611e+01,2.121611e+01,2.127110e+01,2.127110e+01,2.118172e+01,2.120235e+01,2.129859e+01,2.124361e+01,2.120235e+01,2.135355e+01,2.128485e+01,2.125048e+01,2.119548e+01,2.127110e+01,2.132607e+01,2.126423e+01,2.129172e+01,2.127798e+01,2.126423e+01,2.126423e+01,2.133294e+01,2.135355e+01,2.138788e+01,2.130546e+01,2.136728e+01,2.120923e+01,2.129172e+01,2.137415e+01,2.140847e+01,2.121611e+01,2.123674e+01,2.138101e+01,2.138788e+01,2.133981e+01,2.136728e+01,2.136728e+01,2.139474e+01,2.126423e+01,2.145650e+01,2.133294e+01,2.140847e+01,2.147708e+01,2.143592e+01,2.128485e+01,2.135355e+01,2.133981e+01,2.136041e+01,2.136728e+01,2.130546e+01,2.136728e+01,2.132607e+01,2.118860e+01,2.125736e+01,2.138788e+01,2.131233e+01,2.133981e+01,2.133294e+01,2.142220e+01,2.129859e+01,2.144964e+01,2.140847e+01,2.133981e+01,2.134668e+01,2.125736e+01,2.136041e+01,2.132607e+01,2.133981e+01,2.134668e+01,2.133294e+01,2.135355e+01,2.137415e+01,2.135355e+01,2.135355e+01,2.128485e+01,2.131233e+01,2.131920e+01,2.133981e+01,2.131920e+01,2.134668e+01,2.144964e+01,2.133981e+01,2.134668e+01,2.125048e+01,2.133981e+01,2.132607e+01,2.129172e+01,2.138101e+01,2.131920e+01,2.136728e+01,2.140161e+01,2.130546e+01,2.138101e+01,2.128485e+01,2.133294e+01,2.128485e+01,2.129172e+01,2.131233e+01,2.136728e+01,2.138101e+01,2.135355e+01,2.140161e+01,2.138788e+01,2.138101e+01,2.136041e+01,2.140161e+01,2.136728e+01,2.139474e+01,2.133981e+01,2.138788e+01,2.134668e+01,2.141533e+01,2.144964e+01,2.140847e+01,2.141533e+01,2.141533e+01,2.138788e+01,2.139474e+01,2.140161e+01,2.142220e+01,2.142906e+01,2.144964e+01,2.149080e+01,2.142220e+01,2.142906e+01,2.140847e+01,2.141533e+01,2.135355e+01,2.131920e+01,2.131920e+01,2.137415e+01,2.142906e+01,2.145650e+01,2.138101e+01,2.140161e+01,2.139474e+01,2.147708e+01,2.140847e+01,2.142220e+01,2.139474e+01,2.138101e+01,2.140847e+01,2.130546e+01,2.139474e+01,2.147022e+01,2.148394e+01,2.145650e+01,2.147708e+01,2.136041e+01,2.138788e+01,2.153194e+01,2.140847e+01,2.144964e+01,2.151137e+01,2.153880e+01,2.131233e+01,2.138788e+01,2.139474e+01,2.138788e+01,2.140161e+01,2.142906e+01,2.143592e+01,2.144278e+01,2.140161e+01,2.138101e+01,2.135355e+01,2.135355e+01,2.136728e+01,2.137415e+01,2.115420e+01,2.116108e+01,2.096135e+01,2.060223e+01,2.030430e+01,2.060915e+01,2.121611e+01,2.142906e+01,2.131920e+01,2.134668e+01,2.130546e+01,2.126423e+01,2.141533e+01,2.129859e+01,2.139474e+01,2.138101e+01,2.127798e+01,2.122986e+01,2.133294e+01,2.127798e+01,2.133981e+01,2.149080e+01,2.131920e+01,2.138788e+01,2.127798e+01,2.133294e+01,2.129172e+01,2.131233e+01,2.133981e+01,2.128485e+01,2.127110e+01,2.124361e+01,2.129172e+01,2.124361e+01,2.129172e+01,2.125736e+01,2.125736e+01,2.129172e+01,2.129859e+01,2.123674e+01,2.129859e+01,2.125736e+01,2.125736e+01,2.128485e+01,2.126423e+01,2.131920e+01,2.127110e+01,2.122986e+01,2.120923e+01,2.129859e+01,2.127798e+01,2.127798e+01,2.125736e+01,2.102338e+01,2.108537e+01,2.067831e+01,2.037366e+01,2.038753e+01,1.998460e+01,1.991496e+01,1.984528e+01,1.985922e+01,1.985225e+01,1.976858e+01,1.973369e+01,1.970577e+01,1.981740e+01,1.987316e+01,1.988710e+01,1.988710e+01,1.985922e+01,1.987316e+01,1.992193e+01,1.992890e+01,1.992193e+01,1.998460e+01,2.000548e+01,1.996371e+01,1.993586e+01,2.005419e+01,1.999852e+01,1.998460e+01,2.010287e+01,2.031818e+01,2.063682e+01,2.116108e+01,2.114732e+01,2.116108e+01,2.087169e+01,2.062299e+01,2.013763e+01,2.017932e+01,2.037366e+01,2.067831e+01,2.109225e+01,2.112667e+01,2.125048e+01,2.140161e+01,2.125736e+01,2.133294e+01,2.127798e+01,2.130546e+01,2.124361e+01,2.128485e+01,2.129172e+01,2.133981e+01,2.120923e+01,2.129172e+01,2.139474e+01,2.129859e+01,2.132607e+01,2.130546e+01,2.132607e+01,2.127110e+01,2.124361e+01,2.134668e+01,2.128485e+01,2.141533e+01,2.141533e+01,2.139474e+01,2.144278e+01,2.144278e+01,2.149766e+01,2.149766e+01,2.150451e+01,2.151823e+01,2.155936e+01,2.143592e+01,2.136728e+01,2.149766e+01,2.145650e+01,2.135355e+01,2.134668e+01,2.131233e+01,2.104405e+01,2.056763e+01,2.040833e+01,2.034592e+01,2.000548e+01,1.992890e+01,1.976160e+01,1.971275e+01,1.971275e+01,1.981740e+01,1.974067e+01,1.976160e+01,1.964991e+01,1.964293e+01,1.972671e+01,1.970577e+01,1.969181e+01,1.974067e+01,1.973369e+01,1.969879e+01,1.976160e+01,1.976160e+01,1.978950e+01,1.981042e+01,1.980345e+01,1.981042e+01,1.990103e+01,1.978950e+01,1.983831e+01,1.985922e+01,1.981042e+01,1.986619e+01,1.995675e+01,1.993586e+01,1.999852e+01,2.010982e+01,2.007505e+01,2.007505e+01,2.017237e+01,2.033205e+01,2.078886e+01,2.099582e+01,2.121611e+01,2.120923e+01,2.120923e+01,2.125736e+01,2.120235e+01,2.120235e+01,2.123674e+01,2.123674e+01,2.124361e+01,2.122986e+01,2.130546e+01,2.120923e+01,2.127110e+01,2.118172e+01,2.121611e+01,2.119548e+01,2.120923e+01,2.131233e+01,2.116796e+01,2.116796e+01,2.101649e+01,2.074051e+01,2.047762e+01,2.042912e+01,2.049840e+01,2.047762e+01,2.038753e+01,2.047762e+01,2.065757e+01,2.080267e+01,2.073360e+01,2.045684e+01,2.011677e+01,2.012372e+01,2.008896e+01,2.008201e+01,2.009591e+01,1.999156e+01,2.004723e+01,1.992193e+01,1.989407e+01,1.987316e+01,1.989407e+01,1.987316e+01,1.990800e+01,1.991496e+01,1.983831e+01,1.991496e+01,1.987316e+01,1.985922e+01,1.985225e+01,1.990103e+01,1.981740e+01,1.992890e+01,1.982437e+01,1.986619e+01,1.985922e+01,1.985922e+01,1.989407e+01,1.983134e+01,1.984528e+01,1.999852e+01,1.986619e+01,1.989407e+01,1.988013e+01,1.988710e+01,1.998460e+01,1.989407e+01,1.990103e+01,1.992193e+01,1.989407e+01,1.986619e+01,1.992890e+01,1.995675e+01,1.984528e+01,1.988013e+01,1.983831e+01,1.985225e+01,1.990800e+01,1.997764e+01,1.985225e+01,1.990800e+01,1.990103e+01,1.994283e+01,1.988710e+01,1.995675e+01,1.993586e+01,1.994283e+01,1.982437e+01,1.994283e+01,2.013068e+01,2.054687e+01,2.089239e+01,2.098203e+01,2.113355e+01,2.107848e+01,2.128485e+01,2.114044e+01,2.111979e+01,2.113355e+01,2.121611e+01,2.114732e+01,2.114044e+01,2.114732e+01,2.114044e+01,2.116108e+01,2.118172e+01,2.114732e+01,2.115420e+01,2.117484e+01,2.120923e+01,2.123674e+01,2.117484e+01,2.118860e+01,2.116108e+01,2.118172e+01,2.125736e+01,2.119548e+01,2.120235e+01,2.119548e+01,2.120923e+01,2.121611e+01,2.116796e+01,2.121611e+01,2.119548e+01,2.118860e+01,2.114732e+01,2.116108e+01,2.118860e+01,2.118860e+01,2.123674e+01,2.122298e+01,2.114732e+01,2.121611e+01,2.111979e+01,2.120235e+01,2.121611e+01,2.121611e+01,2.120923e+01,2.111291e+01,2.106471e+01,2.105782e+01,2.115420e+01,2.120923e+01,2.110602e+01,2.113355e+01,2.113355e+01,2.112667e+01,2.109225e+01,2.109225e+01,2.109225e+01,2.113355e+01,2.109914e+01,2.100271e+01,2.100960e+01,2.094067e+01,2.101649e+01,2.098893e+01,2.108537e+01,2.100960e+01,2.099582e+01,2.096825e+01,2.100271e+01,2.099582e+01,2.103716e+01,2.110602e+01,2.100271e+01,2.097514e+01,2.099582e+01,2.112667e+01,2.108537e+01,2.105782e+01,2.112667e+01,2.099582e+01,2.118172e+01,2.098893e+01,2.105094e+01,2.105782e+01,2.098893e+01,2.102338e+01,2.101649e+01,2.096825e+01,2.101649e+01,2.104405e+01,2.098893e+01,2.114044e+01,2.094757e+01,2.097514e+01,2.092688e+01,2.104405e+01,2.110602e+01,2.106471e+01,2.102338e+01,2.096825e+01,2.105094e+01,2.099582e+01,2.095446e+01,2.106471e+01,2.094757e+01,2.088549e+01,2.100960e+01,2.091998e+01,2.095446e+01,2.098893e+01,2.098893e+01,2.106471e+01,2.100271e+01,2.109225e+01,2.105094e+01,2.099582e+01,2.095446e+01,2.112667e+01,2.115420e+01,2.105782e+01,2.116108e+01,2.100960e+01,2.104405e+01,2.104405e+01,2.102338e+01,2.104405e+01,2.105782e+01,2.102338e+01,2.120923e+01,2.110602e+01
2.103027e+01,2.114044e+01,2.102338e+01,2.109914e+01,2.106471e+01,2.105782e+01,2.100271e+01,2.106471e+01,2.107848e+01,2.109914e+01,2.115420e+01,2.107848e+01,2.113355e+01,2.116796e+01,2.105094e+01,2.103716e+01,2.097514e+01,2.107848e+01,2.107848e+01,2.103716e+01,2.106471e+01,2.107848e+01,2.107848e+01,2.103027e+01,2.098893e+01,2.119548e+01,2.107848e+01,2.100271e+01,2.118172e+01,2.114732e+01,2.114044e+01,2.115420e+01,2.104405e+01,2.102338e+01,2.114732e+01,2.116796e+01,2.112667e+01,2.116796e+01,2.113355e+01,2.112667e+01,2.112667e+01,2.116796e+01,2.114732e+01,2.114732e+01,2.114044e+01,2.118860e+01,2.118172e+01,2.111979e+01,2.120923e+01,2.108537e+01,2.122298e+01,2.106471e+01,2.106471e+01,2.114044e+01,2.105094e+01,2.108537e+01,2.111291e+01,2.112667e+01,2.118860e+01,2.109914e+01,2.113355e+01,2.116796e+01,2.116108e+01,2.113355e+01,2.110602e+01,2.124361e+01,2.125736e+01,2.116108e+01,2.118860e+01,2.118172e+01,2.116796e+01,2.128485e+01,2.120923e+01,2.125048e+01,2.115420e+01,2.122986e+01,2.121611e+01,2.127110e+01,2.127798e+01,2.120235e+01,2.118860e+01,2.122986e+01,2.127798e+01,2.122986e+01,2.127110e+01,2.122986e+01,2.120923e+01,2.119548e+01,2.125048e+01,2.138788e+01,2.127798e+01,2.131920e+01,2.138101e+01,2.114044e+01,2.142220e+01,2.134668e+01,2.132607e+01,2.129172e+01,2.131233e+01,2.135355e+01,2.126423e+01,2.127110e+01,2.126423e+01,2.130546e+01,2.140161e+01,2.138788e+01,2.131920e+01,2.141533e+01,2.141533e+01,2.145650e+01,2.140161e+01,2.137415e+01,2.125736e+01,2.126423e+01,2.139474e+01,2.138788e+01,2.131920e+01,2.135355e+01,2.127798e+01,2.137415e+01,2.135355e+01,2.132607e+01,2.135355e+01,2.131233e+01,2.133294e+01,2.131920e+01,2.136728e+01,2.137415e+01,2.138101e+01,2.129172e+01,2.131920e+01,2.135355e+01,2.133294e+01,2.130546e+01,2.135355e+01,2.129859e+01,2.135355e+01,2.127798e+01,2.133294e+01,2.136041e+01,2.133294e+01,2.133294e+01,2.140161e+01,2.134668e+01,2.132607e+01,2.138101e+01,2.133981e+01,2.135355e+01,2.138788e+01,2.133981e+01,2.133981e+01,2.134668e+01,2.134668e+01,2.133294e+01,2.128485e+01,2.135355e+01,2.136041e+01,2.131233e+01,2.134668e+01,2.136041e+01,2.138101e+01,2.125048e+01,2.118172e+01,2.132607e+01,2.121611e+01,2.130546e+01,2.129172e+01,2.131920e+01,2.131920e+01,2.135355e+01,2.140161e+01,2.139474e+01,2.123674e+01,2.133981e+01,2.131920e+01,2.138788e+01,2.138788e+01,2.144278e+01,2.140161e+01,2.131920e+01,2.140847e+01,2.136728e+01,2.134668e+01,2.136728e+01,2.138788e+01,2.134668e+01,2.142220e+01,2.133294e+01,2.142220e+01,2.128485e+01,2.143592e+01,2.142220e+01,2.142220e+01,2.145650e+01,2.148394e+01,2.141533e+01,2.147022e+01,2.146336e+01,2.134668e+01,2.142220e+01,2.142906e+01,2.143592e+01,2.131233e+01,2.140847e+01,2.140847e+01,2.138788e+01,2.142906e+01,2.145650e+01,2.142220e+01,2.144278e+01,2.139474e+01,2.132607e+01,2.139474e+01,2.129859e+01,2.135355e+01,2.133294e+01,2.147022e+01,2.139474e+01,2.134668e+01,2.137415e+01,2.129172e+01,2.148394e+01,2.137415e+01,2.145650e+01,2.144964e+01,2.131233e+01,2.129172e+01,2.139474e+01,2.137415e+01,2.136041e+01,2.143592e+01,2.120235e+01,2.139474e+01,2.129172e+01,2.138101e+01,2.129859e+01,2.130546e+01,2.121611e+01,2.109914e+01,2.114044e+01,2.091308e+01,2.066448e+01,2.036673e+01,2.009591e+01,2.010982e+01,2.033899e+01,2.091998e+01,2.142906e+01,2.127110e+01,2.129859e+01,2.134668e+01,2.131233e+01,2.128485e+01,2.126423e+01,2.129172e+01,2.141533e+01,2.129172e+01,2.122298e+01,2.131233e+01,2.133294e+01,2.129172e+01,2.131920e+01,2.133294e+01,2.140847e+01,2.131920e+01,2.134668e+01,2.128485e+01,2.132607e+01,2.122986e+01,2.126423e+01,2.122298e+01,2.122986e+01,2.129859e+01,2.122986e+01,2.128485e+01,2.127110e+01,2.127110e+01,2.134668e+01,2.129859e+01,2.122986e+01,2.127110e+01,2.122986e+01,2.136728e+01,2.127798e+01,2.124361e+01,2.128485e+01,2.120235e+01,2.126423e+01,2.124361e+01,2.126423e+01,2.122986e+01,2.125048e+01,2.109225e+01,2.087859e+01,2.037366e+01,2.013763e+01,2.001940e+01,1.985225e+01,1.985225e+01,1.981042e+01,1.985225e+01,1.976160e+01,1.967785e+01,1.978950e+01,1.981740e+01,1.976160e+01,1.982437e+01,1.985922e+01,1.989407e+01,1.988013e+01,1.982437e+01,1.994283e+01,1.982437e+01,1.988013e+01,1.994979e+01,1.995675e+01,1.992890e+01,1.994283e+01,1.992890e+01,1.993586e+01,1.991496e+01,1.994979e+01,2.003332e+01,2.004723e+01,2.008896e+01,2.048455e+01,2.060223e+01,2.054687e+01,2.011677e+01,1.999156e+01,1.999156e+01,2.011677e+01,2.012372e+01,2.027654e+01,2.044298e+01,2.107160e+01,2.121611e+01,2.124361e+01,2.127798e+01,2.131920e+01,2.120235e+01,2.117484e+01,2.132607e+01,2.128485e+01,2.129172e+01,2.133981e+01,2.131920e+01,2.120923e+01,2.138101e+01,2.132607e+01,2.131920e+01,2.130546e+01,2.129172e+01,2.135355e+01,2.129172e+01,2.131233e+01,2.130546e+01,2.147708e+01,2.144278e+01,2.143592e+01,2.146336e+01,2.147022e+01,2.150451e+01,2.152508e+01,2.162102e+01,2.153194e+01,2.152508e+01,2.151823e+01,2.142906e+01,2.144964e+01,2.144964e+01,2.142220e+01,2.132607e+01,2.129172e+01,2.118860e+01,2.071287e+01,2.054687e+01,2.036673e+01,2.031124e+01,2.005419e+01,1.989407e+01,1.975462e+01,1.971973e+01,1.973369e+01,1.967785e+01,1.972671e+01,1.964991e+01,1.974764e+01,1.965689e+01,1.965689e+01,1.971973e+01,1.966388e+01,1.973369e+01,1.971275e+01,1.978253e+01,1.974067e+01,1.976160e+01,1.976858e+01,1.979647e+01,1.979647e+01,1.979647e+01,1.989407e+01,1.986619e+01,1.993586e+01,1.988013e+01,1.994283e+01,1.987316e+01,2.001940e+01,2.011677e+01,2.010287e+01,2.010287e+01,2.009591e+01,2.014458e+01,2.022794e+01,2.037366e+01,2.080267e+01,2.120923e+01,2.122298e+01,2.123674e+01,2.121611e+01,2.123674e+01,2.118172e+01,2.116796e+01,2.123674e+01,2.113355e+01,2.120235e+01,2.127110e+01,2.119548e+01,2.124361e+01,2.120235e+01,2.119548e+01,2.125048e+01,2.116796e+01,2.122298e+01,2.115420e+01,2.093377e+01,2.073360e+01,2.063682e+01,2.036673e+01,2.037366e+01,2.044298e+01,2.037366e+01,2.053303e+01,2.086479e+01,2.087859e+01,2.093377e+01,2.088549e+01,2.056763e+01,2.029736e+01,2.015153e+01,2.010287e+01,2.001940e+01,2.010982e+01,2.004723e+01,1.994283e+01,2.000548e+01,1.993586e+01,1.990800e+01,1.984528e+01,1.982437e+01,1.982437e+01,1.983831e+01,1.999156e+01,1.993586e+01,1.982437e+01,1.986619e+01,1.994979e+01,1.979647e+01,1.978950e+01,1.985922e+01,1.982437e+01,1.976858e+01,1.988710e+01,1.987316e+01,1.986619e+01,1.996371e+01,1.987316e+01,1.988710e+01,1.985922e+01,1.981042e+01,1.989407e+01,1.986619e+01,1.986619e+01,1.985225e+01,1.985922e+01,1.996371e+01,1.994283e+01,1.986619e+01,1.990103e+01,1.987316e+01,1.992890e+01,1.990103e+01,1.997764e+01,1.984528e+01,1.975462e+01,1.990103e+01,1.981740e+01,1.985922e+01,1.987316e+01,1.987316e+01,1.992193e+01,1.988013e+01,1.997068e+01,1.988013e+01,1.981042e+01,1.996371e+01,2.024877e+01,2.049840e+01,2.077505e+01,2.096135e+01,2.118860e+01,2.119548e+01,2.114044e+01,2.120235e+01,2.118172e+01,2.114044e+01,2.121611e+01,2.116108e+01,2.116796e+01,2.122986e+01,2.127798e+01,2.114044e+01,2.123674e+01,2.115420e+01,2.120235e+01,2.118172e+01,2.126423e+01,2.115420e+01,2.118172e+01,2.117484e+01,2.116108e+01,2.124361e+01,2.123674e+01,2.122298e+01,2.120235e+01,2.120923e+01,2.118860e+01,2.117484e+01,2.125048e+01,2.125048e+01,2.116796e+01,2.120923e+01,2.113355e+01,2.119548e+01,2.108537e+01,2.109225e+01,2.116796e+01,2.121611e+01,2.119548e+01,2.120235e+01,2.117484e+01,2.118860e+01,2.121611e+01,2.117484e+01,2.120923e+01,2.122986e+01,2.109914e+01,2.119548e+01,2.114732e+01,2.118860e+01,2.116796e+01,2.115420e+01,2.111979e+01,2.112667e+01,2.114732e+01,2.114044e+01,2.111979e+01,2.105094e+01,2.109225e+01,2.105782e+01,2.100271e+01,2.105094e+01,2.100271e+01,2.105094e+01,2.102338e+01,2.108537e+01,2.098893e+01,2.098893e+01,2.098203e+01,2.106471e+01,2.100271e+01,2.098203e+01,2.098203e+01,2.106471e+01,2.106471e+01,2.096825e+01,2.103716e+01,2.098203e+01,2.100960e+01,2.113355e+01,2.102338e+01,2.107160e+01,2.106471e+01,2.101649e+01,2.110602e+01,2.100271e+01,2.102338e+01,2.094757e+01,2.104405e+01,2.069905e+01,2.095446e+01,2.096825e+01,2.105782e+01,2.110602e+01,2.099582e+01,2.103027e+01,2.094757e+01,2.094757e+01,2.103716e+01,2.100271e+01,2.102338e+01,2.100271e+01,2.105782e+01,2.088549e+01,2.096825e+01,2.093377e+01,2.099582e+01,2.107848e+01,2.100271e+01,2.096135e+01,2.096825e+01,2.104405e+01,2.091998e+01,2.107160e+01,2.111979e+01,2.099582e+01,2.101649e+01,2.095446e+01,2.103027e+01,2.096135e+01,2.098203e+01,2.103716e+01,2.100960e+01,2.094757e+01,2.110602e+01,2.096135e+01,2.094067e+01,2.091998e+01,2.103027e+01,2.102338e+01
2.102338e+01,2.111291e+01,2.109914e+01,2.107160e+01,2.103716e+01,2.106471e+01,2.108537e+01,2.111291e+01,2.124361e+01,2.117484e+01,2.116108e+01,2.112667e+01,2.107848e+01,2.103716e+01,2.095446e+01,2.103716e+01,2.109914e+01,2.113355e+01,2.108537e+01,2.107848e+01,2.109225e+01,2.105782e+01,2.107848e+01,2.110602e+01,2.114044e+01,2.114044e+01,2.115420e+01,2.117484e+01,2.112667e+01,2.118172e+01,2.105094e+01,2.114044e+01,2.105782e+01,2.114044e+01,2.107160e+01,2.108537e+01,2.114044e+01,2.116108e+01,2.111291e+01,2.114732e+01,2.116108e+01,2.119548e+01,2.115420e+01,2.117484e+01,2.118172e+01,2.114044e+01,2.118172e+01,2.121611e+01,2.120235e+01,2.116796e+01,2.108537e+01,2.116108e+01,2.111291e+01,2.115420e+01,2.110602e+01,2.107848e+01,2.115420e+01,2.114732e+01,2.118172e+01,2.114044e+01,2.114732e+01,2.109914e+01,2.119548e+01,2.120923e+01,2.107160e+01,2.127110e+01,2.114732e+01,2.125048e+01,2.120235e+01,2.123674e+01,2.121611e+01,2.131920e+01,2.118860e+01,2.122986e+01,2.121611e+01,2.122298e+01,2.117484e+01,2.122298e+01,2.123674e+01,2.122986e+01,2.137415e+01,2.127798e+01,2.126423e+01,2.120235e+01,2.126423e+01,2.125048e+01,2.126423e+01,2.136041e+01,2.127110e+01,2.129859e+01,2.129859e+01,2.129172e+01,2.127798e+01,2.120923e+01,2.138788e+01,2.132607e+01,2.144278e+01,2.147708e+01,2.133294e+01,2.133981e+01,2.150451e+01,2.132607e+01,2.143592e+01,2.138788e+01,2.138101e+01,2.141533e+01,2.138101e+01,2.131233e+01,2.141533e+01,2.138788e+01,2.138101e+01,2.136041e+01,2.136728e+01,2.133981e+01,2.133294e+01,2.139474e+01,2.134668e+01,2.136041e+01,2.125048e+01,2.131233e+01,2.133981e+01,2.133981e+01,2.136041e+01,2.135355e+01,2.133981e+01,2.138788e+01,2.114732e+01,2.131920e+01,2.131233e+01,2.132607e+01,2.137415e+01,2.148394e+01,2.146336e+01,2.136728e+01,2.127110e+01,2.128485e+01,2.137415e+01,2.136041e+01,2.138101e+01,2.135355e+01,2.137415e+01,2.133294e+01,2.138788e+01,2.136728e+01,2.135355e+01,2.134668e+01,2.128485e+01,2.136728e+01,2.137415e+01,2.135355e+01,2.134668e+01,2.134668e+01,2.136041e+01,2.135355e+01,2.131920e+01,2.137415e+01,2.132607e+01,2.129859e+01,2.136041e+01,2.123674e+01,2.138101e+01,2.142906e+01,2.137415e+01,2.136041e+01,2.137415e+01,2.144964e+01,2.131233e+01,2.153880e+01,2.143592e+01,2.138788e+01,2.146336e+01,2.138101e+01,2.125048e+01,2.134668e+01,2.137415e+01,2.140161e+01,2.139474e+01,2.139474e+01,2.140847e+01,2.141533e+01,2.143592e+01,2.140847e+01,2.125048e+01,2.137415e+01,2.142906e+01,2.131920e+01,2.139474e+01,2.138101e+01,2.142220e+01,2.141533e+01,2.130546e+01,2.143592e+01,2.141533e+01,2.132607e+01,2.140161e+01,2.147708e+01,2.137415e+01,2.131920e+01,2.140847e+01,2.146336e+01,2.146336e+01,2.139474e+01,2.142906e+01,2.130546e+01,2.139474e+01,2.140161e+01,2.140847e+01,2.142906e+01,2.139474e+01,2.140161e+01,2.137415e+01,2.141533e+01,2.138101e+01,2.141533e+01,2.136728e+01,2.146336e+01,2.145650e+01,2.142220e+01,2.142906e+01,2.138101e+01,2.141533e+01,2.140161e+01,2.140847e+01,2.142220e+01,2.138788e+01,2.146336e+01,2.138101e+01,2.131233e+01,2.132607e+01,2.136041e+01,2.131233e+01,2.127110e+01,2.127110e+01,2.140847e+01,2.136728e+01,2.134668e+01,2.123674e+01,2.120923e+01,2.087169e+01,2.049840e+01,2.021405e+01,2.012372e+01,1.994283e+01,1.994979e+01,1.994979e+01,2.017932e+01,2.102338e+01,2.124361e+01,2.126423e+01,2.126423e+01,2.138788e+01,2.125736e+01,2.126423e+01,2.103027e+01,2.103027e+01,2.124361e+01,2.122986e+01,2.127798e+01,2.125736e+01,2.125048e+01,2.126423e+01,2.131920e+01,2.131920e+01,2.133294e+01,2.132607e+01,2.134668e+01,2.131920e+01,2.130546e+01,2.124361e+01,2.122986e+01,2.128485e+01,2.125048e+01,2.131233e+01,2.129172e+01,2.127110e+01,2.131920e+01,2.122986e+01,2.129172e+01,2.129859e+01,2.127110e+01,2.133981e+01,2.126423e+01,2.116796e+01,2.117484e+01,2.122986e+01,2.135355e+01,2.121611e+01,2.125736e+01,2.120235e+01,2.125736e+01,2.088549e+01,2.078195e+01,2.047070e+01,2.022100e+01,1.992193e+01,1.988013e+01,1.979647e+01,1.981740e+01,1.974764e+01,1.986619e+01,1.984528e+01,1.980345e+01,1.978950e+01,1.968483e+01,1.974067e+01,1.972671e+01,1.976858e+01,1.979647e+01,1.973369e+01,1.975462e+01,1.989407e+01,1.983134e+01,1.983831e+01,1.994979e+01,1.992890e+01,1.993586e+01,1.992890e+01,1.994979e+01,1.997764e+01,1.998460e+01,2.007505e+01,2.004723e+01,2.002636e+01,2.005419e+01,1.998460e+01,2.007505e+01,2.002636e+01,2.008896e+01,2.001244e+01,1.999156e+01,2.006810e+01,1.999852e+01,1.999852e+01,2.006810e+01,2.010287e+01,2.103027e+01,2.123674e+01,2.121611e+01,2.125736e+01,2.121611e+01,2.120235e+01,2.129859e+01,2.130546e+01,2.130546e+01,2.140847e+01,2.135355e+01,2.122986e+01,2.133294e+01,2.133294e+01,2.123674e+01,2.133981e+01,2.131233e+01,2.133294e+01,2.132607e+01,2.131233e+01,2.132607e+01,2.137415e+01,2.139474e+01,2.142906e+01,2.144278e+01,2.144964e+01,2.152508e+01,2.149766e+01,2.155936e+01,2.149080e+01,2.155936e+01,2.153194e+01,2.153880e+01,2.142906e+01,2.147022e+01,2.134668e+01,2.138101e+01,2.142906e+01,2.131233e+01,2.127110e+01,2.089239e+01,2.054687e+01,2.053303e+01,2.050533e+01,2.007505e+01,1.988013e+01,1.981042e+01,1.967086e+01,1.976858e+01,1.978253e+01,1.967785e+01,1.965689e+01,1.978950e+01,1.976858e+01,1.968483e+01,1.971973e+01,1.971275e+01,1.979647e+01,1.971973e+01,1.971973e+01,1.981740e+01,1.975462e+01,1.978950e+01,1.981740e+01,1.986619e+01,1.997068e+01,1.985225e+01,1.982437e+01,1.990103e+01,1.988710e+01,1.986619e+01,1.996371e+01,2.001940e+01,1.993586e+01,1.995675e+01,2.004723e+01,2.010287e+01,2.016542e+01,2.016542e+01,2.032512e+01,2.074051e+01,2.116796e+01,2.122298e+01,2.125736e+01,2.125048e+01,2.122986e+01,2.124361e+01,2.121611e+01,2.122298e+01,2.127798e+01,2.118860e+01,2.123674e+01,2.121611e+01,2.126423e+01,2.122298e+01,2.120235e+01,2.127110e+01,2.122298e+01,2.120235e+01,2.116108e+01,2.078886e+01,2.068522e+01,2.051918e+01,2.051918e+01,2.037366e+01,2.040140e+01,2.056763e+01,2.095446e+01,2.099582e+01,2.105094e+01,2.115420e+01,2.091308e+01,2.052610e+01,2.013068e+01,2.008896e+01,2.007505e+01,2.006810e+01,1.990103e+01,1.995675e+01,1.988710e+01,1.995675e+01,1.997068e+01,1.981740e+01,1.989407e+01,1.990800e+01,1.989407e+01,1.985225e+01,1.983134e+01,1.983134e+01,1.978950e+01,1.987316e+01,1.982437e+01,1.985922e+01,1.983134e+01,1.981740e+01,1.984528e+01,1.994979e+01,1.982437e+01,1.983134e+01,1.988710e+01,1.978950e+01,1.986619e+01,1.982437e+01,1.990800e+01,1.986619e+01,1.981042e+01,1.982437e+01,1.988710e+01,1.988013e+01,1.999156e+01,1.996371e+01,1.988710e+01,2.000548e+01,1.999156e+01,1.999852e+01,1.990103e+01,1.985225e+01,1.988710e+01,1.991496e+01,1.990103e+01,1.978253e+01,2.001940e+01,1.985225e+01,1.988710e+01,1.994979e+01,1.994979e+01,1.992193e+01,1.992890e+01,1.997764e+01,1.997764e+01,2.011677e+01,1.995675e+01,2.047070e+01,2.089929e+01,2.096135e+01,2.116108e+01,2.118172e+01,2.118860e+01,2.112667e+01,2.112667e+01,2.118860e+01,2.120923e+01,2.121611e+01,2.122986e+01,2.116796e+01,2.116108e+01,2.122986e+01,2.125048e+01,2.125736e+01,2.127110e+01,2.118172e+01,2.114732e+01,2.118860e+01,2.118172e+01,2.116108e+01,2.116796e+01,2.122986e+01,2.124361e+01,2.123674e+01,2.120923e+01,2.124361e+01,2.112667e+01,2.118860e+01,2.121611e+01,2.125736e+01,2.127110e+01,2.125048e+01,2.113355e+01,2.114044e+01,2.111291e+01,2.121611e+01,2.120235e+01,2.111979e+01,2.120235e+01,2.114044e+01,2.121611e+01,2.122986e+01,2.114044e+01,2.119548e+01,2.104405e+01,2.117484e+01,2.112667e+01,2.120923e+01,2.118860e+01,2.118172e+01,2.111291e+01,2.111291e+01,2.114044e+01,2.113355e+01,2.113355e+01,2.099582e+01,2.113355e+01,2.114044e+01,2.090619e+01,2.092688e+01,2.109225e+01,2.114732e+01,2.100271e+01,2.104405e+01,2.100960e+01,2.096135e+01,2.102338e+01,2.104405e+01,2.109225e+01,2.107848e+01,2.099582e+01,2.105094e+01,2.094067e+01,2.095446e+01,2.105094e+01,2.110602e+01,2.107160e+01,2.105094e+01,2.103027e+01,2.100271e+01,2.107848e+01,2.081648e+01,2.102338e+01,2.112667e+01,2.102338e+01,2.092688e+01,2.095446e+01,2.101649e+01,2.105094e+01,2.102338e+01,2.092688e+01,2.100271e+01,2.109914e+01,2.096825e+01,2.099582e+01,2.105094e+01,2.105094e+01,2.107160e+01,2.097514e+01,2.098893e+01,2.103027e+01,2.101649e+01,2.102338e+01,2.093377e+01,2.107160e+01,2.103027e+01,2.097514e+01,2.091308e+01,2.108537e+01,2.095446e+01,2.100960e+01,2.107848e+01,2.109914e+01,2.109914e+01,2.108537e+01,2.103716e+01,2.109914e+01,2.116108e+01,2.111979e+01,2.114044e+01,2.098893e+01,2.097514e+01,2.104405e+01,2.109225e+01,2.107848e+01,2.107160e+01,2.118172e+01,2.120235e+01,2.101649e+01,2.101649e+01
2.111979e+01,2.113355e+01,2.106471e+01,2.111291e+01,2.101649e+01,2.106471e+01,2.106471e+01,2.108537e+01,2.107160e+01,2.111979e+01,2.108537e+01,2.114732e+01,2.110602e+01,2.107848e+01,2.107160e+01,2.108537e+01,2.117484e+01,2.105782e+01,2.112667e+01,2.114044e+01,2.109225e+01,2.109225e+01,2.109914e+01,2.108537e+01,2.116796e+01,2.107848e+01,2.111979e+01,2.103027e+01,2.097514e+01,2.099582e+01,2.100960e+01,2.101649e+01,2.113355e+01,2.110602e+01,2.098203e+01,2.105782e+01,2.111291e+01,2.116796e+01,2.113355e+01,2.112667e+01,2.111291e+01,2.109914e+01,2.111979e+01,2.121611e+01,2.118172e+01,2.116108e+01,2.109914e+01,2.114044e+01,2.111979e+01,2.120235e+01,2.118860e+01,2.122298e+01,2.114044e+01,2.107848e+01,2.111979e+01,2.111979e+01,2.105094e+01,2.111979e+01,2.111291e+01,2.116796e+01,2.120235e+01,2.114732e+01,2.109914e+01,2.119548e+01,2.111979e+01,2.120923e+01,2.114732e+01,2.114732e+01,2.114732e+01,2.117484e+01,2.122986e+01,2.117484e+01,2.118860e+01,2.120235e+01,2.118172e+01,2.130546e+01,2.113355e+01,2.117484e+01,2.119548e+01,2.121611e+01,2.125048e+01,2.123674e+01,2.124361e+01,2.127110e+01,2.127798e+01,2.122986e+01,2.126423e+01,2.122986e+01,2.131920e+01,2.135355e+01,2.124361e+01,2.139474e+01,2.128485e+01,2.140847e+01,2.140847e+01,2.144278e+01,2.121611e+01,2.144964e+01,2.138788e+01,2.137415e+01,2.131920e+01,2.132607e+01,2.131920e+01,2.137415e+01,2.135355e+01,2.138101e+01,2.138101e+01,2.138101e+01,2.133294e+01,2.136041e+01,2.129859e+01,2.132607e+01,2.140161e+01,2.138788e+01,2.129859e+01,2.129172e+01,2.138101e+01,2.129172e+01,2.135355e+01,2.134668e+01,2.136041e+01,2.132607e+01,2.133294e+01,2.137415e+01,2.127798e+01,2.132607e+01,2.116108e+01,2.138101e+01,2.133981e+01,2.131233e+01,2.132607e+01,2.132607e+01,2.134668e+01,2.138101e+01,2.128485e+01,2.135355e+01,2.135355e+01,2.136728e+01,2.143592e+01,2.133981e+01,2.132607e+01,2.132607e+01,2.133981e+01,2.126423e+01,2.133981e+01,2.132607e+01,2.136041e+01,2.133294e+01,2.131233e+01,2.130546e+01,2.138101e+01,2.135355e+01,2.131920e+01,2.137415e+01,2.137415e+01,2.141533e+01,2.131920e+01,2.129172e+01,2.125736e+01,2.123674e+01,2.131233e+01,2.122298e+01,2.134668e+01,2.133981e+01,2.144278e+01,2.135355e+01,2.133981e+01,2.147708e+01,2.133981e+01,2.136728e+01,2.129859e+01,2.135355e+01,2.135355e+01,2.136728e+01,2.129172e+01,2.133981e+01,2.133981e+01,2.140847e+01,2.135355e+01,2.144278e+01,2.142220e+01,2.135355e+01,2.138101e+01,2.136728e+01,2.137415e+01,2.139474e+01,2.137415e+01,2.144964e+01,2.138101e+01,2.139474e+01,2.138788e+01,2.146336e+01,2.134668e+01,2.131920e+01,2.140161e+01,2.136728e+01,2.141533e+01,2.132607e+01,2.139474e+01,2.140161e+01,2.139474e+01,2.139474e+01,2.136728e+01,2.134668e+01,2.137415e+01,2.139474e+01,2.142220e+01,2.145650e+01,2.138101e+01,2.142220e+01,2.129172e+01,2.140847e+01,2.141533e+01,2.148394e+01,2.135355e+01,2.150451e+01,2.148394e+01,2.146336e+01,2.145650e+01,2.142906e+01,2.141533e+01,2.137415e+01,2.137415e+01,2.130546e+01,2.132607e+01,2.145650e+01,2.140847e+01,2.137415e+01,2.145650e+01,2.133981e+01,2.133981e+01,2.133981e+01,2.132607e+01,2.122986e+01,2.123674e+01,2.105782e+01,2.073360e+01,2.062990e+01,2.027654e+01,2.004723e+01,1.999156e+01,1.993586e+01,1.996371e+01,2.010982e+01,1.997068e+01,2.029736e+01,2.118172e+01,2.117484e+01,2.123674e+01,2.127110e+01,2.114044e+01,2.116796e+01,2.100960e+01,2.053995e+01,2.031124e+01,2.053995e+01,2.105094e+01,2.122986e+01,2.125736e+01,2.141533e+01,2.128485e+01,2.131920e+01,2.133981e+01,2.128485e+01,2.133294e+01,2.134668e+01,2.132607e+01,2.129172e+01,2.133981e+01,2.123674e+01,2.133294e+01,2.122298e+01,2.129172e+01,2.127110e+01,2.125048e+01,2.123674e+01,2.128485e+01,2.124361e+01,2.144964e+01,2.127798e+01,2.127798e+01,2.121611e+01,2.122986e+01,2.127110e+01,2.122298e+01,2.121611e+01,2.118860e+01,2.119548e+01,2.086479e+01,2.060915e+01,2.014458e+01,1.997764e+01,1.997068e+01,1.990103e+01,1.984528e+01,1.989407e+01,1.967785e+01,1.970577e+01,1.974067e+01,1.976160e+01,1.981042e+01,1.977555e+01,1.964293e+01,1.970577e+01,1.968483e+01,1.971973e+01,1.969181e+01,1.967086e+01,1.979647e+01,1.976160e+01,1.978253e+01,1.986619e+01,1.989407e+01,1.993586e+01,1.994979e+01,1.985922e+01,1.989407e+01,1.994979e+01,1.998460e+01,2.002636e+01,1.992193e+01,2.002636e+01,1.992193e+01,1.999852e+01,1.999852e+01,2.012372e+01,1.998460e+01,1.998460e+01,1.997068e+01,2.001244e+01,2.004723e+01,1.999156e+01,1.988710e+01,2.003332e+01,2.002636e+01,2.028348e+01,2.095446e+01,2.122986e+01,2.137415e+01,2.114044e+01,2.125048e+01,2.136041e+01,2.132607e+01,2.126423e+01,2.129859e+01,2.132607e+01,2.127798e+01,2.131233e+01,2.120923e+01,2.136041e+01,2.134668e+01,2.133981e+01,2.136728e+01,2.129859e+01,2.129172e+01,2.128485e+01,2.131920e+01,2.135355e+01,2.152508e+01,2.144964e+01,2.142220e+01,2.144278e+01,2.154565e+01,2.151137e+01,2.151137e+01,2.146336e+01,2.147022e+01,2.151137e+01,2.144278e+01,2.144278e+01,2.140847e+01,2.144278e+01,2.135355e+01,2.127798e+01,2.121611e+01,2.112667e+01,2.073360e+01,2.049840e+01,2.031124e+01,2.007505e+01,2.004027e+01,1.984528e+01,1.970577e+01,1.961498e+01,1.969181e+01,1.981740e+01,1.968483e+01,1.971973e+01,1.971973e+01,1.971275e+01,1.972671e+01,1.970577e+01,1.970577e+01,1.971973e+01,1.974067e+01,1.972671e+01,1.970577e+01,1.977555e+01,1.979647e+01,1.976858e+01,1.984528e+01,1.983831e+01,1.988710e+01,1.987316e+01,1.981042e+01,1.990103e+01,1.992193e+01,1.990103e+01,1.971275e+01,2.012372e+01,2.006810e+01,2.012372e+01,2.012372e+01,2.015153e+01,2.035980e+01,2.052610e+01,2.107848e+01,2.118860e+01,2.124361e+01,2.125736e+01,2.120923e+01,2.120923e+01,2.127110e+01,2.124361e+01,2.126423e+01,2.119548e+01,2.131920e+01,2.118172e+01,2.127798e+01,2.118172e+01,2.127110e+01,2.113355e+01,2.122986e+01,2.118172e+01,2.083028e+01,2.044991e+01,2.037366e+01,2.040140e+01,2.040140e+01,2.048455e+01,2.053303e+01,2.077505e+01,2.107848e+01,2.116108e+01,2.117484e+01,2.118172e+01,2.085789e+01,2.055379e+01,2.024183e+01,2.010287e+01,2.002636e+01,1.993586e+01,1.990800e+01,1.997068e+01,1.997764e+01,1.996371e+01,1.996371e+01,1.990103e+01,1.986619e+01,1.981740e+01,1.985225e+01,1.983134e+01,1.979647e+01,1.983831e+01,1.982437e+01,1.985922e+01,1.987316e+01,1.988013e+01,1.984528e+01,1.988013e+01,1.982437e+01,1.983831e+01,1.981042e+01,1.990103e+01,1.981740e+01,2.000548e+01,1.988710e+01,1.982437e+01,1.973369e+01,1.981740e+01,1.995675e+01,1.981740e+01,1.983831e+01,1.981042e+01,2.000548e+01,1.999156e+01,2.001940e+01,1.997764e+01,2.010982e+01,2.014458e+01,2.004723e+01,1.983134e+01,1.994283e+01,1.998460e+01,1.989407e+01,1.984528e+01,1.992890e+01,1.992890e+01,1.988013e+01,2.008896e+01,1.997068e+01,1.995675e+01,1.989407e+01,1.997764e+01,2.012372e+01,2.014458e+01,2.033205e+01,2.058148e+01,2.090619e+01,2.096825e+01,2.099582e+01,2.111291e+01,2.125048e+01,2.116796e+01,2.119548e+01,2.118860e+01,2.118860e+01,2.120923e+01,2.119548e+01,2.116108e+01,2.117484e+01,2.120923e+01,2.115420e+01,2.120923e+01,2.117484e+01,2.119548e+01,2.118860e+01,2.118860e+01,2.118172e+01,2.115420e+01,2.116796e+01,2.115420e+01,2.124361e+01,2.114732e+01,2.118860e+01,2.127798e+01,2.123674e+01,2.123674e+01,2.116108e+01,2.122298e+01,2.117484e+01,2.112667e+01,2.119548e+01,2.110602e+01,2.124361e+01,2.117484e+01,2.108537e+01,2.120235e+01,2.116108e+01,2.105782e+01,2.116108e+01,2.125048e+01,2.116796e+01,2.122298e+01,2.117484e+01,2.119548e+01,2.113355e+01,2.105782e+01,2.115420e+01,2.116796e+01,2.105094e+01,2.120923e+01,2.114732e+01,2.116796e+01,2.097514e+01,2.110602e+01,2.104405e+01,2.109914e+01,2.118172e+01,2.100960e+01,2.102338e+01,2.100960e+01,2.099582e+01,2.098203e+01,2.100271e+01,2.098203e+01,2.106471e+01,2.107160e+01,2.102338e+01,2.102338e+01,2.102338e+01,2.096825e+01,2.098893e+01,2.105094e+01,2.097514e+01,2.100960e+01,2.104405e+01,2.102338e+01,2.102338e+01,2.100271e+01,2.108537e+01,2.111291e+01,2.103716e+01,2.090619e+01,2.103027e+01,2.103027e+01,2.107848e+01,2.107848e+01,2.103027e+01,2.096135e+01,2.087169e+01,2.091998e+01,2.104405e+01,2.101649e+01,2.108537e+01,2.107160e+01,2.099582e+01,2.104405e+01,2.104405e+01,2.098203e+01,2.104405e+01,2.098893e+01,2.106471e+01,2.103027e+01,2.083028e+01,2.113355e+01,2.121611e+01,2.096135e+01,2.105094e+01,2.096135e+01,2.098203e+01,2.094067e+01,2.105782e+01,2.100271e+01,2.108537e+01,2.096825e+01,2.096135e+01,2.101649e+01,2.099582e+01,2.100271e+01,2.092688e+01,2.100271e+01,2.100271e+01,2.104405e+01,2.100960e+01,2.096135e+01,2.096825e+01,2.096825e+01,2.104405e+01,2.111979e+01
2.100271e+01,2.108537e+01,2.101649e+01,2.113355e+01,2.109914e+01,2.102338e+01,2.104405e+01,2.107160e+01,2.118172e+01,2.112667e+01,2.109225e+01,2.102338e+01,2.118860e+01,2.105782e+01,2.108537e+01,2.116108e+01,2.121611e+01,2.102338e+01,2.114044e+01,2.095446e+01,2.095446e+01,2.111291e+01,2.110602e+01,2.112667e+01,2.109225e+01,2.098893e+01,2.099582e+01,2.109225e+01,2.113355e+01,2.122298e+01,2.107160e+01,2.113355e+01,2.109225e+01,2.106471e+01,2.100960e+01,2.105094e+01,2.109914e+01,2.111291e+01,2.118172e+01,2.108537e+01,2.111291e+01,2.122986e+01,2.118172e+01,2.109914e+01,2.118172e+01,2.114732e+01,2.116108e+01,2.119548e+01,2.119548e+01,2.124361e+01,2.108537e+01,2.114044e+01,2.115420e+01,2.111291e+01,2.111979e+01,2.116796e+01,2.111979e+01,2.118860e+01,2.114044e+01,2.127110e+01,2.116108e+01,2.124361e+01,2.113355e+01,2.111291e+01,2.114732e+01,2.109914e+01,2.119548e+01,2.121611e+01,2.117484e+01,2.118172e+01,2.119548e+01,2.123674e+01,2.118172e+01,2.122298e+01,2.110602e+01,2.125736e+01,2.121611e+01,2.122986e+01,2.118172e+01,2.121611e+01,2.120235e+01,2.124361e+01,2.126423e+01,2.126423e+01,2.127798e+01,2.125048e+01,2.127110e+01,2.124361e+01,2.124361e+01,2.134668e+01,2.136728e+01,2.133981e+01,2.125736e+01,2.124361e+01,2.125736e+01,2.125736e+01,2.130546e+01,2.135355e+01,2.131233e+01,2.132607e+01,2.132607e+01,2.138101e+01,2.134668e+01,2.133294e+01,2.138101e+01,2.139474e+01,2.126423e+01,2.144964e+01,2.133981e+01,2.134668e+01,2.138788e+01,2.131920e+01,2.135355e+01,2.132607e+01,2.131920e+01,2.128485e+01,2.129172e+01,2.130546e+01,2.131233e+01,2.137415e+01,2.130546e+01,2.133981e+01,2.135355e+01,2.132607e+01,2.136041e+01,2.118172e+01,2.136728e+01,2.137415e+01,2.136728e+01,2.137415e+01,2.132607e+01,2.136041e+01,2.136728e+01,2.130546e+01,2.144964e+01,2.131920e+01,2.131920e+01,2.142220e+01,2.129859e+01,2.136728e+01,2.133294e+01,2.133294e+01,2.133294e+01,2.131233e+01,2.129859e+01,2.133294e+01,2.131233e+01,2.135355e+01,2.136728e+01,2.138788e+01,2.139474e+01,2.138101e+01,2.138101e+01,2.134668e+01,2.142220e+01,2.140161e+01,2.127110e+01,2.127798e+01,2.130546e+01,2.134668e+01,2.131233e+01,2.138788e+01,2.138788e+01,2.137415e+01,2.120923e+01,2.142220e+01,2.136041e+01,2.138101e+01,2.137415e+01,2.133981e+01,2.130546e+01,2.153880e+01,2.133294e+01,2.138101e+01,2.131233e+01,2.137415e+01,2.141533e+01,2.141533e+01,2.132607e+01,2.139474e+01,2.140161e+01,2.145650e+01,2.138101e+01,2.142220e+01,2.142220e+01,2.151137e+01,2.130546e+01,2.141533e+01,2.144964e+01,2.140847e+01,2.137415e+01,2.142906e+01,2.139474e+01,2.134668e+01,2.140161e+01,2.143592e+01,2.139474e+01,2.141533e+01,2.143592e+01,2.140161e+01,2.135355e+01,2.135355e+01,2.133981e+01,2.137415e+01,2.125736e+01,2.149080e+01,2.138788e+01,2.140161e+01,2.140161e+01,2.136728e+01,2.138788e+01,2.131233e+01,2.139474e+01,2.129172e+01,2.142906e+01,2.135355e+01,2.147708e+01,2.141533e+01,2.139474e+01,2.149766e+01,2.142906e+01,2.143592e+01,2.140161e+01,2.140847e+01,2.133294e+01,2.126423e+01,2.132607e+01,2.131920e+01,2.129859e+01,2.137415e+01,2.137415e+01,2.139474e+01,2.120235e+01,2.114732e+01,2.103716e+01,2.076123e+01,2.026266e+01,2.024877e+01,2.005419e+01,2.004723e+01,1.999852e+01,2.001940e+01,1.997068e+01,1.997068e+01,1.996371e+01,2.033205e+01,2.098893e+01,2.118172e+01,2.112667e+01,2.117484e+01,2.096135e+01,2.095446e+01,2.040833e+01,2.022100e+01,2.011677e+01,2.023489e+01,2.082338e+01,2.125048e+01,2.127798e+01,2.127110e+01,2.124361e+01,2.129172e+01,2.128485e+01,2.132607e+01,2.129172e+01,2.125048e+01,2.129172e+01,2.126423e+01,2.129172e+01,2.127798e+01,2.127110e+01,2.129859e+01,2.132607e+01,2.126423e+01,2.126423e+01,2.120923e+01,2.122986e+01,2.125048e+01,2.136041e+01,2.127798e+01,2.133294e+01,2.136041e+01,2.122298e+01,2.127798e+01,2.119548e+01,2.109914e+01,2.068522e+01,2.063682e+01,2.017932e+01,2.011677e+01,1.995675e+01,1.998460e+01,1.997764e+01,1.988013e+01,1.995675e+01,1.983134e+01,1.988013e+01,1.975462e+01,1.988710e+01,1.983831e+01,1.980345e+01,1.978253e+01,1.967785e+01,1.964991e+01,1.967785e+01,1.969181e+01,1.967086e+01,1.979647e+01,1.974764e+01,1.981740e+01,1.974067e+01,1.985922e+01,1.988710e+01,1.988013e+01,1.989407e+01,1.992193e+01,1.994979e+01,1.994979e+01,1.998460e+01,1.993586e+01,1.999852e+01,1.999852e+01,2.000548e+01,2.001940e+01,1.999852e+01,1.997068e+01,1.996371e+01,2.002636e+01,2.003332e+01,1.996371e+01,1.997068e+01,1.999852e+01,1.999156e+01,2.004723e+01,1.997068e+01,2.006810e+01,2.071978e+01,2.122986e+01,2.122986e+01,2.118172e+01,2.118860e+01,2.120923e+01,2.120235e+01,2.126423e+01,2.127110e+01,2.125736e+01,2.130546e+01,2.130546e+01,2.132607e+01,2.127798e+01,2.131233e+01,2.124361e+01,2.130546e+01,2.132607e+01,2.136728e+01,2.131920e+01,2.131233e+01,2.136041e+01,2.145650e+01,2.152508e+01,2.149766e+01,2.153880e+01,2.157306e+01,2.149766e+01,2.155936e+01,2.153194e+01,2.157991e+01,2.147022e+01,2.145650e+01,2.146336e+01,2.156621e+01,2.129859e+01,2.143592e+01,2.133981e+01,2.126423e+01,2.121611e+01,2.059531e+01,2.031124e+01,2.003332e+01,1.985922e+01,1.972671e+01,1.992890e+01,1.983134e+01,1.976858e+01,1.969879e+01,1.971973e+01,1.967086e+01,1.978253e+01,1.971973e+01,1.971275e+01,1.972671e+01,1.970577e+01,1.974067e+01,1.974067e+01,1.969181e+01,1.985225e+01,1.973369e+01,1.981042e+01,1.987316e+01,1.985225e+01,1.986619e+01,1.988710e+01,1.986619e+01,1.982437e+01,1.989407e+01,1.994283e+01,1.990800e+01,2.007505e+01,2.001244e+01,2.000548e+01,2.009591e+01,2.010982e+01,2.020016e+01,2.033205e+01,2.029042e+01,2.044991e+01,2.106471e+01,2.116796e+01,2.122986e+01,2.126423e+01,2.127110e+01,2.130546e+01,2.121611e+01,2.117484e+01,2.118860e+01,2.114732e+01,2.124361e+01,2.122298e+01,2.127798e+01,2.126423e+01,2.125048e+01,2.127110e+01,2.113355e+01,2.081648e+01,2.055379e+01,2.045684e+01,2.042912e+01,2.053303e+01,2.046377e+01,2.058840e+01,2.108537e+01,2.109914e+01,2.133981e+01,2.110602e+01,2.118172e+01,2.118860e+01,2.087859e+01,2.057456e+01,2.026960e+01,2.011677e+01,2.001940e+01,1.989407e+01,1.988710e+01,1.992193e+01,2.002636e+01,1.989407e+01,1.990800e+01,1.987316e+01,1.980345e+01,1.986619e+01,1.984528e+01,1.992193e+01,1.981740e+01,1.981740e+01,1.984528e+01,1.979647e+01,1.988013e+01,1.980345e+01,1.981042e+01,1.992193e+01,1.981042e+01,1.986619e+01,1.987316e+01,1.988013e+01,1.981042e+01,1.987316e+01,1.981042e+01,1.990103e+01,1.977555e+01,1.984528e+01,1.979647e+01,1.976160e+01,1.988710e+01,1.999852e+01,2.022794e+01,2.029736e+01,2.053995e+01,2.058148e+01,2.055379e+01,2.062299e+01,2.052610e+01,2.033205e+01,2.033899e+01,2.037366e+01,2.026266e+01,2.020016e+01,2.015848e+01,2.015848e+01,2.002636e+01,2.019321e+01,2.023489e+01,2.013068e+01,2.020016e+01,2.033899e+01,2.043605e+01,2.062299e+01,2.086479e+01,2.112667e+01,2.113355e+01,2.106471e+01,2.116108e+01,2.114732e+01,2.111979e+01,2.115420e+01,2.120235e+01,2.122986e+01,2.124361e+01,2.122986e+01,2.118860e+01,2.124361e+01,2.117484e+01,2.121611e+01,2.123674e+01,2.115420e+01,2.116108e+01,2.117484e+01,2.108537e+01,2.114732e+01,2.114732e+01,2.115420e+01,2.117484e+01,2.121611e+01,2.122298e+01,2.120923e+01,2.120923e+01,2.121611e+01,2.121611e+01,2.121611e+01,2.115420e+01,2.117484e+01,2.117484e+01,2.115420e+01,2.114732e+01,2.112667e+01,2.118860e+01,2.110602e+01,2.111291e+01,2.116796e+01,2.105094e+01,2.114732e+01,2.116796e+01,2.118172e+01,2.117484e+01,2.103716e+01,2.114732e+01,2.118860e+01,2.111979e+01,2.103027e+01,2.121611e+01,2.112667e+01,2.112667e+01,2.109914e+01,2.116108e+01,2.111979e+01,2.113355e+01,2.114044e+01,2.109914e+01,2.101649e+01,2.111979e+01,2.102338e+01,2.100960e+01,2.101649e+01,2.104405e+01,2.113355e+01,2.102338e+01,2.103027e+01,2.111979e+01,2.111291e+01,2.100960e+01,2.110602e+01,2.107160e+01,2.103716e+01,2.100271e+01,2.103716e+01,2.100271e+01,2.109914e+01,2.102338e+01,2.104405e+01,2.103716e+01,2.108537e+01,2.098893e+01,2.096825e+01,2.098893e+01,2.091998e+01,2.102338e+01,2.111291e+01,2.094757e+01,2.108537e+01,2.110602e+01,2.100271e+01,2.090619e+01,2.112667e+01,2.094067e+01,2.094067e+01,2.094757e+01,2.107848e+01,2.098893e+01,2.102338e+01,2.116796e+01,2.104405e+01,2.100271e+01,2.096135e+01,2.110602e+01,2.099582e+01,2.099582e+01,2.103716e+01,2.101649e+01,2.110602e+01,2.096825e+01,2.096825e+01,2.099582e+01,2.093377e+01,2.109914e+01,2.107848e+01,2.091998e+01,2.114044e+01,2.105094e+01,2.103027e+01,2.106471e+01,2.110602e+01,2.089929e+01,2.094067e+01,2.099582e+01,2.108537e+01,2.110602e+01,2.107160e+01,2.111291e+01,2.114732e+01,2.102338e+01,2.108537e+01
2.100271e+01,2.099582e+01,2.100271e+01,2.111291e+01,2.098893e+01,2.102338e+01,2.103027e+01,2.106471e+01,2.105782e+01,2.120235e+01,2.112667e+01,2.112667e+01,2.118172e+01,2.103716e+01,2.105094e+01,2.112667e+01,2.103027e+01,2.110602e+01,2.111979e+01,2.106471e+01,2.093377e+01,2.107848e+01,2.111979e+01,2.109225e+01,2.111291e+01,2.098893e+01,2.107848e+01,2.105094e+01,2.101649e+01,2.109225e+01,2.100960e+01,2.108537e+01,2.107848e+01,2.107160e+01,2.099582e+01,2.104405e+01,2.105782e+01,2.117484e+01,2.117484e+01,2.120923e+01,2.114044e+01,2.117484e+01,2.113355e+01,2.118172e+01,2.117484e+01,2.116108e+01,2.118860e+01,2.119548e+01,2.122986e+01,2.121611e+01,2.122298e+01,2.110602e+01,2.108537e+01,2.113355e+01,2.100271e+01,2.100271e+01,2.118860e+01,2.113355e+01,2.113355e+01,2.116796e+01,2.111979e+01,2.115420e+01,2.116108e+01,2.090619e+01,2.120235e+01,2.106471e+01,2.105094e+01,2.116796e+01,2.109225e+01,2.116108e+01,2.121611e+01,2.115420e+01,2.122298e+01,2.120923e+01,2.128485e+01,2.122298e+01,2.122298e+01,2.118172e+01,2.132607e+01,2.114044e+01,2.119548e+01,2.123674e+01,2.125736e+01,2.127798e+01,2.125048e+01,2.129859e+01,2.127798e+01,2.129172e+01,2.132607e+01,2.125736e+01,2.127798e+01,2.126423e+01,2.125736e+01,2.136041e+01,2.126423e+01,2.123674e+01,2.121611e+01,2.127110e+01,2.129859e+01,2.130546e+01,2.134668e+01,2.133981e+01,2.138788e+01,2.133294e+01,2.144964e+01,2.125736e+01,2.135355e+01,2.146336e+01,2.142220e+01,2.135355e+01,2.154565e+01,2.128485e+01,2.131920e+01,2.130546e+01,2.133294e+01,2.136041e+01,2.135355e+01,2.138101e+01,2.134668e+01,2.129859e+01,2.128485e+01,2.133294e+01,2.129172e+01,2.137415e+01,2.133294e+01,2.136041e+01,2.120235e+01,2.125048e+01,2.108537e+01,2.132607e+01,2.132607e+01,2.129859e+01,2.136728e+01,2.131920e+01,2.127798e+01,2.136728e+01,2.136041e+01,2.133294e+01,2.142220e+01,2.130546e+01,2.129172e+01,2.132607e+01,2.131920e+01,2.135355e+01,2.133294e+01,2.133981e+01,2.133294e+01,2.131920e+01,2.137415e+01,2.138788e+01,2.138788e+01,2.136728e+01,2.135355e+01,2.140161e+01,2.127110e+01,2.140847e+01,2.129172e+01,2.123674e+01,2.132607e+01,2.129172e+01,2.122298e+01,2.125048e+01,2.122986e+01,2.135355e+01,2.133294e+01,2.136041e+01,2.144278e+01,2.139474e+01,2.131233e+01,2.129859e+01,2.131920e+01,2.125048e+01,2.128485e+01,2.134668e+01,2.140161e+01,2.133294e+01,2.140161e+01,2.133981e+01,2.133981e+01,2.133294e+01,2.140161e+01,2.137415e+01,2.131920e+01,2.137415e+01,2.134668e+01,2.135355e+01,2.140847e+01,2.134668e+01,2.144964e+01,2.136041e+01,2.138788e+01,2.139474e+01,2.139474e+01,2.137415e+01,2.142906e+01,2.144964e+01,2.142906e+01,2.141533e+01,2.145650e+01,2.139474e+01,2.135355e+01,2.132607e+01,2.135355e+01,2.138788e+01,2.137415e+01,2.138788e+01,2.141533e+01,2.138101e+01,2.138788e+01,2.142906e+01,2.134668e+01,2.138101e+01,2.135355e+01,2.143592e+01,2.120923e+01,2.142906e+01,2.140161e+01,2.136041e+01,2.133981e+01,2.135355e+01,2.140161e+01,2.135355e+01,2.131920e+01,2.134668e+01,2.132607e+01,2.133294e+01,2.131233e+01,2.136728e+01,2.134668e+01,2.131920e+01,2.131233e+01,2.138101e+01,2.118172e+01,2.109225e+01,2.073360e+01,2.032512e+01,2.001940e+01,2.013068e+01,2.001244e+01,1.995675e+01,2.005419e+01,1.997764e+01,1.996371e+01,1.997068e+01,2.022794e+01,2.022100e+01,2.095446e+01,2.119548e+01,2.118860e+01,2.101649e+01,2.062990e+01,2.033205e+01,2.003332e+01,2.004027e+01,2.004027e+01,2.017932e+01,2.078886e+01,2.105782e+01,2.127110e+01,2.127110e+01,2.131233e+01,2.132607e+01,2.127110e+01,2.119548e+01,2.121611e+01,2.130546e+01,2.133981e+01,2.128485e+01,2.122986e+01,2.122986e+01,2.129172e+01,2.100960e+01,2.128485e+01,2.126423e+01,2.124361e+01,2.126423e+01,2.131920e+01,2.129172e+01,2.125736e+01,2.130546e+01,2.126423e+01,2.130546e+01,2.122298e+01,2.111291e+01,2.097514e+01,2.068522e+01,2.019321e+01,2.009591e+01,2.004027e+01,1.984528e+01,1.990800e+01,1.983831e+01,1.987316e+01,1.972671e+01,1.981740e+01,1.988013e+01,1.990103e+01,1.976858e+01,1.989407e+01,1.971973e+01,1.973369e+01,1.966388e+01,1.962197e+01,1.972671e+01,1.969879e+01,1.971275e+01,1.969879e+01,1.974067e+01,1.979647e+01,1.983134e+01,1.985922e+01,1.992890e+01,1.992193e+01,1.990800e+01,1.992890e+01,1.986619e+01,1.986619e+01,1.994283e+01,1.994979e+01,1.998460e+01,1.997764e+01,1.997068e+01,1.999852e+01,1.997764e+01,1.999156e+01,2.001940e+01,1.996371e+01,1.998460e+01,1.994283e+01,2.001940e+01,1.998460e+01,1.981740e+01,1.999156e+01,2.001940e+01,2.002636e+01,2.004723e+01,2.011677e+01,2.074051e+01,2.096825e+01,2.113355e+01,2.125736e+01,2.126423e+01,2.119548e+01,2.125736e+01,2.130546e+01,2.118860e+01,2.129172e+01,2.119548e+01,2.119548e+01,2.120923e+01,2.123674e+01,2.138101e+01,2.135355e+01,2.138788e+01,2.130546e+01,2.137415e+01,2.133294e+01,2.147708e+01,2.151823e+01,2.140161e+01,2.140847e+01,2.151823e+01,2.153194e+01,2.153194e+01,2.153194e+01,2.160732e+01,2.158677e+01,2.141533e+01,2.141533e+01,2.140847e+01,2.140161e+01,2.140847e+01,2.141533e+01,2.133981e+01,2.116108e+01,2.098203e+01,2.040833e+01,1.991496e+01,1.991496e+01,1.990800e+01,1.983134e+01,1.986619e+01,1.976160e+01,1.969879e+01,1.970577e+01,1.970577e+01,1.965689e+01,1.974764e+01,1.974764e+01,1.974067e+01,1.974764e+01,1.973369e+01,1.981042e+01,1.974067e+01,1.978950e+01,1.988013e+01,1.981740e+01,1.983134e+01,1.994283e+01,1.979647e+01,2.001940e+01,1.986619e+01,1.990800e+01,1.991496e+01,1.997068e+01,1.992890e+01,1.989407e+01,1.988013e+01,2.001940e+01,2.008201e+01,2.006810e+01,2.022794e+01,2.019321e+01,2.024877e+01,2.028348e+01,2.049148e+01,2.077505e+01,2.112667e+01,2.116796e+01,2.111291e+01,2.120235e+01,2.127110e+01,2.120923e+01,2.118172e+01,2.120923e+01,2.125736e+01,2.119548e+01,2.120235e+01,2.117484e+01,2.127798e+01,2.120923e+01,2.113355e+01,2.077505e+01,2.073360e+01,2.065757e+01,2.049148e+01,2.025571e+01,2.043605e+01,2.080267e+01,2.089239e+01,2.112667e+01,2.120923e+01,2.127798e+01,2.107848e+01,2.116796e+01,2.122986e+01,2.085099e+01,2.058840e+01,2.024877e+01,1.995675e+01,2.002636e+01,1.990800e+01,1.992890e+01,1.994979e+01,1.988710e+01,1.988013e+01,1.990800e+01,1.985225e+01,1.986619e+01,1.988710e+01,1.976858e+01,1.981042e+01,1.992193e+01,1.981042e+01,1.978950e+01,1.978253e+01,1.979647e+01,1.981740e+01,1.981042e+01,1.985225e+01,1.985922e+01,1.983134e+01,1.978253e+01,1.982437e+01,1.981740e+01,1.990800e+01,1.976160e+01,1.985225e+01,1.971973e+01,1.981740e+01,1.972671e+01,1.971973e+01,2.008896e+01,2.056763e+01,2.080957e+01,2.080957e+01,2.092688e+01,2.089929e+01,2.097514e+01,2.098893e+01,2.107848e+01,2.101649e+01,2.094757e+01,2.072669e+01,2.071978e+01,2.071978e+01,2.062299e+01,2.060915e+01,2.063682e+01,2.066448e+01,2.066448e+01,2.071287e+01,2.091308e+01,2.105094e+01,2.098893e+01,2.114732e+01,2.114044e+01,2.111979e+01,2.117484e+01,2.118860e+01,2.116108e+01,2.109225e+01,2.122986e+01,2.127110e+01,2.118172e+01,2.114044e+01,2.116796e+01,2.118172e+01,2.112667e+01,2.120235e+01,2.119548e+01,2.119548e+01,2.104405e+01,2.111291e+01,2.122298e+01,2.118172e+01,2.118172e+01,2.115420e+01,2.120923e+01,2.113355e+01,2.117484e+01,2.118860e+01,2.117484e+01,2.120923e+01,2.120235e+01,2.119548e+01,2.117484e+01,2.121611e+01,2.118172e+01,2.116108e+01,2.130546e+01,2.131233e+01,2.115420e+01,2.121611e+01,2.114044e+01,2.110602e+01,2.111979e+01,2.122986e+01,2.116108e+01,2.120235e+01,2.113355e+01,2.121611e+01,2.116796e+01,2.111291e+01,2.114044e+01,2.118860e+01,2.120235e+01,2.109225e+01,2.116796e+01,2.114732e+01,2.111979e+01,2.105782e+01,2.109914e+01,2.103027e+01,2.112667e+01,2.110602e+01,2.094757e+01,2.096135e+01,2.104405e+01,2.094067e+01,2.096135e+01,2.100960e+01,2.099582e+01,2.107160e+01,2.106471e+01,2.093377e+01,2.116108e+01,2.094757e+01,2.109225e+01,2.113355e+01,2.110602e+01,2.107160e+01,2.105782e+01,2.106471e+01,2.106471e+01,2.109914e+01,2.105782e+01,2.097514e+01,2.110602e+01,2.107160e+01,2.111291e+01,2.099582e+01,2.109914e+01,2.108537e+01,2.109225e+01,2.098203e+01,2.095446e+01,2.108537e+01,2.096825e+01,2.103716e+01,2.091308e+01,2.090619e+01,2.103716e+01,2.098893e+01,2.100960e+01,2.098893e+01,2.103716e+01,2.099582e+01,2.105094e+01,2.107848e+01,2.101649e+01,2.099582e+01,2.096825e+01,2.103027e+01,2.100960e+01,2.107160e+01,2.100271e+01,2.103716e+01,2.098203e+01,2.106471e+01,2.114732e+01,2.102338e+01,2.093377e+01,2.095446e+01,2.100960e+01,2.098203e+01,2.094067e+01,2.106471e+01,2.102338e+01,2.105782e+01,2.101649e+01,2.089929e+01,2.116108e+01,2.111979e+01,2.103027e+01,2.114732e+01,2.120235e+01,2.119548e+01,2.100960e+01,2.105094e+01
2.110602e+01,2.103716e+01,2.113355e+01,2.107848e+01,2.105094e+01,2.113355e+01,2.105782e+01,2.100960e+01,2.106471e+01,2.103716e+01,2.100271e+01,2.109225e+01,2.107160e+01,2.108537e+01,2.114044e+01,2.113355e+01,2.107160e+01,2.109225e+01,2.111979e+01,2.107848e+01,2.107160e+01,2.111979e+01,2.107160e+01,2.116796e+01,2.106471e+01,2.098893e+01,2.100271e+01,2.106471e+01,2.111979e+01,2.105782e+01,2.109914e+01,2.111979e+01,2.111291e+01,2.102338e+01,2.107848e+01,2.102338e+01,2.111979e+01,2.113355e+01,2.112667e+01,2.113355e+01,2.109225e+01,2.122298e+01,2.118172e+01,2.120923e+01,2.117484e+01,2.116796e+01,2.120235e+01,2.117484e+01,2.113355e+01,2.116108e+01,2.109225e+01,2.111291e+01,2.109225e+01,2.112667e+01,2.111979e+01,2.113355e+01,2.114044e+01,2.099582e+01,2.098893e+01,2.116796e+01,2.111979e+01,2.120923e+01,2.116108e+01,2.121611e+01,2.115420e+01,2.112667e+01,2.111291e+01,2.113355e+01,2.112667e+01,2.116108e+01,2.119548e+01,2.120923e+01,2.116108e+01,2.120235e+01,2.122986e+01,2.118172e+01,2.117484e+01,2.110602e+01,2.118172e+01,2.114732e+01,2.117484e+01,2.125048e+01,2.122298e+01,2.125736e+01,2.105094e+01,2.136728e+01,2.126423e+01,2.129859e+01,2.131233e+01,2.133294e+01,2.138101e+01,2.127110e+01,2.130546e+01,2.127110e+01,2.128485e+01,2.131233e+01,2.123674e+01,2.129172e+01,2.134668e+01,2.127798e+01,2.136041e+01,2.135355e+01,2.132607e+01,2.141533e+01,2.136041e+01,2.128485e+01,2.136041e+01,2.130546e+01,2.140847e+01,2.131920e+01,2.138788e+01,2.128485e+01,2.135355e+01,2.133981e+01,2.123674e+01,2.136041e+01,2.122986e+01,2.133981e+01,2.133294e+01,2.140161e+01,2.133294e+01,2.133981e+01,2.144278e+01,2.138101e+01,2.135355e+01,2.136041e+01,2.133981e+01,2.134668e+01,2.129172e+01,2.131920e+01,2.134668e+01,2.136041e+01,2.137415e+01,2.134668e+01,2.135355e+01,2.136041e+01,2.132607e+01,2.133294e+01,2.142220e+01,2.133981e+01,2.136041e+01,2.142220e+01,2.133294e+01,2.133981e+01,2.133294e+01,2.132607e+01,2.141533e+01,2.131233e+01,2.136041e+01,2.131233e+01,2.135355e+01,2.138101e+01,2.138101e+01,2.138101e+01,2.136041e+01,2.139474e+01,2.132607e+01,2.133294e+01,2.134668e+01,2.131233e+01,2.125048e+01,2.132607e+01,2.130546e+01,2.136041e+01,2.138101e+01,2.142906e+01,2.117484e+01,2.144964e+01,2.134668e+01,2.141533e+01,2.138101e+01,2.131233e+01,2.138788e+01,2.136041e+01,2.139474e+01,2.131920e+01,2.129172e+01,2.129859e+01,2.139474e+01,2.128485e+01,2.138101e+01,2.134668e+01,2.138101e+01,2.134668e+01,2.137415e+01,2.129172e+01,2.138101e+01,2.142220e+01,2.140847e+01,2.140161e+01,2.141533e+01,2.139474e+01,2.142220e+01,2.148394e+01,2.136728e+01,2.140847e+01,2.140161e+01,2.141533e+01,2.140847e+01,2.134668e+01,2.134668e+01,2.137415e+01,2.138101e+01,2.140161e+01,2.136728e+01,2.138101e+01,2.140847e+01,2.139474e+01,2.133981e+01,2.150451e+01,2.126423e+01,2.142220e+01,2.140847e+01,2.142220e+01,2.140847e+01,2.144964e+01,2.147708e+01,2.140161e+01,2.134668e+01,2.130546e+01,2.131233e+01,2.135355e+01,2.129172e+01,2.144278e+01,2.134668e+01,2.135355e+01,2.128485e+01,2.128485e+01,2.133294e+01,2.130546e+01,2.118172e+01,2.130546e+01,2.112667e+01,2.076123e+01,2.037366e+01,2.027654e+01,2.004027e+01,2.017237e+01,2.006114e+01,1.991496e+01,1.999156e+01,1.997068e+01,2.004723e+01,1.999156e+01,1.997764e+01,2.017237e+01,2.071978e+01,2.103716e+01,2.069213e+01,2.029736e+01,2.006114e+01,2.001940e+01,1.997068e+01,2.002636e+01,1.999156e+01,2.017237e+01,2.053303e+01,2.111979e+01,2.124361e+01,2.129859e+01,2.128485e+01,2.131233e+01,2.128485e+01,2.136041e+01,2.119548e+01,2.133981e+01,2.128485e+01,2.123674e+01,2.120235e+01,2.125048e+01,2.132607e+01,2.125736e+01,2.133294e+01,2.127110e+01,2.118860e+01,2.127798e+01,2.124361e+01,2.116796e+01,2.129172e+01,2.119548e+01,2.109914e+01,2.104405e+01,2.075432e+01,2.067139e+01,2.033899e+01,1.999156e+01,2.000548e+01,2.011677e+01,1.979647e+01,1.985225e+01,1.985225e+01,1.983831e+01,1.988013e+01,1.989407e+01,1.988013e+01,1.988013e+01,1.982437e+01,1.993586e+01,1.978950e+01,1.979647e+01,1.981042e+01,1.969181e+01,1.976858e+01,1.969181e+01,1.977555e+01,1.985225e+01,1.975462e+01,1.976858e+01,1.969181e+01,1.977555e+01,1.988013e+01,1.985225e+01,1.976160e+01,1.991496e+01,1.991496e+01,1.988710e+01,1.988710e+01,1.987316e+01,1.997764e+01,1.999156e+01,2.001244e+01,2.000548e+01,1.992193e+01,2.000548e+01,1.998460e+01,1.992193e+01,1.997764e+01,1.997764e+01,1.996371e+01,1.998460e+01,1.999156e+01,2.002636e+01,1.994283e+01,2.004723e+01,1.994283e+01,2.005419e+01,2.008896e+01,2.019321e+01,2.080957e+01,2.114044e+01,2.120235e+01,2.118172e+01,2.111979e+01,2.116796e+01,2.118172e+01,2.120923e+01,2.123674e+01,2.123674e+01,2.130546e+01,2.123674e+01,2.129859e+01,2.134668e+01,2.131920e+01,2.133294e+01,2.142906e+01,2.147022e+01,2.142220e+01,2.156621e+01,2.141533e+01,2.156621e+01,2.142906e+01,2.151137e+01,2.153194e+01,2.155250e+01,2.155936e+01,2.147022e+01,2.152508e+01,2.138788e+01,2.153194e+01,2.141533e+01,2.136728e+01,2.136728e+01,2.135355e+01,2.129172e+01,2.094757e+01,2.031818e+01,2.001244e+01,2.001940e+01,1.977555e+01,1.983831e+01,1.973369e+01,1.988013e+01,1.971973e+01,1.974067e+01,1.971973e+01,1.974764e+01,1.974067e+01,1.975462e+01,1.971973e+01,1.973369e+01,1.974764e+01,1.977555e+01,1.978253e+01,1.978950e+01,1.976858e+01,1.981740e+01,1.983831e+01,1.982437e+01,1.985922e+01,1.982437e+01,1.981042e+01,1.984528e+01,1.983831e+01,1.985922e+01,1.986619e+01,1.990800e+01,1.992890e+01,1.992193e+01,1.993586e+01,2.008201e+01,2.013068e+01,2.024877e+01,2.012372e+01,2.033205e+01,2.028348e+01,2.049148e+01,2.083028e+01,2.107160e+01,2.118172e+01,2.113355e+01,2.127110e+01,2.119548e+01,2.124361e+01,2.120235e+01,2.122986e+01,2.118860e+01,2.120923e+01,2.125736e+01,2.115420e+01,2.115420e+01,2.113355e+01,2.074051e+01,2.062990e+01,2.046377e+01,2.055379e+01,2.043605e+01,2.040140e+01,2.064374e+01,2.082338e+01,2.106471e+01,2.126423e+01,2.117484e+01,2.129172e+01,2.130546e+01,2.125736e+01,2.118860e+01,2.108537e+01,2.058840e+01,2.026266e+01,2.007505e+01,1.999852e+01,2.009591e+01,1.992193e+01,1.992193e+01,1.990103e+01,1.990103e+01,1.988013e+01,1.989407e+01,1.981740e+01,1.981740e+01,1.990103e+01,1.983831e+01,1.981042e+01,1.982437e+01,1.990103e+01,1.990103e+01,1.982437e+01,1.979647e+01,1.983831e+01,1.980345e+01,1.981042e+01,1.978950e+01,1.983134e+01,1.978253e+01,1.979647e+01,1.980345e+01,1.983831e+01,1.983831e+01,1.986619e+01,1.984528e+01,1.979647e+01,1.984528e+01,2.059531e+01,2.076814e+01,2.103027e+01,2.105094e+01,2.111291e+01,2.110602e+01,2.110602e+01,2.116108e+01,2.116108e+01,2.114044e+01,2.113355e+01,2.106471e+01,2.103027e+01,2.107848e+01,2.118172e+01,2.109225e+01,2.114732e+01,2.107848e+01,2.109225e+01,2.112667e+01,2.109914e+01,2.105094e+01,2.112667e+01,2.116108e+01,2.115420e+01,2.119548e+01,2.118860e+01,2.120923e+01,2.116108e+01,2.117484e+01,2.116108e+01,2.115420e+01,2.142220e+01,2.119548e+01,2.122298e+01,2.125048e+01,2.114732e+01,2.125736e+01,2.114044e+01,2.114044e+01,2.110602e+01,2.122986e+01,2.116796e+01,2.114732e+01,2.114732e+01,2.117484e+01,2.117484e+01,2.118860e+01,2.113355e+01,2.121611e+01,2.118172e+01,2.118860e+01,2.119548e+01,2.120235e+01,2.117484e+01,2.122986e+01,2.112667e+01,2.118860e+01,2.119548e+01,2.125736e+01,2.117484e+01,2.122298e+01,2.111291e+01,2.112667e+01,2.117484e+01,2.120923e+01,2.116108e+01,2.113355e+01,2.120235e+01,2.115420e+01,2.115420e+01,2.119548e+01,2.114732e+01,2.115420e+01,2.118860e+01,2.118172e+01,2.120235e+01,2.116108e+01,2.109225e+01,2.110602e+01,2.115420e+01,2.101649e+01,2.108537e+01,2.098203e+01,2.103027e+01,2.101649e+01,2.102338e+01,2.109225e+01,2.107848e+01,2.105094e+01,2.111291e+01,2.099582e+01,2.109225e+01,2.103716e+01,2.109914e+01,2.100960e+01,2.111291e+01,2.109225e+01,2.096825e+01,2.109914e+01,2.098203e+01,2.103027e+01,2.104405e+01,2.100271e+01,2.097514e+01,2.103716e+01,2.097514e+01,2.108537e+01,2.103027e+01,2.093377e+01,2.103716e+01,2.100960e+01,2.098893e+01,2.111291e+01,2.093377e+01,2.102338e+01,2.096135e+01,2.108537e+01,2.098203e+01,2.096825e+01,2.096135e+01,2.091998e+01,2.106471e+01,2.104405e+01,2.106471e+01,2.105782e+01,2.119548e+01,2.105094e+01,2.103027e+01,2.097514e+01,2.101649e+01,2.097514e+01,2.100960e+01,2.100271e+01,2.097514e+01,2.113355e+01,2.109225e+01,2.095446e+01,2.100271e+01,2.104405e+01,2.109225e+01,2.091308e+01,2.091308e+01,2.091998e+01,2.095446e+01,2.094067e+01,2.096825e+01,2.109225e+01,2.095446e+01,2.096135e+01,2.114732e+01,2.095446e+01,2.097514e+01,2.108537e+01,2.103027e+01,2.103027e+01,2.118172e+01,2.109225e+01
2.114732e+01,2.114044e+01,2.109225e+01,2.089239e+01,2.112667e+01,2.102338e+01,2.109225e+01,2.116108e+01,2.117484e+01,2.114044e+01,2.111291e+01,2.103716e+01,2.100271e+01,2.113355e+01,2.114732e+01,2.105782e+01,2.107160e+01,2.110602e+01,2.113355e+01,2.110602e+01,2.112667e+01,2.114044e+01,2.109914e+01,2.113355e+01,2.108537e+01,2.108537e+01,2.109225e+01,2.101649e+01,2.122298e+01,2.114044e+01,2.103027e+01,2.109914e+01,2.108537e+01,2.110602e+01,2.103716e+01,2.109225e+01,2.103716e+01,2.109914e+01,2.112667e+01,2.110602e+01,2.107160e+01,2.119548e+01,2.119548e+01,2.114044e+01,2.116796e+01,2.115420e+01,2.119548e+01,2.118860e+01,2.120923e+01,2.122986e+01,2.111979e+01,2.109225e+01,2.114732e+01,2.118172e+01,2.115420e+01,2.105094e+01,2.105094e+01,2.107160e+01,2.116796e+01,2.129859e+01,2.110602e+01,2.116796e+01,2.114732e+01,2.120235e+01,2.123674e+01,2.118860e+01,2.121611e+01,2.108537e+01,2.112667e+01,2.120235e+01,2.122986e+01,2.119548e+01,2.111979e+01,2.116796e+01,2.118172e+01,2.122986e+01,2.118172e+01,2.117484e+01,2.125048e+01,2.118860e+01,2.107848e+01,2.138101e+01,2.125736e+01,2.123674e+01,2.139474e+01,2.116796e+01,2.136041e+01,2.128485e+01,2.129859e+01,2.133981e+01,2.126423e+01,2.136728e+01,2.131920e+01,2.125736e+01,2.129172e+01,2.136728e+01,2.130546e+01,2.133981e+01,2.133981e+01,2.134668e+01,2.136041e+01,2.125736e+01,2.125736e+01,2.126423e+01,2.127798e+01,2.140847e+01,2.128485e+01,2.140161e+01,2.135355e+01,2.134668e+01,2.140847e+01,2.144964e+01,2.126423e+01,2.136728e+01,2.136041e+01,2.126423e+01,2.137415e+01,2.136728e+01,2.133294e+01,2.133294e+01,2.140161e+01,2.140161e+01,2.139474e+01,2.140161e+01,2.135355e+01,2.136728e+01,2.133981e+01,2.142220e+01,2.132607e+01,2.128485e+01,2.133294e+01,2.127110e+01,2.133294e+01,2.131920e+01,2.127110e+01,2.133981e+01,2.133981e+01,2.138101e+01,2.133294e+01,2.133981e+01,2.134668e+01,2.135355e+01,2.134668e+01,2.142906e+01,2.142906e+01,2.141533e+01,2.131920e+01,2.128485e+01,2.139474e+01,2.127110e+01,2.129859e+01,2.129859e+01,2.131233e+01,2.130546e+01,2.129859e+01,2.128485e+01,2.134668e+01,2.131233e+01,2.137415e+01,2.140847e+01,2.132607e+01,2.142906e+01,2.126423e+01,2.141533e+01,2.142220e+01,2.140847e+01,2.140161e+01,2.134668e+01,2.140161e+01,2.130546e+01,2.129859e+01,2.131920e+01,2.134668e+01,2.132607e+01,2.124361e+01,2.126423e+01,2.142220e+01,2.138788e+01,2.140161e+01,2.135355e+01,2.140847e+01,2.137415e+01,2.139474e+01,2.138101e+01,2.149766e+01,2.141533e+01,2.140847e+01,2.138788e+01,2.158677e+01,2.139474e+01,2.142906e+01,2.134668e+01,2.142220e+01,2.133981e+01,2.144964e+01,2.129172e+01,2.144278e+01,2.143592e+01,2.136728e+01,2.140847e+01,2.133294e+01,2.140161e+01,2.130546e+01,2.139474e+01,2.135355e+01,2.141533e+01,2.140161e+01,2.141533e+01,2.134668e+01,2.135355e+01,2.135355e+01,2.138788e+01,2.132607e+01,2.130546e+01,2.131233e+01,2.130546e+01,2.136041e+01,2.136728e+01,2.134668e+01,2.131233e+01,2.136041e+01,2.129859e+01,2.130546e+01,2.131920e+01,2.128485e+01,2.126423e+01,2.131233e+01,2.127110e+01,2.133981e+01,2.129859e+01,2.130546e+01,2.111291e+01,2.101649e+01,2.044991e+01,2.013763e+01,2.016542e+01,2.003332e+01,2.003332e+01,2.012372e+01,1.997764e+01,1.985922e+01,1.999156e+01,2.008896e+01,2.000548e+01,1.999852e+01,2.022794e+01,2.062990e+01,2.068522e+01,2.042219e+01,1.994283e+01,1.999156e+01,1.985922e+01,1.982437e+01,2.011677e+01,1.999852e+01,2.015153e+01,2.013068e+01,2.094067e+01,2.127110e+01,2.129172e+01,2.129859e+01,2.124361e+01,2.128485e+01,2.135355e+01,2.118860e+01,2.131233e+01,2.125048e+01,2.128485e+01,2.131920e+01,2.124361e+01,2.129172e+01,2.131920e+01,2.130546e+01,2.129172e+01,2.127798e+01,2.130546e+01,2.120923e+01,2.126423e+01,2.135355e+01,2.119548e+01,2.105782e+01,2.074742e+01,2.030430e+01,2.004723e+01,2.002636e+01,1.999852e+01,2.002636e+01,2.000548e+01,1.999852e+01,2.000548e+01,1.991496e+01,2.007505e+01,1.986619e+01,1.997068e+01,1.990103e+01,1.987316e+01,1.987316e+01,1.981740e+01,1.989407e+01,1.986619e+01,1.979647e+01,1.976858e+01,1.976858e+01,1.976160e+01,1.975462e+01,1.973369e+01,1.969181e+01,1.984528e+01,1.981042e+01,1.985922e+01,1.985225e+01,1.981740e+01,1.977555e+01,1.992890e+01,1.992890e+01,1.992890e+01,1.988710e+01,1.996371e+01,1.990800e+01,1.997764e+01,1.999852e+01,1.997764e+01,1.997068e+01,1.992193e+01,1.997068e+01,1.996371e+01,1.991496e+01,1.993586e+01,1.997068e+01,1.997068e+01,1.999852e+01,1.996371e+01,1.994979e+01,2.005419e+01,1.994979e+01,1.999156e+01,1.999852e+01,2.001244e+01,2.035980e+01,2.077505e+01,2.105782e+01,2.118860e+01,2.117484e+01,2.116796e+01,2.111979e+01,2.101649e+01,2.116796e+01,2.118860e+01,2.120923e+01,2.121611e+01,2.137415e+01,2.136041e+01,2.139474e+01,2.133981e+01,2.140161e+01,2.143592e+01,2.149080e+01,2.146336e+01,2.157306e+01,2.159362e+01,2.157306e+01,2.164157e+01,2.156621e+01,2.150451e+01,2.152508e+01,2.153194e+01,2.155936e+01,2.153880e+01,2.155250e+01,2.144278e+01,2.142906e+01,2.131233e+01,2.137415e+01,2.122298e+01,2.071978e+01,2.026960e+01,1.993586e+01,1.996371e+01,1.985922e+01,1.983831e+01,1.983134e+01,1.983831e+01,1.973369e+01,1.978950e+01,1.974067e+01,1.971275e+01,1.974764e+01,1.973369e+01,1.974764e+01,1.969879e+01,1.981740e+01,1.975462e+01,1.975462e+01,1.978950e+01,1.980345e+01,1.981042e+01,1.995675e+01,1.985922e+01,1.983134e+01,1.997764e+01,1.990103e+01,1.995675e+01,1.985225e+01,1.991496e+01,1.992890e+01,1.995675e+01,2.011677e+01,1.990103e+01,1.994283e+01,2.001940e+01,2.011677e+01,2.013068e+01,2.032512e+01,2.013763e+01,2.023489e+01,2.035980e+01,2.071978e+01,2.106471e+01,2.108537e+01,2.122986e+01,2.112667e+01,2.125736e+01,2.122986e+01,2.117484e+01,2.141533e+01,2.122298e+01,2.110602e+01,2.111291e+01,2.111979e+01,2.124361e+01,2.096135e+01,2.067831e+01,2.048455e+01,2.057456e+01,2.058148e+01,2.057456e+01,2.069213e+01,2.081648e+01,2.111291e+01,2.105782e+01,2.107848e+01,2.125048e+01,2.128485e+01,2.130546e+01,2.120235e+01,2.125048e+01,2.112667e+01,2.096135e+01,2.049840e+01,2.007505e+01,1.997068e+01,2.002636e+01,2.000548e+01,1.993586e+01,1.993586e+01,1.991496e+01,1.988710e+01,1.988710e+01,1.972671e+01,1.990800e+01,1.980345e+01,1.988013e+01,1.988013e+01,1.988013e+01,1.972671e+01,1.980345e+01,1.982437e+01,1.981740e+01,1.979647e+01,1.983831e+01,1.978950e+01,1.997068e+01,1.975462e+01,1.984528e+01,1.990103e+01,1.986619e+01,1.988710e+01,1.974067e+01,1.982437e+01,1.981042e+01,1.981042e+01,2.004027e+01,2.038753e+01,2.076123e+01,2.105782e+01,2.111291e+01,2.110602e+01,2.116108e+01,2.119548e+01,2.117484e+01,2.123674e+01,2.114732e+01,2.111979e+01,2.115420e+01,2.108537e+01,2.116796e+01,2.122986e+01,2.112667e+01,2.116108e+01,2.114732e+01,2.120923e+01,2.120235e+01,2.128485e+01,2.119548e+01,2.117484e+01,2.117484e+01,2.115420e+01,2.118172e+01,2.120235e+01,2.121611e+01,2.120235e+01,2.123674e+01,2.125736e+01,2.125736e+01,2.116108e+01,2.118860e+01,2.121611e+01,2.133294e+01,2.112667e+01,2.121611e+01,2.114044e+01,2.123674e+01,2.119548e+01,2.117484e+01,2.119548e+01,2.121611e+01,2.115420e+01,2.107848e+01,2.115420e+01,2.127798e+01,2.117484e+01,2.115420e+01,2.131920e+01,2.119548e+01,2.119548e+01,2.117484e+01,2.119548e+01,2.119548e+01,2.120923e+01,2.116108e+01,2.117484e+01,2.118860e+01,2.114732e+01,2.117484e+01,2.105094e+01,2.116796e+01,2.124361e+01,2.127110e+01,2.108537e+01,2.120923e+01,2.121611e+01,2.112667e+01,2.119548e+01,2.118860e+01,2.120235e+01,2.109225e+01,2.119548e+01,2.112667e+01,2.111979e+01,2.119548e+01,2.115420e+01,2.104405e+01,2.115420e+01,2.113355e+01,2.125736e+01,2.100960e+01,2.109225e+01,2.103027e+01,2.100960e+01,2.103716e+01,2.101649e+01,2.100960e+01,2.110602e+01,2.101649e+01,2.096135e+01,2.116796e+01,2.105782e+01,2.103027e+01,2.111979e+01,2.109914e+01,2.109225e+01,2.111979e+01,2.089239e+01,2.103716e+01,2.100960e+01,2.111979e+01,2.107160e+01,2.111291e+01,2.091998e+01,2.104405e+01,2.103027e+01,2.101649e+01,2.096135e+01,2.098203e+01,2.103716e+01,2.107160e+01,2.095446e+01,2.096825e+01,2.111291e+01,2.108537e+01,2.099582e+01,2.114044e+01,2.095446e+01,2.100960e+01,2.107848e+01,2.100960e+01,2.099582e+01,2.102338e+01,2.099582e+01,2.104405e+01,2.098203e+01,2.105782e+01,2.098203e+01,2.097514e+01,2.111979e+01,2.114732e+01,2.100271e+01,2.102338e+01,2.096825e+01,2.091998e+01,2.107160e+01,2.103716e+01,2.112667e+01,2.106471e+01,2.091308e+01,2.112667e+01,2.103716e+01,2.097514e+01,2.105094e+01,2.114732e+01,2.095446e+01,2.112667e+01,2.105782e+01,2.110602e+01,2.115420e+01,2.109914e+01,2.106471e+01,2.105094e+01,2.104405e+01,2.095446e+01
2.107160e+01,2.107160e+01,2.100960e+01,2.109225e+01,2.105094e+01,2.103716e+01,2.106471e+01,2.102338e+01,2.114732e+01,2.098893e+01,2.100271e+01,2.118172e+01,2.113355e+01,2.117484e+01,2.112667e+01,2.113355e+01,2.105094e+01,2.111291e+01,2.109225e+01,2.109914e+01,2.098203e+01,2.111291e+01,2.112667e+01,2.113355e+01,2.109914e+01,2.114044e+01,2.102338e+01,2.107160e+01,2.109914e+01,2.109225e+01,2.105094e+01,2.103027e+01,2.109914e+01,2.110602e+01,2.111979e+01,2.105782e+01,2.110602e+01,2.109914e+01,2.111291e+01,2.109225e+01,2.109914e+01,2.118172e+01,2.120923e+01,2.103716e+01,2.121611e+01,2.116108e+01,2.115420e+01,2.111291e+01,2.109914e+01,2.114732e+01,2.111979e+01,2.113355e+01,2.119548e+01,2.114732e+01,2.118860e+01,2.117484e+01,2.104405e+01,2.107160e+01,2.110602e+01,2.128485e+01,2.109225e+01,2.113355e+01,2.114044e+01,2.116796e+01,2.120235e+01,2.111979e+01,2.114044e+01,2.113355e+01,2.116796e+01,2.114732e+01,2.113355e+01,2.114044e+01,2.115420e+01,2.114044e+01,2.132607e+01,2.116796e+01,2.133294e+01,2.119548e+01,2.118172e+01,2.128485e+01,2.114732e+01,2.136728e+01,2.125048e+01,2.135355e+01,2.125048e+01,2.120923e+01,2.125736e+01,2.126423e+01,2.125736e+01,2.136728e+01,2.133294e+01,2.134668e+01,2.130546e+01,2.131233e+01,2.133294e+01,2.132607e+01,2.129859e+01,2.129172e+01,2.129172e+01,2.136728e+01,2.134668e+01,2.131233e+01,2.125736e+01,2.142220e+01,2.127798e+01,2.128485e+01,2.131233e+01,2.140847e+01,2.122986e+01,2.132607e+01,2.134668e+01,2.138788e+01,2.136041e+01,2.131920e+01,2.134668e+01,2.134668e+01,2.129859e+01,2.131233e+01,2.125048e+01,2.125048e+01,2.133981e+01,2.139474e+01,2.133294e+01,2.134668e+01,2.133294e+01,2.135355e+01,2.135355e+01,2.140847e+01,2.136728e+01,2.133294e+01,2.136728e+01,2.140161e+01,2.125048e+01,2.145650e+01,2.128485e+01,2.131920e+01,2.127110e+01,2.130546e+01,2.132607e+01,2.135355e+01,2.133981e+01,2.126423e+01,2.134668e+01,2.133981e+01,2.132607e+01,2.133294e+01,2.127110e+01,2.132607e+01,2.127110e+01,2.137415e+01,2.127798e+01,2.133981e+01,2.129859e+01,2.136041e+01,2.134668e+01,2.136041e+01,2.133294e+01,2.141533e+01,2.133294e+01,2.131920e+01,2.126423e+01,2.135355e+01,2.129859e+01,2.127798e+01,2.143592e+01,2.138101e+01,2.135355e+01,2.145650e+01,2.140161e+01,2.131233e+01,2.142906e+01,2.133294e+01,2.133294e+01,2.136041e+01,2.136728e+01,2.136041e+01,2.134668e+01,2.131233e+01,2.136041e+01,2.138788e+01,2.142220e+01,2.136041e+01,2.140161e+01,2.142906e+01,2.143592e+01,2.124361e+01,2.139474e+01,2.140847e+01,2.140161e+01,2.139474e+01,2.147708e+01,2.141533e+01,2.142220e+01,2.133981e+01,2.144278e+01,2.127798e+01,2.135355e+01,2.139474e+01,2.133981e+01,2.138101e+01,2.132607e+01,2.133981e+01,2.135355e+01,2.135355e+01,2.136728e+01,2.136041e+01,2.141533e+01,2.132607e+01,2.131920e+01,2.134668e+01,2.133981e+01,2.136728e+01,2.140161e+01,2.121611e+01,2.127798e+01,2.132607e+01,2.131233e+01,2.132607e+01,2.135355e+01,2.134668e+01,2.125048e+01,2.127110e+01,2.125048e+01,2.132607e+01,2.131920e+01,2.133294e+01,2.136728e+01,2.129859e+01,2.126423e+01,2.117484e+01,2.129172e+01,2.111291e+01,2.069213e+01,2.022100e+01,2.009591e+01,2.006114e+01,2.007505e+01,2.001940e+01,1.994979e+01,1.995675e+01,1.992193e+01,2.003332e+01,1.998460e+01,1.999852e+01,1.992890e+01,2.002636e+01,2.046377e+01,2.004027e+01,2.008201e+01,1.996371e+01,1.998460e+01,1.991496e+01,1.992193e+01,1.994979e+01,1.994979e+01,2.006810e+01,2.001940e+01,2.071287e+01,2.131233e+01,2.132607e+01,2.126423e+01,2.127110e+01,2.121611e+01,2.120923e+01,2.120235e+01,2.123674e+01,2.125736e+01,2.123674e+01,2.127110e+01,2.130546e+01,2.131233e+01,2.125048e+01,2.132607e+01,2.127798e+01,2.120923e+01,2.122986e+01,2.128485e+01,2.115420e+01,2.109225e+01,2.105094e+01,2.031124e+01,2.015848e+01,2.004027e+01,2.008896e+01,1.990103e+01,1.995675e+01,1.999852e+01,1.997764e+01,1.987316e+01,1.985225e+01,1.985225e+01,1.986619e+01,1.985225e+01,1.983831e+01,2.003332e+01,1.997764e+01,1.982437e+01,1.974067e+01,1.978950e+01,1.981042e+01,1.979647e+01,1.975462e+01,1.969181e+01,1.980345e+01,1.975462e+01,1.978950e+01,1.976160e+01,1.987316e+01,1.984528e+01,1.977555e+01,1.984528e+01,1.983831e+01,1.996371e+01,1.989407e+01,1.994283e+01,1.993586e+01,1.997764e+01,1.999852e+01,1.999156e+01,1.998460e+01,1.998460e+01,1.999156e+01,2.008896e+01,1.997764e+01,1.994283e+01,1.990800e+01,1.998460e+01,1.999852e+01,1.998460e+01,1.995675e+01,1.997068e+01,1.996371e+01,1.999852e+01,2.001940e+01,1.998460e+01,1.997068e+01,2.001940e+01,2.006114e+01,1.999852e+01,2.017932e+01,2.057456e+01,2.089929e+01,2.091998e+01,2.057456e+01,2.035980e+01,2.034592e+01,2.049148e+01,2.100960e+01,2.120235e+01,2.120235e+01,2.127798e+01,2.132607e+01,2.134668e+01,2.133981e+01,2.134668e+01,2.139474e+01,2.147022e+01,2.145650e+01,2.155936e+01,2.150451e+01,2.153194e+01,2.160732e+01,2.157991e+01,2.158677e+01,2.162102e+01,2.152508e+01,2.160732e+01,2.160732e+01,2.143592e+01,2.148394e+01,2.147022e+01,2.136728e+01,2.134668e+01,2.102338e+01,2.071978e+01,2.031124e+01,1.992890e+01,1.994283e+01,1.988013e+01,1.995675e+01,1.982437e+01,1.983831e+01,1.971275e+01,1.982437e+01,1.976160e+01,1.969879e+01,1.971973e+01,1.974067e+01,1.969879e+01,1.973369e+01,1.967785e+01,1.975462e+01,1.978253e+01,1.975462e+01,1.980345e+01,1.983134e+01,1.982437e+01,1.982437e+01,1.984528e+01,1.984528e+01,1.993586e+01,1.991496e+01,2.002636e+01,1.994283e+01,1.994979e+01,2.007505e+01,1.995675e+01,2.003332e+01,2.010287e+01,2.007505e+01,2.013763e+01,2.021405e+01,2.017237e+01,2.030430e+01,2.031124e+01,2.049148e+01,2.050533e+01,2.074742e+01,2.109914e+01,2.119548e+01,2.125736e+01,2.116108e+01,2.115420e+01,2.118172e+01,2.122986e+01,2.108537e+01,2.122298e+01,2.109225e+01,2.109914e+01,2.080957e+01,2.068522e+01,2.047762e+01,2.047762e+01,2.044298e+01,2.059531e+01,2.068522e+01,2.102338e+01,2.105094e+01,2.118860e+01,2.127110e+01,2.112667e+01,2.120235e+01,2.117484e+01,2.123674e+01,2.105094e+01,2.122298e+01,2.122298e+01,2.094757e+01,2.068522e+01,2.024877e+01,2.022100e+01,2.003332e+01,2.001244e+01,1.992890e+01,1.992890e+01,2.006114e+01,1.994979e+01,1.982437e+01,1.981042e+01,1.983134e+01,1.985922e+01,1.977555e+01,1.964991e+01,1.983134e+01,1.976160e+01,1.978950e+01,1.979647e+01,1.978253e+01,1.983831e+01,1.980345e+01,1.977555e+01,1.983831e+01,1.981042e+01,1.978253e+01,1.972671e+01,1.988710e+01,1.969181e+01,1.981740e+01,1.979647e+01,1.984528e+01,1.976858e+01,1.992890e+01,2.031124e+01,2.061607e+01,2.092688e+01,2.098203e+01,2.107160e+01,2.111979e+01,2.116108e+01,2.115420e+01,2.114044e+01,2.098893e+01,2.102338e+01,2.115420e+01,2.113355e+01,2.111291e+01,2.118172e+01,2.120923e+01,2.122298e+01,2.114044e+01,2.114732e+01,2.112667e+01,2.120923e+01,2.115420e+01,2.120923e+01,2.116796e+01,2.118172e+01,2.116108e+01,2.118860e+01,2.120923e+01,2.118172e+01,2.111979e+01,2.129859e+01,2.124361e+01,2.124361e+01,2.120923e+01,2.122298e+01,2.119548e+01,2.119548e+01,2.114044e+01,2.113355e+01,2.114732e+01,2.123674e+01,2.118172e+01,2.114732e+01,2.120235e+01,2.116108e+01,2.111291e+01,2.116108e+01,2.119548e+01,2.119548e+01,2.116108e+01,2.121611e+01,2.118860e+01,2.114732e+01,2.120923e+01,2.116108e+01,2.111291e+01,2.119548e+01,2.116796e+01,2.117484e+01,2.118172e+01,2.120923e+01,2.125736e+01,2.115420e+01,2.117484e+01,2.117484e+01,2.122298e+01,2.118172e+01,2.115420e+01,2.114732e+01,2.116108e+01,2.113355e+01,2.118172e+01,2.121611e+01,2.121611e+01,2.118172e+01,2.111291e+01,2.107160e+01,2.105782e+01,2.114044e+01,2.123674e+01,2.110602e+01,2.112667e+01,2.105782e+01,2.111291e+01,2.098893e+01,2.109225e+01,2.103027e+01,2.107160e+01,2.104405e+01,2.105782e+01,2.105094e+01,2.104405e+01,2.096825e+01,2.109225e+01,2.109914e+01,2.109914e+01,2.105782e+01,2.110602e+01,2.111291e+01,2.107160e+01,2.104405e+01,2.098203e+01,2.101649e+01,2.109914e+01,2.101649e+01,2.112667e+01,2.105094e+01,2.103716e+01,2.103716e+01,2.099582e+01,2.099582e+01,2.109225e+01,2.096825e+01,2.098203e+01,2.107160e+01,2.098203e+01,2.096135e+01,2.099582e+01,2.098893e+01,2.096825e+01,2.103027e+01,2.098893e+01,2.100271e+01,2.100271e+01,2.105782e+01,2.106471e+01,2.108537e+01,2.100960e+01,2.107160e+01,2.099582e+01,2.111291e+01,2.099582e+01,2.098203e+01,2.112667e+01,2.109225e+01,2.108537e+01,2.103027e+01,2.110602e+01,2.105094e+01,2.098893e+01,2.113355e+01,2.107160e+01,2.109914e+01,2.107848e+01,2.105782e+01,2.102338e+01,2.100271e+01,2.111291e+01,2.100960e+01,2.111291e+01,2.108537e+01,2.103027e+01,2.115420e+01,2.112667e+01,2.102338e+01,2.114044e+01,2.105782e+01,2.111979e+01
2.109225e+01,2.107160e+01,2.111291e+01,2.112667e+01,2.096135e+01,2.114732e+01,2.105094e+01,2.104405e+01,2.109914e+01,2.109914e+01,2.108537e+01,2.105094e+01,2.132607e+01,2.104405e+01,2.116796e+01,2.111291e+01,2.113355e+01,2.115420e+01,2.096825e+01,2.105094e+01,2.103716e+01,2.115420e+01,2.106471e+01,2.107160e+01,2.105094e+01,2.107160e+01,2.109914e+01,2.110602e+01,2.109225e+01,2.109225e+01,2.114732e+01,2.108537e+01,2.111291e+01,2.109914e+01,2.109914e+01,2.109914e+01,2.094757e+01,2.111979e+01,2.114732e+01,2.111979e+01,2.109914e+01,2.114044e+01,2.123674e+01,2.118860e+01,2.120235e+01,2.111979e+01,2.125736e+01,2.114044e+01,2.112667e+01,2.118172e+01,2.118860e+01,2.117484e+01,2.119548e+01,2.114732e+01,2.111979e+01,2.116796e+01,2.116108e+01,2.119548e+01,2.129859e+01,2.111979e+01,2.110602e+01,2.125736e+01,2.124361e+01,2.120235e+01,2.107848e+01,2.122986e+01,2.117484e+01,2.114732e+01,2.113355e+01,2.112667e+01,2.119548e+01,2.118860e+01,2.119548e+01,2.120235e+01,2.114732e+01,2.126423e+01,2.131233e+01,2.120923e+01,2.129859e+01,2.121611e+01,2.118860e+01,2.119548e+01,2.123674e+01,2.118172e+01,2.125736e+01,2.120235e+01,2.122986e+01,2.133981e+01,2.136728e+01,2.122986e+01,2.133294e+01,2.133294e+01,2.136041e+01,2.133294e+01,2.131920e+01,2.136041e+01,2.141533e+01,2.131233e+01,2.137415e+01,2.140161e+01,2.136728e+01,2.137415e+01,2.123674e+01,2.141533e+01,2.142220e+01,2.139474e+01,2.140847e+01,2.135355e+01,2.138101e+01,2.137415e+01,2.140847e+01,2.138788e+01,2.135355e+01,2.125736e+01,2.132607e+01,2.134668e+01,2.133294e+01,2.131920e+01,2.123674e+01,2.135355e+01,2.134668e+01,2.134668e+01,2.137415e+01,2.129859e+01,2.131233e+01,2.138101e+01,2.130546e+01,2.138101e+01,2.136728e+01,2.115420e+01,2.122986e+01,2.139474e+01,2.132607e+01,2.140847e+01,2.134668e+01,2.131920e+01,2.147708e+01,2.131920e+01,2.133294e+01,2.136041e+01,2.142906e+01,2.134668e+01,2.142906e+01,2.133981e+01,2.126423e+01,2.133981e+01,2.130546e+01,2.135355e+01,2.144278e+01,2.140847e+01,2.138101e+01,2.133294e+01,2.129172e+01,2.136041e+01,2.129859e+01,2.134668e+01,2.133294e+01,2.133981e+01,2.136041e+01,2.133981e+01,2.127798e+01,2.136728e+01,2.137415e+01,2.141533e+01,2.138101e+01,2.138788e+01,2.134668e+01,2.142906e+01,2.141533e+01,2.138101e+01,2.140847e+01,2.138101e+01,2.137415e+01,2.136041e+01,2.135355e+01,2.132607e+01,2.132607e+01,2.145650e+01,2.134668e+01,2.136041e+01,2.134668e+01,2.137415e+01,2.142906e+01,2.137415e+01,2.138101e+01,2.141533e+01,2.123674e+01,2.140161e+01,2.130546e+01,2.132607e+01,2.149766e+01,2.135355e+01,2.145650e+01,2.131233e+01,2.129859e+01,2.147022e+01,2.140161e+01,2.139474e+01,2.143592e+01,2.130546e+01,2.136041e+01,2.132607e+01,2.143592e+01,2.133294e+01,2.142220e+01,2.136041e+01,2.138101e+01,2.136728e+01,2.133294e+01,2.126423e+01,2.136728e+01,2.137415e+01,2.138101e+01,2.125048e+01,2.127798e+01,2.127798e+01,2.126423e+01,2.133981e+01,2.131920e+01,2.132607e+01,2.126423e+01,2.126423e+01,2.114044e+01,2.124361e+01,2.121611e+01,2.132607e+01,2.124361e+01,2.124361e+01,2.121611e+01,2.132607e+01,2.119548e+01,2.088549e+01,2.022794e+01,2.020016e+01,2.024877e+01,2.006114e+01,2.005419e+01,2.006810e+01,2.003332e+01,2.014458e+01,2.011677e+01,1.990800e+01,2.013068e+01,1.996371e+01,1.990103e+01,2.001940e+01,2.001940e+01,2.001940e+01,1.997068e+01,1.989407e+01,2.004027e+01,1.988013e+01,1.999156e+01,1.997068e+01,1.999852e+01,1.997068e+01,2.006114e+01,2.040833e+01,2.100960e+01,2.131920e+01,2.135355e+01,2.118860e+01,2.122298e+01,2.131920e+01,2.136728e+01,2.128485e+01,2.118172e+01,2.129172e+01,2.129172e+01,2.129859e+01,2.129859e+01,2.121611e+01,2.129172e+01,2.126423e+01,2.131920e+01,2.120235e+01,2.113355e+01,2.118860e+01,2.082338e+01,2.024183e+01,2.029736e+01,2.005419e+01,1.999156e+01,2.004723e+01,2.004027e+01,2.003332e+01,2.003332e+01,2.000548e+01,1.996371e+01,1.986619e+01,1.997764e+01,1.997764e+01,1.997764e+01,1.985225e+01,1.984528e+01,1.991496e+01,1.982437e+01,1.981042e+01,1.980345e+01,1.983134e+01,1.971973e+01,1.974764e+01,1.972671e+01,1.972671e+01,1.975462e+01,1.985225e+01,1.973369e+01,1.984528e+01,1.985225e+01,1.983134e+01,1.988710e+01,1.983831e+01,1.990103e+01,1.995675e+01,1.995675e+01,1.994283e+01,1.995675e+01,2.004723e+01,1.997764e+01,1.999156e+01,1.998460e+01,2.001244e+01,1.998460e+01,2.001244e+01,1.994979e+01,1.999156e+01,2.001244e+01,1.986619e+01,1.985922e+01,2.002636e+01,2.010287e+01,1.992890e+01,1.997068e+01,2.005419e+01,2.004027e+01,2.001940e+01,1.999852e+01,2.002636e+01,2.000548e+01,1.999156e+01,2.011677e+01,2.026266e+01,2.011677e+01,2.006810e+01,2.008201e+01,2.008896e+01,2.029736e+01,2.054687e+01,2.116108e+01,2.133981e+01,2.120235e+01,2.133981e+01,2.133294e+01,2.129172e+01,2.133981e+01,2.138101e+01,2.149766e+01,2.149080e+01,2.160047e+01,2.153880e+01,2.147022e+01,2.166211e+01,2.160732e+01,2.158677e+01,2.162102e+01,2.160732e+01,2.150451e+01,2.149080e+01,2.144964e+01,2.147708e+01,2.140847e+01,2.141533e+01,2.134668e+01,2.134668e+01,2.098893e+01,2.043605e+01,2.008896e+01,1.985225e+01,1.982437e+01,1.974067e+01,1.988710e+01,1.985922e+01,1.980345e+01,1.981042e+01,1.967785e+01,1.974764e+01,1.975462e+01,1.969879e+01,1.968483e+01,1.985225e+01,1.976160e+01,1.974067e+01,1.971275e+01,1.990103e+01,1.980345e+01,1.980345e+01,1.984528e+01,1.983831e+01,1.985225e+01,1.987316e+01,1.985922e+01,1.998460e+01,2.003332e+01,2.006114e+01,2.002636e+01,2.006810e+01,1.997764e+01,2.005419e+01,2.021405e+01,2.024183e+01,2.032512e+01,2.053995e+01,2.050533e+01,2.056763e+01,2.049148e+01,2.040833e+01,2.042912e+01,2.076814e+01,2.104405e+01,2.112667e+01,2.119548e+01,2.122298e+01,2.122298e+01,2.120235e+01,2.122986e+01,2.114732e+01,2.112667e+01,2.116108e+01,2.081648e+01,2.051225e+01,2.051918e+01,2.050533e+01,2.049148e+01,2.056071e+01,2.058840e+01,2.103027e+01,2.114044e+01,2.119548e+01,2.122986e+01,2.120235e+01,2.128485e+01,2.117484e+01,2.121611e+01,2.126423e+01,2.125048e+01,2.123674e+01,2.123674e+01,2.115420e+01,2.091308e+01,2.064374e+01,2.025571e+01,2.003332e+01,2.007505e+01,1.991496e+01,1.994283e+01,2.008201e+01,1.994979e+01,1.988710e+01,1.995675e+01,1.976858e+01,1.985922e+01,1.983831e+01,1.985225e+01,1.985922e+01,1.975462e+01,1.987316e+01,1.981740e+01,1.976858e+01,1.976160e+01,1.982437e+01,1.985225e+01,1.981042e+01,1.981740e+01,1.978253e+01,1.988013e+01,1.980345e+01,1.984528e+01,1.988013e+01,1.983134e+01,1.978950e+01,1.988710e+01,1.987316e+01,1.992890e+01,2.042219e+01,2.091308e+01,2.109914e+01,2.110602e+01,2.110602e+01,2.108537e+01,2.117484e+01,2.116108e+01,2.116796e+01,2.108537e+01,2.114044e+01,2.106471e+01,2.119548e+01,2.121611e+01,2.109914e+01,2.118172e+01,2.119548e+01,2.123674e+01,2.127110e+01,2.127110e+01,2.118860e+01,2.117484e+01,2.117484e+01,2.117484e+01,2.120235e+01,2.117484e+01,2.122986e+01,2.119548e+01,2.120235e+01,2.125736e+01,2.133981e+01,2.121611e+01,2.120923e+01,2.120235e+01,2.129859e+01,2.127798e+01,2.125736e+01,2.124361e+01,2.124361e+01,2.120235e+01,2.116796e+01,2.117484e+01,2.114732e+01,2.116796e+01,2.114044e+01,2.118860e+01,2.127798e+01,2.126423e+01,2.118172e+01,2.119548e+01,2.118172e+01,2.121611e+01,2.118860e+01,2.122298e+01,2.121611e+01,2.118172e+01,2.116108e+01,2.121611e+01,2.118172e+01,2.109225e+01,2.115420e+01,2.120923e+01,2.117484e+01,2.113355e+01,2.121611e+01,2.122986e+01,2.105782e+01,2.118172e+01,2.118860e+01,2.118860e+01,2.121611e+01,2.114732e+01,2.111291e+01,2.113355e+01,2.118172e+01,2.104405e+01,2.114732e+01,2.118172e+01,2.109914e+01,2.110602e+01,2.105782e+01,2.111979e+01,2.097514e+01,2.099582e+01,2.113355e+01,2.096825e+01,2.107848e+01,2.094757e+01,2.104405e+01,2.103027e+01,2.098203e+01,2.096135e+01,2.090619e+01,2.107160e+01,2.098203e+01,2.109225e+01,2.097514e+01,2.101649e+01,2.109225e+01,2.109914e+01,2.104405e+01,2.107848e+01,2.109914e+01,2.107160e+01,2.106471e+01,2.104405e+01,2.104405e+01,2.107160e+01,2.104405e+01,2.107848e+01,2.106471e+01,2.105094e+01,2.116796e+01,2.107848e+01,2.097514e+01,2.107848e+01,2.097514e+01,2.096825e+01,2.100960e+01,2.099582e+01,2.096135e+01,2.100960e+01,2.114044e+01,2.108537e+01,2.107848e+01,2.098203e+01,2.108537e+01,2.107848e+01,2.104405e+01,2.111291e+01,2.111979e+01,2.106471e+01,2.098203e+01,2.107160e+01,2.116796e+01,2.100271e+01,2.107848e+01,2.103716e+01,2.102338e+01,2.109225e+01,2.111979e+01,2.114732e+01,2.103027e+01,2.100271e+01,2.096825e+01,2.100271e+01,2.108537e+01,2.113355e+01,2.109914e+01,2.093377e+01,2.111979e+01,2.115420e+01,2.107160e+01,2.101649e+01,2.107160e+01,2.113355e+01,2.109914e+01
2.109914e+01,2.107160e+01,2.113355e+01,2.102338e+01,2.109914e+01,2.109914e+01,2.109914e+01,2.118172e+01,2.111979e+01,2.107848e+01,2.113355e+01,2.116108e+01,2.122298e+01,2.111291e+01,2.117484e+01,2.104405e+01,2.102338e+01,2.103716e+01,2.103716e+01,2.109225e+01,2.107848e+01,2.105094e+01,2.106471e+01,2.114732e+01,2.114732e+01,2.107848e+01,2.108537e+01,2.108537e+01,2.109914e+01,2.110602e+01,2.088549e+01,2.109914e+01,2.112667e+01,2.103027e+01,2.109225e+01,2.114044e+01,2.106471e+01,2.111291e+01,2.110602e+01,2.105782e+01,2.114044e+01,2.100271e+01,2.124361e+01,2.118172e+01,2.117484e+01,2.120923e+01,2.119548e+01,2.118860e+01,2.116796e+01,2.114732e+01,2.120923e+01,2.118172e+01,2.116796e+01,2.116796e+01,2.118172e+01,2.120923e+01,2.122298e+01,2.115420e+01,2.131233e+01,2.101649e+01,2.113355e+01,2.107848e+01,2.133294e+01,2.114044e+01,2.116796e+01,2.123674e+01,2.119548e+01,2.113355e+01,2.122298e+01,2.117484e+01,2.112667e+01,2.120923e+01,2.111979e+01,2.120923e+01,2.125736e+01,2.117484e+01,2.123674e+01,2.123674e+01,2.120235e+01,2.103027e+01,2.138788e+01,2.123674e+01,2.118172e+01,2.127798e+01,2.127110e+01,2.131920e+01,2.119548e+01,2.121611e+01,2.119548e+01,2.125736e+01,2.129859e+01,2.140847e+01,2.133981e+01,2.125048e+01,2.131233e+01,2.131233e+01,2.127798e+01,2.133981e+01,2.132607e+01,2.129172e+01,2.125736e+01,2.118860e+01,2.135355e+01,2.133294e+01,2.127110e+01,2.130546e+01,2.140161e+01,2.139474e+01,2.129859e+01,2.134668e+01,2.141533e+01,2.136728e+01,2.133981e+01,2.129859e+01,2.130546e+01,2.133981e+01,2.133981e+01,2.138788e+01,2.136041e+01,2.138101e+01,2.136041e+01,2.128485e+01,2.131233e+01,2.133294e+01,2.136041e+01,2.129172e+01,2.133981e+01,2.136728e+01,2.136728e+01,2.134668e+01,2.138788e+01,2.143592e+01,2.136728e+01,2.133294e+01,2.131233e+01,2.148394e+01,2.132607e+01,2.133294e+01,2.136041e+01,2.135355e+01,2.141533e+01,2.125048e+01,2.135355e+01,2.135355e+01,2.131920e+01,2.133981e+01,2.131233e+01,2.139474e+01,2.122298e+01,2.136041e+01,2.126423e+01,2.143592e+01,2.136041e+01,2.130546e+01,2.136728e+01,2.135355e+01,2.140161e+01,2.138788e+01,2.133294e+01,2.133294e+01,2.136728e+01,2.142220e+01,2.123674e+01,2.140847e+01,2.138788e+01,2.139474e+01,2.144278e+01,2.138101e+01,2.138788e+01,2.140161e+01,2.141533e+01,2.146336e+01,2.140847e+01,2.140161e+01,2.135355e+01,2.133294e+01,2.140847e+01,2.144278e+01,2.138788e+01,2.130546e+01,2.142906e+01,2.144964e+01,2.138101e+01,2.138788e+01,2.136041e+01,2.140847e+01,2.138101e+01,2.134668e+01,2.139474e+01,2.140161e+01,2.139474e+01,2.141533e+01,2.149080e+01,2.157991e+01,2.140161e+01,2.134668e+01,2.132607e+01,2.134668e+01,2.136728e+01,2.135355e+01,2.134668e+01,2.134668e+01,2.142220e+01,2.133294e+01,2.132607e+01,2.136041e+01,2.136728e+01,2.138788e+01,2.129172e+01,2.142220e+01,2.130546e+01,2.137415e+01,2.124361e+01,2.131920e+01,2.127798e+01,2.124361e+01,2.132607e+01,2.134668e+01,2.128485e+01,2.132607e+01,2.122298e+01,2.099582e+01,2.100271e+01,2.120235e+01,2.100271e+01,2.104405e+01,2.096135e+01,2.096135e+01,2.101649e+01,2.111979e+01,2.117484e+01,2.063682e+01,2.022100e+01,2.020711e+01,2.016542e+01,2.000548e+01,2.013068e+01,2.004723e+01,1.999156e+01,2.004723e+01,2.009591e+01,1.994979e+01,2.007505e+01,2.006114e+01,1.995675e+01,2.000548e+01,2.003332e+01,1.983831e+01,2.001940e+01,2.000548e+01,1.997068e+01,1.994979e+01,1.990103e+01,1.988013e+01,2.001940e+01,1.999852e+01,1.994283e+01,2.008896e+01,2.102338e+01,2.120923e+01,2.129859e+01,2.133294e+01,2.125048e+01,2.135355e+01,2.135355e+01,2.131233e+01,2.132607e+01,2.135355e+01,2.129859e+01,2.129172e+01,2.127798e+01,2.131233e+01,2.130546e+01,2.125048e+01,2.119548e+01,2.116108e+01,2.118172e+01,2.078886e+01,2.024183e+01,2.017932e+01,2.013763e+01,2.009591e+01,2.008896e+01,2.000548e+01,1.994979e+01,2.000548e+01,2.004027e+01,2.000548e+01,2.001940e+01,1.999156e+01,1.988710e+01,1.996371e+01,1.998460e+01,1.985225e+01,1.994979e+01,1.984528e+01,1.981042e+01,1.983831e+01,1.977555e+01,1.978950e+01,1.979647e+01,1.972671e+01,1.973369e+01,1.976160e+01,1.968483e+01,1.978950e+01,1.985922e+01,1.982437e+01,1.985225e+01,1.980345e+01,1.986619e+01,1.992890e+01,1.993586e+01,1.995675e+01,1.995675e+01,1.996371e+01,1.999852e+01,1.999156e+01,2.006810e+01,2.004027e+01,2.001940e+01,1.998460e+01,2.010982e+01,2.007505e+01,2.001940e+01,1.995675e+01,2.001244e+01,2.001940e+01,2.002636e+01,2.001940e+01,1.995675e+01,2.001940e+01,2.000548e+01,2.001940e+01,2.002636e+01,2.002636e+01,2.002636e+01,2.004027e+01,1.997764e+01,1.999156e+01,1.995675e+01,1.997764e+01,2.013068e+01,1.996371e+01,1.997068e+01,2.009591e+01,2.007505e+01,2.011677e+01,2.088549e+01,2.116108e+01,2.130546e+01,2.129859e+01,2.126423e+01,2.131233e+01,2.131233e+01,2.145650e+01,2.140847e+01,2.147022e+01,2.154565e+01,2.160047e+01,2.155250e+01,2.158677e+01,2.160047e+01,2.160732e+01,2.161417e+01,2.156621e+01,2.162787e+01,2.152508e+01,2.151137e+01,2.144964e+01,2.143592e+01,2.131920e+01,2.142220e+01,2.139474e+01,2.133981e+01,2.081648e+01,2.040833e+01,2.000548e+01,1.992890e+01,1.985922e+01,1.978253e+01,1.982437e+01,1.979647e+01,1.981042e+01,1.973369e+01,1.971973e+01,1.974067e+01,1.980345e+01,1.973369e+01,1.975462e+01,1.975462e+01,1.976858e+01,1.974067e+01,1.983134e+01,1.988710e+01,1.984528e+01,1.983831e+01,1.981740e+01,1.984528e+01,1.991496e+01,1.992193e+01,1.991496e+01,2.001940e+01,1.996371e+01,2.002636e+01,1.997764e+01,2.000548e+01,2.014458e+01,2.022100e+01,2.024183e+01,2.072669e+01,2.091998e+01,2.094067e+01,2.065757e+01,2.062299e+01,2.043605e+01,2.045684e+01,2.052610e+01,2.097514e+01,2.109914e+01,2.120235e+01,2.107848e+01,2.120923e+01,2.123674e+01,2.122986e+01,2.121611e+01,2.105094e+01,2.085099e+01,2.050533e+01,2.056071e+01,2.048455e+01,2.051225e+01,2.049148e+01,2.065757e+01,2.078195e+01,2.114044e+01,2.116796e+01,2.125048e+01,2.125736e+01,2.125736e+01,2.118172e+01,2.116796e+01,2.116796e+01,2.133294e+01,2.121611e+01,2.127110e+01,2.118172e+01,2.118172e+01,2.114044e+01,2.077505e+01,2.049148e+01,2.025571e+01,2.010287e+01,1.992890e+01,1.992193e+01,1.992193e+01,1.990800e+01,1.987316e+01,1.983134e+01,1.982437e+01,1.983831e+01,1.983134e+01,1.976160e+01,1.989407e+01,1.977555e+01,1.978950e+01,1.976160e+01,1.982437e+01,1.975462e+01,1.978253e+01,1.978253e+01,1.978950e+01,1.978950e+01,1.978950e+01,1.979647e+01,1.981740e+01,1.977555e+01,1.981740e+01,1.974067e+01,1.984528e+01,1.989407e+01,1.979647e+01,1.979647e+01,2.029042e+01,2.091998e+01,2.108537e+01,2.120235e+01,2.119548e+01,2.115420e+01,2.120923e+01,2.127110e+01,2.112667e+01,2.112667e+01,2.118860e+01,2.116108e+01,2.112667e+01,2.114732e+01,2.123674e+01,2.109914e+01,2.120923e+01,2.121611e+01,2.124361e+01,2.121611e+01,2.118860e+01,2.116796e+01,2.116796e+01,2.125048e+01,2.118860e+01,2.114732e+01,2.122298e+01,2.116108e+01,2.118172e+01,2.125048e+01,2.127110e+01,2.122298e+01,2.121611e+01,2.120235e+01,2.107160e+01,2.132607e+01,2.114044e+01,2.118860e+01,2.116796e+01,2.119548e+01,2.118172e+01,2.120923e+01,2.118172e+01,2.116796e+01,2.126423e+01,2.111979e+01,2.118172e+01,2.116796e+01,2.114044e+01,2.122298e+01,2.113355e+01,2.117484e+01,2.127110e+01,2.111291e+01,2.123674e+01,2.111291e+01,2.108537e+01,2.120923e+01,2.123674e+01,2.120923e+01,2.116108e+01,2.116108e+01,2.116796e+01,2.119548e+01,2.109914e+01,2.114732e+01,2.117484e+01,2.114044e+01,2.118860e+01,2.116108e+01,2.113355e+01,2.118860e+01,2.121611e+01,2.118860e+01,2.114044e+01,2.112667e+01,2.109914e+01,2.119548e+01,2.110602e+01,2.111291e+01,2.125048e+01,2.108537e+01,2.097514e+01,2.102338e+01,2.095446e+01,2.094757e+01,2.104405e+01,2.096825e+01,2.105782e+01,2.098893e+01,2.103027e+01,2.100271e+01,2.102338e+01,2.102338e+01,2.099582e+01,2.113355e+01,2.110602e+01,2.108537e+01,2.110602e+01,2.118860e+01,2.104405e+01,2.107848e+01,2.103716e+01,2.100960e+01,2.106471e+01,2.106471e+01,2.108537e+01,2.105782e+01,2.110602e+01,2.099582e+01,2.109914e+01,2.115420e+01,2.104405e+01,2.109225e+01,2.113355e+01,2.116796e+01,2.107160e+01,2.101649e+01,2.109914e+01,2.102338e+01,2.111979e+01,2.109914e+01,2.103716e+01,2.106471e+01,2.100960e+01,2.106471e+01,2.105094e+01,2.107848e+01,2.107160e+01,2.103027e+01,2.096825e+01,2.098893e+01,2.116796e+01,2.114044e+01,2.116108e+01,2.090619e+01,2.101649e+01,2.116108e+01,2.116108e+01,2.103027e+01,2.105782e+01,2.105782e+01,2.109225e+01,2.105094e+01,2.105782e+01,2.108537e+01,2.111979e+01,2.103716e+01,2.116108e+01,2.111979e+01,2.114044e+01,2.107848e+01,2.109914e+01,2.106471e+01,2.103716e+01,2.116796e+01,2.110602e+01
2.107160e+01,2.118860e+01,2.107160e+01,2.116796e+01,2.104405e+01,2.103716e+01,2.109914e+01,2.114044e+01,2.100960e+01,2.117484e+01,2.105094e+01,2.105094e+01,2.105094e+01,2.103716e+01,2.113355e+01,2.113355e+01,2.111979e+01,2.113355e+01,2.107848e+01,2.100960e+01,2.103716e+01,2.105782e+01,2.105782e+01,2.106471e+01,2.092688e+01,2.110602e+01,2.111291e+01,2.107160e+01,2.107160e+01,2.107848e+01,2.102338e+01,2.121611e+01,2.111979e+01,2.106471e+01,2.108537e+01,2.109914e+01,2.109914e+01,2.110602e+01,2.117484e+01,2.109225e+01,2.107848e+01,2.107160e+01,2.116796e+01,2.123674e+01,2.122298e+01,2.113355e+01,2.118172e+01,2.109914e+01,2.111979e+01,2.112667e+01,2.120923e+01,2.117484e+01,2.119548e+01,2.107848e+01,2.114044e+01,2.118172e+01,2.109225e+01,2.112667e+01,2.119548e+01,2.106471e+01,2.104405e+01,2.109225e+01,2.111979e+01,2.125736e+01,2.118860e+01,2.112667e+01,2.118860e+01,2.120235e+01,2.117484e+01,2.117484e+01,2.113355e+01,2.126423e+01,2.115420e+01,2.125048e+01,2.118172e+01,2.116796e+01,2.119548e+01,2.114044e+01,2.114044e+01,2.118172e+01,2.111291e+01,2.109225e+01,2.122298e+01,2.122298e+01,2.125736e+01,2.127798e+01,2.117484e+01,2.122986e+01,2.136041e+01,2.135355e+01,2.115420e+01,2.131920e+01,2.138101e+01,2.134668e+01,2.129859e+01,2.126423e+01,2.131920e+01,2.133294e+01,2.135355e+01,2.136041e+01,2.130546e+01,2.125048e+01,2.134668e+01,2.132607e+01,2.126423e+01,2.142220e+01,2.139474e+01,2.128485e+01,2.127110e+01,2.126423e+01,2.133981e+01,2.137415e+01,2.133981e+01,2.131233e+01,2.133294e+01,2.134668e+01,2.133294e+01,2.134668e+01,2.134668e+01,2.133981e+01,2.134668e+01,2.129859e+01,2.127110e+01,2.132607e+01,2.133294e+01,2.142906e+01,2.130546e+01,2.136728e+01,2.136728e+01,2.126423e+01,2.136728e+01,2.138101e+01,2.140161e+01,2.128485e+01,2.134668e+01,2.135355e+01,2.129859e+01,2.132607e+01,2.132607e+01,2.130546e+01,2.133981e+01,2.129859e+01,2.140161e+01,2.135355e+01,2.132607e+01,2.136728e+01,2.138788e+01,2.122298e+01,2.126423e+01,2.138101e+01,2.139474e+01,2.127110e+01,2.132607e+01,2.125736e+01,2.135355e+01,2.133981e+01,2.132607e+01,2.131920e+01,2.138788e+01,2.132607e+01,2.137415e+01,2.139474e+01,2.140161e+01,2.142220e+01,2.140161e+01,2.139474e+01,2.123674e+01,2.143592e+01,2.144964e+01,2.128485e+01,2.140847e+01,2.131920e+01,2.136728e+01,2.125048e+01,2.132607e+01,2.133981e+01,2.143592e+01,2.139474e+01,2.135355e+01,2.139474e+01,2.148394e+01,2.141533e+01,2.138788e+01,2.122986e+01,2.134668e+01,2.139474e+01,2.143592e+01,2.140847e+01,2.126423e+01,2.141533e+01,2.143592e+01,2.131920e+01,2.133981e+01,2.140161e+01,2.129172e+01,2.140847e+01,2.136728e+01,2.130546e+01,2.141533e+01,2.128485e+01,2.140847e+01,2.136041e+01,2.133294e+01,2.141533e+01,2.131920e+01,2.129172e+01,2.133294e+01,2.132607e+01,2.132607e+01,2.127798e+01,2.131920e+01,2.130546e+01,2.133981e+01,2.116796e+01,2.121611e+01,2.133981e+01,2.109914e+01,2.116796e+01,2.114732e+01,2.094757e+01,2.073360e+01,2.083028e+01,2.046377e+01,2.046377e+01,2.042912e+01,2.042219e+01,2.044991e+01,2.042219e+01,2.055379e+01,2.093377e+01,2.085789e+01,2.050533e+01,2.024183e+01,2.006114e+01,2.015153e+01,2.008201e+01,2.002636e+01,2.007505e+01,2.004027e+01,1.997068e+01,2.004027e+01,1.994979e+01,1.998460e+01,2.001940e+01,2.008201e+01,1.999156e+01,2.004027e+01,2.001940e+01,2.000548e+01,1.997068e+01,1.997068e+01,1.997764e+01,1.992890e+01,1.999852e+01,1.991496e+01,1.993586e+01,2.006114e+01,2.011677e+01,2.076814e+01,2.129172e+01,2.130546e+01,2.128485e+01,2.136041e+01,2.124361e+01,2.137415e+01,2.133294e+01,2.131920e+01,2.132607e+01,2.133294e+01,2.130546e+01,2.130546e+01,2.129172e+01,2.124361e+01,2.128485e+01,2.121611e+01,2.105782e+01,2.080957e+01,2.028348e+01,2.010982e+01,2.010287e+01,2.006114e+01,2.004027e+01,1.997764e+01,2.006114e+01,2.003332e+01,2.002636e+01,2.001940e+01,2.000548e+01,2.001244e+01,1.999156e+01,1.994979e+01,1.994979e+01,1.987316e+01,1.993586e+01,2.000548e+01,1.983831e+01,1.980345e+01,1.978950e+01,1.978950e+01,1.977555e+01,1.983831e+01,1.981740e+01,1.981740e+01,1.972671e+01,1.956606e+01,1.983831e+01,1.972671e+01,1.980345e+01,1.975462e+01,1.985922e+01,1.993586e+01,1.995675e+01,1.994979e+01,1.995675e+01,1.994283e+01,1.994283e+01,1.992890e+01,2.001940e+01,1.999852e+01,2.001244e+01,2.003332e+01,2.004723e+01,2.003332e+01,2.002636e+01,1.998460e+01,2.010287e+01,2.001940e+01,2.001244e+01,2.001940e+01,2.002636e+01,2.003332e+01,2.002636e+01,1.990800e+01,2.001244e+01,1.998460e+01,2.004723e+01,1.998460e+01,1.990800e+01,1.997068e+01,1.996371e+01,1.995675e+01,2.015848e+01,1.996371e+01,2.001244e+01,1.997068e+01,1.992890e+01,2.009591e+01,2.001244e+01,2.080267e+01,2.117484e+01,2.118860e+01,2.103027e+01,2.096825e+01,2.071287e+01,2.059531e+01,2.128485e+01,2.141533e+01,2.151823e+01,2.160047e+01,2.162102e+01,2.162787e+01,2.161417e+01,2.164157e+01,2.157991e+01,2.163472e+01,2.144964e+01,2.157306e+01,2.144278e+01,2.150451e+01,2.140847e+01,2.149766e+01,2.141533e+01,2.142220e+01,2.140161e+01,2.140161e+01,2.111979e+01,2.065065e+01,2.030430e+01,2.015153e+01,1.988710e+01,1.988710e+01,1.977555e+01,1.974067e+01,1.978950e+01,1.996371e+01,1.973369e+01,1.976160e+01,1.976858e+01,1.979647e+01,1.978950e+01,1.978950e+01,1.975462e+01,1.974067e+01,1.975462e+01,1.986619e+01,1.987316e+01,1.990800e+01,1.982437e+01,1.991496e+01,1.988013e+01,1.983134e+01,1.998460e+01,2.001940e+01,1.992193e+01,2.008201e+01,1.985225e+01,2.001244e+01,2.005419e+01,2.031124e+01,2.085789e+01,2.109225e+01,2.109225e+01,2.119548e+01,2.087859e+01,2.053303e+01,2.052610e+01,2.048455e+01,2.054687e+01,2.092688e+01,2.111979e+01,2.122298e+01,2.119548e+01,2.119548e+01,2.122986e+01,2.120923e+01,2.114732e+01,2.086479e+01,2.051918e+01,2.051225e+01,2.047070e+01,2.044991e+01,2.062990e+01,2.079576e+01,2.107848e+01,2.109225e+01,2.119548e+01,2.114044e+01,2.123674e+01,2.127798e+01,2.116796e+01,2.131233e+01,2.116796e+01,2.130546e+01,2.106471e+01,2.121611e+01,2.124361e+01,2.122986e+01,2.123674e+01,2.119548e+01,2.115420e+01,2.077505e+01,2.053303e+01,2.031124e+01,2.024183e+01,2.011677e+01,1.991496e+01,2.007505e+01,1.982437e+01,2.001940e+01,1.988013e+01,1.978950e+01,1.984528e+01,1.980345e+01,1.981740e+01,1.976858e+01,1.979647e+01,1.985225e+01,1.967086e+01,1.964293e+01,1.978253e+01,1.985922e+01,1.979647e+01,1.977555e+01,1.976858e+01,1.978950e+01,1.990800e+01,1.983134e+01,1.982437e+01,1.974764e+01,1.980345e+01,1.976858e+01,1.982437e+01,1.997764e+01,2.026266e+01,2.058840e+01,2.091308e+01,2.111291e+01,2.113355e+01,2.109914e+01,2.118860e+01,2.114732e+01,2.128485e+01,2.111979e+01,2.116796e+01,2.105094e+01,2.116796e+01,2.116796e+01,2.130546e+01,2.118860e+01,2.118860e+01,2.119548e+01,2.118172e+01,2.118172e+01,2.121611e+01,2.121611e+01,2.111979e+01,2.116796e+01,2.120923e+01,2.115420e+01,2.118860e+01,2.118172e+01,2.120235e+01,2.120235e+01,2.122986e+01,2.120923e+01,2.120923e+01,2.118860e+01,2.118860e+01,2.118172e+01,2.120235e+01,2.111291e+01,2.115420e+01,2.118860e+01,2.116108e+01,2.119548e+01,2.114732e+01,2.118860e+01,2.118860e+01,2.120923e+01,2.116796e+01,2.111979e+01,2.119548e+01,2.117484e+01,2.114044e+01,2.129859e+01,2.127110e+01,2.117484e+01,2.121611e+01,2.120235e+01,2.120235e+01,2.108537e+01,2.111291e+01,2.124361e+01,2.114732e+01,2.110602e+01,2.118172e+01,2.125048e+01,2.105094e+01,2.108537e+01,2.114732e+01,2.115420e+01,2.111979e+01,2.112667e+01,2.116796e+01,2.117484e+01,2.118860e+01,2.116108e+01,2.115420e+01,2.119548e+01,2.113355e+01,2.117484e+01,2.109225e+01,2.107848e+01,2.107848e+01,2.116796e+01,2.096825e+01,2.114044e+01,2.103027e+01,2.089239e+01,2.094757e+01,2.099582e+01,2.093377e+01,2.109225e+01,2.100960e+01,2.102338e+01,2.096825e+01,2.098893e+01,2.098203e+01,2.107848e+01,2.100271e+01,2.109225e+01,2.109914e+01,2.107160e+01,2.103716e+01,2.110602e+01,2.105094e+01,2.107848e+01,2.101649e+01,2.109914e+01,2.105094e+01,2.109914e+01,2.103716e+01,2.113355e+01,2.109225e+01,2.112667e+01,2.100960e+01,2.105782e+01,2.100271e+01,2.116108e+01,2.103716e+01,2.100271e+01,2.098893e+01,2.107848e+01,2.102338e+01,2.105094e+01,2.107848e+01,2.104405e+01,2.102338e+01,2.107160e+01,2.103027e+01,2.109914e+01,2.103716e+01,2.095446e+01,2.098893e+01,2.110602e+01,2.103027e+01,2.115420e+01,2.098893e+01,2.088549e+01,2.092688e+01,2.107160e+01,2.117484e+01,2.109914e+01,2.098893e+01,2.102338e+01,2.110602e+01,2.106471e+01,2.110602e+01,2.105094e+01,2.103027e+01,2.103716e+01,2.116108e+01,2.112667e+01,2.116108e+01,2.114044e+01,2.109225e+01,2.110602e+01,2.107160e+01,2.103716e+01,2.107848e+01
2.109914e+01,2.107160e+01,2.118172e+01,2.105094e+01,2.108537e+01,2.102338e+01,2.103027e+01,2.103716e+01,2.114044e+01,2.116108e+01,2.116108e+01,2.103027e+01,2.114732e+01,2.103716e+01,2.108537e+01,2.105094e+01,2.105094e+01,2.109914e+01,2.103716e+01,2.098203e+01,2.104405e+01,2.102338e+01,2.111291e+01,2.112667e+01,2.110602e+01,2.112667e+01,2.110602e+01,2.109914e+01,2.104405e+01,2.112667e+01,2.107160e+01,2.103027e+01,2.104405e+01,2.104405e+01,2.121611e+01,2.110602e+01,2.111979e+01,2.116796e+01,2.104405e+01,2.112667e+01,2.107160e+01,2.120235e+01,2.118172e+01,2.098203e+01,2.120923e+01,2.120923e+01,2.119548e+01,2.120235e+01,2.101649e+01,2.111291e+01,2.118860e+01,2.118172e+01,2.117484e+01,2.122298e+01,2.114044e+01,2.116796e+01,2.121611e+01,2.120235e+01,2.109225e+01,2.133294e+01,2.105782e+01,2.113355e+01,2.105782e+01,2.116108e+01,2.111979e+01,2.115420e+01,2.126423e+01,2.114732e+01,2.115420e+01,2.113355e+01,2.122298e+01,2.124361e+01,2.112667e+01,2.128485e+01,2.125736e+01,2.114732e+01,2.127110e+01,2.114732e+01,2.127110e+01,2.114732e+01,2.116796e+01,2.118860e+01,2.122986e+01,2.120923e+01,2.122298e+01,2.122298e+01,2.126423e+01,2.118860e+01,2.140847e+01,2.127110e+01,2.127110e+01,2.138788e+01,2.139474e+01,2.130546e+01,2.131233e+01,2.125048e+01,2.136728e+01,2.134668e+01,2.134668e+01,2.127798e+01,2.136041e+01,2.132607e+01,2.139474e+01,2.130546e+01,2.133981e+01,2.145650e+01,2.147708e+01,2.138788e+01,2.124361e+01,2.135355e+01,2.137415e+01,2.137415e+01,2.133294e+01,2.131920e+01,2.129172e+01,2.147022e+01,2.134668e+01,2.138101e+01,2.140847e+01,2.135355e+01,2.138101e+01,2.123674e+01,2.133981e+01,2.131920e+01,2.128485e+01,2.136728e+01,2.133981e+01,2.133294e+01,2.137415e+01,2.137415e+01,2.137415e+01,2.136728e+01,2.131233e+01,2.133294e+01,2.132607e+01,2.132607e+01,2.144278e+01,2.127798e+01,2.144964e+01,2.131233e+01,2.127110e+01,2.132607e+01,2.139474e+01,2.133981e+01,2.120923e+01,2.138101e+01,2.130546e+01,2.135355e+01,2.142220e+01,2.134668e+01,2.136041e+01,2.140847e+01,2.132607e+01,2.137415e+01,2.132607e+01,2.127798e+01,2.136728e+01,2.134668e+01,2.133981e+01,2.140161e+01,2.139474e+01,2.132607e+01,2.142906e+01,2.139474e+01,2.133294e+01,2.142220e+01,2.138788e+01,2.146336e+01,2.145650e+01,2.140847e+01,2.127798e+01,2.136041e+01,2.140161e+01,2.138101e+01,2.139474e+01,2.136041e+01,2.136041e+01,2.136041e+01,2.143592e+01,2.135355e+01,2.140161e+01,2.141533e+01,2.141533e+01,2.147708e+01,2.140161e+01,2.149080e+01,2.132607e+01,2.143592e+01,2.140847e+01,2.130546e+01,2.139474e+01,2.133981e+01,2.139474e+01,2.132607e+01,2.131920e+01,2.131233e+01,2.155936e+01,2.139474e+01,2.136041e+01,2.142220e+01,2.133294e+01,2.140161e+01,2.131920e+01,2.129859e+01,2.129859e+01,2.132607e+01,2.134668e+01,2.135355e+01,2.131233e+01,2.127798e+01,2.123674e+01,2.128485e+01,2.110602e+01,2.113355e+01,2.109225e+01,2.123674e+01,2.106471e+01,2.075432e+01,2.071978e+01,2.072669e+01,2.046377e+01,2.029042e+01,2.040833e+01,2.024183e+01,2.029736e+01,2.038753e+01,2.026960e+01,2.024183e+01,2.040833e+01,2.049840e+01,2.058840e+01,2.024183e+01,2.020711e+01,2.006810e+01,2.018627e+01,2.016542e+01,2.008201e+01,2.006810e+01,2.006114e+01,2.006810e+01,2.010982e+01,1.998460e+01,1.996371e+01,2.002636e+01,2.006810e+01,2.002636e+01,2.004027e+01,2.006114e+01,2.002636e+01,1.993586e+01,1.997764e+01,2.000548e+01,2.001244e+01,2.000548e+01,1.997068e+01,2.012372e+01,2.001940e+01,2.021405e+01,2.078195e+01,2.121611e+01,2.127798e+01,2.129172e+01,2.127798e+01,2.132607e+01,2.133981e+01,2.131920e+01,2.131920e+01,2.130546e+01,2.129172e+01,2.132607e+01,2.129859e+01,2.115420e+01,2.128485e+01,2.127110e+01,2.118860e+01,2.103716e+01,2.028348e+01,2.020016e+01,2.016542e+01,2.005419e+01,2.005419e+01,2.004027e+01,2.001940e+01,2.006810e+01,1.999852e+01,2.006114e+01,2.008896e+01,2.003332e+01,1.998460e+01,2.001940e+01,1.998460e+01,1.994283e+01,1.994979e+01,1.992890e+01,1.985922e+01,1.990103e+01,1.979647e+01,1.978950e+01,1.985922e+01,1.978253e+01,1.976858e+01,1.976858e+01,1.988710e+01,1.979647e+01,1.976160e+01,1.986619e+01,1.981042e+01,1.977555e+01,1.984528e+01,1.984528e+01,1.986619e+01,1.994283e+01,1.995675e+01,1.994283e+01,1.997068e+01,1.993586e+01,2.008896e+01,2.006810e+01,1.985922e+01,2.008896e+01,1.998460e+01,2.005419e+01,2.006114e+01,2.005419e+01,1.997764e+01,1.998460e+01,1.997764e+01,2.014458e+01,2.000548e+01,2.003332e+01,2.003332e+01,2.006810e+01,2.001244e+01,1.994979e+01,2.007505e+01,2.004027e+01,1.997764e+01,2.000548e+01,1.999852e+01,2.002636e+01,1.994979e+01,1.991496e+01,1.993586e+01,2.011677e+01,1.993586e+01,2.001940e+01,1.992890e+01,2.006810e+01,2.038753e+01,2.100271e+01,2.079576e+01,2.042219e+01,2.007505e+01,2.016542e+01,2.013763e+01,2.067831e+01,2.127110e+01,2.149080e+01,2.159362e+01,2.168949e+01,2.162787e+01,2.166895e+01,2.162102e+01,2.165526e+01,2.161417e+01,2.160047e+01,2.156621e+01,2.155936e+01,2.149766e+01,2.141533e+01,2.145650e+01,2.129172e+01,2.130546e+01,2.142906e+01,2.131920e+01,2.134668e+01,2.103027e+01,2.056763e+01,2.031124e+01,2.014458e+01,2.005419e+01,1.978950e+01,1.979647e+01,1.978253e+01,1.973369e+01,1.974764e+01,1.974764e+01,1.978950e+01,1.978950e+01,1.975462e+01,1.974764e+01,1.981042e+01,1.987316e+01,1.988710e+01,1.988710e+01,1.988013e+01,1.979647e+01,1.990103e+01,1.984528e+01,1.985922e+01,1.997764e+01,1.990800e+01,1.998460e+01,2.010287e+01,2.001940e+01,2.004027e+01,2.006114e+01,2.026960e+01,2.075432e+01,2.114732e+01,2.119548e+01,2.120235e+01,2.115420e+01,2.106471e+01,2.078886e+01,2.053303e+01,2.054687e+01,2.039447e+01,2.082338e+01,2.096135e+01,2.113355e+01,2.118860e+01,2.122298e+01,2.109225e+01,2.111979e+01,2.084409e+01,2.059531e+01,2.056071e+01,2.049840e+01,2.060915e+01,2.051918e+01,2.078886e+01,2.110602e+01,2.114732e+01,2.123674e+01,2.122298e+01,2.125736e+01,2.119548e+01,2.124361e+01,2.115420e+01,2.128485e+01,2.130546e+01,2.118172e+01,2.127798e+01,2.122298e+01,2.127110e+01,2.120235e+01,2.125736e+01,2.122986e+01,2.124361e+01,2.112667e+01,2.107160e+01,2.053303e+01,2.049840e+01,2.042219e+01,2.001940e+01,2.004723e+01,1.990103e+01,1.988710e+01,1.987316e+01,1.998460e+01,1.981042e+01,1.981042e+01,1.981740e+01,1.978950e+01,1.978253e+01,1.977555e+01,1.975462e+01,1.976858e+01,1.981740e+01,1.976160e+01,1.979647e+01,1.978950e+01,1.978950e+01,1.978253e+01,1.981740e+01,1.980345e+01,1.981740e+01,1.988013e+01,1.988710e+01,2.000548e+01,1.992193e+01,2.004027e+01,2.031124e+01,2.091308e+01,2.108537e+01,2.100271e+01,2.120923e+01,2.127798e+01,2.119548e+01,2.108537e+01,2.128485e+01,2.115420e+01,2.120923e+01,2.122986e+01,2.114044e+01,2.110602e+01,2.110602e+01,2.107160e+01,2.125048e+01,2.127798e+01,2.117484e+01,2.127110e+01,2.117484e+01,2.120235e+01,2.118172e+01,2.118860e+01,2.116108e+01,2.118172e+01,2.117484e+01,2.123674e+01,2.113355e+01,2.118172e+01,2.122986e+01,2.136041e+01,2.116796e+01,2.125736e+01,2.115420e+01,2.118172e+01,2.114732e+01,2.133294e+01,2.114044e+01,2.119548e+01,2.118172e+01,2.118860e+01,2.120923e+01,2.118860e+01,2.119548e+01,2.118860e+01,2.109914e+01,2.120235e+01,2.116796e+01,2.116796e+01,2.112667e+01,2.116796e+01,2.116796e+01,2.126423e+01,2.111291e+01,2.119548e+01,2.110602e+01,2.121611e+01,2.116108e+01,2.122298e+01,2.126423e+01,2.117484e+01,2.108537e+01,2.105782e+01,2.114732e+01,2.107848e+01,2.116796e+01,2.109914e+01,2.113355e+01,2.114732e+01,2.119548e+01,2.116796e+01,2.119548e+01,2.109225e+01,2.110602e+01,2.103716e+01,2.125048e+01,2.124361e+01,2.116108e+01,2.111979e+01,2.116796e+01,2.106471e+01,2.112667e+01,2.103027e+01,2.098893e+01,2.091998e+01,2.111291e+01,2.106471e+01,2.104405e+01,2.107848e+01,2.105094e+01,2.098203e+01,2.112667e+01,2.105782e+01,2.105094e+01,2.107848e+01,2.105094e+01,2.108537e+01,2.111979e+01,2.111291e+01,2.107848e+01,2.103716e+01,2.091308e+01,2.103027e+01,2.114044e+01,2.105782e+01,2.101649e+01,2.105782e+01,2.109914e+01,2.103027e+01,2.099582e+01,2.111291e+01,2.109914e+01,2.107160e+01,2.105094e+01,2.102338e+01,2.103027e+01,2.096135e+01,2.111291e+01,2.105782e+01,2.108537e+01,2.109914e+01,2.105782e+01,2.105782e+01,2.105094e+01,2.109914e+01,2.107848e+01,2.096825e+01,2.110602e+01,2.101649e+01,2.099582e+01,2.099582e+01,2.118172e+01,2.113355e+01,2.116108e+01,2.113355e+01,2.117484e+01,2.118172e+01,2.089239e+01,2.118172e+01,2.112667e+01,2.116108e+01,2.122986e+01,2.105782e+01,2.101649e+01,2.114044e+01,2.091998e+01,2.111291e+01,2.114732e+01,2.114732e+01,2.111291e+01,2.109225e+01,2.111979e+01,2.119548e+01,2.109225e+01,2.111291e+01,2.109914e+01
2.107848e+01,2.103027e+01,2.111291e+01,2.103716e+01,2.117484e+01,2.111979e+01,2.121611e+01,2.108537e+01,2.118172e+01,2.100960e+01,2.112667e+01,2.099582e+01,2.116108e+01,2.109225e+01,2.112667e+01,2.114732e+01,2.096825e+01,2.109225e+01,2.109914e+01,2.110602e+01,2.103027e+01,2.109914e+01,2.100960e+01,2.100271e+01,2.096825e+01,2.109914e+01,2.128485e+01,2.116796e+01,2.107160e+01,2.115420e+01,2.114732e+01,2.116108e+01,2.105782e+01,2.101649e+01,2.100271e+01,2.097514e+01,2.107848e+01,2.125736e+01,2.110602e+01,2.114044e+01,2.105782e+01,2.111291e+01,2.115420e+01,2.116108e+01,2.114732e+01,2.115420e+01,2.113355e+01,2.119548e+01,2.113355e+01,2.114044e+01,2.111291e+01,2.120923e+01,2.123674e+01,2.118860e+01,2.116108e+01,2.114044e+01,2.116796e+01,2.106471e+01,2.118860e+01,2.106471e+01,2.111979e+01,2.111291e+01,2.108537e+01,2.112667e+01,2.114044e+01,2.119548e+01,2.109914e+01,2.118172e+01,2.117484e+01,2.122298e+01,2.113355e+01,2.124361e+01,2.123674e+01,2.124361e+01,2.116796e+01,2.115420e+01,2.127110e+01,2.116108e+01,2.121611e+01,2.120923e+01,2.117484e+01,2.115420e+01,2.114732e+01,2.120235e+01,2.127110e+01,2.121611e+01,2.128485e+01,2.122298e+01,2.120235e+01,2.129859e+01,2.134668e+01,2.133981e+01,2.125736e+01,2.123674e+01,2.142906e+01,2.127798e+01,2.129859e+01,2.131920e+01,2.136728e+01,2.129859e+01,2.134668e+01,2.123674e+01,2.120235e+01,2.122298e+01,2.139474e+01,2.126423e+01,2.129859e+01,2.125048e+01,2.125736e+01,2.141533e+01,2.132607e+01,2.134668e+01,2.138101e+01,2.135355e+01,2.131920e+01,2.141533e+01,2.129172e+01,2.138101e+01,2.137415e+01,2.140161e+01,2.135355e+01,2.136041e+01,2.136728e+01,2.145650e+01,2.136728e+01,2.138101e+01,2.140847e+01,2.147022e+01,2.138101e+01,2.132607e+01,2.141533e+01,2.138788e+01,2.133294e+01,2.134668e+01,2.130546e+01,2.128485e+01,2.142220e+01,2.136041e+01,2.142220e+01,2.139474e+01,2.137415e+01,2.134668e+01,2.133981e+01,2.127110e+01,2.135355e+01,2.136041e+01,2.135355e+01,2.129172e+01,2.138101e+01,2.140161e+01,2.134668e+01,2.139474e+01,2.129172e+01,2.134668e+01,2.125736e+01,2.133294e+01,2.133294e+01,2.127110e+01,2.140161e+01,2.132607e+01,2.127798e+01,2.136728e+01,2.137415e+01,2.140847e+01,2.134668e+01,2.148394e+01,2.127110e+01,2.146336e+01,2.139474e+01,2.131233e+01,2.129172e+01,2.139474e+01,2.140161e+01,2.136728e+01,2.133294e+01,2.131920e+01,2.137415e+01,2.133294e+01,2.143592e+01,2.140847e+01,2.144964e+01,2.129859e+01,2.145650e+01,2.141533e+01,2.133981e+01,2.131920e+01,2.141533e+01,2.141533e+01,2.144278e+01,2.133981e+01,2.142220e+01,2.138101e+01,2.131920e+01,2.135355e+01,2.136728e+01,2.132607e+01,2.136041e+01,2.131233e+01,2.130546e+01,2.130546e+01,2.132607e+01,2.138788e+01,2.138101e+01,2.121611e+01,2.129859e+01,2.132607e+01,2.135355e+01,2.123674e+01,2.135355e+01,2.124361e+01,2.128485e+01,2.116108e+01,2.091998e+01,2.103027e+01,2.086479e+01,2.071287e+01,2.071978e+01,2.032512e+01,2.045684e+01,2.046377e+01,2.025571e+01,2.024183e+01,2.026266e+01,2.024877e+01,2.036673e+01,2.029042e+01,2.026266e+01,2.016542e+01,2.023489e+01,2.024183e+01,2.022794e+01,2.010287e+01,2.010287e+01,2.007505e+01,2.017237e+01,2.006114e+01,2.005419e+01,2.010982e+01,2.010287e+01,2.004723e+01,2.001244e+01,2.001244e+01,2.013763e+01,2.011677e+01,2.002636e+01,2.005419e+01,2.003332e+01,1.998460e+01,1.994283e+01,1.999852e+01,2.001244e+01,1.994283e+01,1.994979e+01,1.997068e+01,2.007505e+01,2.004027e+01,2.008201e+01,2.010982e+01,2.077505e+01,2.125048e+01,2.126423e+01,2.129859e+01,2.133294e+01,2.131920e+01,2.128485e+01,2.132607e+01,2.133981e+01,2.129172e+01,2.131920e+01,2.122986e+01,2.120923e+01,2.130546e+01,2.129172e+01,2.107848e+01,2.109914e+01,2.055379e+01,2.009591e+01,2.008201e+01,2.024183e+01,2.008201e+01,2.005419e+01,2.006114e+01,2.007505e+01,2.009591e+01,2.001940e+01,1.999156e+01,2.008201e+01,1.993586e+01,2.001244e+01,2.001940e+01,2.000548e+01,2.003332e+01,2.001940e+01,1.994283e+01,2.007505e+01,1.992890e+01,1.984528e+01,1.981042e+01,1.980345e+01,1.978253e+01,1.986619e+01,1.976858e+01,1.972671e+01,1.985922e+01,1.973369e+01,1.981740e+01,1.985922e+01,1.985225e+01,1.981042e+01,1.986619e+01,1.988710e+01,1.994283e+01,1.994283e+01,1.995675e+01,1.992890e+01,1.994283e+01,1.997764e+01,2.010982e+01,1.990800e+01,2.013068e+01,2.002636e+01,2.000548e+01,2.004027e+01,2.012372e+01,2.004723e+01,2.004723e+01,2.003332e+01,1.999852e+01,2.001244e+01,2.008896e+01,2.009591e+01,2.001244e+01,2.003332e+01,2.004027e+01,1.999852e+01,2.006114e+01,2.006114e+01,2.002636e+01,1.998460e+01,1.997068e+01,1.992890e+01,2.000548e+01,2.004723e+01,1.991496e+01,1.990103e+01,1.994979e+01,1.995675e+01,2.001940e+01,2.012372e+01,2.038753e+01,2.026266e+01,1.998460e+01,2.000548e+01,2.004723e+01,2.001940e+01,2.017237e+01,2.098893e+01,2.140161e+01,2.158677e+01,2.160732e+01,2.160732e+01,2.163472e+01,2.168264e+01,2.163472e+01,2.151137e+01,2.164841e+01,2.166895e+01,2.153194e+01,2.149080e+01,2.139474e+01,2.090619e+01,2.073360e+01,2.086479e+01,2.074051e+01,2.108537e+01,2.116108e+01,2.106471e+01,2.072669e+01,2.050533e+01,2.040140e+01,2.020016e+01,2.009591e+01,1.981740e+01,1.978950e+01,1.980345e+01,1.971973e+01,1.978950e+01,1.977555e+01,1.976858e+01,1.974067e+01,1.977555e+01,1.978950e+01,1.971973e+01,1.975462e+01,1.981042e+01,1.981740e+01,1.988710e+01,1.980345e+01,1.986619e+01,1.985225e+01,1.988013e+01,1.986619e+01,2.000548e+01,1.996371e+01,2.001940e+01,2.024183e+01,2.033205e+01,2.076123e+01,2.098203e+01,2.120235e+01,2.122986e+01,2.118860e+01,2.118860e+01,2.114732e+01,2.096135e+01,2.051918e+01,2.048455e+01,2.044991e+01,2.053303e+01,2.096135e+01,2.116108e+01,2.122986e+01,2.120923e+01,2.092688e+01,2.084409e+01,2.062990e+01,2.060915e+01,2.051918e+01,2.051918e+01,2.051918e+01,2.077505e+01,2.115420e+01,2.123674e+01,2.122986e+01,2.124361e+01,2.124361e+01,2.126423e+01,2.124361e+01,2.126423e+01,2.126423e+01,2.127110e+01,2.119548e+01,2.128485e+01,2.122298e+01,2.120923e+01,2.122298e+01,2.122986e+01,2.123674e+01,2.127110e+01,2.122298e+01,2.116108e+01,2.117484e+01,2.112667e+01,2.090619e+01,2.061607e+01,2.040140e+01,2.020016e+01,2.011677e+01,1.999156e+01,1.982437e+01,1.992193e+01,1.989407e+01,1.980345e+01,1.984528e+01,1.976160e+01,1.976858e+01,1.977555e+01,1.976160e+01,1.965689e+01,1.976160e+01,1.975462e+01,1.981042e+01,1.980345e+01,1.992890e+01,1.994979e+01,1.976858e+01,1.983831e+01,1.990103e+01,1.987316e+01,1.990103e+01,1.994979e+01,1.998460e+01,2.023489e+01,2.052610e+01,2.111979e+01,2.095446e+01,2.124361e+01,2.123674e+01,2.111979e+01,2.127110e+01,2.108537e+01,2.115420e+01,2.114044e+01,2.115420e+01,2.118172e+01,2.116108e+01,2.118860e+01,2.118172e+01,2.116108e+01,2.120923e+01,2.125736e+01,2.127110e+01,2.121611e+01,2.112667e+01,2.118860e+01,2.120923e+01,2.116108e+01,2.110602e+01,2.120923e+01,2.125048e+01,2.121611e+01,2.120923e+01,2.121611e+01,2.119548e+01,2.120923e+01,2.124361e+01,2.134668e+01,2.118860e+01,2.120235e+01,2.120235e+01,2.131920e+01,2.120235e+01,2.119548e+01,2.116796e+01,2.122986e+01,2.119548e+01,2.116108e+01,2.123674e+01,2.125048e+01,2.119548e+01,2.119548e+01,2.110602e+01,2.124361e+01,2.127798e+01,2.112667e+01,2.122986e+01,2.123674e+01,2.122986e+01,2.117484e+01,2.108537e+01,2.123674e+01,2.115420e+01,2.132607e+01,2.121611e+01,2.115420e+01,2.114044e+01,2.121611e+01,2.120923e+01,2.113355e+01,2.116796e+01,2.114044e+01,2.110602e+01,2.119548e+01,2.120235e+01,2.120235e+01,2.114044e+01,2.112667e+01,2.107160e+01,2.110602e+01,2.108537e+01,2.112667e+01,2.112667e+01,2.104405e+01,2.106471e+01,2.099582e+01,2.096825e+01,2.104405e+01,2.105782e+01,2.098893e+01,2.114732e+01,2.099582e+01,2.107160e+01,2.103716e+01,2.100271e+01,2.105094e+01,2.099582e+01,2.105782e+01,2.098893e+01,2.109225e+01,2.118860e+01,2.109225e+01,2.103027e+01,2.104405e+01,2.103027e+01,2.113355e+01,2.105094e+01,2.100960e+01,2.100271e+01,2.100960e+01,2.108537e+01,2.111979e+01,2.113355e+01,2.101649e+01,2.112667e+01,2.108537e+01,2.109225e+01,2.111979e+01,2.097514e+01,2.102338e+01,2.097514e+01,2.108537e+01,2.103716e+01,2.100271e+01,2.094757e+01,2.109225e+01,2.107848e+01,2.104405e+01,2.101649e+01,2.109225e+01,2.107160e+01,2.097514e+01,2.100960e+01,2.116796e+01,2.098893e+01,2.120235e+01,2.109914e+01,2.106471e+01,2.105782e+01,2.107848e+01,2.114732e+01,2.105094e+01,2.114732e+01,2.108537e+01,2.110602e+01,2.105094e+01,2.116796e+01,2.119548e+01,2.119548e+01,2.111291e+01,2.111979e+01,2.094067e+01,2.115420e+01,2.116108e+01,2.115420e+01,2.118860e+01,2.111979e+01,2.112667e+01,2.103716e+01,2.111291e+01,2.105094e+01
2.110602e+01,2.108537e+01,2.109914e+01,2.107848e+01,2.120923e+01,2.115420e+01,2.109914e+01,2.116108e+01,2.103027e+01,2.112667e+01,2.114044e+01,2.111979e+01,2.103716e+01,2.107848e+01,2.112667e+01,2.112667e+01,2.110602e+01,2.111979e+01,2.115420e+01,2.103027e+01,2.100960e+01,2.117484e+01,2.122298e+01,2.132607e+01,2.105782e+01,2.108537e+01,2.118172e+01,2.110602e+01,2.110602e+01,2.118172e+01,2.109225e+01,2.116108e+01,2.125736e+01,2.111291e+01,2.108537e+01,2.105782e+01,2.119548e+01,2.111979e+01,2.112667e+01,2.108537e+01,2.107160e+01,2.111291e+01,2.104405e+01,2.116796e+01,2.118860e+01,2.115420e+01,2.118860e+01,2.110602e+01,2.111979e+01,2.109225e+01,2.111291e+01,2.116108e+01,2.118860e+01,2.118172e+01,2.102338e+01,2.117484e+01,2.109225e+01,2.114732e+01,2.120923e+01,2.111291e+01,2.105782e+01,2.104405e+01,2.105782e+01,2.113355e+01,2.115420e+01,2.105094e+01,2.116108e+01,2.119548e+01,2.121611e+01,2.121611e+01,2.111979e+01,2.114732e+01,2.116796e+01,2.127110e+01,2.124361e+01,2.129172e+01,2.125048e+01,2.138101e+01,2.122298e+01,2.120235e+01,2.122298e+01,2.125048e+01,2.122298e+01,2.125736e+01,2.128485e+01,2.145650e+01,2.122298e+01,2.125048e+01,2.127798e+01,2.130546e+01,2.129172e+01,2.127110e+01,2.131233e+01,2.132607e+01,2.134668e+01,2.131233e+01,2.130546e+01,2.126423e+01,2.136728e+01,2.133981e+01,2.129172e+01,2.131920e+01,2.121611e+01,2.120235e+01,2.127798e+01,2.136728e+01,2.130546e+01,2.138101e+01,2.136728e+01,2.133981e+01,2.129172e+01,2.138788e+01,2.138101e+01,2.132607e+01,2.125736e+01,2.130546e+01,2.135355e+01,2.142906e+01,2.131920e+01,2.140847e+01,2.140847e+01,2.135355e+01,2.139474e+01,2.130546e+01,2.136728e+01,2.129172e+01,2.125736e+01,2.135355e+01,2.137415e+01,2.138101e+01,2.129172e+01,2.135355e+01,2.129172e+01,2.133294e+01,2.134668e+01,2.142906e+01,2.140847e+01,2.133294e+01,2.129172e+01,2.137415e+01,2.130546e+01,2.133981e+01,2.131920e+01,2.128485e+01,2.135355e+01,2.136728e+01,2.131920e+01,2.136041e+01,2.138101e+01,2.133294e+01,2.133294e+01,2.132607e+01,2.136041e+01,2.132607e+01,2.131920e+01,2.133294e+01,2.132607e+01,2.136728e+01,2.129172e+01,2.133981e+01,2.144964e+01,2.130546e+01,2.130546e+01,2.139474e+01,2.144964e+01,2.149080e+01,2.144964e+01,2.132607e+01,2.144278e+01,2.130546e+01,2.127110e+01,2.127798e+01,2.142220e+01,2.131920e+01,2.134668e+01,2.138788e+01,2.135355e+01,2.138788e+01,2.142220e+01,2.142220e+01,2.141533e+01,2.143592e+01,2.147022e+01,2.132607e+01,2.140847e+01,2.130546e+01,2.140161e+01,2.136041e+01,2.146336e+01,2.144964e+01,2.144964e+01,2.132607e+01,2.140161e+01,2.133981e+01,2.130546e+01,2.135355e+01,2.131233e+01,2.131233e+01,2.138101e+01,2.130546e+01,2.132607e+01,2.129172e+01,2.132607e+01,2.128485e+01,2.119548e+01,2.115420e+01,2.133981e+01,2.135355e+01,2.125736e+01,2.112667e+01,2.096135e+01,2.076123e+01,2.062990e+01,2.043605e+01,2.038060e+01,2.033205e+01,2.024877e+01,2.025571e+01,2.024877e+01,2.023489e+01,2.026266e+01,2.027654e+01,2.028348e+01,2.018627e+01,2.024877e+01,2.018627e+01,2.013068e+01,2.022794e+01,2.020711e+01,2.021405e+01,2.022100e+01,2.017932e+01,2.018627e+01,2.008201e+01,2.016542e+01,2.006114e+01,2.006810e+01,1.992890e+01,2.017237e+01,2.006810e+01,2.011677e+01,2.003332e+01,2.010287e+01,2.002636e+01,2.005419e+01,2.003332e+01,2.010287e+01,2.002636e+01,2.001244e+01,2.002636e+01,2.003332e+01,1.999156e+01,1.997764e+01,2.004027e+01,2.011677e+01,2.006810e+01,2.008201e+01,2.008201e+01,2.077505e+01,2.123674e+01,2.142906e+01,2.135355e+01,2.135355e+01,2.132607e+01,2.133294e+01,2.133294e+01,2.131920e+01,2.131920e+01,2.125736e+01,2.131233e+01,2.128485e+01,2.119548e+01,2.125048e+01,2.107848e+01,2.104405e+01,2.014458e+01,2.002636e+01,2.001940e+01,2.009591e+01,2.010982e+01,2.007505e+01,2.005419e+01,2.004027e+01,2.001244e+01,2.004723e+01,2.013068e+01,2.006810e+01,1.998460e+01,1.999156e+01,2.000548e+01,1.994283e+01,2.002636e+01,1.997764e+01,1.993586e+01,1.988013e+01,1.991496e+01,1.985922e+01,1.976858e+01,1.979647e+01,1.976160e+01,1.976858e+01,1.982437e+01,1.983831e+01,1.986619e+01,1.985922e+01,1.976858e+01,1.980345e+01,1.991496e+01,1.979647e+01,1.985922e+01,1.992890e+01,1.991496e+01,1.996371e+01,1.997764e+01,1.994979e+01,2.000548e+01,1.997068e+01,2.003332e+01,2.000548e+01,2.004027e+01,2.010287e+01,2.000548e+01,2.001244e+01,2.001244e+01,2.003332e+01,1.999852e+01,1.999156e+01,1.997068e+01,2.001244e+01,1.997764e+01,2.004027e+01,2.002636e+01,2.006810e+01,2.004723e+01,1.999156e+01,2.003332e+01,2.010982e+01,2.021405e+01,1.999852e+01,2.006810e+01,1.994283e+01,2.002636e+01,1.999852e+01,1.993586e+01,1.992193e+01,1.995675e+01,1.995675e+01,1.989407e+01,1.992890e+01,1.998460e+01,1.999852e+01,2.000548e+01,2.001244e+01,2.001940e+01,1.999852e+01,2.000548e+01,2.047762e+01,2.121611e+01,2.146336e+01,2.166211e+01,2.162102e+01,2.179894e+01,2.162787e+01,2.156621e+01,2.151823e+01,2.159362e+01,2.162787e+01,2.158677e+01,2.131920e+01,2.089929e+01,2.031818e+01,2.024183e+01,2.024877e+01,2.023489e+01,2.059531e+01,2.053995e+01,2.056071e+01,2.053303e+01,2.048455e+01,2.037366e+01,2.040833e+01,2.033899e+01,2.006114e+01,1.997764e+01,1.990103e+01,1.993586e+01,1.983134e+01,1.976160e+01,1.978950e+01,1.976858e+01,1.988013e+01,1.995675e+01,1.983831e+01,1.988710e+01,1.988710e+01,1.989407e+01,1.990800e+01,1.986619e+01,1.988710e+01,1.992193e+01,1.998460e+01,1.989407e+01,1.997068e+01,1.994979e+01,2.010287e+01,2.028348e+01,2.076814e+01,2.112667e+01,2.124361e+01,2.120923e+01,2.119548e+01,2.117484e+01,2.114732e+01,2.123674e+01,2.107848e+01,2.074742e+01,2.049840e+01,2.056071e+01,2.047762e+01,2.089929e+01,2.105094e+01,2.109225e+01,2.090619e+01,2.067139e+01,2.057456e+01,2.060915e+01,2.058148e+01,2.056763e+01,2.053303e+01,2.074742e+01,2.103716e+01,2.112667e+01,2.120235e+01,2.127798e+01,2.120923e+01,2.117484e+01,2.124361e+01,2.123674e+01,2.125048e+01,2.129859e+01,2.129172e+01,2.116108e+01,2.127798e+01,2.127110e+01,2.125048e+01,2.122986e+01,2.122986e+01,2.119548e+01,2.123674e+01,2.117484e+01,2.123674e+01,2.119548e+01,2.111979e+01,2.114732e+01,2.108537e+01,2.077505e+01,2.060915e+01,2.040140e+01,2.007505e+01,1.987316e+01,1.988013e+01,1.990800e+01,1.994283e+01,1.981740e+01,1.983831e+01,1.978950e+01,1.983831e+01,1.985225e+01,1.969879e+01,1.977555e+01,1.974067e+01,1.981740e+01,1.981042e+01,1.987316e+01,1.971275e+01,1.994979e+01,2.003332e+01,2.022100e+01,2.020016e+01,2.003332e+01,2.029042e+01,2.026960e+01,2.061607e+01,2.075432e+01,2.101649e+01,2.108537e+01,2.117484e+01,2.107160e+01,2.121611e+01,2.118172e+01,2.111979e+01,2.124361e+01,2.117484e+01,2.117484e+01,2.116796e+01,2.111979e+01,2.118860e+01,2.118860e+01,2.118172e+01,2.110602e+01,2.127798e+01,2.122298e+01,2.126423e+01,2.111291e+01,2.129859e+01,2.122298e+01,2.119548e+01,2.121611e+01,2.117484e+01,2.111979e+01,2.106471e+01,2.111979e+01,2.118860e+01,2.120923e+01,2.120923e+01,2.131920e+01,2.124361e+01,2.129859e+01,2.115420e+01,2.123674e+01,2.120923e+01,2.120923e+01,2.113355e+01,2.115420e+01,2.110602e+01,2.118860e+01,2.120235e+01,2.124361e+01,2.131920e+01,2.121611e+01,2.124361e+01,2.123674e+01,2.129859e+01,2.125736e+01,2.123674e+01,2.127110e+01,2.122986e+01,2.121611e+01,2.122298e+01,2.120235e+01,2.111979e+01,2.120235e+01,2.127110e+01,2.117484e+01,2.109914e+01,2.119548e+01,2.121611e+01,2.107848e+01,2.115420e+01,2.108537e+01,2.113355e+01,2.108537e+01,2.114044e+01,2.103027e+01,2.102338e+01,2.118860e+01,2.115420e+01,2.107848e+01,2.109914e+01,2.109225e+01,2.120235e+01,2.105782e+01,2.107848e+01,2.105094e+01,2.103716e+01,2.104405e+01,2.097514e+01,2.099582e+01,2.118860e+01,2.111979e+01,2.101649e+01,2.123674e+01,2.106471e+01,2.098893e+01,2.107848e+01,2.099582e+01,2.113355e+01,2.110602e+01,2.114732e+01,2.112667e+01,2.102338e+01,2.098203e+01,2.106471e+01,2.108537e+01,2.109914e+01,2.099582e+01,2.097514e+01,2.101649e+01,2.108537e+01,2.108537e+01,2.101649e+01,2.105782e+01,2.101649e+01,2.107160e+01,2.100271e+01,2.094757e+01,2.108537e+01,2.110602e+01,2.101649e+01,2.100960e+01,2.106471e+01,2.107160e+01,2.091308e+01,2.107848e+01,2.108537e+01,2.099582e+01,2.100271e+01,2.103027e+01,2.105094e+01,2.103716e+01,2.110602e+01,2.109914e+01,2.106471e+01,2.100960e+01,2.106471e+01,2.112667e+01,2.107848e+01,2.108537e+01,2.108537e+01,2.109914e+01,2.108537e+01,2.107848e+01,2.111979e+01,2.104405e+01,2.114044e+01,2.107160e+01,2.118860e+01,2.122298e+01,2.111291e+01,2.120923e+01,2.103027e+01,2.115420e+01,2.116108e+01,2.114044e+01,2.112667e+01,2.114732e+01,2.109914e+01,2.108537e+01,2.105094e+01,2.100960e+01
2.108537e+01,2.104405e+01,2.114732e+01,2.122298e+01,2.103027e+01,2.124361e+01,2.117484e+01,2.116796e+01,2.116108e+01,2.096135e+01,2.119548e+01,2.103716e+01,2.116108e+01,2.105782e+01,2.111979e+01,2.118172e+01,2.114732e+01,2.102338e+01,2.107848e+01,2.100960e+01,2.104405e+01,2.098203e+01,2.122298e+01,2.103027e+01,2.095446e+01,2.107848e+01,2.109225e+01,2.109225e+01,2.113355e+01,2.109914e+01,2.107160e+01,2.112667e+01,2.104405e+01,2.099582e+01,2.108537e+01,2.100960e+01,2.113355e+01,2.119548e+01,2.098203e+01,2.125048e+01,2.105782e+01,2.125736e+01,2.115420e+01,2.109225e+01,2.113355e+01,2.111979e+01,2.111979e+01,2.110602e+01,2.117484e+01,2.117484e+01,2.116108e+01,2.114732e+01,2.117484e+01,2.112667e+01,2.119548e+01,2.116796e+01,2.110602e+01,2.113355e+01,2.111979e+01,2.107160e+01,2.116796e+01,2.113355e+01,2.109914e+01,2.117484e+01,2.113355e+01,2.103716e+01,2.117484e+01,2.114732e+01,2.122986e+01,2.117484e+01,2.116796e+01,2.124361e+01,2.111291e+01,2.122986e+01,2.119548e+01,2.120923e+01,2.116796e+01,2.125048e+01,2.125736e+01,2.121611e+01,2.123674e+01,2.125048e+01,2.112667e+01,2.121611e+01,2.125048e+01,2.127798e+01,2.118860e+01,2.125736e+01,2.125048e+01,2.127110e+01,2.135355e+01,2.132607e+01,2.118860e+01,2.134668e+01,2.128485e+01,2.137415e+01,2.136041e+01,2.132607e+01,2.127798e+01,2.129172e+01,2.131920e+01,2.135355e+01,2.120235e+01,2.139474e+01,2.121611e+01,2.143592e+01,2.136728e+01,2.134668e+01,2.125048e+01,2.139474e+01,2.129172e+01,2.132607e+01,2.129859e+01,2.131920e+01,2.138788e+01,2.130546e+01,2.142906e+01,2.140847e+01,2.136041e+01,2.120235e+01,2.137415e+01,2.130546e+01,2.131920e+01,2.128485e+01,2.127110e+01,2.140161e+01,2.143592e+01,2.135355e+01,2.124361e+01,2.126423e+01,2.132607e+01,2.131920e+01,2.136041e+01,2.129859e+01,2.138101e+01,2.128485e+01,2.133981e+01,2.142906e+01,2.142220e+01,2.142220e+01,2.127798e+01,2.129859e+01,2.135355e+01,2.133981e+01,2.124361e+01,2.137415e+01,2.131920e+01,2.133294e+01,2.138101e+01,2.125048e+01,2.134668e+01,2.130546e+01,2.133294e+01,2.131920e+01,2.144964e+01,2.129859e+01,2.130546e+01,2.131233e+01,2.133294e+01,2.144278e+01,2.129172e+01,2.134668e+01,2.136041e+01,2.131233e+01,2.142906e+01,2.144278e+01,2.130546e+01,2.136728e+01,2.144278e+01,2.144278e+01,2.136728e+01,2.130546e+01,2.133981e+01,2.131233e+01,2.139474e+01,2.132607e+01,2.131920e+01,2.138101e+01,2.140847e+01,2.142906e+01,2.146336e+01,2.135355e+01,2.145650e+01,2.131920e+01,2.134668e+01,2.136728e+01,2.145650e+01,2.144278e+01,2.138101e+01,2.136041e+01,2.140847e+01,2.136041e+01,2.131920e+01,2.131233e+01,2.138788e+01,2.134668e+01,2.133294e+01,2.133981e+01,2.131233e+01,2.125048e+01,2.131920e+01,2.127110e+01,2.112667e+01,2.120923e+01,2.109225e+01,2.103027e+01,2.103716e+01,2.113355e+01,2.099582e+01,2.075432e+01,2.049148e+01,2.037366e+01,2.035980e+01,2.036673e+01,2.024877e+01,2.025571e+01,2.026266e+01,2.023489e+01,2.026960e+01,2.029736e+01,2.026266e+01,2.023489e+01,2.019321e+01,2.016542e+01,2.019321e+01,2.017237e+01,2.031818e+01,2.022100e+01,2.016542e+01,2.018627e+01,2.014458e+01,2.021405e+01,2.008896e+01,2.008896e+01,2.008201e+01,2.008201e+01,2.010287e+01,2.008201e+01,2.006810e+01,2.008896e+01,2.006810e+01,2.002636e+01,2.006810e+01,2.007505e+01,2.001244e+01,2.006810e+01,2.002636e+01,2.000548e+01,2.001940e+01,2.008896e+01,1.994979e+01,2.012372e+01,2.003332e+01,1.996371e+01,2.006810e+01,2.006114e+01,2.005419e+01,2.016542e+01,2.078195e+01,2.127110e+01,2.128485e+01,2.133981e+01,2.129172e+01,2.141533e+01,2.133294e+01,2.129859e+01,2.131920e+01,2.127798e+01,2.135355e+01,2.130546e+01,2.122986e+01,2.122986e+01,2.126423e+01,2.111291e+01,2.058840e+01,2.016542e+01,2.011677e+01,2.006810e+01,2.012372e+01,2.006810e+01,2.017932e+01,2.009591e+01,2.014458e+01,2.005419e+01,2.009591e+01,2.004723e+01,2.010982e+01,2.010287e+01,2.013068e+01,2.004027e+01,2.001940e+01,2.002636e+01,1.997764e+01,2.001244e+01,1.992193e+01,1.994979e+01,1.990800e+01,1.979647e+01,1.982437e+01,1.985225e+01,1.981042e+01,1.983831e+01,1.978950e+01,1.978950e+01,1.981042e+01,1.978950e+01,1.985225e+01,1.979647e+01,1.979647e+01,1.981042e+01,1.989407e+01,1.986619e+01,1.994283e+01,1.987316e+01,1.992193e+01,1.995675e+01,1.999852e+01,1.995675e+01,2.008201e+01,2.008201e+01,2.013763e+01,2.012372e+01,2.015153e+01,2.007505e+01,2.006114e+01,1.999852e+01,2.004723e+01,2.010287e+01,1.997068e+01,2.001940e+01,1.998460e+01,2.000548e+01,2.009591e+01,2.008896e+01,2.004027e+01,2.008896e+01,1.999156e+01,2.008201e+01,1.996371e+01,2.004027e+01,1.988013e+01,2.008896e+01,1.999156e+01,1.997068e+01,1.999852e+01,1.992890e+01,1.990800e+01,1.990103e+01,2.000548e+01,1.999852e+01,1.996371e+01,2.004027e+01,1.988013e+01,1.998460e+01,2.000548e+01,1.994283e+01,2.026960e+01,2.102338e+01,2.159362e+01,2.164841e+01,2.168949e+01,2.164841e+01,2.166895e+01,2.160047e+01,2.168949e+01,2.154565e+01,2.168949e+01,2.147022e+01,2.133981e+01,2.043605e+01,2.020016e+01,1.997764e+01,2.000548e+01,1.996371e+01,1.990800e+01,1.997068e+01,2.001244e+01,2.013068e+01,2.043605e+01,2.050533e+01,2.040833e+01,2.043605e+01,2.028348e+01,2.017237e+01,2.008201e+01,1.989407e+01,1.980345e+01,1.981740e+01,1.996371e+01,1.981740e+01,1.977555e+01,1.977555e+01,1.988710e+01,1.988013e+01,1.990800e+01,1.988710e+01,1.990800e+01,1.992193e+01,1.992193e+01,1.997764e+01,2.004723e+01,2.006114e+01,2.001244e+01,2.008201e+01,2.038753e+01,2.070596e+01,2.096825e+01,2.120923e+01,2.131233e+01,2.129172e+01,2.123674e+01,2.117484e+01,2.118860e+01,2.121611e+01,2.111979e+01,2.071287e+01,2.067139e+01,2.054687e+01,2.049148e+01,2.056763e+01,2.091998e+01,2.085099e+01,2.081648e+01,2.047070e+01,2.052610e+01,2.062299e+01,2.044991e+01,2.055379e+01,2.056763e+01,2.115420e+01,2.116796e+01,2.135355e+01,2.129859e+01,2.128485e+01,2.122986e+01,2.128485e+01,2.124361e+01,2.125736e+01,2.127798e+01,2.116796e+01,2.123674e+01,2.125048e+01,2.123674e+01,2.125048e+01,2.120235e+01,2.129172e+01,2.127798e+01,2.115420e+01,2.125048e+01,2.119548e+01,2.118172e+01,2.122986e+01,2.113355e+01,2.115420e+01,2.096825e+01,2.100960e+01,2.051918e+01,2.014458e+01,1.996371e+01,1.987316e+01,1.987316e+01,1.987316e+01,1.981740e+01,1.981740e+01,1.978950e+01,1.979647e+01,1.978950e+01,1.990103e+01,1.975462e+01,1.978253e+01,1.988013e+01,1.981042e+01,1.984528e+01,1.974067e+01,1.991496e+01,1.995675e+01,2.042219e+01,2.056763e+01,2.070596e+01,2.072669e+01,2.081648e+01,2.075432e+01,2.093377e+01,2.101649e+01,2.101649e+01,2.100271e+01,2.115420e+01,2.119548e+01,2.122298e+01,2.118172e+01,2.123674e+01,2.103716e+01,2.113355e+01,2.118172e+01,2.116796e+01,2.114732e+01,2.112667e+01,2.119548e+01,2.120923e+01,2.111291e+01,2.122298e+01,2.109914e+01,2.109225e+01,2.111291e+01,2.125736e+01,2.112667e+01,2.122298e+01,2.120235e+01,2.116796e+01,2.121611e+01,2.118860e+01,2.120923e+01,2.122298e+01,2.124361e+01,2.122986e+01,2.121611e+01,2.121611e+01,2.119548e+01,2.117484e+01,2.121611e+01,2.115420e+01,2.123674e+01,2.116796e+01,2.111291e+01,2.120923e+01,2.122986e+01,2.122298e+01,2.111291e+01,2.119548e+01,2.122986e+01,2.122986e+01,2.111291e+01,2.121611e+01,2.116108e+01,2.125736e+01,2.115420e+01,2.120923e+01,2.116796e+01,2.122298e+01,2.118860e+01,2.122298e+01,2.116796e+01,2.111291e+01,2.110602e+01,2.117484e+01,2.108537e+01,2.098893e+01,2.107160e+01,2.106471e+01,2.109225e+01,2.113355e+01,2.107160e+01,2.121611e+01,2.105094e+01,2.103027e+01,2.114044e+01,2.113355e+01,2.111291e+01,2.118860e+01,2.113355e+01,2.109914e+01,2.109914e+01,2.107848e+01,2.100271e+01,2.100960e+01,2.101649e+01,2.105094e+01,2.113355e+01,2.098893e+01,2.100271e+01,2.099582e+01,2.100960e+01,2.114044e+01,2.098893e+01,2.098893e+01,2.100271e+01,2.108537e+01,2.107848e+01,2.110602e+01,2.096825e+01,2.116108e+01,2.108537e+01,2.086479e+01,2.107160e+01,2.120923e+01,2.109225e+01,2.103027e+01,2.105094e+01,2.107160e+01,2.105782e+01,2.114732e+01,2.100960e+01,2.099582e+01,2.104405e+01,2.100960e+01,2.103027e+01,2.105782e+01,2.102338e+01,2.101649e+01,2.100271e+01,2.098893e+01,2.108537e+01,2.094067e+01,2.099582e+01,2.096825e+01,2.107848e+01,2.100960e+01,2.105782e+01,2.110602e+01,2.113355e+01,2.112667e+01,2.092688e+01,2.101649e+01,2.112667e+01,2.129859e+01,2.107848e+01,2.108537e+01,2.108537e+01,2.107160e+01,2.107160e+01,2.108537e+01,2.113355e+01,2.105782e+01,2.105094e+01,2.114044e+01,2.116108e+01,2.113355e+01,2.105782e+01,2.109225e+01,2.107848e+01,2.105094e+01,2.114732e+01,2.119548e+01,2.116108e+01,2.113355e+01,2.112667e+01,2.116108e+01,2.110602e+01,2.109225e+01,2.103027e+01
2.107160e+01,2.103027e+01,2.102338e+01,2.100271e+01,2.108537e+01,2.114732e+01,2.120923e+01,2.113355e+01,2.107160e+01,2.099582e+01,2.104405e+01,2.111979e+01,2.108537e+01,2.119548e+01,2.120923e+01,2.107848e+01,2.098893e+01,2.109914e+01,2.108537e+01,2.102338e+01,2.103027e+01,2.100960e+01,2.101649e+01,2.105782e+01,2.105782e+01,2.102338e+01,2.111979e+01,2.106471e+01,2.116796e+01,2.109225e+01,2.112667e+01,2.112667e+01,2.098893e+01,2.105782e+01,2.115420e+01,2.095446e+01,2.113355e+01,2.112667e+01,2.117484e+01,2.116108e+01,2.113355e+01,2.107160e+01,2.126423e+01,2.108537e+01,2.113355e+01,2.117484e+01,2.116796e+01,2.109914e+01,2.123674e+01,2.109225e+01,2.119548e+01,2.118172e+01,2.122298e+01,2.116108e+01,2.109914e+01,2.111979e+01,2.120923e+01,2.108537e+01,2.107848e+01,2.117484e+01,2.117484e+01,2.114044e+01,2.109914e+01,2.115420e+01,2.107848e+01,2.105094e+01,2.118172e+01,2.118860e+01,2.114044e+01,2.123674e+01,2.103716e+01,2.119548e+01,2.120923e+01,2.115420e+01,2.120923e+01,2.122298e+01,2.119548e+01,2.121611e+01,2.122298e+01,2.120235e+01,2.119548e+01,2.127798e+01,2.112667e+01,2.114732e+01,2.134668e+01,2.131920e+01,2.129859e+01,2.127798e+01,2.127798e+01,2.127110e+01,2.125736e+01,2.131233e+01,2.129859e+01,2.127110e+01,2.125736e+01,2.117484e+01,2.131233e+01,2.132607e+01,2.134668e+01,2.132607e+01,2.130546e+01,2.140847e+01,2.131233e+01,2.131920e+01,2.122298e+01,2.125736e+01,2.135355e+01,2.139474e+01,2.134668e+01,2.129172e+01,2.144278e+01,2.136041e+01,2.124361e+01,2.138101e+01,2.129172e+01,2.133294e+01,2.135355e+01,2.128485e+01,2.127798e+01,2.139474e+01,2.144964e+01,2.134668e+01,2.131920e+01,2.139474e+01,2.128485e+01,2.140161e+01,2.137415e+01,2.137415e+01,2.129172e+01,2.133981e+01,2.129172e+01,2.131233e+01,2.131920e+01,2.133294e+01,2.131920e+01,2.129172e+01,2.128485e+01,2.141533e+01,2.129859e+01,2.137415e+01,2.138101e+01,2.137415e+01,2.135355e+01,2.138101e+01,2.133294e+01,2.130546e+01,2.123674e+01,2.125736e+01,2.131920e+01,2.127110e+01,2.133981e+01,2.138788e+01,2.129172e+01,2.130546e+01,2.130546e+01,2.133294e+01,2.132607e+01,2.131920e+01,2.133981e+01,2.126423e+01,2.134668e+01,2.136041e+01,2.131233e+01,2.129859e+01,2.140161e+01,2.132607e+01,2.142220e+01,2.142906e+01,2.131920e+01,2.142906e+01,2.129859e+01,2.139474e+01,2.136728e+01,2.133981e+01,2.130546e+01,2.136728e+01,2.129859e+01,2.140161e+01,2.132607e+01,2.134668e+01,2.142906e+01,2.140161e+01,2.147022e+01,2.133981e+01,2.140847e+01,2.129172e+01,2.129859e+01,2.137415e+01,2.133981e+01,2.128485e+01,2.135355e+01,2.126423e+01,2.138101e+01,2.138788e+01,2.126423e+01,2.134668e+01,2.135355e+01,2.129172e+01,2.131920e+01,2.125736e+01,2.129859e+01,2.119548e+01,2.111291e+01,2.104405e+01,2.078195e+01,2.078886e+01,2.075432e+01,2.069213e+01,2.041526e+01,2.038753e+01,2.036673e+01,2.035286e+01,2.029736e+01,2.025571e+01,2.028348e+01,2.024183e+01,2.024877e+01,2.030430e+01,2.030430e+01,2.022100e+01,2.015848e+01,2.020016e+01,2.006114e+01,2.018627e+01,2.014458e+01,2.014458e+01,2.020711e+01,2.029042e+01,2.014458e+01,2.014458e+01,2.013763e+01,2.020016e+01,2.010982e+01,2.014458e+01,2.015153e+01,2.005419e+01,2.010982e+01,2.005419e+01,2.006114e+01,2.010982e+01,2.015848e+01,2.004027e+01,2.014458e+01,2.006810e+01,2.009591e+01,2.010287e+01,2.012372e+01,2.006114e+01,2.006810e+01,2.006114e+01,2.000548e+01,2.004723e+01,2.000548e+01,2.008201e+01,2.008201e+01,2.006114e+01,2.021405e+01,2.011677e+01,2.076814e+01,2.116796e+01,2.132607e+01,2.130546e+01,2.130546e+01,2.129859e+01,2.131233e+01,2.131920e+01,2.135355e+01,2.124361e+01,2.132607e+01,2.128485e+01,2.121611e+01,2.117484e+01,2.116796e+01,2.107160e+01,2.045684e+01,2.016542e+01,2.011677e+01,2.009591e+01,2.010982e+01,2.013068e+01,2.004723e+01,2.006114e+01,2.003332e+01,1.999156e+01,2.002636e+01,2.004027e+01,2.013068e+01,2.001244e+01,2.001244e+01,2.001244e+01,2.001940e+01,2.000548e+01,2.008896e+01,1.997764e+01,1.995675e+01,1.997764e+01,1.995675e+01,1.992193e+01,1.992193e+01,1.986619e+01,1.981042e+01,1.981042e+01,1.976858e+01,1.980345e+01,1.990800e+01,1.981740e+01,1.977555e+01,1.978950e+01,1.985225e+01,1.983831e+01,1.990103e+01,1.986619e+01,1.992890e+01,1.994979e+01,1.997068e+01,1.998460e+01,1.992890e+01,2.010287e+01,1.999852e+01,2.004723e+01,1.994283e+01,2.015848e+01,2.011677e+01,1.999852e+01,2.003332e+01,2.006810e+01,2.008201e+01,1.997068e+01,2.003332e+01,2.001244e+01,2.002636e+01,2.001940e+01,2.005419e+01,2.004723e+01,2.004027e+01,1.999156e+01,1.999156e+01,2.006810e+01,1.996371e+01,2.006810e+01,1.992890e+01,1.997068e+01,1.997068e+01,1.994979e+01,2.001940e+01,1.996371e+01,1.995675e+01,2.001940e+01,1.999852e+01,1.993586e+01,1.994283e+01,1.996371e+01,1.991496e+01,1.997068e+01,1.992890e+01,1.997764e+01,2.006810e+01,2.077505e+01,2.142220e+01,2.165526e+01,2.164157e+01,2.177843e+01,2.170318e+01,2.162102e+01,2.169633e+01,2.148394e+01,2.165526e+01,2.144964e+01,2.100960e+01,2.023489e+01,1.999852e+01,1.988710e+01,1.987316e+01,1.992193e+01,1.993586e+01,1.992193e+01,2.000548e+01,2.000548e+01,2.004723e+01,2.034592e+01,2.047762e+01,2.040833e+01,2.042912e+01,2.033899e+01,2.010287e+01,2.013068e+01,1.982437e+01,1.983134e+01,1.980345e+01,1.999852e+01,1.992890e+01,1.974067e+01,1.986619e+01,1.986619e+01,1.987316e+01,1.997068e+01,1.990103e+01,1.989407e+01,1.991496e+01,1.994283e+01,1.999156e+01,2.008201e+01,2.019321e+01,2.045684e+01,2.082338e+01,2.098203e+01,2.098203e+01,2.123674e+01,2.131233e+01,2.120923e+01,2.127798e+01,2.118172e+01,2.127798e+01,2.121611e+01,2.108537e+01,2.094067e+01,2.053303e+01,2.050533e+01,2.051918e+01,2.058840e+01,2.067831e+01,2.068522e+01,2.062990e+01,2.051225e+01,2.056763e+01,2.060223e+01,2.051225e+01,2.074051e+01,2.103716e+01,2.112667e+01,2.117484e+01,2.131233e+01,2.119548e+01,2.131233e+01,2.127110e+01,2.123674e+01,2.125048e+01,2.124361e+01,2.125736e+01,2.131920e+01,2.129172e+01,2.132607e+01,2.128485e+01,2.120923e+01,2.120923e+01,2.121611e+01,2.123674e+01,2.127798e+01,2.129172e+01,2.120235e+01,2.120923e+01,2.119548e+01,2.111291e+01,2.105094e+01,2.077505e+01,2.049840e+01,2.001244e+01,1.992890e+01,1.994283e+01,1.989407e+01,1.990800e+01,1.992890e+01,1.984528e+01,1.984528e+01,1.981042e+01,1.981042e+01,1.978950e+01,1.981042e+01,1.963594e+01,1.977555e+01,1.974764e+01,1.974764e+01,1.974067e+01,1.970577e+01,1.990103e+01,2.008896e+01,2.065757e+01,2.103716e+01,2.103716e+01,2.074051e+01,2.069213e+01,2.072669e+01,2.073360e+01,2.071978e+01,2.094757e+01,2.113355e+01,2.116796e+01,2.118172e+01,2.114044e+01,2.118860e+01,2.106471e+01,2.111979e+01,2.115420e+01,2.113355e+01,2.118172e+01,2.118172e+01,2.108537e+01,2.110602e+01,2.111291e+01,2.117484e+01,2.116796e+01,2.114732e+01,2.111979e+01,2.122298e+01,2.116796e+01,2.118172e+01,2.118860e+01,2.118860e+01,2.120235e+01,2.120235e+01,2.118172e+01,2.122986e+01,2.114732e+01,2.117484e+01,2.122986e+01,2.118860e+01,2.118860e+01,2.113355e+01,2.123674e+01,2.122986e+01,2.120235e+01,2.124361e+01,2.119548e+01,2.120235e+01,2.120923e+01,2.119548e+01,2.119548e+01,2.102338e+01,2.115420e+01,2.114732e+01,2.118860e+01,2.119548e+01,2.114732e+01,2.127110e+01,2.114732e+01,2.122986e+01,2.120923e+01,2.122986e+01,2.111291e+01,2.118172e+01,2.116108e+01,2.119548e+01,2.109914e+01,2.112667e+01,2.110602e+01,2.092688e+01,2.108537e+01,2.111979e+01,2.107160e+01,2.110602e+01,2.117484e+01,2.103027e+01,2.111979e+01,2.101649e+01,2.112667e+01,2.111291e+01,2.118860e+01,2.120923e+01,2.107848e+01,2.110602e+01,2.105094e+01,2.101649e+01,2.100960e+01,2.110602e+01,2.116108e+01,2.087859e+01,2.102338e+01,2.100960e+01,2.107160e+01,2.105094e+01,2.098893e+01,2.107160e+01,2.098893e+01,2.099582e+01,2.099582e+01,2.100960e+01,2.098893e+01,2.088549e+01,2.109225e+01,2.110602e+01,2.108537e+01,2.104405e+01,2.105094e+01,2.105782e+01,2.103027e+01,2.114732e+01,2.114044e+01,2.098203e+01,2.105094e+01,2.110602e+01,2.109225e+01,2.100271e+01,2.100960e+01,2.112667e+01,2.120235e+01,2.102338e+01,2.127798e+01,2.101649e+01,2.099582e+01,2.106471e+01,2.101649e+01,2.107848e+01,2.101649e+01,2.102338e+01,2.107160e+01,2.098893e+01,2.109914e+01,2.100271e+01,2.104405e+01,2.107160e+01,2.097514e+01,2.098893e+01,2.117484e+01,2.129859e+01,2.098203e+01,2.108537e+01,2.109914e+01,2.109914e+01,2.110602e+01,2.105782e+01,2.114044e+01,2.107848e+01,2.114732e+01,2.114044e+01,2.096825e+01,2.109914e+01,2.112667e+01,2.120235e+01,2.107848e+01,2.111979e+01,2.103027e+01,2.116796e+01,2.116796e+01,2.106471e+01,2.106471e+01,2.110602e+01,2.111291e+01,2.107848e+01,2.094757e+01,2.105094e+01
2.106471e+01,2.105094e+01,2.112667e+01,2.104405e+01,2.109225e+01,2.111979e+01,2.105782e+01,2.108537e+01,2.105094e+01,2.115420e+01,2.109225e+01,2.111291e+01,2.110602e+01,2.105782e+01,2.112667e+01,2.111979e+01,2.116108e+01,2.114044e+01,2.112667e+01,2.114044e+01,2.105782e+01,2.103716e+01,2.122298e+01,2.111291e+01,2.104405e+01,2.108537e+01,2.120923e+01,2.113355e+01,2.108537e+01,2.108537e+01,2.105782e+01,2.109914e+01,2.102338e+01,2.099582e+01,2.099582e+01,2.106471e+01,2.097514e+01,2.115420e+01,2.104405e+01,2.111291e+01,2.114044e+01,2.110602e+01,2.109914e+01,2.118860e+01,2.112667e+01,2.128485e+01,2.110602e+01,2.113355e+01,2.108537e+01,2.111291e+01,2.100960e+01,2.107160e+01,2.105094e+01,2.120923e+01,2.116108e+01,2.109914e+01,2.106471e+01,2.105782e+01,2.104405e+01,2.105782e+01,2.109914e+01,2.110602e+01,2.112667e+01,2.111291e+01,2.114044e+01,2.110602e+01,2.109225e+01,2.118860e+01,2.131233e+01,2.099582e+01,2.116108e+01,2.122986e+01,2.120923e+01,2.126423e+01,2.123674e+01,2.122986e+01,2.112667e+01,2.120923e+01,2.116796e+01,2.115420e+01,2.122298e+01,2.127798e+01,2.129172e+01,2.123674e+01,2.130546e+01,2.125736e+01,2.131920e+01,2.120235e+01,2.149080e+01,2.125048e+01,2.127110e+01,2.131920e+01,2.122986e+01,2.123674e+01,2.127110e+01,2.125736e+01,2.130546e+01,2.131233e+01,2.135355e+01,2.131920e+01,2.127110e+01,2.136728e+01,2.127798e+01,2.133981e+01,2.128485e+01,2.136041e+01,2.133294e+01,2.130546e+01,2.133294e+01,2.142906e+01,2.132607e+01,2.127798e+01,2.133294e+01,2.132607e+01,2.137415e+01,2.131233e+01,2.133294e+01,2.132607e+01,2.138101e+01,2.128485e+01,2.133981e+01,2.135355e+01,2.136041e+01,2.140161e+01,2.130546e+01,2.127798e+01,2.138101e+01,2.130546e+01,2.144964e+01,2.136728e+01,2.134668e+01,2.132607e+01,2.134668e+01,2.132607e+01,2.136728e+01,2.136041e+01,2.132607e+01,2.131233e+01,2.133981e+01,2.139474e+01,2.133294e+01,2.134668e+01,2.136041e+01,2.136728e+01,2.130546e+01,2.136041e+01,2.137415e+01,2.137415e+01,2.138788e+01,2.137415e+01,2.140847e+01,2.141533e+01,2.139474e+01,2.138788e+01,2.130546e+01,2.140847e+01,2.131920e+01,2.124361e+01,2.128485e+01,2.135355e+01,2.126423e+01,2.132607e+01,2.128485e+01,2.135355e+01,2.134668e+01,2.128485e+01,2.138788e+01,2.142906e+01,2.131233e+01,2.129859e+01,2.138788e+01,2.136728e+01,2.139474e+01,2.125736e+01,2.139474e+01,2.145650e+01,2.146336e+01,2.147022e+01,2.136728e+01,2.139474e+01,2.138788e+01,2.144278e+01,2.143592e+01,2.129859e+01,2.129859e+01,2.136041e+01,2.132607e+01,2.136728e+01,2.140161e+01,2.133294e+01,2.133981e+01,2.132607e+01,2.122986e+01,2.125048e+01,2.135355e+01,2.133981e+01,2.131233e+01,2.133294e+01,2.133294e+01,2.121611e+01,2.123674e+01,2.112667e+01,2.105782e+01,2.101649e+01,2.040140e+01,2.044991e+01,2.041526e+01,2.032512e+01,2.036673e+01,2.033899e+01,2.024183e+01,2.033205e+01,1.997068e+01,2.029736e+01,2.024877e+01,2.028348e+01,2.031124e+01,2.029042e+01,2.020711e+01,2.022100e+01,2.018627e+01,2.024877e+01,2.015153e+01,2.022794e+01,2.023489e+01,2.017932e+01,2.015153e+01,2.015153e+01,2.016542e+01,2.013763e+01,2.014458e+01,2.019321e+01,2.017237e+01,2.016542e+01,2.008201e+01,2.013068e+01,2.008201e+01,2.014458e+01,2.008201e+01,2.004027e+01,2.004027e+01,2.009591e+01,2.016542e+01,2.006810e+01,2.012372e+01,2.003332e+01,2.010982e+01,2.005419e+01,2.006114e+01,2.008201e+01,2.012372e+01,1.992193e+01,2.000548e+01,2.006810e+01,2.006114e+01,2.010287e+01,2.012372e+01,2.018627e+01,2.078195e+01,2.120923e+01,2.132607e+01,2.130546e+01,2.131920e+01,2.135355e+01,2.129172e+01,2.129859e+01,2.132607e+01,2.122986e+01,2.126423e+01,2.122986e+01,2.123674e+01,2.120235e+01,2.120235e+01,2.086479e+01,2.037366e+01,2.004723e+01,2.005419e+01,2.013068e+01,2.013068e+01,2.015153e+01,2.018627e+01,2.022794e+01,2.003332e+01,2.004723e+01,2.003332e+01,2.006810e+01,2.003332e+01,2.000548e+01,2.009591e+01,1.999156e+01,2.001940e+01,1.999852e+01,1.998460e+01,1.997068e+01,1.992193e+01,2.002636e+01,1.985922e+01,1.997068e+01,1.992890e+01,1.990103e+01,1.979647e+01,1.988710e+01,1.981042e+01,1.991496e+01,1.994283e+01,1.981740e+01,1.976858e+01,1.980345e+01,1.980345e+01,1.987316e+01,1.987316e+01,1.994979e+01,1.997068e+01,1.993586e+01,1.993586e+01,2.001940e+01,2.004027e+01,2.001940e+01,2.006810e+01,2.005419e+01,2.004723e+01,2.008201e+01,2.015848e+01,2.011677e+01,2.002636e+01,2.006114e+01,2.010982e+01,2.009591e+01,2.004027e+01,2.001940e+01,2.002636e+01,2.000548e+01,2.006114e+01,2.009591e+01,2.007505e+01,2.009591e+01,1.997764e+01,2.009591e+01,1.997068e+01,1.998460e+01,1.974067e+01,1.994979e+01,1.998460e+01,1.994979e+01,1.996371e+01,2.003332e+01,2.004723e+01,1.994283e+01,1.990800e+01,1.994283e+01,1.993586e+01,2.004027e+01,1.994979e+01,2.005419e+01,1.992890e+01,1.994283e+01,2.025571e+01,2.076123e+01,2.162102e+01,2.168949e+01,2.175791e+01,2.175107e+01,2.171002e+01,2.168949e+01,2.173055e+01,2.170318e+01,2.168949e+01,2.142220e+01,2.100271e+01,2.025571e+01,1.999156e+01,1.991496e+01,1.985225e+01,1.985922e+01,1.985225e+01,1.992890e+01,1.983831e+01,1.990103e+01,1.985225e+01,1.999156e+01,2.021405e+01,2.024877e+01,2.040833e+01,2.042912e+01,2.040140e+01,2.026266e+01,2.014458e+01,2.004723e+01,1.994979e+01,1.996371e+01,1.991496e+01,1.998460e+01,1.997764e+01,1.999156e+01,1.988013e+01,1.990103e+01,1.992890e+01,2.002636e+01,2.001940e+01,1.995675e+01,2.014458e+01,2.013068e+01,2.047762e+01,2.081648e+01,2.105094e+01,2.116796e+01,2.124361e+01,2.127110e+01,2.131233e+01,2.120235e+01,2.127798e+01,2.128485e+01,2.120235e+01,2.116796e+01,2.118860e+01,2.093377e+01,2.068522e+01,2.060915e+01,2.060223e+01,2.055379e+01,2.058840e+01,2.056763e+01,2.056071e+01,2.047070e+01,2.053995e+01,2.059531e+01,2.063682e+01,2.093377e+01,2.112667e+01,2.117484e+01,2.125736e+01,2.129859e+01,2.124361e+01,2.142220e+01,2.123674e+01,2.122986e+01,2.128485e+01,2.116796e+01,2.116108e+01,2.122986e+01,2.125736e+01,2.129172e+01,2.122298e+01,2.125736e+01,2.125736e+01,2.127798e+01,2.123674e+01,2.127798e+01,2.127798e+01,2.127798e+01,2.114732e+01,2.115420e+01,2.111291e+01,2.075432e+01,2.022100e+01,2.020016e+01,1.990103e+01,1.990800e+01,1.994979e+01,1.991496e+01,1.991496e+01,1.991496e+01,1.971973e+01,1.988710e+01,1.981740e+01,1.981740e+01,1.981042e+01,1.979647e+01,1.982437e+01,1.975462e+01,1.981042e+01,1.975462e+01,1.980345e+01,1.972671e+01,1.990103e+01,1.991496e+01,2.038060e+01,2.073360e+01,2.038060e+01,2.014458e+01,2.017237e+01,2.010982e+01,2.004723e+01,2.013068e+01,2.060223e+01,2.080267e+01,2.096135e+01,2.113355e+01,2.118860e+01,2.119548e+01,2.113355e+01,2.100271e+01,2.115420e+01,2.107848e+01,2.114044e+01,2.119548e+01,2.114732e+01,2.115420e+01,2.118172e+01,2.113355e+01,2.111979e+01,2.109914e+01,2.129859e+01,2.117484e+01,2.117484e+01,2.118860e+01,2.115420e+01,2.115420e+01,2.110602e+01,2.114732e+01,2.107848e+01,2.112667e+01,2.120235e+01,2.124361e+01,2.124361e+01,2.119548e+01,2.116108e+01,2.124361e+01,2.121611e+01,2.115420e+01,2.115420e+01,2.120235e+01,2.114732e+01,2.119548e+01,2.121611e+01,2.116108e+01,2.116108e+01,2.109914e+01,2.118860e+01,2.119548e+01,2.120923e+01,2.113355e+01,2.112667e+01,2.116108e+01,2.118860e+01,2.110602e+01,2.113355e+01,2.111291e+01,2.116108e+01,2.115420e+01,2.114044e+01,2.122986e+01,2.114732e+01,2.123674e+01,2.111291e+01,2.108537e+01,2.114732e+01,2.111979e+01,2.114732e+01,2.111291e+01,2.111979e+01,2.116108e+01,2.102338e+01,2.114044e+01,2.111291e+01,2.110602e+01,2.120923e+01,2.120235e+01,2.121611e+01,2.120235e+01,2.111979e+01,2.108537e+01,2.101649e+01,2.098203e+01,2.100271e+01,2.080267e+01,2.098203e+01,2.097514e+01,2.097514e+01,2.106471e+01,2.101649e+01,2.098203e+01,2.098893e+01,2.102338e+01,2.104405e+01,2.105094e+01,2.107160e+01,2.108537e+01,2.111979e+01,2.107848e+01,2.107160e+01,2.105094e+01,2.105782e+01,2.085789e+01,2.105094e+01,2.104405e+01,2.102338e+01,2.100960e+01,2.105782e+01,2.111979e+01,2.107848e+01,2.109225e+01,2.111979e+01,2.118172e+01,2.098203e+01,2.118172e+01,2.099582e+01,2.100960e+01,2.103716e+01,2.098203e+01,2.109225e+01,2.096135e+01,2.098893e+01,2.108537e+01,2.105782e+01,2.106471e+01,2.103027e+01,2.107160e+01,2.114044e+01,2.109225e+01,2.105094e+01,2.106471e+01,2.107160e+01,2.103716e+01,2.111291e+01,2.111291e+01,2.102338e+01,2.113355e+01,2.109914e+01,2.114732e+01,2.111291e+01,2.111291e+01,2.107848e+01,2.111291e+01,2.110602e+01,2.112667e+01,2.112667e+01,2.113355e+01,2.105094e+01,2.106471e+01,2.105094e+01,2.111979e+01,2.110602e+01,2.114732e+01,2.115420e+01,2.115420e+01,2.114044e+01,2.111291e+01,2.108537e+01,2.107848e+01
2.103027e+01,2.105782e+01,2.097514e+01,2.107160e+01,2.107160e+01,2.111979e+01,2.111291e+01,2.111291e+01,2.107160e+01,2.110602e+01,2.116108e+01,2.111291e+01,2.108537e+01,2.106471e+01,2.108537e+01,2.108537e+01,2.108537e+01,2.107848e+01,2.101649e+01,2.111291e+01,2.117484e+01,2.111291e+01,2.107160e+01,2.105782e+01,2.111979e+01,2.105782e+01,2.106471e+01,2.109914e+01,2.108537e+01,2.105094e+01,2.105094e+01,2.104405e+01,2.110602e+01,2.105094e+01,2.099582e+01,2.115420e+01,2.098203e+01,2.110602e+01,2.107848e+01,2.111979e+01,2.104405e+01,2.107848e+01,2.110602e+01,2.111979e+01,2.111291e+01,2.112667e+01,2.120923e+01,2.123674e+01,2.110602e+01,2.122986e+01,2.112667e+01,2.111291e+01,2.116796e+01,2.100960e+01,2.114732e+01,2.112667e+01,2.120923e+01,2.107848e+01,2.101649e+01,2.109914e+01,2.109914e+01,2.105782e+01,2.127798e+01,2.104405e+01,2.114732e+01,2.116108e+01,2.110602e+01,2.121611e+01,2.107160e+01,2.109914e+01,2.120235e+01,2.122298e+01,2.124361e+01,2.098893e+01,2.122298e+01,2.118860e+01,2.113355e+01,2.118860e+01,2.111291e+01,2.122986e+01,2.108537e+01,2.131233e+01,2.109225e+01,2.121611e+01,2.127110e+01,2.117484e+01,2.138788e+01,2.129859e+01,2.119548e+01,2.122298e+01,2.120235e+01,2.120923e+01,2.123674e+01,2.126423e+01,2.130546e+01,2.134668e+01,2.126423e+01,2.132607e+01,2.134668e+01,2.125048e+01,2.125736e+01,2.125048e+01,2.133294e+01,2.133294e+01,2.133981e+01,2.134668e+01,2.138101e+01,2.137415e+01,2.138788e+01,2.138101e+01,2.138101e+01,2.129172e+01,2.127110e+01,2.128485e+01,2.133981e+01,2.133294e+01,2.128485e+01,2.133294e+01,2.129172e+01,2.136041e+01,2.132607e+01,2.138101e+01,2.131233e+01,2.131233e+01,2.119548e+01,2.135355e+01,2.127110e+01,2.126423e+01,2.134668e+01,2.133981e+01,2.134668e+01,2.110602e+01,2.132607e+01,2.131920e+01,2.135355e+01,2.140847e+01,2.133294e+01,2.129172e+01,2.142220e+01,2.125048e+01,2.130546e+01,2.139474e+01,2.133294e+01,2.136728e+01,2.134668e+01,2.144964e+01,2.132607e+01,2.132607e+01,2.124361e+01,2.140161e+01,2.139474e+01,2.138788e+01,2.121611e+01,2.130546e+01,2.130546e+01,2.120235e+01,2.133294e+01,2.132607e+01,2.145650e+01,2.133981e+01,2.137415e+01,2.142220e+01,2.145650e+01,2.138101e+01,2.135355e+01,2.127798e+01,2.130546e+01,2.140161e+01,2.140161e+01,2.140161e+01,2.140161e+01,2.133981e+01,2.138788e+01,2.136041e+01,2.136728e+01,2.127110e+01,2.134668e+01,2.131920e+01,2.135355e+01,2.133294e+01,2.132607e+01,2.131920e+01,2.130546e+01,2.138788e+01,2.139474e+01,2.126423e+01,2.133294e+01,2.132607e+01,2.133981e+01,2.131233e+01,2.126423e+01,2.128485e+01,2.134668e+01,2.125736e+01,2.126423e+01,2.127110e+01,2.120923e+01,2.120923e+01,2.117484e+01,2.114732e+01,2.105094e+01,2.086479e+01,2.069213e+01,2.047762e+01,2.030430e+01,2.031124e+01,2.033205e+01,2.031818e+01,2.029736e+01,2.028348e+01,2.032512e+01,2.031124e+01,2.028348e+01,2.028348e+01,2.027654e+01,2.025571e+01,2.024877e+01,2.035286e+01,2.021405e+01,2.022100e+01,2.022794e+01,2.014458e+01,2.021405e+01,2.025571e+01,2.023489e+01,2.010287e+01,2.012372e+01,2.019321e+01,2.010287e+01,2.013763e+01,2.017237e+01,2.016542e+01,2.013763e+01,2.020016e+01,2.015153e+01,2.013068e+01,2.016542e+01,2.003332e+01,2.015153e+01,2.008896e+01,2.009591e+01,2.006810e+01,2.012372e+01,2.010287e+01,2.006810e+01,2.022794e+01,2.011677e+01,2.008201e+01,2.007505e+01,2.006114e+01,2.010982e+01,2.005419e+01,1.997068e+01,2.001940e+01,2.006114e+01,2.008896e+01,2.006114e+01,2.023489e+01,2.077505e+01,2.124361e+01,2.131920e+01,2.133294e+01,2.131233e+01,2.128485e+01,2.127798e+01,2.133981e+01,2.129172e+01,2.120923e+01,2.112667e+01,2.108537e+01,2.110602e+01,2.116108e+01,2.116796e+01,2.076814e+01,2.014458e+01,2.006114e+01,2.006114e+01,2.006810e+01,2.008896e+01,2.012372e+01,2.012372e+01,2.007505e+01,2.006810e+01,2.006810e+01,2.005419e+01,2.008896e+01,2.009591e+01,2.010982e+01,1.999156e+01,1.999852e+01,1.999852e+01,2.001940e+01,2.000548e+01,1.997764e+01,1.988710e+01,1.998460e+01,1.994979e+01,1.982437e+01,1.998460e+01,1.980345e+01,1.980345e+01,1.976160e+01,1.994979e+01,1.990103e+01,1.976858e+01,1.983134e+01,1.963594e+01,1.975462e+01,1.978253e+01,1.990103e+01,1.996371e+01,1.988710e+01,1.990800e+01,2.004723e+01,1.994979e+01,2.000548e+01,1.995675e+01,1.990103e+01,1.999156e+01,2.007505e+01,2.001244e+01,2.000548e+01,2.010982e+01,1.999852e+01,2.008896e+01,2.010287e+01,2.008896e+01,2.005419e+01,2.004723e+01,2.005419e+01,2.005419e+01,2.001244e+01,1.999156e+01,2.007505e+01,2.006810e+01,2.001244e+01,2.001244e+01,1.999852e+01,1.984528e+01,2.002636e+01,1.998460e+01,2.001940e+01,1.999852e+01,2.004027e+01,2.004027e+01,1.995675e+01,1.997764e+01,1.994979e+01,1.987316e+01,1.992890e+01,2.004027e+01,1.993586e+01,1.989407e+01,2.007505e+01,1.990800e+01,1.997068e+01,1.989407e+01,2.051918e+01,2.142906e+01,2.169633e+01,2.166895e+01,2.181262e+01,2.166895e+01,2.164841e+01,2.168949e+01,2.163472e+01,2.168949e+01,2.148394e+01,2.099582e+01,2.001244e+01,1.992193e+01,1.988013e+01,1.988013e+01,1.988013e+01,1.988710e+01,1.991496e+01,1.981740e+01,1.983134e+01,1.982437e+01,1.994979e+01,1.997764e+01,2.000548e+01,2.026960e+01,2.032512e+01,2.047762e+01,2.051225e+01,2.042219e+01,2.031124e+01,2.046377e+01,2.021405e+01,2.025571e+01,2.028348e+01,2.003332e+01,1.995675e+01,1.994979e+01,2.004027e+01,1.991496e+01,1.990103e+01,2.002636e+01,2.021405e+01,2.035980e+01,2.048455e+01,2.105782e+01,2.110602e+01,2.110602e+01,2.122298e+01,2.129172e+01,2.120235e+01,2.120923e+01,2.124361e+01,2.131920e+01,2.128485e+01,2.116108e+01,2.115420e+01,2.117484e+01,2.116108e+01,2.094067e+01,2.066448e+01,2.062299e+01,2.058840e+01,2.058840e+01,2.054687e+01,2.061607e+01,2.053303e+01,2.059531e+01,2.064374e+01,2.091308e+01,2.118860e+01,2.109914e+01,2.118860e+01,2.122986e+01,2.138101e+01,2.125048e+01,2.133294e+01,2.136728e+01,2.125736e+01,2.128485e+01,2.121611e+01,2.120235e+01,2.120923e+01,2.114044e+01,2.127110e+01,2.127798e+01,2.122986e+01,2.127110e+01,2.119548e+01,2.122986e+01,2.122986e+01,2.117484e+01,2.117484e+01,2.115420e+01,2.086479e+01,2.049840e+01,2.020711e+01,1.995675e+01,1.989407e+01,1.988013e+01,1.986619e+01,1.990103e+01,1.990103e+01,1.984528e+01,1.992890e+01,1.984528e+01,1.987316e+01,1.983831e+01,1.981740e+01,1.974764e+01,1.980345e+01,1.980345e+01,1.976160e+01,1.973369e+01,1.974764e+01,1.974764e+01,1.971275e+01,1.985225e+01,1.985225e+01,2.008201e+01,1.997068e+01,1.988710e+01,1.978950e+01,1.978950e+01,1.981042e+01,1.982437e+01,1.994979e+01,1.992890e+01,2.042219e+01,2.086479e+01,2.109225e+01,2.114732e+01,2.109225e+01,2.101649e+01,2.117484e+01,2.119548e+01,2.101649e+01,2.108537e+01,2.113355e+01,2.104405e+01,2.115420e+01,2.114044e+01,2.105782e+01,2.115420e+01,2.110602e+01,2.120235e+01,2.107848e+01,2.114732e+01,2.110602e+01,2.116108e+01,2.117484e+01,2.123674e+01,2.123674e+01,2.105094e+01,2.120235e+01,2.112667e+01,2.121611e+01,2.118860e+01,2.121611e+01,2.126423e+01,2.124361e+01,2.118860e+01,2.114732e+01,2.115420e+01,2.120923e+01,2.118172e+01,2.121611e+01,2.119548e+01,2.103027e+01,2.116108e+01,2.119548e+01,2.116796e+01,2.147022e+01,2.116796e+01,2.113355e+01,2.118172e+01,2.114044e+01,2.114044e+01,2.117484e+01,2.111291e+01,2.113355e+01,2.113355e+01,2.115420e+01,2.111979e+01,2.116796e+01,2.107848e+01,2.124361e+01,2.109914e+01,2.123674e+01,2.115420e+01,2.100271e+01,2.118172e+01,2.116796e+01,2.112667e+01,2.112667e+01,2.107160e+01,2.118860e+01,2.115420e+01,2.112667e+01,2.119548e+01,2.111291e+01,2.107848e+01,2.100271e+01,2.099582e+01,2.105094e+01,2.107160e+01,2.100271e+01,2.097514e+01,2.097514e+01,2.097514e+01,2.103716e+01,2.100960e+01,2.100271e+01,2.103027e+01,2.098893e+01,2.103027e+01,2.103716e+01,2.105782e+01,2.106471e+01,2.096825e+01,2.107848e+01,2.112667e+01,2.098203e+01,2.108537e+01,2.105782e+01,2.108537e+01,2.105094e+01,2.105094e+01,2.087859e+01,2.107848e+01,2.098203e+01,2.103716e+01,2.107848e+01,2.095446e+01,2.094067e+01,2.106471e+01,2.104405e+01,2.100271e+01,2.111291e+01,2.100960e+01,2.104405e+01,2.099582e+01,2.107848e+01,2.110602e+01,2.103027e+01,2.100960e+01,2.104405e+01,2.101649e+01,2.104405e+01,2.109225e+01,2.122298e+01,2.089929e+01,2.106471e+01,2.108537e+01,2.105094e+01,2.109914e+01,2.100271e+01,2.114044e+01,2.118860e+01,2.114044e+01,2.101649e+01,2.103027e+01,2.104405e+01,2.114044e+01,2.103027e+01,2.109914e+01,2.116108e+01,2.118172e+01,2.127798e+01,2.106471e+01,2.116796e+01,2.114732e+01,2.106471e+01,2.109225e+01,2.117484e+01,2.117484e+01,2.113355e+01,2.112667e+01,2.115420e+01,2.093377e+01,2.109225e+01,2.114732e+01,2.115420e+01
2.105094e+01,2.113355e+01,2.104405e+01,2.109225e+01,2.103716e+01,2.094757e+01,2.111979e+01,2.113355e+01,2.107848e+01,2.114044e+01,2.109225e+01,2.107160e+01,2.110602e+01,2.113355e+01,2.111979e+01,2.107160e+01,2.107848e+01,2.110602e+01,2.100271e+01,2.108537e+01,2.116108e+01,2.111979e+01,2.112667e+01,2.107160e+01,2.105782e+01,2.112667e+01,2.103716e+01,2.111291e+01,2.105094e+01,2.107160e+01,2.109225e+01,2.104405e+01,2.094067e+01,2.118172e+01,2.103027e+01,2.105094e+01,2.109914e+01,2.136041e+01,2.130546e+01,2.113355e+01,2.106471e+01,2.107848e+01,2.116796e+01,2.108537e+01,2.114044e+01,2.114732e+01,2.114044e+01,2.111291e+01,2.108537e+01,2.121611e+01,2.116108e+01,2.102338e+01,2.120235e+01,2.115420e+01,2.120235e+01,2.105094e+01,2.118172e+01,2.108537e+01,2.109914e+01,2.108537e+01,2.107848e+01,2.111291e+01,2.116796e+01,2.121611e+01,2.109225e+01,2.108537e+01,2.111979e+01,2.107160e+01,2.117484e+01,2.107160e+01,2.111979e+01,2.114044e+01,2.122986e+01,2.122986e+01,2.120235e+01,2.125736e+01,2.127110e+01,2.116796e+01,2.122298e+01,2.108537e+01,2.119548e+01,2.128485e+01,2.118172e+01,2.120923e+01,2.118172e+01,2.122298e+01,2.131920e+01,2.132607e+01,2.129172e+01,2.131233e+01,2.131920e+01,2.127110e+01,2.125048e+01,2.134668e+01,2.131233e+01,2.128485e+01,2.133294e+01,2.136728e+01,2.136041e+01,2.136728e+01,2.134668e+01,2.126423e+01,2.135355e+01,2.129172e+01,2.131920e+01,2.135355e+01,2.136728e+01,2.134668e+01,2.136728e+01,2.138788e+01,2.132607e+01,2.131233e+01,2.127110e+01,2.128485e+01,2.133294e+01,2.129859e+01,2.131233e+01,2.140161e+01,2.128485e+01,2.139474e+01,2.131920e+01,2.132607e+01,2.126423e+01,2.127110e+01,2.127110e+01,2.131233e+01,2.134668e+01,2.136041e+01,2.133294e+01,2.130546e+01,2.127798e+01,2.133981e+01,2.138788e+01,2.139474e+01,2.132607e+01,2.128485e+01,2.132607e+01,2.138788e+01,2.129859e+01,2.133981e+01,2.147708e+01,2.128485e+01,2.142906e+01,2.141533e+01,2.136728e+01,2.147708e+01,2.126423e+01,2.129859e+01,2.136728e+01,2.139474e+01,2.133294e+01,2.138788e+01,2.136728e+01,2.129859e+01,2.136728e+01,2.132607e+01,2.140847e+01,2.134668e+01,2.133294e+01,2.139474e+01,2.148394e+01,2.133294e+01,2.138101e+01,2.141533e+01,2.141533e+01,2.140847e+01,2.133294e+01,2.138788e+01,2.140847e+01,2.140847e+01,2.129172e+01,2.131233e+01,2.135355e+01,2.133294e+01,2.142906e+01,2.138788e+01,2.135355e+01,2.129859e+01,2.136041e+01,2.129859e+01,2.141533e+01,2.139474e+01,2.136728e+01,2.133294e+01,2.133294e+01,2.129859e+01,2.130546e+01,2.127110e+01,2.125048e+01,2.135355e+01,2.131233e+01,2.124361e+01,2.123674e+01,2.127110e+01,2.129172e+01,2.121611e+01,2.116796e+01,2.109225e+01,2.115420e+01,2.110602e+01,2.071978e+01,2.042912e+01,2.035286e+01,2.022100e+01,2.030430e+01,2.030430e+01,2.032512e+01,2.034592e+01,2.024183e+01,2.033899e+01,2.030430e+01,2.021405e+01,2.031818e+01,2.029736e+01,2.024183e+01,2.056071e+01,2.029736e+01,2.025571e+01,2.031818e+01,2.026266e+01,2.022794e+01,2.020711e+01,2.022100e+01,2.018627e+01,2.022794e+01,2.024877e+01,2.016542e+01,2.015153e+01,2.013763e+01,2.020711e+01,2.024183e+01,2.020016e+01,2.016542e+01,2.021405e+01,2.020016e+01,2.020711e+01,2.018627e+01,2.016542e+01,2.011677e+01,2.012372e+01,2.011677e+01,2.005419e+01,2.004027e+01,1.997764e+01,2.018627e+01,2.013068e+01,2.007505e+01,2.013068e+01,2.010287e+01,2.008896e+01,2.009591e+01,2.009591e+01,2.003332e+01,2.004027e+01,2.001940e+01,2.010287e+01,2.016542e+01,2.021405e+01,2.085099e+01,2.122298e+01,2.137415e+01,2.136041e+01,2.139474e+01,2.130546e+01,2.131920e+01,2.131233e+01,2.131233e+01,2.122298e+01,2.106471e+01,2.078195e+01,2.082338e+01,2.084409e+01,2.084409e+01,2.067139e+01,2.015848e+01,2.017932e+01,2.005419e+01,2.006114e+01,2.006114e+01,2.006810e+01,2.007505e+01,2.014458e+01,2.011677e+01,2.011677e+01,2.008201e+01,2.014458e+01,2.014458e+01,2.013068e+01,2.008896e+01,2.000548e+01,2.004027e+01,2.001940e+01,1.994979e+01,2.003332e+01,1.985922e+01,2.001244e+01,1.993586e+01,1.992193e+01,1.983831e+01,1.995675e+01,1.994283e+01,1.993586e+01,1.995675e+01,1.992193e+01,1.985922e+01,1.992890e+01,1.978253e+01,1.982437e+01,1.978950e+01,1.978950e+01,1.993586e+01,1.992193e+01,2.002636e+01,1.993586e+01,1.990103e+01,2.005419e+01,1.991496e+01,2.002636e+01,1.999156e+01,2.001244e+01,2.008896e+01,2.005419e+01,2.016542e+01,2.006114e+01,2.004723e+01,2.013763e+01,2.007505e+01,2.004723e+01,2.006810e+01,2.013763e+01,2.013068e+01,2.008896e+01,2.001244e+01,2.006810e+01,2.006114e+01,2.001244e+01,2.003332e+01,1.999156e+01,2.001244e+01,2.004723e+01,1.999156e+01,2.004723e+01,2.001940e+01,1.998460e+01,2.006810e+01,2.004723e+01,1.998460e+01,1.995675e+01,2.004723e+01,1.995675e+01,1.992890e+01,1.996371e+01,1.991496e+01,1.999156e+01,1.996371e+01,1.999156e+01,1.999852e+01,2.043605e+01,2.144278e+01,2.175791e+01,2.178527e+01,2.169633e+01,2.164841e+01,2.173055e+01,2.167580e+01,2.157306e+01,2.166211e+01,2.140161e+01,2.054687e+01,1.994979e+01,1.992193e+01,1.989407e+01,1.983831e+01,1.989407e+01,1.981042e+01,1.983831e+01,1.983134e+01,1.995675e+01,1.992193e+01,1.994283e+01,1.994283e+01,2.006114e+01,1.997764e+01,2.015848e+01,2.044298e+01,2.044991e+01,2.053995e+01,2.080957e+01,2.082338e+01,2.080267e+01,2.061607e+01,2.043605e+01,2.043605e+01,2.022794e+01,2.013068e+01,2.027654e+01,2.024877e+01,2.033899e+01,2.034592e+01,2.074051e+01,2.074742e+01,2.103716e+01,2.119548e+01,2.105094e+01,2.116796e+01,2.129859e+01,2.135355e+01,2.129859e+01,2.128485e+01,2.136041e+01,2.120923e+01,2.123674e+01,2.118860e+01,2.119548e+01,2.118172e+01,2.115420e+01,2.093377e+01,2.062990e+01,2.054687e+01,2.056071e+01,2.060223e+01,2.077505e+01,2.057456e+01,2.060915e+01,2.062990e+01,2.112667e+01,2.105782e+01,2.129859e+01,2.133981e+01,2.131233e+01,2.120235e+01,2.125736e+01,2.128485e+01,2.123674e+01,2.119548e+01,2.127798e+01,2.122298e+01,2.133294e+01,2.122298e+01,2.117484e+01,2.129172e+01,2.128485e+01,2.133981e+01,2.126423e+01,2.131920e+01,2.126423e+01,2.124361e+01,2.122298e+01,2.131233e+01,2.115420e+01,2.116108e+01,2.053303e+01,2.024877e+01,2.015848e+01,1.989407e+01,1.989407e+01,1.989407e+01,1.981740e+01,1.988013e+01,1.989407e+01,1.985225e+01,1.984528e+01,1.987316e+01,1.979647e+01,1.981740e+01,1.981740e+01,1.980345e+01,1.974764e+01,1.979647e+01,1.980345e+01,1.978950e+01,1.969879e+01,1.975462e+01,1.976858e+01,1.986619e+01,1.983831e+01,1.976160e+01,1.985922e+01,1.986619e+01,1.977555e+01,1.978253e+01,1.978950e+01,1.973369e+01,1.985225e+01,1.992890e+01,2.013763e+01,2.044991e+01,2.100960e+01,2.110602e+01,2.110602e+01,2.115420e+01,2.116108e+01,2.116108e+01,2.116108e+01,2.118860e+01,2.122986e+01,2.107160e+01,2.114732e+01,2.111979e+01,2.107848e+01,2.115420e+01,2.106471e+01,2.107160e+01,2.114732e+01,2.107160e+01,2.114044e+01,2.114044e+01,2.113355e+01,2.111291e+01,2.108537e+01,2.120923e+01,2.107848e+01,2.124361e+01,2.106471e+01,2.123674e+01,2.118172e+01,2.122298e+01,2.120235e+01,2.119548e+01,2.116108e+01,2.121611e+01,2.119548e+01,2.115420e+01,2.123674e+01,2.118172e+01,2.118172e+01,2.120235e+01,2.117484e+01,2.118860e+01,2.116796e+01,2.123674e+01,2.117484e+01,2.117484e+01,2.124361e+01,2.114732e+01,2.113355e+01,2.112667e+01,2.120235e+01,2.119548e+01,2.117484e+01,2.115420e+01,2.116108e+01,2.111979e+01,2.107848e+01,2.110602e+01,2.114732e+01,2.102338e+01,2.112667e+01,2.110602e+01,2.114732e+01,2.114044e+01,2.114044e+01,2.114732e+01,2.116108e+01,2.104405e+01,2.113355e+01,2.113355e+01,2.108537e+01,2.109914e+01,2.104405e+01,2.103027e+01,2.099582e+01,2.108537e+01,2.099582e+01,2.099582e+01,2.110602e+01,2.100960e+01,2.099582e+01,2.101649e+01,2.100271e+01,2.099582e+01,2.102338e+01,2.108537e+01,2.091998e+01,2.103716e+01,2.094067e+01,2.096135e+01,2.107160e+01,2.105782e+01,2.094067e+01,2.104405e+01,2.116796e+01,2.090619e+01,2.112667e+01,2.105782e+01,2.105094e+01,2.105094e+01,2.100960e+01,2.108537e+01,2.105782e+01,2.111291e+01,2.105782e+01,2.107160e+01,2.101649e+01,2.106471e+01,2.104405e+01,2.104405e+01,2.114732e+01,2.105094e+01,2.104405e+01,2.100271e+01,2.105782e+01,2.113355e+01,2.109225e+01,2.102338e+01,2.101649e+01,2.105782e+01,2.107848e+01,2.105094e+01,2.109225e+01,2.117484e+01,2.115420e+01,2.116796e+01,2.103716e+01,2.114044e+01,2.109914e+01,2.111291e+01,2.116108e+01,2.118172e+01,2.121611e+01,2.104405e+01,2.112667e+01,2.105094e+01,2.114044e+01,2.110602e+01,2.110602e+01,2.111979e+01,2.110602e+01,2.109225e+01,2.116108e+01,2.114732e+01,2.117484e+01,2.120235e+01,2.110602e+01,2.114044e+01,2.111291e+01,2.119548e+01,2.109914e+01,2.109914e+01,2.109225e+01
2.105782e+01,2.105782e+01,2.103027e+01,2.107160e+01,2.111979e+01,2.107160e+01,2.103027e+01,2.113355e+01,2.112667e+01,2.105094e+01,2.107848e+01,2.110602e+01,2.109914e+01,2.111979e+01,2.111979e+01,2.114044e+01,2.115420e+01,2.104405e+01,2.100960e+01,2.116108e+01,2.109225e+01,2.109914e+01,2.111979e+01,2.110602e+01,2.107848e+01,2.111979e+01,2.107848e+01,2.107160e+01,2.105782e+01,2.112667e+01,2.108537e+01,2.106471e+01,2.110602e+01,2.099582e+01,2.100271e+01,2.107160e+01,2.110602e+01,2.111291e+01,2.106471e+01,2.111291e+01,2.106471e+01,2.109914e+01,2.122986e+01,2.109914e+01,2.114044e+01,2.118172e+01,2.112667e+01,2.122986e+01,2.111979e+01,2.105782e+01,2.116108e+01,2.107160e+01,2.114044e+01,2.116108e+01,2.119548e+01,2.118172e+01,2.108537e+01,2.108537e+01,2.100960e+01,2.110602e+01,2.110602e+01,2.106471e+01,2.112667e+01,2.120923e+01,2.113355e+01,2.122986e+01,2.111291e+01,2.109914e+01,2.113355e+01,2.114044e+01,2.116796e+01,2.119548e+01,2.115420e+01,2.123674e+01,2.123674e+01,2.121611e+01,2.125736e+01,2.116796e+01,2.125048e+01,2.115420e+01,2.122298e+01,2.128485e+01,2.116108e+01,2.111291e+01,2.121611e+01,2.119548e+01,2.116108e+01,2.130546e+01,2.121611e+01,2.128485e+01,2.131233e+01,2.130546e+01,2.130546e+01,2.133981e+01,2.131233e+01,2.131920e+01,2.134668e+01,2.136728e+01,2.131920e+01,2.126423e+01,2.129859e+01,2.127798e+01,2.128485e+01,2.133981e+01,2.136728e+01,2.136728e+01,2.131233e+01,2.137415e+01,2.129172e+01,2.131233e+01,2.135355e+01,2.128485e+01,2.130546e+01,2.131233e+01,2.136041e+01,2.129859e+01,2.134668e+01,2.127110e+01,2.137415e+01,2.131920e+01,2.137415e+01,2.133294e+01,2.131233e+01,2.130546e+01,2.124361e+01,2.127110e+01,2.129859e+01,2.134668e+01,2.130546e+01,2.123674e+01,2.133294e+01,2.133981e+01,2.133294e+01,2.133294e+01,2.134668e+01,2.129859e+01,2.138101e+01,2.139474e+01,2.129172e+01,2.139474e+01,2.136728e+01,2.142220e+01,2.131233e+01,2.139474e+01,2.138788e+01,2.127110e+01,2.135355e+01,2.125736e+01,2.126423e+01,2.139474e+01,2.127110e+01,2.137415e+01,2.135355e+01,2.124361e+01,2.129859e+01,2.133981e+01,2.140847e+01,2.150451e+01,2.131920e+01,2.133981e+01,2.138788e+01,2.131233e+01,2.127798e+01,2.139474e+01,2.138101e+01,2.139474e+01,2.135355e+01,2.129172e+01,2.139474e+01,2.138788e+01,2.133981e+01,2.132607e+01,2.138101e+01,2.135355e+01,2.138788e+01,2.136041e+01,2.139474e+01,2.138788e+01,2.124361e+01,2.128485e+01,2.138788e+01,2.140161e+01,2.144964e+01,2.136728e+01,2.133981e+01,2.130546e+01,2.135355e+01,2.133981e+01,2.136728e+01,2.135355e+01,2.132607e+01,2.131920e+01,2.126423e+01,2.122298e+01,2.127798e+01,2.106471e+01,2.118860e+01,2.110602e+01,2.101649e+01,2.062299e+01,2.035980e+01,2.033205e+01,2.029042e+01,2.032512e+01,2.033205e+01,2.030430e+01,2.022794e+01,2.032512e+01,2.029736e+01,2.030430e+01,2.034592e+01,2.033205e+01,2.031124e+01,2.035286e+01,2.033899e+01,2.035980e+01,2.032512e+01,2.027654e+01,2.033899e+01,2.030430e+01,2.019321e+01,2.022100e+01,2.024183e+01,2.018627e+01,2.024183e+01,2.029042e+01,2.021405e+01,2.020016e+01,2.020016e+01,2.017237e+01,2.022100e+01,2.022794e+01,2.020016e+01,2.024183e+01,2.017932e+01,2.017237e+01,2.016542e+01,2.016542e+01,2.015153e+01,2.015153e+01,2.010982e+01,2.010982e+01,2.004027e+01,2.008201e+01,2.004027e+01,2.009591e+01,2.006114e+01,2.018627e+01,2.017237e+01,2.013763e+01,2.006114e+01,2.006114e+01,2.004027e+01,2.017237e+01,2.019321e+01,2.008201e+01,2.015153e+01,2.022100e+01,2.079576e+01,2.137415e+01,2.131233e+01,2.131233e+01,2.136728e+01,2.138101e+01,2.129172e+01,2.132607e+01,2.133981e+01,2.090619e+01,2.020016e+01,2.016542e+01,2.021405e+01,2.021405e+01,2.033205e+01,2.032512e+01,2.006810e+01,2.008896e+01,2.018627e+01,2.004027e+01,2.010287e+01,2.014458e+01,2.018627e+01,2.022794e+01,2.010982e+01,2.015848e+01,2.006810e+01,2.024877e+01,2.009591e+01,2.009591e+01,2.010982e+01,2.011677e+01,2.006810e+01,2.006810e+01,2.005419e+01,1.999156e+01,2.004723e+01,1.999156e+01,2.000548e+01,2.002636e+01,1.996371e+01,2.001244e+01,1.997764e+01,1.988013e+01,1.994283e+01,1.992193e+01,1.973369e+01,1.975462e+01,1.976160e+01,1.981042e+01,1.984528e+01,1.976160e+01,1.988710e+01,1.989407e+01,1.992890e+01,2.001244e+01,1.987316e+01,2.001940e+01,2.003332e+01,2.005419e+01,2.005419e+01,2.007505e+01,1.998460e+01,2.006810e+01,2.008896e+01,1.999156e+01,2.005419e+01,2.008896e+01,2.007505e+01,2.006114e+01,2.013068e+01,2.010982e+01,2.004723e+01,2.009591e+01,2.013763e+01,2.002636e+01,1.999156e+01,2.001940e+01,2.004027e+01,2.000548e+01,2.003332e+01,1.997068e+01,2.003332e+01,1.997764e+01,2.002636e+01,1.997764e+01,2.001244e+01,1.999852e+01,2.003332e+01,1.998460e+01,1.991496e+01,1.994283e+01,1.997068e+01,1.992193e+01,1.997068e+01,1.996371e+01,1.987316e+01,1.997764e+01,2.000548e+01,2.040833e+01,2.122986e+01,2.164157e+01,2.175791e+01,2.181945e+01,2.168949e+01,2.171686e+01,2.184679e+01,2.171002e+01,2.164157e+01,2.130546e+01,2.054687e+01,1.988710e+01,1.988013e+01,1.988710e+01,1.980345e+01,1.983831e+01,1.981042e+01,1.986619e+01,1.981740e+01,1.977555e+01,1.985225e+01,1.990103e+01,2.013068e+01,1.982437e+01,2.001244e+01,1.992890e+01,2.008896e+01,2.049148e+01,2.065065e+01,2.114732e+01,2.123674e+01,2.116796e+01,2.122298e+01,2.110602e+01,2.103027e+01,2.092688e+01,2.085099e+01,2.081648e+01,2.082338e+01,2.094757e+01,2.109225e+01,2.114044e+01,2.131233e+01,2.123674e+01,2.130546e+01,2.122298e+01,2.112667e+01,2.127798e+01,2.129172e+01,2.133981e+01,2.118860e+01,2.128485e+01,2.123674e+01,2.122986e+01,2.118172e+01,2.120235e+01,2.115420e+01,2.111979e+01,2.069213e+01,2.068522e+01,2.068522e+01,2.060915e+01,2.060223e+01,2.062299e+01,2.058840e+01,2.079576e+01,2.105094e+01,2.122986e+01,2.116796e+01,2.133294e+01,2.128485e+01,2.124361e+01,2.125048e+01,2.125736e+01,2.128485e+01,2.127798e+01,2.126423e+01,2.126423e+01,2.127110e+01,2.129859e+01,2.127110e+01,2.122298e+01,2.127798e+01,2.130546e+01,2.122298e+01,2.122986e+01,2.125048e+01,2.127798e+01,2.127110e+01,2.122298e+01,2.128485e+01,2.108537e+01,2.063682e+01,2.033205e+01,2.006810e+01,1.989407e+01,1.994283e+01,1.991496e+01,1.993586e+01,1.990103e+01,1.994283e+01,1.989407e+01,1.988710e+01,1.988710e+01,1.977555e+01,1.992890e+01,1.981042e+01,1.983831e+01,1.971275e+01,1.977555e+01,1.972671e+01,1.978950e+01,1.976160e+01,1.974764e+01,1.976858e+01,1.976160e+01,1.974067e+01,1.981042e+01,1.976858e+01,1.976160e+01,1.983134e+01,1.975462e+01,1.980345e+01,1.978950e+01,1.982437e+01,1.981740e+01,1.980345e+01,1.992193e+01,2.038060e+01,2.072669e+01,2.078886e+01,2.089239e+01,2.098203e+01,2.091998e+01,2.087859e+01,2.087859e+01,2.087859e+01,2.088549e+01,2.083028e+01,2.081648e+01,2.081648e+01,2.081648e+01,2.105094e+01,2.100960e+01,2.100960e+01,2.102338e+01,2.106471e+01,2.109225e+01,2.114732e+01,2.121611e+01,2.125736e+01,2.113355e+01,2.112667e+01,2.110602e+01,2.115420e+01,2.127798e+01,2.107848e+01,2.114044e+01,2.116796e+01,2.116796e+01,2.127110e+01,2.118860e+01,2.111979e+01,2.120923e+01,2.117484e+01,2.115420e+01,2.117484e+01,2.118860e+01,2.118860e+01,2.118860e+01,2.123674e+01,2.114732e+01,2.122986e+01,2.118860e+01,2.122298e+01,2.113355e+01,2.124361e+01,2.112667e+01,2.114732e+01,2.120923e+01,2.117484e+01,2.116796e+01,2.114732e+01,2.111979e+01,2.116796e+01,2.116796e+01,2.107848e+01,2.116796e+01,2.114044e+01,2.112667e+01,2.114044e+01,2.125048e+01,2.115420e+01,2.109914e+01,2.129172e+01,2.114044e+01,2.114732e+01,2.116108e+01,2.104405e+01,2.112667e+01,2.105782e+01,2.110602e+01,2.102338e+01,2.107160e+01,2.104405e+01,2.111979e+01,2.100271e+01,2.106471e+01,2.103716e+01,2.101649e+01,2.098893e+01,2.098203e+01,2.098893e+01,2.096135e+01,2.099582e+01,2.097514e+01,2.106471e+01,2.098893e+01,2.093377e+01,2.105782e+01,2.105094e+01,2.103716e+01,2.105782e+01,2.105782e+01,2.100960e+01,2.101649e+01,2.109914e+01,2.103716e+01,2.104405e+01,2.099582e+01,2.099582e+01,2.103716e+01,2.106471e+01,2.111291e+01,2.097514e+01,2.094067e+01,2.100960e+01,2.100271e+01,2.098893e+01,2.101649e+01,2.105094e+01,2.102338e+01,2.108537e+01,2.103716e+01,2.100271e+01,2.098893e+01,2.108537e+01,2.092688e+01,2.104405e+01,2.109225e+01,2.108537e+01,2.103716e+01,2.101649e+01,2.114732e+01,2.121611e+01,2.118860e+01,2.107160e+01,2.111291e+01,2.107848e+01,2.112667e+01,2.114044e+01,2.111979e+01,2.101649e+01,2.109225e+01,2.108537e+01,2.099582e+01,2.122986e+01,2.130546e+01,2.085789e+01,2.110602e+01,2.115420e+01,2.112667e+01,2.106471e+01,2.118860e+01,2.116796e+01,2.108537e+01,2.114732e+01,2.112667e+01,2.114044e+01,2.120923e+01,2.109225e+01,2.114732e+01
2.111979e+01,2.118860e+01,2.101649e+01,2.103716e+01,2.114044e+01,2.098893e+01,2.105782e+01,2.108537e+01,2.108537e+01,2.104405e+01,2.107160e+01,2.105094e+01,2.100271e+01,2.109914e+01,2.115420e+01,2.103027e+01,2.114044e+01,2.107848e+01,2.112667e+01,2.111291e+01,2.104405e+01,2.106471e+01,2.109914e+01,2.106471e+01,2.105094e+01,2.107160e+01,2.107848e+01,2.096825e+01,2.107848e+01,2.108537e+01,2.109914e+01,2.107160e+01,2.110602e+01,2.110602e+01,2.109914e+01,2.108537e+01,2.101649e+01,2.109914e+01,2.109225e+01,2.104405e+01,2.110602e+01,2.107848e+01,2.106471e+01,2.103027e+01,2.115420e+01,2.111979e+01,2.112667e+01,2.111291e+01,2.109914e+01,2.109914e+01,2.129172e+01,2.100271e+01,2.111291e+01,2.109914e+01,2.115420e+01,2.125048e+01,2.107848e+01,2.109914e+01,2.103716e+01,2.109225e+01,2.115420e+01,2.108537e+01,2.129172e+01,2.112667e+01,2.121611e+01,2.113355e+01,2.112667e+01,2.114044e+01,2.107848e+01,2.109914e+01,2.114732e+01,2.116796e+01,2.112667e+01,2.116108e+01,2.127110e+01,2.125736e+01,2.120235e+01,2.127798e+01,2.107848e+01,2.116796e+01,2.116796e+01,2.131920e+01,2.125736e+01,2.126423e+01,2.122298e+01,2.116108e+01,2.121611e+01,2.130546e+01,2.128485e+01,2.126423e+01,2.133981e+01,2.125048e+01,2.131233e+01,2.136728e+01,2.134668e+01,2.132607e+01,2.129172e+01,2.127798e+01,2.125048e+01,2.125048e+01,2.131920e+01,2.133981e+01,2.147022e+01,2.132607e+01,2.138101e+01,2.136728e+01,2.136728e+01,2.136728e+01,2.130546e+01,2.130546e+01,2.139474e+01,2.132607e+01,2.133294e+01,2.136728e+01,2.126423e+01,2.138101e+01,2.148394e+01,2.127798e+01,2.126423e+01,2.132607e+01,2.131233e+01,2.133294e+01,2.131920e+01,2.128485e+01,2.127798e+01,2.131920e+01,2.133981e+01,2.134668e+01,2.133294e+01,2.133294e+01,2.131920e+01,2.129172e+01,2.134668e+01,2.134668e+01,2.132607e+01,2.135355e+01,2.128485e+01,2.128485e+01,2.133981e+01,2.129172e+01,2.128485e+01,2.140847e+01,2.130546e+01,2.126423e+01,2.126423e+01,2.136041e+01,2.136041e+01,2.134668e+01,2.136728e+01,2.127110e+01,2.137415e+01,2.126423e+01,2.136728e+01,2.132607e+01,2.136728e+01,2.130546e+01,2.138101e+01,2.132607e+01,2.136728e+01,2.135355e+01,2.142906e+01,2.139474e+01,2.143592e+01,2.131233e+01,2.131920e+01,2.138788e+01,2.138101e+01,2.135355e+01,2.132607e+01,2.136041e+01,2.138788e+01,2.133981e+01,2.142220e+01,2.136728e+01,2.136041e+01,2.138788e+01,2.140847e+01,2.138788e+01,2.135355e+01,2.129859e+01,2.133981e+01,2.138788e+01,2.141533e+01,2.136728e+01,2.143592e+01,2.140847e+01,2.136041e+01,2.132607e+01,2.129172e+01,2.120923e+01,2.127798e+01,2.125736e+01,2.125736e+01,2.100271e+01,2.108537e+01,2.110602e+01,2.081648e+01,2.079576e+01,2.040140e+01,2.048455e+01,2.027654e+01,2.022794e+01,2.033899e+01,2.031818e+01,2.031124e+01,2.033205e+01,2.029736e+01,2.026960e+01,2.028348e+01,2.033899e+01,2.031818e+01,2.028348e+01,2.031124e+01,2.024183e+01,2.027654e+01,2.031818e+01,2.035286e+01,2.033899e+01,2.031818e+01,2.029042e+01,2.024183e+01,2.020711e+01,2.025571e+01,2.026266e+01,2.027654e+01,2.014458e+01,2.020711e+01,2.018627e+01,2.017932e+01,2.017932e+01,2.022794e+01,2.020016e+01,2.017932e+01,2.001244e+01,2.021405e+01,2.018627e+01,2.017237e+01,2.015848e+01,2.014458e+01,2.010287e+01,2.013068e+01,2.012372e+01,2.010287e+01,2.009591e+01,2.024877e+01,2.007505e+01,2.017932e+01,2.013068e+01,2.022794e+01,2.008201e+01,2.012372e+01,2.006810e+01,2.010287e+01,2.010287e+01,2.008201e+01,2.018627e+01,2.017237e+01,2.024183e+01,2.078195e+01,2.123674e+01,2.137415e+01,2.136041e+01,2.131920e+01,2.128485e+01,2.134668e+01,2.129172e+01,2.131233e+01,2.077505e+01,2.015848e+01,2.013763e+01,2.011677e+01,2.013763e+01,2.019321e+01,2.016542e+01,2.008896e+01,2.017932e+01,2.008896e+01,2.004027e+01,2.020711e+01,2.013068e+01,2.013068e+01,2.026266e+01,2.023489e+01,2.009591e+01,2.009591e+01,2.010982e+01,2.011677e+01,2.010982e+01,2.009591e+01,2.008201e+01,2.010287e+01,1.994979e+01,1.995675e+01,1.990103e+01,2.001244e+01,2.002636e+01,1.990103e+01,2.001244e+01,1.992193e+01,2.002636e+01,1.999156e+01,1.997068e+01,1.992890e+01,1.989407e+01,1.982437e+01,1.972671e+01,1.979647e+01,1.990800e+01,1.988710e+01,1.997068e+01,1.992890e+01,1.998460e+01,2.001940e+01,1.997764e+01,2.004723e+01,2.002636e+01,2.002636e+01,2.001940e+01,2.001244e+01,2.009591e+01,2.001244e+01,2.003332e+01,2.002636e+01,2.006810e+01,1.999852e+01,2.008201e+01,2.004723e+01,2.005419e+01,2.015153e+01,2.011677e+01,2.013068e+01,2.011677e+01,2.006114e+01,2.002636e+01,2.006114e+01,2.004723e+01,2.000548e+01,2.003332e+01,1.999852e+01,1.992890e+01,2.006114e+01,1.997068e+01,1.999852e+01,2.001244e+01,2.005419e+01,2.006114e+01,2.001244e+01,2.005419e+01,1.999156e+01,1.997068e+01,2.002636e+01,1.991496e+01,1.998460e+01,1.990800e+01,1.993586e+01,2.001244e+01,1.997068e+01,2.006114e+01,2.099582e+01,2.170318e+01,2.182629e+01,2.182629e+01,2.188779e+01,2.167580e+01,2.168949e+01,2.174423e+01,2.155936e+01,2.118172e+01,2.033205e+01,1.994283e+01,1.986619e+01,1.990103e+01,1.985922e+01,1.986619e+01,1.983831e+01,1.983134e+01,1.982437e+01,1.992890e+01,1.994979e+01,1.981042e+01,1.976858e+01,1.982437e+01,1.988710e+01,1.992193e+01,1.990800e+01,2.008896e+01,2.037366e+01,2.107160e+01,2.122298e+01,2.122986e+01,2.124361e+01,2.119548e+01,2.118860e+01,2.125048e+01,2.122986e+01,2.113355e+01,2.114732e+01,2.120923e+01,2.114732e+01,2.118860e+01,2.127798e+01,2.129859e+01,2.126423e+01,2.120923e+01,2.133294e+01,2.129172e+01,2.131920e+01,2.131920e+01,2.122986e+01,2.139474e+01,2.124361e+01,2.122986e+01,2.123674e+01,2.118172e+01,2.118860e+01,2.103027e+01,2.068522e+01,2.065757e+01,2.062990e+01,2.061607e+01,2.058840e+01,2.057456e+01,2.063682e+01,2.084409e+01,2.126423e+01,2.122298e+01,2.110602e+01,2.123674e+01,2.123674e+01,2.120235e+01,2.125736e+01,2.127110e+01,2.125048e+01,2.127110e+01,2.129859e+01,2.120923e+01,2.129859e+01,2.121611e+01,2.127110e+01,2.128485e+01,2.125736e+01,2.118172e+01,2.124361e+01,2.117484e+01,2.129172e+01,2.129172e+01,2.118860e+01,2.120235e+01,2.120235e+01,2.087859e+01,2.037366e+01,2.019321e+01,1.997764e+01,1.997764e+01,1.993586e+01,1.994979e+01,1.990103e+01,1.989407e+01,1.992890e+01,1.985225e+01,1.981740e+01,1.981042e+01,1.981042e+01,1.983134e+01,1.981042e+01,1.976858e+01,1.985225e+01,1.988013e+01,1.972671e+01,1.978950e+01,1.974764e+01,1.978253e+01,1.976160e+01,1.976858e+01,1.976858e+01,1.978253e+01,1.981042e+01,1.972671e+01,1.982437e+01,1.977555e+01,1.976858e+01,1.978950e+01,1.969879e+01,1.967086e+01,1.982437e+01,1.983134e+01,1.983831e+01,2.015153e+01,2.040140e+01,2.040140e+01,2.042912e+01,2.044298e+01,2.043605e+01,2.043605e+01,2.022100e+01,2.022794e+01,2.022100e+01,2.022100e+01,2.023489e+01,2.025571e+01,2.033899e+01,2.061607e+01,2.062990e+01,2.064374e+01,2.102338e+01,2.100960e+01,2.111291e+01,2.111979e+01,2.111291e+01,2.112667e+01,2.109914e+01,2.113355e+01,2.115420e+01,2.120923e+01,2.125048e+01,2.119548e+01,2.132607e+01,2.124361e+01,2.118172e+01,2.123674e+01,2.107160e+01,2.110602e+01,2.114732e+01,2.121611e+01,2.113355e+01,2.118172e+01,2.118172e+01,2.117484e+01,2.114732e+01,2.122298e+01,2.119548e+01,2.122986e+01,2.129172e+01,2.111291e+01,2.115420e+01,2.125736e+01,2.111979e+01,2.115420e+01,2.119548e+01,2.114732e+01,2.114044e+01,2.113355e+01,2.115420e+01,2.105094e+01,2.118172e+01,2.111979e+01,2.121611e+01,2.108537e+01,2.114044e+01,2.106471e+01,2.108537e+01,2.123674e+01,2.109914e+01,2.129172e+01,2.116108e+01,2.114044e+01,2.113355e+01,2.112667e+01,2.116796e+01,2.108537e+01,2.102338e+01,2.103716e+01,2.107848e+01,2.118172e+01,2.099582e+01,2.097514e+01,2.102338e+01,2.104405e+01,2.101649e+01,2.097514e+01,2.096135e+01,2.089239e+01,2.108537e+01,2.096825e+01,2.100271e+01,2.105094e+01,2.106471e+01,2.104405e+01,2.098203e+01,2.106471e+01,2.111291e+01,2.107848e+01,2.100271e+01,2.103027e+01,2.101649e+01,2.105782e+01,2.101649e+01,2.109914e+01,2.096135e+01,2.105094e+01,2.101649e+01,2.100271e+01,2.093377e+01,2.096135e+01,2.100271e+01,2.103027e+01,2.107160e+01,2.099582e+01,2.108537e+01,2.111291e+01,2.107848e+01,2.101649e+01,2.103716e+01,2.103027e+01,2.105782e+01,2.104405e+01,2.098893e+01,2.107848e+01,2.105094e+01,2.109914e+01,2.112667e+01,2.112667e+01,2.110602e+01,2.101649e+01,2.116108e+01,2.109225e+01,2.109914e+01,2.109914e+01,2.114732e+01,2.111291e+01,2.122298e+01,2.120923e+01,2.100960e+01,2.127110e+01,2.113355e+01,2.114732e+01,2.099582e+01,2.109914e+01,2.108537e+01,2.107848e+01,2.112667e+01,2.116108e+01,2.117484e+01,2.126423e+01,2.096135e+01,2.114732e+01,2.101649e+01,2.113355e+01,2.105782e+01,2.113355e+01
2.120235e+01,2.117484e+01,2.106471e+01,2.110602e+01,2.112667e+01,2.112667e+01,2.114044e+01,2.111979e+01,2.105782e+01,2.109914e+01,2.131920e+01,2.108537e+01,2.109225e+01,2.109914e+01,2.108537e+01,2.113355e+01,2.116796e+01,2.109914e+01,2.110602e+01,2.113355e+01,2.111979e+01,2.108537e+01,2.124361e+01,2.100960e+01,2.105094e+01,2.102338e+01,2.103716e+01,2.107848e+01,2.107848e+01,2.107848e+01,2.104405e+01,2.109225e+01,2.096825e+01,2.110602e+01,2.105094e+01,2.109914e+01,2.111291e+01,2.108537e+01,2.105094e+01,2.105782e+01,2.107848e+01,2.105094e+01,2.114044e+01,2.114732e+01,2.111291e+01,2.114044e+01,2.103716e+01,2.114044e+01,2.111291e+01,2.116796e+01,2.108537e+01,2.115420e+01,2.113355e+01,2.109914e+01,2.110602e+01,2.122986e+01,2.107160e+01,2.109914e+01,2.116796e+01,2.114732e+01,2.109225e+01,2.103027e+01,2.115420e+01,2.125048e+01,2.122298e+01,2.115420e+01,2.110602e+01,2.116796e+01,2.116796e+01,2.113355e+01,2.119548e+01,2.125048e+01,2.117484e+01,2.128485e+01,2.116796e+01,2.121611e+01,2.127110e+01,2.116108e+01,2.129859e+01,2.118172e+01,2.119548e+01,2.115420e+01,2.115420e+01,2.128485e+01,2.129172e+01,2.122986e+01,2.131920e+01,2.121611e+01,2.125048e+01,2.129859e+01,2.125048e+01,2.127798e+01,2.127798e+01,2.130546e+01,2.133981e+01,2.131920e+01,2.128485e+01,2.133294e+01,2.130546e+01,2.129859e+01,2.133294e+01,2.134668e+01,2.128485e+01,2.137415e+01,2.133981e+01,2.133981e+01,2.135355e+01,2.131920e+01,2.135355e+01,2.130546e+01,2.133981e+01,2.131920e+01,2.131920e+01,2.132607e+01,2.142220e+01,2.136728e+01,2.142906e+01,2.135355e+01,2.127110e+01,2.123674e+01,2.123674e+01,2.133294e+01,2.128485e+01,2.129859e+01,2.131920e+01,2.132607e+01,2.127798e+01,2.129172e+01,2.137415e+01,2.126423e+01,2.129859e+01,2.139474e+01,2.125048e+01,2.143592e+01,2.138101e+01,2.129859e+01,2.131920e+01,2.138788e+01,2.140161e+01,2.138788e+01,2.140161e+01,2.131920e+01,2.140847e+01,2.127798e+01,2.141533e+01,2.137415e+01,2.130546e+01,2.140161e+01,2.136041e+01,2.129859e+01,2.129859e+01,2.133294e+01,2.138788e+01,2.129859e+01,2.127798e+01,2.139474e+01,2.132607e+01,2.139474e+01,2.130546e+01,2.131920e+01,2.141533e+01,2.135355e+01,2.133981e+01,2.138788e+01,2.137415e+01,2.137415e+01,2.134668e+01,2.136728e+01,2.131920e+01,2.136728e+01,2.147022e+01,2.138788e+01,2.134668e+01,2.138101e+01,2.137415e+01,2.142220e+01,2.140847e+01,2.129172e+01,2.133294e+01,2.134668e+01,2.134668e+01,2.132607e+01,2.129859e+01,2.132607e+01,2.129172e+01,2.134668e+01,2.137415e+01,2.126423e+01,2.129172e+01,2.131920e+01,2.122986e+01,2.119548e+01,2.125048e+01,2.081648e+01,2.062990e+01,2.051225e+01,2.044298e+01,2.033205e+01,2.028348e+01,2.031124e+01,2.029736e+01,2.033899e+01,2.036673e+01,2.036673e+01,2.029736e+01,2.040140e+01,2.035980e+01,2.034592e+01,2.026960e+01,2.025571e+01,2.030430e+01,2.032512e+01,2.038753e+01,2.029042e+01,2.025571e+01,2.033205e+01,2.032512e+01,2.035980e+01,2.035980e+01,2.033899e+01,2.023489e+01,2.024877e+01,2.023489e+01,2.020016e+01,2.022100e+01,2.020711e+01,2.020711e+01,2.022100e+01,2.028348e+01,2.022794e+01,2.020711e+01,2.014458e+01,2.022794e+01,2.019321e+01,2.026960e+01,2.017237e+01,2.009591e+01,2.015153e+01,2.006810e+01,2.022794e+01,2.012372e+01,2.014458e+01,2.009591e+01,2.013068e+01,2.014458e+01,2.010287e+01,2.024183e+01,2.017932e+01,2.006810e+01,2.014458e+01,2.006114e+01,2.017932e+01,2.013763e+01,2.011677e+01,2.007505e+01,2.014458e+01,2.012372e+01,2.016542e+01,2.083719e+01,2.118860e+01,2.126423e+01,2.136041e+01,2.130546e+01,2.133294e+01,2.131920e+01,2.127110e+01,2.121611e+01,2.062990e+01,2.016542e+01,2.013068e+01,2.010287e+01,2.015848e+01,2.021405e+01,2.020016e+01,2.014458e+01,2.017237e+01,2.017932e+01,2.010982e+01,2.022100e+01,2.022100e+01,2.013068e+01,2.019321e+01,2.003332e+01,2.010287e+01,2.019321e+01,2.008201e+01,2.014458e+01,2.007505e+01,2.011677e+01,2.001940e+01,2.010982e+01,2.006810e+01,2.005419e+01,2.008201e+01,2.004027e+01,1.998460e+01,2.004027e+01,2.001940e+01,1.998460e+01,1.997764e+01,1.990103e+01,1.992890e+01,1.990103e+01,1.976160e+01,1.985225e+01,1.976858e+01,1.981042e+01,1.983831e+01,1.994979e+01,1.997068e+01,1.992193e+01,1.994979e+01,1.990103e+01,1.992193e+01,2.003332e+01,2.001940e+01,1.998460e+01,2.002636e+01,2.008896e+01,2.010287e+01,2.005419e+01,2.006810e+01,2.011677e+01,2.009591e+01,2.010287e+01,2.010287e+01,2.010982e+01,1.994283e+01,2.006114e+01,2.015153e+01,2.008201e+01,2.005419e+01,2.008201e+01,2.006114e+01,2.006114e+01,2.006114e+01,2.002636e+01,2.004723e+01,2.005419e+01,2.002636e+01,1.999156e+01,1.998460e+01,1.999852e+01,1.999852e+01,2.008201e+01,2.002636e+01,2.003332e+01,1.999852e+01,2.004723e+01,1.994283e+01,1.997068e+01,2.000548e+01,2.000548e+01,1.997764e+01,1.990103e+01,1.984528e+01,2.006114e+01,2.008896e+01,2.090619e+01,2.157991e+01,2.186046e+01,2.186729e+01,2.184679e+01,2.183312e+01,2.175791e+01,2.166211e+01,2.153880e+01,2.109225e+01,2.015153e+01,1.997068e+01,1.992193e+01,1.983134e+01,1.986619e+01,1.981740e+01,1.978253e+01,1.990103e+01,1.984528e+01,1.983134e+01,1.976160e+01,2.003332e+01,1.997068e+01,1.983134e+01,1.989407e+01,1.985922e+01,1.998460e+01,1.986619e+01,2.016542e+01,2.081648e+01,2.123674e+01,2.132607e+01,2.136728e+01,2.132607e+01,2.127798e+01,2.128485e+01,2.126423e+01,2.135355e+01,2.120235e+01,2.124361e+01,2.116796e+01,2.123674e+01,2.130546e+01,2.122986e+01,2.125048e+01,2.131920e+01,2.126423e+01,2.131920e+01,2.130546e+01,2.133981e+01,2.131233e+01,2.133294e+01,2.120923e+01,2.123674e+01,2.112667e+01,2.115420e+01,2.103716e+01,2.078195e+01,2.056763e+01,2.053995e+01,2.063682e+01,2.062990e+01,2.059531e+01,2.062990e+01,2.067139e+01,2.116108e+01,2.123674e+01,2.124361e+01,2.127110e+01,2.125048e+01,2.125048e+01,2.129859e+01,2.127110e+01,2.129859e+01,2.129859e+01,2.116108e+01,2.117484e+01,2.134668e+01,2.129172e+01,2.127798e+01,2.130546e+01,2.131920e+01,2.122986e+01,2.126423e+01,2.116796e+01,2.131233e+01,2.125048e+01,2.125048e+01,2.128485e+01,2.126423e+01,2.094067e+01,2.058148e+01,2.029736e+01,2.015848e+01,1.993586e+01,1.992193e+01,1.992193e+01,2.000548e+01,1.997764e+01,1.990103e+01,1.989407e+01,1.978253e+01,1.981042e+01,1.978950e+01,1.981042e+01,1.981740e+01,1.971973e+01,1.981740e+01,1.983134e+01,1.984528e+01,1.970577e+01,1.985225e+01,1.974067e+01,1.975462e+01,1.972671e+01,1.976858e+01,1.977555e+01,1.978253e+01,1.981042e+01,1.981042e+01,1.982437e+01,1.975462e+01,1.981042e+01,1.978253e+01,1.969879e+01,1.982437e+01,1.980345e+01,1.980345e+01,1.993586e+01,1.974764e+01,1.981740e+01,1.989407e+01,1.995675e+01,1.993586e+01,1.988710e+01,1.986619e+01,1.991496e+01,1.985225e+01,1.984528e+01,1.978950e+01,1.983134e+01,1.995675e+01,1.989407e+01,1.992193e+01,1.994283e+01,2.013068e+01,2.044298e+01,2.083719e+01,2.107848e+01,2.115420e+01,2.110602e+01,2.115420e+01,2.126423e+01,2.118860e+01,2.121611e+01,2.123674e+01,2.118860e+01,2.120235e+01,2.120235e+01,2.122986e+01,2.117484e+01,2.115420e+01,2.121611e+01,2.118860e+01,2.118172e+01,2.120923e+01,2.123674e+01,2.109225e+01,2.115420e+01,2.114732e+01,2.128485e+01,2.120923e+01,2.112667e+01,2.119548e+01,2.116108e+01,2.118860e+01,2.089239e+01,2.123674e+01,2.114732e+01,2.117484e+01,2.116108e+01,2.116108e+01,2.116796e+01,2.115420e+01,2.112667e+01,2.120235e+01,2.117484e+01,2.116796e+01,2.127110e+01,2.118860e+01,2.120235e+01,2.126423e+01,2.111291e+01,2.114044e+01,2.105782e+01,2.112667e+01,2.110602e+01,2.118860e+01,2.105782e+01,2.114732e+01,2.119548e+01,2.115420e+01,2.100960e+01,2.103027e+01,2.099582e+01,2.108537e+01,2.112667e+01,2.098893e+01,2.102338e+01,2.100960e+01,2.098203e+01,2.100271e+01,2.109914e+01,2.094757e+01,2.102338e+01,2.103716e+01,2.096135e+01,2.104405e+01,2.099582e+01,2.094067e+01,2.099582e+01,2.100960e+01,2.103716e+01,2.103716e+01,2.091308e+01,2.105094e+01,2.102338e+01,2.105094e+01,2.101649e+01,2.101649e+01,2.110602e+01,2.106471e+01,2.104405e+01,2.108537e+01,2.103716e+01,2.106471e+01,2.108537e+01,2.111291e+01,2.107160e+01,2.112667e+01,2.109225e+01,2.108537e+01,2.110602e+01,2.102338e+01,2.099582e+01,2.099582e+01,2.111979e+01,2.116108e+01,2.100271e+01,2.107848e+01,2.101649e+01,2.111291e+01,2.114732e+01,2.109225e+01,2.109225e+01,2.109225e+01,2.112667e+01,2.111979e+01,2.109225e+01,2.109225e+01,2.106471e+01,2.115420e+01,2.128485e+01,2.125048e+01,2.113355e+01,2.118860e+01,2.122298e+01,2.131920e+01,2.111291e+01,2.113355e+01,2.113355e+01,2.110602e+01,2.111291e+01,2.115420e+01,2.114732e+01,2.119548e+01,2.123674e+01,2.114044e+01,2.121611e+01,2.114044e+01,2.120923e+01,2.116796e+01
2.122986e+01,2.114732e+01,2.118860e+01,2.114732e+01,2.113355e+01,2.111979e+01,2.104405e+01,2.110602e+01,2.115420e+01,2.111291e+01,2.096825e+01,2.116796e+01,2.109914e+01,2.101649e+01,2.115420e+01,2.098203e+01,2.119548e+01,2.108537e+01,2.103027e+01,2.111979e+01,2.111291e+01,2.103716e+01,2.106471e+01,2.102338e+01,2.107848e+01,2.107160e+01,2.107848e+01,2.108537e+01,2.107160e+01,2.108537e+01,2.109225e+01,2.107848e+01,2.107848e+01,2.098893e+01,2.109914e+01,2.095446e+01,2.109914e+01,2.097514e+01,2.106471e+01,2.106471e+01,2.106471e+01,2.105782e+01,2.109225e+01,2.114732e+01,2.113355e+01,2.114044e+01,2.112667e+01,2.113355e+01,2.112667e+01,2.111979e+01,2.105094e+01,2.111291e+01,2.127798e+01,2.111979e+01,2.114732e+01,2.118860e+01,2.115420e+01,2.114044e+01,2.112667e+01,2.107160e+01,2.114044e+01,2.107848e+01,2.121611e+01,2.114732e+01,2.111291e+01,2.091998e+01,2.120923e+01,2.116108e+01,2.115420e+01,2.111979e+01,2.119548e+01,2.115420e+01,2.113355e+01,2.113355e+01,2.109914e+01,2.121611e+01,2.111979e+01,2.128485e+01,2.118860e+01,2.121611e+01,2.113355e+01,2.113355e+01,2.118172e+01,2.126423e+01,2.118172e+01,2.125048e+01,2.127110e+01,2.129859e+01,2.118860e+01,2.123674e+01,2.123674e+01,2.128485e+01,2.130546e+01,2.131233e+01,2.129859e+01,2.120923e+01,2.129172e+01,2.130546e+01,2.143592e+01,2.129172e+01,2.132607e+01,2.133981e+01,2.130546e+01,2.136728e+01,2.133981e+01,2.134668e+01,2.130546e+01,2.132607e+01,2.142220e+01,2.131920e+01,2.131920e+01,2.133294e+01,2.138101e+01,2.133981e+01,2.134668e+01,2.127798e+01,2.140161e+01,2.124361e+01,2.126423e+01,2.136728e+01,2.122298e+01,2.121611e+01,2.128485e+01,2.128485e+01,2.128485e+01,2.129172e+01,2.129172e+01,2.133294e+01,2.132607e+01,2.136728e+01,2.131920e+01,2.136041e+01,2.125736e+01,2.134668e+01,2.143592e+01,2.131920e+01,2.140161e+01,2.138101e+01,2.138101e+01,2.137415e+01,2.146336e+01,2.137415e+01,2.136728e+01,2.142220e+01,2.139474e+01,2.132607e+01,2.136041e+01,2.137415e+01,2.138788e+01,2.135355e+01,2.134668e+01,2.136728e+01,2.138101e+01,2.136041e+01,2.128485e+01,2.131920e+01,2.128485e+01,2.133294e+01,2.134668e+01,2.126423e+01,2.133981e+01,2.141533e+01,2.134668e+01,2.137415e+01,2.129859e+01,2.135355e+01,2.133294e+01,2.152508e+01,2.136728e+01,2.136728e+01,2.144964e+01,2.139474e+01,2.136041e+01,2.138101e+01,2.135355e+01,2.136728e+01,2.131920e+01,2.140847e+01,2.135355e+01,2.136041e+01,2.131920e+01,2.140161e+01,2.126423e+01,2.130546e+01,2.130546e+01,2.129172e+01,2.130546e+01,2.125048e+01,2.125048e+01,2.127110e+01,2.100271e+01,2.110602e+01,2.103027e+01,2.054687e+01,2.038060e+01,2.025571e+01,2.035286e+01,2.033205e+01,2.041526e+01,2.040140e+01,2.031818e+01,2.033205e+01,2.031818e+01,2.027654e+01,2.028348e+01,2.029736e+01,2.036673e+01,2.027654e+01,2.029042e+01,2.033205e+01,2.045684e+01,2.036673e+01,2.040140e+01,2.033899e+01,2.040140e+01,2.032512e+01,2.038060e+01,2.039447e+01,2.035980e+01,2.040833e+01,2.025571e+01,2.024183e+01,2.031124e+01,2.024877e+01,2.027654e+01,2.023489e+01,2.020711e+01,2.010287e+01,2.027654e+01,2.013763e+01,2.026960e+01,2.020016e+01,2.020016e+01,2.018627e+01,2.031818e+01,2.020711e+01,2.010982e+01,2.028348e+01,2.021405e+01,2.022794e+01,2.022794e+01,2.020016e+01,2.013763e+01,2.015848e+01,2.010982e+01,2.016542e+01,2.011677e+01,2.017237e+01,2.018627e+01,2.020711e+01,2.005419e+01,2.022794e+01,2.008896e+01,2.011677e+01,2.010287e+01,2.015848e+01,2.008896e+01,2.020016e+01,2.071978e+01,2.127110e+01,2.145650e+01,2.136728e+01,2.133981e+01,2.127110e+01,2.126423e+01,2.131233e+01,2.131233e+01,2.071287e+01,2.017237e+01,2.015848e+01,2.015848e+01,2.013763e+01,2.011677e+01,2.019321e+01,2.015153e+01,2.013763e+01,2.005419e+01,2.011677e+01,2.019321e+01,2.016542e+01,2.018627e+01,2.010982e+01,2.019321e+01,2.008896e+01,2.008896e+01,2.009591e+01,2.021405e+01,2.008896e+01,2.008896e+01,2.003332e+01,1.994979e+01,2.007505e+01,2.013763e+01,2.015848e+01,1.991496e+01,2.008896e+01,2.001244e+01,1.997068e+01,1.995675e+01,2.007505e+01,1.993586e+01,1.997068e+01,1.987316e+01,1.985225e+01,1.975462e+01,1.981042e+01,1.976858e+01,1.991496e+01,1.985922e+01,1.996371e+01,1.994283e+01,1.991496e+01,1.999852e+01,1.999156e+01,1.994979e+01,2.003332e+01,1.997764e+01,2.004027e+01,1.999852e+01,1.999852e+01,2.006810e+01,2.008201e+01,1.995675e+01,2.001940e+01,2.006810e+01,2.006114e+01,2.014458e+01,2.009591e+01,2.008201e+01,1.993586e+01,2.008201e+01,2.006114e+01,2.008201e+01,1.994979e+01,2.008201e+01,2.005419e+01,2.006114e+01,2.004027e+01,2.005419e+01,2.003332e+01,2.002636e+01,2.001940e+01,1.997068e+01,1.999156e+01,2.000548e+01,1.998460e+01,2.003332e+01,2.001940e+01,2.007505e+01,1.997764e+01,1.996371e+01,1.988013e+01,1.997068e+01,1.996371e+01,1.994979e+01,1.999156e+01,2.008201e+01,2.006810e+01,2.091308e+01,2.164841e+01,2.180578e+01,2.190828e+01,2.197656e+01,2.191511e+01,2.190828e+01,2.171002e+01,2.159362e+01,2.100271e+01,2.034592e+01,1.993586e+01,1.982437e+01,1.994283e+01,1.981740e+01,1.976858e+01,1.984528e+01,1.983831e+01,1.986619e+01,1.975462e+01,1.987316e+01,1.976858e+01,1.988013e+01,1.981740e+01,1.979647e+01,1.986619e+01,1.990103e+01,1.994979e+01,2.002636e+01,2.035286e+01,2.091998e+01,2.122986e+01,2.136041e+01,2.132607e+01,2.129172e+01,2.127798e+01,2.123674e+01,2.128485e+01,2.133294e+01,2.134668e+01,2.132607e+01,2.116796e+01,2.123674e+01,2.119548e+01,2.132607e+01,2.119548e+01,2.124361e+01,2.129859e+01,2.130546e+01,2.113355e+01,2.121611e+01,2.124361e+01,2.120923e+01,2.124361e+01,2.122298e+01,2.120235e+01,2.093377e+01,2.064374e+01,2.062299e+01,2.051225e+01,2.062299e+01,2.066448e+01,2.065065e+01,2.065065e+01,2.104405e+01,2.120923e+01,2.130546e+01,2.116796e+01,2.126423e+01,2.125048e+01,2.124361e+01,2.127798e+01,2.127110e+01,2.124361e+01,2.125736e+01,2.122298e+01,2.128485e+01,2.128485e+01,2.127798e+01,2.120923e+01,2.131233e+01,2.124361e+01,2.125736e+01,2.120235e+01,2.131233e+01,2.122298e+01,2.128485e+01,2.125048e+01,2.128485e+01,2.120235e+01,2.093377e+01,2.024877e+01,2.019321e+01,2.024877e+01,2.004027e+01,2.003332e+01,1.997068e+01,1.990103e+01,1.990800e+01,1.997068e+01,1.997068e+01,1.988013e+01,1.996371e+01,1.981042e+01,1.982437e+01,1.981042e+01,1.981740e+01,1.983831e+01,1.983831e+01,1.973369e+01,1.982437e+01,1.982437e+01,1.983831e+01,1.976160e+01,1.985225e+01,1.976160e+01,1.974764e+01,1.980345e+01,1.978253e+01,1.985225e+01,1.978253e+01,1.977555e+01,1.981042e+01,1.981740e+01,1.968483e+01,1.978253e+01,1.971973e+01,1.976858e+01,1.974764e+01,1.981740e+01,1.972671e+01,1.973369e+01,1.976858e+01,1.971275e+01,1.976160e+01,1.988013e+01,1.983831e+01,1.985225e+01,1.984528e+01,1.974764e+01,1.976858e+01,1.971973e+01,1.988710e+01,1.988013e+01,1.994979e+01,1.992193e+01,1.993586e+01,2.026266e+01,2.098203e+01,2.096825e+01,2.114732e+01,2.113355e+01,2.118860e+01,2.118172e+01,2.129859e+01,2.120235e+01,2.118172e+01,2.119548e+01,2.132607e+01,2.128485e+01,2.120235e+01,2.121611e+01,2.107160e+01,2.111291e+01,2.117484e+01,2.114044e+01,2.119548e+01,2.120235e+01,2.120923e+01,2.118860e+01,2.116796e+01,2.120235e+01,2.115420e+01,2.120235e+01,2.124361e+01,2.125736e+01,2.124361e+01,2.125736e+01,2.119548e+01,2.114044e+01,2.120235e+01,2.117484e+01,2.117484e+01,2.116108e+01,2.114044e+01,2.125736e+01,2.122986e+01,2.118860e+01,2.118860e+01,2.120923e+01,2.109914e+01,2.115420e+01,2.105094e+01,2.107160e+01,2.114044e+01,2.108537e+01,2.113355e+01,2.113355e+01,2.114732e+01,2.109914e+01,2.120235e+01,2.120923e+01,2.106471e+01,2.101649e+01,2.114044e+01,2.100271e+01,2.104405e+01,2.098893e+01,2.109225e+01,2.103027e+01,2.098203e+01,2.096135e+01,2.101649e+01,2.111291e+01,2.101649e+01,2.100271e+01,2.102338e+01,2.106471e+01,2.105094e+01,2.094067e+01,2.106471e+01,2.109225e+01,2.100271e+01,2.104405e+01,2.105782e+01,2.095446e+01,2.103716e+01,2.109914e+01,2.105094e+01,2.101649e+01,2.109914e+01,2.109914e+01,2.100271e+01,2.100271e+01,2.106471e+01,2.114732e+01,2.108537e+01,2.104405e+01,2.106471e+01,2.098203e+01,2.111979e+01,2.105782e+01,2.107160e+01,2.110602e+01,2.111291e+01,2.109225e+01,2.096135e+01,2.103027e+01,2.102338e+01,2.101649e+01,2.099582e+01,2.109914e+01,2.115420e+01,2.099582e+01,2.112667e+01,2.115420e+01,2.102338e+01,2.095446e+01,2.107160e+01,2.104405e+01,2.100271e+01,2.101649e+01,2.111291e+01,2.111979e+01,2.116796e+01,2.111291e+01,2.109225e+01,2.113355e+01,2.114044e+01,2.096825e+01,2.115420e+01,2.108537e+01,2.113355e+01,2.114732e+01,2.123674e+01,2.124361e+01,2.119548e+01,2.112667e+01,2.109225e+01,2.106471e+01,2.111979e+01,2.114044e+01
2.122986e+01,2.114732e+01,2.112667e+01,2.109914e+01,2.111291e+01,2.109225e+01,2.104405e+01,2.109914e+01,2.109225e+01,2.097514e+01,2.109225e+01,2.114044e+01,2.112667e+01,2.115420e+01,2.096135e+01,2.114732e+01,2.118860e+01,2.096825e+01,2.104405e+01,2.107848e+01,2.106471e+01,2.101649e+01,2.111291e+01,2.120923e+01,2.098203e+01,2.108537e+01,2.106471e+01,2.108537e+01,2.107160e+01,2.109225e+01,2.107848e+01,2.105094e+01,2.106471e+01,2.104405e+01,2.106471e+01,2.098203e+01,2.112667e+01,2.102338e+01,2.106471e+01,2.102338e+01,2.104405e+01,2.113355e+01,2.114732e+01,2.106471e+01,2.105782e+01,2.107848e+01,2.116108e+01,2.106471e+01,2.118860e+01,2.114732e+01,2.111979e+01,2.120923e+01,2.111979e+01,2.108537e+01,2.111979e+01,2.110602e+01,2.118172e+01,2.118172e+01,2.109225e+01,2.112667e+01,2.115420e+01,2.121611e+01,2.106471e+01,2.109225e+01,2.114044e+01,2.095446e+01,2.114044e+01,2.114044e+01,2.101649e+01,2.117484e+01,2.109914e+01,2.113355e+01,2.122986e+01,2.121611e+01,2.112667e+01,2.122986e+01,2.124361e+01,2.122986e+01,2.109225e+01,2.126423e+01,2.116796e+01,2.123674e+01,2.120235e+01,2.128485e+01,2.123674e+01,2.123674e+01,2.124361e+01,2.116796e+01,2.124361e+01,2.120923e+01,2.128485e+01,2.125048e+01,2.125736e+01,2.129172e+01,2.127110e+01,2.134668e+01,2.138101e+01,2.127798e+01,2.128485e+01,2.129172e+01,2.135355e+01,2.119548e+01,2.136041e+01,2.131920e+01,2.133294e+01,2.132607e+01,2.132607e+01,2.143592e+01,2.134668e+01,2.133981e+01,2.136728e+01,2.138788e+01,2.132607e+01,2.134668e+01,2.129859e+01,2.144278e+01,2.129172e+01,2.139474e+01,2.135355e+01,2.129172e+01,2.127798e+01,2.124361e+01,2.132607e+01,2.134668e+01,2.136041e+01,2.133981e+01,2.133294e+01,2.131920e+01,2.134668e+01,2.125048e+01,2.129172e+01,2.128485e+01,2.138101e+01,2.141533e+01,2.136041e+01,2.137415e+01,2.136728e+01,2.131233e+01,2.133981e+01,2.140847e+01,2.144278e+01,2.133294e+01,2.140161e+01,2.136041e+01,2.131233e+01,2.134668e+01,2.129859e+01,2.136041e+01,2.141533e+01,2.136728e+01,2.134668e+01,2.136041e+01,2.134668e+01,2.136041e+01,2.135355e+01,2.128485e+01,2.131920e+01,2.129859e+01,2.129859e+01,2.131920e+01,2.139474e+01,2.142906e+01,2.136728e+01,2.136041e+01,2.135355e+01,2.131233e+01,2.132607e+01,2.127798e+01,2.138788e+01,2.137415e+01,2.133981e+01,2.122298e+01,2.127798e+01,2.136728e+01,2.136041e+01,2.139474e+01,2.138788e+01,2.137415e+01,2.133981e+01,2.135355e+01,2.139474e+01,2.138788e+01,2.140847e+01,2.133981e+01,2.136728e+01,2.135355e+01,2.117484e+01,2.118860e+01,2.112667e+01,2.104405e+01,2.100271e+01,2.057456e+01,2.046377e+01,2.031124e+01,2.033899e+01,2.037366e+01,2.033205e+01,2.033205e+01,2.031124e+01,2.023489e+01,2.027654e+01,2.026266e+01,2.029042e+01,2.029736e+01,2.023489e+01,2.033205e+01,2.033205e+01,2.027654e+01,2.025571e+01,2.025571e+01,2.040833e+01,2.032512e+01,2.044298e+01,2.029736e+01,2.034592e+01,2.025571e+01,2.039447e+01,2.036673e+01,2.040833e+01,2.036673e+01,2.031124e+01,2.032512e+01,2.018627e+01,2.033205e+01,2.036673e+01,2.030430e+01,2.022100e+01,2.027654e+01,2.022100e+01,2.006810e+01,2.015153e+01,2.023489e+01,2.039447e+01,2.029736e+01,2.018627e+01,2.016542e+01,2.017237e+01,2.011677e+01,2.010287e+01,2.011677e+01,2.017932e+01,2.013763e+01,2.010287e+01,2.020016e+01,2.018627e+01,2.020016e+01,2.013763e+01,2.024183e+01,2.015848e+01,2.007505e+01,2.009591e+01,2.011677e+01,2.011677e+01,2.006114e+01,2.024877e+01,2.015848e+01,2.017932e+01,2.021405e+01,2.071287e+01,2.115420e+01,2.131233e+01,2.138788e+01,2.130546e+01,2.137415e+01,2.129172e+01,2.129172e+01,2.119548e+01,2.061607e+01,2.015153e+01,2.013068e+01,2.009591e+01,2.015848e+01,2.011677e+01,2.012372e+01,2.019321e+01,2.018627e+01,2.006810e+01,2.017932e+01,2.018627e+01,2.017932e+01,2.007505e+01,2.019321e+01,2.021405e+01,2.006810e+01,2.019321e+01,2.009591e+01,2.010287e+01,2.012372e+01,2.008201e+01,2.007505e+01,2.005419e+01,2.011677e+01,1.998460e+01,1.992890e+01,2.004027e+01,2.007505e+01,1.999156e+01,2.004027e+01,1.999852e+01,1.996371e+01,1.994283e+01,1.991496e+01,1.980345e+01,1.981042e+01,1.981042e+01,1.978950e+01,1.981042e+01,1.982437e+01,1.984528e+01,1.989407e+01,1.998460e+01,1.997764e+01,2.000548e+01,2.000548e+01,1.996371e+01,1.999852e+01,2.003332e+01,1.999852e+01,2.006114e+01,2.007505e+01,2.004027e+01,2.004723e+01,2.006114e+01,2.007505e+01,2.015153e+01,2.007505e+01,2.015153e+01,2.011677e+01,2.007505e+01,2.010287e+01,2.004723e+01,2.010287e+01,2.009591e+01,2.011677e+01,2.008201e+01,2.007505e+01,2.006114e+01,2.006810e+01,2.008201e+01,2.003332e+01,2.001244e+01,1.997764e+01,2.013763e+01,2.004723e+01,2.018627e+01,2.002636e+01,2.008201e+01,2.012372e+01,2.004027e+01,1.995675e+01,2.002636e+01,1.992890e+01,1.990800e+01,1.996371e+01,1.988013e+01,2.002636e+01,2.004027e+01,2.008896e+01,2.067831e+01,2.166211e+01,2.183312e+01,2.199703e+01,2.199703e+01,2.192877e+01,2.190145e+01,2.185363e+01,2.160732e+01,2.083028e+01,2.012372e+01,1.991496e+01,1.983831e+01,1.996371e+01,1.983831e+01,1.978950e+01,1.983831e+01,1.981042e+01,1.977555e+01,1.983831e+01,1.985225e+01,1.986619e+01,1.992193e+01,1.981740e+01,1.981042e+01,1.989407e+01,1.991496e+01,1.978253e+01,2.003332e+01,2.001940e+01,2.056763e+01,2.111291e+01,2.127798e+01,2.135355e+01,2.128485e+01,2.129172e+01,2.131233e+01,2.125736e+01,2.125736e+01,2.113355e+01,2.126423e+01,2.118172e+01,2.138788e+01,2.128485e+01,2.131920e+01,2.130546e+01,2.122298e+01,2.131233e+01,2.127110e+01,2.122298e+01,2.122298e+01,2.131233e+01,2.120235e+01,2.118860e+01,2.114732e+01,2.100271e+01,2.070596e+01,2.059531e+01,2.058148e+01,2.059531e+01,2.062299e+01,2.068522e+01,2.062299e+01,2.074051e+01,2.116108e+01,2.117484e+01,2.125048e+01,2.122298e+01,2.117484e+01,2.120235e+01,2.125048e+01,2.131233e+01,2.122298e+01,2.122986e+01,2.125736e+01,2.129172e+01,2.125048e+01,2.125736e+01,2.125048e+01,2.122298e+01,2.127798e+01,2.128485e+01,2.136728e+01,2.126423e+01,2.115420e+01,2.122986e+01,2.129859e+01,2.125048e+01,2.127110e+01,2.109225e+01,2.091308e+01,2.016542e+01,2.010982e+01,2.004723e+01,2.004027e+01,2.010982e+01,1.990800e+01,1.999156e+01,1.994283e+01,1.988710e+01,1.983831e+01,1.994979e+01,1.993586e+01,1.965689e+01,1.990103e+01,1.978950e+01,1.983134e+01,1.988013e+01,1.988013e+01,1.987316e+01,1.985225e+01,1.984528e+01,1.990103e+01,1.971275e+01,1.976858e+01,1.981740e+01,1.969879e+01,1.974764e+01,1.977555e+01,1.991496e+01,1.976160e+01,1.978950e+01,1.981740e+01,1.972671e+01,1.980345e+01,1.980345e+01,1.976160e+01,1.977555e+01,1.976858e+01,1.973369e+01,1.971973e+01,1.984528e+01,1.986619e+01,1.971973e+01,1.973369e+01,1.974067e+01,1.981042e+01,1.981042e+01,1.975462e+01,1.967086e+01,1.971973e+01,1.992193e+01,1.971275e+01,1.976858e+01,1.985225e+01,1.992193e+01,1.990103e+01,2.006810e+01,2.060915e+01,2.089239e+01,2.101649e+01,2.128485e+01,2.118860e+01,2.114732e+01,2.125736e+01,2.121611e+01,2.118860e+01,2.110602e+01,2.112667e+01,2.122298e+01,2.122986e+01,2.120923e+01,2.116108e+01,2.116796e+01,2.116108e+01,2.118860e+01,2.117484e+01,2.109225e+01,2.118172e+01,2.111979e+01,2.120235e+01,2.118860e+01,2.104405e+01,2.125736e+01,2.100960e+01,2.120235e+01,2.103027e+01,2.101649e+01,2.116108e+01,2.101649e+01,2.103716e+01,2.118860e+01,2.118172e+01,2.123674e+01,2.118172e+01,2.122986e+01,2.108537e+01,2.110602e+01,2.116108e+01,2.108537e+01,2.116108e+01,2.109914e+01,2.115420e+01,2.126423e+01,2.108537e+01,2.107848e+01,2.109914e+01,2.127798e+01,2.116796e+01,2.106471e+01,2.105094e+01,2.109914e+01,2.106471e+01,2.109914e+01,2.108537e+01,2.109225e+01,2.107160e+01,2.098203e+01,2.103716e+01,2.110602e+01,2.100960e+01,2.097514e+01,2.099582e+01,2.096825e+01,2.096825e+01,2.096135e+01,2.104405e+01,2.117484e+01,2.097514e+01,2.103716e+01,2.105782e+01,2.111979e+01,2.103716e+01,2.100271e+01,2.105094e+01,2.087859e+01,2.103716e+01,2.107160e+01,2.111291e+01,2.111979e+01,2.105094e+01,2.094757e+01,2.103716e+01,2.100960e+01,2.100960e+01,2.105094e+01,2.108537e+01,2.109914e+01,2.107160e+01,2.107160e+01,2.100271e+01,2.118172e+01,2.118860e+01,2.107848e+01,2.112667e+01,2.112667e+01,2.092688e+01,2.109914e+01,2.103716e+01,2.116796e+01,2.109914e+01,2.100271e+01,2.116108e+01,2.101649e+01,2.111291e+01,2.107848e+01,2.107848e+01,2.102338e+01,2.108537e+01,2.118172e+01,2.098203e+01,2.110602e+01,2.114044e+01,2.120923e+01,2.112667e+01,2.112667e+01,2.116108e+01,2.118172e+01,2.113355e+01,2.115420e+01,2.111291e+01,2.118172e+01,2.111291e+01,2.114732e+01,2.107848e+01,2.119548e+01,2.107160e+01,2.118860e+01,2.109225e+01,2.110602e+01,2.112667e+01,2.111979e+01
2.109225e+01,2.100271e+01,2.114732e+01,2.108537e+01,2.091998e+01,2.105094e+01,2.103027e+01,2.104405e+01,2.107160e+01,2.109914e+01,2.108537e+01,2.113355e+01,2.113355e+01,2.117484e+01,2.118172e+01,2.118860e+01,2.099582e+01,2.110602e+01,2.111291e+01,2.109914e+01,2.107160e+01,2.105782e+01,2.103027e+01,2.110602e+01,2.114732e+01,2.115420e+01,2.107160e+01,2.107160e+01,2.108537e+01,2.106471e+01,2.105782e+01,2.112667e+01,2.109225e+01,2.106471e+01,2.110602e+01,2.098203e+01,2.112667e+01,2.102338e+01,2.104405e+01,2.104405e+01,2.103027e+01,2.105094e+01,2.111979e+01,2.114044e+01,2.119548e+01,2.112667e+01,2.115420e+01,2.111291e+01,2.109225e+01,2.114732e+01,2.126423e+01,2.123674e+01,2.121611e+01,2.111979e+01,2.125048e+01,2.120235e+01,2.118860e+01,2.116796e+01,2.111291e+01,2.111979e+01,2.105094e+01,2.118860e+01,2.119548e+01,2.110602e+01,2.173055e+01,2.150451e+01,2.117484e+01,2.114732e+01,2.114044e+01,2.115420e+01,2.114044e+01,2.112667e+01,2.121611e+01,2.116796e+01,2.121611e+01,2.114044e+01,2.120923e+01,2.113355e+01,2.124361e+01,2.109914e+01,2.125736e+01,2.131233e+01,2.129859e+01,2.132607e+01,2.123674e+01,2.122298e+01,2.121611e+01,2.125048e+01,2.136728e+01,2.126423e+01,2.138788e+01,2.138101e+01,2.132607e+01,2.134668e+01,2.128485e+01,2.126423e+01,2.133294e+01,2.127798e+01,2.129859e+01,2.138788e+01,2.125048e+01,2.120923e+01,2.135355e+01,2.131233e+01,2.132607e+01,2.129172e+01,2.139474e+01,2.139474e+01,2.128485e+01,2.129859e+01,2.131920e+01,2.133294e+01,2.131233e+01,2.131920e+01,2.131233e+01,2.133294e+01,2.131233e+01,2.131920e+01,2.120923e+01,2.127798e+01,2.142906e+01,2.135355e+01,2.127110e+01,2.134668e+01,2.129172e+01,2.129859e+01,2.128485e+01,2.129172e+01,2.136041e+01,2.130546e+01,2.123674e+01,2.137415e+01,2.125048e+01,2.133981e+01,2.136041e+01,2.130546e+01,2.140847e+01,2.141533e+01,2.145650e+01,2.142220e+01,2.136728e+01,2.137415e+01,2.135355e+01,2.131920e+01,2.138101e+01,2.135355e+01,2.127798e+01,2.135355e+01,2.133294e+01,2.138101e+01,2.137415e+01,2.138101e+01,2.134668e+01,2.127798e+01,2.136041e+01,2.133294e+01,2.138101e+01,2.129172e+01,2.141533e+01,2.142906e+01,2.134668e+01,2.126423e+01,2.128485e+01,2.134668e+01,2.132607e+01,2.129859e+01,2.135355e+01,2.140161e+01,2.125048e+01,2.141533e+01,2.141533e+01,2.142220e+01,2.135355e+01,2.127110e+01,2.136728e+01,2.136041e+01,2.137415e+01,2.135355e+01,2.129859e+01,2.127110e+01,2.125736e+01,2.128485e+01,2.135355e+01,2.127110e+01,2.133294e+01,2.130546e+01,2.123674e+01,2.125736e+01,2.100271e+01,2.071287e+01,2.055379e+01,2.038753e+01,2.033899e+01,2.030430e+01,2.035286e+01,2.038060e+01,2.032512e+01,2.024877e+01,2.023489e+01,2.026266e+01,2.033205e+01,2.035286e+01,2.015153e+01,2.031818e+01,2.027654e+01,2.030430e+01,2.026266e+01,2.021405e+01,2.030430e+01,2.035286e+01,2.035980e+01,2.034592e+01,2.042219e+01,2.038060e+01,2.040140e+01,2.038753e+01,2.034592e+01,2.042912e+01,2.035980e+01,2.029042e+01,2.036673e+01,2.031818e+01,2.024877e+01,2.030430e+01,2.033205e+01,2.029736e+01,2.026266e+01,2.017932e+01,2.017932e+01,2.028348e+01,2.024183e+01,2.026266e+01,2.013068e+01,2.023489e+01,2.020711e+01,2.015848e+01,2.017932e+01,2.018627e+01,2.023489e+01,2.019321e+01,2.017932e+01,2.017932e+01,2.014458e+01,2.021405e+01,2.019321e+01,2.016542e+01,2.022100e+01,2.008896e+01,2.018627e+01,2.013763e+01,2.017237e+01,2.012372e+01,2.013763e+01,2.013068e+01,2.015153e+01,2.013763e+01,2.010287e+01,2.015848e+01,2.047762e+01,2.100960e+01,2.111979e+01,2.129172e+01,2.126423e+01,2.127798e+01,2.131233e+01,2.134668e+01,2.116796e+01,2.056763e+01,2.021405e+01,2.017237e+01,2.013068e+01,2.010287e+01,2.011677e+01,2.018627e+01,2.015153e+01,2.019321e+01,2.019321e+01,2.017932e+01,2.017237e+01,2.006114e+01,2.017932e+01,2.020016e+01,2.008201e+01,2.007505e+01,2.008201e+01,2.010982e+01,2.010982e+01,2.013763e+01,2.009591e+01,2.011677e+01,2.008896e+01,2.010982e+01,2.014458e+01,2.010287e+01,2.005419e+01,2.000548e+01,1.981042e+01,2.006810e+01,2.004723e+01,2.005419e+01,1.992890e+01,1.985225e+01,1.975462e+01,1.975462e+01,1.976858e+01,1.981042e+01,1.981740e+01,1.981740e+01,1.985922e+01,1.990103e+01,1.989407e+01,1.992890e+01,1.996371e+01,1.999852e+01,1.999156e+01,1.999852e+01,2.001940e+01,1.998460e+01,1.999156e+01,1.998460e+01,1.994283e+01,2.006810e+01,2.003332e+01,1.997764e+01,2.004027e+01,2.006810e+01,2.005419e+01,2.008201e+01,2.007505e+01,2.008201e+01,2.006810e+01,2.007505e+01,2.007505e+01,2.016542e+01,2.008201e+01,2.007505e+01,2.009591e+01,2.006810e+01,2.004027e+01,2.009591e+01,2.000548e+01,2.002636e+01,1.997068e+01,2.007505e+01,2.009591e+01,2.010287e+01,2.001940e+01,1.998460e+01,2.019321e+01,2.010287e+01,2.001244e+01,2.004723e+01,1.997068e+01,1.996371e+01,1.996371e+01,2.008201e+01,2.007505e+01,2.006810e+01,2.060223e+01,2.149080e+01,2.196291e+01,2.190145e+01,2.204479e+01,2.196973e+01,2.195608e+01,2.186046e+01,2.168264e+01,2.084409e+01,2.004723e+01,1.993586e+01,1.980345e+01,1.991496e+01,1.977555e+01,1.976858e+01,1.985225e+01,1.982437e+01,1.984528e+01,1.988710e+01,1.990103e+01,1.976858e+01,1.991496e+01,1.980345e+01,1.988710e+01,1.991496e+01,1.995675e+01,1.991496e+01,1.994283e+01,2.003332e+01,2.016542e+01,2.061607e+01,2.111291e+01,2.135355e+01,2.130546e+01,2.128485e+01,2.142906e+01,2.128485e+01,2.128485e+01,2.125048e+01,2.133981e+01,2.116796e+01,2.128485e+01,2.128485e+01,2.136728e+01,2.134668e+01,2.117484e+01,2.117484e+01,2.128485e+01,2.125736e+01,2.131233e+01,2.125048e+01,2.112667e+01,2.132607e+01,2.090619e+01,2.072669e+01,2.060223e+01,2.069213e+01,2.060915e+01,2.056071e+01,2.057456e+01,2.065757e+01,2.066448e+01,2.073360e+01,2.100271e+01,2.115420e+01,2.118172e+01,2.122298e+01,2.124361e+01,2.125736e+01,2.119548e+01,2.128485e+01,2.133294e+01,2.125736e+01,2.122298e+01,2.125048e+01,2.125048e+01,2.120235e+01,2.131920e+01,2.118860e+01,2.122986e+01,2.123674e+01,2.131920e+01,2.133981e+01,2.119548e+01,2.127798e+01,2.117484e+01,2.120923e+01,2.122298e+01,2.102338e+01,2.060915e+01,2.016542e+01,2.008201e+01,2.000548e+01,2.008201e+01,1.999852e+01,1.998460e+01,1.996371e+01,1.992890e+01,1.995675e+01,1.991496e+01,1.996371e+01,1.985225e+01,1.997068e+01,1.994979e+01,1.992890e+01,1.991496e+01,1.982437e+01,1.981740e+01,1.984528e+01,1.982437e+01,1.978950e+01,1.978950e+01,1.975462e+01,1.980345e+01,1.991496e+01,1.983134e+01,1.991496e+01,1.983831e+01,1.985922e+01,1.986619e+01,1.983831e+01,1.978253e+01,1.982437e+01,1.971973e+01,1.974764e+01,1.979647e+01,1.975462e+01,1.983831e+01,1.973369e+01,1.975462e+01,1.974764e+01,1.970577e+01,1.983134e+01,1.974764e+01,1.981740e+01,1.978950e+01,1.982437e+01,1.984528e+01,1.985225e+01,1.967785e+01,1.980345e+01,1.972671e+01,1.973369e+01,1.987316e+01,1.985225e+01,1.992193e+01,1.992193e+01,2.015153e+01,2.077505e+01,2.111979e+01,2.116108e+01,2.114732e+01,2.117484e+01,2.115420e+01,2.116108e+01,2.119548e+01,2.118172e+01,2.118172e+01,2.116108e+01,2.118860e+01,2.116108e+01,2.119548e+01,2.118860e+01,2.117484e+01,2.117484e+01,2.118172e+01,2.131233e+01,2.109225e+01,2.114044e+01,2.107848e+01,2.116796e+01,2.114732e+01,2.115420e+01,2.119548e+01,2.125048e+01,2.111979e+01,2.122298e+01,2.112667e+01,2.118172e+01,2.118860e+01,2.119548e+01,2.107160e+01,2.113355e+01,2.118172e+01,2.122298e+01,2.114732e+01,2.111291e+01,2.109914e+01,2.118172e+01,2.105782e+01,2.114044e+01,2.105094e+01,2.107848e+01,2.110602e+01,2.110602e+01,2.109225e+01,2.111291e+01,2.094757e+01,2.103027e+01,2.108537e+01,2.108537e+01,2.109914e+01,2.109225e+01,2.109225e+01,2.107848e+01,2.112667e+01,2.109914e+01,2.106471e+01,2.115420e+01,2.100271e+01,2.102338e+01,2.116796e+01,2.098893e+01,2.096825e+01,2.118172e+01,2.100960e+01,2.109914e+01,2.097514e+01,2.109225e+01,2.105094e+01,2.106471e+01,2.103027e+01,2.110602e+01,2.093377e+01,2.107848e+01,2.112667e+01,2.102338e+01,2.108537e+01,2.105094e+01,2.108537e+01,2.105782e+01,2.103716e+01,2.101649e+01,2.098893e+01,2.106471e+01,2.100960e+01,2.107160e+01,2.099582e+01,2.110602e+01,2.110602e+01,2.105094e+01,2.098893e+01,2.109225e+01,2.120235e+01,2.114044e+01,2.107848e+01,2.118172e+01,2.103027e+01,2.107848e+01,2.118172e+01,2.106471e+01,2.110602e+01,2.103716e+01,2.111291e+01,2.113355e+01,2.110602e+01,2.112667e+01,2.114732e+01,2.094757e+01,2.111291e+01,2.122986e+01,2.114044e+01,2.125736e+01,2.112667e+01,2.113355e+01,2.112667e+01,2.106471e+01,2.116796e+01,2.113355e+01,2.111291e+01,2.119548e+01,2.111291e+01,2.118172e+01,2.116796e+01,2.109914e+01,2.113355e+01,2.111979e+01,2.114044e+01,2.114044e+01,2.108537e+01,2.107848e+01
2.127798e+01,2.108537e+01,2.118860e+01,2.116108e+01,2.107848e+01,2.116108e+01,2.107848e+01,2.119548e+01,2.119548e+01,2.110602e+01,2.115420e+01,2.120235e+01,2.115420e+01,2.114732e+01,2.114044e+01,2.128485e+01,2.117484e+01,2.101649e+01,2.109225e+01,2.108537e+01,2.108537e+01,2.107848e+01,2.111291e+01,2.113355e+01,2.094067e+01,2.111291e+01,2.100960e+01,2.108537e+01,2.111291e+01,2.102338e+01,2.098893e+01,2.106471e+01,2.104405e+01,2.100960e+01,2.107160e+01,2.109225e+01,2.103027e+01,2.110602e+01,2.103027e+01,2.101649e+01,2.107160e+01,2.109225e+01,2.106471e+01,2.114044e+01,2.117484e+01,2.111291e+01,2.109225e+01,2.120235e+01,2.111291e+01,2.123674e+01,2.122298e+01,2.110602e+01,2.116796e+01,2.116108e+01,2.117484e+01,2.124361e+01,2.121611e+01,2.120923e+01,2.116108e+01,2.111291e+01,2.114044e+01,2.109914e+01,2.120923e+01,2.127110e+01,2.123674e+01,2.108537e+01,2.114732e+01,2.113355e+01,2.113355e+01,2.111291e+01,2.120235e+01,2.127798e+01,2.120923e+01,2.142220e+01,2.127110e+01,2.122298e+01,2.118172e+01,2.123674e+01,2.120923e+01,2.122986e+01,2.117484e+01,2.129859e+01,2.127110e+01,2.122298e+01,2.127110e+01,2.140161e+01,2.127798e+01,2.129859e+01,2.134668e+01,2.133981e+01,2.128485e+01,2.127110e+01,2.129172e+01,2.129172e+01,2.129172e+01,2.131233e+01,2.133981e+01,2.134668e+01,2.133981e+01,2.133294e+01,2.135355e+01,2.135355e+01,2.134668e+01,2.136041e+01,2.139474e+01,2.140161e+01,2.132607e+01,2.131920e+01,2.128485e+01,2.135355e+01,2.133294e+01,2.141533e+01,2.132607e+01,2.137415e+01,2.128485e+01,2.129859e+01,2.128485e+01,2.129172e+01,2.132607e+01,2.130546e+01,2.133294e+01,2.131920e+01,2.136728e+01,2.130546e+01,2.133981e+01,2.133294e+01,2.130546e+01,2.131920e+01,2.125736e+01,2.123674e+01,2.132607e+01,2.138101e+01,2.123674e+01,2.131920e+01,2.133294e+01,2.144964e+01,2.141533e+01,2.148394e+01,2.140847e+01,2.142220e+01,2.140847e+01,2.140847e+01,2.137415e+01,2.139474e+01,2.136041e+01,2.129172e+01,2.128485e+01,2.132607e+01,2.140161e+01,2.132607e+01,2.137415e+01,2.138788e+01,2.138101e+01,2.130546e+01,2.138788e+01,2.138788e+01,2.133981e+01,2.139474e+01,2.134668e+01,2.141533e+01,2.127798e+01,2.136728e+01,2.127798e+01,2.136041e+01,2.133294e+01,2.134668e+01,2.141533e+01,2.142906e+01,2.138101e+01,2.143592e+01,2.131920e+01,2.131233e+01,2.132607e+01,2.137415e+01,2.129172e+01,2.126423e+01,2.135355e+01,2.129172e+01,2.132607e+01,2.124361e+01,2.128485e+01,2.131233e+01,2.125736e+01,2.125048e+01,2.125736e+01,2.119548e+01,2.123674e+01,2.111979e+01,2.096135e+01,2.062299e+01,2.029042e+01,2.037366e+01,2.032512e+01,2.027654e+01,2.034592e+01,2.032512e+01,2.026266e+01,2.021405e+01,2.027654e+01,2.028348e+01,2.024183e+01,2.032512e+01,2.010287e+01,2.033205e+01,2.031818e+01,2.032512e+01,2.029736e+01,2.032512e+01,2.032512e+01,2.024183e+01,2.039447e+01,2.040833e+01,2.032512e+01,2.039447e+01,2.037366e+01,2.040140e+01,2.031124e+01,2.041526e+01,2.037366e+01,2.035286e+01,2.035980e+01,2.035980e+01,2.043605e+01,2.031124e+01,2.041526e+01,2.033205e+01,2.017932e+01,2.026960e+01,2.021405e+01,2.025571e+01,2.024877e+01,2.022100e+01,2.026960e+01,2.026960e+01,2.024183e+01,2.021405e+01,2.024877e+01,2.031124e+01,2.021405e+01,2.021405e+01,2.022100e+01,2.018627e+01,2.021405e+01,2.017237e+01,2.024183e+01,2.024877e+01,2.020016e+01,2.016542e+01,2.017237e+01,2.015153e+01,2.007505e+01,2.010287e+01,2.011677e+01,2.015848e+01,2.013763e+01,2.017237e+01,2.017237e+01,2.017237e+01,2.029736e+01,2.053303e+01,2.120235e+01,2.130546e+01,2.129172e+01,2.127798e+01,2.131920e+01,2.124361e+01,2.100271e+01,2.031818e+01,2.024183e+01,2.015848e+01,2.018627e+01,2.017237e+01,2.017932e+01,2.018627e+01,2.017932e+01,2.017932e+01,2.020016e+01,2.018627e+01,2.021405e+01,2.013763e+01,2.006810e+01,2.020711e+01,2.014458e+01,2.020016e+01,2.021405e+01,2.009591e+01,2.017932e+01,2.009591e+01,2.013763e+01,2.010287e+01,2.013068e+01,2.013763e+01,2.009591e+01,2.005419e+01,2.012372e+01,2.005419e+01,2.015848e+01,2.007505e+01,2.004723e+01,1.999852e+01,1.999156e+01,1.996371e+01,1.975462e+01,1.978253e+01,1.981042e+01,1.984528e+01,1.983134e+01,1.982437e+01,1.990800e+01,1.989407e+01,1.993586e+01,1.997764e+01,1.992890e+01,1.994283e+01,1.996371e+01,1.997068e+01,2.000548e+01,1.999156e+01,1.997764e+01,2.001940e+01,1.995675e+01,2.004723e+01,2.006114e+01,2.001940e+01,2.004723e+01,2.001940e+01,2.009591e+01,2.008896e+01,2.009591e+01,2.003332e+01,2.005419e+01,2.003332e+01,2.006810e+01,2.014458e+01,2.012372e+01,2.013763e+01,2.005419e+01,2.013763e+01,2.004723e+01,1.999852e+01,2.006114e+01,2.006114e+01,2.008201e+01,2.000548e+01,1.997068e+01,2.001244e+01,1.998460e+01,1.999852e+01,1.998460e+01,2.008201e+01,1.998460e+01,2.007505e+01,1.996371e+01,1.999156e+01,2.001940e+01,2.002636e+01,2.006810e+01,2.008201e+01,2.021405e+01,2.118172e+01,2.192194e+01,2.200386e+01,2.199703e+01,2.196973e+01,2.204479e+01,2.194925e+01,2.166211e+01,2.081648e+01,2.024877e+01,1.999156e+01,1.986619e+01,1.989407e+01,1.984528e+01,1.987316e+01,1.989407e+01,1.981740e+01,1.982437e+01,1.980345e+01,1.994979e+01,1.993586e+01,1.987316e+01,1.979647e+01,1.994283e+01,1.990103e+01,1.990103e+01,1.990103e+01,1.989407e+01,2.015848e+01,1.997068e+01,2.035286e+01,2.110602e+01,2.115420e+01,2.132607e+01,2.140161e+01,2.128485e+01,2.133981e+01,2.129859e+01,2.129172e+01,2.127110e+01,2.135355e+01,2.138788e+01,2.128485e+01,2.133294e+01,2.136041e+01,2.127798e+01,2.118860e+01,2.131233e+01,2.122298e+01,2.125736e+01,2.125048e+01,2.126423e+01,2.107848e+01,2.077505e+01,2.062299e+01,2.057456e+01,2.059531e+01,2.062990e+01,2.060915e+01,2.063682e+01,2.057456e+01,2.067831e+01,2.071287e+01,2.081648e+01,2.078886e+01,2.103027e+01,2.113355e+01,2.105094e+01,2.116108e+01,2.123674e+01,2.129172e+01,2.129859e+01,2.125736e+01,2.127110e+01,2.114044e+01,2.123674e+01,2.118860e+01,2.127798e+01,2.125736e+01,2.122298e+01,2.121611e+01,2.126423e+01,2.120923e+01,2.124361e+01,2.124361e+01,2.122298e+01,2.123674e+01,2.118860e+01,2.091308e+01,2.062990e+01,2.022794e+01,2.007505e+01,2.003332e+01,2.004027e+01,2.003332e+01,2.010287e+01,1.999852e+01,1.996371e+01,1.996371e+01,1.988710e+01,1.995675e+01,1.990103e+01,1.995675e+01,1.997764e+01,1.987316e+01,1.989407e+01,1.982437e+01,1.988013e+01,1.986619e+01,1.993586e+01,1.981740e+01,1.983134e+01,1.985922e+01,1.983831e+01,1.978950e+01,1.986619e+01,1.983831e+01,1.985225e+01,1.987316e+01,1.983134e+01,1.983831e+01,1.980345e+01,1.986619e+01,1.976858e+01,1.993586e+01,1.988710e+01,1.986619e+01,1.988013e+01,1.981042e+01,1.985225e+01,1.974764e+01,1.976858e+01,1.982437e+01,1.978950e+01,1.974764e+01,1.976858e+01,1.983831e+01,1.983134e+01,1.991496e+01,1.977555e+01,1.976858e+01,1.978950e+01,1.973369e+01,1.990800e+01,1.985922e+01,1.988013e+01,1.996371e+01,2.004027e+01,2.063682e+01,2.101649e+01,2.107848e+01,2.127798e+01,2.120923e+01,2.118860e+01,2.118860e+01,2.114732e+01,2.118860e+01,2.136728e+01,2.117484e+01,2.120923e+01,2.119548e+01,2.105782e+01,2.117484e+01,2.119548e+01,2.115420e+01,2.120235e+01,2.114044e+01,2.111979e+01,2.118172e+01,2.112667e+01,2.113355e+01,2.118860e+01,2.120235e+01,2.122986e+01,2.116108e+01,2.125048e+01,2.123674e+01,2.116796e+01,2.121611e+01,2.121611e+01,2.103716e+01,2.120235e+01,2.118172e+01,2.119548e+01,2.114044e+01,2.112667e+01,2.117484e+01,2.109225e+01,2.118860e+01,2.116108e+01,2.129859e+01,2.122986e+01,2.123674e+01,2.113355e+01,2.109914e+01,2.125736e+01,2.111291e+01,2.107848e+01,2.100960e+01,2.105782e+01,2.100271e+01,2.104405e+01,2.107160e+01,2.108537e+01,2.107848e+01,2.100960e+01,2.111979e+01,2.116108e+01,2.111291e+01,2.110602e+01,2.100960e+01,2.096825e+01,2.102338e+01,2.107848e+01,2.103027e+01,2.103716e+01,2.107160e+01,2.113355e+01,2.107160e+01,2.108537e+01,2.109225e+01,2.107848e+01,2.107160e+01,2.090619e+01,2.104405e+01,2.102338e+01,2.106471e+01,2.106471e+01,2.103716e+01,2.108537e+01,2.105782e+01,2.111291e+01,2.111291e+01,2.104405e+01,2.105094e+01,2.107848e+01,2.098893e+01,2.114044e+01,2.107160e+01,2.112667e+01,2.105782e+01,2.098203e+01,2.114044e+01,2.112667e+01,2.116108e+01,2.116108e+01,2.106471e+01,2.106471e+01,2.104405e+01,2.103716e+01,2.117484e+01,2.107848e+01,2.106471e+01,2.108537e+01,2.107160e+01,2.114732e+01,2.120923e+01,2.122298e+01,2.107160e+01,2.115420e+01,2.111291e+01,2.104405e+01,2.112667e+01,2.114732e+01,2.113355e+01,2.114732e+01,2.118172e+01,2.118172e+01,2.132607e+01,2.117484e+01,2.118860e+01,2.113355e+01,2.120923e+01,2.122986e+01,2.115420e+01,2.109914e+01,2.116108e+01,2.118860e+01,2.112667e+01,2.114044e+01,2.114732e+01
2.120235e+01,2.122986e+01,2.108537e+01,2.107848e+01,2.105782e+01,2.111291e+01,2.090619e+01,2.109225e+01,2.107160e+01,2.112667e+01,2.112667e+01,2.116796e+01,2.110602e+01,2.115420e+01,2.120923e+01,2.096135e+01,2.108537e+01,2.124361e+01,2.109914e+01,2.116108e+01,2.109914e+01,2.109914e+01,2.114732e+01,2.098203e+01,2.108537e+01,2.107848e+01,2.107160e+01,2.102338e+01,2.103716e+01,2.106471e+01,2.101649e+01,2.105782e+01,2.096825e+01,2.097514e+01,2.103716e+01,2.103027e+01,2.104405e+01,2.105094e+01,2.107848e+01,2.103716e+01,2.106471e+01,2.102338e+01,2.105782e+01,2.106471e+01,2.108537e+01,2.105782e+01,2.107848e+01,2.102338e+01,2.110602e+01,2.113355e+01,2.108537e+01,2.109225e+01,2.115420e+01,2.109914e+01,2.105782e+01,2.114044e+01,2.114044e+01,2.103716e+01,2.116108e+01,2.110602e+01,2.104405e+01,2.117484e+01,2.117484e+01,2.121611e+01,2.120923e+01,2.118860e+01,2.118860e+01,2.115420e+01,2.114732e+01,2.110602e+01,2.112667e+01,2.130546e+01,2.117484e+01,2.125736e+01,2.120235e+01,2.116796e+01,2.109225e+01,2.114044e+01,2.121611e+01,2.116796e+01,2.122986e+01,2.129859e+01,2.120235e+01,2.124361e+01,2.127110e+01,2.122986e+01,2.119548e+01,2.132607e+01,2.125736e+01,2.126423e+01,2.113355e+01,2.144278e+01,2.138101e+01,2.133294e+01,2.131920e+01,2.131920e+01,2.129172e+01,2.129172e+01,2.129859e+01,2.135355e+01,2.136041e+01,2.136041e+01,2.136041e+01,2.119548e+01,2.133294e+01,2.136728e+01,2.132607e+01,2.137415e+01,2.131920e+01,2.131920e+01,2.138101e+01,2.127798e+01,2.131233e+01,2.136728e+01,2.133981e+01,2.129859e+01,2.133294e+01,2.128485e+01,2.131920e+01,2.130546e+01,2.139474e+01,2.131233e+01,2.133294e+01,2.138788e+01,2.129859e+01,2.136728e+01,2.127110e+01,2.126423e+01,2.133294e+01,2.125736e+01,2.140161e+01,2.134668e+01,2.129172e+01,2.136041e+01,2.133294e+01,2.133981e+01,2.140847e+01,2.128485e+01,2.138101e+01,2.136728e+01,2.128485e+01,2.131920e+01,2.124361e+01,2.131920e+01,2.133981e+01,2.133981e+01,2.126423e+01,2.136041e+01,2.129859e+01,2.129172e+01,2.137415e+01,2.126423e+01,2.135355e+01,2.132607e+01,2.136041e+01,2.136041e+01,2.142220e+01,2.137415e+01,2.119548e+01,2.137415e+01,2.127798e+01,2.129172e+01,2.131233e+01,2.130546e+01,2.136041e+01,2.127798e+01,2.136041e+01,2.136041e+01,2.129859e+01,2.129172e+01,2.129172e+01,2.131233e+01,2.125048e+01,2.133981e+01,2.124361e+01,2.126423e+01,2.125048e+01,2.126423e+01,2.139474e+01,2.126423e+01,2.122298e+01,2.124361e+01,2.114732e+01,2.120923e+01,2.122986e+01,2.114044e+01,2.114044e+01,2.112667e+01,2.078195e+01,2.050533e+01,2.024877e+01,2.025571e+01,2.024183e+01,2.024183e+01,2.026266e+01,2.030430e+01,2.028348e+01,2.023489e+01,2.025571e+01,2.019321e+01,2.026960e+01,2.024183e+01,2.031818e+01,2.033899e+01,2.033899e+01,2.028348e+01,2.026960e+01,2.027654e+01,2.031818e+01,2.033205e+01,2.029042e+01,2.039447e+01,2.028348e+01,2.031124e+01,2.040140e+01,2.040140e+01,2.033899e+01,2.030430e+01,2.042912e+01,2.037366e+01,2.034592e+01,2.033899e+01,2.031818e+01,2.031818e+01,2.022794e+01,2.030430e+01,2.020016e+01,2.025571e+01,2.024183e+01,2.024183e+01,2.028348e+01,2.024877e+01,2.029042e+01,2.026960e+01,2.026960e+01,2.030430e+01,2.015848e+01,2.019321e+01,2.020016e+01,2.023489e+01,2.024877e+01,2.026266e+01,2.016542e+01,2.029042e+01,2.013763e+01,2.019321e+01,2.020711e+01,2.018627e+01,2.020016e+01,2.017237e+01,2.014458e+01,2.013068e+01,2.016542e+01,2.017932e+01,2.019321e+01,2.009591e+01,2.022794e+01,2.014458e+01,2.024877e+01,2.040140e+01,2.105782e+01,2.127798e+01,2.131233e+01,2.123674e+01,2.120235e+01,2.121611e+01,2.098893e+01,2.030430e+01,2.015153e+01,2.011677e+01,2.017237e+01,2.006114e+01,2.015848e+01,2.019321e+01,2.019321e+01,2.018627e+01,2.024183e+01,2.013763e+01,2.011677e+01,2.014458e+01,2.012372e+01,2.009591e+01,2.014458e+01,2.008896e+01,2.009591e+01,2.008896e+01,2.016542e+01,2.007505e+01,2.015848e+01,2.011677e+01,2.008201e+01,2.006810e+01,2.010982e+01,2.010287e+01,2.001940e+01,2.006114e+01,2.002636e+01,2.002636e+01,1.998460e+01,1.995675e+01,1.996371e+01,1.990103e+01,1.965689e+01,1.981042e+01,1.976858e+01,1.976160e+01,1.982437e+01,1.983831e+01,1.987316e+01,1.993586e+01,1.991496e+01,1.988710e+01,2.000548e+01,1.992193e+01,1.993586e+01,2.001940e+01,1.992193e+01,1.992193e+01,1.991496e+01,1.999156e+01,2.003332e+01,2.006114e+01,2.004723e+01,2.004723e+01,2.001244e+01,2.004027e+01,2.004723e+01,2.004027e+01,2.006810e+01,2.003332e+01,2.001940e+01,2.008201e+01,2.006114e+01,2.008201e+01,2.006810e+01,2.013068e+01,2.011677e+01,2.006114e+01,2.010982e+01,2.005419e+01,1.999156e+01,2.000548e+01,2.004723e+01,2.002636e+01,2.003332e+01,2.005419e+01,2.002636e+01,2.006810e+01,2.001244e+01,2.015848e+01,1.998460e+01,1.991496e+01,2.004027e+01,2.003332e+01,2.005419e+01,2.004723e+01,2.005419e+01,2.007505e+01,2.008896e+01,2.068522e+01,2.182629e+01,2.205161e+01,2.197656e+01,2.203797e+01,2.199703e+01,2.194925e+01,2.170318e+01,2.078195e+01,2.019321e+01,2.004723e+01,1.985225e+01,1.989407e+01,1.983134e+01,1.983134e+01,1.976160e+01,1.984528e+01,1.984528e+01,1.981740e+01,1.981740e+01,1.977555e+01,1.978253e+01,1.993586e+01,1.984528e+01,1.980345e+01,1.996371e+01,1.992193e+01,1.989407e+01,1.994283e+01,1.996371e+01,2.010982e+01,2.043605e+01,2.111291e+01,2.130546e+01,2.141533e+01,2.140847e+01,2.127110e+01,2.128485e+01,2.127798e+01,2.129172e+01,2.127110e+01,2.125736e+01,2.126423e+01,2.131920e+01,2.129859e+01,2.131233e+01,2.121611e+01,2.125736e+01,2.130546e+01,2.129859e+01,2.131920e+01,2.103716e+01,2.069905e+01,2.057456e+01,2.057456e+01,2.058840e+01,2.056763e+01,2.054687e+01,2.057456e+01,2.058148e+01,2.059531e+01,2.069905e+01,2.067831e+01,2.074051e+01,2.061607e+01,2.058148e+01,2.058148e+01,2.097514e+01,2.097514e+01,2.079576e+01,2.114732e+01,2.118172e+01,2.118172e+01,2.116796e+01,2.120235e+01,2.116108e+01,2.111291e+01,2.125736e+01,2.125736e+01,2.120235e+01,2.121611e+01,2.118860e+01,2.122298e+01,2.116796e+01,2.117484e+01,2.118172e+01,2.121611e+01,2.110602e+01,2.100960e+01,2.051918e+01,2.032512e+01,2.012372e+01,2.009591e+01,2.007505e+01,1.995675e+01,1.998460e+01,1.998460e+01,1.995675e+01,1.997068e+01,1.997764e+01,1.987316e+01,1.995675e+01,1.988013e+01,1.995675e+01,1.991496e+01,1.993586e+01,1.995675e+01,1.981042e+01,1.990103e+01,1.980345e+01,1.988013e+01,1.981740e+01,1.980345e+01,1.983134e+01,1.993586e+01,1.987316e+01,1.971973e+01,1.975462e+01,1.986619e+01,1.971973e+01,1.986619e+01,1.972671e+01,1.974067e+01,1.981042e+01,1.978950e+01,1.980345e+01,1.978253e+01,1.974067e+01,1.978253e+01,1.975462e+01,1.978950e+01,1.977555e+01,1.970577e+01,1.976858e+01,1.975462e+01,1.981042e+01,1.986619e+01,1.974764e+01,1.983134e+01,1.971973e+01,1.981740e+01,1.971973e+01,1.987316e+01,1.977555e+01,1.989407e+01,1.984528e+01,1.996371e+01,2.001244e+01,2.065065e+01,2.098893e+01,2.107160e+01,2.120923e+01,2.109225e+01,2.120923e+01,2.118172e+01,2.115420e+01,2.117484e+01,2.114732e+01,2.122298e+01,2.116108e+01,2.116108e+01,2.114732e+01,2.120235e+01,2.117484e+01,2.118860e+01,2.116108e+01,2.110602e+01,2.110602e+01,2.121611e+01,2.111291e+01,2.117484e+01,2.118172e+01,2.110602e+01,2.120235e+01,2.114732e+01,2.118860e+01,2.114044e+01,2.120923e+01,2.120235e+01,2.117484e+01,2.117484e+01,2.115420e+01,2.105094e+01,2.114044e+01,2.116796e+01,2.110602e+01,2.111291e+01,2.109225e+01,2.109225e+01,2.108537e+01,2.107160e+01,2.109225e+01,2.108537e+01,2.108537e+01,2.123674e+01,2.111979e+01,2.109225e+01,2.111291e+01,2.106471e+01,2.114732e+01,2.103716e+01,2.116108e+01,2.100960e+01,2.106471e+01,2.087169e+01,2.100271e+01,2.098893e+01,2.109225e+01,2.111291e+01,2.105094e+01,2.100960e+01,2.109914e+01,2.102338e+01,2.100271e+01,2.104405e+01,2.104405e+01,2.103716e+01,2.102338e+01,2.088549e+01,2.106471e+01,2.085789e+01,2.107848e+01,2.095446e+01,2.104405e+01,2.106471e+01,2.107160e+01,2.098893e+01,2.110602e+01,2.101649e+01,2.109225e+01,2.093377e+01,2.094757e+01,2.104405e+01,2.105094e+01,2.105782e+01,2.098203e+01,2.116108e+01,2.116108e+01,2.100271e+01,2.113355e+01,2.110602e+01,2.102338e+01,2.100271e+01,2.117484e+01,2.106471e+01,2.100271e+01,2.114044e+01,2.109225e+01,2.103027e+01,2.117484e+01,2.110602e+01,2.115420e+01,2.106471e+01,2.110602e+01,2.105782e+01,2.118860e+01,2.106471e+01,2.106471e+01,2.118860e+01,2.107160e+01,2.098893e+01,2.116796e+01,2.111979e+01,2.115420e+01,2.116108e+01,2.110602e+01,2.111979e+01,2.112667e+01,2.127110e+01,2.105094e+01,2.115420e+01,2.116796e+01,2.113355e+01,2.114044e+01,2.117484e+01,2.118860e+01,2.116796e+01,2.108537e+01,2.114044e+01,2.108537e+01,2.121611e+01
2.121611e+01,2.098203e+01,2.114732e+01,2.109914e+01,2.115420e+01,2.100271e+01,2.109914e+01,2.113355e+01,2.111291e+01,2.089929e+01,2.122298e+01,2.119548e+01,2.115420e+01,2.121611e+01,2.113355e+01,2.124361e+01,2.117484e+01,2.112667e+01,2.103716e+01,2.110602e+01,2.110602e+01,2.109225e+01,2.110602e+01,2.109914e+01,2.111291e+01,2.106471e+01,2.102338e+01,2.103027e+01,2.101649e+01,2.103027e+01,2.100271e+01,2.097514e+01,2.103027e+01,2.114044e+01,2.109914e+01,2.103027e+01,2.102338e+01,2.102338e+01,2.102338e+01,2.103027e+01,2.108537e+01,2.107160e+01,2.091998e+01,2.109914e+01,2.107160e+01,2.106471e+01,2.109225e+01,2.108537e+01,2.112667e+01,2.113355e+01,2.116108e+01,2.110602e+01,2.122298e+01,2.116796e+01,2.118172e+01,2.120923e+01,2.111979e+01,2.101649e+01,2.120923e+01,2.111291e+01,2.105782e+01,2.118860e+01,2.115420e+01,2.109914e+01,2.107848e+01,2.118172e+01,2.114044e+01,2.115420e+01,2.116108e+01,2.118860e+01,2.114732e+01,2.133294e+01,2.127110e+01,2.114732e+01,2.115420e+01,2.114732e+01,2.111291e+01,2.115420e+01,2.129172e+01,2.122986e+01,2.127798e+01,2.129859e+01,2.129172e+01,2.126423e+01,2.129172e+01,2.123674e+01,2.138101e+01,2.129172e+01,2.122986e+01,2.126423e+01,2.125048e+01,2.138788e+01,2.133981e+01,2.128485e+01,2.136041e+01,2.133294e+01,2.132607e+01,2.128485e+01,2.126423e+01,2.133981e+01,2.125736e+01,2.130546e+01,2.138101e+01,2.142906e+01,2.129859e+01,2.146336e+01,2.146336e+01,2.140847e+01,2.132607e+01,2.136041e+01,2.130546e+01,2.133294e+01,2.149766e+01,2.141533e+01,2.128485e+01,2.128485e+01,2.131233e+01,2.129859e+01,2.129172e+01,2.130546e+01,2.131233e+01,2.131920e+01,2.136041e+01,2.131920e+01,2.129859e+01,2.126423e+01,2.142220e+01,2.122986e+01,2.132607e+01,2.142220e+01,2.131920e+01,2.126423e+01,2.137415e+01,2.131233e+01,2.116108e+01,2.140161e+01,2.138788e+01,2.136728e+01,2.136728e+01,2.140161e+01,2.145650e+01,2.140161e+01,2.130546e+01,2.136041e+01,2.131920e+01,2.134668e+01,2.129859e+01,2.147708e+01,2.133294e+01,2.134668e+01,2.134668e+01,2.134668e+01,2.125736e+01,2.129859e+01,2.138788e+01,2.133294e+01,2.138101e+01,2.142906e+01,2.140161e+01,2.138101e+01,2.133294e+01,2.138101e+01,2.126423e+01,2.129859e+01,2.126423e+01,2.131920e+01,2.137415e+01,2.143592e+01,2.130546e+01,2.141533e+01,2.128485e+01,2.131233e+01,2.132607e+01,2.126423e+01,2.128485e+01,2.123674e+01,2.127798e+01,2.126423e+01,2.132607e+01,2.125736e+01,2.130546e+01,2.122298e+01,2.122298e+01,2.129859e+01,2.120923e+01,2.121611e+01,2.112667e+01,2.081648e+01,2.045684e+01,2.025571e+01,2.031124e+01,2.017237e+01,2.024877e+01,2.026266e+01,2.026266e+01,2.023489e+01,2.017932e+01,2.022100e+01,2.024183e+01,2.029042e+01,2.024183e+01,2.022794e+01,2.010982e+01,2.022794e+01,2.030430e+01,2.028348e+01,2.029736e+01,2.031818e+01,2.021405e+01,2.021405e+01,2.033899e+01,2.033205e+01,2.033899e+01,2.039447e+01,2.035286e+01,2.028348e+01,2.040833e+01,2.031818e+01,2.033899e+01,2.035980e+01,2.046377e+01,2.043605e+01,2.029042e+01,2.030430e+01,2.026266e+01,2.025571e+01,2.017932e+01,2.038060e+01,2.021405e+01,2.021405e+01,2.024183e+01,2.023489e+01,2.025571e+01,2.030430e+01,2.024877e+01,2.027654e+01,2.032512e+01,2.025571e+01,2.029042e+01,2.031818e+01,2.051225e+01,2.050533e+01,2.026266e+01,2.015848e+01,2.027654e+01,2.021405e+01,2.020016e+01,2.019321e+01,1.997764e+01,2.019321e+01,2.020711e+01,2.015153e+01,2.026266e+01,2.014458e+01,2.026266e+01,2.019321e+01,2.017237e+01,2.020711e+01,2.019321e+01,2.051918e+01,2.108537e+01,2.129859e+01,2.130546e+01,2.129172e+01,2.126423e+01,2.122298e+01,2.103027e+01,2.027654e+01,2.016542e+01,2.017932e+01,2.011677e+01,2.004723e+01,2.013763e+01,2.020016e+01,2.026960e+01,2.017932e+01,2.019321e+01,2.015848e+01,2.019321e+01,2.015848e+01,2.015848e+01,2.018627e+01,2.007505e+01,2.022100e+01,2.010982e+01,2.006810e+01,2.014458e+01,2.010287e+01,1.998460e+01,2.011677e+01,2.010287e+01,2.019321e+01,2.009591e+01,2.005419e+01,2.006810e+01,2.007505e+01,2.006114e+01,1.999156e+01,1.997068e+01,2.001940e+01,2.009591e+01,1.987316e+01,1.978253e+01,1.969879e+01,1.990800e+01,1.978253e+01,1.977555e+01,1.988710e+01,1.990800e+01,1.988013e+01,1.999156e+01,1.991496e+01,1.983134e+01,2.001244e+01,1.998460e+01,1.990103e+01,2.000548e+01,2.001244e+01,1.998460e+01,1.999852e+01,1.994283e+01,1.983831e+01,2.006114e+01,2.004027e+01,2.004027e+01,2.001940e+01,2.002636e+01,1.999852e+01,2.012372e+01,2.001244e+01,2.001940e+01,2.011677e+01,2.004723e+01,2.011677e+01,2.009591e+01,2.008201e+01,2.003332e+01,2.008201e+01,2.004723e+01,2.010287e+01,2.003332e+01,1.999852e+01,2.004723e+01,2.006114e+01,2.005419e+01,2.010287e+01,2.013068e+01,2.017237e+01,2.014458e+01,2.013763e+01,2.017237e+01,2.008896e+01,2.006114e+01,1.999852e+01,2.003332e+01,2.005419e+01,2.005419e+01,2.019321e+01,2.013068e+01,2.065757e+01,2.179894e+01,2.199021e+01,2.199703e+01,2.195608e+01,2.201750e+01,2.190828e+01,2.171686e+01,2.097514e+01,2.017237e+01,1.994979e+01,1.987316e+01,1.991496e+01,1.989407e+01,1.986619e+01,1.990800e+01,1.985225e+01,1.986619e+01,1.986619e+01,1.984528e+01,1.987316e+01,1.991496e+01,1.994283e+01,1.993586e+01,1.989407e+01,1.987316e+01,1.988013e+01,1.992890e+01,2.009591e+01,2.007505e+01,2.005419e+01,2.017932e+01,2.078886e+01,2.127110e+01,2.127798e+01,2.129859e+01,2.123674e+01,2.136041e+01,2.127798e+01,2.127798e+01,2.130546e+01,2.125048e+01,2.130546e+01,2.133294e+01,2.128485e+01,2.127798e+01,2.125736e+01,2.125736e+01,2.125048e+01,2.129172e+01,2.116796e+01,2.073360e+01,2.057456e+01,2.062990e+01,2.061607e+01,2.058840e+01,2.056763e+01,2.057456e+01,2.056763e+01,2.061607e+01,2.067831e+01,2.073360e+01,2.064374e+01,2.078886e+01,2.058148e+01,2.056763e+01,2.056763e+01,2.057456e+01,2.058840e+01,2.078195e+01,2.081648e+01,2.094757e+01,2.085789e+01,2.103027e+01,2.115420e+01,2.109225e+01,2.122298e+01,2.123674e+01,2.113355e+01,2.125048e+01,2.125048e+01,2.124361e+01,2.127110e+01,2.122986e+01,2.114044e+01,2.120923e+01,2.116796e+01,2.116796e+01,2.103027e+01,2.059531e+01,2.031818e+01,2.010982e+01,2.007505e+01,2.001940e+01,2.002636e+01,2.010287e+01,2.004027e+01,2.006114e+01,2.006810e+01,1.983831e+01,1.994979e+01,1.994283e+01,1.994283e+01,1.998460e+01,1.996371e+01,1.988710e+01,1.995675e+01,1.980345e+01,1.990103e+01,1.978253e+01,1.986619e+01,1.989407e+01,1.984528e+01,1.983134e+01,1.990103e+01,1.984528e+01,1.990103e+01,1.976160e+01,1.958703e+01,1.981740e+01,1.978253e+01,1.984528e+01,1.978950e+01,1.977555e+01,1.979647e+01,1.979647e+01,1.976160e+01,1.978253e+01,1.972671e+01,1.972671e+01,1.969181e+01,1.977555e+01,1.969879e+01,1.974764e+01,1.971973e+01,1.975462e+01,1.980345e+01,1.974764e+01,1.979647e+01,1.983831e+01,1.987316e+01,1.979647e+01,1.991496e+01,1.981042e+01,1.985922e+01,1.985225e+01,1.978950e+01,1.988710e+01,2.051918e+01,2.067831e+01,2.103716e+01,2.107848e+01,2.109225e+01,2.120923e+01,2.120923e+01,2.111291e+01,2.117484e+01,2.116796e+01,2.122298e+01,2.114044e+01,2.115420e+01,2.127110e+01,2.116796e+01,2.116108e+01,2.125048e+01,2.119548e+01,2.118172e+01,2.117484e+01,2.118172e+01,2.116108e+01,2.118172e+01,2.118172e+01,2.118860e+01,2.116796e+01,2.120235e+01,2.111291e+01,2.114732e+01,2.133294e+01,2.116796e+01,2.120235e+01,2.114732e+01,2.120923e+01,2.114732e+01,2.109225e+01,2.122986e+01,2.107848e+01,2.111291e+01,2.112667e+01,2.117484e+01,2.107848e+01,2.120923e+01,2.107848e+01,2.111979e+01,2.113355e+01,2.112667e+01,2.105782e+01,2.110602e+01,2.111291e+01,2.109914e+01,2.122986e+01,2.114044e+01,2.104405e+01,2.107160e+01,2.101649e+01,2.107848e+01,2.098893e+01,2.103716e+01,2.102338e+01,2.106471e+01,2.108537e+01,2.108537e+01,2.104405e+01,2.097514e+01,2.085789e+01,2.099582e+01,2.111291e+01,2.102338e+01,2.105094e+01,2.109225e+01,2.107160e+01,2.103027e+01,2.106471e+01,2.108537e+01,2.105782e+01,2.107160e+01,2.106471e+01,2.102338e+01,2.109914e+01,2.105094e+01,2.108537e+01,2.103716e+01,2.106471e+01,2.099582e+01,2.109914e+01,2.105782e+01,2.116108e+01,2.105094e+01,2.101649e+01,2.099582e+01,2.100960e+01,2.103027e+01,2.109225e+01,2.111291e+01,2.100271e+01,2.103027e+01,2.101649e+01,2.114732e+01,2.118172e+01,2.119548e+01,2.121611e+01,2.122298e+01,2.121611e+01,2.127798e+01,2.110602e+01,2.107848e+01,2.120923e+01,2.107848e+01,2.109225e+01,2.096825e+01,2.105782e+01,2.109914e+01,2.107160e+01,2.116796e+01,2.109914e+01,2.117484e+01,2.113355e+01,2.114732e+01,2.105094e+01,2.116796e+01,2.118172e+01,2.115420e+01,2.113355e+01,2.116108e+01,2.120235e+01,2.116796e+01,2.118172e+01,2.115420e+01,2.115420e+01,2.118172e+01,2.107160e+01,2.108537e+01
2.120235e+01,2.107160e+01,2.116108e+01,2.116796e+01,2.114044e+01,2.112667e+01,2.116108e+01,2.106471e+01,2.111291e+01,2.116108e+01,2.122986e+01,2.108537e+01,2.118172e+01,2.115420e+01,2.102338e+01,2.105782e+01,2.114732e+01,2.117484e+01,2.096825e+01,2.112667e+01,2.101649e+01,2.114732e+01,2.107848e+01,2.104405e+01,2.103716e+01,2.108537e+01,2.109914e+01,2.103716e+01,2.102338e+01,2.099582e+01,2.115420e+01,2.116108e+01,2.106471e+01,2.100960e+01,2.105094e+01,2.103716e+01,2.103716e+01,2.105094e+01,2.103716e+01,2.102338e+01,2.108537e+01,2.108537e+01,2.116108e+01,2.115420e+01,2.108537e+01,2.107160e+01,2.104405e+01,2.091308e+01,2.111291e+01,2.113355e+01,2.115420e+01,2.116796e+01,2.118172e+01,2.118860e+01,2.115420e+01,2.116108e+01,2.120923e+01,2.112667e+01,2.127110e+01,2.105094e+01,2.101649e+01,2.105094e+01,2.118860e+01,2.120235e+01,2.116108e+01,2.115420e+01,2.114732e+01,2.112667e+01,2.121611e+01,2.123674e+01,2.114044e+01,2.129172e+01,2.125736e+01,2.113355e+01,2.123674e+01,2.118860e+01,2.115420e+01,2.118860e+01,2.115420e+01,2.119548e+01,2.121611e+01,2.131920e+01,2.123674e+01,2.126423e+01,2.125736e+01,2.126423e+01,2.125736e+01,2.127110e+01,2.128485e+01,2.133294e+01,2.144964e+01,2.133294e+01,2.139474e+01,2.133294e+01,2.132607e+01,2.132607e+01,2.130546e+01,2.127798e+01,2.131233e+01,2.137415e+01,2.136041e+01,2.138101e+01,2.140161e+01,2.144278e+01,2.138788e+01,2.131920e+01,2.140847e+01,2.133294e+01,2.134668e+01,2.123674e+01,2.131233e+01,2.132607e+01,2.124361e+01,2.131233e+01,2.137415e+01,2.131233e+01,2.128485e+01,2.129859e+01,2.127798e+01,2.136041e+01,2.131233e+01,2.133294e+01,2.131233e+01,2.140161e+01,2.131920e+01,2.133981e+01,2.138101e+01,2.122298e+01,2.123674e+01,2.132607e+01,2.142906e+01,2.137415e+01,2.131920e+01,2.137415e+01,2.134668e+01,2.131920e+01,2.129172e+01,2.133981e+01,2.140847e+01,2.143592e+01,2.130546e+01,2.131920e+01,2.144278e+01,2.140847e+01,2.134668e+01,2.129859e+01,2.128485e+01,2.149080e+01,2.133981e+01,2.136728e+01,2.138101e+01,2.139474e+01,2.129172e+01,2.127110e+01,2.140161e+01,2.136728e+01,2.134668e+01,2.139474e+01,2.131233e+01,2.131233e+01,2.131920e+01,2.129172e+01,2.122298e+01,2.123674e+01,2.131233e+01,2.129172e+01,2.134668e+01,2.129172e+01,2.127110e+01,2.127798e+01,2.125048e+01,2.117484e+01,2.131920e+01,2.125736e+01,2.123674e+01,2.126423e+01,2.123674e+01,2.127798e+01,2.130546e+01,2.127110e+01,2.118860e+01,2.121611e+01,2.118172e+01,2.119548e+01,2.125736e+01,2.115420e+01,2.109914e+01,2.076814e+01,2.030430e+01,2.021405e+01,2.016542e+01,2.023489e+01,2.026266e+01,2.026266e+01,2.026960e+01,2.019321e+01,2.021405e+01,2.022100e+01,2.027654e+01,2.026960e+01,2.024183e+01,2.027654e+01,2.024183e+01,2.026960e+01,2.022100e+01,2.029736e+01,2.031818e+01,2.029042e+01,2.027654e+01,2.029736e+01,2.029736e+01,2.035286e+01,2.042912e+01,2.031124e+01,2.042912e+01,2.040833e+01,2.029736e+01,2.038060e+01,2.040833e+01,2.027654e+01,2.040833e+01,2.028348e+01,2.030430e+01,2.032512e+01,2.033205e+01,2.037366e+01,2.029042e+01,2.026266e+01,2.029736e+01,2.029736e+01,2.029736e+01,2.022794e+01,2.030430e+01,2.035286e+01,2.025571e+01,2.031124e+01,2.017237e+01,2.025571e+01,2.024183e+01,2.033899e+01,2.047070e+01,2.024183e+01,2.021405e+01,2.017932e+01,2.019321e+01,2.023489e+01,2.020711e+01,2.018627e+01,2.017932e+01,2.021405e+01,2.024183e+01,2.013763e+01,2.010982e+01,2.017237e+01,2.015153e+01,2.017237e+01,2.018627e+01,2.018627e+01,2.026960e+01,2.053995e+01,2.109914e+01,2.130546e+01,2.129859e+01,2.125736e+01,2.124361e+01,2.119548e+01,2.082338e+01,2.017932e+01,2.019321e+01,2.015848e+01,2.018627e+01,2.017237e+01,2.020016e+01,2.013068e+01,2.026266e+01,2.023489e+01,2.016542e+01,2.017932e+01,2.018627e+01,2.013068e+01,2.013763e+01,2.021405e+01,2.015848e+01,2.013068e+01,2.011677e+01,2.016542e+01,2.020016e+01,2.012372e+01,2.017237e+01,2.006810e+01,2.020016e+01,2.002636e+01,2.009591e+01,2.008896e+01,2.009591e+01,2.008896e+01,2.007505e+01,2.006810e+01,2.005419e+01,2.001244e+01,1.988013e+01,1.969879e+01,1.981042e+01,1.964293e+01,1.978253e+01,1.977555e+01,1.976858e+01,1.984528e+01,1.981042e+01,1.988710e+01,1.984528e+01,1.971973e+01,1.977555e+01,2.001244e+01,1.988710e+01,1.991496e+01,1.991496e+01,1.992890e+01,1.997764e+01,2.015153e+01,2.003332e+01,1.999852e+01,1.993586e+01,2.006114e+01,1.999156e+01,2.005419e+01,2.006810e+01,2.021405e+01,2.005419e+01,2.000548e+01,2.008896e+01,2.006114e+01,2.010287e+01,2.005419e+01,2.007505e+01,2.006810e+01,2.004723e+01,2.005419e+01,2.013763e+01,2.008896e+01,2.006810e+01,1.996371e+01,2.005419e+01,1.999156e+01,2.001940e+01,1.998460e+01,2.017932e+01,1.999852e+01,2.012372e+01,2.005419e+01,2.010287e+01,2.002636e+01,2.004027e+01,2.006810e+01,2.006114e+01,2.004027e+01,1.992193e+01,2.013763e+01,2.017932e+01,2.057456e+01,2.151823e+01,2.205843e+01,2.210616e+01,2.212661e+01,2.214024e+01,2.190145e+01,2.183312e+01,2.122986e+01,2.037366e+01,2.001244e+01,1.988013e+01,1.985225e+01,1.987316e+01,1.986619e+01,1.981740e+01,1.983134e+01,1.981740e+01,1.980345e+01,1.985225e+01,1.981740e+01,1.981042e+01,1.988710e+01,1.990103e+01,1.989407e+01,1.988013e+01,1.992193e+01,1.993586e+01,1.997068e+01,1.994979e+01,1.998460e+01,2.010287e+01,2.044991e+01,2.088549e+01,2.123674e+01,2.131920e+01,2.126423e+01,2.129859e+01,2.130546e+01,2.120923e+01,2.119548e+01,2.133981e+01,2.125736e+01,2.127110e+01,2.126423e+01,2.127110e+01,2.124361e+01,2.130546e+01,2.125048e+01,2.121611e+01,2.081648e+01,2.067831e+01,2.067831e+01,2.054687e+01,2.059531e+01,2.057456e+01,2.056763e+01,2.058148e+01,2.061607e+01,2.078195e+01,2.067831e+01,2.075432e+01,2.079576e+01,2.067831e+01,2.060915e+01,2.056071e+01,2.076123e+01,2.061607e+01,2.055379e+01,2.055379e+01,2.053995e+01,2.055379e+01,2.060223e+01,2.083719e+01,2.083719e+01,2.105094e+01,2.100271e+01,2.100960e+01,2.101649e+01,2.114044e+01,2.118860e+01,2.123674e+01,2.114732e+01,2.127798e+01,2.120923e+01,2.113355e+01,2.118860e+01,2.113355e+01,2.113355e+01,2.072669e+01,2.020711e+01,2.008201e+01,2.018627e+01,2.006810e+01,2.015153e+01,2.004723e+01,2.000548e+01,1.995675e+01,2.007505e+01,2.003332e+01,1.999852e+01,1.989407e+01,1.994283e+01,1.990103e+01,1.992890e+01,1.990103e+01,1.996371e+01,1.990800e+01,1.985225e+01,1.994979e+01,1.991496e+01,1.987316e+01,1.988710e+01,1.992193e+01,1.984528e+01,1.990103e+01,1.984528e+01,1.983831e+01,1.971973e+01,1.983134e+01,1.983134e+01,1.978950e+01,1.980345e+01,1.981042e+01,1.979647e+01,1.976858e+01,1.974764e+01,1.972671e+01,1.978950e+01,1.973369e+01,1.980345e+01,1.980345e+01,1.974764e+01,1.984528e+01,1.983134e+01,1.981042e+01,1.981740e+01,1.976160e+01,1.981042e+01,1.983831e+01,1.985225e+01,1.989407e+01,1.985225e+01,1.991496e+01,1.983134e+01,1.994283e+01,1.970577e+01,1.978950e+01,2.047070e+01,2.067831e+01,2.098893e+01,2.114732e+01,2.118172e+01,2.119548e+01,2.117484e+01,2.112667e+01,2.120923e+01,2.114732e+01,2.115420e+01,2.118860e+01,2.118860e+01,2.118172e+01,2.126423e+01,2.120235e+01,2.118860e+01,2.115420e+01,2.113355e+01,2.126423e+01,2.116108e+01,2.117484e+01,2.114732e+01,2.117484e+01,2.114044e+01,2.118172e+01,2.113355e+01,2.117484e+01,2.121611e+01,2.120235e+01,2.118860e+01,2.121611e+01,2.117484e+01,2.120235e+01,2.117484e+01,2.116108e+01,2.123674e+01,2.118860e+01,2.116796e+01,2.107848e+01,2.111291e+01,2.114044e+01,2.107160e+01,2.106471e+01,2.109225e+01,2.111291e+01,2.103716e+01,2.110602e+01,2.111979e+01,2.107160e+01,2.109914e+01,2.106471e+01,2.109225e+01,2.108537e+01,2.108537e+01,2.105782e+01,2.098893e+01,2.098203e+01,2.100960e+01,2.098203e+01,2.113355e+01,2.109225e+01,2.093377e+01,2.097514e+01,2.107160e+01,2.102338e+01,2.092688e+01,2.111979e+01,2.104405e+01,2.107848e+01,2.105094e+01,2.107160e+01,2.109914e+01,2.109225e+01,2.110602e+01,2.109225e+01,2.107848e+01,2.103027e+01,2.103716e+01,2.101649e+01,2.100960e+01,2.099582e+01,2.135355e+01,2.112667e+01,2.094757e+01,2.091998e+01,2.102338e+01,2.103716e+01,2.102338e+01,2.106471e+01,2.109225e+01,2.114732e+01,2.108537e+01,2.105782e+01,2.108537e+01,2.105094e+01,2.117484e+01,2.107160e+01,2.106471e+01,2.109225e+01,2.111291e+01,2.108537e+01,2.109225e+01,2.118172e+01,2.116796e+01,2.116108e+01,2.116796e+01,2.107160e+01,2.117484e+01,2.114044e+01,2.105094e+01,2.106471e+01,2.116108e+01,2.118172e+01,2.117484e+01,2.115420e+01,2.116108e+01,2.100960e+01,2.122986e+01,2.125048e+01,2.109914e+01,2.112667e+01,2.111291e+01,2.112667e+01,2.111291e+01,2.118860e+01,2.119548e+01,2.122986e+01,2.119548e+01,2.113355e+01,2.121611e+01,2.113355e+01,2.115420e+01
2.119548e+01,2.112667e+01,2.098893e+01,2.108537e+01,2.100960e+01,2.110602e+01,2.114044e+01,2.114732e+01,2.103027e+01,2.106471e+01,2.119548e+01,2.107160e+01,2.118172e+01,2.118172e+01,2.105094e+01,2.108537e+01,2.113355e+01,2.122298e+01,2.102338e+01,2.108537e+01,2.111291e+01,2.105094e+01,2.109225e+01,2.107848e+01,2.106471e+01,2.112667e+01,2.105094e+01,2.103027e+01,2.107160e+01,2.100960e+01,2.105782e+01,2.098893e+01,2.100271e+01,2.102338e+01,2.105094e+01,2.100960e+01,2.105782e+01,2.103027e+01,2.105782e+01,2.103716e+01,2.103027e+01,2.104405e+01,2.103027e+01,2.107848e+01,2.104405e+01,2.103716e+01,2.112667e+01,2.109914e+01,2.110602e+01,2.117484e+01,2.114044e+01,2.113355e+01,2.115420e+01,2.109225e+01,2.114732e+01,2.116796e+01,2.116796e+01,2.114044e+01,2.121611e+01,2.116796e+01,2.109914e+01,2.120923e+01,2.122298e+01,2.112667e+01,2.119548e+01,2.120235e+01,2.116796e+01,2.103027e+01,2.129859e+01,2.114044e+01,2.126423e+01,2.120923e+01,2.119548e+01,2.119548e+01,2.120923e+01,2.115420e+01,2.111979e+01,2.118860e+01,2.120235e+01,2.123674e+01,2.120923e+01,2.131920e+01,2.119548e+01,2.116108e+01,2.133294e+01,2.125736e+01,2.132607e+01,2.120235e+01,2.125736e+01,2.123674e+01,2.129859e+01,2.132607e+01,2.133294e+01,2.126423e+01,2.131920e+01,2.133294e+01,2.136728e+01,2.133981e+01,2.151137e+01,2.136728e+01,2.129859e+01,2.136728e+01,2.131233e+01,2.134668e+01,2.136728e+01,2.142220e+01,2.131920e+01,2.138788e+01,2.133981e+01,2.134668e+01,2.132607e+01,2.129859e+01,2.133981e+01,2.133294e+01,2.130546e+01,2.129172e+01,2.131233e+01,2.138101e+01,2.129859e+01,2.132607e+01,2.131233e+01,2.133294e+01,2.132607e+01,2.134668e+01,2.133294e+01,2.125048e+01,2.129172e+01,2.142906e+01,2.129859e+01,2.135355e+01,2.138101e+01,2.138788e+01,2.134668e+01,2.137415e+01,2.138101e+01,2.138101e+01,2.142906e+01,2.136728e+01,2.131920e+01,2.143592e+01,2.125736e+01,2.140161e+01,2.135355e+01,2.136041e+01,2.129859e+01,2.131233e+01,2.131920e+01,2.128485e+01,2.147022e+01,2.133294e+01,2.129172e+01,2.129859e+01,2.130546e+01,2.138101e+01,2.127798e+01,2.138101e+01,2.134668e+01,2.132607e+01,2.122986e+01,2.125736e+01,2.138101e+01,2.125736e+01,2.129859e+01,2.127110e+01,2.125736e+01,2.126423e+01,2.128485e+01,2.125736e+01,2.125048e+01,2.137415e+01,2.127798e+01,2.133981e+01,2.116108e+01,2.122986e+01,2.127110e+01,2.124361e+01,2.129172e+01,2.122298e+01,2.125048e+01,2.119548e+01,2.122986e+01,2.120923e+01,2.121611e+01,2.118860e+01,2.120235e+01,2.107160e+01,2.101649e+01,2.044991e+01,2.028348e+01,2.026960e+01,2.024877e+01,2.034592e+01,2.022794e+01,2.024877e+01,2.026960e+01,2.014458e+01,2.030430e+01,2.024877e+01,2.024183e+01,2.021405e+01,2.026960e+01,2.026266e+01,2.026266e+01,2.026960e+01,2.025571e+01,2.022794e+01,2.039447e+01,2.027654e+01,2.031818e+01,2.039447e+01,2.028348e+01,2.033205e+01,2.034592e+01,2.042219e+01,2.033205e+01,2.041526e+01,2.040140e+01,2.043605e+01,2.037366e+01,2.034592e+01,2.042912e+01,2.038753e+01,2.035980e+01,2.033899e+01,2.033899e+01,2.031124e+01,2.031124e+01,2.035286e+01,2.021405e+01,2.015153e+01,2.026960e+01,2.035980e+01,2.024877e+01,2.033899e+01,2.015848e+01,2.027654e+01,2.028348e+01,2.020711e+01,2.024183e+01,2.031818e+01,2.031818e+01,2.019321e+01,2.020016e+01,2.018627e+01,2.023489e+01,2.018627e+01,2.020016e+01,2.020016e+01,2.020016e+01,2.022100e+01,2.022794e+01,2.010982e+01,2.023489e+01,2.015153e+01,2.022794e+01,1.998460e+01,2.018627e+01,2.021405e+01,2.016542e+01,2.045684e+01,2.107848e+01,2.128485e+01,2.130546e+01,2.129172e+01,2.129859e+01,2.118172e+01,2.057456e+01,2.021405e+01,2.017932e+01,2.015848e+01,2.026266e+01,2.021405e+01,2.017237e+01,2.024183e+01,2.023489e+01,2.022100e+01,2.003332e+01,2.017932e+01,2.016542e+01,2.022794e+01,2.015848e+01,2.016542e+01,2.015848e+01,2.019321e+01,2.015848e+01,2.016542e+01,2.017237e+01,2.018627e+01,2.015153e+01,2.008896e+01,2.013763e+01,2.010287e+01,2.008201e+01,2.010287e+01,2.012372e+01,2.009591e+01,2.006810e+01,2.006114e+01,2.004723e+01,1.990800e+01,1.971973e+01,1.984528e+01,1.976858e+01,1.979647e+01,1.981042e+01,1.978253e+01,1.978950e+01,1.985922e+01,1.983134e+01,1.984528e+01,1.987316e+01,1.987316e+01,1.991496e+01,1.994979e+01,1.988710e+01,1.994979e+01,1.996371e+01,1.995675e+01,1.993586e+01,2.002636e+01,1.995675e+01,1.999852e+01,2.004027e+01,1.992193e+01,2.004027e+01,2.003332e+01,2.004027e+01,1.999852e+01,1.999852e+01,2.009591e+01,2.009591e+01,2.009591e+01,2.010287e+01,1.997068e+01,2.007505e+01,2.008201e+01,2.004723e+01,2.011677e+01,2.005419e+01,2.012372e+01,2.007505e+01,2.004723e+01,2.010982e+01,1.999156e+01,1.997764e+01,2.006114e+01,2.002636e+01,2.008896e+01,2.013068e+01,2.009591e+01,2.005419e+01,2.004723e+01,2.005419e+01,2.004723e+01,2.008896e+01,2.004723e+01,1.995675e+01,2.011677e+01,2.026960e+01,2.045684e+01,2.171686e+01,2.204479e+01,2.217430e+01,2.211298e+01,2.212661e+01,2.203115e+01,2.179894e+01,2.123674e+01,2.038060e+01,1.993586e+01,1.997764e+01,1.987316e+01,1.985922e+01,1.990103e+01,1.983134e+01,1.991496e+01,1.981042e+01,1.977555e+01,1.981740e+01,1.986619e+01,1.990800e+01,1.994283e+01,1.994283e+01,1.985225e+01,1.990103e+01,1.987316e+01,2.000548e+01,1.999156e+01,2.008896e+01,2.003332e+01,2.013068e+01,2.012372e+01,2.062990e+01,2.119548e+01,2.127798e+01,2.128485e+01,2.127798e+01,2.130546e+01,2.135355e+01,2.131920e+01,2.122986e+01,2.128485e+01,2.128485e+01,2.128485e+01,2.124361e+01,2.133294e+01,2.132607e+01,2.122986e+01,2.104405e+01,2.072669e+01,2.059531e+01,2.061607e+01,2.052610e+01,2.057456e+01,2.064374e+01,2.056763e+01,2.077505e+01,2.074742e+01,2.107848e+01,2.110602e+01,2.102338e+01,2.087169e+01,2.085789e+01,2.085789e+01,2.074742e+01,2.056763e+01,2.057456e+01,2.054687e+01,2.051225e+01,2.052610e+01,2.047070e+01,2.043605e+01,2.044991e+01,2.058840e+01,2.047070e+01,2.057456e+01,2.074742e+01,2.081648e+01,2.097514e+01,2.108537e+01,2.112667e+01,2.089929e+01,2.108537e+01,2.121611e+01,2.111291e+01,2.114044e+01,2.109914e+01,2.103716e+01,2.084409e+01,2.045684e+01,2.020016e+01,2.006810e+01,2.012372e+01,2.015153e+01,2.004723e+01,2.004027e+01,2.004027e+01,1.998460e+01,1.997764e+01,2.005419e+01,1.992193e+01,1.995675e+01,1.994283e+01,1.990800e+01,1.990800e+01,1.993586e+01,1.992193e+01,1.992890e+01,1.992193e+01,1.982437e+01,1.988710e+01,1.988013e+01,1.989407e+01,1.985922e+01,1.988710e+01,1.985225e+01,1.985922e+01,1.986619e+01,1.994283e+01,1.982437e+01,1.976858e+01,1.978950e+01,1.980345e+01,1.976160e+01,1.980345e+01,1.973369e+01,1.976160e+01,1.969181e+01,1.971973e+01,1.974764e+01,1.966388e+01,1.977555e+01,1.969879e+01,1.975462e+01,1.969879e+01,1.978950e+01,1.984528e+01,1.983134e+01,1.978253e+01,1.979647e+01,1.975462e+01,1.976160e+01,1.978950e+01,1.980345e+01,1.980345e+01,1.970577e+01,1.988013e+01,2.026960e+01,2.069905e+01,2.110602e+01,2.114732e+01,2.099582e+01,2.117484e+01,2.114044e+01,2.106471e+01,2.111979e+01,2.122986e+01,2.132607e+01,2.127798e+01,2.112667e+01,2.116796e+01,2.098893e+01,2.120923e+01,2.120235e+01,2.123674e+01,2.117484e+01,2.114732e+01,2.121611e+01,2.114732e+01,2.114732e+01,2.118172e+01,2.115420e+01,2.115420e+01,2.117484e+01,2.115420e+01,2.122986e+01,2.125048e+01,2.114044e+01,2.111979e+01,2.114732e+01,2.113355e+01,2.116796e+01,2.114044e+01,2.112667e+01,2.118172e+01,2.118860e+01,2.109914e+01,2.109914e+01,2.109225e+01,2.107848e+01,2.125736e+01,2.114044e+01,2.111291e+01,2.106471e+01,2.113355e+01,2.110602e+01,2.105094e+01,2.111979e+01,2.108537e+01,2.104405e+01,2.102338e+01,2.101649e+01,2.101649e+01,2.103716e+01,2.094757e+01,2.098893e+01,2.107160e+01,2.105782e+01,2.105782e+01,2.096135e+01,2.094757e+01,2.087859e+01,2.107848e+01,2.105094e+01,2.100271e+01,2.103027e+01,2.105094e+01,2.111979e+01,2.105094e+01,2.110602e+01,2.108537e+01,2.110602e+01,2.106471e+01,2.107160e+01,2.101649e+01,2.102338e+01,2.103716e+01,2.116796e+01,2.096825e+01,2.088549e+01,2.114732e+01,2.102338e+01,2.102338e+01,2.100960e+01,2.104405e+01,2.104405e+01,2.104405e+01,2.114044e+01,2.107848e+01,2.112667e+01,2.120923e+01,2.115420e+01,2.100960e+01,2.120235e+01,2.103716e+01,2.113355e+01,2.107160e+01,2.110602e+01,2.116108e+01,2.112667e+01,2.094757e+01,2.116108e+01,2.114044e+01,2.103716e+01,2.107848e+01,2.101649e+01,2.120235e+01,2.111979e+01,2.115420e+01,2.103027e+01,2.113355e+01,2.116108e+01,2.126423e+01,2.115420e+01,2.116108e+01,2.117484e+01,2.113355e+01,2.125736e+01,2.114732e+01,2.111291e+01,2.119548e+01,2.115420e+01,2.107848e+01,2.111291e+01,2.114044e+01,2.120235e+01,2.116796e+01,2.108537e+01,2.108537e+01,2.112667e+01
2.114732e+01,2.111291e+01,2.109914e+01,2.117484e+01,2.116108e+01,2.108537e+01,2.104405e+01,2.114044e+01,2.112667e+01,2.113355e+01,2.118860e+01,2.103027e+01,2.094757e+01,2.112667e+01,2.115420e+01,2.106471e+01,2.116108e+01,2.103027e+01,2.107848e+01,2.106471e+01,2.102338e+01,2.100271e+01,2.110602e+01,2.109225e+01,2.097514e+01,2.104405e+01,2.111291e+01,2.094757e+01,2.105094e+01,2.100960e+01,2.109914e+01,2.114044e+01,2.113355e+01,2.101649e+01,2.100271e+01,2.100960e+01,2.103027e+01,2.105094e+01,2.103027e+01,2.102338e+01,2.101649e+01,2.103716e+01,2.119548e+01,2.133981e+01,2.114732e+01,2.111291e+01,2.110602e+01,2.107160e+01,2.109914e+01,2.110602e+01,2.111291e+01,2.107160e+01,2.109914e+01,2.114732e+01,2.114732e+01,2.120235e+01,2.109914e+01,2.107160e+01,2.116108e+01,2.114732e+01,2.120235e+01,2.120923e+01,2.120235e+01,2.113355e+01,2.119548e+01,2.118172e+01,2.109225e+01,2.102338e+01,2.123674e+01,2.124361e+01,2.117484e+01,2.123674e+01,2.119548e+01,2.114044e+01,2.112667e+01,2.125048e+01,2.133294e+01,2.115420e+01,2.127110e+01,2.126423e+01,2.125736e+01,2.124361e+01,2.126423e+01,2.125736e+01,2.127798e+01,2.136728e+01,2.122986e+01,2.130546e+01,2.127110e+01,2.135355e+01,2.138788e+01,2.137415e+01,2.127798e+01,2.129859e+01,2.132607e+01,2.137415e+01,2.139474e+01,2.133294e+01,2.136041e+01,2.136041e+01,2.135355e+01,2.140847e+01,2.135355e+01,2.138788e+01,2.147708e+01,2.141533e+01,2.142220e+01,2.129172e+01,2.133294e+01,2.131233e+01,2.133981e+01,2.133981e+01,2.133294e+01,2.133294e+01,2.135355e+01,2.128485e+01,2.127798e+01,2.136041e+01,2.140161e+01,2.125736e+01,2.135355e+01,2.124361e+01,2.132607e+01,2.123674e+01,2.143592e+01,2.130546e+01,2.136041e+01,2.131920e+01,2.142220e+01,2.136728e+01,2.136728e+01,2.135355e+01,2.142220e+01,2.138788e+01,2.139474e+01,2.133981e+01,2.144278e+01,2.138101e+01,2.135355e+01,2.131233e+01,2.134668e+01,2.140161e+01,2.131233e+01,2.141533e+01,2.131233e+01,2.131920e+01,2.130546e+01,2.147708e+01,2.138101e+01,2.125736e+01,2.129859e+01,2.138101e+01,2.138788e+01,2.137415e+01,2.129172e+01,2.134668e+01,2.135355e+01,2.129172e+01,2.123674e+01,2.134668e+01,2.135355e+01,2.125736e+01,2.126423e+01,2.131233e+01,2.125048e+01,2.125048e+01,2.128485e+01,2.127110e+01,2.132607e+01,2.128485e+01,2.129172e+01,2.127110e+01,2.127798e+01,2.129859e+01,2.128485e+01,2.126423e+01,2.127798e+01,2.129172e+01,2.127798e+01,2.122986e+01,2.134668e+01,2.120235e+01,2.121611e+01,2.108537e+01,2.120235e+01,2.105094e+01,2.053303e+01,2.031124e+01,2.023489e+01,2.035286e+01,2.025571e+01,2.027654e+01,2.024183e+01,2.024183e+01,2.026266e+01,2.021405e+01,2.024183e+01,2.023489e+01,2.025571e+01,2.029042e+01,2.026960e+01,2.029736e+01,2.024877e+01,2.024877e+01,2.029736e+01,2.022794e+01,2.026266e+01,2.031818e+01,2.031818e+01,2.029736e+01,2.025571e+01,2.035980e+01,2.041526e+01,2.026266e+01,2.036673e+01,2.040833e+01,2.037366e+01,2.039447e+01,2.050533e+01,2.043605e+01,2.041526e+01,2.055379e+01,2.052610e+01,2.035980e+01,2.034592e+01,2.033205e+01,2.033205e+01,2.035980e+01,2.036673e+01,2.029736e+01,2.037366e+01,2.027654e+01,2.042219e+01,2.025571e+01,2.026960e+01,2.023489e+01,2.022794e+01,2.020711e+01,2.022100e+01,2.033899e+01,2.024877e+01,2.031124e+01,2.024183e+01,2.031124e+01,2.029042e+01,2.024877e+01,2.033899e+01,2.028348e+01,2.026960e+01,2.014458e+01,2.019321e+01,2.014458e+01,2.013763e+01,2.015848e+01,2.017237e+01,2.017932e+01,2.019321e+01,2.017237e+01,2.022100e+01,2.052610e+01,2.104405e+01,2.131233e+01,2.133981e+01,2.132607e+01,2.122298e+01,2.121611e+01,2.067139e+01,2.023489e+01,2.017932e+01,2.020016e+01,2.017932e+01,2.010982e+01,2.024183e+01,2.022100e+01,2.025571e+01,2.024877e+01,2.017932e+01,2.006114e+01,2.017932e+01,2.027654e+01,2.015153e+01,2.016542e+01,2.020711e+01,2.019321e+01,2.021405e+01,2.020711e+01,2.010982e+01,2.013763e+01,2.013763e+01,2.008896e+01,2.010287e+01,2.013068e+01,2.004027e+01,2.013068e+01,2.010982e+01,2.006114e+01,2.014458e+01,2.006810e+01,1.997764e+01,1.967785e+01,1.988710e+01,1.983831e+01,1.980345e+01,1.990800e+01,1.979647e+01,1.978950e+01,1.988013e+01,1.989407e+01,1.986619e+01,1.986619e+01,1.999852e+01,1.995675e+01,1.986619e+01,1.990103e+01,1.990103e+01,1.993586e+01,1.976160e+01,1.992193e+01,1.992890e+01,1.999156e+01,1.999156e+01,2.004723e+01,1.993586e+01,2.007505e+01,2.008201e+01,2.011677e+01,2.001940e+01,2.001940e+01,2.006114e+01,1.999156e+01,2.008896e+01,1.999852e+01,2.005419e+01,2.004723e+01,2.006810e+01,2.013068e+01,2.014458e+01,2.017237e+01,2.007505e+01,2.005419e+01,2.005419e+01,2.004723e+01,2.010287e+01,2.012372e+01,2.001940e+01,2.013068e+01,2.019321e+01,2.010982e+01,2.012372e+01,2.010982e+01,2.010982e+01,2.006810e+01,2.004027e+01,2.008896e+01,1.999852e+01,2.006810e+01,1.999156e+01,2.016542e+01,2.032512e+01,2.063682e+01,2.185363e+01,2.228324e+01,2.194243e+01,2.209934e+01,2.200386e+01,2.190828e+01,2.126423e+01,2.051918e+01,2.017932e+01,1.992193e+01,1.988710e+01,1.992890e+01,1.988013e+01,1.981042e+01,1.983134e+01,1.988013e+01,1.979647e+01,1.993586e+01,1.992890e+01,1.990103e+01,1.990103e+01,2.000548e+01,1.991496e+01,1.988710e+01,1.991496e+01,2.001940e+01,1.997068e+01,2.000548e+01,1.993586e+01,1.992193e+01,2.012372e+01,2.015153e+01,2.040833e+01,2.097514e+01,2.125048e+01,2.125048e+01,2.120923e+01,2.133981e+01,2.128485e+01,2.129859e+01,2.126423e+01,2.129172e+01,2.136041e+01,2.129859e+01,2.127798e+01,2.125048e+01,2.111291e+01,2.100271e+01,2.063682e+01,2.060915e+01,2.060915e+01,2.062990e+01,2.047070e+01,2.060915e+01,2.060915e+01,2.072669e+01,2.083028e+01,2.109914e+01,2.121611e+01,2.115420e+01,2.112667e+01,2.122986e+01,2.116796e+01,2.119548e+01,2.090619e+01,2.083719e+01,2.078886e+01,2.079576e+01,2.053995e+01,2.051918e+01,2.044991e+01,2.040140e+01,2.042912e+01,2.040140e+01,2.038753e+01,2.040140e+01,2.052610e+01,2.037366e+01,2.047762e+01,2.062299e+01,2.078195e+01,2.065065e+01,2.087169e+01,2.108537e+01,2.098203e+01,2.101649e+01,2.101649e+01,2.099582e+01,2.089239e+01,2.055379e+01,2.027654e+01,2.020016e+01,2.019321e+01,2.004723e+01,2.010287e+01,2.008201e+01,2.008201e+01,1.998460e+01,1.998460e+01,2.001940e+01,1.990800e+01,1.994283e+01,1.992890e+01,1.992193e+01,1.988710e+01,1.988710e+01,1.988710e+01,1.994979e+01,1.991496e+01,1.989407e+01,1.991496e+01,1.988013e+01,1.994283e+01,1.987316e+01,1.983134e+01,1.994283e+01,1.986619e+01,1.993586e+01,1.977555e+01,1.982437e+01,1.983831e+01,1.986619e+01,1.983134e+01,1.981740e+01,1.982437e+01,1.976858e+01,1.974067e+01,1.969879e+01,1.965689e+01,1.971973e+01,1.967785e+01,1.976858e+01,1.978253e+01,1.987316e+01,1.974067e+01,1.981042e+01,1.978253e+01,1.983134e+01,1.983134e+01,1.976160e+01,1.971973e+01,1.976858e+01,1.977555e+01,1.990800e+01,1.977555e+01,1.985225e+01,1.986619e+01,2.022100e+01,2.049148e+01,2.072669e+01,2.071978e+01,2.091998e+01,2.108537e+01,2.108537e+01,2.110602e+01,2.115420e+01,2.109914e+01,2.126423e+01,2.121611e+01,2.114044e+01,2.116108e+01,2.114044e+01,2.116796e+01,2.125048e+01,2.118860e+01,2.120923e+01,2.114732e+01,2.117484e+01,2.118860e+01,2.118860e+01,2.116108e+01,2.129172e+01,2.122986e+01,2.111291e+01,2.113355e+01,2.117484e+01,2.115420e+01,2.112667e+01,2.118860e+01,2.111979e+01,2.114044e+01,2.120235e+01,2.120235e+01,2.121611e+01,2.114044e+01,2.120235e+01,2.115420e+01,2.107848e+01,2.114732e+01,2.129172e+01,2.113355e+01,2.111291e+01,2.116796e+01,2.116108e+01,2.103716e+01,2.112667e+01,2.109914e+01,2.111291e+01,2.109225e+01,2.121611e+01,2.103716e+01,2.100960e+01,2.099582e+01,2.108537e+01,2.111291e+01,2.104405e+01,2.107848e+01,2.103027e+01,2.098203e+01,2.105782e+01,2.093377e+01,2.098893e+01,2.108537e+01,2.085789e+01,2.105782e+01,2.091308e+01,2.106471e+01,2.105094e+01,2.107848e+01,2.104405e+01,2.108537e+01,2.102338e+01,2.104405e+01,2.111291e+01,2.103716e+01,2.103716e+01,2.104405e+01,2.109225e+01,2.102338e+01,2.109225e+01,2.105782e+01,2.117484e+01,2.109225e+01,2.106471e+01,2.111291e+01,2.107848e+01,2.103716e+01,2.105094e+01,2.099582e+01,2.100960e+01,2.115420e+01,2.108537e+01,2.107848e+01,2.107160e+01,2.107160e+01,2.116108e+01,2.114732e+01,2.111979e+01,2.111979e+01,2.109914e+01,2.122298e+01,2.116108e+01,2.109225e+01,2.105094e+01,2.109914e+01,2.108537e+01,2.118860e+01,2.113355e+01,2.120923e+01,2.122986e+01,2.118172e+01,2.128485e+01,2.112667e+01,2.113355e+01,2.129172e+01,2.122986e+01,2.118860e+01,2.115420e+01,2.116796e+01,2.125048e+01,2.122986e+01,2.109914e+01,2.114044e+01,2.110602e+01,2.114044e+01,2.121611e+01,2.121611e+01,2.122298e+01,2.113355e+01,2.118860e+01
2.118172e+01,2.105094e+01,2.116796e+01,2.105782e+01,2.114044e+01,2.111979e+01,2.114732e+01,2.112667e+01,2.109914e+01,2.119548e+01,2.111979e+01,2.116108e+01,2.107848e+01,2.114732e+01,2.109914e+01,2.105782e+01,2.119548e+01,2.114044e+01,2.101649e+01,2.105782e+01,2.105094e+01,2.096135e+01,2.103716e+01,2.105782e+01,2.116108e+01,2.114044e+01,2.109225e+01,2.101649e+01,2.104405e+01,2.107160e+01,2.106471e+01,2.105782e+01,2.100271e+01,2.111291e+01,2.110602e+01,2.106471e+01,2.106471e+01,2.102338e+01,2.103027e+01,2.103716e+01,2.102338e+01,2.101649e+01,2.101649e+01,2.109914e+01,2.103716e+01,2.104405e+01,2.108537e+01,2.102338e+01,2.112667e+01,2.110602e+01,2.110602e+01,2.111291e+01,2.111979e+01,2.109914e+01,2.117484e+01,2.119548e+01,2.122298e+01,2.107848e+01,2.118860e+01,2.119548e+01,2.116108e+01,2.113355e+01,2.117484e+01,2.118860e+01,2.105094e+01,2.117484e+01,2.102338e+01,2.109914e+01,2.116796e+01,2.127110e+01,2.124361e+01,2.124361e+01,2.118860e+01,2.122986e+01,2.124361e+01,2.137415e+01,2.125048e+01,2.121611e+01,2.131920e+01,2.131233e+01,2.118860e+01,2.127110e+01,2.124361e+01,2.127110e+01,2.129859e+01,2.138788e+01,2.136041e+01,2.134668e+01,2.136041e+01,2.121611e+01,2.134668e+01,2.126423e+01,2.125736e+01,2.125736e+01,2.130546e+01,2.136041e+01,2.130546e+01,2.138101e+01,2.137415e+01,2.132607e+01,2.140161e+01,2.136728e+01,2.134668e+01,2.143592e+01,2.130546e+01,2.132607e+01,2.131920e+01,2.133294e+01,2.132607e+01,2.135355e+01,2.136728e+01,2.134668e+01,2.135355e+01,2.134668e+01,2.133981e+01,2.135355e+01,2.135355e+01,2.126423e+01,2.134668e+01,2.127798e+01,2.135355e+01,2.132607e+01,2.127798e+01,2.125736e+01,2.122986e+01,2.124361e+01,2.124361e+01,2.133294e+01,2.135355e+01,2.120235e+01,2.129859e+01,2.134668e+01,2.136041e+01,2.135355e+01,2.137415e+01,2.132607e+01,2.134668e+01,2.127798e+01,2.135355e+01,2.133981e+01,2.129172e+01,2.131920e+01,2.138788e+01,2.133294e+01,2.127798e+01,2.130546e+01,2.131920e+01,2.135355e+01,2.135355e+01,2.137415e+01,2.135355e+01,2.134668e+01,2.133981e+01,2.138788e+01,2.122986e+01,2.126423e+01,2.129172e+01,2.130546e+01,2.126423e+01,2.130546e+01,2.125048e+01,2.129172e+01,2.128485e+01,2.133294e+01,2.130546e+01,2.129859e+01,2.128485e+01,2.131920e+01,2.128485e+01,2.128485e+01,2.127798e+01,2.131233e+01,2.127110e+01,2.129172e+01,2.122986e+01,2.122298e+01,2.123674e+01,2.120235e+01,2.124361e+01,2.123674e+01,2.119548e+01,2.122986e+01,2.111291e+01,2.117484e+01,2.111291e+01,2.094757e+01,2.053303e+01,2.029736e+01,2.040140e+01,2.024877e+01,2.024877e+01,2.026960e+01,2.020711e+01,2.020016e+01,2.022794e+01,2.022100e+01,2.027654e+01,2.033205e+01,2.035980e+01,2.033205e+01,2.029042e+01,2.025571e+01,2.026960e+01,2.030430e+01,2.026960e+01,2.022100e+01,2.021405e+01,2.028348e+01,2.024183e+01,2.044991e+01,2.026960e+01,2.038060e+01,2.033205e+01,2.044298e+01,2.035980e+01,2.035286e+01,2.035980e+01,2.034592e+01,2.045684e+01,2.045684e+01,2.052610e+01,2.055379e+01,2.036673e+01,2.041526e+01,2.035980e+01,2.047762e+01,2.035980e+01,2.029042e+01,2.036673e+01,2.035286e+01,2.031124e+01,2.037366e+01,2.026960e+01,2.028348e+01,2.022100e+01,2.024877e+01,2.020016e+01,2.021405e+01,2.017932e+01,2.023489e+01,2.022794e+01,2.024877e+01,2.026266e+01,2.025571e+01,2.026266e+01,2.025571e+01,2.030430e+01,2.022100e+01,2.015848e+01,2.029042e+01,2.027654e+01,2.020711e+01,2.012372e+01,2.017237e+01,2.016542e+01,2.016542e+01,2.015153e+01,2.019321e+01,2.017237e+01,2.047070e+01,2.100271e+01,2.136041e+01,2.132607e+01,2.126423e+01,2.131233e+01,2.127110e+01,2.094067e+01,2.053303e+01,2.019321e+01,2.018627e+01,2.022100e+01,2.030430e+01,2.020016e+01,2.021405e+01,2.026266e+01,2.024877e+01,2.019321e+01,2.020016e+01,2.020016e+01,2.026266e+01,2.016542e+01,2.018627e+01,2.023489e+01,2.020016e+01,2.020016e+01,2.020711e+01,2.014458e+01,2.010982e+01,2.013068e+01,2.011677e+01,2.009591e+01,2.014458e+01,2.011677e+01,2.017932e+01,2.017932e+01,2.018627e+01,2.012372e+01,1.997764e+01,1.982437e+01,1.974067e+01,1.971973e+01,1.979647e+01,1.978253e+01,1.980345e+01,1.983831e+01,1.994283e+01,1.980345e+01,1.980345e+01,1.987316e+01,1.989407e+01,1.985225e+01,1.998460e+01,1.999156e+01,1.985922e+01,1.994979e+01,1.996371e+01,1.997764e+01,1.994979e+01,1.987316e+01,1.994979e+01,1.989407e+01,1.998460e+01,1.988013e+01,2.006810e+01,1.990103e+01,1.996371e+01,2.006114e+01,2.009591e+01,2.000548e+01,2.004723e+01,2.004027e+01,2.003332e+01,2.006810e+01,2.005419e+01,2.005419e+01,2.005419e+01,2.012372e+01,2.006810e+01,2.013068e+01,2.007505e+01,2.007505e+01,2.008201e+01,2.015153e+01,2.005419e+01,2.020711e+01,2.011677e+01,2.015848e+01,2.013763e+01,2.010982e+01,2.010982e+01,2.006810e+01,2.004723e+01,2.015153e+01,2.010287e+01,2.008896e+01,2.022794e+01,2.028348e+01,2.018627e+01,2.021405e+01,2.080957e+01,2.184679e+01,2.208571e+01,2.200386e+01,2.199021e+01,2.181945e+01,2.111291e+01,2.038060e+01,2.015153e+01,2.006810e+01,1.996371e+01,1.999156e+01,1.988710e+01,1.983134e+01,1.986619e+01,1.986619e+01,1.991496e+01,1.992193e+01,1.983134e+01,1.977555e+01,1.988710e+01,1.999156e+01,1.997764e+01,1.992890e+01,1.997068e+01,1.993586e+01,2.002636e+01,2.000548e+01,2.004723e+01,1.997764e+01,2.000548e+01,2.008896e+01,2.016542e+01,2.041526e+01,2.093377e+01,2.124361e+01,2.116796e+01,2.135355e+01,2.116108e+01,2.131233e+01,2.125048e+01,2.122298e+01,2.128485e+01,2.122298e+01,2.122986e+01,2.127798e+01,2.118860e+01,2.102338e+01,2.062990e+01,2.062990e+01,2.062990e+01,2.062299e+01,2.071287e+01,2.062990e+01,2.060223e+01,2.076123e+01,2.085789e+01,2.110602e+01,2.131233e+01,2.127110e+01,2.125736e+01,2.131233e+01,2.125736e+01,2.119548e+01,2.121611e+01,2.123674e+01,2.122986e+01,2.116796e+01,2.099582e+01,2.087169e+01,2.098893e+01,2.080267e+01,2.060915e+01,2.037366e+01,2.033899e+01,2.040833e+01,2.035980e+01,2.036673e+01,2.033899e+01,2.018627e+01,2.032512e+01,2.044298e+01,2.042912e+01,2.044298e+01,2.056763e+01,2.072669e+01,2.051918e+01,2.065757e+01,2.092688e+01,2.071978e+01,2.048455e+01,2.023489e+01,2.020016e+01,2.003332e+01,2.003332e+01,2.006810e+01,2.000548e+01,2.009591e+01,1.994979e+01,1.995675e+01,1.998460e+01,1.993586e+01,1.990800e+01,2.006114e+01,1.989407e+01,1.990103e+01,1.989407e+01,1.990800e+01,1.985225e+01,1.992890e+01,1.983134e+01,1.987316e+01,1.990800e+01,1.983831e+01,1.985225e+01,1.993586e+01,1.984528e+01,1.991496e+01,1.986619e+01,1.996371e+01,1.988710e+01,1.985922e+01,1.985922e+01,1.981042e+01,1.978950e+01,1.981042e+01,1.978253e+01,1.975462e+01,1.994979e+01,1.977555e+01,1.978253e+01,1.974067e+01,1.975462e+01,1.974067e+01,1.976160e+01,1.979647e+01,1.976858e+01,1.978253e+01,1.981740e+01,1.978253e+01,1.976858e+01,1.976858e+01,1.981042e+01,1.984528e+01,1.980345e+01,1.988013e+01,1.988710e+01,1.981740e+01,2.005419e+01,1.989407e+01,2.024183e+01,2.062990e+01,2.072669e+01,2.087859e+01,2.107848e+01,2.094757e+01,2.111291e+01,2.125048e+01,2.107160e+01,2.114732e+01,2.117484e+01,2.119548e+01,2.125048e+01,2.119548e+01,2.111979e+01,2.116796e+01,2.113355e+01,2.114732e+01,2.111291e+01,2.114732e+01,2.118172e+01,2.113355e+01,2.111979e+01,2.116796e+01,2.115420e+01,2.112667e+01,2.112667e+01,2.126423e+01,2.127110e+01,2.116796e+01,2.115420e+01,2.116796e+01,2.119548e+01,2.096825e+01,2.123674e+01,2.118172e+01,2.109914e+01,2.111291e+01,2.105094e+01,2.105094e+01,2.114732e+01,2.107160e+01,2.109225e+01,2.114044e+01,2.108537e+01,2.104405e+01,2.100271e+01,2.107160e+01,2.110602e+01,2.109914e+01,2.107848e+01,2.100960e+01,2.101649e+01,2.113355e+01,2.117484e+01,2.105782e+01,2.103027e+01,2.100271e+01,2.099582e+01,2.102338e+01,2.092688e+01,2.098203e+01,2.105094e+01,2.100271e+01,2.107848e+01,2.107848e+01,2.105094e+01,2.114044e+01,2.108537e+01,2.109914e+01,2.103027e+01,2.114044e+01,2.103027e+01,2.100960e+01,2.107848e+01,2.109914e+01,2.114044e+01,2.105782e+01,2.099582e+01,2.106471e+01,2.111291e+01,2.108537e+01,2.107848e+01,2.105782e+01,2.118172e+01,2.103027e+01,2.121611e+01,2.111979e+01,2.105782e+01,2.114044e+01,2.112667e+01,2.110602e+01,2.111291e+01,2.101649e+01,2.114044e+01,2.104405e+01,2.108537e+01,2.101649e+01,2.117484e+01,2.100960e+01,2.121611e+01,2.111291e+01,2.109914e+01,2.103027e+01,2.107160e+01,2.112667e+01,2.109225e+01,2.110602e+01,2.110602e+01,2.117484e+01,2.111979e+01,2.114732e+01,2.114732e+01,2.120923e+01,2.124361e+01,2.115420e+01,2.118860e+01,2.119548e+01,2.116796e+01,2.108537e+01,2.108537e+01,2.116796e+01,2.120235e+01,2.110602e+01,2.116108e+01,2.111979e+01,2.122986e+01,2.118860e+01,2.112667e+01,2.105782e+01,2.114732e+01
2.114044e+01,2.120923e+01,2.107848e+01,2.109914e+01,2.103716e+01,2.105094e+01,2.116796e+01,2.109914e+01,2.106471e+01,2.105094e+01,2.112667e+01,2.102338e+01,2.120235e+01,2.118172e+01,2.111979e+01,2.106471e+01,2.120235e+01,2.103716e+01,2.105094e+01,2.102338e+01,2.100271e+01,2.105094e+01,2.103027e+01,2.105782e+01,2.112667e+01,2.104405e+01,2.111979e+01,2.103716e+01,2.096135e+01,2.103716e+01,2.105782e+01,2.113355e+01,2.102338e+01,2.100960e+01,2.106471e+01,2.100960e+01,2.106471e+01,2.096825e+01,2.098203e+01,2.107848e+01,2.103027e+01,2.107848e+01,2.103027e+01,2.107160e+01,2.091998e+01,2.107848e+01,2.103027e+01,2.109225e+01,2.108537e+01,2.109914e+01,2.110602e+01,2.105094e+01,2.110602e+01,2.110602e+01,2.114732e+01,2.121611e+01,2.124361e+01,2.109914e+01,2.109914e+01,2.118860e+01,2.121611e+01,2.120235e+01,2.118860e+01,2.118172e+01,2.118172e+01,2.112667e+01,2.118860e+01,2.114732e+01,2.112667e+01,2.124361e+01,2.120923e+01,2.114732e+01,2.128485e+01,2.116796e+01,2.120235e+01,2.122986e+01,2.117484e+01,2.122986e+01,2.122298e+01,2.128485e+01,2.120235e+01,2.129172e+01,2.125048e+01,2.127110e+01,2.126423e+01,2.128485e+01,2.124361e+01,2.128485e+01,2.134668e+01,2.134668e+01,2.127798e+01,2.130546e+01,2.123674e+01,2.127110e+01,2.136041e+01,2.129859e+01,2.135355e+01,2.138788e+01,2.136728e+01,2.136041e+01,2.131233e+01,2.128485e+01,2.140847e+01,2.131233e+01,2.146336e+01,2.132607e+01,2.131920e+01,2.128485e+01,2.128485e+01,2.119548e+01,2.132607e+01,2.134668e+01,2.129172e+01,2.136728e+01,2.135355e+01,2.136728e+01,2.123674e+01,2.137415e+01,2.127110e+01,2.137415e+01,2.128485e+01,2.125048e+01,2.128485e+01,2.121611e+01,2.134668e+01,2.125736e+01,2.130546e+01,2.131920e+01,2.135355e+01,2.138788e+01,2.125736e+01,2.128485e+01,2.136728e+01,2.131233e+01,2.136728e+01,2.133981e+01,2.149766e+01,2.133981e+01,2.137415e+01,2.135355e+01,2.136728e+01,2.135355e+01,2.127110e+01,2.130546e+01,2.132607e+01,2.135355e+01,2.135355e+01,2.132607e+01,2.140161e+01,2.133981e+01,2.137415e+01,2.139474e+01,2.129172e+01,2.131233e+01,2.138788e+01,2.131233e+01,2.142906e+01,2.120923e+01,2.127110e+01,2.125048e+01,2.118172e+01,2.125736e+01,2.125048e+01,2.123674e+01,2.127798e+01,2.129172e+01,2.129859e+01,2.129172e+01,2.129172e+01,2.128485e+01,2.129172e+01,2.128485e+01,2.104405e+01,2.131920e+01,2.123674e+01,2.132607e+01,2.122298e+01,2.122986e+01,2.120923e+01,2.128485e+01,2.118860e+01,2.116796e+01,2.108537e+01,2.119548e+01,2.126423e+01,2.100271e+01,2.092688e+01,2.073360e+01,2.052610e+01,2.044298e+01,2.031124e+01,2.030430e+01,2.026266e+01,2.030430e+01,2.030430e+01,2.024877e+01,2.036673e+01,2.027654e+01,2.024877e+01,2.026266e+01,2.029736e+01,2.028348e+01,2.029736e+01,2.028348e+01,2.029736e+01,2.028348e+01,2.022100e+01,2.022100e+01,2.032512e+01,2.033899e+01,2.038060e+01,2.030430e+01,2.038753e+01,2.037366e+01,2.037366e+01,2.034592e+01,2.033899e+01,2.037366e+01,2.037366e+01,2.039447e+01,2.039447e+01,2.040833e+01,2.045684e+01,2.043605e+01,2.042912e+01,2.034592e+01,2.043605e+01,2.040833e+01,2.038060e+01,2.036673e+01,2.038753e+01,2.035286e+01,2.029736e+01,2.042912e+01,2.026960e+01,2.023489e+01,2.018627e+01,2.026960e+01,2.028348e+01,2.020711e+01,2.031818e+01,2.025571e+01,2.026960e+01,2.031124e+01,2.020711e+01,2.026266e+01,2.023489e+01,2.036673e+01,2.031124e+01,2.024877e+01,2.017932e+01,2.015848e+01,2.012372e+01,2.015848e+01,2.017237e+01,2.015153e+01,2.019321e+01,2.015153e+01,2.017237e+01,2.040833e+01,2.074742e+01,2.133294e+01,2.125048e+01,2.133294e+01,2.113355e+01,2.128485e+01,2.119548e+01,2.094757e+01,2.034592e+01,2.018627e+01,2.014458e+01,2.029042e+01,2.026266e+01,2.026266e+01,2.020711e+01,2.023489e+01,2.019321e+01,2.030430e+01,2.018627e+01,2.022100e+01,2.022100e+01,2.021405e+01,2.016542e+01,2.017237e+01,2.019321e+01,2.013763e+01,2.022100e+01,2.018627e+01,2.010287e+01,2.018627e+01,2.011677e+01,2.015153e+01,2.017932e+01,2.014458e+01,2.007505e+01,2.001940e+01,1.997068e+01,1.985225e+01,1.988013e+01,1.981740e+01,1.982437e+01,1.979647e+01,1.981042e+01,1.982437e+01,1.981042e+01,1.985922e+01,1.985225e+01,1.982437e+01,1.988013e+01,1.985225e+01,1.985922e+01,1.978253e+01,1.990800e+01,1.983831e+01,1.996371e+01,2.000548e+01,1.992193e+01,1.993586e+01,1.993586e+01,1.999852e+01,1.994979e+01,1.993586e+01,1.998460e+01,2.004027e+01,2.007505e+01,2.002636e+01,2.004027e+01,2.003332e+01,1.996371e+01,2.000548e+01,2.001940e+01,2.004027e+01,1.999156e+01,2.006114e+01,2.002636e+01,2.006810e+01,2.010982e+01,2.012372e+01,2.005419e+01,2.010982e+01,2.005419e+01,2.006810e+01,2.008201e+01,2.005419e+01,2.014458e+01,2.007505e+01,2.012372e+01,2.007505e+01,2.012372e+01,2.008896e+01,2.013068e+01,2.015848e+01,2.010287e+01,2.008201e+01,2.017932e+01,2.024877e+01,2.020016e+01,2.005419e+01,2.032512e+01,2.085099e+01,2.188779e+01,2.209934e+01,2.207207e+01,2.171002e+01,2.094067e+01,2.034592e+01,2.016542e+01,2.014458e+01,2.008896e+01,1.999852e+01,1.988013e+01,1.986619e+01,1.989407e+01,1.988013e+01,1.994979e+01,1.991496e+01,1.997068e+01,1.994979e+01,1.990103e+01,1.990103e+01,1.997068e+01,1.992193e+01,1.999156e+01,1.999852e+01,2.001940e+01,1.999156e+01,2.001940e+01,1.994979e+01,2.001244e+01,1.997764e+01,2.014458e+01,2.006114e+01,2.039447e+01,2.047070e+01,2.109225e+01,2.118172e+01,2.124361e+01,2.121611e+01,2.137415e+01,2.133294e+01,2.138788e+01,2.127798e+01,2.124361e+01,2.121611e+01,2.118172e+01,2.102338e+01,2.074051e+01,2.066448e+01,2.062299e+01,2.062990e+01,2.059531e+01,2.064374e+01,2.043605e+01,2.071978e+01,2.080957e+01,2.094757e+01,2.122298e+01,2.119548e+01,2.131233e+01,2.117484e+01,2.120923e+01,2.133294e+01,2.125736e+01,2.138101e+01,2.135355e+01,2.127110e+01,2.129859e+01,2.118172e+01,2.125736e+01,2.114044e+01,2.110602e+01,2.076814e+01,2.049840e+01,2.019321e+01,2.022794e+01,2.027654e+01,2.015153e+01,2.017932e+01,2.015153e+01,2.027654e+01,2.016542e+01,2.024877e+01,2.023489e+01,2.023489e+01,2.022100e+01,2.042912e+01,2.032512e+01,2.038753e+01,2.039447e+01,2.034592e+01,2.016542e+01,2.016542e+01,2.017237e+01,2.013763e+01,2.002636e+01,2.003332e+01,2.006810e+01,1.999156e+01,1.998460e+01,2.003332e+01,1.993586e+01,1.999852e+01,2.007505e+01,1.999156e+01,1.999852e+01,1.992890e+01,1.993586e+01,1.991496e+01,1.994979e+01,1.994283e+01,1.990800e+01,1.994283e+01,1.992193e+01,1.992890e+01,1.988710e+01,1.993586e+01,1.992193e+01,1.978950e+01,1.981042e+01,1.976160e+01,1.984528e+01,1.987316e+01,1.988710e+01,1.983831e+01,1.988710e+01,1.984528e+01,1.981042e+01,1.966388e+01,1.973369e+01,1.971275e+01,1.990800e+01,1.978253e+01,1.973369e+01,1.978950e+01,1.979647e+01,1.981740e+01,1.979647e+01,1.981740e+01,1.979647e+01,1.978253e+01,1.976160e+01,1.975462e+01,1.982437e+01,1.978253e+01,1.987316e+01,1.974067e+01,1.988710e+01,1.985225e+01,1.988013e+01,1.984528e+01,1.996371e+01,2.004027e+01,2.032512e+01,2.067139e+01,2.086479e+01,2.090619e+01,2.105782e+01,2.107160e+01,2.113355e+01,2.115420e+01,2.106471e+01,2.119548e+01,2.112667e+01,2.112667e+01,2.111979e+01,2.113355e+01,2.112667e+01,2.108537e+01,2.111291e+01,2.114732e+01,2.110602e+01,2.105782e+01,2.118860e+01,2.126423e+01,2.129172e+01,2.116796e+01,2.114732e+01,2.110602e+01,2.117484e+01,2.118860e+01,2.108537e+01,2.117484e+01,2.118860e+01,2.113355e+01,2.125048e+01,2.104405e+01,2.110602e+01,2.109225e+01,2.110602e+01,2.118860e+01,2.111291e+01,2.106471e+01,2.108537e+01,2.112667e+01,2.105782e+01,2.112667e+01,2.104405e+01,2.110602e+01,2.109914e+01,2.107160e+01,2.101649e+01,2.106471e+01,2.098203e+01,2.109225e+01,2.117484e+01,2.102338e+01,2.100271e+01,2.100960e+01,2.101649e+01,2.105094e+01,2.104405e+01,2.097514e+01,2.097514e+01,2.101649e+01,2.096825e+01,2.109225e+01,2.118860e+01,2.100271e+01,2.107848e+01,2.105782e+01,2.103716e+01,2.112667e+01,2.100271e+01,2.106471e+01,2.109225e+01,2.099582e+01,2.103027e+01,2.107160e+01,2.112667e+01,2.109914e+01,2.105094e+01,2.110602e+01,2.107848e+01,2.106471e+01,2.099582e+01,2.105094e+01,2.109225e+01,2.111291e+01,2.099582e+01,2.094757e+01,2.098893e+01,2.105094e+01,2.104405e+01,2.107160e+01,2.109914e+01,2.102338e+01,2.108537e+01,2.098203e+01,2.110602e+01,2.111291e+01,2.129172e+01,2.103027e+01,2.103716e+01,2.114732e+01,2.109914e+01,2.105782e+01,2.109914e+01,2.113355e+01,2.107160e+01,2.121611e+01,2.121611e+01,2.124361e+01,2.116796e+01,2.122298e+01,2.114732e+01,2.129859e+01,2.106471e+01,2.124361e+01,2.105782e+01,2.114732e+01,2.118860e+01,2.114044e+01,2.109914e+01,2.120235e+01,2.133294e+01,2.116796e+01,2.109225e+01,2.107848e+01,2.107848e+01,2.109225e+01
2.114044e+01,2.103716e+01,2.114044e+01,2.103716e+01,2.105094e+01,2.114732e+01,2.112667e+01,2.107848e+01,2.107848e+01,2.114732e+01,2.111979e+01,2.110602e+01,2.119548e+01,2.116796e+01,2.122298e+01,2.120923e+01,2.116796e+01,2.102338e+01,2.105094e+01,2.111979e+01,2.102338e+01,2.106471e+01,2.112667e+01,2.108537e+01,2.116108e+01,2.094757e+01,2.100960e+01,2.088549e+01,2.097514e+01,2.097514e+01,2.100960e+01,2.111979e+01,2.104405e+01,2.105782e+01,2.096825e+01,2.111979e+01,2.107160e+01,2.094757e+01,2.107160e+01,2.096825e+01,2.098893e+01,2.110602e+01,2.093377e+01,2.112667e+01,2.105782e+01,2.111291e+01,2.117484e+01,2.109914e+01,2.102338e+01,2.105782e+01,2.107160e+01,2.114732e+01,2.111291e+01,2.109225e+01,2.124361e+01,2.109225e+01,2.123674e+01,2.112667e+01,2.116108e+01,2.115420e+01,2.122298e+01,2.116108e+01,2.125048e+01,2.113355e+01,2.116796e+01,2.103716e+01,2.114044e+01,2.116796e+01,2.120235e+01,2.113355e+01,2.120923e+01,2.122298e+01,2.117484e+01,2.118172e+01,2.120923e+01,2.122986e+01,2.122298e+01,2.122986e+01,2.122986e+01,2.122298e+01,2.118860e+01,2.120923e+01,2.123674e+01,2.123674e+01,2.127798e+01,2.129859e+01,2.130546e+01,2.126423e+01,2.127798e+01,2.130546e+01,2.133294e+01,2.131233e+01,2.136041e+01,2.143592e+01,2.141533e+01,2.133981e+01,2.138788e+01,2.138788e+01,2.145650e+01,2.137415e+01,2.131920e+01,2.129172e+01,2.141533e+01,2.131920e+01,2.134668e+01,2.129859e+01,2.133981e+01,2.133294e+01,2.137415e+01,2.124361e+01,2.138788e+01,2.129859e+01,2.140161e+01,2.133294e+01,2.126423e+01,2.120923e+01,2.128485e+01,2.135355e+01,2.133294e+01,2.131920e+01,2.131920e+01,2.130546e+01,2.133981e+01,2.129859e+01,2.128485e+01,2.126423e+01,2.131233e+01,2.129859e+01,2.127798e+01,2.124361e+01,2.137415e+01,2.137415e+01,2.136041e+01,2.138101e+01,2.135355e+01,2.137415e+01,2.136041e+01,2.135355e+01,2.132607e+01,2.131233e+01,2.141533e+01,2.135355e+01,2.135355e+01,2.131920e+01,2.130546e+01,2.130546e+01,2.135355e+01,2.136728e+01,2.139474e+01,2.137415e+01,2.136041e+01,2.136041e+01,2.127110e+01,2.139474e+01,2.136728e+01,2.135355e+01,2.131920e+01,2.136041e+01,2.120923e+01,2.124361e+01,2.115420e+01,2.138788e+01,2.132607e+01,2.129172e+01,2.129172e+01,2.129859e+01,2.127110e+01,2.128485e+01,2.122298e+01,2.127798e+01,2.129172e+01,2.111291e+01,2.121611e+01,2.122986e+01,2.127798e+01,2.122298e+01,2.122298e+01,2.128485e+01,2.120923e+01,2.129172e+01,2.122298e+01,2.121611e+01,2.117484e+01,2.116796e+01,2.125048e+01,2.122298e+01,2.122298e+01,2.095446e+01,2.094757e+01,2.096135e+01,2.054687e+01,2.042219e+01,2.063682e+01,2.045684e+01,2.029736e+01,2.030430e+01,2.030430e+01,2.030430e+01,2.030430e+01,2.029042e+01,2.032512e+01,2.027654e+01,2.026960e+01,2.027654e+01,2.026960e+01,2.026960e+01,2.033205e+01,2.034592e+01,2.034592e+01,2.026266e+01,2.037366e+01,2.037366e+01,2.040140e+01,2.038060e+01,2.035286e+01,2.034592e+01,2.035286e+01,2.041526e+01,2.047762e+01,2.043605e+01,2.041526e+01,2.040833e+01,2.047070e+01,2.046377e+01,2.040833e+01,2.044991e+01,2.046377e+01,2.038753e+01,2.038060e+01,2.038060e+01,2.039447e+01,2.034592e+01,2.026266e+01,2.040833e+01,2.026960e+01,2.026266e+01,2.017237e+01,2.036673e+01,2.019321e+01,2.024877e+01,2.024183e+01,2.024183e+01,2.024877e+01,2.024877e+01,2.031818e+01,2.031124e+01,2.022100e+01,2.022794e+01,2.020016e+01,2.023489e+01,2.022100e+01,2.029736e+01,2.022794e+01,2.014458e+01,2.019321e+01,2.016542e+01,2.015848e+01,2.017237e+01,2.025571e+01,2.029042e+01,2.060223e+01,2.127110e+01,2.107848e+01,2.109225e+01,2.129859e+01,2.131920e+01,2.117484e+01,2.093377e+01,2.052610e+01,2.019321e+01,2.031818e+01,2.022794e+01,2.024877e+01,2.016542e+01,2.024877e+01,2.017932e+01,2.024877e+01,2.027654e+01,2.028348e+01,2.026960e+01,2.024877e+01,2.020016e+01,2.013763e+01,2.019321e+01,2.020016e+01,2.022794e+01,2.020016e+01,2.019321e+01,2.016542e+01,2.010287e+01,2.014458e+01,2.019321e+01,2.014458e+01,2.008896e+01,2.015848e+01,2.019321e+01,1.990800e+01,2.002636e+01,1.991496e+01,1.981740e+01,1.982437e+01,1.980345e+01,1.981740e+01,1.990103e+01,1.986619e+01,1.976160e+01,1.981740e+01,1.986619e+01,1.992890e+01,1.984528e+01,1.989407e+01,1.975462e+01,1.990800e+01,1.999156e+01,1.998460e+01,1.997068e+01,1.990103e+01,1.996371e+01,1.999156e+01,1.993586e+01,2.005419e+01,1.995675e+01,1.994979e+01,1.996371e+01,2.001940e+01,1.997764e+01,2.006810e+01,1.996371e+01,1.996371e+01,1.997068e+01,2.026960e+01,2.003332e+01,2.005419e+01,1.999156e+01,2.008201e+01,2.008201e+01,2.006810e+01,2.006810e+01,2.004723e+01,2.012372e+01,2.008201e+01,2.010287e+01,2.006810e+01,2.006114e+01,2.001244e+01,2.017932e+01,2.004723e+01,2.010982e+01,2.009591e+01,2.008896e+01,2.010287e+01,2.011677e+01,2.015153e+01,2.006114e+01,2.026266e+01,2.014458e+01,2.022794e+01,2.006810e+01,2.033205e+01,2.111979e+01,2.194243e+01,2.208571e+01,2.150451e+01,2.067139e+01,2.033205e+01,2.030430e+01,2.003332e+01,2.002636e+01,2.005419e+01,2.004027e+01,1.985225e+01,1.997764e+01,1.982437e+01,1.995675e+01,1.983831e+01,1.976858e+01,1.978253e+01,1.999852e+01,1.985922e+01,1.990800e+01,1.991496e+01,1.992193e+01,1.983134e+01,1.995675e+01,1.999852e+01,2.004723e+01,2.001940e+01,1.995675e+01,2.008896e+01,2.006114e+01,2.013763e+01,2.013763e+01,2.019321e+01,2.054687e+01,2.108537e+01,2.124361e+01,2.135355e+01,2.133981e+01,2.140847e+01,2.126423e+01,2.133294e+01,2.116796e+01,2.127110e+01,2.125736e+01,2.114732e+01,2.068522e+01,2.069213e+01,2.060223e+01,2.060915e+01,2.060915e+01,2.058148e+01,2.059531e+01,2.071287e+01,2.077505e+01,2.111291e+01,2.122298e+01,2.125048e+01,2.120923e+01,2.128485e+01,2.118860e+01,2.123674e+01,2.127798e+01,2.122298e+01,2.121611e+01,2.120923e+01,2.123674e+01,2.125736e+01,2.126423e+01,2.125736e+01,2.120235e+01,2.094757e+01,2.076814e+01,2.033899e+01,2.022100e+01,2.039447e+01,2.013763e+01,2.031818e+01,2.008201e+01,2.017932e+01,2.017932e+01,2.010287e+01,2.019321e+01,2.026266e+01,2.024183e+01,2.016542e+01,2.020711e+01,2.016542e+01,2.022794e+01,2.029042e+01,2.018627e+01,2.006114e+01,2.020711e+01,2.005419e+01,2.005419e+01,2.019321e+01,2.009591e+01,2.006114e+01,2.004027e+01,1.999852e+01,1.997764e+01,1.997068e+01,1.992193e+01,2.002636e+01,1.994979e+01,1.990800e+01,2.004027e+01,1.989407e+01,1.995675e+01,1.988710e+01,1.997764e+01,1.985225e+01,1.983134e+01,1.994283e+01,1.990103e+01,1.990800e+01,1.987316e+01,1.978950e+01,1.994283e+01,1.992193e+01,1.992890e+01,1.985225e+01,1.990103e+01,1.989407e+01,1.988710e+01,1.988710e+01,1.979647e+01,1.989407e+01,1.984528e+01,1.963594e+01,1.981740e+01,1.989407e+01,1.975462e+01,1.985225e+01,1.981042e+01,1.976858e+01,1.986619e+01,1.982437e+01,1.983831e+01,1.981740e+01,1.978950e+01,1.981042e+01,1.980345e+01,1.978950e+01,1.986619e+01,1.976858e+01,1.978950e+01,1.985922e+01,1.985922e+01,1.983831e+01,1.989407e+01,1.990800e+01,1.991496e+01,1.997764e+01,1.996371e+01,2.033205e+01,2.068522e+01,2.089239e+01,2.094067e+01,2.103716e+01,2.115420e+01,2.107160e+01,2.116796e+01,2.116108e+01,2.111291e+01,2.109225e+01,2.108537e+01,2.109225e+01,2.107848e+01,2.113355e+01,2.111979e+01,2.114732e+01,2.103027e+01,2.115420e+01,2.108537e+01,2.115420e+01,2.114732e+01,2.116796e+01,2.114732e+01,2.120235e+01,2.112667e+01,2.120235e+01,2.109225e+01,2.116796e+01,2.110602e+01,2.107848e+01,2.112667e+01,2.111291e+01,2.117484e+01,2.107160e+01,2.118172e+01,2.117484e+01,2.112667e+01,2.114044e+01,2.117484e+01,2.118860e+01,2.112667e+01,2.108537e+01,2.116796e+01,2.114044e+01,2.099582e+01,2.119548e+01,2.108537e+01,2.107848e+01,2.109225e+01,2.107848e+01,2.109225e+01,2.100271e+01,2.103027e+01,2.100960e+01,2.099582e+01,2.102338e+01,2.106471e+01,2.099582e+01,2.107160e+01,2.103027e+01,2.096135e+01,2.111291e+01,2.103716e+01,2.094757e+01,2.109914e+01,2.107160e+01,2.105094e+01,2.106471e+01,2.111291e+01,2.107160e+01,2.098893e+01,2.105782e+01,2.106471e+01,2.110602e+01,2.100960e+01,2.112667e+01,2.099582e+01,2.107848e+01,2.107160e+01,2.104405e+01,2.116108e+01,2.109225e+01,2.107848e+01,2.111291e+01,2.106471e+01,2.111979e+01,2.110602e+01,2.108537e+01,2.107160e+01,2.108537e+01,2.100271e+01,2.100271e+01,2.114732e+01,2.108537e+01,2.105782e+01,2.105782e+01,2.109914e+01,2.110602e+01,2.103716e+01,2.111979e+01,2.111979e+01,2.112667e+01,2.112667e+01,2.108537e+01,2.109914e+01,2.127110e+01,2.110602e+01,2.132607e+01,2.129172e+01,2.112667e+01,2.109914e+01,2.104405e+01,2.118860e+01,2.118172e+01,2.123674e+01,2.122298e+01,2.118172e+01,2.125048e+01,2.111291e+01,2.131233e+01,2.128485e+01,2.114732e+01,2.113355e+01,2.105782e+01,2.103716e+01
2.115420e+01,2.120235e+01,2.116796e+01,2.114044e+01,2.111979e+01,2.105782e+01,2.107160e+01,2.115420e+01,2.108537e+01,2.112667e+01,2.108537e+01,2.111291e+01,2.114732e+01,2.114044e+01,2.118860e+01,2.100271e+01,2.104405e+01,2.112667e+01,2.104405e+01,2.103716e+01,2.107848e+01,2.101649e+01,2.100960e+01,2.109225e+01,2.116108e+01,2.094067e+01,2.095446e+01,2.102338e+01,2.100960e+01,2.101649e+01,2.096135e+01,2.104405e+01,2.104405e+01,2.107848e+01,2.101649e+01,2.096135e+01,2.107848e+01,2.105094e+01,2.101649e+01,2.108537e+01,2.104405e+01,2.114044e+01,2.106471e+01,2.107160e+01,2.093377e+01,2.113355e+01,2.129172e+01,2.110602e+01,2.113355e+01,2.114044e+01,2.102338e+01,2.115420e+01,2.131233e+01,2.107848e+01,2.106471e+01,2.106471e+01,2.107848e+01,2.119548e+01,2.111291e+01,2.121611e+01,2.118172e+01,2.114732e+01,2.119548e+01,2.111291e+01,2.116796e+01,2.118172e+01,2.116108e+01,2.108537e+01,2.120235e+01,2.116108e+01,2.126423e+01,2.115420e+01,2.120923e+01,2.120923e+01,2.117484e+01,2.125048e+01,2.120235e+01,2.122298e+01,2.125736e+01,2.126423e+01,2.125736e+01,2.124361e+01,2.124361e+01,2.124361e+01,2.129172e+01,2.133294e+01,2.125736e+01,2.129172e+01,2.125736e+01,2.137415e+01,2.139474e+01,2.130546e+01,2.131233e+01,2.133981e+01,2.138101e+01,2.138101e+01,2.122986e+01,2.134668e+01,2.131920e+01,2.144278e+01,2.136728e+01,2.127110e+01,2.146336e+01,2.138788e+01,2.140161e+01,2.147022e+01,2.130546e+01,2.132607e+01,2.130546e+01,2.125048e+01,2.131233e+01,2.137415e+01,2.125736e+01,2.132607e+01,2.129859e+01,2.122298e+01,2.126423e+01,2.136728e+01,2.138101e+01,2.140847e+01,2.129172e+01,2.135355e+01,2.132607e+01,2.129172e+01,2.130546e+01,2.130546e+01,2.133981e+01,2.135355e+01,2.129859e+01,2.132607e+01,2.125736e+01,2.128485e+01,2.127110e+01,2.131920e+01,2.129172e+01,2.136041e+01,2.138101e+01,2.135355e+01,2.137415e+01,2.133294e+01,2.132607e+01,2.138788e+01,2.133981e+01,2.140847e+01,2.129859e+01,2.135355e+01,2.134668e+01,2.132607e+01,2.133981e+01,2.133981e+01,2.127798e+01,2.138101e+01,2.122298e+01,2.133294e+01,2.130546e+01,2.131920e+01,2.127798e+01,2.119548e+01,2.127798e+01,2.139474e+01,2.136728e+01,2.119548e+01,2.117484e+01,2.120235e+01,2.118172e+01,2.122298e+01,2.120923e+01,2.126423e+01,2.125048e+01,2.121611e+01,2.115420e+01,2.116796e+01,2.132607e+01,2.106471e+01,2.111291e+01,2.118860e+01,2.123674e+01,2.122298e+01,2.128485e+01,2.124361e+01,2.126423e+01,2.121611e+01,2.121611e+01,2.122986e+01,2.127110e+01,2.124361e+01,2.110602e+01,2.125048e+01,2.109225e+01,2.101649e+01,2.098203e+01,2.083028e+01,2.069213e+01,2.030430e+01,2.030430e+01,2.029736e+01,2.029042e+01,2.018627e+01,2.025571e+01,2.022794e+01,2.026960e+01,2.023489e+01,2.022100e+01,2.027654e+01,2.029042e+01,2.029736e+01,2.032512e+01,2.033899e+01,2.031124e+01,2.035286e+01,2.039447e+01,2.040140e+01,2.038753e+01,2.038753e+01,2.051225e+01,2.038060e+01,2.051918e+01,2.035286e+01,2.044298e+01,2.046377e+01,2.038753e+01,2.044991e+01,2.040140e+01,2.044298e+01,2.043605e+01,2.045684e+01,2.041526e+01,2.042912e+01,2.042219e+01,2.036673e+01,2.034592e+01,2.015153e+01,2.043605e+01,2.029042e+01,2.026266e+01,2.029042e+01,2.030430e+01,2.016542e+01,2.019321e+01,2.021405e+01,2.013763e+01,2.026960e+01,2.020711e+01,2.026960e+01,2.033205e+01,2.022794e+01,2.033899e+01,2.024877e+01,2.018627e+01,2.020711e+01,2.017237e+01,2.026266e+01,2.024877e+01,2.025571e+01,2.022100e+01,2.022794e+01,2.018627e+01,2.022100e+01,2.015153e+01,2.030430e+01,2.034592e+01,2.078886e+01,2.085099e+01,2.099582e+01,2.108537e+01,2.115420e+01,2.131920e+01,2.116796e+01,2.074051e+01,2.029736e+01,2.021405e+01,2.025571e+01,2.024877e+01,2.025571e+01,2.010287e+01,2.022794e+01,2.025571e+01,2.022100e+01,2.026266e+01,2.017932e+01,2.023489e+01,2.018627e+01,2.016542e+01,2.022794e+01,2.020711e+01,2.021405e+01,2.015153e+01,2.025571e+01,2.021405e+01,2.012372e+01,2.008896e+01,2.020711e+01,2.010287e+01,2.012372e+01,2.016542e+01,2.018627e+01,1.994283e+01,2.002636e+01,2.001940e+01,2.006810e+01,2.001940e+01,1.983831e+01,1.978253e+01,1.985922e+01,1.978253e+01,1.976858e+01,1.991496e+01,1.989407e+01,1.983134e+01,1.983134e+01,1.983134e+01,1.978950e+01,1.982437e+01,1.985225e+01,1.997764e+01,1.994979e+01,1.994979e+01,1.990800e+01,1.998460e+01,1.994979e+01,1.995675e+01,1.996371e+01,1.992890e+01,2.003332e+01,2.002636e+01,2.004027e+01,2.001940e+01,1.996371e+01,1.996371e+01,1.999852e+01,2.001244e+01,2.000548e+01,2.002636e+01,2.003332e+01,2.009591e+01,2.004723e+01,2.004027e+01,2.010287e+01,2.013068e+01,2.008201e+01,2.014458e+01,2.004723e+01,2.005419e+01,2.010287e+01,2.011677e+01,2.012372e+01,2.017237e+01,2.015153e+01,2.013763e+01,2.010287e+01,2.017932e+01,2.021405e+01,2.015153e+01,2.031818e+01,2.015153e+01,2.027654e+01,2.017932e+01,2.008896e+01,2.038060e+01,2.126423e+01,2.207889e+01,2.155250e+01,2.080267e+01,2.029042e+01,2.026960e+01,2.007505e+01,2.005419e+01,2.009591e+01,2.005419e+01,2.004723e+01,2.004027e+01,2.002636e+01,1.995675e+01,1.995675e+01,1.985225e+01,1.990103e+01,1.981042e+01,1.990103e+01,1.986619e+01,1.989407e+01,1.989407e+01,1.984528e+01,1.981740e+01,1.999852e+01,2.002636e+01,2.004723e+01,2.001940e+01,1.999852e+01,1.997764e+01,2.006810e+01,2.011677e+01,2.024183e+01,2.017237e+01,2.042912e+01,2.106471e+01,2.117484e+01,2.133294e+01,2.133294e+01,2.133294e+01,2.122298e+01,2.127798e+01,2.122298e+01,2.122298e+01,2.108537e+01,2.076123e+01,2.059531e+01,2.061607e+01,2.059531e+01,2.063682e+01,2.062299e+01,2.063682e+01,2.062299e+01,2.074742e+01,2.107160e+01,2.118172e+01,2.139474e+01,2.136728e+01,2.130546e+01,2.138788e+01,2.134668e+01,2.127110e+01,2.127110e+01,2.125736e+01,2.138788e+01,2.139474e+01,2.122298e+01,2.125736e+01,2.127110e+01,2.125736e+01,2.119548e+01,2.078886e+01,2.038753e+01,2.035286e+01,2.023489e+01,2.015153e+01,2.011677e+01,2.006810e+01,2.006810e+01,2.010287e+01,2.009591e+01,1.996371e+01,2.006810e+01,2.012372e+01,2.017932e+01,2.023489e+01,2.014458e+01,2.008201e+01,2.017237e+01,2.015153e+01,2.021405e+01,2.008896e+01,2.015848e+01,2.013763e+01,2.010287e+01,2.008896e+01,2.006810e+01,2.006810e+01,2.010982e+01,2.005419e+01,2.000548e+01,2.006114e+01,1.996371e+01,1.990103e+01,1.999156e+01,1.985922e+01,1.985225e+01,1.992890e+01,1.991496e+01,1.988710e+01,1.996371e+01,1.995675e+01,1.994283e+01,1.996371e+01,1.997068e+01,1.995675e+01,1.974067e+01,1.986619e+01,1.989407e+01,1.985922e+01,1.985225e+01,1.983134e+01,1.986619e+01,1.977555e+01,1.983831e+01,1.981042e+01,1.985225e+01,1.988013e+01,1.973369e+01,1.976160e+01,1.982437e+01,1.987316e+01,1.985225e+01,1.978253e+01,1.987316e+01,1.988013e+01,1.987316e+01,1.988710e+01,1.982437e+01,1.978253e+01,1.978950e+01,1.983831e+01,1.989407e+01,1.977555e+01,1.988710e+01,1.979647e+01,1.984528e+01,1.986619e+01,1.987316e+01,1.989407e+01,1.995675e+01,1.981042e+01,1.987316e+01,1.988710e+01,1.997068e+01,2.001244e+01,2.008896e+01,2.032512e+01,2.064374e+01,2.100271e+01,2.106471e+01,2.103716e+01,2.115420e+01,2.107848e+01,2.116108e+01,2.114732e+01,2.116108e+01,2.108537e+01,2.113355e+01,2.114732e+01,2.105782e+01,2.120923e+01,2.111979e+01,2.119548e+01,2.119548e+01,2.125736e+01,2.114732e+01,2.120235e+01,2.114732e+01,2.112667e+01,2.125048e+01,2.111291e+01,2.119548e+01,2.112667e+01,2.111979e+01,2.113355e+01,2.114732e+01,2.108537e+01,2.114044e+01,2.116108e+01,2.118172e+01,2.117484e+01,2.115420e+01,2.112667e+01,2.113355e+01,2.111979e+01,2.109914e+01,2.111291e+01,2.107160e+01,2.109225e+01,2.109914e+01,2.108537e+01,2.107848e+01,2.112667e+01,2.112667e+01,2.094757e+01,2.101649e+01,2.100271e+01,2.099582e+01,2.107160e+01,2.103027e+01,2.091998e+01,2.091308e+01,2.109225e+01,2.110602e+01,2.098893e+01,2.101649e+01,2.111291e+01,2.102338e+01,2.112667e+01,2.093377e+01,2.108537e+01,2.102338e+01,2.105782e+01,2.102338e+01,2.107160e+01,2.101649e+01,2.107848e+01,2.106471e+01,2.105782e+01,2.108537e+01,2.103716e+01,2.099582e+01,2.115420e+01,2.110602e+01,2.110602e+01,2.118172e+01,2.119548e+01,2.095446e+01,2.111979e+01,2.109225e+01,2.098203e+01,2.114044e+01,2.102338e+01,2.114044e+01,2.106471e+01,2.103027e+01,2.100271e+01,2.102338e+01,2.111979e+01,2.102338e+01,2.110602e+01,2.105094e+01,2.111979e+01,2.108537e+01,2.107848e+01,2.121611e+01,2.100271e+01,2.108537e+01,2.114044e+01,2.111291e+01,2.114044e+01,2.114044e+01,2.122298e+01,2.111979e+01,2.117484e+01,2.124361e+01,2.112667e+01,2.118172e+01,2.120235e+01,2.109914e+01,2.120235e+01,2.118860e+01,2.107160e+01,2.114732e+01,2.120923e+01,2.118860e+01,2.113355e+01,2.103716e+01,2.105782e+01,2.112667e+01
2.116108e+01,2.119548e+01,2.112667e+01,2.105094e+01,2.101649e+01,2.105782e+01,2.109914e+01,2.098893e+01,2.113355e+01,2.103716e+01,2.106471e+01,2.099582e+01,2.113355e+01,2.116108e+01,2.117484e+01,2.116796e+01,2.103027e+01,2.102338e+01,2.106471e+01,2.100960e+01,2.103027e+01,2.103027e+01,2.105094e+01,2.103027e+01,2.105094e+01,2.098893e+01,2.098893e+01,2.096825e+01,2.096135e+01,2.108537e+01,2.101649e+01,2.106471e+01,2.102338e+01,2.105782e+01,2.111291e+01,2.103027e+01,2.103716e+01,2.097514e+01,2.105094e+01,2.107848e+01,2.109914e+01,2.112667e+01,2.103716e+01,2.099582e+01,2.103716e+01,2.103027e+01,2.114732e+01,2.113355e+01,2.107160e+01,2.111979e+01,2.103716e+01,2.122298e+01,2.109225e+01,2.108537e+01,2.107160e+01,2.114044e+01,2.126423e+01,2.124361e+01,2.118172e+01,2.116796e+01,2.116796e+01,2.116108e+01,2.125048e+01,2.114044e+01,2.116108e+01,2.119548e+01,2.118172e+01,2.118172e+01,2.124361e+01,2.112667e+01,2.122298e+01,2.118860e+01,2.121611e+01,2.120923e+01,2.114732e+01,2.123674e+01,2.129859e+01,2.125736e+01,2.127798e+01,2.123674e+01,2.124361e+01,2.124361e+01,2.127110e+01,2.129859e+01,2.129859e+01,2.127110e+01,2.129859e+01,2.127110e+01,2.126423e+01,2.125736e+01,2.134668e+01,2.125736e+01,2.123674e+01,2.135355e+01,2.134668e+01,2.138101e+01,2.136728e+01,2.131233e+01,2.138788e+01,2.133294e+01,2.138101e+01,2.140847e+01,2.141533e+01,2.133981e+01,2.133294e+01,2.139474e+01,2.134668e+01,2.128485e+01,2.134668e+01,2.129859e+01,2.136041e+01,2.127110e+01,2.124361e+01,2.124361e+01,2.125048e+01,2.138788e+01,2.127798e+01,2.127798e+01,2.128485e+01,2.127798e+01,2.134668e+01,2.123674e+01,2.131920e+01,2.131920e+01,2.129859e+01,2.132607e+01,2.131920e+01,2.131233e+01,2.135355e+01,2.133294e+01,2.126423e+01,2.127110e+01,2.131920e+01,2.128485e+01,2.138788e+01,2.137415e+01,2.133981e+01,2.137415e+01,2.138101e+01,2.128485e+01,2.131233e+01,2.134668e+01,2.133294e+01,2.129172e+01,2.129172e+01,2.131920e+01,2.131233e+01,2.131233e+01,2.134668e+01,2.140847e+01,2.136041e+01,2.122986e+01,2.120923e+01,2.128485e+01,2.128485e+01,2.132607e+01,2.120923e+01,2.127798e+01,2.123674e+01,2.140161e+01,2.130546e+01,2.128485e+01,2.123674e+01,2.123674e+01,2.120923e+01,2.121611e+01,2.126423e+01,2.129859e+01,2.127110e+01,2.129859e+01,2.121611e+01,2.120235e+01,2.127798e+01,2.121611e+01,2.119548e+01,2.125048e+01,2.125048e+01,2.123674e+01,2.120235e+01,2.122298e+01,2.121611e+01,2.117484e+01,2.127110e+01,2.126423e+01,2.125048e+01,2.123674e+01,2.118860e+01,2.118860e+01,2.107160e+01,2.113355e+01,2.111291e+01,2.098893e+01,2.042912e+01,2.029042e+01,2.027654e+01,2.033205e+01,2.016542e+01,2.016542e+01,2.020711e+01,2.013763e+01,2.027654e+01,2.026960e+01,2.027654e+01,2.026960e+01,2.032512e+01,2.026960e+01,2.034592e+01,2.029042e+01,2.033205e+01,2.030430e+01,2.037366e+01,2.038060e+01,2.065065e+01,2.052610e+01,2.048455e+01,2.052610e+01,2.054687e+01,2.038753e+01,2.034592e+01,2.038753e+01,2.037366e+01,2.040140e+01,2.041526e+01,2.044298e+01,2.042912e+01,2.044298e+01,2.044991e+01,2.040140e+01,2.045684e+01,2.031818e+01,2.042912e+01,2.044991e+01,2.040140e+01,2.040140e+01,2.036673e+01,2.031818e+01,2.029042e+01,2.031124e+01,2.031818e+01,2.027654e+01,2.023489e+01,2.026960e+01,2.022100e+01,2.030430e+01,2.033205e+01,2.024877e+01,2.027654e+01,2.026266e+01,2.026266e+01,2.024183e+01,2.022794e+01,2.024183e+01,2.023489e+01,2.025571e+01,2.018627e+01,2.024877e+01,2.024877e+01,2.020016e+01,2.029736e+01,2.015153e+01,2.032512e+01,2.033205e+01,2.035980e+01,2.058840e+01,2.077505e+01,2.078886e+01,2.099582e+01,2.113355e+01,2.098893e+01,2.038753e+01,2.033205e+01,2.022100e+01,2.022100e+01,2.025571e+01,2.024183e+01,2.024877e+01,2.021405e+01,2.024877e+01,2.017237e+01,2.014458e+01,2.015153e+01,2.013763e+01,2.020016e+01,2.016542e+01,2.017237e+01,2.014458e+01,2.018627e+01,2.017932e+01,2.017932e+01,2.016542e+01,2.011677e+01,2.017237e+01,2.017237e+01,2.011677e+01,2.003332e+01,2.022794e+01,2.002636e+01,2.012372e+01,2.032512e+01,2.029736e+01,2.004723e+01,2.002636e+01,1.988013e+01,1.988710e+01,1.988710e+01,1.989407e+01,1.987316e+01,1.985225e+01,1.986619e+01,1.982437e+01,1.984528e+01,1.966388e+01,1.974764e+01,1.965689e+01,1.994283e+01,1.995675e+01,1.990800e+01,1.983831e+01,1.998460e+01,1.994979e+01,1.996371e+01,1.996371e+01,1.997764e+01,1.997764e+01,1.999156e+01,2.006810e+01,2.001940e+01,2.006810e+01,1.996371e+01,2.002636e+01,1.997764e+01,2.008896e+01,2.021405e+01,1.999852e+01,2.003332e+01,2.010287e+01,2.008201e+01,2.003332e+01,2.004027e+01,2.015153e+01,2.014458e+01,2.001940e+01,2.006810e+01,2.006810e+01,2.009591e+01,2.003332e+01,2.009591e+01,2.010287e+01,2.012372e+01,2.010287e+01,2.018627e+01,2.017237e+01,2.022794e+01,2.018627e+01,2.024183e+01,2.014458e+01,2.025571e+01,2.026960e+01,2.067139e+01,2.152508e+01,2.192194e+01,2.107848e+01,2.023489e+01,2.030430e+01,2.025571e+01,2.007505e+01,2.008201e+01,2.003332e+01,1.986619e+01,2.008201e+01,2.007505e+01,1.997764e+01,1.992890e+01,1.997764e+01,1.985225e+01,1.990800e+01,1.992193e+01,1.991496e+01,1.988013e+01,1.996371e+01,1.988013e+01,1.990103e+01,1.997764e+01,2.011677e+01,2.002636e+01,2.000548e+01,2.006114e+01,2.010982e+01,2.000548e+01,2.008201e+01,2.009591e+01,2.022794e+01,2.026266e+01,2.053303e+01,2.109225e+01,2.121611e+01,2.134668e+01,2.133294e+01,2.130546e+01,2.123674e+01,2.126423e+01,2.121611e+01,2.115420e+01,2.080957e+01,2.078886e+01,2.053995e+01,2.051225e+01,2.060915e+01,2.065065e+01,2.061607e+01,2.059531e+01,2.063682e+01,2.105782e+01,2.121611e+01,2.146336e+01,2.132607e+01,2.122986e+01,2.128485e+01,2.131920e+01,2.128485e+01,2.134668e+01,2.137415e+01,2.140161e+01,2.122986e+01,2.121611e+01,2.128485e+01,2.120923e+01,2.122298e+01,2.116108e+01,2.080957e+01,2.043605e+01,2.035286e+01,2.015848e+01,2.020016e+01,1.999156e+01,2.011677e+01,1.994979e+01,2.006114e+01,2.012372e+01,2.007505e+01,2.004027e+01,2.006810e+01,2.005419e+01,2.005419e+01,2.010287e+01,2.003332e+01,2.011677e+01,2.002636e+01,2.010287e+01,2.001940e+01,2.004723e+01,2.008896e+01,2.010287e+01,2.006810e+01,1.999156e+01,1.999156e+01,1.999852e+01,1.997764e+01,1.994283e+01,1.997764e+01,1.998460e+01,1.989407e+01,1.988710e+01,1.997068e+01,1.994979e+01,1.990800e+01,1.987316e+01,1.990800e+01,1.990800e+01,1.994979e+01,1.992890e+01,1.988710e+01,1.989407e+01,1.996371e+01,1.999156e+01,1.990103e+01,1.980345e+01,1.992193e+01,1.984528e+01,1.990800e+01,1.985922e+01,1.989407e+01,1.988013e+01,1.987316e+01,1.981740e+01,1.982437e+01,1.986619e+01,1.985922e+01,1.985225e+01,1.981740e+01,1.967785e+01,1.976160e+01,1.989407e+01,1.978253e+01,1.978253e+01,1.988710e+01,1.974067e+01,1.982437e+01,1.977555e+01,1.983134e+01,1.983831e+01,1.997068e+01,1.977555e+01,1.980345e+01,2.006114e+01,1.985225e+01,1.987316e+01,1.985922e+01,1.985225e+01,1.980345e+01,1.990103e+01,1.998460e+01,1.988013e+01,1.997068e+01,1.981042e+01,2.001244e+01,2.004027e+01,2.010287e+01,2.047762e+01,2.094067e+01,2.101649e+01,2.104405e+01,2.106471e+01,2.110602e+01,2.105094e+01,2.111291e+01,2.111291e+01,2.105782e+01,2.115420e+01,2.114732e+01,2.115420e+01,2.114044e+01,2.100960e+01,2.116108e+01,2.121611e+01,2.111291e+01,2.116108e+01,2.107160e+01,2.121611e+01,2.116108e+01,2.113355e+01,2.109225e+01,2.110602e+01,2.119548e+01,2.114732e+01,2.111291e+01,2.109914e+01,2.112667e+01,2.112667e+01,2.118172e+01,2.115420e+01,2.117484e+01,2.109225e+01,2.114044e+01,2.112667e+01,2.115420e+01,2.111291e+01,2.110602e+01,2.107160e+01,2.100960e+01,2.107848e+01,2.107160e+01,2.109225e+01,2.107848e+01,2.098203e+01,2.097514e+01,2.104405e+01,2.101649e+01,2.103027e+01,2.099582e+01,2.087859e+01,2.098893e+01,2.090619e+01,2.100271e+01,2.111979e+01,2.111291e+01,2.097514e+01,2.102338e+01,2.103716e+01,2.109914e+01,2.105782e+01,2.107848e+01,2.105094e+01,2.107160e+01,2.105094e+01,2.106471e+01,2.100960e+01,2.093377e+01,2.113355e+01,2.104405e+01,2.105782e+01,2.100960e+01,2.100271e+01,2.105094e+01,2.099582e+01,2.104405e+01,2.101649e+01,2.098203e+01,2.095446e+01,2.112667e+01,2.110602e+01,2.107848e+01,2.102338e+01,2.114732e+01,2.112667e+01,2.114044e+01,2.106471e+01,2.111979e+01,2.108537e+01,2.118860e+01,2.108537e+01,2.109914e+01,2.106471e+01,2.117484e+01,2.105782e+01,2.113355e+01,2.112667e+01,2.109225e+01,2.107848e+01,2.103027e+01,2.116796e+01,2.128485e+01,2.118860e+01,2.114732e+01,2.114732e+01,2.108537e+01,2.120923e+01,2.111291e+01,2.120235e+01,2.120923e+01,2.116796e+01,2.118860e+01,2.116796e+01,2.118860e+01,2.112667e+01,2.114044e+01,2.108537e+01,2.111979e+01,2.106471e+01,2.106471e+01
2.115420e+01,2.109225e+01,2.109914e+01,2.103027e+01,2.113355e+01,2.109225e+01,2.100271e+01,2.100271e+01,2.119548e+01,2.107848e+01,2.103027e+01,2.107160e+01,2.102338e+01,2.094067e+01,2.099582e+01,2.115420e+01,2.113355e+01,2.103027e+01,2.100271e+01,2.105094e+01,2.094757e+01,2.105782e+01,2.096825e+01,2.106471e+01,2.105094e+01,2.097514e+01,2.100271e+01,2.091308e+01,2.100271e+01,2.097514e+01,2.106471e+01,2.104405e+01,2.103716e+01,2.112667e+01,2.107848e+01,2.106471e+01,2.116796e+01,2.114044e+01,2.111979e+01,2.117484e+01,2.116108e+01,2.111291e+01,2.104405e+01,2.107160e+01,2.095446e+01,2.116796e+01,2.116796e+01,2.109914e+01,2.110602e+01,2.108537e+01,2.119548e+01,2.104405e+01,2.123674e+01,2.128485e+01,2.122986e+01,2.116108e+01,2.114044e+01,2.118172e+01,2.120923e+01,2.120235e+01,2.120235e+01,2.120235e+01,2.113355e+01,2.114044e+01,2.122986e+01,2.120923e+01,2.122986e+01,2.118172e+01,2.118860e+01,2.113355e+01,2.122986e+01,2.125736e+01,2.137415e+01,2.125736e+01,2.115420e+01,2.135355e+01,2.131920e+01,2.128485e+01,2.128485e+01,2.131920e+01,2.124361e+01,2.126423e+01,2.136728e+01,2.122298e+01,2.125048e+01,2.127798e+01,2.151823e+01,2.127110e+01,2.131920e+01,2.131233e+01,2.128485e+01,2.133294e+01,2.126423e+01,2.132607e+01,2.128485e+01,2.129859e+01,2.129859e+01,2.133294e+01,2.132607e+01,2.134668e+01,2.141533e+01,2.140847e+01,2.137415e+01,2.131233e+01,2.116796e+01,2.131920e+01,2.138101e+01,2.130546e+01,2.133294e+01,2.127798e+01,2.125736e+01,2.129172e+01,2.127110e+01,2.125736e+01,2.122986e+01,2.140847e+01,2.136041e+01,2.127798e+01,2.136728e+01,2.127798e+01,2.127798e+01,2.137415e+01,2.131920e+01,2.129859e+01,2.131920e+01,2.131233e+01,2.134668e+01,2.132607e+01,2.129859e+01,2.130546e+01,2.138788e+01,2.127110e+01,2.132607e+01,2.127798e+01,2.135355e+01,2.133981e+01,2.135355e+01,2.137415e+01,2.135355e+01,2.124361e+01,2.129172e+01,2.129172e+01,2.136728e+01,2.131233e+01,2.126423e+01,2.131233e+01,2.131233e+01,2.127798e+01,2.127110e+01,2.131920e+01,2.130546e+01,2.132607e+01,2.134668e+01,2.130546e+01,2.118172e+01,2.129859e+01,2.135355e+01,2.131233e+01,2.121611e+01,2.123674e+01,2.122986e+01,2.122298e+01,2.123674e+01,2.121611e+01,2.122298e+01,2.122298e+01,2.122298e+01,2.122298e+01,2.121611e+01,2.128485e+01,2.123674e+01,2.120235e+01,2.116796e+01,2.125048e+01,2.125048e+01,2.121611e+01,2.121611e+01,2.125048e+01,2.125736e+01,2.120923e+01,2.129859e+01,2.117484e+01,2.120923e+01,2.126423e+01,2.122986e+01,2.123674e+01,2.120923e+01,2.116796e+01,2.114732e+01,2.098893e+01,2.085099e+01,2.051918e+01,2.028348e+01,2.033205e+01,2.022794e+01,2.028348e+01,2.028348e+01,2.026266e+01,2.033205e+01,2.031818e+01,2.027654e+01,2.023489e+01,2.024183e+01,2.025571e+01,2.031124e+01,2.029736e+01,2.048455e+01,2.029736e+01,2.033205e+01,2.038753e+01,2.043605e+01,2.070596e+01,2.090619e+01,2.091998e+01,2.089929e+01,2.086479e+01,2.060915e+01,2.034592e+01,2.049840e+01,2.044991e+01,2.042219e+01,2.042912e+01,2.044298e+01,2.044298e+01,2.052610e+01,2.040833e+01,2.047070e+01,2.040140e+01,2.035286e+01,2.046377e+01,2.042219e+01,2.044298e+01,2.041526e+01,2.054687e+01,2.040833e+01,2.034592e+01,2.038753e+01,2.029042e+01,2.024183e+01,2.017932e+01,2.023489e+01,2.021405e+01,2.034592e+01,2.035286e+01,2.024877e+01,2.024877e+01,2.022100e+01,2.025571e+01,2.025571e+01,2.030430e+01,2.021405e+01,2.025571e+01,2.031818e+01,2.024183e+01,2.021405e+01,2.026960e+01,2.023489e+01,2.029042e+01,2.024183e+01,2.023489e+01,2.030430e+01,2.028348e+01,2.034592e+01,2.027654e+01,2.029736e+01,2.035980e+01,2.057456e+01,2.097514e+01,2.087859e+01,2.037366e+01,2.036673e+01,2.023489e+01,2.022794e+01,2.022100e+01,2.021405e+01,2.021405e+01,2.022100e+01,2.026266e+01,2.024877e+01,2.027654e+01,2.017932e+01,2.016542e+01,2.016542e+01,2.019321e+01,2.020711e+01,2.020016e+01,2.017932e+01,2.015848e+01,2.013068e+01,2.010287e+01,2.012372e+01,2.015848e+01,2.017237e+01,2.015848e+01,2.009591e+01,2.004723e+01,2.020711e+01,2.026960e+01,2.060915e+01,2.080267e+01,2.086479e+01,2.071978e+01,2.050533e+01,2.029736e+01,2.026266e+01,2.002636e+01,1.988013e+01,1.984528e+01,1.974067e+01,1.972671e+01,1.970577e+01,1.978950e+01,1.964293e+01,1.978253e+01,1.992193e+01,1.992890e+01,1.992890e+01,1.993586e+01,1.993586e+01,1.994979e+01,1.994979e+01,1.996371e+01,2.002636e+01,2.003332e+01,2.001940e+01,2.001940e+01,2.000548e+01,2.001940e+01,1.993586e+01,2.001244e+01,2.000548e+01,2.004027e+01,1.998460e+01,2.004723e+01,2.001940e+01,2.004027e+01,1.997068e+01,2.006114e+01,2.004723e+01,2.005419e+01,1.999156e+01,2.009591e+01,2.007505e+01,2.008201e+01,2.004723e+01,2.009591e+01,2.019321e+01,2.016542e+01,2.024183e+01,2.013763e+01,2.017237e+01,2.022794e+01,2.022794e+01,2.019321e+01,2.021405e+01,2.013068e+01,2.029736e+01,2.061607e+01,2.127110e+01,2.191511e+01,2.151823e+01,2.053303e+01,2.031124e+01,2.022100e+01,2.025571e+01,2.011677e+01,2.013068e+01,2.018627e+01,2.008201e+01,2.004027e+01,2.007505e+01,1.994979e+01,1.990800e+01,1.985922e+01,1.990103e+01,1.980345e+01,1.996371e+01,1.990103e+01,1.989407e+01,1.967785e+01,1.991496e+01,1.999156e+01,1.991496e+01,2.002636e+01,2.003332e+01,2.001244e+01,2.008896e+01,2.001940e+01,2.003332e+01,2.014458e+01,2.013763e+01,2.015848e+01,2.029736e+01,2.059531e+01,2.131233e+01,2.123674e+01,2.125736e+01,2.134668e+01,2.124361e+01,2.122986e+01,2.127110e+01,2.124361e+01,2.100960e+01,2.083719e+01,2.053995e+01,2.054687e+01,2.062299e+01,2.044991e+01,2.053303e+01,2.065065e+01,2.062299e+01,2.103027e+01,2.122986e+01,2.125048e+01,2.128485e+01,2.134668e+01,2.132607e+01,2.134668e+01,2.136728e+01,2.133294e+01,2.133981e+01,2.127110e+01,2.127798e+01,2.126423e+01,2.119548e+01,2.118860e+01,2.117484e+01,2.087859e+01,2.049840e+01,2.045684e+01,2.021405e+01,2.018627e+01,2.013068e+01,1.998460e+01,2.017932e+01,1.995675e+01,1.994283e+01,1.998460e+01,1.999852e+01,1.997764e+01,1.999156e+01,2.003332e+01,2.008201e+01,2.005419e+01,2.002636e+01,2.004723e+01,2.008201e+01,2.015848e+01,2.008896e+01,2.006114e+01,2.007505e+01,1.988710e+01,1.983831e+01,1.996371e+01,1.997068e+01,2.008896e+01,1.997764e+01,1.996371e+01,1.997068e+01,1.997068e+01,1.991496e+01,1.994283e+01,1.988013e+01,1.990800e+01,1.992193e+01,1.992193e+01,1.992890e+01,1.992890e+01,1.990103e+01,1.993586e+01,1.986619e+01,1.985225e+01,2.001244e+01,1.988710e+01,2.003332e+01,1.986619e+01,1.990800e+01,1.994283e+01,1.987316e+01,1.992193e+01,1.993586e+01,1.989407e+01,1.981042e+01,1.986619e+01,1.987316e+01,1.981042e+01,1.986619e+01,1.984528e+01,1.985225e+01,1.985225e+01,1.967785e+01,1.975462e+01,1.990103e+01,1.988013e+01,1.983134e+01,1.986619e+01,1.985225e+01,1.986619e+01,1.986619e+01,1.990800e+01,1.983134e+01,1.977555e+01,1.997764e+01,1.984528e+01,1.984528e+01,1.984528e+01,1.988013e+01,1.987316e+01,1.984528e+01,1.985225e+01,1.985922e+01,1.999156e+01,1.999852e+01,1.999156e+01,1.983831e+01,1.994283e+01,1.995675e+01,1.996371e+01,1.994283e+01,2.035286e+01,2.063682e+01,2.085099e+01,2.104405e+01,2.118172e+01,2.112667e+01,2.107848e+01,2.113355e+01,2.120923e+01,2.114044e+01,2.114044e+01,2.109225e+01,2.114732e+01,2.116108e+01,2.119548e+01,2.120235e+01,2.114732e+01,2.124361e+01,2.106471e+01,2.113355e+01,2.105782e+01,2.108537e+01,2.113355e+01,2.111291e+01,2.119548e+01,2.114044e+01,2.110602e+01,2.108537e+01,2.115420e+01,2.112667e+01,2.115420e+01,2.111291e+01,2.114732e+01,2.116796e+01,2.111291e+01,2.114732e+01,2.114732e+01,2.119548e+01,2.110602e+01,2.107160e+01,2.107848e+01,2.105094e+01,2.109914e+01,2.100271e+01,2.110602e+01,2.105094e+01,2.100960e+01,2.101649e+01,2.107160e+01,2.105094e+01,2.105094e+01,2.097514e+01,2.099582e+01,2.108537e+01,2.111291e+01,2.101649e+01,2.107160e+01,2.101649e+01,2.103716e+01,2.112667e+01,2.104405e+01,2.094757e+01,2.111291e+01,2.104405e+01,2.098203e+01,2.107160e+01,2.099582e+01,2.104405e+01,2.106471e+01,2.098203e+01,2.089929e+01,2.114732e+01,2.099582e+01,2.107848e+01,2.109225e+01,2.105782e+01,2.114044e+01,2.098893e+01,2.110602e+01,2.098203e+01,2.111291e+01,2.109225e+01,2.110602e+01,2.111291e+01,2.113355e+01,2.117484e+01,2.112667e+01,2.116108e+01,2.110602e+01,2.123674e+01,2.107160e+01,2.114044e+01,2.110602e+01,2.114044e+01,2.109225e+01,2.113355e+01,2.114732e+01,2.112667e+01,2.106471e+01,2.112667e+01,2.113355e+01,2.123674e+01,2.109225e+01,2.113355e+01,2.111291e+01,2.120235e+01,2.121611e+01,2.114732e+01,2.108537e+01,2.118172e+01,2.115420e+01,2.114732e+01,2.124361e+01,2.115420e+01,2.104405e+01,2.120235e+01,2.126423e+01,2.116108e+01,2.108537e+01,2.106471e+01,2.108537e+01
2.113355e+01,2.105094e+01,2.112667e+01,2.107160e+01,2.116796e+01,2.104405e+01,2.118172e+01,2.100960e+01,2.115420e+01,2.109225e+01,2.114044e+01,2.113355e+01,2.116108e+01,2.114044e+01,2.111979e+01,2.108537e+01,2.114044e+01,2.109225e+01,2.098203e+01,2.107160e+01,2.103027e+01,2.107848e+01,2.099582e+01,2.111291e+01,2.107848e+01,2.093377e+01,2.102338e+01,2.104405e+01,2.102338e+01,2.097514e+01,2.113355e+01,2.109914e+01,2.101649e+01,2.103027e+01,2.100960e+01,2.109225e+01,2.102338e+01,2.109914e+01,2.102338e+01,2.111291e+01,2.103027e+01,2.111979e+01,2.104405e+01,2.107848e+01,2.100960e+01,2.102338e+01,2.118172e+01,2.112667e+01,2.109914e+01,2.109225e+01,2.115420e+01,2.116796e+01,2.120923e+01,2.117484e+01,2.122298e+01,2.118860e+01,2.116108e+01,2.120923e+01,2.120923e+01,2.117484e+01,2.117484e+01,2.115420e+01,2.115420e+01,2.116796e+01,2.115420e+01,2.123674e+01,2.118172e+01,2.120923e+01,2.127798e+01,2.118860e+01,2.122298e+01,2.120923e+01,2.127110e+01,2.120923e+01,2.116796e+01,2.118860e+01,2.130546e+01,2.125736e+01,2.129859e+01,2.127110e+01,2.122986e+01,2.130546e+01,2.131233e+01,2.129859e+01,2.129859e+01,2.131233e+01,2.129172e+01,2.127798e+01,2.139474e+01,2.144964e+01,2.124361e+01,2.129172e+01,2.141533e+01,2.131920e+01,2.124361e+01,2.129172e+01,2.134668e+01,2.128485e+01,2.147022e+01,2.131920e+01,2.133981e+01,2.129859e+01,2.138788e+01,2.127110e+01,2.136041e+01,2.136041e+01,2.139474e+01,2.131233e+01,2.129172e+01,2.124361e+01,2.125736e+01,2.136728e+01,2.133294e+01,2.124361e+01,2.127798e+01,2.124361e+01,2.124361e+01,2.142220e+01,2.140847e+01,2.136728e+01,2.123674e+01,2.131233e+01,2.128485e+01,2.131233e+01,2.131920e+01,2.130546e+01,2.133294e+01,2.135355e+01,2.124361e+01,2.136728e+01,2.137415e+01,2.133294e+01,2.133981e+01,2.130546e+01,2.127798e+01,2.131233e+01,2.136728e+01,2.136041e+01,2.133981e+01,2.131920e+01,2.131233e+01,2.133294e+01,2.127798e+01,2.123674e+01,2.132607e+01,2.127798e+01,2.128485e+01,2.131920e+01,2.129859e+01,2.125736e+01,2.131920e+01,2.132607e+01,2.126423e+01,2.123674e+01,2.127798e+01,2.126423e+01,2.127798e+01,2.131233e+01,2.130546e+01,2.124361e+01,2.125736e+01,2.122986e+01,2.126423e+01,2.116796e+01,2.120235e+01,2.120923e+01,2.123674e+01,2.125736e+01,2.125736e+01,2.125048e+01,2.126423e+01,2.114732e+01,2.114044e+01,2.133294e+01,2.123674e+01,2.113355e+01,2.125736e+01,2.122298e+01,2.125048e+01,2.121611e+01,2.129172e+01,2.120923e+01,2.120923e+01,2.122986e+01,2.126423e+01,2.127798e+01,2.124361e+01,2.122986e+01,2.108537e+01,2.100960e+01,2.051225e+01,2.038060e+01,2.026266e+01,2.029042e+01,2.025571e+01,2.026266e+01,2.022100e+01,2.026960e+01,2.031124e+01,2.033205e+01,2.034592e+01,2.025571e+01,2.031818e+01,2.029736e+01,2.034592e+01,2.033899e+01,2.041526e+01,2.029042e+01,2.044298e+01,2.035980e+01,2.056763e+01,2.071978e+01,2.066448e+01,2.062299e+01,2.067831e+01,2.053303e+01,2.053303e+01,2.056071e+01,2.054687e+01,2.046377e+01,2.047070e+01,2.048455e+01,2.044298e+01,2.033899e+01,2.039447e+01,2.044991e+01,2.039447e+01,2.043605e+01,2.038753e+01,2.053303e+01,2.042219e+01,2.049840e+01,2.044991e+01,2.042912e+01,2.049148e+01,2.036673e+01,2.035980e+01,2.040140e+01,2.042219e+01,2.041526e+01,2.028348e+01,2.024877e+01,2.032512e+01,2.037366e+01,2.031818e+01,2.033205e+01,2.034592e+01,2.022100e+01,2.028348e+01,2.025571e+01,2.025571e+01,2.028348e+01,2.022794e+01,2.030430e+01,2.022794e+01,2.024183e+01,2.027654e+01,2.029736e+01,2.025571e+01,2.026266e+01,2.060915e+01,2.032512e+01,2.026960e+01,2.027654e+01,2.026960e+01,2.029042e+01,2.031818e+01,2.044991e+01,2.057456e+01,2.038060e+01,2.029042e+01,2.026960e+01,2.029736e+01,2.024183e+01,2.024183e+01,2.023489e+01,2.022100e+01,2.025571e+01,2.020711e+01,2.022794e+01,2.015153e+01,2.033205e+01,2.017932e+01,2.007505e+01,2.022100e+01,2.018627e+01,2.017932e+01,2.017237e+01,2.021405e+01,2.017932e+01,2.022100e+01,2.008896e+01,2.017932e+01,2.009591e+01,2.023489e+01,2.015153e+01,2.026266e+01,2.071978e+01,2.109914e+01,2.115420e+01,2.130546e+01,2.121611e+01,2.122298e+01,2.111291e+01,2.090619e+01,2.051225e+01,2.008896e+01,1.988710e+01,1.983134e+01,1.983134e+01,1.969181e+01,1.977555e+01,1.964293e+01,1.964293e+01,1.975462e+01,1.979647e+01,1.975462e+01,2.001244e+01,1.999156e+01,1.993586e+01,1.996371e+01,1.997764e+01,2.000548e+01,1.997068e+01,2.001244e+01,1.999852e+01,2.003332e+01,2.005419e+01,1.991496e+01,1.999852e+01,2.001940e+01,2.004723e+01,2.001940e+01,2.003332e+01,2.005419e+01,2.004723e+01,2.000548e+01,2.007505e+01,1.997068e+01,2.001244e+01,2.013068e+01,2.003332e+01,2.012372e+01,2.007505e+01,2.006114e+01,2.008896e+01,2.031818e+01,2.021405e+01,2.024877e+01,2.024877e+01,2.015848e+01,2.023489e+01,2.023489e+01,2.023489e+01,2.026960e+01,2.025571e+01,2.057456e+01,2.120235e+01,2.193560e+01,2.177843e+01,2.100271e+01,2.020016e+01,2.020711e+01,2.020016e+01,2.020016e+01,1.998460e+01,2.008896e+01,2.010287e+01,2.009591e+01,1.999156e+01,1.997068e+01,2.001244e+01,2.006810e+01,2.003332e+01,1.992193e+01,1.995675e+01,1.985922e+01,1.992193e+01,1.994979e+01,1.994283e+01,1.992890e+01,1.991496e+01,2.001244e+01,2.002636e+01,2.008896e+01,2.007505e+01,2.010287e+01,2.008201e+01,2.029736e+01,2.018627e+01,2.020016e+01,2.030430e+01,2.033205e+01,2.092688e+01,2.131920e+01,2.135355e+01,2.117484e+01,2.133981e+01,2.129172e+01,2.123674e+01,2.124361e+01,2.105782e+01,2.067139e+01,2.059531e+01,2.056763e+01,2.054687e+01,2.055379e+01,2.052610e+01,2.064374e+01,2.065065e+01,2.100960e+01,2.120235e+01,2.118860e+01,2.127110e+01,2.127110e+01,2.140161e+01,2.131233e+01,2.131920e+01,2.130546e+01,2.144278e+01,2.131920e+01,2.140847e+01,2.124361e+01,2.122298e+01,2.120235e+01,2.102338e+01,2.069905e+01,2.042219e+01,2.016542e+01,2.015153e+01,2.008896e+01,2.007505e+01,2.002636e+01,2.007505e+01,2.013068e+01,2.005419e+01,2.004027e+01,2.003332e+01,2.003332e+01,1.994283e+01,2.000548e+01,1.994283e+01,1.997764e+01,2.001244e+01,2.003332e+01,1.996371e+01,2.006114e+01,1.999156e+01,2.004027e+01,2.006114e+01,2.001244e+01,1.998460e+01,2.003332e+01,1.997764e+01,1.994979e+01,1.997068e+01,1.996371e+01,1.995675e+01,1.996371e+01,1.992193e+01,1.992193e+01,1.995675e+01,1.986619e+01,1.997764e+01,1.990103e+01,1.979647e+01,1.999852e+01,1.996371e+01,1.995675e+01,1.991496e+01,1.993586e+01,1.985225e+01,1.994979e+01,2.000548e+01,1.978950e+01,1.993586e+01,1.981042e+01,1.987316e+01,1.985225e+01,1.985225e+01,1.990800e+01,1.998460e+01,1.996371e+01,1.988013e+01,1.988710e+01,1.988710e+01,1.981740e+01,1.988710e+01,1.985225e+01,1.985225e+01,1.985922e+01,1.990800e+01,1.995675e+01,1.991496e+01,1.988710e+01,1.986619e+01,1.987316e+01,1.987316e+01,1.984528e+01,1.989407e+01,1.988710e+01,1.990800e+01,1.988710e+01,1.990103e+01,1.982437e+01,1.986619e+01,1.987316e+01,1.973369e+01,1.988710e+01,1.985225e+01,1.985225e+01,1.985225e+01,1.985225e+01,1.988710e+01,1.980345e+01,1.987316e+01,1.999156e+01,1.981740e+01,1.994283e+01,2.000548e+01,2.031818e+01,2.053995e+01,2.080267e+01,2.105782e+01,2.108537e+01,2.116796e+01,2.114044e+01,2.111291e+01,2.109914e+01,2.114732e+01,2.110602e+01,2.114044e+01,2.114044e+01,2.113355e+01,2.109225e+01,2.122986e+01,2.122298e+01,2.111291e+01,2.107160e+01,2.112667e+01,2.122298e+01,2.120235e+01,2.111291e+01,2.094067e+01,2.112667e+01,2.118172e+01,2.110602e+01,2.111291e+01,2.112667e+01,2.117484e+01,2.120923e+01,2.110602e+01,2.116108e+01,2.115420e+01,2.115420e+01,2.111979e+01,2.109914e+01,2.116796e+01,2.109914e+01,2.108537e+01,2.101649e+01,2.105094e+01,2.103716e+01,2.107160e+01,2.095446e+01,2.099582e+01,2.101649e+01,2.111291e+01,2.111291e+01,2.104405e+01,2.101649e+01,2.106471e+01,2.099582e+01,2.103027e+01,2.097514e+01,2.103716e+01,2.097514e+01,2.100960e+01,2.100271e+01,2.105094e+01,2.098203e+01,2.112667e+01,2.098203e+01,2.101649e+01,2.107848e+01,2.094067e+01,2.103027e+01,2.105094e+01,2.102338e+01,2.107160e+01,2.113355e+01,2.109225e+01,2.109225e+01,2.100960e+01,2.111291e+01,2.105782e+01,2.100271e+01,2.114044e+01,2.113355e+01,2.103027e+01,2.105094e+01,2.100271e+01,2.109914e+01,2.107160e+01,2.101649e+01,2.113355e+01,2.122986e+01,2.120235e+01,2.116796e+01,2.105094e+01,2.113355e+01,2.110602e+01,2.118172e+01,2.116796e+01,2.106471e+01,2.111979e+01,2.113355e+01,2.111979e+01,2.104405e+01,2.114732e+01,2.111979e+01,2.123674e+01,2.123674e+01,2.114732e+01,2.106471e+01,2.118860e+01,2.111979e+01,2.116108e+01,2.120235e+01,2.116108e+01,2.117484e+01,2.114732e+01,2.116108e+01,2.107848e+01,2.118172e+01,2.100960e+01,2.115420e+01,2.110602e+01,2.120923e+01,2.110602e+01
2.130546e+01,2.122986e+01,2.128485e+01,2.105782e+01,2.128485e+01,2.107160e+01,2.122986e+01,2.120923e+01,2.116108e+01,2.103716e+01,2.118172e+01,2.114044e+01,2.115420e+01,2.111291e+01,2.113355e+01,2.116796e+01,2.107848e+01,2.100960e+01,2.106471e+01,2.105094e+01,2.109914e+01,2.106471e+01,2.107160e+01,2.109914e+01,2.106471e+01,2.111979e+01,2.105782e+01,2.106471e+01,2.104405e+01,2.106471e+01,2.105782e+01,2.108537e+01,2.105094e+01,2.106471e+01,2.107160e+01,2.111979e+01,2.104405e+01,2.111979e+01,2.106471e+01,2.107848e+01,2.110602e+01,2.108537e+01,2.103716e+01,2.105094e+01,2.119548e+01,2.096825e+01,2.115420e+01,2.103716e+01,2.117484e+01,2.108537e+01,2.115420e+01,2.119548e+01,2.120923e+01,2.114044e+01,2.125048e+01,2.115420e+01,2.126423e+01,2.105094e+01,2.122986e+01,2.122986e+01,2.118172e+01,2.116796e+01,2.125736e+01,2.122298e+01,2.128485e+01,2.127798e+01,2.118860e+01,2.115420e+01,2.117484e+01,2.127110e+01,2.125736e+01,2.133981e+01,2.124361e+01,2.127798e+01,2.134668e+01,2.138788e+01,2.129859e+01,2.130546e+01,2.131920e+01,2.127798e+01,2.131233e+01,2.129859e+01,2.131920e+01,2.127110e+01,2.131920e+01,2.129859e+01,2.139474e+01,2.135355e+01,2.143592e+01,2.152508e+01,2.124361e+01,2.142906e+01,2.133981e+01,2.127798e+01,2.133294e+01,2.139474e+01,2.136041e+01,2.136041e+01,2.141533e+01,2.128485e+01,2.138101e+01,2.130546e+01,2.136041e+01,2.134668e+01,2.140847e+01,2.142220e+01,2.138101e+01,2.133981e+01,2.131233e+01,2.134668e+01,2.134668e+01,2.128485e+01,2.142906e+01,2.125048e+01,2.149080e+01,2.124361e+01,2.135355e+01,2.137415e+01,2.139474e+01,2.128485e+01,2.134668e+01,2.135355e+01,2.132607e+01,2.119548e+01,2.130546e+01,2.127110e+01,2.127798e+01,2.134668e+01,2.122986e+01,2.121611e+01,2.129859e+01,2.128485e+01,2.134668e+01,2.131233e+01,2.129859e+01,2.131233e+01,2.129859e+01,2.133294e+01,2.136041e+01,2.133294e+01,2.130546e+01,2.125736e+01,2.131920e+01,2.125736e+01,2.137415e+01,2.130546e+01,2.130546e+01,2.130546e+01,2.127110e+01,2.129172e+01,2.136041e+01,2.137415e+01,2.125048e+01,2.126423e+01,2.128485e+01,2.126423e+01,2.131233e+01,2.122986e+01,2.120235e+01,2.131233e+01,2.126423e+01,2.122986e+01,2.122298e+01,2.125736e+01,2.122298e+01,2.120235e+01,2.116108e+01,2.124361e+01,2.126423e+01,2.125048e+01,2.125736e+01,2.120923e+01,2.125736e+01,2.125048e+01,2.111291e+01,2.119548e+01,2.118860e+01,2.123674e+01,2.118860e+01,2.129172e+01,2.131920e+01,2.126423e+01,2.129172e+01,2.125736e+01,2.120235e+01,2.120235e+01,2.113355e+01,2.110602e+01,2.111979e+01,2.080267e+01,2.035286e+01,2.028348e+01,2.026960e+01,2.024183e+01,2.033899e+01,2.036673e+01,2.027654e+01,2.029736e+01,2.033899e+01,2.031818e+01,2.030430e+01,2.031124e+01,2.029736e+01,2.041526e+01,2.048455e+01,2.031818e+01,2.044991e+01,2.035980e+01,2.041526e+01,2.048455e+01,2.043605e+01,2.045684e+01,2.051918e+01,2.049148e+01,2.044298e+01,2.042912e+01,2.038060e+01,2.042219e+01,2.047762e+01,2.045684e+01,2.042219e+01,2.044991e+01,2.047070e+01,2.036673e+01,2.055379e+01,2.038060e+01,2.049840e+01,2.047070e+01,2.043605e+01,2.040140e+01,2.044991e+01,2.044991e+01,2.053995e+01,2.044298e+01,2.040833e+01,2.044298e+01,2.044991e+01,2.042912e+01,2.043605e+01,2.038060e+01,2.035286e+01,2.022794e+01,2.036673e+01,2.038060e+01,2.033899e+01,2.030430e+01,2.035286e+01,2.035980e+01,2.027654e+01,2.022794e+01,2.026266e+01,2.022100e+01,2.030430e+01,2.024877e+01,2.029042e+01,2.024877e+01,2.020711e+01,2.030430e+01,2.029736e+01,2.029736e+01,2.073360e+01,2.077505e+01,2.031818e+01,2.018627e+01,2.026960e+01,2.026266e+01,2.029736e+01,2.035980e+01,2.036673e+01,2.040140e+01,2.036673e+01,2.024877e+01,2.026266e+01,2.026266e+01,2.022794e+01,2.021405e+01,2.028348e+01,2.019321e+01,2.022100e+01,2.026960e+01,2.021405e+01,2.017932e+01,2.020711e+01,2.022794e+01,2.024877e+01,2.017932e+01,2.019321e+01,2.017932e+01,2.020711e+01,2.017237e+01,2.013763e+01,2.017932e+01,2.015153e+01,2.022100e+01,2.023489e+01,2.029042e+01,2.055379e+01,2.102338e+01,2.134668e+01,2.126423e+01,2.126423e+01,2.125048e+01,2.120235e+01,2.121611e+01,2.116108e+01,2.083719e+01,2.022794e+01,1.986619e+01,1.980345e+01,1.981740e+01,1.967086e+01,1.968483e+01,1.971275e+01,1.979647e+01,1.976160e+01,1.985922e+01,1.982437e+01,1.994283e+01,1.992890e+01,1.997764e+01,1.995675e+01,2.001940e+01,1.997068e+01,2.002636e+01,2.004027e+01,2.006810e+01,2.007505e+01,1.996371e+01,2.004723e+01,1.991496e+01,1.990103e+01,1.991496e+01,1.993586e+01,1.996371e+01,2.003332e+01,1.995675e+01,1.997764e+01,2.008201e+01,2.005419e+01,2.007505e+01,1.998460e+01,2.006810e+01,2.022100e+01,2.004027e+01,2.010982e+01,2.027654e+01,2.006114e+01,2.020016e+01,2.022100e+01,2.016542e+01,2.024877e+01,2.018627e+01,2.024183e+01,2.024877e+01,2.025571e+01,2.071287e+01,2.151137e+01,2.204479e+01,2.226282e+01,2.188096e+01,2.054687e+01,2.031818e+01,2.021405e+01,2.017932e+01,2.023489e+01,2.017932e+01,2.014458e+01,2.020711e+01,2.013068e+01,2.015153e+01,2.006114e+01,1.998460e+01,1.994283e+01,1.989407e+01,1.994979e+01,1.989407e+01,2.002636e+01,1.993586e+01,1.986619e+01,2.002636e+01,2.004027e+01,2.002636e+01,2.000548e+01,2.007505e+01,2.010287e+01,2.002636e+01,2.005419e+01,2.013068e+01,2.024183e+01,2.029042e+01,2.016542e+01,2.030430e+01,2.048455e+01,2.092688e+01,2.131920e+01,2.133981e+01,2.135355e+01,2.124361e+01,2.125048e+01,2.120235e+01,2.088549e+01,2.063682e+01,2.064374e+01,2.053995e+01,2.054687e+01,2.056071e+01,2.055379e+01,2.055379e+01,2.080267e+01,2.102338e+01,2.121611e+01,2.133981e+01,2.125048e+01,2.127110e+01,2.131920e+01,2.127798e+01,2.125048e+01,2.136041e+01,2.149080e+01,2.132607e+01,2.136041e+01,2.128485e+01,2.132607e+01,2.106471e+01,2.096825e+01,2.044991e+01,2.033899e+01,2.010982e+01,2.009591e+01,2.008201e+01,1.994979e+01,2.003332e+01,1.995675e+01,1.996371e+01,1.995675e+01,1.994979e+01,1.995675e+01,1.994979e+01,1.997068e+01,1.997068e+01,2.001940e+01,1.998460e+01,2.001940e+01,1.997068e+01,2.000548e+01,1.993586e+01,1.999852e+01,1.997068e+01,1.992890e+01,2.000548e+01,1.997764e+01,2.005419e+01,2.001940e+01,1.999156e+01,1.994979e+01,1.994979e+01,1.994979e+01,1.994979e+01,1.995675e+01,1.994979e+01,1.996371e+01,1.992193e+01,1.990103e+01,1.992890e+01,2.001940e+01,1.997764e+01,1.996371e+01,2.006114e+01,2.009591e+01,1.990800e+01,2.004027e+01,1.993586e+01,2.006810e+01,2.004723e+01,1.996371e+01,1.999852e+01,1.992193e+01,1.988710e+01,1.992890e+01,1.989407e+01,1.998460e+01,1.999156e+01,1.988710e+01,1.999852e+01,1.987316e+01,1.987316e+01,1.987316e+01,1.988013e+01,1.987316e+01,1.985922e+01,1.985922e+01,1.989407e+01,1.986619e+01,1.988710e+01,1.990103e+01,1.989407e+01,1.988013e+01,1.988710e+01,1.992193e+01,1.975462e+01,1.981740e+01,1.984528e+01,1.990800e+01,1.988013e+01,1.985225e+01,1.987316e+01,1.981740e+01,1.984528e+01,1.986619e+01,1.989407e+01,1.986619e+01,1.994979e+01,1.999156e+01,1.985922e+01,1.994283e+01,1.997764e+01,1.992890e+01,1.988710e+01,1.988710e+01,1.999156e+01,1.996371e+01,2.019321e+01,2.051918e+01,2.082338e+01,2.111291e+01,2.111979e+01,2.098893e+01,2.116108e+01,2.113355e+01,2.112667e+01,2.118172e+01,2.117484e+01,2.120923e+01,2.121611e+01,2.122986e+01,2.124361e+01,2.120235e+01,2.114044e+01,2.113355e+01,2.114044e+01,2.118172e+01,2.109225e+01,2.112667e+01,2.114044e+01,2.119548e+01,2.115420e+01,2.111979e+01,2.108537e+01,2.110602e+01,2.111979e+01,2.114732e+01,2.120923e+01,2.120923e+01,2.118860e+01,2.111291e+01,2.118172e+01,2.109914e+01,2.104405e+01,2.116796e+01,2.104405e+01,2.111291e+01,2.104405e+01,2.109914e+01,2.105094e+01,2.098203e+01,2.111291e+01,2.103027e+01,2.112667e+01,2.104405e+01,2.101649e+01,2.098893e+01,2.097514e+01,2.100271e+01,2.105094e+01,2.102338e+01,2.096825e+01,2.112667e+01,2.101649e+01,2.097514e+01,2.102338e+01,2.115420e+01,2.101649e+01,2.095446e+01,2.105094e+01,2.110602e+01,2.100960e+01,2.103027e+01,2.104405e+01,2.107848e+01,2.110602e+01,2.108537e+01,2.105094e+01,2.100960e+01,2.103027e+01,2.103027e+01,2.106471e+01,2.103027e+01,2.115420e+01,2.110602e+01,2.114732e+01,2.109225e+01,2.106471e+01,2.106471e+01,2.113355e+01,2.114732e+01,2.090619e+01,2.109225e+01,2.100960e+01,2.118860e+01,2.115420e+01,2.110602e+01,2.110602e+01,2.116108e+01,2.114732e+01,2.117484e+01,2.109914e+01,2.115420e+01,2.107160e+01,2.116796e+01,2.111979e+01,2.115420e+01,2.122986e+01,2.122298e+01,2.110602e+01,2.114732e+01,2.108537e+01,2.111979e+01,2.120235e+01,2.114732e+01,2.116796e+01,2.119548e+01,2.121611e+01,2.117484e+01,2.114044e+01,2.108537e+01,2.121611e+01,2.110602e+01,2.115420e+01,2.108537e+01,2.111291e+01
2.119548e+01,2.120923e+01,2.105782e+01,2.120923e+01,2.120235e+01,2.102338e+01,2.116796e+01,2.111979e+01,2.111979e+01,2.111291e+01,2.123674e+01,2.108537e+01,2.118172e+01,2.118172e+01,2.108537e+01,2.116796e+01,2.108537e+01,2.100271e+01,2.108537e+01,2.110602e+01,2.109914e+01,2.109225e+01,2.100960e+01,2.113355e+01,2.111979e+01,2.112667e+01,2.104405e+01,2.112667e+01,2.112667e+01,2.117484e+01,2.105094e+01,2.107848e+01,2.101649e+01,2.102338e+01,2.111979e+01,2.115420e+01,2.120923e+01,2.103027e+01,2.100271e+01,2.103027e+01,2.107848e+01,2.105094e+01,2.113355e+01,2.127110e+01,2.111291e+01,2.112667e+01,2.111979e+01,2.109225e+01,2.114044e+01,2.111291e+01,2.109225e+01,2.116108e+01,2.120235e+01,2.114732e+01,2.116108e+01,2.125048e+01,2.121611e+01,2.116796e+01,2.124361e+01,2.122298e+01,2.118172e+01,2.120235e+01,2.116796e+01,2.128485e+01,2.127798e+01,2.125048e+01,2.118860e+01,2.119548e+01,2.118172e+01,2.114044e+01,2.126423e+01,2.124361e+01,2.127798e+01,2.126423e+01,2.134668e+01,2.125048e+01,2.124361e+01,2.128485e+01,2.126423e+01,2.145650e+01,2.117484e+01,2.125048e+01,2.129172e+01,2.129172e+01,2.120235e+01,2.130546e+01,2.130546e+01,2.132607e+01,2.129172e+01,2.127110e+01,2.147022e+01,2.148394e+01,2.137415e+01,2.123674e+01,2.136041e+01,2.141533e+01,2.129172e+01,2.127798e+01,2.129172e+01,2.135355e+01,2.127798e+01,2.137415e+01,2.138101e+01,2.130546e+01,2.138788e+01,2.140847e+01,2.133294e+01,2.131920e+01,2.135355e+01,2.131920e+01,2.122298e+01,2.126423e+01,2.133294e+01,2.130546e+01,2.124361e+01,2.129172e+01,2.133981e+01,2.125048e+01,2.133981e+01,2.138101e+01,2.130546e+01,2.136728e+01,2.131920e+01,2.131233e+01,2.118172e+01,2.133294e+01,2.135355e+01,2.138788e+01,2.129859e+01,2.131233e+01,2.133294e+01,2.115420e+01,2.132607e+01,2.133981e+01,2.131233e+01,2.131233e+01,2.131920e+01,2.135355e+01,2.132607e+01,2.133981e+01,2.133294e+01,2.122986e+01,2.123674e+01,2.129172e+01,2.125736e+01,2.125048e+01,2.140847e+01,2.127110e+01,2.129859e+01,2.125048e+01,2.131233e+01,2.127798e+01,2.116108e+01,2.140161e+01,2.125736e+01,2.126423e+01,2.124361e+01,2.124361e+01,2.127798e+01,2.128485e+01,2.130546e+01,2.126423e+01,2.131920e+01,2.118860e+01,2.113355e+01,2.119548e+01,2.120235e+01,2.118172e+01,2.120923e+01,2.122986e+01,2.125048e+01,2.127798e+01,2.116108e+01,2.111291e+01,2.126423e+01,2.136041e+01,2.134668e+01,2.131233e+01,2.129172e+01,2.128485e+01,2.129172e+01,2.124361e+01,2.129859e+01,2.120235e+01,2.129859e+01,2.133294e+01,2.127110e+01,2.126423e+01,2.103027e+01,2.054687e+01,2.023489e+01,2.031818e+01,2.023489e+01,2.024877e+01,2.035286e+01,2.027654e+01,2.023489e+01,2.029736e+01,2.033899e+01,2.034592e+01,2.024183e+01,2.035980e+01,2.032512e+01,2.031124e+01,2.031818e+01,2.046377e+01,2.037366e+01,2.039447e+01,2.033205e+01,2.049148e+01,2.040833e+01,2.053303e+01,2.052610e+01,2.048455e+01,2.045684e+01,2.052610e+01,2.044991e+01,2.051918e+01,2.045684e+01,2.044298e+01,2.044298e+01,2.046377e+01,2.045684e+01,2.044991e+01,2.042912e+01,2.052610e+01,2.053303e+01,2.044991e+01,2.049840e+01,2.045684e+01,2.051918e+01,2.055379e+01,2.044298e+01,2.040140e+01,2.047762e+01,2.047070e+01,2.048455e+01,2.042219e+01,2.039447e+01,2.044991e+01,2.022794e+01,2.040833e+01,2.032512e+01,2.031818e+01,2.025571e+01,2.025571e+01,2.033205e+01,2.026960e+01,2.024877e+01,2.025571e+01,2.034592e+01,2.036673e+01,2.037366e+01,2.029736e+01,2.026960e+01,2.027654e+01,2.025571e+01,2.027654e+01,2.035980e+01,2.039447e+01,2.099582e+01,2.101649e+01,2.074742e+01,2.030430e+01,2.028348e+01,2.027654e+01,2.029736e+01,2.030430e+01,2.024183e+01,2.025571e+01,2.026266e+01,2.024183e+01,2.028348e+01,2.028348e+01,2.022794e+01,2.024183e+01,2.022100e+01,2.030430e+01,2.026266e+01,2.021405e+01,2.022794e+01,2.024183e+01,2.023489e+01,2.021405e+01,2.017237e+01,2.020711e+01,2.017932e+01,2.018627e+01,2.022794e+01,2.020711e+01,2.019321e+01,2.016542e+01,2.015848e+01,2.024183e+01,2.026960e+01,2.043605e+01,2.104405e+01,2.129859e+01,2.121611e+01,2.125048e+01,2.127798e+01,2.127110e+01,2.126423e+01,2.113355e+01,2.098203e+01,2.033205e+01,1.985225e+01,1.971973e+01,1.971275e+01,1.969181e+01,1.978950e+01,1.974764e+01,1.971973e+01,1.976160e+01,1.974764e+01,1.971973e+01,1.988013e+01,1.988710e+01,1.994979e+01,1.992193e+01,1.999156e+01,1.997764e+01,1.995675e+01,1.992193e+01,1.997764e+01,1.997764e+01,1.999852e+01,2.001940e+01,1.997068e+01,2.003332e+01,1.994979e+01,1.998460e+01,2.004723e+01,1.994283e+01,2.008896e+01,2.004027e+01,2.001244e+01,1.995675e+01,1.992193e+01,1.999852e+01,2.002636e+01,1.997068e+01,2.001244e+01,2.009591e+01,2.010287e+01,2.021405e+01,2.007505e+01,2.018627e+01,2.020016e+01,2.022794e+01,2.020711e+01,2.022794e+01,2.026960e+01,2.024877e+01,2.070596e+01,2.172371e+01,2.223560e+01,2.229685e+01,2.231726e+01,2.175107e+01,2.049148e+01,2.033205e+01,2.027654e+01,2.017237e+01,2.022794e+01,2.021405e+01,2.017932e+01,2.016542e+01,2.013068e+01,2.009591e+01,2.008201e+01,2.002636e+01,1.994979e+01,2.003332e+01,2.000548e+01,2.001940e+01,2.004027e+01,2.006114e+01,2.004723e+01,2.008201e+01,2.004723e+01,2.004027e+01,2.009591e+01,2.006810e+01,2.001940e+01,2.010982e+01,2.018627e+01,2.016542e+01,2.024877e+01,2.026266e+01,2.040833e+01,2.031818e+01,2.038060e+01,2.115420e+01,2.120235e+01,2.133981e+01,2.134668e+01,2.127798e+01,2.118172e+01,2.098203e+01,2.072669e+01,2.068522e+01,2.063682e+01,2.051918e+01,2.053303e+01,2.056763e+01,2.054687e+01,2.062990e+01,2.084409e+01,2.123674e+01,2.134668e+01,2.129172e+01,2.131233e+01,2.116796e+01,2.127110e+01,2.130546e+01,2.133981e+01,2.135355e+01,2.140161e+01,2.133981e+01,2.122298e+01,2.126423e+01,2.133294e+01,2.098203e+01,2.047070e+01,2.010287e+01,2.006810e+01,2.006810e+01,1.993586e+01,1.992890e+01,2.006114e+01,1.996371e+01,1.999156e+01,1.994283e+01,1.999156e+01,1.997764e+01,1.995675e+01,2.001940e+01,1.997764e+01,1.998460e+01,1.992193e+01,1.996371e+01,1.999852e+01,2.001244e+01,1.990103e+01,1.995675e+01,1.997764e+01,2.001940e+01,1.997764e+01,2.000548e+01,2.004027e+01,1.996371e+01,2.001244e+01,1.994979e+01,1.997068e+01,1.994979e+01,1.997068e+01,1.994283e+01,1.999852e+01,1.991496e+01,1.994283e+01,1.992193e+01,1.999852e+01,1.997764e+01,1.990800e+01,1.999852e+01,1.994283e+01,1.990800e+01,1.992193e+01,1.989407e+01,2.000548e+01,1.989407e+01,1.992890e+01,2.003332e+01,1.994979e+01,1.997068e+01,1.997068e+01,1.999156e+01,1.996371e+01,1.988710e+01,1.995675e+01,1.990103e+01,1.997764e+01,1.989407e+01,1.985922e+01,1.987316e+01,1.985922e+01,1.985225e+01,1.987316e+01,1.983134e+01,1.988013e+01,1.988013e+01,1.990103e+01,1.995675e+01,1.989407e+01,1.983831e+01,1.988710e+01,1.989407e+01,1.990103e+01,1.993586e+01,1.992890e+01,1.988710e+01,1.992193e+01,1.988013e+01,1.989407e+01,1.992193e+01,1.986619e+01,1.987316e+01,1.986619e+01,1.988013e+01,1.996371e+01,1.985225e+01,1.988710e+01,1.994283e+01,1.996371e+01,1.999852e+01,1.994979e+01,1.990103e+01,1.999852e+01,1.997764e+01,1.999852e+01,1.998460e+01,2.017237e+01,2.050533e+01,2.082338e+01,2.091998e+01,2.113355e+01,2.111291e+01,2.107848e+01,2.120235e+01,2.116108e+01,2.118172e+01,2.123674e+01,2.124361e+01,2.121611e+01,2.118860e+01,2.110602e+01,2.110602e+01,2.113355e+01,2.117484e+01,2.121611e+01,2.119548e+01,2.124361e+01,2.122298e+01,2.113355e+01,2.118860e+01,2.111291e+01,2.120235e+01,2.112667e+01,2.112667e+01,2.116108e+01,2.118860e+01,2.118172e+01,2.119548e+01,2.108537e+01,2.107848e+01,2.107160e+01,2.111291e+01,2.112667e+01,2.108537e+01,2.107848e+01,2.103027e+01,2.109225e+01,2.106471e+01,2.107160e+01,2.107160e+01,2.103716e+01,2.103716e+01,2.094757e+01,2.111979e+01,2.103716e+01,2.104405e+01,2.100271e+01,2.105094e+01,2.103716e+01,2.105094e+01,2.103716e+01,2.104405e+01,2.106471e+01,2.113355e+01,2.096135e+01,2.105782e+01,2.097514e+01,2.108537e+01,2.105782e+01,2.102338e+01,2.108537e+01,2.107160e+01,2.106471e+01,2.105094e+01,2.116108e+01,2.101649e+01,2.111979e+01,2.111291e+01,2.109225e+01,2.111291e+01,2.105094e+01,2.109225e+01,2.127798e+01,2.102338e+01,2.116796e+01,2.107848e+01,2.106471e+01,2.114732e+01,2.114732e+01,2.111291e+01,2.107848e+01,2.111979e+01,2.116108e+01,2.118172e+01,2.110602e+01,2.114044e+01,2.118172e+01,2.112667e+01,2.119548e+01,2.116796e+01,2.116796e+01,2.107848e+01,2.117484e+01,2.117484e+01,2.103716e+01,2.122298e+01,2.109225e+01,2.116108e+01,2.106471e+01,2.107848e+01,2.115420e+01,2.113355e+01,2.111979e+01,2.113355e+01,2.112667e+01,2.118172e+01,2.139474e+01,2.115420e+01,2.119548e+01,2.119548e+01,2.111291e+01,2.115420e+01,2.110602e+01,2.107848e+01
2.118172e+01,2.119548e+01,2.107160e+01,2.116108e+01,2.116796e+01,2.102338e+01,2.111291e+01,2.111979e+01,2.125736e+01,2.117484e+01,2.124361e+01,2.114732e+01,2.117484e+01,2.113355e+01,2.117484e+01,2.111979e+01,2.116108e+01,2.107848e+01,2.103027e+01,2.120235e+01,2.110602e+01,2.107160e+01,2.109225e+01,2.106471e+01,2.114732e+01,2.106471e+01,2.107160e+01,2.110602e+01,2.105094e+01,2.103027e+01,2.098203e+01,2.108537e+01,2.101649e+01,2.101649e+01,2.111291e+01,2.103716e+01,2.104405e+01,2.101649e+01,2.107160e+01,2.103027e+01,2.109225e+01,2.111291e+01,2.110602e+01,2.107160e+01,2.107160e+01,2.107848e+01,2.114732e+01,2.118860e+01,2.114732e+01,2.122298e+01,2.115420e+01,2.120235e+01,2.129859e+01,2.117484e+01,2.114044e+01,2.129172e+01,2.115420e+01,2.122986e+01,2.122986e+01,2.121611e+01,2.114044e+01,2.117484e+01,2.120923e+01,2.124361e+01,2.127798e+01,2.131920e+01,2.125736e+01,2.120235e+01,2.118860e+01,2.116796e+01,2.126423e+01,2.126423e+01,2.126423e+01,2.125048e+01,2.129172e+01,2.120235e+01,2.120235e+01,2.129172e+01,2.120235e+01,2.126423e+01,2.133981e+01,2.125048e+01,2.129172e+01,2.132607e+01,2.119548e+01,2.129172e+01,2.129172e+01,2.127110e+01,2.125736e+01,2.130546e+01,2.136041e+01,2.125736e+01,2.134668e+01,2.125048e+01,2.139474e+01,2.129172e+01,2.131233e+01,2.131920e+01,2.131233e+01,2.130546e+01,2.130546e+01,2.138101e+01,2.136041e+01,2.129172e+01,2.131920e+01,2.142906e+01,2.141533e+01,2.122298e+01,2.131233e+01,2.136728e+01,2.122986e+01,2.121611e+01,2.136041e+01,2.129859e+01,2.128485e+01,2.130546e+01,2.126423e+01,2.130546e+01,2.127798e+01,2.118172e+01,2.133981e+01,2.128485e+01,2.133294e+01,2.138101e+01,2.137415e+01,2.129172e+01,2.127798e+01,2.135355e+01,2.127110e+01,2.131920e+01,2.128485e+01,2.129172e+01,2.136041e+01,2.131920e+01,2.116796e+01,2.135355e+01,2.130546e+01,2.127798e+01,2.133981e+01,2.131233e+01,2.132607e+01,2.130546e+01,2.121611e+01,2.133294e+01,2.123674e+01,2.125048e+01,2.127110e+01,2.131920e+01,2.127798e+01,2.129859e+01,2.118172e+01,2.126423e+01,2.125048e+01,2.139474e+01,2.125048e+01,2.122298e+01,2.113355e+01,2.127110e+01,2.124361e+01,2.121611e+01,2.122986e+01,2.125736e+01,2.124361e+01,2.118860e+01,2.118172e+01,2.118860e+01,2.120923e+01,2.125736e+01,2.124361e+01,2.118860e+01,2.123674e+01,2.125736e+01,2.125048e+01,2.120235e+01,2.133294e+01,2.129172e+01,2.115420e+01,2.132607e+01,2.119548e+01,2.122298e+01,2.125736e+01,2.123674e+01,2.130546e+01,2.130546e+01,2.116108e+01,2.118172e+01,2.136728e+01,2.109914e+01,2.085099e+01,2.050533e+01,2.027654e+01,2.023489e+01,2.026266e+01,2.022794e+01,2.022794e+01,2.020711e+01,2.022100e+01,2.027654e+01,2.021405e+01,2.035980e+01,2.035286e+01,2.034592e+01,2.033205e+01,2.038753e+01,2.031818e+01,2.033899e+01,2.049840e+01,2.038753e+01,2.030430e+01,2.037366e+01,2.040833e+01,2.042912e+01,2.038753e+01,2.048455e+01,2.050533e+01,2.048455e+01,2.047070e+01,2.054687e+01,2.051918e+01,2.035980e+01,2.041526e+01,2.050533e+01,2.042912e+01,2.040140e+01,2.045684e+01,2.044298e+01,2.049840e+01,2.051225e+01,2.046377e+01,2.050533e+01,2.051918e+01,2.051918e+01,2.045684e+01,2.043605e+01,2.044298e+01,2.044298e+01,2.041526e+01,2.052610e+01,2.049840e+01,2.046377e+01,2.026960e+01,2.041526e+01,2.041526e+01,2.038060e+01,2.037366e+01,2.040140e+01,2.033205e+01,2.029736e+01,2.028348e+01,2.033899e+01,2.036673e+01,2.036673e+01,2.029042e+01,2.029042e+01,2.028348e+01,2.028348e+01,2.033899e+01,2.026960e+01,2.037366e+01,2.087169e+01,2.106471e+01,2.111979e+01,2.093377e+01,2.047070e+01,2.029042e+01,2.017237e+01,2.033899e+01,2.024877e+01,2.027654e+01,2.029042e+01,2.042912e+01,2.023489e+01,2.022794e+01,2.024183e+01,2.030430e+01,2.024183e+01,2.023489e+01,2.023489e+01,2.024183e+01,2.024183e+01,2.033205e+01,2.026266e+01,2.022794e+01,2.024183e+01,2.024183e+01,2.021405e+01,2.020711e+01,2.023489e+01,2.019321e+01,2.020711e+01,2.018627e+01,2.020016e+01,2.020711e+01,2.020016e+01,2.051918e+01,2.107160e+01,2.119548e+01,2.129172e+01,2.133294e+01,2.122986e+01,2.128485e+01,2.121611e+01,2.125736e+01,2.087859e+01,2.037366e+01,1.985225e+01,1.974067e+01,1.981740e+01,1.974764e+01,1.972671e+01,1.981042e+01,1.983831e+01,1.969181e+01,1.972671e+01,1.983831e+01,1.974067e+01,1.992890e+01,1.997764e+01,1.982437e+01,1.993586e+01,1.985225e+01,1.992890e+01,1.994979e+01,2.003332e+01,2.003332e+01,1.992890e+01,2.005419e+01,1.997068e+01,1.992193e+01,2.004723e+01,2.001244e+01,2.003332e+01,1.995675e+01,2.005419e+01,2.002636e+01,1.999852e+01,2.006114e+01,2.004723e+01,2.003332e+01,2.004027e+01,2.001244e+01,2.015848e+01,2.002636e+01,2.013763e+01,2.020711e+01,2.011677e+01,2.013763e+01,2.017237e+01,2.020711e+01,2.020711e+01,2.020711e+01,2.028348e+01,2.021405e+01,2.039447e+01,2.142906e+01,2.202432e+01,2.237167e+01,2.239206e+01,2.238527e+01,2.174423e+01,2.049148e+01,2.024877e+01,2.033205e+01,2.024183e+01,2.021405e+01,2.019321e+01,2.017932e+01,2.017237e+01,2.017932e+01,2.015153e+01,2.010287e+01,2.003332e+01,2.011677e+01,2.008201e+01,2.017237e+01,2.010287e+01,2.006114e+01,2.000548e+01,2.003332e+01,1.995675e+01,2.004723e+01,2.006114e+01,2.007505e+01,2.004723e+01,2.009591e+01,2.008896e+01,2.012372e+01,2.014458e+01,2.017237e+01,2.017932e+01,2.026266e+01,2.035286e+01,2.045684e+01,2.110602e+01,2.129172e+01,2.126423e+01,2.130546e+01,2.131233e+01,2.106471e+01,2.074051e+01,2.071287e+01,2.051918e+01,2.053303e+01,2.052610e+01,2.054687e+01,2.054687e+01,2.054687e+01,2.085789e+01,2.124361e+01,2.123674e+01,2.126423e+01,2.131920e+01,2.131920e+01,2.131920e+01,2.134668e+01,2.133981e+01,2.127110e+01,2.120923e+01,2.134668e+01,2.120923e+01,2.147708e+01,2.120235e+01,2.099582e+01,2.047070e+01,2.033205e+01,2.015153e+01,2.008896e+01,1.984528e+01,1.997764e+01,2.006114e+01,1.995675e+01,1.999156e+01,1.994283e+01,1.999156e+01,2.001244e+01,1.998460e+01,1.996371e+01,2.003332e+01,2.006810e+01,1.999156e+01,1.995675e+01,1.980345e+01,1.995675e+01,1.997068e+01,2.000548e+01,1.999852e+01,2.001244e+01,1.997068e+01,1.994979e+01,1.994283e+01,2.001940e+01,2.010982e+01,1.996371e+01,2.000548e+01,2.005419e+01,1.997068e+01,1.994979e+01,1.994979e+01,1.994283e+01,1.997068e+01,1.997764e+01,1.989407e+01,2.001244e+01,1.994283e+01,1.993586e+01,1.998460e+01,2.001940e+01,1.991496e+01,1.989407e+01,1.979647e+01,1.997068e+01,1.990103e+01,1.991496e+01,2.001940e+01,1.999156e+01,1.996371e+01,1.995675e+01,2.004027e+01,1.998460e+01,1.993586e+01,1.983831e+01,1.996371e+01,1.988710e+01,1.990103e+01,2.001940e+01,1.988710e+01,1.990800e+01,1.986619e+01,1.988710e+01,1.985922e+01,1.987316e+01,1.991496e+01,1.992890e+01,1.992890e+01,1.990800e+01,1.992193e+01,1.981740e+01,1.988710e+01,1.988013e+01,1.991496e+01,1.992890e+01,1.992890e+01,1.988013e+01,1.985225e+01,1.986619e+01,1.985225e+01,1.986619e+01,1.985922e+01,1.983831e+01,1.999156e+01,1.989407e+01,1.994283e+01,1.998460e+01,1.977555e+01,1.984528e+01,1.987316e+01,1.976160e+01,1.992890e+01,1.988710e+01,1.989407e+01,1.996371e+01,1.999852e+01,2.001244e+01,2.008201e+01,2.056071e+01,2.097514e+01,2.106471e+01,2.114732e+01,2.104405e+01,2.114732e+01,2.113355e+01,2.114732e+01,2.123674e+01,2.120923e+01,2.120923e+01,2.120923e+01,2.119548e+01,2.117484e+01,2.118860e+01,2.114044e+01,2.111979e+01,2.116108e+01,2.113355e+01,2.114732e+01,2.118172e+01,2.118860e+01,2.104405e+01,2.118172e+01,2.102338e+01,2.110602e+01,2.115420e+01,2.106471e+01,2.111979e+01,2.109225e+01,2.111979e+01,2.112667e+01,2.132607e+01,2.112667e+01,2.120235e+01,2.110602e+01,2.107160e+01,2.102338e+01,2.112667e+01,2.109225e+01,2.101649e+01,2.102338e+01,2.099582e+01,2.103716e+01,2.100271e+01,2.107160e+01,2.100960e+01,2.098893e+01,2.098203e+01,2.100271e+01,2.100960e+01,2.094757e+01,2.105094e+01,2.100271e+01,2.104405e+01,2.102338e+01,2.098893e+01,2.105094e+01,2.099582e+01,2.106471e+01,2.102338e+01,2.108537e+01,2.110602e+01,2.107848e+01,2.105094e+01,2.105782e+01,2.117484e+01,2.107160e+01,2.109225e+01,2.107848e+01,2.104405e+01,2.102338e+01,2.116108e+01,2.104405e+01,2.103027e+01,2.103716e+01,2.107848e+01,2.107160e+01,2.108537e+01,2.114732e+01,2.109914e+01,2.109914e+01,2.112667e+01,2.103716e+01,2.111291e+01,2.118860e+01,2.115420e+01,2.113355e+01,2.116796e+01,2.110602e+01,2.110602e+01,2.118860e+01,2.118172e+01,2.109225e+01,2.111979e+01,2.116108e+01,2.117484e+01,2.113355e+01,2.119548e+01,2.106471e+01,2.116796e+01,2.111979e+01,2.112667e+01,2.114732e+01,2.114732e+01,2.113355e+01,2.093377e+01,2.114732e+01,2.118172e+01,2.119548e+01,2.114044e+01,2.113355e+01,2.112667e+01,2.105782e+01,2.111291e+01,2.105094e+01
2.120923e+01,2.112667e+01,2.111979e+01,2.107160e+01,2.110602e+01,2.107160e+01,2.105094e+01,2.111979e+01,2.110602e+01,2.108537e+01,2.114732e+01,2.107160e+01,2.114044e+01,2.116108e+01,2.111979e+01,2.120923e+01,2.115420e+01,2.104405e+01,2.105782e+01,2.098203e+01,2.105782e+01,2.105094e+01,2.110602e+01,2.114044e+01,2.111291e+01,2.115420e+01,2.105782e+01,2.109914e+01,2.104405e+01,2.107160e+01,2.103027e+01,2.103027e+01,2.100271e+01,2.104405e+01,2.111291e+01,2.104405e+01,2.103027e+01,2.110602e+01,2.114732e+01,2.109914e+01,2.104405e+01,2.103716e+01,2.107160e+01,2.103716e+01,2.109914e+01,2.111291e+01,2.111291e+01,2.112667e+01,2.109914e+01,2.110602e+01,2.114044e+01,2.112667e+01,2.114044e+01,2.114732e+01,2.118172e+01,2.118860e+01,2.123674e+01,2.122298e+01,2.117484e+01,2.110602e+01,2.120923e+01,2.117484e+01,2.110602e+01,2.122298e+01,2.126423e+01,2.121611e+01,2.125736e+01,2.125736e+01,2.124361e+01,2.125736e+01,2.130546e+01,2.122986e+01,2.129859e+01,2.133981e+01,2.132607e+01,2.125048e+01,2.127798e+01,2.120235e+01,2.129859e+01,2.125736e+01,2.142220e+01,2.127798e+01,2.123674e+01,2.129172e+01,2.130546e+01,2.128485e+01,2.129172e+01,2.126423e+01,2.138101e+01,2.128485e+01,2.125048e+01,2.129859e+01,2.145650e+01,2.120923e+01,2.139474e+01,2.122986e+01,2.133981e+01,2.130546e+01,2.144964e+01,2.123674e+01,2.135355e+01,2.125736e+01,2.127798e+01,2.132607e+01,2.127798e+01,2.134668e+01,2.127798e+01,2.135355e+01,2.126423e+01,2.128485e+01,2.129172e+01,2.130546e+01,2.130546e+01,2.130546e+01,2.125736e+01,2.125048e+01,2.127110e+01,2.132607e+01,2.131233e+01,2.120923e+01,2.130546e+01,2.129172e+01,2.122986e+01,2.129859e+01,2.127798e+01,2.125736e+01,2.128485e+01,2.137415e+01,2.129859e+01,2.133981e+01,2.127798e+01,2.129859e+01,2.130546e+01,2.134668e+01,2.129859e+01,2.131920e+01,2.147022e+01,2.134668e+01,2.133981e+01,2.133981e+01,2.126423e+01,2.131920e+01,2.124361e+01,2.122298e+01,2.125736e+01,2.121611e+01,2.122986e+01,2.126423e+01,2.120235e+01,2.125048e+01,2.122298e+01,2.121611e+01,2.122986e+01,2.124361e+01,2.127110e+01,2.125048e+01,2.119548e+01,2.119548e+01,2.126423e+01,2.118860e+01,2.125736e+01,2.116796e+01,2.116108e+01,2.119548e+01,2.120235e+01,2.118172e+01,2.121611e+01,2.116796e+01,2.116796e+01,2.120923e+01,2.127110e+01,2.122986e+01,2.126423e+01,2.129859e+01,2.122986e+01,2.127110e+01,2.122986e+01,2.122298e+01,2.125736e+01,2.132607e+01,2.130546e+01,2.122986e+01,2.133981e+01,2.129172e+01,2.127110e+01,2.118860e+01,2.118172e+01,2.103027e+01,2.080267e+01,2.046377e+01,2.026266e+01,2.023489e+01,2.018627e+01,2.022794e+01,2.020711e+01,2.022100e+01,2.028348e+01,2.028348e+01,2.026960e+01,2.032512e+01,2.038060e+01,2.031124e+01,2.035286e+01,2.035980e+01,2.032512e+01,2.048455e+01,2.044991e+01,2.042912e+01,2.048455e+01,2.033205e+01,2.033205e+01,2.043605e+01,2.044298e+01,2.047070e+01,2.033899e+01,2.040140e+01,2.037366e+01,2.048455e+01,2.044298e+01,2.044991e+01,2.042219e+01,2.046377e+01,2.040833e+01,2.042219e+01,2.042219e+01,2.047762e+01,2.046377e+01,2.043605e+01,2.044298e+01,2.049148e+01,2.049148e+01,2.052610e+01,2.045684e+01,2.049148e+01,2.042912e+01,2.051918e+01,2.046377e+01,2.049148e+01,2.048455e+01,2.045684e+01,2.041526e+01,2.044298e+01,2.041526e+01,2.038060e+01,2.034592e+01,2.038060e+01,2.037366e+01,2.033205e+01,2.032512e+01,2.038060e+01,2.039447e+01,2.035980e+01,2.040833e+01,2.031818e+01,2.030430e+01,2.029042e+01,2.031124e+01,2.038060e+01,2.043605e+01,2.083719e+01,2.107848e+01,2.113355e+01,2.068522e+01,2.031818e+01,2.031818e+01,2.022794e+01,2.029042e+01,2.031124e+01,2.035286e+01,2.029042e+01,2.042219e+01,2.025571e+01,2.032512e+01,2.024183e+01,2.025571e+01,2.026960e+01,2.025571e+01,2.025571e+01,2.023489e+01,2.025571e+01,2.026266e+01,2.026266e+01,2.023489e+01,2.024183e+01,2.019321e+01,2.022794e+01,2.021405e+01,2.022794e+01,2.011677e+01,2.019321e+01,2.026266e+01,2.016542e+01,2.020016e+01,2.044298e+01,2.101649e+01,2.119548e+01,2.126423e+01,2.131920e+01,2.123674e+01,2.127798e+01,2.122298e+01,2.121611e+01,2.116108e+01,2.038060e+01,2.006114e+01,1.982437e+01,1.978950e+01,1.985922e+01,1.974067e+01,1.978253e+01,1.967785e+01,1.976160e+01,1.969879e+01,1.977555e+01,1.983831e+01,1.982437e+01,1.976858e+01,1.993586e+01,1.993586e+01,1.991496e+01,1.983831e+01,1.994979e+01,1.993586e+01,1.991496e+01,1.994283e+01,2.004027e+01,2.003332e+01,1.994979e+01,1.993586e+01,1.992890e+01,1.995675e+01,1.997068e+01,1.993586e+01,1.998460e+01,2.003332e+01,1.997764e+01,2.002636e+01,2.005419e+01,2.006114e+01,1.994283e+01,1.993586e+01,1.997068e+01,2.019321e+01,2.004027e+01,2.004723e+01,2.018627e+01,2.021405e+01,2.010287e+01,2.020016e+01,2.019321e+01,2.016542e+01,2.021405e+01,2.045684e+01,2.054687e+01,2.155936e+01,2.202432e+01,2.237167e+01,2.228324e+01,2.237847e+01,2.146336e+01,2.053995e+01,2.029736e+01,2.028348e+01,2.030430e+01,2.020016e+01,2.021405e+01,2.018627e+01,2.020016e+01,2.020711e+01,2.020711e+01,2.019321e+01,2.015848e+01,2.008896e+01,2.044991e+01,2.041526e+01,2.031124e+01,1.997068e+01,2.004723e+01,2.002636e+01,2.004723e+01,2.006810e+01,2.006114e+01,2.005419e+01,2.000548e+01,2.013068e+01,2.004027e+01,2.015153e+01,2.016542e+01,2.015848e+01,2.025571e+01,2.033899e+01,2.031124e+01,2.093377e+01,2.122986e+01,2.125048e+01,2.128485e+01,2.129859e+01,2.129172e+01,2.078195e+01,2.074742e+01,2.058840e+01,2.055379e+01,2.053303e+01,2.053995e+01,2.057456e+01,2.053995e+01,2.089929e+01,2.102338e+01,2.130546e+01,2.136728e+01,2.132607e+01,2.133981e+01,2.131920e+01,2.125736e+01,2.131233e+01,2.132607e+01,2.133294e+01,2.128485e+01,2.122986e+01,2.134668e+01,2.120235e+01,2.111979e+01,2.061607e+01,2.028348e+01,2.010982e+01,2.024183e+01,2.010287e+01,2.007505e+01,1.993586e+01,1.996371e+01,1.988710e+01,1.995675e+01,1.992193e+01,1.990103e+01,1.984528e+01,1.996371e+01,1.995675e+01,1.999852e+01,2.006810e+01,1.997764e+01,1.997764e+01,1.994283e+01,1.994283e+01,1.990103e+01,1.992890e+01,2.000548e+01,1.988013e+01,2.001244e+01,1.990800e+01,1.998460e+01,2.007505e+01,1.997068e+01,2.001940e+01,2.008201e+01,1.997764e+01,1.989407e+01,2.006810e+01,1.994979e+01,1.998460e+01,1.996371e+01,1.997068e+01,1.992890e+01,1.999156e+01,2.001940e+01,1.994979e+01,1.997068e+01,1.994283e+01,1.990800e+01,1.993586e+01,1.988710e+01,1.989407e+01,2.004027e+01,2.004723e+01,1.992193e+01,1.991496e+01,2.005419e+01,1.998460e+01,1.994283e+01,1.994283e+01,1.991496e+01,1.993586e+01,1.988710e+01,1.979647e+01,1.990800e+01,1.992193e+01,1.990800e+01,2.002636e+01,1.985922e+01,1.986619e+01,1.989407e+01,1.998460e+01,1.990800e+01,1.989407e+01,1.993586e+01,1.991496e+01,1.989407e+01,1.989407e+01,1.986619e+01,1.991496e+01,1.988013e+01,1.987316e+01,1.992890e+01,1.988710e+01,1.986619e+01,1.987316e+01,1.986619e+01,1.988013e+01,1.987316e+01,1.987316e+01,1.985922e+01,1.985922e+01,1.992193e+01,1.995675e+01,1.998460e+01,1.999156e+01,1.993586e+01,1.995675e+01,1.989407e+01,1.984528e+01,1.994283e+01,1.996371e+01,1.997764e+01,1.992193e+01,2.008201e+01,2.024877e+01,2.069213e+01,2.094067e+01,2.106471e+01,2.102338e+01,2.107160e+01,2.111979e+01,2.109914e+01,2.112667e+01,2.121611e+01,2.104405e+01,2.122298e+01,2.122986e+01,2.120923e+01,2.120235e+01,2.115420e+01,2.116108e+01,2.118860e+01,2.123674e+01,2.114044e+01,2.100960e+01,2.105094e+01,2.116108e+01,2.107848e+01,2.099582e+01,2.117484e+01,2.116108e+01,2.107160e+01,2.104405e+01,2.111291e+01,2.107160e+01,2.118172e+01,2.117484e+01,2.109914e+01,2.109914e+01,2.109914e+01,2.107160e+01,2.108537e+01,2.098893e+01,2.103716e+01,2.115420e+01,2.101649e+01,2.106471e+01,2.100960e+01,2.101649e+01,2.103027e+01,2.116796e+01,2.105094e+01,2.099582e+01,2.102338e+01,2.097514e+01,2.098893e+01,2.107848e+01,2.102338e+01,2.103716e+01,2.109225e+01,2.109225e+01,2.103716e+01,2.107848e+01,2.105094e+01,2.111979e+01,2.101649e+01,2.105094e+01,2.113355e+01,2.101649e+01,2.112667e+01,2.105094e+01,2.118860e+01,2.115420e+01,2.112667e+01,2.118172e+01,2.120235e+01,2.106471e+01,2.103716e+01,2.103716e+01,2.105782e+01,2.116796e+01,2.114044e+01,2.109914e+01,2.117484e+01,2.109225e+01,2.123674e+01,2.112667e+01,2.109914e+01,2.116796e+01,2.114732e+01,2.115420e+01,2.111291e+01,2.112667e+01,2.117484e+01,2.114044e+01,2.118860e+01,2.112667e+01,2.105782e+01,2.116796e+01,2.114044e+01,2.118172e+01,2.104405e+01,2.118860e+01,2.120235e+01,2.107848e+01,2.112667e+01,2.111291e+01,2.110602e+01,2.107848e+01,2.116108e+01,2.111291e+01,2.109914e+01,2.123674e+01,2.107160e+01,2.117484e+01,2.120923e+01,2.109914e+01,2.106471e+01,2.109914e+01,2.109914e+01
2.119548e+01,2.111291e+01,2.114044e+01,2.109914e+01,2.110602e+01,2.110602e+01,2.122298e+01,2.107848e+01,2.109914e+01,2.108537e+01,2.116108e+01,2.112667e+01,2.121611e+01,2.107848e+01,2.118172e+01,2.107160e+01,2.109225e+01,2.109225e+01,2.118172e+01,2.115420e+01,2.103716e+01,2.105782e+01,2.103716e+01,2.103716e+01,2.112667e+01,2.109225e+01,2.114044e+01,2.108537e+01,2.108537e+01,2.124361e+01,2.100960e+01,2.103716e+01,2.099582e+01,2.102338e+01,2.106471e+01,2.105782e+01,2.089239e+01,2.102338e+01,2.116108e+01,2.106471e+01,2.105782e+01,2.104405e+01,2.105782e+01,2.107848e+01,2.109225e+01,2.110602e+01,2.111291e+01,2.114732e+01,2.117484e+01,2.113355e+01,2.118860e+01,2.113355e+01,2.114044e+01,2.114732e+01,2.114732e+01,2.115420e+01,2.116796e+01,2.125736e+01,2.116796e+01,2.120923e+01,2.125048e+01,2.125736e+01,2.120235e+01,2.123674e+01,2.122298e+01,2.125736e+01,2.120235e+01,2.122986e+01,2.124361e+01,2.122986e+01,2.124361e+01,2.125736e+01,2.130546e+01,2.128485e+01,2.129172e+01,2.124361e+01,2.125736e+01,2.116108e+01,2.123674e+01,2.122986e+01,2.121611e+01,2.131233e+01,2.129172e+01,2.127110e+01,2.128485e+01,2.128485e+01,2.135355e+01,2.125048e+01,2.130546e+01,2.131233e+01,2.127110e+01,2.128485e+01,2.130546e+01,2.127110e+01,2.138788e+01,2.124361e+01,2.133294e+01,2.127110e+01,2.136041e+01,2.136728e+01,2.131920e+01,2.134668e+01,2.136728e+01,2.129859e+01,2.134668e+01,2.134668e+01,2.131920e+01,2.134668e+01,2.137415e+01,2.123674e+01,2.127798e+01,2.125048e+01,2.128485e+01,2.116796e+01,2.131233e+01,2.123674e+01,2.125048e+01,2.132607e+01,2.131920e+01,2.129859e+01,2.137415e+01,2.124361e+01,2.133981e+01,2.127110e+01,2.123674e+01,2.142220e+01,2.129172e+01,2.128485e+01,2.135355e+01,2.118172e+01,2.127798e+01,2.134668e+01,2.133981e+01,2.133294e+01,2.131920e+01,2.125048e+01,2.143592e+01,2.130546e+01,2.127798e+01,2.127798e+01,2.126423e+01,2.124361e+01,2.126423e+01,2.124361e+01,2.121611e+01,2.120923e+01,2.121611e+01,2.131233e+01,2.118172e+01,2.125736e+01,2.112667e+01,2.125736e+01,2.120235e+01,2.118172e+01,2.120923e+01,2.122986e+01,2.120235e+01,2.116796e+01,2.125048e+01,2.122298e+01,2.122298e+01,2.118172e+01,2.118860e+01,2.125048e+01,2.121611e+01,2.122298e+01,2.118172e+01,2.114732e+01,2.116108e+01,2.125048e+01,2.114044e+01,2.120235e+01,2.122986e+01,2.119548e+01,2.128485e+01,2.122298e+01,2.132607e+01,2.135355e+01,2.129172e+01,2.124361e+01,2.136041e+01,2.124361e+01,2.122986e+01,2.125048e+01,2.119548e+01,2.119548e+01,2.112667e+01,2.100960e+01,2.072669e+01,2.036673e+01,2.030430e+01,2.028348e+01,2.020711e+01,2.022100e+01,2.025571e+01,2.027654e+01,2.023489e+01,2.027654e+01,2.029736e+01,2.025571e+01,2.030430e+01,2.033899e+01,2.033899e+01,2.032512e+01,2.031818e+01,2.033205e+01,2.040140e+01,2.029042e+01,2.028348e+01,2.027654e+01,2.044298e+01,2.043605e+01,2.047070e+01,2.047762e+01,2.029736e+01,2.038060e+01,2.031124e+01,2.039447e+01,2.040140e+01,2.044298e+01,2.040833e+01,2.041526e+01,2.046377e+01,2.050533e+01,2.046377e+01,2.041526e+01,2.047762e+01,2.042912e+01,2.047070e+01,2.047762e+01,2.031124e+01,2.044298e+01,2.043605e+01,2.044991e+01,2.043605e+01,2.052610e+01,2.047762e+01,2.044298e+01,2.045684e+01,2.041526e+01,2.044298e+01,2.042219e+01,2.041526e+01,2.041526e+01,2.028348e+01,2.042912e+01,2.035286e+01,2.030430e+01,2.037366e+01,2.037366e+01,2.034592e+01,2.038060e+01,2.032512e+01,2.033899e+01,2.033899e+01,2.031818e+01,2.033899e+01,2.047070e+01,2.058840e+01,2.103716e+01,2.104405e+01,2.082338e+01,2.031818e+01,2.031818e+01,2.027654e+01,2.022100e+01,2.020711e+01,2.031124e+01,2.027654e+01,2.024183e+01,2.025571e+01,2.027654e+01,2.024877e+01,2.024183e+01,2.023489e+01,2.026960e+01,2.024877e+01,2.023489e+01,2.029042e+01,2.028348e+01,2.025571e+01,2.013763e+01,2.022794e+01,2.026960e+01,2.020711e+01,2.013763e+01,2.024877e+01,2.020711e+01,2.012372e+01,2.014458e+01,2.017932e+01,2.023489e+01,2.027654e+01,2.080267e+01,2.118860e+01,2.124361e+01,2.120923e+01,2.129172e+01,2.128485e+01,2.126423e+01,2.122986e+01,2.114044e+01,2.067831e+01,2.008201e+01,1.990103e+01,1.977555e+01,1.988013e+01,1.978253e+01,1.986619e+01,1.967785e+01,1.967785e+01,1.976858e+01,1.974764e+01,1.971275e+01,1.974067e+01,1.971275e+01,1.978253e+01,1.987316e+01,1.988013e+01,1.993586e+01,1.992193e+01,1.994283e+01,1.990103e+01,1.992193e+01,1.999852e+01,1.996371e+01,1.995675e+01,1.997764e+01,1.997068e+01,1.994283e+01,1.997764e+01,1.997764e+01,1.999156e+01,1.995675e+01,1.999156e+01,1.998460e+01,2.003332e+01,2.001940e+01,1.997068e+01,2.004723e+01,1.993586e+01,1.998460e+01,2.005419e+01,2.016542e+01,2.016542e+01,2.009591e+01,2.011677e+01,2.010287e+01,2.010982e+01,2.019321e+01,2.020016e+01,2.021405e+01,2.022794e+01,2.047762e+01,2.099582e+01,2.174423e+01,2.231726e+01,2.230365e+01,2.229685e+01,2.146336e+01,2.053303e+01,2.038060e+01,2.026266e+01,2.015153e+01,2.024877e+01,2.017237e+01,2.016542e+01,2.015848e+01,2.017237e+01,2.017237e+01,2.022100e+01,2.023489e+01,2.038753e+01,2.057456e+01,2.051225e+01,2.051918e+01,2.024183e+01,2.016542e+01,2.013068e+01,2.000548e+01,2.006810e+01,1.999852e+01,2.010982e+01,2.017932e+01,2.014458e+01,2.035286e+01,2.015848e+01,2.008201e+01,2.021405e+01,2.022794e+01,2.026266e+01,2.041526e+01,2.092688e+01,2.121611e+01,2.130546e+01,2.118860e+01,2.109914e+01,2.083719e+01,2.066448e+01,2.064374e+01,2.065065e+01,2.051225e+01,2.053303e+01,2.053995e+01,2.075432e+01,2.087859e+01,2.107848e+01,2.109225e+01,2.125736e+01,2.132607e+01,2.122298e+01,2.130546e+01,2.129172e+01,2.131233e+01,2.125736e+01,2.132607e+01,2.134668e+01,2.132607e+01,2.132607e+01,2.128485e+01,2.125736e+01,2.093377e+01,2.045684e+01,2.011677e+01,2.007505e+01,2.013068e+01,2.006114e+01,1.999156e+01,1.992193e+01,2.005419e+01,1.997068e+01,1.992193e+01,1.990800e+01,1.995675e+01,1.996371e+01,2.001244e+01,1.985225e+01,2.000548e+01,1.992890e+01,1.990103e+01,1.992193e+01,1.996371e+01,1.999156e+01,1.990800e+01,1.985225e+01,1.988710e+01,1.992193e+01,1.994283e+01,1.993586e+01,1.990103e+01,1.988710e+01,2.010287e+01,2.002636e+01,1.988710e+01,1.989407e+01,1.997764e+01,2.012372e+01,1.997068e+01,1.992890e+01,1.994979e+01,1.990800e+01,1.991496e+01,1.988013e+01,1.999852e+01,1.988710e+01,1.993586e+01,1.988710e+01,1.992193e+01,1.991496e+01,1.987316e+01,1.988710e+01,1.994283e+01,2.000548e+01,1.991496e+01,1.994979e+01,1.993586e+01,1.994979e+01,1.996371e+01,1.992890e+01,1.990800e+01,1.991496e+01,1.990103e+01,1.990800e+01,1.990800e+01,1.991496e+01,1.991496e+01,1.988710e+01,1.989407e+01,1.990103e+01,1.992193e+01,1.991496e+01,1.993586e+01,1.987316e+01,1.988710e+01,1.988710e+01,1.991496e+01,1.996371e+01,1.984528e+01,1.998460e+01,1.984528e+01,1.997764e+01,1.991496e+01,1.992193e+01,1.994283e+01,1.990800e+01,1.986619e+01,1.986619e+01,1.987316e+01,1.987316e+01,1.986619e+01,1.984528e+01,1.981740e+01,1.983831e+01,1.982437e+01,1.990103e+01,1.994283e+01,1.981740e+01,1.992193e+01,1.999852e+01,1.993586e+01,2.000548e+01,1.988710e+01,1.986619e+01,1.993586e+01,2.010982e+01,2.043605e+01,2.066448e+01,2.103716e+01,2.105782e+01,2.130546e+01,2.106471e+01,2.105094e+01,2.108537e+01,2.118860e+01,2.123674e+01,2.116108e+01,2.122298e+01,2.113355e+01,2.119548e+01,2.119548e+01,2.121611e+01,2.122298e+01,2.114732e+01,2.118860e+01,2.109914e+01,2.115420e+01,2.112667e+01,2.118172e+01,2.114732e+01,2.112667e+01,2.115420e+01,2.105094e+01,2.107848e+01,2.106471e+01,2.114044e+01,2.131920e+01,2.108537e+01,2.114044e+01,2.115420e+01,2.110602e+01,2.108537e+01,2.106471e+01,2.099582e+01,2.099582e+01,2.100960e+01,2.107160e+01,2.094757e+01,2.099582e+01,2.096825e+01,2.096825e+01,2.115420e+01,2.100960e+01,2.103027e+01,2.092688e+01,2.099582e+01,2.099582e+01,2.098893e+01,2.094067e+01,2.114044e+01,2.100960e+01,2.089239e+01,2.105782e+01,2.103716e+01,2.107160e+01,2.107160e+01,2.110602e+01,2.111291e+01,2.116108e+01,2.118172e+01,2.102338e+01,2.110602e+01,2.112667e+01,2.105094e+01,2.110602e+01,2.105094e+01,2.105782e+01,2.103027e+01,2.105094e+01,2.107160e+01,2.104405e+01,2.107848e+01,2.113355e+01,2.107160e+01,2.115420e+01,2.109914e+01,2.103716e+01,2.122298e+01,2.120235e+01,2.113355e+01,2.116108e+01,2.114732e+01,2.107848e+01,2.113355e+01,2.131233e+01,2.116796e+01,2.113355e+01,2.116108e+01,2.115420e+01,2.125048e+01,2.123674e+01,2.105782e+01,2.120235e+01,2.120235e+01,2.102338e+01,2.109914e+01,2.118172e+01,2.114044e+01,2.106471e+01,2.117484e+01,2.111979e+01,2.111979e+01,2.112667e+01,2.114044e+01,2.111979e+01,2.113355e+01,2.110602e+01,2.110602e+01,2.107160e+01,2.112667e+01,2.110602e+01
2.112667e+01,2.119548e+01,2.124361e+01,2.111979e+01,2.110602e+01,2.112667e+01,2.111979e+01,2.111979e+01,2.102338e+01,2.111979e+01,2.107160e+01,2.109225e+01,2.108537e+01,2.114044e+01,2.109914e+01,2.113355e+01,2.114732e+01,2.107848e+01,2.104405e+01,2.104405e+01,2.109225e+01,2.099582e+01,2.114732e+01,2.111979e+01,2.105782e+01,2.099582e+01,2.096825e+01,2.110602e+01,2.100271e+01,2.105094e+01,2.102338e+01,2.100271e+01,2.096825e+01,2.084409e+01,2.107848e+01,2.109225e+01,2.099582e+01,2.107848e+01,2.105782e+01,2.105094e+01,2.096135e+01,2.104405e+01,2.105782e+01,2.107160e+01,2.108537e+01,2.110602e+01,2.112667e+01,2.112667e+01,2.111291e+01,2.114044e+01,2.108537e+01,2.114044e+01,2.103027e+01,2.115420e+01,2.116796e+01,2.113355e+01,2.116796e+01,2.116108e+01,2.120235e+01,2.116796e+01,2.122986e+01,2.117484e+01,2.125736e+01,2.101649e+01,2.120923e+01,2.119548e+01,2.129859e+01,2.125048e+01,2.122298e+01,2.123674e+01,2.124361e+01,2.134668e+01,2.127110e+01,2.131233e+01,2.131233e+01,2.123674e+01,2.128485e+01,2.127110e+01,2.125736e+01,2.128485e+01,2.129172e+01,2.129172e+01,2.129172e+01,2.125048e+01,2.130546e+01,2.134668e+01,2.127798e+01,2.129859e+01,2.132607e+01,2.127798e+01,2.128485e+01,2.126423e+01,2.140161e+01,2.134668e+01,2.121611e+01,2.124361e+01,2.136728e+01,2.135355e+01,2.134668e+01,2.131920e+01,2.133294e+01,2.135355e+01,2.132607e+01,2.134668e+01,2.127110e+01,2.127110e+01,2.127110e+01,2.127110e+01,2.129859e+01,2.129172e+01,2.130546e+01,2.132607e+01,2.133294e+01,2.130546e+01,2.125736e+01,2.127798e+01,2.132607e+01,2.129859e+01,2.129172e+01,2.125736e+01,2.134668e+01,2.124361e+01,2.133294e+01,2.131233e+01,2.127110e+01,2.127110e+01,2.133294e+01,2.131920e+01,2.129859e+01,2.136041e+01,2.125736e+01,2.133294e+01,2.131920e+01,2.126423e+01,2.127110e+01,2.122298e+01,2.126423e+01,2.129859e+01,2.127110e+01,2.126423e+01,2.127110e+01,2.122986e+01,2.125048e+01,2.116796e+01,2.113355e+01,2.138101e+01,2.131920e+01,2.131233e+01,2.116108e+01,2.117484e+01,2.118172e+01,2.120923e+01,2.114044e+01,2.122986e+01,2.119548e+01,2.111979e+01,2.112667e+01,2.116108e+01,2.124361e+01,2.122986e+01,2.116108e+01,2.123674e+01,2.118172e+01,2.120923e+01,2.122986e+01,2.128485e+01,2.120235e+01,2.120923e+01,2.117484e+01,2.117484e+01,2.120235e+01,2.119548e+01,2.105782e+01,2.126423e+01,2.122298e+01,2.125736e+01,2.121611e+01,2.121611e+01,2.125048e+01,2.124361e+01,2.121611e+01,2.122986e+01,2.131920e+01,2.124361e+01,2.125048e+01,2.109225e+01,2.105782e+01,2.069905e+01,2.029042e+01,2.029042e+01,2.026960e+01,2.023489e+01,2.022794e+01,2.024877e+01,2.023489e+01,2.020016e+01,2.022100e+01,2.020016e+01,2.019321e+01,2.025571e+01,2.029042e+01,2.034592e+01,2.030430e+01,2.033899e+01,2.028348e+01,2.025571e+01,2.028348e+01,2.030430e+01,2.039447e+01,2.027654e+01,2.041526e+01,2.029736e+01,2.033899e+01,2.031818e+01,2.028348e+01,2.025571e+01,2.035286e+01,2.033205e+01,2.041526e+01,2.042219e+01,2.042219e+01,2.041526e+01,2.049840e+01,2.047070e+01,2.043605e+01,2.042912e+01,2.044298e+01,2.045684e+01,2.050533e+01,2.044298e+01,2.046377e+01,2.040140e+01,2.043605e+01,2.048455e+01,2.043605e+01,2.043605e+01,2.043605e+01,2.042912e+01,2.047762e+01,2.051918e+01,2.047762e+01,2.039447e+01,2.040140e+01,2.037366e+01,2.044298e+01,2.040140e+01,2.038753e+01,2.036673e+01,2.038060e+01,2.040140e+01,2.038060e+01,2.041526e+01,2.040140e+01,2.041526e+01,2.038060e+01,2.038753e+01,2.025571e+01,2.035286e+01,2.080267e+01,2.103027e+01,2.081648e+01,2.046377e+01,2.044991e+01,2.031818e+01,2.020711e+01,2.023489e+01,2.033899e+01,2.032512e+01,2.029042e+01,2.034592e+01,2.027654e+01,2.026266e+01,2.024877e+01,2.031818e+01,2.024183e+01,2.031818e+01,2.024877e+01,2.023489e+01,2.024183e+01,2.023489e+01,2.025571e+01,2.017932e+01,2.026960e+01,2.028348e+01,2.029736e+01,2.022794e+01,2.019321e+01,2.026960e+01,2.018627e+01,2.026266e+01,2.029736e+01,2.054687e+01,2.078886e+01,2.116108e+01,2.130546e+01,2.129172e+01,2.129172e+01,2.125048e+01,2.130546e+01,2.123674e+01,2.121611e+01,2.094757e+01,2.012372e+01,1.980345e+01,1.981740e+01,1.978950e+01,1.978253e+01,1.984528e+01,1.971275e+01,1.983831e+01,1.982437e+01,1.981042e+01,1.974067e+01,1.971973e+01,1.973369e+01,1.972671e+01,1.989407e+01,1.989407e+01,1.985225e+01,2.001244e+01,1.993586e+01,1.992193e+01,1.994283e+01,1.994283e+01,1.994979e+01,1.991496e+01,1.994283e+01,1.990103e+01,1.992890e+01,2.005419e+01,1.997764e+01,2.000548e+01,1.998460e+01,1.997068e+01,2.006114e+01,1.997764e+01,1.997068e+01,1.997764e+01,2.003332e+01,2.001244e+01,1.992890e+01,2.004027e+01,2.000548e+01,2.004027e+01,2.006810e+01,2.006810e+01,2.008896e+01,2.017237e+01,2.010982e+01,2.022794e+01,2.021405e+01,2.021405e+01,2.026266e+01,2.032512e+01,2.049148e+01,2.119548e+01,2.173055e+01,2.234447e+01,2.220155e+01,2.162787e+01,2.055379e+01,2.038753e+01,2.041526e+01,2.029736e+01,2.024183e+01,2.026960e+01,2.035980e+01,2.020016e+01,2.022100e+01,2.014458e+01,2.022794e+01,2.029042e+01,2.062990e+01,2.085789e+01,2.078886e+01,2.064374e+01,2.055379e+01,2.038753e+01,2.017237e+01,2.008201e+01,2.014458e+01,2.016542e+01,2.001244e+01,2.016542e+01,2.017237e+01,2.014458e+01,2.014458e+01,2.029042e+01,2.028348e+01,2.036673e+01,2.033205e+01,2.042219e+01,2.079576e+01,2.122298e+01,2.123674e+01,2.122298e+01,2.085099e+01,2.069905e+01,2.071978e+01,2.054687e+01,2.060915e+01,2.066448e+01,2.053995e+01,2.053995e+01,2.077505e+01,2.125736e+01,2.123674e+01,2.129172e+01,2.133294e+01,2.132607e+01,2.133294e+01,2.124361e+01,2.131233e+01,2.134668e+01,2.135355e+01,2.133294e+01,2.133981e+01,2.125048e+01,2.131233e+01,2.126423e+01,2.099582e+01,2.046377e+01,2.017932e+01,2.016542e+01,2.001940e+01,2.005419e+01,2.004723e+01,1.982437e+01,1.993586e+01,2.006810e+01,1.990103e+01,1.999156e+01,1.992890e+01,1.997764e+01,1.997764e+01,1.987316e+01,2.004027e+01,1.999852e+01,2.001940e+01,1.986619e+01,1.993586e+01,1.991496e+01,1.995675e+01,1.992890e+01,1.989407e+01,1.992193e+01,1.986619e+01,1.988013e+01,1.988013e+01,1.989407e+01,1.990800e+01,1.990103e+01,1.989407e+01,1.992193e+01,1.988710e+01,1.990800e+01,1.993586e+01,1.990800e+01,1.991496e+01,1.993586e+01,1.992193e+01,1.993586e+01,1.993586e+01,1.992890e+01,1.994979e+01,1.985922e+01,1.990103e+01,1.989407e+01,1.994283e+01,1.988710e+01,1.989407e+01,1.988013e+01,1.988710e+01,1.997764e+01,2.001244e+01,2.004723e+01,1.994283e+01,1.992193e+01,1.983831e+01,1.990103e+01,1.989407e+01,1.990103e+01,1.990800e+01,1.990800e+01,1.992193e+01,1.994283e+01,1.988710e+01,1.990103e+01,1.994283e+01,1.993586e+01,1.982437e+01,1.992890e+01,2.006810e+01,1.991496e+01,1.985225e+01,1.983831e+01,1.987316e+01,1.997764e+01,1.989407e+01,2.002636e+01,1.990103e+01,2.003332e+01,1.988710e+01,1.994283e+01,1.992890e+01,1.992890e+01,1.988013e+01,1.989407e+01,1.987316e+01,1.990103e+01,1.986619e+01,1.981740e+01,1.994979e+01,1.981042e+01,1.996371e+01,1.977555e+01,1.983831e+01,1.994979e+01,1.994283e+01,1.985922e+01,1.991496e+01,1.985922e+01,1.992193e+01,1.985225e+01,2.005419e+01,2.004723e+01,2.044991e+01,2.064374e+01,2.103716e+01,2.110602e+01,2.114044e+01,2.112667e+01,2.112667e+01,2.124361e+01,2.114044e+01,2.115420e+01,2.118172e+01,2.114044e+01,2.116796e+01,2.125736e+01,2.118172e+01,2.127798e+01,2.122986e+01,2.115420e+01,2.115420e+01,2.117484e+01,2.111979e+01,2.104405e+01,2.105782e+01,2.116796e+01,2.105094e+01,2.114044e+01,2.115420e+01,2.116796e+01,2.118860e+01,2.118860e+01,2.107848e+01,2.116108e+01,2.103027e+01,2.111979e+01,2.107848e+01,2.110602e+01,2.096825e+01,2.114732e+01,2.100960e+01,2.100960e+01,2.105094e+01,2.099582e+01,2.094757e+01,2.101649e+01,2.109914e+01,2.098203e+01,2.099582e+01,2.100271e+01,2.101649e+01,2.105094e+01,2.108537e+01,2.109914e+01,2.109225e+01,2.093377e+01,2.095446e+01,2.114732e+01,2.092688e+01,2.101649e+01,2.102338e+01,2.104405e+01,2.101649e+01,2.103716e+01,2.109914e+01,2.100960e+01,2.103716e+01,2.109225e+01,2.104405e+01,2.119548e+01,2.118860e+01,2.111291e+01,2.106471e+01,2.103716e+01,2.106471e+01,2.099582e+01,2.111291e+01,2.109914e+01,2.107848e+01,2.117484e+01,2.122986e+01,2.105094e+01,2.122298e+01,2.118172e+01,2.108537e+01,2.116108e+01,2.115420e+01,2.194243e+01,2.120923e+01,2.114732e+01,2.104405e+01,2.108537e+01,2.116108e+01,2.111291e+01,2.112667e+01,2.127798e+01,2.125048e+01,2.116796e+01,2.111979e+01,2.111291e+01,2.118860e+01,2.128485e+01,2.110602e+01,2.101649e+01,2.116108e+01,2.114044e+01,2.118172e+01,2.113355e+01,2.109914e+01,2.111979e+01,2.125048e+01,2.109914e+01,2.103716e+01,2.105782e+01,2.112667e+01,2.103027e+01
2.116108e+01,2.114044e+01,2.111979e+01,2.118172e+01,2.110602e+01,2.118860e+01,2.112667e+01,2.111979e+01,2.111979e+01,2.107848e+01,2.110602e+01,2.122298e+01,2.116796e+01,2.108537e+01,2.105782e+01,2.104405e+01,2.105094e+01,2.130546e+01,2.101649e+01,2.109914e+01,2.107160e+01,2.103716e+01,2.107848e+01,2.098893e+01,2.120235e+01,2.114044e+01,2.100960e+01,2.107160e+01,2.109225e+01,2.106471e+01,2.103716e+01,2.105094e+01,2.112667e+01,2.100960e+01,2.096135e+01,2.085789e+01,2.106471e+01,2.105782e+01,2.104405e+01,2.095446e+01,2.106471e+01,2.105094e+01,2.105782e+01,2.106471e+01,2.109914e+01,2.107160e+01,2.111979e+01,2.107160e+01,2.109225e+01,2.122986e+01,2.109914e+01,2.112667e+01,2.112667e+01,2.110602e+01,2.117484e+01,2.127110e+01,2.127110e+01,2.124361e+01,2.128485e+01,2.120235e+01,2.122298e+01,2.120235e+01,2.122986e+01,2.122986e+01,2.125048e+01,2.127798e+01,2.122298e+01,2.125736e+01,2.125048e+01,2.123674e+01,2.125736e+01,2.131920e+01,2.130546e+01,2.131233e+01,2.131920e+01,2.129172e+01,2.126423e+01,2.125048e+01,2.115420e+01,2.114732e+01,2.128485e+01,2.122986e+01,2.125736e+01,2.130546e+01,2.131920e+01,2.122986e+01,2.127798e+01,2.129172e+01,2.127798e+01,2.129859e+01,2.128485e+01,2.132607e+01,2.144278e+01,2.131920e+01,2.139474e+01,2.132607e+01,2.129859e+01,2.130546e+01,2.138101e+01,2.133981e+01,2.133294e+01,2.135355e+01,2.136041e+01,2.135355e+01,2.136041e+01,2.132607e+01,2.129859e+01,2.133294e+01,2.129859e+01,2.131920e+01,2.127798e+01,2.128485e+01,2.130546e+01,2.131233e+01,2.135355e+01,2.124361e+01,2.126423e+01,2.122298e+01,2.126423e+01,2.126423e+01,2.126423e+01,2.128485e+01,2.118860e+01,2.129172e+01,2.127110e+01,2.126423e+01,2.123674e+01,2.125048e+01,2.127110e+01,2.133981e+01,2.127798e+01,2.127110e+01,2.124361e+01,2.129172e+01,2.131920e+01,2.122986e+01,2.125048e+01,2.130546e+01,2.127798e+01,2.137415e+01,2.125736e+01,2.125048e+01,2.118172e+01,2.124361e+01,2.127110e+01,2.122986e+01,2.149766e+01,2.115420e+01,2.118860e+01,2.115420e+01,2.120923e+01,2.127798e+01,2.114044e+01,2.124361e+01,2.123674e+01,2.118860e+01,2.123674e+01,2.121611e+01,2.125048e+01,2.123674e+01,2.122986e+01,2.115420e+01,2.120235e+01,2.123674e+01,2.122298e+01,2.120235e+01,2.122298e+01,2.119548e+01,2.120235e+01,2.125736e+01,2.124361e+01,2.120235e+01,2.123674e+01,2.124361e+01,2.126423e+01,2.125048e+01,2.125048e+01,2.127110e+01,2.136728e+01,2.122298e+01,2.118172e+01,2.120235e+01,2.123674e+01,2.113355e+01,2.113355e+01,2.094757e+01,2.073360e+01,2.030430e+01,2.019321e+01,2.018627e+01,2.033899e+01,2.022100e+01,2.024877e+01,2.022100e+01,2.031818e+01,2.024877e+01,2.026266e+01,2.022794e+01,2.030430e+01,2.031818e+01,2.021405e+01,2.037366e+01,2.025571e+01,2.027654e+01,2.035980e+01,2.028348e+01,2.031818e+01,2.040140e+01,2.035980e+01,2.041526e+01,2.026266e+01,2.026266e+01,2.038753e+01,2.032512e+01,2.033899e+01,2.030430e+01,2.038753e+01,2.033899e+01,2.040140e+01,2.037366e+01,2.042219e+01,2.040140e+01,2.041526e+01,2.051918e+01,2.043605e+01,2.047070e+01,2.045684e+01,2.044298e+01,2.043605e+01,2.042219e+01,2.044991e+01,2.044298e+01,2.044298e+01,2.043605e+01,2.056763e+01,2.041526e+01,2.043605e+01,2.045684e+01,2.053995e+01,2.049148e+01,2.049148e+01,2.043605e+01,2.041526e+01,2.038060e+01,2.044298e+01,2.048455e+01,2.040140e+01,2.039447e+01,2.039447e+01,2.040833e+01,2.042219e+01,2.040833e+01,2.038060e+01,2.044991e+01,2.040140e+01,2.038753e+01,2.038753e+01,2.051225e+01,2.080957e+01,2.079576e+01,2.071287e+01,2.044991e+01,2.026960e+01,2.027654e+01,2.041526e+01,2.068522e+01,2.068522e+01,2.035980e+01,2.026960e+01,2.029736e+01,2.030430e+01,2.022794e+01,2.025571e+01,2.025571e+01,2.030430e+01,2.031818e+01,2.024183e+01,2.029736e+01,2.029736e+01,2.014458e+01,2.028348e+01,2.020016e+01,2.024877e+01,2.014458e+01,2.019321e+01,2.026960e+01,2.021405e+01,2.018627e+01,2.016542e+01,2.026960e+01,2.031124e+01,2.085789e+01,2.116796e+01,2.116796e+01,2.118860e+01,2.114044e+01,2.129859e+01,2.125736e+01,2.125736e+01,2.114732e+01,2.097514e+01,2.045684e+01,2.006810e+01,1.981042e+01,1.980345e+01,1.981740e+01,1.980345e+01,1.980345e+01,1.981042e+01,1.988013e+01,1.994979e+01,1.981042e+01,1.978253e+01,1.985922e+01,1.990103e+01,1.993586e+01,1.992193e+01,1.994283e+01,1.992890e+01,1.992890e+01,1.990103e+01,1.994283e+01,2.008201e+01,1.993586e+01,1.993586e+01,1.993586e+01,2.004027e+01,1.990800e+01,1.996371e+01,1.997068e+01,1.996371e+01,1.999852e+01,1.999156e+01,1.997068e+01,1.997068e+01,1.999156e+01,2.002636e+01,2.008896e+01,2.000548e+01,2.002636e+01,2.004027e+01,2.006810e+01,2.013068e+01,2.004723e+01,2.008201e+01,2.007505e+01,2.010982e+01,2.019321e+01,2.013763e+01,2.035980e+01,2.024877e+01,2.019321e+01,2.020711e+01,2.025571e+01,2.047762e+01,2.052610e+01,2.111979e+01,2.175107e+01,2.226963e+01,2.200386e+01,2.085789e+01,2.038060e+01,2.035286e+01,2.024877e+01,2.038753e+01,2.017932e+01,2.015848e+01,2.024183e+01,2.025571e+01,2.035980e+01,2.046377e+01,2.086479e+01,2.087169e+01,2.076123e+01,2.083719e+01,2.067831e+01,2.063682e+01,2.060223e+01,2.053303e+01,2.046377e+01,2.023489e+01,2.028348e+01,2.013763e+01,2.015848e+01,2.014458e+01,2.032512e+01,2.049840e+01,2.033205e+01,2.054687e+01,2.075432e+01,2.078886e+01,2.055379e+01,2.055379e+01,2.083028e+01,2.102338e+01,2.098893e+01,2.061607e+01,2.056071e+01,2.051918e+01,2.051918e+01,2.050533e+01,2.051918e+01,2.066448e+01,2.078886e+01,2.122298e+01,2.127110e+01,2.139474e+01,2.133294e+01,2.133294e+01,2.132607e+01,2.136728e+01,2.134668e+01,2.131920e+01,2.125048e+01,2.129172e+01,2.136728e+01,2.151137e+01,2.127110e+01,2.130546e+01,2.127798e+01,2.087859e+01,2.043605e+01,2.014458e+01,2.004027e+01,2.002636e+01,2.002636e+01,2.004027e+01,2.006810e+01,1.988013e+01,2.007505e+01,1.984528e+01,1.999156e+01,1.995675e+01,1.988013e+01,2.002636e+01,1.990103e+01,1.990800e+01,1.996371e+01,1.993586e+01,2.003332e+01,1.985922e+01,1.992193e+01,1.994979e+01,1.987316e+01,1.990103e+01,1.990103e+01,1.993586e+01,1.991496e+01,1.988013e+01,1.988710e+01,1.994979e+01,1.989407e+01,1.992193e+01,1.994979e+01,1.999852e+01,1.990800e+01,1.994283e+01,1.993586e+01,1.992890e+01,1.991496e+01,1.994283e+01,1.997068e+01,1.993586e+01,1.990800e+01,1.995675e+01,1.996371e+01,1.983831e+01,1.992193e+01,1.990103e+01,1.993586e+01,1.988710e+01,1.988710e+01,1.992193e+01,1.990103e+01,1.990103e+01,1.992890e+01,1.991496e+01,1.992193e+01,1.990800e+01,1.990103e+01,1.990800e+01,1.992890e+01,1.990800e+01,1.990800e+01,1.994283e+01,1.983831e+01,1.990103e+01,1.988710e+01,1.983134e+01,1.993586e+01,1.995675e+01,1.994283e+01,1.992890e+01,1.991496e+01,1.989407e+01,1.988710e+01,2.003332e+01,2.004027e+01,2.004027e+01,1.995675e+01,1.995675e+01,1.997068e+01,1.988013e+01,1.988710e+01,1.996371e+01,1.988013e+01,1.988013e+01,1.991496e+01,1.988710e+01,1.990800e+01,1.996371e+01,1.990103e+01,1.992890e+01,2.001244e+01,1.990103e+01,1.997764e+01,1.996371e+01,1.993586e+01,1.993586e+01,1.987316e+01,1.989407e+01,1.992890e+01,1.989407e+01,1.998460e+01,1.985922e+01,1.983831e+01,2.003332e+01,2.051918e+01,2.079576e+01,2.109914e+01,2.109225e+01,2.107848e+01,2.120235e+01,2.115420e+01,2.114732e+01,2.121611e+01,2.109914e+01,2.120923e+01,2.118860e+01,2.117484e+01,2.125048e+01,2.116108e+01,2.114044e+01,2.114044e+01,2.116108e+01,2.116796e+01,2.116796e+01,2.115420e+01,2.111291e+01,2.111979e+01,2.115420e+01,2.114732e+01,2.114044e+01,2.118860e+01,2.119548e+01,2.119548e+01,2.111979e+01,2.108537e+01,2.110602e+01,2.110602e+01,2.107848e+01,2.107848e+01,2.095446e+01,2.103716e+01,2.105782e+01,2.102338e+01,2.106471e+01,2.107848e+01,2.094757e+01,2.100271e+01,2.108537e+01,2.108537e+01,2.100271e+01,2.105094e+01,2.099582e+01,2.107848e+01,2.116796e+01,2.108537e+01,2.097514e+01,2.109225e+01,2.100960e+01,2.092688e+01,2.103716e+01,2.104405e+01,2.100960e+01,2.102338e+01,2.102338e+01,2.100960e+01,2.108537e+01,2.103716e+01,2.107160e+01,2.111979e+01,2.110602e+01,2.109225e+01,2.110602e+01,2.107848e+01,2.114044e+01,2.109225e+01,2.106471e+01,2.110602e+01,2.108537e+01,2.107160e+01,2.109914e+01,2.107160e+01,2.107848e+01,2.114732e+01,2.118172e+01,2.120235e+01,2.127110e+01,2.116108e+01,2.107160e+01,2.285327e+01,2.166895e+01,2.108537e+01,2.109914e+01,2.113355e+01,2.122986e+01,2.110602e+01,2.118860e+01,2.110602e+01,2.114044e+01,2.125736e+01,2.117484e+01,2.122986e+01,2.117484e+01,2.120235e+01,2.118860e+01,2.116108e+01,2.120923e+01,2.092688e+01,2.117484e+01,2.117484e+01,2.126423e+01,2.110602e+01,2.109914e+01,2.094757e+01,2.109914e+01,2.099582e+01,2.129172e+01,2.114044e+01
2.120235e+01,2.107160e+01,2.114044e+01,2.111291e+01,2.120235e+01,2.111979e+01,2.110602e+01,2.111291e+01,2.112667e+01,2.116108e+01,2.111979e+01,2.110602e+01,2.114732e+01,2.122986e+01,2.111291e+01,2.107160e+01,2.116796e+01,2.109914e+01,2.100271e+01,2.104405e+01,2.101649e+01,2.108537e+01,2.104405e+01,2.111291e+01,2.111979e+01,2.104405e+01,2.096135e+01,2.105094e+01,2.098893e+01,2.109225e+01,2.105782e+01,2.105782e+01,2.103027e+01,2.100960e+01,2.102338e+01,2.089239e+01,2.104405e+01,2.107848e+01,2.114044e+01,2.104405e+01,2.105094e+01,2.098203e+01,2.103716e+01,2.113355e+01,2.111979e+01,2.103716e+01,2.107160e+01,2.116796e+01,2.111979e+01,2.119548e+01,2.119548e+01,2.116796e+01,2.120235e+01,2.111291e+01,2.112667e+01,2.112667e+01,2.113355e+01,2.114044e+01,2.124361e+01,2.117484e+01,2.118172e+01,2.122986e+01,2.118860e+01,2.124361e+01,2.125736e+01,2.122986e+01,2.121611e+01,2.123674e+01,2.125048e+01,2.122298e+01,2.122298e+01,2.127798e+01,2.125736e+01,2.133981e+01,2.132607e+01,2.132607e+01,2.130546e+01,2.133294e+01,2.122298e+01,2.119548e+01,2.122298e+01,2.104405e+01,2.130546e+01,2.143592e+01,2.123674e+01,2.121611e+01,2.127798e+01,2.128485e+01,2.125736e+01,2.129859e+01,2.132607e+01,2.131233e+01,2.130546e+01,2.120923e+01,2.131233e+01,2.127798e+01,2.125048e+01,2.133981e+01,2.132607e+01,2.135355e+01,2.135355e+01,2.132607e+01,2.122298e+01,2.131920e+01,2.129172e+01,2.136041e+01,2.129859e+01,2.121611e+01,2.122986e+01,2.125048e+01,2.125736e+01,2.125048e+01,2.129172e+01,2.128485e+01,2.134668e+01,2.112667e+01,2.114732e+01,2.122986e+01,2.131920e+01,2.119548e+01,2.126423e+01,2.125048e+01,2.124361e+01,2.126423e+01,2.126423e+01,2.126423e+01,2.127110e+01,2.129859e+01,2.122298e+01,2.125048e+01,2.123674e+01,2.121611e+01,2.125736e+01,2.125736e+01,2.121611e+01,2.125048e+01,2.126423e+01,2.122986e+01,2.127798e+01,2.127110e+01,2.129172e+01,2.124361e+01,2.115420e+01,2.109914e+01,2.109914e+01,2.118860e+01,2.114044e+01,2.118172e+01,2.124361e+01,2.126423e+01,2.127798e+01,2.122298e+01,2.116796e+01,2.109914e+01,2.112667e+01,2.118172e+01,2.119548e+01,2.115420e+01,2.122986e+01,2.124361e+01,2.125736e+01,2.123674e+01,2.121611e+01,2.118172e+01,2.120923e+01,2.126423e+01,2.127110e+01,2.122298e+01,2.120923e+01,2.120923e+01,2.115420e+01,2.121611e+01,2.124361e+01,2.125736e+01,2.126423e+01,2.126423e+01,2.127798e+01,2.138101e+01,2.124361e+01,2.136041e+01,2.117484e+01,2.120923e+01,2.123674e+01,2.105782e+01,2.086479e+01,2.077505e+01,2.033899e+01,2.031124e+01,2.020016e+01,2.017237e+01,2.026960e+01,2.017932e+01,2.017932e+01,2.018627e+01,2.021405e+01,2.023489e+01,2.020711e+01,2.024877e+01,2.029736e+01,2.024877e+01,2.015848e+01,2.021405e+01,2.025571e+01,2.033899e+01,2.029736e+01,2.036673e+01,2.029736e+01,2.022100e+01,2.020711e+01,2.027654e+01,2.029042e+01,2.029042e+01,2.027654e+01,2.035286e+01,2.029042e+01,2.035286e+01,2.035286e+01,2.040140e+01,2.033205e+01,2.042912e+01,2.038060e+01,2.038753e+01,2.038060e+01,2.052610e+01,2.047070e+01,2.038753e+01,2.035980e+01,2.038060e+01,2.043605e+01,2.045684e+01,2.043605e+01,2.045684e+01,2.059531e+01,2.038753e+01,2.044298e+01,2.044298e+01,2.047070e+01,2.045684e+01,2.053995e+01,2.048455e+01,2.049148e+01,2.047070e+01,2.044991e+01,2.045684e+01,2.029736e+01,2.046377e+01,2.040833e+01,2.042912e+01,2.045684e+01,2.038060e+01,2.040833e+01,2.043605e+01,2.037366e+01,2.037366e+01,2.046377e+01,2.040140e+01,2.038753e+01,2.053303e+01,2.097514e+01,2.064374e+01,2.044298e+01,2.031124e+01,2.031124e+01,2.032512e+01,2.039447e+01,2.033205e+01,2.047762e+01,2.041526e+01,2.028348e+01,2.026266e+01,2.032512e+01,2.024877e+01,2.035286e+01,2.040140e+01,2.026266e+01,2.029736e+01,2.024183e+01,2.028348e+01,2.029736e+01,2.012372e+01,2.024183e+01,2.031818e+01,2.020016e+01,2.009591e+01,2.026266e+01,2.029042e+01,2.029042e+01,2.029042e+01,2.015848e+01,2.017932e+01,2.041526e+01,2.112667e+01,2.115420e+01,2.125048e+01,2.118172e+01,2.128485e+01,2.130546e+01,2.121611e+01,2.127110e+01,2.138101e+01,2.095446e+01,2.009591e+01,1.978950e+01,1.989407e+01,1.978950e+01,1.978253e+01,1.979647e+01,1.980345e+01,1.982437e+01,1.971973e+01,1.983134e+01,1.988013e+01,1.975462e+01,1.979647e+01,1.980345e+01,1.985225e+01,1.976160e+01,1.988710e+01,1.985922e+01,1.997068e+01,1.999156e+01,2.000548e+01,1.995675e+01,1.983831e+01,1.995675e+01,2.000548e+01,1.997068e+01,2.001244e+01,1.992890e+01,2.000548e+01,1.997764e+01,1.994979e+01,1.999156e+01,1.995675e+01,1.998460e+01,1.996371e+01,2.008896e+01,1.999852e+01,2.004027e+01,2.003332e+01,1.999156e+01,2.004723e+01,2.004027e+01,2.006810e+01,2.010287e+01,2.010287e+01,2.018627e+01,2.015153e+01,2.017932e+01,2.022794e+01,2.013763e+01,2.026960e+01,2.013763e+01,2.035286e+01,2.030430e+01,2.038753e+01,2.050533e+01,2.100271e+01,2.191511e+01,2.216749e+01,2.097514e+01,2.042219e+01,2.030430e+01,2.022794e+01,2.035980e+01,2.015848e+01,2.033899e+01,2.024877e+01,2.033899e+01,2.056071e+01,2.105094e+01,2.087169e+01,2.085099e+01,2.076123e+01,2.069905e+01,2.072669e+01,2.067139e+01,2.065065e+01,2.065065e+01,2.063682e+01,2.057456e+01,2.036673e+01,2.036673e+01,2.016542e+01,2.033899e+01,2.039447e+01,2.066448e+01,2.100960e+01,2.129172e+01,2.153194e+01,2.127798e+01,2.097514e+01,2.063682e+01,2.058148e+01,2.055379e+01,2.060915e+01,2.051918e+01,2.058840e+01,2.051225e+01,2.050533e+01,2.058148e+01,2.063682e+01,2.069905e+01,2.098203e+01,2.122298e+01,2.127110e+01,2.131920e+01,2.149080e+01,2.130546e+01,2.136041e+01,2.130546e+01,2.131920e+01,2.133294e+01,2.129172e+01,2.130546e+01,2.127798e+01,2.130546e+01,2.133294e+01,2.130546e+01,2.129859e+01,2.083719e+01,2.022100e+01,1.997764e+01,2.003332e+01,2.001244e+01,1.998460e+01,1.991496e+01,1.992193e+01,1.991496e+01,1.990103e+01,1.991496e+01,1.990103e+01,1.998460e+01,1.991496e+01,1.996371e+01,1.988710e+01,1.994979e+01,1.992193e+01,1.994979e+01,1.992193e+01,1.990103e+01,1.983831e+01,1.985922e+01,1.985225e+01,1.986619e+01,1.997068e+01,1.976858e+01,1.989407e+01,1.984528e+01,1.981740e+01,1.990103e+01,1.985225e+01,1.978253e+01,1.990800e+01,1.988710e+01,1.988013e+01,1.992890e+01,1.988013e+01,1.994283e+01,1.997068e+01,1.990800e+01,1.997068e+01,1.996371e+01,1.988710e+01,1.993586e+01,1.989407e+01,1.992193e+01,1.996371e+01,1.996371e+01,1.990800e+01,1.989407e+01,1.990800e+01,1.990800e+01,1.992193e+01,1.990800e+01,1.992890e+01,1.993586e+01,1.997764e+01,1.986619e+01,1.989407e+01,1.987316e+01,1.990800e+01,1.991496e+01,1.980345e+01,1.984528e+01,1.988710e+01,1.990103e+01,1.992890e+01,1.980345e+01,1.994979e+01,1.983134e+01,1.993586e+01,1.990103e+01,1.987316e+01,1.997764e+01,1.981740e+01,2.003332e+01,2.001244e+01,1.990800e+01,2.004723e+01,1.987316e+01,1.984528e+01,1.985225e+01,1.998460e+01,1.990800e+01,1.984528e+01,1.987316e+01,1.983831e+01,1.988013e+01,1.987316e+01,1.982437e+01,1.985922e+01,2.001940e+01,1.981740e+01,1.981740e+01,1.994979e+01,1.985922e+01,1.983831e+01,1.988013e+01,1.985922e+01,1.990103e+01,1.985922e+01,1.990800e+01,1.988710e+01,1.993586e+01,1.987316e+01,1.997764e+01,2.002636e+01,2.056763e+01,2.105782e+01,2.106471e+01,2.105782e+01,2.109914e+01,2.109914e+01,2.125736e+01,2.116108e+01,2.107848e+01,2.113355e+01,2.115420e+01,2.118172e+01,2.118172e+01,2.114044e+01,2.120923e+01,2.113355e+01,2.113355e+01,2.113355e+01,2.107160e+01,2.117484e+01,2.128485e+01,2.131920e+01,2.129172e+01,2.102338e+01,2.109914e+01,2.112667e+01,2.111979e+01,2.111979e+01,2.105782e+01,2.118172e+01,2.106471e+01,2.113355e+01,2.111979e+01,2.104405e+01,2.108537e+01,2.106471e+01,2.102338e+01,2.106471e+01,2.107848e+01,2.104405e+01,2.104405e+01,2.094067e+01,2.111291e+01,2.105782e+01,2.107160e+01,2.097514e+01,2.103716e+01,2.096825e+01,2.100960e+01,2.098203e+01,2.095446e+01,2.098893e+01,2.109225e+01,2.108537e+01,2.105094e+01,2.101649e+01,2.109914e+01,2.109914e+01,2.102338e+01,2.098893e+01,2.106471e+01,2.114044e+01,2.105782e+01,2.106471e+01,2.110602e+01,2.110602e+01,2.106471e+01,2.108537e+01,2.096135e+01,2.103027e+01,2.109914e+01,2.110602e+01,2.105094e+01,2.102338e+01,2.105782e+01,2.112667e+01,2.114044e+01,2.116108e+01,2.102338e+01,2.101649e+01,2.116108e+01,2.122986e+01,2.105782e+01,2.113355e+01,2.120923e+01,2.109914e+01,2.111291e+01,2.107848e+01,2.100960e+01,2.109225e+01,2.116796e+01,2.106471e+01,2.128485e+01,2.121611e+01,2.116796e+01,2.129172e+01,2.118172e+01,2.118860e+01,2.116796e+01,2.114732e+01,2.110602e+01,2.116796e+01,2.117484e+01,2.116796e+01,2.118172e+01,2.111979e+01,2.113355e+01,2.111979e+01,2.113355e+01,2.106471e+01,2.107848e+01,2.111979e+01
2.119548e+01,2.114732e+01,2.114732e+01,2.110602e+01,2.112667e+01,2.112667e+01,2.111979e+01,2.105094e+01,2.115420e+01,2.116108e+01,2.120923e+01,2.115420e+01,2.114044e+01,2.099582e+01,2.110602e+01,2.105782e+01,2.114044e+01,2.107848e+01,2.111291e+01,2.107848e+01,2.099582e+01,2.112667e+01,2.107848e+01,2.109914e+01,2.109225e+01,2.110602e+01,2.109914e+01,2.104405e+01,2.108537e+01,2.106471e+01,2.106471e+01,2.107848e+01,2.099582e+01,2.100271e+01,2.103716e+01,2.105094e+01,2.104405e+01,2.106471e+01,2.100271e+01,2.114732e+01,2.111979e+01,2.108537e+01,2.107160e+01,2.107848e+01,2.109225e+01,2.109914e+01,2.102338e+01,2.111979e+01,2.120923e+01,2.112667e+01,2.111291e+01,2.119548e+01,2.121611e+01,2.115420e+01,2.114732e+01,2.115420e+01,2.118860e+01,2.114732e+01,2.123674e+01,2.118860e+01,2.118860e+01,2.118860e+01,2.116796e+01,2.126423e+01,2.126423e+01,2.116796e+01,2.122298e+01,2.122986e+01,2.122986e+01,2.125736e+01,2.124361e+01,2.127110e+01,2.120235e+01,2.134668e+01,2.133981e+01,2.120235e+01,2.130546e+01,2.126423e+01,2.126423e+01,2.122986e+01,2.120235e+01,2.118860e+01,2.120923e+01,2.122986e+01,2.133294e+01,2.129859e+01,2.125736e+01,2.125736e+01,2.128485e+01,2.132607e+01,2.136728e+01,2.137415e+01,2.131920e+01,2.134668e+01,2.131920e+01,2.136041e+01,2.127798e+01,2.132607e+01,2.131233e+01,2.128485e+01,2.131233e+01,2.133981e+01,2.131920e+01,2.126423e+01,2.121611e+01,2.135355e+01,2.125736e+01,2.122986e+01,2.127110e+01,2.121611e+01,2.120923e+01,2.131920e+01,2.122986e+01,2.126423e+01,2.111291e+01,2.120923e+01,2.122298e+01,2.122298e+01,2.128485e+01,2.120235e+01,2.126423e+01,2.122298e+01,2.120923e+01,2.126423e+01,2.127110e+01,2.124361e+01,2.122298e+01,2.130546e+01,2.130546e+01,2.129172e+01,2.118860e+01,2.125736e+01,2.124361e+01,2.117484e+01,2.122298e+01,2.129859e+01,2.125048e+01,2.116796e+01,2.128485e+01,2.127798e+01,2.118860e+01,2.116108e+01,2.119548e+01,2.121611e+01,2.107848e+01,2.119548e+01,2.122298e+01,2.124361e+01,2.125736e+01,2.121611e+01,2.120923e+01,2.116108e+01,2.118860e+01,2.118860e+01,2.125736e+01,2.119548e+01,2.122298e+01,2.123674e+01,2.113355e+01,2.117484e+01,2.122986e+01,2.127110e+01,2.118172e+01,2.118172e+01,2.118860e+01,2.116796e+01,2.119548e+01,2.123674e+01,2.123674e+01,2.124361e+01,2.125736e+01,2.119548e+01,2.122986e+01,2.122298e+01,2.127798e+01,2.127798e+01,2.129172e+01,2.127798e+01,2.124361e+01,2.127110e+01,2.125736e+01,2.126423e+01,2.114732e+01,2.095446e+01,2.070596e+01,2.037366e+01,2.034592e+01,2.028348e+01,2.023489e+01,2.016542e+01,2.022100e+01,2.015848e+01,2.021405e+01,2.024183e+01,2.022100e+01,2.022100e+01,2.022100e+01,2.021405e+01,2.022100e+01,2.027654e+01,2.020711e+01,2.026266e+01,2.024877e+01,2.022794e+01,2.033205e+01,2.026960e+01,2.028348e+01,2.039447e+01,2.021405e+01,2.023489e+01,2.025571e+01,2.027654e+01,2.025571e+01,2.033205e+01,2.035286e+01,2.029042e+01,2.036673e+01,2.035980e+01,2.040140e+01,2.038753e+01,2.028348e+01,2.031818e+01,2.038060e+01,2.041526e+01,2.047762e+01,2.038060e+01,2.042912e+01,2.040833e+01,2.039447e+01,2.035980e+01,2.042912e+01,2.043605e+01,2.038753e+01,2.039447e+01,2.042912e+01,2.045684e+01,2.043605e+01,2.039447e+01,2.049148e+01,2.048455e+01,2.044991e+01,2.049840e+01,2.045684e+01,2.045684e+01,2.052610e+01,2.045684e+01,2.041526e+01,2.051918e+01,2.042219e+01,2.045684e+01,2.047070e+01,2.038753e+01,2.038060e+01,2.041526e+01,2.047762e+01,2.053995e+01,2.068522e+01,2.087169e+01,2.082338e+01,2.044298e+01,2.031818e+01,2.030430e+01,2.033899e+01,2.030430e+01,2.031818e+01,2.032512e+01,2.033899e+01,2.047762e+01,2.029042e+01,2.037366e+01,2.034592e+01,2.035286e+01,2.040833e+01,2.031818e+01,2.036673e+01,2.033205e+01,2.029736e+01,2.028348e+01,2.030430e+01,2.029736e+01,2.028348e+01,2.026960e+01,2.020711e+01,2.022794e+01,2.029736e+01,2.022794e+01,2.029042e+01,2.029736e+01,2.025571e+01,2.019321e+01,2.033205e+01,2.083719e+01,2.123674e+01,2.122986e+01,2.129172e+01,2.125048e+01,2.131233e+01,2.128485e+01,2.125736e+01,2.119548e+01,2.090619e+01,2.016542e+01,1.985225e+01,1.991496e+01,1.978950e+01,1.982437e+01,1.981740e+01,1.983134e+01,1.994283e+01,1.983134e+01,1.984528e+01,1.986619e+01,1.983134e+01,1.981740e+01,1.981740e+01,1.992890e+01,1.990103e+01,1.993586e+01,1.994283e+01,1.996371e+01,2.000548e+01,1.997068e+01,1.999852e+01,1.990800e+01,2.002636e+01,1.999852e+01,1.997764e+01,2.001940e+01,1.997764e+01,1.996371e+01,1.996371e+01,1.994283e+01,1.994979e+01,1.996371e+01,1.998460e+01,2.006114e+01,2.000548e+01,1.997764e+01,2.004027e+01,2.005419e+01,2.001940e+01,2.005419e+01,2.005419e+01,2.004723e+01,2.014458e+01,2.006810e+01,2.017932e+01,2.018627e+01,2.017932e+01,2.015153e+01,2.021405e+01,2.024877e+01,2.022794e+01,2.022100e+01,2.031818e+01,2.041526e+01,2.042219e+01,2.040833e+01,2.099582e+01,2.175791e+01,2.099582e+01,2.038060e+01,2.039447e+01,2.032512e+01,2.037366e+01,2.034592e+01,2.033899e+01,2.039447e+01,2.087859e+01,2.164841e+01,2.151823e+01,2.094067e+01,2.084409e+01,2.081648e+01,2.067831e+01,2.074051e+01,2.069213e+01,2.067831e+01,2.067139e+01,2.062990e+01,2.069905e+01,2.057456e+01,2.055379e+01,2.070596e+01,2.069905e+01,2.069905e+01,2.089929e+01,2.157306e+01,2.175107e+01,2.173055e+01,2.155936e+01,2.128485e+01,2.081648e+01,2.062299e+01,2.064374e+01,2.055379e+01,2.059531e+01,2.056071e+01,2.051225e+01,2.050533e+01,2.050533e+01,2.074051e+01,2.105094e+01,2.111979e+01,2.134668e+01,2.126423e+01,2.128485e+01,2.127110e+01,2.136041e+01,2.137415e+01,2.133294e+01,2.130546e+01,2.129859e+01,2.136041e+01,2.136728e+01,2.144964e+01,2.146336e+01,2.131920e+01,2.129859e+01,2.128485e+01,2.079576e+01,2.025571e+01,2.000548e+01,1.995675e+01,2.004027e+01,2.002636e+01,1.997764e+01,1.986619e+01,1.990800e+01,1.988710e+01,1.984528e+01,1.988013e+01,1.992890e+01,1.988013e+01,2.001244e+01,1.989407e+01,1.989407e+01,1.988013e+01,1.994979e+01,1.992890e+01,1.990103e+01,1.985225e+01,1.994979e+01,1.991496e+01,1.993586e+01,1.990800e+01,1.989407e+01,1.988710e+01,1.991496e+01,1.991496e+01,1.988710e+01,1.997068e+01,1.989407e+01,1.997068e+01,1.988710e+01,1.991496e+01,1.996371e+01,1.991496e+01,1.996371e+01,1.994979e+01,1.992193e+01,1.987316e+01,1.997764e+01,1.992890e+01,1.985922e+01,1.996371e+01,1.992890e+01,1.991496e+01,1.993586e+01,1.988013e+01,1.979647e+01,1.994283e+01,1.988013e+01,1.988710e+01,1.990800e+01,1.990800e+01,1.994979e+01,1.994979e+01,1.995675e+01,1.994283e+01,1.984528e+01,1.994283e+01,1.988013e+01,1.994979e+01,1.989407e+01,1.985922e+01,1.990800e+01,1.985922e+01,1.990800e+01,1.990800e+01,1.984528e+01,1.994283e+01,1.978950e+01,1.991496e+01,1.983134e+01,1.986619e+01,1.990800e+01,1.985225e+01,2.003332e+01,2.003332e+01,1.996371e+01,1.990103e+01,1.991496e+01,1.987316e+01,1.987316e+01,1.985225e+01,1.983134e+01,1.985922e+01,1.987316e+01,1.985922e+01,1.993586e+01,1.988013e+01,1.983134e+01,1.999156e+01,1.990103e+01,1.994283e+01,1.983831e+01,1.994979e+01,1.989407e+01,1.989407e+01,1.989407e+01,1.990103e+01,1.979647e+01,1.985922e+01,1.991496e+01,1.995675e+01,1.982437e+01,1.988710e+01,2.026266e+01,2.080957e+01,2.094067e+01,2.108537e+01,2.107160e+01,2.107848e+01,2.116108e+01,2.112667e+01,2.117484e+01,2.114732e+01,2.107160e+01,2.114732e+01,2.116796e+01,2.114732e+01,2.114732e+01,2.114732e+01,2.114732e+01,2.115420e+01,2.116796e+01,2.105782e+01,2.110602e+01,2.127798e+01,2.105782e+01,2.109914e+01,2.114044e+01,2.108537e+01,2.108537e+01,2.109225e+01,2.112667e+01,2.103716e+01,2.116796e+01,2.109914e+01,2.100271e+01,2.114044e+01,2.097514e+01,2.106471e+01,2.107160e+01,2.096135e+01,2.105782e+01,2.105782e+01,2.098893e+01,2.089239e+01,2.109914e+01,2.118172e+01,2.112667e+01,2.096135e+01,2.103716e+01,2.096135e+01,2.098893e+01,2.095446e+01,2.105782e+01,2.108537e+01,2.105094e+01,2.107160e+01,2.115420e+01,2.117484e+01,2.114044e+01,2.108537e+01,2.107848e+01,2.110602e+01,2.107848e+01,2.118860e+01,2.116108e+01,2.106471e+01,2.105782e+01,2.110602e+01,2.100960e+01,2.111979e+01,2.113355e+01,2.109914e+01,2.107160e+01,2.108537e+01,2.111291e+01,2.111979e+01,2.108537e+01,2.103716e+01,2.112667e+01,2.111291e+01,2.119548e+01,2.115420e+01,2.115420e+01,2.126423e+01,2.117484e+01,2.112667e+01,2.129172e+01,2.111291e+01,2.118860e+01,2.109225e+01,2.114044e+01,2.116796e+01,2.113355e+01,2.119548e+01,2.109225e+01,2.120923e+01,2.121611e+01,2.121611e+01,2.118172e+01,2.118860e+01,2.118860e+01,2.114732e+01,2.095446e+01,2.100271e+01,2.100960e+01,2.107848e+01,2.117484e+01,2.120923e+01,2.114732e+01,2.114044e+01,2.116108e+01,2.109225e+01,2.100960e+01,2.109914e+01
2.116108e+01,2.121611e+01,2.118860e+01,2.116796e+01,2.115420e+01,2.121611e+01,2.107848e+01,2.113355e+01,2.117484e+01,2.115420e+01,2.116108e+01,2.122298e+01,2.107848e+01,2.116108e+01,2.119548e+01,2.120923e+01,2.108537e+01,2.108537e+01,2.115420e+01,2.105782e+01,2.116108e+01,2.104405e+01,2.114044e+01,2.102338e+01,2.105782e+01,2.108537e+01,2.114044e+01,2.115420e+01,2.109225e+01,2.109225e+01,2.103027e+01,2.108537e+01,2.106471e+01,2.100960e+01,2.100271e+01,2.120923e+01,2.105094e+01,2.107160e+01,2.099582e+01,2.098203e+01,2.102338e+01,2.109914e+01,2.095446e+01,2.107848e+01,2.109914e+01,2.103027e+01,2.105094e+01,2.122986e+01,2.108537e+01,2.119548e+01,2.120235e+01,2.111291e+01,2.122986e+01,2.124361e+01,2.115420e+01,2.118860e+01,2.118172e+01,2.114044e+01,2.121611e+01,2.118860e+01,2.122298e+01,2.120923e+01,2.117484e+01,2.124361e+01,2.126423e+01,2.125048e+01,2.122298e+01,2.125736e+01,2.125048e+01,2.127798e+01,2.125736e+01,2.127110e+01,2.116796e+01,2.133294e+01,2.131233e+01,2.131920e+01,2.128485e+01,2.134668e+01,2.133981e+01,2.131233e+01,2.127110e+01,2.125736e+01,2.127110e+01,2.123674e+01,2.127798e+01,2.136728e+01,2.129859e+01,2.126423e+01,2.138101e+01,2.129172e+01,2.135355e+01,2.142220e+01,2.131233e+01,2.140847e+01,2.131920e+01,2.132607e+01,2.127110e+01,2.133981e+01,2.127798e+01,2.139474e+01,2.127110e+01,2.131233e+01,2.133981e+01,2.128485e+01,2.127798e+01,2.137415e+01,2.126423e+01,2.152508e+01,2.142906e+01,2.123674e+01,2.128485e+01,2.117484e+01,2.127798e+01,2.114732e+01,2.119548e+01,2.124361e+01,2.111979e+01,2.128485e+01,2.122986e+01,2.123674e+01,2.126423e+01,2.114732e+01,2.124361e+01,2.123674e+01,2.122298e+01,2.123674e+01,2.121611e+01,2.122986e+01,2.122986e+01,2.120923e+01,2.129172e+01,2.124361e+01,2.120923e+01,2.123674e+01,2.117484e+01,2.131233e+01,2.125736e+01,2.125048e+01,2.129172e+01,2.125736e+01,2.120923e+01,2.123674e+01,2.118172e+01,2.124361e+01,2.111291e+01,2.122298e+01,2.118860e+01,2.131920e+01,2.123674e+01,2.118172e+01,2.117484e+01,2.120235e+01,2.115420e+01,2.120235e+01,2.113355e+01,2.135355e+01,2.122298e+01,2.115420e+01,2.118172e+01,2.120235e+01,2.122298e+01,2.118860e+01,2.124361e+01,2.116108e+01,2.125736e+01,2.125048e+01,2.116796e+01,2.122986e+01,2.122298e+01,2.117484e+01,2.122986e+01,2.118860e+01,2.122298e+01,2.122986e+01,2.125736e+01,2.126423e+01,2.128485e+01,2.126423e+01,2.125048e+01,2.122986e+01,2.112667e+01,2.116108e+01,2.090619e+01,2.065065e+01,2.035980e+01,2.025571e+01,2.018627e+01,2.029042e+01,2.013763e+01,2.022100e+01,2.018627e+01,2.024183e+01,2.018627e+01,2.017237e+01,2.016542e+01,2.020711e+01,2.022794e+01,2.019321e+01,2.018627e+01,2.024183e+01,2.016542e+01,2.022794e+01,2.027654e+01,2.026960e+01,2.033899e+01,2.031818e+01,2.029042e+01,2.026266e+01,2.023489e+01,2.028348e+01,2.027654e+01,2.027654e+01,2.025571e+01,2.031124e+01,2.035286e+01,2.034592e+01,2.031124e+01,2.037366e+01,2.029042e+01,2.037366e+01,2.039447e+01,2.049840e+01,2.041526e+01,2.040140e+01,2.040140e+01,2.039447e+01,2.036673e+01,2.047762e+01,2.048455e+01,2.040833e+01,2.032512e+01,2.035286e+01,2.042219e+01,2.039447e+01,2.045684e+01,2.045684e+01,2.043605e+01,2.042219e+01,2.047070e+01,2.054687e+01,2.046377e+01,2.047762e+01,2.056763e+01,2.053303e+01,2.041526e+01,2.054687e+01,2.047070e+01,2.047762e+01,2.048455e+01,2.039447e+01,2.046377e+01,2.047070e+01,2.042912e+01,2.054687e+01,2.056071e+01,2.083719e+01,2.087169e+01,2.116108e+01,2.071978e+01,2.038753e+01,2.038060e+01,2.037366e+01,2.031818e+01,2.033205e+01,2.029042e+01,2.035286e+01,2.031818e+01,2.036673e+01,2.038060e+01,2.024877e+01,2.035286e+01,2.022794e+01,2.026266e+01,2.028348e+01,2.034592e+01,2.027654e+01,2.026960e+01,2.033205e+01,2.031818e+01,2.032512e+01,2.013763e+01,2.029736e+01,2.027654e+01,2.020016e+01,2.022100e+01,2.023489e+01,2.030430e+01,2.035980e+01,2.031818e+01,2.024877e+01,2.029042e+01,2.068522e+01,2.113355e+01,2.125048e+01,2.129859e+01,2.128485e+01,2.131920e+01,2.140847e+01,2.127110e+01,2.131233e+01,2.087169e+01,2.020016e+01,1.993586e+01,1.990103e+01,1.984528e+01,1.992890e+01,1.990800e+01,1.994283e+01,1.985225e+01,1.984528e+01,1.985922e+01,1.990800e+01,1.999156e+01,2.006810e+01,2.008201e+01,2.022794e+01,2.015848e+01,2.026266e+01,2.010982e+01,2.015848e+01,2.012372e+01,2.023489e+01,2.009591e+01,2.021405e+01,2.020711e+01,2.027654e+01,2.067831e+01,2.053995e+01,2.058148e+01,1.998460e+01,2.000548e+01,1.992890e+01,1.998460e+01,2.009591e+01,2.002636e+01,2.002636e+01,2.001940e+01,2.006810e+01,1.996371e+01,2.004027e+01,1.992193e+01,2.004027e+01,1.988710e+01,2.006810e+01,2.008201e+01,2.020016e+01,2.015848e+01,2.015153e+01,2.017237e+01,2.015848e+01,2.008896e+01,2.012372e+01,2.016542e+01,2.026266e+01,2.018627e+01,2.043605e+01,2.043605e+01,2.029042e+01,2.069213e+01,2.071978e+01,2.041526e+01,2.038060e+01,2.029042e+01,2.042219e+01,2.042219e+01,2.055379e+01,2.058840e+01,2.129172e+01,2.201068e+01,2.223560e+01,2.147022e+01,2.106471e+01,2.081648e+01,2.082338e+01,2.073360e+01,2.076814e+01,2.066448e+01,2.073360e+01,2.065757e+01,2.070596e+01,2.068522e+01,2.061607e+01,2.068522e+01,2.072669e+01,2.069213e+01,2.070596e+01,2.094067e+01,2.154565e+01,2.157991e+01,2.154565e+01,2.155250e+01,2.154565e+01,2.095446e+01,2.055379e+01,2.054687e+01,2.058148e+01,2.045684e+01,2.056763e+01,2.062299e+01,2.060223e+01,2.058840e+01,2.109225e+01,2.137415e+01,2.145650e+01,2.131920e+01,2.130546e+01,2.127798e+01,2.142906e+01,2.138101e+01,2.145650e+01,2.143592e+01,2.132607e+01,2.129172e+01,2.139474e+01,2.128485e+01,2.133981e+01,2.131233e+01,2.131233e+01,2.138788e+01,2.129172e+01,2.093377e+01,2.027654e+01,2.002636e+01,2.004027e+01,1.999852e+01,1.993586e+01,1.997764e+01,2.003332e+01,1.999156e+01,1.988013e+01,1.984528e+01,1.985922e+01,2.001940e+01,1.987316e+01,1.991496e+01,1.983134e+01,1.989407e+01,1.984528e+01,1.992890e+01,1.987316e+01,1.985922e+01,1.992193e+01,1.988710e+01,1.989407e+01,1.993586e+01,1.990103e+01,1.981042e+01,1.979647e+01,1.994283e+01,1.992890e+01,1.981042e+01,1.988710e+01,1.979647e+01,1.984528e+01,1.980345e+01,1.992193e+01,1.989407e+01,1.988710e+01,1.990103e+01,1.995675e+01,1.982437e+01,1.992193e+01,1.994979e+01,2.002636e+01,2.001244e+01,1.998460e+01,1.995675e+01,1.994283e+01,1.994979e+01,2.001244e+01,1.985922e+01,1.995675e+01,1.988710e+01,1.985225e+01,1.993586e+01,1.994283e+01,1.996371e+01,1.988710e+01,1.997068e+01,1.991496e+01,1.990103e+01,1.990800e+01,1.984528e+01,1.990800e+01,1.985922e+01,1.992193e+01,1.986619e+01,1.990103e+01,1.986619e+01,1.983831e+01,1.990103e+01,1.974067e+01,1.978950e+01,1.991496e+01,1.991496e+01,1.991496e+01,1.985922e+01,1.985922e+01,1.997068e+01,2.003332e+01,1.987316e+01,1.994283e+01,1.993586e+01,1.992193e+01,1.988710e+01,1.983134e+01,1.990103e+01,1.986619e+01,1.991496e+01,1.992193e+01,1.984528e+01,1.978950e+01,1.988710e+01,1.986619e+01,1.994979e+01,1.988013e+01,1.987316e+01,1.985922e+01,1.987316e+01,1.978950e+01,1.988710e+01,1.992193e+01,1.989407e+01,1.985225e+01,1.984528e+01,1.983831e+01,1.980345e+01,1.992193e+01,1.997764e+01,2.026266e+01,2.051225e+01,2.098893e+01,2.105094e+01,2.111979e+01,2.116108e+01,2.116796e+01,2.112667e+01,2.113355e+01,2.105782e+01,2.113355e+01,2.115420e+01,2.109914e+01,2.109914e+01,2.111979e+01,2.111291e+01,2.109914e+01,2.105094e+01,2.114044e+01,2.107160e+01,2.120923e+01,2.107848e+01,2.127110e+01,2.124361e+01,2.121611e+01,2.111979e+01,2.112667e+01,2.106471e+01,2.116796e+01,2.107160e+01,2.114732e+01,2.116108e+01,2.112667e+01,2.096135e+01,2.094757e+01,2.104405e+01,2.105782e+01,2.109914e+01,2.106471e+01,2.093377e+01,2.099582e+01,2.118172e+01,2.092688e+01,2.094757e+01,2.112667e+01,2.100271e+01,2.098203e+01,2.096135e+01,2.096135e+01,2.100960e+01,2.107160e+01,2.107848e+01,2.102338e+01,2.105782e+01,2.109225e+01,2.107160e+01,2.105094e+01,2.102338e+01,2.107160e+01,2.115420e+01,2.109914e+01,2.106471e+01,2.120923e+01,2.103716e+01,2.114732e+01,2.111979e+01,2.109914e+01,2.109914e+01,2.109914e+01,2.111291e+01,2.109914e+01,2.113355e+01,2.107848e+01,2.107160e+01,2.111291e+01,2.113355e+01,2.111291e+01,2.106471e+01,2.117484e+01,2.128485e+01,2.116108e+01,2.108537e+01,2.109914e+01,2.114044e+01,2.107848e+01,2.107160e+01,2.107160e+01,2.107848e+01,2.100271e+01,2.109225e+01,2.122298e+01,2.111291e+01,2.116108e+01,2.108537e+01,2.118860e+01,2.129859e+01,2.106471e+01,2.115420e+01,2.109914e+01,2.104405e+01,2.113355e+01,2.112667e+01,2.105094e+01,2.116796e+01,2.105782e+01,2.125736e+01,2.118172e+01,2.129172e+01,2.109225e+01,2.104405e+01,2.106471e+01
2.120235e+01,2.117484e+01,2.120235e+01,2.109225e+01,2.111291e+01,2.106471e+01,2.122298e+01,2.109225e+01,2.123674e+01,2.105782e+01,2.116108e+01,2.115420e+01,2.117484e+01,2.120923e+01,2.104405e+01,2.113355e+01,2.110602e+01,2.107848e+01,2.103027e+01,2.107160e+01,2.113355e+01,2.103027e+01,2.109225e+01,2.098203e+01,2.101649e+01,2.110602e+01,2.111979e+01,2.096135e+01,2.108537e+01,2.111979e+01,2.107848e+01,2.105094e+01,2.103027e+01,2.103027e+01,2.103027e+01,2.102338e+01,2.100960e+01,2.103027e+01,2.098203e+01,2.105782e+01,2.107160e+01,2.104405e+01,2.091998e+01,2.125736e+01,2.107848e+01,2.110602e+01,2.111979e+01,2.105782e+01,2.104405e+01,2.102338e+01,2.103027e+01,2.104405e+01,2.127110e+01,2.116796e+01,2.109225e+01,2.114044e+01,2.116796e+01,2.117484e+01,2.122986e+01,2.125048e+01,2.120235e+01,2.120923e+01,2.130546e+01,2.113355e+01,2.111979e+01,2.122298e+01,2.135355e+01,2.120923e+01,2.134668e+01,2.129859e+01,2.136041e+01,2.133294e+01,2.136728e+01,2.127110e+01,2.107160e+01,2.134668e+01,2.128485e+01,2.129172e+01,2.127798e+01,2.129172e+01,2.132607e+01,2.126423e+01,2.127798e+01,2.131920e+01,2.132607e+01,2.124361e+01,2.133294e+01,2.126423e+01,2.127110e+01,2.134668e+01,2.130546e+01,2.116108e+01,2.131233e+01,2.134668e+01,2.136041e+01,2.136041e+01,2.135355e+01,2.131920e+01,2.129172e+01,2.126423e+01,2.127798e+01,2.129172e+01,2.128485e+01,2.126423e+01,2.139474e+01,2.131920e+01,2.128485e+01,2.122298e+01,2.125736e+01,2.127110e+01,2.123674e+01,2.125048e+01,2.124361e+01,2.119548e+01,2.114044e+01,2.117484e+01,2.120235e+01,2.124361e+01,2.125048e+01,2.126423e+01,2.125048e+01,2.118172e+01,2.123674e+01,2.124361e+01,2.124361e+01,2.122298e+01,2.122986e+01,2.127798e+01,2.125048e+01,2.115420e+01,2.115420e+01,2.125048e+01,2.120923e+01,2.122986e+01,2.120923e+01,2.121611e+01,2.129172e+01,2.114732e+01,2.125736e+01,2.124361e+01,2.120923e+01,2.120235e+01,2.111979e+01,2.124361e+01,2.122298e+01,2.115420e+01,2.122986e+01,2.129859e+01,2.120923e+01,2.114732e+01,2.117484e+01,2.127798e+01,2.128485e+01,2.109914e+01,2.114044e+01,2.110602e+01,2.117484e+01,2.114044e+01,2.120235e+01,2.116108e+01,2.124361e+01,2.124361e+01,2.122986e+01,2.119548e+01,2.122986e+01,2.120235e+01,2.121611e+01,2.117484e+01,2.120235e+01,2.124361e+01,2.121611e+01,2.121611e+01,2.120235e+01,2.124361e+01,2.123674e+01,2.124361e+01,2.127798e+01,2.131920e+01,2.123674e+01,2.129859e+01,2.116796e+01,2.096135e+01,2.059531e+01,2.039447e+01,2.022794e+01,2.011677e+01,2.015848e+01,2.026266e+01,2.015153e+01,2.018627e+01,2.015153e+01,2.022100e+01,2.020016e+01,2.020016e+01,2.020016e+01,2.020016e+01,2.015153e+01,2.017237e+01,2.018627e+01,2.017237e+01,2.016542e+01,2.022100e+01,2.024877e+01,2.024183e+01,2.026960e+01,2.017932e+01,2.031818e+01,2.031124e+01,2.026960e+01,2.035980e+01,2.029042e+01,2.027654e+01,2.026266e+01,2.025571e+01,2.031818e+01,2.029042e+01,2.036673e+01,2.033205e+01,2.033899e+01,2.023489e+01,2.033899e+01,2.039447e+01,2.031124e+01,2.033899e+01,2.038060e+01,2.030430e+01,2.031124e+01,2.032512e+01,2.029736e+01,2.049148e+01,2.033899e+01,2.039447e+01,2.046377e+01,2.038060e+01,2.041526e+01,2.047762e+01,2.044991e+01,2.044298e+01,2.046377e+01,2.043605e+01,2.047762e+01,2.046377e+01,2.052610e+01,2.046377e+01,2.045684e+01,2.047070e+01,2.037366e+01,2.049148e+01,2.039447e+01,2.049840e+01,2.040140e+01,2.040833e+01,2.038753e+01,2.073360e+01,2.082338e+01,2.117484e+01,2.116796e+01,2.087169e+01,2.050533e+01,2.033205e+01,2.037366e+01,2.035286e+01,2.035980e+01,2.032512e+01,2.033899e+01,2.032512e+01,2.045684e+01,2.035980e+01,2.037366e+01,2.025571e+01,2.033899e+01,2.029736e+01,2.031124e+01,2.029042e+01,2.035980e+01,2.029042e+01,2.020711e+01,2.024877e+01,2.020711e+01,2.029042e+01,2.032512e+01,2.019321e+01,2.022794e+01,2.021405e+01,2.022794e+01,2.022794e+01,2.032512e+01,2.006114e+01,2.031124e+01,2.037366e+01,2.033899e+01,2.074051e+01,2.118860e+01,2.125736e+01,2.128485e+01,2.129859e+01,2.131233e+01,2.131920e+01,2.133981e+01,2.111979e+01,2.083719e+01,2.017932e+01,1.988013e+01,1.989407e+01,1.987316e+01,1.993586e+01,1.984528e+01,1.993586e+01,1.987316e+01,1.984528e+01,1.999156e+01,1.999156e+01,1.993586e+01,2.048455e+01,2.085099e+01,2.084409e+01,2.095446e+01,2.095446e+01,2.094757e+01,2.088549e+01,2.078886e+01,2.098893e+01,2.108537e+01,2.085099e+01,2.097514e+01,2.112667e+01,2.120235e+01,2.108537e+01,2.066448e+01,2.013068e+01,2.000548e+01,1.994283e+01,1.993586e+01,1.992890e+01,2.001940e+01,2.001940e+01,2.005419e+01,1.999156e+01,2.003332e+01,2.001940e+01,1.991496e+01,1.993586e+01,2.004723e+01,2.004723e+01,1.983831e+01,2.007505e+01,2.017237e+01,2.001244e+01,2.009591e+01,2.004723e+01,2.013763e+01,2.015848e+01,2.013763e+01,2.015153e+01,2.024877e+01,2.024877e+01,2.024877e+01,2.029736e+01,2.033205e+01,2.038060e+01,2.042912e+01,2.070596e+01,2.088549e+01,2.105094e+01,2.107160e+01,2.151137e+01,2.207889e+01,2.249398e+01,2.283297e+01,2.267039e+01,2.141533e+01,2.107160e+01,2.082338e+01,2.078195e+01,2.075432e+01,2.065757e+01,2.070596e+01,2.062299e+01,2.069213e+01,2.072669e+01,2.074742e+01,2.071978e+01,2.071287e+01,2.072669e+01,2.057456e+01,2.074051e+01,2.114732e+01,2.160732e+01,2.174423e+01,2.154565e+01,2.146336e+01,2.125736e+01,2.085789e+01,2.060915e+01,2.049840e+01,2.051918e+01,2.060223e+01,2.049148e+01,2.052610e+01,2.070596e+01,2.094067e+01,2.125736e+01,2.138101e+01,2.127798e+01,2.136041e+01,2.140161e+01,2.138788e+01,2.138101e+01,2.149766e+01,2.140847e+01,2.146336e+01,2.147022e+01,2.127798e+01,2.135355e+01,2.133294e+01,2.135355e+01,2.138101e+01,2.140161e+01,2.135355e+01,2.135355e+01,2.100960e+01,2.031124e+01,2.006114e+01,2.006114e+01,1.989407e+01,1.995675e+01,1.994979e+01,1.990800e+01,1.986619e+01,1.988710e+01,1.994283e+01,1.983831e+01,1.988710e+01,1.987316e+01,1.988013e+01,1.985922e+01,1.990800e+01,1.990800e+01,1.985922e+01,1.994283e+01,1.978950e+01,1.985225e+01,1.990800e+01,1.981740e+01,1.991496e+01,1.986619e+01,1.990800e+01,1.995675e+01,1.985225e+01,1.994283e+01,1.990103e+01,1.981042e+01,1.990103e+01,1.991496e+01,1.988710e+01,1.990103e+01,1.992193e+01,1.992890e+01,1.981042e+01,1.992890e+01,1.996371e+01,1.993586e+01,1.995675e+01,1.998460e+01,1.997764e+01,1.988710e+01,1.994979e+01,1.993586e+01,1.993586e+01,1.993586e+01,1.994283e+01,1.992193e+01,1.992193e+01,1.988710e+01,1.983831e+01,1.994979e+01,1.980345e+01,1.997068e+01,1.996371e+01,1.972671e+01,1.983831e+01,1.991496e+01,1.992193e+01,1.985225e+01,1.995675e+01,1.988710e+01,1.995675e+01,1.987316e+01,1.991496e+01,1.983134e+01,1.992890e+01,1.982437e+01,1.988013e+01,1.989407e+01,1.983831e+01,1.983831e+01,1.992890e+01,1.976858e+01,1.991496e+01,1.993586e+01,1.989407e+01,1.984528e+01,1.993586e+01,1.991496e+01,1.985922e+01,1.991496e+01,1.990103e+01,1.988013e+01,1.991496e+01,1.978950e+01,1.987316e+01,1.991496e+01,1.992193e+01,1.994283e+01,2.001244e+01,1.985922e+01,1.988013e+01,1.985922e+01,1.991496e+01,1.988013e+01,1.985922e+01,1.991496e+01,1.985922e+01,1.982437e+01,1.978950e+01,1.989407e+01,1.983134e+01,1.987316e+01,1.997068e+01,1.996371e+01,2.024183e+01,2.080957e+01,2.085099e+01,2.109914e+01,2.107848e+01,2.107848e+01,2.107848e+01,2.118172e+01,2.116796e+01,2.111291e+01,2.115420e+01,2.102338e+01,2.117484e+01,2.092688e+01,2.111291e+01,2.110602e+01,2.111291e+01,2.109914e+01,2.114044e+01,2.118860e+01,2.107848e+01,2.108537e+01,2.116796e+01,2.109914e+01,2.113355e+01,2.105782e+01,2.110602e+01,2.098203e+01,2.106471e+01,2.114732e+01,2.098203e+01,2.098203e+01,2.114732e+01,2.094067e+01,2.098203e+01,2.091998e+01,2.104405e+01,2.097514e+01,2.089929e+01,2.107160e+01,2.096135e+01,2.103027e+01,2.100271e+01,2.099582e+01,2.094757e+01,2.096825e+01,2.096825e+01,2.098203e+01,2.114732e+01,2.109225e+01,2.103716e+01,2.113355e+01,2.101649e+01,2.104405e+01,2.099582e+01,2.116796e+01,2.096825e+01,2.103027e+01,2.097514e+01,2.112667e+01,2.111291e+01,2.109914e+01,2.103027e+01,2.107160e+01,2.103716e+01,2.106471e+01,2.104405e+01,2.109225e+01,2.111291e+01,2.108537e+01,2.116796e+01,2.106471e+01,2.108537e+01,2.111979e+01,2.099582e+01,2.114732e+01,2.114044e+01,2.115420e+01,2.115420e+01,2.100960e+01,2.116796e+01,2.111979e+01,2.110602e+01,2.116108e+01,2.105782e+01,2.112667e+01,2.118860e+01,2.116796e+01,2.125736e+01,2.115420e+01,2.111291e+01,2.115420e+01,2.111979e+01,2.116108e+01,2.113355e+01,2.115420e+01,2.114044e+01,2.107848e+01,2.110602e+01,2.113355e+01,2.103716e+01,2.102338e+01,2.103716e+01,2.116108e+01,2.109914e+01,2.112667e+01,2.118172e+01,2.105094e+01,2.107848e+01,2.111291e+01
2.114732e+01,2.116796e+01,2.117484e+01,2.106471e+01,2.122298e+01,2.105094e+01,2.107848e+01,2.103716e+01,2.105094e+01,2.114732e+01,2.114044e+01,2.117484e+01,2.123674e+01,2.119548e+01,2.117484e+01,2.115420e+01,2.118172e+01,2.117484e+01,2.113355e+01,2.113355e+01,2.105782e+01,2.109225e+01,2.100960e+01,2.104405e+01,2.109914e+01,2.103027e+01,2.096825e+01,2.102338e+01,2.094067e+01,2.109225e+01,2.098893e+01,2.103716e+01,2.098203e+01,2.100960e+01,2.099582e+01,2.119548e+01,2.105094e+01,2.104405e+01,2.100271e+01,2.107160e+01,2.110602e+01,2.114044e+01,2.111979e+01,2.118860e+01,2.122298e+01,2.121611e+01,2.111979e+01,2.107848e+01,2.109914e+01,2.104405e+01,2.105782e+01,2.107848e+01,2.120923e+01,2.122986e+01,2.132607e+01,2.126423e+01,2.122298e+01,2.118860e+01,2.122986e+01,2.121611e+01,2.124361e+01,2.125736e+01,2.111291e+01,2.127110e+01,2.125048e+01,2.134668e+01,2.124361e+01,2.131920e+01,2.122986e+01,2.131920e+01,2.123674e+01,2.125048e+01,2.120923e+01,2.138788e+01,2.131233e+01,2.128485e+01,2.129172e+01,2.124361e+01,2.131233e+01,2.130546e+01,2.131920e+01,2.131920e+01,2.138788e+01,2.131233e+01,2.131920e+01,2.138101e+01,2.133294e+01,2.136728e+01,2.129172e+01,2.134668e+01,2.131233e+01,2.137415e+01,2.138101e+01,2.133981e+01,2.136728e+01,2.128485e+01,2.140161e+01,2.129172e+01,2.130546e+01,2.129859e+01,2.129172e+01,2.124361e+01,2.128485e+01,2.131233e+01,2.131233e+01,2.123674e+01,2.140161e+01,2.124361e+01,2.128485e+01,2.120923e+01,2.116108e+01,2.125736e+01,2.126423e+01,2.113355e+01,2.119548e+01,2.116108e+01,2.129172e+01,2.123674e+01,2.124361e+01,2.116796e+01,2.122298e+01,2.129172e+01,2.122986e+01,2.123674e+01,2.118172e+01,2.123674e+01,2.118860e+01,2.129859e+01,2.125736e+01,2.127798e+01,2.120923e+01,2.115420e+01,2.128485e+01,2.120923e+01,2.125048e+01,2.116796e+01,2.113355e+01,2.132607e+01,2.125736e+01,2.125736e+01,2.121611e+01,2.129172e+01,2.124361e+01,2.122986e+01,2.122298e+01,2.118860e+01,2.109225e+01,2.129859e+01,2.125048e+01,2.117484e+01,2.113355e+01,2.127798e+01,2.116796e+01,2.125048e+01,2.115420e+01,2.115420e+01,2.114044e+01,2.120235e+01,2.113355e+01,2.114732e+01,2.109914e+01,2.125048e+01,2.122298e+01,2.118860e+01,2.135355e+01,2.118172e+01,2.116108e+01,2.122986e+01,2.122298e+01,2.120235e+01,2.122986e+01,2.117484e+01,2.120923e+01,2.128485e+01,2.124361e+01,2.128485e+01,2.122986e+01,2.099582e+01,2.122986e+01,2.125736e+01,2.107160e+01,2.082338e+01,2.035980e+01,2.020711e+01,2.020016e+01,2.014458e+01,2.017932e+01,2.016542e+01,2.013763e+01,2.017237e+01,2.020711e+01,2.013068e+01,2.010287e+01,2.022794e+01,2.020711e+01,2.020016e+01,2.022100e+01,2.012372e+01,2.016542e+01,2.010982e+01,2.019321e+01,2.021405e+01,2.022794e+01,2.028348e+01,2.018627e+01,2.031818e+01,2.026960e+01,2.024877e+01,2.026266e+01,2.025571e+01,2.025571e+01,2.032512e+01,2.033205e+01,2.037366e+01,2.036673e+01,2.038060e+01,2.042219e+01,2.029736e+01,2.040140e+01,2.035980e+01,2.035980e+01,2.037366e+01,2.037366e+01,2.037366e+01,2.036673e+01,2.033899e+01,2.044298e+01,2.026266e+01,2.035980e+01,2.037366e+01,2.036673e+01,2.047070e+01,2.046377e+01,2.050533e+01,2.040140e+01,2.038753e+01,2.046377e+01,2.043605e+01,2.046377e+01,2.049148e+01,2.045684e+01,2.047070e+01,2.051918e+01,2.053303e+01,2.047762e+01,2.056763e+01,2.051225e+01,2.040833e+01,2.040833e+01,2.051918e+01,2.042912e+01,2.051225e+01,2.097514e+01,2.117484e+01,2.120923e+01,2.121611e+01,2.121611e+01,2.089239e+01,2.060223e+01,2.040833e+01,2.034592e+01,2.036673e+01,2.033205e+01,2.037366e+01,2.042219e+01,2.060915e+01,2.063682e+01,2.040833e+01,2.041526e+01,2.026960e+01,2.026960e+01,2.032512e+01,2.026960e+01,2.019321e+01,2.028348e+01,2.034592e+01,2.024877e+01,2.022100e+01,2.033899e+01,2.025571e+01,2.026960e+01,2.027654e+01,2.027654e+01,2.022794e+01,2.030430e+01,2.033899e+01,2.033899e+01,2.040833e+01,2.035286e+01,2.057456e+01,2.056763e+01,2.096135e+01,2.126423e+01,2.127798e+01,2.128485e+01,2.138101e+01,2.131233e+01,2.129859e+01,2.118172e+01,2.116108e+01,2.051225e+01,1.992193e+01,2.000548e+01,1.990800e+01,1.989407e+01,2.010287e+01,2.001244e+01,2.003332e+01,2.000548e+01,1.998460e+01,2.004027e+01,2.006810e+01,1.997764e+01,2.049148e+01,2.118172e+01,2.121611e+01,2.131233e+01,2.127798e+01,2.123674e+01,2.101649e+01,2.136041e+01,2.131920e+01,2.127798e+01,2.128485e+01,2.128485e+01,2.128485e+01,2.118860e+01,2.060915e+01,2.034592e+01,2.014458e+01,1.998460e+01,1.995675e+01,1.994283e+01,2.007505e+01,2.004723e+01,2.002636e+01,2.001244e+01,2.001940e+01,2.004027e+01,1.999156e+01,2.003332e+01,2.006114e+01,2.006810e+01,2.005419e+01,2.011677e+01,2.023489e+01,2.018627e+01,2.006114e+01,2.016542e+01,2.009591e+01,2.012372e+01,2.015153e+01,2.014458e+01,2.032512e+01,2.016542e+01,2.030430e+01,2.035980e+01,2.026266e+01,2.031124e+01,2.034592e+01,2.036673e+01,2.069905e+01,2.142220e+01,2.175107e+01,2.231046e+01,2.271106e+01,2.286680e+01,2.290739e+01,2.289387e+01,2.279912e+01,2.161417e+01,2.098203e+01,2.085099e+01,2.081648e+01,2.079576e+01,2.067831e+01,2.074742e+01,2.067139e+01,2.062299e+01,2.069905e+01,2.072669e+01,2.066448e+01,2.069213e+01,2.074051e+01,2.074742e+01,2.078886e+01,2.131233e+01,2.185363e+01,2.186046e+01,2.159362e+01,2.149080e+01,2.082338e+01,2.069905e+01,2.060915e+01,2.048455e+01,2.061607e+01,2.048455e+01,2.058840e+01,2.058840e+01,2.092688e+01,2.136041e+01,2.134668e+01,2.129859e+01,2.144278e+01,2.140161e+01,2.140847e+01,2.142906e+01,2.143592e+01,2.141533e+01,2.149766e+01,2.137415e+01,2.147022e+01,2.138101e+01,2.136041e+01,2.148394e+01,2.136728e+01,2.142220e+01,2.147708e+01,2.131920e+01,2.136728e+01,2.105782e+01,2.072669e+01,2.034592e+01,2.006114e+01,2.005419e+01,2.007505e+01,1.998460e+01,1.985225e+01,1.988013e+01,1.993586e+01,1.994283e+01,1.989407e+01,1.982437e+01,1.983831e+01,1.992890e+01,1.990103e+01,1.983134e+01,1.994283e+01,1.988013e+01,1.985225e+01,1.992193e+01,1.990800e+01,1.990103e+01,1.976858e+01,1.983831e+01,1.992193e+01,1.995675e+01,1.987316e+01,1.990103e+01,1.992193e+01,1.992193e+01,1.993586e+01,1.992193e+01,1.989407e+01,1.980345e+01,1.988013e+01,1.995675e+01,1.985922e+01,1.989407e+01,1.997068e+01,1.995675e+01,1.997068e+01,2.011677e+01,1.997764e+01,1.989407e+01,1.990800e+01,1.997068e+01,1.991496e+01,1.991496e+01,1.992193e+01,1.983831e+01,2.001940e+01,1.988710e+01,1.993586e+01,1.994979e+01,1.994979e+01,1.981042e+01,1.992890e+01,1.992890e+01,1.982437e+01,1.990800e+01,1.994979e+01,1.988710e+01,1.988710e+01,1.983134e+01,1.992193e+01,1.988013e+01,1.995675e+01,1.990800e+01,1.993586e+01,1.987316e+01,1.979647e+01,1.987316e+01,1.999156e+01,1.967785e+01,1.989407e+01,1.988710e+01,1.990103e+01,1.997764e+01,2.010287e+01,1.983134e+01,1.987316e+01,1.988013e+01,1.984528e+01,1.990103e+01,1.986619e+01,1.991496e+01,1.990800e+01,1.989407e+01,1.984528e+01,1.991496e+01,1.987316e+01,1.990800e+01,1.994979e+01,1.997068e+01,1.985225e+01,1.999852e+01,1.992890e+01,1.986619e+01,1.988013e+01,1.983134e+01,1.987316e+01,1.980345e+01,1.983831e+01,1.983134e+01,1.983134e+01,1.978253e+01,1.994283e+01,1.980345e+01,1.994979e+01,2.011677e+01,2.047762e+01,2.079576e+01,2.089929e+01,2.108537e+01,2.109225e+01,2.110602e+01,2.114732e+01,2.111291e+01,2.104405e+01,2.117484e+01,2.119548e+01,2.108537e+01,2.109914e+01,2.107848e+01,2.104405e+01,2.113355e+01,2.106471e+01,2.122298e+01,2.107848e+01,2.115420e+01,2.119548e+01,2.125736e+01,2.114044e+01,2.107160e+01,2.106471e+01,2.110602e+01,2.109914e+01,2.111291e+01,2.098203e+01,2.110602e+01,2.103716e+01,2.110602e+01,2.111291e+01,2.112667e+01,2.094067e+01,2.103027e+01,2.102338e+01,2.100271e+01,2.103716e+01,2.107160e+01,2.101649e+01,2.107848e+01,2.106471e+01,2.093377e+01,2.102338e+01,2.100271e+01,2.097514e+01,2.103716e+01,2.107848e+01,2.113355e+01,2.100271e+01,2.119548e+01,2.105782e+01,2.100960e+01,2.101649e+01,2.105782e+01,2.103716e+01,2.108537e+01,2.100960e+01,2.107160e+01,2.113355e+01,2.104405e+01,2.109914e+01,2.107160e+01,2.116108e+01,2.115420e+01,2.112667e+01,2.110602e+01,2.103716e+01,2.103027e+01,2.107160e+01,2.107848e+01,2.110602e+01,2.122986e+01,2.108537e+01,2.112667e+01,2.127110e+01,2.134668e+01,2.112667e+01,2.114044e+01,2.109225e+01,2.119548e+01,2.120235e+01,2.110602e+01,2.112667e+01,2.126423e+01,2.120923e+01,2.107848e+01,2.124361e+01,2.123674e+01,2.127110e+01,2.112667e+01,2.116796e+01,2.115420e+01,2.106471e+01,2.109914e+01,2.095446e+01,2.107160e+01,2.107160e+01,2.111979e+01,2.118860e+01,2.112667e+01,2.109225e+01,2.109914e+01,2.100960e+01,2.109225e+01,2.108537e+01,2.105094e+01,2.109914e+01
2.118860e+01,2.111291e+01,2.120923e+01,2.116796e+01,2.099582e+01,2.107848e+01,2.107848e+01,2.114044e+01,2.111291e+01,2.111291e+01,2.109914e+01,2.121611e+01,2.116108e+01,2.115420e+01,2.114044e+01,2.110602e+01,2.118172e+01,2.118172e+01,2.113355e+01,2.105094e+01,2.108537e+01,2.114732e+01,2.116796e+01,2.112667e+01,2.101649e+01,2.100960e+01,2.105094e+01,2.110602e+01,2.111291e+01,2.102338e+01,2.101649e+01,2.105782e+01,2.103027e+01,2.103716e+01,2.100960e+01,2.099582e+01,2.101649e+01,2.114044e+01,2.103027e+01,2.106471e+01,2.099582e+01,2.098893e+01,2.111291e+01,2.119548e+01,2.119548e+01,2.102338e+01,2.103027e+01,2.116108e+01,2.116796e+01,2.114044e+01,2.100271e+01,2.114044e+01,2.119548e+01,2.119548e+01,2.114044e+01,2.134668e+01,2.121611e+01,2.116108e+01,2.123674e+01,2.119548e+01,2.131920e+01,2.119548e+01,2.123674e+01,2.126423e+01,2.129859e+01,2.115420e+01,2.125736e+01,2.133294e+01,2.129859e+01,2.127798e+01,2.122298e+01,2.124361e+01,2.130546e+01,2.130546e+01,2.128485e+01,2.111979e+01,2.127110e+01,2.129172e+01,2.129859e+01,2.129172e+01,2.134668e+01,2.131233e+01,2.130546e+01,2.122986e+01,2.138101e+01,2.130546e+01,2.134668e+01,2.131233e+01,2.133294e+01,2.129172e+01,2.121611e+01,2.136728e+01,2.126423e+01,2.127798e+01,2.138101e+01,2.125048e+01,2.128485e+01,2.131920e+01,2.129859e+01,2.125736e+01,2.138101e+01,2.124361e+01,2.129859e+01,2.130546e+01,2.129859e+01,2.129859e+01,2.125736e+01,2.127110e+01,2.129859e+01,2.122298e+01,2.133981e+01,2.127798e+01,2.116108e+01,2.118172e+01,2.127798e+01,2.128485e+01,2.114732e+01,2.118172e+01,2.124361e+01,2.123674e+01,2.110602e+01,2.118860e+01,2.124361e+01,2.121611e+01,2.125048e+01,2.115420e+01,2.115420e+01,2.124361e+01,2.116796e+01,2.115420e+01,2.115420e+01,2.123674e+01,2.118172e+01,2.119548e+01,2.111979e+01,2.121611e+01,2.114044e+01,2.114732e+01,2.129859e+01,2.134668e+01,2.114044e+01,2.120235e+01,2.120235e+01,2.122298e+01,2.108537e+01,2.118172e+01,2.115420e+01,2.107848e+01,2.128485e+01,2.124361e+01,2.116108e+01,2.125048e+01,2.129172e+01,2.116108e+01,2.118172e+01,2.116108e+01,2.119548e+01,2.114732e+01,2.118172e+01,2.127798e+01,2.118860e+01,2.123674e+01,2.118172e+01,2.118860e+01,2.119548e+01,2.118172e+01,2.114044e+01,2.115420e+01,2.122298e+01,2.125048e+01,2.120923e+01,2.118172e+01,2.125048e+01,2.124361e+01,2.120235e+01,2.134668e+01,2.118860e+01,2.118172e+01,2.125048e+01,2.118172e+01,2.082338e+01,2.052610e+01,2.019321e+01,2.015153e+01,2.026960e+01,2.006114e+01,2.015153e+01,2.015848e+01,2.015848e+01,2.013068e+01,2.008896e+01,2.009591e+01,2.024183e+01,2.017932e+01,2.017237e+01,2.015153e+01,2.022100e+01,2.020016e+01,2.026266e+01,2.017932e+01,2.026960e+01,2.021405e+01,2.020711e+01,2.025571e+01,2.025571e+01,2.012372e+01,2.025571e+01,2.031124e+01,2.030430e+01,2.028348e+01,2.026960e+01,2.024183e+01,2.033205e+01,2.034592e+01,2.024877e+01,2.033899e+01,2.035286e+01,2.031818e+01,2.034592e+01,2.036673e+01,2.037366e+01,2.037366e+01,2.035980e+01,2.039447e+01,2.039447e+01,2.036673e+01,2.035286e+01,2.033205e+01,2.034592e+01,2.037366e+01,2.042219e+01,2.045684e+01,2.043605e+01,2.041526e+01,2.048455e+01,2.044991e+01,2.044991e+01,2.047070e+01,2.046377e+01,2.044991e+01,2.049148e+01,2.052610e+01,2.039447e+01,2.041526e+01,2.041526e+01,2.042219e+01,2.037366e+01,2.051225e+01,2.038060e+01,2.040140e+01,2.046377e+01,2.053303e+01,2.095446e+01,2.116796e+01,2.111979e+01,2.120923e+01,2.116796e+01,2.088549e+01,2.058840e+01,2.042219e+01,2.042219e+01,2.040833e+01,2.037366e+01,2.037366e+01,2.044298e+01,2.058840e+01,2.102338e+01,2.080267e+01,2.037366e+01,2.033205e+01,2.035980e+01,2.029042e+01,2.033205e+01,2.036673e+01,2.030430e+01,2.033899e+01,2.025571e+01,2.035286e+01,2.024877e+01,2.031124e+01,2.030430e+01,2.023489e+01,2.035286e+01,2.019321e+01,2.039447e+01,2.051918e+01,2.076814e+01,2.062299e+01,2.091998e+01,2.098893e+01,2.127110e+01,2.127110e+01,2.128485e+01,2.127798e+01,2.127110e+01,2.130546e+01,2.128485e+01,2.129859e+01,2.114044e+01,2.053303e+01,2.023489e+01,2.002636e+01,2.003332e+01,1.994283e+01,1.999156e+01,1.993586e+01,1.989407e+01,1.992193e+01,2.008896e+01,1.999852e+01,2.003332e+01,2.006810e+01,1.990800e+01,2.049840e+01,2.122298e+01,2.131920e+01,2.130546e+01,2.132607e+01,2.131233e+01,2.138788e+01,2.132607e+01,2.136728e+01,2.133294e+01,2.127798e+01,2.127110e+01,2.103716e+01,2.058148e+01,2.015153e+01,1.999156e+01,1.999156e+01,1.998460e+01,1.997068e+01,1.997068e+01,1.994283e+01,2.008201e+01,1.997068e+01,1.995675e+01,2.003332e+01,2.007505e+01,2.001244e+01,1.990800e+01,2.006114e+01,2.007505e+01,1.984528e+01,2.019321e+01,2.012372e+01,2.018627e+01,2.002636e+01,2.006114e+01,2.008201e+01,2.012372e+01,2.012372e+01,2.027654e+01,2.017932e+01,2.029042e+01,2.033899e+01,2.024877e+01,2.025571e+01,2.031818e+01,2.033205e+01,2.033899e+01,2.038753e+01,2.079576e+01,2.142220e+01,2.226963e+01,2.293444e+01,2.311686e+01,2.290063e+01,2.294797e+01,2.290063e+01,2.174423e+01,2.092688e+01,2.086479e+01,2.077505e+01,2.083719e+01,2.067139e+01,2.068522e+01,2.071287e+01,2.065757e+01,2.071978e+01,2.070596e+01,2.077505e+01,2.072669e+01,2.058840e+01,2.072669e+01,2.076814e+01,2.135355e+01,2.179894e+01,2.183996e+01,2.151823e+01,2.109225e+01,2.076123e+01,2.053303e+01,2.052610e+01,2.053303e+01,2.058148e+01,2.047762e+01,2.057456e+01,2.096825e+01,2.140161e+01,2.129859e+01,2.146336e+01,2.140161e+01,2.146336e+01,2.138101e+01,2.136728e+01,2.139474e+01,2.143592e+01,2.147022e+01,2.144964e+01,2.141533e+01,2.149080e+01,2.142220e+01,2.145650e+01,2.154565e+01,2.147708e+01,2.149766e+01,2.147708e+01,2.144964e+01,2.139474e+01,2.134668e+01,2.103716e+01,2.069213e+01,2.041526e+01,2.013068e+01,2.006114e+01,1.989407e+01,1.992193e+01,1.988013e+01,1.998460e+01,1.992193e+01,1.995675e+01,1.985922e+01,1.994979e+01,1.987316e+01,1.994979e+01,1.988710e+01,1.991496e+01,1.992890e+01,1.990800e+01,1.992193e+01,1.990800e+01,1.988710e+01,1.984528e+01,1.988710e+01,1.993586e+01,1.986619e+01,1.983134e+01,1.985225e+01,1.992193e+01,1.994283e+01,1.987316e+01,1.988013e+01,1.988013e+01,1.988710e+01,1.992193e+01,1.989407e+01,1.996371e+01,2.002636e+01,1.994979e+01,1.993586e+01,1.998460e+01,1.992890e+01,2.009591e+01,2.001244e+01,1.994979e+01,1.985225e+01,1.989407e+01,1.996371e+01,1.992193e+01,1.992193e+01,1.992193e+01,1.995675e+01,1.990800e+01,1.992890e+01,1.976858e+01,1.990103e+01,1.973369e+01,1.994979e+01,1.994283e+01,1.989407e+01,1.990800e+01,1.993586e+01,1.986619e+01,1.981042e+01,1.997068e+01,2.001940e+01,1.986619e+01,1.991496e+01,1.986619e+01,1.986619e+01,1.985922e+01,1.983134e+01,1.978950e+01,1.980345e+01,1.979647e+01,1.985922e+01,1.988710e+01,1.984528e+01,1.987316e+01,1.995675e+01,1.992193e+01,1.988013e+01,1.992890e+01,1.988710e+01,1.993586e+01,1.990800e+01,1.992890e+01,1.990103e+01,1.990800e+01,1.988710e+01,1.989407e+01,1.988710e+01,1.992193e+01,1.997764e+01,1.977555e+01,1.995675e+01,1.992193e+01,1.994979e+01,1.988710e+01,1.985922e+01,1.990103e+01,1.980345e+01,1.988710e+01,1.984528e+01,1.975462e+01,1.985225e+01,1.994979e+01,1.986619e+01,1.995675e+01,1.994979e+01,2.003332e+01,2.048455e+01,2.087859e+01,2.105782e+01,2.108537e+01,2.106471e+01,2.114044e+01,2.117484e+01,2.116796e+01,2.118172e+01,2.118172e+01,2.107848e+01,2.110602e+01,2.103027e+01,2.100271e+01,2.118860e+01,2.112667e+01,2.109225e+01,2.118172e+01,2.116108e+01,2.116796e+01,2.114044e+01,2.122986e+01,2.109914e+01,2.120923e+01,2.108537e+01,2.106471e+01,2.113355e+01,2.103716e+01,2.106471e+01,2.092688e+01,2.104405e+01,2.097514e+01,2.098203e+01,2.100960e+01,2.102338e+01,2.100960e+01,2.094067e+01,2.099582e+01,2.105094e+01,2.098893e+01,2.099582e+01,2.102338e+01,2.095446e+01,2.101649e+01,2.107160e+01,2.098893e+01,2.101649e+01,2.104405e+01,2.105094e+01,2.108537e+01,2.099582e+01,2.100271e+01,2.116796e+01,2.104405e+01,2.111979e+01,2.103027e+01,2.114044e+01,2.113355e+01,2.110602e+01,2.108537e+01,2.107160e+01,2.118172e+01,2.111291e+01,2.110602e+01,2.111291e+01,2.108537e+01,2.113355e+01,2.102338e+01,2.114044e+01,2.112667e+01,2.107160e+01,2.107848e+01,2.109914e+01,2.115420e+01,2.113355e+01,2.116796e+01,2.109225e+01,2.123674e+01,2.130546e+01,2.109225e+01,2.109914e+01,2.109225e+01,2.116108e+01,2.128485e+01,2.096135e+01,2.109225e+01,2.118172e+01,2.111979e+01,2.110602e+01,2.116796e+01,2.115420e+01,2.118860e+01,2.111291e+01,2.120923e+01,2.109225e+01,2.107848e+01,2.109225e+01,2.102338e+01,2.108537e+01,2.103716e+01,2.101649e+01,2.100271e+01,2.105094e+01,2.099582e+01,2.098893e+01,2.109914e+01,2.115420e+01,2.105782e+01
2.118860e+01,2.118172e+01,2.122986e+01,2.116796e+01,2.108537e+01,2.106471e+01,2.107848e+01,2.106471e+01,2.113355e+01,2.114044e+01,2.111979e+01,2.122986e+01,2.127110e+01,2.106471e+01,2.112667e+01,2.117484e+01,2.107848e+01,2.105094e+01,2.111979e+01,2.112667e+01,2.106471e+01,2.103716e+01,2.116796e+01,2.105094e+01,2.120923e+01,2.103027e+01,2.113355e+01,2.112667e+01,2.103027e+01,2.108537e+01,2.103027e+01,2.105094e+01,2.098893e+01,2.100271e+01,2.105782e+01,2.102338e+01,2.106471e+01,2.114044e+01,2.105782e+01,2.114044e+01,2.113355e+01,2.114732e+01,2.103027e+01,2.116796e+01,2.120923e+01,2.114732e+01,2.116796e+01,2.106471e+01,2.107160e+01,2.136728e+01,2.113355e+01,2.120923e+01,2.108537e+01,2.133294e+01,2.114044e+01,2.113355e+01,2.119548e+01,2.122298e+01,2.123674e+01,2.129172e+01,2.130546e+01,2.124361e+01,2.128485e+01,2.122986e+01,2.127798e+01,2.120235e+01,2.119548e+01,2.132607e+01,2.125048e+01,2.127798e+01,2.125048e+01,2.129859e+01,2.116108e+01,2.133294e+01,2.128485e+01,2.129859e+01,2.125736e+01,2.132607e+01,2.129172e+01,2.133294e+01,2.136041e+01,2.130546e+01,2.125736e+01,2.136041e+01,2.139474e+01,2.124361e+01,2.127110e+01,2.128485e+01,2.131920e+01,2.122298e+01,2.131233e+01,2.121611e+01,2.124361e+01,2.136728e+01,2.132607e+01,2.126423e+01,2.132607e+01,2.129859e+01,2.129172e+01,2.129172e+01,2.123674e+01,2.127798e+01,2.127798e+01,2.130546e+01,2.121611e+01,2.137415e+01,2.131920e+01,2.131233e+01,2.129859e+01,2.114044e+01,2.119548e+01,2.127798e+01,2.113355e+01,2.113355e+01,2.113355e+01,2.126423e+01,2.115420e+01,2.129172e+01,2.122298e+01,2.119548e+01,2.118860e+01,2.111291e+01,2.115420e+01,2.116796e+01,2.107848e+01,2.126423e+01,2.121611e+01,2.124361e+01,2.122986e+01,2.126423e+01,2.109914e+01,2.125736e+01,2.122298e+01,2.120235e+01,2.114044e+01,2.116796e+01,2.122298e+01,2.122298e+01,2.120923e+01,2.130546e+01,2.113355e+01,2.120235e+01,2.118860e+01,2.120235e+01,2.118172e+01,2.122298e+01,2.115420e+01,2.122986e+01,2.125736e+01,2.127798e+01,2.123674e+01,2.127110e+01,2.121611e+01,2.116108e+01,2.110602e+01,2.113355e+01,2.124361e+01,2.127110e+01,2.121611e+01,2.127798e+01,2.118172e+01,2.126423e+01,2.125736e+01,2.120235e+01,2.119548e+01,2.119548e+01,2.118860e+01,2.111979e+01,2.122986e+01,2.119548e+01,2.121611e+01,2.125048e+01,2.116796e+01,2.124361e+01,2.125048e+01,2.120923e+01,2.114732e+01,2.105094e+01,2.107160e+01,2.080267e+01,2.056763e+01,2.019321e+01,2.022100e+01,2.020016e+01,2.015848e+01,2.015153e+01,2.014458e+01,2.014458e+01,2.013763e+01,2.013763e+01,2.030430e+01,2.010287e+01,2.018627e+01,2.020016e+01,2.024183e+01,2.013068e+01,2.029042e+01,2.013763e+01,2.020711e+01,2.017237e+01,2.022794e+01,2.024877e+01,2.022100e+01,2.024877e+01,2.028348e+01,2.032512e+01,2.031818e+01,2.021405e+01,2.031124e+01,2.023489e+01,2.025571e+01,2.029042e+01,2.023489e+01,2.024877e+01,2.030430e+01,2.024877e+01,2.044298e+01,2.031818e+01,2.031818e+01,2.034592e+01,2.035980e+01,2.036673e+01,2.038060e+01,2.034592e+01,2.040140e+01,2.031818e+01,2.036673e+01,2.038753e+01,2.034592e+01,2.044991e+01,2.035286e+01,2.039447e+01,2.034592e+01,2.045684e+01,2.047070e+01,2.040140e+01,2.036673e+01,2.047762e+01,2.046377e+01,2.047070e+01,2.042912e+01,2.045684e+01,2.042219e+01,2.044298e+01,2.046377e+01,2.045684e+01,2.047762e+01,2.041526e+01,2.041526e+01,2.044298e+01,2.045684e+01,2.049148e+01,2.067139e+01,2.098893e+01,2.101649e+01,2.117484e+01,2.122298e+01,2.079576e+01,2.058148e+01,2.046377e+01,2.035286e+01,2.039447e+01,2.042219e+01,2.035286e+01,2.044298e+01,2.080267e+01,2.111979e+01,2.103027e+01,2.079576e+01,2.035980e+01,2.033899e+01,2.031818e+01,2.028348e+01,2.032512e+01,2.020711e+01,2.026266e+01,2.033205e+01,2.033899e+01,2.038060e+01,2.033205e+01,2.026266e+01,2.040833e+01,2.040833e+01,2.047070e+01,2.058148e+01,2.083719e+01,2.100271e+01,2.114732e+01,2.120923e+01,2.128485e+01,2.129859e+01,2.129859e+01,2.130546e+01,2.128485e+01,2.125736e+01,2.129172e+01,2.122298e+01,2.128485e+01,2.085099e+01,2.039447e+01,2.005419e+01,2.006810e+01,2.006114e+01,1.994283e+01,1.999156e+01,2.007505e+01,2.006810e+01,2.013763e+01,2.007505e+01,2.009591e+01,2.006114e+01,2.006114e+01,2.013763e+01,2.050533e+01,2.122298e+01,2.131233e+01,2.130546e+01,2.133981e+01,2.135355e+01,2.136728e+01,2.138788e+01,2.138788e+01,2.135355e+01,2.133294e+01,2.122298e+01,2.054687e+01,2.033899e+01,2.014458e+01,1.997068e+01,1.999852e+01,2.001244e+01,1.997764e+01,1.997068e+01,2.007505e+01,1.997764e+01,1.999852e+01,2.001244e+01,1.999852e+01,1.997068e+01,2.004723e+01,2.002636e+01,2.006810e+01,2.004027e+01,2.012372e+01,2.009591e+01,2.001940e+01,2.003332e+01,2.001940e+01,2.009591e+01,2.016542e+01,2.005419e+01,2.008201e+01,2.013763e+01,2.015153e+01,2.013763e+01,2.015153e+01,2.026266e+01,2.020016e+01,2.028348e+01,2.025571e+01,2.026266e+01,2.038753e+01,2.042219e+01,2.069213e+01,2.175791e+01,2.270428e+01,2.292768e+01,2.290063e+01,2.279912e+01,2.289387e+01,2.195608e+01,2.100960e+01,2.087859e+01,2.084409e+01,2.085099e+01,2.071978e+01,2.072669e+01,2.071978e+01,2.067831e+01,2.062299e+01,2.069213e+01,2.077505e+01,2.073360e+01,2.075432e+01,2.074051e+01,2.075432e+01,2.135355e+01,2.172371e+01,2.173739e+01,2.127110e+01,2.074742e+01,2.071978e+01,2.050533e+01,2.053303e+01,2.058840e+01,2.053303e+01,2.059531e+01,2.086479e+01,2.104405e+01,2.142906e+01,2.149080e+01,2.147708e+01,2.146336e+01,2.138788e+01,2.144278e+01,2.146336e+01,2.149080e+01,2.139474e+01,2.151823e+01,2.142220e+01,2.148394e+01,2.150451e+01,2.135355e+01,2.140847e+01,2.148394e+01,2.149080e+01,2.147022e+01,2.142220e+01,2.143592e+01,2.150451e+01,2.139474e+01,2.138101e+01,2.100960e+01,2.053995e+01,2.039447e+01,2.006810e+01,1.990103e+01,1.988710e+01,1.995675e+01,1.989407e+01,1.994283e+01,1.997068e+01,2.001940e+01,1.994979e+01,1.990800e+01,1.986619e+01,1.989407e+01,1.976160e+01,1.986619e+01,1.983134e+01,1.992890e+01,1.979647e+01,1.989407e+01,1.986619e+01,1.983134e+01,1.984528e+01,1.983134e+01,1.988013e+01,1.986619e+01,1.991496e+01,1.995675e+01,1.986619e+01,1.990800e+01,1.989407e+01,1.988710e+01,1.992193e+01,1.989407e+01,1.992890e+01,1.992890e+01,1.993586e+01,2.001940e+01,2.018627e+01,2.023489e+01,2.015848e+01,1.988013e+01,2.006114e+01,1.986619e+01,1.993586e+01,1.991496e+01,1.999156e+01,1.991496e+01,1.989407e+01,1.984528e+01,1.997764e+01,1.992890e+01,1.998460e+01,1.981740e+01,1.993586e+01,1.983134e+01,1.992193e+01,1.995675e+01,1.981740e+01,1.988013e+01,1.996371e+01,1.992890e+01,1.994979e+01,1.989407e+01,1.985225e+01,1.988710e+01,1.995675e+01,1.993586e+01,1.984528e+01,1.979647e+01,1.981042e+01,1.993586e+01,1.983134e+01,1.992193e+01,1.974764e+01,1.988710e+01,1.983831e+01,1.993586e+01,1.985922e+01,1.992193e+01,1.981740e+01,1.988013e+01,1.990103e+01,1.981740e+01,1.992193e+01,1.984528e+01,1.992193e+01,1.985225e+01,1.989407e+01,1.989407e+01,1.990103e+01,1.993586e+01,1.993586e+01,1.992890e+01,1.992890e+01,1.995675e+01,1.978253e+01,1.983831e+01,1.983831e+01,1.978950e+01,1.983831e+01,1.998460e+01,1.985922e+01,1.986619e+01,1.996371e+01,1.988013e+01,1.986619e+01,1.989407e+01,1.992890e+01,2.020016e+01,2.055379e+01,2.080267e+01,2.110602e+01,2.110602e+01,2.113355e+01,2.108537e+01,2.109225e+01,2.113355e+01,2.112667e+01,2.111979e+01,2.107160e+01,2.117484e+01,2.108537e+01,2.120923e+01,2.120923e+01,2.116108e+01,2.121611e+01,2.125048e+01,2.111291e+01,2.114044e+01,2.114732e+01,2.106471e+01,2.110602e+01,2.105094e+01,2.111979e+01,2.113355e+01,2.110602e+01,2.107160e+01,2.094757e+01,2.109914e+01,2.099582e+01,2.107160e+01,2.098893e+01,2.099582e+01,2.101649e+01,2.104405e+01,2.094067e+01,2.097514e+01,2.095446e+01,2.098893e+01,2.100960e+01,2.098893e+01,2.097514e+01,2.123674e+01,2.102338e+01,2.103716e+01,2.095446e+01,2.103027e+01,2.098893e+01,2.111291e+01,2.111291e+01,2.098203e+01,2.116108e+01,2.104405e+01,2.110602e+01,2.108537e+01,2.108537e+01,2.117484e+01,2.116796e+01,2.119548e+01,2.100960e+01,2.098203e+01,2.108537e+01,2.110602e+01,2.111291e+01,2.114732e+01,2.113355e+01,2.118172e+01,2.105782e+01,2.107160e+01,2.112667e+01,2.109914e+01,2.122298e+01,2.120923e+01,2.120235e+01,2.114044e+01,2.113355e+01,2.111979e+01,2.112667e+01,2.109914e+01,2.111979e+01,2.111979e+01,2.109914e+01,2.114044e+01,2.124361e+01,2.125048e+01,2.109225e+01,2.107848e+01,2.112667e+01,2.110602e+01,2.118860e+01,2.111291e+01,2.112667e+01,2.109914e+01,2.110602e+01,2.108537e+01,2.113355e+01,2.120235e+01,2.118172e+01,2.118860e+01,2.117484e+01,2.128485e+01,2.108537e+01,2.109914e+01,2.103716e+01,2.105782e+01,2.102338e+01
2.113355e+01,2.110602e+01,2.115420e+01,2.110602e+01,2.118172e+01,2.107160e+01,2.116796e+01,2.108537e+01,2.126423e+01,2.121611e+01,2.115420e+01,2.100271e+01,2.106471e+01,2.125736e+01,2.101649e+01,2.111979e+01,2.115420e+01,2.114732e+01,2.114732e+01,2.103027e+01,2.105782e+01,2.110602e+01,2.107848e+01,2.108537e+01,2.112667e+01,2.103716e+01,2.105094e+01,2.104405e+01,2.103716e+01,2.107160e+01,2.103027e+01,2.095446e+01,2.103027e+01,2.102338e+01,2.114044e+01,2.113355e+01,2.111979e+01,2.107160e+01,2.103716e+01,2.111979e+01,2.116108e+01,2.102338e+01,2.113355e+01,2.118172e+01,2.098203e+01,2.111291e+01,2.117484e+01,2.119548e+01,2.116796e+01,2.115420e+01,2.120923e+01,2.122986e+01,2.116796e+01,2.122298e+01,2.118860e+01,2.120923e+01,2.122986e+01,2.125048e+01,2.120235e+01,2.125736e+01,2.127110e+01,2.132607e+01,2.121611e+01,2.125736e+01,2.118172e+01,2.130546e+01,2.109225e+01,2.118172e+01,2.121611e+01,2.120923e+01,2.129859e+01,2.130546e+01,2.129172e+01,2.130546e+01,2.128485e+01,2.130546e+01,2.127798e+01,2.126423e+01,2.131920e+01,2.131920e+01,2.130546e+01,2.129859e+01,2.137415e+01,2.116796e+01,2.117484e+01,2.120923e+01,2.128485e+01,2.120235e+01,2.127110e+01,2.129172e+01,2.127110e+01,2.125048e+01,2.122986e+01,2.129172e+01,2.136728e+01,2.125048e+01,2.132607e+01,2.125736e+01,2.133294e+01,2.127798e+01,2.122986e+01,2.138101e+01,2.128485e+01,2.129172e+01,2.131233e+01,2.132607e+01,2.124361e+01,2.129172e+01,2.128485e+01,2.116796e+01,2.114044e+01,2.118860e+01,2.118860e+01,2.125048e+01,2.120235e+01,2.112667e+01,2.114044e+01,2.114732e+01,2.122298e+01,2.116108e+01,2.114732e+01,2.112667e+01,2.116796e+01,2.114732e+01,2.127798e+01,2.127110e+01,2.112667e+01,2.127110e+01,2.123674e+01,2.117484e+01,2.121611e+01,2.132607e+01,2.124361e+01,2.126423e+01,2.123674e+01,2.120235e+01,2.117484e+01,2.119548e+01,2.120235e+01,2.132607e+01,2.125048e+01,2.117484e+01,2.113355e+01,2.111979e+01,2.123674e+01,2.118172e+01,2.119548e+01,2.122298e+01,2.122986e+01,2.127798e+01,2.114044e+01,2.120235e+01,2.110602e+01,2.119548e+01,2.118860e+01,2.114732e+01,2.115420e+01,2.119548e+01,2.120235e+01,2.122298e+01,2.122986e+01,2.123674e+01,2.123674e+01,2.116108e+01,2.114732e+01,2.116796e+01,2.120923e+01,2.119548e+01,2.114044e+01,2.124361e+01,2.116796e+01,2.121611e+01,2.119548e+01,2.125048e+01,2.116108e+01,2.127110e+01,2.113355e+01,2.118172e+01,2.107848e+01,2.079576e+01,2.038753e+01,2.030430e+01,2.016542e+01,2.014458e+01,2.011677e+01,2.015153e+01,2.015153e+01,2.013068e+01,2.019321e+01,2.021405e+01,2.007505e+01,2.010982e+01,2.010287e+01,2.015848e+01,2.015848e+01,2.017932e+01,2.017237e+01,2.016542e+01,2.015848e+01,2.029736e+01,2.033899e+01,2.025571e+01,2.030430e+01,2.031124e+01,2.031124e+01,2.031124e+01,2.026266e+01,2.028348e+01,2.027654e+01,2.035286e+01,2.031818e+01,2.032512e+01,2.025571e+01,2.028348e+01,2.026266e+01,2.026960e+01,2.031818e+01,2.033205e+01,2.034592e+01,2.037366e+01,2.038753e+01,2.038060e+01,2.036673e+01,2.035286e+01,2.039447e+01,2.039447e+01,2.037366e+01,2.033899e+01,2.038060e+01,2.034592e+01,2.038753e+01,2.039447e+01,2.041526e+01,2.045684e+01,2.040140e+01,2.037366e+01,2.040833e+01,2.045684e+01,2.046377e+01,2.048455e+01,2.049840e+01,2.045684e+01,2.037366e+01,2.048455e+01,2.042219e+01,2.042219e+01,2.048455e+01,2.047762e+01,2.042912e+01,2.040833e+01,2.066448e+01,2.051225e+01,2.054687e+01,2.074742e+01,2.084409e+01,2.118860e+01,2.098203e+01,2.063682e+01,2.041526e+01,2.044991e+01,2.042912e+01,2.042219e+01,2.044298e+01,2.044298e+01,2.048455e+01,2.109914e+01,2.131920e+01,2.125048e+01,2.098893e+01,2.070596e+01,2.034592e+01,2.029736e+01,2.030430e+01,2.033899e+01,2.027654e+01,2.033205e+01,2.024877e+01,2.030430e+01,2.029042e+01,2.033899e+01,2.021405e+01,2.012372e+01,2.035980e+01,2.040140e+01,2.056071e+01,2.085099e+01,2.132607e+01,2.138788e+01,2.140161e+01,2.131233e+01,2.143592e+01,2.134668e+01,2.129859e+01,2.127798e+01,2.127798e+01,2.128485e+01,2.122298e+01,2.115420e+01,2.035286e+01,2.008896e+01,1.999852e+01,2.006810e+01,2.006114e+01,1.999852e+01,2.004027e+01,2.010982e+01,2.013763e+01,2.013763e+01,2.013763e+01,2.012372e+01,2.010287e+01,1.999156e+01,2.013763e+01,2.080957e+01,2.122298e+01,2.131233e+01,2.133294e+01,2.131920e+01,2.133294e+01,2.136041e+01,2.136041e+01,2.135355e+01,2.138788e+01,2.116108e+01,2.062990e+01,2.008201e+01,2.011677e+01,1.997764e+01,2.000548e+01,1.997764e+01,2.001244e+01,1.997764e+01,1.999852e+01,1.997764e+01,1.993586e+01,1.999852e+01,2.001244e+01,1.994979e+01,1.999852e+01,2.004027e+01,2.005419e+01,2.009591e+01,2.026266e+01,2.031124e+01,2.029042e+01,2.019321e+01,2.017237e+01,2.004027e+01,1.992193e+01,2.006114e+01,2.007505e+01,2.010287e+01,2.011677e+01,2.015153e+01,2.019321e+01,2.030430e+01,2.013068e+01,2.011677e+01,2.019321e+01,2.031124e+01,2.019321e+01,2.032512e+01,2.038060e+01,2.042219e+01,2.088549e+01,2.175791e+01,2.256865e+01,2.269073e+01,2.287357e+01,2.290063e+01,2.239886e+01,2.105094e+01,2.086479e+01,2.084409e+01,2.084409e+01,2.076814e+01,2.073360e+01,2.065065e+01,2.067831e+01,2.065757e+01,2.076814e+01,2.072669e+01,2.068522e+01,2.074051e+01,2.076814e+01,2.068522e+01,2.116108e+01,2.151137e+01,2.133981e+01,2.079576e+01,2.058148e+01,2.051918e+01,2.053303e+01,2.058840e+01,2.049840e+01,2.051225e+01,2.060223e+01,2.116796e+01,2.140161e+01,2.143592e+01,2.160047e+01,2.142220e+01,2.147708e+01,2.149080e+01,2.144278e+01,2.151137e+01,2.151823e+01,2.156621e+01,2.160047e+01,2.148394e+01,2.146336e+01,2.149080e+01,2.152508e+01,2.150451e+01,2.142220e+01,2.147708e+01,2.150451e+01,2.151823e+01,2.144964e+01,2.152508e+01,2.140847e+01,2.151823e+01,2.131233e+01,2.105094e+01,2.065757e+01,2.020016e+01,2.006114e+01,2.001244e+01,1.993586e+01,1.987316e+01,1.992890e+01,1.995675e+01,1.998460e+01,1.984528e+01,1.988710e+01,1.988013e+01,1.988013e+01,1.998460e+01,1.976160e+01,1.976858e+01,1.979647e+01,1.999852e+01,1.986619e+01,1.987316e+01,1.988710e+01,1.987316e+01,1.984528e+01,1.984528e+01,1.985225e+01,1.988013e+01,1.990103e+01,1.989407e+01,1.989407e+01,1.983831e+01,1.984528e+01,1.990103e+01,1.992193e+01,1.996371e+01,1.996371e+01,1.995675e+01,2.022100e+01,2.060915e+01,2.059531e+01,2.026266e+01,1.994283e+01,1.996371e+01,1.987316e+01,1.991496e+01,1.993586e+01,1.990103e+01,1.988013e+01,1.992193e+01,1.988710e+01,1.987316e+01,1.993586e+01,1.994283e+01,1.983134e+01,1.974764e+01,1.978950e+01,1.992890e+01,1.983134e+01,1.988710e+01,1.986619e+01,1.989407e+01,1.989407e+01,1.986619e+01,1.995675e+01,1.994283e+01,1.985922e+01,1.983831e+01,1.992890e+01,1.981042e+01,1.980345e+01,1.983134e+01,1.994979e+01,1.992890e+01,1.993586e+01,1.990103e+01,1.985922e+01,1.978950e+01,1.983831e+01,1.991496e+01,1.992193e+01,1.982437e+01,1.984528e+01,1.988013e+01,1.980345e+01,1.977555e+01,1.983831e+01,1.990103e+01,1.986619e+01,1.986619e+01,1.986619e+01,1.987316e+01,1.976858e+01,1.997764e+01,1.990103e+01,1.987316e+01,1.985225e+01,1.983831e+01,1.986619e+01,1.984528e+01,1.996371e+01,1.981740e+01,1.986619e+01,1.983831e+01,1.991496e+01,1.988013e+01,1.986619e+01,1.988013e+01,1.988710e+01,1.989407e+01,1.996371e+01,2.038060e+01,2.060915e+01,2.097514e+01,2.105782e+01,2.104405e+01,2.113355e+01,2.108537e+01,2.100271e+01,2.103027e+01,2.106471e+01,2.111979e+01,2.108537e+01,2.109225e+01,2.116796e+01,2.112667e+01,2.112667e+01,2.111291e+01,2.111979e+01,2.111979e+01,2.108537e+01,2.112667e+01,2.104405e+01,2.111291e+01,2.105094e+01,2.107848e+01,2.105094e+01,2.111979e+01,2.098203e+01,2.094757e+01,2.107160e+01,2.102338e+01,2.096135e+01,2.101649e+01,2.104405e+01,2.097514e+01,2.099582e+01,2.097514e+01,2.096135e+01,2.100960e+01,2.104405e+01,2.100960e+01,2.105782e+01,2.103027e+01,2.103027e+01,2.105782e+01,2.104405e+01,2.120923e+01,2.121611e+01,2.107160e+01,2.110602e+01,2.105782e+01,2.112667e+01,2.110602e+01,2.106471e+01,2.111979e+01,2.109914e+01,2.105782e+01,2.115420e+01,2.104405e+01,2.105094e+01,2.116108e+01,2.110602e+01,2.105094e+01,2.114044e+01,2.109225e+01,2.105782e+01,2.112667e+01,2.108537e+01,2.118172e+01,2.107848e+01,2.113355e+01,2.106471e+01,2.109914e+01,2.118172e+01,2.112667e+01,2.117484e+01,2.122298e+01,2.113355e+01,2.112667e+01,2.108537e+01,2.111291e+01,2.111979e+01,2.109914e+01,2.109225e+01,2.123674e+01,2.114044e+01,2.100960e+01,2.111979e+01,2.115420e+01,2.109225e+01,2.120235e+01,2.113355e+01,2.113355e+01,2.110602e+01,2.109914e+01,2.110602e+01,2.117484e+01,2.120235e+01,2.105782e+01,2.114044e+01,2.111979e+01,2.101649e+01,2.115420e+01,2.114732e+01,2.109914e+01,2.113355e+01,2.100271e+01
2.117484e+01,2.111291e+01,2.116796e+01,2.114732e+01,2.114732e+01,2.107848e+01,2.122298e+01,2.116108e+01,2.116108e+01,2.109914e+01,2.109225e+01,2.112667e+01,2.116796e+01,2.117484e+01,2.114044e+01,2.099582e+01,2.113355e+01,2.113355e+01,2.095446e+01,2.108537e+01,2.104405e+01,2.109914e+01,2.120923e+01,2.113355e+01,2.111979e+01,2.107160e+01,2.100271e+01,2.101649e+01,2.103716e+01,2.116796e+01,2.112667e+01,2.098893e+01,2.103716e+01,2.106471e+01,2.100960e+01,2.098893e+01,2.109914e+01,2.109914e+01,2.118860e+01,2.111979e+01,2.101649e+01,2.114732e+01,2.119548e+01,2.118172e+01,2.114044e+01,2.101649e+01,2.102338e+01,2.105094e+01,2.116796e+01,2.134668e+01,2.120235e+01,2.118172e+01,2.122298e+01,2.105094e+01,2.121611e+01,2.120923e+01,2.133294e+01,2.125736e+01,2.129172e+01,2.122298e+01,2.129172e+01,2.124361e+01,2.115420e+01,2.118860e+01,2.127110e+01,2.130546e+01,2.122298e+01,2.126423e+01,2.106471e+01,2.112667e+01,2.121611e+01,2.129172e+01,2.131233e+01,2.138788e+01,2.126423e+01,2.130546e+01,2.131920e+01,2.125048e+01,2.128485e+01,2.133294e+01,2.129172e+01,2.123674e+01,2.129172e+01,2.138101e+01,2.129172e+01,2.127798e+01,2.132607e+01,2.133294e+01,2.133981e+01,2.131920e+01,2.131920e+01,2.128485e+01,2.123674e+01,2.133981e+01,2.129859e+01,2.113355e+01,2.129172e+01,2.123674e+01,2.133294e+01,2.127110e+01,2.127110e+01,2.127798e+01,2.123674e+01,2.125736e+01,2.126423e+01,2.124361e+01,2.131920e+01,2.133294e+01,2.114044e+01,2.119548e+01,2.128485e+01,2.126423e+01,2.111979e+01,2.115420e+01,2.121611e+01,2.121611e+01,2.124361e+01,2.114732e+01,2.114044e+01,2.116796e+01,2.116796e+01,2.125736e+01,2.120923e+01,2.127798e+01,2.116108e+01,2.122298e+01,2.119548e+01,2.118172e+01,2.116108e+01,2.116796e+01,2.118860e+01,2.121611e+01,2.120923e+01,2.120923e+01,2.122986e+01,2.116796e+01,2.125048e+01,2.131233e+01,2.118172e+01,2.125048e+01,2.120235e+01,2.118172e+01,2.118172e+01,2.124361e+01,2.115420e+01,2.122298e+01,2.120235e+01,2.121611e+01,2.125736e+01,2.125048e+01,2.122986e+01,2.111291e+01,2.120923e+01,2.122986e+01,2.114732e+01,2.123674e+01,2.118172e+01,2.121611e+01,2.122298e+01,2.125736e+01,2.120923e+01,2.120235e+01,2.121611e+01,2.118172e+01,2.116108e+01,2.116108e+01,2.120235e+01,2.116108e+01,2.127798e+01,2.127798e+01,2.107160e+01,2.126423e+01,2.125736e+01,2.125048e+01,2.122298e+01,2.125048e+01,2.124361e+01,2.120235e+01,2.107848e+01,2.044298e+01,2.015848e+01,2.016542e+01,2.013763e+01,2.013763e+01,2.014458e+01,2.013068e+01,2.010287e+01,2.012372e+01,2.020016e+01,2.022794e+01,2.023489e+01,2.022100e+01,2.023489e+01,2.029042e+01,2.022794e+01,2.011677e+01,2.027654e+01,2.020016e+01,2.022794e+01,2.029042e+01,2.029736e+01,2.032512e+01,2.032512e+01,2.047762e+01,2.041526e+01,2.046377e+01,2.055379e+01,2.062299e+01,2.036673e+01,2.033205e+01,2.034592e+01,2.033205e+01,2.026960e+01,2.032512e+01,2.027654e+01,2.029736e+01,2.034592e+01,2.026960e+01,2.038753e+01,2.033205e+01,2.039447e+01,2.038753e+01,2.035286e+01,2.033205e+01,2.038753e+01,2.041526e+01,2.039447e+01,2.031124e+01,2.037366e+01,2.033205e+01,2.052610e+01,2.039447e+01,2.042219e+01,2.037366e+01,2.037366e+01,2.044298e+01,2.044991e+01,2.036673e+01,2.048455e+01,2.047762e+01,2.047762e+01,2.044298e+01,2.049840e+01,2.043605e+01,2.040140e+01,2.039447e+01,2.041526e+01,2.046377e+01,2.041526e+01,2.033899e+01,2.055379e+01,2.053995e+01,2.051225e+01,2.065757e+01,2.076123e+01,2.091308e+01,2.098203e+01,2.080957e+01,2.051918e+01,2.047070e+01,2.059531e+01,2.044991e+01,2.042912e+01,2.044991e+01,2.079576e+01,2.102338e+01,2.118860e+01,2.131920e+01,2.126423e+01,2.098893e+01,2.063682e+01,2.034592e+01,2.037366e+01,2.051225e+01,2.030430e+01,2.024183e+01,2.032512e+01,2.026960e+01,2.026960e+01,2.038060e+01,2.040140e+01,2.040833e+01,2.040140e+01,2.040833e+01,2.060223e+01,2.091308e+01,2.140161e+01,2.131233e+01,2.138788e+01,2.136041e+01,2.136041e+01,2.138788e+01,2.125736e+01,2.130546e+01,2.130546e+01,2.122986e+01,2.110602e+01,2.053995e+01,2.019321e+01,2.001940e+01,2.014458e+01,2.009591e+01,2.014458e+01,2.011677e+01,2.013763e+01,2.003332e+01,1.993586e+01,2.009591e+01,2.002636e+01,2.008896e+01,2.013068e+01,1.999852e+01,2.022100e+01,2.073360e+01,2.120923e+01,2.125736e+01,2.132607e+01,2.126423e+01,2.133981e+01,2.137415e+01,2.136041e+01,2.138788e+01,2.133981e+01,2.090619e+01,2.014458e+01,2.006810e+01,1.995675e+01,2.005419e+01,1.997764e+01,2.008201e+01,2.000548e+01,1.999852e+01,2.004027e+01,1.997068e+01,1.993586e+01,1.992193e+01,2.010982e+01,1.994979e+01,2.013763e+01,2.026266e+01,2.060915e+01,2.090619e+01,2.107848e+01,2.113355e+01,2.064374e+01,2.020016e+01,2.006810e+01,2.010982e+01,2.004723e+01,2.001940e+01,2.006114e+01,2.006810e+01,1.999852e+01,2.008896e+01,2.016542e+01,2.010982e+01,2.022100e+01,2.019321e+01,2.031124e+01,2.019321e+01,2.018627e+01,2.029736e+01,2.041526e+01,2.038060e+01,2.053995e+01,2.088549e+01,2.171002e+01,2.260936e+01,2.271106e+01,2.273816e+01,2.252114e+01,2.159362e+01,2.094757e+01,2.080267e+01,2.079576e+01,2.078195e+01,2.072669e+01,2.062990e+01,2.069905e+01,2.064374e+01,2.065065e+01,2.076814e+01,2.067831e+01,2.074051e+01,2.074742e+01,2.083719e+01,2.114732e+01,2.111979e+01,2.083028e+01,2.058840e+01,2.056071e+01,2.051918e+01,2.051918e+01,2.050533e+01,2.065757e+01,2.062990e+01,2.112667e+01,2.143592e+01,2.149080e+01,2.147708e+01,2.151137e+01,2.160047e+01,2.155250e+01,2.153194e+01,2.151137e+01,2.144278e+01,2.146336e+01,2.155936e+01,2.155250e+01,2.148394e+01,2.147022e+01,2.156621e+01,2.151823e+01,2.156621e+01,2.149080e+01,2.149766e+01,2.149766e+01,2.150451e+01,2.147708e+01,2.150451e+01,2.150451e+01,2.154565e+01,2.140161e+01,2.125736e+01,2.108537e+01,2.048455e+01,2.021405e+01,2.008201e+01,1.990103e+01,1.988710e+01,1.994283e+01,1.978253e+01,1.985225e+01,1.994979e+01,1.990103e+01,1.986619e+01,1.983831e+01,1.988013e+01,1.983831e+01,1.975462e+01,1.985922e+01,1.989407e+01,1.985922e+01,1.986619e+01,1.981042e+01,1.985225e+01,1.985922e+01,1.985225e+01,1.983134e+01,1.984528e+01,1.984528e+01,1.985225e+01,1.985922e+01,1.989407e+01,1.988710e+01,1.992890e+01,1.996371e+01,2.000548e+01,1.993586e+01,2.002636e+01,2.020016e+01,2.075432e+01,2.078886e+01,2.062299e+01,2.016542e+01,1.996371e+01,1.992193e+01,1.984528e+01,1.984528e+01,1.989407e+01,1.983134e+01,1.987316e+01,1.983134e+01,1.983134e+01,1.983831e+01,1.981042e+01,1.981042e+01,1.983134e+01,1.981042e+01,1.983134e+01,1.989407e+01,1.986619e+01,1.989407e+01,1.990800e+01,1.991496e+01,1.989407e+01,1.990103e+01,1.987316e+01,1.994283e+01,1.985225e+01,1.983134e+01,1.985225e+01,1.992890e+01,1.988710e+01,1.992193e+01,1.979647e+01,1.981042e+01,1.991496e+01,1.981042e+01,1.988710e+01,1.976858e+01,1.986619e+01,1.990103e+01,1.989407e+01,1.990103e+01,1.980345e+01,1.992890e+01,1.986619e+01,1.984528e+01,1.992890e+01,1.989407e+01,1.987316e+01,1.980345e+01,1.976160e+01,1.999852e+01,1.985922e+01,1.988013e+01,1.988710e+01,1.984528e+01,1.988013e+01,1.988710e+01,1.983134e+01,1.985922e+01,1.983831e+01,1.987316e+01,1.982437e+01,1.988013e+01,1.988013e+01,1.983831e+01,1.985225e+01,1.978950e+01,1.992193e+01,1.992890e+01,2.011677e+01,2.060915e+01,2.088549e+01,2.105782e+01,2.109914e+01,2.102338e+01,2.117484e+01,2.115420e+01,2.107160e+01,2.122986e+01,2.107848e+01,2.105782e+01,2.107848e+01,2.110602e+01,2.109225e+01,2.120235e+01,2.109225e+01,2.111291e+01,2.103716e+01,2.109914e+01,2.114044e+01,2.109914e+01,2.115420e+01,2.109914e+01,2.111291e+01,2.101649e+01,2.108537e+01,2.111291e+01,2.110602e+01,2.101649e+01,2.096135e+01,2.107160e+01,2.099582e+01,2.096825e+01,2.096825e+01,2.101649e+01,2.094067e+01,2.095446e+01,2.106471e+01,2.100271e+01,2.098893e+01,2.099582e+01,2.103716e+01,2.100960e+01,2.105094e+01,2.098893e+01,2.103027e+01,2.105094e+01,2.104405e+01,2.102338e+01,2.096825e+01,2.099582e+01,2.108537e+01,2.107848e+01,2.106471e+01,2.111979e+01,2.109914e+01,2.105782e+01,2.116108e+01,2.108537e+01,2.103716e+01,2.112667e+01,2.113355e+01,2.110602e+01,2.107160e+01,2.110602e+01,2.107160e+01,2.109914e+01,2.112667e+01,2.115420e+01,2.116108e+01,2.116796e+01,2.107848e+01,2.122986e+01,2.111291e+01,2.107160e+01,2.119548e+01,2.112667e+01,2.116108e+01,2.120923e+01,2.120235e+01,2.110602e+01,2.118860e+01,2.107848e+01,2.113355e+01,2.110602e+01,2.119548e+01,2.114732e+01,2.112667e+01,2.116796e+01,2.117484e+01,2.118860e+01,2.118860e+01,2.112667e+01,2.110602e+01,2.109914e+01,2.114044e+01,2.118172e+01,2.118860e+01,2.114732e+01,2.118860e+01,2.107160e+01,2.122298e+01,2.116796e+01,2.116108e+01,2.112667e+01,2.111291e+01
2.118860e+01,2.117484e+01,2.114044e+01,2.115420e+01,2.113355e+01,2.087859e+01,2.118860e+01,2.121611e+01,2.113355e+01,2.107160e+01,2.116108e+01,2.118172e+01,2.118172e+01,2.113355e+01,2.108537e+01,2.122298e+01,2.108537e+01,2.111291e+01,2.102338e+01,2.119548e+01,2.108537e+01,2.110602e+01,2.106471e+01,2.107160e+01,2.112667e+01,2.112667e+01,2.112667e+01,2.109225e+01,2.116796e+01,2.116108e+01,2.106471e+01,2.109914e+01,2.109914e+01,2.107848e+01,2.107848e+01,2.111291e+01,2.105782e+01,2.111291e+01,2.111979e+01,2.108537e+01,2.113355e+01,2.117484e+01,2.117484e+01,2.118860e+01,2.109225e+01,2.122986e+01,2.121611e+01,2.129172e+01,2.120235e+01,2.122986e+01,2.117484e+01,2.122986e+01,2.116108e+01,2.116796e+01,2.121611e+01,2.119548e+01,2.120235e+01,2.125736e+01,2.121611e+01,2.118860e+01,2.124361e+01,2.129172e+01,2.119548e+01,2.120235e+01,2.122298e+01,2.130546e+01,2.127798e+01,2.121611e+01,2.125048e+01,2.127798e+01,2.130546e+01,2.133294e+01,2.131920e+01,2.129172e+01,2.134668e+01,2.149080e+01,2.136728e+01,2.141533e+01,2.127798e+01,2.132607e+01,2.133294e+01,2.131233e+01,2.129172e+01,2.129172e+01,2.138101e+01,2.133981e+01,2.131920e+01,2.132607e+01,2.128485e+01,2.129859e+01,2.130546e+01,2.128485e+01,2.131920e+01,2.126423e+01,2.149766e+01,2.127110e+01,2.125736e+01,2.118172e+01,2.124361e+01,2.132607e+01,2.128485e+01,2.131920e+01,2.126423e+01,2.129859e+01,2.130546e+01,2.124361e+01,2.122986e+01,2.115420e+01,2.124361e+01,2.118860e+01,2.129859e+01,2.114044e+01,2.116108e+01,2.117484e+01,2.118860e+01,2.127798e+01,2.115420e+01,2.116796e+01,2.120923e+01,2.128485e+01,2.122298e+01,2.122986e+01,2.120235e+01,2.116796e+01,2.122986e+01,2.114044e+01,2.117484e+01,2.125736e+01,2.106471e+01,2.114044e+01,2.118860e+01,2.120235e+01,2.119548e+01,2.128485e+01,2.122298e+01,2.124361e+01,2.119548e+01,2.114044e+01,2.126423e+01,2.127798e+01,2.120923e+01,2.117484e+01,2.120235e+01,2.121611e+01,2.112667e+01,2.120923e+01,2.122986e+01,2.121611e+01,2.125736e+01,2.123674e+01,2.120923e+01,2.127798e+01,2.122986e+01,2.111291e+01,2.118172e+01,2.122298e+01,2.119548e+01,2.120923e+01,2.124361e+01,2.122986e+01,2.122298e+01,2.123674e+01,2.125736e+01,2.114732e+01,2.120923e+01,2.121611e+01,2.118860e+01,2.127110e+01,2.120923e+01,2.129172e+01,2.125736e+01,2.127110e+01,2.116796e+01,2.127798e+01,2.118860e+01,2.119548e+01,2.129859e+01,2.125736e+01,2.100960e+01,2.038753e+01,2.040833e+01,2.040140e+01,2.037366e+01,2.038753e+01,2.031818e+01,2.025571e+01,2.017237e+01,2.023489e+01,2.024877e+01,2.024877e+01,2.042912e+01,2.031818e+01,2.026960e+01,2.029736e+01,2.028348e+01,2.040140e+01,2.040140e+01,2.038753e+01,2.064374e+01,2.065065e+01,2.053303e+01,2.060915e+01,2.071978e+01,2.073360e+01,2.105782e+01,2.102338e+01,2.108537e+01,2.116796e+01,2.066448e+01,2.044298e+01,2.029736e+01,2.035286e+01,2.027654e+01,2.032512e+01,2.036673e+01,2.033899e+01,2.037366e+01,2.040140e+01,2.040833e+01,2.040140e+01,2.038060e+01,2.036673e+01,2.038060e+01,2.040140e+01,2.033899e+01,2.033205e+01,2.037366e+01,2.040140e+01,2.039447e+01,2.034592e+01,2.037366e+01,2.049840e+01,2.037366e+01,2.042912e+01,2.044298e+01,2.044991e+01,2.047070e+01,2.047762e+01,2.047070e+01,2.048455e+01,2.047762e+01,2.044298e+01,2.048455e+01,2.043605e+01,2.038060e+01,2.038060e+01,2.038753e+01,2.037366e+01,2.040833e+01,2.037366e+01,2.046377e+01,2.049148e+01,2.044991e+01,2.054687e+01,2.071287e+01,2.069905e+01,2.089239e+01,2.093377e+01,2.085099e+01,2.044991e+01,2.042219e+01,2.045684e+01,2.047762e+01,2.071287e+01,2.080267e+01,2.125736e+01,2.138101e+01,2.123674e+01,2.124361e+01,2.116108e+01,2.114732e+01,2.063682e+01,2.033899e+01,2.040140e+01,2.025571e+01,2.048455e+01,2.042912e+01,2.032512e+01,2.042219e+01,2.043605e+01,2.042912e+01,2.038753e+01,2.084409e+01,2.085789e+01,2.114044e+01,2.121611e+01,2.131233e+01,2.138101e+01,2.129172e+01,2.138101e+01,2.135355e+01,2.131920e+01,2.133981e+01,2.132607e+01,2.129859e+01,2.129172e+01,2.085789e+01,2.040833e+01,2.014458e+01,1.998460e+01,2.010982e+01,2.011677e+01,2.015848e+01,2.014458e+01,2.008896e+01,2.002636e+01,2.008896e+01,2.002636e+01,1.997068e+01,2.009591e+01,2.005419e+01,2.006114e+01,2.026266e+01,2.080267e+01,2.124361e+01,2.120235e+01,2.131920e+01,2.135355e+01,2.131233e+01,2.149766e+01,2.134668e+01,2.141533e+01,2.117484e+01,2.042912e+01,2.013763e+01,2.010982e+01,2.012372e+01,2.002636e+01,2.012372e+01,2.001244e+01,2.003332e+01,2.013763e+01,1.999852e+01,2.020016e+01,2.022794e+01,2.028348e+01,2.057456e+01,2.079576e+01,2.102338e+01,2.144964e+01,2.175791e+01,2.190145e+01,2.209252e+01,2.181262e+01,2.065065e+01,2.015153e+01,1.998460e+01,2.001940e+01,2.000548e+01,1.998460e+01,2.013763e+01,2.013068e+01,2.008896e+01,2.011677e+01,2.016542e+01,2.013763e+01,2.014458e+01,2.014458e+01,2.027654e+01,2.020711e+01,2.024183e+01,2.022794e+01,2.040140e+01,2.045684e+01,2.072669e+01,2.045684e+01,2.087169e+01,2.164841e+01,2.242604e+01,2.273816e+01,2.256186e+01,2.178527e+01,2.106471e+01,2.083719e+01,2.080957e+01,2.078195e+01,2.073360e+01,2.074742e+01,2.075432e+01,2.067139e+01,2.073360e+01,2.076814e+01,2.075432e+01,2.076123e+01,2.075432e+01,2.081648e+01,2.089929e+01,2.081648e+01,2.060915e+01,2.055379e+01,2.055379e+01,2.078886e+01,2.059531e+01,2.058840e+01,2.061607e+01,2.103716e+01,2.117484e+01,2.155936e+01,2.146336e+01,2.160732e+01,2.149080e+01,2.158677e+01,2.158677e+01,2.157306e+01,2.153880e+01,2.162787e+01,2.153880e+01,2.157991e+01,2.148394e+01,2.149080e+01,2.148394e+01,2.143592e+01,2.153880e+01,2.149766e+01,2.155250e+01,2.151137e+01,2.152508e+01,2.150451e+01,2.146336e+01,2.150451e+01,2.159362e+01,2.140847e+01,2.149766e+01,2.156621e+01,2.150451e+01,2.100960e+01,2.050533e+01,2.008896e+01,1.997068e+01,1.993586e+01,2.009591e+01,1.992890e+01,1.990800e+01,1.985225e+01,1.988710e+01,1.983134e+01,1.989407e+01,1.981042e+01,2.004027e+01,1.981042e+01,1.987316e+01,1.985922e+01,1.994283e+01,1.990103e+01,1.985225e+01,1.985922e+01,1.995675e+01,1.985922e+01,1.988013e+01,1.974067e+01,1.988013e+01,1.987316e+01,1.983134e+01,1.987316e+01,1.993586e+01,1.999156e+01,1.999852e+01,1.991496e+01,1.992890e+01,2.007505e+01,2.015848e+01,2.075432e+01,2.116796e+01,2.100271e+01,2.031818e+01,2.003332e+01,1.993586e+01,1.991496e+01,2.006114e+01,1.983134e+01,1.996371e+01,1.985922e+01,1.985225e+01,1.992193e+01,1.980345e+01,1.994283e+01,1.986619e+01,1.981042e+01,1.982437e+01,1.983134e+01,1.985922e+01,1.989407e+01,1.990103e+01,1.992193e+01,1.990800e+01,1.985922e+01,1.995675e+01,1.988013e+01,1.997068e+01,1.997068e+01,1.988013e+01,1.990800e+01,1.988013e+01,1.990800e+01,1.993586e+01,1.994283e+01,2.008201e+01,1.989407e+01,2.005419e+01,1.983134e+01,1.987316e+01,1.994979e+01,1.992890e+01,1.999156e+01,1.985225e+01,1.983831e+01,1.982437e+01,1.983134e+01,1.984528e+01,1.991496e+01,1.985922e+01,1.983831e+01,1.983134e+01,1.985922e+01,1.987316e+01,1.992890e+01,1.996371e+01,1.987316e+01,1.985922e+01,1.990103e+01,1.988013e+01,1.986619e+01,1.984528e+01,1.988710e+01,1.990103e+01,1.985225e+01,1.985922e+01,1.985225e+01,1.983831e+01,1.983134e+01,1.992890e+01,1.983831e+01,1.985225e+01,1.992193e+01,2.018627e+01,2.061607e+01,2.095446e+01,2.111291e+01,2.118172e+01,2.112667e+01,2.114732e+01,2.111979e+01,2.111291e+01,2.111291e+01,2.111291e+01,2.118172e+01,2.109914e+01,2.109914e+01,2.113355e+01,2.111979e+01,2.104405e+01,2.104405e+01,2.103716e+01,2.114732e+01,2.115420e+01,2.109914e+01,2.107160e+01,2.114732e+01,2.107160e+01,2.105782e+01,2.112667e+01,2.100271e+01,2.110602e+01,2.109225e+01,2.107848e+01,2.098203e+01,2.109914e+01,2.100271e+01,2.094757e+01,2.094067e+01,2.094067e+01,2.095446e+01,2.103716e+01,2.101649e+01,2.108537e+01,2.105782e+01,2.110602e+01,2.100960e+01,2.120923e+01,2.105094e+01,2.105094e+01,2.108537e+01,2.107848e+01,2.108537e+01,2.105094e+01,2.111291e+01,2.109225e+01,2.111979e+01,2.112667e+01,2.101649e+01,2.096825e+01,2.114044e+01,2.112667e+01,2.119548e+01,2.108537e+01,2.114732e+01,2.126423e+01,2.109225e+01,2.105094e+01,2.109225e+01,2.105782e+01,2.114044e+01,2.112667e+01,2.125736e+01,2.118172e+01,2.114732e+01,2.120235e+01,2.109914e+01,2.122986e+01,2.111291e+01,2.116108e+01,2.114044e+01,2.122298e+01,2.106471e+01,2.120235e+01,2.113355e+01,2.111979e+01,2.124361e+01,2.121611e+01,2.116108e+01,2.120235e+01,2.116108e+01,2.109225e+01,2.116108e+01,2.115420e+01,2.114044e+01,2.110602e+01,2.114732e+01,2.117484e+01,2.110602e+01,2.114044e+01,2.119548e+01,2.114044e+01,2.109914e+01,2.107160e+01,2.117484e+01,2.117484e+01,2.116796e+01,2.105782e+01,2.112667e+01
2.116796e+01,2.112667e+01,2.116796e+01,2.118172e+01,2.114732e+01,2.111291e+01,2.111979e+01,2.109225e+01,2.109225e+01,2.116796e+01,2.117484e+01,2.107160e+01,2.114732e+01,2.120923e+01,2.122986e+01,2.111979e+01,2.111291e+01,2.109225e+01,2.107848e+01,2.111291e+01,2.117484e+01,2.108537e+01,2.109914e+01,2.109225e+01,2.112667e+01,2.114044e+01,2.118860e+01,2.107848e+01,2.116108e+01,2.109914e+01,2.104405e+01,2.107848e+01,2.105094e+01,2.106471e+01,2.107848e+01,2.107160e+01,2.109225e+01,2.109225e+01,2.113355e+01,2.109225e+01,2.112667e+01,2.108537e+01,2.107160e+01,2.118860e+01,2.120235e+01,2.118172e+01,2.111979e+01,2.118172e+01,2.116108e+01,2.124361e+01,2.126423e+01,2.127110e+01,2.120923e+01,2.120923e+01,2.120923e+01,2.114732e+01,2.116796e+01,2.120235e+01,2.128485e+01,2.125736e+01,2.118860e+01,2.123674e+01,2.126423e+01,2.118860e+01,2.122986e+01,2.122298e+01,2.107160e+01,2.126423e+01,2.124361e+01,2.102338e+01,2.128485e+01,2.133294e+01,2.131920e+01,2.131233e+01,2.125736e+01,2.131233e+01,2.132607e+01,2.125736e+01,2.127798e+01,2.135355e+01,2.126423e+01,2.128485e+01,2.131233e+01,2.125736e+01,2.118860e+01,2.129172e+01,2.132607e+01,2.135355e+01,2.126423e+01,2.132607e+01,2.127110e+01,2.136041e+01,2.129172e+01,2.126423e+01,2.129859e+01,2.127798e+01,2.127110e+01,2.127798e+01,2.135355e+01,2.131920e+01,2.132607e+01,2.126423e+01,2.122298e+01,2.125048e+01,2.123674e+01,2.123674e+01,2.126423e+01,2.119548e+01,2.129859e+01,2.122298e+01,2.116796e+01,2.114732e+01,2.116108e+01,2.114044e+01,2.121611e+01,2.122298e+01,2.120235e+01,2.114044e+01,2.126423e+01,2.117484e+01,2.115420e+01,2.119548e+01,2.114732e+01,2.124361e+01,2.120235e+01,2.105782e+01,2.111979e+01,2.123674e+01,2.128485e+01,2.131920e+01,2.117484e+01,2.123674e+01,2.119548e+01,2.127110e+01,2.125048e+01,2.118860e+01,2.118860e+01,2.122986e+01,2.120923e+01,2.123674e+01,2.121611e+01,2.121611e+01,2.111979e+01,2.119548e+01,2.116108e+01,2.117484e+01,2.121611e+01,2.120235e+01,2.121611e+01,2.129859e+01,2.118172e+01,2.118172e+01,2.107848e+01,2.111979e+01,2.116108e+01,2.120235e+01,2.118860e+01,2.120235e+01,2.113355e+01,2.121611e+01,2.130546e+01,2.115420e+01,2.127798e+01,2.117484e+01,2.123674e+01,2.120235e+01,2.120923e+01,2.125048e+01,2.120235e+01,2.118860e+01,2.129172e+01,2.128485e+01,2.125736e+01,2.121611e+01,2.131920e+01,2.120923e+01,2.109225e+01,2.121611e+01,2.112667e+01,2.085099e+01,2.089239e+01,2.074742e+01,2.090619e+01,2.087169e+01,2.088549e+01,2.080267e+01,2.078886e+01,2.084409e+01,2.082338e+01,2.086479e+01,2.098893e+01,2.083719e+01,2.098203e+01,2.098893e+01,2.100271e+01,2.098893e+01,2.100271e+01,2.098203e+01,2.101649e+01,2.114044e+01,2.107848e+01,2.107848e+01,2.112667e+01,2.116108e+01,2.119548e+01,2.120923e+01,2.114732e+01,2.119548e+01,2.085099e+01,2.040140e+01,2.036673e+01,2.037366e+01,2.037366e+01,2.031818e+01,2.033899e+01,2.036673e+01,2.041526e+01,2.038753e+01,2.043605e+01,2.042219e+01,2.037366e+01,2.039447e+01,2.027654e+01,2.060223e+01,2.043605e+01,2.038060e+01,2.029042e+01,2.042219e+01,2.034592e+01,2.035980e+01,2.036673e+01,2.033899e+01,2.040140e+01,2.042912e+01,2.038060e+01,2.043605e+01,2.031818e+01,2.044298e+01,2.044298e+01,2.044991e+01,2.042912e+01,2.051225e+01,2.052610e+01,2.041526e+01,2.042219e+01,2.042912e+01,2.040833e+01,2.049840e+01,2.032512e+01,2.031818e+01,2.048455e+01,2.042219e+01,2.047762e+01,2.048455e+01,2.043605e+01,2.047070e+01,2.065757e+01,2.091998e+01,2.089239e+01,2.048455e+01,2.049840e+01,2.074742e+01,2.054687e+01,2.076123e+01,2.122986e+01,2.133294e+01,2.125736e+01,2.115420e+01,2.109225e+01,2.114732e+01,2.129859e+01,2.103027e+01,2.060915e+01,2.044298e+01,2.033899e+01,2.029042e+01,2.032512e+01,2.033205e+01,2.039447e+01,2.059531e+01,2.086479e+01,2.084409e+01,2.114732e+01,2.129859e+01,2.136041e+01,2.131920e+01,2.130546e+01,2.131233e+01,2.137415e+01,2.136728e+01,2.137415e+01,2.129172e+01,2.134668e+01,2.132607e+01,2.130546e+01,2.114732e+01,2.071978e+01,2.024877e+01,2.014458e+01,2.013763e+01,2.013068e+01,2.012372e+01,2.016542e+01,2.015153e+01,2.007505e+01,2.012372e+01,2.008896e+01,2.020016e+01,2.000548e+01,2.007505e+01,2.019321e+01,2.013763e+01,2.036673e+01,2.102338e+01,2.130546e+01,2.129859e+01,2.133294e+01,2.131920e+01,2.120235e+01,2.139474e+01,2.140847e+01,2.137415e+01,2.108537e+01,2.035286e+01,2.015848e+01,2.013763e+01,2.015153e+01,2.017932e+01,2.015848e+01,2.016542e+01,2.029736e+01,2.061607e+01,2.062990e+01,2.090619e+01,2.110602e+01,2.122986e+01,2.161417e+01,2.171686e+01,2.186046e+01,2.184679e+01,2.217430e+01,2.222879e+01,2.212661e+01,2.178527e+01,2.032512e+01,2.011677e+01,2.005419e+01,1.998460e+01,1.996371e+01,1.999852e+01,2.004723e+01,2.004027e+01,2.005419e+01,2.008201e+01,2.007505e+01,2.009591e+01,2.014458e+01,2.013068e+01,2.015153e+01,2.026960e+01,2.015848e+01,2.024877e+01,2.037366e+01,2.065065e+01,2.084409e+01,2.055379e+01,2.063682e+01,2.086479e+01,2.166211e+01,2.246002e+01,2.250756e+01,2.211298e+01,2.123674e+01,2.092688e+01,2.080957e+01,2.077505e+01,2.077505e+01,2.077505e+01,2.076814e+01,2.069905e+01,2.074742e+01,2.071978e+01,2.071287e+01,2.063682e+01,2.072669e+01,2.066448e+01,2.064374e+01,2.064374e+01,2.063682e+01,2.062990e+01,2.050533e+01,2.061607e+01,2.067831e+01,2.073360e+01,2.080267e+01,2.141533e+01,2.150451e+01,2.148394e+01,2.159362e+01,2.153880e+01,2.154565e+01,2.154565e+01,2.157306e+01,2.161417e+01,2.156621e+01,2.162787e+01,2.159362e+01,2.162787e+01,2.148394e+01,2.155936e+01,2.147708e+01,2.144964e+01,2.159362e+01,2.157306e+01,2.155936e+01,2.153194e+01,2.149766e+01,2.148394e+01,2.160732e+01,2.154565e+01,2.144964e+01,2.153194e+01,2.151137e+01,2.155250e+01,2.155250e+01,2.125736e+01,2.100960e+01,2.052610e+01,2.008201e+01,1.999156e+01,1.993586e+01,1.985225e+01,2.002636e+01,1.985225e+01,1.982437e+01,1.981740e+01,1.991496e+01,1.989407e+01,1.988013e+01,1.987316e+01,1.988013e+01,1.981740e+01,1.990103e+01,1.990103e+01,1.988710e+01,1.999156e+01,1.988710e+01,1.983831e+01,1.986619e+01,1.983134e+01,1.984528e+01,1.981042e+01,1.985225e+01,1.982437e+01,1.985922e+01,1.992193e+01,1.993586e+01,1.990800e+01,1.996371e+01,2.002636e+01,2.019321e+01,2.075432e+01,2.114732e+01,2.105782e+01,2.076123e+01,2.033205e+01,1.997068e+01,1.987316e+01,1.992193e+01,1.985922e+01,1.992193e+01,1.988710e+01,1.982437e+01,1.981042e+01,1.980345e+01,1.989407e+01,1.983134e+01,1.985225e+01,1.983831e+01,1.984528e+01,1.994283e+01,1.992193e+01,1.993586e+01,1.990103e+01,1.989407e+01,1.988013e+01,1.992193e+01,1.997068e+01,1.997068e+01,1.990800e+01,1.993586e+01,1.996371e+01,1.996371e+01,1.984528e+01,1.981740e+01,1.992890e+01,1.982437e+01,1.988710e+01,1.985225e+01,1.999156e+01,1.990800e+01,1.991496e+01,1.986619e+01,1.992193e+01,1.993586e+01,1.985225e+01,1.981042e+01,1.987316e+01,1.983134e+01,1.990800e+01,1.987316e+01,1.985225e+01,1.990800e+01,1.985922e+01,1.984528e+01,1.981740e+01,1.983831e+01,1.985922e+01,1.991496e+01,1.981740e+01,1.994283e+01,1.987316e+01,1.986619e+01,1.988710e+01,1.978253e+01,1.984528e+01,1.976858e+01,1.981042e+01,1.978950e+01,1.981740e+01,1.978253e+01,1.995675e+01,1.989407e+01,1.984528e+01,1.997068e+01,2.033899e+01,2.085099e+01,2.098893e+01,2.103027e+01,2.115420e+01,2.105782e+01,2.112667e+01,2.116796e+01,2.111979e+01,2.110602e+01,2.108537e+01,2.109914e+01,2.109225e+01,2.108537e+01,2.114732e+01,2.117484e+01,2.118860e+01,2.116108e+01,2.114044e+01,2.119548e+01,2.111979e+01,2.111291e+01,2.110602e+01,2.111979e+01,2.105094e+01,2.103027e+01,2.109225e+01,2.103716e+01,2.089929e+01,2.100271e+01,2.104405e+01,2.116108e+01,2.098893e+01,2.105782e+01,2.096825e+01,2.096825e+01,2.097514e+01,2.105094e+01,2.101649e+01,2.103716e+01,2.105094e+01,2.100960e+01,2.103716e+01,2.109914e+01,2.103716e+01,2.109225e+01,2.100271e+01,2.109225e+01,2.110602e+01,2.112667e+01,2.108537e+01,2.108537e+01,2.107160e+01,2.115420e+01,2.113355e+01,2.114732e+01,2.109914e+01,2.111979e+01,2.102338e+01,2.109225e+01,2.111291e+01,2.115420e+01,2.103716e+01,2.114044e+01,2.109225e+01,2.101649e+01,2.108537e+01,2.114732e+01,2.114732e+01,2.111291e+01,2.117484e+01,2.109914e+01,2.119548e+01,2.113355e+01,2.116108e+01,2.118172e+01,2.108537e+01,2.103716e+01,2.116108e+01,2.112667e+01,2.115420e+01,2.115420e+01,2.109225e+01,2.117484e+01,2.113355e+01,2.123674e+01,2.119548e+01,2.120923e+01,2.116108e+01,2.110602e+01,2.109225e+01,2.113355e+01,2.113355e+01,2.114732e+01,2.113355e+01,2.111979e+01,2.108537e+01,2.109225e+01,2.114732e+01,2.114044e+01,2.116108e+01,2.121611e+01,2.105782e+01,2.121611e+01,2.113355e+01
2.112667e+01,2.116796e+01,2.116796e+01,2.112667e+01,2.109914e+01,2.115420e+01,2.108537e+01,2.104405e+01,2.113355e+01,2.128485e+01,2.118172e+01,2.112667e+01,2.124361e+01,2.114044e+01,2.114732e+01,2.112667e+01,2.112667e+01,2.111291e+01,2.106471e+01,2.108537e+01,2.122298e+01,2.105782e+01,2.117484e+01,2.110602e+01,2.107848e+01,2.107848e+01,2.100271e+01,2.106471e+01,2.114044e+01,2.105094e+01,2.108537e+01,2.108537e+01,2.112667e+01,2.118172e+01,2.101649e+01,2.109225e+01,2.109914e+01,2.100960e+01,2.111979e+01,2.109914e+01,2.116796e+01,2.109914e+01,2.120923e+01,2.118172e+01,2.116796e+01,2.117484e+01,2.118860e+01,2.117484e+01,2.117484e+01,2.124361e+01,2.114732e+01,2.120235e+01,2.118172e+01,2.118860e+01,2.118860e+01,2.116796e+01,2.122298e+01,2.130546e+01,2.127110e+01,2.128485e+01,2.120235e+01,2.128485e+01,2.117484e+01,2.118860e+01,2.116796e+01,2.123674e+01,2.118860e+01,2.129172e+01,2.125048e+01,2.127798e+01,2.131920e+01,2.128485e+01,2.128485e+01,2.130546e+01,2.122298e+01,2.127798e+01,2.131233e+01,2.131233e+01,2.124361e+01,2.133294e+01,2.129172e+01,2.132607e+01,2.124361e+01,2.130546e+01,2.132607e+01,2.135355e+01,2.133981e+01,2.132607e+01,2.132607e+01,2.127798e+01,2.136728e+01,2.131233e+01,2.127110e+01,2.135355e+01,2.124361e+01,2.135355e+01,2.127798e+01,2.125736e+01,2.126423e+01,2.133981e+01,2.131233e+01,2.130546e+01,2.130546e+01,2.122986e+01,2.120235e+01,2.122298e+01,2.119548e+01,2.122986e+01,2.118860e+01,2.120923e+01,2.119548e+01,2.114732e+01,2.114044e+01,2.114044e+01,2.114732e+01,2.123674e+01,2.120235e+01,2.111291e+01,2.127798e+01,2.118860e+01,2.113355e+01,2.116796e+01,2.122298e+01,2.111291e+01,2.120235e+01,2.111291e+01,2.121611e+01,2.131233e+01,2.122986e+01,2.116108e+01,2.118172e+01,2.119548e+01,2.114044e+01,2.122986e+01,2.117484e+01,2.116108e+01,2.119548e+01,2.125048e+01,2.121611e+01,2.117484e+01,2.111291e+01,2.121611e+01,2.120235e+01,2.120923e+01,2.120923e+01,2.119548e+01,2.116796e+01,2.114732e+01,2.121611e+01,2.125048e+01,2.127110e+01,2.130546e+01,2.122986e+01,2.116108e+01,2.118860e+01,2.116108e+01,2.117484e+01,2.118860e+01,2.122986e+01,2.129172e+01,2.118860e+01,2.115420e+01,2.116796e+01,2.111979e+01,2.122298e+01,2.125048e+01,2.126423e+01,2.127798e+01,2.115420e+01,2.125736e+01,2.122986e+01,2.110602e+01,2.129172e+01,2.121611e+01,2.123674e+01,2.119548e+01,2.122298e+01,2.120235e+01,2.115420e+01,2.122298e+01,2.127110e+01,2.122986e+01,2.130546e+01,2.120923e+01,2.124361e+01,2.113355e+01,2.109914e+01,2.105782e+01,2.122298e+01,2.098203e+01,2.127798e+01,2.127798e+01,2.120235e+01,2.123674e+01,2.107848e+01,2.124361e+01,2.125048e+01,2.127110e+01,2.123674e+01,2.116796e+01,2.121611e+01,2.116796e+01,2.122298e+01,2.115420e+01,2.124361e+01,2.116796e+01,2.132607e+01,2.114732e+01,2.114044e+01,2.056071e+01,2.042912e+01,2.036673e+01,2.033205e+01,2.033205e+01,2.052610e+01,2.044298e+01,2.062990e+01,2.042219e+01,2.063682e+01,2.046377e+01,2.052610e+01,2.058148e+01,2.053995e+01,2.062299e+01,2.065065e+01,2.063682e+01,2.035286e+01,2.033899e+01,2.029736e+01,2.033899e+01,2.035286e+01,2.033899e+01,2.039447e+01,2.040140e+01,2.035980e+01,2.044991e+01,2.040140e+01,2.024877e+01,2.043605e+01,2.039447e+01,2.044298e+01,2.042219e+01,2.053995e+01,2.042219e+01,2.041526e+01,2.042219e+01,2.045684e+01,2.050533e+01,2.054687e+01,2.051225e+01,2.047762e+01,2.033205e+01,2.035286e+01,2.040140e+01,2.049840e+01,2.049148e+01,2.053995e+01,2.051918e+01,2.083719e+01,2.079576e+01,2.050533e+01,2.077505e+01,2.076123e+01,2.122986e+01,2.123674e+01,2.127798e+01,2.130546e+01,2.131233e+01,2.129859e+01,2.107848e+01,2.096135e+01,2.080267e+01,2.051225e+01,2.037366e+01,2.040140e+01,2.038060e+01,2.026266e+01,2.048455e+01,2.042219e+01,2.086479e+01,2.121611e+01,2.115420e+01,2.141533e+01,2.116108e+01,2.131920e+01,2.132607e+01,2.140847e+01,2.143592e+01,2.135355e+01,2.127798e+01,2.133981e+01,2.131233e+01,2.133294e+01,2.136041e+01,2.118860e+01,2.115420e+01,2.041526e+01,2.013763e+01,2.014458e+01,2.018627e+01,2.012372e+01,2.010982e+01,2.010287e+01,2.010287e+01,2.011677e+01,2.012372e+01,2.015848e+01,2.015153e+01,2.009591e+01,2.021405e+01,2.020016e+01,2.022100e+01,2.038753e+01,2.113355e+01,2.136041e+01,2.125736e+01,2.124361e+01,2.133981e+01,2.144964e+01,2.142220e+01,2.140161e+01,2.133981e+01,2.137415e+01,2.089929e+01,2.070596e+01,2.058148e+01,2.068522e+01,2.065757e+01,2.079576e+01,2.095446e+01,2.122986e+01,2.104405e+01,2.141533e+01,2.167580e+01,2.168264e+01,2.171002e+01,2.183996e+01,2.192877e+01,2.201068e+01,2.211298e+01,2.219474e+01,2.220155e+01,2.208571e+01,2.140161e+01,2.035286e+01,2.004723e+01,1.996371e+01,1.995675e+01,1.997764e+01,1.999156e+01,1.998460e+01,2.001244e+01,1.996371e+01,1.998460e+01,1.999852e+01,2.004723e+01,2.015153e+01,2.008201e+01,2.012372e+01,2.026266e+01,2.014458e+01,2.037366e+01,2.056763e+01,2.140161e+01,2.142906e+01,2.070596e+01,2.062990e+01,2.064374e+01,2.082338e+01,2.166211e+01,2.211298e+01,2.211298e+01,2.135355e+01,2.087169e+01,2.080267e+01,2.080267e+01,2.077505e+01,2.073360e+01,2.072669e+01,2.068522e+01,2.069905e+01,2.073360e+01,2.069213e+01,2.060915e+01,2.061607e+01,2.069213e+01,2.065757e+01,2.067139e+01,2.068522e+01,2.063682e+01,2.058148e+01,2.059531e+01,2.062299e+01,2.076123e+01,2.129859e+01,2.158677e+01,2.146336e+01,2.149766e+01,2.154565e+01,2.154565e+01,2.157306e+01,2.157991e+01,2.158677e+01,2.151823e+01,2.162102e+01,2.157991e+01,2.163472e+01,2.157991e+01,2.155250e+01,2.163472e+01,2.156621e+01,2.153880e+01,2.163472e+01,2.159362e+01,2.155936e+01,2.160047e+01,2.157991e+01,2.155936e+01,2.147022e+01,2.153194e+01,2.160732e+01,2.152508e+01,2.158677e+01,2.155936e+01,2.149766e+01,2.153880e+01,2.127110e+01,2.076123e+01,2.051225e+01,2.014458e+01,2.010287e+01,1.999852e+01,1.998460e+01,1.998460e+01,1.987316e+01,1.986619e+01,1.992890e+01,1.998460e+01,1.997764e+01,1.990103e+01,1.983831e+01,1.974067e+01,1.976160e+01,1.991496e+01,1.993586e+01,1.994283e+01,1.991496e+01,1.992890e+01,1.990103e+01,1.982437e+01,1.983831e+01,1.984528e+01,1.986619e+01,1.981740e+01,1.981740e+01,1.992193e+01,1.993586e+01,1.985225e+01,1.993586e+01,1.983134e+01,2.011677e+01,2.047070e+01,2.113355e+01,2.114732e+01,2.100960e+01,2.057456e+01,2.013763e+01,2.010982e+01,1.992890e+01,1.981740e+01,1.983134e+01,1.987316e+01,1.990103e+01,1.990103e+01,1.985225e+01,1.995675e+01,1.988013e+01,1.994283e+01,1.983831e+01,1.983134e+01,1.984528e+01,1.981740e+01,1.989407e+01,1.976858e+01,1.987316e+01,1.990800e+01,1.992193e+01,1.985922e+01,1.996371e+01,1.994979e+01,1.990103e+01,1.988013e+01,1.987316e+01,1.988013e+01,1.996371e+01,1.981740e+01,1.993586e+01,1.992890e+01,1.982437e+01,1.989407e+01,1.992193e+01,1.990800e+01,1.990800e+01,1.990800e+01,1.990103e+01,1.992193e+01,1.990103e+01,2.004723e+01,1.989407e+01,1.990800e+01,1.985225e+01,1.993586e+01,1.987316e+01,1.997068e+01,1.983134e+01,1.986619e+01,1.985225e+01,1.984528e+01,1.991496e+01,1.977555e+01,1.988013e+01,1.978950e+01,1.986619e+01,1.989407e+01,1.989407e+01,1.983134e+01,1.983134e+01,1.980345e+01,1.980345e+01,2.000548e+01,1.986619e+01,1.987316e+01,1.990103e+01,1.990800e+01,1.985922e+01,2.002636e+01,2.033899e+01,2.080267e+01,2.115420e+01,2.114732e+01,2.109225e+01,2.108537e+01,2.118172e+01,2.111979e+01,2.114732e+01,2.117484e+01,2.112667e+01,2.122298e+01,2.111979e+01,2.114044e+01,2.105094e+01,2.113355e+01,2.109225e+01,2.115420e+01,2.113355e+01,2.109225e+01,2.110602e+01,2.108537e+01,2.107848e+01,2.096825e+01,2.107848e+01,2.103027e+01,2.103027e+01,2.109914e+01,2.100960e+01,2.101649e+01,2.100960e+01,2.097514e+01,2.100960e+01,2.098893e+01,2.098203e+01,2.101649e+01,2.096135e+01,2.102338e+01,2.106471e+01,2.098203e+01,2.111979e+01,2.104405e+01,2.109914e+01,2.098893e+01,2.109225e+01,2.109914e+01,2.091308e+01,2.109225e+01,2.101649e+01,2.109914e+01,2.103716e+01,2.105782e+01,2.110602e+01,2.108537e+01,2.114732e+01,2.107160e+01,2.100271e+01,2.114044e+01,2.111291e+01,2.120923e+01,2.103027e+01,2.118172e+01,2.121611e+01,2.115420e+01,2.113355e+01,2.111979e+01,2.112667e+01,2.114732e+01,2.114732e+01,2.114044e+01,2.110602e+01,2.115420e+01,2.116796e+01,2.118172e+01,2.109914e+01,2.115420e+01,2.106471e+01,2.118860e+01,2.116796e+01,2.107848e+01,2.116108e+01,2.119548e+01,2.096825e+01,2.102338e+01,2.121611e+01,2.117484e+01,2.114044e+01,2.114044e+01,2.111979e+01,2.109914e+01,2.115420e+01,2.116796e+01,2.112667e+01,2.115420e+01,2.111291e+01,2.123674e+01,2.109914e+01,2.116108e+01,2.106471e+01,2.127798e+01,2.109914e+01,2.109225e+01,2.107848e+01,2.122298e+01
2.115420e+01,2.117484e+01,2.115420e+01,2.114732e+01,2.116108e+01,2.118172e+01,2.109914e+01,2.115420e+01,2.107160e+01,2.119548e+01,2.113355e+01,2.124361e+01,2.120235e+01,2.106471e+01,2.118860e+01,2.117484e+01,2.118860e+01,2.114044e+01,2.114044e+01,2.112667e+01,2.117484e+01,2.121611e+01,2.118172e+01,2.113355e+01,2.110602e+01,2.108537e+01,2.106471e+01,2.117484e+01,2.114044e+01,2.111979e+01,2.114732e+01,2.114044e+01,2.112667e+01,2.107848e+01,2.107160e+01,2.123674e+01,2.108537e+01,2.100960e+01,2.115420e+01,2.114044e+01,2.114732e+01,2.118172e+01,2.115420e+01,2.116796e+01,2.116108e+01,2.112667e+01,2.116108e+01,2.122986e+01,2.116796e+01,2.117484e+01,2.126423e+01,2.120923e+01,2.124361e+01,2.122298e+01,2.124361e+01,2.126423e+01,2.125736e+01,2.125736e+01,2.118860e+01,2.127110e+01,2.127798e+01,2.121611e+01,2.126423e+01,2.122298e+01,2.128485e+01,2.125736e+01,2.120923e+01,2.126423e+01,2.124361e+01,2.121611e+01,2.128485e+01,2.127110e+01,2.127798e+01,2.133981e+01,2.130546e+01,2.129172e+01,2.127798e+01,2.128485e+01,2.130546e+01,2.129172e+01,2.128485e+01,2.128485e+01,2.125736e+01,2.124361e+01,2.133294e+01,2.121611e+01,2.131233e+01,2.133981e+01,2.131233e+01,2.132607e+01,2.128485e+01,2.130546e+01,2.138101e+01,2.149766e+01,2.122986e+01,2.123674e+01,2.133294e+01,2.129859e+01,2.132607e+01,2.133294e+01,2.129859e+01,2.127798e+01,2.126423e+01,2.122298e+01,2.122986e+01,2.122298e+01,2.116108e+01,2.117484e+01,2.127798e+01,2.120923e+01,2.131233e+01,2.116108e+01,2.114732e+01,2.112667e+01,2.114732e+01,2.121611e+01,2.115420e+01,2.116108e+01,2.118860e+01,2.116108e+01,2.116796e+01,2.114732e+01,2.115420e+01,2.114044e+01,2.120923e+01,2.118860e+01,2.116796e+01,2.123674e+01,2.117484e+01,2.118172e+01,2.114044e+01,2.121611e+01,2.112667e+01,2.111291e+01,2.109914e+01,2.120235e+01,2.119548e+01,2.118860e+01,2.120235e+01,2.126423e+01,2.122986e+01,2.109914e+01,2.120235e+01,2.118172e+01,2.118172e+01,2.119548e+01,2.118860e+01,2.116108e+01,2.121611e+01,2.116108e+01,2.111291e+01,2.125736e+01,2.127110e+01,2.114732e+01,2.122298e+01,2.120235e+01,2.117484e+01,2.118172e+01,2.118860e+01,2.109914e+01,2.119548e+01,2.124361e+01,2.111291e+01,2.121611e+01,2.117484e+01,2.127798e+01,2.122298e+01,2.119548e+01,2.127110e+01,2.127798e+01,2.122298e+01,2.121611e+01,2.120923e+01,2.129859e+01,2.121611e+01,2.132607e+01,2.128485e+01,2.130546e+01,2.126423e+01,2.124361e+01,2.111979e+01,2.129172e+01,2.130546e+01,2.130546e+01,2.129172e+01,2.125736e+01,2.127110e+01,2.126423e+01,2.134668e+01,2.134668e+01,2.122986e+01,2.123674e+01,2.124361e+01,2.127798e+01,2.114044e+01,2.127110e+01,2.126423e+01,2.123674e+01,2.126423e+01,2.137415e+01,2.140161e+01,2.124361e+01,2.129859e+01,2.126423e+01,2.128485e+01,2.132607e+01,2.122986e+01,2.127798e+01,2.116796e+01,2.086479e+01,2.085789e+01,2.069905e+01,2.088549e+01,2.080267e+01,2.086479e+01,2.090619e+01,2.109914e+01,2.108537e+01,2.099582e+01,2.097514e+01,2.103027e+01,2.097514e+01,2.096135e+01,2.092688e+01,2.092688e+01,2.058840e+01,2.038060e+01,2.029736e+01,2.037366e+01,2.033205e+01,2.038060e+01,2.040140e+01,2.038753e+01,2.044298e+01,2.031124e+01,2.040833e+01,2.044298e+01,2.045684e+01,2.042912e+01,2.039447e+01,2.038753e+01,2.044991e+01,2.046377e+01,2.042912e+01,2.047070e+01,2.043605e+01,2.070596e+01,2.082338e+01,2.100960e+01,2.064374e+01,2.040833e+01,2.030430e+01,2.032512e+01,2.047070e+01,2.037366e+01,2.056071e+01,2.053303e+01,2.062990e+01,2.051918e+01,2.069213e+01,2.072669e+01,2.106471e+01,2.127798e+01,2.125048e+01,2.121611e+01,2.130546e+01,2.124361e+01,2.124361e+01,2.118860e+01,2.089239e+01,2.083719e+01,2.050533e+01,2.041526e+01,2.038060e+01,2.033899e+01,2.033899e+01,2.028348e+01,2.025571e+01,2.049840e+01,2.103716e+01,2.127110e+01,2.131233e+01,2.125736e+01,2.134668e+01,2.129859e+01,2.138788e+01,2.135355e+01,2.136041e+01,2.134668e+01,2.135355e+01,2.136728e+01,2.136728e+01,2.134668e+01,2.144278e+01,2.116108e+01,2.075432e+01,2.031124e+01,2.026266e+01,2.010287e+01,2.014458e+01,2.009591e+01,2.014458e+01,2.012372e+01,2.017932e+01,2.011677e+01,2.015848e+01,2.011677e+01,2.013068e+01,2.030430e+01,2.023489e+01,2.021405e+01,2.024877e+01,2.033205e+01,2.116796e+01,2.134668e+01,2.126423e+01,2.138101e+01,2.137415e+01,2.144278e+01,2.138101e+01,2.134668e+01,2.140847e+01,2.137415e+01,2.122986e+01,2.127798e+01,2.115420e+01,2.140847e+01,2.119548e+01,2.142906e+01,2.136728e+01,2.156621e+01,2.161417e+01,2.165526e+01,2.166895e+01,2.173055e+01,2.179894e+01,2.179894e+01,2.192877e+01,2.203115e+01,2.213342e+01,2.207207e+01,2.220155e+01,2.199021e+01,2.098203e+01,2.015153e+01,2.006810e+01,2.001940e+01,2.001244e+01,1.994979e+01,1.995675e+01,2.004723e+01,1.993586e+01,2.003332e+01,2.007505e+01,2.003332e+01,2.000548e+01,2.007505e+01,2.005419e+01,2.016542e+01,2.017932e+01,2.016542e+01,2.047070e+01,2.118860e+01,2.209252e+01,2.218793e+01,2.142220e+01,2.084409e+01,2.064374e+01,2.062299e+01,2.080957e+01,2.125048e+01,2.168264e+01,2.171686e+01,2.130546e+01,2.080957e+01,2.078886e+01,2.073360e+01,2.073360e+01,2.076814e+01,2.076123e+01,2.074742e+01,2.073360e+01,2.059531e+01,2.067139e+01,2.063682e+01,2.061607e+01,2.060915e+01,2.059531e+01,2.060223e+01,2.059531e+01,2.060223e+01,2.065065e+01,2.078886e+01,2.120235e+01,2.151823e+01,2.157306e+01,2.157991e+01,2.158677e+01,2.155936e+01,2.155250e+01,2.158677e+01,2.167580e+01,2.157991e+01,2.160732e+01,2.159362e+01,2.164157e+01,2.162787e+01,2.163472e+01,2.153194e+01,2.163472e+01,2.164841e+01,2.157991e+01,2.163472e+01,2.165526e+01,2.154565e+01,2.156621e+01,2.166895e+01,2.155936e+01,2.159362e+01,2.157991e+01,2.162102e+01,2.144964e+01,2.160732e+01,2.158677e+01,2.160732e+01,2.151137e+01,2.147708e+01,2.127110e+01,2.075432e+01,2.032512e+01,2.032512e+01,2.008896e+01,2.002636e+01,1.998460e+01,1.989407e+01,2.004723e+01,2.002636e+01,2.001244e+01,1.995675e+01,1.994283e+01,1.995675e+01,1.992193e+01,1.986619e+01,1.996371e+01,1.993586e+01,1.991496e+01,1.985922e+01,1.987316e+01,1.986619e+01,1.990103e+01,1.983831e+01,1.985225e+01,1.989407e+01,1.989407e+01,1.990103e+01,1.992890e+01,1.992890e+01,1.990800e+01,1.995675e+01,1.986619e+01,2.016542e+01,2.037366e+01,2.089239e+01,2.119548e+01,2.131233e+01,2.076814e+01,2.054687e+01,2.010287e+01,2.012372e+01,1.995675e+01,1.983831e+01,1.990800e+01,1.990103e+01,1.989407e+01,1.988710e+01,1.988710e+01,1.978253e+01,1.992193e+01,1.985922e+01,1.985922e+01,1.985225e+01,1.985225e+01,1.981740e+01,1.983134e+01,1.985225e+01,1.990103e+01,1.988710e+01,1.987316e+01,1.985922e+01,1.981042e+01,1.999852e+01,1.990103e+01,1.989407e+01,1.988710e+01,2.004723e+01,1.985225e+01,1.989407e+01,1.994283e+01,1.992890e+01,1.985225e+01,1.982437e+01,1.993586e+01,1.991496e+01,1.990800e+01,1.992890e+01,1.988013e+01,1.985225e+01,1.988710e+01,1.980345e+01,1.988013e+01,1.997764e+01,1.990103e+01,1.995675e+01,1.989407e+01,1.992890e+01,1.984528e+01,1.979647e+01,1.981740e+01,1.994979e+01,1.986619e+01,1.981042e+01,1.987316e+01,1.986619e+01,1.988013e+01,1.976858e+01,1.981042e+01,1.982437e+01,1.978253e+01,1.980345e+01,1.988013e+01,1.979647e+01,1.985225e+01,1.987316e+01,1.993586e+01,1.988710e+01,1.994979e+01,2.015153e+01,2.078886e+01,2.100960e+01,2.101649e+01,2.107848e+01,2.117484e+01,2.116108e+01,2.115420e+01,2.118172e+01,2.112667e+01,2.111979e+01,2.124361e+01,2.110602e+01,2.111979e+01,2.118172e+01,2.111291e+01,2.109225e+01,2.112667e+01,2.096825e+01,2.115420e+01,2.098893e+01,2.099582e+01,2.107160e+01,2.105782e+01,2.105094e+01,2.101649e+01,2.103027e+01,2.107160e+01,2.109225e+01,2.106471e+01,2.098893e+01,2.103027e+01,2.096825e+01,2.095446e+01,2.092688e+01,2.115420e+01,2.102338e+01,2.099582e+01,2.103716e+01,2.103027e+01,2.105782e+01,2.110602e+01,2.107160e+01,2.109914e+01,2.110602e+01,2.094757e+01,2.111291e+01,2.100960e+01,2.109225e+01,2.117484e+01,2.107160e+01,2.111979e+01,2.109914e+01,2.106471e+01,2.112667e+01,2.103716e+01,2.109914e+01,2.122298e+01,2.109914e+01,2.135355e+01,2.100271e+01,2.107848e+01,2.115420e+01,2.100271e+01,2.113355e+01,2.113355e+01,2.113355e+01,2.114044e+01,2.116108e+01,2.111979e+01,2.113355e+01,2.105782e+01,2.114044e+01,2.114732e+01,2.116796e+01,2.110602e+01,2.118860e+01,2.119548e+01,2.106471e+01,2.118860e+01,2.104405e+01,2.108537e+01,2.125048e+01,2.122298e+01,2.111979e+01,2.111979e+01,2.109914e+01,2.109225e+01,2.117484e+01,2.114044e+01,2.110602e+01,2.115420e+01,2.112667e+01,2.114044e+01,2.107848e+01,2.116108e+01,2.111979e+01,2.118860e+01,2.105782e+01,2.120235e+01,2.114732e+01,2.106471e+01,2.109225e+01,2.122298e+01
2.111291e+01,2.115420e+01,2.110602e+01,2.118172e+01,2.111979e+01,2.112667e+01,2.116796e+01,2.120923e+01,2.114732e+01,2.114732e+01,2.107848e+01,2.122298e+01,2.107160e+01,2.118860e+01,2.116796e+01,2.117484e+01,2.114044e+01,2.118860e+01,2.114044e+01,2.110602e+01,2.115420e+01,2.117484e+01,2.114044e+01,2.119548e+01,2.116796e+01,2.114044e+01,2.108537e+01,2.110602e+01,2.111291e+01,2.116108e+01,2.109914e+01,2.111979e+01,2.111291e+01,2.108537e+01,2.109914e+01,2.111979e+01,2.109914e+01,2.114044e+01,2.115420e+01,2.120235e+01,2.118172e+01,2.117484e+01,2.117484e+01,2.114732e+01,2.109225e+01,2.111979e+01,2.120923e+01,2.115420e+01,2.117484e+01,2.118172e+01,2.116108e+01,2.127798e+01,2.118172e+01,2.119548e+01,2.116796e+01,2.112667e+01,2.123674e+01,2.127110e+01,2.130546e+01,2.119548e+01,2.125736e+01,2.121611e+01,2.126423e+01,2.120235e+01,2.129859e+01,2.130546e+01,2.125736e+01,2.119548e+01,2.100271e+01,2.122298e+01,2.123674e+01,2.129172e+01,2.129859e+01,2.131233e+01,2.125736e+01,2.127798e+01,2.131920e+01,2.129172e+01,2.129859e+01,2.112667e+01,2.126423e+01,2.123674e+01,2.128485e+01,2.116796e+01,2.120235e+01,2.128485e+01,2.127110e+01,2.127110e+01,2.111979e+01,2.129172e+01,2.132607e+01,2.122298e+01,2.117484e+01,2.120923e+01,2.119548e+01,2.127798e+01,2.126423e+01,2.125736e+01,2.130546e+01,2.127798e+01,2.131920e+01,2.122986e+01,2.128485e+01,2.113355e+01,2.121611e+01,2.114732e+01,2.120923e+01,2.114732e+01,2.117484e+01,2.116108e+01,2.116108e+01,2.115420e+01,2.113355e+01,2.114732e+01,2.112667e+01,2.118172e+01,2.118860e+01,2.114044e+01,2.114732e+01,2.113355e+01,2.120235e+01,2.119548e+01,2.105782e+01,2.110602e+01,2.112667e+01,2.108537e+01,2.118172e+01,2.123674e+01,2.120923e+01,2.110602e+01,2.126423e+01,2.118172e+01,2.117484e+01,2.113355e+01,2.115420e+01,2.109225e+01,2.119548e+01,2.118860e+01,2.111979e+01,2.120923e+01,2.118172e+01,2.116796e+01,2.118860e+01,2.110602e+01,2.117484e+01,2.116796e+01,2.120923e+01,2.118172e+01,2.125736e+01,2.112667e+01,2.121611e+01,2.120923e+01,2.118172e+01,2.116108e+01,2.114044e+01,2.110602e+01,2.119548e+01,2.114732e+01,2.116796e+01,2.120235e+01,2.118172e+01,2.118860e+01,2.113355e+01,2.125736e+01,2.129859e+01,2.129859e+01,2.114732e+01,2.118860e+01,2.125048e+01,2.135355e+01,2.118172e+01,2.129859e+01,2.122986e+01,2.123674e+01,2.127110e+01,2.131233e+01,2.142220e+01,2.132607e+01,2.127110e+01,2.123674e+01,2.129172e+01,2.120923e+01,2.120923e+01,2.125048e+01,2.122986e+01,2.125736e+01,2.137415e+01,2.134668e+01,2.125048e+01,2.123674e+01,2.125048e+01,2.127110e+01,2.133294e+01,2.123674e+01,2.127798e+01,2.125048e+01,2.120923e+01,2.122298e+01,2.128485e+01,2.136041e+01,2.112667e+01,2.125736e+01,2.116108e+01,2.117484e+01,2.121611e+01,2.129172e+01,2.131920e+01,2.116796e+01,2.118860e+01,2.120923e+01,2.122986e+01,2.115420e+01,2.125736e+01,2.119548e+01,2.136728e+01,2.122298e+01,2.112667e+01,2.113355e+01,2.118860e+01,2.100271e+01,2.135355e+01,2.136041e+01,2.098893e+01,2.099582e+01,2.044298e+01,2.033205e+01,2.038060e+01,2.030430e+01,2.032512e+01,2.039447e+01,2.029042e+01,2.031124e+01,2.038753e+01,2.036673e+01,2.036673e+01,2.033899e+01,2.037366e+01,2.039447e+01,2.044298e+01,2.044991e+01,2.040833e+01,2.041526e+01,2.042912e+01,2.041526e+01,2.055379e+01,2.060915e+01,2.102338e+01,2.111979e+01,2.114732e+01,2.065757e+01,2.058840e+01,2.039447e+01,2.038060e+01,2.039447e+01,2.041526e+01,2.049840e+01,2.040140e+01,2.043605e+01,2.066448e+01,2.058840e+01,2.095446e+01,2.114044e+01,2.127798e+01,2.122986e+01,2.138101e+01,2.128485e+01,2.133981e+01,2.124361e+01,2.113355e+01,2.089929e+01,2.055379e+01,2.044298e+01,2.044298e+01,2.035980e+01,2.039447e+01,2.033205e+01,2.049840e+01,2.038060e+01,2.071287e+01,2.120923e+01,2.127110e+01,2.131233e+01,2.130546e+01,2.122298e+01,2.134668e+01,2.149080e+01,2.127110e+01,2.129172e+01,2.133294e+01,2.131920e+01,2.137415e+01,2.130546e+01,2.134668e+01,2.132607e+01,2.122298e+01,2.071287e+01,2.036673e+01,2.024183e+01,2.016542e+01,2.027654e+01,2.017932e+01,2.013763e+01,2.017237e+01,2.017932e+01,2.009591e+01,2.016542e+01,2.015848e+01,2.023489e+01,2.023489e+01,2.019321e+01,2.024183e+01,2.023489e+01,2.060915e+01,2.103716e+01,2.134668e+01,2.129859e+01,2.136041e+01,2.140847e+01,2.149766e+01,2.137415e+01,2.142220e+01,2.136041e+01,2.142906e+01,2.147708e+01,2.141533e+01,2.137415e+01,2.145650e+01,2.136041e+01,2.151137e+01,2.141533e+01,2.136728e+01,2.162102e+01,2.165526e+01,2.160047e+01,2.169633e+01,2.176475e+01,2.188096e+01,2.187413e+01,2.201068e+01,2.208571e+01,2.211979e+01,2.216068e+01,2.196973e+01,2.096135e+01,2.013068e+01,2.006114e+01,1.996371e+01,1.998460e+01,1.997764e+01,1.998460e+01,2.004027e+01,1.998460e+01,1.998460e+01,2.000548e+01,2.000548e+01,2.002636e+01,2.004027e+01,2.006114e+01,2.020016e+01,2.010982e+01,2.026960e+01,2.082338e+01,2.178527e+01,2.215387e+01,2.220155e+01,2.220836e+01,2.142220e+01,2.062990e+01,2.067139e+01,2.062299e+01,2.076814e+01,2.149766e+01,2.189462e+01,2.128485e+01,2.081648e+01,2.078886e+01,2.081648e+01,2.070596e+01,2.077505e+01,2.067139e+01,2.061607e+01,2.070596e+01,2.059531e+01,2.077505e+01,2.067831e+01,2.060223e+01,2.057456e+01,2.056071e+01,2.057456e+01,2.057456e+01,2.058148e+01,2.077505e+01,2.118860e+01,2.158677e+01,2.157306e+01,2.162787e+01,2.160732e+01,2.160732e+01,2.156621e+01,2.161417e+01,2.157991e+01,2.162102e+01,2.159362e+01,2.158677e+01,2.161417e+01,2.159362e+01,2.157991e+01,2.162787e+01,2.166211e+01,2.163472e+01,2.163472e+01,2.157991e+01,2.161417e+01,2.164157e+01,2.166211e+01,2.159362e+01,2.160047e+01,2.160047e+01,2.159362e+01,2.158677e+01,2.165526e+01,2.164841e+01,2.156621e+01,2.153880e+01,2.151823e+01,2.148394e+01,2.157991e+01,2.147022e+01,2.127110e+01,2.085099e+01,2.064374e+01,2.028348e+01,2.001244e+01,2.004723e+01,2.003332e+01,2.003332e+01,2.031818e+01,2.030430e+01,2.027654e+01,2.010287e+01,1.994979e+01,1.996371e+01,1.993586e+01,1.988710e+01,1.985922e+01,1.993586e+01,1.985922e+01,1.988710e+01,1.986619e+01,1.981740e+01,1.988013e+01,1.981042e+01,1.983831e+01,1.984528e+01,1.979647e+01,1.980345e+01,1.990800e+01,1.992193e+01,1.984528e+01,1.994979e+01,1.997068e+01,2.020711e+01,2.074051e+01,2.117484e+01,2.130546e+01,2.114044e+01,2.076814e+01,2.037366e+01,2.004027e+01,2.008201e+01,1.983831e+01,1.995675e+01,1.993586e+01,1.982437e+01,1.986619e+01,1.987316e+01,1.985225e+01,1.985225e+01,1.987316e+01,1.984528e+01,1.983831e+01,1.985225e+01,1.985225e+01,1.977555e+01,1.982437e+01,1.982437e+01,1.985922e+01,1.981042e+01,1.981740e+01,1.978253e+01,1.994283e+01,1.997764e+01,1.990103e+01,1.982437e+01,1.992193e+01,2.001244e+01,1.990103e+01,1.993586e+01,1.994283e+01,1.991496e+01,1.990103e+01,1.992193e+01,1.992890e+01,1.993586e+01,1.986619e+01,1.984528e+01,1.988710e+01,1.987316e+01,1.989407e+01,1.981740e+01,1.982437e+01,1.987316e+01,1.990800e+01,1.988013e+01,1.988710e+01,1.983831e+01,1.983831e+01,1.988013e+01,1.990103e+01,1.997764e+01,1.990800e+01,1.992193e+01,1.997068e+01,1.986619e+01,1.986619e+01,1.985225e+01,1.981042e+01,1.987316e+01,1.985922e+01,1.993586e+01,1.996371e+01,1.987316e+01,1.986619e+01,1.985922e+01,1.990800e+01,1.989407e+01,1.995675e+01,2.044298e+01,2.101649e+01,2.103716e+01,2.105094e+01,2.107848e+01,2.111979e+01,2.111291e+01,2.112667e+01,2.111979e+01,2.116108e+01,2.102338e+01,2.116108e+01,2.119548e+01,2.115420e+01,2.116796e+01,2.105094e+01,2.116108e+01,2.111979e+01,2.111291e+01,2.113355e+01,2.096135e+01,2.108537e+01,2.103027e+01,2.116108e+01,2.103716e+01,2.106471e+01,2.105782e+01,2.105782e+01,2.097514e+01,2.099582e+01,2.098893e+01,2.107848e+01,2.101649e+01,2.100271e+01,2.098893e+01,2.103716e+01,2.096135e+01,2.103027e+01,2.103716e+01,2.098893e+01,2.112667e+01,2.111291e+01,2.119548e+01,2.091308e+01,2.108537e+01,2.109225e+01,2.093377e+01,2.094757e+01,2.096825e+01,2.109914e+01,2.107160e+01,2.109225e+01,2.105782e+01,2.111979e+01,2.104405e+01,2.115420e+01,2.120923e+01,2.105782e+01,2.108537e+01,2.114044e+01,2.102338e+01,2.125736e+01,2.119548e+01,2.111291e+01,2.114732e+01,2.115420e+01,2.112667e+01,2.114732e+01,2.114044e+01,2.118860e+01,2.131233e+01,2.115420e+01,2.111979e+01,2.112667e+01,2.110602e+01,2.112667e+01,2.116796e+01,2.104405e+01,2.104405e+01,2.116796e+01,2.119548e+01,2.120235e+01,2.121611e+01,2.118172e+01,2.114044e+01,2.105094e+01,2.125048e+01,2.116796e+01,2.113355e+01,2.111291e+01,2.115420e+01,2.096825e+01,2.106471e+01,2.116796e+01,2.111979e+01,2.117484e+01,2.121611e+01,2.118172e+01,2.109225e+01,2.111291e+01,2.113355e+01,2.111291e+01,2.105782e+01
2.113355e+01,2.109914e+01,2.108537e+01,2.107160e+01,2.109914e+01,2.112667e+01,2.116108e+01,2.114732e+01,2.120235e+01,2.117484e+01,2.115420e+01,2.120235e+01,2.123674e+01,2.122986e+01,2.110602e+01,2.114044e+01,2.113355e+01,2.118860e+01,2.112667e+01,2.114044e+01,2.112667e+01,2.114044e+01,2.110602e+01,2.111291e+01,2.109914e+01,2.111979e+01,2.111979e+01,2.110602e+01,2.116108e+01,2.107160e+01,2.114044e+01,2.122298e+01,2.124361e+01,2.119548e+01,2.125048e+01,2.111979e+01,2.122986e+01,2.109225e+01,2.109225e+01,2.117484e+01,2.116108e+01,2.118172e+01,2.126423e+01,2.119548e+01,2.109914e+01,2.114044e+01,2.115420e+01,2.111979e+01,2.119548e+01,2.114044e+01,2.115420e+01,2.116108e+01,2.112667e+01,2.118860e+01,2.122298e+01,2.116796e+01,2.120235e+01,2.125048e+01,2.123674e+01,2.118172e+01,2.123674e+01,2.124361e+01,2.118172e+01,2.120923e+01,2.125048e+01,2.105782e+01,2.122986e+01,2.129172e+01,2.125048e+01,2.111291e+01,2.133981e+01,2.120235e+01,2.120923e+01,2.119548e+01,2.125048e+01,2.124361e+01,2.129859e+01,2.111979e+01,2.116796e+01,2.125048e+01,2.117484e+01,2.126423e+01,2.120923e+01,2.120923e+01,2.127798e+01,2.126423e+01,2.129172e+01,2.125048e+01,2.128485e+01,2.124361e+01,2.118172e+01,2.116796e+01,2.127110e+01,2.124361e+01,2.118172e+01,2.125048e+01,2.124361e+01,2.120235e+01,2.119548e+01,2.121611e+01,2.114044e+01,2.122986e+01,2.119548e+01,2.127798e+01,2.121611e+01,2.118172e+01,2.118172e+01,2.117484e+01,2.118172e+01,2.117484e+01,2.117484e+01,2.116796e+01,2.116108e+01,2.112667e+01,2.118860e+01,2.116108e+01,2.112667e+01,2.117484e+01,2.116796e+01,2.114044e+01,2.111979e+01,2.119548e+01,2.114044e+01,2.113355e+01,2.108537e+01,2.120235e+01,2.110602e+01,2.111979e+01,2.120923e+01,2.118172e+01,2.127110e+01,2.114044e+01,2.113355e+01,2.122986e+01,2.123674e+01,2.116796e+01,2.120235e+01,2.118860e+01,2.117484e+01,2.112667e+01,2.120923e+01,2.114732e+01,2.111291e+01,2.118860e+01,2.116108e+01,2.118860e+01,2.121611e+01,2.123674e+01,2.121611e+01,2.125048e+01,2.117484e+01,2.130546e+01,2.116796e+01,2.127110e+01,2.118172e+01,2.125048e+01,2.120235e+01,2.115420e+01,2.120235e+01,2.117484e+01,2.112667e+01,2.118172e+01,2.115420e+01,2.123674e+01,2.119548e+01,2.127798e+01,2.120235e+01,2.120923e+01,2.113355e+01,2.123674e+01,2.121611e+01,2.127798e+01,2.131233e+01,2.131233e+01,2.129859e+01,2.140847e+01,2.124361e+01,2.144278e+01,2.128485e+01,2.138101e+01,2.122986e+01,2.125736e+01,2.122298e+01,2.129172e+01,2.128485e+01,2.127110e+01,2.128485e+01,2.122986e+01,2.125048e+01,2.131233e+01,2.127798e+01,2.127798e+01,2.133981e+01,2.129859e+01,2.129859e+01,2.133981e+01,2.121611e+01,2.122986e+01,2.125048e+01,2.123674e+01,2.135355e+01,2.123674e+01,2.117484e+01,2.114732e+01,2.129859e+01,2.133294e+01,2.125736e+01,2.127110e+01,2.122298e+01,2.114732e+01,2.123674e+01,2.123674e+01,2.122986e+01,2.118860e+01,2.125048e+01,2.135355e+01,2.122986e+01,2.129172e+01,2.125048e+01,2.103716e+01,2.122986e+01,2.118860e+01,2.095446e+01,2.061607e+01,2.032512e+01,2.029736e+01,2.028348e+01,2.030430e+01,2.030430e+01,2.026960e+01,2.035980e+01,2.033899e+01,2.033205e+01,2.035286e+01,2.029042e+01,2.037366e+01,2.034592e+01,2.035980e+01,2.038753e+01,2.040833e+01,2.047070e+01,2.038060e+01,2.044991e+01,2.044991e+01,2.067139e+01,2.096825e+01,2.113355e+01,2.113355e+01,2.115420e+01,2.102338e+01,2.065757e+01,2.064374e+01,2.065065e+01,2.046377e+01,2.062299e+01,2.059531e+01,2.051918e+01,2.059531e+01,2.050533e+01,2.060915e+01,2.074742e+01,2.097514e+01,2.116108e+01,2.139474e+01,2.131920e+01,2.130546e+01,2.127798e+01,2.121611e+01,2.107848e+01,2.066448e+01,2.047070e+01,2.048455e+01,2.051225e+01,2.044298e+01,2.034592e+01,2.035286e+01,2.056763e+01,2.095446e+01,2.100271e+01,2.124361e+01,2.137415e+01,2.125048e+01,2.138101e+01,2.138101e+01,2.138101e+01,2.140847e+01,2.133294e+01,2.133981e+01,2.141533e+01,2.142220e+01,2.134668e+01,2.138101e+01,2.133981e+01,2.125736e+01,2.097514e+01,2.065065e+01,2.022794e+01,2.021405e+01,2.008201e+01,2.028348e+01,2.025571e+01,2.013763e+01,2.021405e+01,2.019321e+01,2.023489e+01,2.023489e+01,2.022794e+01,2.020016e+01,2.023489e+01,2.017932e+01,2.026960e+01,2.024183e+01,2.060915e+01,2.114044e+01,2.110602e+01,2.134668e+01,2.136728e+01,2.149766e+01,2.140847e+01,2.145650e+01,2.135355e+01,2.150451e+01,2.142220e+01,2.138788e+01,2.140847e+01,2.143592e+01,2.143592e+01,2.146336e+01,2.155936e+01,2.149766e+01,2.149766e+01,2.159362e+01,2.166895e+01,2.157991e+01,2.167580e+01,2.172371e+01,2.179211e+01,2.192194e+01,2.195608e+01,2.208571e+01,2.196973e+01,2.209934e+01,2.193560e+01,2.097514e+01,2.006114e+01,2.002636e+01,2.000548e+01,1.998460e+01,1.992890e+01,2.002636e+01,1.990800e+01,1.992890e+01,1.990103e+01,1.998460e+01,2.000548e+01,2.003332e+01,2.008896e+01,2.009591e+01,2.009591e+01,2.027654e+01,2.080957e+01,2.160732e+01,2.217430e+01,2.225602e+01,2.226963e+01,2.224921e+01,2.181262e+01,2.120235e+01,2.063682e+01,2.067831e+01,2.060915e+01,2.066448e+01,2.129172e+01,2.128485e+01,2.085789e+01,2.083719e+01,2.073360e+01,2.077505e+01,2.070596e+01,2.078195e+01,2.067139e+01,2.061607e+01,2.067831e+01,2.065757e+01,2.060915e+01,2.061607e+01,2.062990e+01,2.058148e+01,2.052610e+01,2.069905e+01,2.067831e+01,2.106471e+01,2.157306e+01,2.157306e+01,2.163472e+01,2.162102e+01,2.163472e+01,2.171002e+01,2.160047e+01,2.160732e+01,2.171002e+01,2.159362e+01,2.159362e+01,2.157306e+01,2.160732e+01,2.159362e+01,2.162787e+01,2.166895e+01,2.164157e+01,2.154565e+01,2.163472e+01,2.160732e+01,2.167580e+01,2.162787e+01,2.158677e+01,2.163472e+01,2.157991e+01,2.155936e+01,2.157991e+01,2.160047e+01,2.161417e+01,2.161417e+01,2.158677e+01,2.155936e+01,2.162787e+01,2.155936e+01,2.153880e+01,2.149766e+01,2.139474e+01,2.124361e+01,2.085099e+01,2.065757e+01,2.038060e+01,2.032512e+01,2.032512e+01,2.064374e+01,2.075432e+01,2.091308e+01,2.065065e+01,2.046377e+01,2.015848e+01,1.997068e+01,1.996371e+01,1.995675e+01,1.990103e+01,1.993586e+01,1.989407e+01,1.991496e+01,1.988710e+01,1.989407e+01,1.984528e+01,1.983134e+01,1.983134e+01,1.990800e+01,1.979647e+01,1.983134e+01,1.985225e+01,1.989407e+01,1.987316e+01,1.983831e+01,2.008896e+01,2.017237e+01,2.073360e+01,2.112667e+01,2.120235e+01,2.131920e+01,2.118172e+01,2.055379e+01,2.015848e+01,2.007505e+01,2.000548e+01,1.992890e+01,1.983134e+01,1.993586e+01,1.986619e+01,1.985225e+01,1.985922e+01,1.991496e+01,1.984528e+01,1.985922e+01,1.983134e+01,1.988710e+01,1.985225e+01,1.987316e+01,1.982437e+01,1.989407e+01,1.985225e+01,1.985225e+01,1.977555e+01,1.983134e+01,1.992193e+01,1.991496e+01,1.978950e+01,1.981740e+01,1.991496e+01,1.990800e+01,1.982437e+01,1.994283e+01,1.985225e+01,1.992193e+01,1.971973e+01,1.989407e+01,1.990103e+01,1.993586e+01,1.990800e+01,1.990800e+01,1.983831e+01,1.986619e+01,1.993586e+01,1.989407e+01,1.980345e+01,1.981740e+01,1.989407e+01,1.993586e+01,1.985922e+01,1.990800e+01,1.987316e+01,1.990800e+01,1.983831e+01,1.985225e+01,1.994979e+01,1.988710e+01,1.995675e+01,1.984528e+01,1.983831e+01,1.986619e+01,1.990103e+01,1.989407e+01,1.988013e+01,1.990800e+01,1.990800e+01,1.980345e+01,1.986619e+01,1.985922e+01,1.993586e+01,1.993586e+01,1.993586e+01,2.012372e+01,2.067139e+01,2.105782e+01,2.098893e+01,2.103027e+01,2.115420e+01,2.120235e+01,2.109914e+01,2.112667e+01,2.112667e+01,2.115420e+01,2.113355e+01,2.118172e+01,2.122298e+01,2.121611e+01,2.113355e+01,2.102338e+01,2.114044e+01,2.111979e+01,2.097514e+01,2.116796e+01,2.105094e+01,2.108537e+01,2.107848e+01,2.107160e+01,2.102338e+01,2.107848e+01,2.105782e+01,2.094067e+01,2.105782e+01,2.102338e+01,2.109914e+01,2.103027e+01,2.103027e+01,2.104405e+01,2.109225e+01,2.101649e+01,2.104405e+01,2.105094e+01,2.106471e+01,2.108537e+01,2.111291e+01,2.113355e+01,2.116796e+01,2.109225e+01,2.117484e+01,2.110602e+01,2.117484e+01,2.111291e+01,2.107160e+01,2.117484e+01,2.109914e+01,2.123674e+01,2.113355e+01,2.101649e+01,2.120235e+01,2.120235e+01,2.122986e+01,2.122986e+01,2.104405e+01,2.106471e+01,2.116796e+01,2.114732e+01,2.110602e+01,2.116108e+01,2.111291e+01,2.116108e+01,2.115420e+01,2.118172e+01,2.114732e+01,2.116796e+01,2.112667e+01,2.114044e+01,2.110602e+01,2.118172e+01,2.117484e+01,2.117484e+01,2.114044e+01,2.109225e+01,2.103716e+01,2.119548e+01,2.121611e+01,2.122986e+01,2.112667e+01,2.129859e+01,2.114732e+01,2.111291e+01,2.114044e+01,2.121611e+01,2.115420e+01,2.126423e+01,2.118172e+01,2.114044e+01,2.109914e+01,2.118860e+01,2.106471e+01,2.125048e+01,2.119548e+01,2.114044e+01,2.105782e+01,2.120235e+01,2.114732e+01,2.124361e+01
2.105782e+01,2.113355e+01,2.112667e+01,2.115420e+01,2.114044e+01,2.107848e+01,2.112667e+01,2.118172e+01,2.114044e+01,2.113355e+01,2.116796e+01,2.117484e+01,2.118172e+01,2.119548e+01,2.119548e+01,2.112667e+01,2.117484e+01,2.104405e+01,2.115420e+01,2.112667e+01,2.112667e+01,2.111979e+01,2.112667e+01,2.109225e+01,2.127798e+01,2.114044e+01,2.117484e+01,2.105782e+01,2.124361e+01,2.132607e+01,2.110602e+01,2.109225e+01,2.114044e+01,2.105782e+01,2.123674e+01,2.115420e+01,2.114732e+01,2.113355e+01,2.116108e+01,2.114732e+01,2.115420e+01,2.120923e+01,2.113355e+01,2.112667e+01,2.109914e+01,2.113355e+01,2.116796e+01,2.115420e+01,2.118860e+01,2.127798e+01,2.116108e+01,2.114732e+01,2.112667e+01,2.120235e+01,2.127798e+01,2.123674e+01,2.124361e+01,2.109914e+01,2.125048e+01,2.127798e+01,2.118172e+01,2.107848e+01,2.114732e+01,2.113355e+01,2.138101e+01,2.125736e+01,2.122986e+01,2.120923e+01,2.131920e+01,2.133294e+01,2.121611e+01,2.127110e+01,2.129859e+01,2.120235e+01,2.122986e+01,2.128485e+01,2.129172e+01,2.126423e+01,2.129859e+01,2.126423e+01,2.130546e+01,2.118172e+01,2.129172e+01,2.128485e+01,2.127798e+01,2.127798e+01,2.132607e+01,2.133981e+01,2.128485e+01,2.130546e+01,2.128485e+01,2.118172e+01,2.127110e+01,2.123674e+01,2.118860e+01,2.122298e+01,2.126423e+01,2.119548e+01,2.128485e+01,2.120923e+01,2.116796e+01,2.119548e+01,2.127110e+01,2.125048e+01,2.124361e+01,2.116108e+01,2.119548e+01,2.116108e+01,2.116796e+01,2.114732e+01,2.117484e+01,2.117484e+01,2.120235e+01,2.118860e+01,2.116796e+01,2.114732e+01,2.116108e+01,2.117484e+01,2.120235e+01,2.116108e+01,2.120235e+01,2.114732e+01,2.112667e+01,2.112667e+01,2.111291e+01,2.114044e+01,2.118860e+01,2.113355e+01,2.118172e+01,2.111979e+01,2.114044e+01,2.114732e+01,2.113355e+01,2.120923e+01,2.114732e+01,2.118860e+01,2.119548e+01,2.118860e+01,2.116108e+01,2.114732e+01,2.131920e+01,2.120235e+01,2.115420e+01,2.115420e+01,2.118860e+01,2.119548e+01,2.120235e+01,2.122986e+01,2.111291e+01,2.120923e+01,2.120923e+01,2.122298e+01,2.114732e+01,2.123674e+01,2.114044e+01,2.128485e+01,2.120235e+01,2.120235e+01,2.128485e+01,2.120923e+01,2.118172e+01,2.110602e+01,2.119548e+01,2.133294e+01,2.126423e+01,2.120235e+01,2.116796e+01,2.125048e+01,2.110602e+01,2.124361e+01,2.120235e+01,2.128485e+01,2.120235e+01,2.129859e+01,2.123674e+01,2.125048e+01,2.129172e+01,2.120923e+01,2.120923e+01,2.125736e+01,2.128485e+01,2.126423e+01,2.122298e+01,2.125048e+01,2.125048e+01,2.124361e+01,2.125736e+01,2.132607e+01,2.122986e+01,2.122298e+01,2.125048e+01,2.129172e+01,2.125048e+01,2.131920e+01,2.119548e+01,2.118172e+01,2.131233e+01,2.117484e+01,2.124361e+01,2.138788e+01,2.125736e+01,2.123674e+01,2.134668e+01,2.118172e+01,2.123674e+01,2.113355e+01,2.131920e+01,2.120923e+01,2.128485e+01,2.125736e+01,2.126423e+01,2.126423e+01,2.125048e+01,2.130546e+01,2.125736e+01,2.123674e+01,2.129172e+01,2.124361e+01,2.129172e+01,2.118860e+01,2.116108e+01,2.107848e+01,2.093377e+01,2.033205e+01,2.029736e+01,2.027654e+01,2.029042e+01,2.031124e+01,2.028348e+01,2.029736e+01,2.034592e+01,2.028348e+01,2.036673e+01,2.036673e+01,2.035286e+01,2.036673e+01,2.033899e+01,2.033899e+01,2.036673e+01,2.037366e+01,2.024183e+01,2.042912e+01,2.047070e+01,2.070596e+01,2.098893e+01,2.095446e+01,2.094067e+01,2.091998e+01,2.077505e+01,2.100271e+01,2.089239e+01,2.108537e+01,2.107848e+01,2.099582e+01,2.096135e+01,2.088549e+01,2.090619e+01,2.084409e+01,2.064374e+01,2.058148e+01,2.060915e+01,2.062990e+01,2.089239e+01,2.118172e+01,2.125736e+01,2.131920e+01,2.135355e+01,2.123674e+01,2.075432e+01,2.055379e+01,2.051225e+01,2.043605e+01,2.038060e+01,2.035286e+01,2.044991e+01,2.059531e+01,2.096135e+01,2.124361e+01,2.121611e+01,2.128485e+01,2.138101e+01,2.122298e+01,2.135355e+01,2.129859e+01,2.140847e+01,2.129172e+01,2.132607e+01,2.133981e+01,2.135355e+01,2.136041e+01,2.132607e+01,2.136728e+01,2.140161e+01,2.119548e+01,2.071978e+01,2.039447e+01,2.036673e+01,2.029042e+01,2.031124e+01,2.028348e+01,2.019321e+01,2.024877e+01,2.015848e+01,2.018627e+01,2.021405e+01,2.018627e+01,2.021405e+01,2.017237e+01,2.020711e+01,2.021405e+01,2.025571e+01,2.039447e+01,2.084409e+01,2.127110e+01,2.125048e+01,2.136728e+01,2.135355e+01,2.147022e+01,2.144964e+01,2.140161e+01,2.136728e+01,2.146336e+01,2.140161e+01,2.139474e+01,2.159362e+01,2.138101e+01,2.146336e+01,2.148394e+01,2.153194e+01,2.141533e+01,2.153880e+01,2.161417e+01,2.159362e+01,2.167580e+01,2.168264e+01,2.179894e+01,2.181262e+01,2.186729e+01,2.188096e+01,2.198338e+01,2.194243e+01,2.192877e+01,2.175791e+01,2.094757e+01,2.015153e+01,1.980345e+01,1.999852e+01,1.996371e+01,1.999852e+01,1.991496e+01,1.995675e+01,1.993586e+01,1.991496e+01,1.991496e+01,2.004027e+01,2.000548e+01,2.002636e+01,2.012372e+01,2.037366e+01,2.102338e+01,2.162787e+01,2.209934e+01,2.219474e+01,2.218112e+01,2.216068e+01,2.214024e+01,2.208571e+01,2.177843e+01,2.120235e+01,2.060915e+01,2.057456e+01,2.063682e+01,2.085789e+01,2.093377e+01,2.098893e+01,2.078886e+01,2.080267e+01,2.067139e+01,2.075432e+01,2.069905e+01,2.083719e+01,2.062990e+01,2.062990e+01,2.064374e+01,2.061607e+01,2.061607e+01,2.057456e+01,2.057456e+01,2.062990e+01,2.060915e+01,2.078195e+01,2.156621e+01,2.159362e+01,2.164157e+01,2.163472e+01,2.173739e+01,2.173055e+01,2.160047e+01,2.170318e+01,2.169633e+01,2.158677e+01,2.160732e+01,2.160732e+01,2.160732e+01,2.160047e+01,2.161417e+01,2.158677e+01,2.161417e+01,2.159362e+01,2.160732e+01,2.154565e+01,2.153194e+01,2.149766e+01,2.163472e+01,2.163472e+01,2.165526e+01,2.155250e+01,2.161417e+01,2.168949e+01,2.158677e+01,2.158677e+01,2.143592e+01,2.154565e+01,2.149080e+01,2.151137e+01,2.161417e+01,2.153194e+01,2.163472e+01,2.151137e+01,2.144964e+01,2.141533e+01,2.118860e+01,2.085789e+01,2.082338e+01,2.089239e+01,2.106471e+01,2.141533e+01,2.142906e+01,2.112667e+01,2.085789e+01,2.020016e+01,2.018627e+01,1.999852e+01,1.990103e+01,1.998460e+01,1.983134e+01,1.983831e+01,1.985922e+01,1.979647e+01,1.988710e+01,1.985922e+01,1.988013e+01,1.993586e+01,1.989407e+01,1.978950e+01,1.982437e+01,1.990103e+01,1.992193e+01,1.985922e+01,1.989407e+01,1.996371e+01,2.013068e+01,2.088549e+01,2.114044e+01,2.119548e+01,2.131920e+01,2.122986e+01,2.101649e+01,2.051225e+01,2.013763e+01,2.001244e+01,2.001244e+01,1.978950e+01,1.986619e+01,1.988013e+01,2.000548e+01,1.988710e+01,1.987316e+01,1.988710e+01,1.969879e+01,1.983831e+01,1.988013e+01,1.983134e+01,1.986619e+01,1.974067e+01,1.984528e+01,1.977555e+01,1.986619e+01,1.992193e+01,1.985922e+01,1.989407e+01,1.997068e+01,1.992193e+01,1.992193e+01,1.988013e+01,1.992193e+01,1.997068e+01,1.991496e+01,1.992193e+01,1.990103e+01,1.983831e+01,1.988710e+01,1.992890e+01,1.991496e+01,1.994979e+01,1.990800e+01,1.989407e+01,1.991496e+01,1.979647e+01,1.982437e+01,1.983134e+01,1.984528e+01,1.979647e+01,1.987316e+01,1.989407e+01,1.995675e+01,1.982437e+01,1.986619e+01,1.982437e+01,1.987316e+01,1.985225e+01,1.982437e+01,1.967785e+01,1.984528e+01,1.980345e+01,1.987316e+01,1.984528e+01,1.981042e+01,1.984528e+01,1.980345e+01,1.981740e+01,1.984528e+01,1.992193e+01,1.994979e+01,1.988710e+01,1.992890e+01,1.996371e+01,1.992193e+01,2.048455e+01,2.071287e+01,2.095446e+01,2.105782e+01,2.114044e+01,2.112667e+01,2.110602e+01,2.112667e+01,2.111979e+01,2.111979e+01,2.115420e+01,2.120923e+01,2.108537e+01,2.108537e+01,2.114732e+01,2.115420e+01,2.101649e+01,2.109914e+01,2.109225e+01,2.102338e+01,2.102338e+01,2.109914e+01,2.108537e+01,2.107160e+01,2.107160e+01,2.100960e+01,2.109225e+01,2.108537e+01,2.103716e+01,2.089929e+01,2.107848e+01,2.107160e+01,2.103716e+01,2.105094e+01,2.098893e+01,2.100271e+01,2.100960e+01,2.107160e+01,2.105094e+01,2.110602e+01,2.109914e+01,2.111291e+01,2.114732e+01,2.107848e+01,2.100960e+01,2.116108e+01,2.120235e+01,2.110602e+01,2.109225e+01,2.110602e+01,2.111979e+01,2.104405e+01,2.113355e+01,2.100271e+01,2.112667e+01,2.118860e+01,2.100271e+01,2.121611e+01,2.118860e+01,2.119548e+01,2.101649e+01,2.116108e+01,2.105782e+01,2.116796e+01,2.105782e+01,2.116108e+01,2.114044e+01,2.114044e+01,2.116796e+01,2.111291e+01,2.103716e+01,2.107160e+01,2.116108e+01,2.113355e+01,2.116108e+01,2.120923e+01,2.114732e+01,2.116796e+01,2.115420e+01,2.117484e+01,2.116108e+01,2.122298e+01,2.122298e+01,2.132607e+01,2.114732e+01,2.124361e+01,2.121611e+01,2.115420e+01,2.116108e+01,2.116108e+01,2.118172e+01,2.114044e+01,2.116108e+01,2.109225e+01,2.113355e+01,2.118172e+01,2.114044e+01,2.114732e+01,2.111979e+01,2.091308e+01,2.107848e+01,2.110602e+01
2.118172e+01,2.116796e+01,2.107848e+01,2.107160e+01,2.114044e+01,2.105094e+01,2.116108e+01,2.117484e+01,2.117484e+01,2.107848e+01,2.117484e+01,2.119548e+01,2.118860e+01,2.120235e+01,2.121611e+01,2.118860e+01,2.120235e+01,2.120923e+01,2.117484e+01,2.116108e+01,2.116108e+01,2.121611e+01,2.119548e+01,2.114044e+01,2.117484e+01,2.112667e+01,2.114732e+01,2.114044e+01,2.114044e+01,2.119548e+01,2.114732e+01,2.126423e+01,2.116108e+01,2.111979e+01,2.118172e+01,2.118172e+01,2.114044e+01,2.116796e+01,2.114732e+01,2.120235e+01,2.117484e+01,2.119548e+01,2.110602e+01,2.111291e+01,2.116108e+01,2.116796e+01,2.129859e+01,2.129859e+01,2.120235e+01,2.108537e+01,2.111291e+01,2.124361e+01,2.118860e+01,2.126423e+01,2.120235e+01,2.120923e+01,2.124361e+01,2.121611e+01,2.134668e+01,2.133981e+01,2.119548e+01,2.120923e+01,2.109914e+01,2.122986e+01,2.118860e+01,2.117484e+01,2.123674e+01,2.126423e+01,2.122986e+01,2.122298e+01,2.133981e+01,2.124361e+01,2.126423e+01,2.123674e+01,2.129859e+01,2.122986e+01,2.121611e+01,2.129172e+01,2.123674e+01,2.120235e+01,2.139474e+01,2.127798e+01,2.117484e+01,2.130546e+01,2.132607e+01,2.131233e+01,2.128485e+01,2.131920e+01,2.131920e+01,2.128485e+01,2.128485e+01,2.128485e+01,2.122986e+01,2.122986e+01,2.124361e+01,2.118860e+01,2.119548e+01,2.125048e+01,2.126423e+01,2.116796e+01,2.119548e+01,2.124361e+01,2.135355e+01,2.121611e+01,2.131920e+01,2.128485e+01,2.118172e+01,2.116796e+01,2.120923e+01,2.111979e+01,2.116108e+01,2.121611e+01,2.135355e+01,2.109225e+01,2.116108e+01,2.111979e+01,2.116108e+01,2.114044e+01,2.118172e+01,2.118172e+01,2.114044e+01,2.121611e+01,2.111291e+01,2.116796e+01,2.121611e+01,2.122298e+01,2.119548e+01,2.129859e+01,2.118860e+01,2.115420e+01,2.118860e+01,2.111291e+01,2.116796e+01,2.127110e+01,2.122986e+01,2.122298e+01,2.120235e+01,2.114732e+01,2.113355e+01,2.117484e+01,2.116796e+01,2.119548e+01,2.118860e+01,2.115420e+01,2.122986e+01,2.119548e+01,2.120923e+01,2.120923e+01,2.110602e+01,2.124361e+01,2.118860e+01,2.118172e+01,2.119548e+01,2.127798e+01,2.125048e+01,2.125048e+01,2.121611e+01,2.120923e+01,2.120235e+01,2.117484e+01,2.125048e+01,2.132607e+01,2.125736e+01,2.127110e+01,2.127798e+01,2.119548e+01,2.120923e+01,2.128485e+01,2.122986e+01,2.120235e+01,2.120923e+01,2.126423e+01,2.122986e+01,2.127110e+01,2.129172e+01,2.118172e+01,2.127110e+01,2.131920e+01,2.135355e+01,2.130546e+01,2.127110e+01,2.124361e+01,2.125736e+01,2.129172e+01,2.131233e+01,2.140161e+01,2.121611e+01,2.124361e+01,2.131920e+01,2.125736e+01,2.130546e+01,2.128485e+01,2.128485e+01,2.135355e+01,2.131920e+01,2.129859e+01,2.126423e+01,2.121611e+01,2.122298e+01,2.145650e+01,2.122298e+01,2.124361e+01,2.129172e+01,2.123674e+01,2.130546e+01,2.120923e+01,2.129172e+01,2.130546e+01,2.118860e+01,2.120235e+01,2.125736e+01,2.128485e+01,2.124361e+01,2.126423e+01,2.125736e+01,2.129172e+01,2.122986e+01,2.121611e+01,2.130546e+01,2.113355e+01,2.119548e+01,2.109914e+01,2.063682e+01,2.029736e+01,2.026960e+01,2.027654e+01,2.025571e+01,2.029736e+01,2.026960e+01,2.026266e+01,2.028348e+01,2.042219e+01,2.027654e+01,2.035286e+01,2.026266e+01,2.035980e+01,2.033899e+01,2.037366e+01,2.035980e+01,2.047070e+01,2.035980e+01,2.047070e+01,2.067831e+01,2.113355e+01,2.114732e+01,2.111291e+01,2.048455e+01,2.048455e+01,2.053995e+01,2.065065e+01,2.100960e+01,2.120235e+01,2.122298e+01,2.118860e+01,2.117484e+01,2.116796e+01,2.120235e+01,2.113355e+01,2.082338e+01,2.063682e+01,2.063682e+01,2.060915e+01,2.073360e+01,2.090619e+01,2.120235e+01,2.116796e+01,2.123674e+01,2.102338e+01,2.072669e+01,2.051918e+01,2.050533e+01,2.049148e+01,2.046377e+01,2.063682e+01,2.057456e+01,2.094067e+01,2.118172e+01,2.128485e+01,2.118860e+01,2.122986e+01,2.135355e+01,2.134668e+01,2.133981e+01,2.135355e+01,2.139474e+01,2.129859e+01,2.133981e+01,2.142220e+01,2.131233e+01,2.131920e+01,2.134668e+01,2.133294e+01,2.134668e+01,2.123674e+01,2.072669e+01,2.026266e+01,2.024877e+01,2.026266e+01,2.030430e+01,2.024183e+01,2.024877e+01,2.022100e+01,2.024877e+01,2.025571e+01,2.013068e+01,2.023489e+01,2.022100e+01,2.024183e+01,2.019321e+01,2.020711e+01,2.024183e+01,2.031124e+01,2.097514e+01,2.132607e+01,2.136041e+01,2.133294e+01,2.134668e+01,2.148394e+01,2.143592e+01,2.139474e+01,2.144964e+01,2.146336e+01,2.139474e+01,2.147022e+01,2.137415e+01,2.145650e+01,2.151137e+01,2.151137e+01,2.153880e+01,2.166211e+01,2.161417e+01,2.163472e+01,2.160732e+01,2.166211e+01,2.173739e+01,2.167580e+01,2.181945e+01,2.203115e+01,2.186729e+01,2.195608e+01,2.194243e+01,2.181262e+01,2.175107e+01,2.092688e+01,2.019321e+01,2.001940e+01,1.984528e+01,2.001244e+01,1.995675e+01,1.999852e+01,1.994283e+01,1.991496e+01,1.990103e+01,1.991496e+01,1.992890e+01,2.004027e+01,2.004027e+01,2.050533e+01,2.132607e+01,2.192194e+01,2.195608e+01,2.204479e+01,2.216068e+01,2.207889e+01,2.214705e+01,2.209934e+01,2.208571e+01,2.181945e+01,2.177159e+01,2.115420e+01,2.074051e+01,2.068522e+01,2.056071e+01,2.076814e+01,2.090619e+01,2.085099e+01,2.083028e+01,2.080957e+01,2.080267e+01,2.082338e+01,2.065065e+01,2.076814e+01,2.067139e+01,2.060223e+01,2.061607e+01,2.060915e+01,2.059531e+01,2.059531e+01,2.058148e+01,2.085789e+01,2.140161e+01,2.146336e+01,2.145650e+01,2.168264e+01,2.163472e+01,2.167580e+01,2.164157e+01,2.162787e+01,2.166895e+01,2.164841e+01,2.165526e+01,2.169633e+01,2.165526e+01,2.169633e+01,2.161417e+01,2.159362e+01,2.157306e+01,2.172371e+01,2.162102e+01,2.166895e+01,2.160047e+01,2.162787e+01,2.158677e+01,2.155936e+01,2.164841e+01,2.161417e+01,2.163472e+01,2.160732e+01,2.160732e+01,2.161417e+01,2.161417e+01,2.159362e+01,2.149766e+01,2.150451e+01,2.155250e+01,2.157306e+01,2.151823e+01,2.163472e+01,2.147708e+01,2.154565e+01,2.160047e+01,2.143592e+01,2.135355e+01,2.133981e+01,2.153880e+01,2.133981e+01,2.146336e+01,2.145650e+01,2.144278e+01,2.113355e+01,2.073360e+01,2.035980e+01,2.033899e+01,2.001244e+01,1.983831e+01,1.999852e+01,1.993586e+01,1.989407e+01,1.983831e+01,1.985225e+01,1.989407e+01,1.985225e+01,1.990103e+01,1.990800e+01,1.981042e+01,1.978950e+01,1.993586e+01,1.984528e+01,1.986619e+01,1.995675e+01,1.991496e+01,2.006114e+01,2.066448e+01,2.114732e+01,2.116108e+01,2.131233e+01,2.131920e+01,2.132607e+01,2.089929e+01,2.047762e+01,2.004027e+01,1.999852e+01,1.995675e+01,1.989407e+01,1.986619e+01,2.002636e+01,1.986619e+01,1.987316e+01,1.986619e+01,1.967086e+01,1.981740e+01,1.984528e+01,1.987316e+01,1.993586e+01,1.983134e+01,1.990103e+01,1.980345e+01,1.979647e+01,1.983134e+01,1.983831e+01,1.990800e+01,1.992890e+01,1.981740e+01,1.992193e+01,1.992193e+01,1.987316e+01,1.995675e+01,1.990800e+01,1.991496e+01,1.986619e+01,1.990103e+01,1.988710e+01,1.990103e+01,1.990103e+01,1.994979e+01,1.985922e+01,1.989407e+01,1.981042e+01,1.992193e+01,1.988013e+01,1.991496e+01,1.989407e+01,1.990800e+01,1.991496e+01,1.993586e+01,1.991496e+01,1.987316e+01,1.991496e+01,1.988013e+01,1.965689e+01,1.995675e+01,1.982437e+01,1.975462e+01,1.976858e+01,1.983134e+01,1.985922e+01,1.981042e+01,1.976858e+01,1.981042e+01,1.981042e+01,1.988013e+01,1.993586e+01,1.988710e+01,1.987316e+01,1.990800e+01,1.989407e+01,1.997764e+01,1.992193e+01,2.010982e+01,2.065065e+01,2.079576e+01,2.105094e+01,2.108537e+01,2.109914e+01,2.111291e+01,2.111291e+01,2.128485e+01,2.117484e+01,2.118860e+01,2.120235e+01,2.109225e+01,2.109914e+01,2.121611e+01,2.117484e+01,2.105094e+01,2.103716e+01,2.115420e+01,2.103027e+01,2.107160e+01,2.109225e+01,2.107848e+01,2.106471e+01,2.110602e+01,2.100960e+01,2.108537e+01,2.111291e+01,2.108537e+01,2.103027e+01,2.099582e+01,2.094757e+01,2.101649e+01,2.103716e+01,2.099582e+01,2.107160e+01,2.101649e+01,2.102338e+01,2.104405e+01,2.105782e+01,2.107848e+01,2.106471e+01,2.108537e+01,2.110602e+01,2.109225e+01,2.113355e+01,2.111291e+01,2.113355e+01,2.109914e+01,2.114732e+01,2.102338e+01,2.124361e+01,2.123674e+01,2.114732e+01,2.120235e+01,2.100271e+01,2.109914e+01,2.111979e+01,2.110602e+01,2.118860e+01,2.118172e+01,2.111979e+01,2.121611e+01,2.116796e+01,2.120235e+01,2.116108e+01,2.108537e+01,2.117484e+01,2.116796e+01,2.105094e+01,2.113355e+01,2.110602e+01,2.118172e+01,2.112667e+01,2.116796e+01,2.116796e+01,2.118172e+01,2.116796e+01,2.114732e+01,2.114732e+01,2.115420e+01,2.116108e+01,2.111291e+01,2.113355e+01,2.111291e+01,2.111979e+01,2.119548e+01,2.114732e+01,2.120235e+01,2.125736e+01,2.114732e+01,2.110602e+01,2.122986e+01,2.116108e+01,2.126423e+01,2.111979e+01,2.114044e+01,2.123674e+01,2.108537e+01,2.103027e+01,2.114732e+01,2.104405e+01
2.121611e+01,2.111979e+01,2.106471e+01,2.109225e+01,2.116108e+01,2.114044e+01,2.106471e+01,2.104405e+01,2.117484e+01,2.115420e+01,2.129172e+01,2.118172e+01,2.116108e+01,2.120923e+01,2.120923e+01,2.122986e+01,2.127798e+01,2.116108e+01,2.117484e+01,2.129172e+01,2.125736e+01,2.113355e+01,2.114044e+01,2.118172e+01,2.122986e+01,2.111979e+01,2.112667e+01,2.117484e+01,2.121611e+01,2.107160e+01,2.118172e+01,2.116108e+01,2.109225e+01,2.118172e+01,2.122298e+01,2.116796e+01,2.126423e+01,2.119548e+01,2.121611e+01,2.120235e+01,2.120923e+01,2.121611e+01,2.118860e+01,2.124361e+01,2.117484e+01,2.127798e+01,2.129859e+01,2.129172e+01,2.122986e+01,2.117484e+01,2.116796e+01,2.116108e+01,2.114732e+01,2.129859e+01,2.122298e+01,2.125048e+01,2.118860e+01,2.122986e+01,2.124361e+01,2.125736e+01,2.116796e+01,2.122298e+01,2.119548e+01,2.112667e+01,2.125736e+01,2.122298e+01,2.116108e+01,2.123674e+01,2.123674e+01,2.120235e+01,2.127110e+01,2.122298e+01,2.127110e+01,2.117484e+01,2.126423e+01,2.122986e+01,2.127110e+01,2.127798e+01,2.121611e+01,2.123674e+01,2.120235e+01,2.129172e+01,2.127798e+01,2.131233e+01,2.127110e+01,2.129859e+01,2.121611e+01,2.122986e+01,2.120923e+01,2.123674e+01,2.128485e+01,2.125736e+01,2.118860e+01,2.121611e+01,2.122298e+01,2.118172e+01,2.120235e+01,2.124361e+01,2.116796e+01,2.121611e+01,2.121611e+01,2.118860e+01,2.116796e+01,2.118172e+01,2.118860e+01,2.113355e+01,2.118172e+01,2.116796e+01,2.115420e+01,2.115420e+01,2.125736e+01,2.120235e+01,2.112667e+01,2.120923e+01,2.109225e+01,2.113355e+01,2.115420e+01,2.118860e+01,2.114044e+01,2.120235e+01,2.111979e+01,2.111291e+01,2.113355e+01,2.120923e+01,2.113355e+01,2.116796e+01,2.129859e+01,2.113355e+01,2.114044e+01,2.125736e+01,2.113355e+01,2.118172e+01,2.118172e+01,2.121611e+01,2.116796e+01,2.116796e+01,2.119548e+01,2.117484e+01,2.123674e+01,2.119548e+01,2.119548e+01,2.116108e+01,2.118860e+01,2.120235e+01,2.119548e+01,2.120235e+01,2.125048e+01,2.120923e+01,2.109225e+01,2.122986e+01,2.118860e+01,2.127110e+01,2.127798e+01,2.122298e+01,2.119548e+01,2.122298e+01,2.119548e+01,2.119548e+01,2.121611e+01,2.121611e+01,2.119548e+01,2.120235e+01,2.127110e+01,2.119548e+01,2.127110e+01,2.124361e+01,2.129172e+01,2.127798e+01,2.122986e+01,2.122986e+01,2.120923e+01,2.119548e+01,2.127798e+01,2.122298e+01,2.129859e+01,2.127110e+01,2.126423e+01,2.129859e+01,2.125048e+01,2.125048e+01,2.129172e+01,2.125736e+01,2.125048e+01,2.124361e+01,2.123674e+01,2.129859e+01,2.130546e+01,2.134668e+01,2.118860e+01,2.133294e+01,2.125048e+01,2.128485e+01,2.129172e+01,2.122986e+01,2.120235e+01,2.122298e+01,2.119548e+01,2.123674e+01,2.122298e+01,2.128485e+01,2.123674e+01,2.129859e+01,2.133981e+01,2.118172e+01,2.118172e+01,2.119548e+01,2.130546e+01,2.133294e+01,2.127798e+01,2.125736e+01,2.122986e+01,2.125048e+01,2.122986e+01,2.127798e+01,2.135355e+01,2.127110e+01,2.129172e+01,2.108537e+01,2.122298e+01,2.119548e+01,2.121611e+01,2.102338e+01,2.035980e+01,2.030430e+01,2.029042e+01,2.027654e+01,2.023489e+01,2.052610e+01,2.025571e+01,2.029736e+01,2.028348e+01,2.033899e+01,2.043605e+01,2.035286e+01,2.035980e+01,2.035286e+01,2.027654e+01,2.032512e+01,2.034592e+01,2.046377e+01,2.047762e+01,2.072669e+01,2.090619e+01,2.111291e+01,2.106471e+01,2.101649e+01,2.044298e+01,2.054687e+01,2.049148e+01,2.047762e+01,2.050533e+01,2.095446e+01,2.111979e+01,2.123674e+01,2.128485e+01,2.129172e+01,2.112667e+01,2.118172e+01,2.105782e+01,2.109225e+01,2.089929e+01,2.068522e+01,2.062990e+01,2.071287e+01,2.071287e+01,2.103027e+01,2.120235e+01,2.119548e+01,2.098203e+01,2.060223e+01,2.050533e+01,2.057456e+01,2.049148e+01,2.064374e+01,2.098203e+01,2.113355e+01,2.125736e+01,2.127110e+01,2.120923e+01,2.127110e+01,2.127798e+01,2.131233e+01,2.132607e+01,2.128485e+01,2.133981e+01,2.134668e+01,2.138101e+01,2.142220e+01,2.133294e+01,2.133981e+01,2.133294e+01,2.139474e+01,2.133981e+01,2.121611e+01,2.085789e+01,2.040140e+01,2.037366e+01,2.026266e+01,2.025571e+01,2.024877e+01,2.025571e+01,2.021405e+01,2.025571e+01,2.025571e+01,2.015153e+01,2.019321e+01,2.022100e+01,2.022100e+01,2.024183e+01,2.024183e+01,2.024183e+01,2.048455e+01,2.127798e+01,2.125736e+01,2.133981e+01,2.149080e+01,2.136728e+01,2.138101e+01,2.133981e+01,2.140161e+01,2.142906e+01,2.141533e+01,2.147708e+01,2.139474e+01,2.142220e+01,2.144278e+01,2.147022e+01,2.147022e+01,2.145650e+01,2.153880e+01,2.160732e+01,2.160047e+01,2.157306e+01,2.165526e+01,2.165526e+01,2.180578e+01,2.179211e+01,2.175791e+01,2.192194e+01,2.178527e+01,2.186729e+01,2.186729e+01,2.171002e+01,2.114732e+01,2.021405e+01,1.999852e+01,2.001244e+01,1.992890e+01,1.998460e+01,2.004723e+01,1.993586e+01,1.999852e+01,1.991496e+01,1.990103e+01,1.997764e+01,2.018627e+01,2.063682e+01,2.144964e+01,2.183312e+01,2.188779e+01,2.190828e+01,2.209934e+01,2.209934e+01,2.205843e+01,2.211979e+01,2.192194e+01,2.193560e+01,2.200386e+01,2.193560e+01,2.175791e+01,2.109225e+01,2.071978e+01,2.057456e+01,2.067831e+01,2.064374e+01,2.073360e+01,2.076814e+01,2.083028e+01,2.081648e+01,2.071287e+01,2.069905e+01,2.064374e+01,2.076123e+01,2.076123e+01,2.064374e+01,2.053995e+01,2.067831e+01,2.062299e+01,2.068522e+01,2.118172e+01,2.136041e+01,2.161417e+01,2.159362e+01,2.163472e+01,2.158677e+01,2.162102e+01,2.165526e+01,2.166211e+01,2.159362e+01,2.168264e+01,2.160732e+01,2.164157e+01,2.171002e+01,2.164841e+01,2.155250e+01,2.157991e+01,2.168264e+01,2.157306e+01,2.167580e+01,2.155250e+01,2.159362e+01,2.157991e+01,2.155936e+01,2.153194e+01,2.152508e+01,2.153194e+01,2.162787e+01,2.164157e+01,2.161417e+01,2.162787e+01,2.162787e+01,2.158677e+01,2.156621e+01,2.169633e+01,2.152508e+01,2.153880e+01,2.170318e+01,2.160732e+01,2.154565e+01,2.144964e+01,2.162102e+01,2.140161e+01,2.152508e+01,2.159362e+01,2.155936e+01,2.147708e+01,2.151137e+01,2.136041e+01,2.155936e+01,2.144278e+01,2.112667e+01,2.074742e+01,2.046377e+01,2.004027e+01,1.989407e+01,2.004723e+01,1.986619e+01,1.982437e+01,1.997764e+01,1.985922e+01,1.992890e+01,1.992890e+01,1.988013e+01,1.981740e+01,1.982437e+01,1.987316e+01,1.994283e+01,1.991496e+01,1.994283e+01,1.999852e+01,1.990103e+01,2.004027e+01,2.046377e+01,2.089239e+01,2.129859e+01,2.131920e+01,2.134668e+01,2.136728e+01,2.122986e+01,2.083028e+01,2.042912e+01,2.016542e+01,1.997764e+01,1.995675e+01,1.985225e+01,1.988013e+01,1.985922e+01,1.986619e+01,1.987316e+01,1.989407e+01,1.982437e+01,1.987316e+01,1.986619e+01,1.991496e+01,1.978950e+01,1.985922e+01,1.982437e+01,1.982437e+01,1.990103e+01,1.988013e+01,1.981042e+01,1.978950e+01,1.989407e+01,1.981740e+01,1.990800e+01,1.994979e+01,1.992890e+01,1.984528e+01,1.987316e+01,1.992193e+01,1.988710e+01,1.992890e+01,1.987316e+01,1.985225e+01,1.988013e+01,1.981740e+01,1.991496e+01,1.985922e+01,1.986619e+01,1.981740e+01,1.991496e+01,1.991496e+01,1.993586e+01,1.992193e+01,1.995675e+01,1.983831e+01,1.981042e+01,1.984528e+01,1.983831e+01,1.990103e+01,1.972671e+01,1.979647e+01,1.983134e+01,1.983831e+01,1.982437e+01,1.984528e+01,1.985922e+01,1.981042e+01,1.981042e+01,1.987316e+01,1.995675e+01,1.988710e+01,1.985225e+01,1.994283e+01,1.996371e+01,1.994979e+01,2.006114e+01,2.005419e+01,2.008201e+01,2.029042e+01,2.081648e+01,2.108537e+01,2.111979e+01,2.113355e+01,2.106471e+01,2.115420e+01,2.118860e+01,2.120235e+01,2.120235e+01,2.122298e+01,2.113355e+01,2.116108e+01,2.113355e+01,2.109914e+01,2.104405e+01,2.114044e+01,2.101649e+01,2.109914e+01,2.105782e+01,2.108537e+01,2.098893e+01,2.103716e+01,2.106471e+01,2.108537e+01,2.105782e+01,2.102338e+01,2.111291e+01,2.110602e+01,2.102338e+01,2.107160e+01,2.108537e+01,2.098203e+01,2.104405e+01,2.094067e+01,2.103027e+01,2.108537e+01,2.106471e+01,2.116108e+01,2.093377e+01,2.103027e+01,2.116796e+01,2.107160e+01,2.100960e+01,2.110602e+01,2.110602e+01,2.113355e+01,2.109225e+01,2.109914e+01,2.099582e+01,2.111291e+01,2.115420e+01,2.115420e+01,2.118860e+01,2.103716e+01,2.109914e+01,2.107848e+01,2.111291e+01,2.113355e+01,2.112667e+01,2.108537e+01,2.108537e+01,2.121611e+01,2.127798e+01,2.113355e+01,2.118172e+01,2.103716e+01,2.102338e+01,2.109914e+01,2.109914e+01,2.118172e+01,2.120923e+01,2.120235e+01,2.114732e+01,2.114044e+01,2.114044e+01,2.111979e+01,2.120923e+01,2.106471e+01,2.118172e+01,2.111979e+01,2.112667e+01,2.115420e+01,2.142220e+01,2.139474e+01,2.114732e+01,2.115420e+01,2.117484e+01,2.118860e+01,2.118860e+01,2.111979e+01,2.116796e+01,2.116108e+01,2.112667e+01,2.109914e+01,2.119548e+01,2.123674e+01,2.103027e+01,2.112667e+01,2.120923e+01,2.114044e+01
2.117484e+01,2.115420e+01,2.117484e+01,2.116796e+01,2.116796e+01,2.116796e+01,2.108537e+01,2.110602e+01,2.129172e+01,2.114044e+01,2.112667e+01,2.116796e+01,2.117484e+01,2.114732e+01,2.120923e+01,2.122986e+01,2.121611e+01,2.118860e+01,2.122986e+01,2.120923e+01,2.116108e+01,2.114044e+01,2.115420e+01,2.117484e+01,2.118860e+01,2.118172e+01,2.113355e+01,2.113355e+01,2.103027e+01,2.111291e+01,2.106471e+01,2.120923e+01,2.114732e+01,2.128485e+01,2.115420e+01,2.114732e+01,2.116108e+01,2.121611e+01,2.119548e+01,2.121611e+01,2.119548e+01,2.113355e+01,2.120235e+01,2.120235e+01,2.114732e+01,2.115420e+01,2.116796e+01,2.118172e+01,2.121611e+01,2.114732e+01,2.136728e+01,2.109914e+01,2.114044e+01,2.116108e+01,2.120923e+01,2.132607e+01,2.117484e+01,2.125736e+01,2.127110e+01,2.131920e+01,2.116108e+01,2.128485e+01,2.119548e+01,2.118860e+01,2.119548e+01,2.118860e+01,2.117484e+01,2.125048e+01,2.125736e+01,2.125048e+01,2.120235e+01,2.125736e+01,2.127110e+01,2.120923e+01,2.124361e+01,2.123674e+01,2.125736e+01,2.125736e+01,2.123674e+01,2.127110e+01,2.118860e+01,2.127110e+01,2.123674e+01,2.122986e+01,2.127798e+01,2.131920e+01,2.133981e+01,2.125736e+01,2.127110e+01,2.129859e+01,2.127798e+01,2.130546e+01,2.119548e+01,2.123674e+01,2.118172e+01,2.116796e+01,2.125736e+01,2.118172e+01,2.118860e+01,2.128485e+01,2.116796e+01,2.117484e+01,2.110602e+01,2.134668e+01,2.111979e+01,2.116796e+01,2.114732e+01,2.114732e+01,2.119548e+01,2.118172e+01,2.118172e+01,2.124361e+01,2.108537e+01,2.115420e+01,2.119548e+01,2.102338e+01,2.111291e+01,2.114044e+01,2.111291e+01,2.120923e+01,2.117484e+01,2.111979e+01,2.112667e+01,2.114732e+01,2.115420e+01,2.116796e+01,2.115420e+01,2.117484e+01,2.119548e+01,2.113355e+01,2.114732e+01,2.115420e+01,2.113355e+01,2.108537e+01,2.118860e+01,2.109914e+01,2.113355e+01,2.115420e+01,2.117484e+01,2.118860e+01,2.119548e+01,2.111979e+01,2.121611e+01,2.118172e+01,2.118860e+01,2.119548e+01,2.120923e+01,2.118860e+01,2.123674e+01,2.116108e+01,2.123674e+01,2.126423e+01,2.120235e+01,2.125048e+01,2.120235e+01,2.116796e+01,2.122986e+01,2.122986e+01,2.121611e+01,2.118860e+01,2.121611e+01,2.121611e+01,2.124361e+01,2.124361e+01,2.120235e+01,2.128485e+01,2.122986e+01,2.114044e+01,2.124361e+01,2.122298e+01,2.120235e+01,2.121611e+01,2.140847e+01,2.122298e+01,2.124361e+01,2.124361e+01,2.131233e+01,2.131920e+01,2.127798e+01,2.129172e+01,2.129172e+01,2.129859e+01,2.125736e+01,2.129172e+01,2.124361e+01,2.131920e+01,2.128485e+01,2.122298e+01,2.131920e+01,2.129172e+01,2.123674e+01,2.133294e+01,2.120923e+01,2.125048e+01,2.118172e+01,2.125736e+01,2.124361e+01,2.129859e+01,2.124361e+01,2.125736e+01,2.127798e+01,2.129859e+01,2.124361e+01,2.126423e+01,2.129859e+01,2.120235e+01,2.126423e+01,2.124361e+01,2.123674e+01,2.126423e+01,2.125048e+01,2.131233e+01,2.129172e+01,2.131920e+01,2.123674e+01,2.129172e+01,2.123674e+01,2.127798e+01,2.119548e+01,2.113355e+01,2.103716e+01,2.065065e+01,2.033205e+01,2.028348e+01,2.028348e+01,2.019321e+01,2.025571e+01,2.029042e+01,2.021405e+01,2.022100e+01,2.025571e+01,2.033899e+01,2.028348e+01,2.040833e+01,2.033205e+01,2.036673e+01,2.032512e+01,2.047070e+01,2.045684e+01,2.065757e+01,2.071978e+01,2.107848e+01,2.115420e+01,2.111979e+01,2.100960e+01,2.105094e+01,2.076123e+01,2.047070e+01,2.033899e+01,2.033899e+01,2.048455e+01,2.047762e+01,2.056763e+01,2.094067e+01,2.108537e+01,2.111291e+01,2.126423e+01,2.121611e+01,2.119548e+01,2.128485e+01,2.104405e+01,2.069213e+01,2.062990e+01,2.060223e+01,2.062299e+01,2.072669e+01,2.098893e+01,2.103716e+01,2.097514e+01,2.057456e+01,2.053303e+01,2.058148e+01,2.089239e+01,2.107848e+01,2.118860e+01,2.114732e+01,2.136728e+01,2.129859e+01,2.135355e+01,2.137415e+01,2.129859e+01,2.129172e+01,2.143592e+01,2.135355e+01,2.136041e+01,2.142906e+01,2.133981e+01,2.137415e+01,2.137415e+01,2.139474e+01,2.135355e+01,2.138101e+01,2.125736e+01,2.119548e+01,2.086479e+01,2.039447e+01,2.032512e+01,2.023489e+01,2.024877e+01,2.024183e+01,2.026266e+01,2.026266e+01,2.028348e+01,2.044991e+01,2.013763e+01,2.017237e+01,2.019321e+01,2.020711e+01,2.023489e+01,2.024183e+01,2.020016e+01,2.050533e+01,2.111291e+01,2.133981e+01,2.134668e+01,2.137415e+01,2.140161e+01,2.140847e+01,2.141533e+01,2.145650e+01,2.144964e+01,2.142906e+01,2.150451e+01,2.146336e+01,2.149766e+01,2.143592e+01,2.147022e+01,2.147708e+01,2.151137e+01,2.160732e+01,2.160047e+01,2.155250e+01,2.162787e+01,2.163472e+01,2.174423e+01,2.168949e+01,2.173739e+01,2.176475e+01,2.186046e+01,2.186046e+01,2.175791e+01,2.174423e+01,2.173055e+01,2.117484e+01,2.024877e+01,1.999156e+01,2.002636e+01,2.001244e+01,2.001244e+01,1.994979e+01,1.996371e+01,1.994283e+01,1.994979e+01,1.994979e+01,2.013068e+01,2.084409e+01,2.145650e+01,2.179894e+01,2.184679e+01,2.200386e+01,2.197656e+01,2.196973e+01,2.196291e+01,2.199021e+01,2.195608e+01,2.190145e+01,2.194925e+01,2.180578e+01,2.192877e+01,2.157991e+01,2.142220e+01,2.093377e+01,2.071978e+01,2.067831e+01,2.069213e+01,2.069213e+01,2.076123e+01,2.074051e+01,2.069905e+01,2.072669e+01,2.064374e+01,2.059531e+01,2.062299e+01,2.062990e+01,2.065065e+01,2.067139e+01,2.060223e+01,2.063682e+01,2.083719e+01,2.127798e+01,2.158677e+01,2.164157e+01,2.160047e+01,2.164157e+01,2.160732e+01,2.168949e+01,2.172371e+01,2.166211e+01,2.166211e+01,2.159362e+01,2.166895e+01,2.171002e+01,2.164841e+01,2.165526e+01,2.168949e+01,2.157991e+01,2.160047e+01,2.165526e+01,2.164157e+01,2.160732e+01,2.162102e+01,2.161417e+01,2.158677e+01,2.160732e+01,2.165526e+01,2.163472e+01,2.163472e+01,2.162102e+01,2.162787e+01,2.157991e+01,2.164157e+01,2.160732e+01,2.166211e+01,2.152508e+01,2.147022e+01,2.152508e+01,2.152508e+01,2.152508e+01,2.159362e+01,2.152508e+01,2.141533e+01,2.151823e+01,2.156621e+01,2.161417e+01,2.159362e+01,2.157991e+01,2.154565e+01,2.154565e+01,2.153880e+01,2.141533e+01,2.144278e+01,2.109225e+01,2.071287e+01,2.044298e+01,2.007505e+01,2.007505e+01,1.990800e+01,1.981740e+01,1.985922e+01,1.989407e+01,1.992193e+01,1.985225e+01,1.994283e+01,1.985225e+01,1.983134e+01,1.994979e+01,1.989407e+01,1.984528e+01,1.981042e+01,1.985225e+01,2.001244e+01,2.005419e+01,2.036673e+01,2.090619e+01,2.134668e+01,2.140847e+01,2.142220e+01,2.138101e+01,2.133294e+01,2.118860e+01,2.081648e+01,2.042219e+01,2.018627e+01,1.993586e+01,1.988013e+01,2.004027e+01,1.988710e+01,1.988013e+01,1.988710e+01,1.988013e+01,1.982437e+01,1.985225e+01,1.990103e+01,1.979647e+01,1.978253e+01,1.990103e+01,1.992890e+01,1.985225e+01,1.990800e+01,1.985922e+01,1.988013e+01,1.985922e+01,1.983134e+01,1.992193e+01,1.988013e+01,1.987316e+01,1.992890e+01,1.988013e+01,1.985225e+01,1.982437e+01,1.986619e+01,1.993586e+01,1.987316e+01,1.992193e+01,1.985922e+01,1.990103e+01,1.989407e+01,1.986619e+01,1.986619e+01,1.988710e+01,1.990103e+01,1.992193e+01,1.988013e+01,1.983134e+01,1.982437e+01,1.977555e+01,1.991496e+01,1.983134e+01,1.987316e+01,1.985922e+01,1.983831e+01,1.977555e+01,1.981740e+01,1.986619e+01,1.985225e+01,1.983831e+01,1.990800e+01,2.017932e+01,1.983831e+01,1.997764e+01,1.984528e+01,1.992193e+01,1.987316e+01,1.996371e+01,1.976160e+01,1.995675e+01,2.010982e+01,1.991496e+01,2.015848e+01,2.035980e+01,2.071287e+01,2.105782e+01,2.111291e+01,2.127798e+01,2.114732e+01,2.124361e+01,2.116796e+01,2.118860e+01,2.124361e+01,2.109225e+01,2.117484e+01,2.107848e+01,2.112667e+01,2.118172e+01,2.106471e+01,2.114044e+01,2.109225e+01,2.105094e+01,2.109225e+01,2.101649e+01,2.105782e+01,2.102338e+01,2.087859e+01,2.114732e+01,2.117484e+01,2.103027e+01,2.099582e+01,2.105782e+01,2.111979e+01,2.098203e+01,2.094067e+01,2.108537e+01,2.100271e+01,2.112667e+01,2.105782e+01,2.105782e+01,2.101649e+01,2.100960e+01,2.103716e+01,2.105782e+01,2.117484e+01,2.108537e+01,2.104405e+01,2.109914e+01,2.109225e+01,2.111979e+01,2.114044e+01,2.109914e+01,2.112667e+01,2.114044e+01,2.100271e+01,2.101649e+01,2.114732e+01,2.122298e+01,2.116108e+01,2.120235e+01,2.114732e+01,2.114732e+01,2.115420e+01,2.108537e+01,2.116796e+01,2.116108e+01,2.116796e+01,2.125048e+01,2.117484e+01,2.125048e+01,2.125736e+01,2.120923e+01,2.113355e+01,2.117484e+01,2.122986e+01,2.123674e+01,2.113355e+01,2.116108e+01,2.118860e+01,2.115420e+01,2.119548e+01,2.114732e+01,2.127110e+01,2.133981e+01,2.114732e+01,2.120235e+01,2.125048e+01,2.116108e+01,2.121611e+01,2.116796e+01,2.115420e+01,2.111291e+01,2.121611e+01,2.105094e+01,2.104405e+01,2.112667e+01,2.115420e+01,2.122298e+01,2.109225e+01,2.109914e+01,2.113355e+01,2.107848e+01,2.108537e+01,2.109914e+01
2.114044e+01,2.113355e+01,2.113355e+01,2.118172e+01,2.131920e+01,2.114732e+01,2.111291e+01,2.116108e+01,2.114732e+01,2.119548e+01,2.119548e+01,2.120235e+01,2.120923e+01,2.119548e+01,2.116108e+01,2.124361e+01,2.130546e+01,2.118860e+01,2.124361e+01,2.125048e+01,2.116108e+01,2.112667e+01,2.118172e+01,2.115420e+01,2.111979e+01,2.118172e+01,2.120235e+01,2.116796e+01,2.107160e+01,2.109225e+01,2.114044e+01,2.113355e+01,2.113355e+01,2.112667e+01,2.115420e+01,2.113355e+01,2.113355e+01,2.114044e+01,2.117484e+01,2.116796e+01,2.116796e+01,2.113355e+01,2.113355e+01,2.117484e+01,2.114044e+01,2.114044e+01,2.116108e+01,2.125736e+01,2.111291e+01,2.125048e+01,2.114044e+01,2.121611e+01,2.113355e+01,2.118172e+01,2.129859e+01,2.127798e+01,2.121611e+01,2.116796e+01,2.114732e+01,2.131233e+01,2.120923e+01,2.120923e+01,2.118860e+01,2.122986e+01,2.119548e+01,2.114732e+01,2.118860e+01,2.123674e+01,2.121611e+01,2.123674e+01,2.123674e+01,2.120923e+01,2.117484e+01,2.122986e+01,2.116108e+01,2.126423e+01,2.119548e+01,2.127110e+01,2.116108e+01,2.127798e+01,2.123674e+01,2.121611e+01,2.120235e+01,2.122298e+01,2.122298e+01,2.131920e+01,2.121611e+01,2.117484e+01,2.122986e+01,2.121611e+01,2.119548e+01,2.119548e+01,2.121611e+01,2.120235e+01,2.122986e+01,2.119548e+01,2.117484e+01,2.120923e+01,2.118860e+01,2.114732e+01,2.114732e+01,2.114732e+01,2.115420e+01,2.114732e+01,2.107848e+01,2.108537e+01,2.110602e+01,2.109914e+01,2.122298e+01,2.115420e+01,2.119548e+01,2.115420e+01,2.107848e+01,2.118172e+01,2.115420e+01,2.107848e+01,2.107160e+01,2.115420e+01,2.112667e+01,2.116796e+01,2.114044e+01,2.115420e+01,2.113355e+01,2.111979e+01,2.114732e+01,2.120923e+01,2.115420e+01,2.116108e+01,2.113355e+01,2.125048e+01,2.114044e+01,2.114044e+01,2.118172e+01,2.111291e+01,2.118172e+01,2.118860e+01,2.104405e+01,2.118860e+01,2.120235e+01,2.117484e+01,2.119548e+01,2.107160e+01,2.122986e+01,2.111979e+01,2.117484e+01,2.118172e+01,2.127110e+01,2.118860e+01,2.118172e+01,2.116108e+01,2.111291e+01,2.120235e+01,2.118860e+01,2.122298e+01,2.126423e+01,2.120235e+01,2.122298e+01,2.117484e+01,2.127798e+01,2.120235e+01,2.121611e+01,2.121611e+01,2.122298e+01,2.121611e+01,2.130546e+01,2.125736e+01,2.132607e+01,2.121611e+01,2.122986e+01,2.122298e+01,2.122986e+01,2.122986e+01,2.122298e+01,2.127110e+01,2.120235e+01,2.129172e+01,2.131920e+01,2.127110e+01,2.127110e+01,2.128485e+01,2.128485e+01,2.127798e+01,2.128485e+01,2.124361e+01,2.124361e+01,2.142906e+01,2.124361e+01,2.129172e+01,2.129859e+01,2.126423e+01,2.138788e+01,2.128485e+01,2.119548e+01,2.120235e+01,2.129172e+01,2.122298e+01,2.125736e+01,2.120923e+01,2.127798e+01,2.127110e+01,2.129859e+01,2.123674e+01,2.129172e+01,2.125736e+01,2.121611e+01,2.122986e+01,2.123674e+01,2.124361e+01,2.127110e+01,2.125736e+01,2.125736e+01,2.123674e+01,2.122986e+01,2.127110e+01,2.131233e+01,2.128485e+01,2.125048e+01,2.122986e+01,2.116108e+01,2.120923e+01,2.096135e+01,2.065757e+01,2.024183e+01,2.008201e+01,2.026266e+01,2.012372e+01,2.021405e+01,2.022100e+01,2.022794e+01,2.031818e+01,2.033899e+01,2.024877e+01,2.034592e+01,2.035286e+01,2.033205e+01,2.035980e+01,2.036673e+01,2.035286e+01,2.051225e+01,2.069213e+01,2.101649e+01,2.103027e+01,2.115420e+01,2.111291e+01,2.110602e+01,2.104405e+01,2.080267e+01,2.036673e+01,2.036673e+01,2.044991e+01,2.043605e+01,2.042219e+01,2.044298e+01,2.046377e+01,2.067139e+01,2.102338e+01,2.112667e+01,2.109225e+01,2.129172e+01,2.125736e+01,2.126423e+01,2.094757e+01,2.067831e+01,2.057456e+01,2.056763e+01,2.069905e+01,2.071978e+01,2.096825e+01,2.078195e+01,2.062299e+01,2.059531e+01,2.091308e+01,2.100271e+01,2.114044e+01,2.138101e+01,2.126423e+01,2.124361e+01,2.133981e+01,2.137415e+01,2.141533e+01,2.133294e+01,2.141533e+01,2.136041e+01,2.135355e+01,2.137415e+01,2.136041e+01,2.134668e+01,2.133981e+01,2.133981e+01,2.132607e+01,2.126423e+01,2.129859e+01,2.131920e+01,2.131233e+01,2.105094e+01,2.033899e+01,2.026960e+01,2.022794e+01,2.031124e+01,2.024183e+01,2.026266e+01,2.024877e+01,2.020016e+01,2.029042e+01,2.024183e+01,2.037366e+01,2.025571e+01,2.023489e+01,2.022100e+01,2.024183e+01,2.026960e+01,2.047762e+01,2.105094e+01,2.137415e+01,2.150451e+01,2.143592e+01,2.152508e+01,2.133294e+01,2.137415e+01,2.143592e+01,2.140847e+01,2.144964e+01,2.144964e+01,2.142220e+01,2.153194e+01,2.147022e+01,2.149080e+01,2.145650e+01,2.145650e+01,2.151823e+01,2.167580e+01,2.160047e+01,2.159362e+01,2.164157e+01,2.163472e+01,2.162102e+01,2.171002e+01,2.166211e+01,2.174423e+01,2.185363e+01,2.174423e+01,2.176475e+01,2.177159e+01,2.124361e+01,2.040140e+01,2.007505e+01,2.001244e+01,2.002636e+01,1.993586e+01,1.994283e+01,1.994979e+01,1.992890e+01,1.994283e+01,2.030430e+01,2.087859e+01,2.149766e+01,2.168264e+01,2.178527e+01,2.187413e+01,2.189462e+01,2.188096e+01,2.192877e+01,2.188096e+01,2.194243e+01,2.187413e+01,2.175791e+01,2.183996e+01,2.184679e+01,2.175107e+01,2.172371e+01,2.173739e+01,2.150451e+01,2.091308e+01,2.064374e+01,2.069905e+01,2.058148e+01,2.065065e+01,2.068522e+01,2.068522e+01,2.072669e+01,2.079576e+01,2.053995e+01,2.066448e+01,2.063682e+01,2.056763e+01,2.065065e+01,2.061607e+01,2.063682e+01,2.091998e+01,2.130546e+01,2.143592e+01,2.164841e+01,2.145650e+01,2.173739e+01,2.171686e+01,2.159362e+01,2.164157e+01,2.166211e+01,2.166211e+01,2.167580e+01,2.166211e+01,2.164841e+01,2.157306e+01,2.153880e+01,2.161417e+01,2.164157e+01,2.164841e+01,2.164157e+01,2.169633e+01,2.175791e+01,2.157306e+01,2.160732e+01,2.164157e+01,2.164157e+01,2.163472e+01,2.146336e+01,2.160732e+01,2.161417e+01,2.161417e+01,2.164157e+01,2.156621e+01,2.165526e+01,2.156621e+01,2.155250e+01,2.152508e+01,2.153194e+01,2.156621e+01,2.157991e+01,2.164157e+01,2.159362e+01,2.155250e+01,2.150451e+01,2.148394e+01,2.156621e+01,2.156621e+01,2.159362e+01,2.149080e+01,2.156621e+01,2.153194e+01,2.143592e+01,2.135355e+01,2.141533e+01,2.131920e+01,2.096825e+01,2.047762e+01,2.007505e+01,2.002636e+01,1.987316e+01,1.992890e+01,1.984528e+01,1.983134e+01,1.989407e+01,1.983831e+01,1.984528e+01,1.991496e+01,1.986619e+01,1.992193e+01,1.992193e+01,1.988013e+01,1.989407e+01,1.988013e+01,1.988013e+01,2.005419e+01,2.078195e+01,2.109225e+01,2.117484e+01,2.141533e+01,2.136728e+01,2.137415e+01,2.126423e+01,2.126423e+01,2.078886e+01,2.022794e+01,2.008896e+01,1.990800e+01,1.986619e+01,1.988013e+01,1.990800e+01,1.985225e+01,1.983831e+01,1.985225e+01,1.983134e+01,1.988710e+01,1.981042e+01,1.988013e+01,1.986619e+01,1.978253e+01,1.982437e+01,1.981042e+01,1.992890e+01,1.989407e+01,1.981740e+01,1.997068e+01,1.988013e+01,1.981740e+01,1.984528e+01,1.986619e+01,1.992193e+01,1.988013e+01,1.987316e+01,1.979647e+01,1.995675e+01,1.990103e+01,1.990800e+01,1.992193e+01,1.989407e+01,1.990103e+01,1.983831e+01,1.981740e+01,1.978950e+01,1.991496e+01,1.985225e+01,1.985922e+01,1.989407e+01,1.990103e+01,1.990103e+01,1.982437e+01,1.988013e+01,1.981042e+01,1.983831e+01,1.983831e+01,1.977555e+01,1.983134e+01,1.982437e+01,1.984528e+01,1.979647e+01,1.991496e+01,1.984528e+01,1.994283e+01,1.984528e+01,1.982437e+01,1.995675e+01,1.991496e+01,1.999852e+01,2.004027e+01,1.998460e+01,1.999156e+01,1.995675e+01,2.019321e+01,2.033205e+01,2.067831e+01,2.113355e+01,2.099582e+01,2.106471e+01,2.109914e+01,2.109914e+01,2.118172e+01,2.114044e+01,2.117484e+01,2.120235e+01,2.109914e+01,2.116108e+01,2.112667e+01,2.108537e+01,2.106471e+01,2.106471e+01,2.109914e+01,2.099582e+01,2.102338e+01,2.105094e+01,2.100960e+01,2.094757e+01,2.097514e+01,2.106471e+01,2.104405e+01,2.105782e+01,2.118172e+01,2.100271e+01,2.109914e+01,2.098893e+01,2.109225e+01,2.110602e+01,2.113355e+01,2.093377e+01,2.109225e+01,2.098893e+01,2.099582e+01,2.104405e+01,2.110602e+01,2.109914e+01,2.105094e+01,2.107848e+01,2.107848e+01,2.111979e+01,2.109225e+01,2.109225e+01,2.104405e+01,2.116108e+01,2.110602e+01,2.110602e+01,2.114732e+01,2.105094e+01,2.099582e+01,2.113355e+01,2.117484e+01,2.108537e+01,2.121611e+01,2.109225e+01,2.118860e+01,2.111291e+01,2.114044e+01,2.114732e+01,2.114732e+01,2.116796e+01,2.114044e+01,2.109225e+01,2.109225e+01,2.108537e+01,2.119548e+01,2.109225e+01,2.111979e+01,2.111291e+01,2.112667e+01,2.105094e+01,2.116108e+01,2.107848e+01,2.115420e+01,2.118172e+01,2.107848e+01,2.120923e+01,2.117484e+01,2.116108e+01,2.116108e+01,2.116108e+01,2.116796e+01,2.129859e+01,2.132607e+01,2.131920e+01,2.110602e+01,2.119548e+01,2.111291e+01,2.113355e+01,2.111979e+01,2.114732e+01,2.115420e+01,2.118860e+01,2.114732e+01,2.109914e+01,2.114732e+01,2.107848e+01
2.114044e+01,2.120235e+01,2.117484e+01,2.109914e+01,2.119548e+01,2.118172e+01,2.114044e+01,2.113355e+01,2.125048e+01,2.110602e+01,2.109914e+01,2.122986e+01,2.105782e+01,2.124361e+01,2.124361e+01,2.118860e+01,2.122298e+01,2.138101e+01,2.124361e+01,2.106471e+01,2.113355e+01,2.120923e+01,2.118172e+01,2.118172e+01,2.111291e+01,2.128485e+01,2.096825e+01,2.125048e+01,2.107160e+01,2.118172e+01,2.120923e+01,2.110602e+01,2.111979e+01,2.114044e+01,2.112667e+01,2.116796e+01,2.116108e+01,2.116108e+01,2.121611e+01,2.119548e+01,2.123674e+01,2.114732e+01,2.117484e+01,2.128485e+01,2.118860e+01,2.118172e+01,2.118860e+01,2.116796e+01,2.118172e+01,2.118860e+01,2.116108e+01,2.126423e+01,2.128485e+01,2.120923e+01,2.126423e+01,2.118860e+01,2.118172e+01,2.114732e+01,2.117484e+01,2.124361e+01,2.120923e+01,2.125736e+01,2.123674e+01,2.118172e+01,2.124361e+01,2.128485e+01,2.118172e+01,2.127110e+01,2.118860e+01,2.122298e+01,2.121611e+01,2.125736e+01,2.113355e+01,2.123674e+01,2.124361e+01,2.139474e+01,2.122298e+01,2.123674e+01,2.127798e+01,2.125048e+01,2.123674e+01,2.124361e+01,2.121611e+01,2.123674e+01,2.122298e+01,2.124361e+01,2.128485e+01,2.120235e+01,2.129859e+01,2.129859e+01,2.120235e+01,2.118860e+01,2.120923e+01,2.118172e+01,2.124361e+01,2.120923e+01,2.122298e+01,2.115420e+01,2.114044e+01,2.115420e+01,2.114044e+01,2.122298e+01,2.118860e+01,2.112667e+01,2.111979e+01,2.116108e+01,2.116796e+01,2.118172e+01,2.130546e+01,2.116108e+01,2.109225e+01,2.107160e+01,2.116108e+01,2.105094e+01,2.102338e+01,2.109225e+01,2.109914e+01,2.111979e+01,2.122298e+01,2.108537e+01,2.114732e+01,2.120923e+01,2.111979e+01,2.117484e+01,2.118172e+01,2.114044e+01,2.125048e+01,2.119548e+01,2.125048e+01,2.120235e+01,2.122298e+01,2.118172e+01,2.107160e+01,2.119548e+01,2.107160e+01,2.106471e+01,2.114732e+01,2.120923e+01,2.110602e+01,2.123674e+01,2.120235e+01,2.122298e+01,2.122986e+01,2.115420e+01,2.120923e+01,2.117484e+01,2.122298e+01,2.120923e+01,2.118860e+01,2.122298e+01,2.120235e+01,2.120923e+01,2.130546e+01,2.120235e+01,2.127110e+01,2.125736e+01,2.123674e+01,2.116108e+01,2.132607e+01,2.120923e+01,2.124361e+01,2.120235e+01,2.117484e+01,2.127798e+01,2.130546e+01,2.132607e+01,2.124361e+01,2.129172e+01,2.118172e+01,2.137415e+01,2.137415e+01,2.129172e+01,2.133294e+01,2.138788e+01,2.128485e+01,2.126423e+01,2.131920e+01,2.125736e+01,2.126423e+01,2.125048e+01,2.129859e+01,2.128485e+01,2.127798e+01,2.131920e+01,2.127798e+01,2.128485e+01,2.131233e+01,2.127110e+01,2.133294e+01,2.121611e+01,2.131920e+01,2.131920e+01,2.118172e+01,2.123674e+01,2.121611e+01,2.127110e+01,2.123674e+01,2.127798e+01,2.127798e+01,2.129859e+01,2.131233e+01,2.117484e+01,2.127798e+01,2.124361e+01,2.114732e+01,2.127798e+01,2.128485e+01,2.126423e+01,2.128485e+01,2.123674e+01,2.122298e+01,2.131233e+01,2.120923e+01,2.122986e+01,2.126423e+01,2.126423e+01,2.127110e+01,2.126423e+01,2.124361e+01,2.122986e+01,2.111291e+01,2.073360e+01,2.029736e+01,2.024183e+01,2.036673e+01,2.036673e+01,2.025571e+01,2.031818e+01,2.032512e+01,2.034592e+01,2.037366e+01,2.035286e+01,2.054687e+01,2.065065e+01,2.042219e+01,2.035286e+01,2.033899e+01,2.032512e+01,2.035286e+01,2.049840e+01,2.049840e+01,2.074051e+01,2.072669e+01,2.100271e+01,2.102338e+01,2.104405e+01,2.083028e+01,2.051225e+01,2.046377e+01,2.038753e+01,2.038060e+01,2.039447e+01,2.041526e+01,2.044298e+01,2.046377e+01,2.064374e+01,2.071978e+01,2.106471e+01,2.126423e+01,2.124361e+01,2.125736e+01,2.124361e+01,2.099582e+01,2.065065e+01,2.058148e+01,2.062990e+01,2.072669e+01,2.055379e+01,2.065757e+01,2.059531e+01,2.063682e+01,2.091998e+01,2.105094e+01,2.126423e+01,2.136041e+01,2.119548e+01,2.138788e+01,2.136041e+01,2.132607e+01,2.131920e+01,2.141533e+01,2.127798e+01,2.137415e+01,2.133294e+01,2.134668e+01,2.140161e+01,2.144278e+01,2.124361e+01,2.133294e+01,2.131920e+01,2.140847e+01,2.138101e+01,2.130546e+01,2.131920e+01,2.107160e+01,2.040833e+01,2.027654e+01,2.037366e+01,2.024877e+01,2.026266e+01,2.025571e+01,2.027654e+01,2.029042e+01,2.028348e+01,2.027654e+01,2.024877e+01,2.025571e+01,2.015848e+01,2.026960e+01,2.026266e+01,2.031818e+01,2.085099e+01,2.140161e+01,2.147708e+01,2.139474e+01,2.147708e+01,2.153880e+01,2.144278e+01,2.135355e+01,2.143592e+01,2.138788e+01,2.098203e+01,2.098893e+01,2.148394e+01,2.153194e+01,2.149080e+01,2.151823e+01,2.153194e+01,2.164157e+01,2.162787e+01,2.169633e+01,2.157306e+01,2.160732e+01,2.165526e+01,2.163472e+01,2.163472e+01,2.165526e+01,2.175107e+01,2.174423e+01,2.175107e+01,2.175107e+01,2.173739e+01,2.168264e+01,2.136041e+01,2.056071e+01,2.013763e+01,2.004723e+01,1.999156e+01,1.994283e+01,2.002636e+01,1.999852e+01,2.047070e+01,2.062990e+01,2.112667e+01,2.153194e+01,2.177159e+01,2.179894e+01,2.182629e+01,2.189462e+01,2.177843e+01,2.192877e+01,2.191511e+01,2.190145e+01,2.177843e+01,2.187413e+01,2.175791e+01,2.173055e+01,2.174423e+01,2.173055e+01,2.169633e+01,2.171686e+01,2.165526e+01,2.142906e+01,2.091308e+01,2.083028e+01,2.067831e+01,2.063682e+01,2.071287e+01,2.067139e+01,2.069213e+01,2.069213e+01,2.074051e+01,2.068522e+01,2.062299e+01,2.060915e+01,2.065757e+01,2.070596e+01,2.080957e+01,2.082338e+01,2.146336e+01,2.155936e+01,2.166211e+01,2.162102e+01,2.157306e+01,2.170318e+01,2.166895e+01,2.160732e+01,2.166895e+01,2.168264e+01,2.164841e+01,2.161417e+01,2.149080e+01,2.118860e+01,2.130546e+01,2.131920e+01,2.160047e+01,2.160732e+01,2.168949e+01,2.158677e+01,2.166211e+01,2.160047e+01,2.166211e+01,2.162102e+01,2.164157e+01,2.161417e+01,2.158677e+01,2.162102e+01,2.160732e+01,2.160047e+01,2.157991e+01,2.152508e+01,2.160732e+01,2.155936e+01,2.163472e+01,2.155936e+01,2.156621e+01,2.155250e+01,2.153194e+01,2.156621e+01,2.155250e+01,2.157991e+01,2.153880e+01,2.151823e+01,2.159362e+01,2.157991e+01,2.155250e+01,2.148394e+01,2.155936e+01,2.150451e+01,2.144964e+01,2.150451e+01,2.149766e+01,2.136728e+01,2.129859e+01,2.075432e+01,2.052610e+01,2.011677e+01,1.997764e+01,1.989407e+01,1.987316e+01,1.986619e+01,1.981740e+01,1.987316e+01,1.987316e+01,1.990103e+01,1.994283e+01,1.990103e+01,1.983831e+01,1.981740e+01,1.993586e+01,1.993586e+01,2.002636e+01,2.009591e+01,2.066448e+01,2.101649e+01,2.140161e+01,2.143592e+01,2.142906e+01,2.133294e+01,2.128485e+01,2.131233e+01,2.132607e+01,2.080267e+01,2.026960e+01,1.999852e+01,1.994979e+01,1.992890e+01,2.012372e+01,1.986619e+01,1.987316e+01,1.988013e+01,1.985225e+01,1.985922e+01,1.976160e+01,1.986619e+01,1.985922e+01,1.990103e+01,1.981740e+01,1.983134e+01,1.984528e+01,1.983831e+01,1.978253e+01,1.993586e+01,1.990103e+01,1.981042e+01,1.988710e+01,1.988710e+01,1.978253e+01,1.988710e+01,1.995675e+01,1.999156e+01,2.018627e+01,1.992193e+01,1.991496e+01,1.988013e+01,1.990800e+01,1.985225e+01,1.986619e+01,1.998460e+01,1.987316e+01,1.980345e+01,1.981740e+01,1.990800e+01,1.985922e+01,1.988013e+01,1.990103e+01,1.992890e+01,1.987316e+01,1.987316e+01,1.983134e+01,1.977555e+01,1.983831e+01,1.981740e+01,1.983831e+01,1.983831e+01,1.987316e+01,1.978950e+01,1.989407e+01,1.995675e+01,1.988013e+01,1.990103e+01,1.988710e+01,1.988013e+01,2.006114e+01,2.000548e+01,2.001244e+01,1.999852e+01,1.999852e+01,2.022794e+01,2.030430e+01,2.065757e+01,2.105094e+01,2.109914e+01,2.110602e+01,2.111979e+01,2.114044e+01,2.110602e+01,2.120923e+01,2.107160e+01,2.118860e+01,2.109914e+01,2.106471e+01,2.110602e+01,2.109914e+01,2.105782e+01,2.105094e+01,2.099582e+01,2.116796e+01,2.105094e+01,2.099582e+01,2.100271e+01,2.103027e+01,2.110602e+01,2.098203e+01,2.111291e+01,2.100271e+01,2.114044e+01,2.103027e+01,2.105094e+01,2.097514e+01,2.105782e+01,2.102338e+01,2.101649e+01,2.096825e+01,2.098893e+01,2.111291e+01,2.107848e+01,2.120923e+01,2.106471e+01,2.111979e+01,2.109914e+01,2.108537e+01,2.110602e+01,2.109225e+01,2.105782e+01,2.107848e+01,2.113355e+01,2.124361e+01,2.103027e+01,2.113355e+01,2.113355e+01,2.117484e+01,2.120235e+01,2.122986e+01,2.101649e+01,2.103027e+01,2.116796e+01,2.100271e+01,2.115420e+01,2.118860e+01,2.100960e+01,2.113355e+01,2.120235e+01,2.116796e+01,2.111979e+01,2.116796e+01,2.114732e+01,2.113355e+01,2.125048e+01,2.122298e+01,2.126423e+01,2.112667e+01,2.125048e+01,2.111979e+01,2.114044e+01,2.119548e+01,2.116108e+01,2.118172e+01,2.117484e+01,2.117484e+01,2.117484e+01,2.120235e+01,2.117484e+01,2.122986e+01,2.116796e+01,2.129859e+01,2.118860e+01,2.134668e+01,2.116796e+01,2.120923e+01,2.135355e+01,2.129859e+01,2.122986e+01,2.118172e+01,2.125736e+01,2.113355e+01,2.113355e+01,2.110602e+01,2.109225e+01,2.108537e+01
2.114044e+01,2.108537e+01,2.117484e+01,2.120923e+01,2.110602e+01,2.105094e+01,2.114732e+01,2.109225e+01,2.131920e+01,2.119548e+01,2.117484e+01,2.119548e+01,2.120235e+01,2.116108e+01,2.118860e+01,2.118860e+01,2.117484e+01,2.121611e+01,2.118172e+01,2.119548e+01,2.119548e+01,2.127798e+01,2.112667e+01,2.107160e+01,2.120235e+01,2.115420e+01,2.111979e+01,2.106471e+01,2.117484e+01,2.107160e+01,2.109914e+01,2.112667e+01,2.112667e+01,2.118172e+01,2.117484e+01,2.114732e+01,2.114044e+01,2.116796e+01,2.118172e+01,2.117484e+01,2.118172e+01,2.116796e+01,2.115420e+01,2.132607e+01,2.118172e+01,2.120923e+01,2.114732e+01,2.114732e+01,2.124361e+01,2.120923e+01,2.116796e+01,2.117484e+01,2.118172e+01,2.122298e+01,2.117484e+01,2.119548e+01,2.122986e+01,2.114732e+01,2.120923e+01,2.127110e+01,2.116796e+01,2.116796e+01,2.122298e+01,2.120923e+01,2.113355e+01,2.125736e+01,2.118860e+01,2.117484e+01,2.120923e+01,2.116796e+01,2.125736e+01,2.119548e+01,2.116108e+01,2.122298e+01,2.115420e+01,2.120235e+01,2.125048e+01,2.124361e+01,2.115420e+01,2.114044e+01,2.120923e+01,2.118172e+01,2.120923e+01,2.122298e+01,2.122986e+01,2.122298e+01,2.119548e+01,2.130546e+01,2.117484e+01,2.116108e+01,2.118172e+01,2.118172e+01,2.112667e+01,2.114044e+01,2.125048e+01,2.125736e+01,2.115420e+01,2.117484e+01,2.109225e+01,2.117484e+01,2.116796e+01,2.105782e+01,2.105094e+01,2.111291e+01,2.112667e+01,2.105094e+01,2.113355e+01,2.116796e+01,2.106471e+01,2.116108e+01,2.114044e+01,2.114044e+01,2.116108e+01,2.118172e+01,2.118172e+01,2.094757e+01,2.105782e+01,2.111291e+01,2.107160e+01,2.116796e+01,2.111979e+01,2.118860e+01,2.111291e+01,2.106471e+01,2.114044e+01,2.115420e+01,2.118860e+01,2.120923e+01,2.109914e+01,2.110602e+01,2.119548e+01,2.103027e+01,2.114044e+01,2.113355e+01,2.118172e+01,2.131920e+01,2.120235e+01,2.122986e+01,2.122298e+01,2.122298e+01,2.122298e+01,2.107848e+01,2.120923e+01,2.118860e+01,2.122986e+01,2.114044e+01,2.118860e+01,2.118172e+01,2.117484e+01,2.110602e+01,2.126423e+01,2.128485e+01,2.119548e+01,2.120923e+01,2.111979e+01,2.122298e+01,2.120235e+01,2.127798e+01,2.119548e+01,2.115420e+01,2.119548e+01,2.127798e+01,2.125736e+01,2.127798e+01,2.126423e+01,2.114732e+01,2.120235e+01,2.118860e+01,2.119548e+01,2.131920e+01,2.124361e+01,2.122298e+01,2.124361e+01,2.128485e+01,2.128485e+01,2.122298e+01,2.120235e+01,2.124361e+01,2.125736e+01,2.120923e+01,2.125736e+01,2.124361e+01,2.130546e+01,2.129172e+01,2.127110e+01,2.127110e+01,2.129172e+01,2.131233e+01,2.123674e+01,2.122298e+01,2.129172e+01,2.125736e+01,2.133294e+01,2.116108e+01,2.122298e+01,2.127798e+01,2.119548e+01,2.129172e+01,2.133981e+01,2.124361e+01,2.127798e+01,2.129172e+01,2.118172e+01,2.123674e+01,2.126423e+01,2.118860e+01,2.126423e+01,2.126423e+01,2.125736e+01,2.122298e+01,2.123674e+01,2.122298e+01,2.125048e+01,2.128485e+01,2.125048e+01,2.125048e+01,2.129172e+01,2.118860e+01,2.130546e+01,2.114732e+01,2.113355e+01,2.108537e+01,2.080267e+01,2.070596e+01,2.070596e+01,2.070596e+01,2.044991e+01,2.056071e+01,2.038060e+01,2.044991e+01,2.050533e+01,2.071978e+01,2.058148e+01,2.038060e+01,2.032512e+01,2.031124e+01,2.029736e+01,2.036673e+01,2.033899e+01,2.032512e+01,2.048455e+01,2.051918e+01,2.051225e+01,2.049840e+01,2.058840e+01,2.074051e+01,2.096135e+01,2.058148e+01,2.042219e+01,2.042912e+01,2.038753e+01,2.045684e+01,2.040140e+01,2.042219e+01,2.034592e+01,2.050533e+01,2.044991e+01,2.079576e+01,2.120235e+01,2.109225e+01,2.122986e+01,2.121611e+01,2.088549e+01,2.062990e+01,2.053303e+01,2.045684e+01,2.053995e+01,2.058840e+01,2.064374e+01,2.059531e+01,2.080267e+01,2.100960e+01,2.105094e+01,2.129172e+01,2.132607e+01,2.118860e+01,2.131233e+01,2.130546e+01,2.127798e+01,2.132607e+01,2.127110e+01,2.128485e+01,2.129172e+01,2.136728e+01,2.136728e+01,2.142220e+01,2.142220e+01,2.138101e+01,2.140161e+01,2.131920e+01,2.140847e+01,2.138101e+01,2.131920e+01,2.132607e+01,2.131920e+01,2.072669e+01,2.033899e+01,2.023489e+01,2.026266e+01,2.024877e+01,2.023489e+01,2.025571e+01,2.019321e+01,2.021405e+01,2.017237e+01,2.016542e+01,2.028348e+01,2.026960e+01,2.029042e+01,2.049840e+01,2.098203e+01,2.134668e+01,2.142906e+01,2.150451e+01,2.142906e+01,2.143592e+01,2.144964e+01,2.144964e+01,2.142220e+01,2.133294e+01,2.071978e+01,2.038060e+01,2.057456e+01,2.150451e+01,2.155936e+01,2.149766e+01,2.153880e+01,2.149766e+01,2.161417e+01,2.152508e+01,2.164157e+01,2.153880e+01,2.163472e+01,2.160047e+01,2.160732e+01,2.162102e+01,2.164841e+01,2.162787e+01,2.176475e+01,2.176475e+01,2.172371e+01,2.166211e+01,2.168264e+01,2.142906e+01,2.075432e+01,2.010287e+01,2.026960e+01,2.031124e+01,2.033205e+01,2.040140e+01,2.069213e+01,2.122298e+01,2.125048e+01,2.157306e+01,2.171002e+01,2.181262e+01,2.182629e+01,2.185363e+01,2.177159e+01,2.174423e+01,2.185363e+01,2.184679e+01,2.181945e+01,2.181945e+01,2.173739e+01,2.174423e+01,2.171686e+01,2.169633e+01,2.176475e+01,2.171002e+01,2.173739e+01,2.164157e+01,2.147708e+01,2.105782e+01,2.079576e+01,2.069213e+01,2.069213e+01,2.069213e+01,2.052610e+01,2.057456e+01,2.069213e+01,2.070596e+01,2.056071e+01,2.059531e+01,2.056763e+01,2.071978e+01,2.062990e+01,2.074742e+01,2.078195e+01,2.125736e+01,2.154565e+01,2.158677e+01,2.162102e+01,2.157306e+01,2.164841e+01,2.165526e+01,2.171686e+01,2.170318e+01,2.155250e+01,2.153194e+01,2.126423e+01,2.081648e+01,2.045684e+01,2.044298e+01,2.077505e+01,2.131233e+01,2.164841e+01,2.160732e+01,2.162787e+01,2.162787e+01,2.155936e+01,2.164157e+01,2.163472e+01,2.157991e+01,2.161417e+01,2.160047e+01,2.157991e+01,2.160732e+01,2.158677e+01,2.156621e+01,2.154565e+01,2.150451e+01,2.153880e+01,2.156621e+01,2.156621e+01,2.157991e+01,2.155250e+01,2.154565e+01,2.150451e+01,2.151137e+01,2.155936e+01,2.157306e+01,2.159362e+01,2.136041e+01,2.155250e+01,2.153194e+01,2.150451e+01,2.149080e+01,2.159362e+01,2.152508e+01,2.136728e+01,2.151823e+01,2.149080e+01,2.147708e+01,2.135355e+01,2.092688e+01,2.049148e+01,2.004723e+01,1.994283e+01,1.983134e+01,1.996371e+01,1.987316e+01,1.985225e+01,1.993586e+01,1.985225e+01,1.988013e+01,1.988013e+01,1.989407e+01,1.979647e+01,1.981740e+01,1.983134e+01,1.990103e+01,1.994979e+01,2.058148e+01,2.089239e+01,2.115420e+01,2.123674e+01,2.129859e+01,2.127798e+01,2.136041e+01,2.131233e+01,2.132607e+01,2.100271e+01,2.083028e+01,2.042912e+01,2.004027e+01,1.995675e+01,1.986619e+01,1.993586e+01,1.983134e+01,1.982437e+01,1.977555e+01,1.980345e+01,1.990103e+01,1.980345e+01,1.978253e+01,1.987316e+01,1.988710e+01,1.980345e+01,1.987316e+01,1.998460e+01,1.980345e+01,1.987316e+01,1.989407e+01,1.990103e+01,1.983134e+01,1.981740e+01,1.982437e+01,1.991496e+01,1.983831e+01,2.003332e+01,2.024183e+01,2.022794e+01,2.007505e+01,1.988013e+01,1.988710e+01,1.987316e+01,1.985922e+01,1.990800e+01,1.997068e+01,1.978950e+01,1.984528e+01,1.994979e+01,1.983831e+01,1.981740e+01,1.977555e+01,1.990103e+01,1.982437e+01,1.987316e+01,1.988013e+01,1.981740e+01,1.983831e+01,1.983831e+01,1.987316e+01,1.994283e+01,1.992890e+01,1.983831e+01,1.986619e+01,1.991496e+01,1.981042e+01,1.987316e+01,1.991496e+01,1.992193e+01,2.004723e+01,1.997068e+01,2.004723e+01,1.997764e+01,2.023489e+01,2.025571e+01,2.019321e+01,2.064374e+01,2.100271e+01,2.116796e+01,2.109225e+01,2.116796e+01,2.114044e+01,2.116108e+01,2.113355e+01,2.115420e+01,2.113355e+01,2.107848e+01,2.111979e+01,2.111291e+01,2.114732e+01,2.106471e+01,2.107848e+01,2.107160e+01,2.103027e+01,2.100960e+01,2.103027e+01,2.092688e+01,2.105782e+01,2.100271e+01,2.099582e+01,2.100960e+01,2.100960e+01,2.101649e+01,2.113355e+01,2.098203e+01,2.091998e+01,2.105094e+01,2.100960e+01,2.109225e+01,2.099582e+01,2.101649e+01,2.101649e+01,2.116108e+01,2.101649e+01,2.104405e+01,2.107848e+01,2.109914e+01,2.111291e+01,2.101649e+01,2.111979e+01,2.097514e+01,2.098203e+01,2.109914e+01,2.115420e+01,2.113355e+01,2.113355e+01,2.114044e+01,2.105094e+01,2.115420e+01,2.110602e+01,2.109914e+01,2.111291e+01,2.101649e+01,2.117484e+01,2.114732e+01,2.118172e+01,2.115420e+01,2.116108e+01,2.115420e+01,2.116108e+01,2.114732e+01,2.116108e+01,2.107160e+01,2.108537e+01,2.107160e+01,2.116796e+01,2.112667e+01,2.113355e+01,2.116796e+01,2.120235e+01,2.119548e+01,2.120235e+01,2.118172e+01,2.118172e+01,2.116108e+01,2.116108e+01,2.118172e+01,2.119548e+01,2.121611e+01,2.118172e+01,2.120923e+01,2.131233e+01,2.125048e+01,2.122986e+01,2.119548e+01,2.131920e+01,2.121611e+01,2.115420e+01,2.115420e+01,2.121611e+01,2.120235e+01,2.114044e+01,2.114044e+01,2.114044e+01,2.114044e+01,2.107160e+01
2.119548e+01,2.112667e+01,2.117484e+01,2.102338e+01,2.110602e+01,2.110602e+01,2.118172e+01,2.110602e+01,2.120923e+01,2.131920e+01,2.118860e+01,2.109914e+01,2.112667e+01,2.118860e+01,2.118172e+01,2.119548e+01,2.122298e+01,2.111291e+01,2.121611e+01,2.116108e+01,2.121611e+01,2.116796e+01,2.113355e+01,2.112667e+01,2.116796e+01,2.109225e+01,2.116796e+01,2.114044e+01,2.109914e+01,2.117484e+01,2.115420e+01,2.113355e+01,2.111979e+01,2.115420e+01,2.127110e+01,2.114732e+01,2.115420e+01,2.117484e+01,2.117484e+01,2.123674e+01,2.119548e+01,2.111979e+01,2.114044e+01,2.118860e+01,2.125048e+01,2.120235e+01,2.120235e+01,2.114732e+01,2.114732e+01,2.116108e+01,2.124361e+01,2.117484e+01,2.118860e+01,2.118860e+01,2.118172e+01,2.120235e+01,2.118860e+01,2.117484e+01,2.117484e+01,2.124361e+01,2.118860e+01,2.120923e+01,2.126423e+01,2.124361e+01,2.119548e+01,2.114044e+01,2.125048e+01,2.118860e+01,2.117484e+01,2.116108e+01,2.122986e+01,2.117484e+01,2.113355e+01,2.122986e+01,2.111291e+01,2.137415e+01,2.120923e+01,2.126423e+01,2.117484e+01,2.117484e+01,2.116796e+01,2.121611e+01,2.119548e+01,2.121611e+01,2.132607e+01,2.121611e+01,2.125048e+01,2.115420e+01,2.121611e+01,2.117484e+01,2.115420e+01,2.120235e+01,2.118172e+01,2.112667e+01,2.120235e+01,2.117484e+01,2.118172e+01,2.121611e+01,2.118172e+01,2.117484e+01,2.122986e+01,2.117484e+01,2.115420e+01,2.107160e+01,2.114044e+01,2.109225e+01,2.115420e+01,2.114044e+01,2.108537e+01,2.111291e+01,2.115420e+01,2.110602e+01,2.119548e+01,2.114044e+01,2.109914e+01,2.108537e+01,2.104405e+01,2.106471e+01,2.107848e+01,2.109225e+01,2.111291e+01,2.116796e+01,2.103027e+01,2.109914e+01,2.107848e+01,2.127798e+01,2.105094e+01,2.103716e+01,2.111291e+01,2.103716e+01,2.113355e+01,2.112667e+01,2.117484e+01,2.109225e+01,2.107848e+01,2.118860e+01,2.116796e+01,2.119548e+01,2.120923e+01,2.125048e+01,2.118172e+01,2.112667e+01,2.111979e+01,2.120923e+01,2.114732e+01,2.115420e+01,2.110602e+01,2.125736e+01,2.125048e+01,2.114044e+01,2.113355e+01,2.122986e+01,2.121611e+01,2.119548e+01,2.116108e+01,2.119548e+01,2.127110e+01,2.120235e+01,2.120235e+01,2.116796e+01,2.126423e+01,2.122986e+01,2.122986e+01,2.126423e+01,2.120923e+01,2.131920e+01,2.121611e+01,2.135355e+01,2.118860e+01,2.136728e+01,2.122986e+01,2.120923e+01,2.128485e+01,2.130546e+01,2.126423e+01,2.129859e+01,2.133981e+01,2.125048e+01,2.123674e+01,2.124361e+01,2.130546e+01,2.122986e+01,2.122986e+01,2.131233e+01,2.127798e+01,2.125736e+01,2.130546e+01,2.121611e+01,2.122986e+01,2.126423e+01,2.127110e+01,2.125736e+01,2.128485e+01,2.129859e+01,2.129172e+01,2.121611e+01,2.133294e+01,2.115420e+01,2.128485e+01,2.129859e+01,2.125736e+01,2.122986e+01,2.126423e+01,2.120923e+01,2.128485e+01,2.125048e+01,2.116796e+01,2.121611e+01,2.118172e+01,2.122298e+01,2.121611e+01,2.123674e+01,2.124361e+01,2.122298e+01,2.125736e+01,2.126423e+01,2.118860e+01,2.125736e+01,2.113355e+01,2.122986e+01,2.113355e+01,2.119548e+01,2.113355e+01,2.106471e+01,2.107848e+01,2.090619e+01,2.072669e+01,2.050533e+01,2.046377e+01,2.043605e+01,2.033205e+01,2.038060e+01,2.038060e+01,2.037366e+01,2.032512e+01,2.033205e+01,2.031818e+01,2.035980e+01,2.038753e+01,2.038753e+01,2.031818e+01,2.035980e+01,2.047762e+01,2.040833e+01,2.047070e+01,2.044298e+01,2.053995e+01,2.056763e+01,2.054687e+01,2.039447e+01,2.042219e+01,2.039447e+01,2.042912e+01,2.038753e+01,2.044991e+01,2.049148e+01,2.053303e+01,2.054687e+01,2.082338e+01,2.107848e+01,2.105782e+01,2.096135e+01,2.062990e+01,2.059531e+01,2.062299e+01,2.056071e+01,2.049840e+01,2.054687e+01,2.052610e+01,2.048455e+01,2.068522e+01,2.089239e+01,2.106471e+01,2.127110e+01,2.115420e+01,2.129859e+01,2.140161e+01,2.125736e+01,2.138788e+01,2.125736e+01,2.136041e+01,2.128485e+01,2.133981e+01,2.137415e+01,2.134668e+01,2.140161e+01,2.141533e+01,2.134668e+01,2.131233e+01,2.130546e+01,2.132607e+01,2.137415e+01,2.131233e+01,2.105782e+01,2.105782e+01,2.072669e+01,2.023489e+01,2.023489e+01,2.023489e+01,2.024183e+01,2.026266e+01,2.025571e+01,2.026266e+01,2.024877e+01,2.025571e+01,2.028348e+01,2.024877e+01,2.029736e+01,2.051225e+01,2.056763e+01,2.118172e+01,2.142906e+01,2.146336e+01,2.144964e+01,2.143592e+01,2.145650e+01,2.140847e+01,2.138788e+01,2.134668e+01,2.093377e+01,2.031818e+01,2.030430e+01,2.094757e+01,2.155250e+01,2.155250e+01,2.156621e+01,2.150451e+01,2.155250e+01,2.150451e+01,2.151137e+01,2.155250e+01,2.157306e+01,2.158677e+01,2.158677e+01,2.161417e+01,2.166895e+01,2.164157e+01,2.165526e+01,2.163472e+01,2.142906e+01,2.165526e+01,2.138788e+01,2.114732e+01,2.105782e+01,2.105782e+01,2.069213e+01,2.061607e+01,2.069213e+01,2.114732e+01,2.117484e+01,2.144964e+01,2.158677e+01,2.158677e+01,2.170318e+01,2.161417e+01,2.173055e+01,2.164841e+01,2.173739e+01,2.168949e+01,2.178527e+01,2.170318e+01,2.168949e+01,2.175791e+01,2.177843e+01,2.173739e+01,2.173739e+01,2.179211e+01,2.175107e+01,2.171002e+01,2.173739e+01,2.171002e+01,2.164157e+01,2.147708e+01,2.141533e+01,2.092688e+01,2.071978e+01,2.062299e+01,2.067831e+01,2.060223e+01,2.070596e+01,2.061607e+01,2.066448e+01,2.060915e+01,2.057456e+01,2.066448e+01,2.070596e+01,2.078195e+01,2.076123e+01,2.081648e+01,2.136728e+01,2.146336e+01,2.164157e+01,2.157306e+01,2.158677e+01,2.160732e+01,2.164841e+01,2.162102e+01,2.156621e+01,2.129859e+01,2.087169e+01,2.065065e+01,2.017932e+01,2.013763e+01,2.014458e+01,2.046377e+01,2.129859e+01,2.160047e+01,2.159362e+01,2.161417e+01,2.160732e+01,2.160047e+01,2.150451e+01,2.157991e+01,2.159362e+01,2.159362e+01,2.157306e+01,2.157306e+01,2.157991e+01,2.161417e+01,2.156621e+01,2.157306e+01,2.154565e+01,2.151137e+01,2.149766e+01,2.153880e+01,2.153194e+01,2.150451e+01,2.151823e+01,2.151823e+01,2.149080e+01,2.153194e+01,2.170318e+01,2.157306e+01,2.162102e+01,2.155936e+01,2.157991e+01,2.154565e+01,2.155250e+01,2.156621e+01,2.140847e+01,2.151137e+01,2.150451e+01,2.149766e+01,2.153880e+01,2.142220e+01,2.144278e+01,2.069213e+01,2.020711e+01,1.997764e+01,1.981042e+01,1.990800e+01,1.982437e+01,1.978253e+01,1.976858e+01,1.976858e+01,1.986619e+01,1.989407e+01,1.976160e+01,1.981042e+01,1.990800e+01,1.981740e+01,1.991496e+01,1.991496e+01,2.033205e+01,2.085099e+01,2.111979e+01,2.128485e+01,2.147022e+01,2.136041e+01,2.141533e+01,2.144278e+01,2.133294e+01,2.116796e+01,2.107848e+01,2.069905e+01,2.019321e+01,2.012372e+01,1.988013e+01,1.992193e+01,1.985225e+01,1.981042e+01,1.983831e+01,1.985922e+01,1.975462e+01,1.974764e+01,1.986619e+01,1.980345e+01,1.978950e+01,1.983134e+01,1.988013e+01,1.987316e+01,1.977555e+01,1.991496e+01,1.988013e+01,1.990800e+01,1.987316e+01,1.988710e+01,1.983134e+01,1.996371e+01,1.981740e+01,1.992890e+01,2.049840e+01,2.066448e+01,2.042219e+01,2.010287e+01,1.997764e+01,1.984528e+01,1.984528e+01,1.994979e+01,1.980345e+01,1.992193e+01,1.982437e+01,1.983831e+01,1.976858e+01,1.983831e+01,1.990103e+01,1.988710e+01,1.992890e+01,1.979647e+01,1.980345e+01,1.991496e+01,1.976160e+01,1.986619e+01,1.983134e+01,1.992890e+01,1.983831e+01,1.982437e+01,1.985225e+01,1.989407e+01,1.990103e+01,1.986619e+01,1.993586e+01,1.994979e+01,2.006810e+01,2.005419e+01,2.022794e+01,2.042219e+01,2.079576e+01,2.066448e+01,2.065065e+01,2.093377e+01,2.100960e+01,2.102338e+01,2.115420e+01,2.112667e+01,2.105094e+01,2.118172e+01,2.117484e+01,2.111291e+01,2.109914e+01,2.112667e+01,2.113355e+01,2.111979e+01,2.110602e+01,2.113355e+01,2.108537e+01,2.103716e+01,2.100271e+01,2.122298e+01,2.111979e+01,2.104405e+01,2.108537e+01,2.103716e+01,2.105782e+01,2.103027e+01,2.102338e+01,2.106471e+01,2.098893e+01,2.104405e+01,2.104405e+01,2.110602e+01,2.100271e+01,2.094067e+01,2.107848e+01,2.117484e+01,2.104405e+01,2.128485e+01,2.101649e+01,2.119548e+01,2.106471e+01,2.106471e+01,2.111979e+01,2.105782e+01,2.101649e+01,2.098203e+01,2.098893e+01,2.104405e+01,2.105094e+01,2.114044e+01,2.114044e+01,2.118172e+01,2.098893e+01,2.112667e+01,2.117484e+01,2.116796e+01,2.116108e+01,2.111291e+01,2.099582e+01,2.113355e+01,2.114044e+01,2.109914e+01,2.113355e+01,2.116796e+01,2.114732e+01,2.113355e+01,2.114044e+01,2.106471e+01,2.110602e+01,2.125048e+01,2.115420e+01,2.108537e+01,2.111979e+01,2.115420e+01,2.119548e+01,2.112667e+01,2.119548e+01,2.118860e+01,2.118860e+01,2.115420e+01,2.116108e+01,2.111291e+01,2.129859e+01,2.122986e+01,2.122986e+01,2.131920e+01,2.124361e+01,2.123674e+01,2.127798e+01,2.116108e+01,2.140847e+01,2.122298e+01,2.119548e+01,2.119548e+01,2.114732e+01,2.127798e+01,2.113355e+01,2.111979e+01,2.121611e+01,2.121611e+01,2.105782e+01
2.117484e+01,2.109225e+01,2.106471e+01,2.102338e+01,2.111291e+01,2.101649e+01,2.116108e+01,2.116108e+01,2.111291e+01,2.117484e+01,2.115420e+01,2.113355e+01,2.116108e+01,2.116108e+01,2.119548e+01,2.119548e+01,2.118860e+01,2.113355e+01,2.109914e+01,2.120235e+01,2.098203e+01,2.118860e+01,2.100960e+01,2.117484e+01,2.108537e+01,2.116796e+01,2.116796e+01,2.118172e+01,2.118172e+01,2.118860e+01,2.120235e+01,2.127110e+01,2.114732e+01,2.114732e+01,2.112667e+01,2.115420e+01,2.117484e+01,2.115420e+01,2.111291e+01,2.121611e+01,2.116796e+01,2.122986e+01,2.119548e+01,2.122986e+01,2.119548e+01,2.121611e+01,2.092688e+01,2.110602e+01,2.116796e+01,2.116108e+01,2.113355e+01,2.117484e+01,2.119548e+01,2.118172e+01,2.122298e+01,2.121611e+01,2.120923e+01,2.117484e+01,2.118172e+01,2.116108e+01,2.113355e+01,2.116108e+01,2.130546e+01,2.119548e+01,2.137415e+01,2.120235e+01,2.114732e+01,2.117484e+01,2.119548e+01,2.114044e+01,2.110602e+01,2.105094e+01,2.122298e+01,2.107160e+01,2.114044e+01,2.115420e+01,2.118860e+01,2.116108e+01,2.125048e+01,2.117484e+01,2.116796e+01,2.120923e+01,2.120923e+01,2.109914e+01,2.121611e+01,2.109914e+01,2.120235e+01,2.118172e+01,2.119548e+01,2.119548e+01,2.120235e+01,2.118172e+01,2.115420e+01,2.114732e+01,2.118860e+01,2.107160e+01,2.127110e+01,2.109225e+01,2.115420e+01,2.120235e+01,2.108537e+01,2.107160e+01,2.115420e+01,2.113355e+01,2.108537e+01,2.105094e+01,2.114044e+01,2.106471e+01,2.110602e+01,2.111979e+01,2.114044e+01,2.118860e+01,2.109914e+01,2.105782e+01,2.108537e+01,2.109225e+01,2.094067e+01,2.105094e+01,2.105782e+01,2.103716e+01,2.103027e+01,2.103716e+01,2.105094e+01,2.102338e+01,2.103716e+01,2.119548e+01,2.114732e+01,2.122298e+01,2.106471e+01,2.115420e+01,2.107160e+01,2.112667e+01,2.112667e+01,2.114732e+01,2.107848e+01,2.116108e+01,2.109225e+01,2.109914e+01,2.112667e+01,2.121611e+01,2.125736e+01,2.125736e+01,2.124361e+01,2.117484e+01,2.114732e+01,2.119548e+01,2.116796e+01,2.119548e+01,2.120923e+01,2.131920e+01,2.120235e+01,2.118172e+01,2.136728e+01,2.117484e+01,2.126423e+01,2.116108e+01,2.120923e+01,2.119548e+01,2.127110e+01,2.131920e+01,2.126423e+01,2.126423e+01,2.131920e+01,2.130546e+01,2.109225e+01,2.122986e+01,2.131233e+01,2.122298e+01,2.125048e+01,2.120923e+01,2.125736e+01,2.127798e+01,2.127798e+01,2.128485e+01,2.126423e+01,2.129172e+01,2.127798e+01,2.125736e+01,2.120235e+01,2.122986e+01,2.125736e+01,2.123674e+01,2.127110e+01,2.129859e+01,2.117484e+01,2.126423e+01,2.128485e+01,2.119548e+01,2.133981e+01,2.120923e+01,2.122298e+01,2.134668e+01,2.131233e+01,2.129859e+01,2.126423e+01,2.119548e+01,2.127798e+01,2.118172e+01,2.122986e+01,2.122986e+01,2.124361e+01,2.126423e+01,2.118172e+01,2.126423e+01,2.114044e+01,2.128485e+01,2.130546e+01,2.122298e+01,2.120923e+01,2.120923e+01,2.122298e+01,2.122986e+01,2.123674e+01,2.118860e+01,2.121611e+01,2.125736e+01,2.129172e+01,2.122298e+01,2.120235e+01,2.122986e+01,2.120923e+01,2.116108e+01,2.105782e+01,2.122986e+01,2.108537e+01,2.068522e+01,2.048455e+01,2.029042e+01,2.026266e+01,2.023489e+01,2.031818e+01,2.038753e+01,2.029736e+01,2.031124e+01,2.024183e+01,2.032512e+01,2.033899e+01,2.031818e+01,2.035286e+01,2.033205e+01,2.033899e+01,2.040140e+01,2.046377e+01,2.033899e+01,2.044991e+01,2.035286e+01,2.048455e+01,2.053303e+01,2.045684e+01,2.042219e+01,2.044298e+01,2.042912e+01,2.046377e+01,2.042912e+01,2.047070e+01,2.044991e+01,2.044991e+01,2.049148e+01,2.060223e+01,2.098203e+01,2.055379e+01,2.058148e+01,2.044991e+01,2.049148e+01,2.045684e+01,2.047070e+01,2.041526e+01,2.039447e+01,2.057456e+01,2.062990e+01,2.064374e+01,2.067831e+01,2.093377e+01,2.102338e+01,2.124361e+01,2.130546e+01,2.125736e+01,2.125048e+01,2.125736e+01,2.127798e+01,2.127110e+01,2.127110e+01,2.133981e+01,2.133294e+01,2.133294e+01,2.134668e+01,2.138788e+01,2.125048e+01,2.139474e+01,2.141533e+01,2.141533e+01,2.110602e+01,2.103716e+01,2.051225e+01,2.039447e+01,2.031124e+01,2.040140e+01,2.022100e+01,2.023489e+01,2.022794e+01,2.018627e+01,2.024183e+01,2.022794e+01,2.021405e+01,2.019321e+01,2.017932e+01,2.015153e+01,2.033205e+01,2.046377e+01,2.085099e+01,2.142220e+01,2.143592e+01,2.148394e+01,2.149766e+01,2.147022e+01,2.146336e+01,2.144964e+01,2.144964e+01,2.134668e+01,2.059531e+01,2.029736e+01,2.034592e+01,2.114732e+01,2.144278e+01,2.151137e+01,2.147022e+01,2.151137e+01,2.156621e+01,2.153194e+01,2.151137e+01,2.162787e+01,2.153880e+01,2.162787e+01,2.154565e+01,2.160047e+01,2.161417e+01,2.160732e+01,2.167580e+01,2.159362e+01,2.123674e+01,2.084409e+01,2.044298e+01,2.037366e+01,2.073360e+01,2.122298e+01,2.140847e+01,2.127798e+01,2.142220e+01,2.159362e+01,2.150451e+01,2.160732e+01,2.160732e+01,2.162787e+01,2.162102e+01,2.164157e+01,2.171002e+01,2.172371e+01,2.181262e+01,2.181262e+01,2.175107e+01,2.168949e+01,2.173739e+01,2.172371e+01,2.172371e+01,2.179894e+01,2.171002e+01,2.175791e+01,2.171002e+01,2.172371e+01,2.170318e+01,2.158677e+01,2.161417e+01,2.131920e+01,2.127798e+01,2.096825e+01,2.065757e+01,2.070596e+01,2.070596e+01,2.067139e+01,2.059531e+01,2.055379e+01,2.063682e+01,2.060223e+01,2.059531e+01,2.059531e+01,2.065757e+01,2.063682e+01,2.071287e+01,2.078195e+01,2.131920e+01,2.154565e+01,2.158677e+01,2.158677e+01,2.156621e+01,2.153880e+01,2.145650e+01,2.141533e+01,2.094757e+01,2.067831e+01,2.023489e+01,2.015153e+01,2.010982e+01,2.015153e+01,2.012372e+01,2.047762e+01,2.116796e+01,2.155250e+01,2.154565e+01,2.158677e+01,2.157306e+01,2.167580e+01,2.150451e+01,2.154565e+01,2.160732e+01,2.158677e+01,2.159362e+01,2.155936e+01,2.150451e+01,2.160732e+01,2.164157e+01,2.149080e+01,2.147708e+01,2.155250e+01,2.148394e+01,2.155936e+01,2.135355e+01,2.153880e+01,2.156621e+01,2.151137e+01,2.150451e+01,2.162787e+01,2.154565e+01,2.152508e+01,2.150451e+01,2.157306e+01,2.149766e+01,2.149080e+01,2.156621e+01,2.158677e+01,2.147708e+01,2.149080e+01,2.145650e+01,2.144964e+01,2.144278e+01,2.146336e+01,2.142220e+01,2.092688e+01,2.049840e+01,2.015153e+01,1.991496e+01,1.988710e+01,1.989407e+01,1.983831e+01,1.971275e+01,1.982437e+01,1.977555e+01,1.985922e+01,1.981042e+01,1.975462e+01,1.981740e+01,1.990800e+01,1.983134e+01,1.983831e+01,2.024877e+01,2.080957e+01,2.112667e+01,2.131233e+01,2.145650e+01,2.133981e+01,2.141533e+01,2.136728e+01,2.143592e+01,2.131233e+01,2.133981e+01,2.103716e+01,2.071978e+01,2.029736e+01,2.010287e+01,1.986619e+01,1.985225e+01,1.981740e+01,1.987316e+01,1.983134e+01,1.983134e+01,1.979647e+01,1.981042e+01,1.982437e+01,1.978950e+01,1.987316e+01,1.979647e+01,1.979647e+01,1.990103e+01,1.985922e+01,1.988013e+01,1.988710e+01,1.985922e+01,1.987316e+01,1.977555e+01,1.985225e+01,1.992890e+01,2.004723e+01,2.062990e+01,2.091308e+01,2.098203e+01,2.065065e+01,2.018627e+01,2.002636e+01,1.990800e+01,1.996371e+01,1.985225e+01,1.997764e+01,1.983831e+01,1.981042e+01,1.982437e+01,1.984528e+01,1.989407e+01,1.989407e+01,1.990103e+01,1.974764e+01,1.984528e+01,1.985922e+01,1.977555e+01,1.983831e+01,1.988710e+01,1.985225e+01,1.996371e+01,1.978253e+01,1.982437e+01,1.983134e+01,1.997764e+01,1.994979e+01,2.005419e+01,2.011677e+01,2.031818e+01,2.046377e+01,2.087859e+01,2.094757e+01,2.097514e+01,2.091998e+01,2.095446e+01,2.106471e+01,2.107160e+01,2.105782e+01,2.105094e+01,2.096825e+01,2.113355e+01,2.113355e+01,2.114732e+01,2.116796e+01,2.098893e+01,2.116796e+01,2.099582e+01,2.109914e+01,2.102338e+01,2.111291e+01,2.109914e+01,2.101649e+01,2.101649e+01,2.102338e+01,2.098203e+01,2.100271e+01,2.101649e+01,2.100271e+01,2.101649e+01,2.102338e+01,2.100271e+01,2.099582e+01,2.103716e+01,2.107160e+01,2.108537e+01,2.105094e+01,2.102338e+01,2.100960e+01,2.106471e+01,2.100271e+01,2.107160e+01,2.103027e+01,2.103716e+01,2.108537e+01,2.101649e+01,2.103027e+01,2.105094e+01,2.100960e+01,2.112667e+01,2.098893e+01,2.105094e+01,2.100271e+01,2.109914e+01,2.122298e+01,2.109225e+01,2.099582e+01,2.110602e+01,2.111979e+01,2.107848e+01,2.104405e+01,2.100960e+01,2.112667e+01,2.105094e+01,2.104405e+01,2.103716e+01,2.112667e+01,2.111979e+01,2.114044e+01,2.113355e+01,2.115420e+01,2.110602e+01,2.105782e+01,2.108537e+01,2.109225e+01,2.107848e+01,2.117484e+01,2.111291e+01,2.116796e+01,2.109914e+01,2.108537e+01,2.105782e+01,2.118860e+01,2.117484e+01,2.111979e+01,2.114044e+01,2.115420e+01,2.127110e+01,2.126423e+01,2.124361e+01,2.123674e+01,2.123674e+01,2.123674e+01,2.125048e+01,2.122298e+01,2.123674e+01,2.118860e+01,2.114732e+01,2.125048e+01,2.124361e+01,2.110602e+01,2.113355e+01,2.112667e+01,2.107848e+01,2.110602e+01,2.100271e+01
2.118860e+01,2.109225e+01,2.120235e+01,2.114732e+01,2.120235e+01,2.120923e+01,2.115420e+01,2.111291e+01,2.122986e+01,2.109914e+01,2.115420e+01,2.116108e+01,2.116796e+01,2.112667e+01,2.114732e+01,2.115420e+01,2.120235e+01,2.119548e+01,2.122986e+01,2.122298e+01,2.101649e+01,2.110602e+01,2.118172e+01,2.103716e+01,2.119548e+01,2.112667e+01,2.121611e+01,2.111291e+01,2.113355e+01,2.120923e+01,2.114732e+01,2.128485e+01,2.113355e+01,2.111291e+01,2.113355e+01,2.118172e+01,2.120235e+01,2.112667e+01,2.117484e+01,2.122986e+01,2.116796e+01,2.126423e+01,2.111979e+01,2.126423e+01,2.122986e+01,2.122298e+01,2.120923e+01,2.127798e+01,2.119548e+01,2.116108e+01,2.127798e+01,2.131233e+01,2.122986e+01,2.119548e+01,2.116796e+01,2.127110e+01,2.122986e+01,2.120235e+01,2.117484e+01,2.122298e+01,2.118860e+01,2.114044e+01,2.120923e+01,2.133294e+01,2.111979e+01,2.118172e+01,2.126423e+01,2.116108e+01,2.118860e+01,2.114732e+01,2.112667e+01,2.125048e+01,2.126423e+01,2.125736e+01,2.127110e+01,2.115420e+01,2.114732e+01,2.118172e+01,2.128485e+01,2.122298e+01,2.112667e+01,2.119548e+01,2.112667e+01,2.120923e+01,2.119548e+01,2.116796e+01,2.114044e+01,2.125048e+01,2.119548e+01,2.116108e+01,2.120235e+01,2.120923e+01,2.122298e+01,2.118172e+01,2.122986e+01,2.118172e+01,2.121611e+01,2.118860e+01,2.119548e+01,2.110602e+01,2.119548e+01,2.119548e+01,2.110602e+01,2.114732e+01,2.107848e+01,2.105094e+01,2.107160e+01,2.105782e+01,2.111291e+01,2.112667e+01,2.114732e+01,2.111291e+01,2.109914e+01,2.110602e+01,2.110602e+01,2.106471e+01,2.112667e+01,2.109225e+01,2.112667e+01,2.112667e+01,2.110602e+01,2.103027e+01,2.114732e+01,2.101649e+01,2.103716e+01,2.104405e+01,2.109914e+01,2.112667e+01,2.116108e+01,2.112667e+01,2.115420e+01,2.107160e+01,2.113355e+01,2.113355e+01,2.113355e+01,2.116108e+01,2.106471e+01,2.117484e+01,2.101649e+01,2.125736e+01,2.126423e+01,2.126423e+01,2.115420e+01,2.122986e+01,2.113355e+01,2.109914e+01,2.128485e+01,2.127798e+01,2.125736e+01,2.118172e+01,2.117484e+01,2.117484e+01,2.114732e+01,2.136041e+01,2.123674e+01,2.122298e+01,2.132607e+01,2.120923e+01,2.127110e+01,2.122986e+01,2.133981e+01,2.129172e+01,2.127798e+01,2.127798e+01,2.131920e+01,2.124361e+01,2.129859e+01,2.127798e+01,2.135355e+01,2.131920e+01,2.125048e+01,2.123674e+01,2.122298e+01,2.125736e+01,2.125736e+01,2.121611e+01,2.125736e+01,2.125736e+01,2.130546e+01,2.131233e+01,2.127110e+01,2.129172e+01,2.131233e+01,2.122986e+01,2.127110e+01,2.122986e+01,2.124361e+01,2.121611e+01,2.120923e+01,2.128485e+01,2.131920e+01,2.125048e+01,2.120923e+01,2.118172e+01,2.129859e+01,2.116796e+01,2.120923e+01,2.133294e+01,2.130546e+01,2.126423e+01,2.125736e+01,2.120923e+01,2.126423e+01,2.122986e+01,2.124361e+01,2.126423e+01,2.123674e+01,2.122986e+01,2.122298e+01,2.123674e+01,2.122986e+01,2.121611e+01,2.120235e+01,2.120923e+01,2.127798e+01,2.125736e+01,2.123674e+01,2.124361e+01,2.122298e+01,2.109914e+01,2.121611e+01,2.118860e+01,2.116108e+01,2.116108e+01,2.105094e+01,2.053995e+01,2.024877e+01,2.030430e+01,2.026960e+01,2.017932e+01,2.029736e+01,2.020711e+01,2.031818e+01,2.038060e+01,2.024877e+01,2.031124e+01,2.035286e+01,2.033205e+01,2.039447e+01,2.038753e+01,2.035980e+01,2.039447e+01,2.041526e+01,2.031818e+01,2.031818e+01,2.043605e+01,2.038753e+01,2.042219e+01,2.047762e+01,2.051225e+01,2.051918e+01,2.041526e+01,2.045684e+01,2.040833e+01,2.040140e+01,2.033205e+01,2.044991e+01,2.047070e+01,2.047070e+01,2.060223e+01,2.059531e+01,2.053303e+01,2.049840e+01,2.050533e+01,2.043605e+01,2.045684e+01,2.055379e+01,2.041526e+01,2.049840e+01,2.042912e+01,2.062990e+01,2.050533e+01,2.069213e+01,2.105094e+01,2.120235e+01,2.123674e+01,2.133981e+01,2.125048e+01,2.126423e+01,2.128485e+01,2.139474e+01,2.133294e+01,2.136728e+01,2.139474e+01,2.136041e+01,2.136728e+01,2.137415e+01,2.131233e+01,2.141533e+01,2.133981e+01,2.134668e+01,2.094757e+01,2.040833e+01,2.037366e+01,2.028348e+01,2.021405e+01,2.024877e+01,2.023489e+01,2.025571e+01,2.023489e+01,2.024877e+01,2.024877e+01,2.022100e+01,2.022794e+01,2.025571e+01,2.030430e+01,2.023489e+01,2.037366e+01,2.060223e+01,2.123674e+01,2.144964e+01,2.155250e+01,2.147708e+01,2.149766e+01,2.151137e+01,2.143592e+01,2.149080e+01,2.145650e+01,2.125048e+01,2.031818e+01,2.031818e+01,2.042219e+01,2.114732e+01,2.149766e+01,2.153880e+01,2.157991e+01,2.155936e+01,2.159362e+01,2.160047e+01,2.152508e+01,2.155936e+01,2.155250e+01,2.149766e+01,2.138788e+01,2.161417e+01,2.161417e+01,2.162787e+01,2.153194e+01,2.123674e+01,2.077505e+01,2.024877e+01,2.024877e+01,2.041526e+01,2.107848e+01,2.157306e+01,2.161417e+01,2.159362e+01,2.164841e+01,2.162787e+01,2.160047e+01,2.162102e+01,2.162102e+01,2.160732e+01,2.162787e+01,2.169633e+01,2.174423e+01,2.177843e+01,2.179894e+01,2.175791e+01,2.172371e+01,2.168264e+01,2.178527e+01,2.169633e+01,2.177843e+01,2.175107e+01,2.162787e+01,2.166211e+01,2.166895e+01,2.163472e+01,2.168949e+01,2.166895e+01,2.150451e+01,2.144278e+01,2.134668e+01,2.098893e+01,2.067831e+01,2.065757e+01,2.062990e+01,2.056071e+01,2.056763e+01,2.062299e+01,2.059531e+01,2.059531e+01,2.070596e+01,2.065065e+01,2.069213e+01,2.069905e+01,2.067139e+01,2.094757e+01,2.136728e+01,2.142906e+01,2.160047e+01,2.170318e+01,2.163472e+01,2.144964e+01,2.121611e+01,2.071287e+01,2.066448e+01,2.012372e+01,2.011677e+01,2.015848e+01,2.015848e+01,1.999156e+01,2.009591e+01,2.049840e+01,2.124361e+01,2.153880e+01,2.154565e+01,2.160732e+01,2.157306e+01,2.162102e+01,2.161417e+01,2.160047e+01,2.153880e+01,2.160732e+01,2.155936e+01,2.159362e+01,2.154565e+01,2.153194e+01,2.154565e+01,2.154565e+01,2.153194e+01,2.159362e+01,2.153880e+01,2.150451e+01,2.159362e+01,2.154565e+01,2.153194e+01,2.155250e+01,2.158677e+01,2.162787e+01,2.152508e+01,2.160732e+01,2.153194e+01,2.144278e+01,2.155936e+01,2.155936e+01,2.151823e+01,2.154565e+01,2.148394e+01,2.156621e+01,2.160047e+01,2.153880e+01,2.151137e+01,2.142220e+01,2.147022e+01,2.104405e+01,2.068522e+01,2.000548e+01,1.991496e+01,1.984528e+01,1.992193e+01,1.985922e+01,1.979647e+01,1.970577e+01,1.981042e+01,1.989407e+01,1.980345e+01,1.983134e+01,1.989407e+01,1.980345e+01,1.983831e+01,1.985922e+01,2.022100e+01,2.082338e+01,2.107848e+01,2.132607e+01,2.135355e+01,2.125736e+01,2.136728e+01,2.137415e+01,2.132607e+01,2.135355e+01,2.129172e+01,2.129859e+01,2.105094e+01,2.083719e+01,2.042219e+01,2.014458e+01,2.011677e+01,1.990103e+01,1.984528e+01,1.988710e+01,1.981740e+01,1.978950e+01,1.983831e+01,1.973369e+01,1.979647e+01,1.973369e+01,1.981740e+01,1.984528e+01,1.983134e+01,1.988013e+01,1.990103e+01,1.990103e+01,1.990103e+01,1.990103e+01,1.985225e+01,1.988710e+01,1.981042e+01,2.003332e+01,2.043605e+01,2.086479e+01,2.110602e+01,2.099582e+01,2.083719e+01,2.045684e+01,2.026960e+01,2.018627e+01,1.998460e+01,2.001940e+01,1.994979e+01,1.983134e+01,1.985922e+01,1.978253e+01,1.981740e+01,1.990800e+01,1.982437e+01,1.981740e+01,1.976858e+01,1.990103e+01,1.990800e+01,1.980345e+01,1.984528e+01,1.988013e+01,1.985225e+01,1.985225e+01,1.991496e+01,1.993586e+01,1.994979e+01,2.007505e+01,2.031818e+01,2.058840e+01,2.066448e+01,2.089929e+01,2.089929e+01,2.105782e+01,2.110602e+01,2.106471e+01,2.105782e+01,2.109225e+01,2.108537e+01,2.112667e+01,2.104405e+01,2.115420e+01,2.104405e+01,2.110602e+01,2.118860e+01,2.123674e+01,2.122298e+01,2.098203e+01,2.101649e+01,2.098203e+01,2.105782e+01,2.101649e+01,2.112667e+01,2.109225e+01,2.102338e+01,2.099582e+01,2.100960e+01,2.101649e+01,2.104405e+01,2.101649e+01,2.100271e+01,2.107848e+01,2.102338e+01,2.099582e+01,2.109225e+01,2.103027e+01,2.101649e+01,2.109225e+01,2.106471e+01,2.106471e+01,2.102338e+01,2.103027e+01,2.109914e+01,2.109225e+01,2.111291e+01,2.105094e+01,2.105782e+01,2.106471e+01,2.112667e+01,2.097514e+01,2.100960e+01,2.100271e+01,2.108537e+01,2.102338e+01,2.104405e+01,2.109225e+01,2.107160e+01,2.103027e+01,2.109914e+01,2.097514e+01,2.101649e+01,2.100960e+01,2.103716e+01,2.099582e+01,2.111291e+01,2.115420e+01,2.112667e+01,2.112667e+01,2.110602e+01,2.109225e+01,2.109914e+01,2.105782e+01,2.110602e+01,2.105782e+01,2.105094e+01,2.108537e+01,2.109225e+01,2.112667e+01,2.111979e+01,2.110602e+01,2.109225e+01,2.119548e+01,2.105782e+01,2.120235e+01,2.120235e+01,2.116108e+01,2.114732e+01,2.114732e+01,2.127798e+01,2.127798e+01,2.125048e+01,2.129172e+01,2.123674e+01,2.125048e+01,2.128485e+01,2.125736e+01,2.138101e+01,2.127798e+01,2.121611e+01,2.116108e+01,2.120923e+01,2.127798e+01,2.116796e+01,2.120923e+01,2.106471e+01,2.109914e+01,2.103027e+01
2.129172e+01,2.107848e+01,2.109914e+01,2.116108e+01,2.120235e+01,2.107160e+01,2.110602e+01,2.112667e+01,2.117484e+01,2.113355e+01,2.120235e+01,2.114044e+01,2.117484e+01,2.118172e+01,2.114732e+01,2.115420e+01,2.122986e+01,2.129172e+01,2.120235e+01,2.119548e+01,2.115420e+01,2.122986e+01,2.118860e+01,2.108537e+01,2.113355e+01,2.118172e+01,2.125048e+01,2.113355e+01,2.125048e+01,2.119548e+01,2.122298e+01,2.119548e+01,2.116796e+01,2.109225e+01,2.127798e+01,2.117484e+01,2.119548e+01,2.119548e+01,2.123674e+01,2.123674e+01,2.126423e+01,2.125736e+01,2.118860e+01,2.126423e+01,2.124361e+01,2.123674e+01,2.125048e+01,2.121611e+01,2.116796e+01,2.122986e+01,2.116108e+01,2.118172e+01,2.127110e+01,2.120923e+01,2.120923e+01,2.125736e+01,2.124361e+01,2.125736e+01,2.122298e+01,2.118860e+01,2.117484e+01,2.120923e+01,2.133294e+01,2.116796e+01,2.115420e+01,2.118860e+01,2.127110e+01,2.125736e+01,2.120235e+01,2.114732e+01,2.116108e+01,2.123674e+01,2.114732e+01,2.123674e+01,2.116796e+01,2.114044e+01,2.116108e+01,2.116108e+01,2.118172e+01,2.129172e+01,2.120235e+01,2.118860e+01,2.120923e+01,2.122298e+01,2.117484e+01,2.121611e+01,2.118860e+01,2.121611e+01,2.112667e+01,2.122298e+01,2.122986e+01,2.119548e+01,2.120923e+01,2.119548e+01,2.113355e+01,2.120923e+01,2.121611e+01,2.116796e+01,2.113355e+01,2.116796e+01,2.111979e+01,2.117484e+01,2.118172e+01,2.120235e+01,2.120923e+01,2.109225e+01,2.109914e+01,2.111979e+01,2.127110e+01,2.110602e+01,2.108537e+01,2.110602e+01,2.109914e+01,2.108537e+01,2.106471e+01,2.107160e+01,2.103027e+01,2.111979e+01,2.099582e+01,2.114044e+01,2.105782e+01,2.100960e+01,2.103716e+01,2.112667e+01,2.110602e+01,2.109225e+01,2.108537e+01,2.107160e+01,2.116796e+01,2.119548e+01,2.117484e+01,2.111291e+01,2.116108e+01,2.115420e+01,2.113355e+01,2.109914e+01,2.114732e+01,2.115420e+01,2.122298e+01,2.120235e+01,2.123674e+01,2.127110e+01,2.111979e+01,2.118172e+01,2.114732e+01,2.119548e+01,2.116796e+01,2.125048e+01,2.128485e+01,2.117484e+01,2.120923e+01,2.119548e+01,2.131233e+01,2.129859e+01,2.118860e+01,2.129172e+01,2.128485e+01,2.128485e+01,2.118860e+01,2.122986e+01,2.129172e+01,2.127798e+01,2.128485e+01,2.125736e+01,2.126423e+01,2.132607e+01,2.133981e+01,2.133294e+01,2.122986e+01,2.130546e+01,2.127798e+01,2.135355e+01,2.132607e+01,2.124361e+01,2.127798e+01,2.127798e+01,2.122986e+01,2.122986e+01,2.132607e+01,2.131920e+01,2.120235e+01,2.118172e+01,2.131233e+01,2.129172e+01,2.122986e+01,2.129172e+01,2.132607e+01,2.133981e+01,2.122298e+01,2.120235e+01,2.130546e+01,2.125736e+01,2.122298e+01,2.125048e+01,2.128485e+01,2.131233e+01,2.123674e+01,2.126423e+01,2.125736e+01,2.124361e+01,2.118860e+01,2.127110e+01,2.117484e+01,2.128485e+01,2.125736e+01,2.118860e+01,2.122986e+01,2.122298e+01,2.121611e+01,2.131233e+01,2.123674e+01,2.125048e+01,2.133294e+01,2.122986e+01,2.124361e+01,2.125048e+01,2.125048e+01,2.136041e+01,2.142220e+01,2.120923e+01,2.125736e+01,2.119548e+01,2.111979e+01,2.120235e+01,2.121611e+01,2.080957e+01,2.035286e+01,2.031124e+01,2.027654e+01,2.024183e+01,2.026960e+01,2.020016e+01,2.033205e+01,2.040140e+01,2.035286e+01,2.035980e+01,2.035286e+01,2.046377e+01,2.038060e+01,2.044991e+01,2.047070e+01,2.042219e+01,2.042912e+01,2.033205e+01,2.044298e+01,2.044991e+01,2.047070e+01,2.045684e+01,2.051225e+01,2.041526e+01,2.046377e+01,2.026266e+01,2.048455e+01,2.051918e+01,2.038753e+01,2.048455e+01,2.053995e+01,2.047070e+01,2.045684e+01,2.052610e+01,2.058148e+01,2.051918e+01,2.049148e+01,2.047762e+01,2.044991e+01,2.049840e+01,2.046377e+01,2.042219e+01,2.044298e+01,2.040833e+01,2.059531e+01,2.065757e+01,2.065065e+01,2.074051e+01,2.100271e+01,2.123674e+01,2.126423e+01,2.129172e+01,2.129172e+01,2.141533e+01,2.139474e+01,2.129172e+01,2.139474e+01,2.135355e+01,2.141533e+01,2.138788e+01,2.141533e+01,2.139474e+01,2.142220e+01,2.116796e+01,2.078886e+01,2.051918e+01,2.015848e+01,2.021405e+01,2.033205e+01,2.024183e+01,2.029736e+01,2.026960e+01,2.029042e+01,2.029042e+01,2.022794e+01,2.025571e+01,2.023489e+01,2.030430e+01,2.020711e+01,2.024183e+01,2.033899e+01,2.038060e+01,2.092688e+01,2.122298e+01,2.141533e+01,2.136728e+01,2.147708e+01,2.151137e+01,2.149766e+01,2.150451e+01,2.149766e+01,2.144964e+01,2.075432e+01,2.015848e+01,2.029736e+01,2.033205e+01,2.116796e+01,2.147022e+01,2.153194e+01,2.151823e+01,2.155936e+01,2.160732e+01,2.162102e+01,2.151137e+01,2.164841e+01,2.167580e+01,2.160732e+01,2.157306e+01,2.158677e+01,2.159362e+01,2.144964e+01,2.124361e+01,2.077505e+01,2.024183e+01,2.023489e+01,2.049148e+01,2.116796e+01,2.150451e+01,2.162102e+01,2.164157e+01,2.164841e+01,2.159362e+01,2.164157e+01,2.160047e+01,2.161417e+01,2.167580e+01,2.162102e+01,2.175107e+01,2.173055e+01,2.178527e+01,2.175107e+01,2.164841e+01,2.173055e+01,2.175791e+01,2.169633e+01,2.178527e+01,2.178527e+01,2.173055e+01,2.174423e+01,2.166211e+01,2.171686e+01,2.178527e+01,2.162787e+01,2.163472e+01,2.166895e+01,2.160732e+01,2.144278e+01,2.116108e+01,2.071287e+01,2.067831e+01,2.059531e+01,2.060223e+01,2.054687e+01,2.051225e+01,2.058840e+01,2.033899e+01,2.045684e+01,2.063682e+01,2.061607e+01,2.064374e+01,2.068522e+01,2.066448e+01,2.087859e+01,2.141533e+01,2.157306e+01,2.164157e+01,2.184679e+01,2.146336e+01,2.116796e+01,2.066448e+01,2.024183e+01,2.015153e+01,2.015848e+01,2.016542e+01,2.012372e+01,2.010982e+01,2.011677e+01,2.022100e+01,2.069905e+01,2.137415e+01,2.154565e+01,2.167580e+01,2.160732e+01,2.158677e+01,2.158677e+01,2.159362e+01,2.155936e+01,2.157306e+01,2.162787e+01,2.157306e+01,2.157306e+01,2.159362e+01,2.155250e+01,2.161417e+01,2.162102e+01,2.167580e+01,2.155936e+01,2.157306e+01,2.157991e+01,2.157991e+01,2.156621e+01,2.153880e+01,2.162102e+01,2.160047e+01,2.157991e+01,2.161417e+01,2.162787e+01,2.149080e+01,2.153880e+01,2.157306e+01,2.156621e+01,2.145650e+01,2.159362e+01,2.153880e+01,2.155936e+01,2.157306e+01,2.147022e+01,2.140847e+01,2.144278e+01,2.142220e+01,2.136728e+01,2.088549e+01,2.047762e+01,2.008201e+01,2.000548e+01,1.979647e+01,1.979647e+01,1.982437e+01,1.983134e+01,1.983134e+01,1.986619e+01,1.990103e+01,1.977555e+01,1.988710e+01,1.988710e+01,1.989407e+01,1.992890e+01,2.018627e+01,2.080957e+01,2.105782e+01,2.133981e+01,2.133294e+01,2.133981e+01,2.140161e+01,2.138788e+01,2.133294e+01,2.130546e+01,2.133294e+01,2.129859e+01,2.134668e+01,2.120235e+01,2.094067e+01,2.042219e+01,2.030430e+01,1.998460e+01,1.987316e+01,1.982437e+01,1.997764e+01,1.983134e+01,1.990103e+01,1.974764e+01,1.977555e+01,1.978950e+01,1.989407e+01,1.989407e+01,1.977555e+01,1.988710e+01,1.990800e+01,1.990800e+01,1.990103e+01,1.977555e+01,1.993586e+01,1.986619e+01,1.984528e+01,2.006114e+01,2.042912e+01,2.073360e+01,2.108537e+01,2.109225e+01,2.108537e+01,2.105782e+01,2.081648e+01,2.058148e+01,2.049148e+01,2.025571e+01,2.017932e+01,1.994979e+01,1.989407e+01,1.986619e+01,1.986619e+01,1.983831e+01,1.985225e+01,1.983134e+01,1.977555e+01,1.998460e+01,1.994283e+01,1.991496e+01,1.988710e+01,1.983831e+01,1.983831e+01,1.983134e+01,1.983831e+01,1.999852e+01,2.027654e+01,2.051918e+01,2.068522e+01,2.094067e+01,2.093377e+01,2.110602e+01,2.100271e+01,2.104405e+01,2.106471e+01,2.105094e+01,2.107160e+01,2.112667e+01,2.115420e+01,2.105094e+01,2.111979e+01,2.115420e+01,2.121611e+01,2.105094e+01,2.125736e+01,2.122298e+01,2.125736e+01,2.102338e+01,2.103716e+01,2.107848e+01,2.106471e+01,2.106471e+01,2.102338e+01,2.110602e+01,2.101649e+01,2.103027e+01,2.105782e+01,2.105782e+01,2.104405e+01,2.107848e+01,2.098893e+01,2.100960e+01,2.106471e+01,2.111291e+01,2.101649e+01,2.105094e+01,2.103027e+01,2.103027e+01,2.101649e+01,2.105094e+01,2.102338e+01,2.107160e+01,2.118860e+01,2.111979e+01,2.118860e+01,2.111291e+01,2.105782e+01,2.114044e+01,2.105094e+01,2.111979e+01,2.103716e+01,2.101649e+01,2.103716e+01,2.116108e+01,2.107848e+01,2.107160e+01,2.103716e+01,2.101649e+01,2.103716e+01,2.107160e+01,2.105782e+01,2.110602e+01,2.103716e+01,2.113355e+01,2.105782e+01,2.112667e+01,2.110602e+01,2.109914e+01,2.113355e+01,2.111291e+01,2.111291e+01,2.111291e+01,2.107848e+01,2.107160e+01,2.125048e+01,2.111979e+01,2.116796e+01,2.115420e+01,2.111979e+01,2.120235e+01,2.119548e+01,2.122298e+01,2.123674e+01,2.120235e+01,2.118172e+01,2.120235e+01,2.115420e+01,2.116796e+01,2.131920e+01,2.128485e+01,2.129859e+01,2.127110e+01,2.131233e+01,2.127110e+01,2.129172e+01,2.126423e+01,2.123674e+01,2.119548e+01,2.119548e+01,2.126423e+01,2.125048e+01,2.131920e+01,2.112667e+01,2.111291e+01,2.111291e+01,2.111979e+01,2.100960e+01
2.129172e+01,2.111291e+01,2.115420e+01,2.107160e+01,2.125048e+01,2.127110e+01,2.112667e+01,2.114732e+01,2.116796e+01,2.112667e+01,2.120235e+01,2.116108e+01,2.131920e+01,2.117484e+01,2.127798e+01,2.111291e+01,2.117484e+01,2.128485e+01,2.118172e+01,2.120235e+01,2.120235e+01,2.121611e+01,2.120923e+01,2.117484e+01,2.120235e+01,2.112667e+01,2.122298e+01,2.105094e+01,2.112667e+01,2.116108e+01,2.119548e+01,2.114044e+01,2.114732e+01,2.114044e+01,2.117484e+01,2.127798e+01,2.127798e+01,2.125048e+01,2.119548e+01,2.125048e+01,2.119548e+01,2.116108e+01,2.117484e+01,2.131233e+01,2.119548e+01,2.118172e+01,2.127110e+01,2.126423e+01,2.132607e+01,2.129172e+01,2.122298e+01,2.128485e+01,2.125736e+01,2.118172e+01,2.118172e+01,2.124361e+01,2.122986e+01,2.125048e+01,2.121611e+01,2.123674e+01,2.124361e+01,2.117484e+01,2.110602e+01,2.114044e+01,2.116108e+01,2.129172e+01,2.116796e+01,2.119548e+01,2.122298e+01,2.116108e+01,2.116796e+01,2.112667e+01,2.106471e+01,2.122986e+01,2.111291e+01,2.112667e+01,2.127110e+01,2.128485e+01,2.120923e+01,2.114732e+01,2.116796e+01,2.120235e+01,2.123674e+01,2.107848e+01,2.120235e+01,2.111979e+01,2.107848e+01,2.113355e+01,2.118860e+01,2.121611e+01,2.118860e+01,2.117484e+01,2.122298e+01,2.120235e+01,2.119548e+01,2.119548e+01,2.121611e+01,2.115420e+01,2.118172e+01,2.118172e+01,2.118172e+01,2.112667e+01,2.120923e+01,2.118860e+01,2.108537e+01,2.116796e+01,2.107848e+01,2.113355e+01,2.117484e+01,2.108537e+01,2.120923e+01,2.106471e+01,2.107848e+01,2.108537e+01,2.109914e+01,2.102338e+01,2.111979e+01,2.107160e+01,2.109914e+01,2.113355e+01,2.102338e+01,2.114732e+01,2.106471e+01,2.108537e+01,2.112667e+01,2.111979e+01,2.114044e+01,2.114732e+01,2.108537e+01,2.113355e+01,2.113355e+01,2.112667e+01,2.115420e+01,2.119548e+01,2.136728e+01,2.116796e+01,2.113355e+01,2.115420e+01,2.109225e+01,2.117484e+01,2.129172e+01,2.120923e+01,2.111291e+01,2.120235e+01,2.119548e+01,2.114044e+01,2.106471e+01,2.124361e+01,2.129859e+01,2.114732e+01,2.127798e+01,2.122298e+01,2.118860e+01,2.119548e+01,2.123674e+01,2.121611e+01,2.123674e+01,2.122298e+01,2.122986e+01,2.114044e+01,2.129859e+01,2.126423e+01,2.126423e+01,2.123674e+01,2.122298e+01,2.129172e+01,2.131233e+01,2.127798e+01,2.136041e+01,2.128485e+01,2.122298e+01,2.124361e+01,2.126423e+01,2.129859e+01,2.128485e+01,2.129172e+01,2.127110e+01,2.131233e+01,2.128485e+01,2.127798e+01,2.120923e+01,2.124361e+01,2.127110e+01,2.126423e+01,2.119548e+01,2.121611e+01,2.116796e+01,2.129859e+01,2.133294e+01,2.128485e+01,2.129172e+01,2.119548e+01,2.122986e+01,2.121611e+01,2.127798e+01,2.127798e+01,2.118172e+01,2.126423e+01,2.125048e+01,2.127798e+01,2.127110e+01,2.123674e+01,2.127798e+01,2.131233e+01,2.118172e+01,2.121611e+01,2.123674e+01,2.123674e+01,2.122298e+01,2.127798e+01,2.125048e+01,2.124361e+01,2.123674e+01,2.130546e+01,2.120923e+01,2.123674e+01,2.125048e+01,2.114732e+01,2.125736e+01,2.124361e+01,2.138101e+01,2.124361e+01,2.128485e+01,2.127110e+01,2.125736e+01,2.120923e+01,2.085789e+01,2.060223e+01,2.034592e+01,2.040833e+01,2.027654e+01,2.040833e+01,2.031818e+01,2.033899e+01,2.037366e+01,2.032512e+01,2.036673e+01,2.035286e+01,2.049148e+01,2.036673e+01,2.047762e+01,2.042219e+01,2.038060e+01,2.042219e+01,2.047762e+01,2.045684e+01,2.047762e+01,2.045684e+01,2.030430e+01,2.044298e+01,2.050533e+01,2.048455e+01,2.046377e+01,2.045684e+01,2.047070e+01,2.043605e+01,2.048455e+01,2.044991e+01,2.046377e+01,2.054687e+01,2.056071e+01,2.058840e+01,2.045684e+01,2.047070e+01,2.045684e+01,2.049840e+01,2.046377e+01,2.045684e+01,2.042219e+01,2.038753e+01,2.057456e+01,2.058148e+01,2.067139e+01,2.072669e+01,2.071287e+01,2.098893e+01,2.100960e+01,2.127110e+01,2.139474e+01,2.140847e+01,2.135355e+01,2.131920e+01,2.135355e+01,2.140161e+01,2.133981e+01,2.135355e+01,2.140161e+01,2.129859e+01,2.118172e+01,2.076814e+01,2.051918e+01,2.025571e+01,2.034592e+01,2.033899e+01,2.056071e+01,2.027654e+01,2.035286e+01,2.029042e+01,2.032512e+01,2.026960e+01,2.022794e+01,2.028348e+01,2.028348e+01,2.031124e+01,2.030430e+01,2.023489e+01,2.028348e+01,2.033899e+01,2.063682e+01,2.124361e+01,2.152508e+01,2.149766e+01,2.148394e+01,2.158677e+01,2.150451e+01,2.148394e+01,2.150451e+01,2.129172e+01,2.040140e+01,2.035980e+01,2.028348e+01,2.029736e+01,2.116796e+01,2.144278e+01,2.152508e+01,2.161417e+01,2.157306e+01,2.155936e+01,2.151823e+01,2.160047e+01,2.152508e+01,2.151823e+01,2.162787e+01,2.156621e+01,2.160732e+01,2.142220e+01,2.125048e+01,2.070596e+01,2.047762e+01,2.020711e+01,2.061607e+01,2.114044e+01,2.129859e+01,2.160047e+01,2.173739e+01,2.156621e+01,2.166211e+01,2.160732e+01,2.168264e+01,2.165526e+01,2.166211e+01,2.162787e+01,2.161417e+01,2.166895e+01,2.168264e+01,2.168264e+01,2.173055e+01,2.173739e+01,2.173055e+01,2.174423e+01,2.169633e+01,2.167580e+01,2.168264e+01,2.171686e+01,2.180578e+01,2.169633e+01,2.168949e+01,2.174423e+01,2.161417e+01,2.162102e+01,2.160732e+01,2.147708e+01,2.129859e+01,2.075432e+01,2.038753e+01,2.015153e+01,2.018627e+01,2.023489e+01,2.017932e+01,2.025571e+01,2.023489e+01,2.044991e+01,2.058148e+01,2.061607e+01,2.060223e+01,2.059531e+01,2.048455e+01,2.074742e+01,2.094067e+01,2.149080e+01,2.143592e+01,2.155936e+01,2.155250e+01,2.118172e+01,2.057456e+01,2.027654e+01,2.022100e+01,2.026266e+01,2.015153e+01,2.010982e+01,2.012372e+01,2.010287e+01,2.008896e+01,2.040833e+01,2.103027e+01,2.148394e+01,2.148394e+01,2.164841e+01,2.153194e+01,2.160047e+01,2.150451e+01,2.150451e+01,2.148394e+01,2.158677e+01,2.158677e+01,2.153194e+01,2.156621e+01,2.156621e+01,2.159362e+01,2.155936e+01,2.152508e+01,2.155250e+01,2.165526e+01,2.155936e+01,2.162102e+01,2.164157e+01,2.160047e+01,2.148394e+01,2.162102e+01,2.153194e+01,2.153194e+01,2.144964e+01,2.172371e+01,2.154565e+01,2.151137e+01,2.146336e+01,2.156621e+01,2.152508e+01,2.151137e+01,2.153194e+01,2.155936e+01,2.147022e+01,2.149766e+01,2.144278e+01,2.140847e+01,2.146336e+01,2.147022e+01,2.114732e+01,2.047762e+01,2.011677e+01,1.997764e+01,1.996371e+01,1.985922e+01,1.985922e+01,1.974764e+01,1.985922e+01,1.990103e+01,1.988013e+01,1.994283e+01,1.992890e+01,1.989407e+01,1.987316e+01,1.992890e+01,2.019321e+01,2.063682e+01,2.118172e+01,2.127110e+01,2.131920e+01,2.133981e+01,2.136041e+01,2.141533e+01,2.141533e+01,2.133981e+01,2.129859e+01,2.124361e+01,2.138788e+01,2.131233e+01,2.128485e+01,2.117484e+01,2.067831e+01,2.013068e+01,2.006114e+01,1.981740e+01,1.982437e+01,1.983134e+01,1.976858e+01,1.984528e+01,1.976858e+01,1.975462e+01,1.971973e+01,1.978253e+01,1.989407e+01,1.981740e+01,1.991496e+01,1.991496e+01,1.993586e+01,1.992193e+01,1.992890e+01,1.985225e+01,1.992193e+01,1.996371e+01,2.017237e+01,2.072669e+01,2.104405e+01,2.109914e+01,2.105782e+01,2.103716e+01,2.108537e+01,2.107848e+01,2.091998e+01,2.065757e+01,2.043605e+01,2.020711e+01,2.015153e+01,2.007505e+01,1.989407e+01,1.986619e+01,1.996371e+01,1.997764e+01,1.997068e+01,1.997068e+01,1.992890e+01,1.981740e+01,1.997764e+01,1.982437e+01,1.994283e+01,1.984528e+01,1.994283e+01,2.028348e+01,2.069905e+01,2.097514e+01,2.095446e+01,2.104405e+01,2.097514e+01,2.105094e+01,2.106471e+01,2.118860e+01,2.110602e+01,2.113355e+01,2.111979e+01,2.119548e+01,2.118860e+01,2.118860e+01,2.117484e+01,2.116108e+01,2.123674e+01,2.124361e+01,2.113355e+01,2.115420e+01,2.122986e+01,2.105782e+01,2.125736e+01,2.118860e+01,2.114044e+01,2.100271e+01,2.098893e+01,2.114732e+01,2.109225e+01,2.099582e+01,2.109914e+01,2.105094e+01,2.130546e+01,2.106471e+01,2.102338e+01,2.100960e+01,2.101649e+01,2.100960e+01,2.102338e+01,2.104405e+01,2.109914e+01,2.107160e+01,2.108537e+01,2.102338e+01,2.102338e+01,2.107848e+01,2.112667e+01,2.111979e+01,2.109914e+01,2.109225e+01,2.109225e+01,2.108537e+01,2.110602e+01,2.106471e+01,2.105782e+01,2.107160e+01,2.112667e+01,2.105782e+01,2.110602e+01,2.113355e+01,2.107848e+01,2.111979e+01,2.118172e+01,2.122298e+01,2.112667e+01,2.113355e+01,2.112667e+01,2.111979e+01,2.105094e+01,2.107848e+01,2.107848e+01,2.109914e+01,2.107160e+01,2.111979e+01,2.111979e+01,2.107848e+01,2.107160e+01,2.107160e+01,2.116796e+01,2.118172e+01,2.118172e+01,2.115420e+01,2.112667e+01,2.113355e+01,2.122298e+01,2.123674e+01,2.116796e+01,2.116108e+01,2.117484e+01,2.117484e+01,2.118860e+01,2.129172e+01,2.130546e+01,2.132607e+01,2.128485e+01,2.127798e+01,2.125736e+01,2.129172e+01,2.129172e+01,2.127798e+01,2.132607e+01,2.125048e+01,2.127110e+01,2.122986e+01,2.123674e+01,2.115420e+01,2.114732e+01,2.120923e+01,2.116108e+01,2.118172e+01,2.107160e+01
2.133981e+01,2.126423e+01,2.105782e+01,2.110602e+01,2.126423e+01,2.114044e+01,2.121611e+01,2.133294e+01,2.122298e+01,2.118860e+01,2.118860e+01,2.116108e+01,2.116108e+01,2.113355e+01,2.138101e+01,2.119548e+01,2.120923e+01,2.118860e+01,2.119548e+01,2.129859e+01,2.120235e+01,2.125048e+01,2.122298e+01,2.123674e+01,2.123674e+01,2.127110e+01,2.125736e+01,2.125736e+01,2.118860e+01,2.117484e+01,2.114732e+01,2.117484e+01,2.122298e+01,2.115420e+01,2.124361e+01,2.122298e+01,2.127798e+01,2.116796e+01,2.116796e+01,2.129172e+01,2.122298e+01,2.120923e+01,2.129172e+01,2.115420e+01,2.113355e+01,2.113355e+01,2.110602e+01,2.122986e+01,2.111979e+01,2.111291e+01,2.114732e+01,2.119548e+01,2.120923e+01,2.119548e+01,2.116796e+01,2.126423e+01,2.123674e+01,2.117484e+01,2.118172e+01,2.112667e+01,2.121611e+01,2.118860e+01,2.120235e+01,2.126423e+01,2.116108e+01,2.118172e+01,2.119548e+01,2.116796e+01,2.116108e+01,2.119548e+01,2.111979e+01,2.109914e+01,2.111291e+01,2.120235e+01,2.108537e+01,2.110602e+01,2.118860e+01,2.127110e+01,2.118860e+01,2.106471e+01,2.115420e+01,2.117484e+01,2.122986e+01,2.118860e+01,2.115420e+01,2.114732e+01,2.113355e+01,2.110602e+01,2.118860e+01,2.120923e+01,2.120923e+01,2.125048e+01,2.109914e+01,2.118860e+01,2.119548e+01,2.120235e+01,2.118860e+01,2.116796e+01,2.107160e+01,2.116108e+01,2.107848e+01,2.116108e+01,2.114044e+01,2.119548e+01,2.114044e+01,2.111291e+01,2.111291e+01,2.115420e+01,2.116796e+01,2.107848e+01,2.109225e+01,2.112667e+01,2.111979e+01,2.107848e+01,2.104405e+01,2.109225e+01,2.103716e+01,2.106471e+01,2.107160e+01,2.118172e+01,2.115420e+01,2.111291e+01,2.114044e+01,2.105782e+01,2.110602e+01,2.111291e+01,2.110602e+01,2.114044e+01,2.110602e+01,2.112667e+01,2.110602e+01,2.111979e+01,2.112667e+01,2.111979e+01,2.115420e+01,2.114732e+01,2.115420e+01,2.121611e+01,2.116796e+01,2.118860e+01,2.107848e+01,2.122986e+01,2.119548e+01,2.120923e+01,2.119548e+01,2.122298e+01,2.122986e+01,2.115420e+01,2.122298e+01,2.126423e+01,2.118172e+01,2.114732e+01,2.124361e+01,2.122986e+01,2.120923e+01,2.130546e+01,2.130546e+01,2.118172e+01,2.125736e+01,2.121611e+01,2.129172e+01,2.121611e+01,2.136728e+01,2.130546e+01,2.123674e+01,2.118860e+01,2.127798e+01,2.135355e+01,2.120923e+01,2.124361e+01,2.129172e+01,2.128485e+01,2.127798e+01,2.122986e+01,2.127110e+01,2.126423e+01,2.123674e+01,2.125048e+01,2.125736e+01,2.131920e+01,2.122298e+01,2.120235e+01,2.133294e+01,2.121611e+01,2.129859e+01,2.133294e+01,2.126423e+01,2.127798e+01,2.131233e+01,2.132607e+01,2.128485e+01,2.123674e+01,2.124361e+01,2.126423e+01,2.115420e+01,2.127798e+01,2.118860e+01,2.124361e+01,2.127110e+01,2.125736e+01,2.117484e+01,2.127110e+01,2.124361e+01,2.127798e+01,2.124361e+01,2.120235e+01,2.121611e+01,2.123674e+01,2.125048e+01,2.113355e+01,2.131920e+01,2.125048e+01,2.122298e+01,2.133294e+01,2.132607e+01,2.122298e+01,2.116108e+01,2.127110e+01,2.125048e+01,2.125048e+01,2.130546e+01,2.125736e+01,2.120235e+01,2.131920e+01,2.121611e+01,2.126423e+01,2.103027e+01,2.100960e+01,2.071978e+01,2.037366e+01,2.038060e+01,2.042219e+01,2.040833e+01,2.042219e+01,2.035286e+01,2.036673e+01,2.038060e+01,2.038060e+01,2.037366e+01,2.046377e+01,2.039447e+01,2.036673e+01,2.037366e+01,2.043605e+01,2.044298e+01,2.039447e+01,2.042912e+01,2.046377e+01,2.047070e+01,2.046377e+01,2.038753e+01,2.045684e+01,2.043605e+01,2.045684e+01,2.040833e+01,2.039447e+01,2.049148e+01,2.043605e+01,2.048455e+01,2.044991e+01,2.049840e+01,2.047070e+01,2.047762e+01,2.044991e+01,2.042912e+01,2.049148e+01,2.047762e+01,2.044991e+01,2.042219e+01,2.034592e+01,2.049840e+01,2.044991e+01,2.062990e+01,2.065065e+01,2.065757e+01,2.071287e+01,2.099582e+01,2.124361e+01,2.136728e+01,2.136041e+01,2.132607e+01,2.136041e+01,2.130546e+01,2.137415e+01,2.147708e+01,2.148394e+01,2.137415e+01,2.109225e+01,2.074742e+01,2.051225e+01,2.037366e+01,2.029736e+01,2.034592e+01,2.062990e+01,2.061607e+01,2.031124e+01,2.031124e+01,2.028348e+01,2.031124e+01,2.028348e+01,2.031124e+01,2.022100e+01,2.026266e+01,2.032512e+01,2.029736e+01,2.024877e+01,2.031818e+01,2.050533e+01,2.065065e+01,2.122298e+01,2.150451e+01,2.151137e+01,2.156621e+01,2.148394e+01,2.145650e+01,2.145650e+01,2.133294e+01,2.107848e+01,2.031818e+01,2.015153e+01,2.028348e+01,2.033205e+01,2.109225e+01,2.137415e+01,2.144278e+01,2.154565e+01,2.154565e+01,2.149080e+01,2.151823e+01,2.154565e+01,2.157991e+01,2.153880e+01,2.153194e+01,2.157306e+01,2.133981e+01,2.111291e+01,2.063682e+01,2.040833e+01,2.015848e+01,2.027654e+01,2.062299e+01,2.063682e+01,2.074051e+01,2.138788e+01,2.160047e+01,2.171002e+01,2.165526e+01,2.156621e+01,2.166895e+01,2.166211e+01,2.163472e+01,2.164841e+01,2.165526e+01,2.170318e+01,2.168949e+01,2.155936e+01,2.176475e+01,2.168264e+01,2.174423e+01,2.171686e+01,2.168949e+01,2.162787e+01,2.173055e+01,2.173739e+01,2.164157e+01,2.165526e+01,2.173739e+01,2.171686e+01,2.164841e+01,2.147022e+01,2.126423e+01,2.079576e+01,2.053303e+01,2.031124e+01,2.021405e+01,2.015848e+01,2.007505e+01,2.019321e+01,2.011677e+01,2.015153e+01,2.017237e+01,2.030430e+01,2.021405e+01,2.018627e+01,2.023489e+01,2.062990e+01,2.034592e+01,2.069213e+01,2.093377e+01,2.127798e+01,2.152508e+01,2.151137e+01,2.140161e+01,2.084409e+01,2.051918e+01,2.024183e+01,2.023489e+01,2.013068e+01,2.011677e+01,2.010287e+01,2.022794e+01,2.015848e+01,2.008896e+01,2.050533e+01,2.130546e+01,2.152508e+01,2.155250e+01,2.159362e+01,2.160732e+01,2.162102e+01,2.156621e+01,2.154565e+01,2.159362e+01,2.155250e+01,2.155250e+01,2.159362e+01,2.155250e+01,2.157991e+01,2.157991e+01,2.159362e+01,2.160732e+01,2.153880e+01,2.159362e+01,2.151137e+01,2.156621e+01,2.159362e+01,2.161417e+01,2.153880e+01,2.157991e+01,2.162787e+01,2.160047e+01,2.160047e+01,2.156621e+01,2.152508e+01,2.149080e+01,2.153194e+01,2.153880e+01,2.157306e+01,2.140161e+01,2.161417e+01,2.150451e+01,2.150451e+01,2.151137e+01,2.149766e+01,2.153194e+01,2.149080e+01,2.147708e+01,2.115420e+01,2.074742e+01,2.046377e+01,1.999852e+01,2.001244e+01,1.994979e+01,1.985225e+01,1.988013e+01,1.988013e+01,1.987316e+01,1.969879e+01,1.988710e+01,1.974764e+01,1.983831e+01,1.988013e+01,1.988710e+01,1.996371e+01,2.064374e+01,2.100960e+01,2.128485e+01,2.140161e+01,2.132607e+01,2.133981e+01,2.140161e+01,2.144278e+01,2.134668e+01,2.139474e+01,2.133981e+01,2.120923e+01,2.120235e+01,2.122986e+01,2.125736e+01,2.104405e+01,2.069905e+01,2.026266e+01,1.984528e+01,1.983831e+01,1.989407e+01,1.976858e+01,1.988013e+01,1.981042e+01,1.974764e+01,1.988013e+01,1.984528e+01,1.985922e+01,1.985922e+01,1.990103e+01,1.988710e+01,1.991496e+01,1.974764e+01,1.990103e+01,1.987316e+01,1.984528e+01,1.986619e+01,2.015848e+01,2.042912e+01,2.087169e+01,2.107848e+01,2.118172e+01,2.107848e+01,2.105782e+01,2.107848e+01,2.102338e+01,2.100271e+01,2.105094e+01,2.098893e+01,2.067831e+01,2.042912e+01,2.005419e+01,2.017932e+01,1.989407e+01,1.990103e+01,1.995675e+01,1.996371e+01,1.975462e+01,1.990103e+01,1.992890e+01,1.990103e+01,1.990800e+01,1.984528e+01,1.996371e+01,2.039447e+01,2.085789e+01,2.112667e+01,2.103027e+01,2.103027e+01,2.117484e+01,2.116796e+01,2.108537e+01,2.110602e+01,2.114044e+01,2.106471e+01,2.117484e+01,2.109914e+01,2.111979e+01,2.111291e+01,2.108537e+01,2.117484e+01,2.121611e+01,2.115420e+01,2.122986e+01,2.119548e+01,2.125736e+01,2.121611e+01,2.118860e+01,2.096135e+01,2.113355e+01,2.122298e+01,2.103716e+01,2.118860e+01,2.110602e+01,2.106471e+01,2.107848e+01,2.107848e+01,2.107160e+01,2.103716e+01,2.107160e+01,2.111979e+01,2.103716e+01,2.102338e+01,2.103716e+01,2.112667e+01,2.114044e+01,2.104405e+01,2.101649e+01,2.107848e+01,2.105782e+01,2.107848e+01,2.106471e+01,2.111291e+01,2.106471e+01,2.107160e+01,2.107848e+01,2.114732e+01,2.107848e+01,2.103716e+01,2.113355e+01,2.110602e+01,2.109914e+01,2.105782e+01,2.110602e+01,2.112667e+01,2.114732e+01,2.113355e+01,2.112667e+01,2.109914e+01,2.104405e+01,2.103716e+01,2.106471e+01,2.111291e+01,2.103027e+01,2.109225e+01,2.107848e+01,2.107160e+01,2.109225e+01,2.113355e+01,2.106471e+01,2.100960e+01,2.111979e+01,2.110602e+01,2.115420e+01,2.117484e+01,2.114732e+01,2.118172e+01,2.113355e+01,2.115420e+01,2.113355e+01,2.117484e+01,2.118860e+01,2.120235e+01,2.114732e+01,2.118860e+01,2.126423e+01,2.124361e+01,2.133294e+01,2.125736e+01,2.133294e+01,2.133294e+01,2.126423e+01,2.134668e+01,2.136728e+01,2.142220e+01,2.127110e+01,2.130546e+01,2.118172e+01,2.124361e+01,2.118860e+01,2.124361e+01,2.120923e+01,2.109914e+01,2.114732e+01,2.115420e+01,2.116796e+01
2.127798e+01,2.114044e+01,2.127798e+01,2.127798e+01,2.122986e+01,2.127110e+01,2.123674e+01,2.111979e+01,2.116108e+01,2.115420e+01,2.109914e+01,2.119548e+01,2.121611e+01,2.114044e+01,2.114732e+01,2.118172e+01,2.116796e+01,2.129172e+01,2.119548e+01,2.119548e+01,2.123674e+01,2.118172e+01,2.121611e+01,2.122986e+01,2.123674e+01,2.123674e+01,2.109225e+01,2.098203e+01,2.122986e+01,2.120923e+01,2.118860e+01,2.122986e+01,2.124361e+01,2.119548e+01,2.122986e+01,2.118860e+01,2.125736e+01,2.127110e+01,2.116108e+01,2.126423e+01,2.116108e+01,2.116796e+01,2.110602e+01,2.122986e+01,2.116108e+01,2.118172e+01,2.114044e+01,2.110602e+01,2.115420e+01,2.109914e+01,2.121611e+01,2.113355e+01,2.125736e+01,2.119548e+01,2.120923e+01,2.125048e+01,2.122298e+01,2.111291e+01,2.125736e+01,2.120235e+01,2.113355e+01,2.118860e+01,2.116108e+01,2.113355e+01,2.111979e+01,2.113355e+01,2.116796e+01,2.116796e+01,2.116108e+01,2.116796e+01,2.107848e+01,2.116796e+01,2.107848e+01,2.112667e+01,2.120923e+01,2.117484e+01,2.119548e+01,2.127110e+01,2.117484e+01,2.116796e+01,2.117484e+01,2.112667e+01,2.115420e+01,2.117484e+01,2.119548e+01,2.116108e+01,2.117484e+01,2.119548e+01,2.125048e+01,2.116796e+01,2.122986e+01,2.120235e+01,2.119548e+01,2.111291e+01,2.119548e+01,2.114732e+01,2.109914e+01,2.114732e+01,2.105094e+01,2.114732e+01,2.105094e+01,2.113355e+01,2.107848e+01,2.114732e+01,2.113355e+01,2.105782e+01,2.108537e+01,2.113355e+01,2.122986e+01,2.109914e+01,2.107848e+01,2.109225e+01,2.107848e+01,2.105094e+01,2.116108e+01,2.107848e+01,2.111979e+01,2.113355e+01,2.107160e+01,2.109225e+01,2.105782e+01,2.124361e+01,2.118172e+01,2.109225e+01,2.107160e+01,2.111291e+01,2.110602e+01,2.112667e+01,2.110602e+01,2.109914e+01,2.109225e+01,2.113355e+01,2.112667e+01,2.112667e+01,2.114044e+01,2.128485e+01,2.114044e+01,2.114044e+01,2.115420e+01,2.120923e+01,2.116108e+01,2.113355e+01,2.116108e+01,2.120235e+01,2.116796e+01,2.117484e+01,2.120923e+01,2.114044e+01,2.113355e+01,2.113355e+01,2.125736e+01,2.126423e+01,2.124361e+01,2.122986e+01,2.122298e+01,2.125048e+01,2.116796e+01,2.120923e+01,2.117484e+01,2.120235e+01,2.129859e+01,2.122986e+01,2.119548e+01,2.120235e+01,2.123674e+01,2.131920e+01,2.118860e+01,2.125048e+01,2.130546e+01,2.129859e+01,2.122298e+01,2.128485e+01,2.129172e+01,2.129859e+01,2.122986e+01,2.127110e+01,2.131233e+01,2.117484e+01,2.116108e+01,2.126423e+01,2.129172e+01,2.123674e+01,2.126423e+01,2.129172e+01,2.119548e+01,2.133294e+01,2.136728e+01,2.131920e+01,2.135355e+01,2.121611e+01,2.120923e+01,2.127798e+01,2.122298e+01,2.122298e+01,2.120235e+01,2.122986e+01,2.120235e+01,2.122986e+01,2.126423e+01,2.127110e+01,2.124361e+01,2.129859e+01,2.124361e+01,2.124361e+01,2.120923e+01,2.122298e+01,2.119548e+01,2.121611e+01,2.122986e+01,2.129859e+01,2.127798e+01,2.127798e+01,2.120235e+01,2.126423e+01,2.122298e+01,2.122298e+01,2.123674e+01,2.130546e+01,2.126423e+01,2.129172e+01,2.127110e+01,2.124361e+01,2.127798e+01,2.122986e+01,2.127798e+01,2.131233e+01,2.120923e+01,2.120923e+01,2.103027e+01,2.086479e+01,2.068522e+01,2.066448e+01,2.040140e+01,2.038060e+01,2.043605e+01,2.035980e+01,2.037366e+01,2.035980e+01,2.036673e+01,2.038753e+01,2.042219e+01,2.040140e+01,2.043605e+01,2.044991e+01,2.045684e+01,2.051918e+01,2.044991e+01,2.048455e+01,2.049148e+01,2.045684e+01,2.048455e+01,2.047070e+01,2.049148e+01,2.056071e+01,2.047762e+01,2.044991e+01,2.053303e+01,2.046377e+01,2.053303e+01,2.060915e+01,2.043605e+01,2.044991e+01,2.042912e+01,2.041526e+01,2.047070e+01,2.049148e+01,2.047070e+01,2.038753e+01,2.040140e+01,2.036673e+01,2.046377e+01,2.065757e+01,2.053995e+01,2.062990e+01,2.060223e+01,2.067139e+01,2.069905e+01,2.107160e+01,2.120235e+01,2.138101e+01,2.135355e+01,2.140161e+01,2.137415e+01,2.147022e+01,2.139474e+01,2.125736e+01,2.120923e+01,2.074742e+01,2.045684e+01,2.034592e+01,2.035286e+01,2.030430e+01,2.059531e+01,2.095446e+01,2.074051e+01,2.029042e+01,2.029042e+01,2.031124e+01,2.025571e+01,2.024877e+01,2.024183e+01,2.027654e+01,2.031818e+01,2.026266e+01,2.013068e+01,2.033205e+01,2.060915e+01,2.076123e+01,2.121611e+01,2.144278e+01,2.147708e+01,2.151823e+01,2.151137e+01,2.149766e+01,2.151823e+01,2.148394e+01,2.127110e+01,2.076123e+01,2.026266e+01,2.013068e+01,2.028348e+01,2.032512e+01,2.089929e+01,2.130546e+01,2.151823e+01,2.147708e+01,2.153194e+01,2.156621e+01,2.158677e+01,2.161417e+01,2.160732e+01,2.153194e+01,2.151823e+01,2.151137e+01,2.109914e+01,2.062990e+01,2.035286e+01,2.017932e+01,1.999156e+01,2.025571e+01,2.020016e+01,2.029042e+01,2.072669e+01,2.102338e+01,2.144278e+01,2.155936e+01,2.157306e+01,2.163472e+01,2.164157e+01,2.164841e+01,2.166211e+01,2.162102e+01,2.157991e+01,2.168264e+01,2.173055e+01,2.173055e+01,2.164841e+01,2.172371e+01,2.175107e+01,2.166211e+01,2.162787e+01,2.175107e+01,2.171002e+01,2.164157e+01,2.175107e+01,2.167580e+01,2.170318e+01,2.164841e+01,2.153194e+01,2.122298e+01,2.077505e+01,2.042912e+01,2.015153e+01,2.018627e+01,2.015848e+01,2.013068e+01,2.010287e+01,2.018627e+01,2.008896e+01,2.016542e+01,2.016542e+01,2.014458e+01,2.014458e+01,2.016542e+01,2.021405e+01,2.026960e+01,2.036673e+01,2.071287e+01,2.089239e+01,2.129859e+01,2.141533e+01,2.133981e+01,2.098203e+01,2.056071e+01,2.022794e+01,2.026266e+01,2.015848e+01,2.013068e+01,2.014458e+01,2.012372e+01,2.027654e+01,2.010982e+01,2.031124e+01,2.073360e+01,2.140161e+01,2.153194e+01,2.157991e+01,2.163472e+01,2.152508e+01,2.162102e+01,2.163472e+01,2.157306e+01,2.159362e+01,2.155250e+01,2.155936e+01,2.150451e+01,2.157991e+01,2.155250e+01,2.151823e+01,2.155936e+01,2.153194e+01,2.151137e+01,2.156621e+01,2.160047e+01,2.149080e+01,2.149080e+01,2.158677e+01,2.153194e+01,2.161417e+01,2.156621e+01,2.161417e+01,2.157306e+01,2.157306e+01,2.153880e+01,2.145650e+01,2.149766e+01,2.152508e+01,2.156621e+01,2.157991e+01,2.153880e+01,2.149080e+01,2.158677e+01,2.149766e+01,2.151137e+01,2.153194e+01,2.148394e+01,2.146336e+01,2.131233e+01,2.115420e+01,2.071287e+01,2.038753e+01,2.003332e+01,1.999852e+01,1.986619e+01,1.985225e+01,1.999156e+01,1.988013e+01,1.991496e+01,1.986619e+01,1.988710e+01,1.983831e+01,1.987316e+01,1.987316e+01,2.017237e+01,2.066448e+01,2.121611e+01,2.131920e+01,2.133294e+01,2.140161e+01,2.150451e+01,2.136041e+01,2.134668e+01,2.138101e+01,2.132607e+01,2.131233e+01,2.133294e+01,2.133294e+01,2.128485e+01,2.129172e+01,2.118860e+01,2.109914e+01,2.076814e+01,2.023489e+01,1.993586e+01,1.991496e+01,1.993586e+01,1.983134e+01,1.979647e+01,1.983831e+01,1.974764e+01,1.985225e+01,1.985922e+01,1.988013e+01,1.985225e+01,1.985225e+01,1.989407e+01,1.979647e+01,1.991496e+01,1.984528e+01,1.983831e+01,1.986619e+01,1.992890e+01,2.040140e+01,2.085789e+01,2.105782e+01,2.104405e+01,2.108537e+01,2.122986e+01,2.099582e+01,2.109225e+01,2.120923e+01,2.102338e+01,2.103027e+01,2.116796e+01,2.103716e+01,2.062990e+01,2.035286e+01,2.022100e+01,2.016542e+01,2.000548e+01,2.001940e+01,1.990103e+01,1.990800e+01,1.999156e+01,1.992890e+01,2.002636e+01,1.999156e+01,2.002636e+01,2.059531e+01,2.097514e+01,2.101649e+01,2.106471e+01,2.111291e+01,2.105782e+01,2.114044e+01,2.103027e+01,2.108537e+01,2.111291e+01,2.108537e+01,2.103027e+01,2.112667e+01,2.109225e+01,2.114732e+01,2.116108e+01,2.118172e+01,2.118860e+01,2.120923e+01,2.112667e+01,2.112667e+01,2.118172e+01,2.104405e+01,2.110602e+01,2.119548e+01,2.105094e+01,2.109914e+01,2.100960e+01,2.100271e+01,2.107848e+01,2.111979e+01,2.104405e+01,2.105782e+01,2.105782e+01,2.113355e+01,2.103716e+01,2.106471e+01,2.113355e+01,2.085789e+01,2.103027e+01,2.108537e+01,2.104405e+01,2.088549e+01,2.099582e+01,2.096825e+01,2.107160e+01,2.106471e+01,2.106471e+01,2.098203e+01,2.113355e+01,2.099582e+01,2.106471e+01,2.109225e+01,2.111291e+01,2.112667e+01,2.112667e+01,2.104405e+01,2.114044e+01,2.105094e+01,2.108537e+01,2.107160e+01,2.114732e+01,2.107848e+01,2.110602e+01,2.110602e+01,2.107848e+01,2.112667e+01,2.103716e+01,2.110602e+01,2.109914e+01,2.106471e+01,2.103027e+01,2.106471e+01,2.105782e+01,2.109914e+01,2.109914e+01,2.116796e+01,2.118860e+01,2.114044e+01,2.107848e+01,2.107848e+01,2.114044e+01,2.118860e+01,2.115420e+01,2.116796e+01,2.114732e+01,2.122986e+01,2.116108e+01,2.115420e+01,2.122298e+01,2.127798e+01,2.121611e+01,2.120235e+01,2.133981e+01,2.129172e+01,2.136041e+01,2.132607e+01,2.134668e+01,2.129172e+01,2.133981e+01,2.120235e+01,2.120235e+01,2.125736e+01,2.131233e+01,2.122298e+01,2.117484e+01,2.119548e+01,2.120235e+01,2.118172e+01,2.109225e+01,2.114044e+01,2.114044e+01
2.115420e+01,2.116108e+01,2.114044e+01,2.121611e+01,2.103716e+01,2.114044e+01,2.119548e+01,2.119548e+01,2.124361e+01,2.100271e+01,2.117484e+01,2.117484e+01,2.113355e+01,2.115420e+01,2.112667e+01,2.123674e+01,2.129859e+01,2.118172e+01,2.116796e+01,2.116796e+01,2.121611e+01,2.117484e+01,2.120235e+01,2.128485e+01,2.118860e+01,2.118860e+01,2.121611e+01,2.122986e+01,2.119548e+01,2.113355e+01,2.121611e+01,2.125736e+01,2.122986e+01,2.118860e+01,2.114044e+01,2.116108e+01,2.120235e+01,2.125048e+01,2.127798e+01,2.121611e+01,2.126423e+01,2.116108e+01,2.120235e+01,2.123674e+01,2.118860e+01,2.125048e+01,2.119548e+01,2.111291e+01,2.107848e+01,2.108537e+01,2.121611e+01,2.115420e+01,2.117484e+01,2.114044e+01,2.116108e+01,2.107848e+01,2.120923e+01,2.124361e+01,2.120235e+01,2.112667e+01,2.121611e+01,2.122986e+01,2.118172e+01,2.123674e+01,2.112667e+01,2.116796e+01,2.114732e+01,2.116108e+01,2.117484e+01,2.122986e+01,2.129172e+01,2.105094e+01,2.120235e+01,2.109225e+01,2.110602e+01,2.117484e+01,2.122298e+01,2.118860e+01,2.110602e+01,2.107160e+01,2.112667e+01,2.116108e+01,2.117484e+01,2.119548e+01,2.114732e+01,2.114732e+01,2.114732e+01,2.122298e+01,2.120235e+01,2.120235e+01,2.121611e+01,2.117484e+01,2.116108e+01,2.118860e+01,2.111291e+01,2.116796e+01,2.116108e+01,2.111291e+01,2.111291e+01,2.111291e+01,2.109225e+01,2.101649e+01,2.116796e+01,2.117484e+01,2.111979e+01,2.111291e+01,2.115420e+01,2.108537e+01,2.114044e+01,2.111291e+01,2.112667e+01,2.111979e+01,2.111291e+01,2.103716e+01,2.114732e+01,2.105094e+01,2.109225e+01,2.107160e+01,2.105094e+01,2.104405e+01,2.106471e+01,2.107848e+01,2.113355e+01,2.110602e+01,2.114044e+01,2.115420e+01,2.113355e+01,2.115420e+01,2.110602e+01,2.109225e+01,2.111291e+01,2.107848e+01,2.107160e+01,2.111979e+01,2.112667e+01,2.119548e+01,2.127798e+01,2.124361e+01,2.113355e+01,2.123674e+01,2.114732e+01,2.111979e+01,2.119548e+01,2.116796e+01,2.116796e+01,2.116796e+01,2.123674e+01,2.116796e+01,2.120235e+01,2.126423e+01,2.125736e+01,2.122298e+01,2.123674e+01,2.122986e+01,2.127110e+01,2.120923e+01,2.107848e+01,2.118860e+01,2.125048e+01,2.127110e+01,2.120235e+01,2.126423e+01,2.122986e+01,2.127798e+01,2.125736e+01,2.137415e+01,2.125736e+01,2.126423e+01,2.118172e+01,2.118172e+01,2.124361e+01,2.125048e+01,2.125736e+01,2.124361e+01,2.124361e+01,2.118172e+01,2.116796e+01,2.123674e+01,2.124361e+01,2.114732e+01,2.125736e+01,2.127110e+01,2.125736e+01,2.120923e+01,2.123674e+01,2.120235e+01,2.120235e+01,2.125736e+01,2.118172e+01,2.129172e+01,2.118860e+01,2.126423e+01,2.122986e+01,2.125048e+01,2.124361e+01,2.127110e+01,2.125048e+01,2.114044e+01,2.122986e+01,2.125048e+01,2.128485e+01,2.125048e+01,2.122298e+01,2.122986e+01,2.121611e+01,2.120923e+01,2.118860e+01,2.120923e+01,2.121611e+01,2.122986e+01,2.129859e+01,2.120235e+01,2.123674e+01,2.125048e+01,2.127798e+01,2.129172e+01,2.121611e+01,2.124361e+01,2.125048e+01,2.129859e+01,2.126423e+01,2.129172e+01,2.124361e+01,2.131920e+01,2.122986e+01,2.119548e+01,2.126423e+01,2.118172e+01,2.117484e+01,2.102338e+01,2.097514e+01,2.088549e+01,2.066448e+01,2.044298e+01,2.044298e+01,2.039447e+01,2.031818e+01,2.039447e+01,2.038753e+01,2.042912e+01,2.040140e+01,2.040140e+01,2.039447e+01,2.044298e+01,2.042912e+01,2.047070e+01,2.049148e+01,2.044991e+01,2.046377e+01,2.042912e+01,2.035286e+01,2.042219e+01,2.044991e+01,2.038060e+01,2.060223e+01,2.047070e+01,2.038753e+01,2.050533e+01,2.053303e+01,2.049148e+01,2.042219e+01,2.048455e+01,2.048455e+01,2.044991e+01,2.048455e+01,2.048455e+01,2.038753e+01,2.038753e+01,2.039447e+01,2.038060e+01,2.045684e+01,2.047070e+01,2.066448e+01,2.065757e+01,2.063682e+01,2.067831e+01,2.066448e+01,2.070596e+01,2.101649e+01,2.116796e+01,2.130546e+01,2.139474e+01,2.136041e+01,2.134668e+01,2.149080e+01,2.135355e+01,2.088549e+01,2.044298e+01,2.045684e+01,2.039447e+01,2.038753e+01,2.029736e+01,2.056763e+01,2.094067e+01,2.072669e+01,2.034592e+01,2.027654e+01,2.028348e+01,2.029736e+01,2.029042e+01,2.023489e+01,2.026266e+01,2.031124e+01,2.042912e+01,2.033899e+01,2.036673e+01,2.089929e+01,2.135355e+01,2.141533e+01,2.151823e+01,2.152508e+01,2.147022e+01,2.147708e+01,2.151137e+01,2.145650e+01,2.147022e+01,2.120923e+01,2.030430e+01,2.023489e+01,2.025571e+01,2.025571e+01,2.030430e+01,2.083028e+01,2.145650e+01,2.142906e+01,2.153194e+01,2.157991e+01,2.160732e+01,2.155250e+01,2.153880e+01,2.153880e+01,2.158677e+01,2.155250e+01,2.111979e+01,2.056071e+01,2.022794e+01,2.021405e+01,2.020016e+01,2.000548e+01,2.007505e+01,2.010287e+01,2.028348e+01,2.076814e+01,2.108537e+01,2.162787e+01,2.164841e+01,2.163472e+01,2.160732e+01,2.163472e+01,2.163472e+01,2.168949e+01,2.174423e+01,2.173739e+01,2.170318e+01,2.168949e+01,2.173055e+01,2.158677e+01,2.173055e+01,2.173739e+01,2.172371e+01,2.168264e+01,2.165526e+01,2.167580e+01,2.164841e+01,2.172371e+01,2.168264e+01,2.160732e+01,2.157991e+01,2.120923e+01,2.060223e+01,2.028348e+01,2.004723e+01,2.004723e+01,1.995675e+01,2.005419e+01,2.000548e+01,2.008201e+01,2.008201e+01,2.011677e+01,2.018627e+01,2.015153e+01,2.018627e+01,2.008201e+01,2.016542e+01,2.026266e+01,2.026266e+01,2.041526e+01,2.066448e+01,2.090619e+01,2.125736e+01,2.126423e+01,2.109225e+01,2.055379e+01,2.029042e+01,2.027654e+01,2.024183e+01,2.020016e+01,2.012372e+01,2.011677e+01,2.010982e+01,2.015153e+01,2.013763e+01,2.031124e+01,2.125048e+01,2.154565e+01,2.158677e+01,2.147708e+01,2.160732e+01,2.161417e+01,2.161417e+01,2.157306e+01,2.157306e+01,2.155250e+01,2.155250e+01,2.159362e+01,2.158677e+01,2.147022e+01,2.157991e+01,2.159362e+01,2.157306e+01,2.157991e+01,2.151823e+01,2.158677e+01,2.158677e+01,2.155936e+01,2.159362e+01,2.163472e+01,2.148394e+01,2.157306e+01,2.152508e+01,2.157306e+01,2.149080e+01,2.149766e+01,2.151823e+01,2.153880e+01,2.147022e+01,2.155250e+01,2.151823e+01,2.157991e+01,2.146336e+01,2.142906e+01,2.146336e+01,2.155250e+01,2.156621e+01,2.146336e+01,2.141533e+01,2.138101e+01,2.143592e+01,2.138101e+01,2.110602e+01,2.071978e+01,2.042912e+01,2.007505e+01,1.994283e+01,1.976160e+01,1.976858e+01,1.986619e+01,1.983831e+01,1.981740e+01,1.976160e+01,1.978253e+01,1.983831e+01,1.987316e+01,2.020016e+01,2.082338e+01,2.120923e+01,2.130546e+01,2.132607e+01,2.141533e+01,2.131233e+01,2.135355e+01,2.133294e+01,2.135355e+01,2.143592e+01,2.141533e+01,2.129172e+01,2.139474e+01,2.127110e+01,2.125736e+01,2.131920e+01,2.118860e+01,2.112667e+01,2.074051e+01,2.024877e+01,1.981042e+01,1.986619e+01,1.983831e+01,1.981042e+01,1.974764e+01,1.981042e+01,1.981042e+01,1.975462e+01,1.974067e+01,1.988013e+01,1.978253e+01,1.977555e+01,1.988710e+01,1.986619e+01,1.988013e+01,1.985922e+01,1.983831e+01,1.992890e+01,2.015848e+01,2.081648e+01,2.105094e+01,2.109914e+01,2.103716e+01,2.107160e+01,2.107848e+01,2.118172e+01,2.111291e+01,2.107848e+01,2.103027e+01,2.105094e+01,2.112667e+01,2.107160e+01,2.108537e+01,2.069213e+01,2.061607e+01,2.029736e+01,2.015153e+01,2.008896e+01,1.994283e+01,1.999156e+01,2.004723e+01,2.003332e+01,2.001244e+01,2.029042e+01,2.074742e+01,2.105782e+01,2.099582e+01,2.115420e+01,2.100271e+01,2.105094e+01,2.115420e+01,2.104405e+01,2.114732e+01,2.112667e+01,2.118172e+01,2.109914e+01,2.114044e+01,2.112667e+01,2.116108e+01,2.112667e+01,2.120923e+01,2.125048e+01,2.122298e+01,2.122298e+01,2.118860e+01,2.107848e+01,2.118172e+01,2.100271e+01,2.103716e+01,2.103716e+01,2.105782e+01,2.098203e+01,2.098203e+01,2.110602e+01,2.103027e+01,2.107160e+01,2.107848e+01,2.111979e+01,2.109225e+01,2.106471e+01,2.109914e+01,2.107160e+01,2.112667e+01,2.096135e+01,2.098203e+01,2.109914e+01,2.102338e+01,2.104405e+01,2.105094e+01,2.103027e+01,2.111291e+01,2.106471e+01,2.112667e+01,2.104405e+01,2.101649e+01,2.105782e+01,2.100960e+01,2.121611e+01,2.109225e+01,2.107848e+01,2.111291e+01,2.104405e+01,2.109914e+01,2.106471e+01,2.115420e+01,2.115420e+01,2.111291e+01,2.109225e+01,2.101649e+01,2.114732e+01,2.117484e+01,2.113355e+01,2.112667e+01,2.102338e+01,2.106471e+01,2.105094e+01,2.114044e+01,2.112667e+01,2.102338e+01,2.103716e+01,2.112667e+01,2.114044e+01,2.116796e+01,2.108537e+01,2.111979e+01,2.118172e+01,2.112667e+01,2.116108e+01,2.096825e+01,2.121611e+01,2.118860e+01,2.118172e+01,2.116108e+01,2.116796e+01,2.124361e+01,2.126423e+01,2.131233e+01,2.121611e+01,2.135355e+01,2.133294e+01,2.128485e+01,2.130546e+01,2.136041e+01,2.133294e+01,2.125736e+01,2.122298e+01,2.118172e+01,2.122298e+01,2.129859e+01,2.117484e+01,2.114044e+01,2.113355e+01,2.120235e+01,2.114044e+01,2.109914e+01,2.111291e+01
2.114044e+01,2.119548e+01,2.115420e+01,2.105782e+01,2.115420e+01,2.111291e+01,2.123674e+01,2.114732e+01,2.121611e+01,2.116796e+01,2.120923e+01,2.116108e+01,2.121611e+01,2.113355e+01,2.114044e+01,2.127798e+01,2.116108e+01,2.124361e+01,2.110602e+01,2.100271e+01,2.116108e+01,2.118860e+01,2.124361e+01,2.120235e+01,2.122298e+01,2.118860e+01,2.123674e+01,2.124361e+01,2.129172e+01,2.123674e+01,2.116796e+01,2.122986e+01,2.107848e+01,2.119548e+01,2.120235e+01,2.121611e+01,2.119548e+01,2.122986e+01,2.114044e+01,2.114044e+01,2.123674e+01,2.118172e+01,2.122298e+01,2.122298e+01,2.121611e+01,2.109225e+01,2.116796e+01,2.109225e+01,2.120923e+01,2.113355e+01,2.109225e+01,2.114732e+01,2.115420e+01,2.116108e+01,2.118172e+01,2.117484e+01,2.108537e+01,2.108537e+01,2.114732e+01,2.110602e+01,2.114732e+01,2.116796e+01,2.113355e+01,2.116796e+01,2.114044e+01,2.111979e+01,2.114044e+01,2.119548e+01,2.112667e+01,2.122986e+01,2.113355e+01,2.109914e+01,2.118172e+01,2.118172e+01,2.109914e+01,2.112667e+01,2.112667e+01,2.115420e+01,2.102338e+01,2.104405e+01,2.118172e+01,2.105094e+01,2.111291e+01,2.115420e+01,2.115420e+01,2.118172e+01,2.116796e+01,2.118860e+01,2.125736e+01,2.117484e+01,2.120235e+01,2.120235e+01,2.120235e+01,2.117484e+01,2.115420e+01,2.116108e+01,2.106471e+01,2.110602e+01,2.104405e+01,2.107160e+01,2.100960e+01,2.116108e+01,2.113355e+01,2.103027e+01,2.111291e+01,2.111291e+01,2.111979e+01,2.116108e+01,2.122298e+01,2.117484e+01,2.114732e+01,2.111291e+01,2.109225e+01,2.111979e+01,2.113355e+01,2.109914e+01,2.105782e+01,2.110602e+01,2.117484e+01,2.116108e+01,2.110602e+01,2.108537e+01,2.108537e+01,2.109225e+01,2.109914e+01,2.114044e+01,2.118172e+01,2.112667e+01,2.109225e+01,2.103027e+01,2.112667e+01,2.114044e+01,2.111979e+01,2.117484e+01,2.119548e+01,2.114044e+01,2.113355e+01,2.124361e+01,2.117484e+01,2.118860e+01,2.116796e+01,2.116108e+01,2.117484e+01,2.111979e+01,2.118172e+01,2.123674e+01,2.114044e+01,2.121611e+01,2.127110e+01,2.126423e+01,2.122986e+01,2.122298e+01,2.122986e+01,2.121611e+01,2.122986e+01,2.121611e+01,2.120235e+01,2.116796e+01,2.120923e+01,2.125048e+01,2.116796e+01,2.129859e+01,2.118172e+01,2.119548e+01,2.126423e+01,2.132607e+01,2.124361e+01,2.123674e+01,2.122986e+01,2.119548e+01,2.111979e+01,2.129172e+01,2.120923e+01,2.112667e+01,2.124361e+01,2.118172e+01,2.127798e+01,2.121611e+01,2.118860e+01,2.129172e+01,2.126423e+01,2.124361e+01,2.120923e+01,2.123674e+01,2.111979e+01,2.132607e+01,2.120235e+01,2.133294e+01,2.118860e+01,2.133294e+01,2.127110e+01,2.117484e+01,2.118860e+01,2.122986e+01,2.126423e+01,2.120923e+01,2.126423e+01,2.124361e+01,2.121611e+01,2.124361e+01,2.120235e+01,2.127110e+01,2.122298e+01,2.125736e+01,2.120923e+01,2.120235e+01,2.123674e+01,2.127110e+01,2.126423e+01,2.129172e+01,2.118172e+01,2.129172e+01,2.124361e+01,2.133981e+01,2.135355e+01,2.121611e+01,2.129172e+01,2.124361e+01,2.126423e+01,2.124361e+01,2.129859e+01,2.122298e+01,2.123674e+01,2.122986e+01,2.129172e+01,2.121611e+01,2.112667e+01,2.120235e+01,2.098203e+01,2.098203e+01,2.096825e+01,2.081648e+01,2.067139e+01,2.046377e+01,2.044298e+01,2.035980e+01,2.036673e+01,2.040140e+01,2.039447e+01,2.040140e+01,2.040140e+01,2.042219e+01,2.037366e+01,2.041526e+01,2.040140e+01,2.046377e+01,2.052610e+01,2.048455e+01,2.046377e+01,2.033899e+01,2.044991e+01,2.034592e+01,2.049148e+01,2.044991e+01,2.038753e+01,2.049840e+01,2.051225e+01,2.052610e+01,2.045684e+01,2.051918e+01,2.046377e+01,2.043605e+01,2.051225e+01,2.040140e+01,2.053995e+01,2.038753e+01,2.053303e+01,2.052610e+01,2.051225e+01,2.038060e+01,2.051918e+01,2.067139e+01,2.100960e+01,2.094757e+01,2.067831e+01,2.067139e+01,2.061607e+01,2.060915e+01,2.071287e+01,2.107160e+01,2.114044e+01,2.114732e+01,2.134668e+01,2.136041e+01,2.149080e+01,2.125736e+01,2.065065e+01,2.047070e+01,2.044298e+01,2.044991e+01,2.038753e+01,2.053303e+01,2.053995e+01,2.053995e+01,2.036673e+01,2.027654e+01,2.029042e+01,2.023489e+01,2.024877e+01,2.023489e+01,2.033205e+01,2.022100e+01,2.025571e+01,2.047070e+01,2.052610e+01,2.076123e+01,2.122986e+01,2.144278e+01,2.149766e+01,2.149766e+01,2.139474e+01,2.144278e+01,2.142906e+01,2.147022e+01,2.147708e+01,2.144278e+01,2.105782e+01,2.020711e+01,2.017932e+01,2.020016e+01,2.017932e+01,2.030430e+01,2.080957e+01,2.144964e+01,2.135355e+01,2.147022e+01,2.147022e+01,2.153194e+01,2.144964e+01,2.122298e+01,2.144964e+01,2.122986e+01,2.127798e+01,2.070596e+01,2.022794e+01,2.026266e+01,2.013068e+01,2.008896e+01,2.004723e+01,1.999852e+01,2.003332e+01,2.004027e+01,2.042219e+01,2.105782e+01,2.146336e+01,2.165526e+01,2.164841e+01,2.159362e+01,2.171686e+01,2.163472e+01,2.163472e+01,2.164841e+01,2.162102e+01,2.166895e+01,2.168949e+01,2.171686e+01,2.173055e+01,2.161417e+01,2.168949e+01,2.161417e+01,2.169633e+01,2.173055e+01,2.173739e+01,2.161417e+01,2.171686e+01,2.161417e+01,2.147708e+01,2.105094e+01,2.059531e+01,2.016542e+01,2.003332e+01,1.999852e+01,1.992193e+01,1.994283e+01,1.997068e+01,2.005419e+01,2.005419e+01,2.015153e+01,2.008201e+01,2.010982e+01,2.009591e+01,2.004723e+01,2.009591e+01,2.010982e+01,2.014458e+01,2.021405e+01,2.014458e+01,2.038060e+01,2.063682e+01,2.125736e+01,2.125736e+01,2.083719e+01,2.033205e+01,2.029736e+01,2.024877e+01,2.020711e+01,2.025571e+01,2.020016e+01,2.012372e+01,2.013068e+01,2.020711e+01,2.018627e+01,2.060223e+01,2.126423e+01,2.149766e+01,2.155250e+01,2.160732e+01,2.159362e+01,2.160732e+01,2.160732e+01,2.162787e+01,2.152508e+01,2.160047e+01,2.159362e+01,2.156621e+01,2.153194e+01,2.159362e+01,2.150451e+01,2.152508e+01,2.159362e+01,2.152508e+01,2.150451e+01,2.153880e+01,2.151823e+01,2.151137e+01,2.160047e+01,2.161417e+01,2.162787e+01,2.151137e+01,2.157991e+01,2.154565e+01,2.160732e+01,2.156621e+01,2.154565e+01,2.152508e+01,2.150451e+01,2.155936e+01,2.151137e+01,2.149080e+01,2.145650e+01,2.153194e+01,2.143592e+01,2.152508e+01,2.149080e+01,2.147708e+01,2.148394e+01,2.152508e+01,2.153194e+01,2.140847e+01,2.135355e+01,2.126423e+01,2.091308e+01,2.039447e+01,2.010982e+01,1.995675e+01,1.992890e+01,1.980345e+01,1.980345e+01,1.983831e+01,1.978950e+01,1.988013e+01,1.978950e+01,1.989407e+01,2.043605e+01,2.079576e+01,2.110602e+01,2.137415e+01,2.131233e+01,2.132607e+01,2.131920e+01,2.147022e+01,2.135355e+01,2.136041e+01,2.133981e+01,2.122298e+01,2.135355e+01,2.135355e+01,2.133981e+01,2.125048e+01,2.136041e+01,2.123674e+01,2.123674e+01,2.099582e+01,2.053995e+01,2.024877e+01,1.994979e+01,1.992890e+01,1.972671e+01,1.980345e+01,1.977555e+01,1.981740e+01,1.978950e+01,1.978950e+01,1.981042e+01,1.981042e+01,1.985225e+01,1.976160e+01,1.984528e+01,1.989407e+01,1.985922e+01,1.983831e+01,1.983831e+01,2.003332e+01,2.043605e+01,2.102338e+01,2.126423e+01,2.103716e+01,2.109225e+01,2.107848e+01,2.106471e+01,2.107160e+01,2.107160e+01,2.113355e+01,2.105094e+01,2.105094e+01,2.114044e+01,2.111979e+01,2.112667e+01,2.111291e+01,2.087169e+01,2.107848e+01,2.078195e+01,2.071978e+01,2.069905e+01,2.073360e+01,2.054687e+01,2.044991e+01,2.060915e+01,2.078886e+01,2.084409e+01,2.110602e+01,2.117484e+01,2.106471e+01,2.106471e+01,2.107848e+01,2.103716e+01,2.114732e+01,2.118172e+01,2.106471e+01,2.111979e+01,2.114732e+01,2.111291e+01,2.117484e+01,2.108537e+01,2.114732e+01,2.117484e+01,2.133294e+01,2.109914e+01,2.114044e+01,2.124361e+01,2.112667e+01,2.104405e+01,2.106471e+01,2.106471e+01,2.106471e+01,2.105094e+01,2.098203e+01,2.109225e+01,2.100960e+01,2.103716e+01,2.084409e+01,2.101649e+01,2.107160e+01,2.106471e+01,2.110602e+01,2.110602e+01,2.112667e+01,2.108537e+01,2.110602e+01,2.094067e+01,2.116108e+01,2.107848e+01,2.109914e+01,2.107848e+01,2.108537e+01,2.110602e+01,2.104405e+01,2.111979e+01,2.109225e+01,2.111979e+01,2.112667e+01,2.116796e+01,2.105782e+01,2.105782e+01,2.103716e+01,2.104405e+01,2.105782e+01,2.105094e+01,2.103716e+01,2.114732e+01,2.107160e+01,2.111291e+01,2.112667e+01,2.103716e+01,2.103027e+01,2.119548e+01,2.110602e+01,2.109225e+01,2.107848e+01,2.103027e+01,2.110602e+01,2.109914e+01,2.111979e+01,2.114044e+01,2.097514e+01,2.106471e+01,2.108537e+01,2.104405e+01,2.113355e+01,2.110602e+01,2.114732e+01,2.115420e+01,2.115420e+01,2.116796e+01,2.115420e+01,2.120235e+01,2.118860e+01,2.122986e+01,2.120923e+01,2.126423e+01,2.124361e+01,2.136728e+01,2.136041e+01,2.133294e+01,2.135355e+01,2.131233e+01,2.128485e+01,2.121611e+01,2.120235e+01,2.129859e+01,2.126423e+01,2.131233e+01,2.116796e+01,2.117484e+01,2.113355e+01,2.111291e+01,2.111291e+01,2.111291e+01,2.108537e+01,2.117484e+01
2.117484e+01,2.114044e+01,2.113355e+01,2.109914e+01,2.120235e+01,2.116796e+01,2.117484e+01,2.118860e+01,2.121611e+01,2.122298e+01,2.117484e+01,2.135355e+01,2.114732e+01,2.118860e+01,2.129859e+01,2.113355e+01,2.126423e+01,2.125736e+01,2.120235e+01,2.118860e+01,2.120923e+01,2.123674e+01,2.109914e+01,2.118860e+01,2.121611e+01,2.118860e+01,2.115420e+01,2.120235e+01,2.126423e+01,2.120235e+01,2.120235e+01,2.114732e+01,2.118860e+01,2.120923e+01,2.123674e+01,2.116108e+01,2.120923e+01,2.124361e+01,2.120923e+01,2.120923e+01,2.125736e+01,2.116108e+01,2.118172e+01,2.122986e+01,2.121611e+01,2.115420e+01,2.113355e+01,2.109225e+01,2.115420e+01,2.115420e+01,2.122298e+01,2.124361e+01,2.111979e+01,2.113355e+01,2.107160e+01,2.117484e+01,2.120235e+01,2.116796e+01,2.117484e+01,2.104405e+01,2.127798e+01,2.112667e+01,2.111979e+01,2.125736e+01,2.125048e+01,2.115420e+01,2.116108e+01,2.114732e+01,2.114732e+01,2.107160e+01,2.114732e+01,2.106471e+01,2.107160e+01,2.116108e+01,2.116796e+01,2.127798e+01,2.108537e+01,2.108537e+01,2.111979e+01,2.118172e+01,2.114732e+01,2.114044e+01,2.117484e+01,2.119548e+01,2.114732e+01,2.116108e+01,2.127798e+01,2.119548e+01,2.118172e+01,2.120923e+01,2.117484e+01,2.124361e+01,2.122298e+01,2.125048e+01,2.114044e+01,2.111979e+01,2.114732e+01,2.112667e+01,2.114044e+01,2.113355e+01,2.100960e+01,2.118860e+01,2.118860e+01,2.118860e+01,2.110602e+01,2.116108e+01,2.107848e+01,2.116108e+01,2.119548e+01,2.112667e+01,2.109914e+01,2.113355e+01,2.112667e+01,2.107848e+01,2.122986e+01,2.103027e+01,2.105782e+01,2.105094e+01,2.122298e+01,2.105782e+01,2.115420e+01,2.098893e+01,2.107848e+01,2.106471e+01,2.109914e+01,2.107848e+01,2.111979e+01,2.110602e+01,2.106471e+01,2.111979e+01,2.109225e+01,2.113355e+01,2.104405e+01,2.110602e+01,2.111979e+01,2.111979e+01,2.127110e+01,2.130546e+01,2.114732e+01,2.118860e+01,2.121611e+01,2.122986e+01,2.114732e+01,2.116796e+01,2.117484e+01,2.126423e+01,2.122986e+01,2.123674e+01,2.127798e+01,2.121611e+01,2.121611e+01,2.125048e+01,2.121611e+01,2.118172e+01,2.118860e+01,2.119548e+01,2.110602e+01,2.119548e+01,2.121611e+01,2.116796e+01,2.121611e+01,2.127110e+01,2.124361e+01,2.116108e+01,2.122986e+01,2.135355e+01,2.121611e+01,2.135355e+01,2.125048e+01,2.123674e+01,2.124361e+01,2.122298e+01,2.123674e+01,2.122986e+01,2.123674e+01,2.133981e+01,2.138101e+01,2.114732e+01,2.127798e+01,2.115420e+01,2.116796e+01,2.122986e+01,2.127798e+01,2.122986e+01,2.120923e+01,2.120923e+01,2.121611e+01,2.120235e+01,2.120235e+01,2.117484e+01,2.125736e+01,2.127110e+01,2.116796e+01,2.121611e+01,2.125048e+01,2.126423e+01,2.125048e+01,2.119548e+01,2.121611e+01,2.122298e+01,2.125736e+01,2.118860e+01,2.120923e+01,2.123674e+01,2.120235e+01,2.122298e+01,2.122298e+01,2.123674e+01,2.128485e+01,2.123674e+01,2.128485e+01,2.131233e+01,2.133981e+01,2.123674e+01,2.127798e+01,2.129859e+01,2.127110e+01,2.127110e+01,2.123674e+01,2.122298e+01,2.123674e+01,2.129172e+01,2.118172e+01,2.128485e+01,2.116108e+01,2.117484e+01,2.100271e+01,2.096135e+01,2.090619e+01,2.064374e+01,2.060223e+01,2.044991e+01,2.062299e+01,2.044298e+01,2.045684e+01,2.037366e+01,2.040140e+01,2.038753e+01,2.042912e+01,2.047070e+01,2.043605e+01,2.041526e+01,2.044298e+01,2.041526e+01,2.056071e+01,2.056763e+01,2.044298e+01,2.044298e+01,2.044298e+01,2.048455e+01,2.047070e+01,2.042912e+01,2.045684e+01,2.039447e+01,2.042912e+01,2.043605e+01,2.040140e+01,2.043605e+01,2.053995e+01,2.045684e+01,2.049840e+01,2.048455e+01,2.049148e+01,2.044298e+01,2.040833e+01,2.039447e+01,2.056763e+01,2.035980e+01,2.055379e+01,2.035286e+01,2.050533e+01,2.072669e+01,2.120235e+01,2.104405e+01,2.078886e+01,2.068522e+01,2.058840e+01,2.062299e+01,2.056071e+01,2.073360e+01,2.084409e+01,2.114732e+01,2.114732e+01,2.135355e+01,2.132607e+01,2.125736e+01,2.056763e+01,2.041526e+01,2.044298e+01,2.033899e+01,2.049840e+01,2.083028e+01,2.078886e+01,2.049840e+01,2.038753e+01,2.028348e+01,2.024877e+01,2.031124e+01,2.034592e+01,2.024183e+01,2.027654e+01,2.033899e+01,2.031818e+01,2.051918e+01,2.100960e+01,2.133294e+01,2.140847e+01,2.149766e+01,2.155250e+01,2.142906e+01,2.147708e+01,2.145650e+01,2.142906e+01,2.144964e+01,2.144964e+01,2.133981e+01,2.049840e+01,2.020711e+01,2.017932e+01,2.024183e+01,2.020711e+01,2.030430e+01,2.080957e+01,2.146336e+01,2.150451e+01,2.146336e+01,2.149080e+01,2.120923e+01,2.091308e+01,2.070596e+01,2.056071e+01,2.091308e+01,2.074742e+01,2.040140e+01,2.013068e+01,2.002636e+01,2.010982e+01,2.010982e+01,2.006114e+01,1.999156e+01,2.006810e+01,2.004027e+01,2.004723e+01,2.040833e+01,2.108537e+01,2.151137e+01,2.154565e+01,2.153194e+01,2.164841e+01,2.166211e+01,2.167580e+01,2.159362e+01,2.173055e+01,2.160047e+01,2.162787e+01,2.165526e+01,2.160047e+01,2.161417e+01,2.167580e+01,2.169633e+01,2.173739e+01,2.171686e+01,2.166211e+01,2.160732e+01,2.153880e+01,2.156621e+01,2.103716e+01,2.047070e+01,2.017932e+01,1.993586e+01,2.003332e+01,1.995675e+01,1.992890e+01,1.994283e+01,2.003332e+01,2.001940e+01,2.004723e+01,2.010287e+01,2.010982e+01,2.006114e+01,2.016542e+01,2.006810e+01,2.024877e+01,2.016542e+01,2.024877e+01,2.024877e+01,2.020711e+01,2.025571e+01,2.048455e+01,2.106471e+01,2.121611e+01,2.082338e+01,2.028348e+01,2.017932e+01,2.022794e+01,2.025571e+01,2.023489e+01,2.023489e+01,2.026960e+01,2.015848e+01,2.020016e+01,2.026266e+01,2.076814e+01,2.149080e+01,2.151823e+01,2.155250e+01,2.159362e+01,2.154565e+01,2.158677e+01,2.139474e+01,2.152508e+01,2.150451e+01,2.153194e+01,2.148394e+01,2.160047e+01,2.159362e+01,2.159362e+01,2.160732e+01,2.157306e+01,2.149080e+01,2.151823e+01,2.156621e+01,2.151137e+01,2.157306e+01,2.149766e+01,2.149080e+01,2.148394e+01,2.149080e+01,2.148394e+01,2.153880e+01,2.151137e+01,2.151823e+01,2.151137e+01,2.150451e+01,2.149766e+01,2.149766e+01,2.149766e+01,2.152508e+01,2.157991e+01,2.149080e+01,2.145650e+01,2.144964e+01,2.147022e+01,2.144964e+01,2.144964e+01,2.149080e+01,2.144964e+01,2.149766e+01,2.145650e+01,2.136728e+01,2.131920e+01,2.103027e+01,2.062990e+01,2.032512e+01,1.994979e+01,1.991496e+01,1.976160e+01,1.987316e+01,1.988710e+01,1.989407e+01,1.982437e+01,1.980345e+01,1.988013e+01,2.043605e+01,2.098893e+01,2.129172e+01,2.132607e+01,2.134668e+01,2.138788e+01,2.131920e+01,2.138101e+01,2.131920e+01,2.137415e+01,2.131233e+01,2.136041e+01,2.130546e+01,2.131920e+01,2.130546e+01,2.127110e+01,2.118860e+01,2.129859e+01,2.133294e+01,2.111291e+01,2.107160e+01,2.074051e+01,2.022100e+01,2.007505e+01,1.993586e+01,1.982437e+01,1.985922e+01,1.981042e+01,1.973369e+01,1.980345e+01,1.985225e+01,1.985922e+01,1.974067e+01,1.985225e+01,1.983134e+01,1.986619e+01,1.977555e+01,1.981740e+01,1.981740e+01,1.983831e+01,2.044991e+01,2.079576e+01,2.106471e+01,2.103716e+01,2.107848e+01,2.106471e+01,2.109225e+01,2.114732e+01,2.106471e+01,2.109225e+01,2.114044e+01,2.116796e+01,2.118860e+01,2.114732e+01,2.114044e+01,2.113355e+01,2.114732e+01,2.104405e+01,2.112667e+01,2.099582e+01,2.109225e+01,2.102338e+01,2.105782e+01,2.107160e+01,2.088549e+01,2.107160e+01,2.109225e+01,2.113355e+01,2.109225e+01,2.114732e+01,2.114044e+01,2.110602e+01,2.109914e+01,2.114044e+01,2.113355e+01,2.108537e+01,2.118860e+01,2.106471e+01,2.108537e+01,2.118860e+01,2.116108e+01,2.121611e+01,2.122986e+01,2.129859e+01,2.125736e+01,2.116108e+01,2.115420e+01,2.110602e+01,2.111979e+01,2.104405e+01,2.105094e+01,2.106471e+01,2.111291e+01,2.109225e+01,2.112667e+01,2.113355e+01,2.106471e+01,2.102338e+01,2.106471e+01,2.109225e+01,2.103716e+01,2.105094e+01,2.093377e+01,2.111291e+01,2.108537e+01,2.111291e+01,2.103716e+01,2.109225e+01,2.103716e+01,2.106471e+01,2.124361e+01,2.107848e+01,2.094067e+01,2.117484e+01,2.107160e+01,2.105094e+01,2.109225e+01,2.109225e+01,2.114044e+01,2.109225e+01,2.105094e+01,2.105782e+01,2.106471e+01,2.106471e+01,2.114044e+01,2.128485e+01,2.103716e+01,2.112667e+01,2.104405e+01,2.113355e+01,2.109914e+01,2.101649e+01,2.091998e+01,2.106471e+01,2.107160e+01,2.106471e+01,2.105782e+01,2.109914e+01,2.110602e+01,2.106471e+01,2.111979e+01,2.109914e+01,2.111291e+01,2.106471e+01,2.109225e+01,2.105782e+01,2.109914e+01,2.111979e+01,2.109914e+01,2.138101e+01,2.120235e+01,2.132607e+01,2.122298e+01,2.117484e+01,2.131920e+01,2.120235e+01,2.129172e+01,2.112667e+01,2.134668e+01,2.133294e+01,2.134668e+01,2.133981e+01,2.129859e+01,2.128485e+01,2.131233e+01,2.133981e+01,2.123674e+01,2.118860e+01,2.128485e+01,2.127798e+01,2.134668e+01,2.123674e+01,2.122298e+01,2.113355e+01,2.113355e+01,2.122986e+01,2.122986e+01
2.087169e+01,2.114044e+01,2.115420e+01,2.113355e+01,2.108537e+01,2.101649e+01,2.115420e+01,2.119548e+01,2.120923e+01,2.115420e+01,2.107160e+01,2.129172e+01,2.117484e+01,2.120235e+01,2.129172e+01,2.118172e+01,2.119548e+01,2.125736e+01,2.121611e+01,2.118172e+01,2.119548e+01,2.118172e+01,2.118172e+01,2.118860e+01,2.118860e+01,2.100960e+01,2.122986e+01,2.124361e+01,2.118172e+01,2.118860e+01,2.111979e+01,2.111291e+01,2.114732e+01,2.117484e+01,2.115420e+01,2.133981e+01,2.121611e+01,2.116108e+01,2.118172e+01,2.132607e+01,2.120923e+01,2.102338e+01,2.120235e+01,2.120923e+01,2.120235e+01,2.121611e+01,2.120235e+01,2.114732e+01,2.107848e+01,2.115420e+01,2.103716e+01,2.120235e+01,2.121611e+01,2.109914e+01,2.111291e+01,2.115420e+01,2.117484e+01,2.115420e+01,2.116108e+01,2.114044e+01,2.114732e+01,2.108537e+01,2.122298e+01,2.110602e+01,2.116108e+01,2.115420e+01,2.115420e+01,2.114044e+01,2.118172e+01,2.109225e+01,2.116108e+01,2.118172e+01,2.116108e+01,2.105782e+01,2.107848e+01,2.109225e+01,2.115420e+01,2.109225e+01,2.118860e+01,2.109914e+01,2.108537e+01,2.122298e+01,2.118860e+01,2.115420e+01,2.117484e+01,2.117484e+01,2.116108e+01,2.117484e+01,2.118860e+01,2.120235e+01,2.120235e+01,2.122986e+01,2.121611e+01,2.116796e+01,2.115420e+01,2.113355e+01,2.123674e+01,2.112667e+01,2.103716e+01,2.112667e+01,2.103716e+01,2.118172e+01,2.118172e+01,2.116796e+01,2.120235e+01,2.111979e+01,2.114732e+01,2.111979e+01,2.116108e+01,2.111291e+01,2.126423e+01,2.116796e+01,2.118172e+01,2.116796e+01,2.105782e+01,2.109225e+01,2.108537e+01,2.116796e+01,2.116796e+01,2.106471e+01,2.109914e+01,2.115420e+01,2.109225e+01,2.115420e+01,2.106471e+01,2.118860e+01,2.105782e+01,2.114732e+01,2.111291e+01,2.110602e+01,2.116108e+01,2.105782e+01,2.111979e+01,2.115420e+01,2.110602e+01,2.113355e+01,2.115420e+01,2.113355e+01,2.119548e+01,2.109914e+01,2.109914e+01,2.116796e+01,2.112667e+01,2.119548e+01,2.116796e+01,2.118172e+01,2.120923e+01,2.125048e+01,2.125048e+01,2.122986e+01,2.124361e+01,2.123674e+01,2.118860e+01,2.122298e+01,2.122298e+01,2.122298e+01,2.118172e+01,2.119548e+01,2.123674e+01,2.122298e+01,2.125736e+01,2.114732e+01,2.127798e+01,2.116796e+01,2.120923e+01,2.127798e+01,2.122298e+01,2.133294e+01,2.125048e+01,2.125736e+01,2.125048e+01,2.131233e+01,2.126423e+01,2.116108e+01,2.120923e+01,2.120923e+01,2.120235e+01,2.121611e+01,2.122298e+01,2.116796e+01,2.116796e+01,2.125736e+01,2.116796e+01,2.111291e+01,2.125736e+01,2.120235e+01,2.119548e+01,2.121611e+01,2.127110e+01,2.130546e+01,2.120923e+01,2.131233e+01,2.126423e+01,2.128485e+01,2.127798e+01,2.129172e+01,2.117484e+01,2.125736e+01,2.116796e+01,2.127110e+01,2.120235e+01,2.118860e+01,2.118860e+01,2.122986e+01,2.122298e+01,2.118172e+01,2.120235e+01,2.118860e+01,2.127798e+01,2.127798e+01,2.125736e+01,2.118172e+01,2.125736e+01,2.117484e+01,2.130546e+01,2.122986e+01,2.124361e+01,2.127110e+01,2.123674e+01,2.117484e+01,2.123674e+01,2.116796e+01,2.116796e+01,2.116108e+01,2.113355e+01,2.089239e+01,2.067139e+01,2.055379e+01,2.050533e+01,2.042912e+01,2.038753e+01,2.049148e+01,2.041526e+01,2.045684e+01,2.045684e+01,2.049148e+01,2.039447e+01,2.042219e+01,2.042912e+01,2.055379e+01,2.041526e+01,2.041526e+01,2.043605e+01,2.045684e+01,2.044991e+01,2.049148e+01,2.047070e+01,2.047762e+01,2.041526e+01,2.049148e+01,2.049148e+01,2.042912e+01,2.046377e+01,2.043605e+01,2.041526e+01,2.062990e+01,2.042912e+01,2.056071e+01,2.035286e+01,2.044298e+01,2.043605e+01,2.042219e+01,2.043605e+01,2.066448e+01,2.065757e+01,2.064374e+01,2.056763e+01,2.058840e+01,2.055379e+01,2.035980e+01,2.070596e+01,2.084409e+01,2.123674e+01,2.121611e+01,2.119548e+01,2.093377e+01,2.071978e+01,2.057456e+01,2.058148e+01,2.057456e+01,2.062299e+01,2.079576e+01,2.113355e+01,2.125736e+01,2.123674e+01,2.116796e+01,2.046377e+01,2.047070e+01,2.040140e+01,2.053995e+01,2.053303e+01,2.090619e+01,2.119548e+01,2.076123e+01,2.038060e+01,2.028348e+01,2.024877e+01,2.026960e+01,2.024183e+01,2.028348e+01,2.024877e+01,2.017932e+01,2.030430e+01,2.044298e+01,2.094757e+01,2.148394e+01,2.153880e+01,2.152508e+01,2.144964e+01,2.156621e+01,2.144278e+01,2.138101e+01,2.144278e+01,2.149080e+01,2.147708e+01,2.078195e+01,2.053303e+01,2.019321e+01,2.018627e+01,2.016542e+01,2.015848e+01,2.031818e+01,2.080267e+01,2.147022e+01,2.145650e+01,2.144964e+01,2.139474e+01,2.089929e+01,2.030430e+01,2.022100e+01,2.033899e+01,2.053303e+01,2.024877e+01,2.026266e+01,2.008201e+01,2.007505e+01,2.006114e+01,1.997068e+01,1.999852e+01,2.001244e+01,1.999852e+01,2.003332e+01,2.006114e+01,2.010287e+01,2.073360e+01,2.109225e+01,2.152508e+01,2.152508e+01,2.159362e+01,2.162102e+01,2.160047e+01,2.168949e+01,2.168264e+01,2.157991e+01,2.162102e+01,2.166895e+01,2.174423e+01,2.171686e+01,2.170318e+01,2.164157e+01,2.163472e+01,2.171002e+01,2.173055e+01,2.162787e+01,2.144278e+01,2.116796e+01,2.047762e+01,2.013763e+01,1.990800e+01,1.988013e+01,1.991496e+01,1.992193e+01,1.999156e+01,2.002636e+01,1.991496e+01,2.001940e+01,2.001244e+01,2.004723e+01,2.007505e+01,2.013068e+01,2.002636e+01,2.014458e+01,2.020016e+01,2.021405e+01,2.019321e+01,2.021405e+01,2.016542e+01,2.020711e+01,2.031124e+01,2.079576e+01,2.104405e+01,2.069213e+01,2.037366e+01,2.035980e+01,2.020711e+01,2.022100e+01,2.027654e+01,2.019321e+01,2.014458e+01,2.023489e+01,2.024877e+01,2.071978e+01,2.116796e+01,2.130546e+01,2.138101e+01,2.141533e+01,2.142220e+01,2.151823e+01,2.146336e+01,2.149080e+01,2.147022e+01,2.151137e+01,2.160732e+01,2.146336e+01,2.160732e+01,2.144964e+01,2.160047e+01,2.153880e+01,2.161417e+01,2.149766e+01,2.154565e+01,2.151823e+01,2.161417e+01,2.155936e+01,2.150451e+01,2.152508e+01,2.160047e+01,2.147022e+01,2.158677e+01,2.155936e+01,2.151823e+01,2.153194e+01,2.151823e+01,2.151823e+01,2.149766e+01,2.151137e+01,2.155936e+01,2.157306e+01,2.149766e+01,2.142220e+01,2.160047e+01,2.144278e+01,2.145650e+01,2.147708e+01,2.140847e+01,2.150451e+01,2.152508e+01,2.138788e+01,2.136728e+01,2.134668e+01,2.144278e+01,2.133981e+01,2.094067e+01,2.023489e+01,1.994283e+01,1.998460e+01,1.992193e+01,1.990103e+01,1.978253e+01,1.988710e+01,1.981740e+01,1.987316e+01,2.003332e+01,2.044298e+01,2.102338e+01,2.129172e+01,2.129859e+01,2.134668e+01,2.132607e+01,2.138788e+01,2.136728e+01,2.136041e+01,2.133981e+01,2.130546e+01,2.127110e+01,2.120923e+01,2.130546e+01,2.139474e+01,2.130546e+01,2.125048e+01,2.124361e+01,2.133294e+01,2.122298e+01,2.118172e+01,2.112667e+01,2.091998e+01,2.033899e+01,2.009591e+01,2.006114e+01,1.982437e+01,1.981042e+01,1.981740e+01,1.983134e+01,1.988013e+01,1.976160e+01,1.964293e+01,1.978253e+01,1.977555e+01,1.977555e+01,1.990103e+01,1.980345e+01,1.983134e+01,1.990103e+01,2.016542e+01,2.067831e+01,2.105782e+01,2.104405e+01,2.105782e+01,2.097514e+01,2.107848e+01,2.109914e+01,2.109225e+01,2.120235e+01,2.115420e+01,2.117484e+01,2.116796e+01,2.116796e+01,2.114044e+01,2.118860e+01,2.113355e+01,2.114732e+01,2.113355e+01,2.108537e+01,2.121611e+01,2.108537e+01,2.117484e+01,2.116796e+01,2.110602e+01,2.109225e+01,2.116796e+01,2.109914e+01,2.108537e+01,2.106471e+01,2.109225e+01,2.115420e+01,2.111979e+01,2.105782e+01,2.110602e+01,2.105782e+01,2.109914e+01,2.114044e+01,2.110602e+01,2.114044e+01,2.119548e+01,2.111291e+01,2.107848e+01,2.111979e+01,2.114732e+01,2.118860e+01,2.110602e+01,2.113355e+01,2.113355e+01,2.111979e+01,2.097514e+01,2.107848e+01,2.111979e+01,2.103716e+01,2.107848e+01,2.111291e+01,2.101649e+01,2.106471e+01,2.109225e+01,2.108537e+01,2.110602e+01,2.109914e+01,2.108537e+01,2.099582e+01,2.098203e+01,2.099582e+01,2.111291e+01,2.109225e+01,2.116108e+01,2.103027e+01,2.109225e+01,2.107848e+01,2.116796e+01,2.111291e+01,2.110602e+01,2.108537e+01,2.111979e+01,2.105782e+01,2.107848e+01,2.118172e+01,2.113355e+01,2.103027e+01,2.110602e+01,2.107848e+01,2.105782e+01,2.116796e+01,2.106471e+01,2.109914e+01,2.109914e+01,2.103716e+01,2.109225e+01,2.119548e+01,2.108537e+01,2.107848e+01,2.119548e+01,2.104405e+01,2.107848e+01,2.114044e+01,2.106471e+01,2.116108e+01,2.109914e+01,2.116108e+01,2.111979e+01,2.110602e+01,2.102338e+01,2.109914e+01,2.111291e+01,2.115420e+01,2.120235e+01,2.124361e+01,2.111979e+01,2.114732e+01,2.116796e+01,2.123674e+01,2.123674e+01,2.135355e+01,2.127798e+01,2.127798e+01,2.132607e+01,2.133294e+01,2.123674e+01,2.133981e+01,2.135355e+01,2.129859e+01,2.132607e+01,2.131920e+01,2.124361e+01,2.128485e+01,2.120923e+01,2.118172e+01,2.115420e+01,2.125048e+01,2.118860e+01,2.122298e+01,2.119548e+01,2.123674e+01,2.109225e+01
2.112667e+01,2.112667e+01,2.117484e+01,2.106471e+01,2.116796e+01,2.118860e+01,2.121611e+01,2.119548e+01,2.107160e+01,2.111291e+01,2.116796e+01,2.133294e+01,2.120923e+01,2.117484e+01,2.116108e+01,2.122298e+01,2.126423e+01,2.126423e+01,2.124361e+01,2.120235e+01,2.119548e+01,2.124361e+01,2.118172e+01,2.118860e+01,2.120235e+01,2.121611e+01,2.123674e+01,2.121611e+01,2.121611e+01,2.122986e+01,2.122298e+01,2.122298e+01,2.114044e+01,2.114732e+01,2.113355e+01,2.123674e+01,2.125048e+01,2.114732e+01,2.125048e+01,2.127798e+01,2.115420e+01,2.122986e+01,2.106471e+01,2.123674e+01,2.122986e+01,2.114732e+01,2.115420e+01,2.107848e+01,2.116108e+01,2.119548e+01,2.123674e+01,2.120923e+01,2.112667e+01,2.116796e+01,2.116108e+01,2.119548e+01,2.117484e+01,2.122298e+01,2.117484e+01,2.112667e+01,2.108537e+01,2.100271e+01,2.114044e+01,2.114732e+01,2.118860e+01,2.120923e+01,2.115420e+01,2.114044e+01,2.123674e+01,2.126423e+01,2.125736e+01,2.133294e+01,2.116108e+01,2.110602e+01,2.114732e+01,2.110602e+01,2.116108e+01,2.125736e+01,2.120235e+01,2.115420e+01,2.117484e+01,2.116108e+01,2.119548e+01,2.122298e+01,2.114732e+01,2.119548e+01,2.118172e+01,2.117484e+01,2.116796e+01,2.116796e+01,2.114732e+01,2.118172e+01,2.112667e+01,2.111979e+01,2.116796e+01,2.127110e+01,2.115420e+01,2.113355e+01,2.107160e+01,2.111979e+01,2.111979e+01,2.116796e+01,2.106471e+01,2.118860e+01,2.112667e+01,2.110602e+01,2.109225e+01,2.114732e+01,2.115420e+01,2.122986e+01,2.119548e+01,2.117484e+01,2.109914e+01,2.111291e+01,2.120235e+01,2.105782e+01,2.104405e+01,2.105094e+01,2.109225e+01,2.107848e+01,2.109914e+01,2.114732e+01,2.112667e+01,2.114044e+01,2.111979e+01,2.113355e+01,2.114044e+01,2.122986e+01,2.123674e+01,2.118172e+01,2.119548e+01,2.114732e+01,2.116108e+01,2.113355e+01,2.114044e+01,2.116108e+01,2.117484e+01,2.113355e+01,2.117484e+01,2.118172e+01,2.111979e+01,2.122986e+01,2.120923e+01,2.118860e+01,2.119548e+01,2.121611e+01,2.119548e+01,2.122298e+01,2.127798e+01,2.120235e+01,2.122986e+01,2.122298e+01,2.111979e+01,2.120923e+01,2.123674e+01,2.119548e+01,2.128485e+01,2.124361e+01,2.117484e+01,2.125736e+01,2.118172e+01,2.116108e+01,2.125736e+01,2.120923e+01,2.122986e+01,2.120923e+01,2.130546e+01,2.124361e+01,2.128485e+01,2.125048e+01,2.122986e+01,2.128485e+01,2.127798e+01,2.129859e+01,2.128485e+01,2.127798e+01,2.140161e+01,2.120923e+01,2.140161e+01,2.122986e+01,2.120235e+01,2.116108e+01,2.120923e+01,2.120923e+01,2.131233e+01,2.125048e+01,2.120235e+01,2.117484e+01,2.136041e+01,2.127798e+01,2.118172e+01,2.117484e+01,2.120923e+01,2.131920e+01,2.129859e+01,2.111291e+01,2.116796e+01,2.127798e+01,2.127110e+01,2.126423e+01,2.129172e+01,2.116796e+01,2.124361e+01,2.125048e+01,2.121611e+01,2.118860e+01,2.119548e+01,2.118860e+01,2.130546e+01,2.129172e+01,2.127110e+01,2.127110e+01,2.129859e+01,2.127110e+01,2.130546e+01,2.134668e+01,2.129172e+01,2.131920e+01,2.136041e+01,2.122986e+01,2.118860e+01,2.113355e+01,2.114732e+01,2.093377e+01,2.068522e+01,2.044991e+01,2.061607e+01,2.038753e+01,2.039447e+01,2.036673e+01,2.042219e+01,2.043605e+01,2.025571e+01,2.049840e+01,2.035980e+01,2.038060e+01,2.043605e+01,2.038060e+01,2.041526e+01,2.042219e+01,2.041526e+01,2.049840e+01,2.045684e+01,2.045684e+01,2.055379e+01,2.042912e+01,2.052610e+01,2.048455e+01,2.047762e+01,2.047762e+01,2.047762e+01,2.042219e+01,2.044991e+01,2.050533e+01,2.046377e+01,2.041526e+01,2.049148e+01,2.044298e+01,2.053995e+01,2.046377e+01,2.041526e+01,2.060915e+01,2.044991e+01,2.056071e+01,2.065065e+01,2.092688e+01,2.108537e+01,2.103027e+01,2.091998e+01,2.103716e+01,2.110602e+01,2.129172e+01,2.136728e+01,2.136041e+01,2.135355e+01,2.120235e+01,2.074051e+01,2.059531e+01,2.053303e+01,2.059531e+01,2.059531e+01,2.056071e+01,2.055379e+01,2.095446e+01,2.097514e+01,2.098203e+01,2.058840e+01,2.044298e+01,2.047070e+01,2.047762e+01,2.060915e+01,2.113355e+01,2.124361e+01,2.120235e+01,2.057456e+01,2.043605e+01,2.040140e+01,2.027654e+01,2.028348e+01,2.030430e+01,2.037366e+01,2.035980e+01,2.038060e+01,2.045684e+01,2.103716e+01,2.138788e+01,2.157306e+01,2.154565e+01,2.157306e+01,2.146336e+01,2.142220e+01,2.142906e+01,2.142906e+01,2.144278e+01,2.136041e+01,2.069905e+01,2.020711e+01,2.024877e+01,2.024877e+01,2.013068e+01,2.019321e+01,2.034592e+01,2.114732e+01,2.151823e+01,2.151137e+01,2.149080e+01,2.125048e+01,2.054687e+01,2.028348e+01,2.024183e+01,2.029042e+01,2.037366e+01,2.021405e+01,2.021405e+01,2.008201e+01,2.004723e+01,2.004027e+01,2.008201e+01,2.005419e+01,1.999852e+01,1.999156e+01,2.001244e+01,2.001244e+01,2.003332e+01,2.024877e+01,2.062990e+01,2.110602e+01,2.154565e+01,2.154565e+01,2.168264e+01,2.162102e+01,2.169633e+01,2.169633e+01,2.175107e+01,2.168264e+01,2.166895e+01,2.166895e+01,2.164841e+01,2.162787e+01,2.170318e+01,2.168264e+01,2.168949e+01,2.170318e+01,2.159362e+01,2.127798e+01,2.047070e+01,2.013068e+01,1.991496e+01,1.989407e+01,1.993586e+01,1.996371e+01,2.001244e+01,2.001244e+01,1.990103e+01,1.989407e+01,2.008896e+01,1.999852e+01,2.007505e+01,2.012372e+01,2.015848e+01,2.010982e+01,2.006810e+01,2.018627e+01,2.022794e+01,2.021405e+01,2.020711e+01,2.031818e+01,2.031124e+01,2.028348e+01,2.066448e+01,2.064374e+01,2.066448e+01,2.037366e+01,2.035980e+01,2.024183e+01,2.026960e+01,2.024877e+01,2.030430e+01,2.029736e+01,2.023489e+01,2.035980e+01,2.101649e+01,2.112667e+01,2.120235e+01,2.118172e+01,2.114732e+01,2.136041e+01,2.111979e+01,2.112667e+01,2.109225e+01,2.119548e+01,2.120923e+01,2.123674e+01,2.122298e+01,2.120923e+01,2.160732e+01,2.153194e+01,2.147708e+01,2.159362e+01,2.147708e+01,2.160047e+01,2.150451e+01,2.153194e+01,2.149080e+01,2.155936e+01,2.153194e+01,2.151137e+01,2.152508e+01,2.150451e+01,2.150451e+01,2.155936e+01,2.152508e+01,2.153880e+01,2.165526e+01,2.157306e+01,2.158677e+01,2.144278e+01,2.148394e+01,2.157306e+01,2.156621e+01,2.161417e+01,2.149766e+01,2.160047e+01,2.157991e+01,2.153880e+01,2.153880e+01,2.147708e+01,2.151823e+01,2.151823e+01,2.147708e+01,2.142220e+01,2.138788e+01,2.094067e+01,2.038060e+01,1.996371e+01,1.992193e+01,1.990800e+01,1.986619e+01,1.994979e+01,1.983134e+01,1.974764e+01,1.989407e+01,2.031818e+01,2.074742e+01,2.103716e+01,2.129172e+01,2.130546e+01,2.140161e+01,2.140161e+01,2.135355e+01,2.139474e+01,2.139474e+01,2.132607e+01,2.136041e+01,2.132607e+01,2.130546e+01,2.138101e+01,2.136728e+01,2.130546e+01,2.122986e+01,2.127798e+01,2.128485e+01,2.133981e+01,2.118172e+01,2.117484e+01,2.114732e+01,2.095446e+01,2.057456e+01,2.023489e+01,2.010287e+01,2.003332e+01,1.982437e+01,1.984528e+01,1.978950e+01,1.992193e+01,1.981042e+01,1.978950e+01,1.990800e+01,1.978950e+01,1.980345e+01,1.982437e+01,1.978253e+01,1.986619e+01,2.017932e+01,2.081648e+01,2.102338e+01,2.105094e+01,2.108537e+01,2.108537e+01,2.103716e+01,2.109225e+01,2.107848e+01,2.116796e+01,2.110602e+01,2.118860e+01,2.112667e+01,2.121611e+01,2.106471e+01,2.120235e+01,2.113355e+01,2.115420e+01,2.111291e+01,2.125736e+01,2.104405e+01,2.118860e+01,2.108537e+01,2.118172e+01,2.119548e+01,2.118172e+01,2.110602e+01,2.111291e+01,2.107848e+01,2.115420e+01,2.107848e+01,2.115420e+01,2.106471e+01,2.111979e+01,2.109225e+01,2.114044e+01,2.114732e+01,2.122298e+01,2.114732e+01,2.125736e+01,2.115420e+01,2.116796e+01,2.111979e+01,2.125736e+01,2.126423e+01,2.107848e+01,2.108537e+01,2.113355e+01,2.107848e+01,2.107160e+01,2.111979e+01,2.100271e+01,2.105094e+01,2.107160e+01,2.103716e+01,2.114044e+01,2.113355e+01,2.136728e+01,2.107848e+01,2.110602e+01,2.109914e+01,2.109914e+01,2.106471e+01,2.107160e+01,2.098893e+01,2.102338e+01,2.102338e+01,2.116796e+01,2.103716e+01,2.106471e+01,2.107848e+01,2.107848e+01,2.114044e+01,2.111979e+01,2.110602e+01,2.114732e+01,2.111979e+01,2.111291e+01,2.101649e+01,2.111979e+01,2.103716e+01,2.108537e+01,2.118172e+01,2.120923e+01,2.114044e+01,2.115420e+01,2.106471e+01,2.121611e+01,2.109914e+01,2.106471e+01,2.114044e+01,2.121611e+01,2.118172e+01,2.107848e+01,2.107160e+01,2.110602e+01,2.104405e+01,2.109225e+01,2.111291e+01,2.114732e+01,2.109225e+01,2.110602e+01,2.105782e+01,2.107848e+01,2.106471e+01,2.117484e+01,2.114044e+01,2.115420e+01,2.118172e+01,2.111979e+01,2.136728e+01,2.125736e+01,2.122986e+01,2.122298e+01,2.122298e+01,2.123674e+01,2.120923e+01,2.125736e+01,2.138788e+01,2.135355e+01,2.134668e+01,2.138101e+01,2.127110e+01,2.134668e+01,2.132607e+01,2.124361e+01,2.127798e+01,2.121611e+01,2.123674e+01,2.119548e+01,2.129172e+01,2.128485e+01,2.116108e+01,2.125048e+01,2.131233e+01,2.109914e+01,2.117484e+01
2.123674e+01,2.101649e+01,2.116108e+01,2.116108e+01,2.118860e+01,2.118860e+01,2.121611e+01,2.110602e+01,2.120235e+01,2.120923e+01,2.120923e+01,2.122298e+01,2.115420e+01,2.115420e+01,2.126423e+01,2.117484e+01,2.121611e+01,2.118172e+01,2.123674e+01,2.116108e+01,2.121611e+01,2.116108e+01,2.122298e+01,2.119548e+01,2.111291e+01,2.124361e+01,2.113355e+01,2.122298e+01,2.125048e+01,2.115420e+01,2.119548e+01,2.117484e+01,2.116108e+01,2.116796e+01,2.129172e+01,2.120235e+01,2.115420e+01,2.133294e+01,2.132607e+01,2.118172e+01,2.119548e+01,2.109225e+01,2.114732e+01,2.116108e+01,2.120235e+01,2.116108e+01,2.106471e+01,2.111291e+01,2.109225e+01,2.109914e+01,2.121611e+01,2.108537e+01,2.111979e+01,2.114732e+01,2.120235e+01,2.112667e+01,2.114044e+01,2.117484e+01,2.122986e+01,2.119548e+01,2.110602e+01,2.117484e+01,2.119548e+01,2.114732e+01,2.102338e+01,2.118860e+01,2.113355e+01,2.113355e+01,2.112667e+01,2.111291e+01,2.105782e+01,2.106471e+01,2.118172e+01,2.129172e+01,2.111979e+01,2.109225e+01,2.110602e+01,2.121611e+01,2.108537e+01,2.115420e+01,2.121611e+01,2.120923e+01,2.118860e+01,2.120235e+01,2.121611e+01,2.115420e+01,2.115420e+01,2.116108e+01,2.114732e+01,2.109914e+01,2.122986e+01,2.120235e+01,2.115420e+01,2.111979e+01,2.117484e+01,2.117484e+01,2.113355e+01,2.112667e+01,2.114044e+01,2.109225e+01,2.107848e+01,2.116108e+01,2.106471e+01,2.117484e+01,2.116108e+01,2.113355e+01,2.114044e+01,2.115420e+01,2.105094e+01,2.103027e+01,2.107160e+01,2.109225e+01,2.111979e+01,2.112667e+01,2.107160e+01,2.103027e+01,2.107160e+01,2.108537e+01,2.107160e+01,2.115420e+01,2.109914e+01,2.103716e+01,2.114044e+01,2.109914e+01,2.108537e+01,2.107160e+01,2.118172e+01,2.115420e+01,2.111979e+01,2.113355e+01,2.115420e+01,2.111979e+01,2.114044e+01,2.114732e+01,2.117484e+01,2.120235e+01,2.114732e+01,2.121611e+01,2.120923e+01,2.111979e+01,2.109225e+01,2.131920e+01,2.116108e+01,2.123674e+01,2.120235e+01,2.119548e+01,2.129172e+01,2.126423e+01,2.125736e+01,2.129172e+01,2.134668e+01,2.124361e+01,2.121611e+01,2.114044e+01,2.123674e+01,2.118172e+01,2.117484e+01,2.126423e+01,2.124361e+01,2.116108e+01,2.120235e+01,2.116108e+01,2.125048e+01,2.138788e+01,2.125048e+01,2.125736e+01,2.120923e+01,2.129859e+01,2.122986e+01,2.122986e+01,2.121611e+01,2.125736e+01,2.120235e+01,2.127798e+01,2.130546e+01,2.137415e+01,2.124361e+01,2.122986e+01,2.118860e+01,2.127110e+01,2.131233e+01,2.120923e+01,2.122986e+01,2.127110e+01,2.119548e+01,2.124361e+01,2.122986e+01,2.121611e+01,2.120235e+01,2.127110e+01,2.129172e+01,2.126423e+01,2.114044e+01,2.120923e+01,2.127110e+01,2.126423e+01,2.125736e+01,2.123674e+01,2.115420e+01,2.126423e+01,2.120235e+01,2.126423e+01,2.126423e+01,2.125048e+01,2.127110e+01,2.136041e+01,2.133294e+01,2.120235e+01,2.128485e+01,2.126423e+01,2.126423e+01,2.131233e+01,2.128485e+01,2.129859e+01,2.120235e+01,2.129172e+01,2.127798e+01,2.126423e+01,2.122298e+01,2.118860e+01,2.111291e+01,2.083719e+01,2.074742e+01,2.061607e+01,2.042219e+01,2.038060e+01,2.036673e+01,2.039447e+01,2.035980e+01,2.045684e+01,2.038753e+01,2.049148e+01,2.034592e+01,2.041526e+01,2.042219e+01,2.037366e+01,2.043605e+01,2.033205e+01,2.039447e+01,2.042219e+01,2.042219e+01,2.042219e+01,2.044298e+01,2.044298e+01,2.046377e+01,2.044298e+01,2.051225e+01,2.047762e+01,2.046377e+01,2.047070e+01,2.048455e+01,2.050533e+01,2.049148e+01,2.050533e+01,2.048455e+01,2.049148e+01,2.044298e+01,2.044298e+01,2.044991e+01,2.049148e+01,2.053995e+01,2.053995e+01,2.049840e+01,2.049148e+01,2.065065e+01,2.091998e+01,2.116108e+01,2.143592e+01,2.133294e+01,2.131920e+01,2.138788e+01,2.119548e+01,2.149766e+01,2.136041e+01,2.137415e+01,2.126423e+01,2.097514e+01,2.076123e+01,2.042219e+01,2.042219e+01,2.055379e+01,2.042912e+01,2.051918e+01,2.054687e+01,2.080957e+01,2.094067e+01,2.058148e+01,2.046377e+01,2.049148e+01,2.047070e+01,2.078195e+01,2.114044e+01,2.136728e+01,2.120923e+01,2.117484e+01,2.050533e+01,2.025571e+01,2.035980e+01,2.029736e+01,2.037366e+01,2.029736e+01,2.039447e+01,2.044298e+01,2.090619e+01,2.106471e+01,2.136728e+01,2.153880e+01,2.150451e+01,2.155250e+01,2.156621e+01,2.146336e+01,2.155936e+01,2.140161e+01,2.137415e+01,2.134668e+01,2.051918e+01,2.013068e+01,2.019321e+01,2.015848e+01,2.012372e+01,2.018627e+01,2.034592e+01,2.127798e+01,2.148394e+01,2.145650e+01,2.122298e+01,2.094757e+01,2.015848e+01,2.028348e+01,2.025571e+01,2.020711e+01,2.022794e+01,2.017237e+01,2.004723e+01,2.012372e+01,2.008896e+01,2.008201e+01,2.000548e+01,2.001940e+01,2.002636e+01,1.997068e+01,1.986619e+01,1.997068e+01,1.987316e+01,1.991496e+01,2.026266e+01,2.065757e+01,2.138101e+01,2.164841e+01,2.162102e+01,2.166895e+01,2.164157e+01,2.166211e+01,2.164841e+01,2.165526e+01,2.165526e+01,2.164157e+01,2.161417e+01,2.166211e+01,2.162787e+01,2.168264e+01,2.157306e+01,2.164841e+01,2.146336e+01,2.069905e+01,2.013068e+01,1.992193e+01,1.994283e+01,2.005419e+01,1.972671e+01,1.993586e+01,1.992193e+01,1.989407e+01,2.000548e+01,2.001940e+01,1.997764e+01,2.003332e+01,2.010982e+01,2.008201e+01,2.008201e+01,2.010982e+01,2.019321e+01,2.014458e+01,2.020016e+01,2.020711e+01,2.020711e+01,2.022794e+01,2.031124e+01,2.031818e+01,2.035286e+01,2.038060e+01,2.062299e+01,2.029042e+01,2.031818e+01,2.026960e+01,2.016542e+01,2.023489e+01,2.024877e+01,2.029736e+01,2.036673e+01,2.048455e+01,2.053995e+01,2.052610e+01,2.039447e+01,2.053303e+01,2.051918e+01,2.053995e+01,2.052610e+01,2.033205e+01,2.052610e+01,2.028348e+01,2.049840e+01,2.049148e+01,2.065065e+01,2.069213e+01,2.090619e+01,2.116796e+01,2.127110e+01,2.151137e+01,2.140161e+01,2.149766e+01,2.152508e+01,2.155250e+01,2.157991e+01,2.151137e+01,2.147708e+01,2.151137e+01,2.148394e+01,2.155250e+01,2.151137e+01,2.151823e+01,2.150451e+01,2.149080e+01,2.145650e+01,2.144964e+01,2.143592e+01,2.142220e+01,2.153194e+01,2.153194e+01,2.155936e+01,2.142906e+01,2.150451e+01,2.151137e+01,2.148394e+01,2.149766e+01,2.147708e+01,2.142220e+01,2.138788e+01,2.143592e+01,2.141533e+01,2.138101e+01,2.137415e+01,2.100271e+01,2.060915e+01,2.000548e+01,1.990800e+01,1.992890e+01,1.992193e+01,1.979647e+01,1.995675e+01,1.991496e+01,1.987316e+01,2.031818e+01,2.074742e+01,2.127110e+01,2.133294e+01,2.132607e+01,2.138101e+01,2.142220e+01,2.135355e+01,2.156621e+01,2.138101e+01,2.135355e+01,2.141533e+01,2.136041e+01,2.136728e+01,2.134668e+01,2.128485e+01,2.135355e+01,2.140847e+01,2.128485e+01,2.133294e+01,2.136041e+01,2.130546e+01,2.120235e+01,2.119548e+01,2.113355e+01,2.096135e+01,2.063682e+01,2.024877e+01,2.000548e+01,1.988013e+01,1.984528e+01,1.984528e+01,1.988013e+01,1.980345e+01,1.979647e+01,1.983831e+01,1.978950e+01,1.977555e+01,1.981042e+01,1.988710e+01,1.988710e+01,2.004723e+01,2.071287e+01,2.099582e+01,2.111979e+01,2.103027e+01,2.110602e+01,2.108537e+01,2.105782e+01,2.117484e+01,2.109225e+01,2.111291e+01,2.123674e+01,2.117484e+01,2.129172e+01,2.116108e+01,2.111979e+01,2.125736e+01,2.114044e+01,2.109914e+01,2.123674e+01,2.111979e+01,2.117484e+01,2.106471e+01,2.114732e+01,2.118172e+01,2.111979e+01,2.118860e+01,2.112667e+01,2.118172e+01,2.118860e+01,2.116796e+01,2.116108e+01,2.111979e+01,2.113355e+01,2.108537e+01,2.114044e+01,2.109225e+01,2.110602e+01,2.122298e+01,2.110602e+01,2.116108e+01,2.124361e+01,2.127110e+01,2.096825e+01,2.119548e+01,2.118172e+01,2.112667e+01,2.111979e+01,2.099582e+01,2.102338e+01,2.106471e+01,2.105094e+01,2.108537e+01,2.099582e+01,2.099582e+01,2.109914e+01,2.101649e+01,2.113355e+01,2.107160e+01,2.110602e+01,2.110602e+01,2.107848e+01,2.099582e+01,2.103027e+01,2.101649e+01,2.103027e+01,2.116796e+01,2.108537e+01,2.107160e+01,2.105094e+01,2.108537e+01,2.105782e+01,2.109225e+01,2.111979e+01,2.109225e+01,2.109225e+01,2.109225e+01,2.104405e+01,2.102338e+01,2.110602e+01,2.105782e+01,2.109914e+01,2.109225e+01,2.105094e+01,2.106471e+01,2.101649e+01,2.109225e+01,2.103716e+01,2.107848e+01,2.107160e+01,2.101649e+01,2.100271e+01,2.107160e+01,2.108537e+01,2.109225e+01,2.108537e+01,2.108537e+01,2.107848e+01,2.111979e+01,2.103716e+01,2.111291e+01,2.114044e+01,2.111979e+01,2.111291e+01,2.109225e+01,2.101649e+01,2.105782e+01,2.109225e+01,2.109225e+01,2.111291e+01,2.120923e+01,2.122298e+01,2.120923e+01,2.122298e+01,2.132607e+01,2.130546e+01,2.116796e+01,2.125736e+01,2.129859e+01,2.129859e+01,2.136728e+01,2.136728e+01,2.131920e+01,2.125048e+01,2.129172e+01,2.129172e+01,2.127110e+01,2.126423e+01,2.137415e+01,2.116796e+01,2.119548e+01,2.121611e+01,2.121611e+01,2.109225e+01,2.117484e+01,2.116108e+01,2.118172e+01
2.128485e+01,2.110602e+01,2.110602e+01,2.124361e+01,2.120235e+01,2.118860e+01,2.122986e+01,2.118172e+01,2.115420e+01,2.111291e+01,2.117484e+01,2.115420e+01,2.121611e+01,2.121611e+01,2.128485e+01,2.125736e+01,2.122986e+01,2.127110e+01,2.122986e+01,2.118172e+01,2.122298e+01,2.119548e+01,2.118172e+01,2.119548e+01,2.121611e+01,2.125048e+01,2.120923e+01,2.121611e+01,2.118860e+01,2.121611e+01,2.122298e+01,2.119548e+01,2.119548e+01,2.111979e+01,2.131233e+01,2.118172e+01,2.114732e+01,2.117484e+01,2.118172e+01,2.120923e+01,2.117484e+01,2.117484e+01,2.121611e+01,2.114732e+01,2.120235e+01,2.116796e+01,2.117484e+01,2.116108e+01,2.107848e+01,2.110602e+01,2.108537e+01,2.109914e+01,2.105782e+01,2.101649e+01,2.106471e+01,2.125736e+01,2.117484e+01,2.110602e+01,2.111979e+01,2.104405e+01,2.111291e+01,2.112667e+01,2.112667e+01,2.118860e+01,2.113355e+01,2.106471e+01,2.113355e+01,2.108537e+01,2.107160e+01,2.119548e+01,2.116796e+01,2.107848e+01,2.111979e+01,2.116796e+01,2.107160e+01,2.119548e+01,2.109225e+01,2.113355e+01,2.111979e+01,2.107160e+01,2.114732e+01,2.114732e+01,2.118860e+01,2.122298e+01,2.121611e+01,2.100271e+01,2.118172e+01,2.118860e+01,2.118172e+01,2.110602e+01,2.124361e+01,2.116108e+01,2.117484e+01,2.116796e+01,2.116108e+01,2.117484e+01,2.112667e+01,2.114732e+01,2.111291e+01,2.111291e+01,2.108537e+01,2.116108e+01,2.106471e+01,2.110602e+01,2.110602e+01,2.107160e+01,2.105782e+01,2.114732e+01,2.111979e+01,2.109914e+01,2.117484e+01,2.126423e+01,2.116108e+01,2.104405e+01,2.105782e+01,2.096135e+01,2.103027e+01,2.114044e+01,2.117484e+01,2.103027e+01,2.112667e+01,2.111291e+01,2.107848e+01,2.116108e+01,2.111979e+01,2.113355e+01,2.116108e+01,2.114732e+01,2.113355e+01,2.111979e+01,2.110602e+01,2.114732e+01,2.113355e+01,2.121611e+01,2.118172e+01,2.125736e+01,2.120923e+01,2.116108e+01,2.115420e+01,2.120235e+01,2.112667e+01,2.124361e+01,2.116796e+01,2.119548e+01,2.110602e+01,2.129859e+01,2.119548e+01,2.127110e+01,2.128485e+01,2.118860e+01,2.125736e+01,2.123674e+01,2.121611e+01,2.124361e+01,2.121611e+01,2.118172e+01,2.127798e+01,2.126423e+01,2.124361e+01,2.125736e+01,2.114732e+01,2.117484e+01,2.120923e+01,2.121611e+01,2.127798e+01,2.127110e+01,2.120923e+01,2.123674e+01,2.126423e+01,2.127798e+01,2.116796e+01,2.122986e+01,2.131233e+01,2.113355e+01,2.127798e+01,2.133294e+01,2.129859e+01,2.120923e+01,2.122986e+01,2.104405e+01,2.122986e+01,2.115420e+01,2.125048e+01,2.120235e+01,2.115420e+01,2.122298e+01,2.122986e+01,2.118172e+01,2.122986e+01,2.120923e+01,2.123674e+01,2.121611e+01,2.122298e+01,2.118860e+01,2.119548e+01,2.129172e+01,2.126423e+01,2.113355e+01,2.122298e+01,2.118860e+01,2.116108e+01,2.117484e+01,2.121611e+01,2.117484e+01,2.126423e+01,2.118172e+01,2.131920e+01,2.129859e+01,2.122986e+01,2.125048e+01,2.125048e+01,2.129172e+01,2.131233e+01,2.131233e+01,2.123674e+01,2.130546e+01,2.128485e+01,2.120923e+01,2.125048e+01,2.110602e+01,2.069213e+01,2.044991e+01,2.045684e+01,2.035980e+01,2.044991e+01,2.032512e+01,2.053303e+01,2.039447e+01,2.047070e+01,2.036673e+01,2.048455e+01,2.046377e+01,2.037366e+01,2.039447e+01,2.043605e+01,2.033899e+01,2.050533e+01,2.044991e+01,2.040833e+01,2.038753e+01,2.038753e+01,2.060223e+01,2.056763e+01,2.056071e+01,2.042219e+01,2.048455e+01,2.045684e+01,2.060223e+01,2.048455e+01,2.049148e+01,2.050533e+01,2.052610e+01,2.051225e+01,2.049840e+01,2.047070e+01,2.047070e+01,2.044991e+01,2.055379e+01,2.047762e+01,2.048455e+01,2.050533e+01,2.047762e+01,2.039447e+01,2.045684e+01,2.058148e+01,2.066448e+01,2.127798e+01,2.142220e+01,2.140847e+01,2.140161e+01,2.142220e+01,2.136728e+01,2.141533e+01,2.137415e+01,2.138101e+01,2.131233e+01,2.116796e+01,2.093377e+01,2.055379e+01,2.046377e+01,2.039447e+01,2.037366e+01,2.039447e+01,2.047070e+01,2.044991e+01,2.055379e+01,2.047762e+01,2.041526e+01,2.053995e+01,2.060915e+01,2.107160e+01,2.128485e+01,2.135355e+01,2.124361e+01,2.122986e+01,2.096135e+01,2.049840e+01,2.031818e+01,2.037366e+01,2.037366e+01,2.044991e+01,2.087859e+01,2.111979e+01,2.138788e+01,2.136041e+01,2.140847e+01,2.149080e+01,2.143592e+01,2.160047e+01,2.156621e+01,2.143592e+01,2.142906e+01,2.142220e+01,2.155250e+01,2.092688e+01,2.051918e+01,2.010982e+01,2.020016e+01,2.024877e+01,2.016542e+01,2.033899e+01,2.031124e+01,2.099582e+01,2.124361e+01,2.134668e+01,2.096135e+01,2.032512e+01,2.015848e+01,2.015848e+01,2.031818e+01,2.011677e+01,2.008201e+01,2.023489e+01,2.004723e+01,2.008896e+01,2.006810e+01,2.004027e+01,2.003332e+01,1.997764e+01,1.984528e+01,2.002636e+01,1.986619e+01,1.980345e+01,1.985922e+01,1.994979e+01,1.999852e+01,2.033205e+01,2.083719e+01,2.144278e+01,2.157306e+01,2.167580e+01,2.163472e+01,2.166211e+01,2.172371e+01,2.162787e+01,2.161417e+01,2.164157e+01,2.166895e+01,2.165526e+01,2.171002e+01,2.168264e+01,2.173739e+01,2.159362e+01,2.144278e+01,2.058840e+01,2.035980e+01,1.990103e+01,1.997068e+01,1.993586e+01,1.987316e+01,2.002636e+01,1.994979e+01,1.990800e+01,2.000548e+01,1.997764e+01,2.000548e+01,2.009591e+01,1.999852e+01,2.007505e+01,2.003332e+01,2.013068e+01,2.008201e+01,2.014458e+01,2.020016e+01,2.022100e+01,2.025571e+01,2.025571e+01,2.023489e+01,2.027654e+01,2.032512e+01,2.041526e+01,2.042219e+01,2.039447e+01,2.038753e+01,2.038753e+01,2.039447e+01,2.060915e+01,2.062299e+01,2.062299e+01,2.033205e+01,2.022100e+01,2.034592e+01,2.020016e+01,2.020016e+01,2.024877e+01,2.006114e+01,2.026266e+01,2.022100e+01,2.020711e+01,2.030430e+01,2.011677e+01,2.002636e+01,2.008201e+01,2.009591e+01,2.022794e+01,2.040833e+01,2.067831e+01,2.091308e+01,2.127798e+01,2.146336e+01,2.141533e+01,2.145650e+01,2.147022e+01,2.149766e+01,2.149766e+01,2.147708e+01,2.146336e+01,2.155936e+01,2.151137e+01,2.152508e+01,2.149766e+01,2.151137e+01,2.153194e+01,2.162787e+01,2.154565e+01,2.162787e+01,2.147022e+01,2.140161e+01,2.162102e+01,2.141533e+01,2.143592e+01,2.160047e+01,2.160047e+01,2.150451e+01,2.149766e+01,2.150451e+01,2.141533e+01,2.138788e+01,2.148394e+01,2.147022e+01,2.140161e+01,2.141533e+01,2.107848e+01,2.058840e+01,2.010982e+01,1.999156e+01,1.988013e+01,1.982437e+01,1.991496e+01,1.988710e+01,1.988710e+01,1.999852e+01,2.035286e+01,2.106471e+01,2.121611e+01,2.143592e+01,2.150451e+01,2.142220e+01,2.143592e+01,2.140161e+01,2.139474e+01,2.133294e+01,2.133294e+01,2.136728e+01,2.140161e+01,2.136041e+01,2.136041e+01,2.132607e+01,2.131920e+01,2.132607e+01,2.129859e+01,2.133294e+01,2.131233e+01,2.128485e+01,2.122298e+01,2.115420e+01,2.115420e+01,2.120235e+01,2.103716e+01,2.091998e+01,2.050533e+01,2.010982e+01,1.993586e+01,1.985922e+01,1.988013e+01,1.987316e+01,1.983134e+01,1.985225e+01,1.988710e+01,1.986619e+01,1.978253e+01,1.983134e+01,1.991496e+01,2.017932e+01,2.072669e+01,2.097514e+01,2.109914e+01,2.111979e+01,2.107848e+01,2.116796e+01,2.111979e+01,2.111291e+01,2.116108e+01,2.105782e+01,2.114732e+01,2.116796e+01,2.114732e+01,2.112667e+01,2.114044e+01,2.112667e+01,2.114732e+01,2.119548e+01,2.115420e+01,2.117484e+01,2.117484e+01,2.117484e+01,2.115420e+01,2.111291e+01,2.132607e+01,2.111979e+01,2.107848e+01,2.118860e+01,2.108537e+01,2.112667e+01,2.110602e+01,2.116108e+01,2.114044e+01,2.107160e+01,2.107848e+01,2.115420e+01,2.111291e+01,2.125736e+01,2.114044e+01,2.116108e+01,2.111979e+01,2.105094e+01,2.126423e+01,2.118860e+01,2.124361e+01,2.107848e+01,2.112667e+01,2.114732e+01,2.113355e+01,2.105094e+01,2.109914e+01,2.104405e+01,2.104405e+01,2.113355e+01,2.103716e+01,2.115420e+01,2.105094e+01,2.108537e+01,2.108537e+01,2.100271e+01,2.107160e+01,2.102338e+01,2.106471e+01,2.106471e+01,2.112667e+01,2.103716e+01,2.103027e+01,2.111291e+01,2.104405e+01,2.103716e+01,2.110602e+01,2.109914e+01,2.112667e+01,2.116796e+01,2.112667e+01,2.105094e+01,2.114044e+01,2.118172e+01,2.114732e+01,2.109914e+01,2.107160e+01,2.107848e+01,2.113355e+01,2.107160e+01,2.101649e+01,2.100960e+01,2.110602e+01,2.113355e+01,2.112667e+01,2.110602e+01,2.124361e+01,2.114732e+01,2.104405e+01,2.111291e+01,2.111291e+01,2.107160e+01,2.109914e+01,2.118860e+01,2.105094e+01,2.102338e+01,2.106471e+01,2.118172e+01,2.107160e+01,2.116108e+01,2.117484e+01,2.105782e+01,2.118172e+01,2.113355e+01,2.111291e+01,2.122298e+01,2.127110e+01,2.122298e+01,2.126423e+01,2.136728e+01,2.131920e+01,2.123674e+01,2.134668e+01,2.125048e+01,2.135355e+01,2.137415e+01,2.133981e+01,2.123674e+01,2.131920e+01,2.129859e+01,2.130546e+01,2.127110e+01,2.123674e+01,2.120235e+01,2.131920e+01,2.129172e+01,2.121611e+01,2.115420e+01,2.118860e+01,2.117484e+01,2.120923e+01,2.118860e+01
2.117484e+01,2.111979e+01,2.111291e+01,2.111291e+01,2.125048e+01,2.116796e+01,2.111291e+01,2.110602e+01,2.110602e+01,2.120923e+01,2.116108e+01,2.115420e+01,2.116796e+01,2.113355e+01,2.114044e+01,2.119548e+01,2.124361e+01,2.119548e+01,2.120923e+01,2.120235e+01,2.118172e+01,2.118172e+01,2.118172e+01,2.116108e+01,2.117484e+01,2.116796e+01,2.111291e+01,2.119548e+01,2.122986e+01,2.120235e+01,2.105782e+01,2.109225e+01,2.114732e+01,2.118860e+01,2.114044e+01,2.116796e+01,2.122986e+01,2.118860e+01,2.112667e+01,2.114732e+01,2.114732e+01,2.114044e+01,2.130546e+01,2.111979e+01,2.116108e+01,2.114044e+01,2.111291e+01,2.114732e+01,2.111979e+01,2.108537e+01,2.109914e+01,2.108537e+01,2.119548e+01,2.111291e+01,2.116796e+01,2.108537e+01,2.116796e+01,2.113355e+01,2.111979e+01,2.114732e+01,2.109225e+01,2.114732e+01,2.111291e+01,2.109914e+01,2.111979e+01,2.116796e+01,2.108537e+01,2.111979e+01,2.108537e+01,2.108537e+01,2.116108e+01,2.124361e+01,2.108537e+01,2.114732e+01,2.117484e+01,2.118860e+01,2.119548e+01,2.119548e+01,2.119548e+01,2.109914e+01,2.110602e+01,2.127798e+01,2.111979e+01,2.120235e+01,2.123674e+01,2.113355e+01,2.115420e+01,2.118860e+01,2.114044e+01,2.116108e+01,2.112667e+01,2.114044e+01,2.115420e+01,2.115420e+01,2.111979e+01,2.112667e+01,2.105094e+01,2.109225e+01,2.115420e+01,2.113355e+01,2.105782e+01,2.106471e+01,2.106471e+01,2.108537e+01,2.118860e+01,2.104405e+01,2.109225e+01,2.114732e+01,2.114732e+01,2.117484e+01,2.107848e+01,2.110602e+01,2.101649e+01,2.114044e+01,2.105094e+01,2.105782e+01,2.115420e+01,2.103716e+01,2.118860e+01,2.105782e+01,2.107160e+01,2.106471e+01,2.105782e+01,2.105094e+01,2.110602e+01,2.111291e+01,2.110602e+01,2.114044e+01,2.114732e+01,2.114044e+01,2.109225e+01,2.109225e+01,2.110602e+01,2.118860e+01,2.116796e+01,2.122986e+01,2.112667e+01,2.114044e+01,2.111291e+01,2.111979e+01,2.119548e+01,2.120235e+01,2.121611e+01,2.118860e+01,2.125736e+01,2.122986e+01,2.119548e+01,2.121611e+01,2.118172e+01,2.128485e+01,2.129172e+01,2.126423e+01,2.125736e+01,2.125736e+01,2.115420e+01,2.122298e+01,2.116108e+01,2.125736e+01,2.116796e+01,2.116796e+01,2.119548e+01,2.123674e+01,2.128485e+01,2.117484e+01,2.126423e+01,2.122986e+01,2.120235e+01,2.124361e+01,2.123674e+01,2.120235e+01,2.128485e+01,2.124361e+01,2.116108e+01,2.120923e+01,2.120235e+01,2.126423e+01,2.126423e+01,2.120923e+01,2.123674e+01,2.122986e+01,2.118172e+01,2.117484e+01,2.122986e+01,2.117484e+01,2.122298e+01,2.123674e+01,2.118172e+01,2.122298e+01,2.122298e+01,2.119548e+01,2.122298e+01,2.109914e+01,2.118860e+01,2.116796e+01,2.122986e+01,2.125048e+01,2.131233e+01,2.117484e+01,2.123674e+01,2.116108e+01,2.123674e+01,2.112667e+01,2.127110e+01,2.120923e+01,2.117484e+01,2.122298e+01,2.130546e+01,2.125048e+01,2.129859e+01,2.122986e+01,2.125736e+01,2.128485e+01,2.124361e+01,2.125736e+01,2.131920e+01,2.126423e+01,2.122986e+01,2.098893e+01,2.094757e+01,2.071978e+01,2.047762e+01,2.029736e+01,2.033899e+01,2.042219e+01,2.033899e+01,2.038753e+01,2.032512e+01,2.035980e+01,2.034592e+01,2.034592e+01,2.035286e+01,2.040833e+01,2.033205e+01,2.042219e+01,2.033205e+01,2.046377e+01,2.037366e+01,2.042912e+01,2.035980e+01,2.040140e+01,2.053303e+01,2.055379e+01,2.038060e+01,2.043605e+01,2.047762e+01,2.050533e+01,2.048455e+01,2.043605e+01,2.046377e+01,2.045684e+01,2.048455e+01,2.053303e+01,2.049840e+01,2.049840e+01,2.049840e+01,2.040140e+01,2.042912e+01,2.049148e+01,2.049148e+01,2.051225e+01,2.054687e+01,2.042219e+01,2.053303e+01,2.056763e+01,2.042219e+01,2.064374e+01,2.100271e+01,2.140847e+01,2.141533e+01,2.134668e+01,2.138101e+01,2.140847e+01,2.138101e+01,2.151137e+01,2.141533e+01,2.129859e+01,2.127110e+01,2.129859e+01,2.100271e+01,2.075432e+01,2.046377e+01,2.035286e+01,2.043605e+01,2.040140e+01,2.039447e+01,2.038060e+01,2.044991e+01,2.038060e+01,2.060915e+01,2.102338e+01,2.114732e+01,2.131920e+01,2.133981e+01,2.136041e+01,2.126423e+01,2.052610e+01,2.051918e+01,2.040140e+01,2.029736e+01,2.035980e+01,2.045684e+01,2.087169e+01,2.111979e+01,2.131920e+01,2.138788e+01,2.135355e+01,2.151137e+01,2.143592e+01,2.148394e+01,2.144964e+01,2.157991e+01,2.144278e+01,2.140847e+01,2.135355e+01,2.074051e+01,2.030430e+01,2.013763e+01,2.011677e+01,2.014458e+01,2.026266e+01,2.014458e+01,2.031818e+01,2.069905e+01,2.135355e+01,2.100960e+01,2.033205e+01,2.029042e+01,2.031124e+01,2.025571e+01,2.028348e+01,2.004723e+01,2.013068e+01,2.010287e+01,2.008896e+01,1.996371e+01,2.004723e+01,1.998460e+01,2.004027e+01,2.006114e+01,1.983831e+01,1.990103e+01,1.986619e+01,1.986619e+01,1.992193e+01,1.995675e+01,1.991496e+01,1.992193e+01,2.032512e+01,2.083719e+01,2.138101e+01,2.166895e+01,2.172371e+01,2.166895e+01,2.160732e+01,2.168949e+01,2.162102e+01,2.163472e+01,2.163472e+01,2.164841e+01,2.166895e+01,2.166211e+01,2.169633e+01,2.159362e+01,2.129859e+01,2.111979e+01,2.058148e+01,2.014458e+01,2.012372e+01,1.991496e+01,2.004027e+01,1.990103e+01,1.996371e+01,1.993586e+01,1.996371e+01,1.992890e+01,1.993586e+01,2.001940e+01,1.999156e+01,2.006810e+01,2.007505e+01,2.009591e+01,2.005419e+01,2.010287e+01,2.020016e+01,2.020711e+01,2.010287e+01,2.019321e+01,2.033205e+01,2.029736e+01,2.035980e+01,2.030430e+01,2.037366e+01,2.035980e+01,2.040833e+01,2.067139e+01,2.105094e+01,2.102338e+01,2.096825e+01,2.062299e+01,2.015153e+01,2.021405e+01,2.012372e+01,2.014458e+01,2.008201e+01,2.013068e+01,2.004027e+01,2.002636e+01,2.004723e+01,2.023489e+01,2.006114e+01,2.007505e+01,1.999852e+01,1.999852e+01,1.999852e+01,1.999852e+01,2.007505e+01,2.020711e+01,2.042219e+01,2.067139e+01,2.093377e+01,2.090619e+01,2.117484e+01,2.136728e+01,2.146336e+01,2.152508e+01,2.149766e+01,2.146336e+01,2.146336e+01,2.150451e+01,2.154565e+01,2.149080e+01,2.143592e+01,2.155250e+01,2.151137e+01,2.147022e+01,2.140847e+01,2.147708e+01,2.144278e+01,2.147022e+01,2.150451e+01,2.146336e+01,2.149080e+01,2.154565e+01,2.149766e+01,2.143592e+01,2.142906e+01,2.149080e+01,2.150451e+01,2.138788e+01,2.138788e+01,2.141533e+01,2.138101e+01,2.116108e+01,2.067831e+01,2.035980e+01,2.014458e+01,1.994979e+01,1.992890e+01,1.987316e+01,1.997068e+01,1.996371e+01,2.004027e+01,2.067139e+01,2.114044e+01,2.133294e+01,2.134668e+01,2.142906e+01,2.141533e+01,2.138101e+01,2.142906e+01,2.140161e+01,2.139474e+01,2.137415e+01,2.133294e+01,2.134668e+01,2.136728e+01,2.136728e+01,2.132607e+01,2.136728e+01,2.130546e+01,2.132607e+01,2.131920e+01,2.118172e+01,2.127110e+01,2.117484e+01,2.127798e+01,2.124361e+01,2.111291e+01,2.136041e+01,2.103716e+01,2.094757e+01,2.058840e+01,2.014458e+01,2.009591e+01,1.985922e+01,1.984528e+01,1.980345e+01,1.976160e+01,1.978950e+01,1.981740e+01,1.984528e+01,1.981042e+01,1.988710e+01,2.031818e+01,2.072669e+01,2.100271e+01,2.111979e+01,2.108537e+01,2.107160e+01,2.114732e+01,2.111979e+01,2.111979e+01,2.115420e+01,2.120923e+01,2.114044e+01,2.119548e+01,2.112667e+01,2.114732e+01,2.114044e+01,2.113355e+01,2.115420e+01,2.114044e+01,2.116108e+01,2.119548e+01,2.107160e+01,2.116108e+01,2.116108e+01,2.133981e+01,2.133294e+01,2.107848e+01,2.114732e+01,2.114732e+01,2.110602e+01,2.114732e+01,2.110602e+01,2.117484e+01,2.116108e+01,2.117484e+01,2.111979e+01,2.122986e+01,2.116108e+01,2.110602e+01,2.116108e+01,2.111979e+01,2.111979e+01,2.112667e+01,2.105094e+01,2.116108e+01,2.113355e+01,2.111291e+01,2.106471e+01,2.105782e+01,2.106471e+01,2.109225e+01,2.098203e+01,2.105782e+01,2.103027e+01,2.100271e+01,2.103027e+01,2.103716e+01,2.112667e+01,2.103716e+01,2.100960e+01,2.109225e+01,2.105782e+01,2.111291e+01,2.105782e+01,2.107160e+01,2.103716e+01,2.103027e+01,2.105094e+01,2.103716e+01,2.105094e+01,2.102338e+01,2.102338e+01,2.106471e+01,2.116108e+01,2.111291e+01,2.116796e+01,2.114732e+01,2.106471e+01,2.111979e+01,2.102338e+01,2.110602e+01,2.102338e+01,2.110602e+01,2.105782e+01,2.105782e+01,2.117484e+01,2.118860e+01,2.118172e+01,2.112667e+01,2.107160e+01,2.107848e+01,2.100960e+01,2.104405e+01,2.123674e+01,2.107160e+01,2.113355e+01,2.107848e+01,2.104405e+01,2.107160e+01,2.113355e+01,2.121611e+01,2.116796e+01,2.109914e+01,2.111979e+01,2.103027e+01,2.103027e+01,2.118172e+01,2.110602e+01,2.119548e+01,2.105782e+01,2.122986e+01,2.125736e+01,2.126423e+01,2.120235e+01,2.124361e+01,2.126423e+01,2.137415e+01,2.126423e+01,2.130546e+01,2.137415e+01,2.124361e+01,2.124361e+01,2.126423e+01,2.134668e+01,2.123674e+01,2.127110e+01,2.125736e+01,2.129172e+01,2.132607e+01,2.122298e+01,2.116796e+01,2.120235e+01,2.127798e+01,2.122298e+01,2.126423e+01,2.112667e+01,2.113355e+01
2.116108e+01,2.111979e+01,2.111979e+01,2.119548e+01,2.120235e+01,2.112667e+01,2.113355e+01,2.118860e+01,2.116108e+01,2.107160e+01,2.120235e+01,2.111291e+01,2.120235e+01,2.117484e+01,2.109914e+01,2.119548e+01,2.118172e+01,2.123674e+01,2.122986e+01,2.122986e+01,2.118172e+01,2.114732e+01,2.116796e+01,2.114732e+01,2.118860e+01,2.105094e+01,2.105094e+01,2.105094e+01,2.118860e+01,2.115420e+01,2.110602e+01,2.125736e+01,2.122298e+01,2.120923e+01,2.118860e+01,2.118172e+01,2.110602e+01,2.114044e+01,2.112667e+01,2.116108e+01,2.115420e+01,2.116108e+01,2.114044e+01,2.115420e+01,2.111291e+01,2.108537e+01,2.109914e+01,2.109225e+01,2.114044e+01,2.104405e+01,2.109225e+01,2.108537e+01,2.105782e+01,2.113355e+01,2.116108e+01,2.116796e+01,2.107848e+01,2.114732e+01,2.118860e+01,2.121611e+01,2.114732e+01,2.118860e+01,2.108537e+01,2.111291e+01,2.118860e+01,2.114044e+01,2.112667e+01,2.109914e+01,2.115420e+01,2.108537e+01,2.113355e+01,2.118860e+01,2.120923e+01,2.123674e+01,2.116108e+01,2.120923e+01,2.116796e+01,2.113355e+01,2.109225e+01,2.116796e+01,2.114044e+01,2.114732e+01,2.107848e+01,2.116108e+01,2.111291e+01,2.109914e+01,2.124361e+01,2.118172e+01,2.113355e+01,2.114044e+01,2.107160e+01,2.116108e+01,2.115420e+01,2.116796e+01,2.116796e+01,2.111979e+01,2.116796e+01,2.115420e+01,2.109914e+01,2.107160e+01,2.112667e+01,2.107848e+01,2.110602e+01,2.105094e+01,2.104405e+01,2.114732e+01,2.111979e+01,2.111979e+01,2.110602e+01,2.112667e+01,2.119548e+01,2.118860e+01,2.117484e+01,2.119548e+01,2.103716e+01,2.120235e+01,2.105094e+01,2.113355e+01,2.118860e+01,2.114732e+01,2.109914e+01,2.117484e+01,2.106471e+01,2.117484e+01,2.109225e+01,2.114044e+01,2.108537e+01,2.114732e+01,2.111979e+01,2.111291e+01,2.114732e+01,2.115420e+01,2.111291e+01,2.109225e+01,2.111979e+01,2.111979e+01,2.119548e+01,2.112667e+01,2.117484e+01,2.114732e+01,2.116108e+01,2.116796e+01,2.119548e+01,2.113355e+01,2.116796e+01,2.119548e+01,2.114732e+01,2.117484e+01,2.113355e+01,2.117484e+01,2.121611e+01,2.120923e+01,2.125048e+01,2.124361e+01,2.125048e+01,2.120235e+01,2.113355e+01,2.118172e+01,2.116796e+01,2.116796e+01,2.124361e+01,2.115420e+01,2.126423e+01,2.129172e+01,2.120235e+01,2.123674e+01,2.122298e+01,2.126423e+01,2.125736e+01,2.127110e+01,2.124361e+01,2.118172e+01,2.125736e+01,2.115420e+01,2.118860e+01,2.120923e+01,2.119548e+01,2.120235e+01,2.127798e+01,2.115420e+01,2.122986e+01,2.118172e+01,2.120235e+01,2.120235e+01,2.115420e+01,2.122298e+01,2.122298e+01,2.116796e+01,2.118860e+01,2.122298e+01,2.120923e+01,2.122986e+01,2.132607e+01,2.119548e+01,2.118860e+01,2.118860e+01,2.125736e+01,2.120235e+01,2.128485e+01,2.124361e+01,2.121611e+01,2.122986e+01,2.127798e+01,2.121611e+01,2.119548e+01,2.128485e+01,2.120235e+01,2.120235e+01,2.125048e+01,2.127798e+01,2.126423e+01,2.140161e+01,2.133981e+01,2.132607e+01,2.125736e+01,2.125736e+01,2.115420e+01,2.077505e+01,2.061607e+01,2.039447e+01,2.018627e+01,2.027654e+01,2.022100e+01,2.030430e+01,2.035980e+01,2.033205e+01,2.035286e+01,2.038753e+01,2.035286e+01,2.033899e+01,2.031818e+01,2.036673e+01,2.042219e+01,2.039447e+01,2.041526e+01,2.035286e+01,2.048455e+01,2.037366e+01,2.038060e+01,2.040140e+01,2.040140e+01,2.046377e+01,2.047762e+01,2.048455e+01,2.047762e+01,2.046377e+01,2.046377e+01,2.045684e+01,2.056763e+01,2.047762e+01,2.044991e+01,2.046377e+01,2.056071e+01,2.049148e+01,2.051918e+01,2.040140e+01,2.047070e+01,2.048455e+01,2.044991e+01,2.051918e+01,2.049840e+01,2.049148e+01,2.044991e+01,2.049148e+01,2.048455e+01,2.054687e+01,2.094067e+01,2.135355e+01,2.140161e+01,2.138788e+01,2.140161e+01,2.137415e+01,2.147022e+01,2.151137e+01,2.151137e+01,2.133981e+01,2.138788e+01,2.138788e+01,2.118172e+01,2.101649e+01,2.076123e+01,2.042912e+01,2.045684e+01,2.044298e+01,2.044991e+01,2.051918e+01,2.049840e+01,2.051918e+01,2.068522e+01,2.098203e+01,2.126423e+01,2.133294e+01,2.116108e+01,2.128485e+01,2.091998e+01,2.046377e+01,2.039447e+01,2.034592e+01,2.035980e+01,2.035980e+01,2.065757e+01,2.087169e+01,2.134668e+01,2.138788e+01,2.144964e+01,2.143592e+01,2.138788e+01,2.149766e+01,2.146336e+01,2.140847e+01,2.131920e+01,2.142220e+01,2.138101e+01,2.130546e+01,2.064374e+01,2.025571e+01,2.025571e+01,2.012372e+01,2.015153e+01,2.020016e+01,2.019321e+01,2.029736e+01,2.071978e+01,2.104405e+01,2.065065e+01,2.028348e+01,2.010982e+01,2.013068e+01,2.008201e+01,2.013763e+01,2.015153e+01,2.013068e+01,2.013763e+01,2.008896e+01,1.997764e+01,1.997764e+01,2.006114e+01,1.985225e+01,1.997764e+01,1.997764e+01,1.993586e+01,1.991496e+01,1.983134e+01,1.981740e+01,1.986619e+01,1.983134e+01,1.990800e+01,2.000548e+01,2.064374e+01,2.116108e+01,2.153194e+01,2.160047e+01,2.159362e+01,2.164157e+01,2.162102e+01,2.164157e+01,2.162787e+01,2.167580e+01,2.168264e+01,2.166895e+01,2.169633e+01,2.165526e+01,2.163472e+01,2.147708e+01,2.114732e+01,2.059531e+01,2.040140e+01,2.038060e+01,2.010982e+01,2.001940e+01,2.005419e+01,2.001244e+01,1.992890e+01,1.990103e+01,2.003332e+01,1.999156e+01,2.001244e+01,2.002636e+01,1.994979e+01,2.016542e+01,2.016542e+01,2.012372e+01,2.022100e+01,2.020711e+01,2.018627e+01,2.013068e+01,2.024877e+01,2.032512e+01,2.032512e+01,2.033205e+01,2.035980e+01,2.030430e+01,2.037366e+01,2.038060e+01,2.089239e+01,2.107848e+01,2.107848e+01,2.060915e+01,2.034592e+01,2.022100e+01,2.020016e+01,2.017237e+01,2.024183e+01,2.009591e+01,2.009591e+01,2.005419e+01,2.008896e+01,2.020711e+01,2.008896e+01,2.003332e+01,1.999852e+01,1.996371e+01,1.999852e+01,2.002636e+01,2.001940e+01,1.995675e+01,2.006114e+01,2.016542e+01,2.017237e+01,2.015848e+01,2.027654e+01,2.047070e+01,2.076123e+01,2.111291e+01,2.131920e+01,2.154565e+01,2.155250e+01,2.150451e+01,2.149766e+01,2.150451e+01,2.150451e+01,2.148394e+01,2.165526e+01,2.147022e+01,2.145650e+01,2.156621e+01,2.151823e+01,2.138101e+01,2.153880e+01,2.149766e+01,2.147022e+01,2.144964e+01,2.140847e+01,2.143592e+01,2.149080e+01,2.151137e+01,2.146336e+01,2.144278e+01,2.144964e+01,2.143592e+01,2.140847e+01,2.142906e+01,2.132607e+01,2.097514e+01,2.030430e+01,2.014458e+01,2.006810e+01,1.994283e+01,1.990103e+01,1.992890e+01,1.985922e+01,2.009591e+01,2.076814e+01,2.107848e+01,2.129172e+01,2.136728e+01,2.143592e+01,2.147708e+01,2.138788e+01,2.136041e+01,2.139474e+01,2.140847e+01,2.133981e+01,2.135355e+01,2.140847e+01,2.136728e+01,2.127110e+01,2.137415e+01,2.135355e+01,2.131920e+01,2.129859e+01,2.131233e+01,2.127110e+01,2.123674e+01,2.120235e+01,2.133294e+01,2.120923e+01,2.120923e+01,2.122298e+01,2.137415e+01,2.117484e+01,2.077505e+01,2.074742e+01,2.026960e+01,1.997068e+01,1.987316e+01,1.982437e+01,1.981042e+01,1.981042e+01,1.985922e+01,1.981740e+01,1.990103e+01,1.991496e+01,2.038753e+01,2.074051e+01,2.111979e+01,2.114044e+01,2.112667e+01,2.132607e+01,2.103716e+01,2.111291e+01,2.111979e+01,2.113355e+01,2.120923e+01,2.116796e+01,2.116796e+01,2.112667e+01,2.111979e+01,2.111291e+01,2.116796e+01,2.113355e+01,2.114732e+01,2.117484e+01,2.116108e+01,2.116108e+01,2.114044e+01,2.125736e+01,2.104405e+01,2.115420e+01,2.115420e+01,2.115420e+01,2.109225e+01,2.120923e+01,2.118172e+01,2.114732e+01,2.109914e+01,2.109914e+01,2.109225e+01,2.114732e+01,2.110602e+01,2.120923e+01,2.113355e+01,2.116796e+01,2.111979e+01,2.108537e+01,2.122986e+01,2.108537e+01,2.106471e+01,2.114044e+01,2.109225e+01,2.111291e+01,2.108537e+01,2.114044e+01,2.111979e+01,2.114044e+01,2.107848e+01,2.105782e+01,2.107848e+01,2.105782e+01,2.116108e+01,2.101649e+01,2.096825e+01,2.103027e+01,2.098203e+01,2.102338e+01,2.091308e+01,2.108537e+01,2.108537e+01,2.101649e+01,2.101649e+01,2.103027e+01,2.105094e+01,2.101649e+01,2.103716e+01,2.101649e+01,2.114732e+01,2.108537e+01,2.109225e+01,2.111291e+01,2.106471e+01,2.114732e+01,2.109914e+01,2.113355e+01,2.109225e+01,2.116108e+01,2.115420e+01,2.085789e+01,2.100960e+01,2.107160e+01,2.114732e+01,2.111979e+01,2.115420e+01,2.098893e+01,2.114044e+01,2.098203e+01,2.099582e+01,2.103716e+01,2.109914e+01,2.105094e+01,2.105094e+01,2.115420e+01,2.111291e+01,2.113355e+01,2.114732e+01,2.114732e+01,2.108537e+01,2.100960e+01,2.103027e+01,2.110602e+01,2.110602e+01,2.111979e+01,2.109914e+01,2.109225e+01,2.115420e+01,2.123674e+01,2.114044e+01,2.112667e+01,2.125736e+01,2.124361e+01,2.121611e+01,2.125048e+01,2.122986e+01,2.121611e+01,2.130546e+01,2.126423e+01,2.142220e+01,2.127110e+01,2.136728e+01,2.123674e+01,2.117484e+01,2.124361e+01,2.133294e+01,2.133294e+01,2.129859e+01,2.127110e+01,2.127110e+01,2.116796e+01,2.126423e+01,2.114044e+01,2.114044e+01
2.125048e+01,2.122986e+01,2.107160e+01,2.111291e+01,2.118172e+01,2.115420e+01,2.112667e+01,2.115420e+01,2.108537e+01,2.138101e+01,2.120235e+01,2.114044e+01,2.112667e+01,2.103716e+01,2.123674e+01,2.115420e+01,2.123674e+01,2.120923e+01,2.118172e+01,2.122298e+01,2.110602e+01,2.118172e+01,2.107160e+01,2.114732e+01,2.112667e+01,2.126423e+01,2.114732e+01,2.114732e+01,2.121611e+01,2.110602e+01,2.121611e+01,2.125736e+01,2.107160e+01,2.119548e+01,2.120235e+01,2.118860e+01,2.118172e+01,2.109225e+01,2.117484e+01,2.111291e+01,2.111291e+01,2.111979e+01,2.109225e+01,2.107848e+01,2.107848e+01,2.106471e+01,2.105094e+01,2.111979e+01,2.105094e+01,2.109225e+01,2.111291e+01,2.107848e+01,2.107848e+01,2.111291e+01,2.115420e+01,2.114732e+01,2.111979e+01,2.101649e+01,2.114044e+01,2.111979e+01,2.119548e+01,2.104405e+01,2.113355e+01,2.112667e+01,2.114732e+01,2.112667e+01,2.112667e+01,2.113355e+01,2.115420e+01,2.111291e+01,2.114044e+01,2.116108e+01,2.116108e+01,2.118172e+01,2.114044e+01,2.116108e+01,2.118172e+01,2.120235e+01,2.118172e+01,2.110602e+01,2.111291e+01,2.118172e+01,2.106471e+01,2.114044e+01,2.105094e+01,2.111291e+01,2.111291e+01,2.118172e+01,2.114732e+01,2.109225e+01,2.111291e+01,2.117484e+01,2.114732e+01,2.116108e+01,2.114732e+01,2.109914e+01,2.114044e+01,2.109225e+01,2.112667e+01,2.109225e+01,2.105094e+01,2.106471e+01,2.109225e+01,2.107160e+01,2.109225e+01,2.111291e+01,2.114044e+01,2.110602e+01,2.115420e+01,2.114044e+01,2.106471e+01,2.100271e+01,2.115420e+01,2.104405e+01,2.118860e+01,2.107160e+01,2.113355e+01,2.111291e+01,2.113355e+01,2.118860e+01,2.110602e+01,2.106471e+01,2.105094e+01,2.116796e+01,2.107848e+01,2.114732e+01,2.103027e+01,2.109225e+01,2.115420e+01,2.107848e+01,2.110602e+01,2.103027e+01,2.114044e+01,2.130546e+01,2.129172e+01,2.124361e+01,2.108537e+01,2.122986e+01,2.120235e+01,2.117484e+01,2.118172e+01,2.116796e+01,2.122298e+01,2.116796e+01,2.125736e+01,2.120235e+01,2.120235e+01,2.125048e+01,2.125736e+01,2.134668e+01,2.117484e+01,2.126423e+01,2.121611e+01,2.124361e+01,2.123674e+01,2.119548e+01,2.127110e+01,2.116108e+01,2.130546e+01,2.119548e+01,2.117484e+01,2.116108e+01,2.120235e+01,2.114732e+01,2.127110e+01,2.122298e+01,2.119548e+01,2.114732e+01,2.121611e+01,2.114732e+01,2.121611e+01,2.121611e+01,2.122986e+01,2.121611e+01,2.120923e+01,2.121611e+01,2.119548e+01,2.121611e+01,2.122986e+01,2.104405e+01,2.122298e+01,2.120923e+01,2.122986e+01,2.121611e+01,2.122986e+01,2.121611e+01,2.119548e+01,2.118172e+01,2.105782e+01,2.119548e+01,2.118172e+01,2.121611e+01,2.114044e+01,2.122986e+01,2.127110e+01,2.120923e+01,2.123674e+01,2.121611e+01,2.125736e+01,2.123674e+01,2.121611e+01,2.116108e+01,2.129859e+01,2.125048e+01,2.147708e+01,2.129172e+01,2.133294e+01,2.131233e+01,2.127798e+01,2.131233e+01,2.125736e+01,2.133294e+01,2.127110e+01,2.142220e+01,2.116796e+01,2.114044e+01,2.076123e+01,2.047070e+01,2.017237e+01,2.022794e+01,2.014458e+01,2.029736e+01,2.026960e+01,2.030430e+01,2.029042e+01,2.029042e+01,2.033205e+01,2.034592e+01,2.036673e+01,2.040833e+01,2.036673e+01,2.042912e+01,2.052610e+01,2.047762e+01,2.044991e+01,2.038753e+01,2.035286e+01,2.040833e+01,2.039447e+01,2.049148e+01,2.056071e+01,2.049840e+01,2.046377e+01,2.044298e+01,2.049148e+01,2.061607e+01,2.042219e+01,2.047762e+01,2.054687e+01,2.047070e+01,2.047070e+01,2.047070e+01,2.047070e+01,2.047762e+01,2.048455e+01,2.051918e+01,2.050533e+01,2.051225e+01,2.047762e+01,2.037366e+01,2.047070e+01,2.048455e+01,2.053995e+01,2.054687e+01,2.056071e+01,2.053303e+01,2.081648e+01,2.119548e+01,2.138101e+01,2.144964e+01,2.138101e+01,2.139474e+01,2.147022e+01,2.142906e+01,2.144964e+01,2.144278e+01,2.142220e+01,2.136041e+01,2.127798e+01,2.101649e+01,2.099582e+01,2.078886e+01,2.047070e+01,2.045684e+01,2.040140e+01,2.046377e+01,2.057456e+01,2.070596e+01,2.104405e+01,2.118860e+01,2.111979e+01,2.131233e+01,2.130546e+01,2.105782e+01,2.084409e+01,2.050533e+01,2.032512e+01,2.035980e+01,2.033899e+01,2.037366e+01,2.060915e+01,2.088549e+01,2.137415e+01,2.141533e+01,2.143592e+01,2.142906e+01,2.148394e+01,2.137415e+01,2.133981e+01,2.118172e+01,2.132607e+01,2.116108e+01,2.116108e+01,2.056763e+01,2.044991e+01,2.017237e+01,2.008896e+01,2.011677e+01,2.010287e+01,2.015153e+01,2.016542e+01,2.026960e+01,2.067831e+01,2.040833e+01,2.041526e+01,2.027654e+01,2.013068e+01,2.023489e+01,2.010982e+01,2.010982e+01,2.019321e+01,2.011677e+01,2.009591e+01,2.002636e+01,2.007505e+01,2.009591e+01,1.993586e+01,2.004027e+01,1.999852e+01,2.004027e+01,1.989407e+01,1.991496e+01,1.983134e+01,1.984528e+01,1.981740e+01,1.988710e+01,1.988710e+01,1.991496e+01,2.022100e+01,2.081648e+01,2.122298e+01,2.158677e+01,2.154565e+01,2.163472e+01,2.168264e+01,2.162787e+01,2.164157e+01,2.166895e+01,2.162102e+01,2.164157e+01,2.164841e+01,2.162787e+01,2.160047e+01,2.150451e+01,2.102338e+01,2.085099e+01,2.060223e+01,2.056071e+01,2.057456e+01,2.026960e+01,2.022794e+01,2.015153e+01,2.001940e+01,2.001244e+01,1.999852e+01,2.001244e+01,2.010982e+01,2.010982e+01,2.004027e+01,2.014458e+01,2.006114e+01,2.006114e+01,2.017932e+01,2.017932e+01,2.011677e+01,2.013763e+01,2.013068e+01,2.020016e+01,2.039447e+01,2.083028e+01,2.053995e+01,2.035286e+01,2.035980e+01,2.038753e+01,2.067831e+01,2.076814e+01,2.053303e+01,2.031818e+01,2.018627e+01,2.021405e+01,2.010982e+01,2.011677e+01,2.017237e+01,2.022100e+01,2.008201e+01,2.008896e+01,2.008896e+01,2.008201e+01,2.005419e+01,1.993586e+01,2.003332e+01,1.999156e+01,2.000548e+01,1.997764e+01,1.999852e+01,1.992890e+01,1.991496e+01,1.990103e+01,1.999852e+01,1.998460e+01,2.004723e+01,2.012372e+01,2.010982e+01,2.073360e+01,2.109225e+01,2.143592e+01,2.144964e+01,2.157306e+01,2.149080e+01,2.151137e+01,2.140847e+01,2.148394e+01,2.149766e+01,2.152508e+01,2.148394e+01,2.147022e+01,2.151823e+01,2.145650e+01,2.149766e+01,2.147022e+01,2.147022e+01,2.145650e+01,2.152508e+01,2.149080e+01,2.151137e+01,2.154565e+01,2.148394e+01,2.147708e+01,2.148394e+01,2.142220e+01,2.139474e+01,2.135355e+01,2.129172e+01,2.096825e+01,2.048455e+01,2.017932e+01,1.995675e+01,1.993586e+01,1.996371e+01,1.985922e+01,2.006114e+01,2.023489e+01,2.076814e+01,2.108537e+01,2.135355e+01,2.137415e+01,2.141533e+01,2.136041e+01,2.140161e+01,2.139474e+01,2.138101e+01,2.136041e+01,2.138101e+01,2.136728e+01,2.134668e+01,2.138101e+01,2.132607e+01,2.130546e+01,2.136728e+01,2.133294e+01,2.128485e+01,2.132607e+01,2.130546e+01,2.123674e+01,2.131233e+01,2.131920e+01,2.122986e+01,2.121611e+01,2.131920e+01,2.122986e+01,2.125736e+01,2.125736e+01,2.100271e+01,2.074051e+01,2.026266e+01,1.988710e+01,1.981042e+01,1.994979e+01,1.988013e+01,1.991496e+01,1.986619e+01,1.990800e+01,2.005419e+01,2.040140e+01,2.108537e+01,2.111979e+01,2.103716e+01,2.105094e+01,2.109225e+01,2.113355e+01,2.111979e+01,2.115420e+01,2.112667e+01,2.114732e+01,2.114044e+01,2.114732e+01,2.118860e+01,2.112667e+01,2.127798e+01,2.122986e+01,2.120235e+01,2.115420e+01,2.114044e+01,2.119548e+01,2.115420e+01,2.116796e+01,2.103027e+01,2.107848e+01,2.100271e+01,2.114044e+01,2.103716e+01,2.111979e+01,2.109914e+01,2.109914e+01,2.113355e+01,2.115420e+01,2.107160e+01,2.109914e+01,2.113355e+01,2.120235e+01,2.115420e+01,2.119548e+01,2.112667e+01,2.117484e+01,2.111979e+01,2.120923e+01,2.114044e+01,2.118860e+01,2.116796e+01,2.110602e+01,2.108537e+01,2.106471e+01,2.100271e+01,2.116796e+01,2.106471e+01,2.103027e+01,2.109914e+01,2.103027e+01,2.106471e+01,2.098203e+01,2.100271e+01,2.116108e+01,2.099582e+01,2.098893e+01,2.109225e+01,2.101649e+01,2.106471e+01,2.105094e+01,2.108537e+01,2.104405e+01,2.109225e+01,2.101649e+01,2.107848e+01,2.103716e+01,2.111979e+01,2.102338e+01,2.106471e+01,2.119548e+01,2.114044e+01,2.105094e+01,2.110602e+01,2.116796e+01,2.112667e+01,2.107848e+01,2.099582e+01,2.111291e+01,2.118172e+01,2.104405e+01,2.102338e+01,2.114044e+01,2.107160e+01,2.115420e+01,2.109914e+01,2.105782e+01,2.105782e+01,2.098203e+01,2.098893e+01,2.105094e+01,2.111291e+01,2.102338e+01,2.112667e+01,2.103716e+01,2.109225e+01,2.111979e+01,2.112667e+01,2.107160e+01,2.107848e+01,2.105782e+01,2.107160e+01,2.111291e+01,2.110602e+01,2.111291e+01,2.113355e+01,2.125048e+01,2.111291e+01,2.121611e+01,2.124361e+01,2.128485e+01,2.133981e+01,2.134668e+01,2.122986e+01,2.128485e+01,2.125048e+01,2.128485e+01,2.139474e+01,2.136728e+01,2.127798e+01,2.125736e+01,2.127110e+01,2.130546e+01,2.131920e+01,2.124361e+01,2.119548e+01,2.119548e+01,2.122298e+01,2.124361e+01,2.120235e+01,2.125048e+01,2.116108e+01,2.115420e+01
2.111979e+01,2.105782e+01,2.121611e+01,2.116796e+01,2.115420e+01,2.114044e+01,2.105094e+01,2.113355e+01,2.107160e+01,2.108537e+01,2.105782e+01,2.116796e+01,2.112667e+01,2.116108e+01,2.118172e+01,2.116796e+01,2.119548e+01,2.120235e+01,2.120923e+01,2.119548e+01,2.117484e+01,2.118172e+01,2.116108e+01,2.107160e+01,2.111291e+01,2.115420e+01,2.119548e+01,2.112667e+01,2.118860e+01,2.122986e+01,2.116108e+01,2.119548e+01,2.110602e+01,2.129859e+01,2.122298e+01,2.116796e+01,2.120235e+01,2.109225e+01,2.110602e+01,2.114732e+01,2.112667e+01,2.111291e+01,2.117484e+01,2.109225e+01,2.131233e+01,2.114044e+01,2.096135e+01,2.100271e+01,2.111979e+01,2.112667e+01,2.109225e+01,2.103716e+01,2.116108e+01,2.107848e+01,2.099582e+01,2.113355e+01,2.108537e+01,2.115420e+01,2.104405e+01,2.123674e+01,2.114044e+01,2.119548e+01,2.115420e+01,2.112667e+01,2.114044e+01,2.111979e+01,2.111979e+01,2.118172e+01,2.113355e+01,2.109225e+01,2.109225e+01,2.113355e+01,2.114044e+01,2.115420e+01,2.120235e+01,2.129859e+01,2.119548e+01,2.111979e+01,2.119548e+01,2.110602e+01,2.114044e+01,2.114044e+01,2.118172e+01,2.109914e+01,2.111979e+01,2.126423e+01,2.120235e+01,2.107848e+01,2.107848e+01,2.116108e+01,2.113355e+01,2.105094e+01,2.109914e+01,2.113355e+01,2.113355e+01,2.105094e+01,2.103027e+01,2.102338e+01,2.114732e+01,2.105094e+01,2.098203e+01,2.098893e+01,2.111979e+01,2.100960e+01,2.111291e+01,2.116108e+01,2.109914e+01,2.113355e+01,2.116108e+01,2.113355e+01,2.114732e+01,2.111979e+01,2.103716e+01,2.114044e+01,2.103027e+01,2.110602e+01,2.118860e+01,2.103716e+01,2.105094e+01,2.114044e+01,2.104405e+01,2.112667e+01,2.116108e+01,2.105094e+01,2.118172e+01,2.111979e+01,2.109914e+01,2.105782e+01,2.109914e+01,2.111291e+01,2.111979e+01,2.111979e+01,2.109914e+01,2.109914e+01,2.111291e+01,2.109225e+01,2.117484e+01,2.117484e+01,2.120235e+01,2.115420e+01,2.103027e+01,2.118172e+01,2.117484e+01,2.120235e+01,2.109914e+01,2.128485e+01,2.115420e+01,2.118172e+01,2.127110e+01,2.120923e+01,2.118172e+01,2.120235e+01,2.120235e+01,2.123674e+01,2.122986e+01,2.127110e+01,2.121611e+01,2.125736e+01,2.120923e+01,2.128485e+01,2.113355e+01,2.113355e+01,2.114732e+01,2.120923e+01,2.127110e+01,2.120235e+01,2.124361e+01,2.118172e+01,2.125048e+01,2.125736e+01,2.111979e+01,2.118172e+01,2.114044e+01,2.113355e+01,2.119548e+01,2.117484e+01,2.120235e+01,2.124361e+01,2.116796e+01,2.111291e+01,2.116108e+01,2.111979e+01,2.116108e+01,2.109914e+01,2.105782e+01,2.102338e+01,2.121611e+01,2.122298e+01,2.108537e+01,2.119548e+01,2.108537e+01,2.116108e+01,2.103716e+01,2.117484e+01,2.110602e+01,2.116796e+01,2.113355e+01,2.124361e+01,2.129172e+01,2.121611e+01,2.120923e+01,2.129172e+01,2.127110e+01,2.122986e+01,2.133294e+01,2.124361e+01,2.126423e+01,2.138101e+01,2.125048e+01,2.128485e+01,2.131920e+01,2.128485e+01,2.132607e+01,2.119548e+01,2.125736e+01,2.105094e+01,2.053995e+01,2.029736e+01,2.017932e+01,2.010287e+01,2.016542e+01,2.016542e+01,2.020016e+01,2.030430e+01,2.029042e+01,2.031818e+01,2.035286e+01,2.035286e+01,2.031818e+01,2.037366e+01,2.035980e+01,2.038060e+01,2.033899e+01,2.044298e+01,2.032512e+01,2.041526e+01,2.044991e+01,2.039447e+01,2.040140e+01,2.043605e+01,2.047070e+01,2.051225e+01,2.050533e+01,2.042219e+01,2.049840e+01,2.051225e+01,2.047762e+01,2.046377e+01,2.033205e+01,2.046377e+01,2.048455e+01,2.056071e+01,2.047762e+01,2.045684e+01,2.052610e+01,2.051225e+01,2.049148e+01,2.051225e+01,2.052610e+01,2.044991e+01,2.043605e+01,2.048455e+01,2.043605e+01,2.053303e+01,2.042219e+01,2.056071e+01,2.058840e+01,2.112667e+01,2.146336e+01,2.146336e+01,2.149080e+01,2.149080e+01,2.141533e+01,2.142220e+01,2.148394e+01,2.138101e+01,2.138788e+01,2.136728e+01,2.135355e+01,2.127798e+01,2.125048e+01,2.085789e+01,2.062990e+01,2.049840e+01,2.049840e+01,2.051918e+01,2.049148e+01,2.056071e+01,2.078195e+01,2.103716e+01,2.070596e+01,2.101649e+01,2.112667e+01,2.085789e+01,2.049840e+01,2.041526e+01,2.033205e+01,2.031818e+01,2.031124e+01,2.034592e+01,2.034592e+01,2.087859e+01,2.120923e+01,2.133981e+01,2.137415e+01,2.147708e+01,2.140847e+01,2.134668e+01,2.078886e+01,2.057456e+01,2.078886e+01,2.080267e+01,2.079576e+01,2.047762e+01,2.035286e+01,2.029736e+01,2.015848e+01,2.011677e+01,2.019321e+01,2.024877e+01,2.024183e+01,2.026960e+01,2.043605e+01,2.025571e+01,2.026960e+01,2.023489e+01,2.021405e+01,2.013068e+01,2.017237e+01,2.012372e+01,2.011677e+01,2.015153e+01,2.008896e+01,2.006810e+01,2.011677e+01,1.995675e+01,2.002636e+01,2.005419e+01,2.000548e+01,2.008201e+01,1.988013e+01,2.002636e+01,1.988710e+01,1.990800e+01,1.989407e+01,1.989407e+01,1.983134e+01,1.984528e+01,1.997068e+01,2.033205e+01,2.087169e+01,2.133981e+01,2.162102e+01,2.157306e+01,2.163472e+01,2.157991e+01,2.164157e+01,2.161417e+01,2.164841e+01,2.162102e+01,2.160732e+01,2.159362e+01,2.154565e+01,2.121611e+01,2.087169e+01,2.062990e+01,2.063682e+01,2.060223e+01,2.058840e+01,2.055379e+01,2.056763e+01,2.045684e+01,2.048455e+01,2.042219e+01,2.056071e+01,2.035980e+01,2.013763e+01,2.014458e+01,2.013068e+01,2.006114e+01,2.013763e+01,2.018627e+01,2.014458e+01,2.013068e+01,2.010287e+01,2.021405e+01,2.019321e+01,2.024183e+01,2.055379e+01,2.059531e+01,2.056071e+01,2.055379e+01,2.024877e+01,2.027654e+01,2.030430e+01,2.031124e+01,2.039447e+01,2.024183e+01,2.020711e+01,2.017237e+01,2.014458e+01,2.009591e+01,2.015153e+01,2.008896e+01,2.006810e+01,2.006810e+01,2.006810e+01,2.005419e+01,2.003332e+01,2.006114e+01,2.004027e+01,1.997068e+01,1.996371e+01,2.001244e+01,1.995675e+01,1.992890e+01,1.995675e+01,1.997068e+01,1.997068e+01,2.005419e+01,2.007505e+01,1.988013e+01,2.011677e+01,2.026960e+01,2.071978e+01,2.116108e+01,2.142906e+01,2.149766e+01,2.144964e+01,2.152508e+01,2.152508e+01,2.146336e+01,2.149080e+01,2.147708e+01,2.147708e+01,2.150451e+01,2.152508e+01,2.145650e+01,2.154565e+01,2.149766e+01,2.151823e+01,2.143592e+01,2.148394e+01,2.150451e+01,2.151823e+01,2.157991e+01,2.146336e+01,2.146336e+01,2.148394e+01,2.144278e+01,2.142906e+01,2.140847e+01,2.144278e+01,2.125736e+01,2.073360e+01,2.023489e+01,1.993586e+01,1.977555e+01,2.000548e+01,1.994979e+01,2.004723e+01,2.025571e+01,2.078195e+01,2.130546e+01,2.135355e+01,2.131920e+01,2.138788e+01,2.133981e+01,2.132607e+01,2.138101e+01,2.132607e+01,2.136041e+01,2.136728e+01,2.135355e+01,2.138788e+01,2.135355e+01,2.130546e+01,2.125736e+01,2.136041e+01,2.129859e+01,2.129859e+01,2.133294e+01,2.127110e+01,2.125736e+01,2.122986e+01,2.128485e+01,2.122298e+01,2.123674e+01,2.122986e+01,2.125736e+01,2.127110e+01,2.109914e+01,2.100960e+01,2.096135e+01,2.063682e+01,2.002636e+01,1.983134e+01,1.990103e+01,1.988710e+01,1.981042e+01,1.986619e+01,1.989407e+01,2.033899e+01,2.073360e+01,2.103716e+01,2.109914e+01,2.109225e+01,2.101649e+01,2.109225e+01,2.107848e+01,2.111979e+01,2.116796e+01,2.111979e+01,2.113355e+01,2.120235e+01,2.116796e+01,2.114044e+01,2.116108e+01,2.115420e+01,2.111979e+01,2.113355e+01,2.114732e+01,2.115420e+01,2.123674e+01,2.123674e+01,2.111291e+01,2.112667e+01,2.133981e+01,2.105782e+01,2.111979e+01,2.114044e+01,2.114044e+01,2.108537e+01,2.111979e+01,2.120923e+01,2.113355e+01,2.106471e+01,2.106471e+01,2.121611e+01,2.115420e+01,2.114044e+01,2.115420e+01,2.119548e+01,2.120923e+01,2.104405e+01,2.122298e+01,2.114044e+01,2.120923e+01,2.109225e+01,2.110602e+01,2.114044e+01,2.111979e+01,2.111979e+01,2.099582e+01,2.100960e+01,2.103716e+01,2.106471e+01,2.111979e+01,2.104405e+01,2.103716e+01,2.105782e+01,2.103027e+01,2.098203e+01,2.100271e+01,2.111291e+01,2.110602e+01,2.110602e+01,2.105094e+01,2.100960e+01,2.109225e+01,2.107160e+01,2.103027e+01,2.099582e+01,2.104405e+01,2.105782e+01,2.106471e+01,2.108537e+01,2.111979e+01,2.107160e+01,2.107160e+01,2.112667e+01,2.109914e+01,2.111291e+01,2.111291e+01,2.108537e+01,2.114732e+01,2.109225e+01,2.114732e+01,2.127798e+01,2.120923e+01,2.125736e+01,2.116796e+01,2.112667e+01,2.106471e+01,2.108537e+01,2.107848e+01,2.104405e+01,2.107848e+01,2.108537e+01,2.107848e+01,2.105782e+01,2.109225e+01,2.112667e+01,2.107848e+01,2.114044e+01,2.110602e+01,2.107160e+01,2.114732e+01,2.103027e+01,2.114732e+01,2.117484e+01,2.111979e+01,2.093377e+01,2.121611e+01,2.118172e+01,2.125736e+01,2.124361e+01,2.133294e+01,2.129172e+01,2.137415e+01,2.128485e+01,2.120923e+01,2.140161e+01,2.127110e+01,2.129859e+01,2.128485e+01,2.121611e+01,2.129172e+01,2.125048e+01,2.116108e+01,2.129859e+01,2.113355e+01,2.129172e+01,2.122298e+01,2.129172e+01,2.126423e+01,2.121611e+01,2.112667e+01,2.124361e+01,2.117484e+01
2.123674e+01,2.119548e+01,2.125736e+01,2.103027e+01,2.120923e+01,2.113355e+01,2.114044e+01,2.105094e+01,2.118172e+01,2.117484e+01,2.115420e+01,2.122986e+01,2.120923e+01,2.129172e+01,2.127798e+01,2.116796e+01,2.118172e+01,2.117484e+01,2.122986e+01,2.115420e+01,2.119548e+01,2.109225e+01,2.114044e+01,2.111291e+01,2.109225e+01,2.109914e+01,2.121611e+01,2.124361e+01,2.109225e+01,2.123674e+01,2.106471e+01,2.107160e+01,2.104405e+01,2.112667e+01,2.118860e+01,2.106471e+01,2.105782e+01,2.111979e+01,2.113355e+01,2.109225e+01,2.114044e+01,2.116108e+01,2.114732e+01,2.146336e+01,2.113355e+01,2.116108e+01,2.120235e+01,2.115420e+01,2.115420e+01,2.113355e+01,2.103027e+01,2.112667e+01,2.111979e+01,2.106471e+01,2.091998e+01,2.107848e+01,2.115420e+01,2.113355e+01,2.105094e+01,2.117484e+01,2.106471e+01,2.118172e+01,2.111291e+01,2.113355e+01,2.114044e+01,2.113355e+01,2.110602e+01,2.114732e+01,2.115420e+01,2.112667e+01,2.114732e+01,2.118172e+01,2.121611e+01,2.111979e+01,2.115420e+01,2.124361e+01,2.114044e+01,2.113355e+01,2.114044e+01,2.111291e+01,2.105782e+01,2.110602e+01,2.120235e+01,2.118172e+01,2.112667e+01,2.122986e+01,2.118172e+01,2.120235e+01,2.121611e+01,2.108537e+01,2.105094e+01,2.116108e+01,2.109225e+01,2.115420e+01,2.107160e+01,2.112667e+01,2.101649e+01,2.114044e+01,2.112667e+01,2.103027e+01,2.107160e+01,2.105782e+01,2.103027e+01,2.106471e+01,2.111291e+01,2.113355e+01,2.111291e+01,2.107160e+01,2.116108e+01,2.117484e+01,2.107160e+01,2.111291e+01,2.102338e+01,2.115420e+01,2.109225e+01,2.114732e+01,2.111291e+01,2.111291e+01,2.114732e+01,2.107848e+01,2.109914e+01,2.109225e+01,2.113355e+01,2.102338e+01,2.117484e+01,2.113355e+01,2.112667e+01,2.106471e+01,2.114044e+01,2.111979e+01,2.111291e+01,2.111291e+01,2.138788e+01,2.115420e+01,2.118860e+01,2.114044e+01,2.117484e+01,2.116796e+01,2.117484e+01,2.120235e+01,2.119548e+01,2.124361e+01,2.120235e+01,2.109225e+01,2.121611e+01,2.129172e+01,2.114732e+01,2.112667e+01,2.118172e+01,2.114732e+01,2.111979e+01,2.118172e+01,2.124361e+01,2.127110e+01,2.125048e+01,2.120235e+01,2.120235e+01,2.116796e+01,2.118172e+01,2.119548e+01,2.111291e+01,2.122298e+01,2.120235e+01,2.122986e+01,2.125048e+01,2.124361e+01,2.123674e+01,2.118172e+01,2.126423e+01,2.125736e+01,2.114732e+01,2.118172e+01,2.118172e+01,2.116108e+01,2.120235e+01,2.118172e+01,2.128485e+01,2.116108e+01,2.110602e+01,2.114732e+01,2.108537e+01,2.087169e+01,2.065065e+01,2.059531e+01,2.056071e+01,2.056071e+01,2.053995e+01,2.082338e+01,2.083028e+01,2.080267e+01,2.094067e+01,2.103716e+01,2.105094e+01,2.103716e+01,2.122298e+01,2.110602e+01,2.114044e+01,2.114732e+01,2.114732e+01,2.111979e+01,2.116796e+01,2.129859e+01,2.126423e+01,2.121611e+01,2.122986e+01,2.117484e+01,2.120235e+01,2.128485e+01,2.143592e+01,2.131920e+01,2.131233e+01,2.138788e+01,2.129859e+01,2.131233e+01,2.132607e+01,2.115420e+01,2.052610e+01,2.022100e+01,1.999156e+01,2.010982e+01,2.014458e+01,2.024877e+01,2.026266e+01,2.013763e+01,2.023489e+01,2.033899e+01,2.026960e+01,2.037366e+01,2.031818e+01,2.033899e+01,2.033205e+01,2.039447e+01,2.036673e+01,2.035286e+01,2.042219e+01,2.036673e+01,2.051918e+01,2.045684e+01,2.051918e+01,2.039447e+01,2.041526e+01,2.050533e+01,2.050533e+01,2.049148e+01,2.042912e+01,2.051225e+01,2.038753e+01,2.053303e+01,2.040140e+01,2.043605e+01,2.045684e+01,2.062299e+01,2.053303e+01,2.043605e+01,2.045684e+01,2.048455e+01,2.047070e+01,2.044298e+01,2.045684e+01,2.040833e+01,2.042219e+01,2.040833e+01,2.046377e+01,2.047070e+01,2.039447e+01,2.048455e+01,2.046377e+01,2.087859e+01,2.131920e+01,2.144964e+01,2.148394e+01,2.144964e+01,2.140161e+01,2.149766e+01,2.148394e+01,2.138788e+01,2.140161e+01,2.150451e+01,2.123674e+01,2.098893e+01,2.098203e+01,2.093377e+01,2.076123e+01,2.059531e+01,2.047762e+01,2.047762e+01,2.049148e+01,2.068522e+01,2.058148e+01,2.063682e+01,2.035286e+01,2.044298e+01,2.072669e+01,2.044991e+01,2.033205e+01,2.031818e+01,2.031818e+01,2.036673e+01,2.030430e+01,2.029736e+01,2.034592e+01,2.095446e+01,2.115420e+01,2.136728e+01,2.136041e+01,2.149080e+01,2.144964e+01,2.078886e+01,2.043605e+01,2.026266e+01,2.021405e+01,2.023489e+01,2.052610e+01,2.026266e+01,2.031818e+01,2.030430e+01,2.018627e+01,2.015848e+01,2.015153e+01,2.015848e+01,2.019321e+01,2.031124e+01,2.033899e+01,2.028348e+01,2.013763e+01,2.012372e+01,2.013763e+01,2.013763e+01,2.010982e+01,2.013068e+01,2.022100e+01,2.021405e+01,2.005419e+01,2.005419e+01,1.998460e+01,2.000548e+01,1.993586e+01,1.995675e+01,1.997068e+01,2.002636e+01,2.003332e+01,1.981740e+01,1.979647e+01,1.979647e+01,1.976858e+01,1.987316e+01,1.985922e+01,1.985922e+01,1.985225e+01,1.994979e+01,2.041526e+01,2.091308e+01,2.127110e+01,2.153194e+01,2.153194e+01,2.151823e+01,2.164157e+01,2.152508e+01,2.164841e+01,2.157306e+01,2.142220e+01,2.148394e+01,2.122986e+01,2.091308e+01,2.091308e+01,2.073360e+01,2.056763e+01,2.060223e+01,2.060223e+01,2.062299e+01,2.060223e+01,2.060223e+01,2.102338e+01,2.125736e+01,2.101649e+01,2.099582e+01,2.050533e+01,2.047762e+01,2.016542e+01,2.020016e+01,2.020711e+01,2.040140e+01,2.024183e+01,2.020016e+01,2.008896e+01,2.013068e+01,2.023489e+01,2.022100e+01,2.023489e+01,2.026266e+01,2.027654e+01,2.027654e+01,2.022794e+01,2.019321e+01,2.040140e+01,2.024877e+01,2.031124e+01,2.023489e+01,2.015848e+01,2.018627e+01,2.016542e+01,2.013068e+01,2.036673e+01,2.006114e+01,2.007505e+01,2.006810e+01,2.007505e+01,2.007505e+01,2.013068e+01,1.999156e+01,2.000548e+01,2.004027e+01,2.000548e+01,1.996371e+01,2.000548e+01,1.997764e+01,1.998460e+01,1.988013e+01,1.988710e+01,1.994979e+01,1.994979e+01,1.990800e+01,1.997068e+01,1.997764e+01,2.028348e+01,2.091998e+01,2.098203e+01,2.116796e+01,2.142220e+01,2.146336e+01,2.149766e+01,2.147708e+01,2.163472e+01,2.148394e+01,2.151137e+01,2.151137e+01,2.142220e+01,2.151823e+01,2.149080e+01,2.142906e+01,2.151137e+01,2.144964e+01,2.147022e+01,2.145650e+01,2.147022e+01,2.148394e+01,2.144964e+01,2.147708e+01,2.146336e+01,2.142906e+01,2.144964e+01,2.143592e+01,2.151137e+01,2.123674e+01,2.091308e+01,2.026960e+01,1.995675e+01,1.987316e+01,2.001244e+01,2.000548e+01,2.022100e+01,2.076123e+01,2.106471e+01,2.133294e+01,2.125736e+01,2.131920e+01,2.135355e+01,2.144278e+01,2.138788e+01,2.149766e+01,2.136728e+01,2.139474e+01,2.137415e+01,2.131920e+01,2.133294e+01,2.132607e+01,2.137415e+01,2.127798e+01,2.133294e+01,2.136041e+01,2.136728e+01,2.120923e+01,2.133294e+01,2.131920e+01,2.126423e+01,2.123674e+01,2.121611e+01,2.121611e+01,2.123674e+01,2.126423e+01,2.127110e+01,2.110602e+01,2.125736e+01,2.097514e+01,2.101649e+01,2.050533e+01,2.021405e+01,1.989407e+01,1.987316e+01,1.999156e+01,1.988013e+01,2.002636e+01,2.043605e+01,2.085099e+01,2.107160e+01,2.097514e+01,2.107160e+01,2.109225e+01,2.110602e+01,2.104405e+01,2.112667e+01,2.109914e+01,2.116796e+01,2.116796e+01,2.116108e+01,2.114044e+01,2.117484e+01,2.114732e+01,2.119548e+01,2.113355e+01,2.114044e+01,2.107160e+01,2.112667e+01,2.112667e+01,2.122986e+01,2.114044e+01,2.112667e+01,2.113355e+01,2.111291e+01,2.110602e+01,2.114732e+01,2.111979e+01,2.118172e+01,2.114732e+01,2.116796e+01,2.111291e+01,2.108537e+01,2.104405e+01,2.114044e+01,2.111979e+01,2.122298e+01,2.117484e+01,2.109914e+01,2.114044e+01,2.117484e+01,2.111291e+01,2.109914e+01,2.118860e+01,2.106471e+01,2.109914e+01,2.101649e+01,2.113355e+01,2.113355e+01,2.114732e+01,2.105782e+01,2.100960e+01,2.107160e+01,2.105782e+01,2.102338e+01,2.106471e+01,2.098893e+01,2.098203e+01,2.110602e+01,2.104405e+01,2.103716e+01,2.100271e+01,2.108537e+01,2.106471e+01,2.108537e+01,2.105094e+01,2.103716e+01,2.118172e+01,2.100271e+01,2.115420e+01,2.098203e+01,2.112667e+01,2.112667e+01,2.109914e+01,2.111979e+01,2.110602e+01,2.119548e+01,2.109914e+01,2.105782e+01,2.109914e+01,2.109914e+01,2.109914e+01,2.105782e+01,2.117484e+01,2.118860e+01,2.119548e+01,2.116796e+01,2.107160e+01,2.116108e+01,2.113355e+01,2.106471e+01,2.111291e+01,2.114044e+01,2.104405e+01,2.103027e+01,2.109914e+01,2.108537e+01,2.111291e+01,2.114044e+01,2.114732e+01,2.110602e+01,2.103716e+01,2.107160e+01,2.112667e+01,2.115420e+01,2.109914e+01,2.111291e+01,2.112667e+01,2.113355e+01,2.128485e+01,2.118860e+01,2.120235e+01,2.125736e+01,2.121611e+01,2.122298e+01,2.121611e+01,2.142906e+01,2.132607e+01,2.120235e+01,2.129172e+01,2.128485e+01,2.129172e+01,2.127798e+01,2.119548e+01,2.133294e+01,2.116796e+01,2.119548e+01,2.128485e+01,2.127110e+01,2.127110e+01,2.128485e+01,2.121611e+01,2.114732e+01,2.124361e+01,2.119548e+01,2.116108e+01
2.116796e+01,2.120923e+01,2.111291e+01,2.115420e+01,2.114044e+01,2.115420e+01,2.110602e+01,2.112667e+01,2.115420e+01,2.120235e+01,2.114044e+01,2.120235e+01,2.118172e+01,2.105094e+01,2.117484e+01,2.125736e+01,2.117484e+01,2.109914e+01,2.117484e+01,2.120923e+01,2.118172e+01,2.105782e+01,2.109225e+01,2.125736e+01,2.111291e+01,2.118172e+01,2.109225e+01,2.116108e+01,2.111979e+01,2.120235e+01,2.111291e+01,2.113355e+01,2.106471e+01,2.106471e+01,2.117484e+01,2.116796e+01,2.119548e+01,2.114044e+01,2.112667e+01,2.110602e+01,2.114732e+01,2.116108e+01,2.096825e+01,2.114044e+01,2.120235e+01,2.118172e+01,2.100271e+01,2.113355e+01,2.109914e+01,2.103027e+01,2.113355e+01,2.107160e+01,2.111291e+01,2.109225e+01,2.106471e+01,2.117484e+01,2.113355e+01,2.114732e+01,2.112667e+01,2.112667e+01,2.109225e+01,2.105782e+01,2.108537e+01,2.111979e+01,2.112667e+01,2.111979e+01,2.113355e+01,2.115420e+01,2.120235e+01,2.112667e+01,2.115420e+01,2.116796e+01,2.114732e+01,2.114044e+01,2.102338e+01,2.117484e+01,2.119548e+01,2.114044e+01,2.122298e+01,2.109914e+01,2.119548e+01,2.111291e+01,2.117484e+01,2.105782e+01,2.113355e+01,2.106471e+01,2.119548e+01,2.120923e+01,2.100960e+01,2.116796e+01,2.124361e+01,2.114732e+01,2.100271e+01,2.116108e+01,2.111979e+01,2.118860e+01,2.105782e+01,2.103716e+01,2.106471e+01,2.101649e+01,2.105782e+01,2.107848e+01,2.105782e+01,2.107848e+01,2.107848e+01,2.114732e+01,2.111979e+01,2.113355e+01,2.110602e+01,2.116108e+01,2.109225e+01,2.111291e+01,2.107160e+01,2.113355e+01,2.106471e+01,2.100271e+01,2.111291e+01,2.109225e+01,2.107848e+01,2.122986e+01,2.108537e+01,2.112667e+01,2.109225e+01,2.107848e+01,2.110602e+01,2.113355e+01,2.116108e+01,2.110602e+01,2.107848e+01,2.111979e+01,2.110602e+01,2.111291e+01,2.110602e+01,2.127798e+01,2.110602e+01,2.120235e+01,2.116796e+01,2.118172e+01,2.118172e+01,2.117484e+01,2.122298e+01,2.117484e+01,2.107160e+01,2.126423e+01,2.121611e+01,2.108537e+01,2.121611e+01,2.129172e+01,2.115420e+01,2.121611e+01,2.116108e+01,2.129172e+01,2.127798e+01,2.125736e+01,2.125048e+01,2.122986e+01,2.122298e+01,2.124361e+01,2.120235e+01,2.126423e+01,2.114732e+01,2.116796e+01,2.111291e+01,2.112667e+01,2.123674e+01,2.122298e+01,2.126423e+01,2.121611e+01,2.116108e+01,2.129172e+01,2.115420e+01,2.118860e+01,2.120235e+01,2.118172e+01,2.119548e+01,2.122298e+01,2.120923e+01,2.118860e+01,2.109914e+01,2.108537e+01,2.065065e+01,2.056763e+01,2.022100e+01,2.019321e+01,2.011677e+01,2.017932e+01,2.024183e+01,2.026266e+01,2.033205e+01,2.037366e+01,2.035980e+01,2.043605e+01,2.060223e+01,2.058840e+01,2.067831e+01,2.076814e+01,2.077505e+01,2.077505e+01,2.096135e+01,2.096825e+01,2.110602e+01,2.117484e+01,2.126423e+01,2.130546e+01,2.118172e+01,2.118860e+01,2.125048e+01,2.130546e+01,2.133981e+01,2.122986e+01,2.131920e+01,2.134668e+01,2.121611e+01,2.133981e+01,2.129859e+01,2.124361e+01,2.091998e+01,2.037366e+01,2.011677e+01,2.012372e+01,2.001940e+01,2.010287e+01,2.006810e+01,2.015153e+01,2.024877e+01,2.026266e+01,2.025571e+01,2.029736e+01,2.035980e+01,2.040140e+01,2.039447e+01,2.037366e+01,2.038060e+01,2.031818e+01,2.033899e+01,2.038753e+01,2.033899e+01,2.038060e+01,2.047762e+01,2.042912e+01,2.049148e+01,2.032512e+01,2.049840e+01,2.050533e+01,2.051918e+01,2.042219e+01,2.042912e+01,2.044298e+01,2.042219e+01,2.041526e+01,2.045684e+01,2.045684e+01,2.044991e+01,2.040833e+01,2.047070e+01,2.044991e+01,2.044991e+01,2.045684e+01,2.047070e+01,2.044298e+01,2.042912e+01,2.044991e+01,2.042219e+01,2.049840e+01,2.042219e+01,2.050533e+01,2.050533e+01,2.118172e+01,2.137415e+01,2.142906e+01,2.147022e+01,2.146336e+01,2.149080e+01,2.145650e+01,2.140847e+01,2.139474e+01,2.141533e+01,2.135355e+01,2.101649e+01,2.070596e+01,2.069905e+01,2.052610e+01,2.057456e+01,2.047070e+01,2.040833e+01,2.038753e+01,2.040140e+01,2.035286e+01,2.044991e+01,2.054687e+01,2.033205e+01,2.043605e+01,2.036673e+01,2.035286e+01,2.033899e+01,2.028348e+01,2.031818e+01,2.031818e+01,2.041526e+01,2.033899e+01,2.031818e+01,2.047762e+01,2.095446e+01,2.133981e+01,2.125736e+01,2.136728e+01,2.130546e+01,2.043605e+01,2.006810e+01,2.007505e+01,2.007505e+01,2.017932e+01,2.001244e+01,2.022100e+01,2.015153e+01,2.001244e+01,2.010982e+01,2.020016e+01,2.020016e+01,2.021405e+01,2.020711e+01,2.020711e+01,2.017932e+01,2.022100e+01,2.020711e+01,2.017237e+01,2.009591e+01,2.020016e+01,2.006114e+01,2.003332e+01,2.017237e+01,2.003332e+01,2.009591e+01,2.008201e+01,2.008896e+01,1.994283e+01,1.997068e+01,1.997068e+01,1.993586e+01,2.003332e+01,1.990103e+01,1.990103e+01,1.978253e+01,1.981042e+01,1.977555e+01,1.988710e+01,1.983831e+01,1.981042e+01,1.980345e+01,1.994979e+01,2.010982e+01,2.053995e+01,2.079576e+01,2.138101e+01,2.148394e+01,2.156621e+01,2.164157e+01,2.151137e+01,2.164841e+01,2.164841e+01,2.151137e+01,2.145650e+01,2.088549e+01,2.062299e+01,2.062299e+01,2.062990e+01,2.065757e+01,2.062990e+01,2.062990e+01,2.060223e+01,2.062990e+01,2.103027e+01,2.127110e+01,2.127798e+01,2.151823e+01,2.132607e+01,2.105782e+01,2.082338e+01,2.056763e+01,2.058840e+01,2.056071e+01,2.038060e+01,2.028348e+01,2.023489e+01,2.010287e+01,2.008201e+01,2.018627e+01,2.020711e+01,2.022100e+01,2.013068e+01,2.014458e+01,2.024877e+01,2.020016e+01,2.017932e+01,2.024877e+01,2.024877e+01,2.024877e+01,2.017932e+01,2.021405e+01,2.013763e+01,2.011677e+01,2.014458e+01,2.017237e+01,2.005419e+01,2.006114e+01,2.005419e+01,2.012372e+01,2.005419e+01,2.005419e+01,2.008896e+01,1.999852e+01,2.001244e+01,2.005419e+01,1.982437e+01,1.994979e+01,1.994283e+01,1.988710e+01,1.997764e+01,1.990103e+01,2.003332e+01,1.983831e+01,2.007505e+01,1.984528e+01,1.992193e+01,1.995675e+01,2.022100e+01,2.024183e+01,2.069905e+01,2.100960e+01,2.118860e+01,2.130546e+01,2.144278e+01,2.149080e+01,2.147022e+01,2.149766e+01,2.149080e+01,2.145650e+01,2.144278e+01,2.144278e+01,2.149766e+01,2.147708e+01,2.144964e+01,2.148394e+01,2.157306e+01,2.147708e+01,2.148394e+01,2.147708e+01,2.147708e+01,2.147708e+01,2.146336e+01,2.145650e+01,2.142906e+01,2.138788e+01,2.133294e+01,2.092688e+01,2.048455e+01,2.023489e+01,1.989407e+01,2.013068e+01,2.020711e+01,2.046377e+01,2.096825e+01,2.131920e+01,2.131233e+01,2.140161e+01,2.142220e+01,2.133294e+01,2.140847e+01,2.138788e+01,2.140161e+01,2.145650e+01,2.140161e+01,2.136728e+01,2.133981e+01,2.136041e+01,2.130546e+01,2.136041e+01,2.142906e+01,2.138101e+01,2.133294e+01,2.136728e+01,2.124361e+01,2.122986e+01,2.135355e+01,2.124361e+01,2.122298e+01,2.120235e+01,2.127798e+01,2.125048e+01,2.125048e+01,2.123674e+01,2.123674e+01,2.126423e+01,2.127110e+01,2.095446e+01,2.093377e+01,2.055379e+01,2.026266e+01,2.003332e+01,1.985922e+01,1.992890e+01,2.008201e+01,2.052610e+01,2.090619e+01,2.108537e+01,2.111979e+01,2.102338e+01,2.105782e+01,2.109225e+01,2.110602e+01,2.107848e+01,2.120235e+01,2.111979e+01,2.113355e+01,2.117484e+01,2.115420e+01,2.120235e+01,2.112667e+01,2.115420e+01,2.114044e+01,2.103027e+01,2.111291e+01,2.105782e+01,2.117484e+01,2.105782e+01,2.122298e+01,2.105782e+01,2.107848e+01,2.114732e+01,2.114732e+01,2.118172e+01,2.108537e+01,2.114044e+01,2.116796e+01,2.119548e+01,2.107160e+01,2.106471e+01,2.118172e+01,2.110602e+01,2.122298e+01,2.116796e+01,2.117484e+01,2.117484e+01,2.107160e+01,2.114044e+01,2.114044e+01,2.117484e+01,2.111291e+01,2.103716e+01,2.107160e+01,2.111979e+01,2.108537e+01,2.114732e+01,2.109225e+01,2.106471e+01,2.105782e+01,2.105094e+01,2.098203e+01,2.105094e+01,2.106471e+01,2.098203e+01,2.107848e+01,2.098203e+01,2.100271e+01,2.107160e+01,2.097514e+01,2.107160e+01,2.107848e+01,2.105094e+01,2.105094e+01,2.105782e+01,2.105782e+01,2.099582e+01,2.114044e+01,2.096135e+01,2.111291e+01,2.109225e+01,2.105782e+01,2.105782e+01,2.112667e+01,2.113355e+01,2.113355e+01,2.108537e+01,2.111291e+01,2.111979e+01,2.105094e+01,2.112667e+01,2.114732e+01,2.101649e+01,2.105094e+01,2.096135e+01,2.114044e+01,2.098203e+01,2.125048e+01,2.107848e+01,2.104405e+01,2.111979e+01,2.107160e+01,2.101649e+01,2.101649e+01,2.103716e+01,2.111979e+01,2.094757e+01,2.112667e+01,2.098893e+01,2.101649e+01,2.102338e+01,2.119548e+01,2.114044e+01,2.109914e+01,2.108537e+01,2.103716e+01,2.111979e+01,2.121611e+01,2.123674e+01,2.122298e+01,2.118172e+01,2.123674e+01,2.129172e+01,2.129172e+01,2.123674e+01,2.126423e+01,2.133294e+01,2.132607e+01,2.127110e+01,2.130546e+01,2.137415e+01,2.118860e+01,2.120235e+01,2.125048e+01,2.120235e+01,2.125736e+01,2.125048e+01,2.122298e+01,2.126423e+01,2.119548e+01,2.124361e+01,2.123674e+01,2.120923e+01,2.098893e+01
2.118172e+01,2.111291e+01,2.111291e+01,2.113355e+01,2.123674e+01,2.118172e+01,2.129172e+01,2.119548e+01,2.111979e+01,2.112667e+01,2.122298e+01,2.115420e+01,2.127798e+01,2.126423e+01,2.118172e+01,2.119548e+01,2.114732e+01,2.127798e+01,2.104405e+01,2.104405e+01,2.106471e+01,2.114044e+01,2.107160e+01,2.109225e+01,2.117484e+01,2.109225e+01,2.113355e+01,2.104405e+01,2.110602e+01,2.121611e+01,2.116796e+01,2.109914e+01,2.114044e+01,2.110602e+01,2.109225e+01,2.116796e+01,2.111979e+01,2.111291e+01,2.111979e+01,2.111291e+01,2.107848e+01,2.113355e+01,2.107848e+01,2.116796e+01,2.110602e+01,2.103716e+01,2.109914e+01,2.098203e+01,2.118172e+01,2.107848e+01,2.108537e+01,2.114044e+01,2.111979e+01,2.098893e+01,2.095446e+01,2.109914e+01,2.117484e+01,2.125048e+01,2.120923e+01,2.107160e+01,2.107160e+01,2.103027e+01,2.114732e+01,2.115420e+01,2.108537e+01,2.113355e+01,2.111291e+01,2.112667e+01,2.116796e+01,2.121611e+01,2.116108e+01,2.120923e+01,2.114044e+01,2.102338e+01,2.107160e+01,2.111291e+01,2.111979e+01,2.116108e+01,2.098203e+01,2.116108e+01,2.114044e+01,2.113355e+01,2.116108e+01,2.112667e+01,2.112667e+01,2.120235e+01,2.118172e+01,2.117484e+01,2.111291e+01,2.117484e+01,2.112667e+01,2.122298e+01,2.104405e+01,2.117484e+01,2.118860e+01,2.102338e+01,2.102338e+01,2.102338e+01,2.104405e+01,2.111291e+01,2.107848e+01,2.108537e+01,2.103716e+01,2.109225e+01,2.105094e+01,2.111979e+01,2.111291e+01,2.107848e+01,2.117484e+01,2.108537e+01,2.109225e+01,2.109225e+01,2.109225e+01,2.117484e+01,2.103716e+01,2.121611e+01,2.111979e+01,2.104405e+01,2.107848e+01,2.118172e+01,2.112667e+01,2.121611e+01,2.116108e+01,2.103027e+01,2.109225e+01,2.108537e+01,2.103716e+01,2.108537e+01,2.107160e+01,2.112667e+01,2.119548e+01,2.110602e+01,2.121611e+01,2.123674e+01,2.115420e+01,2.120923e+01,2.118860e+01,2.117484e+01,2.120235e+01,2.121611e+01,2.120235e+01,2.122298e+01,2.120923e+01,2.119548e+01,2.122986e+01,2.129172e+01,2.120235e+01,2.118860e+01,2.120923e+01,2.122298e+01,2.122986e+01,2.121611e+01,2.120235e+01,2.125736e+01,2.130546e+01,2.121611e+01,2.120923e+01,2.127110e+01,2.124361e+01,2.116796e+01,2.118860e+01,2.124361e+01,2.120235e+01,2.119548e+01,2.122986e+01,2.124361e+01,2.123674e+01,2.126423e+01,2.125048e+01,2.121611e+01,2.117484e+01,2.124361e+01,2.120923e+01,2.118860e+01,2.120923e+01,2.120235e+01,2.116796e+01,2.109225e+01,2.108537e+01,2.088549e+01,2.047070e+01,2.020711e+01,1.998460e+01,1.999852e+01,1.994283e+01,1.995675e+01,1.996371e+01,1.985225e+01,1.995675e+01,2.003332e+01,2.001244e+01,1.997764e+01,1.996371e+01,2.021405e+01,2.023489e+01,2.022794e+01,2.020016e+01,2.015153e+01,2.022100e+01,2.033205e+01,2.063682e+01,2.085099e+01,2.089929e+01,2.115420e+01,2.120235e+01,2.123674e+01,2.120923e+01,2.125736e+01,2.133981e+01,2.120923e+01,2.127798e+01,2.137415e+01,2.127798e+01,2.136041e+01,2.125736e+01,2.123674e+01,2.100960e+01,2.044298e+01,2.008896e+01,1.990800e+01,2.006114e+01,2.018627e+01,2.004723e+01,2.017932e+01,2.022100e+01,2.020016e+01,2.027654e+01,2.024877e+01,2.024877e+01,2.035286e+01,2.036673e+01,2.036673e+01,2.031818e+01,2.031124e+01,2.035980e+01,2.038753e+01,2.036673e+01,2.036673e+01,2.038060e+01,2.047070e+01,2.044991e+01,2.047070e+01,2.051225e+01,2.050533e+01,2.048455e+01,2.044298e+01,2.048455e+01,2.056763e+01,2.034592e+01,2.041526e+01,2.034592e+01,2.043605e+01,2.035980e+01,2.043605e+01,2.044991e+01,2.047762e+01,2.048455e+01,2.051225e+01,2.045684e+01,2.044298e+01,2.045684e+01,2.037366e+01,2.042219e+01,2.035980e+01,2.040140e+01,2.044298e+01,2.058148e+01,2.127110e+01,2.131920e+01,2.125736e+01,2.149766e+01,2.146336e+01,2.147708e+01,2.152508e+01,2.144964e+01,2.133981e+01,2.137415e+01,2.105782e+01,2.072669e+01,2.054687e+01,2.033899e+01,2.047762e+01,2.040140e+01,2.044298e+01,2.036673e+01,2.042219e+01,2.040833e+01,2.038060e+01,2.038060e+01,2.032512e+01,2.034592e+01,2.033205e+01,2.033899e+01,2.033899e+01,2.038753e+01,2.028348e+01,2.029042e+01,2.036673e+01,2.025571e+01,2.028348e+01,2.033899e+01,2.034592e+01,2.048455e+01,2.100271e+01,2.125736e+01,2.127110e+01,2.113355e+01,2.046377e+01,2.013763e+01,2.007505e+01,2.006810e+01,2.013068e+01,2.006114e+01,2.001244e+01,2.017932e+01,2.020016e+01,2.010982e+01,2.020016e+01,2.009591e+01,2.005419e+01,2.017932e+01,2.024877e+01,2.019321e+01,2.020711e+01,2.020711e+01,2.021405e+01,2.010982e+01,2.015153e+01,2.015848e+01,2.015848e+01,2.009591e+01,2.004723e+01,2.007505e+01,1.997764e+01,1.999852e+01,1.996371e+01,2.002636e+01,1.996371e+01,1.999852e+01,2.001244e+01,1.981042e+01,1.986619e+01,1.989407e+01,1.988013e+01,1.985225e+01,1.977555e+01,1.974764e+01,1.990800e+01,1.980345e+01,1.975462e+01,1.985225e+01,1.992193e+01,2.040140e+01,2.090619e+01,2.118172e+01,2.152508e+01,2.157991e+01,2.153880e+01,2.162102e+01,2.149080e+01,2.147022e+01,2.122298e+01,2.074742e+01,2.060915e+01,2.071978e+01,2.058148e+01,2.054687e+01,2.062299e+01,2.063682e+01,2.065757e+01,2.074742e+01,2.125736e+01,2.149766e+01,2.154565e+01,2.151137e+01,2.152508e+01,2.133981e+01,2.103716e+01,2.096135e+01,2.059531e+01,2.074742e+01,2.037366e+01,2.024183e+01,2.020016e+01,2.008201e+01,2.007505e+01,2.005419e+01,2.012372e+01,2.018627e+01,2.013068e+01,2.017237e+01,2.009591e+01,2.020016e+01,2.017237e+01,2.021405e+01,2.025571e+01,2.027654e+01,2.018627e+01,2.020711e+01,2.022100e+01,2.020711e+01,2.001244e+01,2.008201e+01,2.008201e+01,2.006114e+01,2.006114e+01,2.013068e+01,2.006114e+01,2.007505e+01,2.008201e+01,1.999852e+01,1.997068e+01,1.999156e+01,1.999852e+01,1.997764e+01,1.990103e+01,1.996371e+01,1.990103e+01,1.990800e+01,1.985922e+01,2.001940e+01,1.992193e+01,1.992193e+01,1.992890e+01,1.997764e+01,1.993586e+01,2.015848e+01,2.021405e+01,2.025571e+01,2.069213e+01,2.080267e+01,2.127798e+01,2.139474e+01,2.146336e+01,2.144964e+01,2.143592e+01,2.144278e+01,2.149080e+01,2.147022e+01,2.146336e+01,2.155250e+01,2.154565e+01,2.149766e+01,2.146336e+01,2.148394e+01,2.148394e+01,2.142220e+01,2.144964e+01,2.144964e+01,2.143592e+01,2.142906e+01,2.144278e+01,2.143592e+01,2.142906e+01,2.125048e+01,2.073360e+01,2.038753e+01,1.997764e+01,2.006810e+01,2.039447e+01,2.076814e+01,2.098893e+01,2.133981e+01,2.134668e+01,2.142220e+01,2.144278e+01,2.133294e+01,2.144964e+01,2.141533e+01,2.136728e+01,2.133981e+01,2.133294e+01,2.139474e+01,2.129859e+01,2.138101e+01,2.131920e+01,2.138788e+01,2.136728e+01,2.134668e+01,2.135355e+01,2.133294e+01,2.129172e+01,2.133294e+01,2.123674e+01,2.122986e+01,2.122298e+01,2.127110e+01,2.118172e+01,2.122986e+01,2.122298e+01,2.113355e+01,2.123674e+01,2.118172e+01,2.122298e+01,2.121611e+01,2.120235e+01,2.104405e+01,2.076814e+01,2.026266e+01,2.015153e+01,2.010982e+01,2.044991e+01,2.077505e+01,2.103027e+01,2.100271e+01,2.107848e+01,2.111291e+01,2.105094e+01,2.105782e+01,2.108537e+01,2.120235e+01,2.109914e+01,2.108537e+01,2.116108e+01,2.120235e+01,2.114732e+01,2.118172e+01,2.113355e+01,2.116108e+01,2.114044e+01,2.114732e+01,2.110602e+01,2.116108e+01,2.109914e+01,2.121611e+01,2.118860e+01,2.116796e+01,2.116108e+01,2.112667e+01,2.113355e+01,2.109225e+01,2.119548e+01,2.114732e+01,2.121611e+01,2.121611e+01,2.117484e+01,2.111979e+01,2.107160e+01,2.111291e+01,2.120235e+01,2.123674e+01,2.123674e+01,2.116108e+01,2.112667e+01,2.115420e+01,2.116796e+01,2.108537e+01,2.116796e+01,2.112667e+01,2.103027e+01,2.100960e+01,2.108537e+01,2.112667e+01,2.106471e+01,2.109914e+01,2.105782e+01,2.104405e+01,2.105782e+01,2.104405e+01,2.104405e+01,2.100271e+01,2.104405e+01,2.098203e+01,2.101649e+01,2.107160e+01,2.107848e+01,2.106471e+01,2.104405e+01,2.107160e+01,2.099582e+01,2.105094e+01,2.105782e+01,2.094757e+01,2.105094e+01,2.093377e+01,2.110602e+01,2.110602e+01,2.107160e+01,2.110602e+01,2.114044e+01,2.107848e+01,2.108537e+01,2.111979e+01,2.109225e+01,2.108537e+01,2.109914e+01,2.107848e+01,2.115420e+01,2.098893e+01,2.114732e+01,2.092688e+01,2.113355e+01,2.109225e+01,2.111979e+01,2.102338e+01,2.107160e+01,2.115420e+01,2.110602e+01,2.111291e+01,2.113355e+01,2.103027e+01,2.106471e+01,2.106471e+01,2.109225e+01,2.111291e+01,2.105094e+01,2.103027e+01,2.107848e+01,2.122298e+01,2.118860e+01,2.111979e+01,2.113355e+01,2.109914e+01,2.113355e+01,2.119548e+01,2.123674e+01,2.124361e+01,2.122986e+01,2.132607e+01,2.128485e+01,2.133294e+01,2.131233e+01,2.128485e+01,2.116796e+01,2.127110e+01,2.114044e+01,2.124361e+01,2.120235e+01,2.120923e+01,2.127110e+01,2.120923e+01,2.120235e+01,2.126423e+01,2.127110e+01,2.128485e+01,2.125048e+01,2.118172e+01,2.122986e+01,2.122986e+01,2.100271e+01
2.105782e+01,2.118860e+01,2.117484e+01,2.111979e+01,2.125736e+01,2.115420e+01,2.114732e+01,2.118172e+01,2.114044e+01,2.110602e+01,2.116796e+01,2.118172e+01,2.118172e+01,2.126423e+01,2.117484e+01,2.116108e+01,2.116796e+01,2.115420e+01,2.112667e+01,2.107160e+01,2.107848e+01,2.107160e+01,2.107848e+01,2.131920e+01,2.107160e+01,2.106471e+01,2.122986e+01,2.105782e+01,2.109225e+01,2.111291e+01,2.119548e+01,2.106471e+01,2.105782e+01,2.108537e+01,2.111291e+01,2.109914e+01,2.112667e+01,2.114044e+01,2.105782e+01,2.106471e+01,2.112667e+01,2.108537e+01,2.115420e+01,2.107160e+01,2.098203e+01,2.116108e+01,2.103027e+01,2.112667e+01,2.111291e+01,2.111979e+01,2.106471e+01,2.104405e+01,2.116108e+01,2.116108e+01,2.114732e+01,2.112667e+01,2.109914e+01,2.114732e+01,2.108537e+01,2.103716e+01,2.104405e+01,2.108537e+01,2.105782e+01,2.102338e+01,2.114044e+01,2.116108e+01,2.119548e+01,2.108537e+01,2.118860e+01,2.117484e+01,2.118172e+01,2.120923e+01,2.120923e+01,2.103027e+01,2.122986e+01,2.112667e+01,2.115420e+01,2.117484e+01,2.114732e+01,2.114732e+01,2.112667e+01,2.116108e+01,2.120235e+01,2.135355e+01,2.114732e+01,2.119548e+01,2.109914e+01,2.117484e+01,2.114044e+01,2.117484e+01,2.103716e+01,2.107160e+01,2.111291e+01,2.106471e+01,2.105094e+01,2.103027e+01,2.100960e+01,2.105782e+01,2.104405e+01,2.109225e+01,2.111979e+01,2.106471e+01,2.104405e+01,2.103716e+01,2.108537e+01,2.108537e+01,2.110602e+01,2.112667e+01,2.114044e+01,2.105094e+01,2.108537e+01,2.115420e+01,2.103027e+01,2.109225e+01,2.106471e+01,2.107160e+01,2.112667e+01,2.111291e+01,2.115420e+01,2.115420e+01,2.115420e+01,2.105094e+01,2.111291e+01,2.111291e+01,2.109225e+01,2.114044e+01,2.107848e+01,2.110602e+01,2.108537e+01,2.114732e+01,2.114044e+01,2.112667e+01,2.113355e+01,2.121611e+01,2.118172e+01,2.116796e+01,2.120923e+01,2.125048e+01,2.117484e+01,2.123674e+01,2.122986e+01,2.117484e+01,2.105094e+01,2.103716e+01,2.120923e+01,2.122298e+01,2.118172e+01,2.118860e+01,2.122986e+01,2.120923e+01,2.121611e+01,2.132607e+01,2.120235e+01,2.127798e+01,2.122986e+01,2.122986e+01,2.125736e+01,2.116796e+01,2.116796e+01,2.126423e+01,2.127110e+01,2.117484e+01,2.125736e+01,2.127110e+01,2.122298e+01,2.120235e+01,2.122986e+01,2.127798e+01,2.122986e+01,2.129859e+01,2.125736e+01,2.120235e+01,2.113355e+01,2.125736e+01,2.122298e+01,2.118172e+01,2.105782e+01,2.129172e+01,2.116796e+01,2.099582e+01,2.024877e+01,2.010982e+01,1.997068e+01,1.993586e+01,1.992890e+01,1.992193e+01,1.984528e+01,1.992890e+01,1.992890e+01,1.992193e+01,1.990800e+01,1.990103e+01,1.974067e+01,1.988710e+01,1.988013e+01,1.994979e+01,1.990103e+01,1.988710e+01,1.997764e+01,1.997068e+01,1.999156e+01,2.020016e+01,2.038753e+01,2.046377e+01,2.083719e+01,2.091998e+01,2.102338e+01,2.117484e+01,2.120923e+01,2.139474e+01,2.133294e+01,2.128485e+01,2.131920e+01,2.147708e+01,2.126423e+01,2.103716e+01,2.081648e+01,2.031124e+01,1.998460e+01,1.998460e+01,1.989407e+01,1.985922e+01,1.986619e+01,2.010982e+01,2.010982e+01,2.013763e+01,2.025571e+01,2.013763e+01,2.018627e+01,2.023489e+01,2.016542e+01,2.026960e+01,2.036673e+01,2.029736e+01,2.033205e+01,2.033205e+01,2.035286e+01,2.037366e+01,2.037366e+01,2.038753e+01,2.038753e+01,2.045684e+01,2.037366e+01,2.041526e+01,2.046377e+01,2.049840e+01,2.039447e+01,2.042219e+01,2.051918e+01,2.040140e+01,2.042912e+01,2.043605e+01,2.042219e+01,2.046377e+01,2.046377e+01,2.058148e+01,2.060223e+01,2.046377e+01,2.043605e+01,2.036673e+01,2.042219e+01,2.044991e+01,2.044298e+01,2.034592e+01,2.054687e+01,2.045684e+01,2.087169e+01,2.144964e+01,2.143592e+01,2.140161e+01,2.153880e+01,2.147022e+01,2.147708e+01,2.145650e+01,2.149080e+01,2.139474e+01,2.135355e+01,2.105094e+01,2.101649e+01,2.058840e+01,2.040833e+01,2.039447e+01,2.038060e+01,2.031818e+01,2.029042e+01,2.041526e+01,2.040833e+01,2.033205e+01,2.032512e+01,2.036673e+01,2.033899e+01,2.031818e+01,2.035980e+01,2.031124e+01,2.031818e+01,2.038753e+01,2.032512e+01,2.032512e+01,2.026960e+01,2.043605e+01,2.023489e+01,2.030430e+01,2.031818e+01,2.042912e+01,2.101649e+01,2.118172e+01,2.106471e+01,2.058840e+01,2.015153e+01,2.020711e+01,2.016542e+01,2.021405e+01,2.004723e+01,2.003332e+01,2.019321e+01,2.008201e+01,1.992890e+01,2.015153e+01,2.017237e+01,2.022794e+01,2.016542e+01,2.015153e+01,2.018627e+01,2.015848e+01,2.009591e+01,2.019321e+01,2.012372e+01,2.011677e+01,2.007505e+01,2.009591e+01,2.006810e+01,2.004723e+01,1.996371e+01,1.999852e+01,1.994283e+01,1.999852e+01,1.993586e+01,1.989407e+01,1.992193e+01,1.999156e+01,1.985922e+01,1.984528e+01,1.985922e+01,1.989407e+01,1.977555e+01,1.987316e+01,1.975462e+01,1.976858e+01,1.985225e+01,1.982437e+01,1.983134e+01,1.981042e+01,1.994979e+01,2.042219e+01,2.092688e+01,2.142906e+01,2.149766e+01,2.163472e+01,2.150451e+01,2.147708e+01,2.121611e+01,2.094757e+01,2.071287e+01,2.071978e+01,2.070596e+01,2.065065e+01,2.062990e+01,2.065065e+01,2.061607e+01,2.070596e+01,2.128485e+01,2.149080e+01,2.154565e+01,2.153880e+01,2.151137e+01,2.146336e+01,2.151137e+01,2.106471e+01,2.087859e+01,2.058148e+01,2.038753e+01,2.013763e+01,2.002636e+01,2.008896e+01,2.003332e+01,2.004027e+01,1.994283e+01,2.007505e+01,2.018627e+01,2.007505e+01,2.004723e+01,2.016542e+01,2.022100e+01,2.013763e+01,2.030430e+01,2.015848e+01,2.015848e+01,2.026960e+01,2.022100e+01,2.012372e+01,2.008201e+01,2.010287e+01,2.006114e+01,2.006114e+01,2.004723e+01,2.005419e+01,2.009591e+01,2.006810e+01,1.999852e+01,1.997068e+01,2.001940e+01,2.010287e+01,1.997764e+01,2.008201e+01,2.007505e+01,1.991496e+01,1.985225e+01,1.990800e+01,1.990103e+01,1.990800e+01,1.991496e+01,1.992890e+01,1.990800e+01,1.988710e+01,1.983831e+01,1.985922e+01,1.992193e+01,1.988013e+01,1.986619e+01,2.006114e+01,2.026266e+01,2.062299e+01,2.101649e+01,2.107160e+01,2.141533e+01,2.157991e+01,2.153194e+01,2.154565e+01,2.142220e+01,2.151137e+01,2.147022e+01,2.150451e+01,2.147022e+01,2.148394e+01,2.147708e+01,2.149080e+01,2.145650e+01,2.141533e+01,2.150451e+01,2.148394e+01,2.142906e+01,2.145650e+01,2.143592e+01,2.143592e+01,2.131233e+01,2.097514e+01,2.043605e+01,2.017932e+01,2.026266e+01,2.071978e+01,2.101649e+01,2.136728e+01,2.133294e+01,2.140847e+01,2.130546e+01,2.143592e+01,2.144278e+01,2.144278e+01,2.142906e+01,2.140161e+01,2.138101e+01,2.133981e+01,2.141533e+01,2.136041e+01,2.131920e+01,2.144964e+01,2.137415e+01,2.133294e+01,2.136041e+01,2.117484e+01,2.129859e+01,2.134668e+01,2.133294e+01,2.124361e+01,2.122986e+01,2.132607e+01,2.118172e+01,2.124361e+01,2.127110e+01,2.122298e+01,2.122986e+01,2.120235e+01,2.120923e+01,2.129859e+01,2.131233e+01,2.109225e+01,2.112667e+01,2.100960e+01,2.091308e+01,2.056071e+01,2.058148e+01,2.076814e+01,2.107160e+01,2.115420e+01,2.103716e+01,2.106471e+01,2.114044e+01,2.111291e+01,2.104405e+01,2.111979e+01,2.109914e+01,2.111979e+01,2.110602e+01,2.110602e+01,2.111979e+01,2.114044e+01,2.115420e+01,2.113355e+01,2.116796e+01,2.114044e+01,2.111979e+01,2.099582e+01,2.109225e+01,2.113355e+01,2.109914e+01,2.116108e+01,2.107848e+01,2.108537e+01,2.107160e+01,2.105782e+01,2.108537e+01,2.110602e+01,2.118860e+01,2.120923e+01,2.113355e+01,2.110602e+01,2.111291e+01,2.109225e+01,2.113355e+01,2.117484e+01,2.114044e+01,2.116108e+01,2.118172e+01,2.116108e+01,2.111979e+01,2.115420e+01,2.120923e+01,2.099582e+01,2.104405e+01,2.105782e+01,2.114044e+01,2.114732e+01,2.112667e+01,2.107160e+01,2.105094e+01,2.113355e+01,2.109225e+01,2.097514e+01,2.114044e+01,2.111979e+01,2.106471e+01,2.107160e+01,2.104405e+01,2.105782e+01,2.107160e+01,2.098893e+01,2.112667e+01,2.099582e+01,2.105782e+01,2.105782e+01,2.111291e+01,2.103716e+01,2.106471e+01,2.099582e+01,2.105782e+01,2.109225e+01,2.111979e+01,2.107160e+01,2.103716e+01,2.105782e+01,2.108537e+01,2.109225e+01,2.096825e+01,2.109225e+01,2.111291e+01,2.116796e+01,2.114732e+01,2.100271e+01,2.098893e+01,2.103027e+01,2.111291e+01,2.115420e+01,2.102338e+01,2.111291e+01,2.118172e+01,2.112667e+01,2.108537e+01,2.108537e+01,2.111979e+01,2.110602e+01,2.105782e+01,2.109225e+01,2.109225e+01,2.116108e+01,2.110602e+01,2.111291e+01,2.112667e+01,2.111291e+01,2.105094e+01,2.109914e+01,2.114044e+01,2.109225e+01,2.115420e+01,2.109225e+01,2.122298e+01,2.112667e+01,2.113355e+01,2.118860e+01,2.113355e+01,2.119548e+01,2.131233e+01,2.130546e+01,2.113355e+01,2.129859e+01,2.125048e+01,2.135355e+01,2.124361e+01,2.122986e+01,2.118860e+01,2.119548e+01,2.121611e+01,2.123674e+01,2.129172e+01,2.120235e+01,2.119548e+01,2.118172e+01,2.116108e+01,2.121611e+01,2.115420e+01,2.123674e+01
2.117484e+01,2.119548e+01,2.114732e+01,2.118172e+01,2.120923e+01,2.110602e+01,2.116796e+01,2.108537e+01,2.114044e+01,2.105094e+01,2.116796e+01,2.111291e+01,2.111979e+01,2.111979e+01,2.109225e+01,2.105782e+01,2.112667e+01,2.118860e+01,2.106471e+01,2.109914e+01,2.109914e+01,2.108537e+01,2.108537e+01,2.105782e+01,2.107160e+01,2.109225e+01,2.106471e+01,2.105094e+01,2.113355e+01,2.109914e+01,2.105782e+01,2.103027e+01,2.106471e+01,2.110602e+01,2.109225e+01,2.109914e+01,2.116796e+01,2.107160e+01,2.107848e+01,2.114732e+01,2.101649e+01,2.108537e+01,2.105782e+01,2.114732e+01,2.103027e+01,2.103027e+01,2.109914e+01,2.104405e+01,2.110602e+01,2.114732e+01,2.113355e+01,2.099582e+01,2.112667e+01,2.111979e+01,2.100960e+01,2.111979e+01,2.111979e+01,2.111291e+01,2.115420e+01,2.120235e+01,2.117484e+01,2.103027e+01,2.111291e+01,2.101649e+01,2.114044e+01,2.111291e+01,2.111979e+01,2.107848e+01,2.118860e+01,2.114044e+01,2.120235e+01,2.121611e+01,2.118860e+01,2.105094e+01,2.109914e+01,2.113355e+01,2.114044e+01,2.119548e+01,2.125048e+01,2.115420e+01,2.104405e+01,2.114044e+01,2.114044e+01,2.114044e+01,2.114044e+01,2.112667e+01,2.116108e+01,2.114732e+01,2.110602e+01,2.110602e+01,2.120235e+01,2.104405e+01,2.118860e+01,2.109225e+01,2.112667e+01,2.098203e+01,2.100960e+01,2.111291e+01,2.109225e+01,2.102338e+01,2.108537e+01,2.100960e+01,2.108537e+01,2.107848e+01,2.107160e+01,2.109914e+01,2.114732e+01,2.115420e+01,2.104405e+01,2.103027e+01,2.111979e+01,2.107160e+01,2.101649e+01,2.107160e+01,2.111291e+01,2.104405e+01,2.119548e+01,2.098203e+01,2.109225e+01,2.116796e+01,2.116108e+01,2.112667e+01,2.114044e+01,2.112667e+01,2.117484e+01,2.113355e+01,2.105782e+01,2.123674e+01,2.112667e+01,2.119548e+01,2.105782e+01,2.121611e+01,2.120923e+01,2.124361e+01,2.138101e+01,2.119548e+01,2.118172e+01,2.119548e+01,2.118172e+01,2.123674e+01,2.119548e+01,2.119548e+01,2.123674e+01,2.120923e+01,2.122298e+01,2.119548e+01,2.121611e+01,2.122298e+01,2.121611e+01,2.118172e+01,2.122986e+01,2.121611e+01,2.123674e+01,2.128485e+01,2.127110e+01,2.120235e+01,2.121611e+01,2.117484e+01,2.120923e+01,2.116108e+01,2.120923e+01,2.118860e+01,2.114732e+01,2.114044e+01,2.112667e+01,2.119548e+01,2.117484e+01,2.120923e+01,2.122986e+01,2.127110e+01,2.125048e+01,2.118860e+01,2.120235e+01,2.125736e+01,2.119548e+01,2.107160e+01,2.107848e+01,2.109914e+01,2.106471e+01,2.064374e+01,2.022794e+01,1.999156e+01,1.995675e+01,1.999156e+01,1.987316e+01,1.984528e+01,1.985922e+01,1.987316e+01,1.987316e+01,1.988710e+01,1.987316e+01,1.992890e+01,1.988013e+01,1.994979e+01,1.982437e+01,1.987316e+01,1.991496e+01,1.985922e+01,1.987316e+01,1.990103e+01,1.992890e+01,1.988710e+01,1.988013e+01,2.010287e+01,2.033205e+01,2.035980e+01,2.057456e+01,2.057456e+01,2.092688e+01,2.110602e+01,2.115420e+01,2.113355e+01,2.129172e+01,2.129859e+01,2.106471e+01,2.089929e+01,2.038753e+01,1.999156e+01,1.972671e+01,1.968483e+01,1.964293e+01,1.978253e+01,1.988013e+01,1.994979e+01,2.008896e+01,2.013763e+01,2.002636e+01,2.021405e+01,2.011677e+01,2.010287e+01,2.022794e+01,2.031124e+01,2.026266e+01,2.032512e+01,2.031124e+01,2.033899e+01,2.038060e+01,2.036673e+01,2.035286e+01,2.040833e+01,2.035980e+01,2.051225e+01,2.033205e+01,2.046377e+01,2.044991e+01,2.041526e+01,2.040140e+01,2.044991e+01,2.039447e+01,2.042219e+01,2.038753e+01,2.047762e+01,2.042219e+01,2.041526e+01,2.049840e+01,2.060915e+01,2.089239e+01,2.050533e+01,2.040140e+01,2.046377e+01,2.048455e+01,2.040140e+01,2.034592e+01,2.037366e+01,2.032512e+01,2.057456e+01,2.087169e+01,2.134668e+01,2.147022e+01,2.149766e+01,2.149766e+01,2.151137e+01,2.154565e+01,2.140847e+01,2.140161e+01,2.138788e+01,2.135355e+01,2.104405e+01,2.065757e+01,2.041526e+01,2.042912e+01,2.037366e+01,2.036673e+01,2.028348e+01,2.037366e+01,2.036673e+01,2.041526e+01,2.028348e+01,2.033205e+01,2.033899e+01,2.032512e+01,2.031818e+01,2.030430e+01,2.033899e+01,2.035286e+01,2.031124e+01,2.034592e+01,2.035286e+01,2.053303e+01,2.041526e+01,2.028348e+01,2.029042e+01,2.030430e+01,2.034592e+01,2.034592e+01,2.059531e+01,2.109914e+01,2.056763e+01,2.020711e+01,2.021405e+01,2.025571e+01,2.034592e+01,2.009591e+01,2.004723e+01,2.007505e+01,2.008896e+01,2.017237e+01,2.021405e+01,2.009591e+01,2.018627e+01,2.015848e+01,2.024877e+01,2.018627e+01,2.015153e+01,2.010287e+01,2.007505e+01,2.011677e+01,2.005419e+01,2.004027e+01,2.004723e+01,1.998460e+01,2.001244e+01,2.001244e+01,2.003332e+01,1.996371e+01,1.996371e+01,1.993586e+01,1.997068e+01,1.997764e+01,1.992890e+01,1.985922e+01,1.994979e+01,1.986619e+01,1.998460e+01,1.988013e+01,1.983831e+01,1.982437e+01,1.985225e+01,1.979647e+01,1.977555e+01,1.980345e+01,1.974067e+01,1.988710e+01,1.995675e+01,2.062299e+01,2.142220e+01,2.153194e+01,2.151137e+01,2.151137e+01,2.149080e+01,2.089929e+01,2.079576e+01,2.074051e+01,2.060223e+01,2.059531e+01,2.062990e+01,2.060915e+01,2.059531e+01,2.065757e+01,2.102338e+01,2.151823e+01,2.153194e+01,2.154565e+01,2.154565e+01,2.155250e+01,2.161417e+01,2.141533e+01,2.118860e+01,2.084409e+01,2.049840e+01,2.038753e+01,2.008896e+01,2.002636e+01,1.999852e+01,2.001244e+01,1.996371e+01,1.995675e+01,2.000548e+01,1.999156e+01,2.007505e+01,2.008201e+01,2.010287e+01,2.009591e+01,2.026960e+01,2.023489e+01,2.022100e+01,2.028348e+01,2.022794e+01,2.030430e+01,2.015848e+01,2.008201e+01,2.019321e+01,2.008896e+01,2.017237e+01,2.013068e+01,2.010287e+01,2.006114e+01,2.009591e+01,2.005419e+01,2.006810e+01,2.010287e+01,2.003332e+01,1.994283e+01,1.991496e+01,1.992193e+01,1.994979e+01,1.994283e+01,1.991496e+01,1.990800e+01,1.987316e+01,1.988710e+01,1.990103e+01,1.990103e+01,1.983134e+01,1.994979e+01,1.982437e+01,1.985922e+01,1.979647e+01,1.996371e+01,1.985922e+01,1.999852e+01,2.001244e+01,2.031124e+01,2.060223e+01,2.096135e+01,2.145650e+01,2.140161e+01,2.149080e+01,2.155250e+01,2.149080e+01,2.147708e+01,2.149080e+01,2.149080e+01,2.154565e+01,2.139474e+01,2.147022e+01,2.146336e+01,2.145650e+01,2.144964e+01,2.150451e+01,2.144278e+01,2.144964e+01,2.140161e+01,2.147022e+01,2.139474e+01,2.097514e+01,2.058148e+01,2.049148e+01,2.080267e+01,2.103027e+01,2.114732e+01,2.129172e+01,2.134668e+01,2.131233e+01,2.137415e+01,2.145650e+01,2.138788e+01,2.134668e+01,2.143592e+01,2.142906e+01,2.134668e+01,2.138788e+01,2.129859e+01,2.130546e+01,2.144964e+01,2.137415e+01,2.141533e+01,2.134668e+01,2.134668e+01,2.127110e+01,2.120923e+01,2.125048e+01,2.120235e+01,2.134668e+01,2.120235e+01,2.127110e+01,2.130546e+01,2.115420e+01,2.124361e+01,2.114044e+01,2.122298e+01,2.122986e+01,2.115420e+01,2.117484e+01,2.119548e+01,2.099582e+01,2.114732e+01,2.114732e+01,2.096825e+01,2.096825e+01,2.101649e+01,2.101649e+01,2.101649e+01,2.100960e+01,2.105094e+01,2.106471e+01,2.115420e+01,2.111291e+01,2.111979e+01,2.110602e+01,2.107848e+01,2.115420e+01,2.109914e+01,2.111291e+01,2.111291e+01,2.112667e+01,2.113355e+01,2.111979e+01,2.131920e+01,2.115420e+01,2.112667e+01,2.114044e+01,2.105782e+01,2.117484e+01,2.116108e+01,2.119548e+01,2.109225e+01,2.101649e+01,2.104405e+01,2.101649e+01,2.114044e+01,2.116796e+01,2.103716e+01,2.111291e+01,2.110602e+01,2.111291e+01,2.107848e+01,2.115420e+01,2.111979e+01,2.124361e+01,2.103027e+01,2.108537e+01,2.111979e+01,2.113355e+01,2.114732e+01,2.112667e+01,2.115420e+01,2.105094e+01,2.112667e+01,2.114732e+01,2.115420e+01,2.113355e+01,2.105782e+01,2.107848e+01,2.109225e+01,2.108537e+01,2.101649e+01,2.114044e+01,2.109225e+01,2.102338e+01,2.109225e+01,2.103027e+01,2.098203e+01,2.109225e+01,2.105094e+01,2.100271e+01,2.097514e+01,2.110602e+01,2.121611e+01,2.098893e+01,2.107848e+01,2.105782e+01,2.109225e+01,2.104405e+01,2.109225e+01,2.103716e+01,2.107160e+01,2.109914e+01,2.100960e+01,2.102338e+01,2.104405e+01,2.106471e+01,2.105094e+01,2.107160e+01,2.108537e+01,2.103716e+01,2.110602e+01,2.096135e+01,2.114044e+01,2.115420e+01,2.110602e+01,2.109225e+01,2.112667e+01,2.096135e+01,2.118172e+01,2.106471e+01,2.107848e+01,2.109914e+01,2.111291e+01,2.114732e+01,2.115420e+01,2.111979e+01,2.112667e+01,2.098893e+01,2.107848e+01,2.110602e+01,2.101649e+01,2.105094e+01,2.105094e+01,2.107848e+01,2.116796e+01,2.112667e+01,2.113355e+01,2.117484e+01,2.122298e+01,2.122986e+01,2.120923e+01,2.129859e+01,2.116108e+01,2.129859e+01,2.140847e+01,2.130546e+01,2.133294e+01,2.138788e+01,2.126423e+01,2.121611e+01,2.126423e+01,2.124361e+01,2.122986e+01,2.121611e+01,2.103027e+01,2.122298e+01,2.123674e+01,2.128485e+01,2.124361e+01,2.130546e+01,2.127798e+01,2.111979e+01,2.113355e+01,2.104405e+01
2.115420e+01,2.107160e+01,2.116796e+01,2.106471e+01,2.121611e+01,2.114732e+01,2.117484e+01,2.111291e+01,2.117484e+01,2.111979e+01,2.120235e+01,2.112667e+01,2.120923e+01,2.123674e+01,2.118860e+01,2.107848e+01,2.120923e+01,2.119548e+01,2.107160e+01,2.106471e+01,2.107848e+01,2.110602e+01,2.125048e+01,2.105094e+01,2.105782e+01,2.121611e+01,2.107848e+01,2.109914e+01,2.111979e+01,2.113355e+01,2.109225e+01,2.109225e+01,2.105094e+01,2.110602e+01,2.108537e+01,2.107160e+01,2.109225e+01,2.108537e+01,2.111291e+01,2.110602e+01,2.113355e+01,2.110602e+01,2.110602e+01,2.114044e+01,2.109225e+01,2.110602e+01,2.106471e+01,2.101649e+01,2.098203e+01,2.115420e+01,2.115420e+01,2.114044e+01,2.113355e+01,2.105782e+01,2.103716e+01,2.103716e+01,2.111291e+01,2.114044e+01,2.108537e+01,2.117484e+01,2.119548e+01,2.118860e+01,2.099582e+01,2.106471e+01,2.112667e+01,2.117484e+01,2.120235e+01,2.114732e+01,2.122298e+01,2.124361e+01,2.115420e+01,2.111979e+01,2.111291e+01,2.117484e+01,2.117484e+01,2.116796e+01,2.117484e+01,2.112667e+01,2.114044e+01,2.111979e+01,2.116796e+01,2.115420e+01,2.112667e+01,2.113355e+01,2.109914e+01,2.109225e+01,2.108537e+01,2.108537e+01,2.119548e+01,2.107160e+01,2.114732e+01,2.115420e+01,2.109914e+01,2.103716e+01,2.097514e+01,2.098893e+01,2.101649e+01,2.110602e+01,2.118172e+01,2.105782e+01,2.109914e+01,2.100271e+01,2.100271e+01,2.120235e+01,2.116796e+01,2.105782e+01,2.105782e+01,2.105094e+01,2.111979e+01,2.108537e+01,2.116796e+01,2.109225e+01,2.103716e+01,2.103716e+01,2.118860e+01,2.111979e+01,2.104405e+01,2.103716e+01,2.119548e+01,2.107848e+01,2.117484e+01,2.110602e+01,2.112667e+01,2.116796e+01,2.119548e+01,2.118172e+01,2.120235e+01,2.110602e+01,2.114732e+01,2.118172e+01,2.120923e+01,2.116108e+01,2.122986e+01,2.121611e+01,2.119548e+01,2.120923e+01,2.114044e+01,2.119548e+01,2.118172e+01,2.119548e+01,2.117484e+01,2.120235e+01,2.124361e+01,2.122298e+01,2.120923e+01,2.104405e+01,2.122986e+01,2.116108e+01,2.125048e+01,2.117484e+01,2.116108e+01,2.130546e+01,2.120235e+01,2.122298e+01,2.125736e+01,2.127110e+01,2.125736e+01,2.120235e+01,2.120923e+01,2.123674e+01,2.125736e+01,2.117484e+01,2.125048e+01,2.109914e+01,2.134668e+01,2.124361e+01,2.135355e+01,2.114732e+01,2.116108e+01,2.114732e+01,2.118860e+01,2.123674e+01,2.118860e+01,2.116796e+01,2.118172e+01,2.117484e+01,2.123674e+01,2.114044e+01,2.106471e+01,2.065065e+01,2.020711e+01,2.004723e+01,2.006810e+01,1.994979e+01,1.988710e+01,1.985225e+01,1.990103e+01,1.983831e+01,1.992193e+01,1.983134e+01,1.987316e+01,1.986619e+01,1.988013e+01,1.983831e+01,1.985922e+01,1.983831e+01,1.983134e+01,1.979647e+01,1.979647e+01,1.992890e+01,1.978253e+01,1.988013e+01,1.991496e+01,1.991496e+01,2.015153e+01,2.008896e+01,2.001244e+01,2.013763e+01,2.029736e+01,2.056763e+01,2.056071e+01,2.093377e+01,2.093377e+01,2.105094e+01,2.090619e+01,2.064374e+01,2.009591e+01,1.983831e+01,1.971275e+01,1.967086e+01,1.965689e+01,1.983831e+01,1.972671e+01,1.991496e+01,2.004027e+01,2.012372e+01,2.015848e+01,2.015848e+01,2.024877e+01,2.017932e+01,2.022794e+01,2.022100e+01,2.021405e+01,2.029042e+01,2.021405e+01,2.036673e+01,2.038753e+01,2.035286e+01,2.033205e+01,2.038060e+01,2.038753e+01,2.032512e+01,2.036673e+01,2.044991e+01,2.042219e+01,2.043605e+01,2.042219e+01,2.043605e+01,2.040833e+01,2.044298e+01,2.047070e+01,2.041526e+01,2.040833e+01,2.045684e+01,2.054687e+01,2.089239e+01,2.091998e+01,2.055379e+01,2.036673e+01,2.028348e+01,2.040833e+01,2.039447e+01,2.040140e+01,2.045684e+01,2.049148e+01,2.060223e+01,2.121611e+01,2.146336e+01,2.140847e+01,2.142906e+01,2.148394e+01,2.127798e+01,2.143592e+01,2.145650e+01,2.145650e+01,2.139474e+01,2.105782e+01,2.068522e+01,2.037366e+01,2.040140e+01,2.037366e+01,2.035286e+01,2.034592e+01,2.033205e+01,2.031818e+01,2.040140e+01,2.044298e+01,2.035980e+01,2.033899e+01,2.031818e+01,2.031818e+01,2.031818e+01,2.033205e+01,2.031124e+01,2.033205e+01,2.035286e+01,2.033205e+01,2.040833e+01,2.085789e+01,2.081648e+01,2.043605e+01,2.029042e+01,2.008201e+01,2.025571e+01,2.031818e+01,2.038060e+01,2.058840e+01,2.046377e+01,2.012372e+01,2.019321e+01,2.013763e+01,2.011677e+01,2.006810e+01,2.011677e+01,2.010982e+01,2.006114e+01,2.015848e+01,2.022794e+01,2.020711e+01,2.008201e+01,2.017237e+01,2.015153e+01,2.021405e+01,2.020016e+01,2.010982e+01,2.005419e+01,2.004027e+01,2.002636e+01,2.009591e+01,2.006114e+01,2.008201e+01,1.992193e+01,2.002636e+01,2.002636e+01,2.001244e+01,1.990103e+01,1.998460e+01,1.991496e+01,2.001940e+01,1.990800e+01,1.997068e+01,1.984528e+01,1.992890e+01,1.985922e+01,1.985922e+01,1.983134e+01,1.976858e+01,1.979647e+01,1.979647e+01,1.978253e+01,1.967086e+01,1.970577e+01,1.975462e+01,1.978950e+01,2.037366e+01,2.085099e+01,2.118172e+01,2.150451e+01,2.150451e+01,2.116796e+01,2.072669e+01,2.065757e+01,2.060915e+01,2.067139e+01,2.060915e+01,2.069213e+01,2.059531e+01,2.067831e+01,2.102338e+01,2.142220e+01,2.155936e+01,2.151823e+01,2.158677e+01,2.141533e+01,2.159362e+01,2.157306e+01,2.136728e+01,2.115420e+01,2.071978e+01,2.020711e+01,2.014458e+01,2.008896e+01,2.004027e+01,2.007505e+01,2.003332e+01,1.994979e+01,1.998460e+01,2.001940e+01,2.003332e+01,2.005419e+01,2.004027e+01,2.013068e+01,2.004723e+01,2.008201e+01,2.012372e+01,2.010982e+01,2.014458e+01,2.013068e+01,2.017237e+01,2.009591e+01,2.006810e+01,2.008896e+01,2.012372e+01,2.004723e+01,2.009591e+01,2.010287e+01,2.007505e+01,2.001244e+01,1.988013e+01,1.996371e+01,2.010287e+01,1.999156e+01,1.996371e+01,1.989407e+01,2.008201e+01,1.996371e+01,1.992193e+01,1.989407e+01,1.990103e+01,1.994979e+01,1.993586e+01,1.987316e+01,1.983831e+01,1.994283e+01,1.988013e+01,1.992890e+01,1.981740e+01,1.981740e+01,1.986619e+01,1.991496e+01,1.994979e+01,2.001940e+01,2.000548e+01,2.031124e+01,2.060223e+01,2.105782e+01,2.144964e+01,2.144964e+01,2.147708e+01,2.149080e+01,2.147022e+01,2.156621e+01,2.146336e+01,2.147022e+01,2.148394e+01,2.147022e+01,2.144278e+01,2.147708e+01,2.151137e+01,2.140847e+01,2.144964e+01,2.148394e+01,2.148394e+01,2.141533e+01,2.146336e+01,2.124361e+01,2.092688e+01,2.092688e+01,2.109225e+01,2.133981e+01,2.140161e+01,2.135355e+01,2.130546e+01,2.129859e+01,2.144278e+01,2.133294e+01,2.138101e+01,2.142220e+01,2.136728e+01,2.140847e+01,2.137415e+01,2.135355e+01,2.136728e+01,2.129859e+01,2.128485e+01,2.135355e+01,2.140847e+01,2.127798e+01,2.131920e+01,2.133981e+01,2.126423e+01,2.133981e+01,2.123674e+01,2.120923e+01,2.129859e+01,2.121611e+01,2.126423e+01,2.124361e+01,2.130546e+01,2.125048e+01,2.122298e+01,2.105782e+01,2.125736e+01,2.113355e+01,2.120923e+01,2.113355e+01,2.116108e+01,2.111979e+01,2.107848e+01,2.102338e+01,2.109225e+01,2.106471e+01,2.110602e+01,2.105094e+01,2.103716e+01,2.111291e+01,2.098893e+01,2.113355e+01,2.107160e+01,2.104405e+01,2.110602e+01,2.112667e+01,2.105782e+01,2.111979e+01,2.115420e+01,2.110602e+01,2.110602e+01,2.114044e+01,2.114732e+01,2.112667e+01,2.116108e+01,2.116108e+01,2.112667e+01,2.117484e+01,2.119548e+01,2.116796e+01,2.115420e+01,2.105782e+01,2.103716e+01,2.105782e+01,2.113355e+01,2.107160e+01,2.111979e+01,2.108537e+01,2.115420e+01,2.109914e+01,2.112667e+01,2.107160e+01,2.107160e+01,2.114044e+01,2.111979e+01,2.115420e+01,2.110602e+01,2.107160e+01,2.115420e+01,2.114044e+01,2.113355e+01,2.109914e+01,2.109914e+01,2.105094e+01,2.114044e+01,2.108537e+01,2.106471e+01,2.111979e+01,2.105782e+01,2.103716e+01,2.113355e+01,2.092688e+01,2.111979e+01,2.108537e+01,2.111979e+01,2.098203e+01,2.105094e+01,2.105094e+01,2.107160e+01,2.101649e+01,2.108537e+01,2.111979e+01,2.104405e+01,2.107848e+01,2.105782e+01,2.104405e+01,2.103716e+01,2.105094e+01,2.104405e+01,2.110602e+01,2.105094e+01,2.096825e+01,2.102338e+01,2.111979e+01,2.099582e+01,2.107160e+01,2.113355e+01,2.109225e+01,2.116796e+01,2.111979e+01,2.101649e+01,2.107160e+01,2.108537e+01,2.114732e+01,2.103716e+01,2.114732e+01,2.113355e+01,2.115420e+01,2.116796e+01,2.106471e+01,2.112667e+01,2.109914e+01,2.110602e+01,2.112667e+01,2.113355e+01,2.111291e+01,2.107848e+01,2.100960e+01,2.106471e+01,2.112667e+01,2.114732e+01,2.118172e+01,2.107160e+01,2.110602e+01,2.114044e+01,2.107848e+01,2.114044e+01,2.118860e+01,2.117484e+01,2.111291e+01,2.113355e+01,2.122986e+01,2.133981e+01,2.125736e+01,2.135355e+01,2.136728e+01,2.133294e+01,2.130546e+01,2.120923e+01,2.125736e+01,2.135355e+01,2.118860e+01,2.122986e+01,2.126423e+01,2.124361e+01,2.125736e+01,2.128485e+01,2.128485e+01,2.114732e+01,2.126423e+01,2.111979e+01,2.113355e+01,2.114732e+01,2.106471e+01
2.104405e+01,2.114732e+01,2.114732e+01,2.121611e+01,2.126423e+01,2.114732e+01,2.112667e+01,2.105094e+01,2.114732e+01,2.110602e+01,2.116796e+01,2.114044e+01,2.117484e+01,2.115420e+01,2.114044e+01,2.124361e+01,2.114044e+01,2.114044e+01,2.103027e+01,2.107160e+01,2.120235e+01,2.108537e+01,2.113355e+01,2.104405e+01,2.107848e+01,2.105782e+01,2.116108e+01,2.111979e+01,2.107848e+01,2.105782e+01,2.103716e+01,2.108537e+01,2.109914e+01,2.109914e+01,2.109914e+01,2.109225e+01,2.107848e+01,2.109225e+01,2.110602e+01,2.110602e+01,2.107160e+01,2.116108e+01,2.124361e+01,2.112667e+01,2.117484e+01,2.106471e+01,2.112667e+01,2.107848e+01,2.117484e+01,2.114732e+01,2.107160e+01,2.107848e+01,2.109914e+01,2.109225e+01,2.110602e+01,2.105782e+01,2.107160e+01,2.104405e+01,2.113355e+01,2.119548e+01,2.104405e+01,2.116796e+01,2.114732e+01,2.111291e+01,2.116796e+01,2.115420e+01,2.106471e+01,2.114044e+01,2.111979e+01,2.109225e+01,2.106471e+01,2.117484e+01,2.105094e+01,2.115420e+01,2.110602e+01,2.115420e+01,2.116796e+01,2.118172e+01,2.114044e+01,2.120235e+01,2.116108e+01,2.126423e+01,2.110602e+01,2.111979e+01,2.114732e+01,2.109914e+01,2.108537e+01,2.107160e+01,2.118860e+01,2.117484e+01,2.116108e+01,2.109225e+01,2.099582e+01,2.113355e+01,2.111291e+01,2.099582e+01,2.110602e+01,2.110602e+01,2.103716e+01,2.111291e+01,2.108537e+01,2.120235e+01,2.109225e+01,2.117484e+01,2.105094e+01,2.111291e+01,2.116108e+01,2.118172e+01,2.106471e+01,2.108537e+01,2.103716e+01,2.103027e+01,2.102338e+01,2.105782e+01,2.108537e+01,2.098203e+01,2.116108e+01,2.113355e+01,2.116108e+01,2.120235e+01,2.113355e+01,2.109914e+01,2.112667e+01,2.112667e+01,2.114732e+01,2.113355e+01,2.118860e+01,2.115420e+01,2.115420e+01,2.114732e+01,2.118860e+01,2.116796e+01,2.118860e+01,2.121611e+01,2.122298e+01,2.124361e+01,2.114732e+01,2.124361e+01,2.117484e+01,2.118172e+01,2.118860e+01,2.125048e+01,2.117484e+01,2.127798e+01,2.127110e+01,2.120923e+01,2.118172e+01,2.122986e+01,2.129859e+01,2.127110e+01,2.125736e+01,2.124361e+01,2.120923e+01,2.129172e+01,2.122298e+01,2.120923e+01,2.118860e+01,2.119548e+01,2.123674e+01,2.125736e+01,2.124361e+01,2.126423e+01,2.127798e+01,2.125048e+01,2.113355e+01,2.115420e+01,2.131920e+01,2.117484e+01,2.118860e+01,2.116796e+01,2.118172e+01,2.114732e+01,2.117484e+01,2.127110e+01,2.118172e+01,2.114732e+01,2.109225e+01,2.108537e+01,2.107160e+01,2.065757e+01,2.006810e+01,2.000548e+01,1.997764e+01,1.996371e+01,1.990800e+01,1.990800e+01,1.993586e+01,1.985225e+01,2.001940e+01,1.990103e+01,1.987316e+01,1.989407e+01,1.983831e+01,1.983831e+01,1.957305e+01,1.985922e+01,1.988710e+01,1.978253e+01,1.976858e+01,1.979647e+01,1.983134e+01,1.984528e+01,1.990103e+01,1.986619e+01,1.990103e+01,1.997068e+01,2.004723e+01,2.003332e+01,1.989407e+01,1.986619e+01,2.002636e+01,2.019321e+01,2.034592e+01,2.040833e+01,2.035980e+01,2.009591e+01,2.001244e+01,1.988013e+01,1.971275e+01,1.981740e+01,1.969181e+01,1.985922e+01,1.987316e+01,1.989407e+01,1.992890e+01,1.990800e+01,2.004027e+01,2.020711e+01,2.017932e+01,2.022100e+01,2.030430e+01,2.029736e+01,2.023489e+01,2.026960e+01,2.035286e+01,2.036673e+01,2.037366e+01,2.038060e+01,2.038060e+01,2.035980e+01,2.033899e+01,2.031124e+01,2.044298e+01,2.043605e+01,2.042219e+01,2.042219e+01,2.035980e+01,2.040140e+01,2.042219e+01,2.044298e+01,2.045684e+01,2.036673e+01,2.044298e+01,2.042219e+01,2.060223e+01,2.087859e+01,2.103716e+01,2.056763e+01,2.048455e+01,2.041526e+01,2.049840e+01,2.053995e+01,2.045684e+01,2.047070e+01,2.045684e+01,2.072669e+01,2.110602e+01,2.144964e+01,2.150451e+01,2.149766e+01,2.142220e+01,2.148394e+01,2.141533e+01,2.143592e+01,2.140847e+01,2.135355e+01,2.073360e+01,2.065065e+01,2.038753e+01,2.038753e+01,2.039447e+01,2.044298e+01,2.045684e+01,2.031818e+01,2.039447e+01,2.045684e+01,2.033205e+01,2.042912e+01,2.031818e+01,2.051225e+01,2.032512e+01,2.031124e+01,2.036673e+01,2.032512e+01,2.031124e+01,2.031124e+01,2.042912e+01,2.056763e+01,2.089239e+01,2.104405e+01,2.059531e+01,2.031124e+01,2.017237e+01,2.028348e+01,2.026266e+01,2.038060e+01,2.031818e+01,2.023489e+01,2.014458e+01,2.008201e+01,2.006114e+01,1.997764e+01,2.017237e+01,2.005419e+01,2.010287e+01,2.010982e+01,2.016542e+01,2.020711e+01,2.012372e+01,2.016542e+01,2.016542e+01,2.022794e+01,2.020711e+01,2.006810e+01,2.002636e+01,2.008896e+01,2.004723e+01,2.008201e+01,1.994979e+01,1.997764e+01,1.994283e+01,2.006114e+01,1.996371e+01,1.999852e+01,1.990800e+01,1.994283e+01,2.006114e+01,1.990103e+01,1.994979e+01,1.995675e+01,1.993586e+01,1.981042e+01,1.983831e+01,1.986619e+01,1.986619e+01,1.985225e+01,1.981042e+01,1.978950e+01,1.980345e+01,1.971973e+01,1.976858e+01,1.989407e+01,1.975462e+01,1.986619e+01,1.989407e+01,2.038060e+01,2.095446e+01,2.116796e+01,2.109225e+01,2.100271e+01,2.077505e+01,2.063682e+01,2.071287e+01,2.069213e+01,2.070596e+01,2.067831e+01,2.065065e+01,2.090619e+01,2.113355e+01,2.156621e+01,2.150451e+01,2.155250e+01,2.153880e+01,2.155250e+01,2.159362e+01,2.160732e+01,2.135355e+01,2.116108e+01,2.055379e+01,2.013763e+01,2.012372e+01,2.004027e+01,2.005419e+01,1.998460e+01,1.984528e+01,1.999156e+01,2.001940e+01,2.001940e+01,2.003332e+01,2.001244e+01,2.010982e+01,2.010982e+01,2.009591e+01,2.004723e+01,2.013763e+01,2.010982e+01,2.009591e+01,2.020711e+01,2.024183e+01,2.012372e+01,2.018627e+01,2.008896e+01,2.006810e+01,2.007505e+01,2.004723e+01,1.997764e+01,2.006114e+01,1.999156e+01,2.004027e+01,2.003332e+01,2.009591e+01,1.999852e+01,1.996371e+01,2.000548e+01,1.990800e+01,2.002636e+01,1.999156e+01,2.006114e+01,1.994283e+01,1.990103e+01,1.995675e+01,1.997068e+01,1.979647e+01,1.981042e+01,1.982437e+01,1.991496e+01,1.981740e+01,1.988013e+01,1.985225e+01,2.001244e+01,1.983831e+01,1.996371e+01,1.990103e+01,2.001244e+01,2.027654e+01,2.093377e+01,2.144964e+01,2.149080e+01,2.149080e+01,2.128485e+01,2.152508e+01,2.151137e+01,2.145650e+01,2.149766e+01,2.156621e+01,2.144964e+01,2.144964e+01,2.145650e+01,2.145650e+01,2.148394e+01,2.148394e+01,2.149766e+01,2.155936e+01,2.147708e+01,2.142220e+01,2.138788e+01,2.136728e+01,2.108537e+01,2.136728e+01,2.135355e+01,2.139474e+01,2.140847e+01,2.153194e+01,2.133981e+01,2.136041e+01,2.146336e+01,2.140161e+01,2.144278e+01,2.138101e+01,2.138101e+01,2.140161e+01,2.137415e+01,2.131233e+01,2.139474e+01,2.141533e+01,2.133981e+01,2.141533e+01,2.140847e+01,2.127110e+01,2.129859e+01,2.128485e+01,2.133981e+01,2.136728e+01,2.122298e+01,2.120923e+01,2.124361e+01,2.116108e+01,2.125048e+01,2.123674e+01,2.116796e+01,2.128485e+01,2.122298e+01,2.115420e+01,2.115420e+01,2.120235e+01,2.113355e+01,2.114044e+01,2.125048e+01,2.112667e+01,2.121611e+01,2.105094e+01,2.115420e+01,2.116108e+01,2.115420e+01,2.107848e+01,2.107848e+01,2.111291e+01,2.102338e+01,2.106471e+01,2.113355e+01,2.109225e+01,2.109225e+01,2.109914e+01,2.112667e+01,2.122986e+01,2.120923e+01,2.113355e+01,2.113355e+01,2.116108e+01,2.114044e+01,2.116796e+01,2.109225e+01,2.125048e+01,2.115420e+01,2.114044e+01,2.115420e+01,2.111979e+01,2.113355e+01,2.108537e+01,2.114732e+01,2.108537e+01,2.109225e+01,2.121611e+01,2.114732e+01,2.111979e+01,2.113355e+01,2.116108e+01,2.109225e+01,2.122298e+01,2.114732e+01,2.129859e+01,2.111291e+01,2.103027e+01,2.102338e+01,2.121611e+01,2.114044e+01,2.113355e+01,2.113355e+01,2.111979e+01,2.099582e+01,2.110602e+01,2.107160e+01,2.109914e+01,2.110602e+01,2.103027e+01,2.105782e+01,2.115420e+01,2.111979e+01,2.107848e+01,2.100271e+01,2.109914e+01,2.104405e+01,2.105094e+01,2.098893e+01,2.109225e+01,2.105094e+01,2.102338e+01,2.100960e+01,2.107160e+01,2.107848e+01,2.103027e+01,2.103716e+01,2.106471e+01,2.102338e+01,2.115420e+01,2.102338e+01,2.118860e+01,2.107160e+01,2.114044e+01,2.108537e+01,2.116108e+01,2.098893e+01,2.103027e+01,2.114732e+01,2.111979e+01,2.118172e+01,2.117484e+01,2.116796e+01,2.118172e+01,2.110602e+01,2.109914e+01,2.102338e+01,2.114044e+01,2.115420e+01,2.105782e+01,2.105782e+01,2.112667e+01,2.101649e+01,2.109914e+01,2.115420e+01,2.112667e+01,2.114732e+01,2.116796e+01,2.122986e+01,2.125048e+01,2.098893e+01,2.122298e+01,2.111291e+01,2.114732e+01,2.112667e+01,2.120923e+01,2.116796e+01,2.115420e+01,2.116108e+01,2.122298e+01,2.121611e+01,2.109225e+01,2.127110e+01,2.117484e+01,2.129172e+01,2.128485e+01,2.136728e+01,2.129859e+01,2.129172e+01,2.131920e+01,2.133294e+01,2.121611e+01,2.122298e+01,2.124361e+01,2.122986e+01,2.124361e+01,2.125048e+01,2.120235e+01,2.130546e+01,2.123674e+01,2.117484e+01,2.129859e+01,2.124361e+01,2.113355e+01,2.120235e+01
2.107160e+01,2.107160e+01,2.109914e+01,2.109225e+01,2.113355e+01,2.115420e+01,2.118172e+01,2.107848e+01,2.112667e+01,2.113355e+01,2.111979e+01,2.115420e+01,2.107160e+01,2.118860e+01,2.116796e+01,2.109914e+01,2.111979e+01,2.113355e+01,2.111979e+01,2.108537e+01,2.100960e+01,2.103027e+01,2.104405e+01,2.110602e+01,2.109225e+01,2.120923e+01,2.106471e+01,2.109914e+01,2.107848e+01,2.105782e+01,2.103027e+01,2.110602e+01,2.096135e+01,2.110602e+01,2.103027e+01,2.100960e+01,2.119548e+01,2.113355e+01,2.112667e+01,2.112667e+01,2.097514e+01,2.105782e+01,2.105094e+01,2.115420e+01,2.114732e+01,2.120923e+01,2.109225e+01,2.111979e+01,2.109914e+01,2.107160e+01,2.114732e+01,2.106471e+01,2.103716e+01,2.106471e+01,2.111291e+01,2.111291e+01,2.103716e+01,2.113355e+01,2.107160e+01,2.114044e+01,2.109914e+01,2.114732e+01,2.116108e+01,2.119548e+01,2.109225e+01,2.111291e+01,2.108537e+01,2.107160e+01,2.105094e+01,2.107160e+01,2.108537e+01,2.109225e+01,2.116108e+01,2.109225e+01,2.108537e+01,2.111979e+01,2.103027e+01,2.114044e+01,2.110602e+01,2.112667e+01,2.106471e+01,2.103716e+01,2.116108e+01,2.116796e+01,2.118172e+01,2.109914e+01,2.118172e+01,2.108537e+01,2.114732e+01,2.108537e+01,2.114044e+01,2.110602e+01,2.099582e+01,2.105782e+01,2.113355e+01,2.100271e+01,2.100271e+01,2.103027e+01,2.105782e+01,2.109914e+01,2.094757e+01,2.103716e+01,2.100960e+01,2.111291e+01,2.107160e+01,2.105782e+01,2.108537e+01,2.112667e+01,2.105094e+01,2.105094e+01,2.102338e+01,2.111291e+01,2.109914e+01,2.111979e+01,2.112667e+01,2.115420e+01,2.116108e+01,2.117484e+01,2.114732e+01,2.109914e+01,2.111979e+01,2.116796e+01,2.111979e+01,2.111979e+01,2.116796e+01,2.117484e+01,2.119548e+01,2.121611e+01,2.118172e+01,2.118172e+01,2.121611e+01,2.115420e+01,2.125048e+01,2.116796e+01,2.121611e+01,2.121611e+01,2.128485e+01,2.116796e+01,2.116108e+01,2.118172e+01,2.116796e+01,2.118172e+01,2.125048e+01,2.125048e+01,2.123674e+01,2.116108e+01,2.123674e+01,2.116108e+01,2.122298e+01,2.125048e+01,2.124361e+01,2.124361e+01,2.116796e+01,2.129859e+01,2.119548e+01,2.115420e+01,2.114732e+01,2.120923e+01,2.122298e+01,2.122298e+01,2.124361e+01,2.127798e+01,2.122298e+01,2.121611e+01,2.116108e+01,2.113355e+01,2.115420e+01,2.115420e+01,2.120923e+01,2.114044e+01,2.120923e+01,2.122986e+01,2.118860e+01,2.119548e+01,2.119548e+01,2.114732e+01,2.116796e+01,2.114732e+01,2.116108e+01,2.066448e+01,2.017237e+01,2.013763e+01,1.993586e+01,1.992193e+01,1.987316e+01,1.986619e+01,1.978950e+01,1.988710e+01,1.981042e+01,1.989407e+01,1.985922e+01,1.992890e+01,1.985225e+01,1.975462e+01,1.985922e+01,1.987316e+01,1.988013e+01,1.981042e+01,1.981042e+01,1.978253e+01,1.983831e+01,1.975462e+01,1.981740e+01,1.975462e+01,1.985922e+01,1.975462e+01,1.986619e+01,1.977555e+01,1.981740e+01,1.978950e+01,1.985225e+01,1.994979e+01,1.997068e+01,1.987316e+01,1.984528e+01,1.993586e+01,1.984528e+01,1.982437e+01,1.982437e+01,1.976858e+01,1.985225e+01,2.003332e+01,1.988013e+01,1.994283e+01,1.981042e+01,1.990800e+01,1.988710e+01,2.004723e+01,2.008201e+01,2.020016e+01,2.022794e+01,2.032512e+01,2.022100e+01,2.026266e+01,2.022100e+01,2.022794e+01,2.035286e+01,2.035980e+01,2.031818e+01,2.032512e+01,2.030430e+01,2.026266e+01,2.034592e+01,2.031124e+01,2.036673e+01,2.047070e+01,2.035980e+01,2.035286e+01,2.035286e+01,2.041526e+01,2.043605e+01,2.030430e+01,2.044991e+01,2.039447e+01,2.048455e+01,2.102338e+01,2.104405e+01,2.098893e+01,2.051225e+01,2.026266e+01,2.048455e+01,2.035286e+01,2.031124e+01,2.041526e+01,2.039447e+01,2.063682e+01,2.104405e+01,2.144278e+01,2.144964e+01,2.140161e+01,2.149080e+01,2.146336e+01,2.141533e+01,2.136728e+01,2.132607e+01,2.122298e+01,2.073360e+01,2.049840e+01,2.028348e+01,2.024877e+01,2.035980e+01,2.037366e+01,2.037366e+01,2.033899e+01,2.035286e+01,2.032512e+01,2.032512e+01,2.046377e+01,2.034592e+01,2.038060e+01,2.033899e+01,2.039447e+01,2.037366e+01,2.038753e+01,2.033899e+01,2.045684e+01,2.045684e+01,2.083028e+01,2.101649e+01,2.109914e+01,2.088549e+01,2.033899e+01,2.025571e+01,2.028348e+01,2.031124e+01,2.022100e+01,2.020711e+01,2.015848e+01,2.004027e+01,2.007505e+01,2.006810e+01,2.011677e+01,2.010287e+01,2.007505e+01,2.013763e+01,2.009591e+01,2.006810e+01,2.013068e+01,2.023489e+01,2.019321e+01,2.009591e+01,2.014458e+01,2.009591e+01,2.008201e+01,2.008896e+01,2.008896e+01,1.999156e+01,1.992193e+01,2.005419e+01,1.998460e+01,2.003332e+01,2.000548e+01,2.000548e+01,1.996371e+01,1.990800e+01,1.990800e+01,1.989407e+01,1.994283e+01,1.983831e+01,1.983831e+01,1.989407e+01,1.992890e+01,1.981740e+01,1.984528e+01,1.997068e+01,1.991496e+01,1.974764e+01,1.978950e+01,1.976858e+01,1.969879e+01,1.970577e+01,1.971973e+01,1.976160e+01,1.971275e+01,1.972671e+01,1.998460e+01,2.038753e+01,2.080957e+01,2.079576e+01,2.083028e+01,2.067831e+01,2.069213e+01,2.066448e+01,2.067139e+01,2.066448e+01,2.060915e+01,2.061607e+01,2.096825e+01,2.142906e+01,2.145650e+01,2.160047e+01,2.154565e+01,2.157306e+01,2.147022e+01,2.142906e+01,2.138788e+01,2.118860e+01,2.060915e+01,2.016542e+01,2.008201e+01,2.004027e+01,2.003332e+01,1.997764e+01,1.992890e+01,1.997068e+01,2.002636e+01,1.991496e+01,2.000548e+01,2.001940e+01,2.001244e+01,2.007505e+01,2.003332e+01,2.010982e+01,2.001244e+01,2.023489e+01,2.019321e+01,2.013068e+01,2.008201e+01,2.003332e+01,2.006114e+01,2.009591e+01,2.011677e+01,2.006810e+01,2.003332e+01,2.010982e+01,2.012372e+01,2.000548e+01,2.008896e+01,2.006810e+01,1.994283e+01,1.985922e+01,2.004027e+01,1.996371e+01,1.997764e+01,1.998460e+01,1.999852e+01,2.002636e+01,1.999156e+01,2.000548e+01,1.993586e+01,1.988710e+01,1.992193e+01,1.993586e+01,1.989407e+01,1.983134e+01,1.994979e+01,1.983134e+01,1.981740e+01,1.990103e+01,1.977555e+01,1.985922e+01,1.981042e+01,1.999156e+01,2.016542e+01,2.061607e+01,2.116108e+01,2.135355e+01,2.149080e+01,2.148394e+01,2.145650e+01,2.155250e+01,2.151137e+01,2.138788e+01,2.158677e+01,2.145650e+01,2.144278e+01,2.142906e+01,2.147708e+01,2.144964e+01,2.144278e+01,2.147708e+01,2.150451e+01,2.145650e+01,2.140847e+01,2.149766e+01,2.138788e+01,2.137415e+01,2.142220e+01,2.138788e+01,2.148394e+01,2.138101e+01,2.139474e+01,2.140161e+01,2.139474e+01,2.138101e+01,2.134668e+01,2.136041e+01,2.134668e+01,2.137415e+01,2.133981e+01,2.138788e+01,2.138101e+01,2.138788e+01,2.139474e+01,2.129172e+01,2.136728e+01,2.138788e+01,2.142906e+01,2.134668e+01,2.140161e+01,2.138101e+01,2.137415e+01,2.134668e+01,2.123674e+01,2.128485e+01,2.137415e+01,2.130546e+01,2.121611e+01,2.126423e+01,2.122986e+01,2.122298e+01,2.114044e+01,2.114732e+01,2.120235e+01,2.119548e+01,2.114732e+01,2.116108e+01,2.115420e+01,2.110602e+01,2.116108e+01,2.109914e+01,2.106471e+01,2.105782e+01,2.114732e+01,2.105782e+01,2.105782e+01,2.111979e+01,2.110602e+01,2.109914e+01,2.111291e+01,2.108537e+01,2.107848e+01,2.111291e+01,2.117484e+01,2.109225e+01,2.111291e+01,2.112667e+01,2.111979e+01,2.112667e+01,2.108537e+01,2.115420e+01,2.112667e+01,2.120923e+01,2.117484e+01,2.120235e+01,2.109914e+01,2.118860e+01,2.120235e+01,2.105782e+01,2.107848e+01,2.111291e+01,2.118172e+01,2.115420e+01,2.117484e+01,2.108537e+01,2.111291e+01,2.107160e+01,2.105782e+01,2.119548e+01,2.107160e+01,2.108537e+01,2.115420e+01,2.113355e+01,2.094067e+01,2.105094e+01,2.113355e+01,2.114732e+01,2.114732e+01,2.112667e+01,2.103027e+01,2.109225e+01,2.115420e+01,2.103716e+01,2.103027e+01,2.102338e+01,2.098893e+01,2.114044e+01,2.098893e+01,2.109225e+01,2.098203e+01,2.107160e+01,2.102338e+01,2.105094e+01,2.105094e+01,2.112667e+01,2.103027e+01,2.098893e+01,2.101649e+01,2.110602e+01,2.104405e+01,2.103027e+01,2.109225e+01,2.100960e+01,2.103027e+01,2.114732e+01,2.107848e+01,2.111291e+01,2.103027e+01,2.117484e+01,2.109914e+01,2.116796e+01,2.115420e+01,2.114044e+01,2.098893e+01,2.100271e+01,2.104405e+01,2.104405e+01,2.107848e+01,2.111979e+01,2.112667e+01,2.104405e+01,2.104405e+01,2.110602e+01,2.103716e+01,2.105094e+01,2.105094e+01,2.103716e+01,2.103716e+01,2.108537e+01,2.102338e+01,2.103716e+01,2.107848e+01,2.100960e+01,2.109225e+01,2.107160e+01,2.109225e+01,2.110602e+01,2.113355e+01,2.108537e+01,2.114044e+01,2.112667e+01,2.114044e+01,2.114732e+01,2.119548e+01,2.115420e+01,2.125736e+01,2.116108e+01,2.131233e+01,2.125048e+01,2.128485e+01,2.129859e+01,2.118172e+01,2.125048e+01,2.133981e+01,2.121611e+01,2.119548e+01,2.121611e+01,2.118172e+01,2.122986e+01,2.121611e+01,2.128485e+01,2.114044e+01,2.124361e+01,2.128485e+01,2.127798e+01,2.125736e+01,2.111291e+01,2.114044e+01,2.105094e+01,2.119548e+01
2.105782e+01,2.126423e+01,2.108537e+01,2.114044e+01,2.111979e+01,2.110602e+01,2.114044e+01,2.121611e+01,2.108537e+01,2.109225e+01,2.114732e+01,2.114044e+01,2.105094e+01,2.114732e+01,2.113355e+01,2.107848e+01,2.116108e+01,2.106471e+01,2.110602e+01,2.115420e+01,2.103027e+01,2.110602e+01,2.100271e+01,2.103716e+01,2.109225e+01,2.117484e+01,2.105782e+01,2.107160e+01,2.107848e+01,2.092688e+01,2.115420e+01,2.114044e+01,2.111291e+01,2.109914e+01,2.117484e+01,2.100960e+01,2.113355e+01,2.109225e+01,2.109914e+01,2.109225e+01,2.114044e+01,2.108537e+01,2.109914e+01,2.113355e+01,2.109914e+01,2.114044e+01,2.114732e+01,2.107848e+01,2.110602e+01,2.105782e+01,2.106471e+01,2.118172e+01,2.106471e+01,2.105782e+01,2.112667e+01,2.113355e+01,2.111291e+01,2.111291e+01,2.101649e+01,2.110602e+01,2.112667e+01,2.112667e+01,2.111291e+01,2.114044e+01,2.109225e+01,2.116796e+01,2.114044e+01,2.108537e+01,2.107160e+01,2.113355e+01,2.111291e+01,2.119548e+01,2.120235e+01,2.112667e+01,2.120235e+01,2.119548e+01,2.109225e+01,2.106471e+01,2.116108e+01,2.111291e+01,2.107848e+01,2.109225e+01,2.106471e+01,2.113355e+01,2.116796e+01,2.112667e+01,2.118860e+01,2.106471e+01,2.108537e+01,2.107160e+01,2.114044e+01,2.103027e+01,2.114732e+01,2.103716e+01,2.107160e+01,2.098893e+01,2.103716e+01,2.109914e+01,2.111291e+01,2.116108e+01,2.099582e+01,2.107160e+01,2.103716e+01,2.108537e+01,2.109225e+01,2.109225e+01,2.113355e+01,2.110602e+01,2.117484e+01,2.108537e+01,2.107160e+01,2.109225e+01,2.114044e+01,2.114044e+01,2.097514e+01,2.118860e+01,2.101649e+01,2.112667e+01,2.119548e+01,2.111291e+01,2.113355e+01,2.118860e+01,2.117484e+01,2.116108e+01,2.114044e+01,2.116108e+01,2.123674e+01,2.122298e+01,2.108537e+01,2.120923e+01,2.119548e+01,2.119548e+01,2.120235e+01,2.121611e+01,2.120235e+01,2.119548e+01,2.116796e+01,2.120923e+01,2.115420e+01,2.122986e+01,2.118172e+01,2.126423e+01,2.115420e+01,2.115420e+01,2.120923e+01,2.117484e+01,2.113355e+01,2.123674e+01,2.120923e+01,2.122986e+01,2.127110e+01,2.118172e+01,2.118860e+01,2.119548e+01,2.119548e+01,2.116108e+01,2.118860e+01,2.126423e+01,2.120923e+01,2.122986e+01,2.125048e+01,2.114732e+01,2.112667e+01,2.120235e+01,2.127110e+01,2.118860e+01,2.118172e+01,2.117484e+01,2.118172e+01,2.118860e+01,2.127110e+01,2.118172e+01,2.120235e+01,2.120235e+01,2.116796e+01,2.116796e+01,2.116108e+01,2.122298e+01,2.110602e+01,2.092688e+01,2.022794e+01,1.999852e+01,1.999852e+01,1.987316e+01,1.976858e+01,1.985922e+01,1.994283e+01,1.984528e+01,1.985225e+01,1.991496e+01,1.992193e+01,1.973369e+01,1.982437e+01,1.975462e+01,1.975462e+01,1.975462e+01,1.985225e+01,1.981740e+01,1.979647e+01,1.976858e+01,1.978950e+01,1.978253e+01,1.976858e+01,1.980345e+01,1.982437e+01,1.974764e+01,1.984528e+01,1.984528e+01,1.982437e+01,1.986619e+01,1.979647e+01,1.988710e+01,1.983831e+01,1.984528e+01,1.978950e+01,1.978950e+01,1.984528e+01,1.975462e+01,1.981042e+01,1.976160e+01,1.990103e+01,1.983134e+01,1.970577e+01,1.990103e+01,1.994283e+01,1.989407e+01,1.991496e+01,1.990103e+01,2.001940e+01,2.005419e+01,2.020711e+01,2.023489e+01,2.028348e+01,2.024183e+01,2.030430e+01,2.024877e+01,2.029042e+01,2.036673e+01,2.039447e+01,2.029736e+01,2.031818e+01,2.029042e+01,2.025571e+01,2.029736e+01,2.031818e+01,2.031818e+01,2.031818e+01,2.033899e+01,2.040833e+01,2.030430e+01,2.041526e+01,2.042912e+01,2.044991e+01,2.040833e+01,2.075432e+01,2.126423e+01,2.127798e+01,2.110602e+01,2.091308e+01,2.046377e+01,2.035286e+01,2.031124e+01,2.034592e+01,2.030430e+01,2.044298e+01,2.080957e+01,2.122986e+01,2.148394e+01,2.142220e+01,2.147708e+01,2.157991e+01,2.145650e+01,2.140847e+01,2.144278e+01,2.129172e+01,2.102338e+01,2.060915e+01,2.033205e+01,2.042219e+01,2.036673e+01,2.037366e+01,2.031818e+01,2.050533e+01,2.033205e+01,2.047762e+01,2.050533e+01,2.031818e+01,2.031818e+01,2.031124e+01,2.038060e+01,2.032512e+01,2.037366e+01,2.037366e+01,2.044298e+01,2.029736e+01,2.037366e+01,2.047762e+01,2.055379e+01,2.101649e+01,2.105782e+01,2.111291e+01,2.086479e+01,2.024183e+01,2.025571e+01,2.021405e+01,2.014458e+01,2.012372e+01,2.013763e+01,2.010287e+01,2.006810e+01,2.006114e+01,2.004027e+01,2.004723e+01,2.013068e+01,2.013068e+01,2.011677e+01,2.005419e+01,2.022100e+01,2.015848e+01,2.019321e+01,2.015848e+01,2.016542e+01,2.014458e+01,2.007505e+01,2.006114e+01,2.003332e+01,2.006114e+01,1.999852e+01,2.001244e+01,1.997764e+01,2.005419e+01,1.998460e+01,2.000548e+01,1.998460e+01,1.988710e+01,1.986619e+01,1.986619e+01,1.987316e+01,1.985225e+01,1.981740e+01,1.991496e+01,1.989407e+01,1.983831e+01,1.974764e+01,1.982437e+01,1.971973e+01,1.983134e+01,1.973369e+01,1.978253e+01,1.971275e+01,1.966388e+01,1.964991e+01,1.974764e+01,1.968483e+01,1.965689e+01,1.990800e+01,2.004723e+01,2.018627e+01,2.044298e+01,2.062299e+01,2.062990e+01,2.062990e+01,2.069213e+01,2.060223e+01,2.062299e+01,2.072669e+01,2.092688e+01,2.140161e+01,2.144278e+01,2.153194e+01,2.155936e+01,2.136728e+01,2.149766e+01,2.145650e+01,2.149080e+01,2.138101e+01,2.133981e+01,2.058840e+01,2.017237e+01,2.008896e+01,2.002636e+01,2.003332e+01,2.003332e+01,2.001940e+01,1.997068e+01,1.994979e+01,1.999852e+01,2.001244e+01,2.004027e+01,2.006114e+01,1.999156e+01,2.001244e+01,2.007505e+01,2.004723e+01,1.997764e+01,2.005419e+01,1.997068e+01,2.008896e+01,2.003332e+01,2.009591e+01,2.007505e+01,2.004723e+01,2.008896e+01,2.004027e+01,2.008201e+01,2.007505e+01,2.011677e+01,2.011677e+01,2.004723e+01,2.005419e+01,1.991496e+01,1.986619e+01,2.000548e+01,1.997068e+01,1.971275e+01,1.993586e+01,1.987316e+01,1.998460e+01,1.999156e+01,1.995675e+01,1.993586e+01,1.992193e+01,1.990103e+01,1.992890e+01,1.993586e+01,1.976858e+01,1.985225e+01,1.986619e+01,1.981042e+01,1.983831e+01,1.982437e+01,1.999852e+01,2.030430e+01,2.095446e+01,2.122986e+01,2.145650e+01,2.140161e+01,2.144964e+01,2.136728e+01,2.145650e+01,2.133294e+01,2.143592e+01,2.150451e+01,2.149080e+01,2.138788e+01,2.144964e+01,2.142906e+01,2.143592e+01,2.149080e+01,2.146336e+01,2.149080e+01,2.144964e+01,2.144964e+01,2.141533e+01,2.137415e+01,2.147022e+01,2.136728e+01,2.153194e+01,2.142220e+01,2.140847e+01,2.138101e+01,2.140847e+01,2.138101e+01,2.136728e+01,2.134668e+01,2.140847e+01,2.145650e+01,2.140847e+01,2.134668e+01,2.130546e+01,2.138101e+01,2.135355e+01,2.129859e+01,2.136041e+01,2.137415e+01,2.136041e+01,2.132607e+01,2.129859e+01,2.136041e+01,2.129859e+01,2.138788e+01,2.128485e+01,2.127798e+01,2.133981e+01,2.124361e+01,2.135355e+01,2.121611e+01,2.125048e+01,2.131920e+01,2.121611e+01,2.126423e+01,2.118860e+01,2.119548e+01,2.114044e+01,2.115420e+01,2.116108e+01,2.111291e+01,2.107848e+01,2.109225e+01,2.107160e+01,2.110602e+01,2.107848e+01,2.111979e+01,2.104405e+01,2.103716e+01,2.107160e+01,2.105782e+01,2.105094e+01,2.111979e+01,2.111291e+01,2.107848e+01,2.101649e+01,2.122986e+01,2.110602e+01,2.116108e+01,2.117484e+01,2.120923e+01,2.115420e+01,2.105782e+01,2.114732e+01,2.118860e+01,2.116108e+01,2.116796e+01,2.109914e+01,2.109225e+01,2.114732e+01,2.114732e+01,2.109914e+01,2.107848e+01,2.113355e+01,2.115420e+01,2.116108e+01,2.107848e+01,2.116796e+01,2.108537e+01,2.118860e+01,2.108537e+01,2.118172e+01,2.114044e+01,2.122298e+01,2.116108e+01,2.109225e+01,2.119548e+01,2.114044e+01,2.111291e+01,2.114044e+01,2.108537e+01,2.113355e+01,2.102338e+01,2.101649e+01,2.089929e+01,2.107160e+01,2.107848e+01,2.106471e+01,2.100960e+01,2.107160e+01,2.106471e+01,2.110602e+01,2.108537e+01,2.103716e+01,2.114044e+01,2.101649e+01,2.103716e+01,2.103027e+01,2.113355e+01,2.108537e+01,2.105094e+01,2.101649e+01,2.103716e+01,2.104405e+01,2.101649e+01,2.103716e+01,2.100271e+01,2.103027e+01,2.102338e+01,2.105094e+01,2.110602e+01,2.108537e+01,2.111979e+01,2.118860e+01,2.116796e+01,2.111291e+01,2.109914e+01,2.107160e+01,2.111291e+01,2.111979e+01,2.108537e+01,2.120235e+01,2.110602e+01,2.112667e+01,2.097514e+01,2.113355e+01,2.101649e+01,2.105094e+01,2.107848e+01,2.102338e+01,2.102338e+01,2.120235e+01,2.116796e+01,2.106471e+01,2.102338e+01,2.113355e+01,2.104405e+01,2.101649e+01,2.119548e+01,2.114044e+01,2.104405e+01,2.111979e+01,2.111291e+01,2.100271e+01,2.116108e+01,2.114044e+01,2.111979e+01,2.111291e+01,2.125048e+01,2.118172e+01,2.117484e+01,2.125048e+01,2.123674e+01,2.123674e+01,2.120923e+01,2.124361e+01,2.130546e+01,2.122298e+01,2.131920e+01,2.122986e+01,2.125736e+01,2.116796e+01,2.116796e+01,2.120235e+01,2.116796e+01,2.111291e+01,2.114044e+01,2.125048e+01,2.119548e+01,2.114044e+01,2.109914e+01,2.118172e+01,2.116796e+01,2.114732e+01
2.106471e+01,2.114732e+01,2.116796e+01,2.107160e+01,2.107160e+01,2.115420e+01,2.119548e+01,2.114732e+01,2.118172e+01,2.114732e+01,2.116796e+01,2.111291e+01,2.112667e+01,2.106471e+01,2.121611e+01,2.112667e+01,2.103027e+01,2.111291e+01,2.111979e+01,2.120235e+01,2.115420e+01,2.106471e+01,2.094067e+01,2.109225e+01,2.110602e+01,2.096825e+01,2.096135e+01,2.106471e+01,2.107160e+01,2.109225e+01,2.112667e+01,2.105094e+01,2.114732e+01,2.114044e+01,2.100271e+01,2.109225e+01,2.107160e+01,2.109225e+01,2.097514e+01,2.103027e+01,2.104405e+01,2.100960e+01,2.114044e+01,2.107848e+01,2.106471e+01,2.104405e+01,2.119548e+01,2.109225e+01,2.115420e+01,2.114044e+01,2.116796e+01,2.113355e+01,2.119548e+01,2.107848e+01,2.110602e+01,2.096825e+01,2.112667e+01,2.107848e+01,2.111291e+01,2.112667e+01,2.107848e+01,2.113355e+01,2.117484e+01,2.111291e+01,2.116108e+01,2.122298e+01,2.109225e+01,2.107160e+01,2.107848e+01,2.106471e+01,2.120235e+01,2.112667e+01,2.123674e+01,2.120923e+01,2.105094e+01,2.112667e+01,2.107160e+01,2.114044e+01,2.111979e+01,2.114732e+01,2.110602e+01,2.111979e+01,2.116108e+01,2.116108e+01,2.114732e+01,2.111979e+01,2.106471e+01,2.119548e+01,2.109225e+01,2.116108e+01,2.115420e+01,2.114732e+01,2.103027e+01,2.112667e+01,2.100960e+01,2.102338e+01,2.111291e+01,2.115420e+01,2.103027e+01,2.103027e+01,2.107848e+01,2.114732e+01,2.103716e+01,2.106471e+01,2.117484e+01,2.106471e+01,2.111979e+01,2.112667e+01,2.118860e+01,2.112667e+01,2.112667e+01,2.111979e+01,2.107848e+01,2.113355e+01,2.115420e+01,2.114732e+01,2.120235e+01,2.114732e+01,2.115420e+01,2.110602e+01,2.115420e+01,2.119548e+01,2.110602e+01,2.112667e+01,2.120923e+01,2.119548e+01,2.121611e+01,2.116108e+01,2.126423e+01,2.122986e+01,2.120923e+01,2.119548e+01,2.127110e+01,2.120923e+01,2.122986e+01,2.119548e+01,2.125736e+01,2.121611e+01,2.127110e+01,2.122298e+01,2.127110e+01,2.125736e+01,2.127798e+01,2.127798e+01,2.114732e+01,2.119548e+01,2.116796e+01,2.142220e+01,2.140847e+01,2.129859e+01,2.126423e+01,2.130546e+01,2.122986e+01,2.122298e+01,2.120923e+01,2.132607e+01,2.119548e+01,2.116796e+01,2.116796e+01,2.131920e+01,2.125736e+01,2.120923e+01,2.125736e+01,2.125736e+01,2.121611e+01,2.120235e+01,2.125048e+01,2.118172e+01,2.116796e+01,2.119548e+01,2.115420e+01,2.120235e+01,2.124361e+01,2.117484e+01,2.118860e+01,2.115420e+01,2.120235e+01,2.105094e+01,2.107848e+01,2.062990e+01,2.019321e+01,2.006810e+01,1.995675e+01,1.999852e+01,1.996371e+01,1.990103e+01,1.994283e+01,1.983134e+01,1.990103e+01,1.992193e+01,1.985922e+01,1.986619e+01,1.984528e+01,1.985225e+01,1.988710e+01,1.983134e+01,1.986619e+01,1.985225e+01,1.980345e+01,1.984528e+01,1.991496e+01,1.978253e+01,1.982437e+01,1.976858e+01,1.975462e+01,1.983831e+01,1.983831e+01,1.980345e+01,1.986619e+01,1.977555e+01,1.985225e+01,1.985922e+01,1.982437e+01,1.985922e+01,1.982437e+01,1.983831e+01,1.983831e+01,1.985922e+01,1.982437e+01,1.981042e+01,1.989407e+01,1.985922e+01,1.981042e+01,1.993586e+01,1.984528e+01,1.990800e+01,1.988710e+01,2.001244e+01,1.997764e+01,2.006114e+01,2.019321e+01,2.016542e+01,2.024183e+01,2.022794e+01,2.033899e+01,2.026266e+01,2.024877e+01,2.031818e+01,2.029736e+01,2.032512e+01,2.037366e+01,2.033899e+01,2.028348e+01,2.024877e+01,2.033205e+01,2.033899e+01,2.035286e+01,2.035286e+01,2.038753e+01,2.034592e+01,2.030430e+01,2.035980e+01,2.041526e+01,2.047070e+01,2.084409e+01,2.127798e+01,2.137415e+01,2.135355e+01,2.123674e+01,2.088549e+01,2.051918e+01,2.047762e+01,2.029736e+01,2.037366e+01,2.053995e+01,2.079576e+01,2.139474e+01,2.143592e+01,2.156621e+01,2.141533e+01,2.142220e+01,2.148394e+01,2.160732e+01,2.145650e+01,2.131233e+01,2.098203e+01,2.058148e+01,2.042219e+01,2.037366e+01,2.031818e+01,2.036673e+01,2.033899e+01,2.034592e+01,2.050533e+01,2.033205e+01,2.029042e+01,2.033205e+01,2.035286e+01,2.037366e+01,2.042912e+01,2.044298e+01,2.042912e+01,2.041526e+01,2.038060e+01,2.029042e+01,2.047070e+01,2.059531e+01,2.056763e+01,2.078886e+01,2.100960e+01,2.112667e+01,2.110602e+01,2.051918e+01,2.027654e+01,2.019321e+01,2.014458e+01,2.015848e+01,2.010982e+01,2.004027e+01,2.005419e+01,2.013763e+01,2.015153e+01,2.010287e+01,2.018627e+01,2.021405e+01,2.010982e+01,2.018627e+01,2.013763e+01,2.018627e+01,2.016542e+01,2.010982e+01,2.016542e+01,2.010982e+01,2.010287e+01,2.010287e+01,2.008201e+01,2.003332e+01,1.999852e+01,1.999156e+01,1.994979e+01,1.997068e+01,2.000548e+01,1.999852e+01,1.999852e+01,1.983831e+01,1.989407e+01,1.984528e+01,1.997764e+01,1.992193e+01,1.992890e+01,1.994283e+01,1.982437e+01,1.985225e+01,1.977555e+01,1.989407e+01,1.981042e+01,1.982437e+01,1.982437e+01,1.983134e+01,1.979647e+01,1.964293e+01,1.986619e+01,1.978950e+01,1.976858e+01,1.969879e+01,1.983831e+01,1.970577e+01,2.004723e+01,2.008896e+01,2.058840e+01,2.065757e+01,2.068522e+01,2.067831e+01,2.066448e+01,2.072669e+01,2.067831e+01,2.115420e+01,2.141533e+01,2.162787e+01,2.147022e+01,2.160732e+01,2.166895e+01,2.149080e+01,2.153880e+01,2.152508e+01,2.141533e+01,2.083028e+01,2.035980e+01,2.008896e+01,2.007505e+01,2.005419e+01,2.005419e+01,2.001940e+01,1.994979e+01,1.991496e+01,1.993586e+01,1.994979e+01,1.992193e+01,2.000548e+01,2.004027e+01,1.997764e+01,2.008201e+01,2.004027e+01,1.999156e+01,2.006114e+01,2.004027e+01,2.002636e+01,1.997068e+01,2.005419e+01,2.011677e+01,2.006810e+01,2.004723e+01,2.004027e+01,2.008201e+01,2.020711e+01,2.010287e+01,2.006114e+01,2.005419e+01,2.000548e+01,2.001940e+01,1.993586e+01,1.996371e+01,1.989407e+01,1.993586e+01,2.006114e+01,1.990800e+01,2.001940e+01,1.998460e+01,1.993586e+01,2.001244e+01,1.998460e+01,1.997764e+01,2.000548e+01,1.991496e+01,1.989407e+01,1.983831e+01,1.994979e+01,1.986619e+01,1.988013e+01,2.002636e+01,2.004723e+01,2.056071e+01,2.098893e+01,2.127110e+01,2.134668e+01,2.144278e+01,2.144964e+01,2.138101e+01,2.157991e+01,2.151823e+01,2.153880e+01,2.151823e+01,2.140161e+01,2.148394e+01,2.144964e+01,2.148394e+01,2.147708e+01,2.153194e+01,2.147708e+01,2.150451e+01,2.147022e+01,2.143592e+01,2.149080e+01,2.146336e+01,2.145650e+01,2.139474e+01,2.142906e+01,2.141533e+01,2.140161e+01,2.140161e+01,2.144278e+01,2.144964e+01,2.133981e+01,2.142906e+01,2.146336e+01,2.141533e+01,2.136041e+01,2.142220e+01,2.134668e+01,2.134668e+01,2.133981e+01,2.141533e+01,2.131920e+01,2.140161e+01,2.133981e+01,2.128485e+01,2.133294e+01,2.126423e+01,2.131233e+01,2.135355e+01,2.127798e+01,2.133294e+01,2.124361e+01,2.119548e+01,2.141533e+01,2.124361e+01,2.131233e+01,2.122298e+01,2.126423e+01,2.124361e+01,2.117484e+01,2.118860e+01,2.118172e+01,2.122986e+01,2.116108e+01,2.121611e+01,2.118172e+01,2.114732e+01,2.114732e+01,2.111291e+01,2.110602e+01,2.113355e+01,2.116796e+01,2.115420e+01,2.111979e+01,2.107848e+01,2.109914e+01,2.107848e+01,2.113355e+01,2.108537e+01,2.107848e+01,2.103716e+01,2.107848e+01,2.123674e+01,2.126423e+01,2.110602e+01,2.111291e+01,2.107160e+01,2.107160e+01,2.115420e+01,2.106471e+01,2.114044e+01,2.118172e+01,2.111291e+01,2.119548e+01,2.116108e+01,2.118172e+01,2.120235e+01,2.103027e+01,2.109225e+01,2.116796e+01,2.108537e+01,2.114732e+01,2.116108e+01,2.124361e+01,2.108537e+01,2.125736e+01,2.124361e+01,2.118860e+01,2.106471e+01,2.122986e+01,2.109225e+01,2.111291e+01,2.109914e+01,2.110602e+01,2.114732e+01,2.108537e+01,2.109225e+01,2.113355e+01,2.100271e+01,2.101649e+01,2.116796e+01,2.104405e+01,2.105782e+01,2.110602e+01,2.110602e+01,2.118172e+01,2.110602e+01,2.107160e+01,2.107848e+01,2.102338e+01,2.100271e+01,2.102338e+01,2.114732e+01,2.105782e+01,2.105094e+01,2.099582e+01,2.112667e+01,2.103716e+01,2.107848e+01,2.100960e+01,2.105782e+01,2.103716e+01,2.109225e+01,2.103027e+01,2.104405e+01,2.111291e+01,2.103716e+01,2.109225e+01,2.111291e+01,2.115420e+01,2.117484e+01,2.109914e+01,2.114044e+01,2.109225e+01,2.118172e+01,2.108537e+01,2.108537e+01,2.109225e+01,2.105782e+01,2.105094e+01,2.112667e+01,2.107160e+01,2.109914e+01,2.105782e+01,2.103027e+01,2.118860e+01,2.111979e+01,2.116796e+01,2.101649e+01,2.103716e+01,2.111979e+01,2.103716e+01,2.105782e+01,2.115420e+01,2.109914e+01,2.105094e+01,2.111979e+01,2.115420e+01,2.116796e+01,2.116796e+01,2.118172e+01,2.114732e+01,2.118172e+01,2.118172e+01,2.119548e+01,2.117484e+01,2.122298e+01,2.123674e+01,2.126423e+01,2.125048e+01,2.119548e+01,2.131233e+01,2.121611e+01,2.121611e+01,2.127798e+01,2.120923e+01,2.119548e+01,2.121611e+01,2.114732e+01,2.116108e+01,2.119548e+01,2.120923e+01,2.123674e+01,2.114732e+01,2.115420e+01,2.123674e+01,2.114044e+01,2.115420e+01,2.118860e+01
2.104405e+01,2.110602e+01,2.107160e+01,2.111291e+01,2.110602e+01,2.111979e+01,2.111291e+01,2.112667e+01,2.106471e+01,2.116108e+01,2.107160e+01,2.110602e+01,2.107848e+01,2.112667e+01,2.104405e+01,2.114732e+01,2.111979e+01,2.114044e+01,2.110602e+01,2.114044e+01,2.107160e+01,2.103716e+01,2.098893e+01,2.100271e+01,2.106471e+01,2.100271e+01,2.106471e+01,2.095446e+01,2.104405e+01,2.110602e+01,2.097514e+01,2.096825e+01,2.112667e+01,2.106471e+01,2.105782e+01,2.107160e+01,2.104405e+01,2.110602e+01,2.107160e+01,2.116796e+01,2.104405e+01,2.085099e+01,2.107848e+01,2.108537e+01,2.102338e+01,2.104405e+01,2.114044e+01,2.111291e+01,2.107160e+01,2.116108e+01,2.104405e+01,2.107848e+01,2.109225e+01,2.108537e+01,2.109225e+01,2.110602e+01,2.107160e+01,2.107848e+01,2.118172e+01,2.115420e+01,2.111291e+01,2.116108e+01,2.105782e+01,2.111979e+01,2.106471e+01,2.113355e+01,2.105094e+01,2.116796e+01,2.114732e+01,2.122298e+01,2.118860e+01,2.128485e+01,2.107160e+01,2.113355e+01,2.108537e+01,2.103716e+01,2.106471e+01,2.107848e+01,2.106471e+01,2.114044e+01,2.111291e+01,2.111979e+01,2.112667e+01,2.116796e+01,2.114732e+01,2.115420e+01,2.103716e+01,2.107160e+01,2.107160e+01,2.108537e+01,2.105094e+01,2.111979e+01,2.108537e+01,2.103716e+01,2.097514e+01,2.111291e+01,2.111291e+01,2.102338e+01,2.112667e+01,2.109225e+01,2.103027e+01,2.107160e+01,2.102338e+01,2.106471e+01,2.116108e+01,2.102338e+01,2.103027e+01,2.118860e+01,2.120235e+01,2.113355e+01,2.118860e+01,2.105782e+01,2.112667e+01,2.114044e+01,2.107848e+01,2.100271e+01,2.106471e+01,2.116108e+01,2.108537e+01,2.105782e+01,2.115420e+01,2.113355e+01,2.118860e+01,2.103716e+01,2.112667e+01,2.118860e+01,2.107160e+01,2.116108e+01,2.108537e+01,2.105782e+01,2.122986e+01,2.120923e+01,2.129172e+01,2.118172e+01,2.122298e+01,2.120235e+01,2.124361e+01,2.115420e+01,2.125048e+01,2.121611e+01,2.118172e+01,2.118860e+01,2.123674e+01,2.116108e+01,2.121611e+01,2.118172e+01,2.114044e+01,2.117484e+01,2.136728e+01,2.115420e+01,2.127110e+01,2.121611e+01,2.117484e+01,2.118172e+01,2.120235e+01,2.118172e+01,2.116108e+01,2.118860e+01,2.120923e+01,2.126423e+01,2.126423e+01,2.109914e+01,2.118860e+01,2.117484e+01,2.118172e+01,2.120923e+01,2.122986e+01,2.125048e+01,2.122986e+01,2.119548e+01,2.124361e+01,2.117484e+01,2.122298e+01,2.120923e+01,2.114732e+01,2.118172e+01,2.118860e+01,2.105782e+01,2.112667e+01,2.087859e+01,2.026960e+01,2.008896e+01,1.988710e+01,1.989407e+01,1.986619e+01,1.990103e+01,1.988710e+01,1.992890e+01,1.982437e+01,1.988710e+01,1.971275e+01,1.988013e+01,1.982437e+01,1.981740e+01,1.974764e+01,1.975462e+01,1.983831e+01,1.987316e+01,1.982437e+01,1.980345e+01,1.976858e+01,1.983134e+01,1.970577e+01,1.978253e+01,1.988013e+01,1.971973e+01,1.970577e+01,1.969879e+01,1.978950e+01,1.981740e+01,1.981042e+01,1.985225e+01,1.971275e+01,1.981042e+01,1.981042e+01,1.981042e+01,1.980345e+01,1.976858e+01,1.975462e+01,1.981042e+01,1.983831e+01,1.983134e+01,1.987316e+01,1.987316e+01,1.988013e+01,1.988013e+01,1.996371e+01,1.991496e+01,1.992193e+01,1.993586e+01,1.997764e+01,2.013068e+01,2.010287e+01,2.010982e+01,2.015848e+01,2.024877e+01,2.026266e+01,2.024877e+01,2.027654e+01,2.024877e+01,2.019321e+01,2.034592e+01,2.021405e+01,2.024183e+01,2.030430e+01,2.021405e+01,2.023489e+01,2.033899e+01,2.035980e+01,2.038060e+01,2.028348e+01,2.031818e+01,2.045684e+01,2.075432e+01,2.106471e+01,2.141533e+01,2.158677e+01,2.138101e+01,2.126423e+01,2.112667e+01,2.087859e+01,2.032512e+01,2.034592e+01,2.034592e+01,2.038060e+01,2.088549e+01,2.136728e+01,2.146336e+01,2.155936e+01,2.159362e+01,2.147708e+01,2.158677e+01,2.149766e+01,2.130546e+01,2.134668e+01,2.093377e+01,2.047762e+01,2.025571e+01,2.026960e+01,2.035980e+01,2.029736e+01,2.031124e+01,2.029736e+01,2.030430e+01,2.031124e+01,2.033205e+01,2.033899e+01,2.034592e+01,2.039447e+01,2.038753e+01,2.038753e+01,2.054687e+01,2.051918e+01,2.067139e+01,2.063682e+01,2.033205e+01,2.049840e+01,2.049840e+01,2.050533e+01,2.060915e+01,2.100960e+01,2.106471e+01,2.070596e+01,2.026960e+01,2.023489e+01,2.010287e+01,2.015153e+01,2.006810e+01,2.008201e+01,2.002636e+01,2.003332e+01,2.004723e+01,2.007505e+01,2.014458e+01,2.015153e+01,2.016542e+01,2.020016e+01,2.013763e+01,2.020016e+01,2.013763e+01,2.019321e+01,2.011677e+01,2.010982e+01,2.009591e+01,2.007505e+01,2.015848e+01,2.004027e+01,2.006810e+01,2.000548e+01,1.997068e+01,1.996371e+01,1.999156e+01,1.994979e+01,1.997764e+01,1.992193e+01,1.985922e+01,1.987316e+01,1.997764e+01,1.981740e+01,1.993586e+01,1.983831e+01,1.988013e+01,1.987316e+01,1.985922e+01,1.976858e+01,1.985922e+01,1.982437e+01,1.980345e+01,1.978253e+01,1.979647e+01,1.973369e+01,1.965689e+01,1.967086e+01,1.953810e+01,1.967086e+01,1.963594e+01,1.964991e+01,1.983831e+01,1.996371e+01,2.021405e+01,2.055379e+01,2.054687e+01,2.063682e+01,2.069213e+01,2.069213e+01,2.100271e+01,2.144964e+01,2.151823e+01,2.152508e+01,2.144964e+01,2.147708e+01,2.165526e+01,2.151823e+01,2.153880e+01,2.138101e+01,2.109914e+01,2.060915e+01,2.008201e+01,2.004723e+01,2.004723e+01,1.998460e+01,1.998460e+01,1.996371e+01,1.995675e+01,1.996371e+01,1.985922e+01,1.992890e+01,1.990103e+01,1.995675e+01,2.001940e+01,1.992193e+01,1.994979e+01,2.002636e+01,1.997764e+01,2.006114e+01,2.000548e+01,1.998460e+01,2.005419e+01,1.999852e+01,2.001244e+01,1.992193e+01,2.007505e+01,2.001940e+01,2.001244e+01,2.005419e+01,2.005419e+01,2.008201e+01,2.000548e+01,1.994979e+01,1.997764e+01,2.003332e+01,1.994283e+01,1.988710e+01,1.985922e+01,1.987316e+01,1.988013e+01,1.989407e+01,2.004723e+01,1.986619e+01,1.985225e+01,1.985225e+01,1.996371e+01,1.999852e+01,1.994979e+01,1.994283e+01,1.989407e+01,1.981740e+01,1.987316e+01,1.986619e+01,1.988710e+01,2.020016e+01,2.077505e+01,2.100960e+01,2.126423e+01,2.133981e+01,2.142906e+01,2.137415e+01,2.144278e+01,2.151137e+01,2.132607e+01,2.135355e+01,2.155936e+01,2.138101e+01,2.147708e+01,2.149766e+01,2.151137e+01,2.142906e+01,2.142220e+01,2.144278e+01,2.140847e+01,2.138788e+01,2.146336e+01,2.138788e+01,2.142220e+01,2.142220e+01,2.140847e+01,2.134668e+01,2.139474e+01,2.138101e+01,2.143592e+01,2.142906e+01,2.143592e+01,2.141533e+01,2.144278e+01,2.140847e+01,2.139474e+01,2.136728e+01,2.143592e+01,2.144964e+01,2.140847e+01,2.132607e+01,2.140847e+01,2.136041e+01,2.135355e+01,2.131233e+01,2.138101e+01,2.127798e+01,2.126423e+01,2.144964e+01,2.144278e+01,2.140847e+01,2.128485e+01,2.130546e+01,2.127110e+01,2.124361e+01,2.122986e+01,2.122986e+01,2.117484e+01,2.120923e+01,2.120235e+01,2.119548e+01,2.120923e+01,2.116796e+01,2.115420e+01,2.116108e+01,2.109225e+01,2.106471e+01,2.111979e+01,2.105094e+01,2.116108e+01,2.120235e+01,2.113355e+01,2.111291e+01,2.118172e+01,2.112667e+01,2.102338e+01,2.110602e+01,2.107160e+01,2.103716e+01,2.103716e+01,2.103716e+01,2.109914e+01,2.114732e+01,2.099582e+01,2.108537e+01,2.106471e+01,2.109914e+01,2.112667e+01,2.111979e+01,2.108537e+01,2.108537e+01,2.111291e+01,2.110602e+01,2.105094e+01,2.107160e+01,2.112667e+01,2.116108e+01,2.112667e+01,2.114044e+01,2.105782e+01,2.104405e+01,2.104405e+01,2.106471e+01,2.118860e+01,2.107848e+01,2.114732e+01,2.114732e+01,2.111979e+01,2.111979e+01,2.120923e+01,2.110602e+01,2.109225e+01,2.111291e+01,2.105094e+01,2.109914e+01,2.107848e+01,2.109914e+01,2.111291e+01,2.110602e+01,2.114732e+01,2.108537e+01,2.114732e+01,2.096135e+01,2.109225e+01,2.112667e+01,2.109914e+01,2.105782e+01,2.105782e+01,2.111979e+01,2.109914e+01,2.111291e+01,2.110602e+01,2.106471e+01,2.100960e+01,2.118860e+01,2.098203e+01,2.102338e+01,2.109914e+01,2.104405e+01,2.101649e+01,2.105782e+01,2.103027e+01,2.107848e+01,2.106471e+01,2.112667e+01,2.111979e+01,2.102338e+01,2.102338e+01,2.108537e+01,2.107160e+01,2.108537e+01,2.107160e+01,2.114044e+01,2.117484e+01,2.109914e+01,2.109914e+01,2.109914e+01,2.109225e+01,2.113355e+01,2.109225e+01,2.111291e+01,2.103716e+01,2.111979e+01,2.105782e+01,2.105782e+01,2.105782e+01,2.112667e+01,2.114044e+01,2.098893e+01,2.103716e+01,2.105782e+01,2.108537e+01,2.100271e+01,2.105094e+01,2.102338e+01,2.109914e+01,2.112667e+01,2.113355e+01,2.111979e+01,2.109225e+01,2.106471e+01,2.109225e+01,2.116108e+01,2.118860e+01,2.124361e+01,2.116796e+01,2.124361e+01,2.121611e+01,2.122986e+01,2.122986e+01,2.123674e+01,2.123674e+01,2.116108e+01,2.119548e+01,2.120235e+01,2.120923e+01,2.125736e+01,2.120923e+01,2.113355e+01,2.113355e+01,2.125048e+01,2.127798e+01,2.111979e+01,2.125048e+01,2.125736e+01,2.111291e+01,2.109914e+01,2.118172e+01,2.114732e+01,2.118172e+01
2.111291e+01,2.105782e+01,2.118172e+01,2.117484e+01,2.107848e+01,2.109914e+01,2.108537e+01,2.105094e+01,2.105094e+01,2.109914e+01,2.116108e+01,2.111979e+01,2.120923e+01,2.113355e+01,2.112667e+01,2.105782e+01,2.116796e+01,2.112667e+01,2.111291e+01,2.106471e+01,2.114044e+01,2.113355e+01,2.111291e+01,2.104405e+01,2.104405e+01,2.101649e+01,2.108537e+01,2.101649e+01,2.109225e+01,2.109914e+01,2.101649e+01,2.100960e+01,2.097514e+01,2.106471e+01,2.108537e+01,2.106471e+01,2.105782e+01,2.103027e+01,2.109914e+01,2.098893e+01,2.109225e+01,2.103027e+01,2.099582e+01,2.107160e+01,2.105094e+01,2.107160e+01,2.109225e+01,2.102338e+01,2.107848e+01,2.107848e+01,2.107160e+01,2.105094e+01,2.109914e+01,2.110602e+01,2.112667e+01,2.109914e+01,2.113355e+01,2.115420e+01,2.108537e+01,2.110602e+01,2.109914e+01,2.113355e+01,2.114044e+01,2.116796e+01,2.116796e+01,2.111979e+01,2.106471e+01,2.111291e+01,2.111979e+01,2.111291e+01,2.106471e+01,2.118172e+01,2.115420e+01,2.116796e+01,2.111979e+01,2.111291e+01,2.105094e+01,2.111291e+01,2.114732e+01,2.114044e+01,2.113355e+01,2.116108e+01,2.114732e+01,2.114732e+01,2.122298e+01,2.114732e+01,2.110602e+01,2.114732e+01,2.107160e+01,2.111291e+01,2.111291e+01,2.107848e+01,2.103027e+01,2.107160e+01,2.098893e+01,2.107848e+01,2.107848e+01,2.111979e+01,2.103716e+01,2.102338e+01,2.109225e+01,2.103716e+01,2.114732e+01,2.105782e+01,2.111979e+01,2.114732e+01,2.116108e+01,2.100271e+01,2.111979e+01,2.107160e+01,2.114732e+01,2.114732e+01,2.114044e+01,2.100960e+01,2.109225e+01,2.114732e+01,2.114732e+01,2.110602e+01,2.117484e+01,2.118860e+01,2.117484e+01,2.121611e+01,2.116796e+01,2.115420e+01,2.122298e+01,2.121611e+01,2.122986e+01,2.118172e+01,2.124361e+01,2.108537e+01,2.113355e+01,2.122986e+01,2.133981e+01,2.131920e+01,2.132607e+01,2.122986e+01,2.122298e+01,2.122298e+01,2.126423e+01,2.127798e+01,2.125048e+01,2.127110e+01,2.138788e+01,2.132607e+01,2.129172e+01,2.126423e+01,2.120235e+01,2.119548e+01,2.119548e+01,2.118860e+01,2.112667e+01,2.116108e+01,2.118172e+01,2.116796e+01,2.114044e+01,2.120923e+01,2.116796e+01,2.118860e+01,2.122298e+01,2.116108e+01,2.116796e+01,2.129859e+01,2.116796e+01,2.119548e+01,2.121611e+01,2.125736e+01,2.119548e+01,2.126423e+01,2.123674e+01,2.123674e+01,2.119548e+01,2.116796e+01,2.119548e+01,2.116108e+01,2.117484e+01,2.115420e+01,2.120235e+01,2.116108e+01,2.111291e+01,2.099582e+01,2.051918e+01,2.014458e+01,1.986619e+01,1.998460e+01,1.989407e+01,2.004027e+01,1.992193e+01,1.992193e+01,1.973369e+01,1.987316e+01,1.987316e+01,1.983134e+01,1.985225e+01,1.983134e+01,1.982437e+01,1.983134e+01,1.989407e+01,1.983831e+01,1.985225e+01,1.984528e+01,1.979647e+01,1.983831e+01,1.979647e+01,1.979647e+01,1.984528e+01,1.971973e+01,1.980345e+01,1.976858e+01,1.984528e+01,1.979647e+01,1.983134e+01,1.983134e+01,1.974067e+01,1.976160e+01,1.974067e+01,1.979647e+01,1.975462e+01,1.978253e+01,1.976160e+01,1.981740e+01,1.981042e+01,1.983831e+01,1.983831e+01,1.987316e+01,1.987316e+01,1.985225e+01,1.988013e+01,1.997764e+01,1.990103e+01,1.990800e+01,1.996371e+01,2.008896e+01,2.015848e+01,2.022100e+01,2.016542e+01,2.026960e+01,2.030430e+01,2.024183e+01,2.024183e+01,2.024877e+01,2.022794e+01,2.033899e+01,2.021405e+01,2.021405e+01,2.024877e+01,2.023489e+01,2.026266e+01,2.033205e+01,2.032512e+01,2.027654e+01,2.028348e+01,2.026266e+01,2.047762e+01,2.072669e+01,2.109914e+01,2.136041e+01,2.136728e+01,2.138101e+01,2.134668e+01,2.120235e+01,2.111291e+01,2.067831e+01,2.047070e+01,2.029042e+01,2.057456e+01,2.111291e+01,2.138101e+01,2.129859e+01,2.143592e+01,2.149766e+01,2.143592e+01,2.144964e+01,2.144278e+01,2.143592e+01,2.133981e+01,2.108537e+01,2.063682e+01,2.049148e+01,2.032512e+01,2.042912e+01,2.033205e+01,2.031818e+01,2.031124e+01,2.044991e+01,2.032512e+01,2.029042e+01,2.038753e+01,2.030430e+01,2.035286e+01,2.039447e+01,2.060915e+01,2.078195e+01,2.099582e+01,2.074742e+01,2.062299e+01,2.067831e+01,2.067831e+01,2.047762e+01,2.053303e+01,2.051918e+01,2.096135e+01,2.096825e+01,2.069213e+01,2.033899e+01,2.016542e+01,2.002636e+01,2.020711e+01,2.012372e+01,2.009591e+01,2.005419e+01,2.010287e+01,2.013763e+01,2.017237e+01,2.011677e+01,2.017237e+01,2.013763e+01,2.017932e+01,2.008201e+01,2.017237e+01,2.008896e+01,2.010982e+01,2.010287e+01,2.015848e+01,2.012372e+01,2.013763e+01,2.010982e+01,2.010982e+01,2.010287e+01,1.992890e+01,2.001940e+01,1.992193e+01,1.997068e+01,1.998460e+01,1.997068e+01,1.996371e+01,1.998460e+01,1.983831e+01,2.008201e+01,1.999156e+01,1.994283e+01,1.983134e+01,1.987316e+01,1.982437e+01,1.985922e+01,1.997068e+01,1.980345e+01,1.988710e+01,1.988013e+01,1.985922e+01,1.965689e+01,1.977555e+01,1.969181e+01,1.977555e+01,1.969181e+01,1.967785e+01,1.974067e+01,1.969181e+01,1.982437e+01,1.985225e+01,1.990103e+01,2.017932e+01,2.051225e+01,2.060915e+01,2.066448e+01,2.098893e+01,2.143592e+01,2.147708e+01,2.155936e+01,2.151137e+01,2.153194e+01,2.164841e+01,2.157991e+01,2.162102e+01,2.158677e+01,2.147708e+01,2.109914e+01,2.042912e+01,2.008201e+01,2.006114e+01,2.001940e+01,1.993586e+01,1.994979e+01,2.001244e+01,1.994283e+01,1.994979e+01,1.995675e+01,1.991496e+01,1.990800e+01,1.996371e+01,2.008201e+01,2.007505e+01,2.006114e+01,1.999156e+01,1.999852e+01,1.995675e+01,1.999852e+01,1.994283e+01,1.996371e+01,1.994979e+01,2.008201e+01,1.996371e+01,2.010982e+01,2.000548e+01,2.010287e+01,2.002636e+01,2.004027e+01,2.009591e+01,2.008896e+01,1.998460e+01,2.001940e+01,1.996371e+01,1.992890e+01,1.992890e+01,1.990800e+01,1.990103e+01,1.991496e+01,1.990800e+01,1.990103e+01,1.992193e+01,1.992890e+01,1.989407e+01,1.995675e+01,1.994283e+01,1.993586e+01,1.999156e+01,1.994979e+01,1.990103e+01,1.988013e+01,1.985225e+01,1.983831e+01,1.998460e+01,2.056071e+01,2.100960e+01,2.134668e+01,2.133981e+01,2.142906e+01,2.138101e+01,2.141533e+01,2.137415e+01,2.140161e+01,2.139474e+01,2.136041e+01,2.139474e+01,2.153194e+01,2.144278e+01,2.147708e+01,2.141533e+01,2.143592e+01,2.138101e+01,2.143592e+01,2.140847e+01,2.141533e+01,2.142220e+01,2.142906e+01,2.142220e+01,2.139474e+01,2.139474e+01,2.140161e+01,2.139474e+01,2.145650e+01,2.135355e+01,2.138788e+01,2.147022e+01,2.147708e+01,2.141533e+01,2.135355e+01,2.135355e+01,2.136728e+01,2.139474e+01,2.137415e+01,2.138101e+01,2.136041e+01,2.137415e+01,2.131233e+01,2.127798e+01,2.132607e+01,2.141533e+01,2.125736e+01,2.136041e+01,2.138101e+01,2.129859e+01,2.132607e+01,2.127798e+01,2.121611e+01,2.144278e+01,2.124361e+01,2.118172e+01,2.127110e+01,2.122986e+01,2.122986e+01,2.121611e+01,2.117484e+01,2.120923e+01,2.117484e+01,2.119548e+01,2.124361e+01,2.106471e+01,2.109914e+01,2.115420e+01,2.129172e+01,2.111291e+01,2.116796e+01,2.111291e+01,2.114732e+01,2.105782e+01,2.111979e+01,2.107848e+01,2.107848e+01,2.103716e+01,2.106471e+01,2.107848e+01,2.103716e+01,2.109225e+01,2.104405e+01,2.109914e+01,2.111979e+01,2.113355e+01,2.114044e+01,2.111979e+01,2.117484e+01,2.112667e+01,2.118860e+01,2.120923e+01,2.118860e+01,2.096135e+01,2.116796e+01,2.106471e+01,2.107848e+01,2.101649e+01,2.111291e+01,2.113355e+01,2.111979e+01,2.107848e+01,2.112667e+01,2.104405e+01,2.111291e+01,2.118172e+01,2.115420e+01,2.114044e+01,2.114044e+01,2.113355e+01,2.111291e+01,2.116796e+01,2.110602e+01,2.107848e+01,2.106471e+01,2.107848e+01,2.111291e+01,2.104405e+01,2.105782e+01,2.105094e+01,2.106471e+01,2.102338e+01,2.106471e+01,2.112667e+01,2.100271e+01,2.105094e+01,2.103716e+01,2.097514e+01,2.109914e+01,2.107848e+01,2.103716e+01,2.115420e+01,2.087169e+01,2.110602e+01,2.100271e+01,2.103716e+01,2.105782e+01,2.105094e+01,2.103027e+01,2.103716e+01,2.106471e+01,2.105782e+01,2.107848e+01,2.112667e+01,2.113355e+01,2.109225e+01,2.111291e+01,2.110602e+01,2.111979e+01,2.107160e+01,2.098203e+01,2.107160e+01,2.111979e+01,2.094757e+01,2.111979e+01,2.109914e+01,2.109225e+01,2.107848e+01,2.128485e+01,2.102338e+01,2.112667e+01,2.111979e+01,2.109914e+01,2.104405e+01,2.107160e+01,2.104405e+01,2.111979e+01,2.107160e+01,2.100271e+01,2.116108e+01,2.101649e+01,2.105094e+01,2.100271e+01,2.107160e+01,2.101649e+01,2.110602e+01,2.103716e+01,2.114044e+01,2.110602e+01,2.107848e+01,2.109914e+01,2.122298e+01,2.112667e+01,2.116108e+01,2.114044e+01,2.118860e+01,2.115420e+01,2.111979e+01,2.122986e+01,2.123674e+01,2.121611e+01,2.125048e+01,2.117484e+01,2.120923e+01,2.129172e+01,2.116108e+01,2.116108e+01,2.116796e+01,2.114044e+01,2.114044e+01,2.116796e+01,2.116108e+01,2.115420e+01,2.114732e+01,2.117484e+01,2.117484e+01,2.112667e+01,2.115420e+01,2.114732e+01
2.108537e+01,2.107160e+01,2.113355e+01,2.108537e+01,2.109914e+01,2.111291e+01,2.117484e+01,2.108537e+01,2.115420e+01,2.111979e+01,2.126423e+01,2.109914e+01,2.109914e+01,2.124361e+01,2.109225e+01,2.111291e+01,2.111979e+01,2.112667e+01,2.104405e+01,2.116108e+01,2.111979e+01,2.120923e+01,2.103716e+01,2.110602e+01,2.099582e+01,2.101649e+01,2.101649e+01,2.108537e+01,2.098203e+01,2.108537e+01,2.100271e+01,2.103027e+01,2.100960e+01,2.114732e+01,2.100960e+01,2.109914e+01,2.107848e+01,2.109914e+01,2.109225e+01,2.096825e+01,2.099582e+01,2.100960e+01,2.102338e+01,2.107848e+01,2.103716e+01,2.105094e+01,2.107848e+01,2.105094e+01,2.106471e+01,2.105782e+01,2.114732e+01,2.113355e+01,2.111291e+01,2.110602e+01,2.111291e+01,2.108537e+01,2.108537e+01,2.107160e+01,2.116796e+01,2.115420e+01,2.109225e+01,2.113355e+01,2.114044e+01,2.109914e+01,2.120235e+01,2.117484e+01,2.118172e+01,2.107160e+01,2.101649e+01,2.107160e+01,2.109914e+01,2.117484e+01,2.114044e+01,2.105094e+01,2.111979e+01,2.113355e+01,2.112667e+01,2.111291e+01,2.111979e+01,2.111979e+01,2.113355e+01,2.114044e+01,2.115420e+01,2.111291e+01,2.116108e+01,2.113355e+01,2.111291e+01,2.109914e+01,2.107848e+01,2.107160e+01,2.106471e+01,2.100960e+01,2.107848e+01,2.102338e+01,2.107160e+01,2.101649e+01,2.106471e+01,2.104405e+01,2.107848e+01,2.111291e+01,2.111291e+01,2.105782e+01,2.105782e+01,2.117484e+01,2.114732e+01,2.117484e+01,2.114732e+01,2.105782e+01,2.113355e+01,2.109914e+01,2.111979e+01,2.110602e+01,2.114044e+01,2.105094e+01,2.104405e+01,2.120923e+01,2.118860e+01,2.111979e+01,2.112667e+01,2.116108e+01,2.113355e+01,2.118860e+01,2.121611e+01,2.122986e+01,2.122298e+01,2.121611e+01,2.122298e+01,2.111979e+01,2.126423e+01,2.112667e+01,2.113355e+01,2.128485e+01,2.112667e+01,2.126423e+01,2.122298e+01,2.125048e+01,2.122986e+01,2.121611e+01,2.122986e+01,2.122986e+01,2.124361e+01,2.124361e+01,2.125736e+01,2.130546e+01,2.128485e+01,2.120235e+01,2.122986e+01,2.120923e+01,2.127798e+01,2.122298e+01,2.123674e+01,2.121611e+01,2.119548e+01,2.120235e+01,2.116108e+01,2.118860e+01,2.120923e+01,2.120923e+01,2.116796e+01,2.124361e+01,2.118860e+01,2.120923e+01,2.114732e+01,2.118172e+01,2.120923e+01,2.115420e+01,2.121611e+01,2.125048e+01,2.124361e+01,2.119548e+01,2.118860e+01,2.120235e+01,2.118172e+01,2.117484e+01,2.120923e+01,2.120235e+01,2.117484e+01,2.118172e+01,2.111291e+01,2.093377e+01,2.074742e+01,2.008201e+01,1.997764e+01,1.989407e+01,1.992890e+01,1.991496e+01,1.992193e+01,1.990800e+01,1.990103e+01,1.978950e+01,1.990103e+01,1.990103e+01,1.983134e+01,1.981042e+01,1.982437e+01,1.983134e+01,1.981740e+01,1.982437e+01,1.976858e+01,1.978950e+01,1.975462e+01,1.978253e+01,1.981042e+01,1.988013e+01,1.981042e+01,1.982437e+01,1.985225e+01,1.983831e+01,1.986619e+01,1.983831e+01,1.983831e+01,1.989407e+01,1.983134e+01,1.976160e+01,1.976160e+01,1.985922e+01,1.977555e+01,1.988710e+01,1.970577e+01,1.981740e+01,1.984528e+01,1.984528e+01,1.984528e+01,1.987316e+01,1.987316e+01,1.986619e+01,1.986619e+01,1.984528e+01,1.990103e+01,1.970577e+01,1.994283e+01,1.994283e+01,2.017237e+01,2.013068e+01,2.014458e+01,2.018627e+01,2.027654e+01,2.025571e+01,2.022794e+01,2.012372e+01,2.020016e+01,2.020016e+01,2.017237e+01,2.022100e+01,2.003332e+01,2.023489e+01,2.023489e+01,2.024183e+01,2.031818e+01,2.028348e+01,2.032512e+01,2.024877e+01,2.047762e+01,2.100960e+01,2.131920e+01,2.139474e+01,2.140847e+01,2.147708e+01,2.140847e+01,2.133294e+01,2.131233e+01,2.111291e+01,2.067139e+01,2.056071e+01,2.083028e+01,2.129172e+01,2.147708e+01,2.153880e+01,2.144278e+01,2.144964e+01,2.149080e+01,2.142220e+01,2.145650e+01,2.144278e+01,2.132607e+01,2.117484e+01,2.058840e+01,2.042912e+01,2.026960e+01,2.025571e+01,2.029042e+01,2.028348e+01,2.052610e+01,2.031124e+01,2.029042e+01,2.033205e+01,2.035286e+01,2.040140e+01,2.045684e+01,2.073360e+01,2.094757e+01,2.118172e+01,2.107848e+01,2.101649e+01,2.097514e+01,2.061607e+01,2.049148e+01,2.053995e+01,2.052610e+01,2.051225e+01,2.056763e+01,2.080267e+01,2.040833e+01,2.014458e+01,2.030430e+01,2.009591e+01,2.012372e+01,2.014458e+01,2.023489e+01,2.009591e+01,2.024183e+01,2.015848e+01,2.012372e+01,2.016542e+01,2.002636e+01,2.014458e+01,2.017932e+01,2.022100e+01,2.009591e+01,2.009591e+01,2.003332e+01,2.009591e+01,2.020016e+01,2.020016e+01,2.015848e+01,2.010287e+01,2.020711e+01,2.017932e+01,2.021405e+01,2.018627e+01,2.003332e+01,2.010287e+01,2.014458e+01,2.001940e+01,2.010982e+01,1.999852e+01,2.011677e+01,2.015848e+01,2.017932e+01,2.008896e+01,2.019321e+01,2.010982e+01,2.012372e+01,2.014458e+01,2.008896e+01,2.014458e+01,1.992193e+01,1.990103e+01,1.987316e+01,1.985922e+01,1.969181e+01,1.951712e+01,1.970577e+01,1.968483e+01,1.967785e+01,1.970577e+01,1.966388e+01,1.983831e+01,1.967785e+01,1.976858e+01,1.997068e+01,2.016542e+01,2.049840e+01,2.069905e+01,2.138788e+01,2.147022e+01,2.148394e+01,2.158677e+01,2.155250e+01,2.150451e+01,2.157991e+01,2.157306e+01,2.162787e+01,2.153880e+01,2.156621e+01,2.085789e+01,2.010287e+01,2.007505e+01,2.002636e+01,2.002636e+01,1.996371e+01,1.995675e+01,1.992890e+01,1.998460e+01,2.004723e+01,1.989407e+01,1.999852e+01,2.001244e+01,1.999156e+01,1.998460e+01,1.997764e+01,1.992890e+01,1.997068e+01,1.997764e+01,1.996371e+01,1.994979e+01,1.993586e+01,1.995675e+01,1.995675e+01,1.995675e+01,1.999852e+01,1.999156e+01,1.999156e+01,1.998460e+01,2.002636e+01,2.006114e+01,2.003332e+01,2.004027e+01,1.999156e+01,2.008896e+01,1.999852e+01,1.999156e+01,1.995675e+01,1.989407e+01,1.994283e+01,1.990800e+01,1.992890e+01,1.997764e+01,1.990800e+01,1.997764e+01,1.993586e+01,1.997068e+01,1.990103e+01,1.995675e+01,1.994979e+01,1.985922e+01,1.983831e+01,1.986619e+01,1.985225e+01,1.988710e+01,1.994979e+01,2.019321e+01,2.056763e+01,2.092688e+01,2.137415e+01,2.144278e+01,2.140847e+01,2.139474e+01,2.151823e+01,2.154565e+01,2.155936e+01,2.134668e+01,2.144278e+01,2.155250e+01,2.151823e+01,2.142220e+01,2.142220e+01,2.142220e+01,2.140847e+01,2.138101e+01,2.150451e+01,2.140161e+01,2.144964e+01,2.138101e+01,2.136728e+01,2.140161e+01,2.133981e+01,2.138788e+01,2.144278e+01,2.139474e+01,2.138101e+01,2.120235e+01,2.147022e+01,2.147708e+01,2.137415e+01,2.138101e+01,2.142220e+01,2.136728e+01,2.137415e+01,2.143592e+01,2.139474e+01,2.127798e+01,2.138101e+01,2.140847e+01,2.128485e+01,2.140161e+01,2.139474e+01,2.124361e+01,2.134668e+01,2.131233e+01,2.132607e+01,2.127798e+01,2.130546e+01,2.125736e+01,2.120923e+01,2.127110e+01,2.121611e+01,2.125736e+01,2.123674e+01,2.119548e+01,2.116796e+01,2.118172e+01,2.120235e+01,2.120235e+01,2.122986e+01,2.124361e+01,2.114732e+01,2.118860e+01,2.107160e+01,2.113355e+01,2.115420e+01,2.123674e+01,2.120923e+01,2.117484e+01,2.109225e+01,2.107848e+01,2.107848e+01,2.109914e+01,2.111291e+01,2.107160e+01,2.109225e+01,2.104405e+01,2.113355e+01,2.109225e+01,2.106471e+01,2.111979e+01,2.109225e+01,2.116796e+01,2.117484e+01,2.122298e+01,2.108537e+01,2.124361e+01,2.107160e+01,2.119548e+01,2.116108e+01,2.116108e+01,2.108537e+01,2.112667e+01,2.107848e+01,2.116796e+01,2.117484e+01,2.113355e+01,2.107848e+01,2.114732e+01,2.119548e+01,2.111291e+01,2.112667e+01,2.103027e+01,2.113355e+01,2.112667e+01,2.114732e+01,2.111291e+01,2.108537e+01,2.108537e+01,2.110602e+01,2.109225e+01,2.108537e+01,2.112667e+01,2.098893e+01,2.111979e+01,2.105782e+01,2.106471e+01,2.098893e+01,2.110602e+01,2.109914e+01,2.102338e+01,2.109225e+01,2.103716e+01,2.107160e+01,2.105094e+01,2.109225e+01,2.096135e+01,2.104405e+01,2.114044e+01,2.115420e+01,2.107848e+01,2.110602e+01,2.104405e+01,2.112667e+01,2.109914e+01,2.098203e+01,2.104405e+01,2.106471e+01,2.100960e+01,2.104405e+01,2.103716e+01,2.101649e+01,2.106471e+01,2.101649e+01,2.105094e+01,2.114044e+01,2.109914e+01,2.108537e+01,2.104405e+01,2.095446e+01,2.109914e+01,2.116108e+01,2.109914e+01,2.109225e+01,2.117484e+01,2.116108e+01,2.105094e+01,2.110602e+01,2.107160e+01,2.111979e+01,2.101649e+01,2.099582e+01,2.099582e+01,2.107848e+01,2.104405e+01,2.096825e+01,2.100960e+01,2.116108e+01,2.105094e+01,2.111291e+01,2.116108e+01,2.107160e+01,2.110602e+01,2.106471e+01,2.105782e+01,2.107160e+01,2.107160e+01,2.106471e+01,2.116108e+01,2.118172e+01,2.118860e+01,2.117484e+01,2.124361e+01,2.122986e+01,2.118172e+01,2.119548e+01,2.114732e+01,2.122986e+01,2.117484e+01,2.122298e+01,2.118860e+01,2.125048e+01,2.126423e+01,2.115420e+01,2.118860e+01,2.121611e+01,2.115420e+01,2.116108e+01,2.107160e+01,2.112667e+01,2.117484e+01,2.115420e+01,2.109914e+01,2.111291e+01,2.107848e+01
2.114732e+01,2.115420e+01,2.103716e+01,2.109914e+01,2.113355e+01,2.115420e+01,2.111979e+01,2.100960e+01,2.109225e+01,2.113355e+01,2.111291e+01,2.111291e+01,2.109914e+01,2.106471e+01,2.118172e+01,2.101649e+01,2.119548e+01,2.114044e+01,2.109225e+01,2.118172e+01,2.107160e+01,2.102338e+01,2.113355e+01,2.101649e+01,2.107848e+01,2.100271e+01,2.097514e+01,2.104405e+01,2.096135e+01,2.109225e+01,2.100960e+01,2.103027e+01,2.102338e+01,2.111979e+01,2.102338e+01,2.114732e+01,2.096135e+01,2.100960e+01,2.105782e+01,2.103716e+01,2.114044e+01,2.103027e+01,2.111291e+01,2.107848e+01,2.116108e+01,2.103716e+01,2.104405e+01,2.108537e+01,2.109914e+01,2.099582e+01,2.103716e+01,2.113355e+01,2.098203e+01,2.107848e+01,2.108537e+01,2.099582e+01,2.108537e+01,2.111979e+01,2.119548e+01,2.111291e+01,2.109914e+01,2.111979e+01,2.113355e+01,2.109225e+01,2.117484e+01,2.116108e+01,2.107160e+01,2.109225e+01,2.107160e+01,2.107160e+01,2.113355e+01,2.111291e+01,2.112667e+01,2.107848e+01,2.118860e+01,2.120235e+01,2.114732e+01,2.107160e+01,2.113355e+01,2.109225e+01,2.111291e+01,2.109225e+01,2.111979e+01,2.114044e+01,2.113355e+01,2.103716e+01,2.103716e+01,2.101649e+01,2.108537e+01,2.111291e+01,2.111291e+01,2.106471e+01,2.105782e+01,2.103027e+01,2.108537e+01,2.101649e+01,2.109914e+01,2.109914e+01,2.109914e+01,2.104405e+01,2.105094e+01,2.107160e+01,2.113355e+01,2.115420e+01,2.112667e+01,2.101649e+01,2.115420e+01,2.105094e+01,2.113355e+01,2.113355e+01,2.111291e+01,2.114732e+01,2.111979e+01,2.114044e+01,2.113355e+01,2.115420e+01,2.116108e+01,2.117484e+01,2.116108e+01,2.111979e+01,2.121611e+01,2.122298e+01,2.111291e+01,2.122298e+01,2.120235e+01,2.111291e+01,2.123674e+01,2.118172e+01,2.120235e+01,2.123674e+01,2.118172e+01,2.126423e+01,2.121611e+01,2.118172e+01,2.120923e+01,2.120235e+01,2.120235e+01,2.122986e+01,2.127110e+01,2.126423e+01,2.125048e+01,2.125048e+01,2.126423e+01,2.122986e+01,2.122986e+01,2.123674e+01,2.126423e+01,2.120923e+01,2.121611e+01,2.120235e+01,2.121611e+01,2.121611e+01,2.104405e+01,2.118172e+01,2.129859e+01,2.113355e+01,2.114732e+01,2.115420e+01,2.118172e+01,2.119548e+01,2.127798e+01,2.121611e+01,2.121611e+01,2.126423e+01,2.118172e+01,2.122986e+01,2.114732e+01,2.111979e+01,2.117484e+01,2.118860e+01,2.118860e+01,2.119548e+01,2.117484e+01,2.118860e+01,2.118860e+01,2.127798e+01,2.120923e+01,2.120235e+01,2.121611e+01,2.111979e+01,2.079576e+01,2.036673e+01,2.008896e+01,1.990103e+01,1.990800e+01,1.988013e+01,1.990103e+01,1.976858e+01,1.990800e+01,1.991496e+01,1.983831e+01,1.981740e+01,1.986619e+01,1.982437e+01,1.982437e+01,1.978253e+01,1.981042e+01,1.981740e+01,1.985225e+01,1.986619e+01,1.977555e+01,1.977555e+01,1.978253e+01,1.973369e+01,1.985225e+01,1.988013e+01,1.979647e+01,1.972671e+01,1.976160e+01,1.982437e+01,1.980345e+01,1.974067e+01,1.984528e+01,1.991496e+01,1.978950e+01,1.990800e+01,1.979647e+01,1.981740e+01,1.985922e+01,1.981740e+01,1.984528e+01,1.992890e+01,1.983134e+01,1.982437e+01,1.981042e+01,1.985922e+01,1.990103e+01,1.985225e+01,1.977555e+01,1.978950e+01,1.986619e+01,1.992193e+01,1.998460e+01,2.004723e+01,2.003332e+01,2.015848e+01,2.018627e+01,2.020016e+01,2.019321e+01,2.013068e+01,2.019321e+01,2.013068e+01,2.025571e+01,2.010982e+01,2.017932e+01,2.026960e+01,2.023489e+01,2.015153e+01,2.027654e+01,2.023489e+01,2.025571e+01,2.024183e+01,2.047762e+01,2.113355e+01,2.144964e+01,2.142220e+01,2.142220e+01,2.142220e+01,2.144964e+01,2.142220e+01,2.142220e+01,2.142906e+01,2.112667e+01,2.127798e+01,2.111979e+01,2.136041e+01,2.144278e+01,2.137415e+01,2.144964e+01,2.149766e+01,2.142906e+01,2.143592e+01,2.144964e+01,2.142220e+01,2.116108e+01,2.117484e+01,2.062299e+01,2.037366e+01,2.024877e+01,2.022100e+01,2.016542e+01,2.028348e+01,2.026266e+01,2.024877e+01,2.024877e+01,2.042219e+01,2.069213e+01,2.087859e+01,2.093377e+01,2.118172e+01,2.128485e+01,2.129172e+01,2.122986e+01,2.129172e+01,2.104405e+01,2.100960e+01,2.053303e+01,2.050533e+01,2.048455e+01,2.053303e+01,2.048455e+01,2.054687e+01,2.031818e+01,2.031818e+01,2.024877e+01,2.008201e+01,2.008201e+01,2.011677e+01,2.020711e+01,2.021405e+01,2.019321e+01,2.015153e+01,2.021405e+01,2.017237e+01,2.014458e+01,2.013763e+01,2.015153e+01,2.008201e+01,2.010287e+01,2.018627e+01,2.020711e+01,2.016542e+01,2.024183e+01,2.022794e+01,2.014458e+01,2.013763e+01,2.025571e+01,2.045684e+01,2.045684e+01,2.051225e+01,2.059531e+01,2.053303e+01,2.044991e+01,2.041526e+01,2.058148e+01,2.062990e+01,2.067139e+01,2.067831e+01,2.069905e+01,2.068522e+01,2.074051e+01,2.074051e+01,2.074742e+01,2.076123e+01,2.065065e+01,2.078886e+01,2.066448e+01,2.044298e+01,2.017237e+01,2.015848e+01,2.004027e+01,1.999156e+01,1.974067e+01,1.992890e+01,1.968483e+01,1.965689e+01,1.965689e+01,1.965689e+01,1.962896e+01,1.963594e+01,1.973369e+01,1.990800e+01,2.014458e+01,2.069213e+01,2.118860e+01,2.148394e+01,2.148394e+01,2.158677e+01,2.158677e+01,2.164841e+01,2.157306e+01,2.160047e+01,2.157991e+01,2.162787e+01,2.133294e+01,2.063682e+01,2.026960e+01,2.003332e+01,1.997068e+01,1.997068e+01,1.994979e+01,1.994283e+01,1.990103e+01,1.989407e+01,1.987316e+01,1.997764e+01,1.994979e+01,1.993586e+01,1.990103e+01,2.004027e+01,2.000548e+01,1.989407e+01,1.992193e+01,1.997764e+01,1.999156e+01,1.995675e+01,1.998460e+01,1.995675e+01,1.993586e+01,1.995675e+01,1.990103e+01,1.997764e+01,1.995675e+01,1.999852e+01,2.001244e+01,2.003332e+01,1.996371e+01,2.000548e+01,2.002636e+01,1.997764e+01,1.997764e+01,2.003332e+01,1.995675e+01,1.997764e+01,1.992193e+01,1.997068e+01,1.994283e+01,1.992193e+01,1.998460e+01,1.999156e+01,1.992890e+01,1.992890e+01,1.988013e+01,1.994979e+01,1.995675e+01,1.985225e+01,1.988710e+01,1.992890e+01,1.991496e+01,1.989407e+01,1.994283e+01,1.992890e+01,2.016542e+01,2.072669e+01,2.106471e+01,2.137415e+01,2.140847e+01,2.144964e+01,2.148394e+01,2.138101e+01,2.140847e+01,2.138101e+01,2.157306e+01,2.157991e+01,2.140847e+01,2.142220e+01,2.143592e+01,2.142220e+01,2.143592e+01,2.140161e+01,2.138788e+01,2.141533e+01,2.147022e+01,2.138788e+01,2.141533e+01,2.142906e+01,2.141533e+01,2.142220e+01,2.144964e+01,2.139474e+01,2.138101e+01,2.143592e+01,2.133294e+01,2.147708e+01,2.134668e+01,2.138101e+01,2.140161e+01,2.141533e+01,2.136728e+01,2.138101e+01,2.135355e+01,2.136728e+01,2.132607e+01,2.137415e+01,2.139474e+01,2.131233e+01,2.138101e+01,2.135355e+01,2.134668e+01,2.133981e+01,2.133981e+01,2.124361e+01,2.120235e+01,2.134668e+01,2.127110e+01,2.123674e+01,2.138788e+01,2.125048e+01,2.125736e+01,2.123674e+01,2.117484e+01,2.112667e+01,2.124361e+01,2.119548e+01,2.118860e+01,2.114732e+01,2.120923e+01,2.114732e+01,2.128485e+01,2.105094e+01,2.112667e+01,2.125736e+01,2.107848e+01,2.106471e+01,2.106471e+01,2.118172e+01,2.108537e+01,2.109225e+01,2.108537e+01,2.113355e+01,2.112667e+01,2.107848e+01,2.103027e+01,2.109914e+01,2.114044e+01,2.109225e+01,2.109914e+01,2.113355e+01,2.109914e+01,2.109225e+01,2.107160e+01,2.125736e+01,2.107160e+01,2.105782e+01,2.115420e+01,2.111979e+01,2.114732e+01,2.117484e+01,2.111979e+01,2.108537e+01,2.112667e+01,2.104405e+01,2.103716e+01,2.111979e+01,2.111979e+01,2.119548e+01,2.111291e+01,2.115420e+01,2.113355e+01,2.110602e+01,2.111979e+01,2.114732e+01,2.107848e+01,2.114044e+01,2.115420e+01,2.105782e+01,2.109914e+01,2.099582e+01,2.107848e+01,2.107848e+01,2.115420e+01,2.098203e+01,2.105782e+01,2.104405e+01,2.103027e+01,2.085789e+01,2.093377e+01,2.105782e+01,2.097514e+01,2.103027e+01,2.103716e+01,2.109914e+01,2.100960e+01,2.114732e+01,2.103027e+01,2.109914e+01,2.112667e+01,2.111291e+01,2.112667e+01,2.103716e+01,2.103716e+01,2.102338e+01,2.108537e+01,2.102338e+01,2.113355e+01,2.098893e+01,2.114044e+01,2.107848e+01,2.104405e+01,2.108537e+01,2.107160e+01,2.114732e+01,2.105094e+01,2.108537e+01,2.096825e+01,2.108537e+01,2.107160e+01,2.106471e+01,2.105094e+01,2.114044e+01,2.108537e+01,2.111291e+01,2.116108e+01,2.109914e+01,2.110602e+01,2.111291e+01,2.105094e+01,2.107160e+01,2.114044e+01,2.106471e+01,2.104405e+01,2.100271e+01,2.105782e+01,2.108537e+01,2.104405e+01,2.113355e+01,2.109225e+01,2.111291e+01,2.109225e+01,2.103027e+01,2.108537e+01,2.105094e+01,2.111291e+01,2.113355e+01,2.116796e+01,2.118860e+01,2.116108e+01,2.116796e+01,2.114732e+01,2.120235e+01,2.122298e+01,2.108537e+01,2.120235e+01,2.120923e+01,2.118172e+01,2.109225e+01,2.125736e+01,2.127110e+01,2.117484e+01,2.114732e+01,2.116796e+01,2.113355e+01,2.122986e+01,2.117484e+01,2.117484e+01,2.106471e+01,2.113355e+01,2.109914e+01,2.107848e+01,2.109225e+01
2.116796e+01,2.110602e+01,2.114732e+01,2.114044e+01,2.104405e+01,2.114732e+01,2.107160e+01,2.105094e+01,2.113355e+01,2.103716e+01,2.111291e+01,2.103027e+01,2.139474e+01,2.117484e+01,2.125048e+01,2.118172e+01,2.112667e+01,2.106471e+01,2.100960e+01,2.114044e+01,2.074051e+01,2.109225e+01,2.109914e+01,2.109225e+01,2.100271e+01,2.098203e+01,2.097514e+01,2.103716e+01,2.096135e+01,2.105782e+01,2.105094e+01,2.103027e+01,2.090619e+01,2.095446e+01,2.107848e+01,2.114732e+01,2.100271e+01,2.108537e+01,2.098893e+01,2.108537e+01,2.107848e+01,2.109225e+01,2.100960e+01,2.105094e+01,2.107848e+01,2.104405e+01,2.108537e+01,2.118860e+01,2.098203e+01,2.111291e+01,2.096825e+01,2.118172e+01,2.105782e+01,2.109225e+01,2.105094e+01,2.104405e+01,2.107848e+01,2.111979e+01,2.103716e+01,2.112667e+01,2.099582e+01,2.110602e+01,2.107160e+01,2.111291e+01,2.120235e+01,2.108537e+01,2.118860e+01,2.108537e+01,2.105094e+01,2.106471e+01,2.106471e+01,2.114044e+01,2.116108e+01,2.110602e+01,2.107848e+01,2.108537e+01,2.106471e+01,2.118860e+01,2.115420e+01,2.110602e+01,2.109914e+01,2.116796e+01,2.095446e+01,2.116108e+01,2.116796e+01,2.112667e+01,2.120923e+01,2.105094e+01,2.106471e+01,2.110602e+01,2.111291e+01,2.108537e+01,2.110602e+01,2.111291e+01,2.106471e+01,2.111291e+01,2.112667e+01,2.105094e+01,2.108537e+01,2.109225e+01,2.109225e+01,2.107160e+01,2.107160e+01,2.109914e+01,2.114732e+01,2.110602e+01,2.111291e+01,2.115420e+01,2.118860e+01,2.126423e+01,2.117484e+01,2.120235e+01,2.117484e+01,2.116108e+01,2.111979e+01,2.110602e+01,2.116796e+01,2.123674e+01,2.122298e+01,2.117484e+01,2.115420e+01,2.120235e+01,2.114732e+01,2.120923e+01,2.121611e+01,2.122298e+01,2.123674e+01,2.118860e+01,2.125736e+01,2.122298e+01,2.120923e+01,2.115420e+01,2.123674e+01,2.120235e+01,2.119548e+01,2.116796e+01,2.122986e+01,2.123674e+01,2.120923e+01,2.122298e+01,2.120235e+01,2.125048e+01,2.125736e+01,2.131233e+01,2.120235e+01,2.121611e+01,2.117484e+01,2.122298e+01,2.127110e+01,2.123674e+01,2.123674e+01,2.125048e+01,2.117484e+01,2.116796e+01,2.119548e+01,2.115420e+01,2.120235e+01,2.116796e+01,2.116796e+01,2.124361e+01,2.127110e+01,2.120235e+01,2.120923e+01,2.122298e+01,2.127798e+01,2.116108e+01,2.126423e+01,2.110602e+01,2.120235e+01,2.110602e+01,2.119548e+01,2.118172e+01,2.111979e+01,2.121611e+01,2.118860e+01,2.120923e+01,2.125048e+01,2.129859e+01,2.128485e+01,2.125736e+01,2.105094e+01,2.049148e+01,1.996371e+01,1.997068e+01,1.998460e+01,1.988710e+01,1.988710e+01,1.991496e+01,1.990800e+01,1.992890e+01,1.990103e+01,1.992890e+01,1.983134e+01,1.978253e+01,1.979647e+01,1.982437e+01,1.982437e+01,1.975462e+01,1.983134e+01,1.982437e+01,1.971275e+01,1.979647e+01,1.978950e+01,1.977555e+01,1.979647e+01,1.983134e+01,1.988710e+01,1.982437e+01,1.976858e+01,1.981740e+01,1.981740e+01,1.983134e+01,1.983831e+01,1.981042e+01,1.986619e+01,1.980345e+01,1.986619e+01,1.990103e+01,1.982437e+01,1.978950e+01,1.982437e+01,1.987316e+01,1.985225e+01,1.981740e+01,1.983134e+01,1.983831e+01,1.988013e+01,1.990103e+01,1.990103e+01,1.983831e+01,1.982437e+01,1.977555e+01,1.990800e+01,1.992890e+01,1.993586e+01,2.000548e+01,1.999852e+01,2.004723e+01,2.022794e+01,2.022794e+01,2.017932e+01,1.998460e+01,1.999156e+01,2.004723e+01,2.013763e+01,2.017237e+01,2.013763e+01,2.018627e+01,2.017932e+01,2.025571e+01,2.029042e+01,2.034592e+01,2.078195e+01,2.143592e+01,2.137415e+01,2.147022e+01,2.142906e+01,2.142906e+01,2.145650e+01,2.141533e+01,2.142220e+01,2.142220e+01,2.138788e+01,2.141533e+01,2.139474e+01,2.144278e+01,2.146336e+01,2.140161e+01,2.145650e+01,2.145650e+01,2.143592e+01,2.142906e+01,2.146336e+01,2.160047e+01,2.118172e+01,2.112667e+01,2.067139e+01,2.035980e+01,2.018627e+01,2.018627e+01,2.015153e+01,2.026960e+01,2.024183e+01,2.022100e+01,2.057456e+01,2.069213e+01,2.100271e+01,2.118172e+01,2.119548e+01,2.127798e+01,2.137415e+01,2.136728e+01,2.123674e+01,2.127798e+01,2.127798e+01,2.114044e+01,2.081648e+01,2.053995e+01,2.049840e+01,2.060915e+01,2.046377e+01,2.045684e+01,2.035286e+01,2.033205e+01,2.015848e+01,2.010982e+01,2.009591e+01,2.026960e+01,2.007505e+01,2.008201e+01,2.009591e+01,2.015153e+01,2.014458e+01,2.015153e+01,2.014458e+01,2.010287e+01,2.012372e+01,2.013068e+01,2.015848e+01,2.023489e+01,2.017237e+01,2.024183e+01,2.020016e+01,2.013068e+01,2.008896e+01,2.039447e+01,2.060223e+01,2.098203e+01,2.094067e+01,2.110602e+01,2.108537e+01,2.111979e+01,2.107848e+01,2.109225e+01,2.110602e+01,2.100271e+01,2.112667e+01,2.121611e+01,2.114044e+01,2.129172e+01,2.127110e+01,2.132607e+01,2.138101e+01,2.133294e+01,2.119548e+01,2.124361e+01,2.114732e+01,2.112667e+01,2.089929e+01,2.066448e+01,2.060915e+01,2.063682e+01,2.049840e+01,2.028348e+01,1.993586e+01,1.993586e+01,1.991496e+01,1.991496e+01,1.984528e+01,1.981042e+01,1.969181e+01,1.976858e+01,2.015153e+01,2.065757e+01,2.094067e+01,2.127110e+01,2.155936e+01,2.157991e+01,2.160732e+01,2.153194e+01,2.157991e+01,2.152508e+01,2.153194e+01,2.150451e+01,2.107848e+01,2.040833e+01,1.994979e+01,1.996371e+01,1.994979e+01,1.994283e+01,1.992890e+01,1.996371e+01,1.999852e+01,1.990800e+01,1.994283e+01,2.004027e+01,1.995675e+01,1.991496e+01,1.991496e+01,1.992193e+01,1.993586e+01,1.990800e+01,1.994283e+01,1.990103e+01,1.995675e+01,1.999852e+01,1.994283e+01,1.994283e+01,1.988013e+01,1.988710e+01,1.998460e+01,1.997068e+01,1.999852e+01,2.001244e+01,1.991496e+01,2.004027e+01,2.001940e+01,2.009591e+01,1.995675e+01,1.993586e+01,2.010287e+01,1.999156e+01,1.994979e+01,1.997068e+01,2.000548e+01,1.992890e+01,1.992890e+01,1.994283e+01,1.994283e+01,1.999852e+01,1.994979e+01,1.994979e+01,1.990103e+01,1.997068e+01,1.996371e+01,1.983831e+01,1.985922e+01,1.988710e+01,1.988013e+01,1.988710e+01,1.990800e+01,1.993586e+01,1.999156e+01,2.020016e+01,2.064374e+01,2.105782e+01,2.138101e+01,2.138788e+01,2.143592e+01,2.149080e+01,2.150451e+01,2.140161e+01,2.140161e+01,2.151823e+01,2.148394e+01,2.144964e+01,2.144964e+01,2.146336e+01,2.138788e+01,2.138788e+01,2.140847e+01,2.138101e+01,2.142220e+01,2.138788e+01,2.145650e+01,2.155250e+01,2.140847e+01,2.141533e+01,2.139474e+01,2.143592e+01,2.137415e+01,2.135355e+01,2.138101e+01,2.142906e+01,2.137415e+01,2.137415e+01,2.141533e+01,2.136728e+01,2.137415e+01,2.138788e+01,2.136041e+01,2.136728e+01,2.133981e+01,2.135355e+01,2.142220e+01,2.140161e+01,2.138788e+01,2.132607e+01,2.138101e+01,2.134668e+01,2.138101e+01,2.128485e+01,2.131233e+01,2.129859e+01,2.123674e+01,2.121611e+01,2.125048e+01,2.112667e+01,2.127110e+01,2.117484e+01,2.114044e+01,2.132607e+01,2.110602e+01,2.118860e+01,2.118172e+01,2.109225e+01,2.109914e+01,2.115420e+01,2.111979e+01,2.114044e+01,2.116796e+01,2.114732e+01,2.108537e+01,2.114732e+01,2.111291e+01,2.116796e+01,2.107848e+01,2.107848e+01,2.111979e+01,2.110602e+01,2.114044e+01,2.115420e+01,2.111291e+01,2.103027e+01,2.114732e+01,2.109914e+01,2.103716e+01,2.109914e+01,2.116108e+01,2.107160e+01,2.107848e+01,2.122986e+01,2.119548e+01,2.123674e+01,2.116108e+01,2.104405e+01,2.114732e+01,2.105782e+01,2.108537e+01,2.107160e+01,2.094067e+01,2.110602e+01,2.107848e+01,2.107848e+01,2.116796e+01,2.119548e+01,2.120923e+01,2.115420e+01,2.104405e+01,2.118172e+01,2.113355e+01,2.111291e+01,2.111291e+01,2.111291e+01,2.111979e+01,2.107848e+01,2.107160e+01,2.103716e+01,2.107848e+01,2.103027e+01,2.115420e+01,2.105094e+01,2.107848e+01,2.111979e+01,2.099582e+01,2.099582e+01,2.101649e+01,2.105094e+01,2.101649e+01,2.100960e+01,2.104405e+01,2.101649e+01,2.105782e+01,2.094757e+01,2.109914e+01,2.103027e+01,2.103027e+01,2.099582e+01,2.105782e+01,2.096825e+01,2.114044e+01,2.108537e+01,2.107160e+01,2.100960e+01,2.130546e+01,2.100271e+01,2.105094e+01,2.114044e+01,2.111291e+01,2.112667e+01,2.111291e+01,2.113355e+01,2.095446e+01,2.107848e+01,2.099582e+01,2.130546e+01,2.111291e+01,2.107160e+01,2.096825e+01,2.112667e+01,2.105782e+01,2.102338e+01,2.113355e+01,2.107160e+01,2.107848e+01,2.109225e+01,2.112667e+01,2.110602e+01,2.110602e+01,2.107160e+01,2.109914e+01,2.107848e+01,2.107160e+01,2.112667e+01,2.111979e+01,2.107160e+01,2.113355e+01,2.115420e+01,2.108537e+01,2.104405e+01,2.109225e+01,2.107848e+01,2.110602e+01,2.108537e+01,2.118172e+01,2.114732e+01,2.114044e+01,2.114732e+01,2.110602e+01,2.117484e+01,2.120235e+01,2.120923e+01,2.119548e+01,2.130546e+01,2.123674e+01,2.116796e+01,2.122986e+01,2.127798e+01,2.111979e+01,2.120923e+01,2.114732e+01,2.120923e+01,2.114044e+01,2.112667e+01,2.114044e+01,2.116108e+01,2.105094e+01,2.114732e+01,2.108537e+01,2.116108e+01
2.116796e+01,2.115420e+01,2.111291e+01,2.115420e+01,2.101649e+01,2.106471e+01,2.109914e+01,2.109914e+01,2.111979e+01,2.105094e+01,2.107848e+01,2.116108e+01,2.105094e+01,2.105094e+01,2.105094e+01,2.114044e+01,2.111291e+01,2.105094e+01,2.103716e+01,2.112667e+01,2.105094e+01,2.101649e+01,2.104405e+01,2.103027e+01,2.109914e+01,2.099582e+01,2.100271e+01,2.105782e+01,2.101649e+01,2.106471e+01,2.105094e+01,2.105094e+01,2.113355e+01,2.100271e+01,2.100960e+01,2.098203e+01,2.096135e+01,2.099582e+01,2.098893e+01,2.107160e+01,2.102338e+01,2.100960e+01,2.103027e+01,2.103027e+01,2.105782e+01,2.105094e+01,2.110602e+01,2.107848e+01,2.109225e+01,2.109914e+01,2.109225e+01,2.100960e+01,2.110602e+01,2.108537e+01,2.104405e+01,2.100960e+01,2.103716e+01,2.106471e+01,2.109914e+01,2.109914e+01,2.111979e+01,2.116796e+01,2.110602e+01,2.107848e+01,2.118172e+01,2.109914e+01,2.105782e+01,2.104405e+01,2.106471e+01,2.114732e+01,2.104405e+01,2.111979e+01,2.109914e+01,2.113355e+01,2.111291e+01,2.121611e+01,2.111979e+01,2.104405e+01,2.113355e+01,2.109225e+01,2.108537e+01,2.109225e+01,2.108537e+01,2.114044e+01,2.112667e+01,2.112667e+01,2.103027e+01,2.104405e+01,2.104405e+01,2.120923e+01,2.113355e+01,2.107848e+01,2.103027e+01,2.114044e+01,2.103027e+01,2.104405e+01,2.111979e+01,2.109225e+01,2.107160e+01,2.105094e+01,2.109225e+01,2.107160e+01,2.109914e+01,2.110602e+01,2.106471e+01,2.116108e+01,2.116108e+01,2.115420e+01,2.114732e+01,2.116796e+01,2.118860e+01,2.117484e+01,2.115420e+01,2.107848e+01,2.114044e+01,2.110602e+01,2.110602e+01,2.116108e+01,2.107848e+01,2.114732e+01,2.114044e+01,2.119548e+01,2.121611e+01,2.121611e+01,2.121611e+01,2.116108e+01,2.121611e+01,2.120923e+01,2.119548e+01,2.114044e+01,2.111979e+01,2.123674e+01,2.116796e+01,2.122298e+01,2.122298e+01,2.118860e+01,2.125736e+01,2.129859e+01,2.119548e+01,2.122986e+01,2.121611e+01,2.121611e+01,2.128485e+01,2.122298e+01,2.122986e+01,2.116796e+01,2.114044e+01,2.125736e+01,2.123674e+01,2.123674e+01,2.122986e+01,2.126423e+01,2.117484e+01,2.122986e+01,2.111979e+01,2.118172e+01,2.115420e+01,2.119548e+01,2.118860e+01,2.118860e+01,2.120923e+01,2.122986e+01,2.120923e+01,2.122298e+01,2.113355e+01,2.114044e+01,2.122298e+01,2.117484e+01,2.122986e+01,2.116796e+01,2.118172e+01,2.120235e+01,2.121611e+01,2.120923e+01,2.123674e+01,2.124361e+01,2.131233e+01,2.129172e+01,2.127798e+01,2.126423e+01,2.104405e+01,2.071287e+01,2.009591e+01,2.008201e+01,1.993586e+01,1.994283e+01,1.991496e+01,1.988710e+01,1.993586e+01,1.985225e+01,1.977555e+01,1.983831e+01,1.990800e+01,1.978950e+01,1.984528e+01,1.980345e+01,1.978253e+01,1.976160e+01,1.985922e+01,1.982437e+01,1.976858e+01,1.974067e+01,1.980345e+01,1.981042e+01,1.986619e+01,1.984528e+01,1.988013e+01,1.981740e+01,1.976858e+01,1.974764e+01,1.986619e+01,1.982437e+01,1.980345e+01,1.968483e+01,1.992193e+01,1.983134e+01,1.980345e+01,1.985922e+01,1.974764e+01,1.973369e+01,1.974067e+01,1.984528e+01,1.982437e+01,1.985225e+01,1.985922e+01,1.968483e+01,1.988013e+01,1.986619e+01,1.983831e+01,1.988710e+01,1.980345e+01,1.983134e+01,1.989407e+01,1.979647e+01,1.987316e+01,1.989407e+01,1.997764e+01,2.000548e+01,2.001940e+01,2.011677e+01,1.994979e+01,1.993586e+01,2.005419e+01,1.988013e+01,1.997068e+01,2.010287e+01,1.999852e+01,2.016542e+01,2.013068e+01,2.015848e+01,2.033205e+01,2.040140e+01,2.083719e+01,2.133294e+01,2.142906e+01,2.144278e+01,2.140847e+01,2.138101e+01,2.145650e+01,2.142906e+01,2.142220e+01,2.143592e+01,2.138788e+01,2.137415e+01,2.139474e+01,2.142906e+01,2.147022e+01,2.140847e+01,2.143592e+01,2.144278e+01,2.148394e+01,2.142220e+01,2.143592e+01,2.136728e+01,2.118172e+01,2.106471e+01,2.052610e+01,2.021405e+01,2.019321e+01,2.021405e+01,2.019321e+01,2.020016e+01,2.033205e+01,2.038753e+01,2.089929e+01,2.114044e+01,2.129859e+01,2.142906e+01,2.135355e+01,2.128485e+01,2.139474e+01,2.129172e+01,2.132607e+01,2.137415e+01,2.135355e+01,2.126423e+01,2.103027e+01,2.096135e+01,2.051225e+01,2.052610e+01,2.049148e+01,2.044298e+01,2.032512e+01,2.033205e+01,2.034592e+01,2.013068e+01,2.028348e+01,2.034592e+01,2.008896e+01,2.008896e+01,2.020711e+01,2.007505e+01,2.013068e+01,2.012372e+01,2.010287e+01,2.013068e+01,2.012372e+01,2.012372e+01,2.011677e+01,2.020016e+01,2.010982e+01,2.022100e+01,2.018627e+01,2.008201e+01,2.022794e+01,2.023489e+01,2.060223e+01,2.094067e+01,2.116108e+01,2.119548e+01,2.133294e+01,2.135355e+01,2.133294e+01,2.144278e+01,2.149080e+01,2.146336e+01,2.137415e+01,2.147708e+01,2.155936e+01,2.144964e+01,2.144964e+01,2.144964e+01,2.149080e+01,2.141533e+01,2.151823e+01,2.152508e+01,2.137415e+01,2.128485e+01,2.127110e+01,2.129859e+01,2.119548e+01,2.104405e+01,2.076814e+01,2.064374e+01,2.032512e+01,2.026266e+01,2.024183e+01,1.997068e+01,1.990800e+01,1.994283e+01,2.001940e+01,1.976858e+01,1.994979e+01,2.010982e+01,2.053995e+01,2.096135e+01,2.142906e+01,2.150451e+01,2.160047e+01,2.143592e+01,2.157306e+01,2.162102e+01,2.151823e+01,2.151823e+01,2.102338e+01,2.024877e+01,2.019321e+01,1.995675e+01,1.996371e+01,1.994979e+01,1.993586e+01,1.990103e+01,1.994283e+01,1.991496e+01,1.995675e+01,1.993586e+01,1.986619e+01,1.990800e+01,1.995675e+01,1.993586e+01,1.992890e+01,1.993586e+01,1.988710e+01,1.994283e+01,1.994979e+01,1.990800e+01,1.995675e+01,1.996371e+01,1.988710e+01,1.992193e+01,1.981740e+01,1.992890e+01,1.987316e+01,1.998460e+01,1.998460e+01,2.002636e+01,2.001244e+01,1.997068e+01,1.992193e+01,1.994979e+01,2.004027e+01,2.002636e+01,1.998460e+01,1.998460e+01,1.996371e+01,1.997764e+01,1.993586e+01,1.995675e+01,1.997068e+01,1.988710e+01,2.001940e+01,1.994283e+01,1.993586e+01,1.990800e+01,1.992193e+01,1.988710e+01,1.994283e+01,1.981042e+01,1.981042e+01,1.988710e+01,1.988013e+01,1.996371e+01,1.992193e+01,1.990800e+01,2.022100e+01,2.065757e+01,2.109225e+01,2.136728e+01,2.137415e+01,2.142220e+01,2.147708e+01,2.140161e+01,2.148394e+01,2.149080e+01,2.142906e+01,2.147022e+01,2.141533e+01,2.143592e+01,2.140847e+01,2.142906e+01,2.143592e+01,2.135355e+01,2.151137e+01,2.136728e+01,2.141533e+01,2.145650e+01,2.146336e+01,2.137415e+01,2.122986e+01,2.138788e+01,2.135355e+01,2.139474e+01,2.139474e+01,2.134668e+01,2.134668e+01,2.139474e+01,2.143592e+01,2.136728e+01,2.139474e+01,2.139474e+01,2.134668e+01,2.137415e+01,2.137415e+01,2.136041e+01,2.137415e+01,2.131920e+01,2.136041e+01,2.129859e+01,2.136041e+01,2.137415e+01,2.128485e+01,2.130546e+01,2.127798e+01,2.135355e+01,2.124361e+01,2.122298e+01,2.128485e+01,2.129172e+01,2.124361e+01,2.115420e+01,2.109225e+01,2.117484e+01,2.105782e+01,2.118860e+01,2.118172e+01,2.114732e+01,2.113355e+01,2.113355e+01,2.110602e+01,2.116108e+01,2.110602e+01,2.110602e+01,2.125048e+01,2.106471e+01,2.112667e+01,2.111979e+01,2.107848e+01,2.111291e+01,2.108537e+01,2.111979e+01,2.116796e+01,2.107848e+01,2.110602e+01,2.100960e+01,2.114732e+01,2.114044e+01,2.109914e+01,2.106471e+01,2.118172e+01,2.107848e+01,2.108537e+01,2.116796e+01,2.114732e+01,2.127110e+01,2.114044e+01,2.110602e+01,2.114044e+01,2.110602e+01,2.110602e+01,2.113355e+01,2.110602e+01,2.111291e+01,2.107160e+01,2.113355e+01,2.118860e+01,2.115420e+01,2.114044e+01,2.115420e+01,2.112667e+01,2.116108e+01,2.109914e+01,2.112667e+01,2.112667e+01,2.118172e+01,2.116108e+01,2.116796e+01,2.106471e+01,2.106471e+01,2.103027e+01,2.112667e+01,2.105094e+01,2.114044e+01,2.104405e+01,2.103027e+01,2.103716e+01,2.098893e+01,2.111979e+01,2.112667e+01,2.102338e+01,2.108537e+01,2.103716e+01,2.099582e+01,2.110602e+01,2.099582e+01,2.107160e+01,2.113355e+01,2.113355e+01,2.106471e+01,2.101649e+01,2.101649e+01,2.105094e+01,2.098893e+01,2.107848e+01,2.103716e+01,2.106471e+01,2.101649e+01,2.105782e+01,2.109914e+01,2.103716e+01,2.113355e+01,2.099582e+01,2.095446e+01,2.107160e+01,2.107848e+01,2.105094e+01,2.105782e+01,2.108537e+01,2.106471e+01,2.110602e+01,2.111979e+01,2.117484e+01,2.111979e+01,2.107848e+01,2.111291e+01,2.106471e+01,2.098203e+01,2.121611e+01,2.091308e+01,2.109914e+01,2.109914e+01,2.114044e+01,2.100271e+01,2.103027e+01,2.101649e+01,2.115420e+01,2.105782e+01,2.114732e+01,2.114044e+01,2.113355e+01,2.103716e+01,2.114732e+01,2.109225e+01,2.116796e+01,2.109225e+01,2.114044e+01,2.116108e+01,2.111979e+01,2.112667e+01,2.111979e+01,2.118860e+01,2.112667e+01,2.109914e+01,2.120235e+01,2.119548e+01,2.118860e+01,2.120235e+01,2.116796e+01,2.126423e+01,2.121611e+01,2.116796e+01,2.111291e+01,2.111291e+01,2.116796e+01,2.123674e+01,2.104405e+01,2.122986e+01,2.103716e+01,2.104405e+01,2.107160e+01,2.104405e+01
2.129172e+01,2.116796e+01,2.127110e+01,2.109914e+01,2.098203e+01,2.109225e+01,2.091308e+01,2.108537e+01,2.113355e+01,2.122986e+01,2.105782e+01,2.114044e+01,2.102338e+01,2.106471e+01,2.119548e+01,2.106471e+01,2.114732e+01,2.106471e+01,2.105782e+01,2.097514e+01,2.116108e+01,2.105782e+01,2.103716e+01,2.118860e+01,2.101649e+01,2.111291e+01,2.098203e+01,2.099582e+01,2.105094e+01,2.102338e+01,2.103027e+01,2.097514e+01,2.101649e+01,2.102338e+01,2.104405e+01,2.099582e+01,2.103027e+01,2.103716e+01,2.114732e+01,2.099582e+01,2.104405e+01,2.111979e+01,2.106471e+01,2.103027e+01,2.109225e+01,2.104405e+01,2.108537e+01,2.106471e+01,2.111979e+01,2.110602e+01,2.112667e+01,2.118860e+01,2.110602e+01,2.111291e+01,2.103716e+01,2.109914e+01,2.102338e+01,2.110602e+01,2.111979e+01,2.117484e+01,2.111291e+01,2.116796e+01,2.112667e+01,2.118860e+01,2.110602e+01,2.114732e+01,2.107848e+01,2.112667e+01,2.113355e+01,2.114732e+01,2.113355e+01,2.115420e+01,2.120923e+01,2.111979e+01,2.116108e+01,2.122986e+01,2.109914e+01,2.103716e+01,2.106471e+01,2.109914e+01,2.107160e+01,2.105782e+01,2.105094e+01,2.106471e+01,2.111291e+01,2.116796e+01,2.107160e+01,2.107160e+01,2.113355e+01,2.118860e+01,2.116796e+01,2.109914e+01,2.105094e+01,2.108537e+01,2.109225e+01,2.107160e+01,2.110602e+01,2.110602e+01,2.111979e+01,2.106471e+01,2.106471e+01,2.107848e+01,2.112667e+01,2.110602e+01,2.109914e+01,2.120923e+01,2.106471e+01,2.116796e+01,2.116108e+01,2.123674e+01,2.116108e+01,2.133981e+01,2.126423e+01,2.117484e+01,2.120923e+01,2.119548e+01,2.130546e+01,2.115420e+01,2.114732e+01,2.119548e+01,2.122986e+01,2.121611e+01,2.119548e+01,2.122298e+01,2.122986e+01,2.117484e+01,2.120923e+01,2.122298e+01,2.116108e+01,2.121611e+01,2.118860e+01,2.119548e+01,2.116108e+01,2.118860e+01,2.118860e+01,2.126423e+01,2.126423e+01,2.128485e+01,2.118172e+01,2.129172e+01,2.127798e+01,2.125048e+01,2.133981e+01,2.130546e+01,2.127110e+01,2.118860e+01,2.123674e+01,2.125048e+01,2.120235e+01,2.127110e+01,2.127110e+01,2.125736e+01,2.116796e+01,2.124361e+01,2.118172e+01,2.114732e+01,2.114732e+01,2.120923e+01,2.114732e+01,2.120923e+01,2.122986e+01,2.107848e+01,2.122986e+01,2.121611e+01,2.109225e+01,2.109225e+01,2.117484e+01,2.120923e+01,2.117484e+01,2.118172e+01,2.118860e+01,2.121611e+01,2.122298e+01,2.122298e+01,2.125736e+01,2.122986e+01,2.133981e+01,2.131920e+01,2.132607e+01,2.122986e+01,2.120923e+01,2.075432e+01,2.020711e+01,2.001244e+01,1.985922e+01,1.991496e+01,1.992890e+01,1.990103e+01,1.989407e+01,1.989407e+01,1.988710e+01,1.994283e+01,1.979647e+01,1.988710e+01,1.975462e+01,1.979647e+01,1.989407e+01,1.981042e+01,1.983831e+01,1.980345e+01,1.980345e+01,1.974764e+01,1.981042e+01,1.979647e+01,1.976160e+01,1.981042e+01,1.978253e+01,1.983134e+01,1.980345e+01,1.980345e+01,1.983831e+01,1.985225e+01,1.981042e+01,1.983134e+01,1.982437e+01,1.988013e+01,1.984528e+01,1.978253e+01,1.980345e+01,1.982437e+01,1.976160e+01,1.995675e+01,1.988710e+01,1.988710e+01,1.990800e+01,1.992890e+01,1.988710e+01,1.988710e+01,1.981740e+01,1.984528e+01,1.986619e+01,1.984528e+01,1.980345e+01,1.988710e+01,1.989407e+01,1.994979e+01,1.994979e+01,1.988710e+01,1.998460e+01,1.999156e+01,1.990800e+01,1.994979e+01,1.990103e+01,1.991496e+01,1.994979e+01,1.993586e+01,2.004027e+01,2.005419e+01,2.010982e+01,2.017932e+01,2.017932e+01,2.053303e+01,2.112667e+01,2.135355e+01,2.142906e+01,2.147708e+01,2.149080e+01,2.141533e+01,2.142906e+01,2.144964e+01,2.141533e+01,2.151137e+01,2.138788e+01,2.149080e+01,2.144964e+01,2.141533e+01,2.149766e+01,2.147022e+01,2.147022e+01,2.147022e+01,2.144964e+01,2.140161e+01,2.147022e+01,2.153880e+01,2.116796e+01,2.105094e+01,2.046377e+01,2.018627e+01,2.018627e+01,2.026266e+01,2.021405e+01,2.022100e+01,2.062299e+01,2.089929e+01,2.118860e+01,2.137415e+01,2.146336e+01,2.149080e+01,2.147708e+01,2.128485e+01,2.137415e+01,2.140847e+01,2.138101e+01,2.144964e+01,2.147022e+01,2.135355e+01,2.131233e+01,2.128485e+01,2.085099e+01,2.058148e+01,2.051225e+01,2.049840e+01,2.051918e+01,2.040833e+01,2.036673e+01,2.037366e+01,2.036673e+01,2.038753e+01,2.033899e+01,2.014458e+01,2.008201e+01,2.014458e+01,2.023489e+01,2.014458e+01,2.014458e+01,2.019321e+01,2.013068e+01,2.012372e+01,2.013763e+01,2.010982e+01,2.017932e+01,2.021405e+01,2.024877e+01,2.019321e+01,2.019321e+01,2.038753e+01,2.073360e+01,2.112667e+01,2.117484e+01,2.131233e+01,2.141533e+01,2.141533e+01,2.140847e+01,2.151823e+01,2.152508e+01,2.151823e+01,2.152508e+01,2.158677e+01,2.150451e+01,2.147708e+01,2.149766e+01,2.157991e+01,2.154565e+01,2.151823e+01,2.145650e+01,2.155250e+01,2.153194e+01,2.140847e+01,2.138101e+01,2.135355e+01,2.141533e+01,2.131920e+01,2.078886e+01,2.067831e+01,2.068522e+01,2.058840e+01,2.058148e+01,2.050533e+01,2.028348e+01,2.025571e+01,2.017932e+01,2.019321e+01,2.017932e+01,2.017237e+01,2.059531e+01,2.079576e+01,2.135355e+01,2.143592e+01,2.157306e+01,2.152508e+01,2.148394e+01,2.158677e+01,2.151823e+01,2.135355e+01,2.079576e+01,2.020016e+01,2.016542e+01,1.998460e+01,1.996371e+01,1.996371e+01,2.002636e+01,1.993586e+01,1.988710e+01,1.994979e+01,1.993586e+01,1.990103e+01,1.985922e+01,1.992890e+01,1.991496e+01,1.997764e+01,1.993586e+01,1.995675e+01,1.992890e+01,1.996371e+01,1.996371e+01,1.995675e+01,1.996371e+01,1.995675e+01,2.007505e+01,1.992890e+01,1.993586e+01,1.992890e+01,1.995675e+01,1.997068e+01,2.001244e+01,2.004027e+01,2.003332e+01,1.998460e+01,2.001940e+01,2.006810e+01,2.003332e+01,2.002636e+01,1.996371e+01,1.993586e+01,1.991496e+01,1.997764e+01,2.004723e+01,2.000548e+01,1.992890e+01,1.995675e+01,1.990800e+01,2.000548e+01,1.994283e+01,1.996371e+01,1.984528e+01,1.992890e+01,1.991496e+01,1.992193e+01,1.990103e+01,1.988710e+01,1.984528e+01,1.989407e+01,1.991496e+01,1.998460e+01,1.999852e+01,2.024183e+01,2.078195e+01,2.113355e+01,2.139474e+01,2.137415e+01,2.144964e+01,2.157991e+01,2.148394e+01,2.147708e+01,2.147022e+01,2.145650e+01,2.143592e+01,2.148394e+01,2.142906e+01,2.138101e+01,2.146336e+01,2.139474e+01,2.146336e+01,2.144278e+01,2.145650e+01,2.143592e+01,2.137415e+01,2.140161e+01,2.142906e+01,2.141533e+01,2.172371e+01,2.137415e+01,2.145650e+01,2.158677e+01,2.136041e+01,2.138101e+01,2.139474e+01,2.141533e+01,2.134668e+01,2.136728e+01,2.131920e+01,2.134668e+01,2.135355e+01,2.131920e+01,2.133981e+01,2.131920e+01,2.145650e+01,2.132607e+01,2.137415e+01,2.129859e+01,2.127110e+01,2.134668e+01,2.137415e+01,2.136041e+01,2.128485e+01,2.129859e+01,2.125048e+01,2.125736e+01,2.122986e+01,2.124361e+01,2.120923e+01,2.122986e+01,2.115420e+01,2.111291e+01,2.114732e+01,2.131920e+01,2.113355e+01,2.115420e+01,2.114732e+01,2.116796e+01,2.115420e+01,2.113355e+01,2.109914e+01,2.115420e+01,2.104405e+01,2.108537e+01,2.107848e+01,2.107848e+01,2.108537e+01,2.109914e+01,2.109914e+01,2.113355e+01,2.102338e+01,2.105782e+01,2.129172e+01,2.105094e+01,2.105094e+01,2.107160e+01,2.112667e+01,2.109914e+01,2.117484e+01,2.120923e+01,2.112667e+01,2.114044e+01,2.102338e+01,2.117484e+01,2.111291e+01,2.122298e+01,2.109225e+01,2.107160e+01,2.111291e+01,2.111291e+01,2.109914e+01,2.115420e+01,2.114044e+01,2.118860e+01,2.118172e+01,2.118860e+01,2.107848e+01,2.117484e+01,2.116108e+01,2.102338e+01,2.116108e+01,2.111979e+01,2.111979e+01,2.115420e+01,2.107160e+01,2.105782e+01,2.105782e+01,2.105782e+01,2.104405e+01,2.105782e+01,2.108537e+01,2.101649e+01,2.102338e+01,2.105094e+01,2.103716e+01,2.105782e+01,2.103027e+01,2.102338e+01,2.110602e+01,2.104405e+01,2.105094e+01,2.107160e+01,2.103027e+01,2.104405e+01,2.107160e+01,2.109914e+01,2.109225e+01,2.105782e+01,2.105782e+01,2.106471e+01,2.101649e+01,2.103027e+01,2.100271e+01,2.104405e+01,2.100271e+01,2.107848e+01,2.102338e+01,2.099582e+01,2.105782e+01,2.109225e+01,2.106471e+01,2.109225e+01,2.107848e+01,2.106471e+01,2.107160e+01,2.106471e+01,2.112667e+01,2.096825e+01,2.111291e+01,2.109914e+01,2.115420e+01,2.116108e+01,2.108537e+01,2.117484e+01,2.108537e+01,2.091308e+01,2.108537e+01,2.111291e+01,2.109914e+01,2.112667e+01,2.111979e+01,2.109914e+01,2.110602e+01,2.106471e+01,2.107848e+01,2.106471e+01,2.107848e+01,2.111979e+01,2.110602e+01,2.116108e+01,2.111979e+01,2.119548e+01,2.109225e+01,2.122298e+01,2.117484e+01,2.116108e+01,2.111291e+01,2.114732e+01,2.113355e+01,2.109914e+01,2.117484e+01,2.130546e+01,2.131233e+01,2.129172e+01,2.117484e+01,2.127110e+01,2.107160e+01,2.114732e+01,2.121611e+01,2.117484e+01,2.114044e+01,2.116108e+01,2.107848e+01,2.117484e+01,2.132607e+01,2.107160e+01,2.103027e+01,2.107848e+01
2.114044e+01,2.127798e+01,2.114044e+01,2.109914e+01,2.109914e+01,2.111291e+01,2.114732e+01,2.107848e+01,2.122986e+01,2.111979e+01,2.116796e+01,2.098203e+01,2.107160e+01,2.105094e+01,2.109914e+01,2.105782e+01,2.107160e+01,2.105782e+01,2.107848e+01,2.109914e+01,2.109225e+01,2.114732e+01,2.110602e+01,2.120235e+01,2.100960e+01,2.099582e+01,2.100960e+01,2.103027e+01,2.101649e+01,2.112667e+01,2.093377e+01,2.100271e+01,2.101649e+01,2.111979e+01,2.103027e+01,2.099582e+01,2.100960e+01,2.105782e+01,2.096135e+01,2.100960e+01,2.107160e+01,2.113355e+01,2.109225e+01,2.103716e+01,2.100960e+01,2.103027e+01,2.111979e+01,2.103027e+01,2.105782e+01,2.116108e+01,2.103027e+01,2.109225e+01,2.102338e+01,2.107848e+01,2.110602e+01,2.103027e+01,2.106471e+01,2.108537e+01,2.115420e+01,2.105094e+01,2.110602e+01,2.112667e+01,2.107848e+01,2.111291e+01,2.110602e+01,2.108537e+01,2.114044e+01,2.114044e+01,2.114044e+01,2.115420e+01,2.114732e+01,2.113355e+01,2.113355e+01,2.118172e+01,2.112667e+01,2.105782e+01,2.114044e+01,2.105094e+01,2.111291e+01,2.105094e+01,2.112667e+01,2.104405e+01,2.107160e+01,2.109225e+01,2.109914e+01,2.109914e+01,2.110602e+01,2.114044e+01,2.099582e+01,2.107160e+01,2.103027e+01,2.111979e+01,2.107848e+01,2.105094e+01,2.107848e+01,2.108537e+01,2.113355e+01,2.111979e+01,2.111979e+01,2.108537e+01,2.114044e+01,2.114044e+01,2.115420e+01,2.113355e+01,2.109225e+01,2.106471e+01,2.116796e+01,2.115420e+01,2.118172e+01,2.116796e+01,2.117484e+01,2.120923e+01,2.114732e+01,2.118172e+01,2.121611e+01,2.118172e+01,2.113355e+01,2.117484e+01,2.113355e+01,2.118172e+01,2.114732e+01,2.122986e+01,2.121611e+01,2.118172e+01,2.112667e+01,2.117484e+01,2.120923e+01,2.117484e+01,2.120235e+01,2.125736e+01,2.119548e+01,2.122298e+01,2.127798e+01,2.119548e+01,2.119548e+01,2.117484e+01,2.122986e+01,2.120923e+01,2.116796e+01,2.120235e+01,2.118860e+01,2.116796e+01,2.116796e+01,2.127798e+01,2.112667e+01,2.122298e+01,2.122986e+01,2.118172e+01,2.129859e+01,2.125048e+01,2.133294e+01,2.113355e+01,2.126423e+01,2.113355e+01,2.111979e+01,2.113355e+01,2.118860e+01,2.115420e+01,2.115420e+01,2.115420e+01,2.115420e+01,2.125736e+01,2.121611e+01,2.116108e+01,2.107848e+01,2.124361e+01,2.127798e+01,2.126423e+01,2.120235e+01,2.118860e+01,2.122298e+01,2.120923e+01,2.121611e+01,2.125048e+01,2.131233e+01,2.129859e+01,2.135355e+01,2.133981e+01,2.134668e+01,2.127798e+01,2.133294e+01,2.098893e+01,2.053303e+01,2.011677e+01,1.994979e+01,1.989407e+01,1.991496e+01,1.985922e+01,1.987316e+01,1.987316e+01,1.978950e+01,1.988013e+01,1.982437e+01,1.987316e+01,1.983134e+01,1.982437e+01,1.981740e+01,1.988710e+01,1.987316e+01,1.982437e+01,1.982437e+01,1.987316e+01,1.974067e+01,1.981740e+01,1.972671e+01,1.978950e+01,1.976858e+01,1.978253e+01,1.980345e+01,1.980345e+01,1.980345e+01,1.980345e+01,1.985225e+01,1.981740e+01,1.982437e+01,1.982437e+01,1.981042e+01,1.980345e+01,1.988710e+01,1.981042e+01,1.994979e+01,1.984528e+01,1.984528e+01,1.994979e+01,1.985922e+01,1.992193e+01,1.988013e+01,1.979647e+01,1.985922e+01,1.983134e+01,1.980345e+01,1.985225e+01,1.980345e+01,1.978253e+01,1.978253e+01,1.988013e+01,1.983134e+01,1.987316e+01,1.990103e+01,2.004027e+01,1.991496e+01,1.989407e+01,1.990103e+01,1.990103e+01,1.990103e+01,1.997764e+01,1.990103e+01,2.001940e+01,1.999156e+01,1.994283e+01,2.035980e+01,2.081648e+01,2.114044e+01,2.128485e+01,2.144278e+01,2.140161e+01,2.151823e+01,2.139474e+01,2.140847e+01,2.140161e+01,2.142220e+01,2.142220e+01,2.142220e+01,2.150451e+01,2.140847e+01,2.149080e+01,2.149766e+01,2.148394e+01,2.144964e+01,2.144964e+01,2.147708e+01,2.143592e+01,2.140161e+01,2.140161e+01,2.120923e+01,2.093377e+01,2.041526e+01,2.022794e+01,2.026960e+01,2.043605e+01,2.044298e+01,2.065757e+01,2.114044e+01,2.131920e+01,2.124361e+01,2.135355e+01,2.149080e+01,2.134668e+01,2.144278e+01,2.133981e+01,2.143592e+01,2.138788e+01,2.144964e+01,2.145650e+01,2.143592e+01,2.133294e+01,2.142220e+01,2.127110e+01,2.106471e+01,2.088549e+01,2.051225e+01,2.054687e+01,2.043605e+01,2.035286e+01,2.036673e+01,2.035286e+01,2.038060e+01,2.038753e+01,2.046377e+01,2.053303e+01,2.024877e+01,2.028348e+01,2.015153e+01,2.010982e+01,2.024877e+01,2.014458e+01,2.015153e+01,2.016542e+01,2.017237e+01,2.015153e+01,2.021405e+01,2.019321e+01,2.024877e+01,2.027654e+01,2.030430e+01,2.036673e+01,2.073360e+01,2.115420e+01,2.126423e+01,2.142220e+01,2.153194e+01,2.138788e+01,2.140161e+01,2.151823e+01,2.155936e+01,2.152508e+01,2.151823e+01,2.155250e+01,2.153194e+01,2.160047e+01,2.154565e+01,2.163472e+01,2.156621e+01,2.155936e+01,2.156621e+01,2.157306e+01,2.158677e+01,2.152508e+01,2.153194e+01,2.132607e+01,2.133981e+01,2.082338e+01,2.070596e+01,2.062299e+01,2.069213e+01,2.070596e+01,2.076123e+01,2.064374e+01,2.064374e+01,2.062990e+01,2.067139e+01,2.079576e+01,2.062990e+01,2.060223e+01,2.065065e+01,2.085789e+01,2.122986e+01,2.146336e+01,2.160732e+01,2.165526e+01,2.162102e+01,2.162102e+01,2.153194e+01,2.129859e+01,2.071978e+01,2.017237e+01,1.992890e+01,1.995675e+01,1.997764e+01,1.991496e+01,1.996371e+01,1.987316e+01,2.000548e+01,1.990800e+01,1.991496e+01,1.988013e+01,1.988013e+01,1.991496e+01,1.997764e+01,1.994979e+01,1.993586e+01,1.993586e+01,1.995675e+01,1.995675e+01,1.995675e+01,1.995675e+01,1.995675e+01,1.997068e+01,1.995675e+01,1.991496e+01,1.989407e+01,1.990103e+01,1.984528e+01,1.995675e+01,1.997764e+01,2.004723e+01,1.999852e+01,2.004723e+01,1.990103e+01,2.004723e+01,1.999852e+01,2.006810e+01,2.000548e+01,1.997068e+01,2.001244e+01,1.998460e+01,1.997068e+01,1.997068e+01,1.997068e+01,1.996371e+01,1.987316e+01,1.997068e+01,1.998460e+01,1.986619e+01,1.988710e+01,1.994979e+01,1.985225e+01,1.990103e+01,1.988710e+01,1.988013e+01,1.987316e+01,1.985225e+01,1.999156e+01,1.999852e+01,1.997068e+01,2.001244e+01,2.034592e+01,2.116108e+01,2.135355e+01,2.136041e+01,2.144964e+01,2.141533e+01,2.147708e+01,2.150451e+01,2.140161e+01,2.151823e+01,2.151137e+01,2.140847e+01,2.144278e+01,2.145650e+01,2.144964e+01,2.136728e+01,2.142220e+01,2.137415e+01,2.144964e+01,2.142220e+01,2.139474e+01,2.133981e+01,2.131920e+01,2.139474e+01,2.140161e+01,2.135355e+01,2.138788e+01,2.138788e+01,2.138101e+01,2.144278e+01,2.136041e+01,2.138101e+01,2.138788e+01,2.136728e+01,2.138788e+01,2.136728e+01,2.146336e+01,2.136041e+01,2.134668e+01,2.138101e+01,2.131920e+01,2.130546e+01,2.131233e+01,2.134668e+01,2.133981e+01,2.137415e+01,2.131920e+01,2.124361e+01,2.134668e+01,2.124361e+01,2.125048e+01,2.128485e+01,2.127110e+01,2.120235e+01,2.120923e+01,2.119548e+01,2.118172e+01,2.116796e+01,2.114732e+01,2.110602e+01,2.114732e+01,2.113355e+01,2.115420e+01,2.114044e+01,2.111979e+01,2.107848e+01,2.106471e+01,2.111291e+01,2.116796e+01,2.107160e+01,2.112667e+01,2.112667e+01,2.109225e+01,2.112667e+01,2.108537e+01,2.106471e+01,2.121611e+01,2.106471e+01,2.107160e+01,2.118172e+01,2.105782e+01,2.108537e+01,2.105094e+01,2.115420e+01,2.105094e+01,2.109914e+01,2.109225e+01,2.112667e+01,2.116796e+01,2.111291e+01,2.107160e+01,2.107848e+01,2.105094e+01,2.111979e+01,2.114044e+01,2.111291e+01,2.109225e+01,2.109914e+01,2.112667e+01,2.114732e+01,2.112667e+01,2.119548e+01,2.117484e+01,2.115420e+01,2.114044e+01,2.115420e+01,2.120235e+01,2.114044e+01,2.114044e+01,2.119548e+01,2.109914e+01,2.111979e+01,2.107160e+01,2.114044e+01,2.104405e+01,2.109914e+01,2.109225e+01,2.103716e+01,2.107848e+01,2.098893e+01,2.098203e+01,2.109914e+01,2.103027e+01,2.112667e+01,2.104405e+01,2.105094e+01,2.103716e+01,2.105094e+01,2.106471e+01,2.106471e+01,2.105094e+01,2.112667e+01,2.122298e+01,2.105094e+01,2.108537e+01,2.105094e+01,2.105782e+01,2.108537e+01,2.109914e+01,2.102338e+01,2.120923e+01,2.112667e+01,2.115420e+01,2.112667e+01,2.110602e+01,2.106471e+01,2.110602e+01,2.107160e+01,2.106471e+01,2.104405e+01,2.104405e+01,2.113355e+01,2.107160e+01,2.112667e+01,2.115420e+01,2.106471e+01,2.116108e+01,2.108537e+01,2.112667e+01,2.100960e+01,2.116108e+01,2.111291e+01,2.104405e+01,2.112667e+01,2.110602e+01,2.100960e+01,2.111979e+01,2.106471e+01,2.116108e+01,2.100271e+01,2.115420e+01,2.114732e+01,2.118172e+01,2.114732e+01,2.107848e+01,2.109225e+01,2.114732e+01,2.114732e+01,2.114732e+01,2.123674e+01,2.116108e+01,2.111979e+01,2.101649e+01,2.108537e+01,2.118860e+01,2.120923e+01,2.120235e+01,2.113355e+01,2.123674e+01,2.121611e+01,2.130546e+01,2.122298e+01,2.127798e+01,2.111291e+01,2.111291e+01,2.110602e+01,2.111979e+01,2.112667e+01,2.109225e+01,2.113355e+01,2.117484e+01,2.102338e+01,2.105094e+01,2.103027e+01
2.101649e+01,2.102338e+01,2.100271e+01,2.108537e+01,2.112667e+01,2.101649e+01,2.109225e+01,2.107848e+01,2.107160e+01,2.105094e+01,2.118860e+01,2.114732e+01,2.115420e+01,2.109225e+01,2.103027e+01,2.110602e+01,2.109225e+01,2.107848e+01,2.109914e+01,2.108537e+01,2.107848e+01,2.109225e+01,2.111979e+01,2.105094e+01,2.105094e+01,2.111979e+01,2.100960e+01,2.103027e+01,2.100271e+01,2.107848e+01,2.101649e+01,2.101649e+01,2.100960e+01,2.111291e+01,2.105094e+01,2.108537e+01,2.108537e+01,2.099582e+01,2.096135e+01,2.105782e+01,2.099582e+01,2.103716e+01,2.109225e+01,2.109225e+01,2.104405e+01,2.104405e+01,2.100960e+01,2.095446e+01,2.094757e+01,2.108537e+01,2.108537e+01,2.113355e+01,2.109225e+01,2.100271e+01,2.098893e+01,2.119548e+01,2.102338e+01,2.107848e+01,2.107848e+01,2.106471e+01,2.114732e+01,2.111979e+01,2.106471e+01,2.107848e+01,2.112667e+01,2.100960e+01,2.114732e+01,2.120235e+01,2.113355e+01,2.105094e+01,2.111291e+01,2.114732e+01,2.111979e+01,2.114732e+01,2.120923e+01,2.115420e+01,2.118172e+01,2.120923e+01,2.112667e+01,2.106471e+01,2.111291e+01,2.108537e+01,2.105094e+01,2.113355e+01,2.114044e+01,2.083719e+01,2.109914e+01,2.099582e+01,2.101649e+01,2.121611e+01,2.108537e+01,2.115420e+01,2.107848e+01,2.107848e+01,2.109914e+01,2.109225e+01,2.116796e+01,2.109225e+01,2.113355e+01,2.111979e+01,2.112667e+01,2.114044e+01,2.109225e+01,2.102338e+01,2.113355e+01,2.107848e+01,2.114044e+01,2.115420e+01,2.118860e+01,2.116796e+01,2.116108e+01,2.114732e+01,2.115420e+01,2.121611e+01,2.104405e+01,2.116796e+01,2.117484e+01,2.116108e+01,2.120923e+01,2.118860e+01,2.123674e+01,2.124361e+01,2.117484e+01,2.111979e+01,2.109914e+01,2.123674e+01,2.124361e+01,2.119548e+01,2.121611e+01,2.122298e+01,2.118860e+01,2.122298e+01,2.124361e+01,2.122986e+01,2.128485e+01,2.126423e+01,2.124361e+01,2.124361e+01,2.126423e+01,2.131920e+01,2.120923e+01,2.120923e+01,2.122986e+01,2.122986e+01,2.117484e+01,2.130546e+01,2.121611e+01,2.122298e+01,2.131233e+01,2.119548e+01,2.117484e+01,2.122986e+01,2.111979e+01,2.121611e+01,2.113355e+01,2.122298e+01,2.114732e+01,2.113355e+01,2.117484e+01,2.116108e+01,2.120235e+01,2.120923e+01,2.121611e+01,2.105782e+01,2.118860e+01,2.120235e+01,2.099582e+01,2.120235e+01,2.129172e+01,2.118860e+01,2.125048e+01,2.120235e+01,2.113355e+01,2.125048e+01,2.135355e+01,2.134668e+01,2.132607e+01,2.130546e+01,2.133294e+01,2.128485e+01,2.114044e+01,2.109914e+01,2.069905e+01,2.024877e+01,2.001940e+01,1.990800e+01,1.983831e+01,1.994979e+01,1.989407e+01,1.983134e+01,1.986619e+01,1.989407e+01,1.991496e+01,1.992193e+01,1.990103e+01,1.981042e+01,1.980345e+01,1.980345e+01,1.991496e+01,1.981042e+01,1.982437e+01,1.986619e+01,1.984528e+01,1.988710e+01,1.978253e+01,1.985922e+01,1.985225e+01,1.980345e+01,1.975462e+01,1.982437e+01,1.979647e+01,1.976160e+01,1.972671e+01,1.984528e+01,1.980345e+01,1.985225e+01,1.982437e+01,1.990800e+01,1.981740e+01,1.982437e+01,1.983831e+01,1.980345e+01,1.983134e+01,1.985922e+01,1.981740e+01,1.983831e+01,1.985225e+01,1.979647e+01,1.994979e+01,1.982437e+01,1.994979e+01,1.992890e+01,1.981042e+01,1.983831e+01,1.985225e+01,1.990103e+01,1.981042e+01,1.985922e+01,1.980345e+01,1.986619e+01,1.987316e+01,1.985922e+01,1.991496e+01,1.988013e+01,1.988710e+01,1.989407e+01,1.987316e+01,2.001940e+01,1.999852e+01,2.004723e+01,2.058840e+01,2.089929e+01,2.131233e+01,2.145650e+01,2.147022e+01,2.142220e+01,2.147708e+01,2.149766e+01,2.152508e+01,2.141533e+01,2.143592e+01,2.140847e+01,2.147708e+01,2.144278e+01,2.142220e+01,2.144964e+01,2.147022e+01,2.138788e+01,2.142220e+01,2.147022e+01,2.148394e+01,2.144964e+01,2.135355e+01,2.138101e+01,2.117484e+01,2.094757e+01,2.047762e+01,2.043605e+01,2.065757e+01,2.087859e+01,2.096135e+01,2.117484e+01,2.131920e+01,2.135355e+01,2.133294e+01,2.143592e+01,2.138788e+01,2.144278e+01,2.152508e+01,2.138788e+01,2.137415e+01,2.141533e+01,2.140161e+01,2.145650e+01,2.128485e+01,2.144278e+01,2.126423e+01,2.126423e+01,2.127110e+01,2.123674e+01,2.079576e+01,2.048455e+01,2.048455e+01,2.051225e+01,2.038753e+01,2.037366e+01,2.043605e+01,2.060915e+01,2.065757e+01,2.071287e+01,2.062990e+01,2.040140e+01,2.024183e+01,2.017237e+01,2.015848e+01,2.013763e+01,2.017932e+01,2.017932e+01,2.011677e+01,2.017932e+01,2.024877e+01,2.021405e+01,2.025571e+01,2.029042e+01,2.033899e+01,2.036673e+01,2.065065e+01,2.107160e+01,2.119548e+01,2.129859e+01,2.129859e+01,2.144278e+01,2.153880e+01,2.149766e+01,2.153194e+01,2.157991e+01,2.163472e+01,2.162102e+01,2.157306e+01,2.157306e+01,2.157991e+01,2.163472e+01,2.160047e+01,2.156621e+01,2.157991e+01,2.157306e+01,2.156621e+01,2.147708e+01,2.160047e+01,2.161417e+01,2.118860e+01,2.080957e+01,2.076814e+01,2.075432e+01,2.071978e+01,2.060223e+01,2.063682e+01,2.065065e+01,2.067139e+01,2.073360e+01,2.106471e+01,2.141533e+01,2.138788e+01,2.121611e+01,2.100271e+01,2.122298e+01,2.125736e+01,2.149080e+01,2.160732e+01,2.163472e+01,2.157306e+01,2.158677e+01,2.155936e+01,2.127798e+01,2.060223e+01,2.010982e+01,1.990800e+01,2.006810e+01,1.987316e+01,1.994283e+01,1.990103e+01,1.997068e+01,1.992890e+01,1.991496e+01,1.990103e+01,1.989407e+01,1.983831e+01,1.992890e+01,1.992193e+01,1.994979e+01,1.994979e+01,1.991496e+01,1.995675e+01,1.991496e+01,1.996371e+01,1.996371e+01,1.995675e+01,1.994283e+01,1.993586e+01,1.990800e+01,1.998460e+01,1.992890e+01,1.989407e+01,1.991496e+01,1.997764e+01,1.988013e+01,1.992193e+01,1.991496e+01,1.999156e+01,1.993586e+01,2.004723e+01,1.997764e+01,1.993586e+01,1.998460e+01,1.995675e+01,1.994979e+01,1.990800e+01,1.982437e+01,2.000548e+01,1.994979e+01,1.992193e+01,1.992193e+01,1.988710e+01,1.996371e+01,1.987316e+01,1.989407e+01,1.990103e+01,1.990103e+01,1.989407e+01,1.988710e+01,1.985922e+01,1.986619e+01,1.989407e+01,1.998460e+01,1.994979e+01,1.999156e+01,2.022100e+01,2.069905e+01,2.136728e+01,2.136041e+01,2.142906e+01,2.142220e+01,2.137415e+01,2.142906e+01,2.140161e+01,2.151137e+01,2.147708e+01,2.138788e+01,2.144278e+01,2.139474e+01,2.142906e+01,2.135355e+01,2.153880e+01,2.151137e+01,2.140161e+01,2.140847e+01,2.137415e+01,2.144278e+01,2.140161e+01,2.157991e+01,2.138101e+01,2.140161e+01,2.135355e+01,2.149080e+01,2.135355e+01,2.138101e+01,2.139474e+01,2.136041e+01,2.137415e+01,2.139474e+01,2.135355e+01,2.135355e+01,2.138101e+01,2.132607e+01,2.132607e+01,2.136728e+01,2.133294e+01,2.139474e+01,2.132607e+01,2.131233e+01,2.129859e+01,2.134668e+01,2.128485e+01,2.130546e+01,2.131233e+01,2.122298e+01,2.122986e+01,2.125736e+01,2.123674e+01,2.120923e+01,2.120235e+01,2.125736e+01,2.116796e+01,2.106471e+01,2.113355e+01,2.114044e+01,2.113355e+01,2.114732e+01,2.118172e+01,2.114732e+01,2.118172e+01,2.114044e+01,2.110602e+01,2.114044e+01,2.114044e+01,2.101649e+01,2.108537e+01,2.110602e+01,2.111291e+01,2.111291e+01,2.106471e+01,2.107848e+01,2.105782e+01,2.116796e+01,2.115420e+01,2.109225e+01,2.096825e+01,2.099582e+01,2.108537e+01,2.114732e+01,2.108537e+01,2.104405e+01,2.112667e+01,2.114044e+01,2.111979e+01,2.114732e+01,2.110602e+01,2.107848e+01,2.107848e+01,2.110602e+01,2.105782e+01,2.117484e+01,2.114044e+01,2.111291e+01,2.109914e+01,2.112667e+01,2.111979e+01,2.121611e+01,2.126423e+01,2.118172e+01,2.114044e+01,2.114044e+01,2.117484e+01,2.118860e+01,2.120235e+01,2.111291e+01,2.109225e+01,2.109225e+01,2.108537e+01,2.106471e+01,2.104405e+01,2.108537e+01,2.105782e+01,2.104405e+01,2.108537e+01,2.108537e+01,2.107848e+01,2.107848e+01,2.103716e+01,2.110602e+01,2.104405e+01,2.103716e+01,2.109914e+01,2.111291e+01,2.107160e+01,2.111291e+01,2.105782e+01,2.109914e+01,2.106471e+01,2.110602e+01,2.104405e+01,2.103027e+01,2.102338e+01,2.092688e+01,2.101649e+01,2.109225e+01,2.117484e+01,2.107848e+01,2.115420e+01,2.107160e+01,2.109914e+01,2.111979e+01,2.111979e+01,2.114732e+01,2.109225e+01,2.109225e+01,2.112667e+01,2.114732e+01,2.102338e+01,2.115420e+01,2.114732e+01,2.103716e+01,2.112667e+01,2.116108e+01,2.103716e+01,2.117484e+01,2.108537e+01,2.110602e+01,2.110602e+01,2.110602e+01,2.107848e+01,2.109225e+01,2.114044e+01,2.113355e+01,2.102338e+01,2.115420e+01,2.114732e+01,2.102338e+01,2.116108e+01,2.111291e+01,2.115420e+01,2.108537e+01,2.110602e+01,2.112667e+01,2.111291e+01,2.118172e+01,2.120235e+01,2.106471e+01,2.118172e+01,2.114044e+01,2.125048e+01,2.120923e+01,2.129172e+01,2.114732e+01,2.116108e+01,2.127110e+01,2.119548e+01,2.113355e+01,2.122298e+01,2.114732e+01,2.121611e+01,2.119548e+01,2.112667e+01,2.118860e+01,2.113355e+01,2.113355e+01,2.107160e+01,2.109225e+01,2.122298e+01,2.113355e+01
2.101649e+01,2.119548e+01,2.111979e+01,2.109225e+01,2.109914e+01,2.112667e+01,2.108537e+01,2.109225e+01,2.109225e+01,2.111291e+01,2.109914e+01,2.109225e+01,2.114732e+01,2.105782e+01,2.110602e+01,2.107160e+01,2.105782e+01,2.103027e+01,2.105782e+01,2.110602e+01,2.116108e+01,2.095446e+01,2.107160e+01,2.109225e+01,2.104405e+01,2.112667e+01,2.109914e+01,2.101649e+01,2.098203e+01,2.091998e+01,2.098893e+01,2.107848e+01,2.098203e+01,2.103716e+01,2.108537e+01,2.107848e+01,2.108537e+01,2.105782e+01,2.116796e+01,2.104405e+01,2.116108e+01,2.107848e+01,2.103716e+01,2.109914e+01,2.107848e+01,2.109225e+01,2.098203e+01,2.107848e+01,2.097514e+01,2.109914e+01,2.098893e+01,2.111979e+01,2.114044e+01,2.105782e+01,2.110602e+01,2.108537e+01,2.108537e+01,2.112667e+01,2.112667e+01,2.117484e+01,2.099582e+01,2.107848e+01,2.109914e+01,2.109225e+01,2.111291e+01,2.107160e+01,2.111291e+01,2.112667e+01,2.111291e+01,2.112667e+01,2.111291e+01,2.115420e+01,2.109914e+01,2.116796e+01,2.118172e+01,2.118172e+01,2.104405e+01,2.103716e+01,2.108537e+01,2.105782e+01,2.106471e+01,2.110602e+01,2.109914e+01,2.114044e+01,2.104405e+01,2.111291e+01,2.107848e+01,2.120235e+01,2.109914e+01,2.115420e+01,2.109225e+01,2.120923e+01,2.116108e+01,2.108537e+01,2.105094e+01,2.111979e+01,2.105782e+01,2.103716e+01,2.108537e+01,2.113355e+01,2.114044e+01,2.107160e+01,2.114044e+01,2.118860e+01,2.114732e+01,2.111291e+01,2.116108e+01,2.118860e+01,2.121611e+01,2.116108e+01,2.129859e+01,2.118860e+01,2.120235e+01,2.114044e+01,2.119548e+01,2.116108e+01,2.116796e+01,2.116796e+01,2.116796e+01,2.122986e+01,2.125736e+01,2.125736e+01,2.118860e+01,2.118860e+01,2.120235e+01,2.109914e+01,2.124361e+01,2.125736e+01,2.120235e+01,2.119548e+01,2.120923e+01,2.114732e+01,2.122298e+01,2.124361e+01,2.125736e+01,2.122298e+01,2.122298e+01,2.119548e+01,2.120235e+01,2.123674e+01,2.129172e+01,2.123674e+01,2.120235e+01,2.127110e+01,2.122986e+01,2.130546e+01,2.126423e+01,2.124361e+01,2.122298e+01,2.110602e+01,2.119548e+01,2.116796e+01,2.118172e+01,2.112667e+01,2.116796e+01,2.121611e+01,2.113355e+01,2.118172e+01,2.117484e+01,2.114044e+01,2.112667e+01,2.115420e+01,2.121611e+01,2.132607e+01,2.118172e+01,2.130546e+01,2.100960e+01,2.132607e+01,2.129859e+01,2.118860e+01,2.131233e+01,2.122986e+01,2.126423e+01,2.129859e+01,2.128485e+01,2.132607e+01,2.127110e+01,2.127798e+01,2.131920e+01,2.133981e+01,2.129172e+01,2.118172e+01,2.108537e+01,2.066448e+01,2.018627e+01,1.999852e+01,1.990103e+01,1.988710e+01,1.988013e+01,1.999852e+01,1.987316e+01,1.988013e+01,1.988013e+01,1.992193e+01,1.989407e+01,1.980345e+01,1.983831e+01,1.990800e+01,1.986619e+01,1.979647e+01,1.982437e+01,1.983831e+01,1.985225e+01,1.985225e+01,1.982437e+01,1.979647e+01,1.980345e+01,1.988013e+01,1.981740e+01,1.985922e+01,1.988013e+01,1.989407e+01,1.970577e+01,1.987316e+01,1.980345e+01,1.981042e+01,1.981740e+01,1.981042e+01,1.981740e+01,1.982437e+01,1.982437e+01,1.984528e+01,1.980345e+01,1.984528e+01,1.988013e+01,1.978253e+01,1.985922e+01,1.987316e+01,1.987316e+01,1.981740e+01,1.985922e+01,1.985922e+01,1.990800e+01,1.990103e+01,1.981740e+01,1.981740e+01,1.981042e+01,1.985922e+01,1.992890e+01,1.982437e+01,1.993586e+01,1.988013e+01,1.988013e+01,1.984528e+01,1.990103e+01,1.992890e+01,1.995675e+01,1.997764e+01,2.001244e+01,2.002636e+01,2.049840e+01,2.113355e+01,2.122298e+01,2.144278e+01,2.137415e+01,2.144278e+01,2.151137e+01,2.153194e+01,2.138788e+01,2.144278e+01,2.150451e+01,2.151823e+01,2.151823e+01,2.150451e+01,2.150451e+01,2.138101e+01,2.155936e+01,2.148394e+01,2.149080e+01,2.151823e+01,2.150451e+01,2.144278e+01,2.143592e+01,2.153880e+01,2.116796e+01,2.108537e+01,2.087169e+01,2.086479e+01,2.096825e+01,2.123674e+01,2.133294e+01,2.131920e+01,2.136041e+01,2.136728e+01,2.133981e+01,2.141533e+01,2.146336e+01,2.133981e+01,2.141533e+01,2.142220e+01,2.138101e+01,2.136041e+01,2.146336e+01,2.147022e+01,2.147022e+01,2.147022e+01,2.129859e+01,2.129172e+01,2.133294e+01,2.127110e+01,2.100960e+01,2.065757e+01,2.052610e+01,2.044991e+01,2.041526e+01,2.047070e+01,2.042912e+01,2.062990e+01,2.071287e+01,2.073360e+01,2.069213e+01,2.039447e+01,2.017237e+01,2.024877e+01,2.031818e+01,2.024877e+01,2.017932e+01,2.024183e+01,2.020711e+01,2.024183e+01,2.022794e+01,2.031124e+01,2.024877e+01,2.027654e+01,2.031124e+01,2.035980e+01,2.074742e+01,2.109225e+01,2.121611e+01,2.143592e+01,2.138788e+01,2.142906e+01,2.154565e+01,2.162787e+01,2.165526e+01,2.155936e+01,2.166211e+01,2.172371e+01,2.159362e+01,2.163472e+01,2.166895e+01,2.160047e+01,2.160732e+01,2.160047e+01,2.157306e+01,2.158677e+01,2.153194e+01,2.155936e+01,2.139474e+01,2.143592e+01,2.106471e+01,2.080267e+01,2.073360e+01,2.071978e+01,2.062299e+01,2.070596e+01,2.074051e+01,2.076814e+01,2.075432e+01,2.106471e+01,2.129859e+01,2.150451e+01,2.153194e+01,2.156621e+01,2.146336e+01,2.160047e+01,2.160732e+01,2.162102e+01,2.161417e+01,2.165526e+01,2.158677e+01,2.157306e+01,2.157991e+01,2.122298e+01,2.060223e+01,2.015153e+01,2.002636e+01,2.001940e+01,1.989407e+01,1.994283e+01,1.992890e+01,1.992193e+01,1.988013e+01,1.984528e+01,1.986619e+01,1.992890e+01,1.986619e+01,1.990800e+01,1.994283e+01,1.991496e+01,1.994979e+01,1.995675e+01,1.997068e+01,2.008201e+01,1.998460e+01,1.991496e+01,1.991496e+01,1.992193e+01,1.992193e+01,1.989407e+01,1.992193e+01,1.988710e+01,1.989407e+01,1.990800e+01,1.991496e+01,1.992890e+01,2.001940e+01,1.989407e+01,2.002636e+01,2.005419e+01,1.998460e+01,2.001244e+01,2.005419e+01,2.003332e+01,2.001940e+01,2.007505e+01,1.997764e+01,1.998460e+01,1.994979e+01,1.997764e+01,2.000548e+01,1.991496e+01,1.997764e+01,1.987316e+01,2.006114e+01,1.986619e+01,1.981042e+01,1.988013e+01,1.981740e+01,1.988013e+01,1.985922e+01,1.997068e+01,1.987316e+01,1.987316e+01,1.995675e+01,1.999852e+01,2.009591e+01,2.088549e+01,2.115420e+01,2.142906e+01,2.147022e+01,2.151823e+01,2.144278e+01,2.153194e+01,2.150451e+01,2.153194e+01,2.141533e+01,2.145650e+01,2.149766e+01,2.146336e+01,2.140161e+01,2.142220e+01,2.157991e+01,2.143592e+01,2.140847e+01,2.139474e+01,2.144278e+01,2.135355e+01,2.135355e+01,2.131233e+01,2.142906e+01,2.141533e+01,2.136728e+01,2.136728e+01,2.132607e+01,2.134668e+01,2.151137e+01,2.134668e+01,2.136728e+01,2.140847e+01,2.139474e+01,2.134668e+01,2.145650e+01,2.135355e+01,2.127110e+01,2.136728e+01,2.139474e+01,2.131920e+01,2.131233e+01,2.121611e+01,2.133981e+01,2.133294e+01,2.136728e+01,2.133981e+01,2.130546e+01,2.131920e+01,2.123674e+01,2.129859e+01,2.125736e+01,2.127798e+01,2.120235e+01,2.115420e+01,2.116796e+01,2.112667e+01,2.114044e+01,2.113355e+01,2.114732e+01,2.114044e+01,2.114732e+01,2.114732e+01,2.114732e+01,2.111979e+01,2.113355e+01,2.111291e+01,2.106471e+01,2.110602e+01,2.109225e+01,2.111291e+01,2.111979e+01,2.107848e+01,2.108537e+01,2.103027e+01,2.125736e+01,2.094067e+01,2.111979e+01,2.107160e+01,2.113355e+01,2.108537e+01,2.116796e+01,2.105782e+01,2.105094e+01,2.114044e+01,2.116796e+01,2.107160e+01,2.114044e+01,2.115420e+01,2.115420e+01,2.105094e+01,2.114732e+01,2.114044e+01,2.113355e+01,2.107848e+01,2.117484e+01,2.119548e+01,2.111291e+01,2.111291e+01,2.113355e+01,2.114732e+01,2.121611e+01,2.120235e+01,2.114732e+01,2.134668e+01,2.112667e+01,2.119548e+01,2.121611e+01,2.115420e+01,2.107160e+01,2.105782e+01,2.109914e+01,2.109914e+01,2.110602e+01,2.111979e+01,2.103716e+01,2.090619e+01,2.109914e+01,2.106471e+01,2.107848e+01,2.106471e+01,2.100960e+01,2.124361e+01,2.103027e+01,2.100960e+01,2.107160e+01,2.106471e+01,2.108537e+01,2.107160e+01,2.111291e+01,2.083719e+01,2.111291e+01,2.107848e+01,2.104405e+01,2.103027e+01,2.099582e+01,2.103716e+01,2.109225e+01,2.103027e+01,2.107848e+01,2.114044e+01,2.105094e+01,2.109225e+01,2.107160e+01,2.112667e+01,2.111291e+01,2.115420e+01,2.112667e+01,2.111291e+01,2.109914e+01,2.111291e+01,2.109225e+01,2.116796e+01,2.116796e+01,2.116108e+01,2.113355e+01,2.105782e+01,2.107848e+01,2.109225e+01,2.109914e+01,2.111291e+01,2.109225e+01,2.110602e+01,2.110602e+01,2.108537e+01,2.109914e+01,2.106471e+01,2.106471e+01,2.109225e+01,2.101649e+01,2.118172e+01,2.117484e+01,2.110602e+01,2.115420e+01,2.111291e+01,2.129172e+01,2.115420e+01,2.116108e+01,2.118172e+01,2.105782e+01,2.115420e+01,2.120235e+01,2.109225e+01,2.117484e+01,2.114732e+01,2.116108e+01,2.133981e+01,2.123674e+01,2.111979e+01,2.120235e+01,2.120235e+01,2.120923e+01,2.115420e+01,2.118172e+01,2.116796e+01,2.118172e+01,2.110602e+01,2.108537e+01,2.118172e+01,2.114732e+01,2.116796e+01,2.111979e+01,2.108537e+01
2.109225e+01,2.111979e+01,2.110602e+01,2.108537e+01,2.106471e+01,2.106471e+01,2.108537e+01,2.111291e+01,2.115420e+01,2.115420e+01,2.116796e+01,2.112667e+01,2.118860e+01,2.114732e+01,2.111291e+01,2.104405e+01,2.107848e+01,2.110602e+01,2.101649e+01,2.111291e+01,2.109914e+01,2.085099e+01,2.116108e+01,2.107848e+01,2.107160e+01,2.102338e+01,2.100960e+01,2.104405e+01,2.116108e+01,2.089929e+01,2.100960e+01,2.098203e+01,2.108537e+01,2.108537e+01,2.107160e+01,2.105094e+01,2.100271e+01,2.098893e+01,2.105782e+01,2.100271e+01,2.106471e+01,2.105782e+01,2.110602e+01,2.106471e+01,2.106471e+01,2.110602e+01,2.097514e+01,2.108537e+01,2.099582e+01,2.096135e+01,2.108537e+01,2.111979e+01,2.107160e+01,2.116108e+01,2.111979e+01,2.106471e+01,2.110602e+01,2.114732e+01,2.107160e+01,2.105782e+01,2.104405e+01,2.108537e+01,2.104405e+01,2.129859e+01,2.124361e+01,2.110602e+01,2.107160e+01,2.111979e+01,2.111291e+01,2.110602e+01,2.105094e+01,2.112667e+01,2.106471e+01,2.107848e+01,2.103716e+01,2.109225e+01,2.109914e+01,2.109914e+01,2.107848e+01,2.109225e+01,2.109914e+01,2.109914e+01,2.114732e+01,2.100960e+01,2.109914e+01,2.107848e+01,2.098893e+01,2.097514e+01,2.116796e+01,2.116796e+01,2.112667e+01,2.113355e+01,2.108537e+01,2.113355e+01,2.114732e+01,2.105782e+01,2.104405e+01,2.108537e+01,2.108537e+01,2.109914e+01,2.112667e+01,2.114044e+01,2.107848e+01,2.116108e+01,2.118860e+01,2.118172e+01,2.117484e+01,2.118860e+01,2.117484e+01,2.122986e+01,2.119548e+01,2.129859e+01,2.128485e+01,2.118860e+01,2.126423e+01,2.116796e+01,2.113355e+01,2.117484e+01,2.115420e+01,2.120923e+01,2.124361e+01,2.118172e+01,2.124361e+01,2.122986e+01,2.121611e+01,2.126423e+01,2.122298e+01,2.122986e+01,2.120235e+01,2.127110e+01,2.115420e+01,2.127798e+01,2.126423e+01,2.122986e+01,2.118860e+01,2.122298e+01,2.118172e+01,2.126423e+01,2.117484e+01,2.118860e+01,2.122986e+01,2.116108e+01,2.112667e+01,2.122986e+01,2.116796e+01,2.121611e+01,2.118860e+01,2.120235e+01,2.120235e+01,2.122298e+01,2.136728e+01,2.133294e+01,2.114044e+01,2.121611e+01,2.122986e+01,2.113355e+01,2.118172e+01,2.123674e+01,2.114732e+01,2.113355e+01,2.116108e+01,2.112667e+01,2.110602e+01,2.122298e+01,2.125048e+01,2.122986e+01,2.124361e+01,2.120235e+01,2.120923e+01,2.126423e+01,2.118172e+01,2.139474e+01,2.131920e+01,2.120923e+01,2.131233e+01,2.131233e+01,2.141533e+01,2.141533e+01,2.133981e+01,2.131920e+01,2.131920e+01,2.130546e+01,2.124361e+01,2.100271e+01,2.050533e+01,2.014458e+01,1.994283e+01,2.001244e+01,1.985225e+01,1.984528e+01,1.985922e+01,1.988013e+01,1.986619e+01,1.994283e+01,1.985922e+01,1.983134e+01,1.996371e+01,1.983134e+01,1.981740e+01,1.981042e+01,1.990103e+01,1.984528e+01,1.984528e+01,1.983831e+01,1.981740e+01,1.981042e+01,1.984528e+01,1.982437e+01,1.977555e+01,1.983134e+01,1.985922e+01,1.990103e+01,1.975462e+01,1.972671e+01,1.987316e+01,1.984528e+01,1.980345e+01,1.982437e+01,1.981740e+01,1.983134e+01,1.985922e+01,1.983831e+01,1.990103e+01,1.985225e+01,1.982437e+01,1.979647e+01,1.985922e+01,1.979647e+01,1.981042e+01,1.976160e+01,1.980345e+01,1.988710e+01,1.980345e+01,1.988013e+01,1.989407e+01,1.991496e+01,1.978950e+01,1.981042e+01,1.994283e+01,1.988710e+01,1.981042e+01,1.978253e+01,1.990103e+01,1.994979e+01,1.985922e+01,1.995675e+01,1.987316e+01,1.995675e+01,1.996371e+01,2.001940e+01,2.038060e+01,2.088549e+01,2.131233e+01,2.141533e+01,2.142906e+01,2.145650e+01,2.138101e+01,2.148394e+01,2.147708e+01,2.145650e+01,2.142906e+01,2.149080e+01,2.145650e+01,2.147708e+01,2.146336e+01,2.151823e+01,2.153880e+01,2.142220e+01,2.143592e+01,2.143592e+01,2.148394e+01,2.152508e+01,2.135355e+01,2.149766e+01,2.135355e+01,2.125736e+01,2.110602e+01,2.124361e+01,2.122986e+01,2.141533e+01,2.139474e+01,2.135355e+01,2.134668e+01,2.134668e+01,2.136728e+01,2.133294e+01,2.146336e+01,2.144964e+01,2.139474e+01,2.142906e+01,2.144964e+01,2.145650e+01,2.135355e+01,2.147708e+01,2.145650e+01,2.142906e+01,2.146336e+01,2.135355e+01,2.135355e+01,2.134668e+01,2.129859e+01,2.108537e+01,2.074051e+01,2.062299e+01,2.053303e+01,2.049840e+01,2.046377e+01,2.046377e+01,2.073360e+01,2.091998e+01,2.097514e+01,2.047070e+01,2.038753e+01,2.022100e+01,2.022100e+01,2.017237e+01,2.006810e+01,2.022794e+01,2.021405e+01,2.021405e+01,2.020016e+01,2.024183e+01,2.031124e+01,2.025571e+01,2.030430e+01,2.029736e+01,2.075432e+01,2.105782e+01,2.149080e+01,2.141533e+01,2.149080e+01,2.152508e+01,2.163472e+01,2.154565e+01,2.162102e+01,2.158677e+01,2.168949e+01,2.160732e+01,2.160047e+01,2.171686e+01,2.160732e+01,2.157306e+01,2.173739e+01,2.158677e+01,2.156621e+01,2.156621e+01,2.150451e+01,2.155250e+01,2.141533e+01,2.121611e+01,2.076123e+01,2.066448e+01,2.069905e+01,2.067831e+01,2.064374e+01,2.071287e+01,2.062299e+01,2.071978e+01,2.107848e+01,2.125736e+01,2.154565e+01,2.152508e+01,2.153880e+01,2.156621e+01,2.155936e+01,2.161417e+01,2.172371e+01,2.157991e+01,2.167580e+01,2.155936e+01,2.156621e+01,2.157991e+01,2.159362e+01,2.133981e+01,2.061607e+01,2.013763e+01,2.010982e+01,1.997068e+01,1.997764e+01,1.990800e+01,1.994283e+01,1.988710e+01,1.986619e+01,1.992890e+01,1.990800e+01,1.988710e+01,1.986619e+01,1.993586e+01,1.993586e+01,1.992890e+01,1.994283e+01,1.986619e+01,1.988710e+01,1.983831e+01,1.994283e+01,1.997764e+01,1.991496e+01,1.979647e+01,1.992193e+01,1.990103e+01,1.987316e+01,1.996371e+01,1.988710e+01,1.991496e+01,1.992193e+01,1.988013e+01,1.988710e+01,2.001244e+01,2.001244e+01,2.002636e+01,1.999156e+01,1.999156e+01,1.997764e+01,1.997764e+01,2.008201e+01,2.002636e+01,1.999852e+01,2.004027e+01,2.001244e+01,1.996371e+01,2.016542e+01,1.993586e+01,1.988710e+01,1.996371e+01,1.988013e+01,1.986619e+01,1.984528e+01,1.985922e+01,1.986619e+01,1.987316e+01,1.986619e+01,1.990800e+01,1.992193e+01,1.992193e+01,1.998460e+01,1.995675e+01,2.005419e+01,2.072669e+01,2.114732e+01,2.138101e+01,2.144278e+01,2.143592e+01,2.154565e+01,2.151823e+01,2.145650e+01,2.138788e+01,2.142906e+01,2.139474e+01,2.141533e+01,2.135355e+01,2.137415e+01,2.146336e+01,2.159362e+01,2.140161e+01,2.140161e+01,2.142220e+01,2.131920e+01,2.138101e+01,2.140161e+01,2.136728e+01,2.136728e+01,2.136041e+01,2.138788e+01,2.138101e+01,2.129859e+01,2.136728e+01,2.129859e+01,2.138101e+01,2.137415e+01,2.142220e+01,2.137415e+01,2.137415e+01,2.136041e+01,2.137415e+01,2.129859e+01,2.125736e+01,2.136041e+01,2.133294e+01,2.140161e+01,2.136728e+01,2.133981e+01,2.127110e+01,2.133981e+01,2.138101e+01,2.128485e+01,2.126423e+01,2.123674e+01,2.125048e+01,2.127110e+01,2.122298e+01,2.120235e+01,2.128485e+01,2.114732e+01,2.111979e+01,2.111979e+01,2.114044e+01,2.118172e+01,2.115420e+01,2.114044e+01,2.114732e+01,2.114732e+01,2.114044e+01,2.109914e+01,2.109914e+01,2.107160e+01,2.109914e+01,2.111291e+01,2.110602e+01,2.113355e+01,2.113355e+01,2.103027e+01,2.103716e+01,2.099582e+01,2.109914e+01,2.111291e+01,2.109914e+01,2.109225e+01,2.111291e+01,2.114732e+01,2.110602e+01,2.104405e+01,2.114044e+01,2.109225e+01,2.114732e+01,2.111291e+01,2.113355e+01,2.109225e+01,2.113355e+01,2.107848e+01,2.105782e+01,2.114044e+01,2.114044e+01,2.100960e+01,2.111979e+01,2.111291e+01,2.112667e+01,2.113355e+01,2.128485e+01,2.120235e+01,2.117484e+01,2.111291e+01,2.118172e+01,2.109914e+01,2.116108e+01,2.109914e+01,2.109225e+01,2.107848e+01,2.107160e+01,2.107848e+01,2.107160e+01,2.110602e+01,2.109914e+01,2.103027e+01,2.104405e+01,2.108537e+01,2.107160e+01,2.109914e+01,2.114732e+01,2.107160e+01,2.103716e+01,2.105094e+01,2.105094e+01,2.106471e+01,2.115420e+01,2.107848e+01,2.114044e+01,2.110602e+01,2.111291e+01,2.108537e+01,2.104405e+01,2.103027e+01,2.105094e+01,2.105094e+01,2.105094e+01,2.109225e+01,2.100960e+01,2.100960e+01,2.112667e+01,2.116796e+01,2.115420e+01,2.118172e+01,2.114044e+01,2.109225e+01,2.111979e+01,2.111291e+01,2.112667e+01,2.111291e+01,2.116796e+01,2.112667e+01,2.109914e+01,2.103716e+01,2.107848e+01,2.111979e+01,2.103716e+01,2.107848e+01,2.109225e+01,2.108537e+01,2.113355e+01,2.125736e+01,2.110602e+01,2.108537e+01,2.088549e+01,2.113355e+01,2.103716e+01,2.118172e+01,2.116108e+01,2.099582e+01,2.117484e+01,2.109914e+01,2.109225e+01,2.114044e+01,2.113355e+01,2.115420e+01,2.113355e+01,2.113355e+01,2.114732e+01,2.114044e+01,2.118172e+01,2.119548e+01,2.114732e+01,2.113355e+01,2.120923e+01,2.109914e+01,2.119548e+01,2.126423e+01,2.120923e+01,2.119548e+01,2.118860e+01,2.120235e+01,2.109914e+01,2.116108e+01,2.114044e+01,2.116108e+01,2.108537e+01,2.116108e+01,2.115420e+01,2.090619e+01,2.119548e+01,2.120235e+01,2.120235e+01
2.113355e+01,2.118860e+01,2.114044e+01,2.109914e+01,2.108537e+01,2.106471e+01,2.111979e+01,2.106471e+01,2.103027e+01,2.100271e+01,2.113355e+01,2.109225e+01,2.105782e+01,2.108537e+01,2.106471e+01,2.108537e+01,2.106471e+01,2.109225e+01,2.106471e+01,2.109225e+01,2.098203e+01,2.103716e+01,2.103027e+01,2.114732e+01,2.101649e+01,2.110602e+01,2.105094e+01,2.111979e+01,2.105782e+01,2.100960e+01,2.120923e+01,2.101649e+01,2.092688e+01,2.095446e+01,2.107160e+01,2.112667e+01,2.111979e+01,2.098893e+01,2.096135e+01,2.105782e+01,2.101649e+01,2.111291e+01,2.107848e+01,2.106471e+01,2.110602e+01,2.098893e+01,2.107848e+01,2.107160e+01,2.107848e+01,2.110602e+01,2.107848e+01,2.102338e+01,2.098893e+01,2.098893e+01,2.106471e+01,2.111979e+01,2.110602e+01,2.114732e+01,2.106471e+01,2.109914e+01,2.109914e+01,2.109914e+01,2.108537e+01,2.127798e+01,2.108537e+01,2.105782e+01,2.114732e+01,2.111291e+01,2.109225e+01,2.107160e+01,2.105094e+01,2.113355e+01,2.114044e+01,2.115420e+01,2.110602e+01,2.114732e+01,2.114732e+01,2.105094e+01,2.106471e+01,2.103027e+01,2.105094e+01,2.103716e+01,2.108537e+01,2.111979e+01,2.110602e+01,2.109914e+01,2.110602e+01,2.113355e+01,2.111979e+01,2.113355e+01,2.111291e+01,2.111979e+01,2.110602e+01,2.105782e+01,2.106471e+01,2.101649e+01,2.114732e+01,2.108537e+01,2.109914e+01,2.109914e+01,2.110602e+01,2.107160e+01,2.126423e+01,2.114044e+01,2.113355e+01,2.111979e+01,2.113355e+01,2.119548e+01,2.114044e+01,2.120235e+01,2.126423e+01,2.119548e+01,2.120235e+01,2.122986e+01,2.119548e+01,2.114732e+01,2.118172e+01,2.112667e+01,2.116796e+01,2.120923e+01,2.115420e+01,2.116108e+01,2.113355e+01,2.113355e+01,2.121611e+01,2.128485e+01,2.124361e+01,2.125736e+01,2.122986e+01,2.115420e+01,2.125048e+01,2.118860e+01,2.127798e+01,2.124361e+01,2.125048e+01,2.123674e+01,2.125048e+01,2.122986e+01,2.125048e+01,2.117484e+01,2.117484e+01,2.120235e+01,2.123674e+01,2.116108e+01,2.123674e+01,2.105782e+01,2.121611e+01,2.117484e+01,2.126423e+01,2.122986e+01,2.122986e+01,2.127110e+01,2.121611e+01,2.109914e+01,2.118172e+01,2.112667e+01,2.117484e+01,2.114732e+01,2.114044e+01,2.122298e+01,2.111291e+01,2.105782e+01,2.116796e+01,2.125048e+01,2.122986e+01,2.126423e+01,2.122298e+01,2.120923e+01,2.136041e+01,2.136728e+01,2.139474e+01,2.132607e+01,2.134668e+01,2.132607e+01,2.129859e+01,2.133294e+01,2.129859e+01,2.133294e+01,2.132607e+01,2.123674e+01,2.129859e+01,2.129859e+01,2.129859e+01,2.103716e+01,2.068522e+01,2.018627e+01,1.992193e+01,1.990800e+01,1.987316e+01,2.000548e+01,1.985922e+01,1.989407e+01,1.986619e+01,1.990800e+01,1.987316e+01,1.985225e+01,1.985922e+01,1.982437e+01,1.993586e+01,1.989407e+01,1.981042e+01,1.985922e+01,1.983831e+01,1.983831e+01,1.981740e+01,1.979647e+01,1.981740e+01,1.978253e+01,1.984528e+01,1.981042e+01,1.976160e+01,1.988710e+01,1.985225e+01,1.976160e+01,1.979647e+01,1.985922e+01,1.985922e+01,1.976858e+01,1.989407e+01,1.980345e+01,1.988710e+01,1.985225e+01,1.985225e+01,1.983831e+01,1.978950e+01,1.989407e+01,1.980345e+01,1.978253e+01,1.981740e+01,1.981740e+01,1.985922e+01,1.987316e+01,1.992193e+01,1.979647e+01,1.992193e+01,1.982437e+01,1.993586e+01,1.980345e+01,1.981740e+01,1.985922e+01,1.992193e+01,1.983134e+01,1.992890e+01,1.987316e+01,1.990103e+01,1.994979e+01,1.991496e+01,1.998460e+01,1.986619e+01,1.988710e+01,2.024877e+01,2.057456e+01,2.109225e+01,2.140847e+01,2.141533e+01,2.142220e+01,2.142220e+01,2.144964e+01,2.147022e+01,2.147708e+01,2.146336e+01,2.149080e+01,2.142220e+01,2.149766e+01,2.143592e+01,2.151137e+01,2.145650e+01,2.144278e+01,2.147708e+01,2.150451e+01,2.139474e+01,2.147022e+01,2.135355e+01,2.133981e+01,2.137415e+01,2.136041e+01,2.132607e+01,2.139474e+01,2.125048e+01,2.122986e+01,2.133981e+01,2.120235e+01,2.135355e+01,2.127110e+01,2.140847e+01,2.133294e+01,2.144964e+01,2.133981e+01,2.142220e+01,2.141533e+01,2.133981e+01,2.131233e+01,2.111979e+01,2.129859e+01,2.146336e+01,2.147708e+01,2.131920e+01,2.136728e+01,2.133294e+01,2.136041e+01,2.123674e+01,2.107160e+01,2.078195e+01,2.060223e+01,2.059531e+01,2.042912e+01,2.045684e+01,2.051225e+01,2.049148e+01,2.073360e+01,2.090619e+01,2.076814e+01,2.057456e+01,2.044298e+01,2.018627e+01,2.024183e+01,2.019321e+01,2.020016e+01,2.017932e+01,2.021405e+01,2.024183e+01,2.020711e+01,2.023489e+01,2.021405e+01,2.030430e+01,2.027654e+01,2.075432e+01,2.099582e+01,2.107848e+01,2.135355e+01,2.154565e+01,2.151137e+01,2.164157e+01,2.162102e+01,2.162102e+01,2.161417e+01,2.162787e+01,2.159362e+01,2.158677e+01,2.168949e+01,2.153880e+01,2.156621e+01,2.157991e+01,2.164157e+01,2.153880e+01,2.144278e+01,2.144964e+01,2.129859e+01,2.114044e+01,2.081648e+01,2.078195e+01,2.062990e+01,2.071978e+01,2.062990e+01,2.061607e+01,2.074051e+01,2.070596e+01,2.077505e+01,2.119548e+01,2.151823e+01,2.153880e+01,2.156621e+01,2.158677e+01,2.157991e+01,2.173739e+01,2.157306e+01,2.149766e+01,2.159362e+01,2.158677e+01,2.150451e+01,2.147708e+01,2.154565e+01,2.151823e+01,2.130546e+01,2.062299e+01,1.998460e+01,2.006114e+01,1.988710e+01,1.997068e+01,1.992890e+01,1.985922e+01,1.989407e+01,1.994283e+01,1.991496e+01,1.987316e+01,1.991496e+01,1.993586e+01,1.992890e+01,1.981740e+01,1.996371e+01,2.014458e+01,1.997068e+01,1.998460e+01,2.001244e+01,1.992193e+01,1.990103e+01,1.995675e+01,1.993586e+01,1.999156e+01,1.983831e+01,1.990103e+01,1.987316e+01,1.987316e+01,1.988013e+01,1.996371e+01,1.990800e+01,1.994283e+01,1.989407e+01,2.003332e+01,2.003332e+01,1.994283e+01,1.998460e+01,2.007505e+01,2.004723e+01,2.004723e+01,2.004723e+01,2.005419e+01,1.996371e+01,1.999156e+01,1.988710e+01,1.991496e+01,1.992193e+01,1.985922e+01,1.996371e+01,1.989407e+01,2.008201e+01,1.990103e+01,1.986619e+01,1.986619e+01,1.986619e+01,1.990800e+01,1.987316e+01,1.983831e+01,1.994283e+01,1.999156e+01,1.992890e+01,1.995675e+01,2.047070e+01,2.096135e+01,2.118172e+01,2.147708e+01,2.136041e+01,2.142220e+01,2.145650e+01,2.148394e+01,2.141533e+01,2.137415e+01,2.145650e+01,2.152508e+01,2.137415e+01,2.150451e+01,2.143592e+01,2.138101e+01,2.140847e+01,2.140161e+01,2.138788e+01,2.136728e+01,2.141533e+01,2.138788e+01,2.137415e+01,2.138788e+01,2.138101e+01,2.146336e+01,2.140161e+01,2.154565e+01,2.136041e+01,2.132607e+01,2.138101e+01,2.156621e+01,2.138101e+01,2.136041e+01,2.136728e+01,2.136728e+01,2.129172e+01,2.137415e+01,2.145650e+01,2.140161e+01,2.130546e+01,2.127110e+01,2.131233e+01,2.137415e+01,2.133294e+01,2.132607e+01,2.126423e+01,2.136728e+01,2.131233e+01,2.125048e+01,2.129859e+01,2.129172e+01,2.123674e+01,2.121611e+01,2.116796e+01,2.118172e+01,2.120235e+01,2.115420e+01,2.115420e+01,2.112667e+01,2.118860e+01,2.113355e+01,2.114732e+01,2.118860e+01,2.111291e+01,2.108537e+01,2.112667e+01,2.108537e+01,2.107848e+01,2.107160e+01,2.109225e+01,2.102338e+01,2.112667e+01,2.102338e+01,2.109225e+01,2.109914e+01,2.102338e+01,2.107848e+01,2.109914e+01,2.105782e+01,2.111979e+01,2.109225e+01,2.107160e+01,2.103027e+01,2.109225e+01,2.111979e+01,2.110602e+01,2.114044e+01,2.114732e+01,2.116108e+01,2.099582e+01,2.113355e+01,2.106471e+01,2.106471e+01,2.114044e+01,2.110602e+01,2.110602e+01,2.116796e+01,2.120235e+01,2.125736e+01,2.116108e+01,2.123674e+01,2.116108e+01,2.116796e+01,2.109914e+01,2.132607e+01,2.121611e+01,2.118860e+01,2.118860e+01,2.107160e+01,2.107160e+01,2.104405e+01,2.105782e+01,2.105782e+01,2.107160e+01,2.109914e+01,2.102338e+01,2.108537e+01,2.108537e+01,2.109914e+01,2.108537e+01,2.105094e+01,2.105782e+01,2.105094e+01,2.111979e+01,2.108537e+01,2.107848e+01,2.107848e+01,2.104405e+01,2.098203e+01,2.112667e+01,2.105782e+01,2.109914e+01,2.103027e+01,2.104405e+01,2.103027e+01,2.106471e+01,2.109914e+01,2.113355e+01,2.117484e+01,2.100960e+01,2.110602e+01,2.103716e+01,2.100960e+01,2.111291e+01,2.098893e+01,2.111291e+01,2.111291e+01,2.111979e+01,2.114044e+01,2.114044e+01,2.110602e+01,2.106471e+01,2.111979e+01,2.118172e+01,2.113355e+01,2.111979e+01,2.111979e+01,2.105782e+01,2.113355e+01,2.109225e+01,2.114044e+01,2.107160e+01,2.109914e+01,2.109225e+01,2.107848e+01,2.107848e+01,2.122298e+01,2.109225e+01,2.111291e+01,2.114732e+01,2.115420e+01,2.111291e+01,2.109225e+01,2.109225e+01,2.105782e+01,2.114732e+01,2.116796e+01,2.131233e+01,2.107848e+01,2.112667e+01,2.118172e+01,2.116796e+01,2.119548e+01,2.122298e+01,2.116108e+01,2.122986e+01,2.129172e+01,2.118860e+01,2.109914e+01,2.119548e+01,2.117484e+01,2.109225e+01,2.109914e+01,2.117484e+01,2.116796e+01,2.117484e+01,2.140161e+01,2.104405e+01,2.116796e+01,2.114732e+01,2.098203e+01,2.120923e+01
2.118172e+01,2.120923e+01,2.109225e+01,2.107848e+01,2.107848e+01,2.107160e+01,2.104405e+01,2.105094e+01,2.114044e+01,2.113355e+01,2.107160e+01,2.115420e+01,2.105782e+01,2.113355e+01,2.112667e+01,2.107848e+01,2.102338e+01,2.100960e+01,2.105094e+01,2.111291e+01,2.115420e+01,2.100960e+01,2.100271e+01,2.112667e+01,2.103716e+01,2.102338e+01,2.105094e+01,2.101649e+01,2.101649e+01,2.099582e+01,2.104405e+01,2.107848e+01,2.111291e+01,2.099582e+01,2.105094e+01,2.103716e+01,2.108537e+01,2.098203e+01,2.100960e+01,2.107160e+01,2.103716e+01,2.105094e+01,2.101649e+01,2.101649e+01,2.109225e+01,2.096135e+01,2.105094e+01,2.092688e+01,2.109914e+01,2.109225e+01,2.094067e+01,2.112667e+01,2.098203e+01,2.107160e+01,2.111291e+01,2.106471e+01,2.108537e+01,2.106471e+01,2.114732e+01,2.112667e+01,2.114732e+01,2.100960e+01,2.110602e+01,2.100271e+01,2.105782e+01,2.111979e+01,2.109914e+01,2.114044e+01,2.102338e+01,2.104405e+01,2.104405e+01,2.117484e+01,2.104405e+01,2.108537e+01,2.106471e+01,2.104405e+01,2.108537e+01,2.103716e+01,2.108537e+01,2.111979e+01,2.104405e+01,2.112667e+01,2.106471e+01,2.105782e+01,2.116108e+01,2.109914e+01,2.107160e+01,2.112667e+01,2.109914e+01,2.111291e+01,2.111291e+01,2.103716e+01,2.110602e+01,2.112667e+01,2.105782e+01,2.105094e+01,2.102338e+01,2.107160e+01,2.105094e+01,2.108537e+01,2.108537e+01,2.105782e+01,2.105782e+01,2.109914e+01,2.114044e+01,2.117484e+01,2.117484e+01,2.116108e+01,2.120235e+01,2.112667e+01,2.118172e+01,2.123674e+01,2.120923e+01,2.125736e+01,2.122298e+01,2.111291e+01,2.120923e+01,2.115420e+01,2.118860e+01,2.114732e+01,2.122298e+01,2.125736e+01,2.122986e+01,2.114044e+01,2.118860e+01,2.125048e+01,2.122298e+01,2.123674e+01,2.124361e+01,2.123674e+01,2.122298e+01,2.121611e+01,2.118172e+01,2.123674e+01,2.125048e+01,2.122298e+01,2.124361e+01,2.127798e+01,2.125048e+01,2.125048e+01,2.123674e+01,2.116796e+01,2.119548e+01,2.123674e+01,2.112667e+01,2.121611e+01,2.108537e+01,2.127110e+01,2.109914e+01,2.121611e+01,2.118860e+01,2.136041e+01,2.110602e+01,2.110602e+01,2.118172e+01,2.125736e+01,2.117484e+01,2.118860e+01,2.118172e+01,2.115420e+01,2.122986e+01,2.115420e+01,2.120923e+01,2.106471e+01,2.116108e+01,2.127110e+01,2.123674e+01,2.130546e+01,2.138101e+01,2.142220e+01,2.118860e+01,2.127110e+01,2.125736e+01,2.124361e+01,2.134668e+01,2.138788e+01,2.136728e+01,2.137415e+01,2.127110e+01,2.133294e+01,2.143592e+01,2.133294e+01,2.129859e+01,2.125048e+01,2.098893e+01,2.066448e+01,2.005419e+01,1.994283e+01,1.986619e+01,1.991496e+01,1.988013e+01,1.985225e+01,1.982437e+01,1.986619e+01,1.983831e+01,1.992193e+01,1.978950e+01,1.990103e+01,1.990103e+01,1.981740e+01,1.983134e+01,1.978950e+01,1.984528e+01,1.983134e+01,1.978253e+01,1.981042e+01,1.985225e+01,1.981740e+01,1.978253e+01,1.985225e+01,1.984528e+01,1.985922e+01,1.980345e+01,1.983134e+01,1.983831e+01,1.981042e+01,1.976160e+01,1.976858e+01,1.978253e+01,1.981740e+01,1.983134e+01,1.984528e+01,1.976858e+01,1.978253e+01,1.984528e+01,1.990800e+01,1.979647e+01,1.981740e+01,1.990103e+01,1.985922e+01,1.980345e+01,1.982437e+01,1.985225e+01,1.988013e+01,1.987316e+01,1.986619e+01,1.982437e+01,1.984528e+01,1.977555e+01,1.987316e+01,1.983134e+01,1.985225e+01,1.984528e+01,1.990800e+01,2.000548e+01,1.994979e+01,1.989407e+01,1.989407e+01,1.987316e+01,1.990800e+01,1.990800e+01,2.017932e+01,2.058148e+01,2.107848e+01,2.119548e+01,2.140161e+01,2.131920e+01,2.146336e+01,2.146336e+01,2.143592e+01,2.147022e+01,2.147022e+01,2.147708e+01,2.147022e+01,2.125048e+01,2.150451e+01,2.143592e+01,2.149080e+01,2.148394e+01,2.150451e+01,2.138788e+01,2.136041e+01,2.140161e+01,2.156621e+01,2.128485e+01,2.132607e+01,2.131920e+01,2.137415e+01,2.122986e+01,2.136041e+01,2.122298e+01,2.116796e+01,2.122298e+01,2.125736e+01,2.125736e+01,2.139474e+01,2.123674e+01,2.127798e+01,2.130546e+01,2.126423e+01,2.139474e+01,2.127798e+01,2.131233e+01,2.147022e+01,2.147022e+01,2.148394e+01,2.136728e+01,2.133294e+01,2.134668e+01,2.139474e+01,2.124361e+01,2.138101e+01,2.113355e+01,2.094757e+01,2.058840e+01,2.049148e+01,2.049840e+01,2.050533e+01,2.049840e+01,2.058840e+01,2.070596e+01,2.064374e+01,2.065065e+01,2.055379e+01,2.019321e+01,2.018627e+01,2.020711e+01,2.023489e+01,2.021405e+01,2.013763e+01,2.021405e+01,2.020711e+01,2.025571e+01,2.024877e+01,2.021405e+01,2.029736e+01,2.067831e+01,2.105094e+01,2.131233e+01,2.146336e+01,2.153880e+01,2.152508e+01,2.159362e+01,2.155250e+01,2.156621e+01,2.156621e+01,2.158677e+01,2.157991e+01,2.151823e+01,2.160732e+01,2.159362e+01,2.156621e+01,2.162787e+01,2.157306e+01,2.155936e+01,2.155250e+01,2.145650e+01,2.126423e+01,2.095446e+01,2.068522e+01,2.064374e+01,2.053303e+01,2.061607e+01,2.069905e+01,2.065065e+01,2.072669e+01,2.069213e+01,2.106471e+01,2.153880e+01,2.147708e+01,2.150451e+01,2.157306e+01,2.155250e+01,2.153194e+01,2.161417e+01,2.160047e+01,2.157306e+01,2.157306e+01,2.153880e+01,2.153880e+01,2.144964e+01,2.160732e+01,2.146336e+01,2.138788e+01,2.062299e+01,2.019321e+01,1.992890e+01,1.999852e+01,1.990103e+01,1.987316e+01,1.987316e+01,1.992193e+01,1.998460e+01,1.993586e+01,1.987316e+01,1.989407e+01,1.990103e+01,1.997068e+01,2.005419e+01,1.990103e+01,1.985225e+01,1.990800e+01,2.021405e+01,1.986619e+01,1.985225e+01,1.987316e+01,1.991496e+01,1.997764e+01,1.985225e+01,1.999156e+01,1.987316e+01,1.985922e+01,1.990103e+01,1.992193e+01,1.988710e+01,1.990103e+01,1.995675e+01,1.994979e+01,1.990800e+01,2.001244e+01,2.000548e+01,2.000548e+01,2.002636e+01,1.997764e+01,1.996371e+01,2.002636e+01,1.999156e+01,2.000548e+01,1.993586e+01,1.990800e+01,1.993586e+01,1.985225e+01,1.988013e+01,1.995675e+01,1.985922e+01,1.993586e+01,1.988710e+01,1.988710e+01,1.984528e+01,1.992890e+01,1.984528e+01,1.976858e+01,1.981042e+01,1.983134e+01,1.986619e+01,1.988013e+01,1.992193e+01,2.008896e+01,2.073360e+01,2.097514e+01,2.133981e+01,2.135355e+01,2.134668e+01,2.150451e+01,2.138788e+01,2.142906e+01,2.136728e+01,2.138101e+01,2.152508e+01,2.145650e+01,2.137415e+01,2.138101e+01,2.142220e+01,2.139474e+01,2.139474e+01,2.138788e+01,2.140161e+01,2.140161e+01,2.135355e+01,2.138788e+01,2.139474e+01,2.136728e+01,2.136728e+01,2.138788e+01,2.138788e+01,2.157991e+01,2.138101e+01,2.139474e+01,2.139474e+01,2.139474e+01,2.138101e+01,2.138101e+01,2.132607e+01,2.135355e+01,2.134668e+01,2.132607e+01,2.131233e+01,2.131920e+01,2.134668e+01,2.136041e+01,2.131920e+01,2.131920e+01,2.132607e+01,2.131920e+01,2.131233e+01,2.127798e+01,2.125048e+01,2.126423e+01,2.128485e+01,2.126423e+01,2.120923e+01,2.123674e+01,2.125048e+01,2.114044e+01,2.113355e+01,2.112667e+01,2.116108e+01,2.107848e+01,2.113355e+01,2.116108e+01,2.125736e+01,2.114044e+01,2.109914e+01,2.108537e+01,2.107160e+01,2.100960e+01,2.107848e+01,2.115420e+01,2.102338e+01,2.107848e+01,2.106471e+01,2.103027e+01,2.099582e+01,2.099582e+01,2.107160e+01,2.097514e+01,2.109225e+01,2.109225e+01,2.104405e+01,2.111291e+01,2.105782e+01,2.105782e+01,2.106471e+01,2.103716e+01,2.114732e+01,2.115420e+01,2.106471e+01,2.120235e+01,2.108537e+01,2.106471e+01,2.108537e+01,2.107848e+01,2.112667e+01,2.104405e+01,2.122986e+01,2.116796e+01,2.114044e+01,2.116796e+01,2.128485e+01,2.116108e+01,2.116796e+01,2.118860e+01,2.112667e+01,2.120235e+01,2.121611e+01,2.113355e+01,2.116108e+01,2.105782e+01,2.104405e+01,2.106471e+01,2.105094e+01,2.103716e+01,2.104405e+01,2.103716e+01,2.105782e+01,2.100960e+01,2.102338e+01,2.108537e+01,2.110602e+01,2.104405e+01,2.103027e+01,2.102338e+01,2.100960e+01,2.100960e+01,2.100960e+01,2.097514e+01,2.107160e+01,2.103027e+01,2.109914e+01,2.100960e+01,2.100271e+01,2.105094e+01,2.101649e+01,2.107160e+01,2.107160e+01,2.101649e+01,2.098203e+01,2.104405e+01,2.104405e+01,2.116796e+01,2.103716e+01,2.099582e+01,2.099582e+01,2.105782e+01,2.110602e+01,2.108537e+01,2.114044e+01,2.116108e+01,2.112667e+01,2.113355e+01,2.101649e+01,2.121611e+01,2.117484e+01,2.109914e+01,2.108537e+01,2.106471e+01,2.107160e+01,2.113355e+01,2.104405e+01,2.112667e+01,2.110602e+01,2.109914e+01,2.090619e+01,2.114732e+01,2.118172e+01,2.105782e+01,2.117484e+01,2.105782e+01,2.108537e+01,2.115420e+01,2.113355e+01,2.117484e+01,2.115420e+01,2.117484e+01,2.107848e+01,2.116108e+01,2.111979e+01,2.117484e+01,2.117484e+01,2.116796e+01,2.117484e+01,2.129172e+01,2.116108e+01,2.118860e+01,2.111291e+01,2.122298e+01,2.116796e+01,2.121611e+01,2.103027e+01,2.116108e+01,2.118860e+01,2.120235e+01,2.116796e+01,2.110602e+01,2.111979e+01,2.115420e+01,2.117484e+01,2.111979e+01,2.116108e+01,2.112667e+01
2.118860e+01,2.109225e+01,2.113355e+01,2.110602e+01,2.112667e+01,2.103716e+01,2.109225e+01,2.105782e+01,2.113355e+01,2.108537e+01,2.114044e+01,2.107848e+01,2.109914e+01,2.109914e+01,2.114044e+01,2.109225e+01,2.109225e+01,2.103027e+01,2.102338e+01,2.106471e+01,2.111291e+01,2.107160e+01,2.099582e+01,2.105782e+01,2.104405e+01,2.104405e+01,2.103027e+01,2.105782e+01,2.106471e+01,2.093377e+01,2.120923e+01,2.096135e+01,2.105094e+01,2.103027e+01,2.102338e+01,2.104405e+01,2.111291e+01,2.110602e+01,2.103716e+01,2.110602e+01,2.102338e+01,2.108537e+01,2.106471e+01,2.107848e+01,2.109914e+01,2.109914e+01,2.108537e+01,2.107160e+01,2.106471e+01,2.111291e+01,2.096135e+01,2.099582e+01,2.111979e+01,2.099582e+01,2.103716e+01,2.113355e+01,2.104405e+01,2.105782e+01,2.107160e+01,2.110602e+01,2.100960e+01,2.115420e+01,2.109914e+01,2.114044e+01,2.100960e+01,2.113355e+01,2.098893e+01,2.103027e+01,2.101649e+01,2.105094e+01,2.111291e+01,2.105782e+01,2.109225e+01,2.110602e+01,2.115420e+01,2.108537e+01,2.109914e+01,2.105782e+01,2.107160e+01,2.107848e+01,2.115420e+01,2.111979e+01,2.107160e+01,2.111291e+01,2.109225e+01,2.106471e+01,2.107160e+01,2.111291e+01,2.113355e+01,2.111979e+01,2.111979e+01,2.111979e+01,2.111291e+01,2.105094e+01,2.105094e+01,2.113355e+01,2.117484e+01,2.107160e+01,2.108537e+01,2.108537e+01,2.110602e+01,2.108537e+01,2.117484e+01,2.119548e+01,2.107848e+01,2.109225e+01,2.118860e+01,2.118172e+01,2.120235e+01,2.117484e+01,2.114732e+01,2.122298e+01,2.117484e+01,2.130546e+01,2.122298e+01,2.115420e+01,2.122298e+01,2.116108e+01,2.117484e+01,2.111979e+01,2.119548e+01,2.122986e+01,2.125736e+01,2.127110e+01,2.118860e+01,2.125048e+01,2.123674e+01,2.120923e+01,2.123674e+01,2.114044e+01,2.116796e+01,2.118172e+01,2.114732e+01,2.120923e+01,2.119548e+01,2.122298e+01,2.125048e+01,2.125736e+01,2.123674e+01,2.126423e+01,2.122298e+01,2.111291e+01,2.116796e+01,2.116796e+01,2.120923e+01,2.122298e+01,2.123674e+01,2.107160e+01,2.116796e+01,2.118172e+01,2.125048e+01,2.120923e+01,2.115420e+01,2.119548e+01,2.119548e+01,2.125048e+01,2.117484e+01,2.115420e+01,2.118172e+01,2.114732e+01,2.121611e+01,2.123674e+01,2.116796e+01,2.123674e+01,2.127110e+01,2.123674e+01,2.126423e+01,2.127798e+01,2.121611e+01,2.119548e+01,2.120235e+01,2.132607e+01,2.131233e+01,2.130546e+01,2.130546e+01,2.136728e+01,2.130546e+01,2.137415e+01,2.144964e+01,2.133294e+01,2.134668e+01,2.127110e+01,2.133294e+01,2.130546e+01,2.097514e+01,2.071978e+01,2.018627e+01,1.991496e+01,1.993586e+01,1.992890e+01,1.986619e+01,1.984528e+01,1.980345e+01,1.978253e+01,1.978253e+01,1.983831e+01,1.966388e+01,2.001244e+01,1.989407e+01,1.988013e+01,1.978950e+01,1.988710e+01,1.985922e+01,1.985922e+01,1.981042e+01,1.979647e+01,1.983831e+01,1.981042e+01,1.981042e+01,1.978253e+01,1.977555e+01,1.979647e+01,1.981042e+01,1.981740e+01,1.986619e+01,1.985225e+01,1.987316e+01,1.978253e+01,1.988710e+01,1.982437e+01,1.983831e+01,1.980345e+01,1.981042e+01,1.984528e+01,1.983134e+01,1.984528e+01,1.987316e+01,1.992193e+01,1.984528e+01,1.987316e+01,1.983831e+01,2.004723e+01,1.987316e+01,1.982437e+01,1.982437e+01,1.988013e+01,1.983831e+01,1.985225e+01,1.974764e+01,1.980345e+01,1.988710e+01,1.984528e+01,1.982437e+01,1.983831e+01,1.997764e+01,1.984528e+01,1.986619e+01,2.002636e+01,1.990800e+01,1.986619e+01,1.998460e+01,1.997764e+01,2.017237e+01,2.058840e+01,2.097514e+01,2.133981e+01,2.133981e+01,2.140161e+01,2.146336e+01,2.146336e+01,2.144278e+01,2.148394e+01,2.147022e+01,2.146336e+01,2.144964e+01,2.149766e+01,2.147708e+01,2.149080e+01,2.150451e+01,2.141533e+01,2.144964e+01,2.136728e+01,2.148394e+01,2.136041e+01,2.136041e+01,2.133294e+01,2.131920e+01,2.119548e+01,2.123674e+01,2.120923e+01,2.125048e+01,2.111979e+01,2.122986e+01,2.112667e+01,2.124361e+01,2.118860e+01,2.121611e+01,2.122298e+01,2.124361e+01,2.125736e+01,2.134668e+01,2.136041e+01,2.133981e+01,2.131920e+01,2.131920e+01,2.137415e+01,2.138101e+01,2.137415e+01,2.133981e+01,2.143592e+01,2.142906e+01,2.139474e+01,2.127110e+01,2.127798e+01,2.094757e+01,2.060223e+01,2.062990e+01,2.057456e+01,2.058148e+01,2.049840e+01,2.027654e+01,2.065065e+01,2.068522e+01,2.047070e+01,2.040833e+01,2.026960e+01,2.018627e+01,2.018627e+01,2.020711e+01,2.017237e+01,2.017932e+01,2.020016e+01,2.024183e+01,2.026266e+01,2.021405e+01,2.028348e+01,2.052610e+01,2.091998e+01,2.108537e+01,2.127110e+01,2.142906e+01,2.142220e+01,2.147708e+01,2.155936e+01,2.144964e+01,2.157991e+01,2.159362e+01,2.160732e+01,2.153880e+01,2.154565e+01,2.153194e+01,2.153880e+01,2.160732e+01,2.155936e+01,2.160047e+01,2.153194e+01,2.135355e+01,2.096135e+01,2.080267e+01,2.085099e+01,2.071287e+01,2.070596e+01,2.060915e+01,2.074051e+01,2.068522e+01,2.072669e+01,2.088549e+01,2.118172e+01,2.153194e+01,2.153194e+01,2.152508e+01,2.153880e+01,2.156621e+01,2.168949e+01,2.159362e+01,2.144964e+01,2.156621e+01,2.157991e+01,2.155936e+01,2.160732e+01,2.155250e+01,2.155250e+01,2.147708e+01,2.138101e+01,2.080957e+01,2.016542e+01,1.999852e+01,2.000548e+01,1.978950e+01,1.987316e+01,1.990800e+01,1.986619e+01,1.988013e+01,1.994283e+01,1.985922e+01,1.990103e+01,1.995675e+01,1.989407e+01,1.988013e+01,1.985922e+01,2.006810e+01,2.002636e+01,1.996371e+01,1.988710e+01,1.997764e+01,1.985922e+01,1.995675e+01,1.983831e+01,2.000548e+01,1.983134e+01,1.987316e+01,1.989407e+01,1.985225e+01,1.994283e+01,1.994283e+01,1.999156e+01,2.000548e+01,1.985922e+01,2.001940e+01,2.002636e+01,2.003332e+01,2.000548e+01,1.999852e+01,1.999852e+01,2.005419e+01,1.999852e+01,2.000548e+01,1.997068e+01,2.001244e+01,1.996371e+01,1.995675e+01,1.987316e+01,1.983831e+01,1.994979e+01,1.991496e+01,1.990103e+01,1.985922e+01,1.989407e+01,1.991496e+01,1.988013e+01,1.990800e+01,1.985922e+01,1.990103e+01,1.990800e+01,1.995675e+01,1.983134e+01,1.985922e+01,2.012372e+01,2.036673e+01,2.071978e+01,2.114732e+01,2.132607e+01,2.138101e+01,2.139474e+01,2.138101e+01,2.142220e+01,2.140847e+01,2.140161e+01,2.138101e+01,2.138101e+01,2.140161e+01,2.135355e+01,2.147708e+01,2.145650e+01,2.142906e+01,2.139474e+01,2.145650e+01,2.137415e+01,2.136041e+01,2.146336e+01,2.142906e+01,2.140161e+01,2.147708e+01,2.138788e+01,2.157991e+01,2.139474e+01,2.140847e+01,2.138101e+01,2.144278e+01,2.139474e+01,2.138788e+01,2.137415e+01,2.135355e+01,2.136728e+01,2.134668e+01,2.132607e+01,2.133981e+01,2.131233e+01,2.131920e+01,2.133981e+01,2.136041e+01,2.136041e+01,2.129859e+01,2.131233e+01,2.130546e+01,2.129172e+01,2.127798e+01,2.132607e+01,2.129859e+01,2.125736e+01,2.129172e+01,2.123674e+01,2.122298e+01,2.120923e+01,2.110602e+01,2.122298e+01,2.113355e+01,2.111979e+01,2.117484e+01,2.115420e+01,2.114044e+01,2.114732e+01,2.117484e+01,2.113355e+01,2.106471e+01,2.101649e+01,2.108537e+01,2.108537e+01,2.110602e+01,2.100271e+01,2.115420e+01,2.113355e+01,2.108537e+01,2.111291e+01,2.100960e+01,2.103027e+01,2.105782e+01,2.103027e+01,2.113355e+01,2.111291e+01,2.111291e+01,2.118860e+01,2.121611e+01,2.103716e+01,2.110602e+01,2.101649e+01,2.113355e+01,2.111979e+01,2.114044e+01,2.106471e+01,2.105782e+01,2.105094e+01,2.107848e+01,2.106471e+01,2.117484e+01,2.120923e+01,2.115420e+01,2.116108e+01,2.119548e+01,2.118172e+01,2.111979e+01,2.115420e+01,2.114044e+01,2.112667e+01,2.119548e+01,2.114732e+01,2.120235e+01,2.105782e+01,2.109914e+01,2.103027e+01,2.102338e+01,2.105094e+01,2.105782e+01,2.105094e+01,2.103716e+01,2.105094e+01,2.105094e+01,2.094757e+01,2.109225e+01,2.109225e+01,2.100960e+01,2.104405e+01,2.105094e+01,2.111291e+01,2.103027e+01,2.106471e+01,2.102338e+01,2.100960e+01,2.107848e+01,2.100960e+01,2.105782e+01,2.109225e+01,2.104405e+01,2.103716e+01,2.098203e+01,2.107848e+01,2.115420e+01,2.109225e+01,2.115420e+01,2.115420e+01,2.118172e+01,2.100960e+01,2.109225e+01,2.112667e+01,2.103027e+01,2.111979e+01,2.111979e+01,2.111291e+01,2.111979e+01,2.113355e+01,2.111979e+01,2.115420e+01,2.107160e+01,2.118172e+01,2.115420e+01,2.109225e+01,2.107160e+01,2.103716e+01,2.110602e+01,2.111979e+01,2.103027e+01,2.111291e+01,2.111979e+01,2.096825e+01,2.116108e+01,2.117484e+01,2.131233e+01,2.094757e+01,2.116108e+01,2.116108e+01,2.113355e+01,2.118172e+01,2.109914e+01,2.115420e+01,2.114732e+01,2.116796e+01,2.109225e+01,2.112667e+01,2.118172e+01,2.112667e+01,2.121611e+01,2.117484e+01,2.125736e+01,2.120235e+01,2.127798e+01,2.129172e+01,2.122986e+01,2.120235e+01,2.109914e+01,2.117484e+01,2.100271e+01,2.119548e+01,2.108537e+01,2.111291e+01,2.111291e+01,2.107160e+01,2.116796e+01,2.100960e+01,2.107160e+01,2.114044e+01
2.115420e+01,2.125736e+01,2.130546e+01,2.115420e+01,2.099582e+01,2.106471e+01,2.109914e+01,2.105094e+01,2.112667e+01,2.109914e+01,2.111291e+01,2.105094e+01,2.113355e+01,2.109225e+01,2.106471e+01,2.120923e+01,2.103716e+01,2.107848e+01,2.103027e+01,2.115420e+01,2.105782e+01,2.109225e+01,2.101649e+01,2.102338e+01,2.109225e+01,2.103027e+01,2.105782e+01,2.104405e+01,2.103027e+01,2.107160e+01,2.105782e+01,2.111291e+01,2.112667e+01,2.103716e+01,2.111979e+01,2.098893e+01,2.097514e+01,2.102338e+01,2.099582e+01,2.111291e+01,2.114732e+01,2.114732e+01,2.109914e+01,2.105782e+01,2.106471e+01,2.107848e+01,2.104405e+01,2.107848e+01,2.094067e+01,2.110602e+01,2.100960e+01,2.109914e+01,2.114044e+01,2.107160e+01,2.105782e+01,2.106471e+01,2.114044e+01,2.107160e+01,2.110602e+01,2.105782e+01,2.103027e+01,2.105782e+01,2.112667e+01,2.107160e+01,2.112667e+01,2.113355e+01,2.109225e+01,2.101649e+01,2.107848e+01,2.114732e+01,2.109225e+01,2.109225e+01,2.109225e+01,2.116108e+01,2.109225e+01,2.109914e+01,2.103716e+01,2.110602e+01,2.105782e+01,2.108537e+01,2.109914e+01,2.107160e+01,2.109914e+01,2.118172e+01,2.106471e+01,2.109225e+01,2.113355e+01,2.107160e+01,2.105782e+01,2.109914e+01,2.113355e+01,2.113355e+01,2.111291e+01,2.102338e+01,2.112667e+01,2.112667e+01,2.115420e+01,2.109914e+01,2.109914e+01,2.111979e+01,2.111291e+01,2.109914e+01,2.109914e+01,2.110602e+01,2.111979e+01,2.120235e+01,2.118172e+01,2.119548e+01,2.114732e+01,2.118172e+01,2.114044e+01,2.120235e+01,2.119548e+01,2.122986e+01,2.123674e+01,2.126423e+01,2.121611e+01,2.117484e+01,2.124361e+01,2.124361e+01,2.118172e+01,2.122298e+01,2.121611e+01,2.115420e+01,2.125736e+01,2.124361e+01,2.122986e+01,2.122986e+01,2.122986e+01,2.121611e+01,2.118860e+01,2.121611e+01,2.122986e+01,2.114044e+01,2.122298e+01,2.144964e+01,2.117484e+01,2.116108e+01,2.121611e+01,2.124361e+01,2.120235e+01,2.109914e+01,2.120235e+01,2.123674e+01,2.121611e+01,2.124361e+01,2.117484e+01,2.128485e+01,2.114044e+01,2.115420e+01,2.116796e+01,2.133294e+01,2.114732e+01,2.117484e+01,2.120923e+01,2.118172e+01,2.118172e+01,2.125048e+01,2.134668e+01,2.111291e+01,2.128485e+01,2.118172e+01,2.128485e+01,2.121611e+01,2.125048e+01,2.127110e+01,2.126423e+01,2.128485e+01,2.126423e+01,2.127798e+01,2.133294e+01,2.131233e+01,2.133294e+01,2.136041e+01,2.131233e+01,2.135355e+01,2.133981e+01,2.138788e+01,2.137415e+01,2.131920e+01,2.138788e+01,2.131920e+01,2.129859e+01,2.129859e+01,2.131920e+01,2.095446e+01,2.058148e+01,2.010287e+01,1.994979e+01,1.994979e+01,1.991496e+01,1.979647e+01,1.987316e+01,1.981740e+01,1.984528e+01,1.980345e+01,1.990800e+01,1.984528e+01,1.985922e+01,1.990800e+01,1.981042e+01,1.981740e+01,1.985225e+01,1.981042e+01,1.981042e+01,1.982437e+01,1.980345e+01,1.986619e+01,1.978950e+01,1.980345e+01,1.994283e+01,1.993586e+01,1.979647e+01,1.988013e+01,1.976858e+01,1.985922e+01,1.983831e+01,1.977555e+01,1.992193e+01,1.990800e+01,1.981042e+01,1.992193e+01,1.990103e+01,1.981740e+01,1.985225e+01,1.986619e+01,1.985922e+01,1.983831e+01,1.990103e+01,1.985225e+01,1.990800e+01,1.988013e+01,1.980345e+01,1.983831e+01,1.981740e+01,1.984528e+01,1.989407e+01,1.985922e+01,1.970577e+01,1.985225e+01,1.984528e+01,1.990103e+01,1.982437e+01,1.994283e+01,1.983134e+01,1.985922e+01,1.995675e+01,1.990103e+01,1.995675e+01,1.986619e+01,1.991496e+01,1.993586e+01,1.998460e+01,2.014458e+01,2.073360e+01,2.110602e+01,2.131920e+01,2.145650e+01,2.145650e+01,2.143592e+01,2.147708e+01,2.150451e+01,2.153194e+01,2.142220e+01,2.133981e+01,2.147708e+01,2.139474e+01,2.141533e+01,2.151823e+01,2.149080e+01,2.139474e+01,2.138101e+01,2.137415e+01,2.138101e+01,2.137415e+01,2.135355e+01,2.129859e+01,2.130546e+01,2.131920e+01,2.128485e+01,2.118860e+01,2.108537e+01,2.117484e+01,2.127798e+01,2.112667e+01,2.114732e+01,2.116796e+01,2.127798e+01,2.119548e+01,2.126423e+01,2.126423e+01,2.130546e+01,2.122986e+01,2.125736e+01,2.141533e+01,2.132607e+01,2.127110e+01,2.142220e+01,2.142220e+01,2.142906e+01,2.131920e+01,2.142220e+01,2.142906e+01,2.142220e+01,2.135355e+01,2.095446e+01,2.055379e+01,2.050533e+01,2.049840e+01,2.056071e+01,2.047762e+01,2.052610e+01,2.067831e+01,2.056071e+01,2.040140e+01,2.020711e+01,2.028348e+01,2.022100e+01,2.024183e+01,2.022100e+01,2.024183e+01,2.035980e+01,2.027654e+01,2.020016e+01,2.023489e+01,2.051918e+01,2.052610e+01,2.080267e+01,2.098203e+01,2.132607e+01,2.140847e+01,2.120923e+01,2.127798e+01,2.140847e+01,2.158677e+01,2.146336e+01,2.153194e+01,2.155250e+01,2.155250e+01,2.143592e+01,2.163472e+01,2.156621e+01,2.161417e+01,2.147022e+01,2.157991e+01,2.148394e+01,2.124361e+01,2.092688e+01,2.072669e+01,2.078195e+01,2.070596e+01,2.067139e+01,2.067139e+01,2.071287e+01,2.077505e+01,2.076814e+01,2.118860e+01,2.148394e+01,2.152508e+01,2.148394e+01,2.148394e+01,2.170318e+01,2.154565e+01,2.153880e+01,2.152508e+01,2.156621e+01,2.145650e+01,2.154565e+01,2.157991e+01,2.154565e+01,2.153880e+01,2.163472e+01,2.150451e+01,2.148394e+01,2.082338e+01,2.029736e+01,1.990103e+01,1.995675e+01,1.993586e+01,1.987316e+01,1.993586e+01,1.989407e+01,1.990800e+01,1.986619e+01,1.997068e+01,1.995675e+01,1.990800e+01,1.990103e+01,1.999852e+01,1.992193e+01,1.985225e+01,1.987316e+01,1.998460e+01,1.987316e+01,1.997764e+01,1.999852e+01,1.997764e+01,2.003332e+01,1.985225e+01,2.001244e+01,1.999852e+01,1.985225e+01,1.986619e+01,1.989407e+01,1.992890e+01,1.992193e+01,1.990800e+01,1.997764e+01,1.990103e+01,1.990800e+01,2.004027e+01,2.005419e+01,1.989407e+01,2.002636e+01,2.009591e+01,1.999852e+01,1.999852e+01,1.999852e+01,2.001940e+01,2.001244e+01,1.993586e+01,1.992193e+01,1.994283e+01,2.008201e+01,1.998460e+01,2.001940e+01,1.996371e+01,1.988710e+01,1.985922e+01,1.990800e+01,1.981042e+01,1.984528e+01,1.990800e+01,1.992890e+01,1.991496e+01,1.983134e+01,1.989407e+01,2.010982e+01,2.013763e+01,2.055379e+01,2.103027e+01,2.125048e+01,2.138788e+01,2.147022e+01,2.138788e+01,2.140847e+01,2.139474e+01,2.141533e+01,2.140847e+01,2.133294e+01,2.131920e+01,2.141533e+01,2.149080e+01,2.151137e+01,2.142220e+01,2.147022e+01,2.144964e+01,2.148394e+01,2.145650e+01,2.143592e+01,2.144964e+01,2.143592e+01,2.134668e+01,2.141533e+01,2.140847e+01,2.138101e+01,2.146336e+01,2.141533e+01,2.126423e+01,2.136728e+01,2.153194e+01,2.136728e+01,2.144964e+01,2.133981e+01,2.134668e+01,2.144278e+01,2.130546e+01,2.129859e+01,2.145650e+01,2.133294e+01,2.136728e+01,2.135355e+01,2.130546e+01,2.133981e+01,2.131233e+01,2.131233e+01,2.127110e+01,2.131233e+01,2.126423e+01,2.118172e+01,2.129172e+01,2.125736e+01,2.118860e+01,2.120923e+01,2.117484e+01,2.118860e+01,2.116796e+01,2.109914e+01,2.111979e+01,2.115420e+01,2.112667e+01,2.114044e+01,2.120923e+01,2.114732e+01,2.114732e+01,2.107160e+01,2.100960e+01,2.104405e+01,2.100960e+01,2.114732e+01,2.108537e+01,2.104405e+01,2.120235e+01,2.114044e+01,2.109914e+01,2.107848e+01,2.111291e+01,2.109225e+01,2.115420e+01,2.114732e+01,2.105094e+01,2.118172e+01,2.120923e+01,2.116108e+01,2.114732e+01,2.115420e+01,2.109225e+01,2.113355e+01,2.109914e+01,2.109225e+01,2.107848e+01,2.112667e+01,2.120235e+01,2.104405e+01,2.123674e+01,2.117484e+01,2.122298e+01,2.125736e+01,2.122298e+01,2.122298e+01,2.120235e+01,2.116108e+01,2.108537e+01,2.113355e+01,2.112667e+01,2.114732e+01,2.120923e+01,2.110602e+01,2.113355e+01,2.107160e+01,2.109914e+01,2.106471e+01,2.102338e+01,2.103027e+01,2.101649e+01,2.101649e+01,2.109914e+01,2.107160e+01,2.101649e+01,2.107848e+01,2.103027e+01,2.116796e+01,2.105094e+01,2.116108e+01,2.103716e+01,2.114732e+01,2.113355e+01,2.104405e+01,2.103027e+01,2.105094e+01,2.104405e+01,2.102338e+01,2.104405e+01,2.102338e+01,2.101649e+01,2.107848e+01,2.107160e+01,2.102338e+01,2.112667e+01,2.115420e+01,2.116796e+01,2.103716e+01,2.109225e+01,2.125048e+01,2.111979e+01,2.105094e+01,2.107160e+01,2.112667e+01,2.112667e+01,2.114044e+01,2.117484e+01,2.102338e+01,2.114044e+01,2.114732e+01,2.111979e+01,2.113355e+01,2.114732e+01,2.118172e+01,2.112667e+01,2.111979e+01,2.110602e+01,2.112667e+01,2.107160e+01,2.114732e+01,2.110602e+01,2.111979e+01,2.112667e+01,2.115420e+01,2.118860e+01,2.116108e+01,2.114044e+01,2.116108e+01,2.119548e+01,2.118172e+01,2.113355e+01,2.114732e+01,2.117484e+01,2.116796e+01,2.118172e+01,2.120923e+01,2.121611e+01,2.114732e+01,2.131233e+01,2.130546e+01,2.118172e+01,2.122298e+01,2.121611e+01,2.122986e+01,2.124361e+01,2.121611e+01,2.118172e+01,2.124361e+01,2.125048e+01,2.109914e+01,2.118172e+01,2.122298e+01,2.120235e+01,2.131920e+01,2.110602e+01,2.114044e+01
2.109914e+01,2.110602e+01,2.107848e+01,2.111979e+01,2.110602e+01,2.111979e+01,2.109225e+01,2.108537e+01,2.112667e+01,2.108537e+01,2.111979e+01,2.096825e+01,2.127110e+01,2.104405e+01,2.114044e+01,2.111291e+01,2.115420e+01,2.100271e+01,2.117484e+01,2.099582e+01,2.105094e+01,2.105094e+01,2.104405e+01,2.103716e+01,2.105094e+01,2.103716e+01,2.103027e+01,2.104405e+01,2.105782e+01,2.105782e+01,2.100960e+01,2.103027e+01,2.100271e+01,2.103027e+01,2.100271e+01,2.107848e+01,2.111979e+01,2.106471e+01,2.098893e+01,2.097514e+01,2.103027e+01,2.108537e+01,2.105094e+01,2.103027e+01,2.102338e+01,2.096135e+01,2.094067e+01,2.101649e+01,2.099582e+01,2.102338e+01,2.104405e+01,2.106471e+01,2.105094e+01,2.109914e+01,2.109225e+01,2.103027e+01,2.101649e+01,2.095446e+01,2.111979e+01,2.105782e+01,2.109225e+01,2.111979e+01,2.111979e+01,2.113355e+01,2.098893e+01,2.111291e+01,2.108537e+01,2.111291e+01,2.112667e+01,2.105782e+01,2.113355e+01,2.106471e+01,2.108537e+01,2.106471e+01,2.109914e+01,2.105094e+01,2.114044e+01,2.110602e+01,2.111979e+01,2.108537e+01,2.108537e+01,2.111979e+01,2.107848e+01,2.109225e+01,2.106471e+01,2.118860e+01,2.108537e+01,2.106471e+01,2.113355e+01,2.110602e+01,2.110602e+01,2.110602e+01,2.113355e+01,2.102338e+01,2.120923e+01,2.116796e+01,2.118172e+01,2.108537e+01,2.101649e+01,2.113355e+01,2.114732e+01,2.125048e+01,2.109225e+01,2.109914e+01,2.120923e+01,2.118172e+01,2.121611e+01,2.122298e+01,2.121611e+01,2.120923e+01,2.115420e+01,2.128485e+01,2.121611e+01,2.125048e+01,2.124361e+01,2.122298e+01,2.122986e+01,2.111291e+01,2.123674e+01,2.126423e+01,2.120923e+01,2.123674e+01,2.129859e+01,2.109914e+01,2.126423e+01,2.122986e+01,2.124361e+01,2.125736e+01,2.121611e+01,2.119548e+01,2.120235e+01,2.122986e+01,2.115420e+01,2.121611e+01,2.120923e+01,2.118172e+01,2.122986e+01,2.116796e+01,2.118172e+01,2.119548e+01,2.122986e+01,2.124361e+01,2.121611e+01,2.122298e+01,2.120923e+01,2.118860e+01,2.116108e+01,2.115420e+01,2.124361e+01,2.120235e+01,2.118860e+01,2.115420e+01,2.117484e+01,2.114044e+01,2.116796e+01,2.122298e+01,2.116108e+01,2.120235e+01,2.117484e+01,2.117484e+01,2.116108e+01,2.127798e+01,2.128485e+01,2.125736e+01,2.125736e+01,2.129859e+01,2.130546e+01,2.132607e+01,2.125736e+01,2.127110e+01,2.122298e+01,2.132607e+01,2.127798e+01,2.137415e+01,2.139474e+01,2.139474e+01,2.140161e+01,2.136041e+01,2.138788e+01,2.136041e+01,2.133981e+01,2.136041e+01,2.132607e+01,2.130546e+01,2.122298e+01,2.100960e+01,2.058840e+01,2.008201e+01,1.999156e+01,1.981740e+01,1.988013e+01,1.984528e+01,1.979647e+01,1.975462e+01,1.988013e+01,1.978950e+01,1.983134e+01,1.988013e+01,1.975462e+01,1.983831e+01,1.985225e+01,1.978950e+01,1.981740e+01,1.985922e+01,1.980345e+01,1.989407e+01,1.979647e+01,1.979647e+01,1.985225e+01,1.984528e+01,1.979647e+01,1.992193e+01,1.977555e+01,1.978950e+01,1.981042e+01,1.990103e+01,1.974764e+01,1.979647e+01,1.983831e+01,1.985922e+01,1.988013e+01,1.988013e+01,1.983134e+01,1.985922e+01,1.988013e+01,1.987316e+01,1.985922e+01,1.983134e+01,1.985922e+01,1.986619e+01,1.979647e+01,1.978253e+01,1.976858e+01,1.977555e+01,1.983831e+01,1.981740e+01,1.990800e+01,1.983831e+01,1.988013e+01,1.981042e+01,1.978253e+01,1.990103e+01,1.987316e+01,1.988013e+01,1.989407e+01,1.985922e+01,1.985922e+01,1.988710e+01,1.992193e+01,1.997764e+01,1.990800e+01,1.992890e+01,1.997068e+01,1.997068e+01,2.013068e+01,2.044991e+01,2.100960e+01,2.133981e+01,2.139474e+01,2.148394e+01,2.135355e+01,2.155936e+01,2.144964e+01,2.149766e+01,2.142220e+01,2.151137e+01,2.147708e+01,2.149080e+01,2.140847e+01,2.149080e+01,2.155936e+01,2.138788e+01,2.137415e+01,2.138788e+01,2.135355e+01,2.132607e+01,2.133294e+01,2.118172e+01,2.118860e+01,2.109225e+01,2.112667e+01,2.097514e+01,2.112667e+01,2.111291e+01,2.113355e+01,2.110602e+01,2.107848e+01,2.113355e+01,2.114732e+01,2.114732e+01,2.120235e+01,2.127110e+01,2.128485e+01,2.125736e+01,2.128485e+01,2.129172e+01,2.126423e+01,2.137415e+01,2.134668e+01,2.136728e+01,2.131920e+01,2.129172e+01,2.138788e+01,2.136041e+01,2.136728e+01,2.115420e+01,2.094067e+01,2.062299e+01,2.059531e+01,2.046377e+01,2.060223e+01,2.051918e+01,2.053303e+01,2.044298e+01,2.044991e+01,2.021405e+01,2.022794e+01,2.020711e+01,2.027654e+01,2.022100e+01,2.033205e+01,2.022100e+01,2.023489e+01,2.024877e+01,2.042219e+01,2.025571e+01,2.052610e+01,2.091308e+01,2.098203e+01,2.114732e+01,2.129172e+01,2.136041e+01,2.138788e+01,2.150451e+01,2.143592e+01,2.152508e+01,2.152508e+01,2.151137e+01,2.151137e+01,2.160047e+01,2.159362e+01,2.152508e+01,2.157991e+01,2.155936e+01,2.157306e+01,2.131233e+01,2.091998e+01,2.067831e+01,2.070596e+01,2.069905e+01,2.069905e+01,2.071978e+01,2.068522e+01,2.067831e+01,2.060915e+01,2.092688e+01,2.128485e+01,2.142906e+01,2.147708e+01,2.148394e+01,2.148394e+01,2.153880e+01,2.175107e+01,2.151823e+01,2.147708e+01,2.145650e+01,2.154565e+01,2.148394e+01,2.153194e+01,2.151823e+01,2.154565e+01,2.149080e+01,2.152508e+01,2.135355e+01,2.095446e+01,2.029042e+01,2.004723e+01,2.000548e+01,1.988710e+01,1.989407e+01,1.993586e+01,1.987316e+01,1.984528e+01,1.992193e+01,1.991496e+01,1.988710e+01,1.989407e+01,1.990103e+01,1.990103e+01,1.997068e+01,1.988013e+01,1.999156e+01,1.987316e+01,1.992890e+01,1.996371e+01,1.998460e+01,1.999156e+01,1.992890e+01,1.993586e+01,1.999852e+01,1.993586e+01,1.985225e+01,1.988710e+01,1.987316e+01,1.988013e+01,1.991496e+01,1.994979e+01,2.001940e+01,2.004723e+01,1.991496e+01,2.000548e+01,2.006114e+01,2.001940e+01,2.006114e+01,1.989407e+01,1.990103e+01,1.997764e+01,2.001244e+01,1.994283e+01,1.999156e+01,1.995675e+01,1.994979e+01,1.987316e+01,1.990103e+01,1.990103e+01,1.997068e+01,1.990103e+01,1.990103e+01,1.988013e+01,1.990800e+01,1.988013e+01,1.983831e+01,1.992890e+01,1.988710e+01,1.988710e+01,1.992193e+01,1.997764e+01,1.981740e+01,1.997068e+01,2.012372e+01,2.062299e+01,2.110602e+01,2.134668e+01,2.144964e+01,2.140847e+01,2.139474e+01,2.141533e+01,2.142906e+01,2.140847e+01,2.141533e+01,2.136728e+01,2.134668e+01,2.141533e+01,2.152508e+01,2.144964e+01,2.142906e+01,2.141533e+01,2.136041e+01,2.145650e+01,2.131233e+01,2.140161e+01,2.134668e+01,2.142906e+01,2.139474e+01,2.137415e+01,2.141533e+01,2.143592e+01,2.138101e+01,2.138101e+01,2.155250e+01,2.151137e+01,2.134668e+01,2.138788e+01,2.135355e+01,2.134668e+01,2.131233e+01,2.131920e+01,2.133294e+01,2.122298e+01,2.123674e+01,2.133294e+01,2.135355e+01,2.131920e+01,2.125048e+01,2.127798e+01,2.125736e+01,2.129172e+01,2.129859e+01,2.132607e+01,2.117484e+01,2.121611e+01,2.119548e+01,2.117484e+01,2.116796e+01,2.118860e+01,2.112667e+01,2.107160e+01,2.116796e+01,2.118172e+01,2.110602e+01,2.115420e+01,2.113355e+01,2.109914e+01,2.104405e+01,2.111979e+01,2.100271e+01,2.109914e+01,2.105782e+01,2.111979e+01,2.105782e+01,2.105782e+01,2.100960e+01,2.113355e+01,2.098203e+01,2.093377e+01,2.111291e+01,2.109225e+01,2.111291e+01,2.109225e+01,2.118860e+01,2.102338e+01,2.107160e+01,2.120923e+01,2.112667e+01,2.118172e+01,2.110602e+01,2.100271e+01,2.101649e+01,2.118172e+01,2.107160e+01,2.109225e+01,2.105782e+01,2.109914e+01,2.116108e+01,2.118172e+01,2.122298e+01,2.125736e+01,2.119548e+01,2.127110e+01,2.122986e+01,2.122298e+01,2.121611e+01,2.120235e+01,2.114044e+01,2.111291e+01,2.112667e+01,2.111291e+01,2.114044e+01,2.109225e+01,2.107848e+01,2.105094e+01,2.109914e+01,2.104405e+01,2.105782e+01,2.109914e+01,2.103716e+01,2.101649e+01,2.107160e+01,2.106471e+01,2.105782e+01,2.105782e+01,2.100960e+01,2.100960e+01,2.111291e+01,2.109225e+01,2.107160e+01,2.102338e+01,2.104405e+01,2.107848e+01,2.096135e+01,2.103716e+01,2.097514e+01,2.105094e+01,2.105094e+01,2.105782e+01,2.107160e+01,2.100960e+01,2.113355e+01,2.103716e+01,2.112667e+01,2.111291e+01,2.106471e+01,2.106471e+01,2.109914e+01,2.105782e+01,2.095446e+01,2.119548e+01,2.114732e+01,2.109225e+01,2.108537e+01,2.117484e+01,2.106471e+01,2.107848e+01,2.111979e+01,2.125736e+01,2.116108e+01,2.109914e+01,2.112667e+01,2.099582e+01,2.109914e+01,2.113355e+01,2.112667e+01,2.113355e+01,2.115420e+01,2.114044e+01,2.120923e+01,2.115420e+01,2.112667e+01,2.110602e+01,2.105094e+01,2.115420e+01,2.116796e+01,2.102338e+01,2.111979e+01,2.110602e+01,2.110602e+01,2.119548e+01,2.109225e+01,2.116108e+01,2.120235e+01,2.119548e+01,2.125048e+01,2.126423e+01,2.118172e+01,2.121611e+01,2.124361e+01,2.121611e+01,2.120235e+01,2.119548e+01,2.117484e+01,2.137415e+01,2.116796e+01,2.116108e+01,2.117484e+01,2.121611e+01,2.111979e+01,2.114732e+01,2.110602e+01,2.115420e+01,2.109225e+01
2.121611e+01,2.113355e+01,2.111979e+01,2.102338e+01,2.111979e+01,2.112667e+01,2.110602e+01,2.112667e+01,2.109225e+01,2.109225e+01,2.107848e+01,2.103027e+01,2.109225e+01,2.112667e+01,2.113355e+01,2.103716e+01,2.116108e+01,2.111291e+01,2.099582e+01,2.105782e+01,2.104405e+01,2.103027e+01,2.099582e+01,2.108537e+01,2.105094e+01,2.097514e+01,2.100960e+01,2.106471e+01,2.100960e+01,2.105782e+01,2.100271e+01,2.101649e+01,2.100271e+01,2.096825e+01,2.108537e+01,2.104405e+01,2.111291e+01,2.109225e+01,2.099582e+01,2.111979e+01,2.112667e+01,2.102338e+01,2.107848e+01,2.111979e+01,2.107848e+01,2.098203e+01,2.101649e+01,2.103027e+01,2.103027e+01,2.105782e+01,2.098203e+01,2.101649e+01,2.107848e+01,2.105782e+01,2.118860e+01,2.107848e+01,2.105094e+01,2.116796e+01,2.107160e+01,2.105094e+01,2.105782e+01,2.107160e+01,2.099582e+01,2.103027e+01,2.109914e+01,2.108537e+01,2.111979e+01,2.109914e+01,2.111291e+01,2.110602e+01,2.107160e+01,2.113355e+01,2.109225e+01,2.116796e+01,2.110602e+01,2.104405e+01,2.114732e+01,2.114732e+01,2.113355e+01,2.107160e+01,2.111979e+01,2.111291e+01,2.104405e+01,2.107160e+01,2.117484e+01,2.117484e+01,2.107848e+01,2.115420e+01,2.103716e+01,2.112667e+01,2.114044e+01,2.114044e+01,2.109914e+01,2.109914e+01,2.116796e+01,2.114044e+01,2.113355e+01,2.114732e+01,2.108537e+01,2.112667e+01,2.113355e+01,2.117484e+01,2.110602e+01,2.111979e+01,2.127110e+01,2.124361e+01,2.120235e+01,2.119548e+01,2.118172e+01,2.120923e+01,2.118172e+01,2.123674e+01,2.120923e+01,2.122298e+01,2.116796e+01,2.127110e+01,2.109914e+01,2.127798e+01,2.122986e+01,2.127110e+01,2.120923e+01,2.109225e+01,2.114732e+01,2.122986e+01,2.122986e+01,2.125048e+01,2.121611e+01,2.120235e+01,2.122986e+01,2.114044e+01,2.114044e+01,2.121611e+01,2.118172e+01,2.117484e+01,2.120923e+01,2.128485e+01,2.120235e+01,2.133981e+01,2.118172e+01,2.126423e+01,2.124361e+01,2.111979e+01,2.123674e+01,2.114044e+01,2.124361e+01,2.122298e+01,2.111979e+01,2.122986e+01,2.131920e+01,2.125048e+01,2.119548e+01,2.118172e+01,2.118172e+01,2.116796e+01,2.118172e+01,2.122986e+01,2.120235e+01,2.118172e+01,2.124361e+01,2.127110e+01,2.127798e+01,2.118172e+01,2.126423e+01,2.127110e+01,2.131920e+01,2.129859e+01,2.132607e+01,2.125048e+01,2.132607e+01,2.129859e+01,2.133294e+01,2.136041e+01,2.136728e+01,2.133981e+01,2.138101e+01,2.138101e+01,2.147022e+01,2.136041e+01,2.140847e+01,2.136728e+01,2.140847e+01,2.138101e+01,2.138101e+01,2.134668e+01,2.137415e+01,2.103027e+01,2.078195e+01,2.031124e+01,1.985922e+01,1.986619e+01,1.990800e+01,1.990800e+01,1.988710e+01,1.981042e+01,1.983831e+01,1.976160e+01,1.981042e+01,1.985225e+01,1.991496e+01,1.981042e+01,1.985225e+01,1.991496e+01,1.990103e+01,1.978950e+01,1.977555e+01,1.978950e+01,1.980345e+01,1.978950e+01,1.993586e+01,1.978253e+01,1.991496e+01,1.993586e+01,1.990800e+01,1.986619e+01,1.979647e+01,1.979647e+01,1.977555e+01,1.988013e+01,1.989407e+01,1.986619e+01,1.990103e+01,1.983831e+01,1.986619e+01,1.986619e+01,1.987316e+01,1.984528e+01,1.985225e+01,1.985922e+01,1.983831e+01,1.988013e+01,1.985922e+01,1.986619e+01,1.991496e+01,1.976160e+01,1.988710e+01,1.983831e+01,1.982437e+01,1.987316e+01,1.983134e+01,1.989407e+01,1.991496e+01,1.990103e+01,1.984528e+01,1.992890e+01,1.993586e+01,1.994283e+01,1.988710e+01,1.994979e+01,1.997068e+01,1.978950e+01,1.990103e+01,1.992193e+01,1.990800e+01,1.996371e+01,1.994283e+01,2.013763e+01,2.044298e+01,2.096135e+01,2.117484e+01,2.131233e+01,2.147708e+01,2.148394e+01,2.149766e+01,2.145650e+01,2.150451e+01,2.149080e+01,2.151137e+01,2.149080e+01,2.143592e+01,2.143592e+01,2.141533e+01,2.140161e+01,2.140847e+01,2.137415e+01,2.119548e+01,2.133981e+01,2.132607e+01,2.118860e+01,2.111291e+01,2.113355e+01,2.108537e+01,2.114732e+01,2.112667e+01,2.112667e+01,2.113355e+01,2.111979e+01,2.111979e+01,2.110602e+01,2.113355e+01,2.121611e+01,2.118172e+01,2.119548e+01,2.122298e+01,2.124361e+01,2.118860e+01,2.113355e+01,2.127110e+01,2.131233e+01,2.126423e+01,2.136041e+01,2.130546e+01,2.142906e+01,2.131920e+01,2.141533e+01,2.141533e+01,2.134668e+01,2.133981e+01,2.087169e+01,2.057456e+01,2.057456e+01,2.051225e+01,2.050533e+01,2.025571e+01,2.027654e+01,2.024183e+01,2.024183e+01,2.029042e+01,2.022794e+01,2.026960e+01,2.029042e+01,2.029042e+01,2.020711e+01,2.031818e+01,2.022794e+01,2.019321e+01,2.024183e+01,2.053303e+01,2.078886e+01,2.087169e+01,2.109914e+01,2.116796e+01,2.133294e+01,2.140161e+01,2.140161e+01,2.143592e+01,2.151137e+01,2.153194e+01,2.153880e+01,2.153880e+01,2.155936e+01,2.154565e+01,2.147022e+01,2.154565e+01,2.150451e+01,2.146336e+01,2.124361e+01,2.085789e+01,2.071287e+01,2.071287e+01,2.067139e+01,2.065757e+01,2.070596e+01,2.056071e+01,2.062299e+01,2.086479e+01,2.136728e+01,2.140161e+01,2.133981e+01,2.152508e+01,2.144278e+01,2.140161e+01,2.149080e+01,2.151823e+01,2.151137e+01,2.147022e+01,2.155936e+01,2.155250e+01,2.143592e+01,2.145650e+01,2.152508e+01,2.142906e+01,2.147708e+01,2.156621e+01,2.140161e+01,2.097514e+01,2.037366e+01,2.005419e+01,1.999852e+01,2.003332e+01,1.990800e+01,1.989407e+01,2.002636e+01,1.990800e+01,1.990800e+01,1.985922e+01,1.993586e+01,1.988710e+01,1.991496e+01,1.988710e+01,1.994979e+01,1.987316e+01,1.988710e+01,1.998460e+01,2.001244e+01,2.000548e+01,1.992193e+01,2.003332e+01,1.998460e+01,1.990103e+01,1.990800e+01,1.990103e+01,1.990800e+01,1.985225e+01,1.986619e+01,1.987316e+01,1.988013e+01,1.988013e+01,1.999156e+01,1.989407e+01,1.992193e+01,1.997764e+01,2.000548e+01,1.996371e+01,1.994283e+01,1.985225e+01,1.993586e+01,1.986619e+01,1.992193e+01,1.992193e+01,1.996371e+01,1.990103e+01,1.998460e+01,1.992890e+01,1.988710e+01,1.992890e+01,2.003332e+01,1.995675e+01,1.989407e+01,1.991496e+01,1.990103e+01,1.988013e+01,1.983831e+01,1.990103e+01,1.992890e+01,1.994979e+01,1.994283e+01,1.988013e+01,1.985922e+01,1.988013e+01,1.996371e+01,2.033899e+01,2.087169e+01,2.124361e+01,2.135355e+01,2.115420e+01,2.144964e+01,2.144278e+01,2.140847e+01,2.141533e+01,2.140847e+01,2.135355e+01,2.138788e+01,2.139474e+01,2.143592e+01,2.135355e+01,2.142906e+01,2.144964e+01,2.143592e+01,2.136728e+01,2.142220e+01,2.131920e+01,2.137415e+01,2.138101e+01,2.142220e+01,2.140161e+01,2.137415e+01,2.136041e+01,2.139474e+01,2.136728e+01,2.138101e+01,2.139474e+01,2.138101e+01,2.138101e+01,2.147022e+01,2.135355e+01,2.129859e+01,2.132607e+01,2.127798e+01,2.145650e+01,2.136041e+01,2.138788e+01,2.137415e+01,2.134668e+01,2.138101e+01,2.132607e+01,2.135355e+01,2.129859e+01,2.131920e+01,2.131920e+01,2.131233e+01,2.114044e+01,2.118860e+01,2.119548e+01,2.119548e+01,2.120235e+01,2.124361e+01,2.116108e+01,2.124361e+01,2.114732e+01,2.114732e+01,2.112667e+01,2.114732e+01,2.114044e+01,2.110602e+01,2.108537e+01,2.116796e+01,2.110602e+01,2.111979e+01,2.111291e+01,2.114044e+01,2.101649e+01,2.098893e+01,2.109914e+01,2.103716e+01,2.105094e+01,2.111979e+01,2.102338e+01,2.109914e+01,2.116108e+01,2.102338e+01,2.101649e+01,2.107848e+01,2.102338e+01,2.110602e+01,2.107160e+01,2.103027e+01,2.107160e+01,2.103716e+01,2.107848e+01,2.104405e+01,2.108537e+01,2.117484e+01,2.116108e+01,2.103716e+01,2.118172e+01,2.118860e+01,2.122986e+01,2.112667e+01,2.130546e+01,2.122986e+01,2.125048e+01,2.125048e+01,2.116796e+01,2.120235e+01,2.114044e+01,2.113355e+01,2.109914e+01,2.109225e+01,2.120923e+01,2.105094e+01,2.115420e+01,2.100960e+01,2.101649e+01,2.106471e+01,2.104405e+01,2.105094e+01,2.109225e+01,2.107160e+01,2.107160e+01,2.107160e+01,2.107848e+01,2.105782e+01,2.111979e+01,2.115420e+01,2.113355e+01,2.111291e+01,2.103716e+01,2.105782e+01,2.103716e+01,2.102338e+01,2.110602e+01,2.105782e+01,2.110602e+01,2.105782e+01,2.111291e+01,2.107160e+01,2.114732e+01,2.130546e+01,2.106471e+01,2.101649e+01,2.099582e+01,2.111291e+01,2.120923e+01,2.105782e+01,2.112667e+01,2.096135e+01,2.122986e+01,2.112667e+01,2.116108e+01,2.109914e+01,2.116108e+01,2.109225e+01,2.114044e+01,2.109225e+01,2.116796e+01,2.114732e+01,2.111291e+01,2.116796e+01,2.114044e+01,2.103716e+01,2.114732e+01,2.110602e+01,2.111291e+01,2.108537e+01,2.112667e+01,2.122298e+01,2.135355e+01,2.133981e+01,2.112667e+01,2.107160e+01,2.113355e+01,2.114044e+01,2.112667e+01,2.115420e+01,2.111979e+01,2.107160e+01,2.112667e+01,2.105782e+01,2.114044e+01,2.114732e+01,2.127110e+01,2.120235e+01,2.114044e+01,2.127798e+01,2.125736e+01,2.106471e+01,2.121611e+01,2.119548e+01,2.119548e+01,2.119548e+01,2.125048e+01,2.117484e+01,2.118860e+01,2.111979e+01,2.122986e+01,2.097514e+01,2.120923e+01,2.114732e+01,2.111291e+01,2.111291e+01
2.114044e+01,2.109914e+01,2.113355e+01,2.121611e+01,2.113355e+01,2.106471e+01,2.111979e+01,2.115420e+01,2.116108e+01,2.109225e+01,2.114044e+01,2.103027e+01,2.113355e+01,2.111291e+01,2.112667e+01,2.109914e+01,2.101649e+01,2.119548e+01,2.118172e+01,2.108537e+01,2.112667e+01,2.104405e+01,2.108537e+01,2.111291e+01,2.108537e+01,2.107160e+01,2.107848e+01,2.103027e+01,2.111979e+01,2.107848e+01,2.100960e+01,2.105782e+01,2.100960e+01,2.107848e+01,2.103027e+01,2.116796e+01,2.101649e+01,2.111291e+01,2.103716e+01,2.105782e+01,2.111979e+01,2.109914e+01,2.117484e+01,2.108537e+01,2.106471e+01,2.107848e+01,2.107848e+01,2.101649e+01,2.098893e+01,2.100271e+01,2.105782e+01,2.104405e+01,2.105782e+01,2.106471e+01,2.120235e+01,2.119548e+01,2.103027e+01,2.101649e+01,2.106471e+01,2.107848e+01,2.109914e+01,2.106471e+01,2.107160e+01,2.111979e+01,2.099582e+01,2.108537e+01,2.107848e+01,2.102338e+01,2.103716e+01,2.100271e+01,2.110602e+01,2.114732e+01,2.105782e+01,2.107160e+01,2.098203e+01,2.107848e+01,2.104405e+01,2.116108e+01,2.114044e+01,2.107160e+01,2.110602e+01,2.109914e+01,2.109914e+01,2.116108e+01,2.114044e+01,2.103027e+01,2.110602e+01,2.111979e+01,2.105094e+01,2.102338e+01,2.114044e+01,2.112667e+01,2.109914e+01,2.116796e+01,2.114732e+01,2.122986e+01,2.120235e+01,2.109914e+01,2.114732e+01,2.116108e+01,2.115420e+01,2.112667e+01,2.114044e+01,2.117484e+01,2.115420e+01,2.118172e+01,2.127110e+01,2.120923e+01,2.131233e+01,2.127798e+01,2.103716e+01,2.123674e+01,2.124361e+01,2.117484e+01,2.124361e+01,2.127110e+01,2.127110e+01,2.130546e+01,2.129859e+01,2.126423e+01,2.118860e+01,2.124361e+01,2.113355e+01,2.125048e+01,2.122986e+01,2.126423e+01,2.122986e+01,2.126423e+01,2.118172e+01,2.112667e+01,2.128485e+01,2.118860e+01,2.117484e+01,2.116108e+01,2.120923e+01,2.118172e+01,2.123674e+01,2.115420e+01,2.116796e+01,2.119548e+01,2.116796e+01,2.118860e+01,2.125736e+01,2.127110e+01,2.119548e+01,2.118172e+01,2.118860e+01,2.121611e+01,2.118860e+01,2.120923e+01,2.115420e+01,2.114732e+01,2.114044e+01,2.125736e+01,2.122986e+01,2.125736e+01,2.123674e+01,2.125048e+01,2.109914e+01,2.124361e+01,2.129859e+01,2.125736e+01,2.125736e+01,2.130546e+01,2.124361e+01,2.131920e+01,2.127798e+01,2.133981e+01,2.142906e+01,2.140847e+01,2.131233e+01,2.133981e+01,2.136041e+01,2.133294e+01,2.138101e+01,2.134668e+01,2.133981e+01,2.136041e+01,2.140847e+01,2.136728e+01,2.136041e+01,2.132607e+01,2.133294e+01,2.125736e+01,2.133294e+01,2.121611e+01,2.106471e+01,2.061607e+01,2.012372e+01,1.984528e+01,1.982437e+01,1.982437e+01,1.983831e+01,1.981740e+01,1.981740e+01,1.990103e+01,1.985922e+01,1.978253e+01,1.981042e+01,1.983134e+01,1.992890e+01,1.982437e+01,1.978950e+01,1.979647e+01,1.976858e+01,1.983134e+01,1.977555e+01,1.979647e+01,1.997764e+01,1.977555e+01,1.976858e+01,2.006114e+01,1.985225e+01,1.981740e+01,1.979647e+01,1.981042e+01,1.982437e+01,1.983831e+01,1.985225e+01,1.991496e+01,1.973369e+01,1.985225e+01,1.984528e+01,1.986619e+01,1.989407e+01,1.984528e+01,1.983831e+01,1.983831e+01,1.985225e+01,1.983831e+01,1.984528e+01,1.984528e+01,1.993586e+01,1.989407e+01,1.974067e+01,1.985922e+01,1.988013e+01,1.979647e+01,1.985922e+01,1.986619e+01,1.988013e+01,1.988710e+01,1.981740e+01,1.992890e+01,1.998460e+01,1.990800e+01,1.994283e+01,1.992890e+01,1.992193e+01,1.988710e+01,1.992890e+01,1.990800e+01,1.991496e+01,1.996371e+01,1.997764e+01,1.999852e+01,2.006114e+01,2.041526e+01,2.089929e+01,2.120235e+01,2.131920e+01,2.136728e+01,2.133981e+01,2.150451e+01,2.134668e+01,2.147708e+01,2.144278e+01,2.138788e+01,2.147708e+01,2.146336e+01,2.136728e+01,2.145650e+01,2.135355e+01,2.125736e+01,2.129859e+01,2.113355e+01,2.114732e+01,2.113355e+01,2.099582e+01,2.098893e+01,2.104405e+01,2.098203e+01,2.100271e+01,2.107160e+01,2.114732e+01,2.110602e+01,2.103716e+01,2.111291e+01,2.117484e+01,2.114732e+01,2.118172e+01,2.120235e+01,2.105094e+01,2.125048e+01,2.104405e+01,2.125048e+01,2.111979e+01,2.129859e+01,2.115420e+01,2.130546e+01,2.130546e+01,2.131920e+01,2.113355e+01,2.133294e+01,2.144278e+01,2.129859e+01,2.134668e+01,2.111291e+01,2.067831e+01,2.054687e+01,2.057456e+01,2.038753e+01,2.047070e+01,2.020711e+01,2.035286e+01,2.040140e+01,2.036673e+01,2.026960e+01,2.029042e+01,2.036673e+01,2.028348e+01,2.024183e+01,2.022100e+01,2.015848e+01,2.023489e+01,2.045684e+01,2.047070e+01,2.076123e+01,2.080957e+01,2.111291e+01,2.123674e+01,2.131920e+01,2.151137e+01,2.153194e+01,2.135355e+01,2.149766e+01,2.149766e+01,2.151137e+01,2.149766e+01,2.154565e+01,2.149080e+01,2.154565e+01,2.138788e+01,2.147708e+01,2.122986e+01,2.082338e+01,2.081648e+01,2.069905e+01,2.070596e+01,2.065757e+01,2.069213e+01,2.062990e+01,2.069213e+01,2.073360e+01,2.113355e+01,2.133981e+01,2.137415e+01,2.140847e+01,2.151137e+01,2.144964e+01,2.140847e+01,2.145650e+01,2.153194e+01,2.151137e+01,2.153194e+01,2.151823e+01,2.154565e+01,2.157991e+01,2.158677e+01,2.145650e+01,2.145650e+01,2.151137e+01,2.147708e+01,2.155250e+01,2.099582e+01,2.041526e+01,2.005419e+01,1.992890e+01,2.002636e+01,1.997764e+01,1.993586e+01,1.992193e+01,1.992193e+01,1.990103e+01,1.986619e+01,1.992890e+01,1.990103e+01,1.993586e+01,1.995675e+01,1.989407e+01,1.987316e+01,1.987316e+01,1.998460e+01,1.996371e+01,1.997068e+01,1.991496e+01,1.992890e+01,2.022100e+01,2.003332e+01,1.990800e+01,1.990103e+01,1.988710e+01,1.990800e+01,1.992890e+01,1.988013e+01,1.988013e+01,1.987316e+01,1.994979e+01,1.994283e+01,1.992193e+01,1.991496e+01,1.999852e+01,1.996371e+01,1.994979e+01,1.994283e+01,1.990103e+01,1.997068e+01,1.993586e+01,1.998460e+01,2.001940e+01,1.995675e+01,1.992890e+01,2.006810e+01,1.998460e+01,2.004723e+01,2.000548e+01,1.988710e+01,1.990103e+01,1.992193e+01,1.985922e+01,1.988710e+01,1.988710e+01,1.991496e+01,1.994283e+01,1.993586e+01,1.993586e+01,1.996371e+01,1.995675e+01,1.996371e+01,1.996371e+01,1.997068e+01,2.031124e+01,2.090619e+01,2.121611e+01,2.136728e+01,2.142906e+01,2.143592e+01,2.139474e+01,2.141533e+01,2.136728e+01,2.140847e+01,2.142220e+01,2.144278e+01,2.142906e+01,2.140847e+01,2.132607e+01,2.144278e+01,2.144278e+01,2.141533e+01,2.133981e+01,2.132607e+01,2.137415e+01,2.139474e+01,2.139474e+01,2.135355e+01,2.133981e+01,2.133981e+01,2.140847e+01,2.138101e+01,2.136041e+01,2.139474e+01,2.149766e+01,2.149766e+01,2.131920e+01,2.132607e+01,2.130546e+01,2.127798e+01,2.136728e+01,2.129859e+01,2.134668e+01,2.138101e+01,2.137415e+01,2.128485e+01,2.134668e+01,2.132607e+01,2.128485e+01,2.137415e+01,2.131233e+01,2.122298e+01,2.131920e+01,2.126423e+01,2.132607e+01,2.121611e+01,2.119548e+01,2.116108e+01,2.111291e+01,2.118172e+01,2.123674e+01,2.119548e+01,2.114732e+01,2.116796e+01,2.113355e+01,2.118172e+01,2.122986e+01,2.117484e+01,2.107848e+01,2.109225e+01,2.109225e+01,2.105094e+01,2.112667e+01,2.107160e+01,2.107848e+01,2.103027e+01,2.100960e+01,2.095446e+01,2.105094e+01,2.105782e+01,2.106471e+01,2.108537e+01,2.104405e+01,2.103716e+01,2.110602e+01,2.104405e+01,2.106471e+01,2.116108e+01,2.104405e+01,2.103027e+01,2.104405e+01,2.099582e+01,2.110602e+01,2.115420e+01,2.109225e+01,2.110602e+01,2.119548e+01,2.114044e+01,2.127110e+01,2.129172e+01,2.123674e+01,2.128485e+01,2.122986e+01,2.122298e+01,2.120235e+01,2.120235e+01,2.112667e+01,2.112667e+01,2.112667e+01,2.110602e+01,2.111291e+01,2.109225e+01,2.122298e+01,2.105782e+01,2.107848e+01,2.105094e+01,2.111291e+01,2.101649e+01,2.099582e+01,2.109225e+01,2.103027e+01,2.101649e+01,2.108537e+01,2.107160e+01,2.107160e+01,2.103027e+01,2.109225e+01,2.112667e+01,2.105094e+01,2.106471e+01,2.106471e+01,2.103716e+01,2.104405e+01,2.100960e+01,2.106471e+01,2.102338e+01,2.106471e+01,2.101649e+01,2.106471e+01,2.108537e+01,2.114732e+01,2.114044e+01,2.108537e+01,2.100960e+01,2.107848e+01,2.112667e+01,2.107848e+01,2.108537e+01,2.101649e+01,2.106471e+01,2.105782e+01,2.106471e+01,2.105094e+01,2.105782e+01,2.118860e+01,2.122986e+01,2.111979e+01,2.121611e+01,2.113355e+01,2.111979e+01,2.110602e+01,2.110602e+01,2.109225e+01,2.106471e+01,2.106471e+01,2.106471e+01,2.107848e+01,2.114044e+01,2.111291e+01,2.135355e+01,2.116796e+01,2.116108e+01,2.105782e+01,2.111291e+01,2.119548e+01,2.109225e+01,2.117484e+01,2.131920e+01,2.111291e+01,2.112667e+01,2.123674e+01,2.125736e+01,2.111291e+01,2.128485e+01,2.126423e+01,2.114732e+01,2.127110e+01,2.125736e+01,2.127798e+01,2.129859e+01,2.125048e+01,2.125736e+01,2.120923e+01,2.120235e+01,2.121611e+01,2.124361e+01,2.122298e+01,2.118860e+01,2.131233e+01,2.118172e+01,2.113355e+01,2.109225e+01,2.110602e+01
2.098203e+01,2.123674e+01,2.107848e+01,2.105782e+01,2.111291e+01,2.107160e+01,2.103716e+01,2.121611e+01,2.105094e+01,2.114044e+01,2.109914e+01,2.116108e+01,2.111291e+01,2.110602e+01,2.107160e+01,2.107848e+01,2.105782e+01,2.111291e+01,2.111979e+01,2.116796e+01,2.099582e+01,2.108537e+01,2.109225e+01,2.108537e+01,2.109914e+01,2.105782e+01,2.093377e+01,2.107848e+01,2.098893e+01,2.098893e+01,2.100960e+01,2.107160e+01,2.100271e+01,2.107160e+01,2.103716e+01,2.105094e+01,2.101649e+01,2.101649e+01,2.100271e+01,2.112667e+01,2.103716e+01,2.112667e+01,2.105782e+01,2.103716e+01,2.107160e+01,2.107848e+01,2.093377e+01,2.103027e+01,2.104405e+01,2.106471e+01,2.092688e+01,2.106471e+01,2.108537e+01,2.106471e+01,2.105782e+01,2.097514e+01,2.096825e+01,2.116108e+01,2.103027e+01,2.099582e+01,2.108537e+01,2.105782e+01,2.111291e+01,2.105094e+01,2.105782e+01,2.109914e+01,2.107848e+01,2.100271e+01,2.111979e+01,2.114044e+01,2.111979e+01,2.109225e+01,2.107848e+01,2.107160e+01,2.105782e+01,2.096825e+01,2.097514e+01,2.098893e+01,2.109225e+01,2.105094e+01,2.105094e+01,2.110602e+01,2.110602e+01,2.109225e+01,2.112667e+01,2.113355e+01,2.109225e+01,2.113355e+01,2.111979e+01,2.112667e+01,2.110602e+01,2.107160e+01,2.111979e+01,2.111979e+01,2.115420e+01,2.116108e+01,2.116108e+01,2.114044e+01,2.114732e+01,2.118860e+01,2.113355e+01,2.112667e+01,2.115420e+01,2.117484e+01,2.112667e+01,2.116108e+01,2.121611e+01,2.122986e+01,2.124361e+01,2.122298e+01,2.111979e+01,2.122298e+01,2.116796e+01,2.121611e+01,2.127798e+01,2.118172e+01,2.120235e+01,2.119548e+01,2.117484e+01,2.120235e+01,2.122298e+01,2.121611e+01,2.122986e+01,2.121611e+01,2.126423e+01,2.125736e+01,2.122298e+01,2.122986e+01,2.129172e+01,2.112667e+01,2.111979e+01,2.126423e+01,2.115420e+01,2.116796e+01,2.112667e+01,2.121611e+01,2.122298e+01,2.127110e+01,2.125048e+01,2.118172e+01,2.117484e+01,2.116796e+01,2.117484e+01,2.114044e+01,2.125736e+01,2.113355e+01,2.118172e+01,2.120235e+01,2.125048e+01,2.116796e+01,2.122986e+01,2.114732e+01,2.114044e+01,2.121611e+01,2.119548e+01,2.124361e+01,2.119548e+01,2.118860e+01,2.118172e+01,2.127798e+01,2.126423e+01,2.127798e+01,2.128485e+01,2.128485e+01,2.133294e+01,2.131920e+01,2.134668e+01,2.134668e+01,2.130546e+01,2.135355e+01,2.133981e+01,2.131920e+01,2.133981e+01,2.133294e+01,2.135355e+01,2.137415e+01,2.137415e+01,2.143592e+01,2.127798e+01,2.138101e+01,2.142220e+01,2.137415e+01,2.133294e+01,2.133981e+01,2.129859e+01,2.133294e+01,2.101649e+01,2.057456e+01,2.017237e+01,1.988013e+01,1.983134e+01,1.988710e+01,1.989407e+01,1.984528e+01,1.988710e+01,1.975462e+01,1.980345e+01,1.981740e+01,1.980345e+01,1.980345e+01,1.995675e+01,1.979647e+01,1.986619e+01,1.981042e+01,1.980345e+01,1.980345e+01,1.979647e+01,1.985922e+01,1.976858e+01,1.997068e+01,1.984528e+01,1.983831e+01,1.983831e+01,1.985225e+01,1.988710e+01,1.981042e+01,1.979647e+01,1.991496e+01,1.988710e+01,1.982437e+01,1.980345e+01,1.972671e+01,1.987316e+01,1.985225e+01,1.973369e+01,1.987316e+01,1.983831e+01,1.979647e+01,1.983134e+01,1.983134e+01,1.983134e+01,1.986619e+01,1.981740e+01,1.990103e+01,1.982437e+01,1.982437e+01,1.981042e+01,1.991496e+01,1.983134e+01,1.982437e+01,1.987316e+01,1.988013e+01,1.989407e+01,1.985225e+01,1.988013e+01,1.987316e+01,1.985225e+01,1.992193e+01,1.986619e+01,1.989407e+01,1.992193e+01,1.990800e+01,1.987316e+01,1.990103e+01,1.999852e+01,2.002636e+01,2.001244e+01,2.006810e+01,2.040140e+01,2.064374e+01,2.091308e+01,2.118172e+01,2.116796e+01,2.133981e+01,2.131920e+01,2.148394e+01,2.136041e+01,2.144964e+01,2.134668e+01,2.131233e+01,2.131233e+01,2.127110e+01,2.133981e+01,2.124361e+01,2.120923e+01,2.116108e+01,2.114732e+01,2.113355e+01,2.108537e+01,2.092688e+01,2.105094e+01,2.094757e+01,2.094757e+01,2.097514e+01,2.100271e+01,2.111291e+01,2.105782e+01,2.114044e+01,2.107848e+01,2.099582e+01,2.107848e+01,2.097514e+01,2.106471e+01,2.122298e+01,2.114732e+01,2.111291e+01,2.116796e+01,2.118860e+01,2.116108e+01,2.116796e+01,2.116108e+01,2.128485e+01,2.130546e+01,2.136041e+01,2.133294e+01,2.121611e+01,2.122986e+01,2.112667e+01,2.112667e+01,2.069213e+01,2.055379e+01,2.042219e+01,2.048455e+01,2.038060e+01,2.048455e+01,2.058148e+01,2.056763e+01,2.042219e+01,2.022794e+01,2.020711e+01,2.031124e+01,2.036673e+01,2.026960e+01,2.031818e+01,2.024877e+01,2.024183e+01,2.044991e+01,2.065065e+01,2.076123e+01,2.109914e+01,2.120923e+01,2.139474e+01,2.133981e+01,2.142906e+01,2.136041e+01,2.144278e+01,2.150451e+01,2.147708e+01,2.151823e+01,2.150451e+01,2.147708e+01,2.140847e+01,2.142906e+01,2.137415e+01,2.109225e+01,2.076814e+01,2.074051e+01,2.065757e+01,2.063682e+01,2.064374e+01,2.069905e+01,2.073360e+01,2.071978e+01,2.092688e+01,2.138101e+01,2.138788e+01,2.140847e+01,2.142220e+01,2.133981e+01,2.135355e+01,2.136041e+01,2.129859e+01,2.150451e+01,2.146336e+01,2.144278e+01,2.144964e+01,2.147022e+01,2.142220e+01,2.144278e+01,2.144278e+01,2.144278e+01,2.151823e+01,2.140161e+01,2.154565e+01,2.122986e+01,2.062990e+01,1.997068e+01,1.993586e+01,1.992890e+01,1.992890e+01,1.992193e+01,1.992890e+01,1.994283e+01,1.988013e+01,1.992890e+01,1.981042e+01,1.994283e+01,1.992193e+01,1.986619e+01,1.988013e+01,1.982437e+01,1.982437e+01,1.998460e+01,1.983134e+01,1.992193e+01,1.992193e+01,1.991496e+01,1.995675e+01,2.000548e+01,1.992193e+01,1.989407e+01,1.981740e+01,1.983134e+01,1.989407e+01,1.987316e+01,1.985922e+01,1.987316e+01,1.990800e+01,1.992193e+01,1.991496e+01,1.992890e+01,1.992890e+01,1.994283e+01,1.989407e+01,1.994283e+01,1.997068e+01,1.988710e+01,2.001940e+01,1.992193e+01,1.994283e+01,1.993586e+01,1.994979e+01,1.992890e+01,1.991496e+01,1.988710e+01,2.000548e+01,1.990103e+01,1.997068e+01,1.988710e+01,1.988013e+01,1.992890e+01,1.989407e+01,1.991496e+01,1.993586e+01,1.987316e+01,1.992193e+01,1.990103e+01,1.990800e+01,1.994283e+01,1.987316e+01,1.995675e+01,2.010287e+01,2.036673e+01,2.110602e+01,2.114732e+01,2.142220e+01,2.142220e+01,2.140161e+01,2.140847e+01,2.143592e+01,2.144278e+01,2.143592e+01,2.143592e+01,2.139474e+01,2.144964e+01,2.142220e+01,2.147022e+01,2.144964e+01,2.140161e+01,2.141533e+01,2.135355e+01,2.132607e+01,2.136041e+01,2.138101e+01,2.133294e+01,2.136041e+01,2.136041e+01,2.145650e+01,2.138101e+01,2.133294e+01,2.132607e+01,2.125048e+01,2.145650e+01,2.136728e+01,2.129859e+01,2.135355e+01,2.141533e+01,2.131920e+01,2.133294e+01,2.136728e+01,2.116108e+01,2.138788e+01,2.134668e+01,2.137415e+01,2.137415e+01,2.137415e+01,2.131233e+01,2.130546e+01,2.120235e+01,2.110602e+01,2.109225e+01,2.125048e+01,2.125048e+01,2.127110e+01,2.120923e+01,2.121611e+01,2.116108e+01,2.109914e+01,2.115420e+01,2.114732e+01,2.116108e+01,2.112667e+01,2.110602e+01,2.106471e+01,2.113355e+01,2.105782e+01,2.110602e+01,2.111291e+01,2.111291e+01,2.112667e+01,2.111291e+01,2.108537e+01,2.105782e+01,2.107848e+01,2.100960e+01,2.105094e+01,2.110602e+01,2.101649e+01,2.103027e+01,2.107160e+01,2.106471e+01,2.103716e+01,2.103027e+01,2.108537e+01,2.106471e+01,2.103716e+01,2.099582e+01,2.105094e+01,2.102338e+01,2.109225e+01,2.103027e+01,2.104405e+01,2.104405e+01,2.110602e+01,2.120235e+01,2.113355e+01,2.113355e+01,2.116796e+01,2.122298e+01,2.122298e+01,2.125048e+01,2.125048e+01,2.111979e+01,2.119548e+01,2.113355e+01,2.119548e+01,2.111291e+01,2.107848e+01,2.106471e+01,2.105782e+01,2.118172e+01,2.111291e+01,2.116796e+01,2.114732e+01,2.101649e+01,2.106471e+01,2.105782e+01,2.109225e+01,2.104405e+01,2.103027e+01,2.107160e+01,2.104405e+01,2.112667e+01,2.113355e+01,2.112667e+01,2.106471e+01,2.106471e+01,2.104405e+01,2.098893e+01,2.096135e+01,2.111291e+01,2.108537e+01,2.107848e+01,2.103027e+01,2.104405e+01,2.105782e+01,2.109914e+01,2.110602e+01,2.115420e+01,2.103027e+01,2.114044e+01,2.107160e+01,2.104405e+01,2.112667e+01,2.092688e+01,2.111979e+01,2.102338e+01,2.118860e+01,2.103716e+01,2.100271e+01,2.115420e+01,2.103027e+01,2.110602e+01,2.112667e+01,2.111979e+01,2.112667e+01,2.111291e+01,2.103716e+01,2.098893e+01,2.107160e+01,2.114044e+01,2.098893e+01,2.109225e+01,2.124361e+01,2.114732e+01,2.104405e+01,2.117484e+01,2.103716e+01,2.109225e+01,2.114732e+01,2.119548e+01,2.122298e+01,2.109225e+01,2.105782e+01,2.118860e+01,2.107848e+01,2.109914e+01,2.129172e+01,2.109914e+01,2.115420e+01,2.131920e+01,2.127110e+01,2.116796e+01,2.117484e+01,2.107848e+01,2.125736e+01,2.116796e+01,2.117484e+01,2.112667e+01,2.128485e+01,2.133294e+01,2.125736e+01,2.116108e+01,2.125048e+01,2.111291e+01,2.112667e+01,2.113355e+01,2.109914e+01,2.103716e+01,2.111291e+01
2.116108e+01,2.115420e+01,2.110602e+01,2.107160e+01,2.110602e+01,2.111979e+01,2.107160e+01,2.109225e+01,2.109225e+01,2.109225e+01,2.109225e+01,2.112667e+01,2.114044e+01,2.109225e+01,2.113355e+01,2.105782e+01,2.109914e+01,2.109225e+01,2.107848e+01,2.109225e+01,2.109225e+01,2.105782e+01,2.113355e+01,2.109914e+01,2.104405e+01,2.106471e+01,2.100960e+01,2.107848e+01,2.109914e+01,2.100960e+01,2.105094e+01,2.102338e+01,2.096825e+01,2.104405e+01,2.104405e+01,2.103027e+01,2.100271e+01,2.109225e+01,2.103716e+01,2.100960e+01,2.097514e+01,2.107160e+01,2.096135e+01,2.098893e+01,2.104405e+01,2.091308e+01,2.109914e+01,2.111979e+01,2.100271e+01,2.105094e+01,2.109225e+01,2.105094e+01,2.089929e+01,2.109225e+01,2.088549e+01,2.103716e+01,2.108537e+01,2.103716e+01,2.105094e+01,2.111291e+01,2.102338e+01,2.118860e+01,2.107848e+01,2.102338e+01,2.105094e+01,2.107848e+01,2.108537e+01,2.107160e+01,2.098893e+01,2.109225e+01,2.101649e+01,2.100271e+01,2.105782e+01,2.103716e+01,2.111291e+01,2.099582e+01,2.107848e+01,2.100960e+01,2.111979e+01,2.113355e+01,2.109914e+01,2.109914e+01,2.108537e+01,2.112667e+01,2.112667e+01,2.108537e+01,2.105094e+01,2.105094e+01,2.122298e+01,2.110602e+01,2.109914e+01,2.104405e+01,2.108537e+01,2.112667e+01,2.116796e+01,2.114732e+01,2.114732e+01,2.110602e+01,2.113355e+01,2.113355e+01,2.117484e+01,2.124361e+01,2.118860e+01,2.114044e+01,2.109914e+01,2.120923e+01,2.125048e+01,2.123674e+01,2.122986e+01,2.114732e+01,2.122298e+01,2.116108e+01,2.116108e+01,2.119548e+01,2.120235e+01,2.130546e+01,2.118860e+01,2.127798e+01,2.129172e+01,2.115420e+01,2.120923e+01,2.116796e+01,2.124361e+01,2.121611e+01,2.125736e+01,2.117484e+01,2.127110e+01,2.118860e+01,2.120235e+01,2.108537e+01,2.116796e+01,2.113355e+01,2.111979e+01,2.117484e+01,2.109225e+01,2.111979e+01,2.116796e+01,2.127110e+01,2.119548e+01,2.115420e+01,2.108537e+01,2.118860e+01,2.118860e+01,2.116108e+01,2.125736e+01,2.114044e+01,2.120235e+01,2.122298e+01,2.127110e+01,2.116108e+01,2.115420e+01,2.125048e+01,2.122298e+01,2.120235e+01,2.123674e+01,2.124361e+01,2.124361e+01,2.124361e+01,2.116796e+01,2.116108e+01,2.123674e+01,2.129859e+01,2.129859e+01,2.129859e+01,2.127110e+01,2.134668e+01,2.135355e+01,2.130546e+01,2.135355e+01,2.133294e+01,2.129172e+01,2.141533e+01,2.134668e+01,2.136728e+01,2.133981e+01,2.135355e+01,2.135355e+01,2.136041e+01,2.135355e+01,2.134668e+01,2.136041e+01,2.134668e+01,2.134668e+01,2.140847e+01,2.121611e+01,2.119548e+01,2.118860e+01,2.077505e+01,2.013763e+01,2.001940e+01,1.982437e+01,1.996371e+01,1.993586e+01,1.990800e+01,1.985922e+01,1.984528e+01,1.979647e+01,1.983134e+01,1.997068e+01,1.983831e+01,1.981042e+01,1.980345e+01,1.981740e+01,1.983831e+01,1.987316e+01,1.976160e+01,1.981740e+01,1.979647e+01,1.978950e+01,1.981042e+01,1.993586e+01,1.986619e+01,1.983134e+01,1.985225e+01,1.984528e+01,1.986619e+01,1.976858e+01,1.990103e+01,1.982437e+01,1.981740e+01,1.981740e+01,1.981740e+01,1.983831e+01,1.983134e+01,1.997068e+01,1.977555e+01,1.983831e+01,1.981740e+01,1.980345e+01,1.983831e+01,1.981740e+01,1.983831e+01,1.982437e+01,1.977555e+01,1.983831e+01,1.983134e+01,1.982437e+01,1.979647e+01,1.979647e+01,1.981740e+01,1.983134e+01,1.983831e+01,1.992193e+01,1.986619e+01,1.986619e+01,1.985922e+01,1.988013e+01,1.992193e+01,1.987316e+01,1.992193e+01,1.981042e+01,1.988013e+01,1.984528e+01,1.990800e+01,1.989407e+01,1.995675e+01,1.989407e+01,1.988013e+01,1.996371e+01,2.017237e+01,2.031818e+01,2.038060e+01,2.062299e+01,2.087859e+01,2.124361e+01,2.149080e+01,2.135355e+01,2.138101e+01,2.128485e+01,2.127798e+01,2.105094e+01,2.108537e+01,2.111291e+01,2.118860e+01,2.112667e+01,2.112667e+01,2.096825e+01,2.091308e+01,2.103027e+01,2.091998e+01,2.095446e+01,2.099582e+01,2.086479e+01,2.103027e+01,2.100960e+01,2.101649e+01,2.100271e+01,2.103027e+01,2.091998e+01,2.110602e+01,2.103027e+01,2.108537e+01,2.108537e+01,2.111291e+01,2.116108e+01,2.104405e+01,2.100271e+01,2.116108e+01,2.113355e+01,2.117484e+01,2.104405e+01,2.119548e+01,2.113355e+01,2.120235e+01,2.120923e+01,2.120923e+01,2.113355e+01,2.112667e+01,2.123674e+01,2.080957e+01,2.065065e+01,2.053995e+01,2.049840e+01,2.041526e+01,2.047762e+01,2.044991e+01,2.046377e+01,2.053995e+01,2.040833e+01,2.029736e+01,2.030430e+01,2.029736e+01,2.023489e+01,2.023489e+01,2.023489e+01,2.026960e+01,2.029736e+01,2.069213e+01,2.077505e+01,2.097514e+01,2.111291e+01,2.122298e+01,2.127798e+01,2.151823e+01,2.152508e+01,2.142906e+01,2.142906e+01,2.150451e+01,2.143592e+01,2.144278e+01,2.142906e+01,2.139474e+01,2.141533e+01,2.116108e+01,2.081648e+01,2.078195e+01,2.079576e+01,2.067139e+01,2.079576e+01,2.078195e+01,2.061607e+01,2.074742e+01,2.074742e+01,2.136728e+01,2.138101e+01,2.137415e+01,2.138788e+01,2.135355e+01,2.140847e+01,2.152508e+01,2.148394e+01,2.144964e+01,2.144278e+01,2.149080e+01,2.147022e+01,2.143592e+01,2.147708e+01,2.142220e+01,2.142906e+01,2.142906e+01,2.149080e+01,2.150451e+01,2.155250e+01,2.140847e+01,2.120923e+01,2.064374e+01,2.019321e+01,1.997068e+01,1.976858e+01,1.997068e+01,1.988013e+01,1.989407e+01,1.987316e+01,1.988013e+01,1.989407e+01,1.985922e+01,1.981740e+01,1.991496e+01,1.976858e+01,1.995675e+01,1.985225e+01,2.001244e+01,1.999156e+01,1.997068e+01,1.997764e+01,1.991496e+01,1.996371e+01,1.996371e+01,1.995675e+01,1.990103e+01,1.992890e+01,1.983134e+01,1.988013e+01,1.991496e+01,1.985922e+01,1.990103e+01,1.988013e+01,1.990800e+01,1.988710e+01,1.989407e+01,1.990800e+01,1.992193e+01,1.994979e+01,1.990800e+01,1.994283e+01,1.986619e+01,1.999852e+01,2.003332e+01,1.994283e+01,1.993586e+01,1.997764e+01,1.994979e+01,2.004027e+01,1.996371e+01,1.993586e+01,1.995675e+01,1.993586e+01,1.996371e+01,1.999156e+01,1.992193e+01,1.988013e+01,1.990103e+01,1.994283e+01,1.996371e+01,1.992890e+01,1.986619e+01,1.985225e+01,1.984528e+01,1.982437e+01,1.990103e+01,1.995675e+01,1.990103e+01,2.012372e+01,2.067139e+01,2.120235e+01,2.142220e+01,2.139474e+01,2.136728e+01,2.136728e+01,2.143592e+01,2.143592e+01,2.142220e+01,2.146336e+01,2.139474e+01,2.140847e+01,2.141533e+01,2.145650e+01,2.129859e+01,2.131920e+01,2.129172e+01,2.138788e+01,2.133294e+01,2.138101e+01,2.139474e+01,2.135355e+01,2.136041e+01,2.133294e+01,2.145650e+01,2.133294e+01,2.138101e+01,2.142906e+01,2.130546e+01,2.138101e+01,2.131233e+01,2.128485e+01,2.129859e+01,2.130546e+01,2.131920e+01,2.135355e+01,2.119548e+01,2.133294e+01,2.129859e+01,2.119548e+01,2.131920e+01,2.138101e+01,2.136041e+01,2.129859e+01,2.111979e+01,2.129172e+01,2.118172e+01,2.125048e+01,2.124361e+01,2.133294e+01,2.103716e+01,2.117484e+01,2.115420e+01,2.114732e+01,2.116108e+01,2.113355e+01,2.116108e+01,2.112667e+01,2.109225e+01,2.116108e+01,2.111979e+01,2.106471e+01,2.111291e+01,2.113355e+01,2.109914e+01,2.114732e+01,2.110602e+01,2.108537e+01,2.109914e+01,2.108537e+01,2.107160e+01,2.112667e+01,2.111979e+01,2.102338e+01,2.101649e+01,2.107848e+01,2.101649e+01,2.102338e+01,2.106471e+01,2.105094e+01,2.120923e+01,2.100271e+01,2.105094e+01,2.104405e+01,2.104405e+01,2.105782e+01,2.109225e+01,2.114044e+01,2.109914e+01,2.115420e+01,2.105094e+01,2.114044e+01,2.120235e+01,2.121611e+01,2.125736e+01,2.125736e+01,2.122298e+01,2.120235e+01,2.122298e+01,2.114732e+01,2.111979e+01,2.115420e+01,2.118172e+01,2.106471e+01,2.108537e+01,2.115420e+01,2.104405e+01,2.118172e+01,2.098893e+01,2.099582e+01,2.111979e+01,2.100271e+01,2.099582e+01,2.106471e+01,2.113355e+01,2.103027e+01,2.112667e+01,2.102338e+01,2.103027e+01,2.105094e+01,2.111291e+01,2.111979e+01,2.111291e+01,2.103027e+01,2.098893e+01,2.103027e+01,2.100271e+01,2.113355e+01,2.088549e+01,2.103716e+01,2.101649e+01,2.103027e+01,2.108537e+01,2.107160e+01,2.105782e+01,2.107848e+01,2.107848e+01,2.100271e+01,2.109914e+01,2.110602e+01,2.107160e+01,2.108537e+01,2.115420e+01,2.107160e+01,2.107848e+01,2.113355e+01,2.106471e+01,2.107160e+01,2.116796e+01,2.114732e+01,2.117484e+01,2.096825e+01,2.107160e+01,2.111979e+01,2.109225e+01,2.116796e+01,2.101649e+01,2.109914e+01,2.095446e+01,2.102338e+01,2.121611e+01,2.108537e+01,2.111291e+01,2.104405e+01,2.104405e+01,2.109225e+01,2.118860e+01,2.113355e+01,2.107848e+01,2.115420e+01,2.116108e+01,2.121611e+01,2.112667e+01,2.109225e+01,2.105782e+01,2.107848e+01,2.110602e+01,2.131233e+01,2.103716e+01,2.115420e+01,2.127798e+01,2.121611e+01,2.131920e+01,2.127798e+01,2.113355e+01,2.119548e+01,2.122298e+01,2.127110e+01,2.117484e+01,2.118172e+01,2.122298e+01,2.118860e+01,2.114044e+01,2.107848e+01,2.107848e+01,2.102338e+01,2.105094e+01
2.114044e+01,2.103027e+01,2.098893e+01,2.096135e+01,2.105782e+01,2.102338e+01,2.107160e+01,2.115420e+01,2.109225e+01,2.110602e+01,2.109225e+01,2.111979e+01,2.113355e+01,2.096135e+01,2.111291e+01,2.112667e+01,2.112667e+01,2.106471e+01,2.109225e+01,2.113355e+01,2.113355e+01,2.109914e+01,2.107160e+01,2.109914e+01,2.109225e+01,2.096825e+01,2.104405e+01,2.099582e+01,2.111979e+01,2.109225e+01,2.106471e+01,2.107160e+01,2.109225e+01,2.107848e+01,2.106471e+01,2.105094e+01,2.104405e+01,2.100271e+01,2.106471e+01,2.115420e+01,2.092688e+01,2.100960e+01,2.108537e+01,2.094067e+01,2.108537e+01,2.109225e+01,2.113355e+01,2.093377e+01,2.109225e+01,2.109225e+01,2.104405e+01,2.096825e+01,2.107160e+01,2.100271e+01,2.118172e+01,2.105782e+01,2.110602e+01,2.111291e+01,2.102338e+01,2.103716e+01,2.109225e+01,2.105094e+01,2.111979e+01,2.109225e+01,2.105094e+01,2.106471e+01,2.109914e+01,2.106471e+01,2.099582e+01,2.106471e+01,2.100271e+01,2.107160e+01,2.114044e+01,2.103716e+01,2.107848e+01,2.100960e+01,2.108537e+01,2.105782e+01,2.106471e+01,2.107160e+01,2.108537e+01,2.110602e+01,2.105094e+01,2.108537e+01,2.116108e+01,2.105094e+01,2.102338e+01,2.125736e+01,2.111979e+01,2.110602e+01,2.110602e+01,2.107848e+01,2.113355e+01,2.112667e+01,2.118172e+01,2.112667e+01,2.116108e+01,2.116108e+01,2.114732e+01,2.116108e+01,2.118172e+01,2.114044e+01,2.120235e+01,2.126423e+01,2.118860e+01,2.119548e+01,2.125736e+01,2.119548e+01,2.125048e+01,2.120235e+01,2.114044e+01,2.120923e+01,2.116796e+01,2.120235e+01,2.118172e+01,2.120923e+01,2.121611e+01,2.120923e+01,2.118172e+01,2.116796e+01,2.125736e+01,2.120923e+01,2.124361e+01,2.120923e+01,2.117484e+01,2.118860e+01,2.124361e+01,2.130546e+01,2.128485e+01,2.130546e+01,2.112667e+01,2.121611e+01,2.119548e+01,2.114044e+01,2.114044e+01,2.118172e+01,2.113355e+01,2.118860e+01,2.110602e+01,2.118172e+01,2.114732e+01,2.116796e+01,2.119548e+01,2.118860e+01,2.116796e+01,2.120235e+01,2.111979e+01,2.120235e+01,2.120235e+01,2.109914e+01,2.115420e+01,2.114732e+01,2.120923e+01,2.114732e+01,2.118172e+01,2.120235e+01,2.113355e+01,2.119548e+01,2.124361e+01,2.124361e+01,2.125736e+01,2.128485e+01,2.130546e+01,2.126423e+01,2.126423e+01,2.129172e+01,2.131920e+01,2.138788e+01,2.129859e+01,2.142220e+01,2.128485e+01,2.131920e+01,2.135355e+01,2.134668e+01,2.133294e+01,2.132607e+01,2.140847e+01,2.132607e+01,2.145650e+01,2.136728e+01,2.136041e+01,2.147708e+01,2.140847e+01,2.132607e+01,2.140847e+01,2.122298e+01,2.119548e+01,2.078886e+01,2.023489e+01,2.013068e+01,1.983831e+01,1.980345e+01,1.988710e+01,1.987316e+01,1.983134e+01,1.974764e+01,1.974067e+01,1.976160e+01,1.979647e+01,1.978253e+01,1.981042e+01,1.985225e+01,1.983134e+01,1.982437e+01,1.966388e+01,1.981740e+01,1.977555e+01,1.981740e+01,1.981042e+01,1.985225e+01,1.983134e+01,1.988710e+01,1.985922e+01,1.982437e+01,1.988013e+01,1.991496e+01,1.993586e+01,1.980345e+01,1.982437e+01,1.989407e+01,1.990103e+01,1.982437e+01,1.982437e+01,1.991496e+01,1.981042e+01,1.982437e+01,1.981740e+01,1.987316e+01,1.981740e+01,1.979647e+01,1.983831e+01,1.984528e+01,1.981740e+01,1.981740e+01,1.988710e+01,1.978253e+01,1.980345e+01,1.981740e+01,1.980345e+01,1.989407e+01,1.982437e+01,1.986619e+01,1.985225e+01,1.993586e+01,1.987316e+01,1.987316e+01,1.988013e+01,1.988710e+01,1.985922e+01,1.985225e+01,1.989407e+01,1.988710e+01,1.991496e+01,1.989407e+01,1.987316e+01,1.985922e+01,1.995675e+01,2.001244e+01,1.991496e+01,1.994979e+01,2.001940e+01,2.000548e+01,2.011677e+01,2.020016e+01,2.050533e+01,2.103027e+01,2.144278e+01,2.127798e+01,2.105094e+01,2.071287e+01,2.058840e+01,2.049840e+01,2.053995e+01,2.109914e+01,2.089239e+01,2.075432e+01,2.085789e+01,2.082338e+01,2.091308e+01,2.074051e+01,2.080267e+01,2.091308e+01,2.091308e+01,2.100271e+01,2.097514e+01,2.095446e+01,2.105094e+01,2.091998e+01,2.109225e+01,2.106471e+01,2.092688e+01,2.113355e+01,2.107160e+01,2.100960e+01,2.103716e+01,2.103027e+01,2.105782e+01,2.099582e+01,2.099582e+01,2.103716e+01,2.109914e+01,2.111979e+01,2.114044e+01,2.117484e+01,2.107848e+01,2.118172e+01,2.116796e+01,2.108537e+01,2.116108e+01,2.103716e+01,2.109914e+01,2.077505e+01,2.046377e+01,2.046377e+01,2.050533e+01,2.046377e+01,2.039447e+01,2.049148e+01,2.054687e+01,2.039447e+01,2.035286e+01,2.029736e+01,2.024877e+01,2.040833e+01,2.029042e+01,2.028348e+01,2.030430e+01,2.044991e+01,2.074051e+01,2.104405e+01,2.127798e+01,2.133294e+01,2.136041e+01,2.132607e+01,2.136041e+01,2.138788e+01,2.144278e+01,2.140847e+01,2.142906e+01,2.140161e+01,2.144278e+01,2.137415e+01,2.129859e+01,2.090619e+01,2.067139e+01,2.064374e+01,2.078886e+01,2.059531e+01,2.061607e+01,2.070596e+01,2.063682e+01,2.076123e+01,2.089239e+01,2.132607e+01,2.133294e+01,2.142906e+01,2.141533e+01,2.149766e+01,2.136728e+01,2.138788e+01,2.138101e+01,2.144278e+01,2.144278e+01,2.145650e+01,2.144964e+01,2.142220e+01,2.145650e+01,2.140847e+01,2.144964e+01,2.147708e+01,2.151823e+01,2.151137e+01,2.137415e+01,2.144278e+01,2.138101e+01,2.078886e+01,2.010287e+01,1.992890e+01,1.988710e+01,1.995675e+01,1.990103e+01,1.995675e+01,1.987316e+01,1.985922e+01,1.993586e+01,1.992193e+01,1.990103e+01,1.984528e+01,1.990103e+01,1.988710e+01,2.002636e+01,2.015153e+01,2.030430e+01,2.029042e+01,2.009591e+01,1.999156e+01,1.994283e+01,1.991496e+01,1.997068e+01,1.992193e+01,1.998460e+01,1.990103e+01,1.985922e+01,1.990800e+01,1.985225e+01,1.988710e+01,1.988710e+01,1.990800e+01,1.992193e+01,1.992193e+01,1.992890e+01,1.990103e+01,1.988013e+01,1.993586e+01,1.985225e+01,1.988710e+01,1.988013e+01,1.997764e+01,2.010287e+01,1.994979e+01,1.997068e+01,1.995675e+01,2.000548e+01,1.994283e+01,1.999156e+01,1.994283e+01,1.984528e+01,1.981042e+01,1.988710e+01,1.997068e+01,1.990800e+01,1.981042e+01,1.987316e+01,1.994979e+01,1.991496e+01,1.996371e+01,1.987316e+01,1.976858e+01,1.984528e+01,2.004027e+01,1.988710e+01,1.989407e+01,1.996371e+01,2.040833e+01,2.073360e+01,2.131233e+01,2.129859e+01,2.143592e+01,2.144964e+01,2.142220e+01,2.143592e+01,2.136041e+01,2.143592e+01,2.142906e+01,2.145650e+01,2.143592e+01,2.132607e+01,2.145650e+01,2.134668e+01,2.133981e+01,2.138101e+01,2.139474e+01,2.137415e+01,2.140161e+01,2.130546e+01,2.140161e+01,2.132607e+01,2.143592e+01,2.142906e+01,2.136728e+01,2.142220e+01,2.130546e+01,2.133294e+01,2.134668e+01,2.134668e+01,2.147708e+01,2.129172e+01,2.127798e+01,2.129172e+01,2.136728e+01,2.136041e+01,2.130546e+01,2.130546e+01,2.129859e+01,2.130546e+01,2.128485e+01,2.135355e+01,2.118860e+01,2.132607e+01,2.116796e+01,2.127798e+01,2.116796e+01,2.125736e+01,2.112667e+01,2.116108e+01,2.115420e+01,2.113355e+01,2.119548e+01,2.114732e+01,2.111291e+01,2.113355e+01,2.114044e+01,2.120923e+01,2.115420e+01,2.112667e+01,2.110602e+01,2.109914e+01,2.104405e+01,2.108537e+01,2.116108e+01,2.111291e+01,2.106471e+01,2.109225e+01,2.104405e+01,2.105782e+01,2.100960e+01,2.106471e+01,2.100960e+01,2.103716e+01,2.102338e+01,2.105782e+01,2.106471e+01,2.107160e+01,2.101649e+01,2.108537e+01,2.100960e+01,2.122298e+01,2.107848e+01,2.104405e+01,2.102338e+01,2.103027e+01,2.108537e+01,2.118860e+01,2.109914e+01,2.109225e+01,2.113355e+01,2.133981e+01,2.116108e+01,2.123674e+01,2.112667e+01,2.109914e+01,2.119548e+01,2.115420e+01,2.116108e+01,2.119548e+01,2.112667e+01,2.112667e+01,2.103716e+01,2.112667e+01,2.109914e+01,2.105782e+01,2.111291e+01,2.115420e+01,2.111291e+01,2.098893e+01,2.097514e+01,2.105782e+01,2.104405e+01,2.105094e+01,2.102338e+01,2.104405e+01,2.100960e+01,2.107848e+01,2.100960e+01,2.104405e+01,2.105094e+01,2.105782e+01,2.107160e+01,2.091998e+01,2.100960e+01,2.098893e+01,2.108537e+01,2.108537e+01,2.105094e+01,2.107848e+01,2.102338e+01,2.105094e+01,2.106471e+01,2.107848e+01,2.107160e+01,2.109225e+01,2.111979e+01,2.106471e+01,2.115420e+01,2.119548e+01,2.118860e+01,2.111979e+01,2.111979e+01,2.110602e+01,2.110602e+01,2.116796e+01,2.108537e+01,2.106471e+01,2.111291e+01,2.109914e+01,2.111291e+01,2.112667e+01,2.111291e+01,2.111979e+01,2.110602e+01,2.111291e+01,2.118860e+01,2.113355e+01,2.111979e+01,2.111291e+01,2.115420e+01,2.104405e+01,2.105094e+01,2.121611e+01,2.114044e+01,2.114044e+01,2.128485e+01,2.112667e+01,2.116796e+01,2.113355e+01,2.107848e+01,2.108537e+01,2.107848e+01,2.109914e+01,2.103027e+01,2.129172e+01,2.115420e+01,2.107848e+01,2.116108e+01,2.126423e+01,2.125048e+01,2.131233e+01,2.122298e+01,2.122986e+01,2.108537e+01,2.122986e+01,2.121611e+01,2.118172e+01,2.125048e+01,2.116796e+01,2.118860e+01,2.120923e+01,2.114044e+01,2.108537e+01,2.106471e+01
2.095446e+01,2.117484e+01,2.127798e+01,2.110602e+01,2.103027e+01,2.109914e+01,2.119548e+01,2.118172e+01,2.111291e+01,2.118172e+01,2.108537e+01,2.114044e+01,2.111291e+01,2.103027e+01,2.103716e+01,2.107160e+01,2.118860e+01,2.113355e+01,2.105782e+01,2.114044e+01,2.108537e+01,2.108537e+01,2.107160e+01,2.110602e+01,2.106471e+01,2.107160e+01,2.104405e+01,2.098893e+01,2.100960e+01,2.107160e+01,2.100271e+01,2.100271e+01,2.105094e+01,2.106471e+01,2.105094e+01,2.107160e+01,2.100960e+01,2.107848e+01,2.107160e+01,2.102338e+01,2.100960e+01,2.110602e+01,2.107160e+01,2.105782e+01,2.115420e+01,2.111291e+01,2.107848e+01,2.111291e+01,2.107160e+01,2.107848e+01,2.105782e+01,2.106471e+01,2.098203e+01,2.103027e+01,2.099582e+01,2.105094e+01,2.107848e+01,2.107160e+01,2.114732e+01,2.111979e+01,2.114732e+01,2.103716e+01,2.107848e+01,2.096135e+01,2.108537e+01,2.108537e+01,2.107848e+01,2.105782e+01,2.096135e+01,2.105782e+01,2.106471e+01,2.107160e+01,2.106471e+01,2.100960e+01,2.107848e+01,2.121611e+01,2.113355e+01,2.103716e+01,2.105094e+01,2.101649e+01,2.112667e+01,2.113355e+01,2.111979e+01,2.103716e+01,2.108537e+01,2.108537e+01,2.103027e+01,2.114732e+01,2.122986e+01,2.111291e+01,2.107160e+01,2.111291e+01,2.113355e+01,2.112667e+01,2.129859e+01,2.116108e+01,2.114044e+01,2.116796e+01,2.111979e+01,2.116108e+01,2.112667e+01,2.120923e+01,2.109225e+01,2.105094e+01,2.116108e+01,2.127798e+01,2.122986e+01,2.125048e+01,2.126423e+01,2.118860e+01,2.121611e+01,2.121611e+01,2.118860e+01,2.124361e+01,2.118860e+01,2.124361e+01,2.120235e+01,2.120923e+01,2.129859e+01,2.114732e+01,2.120923e+01,2.122298e+01,2.117484e+01,2.123674e+01,2.122986e+01,2.123674e+01,2.114732e+01,2.120235e+01,2.127798e+01,2.111979e+01,2.118172e+01,2.110602e+01,2.116108e+01,2.116796e+01,2.117484e+01,2.116796e+01,2.117484e+01,2.113355e+01,2.125736e+01,2.126423e+01,2.117484e+01,2.131920e+01,2.116796e+01,2.121611e+01,2.119548e+01,2.118172e+01,2.118172e+01,2.113355e+01,2.121611e+01,2.122298e+01,2.127110e+01,2.126423e+01,2.122298e+01,2.122986e+01,2.127798e+01,2.118860e+01,2.129172e+01,2.123674e+01,2.124361e+01,2.126423e+01,2.127798e+01,2.128485e+01,2.127798e+01,2.127110e+01,2.129859e+01,2.131233e+01,2.130546e+01,2.133981e+01,2.133981e+01,2.134668e+01,2.138101e+01,2.129859e+01,2.135355e+01,2.136728e+01,2.136041e+01,2.138101e+01,2.140161e+01,2.144278e+01,2.147708e+01,2.131920e+01,2.137415e+01,2.135355e+01,2.133981e+01,2.136041e+01,2.138788e+01,2.120923e+01,2.120923e+01,2.078886e+01,2.024877e+01,1.999156e+01,1.993586e+01,1.993586e+01,1.988710e+01,1.988710e+01,1.992890e+01,1.979647e+01,1.992890e+01,1.987316e+01,1.984528e+01,1.991496e+01,1.988013e+01,1.980345e+01,1.983831e+01,1.983134e+01,1.974764e+01,1.978253e+01,1.974764e+01,1.981042e+01,1.988013e+01,1.984528e+01,1.982437e+01,1.984528e+01,1.986619e+01,1.983134e+01,1.987316e+01,1.990103e+01,1.976858e+01,1.979647e+01,1.996371e+01,1.996371e+01,1.993586e+01,1.983134e+01,1.990103e+01,1.987316e+01,1.979647e+01,1.990800e+01,1.990103e+01,1.980345e+01,1.990103e+01,1.986619e+01,1.985922e+01,1.980345e+01,1.983831e+01,1.982437e+01,1.983831e+01,1.980345e+01,1.987316e+01,1.983831e+01,1.980345e+01,1.983134e+01,1.983134e+01,1.983831e+01,1.988710e+01,1.988710e+01,1.987316e+01,1.989407e+01,1.985922e+01,1.993586e+01,1.983134e+01,1.983831e+01,1.990103e+01,1.984528e+01,1.988013e+01,1.989407e+01,1.985922e+01,1.988710e+01,1.983831e+01,1.995675e+01,1.999852e+01,1.994283e+01,1.995675e+01,1.985922e+01,1.997764e+01,1.999156e+01,2.017932e+01,2.083719e+01,2.130546e+01,2.123674e+01,2.108537e+01,2.047762e+01,2.044991e+01,2.047070e+01,2.049148e+01,2.053995e+01,2.053995e+01,2.049148e+01,2.056763e+01,2.047762e+01,2.060223e+01,2.071287e+01,2.078886e+01,2.088549e+01,2.100271e+01,2.100271e+01,2.089239e+01,2.095446e+01,2.090619e+01,2.103716e+01,2.094067e+01,2.092688e+01,2.105782e+01,2.101649e+01,2.100960e+01,2.100271e+01,2.099582e+01,2.100960e+01,2.100960e+01,2.100960e+01,2.100271e+01,2.106471e+01,2.097514e+01,2.105782e+01,2.106471e+01,2.103716e+01,2.120923e+01,2.105094e+01,2.117484e+01,2.105782e+01,2.103027e+01,2.113355e+01,2.106471e+01,2.083028e+01,2.069213e+01,2.051225e+01,2.058840e+01,2.042912e+01,2.045684e+01,2.042219e+01,2.058840e+01,2.038060e+01,2.032512e+01,2.027654e+01,2.036673e+01,2.033205e+01,2.035980e+01,2.031124e+01,2.035286e+01,2.047762e+01,2.071978e+01,2.096825e+01,2.107848e+01,2.132607e+01,2.124361e+01,2.125736e+01,2.136041e+01,2.133294e+01,2.136728e+01,2.142220e+01,2.139474e+01,2.139474e+01,2.138788e+01,2.135355e+01,2.101649e+01,2.080267e+01,2.072669e+01,2.071287e+01,2.069905e+01,2.068522e+01,2.071978e+01,2.065065e+01,2.068522e+01,2.080267e+01,2.107848e+01,2.127798e+01,2.133294e+01,2.136041e+01,2.139474e+01,2.134668e+01,2.138101e+01,2.134668e+01,2.141533e+01,2.134668e+01,2.136728e+01,2.144964e+01,2.140161e+01,2.141533e+01,2.142906e+01,2.142906e+01,2.142220e+01,2.135355e+01,2.151137e+01,2.136041e+01,2.131920e+01,2.136041e+01,2.135355e+01,2.109914e+01,2.027654e+01,1.990103e+01,1.993586e+01,1.991496e+01,1.984528e+01,1.985922e+01,1.985922e+01,1.985225e+01,1.988013e+01,1.985225e+01,1.992193e+01,1.992890e+01,1.988710e+01,1.993586e+01,2.000548e+01,2.042219e+01,2.083028e+01,2.044991e+01,2.015153e+01,1.994283e+01,1.990800e+01,1.997764e+01,1.988710e+01,1.991496e+01,1.990103e+01,1.984528e+01,1.992193e+01,1.985225e+01,1.988710e+01,1.992193e+01,1.992890e+01,1.990103e+01,1.990800e+01,1.994283e+01,1.992890e+01,1.994283e+01,1.990103e+01,1.988013e+01,1.983134e+01,1.990800e+01,1.990103e+01,1.997068e+01,2.005419e+01,1.997068e+01,2.009591e+01,1.992890e+01,2.002636e+01,1.994979e+01,1.988013e+01,1.988013e+01,1.996371e+01,1.995675e+01,1.991496e+01,1.990800e+01,1.978253e+01,2.001244e+01,1.990103e+01,1.992193e+01,1.991496e+01,1.991496e+01,1.985225e+01,1.988710e+01,1.990103e+01,1.985225e+01,1.983831e+01,1.981042e+01,1.990103e+01,1.994283e+01,2.044298e+01,2.104405e+01,2.130546e+01,2.142906e+01,2.144964e+01,2.142220e+01,2.140847e+01,2.142220e+01,2.142906e+01,2.138788e+01,2.140847e+01,2.140847e+01,2.147022e+01,2.128485e+01,2.130546e+01,2.140847e+01,2.143592e+01,2.133981e+01,2.137415e+01,2.136728e+01,2.130546e+01,2.132607e+01,2.134668e+01,2.137415e+01,2.134668e+01,2.136041e+01,2.135355e+01,2.134668e+01,2.133294e+01,2.133981e+01,2.134668e+01,2.134668e+01,2.130546e+01,2.131233e+01,2.133294e+01,2.131920e+01,2.133981e+01,2.128485e+01,2.138101e+01,2.129859e+01,2.130546e+01,2.130546e+01,2.131920e+01,2.120235e+01,2.133294e+01,2.122298e+01,2.126423e+01,2.118860e+01,2.123674e+01,2.126423e+01,2.128485e+01,2.118860e+01,2.116796e+01,2.114732e+01,2.125736e+01,2.116796e+01,2.111979e+01,2.112667e+01,2.111291e+01,2.111979e+01,2.113355e+01,2.114044e+01,2.112667e+01,2.106471e+01,2.111291e+01,2.104405e+01,2.113355e+01,2.111291e+01,2.110602e+01,2.106471e+01,2.110602e+01,2.106471e+01,2.104405e+01,2.099582e+01,2.105094e+01,2.112667e+01,2.112667e+01,2.104405e+01,2.105094e+01,2.100271e+01,2.102338e+01,2.103716e+01,2.114044e+01,2.114044e+01,2.100271e+01,2.109914e+01,2.101649e+01,2.131233e+01,2.108537e+01,2.111291e+01,2.114044e+01,2.123674e+01,2.118172e+01,2.132607e+01,2.122986e+01,2.111291e+01,2.114044e+01,2.113355e+01,2.114044e+01,2.111291e+01,2.111979e+01,2.115420e+01,2.113355e+01,2.107160e+01,2.112667e+01,2.101649e+01,2.098893e+01,2.107160e+01,2.106471e+01,2.103027e+01,2.105782e+01,2.093377e+01,2.105094e+01,2.103027e+01,2.116796e+01,2.103716e+01,2.108537e+01,2.107160e+01,2.110602e+01,2.106471e+01,2.105782e+01,2.104405e+01,2.105094e+01,2.105782e+01,2.100960e+01,2.111979e+01,2.103027e+01,2.100960e+01,2.098203e+01,2.098893e+01,2.105782e+01,2.094067e+01,2.107160e+01,2.107160e+01,2.109225e+01,2.105782e+01,2.109225e+01,2.101649e+01,2.112667e+01,2.114732e+01,2.106471e+01,2.114732e+01,2.114732e+01,2.120923e+01,2.109914e+01,2.115420e+01,2.113355e+01,2.113355e+01,2.118172e+01,2.112667e+01,2.111979e+01,2.118172e+01,2.107848e+01,2.110602e+01,2.114044e+01,2.114044e+01,2.112667e+01,2.105782e+01,2.113355e+01,2.121611e+01,2.111979e+01,2.116796e+01,2.111291e+01,2.112667e+01,2.109914e+01,2.122298e+01,2.107160e+01,2.113355e+01,2.113355e+01,2.109225e+01,2.112667e+01,2.107848e+01,2.118172e+01,2.118172e+01,2.111291e+01,2.109225e+01,2.127798e+01,2.127798e+01,2.127798e+01,2.128485e+01,2.111291e+01,2.116108e+01,2.127110e+01,2.121611e+01,2.122986e+01,2.121611e+01,2.117484e+01,2.117484e+01,2.113355e+01,2.114732e+01,2.125736e+01,2.113355e+01,2.116796e+01,2.124361e+01,2.107160e+01,2.103027e+01
2.114044e+01,2.118860e+01,2.105782e+01,2.108537e+01,2.109914e+01,2.106471e+01,2.103716e+01,2.105782e+01,2.100960e+01,2.116108e+01,2.115420e+01,2.107848e+01,2.114732e+01,2.109914e+01,2.114732e+01,2.114732e+01,2.104405e+01,2.112667e+01,2.114044e+01,2.110602e+01,2.115420e+01,2.113355e+01,2.112667e+01,2.108537e+01,2.107160e+01,2.102338e+01,2.104405e+01,2.106471e+01,2.109225e+01,2.104405e+01,2.111291e+01,2.113355e+01,2.106471e+01,2.118172e+01,2.115420e+01,2.109914e+01,2.107160e+01,2.109225e+01,2.108537e+01,2.109914e+01,2.108537e+01,2.108537e+01,2.105782e+01,2.104405e+01,2.107848e+01,2.112667e+01,2.113355e+01,2.107848e+01,2.111291e+01,2.110602e+01,2.104405e+01,2.111291e+01,2.111291e+01,2.102338e+01,2.111291e+01,2.108537e+01,2.107848e+01,2.110602e+01,2.111291e+01,2.105782e+01,2.104405e+01,2.109225e+01,2.107848e+01,2.106471e+01,2.104405e+01,2.116796e+01,2.107848e+01,2.107160e+01,2.109914e+01,2.110602e+01,2.105782e+01,2.109914e+01,2.109914e+01,2.109914e+01,2.105094e+01,2.102338e+01,2.110602e+01,2.103027e+01,2.105094e+01,2.118860e+01,2.114044e+01,2.119548e+01,2.107848e+01,2.116108e+01,2.103716e+01,2.114732e+01,2.109225e+01,2.125736e+01,2.121611e+01,2.110602e+01,2.109914e+01,2.105782e+01,2.113355e+01,2.118860e+01,2.113355e+01,2.125736e+01,2.116796e+01,2.117484e+01,2.129172e+01,2.120923e+01,2.121611e+01,2.120923e+01,2.114732e+01,2.122986e+01,2.127110e+01,2.114044e+01,2.126423e+01,2.125736e+01,2.121611e+01,2.116108e+01,2.124361e+01,2.118860e+01,2.120235e+01,2.124361e+01,2.123674e+01,2.116108e+01,2.125048e+01,2.123674e+01,2.116108e+01,2.120923e+01,2.119548e+01,2.113355e+01,2.125736e+01,2.123674e+01,2.127110e+01,2.128485e+01,2.114732e+01,2.114732e+01,2.117484e+01,2.112667e+01,2.115420e+01,2.124361e+01,2.116796e+01,2.120235e+01,2.111979e+01,2.117484e+01,2.112667e+01,2.112667e+01,2.127798e+01,2.128485e+01,2.121611e+01,2.130546e+01,2.120923e+01,2.124361e+01,2.115420e+01,2.114044e+01,2.116108e+01,2.120235e+01,2.113355e+01,2.114732e+01,2.125048e+01,2.127110e+01,2.125048e+01,2.114732e+01,2.126423e+01,2.125736e+01,2.123674e+01,2.122298e+01,2.128485e+01,2.127798e+01,2.124361e+01,2.123674e+01,2.130546e+01,2.128485e+01,2.126423e+01,2.144278e+01,2.137415e+01,2.133981e+01,2.138788e+01,2.129859e+01,2.139474e+01,2.135355e+01,2.135355e+01,2.137415e+01,2.137415e+01,2.142906e+01,2.139474e+01,2.133294e+01,2.145650e+01,2.142220e+01,2.134668e+01,2.137415e+01,2.136041e+01,2.135355e+01,2.140161e+01,2.137415e+01,2.128485e+01,2.111979e+01,2.078195e+01,2.026266e+01,2.009591e+01,2.001940e+01,1.987316e+01,1.990103e+01,1.991496e+01,1.992193e+01,1.974067e+01,1.987316e+01,1.987316e+01,1.986619e+01,1.982437e+01,1.983831e+01,1.976160e+01,1.981740e+01,1.978950e+01,1.974764e+01,1.982437e+01,1.975462e+01,1.988013e+01,1.970577e+01,1.979647e+01,1.990800e+01,1.988013e+01,1.987316e+01,1.985225e+01,1.987316e+01,1.989407e+01,1.994283e+01,1.999156e+01,1.999156e+01,1.983831e+01,1.983831e+01,1.981042e+01,1.986619e+01,1.990800e+01,1.988710e+01,1.996371e+01,1.992890e+01,1.978253e+01,1.985225e+01,1.989407e+01,1.984528e+01,1.988013e+01,1.981740e+01,1.982437e+01,1.985225e+01,1.986619e+01,1.985225e+01,1.979647e+01,1.985225e+01,1.987316e+01,1.987316e+01,1.986619e+01,1.997068e+01,1.990103e+01,1.986619e+01,1.987316e+01,2.001244e+01,1.992890e+01,1.982437e+01,1.985225e+01,1.991496e+01,1.983134e+01,1.983831e+01,1.978950e+01,1.990800e+01,1.995675e+01,1.995675e+01,1.999156e+01,1.994283e+01,1.997764e+01,1.991496e+01,2.000548e+01,1.992890e+01,2.017932e+01,2.040140e+01,2.083719e+01,2.108537e+01,2.084409e+01,2.044991e+01,2.042912e+01,2.046377e+01,2.041526e+01,2.040833e+01,2.037366e+01,2.038060e+01,2.033205e+01,2.050533e+01,2.047762e+01,2.046377e+01,2.044991e+01,2.066448e+01,2.054687e+01,2.067139e+01,2.087859e+01,2.096135e+01,2.087169e+01,2.089239e+01,2.098203e+01,2.102338e+01,2.099582e+01,2.094067e+01,2.103716e+01,2.111291e+01,2.112667e+01,2.109914e+01,2.097514e+01,2.115420e+01,2.107848e+01,2.107160e+01,2.109225e+01,2.107160e+01,2.106471e+01,2.120923e+01,2.101649e+01,2.109225e+01,2.109914e+01,2.111979e+01,2.114732e+01,2.111979e+01,2.112667e+01,2.091308e+01,2.080957e+01,2.058840e+01,2.060915e+01,2.058840e+01,2.051918e+01,2.056763e+01,2.041526e+01,2.062990e+01,2.033899e+01,2.030430e+01,2.033205e+01,2.030430e+01,2.025571e+01,2.034592e+01,2.033205e+01,2.048455e+01,2.069905e+01,2.096135e+01,2.108537e+01,2.113355e+01,2.122986e+01,2.127110e+01,2.130546e+01,2.140847e+01,2.142220e+01,2.141533e+01,2.139474e+01,2.138788e+01,2.134668e+01,2.126423e+01,2.083028e+01,2.077505e+01,2.078886e+01,2.076814e+01,2.071978e+01,2.062299e+01,2.078886e+01,2.074051e+01,2.082338e+01,2.117484e+01,2.141533e+01,2.133294e+01,2.133294e+01,2.126423e+01,2.138101e+01,2.136041e+01,2.141533e+01,2.139474e+01,2.138788e+01,2.142220e+01,2.146336e+01,2.130546e+01,2.141533e+01,2.143592e+01,2.143592e+01,2.140161e+01,2.143592e+01,2.146336e+01,2.132607e+01,2.132607e+01,2.148394e+01,2.133981e+01,2.157306e+01,2.122298e+01,2.033205e+01,2.004723e+01,1.994979e+01,1.986619e+01,1.986619e+01,1.989407e+01,1.994283e+01,1.991496e+01,1.990800e+01,1.989407e+01,1.987316e+01,1.989407e+01,1.995675e+01,1.992193e+01,2.017237e+01,2.062299e+01,2.099582e+01,2.083028e+01,2.042912e+01,1.994979e+01,1.993586e+01,1.994979e+01,1.990103e+01,1.997764e+01,1.991496e+01,1.988710e+01,1.988710e+01,1.987316e+01,1.986619e+01,1.992193e+01,1.990800e+01,1.994283e+01,1.991496e+01,1.992193e+01,2.001244e+01,1.998460e+01,1.990800e+01,1.987316e+01,1.988710e+01,1.988710e+01,1.988710e+01,1.992193e+01,1.999156e+01,1.995675e+01,2.006114e+01,2.006114e+01,1.995675e+01,1.989407e+01,1.979647e+01,1.996371e+01,2.000548e+01,2.000548e+01,1.987316e+01,1.980345e+01,1.994283e+01,2.000548e+01,1.994979e+01,1.992890e+01,1.990800e+01,1.989407e+01,1.989407e+01,1.990800e+01,1.981740e+01,1.988013e+01,1.985922e+01,1.997068e+01,1.992193e+01,1.992890e+01,2.035980e+01,2.078195e+01,2.126423e+01,2.144964e+01,2.141533e+01,2.140847e+01,2.135355e+01,2.141533e+01,2.141533e+01,2.142906e+01,2.131920e+01,2.130546e+01,2.144964e+01,2.131920e+01,2.133294e+01,2.133981e+01,2.133981e+01,2.131233e+01,2.130546e+01,2.131920e+01,2.129859e+01,2.144964e+01,2.133981e+01,2.137415e+01,2.138101e+01,2.136041e+01,2.133981e+01,2.137415e+01,2.136041e+01,2.133294e+01,2.135355e+01,2.132607e+01,2.133294e+01,2.137415e+01,2.138101e+01,2.130546e+01,2.129172e+01,2.131233e+01,2.133294e+01,2.131233e+01,2.125048e+01,2.128485e+01,2.125736e+01,2.124361e+01,2.130546e+01,2.124361e+01,2.125048e+01,2.120923e+01,2.122298e+01,2.112667e+01,2.120923e+01,2.122298e+01,2.115420e+01,2.115420e+01,2.110602e+01,2.113355e+01,2.107848e+01,2.115420e+01,2.112667e+01,2.109225e+01,2.113355e+01,2.116108e+01,2.107848e+01,2.114044e+01,2.118860e+01,2.110602e+01,2.110602e+01,2.107160e+01,2.112667e+01,2.105782e+01,2.107848e+01,2.104405e+01,2.105094e+01,2.103716e+01,2.107160e+01,2.105094e+01,2.103027e+01,2.103716e+01,2.100271e+01,2.106471e+01,2.101649e+01,2.127798e+01,2.113355e+01,2.105782e+01,2.104405e+01,2.106471e+01,2.116796e+01,2.105782e+01,2.107160e+01,2.116796e+01,2.133981e+01,2.132607e+01,2.123674e+01,2.120923e+01,2.127110e+01,2.124361e+01,2.114044e+01,2.109225e+01,2.118860e+01,2.116796e+01,2.109225e+01,2.111979e+01,2.116796e+01,2.111979e+01,2.100271e+01,2.098893e+01,2.102338e+01,2.104405e+01,2.109225e+01,2.109914e+01,2.107848e+01,2.107160e+01,2.104405e+01,2.109225e+01,2.106471e+01,2.103716e+01,2.103716e+01,2.105782e+01,2.112667e+01,2.113355e+01,2.107160e+01,2.115420e+01,2.109225e+01,2.106471e+01,2.113355e+01,2.105094e+01,2.109225e+01,2.108537e+01,2.098203e+01,2.101649e+01,2.096825e+01,2.111979e+01,2.105094e+01,2.099582e+01,2.122298e+01,2.107160e+01,2.109914e+01,2.107848e+01,2.107160e+01,2.111979e+01,2.119548e+01,2.107160e+01,2.114732e+01,2.113355e+01,2.115420e+01,2.114044e+01,2.126423e+01,2.108537e+01,2.118172e+01,2.114044e+01,2.112667e+01,2.112667e+01,2.118860e+01,2.113355e+01,2.112667e+01,2.114044e+01,2.115420e+01,2.116108e+01,2.117484e+01,2.114732e+01,2.107848e+01,2.117484e+01,2.118172e+01,2.116108e+01,2.111979e+01,2.111291e+01,2.112667e+01,2.112667e+01,2.105782e+01,2.115420e+01,2.109225e+01,2.109914e+01,2.120235e+01,2.106471e+01,2.123674e+01,2.100960e+01,2.126423e+01,2.125048e+01,2.114732e+01,2.129859e+01,2.110602e+01,2.128485e+01,2.126423e+01,2.119548e+01,2.123674e+01,2.122298e+01,2.114044e+01,2.130546e+01,2.125736e+01,2.114732e+01,2.128485e+01,2.117484e+01,2.124361e+01,2.109225e+01,2.105094e+01,2.104405e+01
2.113355e+01,2.120235e+01,2.105782e+01,2.103716e+01,2.118860e+01,2.105094e+01,2.109914e+01,2.105782e+01,2.113355e+01,2.108537e+01,2.111291e+01,2.112667e+01,2.112667e+01,2.109225e+01,2.105094e+01,2.103716e+01,2.104405e+01,2.105782e+01,2.104405e+01,2.110602e+01,2.126423e+01,2.102338e+01,2.109914e+01,2.107160e+01,2.120923e+01,2.099582e+01,2.102338e+01,2.106471e+01,2.101649e+01,2.098893e+01,2.107848e+01,2.106471e+01,2.115420e+01,2.105782e+01,2.107160e+01,2.103716e+01,2.107160e+01,2.106471e+01,2.109914e+01,2.105094e+01,2.106471e+01,2.110602e+01,2.105782e+01,2.124361e+01,2.108537e+01,2.106471e+01,2.114732e+01,2.114732e+01,2.111979e+01,2.103027e+01,2.103027e+01,2.116108e+01,2.100960e+01,2.112667e+01,2.101649e+01,2.101649e+01,2.104405e+01,2.103027e+01,2.107848e+01,2.115420e+01,2.107160e+01,2.105782e+01,2.111291e+01,2.118172e+01,2.111979e+01,2.107848e+01,2.107848e+01,2.107160e+01,2.109225e+01,2.107160e+01,2.117484e+01,2.111979e+01,2.110602e+01,2.105782e+01,2.109914e+01,2.109914e+01,2.110602e+01,2.105094e+01,2.105782e+01,2.116796e+01,2.114732e+01,2.114044e+01,2.109914e+01,2.113355e+01,2.117484e+01,2.112667e+01,2.109914e+01,2.113355e+01,2.114044e+01,2.113355e+01,2.114732e+01,2.122298e+01,2.109914e+01,2.120923e+01,2.118172e+01,2.117484e+01,2.116108e+01,2.128485e+01,2.126423e+01,2.127110e+01,2.117484e+01,2.125736e+01,2.120235e+01,2.123674e+01,2.125736e+01,2.113355e+01,2.120923e+01,2.125048e+01,2.120235e+01,2.118172e+01,2.122986e+01,2.123674e+01,2.131233e+01,2.126423e+01,2.111291e+01,2.121611e+01,2.122986e+01,2.113355e+01,2.114044e+01,2.121611e+01,2.117484e+01,2.118172e+01,2.118172e+01,2.116796e+01,2.114044e+01,2.121611e+01,2.117484e+01,2.114044e+01,2.122298e+01,2.119548e+01,2.117484e+01,2.126423e+01,2.124361e+01,2.115420e+01,2.118172e+01,2.117484e+01,2.111979e+01,2.118860e+01,2.121611e+01,2.119548e+01,2.122986e+01,2.122298e+01,2.117484e+01,2.114044e+01,2.122298e+01,2.117484e+01,2.120923e+01,2.118860e+01,2.122986e+01,2.128485e+01,2.125048e+01,2.129172e+01,2.113355e+01,2.117484e+01,2.121611e+01,2.125736e+01,2.128485e+01,2.127110e+01,2.127110e+01,2.129859e+01,2.129859e+01,2.127798e+01,2.124361e+01,2.131233e+01,2.127798e+01,2.131233e+01,2.135355e+01,2.130546e+01,2.129859e+01,2.134668e+01,2.136041e+01,2.137415e+01,2.138101e+01,2.140161e+01,2.136728e+01,2.137415e+01,2.139474e+01,2.138788e+01,2.129859e+01,2.138788e+01,2.147708e+01,2.132607e+01,2.133294e+01,2.133294e+01,2.136041e+01,2.126423e+01,2.138788e+01,2.140161e+01,2.111291e+01,2.075432e+01,2.031124e+01,2.002636e+01,2.008201e+01,1.993586e+01,1.992890e+01,1.992890e+01,1.989407e+01,1.980345e+01,1.983134e+01,1.986619e+01,1.981042e+01,1.986619e+01,1.983831e+01,1.985922e+01,1.981042e+01,1.978253e+01,1.976160e+01,1.981042e+01,1.982437e+01,1.976160e+01,1.985225e+01,1.987316e+01,1.983134e+01,1.977555e+01,1.990800e+01,1.984528e+01,1.991496e+01,1.992890e+01,1.983134e+01,1.987316e+01,1.986619e+01,1.983134e+01,1.985922e+01,1.988013e+01,1.990800e+01,1.987316e+01,1.989407e+01,1.992193e+01,1.992890e+01,1.986619e+01,1.990103e+01,1.994979e+01,1.983831e+01,1.983134e+01,1.977555e+01,1.979647e+01,1.981042e+01,1.985225e+01,1.983831e+01,1.984528e+01,1.982437e+01,1.989407e+01,1.984528e+01,1.989407e+01,1.977555e+01,1.992193e+01,1.985225e+01,1.999156e+01,1.990800e+01,1.992890e+01,1.990103e+01,1.989407e+01,1.992890e+01,1.981740e+01,1.982437e+01,1.986619e+01,1.982437e+01,1.991496e+01,1.991496e+01,1.994979e+01,1.992193e+01,1.997764e+01,1.994283e+01,1.995675e+01,1.990103e+01,2.005419e+01,2.049840e+01,2.105782e+01,2.105782e+01,2.049840e+01,2.043605e+01,2.035980e+01,2.042219e+01,2.035980e+01,2.025571e+01,2.035286e+01,2.036673e+01,2.026960e+01,2.042219e+01,2.045684e+01,2.044298e+01,2.040140e+01,2.062990e+01,2.057456e+01,2.063682e+01,2.087169e+01,2.088549e+01,2.091998e+01,2.089239e+01,2.091998e+01,2.099582e+01,2.096135e+01,2.103716e+01,2.102338e+01,2.099582e+01,2.100960e+01,2.097514e+01,2.102338e+01,2.100960e+01,2.099582e+01,2.099582e+01,2.103027e+01,2.097514e+01,2.095446e+01,2.094757e+01,2.098893e+01,2.104405e+01,2.088549e+01,2.111291e+01,2.112667e+01,2.107848e+01,2.099582e+01,2.097514e+01,2.090619e+01,2.058148e+01,2.047070e+01,2.045684e+01,2.051225e+01,2.030430e+01,2.041526e+01,2.037366e+01,2.042912e+01,2.032512e+01,2.034592e+01,2.047762e+01,2.038753e+01,2.038753e+01,2.049148e+01,2.073360e+01,2.084409e+01,2.106471e+01,2.106471e+01,2.129172e+01,2.131233e+01,2.136041e+01,2.131920e+01,2.139474e+01,2.136041e+01,2.133981e+01,2.136728e+01,2.136041e+01,2.082338e+01,2.080267e+01,2.075432e+01,2.076123e+01,2.074051e+01,2.070596e+01,2.075432e+01,2.068522e+01,2.069905e+01,2.092688e+01,2.130546e+01,2.135355e+01,2.132607e+01,2.135355e+01,2.139474e+01,2.142220e+01,2.136041e+01,2.134668e+01,2.137415e+01,2.136041e+01,2.140847e+01,2.133294e+01,2.141533e+01,2.133294e+01,2.141533e+01,2.141533e+01,2.136728e+01,2.137415e+01,2.149080e+01,2.147022e+01,2.159362e+01,2.159362e+01,2.136728e+01,2.149766e+01,2.127798e+01,2.060915e+01,2.008201e+01,1.988013e+01,1.988710e+01,1.992890e+01,1.990103e+01,1.989407e+01,1.992890e+01,1.985922e+01,1.996371e+01,1.991496e+01,1.990103e+01,1.989407e+01,1.992890e+01,2.026266e+01,2.103027e+01,2.135355e+01,2.095446e+01,2.031124e+01,1.999852e+01,1.996371e+01,1.994283e+01,1.995675e+01,1.988710e+01,1.984528e+01,1.988710e+01,1.985922e+01,1.990800e+01,1.992890e+01,1.992193e+01,1.990800e+01,1.995675e+01,1.989407e+01,2.000548e+01,1.994979e+01,1.987316e+01,1.991496e+01,1.988710e+01,1.989407e+01,1.988013e+01,1.990800e+01,1.988013e+01,1.991496e+01,1.997764e+01,1.990800e+01,1.993586e+01,1.991496e+01,1.996371e+01,1.998460e+01,1.994979e+01,1.995675e+01,1.991496e+01,1.992890e+01,1.985225e+01,1.986619e+01,1.993586e+01,1.988710e+01,1.990103e+01,1.992193e+01,1.990800e+01,1.990800e+01,1.991496e+01,1.998460e+01,1.990800e+01,1.997764e+01,1.985922e+01,1.990800e+01,1.994979e+01,2.000548e+01,2.065065e+01,2.122986e+01,2.132607e+01,2.147022e+01,2.142220e+01,2.130546e+01,2.140161e+01,2.143592e+01,2.140847e+01,2.141533e+01,2.140847e+01,2.141533e+01,2.131920e+01,2.134668e+01,2.144278e+01,2.140161e+01,2.135355e+01,2.133294e+01,2.142906e+01,2.142220e+01,2.144964e+01,2.143592e+01,2.137415e+01,2.135355e+01,2.142906e+01,2.139474e+01,2.133981e+01,2.132607e+01,2.151137e+01,2.131920e+01,2.135355e+01,2.134668e+01,2.133981e+01,2.136041e+01,2.137415e+01,2.137415e+01,2.134668e+01,2.132607e+01,2.147022e+01,2.129172e+01,2.131233e+01,2.126423e+01,2.123674e+01,2.130546e+01,2.125736e+01,2.125736e+01,2.119548e+01,2.125736e+01,2.121611e+01,2.122298e+01,2.122986e+01,2.129172e+01,2.120923e+01,2.110602e+01,2.124361e+01,2.116108e+01,2.110602e+01,2.110602e+01,2.114044e+01,2.109225e+01,2.116796e+01,2.108537e+01,2.107848e+01,2.109225e+01,2.106471e+01,2.105782e+01,2.109225e+01,2.113355e+01,2.100271e+01,2.101649e+01,2.105094e+01,2.105782e+01,2.104405e+01,2.105782e+01,2.101649e+01,2.114044e+01,2.105782e+01,2.106471e+01,2.104405e+01,2.102338e+01,2.108537e+01,2.128485e+01,2.111291e+01,2.107160e+01,2.109914e+01,2.110602e+01,2.111291e+01,2.106471e+01,2.113355e+01,2.111291e+01,2.127110e+01,2.122298e+01,2.123674e+01,2.116796e+01,2.110602e+01,2.110602e+01,2.113355e+01,2.109914e+01,2.115420e+01,2.103716e+01,2.122986e+01,2.110602e+01,2.102338e+01,2.106471e+01,2.105094e+01,2.116108e+01,2.126423e+01,2.107848e+01,2.107848e+01,2.118172e+01,2.109914e+01,2.095446e+01,2.093377e+01,2.103027e+01,2.104405e+01,2.110602e+01,2.108537e+01,2.111291e+01,2.113355e+01,2.113355e+01,2.100271e+01,2.111291e+01,2.098203e+01,2.109225e+01,2.108537e+01,2.114044e+01,2.110602e+01,2.103716e+01,2.111291e+01,2.108537e+01,2.099582e+01,2.095446e+01,2.104405e+01,2.104405e+01,2.106471e+01,2.111291e+01,2.109225e+01,2.109225e+01,2.107160e+01,2.119548e+01,2.119548e+01,2.110602e+01,2.111979e+01,2.116108e+01,2.116796e+01,2.122298e+01,2.115420e+01,2.118860e+01,2.110602e+01,2.114044e+01,2.118172e+01,2.114732e+01,2.111979e+01,2.112667e+01,2.114044e+01,2.123674e+01,2.118860e+01,2.105094e+01,2.118860e+01,2.114044e+01,2.107848e+01,2.119548e+01,2.111979e+01,2.110602e+01,2.111291e+01,2.113355e+01,2.107848e+01,2.110602e+01,2.117484e+01,2.118172e+01,2.109914e+01,2.114044e+01,2.107160e+01,2.114044e+01,2.111291e+01,2.122298e+01,2.123674e+01,2.129172e+01,2.127110e+01,2.114044e+01,2.131233e+01,2.126423e+01,2.121611e+01,2.124361e+01,2.125048e+01,2.102338e+01,2.125736e+01,2.116108e+01,2.126423e+01,2.114732e+01,2.107848e+01,2.116108e+01,2.120235e+01,2.107160e+01,2.103027e+01
2.107160e+01,2.112667e+01,2.109225e+01,2.094757e+01,2.110602e+01,2.109225e+01,2.111979e+01,2.102338e+01,2.114732e+01,2.112667e+01,2.105782e+01,2.111979e+01,2.114732e+01,2.112667e+01,2.108537e+01,2.111979e+01,2.106471e+01,2.109225e+01,2.104405e+01,2.105094e+01,2.108537e+01,2.109225e+01,2.107160e+01,2.109225e+01,2.104405e+01,2.107848e+01,2.106471e+01,2.106471e+01,2.107160e+01,2.098893e+01,2.109914e+01,2.103027e+01,2.108537e+01,2.118172e+01,2.099582e+01,2.106471e+01,2.109225e+01,2.107848e+01,2.107160e+01,2.105094e+01,2.107848e+01,2.110602e+01,2.109914e+01,2.111979e+01,2.105782e+01,2.103027e+01,2.107160e+01,2.111979e+01,2.110602e+01,2.110602e+01,2.102338e+01,2.101649e+01,2.103027e+01,2.109914e+01,2.113355e+01,2.106471e+01,2.116108e+01,2.106471e+01,2.105782e+01,2.111291e+01,2.103716e+01,2.111291e+01,2.108537e+01,2.108537e+01,2.108537e+01,2.106471e+01,2.115420e+01,2.107848e+01,2.109914e+01,2.114044e+01,2.094757e+01,2.109914e+01,2.111979e+01,2.110602e+01,2.113355e+01,2.122986e+01,2.104405e+01,2.111291e+01,2.104405e+01,2.107160e+01,2.100271e+01,2.113355e+01,2.124361e+01,2.111979e+01,2.111291e+01,2.109914e+01,2.111291e+01,2.116796e+01,2.114732e+01,2.112667e+01,2.107848e+01,2.116108e+01,2.120923e+01,2.115420e+01,2.123674e+01,2.113355e+01,2.116796e+01,2.126423e+01,2.130546e+01,2.126423e+01,2.118860e+01,2.122298e+01,2.119548e+01,2.124361e+01,2.122298e+01,2.124361e+01,2.120235e+01,2.123674e+01,2.115420e+01,2.115420e+01,2.118860e+01,2.127798e+01,2.112667e+01,2.122298e+01,2.120923e+01,2.119548e+01,2.118860e+01,2.116108e+01,2.125048e+01,2.121611e+01,2.119548e+01,2.120235e+01,2.118172e+01,2.116796e+01,2.118172e+01,2.126423e+01,2.114732e+01,2.115420e+01,2.118860e+01,2.126423e+01,2.119548e+01,2.118860e+01,2.122986e+01,2.128485e+01,2.118860e+01,2.109914e+01,2.111979e+01,2.114044e+01,2.116108e+01,2.122986e+01,2.120235e+01,2.124361e+01,2.115420e+01,2.125736e+01,2.120923e+01,2.117484e+01,2.120923e+01,2.120235e+01,2.122298e+01,2.124361e+01,2.111291e+01,2.125736e+01,2.122298e+01,2.115420e+01,2.121611e+01,2.127110e+01,2.119548e+01,2.127110e+01,2.126423e+01,2.125736e+01,2.125736e+01,2.120923e+01,2.118172e+01,2.128485e+01,2.128485e+01,2.127798e+01,2.127798e+01,2.138788e+01,2.134668e+01,2.136728e+01,2.142220e+01,2.134668e+01,2.136728e+01,2.153194e+01,2.140161e+01,2.140161e+01,2.142906e+01,2.155250e+01,2.132607e+01,2.132607e+01,2.133981e+01,2.131233e+01,2.136728e+01,2.137415e+01,2.141533e+01,2.135355e+01,2.133294e+01,2.130546e+01,2.127798e+01,2.109914e+01,2.068522e+01,2.032512e+01,2.007505e+01,1.992193e+01,1.990800e+01,1.990800e+01,1.984528e+01,1.987316e+01,1.987316e+01,1.985225e+01,1.986619e+01,1.974764e+01,1.981042e+01,1.979647e+01,1.974067e+01,1.983831e+01,1.972671e+01,1.976160e+01,1.985225e+01,1.985922e+01,1.983831e+01,1.971973e+01,1.973369e+01,1.982437e+01,1.985225e+01,1.985922e+01,1.984528e+01,1.991496e+01,1.978950e+01,1.990800e+01,1.984528e+01,1.984528e+01,1.986619e+01,1.985225e+01,1.985922e+01,1.986619e+01,1.988013e+01,1.992193e+01,1.996371e+01,1.985922e+01,1.986619e+01,1.984528e+01,1.985225e+01,1.981740e+01,1.982437e+01,1.985922e+01,1.982437e+01,1.985225e+01,1.984528e+01,1.990103e+01,1.983831e+01,1.984528e+01,1.982437e+01,1.987316e+01,1.988710e+01,1.989407e+01,1.988013e+01,1.994283e+01,1.988710e+01,1.994979e+01,1.990103e+01,1.986619e+01,1.991496e+01,1.992890e+01,1.983134e+01,1.994283e+01,1.987316e+01,1.991496e+01,1.991496e+01,1.991496e+01,1.993586e+01,1.994979e+01,1.986619e+01,1.988710e+01,1.988013e+01,1.994283e+01,2.033205e+01,2.090619e+01,2.094757e+01,2.070596e+01,2.050533e+01,2.034592e+01,2.035286e+01,2.027654e+01,2.031124e+01,2.049840e+01,2.033205e+01,2.039447e+01,2.026960e+01,2.024877e+01,2.038753e+01,2.038060e+01,2.049148e+01,2.049148e+01,2.045684e+01,2.056071e+01,2.056763e+01,2.091998e+01,2.088549e+01,2.091998e+01,2.092688e+01,2.094067e+01,2.094757e+01,2.098203e+01,2.094757e+01,2.096135e+01,2.098203e+01,2.100271e+01,2.096825e+01,2.098203e+01,2.097514e+01,2.098893e+01,2.102338e+01,2.108537e+01,2.101649e+01,2.105094e+01,2.103027e+01,2.096135e+01,2.107848e+01,2.091308e+01,2.098893e+01,2.098893e+01,2.094757e+01,2.098893e+01,2.079576e+01,2.063682e+01,2.058840e+01,2.058840e+01,2.044991e+01,2.051225e+01,2.049840e+01,2.042219e+01,2.042912e+01,2.038060e+01,2.029736e+01,2.038060e+01,2.047070e+01,2.042219e+01,2.071287e+01,2.086479e+01,2.098203e+01,2.105094e+01,2.112667e+01,2.122986e+01,2.123674e+01,2.131920e+01,2.131233e+01,2.136728e+01,2.133294e+01,2.132607e+01,2.105782e+01,2.077505e+01,2.075432e+01,2.076814e+01,2.076814e+01,2.071287e+01,2.069213e+01,2.060915e+01,2.067831e+01,2.089929e+01,2.117484e+01,2.127110e+01,2.131233e+01,2.132607e+01,2.132607e+01,2.136041e+01,2.137415e+01,2.131233e+01,2.141533e+01,2.135355e+01,2.132607e+01,2.129172e+01,2.138101e+01,2.137415e+01,2.138788e+01,2.138788e+01,2.140847e+01,2.144278e+01,2.144278e+01,2.147022e+01,2.160047e+01,2.136041e+01,2.152508e+01,2.149766e+01,2.140161e+01,2.135355e+01,2.059531e+01,2.010982e+01,2.001244e+01,1.990800e+01,1.989407e+01,1.992193e+01,1.991496e+01,1.988013e+01,1.984528e+01,1.992193e+01,1.991496e+01,1.988710e+01,1.988710e+01,2.009591e+01,2.056071e+01,2.107848e+01,2.136041e+01,2.091998e+01,2.040833e+01,2.004027e+01,1.994283e+01,1.997068e+01,1.992890e+01,1.990800e+01,1.986619e+01,1.989407e+01,1.986619e+01,1.985922e+01,1.991496e+01,1.987316e+01,1.994283e+01,1.992193e+01,1.993586e+01,1.994283e+01,1.990800e+01,1.993586e+01,1.990800e+01,1.991496e+01,1.988710e+01,1.988710e+01,1.991496e+01,1.991496e+01,1.991496e+01,1.994979e+01,1.997764e+01,2.001940e+01,1.990800e+01,1.998460e+01,1.999156e+01,1.991496e+01,1.994979e+01,1.992890e+01,1.987316e+01,1.992193e+01,1.994283e+01,1.992193e+01,1.991496e+01,1.990800e+01,1.997764e+01,1.993586e+01,1.981042e+01,1.987316e+01,1.981740e+01,1.981740e+01,1.982437e+01,1.990800e+01,1.989407e+01,1.990103e+01,2.023489e+01,2.058840e+01,2.124361e+01,2.131920e+01,2.140847e+01,2.132607e+01,2.157306e+01,2.141533e+01,2.140847e+01,2.140847e+01,2.141533e+01,2.141533e+01,2.142220e+01,2.138101e+01,2.135355e+01,2.142220e+01,2.133294e+01,2.139474e+01,2.138788e+01,2.133294e+01,2.133981e+01,2.142220e+01,2.131920e+01,2.143592e+01,2.141533e+01,2.131920e+01,2.139474e+01,2.129172e+01,2.137415e+01,2.145650e+01,2.136041e+01,2.133294e+01,2.131920e+01,2.136728e+01,2.131233e+01,2.134668e+01,2.126423e+01,2.135355e+01,2.146336e+01,2.131920e+01,2.127110e+01,2.127798e+01,2.131233e+01,2.125736e+01,2.126423e+01,2.129859e+01,2.127110e+01,2.121611e+01,2.124361e+01,2.124361e+01,2.125048e+01,2.130546e+01,2.118172e+01,2.112667e+01,2.117484e+01,2.115420e+01,2.111291e+01,2.107848e+01,2.107848e+01,2.109225e+01,2.111291e+01,2.105782e+01,2.111291e+01,2.107848e+01,2.112667e+01,2.106471e+01,2.101649e+01,2.105782e+01,2.109914e+01,2.099582e+01,2.109225e+01,2.104405e+01,2.106471e+01,2.104405e+01,2.104405e+01,2.103027e+01,2.105782e+01,2.101649e+01,2.105094e+01,2.110602e+01,2.101649e+01,2.107160e+01,2.112667e+01,2.109225e+01,2.108537e+01,2.111291e+01,2.107848e+01,2.112667e+01,2.110602e+01,2.117484e+01,2.114044e+01,2.114044e+01,2.115420e+01,2.116108e+01,2.116108e+01,2.115420e+01,2.112667e+01,2.125048e+01,2.118860e+01,2.106471e+01,2.107160e+01,2.109914e+01,2.107848e+01,2.103716e+01,2.108537e+01,2.089239e+01,2.106471e+01,2.112667e+01,2.105094e+01,2.124361e+01,2.111979e+01,2.108537e+01,2.110602e+01,2.104405e+01,2.107160e+01,2.101649e+01,2.117484e+01,2.107160e+01,2.109914e+01,2.107160e+01,2.111979e+01,2.110602e+01,2.109914e+01,2.109225e+01,2.109914e+01,2.103027e+01,2.109225e+01,2.108537e+01,2.105782e+01,2.106471e+01,2.118860e+01,2.105782e+01,2.107160e+01,2.113355e+01,2.102338e+01,2.115420e+01,2.109914e+01,2.110602e+01,2.104405e+01,2.111979e+01,2.115420e+01,2.102338e+01,2.104405e+01,2.116796e+01,2.105782e+01,2.103027e+01,2.105094e+01,2.108537e+01,2.109914e+01,2.111291e+01,2.113355e+01,2.114044e+01,2.109914e+01,2.107160e+01,2.104405e+01,2.111291e+01,2.114044e+01,2.118172e+01,2.116108e+01,2.109225e+01,2.116108e+01,2.102338e+01,2.109914e+01,2.116108e+01,2.109225e+01,2.112667e+01,2.125736e+01,2.111291e+01,2.120923e+01,2.111979e+01,2.110602e+01,2.114732e+01,2.107160e+01,2.106471e+01,2.116796e+01,2.109225e+01,2.120923e+01,2.109914e+01,2.117484e+01,2.109914e+01,2.121611e+01,2.129172e+01,2.118860e+01,2.098893e+01,2.122298e+01,2.119548e+01,2.119548e+01,2.113355e+01,2.122986e+01,2.125048e+01,2.114732e+01,2.116796e+01,2.116108e+01,2.107160e+01,2.116796e+01,2.117484e+01
2.112667e+01,2.111291e+01,2.109914e+01,2.115420e+01,2.117484e+01,2.108537e+01,2.103027e+01,2.110602e+01,2.108537e+01,2.107848e+01,2.109225e+01,2.109914e+01,2.109225e+01,2.108537e+01,2.105094e+01,2.113355e+01,2.099582e+01,2.120923e+01,2.118172e+01,2.110602e+01,2.112667e+01,2.117484e+01,2.105094e+01,2.106471e+01,2.116796e+01,2.100271e+01,2.105094e+01,2.103027e+01,2.105094e+01,2.110602e+01,2.107848e+01,2.106471e+01,2.107848e+01,2.115420e+01,2.089239e+01,2.120235e+01,2.105782e+01,2.116108e+01,2.112667e+01,2.103716e+01,2.114732e+01,2.114044e+01,2.108537e+01,2.098203e+01,2.103716e+01,2.107160e+01,2.103716e+01,2.105094e+01,2.103027e+01,2.122986e+01,2.109225e+01,2.103716e+01,2.111979e+01,2.098893e+01,2.110602e+01,2.107848e+01,2.116108e+01,2.112667e+01,2.113355e+01,2.103716e+01,2.107160e+01,2.109914e+01,2.110602e+01,2.105782e+01,2.100271e+01,2.111291e+01,2.109225e+01,2.109225e+01,2.109225e+01,2.110602e+01,2.113355e+01,2.113355e+01,2.111291e+01,2.111291e+01,2.110602e+01,2.109225e+01,2.110602e+01,2.108537e+01,2.109914e+01,2.103716e+01,2.114044e+01,2.114044e+01,2.112667e+01,2.106471e+01,2.106471e+01,2.110602e+01,2.114044e+01,2.111979e+01,2.115420e+01,2.118172e+01,2.115420e+01,2.120235e+01,2.114044e+01,2.109225e+01,2.121611e+01,2.127798e+01,2.122986e+01,2.129172e+01,2.112667e+01,2.111291e+01,2.116796e+01,2.125048e+01,2.125048e+01,2.124361e+01,2.125048e+01,2.125048e+01,2.125736e+01,2.122298e+01,2.123674e+01,2.116108e+01,2.118172e+01,2.125736e+01,2.141533e+01,2.119548e+01,2.118860e+01,2.123674e+01,2.116796e+01,2.122298e+01,2.122298e+01,2.125048e+01,2.116796e+01,2.118172e+01,2.118172e+01,2.105094e+01,2.120923e+01,2.125048e+01,2.116108e+01,2.120923e+01,2.117484e+01,2.119548e+01,2.125048e+01,2.120923e+01,2.130546e+01,2.118172e+01,2.108537e+01,2.110602e+01,2.116108e+01,2.121611e+01,2.114732e+01,2.118172e+01,2.115420e+01,2.117484e+01,2.115420e+01,2.123674e+01,2.116108e+01,2.118172e+01,2.122986e+01,2.131920e+01,2.125736e+01,2.116108e+01,2.129172e+01,2.130546e+01,2.127110e+01,2.125048e+01,2.121611e+01,2.127798e+01,2.127110e+01,2.127110e+01,2.127798e+01,2.129859e+01,2.129859e+01,2.122986e+01,2.128485e+01,2.131920e+01,2.130546e+01,2.130546e+01,2.136041e+01,2.124361e+01,2.136041e+01,2.122986e+01,2.136728e+01,2.138101e+01,2.133981e+01,2.136041e+01,2.136728e+01,2.146336e+01,2.155250e+01,2.134668e+01,2.132607e+01,2.136728e+01,2.153194e+01,2.130546e+01,2.135355e+01,2.129859e+01,2.133981e+01,2.133294e+01,2.136728e+01,2.135355e+01,2.134668e+01,2.113355e+01,2.114044e+01,2.082338e+01,2.044991e+01,2.032512e+01,2.002636e+01,2.001244e+01,1.980345e+01,1.980345e+01,1.983831e+01,1.980345e+01,1.985922e+01,1.984528e+01,1.975462e+01,1.981042e+01,1.980345e+01,1.975462e+01,1.977555e+01,1.978253e+01,1.983831e+01,1.981042e+01,1.989407e+01,1.978253e+01,1.992890e+01,1.982437e+01,1.976160e+01,1.981042e+01,1.986619e+01,1.978950e+01,1.989407e+01,1.985225e+01,1.986619e+01,1.984528e+01,1.988710e+01,1.987316e+01,1.994283e+01,1.985922e+01,1.985922e+01,1.984528e+01,1.986619e+01,1.983831e+01,1.983831e+01,1.989407e+01,1.981042e+01,1.993586e+01,1.986619e+01,1.986619e+01,1.989407e+01,1.985225e+01,1.987316e+01,1.978950e+01,1.983134e+01,1.985922e+01,1.983831e+01,1.983134e+01,1.987316e+01,1.988013e+01,1.994979e+01,1.991496e+01,1.990800e+01,1.988710e+01,1.989407e+01,1.990103e+01,1.992890e+01,1.991496e+01,1.993586e+01,1.992890e+01,1.994979e+01,1.990103e+01,1.990800e+01,1.992890e+01,1.998460e+01,1.994283e+01,1.993586e+01,1.978950e+01,1.990800e+01,1.988710e+01,2.010982e+01,2.074051e+01,2.096825e+01,2.049840e+01,2.047762e+01,2.031818e+01,2.036673e+01,2.033899e+01,2.031818e+01,2.024183e+01,2.035286e+01,2.040140e+01,2.038060e+01,2.040833e+01,2.031818e+01,2.028348e+01,2.023489e+01,2.044298e+01,2.042912e+01,2.040140e+01,2.048455e+01,2.067831e+01,2.091998e+01,2.096825e+01,2.089929e+01,2.094757e+01,2.096135e+01,2.098203e+01,2.096135e+01,2.080957e+01,2.093377e+01,2.090619e+01,2.103716e+01,2.101649e+01,2.099582e+01,2.096825e+01,2.104405e+01,2.107160e+01,2.101649e+01,2.094067e+01,2.108537e+01,2.102338e+01,2.103027e+01,2.106471e+01,2.097514e+01,2.101649e+01,2.091998e+01,2.098203e+01,2.092688e+01,2.070596e+01,2.062990e+01,2.049148e+01,2.051225e+01,2.058148e+01,2.043605e+01,2.047762e+01,2.049148e+01,2.038753e+01,2.048455e+01,2.044298e+01,2.036673e+01,2.050533e+01,2.077505e+01,2.071287e+01,2.098203e+01,2.106471e+01,2.123674e+01,2.122986e+01,2.134668e+01,2.125736e+01,2.125048e+01,2.133294e+01,2.122986e+01,2.116108e+01,2.078886e+01,2.075432e+01,2.073360e+01,2.076123e+01,2.075432e+01,2.050533e+01,2.071287e+01,2.064374e+01,2.076814e+01,2.091998e+01,2.116796e+01,2.118860e+01,2.128485e+01,2.131920e+01,2.133294e+01,2.135355e+01,2.133294e+01,2.136728e+01,2.137415e+01,2.131233e+01,2.136041e+01,2.132607e+01,2.136041e+01,2.136041e+01,2.133294e+01,2.130546e+01,2.143592e+01,2.133981e+01,2.145650e+01,2.145650e+01,2.149080e+01,2.142220e+01,2.151823e+01,2.147022e+01,2.143592e+01,2.143592e+01,2.089929e+01,2.020711e+01,2.001244e+01,1.992193e+01,2.001244e+01,1.991496e+01,1.992193e+01,2.001940e+01,1.988710e+01,1.987316e+01,1.986619e+01,1.992193e+01,1.994979e+01,2.024183e+01,2.086479e+01,2.125736e+01,2.141533e+01,2.112667e+01,2.058148e+01,2.013068e+01,1.994979e+01,1.997068e+01,1.994979e+01,1.986619e+01,1.987316e+01,1.988013e+01,1.985922e+01,1.994283e+01,1.985225e+01,1.988710e+01,1.992890e+01,1.989407e+01,1.976160e+01,1.983831e+01,1.986619e+01,1.990800e+01,1.990103e+01,1.997068e+01,1.989407e+01,1.988710e+01,1.990103e+01,1.985922e+01,1.992193e+01,1.986619e+01,1.992193e+01,1.994979e+01,2.001244e+01,1.994979e+01,1.998460e+01,1.990800e+01,1.987316e+01,1.988013e+01,1.994283e+01,1.999156e+01,1.997068e+01,1.993586e+01,1.993586e+01,1.992890e+01,2.000548e+01,1.991496e+01,1.991496e+01,1.983831e+01,1.981740e+01,1.988710e+01,1.983831e+01,1.994979e+01,1.988710e+01,2.006810e+01,2.042912e+01,2.077505e+01,2.118860e+01,2.140847e+01,2.129859e+01,2.129859e+01,2.140161e+01,2.143592e+01,2.140847e+01,2.143592e+01,2.144278e+01,2.129859e+01,2.151823e+01,2.142906e+01,2.152508e+01,2.133981e+01,2.133294e+01,2.131920e+01,2.143592e+01,2.136728e+01,2.141533e+01,2.133294e+01,2.144964e+01,2.141533e+01,2.128485e+01,2.140847e+01,2.140847e+01,2.135355e+01,2.129859e+01,2.125736e+01,2.139474e+01,2.135355e+01,2.131920e+01,2.136728e+01,2.136041e+01,2.136041e+01,2.140161e+01,2.144278e+01,2.122986e+01,2.128485e+01,2.140847e+01,2.129859e+01,2.125736e+01,2.122298e+01,2.132607e+01,2.127798e+01,2.133294e+01,2.127110e+01,2.120235e+01,2.131233e+01,2.119548e+01,2.125048e+01,2.119548e+01,2.121611e+01,2.111291e+01,2.122298e+01,2.109914e+01,2.107160e+01,2.115420e+01,2.135355e+01,2.109914e+01,2.109225e+01,2.118860e+01,2.107848e+01,2.098893e+01,2.102338e+01,2.109914e+01,2.111291e+01,2.105094e+01,2.103027e+01,2.103027e+01,2.105094e+01,2.106471e+01,2.107848e+01,2.106471e+01,2.102338e+01,2.112667e+01,2.100271e+01,2.103027e+01,2.104405e+01,2.110602e+01,2.111291e+01,2.103716e+01,2.109225e+01,2.109225e+01,2.110602e+01,2.107160e+01,2.119548e+01,2.122986e+01,2.117484e+01,2.109225e+01,2.112667e+01,2.119548e+01,2.113355e+01,2.117484e+01,2.115420e+01,2.116108e+01,2.111291e+01,2.110602e+01,2.103716e+01,2.118172e+01,2.109914e+01,2.119548e+01,2.101649e+01,2.104405e+01,2.104405e+01,2.105094e+01,2.104405e+01,2.105094e+01,2.109225e+01,2.106471e+01,2.105782e+01,2.109914e+01,2.100271e+01,2.111979e+01,2.109225e+01,2.109914e+01,2.109225e+01,2.111979e+01,2.103027e+01,2.111291e+01,2.111291e+01,2.109914e+01,2.097514e+01,2.108537e+01,2.087859e+01,2.110602e+01,2.107848e+01,2.111291e+01,2.105782e+01,2.106471e+01,2.105094e+01,2.110602e+01,2.107160e+01,2.113355e+01,2.111979e+01,2.109914e+01,2.111291e+01,2.108537e+01,2.114044e+01,2.102338e+01,2.110602e+01,2.119548e+01,2.109914e+01,2.109914e+01,2.114732e+01,2.119548e+01,2.116108e+01,2.120923e+01,2.110602e+01,2.115420e+01,2.114044e+01,2.116796e+01,2.119548e+01,2.105782e+01,2.104405e+01,2.106471e+01,2.114732e+01,2.104405e+01,2.114732e+01,2.106471e+01,2.107160e+01,2.118172e+01,2.114044e+01,2.105094e+01,2.109914e+01,2.098203e+01,2.118172e+01,2.117484e+01,2.124361e+01,2.114044e+01,2.109225e+01,2.108537e+01,2.108537e+01,2.111291e+01,2.112667e+01,2.127110e+01,2.124361e+01,2.111291e+01,2.109914e+01,2.118860e+01,2.121611e+01,2.111979e+01,2.126423e+01,2.120923e+01,2.116796e+01,2.128485e+01,2.129859e+01,2.131920e+01,2.127110e+01,2.113355e+01,2.113355e+01,2.118172e+01,2.127110e+01,2.116796e+01,2.111291e+01
2.114044e+01,2.112667e+01,2.111979e+01,2.115420e+01,2.111291e+01,2.107848e+01,2.110602e+01,2.107160e+01,2.107848e+01,2.112667e+01,2.108537e+01,2.118172e+01,2.104405e+01,2.101649e+01,2.105094e+01,2.113355e+01,2.111979e+01,2.107160e+01,2.101649e+01,2.116108e+01,2.109914e+01,2.103027e+01,2.103027e+01,2.108537e+01,2.109914e+01,2.116796e+01,2.114732e+01,2.107848e+01,2.110602e+01,2.116108e+01,2.107160e+01,2.103027e+01,2.096135e+01,2.104405e+01,2.111979e+01,2.113355e+01,2.110602e+01,2.103027e+01,2.104405e+01,2.098203e+01,2.102338e+01,2.096135e+01,2.112667e+01,2.103027e+01,2.113355e+01,2.107848e+01,2.105782e+01,2.106471e+01,2.104405e+01,2.105782e+01,2.102338e+01,2.108537e+01,2.108537e+01,2.107160e+01,2.111291e+01,2.116108e+01,2.111291e+01,2.103027e+01,2.105094e+01,2.115420e+01,2.103716e+01,2.110602e+01,2.110602e+01,2.111291e+01,2.109225e+01,2.105782e+01,2.109914e+01,2.108537e+01,2.109914e+01,2.115420e+01,2.109225e+01,2.110602e+01,2.112667e+01,2.117484e+01,2.110602e+01,2.099582e+01,2.111291e+01,2.107160e+01,2.106471e+01,2.109225e+01,2.104405e+01,2.103027e+01,2.119548e+01,2.113355e+01,2.113355e+01,2.114044e+01,2.118860e+01,2.118860e+01,2.115420e+01,2.118860e+01,2.121611e+01,2.115420e+01,2.119548e+01,2.114044e+01,2.126423e+01,2.127110e+01,2.111291e+01,2.129172e+01,2.128485e+01,2.126423e+01,2.127110e+01,2.121611e+01,2.125048e+01,2.120923e+01,2.125048e+01,2.123674e+01,2.124361e+01,2.118172e+01,2.119548e+01,2.126423e+01,2.118860e+01,2.124361e+01,2.122986e+01,2.124361e+01,2.124361e+01,2.121611e+01,2.122986e+01,2.119548e+01,2.122298e+01,2.122298e+01,2.125048e+01,2.109225e+01,2.115420e+01,2.105782e+01,2.114044e+01,2.124361e+01,2.118860e+01,2.114732e+01,2.118860e+01,2.116796e+01,2.114732e+01,2.133294e+01,2.114044e+01,2.127798e+01,2.123674e+01,2.119548e+01,2.114044e+01,2.113355e+01,2.119548e+01,2.114732e+01,2.121611e+01,2.123674e+01,2.115420e+01,2.118860e+01,2.120235e+01,2.125048e+01,2.123674e+01,2.110602e+01,2.121611e+01,2.127110e+01,2.125736e+01,2.129859e+01,2.118860e+01,2.120923e+01,2.127798e+01,2.127798e+01,2.127110e+01,2.130546e+01,2.127798e+01,2.125736e+01,2.131233e+01,2.124361e+01,2.131920e+01,2.130546e+01,2.129859e+01,2.132607e+01,2.120923e+01,2.137415e+01,2.136728e+01,2.136728e+01,2.138788e+01,2.138101e+01,2.135355e+01,2.135355e+01,2.143592e+01,2.129859e+01,2.133294e+01,2.141533e+01,2.131920e+01,2.133981e+01,2.136041e+01,2.133294e+01,2.136728e+01,2.140161e+01,2.133981e+01,2.136041e+01,2.136041e+01,2.125048e+01,2.130546e+01,2.134668e+01,2.113355e+01,2.120235e+01,2.104405e+01,2.077505e+01,2.048455e+01,2.004723e+01,1.985922e+01,1.978950e+01,1.983134e+01,1.989407e+01,1.979647e+01,1.976160e+01,1.988013e+01,1.980345e+01,1.986619e+01,1.985922e+01,1.974067e+01,1.979647e+01,1.978950e+01,1.976858e+01,1.984528e+01,1.982437e+01,1.978253e+01,1.977555e+01,1.979647e+01,1.985225e+01,1.980345e+01,1.988710e+01,1.989407e+01,1.986619e+01,1.987316e+01,1.983134e+01,1.986619e+01,1.983134e+01,1.989407e+01,1.988710e+01,1.985225e+01,1.981042e+01,1.982437e+01,1.985225e+01,1.984528e+01,1.991496e+01,1.994979e+01,1.990103e+01,1.984528e+01,1.985225e+01,1.985922e+01,1.987316e+01,1.992193e+01,1.984528e+01,1.987316e+01,1.990103e+01,1.992193e+01,1.997764e+01,1.988013e+01,2.002636e+01,1.988710e+01,1.985225e+01,1.986619e+01,1.991496e+01,1.990800e+01,1.991496e+01,1.988710e+01,1.992193e+01,1.990103e+01,1.988710e+01,1.987316e+01,1.988013e+01,1.993586e+01,1.993586e+01,1.991496e+01,1.990103e+01,1.992193e+01,1.991496e+01,1.976858e+01,1.988013e+01,2.006114e+01,2.051225e+01,2.080957e+01,2.042219e+01,2.051225e+01,2.031818e+01,2.033205e+01,2.040140e+01,2.028348e+01,2.045684e+01,2.039447e+01,2.031124e+01,2.040140e+01,2.031818e+01,2.040833e+01,2.038753e+01,2.034592e+01,2.026266e+01,2.040140e+01,2.051918e+01,2.042912e+01,2.047070e+01,2.076123e+01,2.071978e+01,2.089239e+01,2.112667e+01,2.096825e+01,2.095446e+01,2.080957e+01,2.098893e+01,2.085789e+01,2.089239e+01,2.099582e+01,2.099582e+01,2.098893e+01,2.093377e+01,2.090619e+01,2.091308e+01,2.107848e+01,2.088549e+01,2.107160e+01,2.103027e+01,2.095446e+01,2.098893e+01,2.092688e+01,2.097514e+01,2.087169e+01,2.093377e+01,2.095446e+01,2.071978e+01,2.067831e+01,2.059531e+01,2.049840e+01,2.046377e+01,2.044991e+01,2.044298e+01,2.059531e+01,2.069213e+01,2.044991e+01,2.039447e+01,2.046377e+01,2.046377e+01,2.050533e+01,2.087169e+01,2.103027e+01,2.100271e+01,2.110602e+01,2.123674e+01,2.125048e+01,2.120923e+01,2.110602e+01,2.124361e+01,2.109914e+01,2.099582e+01,2.075432e+01,2.074051e+01,2.072669e+01,2.073360e+01,2.067139e+01,2.069213e+01,2.070596e+01,2.069905e+01,2.087859e+01,2.120235e+01,2.115420e+01,2.120923e+01,2.127798e+01,2.131920e+01,2.129859e+01,2.125736e+01,2.119548e+01,2.128485e+01,2.136041e+01,2.133981e+01,2.132607e+01,2.125736e+01,2.125048e+01,2.133981e+01,2.140161e+01,2.138788e+01,2.141533e+01,2.136041e+01,2.136041e+01,2.144964e+01,2.144964e+01,2.143592e+01,2.149080e+01,2.164157e+01,2.177159e+01,2.154565e+01,2.112667e+01,2.031818e+01,2.003332e+01,2.001244e+01,1.993586e+01,1.994283e+01,1.990800e+01,1.989407e+01,1.988710e+01,1.990103e+01,1.989407e+01,1.990800e+01,2.020016e+01,2.044298e+01,2.085099e+01,2.122986e+01,2.134668e+01,2.115420e+01,2.058148e+01,2.004027e+01,1.999156e+01,1.993586e+01,1.991496e+01,1.985922e+01,1.987316e+01,1.988710e+01,1.995675e+01,1.985225e+01,1.997068e+01,1.985922e+01,1.997068e+01,1.993586e+01,1.983831e+01,1.984528e+01,1.990103e+01,1.975462e+01,1.990103e+01,1.988710e+01,1.992193e+01,1.985922e+01,1.987316e+01,1.988013e+01,1.990103e+01,1.990103e+01,1.992193e+01,1.997764e+01,1.992193e+01,1.994979e+01,1.994979e+01,1.990800e+01,1.997764e+01,1.988710e+01,1.988710e+01,1.992193e+01,1.990800e+01,1.988710e+01,1.988710e+01,1.990103e+01,1.997068e+01,1.999156e+01,1.996371e+01,1.996371e+01,1.984528e+01,1.984528e+01,1.984528e+01,1.997764e+01,1.990103e+01,2.023489e+01,2.047762e+01,2.108537e+01,2.121611e+01,2.115420e+01,2.146336e+01,2.128485e+01,2.136728e+01,2.138101e+01,2.136041e+01,2.137415e+01,2.142220e+01,2.140161e+01,2.142906e+01,2.147708e+01,2.131920e+01,2.136728e+01,2.140161e+01,2.135355e+01,2.135355e+01,2.131920e+01,2.139474e+01,2.142906e+01,2.141533e+01,2.141533e+01,2.127798e+01,2.129172e+01,2.142220e+01,2.142220e+01,2.140161e+01,2.126423e+01,2.130546e+01,2.136728e+01,2.140847e+01,2.136728e+01,2.133294e+01,2.127798e+01,2.124361e+01,2.140161e+01,2.137415e+01,2.128485e+01,2.131233e+01,2.127110e+01,2.129859e+01,2.125048e+01,2.127110e+01,2.127110e+01,2.127110e+01,2.123674e+01,2.126423e+01,2.120235e+01,2.124361e+01,2.120923e+01,2.114732e+01,2.118172e+01,2.114732e+01,2.117484e+01,2.107160e+01,2.105782e+01,2.115420e+01,2.111291e+01,2.109914e+01,2.109914e+01,2.108537e+01,2.108537e+01,2.100960e+01,2.107848e+01,2.110602e+01,2.107160e+01,2.101649e+01,2.102338e+01,2.107160e+01,2.106471e+01,2.100960e+01,2.097514e+01,2.101649e+01,2.105782e+01,2.107160e+01,2.103716e+01,2.110602e+01,2.106471e+01,2.111979e+01,2.109225e+01,2.108537e+01,2.111979e+01,2.106471e+01,2.108537e+01,2.111291e+01,2.111291e+01,2.122298e+01,2.111291e+01,2.119548e+01,2.120923e+01,2.111979e+01,2.112667e+01,2.109225e+01,2.109914e+01,2.107848e+01,2.117484e+01,2.105782e+01,2.109225e+01,2.108537e+01,2.114732e+01,2.103027e+01,2.101649e+01,2.105782e+01,2.111291e+01,2.106471e+01,2.106471e+01,2.110602e+01,2.103716e+01,2.108537e+01,2.108537e+01,2.098893e+01,2.111291e+01,2.107848e+01,2.113355e+01,2.096825e+01,2.109225e+01,2.111291e+01,2.110602e+01,2.111291e+01,2.100960e+01,2.109914e+01,2.101649e+01,2.105094e+01,2.107848e+01,2.107160e+01,2.108537e+01,2.111979e+01,2.107160e+01,2.109914e+01,2.108537e+01,2.111979e+01,2.109914e+01,2.107160e+01,2.114732e+01,2.105782e+01,2.108537e+01,2.115420e+01,2.100271e+01,2.099582e+01,2.100271e+01,2.104405e+01,2.106471e+01,2.114044e+01,2.107848e+01,2.117484e+01,2.103716e+01,2.106471e+01,2.107848e+01,2.113355e+01,2.109914e+01,2.116108e+01,2.111979e+01,2.110602e+01,2.100960e+01,2.103716e+01,2.111291e+01,2.124361e+01,2.112667e+01,2.102338e+01,2.108537e+01,2.105782e+01,2.115420e+01,2.127110e+01,2.118172e+01,2.103716e+01,2.114732e+01,2.114732e+01,2.110602e+01,2.093377e+01,2.114044e+01,2.120923e+01,2.103716e+01,2.114044e+01,2.108537e+01,2.110602e+01,2.114044e+01,2.111979e+01,2.115420e+01,2.108537e+01,2.109225e+01,2.125048e+01,2.122298e+01,2.125736e+01,2.118860e+01,2.116108e+01,2.112667e+01,2.112667e+01,2.120235e+01,2.127110e+01,2.120235e+01,2.123674e+01,2.123674e+01,2.109914e+01,2.119548e+01
2.114044e+01,2.114732e+01,2.111291e+01,2.115420e+01,2.113355e+01,2.111291e+01,2.114732e+01,2.110602e+01,2.116108e+01,2.108537e+01,2.106471e+01,2.118172e+01,2.114732e+01,2.107848e+01,2.105094e+01,2.110602e+01,2.110602e+01,2.118172e+01,2.118860e+01,2.116796e+01,2.107160e+01,2.107848e+01,2.115420e+01,2.110602e+01,2.105094e+01,2.116108e+01,2.118172e+01,2.105094e+01,2.109914e+01,2.107848e+01,2.109225e+01,2.107160e+01,2.106471e+01,2.091308e+01,2.111291e+01,2.104405e+01,2.111291e+01,2.111979e+01,2.106471e+01,2.109225e+01,2.114044e+01,2.107160e+01,2.115420e+01,2.109914e+01,2.109914e+01,2.115420e+01,2.117484e+01,2.114044e+01,2.102338e+01,2.109225e+01,2.107848e+01,2.112667e+01,2.100271e+01,2.103716e+01,2.107160e+01,2.114732e+01,2.107848e+01,2.106471e+01,2.100960e+01,2.109225e+01,2.111291e+01,2.106471e+01,2.109225e+01,2.109914e+01,2.107160e+01,2.108537e+01,2.105782e+01,2.110602e+01,2.105782e+01,2.108537e+01,2.109225e+01,2.119548e+01,2.110602e+01,2.109914e+01,2.111291e+01,2.109225e+01,2.112667e+01,2.111291e+01,2.125048e+01,2.108537e+01,2.115420e+01,2.109914e+01,2.106471e+01,2.109914e+01,2.112667e+01,2.115420e+01,2.113355e+01,2.115420e+01,2.131920e+01,2.116796e+01,2.120923e+01,2.121611e+01,2.122298e+01,2.114044e+01,2.120235e+01,2.129859e+01,2.119548e+01,2.114044e+01,2.125048e+01,2.125048e+01,2.126423e+01,2.116796e+01,2.124361e+01,2.122986e+01,2.123674e+01,2.114044e+01,2.120923e+01,2.123674e+01,2.122986e+01,2.122986e+01,2.117484e+01,2.117484e+01,2.114732e+01,2.116108e+01,2.114044e+01,2.121611e+01,2.121611e+01,2.114732e+01,2.118860e+01,2.116108e+01,2.114732e+01,2.116796e+01,2.114044e+01,2.102338e+01,2.119548e+01,2.114044e+01,2.120235e+01,2.120235e+01,2.111979e+01,2.116796e+01,2.110602e+01,2.118172e+01,2.122986e+01,2.122298e+01,2.125048e+01,2.118172e+01,2.118860e+01,2.118172e+01,2.118860e+01,2.121611e+01,2.114732e+01,2.121611e+01,2.118860e+01,2.121611e+01,2.117484e+01,2.121611e+01,2.119548e+01,2.125048e+01,2.116108e+01,2.125048e+01,2.121611e+01,2.124361e+01,2.131920e+01,2.129859e+01,2.124361e+01,2.130546e+01,2.124361e+01,2.129172e+01,2.123674e+01,2.123674e+01,2.128485e+01,2.128485e+01,2.131233e+01,2.133981e+01,2.127110e+01,2.127798e+01,2.136728e+01,2.131920e+01,2.135355e+01,2.133981e+01,2.133981e+01,2.131233e+01,2.131920e+01,2.129859e+01,2.136728e+01,2.129859e+01,2.129172e+01,2.138101e+01,2.131920e+01,2.131233e+01,2.132607e+01,2.134668e+01,2.138788e+01,2.137415e+01,2.138101e+01,2.134668e+01,2.138788e+01,2.136041e+01,2.129859e+01,2.121611e+01,2.123674e+01,2.127798e+01,2.131920e+01,2.106471e+01,2.092688e+01,2.046377e+01,2.002636e+01,1.990103e+01,1.990800e+01,1.988710e+01,1.990103e+01,1.990103e+01,1.981740e+01,1.985225e+01,1.983134e+01,1.981042e+01,1.978253e+01,1.983831e+01,1.977555e+01,1.977555e+01,1.988710e+01,1.978950e+01,1.976858e+01,1.985922e+01,1.993586e+01,1.984528e+01,1.988013e+01,1.984528e+01,1.987316e+01,1.990103e+01,1.992193e+01,1.989407e+01,1.990103e+01,1.983831e+01,1.988013e+01,1.985922e+01,1.981740e+01,1.983831e+01,1.983831e+01,1.983134e+01,1.983134e+01,1.988710e+01,1.986619e+01,1.985225e+01,1.985225e+01,1.987316e+01,1.983134e+01,1.987316e+01,1.984528e+01,1.985225e+01,1.983134e+01,1.991496e+01,1.987316e+01,1.985225e+01,1.991496e+01,1.988013e+01,1.988013e+01,1.989407e+01,1.990103e+01,1.991496e+01,1.993586e+01,1.985225e+01,1.990800e+01,1.988013e+01,1.987316e+01,1.993586e+01,1.993586e+01,1.988710e+01,1.990800e+01,1.983831e+01,1.990103e+01,1.991496e+01,1.992890e+01,1.992890e+01,1.988710e+01,1.990103e+01,2.000548e+01,2.027654e+01,2.053303e+01,2.051918e+01,2.029042e+01,2.031124e+01,2.031124e+01,2.029042e+01,2.029736e+01,2.033205e+01,2.036673e+01,2.035980e+01,2.039447e+01,2.025571e+01,2.022794e+01,2.030430e+01,2.031124e+01,2.021405e+01,2.033205e+01,2.040833e+01,2.040140e+01,2.040833e+01,2.042219e+01,2.050533e+01,2.089239e+01,2.093377e+01,2.087859e+01,2.095446e+01,2.094757e+01,2.096135e+01,2.092688e+01,2.098893e+01,2.089239e+01,2.091998e+01,2.094067e+01,2.097514e+01,2.093377e+01,2.085099e+01,2.092688e+01,2.096825e+01,2.103716e+01,2.089929e+01,2.092688e+01,2.096135e+01,2.098203e+01,2.093377e+01,2.101649e+01,2.098203e+01,2.096825e+01,2.092688e+01,2.074051e+01,2.062299e+01,2.062990e+01,2.047762e+01,2.044991e+01,2.047762e+01,2.047070e+01,2.060223e+01,2.053995e+01,2.038060e+01,2.055379e+01,2.043605e+01,2.049840e+01,2.076123e+01,2.087859e+01,2.085789e+01,2.104405e+01,2.106471e+01,2.116108e+01,2.111291e+01,2.131233e+01,2.125048e+01,2.099582e+01,2.074742e+01,2.065757e+01,2.072669e+01,2.067831e+01,2.067831e+01,2.062990e+01,2.069905e+01,2.071978e+01,2.085099e+01,2.119548e+01,2.127798e+01,2.116796e+01,2.124361e+01,2.127798e+01,2.125736e+01,2.133981e+01,2.132607e+01,2.133294e+01,2.131920e+01,2.134668e+01,2.131233e+01,2.120235e+01,2.125736e+01,2.132607e+01,2.133981e+01,2.131920e+01,2.133294e+01,2.160047e+01,2.142906e+01,2.156621e+01,2.156621e+01,2.144964e+01,2.151137e+01,2.157306e+01,2.164157e+01,2.160732e+01,2.158677e+01,2.144964e+01,2.075432e+01,2.022794e+01,1.990103e+01,1.990800e+01,2.001244e+01,1.990103e+01,1.990800e+01,1.991496e+01,1.997068e+01,1.992193e+01,2.004723e+01,2.029042e+01,2.057456e+01,2.105782e+01,2.128485e+01,2.157991e+01,2.122298e+01,2.069905e+01,2.029736e+01,1.992193e+01,1.992193e+01,1.992890e+01,1.985225e+01,1.988013e+01,1.987316e+01,1.985225e+01,1.983134e+01,1.983134e+01,1.986619e+01,1.996371e+01,1.982437e+01,1.993586e+01,1.988013e+01,1.990103e+01,1.988013e+01,1.990800e+01,1.988013e+01,1.990103e+01,1.987316e+01,1.989407e+01,1.988710e+01,1.989407e+01,1.990103e+01,1.983831e+01,1.994283e+01,1.993586e+01,1.998460e+01,1.996371e+01,1.994979e+01,1.989407e+01,1.990103e+01,1.988710e+01,1.999852e+01,1.992193e+01,1.983831e+01,1.992193e+01,1.990800e+01,1.993586e+01,1.993586e+01,1.985922e+01,1.995675e+01,1.983831e+01,1.983831e+01,1.984528e+01,1.983831e+01,1.990103e+01,2.013068e+01,2.026266e+01,2.108537e+01,2.127798e+01,2.113355e+01,2.146336e+01,2.143592e+01,2.149080e+01,2.139474e+01,2.132607e+01,2.150451e+01,2.140847e+01,2.155936e+01,2.133294e+01,2.147708e+01,2.133294e+01,2.134668e+01,2.136041e+01,2.134668e+01,2.140847e+01,2.132607e+01,2.133981e+01,2.149080e+01,2.126423e+01,2.140847e+01,2.140161e+01,2.125736e+01,2.127798e+01,2.133981e+01,2.144964e+01,2.131233e+01,2.139474e+01,2.133294e+01,2.130546e+01,2.129172e+01,2.137415e+01,2.128485e+01,2.122986e+01,2.135355e+01,2.133981e+01,2.129172e+01,2.127798e+01,2.128485e+01,2.130546e+01,2.132607e+01,2.130546e+01,2.123674e+01,2.130546e+01,2.132607e+01,2.131233e+01,2.136041e+01,2.126423e+01,2.116108e+01,2.120923e+01,2.109225e+01,2.116796e+01,2.114732e+01,2.111979e+01,2.108537e+01,2.108537e+01,2.109225e+01,2.110602e+01,2.092688e+01,2.108537e+01,2.098203e+01,2.105782e+01,2.104405e+01,2.105094e+01,2.098203e+01,2.098893e+01,2.103027e+01,2.101649e+01,2.105094e+01,2.100271e+01,2.093377e+01,2.107848e+01,2.103716e+01,2.109225e+01,2.110602e+01,2.108537e+01,2.102338e+01,2.100271e+01,2.111979e+01,2.103716e+01,2.112667e+01,2.105094e+01,2.102338e+01,2.105782e+01,2.116108e+01,2.118860e+01,2.111979e+01,2.123674e+01,2.111979e+01,2.129859e+01,2.106471e+01,2.111979e+01,2.118860e+01,2.113355e+01,2.109914e+01,2.110602e+01,2.100960e+01,2.103027e+01,2.106471e+01,2.118172e+01,2.102338e+01,2.102338e+01,2.107160e+01,2.111979e+01,2.090619e+01,2.111979e+01,2.103716e+01,2.097514e+01,2.109914e+01,2.117484e+01,2.111979e+01,2.107160e+01,2.109914e+01,2.099582e+01,2.113355e+01,2.109914e+01,2.110602e+01,2.119548e+01,2.100960e+01,2.109914e+01,2.109914e+01,2.106471e+01,2.110602e+01,2.126423e+01,2.100960e+01,2.106471e+01,2.110602e+01,2.108537e+01,2.105782e+01,2.111291e+01,2.099582e+01,2.109914e+01,2.107848e+01,2.110602e+01,2.120235e+01,2.114732e+01,2.102338e+01,2.101649e+01,2.107848e+01,2.110602e+01,2.109225e+01,2.109914e+01,2.102338e+01,2.111979e+01,2.122298e+01,2.117484e+01,2.107848e+01,2.109225e+01,2.107848e+01,2.109225e+01,2.107848e+01,2.118172e+01,2.118860e+01,2.115420e+01,2.107848e+01,2.111979e+01,2.102338e+01,2.120923e+01,2.107848e+01,2.109225e+01,2.110602e+01,2.111979e+01,2.111291e+01,2.110602e+01,2.122298e+01,2.100960e+01,2.111291e+01,2.113355e+01,2.109225e+01,2.114044e+01,2.111979e+01,2.106471e+01,2.110602e+01,2.113355e+01,2.129859e+01,2.133294e+01,2.110602e+01,2.123674e+01,2.117484e+01,2.117484e+01,2.114732e+01,2.118860e+01,2.100271e+01,2.109225e+01,2.109225e+01,2.113355e+01,2.107848e+01,2.117484e+01,2.114732e+01,2.118860e+01,2.108537e+01,2.118860e+01,2.107848e+01
2.115420e+01,2.112667e+01,2.112667e+01,2.115420e+01,2.107160e+01,2.115420e+01,2.107848e+01,2.107160e+01,2.121611e+01,2.107848e+01,2.120235e+01,2.114732e+01,2.108537e+01,2.120235e+01,2.108537e+01,2.120235e+01,2.106471e+01,2.107160e+01,2.103027e+01,2.121611e+01,2.118860e+01,2.111291e+01,2.115420e+01,2.116108e+01,2.109914e+01,2.110602e+01,2.110602e+01,2.116108e+01,2.114732e+01,2.108537e+01,2.108537e+01,2.122986e+01,2.105782e+01,2.106471e+01,2.104405e+01,2.105094e+01,2.111291e+01,2.107848e+01,2.116108e+01,2.107848e+01,2.110602e+01,2.114732e+01,2.116796e+01,2.102338e+01,2.116108e+01,2.107848e+01,2.116108e+01,2.103716e+01,2.109225e+01,2.107160e+01,2.107848e+01,2.105782e+01,2.105782e+01,2.107848e+01,2.111291e+01,2.098893e+01,2.109914e+01,2.105782e+01,2.112667e+01,2.103716e+01,2.111979e+01,2.105094e+01,2.109914e+01,2.107160e+01,2.112667e+01,2.107848e+01,2.107848e+01,2.113355e+01,2.112667e+01,2.109225e+01,2.108537e+01,2.109225e+01,2.118172e+01,2.109914e+01,2.116108e+01,2.111979e+01,2.117484e+01,2.109225e+01,2.109914e+01,2.114732e+01,2.113355e+01,2.116108e+01,2.120235e+01,2.118860e+01,2.115420e+01,2.129172e+01,2.111979e+01,2.114044e+01,2.122298e+01,2.120235e+01,2.114044e+01,2.119548e+01,2.114044e+01,2.115420e+01,2.123674e+01,2.114732e+01,2.116108e+01,2.120923e+01,2.113355e+01,2.128485e+01,2.125736e+01,2.124361e+01,2.121611e+01,2.114732e+01,2.120923e+01,2.122298e+01,2.120235e+01,2.118860e+01,2.120235e+01,2.117484e+01,2.123674e+01,2.124361e+01,2.118172e+01,2.125048e+01,2.124361e+01,2.122986e+01,2.119548e+01,2.115420e+01,2.113355e+01,2.116796e+01,2.114044e+01,2.124361e+01,2.122986e+01,2.114732e+01,2.120235e+01,2.124361e+01,2.112667e+01,2.129859e+01,2.114044e+01,2.118172e+01,2.116796e+01,2.113355e+01,2.114732e+01,2.123674e+01,2.113355e+01,2.118860e+01,2.118172e+01,2.115420e+01,2.116108e+01,2.114732e+01,2.127798e+01,2.126423e+01,2.118860e+01,2.122298e+01,2.116108e+01,2.127798e+01,2.120235e+01,2.121611e+01,2.124361e+01,2.131920e+01,2.121611e+01,2.131233e+01,2.126423e+01,2.125736e+01,2.128485e+01,2.120923e+01,2.120923e+01,2.133294e+01,2.128485e+01,2.128485e+01,2.127798e+01,2.132607e+01,2.119548e+01,2.130546e+01,2.134668e+01,2.131233e+01,2.140161e+01,2.137415e+01,2.132607e+01,2.134668e+01,2.133981e+01,2.138101e+01,2.134668e+01,2.130546e+01,2.142220e+01,2.139474e+01,2.139474e+01,2.138101e+01,2.134668e+01,2.136041e+01,2.140847e+01,2.138788e+01,2.140847e+01,2.138101e+01,2.137415e+01,2.138101e+01,2.136041e+01,2.133294e+01,2.135355e+01,2.138101e+01,2.132607e+01,2.139474e+01,2.137415e+01,2.127110e+01,2.105782e+01,2.081648e+01,2.044298e+01,1.999156e+01,1.989407e+01,1.988710e+01,1.989407e+01,1.986619e+01,1.983831e+01,1.987316e+01,1.985225e+01,1.982437e+01,1.982437e+01,1.986619e+01,1.983134e+01,1.985922e+01,1.983831e+01,1.978950e+01,1.979647e+01,1.985922e+01,1.992193e+01,1.985225e+01,1.983134e+01,1.985922e+01,1.987316e+01,1.986619e+01,1.988013e+01,1.988013e+01,1.984528e+01,1.987316e+01,1.984528e+01,1.983831e+01,1.987316e+01,2.003332e+01,1.983134e+01,1.983134e+01,1.995675e+01,1.997764e+01,1.997068e+01,1.989407e+01,1.989407e+01,1.986619e+01,1.985225e+01,1.992193e+01,1.999156e+01,1.997764e+01,1.986619e+01,1.983134e+01,1.989407e+01,1.990103e+01,1.990800e+01,1.989407e+01,1.998460e+01,1.992193e+01,1.992890e+01,1.988710e+01,1.990103e+01,1.988013e+01,1.981042e+01,1.981740e+01,1.992193e+01,1.993586e+01,1.994283e+01,1.990103e+01,1.986619e+01,1.990800e+01,1.988013e+01,1.988013e+01,1.990800e+01,1.992193e+01,1.992193e+01,1.990103e+01,1.987316e+01,2.017237e+01,2.065757e+01,2.063682e+01,2.033899e+01,2.028348e+01,2.031124e+01,2.037366e+01,2.024183e+01,2.030430e+01,2.032512e+01,2.036673e+01,2.033899e+01,2.027654e+01,2.033205e+01,2.030430e+01,2.033899e+01,2.030430e+01,2.023489e+01,2.035286e+01,2.044298e+01,2.045684e+01,2.039447e+01,2.050533e+01,2.055379e+01,2.080267e+01,2.091998e+01,2.093377e+01,2.082338e+01,2.087169e+01,2.099582e+01,2.096135e+01,2.093377e+01,2.100960e+01,2.091308e+01,2.099582e+01,2.097514e+01,2.097514e+01,2.090619e+01,2.095446e+01,2.106471e+01,2.091998e+01,2.089929e+01,2.094757e+01,2.093377e+01,2.090619e+01,2.100960e+01,2.089239e+01,2.078886e+01,2.086479e+01,2.088549e+01,2.087859e+01,2.069213e+01,2.055379e+01,2.047762e+01,2.062299e+01,2.048455e+01,2.055379e+01,2.056763e+01,2.051918e+01,2.050533e+01,2.044991e+01,2.054687e+01,2.072669e+01,2.078195e+01,2.091998e+01,2.103716e+01,2.108537e+01,2.116108e+01,2.113355e+01,2.116108e+01,2.116108e+01,2.097514e+01,2.065757e+01,2.056071e+01,2.065065e+01,2.064374e+01,2.071978e+01,2.069213e+01,2.069213e+01,2.080957e+01,2.087169e+01,2.117484e+01,2.119548e+01,2.124361e+01,2.128485e+01,2.128485e+01,2.111979e+01,2.122986e+01,2.128485e+01,2.124361e+01,2.127110e+01,2.131233e+01,2.129859e+01,2.121611e+01,2.133981e+01,2.127798e+01,2.120235e+01,2.131233e+01,2.130546e+01,2.134668e+01,2.153880e+01,2.151137e+01,2.152508e+01,2.151823e+01,2.158677e+01,2.166895e+01,2.149766e+01,2.171686e+01,2.173055e+01,2.154565e+01,2.110602e+01,2.060915e+01,2.000548e+01,1.999852e+01,1.992193e+01,1.995675e+01,1.992890e+01,1.992193e+01,1.997068e+01,2.020016e+01,2.042912e+01,2.048455e+01,2.088549e+01,2.117484e+01,2.143592e+01,2.166895e+01,2.171002e+01,2.103716e+01,2.032512e+01,1.994283e+01,1.988710e+01,1.997068e+01,1.985922e+01,1.983831e+01,1.986619e+01,1.985922e+01,1.984528e+01,1.985922e+01,1.988013e+01,1.992193e+01,1.984528e+01,1.992193e+01,1.988013e+01,1.983831e+01,1.994283e+01,1.992193e+01,1.989407e+01,1.994283e+01,1.990800e+01,1.994979e+01,1.988013e+01,1.995675e+01,1.996371e+01,1.997764e+01,1.997068e+01,1.999156e+01,2.019321e+01,1.997764e+01,1.991496e+01,1.992193e+01,1.995675e+01,1.994283e+01,1.998460e+01,1.999852e+01,1.989407e+01,1.993586e+01,1.992890e+01,1.979647e+01,1.981740e+01,1.994979e+01,1.988013e+01,1.985922e+01,1.985225e+01,1.985225e+01,1.983831e+01,1.983134e+01,1.994283e+01,2.022794e+01,2.078886e+01,2.108537e+01,2.124361e+01,2.145650e+01,2.129859e+01,2.142906e+01,2.146336e+01,2.131920e+01,2.140161e+01,2.130546e+01,2.142220e+01,2.140161e+01,2.142906e+01,2.136728e+01,2.137415e+01,2.133294e+01,2.133294e+01,2.136728e+01,2.153194e+01,2.134668e+01,2.127110e+01,2.144964e+01,2.149080e+01,2.135355e+01,2.144278e+01,2.134668e+01,2.137415e+01,2.127110e+01,2.141533e+01,2.128485e+01,2.137415e+01,2.130546e+01,2.131233e+01,2.139474e+01,2.129859e+01,2.140847e+01,2.137415e+01,2.138788e+01,2.131233e+01,2.132607e+01,2.125736e+01,2.132607e+01,2.134668e+01,2.125048e+01,2.116796e+01,2.120235e+01,2.131920e+01,2.133981e+01,2.117484e+01,2.131233e+01,2.122986e+01,2.118860e+01,2.119548e+01,2.122298e+01,2.118172e+01,2.116796e+01,2.114044e+01,2.103716e+01,2.114044e+01,2.106471e+01,2.111291e+01,2.108537e+01,2.108537e+01,2.107160e+01,2.100960e+01,2.101649e+01,2.103027e+01,2.115420e+01,2.103716e+01,2.116108e+01,2.115420e+01,2.110602e+01,2.104405e+01,2.105094e+01,2.105094e+01,2.100960e+01,2.097514e+01,2.100960e+01,2.108537e+01,2.107160e+01,2.104405e+01,2.100271e+01,2.108537e+01,2.100960e+01,2.110602e+01,2.105094e+01,2.098203e+01,2.118172e+01,2.111291e+01,2.108537e+01,2.106471e+01,2.111291e+01,2.109225e+01,2.109225e+01,2.111979e+01,2.107160e+01,2.109914e+01,2.109225e+01,2.105782e+01,2.100271e+01,2.103027e+01,2.104405e+01,2.103027e+01,2.109225e+01,2.101649e+01,2.107848e+01,2.100960e+01,2.101649e+01,2.104405e+01,2.107160e+01,2.099582e+01,2.099582e+01,2.107848e+01,2.111979e+01,2.116108e+01,2.114732e+01,2.110602e+01,2.120235e+01,2.098893e+01,2.110602e+01,2.109225e+01,2.107848e+01,2.105094e+01,2.109225e+01,2.108537e+01,2.116108e+01,2.109225e+01,2.101649e+01,2.107160e+01,2.107848e+01,2.107848e+01,2.115420e+01,2.111979e+01,2.107848e+01,2.104405e+01,2.103027e+01,2.100960e+01,2.111291e+01,2.109914e+01,2.107160e+01,2.100960e+01,2.113355e+01,2.116108e+01,2.113355e+01,2.105782e+01,2.115420e+01,2.107160e+01,2.129172e+01,2.127798e+01,2.113355e+01,2.108537e+01,2.109225e+01,2.108537e+01,2.113355e+01,2.108537e+01,2.114732e+01,2.115420e+01,2.101649e+01,2.110602e+01,2.112667e+01,2.114044e+01,2.110602e+01,2.111291e+01,2.114732e+01,2.111979e+01,2.109914e+01,2.107848e+01,2.105094e+01,2.102338e+01,2.112667e+01,2.116108e+01,2.129859e+01,2.109914e+01,2.108537e+01,2.108537e+01,2.108537e+01,2.133981e+01,2.116796e+01,2.113355e+01,2.121611e+01,2.116796e+01,2.113355e+01,2.113355e+01,2.112667e+01,2.112667e+01,2.126423e+01,2.118172e+01,2.111291e+01,2.115420e+01,2.113355e+01,2.115420e+01,2.117484e+01,2.118172e+01,2.118860e+01,2.111291e+01
2.115420e+01,2.118860e+01,2.114732e+01,2.113355e+01,2.116796e+01,2.100960e+01,2.104405e+01,2.109225e+01,2.104405e+01,2.109914e+01,2.103027e+01,2.107160e+01,2.106471e+01,2.111979e+01,2.105094e+01,2.110602e+01,2.105782e+01,2.123674e+01,2.103027e+01,2.103716e+01,2.107160e+01,2.109225e+01,2.114732e+01,2.113355e+01,2.116108e+01,2.107160e+01,2.108537e+01,2.109225e+01,2.114044e+01,2.111979e+01,2.117484e+01,2.107160e+01,2.100271e+01,2.109914e+01,2.110602e+01,2.103027e+01,2.104405e+01,2.107848e+01,2.105094e+01,2.103716e+01,2.102338e+01,2.103716e+01,2.118860e+01,2.118172e+01,2.107848e+01,2.111979e+01,2.102338e+01,2.111979e+01,2.114732e+01,2.108537e+01,2.106471e+01,2.108537e+01,2.107160e+01,2.107160e+01,2.107160e+01,2.110602e+01,2.107160e+01,2.108537e+01,2.111979e+01,2.114044e+01,2.111291e+01,2.109914e+01,2.107160e+01,2.100271e+01,2.109914e+01,2.105094e+01,2.113355e+01,2.112667e+01,2.115420e+01,2.118172e+01,2.111979e+01,2.103716e+01,2.109914e+01,2.112667e+01,2.107848e+01,2.110602e+01,2.109914e+01,2.110602e+01,2.108537e+01,2.107848e+01,2.109914e+01,2.107160e+01,2.114044e+01,2.122298e+01,2.115420e+01,2.118860e+01,2.113355e+01,2.119548e+01,2.114732e+01,2.118860e+01,2.119548e+01,2.117484e+01,2.114732e+01,2.118860e+01,2.117484e+01,2.115420e+01,2.118860e+01,2.127110e+01,2.119548e+01,2.119548e+01,2.122986e+01,2.118860e+01,2.120923e+01,2.132607e+01,2.125736e+01,2.109225e+01,2.121611e+01,2.120923e+01,2.123674e+01,2.120235e+01,2.125736e+01,2.126423e+01,2.122986e+01,2.117484e+01,2.114732e+01,2.119548e+01,2.113355e+01,2.112667e+01,2.111979e+01,2.113355e+01,2.121611e+01,2.119548e+01,2.114732e+01,2.112667e+01,2.117484e+01,2.116796e+01,2.114044e+01,2.127110e+01,2.126423e+01,2.112667e+01,2.123674e+01,2.114044e+01,2.116796e+01,2.121611e+01,2.115420e+01,2.115420e+01,2.115420e+01,2.116796e+01,2.118172e+01,2.120923e+01,2.112667e+01,2.120923e+01,2.118172e+01,2.119548e+01,2.118860e+01,2.126423e+01,2.120923e+01,2.118860e+01,2.132607e+01,2.119548e+01,2.117484e+01,2.127798e+01,2.118860e+01,2.120235e+01,2.131920e+01,2.132607e+01,2.133294e+01,2.126423e+01,2.127798e+01,2.133294e+01,2.122298e+01,2.118860e+01,2.127110e+01,2.133981e+01,2.128485e+01,2.131920e+01,2.137415e+01,2.136728e+01,2.136041e+01,2.133294e+01,2.134668e+01,2.133981e+01,2.135355e+01,2.132607e+01,2.137415e+01,2.135355e+01,2.140161e+01,2.138788e+01,2.131920e+01,2.136041e+01,2.141533e+01,2.141533e+01,2.136041e+01,2.140847e+01,2.129859e+01,2.131920e+01,2.135355e+01,2.135355e+01,2.136728e+01,2.143592e+01,2.138101e+01,2.136728e+01,2.131920e+01,2.127110e+01,2.122986e+01,2.103027e+01,2.067831e+01,2.044991e+01,1.992890e+01,1.984528e+01,1.986619e+01,1.990103e+01,1.983134e+01,1.988710e+01,1.974764e+01,1.985922e+01,1.988710e+01,1.981740e+01,1.981042e+01,1.981042e+01,1.976160e+01,1.978950e+01,1.978950e+01,1.976858e+01,1.983831e+01,1.985922e+01,1.990103e+01,1.981042e+01,1.992193e+01,1.983831e+01,1.991496e+01,1.985922e+01,1.985225e+01,1.986619e+01,1.988710e+01,1.985225e+01,1.985225e+01,1.984528e+01,1.990103e+01,1.983134e+01,1.990800e+01,1.981042e+01,1.981740e+01,1.985225e+01,1.988710e+01,1.986619e+01,1.986619e+01,1.986619e+01,1.986619e+01,1.983831e+01,1.986619e+01,1.996371e+01,1.992890e+01,1.988710e+01,1.976160e+01,1.990103e+01,1.990103e+01,1.988013e+01,1.983831e+01,1.986619e+01,1.983831e+01,1.984528e+01,1.976160e+01,1.986619e+01,1.981740e+01,1.988710e+01,1.983831e+01,1.985225e+01,1.985225e+01,1.988013e+01,1.995675e+01,1.990800e+01,1.985922e+01,1.987316e+01,1.990800e+01,1.992193e+01,1.988013e+01,2.013068e+01,2.056763e+01,2.064374e+01,2.033899e+01,2.047762e+01,2.032512e+01,2.044298e+01,2.031818e+01,2.029736e+01,2.039447e+01,2.026960e+01,2.021405e+01,2.020711e+01,2.029736e+01,2.022100e+01,2.025571e+01,2.032512e+01,2.032512e+01,2.040833e+01,2.040833e+01,2.036673e+01,2.039447e+01,2.042912e+01,2.045684e+01,2.052610e+01,2.067139e+01,2.084409e+01,2.088549e+01,2.084409e+01,2.087169e+01,2.091308e+01,2.091308e+01,2.093377e+01,2.089239e+01,2.085789e+01,2.093377e+01,2.083719e+01,2.087859e+01,2.089929e+01,2.090619e+01,2.089929e+01,2.087169e+01,2.093377e+01,2.094067e+01,2.093377e+01,2.100960e+01,2.097514e+01,2.085789e+01,2.088549e+01,2.089929e+01,2.083719e+01,2.084409e+01,2.049148e+01,2.049840e+01,2.045684e+01,2.049148e+01,2.049148e+01,2.044298e+01,2.050533e+01,2.053995e+01,2.057456e+01,2.054687e+01,2.057456e+01,2.065757e+01,2.083719e+01,2.089239e+01,2.100271e+01,2.114732e+01,2.098203e+01,2.105782e+01,2.089929e+01,2.091308e+01,2.060915e+01,2.068522e+01,2.069905e+01,2.069213e+01,2.070596e+01,2.066448e+01,2.066448e+01,2.077505e+01,2.105782e+01,2.118172e+01,2.122986e+01,2.107848e+01,2.125048e+01,2.123674e+01,2.129172e+01,2.127110e+01,2.126423e+01,2.122986e+01,2.128485e+01,2.131233e+01,2.119548e+01,2.120923e+01,2.126423e+01,2.129859e+01,2.129172e+01,2.133294e+01,2.129172e+01,2.137415e+01,2.146336e+01,2.141533e+01,2.150451e+01,2.151137e+01,2.161417e+01,2.160047e+01,2.164157e+01,2.177159e+01,2.172371e+01,2.171002e+01,2.138788e+01,2.078886e+01,2.015153e+01,2.008201e+01,2.001940e+01,1.995675e+01,1.988710e+01,1.990800e+01,1.992890e+01,2.018627e+01,2.053995e+01,2.070596e+01,2.089929e+01,2.109225e+01,2.123674e+01,2.176475e+01,2.176475e+01,2.103027e+01,2.035286e+01,1.994979e+01,1.994283e+01,1.987316e+01,1.985922e+01,1.986619e+01,1.984528e+01,1.976858e+01,1.981740e+01,1.987316e+01,1.982437e+01,1.988710e+01,1.979647e+01,1.993586e+01,1.984528e+01,1.982437e+01,1.988013e+01,1.989407e+01,1.988013e+01,1.989407e+01,1.990800e+01,1.990103e+01,1.990103e+01,1.995675e+01,1.992890e+01,1.986619e+01,1.992890e+01,1.996371e+01,1.996371e+01,1.988710e+01,1.983134e+01,1.986619e+01,1.988710e+01,1.990103e+01,1.985922e+01,1.988710e+01,1.985922e+01,2.001244e+01,1.992193e+01,1.981042e+01,1.990800e+01,1.980345e+01,1.989407e+01,1.987316e+01,1.984528e+01,1.983134e+01,1.983831e+01,1.985225e+01,1.985922e+01,2.014458e+01,2.064374e+01,2.107160e+01,2.136728e+01,2.129859e+01,2.144964e+01,2.143592e+01,2.134668e+01,2.133981e+01,2.140847e+01,2.132607e+01,2.138788e+01,2.139474e+01,2.136728e+01,2.133294e+01,2.132607e+01,2.134668e+01,2.131233e+01,2.144278e+01,2.137415e+01,2.131233e+01,2.136041e+01,2.125048e+01,2.145650e+01,2.140161e+01,2.128485e+01,2.132607e+01,2.137415e+01,2.131233e+01,2.139474e+01,2.136728e+01,2.140161e+01,2.141533e+01,2.135355e+01,2.130546e+01,2.137415e+01,2.131920e+01,2.127110e+01,2.129859e+01,2.131233e+01,2.131920e+01,2.129859e+01,2.127110e+01,2.126423e+01,2.127110e+01,2.128485e+01,2.129859e+01,2.130546e+01,2.117484e+01,2.134668e+01,2.132607e+01,2.122986e+01,2.122986e+01,2.122298e+01,2.119548e+01,2.120923e+01,2.114732e+01,2.107160e+01,2.110602e+01,2.112667e+01,2.098893e+01,2.109914e+01,2.098893e+01,2.112667e+01,2.125048e+01,2.107848e+01,2.105782e+01,2.108537e+01,2.098893e+01,2.107160e+01,2.111291e+01,2.107160e+01,2.103716e+01,2.110602e+01,2.110602e+01,2.107848e+01,2.107160e+01,2.096135e+01,2.107160e+01,2.095446e+01,2.093377e+01,2.097514e+01,2.097514e+01,2.098203e+01,2.109225e+01,2.106471e+01,2.108537e+01,2.108537e+01,2.107160e+01,2.106471e+01,2.108537e+01,2.113355e+01,2.113355e+01,2.113355e+01,2.100960e+01,2.105094e+01,2.103716e+01,2.100271e+01,2.106471e+01,2.105782e+01,2.104405e+01,2.096135e+01,2.098893e+01,2.111979e+01,2.117484e+01,2.094067e+01,2.108537e+01,2.098893e+01,2.102338e+01,2.107848e+01,2.099582e+01,2.107160e+01,2.105782e+01,2.103716e+01,2.101649e+01,2.110602e+01,2.110602e+01,2.112667e+01,2.109225e+01,2.097514e+01,2.109914e+01,2.108537e+01,2.100271e+01,2.111979e+01,2.107160e+01,2.105782e+01,2.098893e+01,2.103716e+01,2.098203e+01,2.111291e+01,2.105782e+01,2.104405e+01,2.106471e+01,2.103716e+01,2.107848e+01,2.103027e+01,2.105094e+01,2.111979e+01,2.136041e+01,2.102338e+01,2.108537e+01,2.107848e+01,2.111291e+01,2.111979e+01,2.110602e+01,2.113355e+01,2.105094e+01,2.106471e+01,2.110602e+01,2.109225e+01,2.111979e+01,2.112667e+01,2.115420e+01,2.103716e+01,2.119548e+01,2.102338e+01,2.116108e+01,2.116796e+01,2.111291e+01,2.100271e+01,2.110602e+01,2.098203e+01,2.112667e+01,2.096135e+01,2.120923e+01,2.106471e+01,2.112667e+01,2.109225e+01,2.105782e+01,2.120923e+01,2.096135e+01,2.117484e+01,2.124361e+01,2.114732e+01,2.107160e+01,2.107160e+01,2.109225e+01,2.120235e+01,2.109914e+01,2.115420e+01,2.112667e+01,2.120235e+01,2.124361e+01,2.120923e+01,2.106471e+01,2.117484e+01,2.115420e+01,2.111979e+01,2.112667e+01,2.129859e+01,2.114044e+01,2.117484e+01,2.113355e+01,2.111291e+01,2.113355e+01,2.108537e+01
2.114732e+01,2.121611e+01,2.135355e+01,2.102338e+01,2.114732e+01,2.102338e+01,2.102338e+01,2.104405e+01,2.124361e+01,2.124361e+01,2.109225e+01,2.125048e+01,2.108537e+01,2.113355e+01,2.109914e+01,2.107160e+01,2.112667e+01,2.103716e+01,2.115420e+01,2.120235e+01,2.111291e+01,2.113355e+01,2.110602e+01,2.115420e+01,2.114044e+01,2.115420e+01,2.111979e+01,2.111291e+01,2.114732e+01,2.107160e+01,2.118860e+01,2.111979e+01,2.105094e+01,2.103027e+01,2.111291e+01,2.107848e+01,2.106471e+01,2.107160e+01,2.105094e+01,2.107160e+01,2.105782e+01,2.116108e+01,2.100271e+01,2.103716e+01,2.105782e+01,2.114044e+01,2.107160e+01,2.119548e+01,2.105094e+01,2.109225e+01,2.109914e+01,2.110602e+01,2.110602e+01,2.111291e+01,2.109225e+01,2.112667e+01,2.115420e+01,2.109225e+01,2.114732e+01,2.103716e+01,2.109914e+01,2.118860e+01,2.110602e+01,2.103716e+01,2.111291e+01,2.105094e+01,2.115420e+01,2.118172e+01,2.110602e+01,2.110602e+01,2.110602e+01,2.113355e+01,2.110602e+01,2.107160e+01,2.117484e+01,2.124361e+01,2.115420e+01,2.116108e+01,2.109914e+01,2.118172e+01,2.116796e+01,2.123674e+01,2.122986e+01,2.117484e+01,2.120235e+01,2.105094e+01,2.115420e+01,2.129172e+01,2.114044e+01,2.122298e+01,2.119548e+01,2.117484e+01,2.118860e+01,2.116796e+01,2.113355e+01,2.117484e+01,2.115420e+01,2.125736e+01,2.118172e+01,2.129172e+01,2.120923e+01,2.119548e+01,2.117484e+01,2.118860e+01,2.122986e+01,2.120235e+01,2.121611e+01,2.120235e+01,2.124361e+01,2.127798e+01,2.129172e+01,2.118172e+01,2.117484e+01,2.122986e+01,2.114732e+01,2.113355e+01,2.116796e+01,2.114732e+01,2.113355e+01,2.122298e+01,2.115420e+01,2.114732e+01,2.123674e+01,2.109914e+01,2.123674e+01,2.125048e+01,2.124361e+01,2.121611e+01,2.136041e+01,2.114044e+01,2.112667e+01,2.116796e+01,2.114732e+01,2.120923e+01,2.116796e+01,2.113355e+01,2.120235e+01,2.119548e+01,2.110602e+01,2.118172e+01,2.118860e+01,2.120923e+01,2.119548e+01,2.124361e+01,2.119548e+01,2.120923e+01,2.119548e+01,2.133981e+01,2.134668e+01,2.122298e+01,2.127110e+01,2.131920e+01,2.117484e+01,2.126423e+01,2.134668e+01,2.128485e+01,2.133981e+01,2.122298e+01,2.127110e+01,2.133981e+01,2.135355e+01,2.120923e+01,2.132607e+01,2.131233e+01,2.130546e+01,2.139474e+01,2.135355e+01,2.132607e+01,2.136041e+01,2.133294e+01,2.129859e+01,2.136041e+01,2.126423e+01,2.128485e+01,2.136728e+01,2.129859e+01,2.133981e+01,2.129859e+01,2.142906e+01,2.140161e+01,2.137415e+01,2.122298e+01,2.143592e+01,2.144278e+01,2.132607e+01,2.126423e+01,2.135355e+01,2.134668e+01,2.136728e+01,2.143592e+01,2.138788e+01,2.143592e+01,2.134668e+01,2.136041e+01,2.129859e+01,2.130546e+01,2.101649e+01,2.067139e+01,2.020711e+01,1.995675e+01,1.989407e+01,1.983134e+01,1.984528e+01,1.992193e+01,1.989407e+01,1.982437e+01,1.982437e+01,1.977555e+01,1.980345e+01,1.981740e+01,1.981740e+01,1.982437e+01,1.976858e+01,1.985922e+01,1.979647e+01,1.988013e+01,1.988710e+01,1.981042e+01,1.988710e+01,1.985225e+01,1.985225e+01,1.991496e+01,1.985225e+01,1.985922e+01,1.985225e+01,1.985922e+01,1.986619e+01,1.995675e+01,1.997764e+01,1.996371e+01,1.982437e+01,1.993586e+01,1.980345e+01,1.982437e+01,1.994283e+01,1.986619e+01,1.985922e+01,1.987316e+01,1.989407e+01,1.978950e+01,1.996371e+01,1.992890e+01,1.985922e+01,1.989407e+01,1.992193e+01,1.988013e+01,1.988013e+01,1.989407e+01,1.986619e+01,1.982437e+01,1.983134e+01,1.983134e+01,1.996371e+01,1.982437e+01,1.987316e+01,1.981740e+01,1.989407e+01,1.983831e+01,1.988013e+01,1.994283e+01,1.994979e+01,1.990103e+01,1.992890e+01,1.992193e+01,1.988710e+01,1.992890e+01,1.991496e+01,2.013763e+01,2.054687e+01,2.080957e+01,2.049148e+01,2.029736e+01,2.034592e+01,2.029736e+01,2.031818e+01,2.042219e+01,2.033899e+01,2.031818e+01,2.040140e+01,2.026266e+01,2.020016e+01,2.025571e+01,2.024877e+01,2.025571e+01,2.024877e+01,2.033899e+01,2.038753e+01,2.036673e+01,2.034592e+01,2.038060e+01,2.055379e+01,2.044991e+01,2.057456e+01,2.076814e+01,2.081648e+01,2.098203e+01,2.099582e+01,2.091308e+01,2.095446e+01,2.085789e+01,2.097514e+01,2.100960e+01,2.096135e+01,2.093377e+01,2.098203e+01,2.083719e+01,2.089239e+01,2.080957e+01,2.091998e+01,2.087169e+01,2.093377e+01,2.086479e+01,2.085099e+01,2.085789e+01,2.092688e+01,2.098203e+01,2.085789e+01,2.086479e+01,2.085099e+01,2.082338e+01,2.049840e+01,2.051918e+01,2.053995e+01,2.065065e+01,2.059531e+01,2.052610e+01,2.052610e+01,2.055379e+01,2.067831e+01,2.080267e+01,2.080957e+01,2.084409e+01,2.094757e+01,2.094757e+01,2.092688e+01,2.094757e+01,2.096825e+01,2.082338e+01,2.068522e+01,2.068522e+01,2.057456e+01,2.063682e+01,2.067139e+01,2.076123e+01,2.067831e+01,2.067831e+01,2.091998e+01,2.108537e+01,2.116796e+01,2.111979e+01,2.123674e+01,2.119548e+01,2.121611e+01,2.123674e+01,2.125736e+01,2.129172e+01,2.126423e+01,2.114044e+01,2.114044e+01,2.119548e+01,2.123674e+01,2.127110e+01,2.125736e+01,2.127110e+01,2.130546e+01,2.131233e+01,2.142220e+01,2.146336e+01,2.145650e+01,2.151137e+01,2.154565e+01,2.168949e+01,2.174423e+01,2.172371e+01,2.171686e+01,2.190828e+01,2.184679e+01,2.174423e+01,2.109914e+01,2.043605e+01,2.015848e+01,1.993586e+01,1.993586e+01,1.991496e+01,2.004027e+01,2.024183e+01,2.043605e+01,2.062299e+01,2.067139e+01,2.093377e+01,2.120235e+01,2.151823e+01,2.186729e+01,2.175791e+01,2.149766e+01,2.081648e+01,2.019321e+01,1.990103e+01,1.992890e+01,1.987316e+01,1.981740e+01,1.982437e+01,1.982437e+01,1.985225e+01,1.980345e+01,1.991496e+01,1.991496e+01,1.990800e+01,1.988013e+01,1.991496e+01,1.991496e+01,1.990800e+01,1.985922e+01,1.981740e+01,1.988013e+01,1.990800e+01,1.992890e+01,1.985922e+01,1.988710e+01,1.988710e+01,1.992193e+01,1.987316e+01,1.988013e+01,1.983831e+01,2.003332e+01,1.994979e+01,1.997764e+01,1.992193e+01,1.986619e+01,1.995675e+01,2.000548e+01,1.979647e+01,1.985922e+01,1.985225e+01,1.997068e+01,1.988013e+01,1.996371e+01,1.983831e+01,1.991496e+01,1.984528e+01,1.987316e+01,1.989407e+01,1.992193e+01,1.992890e+01,1.988710e+01,2.021405e+01,2.085099e+01,2.125736e+01,2.135355e+01,2.127798e+01,2.130546e+01,2.144964e+01,2.138788e+01,2.138788e+01,2.151137e+01,2.137415e+01,2.138101e+01,2.134668e+01,2.147708e+01,2.137415e+01,2.131920e+01,2.132607e+01,2.137415e+01,2.140847e+01,2.126423e+01,2.133981e+01,2.136041e+01,2.136041e+01,2.136041e+01,2.129859e+01,2.131920e+01,2.133981e+01,2.134668e+01,2.129172e+01,2.129859e+01,2.138788e+01,2.140847e+01,2.136728e+01,2.139474e+01,2.140847e+01,2.127110e+01,2.129859e+01,2.131920e+01,2.129172e+01,2.130546e+01,2.127798e+01,2.131233e+01,2.125736e+01,2.129172e+01,2.120923e+01,2.127798e+01,2.131920e+01,2.127798e+01,2.118860e+01,2.127798e+01,2.122298e+01,2.116796e+01,2.120235e+01,2.122298e+01,2.120235e+01,2.111291e+01,2.120923e+01,2.110602e+01,2.114044e+01,2.116108e+01,2.108537e+01,2.106471e+01,2.103027e+01,2.099582e+01,2.107160e+01,2.105094e+01,2.099582e+01,2.114732e+01,2.102338e+01,2.098893e+01,2.105094e+01,2.109225e+01,2.112667e+01,2.107160e+01,2.111291e+01,2.095446e+01,2.107160e+01,2.105094e+01,2.111291e+01,2.110602e+01,2.112667e+01,2.102338e+01,2.111979e+01,2.096825e+01,2.106471e+01,2.109914e+01,2.106471e+01,2.105782e+01,2.103716e+01,2.109225e+01,2.107848e+01,2.108537e+01,2.102338e+01,2.112667e+01,2.110602e+01,2.106471e+01,2.103716e+01,2.108537e+01,2.094067e+01,2.103716e+01,2.107848e+01,2.107160e+01,2.105782e+01,2.107160e+01,2.100960e+01,2.107160e+01,2.105094e+01,2.103027e+01,2.112667e+01,2.109914e+01,2.097514e+01,2.104405e+01,2.109914e+01,2.108537e+01,2.109914e+01,2.112667e+01,2.110602e+01,2.109225e+01,2.100271e+01,2.114044e+01,2.114732e+01,2.108537e+01,2.116796e+01,2.105782e+01,2.111979e+01,2.114044e+01,2.114044e+01,2.118860e+01,2.111291e+01,2.116796e+01,2.111979e+01,2.107848e+01,2.096825e+01,2.106471e+01,2.107848e+01,2.111979e+01,2.115420e+01,2.108537e+01,2.105094e+01,2.110602e+01,2.105094e+01,2.117484e+01,2.111979e+01,2.112667e+01,2.113355e+01,2.115420e+01,2.124361e+01,2.111979e+01,2.111979e+01,2.114044e+01,2.109225e+01,2.112667e+01,2.133981e+01,2.110602e+01,2.116796e+01,2.114732e+01,2.115420e+01,2.116796e+01,2.105094e+01,2.113355e+01,2.118172e+01,2.115420e+01,2.108537e+01,2.127110e+01,2.109225e+01,2.118860e+01,2.112667e+01,2.116108e+01,2.109914e+01,2.105094e+01,2.116108e+01,2.124361e+01,2.109914e+01,2.111291e+01,2.108537e+01,2.119548e+01,2.122986e+01,2.120923e+01,2.118860e+01,2.120235e+01,2.121611e+01,2.120235e+01,2.116796e+01,2.116108e+01,2.118172e+01,2.114732e+01,2.116796e+01,2.122298e+01,2.113355e+01,2.111979e+01,2.113355e+01,2.118172e+01,2.115420e+01,2.108537e+01,2.107160e+01
2.113355e+01,2.125736e+01,2.111979e+01,2.106471e+01,2.108537e+01,2.116108e+01,2.105094e+01,2.107848e+01,2.108537e+01,2.110602e+01,2.129859e+01,2.111979e+01,2.131233e+01,2.121611e+01,2.111979e+01,2.116796e+01,2.111291e+01,2.119548e+01,2.111979e+01,2.107848e+01,2.110602e+01,2.102338e+01,2.114044e+01,2.118172e+01,2.116108e+01,2.114044e+01,2.111979e+01,2.120235e+01,2.119548e+01,2.111979e+01,2.099582e+01,2.116108e+01,2.114044e+01,2.110602e+01,2.100960e+01,2.105782e+01,2.104405e+01,2.119548e+01,2.116796e+01,2.105782e+01,2.107160e+01,2.112667e+01,2.118860e+01,2.118172e+01,2.116796e+01,2.103716e+01,2.107848e+01,2.107160e+01,2.107848e+01,2.109225e+01,2.109225e+01,2.108537e+01,2.112667e+01,2.107160e+01,2.112667e+01,2.108537e+01,2.111979e+01,2.106471e+01,2.115420e+01,2.107848e+01,2.111979e+01,2.110602e+01,2.100960e+01,2.103027e+01,2.103027e+01,2.111979e+01,2.110602e+01,2.117484e+01,2.107160e+01,2.115420e+01,2.104405e+01,2.109914e+01,2.106471e+01,2.115420e+01,2.113355e+01,2.112667e+01,2.116108e+01,2.112667e+01,2.118172e+01,2.119548e+01,2.120235e+01,2.113355e+01,2.123674e+01,2.121611e+01,2.104405e+01,2.118860e+01,2.118860e+01,2.116796e+01,2.119548e+01,2.120923e+01,2.116796e+01,2.120235e+01,2.116796e+01,2.142906e+01,2.116796e+01,2.122298e+01,2.116108e+01,2.122986e+01,2.124361e+01,2.118172e+01,2.116796e+01,2.122986e+01,2.115420e+01,2.118172e+01,2.125048e+01,2.122986e+01,2.121611e+01,2.123674e+01,2.120235e+01,2.117484e+01,2.122298e+01,2.122986e+01,2.119548e+01,2.120923e+01,2.119548e+01,2.114044e+01,2.114044e+01,2.118860e+01,2.129859e+01,2.115420e+01,2.121611e+01,2.106471e+01,2.120235e+01,2.121611e+01,2.121611e+01,2.122986e+01,2.107848e+01,2.117484e+01,2.109914e+01,2.127110e+01,2.118860e+01,2.117484e+01,2.122986e+01,2.112667e+01,2.118172e+01,2.115420e+01,2.120923e+01,2.120235e+01,2.116108e+01,2.127798e+01,2.118860e+01,2.127798e+01,2.119548e+01,2.126423e+01,2.121611e+01,2.130546e+01,2.121611e+01,2.121611e+01,2.133981e+01,2.116796e+01,2.134668e+01,2.120923e+01,2.132607e+01,2.123674e+01,2.129859e+01,2.133981e+01,2.128485e+01,2.126423e+01,2.122986e+01,2.130546e+01,2.131233e+01,2.119548e+01,2.113355e+01,2.133294e+01,2.136041e+01,2.138788e+01,2.133294e+01,2.129859e+01,2.132607e+01,2.127110e+01,2.141533e+01,2.137415e+01,2.136041e+01,2.129859e+01,2.131920e+01,2.137415e+01,2.135355e+01,2.135355e+01,2.131920e+01,2.137415e+01,2.139474e+01,2.136041e+01,2.138101e+01,2.136728e+01,2.144278e+01,2.141533e+01,2.133294e+01,2.134668e+01,2.139474e+01,2.140847e+01,2.145650e+01,2.132607e+01,2.144964e+01,2.132607e+01,2.130546e+01,2.127798e+01,2.116108e+01,2.092688e+01,2.044298e+01,1.994283e+01,1.978253e+01,1.987316e+01,1.979647e+01,1.984528e+01,1.992193e+01,1.972671e+01,1.993586e+01,1.988710e+01,1.981740e+01,1.984528e+01,1.978253e+01,1.983134e+01,1.975462e+01,1.983134e+01,1.994979e+01,1.989407e+01,1.990800e+01,1.990103e+01,1.989407e+01,1.982437e+01,1.987316e+01,1.981042e+01,1.990800e+01,1.983831e+01,1.982437e+01,1.985225e+01,1.986619e+01,1.986619e+01,1.987316e+01,1.985922e+01,1.999156e+01,1.983134e+01,2.002636e+01,1.986619e+01,1.985922e+01,1.986619e+01,1.989407e+01,1.985922e+01,1.992890e+01,1.985922e+01,1.990800e+01,1.992890e+01,1.994979e+01,1.987316e+01,1.991496e+01,1.990800e+01,1.986619e+01,1.985922e+01,1.981740e+01,1.986619e+01,1.981740e+01,1.979647e+01,1.995675e+01,1.985922e+01,1.985922e+01,1.990103e+01,1.981740e+01,1.984528e+01,1.988013e+01,1.990103e+01,1.991496e+01,1.986619e+01,1.993586e+01,1.990800e+01,1.985922e+01,1.993586e+01,1.989407e+01,1.999852e+01,2.042219e+01,2.086479e+01,2.048455e+01,2.035980e+01,2.035286e+01,2.036673e+01,2.029042e+01,2.018627e+01,2.033205e+01,2.042219e+01,2.025571e+01,2.030430e+01,2.037366e+01,2.024183e+01,2.025571e+01,2.030430e+01,2.038753e+01,2.037366e+01,2.038060e+01,2.030430e+01,2.041526e+01,2.031124e+01,2.043605e+01,2.042912e+01,2.056763e+01,2.056071e+01,2.069905e+01,2.086479e+01,2.092688e+01,2.080957e+01,2.091998e+01,2.093377e+01,2.095446e+01,2.096825e+01,2.096825e+01,2.085099e+01,2.091998e+01,2.087859e+01,2.091308e+01,2.091308e+01,2.091998e+01,2.092688e+01,2.091998e+01,2.093377e+01,2.096825e+01,2.085789e+01,2.094757e+01,2.085789e+01,2.089929e+01,2.087859e+01,2.088549e+01,2.093377e+01,2.076814e+01,2.059531e+01,2.074051e+01,2.058148e+01,2.071287e+01,2.060915e+01,2.056071e+01,2.065757e+01,2.074742e+01,2.069905e+01,2.086479e+01,2.094067e+01,2.083719e+01,2.098893e+01,2.093377e+01,2.093377e+01,2.084409e+01,2.076814e+01,2.065757e+01,2.058148e+01,2.066448e+01,2.068522e+01,2.066448e+01,2.069213e+01,2.078195e+01,2.085789e+01,2.095446e+01,2.097514e+01,2.109225e+01,2.101649e+01,2.107848e+01,2.118860e+01,2.119548e+01,2.111979e+01,2.116796e+01,2.120923e+01,2.114044e+01,2.126423e+01,2.120235e+01,2.118860e+01,2.112667e+01,2.125736e+01,2.127798e+01,2.129859e+01,2.129172e+01,2.131233e+01,2.129859e+01,2.127798e+01,2.147708e+01,2.150451e+01,2.156621e+01,2.168949e+01,2.165526e+01,2.178527e+01,2.183996e+01,2.181262e+01,2.191511e+01,2.181262e+01,2.136728e+01,2.060223e+01,2.025571e+01,2.027654e+01,1.999156e+01,1.998460e+01,2.037366e+01,2.044298e+01,2.047070e+01,2.069213e+01,2.072669e+01,2.082338e+01,2.114044e+01,2.147708e+01,2.171002e+01,2.183996e+01,2.170318e+01,2.126423e+01,2.035286e+01,2.010287e+01,1.985225e+01,1.985225e+01,1.988013e+01,1.981740e+01,1.981740e+01,1.985922e+01,1.978253e+01,1.992890e+01,1.991496e+01,1.994283e+01,1.980345e+01,1.994979e+01,1.990103e+01,1.990800e+01,1.983831e+01,1.987316e+01,1.974067e+01,1.985225e+01,1.986619e+01,1.986619e+01,1.982437e+01,1.983831e+01,1.992193e+01,1.985922e+01,1.998460e+01,1.997068e+01,1.997068e+01,1.989407e+01,1.988710e+01,1.990800e+01,1.995675e+01,1.990103e+01,1.989407e+01,1.987316e+01,1.981042e+01,1.988013e+01,1.988013e+01,1.983831e+01,1.989407e+01,1.992193e+01,1.989407e+01,1.988710e+01,1.985922e+01,1.985922e+01,1.992193e+01,1.981042e+01,1.994283e+01,1.996371e+01,2.048455e+01,2.100960e+01,2.127110e+01,2.127798e+01,2.142906e+01,2.141533e+01,2.143592e+01,2.138788e+01,2.138101e+01,2.138101e+01,2.145650e+01,2.139474e+01,2.144964e+01,2.139474e+01,2.136728e+01,2.142220e+01,2.147022e+01,2.139474e+01,2.128485e+01,2.136041e+01,2.131920e+01,2.140847e+01,2.151823e+01,2.128485e+01,2.135355e+01,2.140847e+01,2.133294e+01,2.142220e+01,2.137415e+01,2.136041e+01,2.136728e+01,2.137415e+01,2.138788e+01,2.142220e+01,2.140161e+01,2.131920e+01,2.131920e+01,2.130546e+01,2.129172e+01,2.122986e+01,2.131920e+01,2.128485e+01,2.127798e+01,2.127798e+01,2.125736e+01,2.128485e+01,2.124361e+01,2.120235e+01,2.127798e+01,2.116796e+01,2.116108e+01,2.122298e+01,2.122986e+01,2.116796e+01,2.120235e+01,2.118172e+01,2.109225e+01,2.120235e+01,2.113355e+01,2.115420e+01,2.101649e+01,2.098203e+01,2.106471e+01,2.109225e+01,2.107160e+01,2.114044e+01,2.116796e+01,2.118172e+01,2.116108e+01,2.111979e+01,2.105782e+01,2.112667e+01,2.111291e+01,2.107160e+01,2.108537e+01,2.105782e+01,2.104405e+01,2.103716e+01,2.108537e+01,2.094067e+01,2.101649e+01,2.108537e+01,2.116796e+01,2.107160e+01,2.109225e+01,2.110602e+01,2.103027e+01,2.120923e+01,2.105782e+01,2.105094e+01,2.112667e+01,2.107848e+01,2.104405e+01,2.115420e+01,2.109914e+01,2.109914e+01,2.103716e+01,2.104405e+01,2.106471e+01,2.107160e+01,2.105094e+01,2.108537e+01,2.102338e+01,2.103027e+01,2.105094e+01,2.101649e+01,2.118172e+01,2.105782e+01,2.103027e+01,2.111979e+01,2.109914e+01,2.091998e+01,2.110602e+01,2.109225e+01,2.109225e+01,2.110602e+01,2.106471e+01,2.096135e+01,2.120235e+01,2.107160e+01,2.109914e+01,2.099582e+01,2.103027e+01,2.105094e+01,2.109225e+01,2.108537e+01,2.109225e+01,2.108537e+01,2.111979e+01,2.120923e+01,2.111291e+01,2.111979e+01,2.121611e+01,2.101649e+01,2.111979e+01,2.114732e+01,2.108537e+01,2.106471e+01,2.106471e+01,2.109914e+01,2.108537e+01,2.115420e+01,2.119548e+01,2.109914e+01,2.113355e+01,2.121611e+01,2.119548e+01,2.087859e+01,2.111291e+01,2.107848e+01,2.117484e+01,2.117484e+01,2.109225e+01,2.112667e+01,2.108537e+01,2.117484e+01,2.109914e+01,2.113355e+01,2.119548e+01,2.119548e+01,2.107848e+01,2.118860e+01,2.125736e+01,2.117484e+01,2.106471e+01,2.111979e+01,2.105782e+01,2.106471e+01,2.116108e+01,2.114044e+01,2.114044e+01,2.111291e+01,2.114732e+01,2.112667e+01,2.109225e+01,2.111979e+01,2.120235e+01,2.117484e+01,2.118860e+01,2.106471e+01,2.120235e+01,2.117484e+01,2.126423e+01,2.127798e+01,2.109225e+01,2.120235e+01,2.118860e+01,2.114044e+01,2.111291e+01,2.115420e+01,2.109225e+01,2.113355e+01,2.111291e+01,2.105782e+01
2.113355e+01,2.108537e+01,2.116796e+01,2.116796e+01,2.116108e+01,2.114044e+01,2.106471e+01,2.111291e+01,2.121611e+01,2.126423e+01,2.107848e+01,2.112667e+01,2.114044e+01,2.116796e+01,2.111291e+01,2.114044e+01,2.107848e+01,2.120923e+01,2.110602e+01,2.106471e+01,2.109225e+01,2.111979e+01,2.131920e+01,2.115420e+01,2.111291e+01,2.118172e+01,2.113355e+01,2.109914e+01,2.107848e+01,2.116108e+01,2.117484e+01,2.122298e+01,2.113355e+01,2.102338e+01,2.116108e+01,2.106471e+01,2.114732e+01,2.106471e+01,2.106471e+01,2.111979e+01,2.112667e+01,2.116108e+01,2.120235e+01,2.115420e+01,2.100960e+01,2.113355e+01,2.102338e+01,2.109225e+01,2.109225e+01,2.107160e+01,2.114044e+01,2.104405e+01,2.109225e+01,2.114732e+01,2.118860e+01,2.126423e+01,2.119548e+01,2.109225e+01,2.116108e+01,2.111979e+01,2.112667e+01,2.112667e+01,2.111291e+01,2.111979e+01,2.105782e+01,2.107848e+01,2.116108e+01,2.118172e+01,2.109914e+01,2.110602e+01,2.106471e+01,2.109225e+01,2.107848e+01,2.117484e+01,2.106471e+01,2.111291e+01,2.116108e+01,2.114732e+01,2.118860e+01,2.113355e+01,2.131233e+01,2.104405e+01,2.107160e+01,2.122986e+01,2.119548e+01,2.121611e+01,2.121611e+01,2.122986e+01,2.118172e+01,2.122298e+01,2.125736e+01,2.116796e+01,2.116796e+01,2.116796e+01,2.116108e+01,2.133294e+01,2.125736e+01,2.123674e+01,2.125736e+01,2.114732e+01,2.116796e+01,2.117484e+01,2.121611e+01,2.116796e+01,2.121611e+01,2.133981e+01,2.122298e+01,2.120923e+01,2.118172e+01,2.135355e+01,2.122298e+01,2.125048e+01,2.115420e+01,2.117484e+01,2.114044e+01,2.118860e+01,2.120923e+01,2.114044e+01,2.113355e+01,2.117484e+01,2.119548e+01,2.108537e+01,2.106471e+01,2.105094e+01,2.120923e+01,2.122986e+01,2.110602e+01,2.108537e+01,2.112667e+01,2.120235e+01,2.117484e+01,2.122298e+01,2.118172e+01,2.109225e+01,2.123674e+01,2.120923e+01,2.121611e+01,2.118172e+01,2.123674e+01,2.114044e+01,2.122986e+01,2.120235e+01,2.120923e+01,2.129172e+01,2.129172e+01,2.129172e+01,2.128485e+01,2.136041e+01,2.131233e+01,2.120235e+01,2.121611e+01,2.131233e+01,2.127110e+01,2.129172e+01,2.129172e+01,2.121611e+01,2.125736e+01,2.128485e+01,2.131233e+01,2.127110e+01,2.131233e+01,2.133981e+01,2.133294e+01,2.129859e+01,2.134668e+01,2.132607e+01,2.122986e+01,2.137415e+01,2.139474e+01,2.138101e+01,2.147022e+01,2.139474e+01,2.138788e+01,2.126423e+01,2.136728e+01,2.133981e+01,2.135355e+01,2.137415e+01,2.135355e+01,2.142220e+01,2.138788e+01,2.138788e+01,2.137415e+01,2.129859e+01,2.145650e+01,2.131233e+01,2.136728e+01,2.136041e+01,2.133981e+01,2.133294e+01,2.135355e+01,2.143592e+01,2.139474e+01,2.136041e+01,2.144964e+01,2.136728e+01,2.127110e+01,2.098893e+01,2.049840e+01,2.004723e+01,1.971973e+01,1.985922e+01,1.985922e+01,1.984528e+01,1.992193e+01,1.986619e+01,1.996371e+01,1.981740e+01,1.987316e+01,1.979647e+01,1.981042e+01,1.983134e+01,1.973369e+01,1.976160e+01,1.978253e+01,1.981042e+01,1.986619e+01,1.984528e+01,1.978950e+01,1.987316e+01,1.987316e+01,1.994979e+01,1.985225e+01,1.982437e+01,1.981740e+01,1.984528e+01,1.986619e+01,1.989407e+01,1.984528e+01,1.992890e+01,1.989407e+01,1.990103e+01,1.988710e+01,1.982437e+01,1.987316e+01,1.986619e+01,1.985922e+01,1.992193e+01,1.988013e+01,1.995675e+01,1.983134e+01,1.986619e+01,1.990103e+01,1.985225e+01,1.984528e+01,1.982437e+01,1.993586e+01,1.983134e+01,1.978950e+01,1.990800e+01,1.976858e+01,1.989407e+01,1.982437e+01,1.983134e+01,1.978253e+01,1.985225e+01,1.984528e+01,1.983831e+01,1.997068e+01,1.986619e+01,1.990800e+01,2.009591e+01,1.994979e+01,1.998460e+01,1.992890e+01,1.991496e+01,1.994283e+01,1.999156e+01,2.038060e+01,2.087859e+01,2.086479e+01,2.051918e+01,2.034592e+01,2.036673e+01,2.042219e+01,2.026960e+01,2.026960e+01,2.027654e+01,2.023489e+01,2.022794e+01,2.021405e+01,2.027654e+01,2.024183e+01,2.027654e+01,2.024877e+01,2.029042e+01,2.032512e+01,2.028348e+01,2.030430e+01,2.037366e+01,2.035980e+01,2.029736e+01,2.038060e+01,2.044991e+01,2.051918e+01,2.071978e+01,2.080957e+01,2.083028e+01,2.094067e+01,2.080267e+01,2.095446e+01,2.096135e+01,2.104405e+01,2.094757e+01,2.089239e+01,2.087169e+01,2.089929e+01,2.091308e+01,2.091308e+01,2.091998e+01,2.093377e+01,2.094067e+01,2.090619e+01,2.091998e+01,2.094757e+01,2.085789e+01,2.092688e+01,2.093377e+01,2.091998e+01,2.100271e+01,2.077505e+01,2.074051e+01,2.052610e+01,2.055379e+01,2.059531e+01,2.058148e+01,2.062299e+01,2.053303e+01,2.063682e+01,2.076814e+01,2.081648e+01,2.096825e+01,2.094067e+01,2.094067e+01,2.090619e+01,2.091998e+01,2.073360e+01,2.060915e+01,2.066448e+01,2.067139e+01,2.069213e+01,2.065065e+01,2.067831e+01,2.065757e+01,2.075432e+01,2.091308e+01,2.102338e+01,2.101649e+01,2.116108e+01,2.109914e+01,2.114732e+01,2.107848e+01,2.120235e+01,2.106471e+01,2.105782e+01,2.121611e+01,2.111979e+01,2.111979e+01,2.114732e+01,2.115420e+01,2.119548e+01,2.115420e+01,2.120235e+01,2.129859e+01,2.128485e+01,2.127798e+01,2.126423e+01,2.146336e+01,2.147022e+01,2.150451e+01,2.168264e+01,2.172371e+01,2.168264e+01,2.171002e+01,2.179894e+01,2.178527e+01,2.183996e+01,2.198338e+01,2.173739e+01,2.109225e+01,2.028348e+01,2.026266e+01,2.024183e+01,2.048455e+01,2.060915e+01,2.067139e+01,2.068522e+01,2.083028e+01,2.076814e+01,2.083719e+01,2.112667e+01,2.147022e+01,2.182629e+01,2.200386e+01,2.196291e+01,2.158677e+01,2.075432e+01,2.013068e+01,1.991496e+01,1.990103e+01,1.990800e+01,1.984528e+01,1.990800e+01,1.992193e+01,1.990103e+01,1.984528e+01,1.988013e+01,1.988710e+01,1.985922e+01,1.985922e+01,1.986619e+01,1.978253e+01,1.985922e+01,1.984528e+01,1.987316e+01,1.980345e+01,1.988710e+01,1.991496e+01,1.991496e+01,1.992193e+01,1.992890e+01,1.992193e+01,1.989407e+01,1.992890e+01,1.997764e+01,1.983831e+01,1.990800e+01,1.996371e+01,1.992890e+01,1.999156e+01,1.988013e+01,1.995675e+01,1.990800e+01,1.994979e+01,1.991496e+01,1.992193e+01,1.980345e+01,1.990103e+01,1.988013e+01,1.985922e+01,1.988013e+01,1.990103e+01,1.990103e+01,1.994283e+01,1.985225e+01,2.004027e+01,2.046377e+01,2.088549e+01,2.125736e+01,2.133981e+01,2.135355e+01,2.144278e+01,2.138101e+01,2.146336e+01,2.135355e+01,2.138788e+01,2.142220e+01,2.138101e+01,2.141533e+01,2.147022e+01,2.138788e+01,2.137415e+01,2.142220e+01,2.138101e+01,2.140161e+01,2.135355e+01,2.140161e+01,2.133981e+01,2.136728e+01,2.135355e+01,2.130546e+01,2.130546e+01,2.141533e+01,2.129859e+01,2.140161e+01,2.131920e+01,2.131920e+01,2.136728e+01,2.129859e+01,2.139474e+01,2.138788e+01,2.127798e+01,2.132607e+01,2.119548e+01,2.130546e+01,2.132607e+01,2.127798e+01,2.128485e+01,2.129172e+01,2.129859e+01,2.125736e+01,2.125048e+01,2.124361e+01,2.125736e+01,2.125048e+01,2.114732e+01,2.122298e+01,2.113355e+01,2.118860e+01,2.117484e+01,2.122298e+01,2.118172e+01,2.111291e+01,2.114044e+01,2.109225e+01,2.114044e+01,2.101649e+01,2.104405e+01,2.104405e+01,2.103716e+01,2.107848e+01,2.101649e+01,2.111979e+01,2.098203e+01,2.113355e+01,2.103027e+01,2.112667e+01,2.114044e+01,2.103027e+01,2.107848e+01,2.104405e+01,2.103027e+01,2.103716e+01,2.107160e+01,2.114732e+01,2.122298e+01,2.110602e+01,2.105782e+01,2.110602e+01,2.109914e+01,2.105782e+01,2.111979e+01,2.105094e+01,2.121611e+01,2.104405e+01,2.103716e+01,2.105094e+01,2.109225e+01,2.103716e+01,2.098893e+01,2.115420e+01,2.096135e+01,2.102338e+01,2.105782e+01,2.104405e+01,2.100960e+01,2.106471e+01,2.105782e+01,2.109914e+01,2.105782e+01,2.103027e+01,2.107160e+01,2.121611e+01,2.107848e+01,2.111291e+01,2.104405e+01,2.100960e+01,2.105782e+01,2.106471e+01,2.110602e+01,2.098893e+01,2.107848e+01,2.105094e+01,2.108537e+01,2.098203e+01,2.098203e+01,2.124361e+01,2.110602e+01,2.109225e+01,2.111291e+01,2.114044e+01,2.113355e+01,2.119548e+01,2.106471e+01,2.114732e+01,2.097514e+01,2.110602e+01,2.106471e+01,2.109914e+01,2.111979e+01,2.112667e+01,2.118172e+01,2.106471e+01,2.107160e+01,2.112667e+01,2.108537e+01,2.118172e+01,2.109225e+01,2.118172e+01,2.118860e+01,2.109914e+01,2.129172e+01,2.114732e+01,2.120235e+01,2.118860e+01,2.115420e+01,2.113355e+01,2.101649e+01,2.113355e+01,2.105782e+01,2.113355e+01,2.109914e+01,2.113355e+01,2.106471e+01,2.118860e+01,2.116108e+01,2.116796e+01,2.114044e+01,2.128485e+01,2.107160e+01,2.127110e+01,2.115420e+01,2.107848e+01,2.117484e+01,2.110602e+01,2.111291e+01,2.115420e+01,2.103716e+01,2.116796e+01,2.114732e+01,2.118172e+01,2.119548e+01,2.121611e+01,2.114732e+01,2.118172e+01,2.128485e+01,2.113355e+01,2.118172e+01,2.116796e+01,2.104405e+01,2.109225e+01,2.117484e+01,2.107160e+01,2.117484e+01,2.120235e+01,2.118172e+01,2.107848e+01,2.113355e+01,2.107160e+01,2.105782e+01
2.112667e+01,2.114732e+01,2.116108e+01,2.107848e+01,2.106471e+01,2.106471e+01,2.106471e+01,2.114044e+01,2.112667e+01,2.125736e+01,2.112667e+01,2.122986e+01,2.113355e+01,2.115420e+01,2.113355e+01,2.115420e+01,2.111979e+01,2.109914e+01,2.108537e+01,2.111979e+01,2.121611e+01,2.116108e+01,2.128485e+01,2.116108e+01,2.109225e+01,2.116108e+01,2.108537e+01,2.111979e+01,2.115420e+01,2.120235e+01,2.117484e+01,2.121611e+01,2.113355e+01,2.116796e+01,2.115420e+01,2.105782e+01,2.107160e+01,2.115420e+01,2.122298e+01,2.117484e+01,2.115420e+01,2.120235e+01,2.118172e+01,2.107848e+01,2.123674e+01,2.112667e+01,2.108537e+01,2.114732e+01,2.107848e+01,2.104405e+01,2.109225e+01,2.100960e+01,2.116108e+01,2.112667e+01,2.108537e+01,2.111291e+01,2.110602e+01,2.113355e+01,2.109914e+01,2.107848e+01,2.106471e+01,2.109225e+01,2.112667e+01,2.109225e+01,2.111291e+01,2.111979e+01,2.103027e+01,2.114732e+01,2.116108e+01,2.118172e+01,2.107160e+01,2.121611e+01,2.114044e+01,2.115420e+01,2.116108e+01,2.106471e+01,2.115420e+01,2.115420e+01,2.114044e+01,2.112667e+01,2.111979e+01,2.122986e+01,2.120235e+01,2.123674e+01,2.104405e+01,2.116108e+01,2.121611e+01,2.121611e+01,2.117484e+01,2.112667e+01,2.122986e+01,2.122986e+01,2.120923e+01,2.119548e+01,2.123674e+01,2.116796e+01,2.126423e+01,2.124361e+01,2.120235e+01,2.119548e+01,2.132607e+01,2.123674e+01,2.123674e+01,2.124361e+01,2.122298e+01,2.129172e+01,2.121611e+01,2.123674e+01,2.122298e+01,2.122298e+01,2.126423e+01,2.122986e+01,2.117484e+01,2.122298e+01,2.118172e+01,2.112667e+01,2.116108e+01,2.119548e+01,2.117484e+01,2.111979e+01,2.114044e+01,2.109914e+01,2.105782e+01,2.113355e+01,2.118860e+01,2.116796e+01,2.127798e+01,2.111979e+01,2.107848e+01,2.120923e+01,2.118172e+01,2.122298e+01,2.105782e+01,2.111979e+01,2.123674e+01,2.125736e+01,2.120235e+01,2.112667e+01,2.114044e+01,2.118172e+01,2.127798e+01,2.125048e+01,2.125736e+01,2.114044e+01,2.129859e+01,2.117484e+01,2.131233e+01,2.119548e+01,2.116796e+01,2.122986e+01,2.113355e+01,2.125736e+01,2.128485e+01,2.118172e+01,2.136728e+01,2.131233e+01,2.127798e+01,2.124361e+01,2.131233e+01,2.129859e+01,2.127110e+01,2.129859e+01,2.124361e+01,2.130546e+01,2.140847e+01,2.128485e+01,2.134668e+01,2.131920e+01,2.132607e+01,2.136041e+01,2.140161e+01,2.138788e+01,2.129859e+01,2.131920e+01,2.138101e+01,2.128485e+01,2.132607e+01,2.136041e+01,2.132607e+01,2.142906e+01,2.139474e+01,2.133981e+01,2.144278e+01,2.129172e+01,2.133294e+01,2.138788e+01,2.136728e+01,2.142220e+01,2.144278e+01,2.158677e+01,2.141533e+01,2.135355e+01,2.141533e+01,2.142220e+01,2.135355e+01,2.133981e+01,2.124361e+01,2.092688e+01,2.035286e+01,2.006810e+01,1.991496e+01,1.984528e+01,1.983134e+01,1.975462e+01,1.983134e+01,1.980345e+01,1.984528e+01,1.980345e+01,1.983831e+01,1.987316e+01,1.980345e+01,1.976160e+01,1.976858e+01,1.979647e+01,1.981042e+01,1.982437e+01,1.981740e+01,1.986619e+01,1.977555e+01,1.981042e+01,1.985225e+01,1.985225e+01,1.980345e+01,1.982437e+01,1.989407e+01,1.977555e+01,1.982437e+01,1.983134e+01,1.985922e+01,1.984528e+01,1.984528e+01,1.990800e+01,1.990103e+01,1.992193e+01,1.988013e+01,1.989407e+01,1.990800e+01,2.010287e+01,1.985225e+01,1.987316e+01,1.985922e+01,1.986619e+01,1.988710e+01,1.979647e+01,1.990800e+01,1.992890e+01,1.991496e+01,1.983831e+01,1.979647e+01,1.983831e+01,1.989407e+01,1.978253e+01,1.984528e+01,1.985922e+01,1.984528e+01,1.994979e+01,1.989407e+01,1.983831e+01,1.988710e+01,1.985225e+01,1.990103e+01,1.990800e+01,2.001244e+01,1.988710e+01,1.997764e+01,1.986619e+01,1.997764e+01,2.000548e+01,2.042912e+01,2.080267e+01,2.080267e+01,2.041526e+01,2.040140e+01,2.037366e+01,2.033205e+01,2.021405e+01,2.038753e+01,2.027654e+01,2.026960e+01,2.025571e+01,2.027654e+01,2.022794e+01,2.027654e+01,2.028348e+01,2.025571e+01,2.026960e+01,2.026266e+01,2.027654e+01,2.035286e+01,2.038060e+01,2.039447e+01,2.035286e+01,2.033899e+01,2.040833e+01,2.048455e+01,2.044298e+01,2.056071e+01,2.094067e+01,2.095446e+01,2.096135e+01,2.093377e+01,2.082338e+01,2.103027e+01,2.092688e+01,2.102338e+01,2.088549e+01,2.091998e+01,2.091308e+01,2.089929e+01,2.088549e+01,2.091998e+01,2.092688e+01,2.087859e+01,2.089239e+01,2.082338e+01,2.092688e+01,2.089929e+01,2.089239e+01,2.083028e+01,2.089239e+01,2.092688e+01,2.065065e+01,2.068522e+01,2.058148e+01,2.056763e+01,2.054687e+01,2.059531e+01,2.070596e+01,2.073360e+01,2.074051e+01,2.076123e+01,2.086479e+01,2.085789e+01,2.088549e+01,2.085789e+01,2.086479e+01,2.067831e+01,2.074051e+01,2.062990e+01,2.063682e+01,2.068522e+01,2.069905e+01,2.065065e+01,2.069213e+01,2.078886e+01,2.088549e+01,2.088549e+01,2.102338e+01,2.111979e+01,2.114732e+01,2.093377e+01,2.101649e+01,2.106471e+01,2.108537e+01,2.114044e+01,2.121611e+01,2.102338e+01,2.111979e+01,2.114732e+01,2.119548e+01,2.124361e+01,2.118172e+01,2.125048e+01,2.110602e+01,2.123674e+01,2.127110e+01,2.131233e+01,2.138788e+01,2.147022e+01,2.151823e+01,2.171002e+01,2.164841e+01,2.162102e+01,2.187413e+01,2.183312e+01,2.188096e+01,2.177159e+01,2.199703e+01,2.199021e+01,2.140161e+01,2.089929e+01,2.033899e+01,2.044991e+01,2.066448e+01,2.075432e+01,2.079576e+01,2.076814e+01,2.069905e+01,2.085099e+01,2.086479e+01,2.106471e+01,2.156621e+01,2.183996e+01,2.214024e+01,2.211979e+01,2.171002e+01,2.089929e+01,2.014458e+01,1.993586e+01,1.989407e+01,1.987316e+01,1.982437e+01,1.981042e+01,1.988013e+01,1.987316e+01,1.980345e+01,1.990103e+01,1.987316e+01,1.978253e+01,1.988710e+01,1.996371e+01,1.993586e+01,1.993586e+01,1.987316e+01,1.986619e+01,1.984528e+01,1.977555e+01,1.987316e+01,1.995675e+01,1.993586e+01,2.000548e+01,1.991496e+01,1.990103e+01,1.993586e+01,1.990103e+01,1.986619e+01,1.994283e+01,1.985225e+01,1.985922e+01,1.985922e+01,1.988710e+01,2.003332e+01,2.003332e+01,1.990800e+01,1.997068e+01,1.994283e+01,1.992193e+01,1.982437e+01,1.988013e+01,1.988013e+01,1.988710e+01,1.989407e+01,1.985225e+01,1.986619e+01,1.987316e+01,1.986619e+01,2.009591e+01,2.062299e+01,2.110602e+01,2.127798e+01,2.139474e+01,2.136728e+01,2.144964e+01,2.139474e+01,2.136041e+01,2.133981e+01,2.142906e+01,2.143592e+01,2.139474e+01,2.138788e+01,2.138101e+01,2.141533e+01,2.139474e+01,2.133981e+01,2.131920e+01,2.129172e+01,2.131233e+01,2.133294e+01,2.135355e+01,2.136041e+01,2.142220e+01,2.131233e+01,2.139474e+01,2.136041e+01,2.142906e+01,2.143592e+01,2.134668e+01,2.138101e+01,2.130546e+01,2.126423e+01,2.141533e+01,2.136728e+01,2.132607e+01,2.128485e+01,2.134668e+01,2.123674e+01,2.129172e+01,2.133981e+01,2.131920e+01,2.131920e+01,2.129859e+01,2.126423e+01,2.127110e+01,2.117484e+01,2.122986e+01,2.120923e+01,2.127798e+01,2.115420e+01,2.117484e+01,2.111291e+01,2.114732e+01,2.114732e+01,2.111979e+01,2.116108e+01,2.099582e+01,2.118172e+01,2.098203e+01,2.101649e+01,2.120923e+01,2.106471e+01,2.105094e+01,2.099582e+01,2.098893e+01,2.106471e+01,2.104405e+01,2.101649e+01,2.107848e+01,2.104405e+01,2.109914e+01,2.100960e+01,2.103027e+01,2.101649e+01,2.105094e+01,2.091998e+01,2.105782e+01,2.096135e+01,2.101649e+01,2.108537e+01,2.099582e+01,2.111291e+01,2.103716e+01,2.098893e+01,2.106471e+01,2.105094e+01,2.105782e+01,2.115420e+01,2.108537e+01,2.105782e+01,2.113355e+01,2.107160e+01,2.113355e+01,2.112667e+01,2.100271e+01,2.105782e+01,2.103027e+01,2.105094e+01,2.106471e+01,2.094067e+01,2.102338e+01,2.108537e+01,2.103716e+01,2.102338e+01,2.111979e+01,2.103027e+01,2.105094e+01,2.110602e+01,2.110602e+01,2.104405e+01,2.104405e+01,2.107160e+01,2.104405e+01,2.110602e+01,2.107160e+01,2.107848e+01,2.109225e+01,2.110602e+01,2.106471e+01,2.120235e+01,2.098893e+01,2.100960e+01,2.107848e+01,2.116796e+01,2.105094e+01,2.105782e+01,2.103716e+01,2.105782e+01,2.104405e+01,2.118860e+01,2.105094e+01,2.109914e+01,2.111291e+01,2.107160e+01,2.114732e+01,2.117484e+01,2.109225e+01,2.116796e+01,2.120235e+01,2.113355e+01,2.125736e+01,2.111291e+01,2.127798e+01,2.120235e+01,2.119548e+01,2.107848e+01,2.117484e+01,2.111291e+01,2.109225e+01,2.109225e+01,2.118860e+01,2.111291e+01,2.111979e+01,2.121611e+01,2.119548e+01,2.112667e+01,2.104405e+01,2.113355e+01,2.112667e+01,2.118172e+01,2.118860e+01,2.111979e+01,2.109225e+01,2.117484e+01,2.109914e+01,2.116796e+01,2.105782e+01,2.109914e+01,2.109225e+01,2.104405e+01,2.108537e+01,2.098893e+01,2.100271e+01,2.127798e+01,2.119548e+01,2.104405e+01,2.114732e+01,2.114044e+01,2.114044e+01,2.116108e+01,2.128485e+01,2.107848e+01,2.114732e+01,2.105782e+01,2.111979e+01,2.117484e+01,2.117484e+01,2.110602e+01,2.114732e+01,2.106471e+01,2.115420e+01,2.100271e+01
2.107160e+01,2.111291e+01,2.113355e+01,2.109914e+01,2.114732e+01,2.107160e+01,2.111979e+01,2.103027e+01,2.107848e+01,2.112667e+01,2.117484e+01,2.121611e+01,2.109914e+01,2.116796e+01,2.103716e+01,2.115420e+01,2.109914e+01,2.110602e+01,2.115420e+01,2.110602e+01,2.109225e+01,2.114044e+01,2.118860e+01,2.114044e+01,2.115420e+01,2.114044e+01,2.120235e+01,2.120235e+01,2.105782e+01,2.112667e+01,2.118172e+01,2.116108e+01,2.107160e+01,2.114044e+01,2.120235e+01,2.109225e+01,2.106471e+01,2.107848e+01,2.106471e+01,2.111979e+01,2.118860e+01,2.116796e+01,2.116796e+01,2.116796e+01,2.114044e+01,2.112667e+01,2.111291e+01,2.106471e+01,2.106471e+01,2.105782e+01,2.109914e+01,2.105782e+01,2.110602e+01,2.114732e+01,2.114732e+01,2.120235e+01,2.116108e+01,2.109914e+01,2.118860e+01,2.105094e+01,2.110602e+01,2.114732e+01,2.109914e+01,2.110602e+01,2.098203e+01,2.096135e+01,2.114044e+01,2.102338e+01,2.116108e+01,2.119548e+01,2.117484e+01,2.116108e+01,2.113355e+01,2.111979e+01,2.107848e+01,2.117484e+01,2.119548e+01,2.114732e+01,2.114044e+01,2.123674e+01,2.109914e+01,2.110602e+01,2.123674e+01,2.121611e+01,2.120923e+01,2.123674e+01,2.109914e+01,2.119548e+01,2.119548e+01,2.117484e+01,2.119548e+01,2.120235e+01,2.122986e+01,2.118860e+01,2.122298e+01,2.119548e+01,2.118172e+01,2.111291e+01,2.123674e+01,2.123674e+01,2.116108e+01,2.121611e+01,2.118860e+01,2.122298e+01,2.119548e+01,2.119548e+01,2.133294e+01,2.118860e+01,2.124361e+01,2.121611e+01,2.117484e+01,2.120923e+01,2.118172e+01,2.120923e+01,2.114044e+01,2.114732e+01,2.111979e+01,2.108537e+01,2.114732e+01,2.118860e+01,2.111979e+01,2.118172e+01,2.118860e+01,2.114044e+01,2.111979e+01,2.113355e+01,2.110602e+01,2.117484e+01,2.116108e+01,2.122298e+01,2.114044e+01,2.116796e+01,2.121611e+01,2.118172e+01,2.114044e+01,2.125736e+01,2.123674e+01,2.122986e+01,2.115420e+01,2.125736e+01,2.124361e+01,2.122986e+01,2.122986e+01,2.125736e+01,2.120923e+01,2.127110e+01,2.125048e+01,2.116796e+01,2.128485e+01,2.133294e+01,2.121611e+01,2.138101e+01,2.129859e+01,2.132607e+01,2.131233e+01,2.123674e+01,2.127110e+01,2.130546e+01,2.130546e+01,2.118860e+01,2.129859e+01,2.121611e+01,2.127798e+01,2.127110e+01,2.135355e+01,2.128485e+01,2.128485e+01,2.128485e+01,2.132607e+01,2.130546e+01,2.129859e+01,2.133981e+01,2.137415e+01,2.137415e+01,2.133981e+01,2.134668e+01,2.135355e+01,2.136728e+01,2.136041e+01,2.135355e+01,2.138101e+01,2.139474e+01,2.130546e+01,2.130546e+01,2.133294e+01,2.133294e+01,2.135355e+01,2.133294e+01,2.137415e+01,2.132607e+01,2.132607e+01,2.139474e+01,2.136041e+01,2.136728e+01,2.130546e+01,2.140847e+01,2.125736e+01,2.088549e+01,2.034592e+01,1.990103e+01,1.988013e+01,1.989407e+01,1.983831e+01,1.983134e+01,1.982437e+01,1.983134e+01,1.995675e+01,1.984528e+01,1.977555e+01,1.979647e+01,1.978950e+01,1.976160e+01,1.976160e+01,1.969879e+01,1.982437e+01,1.973369e+01,1.969879e+01,1.972671e+01,1.990103e+01,1.980345e+01,1.980345e+01,1.964293e+01,1.979647e+01,1.994979e+01,1.977555e+01,1.976160e+01,1.992890e+01,1.990800e+01,1.981042e+01,1.985225e+01,1.984528e+01,1.986619e+01,1.991496e+01,1.986619e+01,1.990800e+01,1.983134e+01,1.983831e+01,1.988710e+01,1.988013e+01,1.987316e+01,1.988710e+01,1.994283e+01,1.988710e+01,1.979647e+01,1.994979e+01,1.992890e+01,1.990800e+01,1.988013e+01,1.980345e+01,1.990103e+01,1.980345e+01,1.997068e+01,1.990103e+01,1.994283e+01,1.990103e+01,1.985922e+01,1.992890e+01,1.986619e+01,1.991496e+01,1.988710e+01,1.988710e+01,1.993586e+01,1.985922e+01,1.989407e+01,1.999852e+01,1.996371e+01,1.987316e+01,1.999156e+01,2.035980e+01,2.091998e+01,2.090619e+01,2.065757e+01,2.040140e+01,2.050533e+01,2.030430e+01,2.035286e+01,2.025571e+01,2.027654e+01,2.025571e+01,2.019321e+01,2.020016e+01,2.009591e+01,2.010982e+01,2.012372e+01,2.011677e+01,2.028348e+01,2.026266e+01,2.032512e+01,2.026960e+01,2.032512e+01,2.029736e+01,2.040140e+01,2.033899e+01,2.033899e+01,2.035286e+01,2.055379e+01,2.057456e+01,2.054687e+01,2.091998e+01,2.082338e+01,2.083028e+01,2.107848e+01,2.094067e+01,2.089239e+01,2.091308e+01,2.092688e+01,2.093377e+01,2.089239e+01,2.091308e+01,2.091998e+01,2.098893e+01,2.094757e+01,2.087859e+01,2.096825e+01,2.085099e+01,2.091308e+01,2.092688e+01,2.087169e+01,2.087169e+01,2.086479e+01,2.083028e+01,2.076814e+01,2.076814e+01,2.054687e+01,2.065065e+01,2.062990e+01,2.065757e+01,2.067831e+01,2.069213e+01,2.067831e+01,2.079576e+01,2.080267e+01,2.085789e+01,2.086479e+01,2.085789e+01,2.076123e+01,2.073360e+01,2.069213e+01,2.060915e+01,2.065065e+01,2.065065e+01,2.069213e+01,2.074051e+01,2.065065e+01,2.072669e+01,2.089929e+01,2.096825e+01,2.094067e+01,2.093377e+01,2.096135e+01,2.104405e+01,2.104405e+01,2.106471e+01,2.099582e+01,2.104405e+01,2.099582e+01,2.105094e+01,2.104405e+01,2.098203e+01,2.105782e+01,2.104405e+01,2.120923e+01,2.105782e+01,2.107160e+01,2.100960e+01,2.122298e+01,2.127110e+01,2.123674e+01,2.127110e+01,2.149080e+01,2.151823e+01,2.164157e+01,2.168949e+01,2.174423e+01,2.178527e+01,2.175107e+01,2.181945e+01,2.199703e+01,2.199021e+01,2.177843e+01,2.138788e+01,2.105782e+01,2.103027e+01,2.103716e+01,2.096135e+01,2.083028e+01,2.074742e+01,2.077505e+01,2.065757e+01,2.085099e+01,2.109914e+01,2.157991e+01,2.187413e+01,2.218793e+01,2.235807e+01,2.199021e+01,2.125736e+01,2.044991e+01,1.992193e+01,1.990103e+01,1.992193e+01,1.989407e+01,1.990800e+01,1.978253e+01,1.975462e+01,1.990103e+01,1.981042e+01,1.981042e+01,1.992193e+01,1.990103e+01,1.979647e+01,1.988710e+01,1.988013e+01,1.986619e+01,1.988710e+01,1.980345e+01,1.981740e+01,1.993586e+01,1.991496e+01,1.989407e+01,1.990800e+01,1.990103e+01,1.993586e+01,1.990800e+01,1.992890e+01,1.987316e+01,1.994283e+01,1.987316e+01,1.998460e+01,1.986619e+01,1.988013e+01,1.983831e+01,1.987316e+01,1.992890e+01,1.976858e+01,1.978950e+01,1.984528e+01,1.989407e+01,1.987316e+01,1.988710e+01,1.986619e+01,1.995675e+01,1.992193e+01,1.988013e+01,1.984528e+01,1.982437e+01,1.991496e+01,2.042912e+01,2.085789e+01,2.112667e+01,2.129172e+01,2.143592e+01,2.142220e+01,2.134668e+01,2.142220e+01,2.138788e+01,2.140161e+01,2.132607e+01,2.138101e+01,2.138101e+01,2.142906e+01,2.142906e+01,2.134668e+01,2.140847e+01,2.133981e+01,2.129172e+01,2.133294e+01,2.138788e+01,2.138101e+01,2.143592e+01,2.129172e+01,2.142220e+01,2.133981e+01,2.130546e+01,2.132607e+01,2.138101e+01,2.144278e+01,2.136041e+01,2.140161e+01,2.133294e+01,2.133294e+01,2.138788e+01,2.127110e+01,2.122298e+01,2.124361e+01,2.130546e+01,2.125048e+01,2.126423e+01,2.127110e+01,2.125048e+01,2.138101e+01,2.135355e+01,2.120923e+01,2.132607e+01,2.125736e+01,2.120923e+01,2.120235e+01,2.117484e+01,2.126423e+01,2.114732e+01,2.114044e+01,2.110602e+01,2.118860e+01,2.120235e+01,2.107848e+01,2.103716e+01,2.100960e+01,2.102338e+01,2.098893e+01,2.105782e+01,2.108537e+01,2.101649e+01,2.111979e+01,2.113355e+01,2.111979e+01,2.112667e+01,2.100271e+01,2.105094e+01,2.100960e+01,2.096825e+01,2.101649e+01,2.107160e+01,2.116796e+01,2.107848e+01,2.111291e+01,2.099582e+01,2.107160e+01,2.105094e+01,2.100960e+01,2.107848e+01,2.107160e+01,2.093377e+01,2.110602e+01,2.111979e+01,2.106471e+01,2.111979e+01,2.106471e+01,2.114044e+01,2.106471e+01,2.108537e+01,2.104405e+01,2.114732e+01,2.102338e+01,2.105094e+01,2.105094e+01,2.105782e+01,2.109914e+01,2.109225e+01,2.103716e+01,2.100960e+01,2.100960e+01,2.112667e+01,2.116796e+01,2.137415e+01,2.108537e+01,2.111979e+01,2.104405e+01,2.111291e+01,2.106471e+01,2.106471e+01,2.108537e+01,2.109914e+01,2.104405e+01,2.103027e+01,2.099582e+01,2.110602e+01,2.108537e+01,2.105782e+01,2.103027e+01,2.098893e+01,2.113355e+01,2.120235e+01,2.109914e+01,2.104405e+01,2.106471e+01,2.103027e+01,2.105782e+01,2.105094e+01,2.105782e+01,2.116796e+01,2.107160e+01,2.112667e+01,2.109914e+01,2.109914e+01,2.114044e+01,2.115420e+01,2.107848e+01,2.117484e+01,2.115420e+01,2.117484e+01,2.116108e+01,2.116108e+01,2.099582e+01,2.118860e+01,2.105094e+01,2.105094e+01,2.114732e+01,2.110602e+01,2.109914e+01,2.128485e+01,2.097514e+01,2.100271e+01,2.118860e+01,2.103716e+01,2.116796e+01,2.107160e+01,2.114732e+01,2.083719e+01,2.109225e+01,2.111291e+01,2.109225e+01,2.107160e+01,2.104405e+01,2.110602e+01,2.116108e+01,2.113355e+01,2.105094e+01,2.103027e+01,2.113355e+01,2.103027e+01,2.108537e+01,2.113355e+01,2.118172e+01,2.122298e+01,2.109225e+01,2.118860e+01,2.108537e+01,2.113355e+01,2.110602e+01,2.117484e+01,2.110602e+01,2.120235e+01,2.111979e+01,2.114732e+01,2.118172e+01,2.114044e+01,2.117484e+01,2.106471e+01,2.103027e+01,2.102338e+01
2.109914e+01,2.119548e+01,2.107848e+01,2.111291e+01,2.122298e+01,2.111979e+01,2.119548e+01,2.116796e+01,2.116108e+01,2.110602e+01,2.110602e+01,2.121611e+01,2.114732e+01,2.122986e+01,2.109225e+01,2.111979e+01,2.117484e+01,2.109914e+01,2.107160e+01,2.113355e+01,2.113355e+01,2.114044e+01,2.114044e+01,2.111979e+01,2.114732e+01,2.118172e+01,2.117484e+01,2.118860e+01,2.118172e+01,2.125048e+01,2.122298e+01,2.109914e+01,2.117484e+01,2.120235e+01,2.109914e+01,2.114732e+01,2.106471e+01,2.107160e+01,2.111291e+01,2.111291e+01,2.113355e+01,2.114732e+01,2.112667e+01,2.117484e+01,2.123674e+01,2.107160e+01,2.111979e+01,2.112667e+01,2.114732e+01,2.111291e+01,2.114044e+01,2.116108e+01,2.116796e+01,2.108537e+01,2.108537e+01,2.110602e+01,2.114044e+01,2.105094e+01,2.112667e+01,2.107160e+01,2.113355e+01,2.119548e+01,2.111979e+01,2.113355e+01,2.104405e+01,2.104405e+01,2.112667e+01,2.112667e+01,2.103716e+01,2.106471e+01,2.103716e+01,2.111291e+01,2.100271e+01,2.118860e+01,2.106471e+01,2.120235e+01,2.118172e+01,2.114044e+01,2.117484e+01,2.121611e+01,2.122986e+01,2.110602e+01,2.120235e+01,2.116108e+01,2.120235e+01,2.122298e+01,2.112667e+01,2.114732e+01,2.121611e+01,2.118860e+01,2.124361e+01,2.114732e+01,2.125736e+01,2.124361e+01,2.121611e+01,2.123674e+01,2.120235e+01,2.131233e+01,2.122298e+01,2.120923e+01,2.114044e+01,2.122298e+01,2.116796e+01,2.120923e+01,2.120235e+01,2.120235e+01,2.118172e+01,2.122986e+01,2.114732e+01,2.116796e+01,2.118860e+01,2.120923e+01,2.118860e+01,2.117484e+01,2.118172e+01,2.113355e+01,2.113355e+01,2.107848e+01,2.115420e+01,2.115420e+01,2.110602e+01,2.114732e+01,2.119548e+01,2.111291e+01,2.110602e+01,2.110602e+01,2.111291e+01,2.114732e+01,2.127110e+01,2.125048e+01,2.103716e+01,2.118860e+01,2.124361e+01,2.117484e+01,2.118172e+01,2.111979e+01,2.102338e+01,2.120235e+01,2.115420e+01,2.118172e+01,2.118860e+01,2.124361e+01,2.121611e+01,2.111979e+01,2.118172e+01,2.114044e+01,2.117484e+01,2.129859e+01,2.129859e+01,2.129859e+01,2.124361e+01,2.138788e+01,2.134668e+01,2.129859e+01,2.126423e+01,2.129859e+01,2.131920e+01,2.119548e+01,2.125736e+01,2.123674e+01,2.122986e+01,2.123674e+01,2.129172e+01,2.126423e+01,2.127798e+01,2.125048e+01,2.122298e+01,2.124361e+01,2.132607e+01,2.133981e+01,2.133981e+01,2.124361e+01,2.136041e+01,2.137415e+01,2.138101e+01,2.130546e+01,2.138788e+01,2.138788e+01,2.131920e+01,2.136728e+01,2.128485e+01,2.136728e+01,2.131233e+01,2.133294e+01,2.144964e+01,2.135355e+01,2.136041e+01,2.135355e+01,2.138101e+01,2.137415e+01,2.135355e+01,2.139474e+01,2.140847e+01,2.138788e+01,2.135355e+01,2.128485e+01,2.127110e+01,2.082338e+01,2.051918e+01,2.008896e+01,1.988710e+01,1.986619e+01,1.982437e+01,1.978950e+01,1.975462e+01,1.982437e+01,1.976160e+01,1.982437e+01,1.983831e+01,1.975462e+01,1.972671e+01,1.973369e+01,1.974764e+01,1.996371e+01,1.992890e+01,1.976858e+01,1.990800e+01,1.976858e+01,1.974764e+01,1.990103e+01,1.983831e+01,1.981042e+01,1.978950e+01,1.984528e+01,1.975462e+01,1.987316e+01,1.985922e+01,1.986619e+01,1.994283e+01,1.985225e+01,1.992193e+01,1.992193e+01,1.985225e+01,1.976160e+01,1.981740e+01,1.987316e+01,1.992890e+01,1.988710e+01,1.994283e+01,1.993586e+01,1.991496e+01,1.991496e+01,1.987316e+01,1.994283e+01,1.994979e+01,1.992193e+01,1.989407e+01,1.992193e+01,1.981042e+01,1.992890e+01,1.990800e+01,1.978950e+01,1.986619e+01,1.987316e+01,1.984528e+01,1.983134e+01,2.001244e+01,1.986619e+01,1.990103e+01,1.992193e+01,1.989407e+01,1.992193e+01,1.985922e+01,1.991496e+01,1.992890e+01,1.985225e+01,1.982437e+01,1.997764e+01,2.033899e+01,2.085099e+01,2.091308e+01,2.074051e+01,2.063682e+01,2.037366e+01,2.029042e+01,2.031124e+01,2.038060e+01,2.026266e+01,2.025571e+01,2.032512e+01,2.024877e+01,2.008201e+01,2.010287e+01,1.998460e+01,2.011677e+01,2.025571e+01,2.014458e+01,2.029042e+01,2.030430e+01,2.033205e+01,2.030430e+01,2.029042e+01,2.035980e+01,2.037366e+01,2.038060e+01,2.044991e+01,2.040140e+01,2.054687e+01,2.078886e+01,2.083028e+01,2.085099e+01,2.085789e+01,2.087169e+01,2.089929e+01,2.093377e+01,2.092688e+01,2.096135e+01,2.090619e+01,2.095446e+01,2.087859e+01,2.091998e+01,2.090619e+01,2.094067e+01,2.086479e+01,2.087169e+01,2.092688e+01,2.070596e+01,2.091308e+01,2.096135e+01,2.085099e+01,2.079576e+01,2.074742e+01,2.080957e+01,2.072669e+01,2.061607e+01,2.068522e+01,2.058148e+01,2.058148e+01,2.070596e+01,2.068522e+01,2.094757e+01,2.090619e+01,2.087859e+01,2.077505e+01,2.080957e+01,2.063682e+01,2.065065e+01,2.065065e+01,2.067831e+01,2.070596e+01,2.066448e+01,2.077505e+01,2.062990e+01,2.080267e+01,2.083719e+01,2.081648e+01,2.094757e+01,2.091308e+01,2.086479e+01,2.093377e+01,2.087859e+01,2.094757e+01,2.096135e+01,2.100271e+01,2.109914e+01,2.107848e+01,2.105094e+01,2.098203e+01,2.117484e+01,2.120923e+01,2.112667e+01,2.106471e+01,2.110602e+01,2.117484e+01,2.107160e+01,2.125048e+01,2.113355e+01,2.108537e+01,2.136728e+01,2.131920e+01,2.141533e+01,2.164841e+01,2.141533e+01,2.153194e+01,2.151823e+01,2.172371e+01,2.179211e+01,2.197656e+01,2.194925e+01,2.196973e+01,2.164157e+01,2.147022e+01,2.144964e+01,2.114732e+01,2.103716e+01,2.090619e+01,2.070596e+01,2.077505e+01,2.089239e+01,2.083719e+01,2.111979e+01,2.146336e+01,2.190828e+01,2.214024e+01,2.238527e+01,2.216068e+01,2.155936e+01,2.089929e+01,2.022794e+01,1.990103e+01,1.992193e+01,1.990800e+01,1.983831e+01,1.990800e+01,1.988013e+01,1.979647e+01,1.982437e+01,1.988710e+01,1.985225e+01,1.980345e+01,1.982437e+01,1.981042e+01,1.983134e+01,1.985225e+01,1.985225e+01,1.989407e+01,1.974067e+01,1.981740e+01,1.993586e+01,1.986619e+01,1.984528e+01,1.988013e+01,1.992193e+01,1.988710e+01,1.994283e+01,1.996371e+01,1.988013e+01,1.992193e+01,1.987316e+01,1.988013e+01,1.987316e+01,1.988710e+01,1.994283e+01,1.984528e+01,1.981042e+01,1.981042e+01,1.986619e+01,1.988013e+01,1.987316e+01,1.985922e+01,1.985922e+01,1.980345e+01,1.987316e+01,1.990103e+01,1.990103e+01,1.997068e+01,1.994979e+01,2.006810e+01,2.069213e+01,2.088549e+01,2.135355e+01,2.137415e+01,2.135355e+01,2.134668e+01,2.134668e+01,2.142906e+01,2.142220e+01,2.136728e+01,2.127798e+01,2.137415e+01,2.140161e+01,2.131920e+01,2.130546e+01,2.142220e+01,2.131233e+01,2.138788e+01,2.130546e+01,2.142220e+01,2.136728e+01,2.136728e+01,2.144278e+01,2.140161e+01,2.140847e+01,2.131920e+01,2.131233e+01,2.137415e+01,2.128485e+01,2.133294e+01,2.134668e+01,2.135355e+01,2.137415e+01,2.131233e+01,2.131233e+01,2.125736e+01,2.131233e+01,2.127798e+01,2.135355e+01,2.131233e+01,2.133981e+01,2.131233e+01,2.136728e+01,2.123674e+01,2.125736e+01,2.131920e+01,2.128485e+01,2.121611e+01,2.121611e+01,2.124361e+01,2.119548e+01,2.114732e+01,2.120235e+01,2.114044e+01,2.112667e+01,2.109225e+01,2.118860e+01,2.102338e+01,2.103027e+01,2.101649e+01,2.111291e+01,2.103027e+01,2.105094e+01,2.100960e+01,2.103716e+01,2.103716e+01,2.107848e+01,2.103716e+01,2.101649e+01,2.098893e+01,2.100271e+01,2.116108e+01,2.111291e+01,2.105782e+01,2.101649e+01,2.107848e+01,2.098893e+01,2.099582e+01,2.097514e+01,2.103027e+01,2.105094e+01,2.103027e+01,2.103716e+01,2.104405e+01,2.106471e+01,2.109914e+01,2.106471e+01,2.105094e+01,2.113355e+01,2.105782e+01,2.108537e+01,2.109225e+01,2.115420e+01,2.114044e+01,2.094067e+01,2.096135e+01,2.107848e+01,2.103027e+01,2.111979e+01,2.108537e+01,2.108537e+01,2.115420e+01,2.118860e+01,2.104405e+01,2.111979e+01,2.114044e+01,2.108537e+01,2.109914e+01,2.103716e+01,2.107848e+01,2.109225e+01,2.111291e+01,2.105094e+01,2.104405e+01,2.108537e+01,2.104405e+01,2.110602e+01,2.107160e+01,2.108537e+01,2.105094e+01,2.099582e+01,2.104405e+01,2.103027e+01,2.115420e+01,2.103027e+01,2.109914e+01,2.109225e+01,2.105094e+01,2.108537e+01,2.109225e+01,2.118860e+01,2.115420e+01,2.110602e+01,2.113355e+01,2.114044e+01,2.113355e+01,2.110602e+01,2.109914e+01,2.108537e+01,2.116108e+01,2.114044e+01,2.115420e+01,2.114732e+01,2.130546e+01,2.102338e+01,2.108537e+01,2.109225e+01,2.109914e+01,2.109914e+01,2.103716e+01,2.111291e+01,2.111291e+01,2.109225e+01,2.111979e+01,2.118172e+01,2.106471e+01,2.108537e+01,2.105094e+01,2.120923e+01,2.106471e+01,2.113355e+01,2.110602e+01,2.111291e+01,2.114732e+01,2.114044e+01,2.112667e+01,2.105094e+01,2.108537e+01,2.107848e+01,2.111979e+01,2.106471e+01,2.105782e+01,2.114044e+01,2.105782e+01,2.115420e+01,2.107848e+01,2.119548e+01,2.114732e+01,2.112667e+01,2.118860e+01,2.111979e+01,2.111979e+01,2.106471e+01,2.109225e+01,2.117484e+01,2.118172e+01,2.116108e+01,2.120235e+01,2.106471e+01,2.110602e+01,2.110602e+01,2.102338e+01
2.111291e+01,2.120923e+01,2.113355e+01,2.097514e+01,2.119548e+01,2.102338e+01,2.116108e+01,2.105782e+01,2.105094e+01,2.120235e+01,2.111979e+01,2.121611e+01,2.116796e+01,2.114732e+01,2.118860e+01,2.109914e+01,2.098893e+01,2.107848e+01,2.113355e+01,2.116796e+01,2.111291e+01,2.110602e+01,2.119548e+01,2.110602e+01,2.114732e+01,2.106471e+01,2.118860e+01,2.118860e+01,2.125736e+01,2.116108e+01,2.109225e+01,2.116796e+01,2.114732e+01,2.103716e+01,2.107160e+01,2.100271e+01,2.106471e+01,2.118172e+01,2.108537e+01,2.106471e+01,2.121611e+01,2.116108e+01,2.111291e+01,2.105094e+01,2.105782e+01,2.111979e+01,2.115420e+01,2.114044e+01,2.113355e+01,2.109225e+01,2.114044e+01,2.110602e+01,2.120923e+01,2.111979e+01,2.114044e+01,2.107160e+01,2.108537e+01,2.111979e+01,2.108537e+01,2.113355e+01,2.112667e+01,2.114044e+01,2.116108e+01,2.115420e+01,2.100271e+01,2.110602e+01,2.107848e+01,2.103716e+01,2.121611e+01,2.122986e+01,2.120235e+01,2.120923e+01,2.118860e+01,2.119548e+01,2.095446e+01,2.120923e+01,2.112667e+01,2.112667e+01,2.117484e+01,2.114044e+01,2.112667e+01,2.114044e+01,2.116796e+01,2.118172e+01,2.121611e+01,2.128485e+01,2.126423e+01,2.114732e+01,2.105782e+01,2.117484e+01,2.130546e+01,2.127798e+01,2.117484e+01,2.118860e+01,2.118172e+01,2.121611e+01,2.117484e+01,2.116796e+01,2.132607e+01,2.116108e+01,2.124361e+01,2.124361e+01,2.116108e+01,2.118860e+01,2.114044e+01,2.116108e+01,2.112667e+01,2.117484e+01,2.117484e+01,2.123674e+01,2.117484e+01,2.118172e+01,2.116108e+01,2.118172e+01,2.114732e+01,2.117484e+01,2.111979e+01,2.120235e+01,2.111979e+01,2.116796e+01,2.105782e+01,2.116108e+01,2.120235e+01,2.112667e+01,2.113355e+01,2.125048e+01,2.111291e+01,2.109914e+01,2.110602e+01,2.118172e+01,2.118860e+01,2.118860e+01,2.119548e+01,2.118172e+01,2.091998e+01,2.118860e+01,2.116796e+01,2.122986e+01,2.124361e+01,2.137415e+01,2.103027e+01,2.126423e+01,2.125736e+01,2.110602e+01,2.118860e+01,2.127110e+01,2.116108e+01,2.123674e+01,2.129172e+01,2.132607e+01,2.131233e+01,2.131920e+01,2.127110e+01,2.134668e+01,2.133981e+01,2.129172e+01,2.120923e+01,2.124361e+01,2.122298e+01,2.124361e+01,2.125736e+01,2.124361e+01,2.127798e+01,2.120923e+01,2.127798e+01,2.122986e+01,2.128485e+01,2.130546e+01,2.127110e+01,2.134668e+01,2.122986e+01,2.125048e+01,2.136728e+01,2.136041e+01,2.128485e+01,2.131920e+01,2.130546e+01,2.116796e+01,2.120923e+01,2.131233e+01,2.133981e+01,2.134668e+01,2.129859e+01,2.133981e+01,2.129172e+01,2.117484e+01,2.134668e+01,2.126423e+01,2.134668e+01,2.135355e+01,2.141533e+01,2.141533e+01,2.128485e+01,2.139474e+01,2.132607e+01,2.125736e+01,2.133981e+01,2.103716e+01,2.081648e+01,2.029736e+01,1.999156e+01,1.988013e+01,1.973369e+01,1.983134e+01,1.978253e+01,1.975462e+01,1.977555e+01,1.978950e+01,1.981740e+01,1.978253e+01,1.985922e+01,1.988710e+01,1.984528e+01,1.969181e+01,1.989407e+01,1.982437e+01,1.988710e+01,1.982437e+01,1.982437e+01,1.977555e+01,1.975462e+01,1.985922e+01,1.985225e+01,1.985225e+01,1.982437e+01,1.979647e+01,1.975462e+01,1.975462e+01,1.993586e+01,1.982437e+01,1.983134e+01,1.994283e+01,1.987316e+01,1.985922e+01,1.988710e+01,1.985922e+01,1.993586e+01,1.982437e+01,1.985225e+01,1.988013e+01,1.989407e+01,1.992193e+01,1.995675e+01,1.988013e+01,2.008896e+01,1.991496e+01,1.982437e+01,1.973369e+01,1.985225e+01,1.992890e+01,1.992193e+01,1.984528e+01,1.983134e+01,1.983831e+01,1.987316e+01,1.985225e+01,1.992193e+01,1.986619e+01,1.987316e+01,1.992890e+01,1.992890e+01,1.990103e+01,1.988710e+01,1.994283e+01,1.994979e+01,1.986619e+01,1.988013e+01,1.998460e+01,2.038060e+01,2.089239e+01,2.089239e+01,2.076123e+01,2.082338e+01,2.040833e+01,2.029042e+01,2.033899e+01,2.042219e+01,2.025571e+01,2.020016e+01,2.022100e+01,2.015848e+01,2.001940e+01,1.997068e+01,1.995675e+01,1.995675e+01,2.009591e+01,2.017932e+01,2.016542e+01,2.017237e+01,2.030430e+01,2.030430e+01,2.025571e+01,2.031818e+01,2.033205e+01,2.035980e+01,2.042219e+01,2.044991e+01,2.040833e+01,2.051225e+01,2.061607e+01,2.075432e+01,2.080267e+01,2.083028e+01,2.091998e+01,2.091308e+01,2.092688e+01,2.099582e+01,2.093377e+01,2.091998e+01,2.094757e+01,2.093377e+01,2.091998e+01,2.092688e+01,2.089929e+01,2.089929e+01,2.090619e+01,2.089929e+01,2.080957e+01,2.076123e+01,2.080957e+01,2.083028e+01,2.074742e+01,2.066448e+01,2.074051e+01,2.065757e+01,2.061607e+01,2.059531e+01,2.058840e+01,2.062299e+01,2.062990e+01,2.064374e+01,2.078886e+01,2.087859e+01,2.089929e+01,2.067139e+01,2.070596e+01,2.061607e+01,2.071287e+01,2.063682e+01,2.064374e+01,2.074742e+01,2.065757e+01,2.066448e+01,2.085789e+01,2.088549e+01,2.088549e+01,2.089929e+01,2.088549e+01,2.084409e+01,2.081648e+01,2.085789e+01,2.086479e+01,2.085099e+01,2.104405e+01,2.091998e+01,2.091308e+01,2.092688e+01,2.091308e+01,2.098893e+01,2.099582e+01,2.112667e+01,2.105782e+01,2.100960e+01,2.100960e+01,2.103716e+01,2.103027e+01,2.105782e+01,2.120235e+01,2.118860e+01,2.113355e+01,2.124361e+01,2.142906e+01,2.145650e+01,2.145650e+01,2.148394e+01,2.144964e+01,2.164157e+01,2.166211e+01,2.162102e+01,2.171686e+01,2.167580e+01,2.164157e+01,2.146336e+01,2.106471e+01,2.093377e+01,2.084409e+01,2.089239e+01,2.080957e+01,2.080267e+01,2.083028e+01,2.098203e+01,2.155936e+01,2.194243e+01,2.227644e+01,2.254150e+01,2.244643e+01,2.199021e+01,2.120923e+01,2.023489e+01,1.992193e+01,1.988013e+01,1.985922e+01,1.988013e+01,1.985225e+01,1.999852e+01,1.985922e+01,1.986619e+01,1.982437e+01,1.983831e+01,1.981740e+01,1.983831e+01,1.988710e+01,1.976858e+01,1.985922e+01,1.985922e+01,1.983831e+01,1.990800e+01,1.985922e+01,1.981740e+01,1.982437e+01,1.986619e+01,1.985922e+01,1.982437e+01,1.982437e+01,1.993586e+01,1.994979e+01,1.976858e+01,1.987316e+01,1.988710e+01,1.986619e+01,2.000548e+01,1.994283e+01,1.994979e+01,1.983134e+01,1.979647e+01,1.986619e+01,1.987316e+01,1.987316e+01,1.984528e+01,1.980345e+01,1.982437e+01,1.987316e+01,2.003332e+01,1.985225e+01,1.976160e+01,1.984528e+01,1.983831e+01,1.990800e+01,2.049148e+01,2.083719e+01,2.127798e+01,2.130546e+01,2.122298e+01,2.131920e+01,2.136728e+01,2.140161e+01,2.135355e+01,2.141533e+01,2.140847e+01,2.131233e+01,2.131920e+01,2.140847e+01,2.138788e+01,2.132607e+01,2.129172e+01,2.131233e+01,2.135355e+01,2.136728e+01,2.140847e+01,2.131233e+01,2.141533e+01,2.129859e+01,2.132607e+01,2.129172e+01,2.147708e+01,2.138788e+01,2.138101e+01,2.132607e+01,2.136728e+01,2.140847e+01,2.130546e+01,2.129172e+01,2.125736e+01,2.123674e+01,2.127110e+01,2.129172e+01,2.133981e+01,2.136728e+01,2.133981e+01,2.135355e+01,2.131233e+01,2.118172e+01,2.127110e+01,2.123674e+01,2.122298e+01,2.117484e+01,2.129172e+01,2.116796e+01,2.126423e+01,2.127798e+01,2.120235e+01,2.120923e+01,2.114732e+01,2.101649e+01,2.122298e+01,2.101649e+01,2.099582e+01,2.106471e+01,2.099582e+01,2.104405e+01,2.103027e+01,2.103716e+01,2.113355e+01,2.108537e+01,2.107160e+01,2.103716e+01,2.108537e+01,2.107160e+01,2.098203e+01,2.096135e+01,2.101649e+01,2.103027e+01,2.098893e+01,2.105782e+01,2.106471e+01,2.098893e+01,2.089239e+01,2.104405e+01,2.101649e+01,2.103027e+01,2.106471e+01,2.099582e+01,2.103027e+01,2.107848e+01,2.105782e+01,2.111979e+01,2.103027e+01,2.112667e+01,2.103716e+01,2.108537e+01,2.112667e+01,2.098203e+01,2.103027e+01,2.094067e+01,2.094067e+01,2.107848e+01,2.107848e+01,2.109225e+01,2.107160e+01,2.110602e+01,2.108537e+01,2.109225e+01,2.103027e+01,2.113355e+01,2.103716e+01,2.103716e+01,2.102338e+01,2.108537e+01,2.112667e+01,2.107848e+01,2.117484e+01,2.106471e+01,2.110602e+01,2.111979e+01,2.107848e+01,2.109914e+01,2.104405e+01,2.107160e+01,2.111291e+01,2.108537e+01,2.098893e+01,2.099582e+01,2.103716e+01,2.101649e+01,2.105094e+01,2.102338e+01,2.104405e+01,2.103716e+01,2.116108e+01,2.111291e+01,2.107160e+01,2.115420e+01,2.112667e+01,2.117484e+01,2.098893e+01,2.111979e+01,2.103027e+01,2.111979e+01,2.113355e+01,2.111979e+01,2.106471e+01,2.125736e+01,2.114732e+01,2.112667e+01,2.105094e+01,2.107160e+01,2.128485e+01,2.111291e+01,2.101649e+01,2.103716e+01,2.109225e+01,2.107848e+01,2.101649e+01,2.109225e+01,2.118860e+01,2.109914e+01,2.107848e+01,2.105094e+01,2.107848e+01,2.111979e+01,2.116108e+01,2.107160e+01,2.108537e+01,2.101649e+01,2.114044e+01,2.107848e+01,2.109914e+01,2.114044e+01,2.103716e+01,2.111291e+01,2.113355e+01,2.109914e+01,2.112667e+01,2.103716e+01,2.118172e+01,2.114044e+01,2.109225e+01,2.114732e+01,2.116796e+01,2.112667e+01,2.112667e+01,2.114044e+01,2.116796e+01,2.118172e+01,2.118860e+01,2.114732e+01,2.116108e+01,2.114044e+01,2.114044e+01,2.103027e+01
2.118860e+01,2.105094e+01,2.093377e+01,2.114732e+01,2.118860e+01,2.109225e+01,2.118172e+01,2.106471e+01,2.107848e+01,2.114044e+01,2.121611e+01,2.118860e+01,2.114732e+01,2.114732e+01,2.111291e+01,2.115420e+01,2.118172e+01,2.116796e+01,2.108537e+01,2.113355e+01,2.113355e+01,2.114732e+01,2.110602e+01,2.122298e+01,2.116796e+01,2.103716e+01,2.115420e+01,2.120923e+01,2.116108e+01,2.116796e+01,2.114732e+01,2.114732e+01,2.113355e+01,2.120923e+01,2.110602e+01,2.117484e+01,2.118172e+01,2.118172e+01,2.116108e+01,2.122298e+01,2.120235e+01,2.117484e+01,2.113355e+01,2.116796e+01,2.117484e+01,2.112667e+01,2.114732e+01,2.113355e+01,2.111291e+01,2.112667e+01,2.130546e+01,2.117484e+01,2.105782e+01,2.105782e+01,2.112667e+01,2.105782e+01,2.111291e+01,2.111979e+01,2.097514e+01,2.113355e+01,2.110602e+01,2.113355e+01,2.112667e+01,2.107160e+01,2.114044e+01,2.109225e+01,2.111979e+01,2.117484e+01,2.102338e+01,2.123674e+01,2.116108e+01,2.103716e+01,2.115420e+01,2.116108e+01,2.119548e+01,2.118172e+01,2.118860e+01,2.122298e+01,2.113355e+01,2.110602e+01,2.120923e+01,2.117484e+01,2.111979e+01,2.117484e+01,2.129859e+01,2.117484e+01,2.122298e+01,2.120923e+01,2.119548e+01,2.109914e+01,2.125736e+01,2.122986e+01,2.122986e+01,2.124361e+01,2.122986e+01,2.118860e+01,2.118860e+01,2.117484e+01,2.128485e+01,2.113355e+01,2.123674e+01,2.116108e+01,2.116796e+01,2.119548e+01,2.125736e+01,2.121611e+01,2.117484e+01,2.117484e+01,2.120923e+01,2.112667e+01,2.113355e+01,2.122298e+01,2.120923e+01,2.116796e+01,2.112667e+01,2.113355e+01,2.116108e+01,2.111979e+01,2.116108e+01,2.109914e+01,2.120923e+01,2.107160e+01,2.122986e+01,2.109914e+01,2.113355e+01,2.113355e+01,2.122986e+01,2.112667e+01,2.107160e+01,2.116796e+01,2.114732e+01,2.118172e+01,2.117484e+01,2.120235e+01,2.127110e+01,2.122298e+01,2.125736e+01,2.122298e+01,2.127110e+01,2.122986e+01,2.122986e+01,2.121611e+01,2.127110e+01,2.118172e+01,2.124361e+01,2.114044e+01,2.121611e+01,2.126423e+01,2.119548e+01,2.118860e+01,2.125736e+01,2.126423e+01,2.134668e+01,2.121611e+01,2.133981e+01,2.123674e+01,2.126423e+01,2.122298e+01,2.122298e+01,2.122298e+01,2.126423e+01,2.123674e+01,2.129859e+01,2.129172e+01,2.136728e+01,2.132607e+01,2.128485e+01,2.133981e+01,2.130546e+01,2.129859e+01,2.131920e+01,2.123674e+01,2.134668e+01,2.133981e+01,2.135355e+01,2.140161e+01,2.129172e+01,2.123674e+01,2.142906e+01,2.131920e+01,2.131233e+01,2.131233e+01,2.122986e+01,2.102338e+01,2.105782e+01,2.098893e+01,2.092688e+01,2.115420e+01,2.110602e+01,2.122298e+01,2.120923e+01,2.130546e+01,2.141533e+01,2.131920e+01,2.133294e+01,2.136041e+01,2.123674e+01,2.122986e+01,2.109914e+01,2.071287e+01,2.028348e+01,2.010982e+01,1.991496e+01,1.983134e+01,1.982437e+01,1.981740e+01,1.976858e+01,1.981740e+01,1.983831e+01,1.984528e+01,1.985225e+01,1.987316e+01,1.989407e+01,1.980345e+01,1.983831e+01,1.981740e+01,1.989407e+01,1.979647e+01,1.976160e+01,1.982437e+01,1.978950e+01,1.974067e+01,1.977555e+01,1.982437e+01,1.973369e+01,1.974764e+01,1.981042e+01,1.975462e+01,1.986619e+01,1.982437e+01,1.987316e+01,1.983831e+01,1.982437e+01,1.987316e+01,1.991496e+01,1.982437e+01,1.983831e+01,1.992193e+01,1.985922e+01,1.988013e+01,1.985225e+01,1.985922e+01,1.987316e+01,1.992193e+01,1.992890e+01,1.992890e+01,1.990800e+01,1.982437e+01,1.991496e+01,1.991496e+01,1.989407e+01,1.988710e+01,1.976858e+01,1.988710e+01,1.981740e+01,1.988013e+01,1.988013e+01,1.983134e+01,1.991496e+01,1.988013e+01,1.991496e+01,1.990800e+01,1.994283e+01,1.993586e+01,1.994283e+01,1.983831e+01,1.986619e+01,2.015848e+01,2.049148e+01,2.091998e+01,2.093377e+01,2.084409e+01,2.090619e+01,2.067831e+01,2.036673e+01,2.031818e+01,2.038060e+01,2.029042e+01,2.017932e+01,2.022100e+01,2.013068e+01,2.009591e+01,2.017932e+01,2.012372e+01,2.011677e+01,2.008896e+01,2.013068e+01,2.015153e+01,2.017237e+01,2.031124e+01,2.022100e+01,2.030430e+01,2.032512e+01,2.033899e+01,2.038060e+01,2.038060e+01,2.038753e+01,2.041526e+01,2.044298e+01,2.044298e+01,2.057456e+01,2.070596e+01,2.073360e+01,2.088549e+01,2.074051e+01,2.090619e+01,2.090619e+01,2.080957e+01,2.094067e+01,2.094757e+01,2.092688e+01,2.091308e+01,2.089929e+01,2.088549e+01,2.089239e+01,2.089929e+01,2.079576e+01,2.085789e+01,2.076123e+01,2.085099e+01,2.086479e+01,2.071978e+01,2.073360e+01,2.064374e+01,2.067139e+01,2.054687e+01,2.054687e+01,2.050533e+01,2.057456e+01,2.065757e+01,2.078886e+01,2.078886e+01,2.077505e+01,2.077505e+01,2.063682e+01,2.059531e+01,2.060915e+01,2.065757e+01,2.067139e+01,2.066448e+01,2.056763e+01,2.067139e+01,2.068522e+01,2.082338e+01,2.080957e+01,2.089239e+01,2.091308e+01,2.080957e+01,2.083719e+01,2.085099e+01,2.087169e+01,2.098203e+01,2.089239e+01,2.091998e+01,2.089239e+01,2.096135e+01,2.088549e+01,2.100271e+01,2.085099e+01,2.087169e+01,2.100960e+01,2.103716e+01,2.104405e+01,2.105094e+01,2.102338e+01,2.105782e+01,2.110602e+01,2.106471e+01,2.108537e+01,2.119548e+01,2.113355e+01,2.139474e+01,2.125048e+01,2.120235e+01,2.125736e+01,2.141533e+01,2.151137e+01,2.145650e+01,2.146336e+01,2.138101e+01,2.147708e+01,2.151137e+01,2.146336e+01,2.100271e+01,2.091308e+01,2.079576e+01,2.080267e+01,2.078195e+01,2.092688e+01,2.108537e+01,2.101649e+01,2.145650e+01,2.191511e+01,2.237167e+01,2.248719e+01,2.258222e+01,2.242604e+01,2.175107e+01,2.071978e+01,2.015153e+01,1.993586e+01,1.990800e+01,1.988710e+01,1.978950e+01,1.989407e+01,1.985922e+01,1.984528e+01,1.992193e+01,1.984528e+01,1.985225e+01,1.984528e+01,1.987316e+01,1.985922e+01,1.985922e+01,1.982437e+01,1.986619e+01,1.985225e+01,1.986619e+01,1.990800e+01,1.986619e+01,1.985922e+01,1.985225e+01,1.988013e+01,1.981042e+01,1.988013e+01,1.991496e+01,1.992890e+01,1.990800e+01,1.992890e+01,1.983134e+01,1.996371e+01,1.997068e+01,1.992193e+01,1.997764e+01,1.978950e+01,1.985225e+01,1.986619e+01,1.992193e+01,1.992193e+01,1.987316e+01,1.987316e+01,1.981042e+01,1.987316e+01,1.978950e+01,1.990103e+01,1.988710e+01,1.991496e+01,1.985922e+01,2.033205e+01,2.087169e+01,2.126423e+01,2.138101e+01,2.117484e+01,2.144964e+01,2.136728e+01,2.135355e+01,2.133981e+01,2.131920e+01,2.140161e+01,2.139474e+01,2.135355e+01,2.131920e+01,2.136041e+01,2.133981e+01,2.139474e+01,2.138101e+01,2.136041e+01,2.141533e+01,2.133981e+01,2.137415e+01,2.141533e+01,2.140847e+01,2.139474e+01,2.140847e+01,2.134668e+01,2.138101e+01,2.140161e+01,2.140161e+01,2.138788e+01,2.135355e+01,2.138788e+01,2.128485e+01,2.130546e+01,2.123674e+01,2.133981e+01,2.127798e+01,2.123674e+01,2.120923e+01,2.125048e+01,2.127798e+01,2.138788e+01,2.125048e+01,2.131233e+01,2.118860e+01,2.124361e+01,2.129859e+01,2.122298e+01,2.118860e+01,2.116796e+01,2.118860e+01,2.109914e+01,2.114044e+01,2.118860e+01,2.116108e+01,2.106471e+01,2.102338e+01,2.103716e+01,2.102338e+01,2.107848e+01,2.100960e+01,2.102338e+01,2.107848e+01,2.105094e+01,2.111291e+01,2.100960e+01,2.107160e+01,2.099582e+01,2.107848e+01,2.109914e+01,2.098203e+01,2.101649e+01,2.103027e+01,2.096135e+01,2.098203e+01,2.107848e+01,2.107848e+01,2.105782e+01,2.111291e+01,2.111291e+01,2.110602e+01,2.111291e+01,2.098893e+01,2.102338e+01,2.111291e+01,2.108537e+01,2.101649e+01,2.107160e+01,2.103716e+01,2.104405e+01,2.116796e+01,2.104405e+01,2.105094e+01,2.099582e+01,2.098893e+01,2.114044e+01,2.108537e+01,2.109914e+01,2.109914e+01,2.111291e+01,2.105094e+01,2.110602e+01,2.117484e+01,2.112667e+01,2.109225e+01,2.101649e+01,2.101649e+01,2.118172e+01,2.108537e+01,2.107848e+01,2.105782e+01,2.107848e+01,2.123674e+01,2.105094e+01,2.109914e+01,2.105782e+01,2.107160e+01,2.105782e+01,2.104405e+01,2.113355e+01,2.114732e+01,2.103027e+01,2.098203e+01,2.094067e+01,2.118172e+01,2.111291e+01,2.110602e+01,2.104405e+01,2.105094e+01,2.103716e+01,2.114044e+01,2.116108e+01,2.107848e+01,2.107848e+01,2.114732e+01,2.115420e+01,2.115420e+01,2.105782e+01,2.116108e+01,2.114044e+01,2.112667e+01,2.098893e+01,2.116108e+01,2.113355e+01,2.120923e+01,2.117484e+01,2.111979e+01,2.109914e+01,2.106471e+01,2.113355e+01,2.111291e+01,2.111291e+01,2.111291e+01,2.108537e+01,2.122298e+01,2.105782e+01,2.107160e+01,2.109914e+01,2.109225e+01,2.111291e+01,2.109225e+01,2.108537e+01,2.105782e+01,2.110602e+01,2.112667e+01,2.111979e+01,2.112667e+01,2.114044e+01,2.106471e+01,2.118172e+01,2.087169e+01,2.119548e+01,2.111979e+01,2.112667e+01,2.114732e+01,2.122986e+01,2.117484e+01,2.119548e+01,2.109914e+01,2.111979e+01,2.120235e+01,2.109914e+01,2.116108e+01,2.107848e+01,2.118860e+01,2.116796e+01,2.096135e+01,2.117484e+01,2.105782e+01,2.108537e+01,2.109225e+01
2.124361e+01,2.097514e+01,2.108537e+01,2.124361e+01,2.106471e+01,2.120235e+01,2.107848e+01,2.120235e+01,2.121611e+01,2.120235e+01,2.115420e+01,2.110602e+01,2.112667e+01,2.119548e+01,2.121611e+01,2.111979e+01,2.114732e+01,2.111979e+01,2.115420e+01,2.114044e+01,2.117484e+01,2.111979e+01,2.118172e+01,2.118172e+01,2.109914e+01,2.126423e+01,2.115420e+01,2.120235e+01,2.116108e+01,2.112667e+01,2.111979e+01,2.115420e+01,2.125048e+01,2.107848e+01,2.113355e+01,2.115420e+01,2.107160e+01,2.114732e+01,2.122298e+01,2.121611e+01,2.116108e+01,2.119548e+01,2.113355e+01,2.118172e+01,2.122298e+01,2.108537e+01,2.117484e+01,2.129859e+01,2.114732e+01,2.122986e+01,2.109914e+01,2.111979e+01,2.105782e+01,2.109225e+01,2.109914e+01,2.113355e+01,2.111979e+01,2.108537e+01,2.114732e+01,2.113355e+01,2.112667e+01,2.116796e+01,2.114044e+01,2.114044e+01,2.117484e+01,2.111979e+01,2.116796e+01,2.117484e+01,2.119548e+01,2.114732e+01,2.113355e+01,2.113355e+01,2.118172e+01,2.118172e+01,2.114732e+01,2.121611e+01,2.116796e+01,2.116796e+01,2.127798e+01,2.116108e+01,2.119548e+01,2.117484e+01,2.117484e+01,2.120923e+01,2.116796e+01,2.117484e+01,2.123674e+01,2.129172e+01,2.122986e+01,2.111291e+01,2.125048e+01,2.109914e+01,2.112667e+01,2.116796e+01,2.121611e+01,2.121611e+01,2.124361e+01,2.122986e+01,2.111979e+01,2.126423e+01,2.125048e+01,2.122986e+01,2.119548e+01,2.120923e+01,2.122986e+01,2.114732e+01,2.119548e+01,2.118172e+01,2.122986e+01,2.115420e+01,2.122298e+01,2.116796e+01,2.119548e+01,2.116796e+01,2.110602e+01,2.113355e+01,2.122298e+01,2.114044e+01,2.116796e+01,2.116108e+01,2.121611e+01,2.116796e+01,2.120923e+01,2.114044e+01,2.121611e+01,2.111979e+01,2.112667e+01,2.127110e+01,2.103027e+01,2.122986e+01,2.114044e+01,2.120235e+01,2.116108e+01,2.118860e+01,2.117484e+01,2.118172e+01,2.116108e+01,2.121611e+01,2.115420e+01,2.125048e+01,2.119548e+01,2.130546e+01,2.120235e+01,2.124361e+01,2.113355e+01,2.117484e+01,2.128485e+01,2.118172e+01,2.129172e+01,2.131920e+01,2.131920e+01,2.132607e+01,2.136041e+01,2.136041e+01,2.121611e+01,2.122298e+01,2.127798e+01,2.122986e+01,2.122298e+01,2.120923e+01,2.122986e+01,2.131920e+01,2.128485e+01,2.126423e+01,2.125048e+01,2.128485e+01,2.131920e+01,2.134668e+01,2.130546e+01,2.132607e+01,2.129172e+01,2.132607e+01,2.136041e+01,2.124361e+01,2.122298e+01,2.125048e+01,2.127798e+01,2.125048e+01,2.146336e+01,2.118172e+01,2.120235e+01,2.103027e+01,2.090619e+01,2.065065e+01,2.065757e+01,2.060223e+01,2.067139e+01,2.087169e+01,2.089929e+01,2.089929e+01,2.102338e+01,2.113355e+01,2.125736e+01,2.129859e+01,2.137415e+01,2.135355e+01,2.133294e+01,2.136041e+01,2.123674e+01,2.089239e+01,2.082338e+01,2.035286e+01,2.017237e+01,1.990103e+01,1.976160e+01,1.987316e+01,1.988013e+01,1.983831e+01,1.981740e+01,1.985922e+01,1.981042e+01,1.988710e+01,1.985922e+01,1.988013e+01,1.989407e+01,1.981740e+01,1.988710e+01,1.973369e+01,1.988710e+01,1.986619e+01,1.973369e+01,1.979647e+01,1.981740e+01,1.978950e+01,1.977555e+01,1.983831e+01,1.984528e+01,1.977555e+01,1.983831e+01,1.962896e+01,1.986619e+01,1.985225e+01,1.990103e+01,1.990103e+01,1.991496e+01,1.985922e+01,1.993586e+01,1.990103e+01,1.992193e+01,1.985922e+01,1.985922e+01,1.986619e+01,1.997068e+01,1.997068e+01,1.993586e+01,1.989407e+01,1.989407e+01,1.992193e+01,1.990800e+01,1.983134e+01,1.981740e+01,1.990103e+01,1.986619e+01,1.992193e+01,1.985225e+01,1.987316e+01,1.994979e+01,1.985922e+01,1.978950e+01,1.987316e+01,1.985225e+01,1.990103e+01,1.995675e+01,1.994979e+01,1.997068e+01,1.992890e+01,1.992890e+01,2.020016e+01,2.073360e+01,2.088549e+01,2.091308e+01,2.087169e+01,2.089929e+01,2.073360e+01,2.042912e+01,2.042219e+01,2.029042e+01,2.022100e+01,2.036673e+01,2.022100e+01,2.012372e+01,2.019321e+01,2.005419e+01,2.017932e+01,2.009591e+01,2.011677e+01,2.014458e+01,2.023489e+01,2.030430e+01,2.017237e+01,2.026960e+01,2.031818e+01,2.031818e+01,2.031124e+01,2.035980e+01,2.034592e+01,2.042912e+01,2.040140e+01,2.040833e+01,2.041526e+01,2.060915e+01,2.077505e+01,2.072669e+01,2.078195e+01,2.090619e+01,2.094067e+01,2.097514e+01,2.091998e+01,2.096135e+01,2.096135e+01,2.089239e+01,2.082338e+01,2.091998e+01,2.088549e+01,2.089929e+01,2.088549e+01,2.081648e+01,2.078195e+01,2.092688e+01,2.088549e+01,2.076123e+01,2.071978e+01,2.076123e+01,2.069213e+01,2.063682e+01,2.069213e+01,2.064374e+01,2.055379e+01,2.063682e+01,2.064374e+01,2.062299e+01,2.079576e+01,2.071287e+01,2.071287e+01,2.063682e+01,2.066448e+01,2.064374e+01,2.069905e+01,2.067139e+01,2.055379e+01,2.060915e+01,2.080267e+01,2.082338e+01,2.085789e+01,2.083719e+01,2.083028e+01,2.089239e+01,2.090619e+01,2.086479e+01,2.091308e+01,2.087169e+01,2.087169e+01,2.085099e+01,2.086479e+01,2.085099e+01,2.109225e+01,2.089239e+01,2.094067e+01,2.082338e+01,2.098203e+01,2.082338e+01,2.099582e+01,2.093377e+01,2.103716e+01,2.098893e+01,2.104405e+01,2.086479e+01,2.115420e+01,2.116108e+01,2.116108e+01,2.115420e+01,2.119548e+01,2.114732e+01,2.108537e+01,2.123674e+01,2.118172e+01,2.135355e+01,2.120235e+01,2.132607e+01,2.140847e+01,2.130546e+01,2.114044e+01,2.110602e+01,2.101649e+01,2.087859e+01,2.083719e+01,2.081648e+01,2.079576e+01,2.080957e+01,2.097514e+01,2.118172e+01,2.151137e+01,2.194925e+01,2.236487e+01,2.252114e+01,2.269750e+01,2.267039e+01,2.213342e+01,2.118860e+01,2.045684e+01,1.989407e+01,1.981740e+01,1.990103e+01,1.984528e+01,1.999156e+01,1.987316e+01,1.983831e+01,1.980345e+01,1.980345e+01,1.983831e+01,1.987316e+01,1.986619e+01,1.988013e+01,1.979647e+01,1.988710e+01,1.981740e+01,1.985225e+01,1.981740e+01,1.985922e+01,1.983134e+01,1.994979e+01,1.991496e+01,1.985225e+01,1.991496e+01,1.991496e+01,1.981740e+01,1.989407e+01,1.985922e+01,1.985922e+01,1.985922e+01,1.989407e+01,1.985922e+01,1.982437e+01,1.982437e+01,1.992890e+01,1.988013e+01,1.991496e+01,1.978253e+01,1.990103e+01,1.992890e+01,1.985922e+01,1.988013e+01,1.987316e+01,1.981740e+01,1.984528e+01,1.983831e+01,1.993586e+01,1.985922e+01,2.014458e+01,2.089239e+01,2.119548e+01,2.131233e+01,2.139474e+01,2.141533e+01,2.140847e+01,2.131920e+01,2.134668e+01,2.131233e+01,2.136728e+01,2.144964e+01,2.140161e+01,2.140847e+01,2.140161e+01,2.132607e+01,2.136041e+01,2.140847e+01,2.139474e+01,2.136041e+01,2.153194e+01,2.141533e+01,2.122298e+01,2.130546e+01,2.127798e+01,2.143592e+01,2.133294e+01,2.143592e+01,2.137415e+01,2.135355e+01,2.138101e+01,2.133981e+01,2.132607e+01,2.134668e+01,2.129172e+01,2.129859e+01,2.127798e+01,2.134668e+01,2.137415e+01,2.136728e+01,2.135355e+01,2.120235e+01,2.129172e+01,2.128485e+01,2.128485e+01,2.131233e+01,2.129172e+01,2.127798e+01,2.120235e+01,2.116108e+01,2.116796e+01,2.118860e+01,2.122298e+01,2.108537e+01,2.109225e+01,2.109225e+01,2.110602e+01,2.109914e+01,2.098893e+01,2.103027e+01,2.105094e+01,2.103027e+01,2.103027e+01,2.105782e+01,2.103716e+01,2.100960e+01,2.103716e+01,2.105094e+01,2.109225e+01,2.098893e+01,2.102338e+01,2.107160e+01,2.098203e+01,2.104405e+01,2.101649e+01,2.105782e+01,2.104405e+01,2.107160e+01,2.100271e+01,2.108537e+01,2.111291e+01,2.113355e+01,2.111979e+01,2.110602e+01,2.099582e+01,2.109914e+01,2.106471e+01,2.136728e+01,2.111979e+01,2.109914e+01,2.109914e+01,2.105094e+01,2.105782e+01,2.107848e+01,2.112667e+01,2.110602e+01,2.095446e+01,2.108537e+01,2.113355e+01,2.108537e+01,2.113355e+01,2.098893e+01,2.112667e+01,2.107848e+01,2.109914e+01,2.109914e+01,2.103027e+01,2.114732e+01,2.115420e+01,2.099582e+01,2.111291e+01,2.106471e+01,2.111291e+01,2.122986e+01,2.122298e+01,2.113355e+01,2.106471e+01,2.103716e+01,2.110602e+01,2.106471e+01,2.105094e+01,2.111979e+01,2.100960e+01,2.119548e+01,2.099582e+01,2.096135e+01,2.115420e+01,2.111291e+01,2.113355e+01,2.116108e+01,2.121611e+01,2.122298e+01,2.118860e+01,2.109914e+01,2.115420e+01,2.109914e+01,2.109914e+01,2.115420e+01,2.100960e+01,2.126423e+01,2.122298e+01,2.111979e+01,2.116108e+01,2.113355e+01,2.119548e+01,2.114732e+01,2.114044e+01,2.099582e+01,2.118172e+01,2.119548e+01,2.111979e+01,2.113355e+01,2.110602e+01,2.119548e+01,2.099582e+01,2.096135e+01,2.122986e+01,2.118172e+01,2.114732e+01,2.111291e+01,2.114732e+01,2.116796e+01,2.100960e+01,2.112667e+01,2.105782e+01,2.113355e+01,2.111291e+01,2.103716e+01,2.102338e+01,2.114732e+01,2.114044e+01,2.116108e+01,2.107848e+01,2.114732e+01,2.111291e+01,2.119548e+01,2.121611e+01,2.122298e+01,2.111291e+01,2.108537e+01,2.111979e+01,2.111291e+01,2.114044e+01,2.115420e+01,2.118172e+01,2.120235e+01,2.117484e+01,2.115420e+01,2.116108e+01,2.109914e+01,2.111291e+01,2.109914e+01
2.120923e+01,2.104405e+01,2.106471e+01,2.118860e+01,2.107160e+01,2.117484e+01,2.098893e+01,2.108537e+01,2.119548e+01,2.114044e+01,2.117484e+01,2.112667e+01,2.119548e+01,2.122986e+01,2.114732e+01,2.110602e+01,2.113355e+01,2.115420e+01,2.113355e+01,2.120923e+01,2.107848e+01,2.104405e+01,2.116796e+01,2.109225e+01,2.112667e+01,2.116796e+01,2.122298e+01,2.131233e+01,2.125048e+01,2.111291e+01,2.116796e+01,2.097514e+01,2.114732e+01,2.121611e+01,2.116108e+01,2.114044e+01,2.108537e+01,2.111291e+01,2.112667e+01,2.116108e+01,2.105782e+01,2.112667e+01,2.114732e+01,2.129172e+01,2.116108e+01,2.096135e+01,2.122298e+01,2.118172e+01,2.113355e+01,2.120923e+01,2.111979e+01,2.118172e+01,2.120923e+01,2.109914e+01,2.109225e+01,2.114044e+01,2.110602e+01,2.105782e+01,2.114044e+01,2.116796e+01,2.115420e+01,2.113355e+01,2.116796e+01,2.118172e+01,2.116108e+01,2.114044e+01,2.114044e+01,2.114044e+01,2.118172e+01,2.111979e+01,2.116796e+01,2.119548e+01,2.114044e+01,2.113355e+01,2.113355e+01,2.120923e+01,2.106471e+01,2.116796e+01,2.125736e+01,2.109914e+01,2.113355e+01,2.116108e+01,2.114732e+01,2.121611e+01,2.120235e+01,2.118172e+01,2.118860e+01,2.124361e+01,2.116796e+01,2.115420e+01,2.122986e+01,2.120235e+01,2.122986e+01,2.122298e+01,2.115420e+01,2.118172e+01,2.114732e+01,2.123674e+01,2.118172e+01,2.113355e+01,2.126423e+01,2.116796e+01,2.116796e+01,2.119548e+01,2.116796e+01,2.114044e+01,2.122298e+01,2.114732e+01,2.112667e+01,2.121611e+01,2.111979e+01,2.114732e+01,2.114044e+01,2.117484e+01,2.116108e+01,2.118172e+01,2.109914e+01,2.116796e+01,2.099582e+01,2.122986e+01,2.114732e+01,2.120923e+01,2.109914e+01,2.110602e+01,2.118172e+01,2.113355e+01,2.117484e+01,2.116796e+01,2.114044e+01,2.116108e+01,2.121611e+01,2.114732e+01,2.114732e+01,2.117484e+01,2.117484e+01,2.116796e+01,2.116796e+01,2.116108e+01,2.114732e+01,2.122298e+01,2.119548e+01,2.123674e+01,2.124361e+01,2.118172e+01,2.125736e+01,2.127798e+01,2.118860e+01,2.122986e+01,2.121611e+01,2.124361e+01,2.121611e+01,2.133294e+01,2.130546e+01,2.126423e+01,2.127798e+01,2.128485e+01,2.121611e+01,2.120923e+01,2.122298e+01,2.113355e+01,2.122986e+01,2.114732e+01,2.134668e+01,2.116796e+01,2.125048e+01,2.116108e+01,2.110602e+01,2.107160e+01,2.120923e+01,2.098203e+01,2.125048e+01,2.116108e+01,2.105094e+01,2.109225e+01,2.108537e+01,2.107160e+01,2.111291e+01,2.123674e+01,2.114732e+01,2.109225e+01,2.107160e+01,2.082338e+01,2.047070e+01,2.024877e+01,2.017932e+01,2.015848e+01,2.016542e+01,2.030430e+01,2.044298e+01,2.070596e+01,2.066448e+01,2.067139e+01,2.104405e+01,2.108537e+01,2.120235e+01,2.122298e+01,2.122298e+01,2.136728e+01,2.133294e+01,2.116796e+01,2.091998e+01,2.073360e+01,2.039447e+01,2.007505e+01,1.975462e+01,1.980345e+01,1.985225e+01,1.984528e+01,1.978253e+01,1.981042e+01,1.979647e+01,1.988710e+01,1.980345e+01,1.981042e+01,1.987316e+01,1.978253e+01,1.983831e+01,1.976160e+01,1.980345e+01,1.979647e+01,1.972671e+01,1.973369e+01,1.971973e+01,1.972671e+01,1.974067e+01,1.978253e+01,1.982437e+01,1.976160e+01,1.980345e+01,1.985922e+01,1.988013e+01,1.983134e+01,1.977555e+01,1.983831e+01,1.983134e+01,1.982437e+01,1.985225e+01,1.981740e+01,1.985922e+01,1.988710e+01,1.992193e+01,1.988710e+01,1.987316e+01,1.990103e+01,1.994979e+01,1.992890e+01,1.990103e+01,1.993586e+01,1.994283e+01,1.979647e+01,1.993586e+01,1.982437e+01,1.990103e+01,1.990800e+01,1.992193e+01,1.983831e+01,1.992890e+01,1.992890e+01,1.992193e+01,1.994283e+01,1.994283e+01,1.988710e+01,1.996371e+01,1.987316e+01,1.989407e+01,1.992193e+01,1.996371e+01,2.035286e+01,2.087859e+01,2.094067e+01,2.091308e+01,2.088549e+01,2.087859e+01,2.077505e+01,2.068522e+01,2.037366e+01,2.031124e+01,2.031818e+01,2.017932e+01,2.026266e+01,2.019321e+01,2.020711e+01,2.015153e+01,2.016542e+01,2.015848e+01,2.016542e+01,2.019321e+01,2.022100e+01,2.031818e+01,2.021405e+01,2.022100e+01,2.020711e+01,2.030430e+01,2.030430e+01,2.033205e+01,2.039447e+01,2.041526e+01,2.040140e+01,2.038060e+01,2.041526e+01,2.041526e+01,2.048455e+01,2.069213e+01,2.073360e+01,2.090619e+01,2.088549e+01,2.098893e+01,2.095446e+01,2.093377e+01,2.093377e+01,2.091308e+01,2.090619e+01,2.079576e+01,2.083719e+01,2.089239e+01,2.077505e+01,2.088549e+01,2.085099e+01,2.089239e+01,2.091998e+01,2.077505e+01,2.077505e+01,2.074051e+01,2.069905e+01,2.070596e+01,2.068522e+01,2.061607e+01,2.061607e+01,2.065757e+01,2.062299e+01,2.071287e+01,2.064374e+01,2.068522e+01,2.065757e+01,2.063682e+01,2.065065e+01,2.064374e+01,2.064374e+01,2.067831e+01,2.065757e+01,2.063682e+01,2.069905e+01,2.078195e+01,2.087169e+01,2.080267e+01,2.084409e+01,2.086479e+01,2.083719e+01,2.081648e+01,2.081648e+01,2.087169e+01,2.081648e+01,2.085099e+01,2.085789e+01,2.086479e+01,2.082338e+01,2.089239e+01,2.084409e+01,2.084409e+01,2.088549e+01,2.088549e+01,2.102338e+01,2.096825e+01,2.096825e+01,2.089929e+01,2.098203e+01,2.104405e+01,2.099582e+01,2.095446e+01,2.107160e+01,2.114732e+01,2.114044e+01,2.116108e+01,2.107848e+01,2.120923e+01,2.116796e+01,2.117484e+01,2.122298e+01,2.118860e+01,2.114044e+01,2.122298e+01,2.111291e+01,2.111291e+01,2.098203e+01,2.079576e+01,2.077505e+01,2.076123e+01,2.076814e+01,2.080957e+01,2.080957e+01,2.117484e+01,2.122298e+01,2.182629e+01,2.231046e+01,2.256186e+01,2.265683e+01,2.252114e+01,2.246681e+01,2.180578e+01,2.082338e+01,2.017237e+01,1.985922e+01,1.983831e+01,1.983134e+01,1.985922e+01,1.983831e+01,1.983831e+01,1.984528e+01,1.985922e+01,1.984528e+01,1.981740e+01,1.987316e+01,1.985225e+01,1.978253e+01,1.983831e+01,1.971973e+01,1.982437e+01,1.992193e+01,1.985922e+01,1.981042e+01,1.983134e+01,1.981740e+01,1.986619e+01,1.989407e+01,1.992193e+01,1.992890e+01,1.993586e+01,1.988710e+01,1.976858e+01,1.988710e+01,1.989407e+01,1.986619e+01,1.986619e+01,1.984528e+01,1.990800e+01,1.986619e+01,1.981740e+01,1.981740e+01,1.985922e+01,1.986619e+01,1.985225e+01,1.985922e+01,1.976858e+01,1.987316e+01,1.979647e+01,1.982437e+01,1.994979e+01,1.987316e+01,2.015848e+01,2.077505e+01,2.127798e+01,2.131233e+01,2.141533e+01,2.142906e+01,2.139474e+01,2.139474e+01,2.138101e+01,2.136041e+01,2.130546e+01,2.139474e+01,2.136041e+01,2.141533e+01,2.140847e+01,2.135355e+01,2.130546e+01,2.136041e+01,2.139474e+01,2.129172e+01,2.127110e+01,2.131920e+01,2.137415e+01,2.138101e+01,2.127110e+01,2.130546e+01,2.136041e+01,2.133981e+01,2.131233e+01,2.138788e+01,2.133294e+01,2.142220e+01,2.131920e+01,2.132607e+01,2.125048e+01,2.131920e+01,2.122986e+01,2.122986e+01,2.133981e+01,2.133294e+01,2.130546e+01,2.122298e+01,2.136728e+01,2.129859e+01,2.118172e+01,2.122298e+01,2.129859e+01,2.123674e+01,2.129172e+01,2.116108e+01,2.116796e+01,2.125048e+01,2.120923e+01,2.120235e+01,2.113355e+01,2.109914e+01,2.111291e+01,2.109225e+01,2.103027e+01,2.100960e+01,2.105782e+01,2.105782e+01,2.101649e+01,2.104405e+01,2.109225e+01,2.100271e+01,2.103716e+01,2.107160e+01,2.098893e+01,2.098893e+01,2.103027e+01,2.105094e+01,2.108537e+01,2.103027e+01,2.096135e+01,2.096825e+01,2.098893e+01,2.096825e+01,2.098203e+01,2.110602e+01,2.099582e+01,2.099582e+01,2.112667e+01,2.110602e+01,2.098893e+01,2.100960e+01,2.109225e+01,2.105094e+01,2.104405e+01,2.100271e+01,2.110602e+01,2.106471e+01,2.109914e+01,2.101649e+01,2.108537e+01,2.112667e+01,2.103027e+01,2.109914e+01,2.105782e+01,2.111291e+01,2.107160e+01,2.114732e+01,2.111291e+01,2.105094e+01,2.108537e+01,2.107160e+01,2.107848e+01,2.117484e+01,2.110602e+01,2.103027e+01,2.108537e+01,2.122298e+01,2.107160e+01,2.113355e+01,2.114732e+01,2.113355e+01,2.120923e+01,2.106471e+01,2.111291e+01,2.105782e+01,2.111979e+01,2.103716e+01,2.098893e+01,2.110602e+01,2.109225e+01,2.110602e+01,2.117484e+01,2.106471e+01,2.123674e+01,2.118860e+01,2.107848e+01,2.117484e+01,2.111979e+01,2.117484e+01,2.110602e+01,2.105782e+01,2.112667e+01,2.109225e+01,2.101649e+01,2.111979e+01,2.114732e+01,2.111979e+01,2.114044e+01,2.112667e+01,2.109914e+01,2.111979e+01,2.108537e+01,2.107848e+01,2.125736e+01,2.118172e+01,2.107848e+01,2.116796e+01,2.115420e+01,2.116108e+01,2.120235e+01,2.118172e+01,2.127798e+01,2.120235e+01,2.105782e+01,2.107848e+01,2.116796e+01,2.105094e+01,2.118172e+01,2.116108e+01,2.107848e+01,2.107848e+01,2.114044e+01,2.110602e+01,2.110602e+01,2.106471e+01,2.098203e+01,2.101649e+01,2.113355e+01,2.121611e+01,2.109225e+01,2.117484e+01,2.122298e+01,2.119548e+01,2.107848e+01,2.113355e+01,2.111291e+01,2.111979e+01,2.114044e+01,2.098203e+01,2.114044e+01,2.106471e+01,2.112667e+01,2.111291e+01,2.119548e+01,2.111979e+01,2.119548e+01,2.117484e+01
2.126423e+01,2.111979e+01,2.115420e+01,2.120235e+01,2.118172e+01,2.107848e+01,2.118172e+01,2.120235e+01,2.099582e+01,2.111979e+01,2.123674e+01,2.118172e+01,2.116108e+01,2.114732e+01,2.109225e+01,2.114044e+01,2.111979e+01,2.116108e+01,2.112667e+01,2.115420e+01,2.120235e+01,2.125048e+01,2.125048e+01,2.124361e+01,2.107848e+01,2.113355e+01,2.109225e+01,2.117484e+01,2.114044e+01,2.125736e+01,2.118860e+01,2.120923e+01,2.118860e+01,2.114732e+01,2.105782e+01,2.111979e+01,2.114732e+01,2.118860e+01,2.105782e+01,2.119548e+01,2.117484e+01,2.129172e+01,2.111979e+01,2.120923e+01,2.123674e+01,2.115420e+01,2.118172e+01,2.125736e+01,2.123674e+01,2.113355e+01,2.118860e+01,2.116796e+01,2.115420e+01,2.109914e+01,2.117484e+01,2.121611e+01,2.109914e+01,2.111291e+01,2.115420e+01,2.127110e+01,2.112667e+01,2.111291e+01,2.109914e+01,2.118172e+01,2.132607e+01,2.114732e+01,2.114044e+01,2.113355e+01,2.114044e+01,2.116108e+01,2.116108e+01,2.114732e+01,2.117484e+01,2.116108e+01,2.116108e+01,2.131920e+01,2.131233e+01,2.118172e+01,2.120235e+01,2.114044e+01,2.108537e+01,2.122986e+01,2.122298e+01,2.119548e+01,2.125736e+01,2.122298e+01,2.126423e+01,2.116796e+01,2.120235e+01,2.113355e+01,2.123674e+01,2.126423e+01,2.121611e+01,2.122298e+01,2.117484e+01,2.116108e+01,2.118860e+01,2.124361e+01,2.129172e+01,2.124361e+01,2.115420e+01,2.128485e+01,2.118172e+01,2.118860e+01,2.118172e+01,2.118172e+01,2.118172e+01,2.112667e+01,2.110602e+01,2.119548e+01,2.122986e+01,2.124361e+01,2.119548e+01,2.115420e+01,2.104405e+01,2.122298e+01,2.108537e+01,2.101649e+01,2.119548e+01,2.119548e+01,2.121611e+01,2.119548e+01,2.119548e+01,2.116796e+01,2.117484e+01,2.120923e+01,2.116108e+01,2.117484e+01,2.115420e+01,2.116796e+01,2.116796e+01,2.122298e+01,2.119548e+01,2.116108e+01,2.122298e+01,2.119548e+01,2.122986e+01,2.119548e+01,2.121611e+01,2.126423e+01,2.122986e+01,2.125736e+01,2.122298e+01,2.122986e+01,2.122986e+01,2.126423e+01,2.122986e+01,2.126423e+01,2.134668e+01,2.125736e+01,2.121611e+01,2.134668e+01,2.133981e+01,2.122298e+01,2.122298e+01,2.127798e+01,2.122986e+01,2.117484e+01,2.120235e+01,2.116108e+01,2.120235e+01,2.120923e+01,2.113355e+01,2.111979e+01,2.099582e+01,2.098893e+01,2.100271e+01,2.094067e+01,2.093377e+01,2.094067e+01,2.065757e+01,2.075432e+01,2.083719e+01,2.079576e+01,2.074051e+01,2.077505e+01,2.076123e+01,2.072669e+01,2.076123e+01,2.052610e+01,2.050533e+01,2.041526e+01,2.035980e+01,2.005419e+01,1.997764e+01,1.997068e+01,2.000548e+01,2.016542e+01,2.015153e+01,2.012372e+01,2.026960e+01,2.033899e+01,2.063682e+01,2.065757e+01,2.076814e+01,2.083028e+01,2.100960e+01,2.120923e+01,2.125736e+01,2.119548e+01,2.119548e+01,2.094067e+01,2.067139e+01,2.029736e+01,1.999852e+01,1.989407e+01,1.985225e+01,1.983134e+01,1.984528e+01,1.983134e+01,1.983831e+01,1.988013e+01,1.976160e+01,1.986619e+01,1.987316e+01,1.982437e+01,1.976858e+01,1.974067e+01,1.973369e+01,1.984528e+01,1.987316e+01,1.981740e+01,1.985922e+01,1.976858e+01,1.976160e+01,1.976160e+01,1.977555e+01,1.981740e+01,1.985225e+01,1.982437e+01,1.992193e+01,1.987316e+01,1.978950e+01,1.981042e+01,1.992890e+01,1.984528e+01,1.982437e+01,1.990800e+01,1.985225e+01,1.986619e+01,1.986619e+01,1.992890e+01,1.990103e+01,1.994979e+01,1.992890e+01,1.994979e+01,1.997764e+01,1.993586e+01,1.994283e+01,1.982437e+01,1.992193e+01,1.988710e+01,1.987316e+01,1.982437e+01,1.990103e+01,1.992193e+01,1.992193e+01,1.988013e+01,1.992193e+01,1.999156e+01,1.988710e+01,1.996371e+01,1.997068e+01,1.997068e+01,1.997764e+01,2.001244e+01,2.022794e+01,2.033899e+01,2.092688e+01,2.087859e+01,2.088549e+01,2.090619e+01,2.089929e+01,2.091998e+01,2.069213e+01,2.039447e+01,2.028348e+01,2.033899e+01,2.035980e+01,2.038060e+01,2.037366e+01,2.038060e+01,2.021405e+01,2.020016e+01,2.015153e+01,2.020016e+01,2.031124e+01,2.026266e+01,2.020711e+01,2.029042e+01,2.018627e+01,2.019321e+01,2.032512e+01,2.033205e+01,2.021405e+01,2.034592e+01,2.037366e+01,2.041526e+01,2.038753e+01,2.040833e+01,2.031818e+01,2.042912e+01,2.070596e+01,2.077505e+01,2.086479e+01,2.078886e+01,2.086479e+01,2.096825e+01,2.083719e+01,2.091308e+01,2.087169e+01,2.091308e+01,2.093377e+01,2.082338e+01,2.098203e+01,2.089929e+01,2.083719e+01,2.091998e+01,2.086479e+01,2.082338e+01,2.087859e+01,2.089239e+01,2.090619e+01,2.071287e+01,2.069213e+01,2.062299e+01,2.069213e+01,2.064374e+01,2.062990e+01,2.064374e+01,2.067831e+01,2.063682e+01,2.065757e+01,2.066448e+01,2.065065e+01,2.067831e+01,2.064374e+01,2.066448e+01,2.065757e+01,2.065065e+01,2.079576e+01,2.085789e+01,2.086479e+01,2.083719e+01,2.082338e+01,2.081648e+01,2.080957e+01,2.091308e+01,2.086479e+01,2.084409e+01,2.085789e+01,2.080267e+01,2.081648e+01,2.085099e+01,2.083719e+01,2.084409e+01,2.085789e+01,2.083719e+01,2.092688e+01,2.091998e+01,2.089239e+01,2.092688e+01,2.103716e+01,2.091998e+01,2.090619e+01,2.089929e+01,2.103716e+01,2.098203e+01,2.102338e+01,2.096135e+01,2.107160e+01,2.116108e+01,2.116796e+01,2.118860e+01,2.107160e+01,2.122986e+01,2.114044e+01,2.115420e+01,2.116108e+01,2.113355e+01,2.111291e+01,2.103716e+01,2.103027e+01,2.085099e+01,2.086479e+01,2.087169e+01,2.080957e+01,2.072669e+01,2.082338e+01,2.091308e+01,2.103716e+01,2.124361e+01,2.170318e+01,2.206525e+01,2.231046e+01,2.241925e+01,2.246681e+01,2.248719e+01,2.217430e+01,2.146336e+01,2.078195e+01,2.018627e+01,1.988013e+01,1.981042e+01,1.987316e+01,1.987316e+01,1.988013e+01,1.987316e+01,1.987316e+01,1.980345e+01,1.986619e+01,1.974764e+01,1.978950e+01,1.979647e+01,1.983134e+01,1.983134e+01,1.982437e+01,1.978253e+01,1.977555e+01,1.981740e+01,1.983134e+01,1.985922e+01,1.990800e+01,1.982437e+01,1.982437e+01,1.993586e+01,1.990103e+01,1.988710e+01,1.984528e+01,1.987316e+01,1.983831e+01,2.001940e+01,1.985225e+01,1.991496e+01,1.985922e+01,1.988013e+01,1.988710e+01,1.987316e+01,1.982437e+01,1.977555e+01,1.984528e+01,1.988710e+01,1.983134e+01,1.985225e+01,1.988710e+01,1.984528e+01,1.976858e+01,1.995675e+01,2.014458e+01,2.067831e+01,2.128485e+01,2.140161e+01,2.132607e+01,2.133294e+01,2.135355e+01,2.144278e+01,2.134668e+01,2.138101e+01,2.140847e+01,2.136728e+01,2.125736e+01,2.133294e+01,2.140161e+01,2.133981e+01,2.140847e+01,2.136728e+01,2.140161e+01,2.142220e+01,2.138101e+01,2.138101e+01,2.134668e+01,2.134668e+01,2.133981e+01,2.135355e+01,2.141533e+01,2.138788e+01,2.136728e+01,2.131233e+01,2.133294e+01,2.133294e+01,2.133981e+01,2.132607e+01,2.143592e+01,2.124361e+01,2.122986e+01,2.127798e+01,2.132607e+01,2.134668e+01,2.137415e+01,2.134668e+01,2.122986e+01,2.127798e+01,2.112667e+01,2.124361e+01,2.128485e+01,2.131920e+01,2.120235e+01,2.115420e+01,2.119548e+01,2.120235e+01,2.117484e+01,2.104405e+01,2.111291e+01,2.109914e+01,2.100271e+01,2.107848e+01,2.105782e+01,2.112667e+01,2.089239e+01,2.104405e+01,2.102338e+01,2.102338e+01,2.101649e+01,2.104405e+01,2.103027e+01,2.100271e+01,2.104405e+01,2.110602e+01,2.103027e+01,2.110602e+01,2.101649e+01,2.096825e+01,2.107160e+01,2.107848e+01,2.107848e+01,2.107160e+01,2.099582e+01,2.110602e+01,2.111291e+01,2.108537e+01,2.100960e+01,2.109914e+01,2.111291e+01,2.109225e+01,2.103716e+01,2.113355e+01,2.105782e+01,2.101649e+01,2.109225e+01,2.105782e+01,2.109225e+01,2.108537e+01,2.123674e+01,2.116796e+01,2.111291e+01,2.114044e+01,2.107160e+01,2.110602e+01,2.107848e+01,2.110602e+01,2.111291e+01,2.102338e+01,2.110602e+01,2.112667e+01,2.106471e+01,2.111291e+01,2.110602e+01,2.112667e+01,2.119548e+01,2.109225e+01,2.112667e+01,2.107160e+01,2.120235e+01,2.108537e+01,2.119548e+01,2.116796e+01,2.117484e+01,2.103716e+01,2.103027e+01,2.112667e+01,2.109225e+01,2.100960e+01,2.114044e+01,2.112667e+01,2.120923e+01,2.109225e+01,2.118860e+01,2.111979e+01,2.117484e+01,2.116108e+01,2.114732e+01,2.105094e+01,2.114044e+01,2.111979e+01,2.114044e+01,2.111979e+01,2.113355e+01,2.117484e+01,2.114044e+01,2.109914e+01,2.111979e+01,2.109914e+01,2.107160e+01,2.121611e+01,2.107848e+01,2.115420e+01,2.119548e+01,2.119548e+01,2.110602e+01,2.120235e+01,2.114044e+01,2.117484e+01,2.118172e+01,2.104405e+01,2.109914e+01,2.115420e+01,2.122986e+01,2.116108e+01,2.106471e+01,2.115420e+01,2.107160e+01,2.107160e+01,2.112667e+01,2.109914e+01,2.113355e+01,2.106471e+01,2.109225e+01,2.111979e+01,2.107160e+01,2.117484e+01,2.119548e+01,2.117484e+01,2.110602e+01,2.116796e+01,2.112667e+01,2.111979e+01,2.111291e+01,2.114044e+01,2.109225e+01,2.114732e+01,2.113355e+01,2.115420e+01,2.100960e+01,2.109225e+01,2.120235e+01,2.127798e+01,2.117484e+01,2.100960e+01,2.111979e+01,2.112667e+01
2.105782e+01,2.110602e+01,2.107848e+01,2.113355e+01,2.114044e+01,2.107160e+01,2.108537e+01,2.107160e+01,2.106471e+01,2.118172e+01,2.107848e+01,2.116108e+01,2.120235e+01,2.118860e+01,2.119548e+01,2.120923e+01,2.114044e+01,2.113355e+01,2.118860e+01,2.114044e+01,2.114044e+01,2.126423e+01,2.109914e+01,2.114044e+01,2.115420e+01,2.111979e+01,2.108537e+01,2.122298e+01,2.129172e+01,2.122298e+01,2.120235e+01,2.109914e+01,2.114732e+01,2.104405e+01,2.114044e+01,2.111979e+01,2.110602e+01,2.107848e+01,2.109914e+01,2.121611e+01,2.122298e+01,2.129859e+01,2.111979e+01,2.122298e+01,2.120235e+01,2.118860e+01,2.122298e+01,2.121611e+01,2.119548e+01,2.116796e+01,2.116108e+01,2.113355e+01,2.118172e+01,2.111979e+01,2.117484e+01,2.107848e+01,2.117484e+01,2.112667e+01,2.114732e+01,2.117484e+01,2.122298e+01,2.110602e+01,2.111291e+01,2.118860e+01,2.117484e+01,2.114044e+01,2.116108e+01,2.113355e+01,2.113355e+01,2.127110e+01,2.117484e+01,2.125048e+01,2.116796e+01,2.127798e+01,2.116796e+01,2.118860e+01,2.132607e+01,2.121611e+01,2.111291e+01,2.125048e+01,2.122986e+01,2.124361e+01,2.123674e+01,2.125736e+01,2.123674e+01,2.120235e+01,2.119548e+01,2.118860e+01,2.123674e+01,2.113355e+01,2.129859e+01,2.116796e+01,2.111291e+01,2.116796e+01,2.109914e+01,2.109914e+01,2.120235e+01,2.107160e+01,2.127798e+01,2.115420e+01,2.114732e+01,2.115420e+01,2.118172e+01,2.114044e+01,2.118172e+01,2.116796e+01,2.121611e+01,2.115420e+01,2.121611e+01,2.110602e+01,2.124361e+01,2.119548e+01,2.116108e+01,2.117484e+01,2.116108e+01,2.115420e+01,2.118860e+01,2.103027e+01,2.120923e+01,2.123674e+01,2.121611e+01,2.118172e+01,2.115420e+01,2.113355e+01,2.118172e+01,2.118172e+01,2.116796e+01,2.116796e+01,2.119548e+01,2.114732e+01,2.114044e+01,2.116108e+01,2.116796e+01,2.116108e+01,2.120923e+01,2.122298e+01,2.117484e+01,2.127798e+01,2.125048e+01,2.122298e+01,2.113355e+01,2.114044e+01,2.123674e+01,2.121611e+01,2.122298e+01,2.121611e+01,2.127798e+01,2.120923e+01,2.128485e+01,2.122298e+01,2.125736e+01,2.125048e+01,2.131920e+01,2.133981e+01,2.118860e+01,2.114044e+01,2.114732e+01,2.113355e+01,2.089929e+01,2.087859e+01,2.084409e+01,2.090619e+01,2.076123e+01,2.073360e+01,2.067139e+01,2.065757e+01,2.045684e+01,2.064374e+01,2.042219e+01,2.061607e+01,2.029736e+01,2.033205e+01,2.046377e+01,2.042219e+01,2.039447e+01,2.036673e+01,2.037366e+01,2.035980e+01,2.027654e+01,2.048455e+01,2.019321e+01,2.009591e+01,1.995675e+01,1.989407e+01,1.985922e+01,1.983831e+01,1.978253e+01,1.981740e+01,2.008201e+01,1.990103e+01,1.992890e+01,2.010982e+01,2.010982e+01,2.026960e+01,2.025571e+01,2.072669e+01,2.051918e+01,2.083028e+01,2.083028e+01,2.081648e+01,2.082338e+01,2.079576e+01,2.078195e+01,2.065757e+01,2.023489e+01,2.013068e+01,1.985922e+01,1.988710e+01,1.988013e+01,1.982437e+01,1.985922e+01,1.987316e+01,1.978950e+01,1.972671e+01,1.974067e+01,1.977555e+01,1.978950e+01,1.970577e+01,1.971973e+01,1.970577e+01,1.973369e+01,1.977555e+01,1.974067e+01,1.971973e+01,1.972671e+01,1.972671e+01,1.974764e+01,1.980345e+01,1.987316e+01,1.960101e+01,1.988013e+01,1.988710e+01,1.983134e+01,1.978950e+01,1.985225e+01,1.990103e+01,1.985225e+01,1.983831e+01,1.992193e+01,1.987316e+01,1.988013e+01,1.988710e+01,1.990103e+01,1.995675e+01,1.998460e+01,1.981042e+01,1.985922e+01,1.986619e+01,1.993586e+01,1.985922e+01,1.984528e+01,1.995675e+01,1.987316e+01,1.990800e+01,1.994979e+01,1.992890e+01,1.997068e+01,1.996371e+01,1.992193e+01,1.988710e+01,1.997068e+01,1.996371e+01,1.994979e+01,1.989407e+01,1.992193e+01,1.994283e+01,2.028348e+01,2.067139e+01,2.091308e+01,2.086479e+01,2.100960e+01,2.089239e+01,2.080267e+01,2.091998e+01,2.083719e+01,2.069213e+01,2.041526e+01,2.035286e+01,2.026266e+01,2.027654e+01,2.025571e+01,2.031818e+01,2.020711e+01,2.027654e+01,2.024183e+01,2.026960e+01,2.030430e+01,2.033899e+01,2.030430e+01,2.033899e+01,2.033899e+01,2.031124e+01,2.032512e+01,2.033205e+01,2.039447e+01,2.033899e+01,2.026266e+01,2.042912e+01,2.032512e+01,2.039447e+01,2.033205e+01,2.042219e+01,2.071978e+01,2.058148e+01,2.072669e+01,2.091998e+01,2.094757e+01,2.092688e+01,2.091308e+01,2.096825e+01,2.090619e+01,2.093377e+01,2.087859e+01,2.084409e+01,2.085789e+01,2.084409e+01,2.092688e+01,2.084409e+01,2.087859e+01,2.083719e+01,2.083028e+01,2.087169e+01,2.080267e+01,2.067139e+01,2.067831e+01,2.071978e+01,2.058840e+01,2.067831e+01,2.059531e+01,2.059531e+01,2.071978e+01,2.060223e+01,2.073360e+01,2.065757e+01,2.062990e+01,2.071287e+01,2.056071e+01,2.065065e+01,2.066448e+01,2.069905e+01,2.074742e+01,2.074742e+01,2.086479e+01,2.083028e+01,2.083028e+01,2.083028e+01,2.080957e+01,2.078886e+01,2.088549e+01,2.078886e+01,2.083028e+01,2.080957e+01,2.081648e+01,2.091998e+01,2.077505e+01,2.085789e+01,2.082338e+01,2.079576e+01,2.080267e+01,2.078886e+01,2.086479e+01,2.094067e+01,2.088549e+01,2.091308e+01,2.089239e+01,2.088549e+01,2.093377e+01,2.096825e+01,2.102338e+01,2.087859e+01,2.089929e+01,2.100960e+01,2.099582e+01,2.112667e+01,2.107848e+01,2.098203e+01,2.101649e+01,2.114044e+01,2.108537e+01,2.097514e+01,2.114044e+01,2.103027e+01,2.092688e+01,2.097514e+01,2.091998e+01,2.085789e+01,2.076123e+01,2.082338e+01,2.088549e+01,2.085099e+01,2.097514e+01,2.122298e+01,2.153880e+01,2.173055e+01,2.199703e+01,2.199021e+01,2.240566e+01,2.247360e+01,2.250077e+01,2.207889e+01,2.126423e+01,2.040833e+01,1.990103e+01,1.983134e+01,1.985922e+01,1.986619e+01,1.986619e+01,1.987316e+01,1.978253e+01,1.983134e+01,1.985922e+01,1.982437e+01,1.981740e+01,1.978950e+01,1.981740e+01,1.981042e+01,1.985225e+01,1.982437e+01,1.982437e+01,1.985225e+01,1.974067e+01,1.970577e+01,1.981042e+01,1.987316e+01,1.983134e+01,1.979647e+01,1.994283e+01,1.990103e+01,1.991496e+01,1.990103e+01,1.994283e+01,1.984528e+01,1.983831e+01,1.987316e+01,1.984528e+01,1.987316e+01,1.986619e+01,1.985922e+01,1.985922e+01,1.996371e+01,1.978950e+01,1.978253e+01,1.983831e+01,1.978950e+01,1.983134e+01,1.982437e+01,1.977555e+01,2.000548e+01,2.005419e+01,2.069905e+01,2.127798e+01,2.140847e+01,2.143592e+01,2.133981e+01,2.139474e+01,2.138101e+01,2.139474e+01,2.140847e+01,2.135355e+01,2.140161e+01,2.136041e+01,2.141533e+01,2.129172e+01,2.130546e+01,2.140847e+01,2.138788e+01,2.130546e+01,2.138101e+01,2.135355e+01,2.133294e+01,2.132607e+01,2.131920e+01,2.136728e+01,2.137415e+01,2.136041e+01,2.133294e+01,2.128485e+01,2.132607e+01,2.131920e+01,2.138788e+01,2.138788e+01,2.135355e+01,2.122298e+01,2.134668e+01,2.147022e+01,2.126423e+01,2.128485e+01,2.137415e+01,2.121611e+01,2.122986e+01,2.123674e+01,2.127110e+01,2.120923e+01,2.125736e+01,2.121611e+01,2.132607e+01,2.121611e+01,2.116108e+01,2.111979e+01,2.109225e+01,2.108537e+01,2.119548e+01,2.122298e+01,2.107848e+01,2.106471e+01,2.111979e+01,2.105782e+01,2.100960e+01,2.110602e+01,2.105094e+01,2.104405e+01,2.104405e+01,2.103716e+01,2.102338e+01,2.102338e+01,2.111291e+01,2.103027e+01,2.099582e+01,2.105782e+01,2.103716e+01,2.103716e+01,2.097514e+01,2.100960e+01,2.108537e+01,2.105094e+01,2.102338e+01,2.108537e+01,2.114044e+01,2.108537e+01,2.109225e+01,2.112667e+01,2.105094e+01,2.109225e+01,2.109914e+01,2.109914e+01,2.108537e+01,2.108537e+01,2.103027e+01,2.107848e+01,2.111291e+01,2.109914e+01,2.104405e+01,2.091998e+01,2.105782e+01,2.117484e+01,2.117484e+01,2.125736e+01,2.110602e+01,2.107160e+01,2.107848e+01,2.110602e+01,2.107848e+01,2.111291e+01,2.104405e+01,2.103716e+01,2.101649e+01,2.114044e+01,2.108537e+01,2.105782e+01,2.100960e+01,2.120923e+01,2.104405e+01,2.117484e+01,2.116796e+01,2.117484e+01,2.116108e+01,2.109914e+01,2.102338e+01,2.120235e+01,2.108537e+01,2.101649e+01,2.111291e+01,2.110602e+01,2.114044e+01,2.111979e+01,2.103027e+01,2.100271e+01,2.105782e+01,2.111979e+01,2.115420e+01,2.130546e+01,2.122986e+01,2.104405e+01,2.106471e+01,2.111291e+01,2.113355e+01,2.111979e+01,2.102338e+01,2.103716e+01,2.107160e+01,2.108537e+01,2.120235e+01,2.116108e+01,2.106471e+01,2.114044e+01,2.122298e+01,2.120923e+01,2.107848e+01,2.118860e+01,2.111291e+01,2.114044e+01,2.120235e+01,2.103027e+01,2.120235e+01,2.118172e+01,2.109914e+01,2.106471e+01,2.111979e+01,2.114732e+01,2.104405e+01,2.103716e+01,2.125048e+01,2.107160e+01,2.105782e+01,2.121611e+01,2.106471e+01,2.105094e+01,2.117484e+01,2.111291e+01,2.111979e+01,2.107160e+01,2.114732e+01,2.115420e+01,2.115420e+01,2.111291e+01,2.109225e+01,2.118860e+01,2.114732e+01,2.116108e+01,2.115420e+01,2.106471e+01,2.100960e+01,2.118860e+01,2.113355e+01,2.111291e+01,2.132607e+01,2.117484e+01,2.096135e+01,2.112667e+01,2.103027e+01
2.119548e+01,2.108537e+01,2.116108e+01,2.114732e+01,2.107848e+01,2.116108e+01,2.110602e+01,2.106471e+01,2.116108e+01,2.107160e+01,2.110602e+01,2.108537e+01,2.120235e+01,2.127798e+01,2.117484e+01,2.118860e+01,2.136728e+01,2.133981e+01,2.116796e+01,2.121611e+01,2.118172e+01,2.124361e+01,2.105782e+01,2.107848e+01,2.121611e+01,2.115420e+01,2.119548e+01,2.120923e+01,2.118172e+01,2.118860e+01,2.113355e+01,2.118172e+01,2.115420e+01,2.127798e+01,2.117484e+01,2.114044e+01,2.111979e+01,2.117484e+01,2.122986e+01,2.104405e+01,2.116108e+01,2.119548e+01,2.122298e+01,2.109914e+01,2.117484e+01,2.120235e+01,2.110602e+01,2.119548e+01,2.113355e+01,2.121611e+01,2.118172e+01,2.109225e+01,2.116108e+01,2.113355e+01,2.116108e+01,2.107848e+01,2.114044e+01,2.114044e+01,2.103027e+01,2.118860e+01,2.129172e+01,2.120923e+01,2.109914e+01,2.116796e+01,2.120235e+01,2.113355e+01,2.114732e+01,2.118172e+01,2.114044e+01,2.131920e+01,2.121611e+01,2.118172e+01,2.120235e+01,2.120923e+01,2.131920e+01,2.116796e+01,2.114044e+01,2.112667e+01,2.122986e+01,2.109914e+01,2.122298e+01,2.110602e+01,2.118860e+01,2.125048e+01,2.127798e+01,2.114044e+01,2.127110e+01,2.118860e+01,2.122986e+01,2.118860e+01,2.110602e+01,2.127110e+01,2.103027e+01,2.116796e+01,2.120235e+01,2.117484e+01,2.115420e+01,2.116796e+01,2.121611e+01,2.116796e+01,2.122986e+01,2.118860e+01,2.115420e+01,2.119548e+01,2.113355e+01,2.118172e+01,2.116796e+01,2.116108e+01,2.111291e+01,2.118172e+01,2.116796e+01,2.114044e+01,2.126423e+01,2.125048e+01,2.120235e+01,2.117484e+01,2.106471e+01,2.112667e+01,2.117484e+01,2.111291e+01,2.112667e+01,2.122298e+01,2.118172e+01,2.107160e+01,2.116796e+01,2.114732e+01,2.120235e+01,2.118172e+01,2.116796e+01,2.118860e+01,2.118172e+01,2.119548e+01,2.115420e+01,2.120923e+01,2.122298e+01,2.120235e+01,2.126423e+01,2.127110e+01,2.125048e+01,2.121611e+01,2.127110e+01,2.128485e+01,2.127798e+01,2.140847e+01,2.130546e+01,2.135355e+01,2.126423e+01,2.118172e+01,2.122298e+01,2.124361e+01,2.118860e+01,2.138101e+01,2.119548e+01,2.106471e+01,2.113355e+01,2.110602e+01,2.088549e+01,2.080267e+01,2.062990e+01,2.067831e+01,2.061607e+01,2.069905e+01,2.045684e+01,2.035286e+01,2.050533e+01,2.046377e+01,2.029042e+01,2.040833e+01,2.005419e+01,2.022100e+01,2.015848e+01,2.031124e+01,2.018627e+01,2.007505e+01,2.017237e+01,2.008201e+01,1.996371e+01,2.017237e+01,2.011677e+01,1.988710e+01,1.986619e+01,1.997764e+01,1.988710e+01,1.986619e+01,1.983831e+01,1.981042e+01,1.976858e+01,1.997068e+01,1.987316e+01,1.987316e+01,1.985225e+01,1.988013e+01,1.988710e+01,1.992890e+01,2.014458e+01,2.016542e+01,2.017237e+01,2.020016e+01,2.047762e+01,2.045684e+01,2.046377e+01,2.064374e+01,2.045684e+01,2.061607e+01,2.024877e+01,2.014458e+01,1.990103e+01,1.983134e+01,1.978253e+01,1.989407e+01,1.977555e+01,1.985922e+01,1.983134e+01,1.973369e+01,1.978950e+01,1.980345e+01,1.985922e+01,1.971973e+01,1.985225e+01,1.972671e+01,1.971275e+01,1.978950e+01,1.974067e+01,1.975462e+01,1.991496e+01,1.974067e+01,1.981042e+01,1.985922e+01,1.974067e+01,1.971973e+01,1.985922e+01,1.984528e+01,1.977555e+01,1.987316e+01,1.983831e+01,1.984528e+01,1.985225e+01,1.990103e+01,1.985225e+01,1.987316e+01,1.988710e+01,1.987316e+01,1.996371e+01,2.001940e+01,2.004027e+01,1.996371e+01,1.978950e+01,1.987316e+01,1.986619e+01,1.997068e+01,1.989407e+01,1.992890e+01,1.993586e+01,1.994283e+01,1.990800e+01,2.001940e+01,1.994283e+01,2.001244e+01,1.994979e+01,1.996371e+01,1.989407e+01,1.998460e+01,1.994283e+01,1.994283e+01,1.992193e+01,2.022100e+01,2.052610e+01,2.089239e+01,2.100271e+01,2.092688e+01,2.091998e+01,2.089239e+01,2.080957e+01,2.094757e+01,2.074051e+01,2.069905e+01,2.042912e+01,2.039447e+01,2.026266e+01,2.033205e+01,2.029042e+01,2.037366e+01,2.026960e+01,2.024877e+01,2.026266e+01,2.030430e+01,2.027654e+01,2.022794e+01,2.029042e+01,2.023489e+01,2.026960e+01,2.029042e+01,2.022794e+01,2.030430e+01,2.029042e+01,2.036673e+01,2.026266e+01,2.026960e+01,2.041526e+01,2.032512e+01,2.041526e+01,2.039447e+01,2.041526e+01,2.045684e+01,2.065757e+01,2.078195e+01,2.083719e+01,2.086479e+01,2.096825e+01,2.091308e+01,2.090619e+01,2.094067e+01,2.091308e+01,2.087169e+01,2.085099e+01,2.080267e+01,2.089239e+01,2.089239e+01,2.082338e+01,2.078886e+01,2.081648e+01,2.090619e+01,2.067831e+01,2.066448e+01,2.063682e+01,2.060223e+01,2.065757e+01,2.067831e+01,2.062299e+01,2.066448e+01,2.058840e+01,2.071978e+01,2.067139e+01,2.069213e+01,2.059531e+01,2.061607e+01,2.054687e+01,2.071287e+01,2.072669e+01,2.074051e+01,2.076123e+01,2.077505e+01,2.076123e+01,2.085789e+01,2.082338e+01,2.083028e+01,2.097514e+01,2.077505e+01,2.080957e+01,2.076123e+01,2.089239e+01,2.076123e+01,2.085789e+01,2.087169e+01,2.087859e+01,2.082338e+01,2.086479e+01,2.085099e+01,2.085789e+01,2.087169e+01,2.087169e+01,2.087169e+01,2.087859e+01,2.089239e+01,2.087859e+01,2.087169e+01,2.094067e+01,2.094067e+01,2.095446e+01,2.089239e+01,2.089929e+01,2.094067e+01,2.096135e+01,2.099582e+01,2.111291e+01,2.103027e+01,2.098203e+01,2.098893e+01,2.089239e+01,2.108537e+01,2.090619e+01,2.112667e+01,2.086479e+01,2.097514e+01,2.088549e+01,2.076814e+01,2.087169e+01,2.080267e+01,2.075432e+01,2.087169e+01,2.092688e+01,2.119548e+01,2.122298e+01,2.153194e+01,2.158677e+01,2.179211e+01,2.195608e+01,2.222198e+01,2.249398e+01,2.250077e+01,2.182629e+01,2.085099e+01,2.024877e+01,1.997068e+01,1.994283e+01,1.990800e+01,1.984528e+01,1.990103e+01,1.986619e+01,1.977555e+01,1.988710e+01,1.992193e+01,1.994283e+01,1.990103e+01,1.981740e+01,1.980345e+01,1.978950e+01,1.983134e+01,1.982437e+01,1.981740e+01,1.985225e+01,1.983831e+01,1.981042e+01,1.988710e+01,1.992890e+01,1.981740e+01,1.992193e+01,1.990800e+01,1.978950e+01,1.990103e+01,1.989407e+01,1.988710e+01,1.983134e+01,1.983134e+01,1.978253e+01,1.993586e+01,1.974764e+01,1.988710e+01,1.976160e+01,1.983134e+01,1.990800e+01,1.983134e+01,1.985225e+01,1.985225e+01,1.983134e+01,1.992890e+01,1.982437e+01,1.991496e+01,2.001940e+01,2.067139e+01,2.128485e+01,2.152508e+01,2.163472e+01,2.144964e+01,2.144278e+01,2.144964e+01,2.141533e+01,2.142220e+01,2.149080e+01,2.137415e+01,2.142220e+01,2.138788e+01,2.144278e+01,2.131233e+01,2.131233e+01,2.136728e+01,2.132607e+01,2.139474e+01,2.138788e+01,2.136041e+01,2.137415e+01,2.134668e+01,2.132607e+01,2.133981e+01,2.149766e+01,2.138101e+01,2.136041e+01,2.133294e+01,2.133294e+01,2.132607e+01,2.133981e+01,2.128485e+01,2.123674e+01,2.138101e+01,2.129172e+01,2.127798e+01,2.132607e+01,2.125736e+01,2.137415e+01,2.131920e+01,2.120235e+01,2.126423e+01,2.123674e+01,2.109914e+01,2.129172e+01,2.121611e+01,2.120923e+01,2.129859e+01,2.126423e+01,2.117484e+01,2.122298e+01,2.122298e+01,2.109914e+01,2.109225e+01,2.112667e+01,2.109914e+01,2.116796e+01,2.104405e+01,2.103027e+01,2.105782e+01,2.107848e+01,2.102338e+01,2.091998e+01,2.103716e+01,2.101649e+01,2.103716e+01,2.103027e+01,2.103027e+01,2.105094e+01,2.100271e+01,2.103716e+01,2.102338e+01,2.103716e+01,2.113355e+01,2.100271e+01,2.103716e+01,2.102338e+01,2.098893e+01,2.107160e+01,2.100960e+01,2.113355e+01,2.113355e+01,2.105782e+01,2.109225e+01,2.103716e+01,2.107848e+01,2.098203e+01,2.105094e+01,2.108537e+01,2.111979e+01,2.111979e+01,2.111979e+01,2.120235e+01,2.114044e+01,2.112667e+01,2.124361e+01,2.109225e+01,2.107160e+01,2.107160e+01,2.107160e+01,2.105094e+01,2.108537e+01,2.111979e+01,2.103716e+01,2.106471e+01,2.107848e+01,2.112667e+01,2.104405e+01,2.106471e+01,2.114044e+01,2.111291e+01,2.102338e+01,2.111291e+01,2.116796e+01,2.120923e+01,2.111291e+01,2.100960e+01,2.110602e+01,2.106471e+01,2.105782e+01,2.108537e+01,2.110602e+01,2.113355e+01,2.116108e+01,2.109914e+01,2.111291e+01,2.118172e+01,2.116108e+01,2.111979e+01,2.122986e+01,2.117484e+01,2.130546e+01,2.116108e+01,2.114044e+01,2.118172e+01,2.101649e+01,2.114732e+01,2.098893e+01,2.115420e+01,2.102338e+01,2.120235e+01,2.109914e+01,2.118172e+01,2.112667e+01,2.110602e+01,2.107848e+01,2.119548e+01,2.108537e+01,2.109914e+01,2.116796e+01,2.115420e+01,2.115420e+01,2.115420e+01,2.123674e+01,2.122298e+01,2.118860e+01,2.117484e+01,2.113355e+01,2.116796e+01,2.116796e+01,2.120235e+01,2.121611e+01,2.113355e+01,2.108537e+01,2.105094e+01,2.105094e+01,2.117484e+01,2.116796e+01,2.105094e+01,2.116796e+01,2.117484e+01,2.114044e+01,2.112667e+01,2.111979e+01,2.111291e+01,2.127798e+01,2.116108e+01,2.115420e+01,2.111979e+01,2.112667e+01,2.114044e+01,2.130546e+01,2.120923e+01,2.119548e+01,2.103027e+01,2.120923e+01,2.114732e+01,2.130546e+01,2.114044e+01,2.098893e+01
2.107848e+01,2.110602e+01,2.109914e+01,2.118172e+01,2.116796e+01,2.111291e+01,2.108537e+01,2.109914e+01,2.111979e+01,2.118172e+01,2.112667e+01,2.117484e+01,2.111979e+01,2.117484e+01,2.117484e+01,2.112667e+01,2.116108e+01,2.116108e+01,2.116108e+01,2.112667e+01,2.122298e+01,2.117484e+01,2.122986e+01,2.116108e+01,2.124361e+01,2.108537e+01,2.118172e+01,2.117484e+01,2.118860e+01,2.118860e+01,2.115420e+01,2.129172e+01,2.113355e+01,2.115420e+01,2.120923e+01,2.116108e+01,2.111291e+01,2.114044e+01,2.115420e+01,2.114732e+01,2.113355e+01,2.116108e+01,2.110602e+01,2.118172e+01,2.118860e+01,2.118860e+01,2.121611e+01,2.109914e+01,2.116796e+01,2.112667e+01,2.113355e+01,2.108537e+01,2.109914e+01,2.115420e+01,2.111291e+01,2.112667e+01,2.111291e+01,2.113355e+01,2.128485e+01,2.124361e+01,2.119548e+01,2.121611e+01,2.120923e+01,2.121611e+01,2.117484e+01,2.124361e+01,2.120235e+01,2.124361e+01,2.111291e+01,2.114732e+01,2.117484e+01,2.119548e+01,2.120923e+01,2.118860e+01,2.128485e+01,2.121611e+01,2.122298e+01,2.122298e+01,2.109914e+01,2.109914e+01,2.122298e+01,2.116796e+01,2.120923e+01,2.117484e+01,2.118860e+01,2.111979e+01,2.125048e+01,2.125736e+01,2.111979e+01,2.111979e+01,2.109914e+01,2.116796e+01,2.125048e+01,2.121611e+01,2.116796e+01,2.116796e+01,2.110602e+01,2.118860e+01,2.116796e+01,2.118860e+01,2.120923e+01,2.112667e+01,2.111291e+01,2.110602e+01,2.110602e+01,2.117484e+01,2.114044e+01,2.118172e+01,2.113355e+01,2.116796e+01,2.138101e+01,2.131233e+01,2.112667e+01,2.119548e+01,2.116108e+01,2.115420e+01,2.116108e+01,2.120235e+01,2.116108e+01,2.119548e+01,2.118860e+01,2.111291e+01,2.119548e+01,2.120235e+01,2.122298e+01,2.118860e+01,2.118860e+01,2.110602e+01,2.114044e+01,2.115420e+01,2.116796e+01,2.118172e+01,2.119548e+01,2.130546e+01,2.117484e+01,2.122986e+01,2.122298e+01,2.120235e+01,2.129859e+01,2.127798e+01,2.120923e+01,2.120235e+01,2.126423e+01,2.136041e+01,2.118860e+01,2.114044e+01,2.117484e+01,2.125048e+01,2.124361e+01,2.130546e+01,2.120923e+01,2.116796e+01,2.094067e+01,2.098203e+01,2.082338e+01,2.070596e+01,2.058148e+01,2.048455e+01,2.051225e+01,2.020711e+01,2.015153e+01,2.013763e+01,2.007505e+01,2.001940e+01,1.998460e+01,2.003332e+01,1.998460e+01,1.999852e+01,1.994979e+01,1.994283e+01,1.994979e+01,1.984528e+01,1.999852e+01,1.997068e+01,1.994979e+01,1.990103e+01,1.990103e+01,1.983134e+01,1.988013e+01,1.986619e+01,1.985225e+01,1.990800e+01,1.988710e+01,1.995675e+01,1.982437e+01,1.984528e+01,1.976160e+01,1.978950e+01,1.985922e+01,1.983831e+01,1.983134e+01,1.983134e+01,1.985922e+01,1.985225e+01,1.987316e+01,1.986619e+01,1.991496e+01,2.004723e+01,2.005419e+01,1.984528e+01,1.989407e+01,1.994979e+01,2.015848e+01,2.015848e+01,2.006810e+01,1.989407e+01,1.996371e+01,1.976858e+01,1.974764e+01,1.982437e+01,1.978253e+01,1.978253e+01,1.979647e+01,1.967086e+01,1.981740e+01,1.969879e+01,1.981042e+01,1.978253e+01,1.976858e+01,1.974067e+01,1.975462e+01,1.971275e+01,1.976858e+01,1.967785e+01,1.976858e+01,1.959402e+01,1.976858e+01,1.977555e+01,1.985225e+01,1.989407e+01,1.975462e+01,1.981042e+01,1.977555e+01,1.986619e+01,1.987316e+01,1.987316e+01,1.983831e+01,1.986619e+01,1.984528e+01,1.987316e+01,1.987316e+01,1.986619e+01,1.992193e+01,1.997764e+01,2.003332e+01,2.000548e+01,1.978950e+01,1.994979e+01,1.997068e+01,1.996371e+01,1.995675e+01,1.985922e+01,1.988013e+01,1.997764e+01,1.990103e+01,1.999156e+01,1.988013e+01,1.993586e+01,1.997068e+01,1.996371e+01,1.999852e+01,1.989407e+01,1.990800e+01,2.001940e+01,2.006114e+01,2.027654e+01,2.064374e+01,2.092688e+01,2.096825e+01,2.089929e+01,2.090619e+01,2.089929e+01,2.092688e+01,2.089929e+01,2.083719e+01,2.071287e+01,2.072669e+01,2.040140e+01,2.040833e+01,2.027654e+01,2.038753e+01,2.026960e+01,2.027654e+01,2.023489e+01,2.027654e+01,2.031818e+01,2.028348e+01,2.025571e+01,2.025571e+01,2.029042e+01,2.026266e+01,2.028348e+01,2.026960e+01,2.028348e+01,2.024877e+01,2.031818e+01,2.031818e+01,2.023489e+01,2.031124e+01,2.024877e+01,2.037366e+01,2.040833e+01,2.040140e+01,2.038060e+01,2.044298e+01,2.072669e+01,2.089929e+01,2.080957e+01,2.086479e+01,2.093377e+01,2.091308e+01,2.096825e+01,2.083719e+01,2.085789e+01,2.100960e+01,2.083719e+01,2.089929e+01,2.090619e+01,2.079576e+01,2.089929e+01,2.075432e+01,2.077505e+01,2.076123e+01,2.080267e+01,2.081648e+01,2.060915e+01,2.063682e+01,2.065757e+01,2.067139e+01,2.067831e+01,2.060223e+01,2.065065e+01,2.068522e+01,2.070596e+01,2.058840e+01,2.062990e+01,2.065065e+01,2.064374e+01,2.071287e+01,2.074742e+01,2.077505e+01,2.076814e+01,2.081648e+01,2.084409e+01,2.075432e+01,2.080957e+01,2.088549e+01,2.080267e+01,2.078195e+01,2.076814e+01,2.084409e+01,2.082338e+01,2.083028e+01,2.074051e+01,2.075432e+01,2.085099e+01,2.087169e+01,2.082338e+01,2.083028e+01,2.087169e+01,2.074051e+01,2.082338e+01,2.083028e+01,2.089929e+01,2.078886e+01,2.078886e+01,2.085789e+01,2.080957e+01,2.086479e+01,2.091308e+01,2.093377e+01,2.092688e+01,2.091998e+01,2.097514e+01,2.100960e+01,2.081648e+01,2.094067e+01,2.094067e+01,2.093377e+01,2.087859e+01,2.088549e+01,2.094067e+01,2.083028e+01,2.083028e+01,2.083028e+01,2.077505e+01,2.083028e+01,2.078886e+01,2.081648e+01,2.083028e+01,2.097514e+01,2.103027e+01,2.114732e+01,2.138101e+01,2.136728e+01,2.166895e+01,2.191511e+01,2.194243e+01,2.220155e+01,2.220155e+01,2.211979e+01,2.143592e+01,2.040833e+01,1.994283e+01,1.989407e+01,1.988013e+01,1.983831e+01,1.986619e+01,1.979647e+01,1.981042e+01,1.987316e+01,1.986619e+01,1.983831e+01,1.985225e+01,1.981042e+01,1.965689e+01,1.978950e+01,1.970577e+01,1.994283e+01,1.976858e+01,1.984528e+01,1.977555e+01,1.981042e+01,1.977555e+01,1.977555e+01,1.981740e+01,1.988710e+01,1.980345e+01,1.990103e+01,1.988013e+01,1.985225e+01,1.978950e+01,1.983831e+01,1.985225e+01,1.978950e+01,1.981740e+01,1.981740e+01,1.979647e+01,1.975462e+01,1.977555e+01,1.981042e+01,1.977555e+01,1.981740e+01,1.982437e+01,1.981740e+01,1.981740e+01,1.986619e+01,1.999156e+01,1.985922e+01,2.067831e+01,2.149766e+01,2.153194e+01,2.148394e+01,2.150451e+01,2.155250e+01,2.149080e+01,2.136728e+01,2.142220e+01,2.137415e+01,2.142220e+01,2.149080e+01,2.133294e+01,2.129859e+01,2.133294e+01,2.133294e+01,2.131920e+01,2.142220e+01,2.138101e+01,2.138788e+01,2.140847e+01,2.129172e+01,2.131920e+01,2.136041e+01,2.136041e+01,2.137415e+01,2.133294e+01,2.139474e+01,2.134668e+01,2.136041e+01,2.134668e+01,2.129859e+01,2.125736e+01,2.120923e+01,2.127798e+01,2.121611e+01,2.128485e+01,2.131920e+01,2.126423e+01,2.128485e+01,2.120235e+01,2.124361e+01,2.121611e+01,2.129859e+01,2.127110e+01,2.130546e+01,2.125736e+01,2.111291e+01,2.114044e+01,2.125048e+01,2.137415e+01,2.121611e+01,2.108537e+01,2.116796e+01,2.116108e+01,2.108537e+01,2.104405e+01,2.107848e+01,2.103027e+01,2.103027e+01,2.112667e+01,2.103716e+01,2.102338e+01,2.115420e+01,2.103716e+01,2.101649e+01,2.103027e+01,2.105094e+01,2.081648e+01,2.105782e+01,2.103716e+01,2.105094e+01,2.100960e+01,2.104405e+01,2.105094e+01,2.105094e+01,2.105094e+01,2.100271e+01,2.106471e+01,2.096825e+01,2.096135e+01,2.107848e+01,2.094067e+01,2.109225e+01,2.109914e+01,2.102338e+01,2.107848e+01,2.111291e+01,2.105094e+01,2.129172e+01,2.114044e+01,2.111291e+01,2.107848e+01,2.114044e+01,2.107160e+01,2.106471e+01,2.113355e+01,2.118172e+01,2.107848e+01,2.103027e+01,2.118860e+01,2.109225e+01,2.106471e+01,2.124361e+01,2.108537e+01,2.109914e+01,2.109914e+01,2.107160e+01,2.114732e+01,2.103716e+01,2.115420e+01,2.116108e+01,2.098203e+01,2.116796e+01,2.109914e+01,2.115420e+01,2.112667e+01,2.117484e+01,2.101649e+01,2.116108e+01,2.112667e+01,2.106471e+01,2.116796e+01,2.113355e+01,2.120923e+01,2.107848e+01,2.114044e+01,2.114732e+01,2.106471e+01,2.109914e+01,2.103716e+01,2.111979e+01,2.111979e+01,2.104405e+01,2.111291e+01,2.128485e+01,2.116796e+01,2.114044e+01,2.105782e+01,2.108537e+01,2.105094e+01,2.107848e+01,2.109225e+01,2.115420e+01,2.114044e+01,2.102338e+01,2.118860e+01,2.105782e+01,2.109914e+01,2.107160e+01,2.116796e+01,2.114044e+01,2.118860e+01,2.111979e+01,2.121611e+01,2.122298e+01,2.116108e+01,2.116108e+01,2.116108e+01,2.107160e+01,2.113355e+01,2.115420e+01,2.104405e+01,2.131920e+01,2.113355e+01,2.118860e+01,2.111979e+01,2.107848e+01,2.101649e+01,2.116796e+01,2.114732e+01,2.112667e+01,2.115420e+01,2.105094e+01,2.115420e+01,2.111979e+01,2.110602e+01,2.119548e+01,2.110602e+01,2.105094e+01,2.114732e+01,2.108537e+01,2.109914e+01,2.133294e+01,2.100960e+01,2.125736e+01,2.100271e+01,2.116796e+01,2.114732e+01,2.113355e+01,2.111291e+01
2.107160e+01,2.120235e+01,2.116796e+01,2.118860e+01,2.113355e+01,2.112667e+01,2.116108e+01,2.114732e+01,2.117484e+01,2.116796e+01,2.119548e+01,2.110602e+01,2.114732e+01,2.112667e+01,2.114732e+01,2.115420e+01,2.118172e+01,2.114732e+01,2.120235e+01,2.120235e+01,2.120235e+01,2.118172e+01,2.117484e+01,2.120923e+01,2.114732e+01,2.122986e+01,2.120235e+01,2.118172e+01,2.111291e+01,2.117484e+01,2.114732e+01,2.117484e+01,2.116108e+01,2.116796e+01,2.118172e+01,2.116796e+01,2.124361e+01,2.117484e+01,2.114732e+01,2.126423e+01,2.114044e+01,2.118860e+01,2.122298e+01,2.119548e+01,2.114044e+01,2.121611e+01,2.111291e+01,2.119548e+01,2.117484e+01,2.120923e+01,2.111979e+01,2.116108e+01,2.114732e+01,2.118172e+01,2.118172e+01,2.111979e+01,2.114732e+01,2.114044e+01,2.116108e+01,2.128485e+01,2.116796e+01,2.122986e+01,2.118860e+01,2.120923e+01,2.114732e+01,2.118172e+01,2.109225e+01,2.114732e+01,2.127110e+01,2.116796e+01,2.118860e+01,2.119548e+01,2.120235e+01,2.119548e+01,2.118172e+01,2.116796e+01,2.121611e+01,2.118860e+01,2.122298e+01,2.125736e+01,2.121611e+01,2.115420e+01,2.119548e+01,2.116108e+01,2.113355e+01,2.116796e+01,2.120923e+01,2.122298e+01,2.109914e+01,2.129859e+01,2.130546e+01,2.128485e+01,2.126423e+01,2.119548e+01,2.120923e+01,2.119548e+01,2.116796e+01,2.115420e+01,2.115420e+01,2.118860e+01,2.116108e+01,2.116108e+01,2.109914e+01,2.114732e+01,2.112667e+01,2.113355e+01,2.126423e+01,2.109225e+01,2.115420e+01,2.117484e+01,2.108537e+01,2.119548e+01,2.120923e+01,2.118860e+01,2.118860e+01,2.122986e+01,2.120923e+01,2.116796e+01,2.118860e+01,2.118860e+01,2.112667e+01,2.116108e+01,2.122986e+01,2.120235e+01,2.120235e+01,2.107848e+01,2.121611e+01,2.118172e+01,2.123674e+01,2.118860e+01,2.120923e+01,2.121611e+01,2.114732e+01,2.118860e+01,2.125736e+01,2.130546e+01,2.129172e+01,2.127110e+01,2.118860e+01,2.124361e+01,2.122986e+01,2.120235e+01,2.117484e+01,2.116108e+01,2.117484e+01,2.122986e+01,2.132607e+01,2.117484e+01,2.113355e+01,2.117484e+01,2.107160e+01,2.111291e+01,2.084409e+01,2.058148e+01,2.058148e+01,2.030430e+01,2.029736e+01,2.009591e+01,2.008201e+01,2.006810e+01,2.013068e+01,2.006810e+01,2.002636e+01,1.996371e+01,1.999156e+01,1.992193e+01,1.994979e+01,1.998460e+01,1.990103e+01,1.994283e+01,1.992890e+01,1.989407e+01,1.989407e+01,1.985922e+01,1.991496e+01,1.985225e+01,1.989407e+01,1.979647e+01,1.992890e+01,1.982437e+01,1.987316e+01,1.982437e+01,1.983831e+01,1.982437e+01,1.989407e+01,1.985225e+01,1.982437e+01,1.979647e+01,1.974764e+01,1.984528e+01,1.969181e+01,1.963594e+01,1.978950e+01,1.988710e+01,1.974764e+01,1.971275e+01,1.981042e+01,1.984528e+01,1.979647e+01,1.978950e+01,1.979647e+01,1.981042e+01,1.983134e+01,1.988013e+01,1.995675e+01,1.992890e+01,1.992193e+01,1.984528e+01,1.969879e+01,1.969181e+01,1.974067e+01,1.979647e+01,1.975462e+01,1.969181e+01,1.974067e+01,1.968483e+01,1.978253e+01,1.978253e+01,1.977555e+01,1.977555e+01,1.975462e+01,1.972671e+01,1.974764e+01,1.969181e+01,1.976160e+01,1.974764e+01,1.987316e+01,1.974764e+01,1.976160e+01,1.978950e+01,1.979647e+01,1.989407e+01,1.986619e+01,1.983134e+01,1.984528e+01,1.988013e+01,1.984528e+01,1.988013e+01,1.985225e+01,1.988710e+01,1.989407e+01,1.989407e+01,1.991496e+01,1.992890e+01,1.997764e+01,1.995675e+01,1.981042e+01,1.992193e+01,1.999156e+01,1.995675e+01,1.994283e+01,1.997068e+01,1.996371e+01,1.994283e+01,1.996371e+01,2.000548e+01,2.001940e+01,1.994979e+01,2.007505e+01,1.996371e+01,1.997764e+01,2.000548e+01,2.001940e+01,1.996371e+01,2.024183e+01,2.051225e+01,2.090619e+01,2.095446e+01,2.093377e+01,2.090619e+01,2.089239e+01,2.089239e+01,2.087859e+01,2.086479e+01,2.081648e+01,2.080267e+01,2.078886e+01,2.047070e+01,2.043605e+01,2.030430e+01,2.026960e+01,2.033205e+01,2.028348e+01,2.022794e+01,2.023489e+01,2.029042e+01,2.025571e+01,2.030430e+01,2.029042e+01,2.026960e+01,2.026960e+01,2.026266e+01,2.024877e+01,2.025571e+01,2.031818e+01,2.031124e+01,2.031818e+01,2.031124e+01,2.040833e+01,2.040833e+01,2.038753e+01,2.044298e+01,2.048455e+01,2.044298e+01,2.040833e+01,2.060223e+01,2.069905e+01,2.084409e+01,2.096135e+01,2.097514e+01,2.087169e+01,2.083719e+01,2.089929e+01,2.088549e+01,2.088549e+01,2.089239e+01,2.083028e+01,2.086479e+01,2.087169e+01,2.087169e+01,2.077505e+01,2.078195e+01,2.072669e+01,2.069213e+01,2.076123e+01,2.070596e+01,2.063682e+01,2.065757e+01,2.066448e+01,2.063682e+01,2.062990e+01,2.070596e+01,2.065757e+01,2.065065e+01,2.064374e+01,2.066448e+01,2.067831e+01,2.069213e+01,2.073360e+01,2.073360e+01,2.074051e+01,2.084409e+01,2.074742e+01,2.089929e+01,2.081648e+01,2.083719e+01,2.076123e+01,2.087169e+01,2.074051e+01,2.079576e+01,2.075432e+01,2.078886e+01,2.082338e+01,2.074051e+01,2.076123e+01,2.084409e+01,2.078195e+01,2.077505e+01,2.078886e+01,2.074742e+01,2.072669e+01,2.086479e+01,2.075432e+01,2.088549e+01,2.079576e+01,2.080267e+01,2.085789e+01,2.084409e+01,2.087169e+01,2.087169e+01,2.091308e+01,2.092688e+01,2.091998e+01,2.087859e+01,2.091998e+01,2.085789e+01,2.091308e+01,2.083028e+01,2.086479e+01,2.086479e+01,2.086479e+01,2.091308e+01,2.083028e+01,2.081648e+01,2.087859e+01,2.083028e+01,2.067139e+01,2.080267e+01,2.080957e+01,2.083719e+01,2.083719e+01,2.096135e+01,2.111979e+01,2.110602e+01,2.117484e+01,2.142220e+01,2.143592e+01,2.167580e+01,2.171686e+01,2.188779e+01,2.208571e+01,2.175791e+01,2.084409e+01,2.009591e+01,1.987316e+01,1.990800e+01,1.992890e+01,1.990103e+01,1.992193e+01,1.979647e+01,1.992193e+01,1.989407e+01,1.983831e+01,1.985225e+01,1.975462e+01,1.982437e+01,1.984528e+01,1.976858e+01,1.992193e+01,1.979647e+01,1.985922e+01,1.979647e+01,1.987316e+01,1.986619e+01,1.981042e+01,1.986619e+01,1.991496e+01,1.985225e+01,1.992193e+01,1.980345e+01,1.986619e+01,1.986619e+01,1.989407e+01,1.988710e+01,1.982437e+01,1.980345e+01,1.983831e+01,1.989407e+01,1.979647e+01,1.980345e+01,1.978950e+01,1.978950e+01,1.980345e+01,1.981740e+01,1.983134e+01,1.981042e+01,1.985225e+01,1.976160e+01,1.992890e+01,2.080957e+01,2.147708e+01,2.180578e+01,2.182629e+01,2.159362e+01,2.154565e+01,2.150451e+01,2.148394e+01,2.139474e+01,2.146336e+01,2.152508e+01,2.132607e+01,2.130546e+01,2.131920e+01,2.134668e+01,2.131920e+01,2.140847e+01,2.138788e+01,2.139474e+01,2.138788e+01,2.135355e+01,2.134668e+01,2.132607e+01,2.139474e+01,2.137415e+01,2.125048e+01,2.134668e+01,2.141533e+01,2.134668e+01,2.136041e+01,2.137415e+01,2.139474e+01,2.135355e+01,2.123674e+01,2.118172e+01,2.137415e+01,2.134668e+01,2.127110e+01,2.119548e+01,2.124361e+01,2.120235e+01,2.136041e+01,2.136041e+01,2.126423e+01,2.125048e+01,2.120923e+01,2.120235e+01,2.128485e+01,2.131920e+01,2.113355e+01,2.120923e+01,2.117484e+01,2.109225e+01,2.116796e+01,2.122298e+01,2.106471e+01,2.104405e+01,2.105782e+01,2.111979e+01,2.106471e+01,2.107160e+01,2.103716e+01,2.103716e+01,2.105094e+01,2.102338e+01,2.103716e+01,2.104405e+01,2.101649e+01,2.105782e+01,2.111291e+01,2.122298e+01,2.098203e+01,2.099582e+01,2.094757e+01,2.100960e+01,2.122298e+01,2.100960e+01,2.103027e+01,2.098893e+01,2.106471e+01,2.106471e+01,2.103027e+01,2.103027e+01,2.101649e+01,2.108537e+01,2.127110e+01,2.116108e+01,2.129859e+01,2.115420e+01,2.108537e+01,2.098893e+01,2.118172e+01,2.106471e+01,2.111291e+01,2.100271e+01,2.114044e+01,2.118172e+01,2.117484e+01,2.111291e+01,2.104405e+01,2.107160e+01,2.111291e+01,2.111979e+01,2.111291e+01,2.113355e+01,2.111291e+01,2.100271e+01,2.102338e+01,2.110602e+01,2.115420e+01,2.111291e+01,2.109225e+01,2.112667e+01,2.110602e+01,2.113355e+01,2.121611e+01,2.120923e+01,2.116108e+01,2.104405e+01,2.118172e+01,2.106471e+01,2.106471e+01,2.107848e+01,2.109914e+01,2.112667e+01,2.115420e+01,2.105094e+01,2.107160e+01,2.115420e+01,2.100271e+01,2.122986e+01,2.113355e+01,2.114732e+01,2.119548e+01,2.116108e+01,2.114044e+01,2.106471e+01,2.113355e+01,2.109914e+01,2.110602e+01,2.116108e+01,2.118860e+01,2.114044e+01,2.112667e+01,2.110602e+01,2.110602e+01,2.114044e+01,2.114732e+01,2.107160e+01,2.112667e+01,2.117484e+01,2.122298e+01,2.124361e+01,2.110602e+01,2.108537e+01,2.111291e+01,2.114732e+01,2.115420e+01,2.138101e+01,2.109225e+01,2.107160e+01,2.112667e+01,2.108537e+01,2.111979e+01,2.115420e+01,2.114732e+01,2.107160e+01,2.118172e+01,2.113355e+01,2.112667e+01,2.116796e+01,2.112667e+01,2.114044e+01,2.107848e+01,2.114044e+01,2.117484e+01,2.107848e+01,2.109914e+01,2.125736e+01,2.101649e+01,2.100960e+01,2.120923e+01,2.106471e+01,2.120923e+01,2.112667e+01,2.118172e+01,2.114044e+01,2.112667e+01,2.116796e+01,2.114044e+01,2.111979e+01
2.118860e+01,2.116796e+01,2.117484e+01,2.109225e+01,2.117484e+01,2.118860e+01,2.111291e+01,2.113355e+01,2.110602e+01,2.114044e+01,2.096135e+01,2.111291e+01,2.111291e+01,2.123674e+01,2.121611e+01,2.115420e+01,2.116796e+01,2.113355e+01,2.114044e+01,2.116796e+01,2.116796e+01,2.114732e+01,2.115420e+01,2.119548e+01,2.108537e+01,2.110602e+01,2.117484e+01,2.113355e+01,2.119548e+01,2.115420e+01,2.118172e+01,2.111979e+01,2.131233e+01,2.116108e+01,2.114044e+01,2.116796e+01,2.111979e+01,2.118172e+01,2.125736e+01,2.114044e+01,2.111291e+01,2.114732e+01,2.108537e+01,2.122986e+01,2.120235e+01,2.111291e+01,2.117484e+01,2.122298e+01,2.120235e+01,2.113355e+01,2.115420e+01,2.118860e+01,2.114732e+01,2.118860e+01,2.116108e+01,2.120235e+01,2.118860e+01,2.114044e+01,2.114732e+01,2.116796e+01,2.120235e+01,2.120235e+01,2.118860e+01,2.113355e+01,2.103027e+01,2.112667e+01,2.113355e+01,2.125736e+01,2.123674e+01,2.113355e+01,2.122298e+01,2.114044e+01,2.107160e+01,2.128485e+01,2.118172e+01,2.130546e+01,2.122298e+01,2.122986e+01,2.125048e+01,2.122298e+01,2.121611e+01,2.123674e+01,2.119548e+01,2.114044e+01,2.120235e+01,2.115420e+01,2.109914e+01,2.120923e+01,2.127798e+01,2.109225e+01,2.118172e+01,2.120923e+01,2.114732e+01,2.115420e+01,2.115420e+01,2.117484e+01,2.116108e+01,2.116796e+01,2.119548e+01,2.111979e+01,2.116108e+01,2.105094e+01,2.112667e+01,2.117484e+01,2.111291e+01,2.111291e+01,2.120923e+01,2.112667e+01,2.117484e+01,2.118860e+01,2.118172e+01,2.116796e+01,2.115420e+01,2.117484e+01,2.129859e+01,2.116108e+01,2.115420e+01,2.114732e+01,2.116108e+01,2.136041e+01,2.120923e+01,2.120235e+01,2.120235e+01,2.122298e+01,2.119548e+01,2.122298e+01,2.118860e+01,2.116108e+01,2.117484e+01,2.120235e+01,2.113355e+01,2.122298e+01,2.114732e+01,2.126423e+01,2.117484e+01,2.132607e+01,2.121611e+01,2.131920e+01,2.127798e+01,2.119548e+01,2.117484e+01,2.125048e+01,2.120235e+01,2.127110e+01,2.118172e+01,2.122298e+01,2.116796e+01,2.116796e+01,2.109914e+01,2.080957e+01,2.063682e+01,2.058840e+01,2.071287e+01,2.050533e+01,2.029736e+01,2.008896e+01,2.008201e+01,1.992193e+01,1.989407e+01,2.001940e+01,1.995675e+01,1.988710e+01,1.988710e+01,1.995675e+01,1.992193e+01,1.993586e+01,1.996371e+01,1.985922e+01,1.994283e+01,1.996371e+01,1.985922e+01,1.997068e+01,1.983831e+01,1.978950e+01,1.995675e+01,1.990800e+01,1.979647e+01,1.981042e+01,1.996371e+01,1.980345e+01,1.979647e+01,1.982437e+01,1.981042e+01,1.983831e+01,1.985225e+01,1.981042e+01,1.978253e+01,1.978253e+01,1.983134e+01,1.978253e+01,1.963594e+01,1.981740e+01,1.979647e+01,1.983831e+01,1.987316e+01,1.990800e+01,1.978253e+01,1.974764e+01,1.966388e+01,1.976160e+01,1.970577e+01,1.969879e+01,1.961498e+01,1.974764e+01,1.978253e+01,1.967785e+01,1.973369e+01,1.977555e+01,1.976160e+01,1.974764e+01,1.974067e+01,1.972671e+01,1.964991e+01,1.976858e+01,1.977555e+01,1.971973e+01,1.978950e+01,1.975462e+01,1.978253e+01,1.976160e+01,1.974067e+01,1.974067e+01,1.973369e+01,1.971973e+01,1.969181e+01,1.962197e+01,1.974764e+01,1.968483e+01,1.978253e+01,1.977555e+01,1.988710e+01,1.990103e+01,1.988710e+01,1.985922e+01,1.986619e+01,1.983831e+01,1.990800e+01,1.984528e+01,1.984528e+01,1.983134e+01,1.990103e+01,1.987316e+01,1.990103e+01,1.996371e+01,1.996371e+01,1.997764e+01,1.999156e+01,1.996371e+01,1.999156e+01,1.981042e+01,1.996371e+01,1.997764e+01,1.995675e+01,1.997764e+01,1.994283e+01,2.001940e+01,1.990103e+01,1.992193e+01,2.003332e+01,1.992890e+01,2.001244e+01,1.995675e+01,1.998460e+01,2.004723e+01,2.050533e+01,2.086479e+01,2.102338e+01,2.092688e+01,2.089929e+01,2.094067e+01,2.094757e+01,2.094757e+01,2.093377e+01,2.086479e+01,2.088549e+01,2.079576e+01,2.076123e+01,2.076814e+01,2.039447e+01,2.035980e+01,2.032512e+01,2.038060e+01,2.033899e+01,2.028348e+01,2.026960e+01,2.034592e+01,2.033205e+01,2.033899e+01,2.031818e+01,2.033899e+01,2.033899e+01,2.023489e+01,2.021405e+01,2.020016e+01,2.026960e+01,2.031818e+01,2.027654e+01,2.024877e+01,2.020711e+01,2.021405e+01,2.018627e+01,2.028348e+01,2.042219e+01,2.041526e+01,2.041526e+01,2.049840e+01,2.044298e+01,2.064374e+01,2.085099e+01,2.084409e+01,2.086479e+01,2.089929e+01,2.087169e+01,2.090619e+01,2.093377e+01,2.087859e+01,2.087859e+01,2.087169e+01,2.085789e+01,2.087859e+01,2.082338e+01,2.089239e+01,2.076123e+01,2.071287e+01,2.074742e+01,2.074051e+01,2.069905e+01,2.065757e+01,2.066448e+01,2.066448e+01,2.070596e+01,2.059531e+01,2.062299e+01,2.062299e+01,2.064374e+01,2.072669e+01,2.066448e+01,2.070596e+01,2.078886e+01,2.072669e+01,2.077505e+01,2.080957e+01,2.078886e+01,2.077505e+01,2.078886e+01,2.085099e+01,2.085099e+01,2.081648e+01,2.081648e+01,2.088549e+01,2.073360e+01,2.074051e+01,2.084409e+01,2.080267e+01,2.082338e+01,2.078195e+01,2.088549e+01,2.080267e+01,2.076814e+01,2.076123e+01,2.080957e+01,2.085789e+01,2.094067e+01,2.074051e+01,2.085099e+01,2.083719e+01,2.083719e+01,2.089929e+01,2.078886e+01,2.088549e+01,2.092688e+01,2.089929e+01,2.086479e+01,2.085099e+01,2.090619e+01,2.088549e+01,2.083028e+01,2.082338e+01,2.093377e+01,2.085099e+01,2.084409e+01,2.081648e+01,2.079576e+01,2.080957e+01,2.076123e+01,2.084409e+01,2.083719e+01,2.067139e+01,2.080957e+01,2.072669e+01,2.080267e+01,2.083028e+01,2.096825e+01,2.114044e+01,2.114044e+01,2.117484e+01,2.118172e+01,2.140161e+01,2.147708e+01,2.171002e+01,2.181262e+01,2.171686e+01,2.104405e+01,2.044991e+01,1.987316e+01,1.994979e+01,1.992193e+01,1.988013e+01,1.992890e+01,1.987316e+01,1.988710e+01,1.989407e+01,1.978950e+01,1.977555e+01,1.991496e+01,1.979647e+01,1.978950e+01,1.978253e+01,1.979647e+01,1.978950e+01,1.990103e+01,1.982437e+01,1.982437e+01,1.979647e+01,1.982437e+01,1.979647e+01,1.978253e+01,1.974067e+01,1.973369e+01,1.968483e+01,1.988710e+01,1.977555e+01,1.985922e+01,1.979647e+01,1.989407e+01,1.997068e+01,1.979647e+01,1.983134e+01,1.992193e+01,1.977555e+01,1.980345e+01,1.978253e+01,1.978253e+01,1.979647e+01,1.980345e+01,1.983831e+01,1.985922e+01,1.981740e+01,2.000548e+01,2.069213e+01,2.154565e+01,2.192194e+01,2.199021e+01,2.181945e+01,2.182629e+01,2.153880e+01,2.160732e+01,2.142220e+01,2.153194e+01,2.140161e+01,2.137415e+01,2.149766e+01,2.131233e+01,2.136728e+01,2.142906e+01,2.136041e+01,2.135355e+01,2.138788e+01,2.139474e+01,2.129859e+01,2.133294e+01,2.139474e+01,2.142220e+01,2.139474e+01,2.128485e+01,2.131233e+01,2.131233e+01,2.138788e+01,2.129172e+01,2.131233e+01,2.139474e+01,2.124361e+01,2.122986e+01,2.129859e+01,2.133294e+01,2.128485e+01,2.132607e+01,2.140847e+01,2.127110e+01,2.121611e+01,2.124361e+01,2.120923e+01,2.122986e+01,2.126423e+01,2.122986e+01,2.112667e+01,2.129172e+01,2.133294e+01,2.125736e+01,2.124361e+01,2.120235e+01,2.118860e+01,2.116796e+01,2.116796e+01,2.117484e+01,2.105782e+01,2.107848e+01,2.107160e+01,2.100271e+01,2.105094e+01,2.105782e+01,2.096825e+01,2.112667e+01,2.096825e+01,2.103027e+01,2.106471e+01,2.095446e+01,2.108537e+01,2.103027e+01,2.095446e+01,2.100960e+01,2.099582e+01,2.100271e+01,2.099582e+01,2.107160e+01,2.092688e+01,2.098893e+01,2.096135e+01,2.105094e+01,2.105782e+01,2.108537e+01,2.102338e+01,2.096825e+01,2.112667e+01,2.105782e+01,2.115420e+01,2.120923e+01,2.109914e+01,2.111979e+01,2.103027e+01,2.109225e+01,2.111979e+01,2.118860e+01,2.107160e+01,2.102338e+01,2.115420e+01,2.104405e+01,2.107160e+01,2.103716e+01,2.109914e+01,2.103027e+01,2.114044e+01,2.121611e+01,2.118172e+01,2.112667e+01,2.109225e+01,2.111291e+01,2.109225e+01,2.119548e+01,2.107848e+01,2.110602e+01,2.101649e+01,2.111291e+01,2.111291e+01,2.113355e+01,2.117484e+01,2.118860e+01,2.104405e+01,2.110602e+01,2.114044e+01,2.114732e+01,2.107848e+01,2.103027e+01,2.108537e+01,2.114732e+01,2.113355e+01,2.116108e+01,2.114044e+01,2.114732e+01,2.099582e+01,2.116108e+01,2.114044e+01,2.113355e+01,2.112667e+01,2.109914e+01,2.107848e+01,2.115420e+01,2.107160e+01,2.105782e+01,2.106471e+01,2.110602e+01,2.115420e+01,2.119548e+01,2.111291e+01,2.114044e+01,2.115420e+01,2.112667e+01,2.111291e+01,2.110602e+01,2.108537e+01,2.116796e+01,2.108537e+01,2.111291e+01,2.111979e+01,2.120923e+01,2.105782e+01,2.140847e+01,2.107160e+01,2.106471e+01,2.101649e+01,2.108537e+01,2.111979e+01,2.110602e+01,2.111979e+01,2.104405e+01,2.109914e+01,2.114044e+01,2.110602e+01,2.109225e+01,2.110602e+01,2.113355e+01,2.110602e+01,2.095446e+01,2.102338e+01,2.107848e+01,2.112667e+01,2.110602e+01,2.106471e+01,2.098893e+01,2.100960e+01,2.107160e+01,2.103716e+01,2.104405e+01,2.104405e+01,2.103027e+01,2.111979e+01,2.111291e+01,2.114732e+01,2.114044e+01,2.111979e+01
2.109914e+01,2.115420e+01,2.113355e+01,2.107848e+01,2.113355e+01,2.116796e+01,2.115420e+01,2.090619e+01,2.118172e+01,2.111979e+01,2.115420e+01,2.114732e+01,2.115420e+01,2.119548e+01,2.116796e+01,2.122986e+01,2.114732e+01,2.113355e+01,2.118860e+01,2.099582e+01,2.111291e+01,2.113355e+01,2.115420e+01,2.114732e+01,2.114732e+01,2.118860e+01,2.113355e+01,2.115420e+01,2.107848e+01,2.122986e+01,2.121611e+01,2.110602e+01,2.120235e+01,2.121611e+01,2.111979e+01,2.114044e+01,2.116796e+01,2.106471e+01,2.118172e+01,2.125736e+01,2.115420e+01,2.120923e+01,2.118860e+01,2.109914e+01,2.118860e+01,2.125048e+01,2.116108e+01,2.127110e+01,2.129172e+01,2.116108e+01,2.118860e+01,2.114044e+01,2.116108e+01,2.109225e+01,2.116796e+01,2.119548e+01,2.116796e+01,2.116108e+01,2.118172e+01,2.120923e+01,2.112667e+01,2.122986e+01,2.120235e+01,2.116108e+01,2.111979e+01,2.116796e+01,2.127110e+01,2.125736e+01,2.123674e+01,2.124361e+01,2.122986e+01,2.122298e+01,2.111979e+01,2.127798e+01,2.125048e+01,2.111979e+01,2.125048e+01,2.114044e+01,2.125736e+01,2.124361e+01,2.127110e+01,2.119548e+01,2.114732e+01,2.116108e+01,2.113355e+01,2.122298e+01,2.111291e+01,2.122986e+01,2.122986e+01,2.111291e+01,2.127110e+01,2.118172e+01,2.108537e+01,2.111291e+01,2.120235e+01,2.118860e+01,2.114732e+01,2.118172e+01,2.118172e+01,2.118172e+01,2.102338e+01,2.116796e+01,2.120235e+01,2.112667e+01,2.122986e+01,2.116796e+01,2.122986e+01,2.114044e+01,2.118860e+01,2.116108e+01,2.105094e+01,2.116108e+01,2.122986e+01,2.109225e+01,2.117484e+01,2.117484e+01,2.116108e+01,2.111291e+01,2.114732e+01,2.109914e+01,2.116108e+01,2.115420e+01,2.120923e+01,2.108537e+01,2.122298e+01,2.120235e+01,2.124361e+01,2.119548e+01,2.107848e+01,2.120235e+01,2.116108e+01,2.114732e+01,2.121611e+01,2.129859e+01,2.122298e+01,2.131233e+01,2.134668e+01,2.129172e+01,2.130546e+01,2.115420e+01,2.122986e+01,2.122298e+01,2.124361e+01,2.131233e+01,2.123674e+01,2.114732e+01,2.115420e+01,2.110602e+01,2.081648e+01,2.056071e+01,2.026266e+01,2.029736e+01,2.016542e+01,2.006810e+01,2.006810e+01,2.000548e+01,2.001940e+01,1.997764e+01,1.993586e+01,1.997068e+01,1.991496e+01,1.982437e+01,1.988710e+01,1.994283e+01,1.988710e+01,1.995675e+01,1.997068e+01,1.992890e+01,1.996371e+01,1.989407e+01,1.985922e+01,1.986619e+01,1.981042e+01,1.988013e+01,1.986619e+01,1.981740e+01,1.981042e+01,1.985922e+01,1.979647e+01,1.980345e+01,1.983831e+01,1.980345e+01,1.983134e+01,1.976160e+01,1.976858e+01,1.979647e+01,1.986619e+01,1.974067e+01,1.985922e+01,1.983134e+01,1.981740e+01,1.979647e+01,1.977555e+01,1.975462e+01,1.981042e+01,1.977555e+01,1.977555e+01,1.972671e+01,1.967785e+01,1.976160e+01,1.971973e+01,1.964293e+01,1.971973e+01,1.964991e+01,1.969181e+01,1.966388e+01,1.974764e+01,1.971973e+01,1.971973e+01,1.969879e+01,1.956606e+01,1.961498e+01,1.971275e+01,1.969181e+01,1.971973e+01,1.969879e+01,1.976858e+01,1.974764e+01,1.993586e+01,1.980345e+01,1.981042e+01,1.978950e+01,1.967086e+01,1.971973e+01,1.961498e+01,1.964293e+01,1.968483e+01,1.974764e+01,1.974764e+01,1.975462e+01,1.975462e+01,1.976858e+01,1.975462e+01,1.988710e+01,1.987316e+01,1.980345e+01,1.981042e+01,1.989407e+01,1.988710e+01,1.984528e+01,1.994283e+01,1.989407e+01,1.985225e+01,1.990800e+01,1.991496e+01,1.999852e+01,1.990103e+01,1.992193e+01,1.993586e+01,2.000548e+01,1.997068e+01,1.997068e+01,1.993586e+01,1.994979e+01,2.002636e+01,2.001244e+01,2.002636e+01,2.006810e+01,2.011677e+01,2.013068e+01,2.006114e+01,2.003332e+01,2.013068e+01,2.053995e+01,2.091308e+01,2.099582e+01,2.102338e+01,2.092688e+01,2.089929e+01,2.094757e+01,2.090619e+01,2.089239e+01,2.094067e+01,2.094067e+01,2.083719e+01,2.085099e+01,2.076814e+01,2.078886e+01,2.070596e+01,2.051225e+01,2.033205e+01,2.031124e+01,2.033205e+01,2.045684e+01,2.037366e+01,2.030430e+01,2.036673e+01,2.029736e+01,2.034592e+01,2.033899e+01,2.029736e+01,2.023489e+01,2.017237e+01,2.025571e+01,2.032512e+01,2.025571e+01,2.026960e+01,2.027654e+01,2.026266e+01,2.025571e+01,2.028348e+01,2.022100e+01,2.029736e+01,2.035980e+01,2.027654e+01,2.036673e+01,2.047762e+01,2.060915e+01,2.060915e+01,2.084409e+01,2.089929e+01,2.086479e+01,2.091308e+01,2.088549e+01,2.100271e+01,2.094067e+01,2.092688e+01,2.089929e+01,2.089239e+01,2.091308e+01,2.087859e+01,2.075432e+01,2.071287e+01,2.074742e+01,2.069905e+01,2.062299e+01,2.063682e+01,2.065757e+01,2.067139e+01,2.064374e+01,2.071978e+01,2.070596e+01,2.062299e+01,2.068522e+01,2.076814e+01,2.067831e+01,2.069213e+01,2.085789e+01,2.071978e+01,2.077505e+01,2.071978e+01,2.093377e+01,2.069213e+01,2.084409e+01,2.082338e+01,2.079576e+01,2.077505e+01,2.074051e+01,2.085789e+01,2.078886e+01,2.083028e+01,2.083719e+01,2.076123e+01,2.083028e+01,2.079576e+01,2.082338e+01,2.085789e+01,2.078886e+01,2.077505e+01,2.080267e+01,2.080267e+01,2.091998e+01,2.091308e+01,2.079576e+01,2.079576e+01,2.076814e+01,2.080957e+01,2.080267e+01,2.083028e+01,2.091308e+01,2.083028e+01,2.088549e+01,2.090619e+01,2.083719e+01,2.088549e+01,2.078195e+01,2.081648e+01,2.086479e+01,2.083719e+01,2.083719e+01,2.092688e+01,2.082338e+01,2.085099e+01,2.084409e+01,2.078886e+01,2.083719e+01,2.078886e+01,2.081648e+01,2.079576e+01,2.080267e+01,2.083028e+01,2.091308e+01,2.096135e+01,2.096825e+01,2.102338e+01,2.105782e+01,2.110602e+01,2.117484e+01,2.121611e+01,2.127798e+01,2.138101e+01,2.144278e+01,2.126423e+01,2.059531e+01,2.006114e+01,1.982437e+01,1.987316e+01,1.987316e+01,1.989407e+01,1.988013e+01,1.987316e+01,1.988710e+01,1.978253e+01,1.985225e+01,1.979647e+01,1.974764e+01,1.982437e+01,1.980345e+01,1.979647e+01,1.991496e+01,1.990103e+01,1.988013e+01,1.980345e+01,1.986619e+01,1.976858e+01,1.990800e+01,1.983134e+01,1.983134e+01,1.975462e+01,1.983831e+01,1.981740e+01,1.983831e+01,1.986619e+01,1.977555e+01,1.999852e+01,1.985225e+01,1.981740e+01,1.994283e+01,1.985922e+01,1.978950e+01,1.978950e+01,1.978253e+01,1.978950e+01,1.982437e+01,1.980345e+01,1.979647e+01,1.992193e+01,1.987316e+01,1.997068e+01,2.062299e+01,2.173739e+01,2.211979e+01,2.219474e+01,2.207207e+01,2.184679e+01,2.182629e+01,2.181262e+01,2.157991e+01,2.153194e+01,2.149080e+01,2.151823e+01,2.144278e+01,2.134668e+01,2.141533e+01,2.137415e+01,2.133294e+01,2.133981e+01,2.128485e+01,2.131233e+01,2.138101e+01,2.132607e+01,2.133294e+01,2.129172e+01,2.130546e+01,2.142906e+01,2.140847e+01,2.128485e+01,2.128485e+01,2.131233e+01,2.134668e+01,2.138788e+01,2.140847e+01,2.132607e+01,2.135355e+01,2.129859e+01,2.138788e+01,2.129172e+01,2.130546e+01,2.126423e+01,2.126423e+01,2.130546e+01,2.136728e+01,2.125048e+01,2.124361e+01,2.134668e+01,2.133294e+01,2.123674e+01,2.127798e+01,2.121611e+01,2.118172e+01,2.113355e+01,2.134668e+01,2.118860e+01,2.105094e+01,2.103716e+01,2.106471e+01,2.109225e+01,2.103027e+01,2.105094e+01,2.106471e+01,2.107160e+01,2.103716e+01,2.094067e+01,2.106471e+01,2.107160e+01,2.106471e+01,2.110602e+01,2.102338e+01,2.109225e+01,2.111291e+01,2.114732e+01,2.105094e+01,2.107160e+01,2.099582e+01,2.103027e+01,2.105094e+01,2.104405e+01,2.110602e+01,2.104405e+01,2.101649e+01,2.108537e+01,2.105094e+01,2.109914e+01,2.108537e+01,2.103716e+01,2.105782e+01,2.112667e+01,2.105782e+01,2.112667e+01,2.110602e+01,2.110602e+01,2.108537e+01,2.128485e+01,2.107848e+01,2.118860e+01,2.123674e+01,2.102338e+01,2.110602e+01,2.119548e+01,2.111979e+01,2.107160e+01,2.112667e+01,2.105094e+01,2.108537e+01,2.111291e+01,2.112667e+01,2.120923e+01,2.111979e+01,2.114044e+01,2.110602e+01,2.114732e+01,2.110602e+01,2.111979e+01,2.116108e+01,2.116796e+01,2.118860e+01,2.117484e+01,2.116108e+01,2.107848e+01,2.116108e+01,2.119548e+01,2.111979e+01,2.105094e+01,2.112667e+01,2.106471e+01,2.112667e+01,2.114732e+01,2.114732e+01,2.103716e+01,2.116796e+01,2.115420e+01,2.115420e+01,2.114732e+01,2.109914e+01,2.110602e+01,2.128485e+01,2.110602e+01,2.118860e+01,2.115420e+01,2.110602e+01,2.112667e+01,2.112667e+01,2.109225e+01,2.115420e+01,2.109914e+01,2.116108e+01,2.101649e+01,2.116108e+01,2.114044e+01,2.106471e+01,2.112667e+01,2.107160e+01,2.114732e+01,2.108537e+01,2.122298e+01,2.106471e+01,2.113355e+01,2.132607e+01,2.106471e+01,2.107848e+01,2.107848e+01,2.121611e+01,2.101649e+01,2.104405e+01,2.119548e+01,2.104405e+01,2.117484e+01,2.111291e+01,2.119548e+01,2.109225e+01,2.101649e+01,2.111979e+01,2.101649e+01,2.105094e+01,2.107160e+01,2.114732e+01,2.105782e+01,2.107848e+01,2.116108e+01,2.106471e+01,2.099582e+01,2.107848e+01,2.119548e+01,2.108537e+01,2.108537e+01,2.112667e+01,2.111979e+01,2.114044e+01,2.107160e+01,2.118172e+01
2.114044e+01,2.113355e+01,2.111979e+01,2.124361e+01,2.112667e+01,2.108537e+01,2.110602e+01,2.111979e+01,2.115420e+01,2.115420e+01,2.114732e+01,2.107160e+01,2.106471e+01,2.118860e+01,2.114044e+01,2.114044e+01,2.114732e+01,2.112667e+01,2.114044e+01,2.114044e+01,2.113355e+01,2.114732e+01,2.120923e+01,2.115420e+01,2.111979e+01,2.121611e+01,2.112667e+01,2.114044e+01,2.133294e+01,2.118172e+01,2.120235e+01,2.120235e+01,2.117484e+01,2.114732e+01,2.114044e+01,2.103716e+01,2.114732e+01,2.114732e+01,2.119548e+01,2.109225e+01,2.111291e+01,2.114044e+01,2.111979e+01,2.100960e+01,2.111291e+01,2.112667e+01,2.115420e+01,2.119548e+01,2.122298e+01,2.120923e+01,2.121611e+01,2.120923e+01,2.127798e+01,2.124361e+01,2.119548e+01,2.112667e+01,2.119548e+01,2.118860e+01,2.118172e+01,2.111979e+01,2.118860e+01,2.120923e+01,2.118172e+01,2.122986e+01,2.113355e+01,2.120235e+01,2.116108e+01,2.120235e+01,2.118172e+01,2.120923e+01,2.125048e+01,2.111979e+01,2.124361e+01,2.125736e+01,2.122986e+01,2.109225e+01,2.113355e+01,2.115420e+01,2.123674e+01,2.120923e+01,2.121611e+01,2.115420e+01,2.122986e+01,2.122298e+01,2.118860e+01,2.111979e+01,2.133294e+01,2.116796e+01,2.124361e+01,2.122986e+01,2.118860e+01,2.109225e+01,2.121611e+01,2.113355e+01,2.118860e+01,2.116796e+01,2.116108e+01,2.117484e+01,2.114044e+01,2.109914e+01,2.116796e+01,2.118172e+01,2.120235e+01,2.114732e+01,2.109225e+01,2.115420e+01,2.113355e+01,2.118860e+01,2.116108e+01,2.121611e+01,2.118860e+01,2.116108e+01,2.120235e+01,2.117484e+01,2.122298e+01,2.130546e+01,2.119548e+01,2.116796e+01,2.120235e+01,2.112667e+01,2.122298e+01,2.112667e+01,2.120923e+01,2.122986e+01,2.120235e+01,2.117484e+01,2.111979e+01,2.118172e+01,2.118172e+01,2.117484e+01,2.121611e+01,2.118860e+01,2.117484e+01,2.127110e+01,2.122986e+01,2.124361e+01,2.134668e+01,2.130546e+01,2.125736e+01,2.124361e+01,2.118860e+01,2.122986e+01,2.124361e+01,2.123674e+01,2.135355e+01,2.126423e+01,2.107160e+01,2.079576e+01,2.053995e+01,2.042912e+01,2.020711e+01,2.017237e+01,2.015848e+01,2.013068e+01,2.001244e+01,2.005419e+01,2.004723e+01,1.988710e+01,1.989407e+01,1.988013e+01,1.991496e+01,1.988710e+01,1.994283e+01,1.992890e+01,1.985922e+01,1.990800e+01,1.992890e+01,1.994979e+01,1.977555e+01,1.987316e+01,1.978950e+01,1.983134e+01,1.982437e+01,1.985225e+01,1.978950e+01,1.981042e+01,1.983831e+01,1.997068e+01,1.978253e+01,1.962896e+01,1.978950e+01,1.974764e+01,1.982437e+01,1.978950e+01,1.983831e+01,1.979647e+01,1.987316e+01,1.978950e+01,1.986619e+01,1.983831e+01,1.981042e+01,1.982437e+01,1.977555e+01,1.978253e+01,1.982437e+01,1.981042e+01,1.976160e+01,1.981042e+01,1.974764e+01,1.973369e+01,1.971973e+01,1.977555e+01,1.963594e+01,1.971275e+01,1.957305e+01,1.957305e+01,1.964293e+01,1.972671e+01,1.965689e+01,1.971973e+01,1.967785e+01,1.971973e+01,1.976858e+01,1.967785e+01,1.969181e+01,1.975462e+01,1.976160e+01,1.981042e+01,1.978950e+01,1.988710e+01,1.985922e+01,1.976160e+01,1.984528e+01,1.968483e+01,1.969181e+01,1.964293e+01,1.967785e+01,1.964293e+01,1.969181e+01,1.973369e+01,1.972671e+01,1.979647e+01,1.989407e+01,1.978950e+01,1.987316e+01,1.977555e+01,1.981740e+01,1.986619e+01,1.983831e+01,1.986619e+01,1.988013e+01,1.979647e+01,1.993586e+01,1.997068e+01,1.994283e+01,1.994979e+01,2.001244e+01,1.989407e+01,1.993586e+01,1.995675e+01,1.998460e+01,1.994979e+01,1.997068e+01,2.006810e+01,2.003332e+01,2.001940e+01,2.006810e+01,2.004723e+01,2.014458e+01,2.013068e+01,2.012372e+01,2.010982e+01,2.026960e+01,2.070596e+01,2.096135e+01,2.100271e+01,2.103027e+01,2.098203e+01,2.090619e+01,2.097514e+01,2.089239e+01,2.090619e+01,2.085099e+01,2.093377e+01,2.089929e+01,2.091998e+01,2.091998e+01,2.078886e+01,2.058148e+01,2.056763e+01,2.053303e+01,2.031818e+01,2.035286e+01,2.022100e+01,2.035286e+01,2.038060e+01,2.036673e+01,2.035286e+01,2.022100e+01,2.035286e+01,2.026960e+01,2.024183e+01,2.026266e+01,2.025571e+01,2.022100e+01,2.024877e+01,2.017932e+01,2.023489e+01,2.022100e+01,2.036673e+01,2.036673e+01,2.020711e+01,2.026960e+01,2.028348e+01,2.017237e+01,2.029042e+01,2.028348e+01,2.046377e+01,2.046377e+01,2.062990e+01,2.087169e+01,2.098893e+01,2.095446e+01,2.089239e+01,2.088549e+01,2.088549e+01,2.098893e+01,2.091308e+01,2.076814e+01,2.087859e+01,2.074051e+01,2.069905e+01,2.069905e+01,2.065757e+01,2.063682e+01,2.062990e+01,2.065065e+01,2.067139e+01,2.066448e+01,2.069905e+01,2.067139e+01,2.069213e+01,2.065065e+01,2.068522e+01,2.083719e+01,2.067139e+01,2.074742e+01,2.074051e+01,2.078886e+01,2.076123e+01,2.069905e+01,2.083719e+01,2.067831e+01,2.083719e+01,2.076814e+01,2.078886e+01,2.077505e+01,2.081648e+01,2.076814e+01,2.083028e+01,2.083028e+01,2.084409e+01,2.081648e+01,2.082338e+01,2.081648e+01,2.083028e+01,2.078195e+01,2.076814e+01,2.078195e+01,2.078886e+01,2.075432e+01,2.078195e+01,2.080957e+01,2.083719e+01,2.081648e+01,2.081648e+01,2.079576e+01,2.075432e+01,2.076123e+01,2.080267e+01,2.083028e+01,2.084409e+01,2.074742e+01,2.087169e+01,2.083719e+01,2.085099e+01,2.083719e+01,2.078195e+01,2.083028e+01,2.072669e+01,2.080957e+01,2.079576e+01,2.078195e+01,2.074051e+01,2.080267e+01,2.082338e+01,2.076123e+01,2.082338e+01,2.081648e+01,2.066448e+01,2.080267e+01,2.083028e+01,2.090619e+01,2.099582e+01,2.096825e+01,2.099582e+01,2.100960e+01,2.113355e+01,2.119548e+01,2.119548e+01,2.125048e+01,2.115420e+01,2.091998e+01,2.059531e+01,2.009591e+01,1.988013e+01,1.990103e+01,1.990800e+01,1.990800e+01,1.990103e+01,1.987316e+01,1.978253e+01,1.989407e+01,1.992193e+01,1.981042e+01,1.981740e+01,1.976858e+01,1.980345e+01,1.988710e+01,1.976858e+01,1.975462e+01,1.979647e+01,1.981042e+01,1.983831e+01,1.983831e+01,1.983134e+01,1.982437e+01,1.977555e+01,1.976160e+01,1.979647e+01,1.983831e+01,1.981740e+01,1.981042e+01,1.995675e+01,1.981740e+01,1.983134e+01,1.988710e+01,1.981740e+01,1.982437e+01,1.981740e+01,1.980345e+01,1.979647e+01,1.978253e+01,1.985922e+01,1.976858e+01,1.985225e+01,1.989407e+01,1.990800e+01,1.987316e+01,2.056071e+01,2.157991e+01,2.257544e+01,2.252114e+01,2.224240e+01,2.229004e+01,2.199021e+01,2.183312e+01,2.179894e+01,2.155936e+01,2.151823e+01,2.153880e+01,2.142906e+01,2.142220e+01,2.134668e+01,2.140161e+01,2.138788e+01,2.140847e+01,2.138101e+01,2.131233e+01,2.129859e+01,2.129859e+01,2.134668e+01,2.129172e+01,2.139474e+01,2.131233e+01,2.131920e+01,2.128485e+01,2.131233e+01,2.138101e+01,2.136041e+01,2.137415e+01,2.125736e+01,2.124361e+01,2.130546e+01,2.125736e+01,2.127110e+01,2.127110e+01,2.135355e+01,2.139474e+01,2.136041e+01,2.135355e+01,2.138101e+01,2.122298e+01,2.125736e+01,2.133981e+01,2.121611e+01,2.127798e+01,2.127110e+01,2.112667e+01,2.122298e+01,2.110602e+01,2.114732e+01,2.125736e+01,2.105094e+01,2.118860e+01,2.101649e+01,2.114044e+01,2.120235e+01,2.100960e+01,2.102338e+01,2.106471e+01,2.108537e+01,2.107848e+01,2.109225e+01,2.108537e+01,2.111291e+01,2.099582e+01,2.102338e+01,2.105782e+01,2.107848e+01,2.108537e+01,2.101649e+01,2.098893e+01,2.097514e+01,2.102338e+01,2.107848e+01,2.095446e+01,2.116796e+01,2.098893e+01,2.096825e+01,2.109225e+01,2.105782e+01,2.100271e+01,2.109914e+01,2.096135e+01,2.105782e+01,2.105782e+01,2.108537e+01,2.111979e+01,2.104405e+01,2.103716e+01,2.111979e+01,2.105782e+01,2.107848e+01,2.116108e+01,2.110602e+01,2.107848e+01,2.114044e+01,2.108537e+01,2.111979e+01,2.110602e+01,2.112667e+01,2.121611e+01,2.109225e+01,2.118860e+01,2.103027e+01,2.111291e+01,2.103027e+01,2.103716e+01,2.100271e+01,2.107160e+01,2.106471e+01,2.111291e+01,2.085099e+01,2.118860e+01,2.116108e+01,2.116796e+01,2.115420e+01,2.088549e+01,2.111291e+01,2.114732e+01,2.111291e+01,2.117484e+01,2.111291e+01,2.121611e+01,2.114044e+01,2.122986e+01,2.101649e+01,2.109914e+01,2.103027e+01,2.117484e+01,2.115420e+01,2.115420e+01,2.114044e+01,2.109225e+01,2.109914e+01,2.109225e+01,2.105094e+01,2.112667e+01,2.103716e+01,2.105094e+01,2.113355e+01,2.116108e+01,2.129172e+01,2.112667e+01,2.118860e+01,2.100960e+01,2.116796e+01,2.109914e+01,2.113355e+01,2.111291e+01,2.110602e+01,2.111291e+01,2.102338e+01,2.109225e+01,2.120923e+01,2.116796e+01,2.111291e+01,2.105782e+01,2.111979e+01,2.107848e+01,2.110602e+01,2.120923e+01,2.104405e+01,2.114044e+01,2.110602e+01,2.107848e+01,2.107848e+01,2.109914e+01,2.125736e+01,2.108537e+01,2.109914e+01,2.114044e+01,2.111979e+01,2.105782e+01,2.105094e+01,2.108537e+01,2.099582e+01,2.114044e+01,2.110602e+01,2.102338e+01,2.098893e+01,2.111979e+01,2.099582e+01,2.111291e+01,2.123674e+01,2.105782e+01,2.120235e+01,2.102338e+01,2.100960e+01
2.132607e+01,2.108537e+01,2.108537e+01,2.109225e+01,2.111979e+01,2.111291e+01,2.114044e+01,2.107160e+01,2.114044e+01,2.112667e+01,2.105782e+01,2.108537e+01,2.123674e+01,2.111291e+01,2.116108e+01,2.100271e+01,2.114732e+01,2.120235e+01,2.120235e+01,2.105782e+01,2.115420e+01,2.107848e+01,2.111979e+01,2.108537e+01,2.108537e+01,2.120235e+01,2.112667e+01,2.120923e+01,2.110602e+01,2.117484e+01,2.126423e+01,2.124361e+01,2.125736e+01,2.114044e+01,2.113355e+01,2.116108e+01,2.109225e+01,2.113355e+01,2.122298e+01,2.115420e+01,2.125736e+01,2.113355e+01,2.124361e+01,2.131233e+01,2.126423e+01,2.122986e+01,2.124361e+01,2.109225e+01,2.114044e+01,2.118860e+01,2.114044e+01,2.108537e+01,2.116796e+01,2.122986e+01,2.118860e+01,2.117484e+01,2.129859e+01,2.115420e+01,2.116108e+01,2.125048e+01,2.126423e+01,2.127110e+01,2.127110e+01,2.111291e+01,2.119548e+01,2.115420e+01,2.116796e+01,2.124361e+01,2.119548e+01,2.122298e+01,2.118172e+01,2.123674e+01,2.123674e+01,2.106471e+01,2.120923e+01,2.109225e+01,2.114044e+01,2.117484e+01,2.124361e+01,2.127798e+01,2.118172e+01,2.122986e+01,2.113355e+01,2.127798e+01,2.117484e+01,2.109225e+01,2.116796e+01,2.125736e+01,2.120923e+01,2.120923e+01,2.120923e+01,2.120235e+01,2.118860e+01,2.114732e+01,2.115420e+01,2.113355e+01,2.115420e+01,2.111979e+01,2.116796e+01,2.118860e+01,2.112667e+01,2.118860e+01,2.112667e+01,2.125736e+01,2.111291e+01,2.112667e+01,2.115420e+01,2.103027e+01,2.112667e+01,2.120923e+01,2.110602e+01,2.112667e+01,2.127798e+01,2.116796e+01,2.112667e+01,2.111291e+01,2.114732e+01,2.122986e+01,2.120923e+01,2.108537e+01,2.118172e+01,2.099582e+01,2.114044e+01,2.113355e+01,2.118860e+01,2.122986e+01,2.112667e+01,2.120923e+01,2.124361e+01,2.125736e+01,2.126423e+01,2.125736e+01,2.128485e+01,2.129859e+01,2.118860e+01,2.125048e+01,2.128485e+01,2.122298e+01,2.121611e+01,2.122298e+01,2.111979e+01,2.128485e+01,2.132607e+01,2.123674e+01,2.131233e+01,2.117484e+01,2.110602e+01,2.080957e+01,2.050533e+01,2.044991e+01,2.013763e+01,2.015848e+01,2.005419e+01,2.006810e+01,2.006114e+01,2.009591e+01,2.010287e+01,2.005419e+01,1.993586e+01,1.994283e+01,1.994283e+01,1.988013e+01,1.986619e+01,1.978950e+01,1.994979e+01,1.990103e+01,1.991496e+01,1.993586e+01,1.994283e+01,1.987316e+01,1.994979e+01,1.994979e+01,1.975462e+01,1.986619e+01,1.981740e+01,1.990800e+01,1.984528e+01,1.976858e+01,1.990800e+01,1.993586e+01,1.998460e+01,1.993586e+01,1.985922e+01,1.990103e+01,1.976160e+01,1.981740e+01,1.985225e+01,1.983831e+01,1.981042e+01,1.977555e+01,1.979647e+01,1.976858e+01,1.978253e+01,1.979647e+01,1.978253e+01,1.979647e+01,1.978950e+01,1.978950e+01,1.972671e+01,1.974764e+01,1.971973e+01,1.965689e+01,1.969181e+01,1.969879e+01,1.968483e+01,1.965689e+01,1.969181e+01,1.969181e+01,1.955907e+01,1.969181e+01,1.965689e+01,1.960800e+01,1.970577e+01,1.965689e+01,1.972671e+01,1.973369e+01,1.974764e+01,1.977555e+01,1.974067e+01,1.975462e+01,1.976160e+01,1.971275e+01,1.973369e+01,1.971275e+01,1.969879e+01,1.969181e+01,1.964293e+01,1.964991e+01,1.965689e+01,1.967785e+01,1.969181e+01,1.968483e+01,1.981042e+01,1.980345e+01,1.976858e+01,1.988013e+01,1.981740e+01,1.978253e+01,1.983831e+01,1.981740e+01,1.984528e+01,1.981740e+01,1.992193e+01,1.996371e+01,1.992193e+01,1.993586e+01,1.980345e+01,1.990800e+01,1.994979e+01,1.994979e+01,1.992890e+01,1.993586e+01,1.996371e+01,2.010982e+01,2.012372e+01,2.010287e+01,2.004723e+01,2.014458e+01,2.014458e+01,2.001244e+01,2.008896e+01,2.044298e+01,2.081648e+01,2.107160e+01,2.103716e+01,2.099582e+01,2.101649e+01,2.096135e+01,2.091998e+01,2.087169e+01,2.096825e+01,2.090619e+01,2.096135e+01,2.084409e+01,2.089239e+01,2.092688e+01,2.082338e+01,2.089929e+01,2.080957e+01,2.078195e+01,2.055379e+01,2.042219e+01,2.041526e+01,2.028348e+01,2.033205e+01,2.020711e+01,2.037366e+01,2.030430e+01,2.032512e+01,2.037366e+01,2.029736e+01,2.029042e+01,2.023489e+01,2.031124e+01,2.030430e+01,2.026960e+01,2.022794e+01,2.024183e+01,2.024183e+01,2.023489e+01,2.020711e+01,2.017932e+01,2.026960e+01,2.029042e+01,2.029736e+01,2.020711e+01,2.026960e+01,2.025571e+01,2.049840e+01,2.044991e+01,2.062990e+01,2.093377e+01,2.089239e+01,2.064374e+01,2.087859e+01,2.096825e+01,2.100271e+01,2.092688e+01,2.076123e+01,2.080957e+01,2.072669e+01,2.069213e+01,2.077505e+01,2.065757e+01,2.062990e+01,2.069905e+01,2.066448e+01,2.062990e+01,2.057456e+01,2.069905e+01,2.065065e+01,2.066448e+01,2.070596e+01,2.067831e+01,2.067139e+01,2.071287e+01,2.084409e+01,2.084409e+01,2.076814e+01,2.093377e+01,2.087169e+01,2.080957e+01,2.067831e+01,2.083028e+01,2.076123e+01,2.091998e+01,2.087169e+01,2.083028e+01,2.078886e+01,2.080267e+01,2.081648e+01,2.087169e+01,2.080957e+01,2.078886e+01,2.087169e+01,2.087859e+01,2.088549e+01,2.087169e+01,2.083719e+01,2.080957e+01,2.076123e+01,2.074742e+01,2.078195e+01,2.077505e+01,2.075432e+01,2.080267e+01,2.078195e+01,2.074742e+01,2.075432e+01,2.074742e+01,2.077505e+01,2.071978e+01,2.078886e+01,2.076814e+01,2.083719e+01,2.074742e+01,2.075432e+01,2.083028e+01,2.083719e+01,2.080267e+01,2.078886e+01,2.074742e+01,2.074742e+01,2.078195e+01,2.075432e+01,2.074742e+01,2.078886e+01,2.078195e+01,2.080267e+01,2.079576e+01,2.069905e+01,2.088549e+01,2.087169e+01,2.090619e+01,2.090619e+01,2.094757e+01,2.087859e+01,2.105782e+01,2.097514e+01,2.113355e+01,2.096135e+01,2.103716e+01,2.100271e+01,2.054687e+01,2.019321e+01,1.990103e+01,1.992890e+01,1.986619e+01,1.990103e+01,1.992193e+01,1.990800e+01,1.990103e+01,1.979647e+01,1.981042e+01,1.979647e+01,1.992890e+01,1.974764e+01,1.982437e+01,1.976160e+01,1.992193e+01,1.985225e+01,1.988710e+01,1.988013e+01,1.979647e+01,1.985922e+01,1.984528e+01,1.980345e+01,1.981042e+01,1.989407e+01,1.982437e+01,1.977555e+01,1.983134e+01,1.992890e+01,1.990103e+01,1.978950e+01,1.987316e+01,1.981042e+01,1.978253e+01,1.978950e+01,1.979647e+01,1.983134e+01,1.979647e+01,1.977555e+01,1.986619e+01,1.985225e+01,1.988710e+01,1.986619e+01,1.983134e+01,1.994283e+01,2.035980e+01,2.174423e+01,2.262292e+01,2.262292e+01,2.261614e+01,2.259579e+01,2.220836e+01,2.198338e+01,2.197656e+01,2.175791e+01,2.153194e+01,2.152508e+01,2.154565e+01,2.142220e+01,2.147708e+01,2.126423e+01,2.140847e+01,2.147708e+01,2.129172e+01,2.129859e+01,2.133981e+01,2.129859e+01,2.144964e+01,2.130546e+01,2.130546e+01,2.136728e+01,2.129859e+01,2.130546e+01,2.125048e+01,2.133294e+01,2.122986e+01,2.121611e+01,2.122298e+01,2.128485e+01,2.135355e+01,2.121611e+01,2.128485e+01,2.125048e+01,2.129859e+01,2.128485e+01,2.140847e+01,2.142906e+01,2.128485e+01,2.121611e+01,2.122986e+01,2.133294e+01,2.133294e+01,2.122298e+01,2.114732e+01,2.117484e+01,2.125736e+01,2.116796e+01,2.106471e+01,2.118172e+01,2.106471e+01,2.108537e+01,2.103027e+01,2.109225e+01,2.118172e+01,2.109225e+01,2.114732e+01,2.105094e+01,2.108537e+01,2.108537e+01,2.098203e+01,2.104405e+01,2.101649e+01,2.101649e+01,2.095446e+01,2.100960e+01,2.109225e+01,2.111979e+01,2.107160e+01,2.100271e+01,2.098893e+01,2.100271e+01,2.101649e+01,2.096825e+01,2.105094e+01,2.103027e+01,2.106471e+01,2.110602e+01,2.105782e+01,2.107848e+01,2.111979e+01,2.091998e+01,2.111291e+01,2.106471e+01,2.111291e+01,2.100271e+01,2.133294e+01,2.099582e+01,2.111291e+01,2.118172e+01,2.109225e+01,2.106471e+01,2.107848e+01,2.108537e+01,2.107848e+01,2.110602e+01,2.112667e+01,2.114732e+01,2.107848e+01,2.111291e+01,2.104405e+01,2.105782e+01,2.107848e+01,2.109914e+01,2.107160e+01,2.107848e+01,2.108537e+01,2.111979e+01,2.109225e+01,2.107848e+01,2.105782e+01,2.111979e+01,2.113355e+01,2.116796e+01,2.113355e+01,2.121611e+01,2.120235e+01,2.114044e+01,2.103027e+01,2.101649e+01,2.114732e+01,2.111979e+01,2.105782e+01,2.103716e+01,2.107848e+01,2.113355e+01,2.114732e+01,2.105782e+01,2.109914e+01,2.115420e+01,2.116796e+01,2.113355e+01,2.111979e+01,2.114044e+01,2.126423e+01,2.103027e+01,2.109225e+01,2.122986e+01,2.104405e+01,2.109225e+01,2.115420e+01,2.118172e+01,2.116796e+01,2.115420e+01,2.109225e+01,2.100271e+01,2.114732e+01,2.113355e+01,2.112667e+01,2.114044e+01,2.118172e+01,2.105782e+01,2.112667e+01,2.111291e+01,2.107848e+01,2.109225e+01,2.107848e+01,2.120235e+01,2.121611e+01,2.108537e+01,2.103716e+01,2.107160e+01,2.107848e+01,2.107848e+01,2.106471e+01,2.110602e+01,2.108537e+01,2.109225e+01,2.110602e+01,2.109914e+01,2.106471e+01,2.114044e+01,2.114044e+01,2.103027e+01,2.109225e+01,2.111979e+01,2.105094e+01,2.120923e+01,2.098203e+01,2.119548e+01,2.115420e+01,2.112667e+01,2.122986e+01,2.114044e+01,2.105094e+01,2.115420e+01,2.105782e+01
2.114044e+01,2.109225e+01,2.111291e+01,2.110602e+01,2.133294e+01,2.109914e+01,2.129859e+01,2.111291e+01,2.104405e+01,2.103716e+01,2.117484e+01,2.116108e+01,2.124361e+01,2.120923e+01,2.113355e+01,2.112667e+01,2.121611e+01,2.106471e+01,2.109914e+01,2.116108e+01,2.114732e+01,2.111291e+01,2.118172e+01,2.116796e+01,2.118172e+01,2.121611e+01,2.117484e+01,2.111979e+01,2.128485e+01,2.122298e+01,2.113355e+01,2.112667e+01,2.116108e+01,2.114044e+01,2.124361e+01,2.109914e+01,2.108537e+01,2.117484e+01,2.107160e+01,2.120923e+01,2.126423e+01,2.124361e+01,2.116796e+01,2.107160e+01,2.122298e+01,2.114044e+01,2.120923e+01,2.121611e+01,2.116796e+01,2.117484e+01,2.131233e+01,2.114732e+01,2.118860e+01,2.122986e+01,2.105782e+01,2.121611e+01,2.116108e+01,2.115420e+01,2.121611e+01,2.115420e+01,2.125736e+01,2.127798e+01,2.112667e+01,2.116796e+01,2.122986e+01,2.122986e+01,2.110602e+01,2.118860e+01,2.119548e+01,2.120235e+01,2.122298e+01,2.125048e+01,2.130546e+01,2.112667e+01,2.126423e+01,2.114044e+01,2.118172e+01,2.128485e+01,2.129172e+01,2.129172e+01,2.116796e+01,2.121611e+01,2.117484e+01,2.117484e+01,2.122986e+01,2.136041e+01,2.125736e+01,2.128485e+01,2.118172e+01,2.122298e+01,2.122298e+01,2.118172e+01,2.118172e+01,2.113355e+01,2.114732e+01,2.112667e+01,2.115420e+01,2.107848e+01,2.111979e+01,2.109225e+01,2.115420e+01,2.117484e+01,2.114732e+01,2.115420e+01,2.114732e+01,2.111979e+01,2.115420e+01,2.122986e+01,2.114044e+01,2.125048e+01,2.122986e+01,2.125736e+01,2.122298e+01,2.114044e+01,2.117484e+01,2.118172e+01,2.129859e+01,2.112667e+01,2.114732e+01,2.116108e+01,2.124361e+01,2.119548e+01,2.121611e+01,2.106471e+01,2.121611e+01,2.124361e+01,2.116796e+01,2.127798e+01,2.121611e+01,2.125048e+01,2.125736e+01,2.119548e+01,2.125736e+01,2.127110e+01,2.129859e+01,2.127798e+01,2.129172e+01,2.120235e+01,2.133981e+01,2.125736e+01,2.118860e+01,2.122298e+01,2.129859e+01,2.127110e+01,2.113355e+01,2.111979e+01,2.109225e+01,2.080957e+01,2.068522e+01,2.030430e+01,2.013763e+01,2.014458e+01,2.012372e+01,2.006114e+01,2.005419e+01,1.998460e+01,1.991496e+01,1.996371e+01,1.988013e+01,1.992193e+01,1.988013e+01,1.992193e+01,1.993586e+01,1.998460e+01,1.988710e+01,1.991496e+01,1.991496e+01,1.990800e+01,1.990103e+01,1.984528e+01,1.990800e+01,1.990800e+01,1.983134e+01,1.989407e+01,1.984528e+01,1.985225e+01,1.994283e+01,1.981042e+01,1.981740e+01,1.988710e+01,1.994979e+01,1.985225e+01,1.984528e+01,1.989407e+01,1.989407e+01,1.985225e+01,1.988710e+01,1.984528e+01,1.983831e+01,1.985225e+01,1.979647e+01,1.979647e+01,1.985225e+01,1.970577e+01,1.971973e+01,1.971275e+01,1.978253e+01,1.964293e+01,1.974067e+01,1.973369e+01,1.970577e+01,1.969879e+01,1.971973e+01,1.970577e+01,1.972671e+01,1.970577e+01,1.967785e+01,1.975462e+01,1.964991e+01,1.975462e+01,1.960800e+01,1.967086e+01,1.971275e+01,1.970577e+01,1.977555e+01,1.972671e+01,1.975462e+01,1.968483e+01,1.960800e+01,1.974067e+01,1.971973e+01,1.971973e+01,1.973369e+01,1.972671e+01,1.972671e+01,1.964991e+01,1.971275e+01,1.970577e+01,1.967086e+01,1.966388e+01,1.968483e+01,1.969879e+01,1.977555e+01,1.975462e+01,1.985922e+01,1.978950e+01,1.983134e+01,1.980345e+01,1.981042e+01,1.981042e+01,1.983134e+01,1.994979e+01,1.994283e+01,1.995675e+01,1.992890e+01,1.992193e+01,1.988013e+01,1.990800e+01,1.995675e+01,1.994979e+01,1.994979e+01,1.994979e+01,1.999156e+01,2.004027e+01,2.011677e+01,2.005419e+01,2.012372e+01,2.009591e+01,2.012372e+01,2.020016e+01,2.035980e+01,2.083028e+01,2.103027e+01,2.097514e+01,2.107848e+01,2.100960e+01,2.100271e+01,2.096135e+01,2.094067e+01,2.088549e+01,2.096135e+01,2.071978e+01,2.093377e+01,2.094757e+01,2.089239e+01,2.090619e+01,2.090619e+01,2.082338e+01,2.083719e+01,2.077505e+01,2.078195e+01,2.053995e+01,2.049840e+01,2.056763e+01,2.032512e+01,2.046377e+01,2.040140e+01,2.037366e+01,2.033205e+01,2.035980e+01,2.032512e+01,2.029042e+01,2.031818e+01,2.024877e+01,2.024183e+01,2.020711e+01,2.031124e+01,2.018627e+01,2.022100e+01,2.025571e+01,2.026266e+01,2.008896e+01,2.019321e+01,2.028348e+01,2.020016e+01,2.024183e+01,2.020711e+01,2.028348e+01,2.043605e+01,2.025571e+01,2.044991e+01,2.062299e+01,2.083028e+01,2.092688e+01,2.087859e+01,2.088549e+01,2.085099e+01,2.084409e+01,2.090619e+01,2.079576e+01,2.071978e+01,2.076123e+01,2.070596e+01,2.069213e+01,2.069213e+01,2.067139e+01,2.067139e+01,2.060915e+01,2.055379e+01,2.067831e+01,2.064374e+01,2.069905e+01,2.069905e+01,2.075432e+01,2.075432e+01,2.076123e+01,2.073360e+01,2.087859e+01,2.086479e+01,2.087169e+01,2.077505e+01,2.070596e+01,2.082338e+01,2.085099e+01,2.078886e+01,2.080957e+01,2.085099e+01,2.078886e+01,2.089239e+01,2.084409e+01,2.087169e+01,2.076123e+01,2.080957e+01,2.080957e+01,2.078886e+01,2.078195e+01,2.079576e+01,2.079576e+01,2.088549e+01,2.083028e+01,2.080267e+01,2.080957e+01,2.077505e+01,2.066448e+01,2.080267e+01,2.081648e+01,2.074742e+01,2.076814e+01,2.085789e+01,2.071978e+01,2.091308e+01,2.080957e+01,2.073360e+01,2.080267e+01,2.073360e+01,2.078195e+01,2.072669e+01,2.082338e+01,2.074051e+01,2.071978e+01,2.083719e+01,2.080267e+01,2.074051e+01,2.074051e+01,2.073360e+01,2.079576e+01,2.075432e+01,2.071287e+01,2.080267e+01,2.072669e+01,2.082338e+01,2.084409e+01,2.084409e+01,2.091998e+01,2.087859e+01,2.088549e+01,2.087169e+01,2.093377e+01,2.098893e+01,2.096135e+01,2.098203e+01,2.101649e+01,2.108537e+01,2.086479e+01,2.052610e+01,1.994979e+01,1.992193e+01,1.992193e+01,1.997764e+01,1.986619e+01,1.988013e+01,1.988013e+01,1.990800e+01,1.984528e+01,1.980345e+01,1.985922e+01,1.985225e+01,1.975462e+01,1.985225e+01,1.989407e+01,1.979647e+01,1.975462e+01,1.979647e+01,1.979647e+01,1.983134e+01,1.983831e+01,1.982437e+01,1.982437e+01,1.981740e+01,1.982437e+01,1.988013e+01,1.971275e+01,1.971973e+01,1.988013e+01,1.985225e+01,1.980345e+01,1.981042e+01,1.981740e+01,1.978253e+01,1.984528e+01,1.977555e+01,1.986619e+01,1.992890e+01,1.994283e+01,1.985922e+01,1.984528e+01,1.984528e+01,1.981740e+01,1.994283e+01,2.036673e+01,2.173055e+01,2.283297e+01,2.308985e+01,2.303582e+01,2.259579e+01,2.238527e+01,2.218793e+01,2.208571e+01,2.197656e+01,2.197656e+01,2.182629e+01,2.164157e+01,2.152508e+01,2.143592e+01,2.147708e+01,2.146336e+01,2.133294e+01,2.140161e+01,2.140847e+01,2.132607e+01,2.139474e+01,2.129172e+01,2.128485e+01,2.132607e+01,2.131920e+01,2.130546e+01,2.137415e+01,2.131920e+01,2.131233e+01,2.136041e+01,2.123674e+01,2.131920e+01,2.131920e+01,2.130546e+01,2.133981e+01,2.128485e+01,2.123674e+01,2.128485e+01,2.125048e+01,2.140161e+01,2.144964e+01,2.122298e+01,2.122298e+01,2.122298e+01,2.121611e+01,2.121611e+01,2.130546e+01,2.125736e+01,2.120923e+01,2.122298e+01,2.116796e+01,2.121611e+01,2.114732e+01,2.105782e+01,2.107160e+01,2.103716e+01,2.110602e+01,2.107160e+01,2.103027e+01,2.106471e+01,2.107160e+01,2.107848e+01,2.102338e+01,2.098893e+01,2.108537e+01,2.103716e+01,2.094067e+01,2.102338e+01,2.099582e+01,2.104405e+01,2.096825e+01,2.104405e+01,2.096825e+01,2.099582e+01,2.110602e+01,2.105782e+01,2.098893e+01,2.102338e+01,2.114044e+01,2.111979e+01,2.107848e+01,2.110602e+01,2.107160e+01,2.105782e+01,2.111291e+01,2.112667e+01,2.110602e+01,2.105094e+01,2.105782e+01,2.111979e+01,2.103716e+01,2.109225e+01,2.112667e+01,2.112667e+01,2.108537e+01,2.111979e+01,2.120235e+01,2.114044e+01,2.119548e+01,2.111979e+01,2.110602e+01,2.114044e+01,2.111291e+01,2.115420e+01,2.112667e+01,2.111979e+01,2.107848e+01,2.103716e+01,2.105094e+01,2.118172e+01,2.114044e+01,2.094757e+01,2.130546e+01,2.105782e+01,2.109225e+01,2.120235e+01,2.111291e+01,2.114732e+01,2.118860e+01,2.120923e+01,2.111291e+01,2.108537e+01,2.112667e+01,2.112667e+01,2.114732e+01,2.112667e+01,2.112667e+01,2.111291e+01,2.111979e+01,2.113355e+01,2.114732e+01,2.118860e+01,2.109914e+01,2.111979e+01,2.114732e+01,2.109914e+01,2.112667e+01,2.126423e+01,2.109914e+01,2.110602e+01,2.108537e+01,2.108537e+01,2.124361e+01,2.112667e+01,2.101649e+01,2.103716e+01,2.120923e+01,2.117484e+01,2.112667e+01,2.114044e+01,2.115420e+01,2.114044e+01,2.107848e+01,2.115420e+01,2.114044e+01,2.118172e+01,2.110602e+01,2.117484e+01,2.109914e+01,2.110602e+01,2.111291e+01,2.109914e+01,2.112667e+01,2.108537e+01,2.100271e+01,2.106471e+01,2.107848e+01,2.105782e+01,2.111291e+01,2.107848e+01,2.108537e+01,2.115420e+01,2.111291e+01,2.113355e+01,2.114732e+01,2.111979e+01,2.103716e+01,2.112667e+01,2.105782e+01,2.111291e+01,2.099582e+01,2.097514e+01,2.118172e+01,2.100960e+01,2.110602e+01,2.111979e+01,2.113355e+01,2.109225e+01,2.118172e+01,2.104405e+01
2.122298e+01,2.120235e+01,2.106471e+01,2.110602e+01,2.105094e+01,2.110602e+01,2.110602e+01,2.103027e+01,2.110602e+01,2.118860e+01,2.110602e+01,2.116108e+01,2.111291e+01,2.116796e+01,2.114044e+01,2.116108e+01,2.114732e+01,2.110602e+01,2.121611e+01,2.117484e+01,2.118860e+01,2.113355e+01,2.115420e+01,2.121611e+01,2.113355e+01,2.119548e+01,2.118172e+01,2.122298e+01,2.117484e+01,2.118172e+01,2.115420e+01,2.112667e+01,2.119548e+01,2.114044e+01,2.118860e+01,2.111979e+01,2.115420e+01,2.119548e+01,2.112667e+01,2.114732e+01,2.107848e+01,2.126423e+01,2.111979e+01,2.114732e+01,2.120923e+01,2.115420e+01,2.110602e+01,2.122986e+01,2.117484e+01,2.122986e+01,2.119548e+01,2.118860e+01,2.121611e+01,2.119548e+01,2.114732e+01,2.122986e+01,2.121611e+01,2.120235e+01,2.116108e+01,2.122298e+01,2.113355e+01,2.110602e+01,2.110602e+01,2.120235e+01,2.122986e+01,2.106471e+01,2.123674e+01,2.114732e+01,2.101649e+01,2.122298e+01,2.118860e+01,2.125048e+01,2.114044e+01,2.120923e+01,2.120235e+01,2.113355e+01,2.123674e+01,2.110602e+01,2.114732e+01,2.129859e+01,2.115420e+01,2.122298e+01,2.120235e+01,2.124361e+01,2.125736e+01,2.119548e+01,2.118860e+01,2.119548e+01,2.114044e+01,2.120923e+01,2.121611e+01,2.123674e+01,2.114044e+01,2.114732e+01,2.113355e+01,2.113355e+01,2.117484e+01,2.112667e+01,2.110602e+01,2.100960e+01,2.115420e+01,2.116108e+01,2.103716e+01,2.114732e+01,2.113355e+01,2.109225e+01,2.114044e+01,2.121611e+01,2.115420e+01,2.107160e+01,2.125736e+01,2.119548e+01,2.116108e+01,2.117484e+01,2.119548e+01,2.118860e+01,2.107848e+01,2.114044e+01,2.115420e+01,2.116108e+01,2.122298e+01,2.116108e+01,2.114732e+01,2.115420e+01,2.109225e+01,2.121611e+01,2.114044e+01,2.120235e+01,2.122298e+01,2.118860e+01,2.115420e+01,2.114732e+01,2.122298e+01,2.118860e+01,2.122298e+01,2.122986e+01,2.121611e+01,2.127798e+01,2.122298e+01,2.128485e+01,2.128485e+01,2.130546e+01,2.114044e+01,2.121611e+01,2.113355e+01,2.115420e+01,2.082338e+01,2.089929e+01,2.076123e+01,2.047762e+01,2.030430e+01,2.031818e+01,2.008201e+01,2.010982e+01,2.007505e+01,2.007505e+01,2.010287e+01,1.987316e+01,1.994979e+01,1.994283e+01,1.986619e+01,1.990800e+01,1.998460e+01,1.990800e+01,2.002636e+01,1.994979e+01,1.991496e+01,1.988710e+01,1.994979e+01,1.978253e+01,1.991496e+01,1.982437e+01,1.980345e+01,1.983134e+01,1.987316e+01,1.980345e+01,1.987316e+01,1.997068e+01,1.988013e+01,1.978950e+01,1.990103e+01,1.990800e+01,1.988013e+01,1.976160e+01,1.989407e+01,1.986619e+01,1.985225e+01,1.982437e+01,1.983831e+01,1.981042e+01,1.980345e+01,1.981740e+01,1.973369e+01,1.976160e+01,1.983134e+01,1.978950e+01,1.980345e+01,1.969181e+01,1.970577e+01,1.965689e+01,1.975462e+01,1.966388e+01,1.967086e+01,1.974067e+01,1.972671e+01,1.962896e+01,1.960101e+01,1.962896e+01,1.968483e+01,1.958004e+01,1.962896e+01,1.964991e+01,1.971275e+01,1.957305e+01,1.967785e+01,1.962197e+01,1.967785e+01,1.958004e+01,1.965689e+01,1.978253e+01,1.969181e+01,1.965689e+01,1.967086e+01,1.970577e+01,1.971275e+01,1.971275e+01,1.964991e+01,1.963594e+01,1.966388e+01,1.960800e+01,1.966388e+01,1.961498e+01,1.963594e+01,1.965689e+01,1.971973e+01,1.970577e+01,1.987316e+01,1.982437e+01,1.976858e+01,1.983831e+01,1.985922e+01,1.980345e+01,1.993586e+01,1.985225e+01,1.989407e+01,1.994979e+01,1.992890e+01,1.985225e+01,1.994979e+01,1.997068e+01,1.994283e+01,1.992890e+01,1.998460e+01,2.002636e+01,2.001940e+01,2.008896e+01,2.008896e+01,2.008201e+01,2.009591e+01,2.011677e+01,2.031124e+01,2.078195e+01,2.096825e+01,2.103716e+01,2.091308e+01,2.102338e+01,2.094757e+01,2.094757e+01,2.093377e+01,2.090619e+01,2.089239e+01,2.088549e+01,2.090619e+01,2.093377e+01,2.089929e+01,2.088549e+01,2.091998e+01,2.087169e+01,2.080957e+01,2.083719e+01,2.089239e+01,2.079576e+01,2.051918e+01,2.044991e+01,2.033899e+01,2.031124e+01,2.036673e+01,2.036673e+01,2.030430e+01,2.033899e+01,2.022794e+01,2.024877e+01,2.023489e+01,2.021405e+01,2.031124e+01,2.026960e+01,2.017932e+01,2.016542e+01,2.015848e+01,2.029736e+01,2.024183e+01,2.021405e+01,2.027654e+01,2.020016e+01,2.020016e+01,2.020711e+01,2.022794e+01,2.033205e+01,2.031818e+01,2.029042e+01,2.041526e+01,2.061607e+01,2.063682e+01,2.083719e+01,2.096135e+01,2.085789e+01,2.085789e+01,2.089929e+01,2.080267e+01,2.085099e+01,2.073360e+01,2.071978e+01,2.077505e+01,2.074742e+01,2.070596e+01,2.067831e+01,2.068522e+01,2.063682e+01,2.063682e+01,2.067831e+01,2.070596e+01,2.063682e+01,2.065065e+01,2.067139e+01,2.080957e+01,2.081648e+01,2.078195e+01,2.083719e+01,2.078886e+01,2.076814e+01,2.087859e+01,2.077505e+01,2.084409e+01,2.085099e+01,2.071287e+01,2.080957e+01,2.076123e+01,2.091998e+01,2.073360e+01,2.088549e+01,2.082338e+01,2.085789e+01,2.077505e+01,2.078195e+01,2.082338e+01,2.083028e+01,2.080267e+01,2.077505e+01,2.077505e+01,2.085099e+01,2.079576e+01,2.076123e+01,2.100271e+01,2.080957e+01,2.080957e+01,2.078886e+01,2.078886e+01,2.067831e+01,2.075432e+01,2.087169e+01,2.071978e+01,2.067831e+01,2.073360e+01,2.071978e+01,2.074742e+01,2.070596e+01,2.074742e+01,2.076123e+01,2.083719e+01,2.080957e+01,2.069905e+01,2.067831e+01,2.073360e+01,2.073360e+01,2.072669e+01,2.068522e+01,2.068522e+01,2.071287e+01,2.074051e+01,2.071978e+01,2.076123e+01,2.083719e+01,2.080957e+01,2.079576e+01,2.083719e+01,2.081648e+01,2.087169e+01,2.085099e+01,2.087169e+01,2.093377e+01,2.096825e+01,2.086479e+01,2.085789e+01,2.085789e+01,2.050533e+01,2.023489e+01,1.993586e+01,1.992193e+01,1.994283e+01,1.992193e+01,1.980345e+01,1.994979e+01,1.992890e+01,1.988013e+01,1.991496e+01,1.988013e+01,1.989407e+01,1.985922e+01,1.983831e+01,1.982437e+01,1.980345e+01,1.985225e+01,1.982437e+01,1.980345e+01,1.988013e+01,1.982437e+01,1.978253e+01,1.980345e+01,1.983134e+01,1.978253e+01,1.978950e+01,1.985922e+01,1.970577e+01,1.978253e+01,1.992890e+01,1.987316e+01,1.980345e+01,1.980345e+01,1.978950e+01,1.977555e+01,1.978253e+01,1.979647e+01,2.000548e+01,1.976858e+01,1.983134e+01,1.983831e+01,1.979647e+01,1.983831e+01,1.987316e+01,2.006810e+01,2.173739e+01,2.283297e+01,2.325177e+01,2.324503e+01,2.294121e+01,2.269750e+01,2.258901e+01,2.260258e+01,2.205161e+01,2.202432e+01,2.193560e+01,2.181945e+01,2.163472e+01,2.151823e+01,2.136728e+01,2.151137e+01,2.120235e+01,2.129172e+01,2.135355e+01,2.140847e+01,2.133294e+01,2.126423e+01,2.136728e+01,2.131233e+01,2.125048e+01,2.133981e+01,2.130546e+01,2.127110e+01,2.131233e+01,2.138101e+01,2.124361e+01,2.133981e+01,2.125048e+01,2.133294e+01,2.133981e+01,2.137415e+01,2.130546e+01,2.127110e+01,2.121611e+01,2.123674e+01,2.125048e+01,2.128485e+01,2.122298e+01,2.124361e+01,2.120235e+01,2.121611e+01,2.124361e+01,2.120923e+01,2.119548e+01,2.120923e+01,2.112667e+01,2.107160e+01,2.112667e+01,2.114044e+01,2.118860e+01,2.107848e+01,2.103027e+01,2.100960e+01,2.109914e+01,2.110602e+01,2.103716e+01,2.107848e+01,2.108537e+01,2.097514e+01,2.098893e+01,2.094067e+01,2.108537e+01,2.108537e+01,2.116796e+01,2.100271e+01,2.091998e+01,2.102338e+01,2.096825e+01,2.091308e+01,2.091308e+01,2.094757e+01,2.098203e+01,2.103716e+01,2.100960e+01,2.097514e+01,2.104405e+01,2.109914e+01,2.108537e+01,2.110602e+01,2.105094e+01,2.110602e+01,2.096135e+01,2.099582e+01,2.109225e+01,2.100960e+01,2.109914e+01,2.111979e+01,2.114732e+01,2.117484e+01,2.109914e+01,2.116796e+01,2.118172e+01,2.109914e+01,2.097514e+01,2.114732e+01,2.109225e+01,2.111291e+01,2.105094e+01,2.114044e+01,2.114044e+01,2.114732e+01,2.109225e+01,2.106471e+01,2.110602e+01,2.105094e+01,2.114044e+01,2.110602e+01,2.114044e+01,2.112667e+01,2.107160e+01,2.118860e+01,2.113355e+01,2.116796e+01,2.116108e+01,2.118860e+01,2.116796e+01,2.105094e+01,2.103716e+01,2.114732e+01,2.094757e+01,2.109225e+01,2.109914e+01,2.103716e+01,2.105782e+01,2.106471e+01,2.112667e+01,2.108537e+01,2.112667e+01,2.119548e+01,2.092688e+01,2.112667e+01,2.105782e+01,2.120923e+01,2.106471e+01,2.109914e+01,2.105094e+01,2.104405e+01,2.111291e+01,2.105094e+01,2.114732e+01,2.104405e+01,2.107160e+01,2.114732e+01,2.111979e+01,2.114044e+01,2.112667e+01,2.113355e+01,2.111979e+01,2.111291e+01,2.122986e+01,2.118860e+01,2.109225e+01,2.107848e+01,2.111979e+01,2.107160e+01,2.112667e+01,2.111979e+01,2.100960e+01,2.112667e+01,2.109225e+01,2.109225e+01,2.107848e+01,2.108537e+01,2.111291e+01,2.112667e+01,2.145650e+01,2.110602e+01,2.111979e+01,2.105094e+01,2.105782e+01,2.103716e+01,2.110602e+01,2.118860e+01,2.115420e+01,2.102338e+01,2.118860e+01,2.101649e+01,2.118860e+01,2.118860e+01,2.108537e+01,2.111291e+01,2.114044e+01,2.115420e+01,2.122986e+01,2.122298e+01
2.105094e+01,2.114732e+01,2.124361e+01,2.109914e+01,2.111979e+01,2.112667e+01,2.106471e+01,2.105094e+01,2.120235e+01,2.113355e+01,2.105094e+01,2.112667e+01,2.114732e+01,2.113355e+01,2.114732e+01,2.110602e+01,2.114044e+01,2.133981e+01,2.131920e+01,2.112667e+01,2.107848e+01,2.125048e+01,2.109914e+01,2.119548e+01,2.110602e+01,2.116108e+01,2.118860e+01,2.118860e+01,2.110602e+01,2.107848e+01,2.114732e+01,2.112667e+01,2.119548e+01,2.122298e+01,2.113355e+01,2.116108e+01,2.125736e+01,2.124361e+01,2.120235e+01,2.114732e+01,2.116796e+01,2.124361e+01,2.120923e+01,2.123674e+01,2.123674e+01,2.118860e+01,2.115420e+01,2.117484e+01,2.113355e+01,2.123674e+01,2.126423e+01,2.116108e+01,2.120235e+01,2.109914e+01,2.112667e+01,2.122298e+01,2.120923e+01,2.123674e+01,2.118172e+01,2.118860e+01,2.120923e+01,2.114044e+01,2.124361e+01,2.111979e+01,2.109225e+01,2.123674e+01,2.112667e+01,2.121611e+01,2.117484e+01,2.120235e+01,2.124361e+01,2.128485e+01,2.125048e+01,2.130546e+01,2.124361e+01,2.116796e+01,2.119548e+01,2.131233e+01,2.120923e+01,2.121611e+01,2.118860e+01,2.122298e+01,2.122986e+01,2.120235e+01,2.122298e+01,2.118860e+01,2.131233e+01,2.130546e+01,2.122986e+01,2.118860e+01,2.129859e+01,2.123674e+01,2.120923e+01,2.114044e+01,2.110602e+01,2.114732e+01,2.109914e+01,2.114732e+01,2.107848e+01,2.121611e+01,2.114732e+01,2.117484e+01,2.114732e+01,2.109225e+01,2.114044e+01,2.111979e+01,2.118172e+01,2.116108e+01,2.120235e+01,2.109225e+01,2.114732e+01,2.117484e+01,2.108537e+01,2.116108e+01,2.103716e+01,2.118172e+01,2.111291e+01,2.127798e+01,2.115420e+01,2.120923e+01,2.116796e+01,2.116796e+01,2.121611e+01,2.122298e+01,2.120923e+01,2.122986e+01,2.115420e+01,2.125048e+01,2.124361e+01,2.122298e+01,2.123674e+01,2.128485e+01,2.123674e+01,2.122986e+01,2.124361e+01,2.122298e+01,2.120923e+01,2.119548e+01,2.124361e+01,2.127798e+01,2.118860e+01,2.119548e+01,2.119548e+01,2.120235e+01,2.123674e+01,2.120235e+01,2.113355e+01,2.104405e+01,2.083719e+01,2.073360e+01,2.062990e+01,2.055379e+01,2.039447e+01,2.033899e+01,2.010982e+01,2.008896e+01,2.010287e+01,2.001940e+01,1.998460e+01,1.992890e+01,1.990103e+01,1.997764e+01,1.993586e+01,2.001244e+01,2.001940e+01,1.994283e+01,1.991496e+01,1.992890e+01,1.991496e+01,1.990103e+01,1.992890e+01,1.978950e+01,1.992193e+01,1.992193e+01,1.990103e+01,1.992193e+01,1.997068e+01,1.992890e+01,1.984528e+01,1.987316e+01,1.983134e+01,1.988013e+01,1.987316e+01,1.988013e+01,1.989407e+01,1.987316e+01,1.985922e+01,1.983831e+01,1.985922e+01,1.987316e+01,1.985225e+01,1.988013e+01,1.993586e+01,1.978950e+01,1.991496e+01,1.978950e+01,1.974067e+01,1.969879e+01,1.978950e+01,1.972671e+01,1.970577e+01,1.975462e+01,1.971275e+01,1.971275e+01,1.971973e+01,1.983134e+01,1.960101e+01,1.963594e+01,1.964293e+01,1.966388e+01,1.963594e+01,1.960800e+01,1.971275e+01,1.967785e+01,1.974764e+01,1.970577e+01,1.970577e+01,1.968483e+01,1.970577e+01,1.967785e+01,1.974764e+01,1.971973e+01,1.963594e+01,1.974067e+01,1.964991e+01,1.978950e+01,1.973369e+01,1.973369e+01,1.969879e+01,1.971275e+01,1.964293e+01,1.976160e+01,1.955208e+01,1.962896e+01,1.964991e+01,1.983831e+01,1.985225e+01,1.988013e+01,1.987316e+01,1.988013e+01,1.986619e+01,1.982437e+01,1.983134e+01,1.984528e+01,1.992193e+01,1.985922e+01,1.991496e+01,1.995675e+01,1.999852e+01,1.991496e+01,2.008201e+01,1.994283e+01,1.991496e+01,1.999156e+01,2.003332e+01,2.012372e+01,2.017932e+01,2.015848e+01,2.015848e+01,2.040833e+01,2.043605e+01,2.066448e+01,2.091308e+01,2.100271e+01,2.101649e+01,2.087169e+01,2.087859e+01,2.090619e+01,2.089929e+01,2.091998e+01,2.080267e+01,2.090619e+01,2.081648e+01,2.086479e+01,2.084409e+01,2.087859e+01,2.084409e+01,2.092688e+01,2.082338e+01,2.080267e+01,2.081648e+01,2.087169e+01,2.077505e+01,2.071978e+01,2.061607e+01,2.048455e+01,2.042219e+01,2.043605e+01,2.042219e+01,2.029042e+01,2.035286e+01,2.031818e+01,2.022794e+01,2.032512e+01,2.028348e+01,2.021405e+01,2.022100e+01,2.015848e+01,2.020711e+01,2.026960e+01,2.022100e+01,2.017237e+01,2.004027e+01,2.031818e+01,2.029042e+01,2.017932e+01,2.020016e+01,2.025571e+01,2.029736e+01,2.036673e+01,2.035980e+01,2.035286e+01,2.059531e+01,2.061607e+01,2.083719e+01,2.085789e+01,2.087169e+01,2.085099e+01,2.086479e+01,2.085099e+01,2.075432e+01,2.075432e+01,2.083028e+01,2.075432e+01,2.073360e+01,2.064374e+01,2.067831e+01,2.062990e+01,2.061607e+01,2.061607e+01,2.062990e+01,2.074051e+01,2.064374e+01,2.067831e+01,2.073360e+01,2.083028e+01,2.080957e+01,2.084409e+01,2.093377e+01,2.083719e+01,2.082338e+01,2.080957e+01,2.077505e+01,2.071978e+01,2.073360e+01,2.076814e+01,2.081648e+01,2.076123e+01,2.080957e+01,2.078886e+01,2.083028e+01,2.086479e+01,2.078886e+01,2.080957e+01,2.078195e+01,2.079576e+01,2.080957e+01,2.084409e+01,2.083028e+01,2.081648e+01,2.078886e+01,2.079576e+01,2.081648e+01,2.067831e+01,2.084409e+01,2.070596e+01,2.073360e+01,2.075432e+01,2.072669e+01,2.075432e+01,2.069905e+01,2.089929e+01,2.074742e+01,2.073360e+01,2.070596e+01,2.073360e+01,2.078195e+01,2.079576e+01,2.076123e+01,2.070596e+01,2.065065e+01,2.069213e+01,2.076814e+01,2.078886e+01,2.068522e+01,2.067831e+01,2.069905e+01,2.069905e+01,2.075432e+01,2.076814e+01,2.075432e+01,2.073360e+01,2.080267e+01,2.083028e+01,2.086479e+01,2.085789e+01,2.085789e+01,2.081648e+01,2.087859e+01,2.082338e+01,2.084409e+01,2.086479e+01,2.087169e+01,2.077505e+01,2.058148e+01,2.025571e+01,2.008201e+01,1.992890e+01,1.990800e+01,1.995675e+01,1.990103e+01,1.997068e+01,1.994283e+01,1.990800e+01,1.992890e+01,1.984528e+01,1.993586e+01,1.983134e+01,1.986619e+01,1.983134e+01,1.981740e+01,1.975462e+01,1.985922e+01,1.988013e+01,1.979647e+01,1.998460e+01,1.977555e+01,1.981042e+01,1.980345e+01,1.977555e+01,1.979647e+01,1.976160e+01,1.973369e+01,1.976160e+01,1.975462e+01,1.980345e+01,1.983134e+01,1.978950e+01,1.985225e+01,1.983134e+01,1.981740e+01,1.985225e+01,1.982437e+01,1.987316e+01,1.981740e+01,1.982437e+01,1.983134e+01,1.984528e+01,1.989407e+01,2.024877e+01,2.173055e+01,2.303582e+01,2.374941e+01,2.366216e+01,2.319782e+01,2.320457e+01,2.290739e+01,2.267039e+01,2.237847e+01,2.218112e+01,2.216068e+01,2.199021e+01,2.174423e+01,2.173055e+01,2.153880e+01,2.150451e+01,2.149080e+01,2.133981e+01,2.131920e+01,2.137415e+01,2.143592e+01,2.127110e+01,2.132607e+01,2.133294e+01,2.130546e+01,2.123674e+01,2.130546e+01,2.133981e+01,2.126423e+01,2.125048e+01,2.126423e+01,2.127110e+01,2.135355e+01,2.115420e+01,2.131233e+01,2.137415e+01,2.118860e+01,2.129859e+01,2.121611e+01,2.125048e+01,2.133981e+01,2.125736e+01,2.112667e+01,2.127798e+01,2.124361e+01,2.122986e+01,2.119548e+01,2.121611e+01,2.131233e+01,2.120923e+01,2.127798e+01,2.120235e+01,2.117484e+01,2.104405e+01,2.114044e+01,2.116796e+01,2.106471e+01,2.107848e+01,2.119548e+01,2.114732e+01,2.116108e+01,2.106471e+01,2.101649e+01,2.098893e+01,2.097514e+01,2.102338e+01,2.098203e+01,2.098893e+01,2.098203e+01,2.099582e+01,2.098893e+01,2.095446e+01,2.097514e+01,2.105094e+01,2.096825e+01,2.097514e+01,2.104405e+01,2.106471e+01,2.099582e+01,2.092688e+01,2.103027e+01,2.099582e+01,2.105094e+01,2.103716e+01,2.108537e+01,2.105782e+01,2.106471e+01,2.112667e+01,2.111979e+01,2.103716e+01,2.102338e+01,2.110602e+01,2.127798e+01,2.112667e+01,2.108537e+01,2.113355e+01,2.116796e+01,2.111291e+01,2.111291e+01,2.100271e+01,2.111291e+01,2.103027e+01,2.114732e+01,2.114732e+01,2.117484e+01,2.113355e+01,2.106471e+01,2.111291e+01,2.109914e+01,2.106471e+01,2.106471e+01,2.113355e+01,2.114044e+01,2.110602e+01,2.115420e+01,2.110602e+01,2.111291e+01,2.096135e+01,2.120235e+01,2.098203e+01,2.109914e+01,2.117484e+01,2.106471e+01,2.113355e+01,2.111291e+01,2.107848e+01,2.110602e+01,2.109225e+01,2.102338e+01,2.103716e+01,2.115420e+01,2.103027e+01,2.116796e+01,2.116108e+01,2.113355e+01,2.119548e+01,2.107848e+01,2.120235e+01,2.109914e+01,2.118172e+01,2.129172e+01,2.110602e+01,2.111979e+01,2.106471e+01,2.133981e+01,2.117484e+01,2.115420e+01,2.116796e+01,2.118172e+01,2.114732e+01,2.112667e+01,2.115420e+01,2.113355e+01,2.109914e+01,2.111979e+01,2.111291e+01,2.115420e+01,2.105094e+01,2.113355e+01,2.110602e+01,2.111979e+01,2.116796e+01,2.116796e+01,2.103027e+01,2.110602e+01,2.112667e+01,2.105782e+01,2.107160e+01,2.113355e+01,2.109914e+01,2.115420e+01,2.111979e+01,2.105782e+01,2.106471e+01,2.105782e+01,2.118172e+01,2.109225e+01,2.113355e+01,2.105782e+01,2.108537e+01,2.111979e+01,2.113355e+01,2.107160e+01,2.117484e+01,2.107160e+01,2.118860e+01,2.108537e+01,2.107160e+01,2.109225e+01,2.123674e+01
2.120923e+01,2.104405e+01,2.116796e+01,2.111979e+01,2.105094e+01,2.113355e+01,2.118860e+01,2.124361e+01,2.101649e+01,2.111979e+01,2.108537e+01,2.116796e+01,2.118860e+01,2.111291e+01,2.118172e+01,2.113355e+01,2.105782e+01,2.112667e+01,2.111979e+01,2.115420e+01,2.120235e+01,2.130546e+01,2.126423e+01,2.118860e+01,2.114732e+01,2.122986e+01,2.115420e+01,2.116796e+01,2.111291e+01,2.107848e+01,2.115420e+01,2.118860e+01,2.114044e+01,2.117484e+01,2.116796e+01,2.114044e+01,2.116796e+01,2.125048e+01,2.118172e+01,2.125048e+01,2.117484e+01,2.119548e+01,2.120235e+01,2.120923e+01,2.120235e+01,2.118860e+01,2.116108e+01,2.115420e+01,2.116108e+01,2.116796e+01,2.118172e+01,2.111979e+01,2.128485e+01,2.121611e+01,2.122298e+01,2.127110e+01,2.123674e+01,2.118172e+01,2.118860e+01,2.122298e+01,2.114044e+01,2.123674e+01,2.124361e+01,2.130546e+01,2.127110e+01,2.116108e+01,2.136041e+01,2.129859e+01,2.122298e+01,2.126423e+01,2.112667e+01,2.125048e+01,2.127110e+01,2.116796e+01,2.111979e+01,2.117484e+01,2.109914e+01,2.119548e+01,2.119548e+01,2.122986e+01,2.116108e+01,2.122986e+01,2.114732e+01,2.119548e+01,2.120235e+01,2.126423e+01,2.125736e+01,2.113355e+01,2.120923e+01,2.116108e+01,2.116108e+01,2.118172e+01,2.122986e+01,2.122986e+01,2.112667e+01,2.130546e+01,2.106471e+01,2.110602e+01,2.103716e+01,2.111291e+01,2.118860e+01,2.118172e+01,2.103027e+01,2.113355e+01,2.118172e+01,2.115420e+01,2.111979e+01,2.118172e+01,2.116108e+01,2.103716e+01,2.114732e+01,2.131233e+01,2.111291e+01,2.118860e+01,2.114732e+01,2.116796e+01,2.119548e+01,2.123674e+01,2.118860e+01,2.126423e+01,2.121611e+01,2.125048e+01,2.125736e+01,2.121611e+01,2.125736e+01,2.120923e+01,2.122986e+01,2.122298e+01,2.122986e+01,2.121611e+01,2.122986e+01,2.126423e+01,2.122986e+01,2.125048e+01,2.119548e+01,2.127798e+01,2.131233e+01,2.127798e+01,2.116796e+01,2.117484e+01,2.116796e+01,2.132607e+01,2.119548e+01,2.120923e+01,2.115420e+01,2.112667e+01,2.116796e+01,2.120923e+01,2.108537e+01,2.104405e+01,2.086479e+01,2.071287e+01,2.057456e+01,2.049840e+01,2.040833e+01,2.035286e+01,2.009591e+01,2.010982e+01,1.990800e+01,2.001940e+01,1.989407e+01,1.999852e+01,2.002636e+01,1.992890e+01,2.007505e+01,1.992890e+01,1.999852e+01,1.996371e+01,1.992890e+01,1.994979e+01,1.996371e+01,1.995675e+01,1.987316e+01,1.997764e+01,1.981042e+01,1.983831e+01,1.989407e+01,1.991496e+01,1.984528e+01,1.979647e+01,1.987316e+01,1.988710e+01,1.992193e+01,1.985922e+01,1.990800e+01,1.992193e+01,1.989407e+01,1.993586e+01,1.984528e+01,1.983831e+01,1.986619e+01,1.985922e+01,1.976858e+01,1.978950e+01,1.997764e+01,1.970577e+01,1.971973e+01,1.978253e+01,1.979647e+01,1.974764e+01,1.988710e+01,1.976858e+01,1.976858e+01,1.978253e+01,1.967086e+01,1.979647e+01,1.971973e+01,1.964991e+01,1.962197e+01,1.960800e+01,1.977555e+01,1.974067e+01,1.955907e+01,1.962197e+01,1.967785e+01,1.964991e+01,1.969879e+01,1.963594e+01,1.965689e+01,1.968483e+01,1.971275e+01,1.970577e+01,1.969181e+01,1.973369e+01,1.971973e+01,1.978253e+01,1.974764e+01,1.960101e+01,1.974067e+01,1.960800e+01,1.959402e+01,1.961498e+01,1.961498e+01,1.959402e+01,1.962197e+01,1.965689e+01,1.970577e+01,1.988013e+01,1.987316e+01,1.987316e+01,1.977555e+01,1.991496e+01,1.983831e+01,1.992890e+01,1.990103e+01,1.988710e+01,1.989407e+01,1.992193e+01,1.991496e+01,1.994979e+01,1.991496e+01,1.994979e+01,1.995675e+01,1.999852e+01,2.006810e+01,2.006114e+01,2.010287e+01,2.024877e+01,2.022794e+01,2.018627e+01,2.034592e+01,2.053995e+01,2.057456e+01,2.096825e+01,2.085789e+01,2.098893e+01,2.083028e+01,2.091998e+01,2.094067e+01,2.089929e+01,2.094067e+01,2.096825e+01,2.083719e+01,2.083719e+01,2.087169e+01,2.099582e+01,2.098203e+01,2.091998e+01,2.092688e+01,2.098203e+01,2.094757e+01,2.100271e+01,2.097514e+01,2.085789e+01,2.071287e+01,2.044298e+01,2.041526e+01,2.035286e+01,2.029736e+01,2.031818e+01,2.029736e+01,2.021405e+01,2.036673e+01,2.028348e+01,2.026960e+01,2.020711e+01,2.022794e+01,2.022794e+01,2.023489e+01,2.024183e+01,2.006114e+01,2.020711e+01,2.014458e+01,2.017932e+01,2.020711e+01,2.026266e+01,2.019321e+01,2.020711e+01,2.026960e+01,2.024183e+01,2.031818e+01,2.030430e+01,2.030430e+01,2.071287e+01,2.076123e+01,2.074051e+01,2.087859e+01,2.087859e+01,2.091308e+01,2.094067e+01,2.087169e+01,2.071978e+01,2.069905e+01,2.076814e+01,2.072669e+01,2.067831e+01,2.066448e+01,2.075432e+01,2.061607e+01,2.061607e+01,2.070596e+01,2.064374e+01,2.066448e+01,2.067139e+01,2.063682e+01,2.076123e+01,2.080957e+01,2.080267e+01,2.081648e+01,2.086479e+01,2.080957e+01,2.078886e+01,2.081648e+01,2.082338e+01,2.078886e+01,2.078886e+01,2.071978e+01,2.074742e+01,2.071978e+01,2.074742e+01,2.078886e+01,2.085789e+01,2.086479e+01,2.078886e+01,2.085099e+01,2.083719e+01,2.081648e+01,2.086479e+01,2.080267e+01,2.079576e+01,2.083028e+01,2.085099e+01,2.091998e+01,2.078195e+01,2.068522e+01,2.076814e+01,2.074742e+01,2.078195e+01,2.069905e+01,2.067831e+01,2.079576e+01,2.074051e+01,2.076814e+01,2.070596e+01,2.067139e+01,2.075432e+01,2.067139e+01,2.080957e+01,2.065757e+01,2.061607e+01,2.076123e+01,2.074742e+01,2.075432e+01,2.079576e+01,2.066448e+01,2.069905e+01,2.067831e+01,2.072669e+01,2.067831e+01,2.075432e+01,2.075432e+01,2.076814e+01,2.075432e+01,2.074051e+01,2.087859e+01,2.078195e+01,2.089929e+01,2.089239e+01,2.084409e+01,2.080957e+01,2.084409e+01,2.083719e+01,2.078886e+01,2.085099e+01,2.081648e+01,2.039447e+01,2.014458e+01,2.008201e+01,2.007505e+01,1.997764e+01,1.982437e+01,1.981740e+01,1.997764e+01,1.994283e+01,1.992193e+01,1.990800e+01,1.983831e+01,1.981740e+01,1.992193e+01,1.985922e+01,1.978950e+01,1.980345e+01,1.988710e+01,1.983831e+01,1.983134e+01,1.976858e+01,1.978950e+01,1.975462e+01,1.974764e+01,1.971973e+01,1.980345e+01,1.972671e+01,1.978950e+01,1.982437e+01,1.985922e+01,1.987316e+01,1.985922e+01,1.984528e+01,1.983831e+01,1.986619e+01,1.985225e+01,1.976858e+01,1.983831e+01,1.983134e+01,1.981042e+01,1.974764e+01,1.983831e+01,1.983831e+01,1.982437e+01,2.013068e+01,2.177843e+01,2.327873e+01,2.406425e+01,2.405756e+01,2.370915e+01,2.358827e+01,2.321806e+01,2.283974e+01,2.262971e+01,2.226963e+01,2.216749e+01,2.213342e+01,2.204479e+01,2.173055e+01,2.156621e+01,2.157306e+01,2.139474e+01,2.136041e+01,2.142906e+01,2.134668e+01,2.137415e+01,2.133294e+01,2.131920e+01,2.138101e+01,2.127110e+01,2.127110e+01,2.129172e+01,2.128485e+01,2.129172e+01,2.126423e+01,2.128485e+01,2.126423e+01,2.120923e+01,2.129859e+01,2.120923e+01,2.127798e+01,2.130546e+01,2.131233e+01,2.141533e+01,2.136728e+01,2.131920e+01,2.129172e+01,2.131920e+01,2.129172e+01,2.124361e+01,2.125048e+01,2.125048e+01,2.124361e+01,2.115420e+01,2.120235e+01,2.122298e+01,2.118172e+01,2.122986e+01,2.107848e+01,2.127798e+01,2.104405e+01,2.105094e+01,2.105782e+01,2.109914e+01,2.103027e+01,2.109225e+01,2.106471e+01,2.099582e+01,2.091308e+01,2.093377e+01,2.100271e+01,2.093377e+01,2.098893e+01,2.097514e+01,2.101649e+01,2.114732e+01,2.098203e+01,2.094757e+01,2.094067e+01,2.107848e+01,2.103027e+01,2.085789e+01,2.104405e+01,2.107848e+01,2.104405e+01,2.094757e+01,2.098203e+01,2.105782e+01,2.097514e+01,2.103716e+01,2.107160e+01,2.113355e+01,2.114044e+01,2.109225e+01,2.097514e+01,2.113355e+01,2.103716e+01,2.103716e+01,2.116108e+01,2.111291e+01,2.098893e+01,2.111979e+01,2.117484e+01,2.116796e+01,2.100960e+01,2.098893e+01,2.115420e+01,2.103716e+01,2.107848e+01,2.100960e+01,2.109914e+01,2.109914e+01,2.107160e+01,2.102338e+01,2.111979e+01,2.109914e+01,2.108537e+01,2.094757e+01,2.111979e+01,2.104405e+01,2.100960e+01,2.116796e+01,2.118860e+01,2.120235e+01,2.116108e+01,2.115420e+01,2.114044e+01,2.108537e+01,2.103716e+01,2.114044e+01,2.109225e+01,2.112667e+01,2.109914e+01,2.116796e+01,2.107848e+01,2.105094e+01,2.104405e+01,2.116108e+01,2.104405e+01,2.116108e+01,2.119548e+01,2.113355e+01,2.110602e+01,2.115420e+01,2.111291e+01,2.124361e+01,2.106471e+01,2.111979e+01,2.107848e+01,2.113355e+01,2.107848e+01,2.116108e+01,2.109225e+01,2.117484e+01,2.116796e+01,2.116796e+01,2.115420e+01,2.111291e+01,2.123674e+01,2.113355e+01,2.118860e+01,2.120235e+01,2.116108e+01,2.115420e+01,2.116108e+01,2.112667e+01,2.111291e+01,2.105782e+01,2.113355e+01,2.114044e+01,2.111291e+01,2.114044e+01,2.110602e+01,2.118860e+01,2.114732e+01,2.107160e+01,2.107160e+01,2.116796e+01,2.107848e+01,2.104405e+01,2.114732e+01,2.114732e+01,2.101649e+01,2.129859e+01,2.108537e+01,2.108537e+01,2.108537e+01,2.114044e+01,2.106471e+01,2.103716e+01,2.104405e+01,2.110602e+01,2.112667e+01,2.119548e+01,2.111291e+01
2.106471e+01,2.116108e+01,2.108537e+01,2.114044e+01,2.115420e+01,2.115420e+01,2.120235e+01,2.116796e+01,2.105782e+01,2.111291e+01,2.117484e+01,2.114732e+01,2.121611e+01,2.114732e+01,2.116108e+01,2.116796e+01,2.110602e+01,2.114044e+01,2.109914e+01,2.120923e+01,2.117484e+01,2.118860e+01,2.109914e+01,2.115420e+01,2.115420e+01,2.115420e+01,2.110602e+01,2.116796e+01,2.119548e+01,2.111291e+01,2.119548e+01,2.116796e+01,2.116108e+01,2.116796e+01,2.120235e+01,2.120923e+01,2.125736e+01,2.114732e+01,2.118860e+01,2.119548e+01,2.117484e+01,2.124361e+01,2.123674e+01,2.124361e+01,2.120923e+01,2.125048e+01,2.120235e+01,2.115420e+01,2.115420e+01,2.125736e+01,2.119548e+01,2.113355e+01,2.127798e+01,2.108537e+01,2.122298e+01,2.122986e+01,2.123674e+01,2.116796e+01,2.122986e+01,2.127798e+01,2.118860e+01,2.122986e+01,2.136728e+01,2.131233e+01,2.127110e+01,2.101649e+01,2.122986e+01,2.127110e+01,2.125048e+01,2.121611e+01,2.122986e+01,2.122298e+01,2.129172e+01,2.127798e+01,2.131920e+01,2.112667e+01,2.119548e+01,2.123674e+01,2.112667e+01,2.118172e+01,2.119548e+01,2.122986e+01,2.120923e+01,2.119548e+01,2.117484e+01,2.119548e+01,2.120235e+01,2.123674e+01,2.127798e+01,2.120923e+01,2.120235e+01,2.120235e+01,2.117484e+01,2.116796e+01,2.122986e+01,2.110602e+01,2.105782e+01,2.114732e+01,2.117484e+01,2.115420e+01,2.112667e+01,2.112667e+01,2.115420e+01,2.112667e+01,2.104405e+01,2.111979e+01,2.120235e+01,2.113355e+01,2.114044e+01,2.113355e+01,2.131233e+01,2.126423e+01,2.113355e+01,2.120235e+01,2.112667e+01,2.114732e+01,2.140161e+01,2.116108e+01,2.116796e+01,2.119548e+01,2.114044e+01,2.119548e+01,2.121611e+01,2.122298e+01,2.123674e+01,2.125048e+01,2.123674e+01,2.122298e+01,2.125048e+01,2.123674e+01,2.126423e+01,2.122298e+01,2.122298e+01,2.125048e+01,2.129859e+01,2.122298e+01,2.125048e+01,2.131233e+01,2.117484e+01,2.122298e+01,2.116796e+01,2.125048e+01,2.127110e+01,2.127798e+01,2.131233e+01,2.117484e+01,2.114044e+01,2.122298e+01,2.114732e+01,2.109225e+01,2.111291e+01,2.100960e+01,2.086479e+01,2.083719e+01,2.084409e+01,2.060223e+01,2.060915e+01,2.026266e+01,2.011677e+01,2.022794e+01,1.997764e+01,2.000548e+01,1.996371e+01,2.005419e+01,2.010287e+01,2.007505e+01,2.001940e+01,2.001244e+01,1.996371e+01,1.992890e+01,1.990800e+01,1.991496e+01,1.979647e+01,1.992890e+01,1.988710e+01,1.996371e+01,1.997764e+01,1.985225e+01,1.993586e+01,1.984528e+01,1.994979e+01,1.988013e+01,1.985922e+01,2.008896e+01,1.992890e+01,1.990103e+01,1.983134e+01,1.984528e+01,1.994283e+01,1.981740e+01,1.985225e+01,1.979647e+01,1.977555e+01,1.976160e+01,1.978950e+01,1.982437e+01,1.985922e+01,1.975462e+01,1.981042e+01,1.976858e+01,1.979647e+01,1.978950e+01,1.974764e+01,1.981042e+01,1.969181e+01,1.976858e+01,1.971973e+01,1.973369e+01,1.964293e+01,1.969181e+01,1.965689e+01,1.966388e+01,1.968483e+01,1.969879e+01,1.969181e+01,1.964293e+01,1.956606e+01,1.958004e+01,1.967086e+01,1.972671e+01,1.959402e+01,1.974067e+01,1.972671e+01,1.967785e+01,1.976160e+01,1.969181e+01,1.973369e+01,1.976160e+01,1.960101e+01,1.960800e+01,1.967086e+01,1.960800e+01,1.967086e+01,1.964991e+01,1.963594e+01,1.959402e+01,1.967086e+01,1.965689e+01,1.989407e+01,1.988710e+01,1.988013e+01,1.983831e+01,1.988710e+01,1.986619e+01,1.992890e+01,1.992193e+01,1.990103e+01,2.000548e+01,1.996371e+01,2.001940e+01,1.995675e+01,2.000548e+01,2.010287e+01,2.010287e+01,2.004723e+01,2.011677e+01,2.020016e+01,2.058840e+01,2.056071e+01,2.029042e+01,2.026960e+01,2.042219e+01,2.049840e+01,2.058840e+01,2.086479e+01,2.094757e+01,2.082338e+01,2.083028e+01,2.094067e+01,2.091308e+01,2.098203e+01,2.093377e+01,2.087169e+01,2.096825e+01,2.097514e+01,2.096135e+01,2.086479e+01,2.093377e+01,2.105094e+01,2.103716e+01,2.107160e+01,2.100960e+01,2.105094e+01,2.093377e+01,2.098893e+01,2.062299e+01,2.048455e+01,2.040140e+01,2.035286e+01,2.039447e+01,2.035286e+01,2.035286e+01,2.030430e+01,2.036673e+01,2.031124e+01,2.024183e+01,2.010287e+01,2.014458e+01,2.009591e+01,2.011677e+01,2.012372e+01,2.010982e+01,2.013763e+01,2.020711e+01,2.019321e+01,2.017237e+01,2.011677e+01,2.020711e+01,2.021405e+01,2.023489e+01,2.026266e+01,2.029736e+01,2.032512e+01,2.058840e+01,2.081648e+01,2.070596e+01,2.091308e+01,2.084409e+01,2.079576e+01,2.085789e+01,2.083719e+01,2.074742e+01,2.076123e+01,2.071287e+01,2.071978e+01,2.071287e+01,2.074742e+01,2.070596e+01,2.060223e+01,2.067831e+01,2.068522e+01,2.064374e+01,2.063682e+01,2.079576e+01,2.080267e+01,2.083028e+01,2.083028e+01,2.089929e+01,2.077505e+01,2.087859e+01,2.085099e+01,2.079576e+01,2.083028e+01,2.076814e+01,2.073360e+01,2.078886e+01,2.078886e+01,2.072669e+01,2.081648e+01,2.073360e+01,2.079576e+01,2.078195e+01,2.087169e+01,2.085099e+01,2.069905e+01,2.087169e+01,2.080267e+01,2.083028e+01,2.083719e+01,2.081648e+01,2.083719e+01,2.078195e+01,2.079576e+01,2.080957e+01,2.073360e+01,2.075432e+01,2.076814e+01,2.074051e+01,2.078195e+01,2.075432e+01,2.074742e+01,2.071978e+01,2.067139e+01,2.073360e+01,2.076123e+01,2.071978e+01,2.076123e+01,2.067139e+01,2.081648e+01,2.066448e+01,2.071287e+01,2.079576e+01,2.072669e+01,2.078886e+01,2.071978e+01,2.066448e+01,2.075432e+01,2.075432e+01,2.073360e+01,2.067139e+01,2.082338e+01,2.077505e+01,2.079576e+01,2.074742e+01,2.078195e+01,2.086479e+01,2.080267e+01,2.074051e+01,2.074742e+01,2.078195e+01,2.082338e+01,2.077505e+01,2.078195e+01,2.084409e+01,2.073360e+01,2.040140e+01,2.033899e+01,2.016542e+01,2.007505e+01,2.008896e+01,1.994283e+01,1.999156e+01,2.001940e+01,2.012372e+01,2.021405e+01,2.017932e+01,1.990103e+01,1.969181e+01,1.988013e+01,1.986619e+01,1.990103e+01,1.988710e+01,1.979647e+01,1.988013e+01,1.987316e+01,1.978950e+01,1.982437e+01,1.978253e+01,1.976160e+01,1.969879e+01,1.972671e+01,1.972671e+01,1.977555e+01,1.981042e+01,1.979647e+01,1.976858e+01,1.987316e+01,1.985225e+01,1.978253e+01,1.978253e+01,1.972671e+01,1.973369e+01,1.983134e+01,1.982437e+01,1.983831e+01,1.983831e+01,1.979647e+01,1.983134e+01,1.982437e+01,2.024877e+01,2.172371e+01,2.347398e+01,2.432477e+01,2.421797e+01,2.409768e+01,2.386340e+01,2.360171e+01,2.333263e+01,2.298853e+01,2.273139e+01,2.251435e+01,2.254150e+01,2.201068e+01,2.179894e+01,2.183996e+01,2.167580e+01,2.142220e+01,2.142906e+01,2.138101e+01,2.144278e+01,2.144278e+01,2.135355e+01,2.133981e+01,2.142906e+01,2.140161e+01,2.133294e+01,2.132607e+01,2.131920e+01,2.129172e+01,2.140161e+01,2.132607e+01,2.129859e+01,2.135355e+01,2.135355e+01,2.132607e+01,2.129859e+01,2.126423e+01,2.128485e+01,2.133294e+01,2.130546e+01,2.121611e+01,2.129172e+01,2.134668e+01,2.133981e+01,2.126423e+01,2.123674e+01,2.125736e+01,2.122298e+01,2.124361e+01,2.120235e+01,2.125736e+01,2.120923e+01,2.126423e+01,2.112667e+01,2.104405e+01,2.105094e+01,2.110602e+01,2.106471e+01,2.105094e+01,2.117484e+01,2.118172e+01,2.101649e+01,2.098203e+01,2.103027e+01,2.102338e+01,2.106471e+01,2.100271e+01,2.100960e+01,2.107848e+01,2.098893e+01,2.096135e+01,2.097514e+01,2.103716e+01,2.101649e+01,2.105094e+01,2.107160e+01,2.103027e+01,2.102338e+01,2.107848e+01,2.100271e+01,2.104405e+01,2.103716e+01,2.105094e+01,2.114044e+01,2.108537e+01,2.104405e+01,2.112667e+01,2.113355e+01,2.108537e+01,2.110602e+01,2.109225e+01,2.107848e+01,2.113355e+01,2.111979e+01,2.110602e+01,2.115420e+01,2.115420e+01,2.114044e+01,2.107848e+01,2.104405e+01,2.105094e+01,2.103027e+01,2.118172e+01,2.109225e+01,2.117484e+01,2.117484e+01,2.114732e+01,2.117484e+01,2.112667e+01,2.109914e+01,2.111291e+01,2.106471e+01,2.111979e+01,2.113355e+01,2.115420e+01,2.115420e+01,2.116796e+01,2.114044e+01,2.116108e+01,2.118860e+01,2.105782e+01,2.109225e+01,2.099582e+01,2.116108e+01,2.108537e+01,2.104405e+01,2.109914e+01,2.111291e+01,2.118172e+01,2.108537e+01,2.114732e+01,2.114732e+01,2.116796e+01,2.114732e+01,2.116108e+01,2.114732e+01,2.109914e+01,2.120923e+01,2.118172e+01,2.110602e+01,2.126423e+01,2.114044e+01,2.107160e+01,2.099582e+01,2.115420e+01,2.117484e+01,2.117484e+01,2.119548e+01,2.117484e+01,2.117484e+01,2.122986e+01,2.118172e+01,2.111291e+01,2.114044e+01,2.127110e+01,2.117484e+01,2.118172e+01,2.111291e+01,2.117484e+01,2.126423e+01,2.111979e+01,2.106471e+01,2.116108e+01,2.113355e+01,2.114044e+01,2.109225e+01,2.114732e+01,2.106471e+01,2.110602e+01,2.119548e+01,2.110602e+01,2.116108e+01,2.109914e+01,2.114732e+01,2.112667e+01,2.103716e+01,2.111291e+01,2.104405e+01,2.103716e+01,2.109225e+01,2.106471e+01,2.114732e+01,2.124361e+01,2.109225e+01,2.116796e+01,2.109914e+01,2.112667e+01,2.116796e+01,2.116796e+01,2.112667e+01
2.116796e+01,2.107848e+01,2.111291e+01,2.114732e+01,2.111979e+01,2.120235e+01,2.111979e+01,2.115420e+01,2.109225e+01,2.108537e+01,2.126423e+01,2.111979e+01,2.113355e+01,2.121611e+01,2.109225e+01,2.118860e+01,2.111979e+01,2.109225e+01,2.118860e+01,2.113355e+01,2.111291e+01,2.108537e+01,2.116108e+01,2.109225e+01,2.110602e+01,2.116796e+01,2.111291e+01,2.114044e+01,2.117484e+01,2.116108e+01,2.114732e+01,2.118172e+01,2.110602e+01,2.118172e+01,2.108537e+01,2.118860e+01,2.118172e+01,2.122986e+01,2.119548e+01,2.119548e+01,2.122298e+01,2.128485e+01,2.120235e+01,2.127110e+01,2.125048e+01,2.120923e+01,2.119548e+01,2.120923e+01,2.120235e+01,2.114732e+01,2.116796e+01,2.113355e+01,2.111979e+01,2.117484e+01,2.118860e+01,2.128485e+01,2.107848e+01,2.116796e+01,2.130546e+01,2.122986e+01,2.119548e+01,2.131920e+01,2.125736e+01,2.126423e+01,2.110602e+01,2.127798e+01,2.122298e+01,2.116796e+01,2.129172e+01,2.127110e+01,2.125736e+01,2.122986e+01,2.111291e+01,2.118172e+01,2.130546e+01,2.118860e+01,2.123674e+01,2.117484e+01,2.115420e+01,2.114044e+01,2.116108e+01,2.114044e+01,2.122986e+01,2.119548e+01,2.119548e+01,2.096135e+01,2.128485e+01,2.130546e+01,2.126423e+01,2.116108e+01,2.114044e+01,2.116108e+01,2.117484e+01,2.114732e+01,2.125736e+01,2.118172e+01,2.116108e+01,2.117484e+01,2.121611e+01,2.117484e+01,2.115420e+01,2.120235e+01,2.108537e+01,2.114732e+01,2.103027e+01,2.116796e+01,2.121611e+01,2.109225e+01,2.120923e+01,2.120235e+01,2.127798e+01,2.123674e+01,2.130546e+01,2.120923e+01,2.104405e+01,2.121611e+01,2.116108e+01,2.123674e+01,2.115420e+01,2.121611e+01,2.124361e+01,2.121611e+01,2.122298e+01,2.102338e+01,2.129172e+01,2.119548e+01,2.129172e+01,2.119548e+01,2.122298e+01,2.125048e+01,2.130546e+01,2.125048e+01,2.126423e+01,2.129172e+01,2.125048e+01,2.128485e+01,2.125736e+01,2.120235e+01,2.118860e+01,2.123674e+01,2.122298e+01,2.127110e+01,2.122986e+01,2.116796e+01,2.121611e+01,2.117484e+01,2.131233e+01,2.126423e+01,2.120235e+01,2.112667e+01,2.114044e+01,2.109225e+01,2.095446e+01,2.105094e+01,2.098893e+01,2.085099e+01,2.084409e+01,2.062990e+01,2.033899e+01,2.052610e+01,2.036673e+01,2.035286e+01,2.022794e+01,2.005419e+01,2.013068e+01,2.001244e+01,2.023489e+01,1.995675e+01,1.994979e+01,1.997764e+01,1.998460e+01,1.978950e+01,1.999852e+01,1.994979e+01,1.998460e+01,1.997764e+01,1.994283e+01,1.988710e+01,1.979647e+01,1.995675e+01,1.990800e+01,1.988013e+01,1.988710e+01,1.997764e+01,1.985922e+01,1.987316e+01,1.985922e+01,1.991496e+01,1.987316e+01,1.982437e+01,1.985922e+01,1.986619e+01,1.999156e+01,1.997068e+01,1.976160e+01,1.978253e+01,1.978950e+01,1.979647e+01,1.980345e+01,1.978253e+01,1.978253e+01,1.981740e+01,1.963594e+01,1.976160e+01,1.963594e+01,1.974067e+01,1.964293e+01,1.967086e+01,1.975462e+01,1.974067e+01,1.967785e+01,1.970577e+01,1.967086e+01,1.967086e+01,1.971973e+01,1.970577e+01,1.960101e+01,1.968483e+01,1.974764e+01,1.984528e+01,1.965689e+01,1.977555e+01,1.972671e+01,1.970577e+01,1.964991e+01,1.974764e+01,1.971973e+01,1.971973e+01,1.969879e+01,1.973369e+01,1.971973e+01,1.969879e+01,1.960101e+01,1.964293e+01,1.956606e+01,1.974764e+01,1.967086e+01,1.984528e+01,1.990103e+01,1.990103e+01,1.990103e+01,1.989407e+01,1.989407e+01,1.985225e+01,1.983831e+01,1.985225e+01,1.994979e+01,1.995675e+01,2.003332e+01,1.997068e+01,1.996371e+01,2.005419e+01,1.999156e+01,2.004723e+01,2.010287e+01,2.018627e+01,2.059531e+01,2.097514e+01,2.066448e+01,2.051918e+01,2.041526e+01,2.047762e+01,2.039447e+01,2.056071e+01,2.062299e+01,2.083028e+01,2.094757e+01,2.092688e+01,2.098203e+01,2.094067e+01,2.089239e+01,2.096135e+01,2.086479e+01,2.083719e+01,2.094067e+01,2.097514e+01,2.103716e+01,2.105782e+01,2.113355e+01,2.109914e+01,2.116108e+01,2.109225e+01,2.111979e+01,2.106471e+01,2.090619e+01,2.090619e+01,2.077505e+01,2.042912e+01,2.038060e+01,2.037366e+01,2.033899e+01,2.028348e+01,2.034592e+01,2.024183e+01,2.024877e+01,2.029736e+01,2.021405e+01,2.009591e+01,2.016542e+01,2.016542e+01,2.014458e+01,2.011677e+01,2.011677e+01,2.010982e+01,2.022100e+01,2.017237e+01,2.013763e+01,2.023489e+01,2.021405e+01,2.021405e+01,2.033205e+01,2.039447e+01,2.027654e+01,2.055379e+01,2.064374e+01,2.080957e+01,2.086479e+01,2.091998e+01,2.095446e+01,2.090619e+01,2.080957e+01,2.071978e+01,2.077505e+01,2.074742e+01,2.076123e+01,2.075432e+01,2.062990e+01,2.061607e+01,2.070596e+01,2.058840e+01,2.065065e+01,2.064374e+01,2.062299e+01,2.061607e+01,2.065065e+01,2.077505e+01,2.087169e+01,2.080267e+01,2.090619e+01,2.084409e+01,2.080957e+01,2.083028e+01,2.082338e+01,2.083028e+01,2.079576e+01,2.083719e+01,2.080957e+01,2.077505e+01,2.075432e+01,2.079576e+01,2.074742e+01,2.080267e+01,2.083028e+01,2.088549e+01,2.078886e+01,2.088549e+01,2.081648e+01,2.075432e+01,2.078886e+01,2.080957e+01,2.078195e+01,2.082338e+01,2.072669e+01,2.069213e+01,2.069905e+01,2.076123e+01,2.078886e+01,2.077505e+01,2.072669e+01,2.076123e+01,2.070596e+01,2.070596e+01,2.067139e+01,2.067139e+01,2.069905e+01,2.064374e+01,2.067831e+01,2.067139e+01,2.073360e+01,2.069213e+01,2.072669e+01,2.067831e+01,2.081648e+01,2.077505e+01,2.071287e+01,2.076123e+01,2.078195e+01,2.075432e+01,2.060915e+01,2.079576e+01,2.074742e+01,2.081648e+01,2.083028e+01,2.083028e+01,2.080267e+01,2.078886e+01,2.076814e+01,2.071978e+01,2.079576e+01,2.074742e+01,2.079576e+01,2.080267e+01,2.081648e+01,2.078886e+01,2.074742e+01,2.075432e+01,2.036673e+01,2.031818e+01,2.009591e+01,2.008896e+01,2.012372e+01,2.033205e+01,2.035980e+01,2.047762e+01,2.061607e+01,2.043605e+01,2.020016e+01,1.991496e+01,1.994979e+01,2.006114e+01,1.989407e+01,1.985225e+01,1.994979e+01,1.981042e+01,1.983134e+01,1.984528e+01,1.985922e+01,1.987316e+01,1.985225e+01,1.972671e+01,1.978950e+01,1.978253e+01,1.976160e+01,1.976160e+01,1.983831e+01,1.983831e+01,1.975462e+01,2.001940e+01,1.984528e+01,1.985922e+01,1.981740e+01,1.974764e+01,1.985922e+01,1.984528e+01,1.986619e+01,1.982437e+01,1.983134e+01,1.977555e+01,1.983831e+01,2.014458e+01,2.162787e+01,2.355467e+01,2.459130e+01,2.439147e+01,2.439813e+01,2.418457e+01,2.382989e+01,2.380977e+01,2.333936e+01,2.293444e+01,2.275171e+01,2.260936e+01,2.233767e+01,2.198338e+01,2.190145e+01,2.180578e+01,2.164841e+01,2.173055e+01,2.144278e+01,2.131920e+01,2.132607e+01,2.141533e+01,2.132607e+01,2.142220e+01,2.133294e+01,2.143592e+01,2.132607e+01,2.128485e+01,2.133981e+01,2.128485e+01,2.134668e+01,2.131233e+01,2.135355e+01,2.132607e+01,2.129172e+01,2.121611e+01,2.134668e+01,2.128485e+01,2.129859e+01,2.132607e+01,2.128485e+01,2.122986e+01,2.129172e+01,2.121611e+01,2.134668e+01,2.133294e+01,2.124361e+01,2.122986e+01,2.124361e+01,2.122986e+01,2.129859e+01,2.113355e+01,2.130546e+01,2.120235e+01,2.122298e+01,2.120923e+01,2.105094e+01,2.105094e+01,2.110602e+01,2.105094e+01,2.104405e+01,2.104405e+01,2.102338e+01,2.106471e+01,2.107160e+01,2.106471e+01,2.100960e+01,2.098203e+01,2.106471e+01,2.094757e+01,2.097514e+01,2.100960e+01,2.093377e+01,2.097514e+01,2.101649e+01,2.103716e+01,2.103027e+01,2.089929e+01,2.105782e+01,2.095446e+01,2.101649e+01,2.103027e+01,2.100271e+01,2.111291e+01,2.111979e+01,2.109914e+01,2.113355e+01,2.112667e+01,2.111979e+01,2.102338e+01,2.110602e+01,2.110602e+01,2.111979e+01,2.113355e+01,2.111979e+01,2.096135e+01,2.096135e+01,2.109914e+01,2.107160e+01,2.114732e+01,2.100960e+01,2.096825e+01,2.114732e+01,2.107160e+01,2.106471e+01,2.113355e+01,2.111291e+01,2.105782e+01,2.107160e+01,2.111291e+01,2.112667e+01,2.111979e+01,2.111979e+01,2.111291e+01,2.114044e+01,2.101649e+01,2.113355e+01,2.114732e+01,2.110602e+01,2.108537e+01,2.104405e+01,2.118860e+01,2.105782e+01,2.106471e+01,2.113355e+01,2.117484e+01,2.112667e+01,2.111979e+01,2.113355e+01,2.111979e+01,2.112667e+01,2.114044e+01,2.115420e+01,2.116796e+01,2.116108e+01,2.119548e+01,2.111291e+01,2.120923e+01,2.120923e+01,2.111291e+01,2.120923e+01,2.115420e+01,2.119548e+01,2.116796e+01,2.114732e+01,2.109914e+01,2.109225e+01,2.114044e+01,2.114044e+01,2.122298e+01,2.122986e+01,2.126423e+01,2.129172e+01,2.121611e+01,2.125736e+01,2.121611e+01,2.124361e+01,2.115420e+01,2.116108e+01,2.115420e+01,2.122986e+01,2.113355e+01,2.111291e+01,2.110602e+01,2.105782e+01,2.101649e+01,2.107848e+01,2.113355e+01,2.109225e+01,2.117484e+01,2.114044e+01,2.107848e+01,2.109914e+01,2.113355e+01,2.116108e+01,2.108537e+01,2.103027e+01,2.100271e+01,2.100960e+01,2.105782e+01,2.107160e+01,2.105782e+01,2.105094e+01,2.114732e+01,2.113355e+01,2.114044e+01,2.113355e+01,2.110602e+01,2.109914e+01,2.108537e+01
2.109225e+01,2.118172e+01,2.114044e+01,2.114732e+01,2.116108e+01,2.111291e+01,2.116108e+01,2.116796e+01,2.105094e+01,2.127798e+01,2.112667e+01,2.115420e+01,2.111979e+01,2.118172e+01,2.121611e+01,2.110602e+01,2.107160e+01,2.111291e+01,2.122298e+01,2.109914e+01,2.113355e+01,2.115420e+01,2.113355e+01,2.120235e+01,2.118172e+01,2.120235e+01,2.122298e+01,2.110602e+01,2.118172e+01,2.120923e+01,2.108537e+01,2.122298e+01,2.118860e+01,2.121611e+01,2.123674e+01,2.119548e+01,2.119548e+01,2.121611e+01,2.120923e+01,2.123674e+01,2.120923e+01,2.122298e+01,2.120235e+01,2.131233e+01,2.129172e+01,2.113355e+01,2.127110e+01,2.127798e+01,2.123674e+01,2.113355e+01,2.115420e+01,2.118860e+01,2.129172e+01,2.121611e+01,2.133294e+01,2.116108e+01,2.119548e+01,2.129172e+01,2.129172e+01,2.126423e+01,2.125736e+01,2.125048e+01,2.126423e+01,2.124361e+01,2.128485e+01,2.125048e+01,2.128485e+01,2.129172e+01,2.127798e+01,2.122298e+01,2.124361e+01,2.129859e+01,2.133294e+01,2.128485e+01,2.125736e+01,2.123674e+01,2.136728e+01,2.118172e+01,2.118860e+01,2.114044e+01,2.115420e+01,2.115420e+01,2.114732e+01,2.112667e+01,2.115420e+01,2.111979e+01,2.109225e+01,2.125736e+01,2.122298e+01,2.134668e+01,2.115420e+01,2.120235e+01,2.115420e+01,2.118172e+01,2.118172e+01,2.107160e+01,2.120923e+01,2.123674e+01,2.117484e+01,2.117484e+01,2.122298e+01,2.120235e+01,2.114732e+01,2.116796e+01,2.122986e+01,2.128485e+01,2.118860e+01,2.122298e+01,2.117484e+01,2.117484e+01,2.125048e+01,2.125048e+01,2.120923e+01,2.121611e+01,2.124361e+01,2.115420e+01,2.118172e+01,2.121611e+01,2.125048e+01,2.131233e+01,2.129172e+01,2.127110e+01,2.123674e+01,2.123674e+01,2.123674e+01,2.134668e+01,2.120923e+01,2.119548e+01,2.123674e+01,2.124361e+01,2.118860e+01,2.141533e+01,2.121611e+01,2.123674e+01,2.122986e+01,2.127798e+01,2.122986e+01,2.131920e+01,2.118860e+01,2.121611e+01,2.118172e+01,2.121611e+01,2.125736e+01,2.130546e+01,2.118860e+01,2.122298e+01,2.120235e+01,2.118860e+01,2.118172e+01,2.118860e+01,2.122986e+01,2.119548e+01,2.104405e+01,2.110602e+01,2.109914e+01,2.102338e+01,2.099582e+01,2.087169e+01,2.078886e+01,2.080957e+01,2.060915e+01,2.057456e+01,2.053995e+01,2.026960e+01,2.043605e+01,2.023489e+01,2.025571e+01,2.025571e+01,2.008896e+01,2.012372e+01,2.006810e+01,1.994979e+01,2.001244e+01,1.999156e+01,1.999156e+01,1.990103e+01,1.999156e+01,1.998460e+01,1.996371e+01,1.985225e+01,1.992890e+01,1.992193e+01,1.987316e+01,1.986619e+01,2.000548e+01,2.004723e+01,1.979647e+01,1.989407e+01,1.990103e+01,1.989407e+01,1.978950e+01,1.989407e+01,1.989407e+01,1.988013e+01,1.985922e+01,1.984528e+01,1.978253e+01,1.978950e+01,1.977555e+01,1.980345e+01,1.983134e+01,1.982437e+01,1.975462e+01,1.971275e+01,1.976858e+01,1.980345e+01,1.978253e+01,1.975462e+01,1.978950e+01,1.985225e+01,1.974067e+01,1.978950e+01,1.974067e+01,1.969879e+01,1.965689e+01,1.974067e+01,1.971275e+01,1.957305e+01,1.971275e+01,1.972671e+01,1.973369e+01,1.971973e+01,1.973369e+01,1.974764e+01,1.979647e+01,1.975462e+01,1.973369e+01,1.972671e+01,1.971973e+01,1.964293e+01,1.971275e+01,1.968483e+01,1.969879e+01,1.962197e+01,1.961498e+01,1.976160e+01,1.972671e+01,1.971275e+01,1.980345e+01,1.990800e+01,1.986619e+01,1.991496e+01,1.994979e+01,1.992193e+01,1.995675e+01,1.988013e+01,1.997764e+01,1.999852e+01,1.997068e+01,1.994979e+01,1.995675e+01,2.004027e+01,1.994283e+01,2.009591e+01,2.011677e+01,2.042912e+01,2.107160e+01,2.164157e+01,2.142220e+01,2.075432e+01,2.058148e+01,2.044298e+01,2.033899e+01,2.052610e+01,2.052610e+01,2.067831e+01,2.075432e+01,2.099582e+01,2.097514e+01,2.097514e+01,2.109914e+01,2.103027e+01,2.087859e+01,2.099582e+01,2.091998e+01,2.111979e+01,2.103027e+01,2.111291e+01,2.109225e+01,2.111979e+01,2.117484e+01,2.109225e+01,2.118860e+01,2.107848e+01,2.106471e+01,2.104405e+01,2.094067e+01,2.060915e+01,2.041526e+01,2.036673e+01,2.033899e+01,2.033205e+01,2.038060e+01,2.031818e+01,2.035980e+01,2.040140e+01,2.019321e+01,2.024877e+01,2.022794e+01,2.020016e+01,2.014458e+01,2.021405e+01,2.020711e+01,2.027654e+01,2.017932e+01,2.015153e+01,2.017932e+01,2.020711e+01,2.018627e+01,2.033899e+01,2.033899e+01,2.024183e+01,2.029042e+01,2.040833e+01,2.066448e+01,2.074051e+01,2.087169e+01,2.089929e+01,2.089239e+01,2.094757e+01,2.077505e+01,2.086479e+01,2.079576e+01,2.078886e+01,2.077505e+01,2.073360e+01,2.070596e+01,2.078886e+01,2.069213e+01,2.069905e+01,2.067831e+01,2.074742e+01,2.066448e+01,2.071287e+01,2.074742e+01,2.081648e+01,2.082338e+01,2.084409e+01,2.082338e+01,2.080957e+01,2.080957e+01,2.084409e+01,2.085789e+01,2.083028e+01,2.078195e+01,2.083028e+01,2.082338e+01,2.081648e+01,2.071287e+01,2.079576e+01,2.075432e+01,2.085099e+01,2.093377e+01,2.079576e+01,2.092688e+01,2.091998e+01,2.083719e+01,2.085099e+01,2.082338e+01,2.083719e+01,2.074051e+01,2.080267e+01,2.087169e+01,2.070596e+01,2.089929e+01,2.086479e+01,2.064374e+01,2.070596e+01,2.080267e+01,2.071287e+01,2.076814e+01,2.067139e+01,2.065065e+01,2.065065e+01,2.065757e+01,2.067139e+01,2.066448e+01,2.090619e+01,2.064374e+01,2.071978e+01,2.078195e+01,2.071978e+01,2.074051e+01,2.069213e+01,2.077505e+01,2.065065e+01,2.065757e+01,2.066448e+01,2.073360e+01,2.087169e+01,2.082338e+01,2.087169e+01,2.083719e+01,2.080267e+01,2.076123e+01,2.079576e+01,2.075432e+01,2.082338e+01,2.089929e+01,2.075432e+01,2.103716e+01,2.082338e+01,2.101649e+01,2.084409e+01,2.080957e+01,2.071978e+01,2.071978e+01,2.058840e+01,2.037366e+01,2.037366e+01,2.042219e+01,2.054687e+01,2.067831e+01,2.088549e+01,2.087169e+01,2.082338e+01,2.053995e+01,2.019321e+01,1.992193e+01,1.990800e+01,2.004723e+01,1.992890e+01,1.983831e+01,1.981740e+01,1.984528e+01,1.980345e+01,1.988710e+01,1.976160e+01,1.982437e+01,1.977555e+01,1.971973e+01,1.979647e+01,1.976160e+01,1.983831e+01,1.987316e+01,1.978950e+01,1.981042e+01,1.983831e+01,1.977555e+01,1.977555e+01,1.978950e+01,1.976858e+01,1.980345e+01,1.981042e+01,1.983831e+01,1.987316e+01,1.978950e+01,1.983831e+01,1.982437e+01,2.009591e+01,2.136728e+01,2.349416e+01,2.469772e+01,2.479075e+01,2.469772e+01,2.440480e+01,2.426471e+01,2.387680e+01,2.364201e+01,2.333936e+01,2.300880e+01,2.286680e+01,2.257544e+01,2.252114e+01,2.217430e+01,2.189462e+01,2.177843e+01,2.178527e+01,2.170318e+01,2.140847e+01,2.141533e+01,2.147708e+01,2.130546e+01,2.138788e+01,2.130546e+01,2.133294e+01,2.139474e+01,2.126423e+01,2.137415e+01,2.138101e+01,2.123674e+01,2.133981e+01,2.128485e+01,2.136728e+01,2.141533e+01,2.131233e+01,2.135355e+01,2.129172e+01,2.129172e+01,2.120235e+01,2.123674e+01,2.120923e+01,2.129859e+01,2.131233e+01,2.127110e+01,2.133981e+01,2.127110e+01,2.120235e+01,2.130546e+01,2.120235e+01,2.131233e+01,2.125736e+01,2.127110e+01,2.129172e+01,2.118860e+01,2.109914e+01,2.110602e+01,2.126423e+01,2.108537e+01,2.107160e+01,2.103027e+01,2.102338e+01,2.105782e+01,2.106471e+01,2.106471e+01,2.105782e+01,2.107160e+01,2.107160e+01,2.102338e+01,2.105094e+01,2.105094e+01,2.109225e+01,2.103027e+01,2.103027e+01,2.109914e+01,2.099582e+01,2.102338e+01,2.100960e+01,2.104405e+01,2.102338e+01,2.110602e+01,2.105782e+01,2.131233e+01,2.122986e+01,2.100960e+01,2.109914e+01,2.105782e+01,2.099582e+01,2.105782e+01,2.103716e+01,2.107848e+01,2.109914e+01,2.111979e+01,2.114732e+01,2.113355e+01,2.113355e+01,2.110602e+01,2.109225e+01,2.112667e+01,2.116108e+01,2.108537e+01,2.111979e+01,2.113355e+01,2.107160e+01,2.109225e+01,2.111291e+01,2.107160e+01,2.116108e+01,2.111979e+01,2.114044e+01,2.109914e+01,2.107848e+01,2.111291e+01,2.107160e+01,2.112667e+01,2.113355e+01,2.114044e+01,2.105094e+01,2.118172e+01,2.121611e+01,2.120923e+01,2.126423e+01,2.106471e+01,2.116108e+01,2.103716e+01,2.111291e+01,2.114732e+01,2.111979e+01,2.115420e+01,2.114044e+01,2.109914e+01,2.116108e+01,2.113355e+01,2.118172e+01,2.109914e+01,2.118860e+01,2.114732e+01,2.119548e+01,2.115420e+01,2.121611e+01,2.122986e+01,2.122986e+01,2.118172e+01,2.105094e+01,2.115420e+01,2.114732e+01,2.130546e+01,2.120235e+01,2.122298e+01,2.117484e+01,2.119548e+01,2.135355e+01,2.124361e+01,2.141533e+01,2.120923e+01,2.125736e+01,2.118860e+01,2.118860e+01,2.127798e+01,2.114044e+01,2.111979e+01,2.111979e+01,2.107848e+01,2.107160e+01,2.112667e+01,2.123674e+01,2.121611e+01,2.109914e+01,2.110602e+01,2.108537e+01,2.112667e+01,2.131920e+01,2.113355e+01,2.111979e+01,2.122298e+01,2.142220e+01,2.113355e+01,2.127798e+01,2.106471e+01,2.122986e+01,2.108537e+01,2.109225e+01,2.114732e+01,2.118172e+01,2.107160e+01,2.109225e+01,2.112667e+01,2.109914e+01,2.109225e+01,2.113355e+01
2.122298e+01,2.129859e+01,2.114732e+01,2.114732e+01,2.111979e+01,2.114044e+01,2.120923e+01,2.120923e+01,2.112667e+01,2.115420e+01,2.114732e+01,2.121611e+01,2.116796e+01,2.123674e+01,2.120235e+01,2.120923e+01,2.107848e+01,2.112667e+01,2.110602e+01,2.122298e+01,2.116108e+01,2.116796e+01,2.109225e+01,2.110602e+01,2.111979e+01,2.125048e+01,2.115420e+01,2.116108e+01,2.118860e+01,2.127110e+01,2.122298e+01,2.110602e+01,2.118172e+01,2.118172e+01,2.116796e+01,2.121611e+01,2.122986e+01,2.123674e+01,2.120923e+01,2.119548e+01,2.120235e+01,2.124361e+01,2.120235e+01,2.125736e+01,2.122986e+01,2.120235e+01,2.123674e+01,2.118172e+01,2.114732e+01,2.117484e+01,2.115420e+01,2.118172e+01,2.115420e+01,2.116108e+01,2.120235e+01,2.133294e+01,2.119548e+01,2.131233e+01,2.124361e+01,2.122986e+01,2.121611e+01,2.124361e+01,2.127798e+01,2.129859e+01,2.116108e+01,2.123674e+01,2.127110e+01,2.121611e+01,2.116108e+01,2.116796e+01,2.121611e+01,2.120235e+01,2.116108e+01,2.125048e+01,2.124361e+01,2.113355e+01,2.124361e+01,2.114732e+01,2.125736e+01,2.119548e+01,2.116108e+01,2.116108e+01,2.115420e+01,2.111979e+01,2.111979e+01,2.109914e+01,2.110602e+01,2.111979e+01,2.116796e+01,2.122298e+01,2.113355e+01,2.116108e+01,2.118172e+01,2.106471e+01,2.120235e+01,2.105782e+01,2.109225e+01,2.114044e+01,2.117484e+01,2.122298e+01,2.115420e+01,2.115420e+01,2.118172e+01,2.109225e+01,2.114732e+01,2.109225e+01,2.107848e+01,2.120235e+01,2.125048e+01,2.119548e+01,2.118172e+01,2.127798e+01,2.123674e+01,2.122986e+01,2.126423e+01,2.126423e+01,2.114044e+01,2.117484e+01,2.118860e+01,2.121611e+01,2.125048e+01,2.125736e+01,2.124361e+01,2.125048e+01,2.125048e+01,2.125048e+01,2.134668e+01,2.123674e+01,2.122986e+01,2.123674e+01,2.123674e+01,2.122986e+01,2.122986e+01,2.125048e+01,2.120923e+01,2.125048e+01,2.118172e+01,2.123674e+01,2.121611e+01,2.118860e+01,2.120923e+01,2.121611e+01,2.116108e+01,2.114732e+01,2.121611e+01,2.114044e+01,2.115420e+01,2.118172e+01,2.118172e+01,2.120923e+01,2.118172e+01,2.117484e+01,2.114044e+01,2.114732e+01,2.096135e+01,2.100271e+01,2.100960e+01,2.094067e+01,2.105782e+01,2.087859e+01,2.078886e+01,2.086479e+01,2.077505e+01,2.053303e+01,2.049840e+01,2.042912e+01,2.042912e+01,2.039447e+01,2.026266e+01,2.027654e+01,2.015848e+01,2.014458e+01,2.004027e+01,2.001244e+01,2.003332e+01,2.017237e+01,1.996371e+01,1.996371e+01,1.993586e+01,1.988710e+01,1.987316e+01,1.994979e+01,1.990800e+01,1.992890e+01,1.990800e+01,1.988013e+01,1.990800e+01,1.992193e+01,1.978950e+01,1.983134e+01,1.962896e+01,1.995675e+01,1.984528e+01,1.981042e+01,1.983134e+01,1.982437e+01,1.976160e+01,1.976858e+01,1.983134e+01,1.982437e+01,1.978950e+01,1.976858e+01,1.967785e+01,1.967086e+01,1.978253e+01,1.974067e+01,1.976160e+01,1.975462e+01,1.971275e+01,1.976160e+01,1.974067e+01,1.988710e+01,1.979647e+01,1.976858e+01,1.981042e+01,1.979647e+01,1.971275e+01,1.974764e+01,1.976858e+01,1.975462e+01,1.971275e+01,1.981042e+01,1.971275e+01,1.978950e+01,1.962197e+01,1.961498e+01,1.970577e+01,1.970577e+01,1.959402e+01,1.967785e+01,1.964991e+01,1.967785e+01,1.958004e+01,1.962896e+01,1.961498e+01,1.957305e+01,1.958703e+01,1.968483e+01,1.984528e+01,1.975462e+01,1.985225e+01,1.974067e+01,1.992890e+01,1.993586e+01,1.987316e+01,1.997068e+01,1.996371e+01,1.998460e+01,1.995675e+01,1.993586e+01,2.001940e+01,1.998460e+01,1.999156e+01,2.006810e+01,2.023489e+01,2.097514e+01,2.159362e+01,2.195608e+01,2.157991e+01,2.105782e+01,2.098893e+01,2.051918e+01,2.034592e+01,2.034592e+01,2.049840e+01,2.043605e+01,2.056071e+01,2.071287e+01,2.100271e+01,2.090619e+01,2.097514e+01,2.084409e+01,2.085789e+01,2.096135e+01,2.097514e+01,2.104405e+01,2.100271e+01,2.107160e+01,2.111979e+01,2.133981e+01,2.134668e+01,2.113355e+01,2.111979e+01,2.111979e+01,2.114732e+01,2.094757e+01,2.093377e+01,2.062990e+01,2.061607e+01,2.040140e+01,2.033899e+01,2.035980e+01,2.027654e+01,2.024183e+01,2.022794e+01,2.024183e+01,2.026266e+01,2.012372e+01,2.013763e+01,2.013763e+01,2.008896e+01,2.009591e+01,2.012372e+01,2.010982e+01,2.025571e+01,2.020016e+01,2.020016e+01,2.013068e+01,2.015848e+01,2.023489e+01,2.031124e+01,2.035980e+01,2.037366e+01,2.044298e+01,2.050533e+01,2.053995e+01,2.082338e+01,2.078886e+01,2.081648e+01,2.086479e+01,2.075432e+01,2.099582e+01,2.074742e+01,2.069905e+01,2.071287e+01,2.066448e+01,2.069213e+01,2.069213e+01,2.068522e+01,2.068522e+01,2.059531e+01,2.073360e+01,2.074051e+01,2.067139e+01,2.076123e+01,2.083028e+01,2.079576e+01,2.071978e+01,2.080267e+01,2.080267e+01,2.080267e+01,2.078886e+01,2.083719e+01,2.080267e+01,2.081648e+01,2.082338e+01,2.083719e+01,2.091998e+01,2.074051e+01,2.083719e+01,2.083028e+01,2.089929e+01,2.082338e+01,2.080267e+01,2.074742e+01,2.078195e+01,2.078195e+01,2.091308e+01,2.083028e+01,2.084409e+01,2.083028e+01,2.079576e+01,2.071287e+01,2.083028e+01,2.080957e+01,2.066448e+01,2.065065e+01,2.067139e+01,2.070596e+01,2.064374e+01,2.073360e+01,2.066448e+01,2.067831e+01,2.064374e+01,2.066448e+01,2.065065e+01,2.066448e+01,2.065757e+01,2.061607e+01,2.065757e+01,2.065065e+01,2.073360e+01,2.066448e+01,2.066448e+01,2.077505e+01,2.070596e+01,2.058148e+01,2.075432e+01,2.075432e+01,2.084409e+01,2.083028e+01,2.083719e+01,2.073360e+01,2.079576e+01,2.077505e+01,2.078886e+01,2.075432e+01,2.074742e+01,2.075432e+01,2.076814e+01,2.067831e+01,2.075432e+01,2.074051e+01,2.076123e+01,2.076814e+01,2.086479e+01,2.069213e+01,2.059531e+01,2.062990e+01,2.059531e+01,2.058148e+01,2.091308e+01,2.087859e+01,2.076123e+01,2.081648e+01,2.082338e+01,2.078886e+01,2.035980e+01,2.032512e+01,1.993586e+01,1.997068e+01,1.972671e+01,1.992890e+01,1.983831e+01,1.990103e+01,1.987316e+01,1.982437e+01,1.976858e+01,1.993586e+01,1.978253e+01,1.971973e+01,1.983831e+01,1.985225e+01,1.983831e+01,1.978253e+01,1.986619e+01,1.985225e+01,1.981042e+01,1.981042e+01,1.981042e+01,1.982437e+01,1.977555e+01,1.990103e+01,1.991496e+01,1.992193e+01,1.978253e+01,1.976858e+01,1.977555e+01,1.985225e+01,1.997764e+01,2.139474e+01,2.351434e+01,2.471102e+01,2.494341e+01,2.503622e+01,2.472431e+01,2.450475e+01,2.427138e+01,2.387680e+01,2.367559e+01,2.333263e+01,2.295473e+01,2.283974e+01,2.260258e+01,2.226963e+01,2.192194e+01,2.187413e+01,2.184679e+01,2.173739e+01,2.156621e+01,2.136041e+01,2.133981e+01,2.133981e+01,2.132607e+01,2.131920e+01,2.131920e+01,2.136041e+01,2.131920e+01,2.125048e+01,2.133294e+01,2.133981e+01,2.131920e+01,2.126423e+01,2.136041e+01,2.125736e+01,2.138788e+01,2.125736e+01,2.127110e+01,2.124361e+01,2.125736e+01,2.125048e+01,2.120923e+01,2.136041e+01,2.114732e+01,2.134668e+01,2.122298e+01,2.122298e+01,2.133294e+01,2.120235e+01,2.122298e+01,2.117484e+01,2.118172e+01,2.119548e+01,2.127798e+01,2.115420e+01,2.096135e+01,2.106471e+01,2.103716e+01,2.104405e+01,2.105094e+01,2.100271e+01,2.103716e+01,2.105094e+01,2.105782e+01,2.103027e+01,2.103027e+01,2.107160e+01,2.095446e+01,2.100960e+01,2.091308e+01,2.095446e+01,2.091308e+01,2.099582e+01,2.097514e+01,2.105094e+01,2.096825e+01,2.098893e+01,2.101649e+01,2.096135e+01,2.100271e+01,2.090619e+01,2.105094e+01,2.096825e+01,2.107848e+01,2.100271e+01,2.103027e+01,2.111291e+01,2.092688e+01,2.100271e+01,2.109914e+01,2.111979e+01,2.107160e+01,2.114044e+01,2.105782e+01,2.107160e+01,2.113355e+01,2.114044e+01,2.112667e+01,2.113355e+01,2.107160e+01,2.108537e+01,2.111291e+01,2.099582e+01,2.100271e+01,2.114044e+01,2.101649e+01,2.109225e+01,2.123674e+01,2.109225e+01,2.115420e+01,2.113355e+01,2.109225e+01,2.114732e+01,2.110602e+01,2.110602e+01,2.117484e+01,2.118172e+01,2.107848e+01,2.110602e+01,2.121611e+01,2.105094e+01,2.107848e+01,2.105782e+01,2.120235e+01,2.108537e+01,2.107160e+01,2.111291e+01,2.129172e+01,2.105782e+01,2.110602e+01,2.112667e+01,2.117484e+01,2.115420e+01,2.116108e+01,2.121611e+01,2.122986e+01,2.114732e+01,2.117484e+01,2.113355e+01,2.122298e+01,2.116796e+01,2.104405e+01,2.107848e+01,2.114044e+01,2.114044e+01,2.114044e+01,2.112667e+01,2.108537e+01,2.118172e+01,2.111979e+01,2.125736e+01,2.114732e+01,2.116796e+01,2.126423e+01,2.118172e+01,2.121611e+01,2.122986e+01,2.122298e+01,2.109914e+01,2.118172e+01,2.118172e+01,2.128485e+01,2.113355e+01,2.110602e+01,2.114732e+01,2.122986e+01,2.116108e+01,2.108537e+01,2.111291e+01,2.117484e+01,2.109914e+01,2.110602e+01,2.116796e+01,2.109914e+01,2.109914e+01,2.107848e+01,2.104405e+01,2.112667e+01,2.105094e+01,2.116796e+01,2.115420e+01,2.111291e+01,2.110602e+01,2.116108e+01,2.115420e+01,2.115420e+01,2.120235e+01,2.105782e+01,2.109914e+01,2.113355e+01
2.128485e+01,2.118860e+01,2.114732e+01,2.126423e+01,2.116108e+01,2.113355e+01,2.109225e+01,2.110602e+01,2.127110e+01,2.110602e+01,2.111979e+01,2.122986e+01,2.120923e+01,2.120235e+01,2.114732e+01,2.124361e+01,2.125048e+01,2.113355e+01,2.117484e+01,2.121611e+01,2.119548e+01,2.114044e+01,2.118860e+01,2.109225e+01,2.118172e+01,2.117484e+01,2.123674e+01,2.111291e+01,2.098203e+01,2.121611e+01,2.113355e+01,2.120923e+01,2.116108e+01,2.116108e+01,2.120235e+01,2.109225e+01,2.107848e+01,2.122298e+01,2.111291e+01,2.114732e+01,2.100271e+01,2.123674e+01,2.121611e+01,2.119548e+01,2.125736e+01,2.125736e+01,2.115420e+01,2.126423e+01,2.114732e+01,2.120923e+01,2.122298e+01,2.120235e+01,2.112667e+01,2.116796e+01,2.119548e+01,2.118860e+01,2.122298e+01,2.131920e+01,2.132607e+01,2.131233e+01,2.122298e+01,2.125048e+01,2.124361e+01,2.133981e+01,2.122298e+01,2.122298e+01,2.129859e+01,2.127110e+01,2.115420e+01,2.120235e+01,2.124361e+01,2.125048e+01,2.124361e+01,2.120923e+01,2.125736e+01,2.120235e+01,2.116796e+01,2.110602e+01,2.124361e+01,2.116796e+01,2.115420e+01,2.111291e+01,2.116108e+01,2.114732e+01,2.117484e+01,2.111291e+01,2.113355e+01,2.111291e+01,2.116796e+01,2.120235e+01,2.112667e+01,2.111291e+01,2.103716e+01,2.115420e+01,2.115420e+01,2.116108e+01,2.118172e+01,2.103716e+01,2.110602e+01,2.118172e+01,2.103716e+01,2.110602e+01,2.105782e+01,2.126423e+01,2.115420e+01,2.119548e+01,2.117484e+01,2.118172e+01,2.127798e+01,2.120923e+01,2.127110e+01,2.125736e+01,2.127798e+01,2.117484e+01,2.125736e+01,2.115420e+01,2.125736e+01,2.113355e+01,2.114044e+01,2.111979e+01,2.122986e+01,2.136041e+01,2.131920e+01,2.125048e+01,2.124361e+01,2.122298e+01,2.120235e+01,2.126423e+01,2.123674e+01,2.121611e+01,2.124361e+01,2.125736e+01,2.125048e+01,2.122298e+01,2.122298e+01,2.122298e+01,2.119548e+01,2.122298e+01,2.118860e+01,2.118172e+01,2.125736e+01,2.122298e+01,2.122298e+01,2.114732e+01,2.119548e+01,2.116108e+01,2.112667e+01,2.116796e+01,2.118860e+01,2.123674e+01,2.114732e+01,2.117484e+01,2.118172e+01,2.111979e+01,2.110602e+01,2.113355e+01,2.116108e+01,2.100271e+01,2.098893e+01,2.102338e+01,2.108537e+01,2.105094e+01,2.094067e+01,2.085099e+01,2.097514e+01,2.079576e+01,2.076123e+01,2.071287e+01,2.063682e+01,2.062990e+01,2.046377e+01,2.027654e+01,2.033899e+01,2.009591e+01,2.016542e+01,2.001940e+01,1.999156e+01,2.001244e+01,1.999852e+01,1.992890e+01,2.000548e+01,1.988710e+01,1.999156e+01,1.992193e+01,1.988013e+01,1.992193e+01,2.001244e+01,1.992890e+01,1.995675e+01,1.989407e+01,1.975462e+01,1.993586e+01,1.976858e+01,1.989407e+01,1.986619e+01,1.989407e+01,1.981042e+01,1.988013e+01,1.977555e+01,1.979647e+01,1.984528e+01,1.982437e+01,1.972671e+01,1.985225e+01,1.974764e+01,1.979647e+01,1.975462e+01,1.974067e+01,1.976160e+01,1.978950e+01,1.974067e+01,1.979647e+01,1.971973e+01,1.978253e+01,1.978950e+01,1.973369e+01,1.971275e+01,1.976160e+01,1.974067e+01,1.975462e+01,1.969879e+01,1.981042e+01,1.981740e+01,1.972671e+01,1.971275e+01,1.962896e+01,1.962197e+01,1.962896e+01,1.967785e+01,1.971973e+01,1.965689e+01,1.969181e+01,1.962197e+01,1.960800e+01,1.973369e+01,1.963594e+01,1.962896e+01,1.962197e+01,1.972671e+01,1.970577e+01,1.993586e+01,1.985225e+01,1.991496e+01,1.990800e+01,1.992193e+01,1.996371e+01,1.991496e+01,1.995675e+01,1.999852e+01,2.004027e+01,2.000548e+01,2.002636e+01,2.007505e+01,2.031818e+01,2.071978e+01,2.159362e+01,2.207207e+01,2.196973e+01,2.159362e+01,2.135355e+01,2.114732e+01,2.098893e+01,2.049148e+01,2.033205e+01,2.035286e+01,2.036673e+01,2.055379e+01,2.054687e+01,2.072669e+01,2.088549e+01,2.104405e+01,2.097514e+01,2.085789e+01,2.093377e+01,2.096135e+01,2.100271e+01,2.094067e+01,2.111291e+01,2.111979e+01,2.113355e+01,2.115420e+01,2.117484e+01,2.112667e+01,2.111291e+01,2.104405e+01,2.105094e+01,2.094067e+01,2.074742e+01,2.065757e+01,2.063682e+01,2.041526e+01,2.026266e+01,2.034592e+01,2.022100e+01,2.022794e+01,2.017237e+01,2.029736e+01,2.024877e+01,2.006810e+01,2.007505e+01,2.008896e+01,2.008201e+01,2.009591e+01,2.010287e+01,2.016542e+01,2.012372e+01,2.030430e+01,2.022794e+01,2.016542e+01,2.022100e+01,2.026960e+01,2.035980e+01,2.040140e+01,2.031818e+01,2.040140e+01,2.068522e+01,2.074051e+01,2.083028e+01,2.088549e+01,2.077505e+01,2.077505e+01,2.077505e+01,2.071978e+01,2.069905e+01,2.064374e+01,2.078886e+01,2.069905e+01,2.065065e+01,2.056071e+01,2.066448e+01,2.061607e+01,2.068522e+01,2.072669e+01,2.071287e+01,2.083028e+01,2.089239e+01,2.085099e+01,2.080267e+01,2.083719e+01,2.083028e+01,2.091998e+01,2.080957e+01,2.084409e+01,2.083028e+01,2.083719e+01,2.088549e+01,2.085099e+01,2.085099e+01,2.075432e+01,2.071978e+01,2.073360e+01,2.081648e+01,2.090619e+01,2.091998e+01,2.085099e+01,2.078195e+01,2.078195e+01,2.077505e+01,2.078195e+01,2.068522e+01,2.075432e+01,2.069905e+01,2.086479e+01,2.083028e+01,2.083028e+01,2.077505e+01,2.066448e+01,2.080957e+01,2.068522e+01,2.075432e+01,2.065757e+01,2.067139e+01,2.067831e+01,2.067139e+01,2.064374e+01,2.070596e+01,2.062299e+01,2.066448e+01,2.065065e+01,2.063682e+01,2.065065e+01,2.064374e+01,2.071978e+01,2.078195e+01,2.071978e+01,2.063682e+01,2.059531e+01,2.075432e+01,2.073360e+01,2.072669e+01,2.079576e+01,2.084409e+01,2.080267e+01,2.072669e+01,2.077505e+01,2.079576e+01,2.075432e+01,2.070596e+01,2.069905e+01,2.068522e+01,2.075432e+01,2.082338e+01,2.071287e+01,2.078886e+01,2.081648e+01,2.079576e+01,2.078886e+01,2.075432e+01,2.078886e+01,2.088549e+01,2.083028e+01,2.078195e+01,2.087859e+01,2.068522e+01,2.070596e+01,2.086479e+01,2.085099e+01,2.068522e+01,2.028348e+01,2.000548e+01,1.992193e+01,1.992193e+01,1.988710e+01,1.978950e+01,1.984528e+01,1.985225e+01,1.981740e+01,1.979647e+01,1.978950e+01,1.982437e+01,1.985225e+01,1.970577e+01,1.976160e+01,1.972671e+01,1.979647e+01,1.978253e+01,1.981042e+01,1.980345e+01,1.981042e+01,1.978950e+01,1.970577e+01,1.978950e+01,1.978253e+01,1.978253e+01,1.976160e+01,1.981740e+01,1.978950e+01,1.976160e+01,1.974067e+01,2.001940e+01,2.157991e+01,2.359499e+01,2.483723e+01,2.530755e+01,2.508922e+01,2.503622e+01,2.479739e+01,2.439147e+01,2.426471e+01,2.392369e+01,2.362858e+01,2.335957e+01,2.308310e+01,2.273816e+01,2.244643e+01,2.222879e+01,2.222879e+01,2.180578e+01,2.170318e+01,2.152508e+01,2.149080e+01,2.136041e+01,2.133981e+01,2.133294e+01,2.132607e+01,2.129172e+01,2.131920e+01,2.127798e+01,2.133294e+01,2.129859e+01,2.131233e+01,2.136041e+01,2.125736e+01,2.136041e+01,2.121611e+01,2.124361e+01,2.131233e+01,2.128485e+01,2.120923e+01,2.122298e+01,2.127110e+01,2.120235e+01,2.118172e+01,2.128485e+01,2.127110e+01,2.128485e+01,2.121611e+01,2.124361e+01,2.128485e+01,2.118860e+01,2.120923e+01,2.121611e+01,2.117484e+01,2.110602e+01,2.118860e+01,2.114044e+01,2.111291e+01,2.105094e+01,2.107848e+01,2.102338e+01,2.102338e+01,2.107848e+01,2.103027e+01,2.105094e+01,2.105782e+01,2.094757e+01,2.105094e+01,2.096825e+01,2.105094e+01,2.103027e+01,2.101649e+01,2.105782e+01,2.101649e+01,2.100271e+01,2.103716e+01,2.103027e+01,2.094757e+01,2.096135e+01,2.102338e+01,2.100271e+01,2.103716e+01,2.104405e+01,2.100271e+01,2.100271e+01,2.109914e+01,2.098203e+01,2.114732e+01,2.102338e+01,2.109914e+01,2.103027e+01,2.109225e+01,2.107160e+01,2.114732e+01,2.111979e+01,2.111291e+01,2.111291e+01,2.111979e+01,2.109914e+01,2.107848e+01,2.107160e+01,2.122298e+01,2.112667e+01,2.111291e+01,2.100271e+01,2.099582e+01,2.111979e+01,2.105094e+01,2.114732e+01,2.102338e+01,2.114044e+01,2.107848e+01,2.116108e+01,2.106471e+01,2.112667e+01,2.115420e+01,2.110602e+01,2.114044e+01,2.107848e+01,2.111979e+01,2.116796e+01,2.112667e+01,2.117484e+01,2.114732e+01,2.097514e+01,2.122298e+01,2.111979e+01,2.100960e+01,2.105782e+01,2.109914e+01,2.109225e+01,2.109225e+01,2.110602e+01,2.118860e+01,2.109914e+01,2.111979e+01,2.112667e+01,2.114044e+01,2.116796e+01,2.116108e+01,2.110602e+01,2.109225e+01,2.107160e+01,2.116796e+01,2.112667e+01,2.111979e+01,2.111979e+01,2.116108e+01,2.122986e+01,2.117484e+01,2.113355e+01,2.120235e+01,2.126423e+01,2.125736e+01,2.116796e+01,2.103716e+01,2.135355e+01,2.132607e+01,2.124361e+01,2.120923e+01,2.112667e+01,2.130546e+01,2.133294e+01,2.123674e+01,2.123674e+01,2.118860e+01,2.116796e+01,2.126423e+01,2.113355e+01,2.114732e+01,2.118172e+01,2.137415e+01,2.123674e+01,2.111291e+01,2.112667e+01,2.111979e+01,2.122986e+01,2.121611e+01,2.122298e+01,2.104405e+01,2.098893e+01,2.122298e+01,2.117484e+01,2.107160e+01,2.108537e+01,2.116108e+01,2.109225e+01,2.100271e+01,2.109914e+01,2.110602e+01,2.109914e+01
2.112667e+01,2.120235e+01,2.113355e+01,2.113355e+01,2.113355e+01,2.114044e+01,2.112667e+01,2.116108e+01,2.117484e+01,2.111979e+01,2.120923e+01,2.125048e+01,2.122986e+01,2.125736e+01,2.116796e+01,2.106471e+01,2.109225e+01,2.130546e+01,2.122298e+01,2.109225e+01,2.117484e+01,2.109225e+01,2.109225e+01,2.115420e+01,2.118172e+01,2.109914e+01,2.119548e+01,2.112667e+01,2.112667e+01,2.122298e+01,2.111291e+01,2.118860e+01,2.114732e+01,2.113355e+01,2.114044e+01,2.117484e+01,2.121611e+01,2.122298e+01,2.123674e+01,2.128485e+01,2.127110e+01,2.124361e+01,2.123674e+01,2.123674e+01,2.120923e+01,2.120235e+01,2.114732e+01,2.116108e+01,2.122986e+01,2.127798e+01,2.110602e+01,2.126423e+01,2.120923e+01,2.120235e+01,2.119548e+01,2.126423e+01,2.121611e+01,2.129172e+01,2.122298e+01,2.118860e+01,2.125048e+01,2.125048e+01,2.129172e+01,2.125736e+01,2.129859e+01,2.110602e+01,2.126423e+01,2.129859e+01,2.116796e+01,2.124361e+01,2.112667e+01,2.127110e+01,2.127110e+01,2.118172e+01,2.124361e+01,2.119548e+01,2.116108e+01,2.114044e+01,2.131233e+01,2.110602e+01,2.113355e+01,2.122298e+01,2.118860e+01,2.136041e+01,2.116108e+01,2.111979e+01,2.113355e+01,2.114044e+01,2.108537e+01,2.116108e+01,2.107848e+01,2.122298e+01,2.114044e+01,2.120235e+01,2.119548e+01,2.114732e+01,2.115420e+01,2.113355e+01,2.116108e+01,2.107848e+01,2.110602e+01,2.118172e+01,2.116796e+01,2.122298e+01,2.124361e+01,2.119548e+01,2.122986e+01,2.124361e+01,2.122298e+01,2.120923e+01,2.125048e+01,2.126423e+01,2.123674e+01,2.126423e+01,2.127798e+01,2.113355e+01,2.112667e+01,2.115420e+01,2.114732e+01,2.132607e+01,2.136728e+01,2.118172e+01,2.116108e+01,2.125048e+01,2.126423e+01,2.123674e+01,2.119548e+01,2.118860e+01,2.118860e+01,2.120235e+01,2.120923e+01,2.121611e+01,2.122986e+01,2.121611e+01,2.123674e+01,2.116108e+01,2.118860e+01,2.125736e+01,2.117484e+01,2.122298e+01,2.119548e+01,2.120923e+01,2.118172e+01,2.118172e+01,2.114044e+01,2.114044e+01,2.116796e+01,2.125048e+01,2.116796e+01,2.116108e+01,2.113355e+01,2.117484e+01,2.118172e+01,2.113355e+01,2.114732e+01,2.107160e+01,2.109914e+01,2.118860e+01,2.110602e+01,2.111291e+01,2.109225e+01,2.107160e+01,2.112667e+01,2.105782e+01,2.112667e+01,2.098203e+01,2.099582e+01,2.086479e+01,2.071287e+01,2.081648e+01,2.078886e+01,2.071978e+01,2.047762e+01,2.048455e+01,2.043605e+01,2.020016e+01,2.018627e+01,2.017237e+01,2.008201e+01,1.996371e+01,2.008896e+01,2.002636e+01,1.992193e+01,1.995675e+01,1.992193e+01,1.979647e+01,1.996371e+01,1.987316e+01,1.981042e+01,1.985922e+01,1.986619e+01,1.976160e+01,1.991496e+01,1.983134e+01,1.984528e+01,1.976160e+01,1.983134e+01,1.989407e+01,1.978950e+01,1.983134e+01,1.983134e+01,1.979647e+01,1.979647e+01,1.969879e+01,1.968483e+01,1.975462e+01,1.974067e+01,1.974067e+01,1.975462e+01,1.978950e+01,1.985922e+01,1.981740e+01,1.980345e+01,1.983831e+01,1.979647e+01,1.978950e+01,1.980345e+01,1.976160e+01,1.981042e+01,1.974067e+01,1.980345e+01,1.971275e+01,1.969181e+01,1.961498e+01,1.966388e+01,1.975462e+01,1.967785e+01,1.969181e+01,1.971275e+01,1.962896e+01,1.969879e+01,1.971275e+01,1.976160e+01,1.970577e+01,1.962197e+01,1.960800e+01,1.970577e+01,1.969181e+01,1.969879e+01,1.969181e+01,1.969181e+01,1.983831e+01,1.985225e+01,1.991496e+01,1.986619e+01,2.001244e+01,1.992193e+01,1.993586e+01,1.991496e+01,1.996371e+01,2.001940e+01,1.999852e+01,2.006810e+01,2.055379e+01,2.134668e+01,2.198338e+01,2.229685e+01,2.193560e+01,2.155250e+01,2.138788e+01,2.110602e+01,2.101649e+01,2.078886e+01,2.065065e+01,2.042219e+01,2.034592e+01,2.031124e+01,2.036673e+01,2.065065e+01,2.068522e+01,2.084409e+01,2.082338e+01,2.083719e+01,2.097514e+01,2.105782e+01,2.114732e+01,2.103716e+01,2.107848e+01,2.114044e+01,2.112667e+01,2.120235e+01,2.117484e+01,2.114732e+01,2.112667e+01,2.112667e+01,2.095446e+01,2.097514e+01,2.086479e+01,2.074742e+01,2.058148e+01,2.053303e+01,2.039447e+01,2.031124e+01,2.029042e+01,2.029042e+01,2.021405e+01,2.025571e+01,2.020016e+01,2.006810e+01,2.010287e+01,2.010287e+01,2.013068e+01,2.007505e+01,2.008896e+01,2.009591e+01,2.010982e+01,2.013763e+01,2.013068e+01,2.032512e+01,2.018627e+01,2.026266e+01,2.027654e+01,2.029042e+01,2.048455e+01,2.047762e+01,2.076123e+01,2.082338e+01,2.072669e+01,2.078195e+01,2.080267e+01,2.075432e+01,2.078886e+01,2.080267e+01,2.070596e+01,2.068522e+01,2.065757e+01,2.069213e+01,2.062299e+01,2.060223e+01,2.067831e+01,2.067831e+01,2.068522e+01,2.071287e+01,2.065757e+01,2.076123e+01,2.076123e+01,2.078195e+01,2.076123e+01,2.076123e+01,2.069905e+01,2.071287e+01,2.078886e+01,2.077505e+01,2.081648e+01,2.087169e+01,2.085099e+01,2.086479e+01,2.081648e+01,2.076814e+01,2.077505e+01,2.076814e+01,2.085099e+01,2.080957e+01,2.082338e+01,2.077505e+01,2.078195e+01,2.081648e+01,2.078886e+01,2.083028e+01,2.077505e+01,2.074051e+01,2.078886e+01,2.091308e+01,2.080267e+01,2.076814e+01,2.074742e+01,2.068522e+01,2.066448e+01,2.078195e+01,2.066448e+01,2.078195e+01,2.067831e+01,2.065757e+01,2.068522e+01,2.066448e+01,2.062990e+01,2.061607e+01,2.063682e+01,2.065065e+01,2.064374e+01,2.067831e+01,2.073360e+01,2.071287e+01,2.064374e+01,2.074051e+01,2.061607e+01,2.074742e+01,2.074051e+01,2.074051e+01,2.074051e+01,2.078195e+01,2.076814e+01,2.075432e+01,2.074742e+01,2.072669e+01,2.073360e+01,2.078886e+01,2.074051e+01,2.073360e+01,2.080267e+01,2.077505e+01,2.076814e+01,2.074051e+01,2.078886e+01,2.077505e+01,2.071978e+01,2.077505e+01,2.076123e+01,2.061607e+01,2.086479e+01,2.083028e+01,2.089239e+01,2.079576e+01,2.087859e+01,2.087169e+01,2.071287e+01,2.073360e+01,2.076123e+01,2.050533e+01,2.024877e+01,1.993586e+01,1.992890e+01,1.991496e+01,1.989407e+01,1.992890e+01,1.990800e+01,1.988710e+01,1.985922e+01,1.983831e+01,1.981740e+01,1.983134e+01,1.969879e+01,1.981740e+01,1.983134e+01,1.971973e+01,1.982437e+01,1.978950e+01,1.975462e+01,1.977555e+01,1.979647e+01,1.978950e+01,1.979647e+01,1.975462e+01,1.974067e+01,1.976160e+01,1.983134e+01,1.985922e+01,1.971275e+01,1.979647e+01,2.026266e+01,2.181945e+01,2.380977e+01,2.507597e+01,2.535381e+01,2.532077e+01,2.524805e+01,2.500971e+01,2.479075e+01,2.451141e+01,2.429140e+01,2.402411e+01,2.380307e+01,2.337977e+01,2.304933e+01,2.292768e+01,2.268395e+01,2.240566e+01,2.220836e+01,2.196291e+01,2.157991e+01,2.161417e+01,2.164157e+01,2.144278e+01,2.139474e+01,2.140847e+01,2.136728e+01,2.130546e+01,2.127110e+01,2.133981e+01,2.129172e+01,2.128485e+01,2.130546e+01,2.129859e+01,2.130546e+01,2.127110e+01,2.131920e+01,2.128485e+01,2.138788e+01,2.124361e+01,2.126423e+01,2.128485e+01,2.129172e+01,2.114044e+01,2.131233e+01,2.118172e+01,2.127798e+01,2.121611e+01,2.120235e+01,2.129859e+01,2.116796e+01,2.117484e+01,2.119548e+01,2.117484e+01,2.122298e+01,2.114732e+01,2.114044e+01,2.111291e+01,2.107848e+01,2.096825e+01,2.101649e+01,2.104405e+01,2.104405e+01,2.103027e+01,2.100960e+01,2.105782e+01,2.090619e+01,2.099582e+01,2.103716e+01,2.102338e+01,2.104405e+01,2.102338e+01,2.112667e+01,2.093377e+01,2.096135e+01,2.090619e+01,2.100960e+01,2.098203e+01,2.091998e+01,2.100960e+01,2.090619e+01,2.097514e+01,2.107848e+01,2.104405e+01,2.103027e+01,2.108537e+01,2.110602e+01,2.119548e+01,2.120235e+01,2.107160e+01,2.104405e+01,2.104405e+01,2.107848e+01,2.107848e+01,2.103716e+01,2.102338e+01,2.115420e+01,2.111979e+01,2.111291e+01,2.109225e+01,2.105094e+01,2.105782e+01,2.114044e+01,2.113355e+01,2.113355e+01,2.110602e+01,2.105782e+01,2.111291e+01,2.091308e+01,2.116796e+01,2.107848e+01,2.105094e+01,2.097514e+01,2.111291e+01,2.111979e+01,2.111979e+01,2.122986e+01,2.117484e+01,2.106471e+01,2.115420e+01,2.106471e+01,2.110602e+01,2.111291e+01,2.116796e+01,2.114732e+01,2.100271e+01,2.107160e+01,2.108537e+01,2.109225e+01,2.115420e+01,2.136041e+01,2.115420e+01,2.107848e+01,2.117484e+01,2.111979e+01,2.107848e+01,2.125048e+01,2.114044e+01,2.120923e+01,2.114044e+01,2.111291e+01,2.118860e+01,2.118860e+01,2.116108e+01,2.119548e+01,2.116796e+01,2.113355e+01,2.117484e+01,2.114732e+01,2.115420e+01,2.117484e+01,2.147708e+01,2.148394e+01,2.129859e+01,2.133294e+01,2.121611e+01,2.135355e+01,2.129172e+01,2.124361e+01,2.121611e+01,2.121611e+01,2.121611e+01,2.115420e+01,2.111979e+01,2.118860e+01,2.119548e+01,2.111979e+01,2.108537e+01,2.111291e+01,2.120235e+01,2.114044e+01,2.111979e+01,2.109914e+01,2.108537e+01,2.108537e+01,2.116796e+01,2.106471e+01,2.114044e+01,2.111291e+01,2.120923e+01,2.102338e+01,2.105094e+01,2.119548e+01,2.109225e+01,2.106471e+01,2.113355e+01,2.114044e+01,2.109914e+01,2.113355e+01,2.112667e+01,2.110602e+01
2.142906e+01,2.118172e+01,2.122298e+01,2.116108e+01,2.114044e+01,2.114732e+01,2.116796e+01,2.114732e+01,2.111979e+01,2.111291e+01,2.126423e+01,2.123674e+01,2.126423e+01,2.121611e+01,2.118172e+01,2.120923e+01,2.123674e+01,2.109225e+01,2.111979e+01,2.120235e+01,2.123674e+01,2.120235e+01,2.118860e+01,2.117484e+01,2.120235e+01,2.113355e+01,2.116108e+01,2.120923e+01,2.117484e+01,2.119548e+01,2.116796e+01,2.125048e+01,2.128485e+01,2.120923e+01,2.116796e+01,2.116108e+01,2.120923e+01,2.118172e+01,2.132607e+01,2.134668e+01,2.125048e+01,2.139474e+01,2.137415e+01,2.122298e+01,2.122298e+01,2.119548e+01,2.118860e+01,2.116796e+01,2.124361e+01,2.118172e+01,2.123674e+01,2.118860e+01,2.119548e+01,2.118172e+01,2.118172e+01,2.129859e+01,2.125048e+01,2.124361e+01,2.122986e+01,2.117484e+01,2.125048e+01,2.119548e+01,2.127798e+01,2.125048e+01,2.131233e+01,2.121611e+01,2.117484e+01,2.122298e+01,2.115420e+01,2.124361e+01,2.119548e+01,2.125048e+01,2.122298e+01,2.122986e+01,2.120923e+01,2.114732e+01,2.115420e+01,2.114044e+01,2.126423e+01,2.122986e+01,2.118860e+01,2.120235e+01,2.125048e+01,2.120235e+01,2.120235e+01,2.113355e+01,2.116108e+01,2.135355e+01,2.116796e+01,2.118172e+01,2.118860e+01,2.118860e+01,2.120235e+01,2.117484e+01,2.110602e+01,2.116108e+01,2.116796e+01,2.116796e+01,2.114732e+01,2.118860e+01,2.114044e+01,2.126423e+01,2.125048e+01,2.124361e+01,2.125736e+01,2.114732e+01,2.120923e+01,2.123674e+01,2.120235e+01,2.127798e+01,2.118172e+01,2.117484e+01,2.121611e+01,2.126423e+01,2.126423e+01,2.114044e+01,2.130546e+01,2.119548e+01,2.116796e+01,2.131233e+01,2.118860e+01,2.115420e+01,2.116796e+01,2.128485e+01,2.126423e+01,2.123674e+01,2.116796e+01,2.125048e+01,2.123674e+01,2.121611e+01,2.118172e+01,2.122986e+01,2.125736e+01,2.122986e+01,2.120923e+01,2.120235e+01,2.126423e+01,2.125736e+01,2.119548e+01,2.119548e+01,2.125736e+01,2.119548e+01,2.125736e+01,2.117484e+01,2.122298e+01,2.118172e+01,2.118860e+01,2.114044e+01,2.114044e+01,2.114044e+01,2.111291e+01,2.114044e+01,2.111291e+01,2.118860e+01,2.109914e+01,2.109914e+01,2.115420e+01,2.113355e+01,2.105782e+01,2.107848e+01,2.108537e+01,2.109225e+01,2.116108e+01,2.111291e+01,2.111291e+01,2.118860e+01,2.118860e+01,2.116796e+01,2.120235e+01,2.117484e+01,2.091998e+01,2.090619e+01,2.090619e+01,2.089929e+01,2.069213e+01,2.067139e+01,2.042912e+01,2.040833e+01,2.040140e+01,2.042912e+01,2.035980e+01,2.030430e+01,2.009591e+01,2.006810e+01,2.005419e+01,1.994283e+01,2.001244e+01,1.994283e+01,1.985922e+01,1.977555e+01,1.989407e+01,1.988013e+01,1.988710e+01,1.990103e+01,1.987316e+01,1.988710e+01,1.976858e+01,1.978253e+01,1.982437e+01,1.983134e+01,1.988013e+01,1.983134e+01,1.971275e+01,1.978950e+01,1.981042e+01,1.981042e+01,1.976858e+01,1.983134e+01,1.976858e+01,1.980345e+01,1.974764e+01,1.981740e+01,1.979647e+01,1.981042e+01,1.984528e+01,1.985225e+01,1.985225e+01,1.978950e+01,1.985922e+01,1.979647e+01,1.979647e+01,1.974764e+01,1.963594e+01,1.978950e+01,1.976160e+01,1.968483e+01,1.972671e+01,1.969879e+01,1.969181e+01,1.969879e+01,1.976160e+01,1.978950e+01,1.969181e+01,1.969181e+01,1.971973e+01,1.980345e+01,1.964991e+01,1.967086e+01,1.982437e+01,1.959402e+01,1.976160e+01,1.984528e+01,1.981740e+01,1.981740e+01,1.990800e+01,1.996371e+01,2.002636e+01,1.994979e+01,2.004027e+01,2.001244e+01,2.001940e+01,2.006114e+01,2.055379e+01,2.134668e+01,2.224240e+01,2.230365e+01,2.208571e+01,2.194243e+01,2.160047e+01,2.134668e+01,2.123674e+01,2.096135e+01,2.113355e+01,2.080267e+01,2.053303e+01,2.051918e+01,2.032512e+01,2.041526e+01,2.049840e+01,2.062299e+01,2.082338e+01,2.080267e+01,2.100960e+01,2.098893e+01,2.107848e+01,2.109914e+01,2.114044e+01,2.125048e+01,2.119548e+01,2.132607e+01,2.117484e+01,2.115420e+01,2.119548e+01,2.114732e+01,2.111979e+01,2.107848e+01,2.094757e+01,2.090619e+01,2.085789e+01,2.080267e+01,2.075432e+01,2.049148e+01,2.042219e+01,2.029736e+01,2.037366e+01,2.032512e+01,2.025571e+01,2.019321e+01,2.011677e+01,2.004723e+01,2.023489e+01,2.009591e+01,2.002636e+01,2.013763e+01,2.008201e+01,2.013068e+01,2.015153e+01,2.015153e+01,2.034592e+01,2.030430e+01,2.029736e+01,2.029042e+01,2.031818e+01,2.046377e+01,2.048455e+01,2.060915e+01,2.077505e+01,2.082338e+01,2.077505e+01,2.079576e+01,2.087859e+01,2.081648e+01,2.078195e+01,2.064374e+01,2.061607e+01,2.060915e+01,2.067139e+01,2.065065e+01,2.062990e+01,2.066448e+01,2.066448e+01,2.067831e+01,2.067831e+01,2.069905e+01,2.081648e+01,2.078195e+01,2.087169e+01,2.094757e+01,2.082338e+01,2.074742e+01,2.081648e+01,2.082338e+01,2.080267e+01,2.080267e+01,2.085789e+01,2.080957e+01,2.082338e+01,2.078886e+01,2.079576e+01,2.079576e+01,2.078886e+01,2.078195e+01,2.080957e+01,2.084409e+01,2.079576e+01,2.078886e+01,2.086479e+01,2.083028e+01,2.068522e+01,2.077505e+01,2.076123e+01,2.080957e+01,2.083719e+01,2.078195e+01,2.079576e+01,2.068522e+01,2.077505e+01,2.076814e+01,2.081648e+01,2.074742e+01,2.071978e+01,2.067139e+01,2.067831e+01,2.067831e+01,2.070596e+01,2.074051e+01,2.075432e+01,2.073360e+01,2.069213e+01,2.065065e+01,2.067831e+01,2.066448e+01,2.070596e+01,2.067831e+01,2.069213e+01,2.067139e+01,2.067139e+01,2.076123e+01,2.075432e+01,2.074742e+01,2.074742e+01,2.073360e+01,2.075432e+01,2.076123e+01,2.076123e+01,2.076814e+01,2.074742e+01,2.076814e+01,2.067831e+01,2.066448e+01,2.071287e+01,2.071287e+01,2.074051e+01,2.080267e+01,2.076123e+01,2.062990e+01,2.079576e+01,2.077505e+01,2.085789e+01,2.081648e+01,2.084409e+01,2.084409e+01,2.081648e+01,2.072669e+01,2.083028e+01,2.080267e+01,2.087169e+01,2.078886e+01,2.078195e+01,2.063682e+01,2.027654e+01,1.998460e+01,1.994979e+01,1.990800e+01,1.986619e+01,1.994283e+01,1.983134e+01,1.978950e+01,1.981740e+01,1.981042e+01,1.994979e+01,1.988710e+01,1.981042e+01,1.981042e+01,1.971275e+01,1.971275e+01,1.975462e+01,1.964991e+01,1.979647e+01,1.976858e+01,1.976160e+01,1.972671e+01,1.980345e+01,1.985225e+01,1.982437e+01,1.981740e+01,1.987316e+01,1.977555e+01,1.981740e+01,2.029736e+01,2.189462e+01,2.387680e+01,2.501634e+01,2.540665e+01,2.553863e+01,2.547266e+01,2.532738e+01,2.508259e+01,2.481067e+01,2.451807e+01,2.419125e+01,2.401742e+01,2.364201e+01,2.339323e+01,2.304258e+01,2.271783e+01,2.250756e+01,2.231046e+01,2.214705e+01,2.198338e+01,2.185363e+01,2.152508e+01,2.157991e+01,2.146336e+01,2.136041e+01,2.143592e+01,2.134668e+01,2.136041e+01,2.127798e+01,2.134668e+01,2.128485e+01,2.125736e+01,2.131233e+01,2.125048e+01,2.131233e+01,2.136728e+01,2.127110e+01,2.131233e+01,2.131920e+01,2.122298e+01,2.127798e+01,2.131233e+01,2.129859e+01,2.122298e+01,2.129859e+01,2.118172e+01,2.125736e+01,2.118860e+01,2.136728e+01,2.120923e+01,2.114732e+01,2.131920e+01,2.118860e+01,2.114732e+01,2.107848e+01,2.110602e+01,2.108537e+01,2.107848e+01,2.104405e+01,2.101649e+01,2.105782e+01,2.109914e+01,2.103027e+01,2.105094e+01,2.091998e+01,2.104405e+01,2.104405e+01,2.100271e+01,2.096825e+01,2.098893e+01,2.102338e+01,2.098893e+01,2.098893e+01,2.098203e+01,2.098893e+01,2.104405e+01,2.098893e+01,2.096825e+01,2.100960e+01,2.098893e+01,2.106471e+01,2.107160e+01,2.099582e+01,2.105782e+01,2.107160e+01,2.105094e+01,2.120923e+01,2.118860e+01,2.109914e+01,2.101649e+01,2.116108e+01,2.105782e+01,2.105094e+01,2.109225e+01,2.113355e+01,2.112667e+01,2.109225e+01,2.108537e+01,2.107848e+01,2.110602e+01,2.115420e+01,2.114044e+01,2.119548e+01,2.107848e+01,2.105782e+01,2.110602e+01,2.107848e+01,2.106471e+01,2.114044e+01,2.105782e+01,2.109914e+01,2.096135e+01,2.120235e+01,2.104405e+01,2.116796e+01,2.109914e+01,2.117484e+01,2.107848e+01,2.116108e+01,2.109225e+01,2.113355e+01,2.111291e+01,2.113355e+01,2.112667e+01,2.111291e+01,2.105094e+01,2.125048e+01,2.111979e+01,2.105782e+01,2.108537e+01,2.116108e+01,2.117484e+01,2.118172e+01,2.107848e+01,2.109914e+01,2.117484e+01,2.109914e+01,2.116108e+01,2.117484e+01,2.116108e+01,2.121611e+01,2.121611e+01,2.106471e+01,2.107848e+01,2.118172e+01,2.113355e+01,2.118860e+01,2.117484e+01,2.115420e+01,2.116796e+01,2.127110e+01,2.117484e+01,2.119548e+01,2.120235e+01,2.120923e+01,2.123674e+01,2.128485e+01,2.110602e+01,2.116796e+01,2.120235e+01,2.122986e+01,2.120923e+01,2.122298e+01,2.118860e+01,2.122298e+01,2.122298e+01,2.118860e+01,2.124361e+01,2.107848e+01,2.111979e+01,2.108537e+01,2.122986e+01,2.106471e+01,2.132607e+01,2.110602e+01,2.109225e+01,2.113355e+01,2.109914e+01,2.114044e+01,2.104405e+01,2.103027e+01,2.106471e+01,2.110602e+01,2.118860e+01,2.117484e+01,2.112667e+01,2.107848e+01,2.114044e+01,2.122298e+01,2.107848e+01
2.118860e+01,2.113355e+01,2.116796e+01,2.115420e+01,2.099582e+01,2.113355e+01,2.113355e+01,2.115420e+01,2.111291e+01,2.113355e+01,2.125736e+01,2.118860e+01,2.114044e+01,2.112667e+01,2.121611e+01,2.112667e+01,2.107160e+01,2.136041e+01,2.114732e+01,2.110602e+01,2.116108e+01,2.114044e+01,2.118860e+01,2.116108e+01,2.113355e+01,2.116796e+01,2.103027e+01,2.118860e+01,2.109914e+01,2.108537e+01,2.120235e+01,2.117484e+01,2.123674e+01,2.116796e+01,2.114044e+01,2.109225e+01,2.120923e+01,2.109225e+01,2.127798e+01,2.123674e+01,2.118860e+01,2.141533e+01,2.121611e+01,2.108537e+01,2.125048e+01,2.107848e+01,2.126423e+01,2.127110e+01,2.125048e+01,2.121611e+01,2.124361e+01,2.126423e+01,2.125048e+01,2.120235e+01,2.120235e+01,2.119548e+01,2.118172e+01,2.120923e+01,2.116108e+01,2.127110e+01,2.119548e+01,2.127110e+01,2.117484e+01,2.133981e+01,2.120923e+01,2.128485e+01,2.118860e+01,2.112667e+01,2.111979e+01,2.114732e+01,2.118860e+01,2.122986e+01,2.125048e+01,2.121611e+01,2.124361e+01,2.118172e+01,2.114732e+01,2.125736e+01,2.114732e+01,2.118860e+01,2.110602e+01,2.127110e+01,2.110602e+01,2.119548e+01,2.122298e+01,2.114732e+01,2.119548e+01,2.111291e+01,2.114044e+01,2.118172e+01,2.118860e+01,2.118172e+01,2.114732e+01,2.116796e+01,2.118860e+01,2.118860e+01,2.115420e+01,2.120923e+01,2.110602e+01,2.118860e+01,2.114044e+01,2.120923e+01,2.114732e+01,2.122298e+01,2.123674e+01,2.110602e+01,2.117484e+01,2.118172e+01,2.129172e+01,2.124361e+01,2.116796e+01,2.117484e+01,2.118172e+01,2.122986e+01,2.114044e+01,2.116108e+01,2.128485e+01,2.117484e+01,2.131233e+01,2.129859e+01,2.122986e+01,2.113355e+01,2.126423e+01,2.114732e+01,2.140847e+01,2.125736e+01,2.116796e+01,2.124361e+01,2.120923e+01,2.119548e+01,2.121611e+01,2.121611e+01,2.127110e+01,2.122986e+01,2.118860e+01,2.119548e+01,2.113355e+01,2.116108e+01,2.114732e+01,2.114044e+01,2.116108e+01,2.115420e+01,2.117484e+01,2.124361e+01,2.118172e+01,2.114732e+01,2.110602e+01,2.109225e+01,2.114732e+01,2.097514e+01,2.114044e+01,2.116108e+01,2.113355e+01,2.113355e+01,2.115420e+01,2.103716e+01,2.106471e+01,2.104405e+01,2.106471e+01,2.116796e+01,2.110602e+01,2.119548e+01,2.116796e+01,2.111979e+01,2.125736e+01,2.118172e+01,2.114732e+01,2.116108e+01,2.127110e+01,2.117484e+01,2.118860e+01,2.120235e+01,2.116796e+01,2.107160e+01,2.091998e+01,2.094067e+01,2.096825e+01,2.069905e+01,2.066448e+01,2.067831e+01,2.063682e+01,2.074742e+01,2.029042e+01,2.025571e+01,2.008201e+01,2.000548e+01,2.000548e+01,1.986619e+01,1.980345e+01,2.004027e+01,1.982437e+01,1.977555e+01,1.977555e+01,1.976858e+01,1.975462e+01,1.974764e+01,1.973369e+01,1.973369e+01,1.980345e+01,1.980345e+01,1.981042e+01,1.982437e+01,1.979647e+01,1.980345e+01,1.972671e+01,1.979647e+01,1.976160e+01,1.975462e+01,1.978950e+01,1.973369e+01,1.974764e+01,1.969181e+01,1.978253e+01,1.978253e+01,1.983134e+01,1.979647e+01,1.980345e+01,1.981042e+01,1.976160e+01,1.973369e+01,1.983831e+01,1.972671e+01,1.971973e+01,1.979647e+01,1.976160e+01,1.975462e+01,1.972671e+01,1.968483e+01,1.971275e+01,1.969181e+01,1.974067e+01,1.978950e+01,1.976160e+01,1.974764e+01,1.964991e+01,1.964991e+01,1.967785e+01,1.977555e+01,1.984528e+01,1.981042e+01,1.976858e+01,1.981740e+01,1.983831e+01,1.990103e+01,1.988710e+01,2.005419e+01,1.999156e+01,1.992193e+01,2.001940e+01,2.008201e+01,2.031124e+01,2.070596e+01,2.138788e+01,2.210616e+01,2.251435e+01,2.255508e+01,2.210616e+01,2.161417e+01,2.160047e+01,2.144278e+01,2.118860e+01,2.105782e+01,2.101649e+01,2.101649e+01,2.081648e+01,2.058840e+01,2.049840e+01,2.042912e+01,2.051225e+01,2.050533e+01,2.058840e+01,2.074051e+01,2.081648e+01,2.097514e+01,2.100960e+01,2.103716e+01,2.112667e+01,2.118172e+01,2.113355e+01,2.108537e+01,2.113355e+01,2.113355e+01,2.107848e+01,2.096135e+01,2.098893e+01,2.092688e+01,2.086479e+01,2.087859e+01,2.082338e+01,2.085789e+01,2.080267e+01,2.056763e+01,2.049148e+01,2.029042e+01,2.028348e+01,2.026266e+01,2.012372e+01,2.009591e+01,2.010287e+01,2.008201e+01,2.006810e+01,2.006810e+01,2.008201e+01,2.008896e+01,2.013068e+01,2.005419e+01,2.021405e+01,2.015848e+01,2.015848e+01,2.017932e+01,2.026266e+01,2.025571e+01,2.029736e+01,2.043605e+01,2.034592e+01,2.076123e+01,2.077505e+01,2.077505e+01,2.071978e+01,2.085099e+01,2.083719e+01,2.078886e+01,2.072669e+01,2.076123e+01,2.067139e+01,2.071978e+01,2.071978e+01,2.055379e+01,2.057456e+01,2.066448e+01,2.063682e+01,2.067139e+01,2.065065e+01,2.073360e+01,2.068522e+01,2.076814e+01,2.083719e+01,2.076123e+01,2.080957e+01,2.071978e+01,2.074742e+01,2.073360e+01,2.076123e+01,2.073360e+01,2.069905e+01,2.075432e+01,2.074051e+01,2.082338e+01,2.076814e+01,2.079576e+01,2.072669e+01,2.076814e+01,2.078195e+01,2.082338e+01,2.065757e+01,2.091998e+01,2.075432e+01,2.078886e+01,2.085099e+01,2.070596e+01,2.077505e+01,2.078886e+01,2.071978e+01,2.069213e+01,2.068522e+01,2.072669e+01,2.074742e+01,2.074742e+01,2.077505e+01,2.066448e+01,2.065065e+01,2.062299e+01,2.076123e+01,2.068522e+01,2.063682e+01,2.056763e+01,2.075432e+01,2.064374e+01,2.062990e+01,2.067139e+01,2.065065e+01,2.066448e+01,2.067139e+01,2.072669e+01,2.073360e+01,2.063682e+01,2.065065e+01,2.068522e+01,2.073360e+01,2.073360e+01,2.072669e+01,2.072669e+01,2.074742e+01,2.073360e+01,2.071287e+01,2.071978e+01,2.076814e+01,2.069213e+01,2.069905e+01,2.074742e+01,2.070596e+01,2.069905e+01,2.080957e+01,2.074051e+01,2.069213e+01,2.076814e+01,2.077505e+01,2.073360e+01,2.081648e+01,2.073360e+01,2.064374e+01,2.085099e+01,2.083028e+01,2.083028e+01,2.085789e+01,2.088549e+01,2.087859e+01,2.081648e+01,2.078195e+01,2.084409e+01,2.044298e+01,2.042912e+01,2.001940e+01,1.992193e+01,1.976858e+01,1.978950e+01,1.977555e+01,1.985225e+01,1.983831e+01,1.988710e+01,1.979647e+01,1.974764e+01,1.979647e+01,1.971275e+01,1.980345e+01,1.972671e+01,1.978253e+01,1.978253e+01,1.975462e+01,1.980345e+01,1.971973e+01,1.977555e+01,1.974764e+01,1.961498e+01,1.974067e+01,1.974764e+01,1.970577e+01,1.963594e+01,1.982437e+01,2.042912e+01,2.183996e+01,2.365545e+01,2.500971e+01,2.532738e+01,2.555182e+01,2.546606e+01,2.533399e+01,2.531416e+01,2.500971e+01,2.465117e+01,2.439813e+01,2.434478e+01,2.397726e+01,2.364873e+01,2.337977e+01,2.305609e+01,2.268395e+01,2.264327e+01,2.231726e+01,2.198338e+01,2.195608e+01,2.157306e+01,2.155936e+01,2.143592e+01,2.140161e+01,2.138788e+01,2.133981e+01,2.136041e+01,2.132607e+01,2.131920e+01,2.128485e+01,2.132607e+01,2.128485e+01,2.135355e+01,2.131920e+01,2.130546e+01,2.130546e+01,2.132607e+01,2.135355e+01,2.125736e+01,2.129859e+01,2.129172e+01,2.120923e+01,2.127110e+01,2.131233e+01,2.122986e+01,2.120923e+01,2.120235e+01,2.125736e+01,2.116796e+01,2.119548e+01,2.119548e+01,2.109225e+01,2.122986e+01,2.112667e+01,2.111291e+01,2.114044e+01,2.107160e+01,2.108537e+01,2.104405e+01,2.111979e+01,2.105094e+01,2.102338e+01,2.100271e+01,2.091998e+01,2.098893e+01,2.104405e+01,2.107160e+01,2.103027e+01,2.099582e+01,2.096135e+01,2.098203e+01,2.099582e+01,2.098893e+01,2.103027e+01,2.120923e+01,2.100271e+01,2.099582e+01,2.115420e+01,2.098893e+01,2.101649e+01,2.105094e+01,2.106471e+01,2.104405e+01,2.127798e+01,2.107160e+01,2.111291e+01,2.110602e+01,2.107848e+01,2.092688e+01,2.118860e+01,2.121611e+01,2.120923e+01,2.109225e+01,2.100960e+01,2.107848e+01,2.111979e+01,2.109225e+01,2.110602e+01,2.111979e+01,2.098203e+01,2.106471e+01,2.114044e+01,2.109225e+01,2.110602e+01,2.112667e+01,2.119548e+01,2.106471e+01,2.109914e+01,2.105094e+01,2.107848e+01,2.116796e+01,2.109225e+01,2.105094e+01,2.114044e+01,2.116796e+01,2.115420e+01,2.105094e+01,2.103716e+01,2.107848e+01,2.118860e+01,2.113355e+01,2.103716e+01,2.111979e+01,2.111979e+01,2.110602e+01,2.109914e+01,2.107160e+01,2.116108e+01,2.108537e+01,2.113355e+01,2.111979e+01,2.105782e+01,2.107160e+01,2.112667e+01,2.110602e+01,2.110602e+01,2.110602e+01,2.114044e+01,2.115420e+01,2.105094e+01,2.118860e+01,2.103716e+01,2.103716e+01,2.116796e+01,2.116108e+01,2.118172e+01,2.120923e+01,2.116108e+01,2.118172e+01,2.117484e+01,2.121611e+01,2.120235e+01,2.118860e+01,2.126423e+01,2.119548e+01,2.122298e+01,2.111979e+01,2.111979e+01,2.118172e+01,2.118860e+01,2.107848e+01,2.113355e+01,2.119548e+01,2.122986e+01,2.111979e+01,2.111291e+01,2.108537e+01,2.114044e+01,2.100271e+01,2.109225e+01,2.129172e+01,2.111979e+01,2.110602e+01,2.110602e+01,2.110602e+01,2.107160e+01,2.107848e+01,2.104405e+01,2.103027e+01,2.113355e+01,2.114732e+01,2.118172e+01,2.120923e+01,2.105782e+01,2.118172e+01,2.120923e+01,2.110602e+01,2.114044e+01,2.120923e+01
2.129172e+01,2.120923e+01,2.114732e+01,2.109225e+01,2.101649e+01,2.111979e+01,2.109914e+01,2.113355e+01,2.113355e+01,2.117484e+01,2.113355e+01,2.113355e+01,2.118860e+01,2.107848e+01,2.110602e+01,2.122986e+01,2.125736e+01,2.126423e+01,2.113355e+01,2.111291e+01,2.128485e+01,2.129172e+01,2.116796e+01,2.117484e+01,2.116796e+01,2.120923e+01,2.109225e+01,2.104405e+01,2.120923e+01,2.116796e+01,2.115420e+01,2.114732e+01,2.118172e+01,2.115420e+01,2.119548e+01,2.122298e+01,2.119548e+01,2.130546e+01,2.129859e+01,2.115420e+01,2.111291e+01,2.123674e+01,2.118860e+01,2.122986e+01,2.107160e+01,2.128485e+01,2.125736e+01,2.114732e+01,2.111291e+01,2.129859e+01,2.128485e+01,2.118172e+01,2.119548e+01,2.123674e+01,2.114732e+01,2.121611e+01,2.120235e+01,2.122298e+01,2.122986e+01,2.115420e+01,2.127110e+01,2.124361e+01,2.118860e+01,2.118860e+01,2.122986e+01,2.124361e+01,2.133981e+01,2.126423e+01,2.126423e+01,2.118860e+01,2.126423e+01,2.127110e+01,2.122986e+01,2.114732e+01,2.129859e+01,2.130546e+01,2.127798e+01,2.114044e+01,2.110602e+01,2.122986e+01,2.107848e+01,2.121611e+01,2.119548e+01,2.118172e+01,2.120923e+01,2.117484e+01,2.117484e+01,2.115420e+01,2.113355e+01,2.121611e+01,2.111291e+01,2.120923e+01,2.119548e+01,2.109914e+01,2.116796e+01,2.102338e+01,2.111979e+01,2.108537e+01,2.133981e+01,2.118172e+01,2.111979e+01,2.124361e+01,2.125048e+01,2.125736e+01,2.114732e+01,2.120923e+01,2.114732e+01,2.122298e+01,2.125736e+01,2.132607e+01,2.116108e+01,2.123674e+01,2.125048e+01,2.127110e+01,2.133981e+01,2.129859e+01,2.128485e+01,2.125736e+01,2.129172e+01,2.113355e+01,2.126423e+01,2.114044e+01,2.129172e+01,2.127798e+01,2.118172e+01,2.125736e+01,2.122986e+01,2.121611e+01,2.129172e+01,2.119548e+01,2.123674e+01,2.111291e+01,2.122298e+01,2.125048e+01,2.119548e+01,2.122986e+01,2.122298e+01,2.112667e+01,2.120923e+01,2.118172e+01,2.119548e+01,2.120923e+01,2.117484e+01,2.131920e+01,2.125048e+01,2.113355e+01,2.114044e+01,2.117484e+01,2.117484e+01,2.116796e+01,2.117484e+01,2.115420e+01,2.095446e+01,2.114044e+01,2.116796e+01,2.105094e+01,2.103027e+01,2.107160e+01,2.107160e+01,2.107160e+01,2.114732e+01,2.116796e+01,2.110602e+01,2.111291e+01,2.132607e+01,2.128485e+01,2.120235e+01,2.120923e+01,2.126423e+01,2.153194e+01,2.140161e+01,2.131233e+01,2.125048e+01,2.118860e+01,2.111291e+01,2.116796e+01,2.115420e+01,2.096825e+01,2.106471e+01,2.089239e+01,2.076123e+01,2.092688e+01,2.091308e+01,2.063682e+01,2.033205e+01,2.027654e+01,2.007505e+01,2.004027e+01,1.997068e+01,1.990800e+01,1.988710e+01,1.980345e+01,1.975462e+01,1.996371e+01,1.977555e+01,1.978950e+01,1.983134e+01,1.971973e+01,1.970577e+01,1.978950e+01,1.976160e+01,1.980345e+01,1.983134e+01,1.982437e+01,1.974764e+01,1.978950e+01,1.981740e+01,1.980345e+01,1.980345e+01,1.981740e+01,1.973369e+01,1.980345e+01,1.983134e+01,1.981042e+01,1.983831e+01,1.980345e+01,1.981042e+01,1.983134e+01,1.977555e+01,1.974764e+01,1.981740e+01,1.969879e+01,1.969181e+01,1.977555e+01,1.975462e+01,1.977555e+01,1.974067e+01,1.971973e+01,1.979647e+01,1.975462e+01,1.976858e+01,1.979647e+01,1.974764e+01,1.978253e+01,1.976160e+01,1.978950e+01,1.978950e+01,1.966388e+01,1.969181e+01,1.981740e+01,1.983831e+01,1.981740e+01,1.983831e+01,1.984528e+01,1.994283e+01,2.004027e+01,1.996371e+01,2.006810e+01,2.044298e+01,2.065065e+01,2.109225e+01,2.156621e+01,2.231046e+01,2.258222e+01,2.267717e+01,2.243284e+01,2.212661e+01,2.157991e+01,2.151137e+01,2.121611e+01,2.122298e+01,2.096135e+01,2.103027e+01,2.091998e+01,2.091308e+01,2.074742e+01,2.068522e+01,2.054687e+01,2.053303e+01,2.056763e+01,2.056071e+01,2.071287e+01,2.078886e+01,2.094067e+01,2.105782e+01,2.106471e+01,2.113355e+01,2.111291e+01,2.122986e+01,2.117484e+01,2.117484e+01,2.117484e+01,2.109914e+01,2.099582e+01,2.100960e+01,2.096135e+01,2.086479e+01,2.085099e+01,2.087169e+01,2.087169e+01,2.092688e+01,2.065065e+01,2.078886e+01,2.075432e+01,2.055379e+01,2.024183e+01,2.010982e+01,2.016542e+01,2.012372e+01,2.020016e+01,2.008896e+01,2.021405e+01,2.012372e+01,2.013068e+01,2.011677e+01,2.013763e+01,2.018627e+01,2.012372e+01,2.017237e+01,2.022794e+01,2.038060e+01,2.033205e+01,2.024877e+01,2.047070e+01,2.047070e+01,2.043605e+01,2.065065e+01,2.078886e+01,2.082338e+01,2.074742e+01,2.074051e+01,2.075432e+01,2.076123e+01,2.071978e+01,2.067139e+01,2.075432e+01,2.062299e+01,2.062990e+01,2.063682e+01,2.063682e+01,2.064374e+01,2.062990e+01,2.067831e+01,2.062990e+01,2.064374e+01,2.070596e+01,2.074742e+01,2.087169e+01,2.086479e+01,2.070596e+01,2.073360e+01,2.074742e+01,2.072669e+01,2.099582e+01,2.091998e+01,2.078886e+01,2.075432e+01,2.082338e+01,2.085099e+01,2.072669e+01,2.080957e+01,2.089929e+01,2.077505e+01,2.084409e+01,2.080957e+01,2.077505e+01,2.078195e+01,2.068522e+01,2.078886e+01,2.072669e+01,2.074051e+01,2.076123e+01,2.069905e+01,2.076814e+01,2.064374e+01,2.075432e+01,2.064374e+01,2.072669e+01,2.067831e+01,2.071978e+01,2.062299e+01,2.075432e+01,2.073360e+01,2.074742e+01,2.069213e+01,2.061607e+01,2.067831e+01,2.067139e+01,2.068522e+01,2.065065e+01,2.067139e+01,2.064374e+01,2.065065e+01,2.064374e+01,2.069213e+01,2.066448e+01,2.074742e+01,2.074742e+01,2.074742e+01,2.073360e+01,2.077505e+01,2.075432e+01,2.075432e+01,2.074742e+01,2.074051e+01,2.070596e+01,2.070596e+01,2.071978e+01,2.069905e+01,2.072669e+01,2.074051e+01,2.076814e+01,2.075432e+01,2.073360e+01,2.071287e+01,2.076814e+01,2.080267e+01,2.080957e+01,2.081648e+01,2.080957e+01,2.082338e+01,2.078886e+01,2.083719e+01,2.094757e+01,2.072669e+01,2.087859e+01,2.087169e+01,2.092688e+01,2.089239e+01,2.082338e+01,2.079576e+01,2.054687e+01,2.034592e+01,2.001244e+01,1.995675e+01,1.997764e+01,1.986619e+01,1.990800e+01,1.995675e+01,1.988710e+01,1.983134e+01,1.976160e+01,1.983134e+01,1.981740e+01,1.972671e+01,1.983134e+01,1.976160e+01,1.983831e+01,1.981740e+01,1.978253e+01,1.976858e+01,1.976858e+01,1.981740e+01,1.971973e+01,1.964991e+01,1.981740e+01,1.967086e+01,1.964293e+01,1.985225e+01,2.044991e+01,2.188779e+01,2.347398e+01,2.484387e+01,2.536041e+01,2.552544e+01,2.556500e+01,2.547926e+01,2.537362e+01,2.542645e+01,2.491024e+01,2.468442e+01,2.463122e+01,2.421797e+01,2.388350e+01,2.386340e+01,2.341343e+01,2.315060e+01,2.278557e+01,2.260936e+01,2.227644e+01,2.205161e+01,2.185363e+01,2.178527e+01,2.159362e+01,2.144964e+01,2.144278e+01,2.135355e+01,2.132607e+01,2.141533e+01,2.131920e+01,2.127798e+01,2.129172e+01,2.125736e+01,2.128485e+01,2.124361e+01,2.125048e+01,2.136728e+01,2.129172e+01,2.128485e+01,2.128485e+01,2.131233e+01,2.134668e+01,2.135355e+01,2.115420e+01,2.129172e+01,2.128485e+01,2.126423e+01,2.127110e+01,2.128485e+01,2.123674e+01,2.123674e+01,2.123674e+01,2.127798e+01,2.124361e+01,2.110602e+01,2.109914e+01,2.103027e+01,2.098893e+01,2.118172e+01,2.115420e+01,2.105782e+01,2.105094e+01,2.102338e+01,2.100271e+01,2.099582e+01,2.103716e+01,2.098893e+01,2.102338e+01,2.098893e+01,2.096825e+01,2.090619e+01,2.096135e+01,2.105782e+01,2.122298e+01,2.105094e+01,2.106471e+01,2.097514e+01,2.094757e+01,2.112667e+01,2.107848e+01,2.103027e+01,2.108537e+01,2.103716e+01,2.107160e+01,2.111291e+01,2.109225e+01,2.111291e+01,2.105782e+01,2.102338e+01,2.100271e+01,2.109225e+01,2.109914e+01,2.103716e+01,2.116796e+01,2.110602e+01,2.109914e+01,2.109225e+01,2.100271e+01,2.111979e+01,2.105094e+01,2.111979e+01,2.109225e+01,2.103716e+01,2.113355e+01,2.103027e+01,2.113355e+01,2.112667e+01,2.113355e+01,2.109225e+01,2.114732e+01,2.103027e+01,2.113355e+01,2.110602e+01,2.105094e+01,2.121611e+01,2.114732e+01,2.120235e+01,2.117484e+01,2.106471e+01,2.105094e+01,2.103716e+01,2.116108e+01,2.117484e+01,2.111291e+01,2.116108e+01,2.110602e+01,2.109914e+01,2.113355e+01,2.109225e+01,2.109225e+01,2.112667e+01,2.107160e+01,2.110602e+01,2.116796e+01,2.118172e+01,2.109225e+01,2.110602e+01,2.114732e+01,2.113355e+01,2.119548e+01,2.109225e+01,2.109225e+01,2.105094e+01,2.118860e+01,2.105094e+01,2.114044e+01,2.110602e+01,2.117484e+01,2.117484e+01,2.116796e+01,2.140161e+01,2.119548e+01,2.122298e+01,2.122298e+01,2.122986e+01,2.134668e+01,2.141533e+01,2.109914e+01,2.115420e+01,2.112667e+01,2.106471e+01,2.102338e+01,2.122298e+01,2.136041e+01,2.118860e+01,2.120235e+01,2.118860e+01,2.122298e+01,2.118860e+01,2.116796e+01,2.112667e+01,2.124361e+01,2.116108e+01,2.103027e+01,2.114044e+01,2.105782e+01,2.120923e+01,2.105094e+01,2.114732e+01,2.106471e+01,2.121611e+01,2.144278e+01,2.103027e+01,2.114044e+01,2.114044e+01,2.116796e+01,2.116108e+01,2.115420e+01,2.114732e+01,2.114044e+01
2.112667e+01,2.123674e+01,2.114732e+01,2.111979e+01,2.104405e+01,2.098893e+01,2.105094e+01,2.117484e+01,2.117484e+01,2.116108e+01,2.120923e+01,2.118860e+01,2.116108e+01,2.114044e+01,2.112667e+01,2.120235e+01,2.109225e+01,2.129172e+01,2.109914e+01,2.120923e+01,2.115420e+01,2.109225e+01,2.116796e+01,2.116108e+01,2.120235e+01,2.113355e+01,2.118860e+01,2.107160e+01,2.103716e+01,2.111291e+01,2.115420e+01,2.116108e+01,2.116796e+01,2.119548e+01,2.125736e+01,2.118172e+01,2.116796e+01,2.120923e+01,2.127798e+01,2.125048e+01,2.122986e+01,2.125736e+01,2.112667e+01,2.109914e+01,2.108537e+01,2.123674e+01,2.125048e+01,2.108537e+01,2.114044e+01,2.120923e+01,2.119548e+01,2.121611e+01,2.128485e+01,2.120235e+01,2.118860e+01,2.122298e+01,2.125736e+01,2.118860e+01,2.126423e+01,2.123674e+01,2.120923e+01,2.127798e+01,2.127798e+01,2.119548e+01,2.130546e+01,2.122298e+01,2.126423e+01,2.125048e+01,2.129172e+01,2.125736e+01,2.121611e+01,2.119548e+01,2.125736e+01,2.123674e+01,2.117484e+01,2.125048e+01,2.123674e+01,2.116108e+01,2.120235e+01,2.114732e+01,2.116796e+01,2.120923e+01,2.119548e+01,2.119548e+01,2.114044e+01,2.115420e+01,2.117484e+01,2.120235e+01,2.119548e+01,2.118860e+01,2.119548e+01,2.120923e+01,2.118172e+01,2.118172e+01,2.111979e+01,2.116108e+01,2.102338e+01,2.109914e+01,2.117484e+01,2.116108e+01,2.113355e+01,2.116108e+01,2.124361e+01,2.111979e+01,2.115420e+01,2.125048e+01,2.114732e+01,2.122298e+01,2.133294e+01,2.114732e+01,2.128485e+01,2.124361e+01,2.117484e+01,2.124361e+01,2.123674e+01,2.125736e+01,2.114732e+01,2.127110e+01,2.119548e+01,2.126423e+01,2.129859e+01,2.122298e+01,2.120235e+01,2.129172e+01,2.120923e+01,2.118172e+01,2.114732e+01,2.118860e+01,2.115420e+01,2.129859e+01,2.120923e+01,2.112667e+01,2.120923e+01,2.111979e+01,2.120923e+01,2.114044e+01,2.125048e+01,2.117484e+01,2.115420e+01,2.118172e+01,2.118860e+01,2.118172e+01,2.135355e+01,2.114732e+01,2.122298e+01,2.125048e+01,2.115420e+01,2.111291e+01,2.104405e+01,2.116796e+01,2.115420e+01,2.115420e+01,2.113355e+01,2.111979e+01,2.108537e+01,2.109225e+01,2.105782e+01,2.110602e+01,2.109914e+01,2.107848e+01,2.107160e+01,2.111979e+01,2.121611e+01,2.113355e+01,2.125048e+01,2.131233e+01,2.116796e+01,2.132607e+01,2.134668e+01,2.133981e+01,2.130546e+01,2.122298e+01,2.127110e+01,2.116796e+01,2.119548e+01,2.131233e+01,2.118172e+01,2.133294e+01,2.122298e+01,2.114732e+01,2.118860e+01,2.100960e+01,2.096135e+01,2.086479e+01,2.089239e+01,2.064374e+01,2.044991e+01,2.037366e+01,2.016542e+01,2.013068e+01,1.994283e+01,1.994979e+01,1.983831e+01,1.984528e+01,1.976858e+01,1.983134e+01,1.979647e+01,1.969879e+01,1.985225e+01,1.986619e+01,1.977555e+01,1.978950e+01,1.981740e+01,1.979647e+01,1.978950e+01,1.981740e+01,1.980345e+01,1.982437e+01,1.982437e+01,1.982437e+01,1.980345e+01,1.978950e+01,1.983134e+01,1.983134e+01,1.988013e+01,1.984528e+01,1.978253e+01,1.984528e+01,1.979647e+01,1.978950e+01,1.981740e+01,1.980345e+01,1.971973e+01,1.969879e+01,1.977555e+01,1.980345e+01,1.967086e+01,1.971275e+01,1.974764e+01,1.980345e+01,1.974067e+01,1.980345e+01,1.976858e+01,1.980345e+01,1.977555e+01,1.969879e+01,1.978950e+01,1.986619e+01,1.985225e+01,1.983134e+01,1.983134e+01,1.985922e+01,1.988013e+01,1.996371e+01,1.988013e+01,2.001244e+01,2.025571e+01,2.062990e+01,2.125048e+01,2.192194e+01,2.229004e+01,2.263649e+01,2.283974e+01,2.273816e+01,2.268395e+01,2.224921e+01,2.192194e+01,2.160732e+01,2.153880e+01,2.119548e+01,2.111291e+01,2.114044e+01,2.092688e+01,2.107160e+01,2.090619e+01,2.092688e+01,2.090619e+01,2.063682e+01,2.053995e+01,2.048455e+01,2.053995e+01,2.049840e+01,2.056071e+01,2.080267e+01,2.087859e+01,2.109914e+01,2.105094e+01,2.103027e+01,2.105094e+01,2.118860e+01,2.105094e+01,2.111291e+01,2.108537e+01,2.103716e+01,2.096135e+01,2.094067e+01,2.084409e+01,2.087169e+01,2.083719e+01,2.087859e+01,2.081648e+01,2.078195e+01,2.079576e+01,2.078195e+01,2.062990e+01,2.062299e+01,2.026960e+01,2.012372e+01,2.031124e+01,2.020711e+01,2.027654e+01,2.010982e+01,2.013068e+01,2.013068e+01,2.013068e+01,2.014458e+01,2.015153e+01,2.017237e+01,2.024877e+01,2.020711e+01,2.030430e+01,2.029736e+01,2.024877e+01,2.034592e+01,2.039447e+01,2.037366e+01,2.067831e+01,2.067139e+01,2.083719e+01,2.076123e+01,2.069213e+01,2.073360e+01,2.070596e+01,2.072669e+01,2.070596e+01,2.053995e+01,2.062990e+01,2.053995e+01,2.070596e+01,2.066448e+01,2.058840e+01,2.066448e+01,2.071287e+01,2.064374e+01,2.067139e+01,2.080957e+01,2.074051e+01,2.077505e+01,2.076123e+01,2.072669e+01,2.083028e+01,2.074051e+01,2.083028e+01,2.075432e+01,2.075432e+01,2.074051e+01,2.083719e+01,2.074051e+01,2.075432e+01,2.075432e+01,2.077505e+01,2.078195e+01,2.083028e+01,2.080957e+01,2.080267e+01,2.082338e+01,2.078886e+01,2.072669e+01,2.084409e+01,2.074051e+01,2.074742e+01,2.072669e+01,2.073360e+01,2.067139e+01,2.069905e+01,2.060223e+01,2.074742e+01,2.084409e+01,2.071978e+01,2.067831e+01,2.069905e+01,2.071978e+01,2.066448e+01,2.071287e+01,2.063682e+01,2.069905e+01,2.072669e+01,2.066448e+01,2.065757e+01,2.060223e+01,2.068522e+01,2.063682e+01,2.064374e+01,2.067139e+01,2.071287e+01,2.067831e+01,2.065757e+01,2.074742e+01,2.071287e+01,2.074051e+01,2.068522e+01,2.070596e+01,2.070596e+01,2.074742e+01,2.073360e+01,2.074051e+01,2.069213e+01,2.072669e+01,2.077505e+01,2.067831e+01,2.070596e+01,2.065757e+01,2.076814e+01,2.075432e+01,2.074051e+01,2.075432e+01,2.080957e+01,2.076123e+01,2.079576e+01,2.078195e+01,2.074051e+01,2.082338e+01,2.078195e+01,2.080957e+01,2.079576e+01,2.081648e+01,2.085789e+01,2.086479e+01,2.083719e+01,2.082338e+01,2.077505e+01,2.080957e+01,2.060915e+01,2.024183e+01,2.000548e+01,1.985225e+01,1.988710e+01,1.985922e+01,1.986619e+01,1.988710e+01,1.972671e+01,1.974067e+01,1.979647e+01,1.979647e+01,1.974764e+01,1.981740e+01,1.981740e+01,1.978253e+01,1.981042e+01,1.982437e+01,1.976858e+01,1.976160e+01,1.979647e+01,1.977555e+01,1.974067e+01,1.983831e+01,1.974764e+01,1.984528e+01,1.972671e+01,2.044298e+01,2.158677e+01,2.333263e+01,2.458464e+01,2.525466e+01,2.559796e+01,2.558478e+01,2.559137e+01,2.548586e+01,2.538023e+01,2.509584e+01,2.508922e+01,2.466447e+01,2.447145e+01,2.422465e+01,2.387010e+01,2.371586e+01,2.336630e+01,2.304933e+01,2.277880e+01,2.249398e+01,2.214024e+01,2.210616e+01,2.184679e+01,2.174423e+01,2.159362e+01,2.146336e+01,2.147022e+01,2.128485e+01,2.127798e+01,2.134668e+01,2.116796e+01,2.127110e+01,2.118860e+01,2.126423e+01,2.109225e+01,2.122298e+01,2.133294e+01,2.135355e+01,2.126423e+01,2.122298e+01,2.130546e+01,2.125048e+01,2.134668e+01,2.123674e+01,2.126423e+01,2.129172e+01,2.122986e+01,2.127110e+01,2.122298e+01,2.116796e+01,2.126423e+01,2.117484e+01,2.120923e+01,2.112667e+01,2.112667e+01,2.107848e+01,2.111979e+01,2.115420e+01,2.118860e+01,2.105094e+01,2.103027e+01,2.109225e+01,2.101649e+01,2.102338e+01,2.110602e+01,2.100960e+01,2.108537e+01,2.112667e+01,2.113355e+01,2.100960e+01,2.102338e+01,2.096135e+01,2.098893e+01,2.097514e+01,2.104405e+01,2.098203e+01,2.094757e+01,2.099582e+01,2.100960e+01,2.095446e+01,2.098203e+01,2.098203e+01,2.098203e+01,2.107160e+01,2.100271e+01,2.098893e+01,2.108537e+01,2.106471e+01,2.116108e+01,2.107848e+01,2.103716e+01,2.108537e+01,2.113355e+01,2.111979e+01,2.114732e+01,2.107160e+01,2.105094e+01,2.113355e+01,2.109225e+01,2.108537e+01,2.104405e+01,2.103027e+01,2.104405e+01,2.105782e+01,2.111979e+01,2.108537e+01,2.111979e+01,2.120923e+01,2.106471e+01,2.111979e+01,2.116108e+01,2.116108e+01,2.112667e+01,2.105782e+01,2.105094e+01,2.107160e+01,2.111979e+01,2.118172e+01,2.113355e+01,2.110602e+01,2.107848e+01,2.112667e+01,2.107160e+01,2.108537e+01,2.109225e+01,2.106471e+01,2.109225e+01,2.109225e+01,2.108537e+01,2.110602e+01,2.118860e+01,2.113355e+01,2.116108e+01,2.114732e+01,2.116108e+01,2.125736e+01,2.120235e+01,2.109914e+01,2.117484e+01,2.105782e+01,2.114732e+01,2.107160e+01,2.111291e+01,2.116108e+01,2.105782e+01,2.118860e+01,2.119548e+01,2.118172e+01,2.118172e+01,2.118172e+01,2.114732e+01,2.119548e+01,2.125736e+01,2.124361e+01,2.116796e+01,2.113355e+01,2.113355e+01,2.115420e+01,2.114044e+01,2.120235e+01,2.113355e+01,2.120923e+01,2.122298e+01,2.115420e+01,2.122298e+01,2.117484e+01,2.105094e+01,2.116796e+01,2.115420e+01,2.111979e+01,2.102338e+01,2.117484e+01,2.118172e+01,2.102338e+01,2.114732e+01,2.115420e+01,2.105782e+01,2.120923e+01,2.107848e+01,2.106471e+01,2.117484e+01,2.107160e+01,2.120923e+01,2.121611e+01,2.105782e+01,2.114732e+01,2.116108e+01,2.113355e+01,2.110602e+01,2.114732e+01
2.124361e+01,2.116108e+01,2.113355e+01,2.109914e+01,2.108537e+01,2.111291e+01,2.125048e+01,2.111291e+01,2.098893e+01,2.109914e+01,2.112667e+01,2.123674e+01,2.105782e+01,2.119548e+01,2.127110e+01,2.110602e+01,2.114044e+01,2.115420e+01,2.120235e+01,2.118860e+01,2.107848e+01,2.118860e+01,2.114732e+01,2.118860e+01,2.112667e+01,2.121611e+01,2.105782e+01,2.109914e+01,2.113355e+01,2.109225e+01,2.110602e+01,2.115420e+01,2.113355e+01,2.116108e+01,2.111979e+01,2.118172e+01,2.114732e+01,2.122298e+01,2.118860e+01,2.116796e+01,2.127110e+01,2.120235e+01,2.116108e+01,2.127110e+01,2.120923e+01,2.127798e+01,2.127798e+01,2.123674e+01,2.117484e+01,2.120923e+01,2.120235e+01,2.122298e+01,2.120923e+01,2.122986e+01,2.121611e+01,2.114732e+01,2.116796e+01,2.129172e+01,2.120923e+01,2.125048e+01,2.116108e+01,2.120235e+01,2.117484e+01,2.119548e+01,2.122298e+01,2.123674e+01,2.127798e+01,2.115420e+01,2.122298e+01,2.118860e+01,2.125048e+01,2.127798e+01,2.121611e+01,2.128485e+01,2.122986e+01,2.126423e+01,2.119548e+01,2.119548e+01,2.111979e+01,2.114044e+01,2.115420e+01,2.114044e+01,2.116796e+01,2.122298e+01,2.121611e+01,2.120235e+01,2.122986e+01,2.120235e+01,2.119548e+01,2.116796e+01,2.116796e+01,2.114732e+01,2.114732e+01,2.116796e+01,2.111291e+01,2.114044e+01,2.107848e+01,2.118172e+01,2.119548e+01,2.120923e+01,2.105782e+01,2.114732e+01,2.112667e+01,2.113355e+01,2.125736e+01,2.114732e+01,2.116108e+01,2.119548e+01,2.116108e+01,2.116108e+01,2.126423e+01,2.121611e+01,2.118860e+01,2.125048e+01,2.118172e+01,2.118172e+01,2.120923e+01,2.116796e+01,2.114732e+01,2.114732e+01,2.121611e+01,2.109225e+01,2.120923e+01,2.123674e+01,2.116108e+01,2.114732e+01,2.114044e+01,2.125048e+01,2.120923e+01,2.131920e+01,2.122298e+01,2.120235e+01,2.125048e+01,2.125736e+01,2.121611e+01,2.116796e+01,2.124361e+01,2.117484e+01,2.118172e+01,2.114044e+01,2.116108e+01,2.119548e+01,2.122298e+01,2.115420e+01,2.112667e+01,2.109225e+01,2.111291e+01,2.114044e+01,2.118172e+01,2.105782e+01,2.110602e+01,2.116108e+01,2.111979e+01,2.119548e+01,2.116796e+01,2.118172e+01,2.105782e+01,2.105094e+01,2.107160e+01,2.110602e+01,2.110602e+01,2.113355e+01,2.114732e+01,2.122298e+01,2.121611e+01,2.125048e+01,2.129172e+01,2.129172e+01,2.131920e+01,2.129172e+01,2.133294e+01,2.127110e+01,2.121611e+01,2.120923e+01,2.118860e+01,2.132607e+01,2.118172e+01,2.121611e+01,2.133981e+01,2.123674e+01,2.099582e+01,2.119548e+01,2.121611e+01,2.114732e+01,2.097514e+01,2.086479e+01,2.085099e+01,2.070596e+01,2.045684e+01,2.045684e+01,2.041526e+01,2.011677e+01,2.020711e+01,2.015153e+01,1.989407e+01,1.981740e+01,2.004723e+01,1.980345e+01,1.989407e+01,1.988013e+01,1.987316e+01,1.983831e+01,1.989407e+01,1.978253e+01,1.978253e+01,1.990800e+01,1.981740e+01,1.988013e+01,1.979647e+01,1.981740e+01,1.988710e+01,1.989407e+01,1.979647e+01,1.975462e+01,1.979647e+01,1.985922e+01,1.977555e+01,1.979647e+01,1.979647e+01,1.980345e+01,1.981042e+01,1.974067e+01,1.974764e+01,1.963594e+01,1.978950e+01,1.977555e+01,1.992890e+01,1.979647e+01,1.971275e+01,1.979647e+01,1.978950e+01,1.974764e+01,1.977555e+01,1.976160e+01,1.985922e+01,1.981042e+01,1.982437e+01,1.981740e+01,1.983831e+01,1.990103e+01,1.981740e+01,1.982437e+01,1.983831e+01,1.991496e+01,1.992193e+01,2.002636e+01,2.058148e+01,2.126423e+01,2.194925e+01,2.265005e+01,2.292768e+01,2.287357e+01,2.307635e+01,2.276526e+01,2.257544e+01,2.220836e+01,2.188779e+01,2.153880e+01,2.136728e+01,2.123674e+01,2.097514e+01,2.101649e+01,2.094757e+01,2.094757e+01,2.091998e+01,2.082338e+01,2.078886e+01,2.065757e+01,2.054687e+01,2.053995e+01,2.053303e+01,2.051918e+01,2.050533e+01,2.057456e+01,2.085789e+01,2.098893e+01,2.101649e+01,2.105782e+01,2.105094e+01,2.091308e+01,2.103027e+01,2.096825e+01,2.095446e+01,2.099582e+01,2.100960e+01,2.089239e+01,2.083719e+01,2.085789e+01,2.087169e+01,2.077505e+01,2.073360e+01,2.078195e+01,2.077505e+01,2.081648e+01,2.080957e+01,2.072669e+01,2.077505e+01,2.031124e+01,2.024183e+01,2.022100e+01,2.031124e+01,2.032512e+01,2.015153e+01,2.004723e+01,2.012372e+01,2.012372e+01,2.014458e+01,2.017932e+01,2.013068e+01,2.017237e+01,2.011677e+01,2.009591e+01,2.006810e+01,2.004027e+01,2.023489e+01,2.029736e+01,2.065757e+01,2.064374e+01,2.066448e+01,2.081648e+01,2.066448e+01,2.076123e+01,2.073360e+01,2.071978e+01,2.069213e+01,2.062990e+01,2.063682e+01,2.050533e+01,2.063682e+01,2.061607e+01,2.062299e+01,2.069213e+01,2.064374e+01,2.075432e+01,2.083028e+01,2.069905e+01,2.072669e+01,2.074742e+01,2.073360e+01,2.078195e+01,2.073360e+01,2.078195e+01,2.074051e+01,2.081648e+01,2.072669e+01,2.086479e+01,2.083028e+01,2.076123e+01,2.076814e+01,2.069213e+01,2.070596e+01,2.069905e+01,2.087169e+01,2.075432e+01,2.080267e+01,2.081648e+01,2.076814e+01,2.076123e+01,2.068522e+01,2.078886e+01,2.072669e+01,2.071287e+01,2.070596e+01,2.067831e+01,2.074742e+01,2.062990e+01,2.067831e+01,2.069905e+01,2.069213e+01,2.068522e+01,2.069213e+01,2.067831e+01,2.069213e+01,2.065065e+01,2.065065e+01,2.061607e+01,2.069213e+01,2.056763e+01,2.060915e+01,2.059531e+01,2.062990e+01,2.067139e+01,2.072669e+01,2.073360e+01,2.064374e+01,2.062990e+01,2.073360e+01,2.083028e+01,2.066448e+01,2.067831e+01,2.074742e+01,2.071978e+01,2.069213e+01,2.071287e+01,2.074051e+01,2.072669e+01,2.052610e+01,2.053303e+01,2.071287e+01,2.067831e+01,2.062299e+01,2.070596e+01,2.074742e+01,2.074742e+01,2.069213e+01,2.071978e+01,2.078886e+01,2.076814e+01,2.076814e+01,2.080267e+01,2.079576e+01,2.083028e+01,2.074051e+01,2.072669e+01,2.074051e+01,2.066448e+01,2.087859e+01,2.078886e+01,2.072669e+01,2.083719e+01,2.083719e+01,2.081648e+01,2.078195e+01,2.053303e+01,2.047762e+01,1.999852e+01,1.994979e+01,1.988710e+01,1.973369e+01,1.971973e+01,1.974067e+01,1.980345e+01,1.985225e+01,1.969181e+01,1.972671e+01,1.966388e+01,1.973369e+01,1.979647e+01,1.978253e+01,1.977555e+01,1.976858e+01,1.977555e+01,1.984528e+01,1.974764e+01,1.977555e+01,1.981740e+01,1.978253e+01,1.975462e+01,1.982437e+01,2.022100e+01,2.157991e+01,2.288710e+01,2.460461e+01,2.512895e+01,2.543966e+01,2.540004e+01,2.555841e+01,2.547926e+01,2.543966e+01,2.536702e+01,2.505610e+01,2.507597e+01,2.467777e+01,2.450475e+01,2.421797e+01,2.383659e+01,2.356812e+01,2.337977e+01,2.298853e+01,2.273816e+01,2.246681e+01,2.216749e+01,2.191511e+01,2.191511e+01,2.169633e+01,2.153880e+01,2.144964e+01,2.125048e+01,2.139474e+01,2.140161e+01,2.129859e+01,2.131233e+01,2.133294e+01,2.129172e+01,2.124361e+01,2.114732e+01,2.137415e+01,2.131920e+01,2.122986e+01,2.125736e+01,2.131920e+01,2.129172e+01,2.130546e+01,2.129172e+01,2.119548e+01,2.127110e+01,2.124361e+01,2.125048e+01,2.122298e+01,2.122986e+01,2.117484e+01,2.121611e+01,2.115420e+01,2.121611e+01,2.126423e+01,2.106471e+01,2.100960e+01,2.105094e+01,2.108537e+01,2.097514e+01,2.105094e+01,2.105094e+01,2.100271e+01,2.108537e+01,2.101649e+01,2.103027e+01,2.105782e+01,2.105094e+01,2.101649e+01,2.109914e+01,2.100960e+01,2.103716e+01,2.089239e+01,2.100271e+01,2.108537e+01,2.098893e+01,2.103716e+01,2.101649e+01,2.100271e+01,2.102338e+01,2.105094e+01,2.102338e+01,2.103027e+01,2.105094e+01,2.099582e+01,2.105782e+01,2.106471e+01,2.113355e+01,2.117484e+01,2.108537e+01,2.106471e+01,2.113355e+01,2.113355e+01,2.107160e+01,2.111291e+01,2.113355e+01,2.094067e+01,2.096825e+01,2.114732e+01,2.103027e+01,2.118172e+01,2.100960e+01,2.111979e+01,2.114732e+01,2.110602e+01,2.103716e+01,2.109914e+01,2.115420e+01,2.110602e+01,2.109914e+01,2.116108e+01,2.112667e+01,2.112667e+01,2.108537e+01,2.107848e+01,2.105782e+01,2.103716e+01,2.116108e+01,2.111291e+01,2.098893e+01,2.111291e+01,2.111979e+01,2.107160e+01,2.103716e+01,2.107160e+01,2.107848e+01,2.107848e+01,2.115420e+01,2.108537e+01,2.120923e+01,2.120235e+01,2.109225e+01,2.114732e+01,2.129172e+01,2.116796e+01,2.114044e+01,2.113355e+01,2.111979e+01,2.110602e+01,2.107848e+01,2.109225e+01,2.105782e+01,2.109225e+01,2.107848e+01,2.119548e+01,2.121611e+01,2.120235e+01,2.118172e+01,2.118172e+01,2.116796e+01,2.115420e+01,2.120923e+01,2.116108e+01,2.114732e+01,2.115420e+01,2.112667e+01,2.117484e+01,2.109225e+01,2.113355e+01,2.119548e+01,2.122986e+01,2.116108e+01,2.109225e+01,2.118172e+01,2.118172e+01,2.118172e+01,2.116796e+01,2.113355e+01,2.107848e+01,2.106471e+01,2.100960e+01,2.110602e+01,2.103027e+01,2.100960e+01,2.103027e+01,2.114732e+01,2.109225e+01,2.104405e+01,2.112667e+01,2.106471e+01,2.106471e+01,2.108537e+01,2.104405e+01,2.116796e+01,2.114732e+01,2.114732e+01,2.116108e+01,2.108537e+01,2.111979e+01,2.108537e+01
2.112667e+01,2.120923e+01,2.120923e+01,2.112667e+01,2.119548e+01,2.107160e+01,2.120235e+01,2.114044e+01,2.114732e+01,2.104405e+01,2.119548e+01,2.117484e+01,2.122298e+01,2.113355e+01,2.113355e+01,2.107848e+01,2.108537e+01,2.117484e+01,2.118860e+01,2.118172e+01,2.114044e+01,2.104405e+01,2.110602e+01,2.116796e+01,2.116796e+01,2.112667e+01,2.108537e+01,2.109914e+01,2.127110e+01,2.121611e+01,2.114732e+01,2.112667e+01,2.119548e+01,2.129172e+01,2.118860e+01,2.129172e+01,2.120923e+01,2.119548e+01,2.123674e+01,2.118172e+01,2.122986e+01,2.129172e+01,2.118172e+01,2.118860e+01,2.116796e+01,2.114732e+01,2.112667e+01,2.127798e+01,2.124361e+01,2.129859e+01,2.121611e+01,2.120235e+01,2.120235e+01,2.118860e+01,2.118860e+01,2.126423e+01,2.124361e+01,2.122298e+01,2.115420e+01,2.121611e+01,2.128485e+01,2.126423e+01,2.118860e+01,2.118172e+01,2.122986e+01,2.111291e+01,2.130546e+01,2.131920e+01,2.120923e+01,2.122298e+01,2.118860e+01,2.130546e+01,2.114044e+01,2.131233e+01,2.129172e+01,2.124361e+01,2.114732e+01,2.116796e+01,2.113355e+01,2.112667e+01,2.118172e+01,2.114732e+01,2.129859e+01,2.107848e+01,2.119548e+01,2.111979e+01,2.120923e+01,2.116796e+01,2.116796e+01,2.124361e+01,2.120235e+01,2.111979e+01,2.121611e+01,2.114732e+01,2.109914e+01,2.108537e+01,2.117484e+01,2.124361e+01,2.118172e+01,2.094067e+01,2.115420e+01,2.118860e+01,2.120235e+01,2.112667e+01,2.109914e+01,2.125736e+01,2.126423e+01,2.122986e+01,2.118860e+01,2.122986e+01,2.125736e+01,2.128485e+01,2.121611e+01,2.131233e+01,2.120923e+01,2.124361e+01,2.118172e+01,2.106471e+01,2.127110e+01,2.118860e+01,2.125736e+01,2.120235e+01,2.122298e+01,2.117484e+01,2.116108e+01,2.117484e+01,2.118172e+01,2.118860e+01,2.117484e+01,2.116108e+01,2.127798e+01,2.125048e+01,2.117484e+01,2.118172e+01,2.127798e+01,2.116796e+01,2.110602e+01,2.120923e+01,2.116796e+01,2.115420e+01,2.105782e+01,2.117484e+01,2.106471e+01,2.114044e+01,2.117484e+01,2.123674e+01,2.115420e+01,2.120235e+01,2.109914e+01,2.108537e+01,2.109914e+01,2.114044e+01,2.114044e+01,2.106471e+01,2.105782e+01,2.104405e+01,2.103716e+01,2.105782e+01,2.105094e+01,2.106471e+01,2.103716e+01,2.114044e+01,2.118172e+01,2.118172e+01,2.120235e+01,2.125736e+01,2.121611e+01,2.125048e+01,2.133294e+01,2.132607e+01,2.130546e+01,2.137415e+01,2.126423e+01,2.131233e+01,2.138788e+01,2.133294e+01,2.131233e+01,2.137415e+01,2.127798e+01,2.136728e+01,2.144964e+01,2.131233e+01,2.131233e+01,2.132607e+01,2.122986e+01,2.123674e+01,2.111979e+01,2.091308e+01,2.071287e+01,2.066448e+01,2.065065e+01,2.062990e+01,2.049148e+01,2.049840e+01,2.040140e+01,2.033899e+01,2.032512e+01,2.023489e+01,2.013763e+01,2.015153e+01,2.021405e+01,2.018627e+01,2.014458e+01,2.040140e+01,2.007505e+01,2.012372e+01,1.992890e+01,1.989407e+01,2.001940e+01,1.984528e+01,1.983134e+01,1.978253e+01,1.977555e+01,1.983134e+01,1.986619e+01,1.981042e+01,1.978253e+01,1.985225e+01,1.980345e+01,1.978950e+01,1.973369e+01,1.969879e+01,1.974067e+01,1.979647e+01,1.977555e+01,1.977555e+01,1.974764e+01,1.985225e+01,1.977555e+01,1.977555e+01,1.985225e+01,1.982437e+01,1.978253e+01,1.976858e+01,1.982437e+01,1.988710e+01,1.978253e+01,1.989407e+01,1.987316e+01,1.978253e+01,1.981042e+01,1.987316e+01,1.991496e+01,1.990800e+01,1.991496e+01,2.015153e+01,2.054687e+01,2.128485e+01,2.195608e+01,2.293444e+01,2.309660e+01,2.306960e+01,2.294797e+01,2.266361e+01,2.248719e+01,2.192877e+01,2.185363e+01,2.145650e+01,2.128485e+01,2.108537e+01,2.095446e+01,2.097514e+01,2.099582e+01,2.100271e+01,2.091308e+01,2.090619e+01,2.091308e+01,2.090619e+01,2.087859e+01,2.065757e+01,2.058840e+01,2.055379e+01,2.053303e+01,2.051225e+01,2.067139e+01,2.080267e+01,2.085789e+01,2.085099e+01,2.077505e+01,2.082338e+01,2.076123e+01,2.096825e+01,2.075432e+01,2.074742e+01,2.101649e+01,2.076814e+01,2.071287e+01,2.079576e+01,2.080267e+01,2.076814e+01,2.080957e+01,2.069905e+01,2.067139e+01,2.078886e+01,2.071978e+01,2.078886e+01,2.065757e+01,2.056071e+01,2.033205e+01,2.025571e+01,2.022794e+01,2.016542e+01,2.013763e+01,2.013068e+01,2.013763e+01,2.012372e+01,2.017932e+01,2.020016e+01,1.991496e+01,1.992193e+01,2.009591e+01,2.003332e+01,1.985922e+01,1.991496e+01,2.002636e+01,1.986619e+01,2.006810e+01,2.029736e+01,2.059531e+01,2.068522e+01,2.058840e+01,2.071978e+01,2.065065e+01,2.064374e+01,2.063682e+01,2.060223e+01,2.068522e+01,2.062299e+01,2.054687e+01,2.057456e+01,2.059531e+01,2.062990e+01,2.058840e+01,2.060223e+01,2.074051e+01,2.071287e+01,2.073360e+01,2.074051e+01,2.074051e+01,2.073360e+01,2.076123e+01,2.082338e+01,2.082338e+01,2.075432e+01,2.074051e+01,2.085789e+01,2.076814e+01,2.078195e+01,2.076123e+01,2.085789e+01,2.074051e+01,2.077505e+01,2.084409e+01,2.063682e+01,2.079576e+01,2.082338e+01,2.070596e+01,2.075432e+01,2.065757e+01,2.074051e+01,2.064374e+01,2.073360e+01,2.069905e+01,2.062299e+01,2.065757e+01,2.067831e+01,2.065757e+01,2.062299e+01,2.071978e+01,2.068522e+01,2.064374e+01,2.066448e+01,2.067831e+01,2.063682e+01,2.077505e+01,2.067139e+01,2.069213e+01,2.066448e+01,2.056071e+01,2.056763e+01,2.059531e+01,2.072669e+01,2.058148e+01,2.060223e+01,2.062990e+01,2.059531e+01,2.067139e+01,2.066448e+01,2.051918e+01,2.071287e+01,2.066448e+01,2.068522e+01,2.063682e+01,2.071287e+01,2.072669e+01,2.070596e+01,2.069905e+01,2.072669e+01,2.065757e+01,2.069213e+01,2.069213e+01,2.068522e+01,2.070596e+01,2.074051e+01,2.076123e+01,2.080957e+01,2.074742e+01,2.075432e+01,2.083028e+01,2.076123e+01,2.083028e+01,2.076123e+01,2.080267e+01,2.066448e+01,2.083719e+01,2.083028e+01,2.069905e+01,2.087169e+01,2.086479e+01,2.085789e+01,2.096825e+01,2.094067e+01,2.094067e+01,2.074051e+01,2.052610e+01,2.051918e+01,2.010982e+01,1.995675e+01,1.972671e+01,1.990103e+01,1.974067e+01,1.974067e+01,1.976858e+01,1.990103e+01,1.965689e+01,1.969879e+01,1.981042e+01,1.978253e+01,1.975462e+01,1.980345e+01,1.978253e+01,1.982437e+01,1.980345e+01,1.981042e+01,1.980345e+01,1.981740e+01,1.981042e+01,1.983831e+01,1.983134e+01,2.018627e+01,2.116108e+01,2.279235e+01,2.439813e+01,2.485715e+01,2.512895e+01,2.536041e+01,2.552544e+01,2.550565e+01,2.547926e+01,2.536041e+01,2.526128e+01,2.498982e+01,2.492351e+01,2.466447e+01,2.428473e+01,2.424468e+01,2.379636e+01,2.369573e+01,2.331242e+01,2.296149e+01,2.275171e+01,2.247360e+01,2.218112e+01,2.194243e+01,2.184679e+01,2.168264e+01,2.163472e+01,2.148394e+01,2.132607e+01,2.129172e+01,2.128485e+01,2.128485e+01,2.130546e+01,2.128485e+01,2.126423e+01,2.118860e+01,2.116796e+01,2.122298e+01,2.127110e+01,2.131233e+01,2.121611e+01,2.116108e+01,2.125736e+01,2.123674e+01,2.133981e+01,2.125048e+01,2.120923e+01,2.120923e+01,2.123674e+01,2.136041e+01,2.115420e+01,2.121611e+01,2.125048e+01,2.125736e+01,2.118860e+01,2.107160e+01,2.109225e+01,2.105094e+01,2.105094e+01,2.113355e+01,2.109225e+01,2.103716e+01,2.114044e+01,2.100960e+01,2.103027e+01,2.105094e+01,2.111291e+01,2.103027e+01,2.101649e+01,2.129859e+01,2.097514e+01,2.118172e+01,2.103716e+01,2.099582e+01,2.096825e+01,2.118172e+01,2.098203e+01,2.096135e+01,2.101649e+01,2.099582e+01,2.112667e+01,2.107848e+01,2.103716e+01,2.107160e+01,2.102338e+01,2.107160e+01,2.113355e+01,2.099582e+01,2.109225e+01,2.102338e+01,2.103027e+01,2.109914e+01,2.110602e+01,2.106471e+01,2.109225e+01,2.101649e+01,2.108537e+01,2.105782e+01,2.114732e+01,2.107848e+01,2.096825e+01,2.111291e+01,2.115420e+01,2.114044e+01,2.103716e+01,2.107160e+01,2.100960e+01,2.107848e+01,2.111979e+01,2.104405e+01,2.107160e+01,2.101649e+01,2.109914e+01,2.112667e+01,2.105094e+01,2.105094e+01,2.105094e+01,2.111979e+01,2.111291e+01,2.113355e+01,2.101649e+01,2.105094e+01,2.101649e+01,2.120923e+01,2.109225e+01,2.107848e+01,2.119548e+01,2.117484e+01,2.114044e+01,2.115420e+01,2.118172e+01,2.124361e+01,2.102338e+01,2.114044e+01,2.117484e+01,2.116796e+01,2.110602e+01,2.116796e+01,2.111291e+01,2.113355e+01,2.110602e+01,2.107160e+01,2.118172e+01,2.105782e+01,2.103027e+01,2.103716e+01,2.120235e+01,2.112667e+01,2.118860e+01,2.125048e+01,2.117484e+01,2.121611e+01,2.114732e+01,2.120923e+01,2.115420e+01,2.117484e+01,2.116796e+01,2.103027e+01,2.112667e+01,2.114732e+01,2.119548e+01,2.100960e+01,2.111291e+01,2.113355e+01,2.116796e+01,2.109225e+01,2.115420e+01,2.105782e+01,2.115420e+01,2.101649e+01,2.105782e+01,2.111291e+01,2.101649e+01,2.107848e+01,2.114044e+01,2.105782e+01,2.107848e+01,2.107160e+01,2.111979e+01,2.103027e+01,2.107160e+01,2.105782e+01,2.107848e+01,2.108537e+01,2.123674e+01,2.113355e+01,2.113355e+01,2.107848e+01,2.124361e+01,2.115420e+01
2.116108e+01,2.113355e+01,2.123674e+01,2.112667e+01,2.117484e+01,2.109914e+01,2.103716e+01,2.120923e+01,2.105782e+01,2.113355e+01,2.112667e+01,2.128485e+01,2.109225e+01,2.109914e+01,2.118860e+01,2.115420e+01,2.108537e+01,2.111979e+01,2.117484e+01,2.114044e+01,2.118172e+01,2.118172e+01,2.120235e+01,2.118172e+01,2.114732e+01,2.119548e+01,2.116796e+01,2.116796e+01,2.122986e+01,2.110602e+01,2.127110e+01,2.114732e+01,2.117484e+01,2.131920e+01,2.116796e+01,2.120235e+01,2.118860e+01,2.125736e+01,2.125048e+01,2.122986e+01,2.111291e+01,2.126423e+01,2.121611e+01,2.126423e+01,2.127110e+01,2.124361e+01,2.122298e+01,2.121611e+01,2.121611e+01,2.123674e+01,2.118172e+01,2.123674e+01,2.118172e+01,2.119548e+01,2.120235e+01,2.118172e+01,2.117484e+01,2.122986e+01,2.122298e+01,2.120923e+01,2.118860e+01,2.114044e+01,2.115420e+01,2.113355e+01,2.117484e+01,2.125048e+01,2.120235e+01,2.120235e+01,2.118860e+01,2.120923e+01,2.122298e+01,2.130546e+01,2.128485e+01,2.127798e+01,2.121611e+01,2.117484e+01,2.117484e+01,2.137415e+01,2.122986e+01,2.117484e+01,2.129859e+01,2.111979e+01,2.122986e+01,2.121611e+01,2.122298e+01,2.122298e+01,2.119548e+01,2.113355e+01,2.122298e+01,2.118860e+01,2.131233e+01,2.120923e+01,2.118860e+01,2.112667e+01,2.113355e+01,2.114732e+01,2.118860e+01,2.117484e+01,2.118860e+01,2.114732e+01,2.118172e+01,2.118172e+01,2.115420e+01,2.125048e+01,2.124361e+01,2.118860e+01,2.121611e+01,2.121611e+01,2.123674e+01,2.124361e+01,2.121611e+01,2.129172e+01,2.125048e+01,2.127110e+01,2.120235e+01,2.120235e+01,2.123674e+01,2.125048e+01,2.128485e+01,2.114732e+01,2.133981e+01,2.120235e+01,2.120235e+01,2.120235e+01,2.115420e+01,2.121611e+01,2.124361e+01,2.118172e+01,2.125736e+01,2.123674e+01,2.112667e+01,2.116108e+01,2.118172e+01,2.126423e+01,2.111291e+01,2.111979e+01,2.112667e+01,2.119548e+01,2.121611e+01,2.118172e+01,2.109914e+01,2.116796e+01,2.110602e+01,2.108537e+01,2.108537e+01,2.111291e+01,2.114732e+01,2.109914e+01,2.111291e+01,2.109914e+01,2.113355e+01,2.114044e+01,2.114044e+01,2.104405e+01,2.112667e+01,2.112667e+01,2.114044e+01,2.104405e+01,2.103716e+01,2.111291e+01,2.110602e+01,2.114732e+01,2.114044e+01,2.114044e+01,2.119548e+01,2.129172e+01,2.124361e+01,2.124361e+01,2.134668e+01,2.134668e+01,2.132607e+01,2.133981e+01,2.140161e+01,2.127798e+01,2.134668e+01,2.129859e+01,2.129172e+01,2.134668e+01,2.133294e+01,2.136041e+01,2.139474e+01,2.123674e+01,2.131920e+01,2.135355e+01,2.131920e+01,2.133981e+01,2.116796e+01,2.124361e+01,2.095446e+01,2.117484e+01,2.107160e+01,2.111291e+01,2.094067e+01,2.069905e+01,2.099582e+01,2.062990e+01,2.067831e+01,2.057456e+01,2.065065e+01,2.065757e+01,2.047070e+01,2.051225e+01,2.057456e+01,2.042219e+01,2.040833e+01,2.042219e+01,2.019321e+01,1.996371e+01,2.013763e+01,1.985922e+01,1.981740e+01,1.989407e+01,1.992193e+01,1.983134e+01,1.982437e+01,1.979647e+01,1.976858e+01,1.975462e+01,1.977555e+01,1.982437e+01,1.981740e+01,1.980345e+01,1.978950e+01,1.993586e+01,1.994283e+01,1.976160e+01,1.980345e+01,1.981740e+01,1.978950e+01,1.976858e+01,1.976160e+01,1.987316e+01,1.984528e+01,1.984528e+01,1.983831e+01,1.977555e+01,1.976160e+01,1.991496e+01,1.992193e+01,1.983831e+01,1.985922e+01,1.992193e+01,1.994979e+01,1.991496e+01,1.992890e+01,2.013068e+01,2.031124e+01,2.125048e+01,2.186046e+01,2.262292e+01,2.299529e+01,2.306960e+01,2.279235e+01,2.256865e+01,2.223560e+01,2.190145e+01,2.163472e+01,2.124361e+01,2.123674e+01,2.109225e+01,2.095446e+01,2.094067e+01,2.093377e+01,2.096135e+01,2.087859e+01,2.091308e+01,2.082338e+01,2.091998e+01,2.090619e+01,2.069213e+01,2.067139e+01,2.056763e+01,2.046377e+01,2.049840e+01,2.050533e+01,2.071287e+01,2.069905e+01,2.074742e+01,2.079576e+01,2.079576e+01,2.074051e+01,2.068522e+01,2.063682e+01,2.061607e+01,2.062299e+01,2.059531e+01,2.059531e+01,2.065065e+01,2.053303e+01,2.067139e+01,2.050533e+01,2.051225e+01,2.072669e+01,2.073360e+01,2.058840e+01,2.060915e+01,2.053995e+01,2.064374e+01,2.053995e+01,2.047070e+01,2.037366e+01,2.049148e+01,2.026266e+01,2.018627e+01,1.994283e+01,1.990103e+01,2.010287e+01,1.992890e+01,1.980345e+01,1.985225e+01,1.987316e+01,1.982437e+01,1.983831e+01,1.980345e+01,1.969181e+01,1.979647e+01,1.968483e+01,2.004723e+01,2.031124e+01,2.055379e+01,2.061607e+01,2.067139e+01,2.071287e+01,2.064374e+01,2.068522e+01,2.063682e+01,2.060223e+01,2.066448e+01,2.059531e+01,2.064374e+01,2.049840e+01,2.063682e+01,2.062299e+01,2.066448e+01,2.077505e+01,2.081648e+01,2.072669e+01,2.081648e+01,2.087169e+01,2.083028e+01,2.085099e+01,2.076123e+01,2.081648e+01,2.079576e+01,2.074742e+01,2.078195e+01,2.083028e+01,2.075432e+01,2.078886e+01,2.070596e+01,2.074742e+01,2.078886e+01,2.069905e+01,2.067139e+01,2.068522e+01,2.064374e+01,2.074051e+01,2.074742e+01,2.076814e+01,2.066448e+01,2.069905e+01,2.074742e+01,2.071287e+01,2.071978e+01,2.074742e+01,2.074742e+01,2.067831e+01,2.070596e+01,2.069213e+01,2.060915e+01,2.064374e+01,2.065757e+01,2.089239e+01,2.075432e+01,2.058840e+01,2.060915e+01,2.056763e+01,2.071978e+01,2.065065e+01,2.067139e+01,2.067831e+01,2.054687e+01,2.065757e+01,2.056071e+01,2.061607e+01,2.071287e+01,2.067831e+01,2.066448e+01,2.062299e+01,2.062990e+01,2.067139e+01,2.065065e+01,2.063682e+01,2.068522e+01,2.068522e+01,2.067831e+01,2.066448e+01,2.068522e+01,2.075432e+01,2.069213e+01,2.069905e+01,2.071287e+01,2.071287e+01,2.078886e+01,2.074742e+01,2.078195e+01,2.083028e+01,2.082338e+01,2.083028e+01,2.075432e+01,2.075432e+01,2.085099e+01,2.080267e+01,2.078195e+01,2.078195e+01,2.080957e+01,2.080957e+01,2.089239e+01,2.087169e+01,2.086479e+01,2.089929e+01,2.099582e+01,2.100271e+01,2.098203e+01,2.099582e+01,2.092688e+01,2.047762e+01,2.007505e+01,1.994979e+01,1.997764e+01,1.994979e+01,1.978950e+01,1.969879e+01,1.976858e+01,1.986619e+01,1.973369e+01,1.980345e+01,1.974067e+01,1.976160e+01,1.978950e+01,1.979647e+01,1.979647e+01,1.981740e+01,1.981042e+01,1.985225e+01,1.971973e+01,1.976858e+01,1.980345e+01,1.983134e+01,2.015848e+01,2.118860e+01,2.267039e+01,2.389020e+01,2.440480e+01,2.463122e+01,2.512895e+01,2.534059e+01,2.534720e+01,2.549245e+01,2.536041e+01,2.534720e+01,2.509584e+01,2.500971e+01,2.465783e+01,2.465783e+01,2.426471e+01,2.414448e+01,2.382318e+01,2.360843e+01,2.326525e+01,2.298177e+01,2.258901e+01,2.243964e+01,2.218793e+01,2.193560e+01,2.181945e+01,2.171686e+01,2.164841e+01,2.143592e+01,2.142906e+01,2.142220e+01,2.138101e+01,2.127110e+01,2.127798e+01,2.126423e+01,2.114732e+01,2.125736e+01,2.133981e+01,2.125048e+01,2.125736e+01,2.132607e+01,2.143592e+01,2.129859e+01,2.122986e+01,2.120923e+01,2.120923e+01,2.122986e+01,2.125736e+01,2.120923e+01,2.122986e+01,2.122986e+01,2.123674e+01,2.125736e+01,2.125736e+01,2.120235e+01,2.116796e+01,2.109914e+01,2.109914e+01,2.106471e+01,2.109914e+01,2.109225e+01,2.086479e+01,2.103716e+01,2.103027e+01,2.109914e+01,2.103716e+01,2.104405e+01,2.103027e+01,2.100960e+01,2.100271e+01,2.099582e+01,2.098203e+01,2.098893e+01,2.112667e+01,2.098893e+01,2.094067e+01,2.096825e+01,2.100271e+01,2.099582e+01,2.089929e+01,2.103027e+01,2.099582e+01,2.105094e+01,2.106471e+01,2.103027e+01,2.108537e+01,2.103716e+01,2.099582e+01,2.100960e+01,2.113355e+01,2.106471e+01,2.105782e+01,2.109225e+01,2.109225e+01,2.113355e+01,2.103027e+01,2.111979e+01,2.103716e+01,2.108537e+01,2.116108e+01,2.111291e+01,2.122298e+01,2.109914e+01,2.109225e+01,2.118860e+01,2.114044e+01,2.116796e+01,2.108537e+01,2.101649e+01,2.111979e+01,2.105782e+01,2.104405e+01,2.103027e+01,2.109914e+01,2.111979e+01,2.105094e+01,2.107848e+01,2.111291e+01,2.113355e+01,2.106471e+01,2.100960e+01,2.111979e+01,2.100960e+01,2.116108e+01,2.109914e+01,2.120923e+01,2.113355e+01,2.118172e+01,2.118172e+01,2.107160e+01,2.116108e+01,2.111291e+01,2.104405e+01,2.113355e+01,2.111291e+01,2.110602e+01,2.107160e+01,2.111291e+01,2.110602e+01,2.114732e+01,2.110602e+01,2.109914e+01,2.109225e+01,2.105782e+01,2.120923e+01,2.111979e+01,2.118172e+01,2.115420e+01,2.116796e+01,2.116796e+01,2.111979e+01,2.111979e+01,2.133294e+01,2.121611e+01,2.118860e+01,2.100960e+01,2.114044e+01,2.115420e+01,2.113355e+01,2.111291e+01,2.129172e+01,2.107848e+01,2.115420e+01,2.111979e+01,2.116108e+01,2.116108e+01,2.114732e+01,2.113355e+01,2.115420e+01,2.112667e+01,2.112667e+01,2.105782e+01,2.103027e+01,2.103027e+01,2.107160e+01,2.122986e+01,2.107160e+01,2.122298e+01,2.114044e+01,2.102338e+01,2.115420e+01,2.113355e+01,2.122298e+01,2.119548e+01,2.118172e+01,2.105094e+01,2.119548e+01,2.112667e+01,2.115420e+01,2.114732e+01
2.119548e+01,2.118860e+01,2.116108e+01,2.111291e+01,2.114044e+01,2.114732e+01,2.118860e+01,2.127798e+01,2.122298e+01,2.106471e+01,2.110602e+01,2.118860e+01,2.117484e+01,2.116796e+01,2.122298e+01,2.120923e+01,2.116108e+01,2.114044e+01,2.114732e+01,2.135355e+01,2.124361e+01,2.113355e+01,2.107848e+01,2.116796e+01,2.120923e+01,2.118860e+01,2.122298e+01,2.124361e+01,2.118172e+01,2.114044e+01,2.113355e+01,2.122298e+01,2.114044e+01,2.117484e+01,2.114044e+01,2.116108e+01,2.119548e+01,2.118172e+01,2.128485e+01,2.118860e+01,2.126423e+01,2.128485e+01,2.122298e+01,2.121611e+01,2.120923e+01,2.129859e+01,2.120923e+01,2.124361e+01,2.120923e+01,2.118172e+01,2.122298e+01,2.124361e+01,2.120235e+01,2.120923e+01,2.119548e+01,2.127798e+01,2.120235e+01,2.118172e+01,2.125736e+01,2.121611e+01,2.117484e+01,2.128485e+01,2.138101e+01,2.125736e+01,2.115420e+01,2.118860e+01,2.114044e+01,2.117484e+01,2.116108e+01,2.120235e+01,2.118172e+01,2.120235e+01,2.118860e+01,2.119548e+01,2.119548e+01,2.116796e+01,2.117484e+01,2.124361e+01,2.116796e+01,2.118172e+01,2.117484e+01,2.123674e+01,2.131920e+01,2.105782e+01,2.107848e+01,2.111979e+01,2.118172e+01,2.117484e+01,2.117484e+01,2.116796e+01,2.118172e+01,2.120235e+01,2.124361e+01,2.116796e+01,2.118172e+01,2.122298e+01,2.113355e+01,2.115420e+01,2.111291e+01,2.113355e+01,2.114732e+01,2.114044e+01,2.115420e+01,2.116796e+01,2.125048e+01,2.115420e+01,2.125048e+01,2.124361e+01,2.132607e+01,2.123674e+01,2.121611e+01,2.125736e+01,2.127798e+01,2.121611e+01,2.129172e+01,2.120235e+01,2.122298e+01,2.125048e+01,2.114732e+01,2.120923e+01,2.119548e+01,2.123674e+01,2.119548e+01,2.120235e+01,2.118860e+01,2.127798e+01,2.123674e+01,2.128485e+01,2.115420e+01,2.115420e+01,2.118860e+01,2.111979e+01,2.116796e+01,2.118172e+01,2.125048e+01,2.123674e+01,2.123674e+01,2.122986e+01,2.119548e+01,2.116108e+01,2.117484e+01,2.109225e+01,2.108537e+01,2.110602e+01,2.113355e+01,2.111291e+01,2.110602e+01,2.120235e+01,2.111291e+01,2.107160e+01,2.108537e+01,2.117484e+01,2.116796e+01,2.103716e+01,2.106471e+01,2.105094e+01,2.103716e+01,2.103716e+01,2.105782e+01,2.113355e+01,2.112667e+01,2.121611e+01,2.113355e+01,2.127798e+01,2.114044e+01,2.121611e+01,2.129172e+01,2.121611e+01,2.123674e+01,2.129859e+01,2.131233e+01,2.130546e+01,2.121611e+01,2.140161e+01,2.138788e+01,2.138101e+01,2.130546e+01,2.136728e+01,2.136041e+01,2.136728e+01,2.131920e+01,2.140161e+01,2.133981e+01,2.127110e+01,2.127798e+01,2.131233e+01,2.138788e+01,2.127798e+01,2.132607e+01,2.125048e+01,2.127798e+01,2.111291e+01,2.114732e+01,2.107160e+01,2.127110e+01,2.096825e+01,2.097514e+01,2.083028e+01,2.094757e+01,2.094067e+01,2.092688e+01,2.077505e+01,2.069905e+01,2.075432e+01,2.072669e+01,2.074742e+01,2.067139e+01,2.040833e+01,2.043605e+01,2.001940e+01,1.993586e+01,1.990800e+01,1.989407e+01,2.004723e+01,1.990103e+01,1.981740e+01,1.981740e+01,1.980345e+01,1.982437e+01,1.983831e+01,1.980345e+01,1.976160e+01,1.976160e+01,1.979647e+01,1.982437e+01,1.981740e+01,1.975462e+01,1.985922e+01,1.986619e+01,1.988013e+01,1.985922e+01,1.994283e+01,1.985225e+01,1.985922e+01,1.984528e+01,1.988710e+01,1.990103e+01,1.984528e+01,1.988710e+01,1.990103e+01,1.993586e+01,1.992890e+01,1.983134e+01,1.997068e+01,1.994283e+01,1.997068e+01,2.025571e+01,2.084409e+01,2.147708e+01,2.228324e+01,2.294121e+01,2.294797e+01,2.258222e+01,2.223560e+01,2.212661e+01,2.181262e+01,2.160047e+01,2.124361e+01,2.125048e+01,2.105094e+01,2.098893e+01,2.100271e+01,2.095446e+01,2.094067e+01,2.086479e+01,2.085099e+01,2.087169e+01,2.078886e+01,2.076814e+01,2.076123e+01,2.066448e+01,2.053303e+01,2.049148e+01,2.047762e+01,2.047762e+01,2.059531e+01,2.067139e+01,2.042219e+01,2.051225e+01,2.069905e+01,2.039447e+01,2.063682e+01,2.065065e+01,2.055379e+01,2.047070e+01,2.051225e+01,2.057456e+01,2.053995e+01,2.057456e+01,2.051225e+01,2.050533e+01,2.051918e+01,2.054687e+01,2.053303e+01,2.049840e+01,2.055379e+01,2.061607e+01,2.057456e+01,2.062299e+01,2.043605e+01,2.042219e+01,2.034592e+01,2.009591e+01,2.006114e+01,1.988710e+01,1.989407e+01,1.988013e+01,1.988013e+01,1.979647e+01,1.985225e+01,1.981042e+01,1.977555e+01,1.975462e+01,1.983134e+01,1.973369e+01,1.978950e+01,1.969181e+01,1.983134e+01,1.996371e+01,2.007505e+01,2.028348e+01,2.027654e+01,2.061607e+01,2.067831e+01,2.065757e+01,2.065065e+01,2.067139e+01,2.062990e+01,2.061607e+01,2.056071e+01,2.059531e+01,2.064374e+01,2.066448e+01,2.070596e+01,2.071978e+01,2.069905e+01,2.080267e+01,2.085099e+01,2.074742e+01,2.084409e+01,2.077505e+01,2.085099e+01,2.087169e+01,2.080957e+01,2.079576e+01,2.075432e+01,2.075432e+01,2.075432e+01,2.073360e+01,2.071978e+01,2.067831e+01,2.065757e+01,2.078195e+01,2.069213e+01,2.065757e+01,2.074742e+01,2.080957e+01,2.072669e+01,2.071287e+01,2.069213e+01,2.072669e+01,2.072669e+01,2.065065e+01,2.059531e+01,2.063682e+01,2.062990e+01,2.070596e+01,2.064374e+01,2.069213e+01,2.070596e+01,2.072669e+01,2.062299e+01,2.065757e+01,2.066448e+01,2.074742e+01,2.055379e+01,2.061607e+01,2.074742e+01,2.060915e+01,2.062299e+01,2.071287e+01,2.074742e+01,2.048455e+01,2.070596e+01,2.068522e+01,2.068522e+01,2.071287e+01,2.070596e+01,2.067139e+01,2.064374e+01,2.072669e+01,2.058840e+01,2.062990e+01,2.056763e+01,2.069905e+01,2.067831e+01,2.065757e+01,2.061607e+01,2.070596e+01,2.068522e+01,2.076123e+01,2.074051e+01,2.073360e+01,2.072669e+01,2.080267e+01,2.087859e+01,2.073360e+01,2.074742e+01,2.080957e+01,2.080267e+01,2.080957e+01,2.075432e+01,2.076123e+01,2.078886e+01,2.076814e+01,2.080957e+01,2.081648e+01,2.080267e+01,2.087859e+01,2.090619e+01,2.105782e+01,2.104405e+01,2.097514e+01,2.103716e+01,2.108537e+01,2.105782e+01,2.060915e+01,2.047070e+01,2.003332e+01,1.990103e+01,1.977555e+01,1.974764e+01,1.979647e+01,1.975462e+01,1.973369e+01,1.981042e+01,1.981740e+01,1.973369e+01,1.978950e+01,1.978950e+01,1.981042e+01,1.980345e+01,1.969181e+01,1.978253e+01,1.967086e+01,1.978253e+01,1.981740e+01,1.981740e+01,1.982437e+01,2.013763e+01,2.089239e+01,2.215387e+01,2.322480e+01,2.388350e+01,2.418457e+01,2.448477e+01,2.464452e+01,2.481067e+01,2.500308e+01,2.508259e+01,2.518190e+01,2.496330e+01,2.489033e+01,2.487042e+01,2.461126e+01,2.435145e+01,2.421797e+01,2.383659e+01,2.373599e+01,2.331242e+01,2.305609e+01,2.274494e+01,2.263649e+01,2.214705e+01,2.208571e+01,2.206525e+01,2.189462e+01,2.158677e+01,2.153194e+01,2.142906e+01,2.133294e+01,2.136041e+01,2.132607e+01,2.127110e+01,2.127798e+01,2.125048e+01,2.127798e+01,2.129859e+01,2.133294e+01,2.126423e+01,2.121611e+01,2.133294e+01,2.126423e+01,2.119548e+01,2.127110e+01,2.120235e+01,2.122298e+01,2.121611e+01,2.122298e+01,2.119548e+01,2.118172e+01,2.114732e+01,2.117484e+01,2.126423e+01,2.122298e+01,2.110602e+01,2.111979e+01,2.105782e+01,2.109914e+01,2.111291e+01,2.114044e+01,2.105094e+01,2.106471e+01,2.101649e+01,2.103027e+01,2.109914e+01,2.093377e+01,2.100271e+01,2.100960e+01,2.098893e+01,2.099582e+01,2.097514e+01,2.099582e+01,2.099582e+01,2.099582e+01,2.098203e+01,2.094757e+01,2.094757e+01,2.101649e+01,2.100271e+01,2.091308e+01,2.105094e+01,2.101649e+01,2.109225e+01,2.102338e+01,2.100960e+01,2.101649e+01,2.099582e+01,2.099582e+01,2.104405e+01,2.106471e+01,2.105782e+01,2.111291e+01,2.107160e+01,2.106471e+01,2.114044e+01,2.109914e+01,2.098203e+01,2.108537e+01,2.107848e+01,2.105094e+01,2.111291e+01,2.117484e+01,2.107160e+01,2.107160e+01,2.116108e+01,2.102338e+01,2.112667e+01,2.122298e+01,2.112667e+01,2.103716e+01,2.103716e+01,2.109225e+01,2.114732e+01,2.110602e+01,2.109225e+01,2.109914e+01,2.109914e+01,2.109225e+01,2.111979e+01,2.111291e+01,2.109914e+01,2.107160e+01,2.104405e+01,2.105094e+01,2.120923e+01,2.111291e+01,2.109914e+01,2.118860e+01,2.114044e+01,2.112667e+01,2.108537e+01,2.104405e+01,2.114732e+01,2.113355e+01,2.114044e+01,2.110602e+01,2.114044e+01,2.111979e+01,2.111291e+01,2.111291e+01,2.106471e+01,2.104405e+01,2.105782e+01,2.104405e+01,2.107848e+01,2.125736e+01,2.126423e+01,2.115420e+01,2.111979e+01,2.115420e+01,2.116796e+01,2.116796e+01,2.116796e+01,2.118172e+01,2.115420e+01,2.118860e+01,2.117484e+01,2.115420e+01,2.115420e+01,2.120235e+01,2.114044e+01,2.116108e+01,2.123674e+01,2.109914e+01,2.122986e+01,2.103716e+01,2.106471e+01,2.114732e+01,2.107160e+01,2.110602e+01,2.110602e+01,2.109914e+01,2.110602e+01,2.108537e+01,2.107848e+01,2.107160e+01,2.115420e+01,2.107848e+01,2.107848e+01,2.108537e+01,2.103716e+01,2.109225e+01,2.114044e+01,2.120923e+01,2.116108e+01,2.100960e+01,2.110602e+01,2.111979e+01,2.105782e+01
2.125736e+01,2.115420e+01,2.111291e+01,2.111291e+01,2.116108e+01,2.106471e+01,2.115420e+01,2.115420e+01,2.113355e+01,2.111291e+01,2.109914e+01,2.108537e+01,2.111979e+01,2.117484e+01,2.119548e+01,2.116108e+01,2.118860e+01,2.111291e+01,2.128485e+01,2.109914e+01,2.118860e+01,2.113355e+01,2.108537e+01,2.117484e+01,2.121611e+01,2.116796e+01,2.102338e+01,2.119548e+01,2.128485e+01,2.115420e+01,2.129172e+01,2.115420e+01,2.118172e+01,2.118860e+01,2.118860e+01,2.115420e+01,2.116796e+01,2.122986e+01,2.129859e+01,2.129172e+01,2.129172e+01,2.122986e+01,2.121611e+01,2.117484e+01,2.115420e+01,2.116108e+01,2.117484e+01,2.120923e+01,2.122298e+01,2.120923e+01,2.121611e+01,2.128485e+01,2.126423e+01,2.128485e+01,2.120923e+01,2.122986e+01,2.129172e+01,2.116796e+01,2.114044e+01,2.118172e+01,2.127110e+01,2.118172e+01,2.116108e+01,2.112667e+01,2.120235e+01,2.125736e+01,2.111979e+01,2.127798e+01,2.120923e+01,2.113355e+01,2.114044e+01,2.117484e+01,2.124361e+01,2.117484e+01,2.114044e+01,2.110602e+01,2.115420e+01,2.119548e+01,2.115420e+01,2.116796e+01,2.114044e+01,2.116796e+01,2.113355e+01,2.108537e+01,2.109914e+01,2.111979e+01,2.109225e+01,2.113355e+01,2.114044e+01,2.119548e+01,2.123674e+01,2.123674e+01,2.118860e+01,2.118172e+01,2.122298e+01,2.121611e+01,2.116796e+01,2.115420e+01,2.122298e+01,2.114732e+01,2.111291e+01,2.118172e+01,2.114732e+01,2.120923e+01,2.122986e+01,2.116108e+01,2.105782e+01,2.123674e+01,2.121611e+01,2.120235e+01,2.118860e+01,2.122298e+01,2.125048e+01,2.121611e+01,2.130546e+01,2.126423e+01,2.134668e+01,2.118172e+01,2.126423e+01,2.117484e+01,2.116108e+01,2.119548e+01,2.120923e+01,2.121611e+01,2.118172e+01,2.123674e+01,2.114044e+01,2.125736e+01,2.113355e+01,2.124361e+01,2.113355e+01,2.121611e+01,2.116796e+01,2.129172e+01,2.115420e+01,2.110602e+01,2.122986e+01,2.120923e+01,2.109225e+01,2.116796e+01,2.104405e+01,2.105782e+01,2.109914e+01,2.110602e+01,2.109914e+01,2.107848e+01,2.111291e+01,2.109225e+01,2.109914e+01,2.115420e+01,2.103716e+01,2.112667e+01,2.098203e+01,2.106471e+01,2.101649e+01,2.109225e+01,2.108537e+01,2.099582e+01,2.107848e+01,2.101649e+01,2.109914e+01,2.111979e+01,2.114044e+01,2.125048e+01,2.114732e+01,2.119548e+01,2.120923e+01,2.120235e+01,2.129172e+01,2.124361e+01,2.129859e+01,2.125736e+01,2.129172e+01,2.134668e+01,2.129172e+01,2.140161e+01,2.132607e+01,2.122986e+01,2.138101e+01,2.140161e+01,2.139474e+01,2.130546e+01,2.137415e+01,2.127798e+01,2.135355e+01,2.131233e+01,2.132607e+01,2.127110e+01,2.126423e+01,2.124361e+01,2.128485e+01,2.121611e+01,2.132607e+01,2.130546e+01,2.119548e+01,2.107848e+01,2.125048e+01,2.114732e+01,2.103716e+01,2.113355e+01,2.109914e+01,2.098203e+01,2.104405e+01,2.099582e+01,2.100271e+01,2.084409e+01,2.069213e+01,2.070596e+01,2.049840e+01,2.022100e+01,1.996371e+01,1.990103e+01,1.993586e+01,1.990103e+01,1.976858e+01,1.976160e+01,1.985922e+01,1.976858e+01,1.976858e+01,1.977555e+01,1.971275e+01,1.971973e+01,1.971973e+01,1.976858e+01,1.981740e+01,1.980345e+01,1.981740e+01,1.988710e+01,1.982437e+01,1.978950e+01,1.978253e+01,1.991496e+01,1.991496e+01,1.981042e+01,1.984528e+01,1.981740e+01,1.985922e+01,1.986619e+01,1.985225e+01,1.997068e+01,1.983831e+01,1.992193e+01,1.994283e+01,2.000548e+01,1.998460e+01,1.999156e+01,2.012372e+01,2.056071e+01,2.139474e+01,2.202432e+01,2.251435e+01,2.266361e+01,2.255508e+01,2.222198e+01,2.209252e+01,2.159362e+01,2.162102e+01,2.125736e+01,2.103716e+01,2.096825e+01,2.089239e+01,2.089929e+01,2.094757e+01,2.084409e+01,2.074742e+01,2.081648e+01,2.078195e+01,2.079576e+01,2.078195e+01,2.074742e+01,2.071978e+01,2.054687e+01,2.047070e+01,2.046377e+01,2.048455e+01,2.052610e+01,2.058840e+01,2.048455e+01,2.054687e+01,2.056071e+01,2.040833e+01,2.056071e+01,2.056763e+01,2.049840e+01,2.047070e+01,2.050533e+01,2.055379e+01,2.057456e+01,2.055379e+01,2.049840e+01,2.048455e+01,2.049840e+01,2.052610e+01,2.049148e+01,2.056763e+01,2.062299e+01,2.059531e+01,2.059531e+01,2.043605e+01,2.031818e+01,2.044991e+01,2.004723e+01,2.010982e+01,1.994979e+01,1.987316e+01,1.979647e+01,1.981740e+01,1.979647e+01,1.981042e+01,1.971275e+01,1.983831e+01,1.978950e+01,1.976858e+01,1.986619e+01,1.973369e+01,1.969181e+01,1.969879e+01,1.976160e+01,1.979647e+01,1.990103e+01,1.985225e+01,2.003332e+01,2.025571e+01,2.056071e+01,2.058148e+01,2.069905e+01,2.070596e+01,2.060915e+01,2.059531e+01,2.055379e+01,2.060223e+01,2.066448e+01,2.062990e+01,2.075432e+01,2.076123e+01,2.074742e+01,2.074051e+01,2.084409e+01,2.077505e+01,2.085789e+01,2.084409e+01,2.077505e+01,2.084409e+01,2.080267e+01,2.078886e+01,2.073360e+01,2.079576e+01,2.074051e+01,2.073360e+01,2.076123e+01,2.073360e+01,2.072669e+01,2.076814e+01,2.065065e+01,2.073360e+01,2.062299e+01,2.069213e+01,2.068522e+01,2.069905e+01,2.073360e+01,2.072669e+01,2.063682e+01,2.072669e+01,2.074051e+01,2.070596e+01,2.063682e+01,2.063682e+01,2.067139e+01,2.070596e+01,2.064374e+01,2.048455e+01,2.065065e+01,2.062299e+01,2.062299e+01,2.061607e+01,2.060223e+01,2.070596e+01,2.068522e+01,2.053995e+01,2.058148e+01,2.067831e+01,2.058148e+01,2.067831e+01,2.062299e+01,2.069213e+01,2.063682e+01,2.065757e+01,2.056071e+01,2.053303e+01,2.056071e+01,2.062299e+01,2.067831e+01,2.068522e+01,2.067139e+01,2.065065e+01,2.062990e+01,2.064374e+01,2.069213e+01,2.055379e+01,2.073360e+01,2.073360e+01,2.071287e+01,2.073360e+01,2.071978e+01,2.082338e+01,2.069213e+01,2.075432e+01,2.068522e+01,2.083028e+01,2.077505e+01,2.080957e+01,2.076123e+01,2.075432e+01,2.080267e+01,2.081648e+01,2.076123e+01,2.080957e+01,2.080267e+01,2.094757e+01,2.094067e+01,2.098893e+01,2.090619e+01,2.105094e+01,2.095446e+01,2.105782e+01,2.104405e+01,2.105782e+01,2.078195e+01,2.047070e+01,2.015848e+01,2.000548e+01,1.990103e+01,1.987316e+01,1.974764e+01,1.972671e+01,1.978950e+01,1.971973e+01,1.980345e+01,1.976858e+01,1.976858e+01,1.976858e+01,1.979647e+01,1.978253e+01,1.974764e+01,1.976160e+01,1.978950e+01,1.977555e+01,1.971275e+01,1.981042e+01,2.013763e+01,2.081648e+01,2.181945e+01,2.256865e+01,2.305609e+01,2.336630e+01,2.360171e+01,2.388350e+01,2.445812e+01,2.462457e+01,2.461791e+01,2.475089e+01,2.481731e+01,2.485715e+01,2.480403e+01,2.463122e+01,2.442480e+01,2.426471e+01,2.416452e+01,2.384999e+01,2.364201e+01,2.331242e+01,2.309660e+01,2.294797e+01,2.246681e+01,2.225602e+01,2.209252e+01,2.195608e+01,2.161417e+01,2.167580e+01,2.160047e+01,2.140847e+01,2.140161e+01,2.140161e+01,2.129172e+01,2.128485e+01,2.125048e+01,2.126423e+01,2.118860e+01,2.123674e+01,2.116108e+01,2.131233e+01,2.121611e+01,2.116796e+01,2.129859e+01,2.120923e+01,2.119548e+01,2.122986e+01,2.122298e+01,2.122986e+01,2.126423e+01,2.128485e+01,2.122986e+01,2.123674e+01,2.122298e+01,2.122298e+01,2.105782e+01,2.114044e+01,2.111979e+01,2.114044e+01,2.110602e+01,2.108537e+01,2.103027e+01,2.104405e+01,2.101649e+01,2.107160e+01,2.109225e+01,2.104405e+01,2.088549e+01,2.107848e+01,2.098893e+01,2.096135e+01,2.098893e+01,2.097514e+01,2.100960e+01,2.100271e+01,2.096135e+01,2.102338e+01,2.096825e+01,2.099582e+01,2.087859e+01,2.102338e+01,2.104405e+01,2.113355e+01,2.104405e+01,2.102338e+01,2.098203e+01,2.098893e+01,2.120235e+01,2.111979e+01,2.104405e+01,2.101649e+01,2.105782e+01,2.107160e+01,2.106471e+01,2.109914e+01,2.115420e+01,2.111291e+01,2.114732e+01,2.123674e+01,2.109914e+01,2.103027e+01,2.110602e+01,2.113355e+01,2.108537e+01,2.107848e+01,2.105782e+01,2.103027e+01,2.114044e+01,2.114044e+01,2.112667e+01,2.105782e+01,2.104405e+01,2.101649e+01,2.111291e+01,2.105094e+01,2.106471e+01,2.118172e+01,2.120923e+01,2.107848e+01,2.112667e+01,2.109225e+01,2.100960e+01,2.104405e+01,2.105782e+01,2.107160e+01,2.107160e+01,2.119548e+01,2.106471e+01,2.106471e+01,2.108537e+01,2.101649e+01,2.110602e+01,2.112667e+01,2.114044e+01,2.114044e+01,2.114732e+01,2.114044e+01,2.107848e+01,2.097514e+01,2.105094e+01,2.112667e+01,2.104405e+01,2.115420e+01,2.115420e+01,2.114732e+01,2.104405e+01,2.114044e+01,2.112667e+01,2.109914e+01,2.111291e+01,2.114044e+01,2.114044e+01,2.110602e+01,2.114044e+01,2.115420e+01,2.110602e+01,2.116108e+01,2.114732e+01,2.112667e+01,2.111291e+01,2.119548e+01,2.116108e+01,2.115420e+01,2.117484e+01,2.125048e+01,2.100271e+01,2.121611e+01,2.105094e+01,2.117484e+01,2.110602e+01,2.110602e+01,2.112667e+01,2.112667e+01,2.118172e+01,2.111291e+01,2.107848e+01,2.120235e+01,2.103027e+01,2.100960e+01,2.119548e+01,2.105094e+01,2.108537e+01,2.116108e+01,2.114732e+01,2.107160e+01,2.113355e+01,2.107848e+01,2.105782e+01,2.111979e+01,2.103027e+01
2.127110e+01,2.118172e+01,2.116108e+01,2.114044e+01,2.123674e+01,2.118172e+01,2.120923e+01,2.120923e+01,2.117484e+01,2.108537e+01,2.109914e+01,2.120235e+01,2.108537e+01,2.111979e+01,2.116796e+01,2.114044e+01,2.118172e+01,2.127798e+01,2.112667e+01,2.114044e+01,2.124361e+01,2.116108e+01,2.113355e+01,2.117484e+01,2.114044e+01,2.126423e+01,2.124361e+01,2.119548e+01,2.123674e+01,2.116108e+01,2.119548e+01,2.115420e+01,2.116796e+01,2.122986e+01,2.120923e+01,2.120923e+01,2.124361e+01,2.125048e+01,2.133294e+01,2.131233e+01,2.118860e+01,2.119548e+01,2.120923e+01,2.117484e+01,2.111291e+01,2.117484e+01,2.122298e+01,2.114732e+01,2.123674e+01,2.131233e+01,2.124361e+01,2.122986e+01,2.143592e+01,2.126423e+01,2.120235e+01,2.136728e+01,2.121611e+01,2.120923e+01,2.118172e+01,2.128485e+01,2.114732e+01,2.113355e+01,2.127110e+01,2.124361e+01,2.120923e+01,2.120923e+01,2.114044e+01,2.120923e+01,2.127798e+01,2.126423e+01,2.116796e+01,2.120923e+01,2.120235e+01,2.129172e+01,2.116108e+01,2.127798e+01,2.123674e+01,2.108537e+01,2.107160e+01,2.109914e+01,2.113355e+01,2.114044e+01,2.110602e+01,2.120235e+01,2.111979e+01,2.125048e+01,2.120923e+01,2.112667e+01,2.118860e+01,2.112667e+01,2.116796e+01,2.116796e+01,2.119548e+01,2.121611e+01,2.114044e+01,2.119548e+01,2.120235e+01,2.121611e+01,2.115420e+01,2.126423e+01,2.114732e+01,2.114044e+01,2.116108e+01,2.126423e+01,2.119548e+01,2.120923e+01,2.123674e+01,2.129172e+01,2.125048e+01,2.118860e+01,2.124361e+01,2.123674e+01,2.125048e+01,2.119548e+01,2.115420e+01,2.122986e+01,2.120235e+01,2.119548e+01,2.122986e+01,2.119548e+01,2.121611e+01,2.118172e+01,2.119548e+01,2.124361e+01,2.101649e+01,2.119548e+01,2.114044e+01,2.116796e+01,2.114044e+01,2.116796e+01,2.110602e+01,2.114044e+01,2.115420e+01,2.114044e+01,2.108537e+01,2.111979e+01,2.115420e+01,2.109914e+01,2.107160e+01,2.110602e+01,2.109225e+01,2.114732e+01,2.110602e+01,2.107160e+01,2.108537e+01,2.111291e+01,2.107160e+01,2.111979e+01,2.093377e+01,2.115420e+01,2.108537e+01,2.107160e+01,2.122986e+01,2.100271e+01,2.103716e+01,2.102338e+01,2.105782e+01,2.104405e+01,2.114044e+01,2.112667e+01,2.111291e+01,2.111291e+01,2.114044e+01,2.118172e+01,2.117484e+01,2.114732e+01,2.122986e+01,2.131920e+01,2.128485e+01,2.125048e+01,2.129859e+01,2.130546e+01,2.125736e+01,2.140847e+01,2.122986e+01,2.131920e+01,2.133294e+01,2.122986e+01,2.136041e+01,2.131920e+01,2.138101e+01,2.140161e+01,2.140847e+01,2.140847e+01,2.134668e+01,2.131233e+01,2.136041e+01,2.127798e+01,2.136041e+01,2.133981e+01,2.120923e+01,2.130546e+01,2.125736e+01,2.132607e+01,2.130546e+01,2.136041e+01,2.136041e+01,2.136041e+01,2.133294e+01,2.120923e+01,2.114732e+01,2.120923e+01,2.122986e+01,2.120235e+01,2.103027e+01,2.078195e+01,2.072669e+01,2.055379e+01,2.033205e+01,2.026960e+01,1.992890e+01,1.985922e+01,1.991496e+01,1.990800e+01,1.990800e+01,1.988013e+01,1.978253e+01,1.974764e+01,1.979647e+01,1.970577e+01,1.972671e+01,1.982437e+01,1.985922e+01,1.981042e+01,1.974764e+01,1.979647e+01,1.982437e+01,1.981740e+01,1.992193e+01,1.978950e+01,1.980345e+01,1.991496e+01,1.997068e+01,1.994283e+01,1.992890e+01,1.995675e+01,1.993586e+01,1.992890e+01,1.989407e+01,1.989407e+01,1.995675e+01,1.998460e+01,1.995675e+01,1.989407e+01,2.001244e+01,1.999852e+01,2.003332e+01,2.056071e+01,2.118172e+01,2.162787e+01,2.220155e+01,2.220155e+01,2.220155e+01,2.218793e+01,2.162102e+01,2.141533e+01,2.120923e+01,2.123674e+01,2.096825e+01,2.089929e+01,2.091308e+01,2.076814e+01,2.083719e+01,2.083028e+01,2.081648e+01,2.065757e+01,2.076814e+01,2.060223e+01,2.057456e+01,2.051225e+01,2.044991e+01,2.046377e+01,2.047070e+01,2.051225e+01,2.045684e+01,2.045684e+01,2.044991e+01,2.070596e+01,2.053995e+01,2.047070e+01,2.054687e+01,2.043605e+01,2.047070e+01,2.049148e+01,2.044991e+01,2.053995e+01,2.049840e+01,2.054687e+01,2.056763e+01,2.056071e+01,2.053303e+01,2.046377e+01,2.041526e+01,2.053303e+01,2.047070e+01,2.060223e+01,2.044298e+01,2.042912e+01,2.042219e+01,2.040140e+01,2.015848e+01,2.006114e+01,2.000548e+01,1.986619e+01,1.990800e+01,1.986619e+01,1.981740e+01,1.997068e+01,1.987316e+01,1.978253e+01,1.979647e+01,1.972671e+01,1.974067e+01,1.961498e+01,1.971275e+01,1.967785e+01,1.967086e+01,1.973369e+01,1.984528e+01,1.988710e+01,1.984528e+01,1.983831e+01,2.006114e+01,2.020016e+01,2.033899e+01,2.061607e+01,2.060223e+01,2.058148e+01,2.060915e+01,2.064374e+01,2.063682e+01,2.065065e+01,2.056071e+01,2.071978e+01,2.072669e+01,2.076814e+01,2.074742e+01,2.080957e+01,2.084409e+01,2.085099e+01,2.087859e+01,2.083719e+01,2.083719e+01,2.082338e+01,2.078195e+01,2.078886e+01,2.078195e+01,2.078195e+01,2.079576e+01,2.083719e+01,2.078886e+01,2.064374e+01,2.060915e+01,2.074051e+01,2.066448e+01,2.061607e+01,2.071978e+01,2.060223e+01,2.062990e+01,2.071978e+01,2.072669e+01,2.069213e+01,2.065757e+01,2.067831e+01,2.065065e+01,2.064374e+01,2.070596e+01,2.068522e+01,2.076814e+01,2.067831e+01,2.071978e+01,2.067831e+01,2.066448e+01,2.056763e+01,2.064374e+01,2.062299e+01,2.058840e+01,2.066448e+01,2.063682e+01,2.056763e+01,2.060223e+01,2.058840e+01,2.059531e+01,2.061607e+01,2.062990e+01,2.061607e+01,2.063682e+01,2.066448e+01,2.073360e+01,2.065065e+01,2.061607e+01,2.064374e+01,2.061607e+01,2.065065e+01,2.065065e+01,2.064374e+01,2.064374e+01,2.070596e+01,2.067139e+01,2.069213e+01,2.069213e+01,2.068522e+01,2.069905e+01,2.073360e+01,2.069213e+01,2.074051e+01,2.078886e+01,2.074051e+01,2.091998e+01,2.078195e+01,2.090619e+01,2.071978e+01,2.087859e+01,2.077505e+01,2.080957e+01,2.082338e+01,2.083028e+01,2.081648e+01,2.082338e+01,2.091308e+01,2.097514e+01,2.103027e+01,2.103716e+01,2.103716e+01,2.104405e+01,2.105782e+01,2.103716e+01,2.105782e+01,2.087169e+01,2.080267e+01,2.047070e+01,2.002636e+01,1.985225e+01,1.985922e+01,1.966388e+01,1.983831e+01,1.974067e+01,1.986619e+01,1.974067e+01,1.974067e+01,1.977555e+01,1.975462e+01,1.975462e+01,1.975462e+01,1.973369e+01,1.972671e+01,1.983134e+01,1.979647e+01,1.982437e+01,2.010982e+01,2.080267e+01,2.140847e+01,2.199021e+01,2.237847e+01,2.266361e+01,2.307635e+01,2.318433e+01,2.350089e+01,2.380307e+01,2.411774e+01,2.413111e+01,2.445146e+01,2.453805e+01,2.445146e+01,2.441813e+01,2.441813e+01,2.431143e+01,2.416452e+01,2.399734e+01,2.384999e+01,2.354795e+01,2.332589e+01,2.304933e+01,2.275171e+01,2.252793e+01,2.231046e+01,2.205161e+01,2.194243e+01,2.175107e+01,2.144964e+01,2.144278e+01,2.144964e+01,2.143592e+01,2.120235e+01,2.129172e+01,2.123674e+01,2.122298e+01,2.132607e+01,2.133981e+01,2.129172e+01,2.131920e+01,2.127798e+01,2.124361e+01,2.127110e+01,2.127110e+01,2.127798e+01,2.132607e+01,2.131233e+01,2.127798e+01,2.125736e+01,2.125736e+01,2.127798e+01,2.119548e+01,2.107160e+01,2.113355e+01,2.120235e+01,2.103027e+01,2.110602e+01,2.111291e+01,2.111291e+01,2.107848e+01,2.109914e+01,2.108537e+01,2.107848e+01,2.107848e+01,2.106471e+01,2.103027e+01,2.109225e+01,2.098893e+01,2.097514e+01,2.097514e+01,2.100960e+01,2.100960e+01,2.112667e+01,2.101649e+01,2.109225e+01,2.098203e+01,2.096135e+01,2.091998e+01,2.102338e+01,2.098203e+01,2.100960e+01,2.106471e+01,2.097514e+01,2.098203e+01,2.100960e+01,2.101649e+01,2.099582e+01,2.107160e+01,2.100271e+01,2.102338e+01,2.104405e+01,2.111291e+01,2.105782e+01,2.109914e+01,2.113355e+01,2.096825e+01,2.108537e+01,2.116796e+01,2.107160e+01,2.115420e+01,2.116796e+01,2.114732e+01,2.111979e+01,2.104405e+01,2.112667e+01,2.105782e+01,2.101649e+01,2.109225e+01,2.104405e+01,2.111979e+01,2.115420e+01,2.111291e+01,2.112667e+01,2.110602e+01,2.107160e+01,2.106471e+01,2.117484e+01,2.112667e+01,2.107848e+01,2.107160e+01,2.103716e+01,2.104405e+01,2.103027e+01,2.107160e+01,2.103716e+01,2.109914e+01,2.113355e+01,2.105782e+01,2.115420e+01,2.105094e+01,2.112667e+01,2.102338e+01,2.114044e+01,2.114044e+01,2.111979e+01,2.116108e+01,2.111979e+01,2.110602e+01,2.109914e+01,2.113355e+01,2.118172e+01,2.114044e+01,2.122298e+01,2.107848e+01,2.110602e+01,2.118860e+01,2.110602e+01,2.116108e+01,2.111979e+01,2.110602e+01,2.114044e+01,2.110602e+01,2.116796e+01,2.114732e+01,2.112667e+01,2.118860e+01,2.116796e+01,2.116108e+01,2.115420e+01,2.114044e+01,2.103716e+01,2.116108e+01,2.118860e+01,2.111979e+01,2.112667e+01,2.117484e+01,2.113355e+01,2.121611e+01,2.114044e+01,2.111291e+01,2.111979e+01,2.114044e+01,2.097514e+01,2.111979e+01,2.112667e+01,2.105094e+01,2.106471e+01,2.105782e+01,2.105782e+01,2.109914e+01,2.111291e+01,2.111291e+01,2.111291e+01,2.107848e+01,2.109914e+01,2.109225e+01,2.107160e+01,2.107848e+01,2.113355e+01
2.097514e+01,2.118860e+01,2.116108e+01,2.111979e+01,2.107160e+01,2.109225e+01,2.125048e+01,2.119548e+01,2.111291e+01,2.119548e+01,2.119548e+01,2.108537e+01,2.109225e+01,2.118860e+01,2.118860e+01,2.108537e+01,2.105782e+01,2.116108e+01,2.109914e+01,2.119548e+01,2.112667e+01,2.117484e+01,2.114044e+01,2.103716e+01,2.109225e+01,2.122298e+01,2.105094e+01,2.124361e+01,2.121611e+01,2.113355e+01,2.114732e+01,2.125736e+01,2.114044e+01,2.122298e+01,2.125048e+01,2.117484e+01,2.115420e+01,2.114732e+01,2.120923e+01,2.126423e+01,2.121611e+01,2.117484e+01,2.116796e+01,2.117484e+01,2.116796e+01,2.114044e+01,2.117484e+01,2.118172e+01,2.127110e+01,2.126423e+01,2.122986e+01,2.124361e+01,2.118860e+01,2.120235e+01,2.127798e+01,2.130546e+01,2.116796e+01,2.114732e+01,2.116796e+01,2.115420e+01,2.116108e+01,2.118860e+01,2.126423e+01,2.125736e+01,2.122298e+01,2.122986e+01,2.115420e+01,2.126423e+01,2.112667e+01,2.115420e+01,2.122298e+01,2.120235e+01,2.116108e+01,2.108537e+01,2.120235e+01,2.121611e+01,2.114732e+01,2.109225e+01,2.114732e+01,2.109914e+01,2.121611e+01,2.111291e+01,2.115420e+01,2.124361e+01,2.123674e+01,2.120923e+01,2.109225e+01,2.114044e+01,2.122986e+01,2.109225e+01,2.118860e+01,2.119548e+01,2.114732e+01,2.120235e+01,2.133294e+01,2.121611e+01,2.118172e+01,2.117484e+01,2.116108e+01,2.122986e+01,2.114044e+01,2.128485e+01,2.118860e+01,2.115420e+01,2.122986e+01,2.122298e+01,2.115420e+01,2.129172e+01,2.113355e+01,2.124361e+01,2.121611e+01,2.121611e+01,2.125736e+01,2.127110e+01,2.118172e+01,2.114732e+01,2.116796e+01,2.125048e+01,2.120235e+01,2.120235e+01,2.116108e+01,2.118172e+01,2.111291e+01,2.120235e+01,2.120235e+01,2.106471e+01,2.115420e+01,2.112667e+01,2.102338e+01,2.114732e+01,2.118172e+01,2.116796e+01,2.116108e+01,2.112667e+01,2.120923e+01,2.117484e+01,2.122986e+01,2.106471e+01,2.105094e+01,2.115420e+01,2.111979e+01,2.113355e+01,2.105782e+01,2.102338e+01,2.114044e+01,2.105782e+01,2.104405e+01,2.105782e+01,2.109914e+01,2.116796e+01,2.106471e+01,2.109914e+01,2.100960e+01,2.105782e+01,2.106471e+01,2.101649e+01,2.103716e+01,2.100960e+01,2.114044e+01,2.114044e+01,2.110602e+01,2.109914e+01,2.111291e+01,2.111979e+01,2.118172e+01,2.128485e+01,2.120923e+01,2.122298e+01,2.118172e+01,2.125048e+01,2.131233e+01,2.129859e+01,2.129859e+01,2.127798e+01,2.133294e+01,2.131920e+01,2.131233e+01,2.133294e+01,2.131233e+01,2.133294e+01,2.135355e+01,2.141533e+01,2.141533e+01,2.131920e+01,2.131233e+01,2.129859e+01,2.137415e+01,2.134668e+01,2.129172e+01,2.134668e+01,2.136041e+01,2.132607e+01,2.136041e+01,2.141533e+01,2.135355e+01,2.129859e+01,2.134668e+01,2.135355e+01,2.133294e+01,2.133981e+01,2.126423e+01,2.123674e+01,2.103027e+01,2.101649e+01,2.073360e+01,2.075432e+01,2.071287e+01,2.040140e+01,2.038753e+01,2.014458e+01,2.010982e+01,1.982437e+01,1.983134e+01,1.988710e+01,1.992193e+01,1.988013e+01,1.981042e+01,1.981042e+01,1.985225e+01,1.986619e+01,1.974764e+01,1.985922e+01,1.977555e+01,1.978253e+01,1.983134e+01,1.986619e+01,1.981042e+01,1.974764e+01,1.968483e+01,1.981740e+01,1.976160e+01,1.980345e+01,1.979647e+01,1.980345e+01,1.981740e+01,1.975462e+01,1.986619e+01,1.990103e+01,1.991496e+01,1.996371e+01,1.990103e+01,1.993586e+01,1.997764e+01,1.999156e+01,1.997764e+01,2.002636e+01,2.001940e+01,2.017237e+01,2.058840e+01,2.129859e+01,2.177843e+01,2.157306e+01,2.155250e+01,2.156621e+01,2.118172e+01,2.100271e+01,2.083028e+01,2.069905e+01,2.093377e+01,2.071978e+01,2.066448e+01,2.058840e+01,2.061607e+01,2.058840e+01,2.050533e+01,2.050533e+01,2.047070e+01,2.040833e+01,2.045684e+01,2.046377e+01,2.053995e+01,2.047070e+01,2.042219e+01,2.049840e+01,2.044298e+01,2.054687e+01,2.044991e+01,2.042219e+01,2.040833e+01,2.055379e+01,2.047762e+01,2.046377e+01,2.047762e+01,2.051225e+01,2.053995e+01,2.052610e+01,2.054687e+01,2.053995e+01,2.047762e+01,2.036673e+01,2.049840e+01,2.051225e+01,2.040140e+01,2.042219e+01,2.041526e+01,2.038753e+01,2.049148e+01,2.059531e+01,2.044991e+01,2.010982e+01,2.004723e+01,2.001940e+01,1.990103e+01,1.990103e+01,1.981740e+01,1.985225e+01,1.982437e+01,1.983831e+01,1.979647e+01,1.978253e+01,1.988013e+01,1.974764e+01,1.971275e+01,1.965689e+01,1.987316e+01,1.969181e+01,1.968483e+01,1.971973e+01,1.981740e+01,1.982437e+01,1.976858e+01,1.978253e+01,1.982437e+01,1.985225e+01,2.017237e+01,2.058148e+01,2.058148e+01,2.058840e+01,2.056763e+01,2.058840e+01,2.058840e+01,2.065757e+01,2.067831e+01,2.077505e+01,2.071978e+01,2.078886e+01,2.078195e+01,2.087859e+01,2.083719e+01,2.085789e+01,2.086479e+01,2.082338e+01,2.083028e+01,2.082338e+01,2.080957e+01,2.071978e+01,2.076123e+01,2.069213e+01,2.078886e+01,2.070596e+01,2.072669e+01,2.070596e+01,2.059531e+01,2.058148e+01,2.069213e+01,2.064374e+01,2.070596e+01,2.069905e+01,2.067831e+01,2.061607e+01,2.065065e+01,2.067831e+01,2.066448e+01,2.062990e+01,2.067139e+01,2.063682e+01,2.063682e+01,2.054687e+01,2.066448e+01,2.067139e+01,2.065757e+01,2.063682e+01,2.064374e+01,2.059531e+01,2.067139e+01,2.062299e+01,2.058148e+01,2.065757e+01,2.061607e+01,2.060915e+01,2.064374e+01,2.070596e+01,2.062990e+01,2.064374e+01,2.064374e+01,2.047762e+01,2.059531e+01,2.062990e+01,2.059531e+01,2.060223e+01,2.072669e+01,2.063682e+01,2.062990e+01,2.060915e+01,2.064374e+01,2.069213e+01,2.067139e+01,2.067139e+01,2.069213e+01,2.068522e+01,2.069213e+01,2.067831e+01,2.070596e+01,2.081648e+01,2.072669e+01,2.073360e+01,2.073360e+01,2.082338e+01,2.076814e+01,2.074742e+01,2.074742e+01,2.076123e+01,2.080957e+01,2.073360e+01,2.087169e+01,2.083028e+01,2.076814e+01,2.089239e+01,2.086479e+01,2.080957e+01,2.090619e+01,2.090619e+01,2.102338e+01,2.106471e+01,2.102338e+01,2.098893e+01,2.102338e+01,2.104405e+01,2.098203e+01,2.100960e+01,2.083719e+01,2.047762e+01,2.018627e+01,2.006810e+01,1.999852e+01,1.976858e+01,1.975462e+01,1.972671e+01,1.976858e+01,1.992193e+01,1.977555e+01,1.977555e+01,1.975462e+01,1.974764e+01,1.974067e+01,1.976858e+01,1.978253e+01,1.977555e+01,1.976160e+01,2.022100e+01,2.073360e+01,2.140161e+01,2.177843e+01,2.198338e+01,2.224921e+01,2.248039e+01,2.260936e+01,2.294121e+01,2.310335e+01,2.321806e+01,2.353451e+01,2.373599e+01,2.393039e+01,2.392369e+01,2.417789e+01,2.418457e+01,2.419125e+01,2.417121e+01,2.400403e+01,2.374270e+01,2.358155e+01,2.333263e+01,2.328547e+01,2.289387e+01,2.258222e+01,2.238527e+01,2.232406e+01,2.203797e+01,2.191511e+01,2.153880e+01,2.157991e+01,2.142220e+01,2.144964e+01,2.122298e+01,2.136728e+01,2.129859e+01,2.129859e+01,2.124361e+01,2.123674e+01,2.127798e+01,2.120235e+01,2.131920e+01,2.125736e+01,2.128485e+01,2.122986e+01,2.111979e+01,2.128485e+01,2.113355e+01,2.131233e+01,2.121611e+01,2.124361e+01,2.116796e+01,2.125736e+01,2.124361e+01,2.109225e+01,2.111979e+01,2.112667e+01,2.106471e+01,2.107848e+01,2.104405e+01,2.109914e+01,2.096135e+01,2.101649e+01,2.096825e+01,2.105094e+01,2.101649e+01,2.107160e+01,2.101649e+01,2.108537e+01,2.101649e+01,2.100271e+01,2.104405e+01,2.100271e+01,2.097514e+01,2.100960e+01,2.095446e+01,2.098203e+01,2.104405e+01,2.101649e+01,2.095446e+01,2.103716e+01,2.101649e+01,2.090619e+01,2.106471e+01,2.104405e+01,2.105094e+01,2.098893e+01,2.096135e+01,2.093377e+01,2.100271e+01,2.109225e+01,2.100960e+01,2.106471e+01,2.111291e+01,2.109914e+01,2.112667e+01,2.116796e+01,2.114044e+01,2.112667e+01,2.100960e+01,2.103716e+01,2.114044e+01,2.103027e+01,2.109914e+01,2.101649e+01,2.111291e+01,2.104405e+01,2.116796e+01,2.110602e+01,2.100960e+01,2.102338e+01,2.110602e+01,2.106471e+01,2.111979e+01,2.109914e+01,2.100271e+01,2.113355e+01,2.109914e+01,2.114044e+01,2.107160e+01,2.105094e+01,2.108537e+01,2.103027e+01,2.105094e+01,2.111979e+01,2.110602e+01,2.103716e+01,2.114044e+01,2.114044e+01,2.106471e+01,2.105094e+01,2.108537e+01,2.119548e+01,2.113355e+01,2.112667e+01,2.111291e+01,2.105782e+01,2.111291e+01,2.116796e+01,2.107160e+01,2.111291e+01,2.116108e+01,2.106471e+01,2.131233e+01,2.110602e+01,2.108537e+01,2.107848e+01,2.112667e+01,2.109225e+01,2.111979e+01,2.117484e+01,2.111291e+01,2.108537e+01,2.107848e+01,2.110602e+01,2.117484e+01,2.117484e+01,2.111291e+01,2.116796e+01,2.117484e+01,2.108537e+01,2.115420e+01,2.116108e+01,2.119548e+01,2.105094e+01,2.103716e+01,2.098893e+01,2.103027e+01,2.103716e+01,2.116108e+01,2.120235e+01,2.111979e+01,2.113355e+01,2.111979e+01,2.112667e+01,2.111291e+01,2.111291e+01,2.110602e+01,2.114044e+01,2.111291e+01,2.102338e+01,2.111291e+01,2.113355e+01,2.116796e+01,2.109914e+01,2.108537e+01,2.108537e+01,2.121611e+01,2.115420e+01,2.115420e+01
2.111979e+01,2.113355e+01,2.113355e+01,2.109225e+01,2.111979e+01,2.115420e+01,2.115420e+01,2.109225e+01,2.131233e+01,2.127110e+01,2.107848e+01,2.109225e+01,2.110602e+01,2.113355e+01,2.114044e+01,2.113355e+01,2.114732e+01,2.107848e+01,2.108537e+01,2.114732e+01,2.115420e+01,2.122298e+01,2.118172e+01,2.103716e+01,2.120235e+01,2.118860e+01,2.105782e+01,2.121611e+01,2.131233e+01,2.122298e+01,2.104405e+01,2.123674e+01,2.119548e+01,2.125736e+01,2.125048e+01,2.114044e+01,2.115420e+01,2.115420e+01,2.122986e+01,2.125048e+01,2.120235e+01,2.119548e+01,2.120923e+01,2.120923e+01,2.116796e+01,2.120923e+01,2.118860e+01,2.119548e+01,2.129859e+01,2.121611e+01,2.118172e+01,2.114732e+01,2.114044e+01,2.125736e+01,2.125048e+01,2.125736e+01,2.116796e+01,2.133981e+01,2.116796e+01,2.117484e+01,2.116796e+01,2.123674e+01,2.121611e+01,2.119548e+01,2.120235e+01,2.118172e+01,2.116108e+01,2.119548e+01,2.110602e+01,2.125048e+01,2.132607e+01,2.112667e+01,2.121611e+01,2.114732e+01,2.108537e+01,2.117484e+01,2.129859e+01,2.130546e+01,2.120235e+01,2.124361e+01,2.126423e+01,2.111291e+01,2.118172e+01,2.112667e+01,2.114044e+01,2.107160e+01,2.106471e+01,2.109225e+01,2.116796e+01,2.120923e+01,2.118860e+01,2.122298e+01,2.128485e+01,2.116108e+01,2.117484e+01,2.122298e+01,2.120923e+01,2.118860e+01,2.118172e+01,2.122986e+01,2.119548e+01,2.124361e+01,2.116796e+01,2.116108e+01,2.116796e+01,2.112667e+01,2.117484e+01,2.124361e+01,2.116796e+01,2.119548e+01,2.121611e+01,2.117484e+01,2.128485e+01,2.131233e+01,2.110602e+01,2.126423e+01,2.121611e+01,2.121611e+01,2.119548e+01,2.136041e+01,2.119548e+01,2.099582e+01,2.124361e+01,2.109914e+01,2.111291e+01,2.115420e+01,2.120235e+01,2.112667e+01,2.114044e+01,2.112667e+01,2.103716e+01,2.116796e+01,2.113355e+01,2.113355e+01,2.113355e+01,2.111979e+01,2.114044e+01,2.107160e+01,2.107160e+01,2.104405e+01,2.102338e+01,2.114044e+01,2.110602e+01,2.108537e+01,2.107848e+01,2.107160e+01,2.107160e+01,2.108537e+01,2.097514e+01,2.109914e+01,2.107160e+01,2.114044e+01,2.110602e+01,2.100960e+01,2.103716e+01,2.114044e+01,2.109225e+01,2.116796e+01,2.101649e+01,2.107848e+01,2.127110e+01,2.109225e+01,2.107848e+01,2.107160e+01,2.120923e+01,2.129859e+01,2.128485e+01,2.126423e+01,2.121611e+01,2.118860e+01,2.125048e+01,2.130546e+01,2.135355e+01,2.127110e+01,2.138101e+01,2.133981e+01,2.130546e+01,2.132607e+01,2.138101e+01,2.129859e+01,2.138788e+01,2.130546e+01,2.124361e+01,2.130546e+01,2.123674e+01,2.124361e+01,2.127110e+01,2.131233e+01,2.131233e+01,2.140161e+01,2.130546e+01,2.127110e+01,2.134668e+01,2.132607e+01,2.122986e+01,2.130546e+01,2.127110e+01,2.119548e+01,2.133294e+01,2.128485e+01,2.109914e+01,2.105782e+01,2.083719e+01,2.073360e+01,2.046377e+01,2.032512e+01,2.031818e+01,2.024877e+01,2.012372e+01,1.995675e+01,1.994283e+01,1.992193e+01,1.992890e+01,1.991496e+01,1.981740e+01,1.976858e+01,1.979647e+01,1.986619e+01,1.980345e+01,1.971275e+01,1.969879e+01,1.973369e+01,1.974067e+01,1.978950e+01,1.982437e+01,1.982437e+01,1.981740e+01,1.969879e+01,1.973369e+01,1.983134e+01,1.990800e+01,1.990103e+01,1.981740e+01,1.991496e+01,1.995675e+01,1.992890e+01,1.992890e+01,1.994979e+01,1.983134e+01,1.991496e+01,1.994979e+01,1.992890e+01,1.999852e+01,2.000548e+01,2.001244e+01,2.005419e+01,2.008201e+01,2.010982e+01,2.025571e+01,2.082338e+01,2.096135e+01,2.098203e+01,2.083719e+01,2.099582e+01,2.068522e+01,2.068522e+01,2.069905e+01,2.046377e+01,2.062299e+01,2.049840e+01,2.051918e+01,2.056071e+01,2.052610e+01,2.051918e+01,2.055379e+01,2.047762e+01,2.044298e+01,2.043605e+01,2.040833e+01,2.044991e+01,2.051918e+01,2.065757e+01,2.063682e+01,2.051225e+01,2.042219e+01,2.056763e+01,2.047070e+01,2.053995e+01,2.058148e+01,2.044991e+01,2.048455e+01,2.051918e+01,2.051918e+01,2.051225e+01,2.048455e+01,2.050533e+01,2.059531e+01,2.062990e+01,2.053995e+01,2.042219e+01,2.058148e+01,2.041526e+01,2.029736e+01,2.034592e+01,2.017932e+01,2.035286e+01,2.047762e+01,2.024183e+01,2.013763e+01,2.006810e+01,1.998460e+01,1.991496e+01,1.989407e+01,1.992890e+01,1.985922e+01,1.982437e+01,1.985922e+01,1.984528e+01,1.971973e+01,1.979647e+01,1.981740e+01,1.971973e+01,1.978950e+01,1.983134e+01,1.969879e+01,1.970577e+01,1.974764e+01,1.977555e+01,1.970577e+01,1.981740e+01,1.969879e+01,1.976858e+01,1.973369e+01,1.968483e+01,1.981740e+01,2.007505e+01,2.045684e+01,2.058840e+01,2.060915e+01,2.059531e+01,2.058148e+01,2.054687e+01,2.067139e+01,2.066448e+01,2.079576e+01,2.078886e+01,2.078195e+01,2.087859e+01,2.082338e+01,2.079576e+01,2.089239e+01,2.078886e+01,2.068522e+01,2.074742e+01,2.078195e+01,2.071287e+01,2.070596e+01,2.078886e+01,2.074742e+01,2.068522e+01,2.070596e+01,2.074051e+01,2.064374e+01,2.071287e+01,2.065757e+01,2.066448e+01,2.064374e+01,2.061607e+01,2.062990e+01,2.062299e+01,2.065757e+01,2.069213e+01,2.069905e+01,2.068522e+01,2.051225e+01,2.065065e+01,2.065757e+01,2.076814e+01,2.067831e+01,2.066448e+01,2.059531e+01,2.057456e+01,2.061607e+01,2.058840e+01,2.058148e+01,2.065757e+01,2.071287e+01,2.071978e+01,2.064374e+01,2.060915e+01,2.062299e+01,2.056763e+01,2.067139e+01,2.060223e+01,2.061607e+01,2.065757e+01,2.065757e+01,2.066448e+01,2.065065e+01,2.062990e+01,2.062990e+01,2.062299e+01,2.060223e+01,2.057456e+01,2.063682e+01,2.069905e+01,2.065757e+01,2.063682e+01,2.065065e+01,2.065065e+01,2.065757e+01,2.063682e+01,2.071978e+01,2.069905e+01,2.069213e+01,2.083028e+01,2.074742e+01,2.074742e+01,2.067139e+01,2.071978e+01,2.072669e+01,2.069905e+01,2.080267e+01,2.076123e+01,2.087169e+01,2.074051e+01,2.085099e+01,2.076814e+01,2.082338e+01,2.086479e+01,2.104405e+01,2.087859e+01,2.094757e+01,2.091998e+01,2.098893e+01,2.101649e+01,2.089929e+01,2.103027e+01,2.116796e+01,2.094757e+01,2.102338e+01,2.087859e+01,2.071287e+01,2.022794e+01,1.985922e+01,1.981042e+01,1.983134e+01,1.973369e+01,1.974067e+01,1.982437e+01,1.987316e+01,1.981740e+01,1.970577e+01,1.976858e+01,1.979647e+01,1.977555e+01,1.976858e+01,1.976858e+01,1.978253e+01,2.015153e+01,2.074051e+01,2.116796e+01,2.140847e+01,2.155250e+01,2.177843e+01,2.199021e+01,2.223560e+01,2.223560e+01,2.252114e+01,2.273139e+01,2.288033e+01,2.319782e+01,2.321806e+01,2.347398e+01,2.358827e+01,2.382989e+01,2.384329e+01,2.376954e+01,2.397726e+01,2.368901e+01,2.363530e+01,2.339997e+01,2.336630e+01,2.317759e+01,2.290739e+01,2.252793e+01,2.236487e+01,2.213342e+01,2.186046e+01,2.169633e+01,2.175791e+01,2.155936e+01,2.150451e+01,2.142220e+01,2.126423e+01,2.131233e+01,2.134668e+01,2.128485e+01,2.125736e+01,2.114044e+01,2.131920e+01,2.121611e+01,2.129859e+01,2.127110e+01,2.127110e+01,2.119548e+01,2.119548e+01,2.131920e+01,2.131920e+01,2.127798e+01,2.125048e+01,2.124361e+01,2.122298e+01,2.124361e+01,2.121611e+01,2.112667e+01,2.116108e+01,2.114732e+01,2.115420e+01,2.105094e+01,2.109225e+01,2.112667e+01,2.105094e+01,2.098893e+01,2.105094e+01,2.100960e+01,2.102338e+01,2.103716e+01,2.098893e+01,2.105782e+01,2.101649e+01,2.119548e+01,2.102338e+01,2.098203e+01,2.101649e+01,2.100271e+01,2.105094e+01,2.103716e+01,2.093377e+01,2.098203e+01,2.101649e+01,2.096825e+01,2.087169e+01,2.094067e+01,2.108537e+01,2.092688e+01,2.098893e+01,2.107160e+01,2.101649e+01,2.097514e+01,2.097514e+01,2.107160e+01,2.105094e+01,2.109225e+01,2.110602e+01,2.112667e+01,2.116796e+01,2.111291e+01,2.103716e+01,2.096825e+01,2.096825e+01,2.103716e+01,2.108537e+01,2.112667e+01,2.105094e+01,2.110602e+01,2.104405e+01,2.116108e+01,2.115420e+01,2.114732e+01,2.098893e+01,2.098893e+01,2.100271e+01,2.108537e+01,2.109914e+01,2.100960e+01,2.106471e+01,2.100960e+01,2.109225e+01,2.106471e+01,2.101649e+01,2.111291e+01,2.105094e+01,2.108537e+01,2.103716e+01,2.113355e+01,2.113355e+01,2.105094e+01,2.106471e+01,2.113355e+01,2.112667e+01,2.119548e+01,2.113355e+01,2.118172e+01,2.118860e+01,2.114044e+01,2.106471e+01,2.109914e+01,2.114732e+01,2.109225e+01,2.111291e+01,2.115420e+01,2.106471e+01,2.108537e+01,2.108537e+01,2.109914e+01,2.107848e+01,2.119548e+01,2.109225e+01,2.115420e+01,2.113355e+01,2.107848e+01,2.110602e+01,2.117484e+01,2.114044e+01,2.115420e+01,2.106471e+01,2.118172e+01,2.114732e+01,2.113355e+01,2.116108e+01,2.121611e+01,2.113355e+01,2.110602e+01,2.114732e+01,2.100271e+01,2.116108e+01,2.125736e+01,2.114732e+01,2.110602e+01,2.111979e+01,2.111979e+01,2.111291e+01,2.111291e+01,2.114044e+01,2.111979e+01,2.111979e+01,2.116108e+01,2.110602e+01,2.110602e+01,2.111979e+01,2.114044e+01,2.111979e+01,2.111291e+01,2.107848e+01,2.113355e+01,2.105782e+01,2.114044e+01,2.109225e+01,2.116796e+01
2.118172e+01,2.116108e+01,2.115420e+01,2.108537e+01,2.104405e+01,2.106471e+01,2.120923e+01,2.111979e+01,2.114044e+01,2.111979e+01,2.109225e+01,2.109914e+01,2.109914e+01,2.110602e+01,2.119548e+01,2.109225e+01,2.125736e+01,2.118172e+01,2.119548e+01,2.118860e+01,2.116108e+01,2.111979e+01,2.103716e+01,2.119548e+01,2.120923e+01,2.130546e+01,2.119548e+01,2.121611e+01,2.130546e+01,2.112667e+01,2.112667e+01,2.120235e+01,2.117484e+01,2.112667e+01,2.125048e+01,2.120235e+01,2.128485e+01,2.121611e+01,2.131233e+01,2.131920e+01,2.122298e+01,2.118172e+01,2.116796e+01,2.126423e+01,2.120923e+01,2.129172e+01,2.114732e+01,2.118860e+01,2.118860e+01,2.117484e+01,2.120235e+01,2.125736e+01,2.124361e+01,2.116796e+01,2.130546e+01,2.121611e+01,2.118860e+01,2.115420e+01,2.114732e+01,2.118172e+01,2.125048e+01,2.118172e+01,2.122986e+01,2.118172e+01,2.120235e+01,2.114732e+01,2.120235e+01,2.117484e+01,2.118172e+01,2.118860e+01,2.112667e+01,2.120235e+01,2.106471e+01,2.120235e+01,2.120923e+01,2.107848e+01,2.115420e+01,2.128485e+01,2.109225e+01,2.120923e+01,2.119548e+01,2.122298e+01,2.115420e+01,2.109914e+01,2.112667e+01,2.118860e+01,2.112667e+01,2.118860e+01,2.117484e+01,2.119548e+01,2.122298e+01,2.116796e+01,2.117484e+01,2.121611e+01,2.127110e+01,2.109914e+01,2.119548e+01,2.117484e+01,2.119548e+01,2.118172e+01,2.122298e+01,2.118860e+01,2.128485e+01,2.125736e+01,2.129172e+01,2.133294e+01,2.127798e+01,2.130546e+01,2.118172e+01,2.127110e+01,2.125736e+01,2.125736e+01,2.113355e+01,2.132607e+01,2.119548e+01,2.121611e+01,2.120923e+01,2.109225e+01,2.120235e+01,2.119548e+01,2.119548e+01,2.118860e+01,2.116108e+01,2.109225e+01,2.111979e+01,2.111291e+01,2.116108e+01,2.113355e+01,2.113355e+01,2.114044e+01,2.109225e+01,2.120235e+01,2.116108e+01,2.114732e+01,2.105094e+01,2.108537e+01,2.114732e+01,2.114044e+01,2.107160e+01,2.105094e+01,2.108537e+01,2.107848e+01,2.109914e+01,2.116108e+01,2.119548e+01,2.106471e+01,2.099582e+01,2.113355e+01,2.114732e+01,2.114732e+01,2.103716e+01,2.105094e+01,2.109225e+01,2.102338e+01,2.111979e+01,2.113355e+01,2.109914e+01,2.107848e+01,2.101649e+01,2.106471e+01,2.111979e+01,2.109225e+01,2.109225e+01,2.111979e+01,2.114044e+01,2.127110e+01,2.119548e+01,2.127110e+01,2.124361e+01,2.122298e+01,2.124361e+01,2.127110e+01,2.124361e+01,2.127798e+01,2.135355e+01,2.140847e+01,2.130546e+01,2.131920e+01,2.128485e+01,2.137415e+01,2.132607e+01,2.130546e+01,2.127110e+01,2.138101e+01,2.139474e+01,2.134668e+01,2.135355e+01,2.132607e+01,2.142906e+01,2.140161e+01,2.128485e+01,2.130546e+01,2.136041e+01,2.133981e+01,2.134668e+01,2.131920e+01,2.131920e+01,2.121611e+01,2.132607e+01,2.125736e+01,2.099582e+01,2.087859e+01,2.060915e+01,2.030430e+01,2.026960e+01,2.015153e+01,2.008896e+01,2.015153e+01,2.011677e+01,1.989407e+01,1.992890e+01,1.992890e+01,1.994979e+01,1.978253e+01,1.984528e+01,1.985922e+01,1.986619e+01,1.975462e+01,1.975462e+01,1.967785e+01,1.960101e+01,1.974764e+01,1.981042e+01,1.981042e+01,1.984528e+01,1.979647e+01,1.967086e+01,1.975462e+01,1.983134e+01,1.994283e+01,1.992193e+01,1.992890e+01,1.990800e+01,1.987316e+01,1.989407e+01,1.986619e+01,1.992193e+01,1.995675e+01,1.991496e+01,1.992193e+01,1.994283e+01,1.997068e+01,1.997068e+01,1.997068e+01,2.001940e+01,2.007505e+01,2.007505e+01,2.007505e+01,2.013763e+01,2.039447e+01,2.040140e+01,2.040140e+01,2.040833e+01,2.040140e+01,2.035286e+01,2.026960e+01,2.033899e+01,2.040833e+01,2.040140e+01,2.047762e+01,2.051918e+01,2.047070e+01,2.050533e+01,2.051225e+01,2.034592e+01,2.050533e+01,2.051918e+01,2.046377e+01,2.044991e+01,2.050533e+01,2.056763e+01,2.044991e+01,2.045684e+01,2.045684e+01,2.040140e+01,2.051225e+01,2.047070e+01,2.057456e+01,2.065757e+01,2.055379e+01,2.053995e+01,2.051918e+01,2.054687e+01,2.052610e+01,2.051918e+01,2.074742e+01,2.057456e+01,2.071978e+01,2.064374e+01,2.054687e+01,2.056071e+01,2.042912e+01,2.040833e+01,2.030430e+01,2.037366e+01,2.019321e+01,2.017932e+01,2.013763e+01,2.001940e+01,2.011677e+01,2.003332e+01,1.990103e+01,1.991496e+01,1.983831e+01,1.982437e+01,1.974067e+01,1.984528e+01,1.981740e+01,1.984528e+01,1.978253e+01,1.972671e+01,1.971275e+01,1.973369e+01,1.983831e+01,1.974764e+01,1.967785e+01,1.974764e+01,1.964991e+01,1.971275e+01,1.968483e+01,1.973369e+01,1.974067e+01,1.976858e+01,1.969879e+01,1.974764e+01,1.979647e+01,2.021405e+01,2.047070e+01,2.056763e+01,2.052610e+01,2.059531e+01,2.061607e+01,2.062990e+01,2.060915e+01,2.076814e+01,2.067139e+01,2.081648e+01,2.083719e+01,2.076814e+01,2.083028e+01,2.086479e+01,2.080957e+01,2.083028e+01,2.071287e+01,2.077505e+01,2.072669e+01,2.061607e+01,2.068522e+01,2.076814e+01,2.072669e+01,2.069213e+01,2.075432e+01,2.073360e+01,2.068522e+01,2.062299e+01,2.063682e+01,2.065065e+01,2.067831e+01,2.062299e+01,2.070596e+01,2.065065e+01,2.063682e+01,2.066448e+01,2.068522e+01,2.063682e+01,2.060915e+01,2.067139e+01,2.074051e+01,2.066448e+01,2.067831e+01,2.067139e+01,2.063682e+01,2.066448e+01,2.067831e+01,2.057456e+01,2.058840e+01,2.063682e+01,2.062990e+01,2.066448e+01,2.062299e+01,2.066448e+01,2.059531e+01,2.040140e+01,2.055379e+01,2.062299e+01,2.063682e+01,2.058840e+01,2.060915e+01,2.061607e+01,2.058148e+01,2.059531e+01,2.067831e+01,2.056763e+01,2.063682e+01,2.069213e+01,2.069905e+01,2.058840e+01,2.069905e+01,2.061607e+01,2.070596e+01,2.067831e+01,2.072669e+01,2.070596e+01,2.069213e+01,2.074742e+01,2.073360e+01,2.074742e+01,2.074742e+01,2.076814e+01,2.073360e+01,2.078195e+01,2.069905e+01,2.074742e+01,2.074051e+01,2.077505e+01,2.074742e+01,2.078195e+01,2.087169e+01,2.079576e+01,2.080957e+01,2.085099e+01,2.083719e+01,2.087859e+01,2.102338e+01,2.090619e+01,2.086479e+01,2.100271e+01,2.096825e+01,2.091998e+01,2.096825e+01,2.089239e+01,2.094067e+01,2.094067e+01,2.064374e+01,2.023489e+01,2.001244e+01,1.983134e+01,1.971973e+01,1.974764e+01,1.973369e+01,1.986619e+01,1.976160e+01,1.977555e+01,1.982437e+01,1.971275e+01,1.980345e+01,1.982437e+01,1.976858e+01,1.986619e+01,2.011677e+01,2.073360e+01,2.110602e+01,2.122298e+01,2.132607e+01,2.142220e+01,2.173055e+01,2.178527e+01,2.179894e+01,2.213342e+01,2.220155e+01,2.229004e+01,2.255508e+01,2.275171e+01,2.281943e+01,2.283297e+01,2.323828e+01,2.342016e+01,2.342689e+01,2.344707e+01,2.348071e+01,2.355467e+01,2.356139e+01,2.336630e+01,2.335283e+01,2.317759e+01,2.272461e+01,2.249398e+01,2.235127e+01,2.234447e+01,2.190828e+01,2.160047e+01,2.157991e+01,2.139474e+01,2.138788e+01,2.127798e+01,2.138101e+01,2.122986e+01,2.125736e+01,2.115420e+01,2.113355e+01,2.115420e+01,2.118172e+01,2.129859e+01,2.129172e+01,2.131233e+01,2.123674e+01,2.124361e+01,2.120235e+01,2.121611e+01,2.120923e+01,2.118172e+01,2.126423e+01,2.120923e+01,2.124361e+01,2.105094e+01,2.111291e+01,2.111291e+01,2.107848e+01,2.109225e+01,2.105094e+01,2.103027e+01,2.109914e+01,2.112667e+01,2.099582e+01,2.109914e+01,2.101649e+01,2.094757e+01,2.105094e+01,2.110602e+01,2.098203e+01,2.098203e+01,2.103027e+01,2.100271e+01,2.103716e+01,2.116796e+01,2.105782e+01,2.114732e+01,2.096825e+01,2.106471e+01,2.093377e+01,2.105782e+01,2.101649e+01,2.103716e+01,2.103027e+01,2.092688e+01,2.104405e+01,2.100271e+01,2.100271e+01,2.105782e+01,2.099582e+01,2.102338e+01,2.104405e+01,2.102338e+01,2.098893e+01,2.122298e+01,2.121611e+01,2.117484e+01,2.109225e+01,2.102338e+01,2.105094e+01,2.109225e+01,2.114732e+01,2.114732e+01,2.107160e+01,2.106471e+01,2.103716e+01,2.109225e+01,2.111979e+01,2.122986e+01,2.117484e+01,2.114044e+01,2.098893e+01,2.110602e+01,2.102338e+01,2.103716e+01,2.111979e+01,2.108537e+01,2.108537e+01,2.105782e+01,2.115420e+01,2.106471e+01,2.103716e+01,2.104405e+01,2.122986e+01,2.111291e+01,2.103716e+01,2.116108e+01,2.117484e+01,2.118172e+01,2.107160e+01,2.105094e+01,2.116108e+01,2.100960e+01,2.115420e+01,2.107160e+01,2.105094e+01,2.107848e+01,2.121611e+01,2.120923e+01,2.127798e+01,2.105782e+01,2.117484e+01,2.115420e+01,2.109225e+01,2.114732e+01,2.111291e+01,2.109914e+01,2.111291e+01,2.105094e+01,2.109914e+01,2.106471e+01,2.115420e+01,2.112667e+01,2.113355e+01,2.118172e+01,2.116796e+01,2.111291e+01,2.097514e+01,2.118172e+01,2.116108e+01,2.120235e+01,2.117484e+01,2.128485e+01,2.113355e+01,2.103716e+01,2.118860e+01,2.114732e+01,2.123674e+01,2.116108e+01,2.121611e+01,2.107848e+01,2.120235e+01,2.105094e+01,2.111979e+01,2.111291e+01,2.109914e+01,2.107160e+01,2.110602e+01,2.116108e+01,2.111979e+01,2.112667e+01,2.112667e+01,2.116108e+01,2.111979e+01,2.112667e+01,2.101649e+01,2.106471e+01,2.107848e+01,2.114732e+01,2.117484e+01
2.115420e+01,2.118172e+01,2.114044e+01,2.109225e+01,2.113355e+01,2.101649e+01,2.118860e+01,2.112667e+01,2.109914e+01,2.106471e+01,2.118860e+01,2.107848e+01,2.116796e+01,2.106471e+01,2.115420e+01,2.114732e+01,2.107160e+01,2.118860e+01,2.122298e+01,2.122298e+01,2.120923e+01,2.118860e+01,2.106471e+01,2.109914e+01,2.110602e+01,2.121611e+01,2.114044e+01,2.119548e+01,2.110602e+01,2.126423e+01,2.130546e+01,2.128485e+01,2.124361e+01,2.122986e+01,2.120923e+01,2.118860e+01,2.122986e+01,2.126423e+01,2.127110e+01,2.119548e+01,2.127110e+01,2.125048e+01,2.125736e+01,2.128485e+01,2.122298e+01,2.118860e+01,2.115420e+01,2.119548e+01,2.122986e+01,2.118860e+01,2.127798e+01,2.114732e+01,2.120923e+01,2.125736e+01,2.116796e+01,2.116108e+01,2.113355e+01,2.128485e+01,2.125048e+01,2.118860e+01,2.118172e+01,2.116796e+01,2.120923e+01,2.117484e+01,2.121611e+01,2.120235e+01,2.118172e+01,2.109225e+01,2.120235e+01,2.120923e+01,2.120923e+01,2.111979e+01,2.109225e+01,2.122986e+01,2.116108e+01,2.115420e+01,2.123674e+01,2.114044e+01,2.117484e+01,2.114732e+01,2.117484e+01,2.115420e+01,2.116108e+01,2.121611e+01,2.117484e+01,2.120923e+01,2.121611e+01,2.125736e+01,2.127110e+01,2.116796e+01,2.117484e+01,2.116796e+01,2.123674e+01,2.116796e+01,2.119548e+01,2.119548e+01,2.119548e+01,2.121611e+01,2.111291e+01,2.121611e+01,2.109225e+01,2.129172e+01,2.118860e+01,2.118860e+01,2.126423e+01,2.114732e+01,2.120923e+01,2.130546e+01,2.110602e+01,2.114732e+01,2.108537e+01,2.114732e+01,2.115420e+01,2.111979e+01,2.112667e+01,2.116796e+01,2.106471e+01,2.118860e+01,2.114732e+01,2.119548e+01,2.101649e+01,2.123674e+01,2.100960e+01,2.105094e+01,2.105782e+01,2.111291e+01,2.111979e+01,2.110602e+01,2.112667e+01,2.114044e+01,2.104405e+01,2.103027e+01,2.107848e+01,2.117484e+01,2.102338e+01,2.105782e+01,2.107848e+01,2.105782e+01,2.106471e+01,2.106471e+01,2.105094e+01,2.107160e+01,2.109225e+01,2.107160e+01,2.105782e+01,2.094067e+01,2.107848e+01,2.114044e+01,2.105094e+01,2.114044e+01,2.102338e+01,2.108537e+01,2.103716e+01,2.105782e+01,2.109225e+01,2.114732e+01,2.104405e+01,2.101649e+01,2.103716e+01,2.103716e+01,2.101649e+01,2.100271e+01,2.108537e+01,2.123674e+01,2.118172e+01,2.120235e+01,2.120235e+01,2.118172e+01,2.126423e+01,2.124361e+01,2.130546e+01,2.127798e+01,2.129172e+01,2.136041e+01,2.131920e+01,2.129859e+01,2.128485e+01,2.142220e+01,2.137415e+01,2.137415e+01,2.135355e+01,2.130546e+01,2.136041e+01,2.136728e+01,2.131233e+01,2.134668e+01,2.124361e+01,2.139474e+01,2.141533e+01,2.132607e+01,2.134668e+01,2.131233e+01,2.136728e+01,2.135355e+01,2.131920e+01,2.134668e+01,2.129172e+01,2.118172e+01,2.111979e+01,2.085099e+01,2.058840e+01,2.029042e+01,2.027654e+01,2.023489e+01,2.004027e+01,1.994283e+01,1.981042e+01,1.994979e+01,1.986619e+01,1.982437e+01,1.981740e+01,1.993586e+01,1.988013e+01,1.979647e+01,1.983134e+01,1.981740e+01,1.978950e+01,1.974067e+01,1.971973e+01,1.982437e+01,1.967086e+01,1.970577e+01,1.965689e+01,1.980345e+01,1.982437e+01,1.972671e+01,1.985225e+01,1.979647e+01,1.987316e+01,1.990800e+01,1.991496e+01,1.981042e+01,1.989407e+01,1.983134e+01,1.979647e+01,1.990800e+01,1.991496e+01,1.990800e+01,1.992890e+01,1.992193e+01,1.994979e+01,1.994283e+01,1.999156e+01,2.010982e+01,2.005419e+01,2.008201e+01,2.004723e+01,2.008201e+01,2.008201e+01,2.025571e+01,2.009591e+01,2.017932e+01,2.019321e+01,2.019321e+01,2.024183e+01,2.036673e+01,2.034592e+01,2.040140e+01,2.046377e+01,2.033205e+01,2.033899e+01,2.043605e+01,2.056763e+01,2.048455e+01,2.050533e+01,2.044298e+01,2.027654e+01,2.047762e+01,2.043605e+01,2.065757e+01,2.060915e+01,2.058840e+01,2.062990e+01,2.064374e+01,2.065757e+01,2.083028e+01,2.066448e+01,2.088549e+01,2.103027e+01,2.085789e+01,2.085789e+01,2.074051e+01,2.074742e+01,2.072669e+01,2.060915e+01,2.071978e+01,2.079576e+01,2.066448e+01,2.064374e+01,2.067139e+01,2.067831e+01,2.059531e+01,2.057456e+01,2.030430e+01,2.016542e+01,2.015153e+01,2.013763e+01,2.010287e+01,2.004027e+01,1.996371e+01,1.998460e+01,1.988013e+01,1.988013e+01,1.982437e+01,1.972671e+01,1.978950e+01,1.985225e+01,1.971275e+01,1.971275e+01,1.978950e+01,1.980345e+01,1.974067e+01,1.968483e+01,1.968483e+01,1.976160e+01,1.970577e+01,1.966388e+01,1.966388e+01,1.967086e+01,1.966388e+01,1.971973e+01,1.975462e+01,1.971275e+01,1.973369e+01,1.974764e+01,1.974764e+01,1.991496e+01,2.022100e+01,2.046377e+01,2.061607e+01,2.064374e+01,2.067139e+01,2.064374e+01,2.071287e+01,2.067139e+01,2.080957e+01,2.079576e+01,2.080957e+01,2.078886e+01,2.080957e+01,2.069213e+01,2.074051e+01,2.071978e+01,2.073360e+01,2.066448e+01,2.066448e+01,2.068522e+01,2.065757e+01,2.068522e+01,2.072669e+01,2.068522e+01,2.066448e+01,2.070596e+01,2.062990e+01,2.067139e+01,2.060223e+01,2.062990e+01,2.063682e+01,2.065757e+01,2.065757e+01,2.061607e+01,2.061607e+01,2.064374e+01,2.069905e+01,2.049840e+01,2.064374e+01,2.067831e+01,2.067831e+01,2.054687e+01,2.060223e+01,2.065757e+01,2.065757e+01,2.060223e+01,2.066448e+01,2.058148e+01,2.056763e+01,2.073360e+01,2.062990e+01,2.056763e+01,2.065757e+01,2.063682e+01,2.065757e+01,2.058840e+01,2.053303e+01,2.056763e+01,2.057456e+01,2.061607e+01,2.063682e+01,2.060915e+01,2.060915e+01,2.060915e+01,2.056071e+01,2.048455e+01,2.066448e+01,2.058148e+01,2.065065e+01,2.073360e+01,2.067139e+01,2.065757e+01,2.067831e+01,2.079576e+01,2.074742e+01,2.072669e+01,2.071287e+01,2.072669e+01,2.074051e+01,2.069905e+01,2.074742e+01,2.074051e+01,2.071287e+01,2.071978e+01,2.072669e+01,2.077505e+01,2.074051e+01,2.082338e+01,2.073360e+01,2.078886e+01,2.077505e+01,2.078195e+01,2.087169e+01,2.082338e+01,2.085789e+01,2.096135e+01,2.096825e+01,2.087859e+01,2.084409e+01,2.085789e+01,2.091308e+01,2.089239e+01,2.088549e+01,2.078886e+01,2.091308e+01,2.088549e+01,2.076123e+01,2.067831e+01,2.024877e+01,1.999852e+01,1.986619e+01,1.985225e+01,1.971973e+01,1.986619e+01,1.982437e+01,1.982437e+01,1.981740e+01,1.978253e+01,1.984528e+01,1.978253e+01,1.981042e+01,1.985922e+01,2.013068e+01,2.056763e+01,2.096825e+01,2.107160e+01,2.117484e+01,2.130546e+01,2.147022e+01,2.150451e+01,2.152508e+01,2.157991e+01,2.180578e+01,2.178527e+01,2.209934e+01,2.209252e+01,2.233086e+01,2.235127e+01,2.261614e+01,2.261614e+01,2.300880e+01,2.322480e+01,2.302907e+01,2.341343e+01,2.337304e+01,2.345380e+01,2.339323e+01,2.316409e+01,2.293444e+01,2.272461e+01,2.242604e+01,2.236487e+01,2.204479e+01,2.171002e+01,2.167580e+01,2.151137e+01,2.147708e+01,2.137415e+01,2.136041e+01,2.122986e+01,2.130546e+01,2.118860e+01,2.120923e+01,2.119548e+01,2.125048e+01,2.113355e+01,2.109914e+01,2.125048e+01,2.117484e+01,2.132607e+01,2.132607e+01,2.119548e+01,2.131920e+01,2.122298e+01,2.127798e+01,2.122986e+01,2.109914e+01,2.115420e+01,2.111291e+01,2.109914e+01,2.108537e+01,2.108537e+01,2.103716e+01,2.114044e+01,2.115420e+01,2.103716e+01,2.103027e+01,2.100271e+01,2.100271e+01,2.105094e+01,2.101649e+01,2.094067e+01,2.095446e+01,2.095446e+01,2.096135e+01,2.096825e+01,2.105094e+01,2.103716e+01,2.080957e+01,2.094757e+01,2.100271e+01,2.098203e+01,2.100960e+01,2.100960e+01,2.101649e+01,2.098893e+01,2.104405e+01,2.100271e+01,2.105094e+01,2.107848e+01,2.094067e+01,2.107848e+01,2.105782e+01,2.107848e+01,2.099582e+01,2.108537e+01,2.100271e+01,2.124361e+01,2.116796e+01,2.101649e+01,2.108537e+01,2.117484e+01,2.115420e+01,2.110602e+01,2.111979e+01,2.110602e+01,2.108537e+01,2.101649e+01,2.102338e+01,2.107160e+01,2.105782e+01,2.111979e+01,2.105782e+01,2.103716e+01,2.104405e+01,2.107848e+01,2.106471e+01,2.099582e+01,2.104405e+01,2.120235e+01,2.114732e+01,2.118860e+01,2.097514e+01,2.098203e+01,2.108537e+01,2.107848e+01,2.095446e+01,2.125048e+01,2.103027e+01,2.098893e+01,2.117484e+01,2.113355e+01,2.114732e+01,2.118172e+01,2.111291e+01,2.100960e+01,2.116108e+01,2.105094e+01,2.109225e+01,2.116796e+01,2.105094e+01,2.105094e+01,2.110602e+01,2.109225e+01,2.105782e+01,2.107160e+01,2.115420e+01,2.105782e+01,2.120235e+01,2.111291e+01,2.113355e+01,2.107160e+01,2.127110e+01,2.109914e+01,2.111291e+01,2.114732e+01,2.105094e+01,2.120923e+01,2.116108e+01,2.112667e+01,2.112667e+01,2.115420e+01,2.114732e+01,2.117484e+01,2.112667e+01,2.114044e+01,2.116108e+01,2.118860e+01,2.100271e+01,2.116108e+01,2.100271e+01,2.114732e+01,2.119548e+01,2.106471e+01,2.115420e+01,2.111291e+01,2.108537e+01,2.111291e+01,2.110602e+01,2.111979e+01,2.112667e+01,2.109225e+01,2.109914e+01,2.105094e+01,2.113355e+01,2.112667e+01,2.121611e+01,2.109914e+01,2.109225e+01,2.112667e+01,2.114044e+01,2.108537e+01,2.115420e+01
2.112667e+01,2.108537e+01,2.106471e+01,2.102338e+01,2.099582e+01,2.108537e+01,2.116108e+01,2.120235e+01,2.120923e+01,2.109225e+01,2.122986e+01,2.107848e+01,2.112667e+01,2.112667e+01,2.116108e+01,2.116796e+01,2.101649e+01,2.123674e+01,2.127798e+01,2.118860e+01,2.104405e+01,2.115420e+01,2.113355e+01,2.107160e+01,2.115420e+01,2.112667e+01,2.114732e+01,2.116108e+01,2.127798e+01,2.118860e+01,2.111291e+01,2.125048e+01,2.120235e+01,2.117484e+01,2.112667e+01,2.114732e+01,2.122986e+01,2.131233e+01,2.105782e+01,2.120923e+01,2.125736e+01,2.118860e+01,2.129859e+01,2.114044e+01,2.128485e+01,2.117484e+01,2.114044e+01,2.122298e+01,2.117484e+01,2.121611e+01,2.114732e+01,2.118860e+01,2.121611e+01,2.124361e+01,2.125736e+01,2.122298e+01,2.119548e+01,2.118860e+01,2.120923e+01,2.120923e+01,2.118172e+01,2.118860e+01,2.120923e+01,2.120923e+01,2.118860e+01,2.111291e+01,2.114044e+01,2.115420e+01,2.113355e+01,2.118172e+01,2.119548e+01,2.122298e+01,2.111979e+01,2.120923e+01,2.125048e+01,2.109914e+01,2.125736e+01,2.118172e+01,2.113355e+01,2.107160e+01,2.117484e+01,2.115420e+01,2.118860e+01,2.120235e+01,2.108537e+01,2.116796e+01,2.121611e+01,2.116108e+01,2.115420e+01,2.117484e+01,2.118860e+01,2.121611e+01,2.122298e+01,2.127798e+01,2.120923e+01,2.121611e+01,2.123674e+01,2.122298e+01,2.116108e+01,2.118860e+01,2.120235e+01,2.118860e+01,2.124361e+01,2.120923e+01,2.119548e+01,2.133294e+01,2.124361e+01,2.122298e+01,2.122986e+01,2.124361e+01,2.129859e+01,2.122298e+01,2.114732e+01,2.115420e+01,2.117484e+01,2.103716e+01,2.112667e+01,2.112667e+01,2.117484e+01,2.111979e+01,2.122986e+01,2.127798e+01,2.128485e+01,2.108537e+01,2.106471e+01,2.111979e+01,2.110602e+01,2.116796e+01,2.118172e+01,2.118172e+01,2.111979e+01,2.104405e+01,2.105782e+01,2.114044e+01,2.111291e+01,2.108537e+01,2.101649e+01,2.112667e+01,2.107848e+01,2.101649e+01,2.107848e+01,2.107160e+01,2.103716e+01,2.107160e+01,2.099582e+01,2.107848e+01,2.109225e+01,2.107848e+01,2.109225e+01,2.105782e+01,2.098203e+01,2.100960e+01,2.097514e+01,2.111979e+01,2.109225e+01,2.110602e+01,2.111979e+01,2.103716e+01,2.110602e+01,2.114732e+01,2.114044e+01,2.115420e+01,2.116796e+01,2.118860e+01,2.111979e+01,2.104405e+01,2.126423e+01,2.128485e+01,2.124361e+01,2.124361e+01,2.133294e+01,2.125736e+01,2.127798e+01,2.131920e+01,2.129859e+01,2.132607e+01,2.131233e+01,2.136728e+01,2.137415e+01,2.129172e+01,2.129859e+01,2.123674e+01,2.130546e+01,2.135355e+01,2.136041e+01,2.125048e+01,2.125736e+01,2.130546e+01,2.129859e+01,2.129172e+01,2.131233e+01,2.135355e+01,2.144278e+01,2.133294e+01,2.114044e+01,2.126423e+01,2.107160e+01,2.087169e+01,2.085789e+01,2.053995e+01,2.035286e+01,2.030430e+01,2.013068e+01,2.000548e+01,1.985225e+01,1.988710e+01,1.985922e+01,1.985922e+01,1.979647e+01,1.984528e+01,1.983831e+01,1.982437e+01,1.975462e+01,1.974764e+01,1.988710e+01,1.983831e+01,1.988013e+01,1.971973e+01,1.982437e+01,1.969879e+01,1.977555e+01,1.973369e+01,1.974764e+01,1.985225e+01,1.983831e+01,1.984528e+01,1.986619e+01,1.985225e+01,1.990103e+01,1.984528e+01,1.989407e+01,1.994979e+01,1.981042e+01,1.983134e+01,1.991496e+01,1.990800e+01,1.980345e+01,1.992890e+01,1.990800e+01,1.994283e+01,1.992890e+01,1.992890e+01,1.999156e+01,1.997764e+01,2.004027e+01,2.001244e+01,2.008201e+01,2.009591e+01,2.010287e+01,2.005419e+01,2.002636e+01,2.011677e+01,2.017237e+01,2.028348e+01,2.015848e+01,2.029736e+01,2.021405e+01,2.036673e+01,2.040140e+01,2.044298e+01,2.030430e+01,2.044298e+01,2.044991e+01,2.046377e+01,2.049840e+01,2.049148e+01,2.056071e+01,2.050533e+01,2.064374e+01,2.071287e+01,2.085789e+01,2.082338e+01,2.098203e+01,2.096825e+01,2.095446e+01,2.095446e+01,2.103716e+01,2.103716e+01,2.106471e+01,2.103027e+01,2.100271e+01,2.097514e+01,2.095446e+01,2.096135e+01,2.089929e+01,2.091998e+01,2.078195e+01,2.072669e+01,2.078195e+01,2.075432e+01,2.079576e+01,2.078886e+01,2.067831e+01,2.041526e+01,2.014458e+01,2.013068e+01,2.010287e+01,2.017932e+01,2.004027e+01,1.998460e+01,1.986619e+01,1.986619e+01,1.976160e+01,1.985922e+01,1.978253e+01,1.986619e+01,1.973369e+01,1.983831e+01,1.985225e+01,1.981740e+01,1.981042e+01,1.968483e+01,1.972671e+01,1.971275e+01,1.967785e+01,1.967086e+01,1.974067e+01,1.969181e+01,1.970577e+01,1.967086e+01,1.970577e+01,1.969879e+01,1.969181e+01,1.973369e+01,1.975462e+01,1.973369e+01,1.978950e+01,1.977555e+01,2.002636e+01,2.044298e+01,2.058840e+01,2.057456e+01,2.056071e+01,2.061607e+01,2.081648e+01,2.067831e+01,2.069213e+01,2.081648e+01,2.073360e+01,2.079576e+01,2.069905e+01,2.068522e+01,2.072669e+01,2.069905e+01,2.067139e+01,2.065757e+01,2.066448e+01,2.065065e+01,2.065065e+01,2.065757e+01,2.067139e+01,2.068522e+01,2.060223e+01,2.067139e+01,2.073360e+01,2.063682e+01,2.061607e+01,2.062299e+01,2.069213e+01,2.070596e+01,2.061607e+01,2.062990e+01,2.060915e+01,2.061607e+01,2.060915e+01,2.067139e+01,2.064374e+01,2.066448e+01,2.066448e+01,2.062299e+01,2.064374e+01,2.068522e+01,2.065065e+01,2.066448e+01,2.062990e+01,2.067139e+01,2.069213e+01,2.062990e+01,2.062299e+01,2.063682e+01,2.060223e+01,2.061607e+01,2.065065e+01,2.057456e+01,2.064374e+01,2.051225e+01,2.059531e+01,2.065065e+01,2.053303e+01,2.058840e+01,2.064374e+01,2.068522e+01,2.058840e+01,2.065757e+01,2.055379e+01,2.062299e+01,2.062990e+01,2.060223e+01,2.066448e+01,2.071978e+01,2.074051e+01,2.067139e+01,2.074742e+01,2.072669e+01,2.073360e+01,2.071287e+01,2.066448e+01,2.076814e+01,2.080957e+01,2.076814e+01,2.074742e+01,2.067139e+01,2.083719e+01,2.074742e+01,2.070596e+01,2.076123e+01,2.078886e+01,2.075432e+01,2.076123e+01,2.083719e+01,2.082338e+01,2.077505e+01,2.078195e+01,2.078886e+01,2.081648e+01,2.087169e+01,2.087859e+01,2.089239e+01,2.077505e+01,2.089929e+01,2.085789e+01,2.088549e+01,2.085099e+01,2.079576e+01,2.080267e+01,2.067139e+01,2.025571e+01,1.985922e+01,1.986619e+01,1.990103e+01,1.985225e+01,1.976160e+01,1.983134e+01,1.981740e+01,1.981740e+01,1.983831e+01,1.980345e+01,1.981042e+01,1.986619e+01,2.013068e+01,2.059531e+01,2.095446e+01,2.104405e+01,2.108537e+01,2.122298e+01,2.124361e+01,2.125736e+01,2.129859e+01,2.158677e+01,2.149080e+01,2.148394e+01,2.179211e+01,2.178527e+01,2.181262e+01,2.205843e+01,2.209252e+01,2.235127e+01,2.234447e+01,2.256865e+01,2.276526e+01,2.290063e+01,2.323828e+01,2.327199e+01,2.342689e+01,2.317084e+01,2.313035e+01,2.290739e+01,2.269750e+01,2.242604e+01,2.215387e+01,2.202432e+01,2.179211e+01,2.169633e+01,2.131920e+01,2.155250e+01,2.138101e+01,2.125736e+01,2.120235e+01,2.117484e+01,2.121611e+01,2.121611e+01,2.129172e+01,2.118860e+01,2.116108e+01,2.134668e+01,2.128485e+01,2.120923e+01,2.118172e+01,2.118172e+01,2.109225e+01,2.131233e+01,2.115420e+01,2.125048e+01,2.125048e+01,2.113355e+01,2.109914e+01,2.110602e+01,2.116796e+01,2.107160e+01,2.104405e+01,2.100960e+01,2.100271e+01,2.110602e+01,2.110602e+01,2.103027e+01,2.103027e+01,2.104405e+01,2.099582e+01,2.100960e+01,2.118172e+01,2.104405e+01,2.101649e+01,2.103716e+01,2.108537e+01,2.106471e+01,2.096825e+01,2.097514e+01,2.094067e+01,2.102338e+01,2.087859e+01,2.089929e+01,2.102338e+01,2.094757e+01,2.102338e+01,2.107848e+01,2.105094e+01,2.110602e+01,2.109914e+01,2.100960e+01,2.100271e+01,2.100960e+01,2.097514e+01,2.103027e+01,2.113355e+01,2.103027e+01,2.102338e+01,2.110602e+01,2.105782e+01,2.109225e+01,2.096135e+01,2.118172e+01,2.109914e+01,2.109914e+01,2.105782e+01,2.107848e+01,2.098893e+01,2.118172e+01,2.109225e+01,2.103027e+01,2.106471e+01,2.100960e+01,2.100960e+01,2.110602e+01,2.107848e+01,2.107160e+01,2.103716e+01,2.114732e+01,2.106471e+01,2.114044e+01,2.119548e+01,2.103716e+01,2.109914e+01,2.113355e+01,2.106471e+01,2.114044e+01,2.113355e+01,2.111979e+01,2.111291e+01,2.116108e+01,2.103716e+01,2.118860e+01,2.105094e+01,2.116796e+01,2.112667e+01,2.111291e+01,2.109914e+01,2.104405e+01,2.126423e+01,2.109225e+01,2.117484e+01,2.117484e+01,2.114044e+01,2.109914e+01,2.117484e+01,2.118172e+01,2.110602e+01,2.111979e+01,2.111291e+01,2.107848e+01,2.117484e+01,2.114044e+01,2.108537e+01,2.114044e+01,2.109914e+01,2.117484e+01,2.122298e+01,2.117484e+01,2.115420e+01,2.120923e+01,2.123674e+01,2.120235e+01,2.120923e+01,2.119548e+01,2.118860e+01,2.118172e+01,2.117484e+01,2.114732e+01,2.116796e+01,2.121611e+01,2.107848e+01,2.109225e+01,2.111291e+01,2.111979e+01,2.110602e+01,2.101649e+01,2.109225e+01,2.103716e+01,2.107160e+01,2.114732e+01,2.114732e+01,2.100960e+01,2.111291e+01,2.112667e+01,2.099582e+01,2.119548e+01,2.083719e+01,2.102338e+01,2.109914e+01,2.111291e+01,2.112667e+01
2.116108e+01,2.111291e+01,2.107848e+01,2.111979e+01,2.109225e+01,2.111291e+01,2.114044e+01,2.118860e+01,2.116108e+01,2.109225e+01,2.123674e+01,2.105094e+01,2.109225e+01,2.112667e+01,2.119548e+01,2.125048e+01,2.122986e+01,2.117484e+01,2.116108e+01,2.120235e+01,2.116108e+01,2.109225e+01,2.121611e+01,2.111979e+01,2.123674e+01,2.112667e+01,2.128485e+01,2.118172e+01,2.121611e+01,2.118172e+01,2.117484e+01,2.109914e+01,2.110602e+01,2.118860e+01,2.122986e+01,2.120923e+01,2.120923e+01,2.120235e+01,2.119548e+01,2.127798e+01,2.115420e+01,2.122986e+01,2.122986e+01,2.123674e+01,2.123674e+01,2.112667e+01,2.126423e+01,2.119548e+01,2.124361e+01,2.118860e+01,2.124361e+01,2.138101e+01,2.120923e+01,2.125048e+01,2.120235e+01,2.123674e+01,2.129859e+01,2.125736e+01,2.122298e+01,2.123674e+01,2.125048e+01,2.126423e+01,2.130546e+01,2.123674e+01,2.116108e+01,2.121611e+01,2.105782e+01,2.122298e+01,2.122298e+01,2.118860e+01,2.122298e+01,2.111291e+01,2.123674e+01,2.109225e+01,2.108537e+01,2.109225e+01,2.111979e+01,2.119548e+01,2.111979e+01,2.107848e+01,2.118172e+01,2.120923e+01,2.118172e+01,2.127110e+01,2.121611e+01,2.117484e+01,2.124361e+01,2.116796e+01,2.121611e+01,2.115420e+01,2.116796e+01,2.127798e+01,2.129172e+01,2.128485e+01,2.129859e+01,2.125736e+01,2.126423e+01,2.122298e+01,2.122986e+01,2.118860e+01,2.125048e+01,2.128485e+01,2.118860e+01,2.118860e+01,2.120235e+01,2.115420e+01,2.125736e+01,2.126423e+01,2.114732e+01,2.129859e+01,2.107160e+01,2.114732e+01,2.119548e+01,2.121611e+01,2.110602e+01,2.120923e+01,2.118860e+01,2.108537e+01,2.118860e+01,2.118172e+01,2.118860e+01,2.106471e+01,2.111291e+01,2.104405e+01,2.100271e+01,2.103716e+01,2.101649e+01,2.099582e+01,2.111979e+01,2.110602e+01,2.107848e+01,2.109225e+01,2.092688e+01,2.103027e+01,2.104405e+01,2.106471e+01,2.105094e+01,2.109914e+01,2.105094e+01,2.110602e+01,2.107848e+01,2.109225e+01,2.106471e+01,2.103027e+01,2.106471e+01,2.112667e+01,2.103027e+01,2.113355e+01,2.102338e+01,2.116108e+01,2.110602e+01,2.105782e+01,2.109225e+01,2.111291e+01,2.101649e+01,2.103716e+01,2.114044e+01,2.111979e+01,2.115420e+01,2.106471e+01,2.115420e+01,2.112667e+01,2.106471e+01,2.116108e+01,2.111979e+01,2.122986e+01,2.123674e+01,2.125736e+01,2.122986e+01,2.120923e+01,2.130546e+01,2.126423e+01,2.128485e+01,2.125048e+01,2.129172e+01,2.127110e+01,2.133981e+01,2.127798e+01,2.135355e+01,2.131920e+01,2.126423e+01,2.140161e+01,2.133294e+01,2.132607e+01,2.127110e+01,2.123674e+01,2.133294e+01,2.126423e+01,2.139474e+01,2.137415e+01,2.129859e+01,2.127110e+01,2.131920e+01,2.132607e+01,2.114044e+01,2.105094e+01,2.082338e+01,2.079576e+01,2.040140e+01,2.029042e+01,2.022794e+01,1.994283e+01,1.992193e+01,1.992890e+01,2.001940e+01,2.000548e+01,1.989407e+01,1.980345e+01,1.983134e+01,1.986619e+01,1.985225e+01,1.991496e+01,1.979647e+01,1.991496e+01,1.993586e+01,1.981042e+01,1.970577e+01,1.985922e+01,1.983831e+01,1.975462e+01,1.985225e+01,1.980345e+01,1.978253e+01,1.987316e+01,1.978253e+01,1.984528e+01,1.982437e+01,1.983831e+01,1.983134e+01,1.986619e+01,1.985922e+01,1.992193e+01,1.967785e+01,1.990103e+01,1.990800e+01,1.985922e+01,1.990800e+01,1.989407e+01,1.992193e+01,1.993586e+01,1.993586e+01,1.994979e+01,2.003332e+01,2.004027e+01,2.001244e+01,2.008896e+01,2.006114e+01,2.010287e+01,2.009591e+01,2.012372e+01,2.008896e+01,2.001244e+01,2.001940e+01,2.017932e+01,2.020711e+01,2.016542e+01,2.019321e+01,2.020016e+01,2.022794e+01,2.026266e+01,2.042912e+01,2.048455e+01,2.045684e+01,2.071287e+01,2.078195e+01,2.068522e+01,2.076123e+01,2.074742e+01,2.083028e+01,2.085789e+01,2.098893e+01,2.098893e+01,2.114044e+01,2.094757e+01,2.103027e+01,2.109914e+01,2.101649e+01,2.105094e+01,2.105094e+01,2.100271e+01,2.104405e+01,2.098893e+01,2.098893e+01,2.086479e+01,2.088549e+01,2.085099e+01,2.078886e+01,2.087859e+01,2.076814e+01,2.074742e+01,2.062299e+01,2.051918e+01,2.042912e+01,2.036673e+01,2.007505e+01,2.010982e+01,2.007505e+01,2.008896e+01,1.990103e+01,2.004723e+01,1.994979e+01,1.991496e+01,1.985922e+01,1.984528e+01,1.981740e+01,1.976858e+01,1.978253e+01,1.983831e+01,1.962896e+01,1.974764e+01,1.971275e+01,1.969181e+01,1.975462e+01,1.973369e+01,1.967086e+01,1.969181e+01,1.983134e+01,1.969181e+01,1.974764e+01,1.971973e+01,1.974764e+01,1.971275e+01,1.971275e+01,1.971275e+01,1.976160e+01,1.972671e+01,1.985225e+01,1.973369e+01,1.986619e+01,2.009591e+01,2.049840e+01,2.048455e+01,2.047762e+01,2.065065e+01,2.071287e+01,2.073360e+01,2.074051e+01,2.071978e+01,2.078195e+01,2.067831e+01,2.071287e+01,2.065065e+01,2.071287e+01,2.074742e+01,2.069213e+01,2.069905e+01,2.072669e+01,2.065757e+01,2.066448e+01,2.067831e+01,2.062299e+01,2.066448e+01,2.073360e+01,2.060915e+01,2.064374e+01,2.064374e+01,2.059531e+01,2.068522e+01,2.068522e+01,2.070596e+01,2.062299e+01,2.070596e+01,2.070596e+01,2.067139e+01,2.067139e+01,2.071978e+01,2.065757e+01,2.071287e+01,2.068522e+01,2.064374e+01,2.066448e+01,2.065065e+01,2.062990e+01,2.066448e+01,2.071978e+01,2.060915e+01,2.062990e+01,2.064374e+01,2.058840e+01,2.060915e+01,2.067139e+01,2.065757e+01,2.063682e+01,2.063682e+01,2.050533e+01,2.062990e+01,2.060915e+01,2.062990e+01,2.065757e+01,2.056763e+01,2.058148e+01,2.058840e+01,2.058148e+01,2.064374e+01,2.060223e+01,2.070596e+01,2.067831e+01,2.067831e+01,2.074051e+01,2.068522e+01,2.076123e+01,2.076123e+01,2.065757e+01,2.071287e+01,2.069213e+01,2.074051e+01,2.068522e+01,2.076814e+01,2.074051e+01,2.073360e+01,2.077505e+01,2.087169e+01,2.080957e+01,2.079576e+01,2.078195e+01,2.081648e+01,2.088549e+01,2.078195e+01,2.078886e+01,2.067139e+01,2.076123e+01,2.076123e+01,2.087169e+01,2.081648e+01,2.087859e+01,2.091998e+01,2.076814e+01,2.086479e+01,2.089929e+01,2.080957e+01,2.085099e+01,2.094757e+01,2.091998e+01,2.086479e+01,2.083028e+01,2.077505e+01,2.067139e+01,2.026960e+01,1.988013e+01,1.982437e+01,1.978253e+01,1.976160e+01,1.983831e+01,1.980345e+01,1.983831e+01,1.978950e+01,1.978253e+01,1.980345e+01,1.982437e+01,2.011677e+01,2.053995e+01,2.095446e+01,2.106471e+01,2.114044e+01,2.105782e+01,2.114732e+01,2.123674e+01,2.120923e+01,2.113355e+01,2.124361e+01,2.128485e+01,2.139474e+01,2.144964e+01,2.142220e+01,2.179211e+01,2.175791e+01,2.193560e+01,2.204479e+01,2.223560e+01,2.256186e+01,2.278557e+01,2.327199e+01,2.344707e+01,2.344035e+01,2.344707e+01,2.317084e+01,2.298177e+01,2.282620e+01,2.271783e+01,2.243284e+01,2.214705e+01,2.196973e+01,2.179894e+01,2.166895e+01,2.140847e+01,2.140161e+01,2.133294e+01,2.125048e+01,2.136041e+01,2.120235e+01,2.125736e+01,2.123674e+01,2.123674e+01,2.123674e+01,2.116796e+01,2.129172e+01,2.128485e+01,2.131920e+01,2.120923e+01,2.132607e+01,2.131233e+01,2.140161e+01,2.118860e+01,2.118860e+01,2.113355e+01,2.107848e+01,2.109225e+01,2.107160e+01,2.108537e+01,2.108537e+01,2.114732e+01,2.109914e+01,2.108537e+01,2.113355e+01,2.100960e+01,2.108537e+01,2.101649e+01,2.098893e+01,2.109914e+01,2.100271e+01,2.100960e+01,2.096825e+01,2.105782e+01,2.106471e+01,2.105094e+01,2.098203e+01,2.105782e+01,2.101649e+01,2.098203e+01,2.092688e+01,2.100960e+01,2.090619e+01,2.096135e+01,2.100271e+01,2.102338e+01,2.108537e+01,2.102338e+01,2.108537e+01,2.098893e+01,2.104405e+01,2.098893e+01,2.101649e+01,2.099582e+01,2.100960e+01,2.101649e+01,2.103027e+01,2.105094e+01,2.106471e+01,2.103027e+01,2.106471e+01,2.099582e+01,2.107160e+01,2.114732e+01,2.114044e+01,2.120923e+01,2.117484e+01,2.109225e+01,2.109914e+01,2.107160e+01,2.120235e+01,2.109225e+01,2.109914e+01,2.107848e+01,2.111979e+01,2.115420e+01,2.106471e+01,2.118860e+01,2.112667e+01,2.102338e+01,2.113355e+01,2.111979e+01,2.093377e+01,2.111291e+01,2.116796e+01,2.114732e+01,2.110602e+01,2.114732e+01,2.120235e+01,2.114044e+01,2.114732e+01,2.112667e+01,2.116108e+01,2.116108e+01,2.118172e+01,2.104405e+01,2.119548e+01,2.111291e+01,2.106471e+01,2.106471e+01,2.114732e+01,2.113355e+01,2.118172e+01,2.118860e+01,2.122986e+01,2.110602e+01,2.107848e+01,2.111979e+01,2.114044e+01,2.120235e+01,2.098203e+01,2.122986e+01,2.112667e+01,2.117484e+01,2.125736e+01,2.120923e+01,2.123674e+01,2.118172e+01,2.117484e+01,2.108537e+01,2.117484e+01,2.122298e+01,2.120923e+01,2.120235e+01,2.120235e+01,2.115420e+01,2.114044e+01,2.105782e+01,2.116108e+01,2.114044e+01,2.110602e+01,2.113355e+01,2.112667e+01,2.114044e+01,2.098203e+01,2.113355e+01,2.106471e+01,2.102338e+01,2.116108e+01,2.120923e+01,2.113355e+01,2.105782e+01,2.119548e+01,2.120235e+01,2.114044e+01,2.115420e+01,2.097514e+01,2.118860e+01,2.107160e+01,2.110602e+01,2.106471e+01
2.117484e+01,2.107848e+01,2.138788e+01,2.138788e+01,2.117484e+01,2.117484e+01,2.114044e+01,2.114732e+01,2.105094e+01,2.126423e+01,2.106471e+01,2.126423e+01,2.109914e+01,2.114044e+01,2.121611e+01,2.129172e+01,2.125736e+01,2.118172e+01,2.116108e+01,2.109914e+01,2.119548e+01,2.114732e+01,2.110602e+01,2.109225e+01,2.111979e+01,2.107848e+01,2.112667e+01,2.115420e+01,2.120923e+01,2.123674e+01,2.124361e+01,2.122986e+01,2.119548e+01,2.123674e+01,2.120923e+01,2.120923e+01,2.118172e+01,2.123674e+01,2.118860e+01,2.122986e+01,2.126423e+01,2.121611e+01,2.120235e+01,2.125048e+01,2.119548e+01,2.128485e+01,2.128485e+01,2.123674e+01,2.119548e+01,2.119548e+01,2.116108e+01,2.117484e+01,2.127798e+01,2.122986e+01,2.122298e+01,2.123674e+01,2.122986e+01,2.127798e+01,2.119548e+01,2.125736e+01,2.128485e+01,2.110602e+01,2.107160e+01,2.114044e+01,2.114044e+01,2.118860e+01,2.121611e+01,2.119548e+01,2.110602e+01,2.114732e+01,2.122986e+01,2.123674e+01,2.117484e+01,2.111291e+01,2.124361e+01,2.118860e+01,2.122298e+01,2.119548e+01,2.114044e+01,2.118860e+01,2.114732e+01,2.118172e+01,2.120235e+01,2.125048e+01,2.113355e+01,2.116796e+01,2.121611e+01,2.114732e+01,2.116108e+01,2.116108e+01,2.122298e+01,2.121611e+01,2.123674e+01,2.118860e+01,2.123674e+01,2.120235e+01,2.116796e+01,2.123674e+01,2.127798e+01,2.125736e+01,2.122298e+01,2.119548e+01,2.120235e+01,2.117484e+01,2.122298e+01,2.115420e+01,2.118860e+01,2.119548e+01,2.132607e+01,2.125736e+01,2.114732e+01,2.117484e+01,2.117484e+01,2.122298e+01,2.115420e+01,2.118172e+01,2.113355e+01,2.111291e+01,2.122298e+01,2.110602e+01,2.128485e+01,2.111979e+01,2.116796e+01,2.114044e+01,2.103027e+01,2.105094e+01,2.100271e+01,2.109225e+01,2.105094e+01,2.106471e+01,2.115420e+01,2.114732e+01,2.106471e+01,2.108537e+01,2.111291e+01,2.107160e+01,2.110602e+01,2.110602e+01,2.109225e+01,2.108537e+01,2.104405e+01,2.108537e+01,2.102338e+01,2.099582e+01,2.099582e+01,2.103716e+01,2.104405e+01,2.112667e+01,2.113355e+01,2.107160e+01,2.113355e+01,2.110602e+01,2.107160e+01,2.111291e+01,2.109225e+01,2.111979e+01,2.111979e+01,2.115420e+01,2.104405e+01,2.114044e+01,2.114044e+01,2.117484e+01,2.111979e+01,2.111291e+01,2.131920e+01,2.125048e+01,2.117484e+01,2.129859e+01,2.127798e+01,2.124361e+01,2.122986e+01,2.128485e+01,2.124361e+01,2.131233e+01,2.137415e+01,2.129172e+01,2.122298e+01,2.138101e+01,2.133294e+01,2.131920e+01,2.124361e+01,2.132607e+01,2.137415e+01,2.137415e+01,2.122986e+01,2.131920e+01,2.136041e+01,2.135355e+01,2.129859e+01,2.130546e+01,2.125736e+01,2.107160e+01,2.110602e+01,2.111291e+01,2.087169e+01,2.055379e+01,2.056071e+01,2.035980e+01,2.024877e+01,2.012372e+01,1.993586e+01,1.995675e+01,1.986619e+01,1.994283e+01,1.979647e+01,1.985922e+01,1.980345e+01,1.984528e+01,1.977555e+01,1.978950e+01,1.976160e+01,1.990800e+01,1.978253e+01,1.979647e+01,1.984528e+01,1.982437e+01,1.985225e+01,1.982437e+01,1.981042e+01,1.984528e+01,1.979647e+01,1.981740e+01,1.985225e+01,1.982437e+01,1.978253e+01,1.985922e+01,1.988710e+01,1.988013e+01,1.985922e+01,1.985225e+01,1.985225e+01,1.987316e+01,1.976160e+01,1.988013e+01,1.988013e+01,1.988710e+01,1.985225e+01,1.992890e+01,2.001244e+01,1.998460e+01,2.006114e+01,2.023489e+01,2.056071e+01,2.063682e+01,2.065065e+01,2.064374e+01,2.065065e+01,2.021405e+01,2.024877e+01,2.008896e+01,2.003332e+01,2.013763e+01,2.010287e+01,2.020711e+01,2.026960e+01,2.015848e+01,2.022100e+01,2.015848e+01,2.024877e+01,2.030430e+01,2.065065e+01,2.067831e+01,2.082338e+01,2.076123e+01,2.090619e+01,2.085099e+01,2.089239e+01,2.098893e+01,2.100271e+01,2.100271e+01,2.111291e+01,2.110602e+01,2.118860e+01,2.104405e+01,2.105782e+01,2.104405e+01,2.105094e+01,2.111291e+01,2.109914e+01,2.105782e+01,2.103716e+01,2.097514e+01,2.098893e+01,2.094757e+01,2.091308e+01,2.083719e+01,2.087859e+01,2.077505e+01,2.071287e+01,2.058148e+01,2.018627e+01,2.021405e+01,2.013068e+01,2.001244e+01,2.000548e+01,1.994979e+01,1.996371e+01,2.005419e+01,2.008201e+01,2.004027e+01,1.990800e+01,1.990800e+01,1.992890e+01,1.983831e+01,1.983134e+01,1.984528e+01,1.985225e+01,1.978253e+01,1.971275e+01,1.964293e+01,1.962896e+01,1.976858e+01,1.973369e+01,1.971275e+01,1.974764e+01,1.961498e+01,1.971973e+01,1.961498e+01,1.975462e+01,2.004027e+01,1.976858e+01,1.968483e+01,1.962197e+01,1.976160e+01,1.965689e+01,1.979647e+01,1.991496e+01,1.976858e+01,1.981042e+01,1.993586e+01,2.037366e+01,2.060223e+01,2.060223e+01,2.079576e+01,2.069213e+01,2.073360e+01,2.074742e+01,2.069213e+01,2.072669e+01,2.065757e+01,2.071978e+01,2.064374e+01,2.069213e+01,2.065757e+01,2.068522e+01,2.067139e+01,2.067139e+01,2.065757e+01,2.077505e+01,2.065065e+01,2.063682e+01,2.069213e+01,2.051225e+01,2.066448e+01,2.069213e+01,2.066448e+01,2.065757e+01,2.070596e+01,2.067139e+01,2.062299e+01,2.058840e+01,2.074051e+01,2.070596e+01,2.066448e+01,2.069213e+01,2.069905e+01,2.076123e+01,2.066448e+01,2.065065e+01,2.067831e+01,2.066448e+01,2.067139e+01,2.066448e+01,2.077505e+01,2.068522e+01,2.065757e+01,2.062990e+01,2.064374e+01,2.060223e+01,2.067831e+01,2.062299e+01,2.062990e+01,2.062990e+01,2.060915e+01,2.065757e+01,2.053995e+01,2.060915e+01,2.065065e+01,2.065065e+01,2.068522e+01,2.066448e+01,2.058148e+01,2.066448e+01,2.067139e+01,2.063682e+01,2.069213e+01,2.069213e+01,2.055379e+01,2.090619e+01,2.069213e+01,2.069905e+01,2.069213e+01,2.072669e+01,2.071287e+01,2.071978e+01,2.063682e+01,2.077505e+01,2.080957e+01,2.074742e+01,2.074742e+01,2.068522e+01,2.083028e+01,2.071287e+01,2.069213e+01,2.071978e+01,2.079576e+01,2.078195e+01,2.078886e+01,2.071287e+01,2.075432e+01,2.074742e+01,2.075432e+01,2.076814e+01,2.080957e+01,2.086479e+01,2.086479e+01,2.083719e+01,2.087859e+01,2.083028e+01,2.086479e+01,2.104405e+01,2.079576e+01,2.087169e+01,2.081648e+01,2.085789e+01,2.078886e+01,2.078886e+01,2.056763e+01,2.015153e+01,1.991496e+01,1.990800e+01,1.992193e+01,1.981042e+01,1.978950e+01,1.979647e+01,1.985225e+01,1.985225e+01,1.981042e+01,1.983831e+01,2.014458e+01,2.047070e+01,2.081648e+01,2.097514e+01,2.104405e+01,2.113355e+01,2.113355e+01,2.102338e+01,2.115420e+01,2.105094e+01,2.119548e+01,2.108537e+01,2.125048e+01,2.112667e+01,2.143592e+01,2.131920e+01,2.165526e+01,2.155936e+01,2.183996e+01,2.182629e+01,2.231046e+01,2.275848e+01,2.301556e+01,2.342689e+01,2.342016e+01,2.344707e+01,2.343362e+01,2.314385e+01,2.288710e+01,2.286680e+01,2.266361e+01,2.236487e+01,2.200386e+01,2.194925e+01,2.188779e+01,2.165526e+01,2.140847e+01,2.144278e+01,2.148394e+01,2.122298e+01,2.123674e+01,2.120923e+01,2.123674e+01,2.119548e+01,2.125048e+01,2.118860e+01,2.132607e+01,2.130546e+01,2.129172e+01,2.123674e+01,2.129172e+01,2.131233e+01,2.130546e+01,2.124361e+01,2.135355e+01,2.116108e+01,2.118860e+01,2.107848e+01,2.107160e+01,2.109225e+01,2.106471e+01,2.111979e+01,2.108537e+01,2.105782e+01,2.114732e+01,2.122298e+01,2.104405e+01,2.116796e+01,2.100960e+01,2.097514e+01,2.114732e+01,2.105094e+01,2.109225e+01,2.096825e+01,2.097514e+01,2.098203e+01,2.103716e+01,2.102338e+01,2.103716e+01,2.092688e+01,2.100960e+01,2.100960e+01,2.096825e+01,2.103027e+01,2.105782e+01,2.102338e+01,2.112667e+01,2.099582e+01,2.113355e+01,2.106471e+01,2.104405e+01,2.102338e+01,2.108537e+01,2.101649e+01,2.103716e+01,2.103027e+01,2.100960e+01,2.105782e+01,2.107848e+01,2.120235e+01,2.106471e+01,2.103716e+01,2.117484e+01,2.109225e+01,2.105782e+01,2.117484e+01,2.120923e+01,2.120235e+01,2.109225e+01,2.113355e+01,2.103716e+01,2.106471e+01,2.107848e+01,2.103716e+01,2.105782e+01,2.110602e+01,2.109225e+01,2.113355e+01,2.109225e+01,2.116108e+01,2.107848e+01,2.105094e+01,2.109225e+01,2.111979e+01,2.102338e+01,2.100271e+01,2.122298e+01,2.116796e+01,2.117484e+01,2.112667e+01,2.113355e+01,2.110602e+01,2.125736e+01,2.107160e+01,2.116108e+01,2.122986e+01,2.120235e+01,2.107160e+01,2.122986e+01,2.109225e+01,2.118860e+01,2.105094e+01,2.114732e+01,2.120923e+01,2.116796e+01,2.117484e+01,2.115420e+01,2.116108e+01,2.109225e+01,2.111291e+01,2.111291e+01,2.120235e+01,2.118172e+01,2.116796e+01,2.117484e+01,2.115420e+01,2.121611e+01,2.125048e+01,2.121611e+01,2.121611e+01,2.105782e+01,2.119548e+01,2.117484e+01,2.115420e+01,2.116796e+01,2.116108e+01,2.109914e+01,2.114044e+01,2.111979e+01,2.117484e+01,2.118860e+01,2.111979e+01,2.113355e+01,2.115420e+01,2.117484e+01,2.109225e+01,2.116108e+01,2.120235e+01,2.118172e+01,2.123674e+01,2.107160e+01,2.106471e+01,2.111979e+01,2.116108e+01,2.123674e+01,2.116108e+01,2.123674e+01,2.120923e+01,2.112667e+01,2.113355e+01,2.111979e+01
2.111291e+01,2.113355e+01,2.116796e+01,2.111979e+01,2.107160e+01,2.114044e+01,2.109914e+01,2.108537e+01,2.107160e+01,2.101649e+01,2.112667e+01,2.105782e+01,2.107160e+01,2.116108e+01,2.124361e+01,2.115420e+01,2.101649e+01,2.096825e+01,2.109225e+01,2.114044e+01,2.112667e+01,2.117484e+01,2.123674e+01,2.107848e+01,2.116796e+01,2.111979e+01,2.111291e+01,2.114732e+01,2.111291e+01,2.120235e+01,2.120235e+01,2.111979e+01,2.123674e+01,2.120235e+01,2.116108e+01,2.120923e+01,2.114732e+01,2.114044e+01,2.118172e+01,2.117484e+01,2.129172e+01,2.118860e+01,2.120235e+01,2.130546e+01,2.128485e+01,2.127110e+01,2.110602e+01,2.120235e+01,2.108537e+01,2.120923e+01,2.115420e+01,2.140161e+01,2.118172e+01,2.120235e+01,2.116796e+01,2.120923e+01,2.126423e+01,2.120235e+01,2.121611e+01,2.118860e+01,2.114044e+01,2.123674e+01,2.127110e+01,2.118172e+01,2.116796e+01,2.109914e+01,2.116796e+01,2.099582e+01,2.112667e+01,2.109225e+01,2.107160e+01,2.119548e+01,2.123674e+01,2.122298e+01,2.115420e+01,2.119548e+01,2.113355e+01,2.107160e+01,2.114044e+01,2.127798e+01,2.119548e+01,2.120235e+01,2.122298e+01,2.120923e+01,2.120235e+01,2.116796e+01,2.118172e+01,2.111979e+01,2.120235e+01,2.118172e+01,2.120923e+01,2.123674e+01,2.117484e+01,2.125736e+01,2.110602e+01,2.113355e+01,2.114732e+01,2.117484e+01,2.120923e+01,2.123674e+01,2.110602e+01,2.117484e+01,2.116796e+01,2.115420e+01,2.120923e+01,2.116796e+01,2.128485e+01,2.124361e+01,2.122986e+01,2.121611e+01,2.131920e+01,2.118860e+01,2.113355e+01,2.123674e+01,2.113355e+01,2.122298e+01,2.107848e+01,2.110602e+01,2.110602e+01,2.109225e+01,2.121611e+01,2.111979e+01,2.103027e+01,2.105094e+01,2.105094e+01,2.105094e+01,2.106471e+01,2.107160e+01,2.113355e+01,2.106471e+01,2.109225e+01,2.104405e+01,2.102338e+01,2.108537e+01,2.111291e+01,2.104405e+01,2.108537e+01,2.109914e+01,2.108537e+01,2.107160e+01,2.103027e+01,2.111291e+01,2.109225e+01,2.112667e+01,2.098203e+01,2.102338e+01,2.105094e+01,2.109225e+01,2.106471e+01,2.111291e+01,2.107160e+01,2.106471e+01,2.108537e+01,2.109914e+01,2.109914e+01,2.114044e+01,2.113355e+01,2.114044e+01,2.107848e+01,2.116108e+01,2.112667e+01,2.115420e+01,2.114044e+01,2.109225e+01,2.117484e+01,2.127798e+01,2.123674e+01,2.116108e+01,2.126423e+01,2.125736e+01,2.120923e+01,2.134668e+01,2.124361e+01,2.127798e+01,2.127110e+01,2.126423e+01,2.136041e+01,2.130546e+01,2.126423e+01,2.127110e+01,2.129859e+01,2.132607e+01,2.120235e+01,2.126423e+01,2.121611e+01,2.135355e+01,2.128485e+01,2.131920e+01,2.126423e+01,2.084409e+01,2.100960e+01,2.081648e+01,2.059531e+01,2.075432e+01,2.049840e+01,2.056071e+01,2.031818e+01,2.026960e+01,2.019321e+01,1.999852e+01,1.995675e+01,1.977555e+01,1.978253e+01,1.983831e+01,1.983134e+01,1.979647e+01,1.981740e+01,1.982437e+01,1.978950e+01,1.981740e+01,1.980345e+01,1.991496e+01,1.985922e+01,1.978253e+01,1.974067e+01,1.991496e+01,1.994979e+01,1.979647e+01,1.979647e+01,1.978253e+01,1.969181e+01,1.984528e+01,1.980345e+01,1.984528e+01,1.990103e+01,1.978253e+01,1.990103e+01,1.971973e+01,1.984528e+01,1.985225e+01,1.988710e+01,1.983134e+01,1.984528e+01,1.979647e+01,1.988710e+01,1.983831e+01,1.981740e+01,1.983831e+01,1.994979e+01,2.002636e+01,2.053995e+01,2.088549e+01,2.150451e+01,2.167580e+01,2.157306e+01,2.133981e+01,2.131233e+01,2.069905e+01,2.041526e+01,2.020711e+01,2.013068e+01,2.004723e+01,1.999852e+01,2.007505e+01,2.018627e+01,2.017237e+01,2.006810e+01,2.017932e+01,2.029736e+01,2.031818e+01,2.036673e+01,2.071978e+01,2.070596e+01,2.085099e+01,2.084409e+01,2.079576e+01,2.091998e+01,2.094067e+01,2.102338e+01,2.098893e+01,2.107160e+01,2.115420e+01,2.112667e+01,2.105782e+01,2.105782e+01,2.103716e+01,2.106471e+01,2.106471e+01,2.107848e+01,2.101649e+01,2.103716e+01,2.097514e+01,2.097514e+01,2.095446e+01,2.078195e+01,2.084409e+01,2.087859e+01,2.062990e+01,2.035286e+01,2.018627e+01,2.002636e+01,1.998460e+01,1.993586e+01,2.013763e+01,1.990800e+01,2.011677e+01,1.995675e+01,1.990800e+01,1.987316e+01,1.990103e+01,1.992890e+01,1.991496e+01,1.993586e+01,1.981740e+01,1.978950e+01,1.981042e+01,1.985922e+01,1.978253e+01,1.980345e+01,1.969879e+01,1.967785e+01,1.978950e+01,1.953111e+01,1.971973e+01,1.969181e+01,1.964991e+01,1.967785e+01,1.969879e+01,1.970577e+01,1.973369e+01,1.965689e+01,1.961498e+01,1.973369e+01,1.972671e+01,1.968483e+01,1.976160e+01,1.979647e+01,1.971275e+01,1.982437e+01,2.009591e+01,2.006810e+01,2.060223e+01,2.062990e+01,2.063682e+01,2.064374e+01,2.071978e+01,2.069905e+01,2.071287e+01,2.069905e+01,2.067831e+01,2.060915e+01,2.072669e+01,2.067139e+01,2.068522e+01,2.065757e+01,2.068522e+01,2.065065e+01,2.080267e+01,2.065065e+01,2.060915e+01,2.066448e+01,2.060915e+01,2.063682e+01,2.067139e+01,2.067831e+01,2.065757e+01,2.065757e+01,2.067831e+01,2.069213e+01,2.060915e+01,2.066448e+01,2.067831e+01,2.069905e+01,2.069905e+01,2.072669e+01,2.067831e+01,2.067139e+01,2.065065e+01,2.061607e+01,2.064374e+01,2.062990e+01,2.068522e+01,2.064374e+01,2.071287e+01,2.067139e+01,2.061607e+01,2.067831e+01,2.063682e+01,2.065757e+01,2.065757e+01,2.064374e+01,2.063682e+01,2.060915e+01,2.056763e+01,2.059531e+01,2.060223e+01,2.063682e+01,2.060915e+01,2.065065e+01,2.056763e+01,2.067831e+01,2.058840e+01,2.056763e+01,2.069213e+01,2.068522e+01,2.070596e+01,2.058148e+01,2.069213e+01,2.064374e+01,2.069213e+01,2.074742e+01,2.071287e+01,2.069213e+01,2.067139e+01,2.065757e+01,2.069905e+01,2.071978e+01,2.076123e+01,2.067139e+01,2.073360e+01,2.067831e+01,2.067139e+01,2.072669e+01,2.066448e+01,2.078886e+01,2.077505e+01,2.076123e+01,2.076814e+01,2.076123e+01,2.078195e+01,2.079576e+01,2.074742e+01,2.080267e+01,2.076814e+01,2.074051e+01,2.074742e+01,2.085789e+01,2.071978e+01,2.081648e+01,2.084409e+01,2.083719e+01,2.085789e+01,2.084409e+01,2.082338e+01,2.090619e+01,2.088549e+01,2.078195e+01,2.090619e+01,2.055379e+01,2.013763e+01,1.987316e+01,1.981740e+01,1.980345e+01,1.985922e+01,1.983134e+01,1.990800e+01,1.981740e+01,1.981740e+01,1.981740e+01,2.013068e+01,2.047070e+01,2.093377e+01,2.096825e+01,2.102338e+01,2.111979e+01,2.106471e+01,2.109225e+01,2.090619e+01,2.102338e+01,2.107848e+01,2.109225e+01,2.111291e+01,2.105094e+01,2.119548e+01,2.117484e+01,2.122298e+01,2.137415e+01,2.149080e+01,2.153880e+01,2.195608e+01,2.237847e+01,2.302231e+01,2.345380e+01,2.344035e+01,2.350761e+01,2.359499e+01,2.342689e+01,2.315735e+01,2.296149e+01,2.283974e+01,2.239206e+01,2.233767e+01,2.212661e+01,2.179211e+01,2.166211e+01,2.159362e+01,2.146336e+01,2.132607e+01,2.125048e+01,2.128485e+01,2.121611e+01,2.126423e+01,2.119548e+01,2.119548e+01,2.128485e+01,2.131233e+01,2.120235e+01,2.131233e+01,2.131920e+01,2.125048e+01,2.115420e+01,2.119548e+01,2.121611e+01,2.124361e+01,2.121611e+01,2.116108e+01,2.107848e+01,2.109225e+01,2.107848e+01,2.114732e+01,2.098203e+01,2.110602e+01,2.107160e+01,2.096825e+01,2.104405e+01,2.106471e+01,2.103027e+01,2.100960e+01,2.112667e+01,2.104405e+01,2.100960e+01,2.097514e+01,2.117484e+01,2.105094e+01,2.100960e+01,2.100960e+01,2.105094e+01,2.104405e+01,2.101649e+01,2.103716e+01,2.100960e+01,2.099582e+01,2.100960e+01,2.096825e+01,2.096825e+01,2.112667e+01,2.109225e+01,2.098203e+01,2.100960e+01,2.100960e+01,2.095446e+01,2.103716e+01,2.102338e+01,2.101649e+01,2.104405e+01,2.113355e+01,2.103027e+01,2.100960e+01,2.103027e+01,2.101649e+01,2.103027e+01,2.109225e+01,2.118172e+01,2.108537e+01,2.107848e+01,2.120235e+01,2.104405e+01,2.120235e+01,2.119548e+01,2.107160e+01,2.100271e+01,2.100271e+01,2.107848e+01,2.105094e+01,2.107160e+01,2.116108e+01,2.106471e+01,2.111291e+01,2.109225e+01,2.109914e+01,2.100960e+01,2.109914e+01,2.108537e+01,2.111979e+01,2.119548e+01,2.105094e+01,2.113355e+01,2.125736e+01,2.114732e+01,2.111291e+01,2.111979e+01,2.112667e+01,2.109225e+01,2.114732e+01,2.111979e+01,2.104405e+01,2.104405e+01,2.111291e+01,2.117484e+01,2.118860e+01,2.107160e+01,2.105782e+01,2.118172e+01,2.104405e+01,2.116796e+01,2.115420e+01,2.115420e+01,2.105782e+01,2.110602e+01,2.111291e+01,2.121611e+01,2.110602e+01,2.119548e+01,2.118860e+01,2.123674e+01,2.125736e+01,2.096135e+01,2.111291e+01,2.114044e+01,2.113355e+01,2.116108e+01,2.107848e+01,2.114044e+01,2.115420e+01,2.116796e+01,2.108537e+01,2.114732e+01,2.114732e+01,2.100271e+01,2.106471e+01,2.117484e+01,2.118860e+01,2.118172e+01,2.101649e+01,2.102338e+01,2.109914e+01,2.108537e+01,2.109225e+01,2.104405e+01,2.116108e+01,2.100271e+01,2.114732e+01,2.105782e+01,2.120923e+01,2.106471e+01,2.120923e+01,2.108537e+01,2.099582e+01,2.122986e+01,2.101649e+01
2.117484e+01,2.113355e+01,2.112667e+01,2.120923e+01,2.110602e+01,2.112667e+01,2.121611e+01,2.116108e+01,2.107848e+01,2.107848e+01,2.103027e+01,2.111291e+01,2.116108e+01,2.116796e+01,2.114044e+01,2.115420e+01,2.112667e+01,2.119548e+01,2.108537e+01,2.112667e+01,2.109914e+01,2.116108e+01,2.118860e+01,2.121611e+01,2.121611e+01,2.114044e+01,2.108537e+01,2.111291e+01,2.114732e+01,2.118860e+01,2.120235e+01,2.119548e+01,2.117484e+01,2.124361e+01,2.121611e+01,2.120235e+01,2.121611e+01,2.126423e+01,2.124361e+01,2.118172e+01,2.116796e+01,2.128485e+01,2.115420e+01,2.115420e+01,2.112667e+01,2.125048e+01,2.121611e+01,2.116108e+01,2.111979e+01,2.117484e+01,2.116796e+01,2.134668e+01,2.116108e+01,2.118172e+01,2.118860e+01,2.105782e+01,2.119548e+01,2.127798e+01,2.123674e+01,2.126423e+01,2.116108e+01,2.120923e+01,2.116108e+01,2.108537e+01,2.116796e+01,2.112667e+01,2.109225e+01,2.120923e+01,2.120235e+01,2.120235e+01,2.119548e+01,2.112667e+01,2.125048e+01,2.122986e+01,2.125736e+01,2.110602e+01,2.115420e+01,2.109225e+01,2.116108e+01,2.112667e+01,2.120923e+01,2.113355e+01,2.119548e+01,2.122986e+01,2.106471e+01,2.127110e+01,2.109914e+01,2.116796e+01,2.121611e+01,2.116796e+01,2.118172e+01,2.116796e+01,2.114044e+01,2.120923e+01,2.116108e+01,2.107160e+01,2.118172e+01,2.124361e+01,2.114044e+01,2.113355e+01,2.115420e+01,2.119548e+01,2.116108e+01,2.114732e+01,2.110602e+01,2.122986e+01,2.119548e+01,2.110602e+01,2.102338e+01,2.118860e+01,2.114732e+01,2.111979e+01,2.109914e+01,2.112667e+01,2.118172e+01,2.116108e+01,2.113355e+01,2.104405e+01,2.111979e+01,2.114044e+01,2.115420e+01,2.103716e+01,2.109914e+01,2.103716e+01,2.103716e+01,2.105094e+01,2.107160e+01,2.107848e+01,2.109225e+01,2.109225e+01,2.105782e+01,2.106471e+01,2.104405e+01,2.112667e+01,2.109914e+01,2.111979e+01,2.107160e+01,2.107160e+01,2.106471e+01,2.105782e+01,2.107848e+01,2.113355e+01,2.098893e+01,2.100271e+01,2.113355e+01,2.109914e+01,2.113355e+01,2.107848e+01,2.107848e+01,2.113355e+01,2.113355e+01,2.116108e+01,2.114732e+01,2.098893e+01,2.111979e+01,2.115420e+01,2.108537e+01,2.114732e+01,2.106471e+01,2.106471e+01,2.110602e+01,2.115420e+01,2.111291e+01,2.115420e+01,2.118172e+01,2.117484e+01,2.118172e+01,2.118172e+01,2.125048e+01,2.125048e+01,2.121611e+01,2.122986e+01,2.125736e+01,2.125048e+01,2.125736e+01,2.135355e+01,2.122986e+01,2.128485e+01,2.133294e+01,2.117484e+01,2.103027e+01,2.112667e+01,2.114732e+01,2.116796e+01,2.091308e+01,2.114732e+01,2.096825e+01,2.088549e+01,2.084409e+01,2.059531e+01,2.073360e+01,2.063682e+01,2.038753e+01,2.026266e+01,2.029042e+01,2.008201e+01,1.997068e+01,2.005419e+01,1.992890e+01,1.986619e+01,1.983134e+01,1.981740e+01,1.992193e+01,1.980345e+01,1.979647e+01,1.983134e+01,1.982437e+01,1.980345e+01,1.977555e+01,1.990800e+01,1.976160e+01,1.976858e+01,1.980345e+01,1.981042e+01,1.981042e+01,1.978253e+01,1.986619e+01,1.981740e+01,1.982437e+01,1.981740e+01,1.978253e+01,1.983134e+01,1.981042e+01,1.974764e+01,1.977555e+01,1.984528e+01,1.980345e+01,1.994283e+01,1.999156e+01,1.984528e+01,1.963594e+01,1.991496e+01,1.978950e+01,1.970577e+01,1.975462e+01,1.974067e+01,1.983134e+01,1.981042e+01,2.000548e+01,2.026960e+01,2.131920e+01,2.189462e+01,2.263649e+01,2.273816e+01,2.264327e+01,2.241245e+01,2.179894e+01,2.088549e+01,2.031818e+01,2.015848e+01,2.004723e+01,2.017932e+01,1.999852e+01,2.005419e+01,1.999156e+01,2.008201e+01,2.008896e+01,2.007505e+01,2.013068e+01,2.017237e+01,2.029736e+01,2.056071e+01,2.055379e+01,2.078886e+01,2.081648e+01,2.077505e+01,2.105094e+01,2.105094e+01,2.103027e+01,2.100960e+01,2.107848e+01,2.103027e+01,2.111291e+01,2.112667e+01,2.107848e+01,2.104405e+01,2.100271e+01,2.103027e+01,2.106471e+01,2.097514e+01,2.101649e+01,2.094757e+01,2.094757e+01,2.099582e+01,2.094757e+01,2.079576e+01,2.075432e+01,2.040140e+01,2.017932e+01,2.000548e+01,1.997068e+01,1.994979e+01,1.987316e+01,1.997764e+01,1.990103e+01,1.993586e+01,1.988710e+01,1.984528e+01,1.979647e+01,1.988013e+01,1.999156e+01,1.990103e+01,1.991496e+01,1.990800e+01,1.988013e+01,1.977555e+01,1.958703e+01,1.976160e+01,1.980345e+01,1.982437e+01,1.978950e+01,1.965689e+01,1.978950e+01,1.974067e+01,1.968483e+01,1.969879e+01,1.969879e+01,1.983831e+01,1.965689e+01,1.969879e+01,1.971973e+01,1.971973e+01,1.969879e+01,1.967086e+01,1.972671e+01,1.973369e+01,1.972671e+01,1.974764e+01,1.981740e+01,1.980345e+01,2.001940e+01,2.042912e+01,2.060915e+01,2.067831e+01,2.065757e+01,2.074051e+01,2.067831e+01,2.066448e+01,2.078886e+01,2.069213e+01,2.062299e+01,2.062299e+01,2.064374e+01,2.068522e+01,2.069905e+01,2.067831e+01,2.067139e+01,2.065065e+01,2.065757e+01,2.065757e+01,2.061607e+01,2.067139e+01,2.065757e+01,2.060915e+01,2.065065e+01,2.063682e+01,2.071978e+01,2.062299e+01,2.071287e+01,2.069213e+01,2.062299e+01,2.069905e+01,2.065757e+01,2.053995e+01,2.067831e+01,2.068522e+01,2.071978e+01,2.078886e+01,2.065757e+01,2.076123e+01,2.063682e+01,2.074742e+01,2.067139e+01,2.073360e+01,2.067139e+01,2.065065e+01,2.067831e+01,2.063682e+01,2.060223e+01,2.064374e+01,2.062299e+01,2.058148e+01,2.064374e+01,2.059531e+01,2.060223e+01,2.067139e+01,2.054687e+01,2.064374e+01,2.053995e+01,2.057456e+01,2.060223e+01,2.054687e+01,2.066448e+01,2.066448e+01,2.071287e+01,2.059531e+01,2.055379e+01,2.055379e+01,2.067831e+01,2.068522e+01,2.069905e+01,2.065065e+01,2.069213e+01,2.071287e+01,2.070596e+01,2.073360e+01,2.080267e+01,2.074051e+01,2.080957e+01,2.072669e+01,2.060915e+01,2.080957e+01,2.065757e+01,2.071978e+01,2.076814e+01,2.076123e+01,2.074742e+01,2.078195e+01,2.075432e+01,2.075432e+01,2.073360e+01,2.086479e+01,2.081648e+01,2.079576e+01,2.073360e+01,2.072669e+01,2.087859e+01,2.070596e+01,2.077505e+01,2.078886e+01,2.078195e+01,2.080957e+01,2.079576e+01,2.085099e+01,2.078886e+01,2.086479e+01,2.078195e+01,2.075432e+01,2.076814e+01,2.034592e+01,2.012372e+01,1.980345e+01,1.984528e+01,1.981740e+01,1.984528e+01,1.979647e+01,1.979647e+01,1.985225e+01,1.981740e+01,2.008896e+01,2.058840e+01,2.086479e+01,2.098203e+01,2.094757e+01,2.089239e+01,2.091998e+01,2.089239e+01,2.088549e+01,2.085099e+01,2.091308e+01,2.098203e+01,2.100271e+01,2.100271e+01,2.105094e+01,2.098893e+01,2.107160e+01,2.109914e+01,2.123674e+01,2.156621e+01,2.194243e+01,2.249398e+01,2.302907e+01,2.344707e+01,2.362186e+01,2.378295e+01,2.362858e+01,2.362186e+01,2.343362e+01,2.328547e+01,2.291416e+01,2.267039e+01,2.237847e+01,2.217430e+01,2.209934e+01,2.172371e+01,2.166895e+01,2.149080e+01,2.152508e+01,2.131233e+01,2.127110e+01,2.127798e+01,2.118860e+01,2.124361e+01,2.125736e+01,2.125736e+01,2.128485e+01,2.120235e+01,2.118860e+01,2.118172e+01,2.126423e+01,2.121611e+01,2.119548e+01,2.118860e+01,2.115420e+01,2.105782e+01,2.122986e+01,2.116108e+01,2.110602e+01,2.110602e+01,2.109225e+01,2.111291e+01,2.106471e+01,2.104405e+01,2.114732e+01,2.105782e+01,2.103027e+01,2.107848e+01,2.102338e+01,2.100271e+01,2.098893e+01,2.101649e+01,2.108537e+01,2.103027e+01,2.100271e+01,2.101649e+01,2.096825e+01,2.106471e+01,2.102338e+01,2.100960e+01,2.103716e+01,2.100960e+01,2.099582e+01,2.100271e+01,2.095446e+01,2.101649e+01,2.100960e+01,2.103716e+01,2.101649e+01,2.099582e+01,2.094757e+01,2.096135e+01,2.102338e+01,2.104405e+01,2.101649e+01,2.096825e+01,2.109225e+01,2.101649e+01,2.098893e+01,2.104405e+01,2.109225e+01,2.105782e+01,2.103027e+01,2.103716e+01,2.112667e+01,2.107160e+01,2.098893e+01,2.116796e+01,2.107160e+01,2.107160e+01,2.107848e+01,2.105782e+01,2.115420e+01,2.104405e+01,2.114732e+01,2.103716e+01,2.104405e+01,2.108537e+01,2.086479e+01,2.125048e+01,2.105094e+01,2.112667e+01,2.109225e+01,2.106471e+01,2.106471e+01,2.107848e+01,2.106471e+01,2.116796e+01,2.103027e+01,2.103716e+01,2.107160e+01,2.103027e+01,2.128485e+01,2.112667e+01,2.105094e+01,2.118860e+01,2.119548e+01,2.118172e+01,2.107848e+01,2.114732e+01,2.116796e+01,2.114732e+01,2.116796e+01,2.113355e+01,2.117484e+01,2.112667e+01,2.109914e+01,2.105094e+01,2.110602e+01,2.111979e+01,2.118860e+01,2.108537e+01,2.117484e+01,2.109225e+01,2.116796e+01,2.120923e+01,2.122298e+01,2.122986e+01,2.118860e+01,2.116108e+01,2.118172e+01,2.114732e+01,2.114732e+01,2.110602e+01,2.103716e+01,2.112667e+01,2.109225e+01,2.106471e+01,2.102338e+01,2.104405e+01,2.110602e+01,2.112667e+01,2.115420e+01,2.110602e+01,2.114044e+01,2.099582e+01,2.119548e+01,2.118860e+01,2.111291e+01,2.114732e+01,2.109225e+01,2.109225e+01,2.111979e+01,2.105094e+01,2.102338e+01,2.107848e+01,2.120923e+01,2.100271e+01,2.105094e+01,2.110602e+01,2.122298e+01
2.104405e+01,2.114044e+01,2.112667e+01,2.112667e+01,2.112667e+01,2.107160e+01,2.109914e+01,2.106471e+01,2.119548e+01,2.103027e+01,2.111979e+01,2.111291e+01,2.115420e+01,2.108537e+01,2.117484e+01,2.111291e+01,2.111979e+01,2.112667e+01,2.096825e+01,2.114732e+01,2.118172e+01,2.111979e+01,2.122986e+01,2.118860e+01,2.120235e+01,2.116796e+01,2.125736e+01,2.116796e+01,2.114044e+01,2.118860e+01,2.111291e+01,2.109225e+01,2.120923e+01,2.107848e+01,2.127110e+01,2.118172e+01,2.123674e+01,2.120235e+01,2.120923e+01,2.116108e+01,2.124361e+01,2.118172e+01,2.124361e+01,2.120235e+01,2.116796e+01,2.128485e+01,2.125048e+01,2.114044e+01,2.122986e+01,2.132607e+01,2.114044e+01,2.114732e+01,2.120923e+01,2.114044e+01,2.107848e+01,2.118172e+01,2.118172e+01,2.124361e+01,2.123674e+01,2.129172e+01,2.113355e+01,2.107848e+01,2.121611e+01,2.117484e+01,2.115420e+01,2.107160e+01,2.114732e+01,2.116796e+01,2.111291e+01,2.117484e+01,2.122298e+01,2.125736e+01,2.113355e+01,2.126423e+01,2.122298e+01,2.116108e+01,2.108537e+01,2.125048e+01,2.126423e+01,2.127798e+01,2.121611e+01,2.119548e+01,2.121611e+01,2.120923e+01,2.125048e+01,2.125048e+01,2.120923e+01,2.121611e+01,2.118172e+01,2.118172e+01,2.122986e+01,2.124361e+01,2.111291e+01,2.122986e+01,2.125048e+01,2.123674e+01,2.126423e+01,2.120923e+01,2.121611e+01,2.116108e+01,2.116796e+01,2.120235e+01,2.115420e+01,2.118860e+01,2.125736e+01,2.127798e+01,2.121611e+01,2.117484e+01,2.139474e+01,2.121611e+01,2.105782e+01,2.119548e+01,2.116108e+01,2.114044e+01,2.114044e+01,2.115420e+01,2.111979e+01,2.103027e+01,2.108537e+01,2.104405e+01,2.107848e+01,2.112667e+01,2.105782e+01,2.108537e+01,2.102338e+01,2.106471e+01,2.125048e+01,2.109914e+01,2.111979e+01,2.108537e+01,2.107160e+01,2.106471e+01,2.109914e+01,2.110602e+01,2.111979e+01,2.108537e+01,2.109914e+01,2.111291e+01,2.105782e+01,2.108537e+01,2.105782e+01,2.108537e+01,2.107160e+01,2.104405e+01,2.101649e+01,2.107848e+01,2.105782e+01,2.112667e+01,2.104405e+01,2.103027e+01,2.102338e+01,2.113355e+01,2.109914e+01,2.110602e+01,2.111291e+01,2.096825e+01,2.111291e+01,2.114732e+01,2.111291e+01,2.111291e+01,2.111979e+01,2.102338e+01,2.116108e+01,2.113355e+01,2.116108e+01,2.114044e+01,2.113355e+01,2.125736e+01,2.120923e+01,2.122986e+01,2.144964e+01,2.123674e+01,2.124361e+01,2.125736e+01,2.140847e+01,2.128485e+01,2.125736e+01,2.126423e+01,2.125048e+01,2.099582e+01,2.088549e+01,2.087859e+01,2.085099e+01,2.085099e+01,2.083719e+01,2.083028e+01,2.083028e+01,2.054687e+01,2.047762e+01,2.042912e+01,2.030430e+01,2.032512e+01,2.034592e+01,2.024183e+01,2.020016e+01,1.985922e+01,1.988710e+01,1.978950e+01,1.997764e+01,2.005419e+01,1.988013e+01,1.979647e+01,1.985225e+01,1.985922e+01,1.980345e+01,1.981740e+01,1.983831e+01,1.992890e+01,1.981740e+01,1.975462e+01,1.975462e+01,1.987316e+01,1.985922e+01,1.976858e+01,1.982437e+01,1.997068e+01,1.980345e+01,1.977555e+01,1.981740e+01,1.981740e+01,1.986619e+01,1.987316e+01,1.975462e+01,1.976160e+01,1.976160e+01,1.985225e+01,1.985922e+01,1.985225e+01,1.983831e+01,1.981740e+01,1.978950e+01,1.985922e+01,1.978950e+01,1.969879e+01,1.974764e+01,1.977555e+01,1.978950e+01,1.983831e+01,2.020711e+01,2.084409e+01,2.194925e+01,2.263649e+01,2.306960e+01,2.308310e+01,2.296825e+01,2.265683e+01,2.173055e+01,2.089239e+01,2.028348e+01,2.015153e+01,2.011677e+01,1.999852e+01,2.006810e+01,2.004027e+01,2.000548e+01,1.997068e+01,2.003332e+01,2.004027e+01,2.009591e+01,2.008896e+01,2.016542e+01,2.026266e+01,2.026266e+01,2.049148e+01,2.069213e+01,2.076123e+01,2.096135e+01,2.101649e+01,2.100271e+01,2.100960e+01,2.111291e+01,2.133981e+01,2.110602e+01,2.109914e+01,2.094067e+01,2.106471e+01,2.090619e+01,2.087169e+01,2.095446e+01,2.091308e+01,2.096135e+01,2.074742e+01,2.095446e+01,2.089929e+01,2.092688e+01,2.085789e+01,2.049148e+01,2.015848e+01,1.994979e+01,1.990800e+01,1.998460e+01,1.978950e+01,1.986619e+01,1.998460e+01,1.988013e+01,1.984528e+01,1.985922e+01,1.979647e+01,1.980345e+01,1.996371e+01,2.003332e+01,1.986619e+01,1.978253e+01,1.989407e+01,1.988013e+01,1.984528e+01,1.978253e+01,1.981740e+01,1.978253e+01,1.980345e+01,1.982437e+01,1.971973e+01,1.979647e+01,1.978253e+01,1.975462e+01,1.970577e+01,1.968483e+01,1.969879e+01,1.969879e+01,1.971973e+01,1.972671e+01,1.968483e+01,1.971275e+01,1.976160e+01,1.977555e+01,1.986619e+01,1.973369e+01,1.974764e+01,1.968483e+01,1.969181e+01,1.986619e+01,2.010287e+01,2.046377e+01,2.058840e+01,2.060223e+01,2.069213e+01,2.074742e+01,2.076814e+01,2.069905e+01,2.065757e+01,2.061607e+01,2.066448e+01,2.071978e+01,2.072669e+01,2.072669e+01,2.065757e+01,2.065757e+01,2.064374e+01,2.065757e+01,2.063682e+01,2.063682e+01,2.064374e+01,2.067139e+01,2.077505e+01,2.071978e+01,2.068522e+01,2.067831e+01,2.067139e+01,2.064374e+01,2.071287e+01,2.069213e+01,2.069213e+01,2.071978e+01,2.067139e+01,2.066448e+01,2.070596e+01,2.070596e+01,2.066448e+01,2.077505e+01,2.062299e+01,2.064374e+01,2.063682e+01,2.068522e+01,2.070596e+01,2.072669e+01,2.063682e+01,2.067831e+01,2.065065e+01,2.064374e+01,2.069905e+01,2.062990e+01,2.069213e+01,2.074051e+01,2.059531e+01,2.055379e+01,2.060223e+01,2.053995e+01,2.056763e+01,2.062299e+01,2.065065e+01,2.058840e+01,2.065757e+01,2.068522e+01,2.055379e+01,2.065757e+01,2.068522e+01,2.056071e+01,2.061607e+01,2.060915e+01,2.067139e+01,2.071287e+01,2.067139e+01,2.067139e+01,2.070596e+01,2.076123e+01,2.080267e+01,2.077505e+01,2.080267e+01,2.067139e+01,2.070596e+01,2.078195e+01,2.080267e+01,2.071978e+01,2.074051e+01,2.076123e+01,2.078195e+01,2.074742e+01,2.080267e+01,2.079576e+01,2.070596e+01,2.076123e+01,2.077505e+01,2.081648e+01,2.084409e+01,2.090619e+01,2.079576e+01,2.084409e+01,2.078195e+01,2.073360e+01,2.079576e+01,2.080267e+01,2.083719e+01,2.082338e+01,2.085789e+01,2.076123e+01,2.079576e+01,2.078195e+01,2.074051e+01,2.076814e+01,2.080957e+01,2.041526e+01,1.994979e+01,1.992193e+01,1.988710e+01,1.981740e+01,1.999156e+01,1.985922e+01,1.982437e+01,2.008201e+01,2.011677e+01,2.062990e+01,2.082338e+01,2.081648e+01,2.088549e+01,2.081648e+01,2.100960e+01,2.105094e+01,2.087859e+01,2.094757e+01,2.106471e+01,2.087859e+01,2.083719e+01,2.087169e+01,2.089239e+01,2.108537e+01,2.110602e+01,2.116796e+01,2.123674e+01,2.149080e+01,2.194243e+01,2.248719e+01,2.302907e+01,2.356139e+01,2.381648e+01,2.381648e+01,2.378295e+01,2.370244e+01,2.352106e+01,2.346726e+01,2.309660e+01,2.283297e+01,2.267039e+01,2.226282e+01,2.222879e+01,2.191511e+01,2.176475e+01,2.169633e+01,2.122986e+01,2.127798e+01,2.131920e+01,2.129859e+01,2.125736e+01,2.118860e+01,2.118860e+01,2.114732e+01,2.121611e+01,2.120235e+01,2.131920e+01,2.122298e+01,2.120235e+01,2.127798e+01,2.127110e+01,2.116796e+01,2.118172e+01,2.122298e+01,2.109914e+01,2.113355e+01,2.122986e+01,2.114044e+01,2.114044e+01,2.107160e+01,2.098893e+01,2.102338e+01,2.111291e+01,2.107160e+01,2.084409e+01,2.114044e+01,2.102338e+01,2.091308e+01,2.098893e+01,2.100960e+01,2.096825e+01,2.097514e+01,2.098893e+01,2.105094e+01,2.100960e+01,2.104405e+01,2.090619e+01,2.105782e+01,2.103027e+01,2.095446e+01,2.098203e+01,2.102338e+01,2.105782e+01,2.111291e+01,2.098203e+01,2.102338e+01,2.112667e+01,2.103716e+01,2.103716e+01,2.107160e+01,2.104405e+01,2.100271e+01,2.072669e+01,2.110602e+01,2.114732e+01,2.114044e+01,2.111291e+01,2.093377e+01,2.114732e+01,2.103027e+01,2.105782e+01,2.108537e+01,2.105782e+01,2.110602e+01,2.102338e+01,2.097514e+01,2.112667e+01,2.106471e+01,2.105782e+01,2.103027e+01,2.109225e+01,2.105094e+01,2.103716e+01,2.111979e+01,2.103027e+01,2.108537e+01,2.104405e+01,2.103027e+01,2.100271e+01,2.103027e+01,2.113355e+01,2.110602e+01,2.105782e+01,2.107160e+01,2.109225e+01,2.112667e+01,2.110602e+01,2.104405e+01,2.116796e+01,2.110602e+01,2.114732e+01,2.119548e+01,2.111291e+01,2.124361e+01,2.113355e+01,2.107160e+01,2.116108e+01,2.111979e+01,2.116796e+01,2.114732e+01,2.115420e+01,2.120923e+01,2.120923e+01,2.125048e+01,2.119548e+01,2.111979e+01,2.115420e+01,2.114732e+01,2.121611e+01,2.116796e+01,2.115420e+01,2.123674e+01,2.117484e+01,2.116108e+01,2.118860e+01,2.103716e+01,2.120923e+01,2.125048e+01,2.116108e+01,2.118860e+01,2.114732e+01,2.111291e+01,2.114044e+01,2.109225e+01,2.117484e+01,2.117484e+01,2.111979e+01,2.109914e+01,2.110602e+01,2.115420e+01,2.109225e+01,2.114732e+01,2.118860e+01,2.121611e+01,2.120923e+01,2.114732e+01,2.122986e+01,2.126423e+01,2.110602e+01,2.099582e+01,2.107160e+01,2.114044e+01,2.106471e+01,2.118172e+01,2.114732e+01,2.114732e+01,2.098203e+01,2.114044e+01,2.103027e+01
2.127110e+01,2.114044e+01,2.118172e+01,2.111291e+01,2.114732e+01,2.113355e+01,2.117484e+01,2.115420e+01,2.105782e+01,2.109914e+01,2.116796e+01,2.111979e+01,2.114732e+01,2.113355e+01,2.118172e+01,2.115420e+01,2.112667e+01,2.116796e+01,2.114044e+01,2.111979e+01,2.116796e+01,2.118172e+01,2.120235e+01,2.120235e+01,2.116108e+01,2.119548e+01,2.119548e+01,2.120923e+01,2.106471e+01,2.123674e+01,2.111291e+01,2.120923e+01,2.120235e+01,2.114732e+01,2.118860e+01,2.112667e+01,2.122298e+01,2.119548e+01,2.114044e+01,2.116108e+01,2.118172e+01,2.128485e+01,2.120235e+01,2.131920e+01,2.125048e+01,2.122298e+01,2.119548e+01,2.118860e+01,2.120235e+01,2.116108e+01,2.129172e+01,2.109914e+01,2.120235e+01,2.118860e+01,2.117484e+01,2.122986e+01,2.125048e+01,2.116108e+01,2.122298e+01,2.134668e+01,2.130546e+01,2.109914e+01,2.129172e+01,2.111979e+01,2.116108e+01,2.111979e+01,2.125736e+01,2.110602e+01,2.120235e+01,2.116796e+01,2.107160e+01,2.108537e+01,2.113355e+01,2.120235e+01,2.121611e+01,2.133981e+01,2.126423e+01,2.107848e+01,2.118172e+01,2.119548e+01,2.111291e+01,2.110602e+01,2.123674e+01,2.114732e+01,2.118172e+01,2.124361e+01,2.116108e+01,2.120235e+01,2.125736e+01,2.123674e+01,2.110602e+01,2.121611e+01,2.115420e+01,2.119548e+01,2.127798e+01,2.115420e+01,2.125048e+01,2.114732e+01,2.122986e+01,2.111291e+01,2.118172e+01,2.125736e+01,2.119548e+01,2.116108e+01,2.127110e+01,2.120235e+01,2.116108e+01,2.117484e+01,2.119548e+01,2.123674e+01,2.097514e+01,2.113355e+01,2.109914e+01,2.113355e+01,2.118860e+01,2.118172e+01,2.114044e+01,2.116796e+01,2.103716e+01,2.115420e+01,2.116108e+01,2.091998e+01,2.109225e+01,2.110602e+01,2.103716e+01,2.109914e+01,2.109225e+01,2.107848e+01,2.104405e+01,2.108537e+01,2.095446e+01,2.109914e+01,2.111291e+01,2.104405e+01,2.100960e+01,2.109225e+01,2.106471e+01,2.107848e+01,2.107160e+01,2.108537e+01,2.103027e+01,2.108537e+01,2.095446e+01,2.105782e+01,2.099582e+01,2.107848e+01,2.104405e+01,2.111291e+01,2.103027e+01,2.113355e+01,2.106471e+01,2.106471e+01,2.111979e+01,2.108537e+01,2.106471e+01,2.107160e+01,2.107160e+01,2.109914e+01,2.116108e+01,2.116108e+01,2.115420e+01,2.110602e+01,2.111979e+01,2.108537e+01,2.116108e+01,2.119548e+01,2.122298e+01,2.120923e+01,2.125048e+01,2.122986e+01,2.118172e+01,2.123674e+01,2.133294e+01,2.116108e+01,2.120923e+01,2.105782e+01,2.100960e+01,2.079576e+01,2.073360e+01,2.074051e+01,2.075432e+01,2.042219e+01,2.037366e+01,2.040140e+01,2.040833e+01,2.049840e+01,2.049840e+01,2.049840e+01,2.034592e+01,2.016542e+01,2.010982e+01,2.001244e+01,1.994283e+01,2.013068e+01,2.003332e+01,2.004027e+01,1.983134e+01,1.978950e+01,1.978253e+01,1.985922e+01,1.980345e+01,1.983831e+01,1.984528e+01,1.982437e+01,1.981740e+01,1.985225e+01,1.983831e+01,1.989407e+01,1.978253e+01,1.977555e+01,1.989407e+01,1.988013e+01,1.979647e+01,1.976858e+01,1.981740e+01,1.980345e+01,2.011677e+01,1.976858e+01,1.981042e+01,1.979647e+01,1.982437e+01,1.985225e+01,1.985922e+01,1.983134e+01,1.978253e+01,1.985922e+01,1.981042e+01,1.983134e+01,1.975462e+01,1.984528e+01,1.976858e+01,1.982437e+01,1.983134e+01,1.975462e+01,1.976858e+01,1.982437e+01,1.976858e+01,1.983134e+01,2.027654e+01,2.126423e+01,2.198338e+01,2.260936e+01,2.297501e+01,2.288033e+01,2.267039e+01,2.223560e+01,2.140847e+01,2.088549e+01,2.040833e+01,2.012372e+01,2.013068e+01,2.002636e+01,2.004027e+01,1.997764e+01,2.003332e+01,1.993586e+01,2.016542e+01,1.999156e+01,2.001244e+01,1.999156e+01,2.002636e+01,2.010982e+01,2.014458e+01,2.020016e+01,2.028348e+01,2.029042e+01,2.053303e+01,2.083028e+01,2.099582e+01,2.086479e+01,2.099582e+01,2.105782e+01,2.107848e+01,2.096135e+01,2.094757e+01,2.089929e+01,2.091998e+01,2.086479e+01,2.085789e+01,2.088549e+01,2.094067e+01,2.094067e+01,2.091998e+01,2.085099e+01,2.086479e+01,2.074051e+01,2.047762e+01,2.017237e+01,1.992193e+01,1.992193e+01,1.992193e+01,1.991496e+01,1.991496e+01,1.994283e+01,1.983831e+01,1.994283e+01,1.989407e+01,2.010287e+01,1.987316e+01,1.978950e+01,1.985225e+01,1.992193e+01,1.976160e+01,1.976858e+01,1.978950e+01,1.976858e+01,1.975462e+01,1.975462e+01,1.976858e+01,1.977555e+01,1.976858e+01,1.971973e+01,1.976160e+01,1.979647e+01,1.965689e+01,1.963594e+01,1.962896e+01,1.967086e+01,1.966388e+01,1.962197e+01,1.970577e+01,1.974067e+01,1.969879e+01,1.980345e+01,1.964991e+01,1.969879e+01,1.969181e+01,1.967086e+01,1.968483e+01,1.972671e+01,1.984528e+01,1.993586e+01,2.040833e+01,2.051225e+01,2.058148e+01,2.077505e+01,2.062990e+01,2.079576e+01,2.069905e+01,2.076123e+01,2.072669e+01,2.067139e+01,2.061607e+01,2.072669e+01,2.062990e+01,2.062990e+01,2.065065e+01,2.070596e+01,2.067139e+01,2.062299e+01,2.065757e+01,2.064374e+01,2.066448e+01,2.065065e+01,2.069905e+01,2.065757e+01,2.062990e+01,2.068522e+01,2.070596e+01,2.071287e+01,2.063682e+01,2.069905e+01,2.067139e+01,2.065065e+01,2.067831e+01,2.069213e+01,2.062299e+01,2.059531e+01,2.060223e+01,2.067139e+01,2.067831e+01,2.067139e+01,2.079576e+01,2.069213e+01,2.063682e+01,2.069905e+01,2.064374e+01,2.065065e+01,2.065757e+01,2.065065e+01,2.060223e+01,2.057456e+01,2.057456e+01,2.053995e+01,2.053303e+01,2.053995e+01,2.062990e+01,2.058148e+01,2.060915e+01,2.057456e+01,2.061607e+01,2.056763e+01,2.054687e+01,2.057456e+01,2.067139e+01,2.061607e+01,2.056763e+01,2.067139e+01,2.066448e+01,2.069905e+01,2.065757e+01,2.065757e+01,2.071978e+01,2.072669e+01,2.071287e+01,2.062299e+01,2.082338e+01,2.079576e+01,2.075432e+01,2.078886e+01,2.077505e+01,2.078886e+01,2.070596e+01,2.075432e+01,2.078886e+01,2.079576e+01,2.072669e+01,2.074742e+01,2.074051e+01,2.084409e+01,2.083719e+01,2.086479e+01,2.084409e+01,2.083719e+01,2.076123e+01,2.076814e+01,2.085099e+01,2.085099e+01,2.061607e+01,2.087169e+01,2.080957e+01,2.070596e+01,2.081648e+01,2.086479e+01,2.088549e+01,2.078886e+01,2.070596e+01,2.078195e+01,2.078195e+01,2.078886e+01,2.057456e+01,2.027654e+01,2.014458e+01,1.984528e+01,1.992193e+01,1.983134e+01,1.979647e+01,1.981740e+01,2.000548e+01,2.016542e+01,2.060915e+01,2.088549e+01,2.089239e+01,2.091308e+01,2.089239e+01,2.085099e+01,2.097514e+01,2.092688e+01,2.085099e+01,2.085099e+01,2.088549e+01,2.085789e+01,2.088549e+01,2.101649e+01,2.100271e+01,2.103027e+01,2.105094e+01,2.111979e+01,2.137415e+01,2.194243e+01,2.278557e+01,2.325851e+01,2.360843e+01,2.383659e+01,2.399065e+01,2.384329e+01,2.386340e+01,2.378966e+01,2.356812e+01,2.333263e+01,2.302907e+01,2.284650e+01,2.260936e+01,2.222198e+01,2.218793e+01,2.171002e+01,2.177843e+01,2.149766e+01,2.148394e+01,2.136728e+01,2.124361e+01,2.125048e+01,2.133294e+01,2.125048e+01,2.117484e+01,2.120235e+01,2.129859e+01,2.123674e+01,2.122298e+01,2.128485e+01,2.119548e+01,2.123674e+01,2.124361e+01,2.125048e+01,2.122986e+01,2.121611e+01,2.113355e+01,2.118860e+01,2.111291e+01,2.110602e+01,2.109914e+01,2.116108e+01,2.105782e+01,2.111291e+01,2.114044e+01,2.099582e+01,2.123674e+01,2.118172e+01,2.105782e+01,2.099582e+01,2.114044e+01,2.109225e+01,2.100271e+01,2.101649e+01,2.103716e+01,2.104405e+01,2.098203e+01,2.097514e+01,2.095446e+01,2.100960e+01,2.094067e+01,2.107848e+01,2.107160e+01,2.114044e+01,2.098893e+01,2.099582e+01,2.116108e+01,2.113355e+01,2.107848e+01,2.107848e+01,2.102338e+01,2.105782e+01,2.106471e+01,2.101649e+01,2.103716e+01,2.114044e+01,2.110602e+01,2.107160e+01,2.104405e+01,2.111291e+01,2.105094e+01,2.098203e+01,2.106471e+01,2.110602e+01,2.112667e+01,2.096135e+01,2.100271e+01,2.107160e+01,2.105782e+01,2.109914e+01,2.105094e+01,2.104405e+01,2.105094e+01,2.116108e+01,2.113355e+01,2.118172e+01,2.100271e+01,2.101649e+01,2.098893e+01,2.103027e+01,2.106471e+01,2.105782e+01,2.103027e+01,2.115420e+01,2.111291e+01,2.109225e+01,2.106471e+01,2.105782e+01,2.110602e+01,2.108537e+01,2.109225e+01,2.118172e+01,2.118172e+01,2.122986e+01,2.114732e+01,2.111291e+01,2.120235e+01,2.114044e+01,2.114732e+01,2.116108e+01,2.109914e+01,2.120923e+01,2.125736e+01,2.114044e+01,2.099582e+01,2.112667e+01,2.123674e+01,2.107848e+01,2.109225e+01,2.109225e+01,2.116796e+01,2.114732e+01,2.117484e+01,2.121611e+01,2.120235e+01,2.118172e+01,2.109225e+01,2.119548e+01,2.113355e+01,2.120923e+01,2.111979e+01,2.114732e+01,2.110602e+01,2.109914e+01,2.114044e+01,2.111291e+01,2.116108e+01,2.113355e+01,2.110602e+01,2.115420e+01,2.111291e+01,2.108537e+01,2.111979e+01,2.109914e+01,2.109914e+01,2.114044e+01,2.118860e+01,2.111291e+01,2.103027e+01,2.110602e+01,2.107160e+01,2.110602e+01,2.109225e+01,2.118860e+01,2.097514e+01,2.116796e+01,2.103027e+01,2.116796e+01,2.104405e+01,2.110602e+01
2.117484e+01,2.109914e+01,2.107848e+01,2.115420e+01,2.113355e+01,2.112667e+01,2.108537e+01,2.118860e+01,2.120923e+01,2.118172e+01,2.111291e+01,2.117484e+01,2.115420e+01,2.113355e+01,2.118860e+01,2.111291e+01,2.119548e+01,2.114732e+01,2.118860e+01,2.116796e+01,2.118860e+01,2.118860e+01,2.120235e+01,2.125736e+01,2.121611e+01,2.121611e+01,2.118860e+01,2.118172e+01,2.134668e+01,2.135355e+01,2.118172e+01,2.128485e+01,2.116796e+01,2.127110e+01,2.119548e+01,2.122298e+01,2.122298e+01,2.125736e+01,2.119548e+01,2.130546e+01,2.115420e+01,2.129859e+01,2.118860e+01,2.125736e+01,2.117484e+01,2.110602e+01,2.124361e+01,2.120235e+01,2.121611e+01,2.133981e+01,2.123674e+01,2.119548e+01,2.129172e+01,2.124361e+01,2.122986e+01,2.132607e+01,2.127798e+01,2.105782e+01,2.118860e+01,2.134668e+01,2.122298e+01,2.118860e+01,2.123674e+01,2.111979e+01,2.121611e+01,2.122986e+01,2.126423e+01,2.131920e+01,2.127110e+01,2.122986e+01,2.117484e+01,2.122986e+01,2.125048e+01,2.120235e+01,2.119548e+01,2.122986e+01,2.120235e+01,2.118860e+01,2.114732e+01,2.123674e+01,2.103716e+01,2.111979e+01,2.113355e+01,2.125736e+01,2.125736e+01,2.116796e+01,2.127798e+01,2.130546e+01,2.125736e+01,2.131920e+01,2.119548e+01,2.127798e+01,2.127798e+01,2.128485e+01,2.126423e+01,2.125736e+01,2.116108e+01,2.111979e+01,2.125048e+01,2.125736e+01,2.119548e+01,2.125736e+01,2.115420e+01,2.120235e+01,2.115420e+01,2.121611e+01,2.120235e+01,2.110602e+01,2.115420e+01,2.116108e+01,2.120235e+01,2.118172e+01,2.120235e+01,2.108537e+01,2.114732e+01,2.116108e+01,2.114044e+01,2.146336e+01,2.109225e+01,2.109914e+01,2.106471e+01,2.113355e+01,2.115420e+01,2.110602e+01,2.102338e+01,2.111291e+01,2.104405e+01,2.112667e+01,2.108537e+01,2.110602e+01,2.105782e+01,2.112667e+01,2.117484e+01,2.116108e+01,2.098203e+01,2.097514e+01,2.104405e+01,2.105782e+01,2.107848e+01,2.107848e+01,2.100271e+01,2.109914e+01,2.101649e+01,2.109225e+01,2.105094e+01,2.106471e+01,2.106471e+01,2.113355e+01,2.111979e+01,2.113355e+01,2.108537e+01,2.112667e+01,2.111291e+01,2.104405e+01,2.107848e+01,2.115420e+01,2.109914e+01,2.108537e+01,2.108537e+01,2.111291e+01,2.113355e+01,2.111979e+01,2.109914e+01,2.114732e+01,2.106471e+01,2.112667e+01,2.119548e+01,2.122298e+01,2.123674e+01,2.125736e+01,2.126423e+01,2.122986e+01,2.113355e+01,2.108537e+01,2.100960e+01,2.085789e+01,2.077505e+01,2.059531e+01,2.055379e+01,2.034592e+01,2.036673e+01,2.030430e+01,2.029736e+01,2.035286e+01,2.024877e+01,2.024877e+01,2.007505e+01,2.017932e+01,2.018627e+01,1.999156e+01,1.987316e+01,1.996371e+01,1.987316e+01,1.992193e+01,1.997068e+01,1.988013e+01,1.985225e+01,1.983134e+01,1.976858e+01,1.981740e+01,1.964991e+01,1.989407e+01,1.992890e+01,1.985225e+01,1.983134e+01,1.987316e+01,1.985225e+01,1.988013e+01,1.983831e+01,1.988013e+01,1.983831e+01,1.989407e+01,1.981740e+01,1.981740e+01,1.982437e+01,1.984528e+01,1.985922e+01,1.980345e+01,1.983831e+01,1.983831e+01,1.985922e+01,1.982437e+01,1.983134e+01,1.978950e+01,1.984528e+01,1.975462e+01,1.981042e+01,1.981740e+01,1.978950e+01,1.981042e+01,1.988710e+01,1.985922e+01,1.993586e+01,1.972671e+01,1.971973e+01,1.974764e+01,1.974764e+01,2.007505e+01,2.065757e+01,2.161417e+01,2.228324e+01,2.279235e+01,2.281943e+01,2.271106e+01,2.246002e+01,2.192877e+01,2.116108e+01,2.052610e+01,2.020016e+01,2.004027e+01,1.993586e+01,2.000548e+01,2.001244e+01,2.000548e+01,1.997068e+01,1.994283e+01,1.994979e+01,1.998460e+01,2.004027e+01,1.992890e+01,2.006114e+01,2.007505e+01,2.006810e+01,2.004027e+01,2.003332e+01,2.030430e+01,2.026960e+01,2.042912e+01,2.062299e+01,2.087169e+01,2.104405e+01,2.105094e+01,2.107848e+01,2.109914e+01,2.093377e+01,2.087859e+01,2.088549e+01,2.083719e+01,2.086479e+01,2.094067e+01,2.080957e+01,2.089239e+01,2.091308e+01,2.095446e+01,2.094757e+01,2.075432e+01,2.024877e+01,2.015153e+01,1.994283e+01,1.990103e+01,1.990103e+01,1.992193e+01,1.983831e+01,1.997068e+01,1.993586e+01,1.992890e+01,1.989407e+01,1.988710e+01,1.981740e+01,1.981740e+01,1.983831e+01,1.983134e+01,1.991496e+01,1.985225e+01,1.982437e+01,1.981042e+01,1.981740e+01,1.974067e+01,1.974067e+01,1.976160e+01,1.973369e+01,1.975462e+01,1.975462e+01,1.979647e+01,1.978950e+01,1.978253e+01,1.979647e+01,1.973369e+01,1.974067e+01,1.982437e+01,1.981042e+01,1.974067e+01,1.969879e+01,1.972671e+01,1.960800e+01,1.965689e+01,1.972671e+01,1.971275e+01,1.974764e+01,1.970577e+01,1.978253e+01,1.997764e+01,2.012372e+01,2.049840e+01,2.055379e+01,2.072669e+01,2.062299e+01,2.070596e+01,2.074742e+01,2.058840e+01,2.068522e+01,2.073360e+01,2.075432e+01,2.066448e+01,2.063682e+01,2.056763e+01,2.064374e+01,2.067139e+01,2.064374e+01,2.067139e+01,2.070596e+01,2.070596e+01,2.068522e+01,2.067831e+01,2.065065e+01,2.066448e+01,2.062990e+01,2.074051e+01,2.069905e+01,2.069905e+01,2.069213e+01,2.065757e+01,2.068522e+01,2.065757e+01,2.058840e+01,2.062299e+01,2.068522e+01,2.072669e+01,2.071978e+01,2.067139e+01,2.068522e+01,2.074051e+01,2.067139e+01,2.067831e+01,2.062299e+01,2.067139e+01,2.063682e+01,2.111979e+01,2.065065e+01,2.058148e+01,2.062990e+01,2.067831e+01,2.064374e+01,2.067831e+01,2.062990e+01,2.059531e+01,2.055379e+01,2.065065e+01,2.057456e+01,2.060223e+01,2.058840e+01,2.057456e+01,2.060915e+01,2.067139e+01,2.067831e+01,2.064374e+01,2.062990e+01,2.063682e+01,2.065065e+01,2.068522e+01,2.070596e+01,2.076814e+01,2.071287e+01,2.074742e+01,2.076123e+01,2.077505e+01,2.081648e+01,2.082338e+01,2.080957e+01,2.078886e+01,2.077505e+01,2.078195e+01,2.074742e+01,2.079576e+01,2.074051e+01,2.071287e+01,2.083028e+01,2.082338e+01,2.083028e+01,2.071287e+01,2.079576e+01,2.097514e+01,2.091308e+01,2.078886e+01,2.084409e+01,2.083028e+01,2.083028e+01,2.077505e+01,2.083719e+01,2.087169e+01,2.089239e+01,2.083028e+01,2.078195e+01,2.070596e+01,2.077505e+01,2.090619e+01,2.085099e+01,2.078195e+01,2.079576e+01,2.085099e+01,2.077505e+01,2.042219e+01,2.027654e+01,1.999852e+01,2.004027e+01,2.007505e+01,1.984528e+01,2.001940e+01,2.001940e+01,2.036673e+01,2.062990e+01,2.071978e+01,2.080957e+01,2.093377e+01,2.083719e+01,2.090619e+01,2.082338e+01,2.084409e+01,2.086479e+01,2.080267e+01,2.085099e+01,2.094067e+01,2.092688e+01,2.098203e+01,2.092688e+01,2.110602e+01,2.093377e+01,2.114732e+01,2.148394e+01,2.193560e+01,2.280589e+01,2.347398e+01,2.377624e+01,2.401742e+01,2.409768e+01,2.410437e+01,2.408431e+01,2.390360e+01,2.382318e+01,2.348744e+01,2.335957e+01,2.311011e+01,2.279912e+01,2.254829e+01,2.219474e+01,2.186046e+01,2.179894e+01,2.164841e+01,2.167580e+01,2.147708e+01,2.138788e+01,2.142906e+01,2.126423e+01,2.124361e+01,2.122986e+01,2.120235e+01,2.146336e+01,2.129859e+01,2.129172e+01,2.120235e+01,2.124361e+01,2.125736e+01,2.119548e+01,2.127110e+01,2.118172e+01,2.118860e+01,2.115420e+01,2.114044e+01,2.113355e+01,2.115420e+01,2.110602e+01,2.111979e+01,2.112667e+01,2.103716e+01,2.100271e+01,2.109225e+01,2.107848e+01,2.111291e+01,2.096825e+01,2.106471e+01,2.116796e+01,2.108537e+01,2.098893e+01,2.098893e+01,2.100271e+01,2.092688e+01,2.088549e+01,2.105782e+01,2.120235e+01,2.112667e+01,2.102338e+01,2.103716e+01,2.098893e+01,2.101649e+01,2.105094e+01,2.103716e+01,2.104405e+01,2.102338e+01,2.102338e+01,2.107160e+01,2.104405e+01,2.103027e+01,2.087859e+01,2.116108e+01,2.100271e+01,2.113355e+01,2.104405e+01,2.113355e+01,2.107160e+01,2.107848e+01,2.108537e+01,2.111291e+01,2.099582e+01,2.110602e+01,2.094757e+01,2.103716e+01,2.106471e+01,2.105782e+01,2.107848e+01,2.100271e+01,2.084409e+01,2.098203e+01,2.108537e+01,2.117484e+01,2.115420e+01,2.111291e+01,2.097514e+01,2.103027e+01,2.111291e+01,2.101649e+01,2.112667e+01,2.100271e+01,2.107848e+01,2.105782e+01,2.103716e+01,2.103027e+01,2.107160e+01,2.134668e+01,2.112667e+01,2.108537e+01,2.109225e+01,2.110602e+01,2.112667e+01,2.131233e+01,2.131920e+01,2.108537e+01,2.113355e+01,2.117484e+01,2.116796e+01,2.116796e+01,2.108537e+01,2.120923e+01,2.111979e+01,2.110602e+01,2.110602e+01,2.107160e+01,2.105782e+01,2.116796e+01,2.112667e+01,2.108537e+01,2.122298e+01,2.120923e+01,2.117484e+01,2.119548e+01,2.120923e+01,2.120235e+01,2.110602e+01,2.118172e+01,2.120235e+01,2.140847e+01,2.112667e+01,2.116796e+01,2.117484e+01,2.114732e+01,2.114732e+01,2.114732e+01,2.114044e+01,2.111979e+01,2.115420e+01,2.136728e+01,2.112667e+01,2.105094e+01,2.111979e+01,2.120235e+01,2.109225e+01,2.119548e+01,2.120235e+01,2.107160e+01,2.107160e+01,2.107848e+01,2.110602e+01,2.107848e+01,2.120235e+01,2.111979e+01,2.109914e+01,2.110602e+01,2.114732e+01,2.117484e+01,2.100271e+01,2.118172e+01
2.096135e+01,2.111291e+01,2.120923e+01,2.122298e+01,2.114732e+01,2.118860e+01,2.117484e+01,2.107848e+01,2.118860e+01,2.103027e+01,2.107160e+01,2.122298e+01,2.109914e+01,2.120235e+01,2.116108e+01,2.118860e+01,2.120235e+01,2.111291e+01,2.119548e+01,2.108537e+01,2.118172e+01,2.119548e+01,2.116796e+01,2.118172e+01,2.120235e+01,2.118860e+01,2.120235e+01,2.119548e+01,2.114044e+01,2.120235e+01,2.119548e+01,2.118172e+01,2.129172e+01,2.119548e+01,2.119548e+01,2.118860e+01,2.127110e+01,2.125048e+01,2.115420e+01,2.123674e+01,2.120235e+01,2.125048e+01,2.125048e+01,2.131233e+01,2.134668e+01,2.124361e+01,2.119548e+01,2.125048e+01,2.118172e+01,2.115420e+01,2.124361e+01,2.124361e+01,2.122298e+01,2.120923e+01,2.127798e+01,2.124361e+01,2.136728e+01,2.120923e+01,2.120923e+01,2.129859e+01,2.119548e+01,2.117484e+01,2.122986e+01,2.119548e+01,2.122298e+01,2.115420e+01,2.126423e+01,2.121611e+01,2.118172e+01,2.120235e+01,2.109914e+01,2.118172e+01,2.119548e+01,2.109914e+01,2.119548e+01,2.106471e+01,2.120923e+01,2.120235e+01,2.118860e+01,2.121611e+01,2.119548e+01,2.126423e+01,2.125048e+01,2.125048e+01,2.125048e+01,2.116108e+01,2.127110e+01,2.112667e+01,2.127110e+01,2.128485e+01,2.128485e+01,2.118860e+01,2.125736e+01,2.122986e+01,2.127110e+01,2.126423e+01,2.125736e+01,2.113355e+01,2.127798e+01,2.118172e+01,2.117484e+01,2.125048e+01,2.119548e+01,2.114732e+01,2.105782e+01,2.107160e+01,2.115420e+01,2.117484e+01,2.120235e+01,2.121611e+01,2.113355e+01,2.117484e+01,2.117484e+01,2.111979e+01,2.113355e+01,2.113355e+01,2.100271e+01,2.111291e+01,2.102338e+01,2.108537e+01,2.103716e+01,2.105094e+01,2.108537e+01,2.103027e+01,2.101649e+01,2.109225e+01,2.098893e+01,2.109225e+01,2.109914e+01,2.110602e+01,2.105094e+01,2.114044e+01,2.113355e+01,2.111291e+01,2.111979e+01,2.118172e+01,2.107160e+01,2.106471e+01,2.109225e+01,2.109225e+01,2.107160e+01,2.108537e+01,2.106471e+01,2.106471e+01,2.106471e+01,2.111291e+01,2.109225e+01,2.111979e+01,2.113355e+01,2.109914e+01,2.101649e+01,2.107160e+01,2.109225e+01,2.105094e+01,2.107848e+01,2.110602e+01,2.107848e+01,2.112667e+01,2.111291e+01,2.113355e+01,2.121611e+01,2.109225e+01,2.110602e+01,2.107848e+01,2.111979e+01,2.122298e+01,2.125048e+01,2.118860e+01,2.125048e+01,2.124361e+01,2.125736e+01,2.106471e+01,2.089239e+01,2.080267e+01,2.081648e+01,2.066448e+01,2.065757e+01,2.026266e+01,2.027654e+01,2.008896e+01,1.991496e+01,1.997764e+01,2.017237e+01,2.002636e+01,2.002636e+01,2.000548e+01,1.988710e+01,2.002636e+01,1.991496e+01,1.985922e+01,1.985225e+01,1.990800e+01,1.996371e+01,1.983134e+01,1.981740e+01,1.983134e+01,1.990103e+01,1.981740e+01,1.983831e+01,1.994979e+01,1.983831e+01,1.981740e+01,1.985225e+01,1.983134e+01,1.978950e+01,1.980345e+01,1.974067e+01,1.985922e+01,1.983134e+01,1.983134e+01,1.985225e+01,1.983134e+01,1.988013e+01,1.985225e+01,1.990103e+01,1.979647e+01,1.984528e+01,1.983831e+01,1.987316e+01,1.973369e+01,1.986619e+01,1.989407e+01,1.983134e+01,1.988013e+01,1.981740e+01,1.983134e+01,1.980345e+01,1.983831e+01,1.985225e+01,1.983831e+01,1.986619e+01,1.988013e+01,1.985922e+01,1.987316e+01,1.973369e+01,1.972671e+01,1.972671e+01,2.044298e+01,2.107160e+01,2.196973e+01,2.260936e+01,2.251435e+01,2.248719e+01,2.248039e+01,2.222879e+01,2.173055e+01,2.087859e+01,2.053303e+01,2.015153e+01,2.014458e+01,2.002636e+01,2.004027e+01,1.994283e+01,2.004723e+01,1.991496e+01,1.995675e+01,1.994979e+01,1.997068e+01,1.993586e+01,1.990103e+01,1.994979e+01,2.006114e+01,1.988013e+01,2.002636e+01,2.004027e+01,2.000548e+01,2.007505e+01,2.029042e+01,2.035286e+01,2.064374e+01,2.089929e+01,2.089929e+01,2.097514e+01,2.092688e+01,2.082338e+01,2.080957e+01,2.078886e+01,2.090619e+01,2.085099e+01,2.091308e+01,2.093377e+01,2.090619e+01,2.092688e+01,2.096825e+01,2.088549e+01,2.059531e+01,2.014458e+01,1.991496e+01,1.990800e+01,1.987316e+01,1.990103e+01,1.986619e+01,1.976160e+01,1.987316e+01,1.988710e+01,1.990800e+01,1.982437e+01,1.985225e+01,1.979647e+01,1.983134e+01,1.983134e+01,1.981740e+01,1.986619e+01,1.987316e+01,1.981740e+01,1.974067e+01,1.985225e+01,1.975462e+01,1.971275e+01,1.970577e+01,1.974067e+01,1.969181e+01,1.976858e+01,1.973369e+01,1.978950e+01,1.964991e+01,1.971973e+01,1.971275e+01,1.977555e+01,1.985225e+01,1.983831e+01,1.984528e+01,1.964293e+01,1.981740e+01,1.970577e+01,1.976160e+01,1.970577e+01,1.971275e+01,1.969181e+01,1.977555e+01,1.974067e+01,1.971275e+01,1.974764e+01,2.000548e+01,2.048455e+01,2.053303e+01,2.071287e+01,2.071978e+01,2.070596e+01,2.076814e+01,2.070596e+01,2.070596e+01,2.065757e+01,2.062990e+01,2.059531e+01,2.059531e+01,2.067831e+01,2.063682e+01,2.076123e+01,2.072669e+01,2.069905e+01,2.073360e+01,2.071978e+01,2.065757e+01,2.064374e+01,2.067139e+01,2.069905e+01,2.071978e+01,2.067831e+01,2.069213e+01,2.067831e+01,2.058840e+01,2.067139e+01,2.065065e+01,2.065065e+01,2.062990e+01,2.071978e+01,2.074051e+01,2.065757e+01,2.073360e+01,2.070596e+01,2.080957e+01,2.083719e+01,2.074742e+01,2.061607e+01,2.065757e+01,2.072669e+01,2.065757e+01,2.064374e+01,2.069905e+01,2.064374e+01,2.065757e+01,2.064374e+01,2.059531e+01,2.065065e+01,2.061607e+01,2.062990e+01,2.060223e+01,2.055379e+01,2.060915e+01,2.059531e+01,2.061607e+01,2.063682e+01,2.061607e+01,2.067139e+01,2.065065e+01,2.053303e+01,2.062990e+01,2.062299e+01,2.073360e+01,2.068522e+01,2.071287e+01,2.071287e+01,2.071287e+01,2.067139e+01,2.076123e+01,2.076814e+01,2.077505e+01,2.071978e+01,2.079576e+01,2.075432e+01,2.070596e+01,2.077505e+01,2.080267e+01,2.079576e+01,2.079576e+01,2.083028e+01,2.076123e+01,2.084409e+01,2.081648e+01,2.091998e+01,2.092688e+01,2.087169e+01,2.082338e+01,2.080957e+01,2.088549e+01,2.078195e+01,2.076123e+01,2.087859e+01,2.086479e+01,2.084409e+01,2.084409e+01,2.080267e+01,2.096825e+01,2.093377e+01,2.089929e+01,2.078886e+01,2.080267e+01,2.078195e+01,2.078886e+01,2.086479e+01,2.057456e+01,2.067139e+01,2.010287e+01,1.985225e+01,2.006114e+01,1.989407e+01,2.001244e+01,2.010982e+01,2.053995e+01,2.062299e+01,2.070596e+01,2.080267e+01,2.080957e+01,2.087169e+01,2.084409e+01,2.087859e+01,2.087169e+01,2.096135e+01,2.083028e+01,2.088549e+01,2.087859e+01,2.094757e+01,2.091998e+01,2.088549e+01,2.093377e+01,2.099582e+01,2.114044e+01,2.162787e+01,2.217430e+01,2.304933e+01,2.336630e+01,2.384999e+01,2.399734e+01,2.407762e+01,2.432477e+01,2.427806e+01,2.409768e+01,2.382318e+01,2.373599e+01,2.344035e+01,2.315735e+01,2.282620e+01,2.262971e+01,2.254829e+01,2.209252e+01,2.200386e+01,2.185363e+01,2.167580e+01,2.150451e+01,2.146336e+01,2.136728e+01,2.122298e+01,2.121611e+01,2.118860e+01,2.125048e+01,2.119548e+01,2.122986e+01,2.123674e+01,2.119548e+01,2.127110e+01,2.127798e+01,2.127110e+01,2.114044e+01,2.120235e+01,2.119548e+01,2.120235e+01,2.116108e+01,2.112667e+01,2.112667e+01,2.120923e+01,2.109914e+01,2.112667e+01,2.110602e+01,2.105782e+01,2.114044e+01,2.130546e+01,2.099582e+01,2.106471e+01,2.104405e+01,2.095446e+01,2.098893e+01,2.111979e+01,2.100960e+01,2.105782e+01,2.108537e+01,2.101649e+01,2.105782e+01,2.103716e+01,2.089239e+01,2.094067e+01,2.103716e+01,2.105094e+01,2.100960e+01,2.114044e+01,2.104405e+01,2.103716e+01,2.089929e+01,2.111291e+01,2.102338e+01,2.103027e+01,2.101649e+01,2.100271e+01,2.100960e+01,2.107848e+01,2.100960e+01,2.105094e+01,2.102338e+01,2.105094e+01,2.094757e+01,2.103716e+01,2.094757e+01,2.109225e+01,2.105094e+01,2.106471e+01,2.094067e+01,2.105782e+01,2.108537e+01,2.105782e+01,2.107160e+01,2.111291e+01,2.111291e+01,2.112667e+01,2.107848e+01,2.112667e+01,2.106471e+01,2.118860e+01,2.105782e+01,2.107848e+01,2.102338e+01,2.109225e+01,2.102338e+01,2.107848e+01,2.115420e+01,2.121611e+01,2.119548e+01,2.116108e+01,2.118172e+01,2.109914e+01,2.111291e+01,2.106471e+01,2.109225e+01,2.113355e+01,2.111979e+01,2.114732e+01,2.109914e+01,2.113355e+01,2.114732e+01,2.114732e+01,2.114732e+01,2.114044e+01,2.116108e+01,2.115420e+01,2.116796e+01,2.114044e+01,2.110602e+01,2.109225e+01,2.112667e+01,2.114044e+01,2.118172e+01,2.111979e+01,2.122298e+01,2.114732e+01,2.118172e+01,2.116796e+01,2.109914e+01,2.126423e+01,2.111979e+01,2.112667e+01,2.113355e+01,2.114732e+01,2.113355e+01,2.125736e+01,2.109914e+01,2.114044e+01,2.117484e+01,2.111979e+01,2.113355e+01,2.111291e+01,2.116796e+01,2.118172e+01,2.152508e+01,2.120923e+01,2.118172e+01,2.116796e+01,2.107848e+01,2.121611e+01,2.111291e+01,2.105782e+01,2.116108e+01,2.103027e+01,2.109225e+01,2.111291e+01,2.112667e+01,2.115420e+01,2.115420e+01,2.115420e+01,2.118172e+01,2.120235e+01,2.117484e+01
2.118172e+01,2.114044e+01,2.119548e+01,2.112667e+01,2.117484e+01,2.109914e+01,2.118860e+01,2.116796e+01,2.096825e+01,2.114044e+01,2.097514e+01,2.120235e+01,2.125048e+01,2.122986e+01,2.100960e+01,2.114044e+01,2.115420e+01,2.116108e+01,2.115420e+01,2.116796e+01,2.119548e+01,2.115420e+01,2.122986e+01,2.114044e+01,2.118860e+01,2.116796e+01,2.119548e+01,2.135355e+01,2.133981e+01,2.111291e+01,2.121611e+01,2.121611e+01,2.126423e+01,2.125048e+01,2.129859e+01,2.115420e+01,2.127798e+01,2.112667e+01,2.111979e+01,2.118860e+01,2.113355e+01,2.122298e+01,2.122986e+01,2.106471e+01,2.123674e+01,2.122986e+01,2.122298e+01,2.107848e+01,2.121611e+01,2.121611e+01,2.122986e+01,2.120235e+01,2.122298e+01,2.124361e+01,2.127798e+01,2.124361e+01,2.107160e+01,2.120923e+01,2.118172e+01,2.125048e+01,2.122298e+01,2.122986e+01,2.118860e+01,2.120923e+01,2.118172e+01,2.114732e+01,2.118172e+01,2.118172e+01,2.115420e+01,2.120235e+01,2.120235e+01,2.124361e+01,2.124361e+01,2.122298e+01,2.125048e+01,2.115420e+01,2.120235e+01,2.119548e+01,2.118172e+01,2.120235e+01,2.116108e+01,2.120235e+01,2.122298e+01,2.114044e+01,2.125048e+01,2.122986e+01,2.119548e+01,2.125048e+01,2.130546e+01,2.115420e+01,2.119548e+01,2.126423e+01,2.118860e+01,2.118860e+01,2.125736e+01,2.116796e+01,2.125048e+01,2.120923e+01,2.120923e+01,2.120235e+01,2.125048e+01,2.110602e+01,2.108537e+01,2.120923e+01,2.111979e+01,2.108537e+01,2.107848e+01,2.118172e+01,2.118172e+01,2.114044e+01,2.111291e+01,2.105782e+01,2.111979e+01,2.105782e+01,2.107160e+01,2.105094e+01,2.108537e+01,2.102338e+01,2.111291e+01,2.107160e+01,2.109914e+01,2.111979e+01,2.105782e+01,2.110602e+01,2.106471e+01,2.104405e+01,2.114044e+01,2.108537e+01,2.104405e+01,2.114044e+01,2.111979e+01,2.105094e+01,2.113355e+01,2.103716e+01,2.097514e+01,2.112667e+01,2.103716e+01,2.106471e+01,2.107160e+01,2.103027e+01,2.103716e+01,2.111291e+01,2.100271e+01,2.110602e+01,2.097514e+01,2.107160e+01,2.106471e+01,2.109225e+01,2.110602e+01,2.113355e+01,2.106471e+01,2.105094e+01,2.116796e+01,2.108537e+01,2.118860e+01,2.116108e+01,2.105094e+01,2.107160e+01,2.111291e+01,2.111291e+01,2.111291e+01,2.110602e+01,2.108537e+01,2.125048e+01,2.111291e+01,2.122986e+01,2.116796e+01,2.114732e+01,2.114732e+01,2.109225e+01,2.107848e+01,2.072669e+01,2.071287e+01,2.065757e+01,2.038753e+01,2.039447e+01,2.009591e+01,2.008896e+01,2.010982e+01,1.995675e+01,1.985225e+01,1.998460e+01,1.990103e+01,2.000548e+01,1.994979e+01,1.994283e+01,1.993586e+01,1.985922e+01,1.986619e+01,1.988710e+01,1.983831e+01,1.976858e+01,1.975462e+01,1.981740e+01,1.990103e+01,1.982437e+01,1.980345e+01,1.983831e+01,1.971973e+01,1.980345e+01,1.969879e+01,1.978253e+01,1.983134e+01,1.988013e+01,1.975462e+01,1.980345e+01,1.976160e+01,1.982437e+01,1.981042e+01,1.983831e+01,1.979647e+01,1.988710e+01,1.983831e+01,1.985225e+01,1.988013e+01,1.983831e+01,1.983134e+01,1.983831e+01,1.988710e+01,1.976160e+01,1.987316e+01,1.976160e+01,1.984528e+01,1.982437e+01,1.981042e+01,1.985225e+01,1.981740e+01,1.984528e+01,1.984528e+01,1.983831e+01,1.981042e+01,1.976160e+01,1.978253e+01,1.971973e+01,1.976858e+01,1.973369e+01,1.991496e+01,2.058148e+01,2.128485e+01,2.196973e+01,2.222198e+01,2.245322e+01,2.248719e+01,2.219474e+01,2.188779e+01,2.138788e+01,2.055379e+01,2.020711e+01,1.992193e+01,2.005419e+01,1.992890e+01,1.990103e+01,1.994979e+01,1.995675e+01,1.986619e+01,1.993586e+01,1.988710e+01,1.992193e+01,1.993586e+01,1.996371e+01,1.983831e+01,1.991496e+01,1.983831e+01,1.983831e+01,1.993586e+01,1.979647e+01,1.984528e+01,1.991496e+01,2.027654e+01,2.027654e+01,2.068522e+01,2.088549e+01,2.087859e+01,2.077505e+01,2.078195e+01,2.087859e+01,2.083719e+01,2.082338e+01,2.083719e+01,2.087859e+01,2.091998e+01,2.089929e+01,2.091308e+01,2.096825e+01,2.094067e+01,2.036673e+01,2.006810e+01,1.993586e+01,1.990800e+01,1.987316e+01,1.991496e+01,1.979647e+01,1.982437e+01,1.978950e+01,1.977555e+01,1.983831e+01,1.985225e+01,1.983134e+01,1.981042e+01,1.982437e+01,1.981740e+01,1.981740e+01,1.983831e+01,1.982437e+01,1.981042e+01,1.980345e+01,1.978950e+01,1.981042e+01,1.969181e+01,1.979647e+01,1.970577e+01,1.971275e+01,1.969879e+01,1.973369e+01,1.973369e+01,1.971275e+01,1.979647e+01,1.966388e+01,1.979647e+01,1.980345e+01,1.974067e+01,1.967785e+01,1.974764e+01,1.980345e+01,1.972671e+01,1.960800e+01,1.974764e+01,1.976160e+01,1.973369e+01,1.969181e+01,1.982437e+01,1.972671e+01,1.982437e+01,1.993586e+01,2.018627e+01,2.022794e+01,2.050533e+01,2.062990e+01,2.069213e+01,2.069905e+01,2.070596e+01,2.065065e+01,2.065065e+01,2.071978e+01,2.074742e+01,2.064374e+01,2.068522e+01,2.065757e+01,2.069213e+01,2.071287e+01,2.066448e+01,2.062990e+01,2.061607e+01,2.063682e+01,2.065065e+01,2.064374e+01,2.067831e+01,2.068522e+01,2.060915e+01,2.069213e+01,2.065757e+01,2.067831e+01,2.065757e+01,2.070596e+01,2.058840e+01,2.059531e+01,2.060915e+01,2.062299e+01,2.061607e+01,2.071287e+01,2.071978e+01,2.082338e+01,2.069213e+01,2.067831e+01,2.061607e+01,2.074742e+01,2.065065e+01,2.065065e+01,2.067831e+01,2.065757e+01,2.065065e+01,2.087169e+01,2.060915e+01,2.058840e+01,2.060223e+01,2.058148e+01,2.060915e+01,2.057456e+01,2.058840e+01,2.060915e+01,2.059531e+01,2.060223e+01,2.064374e+01,2.053995e+01,2.050533e+01,2.066448e+01,2.058148e+01,2.062990e+01,2.067831e+01,2.074051e+01,2.065757e+01,2.069905e+01,2.071978e+01,2.063682e+01,2.074742e+01,2.078886e+01,2.079576e+01,2.074742e+01,2.076814e+01,2.077505e+01,2.071978e+01,2.078195e+01,2.078886e+01,2.080957e+01,2.078195e+01,2.072669e+01,2.082338e+01,2.081648e+01,2.079576e+01,2.078195e+01,2.085099e+01,2.078886e+01,2.072669e+01,2.087859e+01,2.077505e+01,2.080267e+01,2.091308e+01,2.089239e+01,2.088549e+01,2.085789e+01,2.084409e+01,2.083028e+01,2.081648e+01,2.107848e+01,2.087169e+01,2.087859e+01,2.083028e+01,2.085789e+01,2.085789e+01,2.076123e+01,2.087859e+01,2.091308e+01,2.073360e+01,2.046377e+01,2.041526e+01,2.000548e+01,2.008896e+01,2.034592e+01,2.026266e+01,2.063682e+01,2.069905e+01,2.074051e+01,2.082338e+01,2.081648e+01,2.083719e+01,2.086479e+01,2.093377e+01,2.089929e+01,2.094757e+01,2.088549e+01,2.083719e+01,2.089929e+01,2.095446e+01,2.099582e+01,2.098203e+01,2.109914e+01,2.113355e+01,2.129172e+01,2.163472e+01,2.252793e+01,2.308985e+01,2.370244e+01,2.385670e+01,2.405756e+01,2.423132e+01,2.430475e+01,2.443146e+01,2.431143e+01,2.410437e+01,2.389020e+01,2.370244e+01,2.337977e+01,2.315735e+01,2.287357e+01,2.261614e+01,2.221517e+01,2.222198e+01,2.176475e+01,2.174423e+01,2.158677e+01,2.129172e+01,2.125736e+01,2.122298e+01,2.126423e+01,2.118860e+01,2.129859e+01,2.123674e+01,2.125736e+01,2.129172e+01,2.114732e+01,2.124361e+01,2.114044e+01,2.126423e+01,2.121611e+01,2.129172e+01,2.118860e+01,2.119548e+01,2.119548e+01,2.111979e+01,2.110602e+01,2.123674e+01,2.109914e+01,2.120235e+01,2.121611e+01,2.118860e+01,2.110602e+01,2.108537e+01,2.104405e+01,2.106471e+01,2.100271e+01,2.111979e+01,2.107160e+01,2.101649e+01,2.103027e+01,2.106471e+01,2.109914e+01,2.098893e+01,2.100271e+01,2.098893e+01,2.105782e+01,2.108537e+01,2.105094e+01,2.104405e+01,2.105094e+01,2.098893e+01,2.104405e+01,2.108537e+01,2.102338e+01,2.104405e+01,2.101649e+01,2.097514e+01,2.100271e+01,2.102338e+01,2.112667e+01,2.107160e+01,2.103027e+01,2.109914e+01,2.100271e+01,2.100271e+01,2.113355e+01,2.108537e+01,2.105782e+01,2.107848e+01,2.108537e+01,2.107160e+01,2.108537e+01,2.100960e+01,2.105094e+01,2.105094e+01,2.107848e+01,2.109914e+01,2.115420e+01,2.110602e+01,2.100271e+01,2.115420e+01,2.109225e+01,2.111979e+01,2.114044e+01,2.106471e+01,2.108537e+01,2.107160e+01,2.097514e+01,2.098203e+01,2.114044e+01,2.114044e+01,2.116796e+01,2.109914e+01,2.107160e+01,2.125048e+01,2.107848e+01,2.108537e+01,2.109914e+01,2.116796e+01,2.111291e+01,2.109914e+01,2.114044e+01,2.113355e+01,2.111979e+01,2.111979e+01,2.109225e+01,2.120923e+01,2.125048e+01,2.121611e+01,2.122298e+01,2.110602e+01,2.114732e+01,2.112667e+01,2.106471e+01,2.117484e+01,2.114732e+01,2.111291e+01,2.116796e+01,2.118860e+01,2.117484e+01,2.118172e+01,2.116108e+01,2.118860e+01,2.114044e+01,2.136041e+01,2.111979e+01,2.111979e+01,2.111291e+01,2.108537e+01,2.110602e+01,2.108537e+01,2.108537e+01,2.109225e+01,2.114044e+01,2.111291e+01,2.114044e+01,2.118860e+01,2.121611e+01,2.122298e+01,2.117484e+01,2.109914e+01,2.123674e+01,2.106471e+01,2.118172e+01,2.101649e+01,2.109225e+01,2.108537e+01,2.110602e+01,2.108537e+01,2.111979e+01,2.113355e+01,2.111979e+01,2.108537e+01,2.105094e+01,2.105094e+01,2.117484e+01
2.109914e+01,2.113355e+01,2.114044e+01,2.116108e+01,2.111979e+01,2.119548e+01,2.096135e+01,2.112667e+01,2.111979e+01,2.114044e+01,2.115420e+01,2.110602e+01,2.102338e+01,2.116108e+01,2.114044e+01,2.119548e+01,2.108537e+01,2.116108e+01,2.123674e+01,2.120923e+01,2.117484e+01,2.116796e+01,2.116108e+01,2.118172e+01,2.139474e+01,2.117484e+01,2.115420e+01,2.116796e+01,2.118172e+01,2.123674e+01,2.119548e+01,2.104405e+01,2.117484e+01,2.111979e+01,2.120923e+01,2.120235e+01,2.122986e+01,2.112667e+01,2.123674e+01,2.120235e+01,2.115420e+01,2.123674e+01,2.105782e+01,2.122298e+01,2.118860e+01,2.127798e+01,2.121611e+01,2.126423e+01,2.126423e+01,2.120923e+01,2.121611e+01,2.119548e+01,2.129172e+01,2.109225e+01,2.120923e+01,2.121611e+01,2.112667e+01,2.117484e+01,2.126423e+01,2.124361e+01,2.117484e+01,2.118860e+01,2.122986e+01,2.121611e+01,2.130546e+01,2.109225e+01,2.122298e+01,2.111979e+01,2.111291e+01,2.111979e+01,2.118172e+01,2.123674e+01,2.113355e+01,2.125048e+01,2.108537e+01,2.119548e+01,2.122298e+01,2.121611e+01,2.127110e+01,2.118172e+01,2.119548e+01,2.113355e+01,2.120923e+01,2.126423e+01,2.113355e+01,2.116108e+01,2.111291e+01,2.114044e+01,2.122298e+01,2.116796e+01,2.125736e+01,2.119548e+01,2.115420e+01,2.120235e+01,2.118172e+01,2.118172e+01,2.107160e+01,2.122298e+01,2.122298e+01,2.119548e+01,2.127110e+01,2.116108e+01,2.112667e+01,2.112667e+01,2.130546e+01,2.107848e+01,2.106471e+01,2.109914e+01,2.114044e+01,2.121611e+01,2.122298e+01,2.109225e+01,2.111979e+01,2.105782e+01,2.106471e+01,2.098893e+01,2.109914e+01,2.100960e+01,2.099582e+01,2.103716e+01,2.101649e+01,2.108537e+01,2.106471e+01,2.107160e+01,2.116108e+01,2.112667e+01,2.107848e+01,2.111979e+01,2.109914e+01,2.111979e+01,2.102338e+01,2.109225e+01,2.097514e+01,2.100271e+01,2.099582e+01,2.104405e+01,2.119548e+01,2.108537e+01,2.102338e+01,2.103716e+01,2.101649e+01,2.098893e+01,2.103027e+01,2.099582e+01,2.096825e+01,2.105782e+01,2.103716e+01,2.108537e+01,2.106471e+01,2.112667e+01,2.111291e+01,2.117484e+01,2.115420e+01,2.117484e+01,2.111291e+01,2.118172e+01,2.106471e+01,2.112667e+01,2.110602e+01,2.115420e+01,2.109914e+01,2.109914e+01,2.109914e+01,2.127110e+01,2.109225e+01,2.114044e+01,2.116108e+01,2.110602e+01,2.113355e+01,2.076814e+01,2.052610e+01,2.059531e+01,2.023489e+01,2.038753e+01,2.001244e+01,2.017932e+01,2.002636e+01,2.008896e+01,2.004723e+01,1.990103e+01,2.004027e+01,2.001244e+01,1.993586e+01,1.999156e+01,1.999852e+01,1.996371e+01,1.991496e+01,1.988013e+01,1.984528e+01,1.984528e+01,1.984528e+01,1.985922e+01,1.985922e+01,1.983134e+01,1.978253e+01,1.977555e+01,1.975462e+01,1.980345e+01,1.977555e+01,1.977555e+01,1.977555e+01,1.973369e+01,1.982437e+01,1.973369e+01,1.977555e+01,1.976858e+01,1.981042e+01,1.976858e+01,1.980345e+01,1.981740e+01,1.976160e+01,1.987316e+01,1.985225e+01,1.985922e+01,1.986619e+01,1.990800e+01,1.982437e+01,1.991496e+01,1.983134e+01,1.985225e+01,1.969879e+01,1.984528e+01,1.976160e+01,1.983134e+01,1.983134e+01,1.983134e+01,1.975462e+01,1.984528e+01,1.982437e+01,1.979647e+01,1.983134e+01,1.973369e+01,1.971973e+01,1.970577e+01,1.980345e+01,1.985922e+01,2.024183e+01,2.054687e+01,2.106471e+01,2.125048e+01,2.155936e+01,2.155936e+01,2.155250e+01,2.155936e+01,2.124361e+01,2.087169e+01,2.053995e+01,2.022100e+01,1.995675e+01,2.008201e+01,1.981042e+01,1.981042e+01,1.991496e+01,1.988710e+01,1.981740e+01,1.968483e+01,1.983134e+01,1.994283e+01,1.992890e+01,1.987316e+01,1.988013e+01,1.986619e+01,1.989407e+01,2.006810e+01,1.978950e+01,1.981042e+01,1.979647e+01,1.981740e+01,1.999156e+01,2.001244e+01,2.036673e+01,2.067139e+01,2.076123e+01,2.081648e+01,2.080267e+01,2.076814e+01,2.079576e+01,2.079576e+01,2.071287e+01,2.073360e+01,2.080957e+01,2.080957e+01,2.096135e+01,2.094757e+01,2.074742e+01,2.060915e+01,2.007505e+01,1.997068e+01,1.992193e+01,1.989407e+01,1.985922e+01,1.980345e+01,1.983831e+01,1.978950e+01,1.981042e+01,1.983831e+01,1.978950e+01,1.984528e+01,1.983134e+01,1.984528e+01,1.968483e+01,1.984528e+01,1.981042e+01,1.980345e+01,1.981042e+01,1.985922e+01,1.981042e+01,1.980345e+01,1.980345e+01,1.972671e+01,1.975462e+01,1.972671e+01,1.971973e+01,1.974764e+01,1.976160e+01,1.976160e+01,1.971275e+01,1.976160e+01,1.977555e+01,1.964293e+01,1.975462e+01,1.966388e+01,1.967785e+01,1.976160e+01,1.970577e+01,1.958703e+01,1.969879e+01,1.975462e+01,1.974067e+01,1.974067e+01,1.977555e+01,1.972671e+01,1.976160e+01,1.996371e+01,1.988013e+01,2.016542e+01,2.022794e+01,2.050533e+01,2.065757e+01,2.070596e+01,2.070596e+01,2.061607e+01,2.065757e+01,2.072669e+01,2.063682e+01,2.070596e+01,2.066448e+01,2.068522e+01,2.070596e+01,2.067139e+01,2.071287e+01,2.070596e+01,2.071287e+01,2.061607e+01,2.072669e+01,2.066448e+01,2.067831e+01,2.069905e+01,2.067831e+01,2.068522e+01,2.066448e+01,2.067139e+01,2.064374e+01,2.068522e+01,2.067831e+01,2.062299e+01,2.062990e+01,2.059531e+01,2.066448e+01,2.062990e+01,2.071287e+01,2.067831e+01,2.071287e+01,2.076123e+01,2.064374e+01,2.070596e+01,2.069905e+01,2.074051e+01,2.078195e+01,2.061607e+01,2.064374e+01,2.062990e+01,2.063682e+01,2.061607e+01,2.059531e+01,2.053995e+01,2.062990e+01,2.057456e+01,2.058840e+01,2.059531e+01,2.058148e+01,2.059531e+01,2.058840e+01,2.058148e+01,2.065065e+01,2.058840e+01,2.063682e+01,2.063682e+01,2.065757e+01,2.061607e+01,2.057456e+01,2.070596e+01,2.069213e+01,2.073360e+01,2.069213e+01,2.065757e+01,2.077505e+01,2.070596e+01,2.069213e+01,2.071978e+01,2.071287e+01,2.075432e+01,2.077505e+01,2.079576e+01,2.081648e+01,2.080957e+01,2.080267e+01,2.082338e+01,2.080957e+01,2.080267e+01,2.085789e+01,2.079576e+01,2.081648e+01,2.076123e+01,2.081648e+01,2.077505e+01,2.086479e+01,2.091308e+01,2.086479e+01,2.081648e+01,2.083028e+01,2.107848e+01,2.078886e+01,2.087859e+01,2.084409e+01,2.089239e+01,2.086479e+01,2.081648e+01,2.082338e+01,2.082338e+01,2.082338e+01,2.069905e+01,2.091308e+01,2.083028e+01,2.071287e+01,2.047762e+01,2.011677e+01,2.019321e+01,2.042912e+01,2.079576e+01,2.079576e+01,2.081648e+01,2.085099e+01,2.069213e+01,2.081648e+01,2.093377e+01,2.092688e+01,2.090619e+01,2.089239e+01,2.085099e+01,2.088549e+01,2.096135e+01,2.094757e+01,2.096825e+01,2.102338e+01,2.088549e+01,2.096825e+01,2.115420e+01,2.192877e+01,2.279235e+01,2.352778e+01,2.380307e+01,2.403749e+01,2.415784e+01,2.448477e+01,2.450475e+01,2.452473e+01,2.438480e+01,2.424468e+01,2.413111e+01,2.391030e+01,2.370915e+01,2.332589e+01,2.304933e+01,2.262971e+01,2.248039e+01,2.234447e+01,2.200386e+01,2.177159e+01,2.161417e+01,2.139474e+01,2.155936e+01,2.134668e+01,2.142906e+01,2.120923e+01,2.119548e+01,2.127798e+01,2.121611e+01,2.113355e+01,2.125736e+01,2.119548e+01,2.126423e+01,2.128485e+01,2.122298e+01,2.109914e+01,2.118860e+01,2.118860e+01,2.114732e+01,2.110602e+01,2.116796e+01,2.120235e+01,2.109914e+01,2.118172e+01,2.108537e+01,2.109914e+01,2.116108e+01,2.110602e+01,2.114044e+01,2.089239e+01,2.097514e+01,2.093377e+01,2.106471e+01,2.107848e+01,2.112667e+01,2.091998e+01,2.111291e+01,2.107160e+01,2.111979e+01,2.107848e+01,2.103027e+01,2.090619e+01,2.103716e+01,2.100271e+01,2.102338e+01,2.107160e+01,2.103027e+01,2.108537e+01,2.108537e+01,2.102338e+01,2.102338e+01,2.099582e+01,2.103027e+01,2.105782e+01,2.112667e+01,2.108537e+01,2.101649e+01,2.119548e+01,2.102338e+01,2.105782e+01,2.106471e+01,2.107160e+01,2.106471e+01,2.107160e+01,2.106471e+01,2.107848e+01,2.105782e+01,2.105094e+01,2.105782e+01,2.103716e+01,2.111979e+01,2.102338e+01,2.111291e+01,2.105782e+01,2.109914e+01,2.107160e+01,2.110602e+01,2.109914e+01,2.112667e+01,2.109225e+01,2.111291e+01,2.113355e+01,2.110602e+01,2.108537e+01,2.100271e+01,2.089929e+01,2.109914e+01,2.116108e+01,2.106471e+01,2.111979e+01,2.108537e+01,2.105094e+01,2.104405e+01,2.115420e+01,2.109914e+01,2.111979e+01,2.111979e+01,2.111291e+01,2.114044e+01,2.120235e+01,2.116108e+01,2.107848e+01,2.114044e+01,2.114732e+01,2.114044e+01,2.122298e+01,2.116796e+01,2.118860e+01,2.112667e+01,2.116108e+01,2.116108e+01,2.116796e+01,2.112667e+01,2.114732e+01,2.116108e+01,2.116796e+01,2.115420e+01,2.122298e+01,2.115420e+01,2.111979e+01,2.111291e+01,2.111291e+01,2.122986e+01,2.110602e+01,2.122986e+01,2.112667e+01,2.113355e+01,2.110602e+01,2.110602e+01,2.114732e+01,2.110602e+01,2.116108e+01,2.116108e+01,2.117484e+01,2.116108e+01,2.108537e+01,2.116108e+01,2.120235e+01,2.118172e+01,2.111291e+01,2.111979e+01,2.105094e+01,2.109914e+01,2.112667e+01,2.113355e+01,2.107160e+01,2.100960e+01,2.115420e+01,2.105094e+01,2.106471e+01,2.105782e+01
2.113355e+01,2.111291e+01,2.114732e+01,2.118860e+01,2.113355e+01,2.112667e+01,2.111291e+01,2.120923e+01,2.114732e+01,2.105782e+01,2.105782e+01,2.111291e+01,2.109225e+01,2.113355e+01,2.115420e+01,2.116108e+01,2.118860e+01,2.110602e+01,2.120235e+01,2.114732e+01,2.117484e+01,2.118860e+01,2.116796e+01,2.119548e+01,2.118172e+01,2.119548e+01,2.120235e+01,2.120923e+01,2.118860e+01,2.114044e+01,2.115420e+01,2.125048e+01,2.126423e+01,2.116108e+01,2.114044e+01,2.114044e+01,2.127110e+01,2.119548e+01,2.112667e+01,2.116108e+01,2.117484e+01,2.111291e+01,2.123674e+01,2.115420e+01,2.113355e+01,2.122298e+01,2.129172e+01,2.122298e+01,2.127798e+01,2.121611e+01,2.125736e+01,2.122298e+01,2.126423e+01,2.126423e+01,2.110602e+01,2.122298e+01,2.115420e+01,2.115420e+01,2.115420e+01,2.126423e+01,2.129172e+01,2.121611e+01,2.129859e+01,2.120235e+01,2.116796e+01,2.112667e+01,2.108537e+01,2.114044e+01,2.114732e+01,2.118172e+01,2.105782e+01,2.112667e+01,2.124361e+01,2.111291e+01,2.136728e+01,2.121611e+01,2.118860e+01,2.120923e+01,2.119548e+01,2.111291e+01,2.119548e+01,2.118172e+01,2.109225e+01,2.141533e+01,2.106471e+01,2.116108e+01,2.106471e+01,2.123674e+01,2.115420e+01,2.125736e+01,2.122986e+01,2.110602e+01,2.118172e+01,2.117484e+01,2.105782e+01,2.118172e+01,2.120235e+01,2.121611e+01,2.122986e+01,2.117484e+01,2.116796e+01,2.125048e+01,2.128485e+01,2.116108e+01,2.112667e+01,2.131920e+01,2.110602e+01,2.111979e+01,2.109914e+01,2.105094e+01,2.105782e+01,2.105782e+01,2.103716e+01,2.109914e+01,2.105782e+01,2.105094e+01,2.102338e+01,2.100960e+01,2.111979e+01,2.099582e+01,2.100271e+01,2.101649e+01,2.107848e+01,2.110602e+01,2.095446e+01,2.103027e+01,2.100271e+01,2.101649e+01,2.096135e+01,2.104405e+01,2.111291e+01,2.093377e+01,2.095446e+01,2.110602e+01,2.103027e+01,2.101649e+01,2.111979e+01,2.113355e+01,2.095446e+01,2.106471e+01,2.101649e+01,2.110602e+01,2.103027e+01,2.107848e+01,2.094757e+01,2.105782e+01,2.108537e+01,2.107848e+01,2.108537e+01,2.103716e+01,2.113355e+01,2.118860e+01,2.105782e+01,2.106471e+01,2.106471e+01,2.106471e+01,2.113355e+01,2.113355e+01,2.104405e+01,2.109225e+01,2.111291e+01,2.107848e+01,2.107160e+01,2.106471e+01,2.110602e+01,2.118860e+01,2.103027e+01,2.083719e+01,2.081648e+01,2.078886e+01,2.048455e+01,2.021405e+01,2.020016e+01,2.001940e+01,1.994283e+01,1.991496e+01,1.998460e+01,1.983134e+01,1.983134e+01,1.985225e+01,1.997068e+01,1.985225e+01,1.986619e+01,1.987316e+01,1.982437e+01,1.997068e+01,1.987316e+01,1.982437e+01,1.986619e+01,1.983134e+01,1.982437e+01,1.981042e+01,1.985922e+01,1.981740e+01,1.977555e+01,1.980345e+01,1.984528e+01,1.981740e+01,1.977555e+01,1.981740e+01,1.974067e+01,1.982437e+01,1.972671e+01,1.977555e+01,1.977555e+01,1.973369e+01,1.955907e+01,1.974764e+01,1.975462e+01,1.983134e+01,1.981740e+01,1.990800e+01,1.986619e+01,1.983134e+01,1.980345e+01,1.981740e+01,1.981042e+01,1.983831e+01,1.983831e+01,1.978950e+01,1.976160e+01,1.982437e+01,1.964293e+01,1.978950e+01,1.976858e+01,1.981740e+01,1.970577e+01,1.975462e+01,1.978253e+01,1.984528e+01,1.976858e+01,1.982437e+01,1.974067e+01,1.969879e+01,1.968483e+01,1.988013e+01,1.999156e+01,2.010982e+01,2.041526e+01,2.052610e+01,2.080957e+01,2.083028e+01,2.089239e+01,2.089239e+01,2.080267e+01,2.056763e+01,2.026266e+01,1.996371e+01,2.004723e+01,1.980345e+01,1.989407e+01,1.982437e+01,1.981740e+01,1.992193e+01,1.975462e+01,1.983831e+01,1.992193e+01,1.984528e+01,1.992193e+01,1.983134e+01,1.985922e+01,1.978950e+01,1.983831e+01,1.982437e+01,1.974764e+01,1.980345e+01,1.981042e+01,1.982437e+01,1.977555e+01,1.983831e+01,2.015848e+01,2.035286e+01,2.068522e+01,2.074051e+01,2.073360e+01,2.072669e+01,2.076814e+01,2.067139e+01,2.078886e+01,2.071287e+01,2.076123e+01,2.094757e+01,2.087169e+01,2.073360e+01,2.066448e+01,2.021405e+01,1.990103e+01,1.992890e+01,1.996371e+01,1.983134e+01,1.989407e+01,1.988710e+01,1.985922e+01,1.988710e+01,1.980345e+01,1.984528e+01,1.980345e+01,1.978253e+01,1.976160e+01,1.983831e+01,1.982437e+01,1.967785e+01,1.983831e+01,1.974764e+01,1.981042e+01,1.987316e+01,1.988013e+01,1.965689e+01,1.974067e+01,1.983134e+01,1.971275e+01,1.974067e+01,1.976160e+01,1.976160e+01,1.974067e+01,1.973369e+01,1.965689e+01,1.981740e+01,1.981042e+01,1.966388e+01,1.975462e+01,1.976858e+01,1.973369e+01,1.972671e+01,1.974764e+01,1.974764e+01,1.976858e+01,1.974764e+01,1.975462e+01,1.968483e+01,1.971275e+01,1.970577e+01,1.977555e+01,1.981042e+01,1.971973e+01,1.972671e+01,2.006114e+01,2.022794e+01,2.058148e+01,2.068522e+01,2.063682e+01,2.071287e+01,2.069213e+01,2.067139e+01,2.067139e+01,2.068522e+01,2.062990e+01,2.071978e+01,2.063682e+01,2.060915e+01,2.068522e+01,2.074051e+01,2.069213e+01,2.069905e+01,2.069905e+01,2.069213e+01,2.056763e+01,2.067831e+01,2.069213e+01,2.069213e+01,2.067139e+01,2.067831e+01,2.072669e+01,2.077505e+01,2.065065e+01,2.059531e+01,2.067831e+01,2.069213e+01,2.069213e+01,2.070596e+01,2.067139e+01,2.074742e+01,2.056071e+01,2.069213e+01,2.066448e+01,2.056071e+01,2.067139e+01,2.069905e+01,2.061607e+01,2.062299e+01,2.062990e+01,2.063682e+01,2.058148e+01,2.062990e+01,2.062299e+01,2.058840e+01,2.047070e+01,2.059531e+01,2.049148e+01,2.053995e+01,2.062299e+01,2.061607e+01,2.046377e+01,2.059531e+01,2.062990e+01,2.062990e+01,2.082338e+01,2.071287e+01,2.060915e+01,2.070596e+01,2.066448e+01,2.073360e+01,2.068522e+01,2.069905e+01,2.067139e+01,2.070596e+01,2.068522e+01,2.067139e+01,2.076123e+01,2.070596e+01,2.076814e+01,2.071978e+01,2.076814e+01,2.071287e+01,2.082338e+01,2.065757e+01,2.079576e+01,2.081648e+01,2.080267e+01,2.078886e+01,2.073360e+01,2.085099e+01,2.087169e+01,2.076814e+01,2.079576e+01,2.089239e+01,2.087859e+01,2.081648e+01,2.084409e+01,2.084409e+01,2.080267e+01,2.087859e+01,2.096135e+01,2.078886e+01,2.080957e+01,2.083719e+01,2.085789e+01,2.083028e+01,2.083028e+01,2.083719e+01,2.096135e+01,2.096135e+01,2.080957e+01,2.064374e+01,2.086479e+01,2.075432e+01,2.055379e+01,2.051918e+01,2.076123e+01,2.072669e+01,2.080957e+01,2.081648e+01,2.084409e+01,2.082338e+01,2.080957e+01,2.091998e+01,2.092688e+01,2.091308e+01,2.091998e+01,2.089929e+01,2.084409e+01,2.081648e+01,2.084409e+01,2.084409e+01,2.083028e+01,2.089239e+01,2.111291e+01,2.156621e+01,2.214024e+01,2.279235e+01,2.352778e+01,2.399734e+01,2.410437e+01,2.428473e+01,2.450475e+01,2.459795e+01,2.455136e+01,2.451807e+01,2.433811e+01,2.432477e+01,2.396387e+01,2.370915e+01,2.344707e+01,2.329894e+01,2.302231e+01,2.258222e+01,2.241925e+01,2.224240e+01,2.194925e+01,2.173739e+01,2.154565e+01,2.151823e+01,2.147022e+01,2.121611e+01,2.117484e+01,2.135355e+01,2.124361e+01,2.109225e+01,2.128485e+01,2.115420e+01,2.118860e+01,2.122986e+01,2.124361e+01,2.125736e+01,2.118172e+01,2.116108e+01,2.116108e+01,2.116796e+01,2.114732e+01,2.105094e+01,2.118172e+01,2.103027e+01,2.111979e+01,2.109225e+01,2.096825e+01,2.114044e+01,2.112667e+01,2.106471e+01,2.106471e+01,2.108537e+01,2.105782e+01,2.105782e+01,2.093377e+01,2.109914e+01,2.100960e+01,2.107848e+01,2.101649e+01,2.106471e+01,2.108537e+01,2.101649e+01,2.102338e+01,2.101649e+01,2.094757e+01,2.102338e+01,2.097514e+01,2.103716e+01,2.108537e+01,2.101649e+01,2.100960e+01,2.093377e+01,2.101649e+01,2.102338e+01,2.105094e+01,2.100960e+01,2.103027e+01,2.105094e+01,2.111291e+01,2.118860e+01,2.115420e+01,2.109225e+01,2.114732e+01,2.105094e+01,2.111291e+01,2.106471e+01,2.107848e+01,2.103716e+01,2.109225e+01,2.102338e+01,2.109914e+01,2.107848e+01,2.104405e+01,2.103716e+01,2.118860e+01,2.112667e+01,2.105094e+01,2.116108e+01,2.103027e+01,2.115420e+01,2.109225e+01,2.107848e+01,2.109914e+01,2.106471e+01,2.098893e+01,2.097514e+01,2.104405e+01,2.111291e+01,2.107160e+01,2.110602e+01,2.104405e+01,2.107848e+01,2.100271e+01,2.128485e+01,2.111291e+01,2.107848e+01,2.109914e+01,2.108537e+01,2.113355e+01,2.111291e+01,2.102338e+01,2.113355e+01,2.123674e+01,2.118172e+01,2.104405e+01,2.111291e+01,2.107160e+01,2.114044e+01,2.113355e+01,2.114732e+01,2.116108e+01,2.114732e+01,2.105094e+01,2.114044e+01,2.112667e+01,2.111979e+01,2.116108e+01,2.103027e+01,2.114044e+01,2.112667e+01,2.125736e+01,2.111291e+01,2.109225e+01,2.111291e+01,2.112667e+01,2.114732e+01,2.107848e+01,2.114044e+01,2.114732e+01,2.106471e+01,2.106471e+01,2.117484e+01,2.114732e+01,2.114044e+01,2.111291e+01,2.105094e+01,2.109914e+01,2.103716e+01,2.114044e+01,2.106471e+01,2.119548e+01,2.120923e+01,2.111979e+01,2.110602e+01,2.109914e+01,2.112667e+01,2.113355e+01,2.114732e+01,2.102338e+01,2.108537e+01,2.102338e+01,2.105782e+01
2.116108e+01,2.105094e+01,2.113355e+01,2.114732e+01,2.111291e+01,2.117484e+01,2.110602e+01,2.091308e+01,2.111291e+01,2.113355e+01,2.120923e+01,2.114732e+01,2.106471e+01,2.131233e+01,2.120923e+01,2.118860e+01,2.112667e+01,2.115420e+01,2.116108e+01,2.119548e+01,2.118860e+01,2.111291e+01,2.111979e+01,2.114732e+01,2.118860e+01,2.118860e+01,2.116108e+01,2.116796e+01,2.116108e+01,2.111291e+01,2.117484e+01,2.110602e+01,2.116796e+01,2.116796e+01,2.118172e+01,2.114732e+01,2.113355e+01,2.113355e+01,2.117484e+01,2.118860e+01,2.119548e+01,2.118860e+01,2.127798e+01,2.117484e+01,2.127798e+01,2.123674e+01,2.127798e+01,2.127798e+01,2.119548e+01,2.131920e+01,2.121611e+01,2.121611e+01,2.113355e+01,2.118860e+01,2.115420e+01,2.135355e+01,2.113355e+01,2.115420e+01,2.124361e+01,2.116108e+01,2.127798e+01,2.118860e+01,2.129859e+01,2.118172e+01,2.116108e+01,2.109914e+01,2.109914e+01,2.114732e+01,2.112667e+01,2.116796e+01,2.121611e+01,2.136728e+01,2.136041e+01,2.133294e+01,2.120235e+01,2.124361e+01,2.124361e+01,2.121611e+01,2.120923e+01,2.119548e+01,2.121611e+01,2.115420e+01,2.124361e+01,2.120235e+01,2.122298e+01,2.123674e+01,2.110602e+01,2.126423e+01,2.122298e+01,2.119548e+01,2.111291e+01,2.122298e+01,2.127110e+01,2.111291e+01,2.116796e+01,2.112667e+01,2.109914e+01,2.116796e+01,2.115420e+01,2.116796e+01,2.113355e+01,2.110602e+01,2.113355e+01,2.104405e+01,2.112667e+01,2.111291e+01,2.112667e+01,2.108537e+01,2.109225e+01,2.107160e+01,2.109914e+01,2.105094e+01,2.109225e+01,2.105782e+01,2.107160e+01,2.105782e+01,2.102338e+01,2.119548e+01,2.097514e+01,2.103027e+01,2.109914e+01,2.100271e+01,2.103027e+01,2.100960e+01,2.097514e+01,2.110602e+01,2.109914e+01,2.103027e+01,2.095446e+01,2.098893e+01,2.102338e+01,2.090619e+01,2.099582e+01,2.103027e+01,2.103027e+01,2.111291e+01,2.105782e+01,2.106471e+01,2.109225e+01,2.096135e+01,2.098893e+01,2.105094e+01,2.109914e+01,2.109225e+01,2.113355e+01,2.104405e+01,2.107848e+01,2.105782e+01,2.112667e+01,2.111291e+01,2.113355e+01,2.109914e+01,2.108537e+01,2.106471e+01,2.113355e+01,2.121611e+01,2.122298e+01,2.116796e+01,2.111979e+01,2.110602e+01,2.106471e+01,2.111291e+01,2.107848e+01,2.111291e+01,2.096825e+01,2.089929e+01,2.085789e+01,2.077505e+01,2.062299e+01,2.039447e+01,2.026266e+01,2.018627e+01,2.003332e+01,2.000548e+01,1.987316e+01,1.984528e+01,1.989407e+01,1.981740e+01,1.993586e+01,1.984528e+01,1.997764e+01,1.983134e+01,1.986619e+01,1.986619e+01,1.985225e+01,1.987316e+01,1.989407e+01,1.988710e+01,1.979647e+01,1.987316e+01,1.985225e+01,1.983134e+01,1.984528e+01,1.979647e+01,1.987316e+01,1.976858e+01,1.975462e+01,1.977555e+01,1.973369e+01,1.982437e+01,1.979647e+01,1.979647e+01,1.976160e+01,1.977555e+01,1.976858e+01,1.976160e+01,1.974764e+01,1.981740e+01,1.978253e+01,2.002636e+01,1.983831e+01,1.978950e+01,1.989407e+01,1.981740e+01,1.985225e+01,1.990800e+01,1.981740e+01,1.975462e+01,1.982437e+01,1.974067e+01,1.976858e+01,1.978253e+01,1.964293e+01,1.978950e+01,1.975462e+01,1.975462e+01,1.978253e+01,1.978950e+01,1.970577e+01,1.978950e+01,1.975462e+01,1.974764e+01,1.992193e+01,1.972671e+01,1.969879e+01,1.978253e+01,1.993586e+01,2.004723e+01,2.034592e+01,2.035286e+01,2.040140e+01,2.037366e+01,2.049840e+01,2.058840e+01,2.035286e+01,2.002636e+01,2.006114e+01,1.997068e+01,1.988013e+01,1.985225e+01,1.981740e+01,1.990103e+01,1.989407e+01,1.992890e+01,1.975462e+01,1.988710e+01,1.983134e+01,1.976858e+01,1.983134e+01,1.981042e+01,1.980345e+01,1.985922e+01,1.982437e+01,1.986619e+01,1.976858e+01,1.981740e+01,1.978950e+01,1.980345e+01,1.980345e+01,1.978950e+01,1.995675e+01,2.004723e+01,2.049840e+01,2.064374e+01,2.072669e+01,2.075432e+01,2.074051e+01,2.080957e+01,2.081648e+01,2.076814e+01,2.085099e+01,2.081648e+01,2.083028e+01,2.087859e+01,2.083028e+01,2.035980e+01,1.986619e+01,1.989407e+01,1.984528e+01,1.984528e+01,1.986619e+01,1.981740e+01,1.985922e+01,1.981740e+01,1.970577e+01,1.981042e+01,1.976160e+01,1.976858e+01,1.981042e+01,1.977555e+01,1.983134e+01,1.973369e+01,1.988013e+01,1.971275e+01,1.974067e+01,1.967785e+01,1.987316e+01,1.975462e+01,1.974764e+01,1.973369e+01,1.960800e+01,1.975462e+01,1.979647e+01,1.971275e+01,1.974764e+01,1.980345e+01,1.972671e+01,1.978950e+01,1.979647e+01,1.977555e+01,1.976858e+01,1.971973e+01,1.962896e+01,1.974764e+01,1.977555e+01,1.974764e+01,1.974764e+01,1.981740e+01,1.975462e+01,1.977555e+01,1.977555e+01,1.979647e+01,1.967785e+01,1.961498e+01,1.981740e+01,1.981740e+01,1.976160e+01,2.006810e+01,2.015153e+01,2.024877e+01,2.068522e+01,2.065065e+01,2.064374e+01,2.063682e+01,2.067139e+01,2.069905e+01,2.061607e+01,2.068522e+01,2.071287e+01,2.070596e+01,2.071287e+01,2.069213e+01,2.069905e+01,2.067831e+01,2.068522e+01,2.065757e+01,2.069905e+01,2.069905e+01,2.069905e+01,2.068522e+01,2.067831e+01,2.065065e+01,2.067831e+01,2.066448e+01,2.062299e+01,2.062299e+01,2.066448e+01,2.064374e+01,2.070596e+01,2.065757e+01,2.076123e+01,2.076123e+01,2.070596e+01,2.069213e+01,2.067831e+01,2.078195e+01,2.060915e+01,2.060915e+01,2.062990e+01,2.060223e+01,2.065065e+01,2.058840e+01,2.058148e+01,2.062299e+01,2.062990e+01,2.059531e+01,2.056763e+01,2.056763e+01,2.061607e+01,2.055379e+01,2.058840e+01,2.052610e+01,2.057456e+01,2.055379e+01,2.057456e+01,2.059531e+01,2.065757e+01,2.062299e+01,2.069905e+01,2.069213e+01,2.065757e+01,2.064374e+01,2.069905e+01,2.069213e+01,2.069213e+01,2.075432e+01,2.067831e+01,2.069213e+01,2.074051e+01,2.072669e+01,2.071978e+01,2.075432e+01,2.075432e+01,2.084409e+01,2.082338e+01,2.085099e+01,2.077505e+01,2.100271e+01,2.083719e+01,2.082338e+01,2.084409e+01,2.085099e+01,2.082338e+01,2.078886e+01,2.091308e+01,2.090619e+01,2.080267e+01,2.085099e+01,2.082338e+01,2.085789e+01,2.081648e+01,2.089239e+01,2.088549e+01,2.085099e+01,2.087859e+01,2.083719e+01,2.084409e+01,2.083719e+01,2.089929e+01,2.094757e+01,2.098893e+01,2.092688e+01,2.085789e+01,2.079576e+01,2.082338e+01,2.083719e+01,2.072669e+01,2.083719e+01,2.076814e+01,2.077505e+01,2.078886e+01,2.080957e+01,2.082338e+01,2.102338e+01,2.095446e+01,2.089239e+01,2.071978e+01,2.074742e+01,2.089929e+01,2.093377e+01,2.084409e+01,2.091308e+01,2.084409e+01,2.091308e+01,2.081648e+01,2.093377e+01,2.105782e+01,2.187413e+01,2.231046e+01,2.308310e+01,2.374270e+01,2.396387e+01,2.429808e+01,2.450475e+01,2.451141e+01,2.455136e+01,2.455802e+01,2.444479e+01,2.454471e+01,2.421797e+01,2.431143e+01,2.388350e+01,2.366887e+01,2.344707e+01,2.314385e+01,2.281943e+01,2.237167e+01,2.231726e+01,2.205161e+01,2.188096e+01,2.192194e+01,2.155936e+01,2.143592e+01,2.135355e+01,2.131920e+01,2.122298e+01,2.126423e+01,2.123674e+01,2.111291e+01,2.121611e+01,2.120235e+01,2.115420e+01,2.118860e+01,2.120923e+01,2.116108e+01,2.114044e+01,2.121611e+01,2.112667e+01,2.107848e+01,2.114732e+01,2.124361e+01,2.111979e+01,2.110602e+01,2.114732e+01,2.110602e+01,2.114044e+01,2.116108e+01,2.107848e+01,2.103027e+01,2.105094e+01,2.103027e+01,2.106471e+01,2.097514e+01,2.113355e+01,2.099582e+01,2.098893e+01,2.104405e+01,2.107848e+01,2.106471e+01,2.100271e+01,2.094067e+01,2.101649e+01,2.101649e+01,2.102338e+01,2.102338e+01,2.107160e+01,2.106471e+01,2.109225e+01,2.109225e+01,2.100960e+01,2.096825e+01,2.100960e+01,2.099582e+01,2.093377e+01,2.110602e+01,2.103027e+01,2.105094e+01,2.103716e+01,2.101649e+01,2.109225e+01,2.101649e+01,2.103716e+01,2.106471e+01,2.099582e+01,2.095446e+01,2.105782e+01,2.107160e+01,2.105782e+01,2.103716e+01,2.107160e+01,2.109914e+01,2.108537e+01,2.103027e+01,2.103027e+01,2.103027e+01,2.105782e+01,2.120923e+01,2.105782e+01,2.111291e+01,2.100960e+01,2.111291e+01,2.108537e+01,2.111979e+01,2.109225e+01,2.091308e+01,2.109914e+01,2.111979e+01,2.105782e+01,2.109914e+01,2.108537e+01,2.105094e+01,2.110602e+01,2.109914e+01,2.114732e+01,2.115420e+01,2.119548e+01,2.110602e+01,2.113355e+01,2.106471e+01,2.105782e+01,2.115420e+01,2.117484e+01,2.101649e+01,2.118172e+01,2.108537e+01,2.116796e+01,2.111979e+01,2.107848e+01,2.094757e+01,2.112667e+01,2.108537e+01,2.114732e+01,2.107848e+01,2.120235e+01,2.114732e+01,2.128485e+01,2.116108e+01,2.114044e+01,2.108537e+01,2.107160e+01,2.111291e+01,2.109225e+01,2.124361e+01,2.109914e+01,2.113355e+01,2.115420e+01,2.112667e+01,2.106471e+01,2.115420e+01,2.118860e+01,2.097514e+01,2.114732e+01,2.114732e+01,2.105782e+01,2.108537e+01,2.114044e+01,2.107160e+01,2.117484e+01,2.116108e+01,2.107848e+01,2.109225e+01,2.118172e+01,2.111291e+01,2.111979e+01,2.107160e+01,2.109225e+01,2.102338e+01,2.109225e+01,2.099582e+01,2.104405e+01
2.125048e+01,2.114044e+01,2.127110e+01,2.116108e+01,2.115420e+01,2.116108e+01,2.118860e+01,2.111291e+01,2.124361e+01,2.113355e+01,2.103027e+01,2.115420e+01,2.111291e+01,2.113355e+01,2.115420e+01,2.113355e+01,2.109225e+01,2.112667e+01,2.122298e+01,2.113355e+01,2.118860e+01,2.116796e+01,2.118860e+01,2.111291e+01,2.126423e+01,2.109914e+01,2.118172e+01,2.116796e+01,2.122298e+01,2.123674e+01,2.122298e+01,2.127798e+01,2.109225e+01,2.122986e+01,2.109225e+01,2.126423e+01,2.129859e+01,2.124361e+01,2.122986e+01,2.118172e+01,2.120235e+01,2.118172e+01,2.115420e+01,2.112667e+01,2.115420e+01,2.122986e+01,2.115420e+01,2.120923e+01,2.120923e+01,2.120923e+01,2.120235e+01,2.119548e+01,2.122986e+01,2.110602e+01,2.130546e+01,2.114044e+01,2.108537e+01,2.109914e+01,2.115420e+01,2.119548e+01,2.120235e+01,2.124361e+01,2.120235e+01,2.120923e+01,2.119548e+01,2.120235e+01,2.107848e+01,2.114044e+01,2.112667e+01,2.116796e+01,2.118860e+01,2.127110e+01,2.129859e+01,2.128485e+01,2.118172e+01,2.127110e+01,2.122986e+01,2.126423e+01,2.121611e+01,2.125048e+01,2.121611e+01,2.118172e+01,2.123674e+01,2.120235e+01,2.120235e+01,2.107848e+01,2.117484e+01,2.121611e+01,2.123674e+01,2.127110e+01,2.116796e+01,2.115420e+01,2.125736e+01,2.103716e+01,2.104405e+01,2.100960e+01,2.106471e+01,2.108537e+01,2.117484e+01,2.100271e+01,2.112667e+01,2.119548e+01,2.104405e+01,2.100960e+01,2.103716e+01,2.113355e+01,2.107160e+01,2.111291e+01,2.105094e+01,2.103716e+01,2.104405e+01,2.105782e+01,2.104405e+01,2.105782e+01,2.101649e+01,2.107848e+01,2.105094e+01,2.118172e+01,2.098893e+01,2.103027e+01,2.105094e+01,2.096135e+01,2.098203e+01,2.094757e+01,2.093377e+01,2.099582e+01,2.096825e+01,2.096825e+01,2.097514e+01,2.106471e+01,2.106471e+01,2.102338e+01,2.094757e+01,2.105782e+01,2.101649e+01,2.099582e+01,2.096825e+01,2.096825e+01,2.101649e+01,2.100271e+01,2.098203e+01,2.105782e+01,2.107160e+01,2.105094e+01,2.105094e+01,2.100960e+01,2.087859e+01,2.108537e+01,2.105782e+01,2.109914e+01,2.105094e+01,2.116108e+01,2.111291e+01,2.105782e+01,2.108537e+01,2.105782e+01,2.113355e+01,2.116108e+01,2.101649e+01,2.101649e+01,2.105782e+01,2.093377e+01,2.083719e+01,2.084409e+01,2.079576e+01,2.070596e+01,2.045684e+01,2.047070e+01,2.006114e+01,2.003332e+01,2.004723e+01,1.981042e+01,1.988710e+01,1.999156e+01,1.984528e+01,1.991496e+01,1.996371e+01,1.988710e+01,1.986619e+01,1.985225e+01,1.982437e+01,1.985225e+01,1.993586e+01,1.996371e+01,1.983831e+01,1.985225e+01,1.984528e+01,1.986619e+01,1.972671e+01,1.985225e+01,1.979647e+01,1.981740e+01,1.982437e+01,1.975462e+01,1.978253e+01,1.976858e+01,1.976160e+01,1.976858e+01,1.978253e+01,1.978950e+01,1.976858e+01,1.977555e+01,1.978950e+01,1.979647e+01,1.974764e+01,1.974067e+01,1.979647e+01,1.985922e+01,1.974067e+01,1.981740e+01,1.980345e+01,1.981740e+01,1.973369e+01,1.972671e+01,1.963594e+01,1.982437e+01,1.976160e+01,1.976160e+01,1.967785e+01,1.978253e+01,1.964991e+01,1.975462e+01,1.972671e+01,1.975462e+01,1.971973e+01,1.976160e+01,1.977555e+01,1.974764e+01,1.969879e+01,1.973369e+01,1.981042e+01,1.965689e+01,1.967086e+01,1.978950e+01,1.970577e+01,1.970577e+01,1.972671e+01,1.992890e+01,1.996371e+01,1.999156e+01,2.003332e+01,1.983134e+01,2.003332e+01,2.024183e+01,2.015848e+01,1.999852e+01,2.000548e+01,2.000548e+01,1.993586e+01,1.989407e+01,1.988013e+01,1.976160e+01,1.981042e+01,1.979647e+01,1.977555e+01,1.974764e+01,1.981042e+01,1.983134e+01,1.985225e+01,1.988710e+01,1.977555e+01,1.985922e+01,1.985225e+01,1.976160e+01,1.978253e+01,1.981740e+01,1.979647e+01,1.980345e+01,1.981740e+01,1.994979e+01,1.971973e+01,2.001940e+01,2.010982e+01,2.045684e+01,2.074051e+01,2.071287e+01,2.069905e+01,2.069905e+01,2.070596e+01,2.069905e+01,2.072669e+01,2.088549e+01,2.084409e+01,2.076123e+01,2.071978e+01,2.035980e+01,1.992193e+01,1.976160e+01,1.981740e+01,1.979647e+01,1.981042e+01,1.992890e+01,1.980345e+01,1.978253e+01,1.971275e+01,1.972671e+01,1.978950e+01,1.983134e+01,1.973369e+01,1.978253e+01,1.969879e+01,1.967086e+01,1.977555e+01,1.971275e+01,1.985225e+01,1.988013e+01,1.985225e+01,1.976858e+01,1.974764e+01,1.975462e+01,1.976160e+01,1.971275e+01,1.970577e+01,1.969879e+01,1.979647e+01,1.976858e+01,1.971973e+01,1.967086e+01,1.979647e+01,1.978253e+01,1.971275e+01,1.976858e+01,1.974764e+01,1.974067e+01,1.971275e+01,1.976858e+01,1.975462e+01,1.980345e+01,1.976160e+01,1.974067e+01,1.967785e+01,1.978950e+01,1.992193e+01,1.978950e+01,1.978950e+01,1.979647e+01,1.976858e+01,1.986619e+01,2.003332e+01,2.039447e+01,2.064374e+01,2.069213e+01,2.066448e+01,2.068522e+01,2.070596e+01,2.072669e+01,2.071978e+01,2.063682e+01,2.065065e+01,2.075432e+01,2.067831e+01,2.065065e+01,2.065757e+01,2.068522e+01,2.069213e+01,2.069213e+01,2.071287e+01,2.071978e+01,2.070596e+01,2.071978e+01,2.068522e+01,2.069213e+01,2.064374e+01,2.075432e+01,2.069213e+01,2.062990e+01,2.071978e+01,2.068522e+01,2.071978e+01,2.073360e+01,2.073360e+01,2.064374e+01,2.075432e+01,2.065065e+01,2.065757e+01,2.070596e+01,2.058148e+01,2.066448e+01,2.064374e+01,2.064374e+01,2.051918e+01,2.064374e+01,2.056071e+01,2.066448e+01,2.056763e+01,2.060915e+01,2.055379e+01,2.063682e+01,2.058840e+01,2.054687e+01,2.059531e+01,2.056071e+01,2.060223e+01,2.076814e+01,2.057456e+01,2.064374e+01,2.062299e+01,2.066448e+01,2.069213e+01,2.065065e+01,2.065757e+01,2.068522e+01,2.068522e+01,2.068522e+01,2.062990e+01,2.064374e+01,2.075432e+01,2.069905e+01,2.069905e+01,2.067139e+01,2.073360e+01,2.070596e+01,2.071287e+01,2.073360e+01,2.082338e+01,2.085099e+01,2.083028e+01,2.083719e+01,2.079576e+01,2.098893e+01,2.080957e+01,2.081648e+01,2.082338e+01,2.083719e+01,2.079576e+01,2.090619e+01,2.088549e+01,2.086479e+01,2.080957e+01,2.079576e+01,2.090619e+01,2.086479e+01,2.080267e+01,2.085789e+01,2.093377e+01,2.087859e+01,2.090619e+01,2.092688e+01,2.098203e+01,2.085789e+01,2.084409e+01,2.097514e+01,2.087859e+01,2.083028e+01,2.088549e+01,2.084409e+01,2.078886e+01,2.096135e+01,2.093377e+01,2.083719e+01,2.081648e+01,2.072669e+01,2.088549e+01,2.087859e+01,2.087169e+01,2.084409e+01,2.085789e+01,2.087859e+01,2.088549e+01,2.085099e+01,2.089239e+01,2.083719e+01,2.083028e+01,2.085789e+01,2.084409e+01,2.106471e+01,2.139474e+01,2.186729e+01,2.257544e+01,2.341343e+01,2.379636e+01,2.401742e+01,2.438480e+01,2.447811e+01,2.458464e+01,2.477082e+01,2.473096e+01,2.463122e+01,2.455136e+01,2.444479e+01,2.422465e+01,2.391699e+01,2.384329e+01,2.350761e+01,2.317759e+01,2.304258e+01,2.275171e+01,2.248039e+01,2.216749e+01,2.203115e+01,2.190145e+01,2.154565e+01,2.158677e+01,2.141533e+01,2.126423e+01,2.123674e+01,2.121611e+01,2.123674e+01,2.120235e+01,2.113355e+01,2.121611e+01,2.106471e+01,2.116796e+01,2.123674e+01,2.108537e+01,2.118860e+01,2.120235e+01,2.118172e+01,2.111979e+01,2.114732e+01,2.127110e+01,2.122298e+01,2.101649e+01,2.109914e+01,2.113355e+01,2.098203e+01,2.105782e+01,2.095446e+01,2.107848e+01,2.107848e+01,2.106471e+01,2.114044e+01,2.100271e+01,2.101649e+01,2.090619e+01,2.100960e+01,2.101649e+01,2.100960e+01,2.096135e+01,2.094067e+01,2.098203e+01,2.098203e+01,2.093377e+01,2.100271e+01,2.089929e+01,2.107160e+01,2.100960e+01,2.098893e+01,2.100960e+01,2.102338e+01,2.111291e+01,2.103027e+01,2.094757e+01,2.100271e+01,2.093377e+01,2.100960e+01,2.104405e+01,2.102338e+01,2.101649e+01,2.102338e+01,2.101649e+01,2.104405e+01,2.102338e+01,2.107848e+01,2.103716e+01,2.101649e+01,2.112667e+01,2.103027e+01,2.106471e+01,2.106471e+01,2.109225e+01,2.100960e+01,2.105094e+01,2.117484e+01,2.122986e+01,2.105094e+01,2.101649e+01,2.107848e+01,2.113355e+01,2.109914e+01,2.103027e+01,2.103027e+01,2.110602e+01,2.106471e+01,2.109225e+01,2.096135e+01,2.109914e+01,2.100960e+01,2.110602e+01,2.107848e+01,2.107160e+01,2.116108e+01,2.099582e+01,2.110602e+01,2.107848e+01,2.107848e+01,2.103716e+01,2.102338e+01,2.114732e+01,2.107848e+01,2.112667e+01,2.117484e+01,2.109225e+01,2.098203e+01,2.116108e+01,2.107848e+01,2.109225e+01,2.114732e+01,2.102338e+01,2.105782e+01,2.103716e+01,2.105094e+01,2.109225e+01,2.117484e+01,2.117484e+01,2.113355e+01,2.114044e+01,2.114732e+01,2.116108e+01,2.117484e+01,2.111291e+01,2.110602e+01,2.105782e+01,2.111291e+01,2.101649e+01,2.109914e+01,2.116108e+01,2.098203e+01,2.097514e+01,2.114044e+01,2.127798e+01,2.132607e+01,2.115420e+01,2.118172e+01,2.115420e+01,2.101649e+01,2.104405e+01,2.112667e+01,2.105094e+01,2.118172e+01,2.109914e+01,2.106471e+01,2.103716e+01,2.129172e+01,2.107848e+01,2.127110e+01,2.107160e+01,2.100271e+01,2.101649e+01,2.113355e+01
2.105094e+01,2.111291e+01,2.119548e+01,2.114044e+01,2.114044e+01,2.114732e+01,2.112667e+01,2.109225e+01,2.114732e+01,2.109225e+01,2.113355e+01,2.114732e+01,2.118860e+01,2.111291e+01,2.122986e+01,2.120235e+01,2.112667e+01,2.118172e+01,2.118172e+01,2.114732e+01,2.114732e+01,2.117484e+01,2.111979e+01,2.115420e+01,2.116108e+01,2.114732e+01,2.109225e+01,2.116796e+01,2.120235e+01,2.121611e+01,2.116796e+01,2.115420e+01,2.115420e+01,2.117484e+01,2.119548e+01,2.117484e+01,2.110602e+01,2.114044e+01,2.108537e+01,2.118172e+01,2.118860e+01,2.130546e+01,2.120923e+01,2.123674e+01,2.122986e+01,2.123674e+01,2.117484e+01,2.126423e+01,2.114732e+01,2.120923e+01,2.118860e+01,2.131920e+01,2.124361e+01,2.132607e+01,2.111291e+01,2.109914e+01,2.113355e+01,2.107848e+01,2.127110e+01,2.131233e+01,2.117484e+01,2.127798e+01,2.118172e+01,2.114044e+01,2.113355e+01,2.114044e+01,2.111979e+01,2.118172e+01,2.118860e+01,2.115420e+01,2.120923e+01,2.124361e+01,2.122298e+01,2.122986e+01,2.124361e+01,2.123674e+01,2.120235e+01,2.113355e+01,2.124361e+01,2.120923e+01,2.118172e+01,2.123674e+01,2.111291e+01,2.122986e+01,2.121611e+01,2.114044e+01,2.115420e+01,2.127798e+01,2.127110e+01,2.131233e+01,2.116108e+01,2.114044e+01,2.108537e+01,2.112667e+01,2.112667e+01,2.115420e+01,2.109914e+01,2.103027e+01,2.123674e+01,2.120235e+01,2.104405e+01,2.105094e+01,2.100271e+01,2.116796e+01,2.104405e+01,2.104405e+01,2.112667e+01,2.113355e+01,2.116108e+01,2.106471e+01,2.113355e+01,2.104405e+01,2.102338e+01,2.102338e+01,2.107160e+01,2.107848e+01,2.105094e+01,2.107848e+01,2.100271e+01,2.103027e+01,2.107848e+01,2.095446e+01,2.102338e+01,2.094067e+01,2.106471e+01,2.096825e+01,2.099582e+01,2.100960e+01,2.103716e+01,2.096135e+01,2.104405e+01,2.102338e+01,2.105094e+01,2.105782e+01,2.105782e+01,2.105782e+01,2.105782e+01,2.106471e+01,2.099582e+01,2.107160e+01,2.103027e+01,2.107160e+01,2.107848e+01,2.109225e+01,2.106471e+01,2.107160e+01,2.111291e+01,2.107848e+01,2.106471e+01,2.104405e+01,2.109225e+01,2.111291e+01,2.111291e+01,2.115420e+01,2.100960e+01,2.111291e+01,2.100960e+01,2.096825e+01,2.105782e+01,2.088549e+01,2.107160e+01,2.083719e+01,2.072669e+01,2.069213e+01,2.058840e+01,2.033205e+01,2.023489e+01,2.026266e+01,2.026266e+01,1.983831e+01,1.999156e+01,1.976858e+01,1.978950e+01,1.980345e+01,1.978253e+01,1.981042e+01,1.994979e+01,1.987316e+01,1.986619e+01,1.985922e+01,1.987316e+01,1.984528e+01,1.989407e+01,1.980345e+01,1.989407e+01,1.992890e+01,1.986619e+01,1.985922e+01,1.985922e+01,1.983134e+01,1.983134e+01,1.981740e+01,1.984528e+01,1.983134e+01,1.988013e+01,1.988013e+01,1.985225e+01,1.979647e+01,1.980345e+01,1.988013e+01,1.983134e+01,1.971275e+01,1.976160e+01,1.970577e+01,1.990103e+01,1.977555e+01,1.976858e+01,1.977555e+01,1.977555e+01,1.976858e+01,1.974067e+01,1.976858e+01,1.967086e+01,1.977555e+01,1.978950e+01,1.975462e+01,1.973369e+01,1.971275e+01,1.969181e+01,1.978950e+01,1.974067e+01,1.963594e+01,1.969181e+01,1.976858e+01,1.972671e+01,1.975462e+01,1.974067e+01,1.970577e+01,1.975462e+01,1.972671e+01,1.972671e+01,1.971973e+01,1.971275e+01,1.971973e+01,1.964991e+01,1.967785e+01,1.971275e+01,1.974067e+01,1.974067e+01,1.976858e+01,1.975462e+01,1.967086e+01,1.997068e+01,1.995675e+01,2.003332e+01,1.992193e+01,1.981740e+01,1.978253e+01,1.985225e+01,1.988013e+01,1.984528e+01,1.992193e+01,1.981740e+01,1.978253e+01,1.995675e+01,1.980345e+01,1.978950e+01,1.983134e+01,1.981042e+01,1.984528e+01,1.981740e+01,1.974764e+01,1.983134e+01,1.970577e+01,1.981740e+01,1.980345e+01,1.981042e+01,1.971973e+01,1.981042e+01,1.969879e+01,1.974067e+01,1.973369e+01,2.008896e+01,2.035286e+01,2.054687e+01,2.066448e+01,2.067831e+01,2.068522e+01,2.076814e+01,2.069213e+01,2.070596e+01,2.086479e+01,2.073360e+01,2.070596e+01,2.071287e+01,2.036673e+01,1.993586e+01,1.984528e+01,1.976858e+01,1.974067e+01,1.978950e+01,1.976858e+01,1.984528e+01,1.981740e+01,1.977555e+01,1.969879e+01,1.968483e+01,1.981042e+01,1.981042e+01,1.970577e+01,1.983831e+01,1.982437e+01,1.974067e+01,1.973369e+01,1.971973e+01,1.976858e+01,1.976858e+01,1.976160e+01,1.974764e+01,1.977555e+01,1.973369e+01,1.975462e+01,1.972671e+01,1.992890e+01,1.972671e+01,1.977555e+01,1.984528e+01,1.978950e+01,1.969879e+01,1.970577e+01,1.978253e+01,1.966388e+01,1.978950e+01,1.970577e+01,1.974067e+01,1.976160e+01,1.971973e+01,1.974067e+01,1.963594e+01,1.976858e+01,1.976858e+01,1.975462e+01,1.979647e+01,1.976858e+01,1.976160e+01,1.978253e+01,1.977555e+01,1.980345e+01,2.004723e+01,2.031124e+01,2.046377e+01,2.067139e+01,2.067831e+01,2.066448e+01,2.067139e+01,2.071978e+01,2.071287e+01,2.071978e+01,2.073360e+01,2.072669e+01,2.069213e+01,2.071978e+01,2.071978e+01,2.062990e+01,2.056763e+01,2.078195e+01,2.071287e+01,2.070596e+01,2.069905e+01,2.068522e+01,2.071978e+01,2.069213e+01,2.078195e+01,2.065065e+01,2.076123e+01,2.071287e+01,2.063682e+01,2.071287e+01,2.069905e+01,2.065065e+01,2.074742e+01,2.069905e+01,2.071287e+01,2.078195e+01,2.067831e+01,2.067831e+01,2.063682e+01,2.067831e+01,2.071287e+01,2.071287e+01,2.070596e+01,2.065757e+01,2.066448e+01,2.066448e+01,2.056763e+01,2.053995e+01,2.064374e+01,2.056763e+01,2.056763e+01,2.054687e+01,2.060915e+01,2.062990e+01,2.061607e+01,2.069213e+01,2.056071e+01,2.065065e+01,2.060915e+01,2.065065e+01,2.062990e+01,2.074742e+01,2.069213e+01,2.069213e+01,2.076814e+01,2.070596e+01,2.068522e+01,2.065757e+01,2.067831e+01,2.065065e+01,2.067831e+01,2.074742e+01,2.072669e+01,2.077505e+01,2.071287e+01,2.077505e+01,2.080267e+01,2.084409e+01,2.077505e+01,2.078886e+01,2.069213e+01,2.076814e+01,2.079576e+01,2.078886e+01,2.083719e+01,2.080957e+01,2.083719e+01,2.083028e+01,2.076123e+01,2.085099e+01,2.076123e+01,2.094067e+01,2.083028e+01,2.085099e+01,2.084409e+01,2.082338e+01,2.091998e+01,2.091998e+01,2.093377e+01,2.091308e+01,2.091308e+01,2.087169e+01,2.088549e+01,2.098203e+01,2.085099e+01,2.087859e+01,2.088549e+01,2.083719e+01,2.083719e+01,2.087859e+01,2.098203e+01,2.082338e+01,2.089929e+01,2.077505e+01,2.087859e+01,2.100271e+01,2.100271e+01,2.087859e+01,2.087169e+01,2.083028e+01,2.099582e+01,2.086479e+01,2.084409e+01,2.090619e+01,2.088549e+01,2.085789e+01,2.083028e+01,2.109225e+01,2.130546e+01,2.205161e+01,2.285327e+01,2.342689e+01,2.393039e+01,2.410437e+01,2.445812e+01,2.476418e+01,2.463122e+01,2.476418e+01,2.476418e+01,2.457133e+01,2.455802e+01,2.454471e+01,2.423132e+01,2.423132e+01,2.402411e+01,2.368230e+01,2.344035e+01,2.314385e+01,2.276526e+01,2.269073e+01,2.243284e+01,2.211298e+01,2.193560e+01,2.177843e+01,2.153194e+01,2.144278e+01,2.138101e+01,2.127798e+01,2.122298e+01,2.123674e+01,2.121611e+01,2.119548e+01,2.117484e+01,2.122298e+01,2.119548e+01,2.120923e+01,2.128485e+01,2.117484e+01,2.117484e+01,2.106471e+01,2.112667e+01,2.116796e+01,2.114732e+01,2.117484e+01,2.116796e+01,2.120235e+01,2.111979e+01,2.111979e+01,2.103716e+01,2.108537e+01,2.106471e+01,2.105094e+01,2.098893e+01,2.099582e+01,2.094757e+01,2.103716e+01,2.115420e+01,2.100960e+01,2.095446e+01,2.093377e+01,2.104405e+01,2.092688e+01,2.098893e+01,2.098203e+01,2.101649e+01,2.097514e+01,2.105094e+01,2.105094e+01,2.105094e+01,2.105094e+01,2.106471e+01,2.101649e+01,2.101649e+01,2.100960e+01,2.103027e+01,2.101649e+01,2.096825e+01,2.103027e+01,2.098893e+01,2.113355e+01,2.104405e+01,2.107160e+01,2.109914e+01,2.102338e+01,2.103027e+01,2.103027e+01,2.105782e+01,2.097514e+01,2.114044e+01,2.115420e+01,2.111291e+01,2.109225e+01,2.103716e+01,2.109914e+01,2.104405e+01,2.107848e+01,2.114044e+01,2.100960e+01,2.098893e+01,2.105094e+01,2.100960e+01,2.111979e+01,2.100271e+01,2.111291e+01,2.101649e+01,2.109225e+01,2.102338e+01,2.107848e+01,2.109914e+01,2.109914e+01,2.103716e+01,2.118172e+01,2.124361e+01,2.109914e+01,2.108537e+01,2.115420e+01,2.096825e+01,2.111291e+01,2.112667e+01,2.111979e+01,2.114044e+01,2.114732e+01,2.108537e+01,2.117484e+01,2.129172e+01,2.111979e+01,2.111291e+01,2.111291e+01,2.110602e+01,2.110602e+01,2.107848e+01,2.114732e+01,2.116796e+01,2.097514e+01,2.112667e+01,2.113355e+01,2.115420e+01,2.114732e+01,2.110602e+01,2.113355e+01,2.107160e+01,2.111291e+01,2.118172e+01,2.110602e+01,2.117484e+01,2.114732e+01,2.111979e+01,2.107160e+01,2.136728e+01,2.109225e+01,2.111979e+01,2.110602e+01,2.116796e+01,2.117484e+01,2.115420e+01,2.106471e+01,2.106471e+01,2.101649e+01,2.103027e+01,2.114732e+01,2.116796e+01,2.116108e+01,2.114732e+01,2.103716e+01,2.112667e+01,2.105094e+01,2.110602e+01,2.103027e+01,2.103716e+01,2.105782e+01,2.101649e+01,2.101649e+01
2.109914e+01,2.118860e+01,2.120923e+01,2.117484e+01,2.122986e+01,2.117484e+01,2.115420e+01,2.114732e+01,2.116796e+01,2.108537e+01,2.112667e+01,2.119548e+01,2.121611e+01,2.120235e+01,2.121611e+01,2.113355e+01,2.107848e+01,2.118860e+01,2.112667e+01,2.117484e+01,2.118172e+01,2.116108e+01,2.122298e+01,2.120923e+01,2.109914e+01,2.105094e+01,2.117484e+01,2.118860e+01,2.111291e+01,2.118860e+01,2.115420e+01,2.122298e+01,2.114732e+01,2.121611e+01,2.115420e+01,2.118860e+01,2.116108e+01,2.147022e+01,2.122298e+01,2.105094e+01,2.120235e+01,2.121611e+01,2.115420e+01,2.109914e+01,2.120235e+01,2.124361e+01,2.118860e+01,2.120235e+01,2.120235e+01,2.119548e+01,2.122986e+01,2.120235e+01,2.117484e+01,2.120235e+01,2.113355e+01,2.112667e+01,2.106471e+01,2.109914e+01,2.129172e+01,2.127798e+01,2.115420e+01,2.119548e+01,2.128485e+01,2.127798e+01,2.116108e+01,2.116108e+01,2.120235e+01,2.120923e+01,2.119548e+01,2.119548e+01,2.123674e+01,2.107160e+01,2.126423e+01,2.125736e+01,2.118172e+01,2.124361e+01,2.124361e+01,2.115420e+01,2.122298e+01,2.111979e+01,2.120923e+01,2.116796e+01,2.118860e+01,2.119548e+01,2.123674e+01,2.129172e+01,2.124361e+01,2.116796e+01,2.121611e+01,2.117484e+01,2.118860e+01,2.119548e+01,2.114044e+01,2.111291e+01,2.116108e+01,2.115420e+01,2.114044e+01,2.111979e+01,2.122986e+01,2.107848e+01,2.103027e+01,2.120235e+01,2.103716e+01,2.106471e+01,2.101649e+01,2.107160e+01,2.115420e+01,2.103027e+01,2.106471e+01,2.105782e+01,2.115420e+01,2.109914e+01,2.110602e+01,2.098893e+01,2.108537e+01,2.100960e+01,2.106471e+01,2.116108e+01,2.103716e+01,2.109914e+01,2.107160e+01,2.100960e+01,2.099582e+01,2.100960e+01,2.099582e+01,2.098893e+01,2.108537e+01,2.105782e+01,2.100271e+01,2.105782e+01,2.099582e+01,2.105782e+01,2.102338e+01,2.103716e+01,2.105094e+01,2.100271e+01,2.099582e+01,2.099582e+01,2.098893e+01,2.098203e+01,2.103716e+01,2.131233e+01,2.106471e+01,2.111979e+01,2.109914e+01,2.111291e+01,2.109914e+01,2.105782e+01,2.105094e+01,2.111291e+01,2.117484e+01,2.118860e+01,2.118860e+01,2.115420e+01,2.112667e+01,2.104405e+01,2.110602e+01,2.106471e+01,2.098893e+01,2.091998e+01,2.062990e+01,2.062990e+01,2.040140e+01,2.034592e+01,2.024877e+01,2.014458e+01,2.019321e+01,2.024877e+01,2.001244e+01,1.996371e+01,1.998460e+01,1.981042e+01,1.996371e+01,1.982437e+01,1.981042e+01,1.995675e+01,1.987316e+01,1.981740e+01,1.981740e+01,1.988013e+01,1.979647e+01,1.992890e+01,1.981740e+01,1.992890e+01,1.993586e+01,1.990103e+01,2.005419e+01,1.981740e+01,1.985922e+01,1.974067e+01,1.989407e+01,1.989407e+01,1.997068e+01,1.982437e+01,1.978253e+01,1.980345e+01,1.990800e+01,1.989407e+01,1.979647e+01,1.976160e+01,1.973369e+01,1.981042e+01,1.978253e+01,1.975462e+01,1.977555e+01,1.979647e+01,1.979647e+01,1.974067e+01,1.981042e+01,1.973369e+01,1.974067e+01,1.973369e+01,1.978950e+01,1.982437e+01,1.976858e+01,1.971973e+01,1.977555e+01,1.990103e+01,1.976858e+01,1.969879e+01,1.976858e+01,1.981042e+01,1.973369e+01,1.966388e+01,1.979647e+01,1.974067e+01,1.976160e+01,1.971973e+01,1.969181e+01,1.980345e+01,1.969879e+01,1.969879e+01,1.974067e+01,1.963594e+01,1.962896e+01,1.972671e+01,1.967086e+01,1.968483e+01,1.969879e+01,1.974067e+01,1.980345e+01,1.978950e+01,1.980345e+01,1.981042e+01,1.990800e+01,1.992890e+01,1.980345e+01,1.995675e+01,1.999156e+01,1.997764e+01,1.982437e+01,1.978253e+01,1.993586e+01,1.992890e+01,1.990800e+01,1.977555e+01,1.985225e+01,1.975462e+01,1.989407e+01,1.983134e+01,1.983831e+01,1.988013e+01,1.985225e+01,1.977555e+01,1.981740e+01,1.976858e+01,1.981042e+01,1.967086e+01,1.976858e+01,1.975462e+01,1.961498e+01,1.968483e+01,1.977555e+01,2.011677e+01,2.035286e+01,2.055379e+01,2.067831e+01,2.070596e+01,2.077505e+01,2.069213e+01,2.069213e+01,2.072669e+01,2.077505e+01,2.076123e+01,2.070596e+01,2.038753e+01,1.996371e+01,1.993586e+01,1.978253e+01,1.973369e+01,1.981042e+01,1.994979e+01,1.981042e+01,1.983831e+01,1.976858e+01,1.984528e+01,1.981042e+01,1.982437e+01,1.967785e+01,1.972671e+01,1.973369e+01,1.985225e+01,1.974067e+01,1.978253e+01,1.980345e+01,1.979647e+01,1.981042e+01,1.974764e+01,1.982437e+01,1.982437e+01,1.985922e+01,1.989407e+01,1.972671e+01,1.987316e+01,1.973369e+01,1.971973e+01,1.971973e+01,1.978253e+01,1.975462e+01,1.978950e+01,1.971275e+01,1.975462e+01,1.972671e+01,1.978253e+01,1.976160e+01,1.974067e+01,1.970577e+01,1.971275e+01,1.966388e+01,1.978253e+01,1.962896e+01,1.978950e+01,1.972671e+01,1.970577e+01,1.976160e+01,1.974764e+01,1.980345e+01,1.979647e+01,2.002636e+01,2.013068e+01,2.051918e+01,2.067139e+01,2.071287e+01,2.060915e+01,2.063682e+01,2.064374e+01,2.066448e+01,2.071287e+01,2.071287e+01,2.065065e+01,2.073360e+01,2.071978e+01,2.065065e+01,2.069213e+01,2.070596e+01,2.071978e+01,2.063682e+01,2.068522e+01,2.063682e+01,2.065757e+01,2.067139e+01,2.075432e+01,2.079576e+01,2.087859e+01,2.056071e+01,2.072669e+01,2.074742e+01,2.067139e+01,2.070596e+01,2.073360e+01,2.074742e+01,2.069905e+01,2.067831e+01,2.069213e+01,2.066448e+01,2.064374e+01,2.071287e+01,2.075432e+01,2.069905e+01,2.071978e+01,2.069905e+01,2.060915e+01,2.066448e+01,2.065757e+01,2.056071e+01,2.064374e+01,2.054687e+01,2.061607e+01,2.062990e+01,2.058148e+01,2.060915e+01,2.060915e+01,2.071287e+01,2.051918e+01,2.067139e+01,2.063682e+01,2.060223e+01,2.066448e+01,2.067139e+01,2.063682e+01,2.074742e+01,2.059531e+01,2.063682e+01,2.068522e+01,2.067831e+01,2.067139e+01,2.067139e+01,2.071287e+01,2.084409e+01,2.071978e+01,2.072669e+01,2.073360e+01,2.069905e+01,2.083719e+01,2.087859e+01,2.075432e+01,2.076123e+01,2.085099e+01,2.079576e+01,2.079576e+01,2.081648e+01,2.080957e+01,2.083719e+01,2.080267e+01,2.079576e+01,2.087169e+01,2.076123e+01,2.078886e+01,2.077505e+01,2.079576e+01,2.079576e+01,2.083719e+01,2.082338e+01,2.086479e+01,2.103027e+01,2.078886e+01,2.091998e+01,2.091998e+01,2.102338e+01,2.100960e+01,2.091308e+01,2.087859e+01,2.090619e+01,2.094067e+01,2.100271e+01,2.096135e+01,2.080957e+01,2.101649e+01,2.097514e+01,2.082338e+01,2.089929e+01,2.085099e+01,2.097514e+01,2.103716e+01,2.095446e+01,2.097514e+01,2.087169e+01,2.090619e+01,2.098893e+01,2.083028e+01,2.083028e+01,2.089239e+01,2.088549e+01,2.091998e+01,2.091998e+01,2.111291e+01,2.154565e+01,2.221517e+01,2.311011e+01,2.384999e+01,2.409100e+01,2.433144e+01,2.453139e+01,2.475753e+01,2.473096e+01,2.491687e+01,2.476418e+01,2.478411e+01,2.461126e+01,2.457799e+01,2.455136e+01,2.424468e+01,2.415784e+01,2.396387e+01,2.364873e+01,2.343362e+01,2.310335e+01,2.271783e+01,2.243964e+01,2.226282e+01,2.212661e+01,2.188096e+01,2.171002e+01,2.171686e+01,2.140847e+01,2.132607e+01,2.140161e+01,2.126423e+01,2.122298e+01,2.114044e+01,2.116108e+01,2.118172e+01,2.118860e+01,2.117484e+01,2.119548e+01,2.112667e+01,2.118172e+01,2.112667e+01,2.122298e+01,2.116108e+01,2.118172e+01,2.120923e+01,2.107848e+01,2.115420e+01,2.120235e+01,2.111291e+01,2.108537e+01,2.097514e+01,2.100271e+01,2.098203e+01,2.105782e+01,2.107848e+01,2.110602e+01,2.098893e+01,2.110602e+01,2.114044e+01,2.114732e+01,2.100271e+01,2.100960e+01,2.100271e+01,2.102338e+01,2.115420e+01,2.092688e+01,2.105094e+01,2.107848e+01,2.109914e+01,2.105094e+01,2.098893e+01,2.104405e+01,2.093377e+01,2.100271e+01,2.103716e+01,2.111979e+01,2.105782e+01,2.114044e+01,2.096135e+01,2.102338e+01,2.097514e+01,2.107848e+01,2.103716e+01,2.111291e+01,2.111291e+01,2.111979e+01,2.105782e+01,2.117484e+01,2.109914e+01,2.108537e+01,2.109914e+01,2.106471e+01,2.103716e+01,2.107160e+01,2.125736e+01,2.104405e+01,2.104405e+01,2.113355e+01,2.109914e+01,2.110602e+01,2.110602e+01,2.109225e+01,2.111291e+01,2.109914e+01,2.107160e+01,2.107848e+01,2.113355e+01,2.103716e+01,2.105782e+01,2.094067e+01,2.129172e+01,2.110602e+01,2.109914e+01,2.111291e+01,2.111979e+01,2.112667e+01,2.108537e+01,2.109225e+01,2.115420e+01,2.111979e+01,2.116796e+01,2.110602e+01,2.109914e+01,2.115420e+01,2.115420e+01,2.114732e+01,2.111979e+01,2.109914e+01,2.122298e+01,2.119548e+01,2.107160e+01,2.104405e+01,2.113355e+01,2.097514e+01,2.114732e+01,2.115420e+01,2.116108e+01,2.112667e+01,2.116108e+01,2.114732e+01,2.101649e+01,2.114044e+01,2.118172e+01,2.113355e+01,2.112667e+01,2.116796e+01,2.116108e+01,2.114044e+01,2.116108e+01,2.114732e+01,2.127110e+01,2.107848e+01,2.113355e+01,2.107848e+01,2.116796e+01,2.117484e+01,2.103716e+01,2.114044e+01,2.108537e+01,2.106471e+01,2.116108e+01,2.106471e+01,2.106471e+01,2.100960e+01,2.104405e+01,2.114044e+01,2.120923e+01,2.109914e+01,2.114044e+01,2.118172e+01,2.107848e+01,2.109225e+01,2.113355e+01
2.122986e+01,2.121611e+01,2.109225e+01,2.118860e+01,2.111291e+01,2.110602e+01,2.120923e+01,2.116796e+01,2.106471e+01,2.107848e+01,2.115420e+01,2.111979e+01,2.114044e+01,2.118172e+01,2.123674e+01,2.122986e+01,2.124361e+01,2.120923e+01,2.116108e+01,2.118172e+01,2.118860e+01,2.119548e+01,2.120923e+01,2.121611e+01,2.115420e+01,2.109225e+01,2.119548e+01,2.115420e+01,2.120235e+01,2.120923e+01,2.117484e+01,2.122298e+01,2.117484e+01,2.120235e+01,2.118860e+01,2.123674e+01,2.117484e+01,2.120923e+01,2.121611e+01,2.121611e+01,2.123674e+01,2.125736e+01,2.120923e+01,2.113355e+01,2.122986e+01,2.108537e+01,2.113355e+01,2.119548e+01,2.112667e+01,2.108537e+01,2.120235e+01,2.121611e+01,2.124361e+01,2.122298e+01,2.112667e+01,2.125736e+01,2.105094e+01,2.120923e+01,2.118172e+01,2.116108e+01,2.114732e+01,2.118172e+01,2.111979e+01,2.119548e+01,2.118172e+01,2.111979e+01,2.118172e+01,2.100960e+01,2.122986e+01,2.119548e+01,2.118860e+01,2.117484e+01,2.125048e+01,2.121611e+01,2.109914e+01,2.120235e+01,2.120923e+01,2.116796e+01,2.115420e+01,2.116796e+01,2.117484e+01,2.107848e+01,2.114732e+01,2.116796e+01,2.118860e+01,2.117484e+01,2.130546e+01,2.129172e+01,2.114732e+01,2.118860e+01,2.124361e+01,2.116108e+01,2.107160e+01,2.118172e+01,2.105782e+01,2.121611e+01,2.109914e+01,2.110602e+01,2.106471e+01,2.099582e+01,2.114732e+01,2.115420e+01,2.107848e+01,2.118860e+01,2.107160e+01,2.101649e+01,2.104405e+01,2.107848e+01,2.109914e+01,2.109225e+01,2.107160e+01,2.109914e+01,2.097514e+01,2.100271e+01,2.098203e+01,2.098203e+01,2.105782e+01,2.103716e+01,2.102338e+01,2.106471e+01,2.103716e+01,2.103027e+01,2.096825e+01,2.110602e+01,2.096825e+01,2.100271e+01,2.101649e+01,2.101649e+01,2.100960e+01,2.102338e+01,2.100960e+01,2.105782e+01,2.100271e+01,2.098893e+01,2.095446e+01,2.106471e+01,2.096135e+01,2.110602e+01,2.103716e+01,2.100271e+01,2.100960e+01,2.109914e+01,2.108537e+01,2.107160e+01,2.105094e+01,2.110602e+01,2.111291e+01,2.105782e+01,2.110602e+01,2.105782e+01,2.114732e+01,2.107848e+01,2.111291e+01,2.114732e+01,2.100271e+01,2.099582e+01,2.085789e+01,2.103027e+01,2.086479e+01,2.068522e+01,2.061607e+01,2.029736e+01,2.030430e+01,2.013763e+01,1.991496e+01,1.986619e+01,1.996371e+01,1.983831e+01,1.981740e+01,1.988013e+01,1.991496e+01,1.989407e+01,1.979647e+01,1.977555e+01,1.976858e+01,1.977555e+01,1.981740e+01,1.983831e+01,1.982437e+01,1.985225e+01,1.974764e+01,1.987316e+01,1.988013e+01,1.980345e+01,1.978253e+01,1.973369e+01,1.975462e+01,1.972671e+01,1.984528e+01,1.988013e+01,1.981740e+01,1.978253e+01,1.975462e+01,1.976160e+01,1.976160e+01,1.970577e+01,1.987316e+01,1.985225e+01,1.983831e+01,1.978253e+01,1.975462e+01,1.983134e+01,1.967785e+01,1.976858e+01,1.987316e+01,1.985225e+01,1.978253e+01,1.973369e+01,1.974764e+01,1.971275e+01,1.971973e+01,1.983134e+01,1.975462e+01,1.973369e+01,1.967785e+01,1.964991e+01,1.967086e+01,1.974764e+01,1.969879e+01,1.976160e+01,1.979647e+01,1.967086e+01,1.977555e+01,1.974764e+01,1.981740e+01,1.968483e+01,1.976858e+01,1.953810e+01,1.970577e+01,1.967785e+01,1.967785e+01,1.972671e+01,1.963594e+01,1.971275e+01,1.967086e+01,1.965689e+01,1.967785e+01,1.962896e+01,1.972671e+01,1.971275e+01,1.970577e+01,1.979647e+01,1.976858e+01,1.992193e+01,1.975462e+01,1.988710e+01,1.988013e+01,1.990800e+01,1.991496e+01,1.992193e+01,1.998460e+01,1.995675e+01,1.976160e+01,1.983831e+01,1.975462e+01,1.971973e+01,1.977555e+01,1.981740e+01,1.978950e+01,1.983134e+01,1.981740e+01,1.981740e+01,1.981740e+01,1.981042e+01,1.974067e+01,1.974764e+01,1.966388e+01,1.976858e+01,1.978253e+01,1.960101e+01,1.962197e+01,1.944016e+01,1.967785e+01,1.995675e+01,2.002636e+01,2.067139e+01,2.052610e+01,2.067831e+01,2.069905e+01,2.074051e+01,2.065757e+01,2.085099e+01,2.073360e+01,2.069213e+01,2.071287e+01,2.037366e+01,1.990800e+01,1.983831e+01,1.988013e+01,1.983831e+01,1.976160e+01,1.986619e+01,1.985922e+01,1.992890e+01,1.978253e+01,1.984528e+01,1.969879e+01,1.983831e+01,1.980345e+01,1.974067e+01,1.977555e+01,1.980345e+01,1.974067e+01,1.975462e+01,1.977555e+01,1.976160e+01,1.978950e+01,1.979647e+01,1.980345e+01,1.982437e+01,1.989407e+01,1.986619e+01,1.978253e+01,1.972671e+01,1.972671e+01,1.974764e+01,1.978253e+01,1.985225e+01,1.975462e+01,1.978950e+01,1.975462e+01,1.973369e+01,1.974067e+01,1.971275e+01,1.971973e+01,1.980345e+01,1.972671e+01,1.963594e+01,1.964991e+01,1.971973e+01,1.972671e+01,1.968483e+01,1.978253e+01,1.968483e+01,1.969879e+01,1.980345e+01,1.981740e+01,1.995675e+01,1.995675e+01,2.009591e+01,2.049840e+01,2.058840e+01,2.058148e+01,2.069213e+01,2.062990e+01,2.069213e+01,2.066448e+01,2.075432e+01,2.064374e+01,2.065065e+01,2.069213e+01,2.071287e+01,2.066448e+01,2.058148e+01,2.071978e+01,2.069213e+01,2.063682e+01,2.067139e+01,2.065757e+01,2.060915e+01,2.073360e+01,2.087169e+01,2.069213e+01,2.069213e+01,2.067139e+01,2.062990e+01,2.069905e+01,2.072669e+01,2.063682e+01,2.067139e+01,2.073360e+01,2.053303e+01,2.069905e+01,2.073360e+01,2.068522e+01,2.065065e+01,2.070596e+01,2.067831e+01,2.069905e+01,2.062990e+01,2.069905e+01,2.069905e+01,2.064374e+01,2.066448e+01,2.066448e+01,2.063682e+01,2.062990e+01,2.064374e+01,2.060223e+01,2.059531e+01,2.060223e+01,2.063682e+01,2.060915e+01,2.069213e+01,2.068522e+01,2.073360e+01,2.071978e+01,2.064374e+01,2.061607e+01,2.059531e+01,2.078195e+01,2.076814e+01,2.069905e+01,2.071978e+01,2.065757e+01,2.071978e+01,2.067139e+01,2.059531e+01,2.071287e+01,2.070596e+01,2.067139e+01,2.072669e+01,2.091998e+01,2.073360e+01,2.078195e+01,2.074742e+01,2.077505e+01,2.075432e+01,2.076814e+01,2.079576e+01,2.083719e+01,2.080957e+01,2.083028e+01,2.083719e+01,2.087169e+01,2.083719e+01,2.076814e+01,2.083028e+01,2.076814e+01,2.078195e+01,2.080957e+01,2.083028e+01,2.091308e+01,2.083719e+01,2.085099e+01,2.094067e+01,2.079576e+01,2.089929e+01,2.088549e+01,2.087859e+01,2.094067e+01,2.088549e+01,2.083028e+01,2.085099e+01,2.093377e+01,2.081648e+01,2.082338e+01,2.099582e+01,2.090619e+01,2.085099e+01,2.100271e+01,2.085789e+01,2.081648e+01,2.091308e+01,2.091308e+01,2.088549e+01,2.098893e+01,2.085099e+01,2.095446e+01,2.091998e+01,2.083719e+01,2.084409e+01,2.084409e+01,2.086479e+01,2.098893e+01,2.123674e+01,2.173739e+01,2.243284e+01,2.322480e+01,2.366887e+01,2.420461e+01,2.429140e+01,2.461791e+01,2.469772e+01,2.482396e+01,2.477082e+01,2.485051e+01,2.489033e+01,2.468442e+01,2.454471e+01,2.458464e+01,2.432477e+01,2.407762e+01,2.399065e+01,2.362186e+01,2.362858e+01,2.317084e+01,2.302907e+01,2.274494e+01,2.231726e+01,2.212661e+01,2.192877e+01,2.177159e+01,2.186046e+01,2.156621e+01,2.142906e+01,2.124361e+01,2.127110e+01,2.137415e+01,2.120235e+01,2.117484e+01,2.116796e+01,2.118172e+01,2.122298e+01,2.116108e+01,2.120235e+01,2.120923e+01,2.114044e+01,2.111291e+01,2.122298e+01,2.114732e+01,2.109914e+01,2.107848e+01,2.111979e+01,2.109914e+01,2.110602e+01,2.100271e+01,2.099582e+01,2.099582e+01,2.113355e+01,2.094067e+01,2.115420e+01,2.105782e+01,2.103716e+01,2.112667e+01,2.108537e+01,2.100271e+01,2.101649e+01,2.100960e+01,2.108537e+01,2.085099e+01,2.095446e+01,2.105094e+01,2.109225e+01,2.104405e+01,2.094067e+01,2.098203e+01,2.100960e+01,2.103716e+01,2.101649e+01,2.105094e+01,2.105782e+01,2.096825e+01,2.109914e+01,2.107848e+01,2.098203e+01,2.110602e+01,2.104405e+01,2.112667e+01,2.093377e+01,2.099582e+01,2.110602e+01,2.110602e+01,2.111979e+01,2.114044e+01,2.108537e+01,2.103027e+01,2.109914e+01,2.116108e+01,2.098203e+01,2.100271e+01,2.099582e+01,2.101649e+01,2.102338e+01,2.103716e+01,2.102338e+01,2.103027e+01,2.098203e+01,2.103027e+01,2.103716e+01,2.105094e+01,2.105782e+01,2.105094e+01,2.110602e+01,2.114044e+01,2.106471e+01,2.111291e+01,2.114732e+01,2.105782e+01,2.116796e+01,2.107848e+01,2.117484e+01,2.108537e+01,2.114732e+01,2.114732e+01,2.109225e+01,2.109225e+01,2.102338e+01,2.103027e+01,2.122298e+01,2.118172e+01,2.111979e+01,2.112667e+01,2.114044e+01,2.116796e+01,2.110602e+01,2.111979e+01,2.111291e+01,2.103027e+01,2.106471e+01,2.119548e+01,2.121611e+01,2.110602e+01,2.110602e+01,2.107160e+01,2.108537e+01,2.117484e+01,2.125736e+01,2.116796e+01,2.111291e+01,2.114732e+01,2.114044e+01,2.115420e+01,2.126423e+01,2.114732e+01,2.114732e+01,2.108537e+01,2.101649e+01,2.114732e+01,2.116108e+01,2.113355e+01,2.111979e+01,2.117484e+01,2.114044e+01,2.109225e+01,2.117484e+01,2.117484e+01,2.117484e+01,2.107160e+01,2.109914e+01,2.108537e+01,2.108537e+01,2.110602e+01,2.116108e+01,2.105094e+01,2.106471e+01,2.114732e+01,2.105094e+01,2.109225e+01,2.110602e+01
2.121611e+01,2.118860e+01,2.118172e+01,2.118860e+01,2.115420e+01,2.100271e+01,2.111291e+01,2.116796e+01,2.122986e+01,2.108537e+01,2.104405e+01,2.112667e+01,2.124361e+01,2.108537e+01,2.120923e+01,2.123674e+01,2.119548e+01,2.109225e+01,2.123674e+01,2.116796e+01,2.116108e+01,2.118172e+01,2.116796e+01,2.116108e+01,2.109225e+01,2.110602e+01,2.110602e+01,2.118172e+01,2.111979e+01,2.111979e+01,2.116108e+01,2.118172e+01,2.123674e+01,2.120235e+01,2.117484e+01,2.120923e+01,2.116108e+01,2.118860e+01,2.122298e+01,2.114732e+01,2.120923e+01,2.124361e+01,2.124361e+01,2.122986e+01,2.111979e+01,2.120235e+01,2.122298e+01,2.116796e+01,2.116796e+01,2.125048e+01,2.118172e+01,2.109225e+01,2.109914e+01,2.120923e+01,2.120235e+01,2.125736e+01,2.121611e+01,2.122986e+01,2.116796e+01,2.118172e+01,2.112667e+01,2.118172e+01,2.118172e+01,2.119548e+01,2.121611e+01,2.120923e+01,2.097514e+01,2.122298e+01,2.117484e+01,2.118860e+01,2.124361e+01,2.129172e+01,2.118860e+01,2.122986e+01,2.124361e+01,2.114732e+01,2.118172e+01,2.122298e+01,2.127110e+01,2.125736e+01,2.119548e+01,2.116796e+01,2.122298e+01,2.115420e+01,2.120235e+01,2.122298e+01,2.117484e+01,2.119548e+01,2.117484e+01,2.118860e+01,2.120235e+01,2.113355e+01,2.117484e+01,2.108537e+01,2.116796e+01,2.111979e+01,2.111291e+01,2.111979e+01,2.103027e+01,2.098893e+01,2.108537e+01,2.105782e+01,2.102338e+01,2.101649e+01,2.123674e+01,2.095446e+01,2.101649e+01,2.103027e+01,2.102338e+01,2.105094e+01,2.106471e+01,2.111291e+01,2.103716e+01,2.096135e+01,2.097514e+01,2.105782e+01,2.107160e+01,2.102338e+01,2.103027e+01,2.098203e+01,2.107848e+01,2.100960e+01,2.105782e+01,2.094067e+01,2.105094e+01,2.104405e+01,2.101649e+01,2.100271e+01,2.105782e+01,2.100960e+01,2.110602e+01,2.101649e+01,2.101649e+01,2.101649e+01,2.103716e+01,2.103027e+01,2.098203e+01,2.098203e+01,2.098203e+01,2.108537e+01,2.101649e+01,2.114732e+01,2.103716e+01,2.105782e+01,2.112667e+01,2.104405e+01,2.105782e+01,2.109225e+01,2.104405e+01,2.103716e+01,2.109914e+01,2.109914e+01,2.113355e+01,2.110602e+01,2.109914e+01,2.102338e+01,2.083719e+01,2.083719e+01,2.072669e+01,2.042219e+01,2.026960e+01,2.009591e+01,2.006114e+01,2.006810e+01,1.988710e+01,1.988710e+01,1.984528e+01,1.978253e+01,1.994979e+01,1.995675e+01,1.999852e+01,1.987316e+01,1.980345e+01,1.977555e+01,1.982437e+01,1.987316e+01,1.985225e+01,1.983134e+01,1.984528e+01,1.978950e+01,1.983831e+01,1.983134e+01,1.981042e+01,1.992193e+01,1.974067e+01,1.972671e+01,1.981740e+01,1.974067e+01,1.989407e+01,1.988013e+01,1.989407e+01,1.989407e+01,1.977555e+01,1.980345e+01,1.976160e+01,1.968483e+01,1.983831e+01,1.976160e+01,1.978950e+01,1.984528e+01,1.976160e+01,1.973369e+01,1.967785e+01,1.961498e+01,1.973369e+01,1.976858e+01,1.964293e+01,1.973369e+01,1.979647e+01,1.972671e+01,1.971275e+01,1.987316e+01,1.969181e+01,1.985225e+01,1.986619e+01,1.964991e+01,1.964991e+01,1.972671e+01,1.967086e+01,1.971973e+01,1.966388e+01,1.973369e+01,1.970577e+01,1.964991e+01,1.983134e+01,1.983134e+01,1.967785e+01,1.970577e+01,1.961498e+01,1.972671e+01,1.964293e+01,1.967785e+01,1.964293e+01,1.967785e+01,1.965689e+01,1.966388e+01,1.965689e+01,1.966388e+01,1.971275e+01,1.970577e+01,1.969181e+01,1.970577e+01,1.978253e+01,1.976858e+01,1.979647e+01,1.991496e+01,1.988013e+01,1.982437e+01,1.978253e+01,1.976160e+01,1.977555e+01,1.976160e+01,1.978253e+01,1.979647e+01,1.976160e+01,1.978950e+01,1.982437e+01,1.983134e+01,1.979647e+01,1.979647e+01,1.983831e+01,1.978950e+01,1.982437e+01,1.967086e+01,1.962197e+01,1.977555e+01,1.969879e+01,1.976858e+01,1.961498e+01,1.972671e+01,1.958004e+01,1.950313e+01,1.968483e+01,1.967086e+01,1.999852e+01,2.051918e+01,2.067831e+01,2.053303e+01,2.072669e+01,2.072669e+01,2.073360e+01,2.069213e+01,2.068522e+01,2.065757e+01,2.068522e+01,2.055379e+01,2.009591e+01,1.980345e+01,1.988013e+01,1.988013e+01,1.974067e+01,1.978253e+01,1.989407e+01,1.974067e+01,1.985922e+01,1.971275e+01,1.973369e+01,1.978950e+01,1.966388e+01,1.976160e+01,1.974764e+01,1.983831e+01,1.978253e+01,1.977555e+01,1.974067e+01,1.976160e+01,1.977555e+01,1.979647e+01,1.983134e+01,1.979647e+01,1.988710e+01,1.973369e+01,1.977555e+01,1.971973e+01,1.974764e+01,1.975462e+01,1.973369e+01,1.978253e+01,1.973369e+01,1.977555e+01,1.975462e+01,1.977555e+01,1.973369e+01,1.968483e+01,1.980345e+01,1.972671e+01,1.975462e+01,1.960101e+01,1.982437e+01,1.974067e+01,1.983134e+01,1.971275e+01,1.975462e+01,1.967785e+01,1.969879e+01,1.977555e+01,1.981042e+01,1.988013e+01,1.998460e+01,2.049148e+01,2.051918e+01,2.058840e+01,2.070596e+01,2.062990e+01,2.067831e+01,2.062299e+01,2.065757e+01,2.068522e+01,2.070596e+01,2.069905e+01,2.069905e+01,2.060915e+01,2.060915e+01,2.066448e+01,2.067139e+01,2.063682e+01,2.076123e+01,2.076123e+01,2.065065e+01,2.067831e+01,2.069905e+01,2.071287e+01,2.064374e+01,2.067139e+01,2.071978e+01,2.071287e+01,2.070596e+01,2.065065e+01,2.054687e+01,2.068522e+01,2.076123e+01,2.074051e+01,2.070596e+01,2.059531e+01,2.071287e+01,2.069213e+01,2.069905e+01,2.065757e+01,2.070596e+01,2.067831e+01,2.069213e+01,2.065757e+01,2.064374e+01,2.065065e+01,2.063682e+01,2.060915e+01,2.058148e+01,2.060915e+01,2.060915e+01,2.057456e+01,2.062299e+01,2.056763e+01,2.062990e+01,2.063682e+01,2.069905e+01,2.068522e+01,2.063682e+01,2.060915e+01,2.067139e+01,2.064374e+01,2.064374e+01,2.062990e+01,2.069213e+01,2.063682e+01,2.065757e+01,2.071287e+01,2.071978e+01,2.065757e+01,2.084409e+01,2.070596e+01,2.072669e+01,2.071287e+01,2.071287e+01,2.092688e+01,2.074051e+01,2.072669e+01,2.072669e+01,2.091308e+01,2.078886e+01,2.078886e+01,2.078886e+01,2.095446e+01,2.079576e+01,2.085789e+01,2.082338e+01,2.083719e+01,2.087859e+01,2.077505e+01,2.078195e+01,2.078886e+01,2.089239e+01,2.090619e+01,2.078195e+01,2.083719e+01,2.085099e+01,2.078195e+01,2.084409e+01,2.090619e+01,2.093377e+01,2.088549e+01,2.085789e+01,2.088549e+01,2.091998e+01,2.079576e+01,2.096825e+01,2.091308e+01,2.096825e+01,2.095446e+01,2.098203e+01,2.090619e+01,2.098203e+01,2.100271e+01,2.096825e+01,2.081648e+01,2.080267e+01,2.083719e+01,2.085099e+01,2.087169e+01,2.093377e+01,2.082338e+01,2.084409e+01,2.080267e+01,2.088549e+01,2.091998e+01,2.107160e+01,2.141533e+01,2.196291e+01,2.278557e+01,2.342016e+01,2.385670e+01,2.417789e+01,2.451141e+01,2.465117e+01,2.475089e+01,2.483060e+01,2.491687e+01,2.489697e+01,2.479739e+01,2.480403e+01,2.479075e+01,2.455802e+01,2.451141e+01,2.431810e+01,2.407762e+01,2.395048e+01,2.363530e+01,2.334610e+01,2.316409e+01,2.275171e+01,2.267717e+01,2.239206e+01,2.206525e+01,2.186046e+01,2.166895e+01,2.166211e+01,2.133981e+01,2.131920e+01,2.140161e+01,2.122298e+01,2.119548e+01,2.116108e+01,2.119548e+01,2.118860e+01,2.129172e+01,2.118172e+01,2.114732e+01,2.119548e+01,2.114732e+01,2.124361e+01,2.120923e+01,2.109225e+01,2.118860e+01,2.121611e+01,2.111979e+01,2.108537e+01,2.093377e+01,2.112667e+01,2.112667e+01,2.107848e+01,2.103716e+01,2.114044e+01,2.114044e+01,2.107160e+01,2.105094e+01,2.114044e+01,2.101649e+01,2.099582e+01,2.098893e+01,2.095446e+01,2.118860e+01,2.096135e+01,2.096135e+01,2.089929e+01,2.089929e+01,2.098203e+01,2.091308e+01,2.091998e+01,2.102338e+01,2.096135e+01,2.109225e+01,2.103027e+01,2.098203e+01,2.116796e+01,2.101649e+01,2.093377e+01,2.096135e+01,2.096825e+01,2.097514e+01,2.098893e+01,2.105094e+01,2.105094e+01,2.096825e+01,2.096825e+01,2.100960e+01,2.111979e+01,2.114732e+01,2.111979e+01,2.103027e+01,2.114044e+01,2.105094e+01,2.098893e+01,2.109914e+01,2.104405e+01,2.107160e+01,2.101649e+01,2.107160e+01,2.102338e+01,2.096135e+01,2.101649e+01,2.111979e+01,2.099582e+01,2.100271e+01,2.109225e+01,2.096135e+01,2.096825e+01,2.115420e+01,2.106471e+01,2.107848e+01,2.106471e+01,2.109914e+01,2.104405e+01,2.110602e+01,2.111979e+01,2.118860e+01,2.111291e+01,2.109914e+01,2.113355e+01,2.109914e+01,2.116796e+01,2.107848e+01,2.103027e+01,2.116108e+01,2.106471e+01,2.105782e+01,2.109225e+01,2.100271e+01,2.108537e+01,2.105094e+01,2.103716e+01,2.102338e+01,2.105782e+01,2.121611e+01,2.116108e+01,2.119548e+01,2.121611e+01,2.103027e+01,2.107848e+01,2.127110e+01,2.118172e+01,2.106471e+01,2.112667e+01,2.110602e+01,2.115420e+01,2.116108e+01,2.114732e+01,2.115420e+01,2.115420e+01,2.111979e+01,2.110602e+01,2.117484e+01,2.103716e+01,2.116796e+01,2.116108e+01,2.116108e+01,2.102338e+01,2.110602e+01,2.114732e+01,2.114732e+01,2.119548e+01,2.110602e+01,2.106471e+01,2.107160e+01,2.107848e+01,2.114732e+01,2.106471e+01,2.109225e+01,2.115420e+01,2.114044e+01,2.115420e+01,2.112667e+01
2.106471e+01,2.106471e+01,2.114044e+01,2.099582e+01,2.122298e+01,2.104405e+01,2.116796e+01,2.103027e+01,2.119548e+01,2.117484e+01,2.123674e+01,2.116796e+01,2.107848e+01,2.105094e+01,2.109225e+01,2.120923e+01,2.116796e+01,2.120235e+01,2.117484e+01,2.119548e+01,2.106471e+01,2.116796e+01,2.118860e+01,2.116796e+01,2.118172e+01,2.107848e+01,2.107848e+01,2.112667e+01,2.108537e+01,2.111979e+01,2.113355e+01,2.120923e+01,2.124361e+01,2.122298e+01,2.118860e+01,2.117484e+01,2.116108e+01,2.120235e+01,2.123674e+01,2.116108e+01,2.116796e+01,2.124361e+01,2.107848e+01,2.124361e+01,2.109914e+01,2.120923e+01,2.114044e+01,2.111979e+01,2.114044e+01,2.121611e+01,2.127110e+01,2.110602e+01,2.118860e+01,2.105782e+01,2.125048e+01,2.118172e+01,2.116796e+01,2.115420e+01,2.113355e+01,2.118172e+01,2.111291e+01,2.121611e+01,2.120235e+01,2.118172e+01,2.120235e+01,2.117484e+01,2.122298e+01,2.104405e+01,2.109914e+01,2.111291e+01,2.114732e+01,2.115420e+01,2.117484e+01,2.116796e+01,2.127110e+01,2.120235e+01,2.134668e+01,2.115420e+01,2.122986e+01,2.116796e+01,2.116108e+01,2.114732e+01,2.114044e+01,2.121611e+01,2.116796e+01,2.116796e+01,2.113355e+01,2.115420e+01,2.125048e+01,2.128485e+01,2.116796e+01,2.120923e+01,2.111291e+01,2.120235e+01,2.105782e+01,2.110602e+01,2.103716e+01,2.110602e+01,2.109914e+01,2.096825e+01,2.103027e+01,2.103027e+01,2.098203e+01,2.103027e+01,2.105782e+01,2.105094e+01,2.100960e+01,2.098893e+01,2.105782e+01,2.097514e+01,2.111291e+01,2.106471e+01,2.094067e+01,2.092688e+01,2.095446e+01,2.091998e+01,2.102338e+01,2.102338e+01,2.098203e+01,2.095446e+01,2.096825e+01,2.091308e+01,2.096135e+01,2.097514e+01,2.096825e+01,2.107160e+01,2.103716e+01,2.101649e+01,2.104405e+01,2.100960e+01,2.100271e+01,2.112667e+01,2.100960e+01,2.100271e+01,2.098893e+01,2.105782e+01,2.106471e+01,2.099582e+01,2.099582e+01,2.105094e+01,2.102338e+01,2.111979e+01,2.105782e+01,2.104405e+01,2.106471e+01,2.103027e+01,2.115420e+01,2.109225e+01,2.103027e+01,2.104405e+01,2.103027e+01,2.102338e+01,2.105782e+01,2.108537e+01,2.100271e+01,2.085099e+01,2.064374e+01,2.059531e+01,2.040140e+01,2.030430e+01,2.009591e+01,2.001244e+01,1.988013e+01,1.987316e+01,1.979647e+01,1.988710e+01,1.981042e+01,1.985922e+01,1.990103e+01,1.975462e+01,1.977555e+01,1.986619e+01,1.981740e+01,1.979647e+01,1.987316e+01,1.978950e+01,1.981042e+01,1.982437e+01,1.986619e+01,1.974764e+01,1.976858e+01,1.978950e+01,1.983134e+01,1.981042e+01,1.991496e+01,1.983134e+01,1.985922e+01,1.981740e+01,1.983831e+01,1.989407e+01,1.981042e+01,1.988013e+01,1.976160e+01,1.983134e+01,1.976160e+01,1.975462e+01,1.982437e+01,1.984528e+01,1.976858e+01,1.980345e+01,1.970577e+01,1.971275e+01,1.969879e+01,1.969181e+01,1.965689e+01,1.971275e+01,1.963594e+01,1.977555e+01,1.969879e+01,1.967785e+01,1.968483e+01,1.975462e+01,1.969181e+01,1.969879e+01,1.971973e+01,1.983831e+01,1.969879e+01,1.970577e+01,1.967785e+01,1.974067e+01,1.971973e+01,1.966388e+01,1.971275e+01,1.965689e+01,1.960101e+01,1.967785e+01,1.957305e+01,1.977555e+01,1.955907e+01,1.964293e+01,1.964293e+01,1.962896e+01,1.960800e+01,1.953111e+01,1.949614e+01,1.964293e+01,1.955208e+01,1.967086e+01,1.978950e+01,1.978950e+01,1.974067e+01,1.974764e+01,1.976858e+01,1.977555e+01,1.993586e+01,1.984528e+01,1.988710e+01,1.985225e+01,1.981740e+01,1.976160e+01,1.973369e+01,1.976858e+01,1.968483e+01,1.977555e+01,1.979647e+01,1.978950e+01,1.977555e+01,1.984528e+01,1.983134e+01,1.981740e+01,1.980345e+01,1.981740e+01,1.969879e+01,1.969181e+01,1.967785e+01,1.963594e+01,1.968483e+01,1.969181e+01,1.971275e+01,1.961498e+01,1.960800e+01,1.947515e+01,1.955208e+01,1.967086e+01,1.992193e+01,2.058148e+01,2.061607e+01,2.064374e+01,2.060915e+01,2.065757e+01,2.067139e+01,2.075432e+01,2.070596e+01,2.069213e+01,2.053995e+01,2.056071e+01,2.013763e+01,1.983134e+01,1.982437e+01,1.969181e+01,1.979647e+01,1.981740e+01,1.974067e+01,1.986619e+01,1.983831e+01,1.971973e+01,1.967785e+01,1.964991e+01,1.966388e+01,1.975462e+01,1.974764e+01,1.974067e+01,1.979647e+01,1.980345e+01,1.976160e+01,1.966388e+01,1.969879e+01,1.979647e+01,1.981042e+01,1.978253e+01,1.986619e+01,1.982437e+01,1.985225e+01,1.974067e+01,1.974764e+01,1.979647e+01,1.977555e+01,1.976160e+01,1.969879e+01,1.974764e+01,1.975462e+01,1.976160e+01,1.971973e+01,1.978253e+01,1.969879e+01,1.974764e+01,1.964991e+01,1.984528e+01,1.960101e+01,1.978253e+01,1.976858e+01,1.968483e+01,1.974764e+01,1.974067e+01,1.969181e+01,1.996371e+01,1.985922e+01,2.018627e+01,2.044298e+01,2.059531e+01,2.058840e+01,2.053303e+01,2.061607e+01,2.073360e+01,2.064374e+01,2.064374e+01,2.064374e+01,2.066448e+01,2.067139e+01,2.065757e+01,2.067139e+01,2.068522e+01,2.067139e+01,2.065757e+01,2.070596e+01,2.064374e+01,2.067831e+01,2.077505e+01,2.076123e+01,2.065757e+01,2.074051e+01,2.071287e+01,2.072669e+01,2.071287e+01,2.064374e+01,2.070596e+01,2.068522e+01,2.067139e+01,2.069213e+01,2.071287e+01,2.071287e+01,2.062299e+01,2.062990e+01,2.064374e+01,2.065065e+01,2.066448e+01,2.070596e+01,2.069905e+01,2.066448e+01,2.060223e+01,2.064374e+01,2.063682e+01,2.065757e+01,2.060915e+01,2.063682e+01,2.067831e+01,2.053995e+01,2.060915e+01,2.060915e+01,2.057456e+01,2.059531e+01,2.064374e+01,2.062299e+01,2.071287e+01,2.063682e+01,2.063682e+01,2.065065e+01,2.062299e+01,2.071287e+01,2.078886e+01,2.064374e+01,2.064374e+01,2.057456e+01,2.058148e+01,2.068522e+01,2.065757e+01,2.071978e+01,2.065757e+01,2.070596e+01,2.070596e+01,2.083719e+01,2.074742e+01,2.073360e+01,2.078886e+01,2.076814e+01,2.078195e+01,2.076123e+01,2.078195e+01,2.079576e+01,2.077505e+01,2.082338e+01,2.076814e+01,2.083028e+01,2.091308e+01,2.082338e+01,2.075432e+01,2.077505e+01,2.080267e+01,2.075432e+01,2.086479e+01,2.086479e+01,2.081648e+01,2.084409e+01,2.080267e+01,2.078195e+01,2.091998e+01,2.088549e+01,2.085789e+01,2.087169e+01,2.084409e+01,2.086479e+01,2.100271e+01,2.087169e+01,2.094067e+01,2.085099e+01,2.091998e+01,2.085099e+01,2.097514e+01,2.093377e+01,2.089929e+01,2.080957e+01,2.085789e+01,2.091998e+01,2.080957e+01,2.097514e+01,2.083028e+01,2.082338e+01,2.081648e+01,2.085099e+01,2.077505e+01,2.084409e+01,2.085789e+01,2.092688e+01,2.095446e+01,2.105094e+01,2.141533e+01,2.209252e+01,2.283297e+01,2.339997e+01,2.384999e+01,2.423132e+01,2.453139e+01,2.469107e+01,2.472431e+01,2.489033e+01,2.490360e+01,2.489033e+01,2.490360e+01,2.477747e+01,2.478411e+01,2.467777e+01,2.466447e+01,2.437146e+01,2.411774e+01,2.406425e+01,2.372928e+01,2.348744e+01,2.316409e+01,2.303582e+01,2.262971e+01,2.256186e+01,2.213342e+01,2.188779e+01,2.189462e+01,2.169633e+01,2.157991e+01,2.129859e+01,2.132607e+01,2.122298e+01,2.120923e+01,2.120235e+01,2.118860e+01,2.121611e+01,2.114044e+01,2.121611e+01,2.115420e+01,2.114044e+01,2.116108e+01,2.111979e+01,2.124361e+01,2.102338e+01,2.113355e+01,2.111291e+01,2.114732e+01,2.113355e+01,2.111979e+01,2.111979e+01,2.098893e+01,2.100271e+01,2.115420e+01,2.095446e+01,2.112667e+01,2.108537e+01,2.107160e+01,2.104405e+01,2.105782e+01,2.096135e+01,2.095446e+01,2.097514e+01,2.098893e+01,2.105094e+01,2.091308e+01,2.096825e+01,2.106471e+01,2.091998e+01,2.111291e+01,2.098203e+01,2.114732e+01,2.100271e+01,2.111979e+01,2.089929e+01,2.097514e+01,2.101649e+01,2.091308e+01,2.094067e+01,2.101649e+01,2.109914e+01,2.107160e+01,2.105782e+01,2.103027e+01,2.109914e+01,2.098203e+01,2.100960e+01,2.106471e+01,2.111979e+01,2.112667e+01,2.115420e+01,2.113355e+01,2.100271e+01,2.116796e+01,2.096825e+01,2.101649e+01,2.107160e+01,2.103027e+01,2.105094e+01,2.114044e+01,2.109225e+01,2.084409e+01,2.102338e+01,2.110602e+01,2.098893e+01,2.102338e+01,2.103027e+01,2.098893e+01,2.111291e+01,2.132607e+01,2.117484e+01,2.108537e+01,2.111291e+01,2.105782e+01,2.111291e+01,2.111291e+01,2.107848e+01,2.108537e+01,2.111979e+01,2.118860e+01,2.115420e+01,2.121611e+01,2.117484e+01,2.121611e+01,2.108537e+01,2.109225e+01,2.113355e+01,2.100960e+01,2.113355e+01,2.102338e+01,2.107848e+01,2.105094e+01,2.103027e+01,2.110602e+01,2.100271e+01,2.105094e+01,2.107848e+01,2.107160e+01,2.108537e+01,2.103716e+01,2.116796e+01,2.103716e+01,2.118172e+01,2.111291e+01,2.111979e+01,2.103716e+01,2.116108e+01,2.116108e+01,2.116108e+01,2.115420e+01,2.114732e+01,2.103027e+01,2.114732e+01,2.113355e+01,2.101649e+01,2.112667e+01,2.113355e+01,2.120923e+01,2.117484e+01,2.099582e+01,2.103716e+01,2.106471e+01,2.107160e+01,2.111979e+01,2.105782e+01,2.112667e+01,2.116796e+01,2.107848e+01,2.111291e+01,2.107848e+01,2.107848e+01,2.114732e+01,2.108537e+01,2.111979e+01
2.117484e+01,2.119548e+01,2.107160e+01,2.118172e+01,2.115420e+01,2.114044e+01,2.103027e+01,2.118860e+01,2.115420e+01,2.116108e+01,2.116796e+01,2.115420e+01,2.123674e+01,2.109914e+01,2.106471e+01,2.125736e+01,2.113355e+01,2.122986e+01,2.121611e+01,2.122986e+01,2.114732e+01,2.116108e+01,2.116796e+01,2.118860e+01,2.105782e+01,2.122986e+01,2.114732e+01,2.122298e+01,2.118860e+01,2.119548e+01,2.116108e+01,2.111291e+01,2.125048e+01,2.123674e+01,2.121611e+01,2.118172e+01,2.118860e+01,2.111979e+01,2.116108e+01,2.127110e+01,2.125048e+01,2.116796e+01,2.122986e+01,2.114732e+01,2.109914e+01,2.122298e+01,2.114044e+01,2.118172e+01,2.120923e+01,2.116108e+01,2.114044e+01,2.109914e+01,2.111979e+01,2.119548e+01,2.129172e+01,2.120235e+01,2.118860e+01,2.124361e+01,2.120923e+01,2.111291e+01,2.116796e+01,2.121611e+01,2.109914e+01,2.117484e+01,2.109914e+01,2.118860e+01,2.117484e+01,2.117484e+01,2.118172e+01,2.120923e+01,2.114732e+01,2.125736e+01,2.119548e+01,2.120923e+01,2.119548e+01,2.116108e+01,2.129859e+01,2.119548e+01,2.119548e+01,2.116108e+01,2.117484e+01,2.119548e+01,2.118860e+01,2.122986e+01,2.114044e+01,2.112667e+01,2.107160e+01,2.115420e+01,2.118172e+01,2.109914e+01,2.106471e+01,2.118860e+01,2.107848e+01,2.103027e+01,2.104405e+01,2.111979e+01,2.103716e+01,2.098893e+01,2.098203e+01,2.092688e+01,2.102338e+01,2.104405e+01,2.100271e+01,2.100960e+01,2.094757e+01,2.103716e+01,2.103716e+01,2.097514e+01,2.116796e+01,2.101649e+01,2.113355e+01,2.091998e+01,2.096135e+01,2.094757e+01,2.094757e+01,2.103027e+01,2.098203e+01,2.098203e+01,2.098893e+01,2.096825e+01,2.098893e+01,2.096135e+01,2.099582e+01,2.101649e+01,2.104405e+01,2.105094e+01,2.099582e+01,2.104405e+01,2.098203e+01,2.100271e+01,2.099582e+01,2.097514e+01,2.099582e+01,2.099582e+01,2.109225e+01,2.100960e+01,2.107160e+01,2.112667e+01,2.103027e+01,2.105782e+01,2.103716e+01,2.110602e+01,2.107160e+01,2.100960e+01,2.110602e+01,2.100960e+01,2.105782e+01,2.101649e+01,2.105782e+01,2.103716e+01,2.108537e+01,2.096825e+01,2.106471e+01,2.092688e+01,2.080267e+01,2.072669e+01,2.062990e+01,2.035286e+01,2.009591e+01,1.991496e+01,2.001244e+01,1.974067e+01,1.972671e+01,1.971275e+01,1.988710e+01,1.990800e+01,1.984528e+01,1.979647e+01,1.975462e+01,1.979647e+01,1.975462e+01,1.982437e+01,1.970577e+01,1.982437e+01,1.982437e+01,1.983134e+01,1.979647e+01,1.974764e+01,1.977555e+01,1.978950e+01,1.967086e+01,1.983831e+01,1.966388e+01,1.985225e+01,1.977555e+01,1.978253e+01,1.977555e+01,1.973369e+01,1.981042e+01,1.985225e+01,1.988710e+01,1.985225e+01,1.978950e+01,1.987316e+01,1.983831e+01,1.983134e+01,1.978253e+01,1.980345e+01,1.980345e+01,1.968483e+01,1.983831e+01,1.969879e+01,1.969879e+01,1.969181e+01,1.964991e+01,1.970577e+01,1.970577e+01,1.971973e+01,1.972671e+01,1.971973e+01,1.971275e+01,1.978253e+01,1.976160e+01,1.968483e+01,1.967086e+01,1.973369e+01,1.975462e+01,1.977555e+01,1.973369e+01,1.973369e+01,1.974067e+01,1.972671e+01,1.965689e+01,1.976858e+01,1.969879e+01,1.960101e+01,1.966388e+01,1.957305e+01,1.959402e+01,1.958703e+01,1.967086e+01,1.960800e+01,1.954509e+01,1.966388e+01,1.966388e+01,1.962896e+01,1.965689e+01,1.975462e+01,1.964991e+01,1.974764e+01,1.969879e+01,1.974764e+01,1.975462e+01,1.974764e+01,1.983831e+01,1.987316e+01,1.985922e+01,1.982437e+01,1.976160e+01,1.967785e+01,1.967785e+01,1.968483e+01,1.968483e+01,1.968483e+01,1.979647e+01,1.974764e+01,1.969879e+01,1.974764e+01,1.969879e+01,1.969879e+01,1.964293e+01,1.979647e+01,1.978950e+01,1.964991e+01,1.977555e+01,1.965689e+01,1.974067e+01,1.969879e+01,1.972671e+01,1.959402e+01,1.969879e+01,1.948215e+01,1.962197e+01,1.964991e+01,2.003332e+01,2.035980e+01,2.053995e+01,2.054687e+01,2.055379e+01,2.071287e+01,2.070596e+01,2.066448e+01,2.070596e+01,2.066448e+01,2.070596e+01,2.062299e+01,2.034592e+01,1.992890e+01,1.984528e+01,1.964991e+01,1.980345e+01,1.975462e+01,1.976858e+01,1.974067e+01,1.966388e+01,1.978253e+01,1.966388e+01,1.972671e+01,1.964293e+01,1.965689e+01,1.963594e+01,1.976160e+01,1.972671e+01,1.977555e+01,1.976160e+01,1.969879e+01,1.967086e+01,1.981042e+01,1.975462e+01,1.982437e+01,1.985225e+01,1.985922e+01,1.974067e+01,1.974067e+01,1.974764e+01,1.975462e+01,1.974764e+01,1.978253e+01,1.971275e+01,1.971973e+01,1.970577e+01,1.976160e+01,1.973369e+01,1.977555e+01,1.975462e+01,1.980345e+01,1.973369e+01,1.977555e+01,1.974764e+01,1.963594e+01,1.964991e+01,1.978950e+01,1.981042e+01,1.968483e+01,1.981042e+01,1.992193e+01,2.015153e+01,2.049840e+01,2.051225e+01,2.047070e+01,2.051918e+01,2.058840e+01,2.060223e+01,2.052610e+01,2.060223e+01,2.062299e+01,2.068522e+01,2.058148e+01,2.066448e+01,2.071287e+01,2.070596e+01,2.067831e+01,2.063682e+01,2.060223e+01,2.060915e+01,2.063682e+01,2.067139e+01,2.070596e+01,2.061607e+01,2.066448e+01,2.074051e+01,2.070596e+01,2.069213e+01,2.069905e+01,2.068522e+01,2.063682e+01,2.068522e+01,2.066448e+01,2.065757e+01,2.074051e+01,2.054687e+01,2.068522e+01,2.071287e+01,2.060223e+01,2.067831e+01,2.065757e+01,2.070596e+01,2.067139e+01,2.058840e+01,2.065757e+01,2.069905e+01,2.067831e+01,2.062990e+01,2.064374e+01,2.061607e+01,2.062990e+01,2.065065e+01,2.060223e+01,2.061607e+01,2.060915e+01,2.061607e+01,2.065757e+01,2.060223e+01,2.060915e+01,2.064374e+01,2.071287e+01,2.060915e+01,2.065757e+01,2.060915e+01,2.065757e+01,2.053995e+01,2.060223e+01,2.067139e+01,2.068522e+01,2.070596e+01,2.069905e+01,2.066448e+01,2.071978e+01,2.057456e+01,2.070596e+01,2.073360e+01,2.074051e+01,2.070596e+01,2.081648e+01,2.074742e+01,2.073360e+01,2.076123e+01,2.072669e+01,2.073360e+01,2.080267e+01,2.076814e+01,2.074051e+01,2.078886e+01,2.090619e+01,2.078195e+01,2.081648e+01,2.084409e+01,2.103716e+01,2.076814e+01,2.078886e+01,2.080267e+01,2.079576e+01,2.081648e+01,2.082338e+01,2.078195e+01,2.086479e+01,2.083028e+01,2.084409e+01,2.085789e+01,2.086479e+01,2.082338e+01,2.085789e+01,2.100271e+01,2.082338e+01,2.091998e+01,2.094757e+01,2.089929e+01,2.085099e+01,2.085099e+01,2.089929e+01,2.088549e+01,2.083028e+01,2.086479e+01,2.083028e+01,2.084409e+01,2.087859e+01,2.083719e+01,2.085099e+01,2.085099e+01,2.083719e+01,2.078886e+01,2.080267e+01,2.085099e+01,2.100271e+01,2.111979e+01,2.145650e+01,2.208571e+01,2.283974e+01,2.342689e+01,2.380977e+01,2.410437e+01,2.450475e+01,2.479739e+01,2.491024e+01,2.489033e+01,2.495004e+01,2.501634e+01,2.491024e+01,2.485051e+01,2.481731e+01,2.455136e+01,2.458464e+01,2.441813e+01,2.429140e+01,2.420461e+01,2.378295e+01,2.352106e+01,2.343362e+01,2.308985e+01,2.279235e+01,2.267039e+01,2.229004e+01,2.231726e+01,2.185363e+01,2.171686e+01,2.164841e+01,2.138101e+01,2.137415e+01,2.130546e+01,2.120923e+01,2.115420e+01,2.120235e+01,2.120235e+01,2.116108e+01,2.118172e+01,2.114732e+01,2.111291e+01,2.116108e+01,2.113355e+01,2.125736e+01,2.125736e+01,2.112667e+01,2.116108e+01,2.108537e+01,2.113355e+01,2.116796e+01,2.114044e+01,2.114044e+01,2.103716e+01,2.115420e+01,2.097514e+01,2.104405e+01,2.100271e+01,2.099582e+01,2.105782e+01,2.105782e+01,2.092688e+01,2.100960e+01,2.091998e+01,2.095446e+01,2.084409e+01,2.104405e+01,2.104405e+01,2.099582e+01,2.096825e+01,2.098893e+01,2.102338e+01,2.101649e+01,2.095446e+01,2.107848e+01,2.115420e+01,2.103027e+01,2.095446e+01,2.092688e+01,2.101649e+01,2.098893e+01,2.093377e+01,2.102338e+01,2.094757e+01,2.098203e+01,2.092688e+01,2.102338e+01,2.100271e+01,2.112667e+01,2.100271e+01,2.096825e+01,2.102338e+01,2.111291e+01,2.109225e+01,2.105094e+01,2.107848e+01,2.106471e+01,2.106471e+01,2.111979e+01,2.103027e+01,2.101649e+01,2.103027e+01,2.102338e+01,2.103716e+01,2.105094e+01,2.103716e+01,2.101649e+01,2.106471e+01,2.105782e+01,2.108537e+01,2.113355e+01,2.111291e+01,2.110602e+01,2.106471e+01,2.111979e+01,2.105782e+01,2.108537e+01,2.109914e+01,2.111291e+01,2.117484e+01,2.113355e+01,2.109914e+01,2.108537e+01,2.106471e+01,2.109914e+01,2.109914e+01,2.100271e+01,2.105782e+01,2.113355e+01,2.112667e+01,2.103716e+01,2.105094e+01,2.106471e+01,2.107848e+01,2.114732e+01,2.104405e+01,2.113355e+01,2.109225e+01,2.109914e+01,2.111979e+01,2.107160e+01,2.126423e+01,2.114044e+01,2.114044e+01,2.109914e+01,2.100271e+01,2.116796e+01,2.116796e+01,2.115420e+01,2.113355e+01,2.114732e+01,2.113355e+01,2.113355e+01,2.109914e+01,2.107160e+01,2.107848e+01,2.111291e+01,2.106471e+01,2.114044e+01,2.102338e+01,2.100960e+01,2.106471e+01,2.110602e+01,2.103027e+01,2.110602e+01,2.104405e+01,2.110602e+01,2.111291e+01,2.116796e+01,2.110602e+01,2.106471e+01,2.109914e+01,2.109914e+01,2.104405e+01,2.112667e+01
2.111291e+01,2.105782e+01,2.117484e+01,2.114044e+01,2.108537e+01,2.114044e+01,2.103027e+01,2.107848e+01,2.116796e+01,2.116796e+01,2.115420e+01,2.116108e+01,2.104405e+01,2.118172e+01,2.124361e+01,2.120923e+01,2.123674e+01,2.125736e+01,2.114732e+01,2.124361e+01,2.102338e+01,2.114732e+01,2.108537e+01,2.116108e+01,2.113355e+01,2.117484e+01,2.120235e+01,2.109225e+01,2.121611e+01,2.119548e+01,2.110602e+01,2.100960e+01,2.127798e+01,2.114044e+01,2.116796e+01,2.114044e+01,2.113355e+01,2.119548e+01,2.120235e+01,2.119548e+01,2.122298e+01,2.111291e+01,2.114044e+01,2.111291e+01,2.113355e+01,2.122986e+01,2.114732e+01,2.122298e+01,2.120235e+01,2.116796e+01,2.114732e+01,2.112667e+01,2.113355e+01,2.113355e+01,2.114044e+01,2.123674e+01,2.124361e+01,2.114044e+01,2.118860e+01,2.119548e+01,2.118172e+01,2.123674e+01,2.123674e+01,2.119548e+01,2.116796e+01,2.116108e+01,2.116108e+01,2.114732e+01,2.120235e+01,2.117484e+01,2.120923e+01,2.125736e+01,2.125048e+01,2.111291e+01,2.120923e+01,2.118172e+01,2.118860e+01,2.116796e+01,2.100960e+01,2.115420e+01,2.108537e+01,2.116108e+01,2.116796e+01,2.116108e+01,2.118860e+01,2.114732e+01,2.118860e+01,2.107160e+01,2.107160e+01,2.116108e+01,2.111979e+01,2.118860e+01,2.102338e+01,2.109914e+01,2.103716e+01,2.104405e+01,2.101649e+01,2.109914e+01,2.113355e+01,2.105094e+01,2.105094e+01,2.104405e+01,2.103027e+01,2.102338e+01,2.114732e+01,2.099582e+01,2.105094e+01,2.098893e+01,2.100271e+01,2.100960e+01,2.100271e+01,2.105094e+01,2.091998e+01,2.095446e+01,2.098203e+01,2.102338e+01,2.100960e+01,2.104405e+01,2.105094e+01,2.096825e+01,2.104405e+01,2.098893e+01,2.100960e+01,2.102338e+01,2.103716e+01,2.100960e+01,2.106471e+01,2.102338e+01,2.100960e+01,2.103027e+01,2.099582e+01,2.099582e+01,2.097514e+01,2.105782e+01,2.106471e+01,2.103716e+01,2.100960e+01,2.101649e+01,2.098893e+01,2.103716e+01,2.107160e+01,2.106471e+01,2.105094e+01,2.108537e+01,2.111291e+01,2.102338e+01,2.102338e+01,2.107160e+01,2.107160e+01,2.100960e+01,2.103027e+01,2.103716e+01,2.098203e+01,2.078195e+01,2.066448e+01,2.033205e+01,2.021405e+01,2.008896e+01,1.990800e+01,1.982437e+01,1.984528e+01,1.977555e+01,1.976160e+01,1.985922e+01,1.987316e+01,1.975462e+01,1.976858e+01,1.977555e+01,1.967785e+01,1.976160e+01,1.980345e+01,1.981042e+01,1.970577e+01,1.980345e+01,1.971275e+01,1.967785e+01,1.983134e+01,1.978950e+01,1.976160e+01,1.981042e+01,1.980345e+01,1.979647e+01,1.977555e+01,1.979647e+01,1.977555e+01,1.981042e+01,1.978253e+01,1.979647e+01,1.978253e+01,1.976858e+01,1.975462e+01,1.976160e+01,1.974764e+01,1.981740e+01,1.969181e+01,1.967086e+01,1.975462e+01,1.970577e+01,1.970577e+01,1.964293e+01,1.971973e+01,1.969879e+01,1.972671e+01,1.968483e+01,1.964991e+01,1.964991e+01,1.968483e+01,1.965689e+01,1.973369e+01,1.967086e+01,1.966388e+01,1.966388e+01,1.967785e+01,1.968483e+01,1.971275e+01,1.983831e+01,1.977555e+01,1.965689e+01,1.975462e+01,1.971973e+01,1.969879e+01,1.965689e+01,1.966388e+01,1.964991e+01,1.967785e+01,1.958703e+01,1.958703e+01,1.978253e+01,1.959402e+01,1.969879e+01,1.959402e+01,1.959402e+01,1.956606e+01,1.954509e+01,1.958004e+01,1.962197e+01,1.956606e+01,1.959402e+01,1.978950e+01,1.969181e+01,1.959402e+01,1.972671e+01,1.975462e+01,1.986619e+01,1.982437e+01,1.980345e+01,1.967785e+01,1.978950e+01,1.965689e+01,1.971275e+01,1.973369e+01,1.974764e+01,1.966388e+01,1.969181e+01,1.969181e+01,1.968483e+01,1.970577e+01,1.981042e+01,1.976160e+01,1.976858e+01,1.980345e+01,1.974764e+01,1.973369e+01,1.977555e+01,1.968483e+01,1.968483e+01,1.974764e+01,1.969879e+01,1.967785e+01,1.964991e+01,1.968483e+01,1.953810e+01,1.951013e+01,1.980345e+01,1.990800e+01,2.033205e+01,2.061607e+01,2.067831e+01,2.063682e+01,2.061607e+01,2.065065e+01,2.069905e+01,2.056763e+01,2.065065e+01,2.070596e+01,2.058148e+01,2.045684e+01,2.014458e+01,1.981042e+01,1.978950e+01,1.981042e+01,1.981042e+01,1.977555e+01,1.977555e+01,1.971973e+01,1.974764e+01,1.964293e+01,1.968483e+01,1.980345e+01,1.971973e+01,1.975462e+01,1.972671e+01,1.971973e+01,1.974067e+01,1.978253e+01,1.979647e+01,1.976858e+01,1.979647e+01,1.974067e+01,1.970577e+01,1.974067e+01,1.969879e+01,1.967785e+01,1.979647e+01,1.972671e+01,1.978950e+01,1.978253e+01,1.975462e+01,1.980345e+01,1.978253e+01,1.975462e+01,1.978253e+01,1.974764e+01,1.972671e+01,1.971275e+01,1.971275e+01,1.971973e+01,1.974764e+01,1.980345e+01,1.976160e+01,1.958703e+01,1.965689e+01,1.971973e+01,1.969181e+01,1.983134e+01,1.988710e+01,2.020711e+01,2.040833e+01,2.062990e+01,2.053995e+01,2.058840e+01,2.060223e+01,2.062990e+01,2.060223e+01,2.061607e+01,2.060223e+01,2.067139e+01,2.062990e+01,2.065065e+01,2.068522e+01,2.074742e+01,2.069905e+01,2.060915e+01,2.062990e+01,2.062299e+01,2.060223e+01,2.063682e+01,2.059531e+01,2.065065e+01,2.060223e+01,2.065065e+01,2.069905e+01,2.067831e+01,2.069213e+01,2.068522e+01,2.066448e+01,2.066448e+01,2.067831e+01,2.068522e+01,2.056763e+01,2.065065e+01,2.069905e+01,2.066448e+01,2.067831e+01,2.060223e+01,2.067831e+01,2.069905e+01,2.058148e+01,2.062299e+01,2.057456e+01,2.067831e+01,2.069213e+01,2.062299e+01,2.064374e+01,2.060223e+01,2.060223e+01,2.056763e+01,2.058840e+01,2.058148e+01,2.062299e+01,2.058148e+01,2.060223e+01,2.057456e+01,2.063682e+01,2.058840e+01,2.061607e+01,2.067139e+01,2.055379e+01,2.069213e+01,2.058148e+01,2.059531e+01,2.064374e+01,2.070596e+01,2.069213e+01,2.064374e+01,2.073360e+01,2.069213e+01,2.067139e+01,2.068522e+01,2.069905e+01,2.070596e+01,2.069213e+01,2.069905e+01,2.072669e+01,2.074051e+01,2.071978e+01,2.072669e+01,2.074051e+01,2.074742e+01,2.082338e+01,2.078195e+01,2.091998e+01,2.080957e+01,2.076123e+01,2.074051e+01,2.080267e+01,2.083719e+01,2.082338e+01,2.073360e+01,2.083719e+01,2.083719e+01,2.077505e+01,2.093377e+01,2.089239e+01,2.089929e+01,2.080957e+01,2.087169e+01,2.083719e+01,2.085789e+01,2.080957e+01,2.081648e+01,2.098203e+01,2.089929e+01,2.078195e+01,2.090619e+01,2.094067e+01,2.098893e+01,2.088549e+01,2.085099e+01,2.083719e+01,2.087169e+01,2.089929e+01,2.083719e+01,2.094067e+01,2.089239e+01,2.084409e+01,2.090619e+01,2.086479e+01,2.086479e+01,2.080957e+01,2.087169e+01,2.081648e+01,2.080957e+01,2.085099e+01,2.110602e+01,2.151823e+01,2.215387e+01,2.271106e+01,2.344707e+01,2.384999e+01,2.411774e+01,2.450475e+01,2.466447e+01,2.491024e+01,2.487042e+01,2.488370e+01,2.487042e+01,2.486379e+01,2.491024e+01,2.471766e+01,2.466447e+01,2.471102e+01,2.458464e+01,2.430475e+01,2.421797e+01,2.390360e+01,2.376954e+01,2.354795e+01,2.337977e+01,2.302907e+01,2.281943e+01,2.254829e+01,2.213342e+01,2.196973e+01,2.181945e+01,2.161417e+01,2.153880e+01,2.138101e+01,2.133981e+01,2.118172e+01,2.115420e+01,2.117484e+01,2.120923e+01,2.120235e+01,2.120235e+01,2.111979e+01,2.112667e+01,2.119548e+01,2.120235e+01,2.111979e+01,2.118172e+01,2.109225e+01,2.107848e+01,2.114732e+01,2.099582e+01,2.112667e+01,2.114732e+01,2.107848e+01,2.105782e+01,2.108537e+01,2.097514e+01,2.116108e+01,2.098893e+01,2.102338e+01,2.107848e+01,2.100960e+01,2.095446e+01,2.091998e+01,2.096825e+01,2.105094e+01,2.110602e+01,2.090619e+01,2.089239e+01,2.103716e+01,2.088549e+01,2.092688e+01,2.109914e+01,2.093377e+01,2.108537e+01,2.102338e+01,2.093377e+01,2.101649e+01,2.102338e+01,2.109914e+01,2.097514e+01,2.092688e+01,2.106471e+01,2.098203e+01,2.096825e+01,2.096135e+01,2.102338e+01,2.097514e+01,2.100960e+01,2.103716e+01,2.087859e+01,2.099582e+01,2.103027e+01,2.096825e+01,2.116108e+01,2.102338e+01,2.109914e+01,2.103716e+01,2.106471e+01,2.097514e+01,2.105094e+01,2.103716e+01,2.094757e+01,2.090619e+01,2.098893e+01,2.096825e+01,2.100271e+01,2.100960e+01,2.101649e+01,2.100271e+01,2.101649e+01,2.103716e+01,2.109225e+01,2.107160e+01,2.103027e+01,2.111291e+01,2.108537e+01,2.102338e+01,2.111979e+01,2.108537e+01,2.106471e+01,2.109225e+01,2.118172e+01,2.111291e+01,2.118172e+01,2.112667e+01,2.118860e+01,2.116108e+01,2.110602e+01,2.114044e+01,2.099582e+01,2.101649e+01,2.111291e+01,2.107848e+01,2.109225e+01,2.097514e+01,2.105094e+01,2.116796e+01,2.113355e+01,2.111291e+01,2.116796e+01,2.110602e+01,2.125736e+01,2.103716e+01,2.114732e+01,2.107848e+01,2.121611e+01,2.117484e+01,2.107160e+01,2.120235e+01,2.118172e+01,2.105782e+01,2.125736e+01,2.116108e+01,2.100960e+01,2.103027e+01,2.104405e+01,2.106471e+01,2.100960e+01,2.104405e+01,2.105782e+01,2.099582e+01,2.106471e+01,2.104405e+01,2.122298e+01,2.107848e+01,2.112667e+01,2.111291e+01,2.114732e+01,2.106471e+01,2.120923e+01,2.105094e+01,2.113355e+01,2.107160e+01,2.118172e+01,2.116108e+01
2.110602e+01,2.111979e+01,2.109914e+01,2.108537e+01,2.118860e+01,2.112667e+01,2.106471e+01,2.100960e+01,2.115420e+01,2.110602e+01,2.114732e+01,2.120923e+01,2.114732e+01,2.115420e+01,2.119548e+01,2.109225e+01,2.109225e+01,2.103716e+01,2.118860e+01,2.119548e+01,2.103716e+01,2.111291e+01,2.114732e+01,2.105782e+01,2.108537e+01,2.120235e+01,2.116108e+01,2.122986e+01,2.122986e+01,2.120235e+01,2.098893e+01,2.116108e+01,2.127110e+01,2.116108e+01,2.113355e+01,2.116108e+01,2.120235e+01,2.118860e+01,2.120923e+01,2.118172e+01,2.119548e+01,2.119548e+01,2.110602e+01,2.114044e+01,2.116108e+01,2.122986e+01,2.111291e+01,2.122298e+01,2.127110e+01,2.128485e+01,2.115420e+01,2.116108e+01,2.122986e+01,2.119548e+01,2.114732e+01,2.138788e+01,2.127798e+01,2.135355e+01,2.127798e+01,2.116108e+01,2.113355e+01,2.124361e+01,2.122298e+01,2.117484e+01,2.120923e+01,2.122298e+01,2.116796e+01,2.120235e+01,2.123674e+01,2.116108e+01,2.122986e+01,2.138788e+01,2.120235e+01,2.118860e+01,2.116108e+01,2.118172e+01,2.126423e+01,2.114044e+01,2.105782e+01,2.120235e+01,2.117484e+01,2.116796e+01,2.116108e+01,2.116108e+01,2.113355e+01,2.112667e+01,2.109914e+01,2.110602e+01,2.114044e+01,2.114044e+01,2.111979e+01,2.111979e+01,2.104405e+01,2.103716e+01,2.107160e+01,2.103027e+01,2.105094e+01,2.098893e+01,2.105782e+01,2.105782e+01,2.105094e+01,2.099582e+01,2.101649e+01,2.107848e+01,2.108537e+01,2.098203e+01,2.103716e+01,2.110602e+01,2.102338e+01,2.102338e+01,2.099582e+01,2.100960e+01,2.111979e+01,2.100960e+01,2.098203e+01,2.096135e+01,2.100271e+01,2.103716e+01,2.104405e+01,2.104405e+01,2.098893e+01,2.094757e+01,2.107160e+01,2.104405e+01,2.104405e+01,2.106471e+01,2.104405e+01,2.101649e+01,2.103716e+01,2.107160e+01,2.100271e+01,2.105782e+01,2.099582e+01,2.106471e+01,2.098893e+01,2.105094e+01,2.103027e+01,2.103716e+01,2.109914e+01,2.096135e+01,2.107160e+01,2.104405e+01,2.104405e+01,2.107160e+01,2.110602e+01,2.111291e+01,2.103716e+01,2.097514e+01,2.100960e+01,2.106471e+01,2.097514e+01,2.074051e+01,2.073360e+01,2.066448e+01,2.024877e+01,2.020016e+01,2.006114e+01,1.990800e+01,1.979647e+01,1.978950e+01,1.981740e+01,1.988710e+01,1.983134e+01,1.984528e+01,1.978253e+01,1.985225e+01,1.983134e+01,1.982437e+01,1.980345e+01,1.976858e+01,1.978950e+01,1.983831e+01,1.982437e+01,1.981740e+01,1.973369e+01,1.974067e+01,1.973369e+01,1.968483e+01,1.993586e+01,1.976160e+01,1.966388e+01,1.977555e+01,1.974067e+01,1.978950e+01,1.971275e+01,1.977555e+01,1.976858e+01,1.980345e+01,1.983134e+01,1.975462e+01,1.976160e+01,1.974764e+01,1.976858e+01,1.976858e+01,1.968483e+01,1.984528e+01,1.971973e+01,1.967785e+01,1.965689e+01,1.969879e+01,1.969181e+01,1.968483e+01,1.973369e+01,1.971973e+01,1.966388e+01,1.967086e+01,1.969879e+01,1.972671e+01,1.965689e+01,1.970577e+01,1.972671e+01,1.961498e+01,1.969181e+01,1.968483e+01,1.981740e+01,1.980345e+01,1.974764e+01,1.977555e+01,1.974764e+01,1.967086e+01,1.974067e+01,1.967086e+01,1.966388e+01,1.966388e+01,1.973369e+01,1.958703e+01,1.958703e+01,1.955907e+01,1.968483e+01,1.978253e+01,1.958004e+01,1.963594e+01,1.962197e+01,1.962197e+01,1.958703e+01,1.955907e+01,1.966388e+01,1.967785e+01,1.963594e+01,1.974764e+01,1.978253e+01,1.980345e+01,1.975462e+01,1.973369e+01,1.978950e+01,1.979647e+01,1.972671e+01,1.974067e+01,1.974764e+01,1.974764e+01,1.973369e+01,1.971275e+01,1.974764e+01,1.972671e+01,1.973369e+01,1.970577e+01,1.970577e+01,1.966388e+01,1.969181e+01,1.967086e+01,1.973369e+01,1.969181e+01,1.974067e+01,1.972671e+01,1.976858e+01,1.976160e+01,1.974764e+01,1.962896e+01,1.968483e+01,1.978253e+01,1.970577e+01,1.963594e+01,1.968483e+01,1.960101e+01,1.997068e+01,2.031818e+01,2.054687e+01,2.056071e+01,2.061607e+01,2.059531e+01,2.062299e+01,2.063682e+01,2.067139e+01,2.068522e+01,2.083028e+01,2.071287e+01,2.062990e+01,2.033205e+01,1.994283e+01,1.974067e+01,1.981042e+01,1.978950e+01,1.981740e+01,1.974067e+01,1.976858e+01,1.968483e+01,1.976160e+01,1.976160e+01,1.981042e+01,1.969879e+01,1.967086e+01,1.969879e+01,1.973369e+01,1.981740e+01,1.980345e+01,1.976160e+01,1.977555e+01,1.974067e+01,1.973369e+01,1.974067e+01,1.980345e+01,1.967086e+01,1.971973e+01,1.985225e+01,1.982437e+01,1.974067e+01,1.974764e+01,1.974067e+01,1.974067e+01,1.971973e+01,1.978950e+01,1.980345e+01,1.971973e+01,1.974764e+01,1.972671e+01,1.969879e+01,1.977555e+01,1.960101e+01,1.962896e+01,1.975462e+01,1.980345e+01,1.981042e+01,1.973369e+01,1.978253e+01,1.974067e+01,1.982437e+01,2.031818e+01,2.039447e+01,2.054687e+01,2.062299e+01,2.059531e+01,2.074051e+01,2.062990e+01,2.058148e+01,2.061607e+01,2.059531e+01,2.057456e+01,2.058840e+01,2.059531e+01,2.062299e+01,2.076123e+01,2.067139e+01,2.059531e+01,2.065757e+01,2.059531e+01,2.072669e+01,2.064374e+01,2.073360e+01,2.064374e+01,2.073360e+01,2.077505e+01,2.071287e+01,2.059531e+01,2.068522e+01,2.068522e+01,2.065757e+01,2.067831e+01,2.067139e+01,2.066448e+01,2.064374e+01,2.062990e+01,2.069905e+01,2.065065e+01,2.067831e+01,2.058148e+01,2.062299e+01,2.065065e+01,2.068522e+01,2.056763e+01,2.058148e+01,2.066448e+01,2.058148e+01,2.058148e+01,2.058148e+01,2.057456e+01,2.059531e+01,2.051918e+01,2.064374e+01,2.058840e+01,2.059531e+01,2.069213e+01,2.070596e+01,2.069213e+01,2.071978e+01,2.063682e+01,2.053995e+01,2.063682e+01,2.071287e+01,2.056071e+01,2.066448e+01,2.069905e+01,2.065757e+01,2.065065e+01,2.064374e+01,2.072669e+01,2.065757e+01,2.069213e+01,2.070596e+01,2.067139e+01,2.070596e+01,2.069905e+01,2.074742e+01,2.071978e+01,2.072669e+01,2.071978e+01,2.072669e+01,2.075432e+01,2.076123e+01,2.073360e+01,2.078886e+01,2.075432e+01,2.075432e+01,2.078195e+01,2.077505e+01,2.096825e+01,2.078886e+01,2.083719e+01,2.085789e+01,2.085099e+01,2.086479e+01,2.079576e+01,2.084409e+01,2.081648e+01,2.087169e+01,2.085789e+01,2.085789e+01,2.087169e+01,2.082338e+01,2.079576e+01,2.086479e+01,2.089929e+01,2.083719e+01,2.089929e+01,2.087859e+01,2.085099e+01,2.085789e+01,2.085099e+01,2.087169e+01,2.085789e+01,2.090619e+01,2.085789e+01,2.084409e+01,2.085099e+01,2.083028e+01,2.088549e+01,2.086479e+01,2.083719e+01,2.084409e+01,2.086479e+01,2.084409e+01,2.088549e+01,2.089239e+01,2.096825e+01,2.095446e+01,2.150451e+01,2.153880e+01,2.207207e+01,2.267717e+01,2.335957e+01,2.387680e+01,2.409768e+01,2.448477e+01,2.468442e+01,2.480403e+01,2.486379e+01,2.488370e+01,2.486379e+01,2.489697e+01,2.483060e+01,2.481067e+01,2.479075e+01,2.471102e+01,2.449809e+01,2.435812e+01,2.423132e+01,2.421797e+01,2.386340e+01,2.371586e+01,2.335283e+01,2.321806e+01,2.286004e+01,2.254150e+01,2.237167e+01,2.209934e+01,2.194243e+01,2.187413e+01,2.162102e+01,2.155936e+01,2.115420e+01,2.116108e+01,2.116796e+01,2.118860e+01,2.121611e+01,2.114044e+01,2.123674e+01,2.113355e+01,2.109914e+01,2.109914e+01,2.107160e+01,2.110602e+01,2.122986e+01,2.121611e+01,2.116108e+01,2.107848e+01,2.111291e+01,2.110602e+01,2.109914e+01,2.109914e+01,2.096135e+01,2.108537e+01,2.094067e+01,2.107848e+01,2.101649e+01,2.107160e+01,2.106471e+01,2.100960e+01,2.103716e+01,2.098203e+01,2.092688e+01,2.096135e+01,2.094067e+01,2.109914e+01,2.091998e+01,2.098203e+01,2.100960e+01,2.100960e+01,2.111291e+01,2.103716e+01,2.102338e+01,2.089239e+01,2.094757e+01,2.106471e+01,2.096135e+01,2.094067e+01,2.103027e+01,2.090619e+01,2.104405e+01,2.100271e+01,2.097514e+01,2.098893e+01,2.112667e+01,2.096825e+01,2.104405e+01,2.103027e+01,2.105782e+01,2.107848e+01,2.109225e+01,2.105782e+01,2.103027e+01,2.105094e+01,2.095446e+01,2.096825e+01,2.107160e+01,2.101649e+01,2.102338e+01,2.105094e+01,2.110602e+01,2.109914e+01,2.101649e+01,2.097514e+01,2.115420e+01,2.101649e+01,2.099582e+01,2.109914e+01,2.107160e+01,2.107160e+01,2.111291e+01,2.107848e+01,2.108537e+01,2.111291e+01,2.109225e+01,2.120923e+01,2.121611e+01,2.105782e+01,2.108537e+01,2.107848e+01,2.113355e+01,2.109225e+01,2.110602e+01,2.109225e+01,2.111979e+01,2.114732e+01,2.117484e+01,2.121611e+01,2.114044e+01,2.107160e+01,2.111979e+01,2.113355e+01,2.112667e+01,2.109225e+01,2.116796e+01,2.104405e+01,2.103027e+01,2.107160e+01,2.111291e+01,2.109914e+01,2.105782e+01,2.109225e+01,2.120923e+01,2.120923e+01,2.116796e+01,2.121611e+01,2.119548e+01,2.115420e+01,2.105782e+01,2.112667e+01,2.115420e+01,2.107848e+01,2.105094e+01,2.115420e+01,2.100271e+01,2.129859e+01,2.102338e+01,2.127110e+01,2.120923e+01,2.105094e+01,2.109225e+01,2.104405e+01,2.105094e+01,2.105782e+01,2.109225e+01,2.114732e+01,2.108537e+01,2.100271e+01,2.109914e+01,2.107848e+01,2.105782e+01,2.112667e+01,2.106471e+01,2.098203e+01
2.109914e+01,2.112667e+01,2.113355e+01,2.114732e+01,2.114044e+01,2.107848e+01,2.110602e+01,2.114044e+01,2.116796e+01,2.116796e+01,2.100960e+01,2.116796e+01,2.120235e+01,2.125048e+01,2.121611e+01,2.122298e+01,2.124361e+01,2.104405e+01,2.118860e+01,2.122298e+01,2.127798e+01,2.116108e+01,2.107848e+01,2.109225e+01,2.119548e+01,2.116796e+01,2.122986e+01,2.123674e+01,2.111291e+01,2.120235e+01,2.113355e+01,2.112667e+01,2.114732e+01,2.120235e+01,2.116108e+01,2.114044e+01,2.112667e+01,2.110602e+01,2.120923e+01,2.108537e+01,2.115420e+01,2.115420e+01,2.112667e+01,2.112667e+01,2.111291e+01,2.125048e+01,2.114044e+01,2.131920e+01,2.119548e+01,2.122986e+01,2.119548e+01,2.116108e+01,2.112667e+01,2.125048e+01,2.117484e+01,2.119548e+01,2.119548e+01,2.113355e+01,2.119548e+01,2.119548e+01,2.125736e+01,2.114732e+01,2.118172e+01,2.119548e+01,2.115420e+01,2.115420e+01,2.120923e+01,2.123674e+01,2.118172e+01,2.121611e+01,2.118860e+01,2.121611e+01,2.124361e+01,2.122986e+01,2.122298e+01,2.114732e+01,2.119548e+01,2.115420e+01,2.113355e+01,2.116108e+01,2.120235e+01,2.122986e+01,2.120235e+01,2.106471e+01,2.120235e+01,2.107160e+01,2.109914e+01,2.111291e+01,2.109914e+01,2.111291e+01,2.111979e+01,2.107160e+01,2.107160e+01,2.106471e+01,2.100271e+01,2.109914e+01,2.103027e+01,2.109225e+01,2.111291e+01,2.105782e+01,2.111291e+01,2.096135e+01,2.105094e+01,2.115420e+01,2.102338e+01,2.095446e+01,2.108537e+01,2.103027e+01,2.101649e+01,2.100271e+01,2.103716e+01,2.103027e+01,2.102338e+01,2.098203e+01,2.098203e+01,2.098203e+01,2.098203e+01,2.100960e+01,2.107848e+01,2.103027e+01,2.107160e+01,2.100960e+01,2.109225e+01,2.104405e+01,2.099582e+01,2.103716e+01,2.103716e+01,2.102338e+01,2.103027e+01,2.106471e+01,2.098203e+01,2.097514e+01,2.100271e+01,2.106471e+01,2.105094e+01,2.105782e+01,2.101649e+01,2.104405e+01,2.103716e+01,2.108537e+01,2.116108e+01,2.116108e+01,2.105782e+01,2.107848e+01,2.110602e+01,2.103027e+01,2.102338e+01,2.104405e+01,2.102338e+01,2.105782e+01,2.075432e+01,2.070596e+01,2.052610e+01,2.030430e+01,2.012372e+01,2.004027e+01,1.980345e+01,1.981042e+01,1.984528e+01,1.979647e+01,1.973369e+01,1.981042e+01,1.981740e+01,1.974067e+01,1.967785e+01,1.981740e+01,1.976858e+01,1.983134e+01,1.979647e+01,1.973369e+01,1.983831e+01,1.978950e+01,1.984528e+01,1.982437e+01,1.968483e+01,1.972671e+01,1.971275e+01,1.975462e+01,1.969879e+01,1.979647e+01,1.979647e+01,1.990103e+01,1.988710e+01,1.976858e+01,1.971275e+01,1.978253e+01,1.980345e+01,1.978950e+01,1.981740e+01,1.983134e+01,1.985922e+01,1.990103e+01,1.983134e+01,1.985225e+01,1.980345e+01,1.967785e+01,1.971973e+01,1.966388e+01,1.969879e+01,1.965689e+01,1.974764e+01,1.961498e+01,1.969879e+01,1.964293e+01,1.967785e+01,1.970577e+01,1.966388e+01,1.969181e+01,1.973369e+01,1.971275e+01,1.973369e+01,1.981042e+01,1.962896e+01,1.972671e+01,1.982437e+01,1.967785e+01,1.974764e+01,1.976858e+01,1.976160e+01,1.966388e+01,1.967785e+01,1.969879e+01,1.968483e+01,1.974764e+01,1.972671e+01,1.975462e+01,1.960800e+01,1.960800e+01,1.959402e+01,1.958004e+01,1.960800e+01,1.954509e+01,1.962197e+01,1.968483e+01,1.971973e+01,1.961498e+01,1.965689e+01,1.969879e+01,1.978950e+01,1.975462e+01,1.974764e+01,1.976160e+01,1.974067e+01,1.974764e+01,1.972671e+01,1.973369e+01,1.982437e+01,1.989407e+01,1.976858e+01,1.972671e+01,1.976160e+01,1.974067e+01,1.969181e+01,1.972671e+01,1.971973e+01,1.971275e+01,1.971973e+01,1.973369e+01,1.975462e+01,1.966388e+01,1.974067e+01,1.974067e+01,1.985225e+01,1.982437e+01,1.975462e+01,1.969181e+01,1.974067e+01,1.971275e+01,1.966388e+01,1.969181e+01,1.971275e+01,1.970577e+01,1.972671e+01,1.971973e+01,1.996371e+01,2.031818e+01,2.054687e+01,2.067139e+01,2.070596e+01,2.065065e+01,2.063682e+01,2.057456e+01,2.067831e+01,2.067831e+01,2.068522e+01,2.069905e+01,2.072669e+01,2.040140e+01,2.008896e+01,1.978253e+01,1.982437e+01,1.973369e+01,1.976160e+01,1.979647e+01,1.972671e+01,1.980345e+01,1.974067e+01,1.978253e+01,1.983134e+01,1.975462e+01,1.971973e+01,1.964293e+01,1.971275e+01,1.978950e+01,1.980345e+01,1.959402e+01,1.982437e+01,1.977555e+01,1.979647e+01,1.973369e+01,1.974067e+01,1.990103e+01,1.971275e+01,1.976858e+01,1.972671e+01,1.973369e+01,1.977555e+01,1.978253e+01,1.975462e+01,1.974764e+01,1.976858e+01,1.975462e+01,1.969181e+01,1.973369e+01,1.973369e+01,1.973369e+01,1.970577e+01,1.973369e+01,1.979647e+01,1.980345e+01,1.977555e+01,1.971275e+01,1.974764e+01,1.983134e+01,1.971275e+01,1.985922e+01,1.992193e+01,2.022794e+01,2.039447e+01,2.062990e+01,2.054687e+01,2.049148e+01,2.048455e+01,2.052610e+01,2.056071e+01,2.058840e+01,2.057456e+01,2.061607e+01,2.058840e+01,2.062299e+01,2.072669e+01,2.069905e+01,2.065757e+01,2.065065e+01,2.064374e+01,2.068522e+01,2.060915e+01,2.073360e+01,2.074051e+01,2.075432e+01,2.071978e+01,2.069905e+01,2.071287e+01,2.071287e+01,2.049148e+01,2.070596e+01,2.067139e+01,2.067831e+01,2.070596e+01,2.069213e+01,2.066448e+01,2.062990e+01,2.071287e+01,2.069905e+01,2.060223e+01,2.067139e+01,2.063682e+01,2.056763e+01,2.059531e+01,2.065065e+01,2.062299e+01,2.069213e+01,2.058148e+01,2.058148e+01,2.057456e+01,2.070596e+01,2.057456e+01,2.053303e+01,2.069213e+01,2.059531e+01,2.057456e+01,2.060223e+01,2.058840e+01,2.073360e+01,2.057456e+01,2.055379e+01,2.060915e+01,2.062990e+01,2.053303e+01,2.073360e+01,2.065065e+01,2.064374e+01,2.076123e+01,2.067139e+01,2.065757e+01,2.069213e+01,2.070596e+01,2.071287e+01,2.070596e+01,2.073360e+01,2.073360e+01,2.069905e+01,2.074742e+01,2.071287e+01,2.078886e+01,2.081648e+01,2.073360e+01,2.071978e+01,2.073360e+01,2.080957e+01,2.074742e+01,2.081648e+01,2.080267e+01,2.083028e+01,2.085789e+01,2.079576e+01,2.082338e+01,2.082338e+01,2.081648e+01,2.088549e+01,2.089239e+01,2.085099e+01,2.089239e+01,2.084409e+01,2.083719e+01,2.083719e+01,2.097514e+01,2.085789e+01,2.080267e+01,2.090619e+01,2.087169e+01,2.089239e+01,2.089929e+01,2.085099e+01,2.090619e+01,2.085789e+01,2.087859e+01,2.092688e+01,2.094067e+01,2.085099e+01,2.082338e+01,2.084409e+01,2.080957e+01,2.077505e+01,2.089239e+01,2.091308e+01,2.080267e+01,2.085099e+01,2.087169e+01,2.085099e+01,2.083719e+01,2.081648e+01,2.089239e+01,2.096135e+01,2.120235e+01,2.171002e+01,2.218112e+01,2.265683e+01,2.329221e+01,2.384329e+01,2.409768e+01,2.445146e+01,2.475089e+01,2.483723e+01,2.496993e+01,2.492351e+01,2.491687e+01,2.485715e+01,2.486379e+01,2.481067e+01,2.476418e+01,2.470437e+01,2.453805e+01,2.455136e+01,2.434478e+01,2.424468e+01,2.393709e+01,2.376954e+01,2.348744e+01,2.325177e+01,2.305609e+01,2.265005e+01,2.246681e+01,2.229685e+01,2.210616e+01,2.194243e+01,2.159362e+01,2.154565e+01,2.155936e+01,2.137415e+01,2.118860e+01,2.120235e+01,2.124361e+01,2.115420e+01,2.122986e+01,2.118172e+01,2.122986e+01,2.122298e+01,2.113355e+01,2.113355e+01,2.120923e+01,2.107848e+01,2.126423e+01,2.107160e+01,2.114044e+01,2.113355e+01,2.113355e+01,2.109225e+01,2.098203e+01,2.103027e+01,2.101649e+01,2.100271e+01,2.104405e+01,2.099582e+01,2.100960e+01,2.106471e+01,2.107160e+01,2.102338e+01,2.095446e+01,2.095446e+01,2.099582e+01,2.098893e+01,2.100960e+01,2.098203e+01,2.099582e+01,2.106471e+01,2.098203e+01,2.097514e+01,2.092688e+01,2.111979e+01,2.102338e+01,2.105094e+01,2.096825e+01,2.093377e+01,2.105094e+01,2.102338e+01,2.102338e+01,2.100960e+01,2.103027e+01,2.098893e+01,2.099582e+01,2.099582e+01,2.103716e+01,2.107160e+01,2.110602e+01,2.105094e+01,2.106471e+01,2.105094e+01,2.107160e+01,2.105094e+01,2.104405e+01,2.096135e+01,2.110602e+01,2.106471e+01,2.103716e+01,2.107848e+01,2.105782e+01,2.108537e+01,2.099582e+01,2.100960e+01,2.116796e+01,2.105094e+01,2.103027e+01,2.108537e+01,2.102338e+01,2.108537e+01,2.113355e+01,2.111291e+01,2.110602e+01,2.105094e+01,2.100960e+01,2.111291e+01,2.105782e+01,2.105094e+01,2.106471e+01,2.110602e+01,2.107848e+01,2.114732e+01,2.109225e+01,2.111979e+01,2.102338e+01,2.113355e+01,2.110602e+01,2.116108e+01,2.117484e+01,2.105782e+01,2.116108e+01,2.096135e+01,2.111291e+01,2.107160e+01,2.112667e+01,2.112667e+01,2.116108e+01,2.107160e+01,2.111979e+01,2.111979e+01,2.107848e+01,2.115420e+01,2.122986e+01,2.124361e+01,2.116796e+01,2.122298e+01,2.115420e+01,2.104405e+01,2.113355e+01,2.116108e+01,2.112667e+01,2.100271e+01,2.114732e+01,2.116796e+01,2.113355e+01,2.115420e+01,2.117484e+01,2.106471e+01,2.105094e+01,2.101649e+01,2.114044e+01,2.112667e+01,2.107848e+01,2.105782e+01,2.114732e+01,2.114732e+01,2.118172e+01,2.118172e+01,2.108537e+01,2.114732e+01,2.118860e+01,2.110602e+01,2.115420e+01,2.104405e+01
2.112667e+01,2.111979e+01,2.114044e+01,2.112667e+01,2.120235e+01,2.118860e+01,2.114732e+01,2.116108e+01,2.114044e+01,2.113355e+01,2.107160e+01,2.122298e+01,2.123674e+01,2.121611e+01,2.103716e+01,2.120235e+01,2.122298e+01,2.115420e+01,2.122298e+01,2.110602e+01,2.111979e+01,2.107848e+01,2.112667e+01,2.111979e+01,2.114044e+01,2.114044e+01,2.116796e+01,2.118172e+01,2.116796e+01,2.124361e+01,2.125048e+01,2.120923e+01,2.118172e+01,2.116108e+01,2.111979e+01,2.121611e+01,2.125048e+01,2.120235e+01,2.117484e+01,2.116108e+01,2.105094e+01,2.117484e+01,2.120235e+01,2.116108e+01,2.117484e+01,2.127798e+01,2.129859e+01,2.117484e+01,2.120923e+01,2.116796e+01,2.116796e+01,2.114044e+01,2.114732e+01,2.114732e+01,2.111291e+01,2.110602e+01,2.120923e+01,2.127110e+01,2.120235e+01,2.120923e+01,2.118172e+01,2.116108e+01,2.118860e+01,2.116108e+01,2.118172e+01,2.122298e+01,2.122298e+01,2.129172e+01,2.120923e+01,2.120923e+01,2.121611e+01,2.116796e+01,2.120235e+01,2.123674e+01,2.120235e+01,2.121611e+01,2.116108e+01,2.116108e+01,2.107160e+01,2.112667e+01,2.119548e+01,2.114732e+01,2.111979e+01,2.109225e+01,2.114732e+01,2.110602e+01,2.114044e+01,2.111979e+01,2.115420e+01,2.114044e+01,2.109914e+01,2.107848e+01,2.120923e+01,2.114044e+01,2.109225e+01,2.117484e+01,2.120235e+01,2.098203e+01,2.107848e+01,2.093377e+01,2.109914e+01,2.110602e+01,2.097514e+01,2.095446e+01,2.112667e+01,2.110602e+01,2.111291e+01,2.098203e+01,2.100271e+01,2.099582e+01,2.099582e+01,2.122298e+01,2.102338e+01,2.106471e+01,2.099582e+01,2.102338e+01,2.100271e+01,2.099582e+01,2.102338e+01,2.102338e+01,2.098893e+01,2.098203e+01,2.093377e+01,2.103027e+01,2.098893e+01,2.100960e+01,2.105094e+01,2.100271e+01,2.115420e+01,2.110602e+01,2.103027e+01,2.110602e+01,2.103027e+01,2.098893e+01,2.106471e+01,2.097514e+01,2.093377e+01,2.109225e+01,2.103027e+01,2.111291e+01,2.103716e+01,2.107848e+01,2.094067e+01,2.095446e+01,2.107160e+01,2.104405e+01,2.103027e+01,2.109225e+01,2.105782e+01,2.086479e+01,2.077505e+01,2.041526e+01,2.029736e+01,2.015153e+01,2.001244e+01,1.989407e+01,1.978253e+01,1.980345e+01,1.980345e+01,1.980345e+01,1.978950e+01,1.982437e+01,1.968483e+01,1.978950e+01,1.978253e+01,1.980345e+01,1.979647e+01,1.979647e+01,1.976858e+01,1.967785e+01,1.976858e+01,1.974067e+01,1.971973e+01,1.971973e+01,1.981740e+01,1.978253e+01,1.978950e+01,1.978253e+01,1.969181e+01,1.962197e+01,1.968483e+01,1.974067e+01,1.985225e+01,1.986619e+01,1.976160e+01,1.980345e+01,1.979647e+01,1.980345e+01,1.981042e+01,1.976858e+01,1.974764e+01,1.967086e+01,1.972671e+01,1.976160e+01,1.971275e+01,1.972671e+01,1.971275e+01,1.970577e+01,1.971275e+01,1.974067e+01,1.960800e+01,1.969181e+01,1.970577e+01,1.969879e+01,1.969181e+01,1.968483e+01,1.969181e+01,1.961498e+01,1.962896e+01,1.970577e+01,1.975462e+01,1.969879e+01,1.970577e+01,1.964991e+01,1.971973e+01,1.974764e+01,1.974067e+01,1.977555e+01,1.967785e+01,1.970577e+01,1.969181e+01,1.965689e+01,1.971275e+01,1.971275e+01,1.963594e+01,1.956606e+01,1.961498e+01,1.958004e+01,1.958004e+01,1.958703e+01,1.955208e+01,1.963594e+01,1.952411e+01,1.967086e+01,1.964293e+01,1.971275e+01,1.969879e+01,1.972671e+01,1.974067e+01,1.978253e+01,1.955208e+01,1.968483e+01,1.974067e+01,1.983134e+01,1.974764e+01,1.980345e+01,1.976858e+01,1.972671e+01,1.978253e+01,1.964991e+01,1.981740e+01,1.971275e+01,1.973369e+01,1.970577e+01,1.972671e+01,1.976160e+01,1.976160e+01,1.973369e+01,1.977555e+01,1.971973e+01,1.969879e+01,1.985922e+01,1.985922e+01,1.977555e+01,1.963594e+01,1.974067e+01,1.967086e+01,1.969879e+01,1.971973e+01,1.970577e+01,1.969879e+01,1.964991e+01,1.971275e+01,1.985225e+01,1.989407e+01,2.026266e+01,2.050533e+01,2.056763e+01,2.067831e+01,2.060915e+01,2.065065e+01,2.071287e+01,2.066448e+01,2.071287e+01,2.084409e+01,2.086479e+01,2.077505e+01,2.071287e+01,2.025571e+01,1.992193e+01,1.986619e+01,1.984528e+01,1.989407e+01,1.980345e+01,1.974067e+01,1.978950e+01,1.971275e+01,1.976160e+01,1.977555e+01,1.977555e+01,1.975462e+01,1.979647e+01,1.969879e+01,1.976160e+01,1.973369e+01,1.967785e+01,1.967785e+01,1.973369e+01,1.987316e+01,1.972671e+01,1.978950e+01,1.975462e+01,1.968483e+01,1.983134e+01,1.983831e+01,1.975462e+01,1.973369e+01,1.979647e+01,1.980345e+01,1.976858e+01,1.978253e+01,1.977555e+01,1.976160e+01,1.969181e+01,1.972671e+01,1.970577e+01,1.972671e+01,1.978253e+01,1.974764e+01,1.980345e+01,1.978253e+01,1.971275e+01,1.968483e+01,1.979647e+01,1.982437e+01,1.974764e+01,1.987316e+01,2.008201e+01,2.013763e+01,2.043605e+01,2.048455e+01,2.064374e+01,2.054687e+01,2.060223e+01,2.060915e+01,2.050533e+01,2.047762e+01,2.051225e+01,2.061607e+01,2.065065e+01,2.073360e+01,2.071978e+01,2.053303e+01,2.069213e+01,2.047762e+01,2.065065e+01,2.062299e+01,2.063682e+01,2.067831e+01,2.059531e+01,2.074051e+01,2.075432e+01,2.074742e+01,2.067831e+01,2.067139e+01,2.075432e+01,2.068522e+01,2.062299e+01,2.069213e+01,2.068522e+01,2.069213e+01,2.069213e+01,2.071978e+01,2.071978e+01,2.073360e+01,2.070596e+01,2.075432e+01,2.071978e+01,2.071287e+01,2.058148e+01,2.057456e+01,2.058840e+01,2.060223e+01,2.052610e+01,2.059531e+01,2.062299e+01,2.062990e+01,2.062299e+01,2.060223e+01,2.059531e+01,2.062990e+01,2.063682e+01,2.055379e+01,2.065757e+01,2.065757e+01,2.073360e+01,2.067831e+01,2.070596e+01,2.073360e+01,2.065757e+01,2.067139e+01,2.071978e+01,2.056071e+01,2.068522e+01,2.065065e+01,2.067831e+01,2.079576e+01,2.070596e+01,2.071287e+01,2.073360e+01,2.070596e+01,2.069905e+01,2.068522e+01,2.084409e+01,2.080267e+01,2.072669e+01,2.073360e+01,2.067139e+01,2.073360e+01,2.076123e+01,2.067139e+01,2.084409e+01,2.091308e+01,2.078195e+01,2.081648e+01,2.076123e+01,2.080957e+01,2.078886e+01,2.075432e+01,2.088549e+01,2.082338e+01,2.083028e+01,2.087859e+01,2.080267e+01,2.085099e+01,2.088549e+01,2.085789e+01,2.084409e+01,2.087859e+01,2.089929e+01,2.084409e+01,2.095446e+01,2.088549e+01,2.083719e+01,2.088549e+01,2.089239e+01,2.096135e+01,2.091308e+01,2.087169e+01,2.087859e+01,2.087169e+01,2.083719e+01,2.096135e+01,2.080267e+01,2.095446e+01,2.083719e+01,2.085789e+01,2.078886e+01,2.085099e+01,2.085099e+01,2.082338e+01,2.083028e+01,2.090619e+01,2.107848e+01,2.120235e+01,2.164841e+01,2.205843e+01,2.258222e+01,2.327199e+01,2.382318e+01,2.434478e+01,2.443146e+01,2.471766e+01,2.481731e+01,2.490360e+01,2.508259e+01,2.489697e+01,2.492351e+01,2.487042e+01,2.477747e+01,2.469772e+01,2.464452e+01,2.457799e+01,2.454471e+01,2.434478e+01,2.415116e+01,2.411106e+01,2.396387e+01,2.364873e+01,2.357483e+01,2.306960e+01,2.279912e+01,2.277203e+01,2.223560e+01,2.208571e+01,2.184679e+01,2.171002e+01,2.155250e+01,2.147708e+01,2.138788e+01,2.117484e+01,2.120923e+01,2.120923e+01,2.119548e+01,2.125736e+01,2.120235e+01,2.120923e+01,2.110602e+01,2.116108e+01,2.107848e+01,2.105782e+01,2.120235e+01,2.116108e+01,2.107160e+01,2.111979e+01,2.110602e+01,2.109914e+01,2.098893e+01,2.107160e+01,2.114732e+01,2.114044e+01,2.114044e+01,2.098203e+01,2.097514e+01,2.107160e+01,2.103716e+01,2.105782e+01,2.102338e+01,2.096825e+01,2.097514e+01,2.094757e+01,2.097514e+01,2.096135e+01,2.100271e+01,2.094067e+01,2.096825e+01,2.105782e+01,2.094757e+01,2.097514e+01,2.097514e+01,2.096135e+01,2.107160e+01,2.104405e+01,2.099582e+01,2.104405e+01,2.089239e+01,2.100960e+01,2.105094e+01,2.099582e+01,2.101649e+01,2.104405e+01,2.114732e+01,2.116108e+01,2.114044e+01,2.111291e+01,2.108537e+01,2.105094e+01,2.106471e+01,2.116796e+01,2.118860e+01,2.106471e+01,2.100960e+01,2.102338e+01,2.105094e+01,2.103716e+01,2.103716e+01,2.104405e+01,2.100271e+01,2.103716e+01,2.101649e+01,2.100271e+01,2.100960e+01,2.114044e+01,2.124361e+01,2.109914e+01,2.107848e+01,2.116796e+01,2.110602e+01,2.101649e+01,2.106471e+01,2.102338e+01,2.104405e+01,2.116108e+01,2.114732e+01,2.121611e+01,2.111291e+01,2.109914e+01,2.111291e+01,2.116108e+01,2.111979e+01,2.116796e+01,2.109914e+01,2.122986e+01,2.117484e+01,2.116796e+01,2.115420e+01,2.109914e+01,2.110602e+01,2.109225e+01,2.109914e+01,2.111291e+01,2.108537e+01,2.111979e+01,2.109225e+01,2.114732e+01,2.112667e+01,2.117484e+01,2.116108e+01,2.119548e+01,2.117484e+01,2.121611e+01,2.102338e+01,2.109914e+01,2.103716e+01,2.113355e+01,2.110602e+01,2.115420e+01,2.111979e+01,2.105782e+01,2.123674e+01,2.116108e+01,2.118172e+01,2.112667e+01,2.118860e+01,2.103716e+01,2.107160e+01,2.111291e+01,2.105094e+01,2.109914e+01,2.111291e+01,2.118860e+01,2.109225e+01,2.112667e+01,2.118860e+01,2.122298e+01,2.122298e+01,2.119548e+01,2.109914e+01,2.112667e+01,2.114044e+01
2.113355e+01,2.113355e+01,2.114732e+01,2.113355e+01,2.110602e+01,2.117484e+01,2.116108e+01,2.104405e+01,2.112667e+01,2.106471e+01,2.111979e+01,2.132607e+01,2.127798e+01,2.126423e+01,2.138101e+01,2.111291e+01,2.109225e+01,2.112667e+01,2.109225e+01,2.115420e+01,2.115420e+01,2.111291e+01,2.109914e+01,2.111291e+01,2.115420e+01,2.114044e+01,2.117484e+01,2.111291e+01,2.116108e+01,2.117484e+01,2.114044e+01,2.118172e+01,2.114044e+01,2.122986e+01,2.121611e+01,2.107848e+01,2.122986e+01,2.120923e+01,2.114732e+01,2.107160e+01,2.127110e+01,2.127798e+01,2.109225e+01,2.114044e+01,2.118860e+01,2.113355e+01,2.121611e+01,2.121611e+01,2.129172e+01,2.118860e+01,2.133294e+01,2.125048e+01,2.123674e+01,2.116796e+01,2.124361e+01,2.122298e+01,2.108537e+01,2.117484e+01,2.117484e+01,2.107160e+01,2.104405e+01,2.127110e+01,2.116796e+01,2.117484e+01,2.121611e+01,2.121611e+01,2.120923e+01,2.122298e+01,2.118172e+01,2.116108e+01,2.116796e+01,2.123674e+01,2.115420e+01,2.118172e+01,2.127798e+01,2.111979e+01,2.116796e+01,2.120235e+01,2.116108e+01,2.105782e+01,2.115420e+01,2.111291e+01,2.111291e+01,2.116108e+01,2.098893e+01,2.107848e+01,2.116108e+01,2.104405e+01,2.109914e+01,2.107160e+01,2.108537e+01,2.107848e+01,2.110602e+01,2.109225e+01,2.119548e+01,2.115420e+01,2.107848e+01,2.102338e+01,2.096135e+01,2.097514e+01,2.093377e+01,2.096135e+01,2.104405e+01,2.100960e+01,2.108537e+01,2.101649e+01,2.098893e+01,2.096135e+01,2.099582e+01,2.098203e+01,2.100271e+01,2.105782e+01,2.098203e+01,2.098203e+01,2.099582e+01,2.098203e+01,2.100271e+01,2.099582e+01,2.102338e+01,2.109914e+01,2.101649e+01,2.103027e+01,2.114044e+01,2.099582e+01,2.104405e+01,2.098893e+01,2.107160e+01,2.103716e+01,2.105094e+01,2.108537e+01,2.103716e+01,2.113355e+01,2.113355e+01,2.107160e+01,2.103027e+01,2.106471e+01,2.104405e+01,2.105782e+01,2.109914e+01,2.107160e+01,2.102338e+01,2.103716e+01,2.109225e+01,2.108537e+01,2.103027e+01,2.107160e+01,2.107848e+01,2.103716e+01,2.094067e+01,2.065065e+01,2.050533e+01,2.035980e+01,2.017932e+01,2.004027e+01,1.997068e+01,1.978950e+01,1.978253e+01,1.981042e+01,1.974067e+01,1.978950e+01,1.981740e+01,1.977555e+01,1.969879e+01,1.974764e+01,1.976858e+01,1.977555e+01,1.970577e+01,1.964293e+01,1.974764e+01,1.966388e+01,1.968483e+01,1.969879e+01,1.967086e+01,1.971973e+01,1.976160e+01,1.960800e+01,1.974764e+01,1.976858e+01,1.971275e+01,1.971973e+01,1.977555e+01,1.976160e+01,1.975462e+01,1.974067e+01,1.976160e+01,1.983831e+01,1.980345e+01,1.983831e+01,1.981042e+01,1.976160e+01,1.965689e+01,1.968483e+01,1.978950e+01,1.974067e+01,1.971973e+01,1.975462e+01,1.971275e+01,1.971973e+01,1.972671e+01,1.974067e+01,1.970577e+01,1.969879e+01,1.971973e+01,1.983134e+01,1.984528e+01,1.970577e+01,1.969879e+01,1.964293e+01,1.962896e+01,1.970577e+01,1.967086e+01,1.969879e+01,1.967086e+01,1.966388e+01,1.975462e+01,1.967086e+01,1.960800e+01,1.980345e+01,1.968483e+01,1.970577e+01,1.968483e+01,1.969181e+01,1.971275e+01,1.967785e+01,1.976160e+01,1.958703e+01,1.957305e+01,1.959402e+01,1.955208e+01,1.963594e+01,1.962896e+01,1.958004e+01,1.960101e+01,1.961498e+01,1.961498e+01,1.976160e+01,1.984528e+01,1.967785e+01,1.971275e+01,1.981740e+01,1.978950e+01,1.974764e+01,1.980345e+01,1.977555e+01,1.969181e+01,1.974067e+01,1.969879e+01,1.973369e+01,1.974764e+01,1.975462e+01,1.979647e+01,1.973369e+01,1.968483e+01,1.970577e+01,1.974764e+01,1.972671e+01,1.972671e+01,1.976858e+01,1.977555e+01,1.977555e+01,1.966388e+01,1.983134e+01,1.964293e+01,1.985922e+01,1.967086e+01,1.968483e+01,1.969879e+01,1.968483e+01,1.969879e+01,1.962896e+01,1.973369e+01,1.969879e+01,1.964991e+01,1.982437e+01,1.983831e+01,2.006810e+01,2.042912e+01,2.045684e+01,2.061607e+01,2.066448e+01,2.064374e+01,2.063682e+01,2.067831e+01,2.067831e+01,2.068522e+01,2.091998e+01,2.072669e+01,2.072669e+01,2.038753e+01,2.023489e+01,1.990800e+01,1.980345e+01,1.984528e+01,1.981740e+01,1.983134e+01,1.978950e+01,1.976858e+01,1.978253e+01,1.983134e+01,1.978253e+01,1.974764e+01,1.975462e+01,1.974067e+01,1.976858e+01,1.981740e+01,1.971973e+01,1.971973e+01,1.973369e+01,1.973369e+01,1.971973e+01,1.972671e+01,1.964991e+01,1.974067e+01,1.976858e+01,1.971973e+01,1.969879e+01,1.978950e+01,1.983831e+01,1.976160e+01,1.976160e+01,1.978253e+01,1.974067e+01,1.977555e+01,1.977555e+01,1.974764e+01,1.972671e+01,1.970577e+01,1.970577e+01,1.976858e+01,1.969879e+01,1.974764e+01,1.964991e+01,1.974764e+01,1.976160e+01,1.974764e+01,1.975462e+01,1.979647e+01,1.992890e+01,1.993586e+01,2.035286e+01,2.051225e+01,2.051225e+01,2.056071e+01,2.058840e+01,2.060223e+01,2.051225e+01,2.051225e+01,2.047070e+01,2.064374e+01,2.051918e+01,2.065757e+01,2.060915e+01,2.051918e+01,2.063682e+01,2.062299e+01,2.063682e+01,2.075432e+01,2.060223e+01,2.059531e+01,2.058840e+01,2.067139e+01,2.062299e+01,2.071978e+01,2.063682e+01,2.069213e+01,2.072669e+01,2.074051e+01,2.065065e+01,2.068522e+01,2.065065e+01,2.068522e+01,2.068522e+01,2.062990e+01,2.063682e+01,2.061607e+01,2.048455e+01,2.072669e+01,2.061607e+01,2.064374e+01,2.056071e+01,2.060915e+01,2.065757e+01,2.055379e+01,2.057456e+01,2.067139e+01,2.053303e+01,2.065757e+01,2.067831e+01,2.060915e+01,2.074742e+01,2.060223e+01,2.059531e+01,2.059531e+01,2.061607e+01,2.069905e+01,2.063682e+01,2.065757e+01,2.065065e+01,2.065065e+01,2.069213e+01,2.054687e+01,2.069213e+01,2.065757e+01,2.065065e+01,2.069213e+01,2.078886e+01,2.068522e+01,2.077505e+01,2.079576e+01,2.067139e+01,2.076123e+01,2.077505e+01,2.063682e+01,2.080957e+01,2.079576e+01,2.071287e+01,2.072669e+01,2.076123e+01,2.076123e+01,2.079576e+01,2.077505e+01,2.087169e+01,2.094757e+01,2.080957e+01,2.083028e+01,2.078886e+01,2.078195e+01,2.085099e+01,2.072669e+01,2.087169e+01,2.086479e+01,2.089239e+01,2.089929e+01,2.095446e+01,2.082338e+01,2.083028e+01,2.083028e+01,2.085789e+01,2.088549e+01,2.082338e+01,2.094067e+01,2.089929e+01,2.081648e+01,2.088549e+01,2.092688e+01,2.091998e+01,2.096135e+01,2.086479e+01,2.089929e+01,2.087169e+01,2.089239e+01,2.088549e+01,2.089929e+01,2.085099e+01,2.090619e+01,2.090619e+01,2.089239e+01,2.086479e+01,2.084409e+01,2.085789e+01,2.080957e+01,2.083719e+01,2.105094e+01,2.105094e+01,2.134668e+01,2.168949e+01,2.205843e+01,2.255508e+01,2.308985e+01,2.382989e+01,2.407093e+01,2.447145e+01,2.473760e+01,2.503622e+01,2.487706e+01,2.493014e+01,2.492351e+01,2.489033e+01,2.485051e+01,2.505610e+01,2.486379e+01,2.479739e+01,2.461791e+01,2.447145e+01,2.440480e+01,2.437813e+01,2.407762e+01,2.403749e+01,2.376954e+01,2.357483e+01,2.333936e+01,2.308985e+01,2.302231e+01,2.253472e+01,2.220155e+01,2.192194e+01,2.188096e+01,2.168264e+01,2.148394e+01,2.130546e+01,2.132607e+01,2.127110e+01,2.123674e+01,2.131920e+01,2.113355e+01,2.111979e+01,2.121611e+01,2.112667e+01,2.110602e+01,2.111291e+01,2.120923e+01,2.108537e+01,2.113355e+01,2.109225e+01,2.111291e+01,2.109225e+01,2.108537e+01,2.114044e+01,2.113355e+01,2.116108e+01,2.113355e+01,2.113355e+01,2.102338e+01,2.108537e+01,2.100960e+01,2.098203e+01,2.096825e+01,2.092688e+01,2.101649e+01,2.096135e+01,2.090619e+01,2.098203e+01,2.097514e+01,2.096825e+01,2.094067e+01,2.098203e+01,2.106471e+01,2.103716e+01,2.098893e+01,2.105782e+01,2.098893e+01,2.098893e+01,2.104405e+01,2.105782e+01,2.098203e+01,2.106471e+01,2.102338e+01,2.098203e+01,2.098203e+01,2.102338e+01,2.100960e+01,2.105094e+01,2.116796e+01,2.105782e+01,2.105782e+01,2.105782e+01,2.106471e+01,2.107160e+01,2.107160e+01,2.094067e+01,2.107160e+01,2.106471e+01,2.102338e+01,2.107160e+01,2.109225e+01,2.109225e+01,2.104405e+01,2.099582e+01,2.101649e+01,2.111291e+01,2.113355e+01,2.105094e+01,2.104405e+01,2.111979e+01,2.092688e+01,2.116108e+01,2.117484e+01,2.105782e+01,2.108537e+01,2.112667e+01,2.108537e+01,2.125736e+01,2.108537e+01,2.109225e+01,2.107848e+01,2.111979e+01,2.111291e+01,2.109914e+01,2.112667e+01,2.105094e+01,2.103027e+01,2.114044e+01,2.118860e+01,2.111291e+01,2.114732e+01,2.103716e+01,2.114044e+01,2.110602e+01,2.113355e+01,2.116108e+01,2.114044e+01,2.114732e+01,2.107160e+01,2.116108e+01,2.112667e+01,2.111291e+01,2.115420e+01,2.117484e+01,2.116108e+01,2.114732e+01,2.118172e+01,2.104405e+01,2.116108e+01,2.118860e+01,2.116796e+01,2.131233e+01,2.132607e+01,2.115420e+01,2.115420e+01,2.118172e+01,2.113355e+01,2.115420e+01,2.135355e+01,2.127798e+01,2.103716e+01,2.107160e+01,2.120235e+01,2.107160e+01,2.103027e+01,2.094757e+01,2.109225e+01,2.112667e+01,2.098203e+01,2.113355e+01,2.116108e+01,2.110602e+01,2.109914e+01,2.104405e+01,2.111979e+01,2.114044e+01
2.114732e+01,2.114044e+01,2.116796e+01,2.108537e+01,2.118860e+01,2.111291e+01,2.123674e+01,2.118860e+01,2.111291e+01,2.120235e+01,2.113355e+01,2.117484e+01,2.117484e+01,2.116796e+01,2.116796e+01,2.114732e+01,2.116796e+01,2.118860e+01,2.118172e+01,2.114732e+01,2.114044e+01,2.113355e+01,2.114732e+01,2.115420e+01,2.118172e+01,2.111979e+01,2.112667e+01,2.122986e+01,2.122298e+01,2.118172e+01,2.122986e+01,2.111979e+01,2.122986e+01,2.109225e+01,2.124361e+01,2.120923e+01,2.112667e+01,2.110602e+01,2.123674e+01,2.113355e+01,2.111291e+01,2.111291e+01,2.120923e+01,2.127798e+01,2.119548e+01,2.128485e+01,2.115420e+01,2.114732e+01,2.119548e+01,2.119548e+01,2.115420e+01,2.122298e+01,2.118172e+01,2.123674e+01,2.111979e+01,2.111291e+01,2.138788e+01,2.109914e+01,2.125048e+01,2.111291e+01,2.113355e+01,2.101649e+01,2.125048e+01,2.114044e+01,2.122986e+01,2.121611e+01,2.098893e+01,2.122986e+01,2.123674e+01,2.117484e+01,2.118860e+01,2.113355e+01,2.114732e+01,2.118860e+01,2.114044e+01,2.109914e+01,2.112667e+01,2.116108e+01,2.116796e+01,2.105094e+01,2.114732e+01,2.113355e+01,2.106471e+01,2.110602e+01,2.101649e+01,2.114732e+01,2.115420e+01,2.095446e+01,2.111979e+01,2.108537e+01,2.091998e+01,2.105782e+01,2.100271e+01,2.110602e+01,2.107848e+01,2.108537e+01,2.099582e+01,2.104405e+01,2.096135e+01,2.103716e+01,2.096825e+01,2.092688e+01,2.105094e+01,2.102338e+01,2.104405e+01,2.100960e+01,2.099582e+01,2.102338e+01,2.100271e+01,2.105782e+01,2.105094e+01,2.109914e+01,2.098893e+01,2.110602e+01,2.098893e+01,2.105782e+01,2.102338e+01,2.102338e+01,2.102338e+01,2.106471e+01,2.107160e+01,2.107848e+01,2.109225e+01,2.096135e+01,2.093377e+01,2.107160e+01,2.100960e+01,2.103027e+01,2.100960e+01,2.126423e+01,2.112667e+01,2.103716e+01,2.103716e+01,2.098893e+01,2.108537e+01,2.104405e+01,2.107848e+01,2.105782e+01,2.103027e+01,2.109914e+01,2.113355e+01,2.110602e+01,2.117484e+01,2.114044e+01,2.103027e+01,2.111979e+01,2.100271e+01,2.099582e+01,2.068522e+01,2.058840e+01,2.036673e+01,2.030430e+01,2.004723e+01,1.973369e+01,1.981740e+01,1.972671e+01,1.981042e+01,1.983134e+01,1.973369e+01,1.974067e+01,1.975462e+01,1.979647e+01,1.973369e+01,1.974764e+01,1.973369e+01,1.977555e+01,1.972671e+01,1.965689e+01,1.964991e+01,1.967086e+01,1.973369e+01,1.968483e+01,1.967785e+01,1.972671e+01,1.967086e+01,1.978253e+01,1.976858e+01,1.973369e+01,1.975462e+01,1.969879e+01,1.978950e+01,1.964293e+01,1.969181e+01,1.974764e+01,1.971275e+01,1.970577e+01,1.975462e+01,1.975462e+01,1.979647e+01,1.976858e+01,1.964293e+01,1.969181e+01,1.972671e+01,1.970577e+01,1.967785e+01,1.980345e+01,1.971275e+01,1.964991e+01,1.964293e+01,1.972671e+01,1.952411e+01,1.968483e+01,1.963594e+01,1.964293e+01,1.964293e+01,1.964293e+01,1.959402e+01,1.961498e+01,1.959402e+01,1.962896e+01,1.960101e+01,1.961498e+01,1.974067e+01,1.976160e+01,1.976160e+01,1.969879e+01,1.971275e+01,1.972671e+01,1.969879e+01,1.970577e+01,1.967086e+01,1.962896e+01,1.960800e+01,1.960800e+01,1.969879e+01,1.969181e+01,1.958703e+01,1.964293e+01,1.962197e+01,1.959402e+01,1.962197e+01,1.961498e+01,1.962896e+01,1.955208e+01,1.964293e+01,1.962197e+01,1.970577e+01,1.969181e+01,1.974067e+01,1.970577e+01,1.969879e+01,1.967785e+01,1.981740e+01,1.981740e+01,1.984528e+01,1.970577e+01,1.974764e+01,1.976160e+01,1.967785e+01,1.973369e+01,1.980345e+01,1.970577e+01,1.973369e+01,1.977555e+01,1.976160e+01,1.962896e+01,1.972671e+01,1.973369e+01,1.976160e+01,1.974764e+01,1.979647e+01,1.979647e+01,1.986619e+01,1.974067e+01,1.966388e+01,1.971275e+01,1.973369e+01,1.971275e+01,1.970577e+01,1.972671e+01,1.974067e+01,1.971275e+01,1.969879e+01,1.973369e+01,1.985922e+01,2.006810e+01,2.019321e+01,2.040140e+01,2.063682e+01,2.058148e+01,2.060915e+01,2.068522e+01,2.062299e+01,2.065757e+01,2.076814e+01,2.087859e+01,2.084409e+01,2.072669e+01,2.065065e+01,2.040140e+01,2.013763e+01,1.990800e+01,1.985922e+01,1.985922e+01,1.977555e+01,1.989407e+01,1.982437e+01,1.981042e+01,1.978253e+01,1.971275e+01,1.971973e+01,1.976858e+01,1.976858e+01,1.975462e+01,1.969879e+01,1.988710e+01,1.969879e+01,1.974764e+01,1.986619e+01,1.975462e+01,1.983831e+01,1.968483e+01,1.970577e+01,1.969181e+01,1.978253e+01,1.975462e+01,1.980345e+01,1.971275e+01,1.983134e+01,1.975462e+01,1.979647e+01,1.980345e+01,1.976858e+01,1.978253e+01,1.974067e+01,1.976160e+01,1.975462e+01,1.971275e+01,1.974067e+01,1.965689e+01,1.964293e+01,1.970577e+01,1.978253e+01,1.999156e+01,1.978950e+01,1.978253e+01,1.970577e+01,1.983134e+01,1.987316e+01,2.002636e+01,2.010982e+01,2.051918e+01,2.051225e+01,2.051918e+01,2.042912e+01,2.051918e+01,2.051225e+01,2.044991e+01,2.059531e+01,2.042219e+01,2.052610e+01,2.040140e+01,2.053303e+01,2.062299e+01,2.056763e+01,2.052610e+01,2.066448e+01,2.076123e+01,2.062990e+01,2.058840e+01,2.059531e+01,2.060915e+01,2.058840e+01,2.064374e+01,2.069213e+01,2.074051e+01,2.070596e+01,2.066448e+01,2.061607e+01,2.074051e+01,2.067831e+01,2.067831e+01,2.053303e+01,2.069213e+01,2.071978e+01,2.054687e+01,2.051918e+01,2.062990e+01,2.065757e+01,2.059531e+01,2.058840e+01,2.059531e+01,2.056071e+01,2.051918e+01,2.061607e+01,2.062299e+01,2.060915e+01,2.054687e+01,2.058840e+01,2.058148e+01,2.060915e+01,2.065757e+01,2.068522e+01,2.069905e+01,2.065065e+01,2.057456e+01,2.057456e+01,2.060915e+01,2.069213e+01,2.059531e+01,2.060915e+01,2.071287e+01,2.061607e+01,2.062990e+01,2.064374e+01,2.065065e+01,2.061607e+01,2.066448e+01,2.068522e+01,2.069213e+01,2.074051e+01,2.078195e+01,2.062299e+01,2.069213e+01,2.075432e+01,2.073360e+01,2.075432e+01,2.077505e+01,2.079576e+01,2.077505e+01,2.078886e+01,2.079576e+01,2.083719e+01,2.091998e+01,2.082338e+01,2.083719e+01,2.081648e+01,2.086479e+01,2.078886e+01,2.091998e+01,2.080267e+01,2.086479e+01,2.080267e+01,2.083719e+01,2.080267e+01,2.087169e+01,2.080957e+01,2.080957e+01,2.094757e+01,2.085789e+01,2.086479e+01,2.089239e+01,2.091998e+01,2.091998e+01,2.090619e+01,2.085099e+01,2.083028e+01,2.087859e+01,2.088549e+01,2.091998e+01,2.087169e+01,2.092688e+01,2.090619e+01,2.094067e+01,2.080267e+01,2.084409e+01,2.082338e+01,2.086479e+01,2.085789e+01,2.085099e+01,2.084409e+01,2.098893e+01,2.100960e+01,2.098203e+01,2.122986e+01,2.135355e+01,2.183312e+01,2.255508e+01,2.313035e+01,2.345380e+01,2.405087e+01,2.436479e+01,2.467113e+01,2.493014e+01,2.487706e+01,2.490360e+01,2.500971e+01,2.495667e+01,2.489033e+01,2.498982e+01,2.468442e+01,2.479075e+01,2.460461e+01,2.461791e+01,2.459795e+01,2.431810e+01,2.423132e+01,2.403080e+01,2.392369e+01,2.376283e+01,2.351434e+01,2.307635e+01,2.300880e+01,2.258901e+01,2.249398e+01,2.220836e+01,2.196973e+01,2.178527e+01,2.144964e+01,2.138788e+01,2.140161e+01,2.121611e+01,2.116108e+01,2.125736e+01,2.116796e+01,2.109914e+01,2.118172e+01,2.109225e+01,2.103027e+01,2.110602e+01,2.116796e+01,2.112667e+01,2.131920e+01,2.108537e+01,2.108537e+01,2.111291e+01,2.110602e+01,2.102338e+01,2.110602e+01,2.100271e+01,2.112667e+01,2.105094e+01,2.103716e+01,2.098893e+01,2.097514e+01,2.100960e+01,2.103716e+01,2.094757e+01,2.099582e+01,2.098893e+01,2.099582e+01,2.097514e+01,2.106471e+01,2.100960e+01,2.100271e+01,2.098203e+01,2.102338e+01,2.094067e+01,2.099582e+01,2.103027e+01,2.096135e+01,2.098893e+01,2.096825e+01,2.105782e+01,2.105782e+01,2.094757e+01,2.094757e+01,2.096135e+01,2.087859e+01,2.099582e+01,2.096825e+01,2.102338e+01,2.109225e+01,2.106471e+01,2.103716e+01,2.101649e+01,2.104405e+01,2.112667e+01,2.112667e+01,2.110602e+01,2.107848e+01,2.108537e+01,2.107848e+01,2.110602e+01,2.108537e+01,2.103716e+01,2.102338e+01,2.102338e+01,2.099582e+01,2.111979e+01,2.104405e+01,2.103716e+01,2.109914e+01,2.088549e+01,2.097514e+01,2.112667e+01,2.107848e+01,2.116796e+01,2.109914e+01,2.107160e+01,2.110602e+01,2.109914e+01,2.114044e+01,2.109225e+01,2.114732e+01,2.099582e+01,2.115420e+01,2.102338e+01,2.106471e+01,2.105094e+01,2.102338e+01,2.116108e+01,2.110602e+01,2.108537e+01,2.110602e+01,2.110602e+01,2.098893e+01,2.108537e+01,2.108537e+01,2.109225e+01,2.109914e+01,2.109914e+01,2.113355e+01,2.113355e+01,2.113355e+01,2.103716e+01,2.110602e+01,2.107848e+01,2.111979e+01,2.114732e+01,2.113355e+01,2.118860e+01,2.114732e+01,2.109225e+01,2.109225e+01,2.107848e+01,2.116108e+01,2.117484e+01,2.103716e+01,2.118172e+01,2.120923e+01,2.116108e+01,2.101649e+01,2.103716e+01,2.119548e+01,2.104405e+01,2.103716e+01,2.103716e+01,2.112667e+01,2.119548e+01,2.109225e+01,2.109225e+01,2.100960e+01,2.118860e+01,2.118172e+01,2.110602e+01,2.121611e+01,2.106471e+01,2.105094e+01,2.114044e+01
2.122986e+01,2.114732e+01,2.116108e+01,2.111979e+01,2.114732e+01,2.123674e+01,2.111291e+01,2.123674e+01,2.113355e+01,2.114044e+01,2.113355e+01,2.114732e+01,2.114732e+01,2.117484e+01,2.114044e+01,2.132607e+01,2.114732e+01,2.114732e+01,2.112667e+01,2.120923e+01,2.109914e+01,2.112667e+01,2.117484e+01,2.114044e+01,2.115420e+01,2.107848e+01,2.116796e+01,2.117484e+01,2.118172e+01,2.109914e+01,2.111291e+01,2.103716e+01,2.113355e+01,2.123674e+01,2.123674e+01,2.116108e+01,2.115420e+01,2.114732e+01,2.108537e+01,2.118172e+01,2.110602e+01,2.125048e+01,2.118172e+01,2.117484e+01,2.117484e+01,2.114732e+01,2.114732e+01,2.114044e+01,2.114044e+01,2.114732e+01,2.128485e+01,2.122298e+01,2.133981e+01,2.118172e+01,2.106471e+01,2.117484e+01,2.107160e+01,2.127110e+01,2.123674e+01,2.114044e+01,2.131920e+01,2.115420e+01,2.124361e+01,2.118860e+01,2.120923e+01,2.117484e+01,2.121611e+01,2.120923e+01,2.120235e+01,2.119548e+01,2.116108e+01,2.115420e+01,2.118172e+01,2.109225e+01,2.103716e+01,2.103027e+01,2.119548e+01,2.119548e+01,2.109914e+01,2.120923e+01,2.105782e+01,2.118172e+01,2.108537e+01,2.114044e+01,2.101649e+01,2.117484e+01,2.108537e+01,2.098893e+01,2.109225e+01,2.098893e+01,2.108537e+01,2.096825e+01,2.105094e+01,2.106471e+01,2.105782e+01,2.110602e+01,2.105094e+01,2.105782e+01,2.100271e+01,2.098893e+01,2.094757e+01,2.104405e+01,2.097514e+01,2.102338e+01,2.099582e+01,2.102338e+01,2.104405e+01,2.100271e+01,2.105094e+01,2.104405e+01,2.100960e+01,2.105094e+01,2.101649e+01,2.112667e+01,2.098893e+01,2.110602e+01,2.100271e+01,2.102338e+01,2.103027e+01,2.105094e+01,2.102338e+01,2.097514e+01,2.094757e+01,2.105094e+01,2.094757e+01,2.104405e+01,2.097514e+01,2.108537e+01,2.102338e+01,2.098203e+01,2.108537e+01,2.105782e+01,2.103027e+01,2.105782e+01,2.100960e+01,2.115420e+01,2.091998e+01,2.107160e+01,2.110602e+01,2.108537e+01,2.111291e+01,2.111291e+01,2.113355e+01,2.116108e+01,2.111979e+01,2.105782e+01,2.102338e+01,2.096825e+01,2.063682e+01,2.041526e+01,2.017932e+01,2.001244e+01,1.986619e+01,1.971275e+01,1.975462e+01,1.985922e+01,1.970577e+01,1.977555e+01,1.976160e+01,1.976160e+01,1.970577e+01,1.972671e+01,1.972671e+01,1.967086e+01,1.975462e+01,1.972671e+01,1.970577e+01,1.962197e+01,1.968483e+01,1.959402e+01,1.971973e+01,1.968483e+01,1.967086e+01,1.969181e+01,1.967785e+01,1.969181e+01,1.973369e+01,1.972671e+01,1.970577e+01,1.975462e+01,1.967785e+01,1.965689e+01,1.969181e+01,1.965689e+01,1.969879e+01,1.971275e+01,1.978253e+01,1.976160e+01,1.972671e+01,1.974764e+01,1.967785e+01,1.971275e+01,1.971275e+01,1.977555e+01,1.971973e+01,1.973369e+01,1.969879e+01,1.967785e+01,1.971275e+01,1.971275e+01,1.956606e+01,1.960101e+01,1.960800e+01,1.956606e+01,1.966388e+01,1.969181e+01,1.967785e+01,1.958703e+01,1.961498e+01,1.961498e+01,1.961498e+01,1.965689e+01,1.964293e+01,1.969181e+01,1.972671e+01,1.967785e+01,1.973369e+01,1.967785e+01,1.969181e+01,1.970577e+01,1.966388e+01,1.967086e+01,1.959402e+01,1.958004e+01,1.955907e+01,1.961498e+01,1.957305e+01,1.953111e+01,1.960800e+01,1.957305e+01,1.968483e+01,1.964991e+01,1.958004e+01,1.959402e+01,1.962896e+01,1.962896e+01,1.958004e+01,1.969879e+01,1.974764e+01,1.967785e+01,1.978253e+01,1.965689e+01,1.965689e+01,1.971275e+01,1.975462e+01,1.969181e+01,1.974764e+01,1.969879e+01,1.957305e+01,1.978950e+01,1.973369e+01,1.969181e+01,1.971275e+01,1.969879e+01,1.969879e+01,1.974067e+01,1.967086e+01,1.962197e+01,1.974067e+01,1.970577e+01,1.975462e+01,1.972671e+01,1.974067e+01,1.968483e+01,1.977555e+01,1.976160e+01,1.969879e+01,1.971275e+01,1.968483e+01,1.981042e+01,1.971275e+01,1.974764e+01,1.972671e+01,1.981042e+01,1.983831e+01,2.004723e+01,2.013068e+01,2.029736e+01,2.064374e+01,2.064374e+01,2.065065e+01,2.060223e+01,2.065065e+01,2.065065e+01,2.077505e+01,2.085789e+01,2.089929e+01,2.069905e+01,2.062299e+01,2.051918e+01,2.040833e+01,2.004723e+01,1.987316e+01,1.985922e+01,1.987316e+01,1.978950e+01,1.979647e+01,1.988710e+01,1.973369e+01,1.974067e+01,1.973369e+01,1.972671e+01,1.974067e+01,1.985225e+01,1.974067e+01,1.967086e+01,1.981740e+01,1.973369e+01,1.969879e+01,1.983134e+01,1.978253e+01,1.974067e+01,1.971973e+01,1.974067e+01,1.974764e+01,1.972671e+01,1.974067e+01,1.985922e+01,1.989407e+01,1.974764e+01,1.988013e+01,1.978253e+01,1.978950e+01,1.980345e+01,1.971973e+01,1.971973e+01,1.974764e+01,1.967086e+01,1.969879e+01,1.974067e+01,1.979647e+01,1.977555e+01,1.979647e+01,1.975462e+01,1.965689e+01,1.974764e+01,1.971973e+01,1.982437e+01,1.974764e+01,1.996371e+01,1.994979e+01,2.010982e+01,2.055379e+01,2.055379e+01,2.049148e+01,2.044991e+01,2.045684e+01,2.053995e+01,2.049148e+01,2.051225e+01,2.051918e+01,2.040833e+01,2.051225e+01,2.051918e+01,2.052610e+01,2.059531e+01,2.045684e+01,2.057456e+01,2.058148e+01,2.049148e+01,2.058148e+01,2.057456e+01,2.068522e+01,2.060915e+01,2.044298e+01,2.076814e+01,2.067831e+01,2.065065e+01,2.061607e+01,2.061607e+01,2.063682e+01,2.057456e+01,2.072669e+01,2.074051e+01,2.066448e+01,2.062299e+01,2.066448e+01,2.062990e+01,2.053995e+01,2.065065e+01,2.062299e+01,2.061607e+01,2.060915e+01,2.059531e+01,2.054687e+01,2.058840e+01,2.053995e+01,2.056071e+01,2.066448e+01,2.065065e+01,2.064374e+01,2.051225e+01,2.065757e+01,2.062990e+01,2.064374e+01,2.065065e+01,2.056071e+01,2.069213e+01,2.060915e+01,2.073360e+01,2.062299e+01,2.063682e+01,2.062299e+01,2.063682e+01,2.066448e+01,2.062990e+01,2.070596e+01,2.072669e+01,2.071978e+01,2.070596e+01,2.078195e+01,2.063682e+01,2.069213e+01,2.075432e+01,2.075432e+01,2.085099e+01,2.075432e+01,2.076814e+01,2.078886e+01,2.080267e+01,2.078195e+01,2.080267e+01,2.080957e+01,2.094067e+01,2.085789e+01,2.080957e+01,2.084409e+01,2.082338e+01,2.087859e+01,2.078886e+01,2.094067e+01,2.093377e+01,2.096135e+01,2.091308e+01,2.079576e+01,2.085099e+01,2.079576e+01,2.078195e+01,2.083028e+01,2.089929e+01,2.089239e+01,2.092688e+01,2.090619e+01,2.087169e+01,2.095446e+01,2.091308e+01,2.089239e+01,2.087169e+01,2.096825e+01,2.092688e+01,2.086479e+01,2.088549e+01,2.081648e+01,2.091308e+01,2.091308e+01,2.087169e+01,2.085099e+01,2.082338e+01,2.082338e+01,2.083719e+01,2.077505e+01,2.094067e+01,2.080957e+01,2.109225e+01,2.129172e+01,2.136041e+01,2.179211e+01,2.245322e+01,2.297501e+01,2.346053e+01,2.388350e+01,2.447145e+01,2.463787e+01,2.469107e+01,2.484387e+01,2.513557e+01,2.489697e+01,2.488370e+01,2.490360e+01,2.491024e+01,2.465117e+01,2.463122e+01,2.465117e+01,2.459130e+01,2.443146e+01,2.425135e+01,2.444479e+01,2.402411e+01,2.402411e+01,2.376283e+01,2.358155e+01,2.331915e+01,2.305609e+01,2.291416e+01,2.246002e+01,2.209934e+01,2.207207e+01,2.188096e+01,2.161417e+01,2.157991e+01,2.136728e+01,2.123674e+01,2.124361e+01,2.116108e+01,2.119548e+01,2.109225e+01,2.099582e+01,2.107848e+01,2.103027e+01,2.108537e+01,2.109914e+01,2.111979e+01,2.110602e+01,2.107160e+01,2.107160e+01,2.107160e+01,2.122298e+01,2.103716e+01,2.103716e+01,2.102338e+01,2.113355e+01,2.114044e+01,2.114732e+01,2.107160e+01,2.104405e+01,2.098893e+01,2.099582e+01,2.100960e+01,2.101649e+01,2.098893e+01,2.114732e+01,2.101649e+01,2.100960e+01,2.119548e+01,2.097514e+01,2.091998e+01,2.096825e+01,2.091998e+01,2.096825e+01,2.101649e+01,2.103027e+01,2.101649e+01,2.103027e+01,2.104405e+01,2.098893e+01,2.091308e+01,2.106471e+01,2.098203e+01,2.094067e+01,2.099582e+01,2.098893e+01,2.098893e+01,2.108537e+01,2.099582e+01,2.103716e+01,2.104405e+01,2.105094e+01,2.107848e+01,2.109914e+01,2.108537e+01,2.117484e+01,2.109914e+01,2.116108e+01,2.108537e+01,2.109225e+01,2.100271e+01,2.111291e+01,2.109225e+01,2.100960e+01,2.110602e+01,2.105782e+01,2.103716e+01,2.111291e+01,2.114732e+01,2.111979e+01,2.112667e+01,2.103027e+01,2.116108e+01,2.105094e+01,2.107160e+01,2.098893e+01,2.107160e+01,2.107160e+01,2.116108e+01,2.110602e+01,2.101649e+01,2.109225e+01,2.116108e+01,2.113355e+01,2.099582e+01,2.110602e+01,2.122298e+01,2.102338e+01,2.111979e+01,2.115420e+01,2.116796e+01,2.109225e+01,2.109225e+01,2.107848e+01,2.109225e+01,2.109914e+01,2.113355e+01,2.116796e+01,2.111979e+01,2.109225e+01,2.113355e+01,2.123674e+01,2.105782e+01,2.107160e+01,2.109914e+01,2.108537e+01,2.113355e+01,2.116108e+01,2.111979e+01,2.108537e+01,2.113355e+01,2.105094e+01,2.105782e+01,2.109914e+01,2.125736e+01,2.103027e+01,2.124361e+01,2.109225e+01,2.113355e+01,2.106471e+01,2.104405e+01,2.116108e+01,2.107848e+01,2.105782e+01,2.108537e+01,2.103716e+01,2.116108e+01,2.108537e+01,2.120235e+01,2.108537e+01,2.119548e+01,2.106471e+01,2.114044e+01,2.114732e+01,2.113355e+01
2.120923e+01,2.114044e+01,2.113355e+01,2.114044e+01,2.114044e+01,2.123674e+01,2.101649e+01,2.113355e+01,2.109914e+01,2.117484e+01,2.116108e+01,2.125736e+01,2.116108e+01,2.116796e+01,2.124361e+01,2.114732e+01,2.114044e+01,2.117484e+01,2.116796e+01,2.117484e+01,2.112667e+01,2.127110e+01,2.117484e+01,2.129859e+01,2.122298e+01,2.127110e+01,2.116796e+01,2.124361e+01,2.113355e+01,2.114732e+01,2.118860e+01,2.116796e+01,2.111979e+01,2.111979e+01,2.118172e+01,2.114044e+01,2.119548e+01,2.120235e+01,2.111291e+01,2.114044e+01,2.110602e+01,2.115420e+01,2.112667e+01,2.126423e+01,2.114732e+01,2.113355e+01,2.116796e+01,2.116108e+01,2.115420e+01,2.115420e+01,2.111291e+01,2.120235e+01,2.123674e+01,2.122298e+01,2.109914e+01,2.119548e+01,2.120235e+01,2.112667e+01,2.114044e+01,2.107848e+01,2.112667e+01,2.117484e+01,2.110602e+01,2.123674e+01,2.122298e+01,2.118860e+01,2.113355e+01,2.118860e+01,2.118860e+01,2.110602e+01,2.114044e+01,2.111291e+01,2.114732e+01,2.116108e+01,2.111291e+01,2.104405e+01,2.103716e+01,2.110602e+01,2.104405e+01,2.102338e+01,2.111979e+01,2.109914e+01,2.109225e+01,2.101649e+01,2.114732e+01,2.109914e+01,2.112667e+01,2.109225e+01,2.100271e+01,2.107160e+01,2.098893e+01,2.100960e+01,2.105782e+01,2.105094e+01,2.092688e+01,2.105094e+01,2.098893e+01,2.108537e+01,2.101649e+01,2.095446e+01,2.097514e+01,2.101649e+01,2.096825e+01,2.109225e+01,2.099582e+01,2.099582e+01,2.099582e+01,2.105782e+01,2.103716e+01,2.105782e+01,2.105782e+01,2.111291e+01,2.105094e+01,2.111291e+01,2.098893e+01,2.109914e+01,2.096135e+01,2.099582e+01,2.103027e+01,2.103027e+01,2.105782e+01,2.102338e+01,2.103716e+01,2.096825e+01,2.102338e+01,2.098893e+01,2.106471e+01,2.098893e+01,2.096825e+01,2.095446e+01,2.104405e+01,2.105782e+01,2.105094e+01,2.111979e+01,2.109225e+01,2.101649e+01,2.100960e+01,2.110602e+01,2.109225e+01,2.105094e+01,2.083028e+01,2.115420e+01,2.095446e+01,2.115420e+01,2.107848e+01,2.096825e+01,2.091308e+01,2.073360e+01,2.051225e+01,2.024877e+01,2.002636e+01,1.994283e+01,1.985225e+01,1.980345e+01,1.970577e+01,1.967785e+01,1.964991e+01,1.969879e+01,1.977555e+01,1.964991e+01,1.967086e+01,1.967086e+01,1.967086e+01,1.971973e+01,1.967086e+01,1.954509e+01,1.970577e+01,1.961498e+01,1.969181e+01,1.953810e+01,1.967785e+01,1.964991e+01,1.966388e+01,1.967086e+01,1.965689e+01,1.972671e+01,1.971973e+01,1.971973e+01,1.972671e+01,1.972671e+01,1.971973e+01,1.967785e+01,1.965689e+01,1.964991e+01,1.971275e+01,1.969879e+01,1.971973e+01,1.964293e+01,1.971275e+01,1.976858e+01,1.969879e+01,1.969181e+01,1.964991e+01,1.963594e+01,1.967086e+01,1.969181e+01,1.960101e+01,1.961498e+01,1.967086e+01,1.969879e+01,1.958004e+01,1.960800e+01,1.960101e+01,1.959402e+01,1.959402e+01,1.971275e+01,1.960101e+01,1.977555e+01,1.957305e+01,1.954509e+01,1.964991e+01,1.965689e+01,1.964293e+01,1.969879e+01,1.972671e+01,1.974067e+01,1.965689e+01,1.969181e+01,1.969879e+01,1.967086e+01,1.958703e+01,1.963594e+01,1.954509e+01,1.955208e+01,1.953111e+01,1.955907e+01,1.954509e+01,1.950313e+01,1.954509e+01,1.949614e+01,1.956606e+01,1.957305e+01,1.958703e+01,1.959402e+01,1.958703e+01,1.967785e+01,1.957305e+01,1.970577e+01,1.974067e+01,1.962896e+01,1.963594e+01,1.968483e+01,1.967086e+01,1.966388e+01,1.970577e+01,1.963594e+01,1.983134e+01,1.982437e+01,1.981042e+01,1.981042e+01,1.970577e+01,1.977555e+01,1.971275e+01,1.972671e+01,1.968483e+01,1.966388e+01,1.963594e+01,1.971973e+01,1.974764e+01,1.977555e+01,1.974764e+01,1.974764e+01,1.979647e+01,1.972671e+01,1.974764e+01,1.971973e+01,1.962197e+01,1.973369e+01,1.971275e+01,1.967785e+01,1.965689e+01,1.973369e+01,1.960800e+01,1.975462e+01,1.976160e+01,1.993586e+01,2.004723e+01,2.049840e+01,2.064374e+01,2.063682e+01,2.065065e+01,2.065065e+01,2.065757e+01,2.074051e+01,2.084409e+01,2.078195e+01,2.091308e+01,2.071978e+01,2.079576e+01,2.074051e+01,2.058840e+01,2.050533e+01,2.008896e+01,2.015153e+01,1.985225e+01,1.991496e+01,1.974067e+01,1.973369e+01,1.991496e+01,1.975462e+01,1.975462e+01,1.980345e+01,1.974764e+01,1.974067e+01,1.981740e+01,1.969181e+01,1.984528e+01,1.974067e+01,1.972671e+01,1.975462e+01,1.971275e+01,1.977555e+01,1.969181e+01,1.971275e+01,1.972671e+01,1.969879e+01,1.969181e+01,1.994283e+01,1.981740e+01,1.976858e+01,1.979647e+01,1.985225e+01,1.974067e+01,1.976160e+01,1.971275e+01,1.971973e+01,1.971973e+01,1.974764e+01,1.970577e+01,1.976858e+01,1.981042e+01,1.978253e+01,1.974067e+01,1.974764e+01,1.969181e+01,1.978950e+01,1.975462e+01,1.972671e+01,1.973369e+01,1.981042e+01,1.980345e+01,1.985922e+01,2.013763e+01,2.055379e+01,2.044298e+01,2.043605e+01,2.044991e+01,2.040833e+01,2.053303e+01,2.048455e+01,2.053303e+01,2.053995e+01,2.053995e+01,2.049840e+01,2.050533e+01,2.058840e+01,2.041526e+01,2.041526e+01,2.051918e+01,2.047070e+01,2.056071e+01,2.060223e+01,2.061607e+01,2.049148e+01,2.044991e+01,2.060915e+01,2.056071e+01,2.059531e+01,2.064374e+01,2.061607e+01,2.065065e+01,2.058840e+01,2.070596e+01,2.060223e+01,2.062299e+01,2.066448e+01,2.068522e+01,2.053995e+01,2.056071e+01,2.062990e+01,2.057456e+01,2.058148e+01,2.065757e+01,2.059531e+01,2.058148e+01,2.060223e+01,2.053995e+01,2.053303e+01,2.058840e+01,2.065065e+01,2.062299e+01,2.063682e+01,2.061607e+01,2.047762e+01,2.064374e+01,2.061607e+01,2.060223e+01,2.068522e+01,2.060223e+01,2.071978e+01,2.059531e+01,2.067831e+01,2.067139e+01,2.063682e+01,2.070596e+01,2.069213e+01,2.054687e+01,2.066448e+01,2.071287e+01,2.067139e+01,2.073360e+01,2.073360e+01,2.062990e+01,2.076814e+01,2.077505e+01,2.080267e+01,2.071287e+01,2.075432e+01,2.076814e+01,2.065065e+01,2.079576e+01,2.079576e+01,2.085099e+01,2.081648e+01,2.083028e+01,2.092688e+01,2.088549e+01,2.095446e+01,2.083028e+01,2.078195e+01,2.089239e+01,2.089929e+01,2.095446e+01,2.092688e+01,2.084409e+01,2.083719e+01,2.092688e+01,2.087859e+01,2.085789e+01,2.091308e+01,2.088549e+01,2.086479e+01,2.092688e+01,2.081648e+01,2.079576e+01,2.088549e+01,2.088549e+01,2.087169e+01,2.083028e+01,2.085099e+01,2.075432e+01,2.083028e+01,2.083028e+01,2.090619e+01,2.083028e+01,2.087169e+01,2.083719e+01,2.083028e+01,2.080267e+01,2.080267e+01,2.080267e+01,2.091308e+01,2.091308e+01,2.094757e+01,2.112667e+01,2.133294e+01,2.164841e+01,2.229004e+01,2.262971e+01,2.339997e+01,2.383659e+01,2.411774e+01,2.448477e+01,2.469772e+01,2.473096e+01,2.483060e+01,2.490360e+01,2.489697e+01,2.486379e+01,2.487706e+01,2.470437e+01,2.475753e+01,2.459795e+01,2.462457e+01,2.446478e+01,2.444479e+01,2.425135e+01,2.417789e+01,2.397057e+01,2.383659e+01,2.371586e+01,2.327873e+01,2.328547e+01,2.283297e+01,2.260936e+01,2.241245e+01,2.225602e+01,2.194243e+01,2.186729e+01,2.161417e+01,2.145650e+01,2.138101e+01,2.122298e+01,2.114732e+01,2.118172e+01,2.113355e+01,2.114044e+01,2.118172e+01,2.109914e+01,2.116108e+01,2.111979e+01,2.115420e+01,2.109914e+01,2.109914e+01,2.104405e+01,2.109914e+01,2.105782e+01,2.108537e+01,2.103716e+01,2.096825e+01,2.105094e+01,2.105782e+01,2.103716e+01,2.115420e+01,2.097514e+01,2.100960e+01,2.102338e+01,2.105094e+01,2.102338e+01,2.099582e+01,2.103027e+01,2.098893e+01,2.092688e+01,2.094067e+01,2.093377e+01,2.100960e+01,2.098203e+01,2.089929e+01,2.096135e+01,2.103716e+01,2.098893e+01,2.096825e+01,2.099582e+01,2.108537e+01,2.100271e+01,2.097514e+01,2.096135e+01,2.094757e+01,2.098893e+01,2.103716e+01,2.099582e+01,2.098203e+01,2.108537e+01,2.100271e+01,2.101649e+01,2.109914e+01,2.103716e+01,2.111291e+01,2.105094e+01,2.109225e+01,2.114044e+01,2.109225e+01,2.099582e+01,2.098203e+01,2.107160e+01,2.105782e+01,2.098203e+01,2.109225e+01,2.107848e+01,2.107160e+01,2.083719e+01,2.098893e+01,2.111979e+01,2.091308e+01,2.093377e+01,2.114044e+01,2.107848e+01,2.105782e+01,2.107160e+01,2.106471e+01,2.117484e+01,2.110602e+01,2.109914e+01,2.109914e+01,2.109225e+01,2.110602e+01,2.104405e+01,2.102338e+01,2.105782e+01,2.104405e+01,2.114732e+01,2.112667e+01,2.116108e+01,2.113355e+01,2.110602e+01,2.108537e+01,2.109914e+01,2.112667e+01,2.107848e+01,2.106471e+01,2.105094e+01,2.099582e+01,2.111291e+01,2.115420e+01,2.106471e+01,2.114732e+01,2.105094e+01,2.105782e+01,2.128485e+01,2.111979e+01,2.107848e+01,2.113355e+01,2.114044e+01,2.116796e+01,2.116108e+01,2.116108e+01,2.112667e+01,2.101649e+01,2.118860e+01,2.112667e+01,2.100960e+01,2.115420e+01,2.115420e+01,2.102338e+01,2.105094e+01,2.101649e+01,2.120235e+01,2.104405e+01,2.100960e+01,2.109225e+01,2.107160e+01,2.105782e+01,2.117484e+01,2.117484e+01,2.118172e+01,2.118172e+01,2.114044e+01,2.112667e+01,2.111291e+01,2.114732e+01
2.116108e+01,2.107160e+01,2.122298e+01,2.119548e+01,2.116796e+01,2.117484e+01,2.118172e+01,2.116108e+01,2.112667e+01,2.112667e+01,2.116796e+01,2.118172e+01,2.111979e+01,2.112667e+01,2.107160e+01,2.112667e+01,2.116796e+01,2.111979e+01,2.109225e+01,2.117484e+01,2.108537e+01,2.119548e+01,2.120923e+01,2.104405e+01,2.111979e+01,2.115420e+01,2.125048e+01,2.111291e+01,2.119548e+01,2.119548e+01,2.127798e+01,2.117484e+01,2.112667e+01,2.111979e+01,2.127110e+01,2.114732e+01,2.126423e+01,2.108537e+01,2.119548e+01,2.126423e+01,2.104405e+01,2.116108e+01,2.111979e+01,2.120235e+01,2.116796e+01,2.111979e+01,2.119548e+01,2.111291e+01,2.116796e+01,2.120923e+01,2.121611e+01,2.122986e+01,2.123674e+01,2.119548e+01,2.116796e+01,2.116796e+01,2.107848e+01,2.127798e+01,2.114732e+01,2.128485e+01,2.117484e+01,2.110602e+01,2.125048e+01,2.125048e+01,2.118172e+01,2.116796e+01,2.120235e+01,2.101649e+01,2.109225e+01,2.109914e+01,2.118860e+01,2.114732e+01,2.108537e+01,2.112667e+01,2.109914e+01,2.100271e+01,2.105094e+01,2.103716e+01,2.104405e+01,2.104405e+01,2.112667e+01,2.110602e+01,2.125048e+01,2.114732e+01,2.103716e+01,2.096825e+01,2.101649e+01,2.105094e+01,2.105094e+01,2.099582e+01,2.101649e+01,2.098203e+01,2.100271e+01,2.094757e+01,2.100960e+01,2.108537e+01,2.099582e+01,2.100271e+01,2.084409e+01,2.095446e+01,2.095446e+01,2.104405e+01,2.105782e+01,2.096825e+01,2.103716e+01,2.101649e+01,2.107848e+01,2.099582e+01,2.110602e+01,2.110602e+01,2.107160e+01,2.109914e+01,2.105782e+01,2.107848e+01,2.100960e+01,2.107160e+01,2.100960e+01,2.100960e+01,2.104405e+01,2.101649e+01,2.106471e+01,2.101649e+01,2.098893e+01,2.099582e+01,2.106471e+01,2.107848e+01,2.106471e+01,2.110602e+01,2.107848e+01,2.104405e+01,2.105782e+01,2.097514e+01,2.105782e+01,2.105094e+01,2.108537e+01,2.102338e+01,2.108537e+01,2.111979e+01,2.105782e+01,2.104405e+01,2.109225e+01,2.106471e+01,2.094757e+01,2.110602e+01,2.089239e+01,2.114044e+01,2.089239e+01,2.077505e+01,2.047070e+01,2.022794e+01,1.990103e+01,1.979647e+01,1.971275e+01,1.981042e+01,1.967785e+01,1.967086e+01,1.969181e+01,1.962896e+01,1.977555e+01,1.973369e+01,1.953810e+01,1.967086e+01,1.967785e+01,1.973369e+01,1.960800e+01,1.964293e+01,1.965689e+01,1.965689e+01,1.959402e+01,1.952411e+01,1.963594e+01,1.958703e+01,1.960101e+01,1.960101e+01,1.969879e+01,1.968483e+01,1.971275e+01,1.969181e+01,1.974067e+01,1.967785e+01,1.974067e+01,1.970577e+01,1.965689e+01,1.967086e+01,1.965689e+01,1.971275e+01,1.969879e+01,1.973369e+01,1.967086e+01,1.964293e+01,1.969181e+01,1.974764e+01,1.974067e+01,1.978950e+01,1.971973e+01,1.977555e+01,1.969181e+01,1.963594e+01,1.966388e+01,1.965689e+01,1.960101e+01,1.971275e+01,1.959402e+01,1.955907e+01,1.959402e+01,1.958703e+01,1.958703e+01,1.964293e+01,1.957305e+01,1.960800e+01,1.962896e+01,1.962896e+01,1.952411e+01,1.968483e+01,1.969181e+01,1.968483e+01,1.960800e+01,1.967785e+01,1.968483e+01,1.966388e+01,1.969181e+01,1.954509e+01,1.948215e+01,1.957305e+01,1.955208e+01,1.947515e+01,1.943316e+01,1.947515e+01,1.941916e+01,1.955907e+01,1.952411e+01,1.951013e+01,1.962197e+01,1.963594e+01,1.962896e+01,1.974764e+01,1.961498e+01,1.976160e+01,1.988013e+01,1.965689e+01,1.967785e+01,1.968483e+01,1.970577e+01,1.974067e+01,1.964293e+01,1.974067e+01,1.969181e+01,1.976160e+01,1.954509e+01,1.969181e+01,1.959402e+01,1.959402e+01,1.964293e+01,1.967785e+01,1.971275e+01,1.970577e+01,1.969181e+01,1.968483e+01,1.970577e+01,1.972671e+01,1.974067e+01,1.983831e+01,1.976858e+01,1.975462e+01,1.967086e+01,1.969181e+01,1.969879e+01,1.970577e+01,1.969181e+01,1.967086e+01,1.967785e+01,1.964991e+01,1.969879e+01,1.975462e+01,1.979647e+01,1.988013e+01,2.013068e+01,2.040833e+01,2.065757e+01,2.060915e+01,2.062990e+01,2.065065e+01,2.077505e+01,2.074051e+01,2.080267e+01,2.078886e+01,2.082338e+01,2.088549e+01,2.068522e+01,2.065757e+01,2.068522e+01,2.063682e+01,2.047762e+01,2.018627e+01,2.016542e+01,1.988710e+01,1.977555e+01,1.980345e+01,1.981042e+01,1.981740e+01,1.973369e+01,1.973369e+01,1.973369e+01,1.976160e+01,1.974067e+01,1.971973e+01,1.983134e+01,1.974067e+01,1.983134e+01,1.984528e+01,1.973369e+01,1.973369e+01,1.974067e+01,1.970577e+01,1.978253e+01,1.976160e+01,1.976858e+01,1.973369e+01,1.985922e+01,1.977555e+01,1.982437e+01,1.981042e+01,1.990103e+01,1.971275e+01,1.992890e+01,1.969879e+01,1.969181e+01,1.969879e+01,1.969181e+01,1.979647e+01,1.976160e+01,1.969181e+01,1.966388e+01,1.976858e+01,1.970577e+01,1.969181e+01,1.972671e+01,1.975462e+01,1.978253e+01,1.987316e+01,1.979647e+01,1.978253e+01,1.997068e+01,2.042219e+01,2.044991e+01,2.044991e+01,2.047070e+01,2.038753e+01,2.040140e+01,2.040140e+01,2.045684e+01,2.050533e+01,2.051918e+01,2.052610e+01,2.063682e+01,2.052610e+01,2.046377e+01,2.043605e+01,2.058148e+01,2.058840e+01,2.053995e+01,2.049840e+01,2.046377e+01,2.045684e+01,2.045684e+01,2.059531e+01,2.051918e+01,2.053995e+01,2.056071e+01,2.056071e+01,2.072669e+01,2.060223e+01,2.058148e+01,2.056763e+01,2.066448e+01,2.064374e+01,2.065065e+01,2.060223e+01,2.053995e+01,2.058148e+01,2.058148e+01,2.074051e+01,2.069213e+01,2.060915e+01,2.061607e+01,2.073360e+01,2.056763e+01,2.058840e+01,2.065065e+01,2.062299e+01,2.060915e+01,2.068522e+01,2.058840e+01,2.066448e+01,2.058840e+01,2.059531e+01,2.055379e+01,2.060915e+01,2.064374e+01,2.063682e+01,2.068522e+01,2.062299e+01,2.063682e+01,2.063682e+01,2.064374e+01,2.065757e+01,2.074742e+01,2.070596e+01,2.070596e+01,2.068522e+01,2.067139e+01,2.062990e+01,2.067139e+01,2.068522e+01,2.079576e+01,2.072669e+01,2.070596e+01,2.070596e+01,2.077505e+01,2.080957e+01,2.078195e+01,2.074742e+01,2.083719e+01,2.078195e+01,2.085099e+01,2.080957e+01,2.076814e+01,2.084409e+01,2.082338e+01,2.089239e+01,2.102338e+01,2.085099e+01,2.080957e+01,2.091998e+01,2.092688e+01,2.091308e+01,2.091998e+01,2.094067e+01,2.089929e+01,2.090619e+01,2.082338e+01,2.087859e+01,2.086479e+01,2.075432e+01,2.087169e+01,2.083719e+01,2.091998e+01,2.085789e+01,2.089929e+01,2.089239e+01,2.084409e+01,2.083719e+01,2.077505e+01,2.073360e+01,2.087169e+01,2.081648e+01,2.081648e+01,2.081648e+01,2.082338e+01,2.084409e+01,2.083028e+01,2.087169e+01,2.086479e+01,2.099582e+01,2.095446e+01,2.136041e+01,2.168264e+01,2.206525e+01,2.246681e+01,2.313035e+01,2.363530e+01,2.390360e+01,2.442480e+01,2.457133e+01,2.475753e+01,2.491687e+01,2.485715e+01,2.491687e+01,2.488370e+01,2.487706e+01,2.485715e+01,2.485051e+01,2.470437e+01,2.465783e+01,2.455802e+01,2.451807e+01,2.425803e+01,2.441813e+01,2.412442e+01,2.407093e+01,2.373599e+01,2.344035e+01,2.321131e+01,2.306960e+01,2.277203e+01,2.249398e+01,2.207207e+01,2.202432e+01,2.181262e+01,2.151823e+01,2.162102e+01,2.141533e+01,2.122298e+01,2.120235e+01,2.125048e+01,2.122986e+01,2.120923e+01,2.108537e+01,2.114732e+01,2.113355e+01,2.127798e+01,2.107848e+01,2.106471e+01,2.109914e+01,2.107160e+01,2.108537e+01,2.110602e+01,2.110602e+01,2.103716e+01,2.107160e+01,2.108537e+01,2.113355e+01,2.113355e+01,2.107848e+01,2.095446e+01,2.100271e+01,2.098893e+01,2.102338e+01,2.100271e+01,2.090619e+01,2.100960e+01,2.093377e+01,2.100271e+01,2.094067e+01,2.093377e+01,2.094067e+01,2.094757e+01,2.091308e+01,2.095446e+01,2.071978e+01,2.100960e+01,2.105782e+01,2.104405e+01,2.103716e+01,2.104405e+01,2.100960e+01,2.092688e+01,2.095446e+01,2.097514e+01,2.091998e+01,2.105782e+01,2.089929e+01,2.109225e+01,2.106471e+01,2.102338e+01,2.105782e+01,2.105782e+01,2.110602e+01,2.111291e+01,2.110602e+01,2.100960e+01,2.114044e+01,2.107848e+01,2.107160e+01,2.106471e+01,2.107160e+01,2.105782e+01,2.109225e+01,2.090619e+01,2.109225e+01,2.091998e+01,2.114044e+01,2.098203e+01,2.111291e+01,2.109914e+01,2.098203e+01,2.109914e+01,2.105094e+01,2.098893e+01,2.109225e+01,2.103027e+01,2.103716e+01,2.116108e+01,2.105094e+01,2.117484e+01,2.115420e+01,2.108537e+01,2.103716e+01,2.108537e+01,2.096825e+01,2.117484e+01,2.128485e+01,2.116796e+01,2.117484e+01,2.109914e+01,2.117484e+01,2.104405e+01,2.103027e+01,2.105094e+01,2.104405e+01,2.105782e+01,2.114732e+01,2.103027e+01,2.115420e+01,2.108537e+01,2.115420e+01,2.121611e+01,2.102338e+01,2.103716e+01,2.114732e+01,2.111291e+01,2.116796e+01,2.110602e+01,2.111979e+01,2.115420e+01,2.109914e+01,2.105782e+01,2.095446e+01,2.097514e+01,2.116108e+01,2.096825e+01,2.124361e+01,2.120923e+01,2.114044e+01,2.106471e+01,2.111979e+01,2.103716e+01,2.104405e+01,2.106471e+01,2.108537e+01,2.097514e+01,2.103027e+01,2.103716e+01,2.118172e+01,2.117484e+01,2.116108e+01,2.114044e+01,2.114044e+01,2.117484e+01,2.109914e+01
2.111291e+01,2.132607e+01,2.107160e+01,2.118172e+01,2.102338e+01,2.118172e+01,2.119548e+01,2.118172e+01,2.117484e+01,2.105094e+01,2.122986e+01,2.117484e+01,2.116796e+01,2.131233e+01,2.116796e+01,2.108537e+01,2.109225e+01,2.112667e+01,2.116796e+01,2.110602e+01,2.110602e+01,2.119548e+01,2.122986e+01,2.120235e+01,2.114044e+01,2.112667e+01,2.115420e+01,2.114732e+01,2.116796e+01,2.111979e+01,2.114044e+01,2.106471e+01,2.117484e+01,2.120235e+01,2.120923e+01,2.105782e+01,2.116108e+01,2.117484e+01,2.107848e+01,2.115420e+01,2.116796e+01,2.114044e+01,2.118172e+01,2.111979e+01,2.113355e+01,2.120235e+01,2.120235e+01,2.118172e+01,2.114044e+01,2.120235e+01,2.118172e+01,2.127110e+01,2.120235e+01,2.118860e+01,2.118860e+01,2.110602e+01,2.107848e+01,2.117484e+01,2.121611e+01,2.122986e+01,2.110602e+01,2.127110e+01,2.119548e+01,2.109914e+01,2.118860e+01,2.116796e+01,2.116796e+01,2.110602e+01,2.114044e+01,2.109225e+01,2.100960e+01,2.113355e+01,2.116108e+01,2.104405e+01,2.104405e+01,2.114732e+01,2.115420e+01,2.113355e+01,2.107848e+01,2.109914e+01,2.107848e+01,2.109225e+01,2.101649e+01,2.103716e+01,2.104405e+01,2.093377e+01,2.107848e+01,2.091998e+01,2.098893e+01,2.107848e+01,2.100271e+01,2.109914e+01,2.100271e+01,2.103716e+01,2.105782e+01,2.107160e+01,2.091998e+01,2.098203e+01,2.082338e+01,2.103027e+01,2.102338e+01,2.098203e+01,2.105782e+01,2.100271e+01,2.122986e+01,2.110602e+01,2.094067e+01,2.107160e+01,2.103716e+01,2.106471e+01,2.104405e+01,2.110602e+01,2.103027e+01,2.102338e+01,2.098203e+01,2.100271e+01,2.107160e+01,2.104405e+01,2.101649e+01,2.096135e+01,2.098203e+01,2.097514e+01,2.097514e+01,2.105782e+01,2.100960e+01,2.105094e+01,2.107160e+01,2.105782e+01,2.096135e+01,2.102338e+01,2.095446e+01,2.107160e+01,2.096135e+01,2.111291e+01,2.104405e+01,2.106471e+01,2.111291e+01,2.108537e+01,2.107848e+01,2.106471e+01,2.105094e+01,2.108537e+01,2.107160e+01,2.109914e+01,2.106471e+01,2.089929e+01,2.083028e+01,2.057456e+01,2.026266e+01,2.013068e+01,1.995675e+01,1.969879e+01,1.966388e+01,1.972671e+01,1.967785e+01,1.967785e+01,1.978253e+01,1.969181e+01,1.967785e+01,1.962197e+01,1.964991e+01,1.966388e+01,1.967086e+01,1.967086e+01,1.958703e+01,1.954509e+01,1.960800e+01,1.953810e+01,1.971973e+01,1.962197e+01,1.955208e+01,1.966388e+01,1.956606e+01,1.966388e+01,1.959402e+01,1.960800e+01,1.968483e+01,1.968483e+01,1.964991e+01,1.971275e+01,1.969181e+01,1.967086e+01,1.968483e+01,1.967785e+01,1.969879e+01,1.972671e+01,1.970577e+01,1.969181e+01,1.978950e+01,1.969879e+01,1.966388e+01,1.967086e+01,1.968483e+01,1.976160e+01,1.965689e+01,1.967086e+01,1.962197e+01,1.959402e+01,1.974067e+01,1.958004e+01,1.960101e+01,1.971973e+01,1.966388e+01,1.958004e+01,1.958004e+01,1.958004e+01,1.964293e+01,1.960800e+01,1.960101e+01,1.960800e+01,1.960101e+01,1.964293e+01,1.967086e+01,1.970577e+01,1.961498e+01,1.969181e+01,1.969181e+01,1.963594e+01,1.957305e+01,1.960800e+01,1.957305e+01,1.954509e+01,1.955208e+01,1.951712e+01,1.948215e+01,1.955208e+01,1.958703e+01,1.967785e+01,1.954509e+01,1.955907e+01,1.968483e+01,1.965689e+01,1.959402e+01,1.961498e+01,1.961498e+01,1.963594e+01,1.962896e+01,1.969879e+01,1.964991e+01,1.978253e+01,1.971275e+01,1.969879e+01,1.965689e+01,1.971973e+01,1.971275e+01,1.977555e+01,1.966388e+01,1.968483e+01,1.974764e+01,1.956606e+01,1.978950e+01,1.978253e+01,1.966388e+01,1.967785e+01,1.971973e+01,1.970577e+01,1.970577e+01,1.974067e+01,1.976160e+01,1.974067e+01,1.971275e+01,1.971275e+01,1.976160e+01,1.969879e+01,1.971275e+01,1.971275e+01,1.973369e+01,1.976858e+01,1.962896e+01,1.961498e+01,1.981042e+01,1.961498e+01,1.976160e+01,1.980345e+01,1.952411e+01,1.993586e+01,2.004723e+01,2.020016e+01,2.055379e+01,2.058840e+01,2.067831e+01,2.065757e+01,2.077505e+01,2.070596e+01,2.075432e+01,2.074051e+01,2.076814e+01,2.079576e+01,2.080957e+01,2.069213e+01,2.065757e+01,2.066448e+01,2.059531e+01,2.051225e+01,2.032512e+01,2.019321e+01,1.989407e+01,1.978950e+01,1.988013e+01,1.979647e+01,1.972671e+01,1.980345e+01,1.981740e+01,1.971973e+01,1.979647e+01,1.974764e+01,1.963594e+01,1.974764e+01,1.974067e+01,1.964293e+01,1.976160e+01,1.971275e+01,1.969879e+01,1.977555e+01,1.977555e+01,1.974067e+01,1.973369e+01,1.976858e+01,1.976858e+01,1.980345e+01,1.983831e+01,1.993586e+01,1.974764e+01,1.989407e+01,1.972671e+01,1.975462e+01,1.976858e+01,1.978950e+01,1.978253e+01,1.979647e+01,1.974067e+01,1.967785e+01,1.973369e+01,1.967086e+01,1.971973e+01,1.971275e+01,1.975462e+01,1.971275e+01,1.976160e+01,1.975462e+01,1.978950e+01,1.982437e+01,1.997764e+01,2.013763e+01,2.044991e+01,2.042912e+01,2.040140e+01,2.041526e+01,2.051225e+01,2.051918e+01,2.051918e+01,2.051225e+01,2.051918e+01,2.043605e+01,2.042912e+01,2.052610e+01,2.049148e+01,2.045684e+01,2.047762e+01,2.058148e+01,2.050533e+01,2.055379e+01,2.058840e+01,2.044991e+01,2.051225e+01,2.052610e+01,2.056071e+01,2.053303e+01,2.061607e+01,2.056071e+01,2.056071e+01,2.058840e+01,2.069213e+01,2.058840e+01,2.054687e+01,2.057456e+01,2.060223e+01,2.055379e+01,2.055379e+01,2.069213e+01,2.057456e+01,2.060223e+01,2.060915e+01,2.060915e+01,2.051918e+01,2.058840e+01,2.046377e+01,2.074051e+01,2.056763e+01,2.078886e+01,2.062990e+01,2.060223e+01,2.060223e+01,2.059531e+01,2.061607e+01,2.058840e+01,2.059531e+01,2.060223e+01,2.064374e+01,2.080267e+01,2.065065e+01,2.067139e+01,2.063682e+01,2.063682e+01,2.062990e+01,2.066448e+01,2.076123e+01,2.069213e+01,2.071978e+01,2.069905e+01,2.070596e+01,2.062990e+01,2.080267e+01,2.076814e+01,2.077505e+01,2.074051e+01,2.080957e+01,2.071978e+01,2.081648e+01,2.070596e+01,2.076814e+01,2.085789e+01,2.074051e+01,2.078886e+01,2.092688e+01,2.079576e+01,2.082338e+01,2.085099e+01,2.082338e+01,2.081648e+01,2.090619e+01,2.089239e+01,2.095446e+01,2.081648e+01,2.078195e+01,2.087859e+01,2.095446e+01,2.085099e+01,2.076123e+01,2.086479e+01,2.108537e+01,2.091998e+01,2.091998e+01,2.088549e+01,2.088549e+01,2.076814e+01,2.087859e+01,2.088549e+01,2.087169e+01,2.083719e+01,2.087169e+01,2.085099e+01,2.084409e+01,2.082338e+01,2.078195e+01,2.082338e+01,2.081648e+01,2.087169e+01,2.081648e+01,2.087169e+01,2.087169e+01,2.091308e+01,2.091998e+01,2.103027e+01,2.094067e+01,2.116796e+01,2.142220e+01,2.172371e+01,2.229685e+01,2.260258e+01,2.333936e+01,2.362858e+01,2.419125e+01,2.448477e+01,2.469772e+01,2.508922e+01,2.495004e+01,2.491024e+01,2.487042e+01,2.485051e+01,2.485715e+01,2.485051e+01,2.469772e+01,2.474425e+01,2.461126e+01,2.458464e+01,2.442480e+01,2.444479e+01,2.420461e+01,2.401073e+01,2.391030e+01,2.356812e+01,2.335957e+01,2.319782e+01,2.278557e+01,2.241925e+01,2.233086e+01,2.205843e+01,2.201750e+01,2.164157e+01,2.161417e+01,2.142906e+01,2.136041e+01,2.131233e+01,2.120923e+01,2.112667e+01,2.118172e+01,2.118860e+01,2.105094e+01,2.097514e+01,2.113355e+01,2.111979e+01,2.110602e+01,2.112667e+01,2.119548e+01,2.115420e+01,2.111979e+01,2.123674e+01,2.114044e+01,2.105094e+01,2.103027e+01,2.103716e+01,2.105782e+01,2.096135e+01,2.103027e+01,2.103027e+01,2.102338e+01,2.109914e+01,2.106471e+01,2.107160e+01,2.099582e+01,2.096135e+01,2.098203e+01,2.100960e+01,2.094067e+01,2.096135e+01,2.099582e+01,2.105094e+01,2.103027e+01,2.099582e+01,2.096135e+01,2.098203e+01,2.096825e+01,2.092688e+01,2.096135e+01,2.100271e+01,2.098893e+01,2.103716e+01,2.105094e+01,2.112667e+01,2.088549e+01,2.114044e+01,2.097514e+01,2.100960e+01,2.109914e+01,2.100960e+01,2.114732e+01,2.108537e+01,2.116796e+01,2.113355e+01,2.111291e+01,2.113355e+01,2.096825e+01,2.107848e+01,2.107848e+01,2.103716e+01,2.105782e+01,2.101649e+01,2.111291e+01,2.094757e+01,2.096135e+01,2.114732e+01,2.095446e+01,2.111291e+01,2.107848e+01,2.103027e+01,2.109225e+01,2.096825e+01,2.107160e+01,2.107160e+01,2.104405e+01,2.105094e+01,2.101649e+01,2.106471e+01,2.109225e+01,2.109225e+01,2.111979e+01,2.117484e+01,2.104405e+01,2.109914e+01,2.110602e+01,2.110602e+01,2.106471e+01,2.104405e+01,2.108537e+01,2.109225e+01,2.105782e+01,2.104405e+01,2.111979e+01,2.103716e+01,2.103027e+01,2.116108e+01,2.101649e+01,2.114732e+01,2.116796e+01,2.113355e+01,2.115420e+01,2.124361e+01,2.122298e+01,2.122986e+01,2.110602e+01,2.115420e+01,2.111291e+01,2.111979e+01,2.106471e+01,2.112667e+01,2.107160e+01,2.112667e+01,2.107848e+01,2.118172e+01,2.111291e+01,2.111979e+01,2.120923e+01,2.119548e+01,2.116796e+01,2.105782e+01,2.105782e+01,2.120923e+01,2.108537e+01,2.106471e+01,2.109914e+01,2.111979e+01,2.110602e+01,2.123674e+01,2.115420e+01,2.116796e+01,2.117484e+01,2.115420e+01,2.120235e+01,2.122986e+01
2.129172e+01,2.121611e+01,2.109225e+01,2.103027e+01,2.111291e+01,2.104405e+01,2.106471e+01,2.116108e+01,2.114732e+01,2.125048e+01,2.109914e+01,2.113355e+01,2.116796e+01,2.112667e+01,2.115420e+01,2.125048e+01,2.130546e+01,2.110602e+01,2.116108e+01,2.110602e+01,2.107848e+01,2.109914e+01,2.127110e+01,2.118860e+01,2.119548e+01,2.116108e+01,2.116108e+01,2.115420e+01,2.125736e+01,2.111979e+01,2.125736e+01,2.111291e+01,2.116108e+01,2.107848e+01,2.108537e+01,2.116796e+01,2.107160e+01,2.117484e+01,2.116796e+01,2.116796e+01,2.121611e+01,2.114044e+01,2.112667e+01,2.114732e+01,2.118860e+01,2.118172e+01,2.114044e+01,2.116108e+01,2.114732e+01,2.111291e+01,2.117484e+01,2.117484e+01,2.120923e+01,2.122298e+01,2.122298e+01,2.116796e+01,2.109914e+01,2.118172e+01,2.118172e+01,2.108537e+01,2.119548e+01,2.113355e+01,2.124361e+01,2.122298e+01,2.122298e+01,2.105094e+01,2.115420e+01,2.113355e+01,2.117484e+01,2.115420e+01,2.104405e+01,2.108537e+01,2.109225e+01,2.111979e+01,2.107160e+01,2.114044e+01,2.112667e+01,2.106471e+01,2.109914e+01,2.108537e+01,2.107848e+01,2.103027e+01,2.117484e+01,2.107160e+01,2.105782e+01,2.094757e+01,2.107160e+01,2.092688e+01,2.100960e+01,2.103716e+01,2.099582e+01,2.105782e+01,2.106471e+01,2.098893e+01,2.092688e+01,2.100960e+01,2.103027e+01,2.096825e+01,2.101649e+01,2.094067e+01,2.103716e+01,2.098893e+01,2.103716e+01,2.100271e+01,2.094757e+01,2.108537e+01,2.107160e+01,2.107848e+01,2.110602e+01,2.107160e+01,2.110602e+01,2.106471e+01,2.106471e+01,2.114044e+01,2.100271e+01,2.093377e+01,2.109914e+01,2.106471e+01,2.098893e+01,2.107160e+01,2.097514e+01,2.101649e+01,2.103027e+01,2.105094e+01,2.100960e+01,2.096825e+01,2.098203e+01,2.101649e+01,2.099582e+01,2.094757e+01,2.114732e+01,2.119548e+01,2.107848e+01,2.119548e+01,2.102338e+01,2.110602e+01,2.120235e+01,2.104405e+01,2.109225e+01,2.108537e+01,2.109225e+01,2.105094e+01,2.108537e+01,2.105782e+01,2.108537e+01,2.107160e+01,2.080267e+01,2.060223e+01,2.035980e+01,2.008896e+01,1.979647e+01,1.968483e+01,1.982437e+01,1.985225e+01,1.977555e+01,1.975462e+01,1.966388e+01,1.975462e+01,1.966388e+01,1.964991e+01,1.963594e+01,1.960101e+01,1.961498e+01,1.962896e+01,1.949614e+01,1.945416e+01,1.951013e+01,1.947515e+01,1.948914e+01,1.964991e+01,1.966388e+01,1.953810e+01,1.953111e+01,1.968483e+01,1.967086e+01,1.960800e+01,1.966388e+01,1.967785e+01,1.968483e+01,1.968483e+01,1.962896e+01,1.968483e+01,1.968483e+01,1.968483e+01,1.971275e+01,1.964991e+01,1.972671e+01,1.967785e+01,1.972671e+01,1.971275e+01,1.969879e+01,1.968483e+01,1.967785e+01,1.962896e+01,1.963594e+01,1.957305e+01,1.969879e+01,1.967086e+01,1.958004e+01,1.974067e+01,1.959402e+01,1.959402e+01,1.956606e+01,1.962197e+01,1.955208e+01,1.963594e+01,1.960101e+01,1.958703e+01,1.959402e+01,1.954509e+01,1.962197e+01,1.965689e+01,1.964293e+01,1.964991e+01,1.964293e+01,1.970577e+01,1.958004e+01,1.956606e+01,1.972671e+01,1.963594e+01,1.961498e+01,1.964991e+01,1.959402e+01,1.953810e+01,1.950313e+01,1.944716e+01,1.954509e+01,1.957305e+01,1.951013e+01,1.951013e+01,1.958004e+01,1.960800e+01,1.966388e+01,1.965689e+01,1.964991e+01,1.964991e+01,1.975462e+01,1.976160e+01,1.974067e+01,1.975462e+01,1.971973e+01,1.973369e+01,1.972671e+01,1.966388e+01,1.969879e+01,1.973369e+01,1.974067e+01,1.981042e+01,1.973369e+01,1.970577e+01,1.974764e+01,1.976160e+01,1.979647e+01,1.966388e+01,1.967785e+01,1.967785e+01,1.975462e+01,1.976160e+01,1.969879e+01,1.973369e+01,1.971275e+01,1.976160e+01,1.975462e+01,1.974067e+01,1.971275e+01,1.971275e+01,1.971275e+01,1.971275e+01,1.964991e+01,1.981740e+01,1.983134e+01,1.958703e+01,1.961498e+01,1.971275e+01,1.971275e+01,1.984528e+01,1.997068e+01,2.017237e+01,2.056763e+01,2.068522e+01,2.074051e+01,2.064374e+01,2.064374e+01,2.067831e+01,2.074742e+01,2.069905e+01,2.079576e+01,2.079576e+01,2.076814e+01,2.075432e+01,2.074051e+01,2.078886e+01,2.076123e+01,2.076123e+01,2.053303e+01,2.025571e+01,2.019321e+01,1.986619e+01,1.991496e+01,1.982437e+01,1.982437e+01,1.980345e+01,1.975462e+01,1.979647e+01,1.978950e+01,1.976160e+01,1.974764e+01,1.981740e+01,1.970577e+01,1.971973e+01,1.973369e+01,1.969181e+01,1.983134e+01,1.972671e+01,1.976858e+01,1.971973e+01,1.969181e+01,1.978950e+01,1.967785e+01,1.976858e+01,1.978950e+01,1.978950e+01,1.974764e+01,1.972671e+01,1.975462e+01,1.980345e+01,1.976160e+01,1.980345e+01,1.969879e+01,1.979647e+01,1.972671e+01,1.976160e+01,1.977555e+01,1.970577e+01,1.973369e+01,1.977555e+01,1.974067e+01,1.975462e+01,1.974067e+01,1.976160e+01,1.976858e+01,1.976160e+01,1.979647e+01,2.006810e+01,2.029042e+01,2.040833e+01,2.055379e+01,2.053995e+01,2.044991e+01,2.048455e+01,2.040833e+01,2.045684e+01,2.050533e+01,2.040140e+01,2.048455e+01,2.051225e+01,2.049840e+01,2.048455e+01,2.050533e+01,2.042219e+01,2.048455e+01,2.051918e+01,2.064374e+01,2.047070e+01,2.058840e+01,2.049148e+01,2.050533e+01,2.056071e+01,2.062299e+01,2.053995e+01,2.057456e+01,2.067831e+01,2.069905e+01,2.061607e+01,2.058840e+01,2.062299e+01,2.059531e+01,2.060223e+01,2.059531e+01,2.060223e+01,2.065065e+01,2.063682e+01,2.060223e+01,2.058840e+01,2.059531e+01,2.061607e+01,2.067831e+01,2.062990e+01,2.061607e+01,2.058840e+01,2.062299e+01,2.058148e+01,2.057456e+01,2.058148e+01,2.067139e+01,2.061607e+01,2.058840e+01,2.058840e+01,2.059531e+01,2.062990e+01,2.059531e+01,2.062299e+01,2.065065e+01,2.062990e+01,2.060223e+01,2.070596e+01,2.072669e+01,2.074051e+01,2.075432e+01,2.071287e+01,2.068522e+01,2.074051e+01,2.078195e+01,2.072669e+01,2.077505e+01,2.076814e+01,2.078195e+01,2.082338e+01,2.075432e+01,2.083028e+01,2.085789e+01,2.087859e+01,2.087859e+01,2.074051e+01,2.075432e+01,2.083719e+01,2.074051e+01,2.083028e+01,2.081648e+01,2.072669e+01,2.083028e+01,2.083719e+01,2.086479e+01,2.086479e+01,2.082338e+01,2.094067e+01,2.078886e+01,2.080957e+01,2.089929e+01,2.080957e+01,2.091998e+01,2.092688e+01,2.093377e+01,2.079576e+01,2.080957e+01,2.085099e+01,2.082338e+01,2.087169e+01,2.089929e+01,2.085099e+01,2.087859e+01,2.087859e+01,2.088549e+01,2.089929e+01,2.083028e+01,2.080267e+01,2.093377e+01,2.080267e+01,2.080957e+01,2.078886e+01,2.079576e+01,2.094067e+01,2.092688e+01,2.097514e+01,2.099582e+01,2.105782e+01,2.143592e+01,2.159362e+01,2.208571e+01,2.260258e+01,2.313710e+01,2.362186e+01,2.395717e+01,2.453139e+01,2.461126e+01,2.481067e+01,2.487042e+01,2.486379e+01,2.483060e+01,2.502296e+01,2.487042e+01,2.477747e+01,2.468442e+01,2.467777e+01,2.455802e+01,2.441147e+01,2.439813e+01,2.436479e+01,2.439813e+01,2.418457e+01,2.393039e+01,2.379636e+01,2.346726e+01,2.331242e+01,2.301556e+01,2.266361e+01,2.240566e+01,2.231046e+01,2.201068e+01,2.177159e+01,2.163472e+01,2.146336e+01,2.141533e+01,2.131233e+01,2.123674e+01,2.114044e+01,2.116796e+01,2.118172e+01,2.114044e+01,2.115420e+01,2.117484e+01,2.109914e+01,2.113355e+01,2.111979e+01,2.101649e+01,2.110602e+01,2.107848e+01,2.111291e+01,2.105782e+01,2.105782e+01,2.098203e+01,2.107848e+01,2.105094e+01,2.096135e+01,2.097514e+01,2.109914e+01,2.103027e+01,2.100960e+01,2.102338e+01,2.105094e+01,2.100271e+01,2.094757e+01,2.092688e+01,2.096825e+01,2.093377e+01,2.100960e+01,2.098893e+01,2.101649e+01,2.103716e+01,2.098893e+01,2.098203e+01,2.101649e+01,2.092688e+01,2.103716e+01,2.096825e+01,2.102338e+01,2.103716e+01,2.096135e+01,2.099582e+01,2.100960e+01,2.108537e+01,2.096825e+01,2.114044e+01,2.111291e+01,2.109225e+01,2.111979e+01,2.112667e+01,2.111979e+01,2.109914e+01,2.107848e+01,2.108537e+01,2.107160e+01,2.106471e+01,2.107160e+01,2.111979e+01,2.109225e+01,2.109914e+01,2.107160e+01,2.100960e+01,2.109914e+01,2.114732e+01,2.112667e+01,2.112667e+01,2.103716e+01,2.103716e+01,2.108537e+01,2.109225e+01,2.108537e+01,2.110602e+01,2.104405e+01,2.109225e+01,2.103027e+01,2.109225e+01,2.111291e+01,2.113355e+01,2.113355e+01,2.106471e+01,2.114044e+01,2.101649e+01,2.107160e+01,2.111979e+01,2.106471e+01,2.110602e+01,2.117484e+01,2.117484e+01,2.110602e+01,2.115420e+01,2.122298e+01,2.106471e+01,2.106471e+01,2.120235e+01,2.120235e+01,2.113355e+01,2.119548e+01,2.115420e+01,2.115420e+01,2.111291e+01,2.120235e+01,2.112667e+01,2.115420e+01,2.098203e+01,2.117484e+01,2.107848e+01,2.107848e+01,2.107848e+01,2.112667e+01,2.115420e+01,2.119548e+01,2.107848e+01,2.111979e+01,2.122298e+01,2.122986e+01,2.102338e+01,2.108537e+01,2.119548e+01,2.112667e+01,2.120923e+01,2.108537e+01,2.116108e+01,2.106471e+01,2.107160e+01,2.116796e+01,2.115420e+01,2.132607e+01,2.127798e+01,2.117484e+01,2.122298e+01,2.129859e+01,2.119548e+01,2.120923e+01
2.107848e+01,2.109225e+01,2.105094e+01,2.114044e+01,2.116796e+01,2.116796e+01,2.115420e+01,2.108537e+01,2.111979e+01,2.111291e+01,2.110602e+01,2.111979e+01,2.115420e+01,2.110602e+01,2.116796e+01,2.116108e+01,2.122986e+01,2.116108e+01,2.115420e+01,2.131920e+01,2.131233e+01,2.131233e+01,2.106471e+01,2.113355e+01,2.116108e+01,2.118172e+01,2.127798e+01,2.121611e+01,2.116796e+01,2.116108e+01,2.113355e+01,2.114732e+01,2.120235e+01,2.116108e+01,2.105782e+01,2.120235e+01,2.120923e+01,2.120235e+01,2.121611e+01,2.118860e+01,2.118172e+01,2.111979e+01,2.109914e+01,2.114044e+01,2.110602e+01,2.116108e+01,2.122986e+01,2.112667e+01,2.116796e+01,2.116796e+01,2.127798e+01,2.127110e+01,2.116796e+01,2.120235e+01,2.122986e+01,2.109914e+01,2.111291e+01,2.112667e+01,2.111979e+01,2.111291e+01,2.104405e+01,2.116796e+01,2.112667e+01,2.102338e+01,2.103027e+01,2.114732e+01,2.103716e+01,2.105094e+01,2.127798e+01,2.116108e+01,2.112667e+01,2.111291e+01,2.111291e+01,2.103027e+01,2.111979e+01,2.108537e+01,2.109225e+01,2.112667e+01,2.106471e+01,2.107848e+01,2.104405e+01,2.105782e+01,2.100271e+01,2.101649e+01,2.104405e+01,2.091308e+01,2.105094e+01,2.094067e+01,2.109225e+01,2.109225e+01,2.104405e+01,2.103716e+01,2.094757e+01,2.100960e+01,2.096825e+01,2.094757e+01,2.090619e+01,2.095446e+01,2.103716e+01,2.100960e+01,2.105782e+01,2.100960e+01,2.085789e+01,2.098203e+01,2.111979e+01,2.112667e+01,2.109225e+01,2.110602e+01,2.107848e+01,2.107848e+01,2.105782e+01,2.112667e+01,2.099582e+01,2.091998e+01,2.094757e+01,2.111291e+01,2.118172e+01,2.094757e+01,2.113355e+01,2.109914e+01,2.109914e+01,2.104405e+01,2.103027e+01,2.103716e+01,2.098203e+01,2.103716e+01,2.111291e+01,2.105094e+01,2.096135e+01,2.107160e+01,2.114732e+01,2.096825e+01,2.107160e+01,2.103716e+01,2.109914e+01,2.111291e+01,2.108537e+01,2.120923e+01,2.101649e+01,2.109914e+01,2.108537e+01,2.109914e+01,2.107160e+01,2.097514e+01,2.107160e+01,2.105782e+01,2.079576e+01,2.058840e+01,2.024877e+01,2.005419e+01,1.979647e+01,1.971275e+01,1.968483e+01,1.976160e+01,1.955907e+01,1.972671e+01,1.960800e+01,1.974067e+01,1.966388e+01,1.958703e+01,1.970577e+01,1.958004e+01,1.948914e+01,1.947515e+01,1.947515e+01,1.945416e+01,1.960101e+01,1.960800e+01,1.950313e+01,1.951013e+01,1.944016e+01,1.951013e+01,1.962197e+01,1.960800e+01,1.965689e+01,1.968483e+01,1.963594e+01,1.971973e+01,1.967086e+01,1.962197e+01,1.967086e+01,1.970577e+01,1.968483e+01,1.967086e+01,1.967785e+01,1.969181e+01,1.972671e+01,1.965689e+01,1.968483e+01,1.967086e+01,1.962197e+01,1.964991e+01,1.962197e+01,1.960800e+01,1.955208e+01,1.962896e+01,1.967785e+01,1.965689e+01,1.962197e+01,1.965689e+01,1.956606e+01,1.956606e+01,1.954509e+01,1.955907e+01,1.960800e+01,1.964293e+01,1.960101e+01,1.961498e+01,1.961498e+01,1.952411e+01,1.958703e+01,1.968483e+01,1.971973e+01,1.964293e+01,1.958004e+01,1.953810e+01,1.954509e+01,1.967086e+01,1.960101e+01,1.958004e+01,1.959402e+01,1.966388e+01,1.955907e+01,1.958703e+01,1.954509e+01,1.957305e+01,1.942616e+01,1.953111e+01,1.956606e+01,1.956606e+01,1.962197e+01,1.962197e+01,1.964991e+01,1.963594e+01,1.974067e+01,1.963594e+01,1.964991e+01,1.973369e+01,1.969879e+01,1.976160e+01,1.974067e+01,1.972671e+01,1.967785e+01,1.971275e+01,1.972671e+01,1.973369e+01,1.969181e+01,1.974067e+01,1.975462e+01,1.971973e+01,1.974067e+01,1.967086e+01,1.967785e+01,1.964991e+01,1.972671e+01,1.986619e+01,1.983831e+01,1.976160e+01,1.974764e+01,1.960800e+01,1.970577e+01,1.977555e+01,1.976858e+01,1.975462e+01,1.969879e+01,1.970577e+01,1.971973e+01,1.968483e+01,1.965689e+01,1.977555e+01,1.982437e+01,1.969879e+01,1.966388e+01,1.966388e+01,1.969879e+01,1.973369e+01,1.995675e+01,2.042912e+01,2.051918e+01,2.062990e+01,2.062990e+01,2.076123e+01,2.063682e+01,2.066448e+01,2.069905e+01,2.077505e+01,2.076814e+01,2.076814e+01,2.082338e+01,2.076123e+01,2.081648e+01,2.077505e+01,2.070596e+01,2.074742e+01,2.054687e+01,2.056071e+01,2.026266e+01,1.998460e+01,1.991496e+01,1.992193e+01,1.984528e+01,1.988710e+01,1.984528e+01,1.976858e+01,1.980345e+01,1.974067e+01,1.977555e+01,1.973369e+01,1.974067e+01,1.978950e+01,1.972671e+01,1.969879e+01,1.978253e+01,1.973369e+01,1.979647e+01,1.974764e+01,1.983831e+01,1.978253e+01,1.983134e+01,1.981042e+01,1.976858e+01,1.983134e+01,1.997068e+01,1.996371e+01,1.989407e+01,1.982437e+01,1.975462e+01,1.976858e+01,1.976160e+01,1.972671e+01,1.976858e+01,1.978950e+01,1.973369e+01,1.977555e+01,1.979647e+01,1.975462e+01,1.974067e+01,1.977555e+01,1.974067e+01,1.979647e+01,1.975462e+01,1.981740e+01,1.978253e+01,1.978950e+01,2.024877e+01,2.044298e+01,2.059531e+01,2.038753e+01,2.046377e+01,2.046377e+01,2.036673e+01,2.039447e+01,2.039447e+01,2.050533e+01,2.049840e+01,2.047762e+01,2.049840e+01,2.047070e+01,2.047070e+01,2.048455e+01,2.047070e+01,2.050533e+01,2.047762e+01,2.045684e+01,2.051918e+01,2.051918e+01,2.053995e+01,2.044991e+01,2.054687e+01,2.067831e+01,2.054687e+01,2.057456e+01,2.069905e+01,2.055379e+01,2.056763e+01,2.064374e+01,2.057456e+01,2.065065e+01,2.060223e+01,2.056763e+01,2.057456e+01,2.054687e+01,2.059531e+01,2.066448e+01,2.054687e+01,2.069905e+01,2.058148e+01,2.061607e+01,2.054687e+01,2.060223e+01,2.061607e+01,2.056071e+01,2.058148e+01,2.067139e+01,2.056071e+01,2.058840e+01,2.062299e+01,2.060915e+01,2.060915e+01,2.067831e+01,2.064374e+01,2.060223e+01,2.069905e+01,2.065065e+01,2.065757e+01,2.068522e+01,2.064374e+01,2.071978e+01,2.070596e+01,2.064374e+01,2.074742e+01,2.079576e+01,2.074742e+01,2.080267e+01,2.082338e+01,2.078195e+01,2.076814e+01,2.080957e+01,2.076123e+01,2.080957e+01,2.067831e+01,2.087859e+01,2.080267e+01,2.081648e+01,2.083028e+01,2.094067e+01,2.076123e+01,2.071287e+01,2.080957e+01,2.081648e+01,2.080957e+01,2.080957e+01,2.081648e+01,2.084409e+01,2.081648e+01,2.081648e+01,2.078195e+01,2.079576e+01,2.085789e+01,2.078886e+01,2.078886e+01,2.083028e+01,2.094757e+01,2.087169e+01,2.106471e+01,2.086479e+01,2.076814e+01,2.085789e+01,2.087859e+01,2.107848e+01,2.089239e+01,2.087859e+01,2.087859e+01,2.086479e+01,2.087169e+01,2.094757e+01,2.089239e+01,2.079576e+01,2.085099e+01,2.087859e+01,2.071287e+01,2.083719e+01,2.087859e+01,2.096135e+01,2.100960e+01,2.114044e+01,2.114732e+01,2.164157e+01,2.208571e+01,2.233767e+01,2.294797e+01,2.340670e+01,2.389690e+01,2.422465e+01,2.455136e+01,2.474425e+01,2.491024e+01,2.496993e+01,2.489033e+01,2.483723e+01,2.491024e+01,2.473760e+01,2.476418e+01,2.479739e+01,2.463787e+01,2.446478e+01,2.441813e+01,2.453139e+01,2.421129e+01,2.409768e+01,2.409768e+01,2.378295e+01,2.348744e+01,2.333936e+01,2.319782e+01,2.275848e+01,2.268395e+01,2.239206e+01,2.210616e+01,2.188096e+01,2.168264e+01,2.157991e+01,2.160732e+01,2.126423e+01,2.123674e+01,2.121611e+01,2.116108e+01,2.107160e+01,2.097514e+01,2.098893e+01,2.116108e+01,2.120923e+01,2.119548e+01,2.113355e+01,2.110602e+01,2.117484e+01,2.109225e+01,2.105094e+01,2.103716e+01,2.102338e+01,2.107848e+01,2.108537e+01,2.109914e+01,2.105782e+01,2.100960e+01,2.091998e+01,2.102338e+01,2.108537e+01,2.103716e+01,2.102338e+01,2.099582e+01,2.095446e+01,2.098893e+01,2.094757e+01,2.100960e+01,2.103027e+01,2.101649e+01,2.102338e+01,2.102338e+01,2.095446e+01,2.083719e+01,2.103716e+01,2.105782e+01,2.093377e+01,2.095446e+01,2.094757e+01,2.105094e+01,2.100271e+01,2.107160e+01,2.103716e+01,2.099582e+01,2.096135e+01,2.109914e+01,2.107848e+01,2.089239e+01,2.108537e+01,2.111291e+01,2.108537e+01,2.109914e+01,2.110602e+01,2.109225e+01,2.098203e+01,2.105094e+01,2.104405e+01,2.108537e+01,2.107848e+01,2.103716e+01,2.105094e+01,2.103027e+01,2.109914e+01,2.099582e+01,2.114044e+01,2.097514e+01,2.114044e+01,2.104405e+01,2.107848e+01,2.118172e+01,2.109225e+01,2.109914e+01,2.115420e+01,2.122986e+01,2.104405e+01,2.116796e+01,2.109225e+01,2.114732e+01,2.117484e+01,2.116796e+01,2.109914e+01,2.109914e+01,2.107160e+01,2.114044e+01,2.105094e+01,2.107848e+01,2.111291e+01,2.107848e+01,2.114732e+01,2.113355e+01,2.113355e+01,2.100960e+01,2.107160e+01,2.109914e+01,2.101649e+01,2.109225e+01,2.115420e+01,2.113355e+01,2.101649e+01,2.111291e+01,2.108537e+01,2.114732e+01,2.113355e+01,2.114044e+01,2.119548e+01,2.107160e+01,2.107848e+01,2.105094e+01,2.109225e+01,2.118172e+01,2.123674e+01,2.103716e+01,2.109914e+01,2.116796e+01,2.119548e+01,2.114732e+01,2.120235e+01,2.118172e+01,2.121611e+01,2.105094e+01,2.105782e+01,2.119548e+01,2.103716e+01,2.113355e+01,2.096825e+01,2.108537e+01,2.113355e+01,2.129172e+01,2.119548e+01,2.118172e+01,2.120923e+01,2.089239e+01,2.117484e+01
2.112667e+01,2.108537e+01,2.115420e+01,2.112667e+01,2.116796e+01,2.109914e+01,2.105782e+01,2.108537e+01,2.109225e+01,2.111979e+01,2.109914e+01,2.107848e+01,2.115420e+01,2.109914e+01,2.119548e+01,2.118172e+01,2.114044e+01,2.114044e+01,2.112667e+01,2.114732e+01,2.105094e+01,2.119548e+01,2.119548e+01,2.110602e+01,2.114044e+01,2.123674e+01,2.098203e+01,2.099582e+01,2.118172e+01,2.113355e+01,2.111979e+01,2.112667e+01,2.124361e+01,2.125736e+01,2.129172e+01,2.114732e+01,2.125048e+01,2.129172e+01,2.129859e+01,2.122986e+01,2.114732e+01,2.115420e+01,2.114044e+01,2.114732e+01,2.126423e+01,2.116108e+01,2.110602e+01,2.116796e+01,2.105094e+01,2.116796e+01,2.116108e+01,2.112667e+01,2.120235e+01,2.109225e+01,2.107848e+01,2.109914e+01,2.109914e+01,2.107160e+01,2.111291e+01,2.115420e+01,2.125736e+01,2.124361e+01,2.125736e+01,2.101649e+01,2.109225e+01,2.115420e+01,2.106471e+01,2.125736e+01,2.104405e+01,2.107160e+01,2.109914e+01,2.129859e+01,2.111291e+01,2.101649e+01,2.114732e+01,2.118172e+01,2.109914e+01,2.111291e+01,2.104405e+01,2.109914e+01,2.105782e+01,2.100271e+01,2.104405e+01,2.098203e+01,2.096825e+01,2.094067e+01,2.097514e+01,2.103027e+01,2.095446e+01,2.097514e+01,2.109914e+01,2.108537e+01,2.103716e+01,2.101649e+01,2.101649e+01,2.096825e+01,2.091998e+01,2.094067e+01,2.100960e+01,2.098203e+01,2.096135e+01,2.095446e+01,2.106471e+01,2.096135e+01,2.109914e+01,2.103716e+01,2.106471e+01,2.105782e+01,2.104405e+01,2.105782e+01,2.105782e+01,2.107848e+01,2.091308e+01,2.105782e+01,2.095446e+01,2.100271e+01,2.116108e+01,2.083719e+01,2.085789e+01,2.107848e+01,2.109225e+01,2.101649e+01,2.100271e+01,2.102338e+01,2.084409e+01,2.096135e+01,2.098203e+01,2.098893e+01,2.096135e+01,2.105782e+01,2.110602e+01,2.104405e+01,2.104405e+01,2.094067e+01,2.119548e+01,2.105094e+01,2.109914e+01,2.109225e+01,2.107848e+01,2.107160e+01,2.106471e+01,2.109225e+01,2.107160e+01,2.103027e+01,2.098203e+01,2.081648e+01,2.079576e+01,2.053303e+01,2.036673e+01,2.004027e+01,1.977555e+01,1.977555e+01,1.973369e+01,1.964991e+01,1.962896e+01,1.966388e+01,1.954509e+01,1.962197e+01,1.959402e+01,1.955907e+01,1.957305e+01,1.944716e+01,1.944716e+01,1.951712e+01,1.948914e+01,1.941916e+01,1.953111e+01,1.947515e+01,1.943316e+01,1.944716e+01,1.943316e+01,1.949614e+01,1.944016e+01,1.953810e+01,1.953111e+01,1.974764e+01,1.970577e+01,1.969181e+01,1.968483e+01,1.966388e+01,1.971973e+01,1.967086e+01,1.969879e+01,1.971973e+01,1.974764e+01,1.962896e+01,1.967785e+01,1.964293e+01,1.964991e+01,1.969879e+01,1.962896e+01,1.969181e+01,1.967785e+01,1.958703e+01,1.958004e+01,1.962896e+01,1.969181e+01,1.957305e+01,1.966388e+01,1.966388e+01,1.960101e+01,1.960800e+01,1.955208e+01,1.964991e+01,1.954509e+01,1.961498e+01,1.955907e+01,1.958004e+01,1.963594e+01,1.964991e+01,1.965689e+01,1.970577e+01,1.971275e+01,1.961498e+01,1.962197e+01,1.953810e+01,1.965689e+01,1.954509e+01,1.967785e+01,1.956606e+01,1.959402e+01,1.953810e+01,1.957305e+01,1.955907e+01,1.951013e+01,1.941916e+01,1.960101e+01,1.954509e+01,1.954509e+01,1.953810e+01,1.971275e+01,1.969879e+01,1.971275e+01,1.966388e+01,1.972671e+01,1.966388e+01,1.971275e+01,1.973369e+01,1.968483e+01,1.972671e+01,1.971275e+01,1.974067e+01,1.974067e+01,1.960101e+01,1.971973e+01,1.967086e+01,1.981042e+01,1.976858e+01,1.974067e+01,1.970577e+01,1.971275e+01,1.967086e+01,1.967086e+01,1.967086e+01,1.975462e+01,1.967785e+01,1.975462e+01,1.969879e+01,1.972671e+01,1.969181e+01,1.972671e+01,1.971973e+01,1.976160e+01,1.975462e+01,1.975462e+01,1.966388e+01,1.971973e+01,1.964293e+01,1.964991e+01,1.976858e+01,1.962197e+01,1.967086e+01,1.969181e+01,1.962197e+01,1.968483e+01,1.970577e+01,1.997764e+01,2.019321e+01,2.052610e+01,2.053303e+01,2.061607e+01,2.076123e+01,2.073360e+01,2.062990e+01,2.076814e+01,2.077505e+01,2.075432e+01,2.067139e+01,2.075432e+01,2.062299e+01,2.073360e+01,2.066448e+01,2.071978e+01,2.075432e+01,2.060915e+01,2.057456e+01,2.034592e+01,2.029736e+01,2.013763e+01,1.988710e+01,1.979647e+01,1.984528e+01,1.983831e+01,1.981740e+01,1.983831e+01,1.979647e+01,1.979647e+01,1.961498e+01,1.979647e+01,1.978950e+01,1.970577e+01,1.972671e+01,1.982437e+01,1.976858e+01,1.978253e+01,1.974764e+01,1.968483e+01,1.981740e+01,1.988013e+01,1.978253e+01,1.966388e+01,1.974067e+01,1.985922e+01,1.976858e+01,1.980345e+01,1.976858e+01,1.976160e+01,1.977555e+01,1.977555e+01,1.978253e+01,1.976858e+01,1.978253e+01,1.966388e+01,1.967086e+01,1.974764e+01,1.976160e+01,1.973369e+01,1.978253e+01,1.974067e+01,1.976858e+01,1.976858e+01,1.974764e+01,1.981740e+01,1.999852e+01,1.999852e+01,2.026266e+01,2.031124e+01,2.054687e+01,2.033205e+01,2.031818e+01,2.026266e+01,2.027654e+01,2.035980e+01,2.030430e+01,2.035286e+01,2.024877e+01,2.034592e+01,2.047762e+01,2.044298e+01,2.045684e+01,2.043605e+01,2.050533e+01,2.046377e+01,2.058148e+01,2.056071e+01,2.048455e+01,2.057456e+01,2.053303e+01,2.053995e+01,2.055379e+01,2.053995e+01,2.062990e+01,2.060223e+01,2.062299e+01,2.060223e+01,2.069905e+01,2.057456e+01,2.060915e+01,2.058148e+01,2.063682e+01,2.058840e+01,2.053995e+01,2.059531e+01,2.062299e+01,2.060223e+01,2.054687e+01,2.069213e+01,2.060223e+01,2.049840e+01,2.060223e+01,2.062990e+01,2.063682e+01,2.063682e+01,2.065757e+01,2.062990e+01,2.060915e+01,2.067831e+01,2.060915e+01,2.061607e+01,2.060915e+01,2.064374e+01,2.064374e+01,2.062299e+01,2.063682e+01,2.062990e+01,2.067139e+01,2.071287e+01,2.065757e+01,2.064374e+01,2.062990e+01,2.074742e+01,2.073360e+01,2.080957e+01,2.076123e+01,2.069905e+01,2.076814e+01,2.078886e+01,2.080267e+01,2.083719e+01,2.074742e+01,2.085789e+01,2.074742e+01,2.086479e+01,2.076814e+01,2.081648e+01,2.081648e+01,2.084409e+01,2.074051e+01,2.079576e+01,2.081648e+01,2.080957e+01,2.080267e+01,2.069905e+01,2.085789e+01,2.076814e+01,2.078195e+01,2.088549e+01,2.078195e+01,2.075432e+01,2.080267e+01,2.086479e+01,2.076814e+01,2.090619e+01,2.080957e+01,2.091308e+01,2.090619e+01,2.071978e+01,2.085789e+01,2.086479e+01,2.086479e+01,2.085789e+01,2.087859e+01,2.084409e+01,2.083028e+01,2.088549e+01,2.085099e+01,2.078195e+01,2.080267e+01,2.078886e+01,2.081648e+01,2.076123e+01,2.094067e+01,2.083719e+01,2.091998e+01,2.098893e+01,2.101649e+01,2.104405e+01,2.144278e+01,2.177159e+01,2.212661e+01,2.277203e+01,2.329221e+01,2.380307e+01,2.420461e+01,2.449143e+01,2.481731e+01,2.482396e+01,2.486379e+01,2.487706e+01,2.489697e+01,2.483060e+01,2.470437e+01,2.475753e+01,2.458464e+01,2.459130e+01,2.460461e+01,2.461126e+01,2.447145e+01,2.438480e+01,2.415784e+01,2.415784e+01,2.377624e+01,2.377624e+01,2.344035e+01,2.316409e+01,2.296825e+01,2.268395e+01,2.242604e+01,2.211979e+01,2.183312e+01,2.178527e+01,2.158677e+01,2.155250e+01,2.137415e+01,2.122298e+01,2.118860e+01,2.120235e+01,2.116796e+01,2.118860e+01,2.112667e+01,2.107848e+01,2.106471e+01,2.107848e+01,2.115420e+01,2.109914e+01,2.109225e+01,2.107160e+01,2.105094e+01,2.105094e+01,2.103027e+01,2.109225e+01,2.111291e+01,2.104405e+01,2.103027e+01,2.100960e+01,2.100960e+01,2.105094e+01,2.100960e+01,2.103716e+01,2.078886e+01,2.097514e+01,2.096135e+01,2.096825e+01,2.100960e+01,2.101649e+01,2.098893e+01,2.103027e+01,2.105782e+01,2.108537e+01,2.096135e+01,2.093377e+01,2.105094e+01,2.094757e+01,2.097514e+01,2.100960e+01,2.090619e+01,2.098203e+01,2.109225e+01,2.103716e+01,2.096135e+01,2.112667e+01,2.098203e+01,2.108537e+01,2.105094e+01,2.086479e+01,2.085789e+01,2.111291e+01,2.104405e+01,2.107848e+01,2.105782e+01,2.102338e+01,2.107848e+01,2.103027e+01,2.108537e+01,2.105782e+01,2.108537e+01,2.103716e+01,2.103027e+01,2.108537e+01,2.106471e+01,2.111979e+01,2.107848e+01,2.098893e+01,2.098203e+01,2.103716e+01,2.105094e+01,2.102338e+01,2.104405e+01,2.119548e+01,2.105094e+01,2.103716e+01,2.120923e+01,2.109914e+01,2.107848e+01,2.114044e+01,2.103716e+01,2.109225e+01,2.102338e+01,2.110602e+01,2.109914e+01,2.109914e+01,2.100960e+01,2.111291e+01,2.117484e+01,2.111979e+01,2.113355e+01,2.111291e+01,2.109914e+01,2.109914e+01,2.108537e+01,2.116796e+01,2.109225e+01,2.115420e+01,2.100271e+01,2.116108e+01,2.107848e+01,2.105782e+01,2.111979e+01,2.110602e+01,2.108537e+01,2.109225e+01,2.118172e+01,2.107848e+01,2.107160e+01,2.109225e+01,2.108537e+01,2.111291e+01,2.104405e+01,2.112667e+01,2.113355e+01,2.105782e+01,2.115420e+01,2.105782e+01,2.116796e+01,2.105782e+01,2.104405e+01,2.106471e+01,2.108537e+01,2.111291e+01,2.123674e+01,2.109914e+01,2.109225e+01,2.117484e+01,2.109914e+01,2.109225e+01,2.118860e+01,2.116108e+01,2.112667e+01,2.109225e+01,2.103716e+01
2.118860e+01,2.112667e+01,2.111291e+01,2.115420e+01,2.114044e+01,2.115420e+01,2.119548e+01,2.114044e+01,2.106471e+01,2.110602e+01,2.111291e+01,2.134668e+01,2.112667e+01,2.119548e+01,2.118172e+01,2.117484e+01,2.116796e+01,2.113355e+01,2.114044e+01,2.114732e+01,2.118172e+01,2.114044e+01,2.111291e+01,2.116796e+01,2.120923e+01,2.118172e+01,2.115420e+01,2.116796e+01,2.123674e+01,2.112667e+01,2.122986e+01,2.111979e+01,2.110602e+01,2.128485e+01,2.133981e+01,2.120923e+01,2.122298e+01,2.118860e+01,2.118172e+01,2.118172e+01,2.118860e+01,2.110602e+01,2.117484e+01,2.125736e+01,2.114044e+01,2.109914e+01,2.108537e+01,2.107160e+01,2.116108e+01,2.118860e+01,2.116108e+01,2.116108e+01,2.120235e+01,2.118860e+01,2.109225e+01,2.112667e+01,2.109914e+01,2.105782e+01,2.122986e+01,2.125736e+01,2.102338e+01,2.113355e+01,2.111291e+01,2.105094e+01,2.109225e+01,2.113355e+01,2.101649e+01,2.105094e+01,2.106471e+01,2.121611e+01,2.109225e+01,2.109914e+01,2.109914e+01,2.100271e+01,2.107160e+01,2.109225e+01,2.107160e+01,2.115420e+01,2.113355e+01,2.114044e+01,2.100271e+01,2.096825e+01,2.098893e+01,2.098203e+01,2.098203e+01,2.100271e+01,2.094067e+01,2.098893e+01,2.109914e+01,2.100271e+01,2.098893e+01,2.100271e+01,2.103716e+01,2.105094e+01,2.096135e+01,2.110602e+01,2.093377e+01,2.088549e+01,2.106471e+01,2.102338e+01,2.098203e+01,2.096135e+01,2.105782e+01,2.102338e+01,2.104405e+01,2.111291e+01,2.091308e+01,2.100271e+01,2.109914e+01,2.105782e+01,2.105782e+01,2.115420e+01,2.105094e+01,2.107848e+01,2.105094e+01,2.106471e+01,2.098203e+01,2.108537e+01,2.101649e+01,2.091308e+01,2.101649e+01,2.103027e+01,2.102338e+01,2.120235e+01,2.096825e+01,2.098893e+01,2.087859e+01,2.100960e+01,2.102338e+01,2.111979e+01,2.106471e+01,2.107848e+01,2.104405e+01,2.103027e+01,2.106471e+01,2.107160e+01,2.103027e+01,2.109225e+01,2.112667e+01,2.112667e+01,2.102338e+01,2.116796e+01,2.111291e+01,2.107160e+01,2.104405e+01,2.083028e+01,2.066448e+01,2.038753e+01,2.006810e+01,1.999156e+01,1.981042e+01,1.971973e+01,1.970577e+01,1.969879e+01,1.958703e+01,1.970577e+01,1.955208e+01,1.951712e+01,1.960800e+01,1.957305e+01,1.955208e+01,1.946815e+01,1.944016e+01,1.948914e+01,1.960800e+01,1.942616e+01,1.944716e+01,1.943316e+01,1.941216e+01,1.943316e+01,1.941916e+01,1.942616e+01,1.940516e+01,1.947515e+01,1.958004e+01,1.961498e+01,1.965689e+01,1.968483e+01,1.966388e+01,1.965689e+01,1.967785e+01,1.964991e+01,1.969181e+01,1.971973e+01,1.965689e+01,1.971973e+01,1.964991e+01,1.964293e+01,1.965689e+01,1.966388e+01,1.966388e+01,1.965689e+01,1.967785e+01,1.958004e+01,1.952411e+01,1.965689e+01,1.967785e+01,1.965689e+01,1.955208e+01,1.954509e+01,1.963594e+01,1.957305e+01,1.958004e+01,1.960101e+01,1.954509e+01,1.954509e+01,1.965689e+01,1.958703e+01,1.964991e+01,1.962197e+01,1.958004e+01,1.969879e+01,1.963594e+01,1.953810e+01,1.951712e+01,1.970577e+01,1.955208e+01,1.960101e+01,1.967785e+01,1.952411e+01,1.946815e+01,1.951712e+01,1.941216e+01,1.939116e+01,1.940516e+01,1.938415e+01,1.956606e+01,1.963594e+01,1.956606e+01,1.962896e+01,1.971275e+01,1.976160e+01,1.966388e+01,1.965689e+01,1.965689e+01,1.965689e+01,1.970577e+01,1.969879e+01,1.971275e+01,1.974764e+01,1.976160e+01,1.978253e+01,1.973369e+01,1.969181e+01,1.970577e+01,1.967785e+01,1.969879e+01,1.969181e+01,1.971275e+01,1.972671e+01,1.972671e+01,1.971275e+01,1.969879e+01,1.983134e+01,1.966388e+01,1.964991e+01,1.969181e+01,1.971275e+01,1.974764e+01,1.974067e+01,1.978253e+01,1.984528e+01,1.974764e+01,1.968483e+01,1.974067e+01,1.965689e+01,1.967785e+01,1.976160e+01,1.967086e+01,1.964991e+01,1.967785e+01,1.968483e+01,1.967086e+01,1.970577e+01,1.965689e+01,1.975462e+01,2.000548e+01,2.025571e+01,2.039447e+01,2.058148e+01,2.060915e+01,2.056763e+01,2.065757e+01,2.067831e+01,2.068522e+01,2.062990e+01,2.065757e+01,2.073360e+01,2.075432e+01,2.061607e+01,2.073360e+01,2.059531e+01,2.071978e+01,2.073360e+01,2.061607e+01,2.057456e+01,2.055379e+01,2.048455e+01,2.016542e+01,1.991496e+01,1.990103e+01,1.974067e+01,1.990103e+01,1.974067e+01,1.981042e+01,1.978253e+01,1.984528e+01,1.978950e+01,1.962896e+01,1.980345e+01,1.967086e+01,1.976858e+01,1.973369e+01,1.971275e+01,1.971973e+01,1.972671e+01,1.983134e+01,1.963594e+01,1.981042e+01,1.977555e+01,1.976858e+01,1.984528e+01,1.978950e+01,1.978253e+01,1.982437e+01,1.973369e+01,1.976858e+01,1.977555e+01,1.976160e+01,1.977555e+01,1.977555e+01,1.976160e+01,1.974764e+01,1.981042e+01,1.973369e+01,1.976858e+01,1.976858e+01,1.972671e+01,1.982437e+01,1.964293e+01,1.969181e+01,1.973369e+01,1.988710e+01,1.994283e+01,1.988710e+01,2.026266e+01,2.035980e+01,2.031818e+01,2.026960e+01,2.033899e+01,2.023489e+01,2.038753e+01,2.025571e+01,2.042219e+01,2.020016e+01,2.023489e+01,2.026960e+01,2.025571e+01,2.024183e+01,2.044298e+01,2.038060e+01,2.027654e+01,2.033899e+01,2.051225e+01,2.044991e+01,2.049148e+01,2.054687e+01,2.050533e+01,2.053303e+01,2.057456e+01,2.056071e+01,2.058840e+01,2.052610e+01,2.058148e+01,2.057456e+01,2.062299e+01,2.054687e+01,2.053303e+01,2.057456e+01,2.061607e+01,2.062990e+01,2.056763e+01,2.053995e+01,2.053995e+01,2.060915e+01,2.051918e+01,2.051225e+01,2.064374e+01,2.058148e+01,2.058148e+01,2.065065e+01,2.061607e+01,2.062990e+01,2.064374e+01,2.058148e+01,2.062299e+01,2.065757e+01,2.058148e+01,2.062299e+01,2.060915e+01,2.056071e+01,2.065065e+01,2.065065e+01,2.066448e+01,2.064374e+01,2.065065e+01,2.066448e+01,2.079576e+01,2.073360e+01,2.067139e+01,2.074742e+01,2.075432e+01,2.063682e+01,2.067139e+01,2.074051e+01,2.071287e+01,2.076814e+01,2.080267e+01,2.085789e+01,2.076814e+01,2.085789e+01,2.079576e+01,2.074051e+01,2.074742e+01,2.081648e+01,2.074051e+01,2.082338e+01,2.083028e+01,2.075432e+01,2.076123e+01,2.069905e+01,2.074742e+01,2.071978e+01,2.083719e+01,2.083028e+01,2.078886e+01,2.077505e+01,2.078195e+01,2.074742e+01,2.078886e+01,2.096825e+01,2.079576e+01,2.076123e+01,2.091998e+01,2.083028e+01,2.088549e+01,2.087169e+01,2.085099e+01,2.108537e+01,2.085099e+01,2.089239e+01,2.089239e+01,2.078886e+01,2.091998e+01,2.092688e+01,2.102338e+01,2.079576e+01,2.081648e+01,2.085789e+01,2.076123e+01,2.083028e+01,2.085789e+01,2.083028e+01,2.076814e+01,2.076123e+01,2.074742e+01,2.101649e+01,2.142906e+01,2.149080e+01,2.193560e+01,2.260936e+01,2.322480e+01,2.375612e+01,2.407762e+01,2.438480e+01,2.471766e+01,2.481067e+01,2.490360e+01,2.498319e+01,2.483723e+01,2.490360e+01,2.475753e+01,2.481731e+01,2.461791e+01,2.454471e+01,2.465117e+01,2.458464e+01,2.441813e+01,2.437146e+01,2.439147e+01,2.413111e+01,2.405087e+01,2.376954e+01,2.370244e+01,2.334610e+01,2.311686e+01,2.286680e+01,2.258222e+01,2.218112e+01,2.218112e+01,2.179894e+01,2.162102e+01,2.155250e+01,2.154565e+01,2.142906e+01,2.119548e+01,2.118172e+01,2.118172e+01,2.116796e+01,2.116796e+01,2.111291e+01,2.114044e+01,2.115420e+01,2.107160e+01,2.111291e+01,2.098893e+01,2.111291e+01,2.111291e+01,2.110602e+01,2.101649e+01,2.100960e+01,2.092688e+01,2.107160e+01,2.103716e+01,2.102338e+01,2.098893e+01,2.109914e+01,2.098893e+01,2.096825e+01,2.109914e+01,2.095446e+01,2.099582e+01,2.099582e+01,2.100271e+01,2.101649e+01,2.099582e+01,2.103027e+01,2.097514e+01,2.095446e+01,2.091308e+01,2.099582e+01,2.094757e+01,2.089929e+01,2.100271e+01,2.097514e+01,2.107848e+01,2.103716e+01,2.096135e+01,2.098893e+01,2.097514e+01,2.096135e+01,2.104405e+01,2.096825e+01,2.105782e+01,2.104405e+01,2.105094e+01,2.101649e+01,2.105094e+01,2.114044e+01,2.109225e+01,2.109225e+01,2.109914e+01,2.098893e+01,2.109225e+01,2.111979e+01,2.104405e+01,2.098203e+01,2.108537e+01,2.106471e+01,2.103716e+01,2.099582e+01,2.096825e+01,2.099582e+01,2.107160e+01,2.100960e+01,2.118860e+01,2.101649e+01,2.117484e+01,2.089239e+01,2.111291e+01,2.108537e+01,2.106471e+01,2.103716e+01,2.118860e+01,2.118860e+01,2.116108e+01,2.114732e+01,2.113355e+01,2.102338e+01,2.106471e+01,2.105782e+01,2.115420e+01,2.117484e+01,2.118172e+01,2.111979e+01,2.109225e+01,2.092688e+01,2.110602e+01,2.093377e+01,2.116108e+01,2.094757e+01,2.110602e+01,2.113355e+01,2.109225e+01,2.105782e+01,2.112667e+01,2.110602e+01,2.109225e+01,2.110602e+01,2.109914e+01,2.119548e+01,2.114732e+01,2.107160e+01,2.110602e+01,2.109914e+01,2.119548e+01,2.107848e+01,2.110602e+01,2.106471e+01,2.114732e+01,2.114044e+01,2.114732e+01,2.109225e+01,2.107848e+01,2.102338e+01,2.120235e+01,2.120235e+01,2.123674e+01,2.106471e+01,2.119548e+01,2.121611e+01,2.109225e+01,2.123674e+01,2.116108e+01,2.127110e+01,2.117484e+01,2.117484e+01,2.116796e+01,2.113355e+01,2.112667e+01
2.114044e+01,2.115420e+01,2.111291e+01,2.114732e+01,2.112667e+01,2.105094e+01,2.116108e+01,2.115420e+01,2.113355e+01,2.114732e+01,2.105782e+01,2.111291e+01,2.116108e+01,2.120923e+01,2.112667e+01,2.113355e+01,2.115420e+01,2.111291e+01,2.115420e+01,2.113355e+01,2.112667e+01,2.111979e+01,2.117484e+01,2.119548e+01,2.118172e+01,2.117484e+01,2.116108e+01,2.114044e+01,2.111979e+01,2.114044e+01,2.126423e+01,2.111979e+01,2.114044e+01,2.117484e+01,2.131233e+01,2.114044e+01,2.111979e+01,2.124361e+01,2.122986e+01,2.120235e+01,2.120235e+01,2.122298e+01,2.108537e+01,2.121611e+01,2.109225e+01,2.125048e+01,2.110602e+01,2.108537e+01,2.105782e+01,2.118860e+01,2.104405e+01,2.119548e+01,2.120235e+01,2.122298e+01,2.119548e+01,2.109914e+01,2.122298e+01,2.129859e+01,2.122298e+01,2.115420e+01,2.103027e+01,2.125736e+01,2.111291e+01,2.104405e+01,2.103716e+01,2.105782e+01,2.113355e+01,2.101649e+01,2.104405e+01,2.105782e+01,2.103716e+01,2.111979e+01,2.105094e+01,2.109914e+01,2.112667e+01,2.105094e+01,2.109914e+01,2.105094e+01,2.105782e+01,2.111979e+01,2.109225e+01,2.087859e+01,2.098893e+01,2.099582e+01,2.104405e+01,2.094757e+01,2.095446e+01,2.098893e+01,2.103027e+01,2.103716e+01,2.098893e+01,2.108537e+01,2.100271e+01,2.101649e+01,2.100960e+01,2.111979e+01,2.108537e+01,2.105782e+01,2.107160e+01,2.111979e+01,2.100960e+01,2.101649e+01,2.096825e+01,2.099582e+01,2.098893e+01,2.098203e+01,2.103027e+01,2.105094e+01,2.116796e+01,2.100271e+01,2.110602e+01,2.109225e+01,2.116108e+01,2.091308e+01,2.097514e+01,2.098893e+01,2.110602e+01,2.103716e+01,2.105094e+01,2.107848e+01,2.107160e+01,2.111291e+01,2.101649e+01,2.103027e+01,2.097514e+01,2.107160e+01,2.117484e+01,2.096135e+01,2.096135e+01,2.091308e+01,2.109225e+01,2.105782e+01,2.106471e+01,2.107160e+01,2.099582e+01,2.103716e+01,2.112667e+01,2.108537e+01,2.110602e+01,2.109914e+01,2.109225e+01,2.107160e+01,2.114044e+01,2.105094e+01,2.089239e+01,2.074742e+01,2.060915e+01,2.036673e+01,1.999852e+01,1.981042e+01,1.967785e+01,1.981740e+01,1.979647e+01,1.962896e+01,1.964991e+01,1.969181e+01,1.964293e+01,1.955907e+01,1.955907e+01,1.946115e+01,1.945416e+01,1.947515e+01,1.946115e+01,1.944016e+01,1.939116e+01,1.941216e+01,1.940516e+01,1.939116e+01,1.941916e+01,1.941216e+01,1.953810e+01,1.949614e+01,1.940516e+01,1.955208e+01,1.962896e+01,1.962197e+01,1.954509e+01,1.971275e+01,1.969879e+01,1.967785e+01,1.969181e+01,1.971973e+01,1.964293e+01,1.963594e+01,1.966388e+01,1.966388e+01,1.966388e+01,1.974067e+01,1.964991e+01,1.964991e+01,1.967086e+01,1.965689e+01,1.965689e+01,1.979647e+01,1.974067e+01,1.958703e+01,1.958004e+01,1.959402e+01,1.961498e+01,1.969181e+01,1.956606e+01,1.955907e+01,1.961498e+01,1.958703e+01,1.959402e+01,1.955907e+01,1.964991e+01,1.951712e+01,1.966388e+01,1.956606e+01,1.956606e+01,1.958703e+01,1.948914e+01,1.963594e+01,1.960800e+01,1.952411e+01,1.964991e+01,1.951013e+01,1.955907e+01,1.957305e+01,1.959402e+01,1.952411e+01,1.952411e+01,1.941216e+01,1.941216e+01,1.940516e+01,1.944716e+01,1.963594e+01,1.958004e+01,1.960101e+01,1.960101e+01,1.967785e+01,1.965689e+01,1.974764e+01,1.973369e+01,1.960800e+01,1.977555e+01,1.978253e+01,1.976858e+01,1.968483e+01,1.975462e+01,1.974067e+01,1.978950e+01,1.973369e+01,1.968483e+01,1.973369e+01,1.974067e+01,1.976160e+01,1.968483e+01,1.974764e+01,1.973369e+01,1.970577e+01,1.970577e+01,1.967785e+01,1.969181e+01,1.976160e+01,1.968483e+01,1.968483e+01,1.967785e+01,1.978950e+01,1.969879e+01,1.978950e+01,1.976858e+01,1.976858e+01,1.975462e+01,1.972671e+01,1.972671e+01,1.975462e+01,1.966388e+01,1.966388e+01,1.969181e+01,1.967785e+01,1.964293e+01,1.966388e+01,1.972671e+01,1.994979e+01,1.999852e+01,2.023489e+01,2.047070e+01,2.063682e+01,2.063682e+01,2.064374e+01,2.069905e+01,2.069213e+01,2.075432e+01,2.062299e+01,2.072669e+01,2.063682e+01,2.067831e+01,2.078886e+01,2.078886e+01,2.063682e+01,2.060915e+01,2.063682e+01,2.062990e+01,2.053303e+01,2.053995e+01,2.051225e+01,2.044298e+01,2.033205e+01,1.994283e+01,1.984528e+01,1.994283e+01,1.984528e+01,1.978253e+01,1.974067e+01,1.976858e+01,1.971275e+01,1.976858e+01,1.970577e+01,1.979647e+01,1.982437e+01,1.973369e+01,1.969181e+01,1.967785e+01,1.974067e+01,1.981042e+01,1.980345e+01,1.968483e+01,1.979647e+01,1.982437e+01,1.987316e+01,1.986619e+01,1.980345e+01,1.978950e+01,1.976858e+01,1.967785e+01,1.975462e+01,1.973369e+01,1.975462e+01,1.981740e+01,1.965689e+01,1.969879e+01,1.974067e+01,1.978950e+01,1.974764e+01,1.977555e+01,1.982437e+01,1.965689e+01,1.966388e+01,1.967785e+01,1.972671e+01,1.977555e+01,1.976858e+01,1.996371e+01,2.007505e+01,2.031818e+01,2.026266e+01,2.035980e+01,2.038060e+01,2.025571e+01,2.024877e+01,2.029042e+01,2.020016e+01,2.021405e+01,2.020016e+01,2.020016e+01,2.034592e+01,2.017237e+01,2.029736e+01,2.025571e+01,2.020711e+01,2.038060e+01,2.047070e+01,2.047070e+01,2.046377e+01,2.049148e+01,2.046377e+01,2.044991e+01,2.050533e+01,2.056763e+01,2.060915e+01,2.060223e+01,2.050533e+01,2.061607e+01,2.056763e+01,2.051225e+01,2.067831e+01,2.061607e+01,2.055379e+01,2.061607e+01,2.058840e+01,2.059531e+01,2.056763e+01,2.060915e+01,2.057456e+01,2.055379e+01,2.056763e+01,2.067831e+01,2.053995e+01,2.058148e+01,2.060915e+01,2.060915e+01,2.061607e+01,2.065065e+01,2.069213e+01,2.067831e+01,2.068522e+01,2.061607e+01,2.063682e+01,2.067139e+01,2.061607e+01,2.062299e+01,2.060915e+01,2.065065e+01,2.065065e+01,2.065065e+01,2.066448e+01,2.067831e+01,2.080957e+01,2.065065e+01,2.067831e+01,2.069905e+01,2.066448e+01,2.074051e+01,2.078886e+01,2.077505e+01,2.072669e+01,2.080267e+01,2.074742e+01,2.076814e+01,2.072669e+01,2.075432e+01,2.087169e+01,2.076123e+01,2.084409e+01,2.067831e+01,2.079576e+01,2.074742e+01,2.073360e+01,2.071287e+01,2.074742e+01,2.082338e+01,2.062990e+01,2.074742e+01,2.078195e+01,2.071287e+01,2.082338e+01,2.074742e+01,2.080267e+01,2.085789e+01,2.078886e+01,2.092688e+01,2.096135e+01,2.079576e+01,2.087169e+01,2.071978e+01,2.082338e+01,2.081648e+01,2.080957e+01,2.083719e+01,2.080267e+01,2.087169e+01,2.091308e+01,2.091308e+01,2.074742e+01,2.073360e+01,2.078195e+01,2.083028e+01,2.080957e+01,2.076814e+01,2.082338e+01,2.078886e+01,2.078195e+01,2.087169e+01,2.092688e+01,2.097514e+01,2.103716e+01,2.144278e+01,2.208571e+01,2.260258e+01,2.339997e+01,2.376954e+01,2.401742e+01,2.451141e+01,2.483060e+01,2.483060e+01,2.485051e+01,2.488370e+01,2.487706e+01,2.475089e+01,2.483723e+01,2.481067e+01,2.463787e+01,2.473096e+01,2.456468e+01,2.460461e+01,2.447145e+01,2.438480e+01,2.436479e+01,2.411774e+01,2.414448e+01,2.387010e+01,2.371586e+01,2.335957e+01,2.325177e+01,2.292092e+01,2.269750e+01,2.239206e+01,2.216068e+01,2.197656e+01,2.163472e+01,2.157991e+01,2.154565e+01,2.140161e+01,2.117484e+01,2.101649e+01,2.117484e+01,2.119548e+01,2.117484e+01,2.118172e+01,2.118172e+01,2.107848e+01,2.110602e+01,2.121611e+01,2.110602e+01,2.100271e+01,2.109225e+01,2.111291e+01,2.109225e+01,2.097514e+01,2.099582e+01,2.097514e+01,2.104405e+01,2.100271e+01,2.103716e+01,2.099582e+01,2.094067e+01,2.092688e+01,2.108537e+01,2.096135e+01,2.103716e+01,2.095446e+01,2.104405e+01,2.107160e+01,2.101649e+01,2.096135e+01,2.096825e+01,2.094067e+01,2.095446e+01,2.096135e+01,2.096825e+01,2.107160e+01,2.104405e+01,2.105094e+01,2.105094e+01,2.100271e+01,2.096135e+01,2.104405e+01,2.100960e+01,2.099582e+01,2.098203e+01,2.099582e+01,2.100960e+01,2.102338e+01,2.107160e+01,2.115420e+01,2.109225e+01,2.108537e+01,2.110602e+01,2.105782e+01,2.109225e+01,2.107848e+01,2.100271e+01,2.110602e+01,2.104405e+01,2.104405e+01,2.103027e+01,2.105782e+01,2.109225e+01,2.114732e+01,2.113355e+01,2.097514e+01,2.100960e+01,2.105094e+01,2.101649e+01,2.107160e+01,2.111291e+01,2.114044e+01,2.105094e+01,2.097514e+01,2.116796e+01,2.108537e+01,2.118860e+01,2.116108e+01,2.109225e+01,2.112667e+01,2.104405e+01,2.110602e+01,2.105782e+01,2.102338e+01,2.105782e+01,2.106471e+01,2.118860e+01,2.108537e+01,2.107160e+01,2.093377e+01,2.110602e+01,2.095446e+01,2.093377e+01,2.100960e+01,2.109914e+01,2.115420e+01,2.110602e+01,2.116796e+01,2.114732e+01,2.105782e+01,2.108537e+01,2.105782e+01,2.116796e+01,2.119548e+01,2.118172e+01,2.113355e+01,2.116108e+01,2.112667e+01,2.118172e+01,2.123674e+01,2.120923e+01,2.104405e+01,2.116108e+01,2.110602e+01,2.111979e+01,2.113355e+01,2.114044e+01,2.105782e+01,2.100271e+01,2.117484e+01,2.117484e+01,2.103027e+01,2.109914e+01,2.105094e+01,2.109225e+01,2.107160e+01,2.108537e+01,2.110602e+01,2.121611e+01,2.128485e+01,2.108537e+01,2.107848e+01,2.120923e+01
2.114732e+01,2.110602e+01,2.115420e+01,2.107160e+01,2.113355e+01,2.111291e+01,2.104405e+01,2.109225e+01,2.118172e+01,2.111291e+01,2.109914e+01,2.111979e+01,2.115420e+01,2.115420e+01,2.114732e+01,2.113355e+01,2.111979e+01,2.109914e+01,2.114044e+01,2.113355e+01,2.111979e+01,2.112667e+01,2.121611e+01,2.118172e+01,2.113355e+01,2.115420e+01,2.110602e+01,2.109914e+01,2.116108e+01,2.111291e+01,2.112667e+01,2.114044e+01,2.111291e+01,2.127798e+01,2.112667e+01,2.125736e+01,2.116108e+01,2.121611e+01,2.122298e+01,2.114732e+01,2.122298e+01,2.120235e+01,2.106471e+01,2.108537e+01,2.118172e+01,2.113355e+01,2.119548e+01,2.116108e+01,2.116796e+01,2.112667e+01,2.123674e+01,2.120235e+01,2.120235e+01,2.108537e+01,2.104405e+01,2.114044e+01,2.111979e+01,2.114044e+01,2.114732e+01,2.110602e+01,2.106471e+01,2.100960e+01,2.114044e+01,2.107160e+01,2.110602e+01,2.107848e+01,2.104405e+01,2.111979e+01,2.106471e+01,2.121611e+01,2.100271e+01,2.107160e+01,2.111979e+01,2.113355e+01,2.111979e+01,2.105782e+01,2.104405e+01,2.102338e+01,2.095446e+01,2.101649e+01,2.094067e+01,2.093377e+01,2.094067e+01,2.100960e+01,2.096825e+01,2.097514e+01,2.105782e+01,2.096825e+01,2.095446e+01,2.104405e+01,2.100271e+01,2.102338e+01,2.103716e+01,2.097514e+01,2.097514e+01,2.108537e+01,2.096825e+01,2.101649e+01,2.097514e+01,2.104405e+01,2.098203e+01,2.103716e+01,2.095446e+01,2.103027e+01,2.107160e+01,2.101649e+01,2.116108e+01,2.107848e+01,2.098203e+01,2.104405e+01,2.111979e+01,2.100960e+01,2.098203e+01,2.107160e+01,2.112667e+01,2.105782e+01,2.105094e+01,2.109914e+01,2.109225e+01,2.106471e+01,2.101649e+01,2.109225e+01,2.098893e+01,2.096135e+01,2.099582e+01,2.116108e+01,2.108537e+01,2.099582e+01,2.103716e+01,2.094757e+01,2.104405e+01,2.105094e+01,2.107848e+01,2.107160e+01,2.095446e+01,2.097514e+01,2.111291e+01,2.105094e+01,2.112667e+01,2.110602e+01,2.113355e+01,2.108537e+01,2.109914e+01,2.096135e+01,2.098893e+01,2.044991e+01,2.054687e+01,2.014458e+01,2.006114e+01,1.976858e+01,1.968483e+01,1.970577e+01,1.964991e+01,1.960800e+01,1.962197e+01,1.961498e+01,1.962896e+01,1.951712e+01,1.953810e+01,1.953111e+01,1.946115e+01,1.948215e+01,1.945416e+01,1.944016e+01,1.944016e+01,1.946815e+01,1.941216e+01,1.942616e+01,1.941216e+01,1.935614e+01,1.948215e+01,1.958004e+01,1.941916e+01,1.958004e+01,1.960101e+01,1.957305e+01,1.964991e+01,1.964991e+01,1.971275e+01,1.964293e+01,1.963594e+01,1.964991e+01,1.962896e+01,1.969879e+01,1.963594e+01,1.967086e+01,1.964991e+01,1.970577e+01,1.966388e+01,1.964293e+01,1.964293e+01,1.970577e+01,1.967785e+01,1.962197e+01,1.956606e+01,1.966388e+01,1.965689e+01,1.964293e+01,1.959402e+01,1.955208e+01,1.948215e+01,1.955907e+01,1.964991e+01,1.955907e+01,1.956606e+01,1.960101e+01,1.958004e+01,1.956606e+01,1.956606e+01,1.957305e+01,1.950313e+01,1.951013e+01,1.950313e+01,1.955208e+01,1.951712e+01,1.963594e+01,1.948215e+01,1.955907e+01,1.961498e+01,1.952411e+01,1.948914e+01,1.944716e+01,1.949614e+01,1.948215e+01,1.944716e+01,1.945416e+01,1.941916e+01,1.954509e+01,1.972671e+01,1.959402e+01,1.975462e+01,1.961498e+01,1.967086e+01,1.962197e+01,1.969181e+01,1.957305e+01,1.976858e+01,1.974067e+01,1.970577e+01,1.970577e+01,1.971275e+01,1.971973e+01,1.976160e+01,1.970577e+01,1.969879e+01,1.964991e+01,1.971275e+01,1.977555e+01,1.976160e+01,1.971973e+01,1.967086e+01,1.970577e+01,1.974067e+01,1.971973e+01,1.969879e+01,1.967086e+01,1.983134e+01,1.981740e+01,1.972671e+01,1.979647e+01,1.971275e+01,1.975462e+01,1.977555e+01,1.962197e+01,1.974067e+01,1.971973e+01,1.971973e+01,1.969181e+01,1.970577e+01,1.960800e+01,1.962896e+01,1.969181e+01,1.967785e+01,1.969879e+01,1.977555e+01,1.978950e+01,1.999852e+01,2.024877e+01,2.047070e+01,2.055379e+01,2.051918e+01,2.069213e+01,2.056071e+01,2.068522e+01,2.059531e+01,2.063682e+01,2.059531e+01,2.060915e+01,2.064374e+01,2.057456e+01,2.065065e+01,2.065065e+01,2.056071e+01,2.060915e+01,2.058148e+01,2.053995e+01,2.064374e+01,2.052610e+01,2.047762e+01,2.038060e+01,2.017932e+01,1.987316e+01,1.982437e+01,1.987316e+01,1.977555e+01,1.981042e+01,1.986619e+01,1.975462e+01,1.986619e+01,1.981740e+01,1.970577e+01,1.986619e+01,1.972671e+01,1.969879e+01,1.976858e+01,1.977555e+01,1.964293e+01,1.979647e+01,1.981042e+01,1.964293e+01,1.979647e+01,1.983831e+01,1.978253e+01,1.981042e+01,1.982437e+01,1.981740e+01,1.977555e+01,1.978950e+01,1.974764e+01,1.973369e+01,1.978253e+01,1.981042e+01,1.971973e+01,1.973369e+01,1.970577e+01,1.969181e+01,1.977555e+01,1.964991e+01,1.964991e+01,1.978950e+01,1.972671e+01,1.974067e+01,1.971973e+01,1.977555e+01,1.983134e+01,2.004723e+01,2.017237e+01,2.019321e+01,2.023489e+01,2.020016e+01,2.022100e+01,2.012372e+01,2.014458e+01,2.015153e+01,2.020711e+01,2.029736e+01,2.018627e+01,2.026266e+01,2.016542e+01,2.010982e+01,2.012372e+01,2.008896e+01,2.024877e+01,2.043605e+01,2.042219e+01,2.044991e+01,2.041526e+01,2.053995e+01,2.053303e+01,2.058840e+01,2.061607e+01,2.058840e+01,2.057456e+01,2.057456e+01,2.055379e+01,2.056763e+01,2.059531e+01,2.049148e+01,2.058148e+01,2.056763e+01,2.064374e+01,2.062299e+01,2.058148e+01,2.061607e+01,2.057456e+01,2.056071e+01,2.058840e+01,2.053995e+01,2.058148e+01,2.060915e+01,2.065757e+01,2.066448e+01,2.060223e+01,2.058148e+01,2.067831e+01,2.066448e+01,2.061607e+01,2.062990e+01,2.061607e+01,2.062299e+01,2.062990e+01,2.063682e+01,2.060915e+01,2.060915e+01,2.065065e+01,2.047070e+01,2.063682e+01,2.071287e+01,2.076123e+01,2.060223e+01,2.066448e+01,2.067831e+01,2.066448e+01,2.069213e+01,2.073360e+01,2.063682e+01,2.074742e+01,2.072669e+01,2.073360e+01,2.073360e+01,2.072669e+01,2.074742e+01,2.080957e+01,2.082338e+01,2.083028e+01,2.074742e+01,2.076814e+01,2.075432e+01,2.074051e+01,2.074742e+01,2.075432e+01,2.072669e+01,2.071978e+01,2.076814e+01,2.070596e+01,2.081648e+01,2.072669e+01,2.075432e+01,2.082338e+01,2.081648e+01,2.083028e+01,2.095446e+01,2.081648e+01,2.076123e+01,2.095446e+01,2.085099e+01,2.075432e+01,2.090619e+01,2.072669e+01,2.080957e+01,2.080267e+01,2.074051e+01,2.091998e+01,2.076123e+01,2.081648e+01,2.079576e+01,2.078195e+01,2.082338e+01,2.067139e+01,2.082338e+01,2.082338e+01,2.076814e+01,2.074742e+01,2.074742e+01,2.087859e+01,2.071287e+01,2.092688e+01,2.107160e+01,2.151823e+01,2.182629e+01,2.258901e+01,2.317084e+01,2.378295e+01,2.401073e+01,2.438480e+01,2.468442e+01,2.486379e+01,2.491024e+01,2.489033e+01,2.492351e+01,2.497656e+01,2.487042e+01,2.473096e+01,2.470437e+01,2.455802e+01,2.471102e+01,2.469107e+01,2.449143e+01,2.443813e+01,2.439147e+01,2.420461e+01,2.415116e+01,2.399734e+01,2.370244e+01,2.354795e+01,2.327199e+01,2.313035e+01,2.289387e+01,2.263649e+01,2.226282e+01,2.205161e+01,2.170318e+01,2.160732e+01,2.153194e+01,2.128485e+01,2.122298e+01,2.120235e+01,2.117484e+01,2.114044e+01,2.108537e+01,2.116796e+01,2.114044e+01,2.111291e+01,2.117484e+01,2.106471e+01,2.108537e+01,2.114732e+01,2.107160e+01,2.095446e+01,2.107848e+01,2.100271e+01,2.098893e+01,2.108537e+01,2.119548e+01,2.101649e+01,2.100960e+01,2.100271e+01,2.098893e+01,2.108537e+01,2.094757e+01,2.096135e+01,2.100271e+01,2.094757e+01,2.104405e+01,2.101649e+01,2.100271e+01,2.096825e+01,2.098893e+01,2.098203e+01,2.087859e+01,2.096825e+01,2.095446e+01,2.094757e+01,2.100271e+01,2.096825e+01,2.099582e+01,2.097514e+01,2.088549e+01,2.096825e+01,2.098203e+01,2.094757e+01,2.097514e+01,2.096135e+01,2.101649e+01,2.105094e+01,2.111291e+01,2.107848e+01,2.109225e+01,2.113355e+01,2.109225e+01,2.113355e+01,2.114044e+01,2.107848e+01,2.112667e+01,2.108537e+01,2.111979e+01,2.109225e+01,2.107160e+01,2.105782e+01,2.114044e+01,2.108537e+01,2.111291e+01,2.109225e+01,2.106471e+01,2.109225e+01,2.105094e+01,2.100271e+01,2.103027e+01,2.111291e+01,2.103716e+01,2.102338e+01,2.108537e+01,2.116108e+01,2.114044e+01,2.114044e+01,2.111979e+01,2.114732e+01,2.111979e+01,2.103716e+01,2.111291e+01,2.110602e+01,2.100271e+01,2.100271e+01,2.114732e+01,2.098893e+01,2.113355e+01,2.094067e+01,2.109914e+01,2.095446e+01,2.109225e+01,2.111979e+01,2.111291e+01,2.112667e+01,2.103716e+01,2.116796e+01,2.105094e+01,2.111979e+01,2.107160e+01,2.104405e+01,2.108537e+01,2.118172e+01,2.117484e+01,2.118860e+01,2.111291e+01,2.111291e+01,2.111291e+01,2.110602e+01,2.104405e+01,2.110602e+01,2.114044e+01,2.117484e+01,2.113355e+01,2.108537e+01,2.116108e+01,2.112667e+01,2.114044e+01,2.098893e+01,2.116108e+01,2.117484e+01,2.114044e+01,2.123674e+01,2.113355e+01,2.111979e+01,2.123674e+01,2.111291e+01,2.118860e+01,2.121611e+01,2.125736e+01,2.113355e+01,2.106471e+01
2.114732e+01,2.114044e+01,2.111291e+01,2.111979e+01,2.105782e+01,2.114732e+01,2.106471e+01,2.116108e+01,2.111291e+01,2.098893e+01,2.111291e+01,2.114044e+01,2.122986e+01,2.114044e+01,2.116796e+01,2.119548e+01,2.133294e+01,2.114732e+01,2.113355e+01,2.108537e+01,2.111291e+01,2.118860e+01,2.116108e+01,2.114732e+01,2.112667e+01,2.116108e+01,2.119548e+01,2.112667e+01,2.113355e+01,2.123674e+01,2.113355e+01,2.125736e+01,2.111979e+01,2.129172e+01,2.129859e+01,2.115420e+01,2.112667e+01,2.115420e+01,2.118172e+01,2.122986e+01,2.119548e+01,2.118172e+01,2.105094e+01,2.118860e+01,2.109914e+01,2.116108e+01,2.120923e+01,2.115420e+01,2.114044e+01,2.120923e+01,2.120923e+01,2.115420e+01,2.109225e+01,2.109225e+01,2.111979e+01,2.111979e+01,2.111291e+01,2.114044e+01,2.111291e+01,2.111979e+01,2.114044e+01,2.113355e+01,2.109225e+01,2.109225e+01,2.113355e+01,2.106471e+01,2.105094e+01,2.109225e+01,2.111291e+01,2.105782e+01,2.105782e+01,2.104405e+01,2.114044e+01,2.105094e+01,2.105782e+01,2.105782e+01,2.095446e+01,2.096135e+01,2.103716e+01,2.098203e+01,2.098893e+01,2.101649e+01,2.094757e+01,2.099582e+01,2.098893e+01,2.096825e+01,2.096135e+01,2.105782e+01,2.112667e+01,2.098893e+01,2.099582e+01,2.103027e+01,2.105094e+01,2.107848e+01,2.096135e+01,2.105782e+01,2.095446e+01,2.094067e+01,2.111291e+01,2.098203e+01,2.104405e+01,2.094067e+01,2.100960e+01,2.107848e+01,2.098893e+01,2.120235e+01,2.104405e+01,2.104405e+01,2.111291e+01,2.107160e+01,2.105782e+01,2.105782e+01,2.109225e+01,2.116796e+01,2.098893e+01,2.106471e+01,2.115420e+01,2.105094e+01,2.103716e+01,2.108537e+01,2.097514e+01,2.110602e+01,2.094067e+01,2.102338e+01,2.108537e+01,2.102338e+01,2.114044e+01,2.120235e+01,2.100271e+01,2.103716e+01,2.105782e+01,2.103027e+01,2.109914e+01,2.105094e+01,2.114044e+01,2.114044e+01,2.110602e+01,2.110602e+01,2.100960e+01,2.108537e+01,2.111291e+01,2.115420e+01,2.117484e+01,2.093377e+01,2.081648e+01,2.046377e+01,2.014458e+01,1.994283e+01,1.991496e+01,1.969879e+01,1.968483e+01,1.971275e+01,1.962197e+01,1.960800e+01,1.964991e+01,1.967785e+01,1.956606e+01,1.946115e+01,1.958703e+01,1.941216e+01,1.946815e+01,1.944716e+01,1.945416e+01,1.944716e+01,1.950313e+01,1.941916e+01,1.948914e+01,1.939816e+01,1.944716e+01,1.955208e+01,1.944716e+01,1.942616e+01,1.951712e+01,1.955907e+01,1.962896e+01,1.956606e+01,1.958703e+01,1.964293e+01,1.972671e+01,1.971973e+01,1.968483e+01,1.962197e+01,1.964991e+01,1.967785e+01,1.969181e+01,1.968483e+01,1.970577e+01,1.963594e+01,1.965689e+01,1.964293e+01,1.963594e+01,1.961498e+01,1.959402e+01,1.952411e+01,1.963594e+01,1.950313e+01,1.957305e+01,1.965689e+01,1.953810e+01,1.954509e+01,1.957305e+01,1.953111e+01,1.953111e+01,1.958004e+01,1.964991e+01,1.955907e+01,1.955208e+01,1.958004e+01,1.964991e+01,1.958703e+01,1.953111e+01,1.948914e+01,1.958703e+01,1.960101e+01,1.964991e+01,1.958004e+01,1.962896e+01,1.952411e+01,1.951013e+01,1.948215e+01,1.952411e+01,1.947515e+01,1.944016e+01,1.951712e+01,1.950313e+01,1.954509e+01,1.946815e+01,1.950313e+01,1.958004e+01,1.960800e+01,1.971973e+01,1.964991e+01,1.965689e+01,1.965689e+01,1.971275e+01,1.971275e+01,1.965689e+01,1.969879e+01,1.968483e+01,1.965689e+01,1.970577e+01,1.960101e+01,1.969181e+01,1.974764e+01,1.963594e+01,1.974067e+01,1.973369e+01,1.976858e+01,1.976160e+01,1.971275e+01,1.974067e+01,1.970577e+01,1.972671e+01,1.968483e+01,1.968483e+01,1.962896e+01,1.974067e+01,1.968483e+01,1.974067e+01,1.979647e+01,1.981042e+01,1.979647e+01,1.969879e+01,1.978253e+01,1.974067e+01,1.965689e+01,1.975462e+01,1.971973e+01,1.977555e+01,1.971973e+01,1.969879e+01,1.967086e+01,1.976160e+01,1.972671e+01,1.974067e+01,1.992890e+01,2.010287e+01,2.029736e+01,2.049148e+01,2.061607e+01,2.058148e+01,2.067831e+01,2.069905e+01,2.069213e+01,2.061607e+01,2.066448e+01,2.069905e+01,2.068522e+01,2.071978e+01,2.070596e+01,2.061607e+01,2.060915e+01,2.058148e+01,2.068522e+01,2.065065e+01,2.057456e+01,2.051225e+01,2.050533e+01,2.051225e+01,2.047070e+01,2.039447e+01,2.038753e+01,1.984528e+01,1.986619e+01,1.983134e+01,1.978253e+01,1.982437e+01,1.975462e+01,1.978253e+01,1.974764e+01,1.986619e+01,1.972671e+01,1.973369e+01,1.978950e+01,1.973369e+01,1.973369e+01,1.969181e+01,1.983831e+01,1.976858e+01,1.982437e+01,1.977555e+01,1.981042e+01,1.977555e+01,1.969879e+01,1.979647e+01,1.975462e+01,1.972671e+01,1.974764e+01,1.976858e+01,1.974067e+01,1.963594e+01,1.985922e+01,1.989407e+01,1.990103e+01,1.976160e+01,1.987316e+01,1.982437e+01,1.965689e+01,1.966388e+01,1.967086e+01,1.977555e+01,1.981740e+01,1.976160e+01,1.978253e+01,1.981042e+01,1.994979e+01,2.017932e+01,2.016542e+01,2.016542e+01,2.023489e+01,2.020016e+01,2.022794e+01,2.020016e+01,2.020711e+01,2.017237e+01,2.016542e+01,2.009591e+01,2.028348e+01,2.023489e+01,2.014458e+01,2.017932e+01,2.015153e+01,2.012372e+01,2.040140e+01,2.044298e+01,2.046377e+01,2.045684e+01,2.049148e+01,2.049148e+01,2.053995e+01,2.058840e+01,2.060915e+01,2.058148e+01,2.060223e+01,2.056763e+01,2.060915e+01,2.056071e+01,2.053303e+01,2.062299e+01,2.062990e+01,2.054687e+01,2.060223e+01,2.058840e+01,2.062990e+01,2.056071e+01,2.060915e+01,2.053303e+01,2.058148e+01,2.058148e+01,2.060915e+01,2.056763e+01,2.058148e+01,2.061607e+01,2.060223e+01,2.055379e+01,2.062299e+01,2.061607e+01,2.065757e+01,2.063682e+01,2.063682e+01,2.063682e+01,2.066448e+01,2.065757e+01,2.060223e+01,2.074051e+01,2.062299e+01,2.076814e+01,2.077505e+01,2.067831e+01,2.070596e+01,2.064374e+01,2.070596e+01,2.067831e+01,2.067831e+01,2.068522e+01,2.071287e+01,2.071978e+01,2.076814e+01,2.067831e+01,2.078195e+01,2.080957e+01,2.066448e+01,2.085789e+01,2.077505e+01,2.067831e+01,2.080957e+01,2.077505e+01,2.075432e+01,2.074051e+01,2.080957e+01,2.067831e+01,2.065757e+01,2.073360e+01,2.073360e+01,2.076814e+01,2.070596e+01,2.077505e+01,2.074051e+01,2.083719e+01,2.082338e+01,2.079576e+01,2.094067e+01,2.076814e+01,2.074742e+01,2.087859e+01,2.075432e+01,2.077505e+01,2.080267e+01,2.090619e+01,2.080267e+01,2.074742e+01,2.085099e+01,2.076814e+01,2.089239e+01,2.084409e+01,2.076814e+01,2.076123e+01,2.082338e+01,2.078195e+01,2.080267e+01,2.080957e+01,2.076123e+01,2.078886e+01,2.075432e+01,2.074742e+01,2.091998e+01,2.091308e+01,2.109225e+01,2.146336e+01,2.192877e+01,2.254150e+01,2.312361e+01,2.378295e+01,2.415784e+01,2.437146e+01,2.468442e+01,2.487706e+01,2.488370e+01,2.490360e+01,2.494341e+01,2.481731e+01,2.483060e+01,2.484387e+01,2.470437e+01,2.471766e+01,2.464452e+01,2.455802e+01,2.449809e+01,2.443813e+01,2.435812e+01,2.435145e+01,2.422465e+01,2.396387e+01,2.374941e+01,2.361515e+01,2.327199e+01,2.316409e+01,2.294121e+01,2.258222e+01,2.222198e+01,2.195608e+01,2.189462e+01,2.157991e+01,2.151137e+01,2.141533e+01,2.138101e+01,2.118172e+01,2.116108e+01,2.118172e+01,2.113355e+01,2.109225e+01,2.106471e+01,2.118172e+01,2.118860e+01,2.103716e+01,2.114732e+01,2.115420e+01,2.094757e+01,2.109225e+01,2.105782e+01,2.107848e+01,2.107848e+01,2.105782e+01,2.102338e+01,2.106471e+01,2.103027e+01,2.094067e+01,2.098203e+01,2.102338e+01,2.102338e+01,2.097514e+01,2.109225e+01,2.106471e+01,2.104405e+01,2.103027e+01,2.103027e+01,2.096135e+01,2.087859e+01,2.096825e+01,2.091308e+01,2.092688e+01,2.096825e+01,2.105782e+01,2.103027e+01,2.095446e+01,2.102338e+01,2.103716e+01,2.105094e+01,2.098203e+01,2.118860e+01,2.094067e+01,2.107160e+01,2.109914e+01,2.110602e+01,2.109225e+01,2.110602e+01,2.103716e+01,2.103027e+01,2.120235e+01,2.115420e+01,2.116108e+01,2.107160e+01,2.094757e+01,2.104405e+01,2.118860e+01,2.107848e+01,2.107160e+01,2.103027e+01,2.107848e+01,2.109225e+01,2.109914e+01,2.106471e+01,2.114044e+01,2.112667e+01,2.109914e+01,2.106471e+01,2.111291e+01,2.107848e+01,2.103716e+01,2.110602e+01,2.104405e+01,2.098893e+01,2.111979e+01,2.114044e+01,2.111979e+01,2.111979e+01,2.111291e+01,2.108537e+01,2.112667e+01,2.112667e+01,2.109225e+01,2.107848e+01,2.109914e+01,2.120923e+01,2.108537e+01,2.117484e+01,2.109914e+01,2.111291e+01,2.091998e+01,2.111291e+01,2.114732e+01,2.114044e+01,2.112667e+01,2.112667e+01,2.114732e+01,2.113355e+01,2.114044e+01,2.115420e+01,2.111979e+01,2.110602e+01,2.114732e+01,2.109914e+01,2.103716e+01,2.109225e+01,2.112667e+01,2.107848e+01,2.106471e+01,2.118172e+01,2.111979e+01,2.116796e+01,2.109914e+01,2.121611e+01,2.113355e+01,2.110602e+01,2.118172e+01,2.111291e+01,2.118860e+01,2.121611e+01,2.122298e+01,2.117484e+01,2.109225e+01,2.117484e+01,2.116108e+01,2.110602e+01,2.115420e+01,2.120923e+01,2.113355e+01,2.119548e+01,2.111979e+01,2.111979e+01
2.105782e+01,2.107160e+01,2.107848e+01,2.115420e+01,2.110602e+01,2.108537e+01,2.110602e+01,2.107848e+01,2.114044e+01,2.114044e+01,2.113355e+01,2.115420e+01,2.119548e+01,2.122298e+01,2.116796e+01,2.116796e+01,2.107848e+01,2.111291e+01,2.113355e+01,2.114044e+01,2.109914e+01,2.114044e+01,2.122986e+01,2.114044e+01,2.111291e+01,2.120235e+01,2.114044e+01,2.116796e+01,2.113355e+01,2.119548e+01,2.114044e+01,2.113355e+01,2.114044e+01,2.116108e+01,2.122986e+01,2.115420e+01,2.127798e+01,2.115420e+01,2.115420e+01,2.122986e+01,2.119548e+01,2.120235e+01,2.122986e+01,2.118172e+01,2.118860e+01,2.121611e+01,2.116108e+01,2.121611e+01,2.119548e+01,2.123674e+01,2.107848e+01,2.106471e+01,2.114044e+01,2.116796e+01,2.114044e+01,2.116108e+01,2.110602e+01,2.111979e+01,2.112667e+01,2.117484e+01,2.111291e+01,2.111979e+01,2.111979e+01,2.104405e+01,2.111291e+01,2.105782e+01,2.107160e+01,2.105782e+01,2.107160e+01,2.105094e+01,2.106471e+01,2.103716e+01,2.109225e+01,2.098203e+01,2.114044e+01,2.103716e+01,2.111291e+01,2.105782e+01,2.105782e+01,2.098893e+01,2.099582e+01,2.102338e+01,2.099582e+01,2.103027e+01,2.105782e+01,2.096825e+01,2.097514e+01,2.096135e+01,2.101649e+01,2.101649e+01,2.104405e+01,2.110602e+01,2.114044e+01,2.111979e+01,2.104405e+01,2.107160e+01,2.096825e+01,2.103027e+01,2.104405e+01,2.104405e+01,2.099582e+01,2.104405e+01,2.091998e+01,2.104405e+01,2.105094e+01,2.109914e+01,2.100271e+01,2.114732e+01,2.099582e+01,2.094757e+01,2.096825e+01,2.103716e+01,2.103027e+01,2.106471e+01,2.105782e+01,2.102338e+01,2.104405e+01,2.103716e+01,2.100271e+01,2.098893e+01,2.108537e+01,2.099582e+01,2.099582e+01,2.111291e+01,2.107160e+01,2.105094e+01,2.100960e+01,2.105782e+01,2.110602e+01,2.111291e+01,2.106471e+01,2.101649e+01,2.114044e+01,2.114044e+01,2.114044e+01,2.113355e+01,2.112667e+01,2.111979e+01,2.114732e+01,2.104405e+01,2.107848e+01,2.114044e+01,2.098893e+01,2.089929e+01,2.063682e+01,2.016542e+01,2.015153e+01,1.994979e+01,1.988710e+01,1.974764e+01,1.970577e+01,1.976160e+01,1.967086e+01,1.960800e+01,1.960800e+01,1.957305e+01,1.961498e+01,1.948914e+01,1.962197e+01,1.944716e+01,1.949614e+01,1.953111e+01,1.944016e+01,1.947515e+01,1.948215e+01,1.941216e+01,1.939116e+01,1.941216e+01,1.956606e+01,1.944016e+01,1.951712e+01,1.958004e+01,1.955208e+01,1.957305e+01,1.960101e+01,1.965689e+01,1.956606e+01,1.960101e+01,1.959402e+01,1.966388e+01,1.967086e+01,1.966388e+01,1.960101e+01,1.960800e+01,1.968483e+01,1.969181e+01,1.969879e+01,1.967086e+01,1.965689e+01,1.963594e+01,1.964991e+01,1.963594e+01,1.961498e+01,1.957305e+01,1.951013e+01,1.952411e+01,1.948914e+01,1.949614e+01,1.948215e+01,1.955208e+01,1.958004e+01,1.962896e+01,1.965689e+01,1.960101e+01,1.958703e+01,1.954509e+01,1.961498e+01,1.956606e+01,1.962896e+01,1.950313e+01,1.957305e+01,1.953810e+01,1.948215e+01,1.946115e+01,1.960101e+01,1.943316e+01,1.951013e+01,1.951712e+01,1.958703e+01,1.933512e+01,1.946115e+01,1.946815e+01,1.952411e+01,1.951013e+01,1.948215e+01,1.954509e+01,1.950313e+01,1.956606e+01,1.960101e+01,1.964293e+01,1.967086e+01,1.971275e+01,1.967785e+01,1.969181e+01,1.973369e+01,1.974067e+01,1.961498e+01,1.975462e+01,1.974067e+01,1.969181e+01,1.983134e+01,1.981740e+01,1.971973e+01,1.978950e+01,1.978253e+01,1.972671e+01,1.973369e+01,1.972671e+01,1.969879e+01,1.969879e+01,1.975462e+01,1.974764e+01,1.969879e+01,1.970577e+01,1.961498e+01,1.978253e+01,1.974067e+01,1.962197e+01,1.972671e+01,1.972671e+01,1.969181e+01,1.973369e+01,1.967785e+01,1.967785e+01,1.976858e+01,1.969181e+01,1.955208e+01,1.965689e+01,1.975462e+01,1.969181e+01,1.976160e+01,1.978253e+01,1.978253e+01,1.977555e+01,1.981740e+01,1.989407e+01,2.013068e+01,2.026960e+01,2.049148e+01,2.052610e+01,2.060915e+01,2.066448e+01,2.067831e+01,2.066448e+01,2.059531e+01,2.058840e+01,2.063682e+01,2.061607e+01,2.069905e+01,2.055379e+01,2.069213e+01,2.052610e+01,2.057456e+01,2.062990e+01,2.051225e+01,2.052610e+01,2.049148e+01,2.050533e+01,2.048455e+01,2.048455e+01,2.038753e+01,2.028348e+01,2.009591e+01,1.993586e+01,1.985922e+01,1.979647e+01,1.981740e+01,1.978253e+01,1.981740e+01,1.980345e+01,1.983831e+01,1.986619e+01,1.977555e+01,1.977555e+01,1.978950e+01,1.973369e+01,1.970577e+01,1.976160e+01,1.994283e+01,1.981042e+01,1.978950e+01,1.978253e+01,1.978950e+01,1.981042e+01,1.977555e+01,1.981042e+01,1.978950e+01,1.976858e+01,1.975462e+01,1.976160e+01,1.978253e+01,1.973369e+01,1.976160e+01,1.984528e+01,1.967785e+01,1.973369e+01,1.970577e+01,1.961498e+01,1.972671e+01,1.980345e+01,1.976160e+01,1.977555e+01,1.979647e+01,1.981740e+01,1.989407e+01,2.004027e+01,2.022794e+01,2.011677e+01,2.025571e+01,2.026266e+01,2.016542e+01,2.021405e+01,2.020711e+01,2.010982e+01,2.010982e+01,2.019321e+01,2.010287e+01,2.012372e+01,2.015153e+01,2.025571e+01,2.006810e+01,2.015848e+01,2.007505e+01,2.013068e+01,2.031124e+01,2.042912e+01,2.044991e+01,2.047070e+01,2.054687e+01,2.044298e+01,2.060223e+01,2.059531e+01,2.057456e+01,2.049840e+01,2.058148e+01,2.058148e+01,2.065065e+01,2.047762e+01,2.054687e+01,2.054687e+01,2.057456e+01,2.054687e+01,2.057456e+01,2.056071e+01,2.056763e+01,2.061607e+01,2.053995e+01,2.060915e+01,2.054687e+01,2.058148e+01,2.066448e+01,2.051225e+01,2.065757e+01,2.058840e+01,2.063682e+01,2.068522e+01,2.061607e+01,2.042219e+01,2.062990e+01,2.066448e+01,2.060915e+01,2.060915e+01,2.058148e+01,2.062299e+01,2.060915e+01,2.068522e+01,2.067831e+01,2.068522e+01,2.069213e+01,2.069905e+01,2.069213e+01,2.065065e+01,2.069213e+01,2.070596e+01,2.070596e+01,2.069905e+01,2.081648e+01,2.067139e+01,2.068522e+01,2.068522e+01,2.077505e+01,2.075432e+01,2.073360e+01,2.069213e+01,2.067139e+01,2.071287e+01,2.075432e+01,2.067831e+01,2.067831e+01,2.074742e+01,2.076123e+01,2.076123e+01,2.069213e+01,2.080267e+01,2.075432e+01,2.085789e+01,2.080957e+01,2.076814e+01,2.091308e+01,2.085789e+01,2.079576e+01,2.080957e+01,2.080957e+01,2.094757e+01,2.077505e+01,2.090619e+01,2.076123e+01,2.078195e+01,2.077505e+01,2.072669e+01,2.076123e+01,2.082338e+01,2.091308e+01,2.079576e+01,2.074742e+01,2.084409e+01,2.076123e+01,2.083028e+01,2.067831e+01,2.083028e+01,2.074742e+01,2.081648e+01,2.075432e+01,2.076814e+01,2.078195e+01,2.076814e+01,2.093377e+01,2.108537e+01,2.147022e+01,2.191511e+01,2.244643e+01,2.306960e+01,2.396387e+01,2.411774e+01,2.461126e+01,2.458464e+01,2.475089e+01,2.483060e+01,2.495004e+01,2.493014e+01,2.486379e+01,2.483723e+01,2.477747e+01,2.477082e+01,2.476418e+01,2.467777e+01,2.478411e+01,2.465783e+01,2.445812e+01,2.443813e+01,2.432477e+01,2.421797e+01,2.399734e+01,2.395048e+01,2.376954e+01,2.331915e+01,2.322480e+01,2.294121e+01,2.260258e+01,2.226282e+01,2.219474e+01,2.195608e+01,2.183312e+01,2.155250e+01,2.126423e+01,2.137415e+01,2.114732e+01,2.122298e+01,2.117484e+01,2.107160e+01,2.106471e+01,2.111979e+01,2.107848e+01,2.108537e+01,2.113355e+01,2.114044e+01,2.111291e+01,2.111291e+01,2.113355e+01,2.112667e+01,2.098893e+01,2.103027e+01,2.115420e+01,2.100960e+01,2.094067e+01,2.097514e+01,2.101649e+01,2.100271e+01,2.099582e+01,2.099582e+01,2.100960e+01,2.096825e+01,2.100960e+01,2.100271e+01,2.100271e+01,2.102338e+01,2.095446e+01,2.094757e+01,2.090619e+01,2.085099e+01,2.095446e+01,2.100271e+01,2.101649e+01,2.096135e+01,2.098893e+01,2.105782e+01,2.104405e+01,2.091998e+01,2.096825e+01,2.091998e+01,2.089929e+01,2.091308e+01,2.113355e+01,2.112667e+01,2.110602e+01,2.108537e+01,2.099582e+01,2.109225e+01,2.109914e+01,2.114044e+01,2.111291e+01,2.114732e+01,2.107160e+01,2.103027e+01,2.103716e+01,2.111979e+01,2.105782e+01,2.110602e+01,2.108537e+01,2.096825e+01,2.102338e+01,2.103716e+01,2.099582e+01,2.109225e+01,2.111979e+01,2.108537e+01,2.103716e+01,2.095446e+01,2.110602e+01,2.096825e+01,2.096825e+01,2.109914e+01,2.111979e+01,2.114044e+01,2.109225e+01,2.112667e+01,2.107160e+01,2.108537e+01,2.109225e+01,2.108537e+01,2.103027e+01,2.097514e+01,2.107848e+01,2.116796e+01,2.117484e+01,2.112667e+01,2.107848e+01,2.103716e+01,2.109914e+01,2.111979e+01,2.108537e+01,2.107160e+01,2.107160e+01,2.112667e+01,2.107848e+01,2.116108e+01,2.116796e+01,2.111291e+01,2.107160e+01,2.117484e+01,2.115420e+01,2.112667e+01,2.114044e+01,2.116796e+01,2.113355e+01,2.125048e+01,2.103716e+01,2.116108e+01,2.111291e+01,2.117484e+01,2.112667e+01,2.120923e+01,2.112667e+01,2.110602e+01,2.111291e+01,2.113355e+01,2.114732e+01,2.114732e+01,2.116796e+01,2.117484e+01,2.106471e+01,2.116108e+01,2.116108e+01,2.118860e+01,2.128485e+01,2.113355e+01,2.109225e+01,2.116796e+01,2.109914e+01,2.107848e+01
2.104405e+01,2.111979e+01,2.109225e+01,2.104405e+01,2.114732e+01,2.109914e+01,2.105782e+01,2.111291e+01,2.114732e+01,2.109914e+01,2.100960e+01,2.113355e+01,2.108537e+01,2.109225e+01,2.107160e+01,2.124361e+01,2.116108e+01,2.128485e+01,2.137415e+01,2.122986e+01,2.111979e+01,2.116796e+01,2.117484e+01,2.116796e+01,2.116796e+01,2.105782e+01,2.115420e+01,2.116796e+01,2.114044e+01,2.120923e+01,2.098203e+01,2.112667e+01,2.112667e+01,2.117484e+01,2.113355e+01,2.117484e+01,2.125048e+01,2.116796e+01,2.120235e+01,2.137415e+01,2.122298e+01,2.116796e+01,2.121611e+01,2.129172e+01,2.132607e+01,2.117484e+01,2.120235e+01,2.118172e+01,2.111291e+01,2.120235e+01,2.123674e+01,2.121611e+01,2.107160e+01,2.116796e+01,2.114044e+01,2.103027e+01,2.109914e+01,2.109225e+01,2.103027e+01,2.111979e+01,2.113355e+01,2.099582e+01,2.113355e+01,2.099582e+01,2.107848e+01,2.108537e+01,2.103027e+01,2.106471e+01,2.122986e+01,2.114044e+01,2.110602e+01,2.106471e+01,2.101649e+01,2.103027e+01,2.106471e+01,2.088549e+01,2.106471e+01,2.109225e+01,2.107848e+01,2.088549e+01,2.101649e+01,2.089239e+01,2.101649e+01,2.094757e+01,2.104405e+01,2.096825e+01,2.113355e+01,2.094757e+01,2.098893e+01,2.097514e+01,2.105782e+01,2.104405e+01,2.100960e+01,2.113355e+01,2.104405e+01,2.100960e+01,2.100960e+01,2.098203e+01,2.103716e+01,2.097514e+01,2.105782e+01,2.111291e+01,2.102338e+01,2.113355e+01,2.108537e+01,2.107160e+01,2.102338e+01,2.103716e+01,2.109914e+01,2.107848e+01,2.104405e+01,2.102338e+01,2.109914e+01,2.103716e+01,2.115420e+01,2.113355e+01,2.107160e+01,2.105782e+01,2.106471e+01,2.106471e+01,2.106471e+01,2.105094e+01,2.114044e+01,2.111291e+01,2.108537e+01,2.107160e+01,2.107848e+01,2.107848e+01,2.107160e+01,2.105094e+01,2.105094e+01,2.108537e+01,2.115420e+01,2.107848e+01,2.114732e+01,2.108537e+01,2.120923e+01,2.114044e+01,2.114732e+01,2.109225e+01,2.111291e+01,2.091308e+01,2.091998e+01,2.066448e+01,2.047070e+01,2.013068e+01,2.004723e+01,1.986619e+01,1.984528e+01,1.971973e+01,1.964293e+01,1.973369e+01,1.961498e+01,1.962896e+01,1.958703e+01,1.960101e+01,1.960800e+01,1.947515e+01,1.957305e+01,1.956606e+01,1.945416e+01,1.946115e+01,1.949614e+01,1.948914e+01,1.960101e+01,1.951013e+01,1.944016e+01,1.939816e+01,1.943316e+01,1.961498e+01,1.950313e+01,1.962896e+01,1.955907e+01,1.955208e+01,1.957305e+01,1.969879e+01,1.954509e+01,1.967086e+01,1.968483e+01,1.967785e+01,1.961498e+01,1.967086e+01,1.955208e+01,1.965689e+01,1.971275e+01,1.958004e+01,1.972671e+01,1.969181e+01,1.969879e+01,1.962896e+01,1.955907e+01,1.959402e+01,1.961498e+01,1.953810e+01,1.956606e+01,1.963594e+01,1.953810e+01,1.955208e+01,1.960800e+01,1.951013e+01,1.955208e+01,1.956606e+01,1.958004e+01,1.962896e+01,1.957305e+01,1.955907e+01,1.958703e+01,1.971973e+01,1.946815e+01,1.953111e+01,1.951712e+01,1.948215e+01,1.946115e+01,1.960101e+01,1.946115e+01,1.951013e+01,1.954509e+01,1.933512e+01,1.956606e+01,1.947515e+01,1.948914e+01,1.949614e+01,1.951013e+01,1.948215e+01,1.968483e+01,1.961498e+01,1.955907e+01,1.958703e+01,1.966388e+01,1.962896e+01,1.976160e+01,1.969879e+01,1.969181e+01,1.970577e+01,1.973369e+01,1.969879e+01,1.972671e+01,1.972671e+01,1.974067e+01,1.975462e+01,1.970577e+01,1.972671e+01,1.979647e+01,1.968483e+01,1.961498e+01,1.974067e+01,1.980345e+01,1.969879e+01,1.978950e+01,1.976858e+01,1.976160e+01,1.966388e+01,1.973369e+01,1.981740e+01,1.982437e+01,1.978950e+01,1.969181e+01,1.965689e+01,1.972671e+01,1.963594e+01,1.976160e+01,1.965689e+01,1.978950e+01,1.973369e+01,1.974067e+01,1.980345e+01,1.971275e+01,1.968483e+01,1.968483e+01,1.973369e+01,1.962896e+01,1.968483e+01,1.979647e+01,1.967086e+01,1.982437e+01,2.004723e+01,2.024877e+01,2.040140e+01,2.059531e+01,2.058148e+01,2.069213e+01,2.059531e+01,2.066448e+01,2.065757e+01,2.067139e+01,2.071287e+01,2.070596e+01,2.066448e+01,2.065757e+01,2.056071e+01,2.059531e+01,2.055379e+01,2.063682e+01,2.066448e+01,2.057456e+01,2.049840e+01,2.047070e+01,2.053303e+01,2.044991e+01,2.042912e+01,2.051918e+01,2.042912e+01,2.036673e+01,2.024877e+01,1.992193e+01,1.983134e+01,1.985922e+01,1.985922e+01,1.987316e+01,1.978950e+01,1.975462e+01,1.980345e+01,1.974067e+01,1.973369e+01,1.974067e+01,1.976858e+01,1.974067e+01,1.972671e+01,1.983831e+01,1.976160e+01,1.978950e+01,1.983831e+01,1.978950e+01,1.988013e+01,1.983831e+01,1.975462e+01,1.977555e+01,1.979647e+01,1.987316e+01,1.978950e+01,1.974067e+01,1.975462e+01,1.986619e+01,1.974067e+01,1.971973e+01,1.969181e+01,1.971973e+01,1.976858e+01,1.964991e+01,1.978253e+01,1.978950e+01,1.978950e+01,1.978253e+01,1.974067e+01,1.985225e+01,1.996371e+01,2.013763e+01,2.012372e+01,2.008201e+01,2.015848e+01,2.013763e+01,2.029736e+01,2.010982e+01,2.027654e+01,2.008201e+01,2.009591e+01,2.010982e+01,2.010287e+01,2.014458e+01,2.004027e+01,2.015848e+01,2.006810e+01,2.024877e+01,2.027654e+01,2.024183e+01,2.025571e+01,2.049840e+01,2.057456e+01,2.042912e+01,2.049840e+01,2.064374e+01,2.060915e+01,2.051918e+01,2.053995e+01,2.043605e+01,2.056071e+01,2.055379e+01,2.053995e+01,2.060223e+01,2.054687e+01,2.065757e+01,2.053303e+01,2.062990e+01,2.053995e+01,2.056071e+01,2.051918e+01,2.061607e+01,2.059531e+01,2.056071e+01,2.056071e+01,2.063682e+01,2.058840e+01,2.054687e+01,2.069905e+01,2.058840e+01,2.051225e+01,2.051918e+01,2.062299e+01,2.067831e+01,2.064374e+01,2.066448e+01,2.062299e+01,2.074742e+01,2.065757e+01,2.060915e+01,2.065757e+01,2.065065e+01,2.065065e+01,2.063682e+01,2.077505e+01,2.069905e+01,2.065065e+01,2.068522e+01,2.072669e+01,2.076123e+01,2.068522e+01,2.068522e+01,2.061607e+01,2.069905e+01,2.062990e+01,2.065757e+01,2.068522e+01,2.074742e+01,2.073360e+01,2.073360e+01,2.074742e+01,2.071978e+01,2.062299e+01,2.067831e+01,2.074051e+01,2.067139e+01,2.074051e+01,2.068522e+01,2.067831e+01,2.068522e+01,2.082338e+01,2.078886e+01,2.086479e+01,2.077505e+01,2.078195e+01,2.082338e+01,2.096825e+01,2.091998e+01,2.089929e+01,2.088549e+01,2.080267e+01,2.076123e+01,2.083719e+01,2.107160e+01,2.094067e+01,2.078886e+01,2.083719e+01,2.101649e+01,2.076123e+01,2.085099e+01,2.083028e+01,2.085099e+01,2.077505e+01,2.078886e+01,2.076123e+01,2.083719e+01,2.085099e+01,2.075432e+01,2.083028e+01,2.078886e+01,2.078886e+01,2.083028e+01,2.110602e+01,2.148394e+01,2.201750e+01,2.258901e+01,2.325851e+01,2.381648e+01,2.412442e+01,2.446478e+01,2.464452e+01,2.479739e+01,2.487042e+01,2.489033e+01,2.498319e+01,2.496330e+01,2.480403e+01,2.494341e+01,2.479075e+01,2.481731e+01,2.455802e+01,2.460461e+01,2.459795e+01,2.460461e+01,2.443146e+01,2.445146e+01,2.423800e+01,2.409100e+01,2.380307e+01,2.377624e+01,2.352778e+01,2.331242e+01,2.293444e+01,2.265005e+01,2.252793e+01,2.207207e+01,2.209934e+01,2.168264e+01,2.150451e+01,2.151137e+01,2.126423e+01,2.122298e+01,2.120923e+01,2.118172e+01,2.119548e+01,2.110602e+01,2.114044e+01,2.110602e+01,2.116796e+01,2.114044e+01,2.112667e+01,2.111291e+01,2.105782e+01,2.109914e+01,2.114044e+01,2.100271e+01,2.101649e+01,2.105094e+01,2.088549e+01,2.105094e+01,2.100960e+01,2.106471e+01,2.100960e+01,2.102338e+01,2.102338e+01,2.114732e+01,2.100271e+01,2.106471e+01,2.094757e+01,2.104405e+01,2.091308e+01,2.100271e+01,2.101649e+01,2.098203e+01,2.094757e+01,2.092688e+01,2.098893e+01,2.095446e+01,2.104405e+01,2.100960e+01,2.107848e+01,2.096825e+01,2.095446e+01,2.102338e+01,2.097514e+01,2.099582e+01,2.087169e+01,2.111291e+01,2.111979e+01,2.109225e+01,2.098893e+01,2.096825e+01,2.102338e+01,2.111291e+01,2.103716e+01,2.103716e+01,2.109225e+01,2.107160e+01,2.108537e+01,2.103027e+01,2.116796e+01,2.108537e+01,2.107848e+01,2.100271e+01,2.108537e+01,2.096825e+01,2.104405e+01,2.105094e+01,2.099582e+01,2.114044e+01,2.109914e+01,2.099582e+01,2.100960e+01,2.099582e+01,2.109914e+01,2.101649e+01,2.110602e+01,2.118860e+01,2.089239e+01,2.114732e+01,2.124361e+01,2.107160e+01,2.108537e+01,2.111979e+01,2.109914e+01,2.109914e+01,2.110602e+01,2.112667e+01,2.118172e+01,2.107160e+01,2.096825e+01,2.106471e+01,2.105782e+01,2.107848e+01,2.110602e+01,2.112667e+01,2.102338e+01,2.112667e+01,2.110602e+01,2.115420e+01,2.110602e+01,2.114732e+01,2.107160e+01,2.111979e+01,2.109225e+01,2.115420e+01,2.116108e+01,2.113355e+01,2.108537e+01,2.116796e+01,2.114044e+01,2.109914e+01,2.109914e+01,2.106471e+01,2.120235e+01,2.118172e+01,2.129172e+01,2.108537e+01,2.116108e+01,2.115420e+01,2.113355e+01,2.115420e+01,2.119548e+01,2.127110e+01,2.114732e+01,2.111979e+01,2.114044e+01,2.111979e+01,2.118860e+01,2.114732e+01,2.118860e+01,2.120235e+01,2.153880e+01,2.118860e+01,2.114044e+01
2.109914e+01,2.107160e+01,2.104405e+01,2.107848e+01,2.116796e+01,2.110602e+01,2.105782e+01,2.110602e+01,2.116796e+01,2.116796e+01,2.114732e+01,2.114732e+01,2.117484e+01,2.112667e+01,2.114732e+01,2.111979e+01,2.110602e+01,2.117484e+01,2.114732e+01,2.127110e+01,2.112667e+01,2.117484e+01,2.110602e+01,2.111291e+01,2.111979e+01,2.120923e+01,2.118860e+01,2.109914e+01,2.102338e+01,2.114732e+01,2.111979e+01,2.127110e+01,2.127110e+01,2.112667e+01,2.125048e+01,2.114732e+01,2.116108e+01,2.111979e+01,2.122298e+01,2.122986e+01,2.123674e+01,2.122298e+01,2.117484e+01,2.116108e+01,2.118860e+01,2.116796e+01,2.118860e+01,2.115420e+01,2.117484e+01,2.111291e+01,2.110602e+01,2.111979e+01,2.110602e+01,2.107848e+01,2.105782e+01,2.111291e+01,2.110602e+01,2.112667e+01,2.111291e+01,2.111979e+01,2.111291e+01,2.110602e+01,2.111979e+01,2.103027e+01,2.094757e+01,2.107848e+01,2.104405e+01,2.107160e+01,2.104405e+01,2.105782e+01,2.104405e+01,2.100271e+01,2.109225e+01,2.109914e+01,2.102338e+01,2.087169e+01,2.093377e+01,2.100271e+01,2.107160e+01,2.105094e+01,2.100271e+01,2.100960e+01,2.101649e+01,2.103716e+01,2.096825e+01,2.100271e+01,2.100271e+01,2.095446e+01,2.102338e+01,2.097514e+01,2.103027e+01,2.106471e+01,2.102338e+01,2.100960e+01,2.098203e+01,2.103027e+01,2.104405e+01,2.098203e+01,2.107160e+01,2.100271e+01,2.106471e+01,2.108537e+01,2.102338e+01,2.109914e+01,2.107160e+01,2.104405e+01,2.102338e+01,2.109225e+01,2.113355e+01,2.100960e+01,2.107848e+01,2.107848e+01,2.101649e+01,2.105094e+01,2.091998e+01,2.113355e+01,2.103716e+01,2.107848e+01,2.107160e+01,2.107160e+01,2.107160e+01,2.108537e+01,2.117484e+01,2.115420e+01,2.118172e+01,2.121611e+01,2.111291e+01,2.107848e+01,2.108537e+01,2.107848e+01,2.107848e+01,2.107160e+01,2.107848e+01,2.109225e+01,2.116796e+01,2.116108e+01,2.114732e+01,2.111979e+01,2.108537e+01,2.096825e+01,2.096135e+01,2.093377e+01,2.087859e+01,2.044298e+01,2.020016e+01,2.007505e+01,1.986619e+01,1.971973e+01,1.973369e+01,1.973369e+01,1.963594e+01,1.960101e+01,1.964991e+01,1.962896e+01,1.954509e+01,1.958004e+01,1.962197e+01,1.956606e+01,1.958004e+01,1.958703e+01,1.961498e+01,1.958703e+01,1.953810e+01,1.948914e+01,1.948215e+01,1.947515e+01,1.943316e+01,1.947515e+01,1.953111e+01,1.950313e+01,1.953810e+01,1.956606e+01,1.951712e+01,1.952411e+01,1.961498e+01,1.961498e+01,1.966388e+01,1.966388e+01,1.965689e+01,1.961498e+01,1.966388e+01,1.964991e+01,1.954509e+01,1.967785e+01,1.955907e+01,1.968483e+01,1.963594e+01,1.956606e+01,1.964991e+01,1.964293e+01,1.959402e+01,1.958004e+01,1.960101e+01,1.959402e+01,1.960101e+01,1.960800e+01,1.951013e+01,1.955907e+01,1.949614e+01,1.957305e+01,1.960101e+01,1.942616e+01,1.951712e+01,1.961498e+01,1.959402e+01,1.962896e+01,1.955208e+01,1.946115e+01,1.960800e+01,1.960101e+01,1.948914e+01,1.960800e+01,1.946115e+01,1.947515e+01,1.945416e+01,1.952411e+01,1.950313e+01,1.936314e+01,1.951013e+01,1.948914e+01,1.953111e+01,1.952411e+01,1.951712e+01,1.958703e+01,1.955208e+01,1.950313e+01,1.960101e+01,1.953111e+01,1.965689e+01,1.968483e+01,1.972671e+01,1.966388e+01,1.968483e+01,1.976858e+01,1.971275e+01,1.976858e+01,1.975462e+01,1.977555e+01,1.975462e+01,1.976160e+01,1.977555e+01,1.981042e+01,1.965689e+01,1.972671e+01,1.969181e+01,1.962896e+01,1.963594e+01,1.971973e+01,1.970577e+01,1.976858e+01,1.973369e+01,1.978253e+01,1.973369e+01,1.971973e+01,1.976160e+01,1.969181e+01,1.962197e+01,1.961498e+01,1.974764e+01,1.967086e+01,1.962896e+01,1.974764e+01,1.971275e+01,1.976858e+01,1.979647e+01,1.977555e+01,1.971973e+01,1.969879e+01,1.966388e+01,1.974067e+01,1.980345e+01,1.973369e+01,1.970577e+01,1.972671e+01,1.985922e+01,2.012372e+01,2.037366e+01,2.060915e+01,2.062990e+01,2.058148e+01,2.060915e+01,2.067139e+01,2.060915e+01,2.059531e+01,2.063682e+01,2.058840e+01,2.062299e+01,2.073360e+01,2.066448e+01,2.067139e+01,2.065065e+01,2.056763e+01,2.058840e+01,2.054687e+01,2.067139e+01,2.056763e+01,2.051918e+01,2.047070e+01,2.053303e+01,2.053303e+01,2.044298e+01,2.050533e+01,2.042219e+01,2.037366e+01,2.008896e+01,1.997764e+01,1.985922e+01,1.976858e+01,1.990103e+01,1.979647e+01,1.979647e+01,1.976160e+01,1.979647e+01,1.983831e+01,1.978253e+01,1.981042e+01,1.977555e+01,1.975462e+01,1.975462e+01,1.981740e+01,1.976858e+01,1.967785e+01,1.972671e+01,1.981740e+01,1.976160e+01,1.981042e+01,1.981740e+01,1.979647e+01,1.975462e+01,1.978253e+01,1.976160e+01,1.974067e+01,1.978950e+01,1.983831e+01,1.980345e+01,1.973369e+01,1.973369e+01,1.970577e+01,1.974067e+01,1.979647e+01,1.962896e+01,1.975462e+01,1.969879e+01,1.983134e+01,1.978950e+01,1.987316e+01,2.010287e+01,2.015153e+01,2.015153e+01,2.016542e+01,2.017932e+01,2.026266e+01,2.020711e+01,2.011677e+01,2.011677e+01,2.005419e+01,2.010287e+01,2.004027e+01,2.005419e+01,2.013763e+01,2.020711e+01,2.023489e+01,2.006114e+01,2.025571e+01,2.025571e+01,2.031124e+01,2.042912e+01,2.046377e+01,2.042219e+01,2.047070e+01,2.053303e+01,2.053995e+01,2.058840e+01,2.049840e+01,2.052610e+01,2.053995e+01,2.052610e+01,2.049148e+01,2.054687e+01,2.054687e+01,2.064374e+01,2.053995e+01,2.058148e+01,2.058148e+01,2.053303e+01,2.059531e+01,2.055379e+01,2.054687e+01,2.057456e+01,2.061607e+01,2.058840e+01,2.056071e+01,2.067139e+01,2.058840e+01,2.056763e+01,2.063682e+01,2.065757e+01,2.062299e+01,2.068522e+01,2.058840e+01,2.062990e+01,2.072669e+01,2.074051e+01,2.060915e+01,2.062299e+01,2.065757e+01,2.069213e+01,2.068522e+01,2.069213e+01,2.063682e+01,2.077505e+01,2.069213e+01,2.065065e+01,2.067139e+01,2.066448e+01,2.065065e+01,2.068522e+01,2.067831e+01,2.069905e+01,2.063682e+01,2.070596e+01,2.074051e+01,2.073360e+01,2.069905e+01,2.062990e+01,2.068522e+01,2.065065e+01,2.069213e+01,2.056071e+01,2.061607e+01,2.068522e+01,2.065757e+01,2.079576e+01,2.080957e+01,2.083028e+01,2.077505e+01,2.078195e+01,2.080267e+01,2.067831e+01,2.078195e+01,2.074051e+01,2.077505e+01,2.081648e+01,2.093377e+01,2.087169e+01,2.080957e+01,2.085789e+01,2.080267e+01,2.087859e+01,2.077505e+01,2.089239e+01,2.072669e+01,2.084409e+01,2.100271e+01,2.083719e+01,2.087169e+01,2.076123e+01,2.074742e+01,2.077505e+01,2.077505e+01,2.074742e+01,2.077505e+01,2.082338e+01,2.071287e+01,2.073360e+01,2.086479e+01,2.085099e+01,2.110602e+01,2.146336e+01,2.201068e+01,2.261614e+01,2.328547e+01,2.381648e+01,2.433144e+01,2.444479e+01,2.471102e+01,2.481731e+01,2.479739e+01,2.494341e+01,2.498982e+01,2.493014e+01,2.500308e+01,2.482396e+01,2.480403e+01,2.477082e+01,2.464452e+01,2.458464e+01,2.449143e+01,2.459130e+01,2.449809e+01,2.438480e+01,2.437146e+01,2.415116e+01,2.399734e+01,2.379636e+01,2.347398e+01,2.319108e+01,2.293444e+01,2.256186e+01,2.228324e+01,2.209252e+01,2.187413e+01,2.188096e+01,2.169633e+01,2.154565e+01,2.126423e+01,2.119548e+01,2.120235e+01,2.104405e+01,2.107160e+01,2.115420e+01,2.111291e+01,2.117484e+01,2.105782e+01,2.116108e+01,2.111291e+01,2.108537e+01,2.106471e+01,2.110602e+01,2.116108e+01,2.100271e+01,2.098893e+01,2.102338e+01,2.080267e+01,2.103716e+01,2.100271e+01,2.098203e+01,2.098893e+01,2.099582e+01,2.100271e+01,2.109225e+01,2.114732e+01,2.111291e+01,2.100271e+01,2.094067e+01,2.110602e+01,2.103027e+01,2.096825e+01,2.099582e+01,2.099582e+01,2.094067e+01,2.100271e+01,2.098893e+01,2.098203e+01,2.096825e+01,2.105782e+01,2.087169e+01,2.100960e+01,2.098893e+01,2.098893e+01,2.098203e+01,2.102338e+01,2.105782e+01,2.100271e+01,2.109914e+01,2.107160e+01,2.105782e+01,2.107848e+01,2.106471e+01,2.111291e+01,2.103027e+01,2.109914e+01,2.112667e+01,2.110602e+01,2.105094e+01,2.109225e+01,2.105782e+01,2.096825e+01,2.094757e+01,2.094067e+01,2.107160e+01,2.106471e+01,2.107848e+01,2.104405e+01,2.100960e+01,2.111979e+01,2.110602e+01,2.105782e+01,2.111979e+01,2.111291e+01,2.111291e+01,2.101649e+01,2.114732e+01,2.107848e+01,2.115420e+01,2.105782e+01,2.108537e+01,2.120235e+01,2.115420e+01,2.109225e+01,2.108537e+01,2.107160e+01,2.102338e+01,2.114732e+01,2.114732e+01,2.099582e+01,2.109225e+01,2.100271e+01,2.109225e+01,2.101649e+01,2.107160e+01,2.100960e+01,2.105782e+01,2.113355e+01,2.105094e+01,2.108537e+01,2.115420e+01,2.111979e+01,2.109914e+01,2.114044e+01,2.103716e+01,2.104405e+01,2.106471e+01,2.116108e+01,2.113355e+01,2.105782e+01,2.109225e+01,2.114732e+01,2.111979e+01,2.105782e+01,2.117484e+01,2.120923e+01,2.109225e+01,2.113355e+01,2.121611e+01,2.125736e+01,2.107160e+01,2.112667e+01,2.115420e+01,2.118860e+01,2.109914e+01,2.116108e+01,2.112667e+01,2.116108e+01,2.111291e+01,2.120923e+01,2.118860e+01,2.118172e+01,2.107160e+01,2.112667e+01
2.105782e+01,2.100960e+01,2.104405e+01,2.110602e+01,2.105782e+01,2.109914e+01,2.109225e+01,2.108537e+01,2.109914e+01,2.105094e+01,2.113355e+01,2.116108e+01,2.120235e+01,2.120923e+01,2.120235e+01,2.120923e+01,2.126423e+01,2.117484e+01,2.113355e+01,2.116796e+01,2.111979e+01,2.121611e+01,2.113355e+01,2.114732e+01,2.116108e+01,2.098203e+01,2.117484e+01,2.127110e+01,2.122986e+01,2.117484e+01,2.115420e+01,2.113355e+01,2.125048e+01,2.109225e+01,2.131920e+01,2.125736e+01,2.118172e+01,2.109914e+01,2.113355e+01,2.107160e+01,2.124361e+01,2.126423e+01,2.116108e+01,2.117484e+01,2.116796e+01,2.120235e+01,2.118860e+01,2.118172e+01,2.120235e+01,2.111979e+01,2.114044e+01,2.113355e+01,2.109914e+01,2.115420e+01,2.112667e+01,2.109225e+01,2.112667e+01,2.106471e+01,2.114044e+01,2.105094e+01,2.107160e+01,2.108537e+01,2.105782e+01,2.096825e+01,2.099582e+01,2.103027e+01,2.107160e+01,2.108537e+01,2.102338e+01,2.104405e+01,2.107160e+01,2.097514e+01,2.088549e+01,2.095446e+01,2.088549e+01,2.096135e+01,2.096825e+01,2.105782e+01,2.106471e+01,2.103027e+01,2.105782e+01,2.100960e+01,2.102338e+01,2.104405e+01,2.106471e+01,2.108537e+01,2.100960e+01,2.092688e+01,2.114044e+01,2.098893e+01,2.109225e+01,2.094757e+01,2.104405e+01,2.107848e+01,2.105094e+01,2.105094e+01,2.105782e+01,2.100271e+01,2.109225e+01,2.105782e+01,2.096825e+01,2.107160e+01,2.115420e+01,2.091308e+01,2.100271e+01,2.111979e+01,2.108537e+01,2.108537e+01,2.117484e+01,2.108537e+01,2.109914e+01,2.110602e+01,2.110602e+01,2.100271e+01,2.102338e+01,2.104405e+01,2.109225e+01,2.103027e+01,2.109914e+01,2.107160e+01,2.109225e+01,2.109914e+01,2.103027e+01,2.103716e+01,2.107848e+01,2.110602e+01,2.108537e+01,2.111291e+01,2.109225e+01,2.109225e+01,2.108537e+01,2.111979e+01,2.114044e+01,2.122298e+01,2.110602e+01,2.110602e+01,2.116108e+01,2.114044e+01,2.110602e+01,2.114044e+01,2.099582e+01,2.071978e+01,2.069213e+01,2.041526e+01,2.004027e+01,1.984528e+01,1.981042e+01,1.971275e+01,1.959402e+01,1.970577e+01,1.965689e+01,1.971973e+01,1.966388e+01,1.965689e+01,1.955208e+01,1.954509e+01,1.960800e+01,1.951013e+01,1.955208e+01,1.955907e+01,1.944016e+01,1.953111e+01,1.948215e+01,1.946815e+01,1.944716e+01,1.956606e+01,1.956606e+01,1.951013e+01,1.947515e+01,1.953810e+01,1.957305e+01,1.953810e+01,1.959402e+01,1.955907e+01,1.958703e+01,1.964991e+01,1.965689e+01,1.963594e+01,1.976858e+01,1.966388e+01,1.965689e+01,1.961498e+01,1.964293e+01,1.969181e+01,1.968483e+01,1.962197e+01,1.971275e+01,1.964293e+01,1.958004e+01,1.963594e+01,1.967086e+01,1.958004e+01,1.947515e+01,1.958004e+01,1.953810e+01,1.948914e+01,1.959402e+01,1.955208e+01,1.955208e+01,1.947515e+01,1.955907e+01,1.962896e+01,1.961498e+01,1.960101e+01,1.957305e+01,1.960101e+01,1.944716e+01,1.958004e+01,1.962197e+01,1.959402e+01,1.943316e+01,1.958004e+01,1.953810e+01,1.942616e+01,1.941916e+01,1.958703e+01,1.946115e+01,1.941916e+01,1.944016e+01,1.948215e+01,1.949614e+01,1.944716e+01,1.947515e+01,1.956606e+01,1.953111e+01,1.956606e+01,1.960101e+01,1.960101e+01,1.958703e+01,1.962896e+01,1.960101e+01,1.969181e+01,1.974764e+01,1.971973e+01,1.964991e+01,1.974067e+01,1.969879e+01,1.955907e+01,1.971275e+01,1.969879e+01,1.981042e+01,1.976858e+01,1.971275e+01,1.963594e+01,1.967785e+01,1.971275e+01,1.964991e+01,1.969879e+01,1.976858e+01,1.976160e+01,1.976858e+01,1.968483e+01,1.963594e+01,1.969181e+01,1.981740e+01,1.983831e+01,1.967086e+01,1.976858e+01,1.974067e+01,1.974764e+01,1.972671e+01,1.971275e+01,1.976858e+01,1.976858e+01,1.969181e+01,1.969181e+01,1.968483e+01,1.969879e+01,1.967785e+01,1.968483e+01,1.971275e+01,1.968483e+01,1.960800e+01,1.980345e+01,2.008201e+01,2.038753e+01,2.058840e+01,2.065757e+01,2.069905e+01,2.067139e+01,2.069905e+01,2.070596e+01,2.062990e+01,2.060915e+01,2.060915e+01,2.065065e+01,2.061607e+01,2.063682e+01,2.069905e+01,2.070596e+01,2.063682e+01,2.060915e+01,2.065757e+01,2.061607e+01,2.050533e+01,2.050533e+01,2.054687e+01,2.050533e+01,2.047070e+01,2.049840e+01,2.050533e+01,2.061607e+01,2.048455e+01,2.026266e+01,2.029736e+01,2.010982e+01,1.998460e+01,1.986619e+01,1.975462e+01,1.990800e+01,1.988710e+01,1.982437e+01,1.983134e+01,1.976160e+01,1.977555e+01,1.981740e+01,1.981042e+01,1.981042e+01,1.981740e+01,1.971973e+01,1.978950e+01,1.985225e+01,1.985922e+01,1.977555e+01,1.973369e+01,1.978253e+01,1.981042e+01,1.979647e+01,1.969181e+01,1.981042e+01,1.980345e+01,1.989407e+01,1.962197e+01,1.977555e+01,1.969879e+01,1.973369e+01,1.979647e+01,1.978253e+01,1.984528e+01,1.978950e+01,1.974067e+01,1.973369e+01,1.971973e+01,1.978950e+01,1.978950e+01,1.981740e+01,2.008896e+01,2.019321e+01,2.012372e+01,2.014458e+01,2.032512e+01,2.009591e+01,2.005419e+01,2.006810e+01,2.007505e+01,2.006114e+01,2.006810e+01,2.005419e+01,2.008201e+01,2.011677e+01,2.013068e+01,2.023489e+01,2.020711e+01,2.020016e+01,2.042219e+01,2.020711e+01,2.060915e+01,2.047070e+01,2.047070e+01,2.059531e+01,2.056763e+01,2.058148e+01,2.056763e+01,2.056763e+01,2.055379e+01,2.042912e+01,2.056071e+01,2.056071e+01,2.055379e+01,2.062299e+01,2.061607e+01,2.060915e+01,2.060223e+01,2.058840e+01,2.057456e+01,2.053303e+01,2.052610e+01,2.062299e+01,2.061607e+01,2.060915e+01,2.057456e+01,2.055379e+01,2.060223e+01,2.067831e+01,2.057456e+01,2.060223e+01,2.067831e+01,2.062990e+01,2.059531e+01,2.058840e+01,2.061607e+01,2.060915e+01,2.060915e+01,2.065757e+01,2.071978e+01,2.066448e+01,2.062990e+01,2.076814e+01,2.067139e+01,2.067139e+01,2.069905e+01,2.060915e+01,2.066448e+01,2.066448e+01,2.066448e+01,2.066448e+01,2.066448e+01,2.067831e+01,2.071287e+01,2.071287e+01,2.071287e+01,2.074051e+01,2.072669e+01,2.068522e+01,2.060915e+01,2.061607e+01,2.063682e+01,2.070596e+01,2.068522e+01,2.070596e+01,2.071978e+01,2.076123e+01,2.071287e+01,2.076814e+01,2.079576e+01,2.080267e+01,2.083028e+01,2.073360e+01,2.080957e+01,2.088549e+01,2.078195e+01,2.082338e+01,2.074742e+01,2.098203e+01,2.074051e+01,2.074742e+01,2.079576e+01,2.080957e+01,2.102338e+01,2.080267e+01,2.075432e+01,2.077505e+01,2.080957e+01,2.068522e+01,2.088549e+01,2.088549e+01,2.085099e+01,2.092688e+01,2.083028e+01,2.069213e+01,2.082338e+01,2.088549e+01,2.072669e+01,2.072669e+01,2.071978e+01,2.078886e+01,2.080957e+01,2.111291e+01,2.151137e+01,2.197656e+01,2.278557e+01,2.335957e+01,2.378295e+01,2.433144e+01,2.443813e+01,2.469772e+01,2.493677e+01,2.483060e+01,2.495004e+01,2.491687e+01,2.489033e+01,2.489697e+01,2.477747e+01,2.479739e+01,2.477747e+01,2.459130e+01,2.467777e+01,2.448477e+01,2.455136e+01,2.455136e+01,2.434478e+01,2.433144e+01,2.417789e+01,2.403749e+01,2.374270e+01,2.367559e+01,2.332589e+01,2.279912e+01,2.254829e+01,2.237167e+01,2.229004e+01,2.198338e+01,2.177843e+01,2.154565e+01,2.152508e+01,2.126423e+01,2.122298e+01,2.122298e+01,2.114732e+01,2.119548e+01,2.118172e+01,2.108537e+01,2.118172e+01,2.114044e+01,2.114044e+01,2.110602e+01,2.111979e+01,2.109914e+01,2.107160e+01,2.106471e+01,2.103027e+01,2.102338e+01,2.097514e+01,2.079576e+01,2.098203e+01,2.103716e+01,2.107160e+01,2.100960e+01,2.098893e+01,2.096135e+01,2.094067e+01,2.097514e+01,2.089929e+01,2.094067e+01,2.091308e+01,2.093377e+01,2.096825e+01,2.095446e+01,2.094757e+01,2.090619e+01,2.096825e+01,2.096825e+01,2.098893e+01,2.102338e+01,2.090619e+01,2.101649e+01,2.101649e+01,2.100960e+01,2.096825e+01,2.103027e+01,2.111979e+01,2.107160e+01,2.104405e+01,2.104405e+01,2.103027e+01,2.098203e+01,2.105094e+01,2.106471e+01,2.109225e+01,2.105094e+01,2.114044e+01,2.112667e+01,2.115420e+01,2.110602e+01,2.117484e+01,2.112667e+01,2.099582e+01,2.096135e+01,2.107160e+01,2.101649e+01,2.106471e+01,2.102338e+01,2.102338e+01,2.098203e+01,2.107848e+01,2.105094e+01,2.092688e+01,2.109914e+01,2.111291e+01,2.122986e+01,2.101649e+01,2.114732e+01,2.111291e+01,2.112667e+01,2.115420e+01,2.111291e+01,2.111291e+01,2.113355e+01,2.120923e+01,2.122298e+01,2.109225e+01,2.114044e+01,2.115420e+01,2.116108e+01,2.100960e+01,2.103716e+01,2.105094e+01,2.103027e+01,2.104405e+01,2.111979e+01,2.106471e+01,2.103716e+01,2.108537e+01,2.099582e+01,2.103027e+01,2.117484e+01,2.119548e+01,2.113355e+01,2.111979e+01,2.110602e+01,2.112667e+01,2.115420e+01,2.112667e+01,2.113355e+01,2.111291e+01,2.109914e+01,2.103716e+01,2.107160e+01,2.116108e+01,2.125048e+01,2.122298e+01,2.118172e+01,2.117484e+01,2.110602e+01,2.114044e+01,2.108537e+01,2.107160e+01,2.105782e+01,2.115420e+01,2.131233e+01,2.103027e+01,2.103027e+01,2.111291e+01,2.105782e+01,2.117484e+01,2.105094e+01,2.106471e+01,2.111979e+01,2.118172e+01,2.111979e+01
2.102338e+01,2.105782e+01,2.107160e+01,2.105094e+01,2.111291e+01,2.107160e+01,2.107848e+01,2.103027e+01,2.109914e+01,2.099582e+01,2.120923e+01,2.107160e+01,2.112667e+01,2.111979e+01,2.122298e+01,2.118860e+01,2.113355e+01,2.110602e+01,2.112667e+01,2.116108e+01,2.114732e+01,2.115420e+01,2.111291e+01,2.107848e+01,2.109914e+01,2.109225e+01,2.113355e+01,2.118172e+01,2.118860e+01,2.111291e+01,2.099582e+01,2.122298e+01,2.127798e+01,2.115420e+01,2.116108e+01,2.114044e+01,2.118172e+01,2.113355e+01,2.129172e+01,2.123674e+01,2.101649e+01,2.126423e+01,2.122986e+01,2.114732e+01,2.119548e+01,2.111291e+01,2.116796e+01,2.111291e+01,2.116796e+01,2.115420e+01,2.111291e+01,2.116796e+01,2.119548e+01,2.106471e+01,2.111291e+01,2.106471e+01,2.108537e+01,2.108537e+01,2.102338e+01,2.105094e+01,2.111979e+01,2.104405e+01,2.110602e+01,2.098893e+01,2.117484e+01,2.098893e+01,2.104405e+01,2.103027e+01,2.098203e+01,2.098203e+01,2.102338e+01,2.103716e+01,2.091308e+01,2.106471e+01,2.098203e+01,2.109914e+01,2.106471e+01,2.105094e+01,2.101649e+01,2.094757e+01,2.103027e+01,2.101649e+01,2.100271e+01,2.101649e+01,2.106471e+01,2.107848e+01,2.109914e+01,2.096825e+01,2.111291e+01,2.096135e+01,2.105782e+01,2.111979e+01,2.102338e+01,2.098893e+01,2.098203e+01,2.106471e+01,2.099582e+01,2.100960e+01,2.111291e+01,2.104405e+01,2.102338e+01,2.111291e+01,2.106471e+01,2.101649e+01,2.116796e+01,2.105094e+01,2.108537e+01,2.124361e+01,2.107848e+01,2.109225e+01,2.116796e+01,2.107848e+01,2.111291e+01,2.104405e+01,2.106471e+01,2.110602e+01,2.110602e+01,2.111291e+01,2.109225e+01,2.109225e+01,2.107848e+01,2.114732e+01,2.120923e+01,2.110602e+01,2.110602e+01,2.108537e+01,2.112667e+01,2.114044e+01,2.116796e+01,2.119548e+01,2.110602e+01,2.111291e+01,2.115420e+01,2.115420e+01,2.115420e+01,2.114732e+01,2.122298e+01,2.114732e+01,2.105782e+01,2.112667e+01,2.098893e+01,2.078886e+01,2.070596e+01,2.013763e+01,1.999156e+01,1.974764e+01,1.974067e+01,1.973369e+01,1.955208e+01,1.958004e+01,1.964293e+01,1.966388e+01,1.963594e+01,1.957305e+01,1.959402e+01,1.962197e+01,1.964293e+01,1.957305e+01,1.960101e+01,1.959402e+01,1.958703e+01,1.958004e+01,1.948215e+01,1.962197e+01,1.964293e+01,1.952411e+01,1.953111e+01,1.958703e+01,1.963594e+01,1.939116e+01,1.951712e+01,1.959402e+01,1.962197e+01,1.965689e+01,1.965689e+01,1.967086e+01,1.957305e+01,1.963594e+01,1.966388e+01,1.966388e+01,1.967785e+01,1.969181e+01,1.969181e+01,1.968483e+01,1.971275e+01,1.962896e+01,1.960800e+01,1.971275e+01,1.963594e+01,1.964293e+01,1.964991e+01,1.963594e+01,1.961498e+01,1.953810e+01,1.950313e+01,1.953111e+01,1.947515e+01,1.949614e+01,1.959402e+01,1.960800e+01,1.949614e+01,1.964991e+01,1.958703e+01,1.956606e+01,1.955907e+01,1.958004e+01,1.939116e+01,1.952411e+01,1.960101e+01,1.956606e+01,1.950313e+01,1.958703e+01,1.946115e+01,1.941916e+01,1.943316e+01,1.952411e+01,1.934913e+01,1.937015e+01,1.943316e+01,1.950313e+01,1.956606e+01,1.951013e+01,1.955907e+01,1.954509e+01,1.955907e+01,1.956606e+01,1.964293e+01,1.964991e+01,1.962896e+01,1.960101e+01,1.960800e+01,1.975462e+01,1.963594e+01,1.964991e+01,1.964293e+01,1.962896e+01,1.962896e+01,1.963594e+01,1.962197e+01,1.972671e+01,1.974067e+01,1.967086e+01,1.968483e+01,1.967785e+01,1.964293e+01,1.969879e+01,1.955208e+01,1.992890e+01,1.980345e+01,1.971275e+01,1.974764e+01,1.970577e+01,1.968483e+01,1.978253e+01,1.969879e+01,1.969181e+01,1.962197e+01,1.965689e+01,1.971973e+01,1.976160e+01,1.969181e+01,1.971275e+01,1.979647e+01,1.973369e+01,1.979647e+01,1.969181e+01,1.968483e+01,1.973369e+01,1.956606e+01,1.968483e+01,1.965689e+01,1.976858e+01,1.967086e+01,2.006114e+01,2.016542e+01,2.038060e+01,2.050533e+01,2.063682e+01,2.061607e+01,2.059531e+01,2.069213e+01,2.053303e+01,2.060915e+01,2.058148e+01,2.066448e+01,2.064374e+01,2.067831e+01,2.061607e+01,2.062299e+01,2.064374e+01,2.061607e+01,2.061607e+01,2.061607e+01,2.063682e+01,2.059531e+01,2.057456e+01,2.047070e+01,2.048455e+01,2.047762e+01,2.044991e+01,2.043605e+01,2.037366e+01,2.047762e+01,2.044298e+01,2.037366e+01,2.015848e+01,1.989407e+01,1.990800e+01,1.986619e+01,1.978253e+01,1.982437e+01,1.985225e+01,1.980345e+01,1.983831e+01,1.976160e+01,1.976160e+01,1.978253e+01,1.982437e+01,1.989407e+01,1.982437e+01,1.979647e+01,1.981042e+01,1.985225e+01,1.985922e+01,1.983134e+01,1.972671e+01,1.981042e+01,1.975462e+01,1.971275e+01,1.981740e+01,1.976858e+01,1.976858e+01,1.976160e+01,1.974764e+01,1.969181e+01,1.980345e+01,1.976160e+01,1.963594e+01,1.962197e+01,1.962896e+01,1.976160e+01,1.980345e+01,1.977555e+01,1.976160e+01,1.983134e+01,2.001940e+01,2.010287e+01,2.017932e+01,2.012372e+01,2.008896e+01,2.014458e+01,2.008201e+01,2.008896e+01,2.008896e+01,2.001940e+01,2.004027e+01,2.004723e+01,2.008896e+01,2.006114e+01,2.004723e+01,2.005419e+01,2.013763e+01,2.005419e+01,2.022794e+01,2.004723e+01,2.025571e+01,2.042912e+01,2.043605e+01,2.057456e+01,2.056071e+01,2.051918e+01,2.053995e+01,2.055379e+01,2.054687e+01,2.052610e+01,2.055379e+01,2.058148e+01,2.056763e+01,2.058148e+01,2.066448e+01,2.054687e+01,2.058148e+01,2.058148e+01,2.052610e+01,2.053303e+01,2.051225e+01,2.051918e+01,2.060915e+01,2.056763e+01,2.057456e+01,2.055379e+01,2.062990e+01,2.059531e+01,2.062299e+01,2.060915e+01,2.066448e+01,2.058840e+01,2.063682e+01,2.064374e+01,2.060915e+01,2.062299e+01,2.067139e+01,2.059531e+01,2.058148e+01,2.065757e+01,2.062299e+01,2.069213e+01,2.066448e+01,2.059531e+01,2.066448e+01,2.063682e+01,2.060223e+01,2.063682e+01,2.065065e+01,2.067831e+01,2.066448e+01,2.067831e+01,2.070596e+01,2.068522e+01,2.067139e+01,2.067831e+01,2.062990e+01,2.062299e+01,2.071287e+01,2.065065e+01,2.069213e+01,2.059531e+01,2.060223e+01,2.068522e+01,2.076814e+01,2.068522e+01,2.077505e+01,2.064374e+01,2.080267e+01,2.081648e+01,2.074051e+01,2.074742e+01,2.077505e+01,2.074051e+01,2.081648e+01,2.086479e+01,2.074051e+01,2.090619e+01,2.084409e+01,2.079576e+01,2.083719e+01,2.083028e+01,2.082338e+01,2.078195e+01,2.076123e+01,2.079576e+01,2.066448e+01,2.086479e+01,2.083028e+01,2.069905e+01,2.087169e+01,2.086479e+01,2.074742e+01,2.080957e+01,2.069905e+01,2.076123e+01,2.065065e+01,2.080267e+01,2.075432e+01,2.087169e+01,2.084409e+01,2.109914e+01,2.116108e+01,2.166895e+01,2.199021e+01,2.277880e+01,2.347398e+01,2.401742e+01,2.427138e+01,2.444479e+01,2.470437e+01,2.479739e+01,2.498982e+01,2.501634e+01,2.499645e+01,2.498982e+01,2.490360e+01,2.486379e+01,2.481067e+01,2.475753e+01,2.465117e+01,2.458464e+01,2.455802e+01,2.449809e+01,2.451141e+01,2.445812e+01,2.424468e+01,2.416452e+01,2.376954e+01,2.364873e+01,2.350761e+01,2.308985e+01,2.287357e+01,2.254150e+01,2.238527e+01,2.205843e+01,2.192194e+01,2.188096e+01,2.176475e+01,2.160047e+01,2.140847e+01,2.127110e+01,2.123674e+01,2.121611e+01,2.106471e+01,2.116108e+01,2.116796e+01,2.114732e+01,2.115420e+01,2.114732e+01,2.102338e+01,2.109225e+01,2.107160e+01,2.106471e+01,2.109225e+01,2.109225e+01,2.103027e+01,2.098203e+01,2.094757e+01,2.088549e+01,2.099582e+01,2.106471e+01,2.100271e+01,2.104405e+01,2.100960e+01,2.103716e+01,2.116108e+01,2.094067e+01,2.089929e+01,2.089929e+01,2.103716e+01,2.105094e+01,2.089929e+01,2.098893e+01,2.096825e+01,2.096825e+01,2.091308e+01,2.100271e+01,2.102338e+01,2.098893e+01,2.098893e+01,2.108537e+01,2.106471e+01,2.094067e+01,2.105094e+01,2.108537e+01,2.104405e+01,2.104405e+01,2.105094e+01,2.105782e+01,2.105094e+01,2.106471e+01,2.100960e+01,2.109225e+01,2.106471e+01,2.110602e+01,2.113355e+01,2.102338e+01,2.102338e+01,2.103716e+01,2.109914e+01,2.109225e+01,2.105782e+01,2.106471e+01,2.103716e+01,2.105094e+01,2.108537e+01,2.103716e+01,2.103027e+01,2.106471e+01,2.107160e+01,2.106471e+01,2.109914e+01,2.117484e+01,2.108537e+01,2.110602e+01,2.113355e+01,2.102338e+01,2.108537e+01,2.111979e+01,2.115420e+01,2.111979e+01,2.094757e+01,2.114044e+01,2.115420e+01,2.107160e+01,2.108537e+01,2.108537e+01,2.102338e+01,2.107848e+01,2.110602e+01,2.099582e+01,2.103716e+01,2.109225e+01,2.109225e+01,2.103027e+01,2.107160e+01,2.105782e+01,2.111291e+01,2.114044e+01,2.107160e+01,2.114732e+01,2.113355e+01,2.112667e+01,2.115420e+01,2.107848e+01,2.115420e+01,2.107160e+01,2.105782e+01,2.122298e+01,2.106471e+01,2.112667e+01,2.101649e+01,2.117484e+01,2.113355e+01,2.116108e+01,2.116108e+01,2.107848e+01,2.118860e+01,2.109225e+01,2.105782e+01,2.109914e+01,2.125736e+01,2.133294e+01,2.114732e+01,2.109914e+01,2.118860e+01,2.111291e+01,2.109914e+01,2.103027e+01,2.106471e+01,2.105782e+01,2.100960e+01,2.129172e+01,2.109225e+01
2.133981e+01,2.114044e+01,2.109914e+01,2.106471e+01,2.109225e+01,2.110602e+01,2.107160e+01,2.100960e+01,2.107848e+01,2.106471e+01,2.110602e+01,2.111979e+01,2.118172e+01,2.117484e+01,2.105094e+01,2.123674e+01,2.116108e+01,2.109225e+01,2.116108e+01,2.108537e+01,2.116796e+01,2.119548e+01,2.113355e+01,2.114732e+01,2.128485e+01,2.118172e+01,2.117484e+01,2.114044e+01,2.119548e+01,2.118860e+01,2.122986e+01,2.115420e+01,2.116108e+01,2.126423e+01,2.115420e+01,2.124361e+01,2.116108e+01,2.114732e+01,2.118172e+01,2.131233e+01,2.122986e+01,2.124361e+01,2.103027e+01,2.106471e+01,2.116108e+01,2.120235e+01,2.116108e+01,2.110602e+01,2.112667e+01,2.113355e+01,2.113355e+01,2.117484e+01,2.113355e+01,2.105094e+01,2.109225e+01,2.108537e+01,2.103716e+01,2.104405e+01,2.103027e+01,2.106471e+01,2.107160e+01,2.102338e+01,2.103716e+01,2.096825e+01,2.114044e+01,2.096135e+01,2.097514e+01,2.101649e+01,2.107160e+01,2.100271e+01,2.110602e+01,2.102338e+01,2.106471e+01,2.094067e+01,2.111291e+01,2.093377e+01,2.095446e+01,2.093377e+01,2.105782e+01,2.102338e+01,2.110602e+01,2.101649e+01,2.098893e+01,2.105782e+01,2.109225e+01,2.105094e+01,2.109225e+01,2.111291e+01,2.105782e+01,2.111291e+01,2.106471e+01,2.114732e+01,2.105094e+01,2.103716e+01,2.102338e+01,2.110602e+01,2.098893e+01,2.105782e+01,2.111291e+01,2.109914e+01,2.113355e+01,2.103027e+01,2.105094e+01,2.103027e+01,2.109225e+01,2.111291e+01,2.107160e+01,2.114044e+01,2.108537e+01,2.109225e+01,2.118172e+01,2.118172e+01,2.116796e+01,2.107848e+01,2.111291e+01,2.118860e+01,2.107160e+01,2.132607e+01,2.109225e+01,2.114044e+01,2.109225e+01,2.105094e+01,2.107160e+01,2.108537e+01,2.113355e+01,2.111979e+01,2.124361e+01,2.111979e+01,2.109225e+01,2.122298e+01,2.110602e+01,2.116796e+01,2.119548e+01,2.115420e+01,2.118860e+01,2.114732e+01,2.100271e+01,2.119548e+01,2.111979e+01,2.092688e+01,2.087169e+01,2.074742e+01,2.042912e+01,2.012372e+01,1.992890e+01,1.975462e+01,1.973369e+01,1.972671e+01,1.974067e+01,1.957305e+01,1.961498e+01,1.971275e+01,1.965689e+01,1.968483e+01,1.971973e+01,1.967785e+01,1.967086e+01,1.955907e+01,1.957305e+01,1.959402e+01,1.962197e+01,1.952411e+01,1.958703e+01,1.964293e+01,1.961498e+01,1.955907e+01,1.962896e+01,1.963594e+01,1.960101e+01,1.958004e+01,1.967086e+01,1.960800e+01,1.953810e+01,1.957305e+01,1.959402e+01,1.948914e+01,1.960800e+01,1.962896e+01,1.965689e+01,1.960800e+01,1.968483e+01,1.969181e+01,1.956606e+01,1.970577e+01,1.967086e+01,1.962896e+01,1.970577e+01,1.964991e+01,1.954509e+01,1.960800e+01,1.968483e+01,1.953111e+01,1.964991e+01,1.962197e+01,1.955208e+01,1.958703e+01,1.954509e+01,1.949614e+01,1.950313e+01,1.951712e+01,1.953111e+01,1.956606e+01,1.955208e+01,1.956606e+01,1.955208e+01,1.958004e+01,1.951013e+01,1.958004e+01,1.958004e+01,1.948215e+01,1.947515e+01,1.945416e+01,1.943316e+01,1.941216e+01,1.947515e+01,1.955208e+01,1.939116e+01,1.946115e+01,1.951712e+01,1.946115e+01,1.957305e+01,1.955208e+01,1.958703e+01,1.958703e+01,1.960800e+01,1.958703e+01,1.958004e+01,1.962896e+01,1.961498e+01,1.959402e+01,1.968483e+01,1.962197e+01,1.967086e+01,1.960800e+01,1.973369e+01,1.969181e+01,1.972671e+01,1.966388e+01,1.962197e+01,1.970577e+01,1.974764e+01,1.974067e+01,1.967785e+01,1.974067e+01,1.970577e+01,1.964991e+01,1.976160e+01,1.975462e+01,1.972671e+01,1.973369e+01,1.971275e+01,1.969181e+01,1.970577e+01,1.982437e+01,1.963594e+01,1.967086e+01,1.967086e+01,1.969879e+01,1.978253e+01,1.969879e+01,1.981042e+01,1.971275e+01,1.971973e+01,1.969181e+01,1.978253e+01,1.969181e+01,1.967086e+01,1.974067e+01,1.965689e+01,1.969879e+01,1.958703e+01,1.974764e+01,1.978253e+01,1.982437e+01,2.021405e+01,2.053303e+01,2.062990e+01,2.066448e+01,2.060915e+01,2.057456e+01,2.065757e+01,2.068522e+01,2.069213e+01,2.079576e+01,2.060223e+01,2.060915e+01,2.062299e+01,2.061607e+01,2.065065e+01,2.064374e+01,2.070596e+01,2.062299e+01,2.063682e+01,2.061607e+01,2.061607e+01,2.068522e+01,2.052610e+01,2.054687e+01,2.049840e+01,2.044298e+01,2.047762e+01,2.045684e+01,2.046377e+01,2.047762e+01,2.035286e+01,2.032512e+01,2.032512e+01,1.994283e+01,2.001244e+01,1.988013e+01,1.985225e+01,1.983134e+01,1.985225e+01,1.978253e+01,1.981740e+01,1.980345e+01,1.983134e+01,1.985922e+01,1.978950e+01,1.982437e+01,1.982437e+01,1.984528e+01,1.986619e+01,1.988013e+01,1.983831e+01,1.985225e+01,1.983134e+01,1.975462e+01,1.974764e+01,1.978950e+01,1.977555e+01,1.979647e+01,1.981740e+01,1.979647e+01,1.974764e+01,1.978253e+01,1.978253e+01,1.984528e+01,1.981042e+01,1.976160e+01,1.974764e+01,1.978253e+01,1.980345e+01,1.972671e+01,1.976858e+01,1.984528e+01,2.012372e+01,2.017237e+01,2.016542e+01,2.012372e+01,2.015848e+01,2.013068e+01,2.001940e+01,2.006114e+01,2.006810e+01,2.008896e+01,2.005419e+01,2.007505e+01,2.005419e+01,1.992193e+01,2.006810e+01,2.010982e+01,2.013763e+01,2.004027e+01,2.018627e+01,2.026266e+01,2.044298e+01,2.040833e+01,2.043605e+01,2.047762e+01,2.056071e+01,2.058840e+01,2.055379e+01,2.055379e+01,2.057456e+01,2.056763e+01,2.057456e+01,2.050533e+01,2.051918e+01,2.058148e+01,2.060223e+01,2.054687e+01,2.054687e+01,2.057456e+01,2.053995e+01,2.053303e+01,2.053303e+01,2.058840e+01,2.054687e+01,2.056071e+01,2.056763e+01,2.058840e+01,2.059531e+01,2.065757e+01,2.063682e+01,2.055379e+01,2.067831e+01,2.069213e+01,2.066448e+01,2.062299e+01,2.065757e+01,2.068522e+01,2.066448e+01,2.070596e+01,2.066448e+01,2.069213e+01,2.068522e+01,2.060915e+01,2.065757e+01,2.065757e+01,2.060915e+01,2.061607e+01,2.062299e+01,2.062299e+01,2.066448e+01,2.060915e+01,2.064374e+01,2.065065e+01,2.068522e+01,2.069213e+01,2.067831e+01,2.062990e+01,2.068522e+01,2.069905e+01,2.067831e+01,2.064374e+01,2.071978e+01,2.072669e+01,2.069905e+01,2.071287e+01,2.071978e+01,2.074051e+01,2.070596e+01,2.080957e+01,2.079576e+01,2.079576e+01,2.082338e+01,2.076814e+01,2.085099e+01,2.087859e+01,2.080957e+01,2.078886e+01,2.086479e+01,2.082338e+01,2.094757e+01,2.074051e+01,2.074742e+01,2.071287e+01,2.084409e+01,2.083719e+01,2.081648e+01,2.074742e+01,2.081648e+01,2.077505e+01,2.077505e+01,2.078886e+01,2.074051e+01,2.076814e+01,2.083028e+01,2.072669e+01,2.078195e+01,2.067831e+01,2.082338e+01,2.069905e+01,2.069905e+01,2.095446e+01,2.077505e+01,2.117484e+01,2.154565e+01,2.219474e+01,2.297501e+01,2.356812e+01,2.407762e+01,2.441813e+01,2.467113e+01,2.470437e+01,2.495667e+01,2.498982e+01,2.498319e+01,2.503622e+01,2.495004e+01,2.499645e+01,2.485715e+01,2.479075e+01,2.475753e+01,2.473096e+01,2.457133e+01,2.447811e+01,2.449143e+01,2.440480e+01,2.446478e+01,2.427806e+01,2.407762e+01,2.401073e+01,2.370244e+01,2.333263e+01,2.311686e+01,2.283297e+01,2.252114e+01,2.226963e+01,2.207889e+01,2.186046e+01,2.184679e+01,2.162787e+01,2.160047e+01,2.144964e+01,2.119548e+01,2.122298e+01,2.118172e+01,2.109225e+01,2.120235e+01,2.122298e+01,2.114732e+01,2.105782e+01,2.103716e+01,2.116796e+01,2.099582e+01,2.104405e+01,2.106471e+01,2.098893e+01,2.107160e+01,2.105782e+01,2.100960e+01,2.107160e+01,2.093377e+01,2.100960e+01,2.097514e+01,2.105094e+01,2.095446e+01,2.107848e+01,2.094067e+01,2.102338e+01,2.099582e+01,2.089929e+01,2.089929e+01,2.096135e+01,2.099582e+01,2.111979e+01,2.087169e+01,2.094067e+01,2.105782e+01,2.092688e+01,2.102338e+01,2.098893e+01,2.098203e+01,2.099582e+01,2.109914e+01,2.107848e+01,2.096135e+01,2.096135e+01,2.102338e+01,2.103716e+01,2.103027e+01,2.109914e+01,2.099582e+01,2.103716e+01,2.107848e+01,2.107160e+01,2.108537e+01,2.112667e+01,2.111291e+01,2.106471e+01,2.103716e+01,2.105094e+01,2.107160e+01,2.097514e+01,2.096825e+01,2.112667e+01,2.107848e+01,2.107160e+01,2.103716e+01,2.101649e+01,2.107848e+01,2.107848e+01,2.105782e+01,2.116796e+01,2.107848e+01,2.116108e+01,2.105094e+01,2.108537e+01,2.109914e+01,2.109914e+01,2.112667e+01,2.107848e+01,2.112667e+01,2.110602e+01,2.091998e+01,2.103716e+01,2.091998e+01,2.111291e+01,2.107848e+01,2.118860e+01,2.114732e+01,2.100960e+01,2.112667e+01,2.113355e+01,2.103027e+01,2.103716e+01,2.104405e+01,2.105094e+01,2.105094e+01,2.108537e+01,2.115420e+01,2.114732e+01,2.109914e+01,2.109225e+01,2.107160e+01,2.112667e+01,2.114732e+01,2.108537e+01,2.111979e+01,2.116108e+01,2.111291e+01,2.109914e+01,2.110602e+01,2.110602e+01,2.102338e+01,2.117484e+01,2.109225e+01,2.117484e+01,2.116108e+01,2.109914e+01,2.120235e+01,2.120923e+01,2.113355e+01,2.107848e+01,2.116108e+01,2.122986e+01,2.121611e+01,2.116108e+01,2.118860e+01,2.117484e+01,2.104405e+01,2.113355e+01,2.108537e+01,2.116796e+01,2.111979e+01,2.109914e+01,2.105094e+01,2.108537e+01
2.099582e+01,2.111291e+01,2.105782e+01,2.107848e+01,2.105782e+01,2.107848e+01,2.103027e+01,2.107160e+01,2.106471e+01,2.107160e+01,2.098893e+01,2.109914e+01,2.108537e+01,2.114044e+01,2.100960e+01,2.114732e+01,2.114732e+01,2.105094e+01,2.122298e+01,2.109225e+01,2.115420e+01,2.127110e+01,2.120923e+01,2.111979e+01,2.118172e+01,2.118860e+01,2.109914e+01,2.119548e+01,2.113355e+01,2.117484e+01,2.100271e+01,2.113355e+01,2.123674e+01,2.111291e+01,2.125736e+01,2.120923e+01,2.111291e+01,2.113355e+01,2.110602e+01,2.111291e+01,2.120235e+01,2.121611e+01,2.112667e+01,2.116108e+01,2.112667e+01,2.118172e+01,2.106471e+01,2.118172e+01,2.106471e+01,2.109225e+01,2.109914e+01,2.110602e+01,2.107848e+01,2.108537e+01,2.106471e+01,2.103716e+01,2.109225e+01,2.098893e+01,2.100271e+01,2.100960e+01,2.105094e+01,2.100960e+01,2.110602e+01,2.101649e+01,2.099582e+01,2.109225e+01,2.093377e+01,2.094067e+01,2.095446e+01,2.098203e+01,2.098203e+01,2.099582e+01,2.096135e+01,2.101649e+01,2.096825e+01,2.091998e+01,2.100271e+01,2.091308e+01,2.095446e+01,2.102338e+01,2.098893e+01,2.100271e+01,2.101649e+01,2.103027e+01,2.101649e+01,2.105094e+01,2.111979e+01,2.094757e+01,2.111979e+01,2.099582e+01,2.110602e+01,2.098893e+01,2.102338e+01,2.108537e+01,2.105782e+01,2.098893e+01,2.100960e+01,2.097514e+01,2.111291e+01,2.106471e+01,2.109225e+01,2.108537e+01,2.110602e+01,2.100960e+01,2.101649e+01,2.111291e+01,2.107848e+01,2.111291e+01,2.100271e+01,2.116796e+01,2.116796e+01,2.113355e+01,2.116108e+01,2.111291e+01,2.105782e+01,2.109914e+01,2.114732e+01,2.104405e+01,2.113355e+01,2.105094e+01,2.108537e+01,2.125048e+01,2.105094e+01,2.111979e+01,2.109225e+01,2.113355e+01,2.125736e+01,2.108537e+01,2.122298e+01,2.125048e+01,2.114732e+01,2.123674e+01,2.119548e+01,2.109225e+01,2.125048e+01,2.113355e+01,2.116108e+01,2.122298e+01,2.115420e+01,2.080957e+01,2.076814e+01,2.042219e+01,2.013763e+01,1.997068e+01,1.980345e+01,1.972671e+01,1.975462e+01,1.970577e+01,1.971973e+01,1.964991e+01,1.956606e+01,1.970577e+01,1.964991e+01,1.958703e+01,1.958004e+01,1.967086e+01,1.967785e+01,1.955208e+01,1.957305e+01,1.961498e+01,1.968483e+01,1.958004e+01,1.967785e+01,1.965689e+01,1.964991e+01,1.963594e+01,1.962896e+01,1.960800e+01,1.969879e+01,1.963594e+01,1.965689e+01,1.960800e+01,1.961498e+01,1.960800e+01,1.962197e+01,1.961498e+01,1.967086e+01,1.960101e+01,1.963594e+01,1.965689e+01,1.966388e+01,1.967785e+01,1.969181e+01,1.971275e+01,1.968483e+01,1.966388e+01,1.970577e+01,1.970577e+01,1.963594e+01,1.959402e+01,1.964991e+01,1.965689e+01,1.968483e+01,1.954509e+01,1.953111e+01,1.949614e+01,1.961498e+01,1.948215e+01,1.954509e+01,1.954509e+01,1.951013e+01,1.953810e+01,1.946815e+01,1.956606e+01,1.955208e+01,1.955907e+01,1.953810e+01,1.941916e+01,1.958703e+01,1.948215e+01,1.939816e+01,1.949614e+01,1.938415e+01,1.943316e+01,1.948914e+01,1.941916e+01,1.949614e+01,1.946815e+01,1.953810e+01,1.946115e+01,1.957305e+01,1.958703e+01,1.958703e+01,1.960800e+01,1.960800e+01,1.960101e+01,1.967785e+01,1.960800e+01,1.964293e+01,1.954509e+01,1.963594e+01,1.959402e+01,1.968483e+01,1.958703e+01,1.970577e+01,1.967785e+01,1.962197e+01,1.969181e+01,1.967086e+01,1.967785e+01,1.965689e+01,1.972671e+01,1.973369e+01,1.968483e+01,1.967785e+01,1.978950e+01,1.964293e+01,1.971973e+01,1.964293e+01,1.967086e+01,1.960101e+01,1.965689e+01,1.960101e+01,1.969181e+01,1.970577e+01,1.972671e+01,1.971973e+01,1.974764e+01,1.969181e+01,1.976858e+01,1.968483e+01,1.972671e+01,1.969181e+01,1.974764e+01,1.971973e+01,1.973369e+01,1.969879e+01,1.971973e+01,1.968483e+01,1.963594e+01,1.964293e+01,1.963594e+01,1.970577e+01,2.006114e+01,2.035286e+01,2.053303e+01,2.062990e+01,2.058148e+01,2.067831e+01,2.058840e+01,2.060223e+01,2.065757e+01,2.062990e+01,2.063682e+01,2.060223e+01,2.060915e+01,2.054687e+01,2.053303e+01,2.057456e+01,2.056763e+01,2.056071e+01,2.071978e+01,2.067139e+01,2.072669e+01,2.061607e+01,2.061607e+01,2.063682e+01,2.056763e+01,2.048455e+01,2.051918e+01,2.050533e+01,2.051918e+01,2.045684e+01,2.037366e+01,2.040140e+01,2.033899e+01,2.034592e+01,2.023489e+01,2.017932e+01,1.986619e+01,1.993586e+01,1.987316e+01,1.991496e+01,1.980345e+01,1.981740e+01,1.993586e+01,1.988710e+01,1.988013e+01,1.980345e+01,1.981740e+01,1.988710e+01,1.984528e+01,1.978950e+01,1.981042e+01,1.982437e+01,1.985225e+01,1.978253e+01,1.974764e+01,1.977555e+01,1.976160e+01,1.978950e+01,1.978950e+01,1.976160e+01,1.976160e+01,1.970577e+01,1.978950e+01,1.979647e+01,1.977555e+01,1.972671e+01,1.969879e+01,1.971973e+01,1.979647e+01,1.979647e+01,1.971973e+01,1.983831e+01,1.990800e+01,1.988013e+01,2.005419e+01,1.997068e+01,2.017932e+01,2.015153e+01,2.008896e+01,2.007505e+01,2.007505e+01,2.007505e+01,1.999156e+01,2.004027e+01,2.004027e+01,2.001244e+01,1.999852e+01,2.008201e+01,2.000548e+01,2.005419e+01,2.001940e+01,2.013068e+01,2.033205e+01,2.029736e+01,2.043605e+01,2.047762e+01,2.051225e+01,2.049148e+01,2.052610e+01,2.060915e+01,2.055379e+01,2.058148e+01,2.059531e+01,2.058148e+01,2.059531e+01,2.056763e+01,2.060223e+01,2.053303e+01,2.052610e+01,2.051918e+01,2.061607e+01,2.053995e+01,2.053303e+01,2.056763e+01,2.047070e+01,2.059531e+01,2.053303e+01,2.062299e+01,2.055379e+01,2.055379e+01,2.060915e+01,2.052610e+01,2.064374e+01,2.060915e+01,2.061607e+01,2.059531e+01,2.062990e+01,2.065065e+01,2.066448e+01,2.065065e+01,2.065065e+01,2.064374e+01,2.065757e+01,2.062990e+01,2.065065e+01,2.061607e+01,2.060915e+01,2.050533e+01,2.059531e+01,2.060915e+01,2.062990e+01,2.060223e+01,2.058840e+01,2.062990e+01,2.067139e+01,2.062299e+01,2.068522e+01,2.064374e+01,2.071978e+01,2.065757e+01,2.072669e+01,2.060915e+01,2.073360e+01,2.065065e+01,2.072669e+01,2.073360e+01,2.072669e+01,2.078195e+01,2.073360e+01,2.078886e+01,2.078886e+01,2.080957e+01,2.078195e+01,2.071978e+01,2.080957e+01,2.073360e+01,2.080267e+01,2.072669e+01,2.071978e+01,2.080957e+01,2.071287e+01,2.076814e+01,2.085789e+01,2.078195e+01,2.056071e+01,2.076123e+01,2.077505e+01,2.079576e+01,2.078195e+01,2.081648e+01,2.072669e+01,2.080957e+01,2.089239e+01,2.073360e+01,2.076123e+01,2.081648e+01,2.072669e+01,2.072669e+01,2.066448e+01,2.069905e+01,2.068522e+01,2.071287e+01,2.091998e+01,2.083719e+01,2.121611e+01,2.158677e+01,2.228324e+01,2.306284e+01,2.365545e+01,2.407093e+01,2.453139e+01,2.463122e+01,2.477082e+01,2.493677e+01,2.496330e+01,2.501634e+01,2.496993e+01,2.481067e+01,2.488370e+01,2.489697e+01,2.480403e+01,2.473760e+01,2.476418e+01,2.465117e+01,2.453805e+01,2.454471e+01,2.426471e+01,2.429808e+01,2.424468e+01,2.401073e+01,2.376283e+01,2.341343e+01,2.324503e+01,2.311011e+01,2.270428e+01,2.248039e+01,2.226282e+01,2.199703e+01,2.195608e+01,2.187413e+01,2.173739e+01,2.161417e+01,2.132607e+01,2.136041e+01,2.118860e+01,2.122986e+01,2.122298e+01,2.109225e+01,2.111979e+01,2.111979e+01,2.112667e+01,2.110602e+01,2.111291e+01,2.107160e+01,2.120235e+01,2.100960e+01,2.107160e+01,2.103027e+01,2.103027e+01,2.100960e+01,2.096825e+01,2.095446e+01,2.098203e+01,2.094757e+01,2.091998e+01,2.096135e+01,2.103027e+01,2.103716e+01,2.100960e+01,2.093377e+01,2.085789e+01,2.100960e+01,2.086479e+01,2.087859e+01,2.088549e+01,2.096825e+01,2.080957e+01,2.091998e+01,2.093377e+01,2.089929e+01,2.092688e+01,2.099582e+01,2.105782e+01,2.102338e+01,2.097514e+01,2.091998e+01,2.098893e+01,2.109914e+01,2.104405e+01,2.104405e+01,2.100271e+01,2.097514e+01,2.109225e+01,2.105782e+01,2.105094e+01,2.099582e+01,2.103716e+01,2.109225e+01,2.111291e+01,2.111979e+01,2.111291e+01,2.101649e+01,2.098893e+01,2.107160e+01,2.110602e+01,2.101649e+01,2.109914e+01,2.100960e+01,2.101649e+01,2.103027e+01,2.092688e+01,2.107160e+01,2.099582e+01,2.118172e+01,2.095446e+01,2.103027e+01,2.111979e+01,2.105094e+01,2.105782e+01,2.109225e+01,2.106471e+01,2.113355e+01,2.109225e+01,2.098893e+01,2.109225e+01,2.096135e+01,2.112667e+01,2.111291e+01,2.101649e+01,2.116796e+01,2.102338e+01,2.109225e+01,2.107160e+01,2.113355e+01,2.111979e+01,2.109914e+01,2.106471e+01,2.107160e+01,2.109914e+01,2.115420e+01,2.112667e+01,2.109225e+01,2.104405e+01,2.116108e+01,2.111291e+01,2.111979e+01,2.114044e+01,2.112667e+01,2.114732e+01,2.103027e+01,2.111291e+01,2.115420e+01,2.110602e+01,2.107160e+01,2.112667e+01,2.114044e+01,2.116108e+01,2.118860e+01,2.119548e+01,2.118860e+01,2.117484e+01,2.121611e+01,2.111979e+01,2.107848e+01,2.107848e+01,2.116796e+01,2.116796e+01,2.114044e+01,2.112667e+01,2.113355e+01,2.102338e+01,2.113355e+01,2.109914e+01,2.112667e+01,2.108537e+01,2.111979e+01,2.107848e+01
2.106471e+01,2.105094e+01,2.103027e+01,2.111979e+01,2.111979e+01,2.107848e+01,2.100960e+01,2.109914e+01,2.107160e+01,2.107160e+01,2.111291e+01,2.104405e+01,2.109914e+01,2.120235e+01,2.107848e+01,2.107848e+01,2.095446e+01,2.111979e+01,2.109225e+01,2.116108e+01,2.118172e+01,2.119548e+01,2.119548e+01,2.114044e+01,2.109914e+01,2.115420e+01,2.119548e+01,2.118172e+01,2.119548e+01,2.125048e+01,2.118172e+01,2.114044e+01,2.116108e+01,2.114044e+01,2.114044e+01,2.113355e+01,2.112667e+01,2.118172e+01,2.112667e+01,2.114044e+01,2.111291e+01,2.120923e+01,2.119548e+01,2.104405e+01,2.109914e+01,2.101649e+01,2.114732e+01,2.111291e+01,2.112667e+01,2.109914e+01,2.110602e+01,2.113355e+01,2.104405e+01,2.104405e+01,2.098203e+01,2.107160e+01,2.105094e+01,2.101649e+01,2.099582e+01,2.110602e+01,2.102338e+01,2.107848e+01,2.107848e+01,2.094067e+01,2.103027e+01,2.100960e+01,2.099582e+01,2.096135e+01,2.099582e+01,2.095446e+01,2.101649e+01,2.099582e+01,2.102338e+01,2.092688e+01,2.105782e+01,2.091998e+01,2.089929e+01,2.095446e+01,2.089929e+01,2.100271e+01,2.102338e+01,2.094757e+01,2.099582e+01,2.104405e+01,2.110602e+01,2.103716e+01,2.102338e+01,2.106471e+01,2.113355e+01,2.113355e+01,2.111979e+01,2.111979e+01,2.115420e+01,2.108537e+01,2.105782e+01,2.103716e+01,2.096135e+01,2.110602e+01,2.102338e+01,2.103027e+01,2.102338e+01,2.102338e+01,2.109225e+01,2.100960e+01,2.100960e+01,2.113355e+01,2.110602e+01,2.108537e+01,2.114732e+01,2.103716e+01,2.105782e+01,2.111979e+01,2.109914e+01,2.117484e+01,2.111291e+01,2.110602e+01,2.113355e+01,2.106471e+01,2.116796e+01,2.102338e+01,2.125048e+01,2.127798e+01,2.112667e+01,2.111291e+01,2.111979e+01,2.115420e+01,2.121611e+01,2.111291e+01,2.126423e+01,2.119548e+01,2.125048e+01,2.126423e+01,2.127110e+01,2.116108e+01,2.126423e+01,2.118172e+01,2.114044e+01,2.129172e+01,2.100960e+01,2.078195e+01,2.061607e+01,2.022794e+01,2.017932e+01,1.997068e+01,1.976858e+01,1.974764e+01,1.963594e+01,1.969879e+01,1.982437e+01,1.973369e+01,1.967086e+01,1.974764e+01,1.958004e+01,1.969181e+01,1.971973e+01,1.973369e+01,1.958004e+01,1.958004e+01,1.968483e+01,1.971275e+01,1.969181e+01,1.962896e+01,1.960101e+01,1.962896e+01,1.960101e+01,1.964991e+01,1.964991e+01,1.960800e+01,1.962197e+01,1.962896e+01,1.969181e+01,1.964991e+01,1.968483e+01,1.967086e+01,1.967785e+01,1.960800e+01,1.966388e+01,1.964293e+01,1.954509e+01,1.966388e+01,1.965689e+01,1.968483e+01,1.962896e+01,1.967086e+01,1.967785e+01,1.963594e+01,1.960800e+01,1.963594e+01,1.968483e+01,1.964293e+01,1.967785e+01,1.965689e+01,1.966388e+01,1.966388e+01,1.955208e+01,1.951013e+01,1.958703e+01,1.951013e+01,1.952411e+01,1.951013e+01,1.957305e+01,1.954509e+01,1.953810e+01,1.955208e+01,1.959402e+01,1.957305e+01,1.941916e+01,1.956606e+01,1.949614e+01,1.958703e+01,1.940516e+01,1.938415e+01,1.941916e+01,1.955208e+01,1.945416e+01,1.951013e+01,1.947515e+01,1.948215e+01,1.951013e+01,1.949614e+01,1.946815e+01,1.958703e+01,1.960101e+01,1.962197e+01,1.962896e+01,1.960800e+01,1.963594e+01,1.972671e+01,1.972671e+01,1.966388e+01,1.964991e+01,1.962197e+01,1.958703e+01,1.960101e+01,1.966388e+01,1.970577e+01,1.958703e+01,1.965689e+01,1.962896e+01,1.962896e+01,1.962197e+01,1.968483e+01,1.974067e+01,1.975462e+01,1.965689e+01,1.968483e+01,1.967785e+01,1.980345e+01,1.966388e+01,1.975462e+01,1.976160e+01,1.965689e+01,1.970577e+01,1.971275e+01,1.964991e+01,1.974067e+01,1.969879e+01,1.975462e+01,1.974764e+01,1.971973e+01,1.974067e+01,1.971275e+01,1.973369e+01,1.975462e+01,1.972671e+01,1.973369e+01,1.972671e+01,1.968483e+01,1.962896e+01,1.954509e+01,1.952411e+01,1.967086e+01,1.989407e+01,2.004027e+01,2.044991e+01,2.047762e+01,2.063682e+01,2.059531e+01,2.060223e+01,2.062990e+01,2.062990e+01,2.069213e+01,2.063682e+01,2.060915e+01,2.064374e+01,2.067139e+01,2.062299e+01,2.059531e+01,2.074051e+01,2.059531e+01,2.062299e+01,2.057456e+01,2.059531e+01,2.058148e+01,2.067831e+01,2.064374e+01,2.066448e+01,2.062299e+01,2.067831e+01,2.049148e+01,2.049840e+01,2.040140e+01,2.038060e+01,2.034592e+01,2.038060e+01,2.047070e+01,2.052610e+01,2.033899e+01,2.015153e+01,2.031124e+01,2.009591e+01,1.999852e+01,2.008896e+01,2.013763e+01,2.001244e+01,1.979647e+01,1.999852e+01,1.979647e+01,1.990800e+01,1.983831e+01,1.983134e+01,1.987316e+01,1.983134e+01,1.985225e+01,1.981740e+01,1.983134e+01,1.978950e+01,1.973369e+01,1.979647e+01,1.974067e+01,1.969879e+01,1.967785e+01,1.971973e+01,1.970577e+01,1.973369e+01,1.971275e+01,1.977555e+01,1.978950e+01,1.980345e+01,1.976858e+01,1.973369e+01,1.974764e+01,1.972671e+01,1.971973e+01,1.971275e+01,1.989407e+01,1.999156e+01,2.004723e+01,2.010982e+01,2.015848e+01,2.015848e+01,2.001940e+01,2.010287e+01,1.997764e+01,2.004027e+01,1.994979e+01,2.006114e+01,2.006810e+01,2.001940e+01,2.003332e+01,2.004027e+01,2.004027e+01,2.008201e+01,2.012372e+01,2.013763e+01,2.038060e+01,2.026960e+01,2.029042e+01,2.042219e+01,2.049148e+01,2.058148e+01,2.051918e+01,2.056763e+01,2.052610e+01,2.056071e+01,2.047070e+01,2.056071e+01,2.045684e+01,2.050533e+01,2.052610e+01,2.049840e+01,2.053303e+01,2.050533e+01,2.053995e+01,2.048455e+01,2.054687e+01,2.046377e+01,2.054687e+01,2.051918e+01,2.060915e+01,2.055379e+01,2.057456e+01,2.069213e+01,2.058840e+01,2.063682e+01,2.058840e+01,2.061607e+01,2.060223e+01,2.062299e+01,2.063682e+01,2.066448e+01,2.065065e+01,2.063682e+01,2.063682e+01,2.062299e+01,2.065065e+01,2.065757e+01,2.061607e+01,2.060915e+01,2.058840e+01,2.058148e+01,2.058840e+01,2.056763e+01,2.061607e+01,2.056071e+01,2.060223e+01,2.071287e+01,2.060915e+01,2.063682e+01,2.063682e+01,2.058148e+01,2.067831e+01,2.067139e+01,2.072669e+01,2.071287e+01,2.074051e+01,2.066448e+01,2.072669e+01,2.074051e+01,2.073360e+01,2.079576e+01,2.080957e+01,2.077505e+01,2.076123e+01,2.078195e+01,2.071978e+01,2.071978e+01,2.076814e+01,2.078195e+01,2.069213e+01,2.067831e+01,2.076123e+01,2.074742e+01,2.078886e+01,2.088549e+01,2.082338e+01,2.084409e+01,2.085099e+01,2.076814e+01,2.078886e+01,2.083719e+01,2.078195e+01,2.084409e+01,2.071287e+01,2.081648e+01,2.073360e+01,2.074051e+01,2.072669e+01,2.071978e+01,2.073360e+01,2.074051e+01,2.068522e+01,2.067831e+01,2.080957e+01,2.083719e+01,2.092688e+01,2.099582e+01,2.144278e+01,2.168264e+01,2.234447e+01,2.329894e+01,2.371586e+01,2.403080e+01,2.451807e+01,2.456468e+01,2.475753e+01,2.495667e+01,2.491024e+01,2.491687e+01,2.498319e+01,2.495004e+01,2.488370e+01,2.483723e+01,2.475753e+01,2.473760e+01,2.449809e+01,2.455136e+01,2.449809e+01,2.431810e+01,2.423800e+01,2.419793e+01,2.405756e+01,2.399734e+01,2.377624e+01,2.348744e+01,2.313710e+01,2.283297e+01,2.258222e+01,2.246002e+01,2.201068e+01,2.194243e+01,2.182629e+01,2.171002e+01,2.177159e+01,2.162787e+01,2.157991e+01,2.136728e+01,2.117484e+01,2.120235e+01,2.119548e+01,2.114044e+01,2.113355e+01,2.111291e+01,2.115420e+01,2.101649e+01,2.120235e+01,2.104405e+01,2.116796e+01,2.104405e+01,2.098893e+01,2.108537e+01,2.102338e+01,2.098203e+01,2.102338e+01,2.091308e+01,2.105094e+01,2.106471e+01,2.107848e+01,2.109914e+01,2.095446e+01,2.100960e+01,2.095446e+01,2.102338e+01,2.088549e+01,2.092688e+01,2.100271e+01,2.112667e+01,2.102338e+01,2.084409e+01,2.091308e+01,2.090619e+01,2.088549e+01,2.096135e+01,2.099582e+01,2.105782e+01,2.102338e+01,2.103027e+01,2.100960e+01,2.093377e+01,2.084409e+01,2.099582e+01,2.101649e+01,2.106471e+01,2.111291e+01,2.100960e+01,2.104405e+01,2.103716e+01,2.111291e+01,2.098893e+01,2.111291e+01,2.111291e+01,2.110602e+01,2.100960e+01,2.118172e+01,2.108537e+01,2.113355e+01,2.098203e+01,2.098203e+01,2.096825e+01,2.099582e+01,2.103716e+01,2.099582e+01,2.100960e+01,2.107848e+01,2.103716e+01,2.101649e+01,2.108537e+01,2.104405e+01,2.105782e+01,2.108537e+01,2.107160e+01,2.125736e+01,2.104405e+01,2.104405e+01,2.107160e+01,2.103716e+01,2.111291e+01,2.096135e+01,2.086479e+01,2.114044e+01,2.111979e+01,2.111979e+01,2.107160e+01,2.122298e+01,2.114732e+01,2.116108e+01,2.098203e+01,2.107160e+01,2.093377e+01,2.107848e+01,2.106471e+01,2.107848e+01,2.111291e+01,2.107848e+01,2.109225e+01,2.109914e+01,2.109914e+01,2.108537e+01,2.109225e+01,2.114732e+01,2.101649e+01,2.107160e+01,2.107848e+01,2.114044e+01,2.108537e+01,2.111979e+01,2.118172e+01,2.112667e+01,2.120923e+01,2.116796e+01,2.116108e+01,2.118860e+01,2.114732e+01,2.120923e+01,2.120923e+01,2.116108e+01,2.117484e+01,2.109914e+01,2.110602e+01,2.117484e+01,2.118172e+01,2.105782e+01,2.111979e+01,2.109914e+01,2.114044e+01,2.121611e+01,2.120235e+01,2.114044e+01,2.115420e+01,2.108537e+01
2.101649e+01,2.111979e+01,2.109914e+01,2.109225e+01,2.106471e+01,2.107160e+01,2.107160e+01,2.109914e+01,2.109914e+01,2.109225e+01,2.111291e+01,2.110602e+01,2.116796e+01,2.109914e+01,2.103027e+01,2.109225e+01,2.114044e+01,2.108537e+01,2.130546e+01,2.116108e+01,2.111291e+01,2.127798e+01,2.125736e+01,2.121611e+01,2.118860e+01,2.114044e+01,2.109225e+01,2.118860e+01,2.111291e+01,2.116796e+01,2.116108e+01,2.114732e+01,2.112667e+01,2.116108e+01,2.111291e+01,2.111291e+01,2.109225e+01,2.109914e+01,2.120235e+01,2.109914e+01,2.115420e+01,2.105782e+01,2.112667e+01,2.107160e+01,2.116796e+01,2.114044e+01,2.113355e+01,2.110602e+01,2.116108e+01,2.105782e+01,2.111979e+01,2.120235e+01,2.118172e+01,2.104405e+01,2.107160e+01,2.096825e+01,2.101649e+01,2.102338e+01,2.107160e+01,2.106471e+01,2.103716e+01,2.107848e+01,2.102338e+01,2.100271e+01,2.110602e+01,2.096825e+01,2.091998e+01,2.094067e+01,2.101649e+01,2.098893e+01,2.099582e+01,2.098893e+01,2.100960e+01,2.104405e+01,2.098893e+01,2.094067e+01,2.105782e+01,2.107160e+01,2.098203e+01,2.107160e+01,2.105094e+01,2.098893e+01,2.096135e+01,2.098203e+01,2.107848e+01,2.100960e+01,2.101649e+01,2.105094e+01,2.100960e+01,2.112667e+01,2.113355e+01,2.111291e+01,2.108537e+01,2.126423e+01,2.105782e+01,2.107848e+01,2.094067e+01,2.098203e+01,2.103027e+01,2.103716e+01,2.108537e+01,2.100960e+01,2.103716e+01,2.101649e+01,2.105782e+01,2.111291e+01,2.107160e+01,2.104405e+01,2.114044e+01,2.117484e+01,2.113355e+01,2.114044e+01,2.114732e+01,2.116796e+01,2.111291e+01,2.119548e+01,2.109225e+01,2.107160e+01,2.120923e+01,2.107160e+01,2.121611e+01,2.118172e+01,2.125048e+01,2.114732e+01,2.124361e+01,2.110602e+01,2.118172e+01,2.120235e+01,2.126423e+01,2.125048e+01,2.122298e+01,2.121611e+01,2.116108e+01,2.122986e+01,2.122298e+01,2.119548e+01,2.118860e+01,2.099582e+01,2.098203e+01,2.061607e+01,2.051225e+01,2.016542e+01,2.010287e+01,1.983134e+01,1.971275e+01,1.983134e+01,1.976858e+01,1.976858e+01,1.962896e+01,1.964991e+01,1.959402e+01,1.964991e+01,1.959402e+01,1.973369e+01,1.971973e+01,1.962896e+01,1.955208e+01,1.957305e+01,1.974067e+01,1.976160e+01,1.960101e+01,1.959402e+01,1.959402e+01,1.964991e+01,1.964293e+01,1.966388e+01,1.964991e+01,1.967086e+01,1.965689e+01,1.971275e+01,1.976160e+01,1.974764e+01,1.962197e+01,1.964991e+01,1.958004e+01,1.967086e+01,1.958004e+01,1.962197e+01,1.964991e+01,1.964991e+01,1.967785e+01,1.965689e+01,1.964293e+01,1.969181e+01,1.960101e+01,1.967785e+01,1.961498e+01,1.964293e+01,1.955208e+01,1.968483e+01,1.960800e+01,1.960800e+01,1.958004e+01,1.956606e+01,1.961498e+01,1.950313e+01,1.960800e+01,1.954509e+01,1.955907e+01,1.950313e+01,1.957305e+01,1.953111e+01,1.953111e+01,1.954509e+01,1.948215e+01,1.961498e+01,1.956606e+01,1.940516e+01,1.953810e+01,1.951712e+01,1.949614e+01,1.944716e+01,1.947515e+01,1.946815e+01,1.934213e+01,1.948914e+01,1.948215e+01,1.951712e+01,1.946815e+01,1.951013e+01,1.954509e+01,1.958703e+01,1.960101e+01,1.960800e+01,1.961498e+01,1.962896e+01,1.964293e+01,1.965689e+01,1.958703e+01,1.953810e+01,1.958004e+01,1.962197e+01,1.959402e+01,1.958004e+01,1.960800e+01,1.964293e+01,1.962197e+01,1.960800e+01,1.967086e+01,1.970577e+01,1.962896e+01,1.967086e+01,1.964293e+01,1.966388e+01,1.972671e+01,1.971973e+01,1.972671e+01,1.968483e+01,1.985922e+01,1.980345e+01,1.977555e+01,1.963594e+01,1.966388e+01,1.962896e+01,1.971275e+01,1.963594e+01,1.970577e+01,1.974764e+01,1.974067e+01,1.970577e+01,1.964293e+01,1.972671e+01,1.972671e+01,1.971973e+01,1.979647e+01,1.984528e+01,1.969879e+01,1.962896e+01,1.955907e+01,1.968483e+01,1.974067e+01,1.953111e+01,1.975462e+01,2.022794e+01,2.053995e+01,2.050533e+01,2.057456e+01,2.046377e+01,2.065065e+01,2.071287e+01,2.060223e+01,2.063682e+01,2.065065e+01,2.058840e+01,2.067831e+01,2.051918e+01,2.060223e+01,2.057456e+01,2.057456e+01,2.056763e+01,2.062299e+01,2.058148e+01,2.066448e+01,2.062299e+01,2.056763e+01,2.062299e+01,2.052610e+01,2.062299e+01,2.061607e+01,2.061607e+01,2.060223e+01,2.047070e+01,2.047762e+01,2.057456e+01,2.047762e+01,2.037366e+01,2.049148e+01,2.042219e+01,2.042219e+01,2.026266e+01,2.012372e+01,2.030430e+01,2.025571e+01,2.015153e+01,2.012372e+01,2.001940e+01,1.996371e+01,1.993586e+01,1.981042e+01,1.992890e+01,1.988013e+01,1.989407e+01,1.985922e+01,1.988013e+01,1.988710e+01,1.985225e+01,1.983831e+01,1.977555e+01,1.972671e+01,1.981042e+01,1.969879e+01,1.969181e+01,1.967785e+01,1.971973e+01,1.970577e+01,1.974067e+01,1.972671e+01,1.971973e+01,1.975462e+01,1.973369e+01,1.973369e+01,1.974067e+01,1.985225e+01,1.976160e+01,1.994979e+01,1.996371e+01,1.997068e+01,2.022100e+01,2.019321e+01,2.015153e+01,2.017237e+01,2.013763e+01,2.013068e+01,2.010982e+01,2.006114e+01,2.006810e+01,2.004723e+01,2.006810e+01,2.009591e+01,2.003332e+01,2.014458e+01,2.004027e+01,2.010982e+01,2.008896e+01,2.009591e+01,2.017932e+01,2.024877e+01,2.034592e+01,2.026960e+01,2.035980e+01,2.043605e+01,2.041526e+01,2.051918e+01,2.051225e+01,2.060223e+01,2.051225e+01,2.056763e+01,2.056763e+01,2.058148e+01,2.044991e+01,2.045684e+01,2.049840e+01,2.051225e+01,2.049840e+01,2.053303e+01,2.060915e+01,2.056071e+01,2.058840e+01,2.059531e+01,2.047762e+01,2.050533e+01,2.050533e+01,2.055379e+01,2.058148e+01,2.058148e+01,2.062990e+01,2.059531e+01,2.058840e+01,2.062990e+01,2.067831e+01,2.065065e+01,2.065757e+01,2.068522e+01,2.067139e+01,2.067139e+01,2.062990e+01,2.058840e+01,2.062990e+01,2.065065e+01,2.058148e+01,2.057456e+01,2.060223e+01,2.060223e+01,2.058148e+01,2.053303e+01,2.062990e+01,2.060223e+01,2.058840e+01,2.069213e+01,2.063682e+01,2.067139e+01,2.059531e+01,2.060223e+01,2.070596e+01,2.070596e+01,2.069905e+01,2.069213e+01,2.063682e+01,2.058148e+01,2.067831e+01,2.062299e+01,2.075432e+01,2.079576e+01,2.073360e+01,2.082338e+01,2.072669e+01,2.080267e+01,2.080957e+01,2.076123e+01,2.079576e+01,2.076814e+01,2.078886e+01,2.083719e+01,2.085099e+01,2.073360e+01,2.084409e+01,2.069213e+01,2.072669e+01,2.083719e+01,2.073360e+01,2.083719e+01,2.085099e+01,2.076123e+01,2.071978e+01,2.080957e+01,2.068522e+01,2.071978e+01,2.080957e+01,2.077505e+01,2.076123e+01,2.083719e+01,2.076123e+01,2.068522e+01,2.074742e+01,2.077505e+01,2.079576e+01,2.109225e+01,2.142220e+01,2.197656e+01,2.274494e+01,2.334610e+01,2.402411e+01,2.427806e+01,2.452473e+01,2.471102e+01,2.483723e+01,2.496993e+01,2.496330e+01,2.497656e+01,2.481731e+01,2.481067e+01,2.486379e+01,2.485715e+01,2.471766e+01,2.468442e+01,2.435145e+01,2.433811e+01,2.433144e+01,2.415784e+01,2.412442e+01,2.421129e+01,2.397057e+01,2.378295e+01,2.352106e+01,2.328547e+01,2.310335e+01,2.277880e+01,2.256865e+01,2.220155e+01,2.198338e+01,2.181262e+01,2.183312e+01,2.171002e+01,2.179211e+01,2.166895e+01,2.160047e+01,2.133294e+01,2.130546e+01,2.131920e+01,2.107848e+01,2.111979e+01,2.111291e+01,2.101649e+01,2.107848e+01,2.113355e+01,2.109914e+01,2.110602e+01,2.099582e+01,2.098203e+01,2.103027e+01,2.103027e+01,2.096135e+01,2.101649e+01,2.103716e+01,2.101649e+01,2.096135e+01,2.103027e+01,2.096825e+01,2.100271e+01,2.103027e+01,2.095446e+01,2.101649e+01,2.093377e+01,2.091308e+01,2.103027e+01,2.098893e+01,2.094757e+01,2.085789e+01,2.098203e+01,2.096825e+01,2.091998e+01,2.091998e+01,2.096135e+01,2.089239e+01,2.095446e+01,2.096825e+01,2.101649e+01,2.095446e+01,2.094067e+01,2.093377e+01,2.091308e+01,2.105782e+01,2.108537e+01,2.109225e+01,2.095446e+01,2.105094e+01,2.111979e+01,2.109914e+01,2.103027e+01,2.098893e+01,2.105094e+01,2.113355e+01,2.123674e+01,2.109225e+01,2.110602e+01,2.097514e+01,2.113355e+01,2.094067e+01,2.100271e+01,2.099582e+01,2.104405e+01,2.114044e+01,2.098203e+01,2.101649e+01,2.111291e+01,2.114732e+01,2.109225e+01,2.106471e+01,2.107848e+01,2.105782e+01,2.105782e+01,2.107160e+01,2.118172e+01,2.114732e+01,2.120923e+01,2.128485e+01,2.099582e+01,2.109914e+01,2.107848e+01,2.116108e+01,2.106471e+01,2.105094e+01,2.107160e+01,2.107160e+01,2.102338e+01,2.111979e+01,2.109225e+01,2.106471e+01,2.109225e+01,2.109225e+01,2.120923e+01,2.097514e+01,2.120923e+01,2.105782e+01,2.109914e+01,2.107848e+01,2.103716e+01,2.109225e+01,2.101649e+01,2.112667e+01,2.114044e+01,2.115420e+01,2.116108e+01,2.115420e+01,2.111291e+01,2.115420e+01,2.118860e+01,2.135355e+01,2.113355e+01,2.121611e+01,2.122986e+01,2.121611e+01,2.123674e+01,2.111979e+01,2.113355e+01,2.114732e+01,2.113355e+01,2.107848e+01,2.118172e+01,2.118172e+01,2.114044e+01,2.108537e+01,2.105094e+01,2.135355e+01,2.116796e+01,2.110602e+01,2.119548e+01,2.109914e+01,2.109914e+01,2.109914e+01
2.101649e+01,2.116108e+01,2.113355e+01,2.113355e+01,2.105782e+01,2.114044e+01,2.104405e+01,2.111291e+01,2.113355e+01,2.115420e+01,2.109914e+01,2.111291e+01,2.111979e+01,2.115420e+01,2.114732e+01,2.109914e+01,2.109225e+01,2.109914e+01,2.112667e+01,2.110602e+01,2.123674e+01,2.123674e+01,2.121611e+01,2.121611e+01,2.114044e+01,2.117484e+01,2.118860e+01,2.121611e+01,2.109225e+01,2.115420e+01,2.116108e+01,2.116108e+01,2.128485e+01,2.112667e+01,2.113355e+01,2.115420e+01,2.116108e+01,2.111979e+01,2.104405e+01,2.110602e+01,2.108537e+01,2.110602e+01,2.104405e+01,2.105782e+01,2.103027e+01,2.105782e+01,2.112667e+01,2.107848e+01,2.114044e+01,2.116796e+01,2.105782e+01,2.113355e+01,2.105094e+01,2.112667e+01,2.100271e+01,2.101649e+01,2.101649e+01,2.105094e+01,2.102338e+01,2.103716e+01,2.102338e+01,2.094757e+01,2.095446e+01,2.103716e+01,2.094757e+01,2.089239e+01,2.099582e+01,2.105782e+01,2.108537e+01,2.100271e+01,2.103716e+01,2.097514e+01,2.098203e+01,2.097514e+01,2.104405e+01,2.102338e+01,2.099582e+01,2.109225e+01,2.106471e+01,2.110602e+01,2.096135e+01,2.107160e+01,2.106471e+01,2.109225e+01,2.109914e+01,2.101649e+01,2.097514e+01,2.103716e+01,2.113355e+01,2.110602e+01,2.111979e+01,2.106471e+01,2.114044e+01,2.107848e+01,2.109225e+01,2.106471e+01,2.105094e+01,2.101649e+01,2.109225e+01,2.109225e+01,2.117484e+01,2.110602e+01,2.100271e+01,2.103716e+01,2.114732e+01,2.121611e+01,2.096825e+01,2.111979e+01,2.120235e+01,2.116108e+01,2.114732e+01,2.115420e+01,2.118860e+01,2.115420e+01,2.117484e+01,2.117484e+01,2.117484e+01,2.118172e+01,2.117484e+01,2.129172e+01,2.123674e+01,2.120235e+01,2.115420e+01,2.114732e+01,2.120923e+01,2.111979e+01,2.125048e+01,2.128485e+01,2.125736e+01,2.120923e+01,2.125736e+01,2.127110e+01,2.125736e+01,2.125048e+01,2.127110e+01,2.127110e+01,2.114732e+01,2.106471e+01,2.096825e+01,2.051918e+01,2.033205e+01,2.001940e+01,1.983134e+01,1.981042e+01,1.969879e+01,1.974067e+01,1.971275e+01,1.967785e+01,1.964293e+01,1.963594e+01,1.968483e+01,1.962896e+01,1.969181e+01,1.956606e+01,1.960800e+01,1.958004e+01,1.976160e+01,1.958004e+01,1.971275e+01,1.955208e+01,1.972671e+01,1.964293e+01,1.977555e+01,1.969181e+01,1.967785e+01,1.963594e+01,1.967785e+01,1.962197e+01,1.967086e+01,1.965689e+01,1.969181e+01,1.967785e+01,1.962197e+01,1.973369e+01,1.964293e+01,1.960101e+01,1.964991e+01,1.966388e+01,1.967785e+01,1.968483e+01,1.964293e+01,1.970577e+01,1.965689e+01,1.969181e+01,1.966388e+01,1.962197e+01,1.962197e+01,1.962197e+01,1.966388e+01,1.967086e+01,1.964991e+01,1.967785e+01,1.967086e+01,1.942616e+01,1.963594e+01,1.954509e+01,1.951013e+01,1.958004e+01,1.958703e+01,1.959402e+01,1.952411e+01,1.954509e+01,1.951712e+01,1.947515e+01,1.951712e+01,1.955907e+01,1.954509e+01,1.961498e+01,1.941216e+01,1.948215e+01,1.953810e+01,1.949614e+01,1.955907e+01,1.949614e+01,1.948914e+01,1.953111e+01,1.953111e+01,1.949614e+01,1.955208e+01,1.960101e+01,1.977555e+01,1.966388e+01,1.948914e+01,1.957305e+01,1.960101e+01,1.961498e+01,1.967086e+01,1.966388e+01,1.971275e+01,1.964991e+01,1.973369e+01,1.975462e+01,1.967086e+01,1.966388e+01,1.970577e+01,1.965689e+01,1.970577e+01,1.971973e+01,1.967785e+01,1.960101e+01,1.962197e+01,1.970577e+01,1.963594e+01,1.969879e+01,1.971973e+01,1.976160e+01,1.974067e+01,1.985225e+01,1.977555e+01,1.985922e+01,1.972671e+01,1.960800e+01,1.966388e+01,1.972671e+01,1.966388e+01,1.967785e+01,1.969181e+01,1.963594e+01,1.971275e+01,1.976160e+01,1.970577e+01,1.969879e+01,1.972671e+01,1.969181e+01,1.976858e+01,1.974067e+01,1.963594e+01,1.979647e+01,1.972671e+01,1.976858e+01,1.969879e+01,1.985225e+01,1.994979e+01,2.029042e+01,2.035286e+01,2.060915e+01,2.066448e+01,2.067139e+01,2.062299e+01,2.062299e+01,2.060223e+01,2.058148e+01,2.052610e+01,2.071287e+01,2.061607e+01,2.062990e+01,2.059531e+01,2.062299e+01,2.057456e+01,2.055379e+01,2.067139e+01,2.060915e+01,2.058840e+01,2.064374e+01,2.065757e+01,2.066448e+01,2.058148e+01,2.060223e+01,2.055379e+01,2.063682e+01,2.064374e+01,2.060223e+01,2.054687e+01,2.056071e+01,2.061607e+01,2.055379e+01,2.051918e+01,2.042912e+01,2.047070e+01,2.037366e+01,2.033899e+01,2.034592e+01,2.040833e+01,2.040140e+01,2.032512e+01,2.030430e+01,2.010982e+01,2.006114e+01,1.983134e+01,1.985225e+01,2.001244e+01,1.986619e+01,1.991496e+01,1.985922e+01,1.982437e+01,1.978253e+01,1.973369e+01,1.975462e+01,1.969879e+01,1.977555e+01,1.974067e+01,1.976160e+01,1.991496e+01,1.988710e+01,1.983831e+01,1.978950e+01,1.979647e+01,1.981042e+01,1.974067e+01,1.975462e+01,1.974764e+01,1.983134e+01,1.978950e+01,1.981740e+01,1.976160e+01,1.991496e+01,1.997068e+01,2.024183e+01,2.012372e+01,2.021405e+01,2.011677e+01,2.013763e+01,2.014458e+01,2.014458e+01,2.004027e+01,2.010287e+01,2.008896e+01,2.006114e+01,2.009591e+01,2.014458e+01,2.007505e+01,2.009591e+01,2.006114e+01,2.016542e+01,2.016542e+01,2.015848e+01,2.020711e+01,2.024183e+01,2.029042e+01,2.029736e+01,2.040140e+01,2.055379e+01,2.051918e+01,2.053995e+01,2.058148e+01,2.057456e+01,2.051918e+01,2.057456e+01,2.054687e+01,2.056763e+01,2.067139e+01,2.059531e+01,2.063682e+01,2.056763e+01,2.056071e+01,2.051918e+01,2.062299e+01,2.065757e+01,2.049148e+01,2.053303e+01,2.050533e+01,2.063682e+01,2.061607e+01,2.062990e+01,2.062299e+01,2.058148e+01,2.054687e+01,2.060223e+01,2.056071e+01,2.066448e+01,2.067139e+01,2.067831e+01,2.067139e+01,2.067139e+01,2.065757e+01,2.055379e+01,2.064374e+01,2.062299e+01,2.056071e+01,2.062990e+01,2.060915e+01,2.056071e+01,2.058148e+01,2.060915e+01,2.058840e+01,2.056071e+01,2.060915e+01,2.060223e+01,2.059531e+01,2.064374e+01,2.063682e+01,2.072669e+01,2.075432e+01,2.073360e+01,2.069213e+01,2.069905e+01,2.075432e+01,2.062990e+01,2.071978e+01,2.072669e+01,2.072669e+01,2.077505e+01,2.081648e+01,2.070596e+01,2.075432e+01,2.084409e+01,2.077505e+01,2.074742e+01,2.096825e+01,2.075432e+01,2.078886e+01,2.078195e+01,2.076814e+01,2.083719e+01,2.076814e+01,2.083719e+01,2.083028e+01,2.078195e+01,2.080267e+01,2.086479e+01,2.085789e+01,2.078886e+01,2.080957e+01,2.073360e+01,2.076123e+01,2.073360e+01,2.068522e+01,2.083719e+01,2.078886e+01,2.071978e+01,2.077505e+01,2.070596e+01,2.070596e+01,2.078195e+01,2.074742e+01,2.096825e+01,2.094067e+01,2.166211e+01,2.199021e+01,2.271783e+01,2.348744e+01,2.407762e+01,2.432477e+01,2.465783e+01,2.471102e+01,2.495004e+01,2.497656e+01,2.498319e+01,2.495004e+01,2.502959e+01,2.486379e+01,2.493014e+01,2.473760e+01,2.459795e+01,2.447145e+01,2.442480e+01,2.433811e+01,2.415116e+01,2.414448e+01,2.411774e+01,2.381648e+01,2.378295e+01,2.356139e+01,2.335957e+01,2.335957e+01,2.283297e+01,2.258901e+01,2.246002e+01,2.222198e+01,2.195608e+01,2.196291e+01,2.179211e+01,2.194925e+01,2.175791e+01,2.161417e+01,2.162102e+01,2.130546e+01,2.131920e+01,2.115420e+01,2.116796e+01,2.113355e+01,2.112667e+01,2.109914e+01,2.109225e+01,2.106471e+01,2.105782e+01,2.109225e+01,2.109914e+01,2.106471e+01,2.107160e+01,2.104405e+01,2.098203e+01,2.096135e+01,2.119548e+01,2.101649e+01,2.090619e+01,2.102338e+01,2.107160e+01,2.100271e+01,2.094757e+01,2.098893e+01,2.100960e+01,2.097514e+01,2.103027e+01,2.096135e+01,2.103027e+01,2.098203e+01,2.094067e+01,2.096135e+01,2.091308e+01,2.106471e+01,2.094067e+01,2.126423e+01,2.111291e+01,2.114732e+01,2.104405e+01,2.089929e+01,2.096135e+01,2.099582e+01,2.083719e+01,2.100960e+01,2.104405e+01,2.105094e+01,2.105782e+01,2.109914e+01,2.111291e+01,2.110602e+01,2.098203e+01,2.112667e+01,2.109225e+01,2.109914e+01,2.108537e+01,2.105094e+01,2.110602e+01,2.100271e+01,2.098893e+01,2.102338e+01,2.095446e+01,2.118860e+01,2.108537e+01,2.110602e+01,2.099582e+01,2.101649e+01,2.114044e+01,2.114044e+01,2.101649e+01,2.108537e+01,2.107160e+01,2.109914e+01,2.106471e+01,2.107848e+01,2.109225e+01,2.123674e+01,2.103716e+01,2.100960e+01,2.110602e+01,2.109914e+01,2.118172e+01,2.110602e+01,2.111979e+01,2.113355e+01,2.106471e+01,2.105782e+01,2.115420e+01,2.103027e+01,2.105094e+01,2.108537e+01,2.109914e+01,2.108537e+01,2.118172e+01,2.108537e+01,2.109914e+01,2.114044e+01,2.107848e+01,2.103716e+01,2.115420e+01,2.114044e+01,2.116796e+01,2.111291e+01,2.114044e+01,2.105094e+01,2.117484e+01,2.117484e+01,2.114044e+01,2.118860e+01,2.107160e+01,2.118172e+01,2.114732e+01,2.114044e+01,2.111291e+01,2.120235e+01,2.144964e+01,2.125048e+01,2.107160e+01,2.110602e+01,2.109914e+01,2.107848e+01,2.104405e+01,2.116108e+01,2.111291e+01,2.120923e+01,2.111291e+01,2.114732e+01,2.114732e+01,2.122298e+01,2.114732e+01,2.113355e+01,2.112667e+01,2.111291e+01,2.111291e+01
2.114732e+01,2.116108e+01,2.119548e+01,2.113355e+01,2.107848e+01,2.109914e+01,2.114044e+01,2.091308e+01,2.107848e+01,2.114044e+01,2.112667e+01,2.110602e+01,2.108537e+01,2.109914e+01,2.113355e+01,2.118860e+01,2.110602e+01,2.110602e+01,2.107848e+01,2.109914e+01,2.117484e+01,2.116108e+01,2.122986e+01,2.105782e+01,2.118860e+01,2.116796e+01,2.117484e+01,2.121611e+01,2.114732e+01,2.112667e+01,2.117484e+01,2.114732e+01,2.127110e+01,2.116108e+01,2.100271e+01,2.127798e+01,2.117484e+01,2.122298e+01,2.105782e+01,2.103716e+01,2.098893e+01,2.108537e+01,2.100271e+01,2.104405e+01,2.107848e+01,2.111291e+01,2.105094e+01,2.107160e+01,2.115420e+01,2.104405e+01,2.103716e+01,2.104405e+01,2.101649e+01,2.105782e+01,2.099582e+01,2.103716e+01,2.098893e+01,2.098203e+01,2.107160e+01,2.100960e+01,2.099582e+01,2.116108e+01,2.094067e+01,2.103716e+01,2.098203e+01,2.097514e+01,2.097514e+01,2.097514e+01,2.099582e+01,2.105782e+01,2.103027e+01,2.105094e+01,2.104405e+01,2.104405e+01,2.092688e+01,2.102338e+01,2.105094e+01,2.102338e+01,2.106471e+01,2.112667e+01,2.109914e+01,2.110602e+01,2.100960e+01,2.103716e+01,2.116796e+01,2.103716e+01,2.098893e+01,2.108537e+01,2.111979e+01,2.111979e+01,2.110602e+01,2.118172e+01,2.138788e+01,2.116108e+01,2.091308e+01,2.106471e+01,2.107160e+01,2.108537e+01,2.111291e+01,2.106471e+01,2.114732e+01,2.102338e+01,2.119548e+01,2.108537e+01,2.096825e+01,2.116108e+01,2.115420e+01,2.111979e+01,2.114732e+01,2.117484e+01,2.115420e+01,2.116796e+01,2.118860e+01,2.118860e+01,2.115420e+01,2.109225e+01,2.112667e+01,2.117484e+01,2.119548e+01,2.114044e+01,2.119548e+01,2.116796e+01,2.115420e+01,2.125736e+01,2.124361e+01,2.133294e+01,2.118860e+01,2.125736e+01,2.124361e+01,2.125736e+01,2.123674e+01,2.127110e+01,2.126423e+01,2.128485e+01,2.126423e+01,2.121611e+01,2.109914e+01,2.095446e+01,2.074742e+01,2.024183e+01,2.018627e+01,2.005419e+01,1.982437e+01,1.971973e+01,1.969879e+01,1.978253e+01,1.970577e+01,1.978950e+01,1.969181e+01,1.962896e+01,1.968483e+01,1.963594e+01,1.958703e+01,1.960101e+01,1.953810e+01,1.959402e+01,1.962896e+01,1.965689e+01,1.960101e+01,1.966388e+01,1.971973e+01,1.969181e+01,1.962197e+01,1.968483e+01,1.966388e+01,1.968483e+01,1.977555e+01,1.975462e+01,1.962197e+01,1.977555e+01,1.971973e+01,1.973369e+01,1.968483e+01,1.971275e+01,1.972671e+01,1.963594e+01,1.953810e+01,1.962197e+01,1.960800e+01,1.957305e+01,1.969181e+01,1.971275e+01,1.962896e+01,1.971275e+01,1.958004e+01,1.954509e+01,1.964991e+01,1.962896e+01,1.961498e+01,1.967785e+01,1.961498e+01,1.966388e+01,1.964991e+01,1.960800e+01,1.959402e+01,1.958004e+01,1.958703e+01,1.955907e+01,1.959402e+01,1.951013e+01,1.949614e+01,1.959402e+01,1.952411e+01,1.946815e+01,1.952411e+01,1.955907e+01,1.948914e+01,1.945416e+01,1.947515e+01,1.944716e+01,1.950313e+01,1.957305e+01,1.950313e+01,1.951013e+01,1.952411e+01,1.955907e+01,1.955907e+01,1.936314e+01,1.932811e+01,1.952411e+01,1.959402e+01,1.958004e+01,1.966388e+01,1.961498e+01,1.956606e+01,1.960101e+01,1.969879e+01,1.969181e+01,1.970577e+01,1.971973e+01,1.968483e+01,1.962197e+01,1.969181e+01,1.962197e+01,1.959402e+01,1.968483e+01,1.959402e+01,1.964293e+01,1.968483e+01,1.971973e+01,1.968483e+01,1.966388e+01,1.971973e+01,1.972671e+01,1.974067e+01,1.973369e+01,1.977555e+01,1.973369e+01,1.970577e+01,1.971275e+01,1.964991e+01,1.966388e+01,1.975462e+01,1.978950e+01,1.962896e+01,1.968483e+01,1.971973e+01,1.974067e+01,1.964293e+01,1.972671e+01,1.967785e+01,1.972671e+01,1.974764e+01,1.982437e+01,1.981042e+01,1.971973e+01,1.976858e+01,1.973369e+01,1.971275e+01,1.980345e+01,1.976160e+01,1.985225e+01,2.004723e+01,2.025571e+01,2.050533e+01,2.062299e+01,2.067139e+01,2.042912e+01,2.060223e+01,2.063682e+01,2.058840e+01,2.063682e+01,2.058148e+01,2.053995e+01,2.060223e+01,2.055379e+01,2.059531e+01,2.055379e+01,2.056763e+01,2.060915e+01,2.051918e+01,2.058148e+01,2.067831e+01,2.055379e+01,2.062990e+01,2.062990e+01,2.063682e+01,2.048455e+01,2.060223e+01,2.060915e+01,2.056763e+01,2.056763e+01,2.042219e+01,2.053303e+01,2.054687e+01,2.048455e+01,2.051225e+01,2.041526e+01,2.049840e+01,2.047762e+01,2.043605e+01,2.046377e+01,2.042912e+01,2.035286e+01,2.030430e+01,2.035286e+01,2.035980e+01,2.006810e+01,2.017932e+01,2.001940e+01,1.990800e+01,1.983831e+01,1.994283e+01,1.990800e+01,1.983134e+01,1.976160e+01,1.974067e+01,1.973369e+01,1.972671e+01,1.976160e+01,1.986619e+01,1.972671e+01,1.972671e+01,1.984528e+01,1.982437e+01,1.983134e+01,1.980345e+01,1.981042e+01,1.974067e+01,1.978950e+01,1.975462e+01,1.976858e+01,1.977555e+01,1.978253e+01,1.982437e+01,1.992193e+01,2.002636e+01,2.020711e+01,2.020016e+01,2.022794e+01,2.017932e+01,2.013763e+01,2.016542e+01,2.013068e+01,2.009591e+01,2.014458e+01,1.994979e+01,2.013068e+01,2.007505e+01,2.013763e+01,2.005419e+01,2.008896e+01,2.018627e+01,2.008896e+01,2.017932e+01,2.017237e+01,2.020711e+01,2.024877e+01,2.031124e+01,2.034592e+01,2.039447e+01,2.037366e+01,2.050533e+01,2.044991e+01,2.051225e+01,2.044298e+01,2.054687e+01,2.057456e+01,2.047762e+01,2.053303e+01,2.065065e+01,2.062990e+01,2.054687e+01,2.045684e+01,2.047070e+01,2.051918e+01,2.058148e+01,2.051225e+01,2.054687e+01,2.057456e+01,2.052610e+01,2.053303e+01,2.050533e+01,2.070596e+01,2.067831e+01,2.053303e+01,2.071978e+01,2.055379e+01,2.060915e+01,2.064374e+01,2.062299e+01,2.061607e+01,2.055379e+01,2.064374e+01,2.065065e+01,2.065757e+01,2.062299e+01,2.067831e+01,2.056763e+01,2.053303e+01,2.055379e+01,2.054687e+01,2.060223e+01,2.062990e+01,2.062990e+01,2.059531e+01,2.058840e+01,2.059531e+01,2.063682e+01,2.065065e+01,2.060915e+01,2.064374e+01,2.065757e+01,2.071978e+01,2.069905e+01,2.073360e+01,2.069213e+01,2.067139e+01,2.065757e+01,2.071287e+01,2.073360e+01,2.077505e+01,2.072669e+01,2.079576e+01,2.072669e+01,2.080957e+01,2.084409e+01,2.079576e+01,2.077505e+01,2.078195e+01,2.076814e+01,2.080267e+01,2.083028e+01,2.073360e+01,2.076814e+01,2.081648e+01,2.083028e+01,2.083028e+01,2.083719e+01,2.083719e+01,2.080267e+01,2.077505e+01,2.075432e+01,2.074742e+01,2.074742e+01,2.074051e+01,2.074051e+01,2.079576e+01,2.083719e+01,2.080267e+01,2.076814e+01,2.068522e+01,2.078886e+01,2.075432e+01,2.075432e+01,2.081648e+01,2.107848e+01,2.168949e+01,2.209934e+01,2.302907e+01,2.364873e+01,2.421797e+01,2.441147e+01,2.472431e+01,2.471766e+01,2.491687e+01,2.501634e+01,2.506272e+01,2.504947e+01,2.499645e+01,2.495667e+01,2.479739e+01,2.460461e+01,2.455802e+01,2.431143e+01,2.415784e+01,2.413779e+01,2.396387e+01,2.394378e+01,2.415784e+01,2.360171e+01,2.356139e+01,2.335957e+01,2.317084e+01,2.305609e+01,2.271783e+01,2.239886e+01,2.218793e+01,2.215387e+01,2.196973e+01,2.173739e+01,2.171686e+01,2.166895e+01,2.163472e+01,2.162787e+01,2.157991e+01,2.129859e+01,2.118172e+01,2.127798e+01,2.121611e+01,2.114044e+01,2.114732e+01,2.107848e+01,2.107160e+01,2.112667e+01,2.106471e+01,2.104405e+01,2.094757e+01,2.103716e+01,2.107848e+01,2.094757e+01,2.100960e+01,2.105782e+01,2.085099e+01,2.096135e+01,2.098893e+01,2.100960e+01,2.092688e+01,2.097514e+01,2.091308e+01,2.098203e+01,2.096135e+01,2.093377e+01,2.098893e+01,2.097514e+01,2.098893e+01,2.092688e+01,2.098893e+01,2.086479e+01,2.089929e+01,2.096135e+01,2.091308e+01,2.104405e+01,2.094757e+01,2.091998e+01,2.091308e+01,2.097514e+01,2.097514e+01,2.099582e+01,2.102338e+01,2.100960e+01,2.093377e+01,2.098893e+01,2.112667e+01,2.093377e+01,2.106471e+01,2.109914e+01,2.103027e+01,2.109914e+01,2.107160e+01,2.124361e+01,2.108537e+01,2.113355e+01,2.104405e+01,2.105782e+01,2.108537e+01,2.094757e+01,2.109914e+01,2.096135e+01,2.109225e+01,2.115420e+01,2.111291e+01,2.115420e+01,2.110602e+01,2.111291e+01,2.105094e+01,2.115420e+01,2.113355e+01,2.112667e+01,2.111979e+01,2.105782e+01,2.107160e+01,2.122298e+01,2.107160e+01,2.110602e+01,2.133294e+01,2.096825e+01,2.115420e+01,2.107848e+01,2.103027e+01,2.107848e+01,2.114732e+01,2.105782e+01,2.113355e+01,2.098203e+01,2.105782e+01,2.103027e+01,2.117484e+01,2.101649e+01,2.098893e+01,2.096135e+01,2.105782e+01,2.096135e+01,2.106471e+01,2.110602e+01,2.114044e+01,2.112667e+01,2.100960e+01,2.114044e+01,2.105782e+01,2.117484e+01,2.117484e+01,2.115420e+01,2.114044e+01,2.109914e+01,2.109225e+01,2.121611e+01,2.117484e+01,2.122986e+01,2.117484e+01,2.105782e+01,2.120923e+01,2.107160e+01,2.108537e+01,2.126423e+01,2.123674e+01,2.115420e+01,2.108537e+01,2.118172e+01,2.109914e+01,2.116796e+01,2.107848e+01,2.107160e+01,2.112667e+01,2.113355e+01,2.114732e+01,2.129859e+01,2.113355e+01,2.111291e+01,2.123674e+01
2.111291e+01,2.110602e+01,2.111291e+01,2.108537e+01,2.109225e+01,2.109225e+01,2.114044e+01,2.113355e+01,2.109914e+01,2.089239e+01,2.093377e+01,2.111291e+01,2.111979e+01,2.109225e+01,2.109225e+01,2.111979e+01,2.108537e+01,2.109225e+01,2.091998e+01,2.106471e+01,2.105094e+01,2.108537e+01,2.105782e+01,2.124361e+01,2.120235e+01,2.107848e+01,2.124361e+01,2.118860e+01,2.108537e+01,2.105782e+01,2.116108e+01,2.107848e+01,2.116108e+01,2.127798e+01,2.118860e+01,2.109914e+01,2.113355e+01,2.114732e+01,2.116796e+01,2.106471e+01,2.103027e+01,2.103027e+01,2.107848e+01,2.105094e+01,2.109914e+01,2.107848e+01,2.109914e+01,2.100271e+01,2.108537e+01,2.105094e+01,2.105094e+01,2.097514e+01,2.105094e+01,2.106471e+01,2.094757e+01,2.096825e+01,2.078886e+01,2.098893e+01,2.092688e+01,2.085789e+01,2.093377e+01,2.102338e+01,2.090619e+01,2.096825e+01,2.095446e+01,2.095446e+01,2.109914e+01,2.094067e+01,2.111979e+01,2.107160e+01,2.104405e+01,2.098203e+01,2.099582e+01,2.098893e+01,2.091308e+01,2.099582e+01,2.103027e+01,2.106471e+01,2.096135e+01,2.113355e+01,2.109914e+01,2.109914e+01,2.098203e+01,2.100960e+01,2.103716e+01,2.103716e+01,2.103716e+01,2.098203e+01,2.111291e+01,2.107848e+01,2.117484e+01,2.107848e+01,2.107160e+01,2.099582e+01,2.096825e+01,2.112667e+01,2.100960e+01,2.098893e+01,2.109225e+01,2.114732e+01,2.112667e+01,2.112667e+01,2.117484e+01,2.115420e+01,2.119548e+01,2.116108e+01,2.103027e+01,2.109914e+01,2.116108e+01,2.121611e+01,2.124361e+01,2.126423e+01,2.125048e+01,2.117484e+01,2.116796e+01,2.118860e+01,2.116796e+01,2.116108e+01,2.118860e+01,2.122298e+01,2.104405e+01,2.114732e+01,2.118860e+01,2.119548e+01,2.133294e+01,2.124361e+01,2.120923e+01,2.132607e+01,2.126423e+01,2.122986e+01,2.121611e+01,2.123674e+01,2.126423e+01,2.104405e+01,2.118172e+01,2.116108e+01,2.109914e+01,2.066448e+01,2.051225e+01,2.032512e+01,2.006114e+01,1.985225e+01,1.990103e+01,1.979647e+01,1.980345e+01,1.972671e+01,1.964991e+01,1.948215e+01,1.969181e+01,1.965689e+01,1.960800e+01,1.958703e+01,1.959402e+01,1.953810e+01,1.958703e+01,1.959402e+01,1.972671e+01,1.961498e+01,1.955208e+01,1.961498e+01,1.959402e+01,1.973369e+01,1.969181e+01,1.968483e+01,1.976858e+01,1.969879e+01,1.966388e+01,1.967086e+01,1.969879e+01,1.969181e+01,1.973369e+01,1.971973e+01,1.972671e+01,1.957305e+01,1.968483e+01,1.972671e+01,1.974764e+01,1.969181e+01,1.970577e+01,1.965689e+01,1.966388e+01,1.970577e+01,1.964991e+01,1.968483e+01,1.969879e+01,1.962896e+01,1.962197e+01,1.959402e+01,1.960101e+01,1.959402e+01,1.965689e+01,1.963594e+01,1.961498e+01,1.962896e+01,1.959402e+01,1.955907e+01,1.957305e+01,1.949614e+01,1.952411e+01,1.960101e+01,1.958004e+01,1.957305e+01,1.955907e+01,1.952411e+01,1.952411e+01,1.950313e+01,1.958004e+01,1.957305e+01,1.949614e+01,1.950313e+01,1.946115e+01,1.944016e+01,1.950313e+01,1.951013e+01,1.951712e+01,1.956606e+01,1.955907e+01,1.957305e+01,1.954509e+01,1.953810e+01,1.953111e+01,1.954509e+01,1.953111e+01,1.967086e+01,1.962197e+01,1.961498e+01,1.973369e+01,1.961498e+01,1.966388e+01,1.971973e+01,1.967086e+01,1.962896e+01,1.971973e+01,1.962197e+01,1.962896e+01,1.959402e+01,1.957305e+01,1.962896e+01,1.967086e+01,1.969879e+01,1.965689e+01,1.971275e+01,1.969879e+01,1.972671e+01,1.972671e+01,1.973369e+01,1.964293e+01,1.969879e+01,1.971973e+01,1.981042e+01,1.964991e+01,1.966388e+01,1.967086e+01,1.967785e+01,1.969181e+01,1.967086e+01,1.967785e+01,1.969181e+01,1.981042e+01,1.976858e+01,1.970577e+01,1.968483e+01,1.970577e+01,1.967086e+01,1.976858e+01,1.970577e+01,1.964293e+01,1.973369e+01,1.976160e+01,1.979647e+01,1.986619e+01,2.017237e+01,2.028348e+01,2.038753e+01,2.056071e+01,2.062990e+01,2.057456e+01,2.051918e+01,2.053303e+01,2.065065e+01,2.069213e+01,2.065065e+01,2.052610e+01,2.049148e+01,2.064374e+01,2.060915e+01,2.053995e+01,2.051918e+01,2.049840e+01,2.051918e+01,2.054687e+01,2.060915e+01,2.062299e+01,2.054687e+01,2.051918e+01,2.058148e+01,2.046377e+01,2.048455e+01,2.055379e+01,2.056071e+01,2.056763e+01,2.054687e+01,2.052610e+01,2.049840e+01,2.054687e+01,2.045684e+01,2.049148e+01,2.044298e+01,2.042912e+01,2.035286e+01,2.031818e+01,2.041526e+01,2.044298e+01,2.031124e+01,2.042219e+01,2.031818e+01,2.051225e+01,2.032512e+01,2.019321e+01,2.001244e+01,1.998460e+01,1.994979e+01,1.994979e+01,1.996371e+01,1.990800e+01,1.983134e+01,1.977555e+01,1.978950e+01,1.983134e+01,1.975462e+01,1.988710e+01,1.976160e+01,1.982437e+01,1.978950e+01,1.982437e+01,1.982437e+01,1.981042e+01,1.973369e+01,1.974764e+01,1.985225e+01,1.978253e+01,1.979647e+01,1.983134e+01,1.981042e+01,1.981042e+01,1.978253e+01,2.003332e+01,2.020016e+01,2.022794e+01,2.023489e+01,2.020016e+01,2.008201e+01,2.008201e+01,2.013068e+01,2.009591e+01,2.012372e+01,2.004027e+01,2.002636e+01,2.012372e+01,2.009591e+01,2.012372e+01,2.012372e+01,2.003332e+01,2.007505e+01,2.028348e+01,2.020016e+01,2.029042e+01,2.022794e+01,2.029736e+01,2.029042e+01,2.031818e+01,2.049840e+01,2.042912e+01,2.054687e+01,2.041526e+01,2.051225e+01,2.056763e+01,2.043605e+01,2.051918e+01,2.047762e+01,2.048455e+01,2.047762e+01,2.049148e+01,2.052610e+01,2.058840e+01,2.049148e+01,2.051918e+01,2.046377e+01,2.055379e+01,2.055379e+01,2.052610e+01,2.056763e+01,2.059531e+01,2.058840e+01,2.067139e+01,2.055379e+01,2.052610e+01,2.067831e+01,2.052610e+01,2.052610e+01,2.056071e+01,2.064374e+01,2.063682e+01,2.062990e+01,2.065065e+01,2.053995e+01,2.060223e+01,2.060915e+01,2.067139e+01,2.059531e+01,2.055379e+01,2.053995e+01,2.055379e+01,2.054687e+01,2.059531e+01,2.058840e+01,2.059531e+01,2.062990e+01,2.058840e+01,2.065757e+01,2.065757e+01,2.062990e+01,2.062990e+01,2.061607e+01,2.067139e+01,2.076123e+01,2.070596e+01,2.075432e+01,2.063682e+01,2.079576e+01,2.077505e+01,2.077505e+01,2.070596e+01,2.078886e+01,2.069905e+01,2.080957e+01,2.080957e+01,2.074742e+01,2.075432e+01,2.076123e+01,2.077505e+01,2.073360e+01,2.074742e+01,2.087169e+01,2.082338e+01,2.080957e+01,2.069905e+01,2.085789e+01,2.091308e+01,2.071287e+01,2.076814e+01,2.080267e+01,2.081648e+01,2.076123e+01,2.074742e+01,2.072669e+01,2.079576e+01,2.080267e+01,2.065757e+01,2.075432e+01,2.074051e+01,2.073360e+01,2.076123e+01,2.075432e+01,2.076123e+01,2.097514e+01,2.108537e+01,2.166895e+01,2.244643e+01,2.303582e+01,2.382989e+01,2.423800e+01,2.447145e+01,2.471766e+01,2.487706e+01,2.497656e+01,2.500308e+01,2.499645e+01,2.498982e+01,2.504284e+01,2.479075e+01,2.478411e+01,2.440480e+01,2.436479e+01,2.424468e+01,2.413111e+01,2.387010e+01,2.392369e+01,2.384329e+01,2.361515e+01,2.341343e+01,2.337304e+01,2.334610e+01,2.304933e+01,2.270428e+01,2.241245e+01,2.238527e+01,2.215387e+01,2.172371e+01,2.163472e+01,2.155936e+01,2.173739e+01,2.152508e+01,2.163472e+01,2.158677e+01,2.123674e+01,2.121611e+01,2.116796e+01,2.120235e+01,2.111979e+01,2.110602e+01,2.112667e+01,2.108537e+01,2.107848e+01,2.106471e+01,2.106471e+01,2.107160e+01,2.110602e+01,2.096135e+01,2.092688e+01,2.105782e+01,2.103027e+01,2.102338e+01,2.100271e+01,2.103716e+01,2.103716e+01,2.098203e+01,2.096825e+01,2.095446e+01,2.098203e+01,2.102338e+01,2.098893e+01,2.098893e+01,2.094757e+01,2.100271e+01,2.081648e+01,2.093377e+01,2.096825e+01,2.089929e+01,2.084409e+01,2.092688e+01,2.101649e+01,2.098893e+01,2.094067e+01,2.088549e+01,2.095446e+01,2.094757e+01,2.098893e+01,2.098893e+01,2.099582e+01,2.097514e+01,2.098893e+01,2.101649e+01,2.103027e+01,2.100271e+01,2.100960e+01,2.106471e+01,2.105782e+01,2.110602e+01,2.110602e+01,2.103027e+01,2.096825e+01,2.109914e+01,2.110602e+01,2.097514e+01,2.105782e+01,2.096825e+01,2.094757e+01,2.109914e+01,2.100271e+01,2.113355e+01,2.104405e+01,2.107848e+01,2.112667e+01,2.113355e+01,2.109914e+01,2.102338e+01,2.134668e+01,2.109225e+01,2.106471e+01,2.105094e+01,2.107848e+01,2.125736e+01,2.104405e+01,2.101649e+01,2.104405e+01,2.108537e+01,2.115420e+01,2.100960e+01,2.109914e+01,2.117484e+01,2.112667e+01,2.104405e+01,2.119548e+01,2.109225e+01,2.106471e+01,2.103716e+01,2.106471e+01,2.103716e+01,2.121611e+01,2.116108e+01,2.098203e+01,2.103716e+01,2.101649e+01,2.105094e+01,2.103027e+01,2.114732e+01,2.111979e+01,2.120235e+01,2.120923e+01,2.120235e+01,2.111979e+01,2.118172e+01,2.114044e+01,2.120923e+01,2.107848e+01,2.110602e+01,2.133294e+01,2.109225e+01,2.111291e+01,2.124361e+01,2.114044e+01,2.105094e+01,2.103716e+01,2.129172e+01,2.127110e+01,2.111291e+01,2.117484e+01,2.116796e+01,2.119548e+01,2.118860e+01,2.116796e+01,2.114044e+01,2.109225e+01,2.118172e+01,2.111291e+01,2.113355e+01,2.114044e+01,2.110602e+01,2.110602e+01
2.111291e+01,2.110602e+01,2.122298e+01,2.109225e+01,2.108537e+01,2.106471e+01,2.107848e+01,2.115420e+01,2.107160e+01,2.115420e+01,2.110602e+01,2.117484e+01,2.107848e+01,2.108537e+01,2.109225e+01,2.108537e+01,2.119548e+01,2.123674e+01,2.116796e+01,2.109914e+01,2.120235e+01,2.105094e+01,2.120235e+01,2.108537e+01,2.110602e+01,2.116796e+01,2.118860e+01,2.110602e+01,2.116108e+01,2.101649e+01,2.103716e+01,2.115420e+01,2.124361e+01,2.103027e+01,2.099582e+01,2.104405e+01,2.118172e+01,2.108537e+01,2.116108e+01,2.118172e+01,2.107848e+01,2.105782e+01,2.107848e+01,2.106471e+01,2.104405e+01,2.109914e+01,2.103716e+01,2.103027e+01,2.107160e+01,2.104405e+01,2.105782e+01,2.103716e+01,2.098893e+01,2.089239e+01,2.094757e+01,2.091308e+01,2.098203e+01,2.094757e+01,2.097514e+01,2.102338e+01,2.096825e+01,2.097514e+01,2.094757e+01,2.094067e+01,2.097514e+01,2.094067e+01,2.098893e+01,2.100271e+01,2.105094e+01,2.103716e+01,2.103027e+01,2.098893e+01,2.096825e+01,2.097514e+01,2.108537e+01,2.100271e+01,2.107160e+01,2.098203e+01,2.105782e+01,2.107160e+01,2.109225e+01,2.107848e+01,2.100271e+01,2.104405e+01,2.099582e+01,2.103027e+01,2.109914e+01,2.120235e+01,2.116796e+01,2.118172e+01,2.106471e+01,2.107848e+01,2.107848e+01,2.106471e+01,2.104405e+01,2.116108e+01,2.098203e+01,2.095446e+01,2.102338e+01,2.117484e+01,2.101649e+01,2.103027e+01,2.118172e+01,2.116796e+01,2.113355e+01,2.111979e+01,2.111979e+01,2.109914e+01,2.116796e+01,2.115420e+01,2.115420e+01,2.118860e+01,2.116796e+01,2.136728e+01,2.124361e+01,2.130546e+01,2.117484e+01,2.118860e+01,2.123674e+01,2.127798e+01,2.120923e+01,2.131233e+01,2.117484e+01,2.118860e+01,2.120235e+01,2.122298e+01,2.124361e+01,2.126423e+01,2.122298e+01,2.126423e+01,2.122298e+01,2.121611e+01,2.127110e+01,2.128485e+01,2.121611e+01,2.112667e+01,2.111291e+01,2.067831e+01,2.035980e+01,2.035286e+01,1.984528e+01,1.988013e+01,1.980345e+01,1.986619e+01,1.977555e+01,1.978950e+01,1.972671e+01,1.956606e+01,1.960101e+01,1.961498e+01,1.969181e+01,1.963594e+01,1.960800e+01,1.962197e+01,1.959402e+01,1.960800e+01,1.958703e+01,1.969879e+01,1.960800e+01,1.960101e+01,1.956606e+01,1.962896e+01,1.967785e+01,1.959402e+01,1.971275e+01,1.967086e+01,1.969181e+01,1.976858e+01,1.976160e+01,1.971275e+01,1.974067e+01,1.964991e+01,1.960800e+01,1.976858e+01,1.975462e+01,1.963594e+01,1.967086e+01,1.967086e+01,1.964991e+01,1.971275e+01,1.966388e+01,1.971973e+01,1.963594e+01,1.955208e+01,1.962896e+01,1.963594e+01,1.965689e+01,1.971275e+01,1.971275e+01,1.971973e+01,1.959402e+01,1.962896e+01,1.962197e+01,1.960101e+01,1.948914e+01,1.963594e+01,1.954509e+01,1.958004e+01,1.955907e+01,1.952411e+01,1.959402e+01,1.956606e+01,1.953810e+01,1.952411e+01,1.953810e+01,1.954509e+01,1.950313e+01,1.944016e+01,1.951013e+01,1.958703e+01,1.948914e+01,1.948914e+01,1.944716e+01,1.945416e+01,1.958703e+01,1.941916e+01,1.959402e+01,1.962896e+01,1.960101e+01,1.958004e+01,1.958004e+01,1.960101e+01,1.958703e+01,1.956606e+01,1.963594e+01,1.960800e+01,1.969879e+01,1.969181e+01,1.964293e+01,1.972671e+01,1.964991e+01,1.968483e+01,1.969879e+01,1.970577e+01,1.962896e+01,1.960800e+01,1.961498e+01,1.967086e+01,1.966388e+01,1.967785e+01,1.962896e+01,1.969879e+01,1.971973e+01,1.973369e+01,1.966388e+01,1.974764e+01,1.973369e+01,1.971973e+01,1.975462e+01,1.967086e+01,1.963594e+01,1.963594e+01,1.966388e+01,1.968483e+01,1.964293e+01,1.966388e+01,1.965689e+01,1.969181e+01,1.971275e+01,1.974764e+01,1.976160e+01,1.973369e+01,1.977555e+01,1.980345e+01,1.976160e+01,1.976160e+01,1.973369e+01,1.976160e+01,1.976160e+01,1.981740e+01,1.999852e+01,2.020016e+01,2.042912e+01,2.044298e+01,2.048455e+01,2.055379e+01,2.054687e+01,2.056763e+01,2.064374e+01,2.054687e+01,2.067139e+01,2.052610e+01,2.051225e+01,2.052610e+01,2.066448e+01,2.049840e+01,2.058840e+01,2.049148e+01,2.058148e+01,2.058148e+01,2.055379e+01,2.049148e+01,2.055379e+01,2.059531e+01,2.058840e+01,2.065757e+01,2.046377e+01,2.053303e+01,2.044298e+01,2.040833e+01,2.037366e+01,2.049148e+01,2.045684e+01,2.075432e+01,2.048455e+01,2.049148e+01,2.049840e+01,2.049148e+01,2.039447e+01,2.035286e+01,2.042219e+01,2.038753e+01,2.043605e+01,2.032512e+01,2.042912e+01,2.031818e+01,2.032512e+01,2.035286e+01,2.036673e+01,2.017237e+01,2.012372e+01,2.001940e+01,1.994979e+01,1.994979e+01,1.992193e+01,1.990103e+01,1.975462e+01,1.987316e+01,1.985922e+01,1.978950e+01,1.974764e+01,1.981740e+01,1.976858e+01,1.982437e+01,1.978950e+01,1.979647e+01,1.981740e+01,1.978950e+01,1.983831e+01,1.984528e+01,1.975462e+01,1.986619e+01,1.979647e+01,1.980345e+01,1.981740e+01,1.997764e+01,1.990800e+01,2.008896e+01,2.043605e+01,2.028348e+01,2.024183e+01,2.022100e+01,2.007505e+01,2.008896e+01,2.009591e+01,2.001940e+01,2.013763e+01,1.995675e+01,2.002636e+01,2.004027e+01,2.011677e+01,2.012372e+01,2.016542e+01,2.013763e+01,2.026266e+01,2.022100e+01,2.020016e+01,2.028348e+01,2.042219e+01,2.042219e+01,2.037366e+01,2.040833e+01,2.044298e+01,2.050533e+01,2.053303e+01,2.049840e+01,2.044991e+01,2.052610e+01,2.043605e+01,2.056071e+01,2.061607e+01,2.062990e+01,2.053995e+01,2.057456e+01,2.060223e+01,2.056071e+01,2.047762e+01,2.045684e+01,2.055379e+01,2.051918e+01,2.055379e+01,2.056071e+01,2.055379e+01,2.056071e+01,2.062990e+01,2.051918e+01,2.054687e+01,2.053303e+01,2.063682e+01,2.055379e+01,2.053995e+01,2.067139e+01,2.057456e+01,2.062299e+01,2.066448e+01,2.067139e+01,2.066448e+01,2.061607e+01,2.066448e+01,2.055379e+01,2.053303e+01,2.053995e+01,2.056071e+01,2.055379e+01,2.058840e+01,2.064374e+01,2.062990e+01,2.061607e+01,2.064374e+01,2.058148e+01,2.060915e+01,2.067831e+01,2.069905e+01,2.059531e+01,2.069905e+01,2.065065e+01,2.066448e+01,2.061607e+01,2.062299e+01,2.068522e+01,2.075432e+01,2.085789e+01,2.073360e+01,2.062990e+01,2.066448e+01,2.075432e+01,2.070596e+01,2.070596e+01,2.087169e+01,2.079576e+01,2.078886e+01,2.076814e+01,2.081648e+01,2.067139e+01,2.073360e+01,2.069905e+01,2.087859e+01,2.076814e+01,2.084409e+01,2.084409e+01,2.076814e+01,2.073360e+01,2.074051e+01,2.075432e+01,2.076123e+01,2.078195e+01,2.074742e+01,2.082338e+01,2.080957e+01,2.076814e+01,2.069213e+01,2.075432e+01,2.075432e+01,2.071978e+01,2.075432e+01,2.101649e+01,2.151137e+01,2.185363e+01,2.269750e+01,2.323154e+01,2.390360e+01,2.442480e+01,2.449143e+01,2.473096e+01,2.503622e+01,2.502959e+01,2.506272e+01,2.495004e+01,2.493014e+01,2.492351e+01,2.477747e+01,2.443813e+01,2.439813e+01,2.413779e+01,2.409100e+01,2.385670e+01,2.381648e+01,2.374941e+01,2.366216e+01,2.360843e+01,2.329221e+01,2.311011e+01,2.311686e+01,2.273139e+01,2.268395e+01,2.231726e+01,2.219474e+01,2.192194e+01,2.155250e+01,2.144278e+01,2.150451e+01,2.156621e+01,2.172371e+01,2.151823e+01,2.157306e+01,2.125048e+01,2.131233e+01,2.116108e+01,2.114044e+01,2.122298e+01,2.099582e+01,2.121611e+01,2.101649e+01,2.104405e+01,2.107160e+01,2.093377e+01,2.099582e+01,2.109225e+01,2.106471e+01,2.105094e+01,2.106471e+01,2.104405e+01,2.100271e+01,2.101649e+01,2.093377e+01,2.105094e+01,2.094757e+01,2.090619e+01,2.087169e+01,2.095446e+01,2.098203e+01,2.096825e+01,2.090619e+01,2.111291e+01,2.103716e+01,2.093377e+01,2.099582e+01,2.101649e+01,2.097514e+01,2.091998e+01,2.089239e+01,2.101649e+01,2.093377e+01,2.097514e+01,2.094067e+01,2.094067e+01,2.093377e+01,2.096135e+01,2.109225e+01,2.098203e+01,2.094757e+01,2.099582e+01,2.103027e+01,2.102338e+01,2.096825e+01,2.107160e+01,2.099582e+01,2.098203e+01,2.102338e+01,2.112667e+01,2.106471e+01,2.103716e+01,2.109225e+01,2.098893e+01,2.109914e+01,2.107848e+01,2.108537e+01,2.106471e+01,2.107160e+01,2.109225e+01,2.111291e+01,2.100271e+01,2.098893e+01,2.103027e+01,2.093377e+01,2.109225e+01,2.107160e+01,2.120235e+01,2.102338e+01,2.106471e+01,2.107160e+01,2.105782e+01,2.107160e+01,2.103716e+01,2.104405e+01,2.108537e+01,2.103027e+01,2.107160e+01,2.108537e+01,2.107160e+01,2.092688e+01,2.109914e+01,2.106471e+01,2.110602e+01,2.105094e+01,2.112667e+01,2.103716e+01,2.103027e+01,2.103027e+01,2.119548e+01,2.108537e+01,2.102338e+01,2.121611e+01,2.112667e+01,2.101649e+01,2.117484e+01,2.119548e+01,2.115420e+01,2.103716e+01,2.103716e+01,2.109914e+01,2.119548e+01,2.117484e+01,2.107160e+01,2.115420e+01,2.109225e+01,2.109914e+01,2.110602e+01,2.116796e+01,2.121611e+01,2.111291e+01,2.105782e+01,2.107160e+01,2.103027e+01,2.107848e+01,2.105094e+01,2.094757e+01,2.111291e+01,2.108537e+01,2.107160e+01,2.107160e+01,2.116796e+01,2.125736e+01,2.108537e+01,2.108537e+01,2.114044e+01,2.111291e+01,2.119548e+01,2.108537e+01,2.099582e+01
2.114044e+01,2.105094e+01,2.109914e+01,2.108537e+01,2.111979e+01,2.110602e+01,2.109225e+01,2.114732e+01,2.115420e+01,2.107160e+01,2.097514e+01,2.108537e+01,2.109914e+01,2.109914e+01,2.120235e+01,2.116108e+01,2.114044e+01,2.118172e+01,2.111979e+01,2.115420e+01,2.121611e+01,2.116108e+01,2.117484e+01,2.118860e+01,2.114044e+01,2.118860e+01,2.114732e+01,2.120923e+01,2.122298e+01,2.111291e+01,2.099582e+01,2.114044e+01,2.116796e+01,2.106471e+01,2.107160e+01,2.111291e+01,2.109914e+01,2.111291e+01,2.102338e+01,2.104405e+01,2.109225e+01,2.107848e+01,2.103716e+01,2.103027e+01,2.104405e+01,2.100271e+01,2.112667e+01,2.105782e+01,2.103716e+01,2.105782e+01,2.105094e+01,2.105782e+01,2.102338e+01,2.097514e+01,2.094067e+01,2.103027e+01,2.091998e+01,2.095446e+01,2.089929e+01,2.091308e+01,2.097514e+01,2.098203e+01,2.099582e+01,2.089239e+01,2.096135e+01,2.097514e+01,2.100271e+01,2.100271e+01,2.103027e+01,2.096825e+01,2.107848e+01,2.099582e+01,2.103027e+01,2.098893e+01,2.098893e+01,2.107160e+01,2.098893e+01,2.102338e+01,2.106471e+01,2.107160e+01,2.100271e+01,2.099582e+01,2.100960e+01,2.107160e+01,2.096135e+01,2.103716e+01,2.120235e+01,2.120235e+01,2.103716e+01,2.121611e+01,2.105782e+01,2.106471e+01,2.103027e+01,2.105782e+01,2.103027e+01,2.103716e+01,2.120923e+01,2.111291e+01,2.119548e+01,2.118172e+01,2.116108e+01,2.111291e+01,2.114732e+01,2.106471e+01,2.117484e+01,2.117484e+01,2.114044e+01,2.128485e+01,2.114044e+01,2.130546e+01,2.118172e+01,2.118172e+01,2.131233e+01,2.118172e+01,2.123674e+01,2.118860e+01,2.125048e+01,2.120235e+01,2.111979e+01,2.125048e+01,2.122986e+01,2.121611e+01,2.127110e+01,2.117484e+01,2.120923e+01,2.127798e+01,2.129172e+01,2.127110e+01,2.125736e+01,2.126423e+01,2.123674e+01,2.123674e+01,2.122986e+01,2.123674e+01,2.118860e+01,2.098893e+01,2.093377e+01,2.074051e+01,2.036673e+01,2.034592e+01,2.001940e+01,1.983134e+01,1.981042e+01,1.969879e+01,1.977555e+01,1.975462e+01,1.971275e+01,1.966388e+01,1.967785e+01,1.956606e+01,1.957305e+01,1.948914e+01,1.960101e+01,1.961498e+01,1.972671e+01,1.968483e+01,1.980345e+01,1.964293e+01,1.964991e+01,1.965689e+01,1.967785e+01,1.963594e+01,1.966388e+01,1.970577e+01,1.961498e+01,1.959402e+01,1.960800e+01,1.974067e+01,1.976858e+01,1.968483e+01,1.966388e+01,1.969181e+01,1.973369e+01,1.946115e+01,1.969181e+01,1.962896e+01,1.966388e+01,1.969181e+01,1.966388e+01,1.965689e+01,1.960800e+01,1.963594e+01,1.958004e+01,1.968483e+01,1.969181e+01,1.964293e+01,1.967785e+01,1.978253e+01,1.970577e+01,1.960101e+01,1.962896e+01,1.959402e+01,1.961498e+01,1.961498e+01,1.963594e+01,1.952411e+01,1.951013e+01,1.963594e+01,1.949614e+01,1.958703e+01,1.958703e+01,1.952411e+01,1.961498e+01,1.955208e+01,1.954509e+01,1.953810e+01,1.953810e+01,1.951013e+01,1.955907e+01,1.948914e+01,1.948914e+01,1.947515e+01,1.948914e+01,1.947515e+01,1.969181e+01,1.970577e+01,1.970577e+01,1.961498e+01,1.965689e+01,1.955907e+01,1.958004e+01,1.955907e+01,1.958004e+01,1.956606e+01,1.965689e+01,1.958703e+01,1.965689e+01,1.965689e+01,1.967086e+01,1.960800e+01,1.958004e+01,1.962197e+01,1.967086e+01,1.960101e+01,1.963594e+01,1.962896e+01,1.974067e+01,1.963594e+01,1.967086e+01,1.969181e+01,1.967086e+01,1.969879e+01,1.964991e+01,1.967086e+01,1.962896e+01,1.968483e+01,1.974764e+01,1.972671e+01,1.973369e+01,1.960800e+01,1.970577e+01,1.964293e+01,1.970577e+01,1.964293e+01,1.967086e+01,1.978950e+01,1.971275e+01,1.969181e+01,1.967785e+01,1.981740e+01,1.974764e+01,1.978950e+01,1.981740e+01,1.969879e+01,1.973369e+01,1.978950e+01,1.965689e+01,1.974764e+01,1.978950e+01,1.984528e+01,1.997068e+01,2.023489e+01,2.040833e+01,2.049148e+01,2.047762e+01,2.053995e+01,2.055379e+01,2.058148e+01,2.063682e+01,2.044298e+01,2.060223e+01,2.058840e+01,2.065757e+01,2.058840e+01,2.058148e+01,2.065757e+01,2.062299e+01,2.060223e+01,2.049840e+01,2.050533e+01,2.058840e+01,2.049148e+01,2.062299e+01,2.060223e+01,2.055379e+01,2.054687e+01,2.047762e+01,2.045684e+01,2.056763e+01,2.051225e+01,2.054687e+01,2.042912e+01,2.052610e+01,2.055379e+01,2.058840e+01,2.051225e+01,2.047070e+01,2.044991e+01,2.039447e+01,2.042912e+01,2.044298e+01,2.034592e+01,2.038753e+01,2.042912e+01,2.038060e+01,2.038753e+01,2.033205e+01,2.039447e+01,2.035286e+01,2.035980e+01,2.028348e+01,2.002636e+01,2.015848e+01,2.001940e+01,1.995675e+01,1.991496e+01,1.986619e+01,1.985225e+01,1.993586e+01,1.982437e+01,1.984528e+01,1.985225e+01,1.981740e+01,1.983831e+01,1.982437e+01,2.000548e+01,1.976160e+01,1.980345e+01,1.986619e+01,1.992193e+01,1.978950e+01,1.980345e+01,1.982437e+01,1.981740e+01,1.994283e+01,1.996371e+01,1.992890e+01,2.008896e+01,2.020711e+01,2.017237e+01,2.018627e+01,2.015153e+01,2.012372e+01,2.012372e+01,2.010287e+01,2.008201e+01,2.009591e+01,2.008201e+01,2.006810e+01,2.006810e+01,2.006114e+01,2.011677e+01,2.012372e+01,2.019321e+01,2.017237e+01,2.024183e+01,2.029042e+01,2.031818e+01,2.037366e+01,2.035980e+01,2.031124e+01,2.043605e+01,2.049148e+01,2.053995e+01,2.051225e+01,2.041526e+01,2.047070e+01,2.040140e+01,2.063682e+01,2.050533e+01,2.051918e+01,2.050533e+01,2.053303e+01,2.056763e+01,2.049148e+01,2.051225e+01,2.050533e+01,2.055379e+01,2.042912e+01,2.054687e+01,2.055379e+01,2.055379e+01,2.057456e+01,2.060915e+01,2.059531e+01,2.046377e+01,2.052610e+01,2.059531e+01,2.068522e+01,2.054687e+01,2.073360e+01,2.056763e+01,2.056763e+01,2.057456e+01,2.064374e+01,2.059531e+01,2.062990e+01,2.060223e+01,2.056763e+01,2.054687e+01,2.068522e+01,2.053995e+01,2.055379e+01,2.067139e+01,2.060223e+01,2.065757e+01,2.066448e+01,2.063682e+01,2.066448e+01,2.065757e+01,2.061607e+01,2.060223e+01,2.062990e+01,2.065757e+01,2.068522e+01,2.071287e+01,2.070596e+01,2.062990e+01,2.074742e+01,2.076814e+01,2.078886e+01,2.071978e+01,2.070596e+01,2.068522e+01,2.073360e+01,2.068522e+01,2.069905e+01,2.076123e+01,2.076123e+01,2.071978e+01,2.062990e+01,2.076123e+01,2.074051e+01,2.068522e+01,2.074051e+01,2.076814e+01,2.076814e+01,2.078886e+01,2.075432e+01,2.075432e+01,2.074051e+01,2.081648e+01,2.076123e+01,2.075432e+01,2.068522e+01,2.085789e+01,2.080267e+01,2.071978e+01,2.074051e+01,2.074051e+01,2.076123e+01,2.072669e+01,2.074742e+01,2.074742e+01,2.076814e+01,2.104405e+01,2.155250e+01,2.199703e+01,2.261614e+01,2.346053e+01,2.397057e+01,2.431810e+01,2.447145e+01,2.477082e+01,2.503622e+01,2.508922e+01,2.504947e+01,2.504947e+01,2.491024e+01,2.482396e+01,2.452473e+01,2.438480e+01,2.417789e+01,2.401073e+01,2.396387e+01,2.372928e+01,2.373599e+01,2.343362e+01,2.329894e+01,2.320457e+01,2.308985e+01,2.293444e+01,2.290739e+01,2.264327e+01,2.232406e+01,2.210616e+01,2.194925e+01,2.169633e+01,2.162787e+01,2.136041e+01,2.135355e+01,2.159362e+01,2.150451e+01,2.146336e+01,2.149080e+01,2.136728e+01,2.139474e+01,2.130546e+01,2.125048e+01,2.114044e+01,2.114044e+01,2.096825e+01,2.110602e+01,2.108537e+01,2.112667e+01,2.109225e+01,2.106471e+01,2.103027e+01,2.096825e+01,2.110602e+01,2.106471e+01,2.103027e+01,2.099582e+01,2.094757e+01,2.094757e+01,2.098203e+01,2.088549e+01,2.089239e+01,2.091998e+01,2.094757e+01,2.093377e+01,2.090619e+01,2.103716e+01,2.094757e+01,2.089929e+01,2.096825e+01,2.078195e+01,2.097514e+01,2.118860e+01,2.091998e+01,2.092688e+01,2.085789e+01,2.097514e+01,2.101649e+01,2.091998e+01,2.094067e+01,2.095446e+01,2.094757e+01,2.098893e+01,2.096135e+01,2.096825e+01,2.098203e+01,2.092688e+01,2.100271e+01,2.099582e+01,2.096825e+01,2.107160e+01,2.100271e+01,2.106471e+01,2.107848e+01,2.103716e+01,2.097514e+01,2.106471e+01,2.113355e+01,2.107160e+01,2.105094e+01,2.104405e+01,2.109914e+01,2.109914e+01,2.107160e+01,2.102338e+01,2.105094e+01,2.112667e+01,2.107848e+01,2.117484e+01,2.096825e+01,2.112667e+01,2.110602e+01,2.103027e+01,2.117484e+01,2.123674e+01,2.126423e+01,2.110602e+01,2.100960e+01,2.110602e+01,2.107160e+01,2.103716e+01,2.104405e+01,2.108537e+01,2.109225e+01,2.100271e+01,2.105094e+01,2.096135e+01,2.109914e+01,2.107160e+01,2.107848e+01,2.102338e+01,2.109225e+01,2.102338e+01,2.114044e+01,2.105782e+01,2.100271e+01,2.121611e+01,2.103716e+01,2.107160e+01,2.103716e+01,2.109914e+01,2.109914e+01,2.113355e+01,2.116108e+01,2.110602e+01,2.121611e+01,2.111291e+01,2.119548e+01,2.114732e+01,2.094067e+01,2.112667e+01,2.109225e+01,2.105782e+01,2.103716e+01,2.107160e+01,2.103716e+01,2.105782e+01,2.103027e+01,2.109225e+01,2.109914e+01,2.109225e+01,2.116108e+01,2.108537e+01,2.118172e+01,2.106471e+01,2.111979e+01,2.105094e+01,2.120923e+01,2.108537e+01,2.109225e+01,2.110602e+01,2.111979e+01,2.125736e+01,2.098203e+01
2.112667e+01,2.107160e+01,2.110602e+01,2.122298e+01,2.116796e+01,2.102338e+01,2.113355e+01,2.104405e+01,2.111291e+01,2.107848e+01,2.116108e+01,2.109914e+01,2.109914e+01,2.107848e+01,2.118172e+01,2.116796e+01,2.109914e+01,2.107160e+01,2.118860e+01,2.114044e+01,2.120923e+01,2.117484e+01,2.120923e+01,2.118172e+01,2.120923e+01,2.096135e+01,2.114732e+01,2.117484e+01,2.111291e+01,2.106471e+01,2.115420e+01,2.103716e+01,2.109914e+01,2.113355e+01,2.111291e+01,2.109225e+01,2.107848e+01,2.098893e+01,2.110602e+01,2.110602e+01,2.115420e+01,2.089239e+01,2.102338e+01,2.102338e+01,2.103027e+01,2.098203e+01,2.100271e+01,2.098893e+01,2.105094e+01,2.100960e+01,2.106471e+01,2.105782e+01,2.106471e+01,2.091308e+01,2.092688e+01,2.087859e+01,2.100271e+01,2.092688e+01,2.091998e+01,2.099582e+01,2.089929e+01,2.096825e+01,2.099582e+01,2.106471e+01,2.111979e+01,2.110602e+01,2.099582e+01,2.102338e+01,2.097514e+01,2.104405e+01,2.103716e+01,2.102338e+01,2.095446e+01,2.095446e+01,2.107160e+01,2.096825e+01,2.105782e+01,2.103027e+01,2.098893e+01,2.100960e+01,2.103716e+01,2.103716e+01,2.100960e+01,2.112667e+01,2.108537e+01,2.100271e+01,2.118860e+01,2.115420e+01,2.108537e+01,2.122986e+01,2.103027e+01,2.111291e+01,2.098893e+01,2.103027e+01,2.117484e+01,2.116796e+01,2.102338e+01,2.109914e+01,2.122986e+01,2.108537e+01,2.108537e+01,2.104405e+01,2.110602e+01,2.107848e+01,2.114732e+01,2.116108e+01,2.113355e+01,2.113355e+01,2.127798e+01,2.116108e+01,2.132607e+01,2.121611e+01,2.118172e+01,2.124361e+01,2.125048e+01,2.120235e+01,2.120923e+01,2.124361e+01,2.138788e+01,2.116796e+01,2.129859e+01,2.127110e+01,2.134668e+01,2.117484e+01,2.133294e+01,2.133981e+01,2.128485e+01,2.130546e+01,2.113355e+01,2.126423e+01,2.120923e+01,2.122986e+01,2.120235e+01,2.118172e+01,2.114732e+01,2.103027e+01,2.071978e+01,2.067831e+01,2.047070e+01,1.999156e+01,1.997764e+01,1.981042e+01,1.983134e+01,1.977555e+01,1.975462e+01,1.969879e+01,1.965689e+01,1.958004e+01,1.962197e+01,1.954509e+01,1.957305e+01,1.959402e+01,1.951013e+01,1.959402e+01,1.969181e+01,1.960101e+01,1.960800e+01,1.956606e+01,1.967086e+01,1.969879e+01,1.969879e+01,1.959402e+01,1.967086e+01,1.967086e+01,1.958004e+01,1.951712e+01,1.978950e+01,1.972671e+01,1.971275e+01,1.968483e+01,1.968483e+01,1.965689e+01,1.965689e+01,1.964991e+01,1.965689e+01,1.964293e+01,1.953111e+01,1.968483e+01,1.966388e+01,1.967785e+01,1.971973e+01,1.992890e+01,1.968483e+01,1.973369e+01,1.964991e+01,1.970577e+01,1.967785e+01,1.971275e+01,1.960800e+01,1.957305e+01,1.960101e+01,1.963594e+01,1.961498e+01,1.958004e+01,1.960800e+01,1.959402e+01,1.962197e+01,1.951013e+01,1.952411e+01,1.954509e+01,1.944716e+01,1.953810e+01,1.949614e+01,1.958703e+01,1.956606e+01,1.953810e+01,1.950313e+01,1.953111e+01,1.950313e+01,1.944016e+01,1.941916e+01,1.958004e+01,1.960101e+01,1.987316e+01,1.954509e+01,1.962896e+01,1.960800e+01,1.963594e+01,1.966388e+01,1.966388e+01,1.967785e+01,1.955907e+01,1.958004e+01,1.962197e+01,1.958004e+01,1.959402e+01,1.957305e+01,1.974067e+01,1.962197e+01,1.969879e+01,1.971275e+01,1.962197e+01,1.964293e+01,1.962896e+01,1.974067e+01,1.969181e+01,1.974067e+01,1.969879e+01,1.963594e+01,1.976160e+01,1.969879e+01,1.976858e+01,1.960101e+01,1.961498e+01,1.967086e+01,1.977555e+01,1.972671e+01,1.969181e+01,1.969879e+01,1.965689e+01,1.979647e+01,1.967086e+01,1.968483e+01,1.967086e+01,1.973369e+01,1.974067e+01,1.972671e+01,1.971973e+01,1.968483e+01,1.981042e+01,1.975462e+01,1.982437e+01,1.971973e+01,1.977555e+01,1.977555e+01,1.979647e+01,1.979647e+01,1.977555e+01,1.979647e+01,1.993586e+01,2.001244e+01,2.018627e+01,2.038753e+01,2.052610e+01,2.049840e+01,2.058148e+01,2.055379e+01,2.055379e+01,2.058148e+01,2.064374e+01,2.055379e+01,2.047070e+01,2.061607e+01,2.051225e+01,2.049148e+01,2.058840e+01,2.054687e+01,2.049840e+01,2.059531e+01,2.053995e+01,2.055379e+01,2.058148e+01,2.067831e+01,2.051918e+01,2.059531e+01,2.061607e+01,2.057456e+01,2.062299e+01,2.050533e+01,2.035980e+01,2.053995e+01,2.049840e+01,2.046377e+01,2.050533e+01,2.042912e+01,2.047762e+01,2.044298e+01,2.041526e+01,2.042912e+01,2.038060e+01,2.044298e+01,2.038753e+01,2.042219e+01,2.042912e+01,2.043605e+01,2.039447e+01,2.033899e+01,2.038753e+01,2.034592e+01,2.038753e+01,2.031124e+01,2.031124e+01,2.015848e+01,2.010982e+01,1.997068e+01,1.992890e+01,2.014458e+01,1.984528e+01,1.992890e+01,1.984528e+01,1.977555e+01,1.983134e+01,1.983134e+01,1.981042e+01,1.985225e+01,1.981042e+01,1.988710e+01,1.975462e+01,1.976858e+01,1.983134e+01,1.981042e+01,1.981740e+01,1.983134e+01,1.984528e+01,1.984528e+01,1.990103e+01,1.988013e+01,2.017932e+01,2.020016e+01,2.013763e+01,2.023489e+01,2.025571e+01,2.019321e+01,2.017237e+01,2.016542e+01,2.012372e+01,2.015153e+01,2.008201e+01,2.012372e+01,2.008201e+01,2.010982e+01,2.007505e+01,2.010982e+01,2.015153e+01,2.023489e+01,2.026266e+01,2.027654e+01,2.033205e+01,2.034592e+01,2.029042e+01,2.038753e+01,2.040833e+01,2.044991e+01,2.046377e+01,2.044991e+01,2.058148e+01,2.046377e+01,2.042219e+01,2.050533e+01,2.051225e+01,2.060223e+01,2.052610e+01,2.056071e+01,2.056071e+01,2.052610e+01,2.045684e+01,2.047070e+01,2.044298e+01,2.052610e+01,2.047762e+01,2.053303e+01,2.053995e+01,2.054687e+01,2.053303e+01,2.053995e+01,2.049148e+01,2.056071e+01,2.053303e+01,2.072669e+01,2.060915e+01,2.054687e+01,2.062299e+01,2.066448e+01,2.057456e+01,2.058840e+01,2.060223e+01,2.061607e+01,2.057456e+01,2.062299e+01,2.069905e+01,2.066448e+01,2.052610e+01,2.056071e+01,2.060223e+01,2.066448e+01,2.069905e+01,2.065065e+01,2.067831e+01,2.067139e+01,2.063682e+01,2.060223e+01,2.067139e+01,2.057456e+01,2.068522e+01,2.065757e+01,2.060223e+01,2.065757e+01,2.073360e+01,2.060915e+01,2.074742e+01,2.071287e+01,2.076814e+01,2.071287e+01,2.071287e+01,2.071978e+01,2.068522e+01,2.069905e+01,2.069905e+01,2.071978e+01,2.074742e+01,2.063682e+01,2.074051e+01,2.080267e+01,2.065757e+01,2.070596e+01,2.075432e+01,2.088549e+01,2.078195e+01,2.074742e+01,2.067139e+01,2.071978e+01,2.078886e+01,2.078886e+01,2.072669e+01,2.074742e+01,2.071287e+01,2.061607e+01,2.069213e+01,2.076123e+01,2.069905e+01,2.072669e+01,2.073360e+01,2.076123e+01,2.074051e+01,2.103027e+01,2.120235e+01,2.147022e+01,2.216068e+01,2.281943e+01,2.347398e+01,2.398395e+01,2.425803e+01,2.476418e+01,2.479739e+01,2.488370e+01,2.510246e+01,2.508922e+01,2.496993e+01,2.496993e+01,2.476418e+01,2.455802e+01,2.438480e+01,2.413111e+01,2.380977e+01,2.371586e+01,2.348744e+01,2.341343e+01,2.321131e+01,2.318433e+01,2.292092e+01,2.280589e+01,2.261614e+01,2.255508e+01,2.233767e+01,2.233767e+01,2.191511e+01,2.173739e+01,2.157306e+01,2.138101e+01,2.136041e+01,2.133294e+01,2.129172e+01,2.151823e+01,2.144278e+01,2.139474e+01,2.144278e+01,2.142220e+01,2.114732e+01,2.116796e+01,2.115420e+01,2.114732e+01,2.114732e+01,2.111979e+01,2.108537e+01,2.100960e+01,2.109914e+01,2.103716e+01,2.106471e+01,2.109914e+01,2.105782e+01,2.090619e+01,2.105782e+01,2.100271e+01,2.111979e+01,2.103716e+01,2.099582e+01,2.097514e+01,2.088549e+01,2.101649e+01,2.089929e+01,2.105782e+01,2.089929e+01,2.103027e+01,2.094067e+01,2.096135e+01,2.085789e+01,2.091998e+01,2.098203e+01,2.094757e+01,2.094067e+01,2.097514e+01,2.096135e+01,2.100271e+01,2.097514e+01,2.093377e+01,2.095446e+01,2.091998e+01,2.100271e+01,2.097514e+01,2.096135e+01,2.099582e+01,2.105094e+01,2.107848e+01,2.108537e+01,2.097514e+01,2.103027e+01,2.096135e+01,2.098203e+01,2.100960e+01,2.110602e+01,2.103027e+01,2.098203e+01,2.098893e+01,2.111979e+01,2.100960e+01,2.107160e+01,2.107848e+01,2.096135e+01,2.098203e+01,2.105094e+01,2.106471e+01,2.103027e+01,2.094067e+01,2.125048e+01,2.118172e+01,2.116108e+01,2.107848e+01,2.102338e+01,2.101649e+01,2.106471e+01,2.105782e+01,2.127110e+01,2.105782e+01,2.106471e+01,2.103027e+01,2.105782e+01,2.102338e+01,2.104405e+01,2.108537e+01,2.100271e+01,2.107160e+01,2.103716e+01,2.111291e+01,2.103027e+01,2.104405e+01,2.115420e+01,2.103027e+01,2.101649e+01,2.113355e+01,2.121611e+01,2.104405e+01,2.103716e+01,2.109225e+01,2.107160e+01,2.104405e+01,2.105782e+01,2.103716e+01,2.124361e+01,2.114732e+01,2.102338e+01,2.109914e+01,2.107848e+01,2.109914e+01,2.120923e+01,2.105782e+01,2.116796e+01,2.118172e+01,2.107160e+01,2.114044e+01,2.108537e+01,2.108537e+01,2.109225e+01,2.120235e+01,2.115420e+01,2.110602e+01,2.094757e+01,2.122298e+01,2.105094e+01,2.111291e+01,2.100960e+01,2.109225e+01,2.117484e+01,2.124361e+01,2.098893e+01,2.107848e+01,2.113355e+01,2.110602e+01,2.110602e+01,2.113355e+01,2.114732e+01
2.108537e+01,2.098893e+01,2.107848e+01,2.103027e+01,2.106471e+01,2.107160e+01,2.111291e+01,2.106471e+01,2.103027e+01,2.095446e+01,2.105094e+01,2.107160e+01,2.103716e+01,2.106471e+01,2.102338e+01,2.114044e+01,2.110602e+01,2.102338e+01,2.111291e+01,2.109914e+01,2.120235e+01,2.118860e+01,2.118172e+01,2.118172e+01,2.116108e+01,2.114732e+01,2.113355e+01,2.099582e+01,2.109914e+01,2.115420e+01,2.107160e+01,2.107160e+01,2.118860e+01,2.103716e+01,2.111291e+01,2.110602e+01,2.110602e+01,2.105094e+01,2.106471e+01,2.095446e+01,2.103027e+01,2.105094e+01,2.085789e+01,2.103027e+01,2.103716e+01,2.087169e+01,2.102338e+01,2.087169e+01,2.098203e+01,2.100960e+01,2.103027e+01,2.100271e+01,2.100960e+01,2.103716e+01,2.095446e+01,2.090619e+01,2.089239e+01,2.091308e+01,2.094757e+01,2.098893e+01,2.094757e+01,2.102338e+01,2.097514e+01,2.088549e+01,2.109225e+01,2.098893e+01,2.100960e+01,2.103027e+01,2.101649e+01,2.095446e+01,2.103027e+01,2.094757e+01,2.103027e+01,2.105782e+01,2.105782e+01,2.100960e+01,2.110602e+01,2.101649e+01,2.101649e+01,2.102338e+01,2.101649e+01,2.107160e+01,2.103716e+01,2.107160e+01,2.105094e+01,2.107160e+01,2.101649e+01,2.101649e+01,2.110602e+01,2.112667e+01,2.120235e+01,2.121611e+01,2.118172e+01,2.112667e+01,2.100960e+01,2.114732e+01,2.109914e+01,2.104405e+01,2.119548e+01,2.118172e+01,2.112667e+01,2.116108e+01,2.116108e+01,2.107848e+01,2.114732e+01,2.108537e+01,2.117484e+01,2.130546e+01,2.112667e+01,2.116108e+01,2.125048e+01,2.118860e+01,2.116108e+01,2.117484e+01,2.120923e+01,2.121611e+01,2.125048e+01,2.135355e+01,2.123674e+01,2.119548e+01,2.127110e+01,2.125736e+01,2.130546e+01,2.129172e+01,2.131920e+01,2.127110e+01,2.129859e+01,2.125048e+01,2.127110e+01,2.128485e+01,2.124361e+01,2.133981e+01,2.116108e+01,2.129859e+01,2.116108e+01,2.103027e+01,2.074742e+01,2.045684e+01,2.022794e+01,2.011677e+01,1.994283e+01,1.977555e+01,1.980345e+01,1.979647e+01,1.976160e+01,1.970577e+01,1.962197e+01,1.961498e+01,1.964991e+01,1.957305e+01,1.961498e+01,1.958004e+01,1.961498e+01,1.953810e+01,1.958703e+01,1.971973e+01,1.955907e+01,1.967785e+01,1.967785e+01,1.958703e+01,1.967785e+01,1.967086e+01,1.963594e+01,1.958703e+01,1.967086e+01,1.952411e+01,1.965689e+01,1.969181e+01,1.977555e+01,1.967785e+01,1.968483e+01,1.962896e+01,1.969181e+01,1.966388e+01,1.964991e+01,1.967785e+01,1.964991e+01,1.956606e+01,1.966388e+01,1.958703e+01,1.964293e+01,1.969181e+01,1.969879e+01,1.959402e+01,1.969181e+01,1.960101e+01,1.958004e+01,1.966388e+01,1.971275e+01,1.964293e+01,1.956606e+01,1.958703e+01,1.960101e+01,1.960800e+01,1.960800e+01,1.956606e+01,1.947515e+01,1.945416e+01,1.959402e+01,1.952411e+01,1.955208e+01,1.946115e+01,1.944016e+01,1.958004e+01,1.953810e+01,1.955208e+01,1.953111e+01,1.955907e+01,1.956606e+01,1.954509e+01,1.957305e+01,1.955208e+01,1.956606e+01,1.948215e+01,1.951013e+01,1.960800e+01,1.961498e+01,1.962197e+01,1.965689e+01,1.967086e+01,1.964293e+01,1.960800e+01,1.953810e+01,1.964991e+01,1.955208e+01,1.965689e+01,1.967785e+01,1.971973e+01,1.962197e+01,1.960800e+01,1.964991e+01,1.963594e+01,1.963594e+01,1.965689e+01,1.964293e+01,1.962896e+01,1.969879e+01,1.958703e+01,1.964293e+01,1.967785e+01,1.974764e+01,1.969181e+01,1.958004e+01,1.977555e+01,1.964991e+01,1.965689e+01,1.971973e+01,1.975462e+01,1.964293e+01,1.960800e+01,1.974067e+01,1.967086e+01,1.975462e+01,1.970577e+01,1.974067e+01,1.969181e+01,1.965689e+01,1.971973e+01,1.974067e+01,1.976160e+01,1.969181e+01,1.973369e+01,1.978950e+01,1.976160e+01,1.981042e+01,1.977555e+01,1.979647e+01,1.979647e+01,1.992890e+01,1.998460e+01,2.003332e+01,2.010982e+01,2.051225e+01,2.037366e+01,2.051225e+01,2.055379e+01,2.055379e+01,2.053995e+01,2.054687e+01,2.043605e+01,2.048455e+01,2.051225e+01,2.062990e+01,2.047070e+01,2.054687e+01,2.051225e+01,2.057456e+01,2.049148e+01,2.055379e+01,2.054687e+01,2.053303e+01,2.050533e+01,2.057456e+01,2.055379e+01,2.053303e+01,2.047070e+01,2.060223e+01,2.035980e+01,2.047762e+01,2.045684e+01,2.042219e+01,2.044298e+01,2.043605e+01,2.037366e+01,2.044991e+01,2.047762e+01,2.045684e+01,2.040140e+01,2.044298e+01,2.036673e+01,2.040833e+01,2.028348e+01,2.039447e+01,2.042912e+01,2.032512e+01,2.032512e+01,2.027654e+01,2.042219e+01,2.037366e+01,2.038753e+01,2.048455e+01,2.033899e+01,2.032512e+01,1.999852e+01,2.015153e+01,2.017237e+01,2.012372e+01,1.994283e+01,1.999852e+01,1.986619e+01,1.987316e+01,1.986619e+01,1.996371e+01,1.990800e+01,1.989407e+01,1.981042e+01,1.979647e+01,1.986619e+01,1.981740e+01,1.976858e+01,1.971275e+01,1.974067e+01,1.983134e+01,1.984528e+01,1.982437e+01,2.002636e+01,1.985922e+01,2.015848e+01,2.015848e+01,2.019321e+01,2.019321e+01,2.017932e+01,2.026266e+01,2.018627e+01,2.009591e+01,2.028348e+01,2.010982e+01,2.018627e+01,2.021405e+01,2.022794e+01,2.009591e+01,2.010287e+01,2.021405e+01,2.011677e+01,2.027654e+01,2.025571e+01,2.032512e+01,2.040833e+01,2.040140e+01,2.041526e+01,2.030430e+01,2.044298e+01,2.040140e+01,2.042219e+01,2.050533e+01,2.048455e+01,2.045684e+01,2.045684e+01,2.052610e+01,2.059531e+01,2.047070e+01,2.050533e+01,2.049840e+01,2.051918e+01,2.056763e+01,2.046377e+01,2.047762e+01,2.052610e+01,2.047762e+01,2.051225e+01,2.052610e+01,2.062299e+01,2.057456e+01,2.051225e+01,2.054687e+01,2.054687e+01,2.069905e+01,2.058840e+01,2.064374e+01,2.055379e+01,2.056763e+01,2.067139e+01,2.054687e+01,2.058148e+01,2.055379e+01,2.057456e+01,2.057456e+01,2.062299e+01,2.052610e+01,2.062299e+01,2.052610e+01,2.050533e+01,2.050533e+01,2.065065e+01,2.061607e+01,2.065065e+01,2.060915e+01,2.066448e+01,2.065757e+01,2.065065e+01,2.058840e+01,2.058840e+01,2.061607e+01,2.073360e+01,2.076123e+01,2.062990e+01,2.062990e+01,2.077505e+01,2.065757e+01,2.063682e+01,2.067831e+01,2.073360e+01,2.074742e+01,2.073360e+01,2.076814e+01,2.067831e+01,2.063682e+01,2.068522e+01,2.084409e+01,2.066448e+01,2.067139e+01,2.073360e+01,2.078886e+01,2.076123e+01,2.074742e+01,2.075432e+01,2.080267e+01,2.072669e+01,2.072669e+01,2.063682e+01,2.076123e+01,2.070596e+01,2.069905e+01,2.074051e+01,2.073360e+01,2.062990e+01,2.072669e+01,2.062299e+01,2.072669e+01,2.069213e+01,2.069213e+01,2.062990e+01,2.076814e+01,2.079576e+01,2.091308e+01,2.122298e+01,2.161417e+01,2.209252e+01,2.281266e+01,2.347398e+01,2.396387e+01,2.437146e+01,2.473760e+01,2.485051e+01,2.509584e+01,2.508259e+01,2.524144e+01,2.495004e+01,2.481731e+01,2.458464e+01,2.434478e+01,2.413111e+01,2.410437e+01,2.374941e+01,2.350761e+01,2.334610e+01,2.333263e+01,2.317759e+01,2.306284e+01,2.275848e+01,2.241925e+01,2.241925e+01,2.220155e+01,2.213342e+01,2.191511e+01,2.179894e+01,2.157306e+01,2.148394e+01,2.123674e+01,2.129859e+01,2.125048e+01,2.120923e+01,2.135355e+01,2.118860e+01,2.135355e+01,2.133981e+01,2.140847e+01,2.128485e+01,2.116796e+01,2.114044e+01,2.118172e+01,2.095446e+01,2.116108e+01,2.109914e+01,2.115420e+01,2.104405e+01,2.107160e+01,2.104405e+01,2.100960e+01,2.102338e+01,2.093377e+01,2.096135e+01,2.093377e+01,2.105094e+01,2.091998e+01,2.100960e+01,2.098893e+01,2.087859e+01,2.102338e+01,2.104405e+01,2.089929e+01,2.091308e+01,2.096825e+01,2.090619e+01,2.091998e+01,2.099582e+01,2.100960e+01,2.091308e+01,2.089929e+01,2.090619e+01,2.104405e+01,2.092688e+01,2.094067e+01,2.091998e+01,2.089929e+01,2.092688e+01,2.101649e+01,2.093377e+01,2.093377e+01,2.105094e+01,2.099582e+01,2.103027e+01,2.106471e+01,2.085789e+01,2.082338e+01,2.091998e+01,2.110602e+01,2.099582e+01,2.109225e+01,2.108537e+01,2.103027e+01,2.100960e+01,2.103716e+01,2.104405e+01,2.093377e+01,2.100960e+01,2.125048e+01,2.116108e+01,2.098203e+01,2.103027e+01,2.102338e+01,2.103716e+01,2.096825e+01,2.117484e+01,2.112667e+01,2.103716e+01,2.106471e+01,2.106471e+01,2.101649e+01,2.108537e+01,2.107160e+01,2.104405e+01,2.092688e+01,2.104405e+01,2.105094e+01,2.106471e+01,2.100271e+01,2.101649e+01,2.105094e+01,2.103716e+01,2.105782e+01,2.107160e+01,2.109914e+01,2.103716e+01,2.105094e+01,2.112667e+01,2.106471e+01,2.103027e+01,2.104405e+01,2.120235e+01,2.107160e+01,2.095446e+01,2.095446e+01,2.111291e+01,2.103716e+01,2.109225e+01,2.105094e+01,2.097514e+01,2.101649e+01,2.100960e+01,2.127110e+01,2.126423e+01,2.115420e+01,2.105782e+01,2.103716e+01,2.100960e+01,2.115420e+01,2.109914e+01,2.106471e+01,2.107848e+01,2.108537e+01,2.107848e+01,2.110602e+01,2.117484e+01,2.116796e+01,2.107848e+01,2.098203e+01,2.117484e+01,2.120235e+01,2.114732e+01,2.109914e+01,2.114732e+01,2.116796e+01,2.108537e+01,2.103716e+01,2.116796e+01,2.101649e+01,2.108537e+01,2.112667e+01,2.098203e+01
2.114044e+01,2.107848e+01,2.114044e+01,2.103716e+01,2.086479e+01,2.112667e+01,2.110602e+01,2.114044e+01,2.101649e+01,2.108537e+01,2.116796e+01,2.109225e+01,2.107848e+01,2.107160e+01,2.107160e+01,2.118172e+01,2.100960e+01,2.120923e+01,2.111291e+01,2.111979e+01,2.108537e+01,2.117484e+01,2.114732e+01,2.114732e+01,2.114044e+01,2.111979e+01,2.109225e+01,2.111979e+01,2.107848e+01,2.102338e+01,2.109225e+01,2.107160e+01,2.108537e+01,2.114044e+01,2.109225e+01,2.111291e+01,2.108537e+01,2.107848e+01,2.105094e+01,2.107848e+01,2.102338e+01,2.103027e+01,2.104405e+01,2.105094e+01,2.105782e+01,2.094757e+01,2.106471e+01,2.090619e+01,2.092688e+01,2.100271e+01,2.100960e+01,2.093377e+01,2.103716e+01,2.097514e+01,2.091308e+01,2.109225e+01,2.094757e+01,2.092688e+01,2.094757e+01,2.104405e+01,2.109225e+01,2.095446e+01,2.105094e+01,2.087169e+01,2.098893e+01,2.095446e+01,2.107160e+01,2.099582e+01,2.103716e+01,2.108537e+01,2.098893e+01,2.104405e+01,2.103716e+01,2.115420e+01,2.099582e+01,2.101649e+01,2.100271e+01,2.103716e+01,2.102338e+01,2.101649e+01,2.104405e+01,2.100960e+01,2.104405e+01,2.112667e+01,2.103716e+01,2.102338e+01,2.110602e+01,2.107160e+01,2.114732e+01,2.116796e+01,2.112667e+01,2.125048e+01,2.122986e+01,2.109914e+01,2.120235e+01,2.100960e+01,2.118860e+01,2.117484e+01,2.125736e+01,2.118172e+01,2.106471e+01,2.110602e+01,2.119548e+01,2.111291e+01,2.108537e+01,2.126423e+01,2.119548e+01,2.114732e+01,2.129859e+01,2.116796e+01,2.094067e+01,2.118860e+01,2.120923e+01,2.125048e+01,2.126423e+01,2.120235e+01,2.127798e+01,2.121611e+01,2.120923e+01,2.128485e+01,2.129172e+01,2.127110e+01,2.118860e+01,2.133981e+01,2.131920e+01,2.128485e+01,2.129172e+01,2.127110e+01,2.136728e+01,2.128485e+01,2.123674e+01,2.117484e+01,2.122986e+01,2.118860e+01,2.114732e+01,2.080267e+01,2.058148e+01,2.044298e+01,2.032512e+01,2.000548e+01,1.985225e+01,1.988710e+01,1.965689e+01,1.977555e+01,1.976858e+01,1.967785e+01,1.974067e+01,1.969879e+01,1.968483e+01,1.963594e+01,1.962896e+01,1.971275e+01,1.957305e+01,1.944016e+01,1.957305e+01,1.971973e+01,1.962197e+01,1.968483e+01,1.967086e+01,1.975462e+01,1.966388e+01,1.965689e+01,1.972671e+01,1.968483e+01,1.958703e+01,1.957305e+01,1.979647e+01,1.971275e+01,1.967785e+01,1.981042e+01,1.971275e+01,1.966388e+01,1.971973e+01,1.974067e+01,1.971275e+01,1.963594e+01,1.967086e+01,1.967785e+01,1.969879e+01,1.971275e+01,1.974764e+01,1.970577e+01,1.966388e+01,1.960800e+01,1.972671e+01,1.969879e+01,1.964991e+01,1.969181e+01,1.966388e+01,1.967785e+01,1.962197e+01,1.964293e+01,1.994283e+01,1.959402e+01,1.959402e+01,1.960101e+01,1.951013e+01,1.956606e+01,1.955208e+01,1.958004e+01,1.960800e+01,1.955907e+01,1.951013e+01,1.950313e+01,1.950313e+01,1.951013e+01,1.950313e+01,1.949614e+01,1.957305e+01,1.953810e+01,1.953111e+01,1.951712e+01,1.967785e+01,1.964991e+01,1.960800e+01,1.964991e+01,1.964991e+01,1.967785e+01,1.958004e+01,1.969181e+01,1.967086e+01,1.971275e+01,1.969879e+01,1.959402e+01,1.971275e+01,1.970577e+01,1.962197e+01,1.963594e+01,1.966388e+01,1.960800e+01,1.974764e+01,1.962896e+01,1.962896e+01,1.971973e+01,1.968483e+01,1.965689e+01,1.967785e+01,1.970577e+01,1.964293e+01,1.974067e+01,1.959402e+01,1.973369e+01,1.967785e+01,1.977555e+01,1.970577e+01,1.963594e+01,1.961498e+01,1.980345e+01,1.977555e+01,1.968483e+01,1.978950e+01,1.978253e+01,1.970577e+01,1.971973e+01,1.999852e+01,1.965689e+01,1.974764e+01,1.973369e+01,1.982437e+01,1.976160e+01,1.970577e+01,1.981740e+01,1.976858e+01,1.974764e+01,1.976858e+01,1.976858e+01,1.980345e+01,1.988710e+01,1.981042e+01,2.001244e+01,2.020711e+01,2.026960e+01,2.050533e+01,2.043605e+01,2.047762e+01,2.057456e+01,2.053995e+01,2.054687e+01,2.058148e+01,2.049148e+01,2.058148e+01,2.050533e+01,2.056763e+01,2.059531e+01,2.058840e+01,2.049840e+01,2.056763e+01,2.050533e+01,2.049840e+01,2.048455e+01,2.051225e+01,2.053303e+01,2.051918e+01,2.060915e+01,2.053303e+01,2.051918e+01,2.047762e+01,2.058840e+01,2.042219e+01,2.049148e+01,2.050533e+01,2.052610e+01,2.040140e+01,2.053995e+01,2.051225e+01,2.045684e+01,2.047070e+01,2.039447e+01,2.040140e+01,2.044298e+01,2.038753e+01,2.042219e+01,2.023489e+01,2.047762e+01,2.033899e+01,2.037366e+01,2.039447e+01,2.042912e+01,2.042912e+01,2.051225e+01,2.044991e+01,2.056071e+01,2.035980e+01,2.038753e+01,2.028348e+01,2.035980e+01,2.022100e+01,2.019321e+01,2.020016e+01,2.005419e+01,2.001244e+01,1.988710e+01,1.986619e+01,1.987316e+01,1.990103e+01,1.990800e+01,1.989407e+01,2.000548e+01,1.977555e+01,1.989407e+01,1.971275e+01,1.994283e+01,1.982437e+01,1.982437e+01,1.983831e+01,1.994283e+01,2.000548e+01,2.000548e+01,2.008201e+01,2.021405e+01,2.024877e+01,2.022794e+01,2.020016e+01,2.026960e+01,2.020016e+01,2.014458e+01,2.019321e+01,2.031124e+01,2.008201e+01,2.001940e+01,2.008201e+01,2.013068e+01,2.030430e+01,2.029042e+01,2.026960e+01,2.030430e+01,2.028348e+01,2.035980e+01,2.035980e+01,2.040833e+01,2.041526e+01,2.030430e+01,2.042912e+01,2.042912e+01,2.044991e+01,2.055379e+01,2.047070e+01,2.040140e+01,2.038060e+01,2.059531e+01,2.053303e+01,2.056071e+01,2.048455e+01,2.055379e+01,2.055379e+01,2.045684e+01,2.047070e+01,2.045684e+01,2.047762e+01,2.053303e+01,2.051225e+01,2.057456e+01,2.058840e+01,2.058840e+01,2.055379e+01,2.056763e+01,2.056763e+01,2.062990e+01,2.055379e+01,2.059531e+01,2.059531e+01,2.055379e+01,2.053303e+01,2.053995e+01,2.054687e+01,2.056763e+01,2.059531e+01,2.060223e+01,2.050533e+01,2.066448e+01,2.062990e+01,2.056763e+01,2.064374e+01,2.067139e+01,2.065065e+01,2.065757e+01,2.065757e+01,2.064374e+01,2.062990e+01,2.063682e+01,2.066448e+01,2.061607e+01,2.066448e+01,2.076814e+01,2.073360e+01,2.064374e+01,2.062990e+01,2.064374e+01,2.061607e+01,2.068522e+01,2.065065e+01,2.070596e+01,2.068522e+01,2.065757e+01,2.071287e+01,2.069905e+01,2.067831e+01,2.068522e+01,2.071287e+01,2.062990e+01,2.062990e+01,2.070596e+01,2.078886e+01,2.077505e+01,2.078195e+01,2.079576e+01,2.067139e+01,2.072669e+01,2.071978e+01,2.075432e+01,2.073360e+01,2.074051e+01,2.076123e+01,2.076123e+01,2.074742e+01,2.069905e+01,2.074051e+01,2.065065e+01,2.073360e+01,2.071287e+01,2.071287e+01,2.074742e+01,2.076814e+01,2.111979e+01,2.082338e+01,2.126423e+01,2.164157e+01,2.224240e+01,2.282620e+01,2.334610e+01,2.396387e+01,2.419793e+01,2.473096e+01,2.480403e+01,2.514881e+01,2.495004e+01,2.489697e+01,2.491024e+01,2.464452e+01,2.439147e+01,2.415784e+01,2.405087e+01,2.375612e+01,2.365545e+01,2.335283e+01,2.321131e+01,2.313710e+01,2.329894e+01,2.256186e+01,2.248039e+01,2.237847e+01,2.227644e+01,2.219474e+01,2.207207e+01,2.186046e+01,2.164841e+01,2.130546e+01,2.133294e+01,2.124361e+01,2.115420e+01,2.114044e+01,2.118860e+01,2.116796e+01,2.138101e+01,2.140847e+01,2.138788e+01,2.140161e+01,2.129172e+01,2.116796e+01,2.116108e+01,2.118172e+01,2.117484e+01,2.106471e+01,2.109225e+01,2.106471e+01,2.109225e+01,2.098203e+01,2.101649e+01,2.099582e+01,2.091308e+01,2.105094e+01,2.100271e+01,2.096135e+01,2.091998e+01,2.109914e+01,2.095446e+01,2.090619e+01,2.091308e+01,2.090619e+01,2.089929e+01,2.094757e+01,2.091998e+01,2.097514e+01,2.095446e+01,2.105782e+01,2.089929e+01,2.094067e+01,2.099582e+01,2.089929e+01,2.084409e+01,2.096825e+01,2.096135e+01,2.084409e+01,2.094067e+01,2.092688e+01,2.093377e+01,2.109225e+01,2.096825e+01,2.098203e+01,2.105782e+01,2.107160e+01,2.105094e+01,2.100960e+01,2.119548e+01,2.101649e+01,2.111291e+01,2.105094e+01,2.103027e+01,2.107848e+01,2.111291e+01,2.107848e+01,2.104405e+01,2.114044e+01,2.103716e+01,2.121611e+01,2.112667e+01,2.097514e+01,2.099582e+01,2.101649e+01,2.100271e+01,2.099582e+01,2.105094e+01,2.100960e+01,2.103027e+01,2.095446e+01,2.096825e+01,2.107160e+01,2.100271e+01,2.104405e+01,2.108537e+01,2.103027e+01,2.107848e+01,2.109914e+01,2.104405e+01,2.116108e+01,2.106471e+01,2.113355e+01,2.111979e+01,2.111979e+01,2.100960e+01,2.104405e+01,2.104405e+01,2.104405e+01,2.100271e+01,2.116108e+01,2.111291e+01,2.101649e+01,2.103716e+01,2.113355e+01,2.100960e+01,2.111979e+01,2.100960e+01,2.124361e+01,2.106471e+01,2.109225e+01,2.109225e+01,2.107160e+01,2.109225e+01,2.107848e+01,2.108537e+01,2.109914e+01,2.107160e+01,2.117484e+01,2.102338e+01,2.100960e+01,2.116796e+01,2.122986e+01,2.106471e+01,2.108537e+01,2.102338e+01,2.107848e+01,2.118860e+01,2.119548e+01,2.106471e+01,2.107160e+01,2.117484e+01,2.114044e+01,2.109914e+01,2.106471e+01,2.116108e+01,2.110602e+01,2.107848e+01,2.107848e+01,2.110602e+01,2.102338e+01,2.110602e+01,2.114732e+01,2.115420e+01,2.101649e+01,2.100271e+01
2.098893e+01,2.098203e+01,2.112667e+01,2.100960e+01,2.117484e+01,2.116108e+01,2.109914e+01,2.114044e+01,2.114732e+01,2.105094e+01,2.117484e+01,2.107848e+01,2.110602e+01,2.113355e+01,2.109225e+01,2.117484e+01,2.122986e+01,2.120235e+01,2.116796e+01,2.110602e+01,2.113355e+01,2.114044e+01,2.117484e+01,2.089239e+01,2.107160e+01,2.111291e+01,2.107160e+01,2.105094e+01,2.111979e+01,2.108537e+01,2.107160e+01,2.105782e+01,2.112667e+01,2.107160e+01,2.108537e+01,2.108537e+01,2.096825e+01,2.114044e+01,2.102338e+01,2.105094e+01,2.102338e+01,2.101649e+01,2.100271e+01,2.102338e+01,2.092688e+01,2.098893e+01,2.104405e+01,2.102338e+01,2.096825e+01,2.101649e+01,2.100271e+01,2.097514e+01,2.102338e+01,2.109914e+01,2.095446e+01,2.106471e+01,2.100960e+01,2.105782e+01,2.109225e+01,2.110602e+01,2.098203e+01,2.103716e+01,2.104405e+01,2.098203e+01,2.092688e+01,2.100271e+01,2.107160e+01,2.117484e+01,2.105094e+01,2.107848e+01,2.116108e+01,2.101649e+01,2.104405e+01,2.110602e+01,2.097514e+01,2.112667e+01,2.114732e+01,2.109225e+01,2.102338e+01,2.103027e+01,2.101649e+01,2.105094e+01,2.111979e+01,2.113355e+01,2.107160e+01,2.105782e+01,2.105782e+01,2.118860e+01,2.134668e+01,2.108537e+01,2.118172e+01,2.111979e+01,2.120923e+01,2.118172e+01,2.100271e+01,2.107160e+01,2.116796e+01,2.115420e+01,2.120923e+01,2.116108e+01,2.111979e+01,2.114732e+01,2.113355e+01,2.113355e+01,2.124361e+01,2.118172e+01,2.118172e+01,2.124361e+01,2.119548e+01,2.125048e+01,2.151823e+01,2.128485e+01,2.118860e+01,2.121611e+01,2.122986e+01,2.117484e+01,2.120923e+01,2.131920e+01,2.127110e+01,2.125736e+01,2.129859e+01,2.126423e+01,2.122986e+01,2.126423e+01,2.130546e+01,2.128485e+01,2.124361e+01,2.127798e+01,2.127798e+01,2.123674e+01,2.128485e+01,2.118172e+01,2.131233e+01,2.116796e+01,2.073360e+01,2.078886e+01,2.042912e+01,2.024183e+01,2.013763e+01,1.981740e+01,1.976160e+01,1.985225e+01,1.992890e+01,1.981740e+01,1.975462e+01,1.962896e+01,1.968483e+01,1.971973e+01,1.962197e+01,1.976858e+01,1.961498e+01,1.960800e+01,1.971973e+01,1.962197e+01,1.973369e+01,1.973369e+01,1.969879e+01,1.972671e+01,1.974067e+01,1.976160e+01,1.971973e+01,1.969879e+01,1.967086e+01,1.967785e+01,1.965689e+01,1.955208e+01,1.967086e+01,1.969879e+01,1.966388e+01,1.969879e+01,1.960101e+01,1.976160e+01,1.973369e+01,1.966388e+01,1.964991e+01,1.965689e+01,1.971973e+01,1.969181e+01,1.967086e+01,1.977555e+01,1.975462e+01,1.970577e+01,1.969181e+01,1.969879e+01,1.958004e+01,1.969879e+01,1.975462e+01,1.967785e+01,1.972671e+01,1.964991e+01,1.962896e+01,1.953111e+01,1.957305e+01,1.964293e+01,1.962197e+01,1.963594e+01,1.958703e+01,1.959402e+01,1.974067e+01,1.964991e+01,1.954509e+01,1.957305e+01,1.951712e+01,1.951013e+01,1.951013e+01,1.951013e+01,1.954509e+01,1.962896e+01,1.958004e+01,1.951712e+01,1.955907e+01,1.951013e+01,1.951712e+01,1.958004e+01,1.961498e+01,1.958004e+01,1.969879e+01,1.965689e+01,1.968483e+01,1.961498e+01,1.956606e+01,1.971275e+01,1.953111e+01,1.967086e+01,1.974067e+01,1.958703e+01,1.973369e+01,1.968483e+01,1.968483e+01,1.963594e+01,1.964991e+01,1.963594e+01,1.962197e+01,1.963594e+01,1.962896e+01,1.962197e+01,1.964293e+01,1.970577e+01,1.973369e+01,1.962197e+01,1.976160e+01,1.976160e+01,1.970577e+01,1.960101e+01,1.981042e+01,1.976858e+01,1.967785e+01,1.971275e+01,1.975462e+01,1.974067e+01,1.980345e+01,1.981740e+01,1.965689e+01,1.967086e+01,1.973369e+01,1.965689e+01,1.974764e+01,1.970577e+01,1.976858e+01,1.983134e+01,1.976858e+01,1.981740e+01,1.987316e+01,1.981740e+01,1.981740e+01,1.976160e+01,1.979647e+01,1.985225e+01,1.985225e+01,1.991496e+01,2.009591e+01,2.040140e+01,2.051918e+01,2.050533e+01,2.049840e+01,2.057456e+01,2.049148e+01,2.050533e+01,2.056071e+01,2.047762e+01,2.058840e+01,2.042219e+01,2.044298e+01,2.054687e+01,2.049148e+01,2.058148e+01,2.055379e+01,2.060223e+01,2.058840e+01,2.060915e+01,2.057456e+01,2.058840e+01,2.052610e+01,2.051918e+01,2.048455e+01,2.051918e+01,2.056763e+01,2.046377e+01,2.047762e+01,2.058148e+01,2.048455e+01,2.038753e+01,2.039447e+01,2.035980e+01,2.042219e+01,2.032512e+01,2.044298e+01,2.024877e+01,2.042912e+01,2.023489e+01,2.040140e+01,2.040140e+01,2.020711e+01,2.037366e+01,2.038753e+01,2.041526e+01,2.037366e+01,2.052610e+01,2.040140e+01,2.043605e+01,2.053303e+01,2.042912e+01,2.038060e+01,2.038060e+01,2.036673e+01,2.036673e+01,2.041526e+01,2.021405e+01,2.027654e+01,2.030430e+01,2.017932e+01,2.007505e+01,1.999852e+01,1.992890e+01,1.986619e+01,1.990800e+01,2.006114e+01,1.989407e+01,1.975462e+01,1.987316e+01,1.978950e+01,1.984528e+01,1.984528e+01,1.994979e+01,1.990800e+01,1.990800e+01,1.996371e+01,1.995675e+01,2.015848e+01,2.019321e+01,2.021405e+01,2.029042e+01,2.026960e+01,2.018627e+01,2.029736e+01,2.027654e+01,2.029042e+01,2.023489e+01,2.024877e+01,2.021405e+01,2.010982e+01,2.026960e+01,2.030430e+01,2.028348e+01,2.030430e+01,2.033205e+01,2.036673e+01,2.032512e+01,2.040833e+01,2.041526e+01,2.038060e+01,2.041526e+01,2.044991e+01,2.054687e+01,2.054687e+01,2.047762e+01,2.052610e+01,2.060223e+01,2.059531e+01,2.051225e+01,2.050533e+01,2.048455e+01,2.051918e+01,2.047762e+01,2.050533e+01,2.056763e+01,2.050533e+01,2.049148e+01,2.056763e+01,2.060223e+01,2.050533e+01,2.051918e+01,2.052610e+01,2.057456e+01,2.056071e+01,2.053995e+01,2.058840e+01,2.053995e+01,2.056071e+01,2.052610e+01,2.056763e+01,2.056763e+01,2.053303e+01,2.056071e+01,2.055379e+01,2.058148e+01,2.056763e+01,2.062299e+01,2.060915e+01,2.058840e+01,2.060915e+01,2.058840e+01,2.053995e+01,2.062299e+01,2.057456e+01,2.059531e+01,2.065757e+01,2.065065e+01,2.066448e+01,2.064374e+01,2.064374e+01,2.067831e+01,2.064374e+01,2.067139e+01,2.059531e+01,2.070596e+01,2.065065e+01,2.068522e+01,2.061607e+01,2.071287e+01,2.068522e+01,2.066448e+01,2.076123e+01,2.067139e+01,2.074051e+01,2.065757e+01,2.068522e+01,2.067139e+01,2.067139e+01,2.060915e+01,2.078195e+01,2.080267e+01,2.079576e+01,2.077505e+01,2.077505e+01,2.069213e+01,2.072669e+01,2.076814e+01,2.070596e+01,2.069213e+01,2.065757e+01,2.071287e+01,2.073360e+01,2.071978e+01,2.074051e+01,2.074051e+01,2.071287e+01,2.067139e+01,2.070596e+01,2.071978e+01,2.073360e+01,2.073360e+01,2.084409e+01,2.087859e+01,2.109914e+01,2.128485e+01,2.165526e+01,2.223560e+01,2.271106e+01,2.335957e+01,2.397726e+01,2.428473e+01,2.449143e+01,2.483723e+01,2.485715e+01,2.483060e+01,2.495667e+01,2.474425e+01,2.457799e+01,2.435145e+01,2.411106e+01,2.376954e+01,2.368901e+01,2.335283e+01,2.319108e+01,2.304933e+01,2.277203e+01,2.273139e+01,2.246681e+01,2.218793e+01,2.220155e+01,2.202432e+01,2.183996e+01,2.185363e+01,2.166211e+01,2.145650e+01,2.127798e+01,2.104405e+01,2.093377e+01,2.089239e+01,2.094067e+01,2.096135e+01,2.118860e+01,2.132607e+01,2.118172e+01,2.133981e+01,2.138101e+01,2.123674e+01,2.114732e+01,2.114044e+01,2.118172e+01,2.111291e+01,2.113355e+01,2.107848e+01,2.111979e+01,2.100271e+01,2.096825e+01,2.100960e+01,2.098203e+01,2.098893e+01,2.091308e+01,2.094067e+01,2.099582e+01,2.093377e+01,2.088549e+01,2.104405e+01,2.097514e+01,2.098893e+01,2.100271e+01,2.098203e+01,2.091308e+01,2.090619e+01,2.091308e+01,2.093377e+01,2.096135e+01,2.096825e+01,2.103716e+01,2.091308e+01,2.098893e+01,2.096135e+01,2.088549e+01,2.089929e+01,2.087859e+01,2.094757e+01,2.093377e+01,2.098893e+01,2.096135e+01,2.099582e+01,2.087859e+01,2.100960e+01,2.099582e+01,2.091998e+01,2.104405e+01,2.096135e+01,2.095446e+01,2.105782e+01,2.103716e+01,2.093377e+01,2.132607e+01,2.097514e+01,2.103716e+01,2.109914e+01,2.106471e+01,2.105782e+01,2.108537e+01,2.118860e+01,2.100271e+01,2.111291e+01,2.097514e+01,2.099582e+01,2.100960e+01,2.103027e+01,2.105094e+01,2.114732e+01,2.116796e+01,2.113355e+01,2.104405e+01,2.107160e+01,2.107848e+01,2.109225e+01,2.102338e+01,2.091998e+01,2.106471e+01,2.106471e+01,2.105782e+01,2.104405e+01,2.114044e+01,2.114732e+01,2.112667e+01,2.111979e+01,2.103027e+01,2.104405e+01,2.105782e+01,2.115420e+01,2.111291e+01,2.109225e+01,2.100960e+01,2.100271e+01,2.103716e+01,2.109914e+01,2.120235e+01,2.106471e+01,2.102338e+01,2.100960e+01,2.114044e+01,2.108537e+01,2.104405e+01,2.103716e+01,2.100960e+01,2.106471e+01,2.116796e+01,2.105782e+01,2.108537e+01,2.112667e+01,2.109225e+01,2.107160e+01,2.110602e+01,2.125048e+01,2.107848e+01,2.108537e+01,2.121611e+01,2.107160e+01,2.114044e+01,2.124361e+01,2.109914e+01,2.105094e+01,2.111979e+01,2.113355e+01,2.110602e+01,2.087169e+01,2.117484e+01,2.107160e+01,2.109914e+01,2.103027e+01,2.126423e+01,2.113355e+01,2.110602e+01,2.107160e+01,2.100271e+01,2.100271e+01
2.109225e+01,2.109914e+01,2.115420e+01,2.109225e+01,2.112667e+01,2.103027e+01,2.110602e+01,2.111291e+01,2.111979e+01,2.109914e+01,2.100960e+01,2.113355e+01,2.119548e+01,2.120923e+01,2.122986e+01,2.116796e+01,2.116108e+01,2.115420e+01,2.112667e+01,2.117484e+01,2.113355e+01,2.109914e+01,2.108537e+01,2.110602e+01,2.112667e+01,2.109914e+01,2.109225e+01,2.108537e+01,2.101649e+01,2.107848e+01,2.107848e+01,2.106471e+01,2.106471e+01,2.107848e+01,2.103027e+01,2.098203e+01,2.111979e+01,2.103027e+01,2.113355e+01,2.111291e+01,2.100960e+01,2.097514e+01,2.099582e+01,2.096135e+01,2.096135e+01,2.094067e+01,2.102338e+01,2.104405e+01,2.103716e+01,2.102338e+01,2.100960e+01,2.094067e+01,2.100271e+01,2.090619e+01,2.094067e+01,2.096135e+01,2.090619e+01,2.112667e+01,2.104405e+01,2.113355e+01,2.096825e+01,2.099582e+01,2.103027e+01,2.093377e+01,2.103716e+01,2.097514e+01,2.094067e+01,2.117484e+01,2.103716e+01,2.103716e+01,2.107160e+01,2.107160e+01,2.115420e+01,2.099582e+01,2.100271e+01,2.102338e+01,2.102338e+01,2.102338e+01,2.103027e+01,2.103716e+01,2.111979e+01,2.112667e+01,2.113355e+01,2.116108e+01,2.117484e+01,2.105094e+01,2.122298e+01,2.117484e+01,2.110602e+01,2.111291e+01,2.115420e+01,2.113355e+01,2.119548e+01,2.118860e+01,2.133981e+01,2.116796e+01,2.127798e+01,2.111291e+01,2.114732e+01,2.118172e+01,2.122986e+01,2.111979e+01,2.107848e+01,2.110602e+01,2.112667e+01,2.122298e+01,2.129859e+01,2.122986e+01,2.120923e+01,2.119548e+01,2.116796e+01,2.129172e+01,2.127798e+01,2.120235e+01,2.115420e+01,2.119548e+01,2.119548e+01,2.142906e+01,2.131920e+01,2.125736e+01,2.127110e+01,2.120235e+01,2.127798e+01,2.126423e+01,2.133294e+01,2.129859e+01,2.126423e+01,2.125048e+01,2.131920e+01,2.116796e+01,2.129172e+01,2.121611e+01,2.114044e+01,2.099582e+01,2.076814e+01,2.055379e+01,2.037366e+01,2.015153e+01,2.001940e+01,1.988013e+01,1.991496e+01,1.993586e+01,1.988013e+01,1.981042e+01,1.974067e+01,1.973369e+01,1.973369e+01,1.967086e+01,1.963594e+01,1.969879e+01,1.983831e+01,1.961498e+01,1.962896e+01,1.968483e+01,1.969181e+01,1.970577e+01,1.966388e+01,1.970577e+01,1.974067e+01,1.968483e+01,1.980345e+01,1.971275e+01,1.968483e+01,1.968483e+01,1.971275e+01,1.975462e+01,1.967086e+01,1.965689e+01,1.967785e+01,1.969879e+01,1.967785e+01,1.964293e+01,1.958703e+01,1.969181e+01,1.973369e+01,1.967785e+01,1.969181e+01,1.988710e+01,1.973369e+01,1.975462e+01,1.973369e+01,1.973369e+01,1.971275e+01,1.973369e+01,1.971973e+01,1.969181e+01,1.973369e+01,1.964991e+01,1.970577e+01,1.968483e+01,1.978950e+01,1.958703e+01,1.964991e+01,1.969181e+01,1.964293e+01,1.981740e+01,1.965689e+01,1.964293e+01,1.959402e+01,1.956606e+01,1.952411e+01,1.954509e+01,1.954509e+01,1.953810e+01,1.951013e+01,1.951712e+01,1.959402e+01,1.946115e+01,1.953111e+01,1.953111e+01,1.956606e+01,1.955208e+01,1.959402e+01,1.964991e+01,1.961498e+01,1.967086e+01,1.964293e+01,1.962896e+01,1.970577e+01,1.971275e+01,1.958004e+01,1.970577e+01,1.969181e+01,1.959402e+01,1.973369e+01,1.956606e+01,1.964991e+01,1.958004e+01,1.975462e+01,1.960800e+01,1.964293e+01,1.968483e+01,1.950313e+01,1.962197e+01,1.961498e+01,1.966388e+01,1.960800e+01,1.956606e+01,1.958703e+01,1.965689e+01,1.972671e+01,1.968483e+01,1.967086e+01,1.964991e+01,1.961498e+01,1.971973e+01,1.978253e+01,1.975462e+01,1.975462e+01,1.967785e+01,1.976858e+01,1.968483e+01,1.959402e+01,1.965689e+01,1.964293e+01,1.966388e+01,1.971973e+01,1.969181e+01,1.976858e+01,1.972671e+01,1.972671e+01,1.970577e+01,1.971275e+01,1.976160e+01,1.976858e+01,1.978253e+01,1.985225e+01,1.984528e+01,2.003332e+01,1.999156e+01,2.022794e+01,2.040140e+01,2.047070e+01,2.040140e+01,2.057456e+01,2.058148e+01,2.047762e+01,2.049148e+01,2.051918e+01,2.049840e+01,2.049148e+01,2.044991e+01,2.053995e+01,2.048455e+01,2.056763e+01,2.053303e+01,2.048455e+01,2.056071e+01,2.057456e+01,2.058148e+01,2.046377e+01,2.060223e+01,2.061607e+01,2.060223e+01,2.058840e+01,2.047762e+01,2.050533e+01,2.042219e+01,2.045684e+01,2.045684e+01,2.040140e+01,2.053995e+01,2.048455e+01,2.038753e+01,2.042912e+01,2.038060e+01,2.044991e+01,2.029042e+01,2.042219e+01,2.042219e+01,2.042912e+01,2.040140e+01,2.044298e+01,2.033899e+01,2.022100e+01,2.037366e+01,2.038060e+01,2.042912e+01,2.047762e+01,2.040833e+01,2.040833e+01,2.040140e+01,2.051225e+01,2.058148e+01,2.038060e+01,2.033899e+01,2.035286e+01,2.037366e+01,2.030430e+01,2.024877e+01,2.019321e+01,2.032512e+01,2.011677e+01,2.010287e+01,1.999156e+01,1.994979e+01,1.987316e+01,2.004723e+01,1.978253e+01,1.976160e+01,1.986619e+01,1.994979e+01,1.996371e+01,1.978253e+01,1.988710e+01,1.992193e+01,2.005419e+01,2.008896e+01,2.012372e+01,2.015848e+01,2.018627e+01,2.028348e+01,2.029736e+01,2.019321e+01,2.025571e+01,2.031818e+01,2.030430e+01,2.017237e+01,2.010287e+01,2.018627e+01,2.030430e+01,2.020016e+01,2.032512e+01,2.046377e+01,2.025571e+01,2.029736e+01,2.033205e+01,2.033899e+01,2.035980e+01,2.040140e+01,2.037366e+01,2.044991e+01,2.046377e+01,2.039447e+01,2.055379e+01,2.044298e+01,2.050533e+01,2.044298e+01,2.051918e+01,2.053303e+01,2.055379e+01,2.049148e+01,2.048455e+01,2.045684e+01,2.044298e+01,2.050533e+01,2.044991e+01,2.060223e+01,2.042912e+01,2.067831e+01,2.060223e+01,2.055379e+01,2.058840e+01,2.054687e+01,2.054687e+01,2.063682e+01,2.060223e+01,2.055379e+01,2.049148e+01,2.057456e+01,2.053303e+01,2.070596e+01,2.077505e+01,2.059531e+01,2.058840e+01,2.057456e+01,2.058148e+01,2.059531e+01,2.051918e+01,2.066448e+01,2.055379e+01,2.056071e+01,2.076814e+01,2.057456e+01,2.065065e+01,2.062299e+01,2.061607e+01,2.061607e+01,2.062990e+01,2.071978e+01,2.063682e+01,2.064374e+01,2.073360e+01,2.074742e+01,2.064374e+01,2.070596e+01,2.069905e+01,2.066448e+01,2.068522e+01,2.067139e+01,2.062990e+01,2.065757e+01,2.075432e+01,2.081648e+01,2.078195e+01,2.075432e+01,2.068522e+01,2.066448e+01,2.068522e+01,2.068522e+01,2.076123e+01,2.061607e+01,2.086479e+01,2.071978e+01,2.070596e+01,2.074051e+01,2.076123e+01,2.078195e+01,2.073360e+01,2.074051e+01,2.060223e+01,2.074742e+01,2.071287e+01,2.073360e+01,2.067831e+01,2.076814e+01,2.069213e+01,2.071978e+01,2.069905e+01,2.071287e+01,2.071287e+01,2.071978e+01,2.076814e+01,2.078195e+01,2.095446e+01,2.135355e+01,2.171002e+01,2.217430e+01,2.273816e+01,2.328547e+01,2.377624e+01,2.439813e+01,2.458464e+01,2.464452e+01,2.483723e+01,2.483723e+01,2.477082e+01,2.465117e+01,2.443146e+01,2.419793e+01,2.387680e+01,2.370244e+01,2.339997e+01,2.331242e+01,2.304933e+01,2.280589e+01,2.262292e+01,2.245322e+01,2.211979e+01,2.208571e+01,2.185363e+01,2.184679e+01,2.171686e+01,2.162102e+01,2.164157e+01,2.115420e+01,2.103027e+01,2.086479e+01,2.089239e+01,2.078886e+01,2.085099e+01,2.095446e+01,2.098203e+01,2.119548e+01,2.119548e+01,2.142220e+01,2.122298e+01,2.122986e+01,2.115420e+01,2.107848e+01,2.113355e+01,2.108537e+01,2.109914e+01,2.107848e+01,2.111291e+01,2.110602e+01,2.098203e+01,2.106471e+01,2.098203e+01,2.104405e+01,2.098893e+01,2.094757e+01,2.098893e+01,2.092688e+01,2.096825e+01,2.096825e+01,2.094757e+01,2.095446e+01,2.094067e+01,2.089239e+01,2.093377e+01,2.091998e+01,2.096135e+01,2.089929e+01,2.094757e+01,2.092688e+01,2.089929e+01,2.094067e+01,2.097514e+01,2.089239e+01,2.094757e+01,2.094757e+01,2.094757e+01,2.111979e+01,2.094067e+01,2.094757e+01,2.105094e+01,2.097514e+01,2.096135e+01,2.097514e+01,2.103027e+01,2.104405e+01,2.098893e+01,2.096135e+01,2.103716e+01,2.111979e+01,2.111291e+01,2.087859e+01,2.103716e+01,2.090619e+01,2.110602e+01,2.109225e+01,2.109225e+01,2.116108e+01,2.104405e+01,2.106471e+01,2.120235e+01,2.097514e+01,2.110602e+01,2.101649e+01,2.109914e+01,2.098893e+01,2.101649e+01,2.109914e+01,2.105094e+01,2.106471e+01,2.101649e+01,2.107848e+01,2.104405e+01,2.100271e+01,2.104405e+01,2.110602e+01,2.105094e+01,2.094067e+01,2.111291e+01,2.105782e+01,2.100271e+01,2.109225e+01,2.101649e+01,2.100960e+01,2.105094e+01,2.113355e+01,2.105782e+01,2.118172e+01,2.100271e+01,2.107848e+01,2.109225e+01,2.107160e+01,2.118172e+01,2.116108e+01,2.105094e+01,2.107160e+01,2.104405e+01,2.106471e+01,2.104405e+01,2.102338e+01,2.107848e+01,2.102338e+01,2.103716e+01,2.105094e+01,2.114044e+01,2.105782e+01,2.111979e+01,2.103027e+01,2.104405e+01,2.100271e+01,2.114044e+01,2.114044e+01,2.109225e+01,2.105094e+01,2.105782e+01,2.107848e+01,2.112667e+01,2.109914e+01,2.120235e+01,2.114044e+01,2.109225e+01,2.118860e+01,2.109914e+01,2.102338e+01,2.116796e+01,2.094067e+01,2.104405e+01,2.110602e+01,2.114732e+01,2.106471e+01,2.101649e+01,2.105782e+01,2.100960e+01,2.100960e+01
2.108537e+01,2.093377e+01,2.110602e+01,2.107160e+01,2.110602e+01,2.109225e+01,2.104405e+01,2.114044e+01,2.107160e+01,2.106471e+01,2.106471e+01,2.110602e+01,2.109914e+01,2.103027e+01,2.114732e+01,2.114044e+01,2.113355e+01,2.120235e+01,2.115420e+01,2.109914e+01,2.107848e+01,2.107848e+01,2.109225e+01,2.117484e+01,2.107160e+01,2.109225e+01,2.111291e+01,2.105094e+01,2.110602e+01,2.099582e+01,2.118860e+01,2.109225e+01,2.109225e+01,2.109914e+01,2.104405e+01,2.096825e+01,2.111979e+01,2.102338e+01,2.100960e+01,2.100271e+01,2.098203e+01,2.102338e+01,2.105094e+01,2.093377e+01,2.090619e+01,2.102338e+01,2.103027e+01,2.097514e+01,2.094067e+01,2.099582e+01,2.093377e+01,2.098893e+01,2.093377e+01,2.091998e+01,2.105782e+01,2.102338e+01,2.095446e+01,2.101649e+01,2.108537e+01,2.103716e+01,2.102338e+01,2.110602e+01,2.100271e+01,2.100271e+01,2.104405e+01,2.099582e+01,2.098893e+01,2.102338e+01,2.105094e+01,2.125048e+01,2.105094e+01,2.111979e+01,2.109225e+01,2.108537e+01,2.114732e+01,2.109225e+01,2.101649e+01,2.113355e+01,2.111979e+01,2.121611e+01,2.112667e+01,2.107160e+01,2.115420e+01,2.118860e+01,2.117484e+01,2.107848e+01,2.113355e+01,2.111979e+01,2.124361e+01,2.112667e+01,2.111979e+01,2.128485e+01,2.114044e+01,2.120923e+01,2.110602e+01,2.122298e+01,2.118172e+01,2.114732e+01,2.117484e+01,2.113355e+01,2.120235e+01,2.124361e+01,2.121611e+01,2.116796e+01,2.126423e+01,2.120235e+01,2.125736e+01,2.113355e+01,2.122986e+01,2.123674e+01,2.127798e+01,2.123674e+01,2.128485e+01,2.123674e+01,2.120235e+01,2.130546e+01,2.120923e+01,2.116108e+01,2.125736e+01,2.129859e+01,2.115420e+01,2.127110e+01,2.136041e+01,2.125048e+01,2.124361e+01,2.128485e+01,2.131233e+01,2.122986e+01,2.120923e+01,2.125048e+01,2.120235e+01,2.121611e+01,2.123674e+01,2.098203e+01,2.068522e+01,2.044991e+01,2.022794e+01,1.997068e+01,1.993586e+01,1.990103e+01,1.992890e+01,1.969879e+01,1.986619e+01,1.973369e+01,1.988710e+01,1.972671e+01,1.977555e+01,1.972671e+01,1.974764e+01,1.971275e+01,1.971275e+01,1.978253e+01,1.963594e+01,1.974067e+01,1.969879e+01,1.971275e+01,1.967785e+01,1.971973e+01,1.971275e+01,1.969879e+01,1.973369e+01,1.971973e+01,1.964991e+01,1.972671e+01,1.967785e+01,1.964991e+01,1.971973e+01,1.976160e+01,1.981042e+01,1.969181e+01,1.964991e+01,1.964293e+01,1.966388e+01,1.962197e+01,1.985922e+01,1.985225e+01,1.983831e+01,1.975462e+01,1.974764e+01,1.972671e+01,1.973369e+01,1.976160e+01,1.973369e+01,1.968483e+01,1.956606e+01,1.971973e+01,1.976160e+01,1.970577e+01,1.980345e+01,1.975462e+01,1.959402e+01,1.965689e+01,1.972671e+01,1.962896e+01,1.967086e+01,1.981042e+01,1.977555e+01,1.955208e+01,1.956606e+01,1.963594e+01,1.953111e+01,1.960800e+01,1.960101e+01,1.952411e+01,1.954509e+01,1.955208e+01,1.959402e+01,1.956606e+01,1.953111e+01,1.957305e+01,1.945416e+01,1.955208e+01,1.952411e+01,1.960800e+01,1.940516e+01,1.959402e+01,1.964991e+01,1.971973e+01,1.971275e+01,1.967086e+01,1.962197e+01,1.975462e+01,1.960800e+01,1.962896e+01,1.968483e+01,1.969879e+01,1.975462e+01,1.964293e+01,1.964293e+01,1.965689e+01,1.964293e+01,1.967086e+01,1.965689e+01,1.953111e+01,1.959402e+01,1.960101e+01,1.962197e+01,1.959402e+01,1.975462e+01,1.966388e+01,1.960800e+01,1.968483e+01,1.974764e+01,1.971973e+01,1.973369e+01,1.974067e+01,1.972671e+01,1.975462e+01,1.969181e+01,1.969181e+01,1.970577e+01,1.978253e+01,1.963594e+01,1.967086e+01,1.964991e+01,1.966388e+01,1.968483e+01,1.975462e+01,1.976858e+01,1.977555e+01,1.983831e+01,1.976858e+01,1.973369e+01,1.970577e+01,1.989407e+01,1.984528e+01,1.980345e+01,1.984528e+01,2.006114e+01,2.010287e+01,2.025571e+01,2.040833e+01,2.045684e+01,2.048455e+01,2.057456e+01,2.051918e+01,2.053303e+01,2.049840e+01,2.057456e+01,2.056071e+01,2.056763e+01,2.042219e+01,2.048455e+01,2.045684e+01,2.051918e+01,2.046377e+01,2.052610e+01,2.052610e+01,2.057456e+01,2.067831e+01,2.057456e+01,2.052610e+01,2.064374e+01,2.057456e+01,2.052610e+01,2.049840e+01,2.048455e+01,2.044298e+01,2.047762e+01,2.044991e+01,2.042912e+01,2.051918e+01,2.041526e+01,2.044298e+01,2.045684e+01,2.035980e+01,2.042912e+01,2.048455e+01,2.020711e+01,2.044298e+01,2.042219e+01,2.041526e+01,2.028348e+01,2.024183e+01,2.038060e+01,2.035286e+01,2.042912e+01,2.040833e+01,2.052610e+01,2.053995e+01,2.049840e+01,2.050533e+01,2.050533e+01,2.043605e+01,2.040140e+01,2.040140e+01,2.043605e+01,2.042219e+01,2.038753e+01,2.040140e+01,2.035980e+01,2.025571e+01,2.022794e+01,2.017932e+01,2.013763e+01,2.017237e+01,2.012372e+01,2.003332e+01,1.976858e+01,1.984528e+01,1.988013e+01,1.996371e+01,1.997764e+01,1.986619e+01,1.981740e+01,1.983134e+01,1.994283e+01,1.998460e+01,2.001940e+01,2.013763e+01,2.028348e+01,2.020711e+01,2.031124e+01,2.030430e+01,2.024183e+01,2.035286e+01,2.033205e+01,2.034592e+01,2.029736e+01,2.027654e+01,2.010982e+01,2.031818e+01,2.026960e+01,2.036673e+01,2.034592e+01,2.029736e+01,2.033899e+01,2.029042e+01,2.037366e+01,2.043605e+01,2.042219e+01,2.043605e+01,2.046377e+01,2.047070e+01,2.047070e+01,2.047070e+01,2.044991e+01,2.044991e+01,2.046377e+01,2.049148e+01,2.048455e+01,2.040140e+01,2.044298e+01,2.053303e+01,2.051225e+01,2.049840e+01,2.059531e+01,2.055379e+01,2.060915e+01,2.049148e+01,2.054687e+01,2.056763e+01,2.054687e+01,2.057456e+01,2.051918e+01,2.054687e+01,2.065757e+01,2.058148e+01,2.066448e+01,2.055379e+01,2.053303e+01,2.047762e+01,2.060915e+01,2.055379e+01,2.058840e+01,2.057456e+01,2.059531e+01,2.058148e+01,2.061607e+01,2.060915e+01,2.061607e+01,2.060223e+01,2.080957e+01,2.059531e+01,2.058840e+01,2.062299e+01,2.070596e+01,2.062299e+01,2.065757e+01,2.066448e+01,2.075432e+01,2.070596e+01,2.086479e+01,2.070596e+01,2.067831e+01,2.070596e+01,2.069213e+01,2.069213e+01,2.062299e+01,2.065065e+01,2.071978e+01,2.068522e+01,2.065065e+01,2.076814e+01,2.074742e+01,2.080957e+01,2.070596e+01,2.065757e+01,2.069213e+01,2.067139e+01,2.065757e+01,2.068522e+01,2.074742e+01,2.067831e+01,2.067831e+01,2.071287e+01,2.065757e+01,2.072669e+01,2.068522e+01,2.074742e+01,2.075432e+01,2.068522e+01,2.073360e+01,2.076123e+01,2.069905e+01,2.067831e+01,2.072669e+01,2.071287e+01,2.069905e+01,2.074051e+01,2.071287e+01,2.083028e+01,2.076814e+01,2.089929e+01,2.092688e+01,2.131920e+01,2.175791e+01,2.210616e+01,2.254150e+01,2.300880e+01,2.377624e+01,2.419793e+01,2.444479e+01,2.456468e+01,2.478411e+01,2.481731e+01,2.457799e+01,2.437146e+01,2.435145e+01,2.401742e+01,2.384999e+01,2.343362e+01,2.329221e+01,2.307635e+01,2.272461e+01,2.246681e+01,2.234447e+01,2.231726e+01,2.196973e+01,2.201750e+01,2.181945e+01,2.160732e+01,2.174423e+01,2.144278e+01,2.114732e+01,2.098893e+01,2.103027e+01,2.109225e+01,2.076123e+01,2.070596e+01,2.062990e+01,2.085789e+01,2.087859e+01,2.104405e+01,2.114044e+01,2.121611e+01,2.122298e+01,2.125048e+01,2.118172e+01,2.116796e+01,2.107160e+01,2.108537e+01,2.109225e+01,2.109914e+01,2.111291e+01,2.096135e+01,2.096135e+01,2.109225e+01,2.092688e+01,2.102338e+01,2.093377e+01,2.094067e+01,2.097514e+01,2.101649e+01,2.100271e+01,2.096135e+01,2.096825e+01,2.095446e+01,2.094757e+01,2.091308e+01,2.094757e+01,2.089239e+01,2.094757e+01,2.088549e+01,2.100960e+01,2.100960e+01,2.093377e+01,2.094757e+01,2.100271e+01,2.103027e+01,2.095446e+01,2.093377e+01,2.094067e+01,2.091998e+01,2.091998e+01,2.104405e+01,2.103027e+01,2.095446e+01,2.096135e+01,2.095446e+01,2.098893e+01,2.103716e+01,2.101649e+01,2.103027e+01,2.097514e+01,2.091308e+01,2.094757e+01,2.098203e+01,2.104405e+01,2.107848e+01,2.114044e+01,2.116108e+01,2.107160e+01,2.109225e+01,2.115420e+01,2.113355e+01,2.103027e+01,2.099582e+01,2.102338e+01,2.098203e+01,2.103027e+01,2.107848e+01,2.113355e+01,2.107160e+01,2.108537e+01,2.105782e+01,2.105094e+01,2.103716e+01,2.106471e+01,2.098203e+01,2.106471e+01,2.104405e+01,2.106471e+01,2.105094e+01,2.106471e+01,2.109225e+01,2.100960e+01,2.096825e+01,2.116108e+01,2.114732e+01,2.110602e+01,2.113355e+01,2.114732e+01,2.100960e+01,2.102338e+01,2.098893e+01,2.105782e+01,2.118172e+01,2.116108e+01,2.099582e+01,2.105094e+01,2.111291e+01,2.107160e+01,2.105094e+01,2.119548e+01,2.118172e+01,2.103716e+01,2.105094e+01,2.126423e+01,2.105094e+01,2.098203e+01,2.106471e+01,2.110602e+01,2.107848e+01,2.110602e+01,2.107160e+01,2.112667e+01,2.108537e+01,2.119548e+01,2.118172e+01,2.108537e+01,2.110602e+01,2.108537e+01,2.107848e+01,2.108537e+01,2.110602e+01,2.111979e+01,2.108537e+01,2.118172e+01,2.109225e+01,2.114732e+01,2.110602e+01,2.118860e+01,2.111979e+01,2.106471e+01,2.120923e+01,2.108537e+01,2.104405e+01,2.100960e+01,2.106471e+01
2.109225e+01,2.107848e+01,2.110602e+01,2.098203e+01,2.114732e+01,2.103027e+01,2.110602e+01,2.112667e+01,2.103716e+01,2.118860e+01,2.107160e+01,2.107160e+01,2.118860e+01,2.114732e+01,2.113355e+01,2.118860e+01,2.122298e+01,2.115420e+01,2.122298e+01,2.109914e+01,2.109914e+01,2.108537e+01,2.108537e+01,2.107160e+01,2.107848e+01,2.103716e+01,2.110602e+01,2.107848e+01,2.099582e+01,2.102338e+01,2.108537e+01,2.108537e+01,2.104405e+01,2.103716e+01,2.107848e+01,2.101649e+01,2.098203e+01,2.100271e+01,2.107160e+01,2.129859e+01,2.096825e+01,2.103716e+01,2.096825e+01,2.091308e+01,2.097514e+01,2.096135e+01,2.099582e+01,2.096825e+01,2.092688e+01,2.096825e+01,2.096135e+01,2.096135e+01,2.097514e+01,2.111979e+01,2.098203e+01,2.095446e+01,2.104405e+01,2.098203e+01,2.103716e+01,2.103027e+01,2.094757e+01,2.102338e+01,2.100271e+01,2.095446e+01,2.096825e+01,2.110602e+01,2.103027e+01,2.100271e+01,2.101649e+01,2.102338e+01,2.107160e+01,2.109914e+01,2.116108e+01,2.111291e+01,2.106471e+01,2.114044e+01,2.114044e+01,2.108537e+01,2.105094e+01,2.109914e+01,2.111291e+01,2.124361e+01,2.109225e+01,2.121611e+01,2.109914e+01,2.120923e+01,2.118860e+01,2.121611e+01,2.114732e+01,2.116108e+01,2.131920e+01,2.115420e+01,2.114044e+01,2.114044e+01,2.106471e+01,2.127110e+01,2.122298e+01,2.120923e+01,2.120235e+01,2.116108e+01,2.129859e+01,2.123674e+01,2.125048e+01,2.112667e+01,2.125048e+01,2.125736e+01,2.125048e+01,2.117484e+01,2.122298e+01,2.121611e+01,2.118172e+01,2.122986e+01,2.118172e+01,2.117484e+01,2.122298e+01,2.124361e+01,2.116796e+01,2.120235e+01,2.117484e+01,2.130546e+01,2.125736e+01,2.121611e+01,2.121611e+01,2.120923e+01,2.120923e+01,2.122986e+01,2.122986e+01,2.123674e+01,2.120235e+01,2.125736e+01,2.115420e+01,2.103716e+01,2.097514e+01,2.083028e+01,2.069213e+01,2.044991e+01,2.008896e+01,1.999156e+01,1.994283e+01,1.990103e+01,1.986619e+01,1.976858e+01,1.987316e+01,1.978253e+01,1.977555e+01,1.993586e+01,1.976160e+01,1.987316e+01,1.971973e+01,1.974764e+01,1.976160e+01,1.973369e+01,1.976160e+01,1.977555e+01,1.977555e+01,1.970577e+01,1.969181e+01,1.964293e+01,1.971275e+01,1.969181e+01,1.971973e+01,1.974067e+01,1.970577e+01,1.976858e+01,1.965689e+01,1.972671e+01,1.974764e+01,1.969181e+01,1.967086e+01,1.962896e+01,1.972671e+01,1.971973e+01,1.974764e+01,1.964293e+01,1.968483e+01,1.972671e+01,1.976858e+01,1.966388e+01,1.976858e+01,1.970577e+01,1.974764e+01,1.966388e+01,1.974067e+01,1.978950e+01,1.969879e+01,1.972671e+01,1.978950e+01,1.978253e+01,1.982437e+01,1.970577e+01,1.971973e+01,1.961498e+01,1.971973e+01,1.983134e+01,1.986619e+01,1.981740e+01,1.983134e+01,1.960101e+01,1.959402e+01,1.948215e+01,1.955907e+01,1.959402e+01,1.952411e+01,1.963594e+01,1.956606e+01,1.961498e+01,1.964293e+01,1.963594e+01,1.962896e+01,1.960101e+01,1.953810e+01,1.954509e+01,1.956606e+01,1.960101e+01,1.964991e+01,1.957305e+01,1.961498e+01,1.964293e+01,1.971275e+01,1.967086e+01,1.967785e+01,1.953111e+01,1.971275e+01,1.971973e+01,1.972671e+01,1.971973e+01,1.971275e+01,1.967086e+01,1.967086e+01,1.950313e+01,1.964991e+01,1.962197e+01,1.967086e+01,1.958004e+01,1.963594e+01,1.961498e+01,1.954509e+01,1.959402e+01,1.970577e+01,1.974764e+01,1.971973e+01,1.972671e+01,1.976858e+01,1.971973e+01,1.971275e+01,1.975462e+01,1.966388e+01,1.971973e+01,1.977555e+01,1.971275e+01,1.978253e+01,1.969879e+01,1.964293e+01,1.972671e+01,1.960101e+01,1.962896e+01,1.975462e+01,1.965689e+01,1.976160e+01,1.975462e+01,1.978950e+01,1.980345e+01,1.973369e+01,1.980345e+01,2.004027e+01,1.981740e+01,1.976858e+01,1.985922e+01,2.012372e+01,2.020016e+01,2.026266e+01,2.044991e+01,2.053303e+01,2.038753e+01,2.037366e+01,2.042219e+01,2.048455e+01,2.049840e+01,2.048455e+01,2.047070e+01,2.047070e+01,2.046377e+01,2.049148e+01,2.046377e+01,2.052610e+01,2.053303e+01,2.059531e+01,2.055379e+01,2.049148e+01,2.058148e+01,2.051918e+01,2.058840e+01,2.050533e+01,2.051225e+01,2.040833e+01,2.047070e+01,2.050533e+01,2.041526e+01,2.033205e+01,2.042912e+01,2.043605e+01,2.060915e+01,2.049148e+01,2.044991e+01,2.040833e+01,2.039447e+01,2.040140e+01,2.040833e+01,2.051225e+01,2.044991e+01,2.040140e+01,2.046377e+01,2.037366e+01,2.044298e+01,2.041526e+01,2.039447e+01,2.044298e+01,2.052610e+01,2.044991e+01,2.052610e+01,2.051918e+01,2.051918e+01,2.051918e+01,2.049840e+01,2.044991e+01,2.050533e+01,2.049148e+01,2.039447e+01,2.042912e+01,2.033205e+01,2.040833e+01,2.032512e+01,2.035286e+01,2.021405e+01,2.022794e+01,2.011677e+01,2.013068e+01,2.015848e+01,1.995675e+01,1.995675e+01,1.992193e+01,1.976858e+01,1.974067e+01,1.991496e+01,1.991496e+01,1.988013e+01,1.987316e+01,1.993586e+01,2.010287e+01,2.011677e+01,2.008201e+01,2.010287e+01,2.029736e+01,2.037366e+01,2.020711e+01,2.044298e+01,2.025571e+01,2.023489e+01,2.024183e+01,2.029736e+01,2.035980e+01,2.031818e+01,2.041526e+01,2.034592e+01,2.042912e+01,2.040140e+01,2.039447e+01,2.043605e+01,2.044298e+01,2.039447e+01,2.046377e+01,2.050533e+01,2.044298e+01,2.037366e+01,2.045684e+01,2.048455e+01,2.067139e+01,2.037366e+01,2.045684e+01,2.046377e+01,2.046377e+01,2.049148e+01,2.042219e+01,2.049840e+01,2.053303e+01,2.050533e+01,2.054687e+01,2.052610e+01,2.041526e+01,2.060223e+01,2.050533e+01,2.057456e+01,2.053995e+01,2.060915e+01,2.055379e+01,2.051918e+01,2.055379e+01,2.061607e+01,2.056763e+01,2.058840e+01,2.053303e+01,2.054687e+01,2.056071e+01,2.056763e+01,2.067831e+01,2.061607e+01,2.060915e+01,2.060915e+01,2.070596e+01,2.058148e+01,2.061607e+01,2.063682e+01,2.063682e+01,2.058148e+01,2.067139e+01,2.068522e+01,2.045684e+01,2.075432e+01,2.066448e+01,2.064374e+01,2.065065e+01,2.075432e+01,2.065065e+01,2.071287e+01,2.068522e+01,2.071978e+01,2.058840e+01,2.067139e+01,2.071287e+01,2.064374e+01,2.067139e+01,2.065757e+01,2.077505e+01,2.074742e+01,2.077505e+01,2.072669e+01,2.071978e+01,2.064374e+01,2.063682e+01,2.066448e+01,2.066448e+01,2.065757e+01,2.064374e+01,2.067139e+01,2.068522e+01,2.071287e+01,2.069905e+01,2.068522e+01,2.065065e+01,2.069213e+01,2.067831e+01,2.070596e+01,2.076814e+01,2.071287e+01,2.064374e+01,2.068522e+01,2.069213e+01,2.070596e+01,2.073360e+01,2.069905e+01,2.078195e+01,2.072669e+01,2.071287e+01,2.095446e+01,2.100960e+01,2.136728e+01,2.178527e+01,2.212661e+01,2.251435e+01,2.301556e+01,2.359499e+01,2.393709e+01,2.435145e+01,2.445146e+01,2.447145e+01,2.438480e+01,2.437146e+01,2.419793e+01,2.413111e+01,2.377624e+01,2.343362e+01,2.319782e+01,2.327873e+01,2.275171e+01,2.250756e+01,2.236487e+01,2.203115e+01,2.191511e+01,2.176475e+01,2.178527e+01,2.151823e+01,2.144964e+01,2.130546e+01,2.123674e+01,2.095446e+01,2.087169e+01,2.084409e+01,2.062990e+01,2.076814e+01,2.063682e+01,2.072669e+01,2.069905e+01,2.091998e+01,2.090619e+01,2.113355e+01,2.115420e+01,2.116108e+01,2.127798e+01,2.115420e+01,2.109225e+01,2.109225e+01,2.109225e+01,2.109914e+01,2.108537e+01,2.109225e+01,2.104405e+01,2.101649e+01,2.103716e+01,2.107160e+01,2.103027e+01,2.103027e+01,2.101649e+01,2.094067e+01,2.095446e+01,2.097514e+01,2.098893e+01,2.103716e+01,2.093377e+01,2.092688e+01,2.094757e+01,2.105094e+01,2.094067e+01,2.089239e+01,2.100271e+01,2.097514e+01,2.081648e+01,2.093377e+01,2.092688e+01,2.094757e+01,2.090619e+01,2.093377e+01,2.092688e+01,2.094067e+01,2.092688e+01,2.093377e+01,2.095446e+01,2.095446e+01,2.103716e+01,2.093377e+01,2.093377e+01,2.095446e+01,2.103716e+01,2.095446e+01,2.092688e+01,2.096825e+01,2.109225e+01,2.093377e+01,2.107848e+01,2.111979e+01,2.109225e+01,2.117484e+01,2.106471e+01,2.105782e+01,2.106471e+01,2.108537e+01,2.118860e+01,2.109225e+01,2.099582e+01,2.099582e+01,2.098893e+01,2.100271e+01,2.103716e+01,2.107160e+01,2.097514e+01,2.106471e+01,2.105782e+01,2.107848e+01,2.105094e+01,2.105094e+01,2.098893e+01,2.103027e+01,2.100271e+01,2.092688e+01,2.095446e+01,2.103716e+01,2.109914e+01,2.098893e+01,2.113355e+01,2.098203e+01,2.107848e+01,2.107160e+01,2.113355e+01,2.107848e+01,2.115420e+01,2.101649e+01,2.108537e+01,2.117484e+01,2.107848e+01,2.116796e+01,2.109914e+01,2.109914e+01,2.108537e+01,2.105782e+01,2.114044e+01,2.104405e+01,2.103716e+01,2.104405e+01,2.109914e+01,2.110602e+01,2.107848e+01,2.108537e+01,2.122298e+01,2.109225e+01,2.106471e+01,2.116108e+01,2.108537e+01,2.107160e+01,2.105094e+01,2.103027e+01,2.107848e+01,2.108537e+01,2.105782e+01,2.107848e+01,2.108537e+01,2.117484e+01,2.109225e+01,2.109225e+01,2.109914e+01,2.116108e+01,2.110602e+01,2.111291e+01,2.106471e+01,2.110602e+01,2.103716e+01,2.107160e+01,2.113355e+01,2.107848e+01,2.116108e+01,2.115420e+01,2.107160e+01
2.109225e+01,2.107848e+01,2.114732e+01,2.105094e+01,2.107848e+01,2.111979e+01,2.097514e+01,2.116108e+01,2.103027e+01,2.116796e+01,2.113355e+01,2.114044e+01,2.125048e+01,2.122986e+01,2.114044e+01,2.119548e+01,2.118860e+01,2.116108e+01,2.118860e+01,2.117484e+01,2.109914e+01,2.113355e+01,2.121611e+01,2.107848e+01,2.113355e+01,2.109914e+01,2.106471e+01,2.095446e+01,2.103716e+01,2.105782e+01,2.096825e+01,2.105782e+01,2.082338e+01,2.105782e+01,2.104405e+01,2.110602e+01,2.103027e+01,2.100960e+01,2.097514e+01,2.098893e+01,2.107848e+01,2.089929e+01,2.095446e+01,2.096135e+01,2.096135e+01,2.098203e+01,2.099582e+01,2.083719e+01,2.101649e+01,2.095446e+01,2.104405e+01,2.103027e+01,2.105782e+01,2.098203e+01,2.100960e+01,2.105094e+01,2.098203e+01,2.103716e+01,2.103716e+01,2.100960e+01,2.103027e+01,2.100960e+01,2.112667e+01,2.107848e+01,2.097514e+01,2.107160e+01,2.108537e+01,2.097514e+01,2.100960e+01,2.099582e+01,2.109914e+01,2.103716e+01,2.113355e+01,2.109225e+01,2.111291e+01,2.111291e+01,2.109914e+01,2.116108e+01,2.118172e+01,2.114044e+01,2.110602e+01,2.120923e+01,2.113355e+01,2.120923e+01,2.117484e+01,2.125048e+01,2.118172e+01,2.112667e+01,2.117484e+01,2.117484e+01,2.118172e+01,2.119548e+01,2.119548e+01,2.116108e+01,2.129859e+01,2.114732e+01,2.122986e+01,2.120923e+01,2.123674e+01,2.116796e+01,2.122986e+01,2.125048e+01,2.118860e+01,2.117484e+01,2.127110e+01,2.119548e+01,2.122986e+01,2.116108e+01,2.114044e+01,2.125736e+01,2.118172e+01,2.122298e+01,2.125736e+01,2.120235e+01,2.124361e+01,2.125048e+01,2.131920e+01,2.120235e+01,2.118860e+01,2.122298e+01,2.120235e+01,2.121611e+01,2.127798e+01,2.123674e+01,2.121611e+01,2.122986e+01,2.123674e+01,2.122986e+01,2.133294e+01,2.122298e+01,2.118172e+01,2.098893e+01,2.092688e+01,2.074051e+01,2.047762e+01,2.042912e+01,2.004723e+01,1.994979e+01,1.998460e+01,1.993586e+01,1.990103e+01,1.988013e+01,1.991496e+01,1.984528e+01,1.980345e+01,1.988013e+01,1.978253e+01,1.986619e+01,1.978950e+01,1.961498e+01,1.972671e+01,1.981042e+01,1.979647e+01,1.973369e+01,1.969879e+01,1.969181e+01,1.968483e+01,1.969181e+01,1.969181e+01,1.974764e+01,1.977555e+01,1.971275e+01,1.963594e+01,1.968483e+01,1.979647e+01,1.973369e+01,1.978950e+01,1.971275e+01,1.969181e+01,1.971973e+01,1.976858e+01,1.985225e+01,1.971973e+01,1.971973e+01,1.976160e+01,1.962896e+01,1.964293e+01,1.975462e+01,1.974067e+01,1.972671e+01,1.969879e+01,1.981042e+01,1.974067e+01,1.978950e+01,1.976160e+01,1.980345e+01,1.977555e+01,1.974764e+01,1.975462e+01,1.981042e+01,1.976858e+01,1.982437e+01,2.009591e+01,2.008896e+01,2.031818e+01,2.031818e+01,1.985225e+01,1.963594e+01,1.948914e+01,1.960800e+01,1.962197e+01,1.958004e+01,1.953810e+01,1.958004e+01,1.963594e+01,1.958004e+01,1.965689e+01,1.955208e+01,1.971973e+01,1.968483e+01,1.953810e+01,1.952411e+01,1.963594e+01,1.963594e+01,1.960101e+01,1.958703e+01,1.962896e+01,1.961498e+01,1.974067e+01,1.967086e+01,1.967086e+01,1.968483e+01,1.972671e+01,1.955208e+01,1.959402e+01,1.966388e+01,1.964293e+01,1.966388e+01,1.974067e+01,1.957305e+01,1.961498e+01,1.958703e+01,1.965689e+01,1.966388e+01,1.966388e+01,1.978253e+01,1.962197e+01,1.978253e+01,1.967086e+01,1.974067e+01,1.967086e+01,1.968483e+01,1.975462e+01,1.972671e+01,1.974067e+01,1.971275e+01,1.971973e+01,1.963594e+01,1.986619e+01,1.964293e+01,1.962896e+01,1.963594e+01,1.965689e+01,1.969181e+01,1.972671e+01,1.958703e+01,1.969879e+01,1.974764e+01,1.977555e+01,1.985922e+01,1.994979e+01,2.009591e+01,1.985225e+01,2.005419e+01,1.987316e+01,1.988013e+01,1.988013e+01,2.010982e+01,2.009591e+01,2.032512e+01,2.037366e+01,2.041526e+01,2.044991e+01,2.043605e+01,2.047070e+01,2.039447e+01,2.042219e+01,2.041526e+01,2.051918e+01,2.060915e+01,2.043605e+01,2.044991e+01,2.047762e+01,2.049148e+01,2.048455e+01,2.043605e+01,2.056071e+01,2.046377e+01,2.046377e+01,2.045684e+01,2.044298e+01,2.060223e+01,2.051225e+01,2.050533e+01,2.049840e+01,2.049148e+01,2.040833e+01,2.045684e+01,2.043605e+01,2.038753e+01,2.042912e+01,2.038753e+01,2.049148e+01,2.044991e+01,2.049840e+01,2.048455e+01,2.048455e+01,2.056763e+01,2.044991e+01,2.042219e+01,2.045684e+01,2.047070e+01,2.042912e+01,2.047070e+01,2.061607e+01,2.060915e+01,2.046377e+01,2.059531e+01,2.058840e+01,2.051225e+01,2.053303e+01,2.048455e+01,2.051225e+01,2.053995e+01,2.051225e+01,2.048455e+01,2.038753e+01,2.044991e+01,2.031818e+01,2.040833e+01,2.035286e+01,2.027654e+01,2.029736e+01,2.038060e+01,2.023489e+01,2.037366e+01,2.011677e+01,2.017237e+01,1.999852e+01,1.997068e+01,1.990800e+01,1.997764e+01,2.007505e+01,1.997068e+01,1.992890e+01,1.986619e+01,1.992193e+01,1.982437e+01,1.994979e+01,2.006810e+01,2.004027e+01,2.020711e+01,2.026266e+01,2.040140e+01,2.040140e+01,2.026960e+01,2.035286e+01,2.031124e+01,2.031818e+01,2.039447e+01,2.029042e+01,2.033205e+01,2.033205e+01,2.034592e+01,2.038060e+01,2.044298e+01,2.042219e+01,2.042912e+01,2.038753e+01,2.035980e+01,2.039447e+01,2.038060e+01,2.046377e+01,2.037366e+01,2.029736e+01,2.042219e+01,2.047070e+01,2.048455e+01,2.042912e+01,2.045684e+01,2.033899e+01,2.059531e+01,2.038060e+01,2.058148e+01,2.053995e+01,2.049148e+01,2.056071e+01,2.047070e+01,2.058840e+01,2.048455e+01,2.046377e+01,2.058840e+01,2.056071e+01,2.056071e+01,2.059531e+01,2.060223e+01,2.054687e+01,2.055379e+01,2.053995e+01,2.059531e+01,2.050533e+01,2.050533e+01,2.062299e+01,2.057456e+01,2.054687e+01,2.062299e+01,2.059531e+01,2.063682e+01,2.071287e+01,2.062299e+01,2.067139e+01,2.073360e+01,2.062990e+01,2.058840e+01,2.070596e+01,2.060915e+01,2.062990e+01,2.069213e+01,2.069213e+01,2.061607e+01,2.047070e+01,2.072669e+01,2.064374e+01,2.069213e+01,2.076123e+01,2.072669e+01,2.071978e+01,2.069213e+01,2.062990e+01,2.067139e+01,2.074051e+01,2.059531e+01,2.078886e+01,2.065065e+01,2.076814e+01,2.074742e+01,2.072669e+01,2.069905e+01,2.071978e+01,2.070596e+01,2.067831e+01,2.069213e+01,2.083719e+01,2.069213e+01,2.087169e+01,2.071978e+01,2.068522e+01,2.070596e+01,2.071287e+01,2.067831e+01,2.064374e+01,2.074742e+01,2.065757e+01,2.065065e+01,2.071287e+01,2.069213e+01,2.073360e+01,2.069905e+01,2.076123e+01,2.074742e+01,2.073360e+01,2.073360e+01,2.076814e+01,2.080267e+01,2.114732e+01,2.127798e+01,2.177159e+01,2.181945e+01,2.236487e+01,2.278557e+01,2.329221e+01,2.386340e+01,2.413779e+01,2.415784e+01,2.430475e+01,2.443813e+01,2.431810e+01,2.410437e+01,2.383659e+01,2.374941e+01,2.331915e+01,2.308310e+01,2.281943e+01,2.257544e+01,2.241925e+01,2.210616e+01,2.202432e+01,2.182629e+01,2.151823e+01,2.149766e+01,2.156621e+01,2.121611e+01,2.113355e+01,2.104405e+01,2.090619e+01,2.081648e+01,2.080267e+01,2.067831e+01,2.067139e+01,2.048455e+01,2.062299e+01,2.080957e+01,2.080267e+01,2.095446e+01,2.105094e+01,2.114044e+01,2.120923e+01,2.133294e+01,2.131920e+01,2.121611e+01,2.127110e+01,2.122986e+01,2.119548e+01,2.127798e+01,2.107848e+01,2.108537e+01,2.096135e+01,2.110602e+01,2.110602e+01,2.098893e+01,2.103027e+01,2.100960e+01,2.106471e+01,2.100960e+01,2.109225e+01,2.098203e+01,2.081648e+01,2.103716e+01,2.099582e+01,2.089239e+01,2.095446e+01,2.094067e+01,2.093377e+01,2.097514e+01,2.086479e+01,2.091308e+01,2.098203e+01,2.092688e+01,2.098203e+01,2.096135e+01,2.094757e+01,2.100960e+01,2.093377e+01,2.093377e+01,2.091998e+01,2.098203e+01,2.095446e+01,2.092688e+01,2.094067e+01,2.097514e+01,2.099582e+01,2.099582e+01,2.099582e+01,2.105094e+01,2.090619e+01,2.097514e+01,2.094757e+01,2.107160e+01,2.096135e+01,2.111979e+01,2.108537e+01,2.117484e+01,2.109225e+01,2.113355e+01,2.111291e+01,2.103027e+01,2.116796e+01,2.104405e+01,2.117484e+01,2.096825e+01,2.110602e+01,2.108537e+01,2.096825e+01,2.104405e+01,2.103716e+01,2.103716e+01,2.100271e+01,2.108537e+01,2.090619e+01,2.106471e+01,2.096825e+01,2.106471e+01,2.099582e+01,2.112667e+01,2.099582e+01,2.109225e+01,2.103716e+01,2.111291e+01,2.109914e+01,2.120923e+01,2.115420e+01,2.110602e+01,2.114044e+01,2.114044e+01,2.105782e+01,2.109225e+01,2.099582e+01,2.101649e+01,2.107160e+01,2.106471e+01,2.111291e+01,2.103716e+01,2.112667e+01,2.107848e+01,2.109225e+01,2.107160e+01,2.112667e+01,2.111291e+01,2.111979e+01,2.111291e+01,2.111979e+01,2.108537e+01,2.125048e+01,2.107848e+01,2.106471e+01,2.111291e+01,2.111291e+01,2.104405e+01,2.109225e+01,2.109225e+01,2.109914e+01,2.107848e+01,2.107848e+01,2.108537e+01,2.112667e+01,2.118172e+01,2.122986e+01,2.111979e+01,2.115420e+01,2.115420e+01,2.115420e+01,2.094757e+01,2.109225e+01,2.107160e+01,2.127798e+01,2.108537e+01,2.115420e+01,2.118172e+01,2.107848e+01,2.110602e+01
2.107160e+01,2.106471e+01,2.113355e+01,2.111291e+01,2.115420e+01,2.118172e+01,2.105782e+01,2.109914e+01,2.116796e+01,2.116108e+01,2.118860e+01,2.111979e+01,2.109914e+01,2.111291e+01,2.118860e+01,2.118860e+01,2.119548e+01,2.118172e+01,2.117484e+01,2.114044e+01,2.107160e+01,2.118860e+01,2.112667e+01,2.109914e+01,2.105094e+01,2.109225e+01,2.105782e+01,2.107160e+01,2.104405e+01,2.103716e+01,2.094757e+01,2.108537e+01,2.107848e+01,2.106471e+01,2.103027e+01,2.102338e+01,2.105094e+01,2.103027e+01,2.100960e+01,2.099582e+01,2.104405e+01,2.103027e+01,2.100960e+01,2.098203e+01,2.100271e+01,2.096825e+01,2.096825e+01,2.097514e+01,2.097514e+01,2.098893e+01,2.098203e+01,2.101649e+01,2.103027e+01,2.094757e+01,2.107160e+01,2.101649e+01,2.091308e+01,2.099582e+01,2.105094e+01,2.103716e+01,2.104405e+01,2.103027e+01,2.107160e+01,2.108537e+01,2.113355e+01,2.107160e+01,2.105782e+01,2.106471e+01,2.109914e+01,2.098203e+01,2.101649e+01,2.114732e+01,2.107848e+01,2.111979e+01,2.109914e+01,2.112667e+01,2.113355e+01,2.118860e+01,2.115420e+01,2.120235e+01,2.116108e+01,2.109225e+01,2.109914e+01,2.125736e+01,2.111291e+01,2.111291e+01,2.116108e+01,2.119548e+01,2.120235e+01,2.116796e+01,2.126423e+01,2.122986e+01,2.118172e+01,2.116796e+01,2.119548e+01,2.127798e+01,2.118172e+01,2.122298e+01,2.123674e+01,2.119548e+01,2.121611e+01,2.125048e+01,2.125736e+01,2.109225e+01,2.127798e+01,2.116796e+01,2.128485e+01,2.116796e+01,2.125048e+01,2.129859e+01,2.124361e+01,2.120235e+01,2.117484e+01,2.123674e+01,2.127110e+01,2.126423e+01,2.131920e+01,2.122986e+01,2.129172e+01,2.118860e+01,2.119548e+01,2.120235e+01,2.125736e+01,2.129859e+01,2.124361e+01,2.120923e+01,2.121611e+01,2.124361e+01,2.123674e+01,2.120235e+01,2.104405e+01,2.105782e+01,2.095446e+01,2.078886e+01,2.033205e+01,2.015153e+01,1.999852e+01,1.997068e+01,1.992890e+01,1.991496e+01,1.987316e+01,1.987316e+01,1.984528e+01,1.990103e+01,1.989407e+01,1.993586e+01,1.983831e+01,1.974764e+01,1.978950e+01,1.976858e+01,1.966388e+01,1.977555e+01,1.983831e+01,1.978253e+01,1.969181e+01,1.969181e+01,1.978253e+01,1.979647e+01,1.979647e+01,1.978950e+01,1.983134e+01,1.978950e+01,1.979647e+01,1.964991e+01,1.966388e+01,1.977555e+01,1.994979e+01,1.979647e+01,1.974764e+01,1.978253e+01,1.971973e+01,1.974067e+01,1.989407e+01,1.974067e+01,1.971275e+01,1.969879e+01,1.967086e+01,1.988710e+01,1.992890e+01,1.988710e+01,1.992193e+01,1.992193e+01,1.994979e+01,1.983134e+01,1.985225e+01,1.981042e+01,1.983831e+01,1.987316e+01,1.991496e+01,2.005419e+01,2.014458e+01,2.032512e+01,2.057456e+01,2.077505e+01,2.091308e+01,2.065065e+01,2.015153e+01,1.969879e+01,1.958004e+01,1.961498e+01,1.954509e+01,1.953111e+01,1.958004e+01,1.959402e+01,1.960800e+01,1.960800e+01,1.962896e+01,1.955208e+01,1.962896e+01,1.952411e+01,1.955907e+01,1.958703e+01,1.961498e+01,1.974067e+01,1.976160e+01,1.973369e+01,1.958703e+01,1.964293e+01,1.971275e+01,1.964991e+01,1.966388e+01,1.974067e+01,1.968483e+01,1.964991e+01,1.960800e+01,1.962896e+01,1.958004e+01,1.955907e+01,1.958004e+01,1.958004e+01,1.957305e+01,1.957305e+01,1.962896e+01,1.960101e+01,1.954509e+01,1.965689e+01,1.962197e+01,1.968483e+01,1.966388e+01,1.973369e+01,1.974764e+01,1.975462e+01,1.976858e+01,1.974764e+01,1.978950e+01,1.973369e+01,1.975462e+01,1.975462e+01,1.970577e+01,1.977555e+01,1.978253e+01,1.962896e+01,1.969879e+01,1.972671e+01,1.972671e+01,1.971973e+01,1.978950e+01,1.976160e+01,1.975462e+01,2.001940e+01,2.012372e+01,2.011677e+01,2.008896e+01,2.004723e+01,2.011677e+01,2.000548e+01,2.004723e+01,2.006114e+01,2.009591e+01,2.029736e+01,2.047762e+01,2.039447e+01,2.038060e+01,2.051225e+01,2.041526e+01,2.049148e+01,2.044298e+01,2.050533e+01,2.041526e+01,2.044298e+01,2.051918e+01,2.043605e+01,2.042219e+01,2.040833e+01,2.047762e+01,2.048455e+01,2.040140e+01,2.052610e+01,2.043605e+01,2.051225e+01,2.045684e+01,2.042912e+01,2.047070e+01,2.046377e+01,2.048455e+01,2.056071e+01,2.050533e+01,2.044991e+01,2.044991e+01,2.043605e+01,2.046377e+01,2.036673e+01,2.052610e+01,2.044991e+01,2.052610e+01,2.050533e+01,2.052610e+01,2.039447e+01,2.055379e+01,2.049840e+01,2.051225e+01,2.049840e+01,2.055379e+01,2.049840e+01,2.047762e+01,2.040140e+01,2.038753e+01,2.046377e+01,2.049148e+01,2.054687e+01,2.051918e+01,2.049840e+01,2.050533e+01,2.042219e+01,2.051225e+01,2.051225e+01,2.047070e+01,2.043605e+01,2.047762e+01,2.043605e+01,2.057456e+01,2.042219e+01,2.031818e+01,2.024183e+01,2.038060e+01,2.038060e+01,2.025571e+01,2.019321e+01,2.021405e+01,2.009591e+01,2.004027e+01,1.999156e+01,2.008201e+01,1.994979e+01,1.995675e+01,1.994283e+01,1.990103e+01,1.985922e+01,1.997068e+01,2.000548e+01,1.993586e+01,2.002636e+01,2.008896e+01,2.022100e+01,2.024183e+01,2.030430e+01,2.040833e+01,2.040833e+01,2.041526e+01,2.035286e+01,2.033899e+01,2.035286e+01,2.041526e+01,2.042912e+01,2.038753e+01,2.042912e+01,2.038060e+01,2.040140e+01,2.044991e+01,2.039447e+01,2.042912e+01,2.048455e+01,2.048455e+01,2.050533e+01,2.054687e+01,2.053303e+01,2.047762e+01,2.041526e+01,2.047762e+01,2.051225e+01,2.053995e+01,2.055379e+01,2.055379e+01,2.048455e+01,2.054687e+01,2.052610e+01,2.059531e+01,2.047070e+01,2.047070e+01,2.056763e+01,2.049148e+01,2.055379e+01,2.051918e+01,2.062990e+01,2.051918e+01,2.062299e+01,2.061607e+01,2.051225e+01,2.051918e+01,2.055379e+01,2.062990e+01,2.062299e+01,2.054687e+01,2.061607e+01,2.053995e+01,2.065065e+01,2.060915e+01,2.062299e+01,2.063682e+01,2.064374e+01,2.062990e+01,2.060223e+01,2.075432e+01,2.073360e+01,2.062990e+01,2.057456e+01,2.059531e+01,2.065757e+01,2.067139e+01,2.074742e+01,2.069905e+01,2.077505e+01,2.068522e+01,2.077505e+01,2.069213e+01,2.069905e+01,2.065757e+01,2.067139e+01,2.067831e+01,2.071978e+01,2.077505e+01,2.077505e+01,2.076123e+01,2.076123e+01,2.071978e+01,2.073360e+01,2.070596e+01,2.063682e+01,2.077505e+01,2.074051e+01,2.079576e+01,2.067139e+01,2.069213e+01,2.068522e+01,2.071287e+01,2.091308e+01,2.070596e+01,2.069905e+01,2.072669e+01,2.065065e+01,2.065065e+01,2.067831e+01,2.071287e+01,2.071287e+01,2.066448e+01,2.073360e+01,2.071978e+01,2.069905e+01,2.069213e+01,2.069213e+01,2.075432e+01,2.074742e+01,2.083719e+01,2.096135e+01,2.094067e+01,2.130546e+01,2.149080e+01,2.180578e+01,2.224921e+01,2.279235e+01,2.325851e+01,2.355467e+01,2.392369e+01,2.407093e+01,2.413779e+01,2.413779e+01,2.414448e+01,2.403749e+01,2.372257e+01,2.346726e+01,2.321806e+01,2.283974e+01,2.256865e+01,2.248719e+01,2.214024e+01,2.190828e+01,2.183996e+01,2.166211e+01,2.162787e+01,2.144278e+01,2.144278e+01,2.124361e+01,2.098203e+01,2.098893e+01,2.074742e+01,2.069905e+01,2.062990e+01,2.072669e+01,2.060223e+01,2.043605e+01,2.049148e+01,2.060915e+01,2.089929e+01,2.091308e+01,2.096135e+01,2.116108e+01,2.123674e+01,2.113355e+01,2.120235e+01,2.112667e+01,2.122986e+01,2.117484e+01,2.106471e+01,2.113355e+01,2.106471e+01,2.107848e+01,2.109225e+01,2.098203e+01,2.094067e+01,2.097514e+01,2.099582e+01,2.096825e+01,2.094757e+01,2.094757e+01,2.092688e+01,2.103027e+01,2.096825e+01,2.085099e+01,2.095446e+01,2.094757e+01,2.085099e+01,2.102338e+01,2.098203e+01,2.096135e+01,2.096825e+01,2.091308e+01,2.090619e+01,2.094067e+01,2.085789e+01,2.096825e+01,2.100960e+01,2.094067e+01,2.093377e+01,2.109225e+01,2.091308e+01,2.091998e+01,2.097514e+01,2.091998e+01,2.088549e+01,2.097514e+01,2.091998e+01,2.101649e+01,2.095446e+01,2.101649e+01,2.105782e+01,2.098203e+01,2.102338e+01,2.116796e+01,2.114732e+01,2.117484e+01,2.111291e+01,2.107848e+01,2.110602e+01,2.103716e+01,2.118860e+01,2.117484e+01,2.109914e+01,2.118172e+01,2.096135e+01,2.105094e+01,2.103716e+01,2.099582e+01,2.099582e+01,2.113355e+01,2.102338e+01,2.107848e+01,2.108537e+01,2.114044e+01,2.111291e+01,2.107160e+01,2.096135e+01,2.096825e+01,2.109225e+01,2.103027e+01,2.113355e+01,2.107160e+01,2.107160e+01,2.111291e+01,2.108537e+01,2.110602e+01,2.114044e+01,2.107848e+01,2.105094e+01,2.114732e+01,2.107160e+01,2.109914e+01,2.109914e+01,2.107848e+01,2.111979e+01,2.111291e+01,2.108537e+01,2.109225e+01,2.107848e+01,2.106471e+01,2.109225e+01,2.107160e+01,2.111979e+01,2.106471e+01,2.115420e+01,2.114044e+01,2.110602e+01,2.108537e+01,2.125048e+01,2.126423e+01,2.100960e+01,2.104405e+01,2.107160e+01,2.105094e+01,2.112667e+01,2.105782e+01,2.117484e+01,2.111291e+01,2.107160e+01,2.109914e+01,2.107848e+01,2.108537e+01,2.113355e+01,2.108537e+01,2.113355e+01,2.114044e+01,2.114732e+01,2.103716e+01,2.110602e+01,2.111291e+01,2.113355e+01,2.107848e+01,2.109914e+01,2.103716e+01,2.103716e+01,2.105094e+01
2.104405e+01,2.116796e+01,2.105782e+01,2.109914e+01,2.098893e+01,2.114732e+01,2.103027e+01,2.109914e+01,2.109914e+01,2.099582e+01,2.111291e+01,2.124361e+01,2.118860e+01,2.116796e+01,2.118172e+01,2.118172e+01,2.114044e+01,2.114044e+01,2.112667e+01,2.107160e+01,2.105782e+01,2.112667e+01,2.106471e+01,2.109225e+01,2.103027e+01,2.108537e+01,2.104405e+01,2.099582e+01,2.099582e+01,2.091308e+01,2.089929e+01,2.103027e+01,2.107160e+01,2.111979e+01,2.105782e+01,2.102338e+01,2.100271e+01,2.098893e+01,2.098893e+01,2.098893e+01,2.103716e+01,2.100960e+01,2.095446e+01,2.098203e+01,2.096825e+01,2.099582e+01,2.100960e+01,2.091998e+01,2.100271e+01,2.103716e+01,2.095446e+01,2.105782e+01,2.097514e+01,2.096825e+01,2.096825e+01,2.104405e+01,2.103027e+01,2.107160e+01,2.105094e+01,2.104405e+01,2.105782e+01,2.098203e+01,2.107160e+01,2.105094e+01,2.100960e+01,2.115420e+01,2.094067e+01,2.098893e+01,2.105782e+01,2.100960e+01,2.108537e+01,2.110602e+01,2.102338e+01,2.113355e+01,2.112667e+01,2.118172e+01,2.110602e+01,2.107160e+01,2.111979e+01,2.117484e+01,2.118172e+01,2.116796e+01,2.120235e+01,2.111979e+01,2.127798e+01,2.121611e+01,2.117484e+01,2.118860e+01,2.119548e+01,2.122298e+01,2.122298e+01,2.122298e+01,2.117484e+01,2.125048e+01,2.127110e+01,2.127110e+01,2.117484e+01,2.124361e+01,2.115420e+01,2.120235e+01,2.122298e+01,2.110602e+01,2.115420e+01,2.118172e+01,2.120923e+01,2.116796e+01,2.120923e+01,2.116796e+01,2.122298e+01,2.115420e+01,2.125736e+01,2.119548e+01,2.129859e+01,2.124361e+01,2.116796e+01,2.125048e+01,2.126423e+01,2.118860e+01,2.116108e+01,2.123674e+01,2.121611e+01,2.123674e+01,2.116796e+01,2.119548e+01,2.124361e+01,2.127110e+01,2.125048e+01,2.129172e+01,2.129859e+01,2.121611e+01,2.103027e+01,2.089239e+01,2.068522e+01,2.051918e+01,2.021405e+01,2.000548e+01,2.001940e+01,1.999156e+01,2.001244e+01,1.993586e+01,1.986619e+01,1.977555e+01,1.988710e+01,1.992193e+01,1.981042e+01,1.982437e+01,1.997068e+01,1.985225e+01,1.989407e+01,1.983134e+01,1.984528e+01,1.985225e+01,1.981042e+01,1.967086e+01,1.974067e+01,1.974764e+01,1.967785e+01,1.972671e+01,1.976858e+01,1.976858e+01,1.975462e+01,1.979647e+01,1.983831e+01,1.994283e+01,1.966388e+01,1.981740e+01,1.992193e+01,1.975462e+01,1.981042e+01,1.978253e+01,1.980345e+01,1.985922e+01,1.975462e+01,1.981042e+01,1.987316e+01,1.977555e+01,1.996371e+01,1.995675e+01,1.995675e+01,2.017932e+01,2.026960e+01,2.032512e+01,2.030430e+01,2.029736e+01,2.018627e+01,2.029736e+01,2.020711e+01,2.018627e+01,2.035980e+01,2.058148e+01,2.068522e+01,2.083028e+01,2.117484e+01,2.129859e+01,2.133981e+01,2.062990e+01,2.030430e+01,1.974764e+01,1.958004e+01,1.962197e+01,1.957305e+01,1.957305e+01,1.946815e+01,1.958004e+01,1.961498e+01,1.962896e+01,1.955907e+01,1.957305e+01,1.953810e+01,1.951712e+01,1.953810e+01,1.955907e+01,1.960800e+01,1.961498e+01,1.958004e+01,1.955208e+01,1.969879e+01,1.966388e+01,1.975462e+01,1.969181e+01,1.963594e+01,1.962197e+01,1.963594e+01,1.964293e+01,1.960101e+01,1.967785e+01,1.971973e+01,1.959402e+01,1.959402e+01,1.967086e+01,1.957305e+01,1.962896e+01,1.962197e+01,1.961498e+01,1.955907e+01,1.967785e+01,1.962197e+01,1.966388e+01,1.967086e+01,1.972671e+01,1.966388e+01,1.974067e+01,1.974764e+01,1.974764e+01,1.976858e+01,1.974067e+01,1.964293e+01,1.968483e+01,1.975462e+01,1.966388e+01,1.971275e+01,1.964991e+01,1.967785e+01,1.980345e+01,1.969181e+01,1.968483e+01,1.980345e+01,1.993586e+01,2.001940e+01,2.019321e+01,2.028348e+01,2.019321e+01,2.014458e+01,2.017932e+01,2.013763e+01,2.015153e+01,2.012372e+01,2.006810e+01,2.033899e+01,2.041526e+01,2.054687e+01,2.047070e+01,2.051918e+01,2.048455e+01,2.040833e+01,2.048455e+01,2.050533e+01,2.047070e+01,2.036673e+01,2.042219e+01,2.039447e+01,2.041526e+01,2.039447e+01,2.044298e+01,2.044298e+01,2.044298e+01,2.047762e+01,2.042912e+01,2.043605e+01,2.055379e+01,2.046377e+01,2.043605e+01,2.062299e+01,2.049148e+01,2.051918e+01,2.047762e+01,2.041526e+01,2.054687e+01,2.047070e+01,2.044298e+01,2.046377e+01,2.044298e+01,2.047070e+01,2.045684e+01,2.044298e+01,2.048455e+01,2.050533e+01,2.038753e+01,2.055379e+01,2.045684e+01,2.045684e+01,2.057456e+01,2.050533e+01,2.042912e+01,2.047762e+01,2.044991e+01,2.056763e+01,2.053303e+01,2.048455e+01,2.050533e+01,2.049840e+01,2.049840e+01,2.051918e+01,2.051225e+01,2.050533e+01,2.038753e+01,2.037366e+01,2.045684e+01,2.048455e+01,2.034592e+01,2.035980e+01,2.042219e+01,2.036673e+01,2.035980e+01,2.029736e+01,2.029042e+01,2.025571e+01,2.013763e+01,2.009591e+01,2.017932e+01,1.998460e+01,1.992890e+01,2.003332e+01,1.985922e+01,1.988710e+01,1.990800e+01,1.983134e+01,1.981042e+01,1.991496e+01,1.983134e+01,1.991496e+01,2.001940e+01,2.004027e+01,2.011677e+01,2.015153e+01,2.033205e+01,2.035980e+01,2.036673e+01,2.038060e+01,2.037366e+01,2.039447e+01,2.042912e+01,2.041526e+01,2.044991e+01,2.042219e+01,2.043605e+01,2.039447e+01,2.038753e+01,2.042219e+01,2.033899e+01,2.039447e+01,2.041526e+01,2.031818e+01,2.047762e+01,2.051918e+01,2.048455e+01,2.045684e+01,2.041526e+01,2.042219e+01,2.040140e+01,2.046377e+01,2.046377e+01,2.051918e+01,2.055379e+01,2.045684e+01,2.047070e+01,2.047762e+01,2.050533e+01,2.055379e+01,2.053303e+01,2.052610e+01,2.055379e+01,2.057456e+01,2.051918e+01,2.047762e+01,2.051918e+01,2.060223e+01,2.050533e+01,2.053303e+01,2.057456e+01,2.057456e+01,2.051918e+01,2.058148e+01,2.062990e+01,2.062990e+01,2.057456e+01,2.058148e+01,2.060915e+01,2.057456e+01,2.058840e+01,2.056071e+01,2.059531e+01,2.057456e+01,2.060915e+01,2.035286e+01,2.062299e+01,2.062990e+01,2.062990e+01,2.062990e+01,2.062990e+01,2.062990e+01,2.060915e+01,2.067139e+01,2.062299e+01,2.078195e+01,2.078195e+01,2.071978e+01,2.069905e+01,2.066448e+01,2.078886e+01,2.059531e+01,2.077505e+01,2.069213e+01,2.078195e+01,2.083719e+01,2.076814e+01,2.075432e+01,2.075432e+01,2.065065e+01,2.071978e+01,2.068522e+01,2.069213e+01,2.075432e+01,2.071287e+01,2.069905e+01,2.067831e+01,2.076123e+01,2.071978e+01,2.067831e+01,2.065065e+01,2.065065e+01,2.067139e+01,2.065757e+01,2.066448e+01,2.076123e+01,2.074051e+01,2.074051e+01,2.076814e+01,2.074742e+01,2.074051e+01,2.074742e+01,2.069905e+01,2.076123e+01,2.090619e+01,2.090619e+01,2.121611e+01,2.138101e+01,2.182629e+01,2.224921e+01,2.277203e+01,2.313035e+01,2.327873e+01,2.352106e+01,2.381648e+01,2.390360e+01,2.388350e+01,2.389690e+01,2.348071e+01,2.346726e+01,2.319782e+01,2.305609e+01,2.257544e+01,2.240566e+01,2.208571e+01,2.186046e+01,2.173739e+01,2.157306e+01,2.148394e+01,2.129859e+01,2.140161e+01,2.103027e+01,2.105094e+01,2.089239e+01,2.087859e+01,2.065065e+01,2.047762e+01,2.044991e+01,2.042912e+01,2.040140e+01,2.051225e+01,2.045684e+01,2.062299e+01,2.075432e+01,2.078886e+01,2.106471e+01,2.101649e+01,2.113355e+01,2.114044e+01,2.120235e+01,2.113355e+01,2.128485e+01,2.119548e+01,2.125048e+01,2.104405e+01,2.109225e+01,2.101649e+01,2.112667e+01,2.101649e+01,2.106471e+01,2.098203e+01,2.100960e+01,2.095446e+01,2.100960e+01,2.105094e+01,2.093377e+01,2.096135e+01,2.096825e+01,2.087859e+01,2.086479e+01,2.089239e+01,2.094067e+01,2.089929e+01,2.090619e+01,2.103716e+01,2.091998e+01,2.091998e+01,2.097514e+01,2.109914e+01,2.090619e+01,2.093377e+01,2.091998e+01,2.105782e+01,2.087859e+01,2.105782e+01,2.104405e+01,2.098203e+01,2.103027e+01,2.097514e+01,2.087169e+01,2.095446e+01,2.085789e+01,2.097514e+01,2.097514e+01,2.101649e+01,2.097514e+01,2.098203e+01,2.087859e+01,2.091998e+01,2.099582e+01,2.104405e+01,2.107160e+01,2.096135e+01,2.102338e+01,2.108537e+01,2.108537e+01,2.098893e+01,2.098203e+01,2.104405e+01,2.108537e+01,2.106471e+01,2.109914e+01,2.107160e+01,2.103027e+01,2.103716e+01,2.114732e+01,2.106471e+01,2.102338e+01,2.103716e+01,2.104405e+01,2.103716e+01,2.101649e+01,2.105094e+01,2.102338e+01,2.104405e+01,2.100271e+01,2.115420e+01,2.110602e+01,2.113355e+01,2.114732e+01,2.107848e+01,2.102338e+01,2.103027e+01,2.111291e+01,2.109914e+01,2.105094e+01,2.108537e+01,2.104405e+01,2.103716e+01,2.098893e+01,2.107848e+01,2.103716e+01,2.110602e+01,2.088549e+01,2.085789e+01,2.105782e+01,2.112667e+01,2.116796e+01,2.114732e+01,2.114044e+01,2.117484e+01,2.105782e+01,2.107160e+01,2.116108e+01,2.110602e+01,2.106471e+01,2.105782e+01,2.109914e+01,2.108537e+01,2.111291e+01,2.104405e+01,2.103027e+01,2.109225e+01,2.109914e+01,2.116108e+01,2.107848e+01,2.105782e+01,2.116108e+01,2.105782e+01,2.111979e+01,2.114732e+01,2.109225e+01,2.109914e+01,2.113355e+01,2.107848e+01,2.110602e+01,2.115420e+01,2.103027e+01,2.109914e+01,2.106471e+01,2.114044e+01
2.116108e+01,2.101649e+01,2.110602e+01,2.110602e+01,2.111291e+01,2.106471e+01,2.112667e+01,2.114044e+01,2.116108e+01,2.110602e+01,2.112667e+01,2.118172e+01,2.119548e+01,2.115420e+01,2.118172e+01,2.116796e+01,2.116108e+01,2.114044e+01,2.107848e+01,2.111979e+01,2.109914e+01,2.106471e+01,2.108537e+01,2.103027e+01,2.107160e+01,2.105094e+01,2.107160e+01,2.102338e+01,2.106471e+01,2.107160e+01,2.103716e+01,2.094067e+01,2.088549e+01,2.105094e+01,2.101649e+01,2.103716e+01,2.104405e+01,2.099582e+01,2.098203e+01,2.096825e+01,2.091998e+01,2.092688e+01,2.095446e+01,2.096135e+01,2.085789e+01,2.104405e+01,2.091308e+01,2.104405e+01,2.085789e+01,2.116796e+01,2.107848e+01,2.096825e+01,2.102338e+01,2.103716e+01,2.100960e+01,2.096135e+01,2.099582e+01,2.109914e+01,2.096825e+01,2.104405e+01,2.101649e+01,2.116108e+01,2.105094e+01,2.093377e+01,2.108537e+01,2.107160e+01,2.115420e+01,2.103027e+01,2.109914e+01,2.105782e+01,2.116108e+01,2.112667e+01,2.099582e+01,2.122986e+01,2.117484e+01,2.115420e+01,2.114732e+01,2.113355e+01,2.111291e+01,2.113355e+01,2.117484e+01,2.114044e+01,2.115420e+01,2.112667e+01,2.112667e+01,2.116796e+01,2.114732e+01,2.117484e+01,2.117484e+01,2.116108e+01,2.116796e+01,2.136728e+01,2.128485e+01,2.116108e+01,2.115420e+01,2.117484e+01,2.122298e+01,2.118172e+01,2.118860e+01,2.116796e+01,2.118860e+01,2.139474e+01,2.120923e+01,2.131233e+01,2.120235e+01,2.119548e+01,2.116108e+01,2.125736e+01,2.127110e+01,2.118172e+01,2.140847e+01,2.126423e+01,2.128485e+01,2.125736e+01,2.124361e+01,2.128485e+01,2.129859e+01,2.119548e+01,2.122986e+01,2.120923e+01,2.122986e+01,2.121611e+01,2.114732e+01,2.127110e+01,2.123674e+01,2.121611e+01,2.125736e+01,2.118172e+01,2.123674e+01,2.095446e+01,2.091998e+01,2.078195e+01,2.054687e+01,2.049840e+01,2.026266e+01,2.004723e+01,2.003332e+01,2.003332e+01,1.992193e+01,1.991496e+01,1.989407e+01,1.992890e+01,1.994283e+01,1.990103e+01,1.990800e+01,1.977555e+01,1.983134e+01,1.987316e+01,1.983134e+01,1.980345e+01,1.989407e+01,1.992890e+01,1.978950e+01,1.976160e+01,1.971275e+01,1.983134e+01,1.975462e+01,1.971275e+01,1.981740e+01,1.976858e+01,1.985922e+01,1.986619e+01,1.994283e+01,1.993586e+01,1.994283e+01,1.999156e+01,1.993586e+01,1.999852e+01,2.009591e+01,2.004027e+01,2.012372e+01,1.990800e+01,2.014458e+01,2.014458e+01,2.029736e+01,2.030430e+01,2.022100e+01,2.030430e+01,2.033205e+01,2.031818e+01,2.042912e+01,2.049840e+01,2.052610e+01,2.062299e+01,2.062990e+01,2.058148e+01,2.060223e+01,2.063682e+01,2.085789e+01,2.105782e+01,2.124361e+01,2.143592e+01,2.183312e+01,2.165526e+01,2.159362e+01,2.077505e+01,2.022794e+01,1.974067e+01,1.972671e+01,1.970577e+01,1.952411e+01,1.954509e+01,1.955208e+01,1.962197e+01,1.956606e+01,1.955907e+01,1.960101e+01,1.966388e+01,1.952411e+01,1.958004e+01,1.954509e+01,1.950313e+01,1.953810e+01,1.953810e+01,1.965689e+01,1.958004e+01,1.964991e+01,1.963594e+01,1.967785e+01,1.964293e+01,1.960101e+01,1.961498e+01,1.960101e+01,1.962197e+01,1.958004e+01,1.955208e+01,1.956606e+01,1.956606e+01,1.958703e+01,1.960101e+01,1.958004e+01,1.960101e+01,1.969879e+01,1.965689e+01,1.967086e+01,1.967086e+01,1.962896e+01,1.965689e+01,1.964293e+01,1.965689e+01,1.967086e+01,1.972671e+01,1.971973e+01,1.966388e+01,1.967086e+01,1.981042e+01,1.984528e+01,1.974764e+01,1.973369e+01,1.973369e+01,1.967086e+01,1.973369e+01,1.976160e+01,1.976858e+01,1.976160e+01,1.983831e+01,1.974764e+01,2.007505e+01,2.011677e+01,2.024183e+01,2.042912e+01,2.054687e+01,2.045684e+01,2.019321e+01,2.047070e+01,2.036673e+01,2.037366e+01,2.031818e+01,2.037366e+01,2.038753e+01,2.045684e+01,2.053303e+01,2.044991e+01,2.049148e+01,2.039447e+01,2.049148e+01,2.040140e+01,2.040140e+01,2.042912e+01,2.038753e+01,2.038753e+01,2.058148e+01,2.041526e+01,2.034592e+01,2.034592e+01,2.033205e+01,2.044298e+01,2.036673e+01,2.044991e+01,2.037366e+01,2.047070e+01,2.052610e+01,2.043605e+01,2.044991e+01,2.047762e+01,2.047070e+01,2.045684e+01,2.051918e+01,2.050533e+01,2.051918e+01,2.047070e+01,2.050533e+01,2.049148e+01,2.046377e+01,2.053995e+01,2.045684e+01,2.056071e+01,2.057456e+01,2.044298e+01,2.043605e+01,2.040140e+01,2.049148e+01,2.049148e+01,2.053995e+01,2.041526e+01,2.041526e+01,2.041526e+01,2.040140e+01,2.044298e+01,2.037366e+01,2.049148e+01,2.049840e+01,2.047070e+01,2.040833e+01,2.047762e+01,2.040140e+01,2.038753e+01,2.047762e+01,2.049148e+01,2.040140e+01,2.038060e+01,2.037366e+01,2.026960e+01,2.029736e+01,2.035980e+01,2.023489e+01,2.024877e+01,2.021405e+01,2.006114e+01,2.002636e+01,2.000548e+01,1.999156e+01,2.002636e+01,1.990103e+01,1.983831e+01,1.997764e+01,1.980345e+01,1.981042e+01,1.994979e+01,1.995675e+01,2.004027e+01,2.000548e+01,2.010287e+01,2.007505e+01,2.008201e+01,2.020016e+01,2.035286e+01,2.040140e+01,2.036673e+01,2.038060e+01,2.040140e+01,2.046377e+01,2.044298e+01,2.040140e+01,2.037366e+01,2.043605e+01,2.042912e+01,2.035980e+01,2.037366e+01,2.029042e+01,2.015153e+01,2.042912e+01,2.032512e+01,2.045684e+01,2.042912e+01,2.043605e+01,2.043605e+01,2.043605e+01,2.053303e+01,2.047070e+01,2.048455e+01,2.053303e+01,2.042219e+01,2.046377e+01,2.043605e+01,2.056763e+01,2.042219e+01,2.047070e+01,2.048455e+01,2.048455e+01,2.051225e+01,2.049840e+01,2.054687e+01,2.066448e+01,2.051225e+01,2.063682e+01,2.053303e+01,2.056763e+01,2.052610e+01,2.053303e+01,2.049840e+01,2.057456e+01,2.049148e+01,2.049840e+01,2.059531e+01,2.058148e+01,2.062990e+01,2.062299e+01,2.058148e+01,2.061607e+01,2.059531e+01,2.060223e+01,2.060223e+01,2.067139e+01,2.068522e+01,2.063682e+01,2.065065e+01,2.060223e+01,2.068522e+01,2.069213e+01,2.057456e+01,2.069905e+01,2.063682e+01,2.059531e+01,2.073360e+01,2.065757e+01,2.071287e+01,2.076814e+01,2.069905e+01,2.064374e+01,2.066448e+01,2.074051e+01,2.066448e+01,2.078195e+01,2.068522e+01,2.067139e+01,2.066448e+01,2.062299e+01,2.071978e+01,2.071978e+01,2.078886e+01,2.075432e+01,2.070596e+01,2.080957e+01,2.069213e+01,2.068522e+01,2.076814e+01,2.076814e+01,2.086479e+01,2.065757e+01,2.062299e+01,2.059531e+01,2.066448e+01,2.073360e+01,2.065757e+01,2.069905e+01,2.077505e+01,2.074742e+01,2.065757e+01,2.076814e+01,2.075432e+01,2.078886e+01,2.081648e+01,2.087859e+01,2.087859e+01,2.129859e+01,2.138788e+01,2.189462e+01,2.201068e+01,2.244643e+01,2.280589e+01,2.297501e+01,2.321806e+01,2.341343e+01,2.348744e+01,2.358827e+01,2.341343e+01,2.332589e+01,2.305609e+01,2.293444e+01,2.281943e+01,2.241925e+01,2.226282e+01,2.190145e+01,2.179894e+01,2.168264e+01,2.155250e+01,2.122986e+01,2.119548e+01,2.106471e+01,2.103027e+01,2.085789e+01,2.087169e+01,2.062990e+01,2.057456e+01,2.057456e+01,2.049148e+01,2.043605e+01,2.042912e+01,2.044991e+01,2.035286e+01,2.049840e+01,2.062990e+01,2.090619e+01,2.095446e+01,2.105782e+01,2.109914e+01,2.121611e+01,2.125736e+01,2.116108e+01,2.116108e+01,2.107160e+01,2.111291e+01,2.108537e+01,2.107160e+01,2.115420e+01,2.110602e+01,2.107160e+01,2.104405e+01,2.089929e+01,2.099582e+01,2.090619e+01,2.102338e+01,2.094757e+01,2.099582e+01,2.096135e+01,2.105094e+01,2.101649e+01,2.098893e+01,2.100271e+01,2.091308e+01,2.099582e+01,2.091998e+01,2.089929e+01,2.096825e+01,2.094757e+01,2.100271e+01,2.094067e+01,2.091308e+01,2.082338e+01,2.091998e+01,2.085099e+01,2.091308e+01,2.097514e+01,2.095446e+01,2.094067e+01,2.088549e+01,2.089239e+01,2.084409e+01,2.098893e+01,2.105094e+01,2.100960e+01,2.099582e+01,2.088549e+01,2.090619e+01,2.088549e+01,2.097514e+01,2.111291e+01,2.121611e+01,2.103716e+01,2.102338e+01,2.103716e+01,2.113355e+01,2.107160e+01,2.114732e+01,2.112667e+01,2.104405e+01,2.097514e+01,2.105094e+01,2.114732e+01,2.115420e+01,2.108537e+01,2.112667e+01,2.114732e+01,2.102338e+01,2.098203e+01,2.096135e+01,2.101649e+01,2.103027e+01,2.103027e+01,2.102338e+01,2.119548e+01,2.113355e+01,2.106471e+01,2.104405e+01,2.107160e+01,2.108537e+01,2.108537e+01,2.105094e+01,2.107160e+01,2.111979e+01,2.105782e+01,2.114044e+01,2.109914e+01,2.114732e+01,2.100960e+01,2.106471e+01,2.108537e+01,2.106471e+01,2.118172e+01,2.110602e+01,2.101649e+01,2.102338e+01,2.115420e+01,2.104405e+01,2.111979e+01,2.115420e+01,2.115420e+01,2.110602e+01,2.106471e+01,2.109225e+01,2.109225e+01,2.109914e+01,2.108537e+01,2.108537e+01,2.112667e+01,2.109225e+01,2.106471e+01,2.114044e+01,2.109225e+01,2.109225e+01,2.105782e+01,2.103027e+01,2.109914e+01,2.141533e+01,2.111291e+01,2.114044e+01,2.115420e+01,2.112667e+01,2.108537e+01,2.111291e+01,2.100960e+01,2.096825e+01,2.109225e+01,2.111979e+01,2.119548e+01,2.113355e+01,2.116796e+01,2.110602e+01,2.109914e+01
2.111979e+01,2.100960e+01,2.095446e+01,2.116108e+01,2.113355e+01,2.123674e+01,2.111979e+01,2.109914e+01,2.117484e+01,2.107848e+01,2.114044e+01,2.114732e+01,2.117484e+01,2.114732e+01,2.111291e+01,2.122986e+01,2.113355e+01,2.105094e+01,2.103027e+01,2.107160e+01,2.105782e+01,2.108537e+01,2.108537e+01,2.105782e+01,2.103027e+01,2.121611e+01,2.104405e+01,2.112667e+01,2.098203e+01,2.096825e+01,2.094757e+01,2.091998e+01,2.105782e+01,2.103027e+01,2.104405e+01,2.094757e+01,2.101649e+01,2.102338e+01,2.103027e+01,2.094757e+01,2.098203e+01,2.095446e+01,2.096825e+01,2.096135e+01,2.096825e+01,2.090619e+01,2.093377e+01,2.094067e+01,2.093377e+01,2.091308e+01,2.094067e+01,2.098203e+01,2.098893e+01,2.097514e+01,2.105094e+01,2.102338e+01,2.103027e+01,2.104405e+01,2.107848e+01,2.111291e+01,2.103027e+01,2.112667e+01,2.106471e+01,2.099582e+01,2.103027e+01,2.106471e+01,2.114044e+01,2.109225e+01,2.098893e+01,2.108537e+01,2.116796e+01,2.111291e+01,2.100960e+01,2.119548e+01,2.104405e+01,2.119548e+01,2.122298e+01,2.116108e+01,2.111291e+01,2.116796e+01,2.109914e+01,2.116108e+01,2.114044e+01,2.111291e+01,2.129172e+01,2.114044e+01,2.116108e+01,2.117484e+01,2.116796e+01,2.114732e+01,2.116796e+01,2.113355e+01,2.130546e+01,2.117484e+01,2.116108e+01,2.129859e+01,2.134668e+01,2.123674e+01,2.128485e+01,2.118860e+01,2.120235e+01,2.113355e+01,2.114044e+01,2.120235e+01,2.130546e+01,2.121611e+01,2.127798e+01,2.124361e+01,2.126423e+01,2.130546e+01,2.127110e+01,2.127798e+01,2.126423e+01,2.117484e+01,2.124361e+01,2.126423e+01,2.125048e+01,2.129859e+01,2.122986e+01,2.118172e+01,2.116108e+01,2.116108e+01,2.129859e+01,2.115420e+01,2.120235e+01,2.122298e+01,2.122986e+01,2.124361e+01,2.110602e+01,2.105782e+01,2.092688e+01,2.069905e+01,2.068522e+01,2.028348e+01,2.026266e+01,2.008201e+01,2.001940e+01,2.006114e+01,2.012372e+01,1.993586e+01,2.004027e+01,1.992193e+01,1.991496e+01,1.983134e+01,1.987316e+01,1.985225e+01,1.990800e+01,1.985225e+01,1.996371e+01,1.996371e+01,1.988013e+01,1.988710e+01,1.980345e+01,1.981740e+01,1.987316e+01,2.000548e+01,1.992890e+01,1.989407e+01,2.012372e+01,1.990103e+01,2.004027e+01,2.003332e+01,2.001940e+01,2.024183e+01,2.015848e+01,2.031124e+01,2.038060e+01,2.036673e+01,2.022100e+01,2.027654e+01,2.024183e+01,2.024877e+01,2.049840e+01,2.034592e+01,2.047762e+01,2.028348e+01,2.060915e+01,2.054687e+01,2.062299e+01,2.073360e+01,2.072669e+01,2.071978e+01,2.073360e+01,2.091308e+01,2.087859e+01,2.091308e+01,2.093377e+01,2.099582e+01,2.131920e+01,2.153880e+01,2.164157e+01,2.207889e+01,2.222879e+01,2.206525e+01,2.147022e+01,2.093377e+01,2.013068e+01,1.975462e+01,1.957305e+01,1.953111e+01,1.949614e+01,1.951013e+01,1.956606e+01,1.959402e+01,1.959402e+01,1.958703e+01,1.957305e+01,1.958004e+01,1.959402e+01,1.957305e+01,1.966388e+01,1.956606e+01,1.963594e+01,1.962896e+01,1.954509e+01,1.966388e+01,1.960800e+01,1.967785e+01,1.975462e+01,1.961498e+01,1.959402e+01,1.964991e+01,1.964991e+01,1.961498e+01,1.964293e+01,1.957305e+01,1.966388e+01,1.956606e+01,1.962197e+01,1.959402e+01,1.960101e+01,1.963594e+01,1.962197e+01,1.961498e+01,1.967785e+01,1.964991e+01,1.967086e+01,1.965689e+01,1.967086e+01,1.961498e+01,1.971275e+01,1.969879e+01,1.968483e+01,1.964991e+01,1.969181e+01,1.971275e+01,1.948914e+01,1.971275e+01,1.978950e+01,1.974067e+01,1.967785e+01,1.970577e+01,1.969879e+01,1.973369e+01,1.982437e+01,1.976858e+01,1.985225e+01,2.010287e+01,2.020711e+01,2.023489e+01,2.054687e+01,2.047762e+01,2.047070e+01,2.047070e+01,2.042912e+01,2.044298e+01,2.049840e+01,2.039447e+01,2.046377e+01,2.043605e+01,2.053303e+01,2.049148e+01,2.041526e+01,2.035286e+01,2.042912e+01,2.044991e+01,2.037366e+01,2.040833e+01,2.060915e+01,2.042912e+01,2.040833e+01,2.041526e+01,2.041526e+01,2.038060e+01,2.035980e+01,2.045684e+01,2.045684e+01,2.047070e+01,2.044991e+01,2.042219e+01,2.042912e+01,2.045684e+01,2.043605e+01,2.051918e+01,2.043605e+01,2.051225e+01,2.047762e+01,2.038753e+01,2.050533e+01,2.041526e+01,2.043605e+01,2.040140e+01,2.047070e+01,2.049148e+01,2.050533e+01,2.043605e+01,2.048455e+01,2.042219e+01,2.038753e+01,2.043605e+01,2.039447e+01,2.047762e+01,2.037366e+01,2.049840e+01,2.053995e+01,2.044991e+01,2.047762e+01,2.053995e+01,2.049840e+01,2.049840e+01,2.051225e+01,2.052610e+01,2.045684e+01,2.046377e+01,2.045684e+01,2.039447e+01,2.043605e+01,2.038753e+01,2.039447e+01,2.039447e+01,2.038753e+01,2.039447e+01,2.038753e+01,2.040833e+01,2.035980e+01,2.026266e+01,2.021405e+01,2.024183e+01,2.007505e+01,2.020711e+01,2.000548e+01,1.988710e+01,2.011677e+01,1.989407e+01,1.988710e+01,1.983134e+01,1.988013e+01,1.981740e+01,1.986619e+01,1.983134e+01,1.987316e+01,2.005419e+01,2.010982e+01,2.015848e+01,2.013763e+01,2.026960e+01,2.029736e+01,2.040833e+01,2.041526e+01,2.040140e+01,2.042219e+01,2.040833e+01,2.049148e+01,2.047070e+01,2.047070e+01,2.038753e+01,2.039447e+01,2.037366e+01,2.034592e+01,2.038753e+01,2.035286e+01,2.031124e+01,2.038753e+01,2.047762e+01,2.035286e+01,2.053303e+01,2.063682e+01,2.040833e+01,2.042912e+01,2.047070e+01,2.051918e+01,2.046377e+01,2.040140e+01,2.043605e+01,2.044991e+01,2.042912e+01,2.042912e+01,2.050533e+01,2.049148e+01,2.050533e+01,2.048455e+01,2.050533e+01,2.049148e+01,2.051918e+01,2.058148e+01,2.054687e+01,2.056071e+01,2.056763e+01,2.060915e+01,2.054687e+01,2.050533e+01,2.053303e+01,2.049148e+01,2.052610e+01,2.056763e+01,2.058840e+01,2.072669e+01,2.060915e+01,2.058148e+01,2.059531e+01,2.050533e+01,2.057456e+01,2.060223e+01,2.067139e+01,2.053995e+01,2.065065e+01,2.046377e+01,2.059531e+01,2.061607e+01,2.061607e+01,2.064374e+01,2.071287e+01,2.067831e+01,2.069905e+01,2.067831e+01,2.064374e+01,2.066448e+01,2.064374e+01,2.063682e+01,2.065065e+01,2.080957e+01,2.067831e+01,2.067831e+01,2.067831e+01,2.065065e+01,2.069213e+01,2.059531e+01,2.070596e+01,2.069213e+01,2.072669e+01,2.074742e+01,2.071287e+01,2.073360e+01,2.073360e+01,2.074742e+01,2.073360e+01,2.067139e+01,2.066448e+01,2.067139e+01,2.065065e+01,2.077505e+01,2.068522e+01,2.066448e+01,2.073360e+01,2.069213e+01,2.067139e+01,2.071287e+01,2.078886e+01,2.073360e+01,2.072669e+01,2.069905e+01,2.085099e+01,2.080957e+01,2.095446e+01,2.091308e+01,2.110602e+01,2.134668e+01,2.173055e+01,2.196291e+01,2.207889e+01,2.256186e+01,2.277880e+01,2.296825e+01,2.314385e+01,2.346726e+01,2.337977e+01,2.315060e+01,2.305609e+01,2.300204e+01,2.279912e+01,2.250756e+01,2.202432e+01,2.194243e+01,2.175791e+01,2.161417e+01,2.157306e+01,2.131920e+01,2.116108e+01,2.108537e+01,2.100271e+01,2.088549e+01,2.074051e+01,2.067139e+01,2.058840e+01,2.061607e+01,2.054687e+01,2.040833e+01,2.043605e+01,2.035286e+01,2.024183e+01,2.033899e+01,2.036673e+01,2.065065e+01,2.067831e+01,2.069213e+01,2.100960e+01,2.109914e+01,2.111979e+01,2.115420e+01,2.126423e+01,2.119548e+01,2.125736e+01,2.120235e+01,2.109225e+01,2.102338e+01,2.111291e+01,2.106471e+01,2.108537e+01,2.109225e+01,2.098203e+01,2.103716e+01,2.092688e+01,2.102338e+01,2.093377e+01,2.097514e+01,2.091998e+01,2.094757e+01,2.087859e+01,2.085099e+01,2.087859e+01,2.089239e+01,2.089929e+01,2.090619e+01,2.096825e+01,2.090619e+01,2.090619e+01,2.088549e+01,2.092688e+01,2.090619e+01,2.085099e+01,2.094067e+01,2.089239e+01,2.085789e+01,2.089929e+01,2.066448e+01,2.104405e+01,2.097514e+01,2.093377e+01,2.096135e+01,2.098893e+01,2.095446e+01,2.098893e+01,2.099582e+01,2.087169e+01,2.091308e+01,2.114732e+01,2.110602e+01,2.100960e+01,2.105094e+01,2.103716e+01,2.121611e+01,2.122986e+01,2.105094e+01,2.100271e+01,2.101649e+01,2.103027e+01,2.100271e+01,2.103716e+01,2.098203e+01,2.095446e+01,2.101649e+01,2.125736e+01,2.103027e+01,2.099582e+01,2.098893e+01,2.114044e+01,2.109225e+01,2.108537e+01,2.098203e+01,2.102338e+01,2.103027e+01,2.129172e+01,2.105094e+01,2.109225e+01,2.111291e+01,2.105782e+01,2.120923e+01,2.105782e+01,2.105782e+01,2.119548e+01,2.103027e+01,2.105782e+01,2.111979e+01,2.114044e+01,2.101649e+01,2.109225e+01,2.103716e+01,2.084409e+01,2.109225e+01,2.105094e+01,2.099582e+01,2.101649e+01,2.102338e+01,2.111979e+01,2.113355e+01,2.107848e+01,2.112667e+01,2.117484e+01,2.105782e+01,2.117484e+01,2.109914e+01,2.110602e+01,2.131920e+01,2.108537e+01,2.107848e+01,2.106471e+01,2.106471e+01,2.117484e+01,2.116796e+01,2.100271e+01,2.107848e+01,2.109225e+01,2.117484e+01,2.109914e+01,2.113355e+01,2.114732e+01,2.113355e+01,2.111979e+01,2.107160e+01,2.100960e+01,2.111291e+01,2.103027e+01,2.103027e+01,2.114044e+01,2.113355e+01,2.107848e+01,2.111291e+01,2.106471e+01,2.105782e+01,2.098203e+01
2.103716e+01,2.103716e+01,2.112667e+01,2.120923e+01,2.118172e+01,2.109914e+01,2.094757e+01,2.111291e+01,2.129859e+01,2.114732e+01,2.112667e+01,2.127110e+01,2.131920e+01,2.112667e+01,2.113355e+01,2.127798e+01,2.097514e+01,2.113355e+01,2.095446e+01,2.109914e+01,2.107848e+01,2.110602e+01,2.111291e+01,2.105782e+01,2.100271e+01,2.114044e+01,2.103716e+01,2.098203e+01,2.091998e+01,2.092688e+01,2.094067e+01,2.109225e+01,2.104405e+01,2.095446e+01,2.101649e+01,2.103716e+01,2.103716e+01,2.102338e+01,2.100960e+01,2.097514e+01,2.098203e+01,2.116108e+01,2.109225e+01,2.094067e+01,2.093377e+01,2.101649e+01,2.096825e+01,2.099582e+01,2.091308e+01,2.105094e+01,2.111291e+01,2.109914e+01,2.097514e+01,2.109914e+01,2.097514e+01,2.108537e+01,2.107160e+01,2.109914e+01,2.106471e+01,2.106471e+01,2.100960e+01,2.101649e+01,2.117484e+01,2.104405e+01,2.104405e+01,2.111291e+01,2.096825e+01,2.114044e+01,2.104405e+01,2.107848e+01,2.100960e+01,2.113355e+01,2.109225e+01,2.116796e+01,2.116796e+01,2.119548e+01,2.114044e+01,2.118172e+01,2.110602e+01,2.120923e+01,2.119548e+01,2.120235e+01,2.117484e+01,2.117484e+01,2.118172e+01,2.117484e+01,2.114732e+01,2.114044e+01,2.110602e+01,2.125048e+01,2.121611e+01,2.116108e+01,2.115420e+01,2.116796e+01,2.115420e+01,2.122986e+01,2.111291e+01,2.114732e+01,2.119548e+01,2.111979e+01,2.113355e+01,2.113355e+01,2.116108e+01,2.131920e+01,2.131920e+01,2.128485e+01,2.120923e+01,2.138101e+01,2.127110e+01,2.126423e+01,2.130546e+01,2.120235e+01,2.129172e+01,2.125736e+01,2.116796e+01,2.117484e+01,2.120235e+01,2.122986e+01,2.117484e+01,2.129172e+01,2.130546e+01,2.120235e+01,2.123674e+01,2.129172e+01,2.118860e+01,2.123674e+01,2.127110e+01,2.119548e+01,2.107848e+01,2.106471e+01,2.091998e+01,2.070596e+01,2.062990e+01,2.026266e+01,2.004027e+01,1.988710e+01,2.004723e+01,1.983134e+01,2.004027e+01,1.984528e+01,2.000548e+01,1.999156e+01,2.000548e+01,1.997764e+01,1.990103e+01,1.989407e+01,1.986619e+01,2.016542e+01,2.002636e+01,2.010287e+01,1.997764e+01,2.010287e+01,2.008896e+01,2.005419e+01,2.006810e+01,2.016542e+01,2.028348e+01,2.022100e+01,2.019321e+01,2.010982e+01,2.035286e+01,2.051918e+01,2.046377e+01,2.044991e+01,2.035980e+01,2.038060e+01,2.051918e+01,2.050533e+01,2.053303e+01,2.075432e+01,2.059531e+01,2.061607e+01,2.060223e+01,2.074742e+01,2.091308e+01,2.084409e+01,2.092688e+01,2.091308e+01,2.084409e+01,2.095446e+01,2.095446e+01,2.095446e+01,2.102338e+01,2.110602e+01,2.110602e+01,2.119548e+01,2.146336e+01,2.152508e+01,2.166895e+01,2.208571e+01,2.209252e+01,2.247360e+01,2.257544e+01,2.231726e+01,2.151137e+01,2.067139e+01,2.013763e+01,1.966388e+01,1.955907e+01,1.952411e+01,1.953810e+01,1.955208e+01,1.955208e+01,1.954509e+01,1.951712e+01,1.958703e+01,1.960800e+01,1.963594e+01,1.954509e+01,1.960800e+01,1.962896e+01,1.958703e+01,1.960800e+01,1.966388e+01,1.963594e+01,1.978253e+01,1.968483e+01,1.967785e+01,1.961498e+01,1.964991e+01,1.960800e+01,1.973369e+01,1.971973e+01,1.974067e+01,1.965689e+01,1.962896e+01,1.970577e+01,1.960800e+01,1.961498e+01,1.962197e+01,1.971275e+01,1.967785e+01,1.965689e+01,1.967086e+01,1.960101e+01,1.964991e+01,1.967086e+01,1.979647e+01,1.967086e+01,1.984528e+01,1.967086e+01,1.964991e+01,1.984528e+01,1.983831e+01,1.985225e+01,1.975462e+01,1.968483e+01,1.984528e+01,1.969181e+01,1.976160e+01,1.969181e+01,1.964293e+01,1.966388e+01,1.970577e+01,1.970577e+01,1.975462e+01,1.983831e+01,2.003332e+01,2.017237e+01,2.035286e+01,2.056071e+01,2.055379e+01,2.047762e+01,2.067831e+01,2.069905e+01,2.047762e+01,2.046377e+01,2.044991e+01,2.047762e+01,2.051225e+01,2.049840e+01,2.047070e+01,2.051225e+01,2.060915e+01,2.047762e+01,2.051225e+01,2.046377e+01,2.047762e+01,2.045684e+01,2.037366e+01,2.041526e+01,2.040140e+01,2.040140e+01,2.045684e+01,2.039447e+01,2.044991e+01,2.051225e+01,2.040833e+01,2.042219e+01,2.043605e+01,2.035980e+01,2.046377e+01,2.045684e+01,2.043605e+01,2.044298e+01,2.049148e+01,2.049840e+01,2.050533e+01,2.055379e+01,2.056763e+01,2.050533e+01,2.045684e+01,2.046377e+01,2.051918e+01,2.038753e+01,2.043605e+01,2.044991e+01,2.044298e+01,2.044298e+01,2.051918e+01,2.046377e+01,2.051225e+01,2.047762e+01,2.056071e+01,2.042912e+01,2.053995e+01,2.049148e+01,2.051225e+01,2.061607e+01,2.056763e+01,2.060223e+01,2.038753e+01,2.045684e+01,2.041526e+01,2.041526e+01,2.041526e+01,2.041526e+01,2.043605e+01,2.043605e+01,2.042219e+01,2.036673e+01,2.038753e+01,2.029042e+01,2.035980e+01,2.032512e+01,2.027654e+01,2.031124e+01,2.029736e+01,2.017932e+01,2.013068e+01,2.004723e+01,2.003332e+01,1.992193e+01,1.989407e+01,1.988710e+01,1.999852e+01,1.995675e+01,1.981042e+01,2.000548e+01,1.980345e+01,2.005419e+01,1.989407e+01,2.012372e+01,2.013763e+01,2.026960e+01,2.026960e+01,2.026960e+01,2.040140e+01,2.039447e+01,2.029736e+01,2.041526e+01,2.051918e+01,2.042219e+01,2.045684e+01,2.032512e+01,2.038753e+01,2.036673e+01,2.033899e+01,2.034592e+01,2.042219e+01,2.030430e+01,2.039447e+01,2.047070e+01,2.059531e+01,2.046377e+01,2.050533e+01,2.043605e+01,2.043605e+01,2.040140e+01,2.039447e+01,2.049148e+01,2.045684e+01,2.046377e+01,2.042912e+01,2.045684e+01,2.042912e+01,2.056071e+01,2.043605e+01,2.053995e+01,2.056071e+01,2.050533e+01,2.055379e+01,2.056071e+01,2.055379e+01,2.056071e+01,2.056763e+01,2.055379e+01,2.048455e+01,2.053995e+01,2.049148e+01,2.056763e+01,2.053303e+01,2.056071e+01,2.051225e+01,2.058148e+01,2.060915e+01,2.055379e+01,2.052610e+01,2.058148e+01,2.066448e+01,2.060223e+01,2.057456e+01,2.060915e+01,2.053303e+01,2.067831e+01,2.062299e+01,2.067831e+01,2.067831e+01,2.069905e+01,2.060915e+01,2.053303e+01,2.065065e+01,2.072669e+01,2.069213e+01,2.068522e+01,2.068522e+01,2.065757e+01,2.065757e+01,2.062990e+01,2.070596e+01,2.062990e+01,2.073360e+01,2.067831e+01,2.067139e+01,2.071978e+01,2.068522e+01,2.071287e+01,2.080957e+01,2.072669e+01,2.082338e+01,2.071978e+01,2.069905e+01,2.067831e+01,2.067139e+01,2.060915e+01,2.076123e+01,2.066448e+01,2.082338e+01,2.072669e+01,2.074051e+01,2.076123e+01,2.062299e+01,2.076123e+01,2.072669e+01,2.072669e+01,2.064374e+01,2.071287e+01,2.075432e+01,2.074742e+01,2.074051e+01,2.078195e+01,2.071287e+01,2.080267e+01,2.090619e+01,2.093377e+01,2.094757e+01,2.134668e+01,2.136041e+01,2.171002e+01,2.207207e+01,2.244643e+01,2.277203e+01,2.276526e+01,2.288033e+01,2.293444e+01,2.281266e+01,2.276526e+01,2.276526e+01,2.275848e+01,2.248039e+01,2.205843e+01,2.196973e+01,2.186729e+01,2.158677e+01,2.155250e+01,2.126423e+01,2.113355e+01,2.113355e+01,2.089239e+01,2.105782e+01,2.070596e+01,2.075432e+01,2.071978e+01,2.045684e+01,2.055379e+01,2.055379e+01,2.020711e+01,2.037366e+01,2.031124e+01,2.025571e+01,2.007505e+01,2.024183e+01,2.062990e+01,2.067831e+01,2.091308e+01,2.098893e+01,2.100960e+01,2.123674e+01,2.119548e+01,2.119548e+01,2.119548e+01,2.102338e+01,2.111979e+01,2.119548e+01,2.120235e+01,2.109914e+01,2.109914e+01,2.100960e+01,2.092688e+01,2.090619e+01,2.089929e+01,2.092688e+01,2.091308e+01,2.106471e+01,2.096135e+01,2.098203e+01,2.099582e+01,2.110602e+01,2.091308e+01,2.081648e+01,2.091998e+01,2.102338e+01,2.102338e+01,2.093377e+01,2.091308e+01,2.096825e+01,2.091308e+01,2.089239e+01,2.101649e+01,2.089239e+01,2.083028e+01,2.082338e+01,2.093377e+01,2.099582e+01,2.096135e+01,2.091308e+01,2.093377e+01,2.101649e+01,2.092688e+01,2.101649e+01,2.091308e+01,2.098893e+01,2.100271e+01,2.111979e+01,2.094757e+01,2.089239e+01,2.099582e+01,2.098203e+01,2.103716e+01,2.097514e+01,2.098893e+01,2.089929e+01,2.103716e+01,2.101649e+01,2.133981e+01,2.116796e+01,2.105094e+01,2.107160e+01,2.103027e+01,2.103027e+01,2.114732e+01,2.103027e+01,2.099582e+01,2.107160e+01,2.117484e+01,2.104405e+01,2.112667e+01,2.105094e+01,2.107848e+01,2.105094e+01,2.105782e+01,2.107160e+01,2.110602e+01,2.114044e+01,2.115420e+01,2.114044e+01,2.100960e+01,2.100960e+01,2.114044e+01,2.104405e+01,2.096135e+01,2.105094e+01,2.110602e+01,2.111979e+01,2.114044e+01,2.112667e+01,2.113355e+01,2.116796e+01,2.103716e+01,2.109914e+01,2.103027e+01,2.103027e+01,2.102338e+01,2.104405e+01,2.106471e+01,2.098893e+01,2.119548e+01,2.107848e+01,2.105782e+01,2.115420e+01,2.107848e+01,2.107848e+01,2.107160e+01,2.109225e+01,2.109225e+01,2.108537e+01,2.108537e+01,2.106471e+01,2.109225e+01,2.102338e+01,2.105094e+01,2.114044e+01,2.107848e+01,2.111291e+01,2.110602e+01,2.111979e+01,2.109914e+01,2.108537e+01,2.133294e+01,2.116108e+01,2.105782e+01,2.099582e+01,2.118172e+01,2.114732e+01,2.116108e+01,2.105782e+01,2.118172e+01,2.105782e+01,2.118172e+01,2.120923e+01
2.110602e+01,2.105782e+01,2.116108e+01,2.118172e+01,2.109914e+01,2.117484e+01,2.111291e+01,2.110602e+01,2.111979e+01,2.112667e+01,2.112667e+01,2.111291e+01,2.117484e+01,2.118860e+01,2.109914e+01,2.142906e+01,2.111979e+01,2.111979e+01,2.111291e+01,2.109914e+01,2.111979e+01,2.107160e+01,2.107848e+01,2.103716e+01,2.103716e+01,2.089929e+01,2.107160e+01,2.110602e+01,2.115420e+01,2.087169e+01,2.100271e+01,2.100271e+01,2.107848e+01,2.089929e+01,2.087169e+01,2.091308e+01,2.093377e+01,2.098203e+01,2.097514e+01,2.100960e+01,2.111291e+01,2.096135e+01,2.100960e+01,2.094757e+01,2.094757e+01,2.103716e+01,2.085099e+01,2.100271e+01,2.099582e+01,2.103716e+01,2.111291e+01,2.105782e+01,2.100960e+01,2.118860e+01,2.107848e+01,2.095446e+01,2.121611e+01,2.098893e+01,2.103027e+01,2.114044e+01,2.096825e+01,2.105782e+01,2.098203e+01,2.111979e+01,2.120235e+01,2.116108e+01,2.104405e+01,2.109914e+01,2.111979e+01,2.120235e+01,2.116796e+01,2.118172e+01,2.103716e+01,2.107848e+01,2.112667e+01,2.111979e+01,2.124361e+01,2.125736e+01,2.109914e+01,2.114044e+01,2.122986e+01,2.111979e+01,2.119548e+01,2.114732e+01,2.120923e+01,2.118860e+01,2.139474e+01,2.121611e+01,2.121611e+01,2.110602e+01,2.113355e+01,2.116796e+01,2.122298e+01,2.119548e+01,2.128485e+01,2.123674e+01,2.127798e+01,2.122986e+01,2.112667e+01,2.122298e+01,2.122298e+01,2.111291e+01,2.122986e+01,2.126423e+01,2.130546e+01,2.125736e+01,2.123674e+01,2.125048e+01,2.129859e+01,2.120235e+01,2.125048e+01,2.124361e+01,2.117484e+01,2.118172e+01,2.119548e+01,2.116796e+01,2.121611e+01,2.121611e+01,2.119548e+01,2.120923e+01,2.115420e+01,2.114044e+01,2.118860e+01,2.116108e+01,2.119548e+01,2.120235e+01,2.118860e+01,2.116796e+01,2.103027e+01,2.099582e+01,2.075432e+01,2.074742e+01,2.060915e+01,2.038060e+01,2.033899e+01,2.022100e+01,2.001940e+01,2.014458e+01,2.009591e+01,2.005419e+01,2.000548e+01,1.999852e+01,2.005419e+01,2.017237e+01,2.018627e+01,2.015153e+01,2.019321e+01,2.017932e+01,2.044991e+01,2.015848e+01,2.024877e+01,2.041526e+01,2.033899e+01,2.037366e+01,2.040833e+01,2.040833e+01,2.038753e+01,2.042912e+01,2.049148e+01,2.031818e+01,2.055379e+01,2.064374e+01,2.063682e+01,2.073360e+01,2.065757e+01,2.080267e+01,2.079576e+01,2.077505e+01,2.083719e+01,2.083719e+01,2.085099e+01,2.084409e+01,2.087859e+01,2.087859e+01,2.088549e+01,2.098893e+01,2.096825e+01,2.094067e+01,2.111979e+01,2.120235e+01,2.122986e+01,2.122986e+01,2.126423e+01,2.136728e+01,2.135355e+01,2.141533e+01,2.154565e+01,2.162787e+01,2.180578e+01,2.210616e+01,2.249398e+01,2.260936e+01,2.266361e+01,2.205161e+01,2.136728e+01,2.044298e+01,1.975462e+01,1.958004e+01,1.964293e+01,1.965689e+01,1.955208e+01,1.957305e+01,1.961498e+01,1.958004e+01,1.969879e+01,1.959402e+01,1.953810e+01,1.950313e+01,1.957305e+01,1.950313e+01,1.968483e+01,1.971973e+01,1.966388e+01,1.969181e+01,1.969879e+01,1.958004e+01,1.963594e+01,1.972671e+01,1.959402e+01,1.964293e+01,1.976858e+01,1.977555e+01,1.967086e+01,1.963594e+01,1.959402e+01,1.957305e+01,1.980345e+01,1.958004e+01,1.962896e+01,1.974067e+01,1.963594e+01,1.973369e+01,1.971275e+01,1.965689e+01,1.969181e+01,1.965689e+01,1.971973e+01,1.972671e+01,1.973369e+01,1.974764e+01,1.980345e+01,1.988013e+01,1.958703e+01,1.964991e+01,1.970577e+01,1.983831e+01,1.969181e+01,1.982437e+01,1.971275e+01,1.978253e+01,1.973369e+01,1.969879e+01,1.974067e+01,1.981042e+01,1.981042e+01,1.984528e+01,1.989407e+01,2.005419e+01,2.042912e+01,2.025571e+01,2.056071e+01,2.051918e+01,2.049840e+01,2.053303e+01,2.051918e+01,2.059531e+01,2.046377e+01,2.051918e+01,2.044991e+01,2.046377e+01,2.053995e+01,2.048455e+01,2.042912e+01,2.051225e+01,2.057456e+01,2.028348e+01,2.042219e+01,2.051918e+01,2.044298e+01,2.044298e+01,2.042912e+01,2.045684e+01,2.053303e+01,2.041526e+01,2.038753e+01,2.046377e+01,2.048455e+01,2.040833e+01,2.044991e+01,2.048455e+01,2.045684e+01,2.056071e+01,2.042912e+01,2.045684e+01,2.051225e+01,2.051918e+01,2.050533e+01,2.052610e+01,2.054687e+01,2.043605e+01,2.040140e+01,2.049148e+01,2.048455e+01,2.051918e+01,2.038060e+01,2.050533e+01,2.050533e+01,2.054687e+01,2.047762e+01,2.054687e+01,2.060915e+01,2.044991e+01,2.043605e+01,2.055379e+01,2.053303e+01,2.061607e+01,2.057456e+01,2.065757e+01,2.067139e+01,2.056763e+01,2.060223e+01,2.062299e+01,2.050533e+01,2.044298e+01,2.042219e+01,2.052610e+01,2.044991e+01,2.036673e+01,2.038753e+01,2.038060e+01,2.037366e+01,2.038060e+01,2.038753e+01,2.036673e+01,2.037366e+01,2.028348e+01,2.018627e+01,2.034592e+01,2.016542e+01,2.006810e+01,2.004723e+01,2.006810e+01,1.994979e+01,1.986619e+01,2.002636e+01,1.981042e+01,1.986619e+01,1.990800e+01,1.992890e+01,1.994283e+01,1.993586e+01,1.991496e+01,2.015848e+01,2.023489e+01,2.028348e+01,2.032512e+01,2.031124e+01,2.043605e+01,2.040140e+01,2.039447e+01,2.037366e+01,2.031818e+01,2.051918e+01,2.045684e+01,2.036673e+01,2.045684e+01,2.029736e+01,2.029042e+01,2.034592e+01,2.032512e+01,2.033205e+01,2.046377e+01,2.036673e+01,2.044298e+01,2.045684e+01,2.059531e+01,2.047070e+01,2.045684e+01,2.042219e+01,2.040833e+01,2.051225e+01,2.047762e+01,2.051918e+01,2.039447e+01,2.046377e+01,2.056071e+01,2.044991e+01,2.047762e+01,2.044298e+01,2.047762e+01,2.049148e+01,2.053303e+01,2.049840e+01,2.045684e+01,2.051225e+01,2.055379e+01,2.056071e+01,2.058148e+01,2.053303e+01,2.047762e+01,2.059531e+01,2.050533e+01,2.057456e+01,2.060223e+01,2.051918e+01,2.059531e+01,2.057456e+01,2.053995e+01,2.072669e+01,2.041526e+01,2.058148e+01,2.065757e+01,2.065757e+01,2.062299e+01,2.069213e+01,2.061607e+01,2.051918e+01,2.069213e+01,2.065757e+01,2.068522e+01,2.075432e+01,2.069213e+01,2.069213e+01,2.072669e+01,2.080957e+01,2.067831e+01,2.065757e+01,2.068522e+01,2.067831e+01,2.064374e+01,2.079576e+01,2.064374e+01,2.067831e+01,2.072669e+01,2.070596e+01,2.073360e+01,2.069213e+01,2.077505e+01,2.074051e+01,2.071978e+01,2.075432e+01,2.076814e+01,2.076814e+01,2.073360e+01,2.064374e+01,2.069213e+01,2.063682e+01,2.068522e+01,2.063682e+01,2.060915e+01,2.059531e+01,2.071978e+01,2.076123e+01,2.062990e+01,2.069213e+01,2.079576e+01,2.072669e+01,2.078886e+01,2.071978e+01,2.079576e+01,2.091308e+01,2.078195e+01,2.083028e+01,2.086479e+01,2.093377e+01,2.094757e+01,2.130546e+01,2.137415e+01,2.181262e+01,2.183996e+01,2.207889e+01,2.229004e+01,2.244643e+01,2.262292e+01,2.267717e+01,2.241245e+01,2.267717e+01,2.238527e+01,2.238527e+01,2.224921e+01,2.201068e+01,2.188096e+01,2.177159e+01,2.146336e+01,2.133294e+01,2.105094e+01,2.105094e+01,2.105782e+01,2.076814e+01,2.071287e+01,2.067139e+01,2.044991e+01,2.062299e+01,2.045684e+01,2.044991e+01,2.042912e+01,2.042219e+01,2.026960e+01,2.025571e+01,2.021405e+01,2.025571e+01,2.033899e+01,2.054687e+01,2.072669e+01,2.093377e+01,2.099582e+01,2.116796e+01,2.123674e+01,2.127110e+01,2.117484e+01,2.114732e+01,2.108537e+01,2.113355e+01,2.120923e+01,2.110602e+01,2.097514e+01,2.097514e+01,2.100271e+01,2.114732e+01,2.099582e+01,2.087859e+01,2.092688e+01,2.107848e+01,2.088549e+01,2.113355e+01,2.094067e+01,2.093377e+01,2.089239e+01,2.089929e+01,2.090619e+01,2.091998e+01,2.103716e+01,2.091308e+01,2.091308e+01,2.093377e+01,2.091998e+01,2.088549e+01,2.089239e+01,2.092688e+01,2.086479e+01,2.092688e+01,2.085789e+01,2.092688e+01,2.091308e+01,2.091998e+01,2.083028e+01,2.089239e+01,2.111979e+01,2.097514e+01,2.093377e+01,2.099582e+01,2.098203e+01,2.094067e+01,2.107160e+01,2.089929e+01,2.104405e+01,2.120235e+01,2.097514e+01,2.092688e+01,2.105782e+01,2.105094e+01,2.101649e+01,2.106471e+01,2.103027e+01,2.103716e+01,2.118860e+01,2.123674e+01,2.085099e+01,2.116796e+01,2.111291e+01,2.087859e+01,2.103716e+01,2.102338e+01,2.116108e+01,2.117484e+01,2.112667e+01,2.104405e+01,2.105782e+01,2.105094e+01,2.107848e+01,2.114732e+01,2.109225e+01,2.113355e+01,2.107848e+01,2.107160e+01,2.107160e+01,2.107160e+01,2.120923e+01,2.111979e+01,2.110602e+01,2.103716e+01,2.105094e+01,2.109225e+01,2.105782e+01,2.114732e+01,2.107160e+01,2.108537e+01,2.110602e+01,2.112667e+01,2.111291e+01,2.111291e+01,2.100271e+01,2.114044e+01,2.109225e+01,2.103027e+01,2.107160e+01,2.110602e+01,2.107160e+01,2.109914e+01,2.119548e+01,2.113355e+01,2.114044e+01,2.114044e+01,2.104405e+01,2.107848e+01,2.107848e+01,2.098203e+01,2.107160e+01,2.108537e+01,2.107160e+01,2.118172e+01,2.107160e+01,2.133294e+01,2.105094e+01,2.109914e+01,2.107848e+01,2.111291e+01,2.107848e+01,2.105782e+01,2.107848e+01,2.105094e+01,2.111291e+01,2.105094e+01,2.110602e+01,2.111979e+01,2.115420e+01,2.118172e+01,2.116796e+01,2.107160e+01,2.106471e+01
2.105094e+01,2.108537e+01,2.109225e+01,2.109225e+01,2.100960e+01,2.105094e+01,2.106471e+01,2.111979e+01,2.109914e+01,2.116796e+01,2.113355e+01,2.116108e+01,2.120923e+01,2.111979e+01,2.125736e+01,2.109914e+01,2.111979e+01,2.094757e+01,2.096135e+01,2.109914e+01,2.104405e+01,2.105782e+01,2.096135e+01,2.100271e+01,2.089929e+01,2.108537e+01,2.091308e+01,2.111979e+01,2.089929e+01,2.095446e+01,2.099582e+01,2.094757e+01,2.110602e+01,2.100960e+01,2.104405e+01,2.100960e+01,2.094757e+01,2.100271e+01,2.102338e+01,2.095446e+01,2.095446e+01,2.116796e+01,2.075432e+01,2.094757e+01,2.103716e+01,2.100271e+01,2.093377e+01,2.093377e+01,2.109914e+01,2.105094e+01,2.107160e+01,2.103716e+01,2.108537e+01,2.109914e+01,2.097514e+01,2.096135e+01,2.113355e+01,2.109914e+01,2.114732e+01,2.121611e+01,2.112667e+01,2.103027e+01,2.115420e+01,2.112667e+01,2.109914e+01,2.125048e+01,2.098893e+01,2.117484e+01,2.104405e+01,2.115420e+01,2.116108e+01,2.111291e+01,2.116796e+01,2.113355e+01,2.109225e+01,2.111979e+01,2.116796e+01,2.125736e+01,2.111291e+01,2.116108e+01,2.118860e+01,2.120235e+01,2.120235e+01,2.122298e+01,2.122298e+01,2.112667e+01,2.107848e+01,2.110602e+01,2.114732e+01,2.122298e+01,2.122986e+01,2.116796e+01,2.109225e+01,2.118172e+01,2.131233e+01,2.127110e+01,2.109225e+01,2.113355e+01,2.129172e+01,2.111291e+01,2.118172e+01,2.116108e+01,2.115420e+01,2.125048e+01,2.123674e+01,2.125048e+01,2.129172e+01,2.128485e+01,2.114732e+01,2.125048e+01,2.118860e+01,2.118860e+01,2.116796e+01,2.118172e+01,2.116108e+01,2.116108e+01,2.127110e+01,2.119548e+01,2.114044e+01,2.118860e+01,2.115420e+01,2.114732e+01,2.114044e+01,2.118172e+01,2.110602e+01,2.117484e+01,2.117484e+01,2.115420e+01,2.108537e+01,2.078195e+01,2.074051e+01,2.071978e+01,2.051225e+01,2.030430e+01,2.055379e+01,2.033205e+01,2.026960e+01,2.024183e+01,2.008896e+01,2.008201e+01,2.026960e+01,2.043605e+01,2.037366e+01,2.038060e+01,2.023489e+01,2.048455e+01,2.042219e+01,2.053303e+01,2.048455e+01,2.046377e+01,2.044991e+01,2.043605e+01,2.067831e+01,2.063682e+01,2.069213e+01,2.073360e+01,2.082338e+01,2.081648e+01,2.086479e+01,2.079576e+01,2.094757e+01,2.076123e+01,2.095446e+01,2.096135e+01,2.094757e+01,2.098203e+01,2.096135e+01,2.085789e+01,2.108537e+01,2.108537e+01,2.100960e+01,2.107848e+01,2.094757e+01,2.100960e+01,2.112667e+01,2.118172e+01,2.110602e+01,2.116796e+01,2.114732e+01,2.124361e+01,2.129172e+01,2.129172e+01,2.134668e+01,2.145650e+01,2.150451e+01,2.155936e+01,2.161417e+01,2.193560e+01,2.206525e+01,2.231726e+01,2.258222e+01,2.271106e+01,2.259579e+01,2.181945e+01,2.105782e+01,2.013763e+01,1.978950e+01,1.964293e+01,1.964293e+01,1.955907e+01,1.952411e+01,1.952411e+01,1.955907e+01,1.958004e+01,1.962197e+01,1.955208e+01,1.950313e+01,1.966388e+01,1.970577e+01,1.943316e+01,1.947515e+01,1.964293e+01,1.967086e+01,1.965689e+01,1.966388e+01,1.965689e+01,1.972671e+01,1.967086e+01,1.969879e+01,1.974764e+01,1.970577e+01,1.968483e+01,1.969181e+01,1.963594e+01,1.961498e+01,1.960101e+01,1.959402e+01,1.960800e+01,1.971973e+01,1.974067e+01,1.966388e+01,1.969879e+01,1.968483e+01,1.974067e+01,1.970577e+01,1.967086e+01,1.964991e+01,1.971275e+01,1.977555e+01,1.976160e+01,1.981740e+01,1.964293e+01,1.966388e+01,1.966388e+01,1.969879e+01,1.968483e+01,1.969181e+01,1.979647e+01,1.966388e+01,1.962197e+01,1.971275e+01,1.980345e+01,1.974764e+01,1.975462e+01,1.983134e+01,1.982437e+01,1.999852e+01,2.006114e+01,2.030430e+01,2.046377e+01,2.047762e+01,2.057456e+01,2.051225e+01,2.049840e+01,2.050533e+01,2.051918e+01,2.051225e+01,2.050533e+01,2.047762e+01,2.060223e+01,2.043605e+01,2.049148e+01,2.044991e+01,2.040833e+01,2.058840e+01,2.040833e+01,2.041526e+01,2.052610e+01,2.042912e+01,2.044991e+01,2.035286e+01,2.042912e+01,2.043605e+01,2.039447e+01,2.040140e+01,2.042912e+01,2.049840e+01,2.049840e+01,2.043605e+01,2.043605e+01,2.058840e+01,2.048455e+01,2.040833e+01,2.045684e+01,2.046377e+01,2.049148e+01,2.043605e+01,2.051225e+01,2.044991e+01,2.044298e+01,2.038753e+01,2.050533e+01,2.053995e+01,2.038753e+01,2.049840e+01,2.050533e+01,2.054687e+01,2.054687e+01,2.053303e+01,2.055379e+01,2.058148e+01,2.053995e+01,2.058148e+01,2.051225e+01,2.048455e+01,2.056071e+01,2.053303e+01,2.066448e+01,2.069213e+01,2.052610e+01,2.060223e+01,2.046377e+01,2.042912e+01,2.051918e+01,2.049840e+01,2.041526e+01,2.037366e+01,2.040140e+01,2.038753e+01,2.040140e+01,2.036673e+01,2.042912e+01,2.037366e+01,2.038753e+01,2.033899e+01,2.018627e+01,2.022100e+01,2.021405e+01,2.022794e+01,2.015848e+01,2.014458e+01,2.002636e+01,2.001244e+01,2.004027e+01,1.999156e+01,2.002636e+01,1.998460e+01,1.994283e+01,1.995675e+01,2.006114e+01,2.005419e+01,2.017237e+01,2.024877e+01,2.018627e+01,2.025571e+01,2.024877e+01,2.015153e+01,2.028348e+01,2.042912e+01,2.048455e+01,2.042912e+01,2.040140e+01,2.051918e+01,2.047762e+01,2.029736e+01,2.045684e+01,2.026960e+01,2.047070e+01,2.031818e+01,2.038753e+01,2.031818e+01,2.051225e+01,2.051918e+01,2.054687e+01,2.048455e+01,2.051918e+01,2.049840e+01,2.046377e+01,2.042912e+01,2.050533e+01,2.053995e+01,2.060223e+01,2.051225e+01,2.058840e+01,2.050533e+01,2.049840e+01,2.051918e+01,2.046377e+01,2.051225e+01,2.051225e+01,2.054687e+01,2.056763e+01,2.049148e+01,2.052610e+01,2.045684e+01,2.051225e+01,2.051918e+01,2.053995e+01,2.054687e+01,2.059531e+01,2.051918e+01,2.054687e+01,2.058840e+01,2.059531e+01,2.055379e+01,2.057456e+01,2.055379e+01,2.046377e+01,2.055379e+01,2.055379e+01,2.046377e+01,2.061607e+01,2.060223e+01,2.059531e+01,2.065065e+01,2.059531e+01,2.063682e+01,2.069905e+01,2.061607e+01,2.064374e+01,2.062299e+01,2.067139e+01,2.076814e+01,2.068522e+01,2.070596e+01,2.071287e+01,2.068522e+01,2.069213e+01,2.083719e+01,2.062990e+01,2.067139e+01,2.066448e+01,2.070596e+01,2.064374e+01,2.073360e+01,2.072669e+01,2.080957e+01,2.061607e+01,2.076814e+01,2.075432e+01,2.076814e+01,2.072669e+01,2.070596e+01,2.068522e+01,2.071287e+01,2.074051e+01,2.078886e+01,2.080957e+01,2.071287e+01,2.060223e+01,2.062299e+01,2.062990e+01,2.083028e+01,2.066448e+01,2.071287e+01,2.081648e+01,2.069905e+01,2.087169e+01,2.074742e+01,2.078886e+01,2.084409e+01,2.085099e+01,2.087169e+01,2.077505e+01,2.082338e+01,2.091998e+01,2.114732e+01,2.136041e+01,2.162102e+01,2.167580e+01,2.186729e+01,2.203797e+01,2.227644e+01,2.224921e+01,2.239886e+01,2.226282e+01,2.237167e+01,2.223560e+01,2.203115e+01,2.197656e+01,2.176475e+01,2.171686e+01,2.144278e+01,2.136041e+01,2.118860e+01,2.118172e+01,2.100960e+01,2.078195e+01,2.078195e+01,2.062299e+01,2.067831e+01,2.047762e+01,2.062990e+01,2.024183e+01,2.025571e+01,2.048455e+01,2.022794e+01,2.027654e+01,2.021405e+01,2.022794e+01,2.020016e+01,2.025571e+01,2.058840e+01,2.055379e+01,2.093377e+01,2.114044e+01,2.116796e+01,2.129172e+01,2.125048e+01,2.125736e+01,2.122986e+01,2.107848e+01,2.111291e+01,2.111291e+01,2.129859e+01,2.110602e+01,2.096135e+01,2.103027e+01,2.112667e+01,2.101649e+01,2.093377e+01,2.093377e+01,2.086479e+01,2.105094e+01,2.087859e+01,2.088549e+01,2.092688e+01,2.092688e+01,2.088549e+01,2.096825e+01,2.090619e+01,2.089239e+01,2.103716e+01,2.099582e+01,2.094067e+01,2.097514e+01,2.093377e+01,2.091308e+01,2.091308e+01,2.088549e+01,2.096825e+01,2.095446e+01,2.086479e+01,2.091998e+01,2.098203e+01,2.088549e+01,2.102338e+01,2.096135e+01,2.095446e+01,2.094757e+01,2.094757e+01,2.100271e+01,2.098893e+01,2.094067e+01,2.098893e+01,2.100960e+01,2.105782e+01,2.104405e+01,2.098893e+01,2.106471e+01,2.094067e+01,2.107160e+01,2.132607e+01,2.104405e+01,2.101649e+01,2.103716e+01,2.107160e+01,2.089239e+01,2.100960e+01,2.114044e+01,2.103716e+01,2.114044e+01,2.112667e+01,2.103027e+01,2.115420e+01,2.102338e+01,2.107160e+01,2.102338e+01,2.107848e+01,2.108537e+01,2.107848e+01,2.128485e+01,2.103027e+01,2.108537e+01,2.112667e+01,2.114732e+01,2.109914e+01,2.098893e+01,2.108537e+01,2.112667e+01,2.107848e+01,2.103027e+01,2.096825e+01,2.111979e+01,2.103716e+01,2.114044e+01,2.103027e+01,2.102338e+01,2.103716e+01,2.105782e+01,2.107160e+01,2.099582e+01,2.113355e+01,2.110602e+01,2.110602e+01,2.104405e+01,2.109225e+01,2.107160e+01,2.101649e+01,2.113355e+01,2.098203e+01,2.110602e+01,2.103716e+01,2.104405e+01,2.103027e+01,2.109225e+01,2.109225e+01,2.114044e+01,2.116108e+01,2.107160e+01,2.107160e+01,2.106471e+01,2.116796e+01,2.111979e+01,2.114732e+01,2.107848e+01,2.104405e+01,2.107160e+01,2.103716e+01,2.103027e+01,2.122986e+01,2.103027e+01,2.106471e+01,2.110602e+01,2.117484e+01,2.114732e+01,2.103716e+01,2.119548e+01,2.096825e+01,2.103716e+01
2.114732e+01,2.105782e+01,2.109225e+01,2.105782e+01,2.109225e+01,2.105782e+01,2.110602e+01,2.113355e+01,2.122986e+01,2.113355e+01,2.112667e+01,2.111979e+01,2.109914e+01,2.109914e+01,2.107848e+01,2.107160e+01,2.106471e+01,2.108537e+01,2.108537e+01,2.105782e+01,2.109914e+01,2.104405e+01,2.101649e+01,2.107848e+01,2.103716e+01,2.109225e+01,2.102338e+01,2.112667e+01,2.091308e+01,2.091308e+01,2.088549e+01,2.094067e+01,2.090619e+01,2.088549e+01,2.098893e+01,2.086479e+01,2.098203e+01,2.099582e+01,2.091998e+01,2.105094e+01,2.101649e+01,2.097514e+01,2.105094e+01,2.094757e+01,2.094757e+01,2.106471e+01,2.105094e+01,2.101649e+01,2.122298e+01,2.103716e+01,2.096825e+01,2.100271e+01,2.097514e+01,2.110602e+01,2.095446e+01,2.096825e+01,2.111979e+01,2.100960e+01,2.113355e+01,2.113355e+01,2.116796e+01,2.112667e+01,2.104405e+01,2.103027e+01,2.114044e+01,2.105782e+01,2.105782e+01,2.108537e+01,2.116796e+01,2.113355e+01,2.114732e+01,2.112667e+01,2.125736e+01,2.129172e+01,2.111979e+01,2.114732e+01,2.124361e+01,2.122298e+01,2.106471e+01,2.107848e+01,2.111291e+01,2.118860e+01,2.118172e+01,2.113355e+01,2.118172e+01,2.131920e+01,2.114044e+01,2.108537e+01,2.120923e+01,2.120923e+01,2.124361e+01,2.116796e+01,2.115420e+01,2.110602e+01,2.107848e+01,2.120923e+01,2.122298e+01,2.119548e+01,2.122986e+01,2.111979e+01,2.126423e+01,2.112667e+01,2.111979e+01,2.124361e+01,2.118860e+01,2.117484e+01,2.114044e+01,2.113355e+01,2.126423e+01,2.114732e+01,2.117484e+01,2.125048e+01,2.117484e+01,2.116796e+01,2.115420e+01,2.118172e+01,2.121611e+01,2.122298e+01,2.116796e+01,2.120923e+01,2.122298e+01,2.119548e+01,2.119548e+01,2.122298e+01,2.114044e+01,2.117484e+01,2.115420e+01,2.114044e+01,2.115420e+01,2.098203e+01,2.098203e+01,2.075432e+01,2.074742e+01,2.037366e+01,2.034592e+01,2.043605e+01,2.051918e+01,2.048455e+01,2.051918e+01,2.052610e+01,2.053303e+01,2.054687e+01,2.062299e+01,2.070596e+01,2.070596e+01,2.066448e+01,2.073360e+01,2.076814e+01,2.061607e+01,2.077505e+01,2.078886e+01,2.072669e+01,2.083719e+01,2.075432e+01,2.097514e+01,2.094757e+01,2.083719e+01,2.089929e+01,2.084409e+01,2.094757e+01,2.103716e+01,2.098203e+01,2.101649e+01,2.119548e+01,2.099582e+01,2.103027e+01,2.112667e+01,2.109914e+01,2.116108e+01,2.114044e+01,2.109914e+01,2.111979e+01,2.114732e+01,2.120923e+01,2.123674e+01,2.125048e+01,2.140847e+01,2.116796e+01,2.129859e+01,2.125048e+01,2.127798e+01,2.122986e+01,2.151137e+01,2.142220e+01,2.145650e+01,2.161417e+01,2.164157e+01,2.205843e+01,2.216068e+01,2.234447e+01,2.252114e+01,2.265683e+01,2.239886e+01,2.157991e+01,2.067831e+01,1.981042e+01,1.978253e+01,1.964991e+01,1.965689e+01,1.964293e+01,1.966388e+01,1.960101e+01,1.958703e+01,1.965689e+01,1.972671e+01,1.948914e+01,1.964293e+01,1.967086e+01,1.960101e+01,1.954509e+01,1.937715e+01,1.967086e+01,1.962197e+01,1.968483e+01,1.963594e+01,1.961498e+01,1.967086e+01,1.969879e+01,1.965689e+01,1.964991e+01,1.967785e+01,1.968483e+01,1.967086e+01,1.962896e+01,1.969181e+01,1.962197e+01,1.960101e+01,1.969181e+01,1.961498e+01,1.971973e+01,1.967785e+01,1.972671e+01,1.972671e+01,1.972671e+01,1.967785e+01,1.978950e+01,1.978950e+01,1.963594e+01,1.964293e+01,1.980345e+01,1.980345e+01,1.975462e+01,1.964293e+01,1.964293e+01,1.964991e+01,1.969879e+01,1.969879e+01,1.971973e+01,1.971275e+01,1.967086e+01,1.967086e+01,1.981042e+01,1.967785e+01,1.979647e+01,1.977555e+01,1.992193e+01,1.987316e+01,2.033899e+01,2.051225e+01,2.054687e+01,2.051918e+01,2.058148e+01,2.053995e+01,2.054687e+01,2.056763e+01,2.052610e+01,2.051918e+01,2.051225e+01,2.047070e+01,2.047070e+01,2.044298e+01,2.044991e+01,2.040140e+01,2.043605e+01,2.040140e+01,2.043605e+01,2.041526e+01,2.040140e+01,2.040140e+01,2.032512e+01,2.043605e+01,2.043605e+01,2.045684e+01,2.040140e+01,2.039447e+01,2.046377e+01,2.047762e+01,2.041526e+01,2.050533e+01,2.053995e+01,2.047762e+01,2.042912e+01,2.060223e+01,2.047762e+01,2.054687e+01,2.038753e+01,2.051918e+01,2.042219e+01,2.049148e+01,2.058148e+01,2.050533e+01,2.042219e+01,2.050533e+01,2.051918e+01,2.043605e+01,2.050533e+01,2.048455e+01,2.047762e+01,2.056071e+01,2.056071e+01,2.047762e+01,2.059531e+01,2.064374e+01,2.049148e+01,2.046377e+01,2.051225e+01,2.047070e+01,2.059531e+01,2.047070e+01,2.049840e+01,2.039447e+01,2.042219e+01,2.042912e+01,2.047070e+01,2.050533e+01,2.055379e+01,2.037366e+01,2.037366e+01,2.045684e+01,2.040833e+01,2.058148e+01,2.035980e+01,2.038060e+01,2.035980e+01,2.037366e+01,2.028348e+01,2.029042e+01,2.019321e+01,2.024183e+01,2.020711e+01,2.022100e+01,2.022794e+01,2.004027e+01,2.002636e+01,2.017237e+01,2.013068e+01,2.006114e+01,1.998460e+01,2.003332e+01,2.004027e+01,2.007505e+01,2.010287e+01,2.018627e+01,2.022794e+01,2.025571e+01,2.034592e+01,2.025571e+01,2.029736e+01,2.029042e+01,2.043605e+01,2.040140e+01,2.033899e+01,2.045684e+01,2.045684e+01,2.047070e+01,2.048455e+01,2.048455e+01,2.029042e+01,2.044298e+01,2.037366e+01,2.053303e+01,2.053303e+01,2.049148e+01,2.049148e+01,2.045684e+01,2.042219e+01,2.053303e+01,2.051918e+01,2.060223e+01,2.046377e+01,2.051918e+01,2.054687e+01,2.049840e+01,2.049840e+01,2.050533e+01,2.042219e+01,2.053995e+01,2.051918e+01,2.053995e+01,2.049148e+01,2.052610e+01,2.044298e+01,2.044298e+01,2.046377e+01,2.052610e+01,2.053995e+01,2.049840e+01,2.047762e+01,2.058148e+01,2.048455e+01,2.056763e+01,2.057456e+01,2.047762e+01,2.059531e+01,2.049148e+01,2.048455e+01,2.067831e+01,2.051918e+01,2.044298e+01,2.055379e+01,2.058148e+01,2.057456e+01,2.057456e+01,2.060223e+01,2.062299e+01,2.060915e+01,2.051918e+01,2.051225e+01,2.060915e+01,2.070596e+01,2.071287e+01,2.072669e+01,2.066448e+01,2.065065e+01,2.067831e+01,2.065065e+01,2.067831e+01,2.074051e+01,2.068522e+01,2.074742e+01,2.075432e+01,2.069905e+01,2.067139e+01,2.067831e+01,2.071287e+01,2.078195e+01,2.072669e+01,2.074742e+01,2.072669e+01,2.073360e+01,2.075432e+01,2.067139e+01,2.070596e+01,2.071978e+01,2.065757e+01,2.073360e+01,2.073360e+01,2.071287e+01,2.071978e+01,2.064374e+01,2.062990e+01,2.071287e+01,2.064374e+01,2.069905e+01,2.064374e+01,2.067831e+01,2.072669e+01,2.073360e+01,2.081648e+01,2.072669e+01,2.075432e+01,2.076123e+01,2.078886e+01,2.090619e+01,2.083719e+01,2.096135e+01,2.094067e+01,2.111291e+01,2.138788e+01,2.149080e+01,2.169633e+01,2.175791e+01,2.206525e+01,2.194243e+01,2.208571e+01,2.192877e+01,2.191511e+01,2.192877e+01,2.180578e+01,2.167580e+01,2.160047e+01,2.140847e+01,2.142220e+01,2.111291e+01,2.113355e+01,2.105094e+01,2.074742e+01,2.069213e+01,2.074051e+01,2.063682e+01,2.051225e+01,2.042912e+01,2.025571e+01,2.022794e+01,2.023489e+01,2.019321e+01,2.024183e+01,2.019321e+01,2.018627e+01,2.019321e+01,2.017932e+01,2.028348e+01,2.056763e+01,2.081648e+01,2.097514e+01,2.094757e+01,2.122298e+01,2.126423e+01,2.122986e+01,2.123674e+01,2.124361e+01,2.118860e+01,2.113355e+01,2.109225e+01,2.109914e+01,2.104405e+01,2.103716e+01,2.103716e+01,2.108537e+01,2.107160e+01,2.101649e+01,2.110602e+01,2.100271e+01,2.094757e+01,2.092688e+01,2.092688e+01,2.087859e+01,2.085099e+01,2.089239e+01,2.098203e+01,2.096825e+01,2.094757e+01,2.095446e+01,2.106471e+01,2.103027e+01,2.090619e+01,2.091998e+01,2.095446e+01,2.091308e+01,2.092688e+01,2.091998e+01,2.086479e+01,2.090619e+01,2.094067e+01,2.088549e+01,2.094757e+01,2.087169e+01,2.094067e+01,2.096135e+01,2.092688e+01,2.099582e+01,2.098893e+01,2.098203e+01,2.095446e+01,2.098893e+01,2.103027e+01,2.096135e+01,2.100271e+01,2.094067e+01,2.097514e+01,2.106471e+01,2.102338e+01,2.107160e+01,2.103716e+01,2.089929e+01,2.114732e+01,2.114044e+01,2.109914e+01,2.103716e+01,2.114044e+01,2.097514e+01,2.104405e+01,2.101649e+01,2.092688e+01,2.102338e+01,2.108537e+01,2.100271e+01,2.104405e+01,2.107848e+01,2.091998e+01,2.098203e+01,2.111979e+01,2.111291e+01,2.110602e+01,2.118172e+01,2.107160e+01,2.107848e+01,2.105094e+01,2.098893e+01,2.108537e+01,2.119548e+01,2.116108e+01,2.108537e+01,2.101649e+01,2.107160e+01,2.100960e+01,2.101649e+01,2.104405e+01,2.100960e+01,2.102338e+01,2.103716e+01,2.111979e+01,2.113355e+01,2.105094e+01,2.113355e+01,2.105094e+01,2.119548e+01,2.104405e+01,2.103716e+01,2.104405e+01,2.108537e+01,2.111979e+01,2.100960e+01,2.098203e+01,2.103716e+01,2.107160e+01,2.107848e+01,2.109914e+01,2.109225e+01,2.107848e+01,2.105782e+01,2.125736e+01,2.112667e+01,2.105094e+01,2.104405e+01,2.106471e+01,2.104405e+01,2.104405e+01,2.111979e+01,2.101649e+01,2.107848e+01,2.105782e+01,2.113355e+01,2.106471e+01,2.109225e+01,2.111291e+01,2.119548e+01,2.111979e+01,2.100271e+01,2.098893e+01
2.106471e+01,2.114732e+01,2.109914e+01,2.106471e+01,2.109225e+01,2.111979e+01,2.108537e+01,2.101649e+01,2.111291e+01,2.120923e+01,2.116108e+01,2.110602e+01,2.109225e+01,2.111979e+01,2.105094e+01,2.115420e+01,2.109914e+01,2.116108e+01,2.096135e+01,2.101649e+01,2.100960e+01,2.085789e+01,2.103027e+01,2.118860e+01,2.097514e+01,2.094067e+01,2.097514e+01,2.089239e+01,2.091308e+01,2.096135e+01,2.085099e+01,2.100271e+01,2.094067e+01,2.091308e+01,2.091308e+01,2.096825e+01,2.095446e+01,2.098893e+01,2.100271e+01,2.099582e+01,2.095446e+01,2.095446e+01,2.100271e+01,2.094757e+01,2.103027e+01,2.102338e+01,2.104405e+01,2.103027e+01,2.091308e+01,2.092688e+01,2.103027e+01,2.104405e+01,2.094067e+01,2.100960e+01,2.100960e+01,2.103027e+01,2.099582e+01,2.096825e+01,2.103716e+01,2.097514e+01,2.109914e+01,2.113355e+01,2.098203e+01,2.109914e+01,2.109914e+01,2.110602e+01,2.098203e+01,2.106471e+01,2.113355e+01,2.118860e+01,2.103027e+01,2.116796e+01,2.111979e+01,2.107160e+01,2.119548e+01,2.116796e+01,2.103716e+01,2.116108e+01,2.109225e+01,2.116796e+01,2.116108e+01,2.116108e+01,2.118860e+01,2.118860e+01,2.110602e+01,2.109225e+01,2.111979e+01,2.122986e+01,2.124361e+01,2.102338e+01,2.118860e+01,2.116108e+01,2.120235e+01,2.108537e+01,2.111291e+01,2.116796e+01,2.116108e+01,2.114732e+01,2.111979e+01,2.120235e+01,2.115420e+01,2.118860e+01,2.114732e+01,2.111979e+01,2.114732e+01,2.116796e+01,2.114044e+01,2.114044e+01,2.125736e+01,2.117484e+01,2.117484e+01,2.120235e+01,2.123674e+01,2.117484e+01,2.118172e+01,2.120923e+01,2.121611e+01,2.129172e+01,2.122986e+01,2.120235e+01,2.120235e+01,2.118172e+01,2.114732e+01,2.108537e+01,2.106471e+01,2.116796e+01,2.118860e+01,2.118860e+01,2.113355e+01,2.097514e+01,2.085789e+01,2.078195e+01,2.074051e+01,2.056071e+01,2.063682e+01,2.085099e+01,2.062990e+01,2.064374e+01,2.074051e+01,2.079576e+01,2.080957e+01,2.079576e+01,2.062299e+01,2.067139e+01,2.087859e+01,2.089239e+01,2.086479e+01,2.091308e+01,2.088549e+01,2.104405e+01,2.086479e+01,2.101649e+01,2.102338e+01,2.100960e+01,2.096825e+01,2.100271e+01,2.095446e+01,2.101649e+01,2.114044e+01,2.107160e+01,2.118172e+01,2.117484e+01,2.108537e+01,2.107160e+01,2.107848e+01,2.107160e+01,2.122986e+01,2.113355e+01,2.115420e+01,2.109914e+01,2.118860e+01,2.123674e+01,2.122298e+01,2.105782e+01,2.122986e+01,2.123674e+01,2.130546e+01,2.124361e+01,2.120235e+01,2.137415e+01,2.140161e+01,2.132607e+01,2.138101e+01,2.150451e+01,2.151823e+01,2.165526e+01,2.168264e+01,2.197656e+01,2.216749e+01,2.245322e+01,2.264327e+01,2.265683e+01,2.223560e+01,2.150451e+01,2.048455e+01,1.981042e+01,1.964293e+01,1.967785e+01,1.957305e+01,1.958703e+01,1.964991e+01,1.967785e+01,1.959402e+01,1.960800e+01,1.958004e+01,1.954509e+01,1.971973e+01,1.972671e+01,1.958703e+01,1.962197e+01,1.956606e+01,1.967785e+01,1.968483e+01,1.960101e+01,1.962197e+01,1.960101e+01,1.966388e+01,1.969181e+01,1.969879e+01,1.962896e+01,1.964991e+01,1.957305e+01,1.968483e+01,1.967086e+01,1.960101e+01,1.960101e+01,1.964991e+01,1.962197e+01,1.962896e+01,1.966388e+01,1.964991e+01,1.975462e+01,1.974764e+01,1.964991e+01,1.966388e+01,1.962896e+01,1.963594e+01,1.965689e+01,1.970577e+01,1.972671e+01,1.969181e+01,1.965689e+01,1.964991e+01,1.979647e+01,1.975462e+01,1.978950e+01,1.969181e+01,1.968483e+01,1.969879e+01,1.972671e+01,1.974067e+01,1.979647e+01,1.969879e+01,1.967785e+01,1.980345e+01,1.975462e+01,2.011677e+01,2.024183e+01,2.056071e+01,2.055379e+01,2.055379e+01,2.057456e+01,2.052610e+01,2.051225e+01,2.051918e+01,2.047070e+01,2.056763e+01,2.047070e+01,2.051918e+01,2.044991e+01,2.056763e+01,2.044991e+01,2.039447e+01,2.067139e+01,2.044991e+01,2.045684e+01,2.040140e+01,2.044298e+01,2.037366e+01,2.047070e+01,2.043605e+01,2.044298e+01,2.048455e+01,2.036673e+01,2.047762e+01,2.051225e+01,2.048455e+01,2.044298e+01,2.051918e+01,2.048455e+01,2.071978e+01,2.053303e+01,2.054687e+01,2.036673e+01,2.049148e+01,2.052610e+01,2.052610e+01,2.044298e+01,2.042912e+01,2.047762e+01,2.047762e+01,2.052610e+01,2.051918e+01,2.047762e+01,2.051225e+01,2.052610e+01,2.051918e+01,2.053995e+01,2.054687e+01,2.055379e+01,2.053303e+01,2.056071e+01,2.057456e+01,2.060223e+01,2.055379e+01,2.053303e+01,2.067831e+01,2.049148e+01,2.051225e+01,2.044298e+01,2.054687e+01,2.044991e+01,2.043605e+01,2.040140e+01,2.046377e+01,2.038060e+01,2.047762e+01,2.038060e+01,2.046377e+01,2.038753e+01,2.037366e+01,2.034592e+01,2.030430e+01,2.035980e+01,2.040833e+01,2.026960e+01,2.031818e+01,2.032512e+01,2.021405e+01,2.026266e+01,2.008201e+01,2.022794e+01,2.013068e+01,2.004723e+01,2.014458e+01,2.015153e+01,2.009591e+01,2.008896e+01,2.006114e+01,2.006810e+01,2.015153e+01,2.006114e+01,2.022794e+01,2.026266e+01,2.038060e+01,2.026960e+01,2.038060e+01,2.040833e+01,2.033205e+01,2.040140e+01,2.034592e+01,2.049148e+01,2.043605e+01,2.049148e+01,2.042219e+01,2.045684e+01,2.047070e+01,2.049148e+01,2.049840e+01,2.049148e+01,2.049840e+01,2.045684e+01,2.044298e+01,2.043605e+01,2.047762e+01,2.039447e+01,2.042219e+01,2.047070e+01,2.053303e+01,2.049840e+01,2.053303e+01,2.048455e+01,2.049840e+01,2.049840e+01,2.045684e+01,2.041526e+01,2.047070e+01,2.035286e+01,2.051225e+01,2.051225e+01,2.050533e+01,2.054687e+01,2.047762e+01,2.049840e+01,2.049840e+01,2.049840e+01,2.047070e+01,2.050533e+01,2.051225e+01,2.049840e+01,2.042912e+01,2.053995e+01,2.058840e+01,2.057456e+01,2.054687e+01,2.053995e+01,2.044991e+01,2.046377e+01,2.064374e+01,2.053995e+01,2.057456e+01,2.056763e+01,2.058840e+01,2.059531e+01,2.056763e+01,2.059531e+01,2.060223e+01,2.054687e+01,2.066448e+01,2.058840e+01,2.062990e+01,2.060915e+01,2.062299e+01,2.070596e+01,2.065757e+01,2.059531e+01,2.062299e+01,2.062990e+01,2.062299e+01,2.067831e+01,2.063682e+01,2.072669e+01,2.062990e+01,2.062990e+01,2.059531e+01,2.074742e+01,2.067139e+01,2.071978e+01,2.075432e+01,2.069905e+01,2.070596e+01,2.069213e+01,2.069213e+01,2.065757e+01,2.071287e+01,2.067831e+01,2.065065e+01,2.064374e+01,2.069905e+01,2.059531e+01,2.065065e+01,2.058840e+01,2.064374e+01,2.071287e+01,2.071287e+01,2.076123e+01,2.085789e+01,2.067139e+01,2.078886e+01,2.071978e+01,2.085099e+01,2.080957e+01,2.079576e+01,2.079576e+01,2.081648e+01,2.091998e+01,2.096825e+01,2.111979e+01,2.125048e+01,2.142220e+01,2.146336e+01,2.160047e+01,2.166211e+01,2.179894e+01,2.178527e+01,2.160047e+01,2.159362e+01,2.160047e+01,2.137415e+01,2.138788e+01,2.137415e+01,2.140161e+01,2.111979e+01,2.111979e+01,2.111291e+01,2.083028e+01,2.069213e+01,2.061607e+01,2.055379e+01,2.056763e+01,2.039447e+01,2.029042e+01,2.029042e+01,2.020016e+01,2.013763e+01,2.023489e+01,2.019321e+01,2.014458e+01,2.015153e+01,2.019321e+01,2.017237e+01,2.037366e+01,2.064374e+01,2.062990e+01,2.089239e+01,2.095446e+01,2.117484e+01,2.122986e+01,2.123674e+01,2.133981e+01,2.138101e+01,2.119548e+01,2.111979e+01,2.105782e+01,2.105782e+01,2.105094e+01,2.108537e+01,2.109225e+01,2.122298e+01,2.116108e+01,2.087859e+01,2.091998e+01,2.095446e+01,2.092688e+01,2.095446e+01,2.092688e+01,2.085099e+01,2.085099e+01,2.089929e+01,2.088549e+01,2.102338e+01,2.094757e+01,2.098893e+01,2.099582e+01,2.090619e+01,2.089929e+01,2.094757e+01,2.087169e+01,2.089929e+01,2.087169e+01,2.096135e+01,2.083719e+01,2.093377e+01,2.095446e+01,2.105094e+01,2.092688e+01,2.111291e+01,2.092688e+01,2.094067e+01,2.089929e+01,2.098203e+01,2.098893e+01,2.091998e+01,2.089239e+01,2.092688e+01,2.096135e+01,2.091308e+01,2.096825e+01,2.105094e+01,2.097514e+01,2.105782e+01,2.103716e+01,2.099582e+01,2.108537e+01,2.113355e+01,2.103716e+01,2.112667e+01,2.103716e+01,2.102338e+01,2.102338e+01,2.100960e+01,2.113355e+01,2.109225e+01,2.100271e+01,2.100960e+01,2.105782e+01,2.105094e+01,2.108537e+01,2.107848e+01,2.093377e+01,2.104405e+01,2.103716e+01,2.100960e+01,2.111979e+01,2.115420e+01,2.111979e+01,2.109914e+01,2.109914e+01,2.102338e+01,2.099582e+01,2.107160e+01,2.090619e+01,2.107160e+01,2.103716e+01,2.099582e+01,2.100271e+01,2.100960e+01,2.100960e+01,2.103716e+01,2.102338e+01,2.100960e+01,2.102338e+01,2.099582e+01,2.107848e+01,2.107160e+01,2.101649e+01,2.105094e+01,2.104405e+01,2.102338e+01,2.104405e+01,2.103027e+01,2.096135e+01,2.108537e+01,2.110602e+01,2.104405e+01,2.102338e+01,2.113355e+01,2.111291e+01,2.105094e+01,2.104405e+01,2.103027e+01,2.110602e+01,2.107160e+01,2.102338e+01,2.113355e+01,2.104405e+01,2.098203e+01,2.101649e+01,2.121611e+01,2.111979e+01,2.116108e+01,2.114732e+01,2.100271e+01,2.104405e+01,2.111291e+01,2.116108e+01,2.115420e+01,2.098203e+01,2.109225e+01,2.098203e+01
2.104405e+01,2.114044e+01,2.101649e+01,2.109225e+01,2.100271e+01,2.104405e+01,2.115420e+01,2.118172e+01,2.111979e+01,2.107160e+01,2.111979e+01,2.107848e+01,2.107160e+01,2.106471e+01,2.105782e+01,2.100271e+01,2.101649e+01,2.104405e+01,2.103716e+01,2.102338e+01,2.098893e+01,2.099582e+01,2.099582e+01,2.102338e+01,2.098203e+01,2.100271e+01,2.091308e+01,2.092688e+01,2.096825e+01,2.091998e+01,2.096825e+01,2.096825e+01,2.087169e+01,2.098203e+01,2.098203e+01,2.094757e+01,2.102338e+01,2.093377e+01,2.098893e+01,2.097514e+01,2.102338e+01,2.112667e+01,2.098893e+01,2.103716e+01,2.100271e+01,2.091308e+01,2.096135e+01,2.109225e+01,2.093377e+01,2.104405e+01,2.111291e+01,2.103716e+01,2.112667e+01,2.100271e+01,2.109225e+01,2.100960e+01,2.115420e+01,2.104405e+01,2.109914e+01,2.101649e+01,2.109225e+01,2.117484e+01,2.116108e+01,2.113355e+01,2.102338e+01,2.107160e+01,2.107160e+01,2.106471e+01,2.107160e+01,2.113355e+01,2.118860e+01,2.116796e+01,2.116108e+01,2.106471e+01,2.110602e+01,2.120923e+01,2.106471e+01,2.109225e+01,2.110602e+01,2.111291e+01,2.114732e+01,2.118172e+01,2.107848e+01,2.109914e+01,2.117484e+01,2.116108e+01,2.107848e+01,2.124361e+01,2.098893e+01,2.119548e+01,2.118860e+01,2.117484e+01,2.119548e+01,2.120923e+01,2.120923e+01,2.114044e+01,2.113355e+01,2.115420e+01,2.111291e+01,2.119548e+01,2.111979e+01,2.113355e+01,2.116108e+01,2.114732e+01,2.120923e+01,2.109914e+01,2.125736e+01,2.125736e+01,2.122298e+01,2.116796e+01,2.114732e+01,2.120923e+01,2.116108e+01,2.115420e+01,2.120923e+01,2.114732e+01,2.116108e+01,2.111979e+01,2.122986e+01,2.121611e+01,2.125048e+01,2.120235e+01,2.113355e+01,2.110602e+01,2.110602e+01,2.120235e+01,2.119548e+01,2.118172e+01,2.121611e+01,2.116108e+01,2.114044e+01,2.092688e+01,2.082338e+01,2.096135e+01,2.080957e+01,2.069213e+01,2.079576e+01,2.083719e+01,2.074742e+01,2.093377e+01,2.097514e+01,2.086479e+01,2.095446e+01,2.098893e+01,2.100960e+01,2.103027e+01,2.107160e+01,2.096135e+01,2.111979e+01,2.107160e+01,2.105094e+01,2.107160e+01,2.107160e+01,2.121611e+01,2.101649e+01,2.107160e+01,2.098893e+01,2.100271e+01,2.108537e+01,2.115420e+01,2.112667e+01,2.100271e+01,2.111291e+01,2.121611e+01,2.114044e+01,2.105094e+01,2.109225e+01,2.114044e+01,2.118860e+01,2.122298e+01,2.122298e+01,2.121611e+01,2.110602e+01,2.122298e+01,2.124361e+01,2.116796e+01,2.116108e+01,2.128485e+01,2.137415e+01,2.133981e+01,2.137415e+01,2.133294e+01,2.134668e+01,2.141533e+01,2.151137e+01,2.162787e+01,2.168949e+01,2.205843e+01,2.222198e+01,2.244643e+01,2.245322e+01,2.250756e+01,2.198338e+01,2.132607e+01,2.036673e+01,2.004027e+01,1.976858e+01,1.981042e+01,1.964991e+01,1.959402e+01,1.959402e+01,1.958703e+01,1.958703e+01,1.959402e+01,1.951712e+01,1.969879e+01,1.975462e+01,1.964293e+01,1.968483e+01,1.964293e+01,1.960800e+01,1.972671e+01,1.964991e+01,1.967785e+01,1.960101e+01,1.965689e+01,1.967785e+01,1.969181e+01,1.969879e+01,1.957305e+01,1.962896e+01,1.971973e+01,1.960101e+01,1.966388e+01,1.961498e+01,1.962197e+01,1.971973e+01,1.965689e+01,1.971275e+01,1.965689e+01,1.963594e+01,1.965689e+01,1.964991e+01,1.967785e+01,1.978253e+01,1.969181e+01,1.964991e+01,1.966388e+01,1.964991e+01,1.969181e+01,1.978253e+01,1.979647e+01,1.970577e+01,1.966388e+01,1.972671e+01,1.966388e+01,1.968483e+01,1.970577e+01,1.973369e+01,1.974067e+01,1.970577e+01,1.969879e+01,1.967086e+01,1.971275e+01,1.976160e+01,1.994979e+01,2.016542e+01,2.030430e+01,2.045684e+01,2.056763e+01,2.053995e+01,2.057456e+01,2.063682e+01,2.053303e+01,2.049840e+01,2.050533e+01,2.053995e+01,2.057456e+01,2.053303e+01,2.046377e+01,2.048455e+01,2.049840e+01,2.042912e+01,2.042912e+01,2.046377e+01,2.047070e+01,2.043605e+01,2.048455e+01,2.037366e+01,2.047070e+01,2.055379e+01,2.041526e+01,2.047070e+01,2.040140e+01,2.042912e+01,2.061607e+01,2.039447e+01,2.047762e+01,2.039447e+01,2.049840e+01,2.056071e+01,2.054687e+01,2.044991e+01,2.043605e+01,2.048455e+01,2.044991e+01,2.040140e+01,2.052610e+01,2.040140e+01,2.037366e+01,2.051225e+01,2.047070e+01,2.049148e+01,2.050533e+01,2.047070e+01,2.048455e+01,2.047762e+01,2.047070e+01,2.043605e+01,2.043605e+01,2.042912e+01,2.054687e+01,2.039447e+01,2.044298e+01,2.044298e+01,2.044991e+01,2.047070e+01,2.055379e+01,2.047762e+01,2.046377e+01,2.048455e+01,2.044991e+01,2.040833e+01,2.042219e+01,2.038060e+01,2.044991e+01,2.037366e+01,2.037366e+01,2.058840e+01,2.037366e+01,2.035286e+01,2.037366e+01,2.034592e+01,2.034592e+01,2.031818e+01,2.031124e+01,2.025571e+01,2.021405e+01,2.021405e+01,2.018627e+01,2.020711e+01,2.006810e+01,2.018627e+01,2.015848e+01,2.015153e+01,2.017932e+01,2.018627e+01,2.003332e+01,2.008896e+01,2.010287e+01,2.018627e+01,2.018627e+01,2.011677e+01,2.024183e+01,2.029736e+01,2.035980e+01,2.031124e+01,2.035980e+01,2.034592e+01,2.044991e+01,2.044298e+01,2.065757e+01,2.040833e+01,2.044298e+01,2.046377e+01,2.046377e+01,2.047070e+01,2.046377e+01,2.046377e+01,2.053995e+01,2.049840e+01,2.051225e+01,2.048455e+01,2.038753e+01,2.039447e+01,2.044298e+01,2.044991e+01,2.051225e+01,2.044298e+01,2.052610e+01,2.062299e+01,2.055379e+01,2.043605e+01,2.042219e+01,2.045684e+01,2.051225e+01,2.038753e+01,2.053303e+01,2.044298e+01,2.044991e+01,2.055379e+01,2.059531e+01,2.053995e+01,2.050533e+01,2.049148e+01,2.053303e+01,2.047070e+01,2.052610e+01,2.049840e+01,2.049840e+01,2.045684e+01,2.056763e+01,2.053995e+01,2.053995e+01,2.049840e+01,2.049840e+01,2.053995e+01,2.065065e+01,2.053995e+01,2.056763e+01,2.058148e+01,2.054687e+01,2.060223e+01,2.060223e+01,2.064374e+01,2.053995e+01,2.054687e+01,2.050533e+01,2.065757e+01,2.066448e+01,2.058148e+01,2.056071e+01,2.071287e+01,2.073360e+01,2.062299e+01,2.061607e+01,2.070596e+01,2.059531e+01,2.067139e+01,2.070596e+01,2.072669e+01,2.074742e+01,2.059531e+01,2.064374e+01,2.074051e+01,2.074742e+01,2.073360e+01,2.071287e+01,2.078195e+01,2.067139e+01,2.064374e+01,2.071287e+01,2.071978e+01,2.069213e+01,2.069213e+01,2.073360e+01,2.071287e+01,2.065065e+01,2.058840e+01,2.058148e+01,2.057456e+01,2.068522e+01,2.063682e+01,2.068522e+01,2.078195e+01,2.065065e+01,2.069213e+01,2.075432e+01,2.074051e+01,2.075432e+01,2.077505e+01,2.069905e+01,2.085789e+01,2.083719e+01,2.080957e+01,2.097514e+01,2.096135e+01,2.103027e+01,2.100271e+01,2.118172e+01,2.125736e+01,2.155250e+01,2.150451e+01,2.151823e+01,2.142906e+01,2.138788e+01,2.136728e+01,2.153194e+01,2.134668e+01,2.133981e+01,2.118172e+01,2.109914e+01,2.111979e+01,2.109225e+01,2.085099e+01,2.078886e+01,2.059531e+01,2.065065e+01,2.058148e+01,2.031818e+01,2.019321e+01,2.024877e+01,2.026266e+01,2.023489e+01,2.016542e+01,2.012372e+01,1.998460e+01,2.004027e+01,2.012372e+01,2.026266e+01,2.018627e+01,2.029042e+01,2.047762e+01,2.072669e+01,2.091998e+01,2.107160e+01,2.123674e+01,2.122298e+01,2.127110e+01,2.122298e+01,2.125736e+01,2.122298e+01,2.114732e+01,2.108537e+01,2.110602e+01,2.107160e+01,2.104405e+01,2.105094e+01,2.102338e+01,2.099582e+01,2.091998e+01,2.091308e+01,2.076123e+01,2.092688e+01,2.092688e+01,2.096135e+01,2.094067e+01,2.091998e+01,2.095446e+01,2.086479e+01,2.093377e+01,2.081648e+01,2.093377e+01,2.105782e+01,2.092688e+01,2.099582e+01,2.089929e+01,2.088549e+01,2.095446e+01,2.092688e+01,2.085789e+01,2.087169e+01,2.091998e+01,2.092688e+01,2.090619e+01,2.089929e+01,2.089239e+01,2.094757e+01,2.094067e+01,2.091308e+01,2.108537e+01,2.091998e+01,2.092688e+01,2.093377e+01,2.091998e+01,2.090619e+01,2.094757e+01,2.095446e+01,2.094757e+01,2.096135e+01,2.098893e+01,2.097514e+01,2.096135e+01,2.104405e+01,2.105782e+01,2.094757e+01,2.098203e+01,2.102338e+01,2.107160e+01,2.100271e+01,2.107160e+01,2.105782e+01,2.107160e+01,2.102338e+01,2.101649e+01,2.094757e+01,2.104405e+01,2.087169e+01,2.090619e+01,2.086479e+01,2.098893e+01,2.099582e+01,2.116796e+01,2.113355e+01,2.111979e+01,2.113355e+01,2.107160e+01,2.105782e+01,2.109225e+01,2.108537e+01,2.110602e+01,2.102338e+01,2.109225e+01,2.105094e+01,2.105094e+01,2.101649e+01,2.103027e+01,2.099582e+01,2.098893e+01,2.091308e+01,2.104405e+01,2.099582e+01,2.103716e+01,2.104405e+01,2.101649e+01,2.104405e+01,2.103027e+01,2.100960e+01,2.096825e+01,2.096825e+01,2.096825e+01,2.108537e+01,2.109225e+01,2.095446e+01,2.106471e+01,2.096825e+01,2.111979e+01,2.101649e+01,2.103027e+01,2.100960e+01,2.103716e+01,2.095446e+01,2.111979e+01,2.104405e+01,2.112667e+01,2.119548e+01,2.100271e+01,2.102338e+01,2.111979e+01,2.118172e+01,2.113355e+01,2.118860e+01,2.100271e+01,2.119548e+01,2.102338e+01,2.096825e+01,2.105782e+01,2.096135e+01,2.109225e+01,2.097514e+01
2.093377e+01,2.097514e+01,2.088549e+01,2.106471e+01,2.114732e+01,2.104405e+01,2.098203e+01,2.107160e+01,2.111291e+01,2.102338e+01,2.110602e+01,2.105782e+01,2.107848e+01,2.105094e+01,2.096135e+01,2.103027e+01,2.107160e+01,2.102338e+01,2.102338e+01,2.102338e+01,2.099582e+01,2.094757e+01,2.087169e+01,2.096825e+01,2.090619e+01,2.099582e+01,2.096135e+01,2.098203e+01,2.083028e+01,2.085789e+01,2.089239e+01,2.096135e+01,2.092688e+01,2.093377e+01,2.094067e+01,2.103716e+01,2.087859e+01,2.096825e+01,2.095446e+01,2.091998e+01,2.086479e+01,2.099582e+01,2.100271e+01,2.098203e+01,2.094067e+01,2.100271e+01,2.090619e+01,2.109914e+01,2.102338e+01,2.107848e+01,2.114044e+01,2.105782e+01,2.105782e+01,2.103716e+01,2.105782e+01,2.098203e+01,2.105782e+01,2.102338e+01,2.105782e+01,2.116796e+01,2.094757e+01,2.098893e+01,2.113355e+01,2.100271e+01,2.103027e+01,2.108537e+01,2.107848e+01,2.110602e+01,2.109914e+01,2.113355e+01,2.104405e+01,2.111291e+01,2.107848e+01,2.111979e+01,2.111979e+01,2.107848e+01,2.106471e+01,2.107160e+01,2.114044e+01,2.111291e+01,2.114732e+01,2.103716e+01,2.103716e+01,2.113355e+01,2.116108e+01,2.114732e+01,2.110602e+01,2.116796e+01,2.121611e+01,2.112667e+01,2.123674e+01,2.114044e+01,2.104405e+01,2.115420e+01,2.113355e+01,2.115420e+01,2.114732e+01,2.118860e+01,2.120235e+01,2.112667e+01,2.116796e+01,2.111979e+01,2.113355e+01,2.112667e+01,2.120235e+01,2.138788e+01,2.125048e+01,2.111291e+01,2.116108e+01,2.116108e+01,2.118172e+01,2.125736e+01,2.115420e+01,2.115420e+01,2.120235e+01,2.119548e+01,2.120923e+01,2.114732e+01,2.118172e+01,2.116108e+01,2.120235e+01,2.114044e+01,2.126423e+01,2.130546e+01,2.123674e+01,2.111291e+01,2.122298e+01,2.121611e+01,2.116108e+01,2.111979e+01,2.108537e+01,2.102338e+01,2.099582e+01,2.103716e+01,2.090619e+01,2.083028e+01,2.116796e+01,2.094067e+01,2.094757e+01,2.111291e+01,2.114044e+01,2.107848e+01,2.107848e+01,2.122298e+01,2.109225e+01,2.115420e+01,2.103716e+01,2.102338e+01,2.119548e+01,2.110602e+01,2.109914e+01,2.118172e+01,2.109225e+01,2.109225e+01,2.106471e+01,2.118172e+01,2.099582e+01,2.119548e+01,2.100271e+01,2.111979e+01,2.109914e+01,2.103716e+01,2.114044e+01,2.116796e+01,2.115420e+01,2.121611e+01,2.110602e+01,2.108537e+01,2.118860e+01,2.116108e+01,2.109914e+01,2.120235e+01,2.117484e+01,2.118860e+01,2.124361e+01,2.125736e+01,2.125048e+01,2.127798e+01,2.122298e+01,2.130546e+01,2.127798e+01,2.127798e+01,2.140847e+01,2.151823e+01,2.164157e+01,2.162787e+01,2.192194e+01,2.210616e+01,2.232406e+01,2.248719e+01,2.256865e+01,2.246002e+01,2.164157e+01,2.100960e+01,2.005419e+01,1.977555e+01,1.964991e+01,1.961498e+01,1.973369e+01,1.952411e+01,1.962896e+01,1.955208e+01,1.948215e+01,1.964991e+01,1.949614e+01,1.966388e+01,1.969181e+01,1.960101e+01,1.960800e+01,1.963594e+01,1.967785e+01,1.952411e+01,1.967086e+01,1.959402e+01,1.956606e+01,1.960101e+01,1.967785e+01,1.958703e+01,1.967086e+01,1.964991e+01,1.956606e+01,1.975462e+01,1.965689e+01,1.960101e+01,1.961498e+01,1.965689e+01,1.962197e+01,1.965689e+01,1.964293e+01,1.975462e+01,1.971275e+01,1.967785e+01,1.968483e+01,1.969181e+01,1.964293e+01,1.984528e+01,1.968483e+01,1.969181e+01,1.964991e+01,1.969181e+01,1.975462e+01,1.969879e+01,1.969181e+01,1.972671e+01,1.967086e+01,1.969181e+01,1.967086e+01,1.970577e+01,1.971275e+01,1.972671e+01,1.958703e+01,1.967785e+01,1.970577e+01,1.973369e+01,2.001244e+01,1.999156e+01,2.031124e+01,2.032512e+01,2.056763e+01,2.056071e+01,2.056763e+01,2.056763e+01,2.051918e+01,2.045684e+01,2.059531e+01,2.049148e+01,2.046377e+01,2.055379e+01,2.043605e+01,2.044298e+01,2.047070e+01,2.047070e+01,2.039447e+01,2.049148e+01,2.041526e+01,2.047070e+01,2.038753e+01,2.042912e+01,2.042912e+01,2.040833e+01,2.040833e+01,2.040833e+01,2.051918e+01,2.033899e+01,2.045684e+01,2.037366e+01,2.047762e+01,2.047070e+01,2.047070e+01,2.049840e+01,2.053303e+01,2.049148e+01,2.045684e+01,2.045684e+01,2.040833e+01,2.042912e+01,2.047070e+01,2.049148e+01,2.043605e+01,2.043605e+01,2.052610e+01,2.047070e+01,2.051918e+01,2.052610e+01,2.044298e+01,2.046377e+01,2.050533e+01,2.047070e+01,2.046377e+01,2.053303e+01,2.042219e+01,2.051918e+01,2.044991e+01,2.051225e+01,2.047762e+01,2.047070e+01,2.044991e+01,2.046377e+01,2.043605e+01,2.048455e+01,2.048455e+01,2.046377e+01,2.047070e+01,2.039447e+01,2.044991e+01,2.038060e+01,2.026960e+01,2.036673e+01,2.039447e+01,2.050533e+01,2.036673e+01,2.035286e+01,2.030430e+01,2.035286e+01,2.032512e+01,2.033205e+01,2.029736e+01,2.030430e+01,2.024183e+01,2.015848e+01,2.016542e+01,2.024183e+01,2.022100e+01,2.023489e+01,2.025571e+01,1.999156e+01,2.015848e+01,2.009591e+01,2.015848e+01,2.023489e+01,2.021405e+01,2.023489e+01,2.027654e+01,2.032512e+01,2.041526e+01,2.030430e+01,2.040833e+01,2.039447e+01,2.043605e+01,2.037366e+01,2.037366e+01,2.034592e+01,2.045684e+01,2.037366e+01,2.045684e+01,2.044991e+01,2.045684e+01,2.047762e+01,2.045684e+01,2.044991e+01,2.043605e+01,2.047070e+01,2.039447e+01,2.050533e+01,2.037366e+01,2.036673e+01,2.042219e+01,2.050533e+01,2.044298e+01,2.039447e+01,2.049148e+01,2.044298e+01,2.046377e+01,2.042912e+01,2.046377e+01,2.051918e+01,2.042219e+01,2.035286e+01,2.055379e+01,2.056763e+01,2.056071e+01,2.056071e+01,2.047070e+01,2.042912e+01,2.058148e+01,2.052610e+01,2.048455e+01,2.058148e+01,2.056763e+01,2.047070e+01,2.044991e+01,2.051225e+01,2.045684e+01,2.053303e+01,2.054687e+01,2.040140e+01,2.060915e+01,2.054687e+01,2.042219e+01,2.042219e+01,2.046377e+01,2.059531e+01,2.064374e+01,2.058840e+01,2.058840e+01,2.062299e+01,2.062990e+01,2.065757e+01,2.051225e+01,2.065065e+01,2.053995e+01,2.062990e+01,2.061607e+01,2.068522e+01,2.064374e+01,2.063682e+01,2.062299e+01,2.065065e+01,2.068522e+01,2.069213e+01,2.068522e+01,2.064374e+01,2.061607e+01,2.067139e+01,2.070596e+01,2.064374e+01,2.074742e+01,2.071287e+01,2.072669e+01,2.067831e+01,2.071287e+01,2.071287e+01,2.066448e+01,2.069213e+01,2.068522e+01,2.069213e+01,2.065757e+01,2.073360e+01,2.064374e+01,2.063682e+01,2.064374e+01,2.065065e+01,2.064374e+01,2.062990e+01,2.074051e+01,2.076814e+01,2.073360e+01,2.080267e+01,2.076123e+01,2.077505e+01,2.067831e+01,2.078195e+01,2.080267e+01,2.075432e+01,2.073360e+01,2.090619e+01,2.065065e+01,2.095446e+01,2.100960e+01,2.120923e+01,2.105782e+01,2.131920e+01,2.127798e+01,2.131920e+01,2.115420e+01,2.105782e+01,2.114044e+01,2.116108e+01,2.114732e+01,2.108537e+01,2.096135e+01,2.084409e+01,2.089929e+01,2.082338e+01,2.083719e+01,2.074051e+01,2.059531e+01,2.026266e+01,2.025571e+01,2.029736e+01,2.029042e+01,2.029042e+01,2.020711e+01,2.017237e+01,2.019321e+01,2.013068e+01,2.008896e+01,2.005419e+01,2.012372e+01,2.010982e+01,2.016542e+01,2.036673e+01,2.043605e+01,2.069905e+01,2.083719e+01,2.105094e+01,2.122986e+01,2.129172e+01,2.129172e+01,2.125736e+01,2.129859e+01,2.117484e+01,2.109914e+01,2.115420e+01,2.114732e+01,2.108537e+01,2.106471e+01,2.103716e+01,2.089239e+01,2.091308e+01,2.089929e+01,2.089929e+01,2.078886e+01,2.088549e+01,2.095446e+01,2.090619e+01,2.092688e+01,2.093377e+01,2.083719e+01,2.078195e+01,2.097514e+01,2.087169e+01,2.092688e+01,2.095446e+01,2.090619e+01,2.091308e+01,2.098203e+01,2.096825e+01,2.088549e+01,2.095446e+01,2.073360e+01,2.109914e+01,2.088549e+01,2.100960e+01,2.098203e+01,2.089929e+01,2.088549e+01,2.091308e+01,2.088549e+01,2.105094e+01,2.096825e+01,2.090619e+01,2.097514e+01,2.092688e+01,2.090619e+01,2.094067e+01,2.093377e+01,2.100960e+01,2.098893e+01,2.111979e+01,2.092688e+01,2.094067e+01,2.103716e+01,2.103716e+01,2.128485e+01,2.105094e+01,2.098203e+01,2.098893e+01,2.102338e+01,2.103716e+01,2.091998e+01,2.099582e+01,2.096825e+01,2.108537e+01,2.099582e+01,2.107848e+01,2.109914e+01,2.098203e+01,2.096135e+01,2.103716e+01,2.090619e+01,2.104405e+01,2.098893e+01,2.105782e+01,2.105782e+01,2.105094e+01,2.107848e+01,2.102338e+01,2.104405e+01,2.106471e+01,2.118860e+01,2.105782e+01,2.113355e+01,2.105782e+01,2.099582e+01,2.089239e+01,2.103716e+01,2.090619e+01,2.106471e+01,2.106471e+01,2.103027e+01,2.103716e+01,2.100271e+01,2.105094e+01,2.109914e+01,2.103027e+01,2.104405e+01,2.105782e+01,2.102338e+01,2.107160e+01,2.096825e+01,2.105782e+01,2.095446e+01,2.091308e+01,2.103716e+01,2.100271e+01,2.098203e+01,2.096825e+01,2.103027e+01,2.109914e+01,2.103716e+01,2.104405e+01,2.114732e+01,2.112667e+01,2.108537e+01,2.118172e+01,2.103716e+01,2.113355e+01,2.103716e+01,2.111979e+01,2.117484e+01,2.098893e+01,2.098893e+01,2.111291e+01,2.101649e+01,2.110602e+01,2.099582e+01,2.096135e+01,2.111291e+01,2.109914e+01
2.098893e+01,2.096135e+01,2.097514e+01,2.086479e+01,2.101649e+01,2.115420e+01,2.105094e+01,2.104405e+01,2.103027e+01,2.104405e+01,2.106471e+01,2.115420e+01,2.100960e+01,2.111291e+01,2.098203e+01,2.100271e+01,2.110602e+01,2.107848e+01,2.106471e+01,2.108537e+01,2.092688e+01,2.098203e+01,2.094757e+01,2.089239e+01,2.101649e+01,2.086479e+01,2.089239e+01,2.094757e+01,2.098203e+01,2.100271e+01,2.083028e+01,2.097514e+01,2.085789e+01,2.094067e+01,2.094067e+01,2.107848e+01,2.096135e+01,2.102338e+01,2.098893e+01,2.100271e+01,2.100271e+01,2.096135e+01,2.103027e+01,2.100271e+01,2.095446e+01,2.094757e+01,2.097514e+01,2.099582e+01,2.112667e+01,2.109225e+01,2.105094e+01,2.105782e+01,2.103027e+01,2.105094e+01,2.106471e+01,2.101649e+01,2.105094e+01,2.105782e+01,2.104405e+01,2.102338e+01,2.114732e+01,2.102338e+01,2.108537e+01,2.103027e+01,2.114044e+01,2.113355e+01,2.112667e+01,2.107848e+01,2.107160e+01,2.099582e+01,2.109225e+01,2.114044e+01,2.119548e+01,2.112667e+01,2.120923e+01,2.108537e+01,2.108537e+01,2.108537e+01,2.107848e+01,2.111979e+01,2.109914e+01,2.111979e+01,2.111979e+01,2.106471e+01,2.116108e+01,2.114044e+01,2.125736e+01,2.111979e+01,2.108537e+01,2.111979e+01,2.112667e+01,2.110602e+01,2.108537e+01,2.111979e+01,2.114732e+01,2.118172e+01,2.114044e+01,2.114732e+01,2.114732e+01,2.111291e+01,2.110602e+01,2.115420e+01,2.114732e+01,2.114044e+01,2.120923e+01,2.125048e+01,2.116796e+01,2.114732e+01,2.127110e+01,2.122986e+01,2.123674e+01,2.123674e+01,2.118172e+01,2.121611e+01,2.119548e+01,2.117484e+01,2.117484e+01,2.114732e+01,2.121611e+01,2.118860e+01,2.122298e+01,2.114044e+01,2.120923e+01,2.116796e+01,2.120923e+01,2.120923e+01,2.120235e+01,2.120923e+01,2.116108e+01,2.116796e+01,2.116796e+01,2.107160e+01,2.110602e+01,2.101649e+01,2.116796e+01,2.108537e+01,2.101649e+01,2.116108e+01,2.122298e+01,2.120923e+01,2.124361e+01,2.114732e+01,2.122986e+01,2.105094e+01,2.120235e+01,2.122298e+01,2.112667e+01,2.100960e+01,2.118172e+01,2.123674e+01,2.115420e+01,2.116796e+01,2.118172e+01,2.122986e+01,2.110602e+01,2.106471e+01,2.113355e+01,2.129172e+01,2.108537e+01,2.108537e+01,2.111291e+01,2.105782e+01,2.115420e+01,2.114044e+01,2.120923e+01,2.107160e+01,2.113355e+01,2.111291e+01,2.115420e+01,2.116796e+01,2.116796e+01,2.123674e+01,2.119548e+01,2.121611e+01,2.114732e+01,2.122298e+01,2.116108e+01,2.125048e+01,2.132607e+01,2.139474e+01,2.138101e+01,2.139474e+01,2.149080e+01,2.155936e+01,2.146336e+01,2.155936e+01,2.192877e+01,2.214705e+01,2.241245e+01,2.258901e+01,2.265683e+01,2.243284e+01,2.165526e+01,2.100960e+01,2.004723e+01,1.978253e+01,1.976160e+01,1.970577e+01,1.977555e+01,1.955907e+01,1.969181e+01,1.951712e+01,1.978950e+01,1.953111e+01,1.958004e+01,1.951712e+01,1.967086e+01,1.956606e+01,1.964293e+01,1.955208e+01,1.967086e+01,1.974764e+01,1.963594e+01,1.965689e+01,1.971275e+01,1.959402e+01,1.960800e+01,1.966388e+01,1.963594e+01,1.962197e+01,1.960101e+01,1.959402e+01,1.964991e+01,1.967086e+01,1.958004e+01,1.964991e+01,1.970577e+01,1.965689e+01,1.976160e+01,1.970577e+01,1.971275e+01,1.976160e+01,1.973369e+01,1.974764e+01,1.969879e+01,1.976160e+01,1.967086e+01,1.971275e+01,1.967086e+01,1.969879e+01,1.982437e+01,1.974067e+01,1.970577e+01,1.971275e+01,1.968483e+01,1.967086e+01,1.967785e+01,1.969879e+01,1.976858e+01,1.995675e+01,1.976160e+01,1.968483e+01,1.999852e+01,1.974067e+01,2.001244e+01,2.008201e+01,2.042912e+01,2.033205e+01,2.060223e+01,2.061607e+01,2.059531e+01,2.061607e+01,2.051225e+01,2.051918e+01,2.051225e+01,2.049840e+01,2.041526e+01,2.040833e+01,2.047762e+01,2.052610e+01,2.049840e+01,2.043605e+01,2.044991e+01,2.040140e+01,2.042912e+01,2.042912e+01,2.038753e+01,2.038753e+01,2.040833e+01,2.049148e+01,2.038753e+01,2.038753e+01,2.039447e+01,2.042912e+01,2.035980e+01,2.041526e+01,2.047762e+01,2.050533e+01,2.043605e+01,2.048455e+01,2.049840e+01,2.044991e+01,2.050533e+01,2.042912e+01,2.040140e+01,2.046377e+01,2.040140e+01,2.047762e+01,2.048455e+01,2.052610e+01,2.052610e+01,2.051918e+01,2.047070e+01,2.050533e+01,2.047070e+01,2.043605e+01,2.048455e+01,2.056071e+01,2.044991e+01,2.042219e+01,2.052610e+01,2.055379e+01,2.055379e+01,2.045684e+01,2.050533e+01,2.045684e+01,2.047070e+01,2.047762e+01,2.048455e+01,2.044298e+01,2.046377e+01,2.047762e+01,2.047070e+01,2.041526e+01,2.035980e+01,2.044991e+01,2.039447e+01,2.039447e+01,2.038753e+01,2.036673e+01,2.038060e+01,2.039447e+01,2.035286e+01,2.031818e+01,2.040140e+01,2.041526e+01,2.033205e+01,2.035286e+01,2.030430e+01,2.033899e+01,2.028348e+01,2.022794e+01,2.028348e+01,2.016542e+01,2.017932e+01,2.014458e+01,2.024877e+01,2.015153e+01,2.027654e+01,2.019321e+01,2.026960e+01,2.031124e+01,2.027654e+01,2.032512e+01,2.038753e+01,2.035980e+01,2.043605e+01,2.044298e+01,2.041526e+01,2.047070e+01,2.042912e+01,2.046377e+01,2.039447e+01,2.046377e+01,2.046377e+01,2.047070e+01,2.044298e+01,2.047070e+01,2.048455e+01,2.046377e+01,2.051225e+01,2.039447e+01,2.051918e+01,2.049148e+01,2.040833e+01,2.054687e+01,2.047762e+01,2.049148e+01,2.042219e+01,2.047762e+01,2.054687e+01,2.050533e+01,2.043605e+01,2.046377e+01,2.074742e+01,2.041526e+01,2.036673e+01,2.044991e+01,2.044298e+01,2.047070e+01,2.042912e+01,2.047762e+01,2.039447e+01,2.051918e+01,2.058148e+01,2.040140e+01,2.049840e+01,2.047762e+01,2.049148e+01,2.053995e+01,2.042912e+01,2.050533e+01,2.062299e+01,2.053303e+01,2.055379e+01,2.054687e+01,2.053995e+01,2.054687e+01,2.041526e+01,2.042912e+01,2.046377e+01,2.053303e+01,2.060223e+01,2.055379e+01,2.061607e+01,2.047762e+01,2.053995e+01,2.051918e+01,2.058840e+01,2.061607e+01,2.056763e+01,2.059531e+01,2.058148e+01,2.049148e+01,2.061607e+01,2.071978e+01,2.059531e+01,2.071287e+01,2.065757e+01,2.065757e+01,2.071287e+01,2.069905e+01,2.069213e+01,2.062299e+01,2.071978e+01,2.067139e+01,2.069905e+01,2.072669e+01,2.077505e+01,2.071978e+01,2.076814e+01,2.083028e+01,2.067831e+01,2.078195e+01,2.066448e+01,2.069905e+01,2.068522e+01,2.065757e+01,2.069213e+01,2.067139e+01,2.074742e+01,2.066448e+01,2.066448e+01,2.062990e+01,2.061607e+01,2.067831e+01,2.076123e+01,2.077505e+01,2.076814e+01,2.067139e+01,2.068522e+01,2.077505e+01,2.080267e+01,2.085789e+01,2.069213e+01,2.089239e+01,2.071287e+01,2.097514e+01,2.100271e+01,2.085099e+01,2.095446e+01,2.103716e+01,2.107160e+01,2.105782e+01,2.118860e+01,2.107848e+01,2.108537e+01,2.097514e+01,2.096135e+01,2.097514e+01,2.089239e+01,2.079576e+01,2.078886e+01,2.079576e+01,2.076814e+01,2.068522e+01,2.057456e+01,2.060223e+01,2.029736e+01,2.029736e+01,2.015848e+01,2.026960e+01,2.021405e+01,2.013068e+01,2.021405e+01,2.005419e+01,2.009591e+01,2.010982e+01,2.018627e+01,2.014458e+01,2.008896e+01,2.036673e+01,2.049148e+01,2.082338e+01,2.107848e+01,2.105094e+01,2.120923e+01,2.139474e+01,2.142220e+01,2.143592e+01,2.137415e+01,2.129859e+01,2.116796e+01,2.116108e+01,2.112667e+01,2.109225e+01,2.105094e+01,2.107848e+01,2.100960e+01,2.103716e+01,2.094757e+01,2.094757e+01,2.100960e+01,2.098893e+01,2.087169e+01,2.089239e+01,2.094067e+01,2.081648e+01,2.085099e+01,2.098893e+01,2.082338e+01,2.094757e+01,2.089929e+01,2.100960e+01,2.091998e+01,2.091308e+01,2.091308e+01,2.100271e+01,2.095446e+01,2.105782e+01,2.130546e+01,2.121611e+01,2.099582e+01,2.098203e+01,2.098893e+01,2.096135e+01,2.091308e+01,2.089929e+01,2.094067e+01,2.089929e+01,2.092688e+01,2.091308e+01,2.089239e+01,2.089239e+01,2.105094e+01,2.095446e+01,2.093377e+01,2.096825e+01,2.095446e+01,2.103716e+01,2.099582e+01,2.098203e+01,2.108537e+01,2.103027e+01,2.106471e+01,2.114044e+01,2.115420e+01,2.096135e+01,2.104405e+01,2.096825e+01,2.100960e+01,2.102338e+01,2.109225e+01,2.096135e+01,2.098203e+01,2.098203e+01,2.098203e+01,2.108537e+01,2.094067e+01,2.092688e+01,2.112667e+01,2.103716e+01,2.103027e+01,2.109225e+01,2.105782e+01,2.115420e+01,2.103027e+01,2.106471e+01,2.107160e+01,2.100960e+01,2.109225e+01,2.099582e+01,2.106471e+01,2.102338e+01,2.105094e+01,2.100960e+01,2.106471e+01,2.105094e+01,2.104405e+01,2.108537e+01,2.106471e+01,2.128485e+01,2.104405e+01,2.105782e+01,2.107848e+01,2.108537e+01,2.105094e+01,2.100271e+01,2.102338e+01,2.108537e+01,2.107160e+01,2.108537e+01,2.131920e+01,2.106471e+01,2.098203e+01,2.098203e+01,2.111291e+01,2.096825e+01,2.076814e+01,2.114732e+01,2.100960e+01,2.114044e+01,2.107848e+01,2.105094e+01,2.119548e+01,2.096825e+01,2.120923e+01,2.113355e+01,2.107848e+01,2.103716e+01,2.115420e+01,2.111979e+01,2.099582e+01,2.112667e+01,2.099582e+01,2.108537e+01,2.111291e+01,2.111291e+01,2.112667e+01,2.096135e+01
2.106471e+01,2.107160e+01,2.101649e+01,2.101649e+01,2.098203e+01,2.107160e+01,2.103716e+01,2.104405e+01,2.102338e+01,2.101649e+01,2.103027e+01,2.105782e+01,2.102338e+01,2.108537e+01,2.102338e+01,2.106471e+01,2.115420e+01,2.105782e+01,2.103716e+01,2.128485e+01,2.105782e+01,2.103716e+01,2.092688e+01,2.085789e+01,2.097514e+01,2.099582e+01,2.086479e+01,2.085099e+01,2.094067e+01,2.099582e+01,2.083719e+01,2.088549e+01,2.099582e+01,2.101649e+01,2.092688e+01,2.109914e+01,2.103027e+01,2.099582e+01,2.099582e+01,2.100271e+01,2.101649e+01,2.115420e+01,2.101649e+01,2.100271e+01,2.101649e+01,2.102338e+01,2.106471e+01,2.107160e+01,2.102338e+01,2.102338e+01,2.118860e+01,2.100271e+01,2.105782e+01,2.099582e+01,2.105782e+01,2.108537e+01,2.101649e+01,2.102338e+01,2.105094e+01,2.097514e+01,2.104405e+01,2.105782e+01,2.097514e+01,2.113355e+01,2.115420e+01,2.109914e+01,2.106471e+01,2.111979e+01,2.105782e+01,2.120235e+01,2.106471e+01,2.105782e+01,2.110602e+01,2.111291e+01,2.110602e+01,2.107848e+01,2.107160e+01,2.108537e+01,2.111979e+01,2.109914e+01,2.101649e+01,2.098203e+01,2.105782e+01,2.103716e+01,2.109225e+01,2.111979e+01,2.121611e+01,2.112667e+01,2.111979e+01,2.129172e+01,2.109914e+01,2.116108e+01,2.110602e+01,2.113355e+01,2.114732e+01,2.114732e+01,2.114732e+01,2.116108e+01,2.117484e+01,2.113355e+01,2.121611e+01,2.113355e+01,2.114732e+01,2.113355e+01,2.114732e+01,2.118172e+01,2.122298e+01,2.114732e+01,2.115420e+01,2.104405e+01,2.123674e+01,2.117484e+01,2.120235e+01,2.115420e+01,2.121611e+01,2.120235e+01,2.133294e+01,2.121611e+01,2.112667e+01,2.111291e+01,2.123674e+01,2.116796e+01,2.121611e+01,2.118172e+01,2.110602e+01,2.121611e+01,2.121611e+01,2.122986e+01,2.111291e+01,2.116796e+01,2.109914e+01,2.107848e+01,2.118172e+01,2.107848e+01,2.112667e+01,2.111979e+01,2.106471e+01,2.118860e+01,2.114044e+01,2.116108e+01,2.121611e+01,2.110602e+01,2.110602e+01,2.122298e+01,2.122298e+01,2.120923e+01,2.116108e+01,2.114732e+01,2.125736e+01,2.116796e+01,2.113355e+01,2.120235e+01,2.123674e+01,2.120923e+01,2.109225e+01,2.120235e+01,2.117484e+01,2.109225e+01,2.125736e+01,2.106471e+01,2.116108e+01,2.110602e+01,2.115420e+01,2.098893e+01,2.116108e+01,2.123674e+01,2.122298e+01,2.119548e+01,2.118172e+01,2.118860e+01,2.115420e+01,2.114732e+01,2.125048e+01,2.131920e+01,2.122298e+01,2.122986e+01,2.135355e+01,2.137415e+01,2.133294e+01,2.140847e+01,2.138788e+01,2.139474e+01,2.146336e+01,2.156621e+01,2.157991e+01,2.186729e+01,2.196973e+01,2.210616e+01,2.237847e+01,2.260936e+01,2.266361e+01,2.217430e+01,2.144964e+01,2.059531e+01,2.004027e+01,1.973369e+01,1.978950e+01,1.967785e+01,1.965689e+01,1.976160e+01,1.957305e+01,1.961498e+01,1.953810e+01,1.949614e+01,1.969181e+01,1.971275e+01,1.965689e+01,1.962896e+01,1.971973e+01,1.969181e+01,1.965689e+01,1.971275e+01,1.964991e+01,1.968483e+01,1.979647e+01,1.981042e+01,1.966388e+01,1.965689e+01,1.962896e+01,1.962896e+01,1.967086e+01,1.973369e+01,1.964293e+01,1.964293e+01,1.966388e+01,1.970577e+01,1.964293e+01,1.961498e+01,1.972671e+01,1.972671e+01,1.974764e+01,1.971275e+01,1.971973e+01,1.969879e+01,1.974067e+01,1.970577e+01,1.974067e+01,1.971973e+01,1.961498e+01,1.982437e+01,1.981042e+01,1.979647e+01,1.978253e+01,1.971973e+01,1.970577e+01,1.980345e+01,1.966388e+01,1.977555e+01,1.962197e+01,1.978950e+01,1.972671e+01,1.974764e+01,1.982437e+01,1.985225e+01,1.999852e+01,2.024183e+01,2.036673e+01,2.051225e+01,2.057456e+01,2.045684e+01,2.057456e+01,2.062299e+01,2.058840e+01,2.046377e+01,2.054687e+01,2.053995e+01,2.067139e+01,2.048455e+01,2.042912e+01,2.050533e+01,2.045684e+01,2.047070e+01,2.046377e+01,2.040140e+01,2.040140e+01,2.051225e+01,2.044991e+01,2.042219e+01,2.051225e+01,2.047762e+01,2.056763e+01,2.040140e+01,2.030430e+01,2.038753e+01,2.040140e+01,2.040140e+01,2.049148e+01,2.048455e+01,2.047762e+01,2.050533e+01,2.046377e+01,2.040140e+01,2.049148e+01,2.042219e+01,2.043605e+01,2.041526e+01,2.042912e+01,2.044298e+01,2.047762e+01,2.052610e+01,2.050533e+01,2.050533e+01,2.052610e+01,2.065757e+01,2.054687e+01,2.045684e+01,2.044298e+01,2.045684e+01,2.056763e+01,2.044991e+01,2.053995e+01,2.051918e+01,2.041526e+01,2.044298e+01,2.050533e+01,2.044991e+01,2.049840e+01,2.047762e+01,2.047070e+01,2.047070e+01,2.050533e+01,2.044298e+01,2.041526e+01,2.039447e+01,2.040140e+01,2.043605e+01,2.038753e+01,2.037366e+01,2.036673e+01,2.044991e+01,2.044991e+01,2.038753e+01,2.033205e+01,2.035286e+01,2.046377e+01,2.035980e+01,2.033899e+01,2.041526e+01,2.029736e+01,2.051225e+01,2.032512e+01,2.021405e+01,2.025571e+01,2.020711e+01,2.018627e+01,2.029736e+01,2.024183e+01,2.022794e+01,2.027654e+01,2.026266e+01,2.033899e+01,2.030430e+01,2.033899e+01,2.036673e+01,2.035286e+01,2.042219e+01,2.040833e+01,2.049840e+01,2.040140e+01,2.045684e+01,2.050533e+01,2.047762e+01,2.047762e+01,2.046377e+01,2.045684e+01,2.049840e+01,2.049840e+01,2.051225e+01,2.053303e+01,2.049840e+01,2.047762e+01,2.067831e+01,2.053303e+01,2.054687e+01,2.053995e+01,2.053303e+01,2.050533e+01,2.042219e+01,2.050533e+01,2.043605e+01,2.047762e+01,2.044991e+01,2.042219e+01,2.044298e+01,2.042912e+01,2.040140e+01,2.047762e+01,2.045684e+01,2.047070e+01,2.043605e+01,2.058148e+01,2.061607e+01,2.059531e+01,2.059531e+01,2.038753e+01,2.047762e+01,2.054687e+01,2.054687e+01,2.048455e+01,2.053303e+01,2.062990e+01,2.061607e+01,2.054687e+01,2.054687e+01,2.052610e+01,2.049840e+01,2.078195e+01,2.056763e+01,2.044298e+01,2.058840e+01,2.053995e+01,2.046377e+01,2.057456e+01,2.053995e+01,2.060915e+01,2.061607e+01,2.053303e+01,2.058148e+01,2.054687e+01,2.065065e+01,2.057456e+01,2.058148e+01,2.072669e+01,2.058148e+01,2.060223e+01,2.067831e+01,2.069905e+01,2.061607e+01,2.061607e+01,2.071287e+01,2.060223e+01,2.068522e+01,2.069905e+01,2.074051e+01,2.070596e+01,2.064374e+01,2.076814e+01,2.071978e+01,2.075432e+01,2.076123e+01,2.065757e+01,2.077505e+01,2.076123e+01,2.076123e+01,2.067139e+01,2.080267e+01,2.071287e+01,2.069213e+01,2.063682e+01,2.069905e+01,2.068522e+01,2.068522e+01,2.060915e+01,2.064374e+01,2.082338e+01,2.079576e+01,2.077505e+01,2.077505e+01,2.076123e+01,2.066448e+01,2.075432e+01,2.078886e+01,2.071978e+01,2.091308e+01,2.071978e+01,2.089929e+01,2.076814e+01,2.089929e+01,2.090619e+01,2.074742e+01,2.094067e+01,2.098893e+01,2.088549e+01,2.100271e+01,2.110602e+01,2.077505e+01,2.083028e+01,2.091308e+01,2.091998e+01,2.083028e+01,2.076814e+01,2.069905e+01,2.058148e+01,2.075432e+01,2.048455e+01,2.052610e+01,2.042912e+01,2.034592e+01,2.030430e+01,2.021405e+01,2.027654e+01,2.015848e+01,2.015153e+01,2.004027e+01,2.013068e+01,2.006114e+01,2.010287e+01,2.006810e+01,2.019321e+01,2.020711e+01,2.018627e+01,2.035980e+01,2.067831e+01,2.096825e+01,2.109914e+01,2.120923e+01,2.143592e+01,2.155936e+01,2.139474e+01,2.125736e+01,2.128485e+01,2.122298e+01,2.111291e+01,2.119548e+01,2.112667e+01,2.107160e+01,2.104405e+01,2.100960e+01,2.107160e+01,2.110602e+01,2.091308e+01,2.097514e+01,2.085789e+01,2.089239e+01,2.087169e+01,2.083719e+01,2.091998e+01,2.079576e+01,2.081648e+01,2.078195e+01,2.088549e+01,2.085789e+01,2.091998e+01,2.107160e+01,2.091998e+01,2.094067e+01,2.102338e+01,2.094757e+01,2.092688e+01,2.089239e+01,2.090619e+01,2.090619e+01,2.091998e+01,2.097514e+01,2.089929e+01,2.098203e+01,2.091998e+01,2.094067e+01,2.091308e+01,2.091308e+01,2.096135e+01,2.098203e+01,2.097514e+01,2.082338e+01,2.095446e+01,2.089929e+01,2.093377e+01,2.096825e+01,2.097514e+01,2.096135e+01,2.099582e+01,2.096825e+01,2.100960e+01,2.109914e+01,2.099582e+01,2.107160e+01,2.104405e+01,2.092688e+01,2.100271e+01,2.113355e+01,2.099582e+01,2.105094e+01,2.105094e+01,2.107848e+01,2.096825e+01,2.101649e+01,2.114044e+01,2.105094e+01,2.118172e+01,2.107160e+01,2.120923e+01,2.118172e+01,2.115420e+01,2.112667e+01,2.104405e+01,2.107160e+01,2.105782e+01,2.100271e+01,2.106471e+01,2.114044e+01,2.101649e+01,2.086479e+01,2.107160e+01,2.110602e+01,2.107160e+01,2.110602e+01,2.100271e+01,2.085099e+01,2.099582e+01,2.089239e+01,2.100271e+01,2.114044e+01,2.096135e+01,2.123674e+01,2.100960e+01,2.101649e+01,2.110602e+01,2.103027e+01,2.105782e+01,2.108537e+01,2.096825e+01,2.109225e+01,2.107848e+01,2.093377e+01,2.109914e+01,2.107848e+01,2.109225e+01,2.105782e+01,2.103716e+01,2.096825e+01,2.105094e+01,2.107160e+01,2.109225e+01,2.105094e+01,2.107848e+01,2.115420e+01,2.111291e+01,2.111291e+01,2.107848e+01,2.111979e+01,2.111291e+01,2.106471e+01,2.107848e+01,2.113355e+01,2.105094e+01,2.104405e+01,2.110602e+01,2.111291e+01,2.107848e+01,2.096825e+01
2.095446e+01,2.103027e+01,2.107160e+01,2.109914e+01,2.113355e+01,2.113355e+01,2.098893e+01,2.104405e+01,2.105782e+01,2.106471e+01,2.100271e+01,2.103027e+01,2.111291e+01,2.100960e+01,2.125048e+01,2.100271e+01,2.114044e+01,2.109225e+01,2.107848e+01,2.100271e+01,2.091998e+01,2.101649e+01,2.087169e+01,2.102338e+01,2.100271e+01,2.098893e+01,2.084409e+01,2.095446e+01,2.096825e+01,2.098893e+01,2.092688e+01,2.106471e+01,2.083719e+01,2.097514e+01,2.085789e+01,2.096825e+01,2.100960e+01,2.100271e+01,2.100271e+01,2.103027e+01,2.100271e+01,2.100960e+01,2.101649e+01,2.102338e+01,2.100271e+01,2.100960e+01,2.095446e+01,2.094067e+01,2.105094e+01,2.106471e+01,2.103716e+01,2.103716e+01,2.101649e+01,2.104405e+01,2.111979e+01,2.105094e+01,2.098893e+01,2.103027e+01,2.107160e+01,2.100960e+01,2.114044e+01,2.108537e+01,2.105782e+01,2.103027e+01,2.116108e+01,2.116796e+01,2.109225e+01,2.111979e+01,2.104405e+01,2.108537e+01,2.103716e+01,2.117484e+01,2.112667e+01,2.114732e+01,2.111979e+01,2.107848e+01,2.107160e+01,2.107848e+01,2.106471e+01,2.118860e+01,2.113355e+01,2.114044e+01,2.114044e+01,2.118860e+01,2.119548e+01,2.116796e+01,2.114044e+01,2.124361e+01,2.125736e+01,2.113355e+01,2.118860e+01,2.126423e+01,2.110602e+01,2.114732e+01,2.109914e+01,2.109225e+01,2.113355e+01,2.115420e+01,2.116796e+01,2.114732e+01,2.114732e+01,2.114732e+01,2.114732e+01,2.098893e+01,2.121611e+01,2.115420e+01,2.118860e+01,2.115420e+01,2.115420e+01,2.109914e+01,2.113355e+01,2.122298e+01,2.109914e+01,2.113355e+01,2.116108e+01,2.121611e+01,2.117484e+01,2.110602e+01,2.117484e+01,2.119548e+01,2.112667e+01,2.118172e+01,2.114044e+01,2.118860e+01,2.111979e+01,2.114732e+01,2.119548e+01,2.119548e+01,2.120235e+01,2.112667e+01,2.113355e+01,2.108537e+01,2.110602e+01,2.113355e+01,2.116796e+01,2.107848e+01,2.120235e+01,2.120235e+01,2.122298e+01,2.122986e+01,2.118172e+01,2.117484e+01,2.122986e+01,2.118172e+01,2.114732e+01,2.122986e+01,2.125048e+01,2.118172e+01,2.122986e+01,2.117484e+01,2.116108e+01,2.118860e+01,2.116108e+01,2.119548e+01,2.113355e+01,2.106471e+01,2.111979e+01,2.109914e+01,2.114732e+01,2.113355e+01,2.114732e+01,2.113355e+01,2.112667e+01,2.112667e+01,2.119548e+01,2.109914e+01,2.103716e+01,2.116108e+01,2.118860e+01,2.118860e+01,2.118172e+01,2.115420e+01,2.116108e+01,2.125048e+01,2.126423e+01,2.126423e+01,2.136728e+01,2.131233e+01,2.122298e+01,2.140847e+01,2.140161e+01,2.135355e+01,2.146336e+01,2.138788e+01,2.168264e+01,2.189462e+01,2.188096e+01,2.203115e+01,2.221517e+01,2.258901e+01,2.256186e+01,2.183312e+01,2.132607e+01,2.029042e+01,1.988013e+01,1.969879e+01,1.969181e+01,1.971275e+01,1.969879e+01,1.964991e+01,1.975462e+01,1.971973e+01,1.960800e+01,1.955208e+01,1.969879e+01,1.954509e+01,1.966388e+01,1.961498e+01,1.962896e+01,1.960800e+01,1.965689e+01,1.962896e+01,1.958004e+01,1.969879e+01,1.972671e+01,1.962896e+01,1.964991e+01,1.973369e+01,1.963594e+01,1.961498e+01,1.966388e+01,1.960800e+01,1.964293e+01,1.966388e+01,1.966388e+01,1.974067e+01,1.968483e+01,1.969879e+01,1.973369e+01,1.971275e+01,1.976160e+01,1.974764e+01,1.977555e+01,1.974067e+01,1.974067e+01,1.964991e+01,1.969181e+01,1.958703e+01,1.962896e+01,1.967086e+01,1.975462e+01,1.978950e+01,1.969879e+01,1.978253e+01,1.969181e+01,1.969879e+01,1.973369e+01,1.978253e+01,1.963594e+01,1.981740e+01,1.988013e+01,1.989407e+01,1.985225e+01,2.007505e+01,2.009591e+01,2.031124e+01,2.031818e+01,2.042912e+01,2.057456e+01,2.057456e+01,2.059531e+01,2.056763e+01,2.053995e+01,2.053995e+01,2.056071e+01,2.055379e+01,2.065065e+01,2.056763e+01,2.048455e+01,2.045684e+01,2.049148e+01,2.047762e+01,2.041526e+01,2.049148e+01,2.044298e+01,2.044991e+01,2.049840e+01,2.042219e+01,2.048455e+01,2.040833e+01,2.045684e+01,2.038060e+01,2.037366e+01,2.049148e+01,2.036673e+01,2.047070e+01,2.048455e+01,2.048455e+01,2.044298e+01,2.047070e+01,2.043605e+01,2.044298e+01,2.042912e+01,2.043605e+01,2.044991e+01,2.047070e+01,2.047762e+01,2.050533e+01,2.053995e+01,2.049148e+01,2.046377e+01,2.050533e+01,2.061607e+01,2.051918e+01,2.044298e+01,2.047762e+01,2.043605e+01,2.052610e+01,2.042219e+01,2.046377e+01,2.056071e+01,2.050533e+01,2.052610e+01,2.058840e+01,2.049840e+01,2.048455e+01,2.048455e+01,2.049148e+01,2.045684e+01,2.048455e+01,2.050533e+01,2.049148e+01,2.035286e+01,2.043605e+01,2.040833e+01,2.044991e+01,2.040833e+01,2.039447e+01,2.038060e+01,2.049148e+01,2.042912e+01,2.041526e+01,2.037366e+01,2.042219e+01,2.045684e+01,2.040833e+01,2.033205e+01,2.035980e+01,2.040140e+01,2.030430e+01,2.030430e+01,2.026960e+01,2.029042e+01,2.029042e+01,2.033899e+01,2.025571e+01,2.031124e+01,2.033205e+01,2.025571e+01,2.024183e+01,2.040140e+01,2.032512e+01,2.035286e+01,2.031818e+01,2.040833e+01,2.036673e+01,2.035980e+01,2.043605e+01,2.042219e+01,2.045684e+01,2.049840e+01,2.049840e+01,2.052610e+01,2.053303e+01,2.044991e+01,2.053995e+01,2.040140e+01,2.039447e+01,2.045684e+01,2.048455e+01,2.044298e+01,2.052610e+01,2.038753e+01,2.053995e+01,2.051918e+01,2.048455e+01,2.046377e+01,2.041526e+01,2.047762e+01,2.059531e+01,2.053995e+01,2.058148e+01,2.045684e+01,2.052610e+01,2.041526e+01,2.051225e+01,2.048455e+01,2.049148e+01,2.038060e+01,2.051918e+01,2.055379e+01,2.047762e+01,2.044991e+01,2.059531e+01,2.039447e+01,2.053995e+01,2.047762e+01,2.052610e+01,2.048455e+01,2.051918e+01,2.062299e+01,2.056763e+01,2.058148e+01,2.056763e+01,2.057456e+01,2.061607e+01,2.055379e+01,2.054687e+01,2.049148e+01,2.058148e+01,2.056071e+01,2.056763e+01,2.050533e+01,2.056763e+01,2.051225e+01,2.057456e+01,2.057456e+01,2.062299e+01,2.059531e+01,2.056763e+01,2.060915e+01,2.061607e+01,2.053995e+01,2.058148e+01,2.060915e+01,2.060915e+01,2.074742e+01,2.072669e+01,2.061607e+01,2.071287e+01,2.068522e+01,2.068522e+01,2.065757e+01,2.067139e+01,2.068522e+01,2.071978e+01,2.069905e+01,2.070596e+01,2.072669e+01,2.078195e+01,2.075432e+01,2.077505e+01,2.059531e+01,2.067139e+01,2.074051e+01,2.080267e+01,2.069905e+01,2.069905e+01,2.070596e+01,2.067139e+01,2.075432e+01,2.075432e+01,2.066448e+01,2.076814e+01,2.078886e+01,2.079576e+01,2.059531e+01,2.085789e+01,2.062299e+01,2.071287e+01,2.069905e+01,2.069213e+01,2.067831e+01,2.071978e+01,2.079576e+01,2.084409e+01,2.068522e+01,2.068522e+01,2.084409e+01,2.078886e+01,2.065757e+01,2.085099e+01,2.081648e+01,2.078195e+01,2.078886e+01,2.068522e+01,2.075432e+01,2.089239e+01,2.067831e+01,2.074742e+01,2.067139e+01,2.053303e+01,2.054687e+01,2.059531e+01,2.038060e+01,2.053995e+01,2.038060e+01,2.016542e+01,2.034592e+01,2.026960e+01,2.010982e+01,2.026266e+01,2.006114e+01,2.004027e+01,2.005419e+01,2.006810e+01,2.006114e+01,2.006810e+01,2.017932e+01,2.018627e+01,2.023489e+01,2.038060e+01,2.071287e+01,2.113355e+01,2.119548e+01,2.122986e+01,2.131233e+01,2.154565e+01,2.129172e+01,2.133294e+01,2.125048e+01,2.136728e+01,2.118172e+01,2.116108e+01,2.112667e+01,2.109914e+01,2.107160e+01,2.104405e+01,2.114044e+01,2.100271e+01,2.086479e+01,2.091308e+01,2.090619e+01,2.086479e+01,2.082338e+01,2.080267e+01,2.075432e+01,2.076123e+01,2.080267e+01,2.074742e+01,2.071978e+01,2.088549e+01,2.090619e+01,2.089929e+01,2.094757e+01,2.098203e+01,2.105782e+01,2.098203e+01,2.102338e+01,2.091998e+01,2.098203e+01,2.096825e+01,2.095446e+01,2.098203e+01,2.100960e+01,2.087859e+01,2.089929e+01,2.089929e+01,2.090619e+01,2.091308e+01,2.097514e+01,2.100271e+01,2.087169e+01,2.089239e+01,2.095446e+01,2.091998e+01,2.096135e+01,2.096825e+01,2.092688e+01,2.096825e+01,2.100960e+01,2.100271e+01,2.098203e+01,2.100960e+01,2.085099e+01,2.104405e+01,2.099582e+01,2.096135e+01,2.100271e+01,2.100271e+01,2.101649e+01,2.098893e+01,2.107160e+01,2.096135e+01,2.107160e+01,2.096135e+01,2.096135e+01,2.100271e+01,2.111291e+01,2.116108e+01,2.103716e+01,2.107160e+01,2.113355e+01,2.106471e+01,2.101649e+01,2.105094e+01,2.105094e+01,2.105094e+01,2.106471e+01,2.103027e+01,2.107848e+01,2.107160e+01,2.106471e+01,2.104405e+01,2.106471e+01,2.096825e+01,2.116796e+01,2.114732e+01,2.100960e+01,2.100960e+01,2.091308e+01,2.107160e+01,2.109225e+01,2.090619e+01,2.109914e+01,2.109225e+01,2.109225e+01,2.102338e+01,2.099582e+01,2.097514e+01,2.107848e+01,2.103027e+01,2.096135e+01,2.106471e+01,2.107160e+01,2.105782e+01,2.094757e+01,2.098203e+01,2.107848e+01,2.126423e+01,2.112667e+01,2.107160e+01,2.109914e+01,2.097514e+01,2.096135e+01,2.108537e+01,2.109914e+01,2.113355e+01,2.109914e+01,2.102338e+01,2.100960e+01,2.118860e+01,2.109914e+01,2.107848e+01,2.097514e+01,2.115420e+01,2.107160e+01,2.096135e+01,2.110602e+01,2.107848e+01
2.109225e+01,2.111291e+01,2.105094e+01,2.099582e+01,2.107160e+01,2.109914e+01,2.109914e+01,2.124361e+01,2.115420e+01,2.102338e+01,2.105094e+01,2.101649e+01,2.101649e+01,2.103027e+01,2.113355e+01,2.116108e+01,2.111291e+01,2.100960e+01,2.096135e+01,2.108537e+01,2.102338e+01,2.102338e+01,2.100960e+01,2.100960e+01,2.100960e+01,2.100960e+01,2.098893e+01,2.096825e+01,2.101649e+01,2.109225e+01,2.094067e+01,2.103716e+01,2.103027e+01,2.104405e+01,2.100271e+01,2.100960e+01,2.100960e+01,2.098893e+01,2.098893e+01,2.100271e+01,2.107848e+01,2.103716e+01,2.100960e+01,2.111291e+01,2.096825e+01,2.107160e+01,2.094757e+01,2.101649e+01,2.103027e+01,2.108537e+01,2.105094e+01,2.100960e+01,2.110602e+01,2.103716e+01,2.103027e+01,2.103716e+01,2.109914e+01,2.114732e+01,2.104405e+01,2.108537e+01,2.111979e+01,2.106471e+01,2.112667e+01,2.113355e+01,2.110602e+01,2.116796e+01,2.105782e+01,2.117484e+01,2.101649e+01,2.097514e+01,2.104405e+01,2.093377e+01,2.116796e+01,2.104405e+01,2.112667e+01,2.108537e+01,2.106471e+01,2.112667e+01,2.102338e+01,2.111291e+01,2.114044e+01,2.104405e+01,2.113355e+01,2.116796e+01,2.118172e+01,2.111979e+01,2.104405e+01,2.116108e+01,2.117484e+01,2.129172e+01,2.116796e+01,2.118172e+01,2.118860e+01,2.119548e+01,2.116796e+01,2.113355e+01,2.105782e+01,2.111291e+01,2.120923e+01,2.116796e+01,2.112667e+01,2.125736e+01,2.116796e+01,2.118860e+01,2.121611e+01,2.120235e+01,2.126423e+01,2.122298e+01,2.125048e+01,2.116108e+01,2.121611e+01,2.122298e+01,2.121611e+01,2.126423e+01,2.119548e+01,2.116108e+01,2.117484e+01,2.129859e+01,2.119548e+01,2.124361e+01,2.108537e+01,2.118860e+01,2.119548e+01,2.113355e+01,2.122298e+01,2.129859e+01,2.125736e+01,2.118860e+01,2.117484e+01,2.119548e+01,2.118172e+01,2.117484e+01,2.118172e+01,2.119548e+01,2.115420e+01,2.121611e+01,2.120235e+01,2.122298e+01,2.122298e+01,2.120235e+01,2.107848e+01,2.118172e+01,2.119548e+01,2.120923e+01,2.122986e+01,2.122298e+01,2.118172e+01,2.116108e+01,2.114732e+01,2.116108e+01,2.107160e+01,2.111291e+01,2.128485e+01,2.123674e+01,2.118172e+01,2.120235e+01,2.117484e+01,2.109914e+01,2.107160e+01,2.108537e+01,2.109914e+01,2.114732e+01,2.116796e+01,2.115420e+01,2.114732e+01,2.116796e+01,2.122298e+01,2.107848e+01,2.121611e+01,2.120235e+01,2.118172e+01,2.120923e+01,2.114732e+01,2.119548e+01,2.118172e+01,2.119548e+01,2.136041e+01,2.122298e+01,2.138788e+01,2.138101e+01,2.128485e+01,2.141533e+01,2.153194e+01,2.147708e+01,2.162102e+01,2.186046e+01,2.192877e+01,2.207207e+01,2.239886e+01,2.260936e+01,2.236487e+01,2.201068e+01,2.103027e+01,2.025571e+01,1.988710e+01,1.976858e+01,1.978253e+01,1.967785e+01,1.969879e+01,1.969879e+01,1.964991e+01,1.969879e+01,1.962896e+01,1.968483e+01,1.959402e+01,1.971275e+01,1.973369e+01,1.965689e+01,1.964293e+01,1.968483e+01,1.978253e+01,1.977555e+01,1.958703e+01,1.965689e+01,1.970577e+01,1.959402e+01,1.967086e+01,1.963594e+01,1.967086e+01,1.978950e+01,1.967086e+01,1.970577e+01,1.963594e+01,1.971275e+01,1.953810e+01,1.976858e+01,1.976858e+01,1.964293e+01,1.973369e+01,1.971973e+01,1.970577e+01,1.982437e+01,1.975462e+01,1.971275e+01,1.974764e+01,1.969181e+01,1.968483e+01,1.969181e+01,1.971275e+01,1.969181e+01,1.967785e+01,1.976160e+01,1.978253e+01,1.974067e+01,1.978253e+01,1.974067e+01,1.988013e+01,1.978253e+01,1.994979e+01,1.987316e+01,1.983831e+01,1.987316e+01,1.985922e+01,2.027654e+01,2.036673e+01,2.034592e+01,2.056763e+01,2.055379e+01,2.059531e+01,2.056763e+01,2.057456e+01,2.065065e+01,2.051918e+01,2.054687e+01,2.058840e+01,2.056763e+01,2.056763e+01,2.054687e+01,2.050533e+01,2.056763e+01,2.047762e+01,2.052610e+01,2.049148e+01,2.051225e+01,2.045684e+01,2.050533e+01,2.042912e+01,2.041526e+01,2.040833e+01,2.045684e+01,2.051225e+01,2.051225e+01,2.049148e+01,2.045684e+01,2.044991e+01,2.038060e+01,2.046377e+01,2.043605e+01,2.048455e+01,2.051918e+01,2.042219e+01,2.044991e+01,2.043605e+01,2.042219e+01,2.033205e+01,2.051225e+01,2.042219e+01,2.052610e+01,2.038753e+01,2.053303e+01,2.058148e+01,2.052610e+01,2.054687e+01,2.056763e+01,2.063682e+01,2.065757e+01,2.053995e+01,2.056763e+01,2.047762e+01,2.052610e+01,2.042219e+01,2.056763e+01,2.058840e+01,2.051918e+01,2.056071e+01,2.052610e+01,2.054687e+01,2.051225e+01,2.053995e+01,2.049148e+01,2.047070e+01,2.044298e+01,2.042912e+01,2.044298e+01,2.038060e+01,2.040833e+01,2.043605e+01,2.046377e+01,2.051225e+01,2.044991e+01,2.040833e+01,2.044991e+01,2.037366e+01,2.042912e+01,2.029042e+01,2.032512e+01,2.050533e+01,2.051225e+01,2.031818e+01,2.048455e+01,2.033899e+01,2.029042e+01,2.038753e+01,2.033899e+01,2.043605e+01,2.041526e+01,2.033205e+01,2.036673e+01,2.033205e+01,2.032512e+01,2.032512e+01,2.037366e+01,2.045684e+01,2.038060e+01,2.044991e+01,2.043605e+01,2.036673e+01,2.042912e+01,2.042912e+01,2.047762e+01,2.045684e+01,2.051918e+01,2.051225e+01,2.053995e+01,2.053995e+01,2.050533e+01,2.050533e+01,2.051918e+01,2.050533e+01,2.055379e+01,2.045684e+01,2.047762e+01,2.057456e+01,2.057456e+01,2.051918e+01,2.049840e+01,2.050533e+01,2.044298e+01,2.046377e+01,2.050533e+01,2.056071e+01,2.047070e+01,2.048455e+01,2.042912e+01,2.051918e+01,2.051225e+01,2.051225e+01,2.046377e+01,2.035980e+01,2.049840e+01,2.060915e+01,2.058840e+01,2.058840e+01,2.061607e+01,2.040833e+01,2.057456e+01,2.064374e+01,2.047762e+01,2.060223e+01,2.047762e+01,2.056763e+01,2.057456e+01,2.056071e+01,2.060223e+01,2.056071e+01,2.051918e+01,2.055379e+01,2.052610e+01,2.051225e+01,2.058840e+01,2.054687e+01,2.058840e+01,2.060223e+01,2.054687e+01,2.059531e+01,2.056763e+01,2.060223e+01,2.051918e+01,2.055379e+01,2.059531e+01,2.058840e+01,2.062299e+01,2.069213e+01,2.056763e+01,2.062990e+01,2.072669e+01,2.062990e+01,2.067139e+01,2.071287e+01,2.069213e+01,2.072669e+01,2.067831e+01,2.067831e+01,2.071287e+01,2.066448e+01,2.067831e+01,2.073360e+01,2.073360e+01,2.076814e+01,2.075432e+01,2.074051e+01,2.078195e+01,2.084409e+01,2.072669e+01,2.069905e+01,2.073360e+01,2.071287e+01,2.069905e+01,2.076123e+01,2.071287e+01,2.066448e+01,2.074742e+01,2.062299e+01,2.076814e+01,2.063682e+01,2.075432e+01,2.078195e+01,2.075432e+01,2.071978e+01,2.069213e+01,2.067139e+01,2.077505e+01,2.069905e+01,2.078195e+01,2.084409e+01,2.074051e+01,2.074051e+01,2.067139e+01,2.071287e+01,2.077505e+01,2.077505e+01,2.063682e+01,2.065065e+01,2.074051e+01,2.072669e+01,2.076123e+01,2.067139e+01,2.074742e+01,2.068522e+01,2.065757e+01,2.053303e+01,2.064374e+01,2.049148e+01,2.039447e+01,2.047070e+01,2.038753e+01,2.041526e+01,2.023489e+01,2.017932e+01,2.019321e+01,2.007505e+01,2.006114e+01,2.004027e+01,2.004723e+01,2.006810e+01,2.017237e+01,2.020016e+01,2.013068e+01,2.013763e+01,2.017237e+01,2.038060e+01,2.049148e+01,2.080957e+01,2.111979e+01,2.117484e+01,2.131233e+01,2.150451e+01,2.141533e+01,2.155936e+01,2.152508e+01,2.141533e+01,2.123674e+01,2.120235e+01,2.111979e+01,2.115420e+01,2.110602e+01,2.109225e+01,2.094067e+01,2.099582e+01,2.096135e+01,2.111979e+01,2.084409e+01,2.069213e+01,2.077505e+01,2.069905e+01,2.075432e+01,2.083719e+01,2.073360e+01,2.083028e+01,2.087169e+01,2.089239e+01,2.089929e+01,2.077505e+01,2.089239e+01,2.103027e+01,2.091308e+01,2.089929e+01,2.094067e+01,2.096825e+01,2.103027e+01,2.093377e+01,2.096825e+01,2.093377e+01,2.097514e+01,2.089239e+01,2.091308e+01,2.090619e+01,2.089929e+01,2.092688e+01,2.092688e+01,2.092688e+01,2.098893e+01,2.098203e+01,2.095446e+01,2.096825e+01,2.094067e+01,2.090619e+01,2.116108e+01,2.097514e+01,2.098893e+01,2.098893e+01,2.099582e+01,2.102338e+01,2.100960e+01,2.100960e+01,2.103027e+01,2.109914e+01,2.098893e+01,2.099582e+01,2.102338e+01,2.098203e+01,2.098893e+01,2.103027e+01,2.104405e+01,2.108537e+01,2.096825e+01,2.111291e+01,2.116796e+01,2.106471e+01,2.101649e+01,2.106471e+01,2.105094e+01,2.100960e+01,2.110602e+01,2.111979e+01,2.109225e+01,2.117484e+01,2.125048e+01,2.116796e+01,2.106471e+01,2.104405e+01,2.104405e+01,2.108537e+01,2.099582e+01,2.116796e+01,2.110602e+01,2.115420e+01,2.100271e+01,2.105782e+01,2.122298e+01,2.108537e+01,2.107160e+01,2.109225e+01,2.103716e+01,2.105782e+01,2.099582e+01,2.107848e+01,2.102338e+01,2.106471e+01,2.104405e+01,2.111291e+01,2.106471e+01,2.107160e+01,2.106471e+01,2.098893e+01,2.111291e+01,2.114044e+01,2.109225e+01,2.106471e+01,2.106471e+01,2.111291e+01,2.109225e+01,2.109225e+01,2.107160e+01,2.099582e+01,2.107848e+01,2.106471e+01,2.114044e+01,2.113355e+01,2.107160e+01,2.105094e+01,2.107160e+01,2.113355e+01,2.125048e+01,2.109914e+01,2.116108e+01,2.108537e+01,2.109914e+01,2.105782e+01,2.103027e+01
2.112667e+01,2.105094e+01,2.108537e+01,2.105094e+01,2.120923e+01,2.101649e+01,2.110602e+01,2.108537e+01,2.105782e+01,2.104405e+01,2.103027e+01,2.106471e+01,2.107160e+01,2.108537e+01,2.103027e+01,2.113355e+01,2.103027e+01,2.110602e+01,2.107160e+01,2.106471e+01,2.107160e+01,2.101649e+01,2.100960e+01,2.094757e+01,2.089929e+01,2.106471e+01,2.098893e+01,2.095446e+01,2.098893e+01,2.098203e+01,2.095446e+01,2.097514e+01,2.092688e+01,2.087169e+01,2.103027e+01,2.101649e+01,2.101649e+01,2.096825e+01,2.099582e+01,2.098893e+01,2.101649e+01,2.101649e+01,2.101649e+01,2.102338e+01,2.100271e+01,2.098893e+01,2.105782e+01,2.100960e+01,2.096825e+01,2.098203e+01,2.107848e+01,2.107848e+01,2.103716e+01,2.101649e+01,2.111291e+01,2.105094e+01,2.113355e+01,2.103027e+01,2.103027e+01,2.098203e+01,2.112667e+01,2.115420e+01,2.114732e+01,2.116108e+01,2.101649e+01,2.114044e+01,2.106471e+01,2.110602e+01,2.109225e+01,2.105094e+01,2.109914e+01,2.109225e+01,2.109225e+01,2.109225e+01,2.112667e+01,2.109914e+01,2.107848e+01,2.108537e+01,2.106471e+01,2.113355e+01,2.120923e+01,2.111979e+01,2.112667e+01,2.118860e+01,2.112667e+01,2.118172e+01,2.113355e+01,2.113355e+01,2.118172e+01,2.113355e+01,2.106471e+01,2.110602e+01,2.122986e+01,2.114044e+01,2.128485e+01,2.115420e+01,2.114044e+01,2.118860e+01,2.119548e+01,2.110602e+01,2.116108e+01,2.108537e+01,2.100960e+01,2.114044e+01,2.107848e+01,2.120235e+01,2.113355e+01,2.110602e+01,2.114732e+01,2.114732e+01,2.118172e+01,2.117484e+01,2.117484e+01,2.109225e+01,2.126423e+01,2.114044e+01,2.113355e+01,2.118860e+01,2.120235e+01,2.115420e+01,2.120923e+01,2.111979e+01,2.115420e+01,2.115420e+01,2.117484e+01,2.118860e+01,2.117484e+01,2.125048e+01,2.118860e+01,2.114044e+01,2.120235e+01,2.117484e+01,2.116796e+01,2.120923e+01,2.120923e+01,2.118860e+01,2.119548e+01,2.125736e+01,2.121611e+01,2.123674e+01,2.111979e+01,2.121611e+01,2.106471e+01,2.118172e+01,2.120923e+01,2.111979e+01,2.117484e+01,2.109914e+01,2.117484e+01,2.115420e+01,2.119548e+01,2.120235e+01,2.123674e+01,2.118860e+01,2.117484e+01,2.114732e+01,2.111979e+01,2.108537e+01,2.107848e+01,2.113355e+01,2.115420e+01,2.125048e+01,2.112667e+01,2.110602e+01,2.109914e+01,2.115420e+01,2.116796e+01,2.118860e+01,2.120923e+01,2.118860e+01,2.118860e+01,2.118860e+01,2.119548e+01,2.120235e+01,2.120923e+01,2.121611e+01,2.123674e+01,2.130546e+01,2.140161e+01,2.137415e+01,2.122986e+01,2.130546e+01,2.161417e+01,2.147708e+01,2.171002e+01,2.170318e+01,2.205843e+01,2.211298e+01,2.245322e+01,2.240566e+01,2.242604e+01,2.179211e+01,2.103027e+01,2.024183e+01,2.000548e+01,1.977555e+01,1.978253e+01,1.970577e+01,1.964991e+01,1.970577e+01,1.960800e+01,1.967086e+01,1.964293e+01,1.950313e+01,1.961498e+01,1.969181e+01,1.971973e+01,1.974764e+01,1.967086e+01,1.968483e+01,1.972671e+01,1.963594e+01,1.962896e+01,1.960800e+01,1.958703e+01,1.964293e+01,1.967785e+01,1.965689e+01,1.964991e+01,1.969181e+01,1.970577e+01,1.965689e+01,1.959402e+01,1.962896e+01,1.976858e+01,1.962896e+01,1.969879e+01,1.971275e+01,1.971275e+01,1.973369e+01,1.969879e+01,1.971973e+01,1.983831e+01,1.980345e+01,1.971275e+01,1.972671e+01,1.972671e+01,1.971275e+01,1.967785e+01,1.968483e+01,1.962896e+01,1.971973e+01,1.961498e+01,1.977555e+01,1.976858e+01,1.978950e+01,1.981740e+01,1.977555e+01,1.983831e+01,1.986619e+01,1.984528e+01,2.013763e+01,2.020711e+01,2.021405e+01,2.035980e+01,2.051918e+01,2.044298e+01,2.056763e+01,2.053995e+01,2.051918e+01,2.054687e+01,2.056071e+01,2.057456e+01,2.054687e+01,2.052610e+01,2.055379e+01,2.052610e+01,2.060915e+01,2.051225e+01,2.053995e+01,2.053995e+01,2.049148e+01,2.047762e+01,2.051918e+01,2.042912e+01,2.042912e+01,2.044298e+01,2.042912e+01,2.053995e+01,2.043605e+01,2.052610e+01,2.050533e+01,2.044991e+01,2.043605e+01,2.041526e+01,2.047762e+01,2.047762e+01,2.045684e+01,2.044991e+01,2.044298e+01,2.051918e+01,2.044991e+01,2.044991e+01,2.046377e+01,2.051918e+01,2.051225e+01,2.033899e+01,2.047070e+01,2.043605e+01,2.051918e+01,2.052610e+01,2.051225e+01,2.053303e+01,2.052610e+01,2.066448e+01,2.047070e+01,2.062299e+01,2.066448e+01,2.059531e+01,2.053995e+01,2.051225e+01,2.071287e+01,2.055379e+01,2.071978e+01,2.051225e+01,2.044298e+01,2.055379e+01,2.050533e+01,2.039447e+01,2.047070e+01,2.042912e+01,2.042912e+01,2.032512e+01,2.038753e+01,2.043605e+01,2.041526e+01,2.024877e+01,2.048455e+01,2.044991e+01,2.049840e+01,2.044991e+01,2.047762e+01,2.037366e+01,2.044991e+01,2.044298e+01,2.029042e+01,2.039447e+01,2.042219e+01,2.018627e+01,2.028348e+01,2.030430e+01,2.023489e+01,2.020711e+01,2.037366e+01,2.036673e+01,2.031124e+01,2.033205e+01,2.034592e+01,2.031124e+01,2.028348e+01,2.033205e+01,2.037366e+01,2.041526e+01,2.040833e+01,2.037366e+01,2.052610e+01,2.044991e+01,2.048455e+01,2.044991e+01,2.051225e+01,2.040833e+01,2.046377e+01,2.050533e+01,2.039447e+01,2.051225e+01,2.051225e+01,2.051918e+01,2.047070e+01,2.051918e+01,2.056071e+01,2.047762e+01,2.045684e+01,2.053995e+01,2.044991e+01,2.045684e+01,2.050533e+01,2.049148e+01,2.044298e+01,2.054687e+01,2.056071e+01,2.042219e+01,2.045684e+01,2.056763e+01,2.053303e+01,2.051225e+01,2.050533e+01,2.040140e+01,2.048455e+01,2.049148e+01,2.050533e+01,2.060223e+01,2.062299e+01,2.058840e+01,2.058840e+01,2.059531e+01,2.054687e+01,2.047070e+01,2.050533e+01,2.051918e+01,2.044991e+01,2.051918e+01,2.044298e+01,2.055379e+01,2.052610e+01,2.058148e+01,2.053995e+01,2.056763e+01,2.058148e+01,2.055379e+01,2.060915e+01,2.054687e+01,2.054687e+01,2.058148e+01,2.060223e+01,2.053995e+01,2.059531e+01,2.053995e+01,2.057456e+01,2.060915e+01,2.058148e+01,2.060915e+01,2.065065e+01,2.065757e+01,2.062990e+01,2.069213e+01,2.066448e+01,2.066448e+01,2.068522e+01,2.066448e+01,2.059531e+01,2.071287e+01,2.060915e+01,2.069905e+01,2.070596e+01,2.067831e+01,2.067139e+01,2.072669e+01,2.066448e+01,2.072669e+01,2.076123e+01,2.068522e+01,2.069905e+01,2.085789e+01,2.070596e+01,2.067139e+01,2.067831e+01,2.058840e+01,2.067139e+01,2.060915e+01,2.056071e+01,2.072669e+01,2.071287e+01,2.071287e+01,2.075432e+01,2.063682e+01,2.069213e+01,2.069213e+01,2.078195e+01,2.067831e+01,2.069213e+01,2.078886e+01,2.071287e+01,2.078886e+01,2.080267e+01,2.068522e+01,2.074051e+01,2.065757e+01,2.066448e+01,2.060915e+01,2.059531e+01,2.050533e+01,2.074051e+01,2.060223e+01,2.046377e+01,2.076123e+01,2.055379e+01,2.062990e+01,2.054687e+01,2.060223e+01,2.042912e+01,2.065065e+01,2.044991e+01,2.044298e+01,2.048455e+01,2.037366e+01,2.036673e+01,2.021405e+01,2.017932e+01,2.008201e+01,2.008896e+01,2.008896e+01,2.003332e+01,2.013068e+01,2.011677e+01,2.006114e+01,2.008896e+01,2.010287e+01,2.007505e+01,2.017237e+01,2.023489e+01,2.033899e+01,2.060915e+01,2.083719e+01,2.108537e+01,2.114044e+01,2.132607e+01,2.147022e+01,2.145650e+01,2.166211e+01,2.151823e+01,2.140847e+01,2.135355e+01,2.140161e+01,2.136041e+01,2.115420e+01,2.120235e+01,2.107848e+01,2.105782e+01,2.095446e+01,2.096825e+01,2.091998e+01,2.074742e+01,2.067139e+01,2.072669e+01,2.069213e+01,2.069905e+01,2.070596e+01,2.068522e+01,2.074051e+01,2.071978e+01,2.076814e+01,2.085099e+01,2.080267e+01,2.090619e+01,2.089239e+01,2.100960e+01,2.092688e+01,2.100960e+01,2.096135e+01,2.091998e+01,2.094757e+01,2.092688e+01,2.089239e+01,2.096825e+01,2.089239e+01,2.092688e+01,2.101649e+01,2.085099e+01,2.097514e+01,2.097514e+01,2.093377e+01,2.096825e+01,2.098893e+01,2.099582e+01,2.094067e+01,2.091308e+01,2.096825e+01,2.092688e+01,2.100271e+01,2.090619e+01,2.094757e+01,2.098893e+01,2.098893e+01,2.098203e+01,2.107160e+01,2.103716e+01,2.091998e+01,2.103716e+01,2.105094e+01,2.098203e+01,2.096825e+01,2.097514e+01,2.108537e+01,2.101649e+01,2.096135e+01,2.107160e+01,2.093377e+01,2.106471e+01,2.107848e+01,2.105094e+01,2.101649e+01,2.109914e+01,2.108537e+01,2.109914e+01,2.094757e+01,2.099582e+01,2.114044e+01,2.113355e+01,2.110602e+01,2.111291e+01,2.109914e+01,2.108537e+01,2.104405e+01,2.112667e+01,2.096825e+01,2.094067e+01,2.114732e+01,2.113355e+01,2.105782e+01,2.105094e+01,2.106471e+01,2.105782e+01,2.109914e+01,2.093377e+01,2.098893e+01,2.103027e+01,2.105782e+01,2.103716e+01,2.102338e+01,2.107160e+01,2.103027e+01,2.113355e+01,2.105094e+01,2.107848e+01,2.111291e+01,2.103027e+01,2.108537e+01,2.107848e+01,2.105094e+01,2.101649e+01,2.110602e+01,2.113355e+01,2.108537e+01,2.106471e+01,2.105782e+01,2.107848e+01,2.106471e+01,2.097514e+01,2.100271e+01,2.097514e+01,2.103027e+01,2.107160e+01,2.110602e+01,2.107848e+01,2.115420e+01,2.109225e+01,2.109225e+01,2.103716e+01,2.104405e+01,2.100271e+01
2.103027e+01,2.105782e+01,2.116108e+01,2.111291e+01,2.109225e+01,2.103716e+01,2.107160e+01,2.098203e+01,2.100960e+01,2.101649e+01,2.102338e+01,2.104405e+01,2.109225e+01,2.103716e+01,2.105782e+01,2.099582e+01,2.091308e+01,2.109914e+01,2.099582e+01,2.107848e+01,2.104405e+01,2.106471e+01,2.107848e+01,2.098203e+01,2.106471e+01,2.104405e+01,2.099582e+01,2.098893e+01,2.098203e+01,2.098203e+01,2.095446e+01,2.081648e+01,2.105782e+01,2.100271e+01,2.099582e+01,2.102338e+01,2.099582e+01,2.098203e+01,2.098893e+01,2.101649e+01,2.104405e+01,2.101649e+01,2.103716e+01,2.105782e+01,2.105094e+01,2.111291e+01,2.094757e+01,2.096825e+01,2.107848e+01,2.100960e+01,2.109914e+01,2.105094e+01,2.101649e+01,2.102338e+01,2.106471e+01,2.105782e+01,2.107160e+01,2.110602e+01,2.104405e+01,2.098893e+01,2.096825e+01,2.105782e+01,2.117484e+01,2.116108e+01,2.111979e+01,2.105094e+01,2.109225e+01,2.110602e+01,2.105094e+01,2.096135e+01,2.098203e+01,2.094757e+01,2.109225e+01,2.104405e+01,2.112667e+01,2.105094e+01,2.109914e+01,2.112667e+01,2.113355e+01,2.107160e+01,2.111291e+01,2.106471e+01,2.108537e+01,2.114044e+01,2.109914e+01,2.121611e+01,2.113355e+01,2.114732e+01,2.116796e+01,2.105094e+01,2.109914e+01,2.127798e+01,2.113355e+01,2.120235e+01,2.104405e+01,2.125048e+01,2.120923e+01,2.112667e+01,2.103716e+01,2.115420e+01,2.107848e+01,2.114732e+01,2.114044e+01,2.118860e+01,2.118172e+01,2.112667e+01,2.120923e+01,2.111291e+01,2.110602e+01,2.112667e+01,2.112667e+01,2.111291e+01,2.120235e+01,2.120923e+01,2.122986e+01,2.119548e+01,2.105782e+01,2.120235e+01,2.120923e+01,2.116108e+01,2.120235e+01,2.118172e+01,2.116796e+01,2.120235e+01,2.118860e+01,2.122298e+01,2.113355e+01,2.111979e+01,2.105782e+01,2.124361e+01,2.118172e+01,2.118172e+01,2.117484e+01,2.116108e+01,2.118172e+01,2.114732e+01,2.116108e+01,2.116796e+01,2.114044e+01,2.116108e+01,2.118172e+01,2.120923e+01,2.118860e+01,2.115420e+01,2.119548e+01,2.114044e+01,2.105094e+01,2.114044e+01,2.114044e+01,2.118860e+01,2.120235e+01,2.127110e+01,2.126423e+01,2.119548e+01,2.117484e+01,2.123674e+01,2.114044e+01,2.112667e+01,2.111291e+01,2.111979e+01,2.111979e+01,2.116796e+01,2.105782e+01,2.122298e+01,2.113355e+01,2.109914e+01,2.117484e+01,2.118860e+01,2.118860e+01,2.120235e+01,2.111979e+01,2.114044e+01,2.116796e+01,2.118860e+01,2.118172e+01,2.130546e+01,2.122986e+01,2.118860e+01,2.133981e+01,2.136041e+01,2.138788e+01,2.140161e+01,2.144964e+01,2.161417e+01,2.165526e+01,2.181262e+01,2.190145e+01,2.210616e+01,2.239206e+01,2.260258e+01,2.241245e+01,2.168949e+01,2.070596e+01,1.997764e+01,1.985922e+01,1.976858e+01,1.978253e+01,1.967086e+01,1.967785e+01,1.971275e+01,1.972671e+01,1.970577e+01,1.966388e+01,1.950313e+01,1.960101e+01,1.967785e+01,1.967086e+01,1.971275e+01,1.962197e+01,1.965689e+01,1.970577e+01,1.963594e+01,1.971973e+01,1.968483e+01,1.965689e+01,1.963594e+01,1.973369e+01,1.964293e+01,1.969879e+01,1.954509e+01,1.968483e+01,1.958004e+01,1.964991e+01,1.961498e+01,1.968483e+01,1.967086e+01,1.972671e+01,1.972671e+01,1.980345e+01,1.961498e+01,1.971973e+01,1.978253e+01,1.978253e+01,1.973369e+01,1.972671e+01,1.972671e+01,1.971973e+01,1.967086e+01,1.969181e+01,1.970577e+01,1.973369e+01,1.967785e+01,1.980345e+01,1.963594e+01,1.972671e+01,1.965689e+01,1.964991e+01,1.975462e+01,1.983831e+01,1.992890e+01,2.015848e+01,2.017237e+01,2.029736e+01,2.035980e+01,2.046377e+01,2.047070e+01,2.061607e+01,2.065065e+01,2.061607e+01,2.059531e+01,2.058148e+01,2.055379e+01,2.042912e+01,2.056071e+01,2.056071e+01,2.066448e+01,2.053995e+01,2.053995e+01,2.060223e+01,2.058840e+01,2.046377e+01,2.044991e+01,2.045684e+01,2.044298e+01,2.051225e+01,2.044298e+01,2.044298e+01,2.044991e+01,2.042219e+01,2.044298e+01,2.051225e+01,2.049840e+01,2.042912e+01,2.042912e+01,2.044991e+01,2.043605e+01,2.045684e+01,2.040140e+01,2.047070e+01,2.047070e+01,2.043605e+01,2.039447e+01,2.039447e+01,2.039447e+01,2.051225e+01,2.044298e+01,2.043605e+01,2.042912e+01,2.049148e+01,2.055379e+01,2.047762e+01,2.053995e+01,2.061607e+01,2.056763e+01,2.054687e+01,2.058148e+01,2.052610e+01,2.053995e+01,2.053995e+01,2.055379e+01,2.052610e+01,2.051225e+01,2.060223e+01,2.051225e+01,2.053995e+01,2.051225e+01,2.049840e+01,2.035286e+01,2.036673e+01,2.048455e+01,2.051225e+01,2.040833e+01,2.035286e+01,2.040140e+01,2.032512e+01,2.034592e+01,2.035286e+01,2.056071e+01,2.044298e+01,2.044991e+01,2.036673e+01,2.045684e+01,2.043605e+01,2.043605e+01,2.041526e+01,2.039447e+01,2.042219e+01,2.039447e+01,2.034592e+01,2.047762e+01,2.034592e+01,2.033205e+01,2.040833e+01,2.040140e+01,2.039447e+01,2.046377e+01,2.038753e+01,2.031818e+01,2.033205e+01,2.039447e+01,2.029042e+01,2.036673e+01,2.035286e+01,2.036673e+01,2.044298e+01,2.049148e+01,2.048455e+01,2.051918e+01,2.040140e+01,2.037366e+01,2.047070e+01,2.047762e+01,2.048455e+01,2.051225e+01,2.035980e+01,2.051918e+01,2.051225e+01,2.051918e+01,2.053303e+01,2.051225e+01,2.044991e+01,2.048455e+01,2.056763e+01,2.049840e+01,2.047070e+01,2.048455e+01,2.051225e+01,2.059531e+01,2.056763e+01,2.051918e+01,2.042912e+01,2.059531e+01,2.051918e+01,2.048455e+01,2.050533e+01,2.047070e+01,2.044991e+01,2.048455e+01,2.042219e+01,2.049148e+01,2.051225e+01,2.053303e+01,2.058840e+01,2.041526e+01,2.053995e+01,2.059531e+01,2.058840e+01,2.051918e+01,2.051918e+01,2.058148e+01,2.056071e+01,2.055379e+01,2.048455e+01,2.052610e+01,2.052610e+01,2.056071e+01,2.051225e+01,2.051918e+01,2.053995e+01,2.056763e+01,2.053995e+01,2.052610e+01,2.052610e+01,2.067831e+01,2.054687e+01,2.062299e+01,2.051918e+01,2.056071e+01,2.054687e+01,2.060915e+01,2.062990e+01,2.062299e+01,2.060915e+01,2.064374e+01,2.067831e+01,2.069213e+01,2.066448e+01,2.067831e+01,2.070596e+01,2.065757e+01,2.068522e+01,2.067831e+01,2.064374e+01,2.071287e+01,2.065757e+01,2.087169e+01,2.069213e+01,2.071287e+01,2.074051e+01,2.067831e+01,2.078195e+01,2.065065e+01,2.063682e+01,2.074742e+01,2.071978e+01,2.069213e+01,2.059531e+01,2.071287e+01,2.058148e+01,2.059531e+01,2.069213e+01,2.065065e+01,2.074051e+01,2.067831e+01,2.063682e+01,2.076123e+01,2.075432e+01,2.074742e+01,2.068522e+01,2.070596e+01,2.074742e+01,2.071978e+01,2.076123e+01,2.074051e+01,2.078195e+01,2.080267e+01,2.065065e+01,2.067139e+01,2.068522e+01,2.058148e+01,2.055379e+01,2.054687e+01,2.048455e+01,2.044991e+01,2.048455e+01,2.054687e+01,2.051918e+01,2.048455e+01,2.050533e+01,2.046377e+01,2.054687e+01,2.041526e+01,2.040140e+01,2.033205e+01,2.026960e+01,2.027654e+01,2.017932e+01,2.019321e+01,2.026960e+01,2.006114e+01,2.009591e+01,2.004723e+01,2.006810e+01,2.006114e+01,2.001244e+01,2.010982e+01,2.006114e+01,2.031124e+01,2.017932e+01,2.029736e+01,2.043605e+01,2.074051e+01,2.078886e+01,2.110602e+01,2.118172e+01,2.119548e+01,2.151137e+01,2.160732e+01,2.145650e+01,2.151823e+01,2.138788e+01,2.156621e+01,2.128485e+01,2.125736e+01,2.118172e+01,2.122986e+01,2.108537e+01,2.098893e+01,2.093377e+01,2.104405e+01,2.084409e+01,2.087859e+01,2.069213e+01,2.072669e+01,2.076123e+01,2.068522e+01,2.069905e+01,2.069905e+01,2.069213e+01,2.083028e+01,2.073360e+01,2.083719e+01,2.093377e+01,2.089239e+01,2.091308e+01,2.096135e+01,2.077505e+01,2.091998e+01,2.084409e+01,2.096135e+01,2.095446e+01,2.097514e+01,2.098203e+01,2.094067e+01,2.096135e+01,2.089929e+01,2.085099e+01,2.078886e+01,2.094067e+01,2.080957e+01,2.096825e+01,2.095446e+01,2.098893e+01,2.095446e+01,2.094757e+01,2.099582e+01,2.093377e+01,2.091998e+01,2.095446e+01,2.100271e+01,2.089239e+01,2.104405e+01,2.111979e+01,2.098203e+01,2.096135e+01,2.103716e+01,2.094067e+01,2.094757e+01,2.098893e+01,2.096825e+01,2.104405e+01,2.102338e+01,2.091308e+01,2.094757e+01,2.100960e+01,2.108537e+01,2.111291e+01,2.107160e+01,2.110602e+01,2.107160e+01,2.094067e+01,2.102338e+01,2.103027e+01,2.104405e+01,2.107848e+01,2.103716e+01,2.103027e+01,2.105094e+01,2.107848e+01,2.101649e+01,2.105782e+01,2.103716e+01,2.117484e+01,2.103027e+01,2.116108e+01,2.119548e+01,2.111979e+01,2.103716e+01,2.094757e+01,2.100960e+01,2.107160e+01,2.101649e+01,2.103716e+01,2.105094e+01,2.098893e+01,2.109225e+01,2.108537e+01,2.103716e+01,2.097514e+01,2.109225e+01,2.094067e+01,2.109914e+01,2.111979e+01,2.105094e+01,2.109225e+01,2.107160e+01,2.107848e+01,2.109914e+01,2.105782e+01,2.098203e+01,2.098203e+01,2.106471e+01,2.096825e+01,2.105094e+01,2.107160e+01,2.107160e+01,2.102338e+01,2.103027e+01,2.105782e+01,2.104405e+01,2.111979e+01,2.103027e+01,2.107848e+01,2.100271e+01,2.107848e+01,2.135355e+01,2.106471e+01,2.104405e+01,2.106471e+01,2.098203e+01
2.103027e+01,2.107848e+01,2.113355e+01,2.103027e+01,2.104405e+01,2.114732e+01,2.099582e+01,2.098203e+01,2.099582e+01,2.100960e+01,2.096825e+01,2.105094e+01,2.096825e+01,2.100960e+01,2.109914e+01,2.107848e+01,2.103716e+01,2.107160e+01,2.095446e+01,2.103716e+01,2.106471e+01,2.111291e+01,2.108537e+01,2.103716e+01,2.098203e+01,2.091998e+01,2.093377e+01,2.092688e+01,2.098203e+01,2.100271e+01,2.107848e+01,2.104405e+01,2.097514e+01,2.099582e+01,2.098893e+01,2.105782e+01,2.103716e+01,2.100271e+01,2.101649e+01,2.100960e+01,2.107848e+01,2.104405e+01,2.106471e+01,2.101649e+01,2.107848e+01,2.109225e+01,2.114732e+01,2.107848e+01,2.100960e+01,2.102338e+01,2.099582e+01,2.103027e+01,2.105782e+01,2.105782e+01,2.106471e+01,2.101649e+01,2.104405e+01,2.100271e+01,2.103716e+01,2.118172e+01,2.102338e+01,2.116796e+01,2.120923e+01,2.109225e+01,2.116108e+01,2.105782e+01,2.107160e+01,2.103027e+01,2.106471e+01,2.106471e+01,2.101649e+01,2.105094e+01,2.117484e+01,2.105782e+01,2.109225e+01,2.107848e+01,2.105094e+01,2.105782e+01,2.120235e+01,2.113355e+01,2.116108e+01,2.110602e+01,2.109225e+01,2.108537e+01,2.107160e+01,2.112667e+01,2.114732e+01,2.118172e+01,2.096825e+01,2.117484e+01,2.102338e+01,2.109225e+01,2.110602e+01,2.116108e+01,2.111291e+01,2.104405e+01,2.105094e+01,2.117484e+01,2.111979e+01,2.111291e+01,2.110602e+01,2.114732e+01,2.114044e+01,2.110602e+01,2.113355e+01,2.107848e+01,2.118172e+01,2.109225e+01,2.116796e+01,2.119548e+01,2.118860e+01,2.119548e+01,2.123674e+01,2.126423e+01,2.120235e+01,2.122298e+01,2.131920e+01,2.120923e+01,2.117484e+01,2.114732e+01,2.114732e+01,2.118860e+01,2.114732e+01,2.115420e+01,2.111291e+01,2.121611e+01,2.120923e+01,2.116796e+01,2.116796e+01,2.116108e+01,2.116108e+01,2.115420e+01,2.119548e+01,2.118172e+01,2.122986e+01,2.121611e+01,2.125048e+01,2.109225e+01,2.117484e+01,2.118172e+01,2.118860e+01,2.116796e+01,2.118860e+01,2.119548e+01,2.118860e+01,2.116796e+01,2.114732e+01,2.102338e+01,2.109914e+01,2.117484e+01,2.112667e+01,2.114044e+01,2.125736e+01,2.120235e+01,2.116108e+01,2.116108e+01,2.116108e+01,2.112667e+01,2.115420e+01,2.112667e+01,2.120235e+01,2.113355e+01,2.109914e+01,2.110602e+01,2.113355e+01,2.110602e+01,2.118172e+01,2.119548e+01,2.107848e+01,2.116796e+01,2.111979e+01,2.115420e+01,2.119548e+01,2.109914e+01,2.118172e+01,2.139474e+01,2.126423e+01,2.132607e+01,2.127798e+01,2.131233e+01,2.136728e+01,2.134668e+01,2.152508e+01,2.163472e+01,2.181945e+01,2.186046e+01,2.218112e+01,2.214024e+01,2.251435e+01,2.252114e+01,2.242604e+01,2.164841e+01,2.074051e+01,2.018627e+01,1.985922e+01,1.989407e+01,1.977555e+01,1.963594e+01,1.964991e+01,1.962197e+01,1.964293e+01,1.966388e+01,1.964991e+01,1.961498e+01,1.973369e+01,1.964293e+01,1.960101e+01,1.962197e+01,1.966388e+01,1.964991e+01,1.969879e+01,1.962896e+01,1.964293e+01,1.969879e+01,1.967086e+01,1.963594e+01,1.965689e+01,1.964293e+01,1.965689e+01,1.962896e+01,1.962896e+01,1.954509e+01,1.959402e+01,1.966388e+01,1.965689e+01,1.975462e+01,1.971275e+01,1.969181e+01,1.974764e+01,1.974764e+01,1.978950e+01,1.979647e+01,1.971973e+01,1.974067e+01,1.972671e+01,1.973369e+01,1.972671e+01,1.968483e+01,1.970577e+01,1.969879e+01,1.962197e+01,1.971275e+01,1.968483e+01,1.978253e+01,1.977555e+01,1.983134e+01,1.975462e+01,1.979647e+01,1.983134e+01,1.990103e+01,2.021405e+01,2.022794e+01,2.024877e+01,2.035980e+01,2.053303e+01,2.049840e+01,2.050533e+01,2.058148e+01,2.057456e+01,2.043605e+01,2.050533e+01,2.056763e+01,2.051225e+01,2.051918e+01,2.052610e+01,2.051918e+01,2.065757e+01,2.053303e+01,2.066448e+01,2.056763e+01,2.060915e+01,2.047070e+01,2.048455e+01,2.050533e+01,2.046377e+01,2.047070e+01,2.043605e+01,2.046377e+01,2.049148e+01,2.041526e+01,2.047070e+01,2.040833e+01,2.041526e+01,2.038753e+01,2.044298e+01,2.037366e+01,2.042219e+01,2.040140e+01,2.037366e+01,2.041526e+01,2.047070e+01,2.040833e+01,2.042912e+01,2.044991e+01,2.040833e+01,2.035286e+01,2.044991e+01,2.041526e+01,2.049148e+01,2.040140e+01,2.040140e+01,2.058148e+01,2.058148e+01,2.046377e+01,2.053303e+01,2.044991e+01,2.066448e+01,2.051918e+01,2.063682e+01,2.053995e+01,2.073360e+01,2.061607e+01,2.055379e+01,2.055379e+01,2.051918e+01,2.051225e+01,2.053995e+01,2.053303e+01,2.042219e+01,2.040833e+01,2.046377e+01,2.038060e+01,2.032512e+01,2.038060e+01,2.022100e+01,2.038060e+01,2.038060e+01,2.035980e+01,2.042219e+01,2.042912e+01,2.044298e+01,2.042912e+01,2.047070e+01,2.044298e+01,2.044991e+01,2.047762e+01,2.034592e+01,2.032512e+01,2.029736e+01,2.032512e+01,2.047070e+01,2.040833e+01,2.044298e+01,2.042912e+01,2.044298e+01,2.047070e+01,2.043605e+01,2.038060e+01,2.038753e+01,2.038753e+01,2.028348e+01,2.035980e+01,2.037366e+01,2.035980e+01,2.051225e+01,2.051225e+01,2.051225e+01,2.051225e+01,2.049148e+01,2.057456e+01,2.053303e+01,2.056071e+01,2.056763e+01,2.042912e+01,2.051225e+01,2.060223e+01,2.052610e+01,2.050533e+01,2.045684e+01,2.059531e+01,2.060915e+01,2.055379e+01,2.051918e+01,2.051225e+01,2.051225e+01,2.056071e+01,2.047762e+01,2.049148e+01,2.047762e+01,2.044298e+01,2.051918e+01,2.060223e+01,2.058840e+01,2.051225e+01,2.051225e+01,2.049840e+01,2.048455e+01,2.051225e+01,2.049148e+01,2.055379e+01,2.051225e+01,2.053303e+01,2.048455e+01,2.051225e+01,2.051225e+01,2.052610e+01,2.061607e+01,2.048455e+01,2.056071e+01,2.048455e+01,2.050533e+01,2.050533e+01,2.058148e+01,2.044991e+01,2.055379e+01,2.054687e+01,2.053303e+01,2.052610e+01,2.054687e+01,2.051225e+01,2.051225e+01,2.063682e+01,2.052610e+01,2.059531e+01,2.056763e+01,2.062299e+01,2.063682e+01,2.053995e+01,2.057456e+01,2.059531e+01,2.059531e+01,2.062299e+01,2.050533e+01,2.068522e+01,2.065757e+01,2.069905e+01,2.072669e+01,2.062299e+01,2.068522e+01,2.065757e+01,2.071287e+01,2.071978e+01,2.064374e+01,2.062299e+01,2.073360e+01,2.067139e+01,2.073360e+01,2.070596e+01,2.073360e+01,2.074051e+01,2.074051e+01,2.075432e+01,2.076123e+01,2.071978e+01,2.063682e+01,2.064374e+01,2.069213e+01,2.071978e+01,2.057456e+01,2.063682e+01,2.062299e+01,2.072669e+01,2.062990e+01,2.069905e+01,2.078886e+01,2.080957e+01,2.076814e+01,2.065065e+01,2.080267e+01,2.067831e+01,2.070596e+01,2.071978e+01,2.080267e+01,2.072669e+01,2.072669e+01,2.070596e+01,2.067831e+01,2.064374e+01,2.068522e+01,2.052610e+01,2.042219e+01,2.035980e+01,2.033205e+01,2.040140e+01,2.037366e+01,2.024877e+01,2.046377e+01,2.053303e+01,2.049148e+01,2.035980e+01,2.031818e+01,2.035980e+01,2.035980e+01,2.017932e+01,2.029042e+01,2.009591e+01,2.017237e+01,2.008896e+01,1.998460e+01,2.006114e+01,2.005419e+01,2.001940e+01,2.004027e+01,2.005419e+01,2.006114e+01,2.006114e+01,2.017932e+01,2.022794e+01,2.018627e+01,2.039447e+01,2.060223e+01,2.084409e+01,2.090619e+01,2.121611e+01,2.118172e+01,2.121611e+01,2.151137e+01,2.146336e+01,2.145650e+01,2.141533e+01,2.164157e+01,2.154565e+01,2.128485e+01,2.118860e+01,2.115420e+01,2.114044e+01,2.115420e+01,2.107848e+01,2.102338e+01,2.098893e+01,2.095446e+01,2.097514e+01,2.084409e+01,2.062299e+01,2.067831e+01,2.067831e+01,2.067139e+01,2.067139e+01,2.065757e+01,2.065757e+01,2.080957e+01,2.079576e+01,2.087859e+01,2.087169e+01,2.089239e+01,2.089239e+01,2.083719e+01,2.091998e+01,2.092688e+01,2.092688e+01,2.096825e+01,2.091308e+01,2.090619e+01,2.094067e+01,2.085789e+01,2.085099e+01,2.087859e+01,2.087859e+01,2.078886e+01,2.092688e+01,2.092688e+01,2.094757e+01,2.090619e+01,2.095446e+01,2.097514e+01,2.088549e+01,2.094067e+01,2.098203e+01,2.098893e+01,2.087859e+01,2.094757e+01,2.098893e+01,2.108537e+01,2.100271e+01,2.096135e+01,2.096135e+01,2.099582e+01,2.096135e+01,2.098893e+01,2.098893e+01,2.097514e+01,2.103716e+01,2.105782e+01,2.104405e+01,2.107160e+01,2.102338e+01,2.109914e+01,2.106471e+01,2.116796e+01,2.111291e+01,2.109914e+01,2.100960e+01,2.111979e+01,2.102338e+01,2.105782e+01,2.103027e+01,2.102338e+01,2.105094e+01,2.111291e+01,2.103716e+01,2.114732e+01,2.100271e+01,2.114044e+01,2.100271e+01,2.101649e+01,2.098893e+01,2.098893e+01,2.094757e+01,2.097514e+01,2.089239e+01,2.092688e+01,2.100271e+01,2.098893e+01,2.107160e+01,2.106471e+01,2.104405e+01,2.124361e+01,2.089239e+01,2.094067e+01,2.092688e+01,2.117484e+01,2.105094e+01,2.103716e+01,2.102338e+01,2.098893e+01,2.107160e+01,2.094067e+01,2.109225e+01,2.100960e+01,2.098893e+01,2.103027e+01,2.110602e+01,2.107848e+01,2.109225e+01,2.102338e+01,2.100960e+01,2.106471e+01,2.099582e+01,2.098203e+01,2.099582e+01,2.107848e+01,2.096135e+01,2.108537e+01,2.108537e+01,2.107160e+01,2.108537e+01,2.110602e+01,2.111291e+01,2.116108e+01,2.108537e+01
2.100960e+01,2.108537e+01,2.107160e+01,2.105782e+01,2.103027e+01,2.101649e+01,2.100271e+01,2.105094e+01,2.100960e+01,2.101649e+01,2.109225e+01,2.100271e+01,2.107160e+01,2.109225e+01,2.098203e+01,2.096825e+01,2.098893e+01,2.106471e+01,2.096135e+01,2.106471e+01,2.097514e+01,2.105094e+01,2.093377e+01,2.089929e+01,2.089929e+01,2.102338e+01,2.098893e+01,2.093377e+01,2.091998e+01,2.097514e+01,2.103716e+01,2.094757e+01,2.102338e+01,2.102338e+01,2.105782e+01,2.099582e+01,2.095446e+01,2.103027e+01,2.101649e+01,2.093377e+01,2.102338e+01,2.100271e+01,2.102338e+01,2.101649e+01,2.100960e+01,2.105782e+01,2.116796e+01,2.099582e+01,2.112667e+01,2.103716e+01,2.107848e+01,2.116108e+01,2.113355e+01,2.116108e+01,2.100960e+01,2.107160e+01,2.109225e+01,2.109914e+01,2.111979e+01,2.103027e+01,2.102338e+01,2.105782e+01,2.107160e+01,2.108537e+01,2.116796e+01,2.116108e+01,2.106471e+01,2.111291e+01,2.111291e+01,2.111291e+01,2.104405e+01,2.107160e+01,2.107848e+01,2.091998e+01,2.114044e+01,2.105094e+01,2.109914e+01,2.105094e+01,2.105094e+01,2.112667e+01,2.095446e+01,2.109914e+01,2.115420e+01,2.122986e+01,2.123674e+01,2.124361e+01,2.105094e+01,2.107848e+01,2.119548e+01,2.123674e+01,2.114732e+01,2.114044e+01,2.111291e+01,2.109914e+01,2.109225e+01,2.114044e+01,2.122298e+01,2.109914e+01,2.112667e+01,2.115420e+01,2.115420e+01,2.109914e+01,2.118172e+01,2.111979e+01,2.114044e+01,2.109914e+01,2.115420e+01,2.120235e+01,2.117484e+01,2.109914e+01,2.118172e+01,2.114732e+01,2.120923e+01,2.118860e+01,2.127798e+01,2.125048e+01,2.114044e+01,2.116108e+01,2.117484e+01,2.120923e+01,2.118172e+01,2.114732e+01,2.116796e+01,2.125048e+01,2.118172e+01,2.121611e+01,2.121611e+01,2.119548e+01,2.122298e+01,2.117484e+01,2.107848e+01,2.116108e+01,2.123674e+01,2.115420e+01,2.115420e+01,2.123674e+01,2.118860e+01,2.109914e+01,2.124361e+01,2.113355e+01,2.119548e+01,2.121611e+01,2.116796e+01,2.118172e+01,2.122986e+01,2.117484e+01,2.112667e+01,2.116796e+01,2.116796e+01,2.111979e+01,2.116108e+01,2.120923e+01,2.115420e+01,2.120235e+01,2.117484e+01,2.115420e+01,2.105094e+01,2.113355e+01,2.111979e+01,2.109914e+01,2.111291e+01,2.114044e+01,2.124361e+01,2.114732e+01,2.109225e+01,2.108537e+01,2.109914e+01,2.118860e+01,2.115420e+01,2.118860e+01,2.112667e+01,2.112667e+01,2.109914e+01,2.122298e+01,2.118172e+01,2.124361e+01,2.125048e+01,2.130546e+01,2.133294e+01,2.131920e+01,2.135355e+01,2.142906e+01,2.153880e+01,2.172371e+01,2.178527e+01,2.182629e+01,2.214024e+01,2.233767e+01,2.256865e+01,2.251435e+01,2.250756e+01,2.162102e+01,2.075432e+01,1.992890e+01,1.987316e+01,1.981740e+01,1.969181e+01,1.978950e+01,1.971973e+01,1.964293e+01,1.964293e+01,1.971973e+01,1.955907e+01,1.958004e+01,1.961498e+01,1.962896e+01,1.955907e+01,1.963594e+01,1.973369e+01,1.970577e+01,1.974067e+01,1.968483e+01,1.960101e+01,1.960101e+01,1.962197e+01,1.965689e+01,1.964991e+01,1.964991e+01,1.960800e+01,1.964991e+01,1.964293e+01,1.969181e+01,1.960101e+01,1.960800e+01,1.962896e+01,1.971973e+01,1.971275e+01,1.974067e+01,1.970577e+01,1.967086e+01,1.969181e+01,1.970577e+01,1.978253e+01,1.977555e+01,1.976160e+01,1.971973e+01,1.971973e+01,1.969879e+01,1.969181e+01,1.971973e+01,1.971275e+01,1.969879e+01,1.976858e+01,1.967086e+01,1.978253e+01,1.983134e+01,1.981740e+01,1.992193e+01,2.014458e+01,2.026266e+01,2.033899e+01,2.046377e+01,2.031124e+01,2.055379e+01,2.051225e+01,2.051225e+01,2.062990e+01,2.058148e+01,2.058840e+01,2.047762e+01,2.056071e+01,2.048455e+01,2.051225e+01,2.054687e+01,2.058840e+01,2.060223e+01,2.060915e+01,2.062299e+01,2.056071e+01,2.047070e+01,2.055379e+01,2.055379e+01,2.044298e+01,2.050533e+01,2.053995e+01,2.051918e+01,2.049840e+01,2.049840e+01,2.049840e+01,2.052610e+01,2.049148e+01,2.053995e+01,2.047762e+01,2.035286e+01,2.042219e+01,2.048455e+01,2.044298e+01,2.040833e+01,2.044298e+01,2.038753e+01,2.040140e+01,2.043605e+01,2.049840e+01,2.047070e+01,2.036673e+01,2.048455e+01,2.047070e+01,2.048455e+01,2.042219e+01,2.049148e+01,2.047762e+01,2.047762e+01,2.048455e+01,2.055379e+01,2.054687e+01,2.049840e+01,2.054687e+01,2.057456e+01,2.062990e+01,2.057456e+01,2.062299e+01,2.067139e+01,2.061607e+01,2.060915e+01,2.051918e+01,2.047070e+01,2.051225e+01,2.046377e+01,2.037366e+01,2.035980e+01,2.037366e+01,2.043605e+01,2.044298e+01,2.034592e+01,2.038060e+01,2.037366e+01,2.033205e+01,2.044991e+01,2.043605e+01,2.056071e+01,2.034592e+01,2.049148e+01,2.042219e+01,2.040833e+01,2.044991e+01,2.044298e+01,2.041526e+01,2.034592e+01,2.035980e+01,2.047070e+01,2.042219e+01,2.033899e+01,2.041526e+01,2.046377e+01,2.035286e+01,2.038753e+01,2.038753e+01,2.031818e+01,2.026960e+01,2.053303e+01,2.050533e+01,2.042912e+01,2.039447e+01,2.048455e+01,2.047762e+01,2.044991e+01,2.052610e+01,2.053303e+01,2.042912e+01,2.045684e+01,2.042912e+01,2.045684e+01,2.057456e+01,2.046377e+01,2.042912e+01,2.051225e+01,2.050533e+01,2.044991e+01,2.058148e+01,2.050533e+01,2.051918e+01,2.060915e+01,2.056071e+01,2.042912e+01,2.047762e+01,2.052610e+01,2.038060e+01,2.053303e+01,2.058148e+01,2.047070e+01,2.049840e+01,2.047762e+01,2.052610e+01,2.045684e+01,2.042912e+01,2.048455e+01,2.047762e+01,2.048455e+01,2.049840e+01,2.048455e+01,2.044298e+01,2.056071e+01,2.052610e+01,2.050533e+01,2.043605e+01,2.047070e+01,2.051225e+01,2.050533e+01,2.053303e+01,2.051918e+01,2.046377e+01,2.053995e+01,2.051918e+01,2.051918e+01,2.053995e+01,2.044298e+01,2.055379e+01,2.056071e+01,2.057456e+01,2.048455e+01,2.054687e+01,2.052610e+01,2.049148e+01,2.052610e+01,2.044298e+01,2.068522e+01,2.054687e+01,2.054687e+01,2.059531e+01,2.060915e+01,2.058840e+01,2.062990e+01,2.062990e+01,2.067139e+01,2.059531e+01,2.070596e+01,2.063682e+01,2.067831e+01,2.061607e+01,2.066448e+01,2.071978e+01,2.060223e+01,2.073360e+01,2.074742e+01,2.072669e+01,2.074051e+01,2.085099e+01,2.076814e+01,2.076814e+01,2.077505e+01,2.071287e+01,2.078886e+01,2.054687e+01,2.069213e+01,2.074051e+01,2.058840e+01,2.058840e+01,2.062990e+01,2.067831e+01,2.056763e+01,2.066448e+01,2.068522e+01,2.068522e+01,2.065065e+01,2.076123e+01,2.074742e+01,2.074742e+01,2.070596e+01,2.073360e+01,2.073360e+01,2.074051e+01,2.075432e+01,2.071978e+01,2.068522e+01,2.070596e+01,2.078195e+01,2.069213e+01,2.060915e+01,2.055379e+01,2.065757e+01,2.044991e+01,2.038753e+01,2.047070e+01,2.040833e+01,2.041526e+01,2.035286e+01,2.024183e+01,2.041526e+01,2.029042e+01,2.034592e+01,2.030430e+01,2.027654e+01,2.017237e+01,2.016542e+01,2.017237e+01,2.012372e+01,2.014458e+01,2.007505e+01,2.009591e+01,2.012372e+01,2.006810e+01,2.003332e+01,2.007505e+01,2.007505e+01,2.008896e+01,2.012372e+01,2.017237e+01,2.023489e+01,2.021405e+01,2.024877e+01,2.061607e+01,2.067831e+01,2.084409e+01,2.098203e+01,2.105094e+01,2.116796e+01,2.133981e+01,2.148394e+01,2.144278e+01,2.129172e+01,2.134668e+01,2.138788e+01,2.136728e+01,2.133294e+01,2.139474e+01,2.123674e+01,2.114732e+01,2.104405e+01,2.105094e+01,2.087169e+01,2.097514e+01,2.087859e+01,2.066448e+01,2.068522e+01,2.066448e+01,2.066448e+01,2.066448e+01,2.065757e+01,2.068522e+01,2.058148e+01,2.069213e+01,2.087859e+01,2.073360e+01,2.083028e+01,2.086479e+01,2.088549e+01,2.082338e+01,2.091308e+01,2.091998e+01,2.101649e+01,2.088549e+01,2.087169e+01,2.096135e+01,2.095446e+01,2.096135e+01,2.081648e+01,2.093377e+01,2.086479e+01,2.094757e+01,2.094757e+01,2.095446e+01,2.094067e+01,2.091998e+01,2.093377e+01,2.096135e+01,2.103716e+01,2.094757e+01,2.093377e+01,2.094757e+01,2.093377e+01,2.091308e+01,2.094757e+01,2.096825e+01,2.109225e+01,2.098893e+01,2.111291e+01,2.093377e+01,2.103027e+01,2.118860e+01,2.102338e+01,2.096825e+01,2.114732e+01,2.116796e+01,2.103027e+01,2.098203e+01,2.104405e+01,2.096135e+01,2.108537e+01,2.109914e+01,2.089929e+01,2.114044e+01,2.119548e+01,2.108537e+01,2.085789e+01,2.101649e+01,2.103716e+01,2.103716e+01,2.118172e+01,2.108537e+01,2.106471e+01,2.098893e+01,2.111979e+01,2.100271e+01,2.120923e+01,2.100960e+01,2.103027e+01,2.102338e+01,2.100960e+01,2.104405e+01,2.103716e+01,2.107160e+01,2.095446e+01,2.103027e+01,2.100271e+01,2.107848e+01,2.094757e+01,2.087859e+01,2.092688e+01,2.114044e+01,2.098203e+01,2.101649e+01,2.099582e+01,2.117484e+01,2.103716e+01,2.109914e+01,2.105782e+01,2.100271e+01,2.094757e+01,2.110602e+01,2.105094e+01,2.116796e+01,2.115420e+01,2.102338e+01,2.100271e+01,2.100271e+01,2.103027e+01,2.111291e+01,2.107160e+01,2.095446e+01,2.119548e+01,2.108537e+01,2.109914e+01,2.103027e+01,2.109225e+01,2.108537e+01,2.105094e+01,2.106471e+01,2.111979e+01,2.109225e+01,2.091998e+01
2.118172e+01,2.109225e+01,2.105094e+01,2.100271e+01,2.113355e+01,2.101649e+01,2.098893e+01,2.089929e+01,2.109914e+01,2.101649e+01,2.095446e+01,2.100960e+01,2.103027e+01,2.098893e+01,2.108537e+01,2.107848e+01,2.101649e+01,2.106471e+01,2.106471e+01,2.103716e+01,2.100271e+01,2.097514e+01,2.107160e+01,2.106471e+01,2.091308e+01,2.107848e+01,2.099582e+01,2.102338e+01,2.098893e+01,2.091308e+01,2.089929e+01,2.091308e+01,2.114732e+01,2.108537e+01,2.096825e+01,2.098893e+01,2.105782e+01,2.099582e+01,2.104405e+01,2.099582e+01,2.097514e+01,2.105782e+01,2.107848e+01,2.108537e+01,2.105094e+01,2.104405e+01,2.105782e+01,2.099582e+01,2.111979e+01,2.102338e+01,2.115420e+01,2.112667e+01,2.099582e+01,2.092688e+01,2.105782e+01,2.108537e+01,2.102338e+01,2.109225e+01,2.109914e+01,2.105782e+01,2.103716e+01,2.105782e+01,2.110602e+01,2.107160e+01,2.104405e+01,2.112667e+01,2.120923e+01,2.106471e+01,2.105094e+01,2.106471e+01,2.104405e+01,2.110602e+01,2.105782e+01,2.109225e+01,2.125736e+01,2.111979e+01,2.100271e+01,2.103027e+01,2.110602e+01,2.116108e+01,2.096825e+01,2.109225e+01,2.111979e+01,2.109914e+01,2.107160e+01,2.108537e+01,2.115420e+01,2.114044e+01,2.120923e+01,2.120923e+01,2.118172e+01,2.116796e+01,2.112667e+01,2.112667e+01,2.110602e+01,2.120923e+01,2.108537e+01,2.110602e+01,2.130546e+01,2.107160e+01,2.135355e+01,2.109225e+01,2.109914e+01,2.111979e+01,2.109914e+01,2.114044e+01,2.109914e+01,2.121611e+01,2.116108e+01,2.106471e+01,2.119548e+01,2.111979e+01,2.122298e+01,2.107848e+01,2.120235e+01,2.125048e+01,2.113355e+01,2.125048e+01,2.117484e+01,2.115420e+01,2.114732e+01,2.116108e+01,2.110602e+01,2.113355e+01,2.121611e+01,2.121611e+01,2.101649e+01,2.120923e+01,2.121611e+01,2.120923e+01,2.117484e+01,2.118860e+01,2.117484e+01,2.114732e+01,2.122298e+01,2.121611e+01,2.112667e+01,2.115420e+01,2.122298e+01,2.132607e+01,2.115420e+01,2.118172e+01,2.120923e+01,2.116796e+01,2.117484e+01,2.121611e+01,2.112667e+01,2.116796e+01,2.125048e+01,2.115420e+01,2.133294e+01,2.107848e+01,2.116108e+01,2.122298e+01,2.113355e+01,2.114732e+01,2.116108e+01,2.113355e+01,2.107848e+01,2.107160e+01,2.114044e+01,2.114732e+01,2.111291e+01,2.111291e+01,2.116108e+01,2.116108e+01,2.111979e+01,2.117484e+01,2.118860e+01,2.114732e+01,2.115420e+01,2.122298e+01,2.117484e+01,2.113355e+01,2.143592e+01,2.127798e+01,2.116796e+01,2.131920e+01,2.134668e+01,2.140847e+01,2.133294e+01,2.142906e+01,2.145650e+01,2.171686e+01,2.177159e+01,2.183312e+01,2.200386e+01,2.228324e+01,2.253472e+01,2.258901e+01,2.237847e+01,2.149080e+01,2.090619e+01,2.008201e+01,1.987316e+01,1.973369e+01,1.981740e+01,1.960800e+01,1.962197e+01,1.970577e+01,1.960800e+01,1.962197e+01,1.959402e+01,1.964991e+01,1.958004e+01,1.974067e+01,1.972671e+01,1.976160e+01,1.972671e+01,1.958004e+01,1.969879e+01,1.976160e+01,1.960800e+01,1.962896e+01,1.969181e+01,1.971973e+01,1.968483e+01,1.961498e+01,1.969181e+01,1.954509e+01,1.969879e+01,1.970577e+01,1.964991e+01,1.966388e+01,1.969181e+01,1.960101e+01,1.969181e+01,1.976160e+01,1.970577e+01,1.969181e+01,1.973369e+01,1.970577e+01,1.975462e+01,1.974764e+01,1.974067e+01,1.971973e+01,1.969879e+01,1.969879e+01,1.965689e+01,1.976160e+01,1.975462e+01,1.966388e+01,1.978253e+01,1.974764e+01,1.975462e+01,1.990103e+01,2.013068e+01,2.022794e+01,2.015153e+01,2.018627e+01,2.044298e+01,2.051918e+01,2.064374e+01,2.052610e+01,2.066448e+01,2.042912e+01,2.058840e+01,2.050533e+01,2.052610e+01,2.052610e+01,2.043605e+01,2.054687e+01,2.054687e+01,2.058148e+01,2.048455e+01,2.054687e+01,2.051225e+01,2.047762e+01,2.055379e+01,2.045684e+01,2.062990e+01,2.056763e+01,2.051918e+01,2.051225e+01,2.044298e+01,2.048455e+01,2.048455e+01,2.046377e+01,2.047070e+01,2.049840e+01,2.051918e+01,2.036673e+01,2.047070e+01,2.038060e+01,2.042219e+01,2.048455e+01,2.039447e+01,2.042912e+01,2.038753e+01,2.038753e+01,2.042219e+01,2.039447e+01,2.046377e+01,2.044298e+01,2.041526e+01,2.047070e+01,2.039447e+01,2.047070e+01,2.048455e+01,2.050533e+01,2.048455e+01,2.058148e+01,2.044298e+01,2.065757e+01,2.047762e+01,2.045684e+01,2.053303e+01,2.058148e+01,2.070596e+01,2.074051e+01,2.076814e+01,2.064374e+01,2.067139e+01,2.060223e+01,2.058840e+01,2.044991e+01,2.039447e+01,2.040140e+01,2.036673e+01,2.038060e+01,2.043605e+01,2.039447e+01,2.038060e+01,2.040140e+01,2.038060e+01,2.038753e+01,2.035286e+01,2.039447e+01,2.033899e+01,2.053995e+01,2.056763e+01,2.052610e+01,2.041526e+01,2.042219e+01,2.047070e+01,2.042912e+01,2.041526e+01,2.034592e+01,2.044298e+01,2.043605e+01,2.039447e+01,2.039447e+01,2.040833e+01,2.042912e+01,2.047762e+01,2.034592e+01,2.043605e+01,2.038060e+01,2.040140e+01,2.040833e+01,2.045684e+01,2.035980e+01,2.046377e+01,2.044991e+01,2.037366e+01,2.043605e+01,2.049840e+01,2.052610e+01,2.040833e+01,2.046377e+01,2.058148e+01,2.055379e+01,2.053303e+01,2.047762e+01,2.042219e+01,2.044991e+01,2.043605e+01,2.044298e+01,2.047070e+01,2.049840e+01,2.059531e+01,2.058148e+01,2.051225e+01,2.044298e+01,2.052610e+01,2.048455e+01,2.044991e+01,2.047762e+01,2.046377e+01,2.047070e+01,2.046377e+01,2.039447e+01,2.047070e+01,2.044991e+01,2.054687e+01,2.047762e+01,2.049840e+01,2.048455e+01,2.044991e+01,2.049148e+01,2.048455e+01,2.051918e+01,2.051225e+01,2.049148e+01,2.051225e+01,2.064374e+01,2.049840e+01,2.052610e+01,2.055379e+01,2.059531e+01,2.051225e+01,2.053995e+01,2.051918e+01,2.052610e+01,2.049148e+01,2.053995e+01,2.059531e+01,2.057456e+01,2.054687e+01,2.056071e+01,2.051225e+01,2.055379e+01,2.056763e+01,2.068522e+01,2.053995e+01,2.065757e+01,2.065065e+01,2.058148e+01,2.054687e+01,2.058840e+01,2.053995e+01,2.055379e+01,2.065757e+01,2.060223e+01,2.053303e+01,2.060223e+01,2.067831e+01,2.058840e+01,2.074051e+01,2.071978e+01,2.071287e+01,2.067139e+01,2.071978e+01,2.070596e+01,2.067139e+01,2.073360e+01,2.071978e+01,2.065757e+01,2.077505e+01,2.066448e+01,2.076123e+01,2.075432e+01,2.076123e+01,2.071287e+01,2.078886e+01,2.074742e+01,2.065065e+01,2.065065e+01,2.065065e+01,2.058148e+01,2.067831e+01,2.063682e+01,2.066448e+01,2.068522e+01,2.080957e+01,2.078886e+01,2.078886e+01,2.079576e+01,2.068522e+01,2.072669e+01,2.076814e+01,2.073360e+01,2.080267e+01,2.071978e+01,2.071287e+01,2.069905e+01,2.059531e+01,2.049840e+01,2.067831e+01,2.068522e+01,2.038753e+01,2.024877e+01,2.035980e+01,2.029736e+01,2.034592e+01,2.022100e+01,2.040833e+01,2.034592e+01,2.038060e+01,2.023489e+01,2.025571e+01,2.017932e+01,2.021405e+01,2.014458e+01,2.015848e+01,2.008201e+01,2.001940e+01,2.008201e+01,2.007505e+01,2.006810e+01,2.005419e+01,2.005419e+01,2.001940e+01,2.009591e+01,2.005419e+01,2.013068e+01,2.012372e+01,2.017932e+01,2.023489e+01,2.042219e+01,2.044298e+01,2.069905e+01,2.073360e+01,2.085099e+01,2.103027e+01,2.119548e+01,2.129859e+01,2.138788e+01,2.130546e+01,2.134668e+01,2.140161e+01,2.122298e+01,2.118860e+01,2.127110e+01,2.119548e+01,2.117484e+01,2.105094e+01,2.103027e+01,2.106471e+01,2.091998e+01,2.092688e+01,2.071978e+01,2.090619e+01,2.065065e+01,2.054687e+01,2.067139e+01,2.056071e+01,2.058148e+01,2.062990e+01,2.056763e+01,2.061607e+01,2.078886e+01,2.078886e+01,2.073360e+01,2.085789e+01,2.107848e+01,2.103027e+01,2.100960e+01,2.099582e+01,2.086479e+01,2.089929e+01,2.101649e+01,2.090619e+01,2.098893e+01,2.081648e+01,2.100960e+01,2.090619e+01,2.090619e+01,2.084409e+01,2.086479e+01,2.083028e+01,2.091998e+01,2.085099e+01,2.100960e+01,2.084409e+01,2.096135e+01,2.087169e+01,2.095446e+01,2.093377e+01,2.094067e+01,2.091998e+01,2.093377e+01,2.095446e+01,2.098203e+01,2.108537e+01,2.100960e+01,2.106471e+01,2.097514e+01,2.109914e+01,2.099582e+01,2.114732e+01,2.098893e+01,2.099582e+01,2.104405e+01,2.100271e+01,2.098203e+01,2.098893e+01,2.109225e+01,2.113355e+01,2.114732e+01,2.117484e+01,2.098203e+01,2.108537e+01,2.102338e+01,2.105094e+01,2.113355e+01,2.103716e+01,2.119548e+01,2.110602e+01,2.107160e+01,2.108537e+01,2.107160e+01,2.116796e+01,2.100271e+01,2.103716e+01,2.118172e+01,2.100271e+01,2.098203e+01,2.098893e+01,2.097514e+01,2.097514e+01,2.102338e+01,2.093377e+01,2.106471e+01,2.103027e+01,2.107160e+01,2.100271e+01,2.089239e+01,2.096135e+01,2.093377e+01,2.108537e+01,2.098203e+01,2.111291e+01,2.103027e+01,2.101649e+01,2.100271e+01,2.095446e+01,2.092688e+01,2.105782e+01,2.111291e+01,2.116796e+01,2.116796e+01,2.105782e+01,2.100960e+01,2.104405e+01,2.097514e+01,2.102338e+01,2.098893e+01,2.109914e+01,2.094067e+01,2.106471e+01,2.094757e+01,2.105782e+01,2.103027e+01,2.113355e+01,2.110602e+01,2.109914e+01,2.105094e+01,2.107160e+01,2.102338e+01
2.105094e+01,2.111979e+01,2.086479e+01,2.104405e+01,2.096135e+01,2.107848e+01,2.097514e+01,2.083028e+01,2.106471e+01,2.098893e+01,2.107848e+01,2.102338e+01,2.103716e+01,2.107848e+01,2.098203e+01,2.098203e+01,2.098203e+01,2.096135e+01,2.103027e+01,2.101649e+01,2.101649e+01,2.106471e+01,2.089239e+01,2.099582e+01,2.107160e+01,2.103027e+01,2.091998e+01,2.092688e+01,2.091998e+01,2.094067e+01,2.092688e+01,2.091998e+01,2.087859e+01,2.107160e+01,2.110602e+01,2.098893e+01,2.142906e+01,2.109914e+01,2.107848e+01,2.105094e+01,2.106471e+01,2.095446e+01,2.096135e+01,2.102338e+01,2.101649e+01,2.104405e+01,2.111291e+01,2.109225e+01,2.116108e+01,2.105782e+01,2.105782e+01,2.107848e+01,2.114044e+01,2.103027e+01,2.105094e+01,2.106471e+01,2.109914e+01,2.109914e+01,2.111291e+01,2.111291e+01,2.106471e+01,2.103716e+01,2.100960e+01,2.105782e+01,2.107848e+01,2.109225e+01,2.104405e+01,2.107848e+01,2.120235e+01,2.109914e+01,2.107160e+01,2.108537e+01,2.124361e+01,2.109914e+01,2.105094e+01,2.112667e+01,2.105094e+01,2.109914e+01,2.098893e+01,2.107848e+01,2.099582e+01,2.095446e+01,2.101649e+01,2.105782e+01,2.110602e+01,2.109914e+01,2.110602e+01,2.122298e+01,2.108537e+01,2.103716e+01,2.118172e+01,2.116108e+01,2.098203e+01,2.118860e+01,2.105782e+01,2.109914e+01,2.107848e+01,2.117484e+01,2.119548e+01,2.113355e+01,2.111979e+01,2.109914e+01,2.111291e+01,2.110602e+01,2.107848e+01,2.111291e+01,2.114732e+01,2.113355e+01,2.125736e+01,2.117484e+01,2.115420e+01,2.122298e+01,2.123674e+01,2.122298e+01,2.122986e+01,2.122298e+01,2.114044e+01,2.119548e+01,2.122298e+01,2.117484e+01,2.109225e+01,2.121611e+01,2.120235e+01,2.120235e+01,2.124361e+01,2.119548e+01,2.123674e+01,2.118860e+01,2.118860e+01,2.120235e+01,2.122298e+01,2.109225e+01,2.119548e+01,2.120923e+01,2.114044e+01,2.118172e+01,2.125048e+01,2.112667e+01,2.111291e+01,2.119548e+01,2.116796e+01,2.115420e+01,2.117484e+01,2.120235e+01,2.115420e+01,2.120923e+01,2.120235e+01,2.120235e+01,2.112667e+01,2.109914e+01,2.111291e+01,2.109225e+01,2.108537e+01,2.114732e+01,2.111291e+01,2.113355e+01,2.114732e+01,2.113355e+01,2.107160e+01,2.113355e+01,2.117484e+01,2.111979e+01,2.106471e+01,2.110602e+01,2.109914e+01,2.116108e+01,2.116108e+01,2.116108e+01,2.116796e+01,2.118172e+01,2.116796e+01,2.118172e+01,2.114732e+01,2.110602e+01,2.125048e+01,2.124361e+01,2.128485e+01,2.123674e+01,2.125736e+01,2.138101e+01,2.142906e+01,2.137415e+01,2.150451e+01,2.161417e+01,2.178527e+01,2.175107e+01,2.218793e+01,2.227644e+01,2.260258e+01,2.275171e+01,2.240566e+01,2.164841e+01,2.082338e+01,1.989407e+01,1.985922e+01,1.971275e+01,1.966388e+01,1.969181e+01,1.960800e+01,1.971973e+01,1.965689e+01,1.971973e+01,1.972671e+01,1.971973e+01,1.969879e+01,1.967086e+01,1.964293e+01,1.975462e+01,1.971275e+01,1.971973e+01,1.967086e+01,1.972671e+01,1.962197e+01,1.962896e+01,1.974764e+01,1.979647e+01,1.976858e+01,1.977555e+01,1.982437e+01,1.969181e+01,1.969879e+01,1.968483e+01,1.964991e+01,1.971275e+01,1.973369e+01,1.967785e+01,1.971973e+01,1.961498e+01,1.966388e+01,1.978950e+01,1.973369e+01,1.968483e+01,1.972671e+01,1.969181e+01,1.968483e+01,1.976160e+01,1.960101e+01,1.979647e+01,1.969879e+01,1.977555e+01,1.971275e+01,1.970577e+01,1.982437e+01,1.978253e+01,1.987316e+01,2.009591e+01,2.013068e+01,2.015153e+01,2.032512e+01,2.045684e+01,2.049148e+01,2.047762e+01,2.057456e+01,2.056071e+01,2.054687e+01,2.056071e+01,2.054687e+01,2.056763e+01,2.055379e+01,2.051918e+01,2.053995e+01,2.056763e+01,2.053995e+01,2.054687e+01,2.049840e+01,2.059531e+01,2.054687e+01,2.048455e+01,2.063682e+01,2.054687e+01,2.058148e+01,2.042219e+01,2.049840e+01,2.058148e+01,2.048455e+01,2.040140e+01,2.051225e+01,2.049148e+01,2.047070e+01,2.054687e+01,2.051225e+01,2.049840e+01,2.037366e+01,2.049148e+01,2.040833e+01,2.047070e+01,2.040140e+01,2.044298e+01,2.042219e+01,2.040833e+01,2.042219e+01,2.042912e+01,2.035286e+01,2.042912e+01,2.042912e+01,2.033899e+01,2.041526e+01,2.038753e+01,2.047762e+01,2.040140e+01,2.042219e+01,2.042912e+01,2.042219e+01,2.051225e+01,2.056763e+01,2.046377e+01,2.052610e+01,2.056763e+01,2.059531e+01,2.051225e+01,2.076123e+01,2.065065e+01,2.051918e+01,2.043605e+01,2.035286e+01,2.044298e+01,2.035286e+01,2.038753e+01,2.040140e+01,2.039447e+01,2.038753e+01,2.029042e+01,2.039447e+01,2.038060e+01,2.037366e+01,2.035980e+01,2.044991e+01,2.046377e+01,2.042912e+01,2.051225e+01,2.045684e+01,2.042219e+01,2.035286e+01,2.037366e+01,2.037366e+01,2.040833e+01,2.050533e+01,2.047070e+01,2.049840e+01,2.047070e+01,2.034592e+01,2.044298e+01,2.040833e+01,2.043605e+01,2.033205e+01,2.049148e+01,2.038060e+01,2.041526e+01,2.038060e+01,2.056071e+01,2.045684e+01,2.036673e+01,2.045684e+01,2.050533e+01,2.037366e+01,2.047070e+01,2.048455e+01,2.048455e+01,2.041526e+01,2.056763e+01,2.043605e+01,2.040140e+01,2.055379e+01,2.042912e+01,2.043605e+01,2.046377e+01,2.044298e+01,2.043605e+01,2.044991e+01,2.043605e+01,2.049840e+01,2.055379e+01,2.049148e+01,2.040833e+01,2.046377e+01,2.047070e+01,2.046377e+01,2.049840e+01,2.043605e+01,2.044298e+01,2.047070e+01,2.048455e+01,2.052610e+01,2.037366e+01,2.050533e+01,2.053303e+01,2.045684e+01,2.049148e+01,2.049148e+01,2.044298e+01,2.044298e+01,2.049148e+01,2.051918e+01,2.051918e+01,2.049148e+01,2.050533e+01,2.051918e+01,2.046377e+01,2.052610e+01,2.049840e+01,2.058840e+01,2.047762e+01,2.051225e+01,2.049840e+01,2.052610e+01,2.047762e+01,2.056763e+01,2.051918e+01,2.055379e+01,2.050533e+01,2.049148e+01,2.057456e+01,2.053995e+01,2.058840e+01,2.076123e+01,2.056763e+01,2.060915e+01,2.057456e+01,2.059531e+01,2.058840e+01,2.056763e+01,2.063682e+01,2.057456e+01,2.059531e+01,2.065757e+01,2.060915e+01,2.069213e+01,2.060223e+01,2.067139e+01,2.067831e+01,2.069213e+01,2.068522e+01,2.061607e+01,2.066448e+01,2.069213e+01,2.071287e+01,2.076123e+01,2.072669e+01,2.077505e+01,2.074742e+01,2.074051e+01,2.087169e+01,2.072669e+01,2.067831e+01,2.072669e+01,2.062299e+01,2.068522e+01,2.067831e+01,2.069905e+01,2.065065e+01,2.067139e+01,2.073360e+01,2.066448e+01,2.084409e+01,2.080957e+01,2.067831e+01,2.074051e+01,2.078195e+01,2.064374e+01,2.073360e+01,2.071287e+01,2.074051e+01,2.088549e+01,2.072669e+01,2.071978e+01,2.074742e+01,2.074051e+01,2.050533e+01,2.044298e+01,2.049840e+01,2.044991e+01,2.030430e+01,2.030430e+01,2.031818e+01,2.026266e+01,2.026960e+01,2.022794e+01,2.026960e+01,2.016542e+01,2.031124e+01,2.017237e+01,2.018627e+01,2.018627e+01,2.015848e+01,2.010287e+01,2.002636e+01,2.014458e+01,2.010982e+01,2.023489e+01,2.009591e+01,2.005419e+01,2.009591e+01,2.005419e+01,1.997764e+01,2.006114e+01,2.010287e+01,2.014458e+01,2.017932e+01,2.032512e+01,2.026266e+01,2.074051e+01,2.069905e+01,2.089239e+01,2.098893e+01,2.119548e+01,2.119548e+01,2.136728e+01,2.125736e+01,2.120923e+01,2.125736e+01,2.133981e+01,2.124361e+01,2.131233e+01,2.125736e+01,2.122298e+01,2.122298e+01,2.114732e+01,2.115420e+01,2.098893e+01,2.100960e+01,2.086479e+01,2.070596e+01,2.084409e+01,2.062990e+01,2.058148e+01,2.060915e+01,2.054687e+01,2.049840e+01,2.058840e+01,2.062299e+01,2.067139e+01,2.078886e+01,2.087169e+01,2.085099e+01,2.087859e+01,2.084409e+01,2.091308e+01,2.094757e+01,2.098893e+01,2.091998e+01,2.098893e+01,2.100960e+01,2.096135e+01,2.094757e+01,2.084409e+01,2.098893e+01,2.095446e+01,2.079576e+01,2.080957e+01,2.091998e+01,2.085099e+01,2.091308e+01,2.083028e+01,2.089929e+01,2.100960e+01,2.090619e+01,2.084409e+01,2.089929e+01,2.109225e+01,2.080267e+01,2.089929e+01,2.093377e+01,2.087169e+01,2.101649e+01,2.100960e+01,2.100271e+01,2.096135e+01,2.100960e+01,2.094067e+01,2.108537e+01,2.098203e+01,2.096825e+01,2.099582e+01,2.099582e+01,2.099582e+01,2.099582e+01,2.111291e+01,2.110602e+01,2.111291e+01,2.109225e+01,2.098203e+01,2.118860e+01,2.109225e+01,2.105782e+01,2.105782e+01,2.114044e+01,2.114732e+01,2.121611e+01,2.099582e+01,2.121611e+01,2.107848e+01,2.113355e+01,2.121611e+01,2.100960e+01,2.101649e+01,2.104405e+01,2.104405e+01,2.117484e+01,2.105782e+01,2.101649e+01,2.107848e+01,2.107848e+01,2.091308e+01,2.107848e+01,2.103027e+01,2.105094e+01,2.107160e+01,2.100271e+01,2.099582e+01,2.108537e+01,2.107848e+01,2.103027e+01,2.103716e+01,2.094067e+01,2.105782e+01,2.103716e+01,2.098203e+01,2.104405e+01,2.105094e+01,2.099582e+01,2.096135e+01,2.103027e+01,2.096825e+01,2.103716e+01,2.118172e+01,2.116796e+01,2.095446e+01,2.108537e+01,2.094757e+01,2.096135e+01,2.111291e+01,2.110602e+01,2.105782e+01,2.103027e+01,2.107848e+01,2.107848e+01,2.104405e+01,2.107848e+01,2.106471e+01,2.091308e+01
2.110602e+01,2.109225e+01,2.101649e+01,2.112667e+01,2.115420e+01,2.100960e+01,2.103716e+01,2.103716e+01,2.103716e+01,2.095446e+01,2.098893e+01,2.103027e+01,2.104405e+01,2.101649e+01,2.098203e+01,2.096135e+01,2.105094e+01,2.094067e+01,2.097514e+01,2.097514e+01,2.097514e+01,2.097514e+01,2.101649e+01,2.102338e+01,2.091308e+01,2.093377e+01,2.099582e+01,2.096135e+01,2.100271e+01,2.098893e+01,2.109914e+01,2.097514e+01,2.095446e+01,2.100271e+01,2.103716e+01,2.107160e+01,2.100271e+01,2.104405e+01,2.106471e+01,2.106471e+01,2.108537e+01,2.111979e+01,2.109914e+01,2.098893e+01,2.100960e+01,2.109225e+01,2.126423e+01,2.100960e+01,2.117484e+01,2.114044e+01,2.107160e+01,2.111291e+01,2.125048e+01,2.109914e+01,2.105782e+01,2.108537e+01,2.116108e+01,2.108537e+01,2.118172e+01,2.116796e+01,2.115420e+01,2.115420e+01,2.114044e+01,2.113355e+01,2.110602e+01,2.108537e+01,2.107160e+01,2.114044e+01,2.114044e+01,2.114044e+01,2.108537e+01,2.117484e+01,2.107160e+01,2.109225e+01,2.107160e+01,2.109225e+01,2.111979e+01,2.121611e+01,2.114044e+01,2.115420e+01,2.107160e+01,2.113355e+01,2.110602e+01,2.105094e+01,2.119548e+01,2.115420e+01,2.112667e+01,2.106471e+01,2.120923e+01,2.116796e+01,2.109914e+01,2.115420e+01,2.112667e+01,2.111979e+01,2.122986e+01,2.112667e+01,2.116108e+01,2.111291e+01,2.119548e+01,2.120923e+01,2.109914e+01,2.111291e+01,2.114044e+01,2.110602e+01,2.111291e+01,2.111291e+01,2.112667e+01,2.110602e+01,2.121611e+01,2.125736e+01,2.109225e+01,2.113355e+01,2.122986e+01,2.121611e+01,2.111979e+01,2.111979e+01,2.111979e+01,2.124361e+01,2.122986e+01,2.115420e+01,2.112667e+01,2.116108e+01,2.113355e+01,2.112667e+01,2.122986e+01,2.122986e+01,2.122298e+01,2.120923e+01,2.118860e+01,2.120235e+01,2.118172e+01,2.122298e+01,2.118172e+01,2.110602e+01,2.125048e+01,2.131233e+01,2.110602e+01,2.118172e+01,2.129859e+01,2.116796e+01,2.115420e+01,2.116108e+01,2.125048e+01,2.115420e+01,2.122298e+01,2.118860e+01,2.117484e+01,2.120923e+01,2.120923e+01,2.121611e+01,2.123674e+01,2.114732e+01,2.122298e+01,2.127798e+01,2.114732e+01,2.116108e+01,2.114044e+01,2.116108e+01,2.114044e+01,2.107160e+01,2.124361e+01,2.109225e+01,2.127798e+01,2.116796e+01,2.114044e+01,2.114732e+01,2.118172e+01,2.118172e+01,2.119548e+01,2.119548e+01,2.118172e+01,2.118860e+01,2.127798e+01,2.114044e+01,2.127110e+01,2.124361e+01,2.129172e+01,2.131920e+01,2.127110e+01,2.133294e+01,2.136041e+01,2.144278e+01,2.154565e+01,2.162102e+01,2.173739e+01,2.189462e+01,2.214705e+01,2.232406e+01,2.268395e+01,2.274494e+01,2.238527e+01,2.166895e+01,2.088549e+01,2.006114e+01,1.984528e+01,1.971973e+01,1.963594e+01,1.966388e+01,1.968483e+01,1.966388e+01,1.966388e+01,1.971275e+01,1.968483e+01,1.969181e+01,1.964991e+01,1.969879e+01,1.967785e+01,1.978253e+01,1.970577e+01,1.972671e+01,1.964293e+01,1.976160e+01,1.972671e+01,1.973369e+01,1.977555e+01,1.969879e+01,1.981740e+01,1.967086e+01,1.959402e+01,1.970577e+01,1.970577e+01,1.962197e+01,1.967785e+01,1.969181e+01,1.975462e+01,1.969181e+01,1.971275e+01,1.977555e+01,1.976160e+01,1.979647e+01,1.971973e+01,1.978253e+01,1.983134e+01,1.982437e+01,1.976858e+01,1.975462e+01,1.973369e+01,1.974764e+01,1.979647e+01,1.981042e+01,1.974764e+01,1.973369e+01,1.980345e+01,1.976160e+01,2.008201e+01,2.038060e+01,2.024877e+01,2.039447e+01,2.045684e+01,2.040833e+01,2.049148e+01,2.043605e+01,2.054687e+01,2.055379e+01,2.058840e+01,2.058148e+01,2.058148e+01,2.052610e+01,2.062299e+01,2.056071e+01,2.056071e+01,2.057456e+01,2.053995e+01,2.067139e+01,2.053995e+01,2.058840e+01,2.044991e+01,2.049148e+01,2.053995e+01,2.051918e+01,2.049148e+01,2.050533e+01,2.053995e+01,2.049840e+01,2.051225e+01,2.052610e+01,2.048455e+01,2.051225e+01,2.056071e+01,2.050533e+01,2.050533e+01,2.044991e+01,2.045684e+01,2.044991e+01,2.039447e+01,2.038753e+01,2.051918e+01,2.042219e+01,2.042912e+01,2.041526e+01,2.042219e+01,2.042912e+01,2.050533e+01,2.047070e+01,2.050533e+01,2.049840e+01,2.046377e+01,2.052610e+01,2.041526e+01,2.046377e+01,2.044298e+01,2.047070e+01,2.042219e+01,2.051225e+01,2.053303e+01,2.053303e+01,2.057456e+01,2.057456e+01,2.056071e+01,2.056763e+01,2.060223e+01,2.069213e+01,2.049148e+01,2.060915e+01,2.045684e+01,2.053995e+01,2.029736e+01,2.038753e+01,2.036673e+01,2.030430e+01,2.039447e+01,2.039447e+01,2.035286e+01,2.036673e+01,2.040140e+01,2.043605e+01,2.042219e+01,2.053303e+01,2.048455e+01,2.047070e+01,2.043605e+01,2.038060e+01,2.047762e+01,2.054687e+01,2.039447e+01,2.037366e+01,2.049840e+01,2.051225e+01,2.037366e+01,2.034592e+01,2.047762e+01,2.040833e+01,2.045684e+01,2.050533e+01,2.047070e+01,2.049148e+01,2.047762e+01,2.053995e+01,2.050533e+01,2.038060e+01,2.051225e+01,2.049840e+01,2.047762e+01,2.041526e+01,2.050533e+01,2.049148e+01,2.037366e+01,2.038753e+01,2.049840e+01,2.039447e+01,2.056071e+01,2.049840e+01,2.048455e+01,2.043605e+01,2.043605e+01,2.043605e+01,2.047070e+01,2.044991e+01,2.049148e+01,2.044991e+01,2.044991e+01,2.049148e+01,2.053303e+01,2.047070e+01,2.046377e+01,2.045684e+01,2.043605e+01,2.048455e+01,2.047762e+01,2.047762e+01,2.042219e+01,2.050533e+01,2.051918e+01,2.051918e+01,2.051918e+01,2.056763e+01,2.051918e+01,2.046377e+01,2.046377e+01,2.042219e+01,2.050533e+01,2.050533e+01,2.051225e+01,2.051225e+01,2.047070e+01,2.056763e+01,2.067831e+01,2.053995e+01,2.048455e+01,2.049840e+01,2.050533e+01,2.056763e+01,2.048455e+01,2.051918e+01,2.060915e+01,2.053995e+01,2.052610e+01,2.059531e+01,2.052610e+01,2.058840e+01,2.060915e+01,2.058148e+01,2.055379e+01,2.050533e+01,2.058840e+01,2.058840e+01,2.055379e+01,2.054687e+01,2.059531e+01,2.059531e+01,2.053995e+01,2.058148e+01,2.053303e+01,2.065757e+01,2.052610e+01,2.062299e+01,2.067139e+01,2.068522e+01,2.072669e+01,2.063682e+01,2.071978e+01,2.064374e+01,2.071287e+01,2.066448e+01,2.071287e+01,2.077505e+01,2.078886e+01,2.070596e+01,2.074742e+01,2.070596e+01,2.073360e+01,2.071978e+01,2.066448e+01,2.063682e+01,2.060915e+01,2.079576e+01,2.072669e+01,2.049840e+01,2.064374e+01,2.065065e+01,2.070596e+01,2.069213e+01,2.074742e+01,2.070596e+01,2.081648e+01,2.067139e+01,2.073360e+01,2.060915e+01,2.071978e+01,2.071287e+01,2.071978e+01,2.072669e+01,2.076814e+01,2.067831e+01,2.071287e+01,2.061607e+01,2.064374e+01,2.037366e+01,2.049148e+01,2.036673e+01,2.027654e+01,2.012372e+01,2.029736e+01,2.027654e+01,2.037366e+01,2.022100e+01,2.017237e+01,2.027654e+01,2.014458e+01,2.017932e+01,2.022100e+01,2.016542e+01,2.015848e+01,2.012372e+01,2.011677e+01,2.009591e+01,2.012372e+01,2.008896e+01,2.005419e+01,2.031124e+01,2.002636e+01,2.009591e+01,2.008896e+01,2.006114e+01,2.006810e+01,2.006810e+01,2.020016e+01,2.038060e+01,2.030430e+01,2.040833e+01,2.045684e+01,2.063682e+01,2.067831e+01,2.097514e+01,2.114732e+01,2.112667e+01,2.120235e+01,2.122986e+01,2.136728e+01,2.120923e+01,2.136728e+01,2.133294e+01,2.118860e+01,2.124361e+01,2.117484e+01,2.121611e+01,2.108537e+01,2.103027e+01,2.112667e+01,2.097514e+01,2.088549e+01,2.086479e+01,2.087859e+01,2.082338e+01,2.067139e+01,2.060915e+01,2.057456e+01,2.053303e+01,2.065065e+01,2.065065e+01,2.071287e+01,2.067831e+01,2.075432e+01,2.087859e+01,2.085789e+01,2.082338e+01,2.086479e+01,2.094067e+01,2.100271e+01,2.099582e+01,2.099582e+01,2.100271e+01,2.089929e+01,2.085789e+01,2.086479e+01,2.097514e+01,2.090619e+01,2.085789e+01,2.083028e+01,2.100960e+01,2.087859e+01,2.099582e+01,2.094757e+01,2.084409e+01,2.093377e+01,2.086479e+01,2.094757e+01,2.087859e+01,2.089239e+01,2.091998e+01,2.093377e+01,2.089929e+01,2.097514e+01,2.093377e+01,2.099582e+01,2.097514e+01,2.101649e+01,2.101649e+01,2.091998e+01,2.107160e+01,2.105094e+01,2.099582e+01,2.100960e+01,2.100271e+01,2.100960e+01,2.108537e+01,2.116108e+01,2.108537e+01,2.107160e+01,2.100271e+01,2.116108e+01,2.095446e+01,2.107160e+01,2.105782e+01,2.126423e+01,2.120235e+01,2.122986e+01,2.104405e+01,2.102338e+01,2.105782e+01,2.105782e+01,2.119548e+01,2.109914e+01,2.111291e+01,2.116796e+01,2.109914e+01,2.110602e+01,2.113355e+01,2.103027e+01,2.091308e+01,2.099582e+01,2.103716e+01,2.099582e+01,2.120923e+01,2.106471e+01,2.107848e+01,2.114732e+01,2.094757e+01,2.109225e+01,2.098893e+01,2.089239e+01,2.111979e+01,2.130546e+01,2.098203e+01,2.112667e+01,2.104405e+01,2.111291e+01,2.099582e+01,2.101649e+01,2.116108e+01,2.118172e+01,2.102338e+01,2.098203e+01,2.101649e+01,2.103716e+01,2.102338e+01,2.096135e+01,2.114732e+01,2.097514e+01,2.110602e+01,2.102338e+01,2.107848e+01,2.104405e+01,2.107848e+01,2.113355e+01,2.108537e+01,2.107848e+01,2.107848e+01,2.119548e+01,2.105782e+01
2.114044e+01,2.111291e+01,2.103027e+01,2.104405e+01,2.102338e+01,2.114732e+01,2.106471e+01,2.098893e+01,2.094757e+01,2.096825e+01,2.098893e+01,2.091308e+01,2.099582e+01,2.100271e+01,2.104405e+01,2.105094e+01,2.100960e+01,2.111291e+01,2.103027e+01,2.100271e+01,2.096135e+01,2.094067e+01,2.095446e+01,2.095446e+01,2.093377e+01,2.094757e+01,2.098203e+01,2.100960e+01,2.094757e+01,2.103027e+01,2.106471e+01,2.094067e+01,2.109914e+01,2.120923e+01,2.099582e+01,2.101649e+01,2.103716e+01,2.105782e+01,2.105782e+01,2.098203e+01,2.094757e+01,2.111979e+01,2.109914e+01,2.106471e+01,2.103027e+01,2.107848e+01,2.115420e+01,2.100960e+01,2.110602e+01,2.111291e+01,2.112667e+01,2.107848e+01,2.102338e+01,2.111979e+01,2.106471e+01,2.105094e+01,2.106471e+01,2.102338e+01,2.109914e+01,2.103027e+01,2.114044e+01,2.117484e+01,2.115420e+01,2.110602e+01,2.110602e+01,2.111979e+01,2.110602e+01,2.109914e+01,2.114732e+01,2.108537e+01,2.109914e+01,2.109914e+01,2.118860e+01,2.112667e+01,2.114732e+01,2.118172e+01,2.120923e+01,2.120235e+01,2.099582e+01,2.116108e+01,2.120923e+01,2.115420e+01,2.119548e+01,2.115420e+01,2.113355e+01,2.107160e+01,2.115420e+01,2.118172e+01,2.113355e+01,2.107160e+01,2.113355e+01,2.126423e+01,2.114044e+01,2.112667e+01,2.122298e+01,2.106471e+01,2.109225e+01,2.111291e+01,2.109914e+01,2.111979e+01,2.111979e+01,2.108537e+01,2.107848e+01,2.107848e+01,2.110602e+01,2.112667e+01,2.110602e+01,2.111979e+01,2.114044e+01,2.107848e+01,2.107160e+01,2.115420e+01,2.119548e+01,2.127110e+01,2.125048e+01,2.113355e+01,2.114732e+01,2.127110e+01,2.117484e+01,2.115420e+01,2.116796e+01,2.122298e+01,2.122986e+01,2.118172e+01,2.116796e+01,2.120235e+01,2.115420e+01,2.116796e+01,2.120235e+01,2.120923e+01,2.118172e+01,2.119548e+01,2.125048e+01,2.125736e+01,2.125048e+01,2.122986e+01,2.118860e+01,2.119548e+01,2.112667e+01,2.113355e+01,2.115420e+01,2.132607e+01,2.118860e+01,2.127798e+01,2.118172e+01,2.120235e+01,2.120235e+01,2.129172e+01,2.122986e+01,2.116796e+01,2.122298e+01,2.127110e+01,2.119548e+01,2.118860e+01,2.124361e+01,2.127798e+01,2.113355e+01,2.109914e+01,2.108537e+01,2.110602e+01,2.109225e+01,2.112667e+01,2.120923e+01,2.118860e+01,2.113355e+01,2.133294e+01,2.117484e+01,2.116796e+01,2.116108e+01,2.117484e+01,2.122298e+01,2.130546e+01,2.122298e+01,2.124361e+01,2.123674e+01,2.125048e+01,2.126423e+01,2.122986e+01,2.133981e+01,2.136728e+01,2.133294e+01,2.144278e+01,2.160732e+01,2.171002e+01,2.182629e+01,2.194243e+01,2.228324e+01,2.239206e+01,2.268395e+01,2.280589e+01,2.260936e+01,2.172371e+01,2.078886e+01,2.008201e+01,1.985225e+01,1.967785e+01,1.969879e+01,1.962896e+01,1.969879e+01,1.966388e+01,1.967785e+01,1.971275e+01,1.969879e+01,1.964991e+01,1.957305e+01,1.978253e+01,1.964991e+01,1.975462e+01,1.977555e+01,1.976160e+01,1.962896e+01,1.973369e+01,1.958703e+01,1.976858e+01,1.975462e+01,1.971973e+01,1.978950e+01,1.964991e+01,1.974764e+01,1.969181e+01,1.967785e+01,1.971973e+01,1.972671e+01,1.967785e+01,1.971973e+01,1.976160e+01,1.977555e+01,1.978253e+01,1.977555e+01,1.971973e+01,1.969879e+01,1.970577e+01,1.976160e+01,1.967086e+01,1.965689e+01,1.981042e+01,1.980345e+01,1.981042e+01,1.977555e+01,1.979647e+01,1.985225e+01,1.964293e+01,1.994979e+01,2.024877e+01,2.021405e+01,2.019321e+01,2.033899e+01,2.044991e+01,2.047070e+01,2.056071e+01,2.057456e+01,2.053995e+01,2.051225e+01,2.049148e+01,2.056763e+01,2.058148e+01,2.062299e+01,2.069905e+01,2.059531e+01,2.062990e+01,2.052610e+01,2.062299e+01,2.049840e+01,2.049148e+01,2.050533e+01,2.047070e+01,2.058840e+01,2.054687e+01,2.044991e+01,2.052610e+01,2.052610e+01,2.047070e+01,2.062990e+01,2.053995e+01,2.049148e+01,2.062990e+01,2.042219e+01,2.048455e+01,2.049148e+01,2.051225e+01,2.049840e+01,2.049840e+01,2.053303e+01,2.046377e+01,2.041526e+01,2.044991e+01,2.041526e+01,2.041526e+01,2.043605e+01,2.043605e+01,2.051225e+01,2.047070e+01,2.047762e+01,2.044991e+01,2.047070e+01,2.053303e+01,2.050533e+01,2.051225e+01,2.045684e+01,2.042219e+01,2.046377e+01,2.044298e+01,2.038753e+01,2.051225e+01,2.045684e+01,2.040140e+01,2.061607e+01,2.051918e+01,2.060223e+01,2.055379e+01,2.073360e+01,2.047762e+01,2.044991e+01,2.052610e+01,2.050533e+01,2.040140e+01,2.049148e+01,2.040833e+01,2.039447e+01,2.033205e+01,2.037366e+01,2.038753e+01,2.040140e+01,2.039447e+01,2.037366e+01,2.036673e+01,2.043605e+01,2.046377e+01,2.046377e+01,2.049840e+01,2.045684e+01,2.045684e+01,2.048455e+01,2.037366e+01,2.038060e+01,2.049148e+01,2.039447e+01,2.038753e+01,2.049148e+01,2.044298e+01,2.043605e+01,2.035286e+01,2.035286e+01,2.038060e+01,2.040140e+01,2.034592e+01,2.035286e+01,2.046377e+01,2.037366e+01,2.040140e+01,2.047070e+01,2.049840e+01,2.049840e+01,2.052610e+01,2.044991e+01,2.051918e+01,2.039447e+01,2.040140e+01,2.041526e+01,2.052610e+01,2.037366e+01,2.049148e+01,2.044991e+01,2.049148e+01,2.047762e+01,2.049148e+01,2.039447e+01,2.046377e+01,2.040833e+01,2.027654e+01,2.033205e+01,2.047762e+01,2.060223e+01,2.042219e+01,2.046377e+01,2.047762e+01,2.047070e+01,2.056763e+01,2.048455e+01,2.035980e+01,2.052610e+01,2.053303e+01,2.049840e+01,2.053303e+01,2.046377e+01,2.045684e+01,2.060223e+01,2.043605e+01,2.044298e+01,2.040833e+01,2.048455e+01,2.045684e+01,2.052610e+01,2.051918e+01,2.051225e+01,2.051918e+01,2.051918e+01,2.051225e+01,2.053303e+01,2.055379e+01,2.053995e+01,2.058148e+01,2.052610e+01,2.049840e+01,2.047070e+01,2.051225e+01,2.046377e+01,2.057456e+01,2.056763e+01,2.055379e+01,2.050533e+01,2.050533e+01,2.051225e+01,2.049840e+01,2.065065e+01,2.060915e+01,2.064374e+01,2.057456e+01,2.058148e+01,2.058840e+01,2.059531e+01,2.057456e+01,2.061607e+01,2.070596e+01,2.069213e+01,2.056071e+01,2.055379e+01,2.059531e+01,2.053303e+01,2.069213e+01,2.056071e+01,2.066448e+01,2.071978e+01,2.070596e+01,2.067139e+01,2.072669e+01,2.066448e+01,2.078195e+01,2.079576e+01,2.077505e+01,2.078886e+01,2.085789e+01,2.067831e+01,2.064374e+01,2.058148e+01,2.067831e+01,2.060915e+01,2.062299e+01,2.060223e+01,2.064374e+01,2.071287e+01,2.083028e+01,2.076814e+01,2.074742e+01,2.079576e+01,2.079576e+01,2.076814e+01,2.070596e+01,2.075432e+01,2.086479e+01,2.073360e+01,2.068522e+01,2.080957e+01,2.074051e+01,2.085099e+01,2.065065e+01,2.056071e+01,2.036673e+01,2.056071e+01,2.032512e+01,2.016542e+01,2.017932e+01,2.028348e+01,2.031124e+01,2.018627e+01,2.010287e+01,2.030430e+01,2.015153e+01,2.018627e+01,2.015848e+01,2.001940e+01,2.019321e+01,2.017237e+01,2.011677e+01,2.001244e+01,2.004723e+01,2.029042e+01,2.011677e+01,2.002636e+01,2.003332e+01,1.999852e+01,2.003332e+01,2.003332e+01,2.022100e+01,2.006810e+01,2.004723e+01,2.004723e+01,2.021405e+01,2.026960e+01,2.046377e+01,2.044298e+01,2.058840e+01,2.076123e+01,2.098203e+01,2.098893e+01,2.109914e+01,2.112667e+01,2.118172e+01,2.133294e+01,2.122298e+01,2.134668e+01,2.125048e+01,2.118172e+01,2.114732e+01,2.125736e+01,2.125736e+01,2.103027e+01,2.095446e+01,2.100960e+01,2.098203e+01,2.090619e+01,2.089929e+01,2.068522e+01,2.067831e+01,2.064374e+01,2.067139e+01,2.052610e+01,2.054687e+01,2.053303e+01,2.072669e+01,2.076123e+01,2.081648e+01,2.071978e+01,2.087859e+01,2.087859e+01,2.084409e+01,2.088549e+01,2.092688e+01,2.088549e+01,2.087859e+01,2.093377e+01,2.095446e+01,2.094067e+01,2.099582e+01,2.089239e+01,2.095446e+01,2.085099e+01,2.085099e+01,2.085099e+01,2.091308e+01,2.103716e+01,2.096825e+01,2.096825e+01,2.091998e+01,2.100271e+01,2.085789e+01,2.091998e+01,2.100271e+01,2.090619e+01,2.083719e+01,2.092688e+01,2.094757e+01,2.096825e+01,2.098893e+01,2.098893e+01,2.113355e+01,2.105094e+01,2.105094e+01,2.104405e+01,2.101649e+01,2.100271e+01,2.119548e+01,2.098893e+01,2.098203e+01,2.121611e+01,2.111979e+01,2.106471e+01,2.105782e+01,2.105094e+01,2.107160e+01,2.114044e+01,2.125048e+01,2.111291e+01,2.108537e+01,2.114732e+01,2.118172e+01,2.120235e+01,2.119548e+01,2.122986e+01,2.118172e+01,2.115420e+01,2.103027e+01,2.102338e+01,2.112667e+01,2.105094e+01,2.103716e+01,2.100960e+01,2.110602e+01,2.102338e+01,2.103716e+01,2.106471e+01,2.104405e+01,2.103027e+01,2.107848e+01,2.115420e+01,2.109225e+01,2.103027e+01,2.103027e+01,2.104405e+01,2.101649e+01,2.100271e+01,2.104405e+01,2.103027e+01,2.104405e+01,2.109914e+01,2.109225e+01,2.106471e+01,2.103027e+01,2.103027e+01,2.118860e+01,2.102338e+01,2.109914e+01,2.102338e+01,2.096825e+01,2.105094e+01,2.103716e+01,2.096135e+01,2.103716e+01,2.104405e+01,2.096135e+01,2.106471e+01,2.099582e+01,2.105782e+01,2.111291e+01,2.105094e+01,2.107160e+01,2.108537e+01,2.100960e+01,2.111291e+01,2.092688e+01
2.109914e+01,2.118860e+01,2.116796e+01,2.112667e+01,2.104405e+01,2.098203e+01,2.100960e+01,2.098893e+01,2.098203e+01,2.099582e+01,2.098893e+01,2.103716e+01,2.100271e+01,2.102338e+01,2.107160e+01,2.103716e+01,2.097514e+01,2.103027e+01,2.096825e+01,2.095446e+01,2.093377e+01,2.105782e+01,2.102338e+01,2.103027e+01,2.091998e+01,2.096825e+01,2.096825e+01,2.096825e+01,2.094067e+01,2.095446e+01,2.098893e+01,2.096135e+01,2.098203e+01,2.120923e+01,2.100960e+01,2.100271e+01,2.104405e+01,2.106471e+01,2.108537e+01,2.108537e+01,2.103027e+01,2.106471e+01,2.105094e+01,2.109914e+01,2.103716e+01,2.100271e+01,2.099582e+01,2.096825e+01,2.115420e+01,2.095446e+01,2.111291e+01,2.108537e+01,2.106471e+01,2.115420e+01,2.105094e+01,2.102338e+01,2.118172e+01,2.103716e+01,2.103027e+01,2.117484e+01,2.105094e+01,2.097514e+01,2.112667e+01,2.107848e+01,2.089929e+01,2.118860e+01,2.114732e+01,2.121611e+01,2.109914e+01,2.118172e+01,2.109914e+01,2.110602e+01,2.110602e+01,2.116796e+01,2.111291e+01,2.116796e+01,2.101649e+01,2.116796e+01,2.114732e+01,2.116796e+01,2.100960e+01,2.114044e+01,2.119548e+01,2.120923e+01,2.118860e+01,2.112667e+01,2.104405e+01,2.118860e+01,2.124361e+01,2.120235e+01,2.116108e+01,2.110602e+01,2.120923e+01,2.111979e+01,2.111979e+01,2.111291e+01,2.118860e+01,2.114044e+01,2.111291e+01,2.095446e+01,2.109914e+01,2.111291e+01,2.109914e+01,2.115420e+01,2.117484e+01,2.109225e+01,2.112667e+01,2.111979e+01,2.116108e+01,2.107160e+01,2.118172e+01,2.119548e+01,2.120235e+01,2.122986e+01,2.122298e+01,2.122298e+01,2.112667e+01,2.118172e+01,2.125048e+01,2.127110e+01,2.111979e+01,2.112667e+01,2.111291e+01,2.108537e+01,2.105094e+01,2.118172e+01,2.118860e+01,2.115420e+01,2.122986e+01,2.120235e+01,2.114044e+01,2.113355e+01,2.118860e+01,2.111979e+01,2.121611e+01,2.122986e+01,2.125048e+01,2.118860e+01,2.127798e+01,2.131233e+01,2.129172e+01,2.120235e+01,2.115420e+01,2.115420e+01,2.125048e+01,2.106471e+01,2.122298e+01,2.122298e+01,2.120235e+01,2.107848e+01,2.118172e+01,2.120235e+01,2.113355e+01,2.111979e+01,2.109914e+01,2.112667e+01,2.109914e+01,2.106471e+01,2.120235e+01,2.121611e+01,2.109225e+01,2.110602e+01,2.118860e+01,2.119548e+01,2.111291e+01,2.110602e+01,2.123674e+01,2.117484e+01,2.114044e+01,2.116108e+01,2.114044e+01,2.118860e+01,2.118172e+01,2.122298e+01,2.109225e+01,2.122986e+01,2.114732e+01,2.128485e+01,2.134668e+01,2.133294e+01,2.144278e+01,2.149080e+01,2.149766e+01,2.164157e+01,2.168264e+01,2.201068e+01,2.233767e+01,2.237167e+01,2.267717e+01,2.284650e+01,2.245322e+01,2.155250e+01,2.085789e+01,1.999852e+01,1.983831e+01,1.972671e+01,1.962896e+01,1.980345e+01,1.971275e+01,1.971275e+01,1.972671e+01,1.971275e+01,1.968483e+01,1.975462e+01,1.977555e+01,1.976160e+01,1.975462e+01,1.978253e+01,1.965689e+01,1.964991e+01,1.972671e+01,1.967086e+01,1.970577e+01,1.972671e+01,1.967785e+01,1.973369e+01,1.956606e+01,1.982437e+01,1.967785e+01,1.962197e+01,1.960101e+01,1.967086e+01,1.974764e+01,1.958004e+01,1.969879e+01,1.967086e+01,1.968483e+01,1.977555e+01,1.968483e+01,1.974764e+01,1.974764e+01,1.970577e+01,1.970577e+01,1.965689e+01,1.968483e+01,1.977555e+01,1.985225e+01,1.975462e+01,1.979647e+01,1.996371e+01,1.980345e+01,1.987316e+01,2.012372e+01,2.024877e+01,2.024183e+01,2.038060e+01,2.024183e+01,2.042912e+01,2.053995e+01,2.054687e+01,2.052610e+01,2.053995e+01,2.055379e+01,2.062990e+01,2.063682e+01,2.076814e+01,2.059531e+01,2.060915e+01,2.058148e+01,2.058148e+01,2.062990e+01,2.060223e+01,2.048455e+01,2.053303e+01,2.058840e+01,2.056071e+01,2.062990e+01,2.060915e+01,2.051918e+01,2.050533e+01,2.050533e+01,2.047762e+01,2.049148e+01,2.060223e+01,2.055379e+01,2.046377e+01,2.052610e+01,2.058148e+01,2.047762e+01,2.053995e+01,2.051225e+01,2.041526e+01,2.051225e+01,2.049148e+01,2.042912e+01,2.049148e+01,2.052610e+01,2.042219e+01,2.051918e+01,2.052610e+01,2.042912e+01,2.042219e+01,2.044298e+01,2.053303e+01,2.047762e+01,2.051225e+01,2.050533e+01,2.044991e+01,2.052610e+01,2.048455e+01,2.047762e+01,2.041526e+01,2.046377e+01,2.039447e+01,2.049840e+01,2.043605e+01,2.044298e+01,2.046377e+01,2.058148e+01,2.056071e+01,2.039447e+01,2.057456e+01,2.044298e+01,2.040833e+01,2.047070e+01,2.037366e+01,2.042912e+01,2.044298e+01,2.040140e+01,2.022794e+01,2.030430e+01,2.033205e+01,2.035980e+01,2.036673e+01,2.036673e+01,2.036673e+01,2.043605e+01,2.047070e+01,2.049840e+01,2.042912e+01,2.043605e+01,2.044298e+01,2.045684e+01,2.041526e+01,2.046377e+01,2.046377e+01,2.039447e+01,2.049148e+01,2.049148e+01,2.049148e+01,2.036673e+01,2.049840e+01,2.047070e+01,2.049840e+01,2.047070e+01,2.053303e+01,2.051225e+01,2.040833e+01,2.040833e+01,2.037366e+01,2.047070e+01,2.047070e+01,2.049840e+01,2.053995e+01,2.055379e+01,2.046377e+01,2.050533e+01,2.038060e+01,2.037366e+01,2.038753e+01,2.039447e+01,2.046377e+01,2.040833e+01,2.038753e+01,2.037366e+01,2.046377e+01,2.044298e+01,2.042219e+01,2.038753e+01,2.041526e+01,2.048455e+01,2.043605e+01,2.047070e+01,2.050533e+01,2.051918e+01,2.064374e+01,2.053303e+01,2.049148e+01,2.048455e+01,2.055379e+01,2.049148e+01,2.045684e+01,2.047070e+01,2.052610e+01,2.061607e+01,2.051918e+01,2.045684e+01,2.044991e+01,2.049840e+01,2.044298e+01,2.046377e+01,2.056763e+01,2.056763e+01,2.055379e+01,2.052610e+01,2.047070e+01,2.072669e+01,2.051918e+01,2.047762e+01,2.051225e+01,2.051225e+01,2.047070e+01,2.051918e+01,2.047762e+01,2.056763e+01,2.050533e+01,2.053995e+01,2.055379e+01,2.061607e+01,2.069213e+01,2.058840e+01,2.049840e+01,2.061607e+01,2.058840e+01,2.061607e+01,2.084409e+01,2.055379e+01,2.071978e+01,2.067139e+01,2.056763e+01,2.059531e+01,2.057456e+01,2.059531e+01,2.063682e+01,2.056071e+01,2.056071e+01,2.074051e+01,2.069905e+01,2.071287e+01,2.071978e+01,2.069905e+01,2.072669e+01,2.067139e+01,2.069213e+01,2.070596e+01,2.074051e+01,2.079576e+01,2.094757e+01,2.083028e+01,2.067139e+01,2.068522e+01,2.069905e+01,2.078886e+01,2.053995e+01,2.062990e+01,2.064374e+01,2.068522e+01,2.071287e+01,2.069905e+01,2.062299e+01,2.070596e+01,2.072669e+01,2.089929e+01,2.083719e+01,2.085099e+01,2.080267e+01,2.071287e+01,2.068522e+01,2.088549e+01,2.072669e+01,2.076123e+01,2.085099e+01,2.084409e+01,2.066448e+01,2.058840e+01,2.060915e+01,2.058840e+01,2.041526e+01,2.033205e+01,2.022794e+01,2.031124e+01,2.033205e+01,2.027654e+01,2.022794e+01,2.018627e+01,2.020016e+01,2.013763e+01,2.010287e+01,2.010982e+01,2.012372e+01,2.016542e+01,2.020016e+01,2.013763e+01,2.001940e+01,2.001244e+01,2.006810e+01,2.008896e+01,2.004723e+01,2.013068e+01,2.008201e+01,2.003332e+01,2.026266e+01,2.011677e+01,2.006810e+01,2.008201e+01,2.007505e+01,2.015153e+01,2.035980e+01,2.028348e+01,2.039447e+01,2.038060e+01,2.065065e+01,2.056763e+01,2.083719e+01,2.080957e+01,2.082338e+01,2.105782e+01,2.121611e+01,2.121611e+01,2.127798e+01,2.137415e+01,2.141533e+01,2.118860e+01,2.115420e+01,2.115420e+01,2.117484e+01,2.116108e+01,2.102338e+01,2.101649e+01,2.110602e+01,2.110602e+01,2.086479e+01,2.095446e+01,2.077505e+01,2.052610e+01,2.062990e+01,2.083028e+01,2.065065e+01,2.063682e+01,2.052610e+01,2.064374e+01,2.077505e+01,2.089929e+01,2.086479e+01,2.087859e+01,2.093377e+01,2.098893e+01,2.099582e+01,2.096135e+01,2.088549e+01,2.091308e+01,2.097514e+01,2.093377e+01,2.087859e+01,2.100960e+01,2.090619e+01,2.086479e+01,2.085789e+01,2.089239e+01,2.093377e+01,2.103027e+01,2.084409e+01,2.094757e+01,2.103027e+01,2.100960e+01,2.100271e+01,2.085789e+01,2.087859e+01,2.090619e+01,2.096135e+01,2.081648e+01,2.103716e+01,2.099582e+01,2.103027e+01,2.098203e+01,2.098893e+01,2.100960e+01,2.109914e+01,2.109914e+01,2.099582e+01,2.103716e+01,2.100960e+01,2.094067e+01,2.098203e+01,2.097514e+01,2.107848e+01,2.098893e+01,2.104405e+01,2.106471e+01,2.110602e+01,2.109225e+01,2.096825e+01,2.102338e+01,2.106471e+01,2.127798e+01,2.108537e+01,2.106471e+01,2.108537e+01,2.107160e+01,2.101649e+01,2.102338e+01,2.114732e+01,2.107160e+01,2.103027e+01,2.102338e+01,2.099582e+01,2.109225e+01,2.104405e+01,2.103716e+01,2.102338e+01,2.105782e+01,2.100271e+01,2.100960e+01,2.097514e+01,2.104405e+01,2.103716e+01,2.105094e+01,2.105094e+01,2.103027e+01,2.103716e+01,2.106471e+01,2.120235e+01,2.112667e+01,2.113355e+01,2.107848e+01,2.110602e+01,2.107160e+01,2.098203e+01,2.104405e+01,2.115420e+01,2.094067e+01,2.108537e+01,2.102338e+01,2.120923e+01,2.109914e+01,2.100960e+01,2.092688e+01,2.102338e+01,2.103716e+01,2.109914e+01,2.103027e+01,2.105094e+01,2.107160e+01,2.114044e+01,2.110602e+01,2.106471e+01,2.105094e+01,2.105094e+01,2.155936e+01,2.188779e+01
2.098203e+01,2.112667e+01,2.101649e+01,2.100960e+01,2.105094e+01,2.098203e+01,2.112667e+01,2.098203e+01,2.097514e+01,2.098203e+01,2.095446e+01,2.094757e+01,2.099582e+01,2.104405e+01,2.107848e+01,2.105782e+01,2.093377e+01,2.085789e+01,2.102338e+01,2.096825e+01,2.101649e+01,2.093377e+01,2.098203e+01,2.096135e+01,2.103027e+01,2.097514e+01,2.091998e+01,2.106471e+01,2.101649e+01,2.094067e+01,2.096135e+01,2.097514e+01,2.091998e+01,2.105782e+01,2.104405e+01,2.100271e+01,2.103716e+01,2.100271e+01,2.100960e+01,2.099582e+01,2.101649e+01,2.100960e+01,2.109225e+01,2.107848e+01,2.099582e+01,2.098203e+01,2.105782e+01,2.105094e+01,2.109914e+01,2.105094e+01,2.116796e+01,2.107848e+01,2.120923e+01,2.100960e+01,2.106471e+01,2.101649e+01,2.114044e+01,2.100271e+01,2.118172e+01,2.108537e+01,2.098203e+01,2.106471e+01,2.103716e+01,2.111979e+01,2.109225e+01,2.114044e+01,2.109225e+01,2.107848e+01,2.114732e+01,2.113355e+01,2.103027e+01,2.102338e+01,2.118172e+01,2.110602e+01,2.115420e+01,2.112667e+01,2.112667e+01,2.114044e+01,2.113355e+01,2.111979e+01,2.103716e+01,2.105782e+01,2.103716e+01,2.116796e+01,2.116108e+01,2.116108e+01,2.110602e+01,2.114732e+01,2.122298e+01,2.109225e+01,2.118860e+01,2.115420e+01,2.111291e+01,2.111979e+01,2.112667e+01,2.114044e+01,2.100271e+01,2.111291e+01,2.108537e+01,2.110602e+01,2.111979e+01,2.107848e+01,2.109914e+01,2.108537e+01,2.111291e+01,2.114732e+01,2.113355e+01,2.111979e+01,2.117484e+01,2.108537e+01,2.130546e+01,2.112667e+01,2.114044e+01,2.120923e+01,2.116108e+01,2.112667e+01,2.116108e+01,2.116108e+01,2.116108e+01,2.112667e+01,2.118860e+01,2.113355e+01,2.118172e+01,2.124361e+01,2.122986e+01,2.127110e+01,2.108537e+01,2.120923e+01,2.119548e+01,2.112667e+01,2.116108e+01,2.115420e+01,2.115420e+01,2.118860e+01,2.119548e+01,2.111291e+01,2.120923e+01,2.117484e+01,2.116796e+01,2.112667e+01,2.114732e+01,2.114732e+01,2.114732e+01,2.116796e+01,2.114044e+01,2.118860e+01,2.119548e+01,2.119548e+01,2.120235e+01,2.123674e+01,2.111979e+01,2.107848e+01,2.122986e+01,2.118860e+01,2.123674e+01,2.125048e+01,2.114044e+01,2.105094e+01,2.109914e+01,2.110602e+01,2.109225e+01,2.115420e+01,2.111291e+01,2.112667e+01,2.108537e+01,2.111979e+01,2.118860e+01,2.109225e+01,2.115420e+01,2.120235e+01,2.113355e+01,2.116108e+01,2.126423e+01,2.122298e+01,2.125048e+01,2.130546e+01,2.125048e+01,2.129172e+01,2.131233e+01,2.135355e+01,2.133981e+01,2.153194e+01,2.160732e+01,2.163472e+01,2.183312e+01,2.190828e+01,2.231726e+01,2.241245e+01,2.278557e+01,2.283974e+01,2.231046e+01,2.155250e+01,2.088549e+01,2.004027e+01,1.983134e+01,1.972671e+01,1.979647e+01,1.978253e+01,1.992890e+01,1.976160e+01,1.966388e+01,1.968483e+01,1.973369e+01,1.977555e+01,1.974764e+01,1.974067e+01,1.967086e+01,1.970577e+01,1.967086e+01,1.969879e+01,1.965689e+01,1.975462e+01,1.969879e+01,1.967086e+01,1.964991e+01,1.974764e+01,1.966388e+01,1.976858e+01,1.972671e+01,1.963594e+01,1.963594e+01,1.971973e+01,1.959402e+01,1.965689e+01,1.976858e+01,1.971973e+01,1.977555e+01,1.969181e+01,1.974764e+01,1.976160e+01,1.969181e+01,1.972671e+01,1.966388e+01,1.962197e+01,1.978253e+01,1.974067e+01,1.978950e+01,1.983134e+01,1.982437e+01,2.000548e+01,1.999156e+01,2.017932e+01,2.022794e+01,2.024877e+01,2.029042e+01,2.041526e+01,2.054687e+01,2.056071e+01,2.055379e+01,2.056763e+01,2.051918e+01,2.056763e+01,2.057456e+01,2.062299e+01,2.060915e+01,2.060915e+01,2.054687e+01,2.057456e+01,2.056763e+01,2.056763e+01,2.058840e+01,2.058148e+01,2.053303e+01,2.055379e+01,2.058840e+01,2.056071e+01,2.067831e+01,2.068522e+01,2.069213e+01,2.067139e+01,2.061607e+01,2.060223e+01,2.061607e+01,2.057456e+01,2.047762e+01,2.061607e+01,2.051918e+01,2.049840e+01,2.047762e+01,2.047762e+01,2.048455e+01,2.045684e+01,2.047762e+01,2.042219e+01,2.047070e+01,2.048455e+01,2.047762e+01,2.044991e+01,2.049840e+01,2.053303e+01,2.040833e+01,2.039447e+01,2.051918e+01,2.047070e+01,2.047070e+01,2.044298e+01,2.048455e+01,2.051918e+01,2.046377e+01,2.043605e+01,2.044298e+01,2.048455e+01,2.050533e+01,2.042219e+01,2.041526e+01,2.044298e+01,2.044298e+01,2.042912e+01,2.037366e+01,2.041526e+01,2.038060e+01,2.040140e+01,2.039447e+01,2.047070e+01,2.044991e+01,2.040140e+01,2.026266e+01,2.029042e+01,2.035980e+01,2.040833e+01,2.032512e+01,2.030430e+01,2.031124e+01,2.040140e+01,2.035286e+01,2.035286e+01,2.034592e+01,2.044298e+01,2.047070e+01,2.043605e+01,2.038753e+01,2.043605e+01,2.042912e+01,2.040140e+01,2.044298e+01,2.042912e+01,2.047762e+01,2.049840e+01,2.047070e+01,2.050533e+01,2.036673e+01,2.043605e+01,2.047070e+01,2.045684e+01,2.042219e+01,2.043605e+01,2.053303e+01,2.050533e+01,2.036673e+01,2.047762e+01,2.049148e+01,2.044298e+01,2.046377e+01,2.047762e+01,2.046377e+01,2.045684e+01,2.046377e+01,2.039447e+01,2.038060e+01,2.054687e+01,2.036673e+01,2.049840e+01,2.044298e+01,2.046377e+01,2.042912e+01,2.041526e+01,2.049148e+01,2.046377e+01,2.046377e+01,2.047070e+01,2.049148e+01,2.047070e+01,2.047762e+01,2.052610e+01,2.051918e+01,2.043605e+01,2.038753e+01,2.051918e+01,2.042912e+01,2.049148e+01,2.049840e+01,2.035286e+01,2.041526e+01,2.039447e+01,2.049148e+01,2.042219e+01,2.049148e+01,2.041526e+01,2.040833e+01,2.051225e+01,2.039447e+01,2.055379e+01,2.040140e+01,2.049840e+01,2.055379e+01,2.050533e+01,2.047070e+01,2.051225e+01,2.044991e+01,2.049148e+01,2.044991e+01,2.052610e+01,2.051225e+01,2.058148e+01,2.054687e+01,2.051918e+01,2.045684e+01,2.056071e+01,2.059531e+01,2.049840e+01,2.048455e+01,2.051225e+01,2.055379e+01,2.060223e+01,2.059531e+01,2.060223e+01,2.062990e+01,2.062299e+01,2.065757e+01,2.053303e+01,2.059531e+01,2.061607e+01,2.064374e+01,2.070596e+01,2.056071e+01,2.069905e+01,2.065065e+01,2.069213e+01,2.066448e+01,2.056763e+01,2.064374e+01,2.069213e+01,2.071287e+01,2.078195e+01,2.069905e+01,2.068522e+01,2.070596e+01,2.069213e+01,2.062299e+01,2.072669e+01,2.062990e+01,2.074051e+01,2.054687e+01,2.065065e+01,2.064374e+01,2.068522e+01,2.051918e+01,2.068522e+01,2.060915e+01,2.069905e+01,2.065757e+01,2.067831e+01,2.065065e+01,2.090619e+01,2.074051e+01,2.069213e+01,2.073360e+01,2.067139e+01,2.074742e+01,2.074742e+01,2.068522e+01,2.071287e+01,2.071978e+01,2.065065e+01,2.060915e+01,2.058840e+01,2.040140e+01,2.037366e+01,2.031124e+01,2.022100e+01,2.013763e+01,2.023489e+01,2.024183e+01,2.007505e+01,2.008896e+01,2.020016e+01,2.009591e+01,2.013068e+01,2.017237e+01,2.015848e+01,2.010287e+01,2.002636e+01,2.003332e+01,2.003332e+01,1.999852e+01,2.004723e+01,2.004027e+01,2.003332e+01,2.006114e+01,2.020016e+01,2.003332e+01,2.001244e+01,2.010287e+01,2.008201e+01,2.007505e+01,2.006114e+01,2.022794e+01,2.023489e+01,2.034592e+01,2.043605e+01,2.052610e+01,2.060223e+01,2.054687e+01,2.071978e+01,2.083028e+01,2.085099e+01,2.085099e+01,2.105094e+01,2.114044e+01,2.128485e+01,2.140847e+01,2.140161e+01,2.130546e+01,2.129172e+01,2.112667e+01,2.114732e+01,2.108537e+01,2.114044e+01,2.100271e+01,2.098893e+01,2.094757e+01,2.089239e+01,2.084409e+01,2.072669e+01,2.072669e+01,2.067831e+01,2.059531e+01,2.058840e+01,2.062299e+01,2.068522e+01,2.074051e+01,2.065757e+01,2.083719e+01,2.085789e+01,2.088549e+01,2.067139e+01,2.095446e+01,2.094757e+01,2.097514e+01,2.085789e+01,2.089239e+01,2.103716e+01,2.088549e+01,2.094067e+01,2.090619e+01,2.087859e+01,2.092688e+01,2.088549e+01,2.091998e+01,2.103027e+01,2.086479e+01,2.092688e+01,2.085099e+01,2.085789e+01,2.093377e+01,2.086479e+01,2.112667e+01,2.089929e+01,2.092688e+01,2.090619e+01,2.107160e+01,2.095446e+01,2.099582e+01,2.084409e+01,2.098893e+01,2.100271e+01,2.103716e+01,2.107160e+01,2.096135e+01,2.103027e+01,2.103716e+01,2.100271e+01,2.096825e+01,2.095446e+01,2.094067e+01,2.097514e+01,2.106471e+01,2.109914e+01,2.100960e+01,2.071978e+01,2.106471e+01,2.107848e+01,2.108537e+01,2.098893e+01,2.112667e+01,2.109225e+01,2.106471e+01,2.104405e+01,2.106471e+01,2.103027e+01,2.108537e+01,2.114044e+01,2.120923e+01,2.119548e+01,2.114732e+01,2.105782e+01,2.102338e+01,2.107848e+01,2.105094e+01,2.103027e+01,2.090619e+01,2.099582e+01,2.098893e+01,2.108537e+01,2.103716e+01,2.100960e+01,2.108537e+01,2.103027e+01,2.100271e+01,2.100271e+01,2.098893e+01,2.111291e+01,2.105782e+01,2.108537e+01,2.116796e+01,2.111291e+01,2.096825e+01,2.109914e+01,2.112667e+01,2.110602e+01,2.107160e+01,2.118172e+01,2.087169e+01,2.103716e+01,2.105782e+01,2.105094e+01,2.096825e+01,2.098203e+01,2.099582e+01,2.106471e+01,2.097514e+01,2.100271e+01,2.105782e+01,2.101649e+01,2.111979e+01,2.103027e+01,2.098203e+01,2.107848e+01,2.104405e+01,2.104405e+01
2.098893e+01,2.098893e+01,2.099582e+01,2.094067e+01,2.099582e+01,2.106471e+01,2.107848e+01,2.098893e+01,2.084409e+01,2.098203e+01,2.097514e+01,2.089239e+01,2.105782e+01,2.109914e+01,2.111291e+01,2.100960e+01,2.096135e+01,2.100271e+01,2.103027e+01,2.093377e+01,2.094067e+01,2.093377e+01,2.100271e+01,2.111291e+01,2.103716e+01,2.100960e+01,2.094757e+01,2.098893e+01,2.104405e+01,2.104405e+01,2.103027e+01,2.096135e+01,2.104405e+01,2.099582e+01,2.095446e+01,2.111979e+01,2.115420e+01,2.094757e+01,2.102338e+01,2.103027e+01,2.103716e+01,2.100960e+01,2.100271e+01,2.102338e+01,2.111979e+01,2.108537e+01,2.113355e+01,2.106471e+01,2.107160e+01,2.111979e+01,2.105782e+01,2.116796e+01,2.103027e+01,2.105782e+01,2.105094e+01,2.104405e+01,2.104405e+01,2.103716e+01,2.100960e+01,2.118860e+01,2.125048e+01,2.107160e+01,2.116796e+01,2.109914e+01,2.107848e+01,2.105094e+01,2.109225e+01,2.105782e+01,2.109914e+01,2.110602e+01,2.119548e+01,2.105094e+01,2.118860e+01,2.117484e+01,2.109914e+01,2.109225e+01,2.111291e+01,2.105782e+01,2.106471e+01,2.107160e+01,2.113355e+01,2.120235e+01,2.118860e+01,2.110602e+01,2.114044e+01,2.112667e+01,2.103716e+01,2.120235e+01,2.114044e+01,2.115420e+01,2.105782e+01,2.118860e+01,2.119548e+01,2.115420e+01,2.115420e+01,2.111291e+01,2.111979e+01,2.114044e+01,2.111291e+01,2.109914e+01,2.111979e+01,2.108537e+01,2.111979e+01,2.108537e+01,2.111979e+01,2.116108e+01,2.111979e+01,2.111979e+01,2.105094e+01,2.116108e+01,2.123674e+01,2.116796e+01,2.115420e+01,2.117484e+01,2.103027e+01,2.107848e+01,2.126423e+01,2.123674e+01,2.118860e+01,2.115420e+01,2.116796e+01,2.105094e+01,2.120235e+01,2.120923e+01,2.118860e+01,2.121611e+01,2.120235e+01,2.121611e+01,2.118860e+01,2.114732e+01,2.118860e+01,2.120235e+01,2.115420e+01,2.116796e+01,2.116796e+01,2.120235e+01,2.115420e+01,2.114732e+01,2.125736e+01,2.116796e+01,2.115420e+01,2.115420e+01,2.109914e+01,2.120235e+01,2.100271e+01,2.123674e+01,2.114732e+01,2.114732e+01,2.119548e+01,2.115420e+01,2.116108e+01,2.124361e+01,2.109225e+01,2.114732e+01,2.111291e+01,2.113355e+01,2.117484e+01,2.110602e+01,2.122298e+01,2.109914e+01,2.109225e+01,2.120235e+01,2.120923e+01,2.113355e+01,2.112667e+01,2.100960e+01,2.114044e+01,2.112667e+01,2.111291e+01,2.116796e+01,2.114732e+01,2.122298e+01,2.118172e+01,2.112667e+01,2.123674e+01,2.109914e+01,2.120235e+01,2.126423e+01,2.134668e+01,2.129172e+01,2.149766e+01,2.153194e+01,2.155250e+01,2.164841e+01,2.181945e+01,2.200386e+01,2.223560e+01,2.237167e+01,2.282620e+01,2.285327e+01,2.230365e+01,2.154565e+01,2.058840e+01,2.003332e+01,1.983134e+01,1.992890e+01,1.975462e+01,1.976858e+01,1.974764e+01,1.968483e+01,1.969879e+01,1.973369e+01,1.974067e+01,1.977555e+01,1.965689e+01,1.971275e+01,1.975462e+01,1.969879e+01,1.969879e+01,1.976858e+01,1.978950e+01,1.965689e+01,1.971275e+01,1.971973e+01,1.968483e+01,1.969181e+01,1.971275e+01,1.983831e+01,1.968483e+01,1.969879e+01,1.967086e+01,1.969181e+01,1.975462e+01,1.976858e+01,1.979647e+01,1.982437e+01,1.977555e+01,1.971973e+01,1.972671e+01,1.965689e+01,1.963594e+01,1.955208e+01,1.959402e+01,1.964293e+01,1.966388e+01,1.969879e+01,1.979647e+01,1.981042e+01,1.983134e+01,1.999156e+01,2.015848e+01,2.016542e+01,2.027654e+01,2.049840e+01,2.042912e+01,2.056763e+01,2.049840e+01,2.043605e+01,2.056071e+01,2.056071e+01,2.051918e+01,2.056071e+01,2.058148e+01,2.049148e+01,2.061607e+01,2.061607e+01,2.062299e+01,2.060223e+01,2.061607e+01,2.060915e+01,2.058148e+01,2.059531e+01,2.065065e+01,2.062990e+01,2.064374e+01,2.051225e+01,2.062990e+01,2.050533e+01,2.060223e+01,2.049840e+01,2.058840e+01,2.075432e+01,2.056763e+01,2.055379e+01,2.056071e+01,2.048455e+01,2.049148e+01,2.047762e+01,2.053303e+01,2.050533e+01,2.056763e+01,2.054687e+01,2.053303e+01,2.038060e+01,2.042912e+01,2.040140e+01,2.047762e+01,2.049148e+01,2.050533e+01,2.044991e+01,2.039447e+01,2.039447e+01,2.050533e+01,2.052610e+01,2.051225e+01,2.044991e+01,2.043605e+01,2.045684e+01,2.044298e+01,2.035980e+01,2.040833e+01,2.038060e+01,2.043605e+01,2.036673e+01,2.039447e+01,2.045684e+01,2.041526e+01,2.047070e+01,2.044991e+01,2.049840e+01,2.040140e+01,2.038753e+01,2.040833e+01,2.042219e+01,2.040140e+01,2.038060e+01,2.042912e+01,2.041526e+01,2.040140e+01,2.035980e+01,2.034592e+01,2.033899e+01,2.039447e+01,2.039447e+01,2.038060e+01,2.035286e+01,2.034592e+01,2.044298e+01,2.043605e+01,2.034592e+01,2.042219e+01,2.035286e+01,2.045684e+01,2.041526e+01,2.042219e+01,2.048455e+01,2.042912e+01,2.045684e+01,2.049840e+01,2.046377e+01,2.036673e+01,2.035286e+01,2.046377e+01,2.043605e+01,2.044991e+01,2.044298e+01,2.044991e+01,2.039447e+01,2.049840e+01,2.046377e+01,2.047070e+01,2.044991e+01,2.040140e+01,2.053995e+01,2.054687e+01,2.049840e+01,2.051225e+01,2.053303e+01,2.037366e+01,2.052610e+01,2.040833e+01,2.040140e+01,2.048455e+01,2.042912e+01,2.045684e+01,2.041526e+01,2.041526e+01,2.047762e+01,2.049840e+01,2.044298e+01,2.077505e+01,2.052610e+01,2.047070e+01,2.051918e+01,2.043605e+01,2.052610e+01,2.047762e+01,2.044991e+01,2.047762e+01,2.046377e+01,2.045684e+01,2.051918e+01,2.051225e+01,2.062299e+01,2.040833e+01,2.065757e+01,2.040833e+01,2.050533e+01,2.042912e+01,2.045684e+01,2.053995e+01,2.051918e+01,2.059531e+01,2.054687e+01,2.043605e+01,2.046377e+01,2.050533e+01,2.038060e+01,2.049148e+01,2.055379e+01,2.055379e+01,2.047762e+01,2.055379e+01,2.046377e+01,2.053303e+01,2.067139e+01,2.053995e+01,2.051225e+01,2.057456e+01,2.050533e+01,2.061607e+01,2.055379e+01,2.057456e+01,2.055379e+01,2.053995e+01,2.069213e+01,2.053995e+01,2.054687e+01,2.067831e+01,2.062299e+01,2.061607e+01,2.065065e+01,2.053303e+01,2.067831e+01,2.076123e+01,2.073360e+01,2.066448e+01,2.060915e+01,2.061607e+01,2.067831e+01,2.068522e+01,2.065757e+01,2.068522e+01,2.069213e+01,2.070596e+01,2.067831e+01,2.064374e+01,2.069213e+01,2.074051e+01,2.073360e+01,2.068522e+01,2.073360e+01,2.069213e+01,2.071287e+01,2.070596e+01,2.068522e+01,2.067831e+01,2.067831e+01,2.058840e+01,2.062990e+01,2.079576e+01,2.083028e+01,2.087169e+01,2.074742e+01,2.072669e+01,2.071978e+01,2.071978e+01,2.070596e+01,2.072669e+01,2.074742e+01,2.085789e+01,2.071287e+01,2.071978e+01,2.069213e+01,2.041526e+01,2.061607e+01,2.039447e+01,2.038060e+01,2.035286e+01,2.015848e+01,2.031124e+01,2.007505e+01,2.031124e+01,2.028348e+01,2.012372e+01,2.020711e+01,2.011677e+01,2.017237e+01,2.007505e+01,2.010982e+01,2.015848e+01,2.004723e+01,2.011677e+01,2.015153e+01,2.002636e+01,2.001244e+01,2.004723e+01,2.011677e+01,2.003332e+01,2.015153e+01,2.014458e+01,2.004027e+01,2.009591e+01,2.008896e+01,2.008201e+01,2.028348e+01,2.005419e+01,2.029042e+01,2.033205e+01,2.042219e+01,2.022100e+01,2.051918e+01,2.049840e+01,2.064374e+01,2.076123e+01,2.080267e+01,2.105094e+01,2.121611e+01,2.127110e+01,2.116796e+01,2.141533e+01,2.123674e+01,2.139474e+01,2.127798e+01,2.125736e+01,2.125048e+01,2.125048e+01,2.110602e+01,2.118172e+01,2.101649e+01,2.107160e+01,2.085099e+01,2.088549e+01,2.078886e+01,2.065757e+01,2.084409e+01,2.071978e+01,2.072669e+01,2.079576e+01,2.070596e+01,2.091308e+01,2.085789e+01,2.089239e+01,2.091308e+01,2.092688e+01,2.091998e+01,2.094067e+01,2.104405e+01,2.093377e+01,2.087169e+01,2.087169e+01,2.089239e+01,2.090619e+01,2.111979e+01,2.087169e+01,2.089929e+01,2.091998e+01,2.087859e+01,2.085099e+01,2.098203e+01,2.088549e+01,2.097514e+01,2.098203e+01,2.084409e+01,2.095446e+01,2.094757e+01,2.094757e+01,2.091308e+01,2.086479e+01,2.094067e+01,2.106471e+01,2.087169e+01,2.095446e+01,2.085789e+01,2.096135e+01,2.096825e+01,2.097514e+01,2.105094e+01,2.114732e+01,2.095446e+01,2.102338e+01,2.103027e+01,2.104405e+01,2.107848e+01,2.100271e+01,2.103027e+01,2.099582e+01,2.107160e+01,2.106471e+01,2.112667e+01,2.105094e+01,2.099582e+01,2.109914e+01,2.108537e+01,2.106471e+01,2.108537e+01,2.107160e+01,2.107160e+01,2.112667e+01,2.107160e+01,2.111979e+01,2.124361e+01,2.105782e+01,2.118860e+01,2.084409e+01,2.101649e+01,2.099582e+01,2.106471e+01,2.110602e+01,2.089929e+01,2.100960e+01,2.100271e+01,2.098203e+01,2.096135e+01,2.099582e+01,2.110602e+01,2.101649e+01,2.098893e+01,2.096135e+01,2.105094e+01,2.100960e+01,2.098203e+01,2.099582e+01,2.106471e+01,2.111979e+01,2.107848e+01,2.121611e+01,2.103027e+01,2.092688e+01,2.100960e+01,2.103716e+01,2.105094e+01,2.103027e+01,2.087169e+01,2.104405e+01,2.101649e+01,2.096825e+01,2.098893e+01,2.099582e+01,2.105094e+01,2.090619e+01,2.106471e+01,2.087169e+01,2.105094e+01,2.098893e+01,2.101649e+01,2.093377e+01,2.101649e+01,2.114044e+01,2.107848e+01
2.114732e+01,2.100960e+01,2.100960e+01,2.099582e+01,2.105094e+01,2.089929e+01,2.096825e+01,2.089929e+01,2.100271e+01,2.098893e+01,2.102338e+01,2.101649e+01,2.103027e+01,2.111291e+01,2.098203e+01,2.086479e+01,2.092688e+01,2.096135e+01,2.097514e+01,2.096135e+01,2.091998e+01,2.087859e+01,2.103716e+01,2.103716e+01,2.091998e+01,2.094757e+01,2.104405e+01,2.106471e+01,2.107160e+01,2.103027e+01,2.093377e+01,2.094757e+01,2.100960e+01,2.096825e+01,2.118860e+01,2.105094e+01,2.101649e+01,2.102338e+01,2.104405e+01,2.111291e+01,2.108537e+01,2.098893e+01,2.103716e+01,2.108537e+01,2.111979e+01,2.109225e+01,2.106471e+01,2.100960e+01,2.107848e+01,2.109225e+01,2.106471e+01,2.109225e+01,2.092688e+01,2.104405e+01,2.105782e+01,2.109225e+01,2.101649e+01,2.107848e+01,2.114732e+01,2.127110e+01,2.105782e+01,2.114732e+01,2.114044e+01,2.105094e+01,2.103027e+01,2.109914e+01,2.113355e+01,2.106471e+01,2.104405e+01,2.104405e+01,2.103716e+01,2.120235e+01,2.112667e+01,2.108537e+01,2.115420e+01,2.105094e+01,2.115420e+01,2.103716e+01,2.108537e+01,2.123674e+01,2.118172e+01,2.121611e+01,2.114732e+01,2.118172e+01,2.116796e+01,2.117484e+01,2.116108e+01,2.123674e+01,2.114044e+01,2.125048e+01,2.111979e+01,2.115420e+01,2.109225e+01,2.109225e+01,2.104405e+01,2.110602e+01,2.115420e+01,2.112667e+01,2.118860e+01,2.113355e+01,2.109914e+01,2.109225e+01,2.111979e+01,2.110602e+01,2.116796e+01,2.104405e+01,2.110602e+01,2.110602e+01,2.106471e+01,2.120235e+01,2.106471e+01,2.104405e+01,2.107160e+01,2.106471e+01,2.108537e+01,2.111291e+01,2.111291e+01,2.116108e+01,2.114732e+01,2.115420e+01,2.100271e+01,2.108537e+01,2.114732e+01,2.111979e+01,2.104405e+01,2.119548e+01,2.117484e+01,2.121611e+01,2.116796e+01,2.105094e+01,2.117484e+01,2.113355e+01,2.112667e+01,2.114732e+01,2.112667e+01,2.112667e+01,2.111979e+01,2.115420e+01,2.111291e+01,2.128485e+01,2.125048e+01,2.119548e+01,2.113355e+01,2.116108e+01,2.123674e+01,2.122986e+01,2.109225e+01,2.116796e+01,2.117484e+01,2.125048e+01,2.114044e+01,2.116108e+01,2.112667e+01,2.111291e+01,2.121611e+01,2.113355e+01,2.115420e+01,2.114044e+01,2.112667e+01,2.108537e+01,2.109914e+01,2.109225e+01,2.108537e+01,2.107848e+01,2.100960e+01,2.116796e+01,2.104405e+01,2.112667e+01,2.116796e+01,2.117484e+01,2.124361e+01,2.122298e+01,2.119548e+01,2.124361e+01,2.106471e+01,2.120235e+01,2.123674e+01,2.125048e+01,2.130546e+01,2.133294e+01,2.133981e+01,2.163472e+01,2.175107e+01,2.171002e+01,2.178527e+01,2.188779e+01,2.230365e+01,2.248719e+01,2.285327e+01,2.282620e+01,2.224921e+01,2.152508e+01,2.066448e+01,1.997068e+01,1.980345e+01,1.983134e+01,1.976160e+01,1.971275e+01,1.974067e+01,1.970577e+01,1.974764e+01,1.977555e+01,1.965689e+01,1.965689e+01,1.967785e+01,1.971275e+01,1.969879e+01,1.964991e+01,1.967086e+01,1.967785e+01,1.969879e+01,1.970577e+01,1.972671e+01,1.971275e+01,1.972671e+01,1.976160e+01,1.965689e+01,1.971275e+01,1.974764e+01,1.969181e+01,1.968483e+01,1.974067e+01,1.971275e+01,1.976160e+01,1.976160e+01,1.977555e+01,1.982437e+01,1.973369e+01,1.969181e+01,1.972671e+01,1.969181e+01,1.974067e+01,1.958004e+01,1.967785e+01,1.971275e+01,1.974067e+01,1.987316e+01,1.982437e+01,1.985922e+01,2.001244e+01,2.017932e+01,2.034592e+01,2.026960e+01,2.049840e+01,2.060223e+01,2.053303e+01,2.056071e+01,2.054687e+01,2.049840e+01,2.047762e+01,2.051225e+01,2.053995e+01,2.058148e+01,2.053995e+01,2.059531e+01,2.056071e+01,2.047762e+01,2.062990e+01,2.062990e+01,2.059531e+01,2.051918e+01,2.053303e+01,2.053995e+01,2.058840e+01,2.060915e+01,2.057456e+01,2.051918e+01,2.063682e+01,2.065065e+01,2.054687e+01,2.060915e+01,2.053995e+01,2.060223e+01,2.060223e+01,2.053995e+01,2.062990e+01,2.045684e+01,2.049840e+01,2.044991e+01,2.053995e+01,2.048455e+01,2.047762e+01,2.051225e+01,2.042219e+01,2.038753e+01,2.044298e+01,2.042219e+01,2.035286e+01,2.035980e+01,2.047762e+01,2.038753e+01,2.044991e+01,2.044298e+01,2.040833e+01,2.047762e+01,2.043605e+01,2.030430e+01,2.043605e+01,2.046377e+01,2.043605e+01,2.034592e+01,2.044298e+01,2.042912e+01,2.042912e+01,2.039447e+01,2.033899e+01,2.040140e+01,2.037366e+01,2.035980e+01,2.051225e+01,2.038060e+01,2.037366e+01,2.026960e+01,2.038060e+01,2.042219e+01,2.019321e+01,2.040833e+01,2.040140e+01,2.031124e+01,2.033205e+01,2.038060e+01,2.040833e+01,2.040833e+01,2.033899e+01,2.027654e+01,2.046377e+01,2.033205e+01,2.034592e+01,2.038060e+01,2.033899e+01,2.045684e+01,2.040833e+01,2.040140e+01,2.041526e+01,2.040833e+01,2.043605e+01,2.044991e+01,2.044991e+01,2.045684e+01,2.047762e+01,2.044991e+01,2.047070e+01,2.044298e+01,2.047070e+01,2.049840e+01,2.047762e+01,2.038753e+01,2.051918e+01,2.050533e+01,2.048455e+01,2.037366e+01,2.049148e+01,2.047762e+01,2.046377e+01,2.047762e+01,2.040833e+01,2.049148e+01,2.046377e+01,2.038753e+01,2.040140e+01,2.036673e+01,2.049840e+01,2.041526e+01,2.045684e+01,2.035286e+01,2.043605e+01,2.047070e+01,2.036673e+01,2.041526e+01,2.050533e+01,2.034592e+01,2.038753e+01,2.060915e+01,2.049840e+01,2.057456e+01,2.044298e+01,2.042219e+01,2.049148e+01,2.053303e+01,2.046377e+01,2.048455e+01,2.039447e+01,2.040140e+01,2.040833e+01,2.040140e+01,2.040833e+01,2.052610e+01,2.043605e+01,2.044298e+01,2.042219e+01,2.058840e+01,2.047762e+01,2.039447e+01,2.040140e+01,2.060915e+01,2.038060e+01,2.056071e+01,2.053995e+01,2.048455e+01,2.043605e+01,2.052610e+01,2.045684e+01,2.052610e+01,2.052610e+01,2.052610e+01,2.049148e+01,2.055379e+01,2.050533e+01,2.060915e+01,2.048455e+01,2.061607e+01,2.052610e+01,2.053995e+01,2.058148e+01,2.053995e+01,2.061607e+01,2.060915e+01,2.065065e+01,2.065757e+01,2.069213e+01,2.051225e+01,2.062990e+01,2.062990e+01,2.065757e+01,2.061607e+01,2.057456e+01,2.067139e+01,2.067831e+01,2.051918e+01,2.068522e+01,2.059531e+01,2.065757e+01,2.069905e+01,2.082338e+01,2.071978e+01,2.080957e+01,2.076123e+01,2.061607e+01,2.080267e+01,2.066448e+01,2.069905e+01,2.057456e+01,2.069213e+01,2.053995e+01,2.067831e+01,2.062990e+01,2.069905e+01,2.065757e+01,2.068522e+01,2.072669e+01,2.077505e+01,2.078195e+01,2.073360e+01,2.078886e+01,2.067831e+01,2.089929e+01,2.069213e+01,2.069213e+01,2.069213e+01,2.073360e+01,2.063682e+01,2.071978e+01,2.075432e+01,2.058840e+01,2.048455e+01,2.034592e+01,2.034592e+01,2.030430e+01,2.029736e+01,2.033899e+01,2.017237e+01,2.030430e+01,2.007505e+01,2.008896e+01,2.017237e+01,2.018627e+01,2.020016e+01,2.008201e+01,2.019321e+01,2.003332e+01,2.006810e+01,2.015153e+01,2.012372e+01,2.010287e+01,2.014458e+01,2.003332e+01,2.003332e+01,2.009591e+01,2.011677e+01,2.006810e+01,2.002636e+01,2.000548e+01,2.019321e+01,2.007505e+01,2.013068e+01,2.014458e+01,2.020711e+01,2.026960e+01,2.032512e+01,2.044298e+01,2.044298e+01,2.040140e+01,2.045684e+01,2.058148e+01,2.051918e+01,2.076123e+01,2.106471e+01,2.110602e+01,2.124361e+01,2.132607e+01,2.123674e+01,2.121611e+01,2.139474e+01,2.124361e+01,2.118860e+01,2.116796e+01,2.100960e+01,2.118860e+01,2.110602e+01,2.100271e+01,2.120235e+01,2.094067e+01,2.085099e+01,2.076814e+01,2.065757e+01,2.061607e+01,2.077505e+01,2.069905e+01,2.066448e+01,2.072669e+01,2.077505e+01,2.074742e+01,2.089929e+01,2.080957e+01,2.075432e+01,2.093377e+01,2.098203e+01,2.100960e+01,2.095446e+01,2.100271e+01,2.089929e+01,2.089239e+01,2.089239e+01,2.092688e+01,2.087859e+01,2.094067e+01,2.091308e+01,2.092688e+01,2.092688e+01,2.096825e+01,2.101649e+01,2.086479e+01,2.094757e+01,2.089929e+01,2.085099e+01,2.094067e+01,2.088549e+01,2.093377e+01,2.093377e+01,2.092688e+01,2.088549e+01,2.095446e+01,2.098203e+01,2.086479e+01,2.099582e+01,2.097514e+01,2.096135e+01,2.094067e+01,2.114732e+01,2.118860e+01,2.108537e+01,2.099582e+01,2.100960e+01,2.099582e+01,2.100960e+01,2.100271e+01,2.097514e+01,2.102338e+01,2.105782e+01,2.111291e+01,2.110602e+01,2.109914e+01,2.101649e+01,2.102338e+01,2.107848e+01,2.107160e+01,2.107848e+01,2.101649e+01,2.111979e+01,2.118172e+01,2.111291e+01,2.115420e+01,2.109225e+01,2.103716e+01,2.105094e+01,2.100271e+01,2.122298e+01,2.111291e+01,2.116108e+01,2.118172e+01,2.098893e+01,2.097514e+01,2.105782e+01,2.105782e+01,2.098893e+01,2.113355e+01,2.100271e+01,2.109225e+01,2.103027e+01,2.105782e+01,2.099582e+01,2.101649e+01,2.096825e+01,2.098893e+01,2.094757e+01,2.105094e+01,2.101649e+01,2.098893e+01,2.100960e+01,2.099582e+01,2.106471e+01,2.103027e+01,2.104405e+01,2.107848e+01,2.114044e+01,2.102338e+01,2.102338e+01,2.091998e+01,2.107848e+01,2.103716e+01,2.094067e+01,2.100960e+01,2.103027e+01,2.102338e+01,2.103716e+01,2.100960e+01,2.102338e+01,2.105782e+01,2.104405e+01,2.100960e+01
2.100271e+01,2.099582e+01,2.098203e+01,2.104405e+01,2.109225e+01,2.125736e+01,2.100271e+01,2.098203e+01,2.099582e+01,2.101649e+01,2.096135e+01,2.104405e+01,2.100960e+01,2.092688e+01,2.105094e+01,2.103716e+01,2.098893e+01,2.096825e+01,2.095446e+01,2.097514e+01,2.096135e+01,2.090619e+01,2.096135e+01,2.101649e+01,2.096825e+01,2.102338e+01,2.102338e+01,2.103716e+01,2.105782e+01,2.098203e+01,2.102338e+01,2.094757e+01,2.104405e+01,2.105782e+01,2.101649e+01,2.103716e+01,2.102338e+01,2.103716e+01,2.103716e+01,2.088549e+01,2.110602e+01,2.105094e+01,2.098893e+01,2.111291e+01,2.112667e+01,2.096825e+01,2.102338e+01,2.103716e+01,2.105782e+01,2.105782e+01,2.114732e+01,2.120235e+01,2.108537e+01,2.109914e+01,2.102338e+01,2.105094e+01,2.106471e+01,2.100271e+01,2.107848e+01,2.116796e+01,2.109225e+01,2.109914e+01,2.111979e+01,2.113355e+01,2.114044e+01,2.110602e+01,2.107848e+01,2.109225e+01,2.107160e+01,2.112667e+01,2.112667e+01,2.104405e+01,2.113355e+01,2.098203e+01,2.106471e+01,2.122986e+01,2.112667e+01,2.123674e+01,2.107848e+01,2.129859e+01,2.115420e+01,2.114732e+01,2.109225e+01,2.118860e+01,2.121611e+01,2.111979e+01,2.118860e+01,2.119548e+01,2.114732e+01,2.117484e+01,2.108537e+01,2.107160e+01,2.118860e+01,2.107160e+01,2.109225e+01,2.110602e+01,2.119548e+01,2.111979e+01,2.114732e+01,2.114044e+01,2.116796e+01,2.111979e+01,2.107848e+01,2.111979e+01,2.107160e+01,2.118860e+01,2.108537e+01,2.122298e+01,2.114732e+01,2.120923e+01,2.120235e+01,2.111291e+01,2.112667e+01,2.109914e+01,2.104405e+01,2.109914e+01,2.118172e+01,2.122986e+01,2.111979e+01,2.118172e+01,2.112667e+01,2.111979e+01,2.112667e+01,2.111291e+01,2.111979e+01,2.127798e+01,2.118860e+01,2.118860e+01,2.120923e+01,2.113355e+01,2.114044e+01,2.106471e+01,2.111291e+01,2.120235e+01,2.114732e+01,2.107848e+01,2.119548e+01,2.120235e+01,2.121611e+01,2.120923e+01,2.121611e+01,2.133294e+01,2.131233e+01,2.116108e+01,2.111979e+01,2.117484e+01,2.113355e+01,2.117484e+01,2.118860e+01,2.109914e+01,2.122298e+01,2.123674e+01,2.117484e+01,2.109914e+01,2.118860e+01,2.121611e+01,2.119548e+01,2.109914e+01,2.112667e+01,2.121611e+01,2.160732e+01,2.115420e+01,2.112667e+01,2.109914e+01,2.116796e+01,2.116796e+01,2.116796e+01,2.122986e+01,2.115420e+01,2.123674e+01,2.122986e+01,2.121611e+01,2.123674e+01,2.109225e+01,2.126423e+01,2.126423e+01,2.127110e+01,2.125736e+01,2.127798e+01,2.133294e+01,2.136728e+01,2.157991e+01,2.142906e+01,2.176475e+01,2.189462e+01,2.219474e+01,2.235127e+01,2.251435e+01,2.279235e+01,2.259579e+01,2.205843e+01,2.129172e+01,2.047762e+01,1.982437e+01,1.980345e+01,1.978950e+01,1.993586e+01,1.981042e+01,1.981740e+01,1.975462e+01,1.978253e+01,1.978253e+01,1.977555e+01,1.968483e+01,1.974067e+01,1.969879e+01,1.971973e+01,1.974764e+01,1.967785e+01,1.970577e+01,1.983134e+01,1.981042e+01,1.967785e+01,1.981042e+01,1.974764e+01,1.966388e+01,1.973369e+01,1.967086e+01,1.973369e+01,1.973369e+01,1.966388e+01,1.976160e+01,1.973369e+01,1.972671e+01,1.977555e+01,1.990800e+01,1.980345e+01,1.979647e+01,1.974067e+01,1.983831e+01,1.969879e+01,1.969181e+01,1.962197e+01,1.966388e+01,1.980345e+01,1.988013e+01,1.983134e+01,2.005419e+01,2.006114e+01,2.020016e+01,2.034592e+01,2.030430e+01,2.047762e+01,2.047762e+01,2.050533e+01,2.050533e+01,2.054687e+01,2.059531e+01,2.047762e+01,2.046377e+01,2.054687e+01,2.048455e+01,2.049840e+01,2.065757e+01,2.055379e+01,2.059531e+01,2.046377e+01,2.048455e+01,2.060915e+01,2.050533e+01,2.058148e+01,2.052610e+01,2.063682e+01,2.071287e+01,2.067139e+01,2.047070e+01,2.068522e+01,2.062990e+01,2.057456e+01,2.058148e+01,2.063682e+01,2.056763e+01,2.058840e+01,2.062990e+01,2.059531e+01,2.050533e+01,2.049148e+01,2.044298e+01,2.061607e+01,2.050533e+01,2.046377e+01,2.051225e+01,2.048455e+01,2.044991e+01,2.044991e+01,2.046377e+01,2.049148e+01,2.045684e+01,2.042219e+01,2.052610e+01,2.044298e+01,2.048455e+01,2.042219e+01,2.026266e+01,2.047070e+01,2.043605e+01,2.038060e+01,2.042219e+01,2.038060e+01,2.042912e+01,2.040833e+01,2.045684e+01,2.040833e+01,2.042219e+01,2.043605e+01,2.043605e+01,2.037366e+01,2.051225e+01,2.040140e+01,2.035980e+01,2.042219e+01,2.040833e+01,2.029042e+01,2.038753e+01,2.024877e+01,2.027654e+01,2.040140e+01,2.041526e+01,2.033899e+01,2.037366e+01,2.033899e+01,2.034592e+01,2.035980e+01,2.033205e+01,2.034592e+01,2.032512e+01,2.033899e+01,2.045684e+01,2.042219e+01,2.031818e+01,2.044991e+01,2.035980e+01,2.045684e+01,2.052610e+01,2.041526e+01,2.048455e+01,2.058148e+01,2.047762e+01,2.045684e+01,2.042912e+01,2.039447e+01,2.048455e+01,2.046377e+01,2.049148e+01,2.047070e+01,2.044991e+01,2.040140e+01,2.038753e+01,2.049148e+01,2.053995e+01,2.051918e+01,2.043605e+01,2.045684e+01,2.047070e+01,2.049148e+01,2.048455e+01,2.042219e+01,2.053303e+01,2.041526e+01,2.060223e+01,2.044298e+01,2.052610e+01,2.052610e+01,2.051225e+01,2.051918e+01,2.046377e+01,2.047762e+01,2.040140e+01,2.044298e+01,2.033899e+01,2.051225e+01,2.051225e+01,2.047070e+01,2.049148e+01,2.037366e+01,2.043605e+01,2.056763e+01,2.050533e+01,2.050533e+01,2.045684e+01,2.044991e+01,2.043605e+01,2.040833e+01,2.038753e+01,2.040833e+01,2.038753e+01,2.044298e+01,2.042912e+01,2.047070e+01,2.041526e+01,2.039447e+01,2.045684e+01,2.057456e+01,2.042912e+01,2.040833e+01,2.051918e+01,2.045684e+01,2.047762e+01,2.047762e+01,2.054687e+01,2.069213e+01,2.047070e+01,2.060915e+01,2.051225e+01,2.059531e+01,2.056763e+01,2.047762e+01,2.051918e+01,2.049840e+01,2.047070e+01,2.061607e+01,2.051918e+01,2.056071e+01,2.060915e+01,2.056071e+01,2.053303e+01,2.053995e+01,2.051225e+01,2.063682e+01,2.064374e+01,2.062990e+01,2.057456e+01,2.058840e+01,2.067831e+01,2.073360e+01,2.062990e+01,2.069213e+01,2.060915e+01,2.059531e+01,2.053303e+01,2.070596e+01,2.070596e+01,2.069905e+01,2.069905e+01,2.065065e+01,2.069905e+01,2.064374e+01,2.069213e+01,2.080957e+01,2.071287e+01,2.057456e+01,2.065757e+01,2.056071e+01,2.065065e+01,2.065065e+01,2.065065e+01,2.060915e+01,2.053995e+01,2.062299e+01,2.060915e+01,2.078195e+01,2.071978e+01,2.081648e+01,2.072669e+01,2.071978e+01,2.071978e+01,2.067831e+01,2.072669e+01,2.070596e+01,2.072669e+01,2.065065e+01,2.062299e+01,2.062299e+01,2.066448e+01,2.047762e+01,2.047762e+01,2.038753e+01,2.040140e+01,2.032512e+01,2.015153e+01,2.031124e+01,2.022100e+01,2.007505e+01,2.008201e+01,2.013763e+01,2.011677e+01,2.013068e+01,2.017932e+01,2.014458e+01,2.004027e+01,2.004723e+01,2.010287e+01,2.015153e+01,2.006810e+01,2.012372e+01,2.008201e+01,2.010287e+01,2.008201e+01,2.010287e+01,2.008201e+01,2.006114e+01,2.005419e+01,2.004723e+01,2.012372e+01,2.021405e+01,2.010982e+01,2.026266e+01,2.023489e+01,2.015848e+01,2.017932e+01,2.040833e+01,2.049148e+01,2.044991e+01,2.055379e+01,2.061607e+01,2.067139e+01,2.108537e+01,2.112667e+01,2.125048e+01,2.131233e+01,2.125048e+01,2.124361e+01,2.134668e+01,2.122986e+01,2.136041e+01,2.127798e+01,2.100960e+01,2.105782e+01,2.113355e+01,2.100960e+01,2.105094e+01,2.096825e+01,2.095446e+01,2.087859e+01,2.088549e+01,2.078886e+01,2.074742e+01,2.074051e+01,2.075432e+01,2.071287e+01,2.086479e+01,2.085789e+01,2.089239e+01,2.092688e+01,2.087859e+01,2.096825e+01,2.098203e+01,2.082338e+01,2.096135e+01,2.087859e+01,2.092688e+01,2.091308e+01,2.089239e+01,2.093377e+01,2.094757e+01,2.093377e+01,2.091998e+01,2.091308e+01,2.096825e+01,2.093377e+01,2.092688e+01,2.096825e+01,2.097514e+01,2.090619e+01,2.085099e+01,2.087169e+01,2.087859e+01,2.093377e+01,2.092688e+01,2.095446e+01,2.091308e+01,2.098203e+01,2.102338e+01,2.107848e+01,2.088549e+01,2.091308e+01,2.081648e+01,2.079576e+01,2.111979e+01,2.094067e+01,2.103716e+01,2.096825e+01,2.104405e+01,2.105094e+01,2.102338e+01,2.102338e+01,2.105094e+01,2.099582e+01,2.098893e+01,2.096825e+01,2.127110e+01,2.101649e+01,2.105782e+01,2.105782e+01,2.111291e+01,2.107848e+01,2.112667e+01,2.117484e+01,2.127110e+01,2.120235e+01,2.108537e+01,2.109225e+01,2.113355e+01,2.112667e+01,2.105094e+01,2.089239e+01,2.090619e+01,2.102338e+01,2.107160e+01,2.105094e+01,2.102338e+01,2.120923e+01,2.096135e+01,2.109914e+01,2.098893e+01,2.116108e+01,2.104405e+01,2.106471e+01,2.107848e+01,2.097514e+01,2.098203e+01,2.096825e+01,2.101649e+01,2.105782e+01,2.102338e+01,2.103027e+01,2.103027e+01,2.098893e+01,2.102338e+01,2.111979e+01,2.106471e+01,2.114732e+01,2.098893e+01,2.105094e+01,2.104405e+01,2.105094e+01,2.100960e+01,2.103027e+01,2.106471e+01,2.102338e+01,2.105782e+01,2.103027e+01,2.107848e+01,2.105094e+01,2.103027e+01,2.111979e+01,2.105094e+01,2.107848e+01,2.100960e+01,2.094757e+01
2.103027e+01,2.100271e+01,2.097514e+01,2.106471e+01,2.113355e+01,2.114732e+01,2.103027e+01,2.098893e+01,2.107160e+01,2.108537e+01,2.080957e+01,2.088549e+01,2.107848e+01,2.085099e+01,2.101649e+01,2.100271e+01,2.107848e+01,2.091998e+01,2.092688e+01,2.099582e+01,2.100271e+01,2.103027e+01,2.098893e+01,2.099582e+01,2.102338e+01,2.105094e+01,2.098893e+01,2.107848e+01,2.110602e+01,2.105094e+01,2.104405e+01,2.100960e+01,2.091308e+01,2.103027e+01,2.103716e+01,2.100960e+01,2.098893e+01,2.101649e+01,2.084409e+01,2.096135e+01,2.103027e+01,2.104405e+01,2.101649e+01,2.105094e+01,2.109225e+01,2.105094e+01,2.105094e+01,2.097514e+01,2.113355e+01,2.119548e+01,2.109914e+01,2.110602e+01,2.109914e+01,2.109914e+01,2.107160e+01,2.113355e+01,2.101649e+01,2.116108e+01,2.107848e+01,2.104405e+01,2.111979e+01,2.114732e+01,2.111291e+01,2.110602e+01,2.111291e+01,2.105094e+01,2.116108e+01,2.111291e+01,2.109225e+01,2.109225e+01,2.110602e+01,2.099582e+01,2.104405e+01,2.116796e+01,2.117484e+01,2.117484e+01,2.113355e+01,2.111979e+01,2.108537e+01,2.122986e+01,2.120923e+01,2.106471e+01,2.127798e+01,2.121611e+01,2.117484e+01,2.114044e+01,2.108537e+01,2.120923e+01,2.131233e+01,2.116108e+01,2.110602e+01,2.121611e+01,2.115420e+01,2.115420e+01,2.120235e+01,2.120235e+01,2.115420e+01,2.111979e+01,2.111979e+01,2.111291e+01,2.109914e+01,2.106471e+01,2.108537e+01,2.114044e+01,2.109225e+01,2.113355e+01,2.107160e+01,2.123674e+01,2.118860e+01,2.114044e+01,2.121611e+01,2.122986e+01,2.118860e+01,2.119548e+01,2.111979e+01,2.125736e+01,2.118172e+01,2.111979e+01,2.110602e+01,2.113355e+01,2.110602e+01,2.116796e+01,2.120923e+01,2.112667e+01,2.125736e+01,2.115420e+01,2.110602e+01,2.122298e+01,2.121611e+01,2.109225e+01,2.120235e+01,2.109225e+01,2.120923e+01,2.112667e+01,2.114044e+01,2.116796e+01,2.120923e+01,2.120235e+01,2.119548e+01,2.120235e+01,2.118172e+01,2.126423e+01,2.129859e+01,2.120235e+01,2.118860e+01,2.118172e+01,2.114044e+01,2.116796e+01,2.122298e+01,2.116796e+01,2.118860e+01,2.116108e+01,2.116108e+01,2.117484e+01,2.108537e+01,2.111291e+01,2.110602e+01,2.109914e+01,2.121611e+01,2.116796e+01,2.111979e+01,2.112667e+01,2.109914e+01,2.109225e+01,2.107160e+01,2.116796e+01,2.116108e+01,2.113355e+01,2.121611e+01,2.121611e+01,2.112667e+01,2.115420e+01,2.122986e+01,2.125048e+01,2.124361e+01,2.127110e+01,2.126423e+01,2.131233e+01,2.128485e+01,2.138788e+01,2.132607e+01,2.149080e+01,2.162787e+01,2.176475e+01,2.186729e+01,2.199021e+01,2.246002e+01,2.256865e+01,2.286680e+01,2.273139e+01,2.205843e+01,2.129172e+01,2.042912e+01,2.002636e+01,1.983831e+01,1.980345e+01,1.976858e+01,1.984528e+01,1.984528e+01,1.975462e+01,1.971973e+01,1.973369e+01,1.969181e+01,1.967086e+01,1.974764e+01,1.976160e+01,1.973369e+01,1.972671e+01,1.981042e+01,1.974764e+01,1.976858e+01,1.974764e+01,1.967086e+01,1.980345e+01,1.970577e+01,1.976858e+01,1.978253e+01,1.983134e+01,1.988013e+01,1.973369e+01,1.974764e+01,1.981042e+01,1.976858e+01,1.982437e+01,1.984528e+01,1.989407e+01,1.995675e+01,1.997068e+01,1.994283e+01,1.992890e+01,2.013068e+01,1.993586e+01,1.999852e+01,1.992890e+01,1.994979e+01,1.998460e+01,2.002636e+01,2.010982e+01,2.013068e+01,2.017237e+01,2.035980e+01,2.038060e+01,2.052610e+01,2.047762e+01,2.056071e+01,2.055379e+01,2.042219e+01,2.060223e+01,2.059531e+01,2.050533e+01,2.049840e+01,2.055379e+01,2.049148e+01,2.056071e+01,2.058840e+01,2.049148e+01,2.060223e+01,2.061607e+01,2.053303e+01,2.064374e+01,2.065065e+01,2.069213e+01,2.067831e+01,2.067831e+01,2.069213e+01,2.062299e+01,2.068522e+01,2.066448e+01,2.060915e+01,2.060223e+01,2.070596e+01,2.052610e+01,2.055379e+01,2.060223e+01,2.058148e+01,2.052610e+01,2.047070e+01,2.051918e+01,2.051918e+01,2.059531e+01,2.043605e+01,2.040140e+01,2.045684e+01,2.048455e+01,2.052610e+01,2.044991e+01,2.051225e+01,2.053303e+01,2.050533e+01,2.050533e+01,2.036673e+01,2.037366e+01,2.039447e+01,2.038060e+01,2.044991e+01,2.042912e+01,2.035980e+01,2.029042e+01,2.040833e+01,2.042912e+01,2.044991e+01,2.037366e+01,2.042219e+01,2.038060e+01,2.047762e+01,2.039447e+01,2.036673e+01,2.036673e+01,2.037366e+01,2.040833e+01,2.046377e+01,2.046377e+01,2.028348e+01,2.038753e+01,2.036673e+01,2.017932e+01,2.062990e+01,2.042219e+01,2.042912e+01,2.039447e+01,2.042219e+01,2.040833e+01,2.034592e+01,2.037366e+01,2.032512e+01,2.033205e+01,2.034592e+01,2.036673e+01,2.033205e+01,2.040140e+01,2.039447e+01,2.041526e+01,2.040833e+01,2.039447e+01,2.044991e+01,2.043605e+01,2.044298e+01,2.049148e+01,2.040833e+01,2.040140e+01,2.042219e+01,2.042912e+01,2.051918e+01,2.043605e+01,2.047070e+01,2.044298e+01,2.044298e+01,2.049148e+01,2.047070e+01,2.050533e+01,2.047070e+01,2.042912e+01,2.044298e+01,2.044991e+01,2.053995e+01,2.058148e+01,2.051918e+01,2.045684e+01,2.040140e+01,2.048455e+01,2.048455e+01,2.049148e+01,2.049840e+01,2.049840e+01,2.047762e+01,2.047762e+01,2.049840e+01,2.051918e+01,2.073360e+01,2.051225e+01,2.052610e+01,2.035286e+01,2.035980e+01,2.047762e+01,2.056071e+01,2.048455e+01,2.054687e+01,2.053303e+01,2.056071e+01,2.058148e+01,2.049148e+01,2.046377e+01,2.042219e+01,2.047762e+01,2.035980e+01,2.053995e+01,2.046377e+01,2.043605e+01,2.053995e+01,2.055379e+01,2.048455e+01,2.044298e+01,2.042912e+01,2.042912e+01,2.044991e+01,2.058148e+01,2.039447e+01,2.047070e+01,2.048455e+01,2.051918e+01,2.049148e+01,2.050533e+01,2.055379e+01,2.051918e+01,2.057456e+01,2.050533e+01,2.056763e+01,2.065065e+01,2.063682e+01,2.049148e+01,2.061607e+01,2.060223e+01,2.060223e+01,2.062990e+01,2.053303e+01,2.065065e+01,2.067831e+01,2.051225e+01,2.065065e+01,2.066448e+01,2.066448e+01,2.069213e+01,2.056763e+01,2.068522e+01,2.056071e+01,2.068522e+01,2.067139e+01,2.067139e+01,2.068522e+01,2.067831e+01,2.073360e+01,2.066448e+01,2.067831e+01,2.064374e+01,2.075432e+01,2.065065e+01,2.070596e+01,2.072669e+01,2.059531e+01,2.066448e+01,2.081648e+01,2.068522e+01,2.067139e+01,2.053303e+01,2.071978e+01,2.065757e+01,2.067831e+01,2.065757e+01,2.067831e+01,2.069905e+01,2.073360e+01,2.071287e+01,2.071287e+01,2.072669e+01,2.072669e+01,2.054687e+01,2.069905e+01,2.067831e+01,2.078886e+01,2.069213e+01,2.067831e+01,2.067139e+01,2.067139e+01,2.086479e+01,2.056071e+01,2.046377e+01,2.038060e+01,2.046377e+01,2.033899e+01,2.030430e+01,2.026266e+01,2.022100e+01,2.020711e+01,2.022100e+01,2.028348e+01,2.019321e+01,2.012372e+01,2.013763e+01,2.004027e+01,2.005419e+01,2.004723e+01,2.005419e+01,2.010287e+01,2.012372e+01,2.018627e+01,2.008201e+01,2.006810e+01,2.011677e+01,2.008201e+01,2.010982e+01,2.015153e+01,2.010982e+01,2.019321e+01,2.013068e+01,2.009591e+01,2.020016e+01,2.016542e+01,2.013763e+01,2.011677e+01,2.026960e+01,2.041526e+01,2.040140e+01,2.049840e+01,2.044298e+01,2.060223e+01,2.067139e+01,2.114044e+01,2.114044e+01,2.135355e+01,2.127110e+01,2.138788e+01,2.137415e+01,2.127798e+01,2.125736e+01,2.118860e+01,2.121611e+01,2.114044e+01,2.116108e+01,2.116796e+01,2.116108e+01,2.103027e+01,2.120235e+01,2.099582e+01,2.102338e+01,2.100271e+01,2.082338e+01,2.083028e+01,2.074742e+01,2.071978e+01,2.083719e+01,2.077505e+01,2.077505e+01,2.096825e+01,2.091308e+01,2.095446e+01,2.083028e+01,2.092688e+01,2.081648e+01,2.098893e+01,2.092688e+01,2.089929e+01,2.100271e+01,2.092688e+01,2.092688e+01,2.094067e+01,2.091998e+01,2.092688e+01,2.093377e+01,2.091308e+01,2.097514e+01,2.099582e+01,2.094757e+01,2.089239e+01,2.088549e+01,2.092688e+01,2.088549e+01,2.089929e+01,2.091308e+01,2.093377e+01,2.091998e+01,2.103716e+01,2.100271e+01,2.091308e+01,2.099582e+01,2.097514e+01,2.099582e+01,2.094757e+01,2.093377e+01,2.107160e+01,2.102338e+01,2.100271e+01,2.105782e+01,2.098203e+01,2.101649e+01,2.103716e+01,2.100960e+01,2.101649e+01,2.098203e+01,2.108537e+01,2.111291e+01,2.104405e+01,2.109914e+01,2.114044e+01,2.113355e+01,2.109914e+01,2.111291e+01,2.127798e+01,2.127110e+01,2.123674e+01,2.113355e+01,2.112667e+01,2.120235e+01,2.109914e+01,2.112667e+01,2.117484e+01,2.114732e+01,2.108537e+01,2.105094e+01,2.091308e+01,2.101649e+01,2.106471e+01,2.108537e+01,2.104405e+01,2.094757e+01,2.100271e+01,2.103027e+01,2.098893e+01,2.102338e+01,2.107848e+01,2.102338e+01,2.107160e+01,2.107848e+01,2.098893e+01,2.116108e+01,2.101649e+01,2.098893e+01,2.107160e+01,2.105782e+01,2.112667e+01,2.104405e+01,2.093377e+01,2.105094e+01,2.112667e+01,2.111291e+01,2.101649e+01,2.108537e+01,2.103716e+01,2.114044e+01,2.111291e+01,2.105782e+01,2.105782e+01,2.105094e+01,2.111291e+01,2.109225e+01,2.100271e+01,2.107848e+01,2.122986e+01,2.102338e+01,2.107848e+01,2.100271e+01
2.111979e+01,2.102338e+01,2.097514e+01,2.105782e+01,2.107848e+01,2.107160e+01,2.105782e+01,2.107160e+01,2.105094e+01,2.100960e+01,2.094757e+01,2.109914e+01,2.118172e+01,2.109914e+01,2.103716e+01,2.110602e+01,2.095446e+01,2.105782e+01,2.100271e+01,2.102338e+01,2.097514e+01,2.098893e+01,2.096135e+01,2.098203e+01,2.103027e+01,2.102338e+01,2.107160e+01,2.129172e+01,2.103716e+01,2.107160e+01,2.103027e+01,2.104405e+01,2.107848e+01,2.098203e+01,2.086479e+01,2.115420e+01,2.111291e+01,2.099582e+01,2.114044e+01,2.111979e+01,2.116796e+01,2.098893e+01,2.107160e+01,2.104405e+01,2.104405e+01,2.109914e+01,2.121611e+01,2.092688e+01,2.104405e+01,2.108537e+01,2.109225e+01,2.111291e+01,2.105782e+01,2.102338e+01,2.110602e+01,2.107160e+01,2.113355e+01,2.118172e+01,2.107848e+01,2.119548e+01,2.114732e+01,2.114732e+01,2.114044e+01,2.113355e+01,2.118860e+01,2.113355e+01,2.109914e+01,2.108537e+01,2.107848e+01,2.111979e+01,2.115420e+01,2.114044e+01,2.114732e+01,2.120235e+01,2.119548e+01,2.112667e+01,2.109914e+01,2.116108e+01,2.108537e+01,2.127798e+01,2.106471e+01,2.115420e+01,2.105094e+01,2.108537e+01,2.116108e+01,2.118860e+01,2.116796e+01,2.118172e+01,2.120235e+01,2.113355e+01,2.120923e+01,2.127798e+01,2.125736e+01,2.116796e+01,2.107160e+01,2.119548e+01,2.115420e+01,2.111291e+01,2.111291e+01,2.114732e+01,2.121611e+01,2.120923e+01,2.107848e+01,2.109914e+01,2.114732e+01,2.110602e+01,2.113355e+01,2.113355e+01,2.111291e+01,2.117484e+01,2.121611e+01,2.118172e+01,2.123674e+01,2.109914e+01,2.108537e+01,2.120923e+01,2.121611e+01,2.116796e+01,2.109914e+01,2.109914e+01,2.110602e+01,2.122986e+01,2.111291e+01,2.116108e+01,2.128485e+01,2.110602e+01,2.117484e+01,2.111291e+01,2.109914e+01,2.119548e+01,2.122986e+01,2.118172e+01,2.116796e+01,2.112667e+01,2.118860e+01,2.117484e+01,2.111291e+01,2.126423e+01,2.126423e+01,2.118172e+01,2.118172e+01,2.116796e+01,2.114044e+01,2.115420e+01,2.118860e+01,2.104405e+01,2.118860e+01,2.120235e+01,2.120923e+01,2.125048e+01,2.114732e+01,2.115420e+01,2.125048e+01,2.112667e+01,2.115420e+01,2.119548e+01,2.110602e+01,2.107160e+01,2.113355e+01,2.111291e+01,2.127798e+01,2.110602e+01,2.111291e+01,2.105782e+01,2.114732e+01,2.116796e+01,2.116108e+01,2.111291e+01,2.123674e+01,2.114044e+01,2.108537e+01,2.112667e+01,2.124361e+01,2.122298e+01,2.125736e+01,2.127798e+01,2.126423e+01,2.131233e+01,2.134668e+01,2.129172e+01,2.134668e+01,2.164157e+01,2.157306e+01,2.183312e+01,2.196291e+01,2.203797e+01,2.235807e+01,2.265683e+01,2.282620e+01,2.245322e+01,2.173739e+01,2.103716e+01,2.020711e+01,2.008896e+01,1.986619e+01,1.985922e+01,1.976858e+01,1.981740e+01,1.977555e+01,1.977555e+01,1.980345e+01,1.981740e+01,1.969879e+01,1.963594e+01,1.978950e+01,1.983134e+01,1.976160e+01,1.971973e+01,1.978950e+01,1.981042e+01,1.979647e+01,1.971275e+01,1.965689e+01,1.972671e+01,1.982437e+01,1.980345e+01,1.976160e+01,1.976858e+01,1.971973e+01,1.972671e+01,1.972671e+01,1.971275e+01,1.978950e+01,1.972671e+01,1.990103e+01,2.010287e+01,2.006810e+01,2.021405e+01,2.029042e+01,2.020016e+01,2.026266e+01,2.019321e+01,2.017237e+01,1.997068e+01,2.014458e+01,2.013068e+01,2.012372e+01,2.009591e+01,2.031124e+01,2.038753e+01,2.044298e+01,2.053995e+01,2.051225e+01,2.065065e+01,2.050533e+01,2.051225e+01,2.063682e+01,2.062990e+01,2.057456e+01,2.058840e+01,2.057456e+01,2.044298e+01,2.050533e+01,2.062990e+01,2.062299e+01,2.061607e+01,2.051918e+01,2.062299e+01,2.056763e+01,2.053303e+01,2.051225e+01,2.069905e+01,2.061607e+01,2.069905e+01,2.080957e+01,2.071287e+01,2.067139e+01,2.061607e+01,2.056071e+01,2.060223e+01,2.062299e+01,2.052610e+01,2.056763e+01,2.054687e+01,2.046377e+01,2.053303e+01,2.042219e+01,2.042219e+01,2.043605e+01,2.045684e+01,2.044991e+01,2.046377e+01,2.040833e+01,2.044991e+01,2.048455e+01,2.051918e+01,2.048455e+01,2.046377e+01,2.050533e+01,2.039447e+01,2.040833e+01,2.049840e+01,2.040833e+01,2.040140e+01,2.043605e+01,2.042912e+01,2.037366e+01,2.040140e+01,2.044991e+01,2.044298e+01,2.044991e+01,2.041526e+01,2.031124e+01,2.031124e+01,2.037366e+01,2.036673e+01,2.040833e+01,2.035286e+01,2.034592e+01,2.044298e+01,2.045684e+01,2.044298e+01,2.039447e+01,2.038753e+01,2.031124e+01,2.038753e+01,2.032512e+01,2.051918e+01,2.037366e+01,2.035286e+01,2.032512e+01,2.031124e+01,2.033899e+01,2.031124e+01,2.033205e+01,2.033205e+01,2.031818e+01,2.036673e+01,2.030430e+01,2.035286e+01,2.054687e+01,2.042219e+01,2.040833e+01,2.040140e+01,2.042912e+01,2.044991e+01,2.050533e+01,2.054687e+01,2.044991e+01,2.040833e+01,2.052610e+01,2.047070e+01,2.049148e+01,2.044298e+01,2.043605e+01,2.047762e+01,2.043605e+01,2.042912e+01,2.048455e+01,2.044991e+01,2.045684e+01,2.046377e+01,2.042219e+01,2.044991e+01,2.044991e+01,2.054687e+01,2.053995e+01,2.041526e+01,2.046377e+01,2.045684e+01,2.056071e+01,2.043605e+01,2.048455e+01,2.049148e+01,2.048455e+01,2.049840e+01,2.050533e+01,2.044991e+01,2.051918e+01,2.049840e+01,2.047762e+01,2.049148e+01,2.049148e+01,2.050533e+01,2.045684e+01,2.057456e+01,2.041526e+01,2.052610e+01,2.058148e+01,2.053995e+01,2.042219e+01,2.047762e+01,2.054687e+01,2.052610e+01,2.033899e+01,2.044991e+01,2.056763e+01,2.044298e+01,2.043605e+01,2.037366e+01,2.042912e+01,2.043605e+01,2.043605e+01,2.046377e+01,2.047070e+01,2.046377e+01,2.045684e+01,2.047070e+01,2.047762e+01,2.050533e+01,2.049840e+01,2.047762e+01,2.048455e+01,2.051225e+01,2.046377e+01,2.048455e+01,2.063682e+01,2.068522e+01,2.056071e+01,2.060223e+01,2.062299e+01,2.055379e+01,2.063682e+01,2.064374e+01,2.063682e+01,2.060915e+01,2.062990e+01,2.062299e+01,2.066448e+01,2.068522e+01,2.065757e+01,2.065757e+01,2.065065e+01,2.071287e+01,2.073360e+01,2.064374e+01,2.065757e+01,2.056763e+01,2.058840e+01,2.066448e+01,2.070596e+01,2.060915e+01,2.058840e+01,2.070596e+01,2.071978e+01,2.076123e+01,2.065757e+01,2.069905e+01,2.076123e+01,2.071287e+01,2.069213e+01,2.068522e+01,2.067831e+01,2.065757e+01,2.067831e+01,2.064374e+01,2.065757e+01,2.065065e+01,2.069213e+01,2.074742e+01,2.078195e+01,2.076123e+01,2.068522e+01,2.073360e+01,2.072669e+01,2.069905e+01,2.069905e+01,2.069213e+01,2.071978e+01,2.067831e+01,2.069905e+01,2.071287e+01,2.062990e+01,2.057456e+01,2.043605e+01,2.066448e+01,2.051225e+01,2.026960e+01,2.026960e+01,2.026266e+01,2.020016e+01,2.025571e+01,2.026960e+01,2.017237e+01,2.010287e+01,2.010982e+01,2.015153e+01,2.003332e+01,2.010287e+01,1.998460e+01,2.010287e+01,2.006810e+01,2.015153e+01,2.006114e+01,2.013068e+01,2.010982e+01,2.013068e+01,2.015153e+01,2.015153e+01,2.009591e+01,2.010982e+01,2.004027e+01,2.022100e+01,2.015848e+01,2.009591e+01,2.013763e+01,2.011677e+01,2.013068e+01,2.022100e+01,2.040140e+01,2.029042e+01,2.032512e+01,2.033205e+01,2.053303e+01,2.071978e+01,2.081648e+01,2.107848e+01,2.122298e+01,2.137415e+01,2.146336e+01,2.155250e+01,2.157991e+01,2.129172e+01,2.127798e+01,2.120235e+01,2.116796e+01,2.115420e+01,2.133981e+01,2.103716e+01,2.116796e+01,2.118860e+01,2.117484e+01,2.111979e+01,2.094757e+01,2.090619e+01,2.094757e+01,2.091998e+01,2.077505e+01,2.076814e+01,2.082338e+01,2.092688e+01,2.086479e+01,2.093377e+01,2.089929e+01,2.091998e+01,2.096825e+01,2.098893e+01,2.103027e+01,2.096135e+01,2.097514e+01,2.091308e+01,2.094067e+01,2.091308e+01,2.093377e+01,2.091998e+01,2.093377e+01,2.092688e+01,2.097514e+01,2.092688e+01,2.079576e+01,2.098203e+01,2.094067e+01,2.094757e+01,2.089239e+01,2.094067e+01,2.090619e+01,2.113355e+01,2.100271e+01,2.093377e+01,2.089239e+01,2.093377e+01,2.092688e+01,2.099582e+01,2.100271e+01,2.093377e+01,2.098893e+01,2.096825e+01,2.087859e+01,2.096825e+01,2.097514e+01,2.103716e+01,2.103027e+01,2.100271e+01,2.104405e+01,2.103027e+01,2.105094e+01,2.107848e+01,2.107848e+01,2.118172e+01,2.111979e+01,2.111979e+01,2.122298e+01,2.104405e+01,2.107848e+01,2.109225e+01,2.109914e+01,2.109225e+01,2.115420e+01,2.121611e+01,2.118172e+01,2.120235e+01,2.111979e+01,2.112667e+01,2.117484e+01,2.115420e+01,2.100960e+01,2.108537e+01,2.113355e+01,2.104405e+01,2.105094e+01,2.097514e+01,2.109225e+01,2.097514e+01,2.096825e+01,2.099582e+01,2.109225e+01,2.111291e+01,2.104405e+01,2.100271e+01,2.100271e+01,2.098203e+01,2.105782e+01,2.098203e+01,2.096135e+01,2.105094e+01,2.107160e+01,2.098893e+01,2.098203e+01,2.103716e+01,2.105782e+01,2.108537e+01,2.097514e+01,2.098893e+01,2.114044e+01,2.125048e+01,2.101649e+01,2.103716e+01,2.104405e+01,2.101649e+01,2.111291e+01,2.104405e+01,2.100271e+01,2.103716e+01,2.104405e+01,2.112667e+01,2.105782e+01,2.106471e+01,2.100960e+01,2.098893e+01,2.101649e+01
2.108537e+01,2.109914e+01,2.104405e+01,2.106471e+01,2.096825e+01,2.106471e+01,2.109914e+01,2.098893e+01,2.101649e+01,2.091998e+01,2.096825e+01,2.107848e+01,2.110602e+01,2.098893e+01,2.096135e+01,2.100960e+01,2.094067e+01,2.104405e+01,2.105782e+01,2.100960e+01,2.089239e+01,2.099582e+01,2.102338e+01,2.100271e+01,2.104405e+01,2.094757e+01,2.103716e+01,2.134668e+01,2.129172e+01,2.093377e+01,2.093377e+01,2.103027e+01,2.109225e+01,2.089929e+01,2.125048e+01,2.109225e+01,2.103027e+01,2.094067e+01,2.099582e+01,2.100271e+01,2.111979e+01,2.109914e+01,2.103716e+01,2.110602e+01,2.103027e+01,2.104405e+01,2.116108e+01,2.110602e+01,2.101649e+01,2.120235e+01,2.116796e+01,2.106471e+01,2.109225e+01,2.108537e+01,2.103027e+01,2.104405e+01,2.117484e+01,2.110602e+01,2.109225e+01,2.111291e+01,2.116796e+01,2.120923e+01,2.120923e+01,2.120235e+01,2.111291e+01,2.111979e+01,2.112667e+01,2.111979e+01,2.114044e+01,2.111979e+01,2.117484e+01,2.114732e+01,2.117484e+01,2.109225e+01,2.122986e+01,2.105094e+01,2.103716e+01,2.103716e+01,2.103027e+01,2.127798e+01,2.125048e+01,2.105094e+01,2.103716e+01,2.115420e+01,2.120235e+01,2.121611e+01,2.122986e+01,2.114044e+01,2.118860e+01,2.113355e+01,2.115420e+01,2.114044e+01,2.120235e+01,2.116108e+01,2.111979e+01,2.107848e+01,2.113355e+01,2.118860e+01,2.114044e+01,2.118860e+01,2.121611e+01,2.119548e+01,2.110602e+01,2.106471e+01,2.118172e+01,2.108537e+01,2.112667e+01,2.124361e+01,2.105782e+01,2.112667e+01,2.120235e+01,2.111291e+01,2.114044e+01,2.125048e+01,2.117484e+01,2.111979e+01,2.113355e+01,2.113355e+01,2.120235e+01,2.129859e+01,2.110602e+01,2.118860e+01,2.110602e+01,2.107848e+01,2.111979e+01,2.110602e+01,2.119548e+01,2.114044e+01,2.121611e+01,2.118172e+01,2.116796e+01,2.118860e+01,2.112667e+01,2.120923e+01,2.115420e+01,2.112667e+01,2.122986e+01,2.116108e+01,2.114732e+01,2.117484e+01,2.116108e+01,2.119548e+01,2.114732e+01,2.114044e+01,2.118172e+01,2.116796e+01,2.117484e+01,2.120923e+01,2.118172e+01,2.120235e+01,2.122298e+01,2.120235e+01,2.119548e+01,2.119548e+01,2.117484e+01,2.112667e+01,2.114732e+01,2.111979e+01,2.110602e+01,2.112667e+01,2.111979e+01,2.123674e+01,2.118860e+01,2.118172e+01,2.115420e+01,2.116796e+01,2.116108e+01,2.110602e+01,2.122298e+01,2.123674e+01,2.112667e+01,2.108537e+01,2.118860e+01,2.126423e+01,2.127110e+01,2.122986e+01,2.129859e+01,2.128485e+01,2.138788e+01,2.131920e+01,2.141533e+01,2.153880e+01,2.168264e+01,2.195608e+01,2.191511e+01,2.205161e+01,2.247360e+01,2.265683e+01,2.281943e+01,2.264327e+01,2.171686e+01,2.100960e+01,2.038753e+01,2.017932e+01,1.973369e+01,1.985225e+01,1.974764e+01,1.980345e+01,1.985922e+01,1.978950e+01,1.982437e+01,1.972671e+01,1.971973e+01,1.971973e+01,1.974764e+01,1.986619e+01,1.969181e+01,1.983134e+01,1.972671e+01,1.983134e+01,1.978950e+01,1.974067e+01,1.976858e+01,1.979647e+01,1.967785e+01,1.978950e+01,1.978950e+01,1.988013e+01,1.985922e+01,1.971973e+01,1.978253e+01,1.986619e+01,1.995675e+01,1.991496e+01,2.008201e+01,1.998460e+01,2.026266e+01,2.032512e+01,2.024877e+01,2.027654e+01,2.020016e+01,2.024877e+01,2.018627e+01,2.018627e+01,2.026266e+01,2.033205e+01,2.019321e+01,2.023489e+01,2.035286e+01,2.052610e+01,2.054687e+01,2.041526e+01,2.056071e+01,2.049148e+01,2.052610e+01,2.044991e+01,2.046377e+01,2.061607e+01,2.058840e+01,2.062299e+01,2.052610e+01,2.058840e+01,2.057456e+01,2.056071e+01,2.040833e+01,2.056071e+01,2.059531e+01,2.063682e+01,2.063682e+01,2.063682e+01,2.072669e+01,2.068522e+01,2.065757e+01,2.065757e+01,2.071978e+01,2.071287e+01,2.063682e+01,2.066448e+01,2.063682e+01,2.065065e+01,2.060915e+01,2.046377e+01,2.040140e+01,2.054687e+01,2.051225e+01,2.075432e+01,2.046377e+01,2.060915e+01,2.041526e+01,2.040833e+01,2.046377e+01,2.044991e+01,2.042219e+01,2.056763e+01,2.047070e+01,2.055379e+01,2.044298e+01,2.047762e+01,2.049840e+01,2.042912e+01,2.040833e+01,2.040833e+01,2.038753e+01,2.050533e+01,2.038060e+01,2.039447e+01,2.035286e+01,2.043605e+01,2.044298e+01,2.035980e+01,2.040833e+01,2.048455e+01,2.042912e+01,2.037366e+01,2.043605e+01,2.044991e+01,2.036673e+01,2.042219e+01,2.033205e+01,2.045684e+01,2.036673e+01,2.054687e+01,2.036673e+01,2.027654e+01,2.031124e+01,2.040140e+01,2.038060e+01,2.040140e+01,2.030430e+01,2.051225e+01,2.036673e+01,2.029042e+01,2.040140e+01,2.033205e+01,2.033205e+01,2.031818e+01,2.032512e+01,2.032512e+01,2.038753e+01,2.037366e+01,2.049148e+01,2.049840e+01,2.043605e+01,2.042912e+01,2.053303e+01,2.063682e+01,2.049148e+01,2.044991e+01,2.040140e+01,2.044298e+01,2.040140e+01,2.042912e+01,2.042912e+01,2.044991e+01,2.045684e+01,2.048455e+01,2.042219e+01,2.043605e+01,2.051225e+01,2.044991e+01,2.065757e+01,2.060223e+01,2.061607e+01,2.047762e+01,2.040833e+01,2.056071e+01,2.049148e+01,2.062299e+01,2.050533e+01,2.046377e+01,2.046377e+01,2.050533e+01,2.046377e+01,2.049148e+01,2.046377e+01,2.044298e+01,2.053995e+01,2.054687e+01,2.043605e+01,2.040833e+01,2.046377e+01,2.049840e+01,2.056763e+01,2.048455e+01,2.047762e+01,2.046377e+01,2.042912e+01,2.056763e+01,2.053303e+01,2.051225e+01,2.051918e+01,2.041526e+01,2.049148e+01,2.050533e+01,2.040833e+01,2.042219e+01,2.042219e+01,2.042912e+01,2.046377e+01,2.046377e+01,2.047070e+01,2.047070e+01,2.047070e+01,2.044298e+01,2.051225e+01,2.047762e+01,2.046377e+01,2.053995e+01,2.047762e+01,2.049840e+01,2.053303e+01,2.048455e+01,2.052610e+01,2.047762e+01,2.059531e+01,2.050533e+01,2.044298e+01,2.054687e+01,2.060915e+01,2.052610e+01,2.060223e+01,2.059531e+01,2.063682e+01,2.061607e+01,2.063682e+01,2.058148e+01,2.067139e+01,2.066448e+01,2.067831e+01,2.067831e+01,2.065757e+01,2.060915e+01,2.067831e+01,2.063682e+01,2.071287e+01,2.066448e+01,2.069213e+01,2.062299e+01,2.067139e+01,2.063682e+01,2.060223e+01,2.070596e+01,2.058148e+01,2.072669e+01,2.070596e+01,2.069213e+01,2.072669e+01,2.069213e+01,2.071978e+01,2.072669e+01,2.075432e+01,2.062990e+01,2.071978e+01,2.068522e+01,2.060223e+01,2.061607e+01,2.062990e+01,2.067831e+01,2.071287e+01,2.071978e+01,2.069213e+01,2.068522e+01,2.072669e+01,2.078886e+01,2.071287e+01,2.071978e+01,2.074742e+01,2.076814e+01,2.069905e+01,2.067139e+01,2.066448e+01,2.069905e+01,2.061607e+01,2.049840e+01,2.052610e+01,2.042912e+01,2.035980e+01,2.024183e+01,2.031818e+01,2.023489e+01,2.024877e+01,2.019321e+01,2.021405e+01,2.013763e+01,2.010287e+01,2.017237e+01,2.006114e+01,2.020016e+01,2.015153e+01,2.014458e+01,2.006810e+01,2.017237e+01,2.006810e+01,2.014458e+01,2.008896e+01,2.010287e+01,2.010287e+01,2.008896e+01,2.014458e+01,2.007505e+01,2.004027e+01,2.008896e+01,2.012372e+01,2.022100e+01,2.018627e+01,2.015848e+01,2.021405e+01,2.020016e+01,2.020711e+01,2.024183e+01,2.027654e+01,2.034592e+01,2.049840e+01,2.055379e+01,2.079576e+01,2.093377e+01,2.125736e+01,2.136041e+01,2.139474e+01,2.142220e+01,2.142906e+01,2.136041e+01,2.147022e+01,2.126423e+01,2.107848e+01,2.110602e+01,2.113355e+01,2.107160e+01,2.119548e+01,2.113355e+01,2.108537e+01,2.101649e+01,2.091308e+01,2.086479e+01,2.097514e+01,2.102338e+01,2.105094e+01,2.083028e+01,2.096135e+01,2.085099e+01,2.098203e+01,2.096825e+01,2.095446e+01,2.093377e+01,2.089239e+01,2.105782e+01,2.095446e+01,2.097514e+01,2.093377e+01,2.095446e+01,2.089929e+01,2.092688e+01,2.092688e+01,2.101649e+01,2.091308e+01,2.095446e+01,2.096825e+01,2.089929e+01,2.097514e+01,2.085099e+01,2.097514e+01,2.091998e+01,2.083719e+01,2.093377e+01,2.094757e+01,2.087859e+01,2.091998e+01,2.092688e+01,2.092688e+01,2.105782e+01,2.089239e+01,2.105782e+01,2.094067e+01,2.101649e+01,2.090619e+01,2.096825e+01,2.091998e+01,2.096825e+01,2.111291e+01,2.090619e+01,2.097514e+01,2.099582e+01,2.101649e+01,2.093377e+01,2.096135e+01,2.089239e+01,2.104405e+01,2.103027e+01,2.110602e+01,2.112667e+01,2.111979e+01,2.103027e+01,2.104405e+01,2.109225e+01,2.111979e+01,2.110602e+01,2.114044e+01,2.113355e+01,2.133981e+01,2.109914e+01,2.109914e+01,2.119548e+01,2.116796e+01,2.116796e+01,2.109914e+01,2.107160e+01,2.114732e+01,2.105782e+01,2.111291e+01,2.105782e+01,2.118172e+01,2.107848e+01,2.100271e+01,2.102338e+01,2.096135e+01,2.102338e+01,2.111979e+01,2.101649e+01,2.105782e+01,2.114732e+01,2.103027e+01,2.103716e+01,2.103027e+01,2.100960e+01,2.098893e+01,2.097514e+01,2.101649e+01,2.101649e+01,2.104405e+01,2.101649e+01,2.099582e+01,2.111291e+01,2.110602e+01,2.103716e+01,2.105094e+01,2.096825e+01,2.105782e+01,2.113355e+01,2.105782e+01,2.107848e+01,2.093377e+01,2.105094e+01,2.102338e+01,2.094757e+01,2.103027e+01,2.105782e+01,2.107160e+01,2.105094e+01,2.096825e+01,2.094067e+01
2.104405e+01,2.107160e+01,2.097514e+01,2.108537e+01,2.109225e+01,2.100960e+01,2.090619e+01,2.096825e+01,2.097514e+01,2.107848e+01,2.088549e+01,2.083028e+01,2.082338e+01,2.108537e+01,2.107848e+01,2.099582e+01,2.094757e+01,2.095446e+01,2.101649e+01,2.104405e+01,2.099582e+01,2.106471e+01,2.103027e+01,2.100271e+01,2.103027e+01,2.105094e+01,2.101649e+01,2.096825e+01,2.100271e+01,2.096135e+01,2.103027e+01,2.104405e+01,2.111291e+01,2.099582e+01,2.107848e+01,2.098893e+01,2.108537e+01,2.118172e+01,2.116796e+01,2.107160e+01,2.108537e+01,2.113355e+01,2.106471e+01,2.112667e+01,2.104405e+01,2.105094e+01,2.107160e+01,2.096135e+01,2.102338e+01,2.115420e+01,2.123674e+01,2.105782e+01,2.105782e+01,2.109914e+01,2.110602e+01,2.111291e+01,2.118860e+01,2.111979e+01,2.118860e+01,2.118860e+01,2.112667e+01,2.114732e+01,2.119548e+01,2.087859e+01,2.113355e+01,2.111979e+01,2.109914e+01,2.103716e+01,2.101649e+01,2.107160e+01,2.115420e+01,2.112667e+01,2.113355e+01,2.121611e+01,2.118172e+01,2.122986e+01,2.105094e+01,2.111291e+01,2.106471e+01,2.110602e+01,2.112667e+01,2.107848e+01,2.125048e+01,2.105782e+01,2.105782e+01,2.117484e+01,2.129172e+01,2.114732e+01,2.114732e+01,2.114732e+01,2.112667e+01,2.123674e+01,2.114732e+01,2.105094e+01,2.115420e+01,2.112667e+01,2.114044e+01,2.114044e+01,2.114732e+01,2.109914e+01,2.108537e+01,2.106471e+01,2.109914e+01,2.108537e+01,2.110602e+01,2.118172e+01,2.111291e+01,2.111291e+01,2.107160e+01,2.116108e+01,2.118860e+01,2.119548e+01,2.112667e+01,2.110602e+01,2.122298e+01,2.119548e+01,2.124361e+01,2.113355e+01,2.124361e+01,2.121611e+01,2.110602e+01,2.114732e+01,2.116796e+01,2.116108e+01,2.118172e+01,2.118860e+01,2.109225e+01,2.113355e+01,2.116796e+01,2.117484e+01,2.120235e+01,2.121611e+01,2.118172e+01,2.123674e+01,2.107848e+01,2.116108e+01,2.118860e+01,2.117484e+01,2.112667e+01,2.116108e+01,2.109225e+01,2.120923e+01,2.118172e+01,2.122298e+01,2.117484e+01,2.119548e+01,2.118860e+01,2.117484e+01,2.118172e+01,2.120235e+01,2.118172e+01,2.120923e+01,2.115420e+01,2.112667e+01,2.115420e+01,2.114732e+01,2.108537e+01,2.118860e+01,2.111979e+01,2.112667e+01,2.120235e+01,2.107160e+01,2.114732e+01,2.108537e+01,2.105094e+01,2.118172e+01,2.125048e+01,2.118860e+01,2.115420e+01,2.106471e+01,2.116796e+01,2.116796e+01,2.117484e+01,2.110602e+01,2.127798e+01,2.123674e+01,2.128485e+01,2.133294e+01,2.127110e+01,2.140161e+01,2.142220e+01,2.148394e+01,2.168949e+01,2.194925e+01,2.203115e+01,2.216068e+01,2.225602e+01,2.265005e+01,2.270428e+01,2.238527e+01,2.171686e+01,2.101649e+01,2.011677e+01,1.992890e+01,2.022100e+01,1.983134e+01,1.979647e+01,1.978950e+01,1.982437e+01,1.975462e+01,1.983134e+01,1.976858e+01,1.983831e+01,1.987316e+01,1.982437e+01,1.979647e+01,1.967785e+01,1.976160e+01,1.968483e+01,1.981042e+01,1.983134e+01,1.981042e+01,1.981042e+01,1.985225e+01,1.990800e+01,1.981042e+01,1.981740e+01,1.981042e+01,1.995675e+01,1.982437e+01,1.986619e+01,1.995675e+01,2.007505e+01,2.026266e+01,2.033899e+01,2.039447e+01,2.035980e+01,2.026266e+01,2.053995e+01,2.048455e+01,2.045684e+01,2.045684e+01,2.026266e+01,2.031818e+01,2.033205e+01,2.030430e+01,2.037366e+01,2.033205e+01,2.028348e+01,2.038060e+01,2.056071e+01,2.044991e+01,2.047762e+01,2.056763e+01,2.053995e+01,2.056763e+01,2.044298e+01,2.058148e+01,2.053303e+01,2.044991e+01,2.052610e+01,2.056071e+01,2.049840e+01,2.060915e+01,2.053303e+01,2.059531e+01,2.058840e+01,2.064374e+01,2.074742e+01,2.054687e+01,2.068522e+01,2.068522e+01,2.066448e+01,2.069905e+01,2.073360e+01,2.071287e+01,2.060223e+01,2.062990e+01,2.059531e+01,2.065065e+01,2.054687e+01,2.056763e+01,2.044298e+01,2.054687e+01,2.055379e+01,2.049148e+01,2.050533e+01,2.048455e+01,2.053303e+01,2.042219e+01,2.049840e+01,2.059531e+01,2.047070e+01,2.056763e+01,2.044991e+01,2.043605e+01,2.044991e+01,2.045684e+01,2.047762e+01,2.061607e+01,2.044298e+01,2.038753e+01,2.041526e+01,2.039447e+01,2.045684e+01,2.032512e+01,2.038060e+01,2.042219e+01,2.034592e+01,2.033899e+01,2.034592e+01,2.042219e+01,2.039447e+01,2.038060e+01,2.037366e+01,2.036673e+01,2.036673e+01,2.037366e+01,2.031124e+01,2.037366e+01,2.040833e+01,2.032512e+01,2.035980e+01,2.036673e+01,2.031818e+01,2.040140e+01,2.031818e+01,2.028348e+01,2.035286e+01,2.033899e+01,2.037366e+01,2.042219e+01,2.038060e+01,2.035980e+01,2.031124e+01,2.030430e+01,2.033899e+01,2.036673e+01,2.035286e+01,2.027654e+01,2.040140e+01,2.040140e+01,2.036673e+01,2.044298e+01,2.040140e+01,2.044991e+01,2.055379e+01,2.047070e+01,2.039447e+01,2.044298e+01,2.044991e+01,2.038060e+01,2.044991e+01,2.049148e+01,2.041526e+01,2.044298e+01,2.037366e+01,2.042912e+01,2.049840e+01,2.044298e+01,2.052610e+01,2.044991e+01,2.045684e+01,2.046377e+01,2.039447e+01,2.055379e+01,2.039447e+01,2.043605e+01,2.054687e+01,2.077505e+01,2.049148e+01,2.051918e+01,2.049840e+01,2.038753e+01,2.046377e+01,2.048455e+01,2.041526e+01,2.038753e+01,2.043605e+01,2.044298e+01,2.040833e+01,2.043605e+01,2.046377e+01,2.049148e+01,2.051918e+01,2.037366e+01,2.042219e+01,2.049148e+01,2.042912e+01,2.049148e+01,2.044298e+01,2.038753e+01,2.042912e+01,2.038753e+01,2.056763e+01,2.032512e+01,2.046377e+01,2.045684e+01,2.044991e+01,2.051918e+01,2.045684e+01,2.051225e+01,2.047070e+01,2.053995e+01,2.049148e+01,2.049840e+01,2.047070e+01,2.048455e+01,2.051918e+01,2.047762e+01,2.049840e+01,2.049840e+01,2.052610e+01,2.042219e+01,2.049840e+01,2.050533e+01,2.048455e+01,2.049148e+01,2.050533e+01,2.064374e+01,2.064374e+01,2.073360e+01,2.063682e+01,2.062299e+01,2.055379e+01,2.066448e+01,2.065065e+01,2.066448e+01,2.065065e+01,2.067139e+01,2.057456e+01,2.069213e+01,2.061607e+01,2.062990e+01,2.055379e+01,2.062990e+01,2.065065e+01,2.062990e+01,2.061607e+01,2.067831e+01,2.065757e+01,2.066448e+01,2.061607e+01,2.064374e+01,2.070596e+01,2.069905e+01,2.066448e+01,2.065065e+01,2.071978e+01,2.067831e+01,2.061607e+01,2.062990e+01,2.063682e+01,2.061607e+01,2.066448e+01,2.052610e+01,2.069213e+01,2.061607e+01,2.063682e+01,2.071978e+01,2.065065e+01,2.074742e+01,2.073360e+01,2.066448e+01,2.070596e+01,2.072669e+01,2.071287e+01,2.071978e+01,2.077505e+01,2.071287e+01,2.059531e+01,2.067831e+01,2.067831e+01,2.060223e+01,2.042912e+01,2.056763e+01,2.040140e+01,2.024183e+01,2.026960e+01,2.023489e+01,2.018627e+01,2.013068e+01,2.023489e+01,2.014458e+01,2.013763e+01,2.015848e+01,2.005419e+01,2.004723e+01,2.001940e+01,1.997764e+01,2.016542e+01,2.017932e+01,2.015848e+01,2.007505e+01,2.001940e+01,2.012372e+01,2.015153e+01,2.003332e+01,2.017932e+01,2.013068e+01,2.024183e+01,2.012372e+01,2.003332e+01,2.006114e+01,2.010982e+01,2.010287e+01,2.020711e+01,2.020711e+01,2.023489e+01,2.029736e+01,2.023489e+01,2.026266e+01,2.056071e+01,2.085789e+01,2.090619e+01,2.101649e+01,2.138788e+01,2.142220e+01,2.158677e+01,2.149080e+01,2.160732e+01,2.140161e+01,2.142906e+01,2.125048e+01,2.119548e+01,2.130546e+01,2.120235e+01,2.101649e+01,2.116108e+01,2.115420e+01,2.101649e+01,2.106471e+01,2.100960e+01,2.103716e+01,2.093377e+01,2.090619e+01,2.098893e+01,2.094067e+01,2.086479e+01,2.098203e+01,2.090619e+01,2.093377e+01,2.095446e+01,2.092688e+01,2.092688e+01,2.083719e+01,2.099582e+01,2.094757e+01,2.081648e+01,2.094067e+01,2.095446e+01,2.105094e+01,2.091308e+01,2.090619e+01,2.095446e+01,2.094067e+01,2.094757e+01,2.096135e+01,2.087859e+01,2.095446e+01,2.087859e+01,2.093377e+01,2.093377e+01,2.102338e+01,2.085789e+01,2.103716e+01,2.107160e+01,2.094067e+01,2.103716e+01,2.090619e+01,2.101649e+01,2.094757e+01,2.098203e+01,2.094757e+01,2.098893e+01,2.098203e+01,2.095446e+01,2.097514e+01,2.113355e+01,2.100271e+01,2.098893e+01,2.099582e+01,2.102338e+01,2.109914e+01,2.084409e+01,2.094757e+01,2.111291e+01,2.113355e+01,2.105094e+01,2.107848e+01,2.109225e+01,2.105782e+01,2.105094e+01,2.109914e+01,2.118860e+01,2.111979e+01,2.116108e+01,2.114044e+01,2.116108e+01,2.105094e+01,2.110602e+01,2.112667e+01,2.098203e+01,2.116108e+01,2.117484e+01,2.107160e+01,2.105094e+01,2.114044e+01,2.107160e+01,2.105782e+01,2.114044e+01,2.114044e+01,2.108537e+01,2.100271e+01,2.116796e+01,2.114732e+01,2.100960e+01,2.078195e+01,2.091308e+01,2.103027e+01,2.097514e+01,2.113355e+01,2.106471e+01,2.094757e+01,2.096825e+01,2.102338e+01,2.110602e+01,2.108537e+01,2.098893e+01,2.112667e+01,2.107848e+01,2.103716e+01,2.112667e+01,2.105782e+01,2.109225e+01,2.104405e+01,2.100960e+01,2.098203e+01,2.106471e+01,2.109914e+01,2.105782e+01,2.102338e+01,2.096825e+01,2.101649e+01,2.112667e+01,2.105782e+01,2.104405e+01,2.106471e+01,2.105094e+01,2.102338e+01
2.120923e+01,2.103027e+01,2.109225e+01,2.103716e+01,2.107848e+01,2.094757e+01,2.095446e+01,2.096135e+01,2.093377e+01,2.109914e+01,2.094757e+01,2.094067e+01,2.092688e+01,2.101649e+01,2.100960e+01,2.109914e+01,2.103027e+01,2.109914e+01,2.091998e+01,2.096135e+01,2.109225e+01,2.103716e+01,2.100271e+01,2.101649e+01,2.094067e+01,2.104405e+01,2.105094e+01,2.104405e+01,2.105782e+01,2.103027e+01,2.094067e+01,2.091998e+01,2.102338e+01,2.099582e+01,2.096825e+01,2.105782e+01,2.093377e+01,2.109914e+01,2.106471e+01,2.111979e+01,2.108537e+01,2.111979e+01,2.107160e+01,2.094757e+01,2.105094e+01,2.121611e+01,2.136728e+01,2.097514e+01,2.100271e+01,2.108537e+01,2.109225e+01,2.105094e+01,2.111291e+01,2.101649e+01,2.102338e+01,2.105094e+01,2.117484e+01,2.118172e+01,2.111291e+01,2.111291e+01,2.111979e+01,2.114732e+01,2.114732e+01,2.116108e+01,2.120235e+01,2.115420e+01,2.109914e+01,2.109914e+01,2.115420e+01,2.115420e+01,2.105782e+01,2.116108e+01,2.099582e+01,2.105094e+01,2.115420e+01,2.112667e+01,2.125736e+01,2.125048e+01,2.111291e+01,2.110602e+01,2.106471e+01,2.118860e+01,2.108537e+01,2.110602e+01,2.117484e+01,2.113355e+01,2.117484e+01,2.110602e+01,2.110602e+01,2.114732e+01,2.117484e+01,2.109225e+01,2.112667e+01,2.107848e+01,2.108537e+01,2.114044e+01,2.109914e+01,2.115420e+01,2.107848e+01,2.112667e+01,2.112667e+01,2.113355e+01,2.108537e+01,2.104405e+01,2.117484e+01,2.112667e+01,2.107848e+01,2.113355e+01,2.113355e+01,2.127110e+01,2.116796e+01,2.122986e+01,2.120235e+01,2.122986e+01,2.109914e+01,2.125048e+01,2.122298e+01,2.125048e+01,2.126423e+01,2.111291e+01,2.125048e+01,2.111979e+01,2.111979e+01,2.117484e+01,2.108537e+01,2.121611e+01,2.118172e+01,2.113355e+01,2.120235e+01,2.131920e+01,2.116796e+01,2.126423e+01,2.111979e+01,2.107848e+01,2.112667e+01,2.111979e+01,2.109914e+01,2.115420e+01,2.111291e+01,2.113355e+01,2.115420e+01,2.112667e+01,2.112667e+01,2.114044e+01,2.114732e+01,2.122298e+01,2.097514e+01,2.118860e+01,2.106471e+01,2.110602e+01,2.109914e+01,2.113355e+01,2.114732e+01,2.115420e+01,2.114732e+01,2.114044e+01,2.111979e+01,2.097514e+01,2.113355e+01,2.110602e+01,2.111291e+01,2.107160e+01,2.124361e+01,2.116108e+01,2.116796e+01,2.102338e+01,2.114044e+01,2.105782e+01,2.121611e+01,2.118172e+01,2.119548e+01,2.118172e+01,2.120235e+01,2.118860e+01,2.120235e+01,2.122298e+01,2.127110e+01,2.127798e+01,2.118172e+01,2.131233e+01,2.140847e+01,2.144278e+01,2.159362e+01,2.175791e+01,2.200386e+01,2.201068e+01,2.237167e+01,2.250756e+01,2.275171e+01,2.232406e+01,2.166211e+01,2.083719e+01,1.994283e+01,1.990800e+01,1.988710e+01,1.984528e+01,1.988013e+01,1.976160e+01,1.978950e+01,1.981042e+01,1.979647e+01,1.985922e+01,1.972671e+01,1.973369e+01,1.974764e+01,1.976160e+01,1.970577e+01,1.968483e+01,1.977555e+01,1.971275e+01,1.983831e+01,1.981042e+01,1.984528e+01,1.985922e+01,1.985922e+01,1.986619e+01,1.984528e+01,1.985225e+01,1.983831e+01,1.984528e+01,2.006810e+01,1.997764e+01,2.020711e+01,2.024877e+01,2.043605e+01,2.040140e+01,2.052610e+01,2.052610e+01,2.058148e+01,2.049840e+01,2.057456e+01,2.037366e+01,2.049840e+01,2.034592e+01,2.046377e+01,2.051918e+01,2.048455e+01,2.035286e+01,2.048455e+01,2.054687e+01,2.051918e+01,2.051225e+01,2.053995e+01,2.044991e+01,2.046377e+01,2.062990e+01,2.053303e+01,2.056071e+01,2.058840e+01,2.047070e+01,2.061607e+01,2.052610e+01,2.048455e+01,2.056071e+01,2.056071e+01,2.055379e+01,2.064374e+01,2.064374e+01,2.061607e+01,2.075432e+01,2.078886e+01,2.058148e+01,2.058840e+01,2.058840e+01,2.073360e+01,2.072669e+01,2.064374e+01,2.060915e+01,2.063682e+01,2.056763e+01,2.062990e+01,2.047762e+01,2.056071e+01,2.048455e+01,2.051918e+01,2.047762e+01,2.043605e+01,2.046377e+01,2.045684e+01,2.047762e+01,2.049840e+01,2.046377e+01,2.040140e+01,2.044298e+01,2.052610e+01,2.045684e+01,2.047070e+01,2.045684e+01,2.048455e+01,2.044298e+01,2.041526e+01,2.035980e+01,2.038753e+01,2.038060e+01,2.042219e+01,2.039447e+01,2.038060e+01,2.038753e+01,2.034592e+01,2.042219e+01,2.037366e+01,2.040833e+01,2.038753e+01,2.040833e+01,2.021405e+01,2.041526e+01,2.039447e+01,2.037366e+01,2.035980e+01,2.036673e+01,2.043605e+01,2.034592e+01,2.031124e+01,2.029736e+01,2.029042e+01,2.029042e+01,2.040833e+01,2.032512e+01,2.029736e+01,2.038060e+01,2.040833e+01,2.026960e+01,2.031818e+01,2.030430e+01,2.036673e+01,2.029736e+01,2.034592e+01,2.037366e+01,2.038753e+01,2.040140e+01,2.037366e+01,2.041526e+01,2.032512e+01,2.043605e+01,2.043605e+01,2.041526e+01,2.047762e+01,2.045684e+01,2.043605e+01,2.044991e+01,2.040833e+01,2.041526e+01,2.047070e+01,2.046377e+01,2.045684e+01,2.043605e+01,2.035980e+01,2.043605e+01,2.051918e+01,2.042912e+01,2.044298e+01,2.061607e+01,2.046377e+01,2.043605e+01,2.052610e+01,2.051225e+01,2.042912e+01,2.049148e+01,2.047762e+01,2.044991e+01,2.045684e+01,2.045684e+01,2.040833e+01,2.047762e+01,2.042219e+01,2.038060e+01,2.047762e+01,2.041526e+01,2.037366e+01,2.047070e+01,2.055379e+01,2.046377e+01,2.045684e+01,2.035286e+01,2.036673e+01,2.052610e+01,2.052610e+01,2.045684e+01,2.044298e+01,2.041526e+01,2.043605e+01,2.051225e+01,2.044991e+01,2.048455e+01,2.036673e+01,2.043605e+01,2.049840e+01,2.042912e+01,2.044991e+01,2.042912e+01,2.047070e+01,2.044298e+01,2.050533e+01,2.049840e+01,2.047762e+01,2.047762e+01,2.049148e+01,2.044298e+01,2.051918e+01,2.048455e+01,2.051225e+01,2.053995e+01,2.056071e+01,2.049840e+01,2.057456e+01,2.046377e+01,2.063682e+01,2.060915e+01,2.050533e+01,2.051225e+01,2.055379e+01,2.058148e+01,2.066448e+01,2.058148e+01,2.064374e+01,2.064374e+01,2.067139e+01,2.083028e+01,2.067831e+01,2.058148e+01,2.058840e+01,2.064374e+01,2.060223e+01,2.067831e+01,2.065757e+01,2.064374e+01,2.063682e+01,2.067139e+01,2.065757e+01,2.065757e+01,2.064374e+01,2.064374e+01,2.075432e+01,2.072669e+01,2.074051e+01,2.069213e+01,2.070596e+01,2.063682e+01,2.067139e+01,2.058148e+01,2.066448e+01,2.063682e+01,2.063682e+01,2.065065e+01,2.058840e+01,2.065065e+01,2.060915e+01,2.062299e+01,2.071287e+01,2.071287e+01,2.072669e+01,2.071287e+01,2.065065e+01,2.069905e+01,2.067831e+01,2.076123e+01,2.069213e+01,2.077505e+01,2.071978e+01,2.069905e+01,2.064374e+01,2.063682e+01,2.050533e+01,2.056071e+01,2.040140e+01,2.047762e+01,2.023489e+01,2.023489e+01,2.028348e+01,2.028348e+01,2.028348e+01,2.015153e+01,2.011677e+01,2.019321e+01,2.011677e+01,2.015848e+01,2.008896e+01,2.014458e+01,2.004723e+01,2.017237e+01,2.018627e+01,2.016542e+01,2.017237e+01,2.017237e+01,1.991496e+01,2.015848e+01,1.998460e+01,2.006810e+01,2.022794e+01,2.001940e+01,2.004027e+01,2.010287e+01,2.006810e+01,1.998460e+01,2.017237e+01,2.007505e+01,2.017237e+01,2.017932e+01,2.019321e+01,2.015153e+01,2.031818e+01,2.026960e+01,2.059531e+01,2.063682e+01,2.100271e+01,2.103027e+01,2.134668e+01,2.140847e+01,2.162787e+01,2.144964e+01,2.151137e+01,2.145650e+01,2.138788e+01,2.128485e+01,2.125048e+01,2.115420e+01,2.114044e+01,2.112667e+01,2.110602e+01,2.105782e+01,2.118860e+01,2.116108e+01,2.116108e+01,2.091998e+01,2.097514e+01,2.081648e+01,2.090619e+01,2.092688e+01,2.090619e+01,2.091308e+01,2.087859e+01,2.094067e+01,2.094757e+01,2.088549e+01,2.096825e+01,2.087169e+01,2.091998e+01,2.096825e+01,2.095446e+01,2.090619e+01,2.100960e+01,2.089239e+01,2.094757e+01,2.100960e+01,2.094757e+01,2.077505e+01,2.088549e+01,2.094067e+01,2.094067e+01,2.095446e+01,2.094067e+01,2.092688e+01,2.112667e+01,2.093377e+01,2.109914e+01,2.097514e+01,2.088549e+01,2.088549e+01,2.091308e+01,2.098203e+01,2.093377e+01,2.091308e+01,2.089929e+01,2.090619e+01,2.098203e+01,2.101649e+01,2.086479e+01,2.094757e+01,2.097514e+01,2.098203e+01,2.098203e+01,2.099582e+01,2.097514e+01,2.100271e+01,2.096825e+01,2.100960e+01,2.091998e+01,2.083719e+01,2.109914e+01,2.103027e+01,2.104405e+01,2.103716e+01,2.116108e+01,2.114044e+01,2.107160e+01,2.109225e+01,2.113355e+01,2.108537e+01,2.108537e+01,2.105782e+01,2.115420e+01,2.111979e+01,2.109914e+01,2.105094e+01,2.100960e+01,2.111979e+01,2.106471e+01,2.104405e+01,2.107160e+01,2.117484e+01,2.107848e+01,2.107160e+01,2.109914e+01,2.103716e+01,2.112667e+01,2.108537e+01,2.102338e+01,2.103716e+01,2.101649e+01,2.101649e+01,2.103027e+01,2.107848e+01,2.100271e+01,2.108537e+01,2.107160e+01,2.084409e+01,2.100271e+01,2.089929e+01,2.105094e+01,2.107160e+01,2.100271e+01,2.107848e+01,2.094757e+01,2.102338e+01,2.105782e+01,2.100960e+01,2.098893e+01,2.090619e+01,2.108537e+01,2.094757e+01,2.104405e+01,2.105782e+01,2.118860e+01,2.116796e+01,2.105782e+01,2.104405e+01,2.107848e+01,2.108537e+01,2.109914e+01,2.104405e+01
2.109914e+01,2.120923e+01,2.099582e+01,2.099582e+01,2.094757e+01,2.108537e+01,2.098893e+01,2.098203e+01,2.097514e+01,2.107848e+01,2.095446e+01,2.095446e+01,2.099582e+01,2.103027e+01,2.106471e+01,2.105782e+01,2.091998e+01,2.092688e+01,2.107848e+01,2.103716e+01,2.103716e+01,2.104405e+01,2.094067e+01,2.098203e+01,2.099582e+01,2.105094e+01,2.099582e+01,2.103027e+01,2.104405e+01,2.100960e+01,2.107848e+01,2.099582e+01,2.102338e+01,2.108537e+01,2.104405e+01,2.098203e+01,2.109225e+01,2.119548e+01,2.109225e+01,2.114732e+01,2.106471e+01,2.110602e+01,2.105094e+01,2.108537e+01,2.106471e+01,2.103716e+01,2.100271e+01,2.105094e+01,2.100271e+01,2.103716e+01,2.106471e+01,2.108537e+01,2.100960e+01,2.106471e+01,2.115420e+01,2.116796e+01,2.100271e+01,2.111979e+01,2.118860e+01,2.116108e+01,2.107160e+01,2.110602e+01,2.111291e+01,2.116796e+01,2.127110e+01,2.095446e+01,2.094757e+01,2.114732e+01,2.106471e+01,2.098893e+01,2.112667e+01,2.116108e+01,2.105782e+01,2.113355e+01,2.116796e+01,2.111979e+01,2.124361e+01,2.119548e+01,2.112667e+01,2.114044e+01,2.114732e+01,2.107848e+01,2.120923e+01,2.112667e+01,2.117484e+01,2.118860e+01,2.103716e+01,2.119548e+01,2.122986e+01,2.113355e+01,2.111979e+01,2.109914e+01,2.122298e+01,2.109914e+01,2.118172e+01,2.102338e+01,2.111979e+01,2.111291e+01,2.109914e+01,2.120235e+01,2.117484e+01,2.106471e+01,2.105094e+01,2.117484e+01,2.109225e+01,2.111979e+01,2.118860e+01,2.116796e+01,2.115420e+01,2.120235e+01,2.111291e+01,2.118172e+01,2.122986e+01,2.117484e+01,2.112667e+01,2.122986e+01,2.122298e+01,2.111291e+01,2.114732e+01,2.127798e+01,2.125048e+01,2.115420e+01,2.124361e+01,2.114732e+01,2.114732e+01,2.111291e+01,2.124361e+01,2.126423e+01,2.130546e+01,2.122298e+01,2.114044e+01,2.108537e+01,2.114732e+01,2.112667e+01,2.115420e+01,2.108537e+01,2.114044e+01,2.110602e+01,2.114044e+01,2.114044e+01,2.113355e+01,2.116796e+01,2.116796e+01,2.116796e+01,2.119548e+01,2.117484e+01,2.109225e+01,2.106471e+01,2.115420e+01,2.118860e+01,2.119548e+01,2.111291e+01,2.115420e+01,2.114044e+01,2.110602e+01,2.111979e+01,2.110602e+01,2.114044e+01,2.123674e+01,2.122298e+01,2.122298e+01,2.109914e+01,2.111291e+01,2.112667e+01,2.115420e+01,2.118860e+01,2.120235e+01,2.107160e+01,2.122298e+01,2.112667e+01,2.111291e+01,2.119548e+01,2.122986e+01,2.120923e+01,2.122298e+01,2.125048e+01,2.121611e+01,2.128485e+01,2.138788e+01,2.141533e+01,2.143592e+01,2.148394e+01,2.155936e+01,2.170318e+01,2.200386e+01,2.230365e+01,2.231726e+01,2.250756e+01,2.266361e+01,2.229004e+01,2.145650e+01,2.067139e+01,1.993586e+01,1.991496e+01,1.994979e+01,1.982437e+01,1.992193e+01,1.984528e+01,1.979647e+01,1.976858e+01,1.975462e+01,1.981042e+01,1.974764e+01,1.983831e+01,1.991496e+01,1.971973e+01,1.978253e+01,1.976160e+01,1.976160e+01,1.985922e+01,1.989407e+01,1.985922e+01,1.984528e+01,1.981740e+01,1.985225e+01,1.979647e+01,1.992193e+01,2.009591e+01,2.023489e+01,2.024183e+01,2.022794e+01,2.033205e+01,2.027654e+01,2.053303e+01,2.058148e+01,2.056763e+01,2.050533e+01,2.083719e+01,2.056763e+01,2.049148e+01,2.065065e+01,2.055379e+01,2.049148e+01,2.055379e+01,2.052610e+01,2.049840e+01,2.053303e+01,2.046377e+01,2.049148e+01,2.061607e+01,2.051918e+01,2.052610e+01,2.048455e+01,2.045684e+01,2.044991e+01,2.062990e+01,2.053303e+01,2.056071e+01,2.051918e+01,2.053995e+01,2.049148e+01,2.061607e+01,2.057456e+01,2.058148e+01,2.063682e+01,2.064374e+01,2.071287e+01,2.075432e+01,2.068522e+01,2.075432e+01,2.068522e+01,2.074051e+01,2.067831e+01,2.067831e+01,2.065757e+01,2.071287e+01,2.070596e+01,2.063682e+01,2.061607e+01,2.056763e+01,2.059531e+01,2.052610e+01,2.044298e+01,2.051225e+01,2.050533e+01,2.047070e+01,2.049148e+01,2.051225e+01,2.044298e+01,2.045684e+01,2.047762e+01,2.047762e+01,2.042912e+01,2.042219e+01,2.046377e+01,2.045684e+01,2.048455e+01,2.047070e+01,2.049148e+01,2.042219e+01,2.042912e+01,2.041526e+01,2.038060e+01,2.041526e+01,2.052610e+01,2.029042e+01,2.034592e+01,2.038060e+01,2.029042e+01,2.031124e+01,2.040833e+01,2.049148e+01,2.041526e+01,2.030430e+01,2.045684e+01,2.038753e+01,2.029736e+01,2.044298e+01,2.039447e+01,2.042219e+01,2.036673e+01,2.041526e+01,2.032512e+01,2.042219e+01,2.029736e+01,2.029736e+01,2.038060e+01,2.031818e+01,2.035980e+01,2.044991e+01,2.027654e+01,2.034592e+01,2.034592e+01,2.027654e+01,2.035286e+01,2.039447e+01,2.031818e+01,2.038060e+01,2.040833e+01,2.036673e+01,2.041526e+01,2.029736e+01,2.039447e+01,2.043605e+01,2.044298e+01,2.032512e+01,2.044991e+01,2.049148e+01,2.033205e+01,2.040140e+01,2.042912e+01,2.039447e+01,2.044298e+01,2.035980e+01,2.037366e+01,2.033205e+01,2.034592e+01,2.035980e+01,2.051225e+01,2.038753e+01,2.050533e+01,2.049148e+01,2.050533e+01,2.046377e+01,2.040140e+01,2.048455e+01,2.042912e+01,2.046377e+01,2.046377e+01,2.040140e+01,2.040140e+01,2.040833e+01,2.037366e+01,2.044991e+01,2.044991e+01,2.044298e+01,2.038060e+01,2.039447e+01,2.054687e+01,2.044298e+01,2.049148e+01,2.057456e+01,2.054687e+01,2.047762e+01,2.055379e+01,2.053303e+01,2.046377e+01,2.049840e+01,2.046377e+01,2.047070e+01,2.049148e+01,2.055379e+01,2.049840e+01,2.049148e+01,2.040140e+01,2.037366e+01,2.039447e+01,2.051918e+01,2.042912e+01,2.047762e+01,2.043605e+01,2.060223e+01,2.044991e+01,2.068522e+01,2.048455e+01,2.062990e+01,2.058840e+01,2.049148e+01,2.038060e+01,2.051225e+01,2.044991e+01,2.033205e+01,2.049148e+01,2.050533e+01,2.047762e+01,2.051225e+01,2.062299e+01,2.071287e+01,2.054687e+01,2.050533e+01,2.056071e+01,2.061607e+01,2.063682e+01,2.058148e+01,2.061607e+01,2.065065e+01,2.060915e+01,2.065757e+01,2.058840e+01,2.056071e+01,2.060915e+01,2.068522e+01,2.066448e+01,2.060223e+01,2.051918e+01,2.071287e+01,2.060223e+01,2.067139e+01,2.067831e+01,2.069905e+01,2.071978e+01,2.071287e+01,2.071287e+01,2.073360e+01,2.071978e+01,2.069905e+01,2.066448e+01,2.065757e+01,2.067139e+01,2.066448e+01,2.062299e+01,2.073360e+01,2.060915e+01,2.061607e+01,2.068522e+01,2.079576e+01,2.062299e+01,2.062990e+01,2.068522e+01,2.087169e+01,2.077505e+01,2.076814e+01,2.077505e+01,2.069213e+01,2.068522e+01,2.067831e+01,2.069213e+01,2.072669e+01,2.078886e+01,2.065757e+01,2.066448e+01,2.066448e+01,2.056763e+01,2.059531e+01,2.044298e+01,2.043605e+01,2.038060e+01,2.025571e+01,2.022794e+01,2.022794e+01,2.022100e+01,2.031818e+01,2.023489e+01,2.017237e+01,2.014458e+01,2.008896e+01,2.006114e+01,2.016542e+01,2.006810e+01,1.998460e+01,2.012372e+01,2.015848e+01,2.004027e+01,2.013763e+01,2.018627e+01,2.010982e+01,1.997764e+01,2.024877e+01,1.999852e+01,2.009591e+01,2.001940e+01,2.015848e+01,2.007505e+01,2.003332e+01,2.013068e+01,2.018627e+01,2.017237e+01,2.017237e+01,2.013068e+01,2.024183e+01,2.023489e+01,2.033899e+01,2.074742e+01,2.089239e+01,2.118860e+01,2.123674e+01,2.140847e+01,2.146336e+01,2.157306e+01,2.147708e+01,2.147022e+01,2.138788e+01,2.136728e+01,2.131233e+01,2.134668e+01,2.116108e+01,2.105094e+01,2.114732e+01,2.118860e+01,2.118860e+01,2.129859e+01,2.118172e+01,2.113355e+01,2.110602e+01,2.106471e+01,2.104405e+01,2.103027e+01,2.095446e+01,2.098893e+01,2.089929e+01,2.096825e+01,2.094757e+01,2.096135e+01,2.096135e+01,2.091998e+01,2.089929e+01,2.100271e+01,2.096135e+01,2.096135e+01,2.094757e+01,2.093377e+01,2.098203e+01,2.096825e+01,2.098893e+01,2.087859e+01,2.090619e+01,2.096135e+01,2.094757e+01,2.095446e+01,2.091308e+01,2.095446e+01,2.095446e+01,2.094067e+01,2.097514e+01,2.100960e+01,2.103027e+01,2.093377e+01,2.101649e+01,2.092688e+01,2.091308e+01,2.102338e+01,2.095446e+01,2.096825e+01,2.088549e+01,2.096135e+01,2.096825e+01,2.089929e+01,2.111979e+01,2.098893e+01,2.098203e+01,2.086479e+01,2.098203e+01,2.096825e+01,2.096825e+01,2.092688e+01,2.097514e+01,2.107848e+01,2.098893e+01,2.103716e+01,2.105094e+01,2.111979e+01,2.114044e+01,2.109225e+01,2.107848e+01,2.116796e+01,2.109225e+01,2.116108e+01,2.120235e+01,2.105782e+01,2.104405e+01,2.112667e+01,2.104405e+01,2.116108e+01,2.109225e+01,2.107160e+01,2.105782e+01,2.109914e+01,2.105782e+01,2.103716e+01,2.109914e+01,2.103716e+01,2.115420e+01,2.105094e+01,2.100960e+01,2.104405e+01,2.104405e+01,2.093377e+01,2.103716e+01,2.086479e+01,2.107160e+01,2.105094e+01,2.098893e+01,2.094757e+01,2.112667e+01,2.096825e+01,2.096135e+01,2.105782e+01,2.100271e+01,2.100271e+01,2.105782e+01,2.102338e+01,2.094757e+01,2.109914e+01,2.097514e+01,2.091998e+01,2.091308e+01,2.095446e+01,2.106471e+01,2.113355e+01,2.100271e+01,2.099582e+01,2.104405e+01,2.098893e+01,2.102338e+01,2.104405e+01,2.105782e+01,2.087859e+01,2.098893e+01,2.107160e+01,2.107160e+01
2.104405e+01,2.118860e+01,2.101649e+01,2.092688e+01,2.096135e+01,2.101649e+01,2.105094e+01,2.107160e+01,2.107848e+01,2.103716e+01,2.105782e+01,2.098893e+01,2.097514e+01,2.109914e+01,2.098893e+01,2.096135e+01,2.099582e+01,2.107848e+01,2.105782e+01,2.109225e+01,2.110602e+01,2.098893e+01,2.096825e+01,2.105094e+01,2.100960e+01,2.105782e+01,2.106471e+01,2.104405e+01,2.102338e+01,2.130546e+01,2.101649e+01,2.105094e+01,2.105782e+01,2.118860e+01,2.116796e+01,2.100960e+01,2.109225e+01,2.105782e+01,2.106471e+01,2.107160e+01,2.108537e+01,2.108537e+01,2.112667e+01,2.106471e+01,2.115420e+01,2.106471e+01,2.113355e+01,2.114044e+01,2.105782e+01,2.109914e+01,2.129172e+01,2.107848e+01,2.109914e+01,2.113355e+01,2.102338e+01,2.102338e+01,2.099582e+01,2.117484e+01,2.109225e+01,2.103716e+01,2.109225e+01,2.111291e+01,2.126423e+01,2.115420e+01,2.109914e+01,2.114044e+01,2.116108e+01,2.100960e+01,2.114732e+01,2.110602e+01,2.107160e+01,2.111291e+01,2.115420e+01,2.106471e+01,2.111979e+01,2.111291e+01,2.111291e+01,2.115420e+01,2.120235e+01,2.120235e+01,2.110602e+01,2.114044e+01,2.117484e+01,2.116796e+01,2.113355e+01,2.119548e+01,2.119548e+01,2.121611e+01,2.123674e+01,2.118172e+01,2.113355e+01,2.111979e+01,2.106471e+01,2.105782e+01,2.105782e+01,2.118860e+01,2.118860e+01,2.111979e+01,2.114044e+01,2.112667e+01,2.107848e+01,2.124361e+01,2.114732e+01,2.112667e+01,2.112667e+01,2.121611e+01,2.116796e+01,2.117484e+01,2.123674e+01,2.125048e+01,2.109225e+01,2.110602e+01,2.115420e+01,2.119548e+01,2.118172e+01,2.129859e+01,2.127110e+01,2.123674e+01,2.122986e+01,2.116108e+01,2.129172e+01,2.103716e+01,2.119548e+01,2.111291e+01,2.122986e+01,2.125736e+01,2.125736e+01,2.114044e+01,2.125048e+01,2.115420e+01,2.116108e+01,2.128485e+01,2.128485e+01,2.116108e+01,2.116796e+01,2.118172e+01,2.114732e+01,2.115420e+01,2.104405e+01,2.112667e+01,2.118860e+01,2.116796e+01,2.119548e+01,2.118860e+01,2.119548e+01,2.120235e+01,2.116108e+01,2.113355e+01,2.118172e+01,2.117484e+01,2.116796e+01,2.113355e+01,2.113355e+01,2.113355e+01,2.111291e+01,2.116108e+01,2.120235e+01,2.114044e+01,2.122986e+01,2.117484e+01,2.111291e+01,2.111291e+01,2.113355e+01,2.124361e+01,2.116108e+01,2.121611e+01,2.111291e+01,2.109914e+01,2.116796e+01,2.120235e+01,2.120235e+01,2.122298e+01,2.122298e+01,2.126423e+01,2.131920e+01,2.127798e+01,2.130546e+01,2.131233e+01,2.124361e+01,2.140161e+01,2.152508e+01,2.165526e+01,2.166211e+01,2.173739e+01,2.201750e+01,2.234447e+01,2.245322e+01,2.263649e+01,2.268395e+01,2.222198e+01,2.134668e+01,2.067831e+01,1.992890e+01,1.988710e+01,1.990103e+01,1.988013e+01,1.978253e+01,1.983831e+01,1.980345e+01,1.996371e+01,1.982437e+01,1.992193e+01,1.988710e+01,1.978253e+01,1.975462e+01,1.985922e+01,1.976160e+01,1.978253e+01,1.980345e+01,1.983831e+01,1.995675e+01,1.983831e+01,1.983831e+01,1.985922e+01,2.000548e+01,2.001244e+01,2.030430e+01,2.032512e+01,2.037366e+01,2.034592e+01,2.044991e+01,2.044991e+01,2.050533e+01,2.054687e+01,2.067139e+01,2.059531e+01,2.068522e+01,2.067139e+01,2.064374e+01,2.077505e+01,2.060915e+01,2.055379e+01,2.060915e+01,2.052610e+01,2.049840e+01,2.052610e+01,2.052610e+01,2.052610e+01,2.053303e+01,2.053995e+01,2.055379e+01,2.046377e+01,2.054687e+01,2.056763e+01,2.060915e+01,2.061607e+01,2.060223e+01,2.060915e+01,2.044298e+01,2.051225e+01,2.060915e+01,2.054687e+01,2.053303e+01,2.057456e+01,2.074051e+01,2.078886e+01,2.074051e+01,2.084409e+01,2.078195e+01,2.074051e+01,2.072669e+01,2.074742e+01,2.062299e+01,2.065757e+01,2.072669e+01,2.071287e+01,2.067139e+01,2.062299e+01,2.060223e+01,2.054687e+01,2.060223e+01,2.047762e+01,2.056071e+01,2.054687e+01,2.051918e+01,2.054687e+01,2.044991e+01,2.047070e+01,2.048455e+01,2.056071e+01,2.044991e+01,2.060915e+01,2.048455e+01,2.044991e+01,2.047762e+01,2.058148e+01,2.044991e+01,2.040140e+01,2.049148e+01,2.047762e+01,2.035286e+01,2.040140e+01,2.038753e+01,2.037366e+01,2.034592e+01,2.034592e+01,2.038060e+01,2.030430e+01,2.037366e+01,2.031818e+01,2.031124e+01,2.038060e+01,2.036673e+01,2.039447e+01,2.040140e+01,2.038060e+01,2.040833e+01,2.037366e+01,2.030430e+01,2.038753e+01,2.035286e+01,2.031818e+01,2.035286e+01,2.040833e+01,2.040140e+01,2.044298e+01,2.051225e+01,2.039447e+01,2.031818e+01,2.032512e+01,2.031124e+01,2.034592e+01,2.031818e+01,2.031818e+01,2.033899e+01,2.038753e+01,2.028348e+01,2.035980e+01,2.038753e+01,2.036673e+01,2.033205e+01,2.034592e+01,2.039447e+01,2.044991e+01,2.044991e+01,2.042912e+01,2.048455e+01,2.046377e+01,2.043605e+01,2.043605e+01,2.042219e+01,2.042219e+01,2.050533e+01,2.049148e+01,2.036673e+01,2.051918e+01,2.039447e+01,2.042219e+01,2.044991e+01,2.044991e+01,2.052610e+01,2.051225e+01,2.050533e+01,2.052610e+01,2.044298e+01,2.051918e+01,2.047762e+01,2.043605e+01,2.039447e+01,2.044991e+01,2.042912e+01,2.047070e+01,2.051918e+01,2.051225e+01,2.038060e+01,2.035980e+01,2.041526e+01,2.049148e+01,2.042219e+01,2.060915e+01,2.040833e+01,2.037366e+01,2.055379e+01,2.042912e+01,2.044298e+01,2.052610e+01,2.045684e+01,2.040833e+01,2.048455e+01,2.049148e+01,2.051918e+01,2.045684e+01,2.047762e+01,2.044298e+01,2.038060e+01,2.044298e+01,2.049840e+01,2.042219e+01,2.039447e+01,2.044991e+01,2.054687e+01,2.059531e+01,2.047070e+01,2.048455e+01,2.049148e+01,2.051225e+01,2.052610e+01,2.051225e+01,2.050533e+01,2.056071e+01,2.062990e+01,2.054687e+01,2.050533e+01,2.049148e+01,2.051225e+01,2.052610e+01,2.069213e+01,2.068522e+01,2.061607e+01,2.060915e+01,2.059531e+01,2.054687e+01,2.062299e+01,2.067831e+01,2.064374e+01,2.059531e+01,2.059531e+01,2.062299e+01,2.068522e+01,2.057456e+01,2.060915e+01,2.066448e+01,2.060915e+01,2.062990e+01,2.068522e+01,2.065065e+01,2.068522e+01,2.074742e+01,2.067139e+01,2.063682e+01,2.072669e+01,2.065757e+01,2.069213e+01,2.071978e+01,2.069905e+01,2.072669e+01,2.064374e+01,2.071978e+01,2.065065e+01,2.059531e+01,2.067139e+01,2.067831e+01,2.063682e+01,2.053303e+01,2.076123e+01,2.066448e+01,2.061607e+01,2.071287e+01,2.060223e+01,2.074051e+01,2.076123e+01,2.069213e+01,2.078195e+01,2.070596e+01,2.069213e+01,2.067139e+01,2.071978e+01,2.069905e+01,2.071287e+01,2.069905e+01,2.069213e+01,2.053303e+01,2.056071e+01,2.051225e+01,2.042219e+01,2.041526e+01,2.030430e+01,2.029042e+01,2.021405e+01,2.029736e+01,2.030430e+01,2.021405e+01,2.015848e+01,2.017932e+01,2.015848e+01,2.003332e+01,2.007505e+01,2.001940e+01,2.006810e+01,2.000548e+01,2.017237e+01,2.019321e+01,2.016542e+01,2.020711e+01,2.011677e+01,2.015153e+01,1.994283e+01,1.997068e+01,1.997068e+01,2.022794e+01,2.024877e+01,2.010982e+01,1.992193e+01,1.998460e+01,2.014458e+01,2.012372e+01,2.014458e+01,2.022100e+01,2.008896e+01,2.025571e+01,2.046377e+01,2.062299e+01,2.087169e+01,2.091998e+01,2.120235e+01,2.121611e+01,2.160732e+01,2.161417e+01,2.166211e+01,2.155250e+01,2.149080e+01,2.150451e+01,2.140847e+01,2.119548e+01,2.127110e+01,2.134668e+01,2.116796e+01,2.112667e+01,2.112667e+01,2.118860e+01,2.120235e+01,2.110602e+01,2.108537e+01,2.109225e+01,2.095446e+01,2.104405e+01,2.098203e+01,2.104405e+01,2.102338e+01,2.098893e+01,2.095446e+01,2.105782e+01,2.103027e+01,2.091308e+01,2.092688e+01,2.086479e+01,2.089239e+01,2.097514e+01,2.087169e+01,2.091308e+01,2.093377e+01,2.098203e+01,2.094067e+01,2.098893e+01,2.076123e+01,2.091308e+01,2.113355e+01,2.096135e+01,2.077505e+01,2.095446e+01,2.094757e+01,2.096825e+01,2.098203e+01,2.109914e+01,2.094067e+01,2.097514e+01,2.100271e+01,2.084409e+01,2.086479e+01,2.095446e+01,2.100271e+01,2.098893e+01,2.101649e+01,2.096135e+01,2.096825e+01,2.092688e+01,2.097514e+01,2.096135e+01,2.111979e+01,2.096825e+01,2.097514e+01,2.107160e+01,2.094067e+01,2.099582e+01,2.102338e+01,2.102338e+01,2.108537e+01,2.105094e+01,2.096135e+01,2.103716e+01,2.105094e+01,2.107160e+01,2.120235e+01,2.109225e+01,2.111291e+01,2.114732e+01,2.114732e+01,2.107848e+01,2.105094e+01,2.114732e+01,2.106471e+01,2.110602e+01,2.118172e+01,2.105782e+01,2.108537e+01,2.114044e+01,2.114732e+01,2.112667e+01,2.103027e+01,2.099582e+01,2.118860e+01,2.112667e+01,2.105094e+01,2.119548e+01,2.117484e+01,2.109914e+01,2.113355e+01,2.117484e+01,2.100271e+01,2.104405e+01,2.100960e+01,2.106471e+01,2.107160e+01,2.107848e+01,2.093377e+01,2.109225e+01,2.099582e+01,2.098893e+01,2.107848e+01,2.103716e+01,2.100271e+01,2.105094e+01,2.100960e+01,2.103716e+01,2.107848e+01,2.103027e+01,2.106471e+01,2.100271e+01,2.098203e+01,2.111291e+01,2.107160e+01,2.109914e+01,2.092688e+01,2.091998e+01,2.103716e+01,2.104405e+01,2.096825e+01,2.093377e+01,2.103716e+01,2.107160e+01
2.120923e+01,2.107160e+01,2.103716e+01,2.096825e+01,2.111979e+01,2.100960e+01,2.113355e+01,2.101649e+01,2.098893e+01,2.101649e+01,2.105782e+01,2.109914e+01,2.098203e+01,2.094757e+01,2.093377e+01,2.100960e+01,2.112667e+01,2.108537e+01,2.109914e+01,2.107160e+01,2.107160e+01,2.089929e+01,2.116796e+01,2.107848e+01,2.097514e+01,2.102338e+01,2.100271e+01,2.100271e+01,2.105782e+01,2.106471e+01,2.104405e+01,2.103027e+01,2.117484e+01,2.101649e+01,2.101649e+01,2.115420e+01,2.105782e+01,2.102338e+01,2.119548e+01,2.105782e+01,2.100271e+01,2.107848e+01,2.114044e+01,2.110602e+01,2.098893e+01,2.102338e+01,2.115420e+01,2.109225e+01,2.114044e+01,2.112667e+01,2.128485e+01,2.114044e+01,2.107848e+01,2.114732e+01,2.105782e+01,2.109225e+01,2.106471e+01,2.118172e+01,2.109914e+01,2.111291e+01,2.107160e+01,2.108537e+01,2.127798e+01,2.119548e+01,2.122986e+01,2.120923e+01,2.114044e+01,2.120235e+01,2.116796e+01,2.109914e+01,2.114044e+01,2.114044e+01,2.116108e+01,2.111979e+01,2.104405e+01,2.109225e+01,2.108537e+01,2.116796e+01,2.107848e+01,2.118860e+01,2.112667e+01,2.112667e+01,2.100960e+01,2.106471e+01,2.118860e+01,2.108537e+01,2.118860e+01,2.105094e+01,2.109225e+01,2.123674e+01,2.123674e+01,2.109225e+01,2.111291e+01,2.114732e+01,2.105782e+01,2.121611e+01,2.107848e+01,2.113355e+01,2.110602e+01,2.122298e+01,2.111979e+01,2.119548e+01,2.109225e+01,2.108537e+01,2.106471e+01,2.114044e+01,2.122986e+01,2.115420e+01,2.112667e+01,2.112667e+01,2.111979e+01,2.127110e+01,2.129172e+01,2.114044e+01,2.125048e+01,2.115420e+01,2.116796e+01,2.137415e+01,2.119548e+01,2.120235e+01,2.129859e+01,2.115420e+01,2.127110e+01,2.113355e+01,2.127798e+01,2.117484e+01,2.128485e+01,2.128485e+01,2.129859e+01,2.124361e+01,2.122986e+01,2.116796e+01,2.112667e+01,2.116108e+01,2.116108e+01,2.116108e+01,2.120923e+01,2.113355e+01,2.114732e+01,2.111291e+01,2.108537e+01,2.109914e+01,2.116108e+01,2.109225e+01,2.112667e+01,2.115420e+01,2.112667e+01,2.118172e+01,2.122298e+01,2.115420e+01,2.108537e+01,2.115420e+01,2.114044e+01,2.113355e+01,2.116108e+01,2.118172e+01,2.109225e+01,2.105782e+01,2.110602e+01,2.114044e+01,2.108537e+01,2.113355e+01,2.116796e+01,2.118172e+01,2.120235e+01,2.120235e+01,2.114732e+01,2.121611e+01,2.107848e+01,2.118860e+01,2.114044e+01,2.112667e+01,2.112667e+01,2.124361e+01,2.124361e+01,2.127798e+01,2.130546e+01,2.136728e+01,2.148394e+01,2.149766e+01,2.136728e+01,2.153194e+01,2.168264e+01,2.200386e+01,2.202432e+01,2.214024e+01,2.235807e+01,2.256865e+01,2.253472e+01,2.221517e+01,2.144278e+01,2.050533e+01,1.990800e+01,1.987316e+01,1.983134e+01,1.987316e+01,1.992193e+01,1.979647e+01,1.979647e+01,1.977555e+01,1.977555e+01,1.976160e+01,1.993586e+01,1.974764e+01,1.972671e+01,1.973369e+01,1.975462e+01,1.992193e+01,1.983831e+01,1.990103e+01,1.988710e+01,1.988013e+01,2.002636e+01,1.998460e+01,2.030430e+01,2.065065e+01,2.067139e+01,2.053995e+01,2.052610e+01,2.049148e+01,2.059531e+01,2.053995e+01,2.078886e+01,2.058148e+01,2.070596e+01,2.069905e+01,2.069213e+01,2.068522e+01,2.067831e+01,2.063682e+01,2.065065e+01,2.060223e+01,2.074742e+01,2.051225e+01,2.053995e+01,2.053303e+01,2.049840e+01,2.050533e+01,2.054687e+01,2.055379e+01,2.058840e+01,2.060223e+01,2.048455e+01,2.054687e+01,2.050533e+01,2.047762e+01,2.049148e+01,2.052610e+01,2.043605e+01,2.053995e+01,2.060223e+01,2.065757e+01,2.065065e+01,2.069213e+01,2.078886e+01,2.063682e+01,2.077505e+01,2.078886e+01,2.080957e+01,2.074742e+01,2.077505e+01,2.073360e+01,2.070596e+01,2.071287e+01,2.070596e+01,2.058840e+01,2.055379e+01,2.047762e+01,2.049840e+01,2.058840e+01,2.056071e+01,2.057456e+01,2.056763e+01,2.076814e+01,2.046377e+01,2.051225e+01,2.056071e+01,2.053995e+01,2.043605e+01,2.054687e+01,2.057456e+01,2.045684e+01,2.049148e+01,2.047762e+01,2.036673e+01,2.045684e+01,2.041526e+01,2.045684e+01,2.042912e+01,2.039447e+01,2.039447e+01,2.047762e+01,2.042912e+01,2.060223e+01,2.036673e+01,2.040833e+01,2.043605e+01,2.044298e+01,2.036673e+01,2.038753e+01,2.030430e+01,2.040833e+01,2.036673e+01,2.036673e+01,2.039447e+01,2.038060e+01,2.038753e+01,2.040833e+01,2.035980e+01,2.038060e+01,2.042219e+01,2.029736e+01,2.028348e+01,2.047070e+01,2.045684e+01,2.033899e+01,2.031124e+01,2.033899e+01,2.036673e+01,2.033205e+01,2.035286e+01,2.038753e+01,2.033205e+01,2.031818e+01,2.037366e+01,2.026960e+01,2.027654e+01,2.039447e+01,2.040833e+01,2.039447e+01,2.037366e+01,2.035286e+01,2.040140e+01,2.046377e+01,2.042912e+01,2.042219e+01,2.044298e+01,2.057456e+01,2.049148e+01,2.046377e+01,2.044298e+01,2.056071e+01,2.046377e+01,2.047070e+01,2.056071e+01,2.049148e+01,2.037366e+01,2.048455e+01,2.040833e+01,2.043605e+01,2.053303e+01,2.051225e+01,2.044298e+01,2.051918e+01,2.054687e+01,2.044298e+01,2.032512e+01,2.038060e+01,2.033205e+01,2.049840e+01,2.053995e+01,2.044298e+01,2.038060e+01,2.045684e+01,2.042219e+01,2.041526e+01,2.051225e+01,2.039447e+01,2.047762e+01,2.049148e+01,2.037366e+01,2.046377e+01,2.040140e+01,2.038753e+01,2.042912e+01,2.051225e+01,2.051918e+01,2.032512e+01,2.047070e+01,2.047070e+01,2.049840e+01,2.045684e+01,2.042912e+01,2.052610e+01,2.053303e+01,2.040140e+01,2.047762e+01,2.051225e+01,2.045684e+01,2.038060e+01,2.037366e+01,2.042219e+01,2.044298e+01,2.049840e+01,2.048455e+01,2.053303e+01,2.058840e+01,2.051918e+01,2.049840e+01,2.049148e+01,2.049840e+01,2.056071e+01,2.062299e+01,2.049840e+01,2.062990e+01,2.048455e+01,2.062990e+01,2.056071e+01,2.053303e+01,2.059531e+01,2.061607e+01,2.052610e+01,2.064374e+01,2.072669e+01,2.060915e+01,2.065757e+01,2.062299e+01,2.056763e+01,2.062990e+01,2.066448e+01,2.063682e+01,2.067139e+01,2.059531e+01,2.070596e+01,2.069213e+01,2.055379e+01,2.069905e+01,2.071287e+01,2.062299e+01,2.071978e+01,2.071978e+01,2.066448e+01,2.069905e+01,2.074051e+01,2.068522e+01,2.062990e+01,2.065065e+01,2.058840e+01,2.064374e+01,2.052610e+01,2.067831e+01,2.059531e+01,2.066448e+01,2.059531e+01,2.058840e+01,2.059531e+01,2.058840e+01,2.062990e+01,2.071978e+01,2.076123e+01,2.080267e+01,2.069905e+01,2.074051e+01,2.070596e+01,2.067831e+01,2.073360e+01,2.069905e+01,2.076123e+01,2.065757e+01,2.065757e+01,2.065065e+01,2.058148e+01,2.053303e+01,2.054687e+01,2.043605e+01,2.027654e+01,2.029042e+01,2.025571e+01,2.022794e+01,2.029042e+01,2.019321e+01,2.015848e+01,2.009591e+01,2.006810e+01,2.005419e+01,2.017932e+01,2.011677e+01,2.013763e+01,2.009591e+01,2.022100e+01,2.010982e+01,2.014458e+01,2.004027e+01,2.016542e+01,2.004027e+01,2.008896e+01,2.017932e+01,2.004723e+01,2.009591e+01,1.997764e+01,1.999156e+01,2.013068e+01,2.013068e+01,2.013068e+01,2.004723e+01,2.008896e+01,2.009591e+01,2.013068e+01,2.031124e+01,2.035286e+01,2.051225e+01,2.058840e+01,2.076123e+01,2.117484e+01,2.124361e+01,2.150451e+01,2.164841e+01,2.155250e+01,2.169633e+01,2.170318e+01,2.162102e+01,2.162102e+01,2.135355e+01,2.147022e+01,2.121611e+01,2.122986e+01,2.112667e+01,2.114732e+01,2.117484e+01,2.116108e+01,2.117484e+01,2.118172e+01,2.116108e+01,2.102338e+01,2.099582e+01,2.100960e+01,2.098893e+01,2.100960e+01,2.103027e+01,2.102338e+01,2.099582e+01,2.095446e+01,2.091998e+01,2.090619e+01,2.094067e+01,2.095446e+01,2.088549e+01,2.091308e+01,2.090619e+01,2.087169e+01,2.087169e+01,2.095446e+01,2.089239e+01,2.097514e+01,2.103716e+01,2.096135e+01,2.097514e+01,2.091998e+01,2.094067e+01,2.094067e+01,2.097514e+01,2.107160e+01,2.096825e+01,2.103027e+01,2.099582e+01,2.093377e+01,2.089929e+01,2.097514e+01,2.099582e+01,2.091308e+01,2.100271e+01,2.091308e+01,2.093377e+01,2.085789e+01,2.085099e+01,2.100960e+01,2.097514e+01,2.091998e+01,2.096135e+01,2.101649e+01,2.097514e+01,2.091308e+01,2.096825e+01,2.096825e+01,2.092688e+01,2.096825e+01,2.100960e+01,2.107848e+01,2.106471e+01,2.122986e+01,2.111979e+01,2.107848e+01,2.115420e+01,2.116108e+01,2.116108e+01,2.108537e+01,2.113355e+01,2.119548e+01,2.105782e+01,2.105782e+01,2.107848e+01,2.111979e+01,2.109914e+01,2.112667e+01,2.120923e+01,2.107160e+01,2.109225e+01,2.103716e+01,2.109914e+01,2.110602e+01,2.119548e+01,2.101649e+01,2.103716e+01,2.104405e+01,2.107848e+01,2.104405e+01,2.096135e+01,2.115420e+01,2.105094e+01,2.107160e+01,2.107160e+01,2.097514e+01,2.093377e+01,2.102338e+01,2.097514e+01,2.096135e+01,2.098203e+01,2.104405e+01,2.104405e+01,2.109225e+01,2.103027e+01,2.110602e+01,2.111291e+01,2.110602e+01,2.111291e+01,2.104405e+01,2.105094e+01,2.103716e+01,2.097514e+01,2.096135e+01,2.109225e+01,2.102338e+01,2.102338e+01,2.116108e+01,2.096135e+01,2.101649e+01,2.095446e+01,2.107160e+01,2.109914e+01,2.109225e+01
2.104405e+01,2.098893e+01,2.102338e+01,2.093377e+01,2.100271e+01,2.103716e+01,2.098893e+01,2.100271e+01,2.099582e+01,2.101649e+01,2.100960e+01,2.107160e+01,2.105094e+01,2.104405e+01,2.109225e+01,2.103716e+01,2.107848e+01,2.105782e+01,2.104405e+01,2.094757e+01,2.094067e+01,2.096825e+01,2.100960e+01,2.099582e+01,2.107848e+01,2.103027e+01,2.103027e+01,2.102338e+01,2.105094e+01,2.104405e+01,2.117484e+01,2.112667e+01,2.096825e+01,2.108537e+01,2.104405e+01,2.102338e+01,2.103716e+01,2.105094e+01,2.089929e+01,2.108537e+01,2.106471e+01,2.109225e+01,2.111979e+01,2.117484e+01,2.111291e+01,2.118172e+01,2.098203e+01,2.115420e+01,2.111291e+01,2.114732e+01,2.112667e+01,2.112667e+01,2.110602e+01,2.103027e+01,2.103716e+01,2.115420e+01,2.120923e+01,2.101649e+01,2.105782e+01,2.118860e+01,2.113355e+01,2.107848e+01,2.108537e+01,2.121611e+01,2.108537e+01,2.112667e+01,2.112667e+01,2.109914e+01,2.100271e+01,2.111291e+01,2.109914e+01,2.116796e+01,2.114044e+01,2.107848e+01,2.113355e+01,2.103027e+01,2.111979e+01,2.109914e+01,2.101649e+01,2.114044e+01,2.109914e+01,2.118860e+01,2.104405e+01,2.113355e+01,2.102338e+01,2.118172e+01,2.109225e+01,2.111291e+01,2.111291e+01,2.120923e+01,2.111979e+01,2.117484e+01,2.117484e+01,2.113355e+01,2.109914e+01,2.112667e+01,2.112667e+01,2.115420e+01,2.114732e+01,2.121611e+01,2.107160e+01,2.111291e+01,2.123674e+01,2.099582e+01,2.114044e+01,2.107848e+01,2.128485e+01,2.112667e+01,2.111291e+01,2.123674e+01,2.115420e+01,2.124361e+01,2.116796e+01,2.114044e+01,2.131920e+01,2.127798e+01,2.129172e+01,2.113355e+01,2.112667e+01,2.120923e+01,2.122298e+01,2.116796e+01,2.111291e+01,2.121611e+01,2.126423e+01,2.112667e+01,2.129859e+01,2.114044e+01,2.120923e+01,2.129172e+01,2.114732e+01,2.116796e+01,2.116796e+01,2.120235e+01,2.118172e+01,2.107160e+01,2.110602e+01,2.111291e+01,2.116108e+01,2.100271e+01,2.112667e+01,2.093377e+01,2.093377e+01,2.121611e+01,2.109914e+01,2.111979e+01,2.114044e+01,2.111291e+01,2.116796e+01,2.112667e+01,2.109225e+01,2.119548e+01,2.116108e+01,2.114732e+01,2.118860e+01,2.122298e+01,2.118172e+01,2.107848e+01,2.098203e+01,2.109225e+01,2.114732e+01,2.114044e+01,2.111979e+01,2.128485e+01,2.109914e+01,2.122298e+01,2.120923e+01,2.120235e+01,2.115420e+01,2.110602e+01,2.123674e+01,2.123674e+01,2.107160e+01,2.119548e+01,2.112667e+01,2.128485e+01,2.127110e+01,2.129859e+01,2.140847e+01,2.135355e+01,2.147708e+01,2.152508e+01,2.166895e+01,2.168264e+01,2.204479e+01,2.202432e+01,2.222879e+01,2.265005e+01,2.266361e+01,2.220836e+01,2.160047e+01,2.061607e+01,1.994283e+01,2.005419e+01,1.992193e+01,1.985922e+01,1.979647e+01,1.985922e+01,1.978950e+01,1.983134e+01,1.983831e+01,1.979647e+01,1.974764e+01,1.988710e+01,1.979647e+01,1.982437e+01,1.988013e+01,1.986619e+01,1.982437e+01,1.995675e+01,1.991496e+01,1.999852e+01,2.030430e+01,2.065065e+01,2.094067e+01,2.090619e+01,2.073360e+01,2.068522e+01,2.066448e+01,2.060915e+01,2.076123e+01,2.058148e+01,2.058840e+01,2.078195e+01,2.070596e+01,2.079576e+01,2.069213e+01,2.065757e+01,2.069905e+01,2.064374e+01,2.064374e+01,2.059531e+01,2.058148e+01,2.051918e+01,2.056071e+01,2.050533e+01,2.051918e+01,2.052610e+01,2.056763e+01,2.054687e+01,2.050533e+01,2.049148e+01,2.049148e+01,2.056071e+01,2.050533e+01,2.056763e+01,2.048455e+01,2.043605e+01,2.051918e+01,2.058148e+01,2.055379e+01,2.069905e+01,2.087169e+01,2.094757e+01,2.078886e+01,2.071978e+01,2.074051e+01,2.076814e+01,2.074742e+01,2.079576e+01,2.077505e+01,2.068522e+01,2.071287e+01,2.069213e+01,2.071978e+01,2.052610e+01,2.067139e+01,2.071287e+01,2.066448e+01,2.048455e+01,2.048455e+01,2.047762e+01,2.044298e+01,2.051918e+01,2.050533e+01,2.052610e+01,2.052610e+01,2.044298e+01,2.039447e+01,2.048455e+01,2.039447e+01,2.049840e+01,2.044298e+01,2.047762e+01,2.033899e+01,2.044298e+01,2.046377e+01,2.047762e+01,2.044298e+01,2.040140e+01,2.037366e+01,2.040140e+01,2.045684e+01,2.044298e+01,2.049148e+01,2.038753e+01,2.037366e+01,2.028348e+01,2.032512e+01,2.039447e+01,2.038753e+01,2.037366e+01,2.036673e+01,2.035286e+01,2.044298e+01,2.034592e+01,2.038753e+01,2.044991e+01,2.036673e+01,2.039447e+01,2.035286e+01,2.030430e+01,2.042912e+01,2.040833e+01,2.046377e+01,2.035286e+01,2.046377e+01,2.034592e+01,2.032512e+01,2.033205e+01,2.047762e+01,2.037366e+01,2.032512e+01,2.035286e+01,2.029042e+01,2.029042e+01,2.025571e+01,2.038753e+01,2.040140e+01,2.024877e+01,2.030430e+01,2.037366e+01,2.041526e+01,2.038060e+01,2.031818e+01,2.031818e+01,2.039447e+01,2.039447e+01,2.057456e+01,2.040833e+01,2.044298e+01,2.041526e+01,2.038753e+01,2.047070e+01,2.053303e+01,2.040140e+01,2.050533e+01,2.042912e+01,2.045684e+01,2.037366e+01,2.038753e+01,2.041526e+01,2.044991e+01,2.042219e+01,2.047762e+01,2.049148e+01,2.053303e+01,2.041526e+01,2.045684e+01,2.047762e+01,2.026960e+01,2.047762e+01,2.044991e+01,2.033205e+01,2.040833e+01,2.046377e+01,2.047762e+01,2.040833e+01,2.044298e+01,2.047070e+01,2.049148e+01,2.040833e+01,2.051918e+01,2.051918e+01,2.053303e+01,2.053995e+01,2.044991e+01,2.042219e+01,2.043605e+01,2.047762e+01,2.053995e+01,2.042219e+01,2.041526e+01,2.038060e+01,2.037366e+01,2.038753e+01,2.038060e+01,2.051225e+01,2.037366e+01,2.047762e+01,2.048455e+01,2.053995e+01,2.043605e+01,2.041526e+01,2.044991e+01,2.043605e+01,2.050533e+01,2.062299e+01,2.060915e+01,2.055379e+01,2.060223e+01,2.056763e+01,2.058148e+01,2.054687e+01,2.053303e+01,2.053303e+01,2.052610e+01,2.060915e+01,2.054687e+01,2.067139e+01,2.065065e+01,2.063682e+01,2.069905e+01,2.051918e+01,2.060223e+01,2.055379e+01,2.062990e+01,2.059531e+01,2.062990e+01,2.064374e+01,2.065065e+01,2.066448e+01,2.065065e+01,2.060223e+01,2.060915e+01,2.059531e+01,2.071287e+01,2.056763e+01,2.061607e+01,2.067139e+01,2.063682e+01,2.069905e+01,2.057456e+01,2.066448e+01,2.067831e+01,2.076123e+01,2.069213e+01,2.066448e+01,2.073360e+01,2.065757e+01,2.057456e+01,2.058840e+01,2.060915e+01,2.061607e+01,2.058148e+01,2.058148e+01,2.060223e+01,2.064374e+01,2.064374e+01,2.071287e+01,2.071978e+01,2.074742e+01,2.067139e+01,2.071287e+01,2.073360e+01,2.069213e+01,2.063682e+01,2.067831e+01,2.058148e+01,2.065065e+01,2.062990e+01,2.065065e+01,2.056071e+01,2.052610e+01,2.050533e+01,2.031818e+01,2.033899e+01,2.034592e+01,2.026266e+01,2.035286e+01,2.024183e+01,2.016542e+01,2.015153e+01,2.002636e+01,2.015153e+01,2.002636e+01,2.015848e+01,2.000548e+01,2.008201e+01,2.005419e+01,2.004027e+01,2.006810e+01,2.006810e+01,2.003332e+01,2.010982e+01,2.019321e+01,2.001244e+01,2.019321e+01,1.993586e+01,1.996371e+01,2.013763e+01,2.004027e+01,2.010287e+01,2.010287e+01,2.013763e+01,2.008201e+01,2.024877e+01,2.032512e+01,2.024183e+01,2.041526e+01,2.040833e+01,2.075432e+01,2.076123e+01,2.119548e+01,2.126423e+01,2.156621e+01,2.171002e+01,2.171686e+01,2.153194e+01,2.174423e+01,2.150451e+01,2.147708e+01,2.144964e+01,2.120923e+01,2.119548e+01,2.119548e+01,2.108537e+01,2.107848e+01,2.116796e+01,2.116796e+01,2.113355e+01,2.117484e+01,2.112667e+01,2.107848e+01,2.098203e+01,2.100960e+01,2.103716e+01,2.105782e+01,2.098203e+01,2.101649e+01,2.103027e+01,2.087859e+01,2.093377e+01,2.103716e+01,2.098893e+01,2.098893e+01,2.087859e+01,2.089929e+01,2.094757e+01,2.095446e+01,2.108537e+01,2.088549e+01,2.089929e+01,2.098893e+01,2.090619e+01,2.096825e+01,2.099582e+01,2.091308e+01,2.091998e+01,2.096825e+01,2.091998e+01,2.092688e+01,2.096135e+01,2.094067e+01,2.096825e+01,2.097514e+01,2.095446e+01,2.100271e+01,2.090619e+01,2.097514e+01,2.094757e+01,2.085789e+01,2.088549e+01,2.096825e+01,2.104405e+01,2.080957e+01,2.094067e+01,2.091998e+01,2.097514e+01,2.096825e+01,2.096135e+01,2.092688e+01,2.094067e+01,2.093377e+01,2.097514e+01,2.106471e+01,2.100271e+01,2.104405e+01,2.093377e+01,2.105782e+01,2.107848e+01,2.108537e+01,2.098893e+01,2.109225e+01,2.100960e+01,2.116108e+01,2.114044e+01,2.104405e+01,2.107160e+01,2.109225e+01,2.127110e+01,2.120235e+01,2.114044e+01,2.109914e+01,2.118860e+01,2.123674e+01,2.108537e+01,2.110602e+01,2.103027e+01,2.120923e+01,2.109914e+01,2.117484e+01,2.118860e+01,2.105094e+01,2.105094e+01,2.106471e+01,2.103716e+01,2.094067e+01,2.089929e+01,2.109225e+01,2.108537e+01,2.105782e+01,2.093377e+01,2.108537e+01,2.106471e+01,2.094757e+01,2.099582e+01,2.115420e+01,2.096135e+01,2.099582e+01,2.090619e+01,2.108537e+01,2.114732e+01,2.094067e+01,2.099582e+01,2.100960e+01,2.100960e+01,2.096135e+01,2.099582e+01,2.099582e+01,2.103027e+01,2.105094e+01,2.101649e+01,2.102338e+01,2.100960e+01,2.106471e+01,2.083719e+01,2.105782e+01,2.107848e+01,2.106471e+01
2.103027e+01,2.118860e+01,2.109914e+01,2.106471e+01,2.100960e+01,2.097514e+01,2.105782e+01,2.090619e+01,2.109914e+01,2.094757e+01,2.105782e+01,2.101649e+01,2.103716e+01,2.105094e+01,2.108537e+01,2.103716e+01,2.114732e+01,2.102338e+01,2.118172e+01,2.114044e+01,2.096825e+01,2.100271e+01,2.098203e+01,2.098203e+01,2.113355e+01,2.103716e+01,2.103716e+01,2.104405e+01,2.105782e+01,2.114044e+01,2.108537e+01,2.113355e+01,2.109914e+01,2.108537e+01,2.109914e+01,2.112667e+01,2.109914e+01,2.118172e+01,2.105094e+01,2.096825e+01,2.107160e+01,2.118172e+01,2.110602e+01,2.111979e+01,2.104405e+01,2.114732e+01,2.114044e+01,2.116796e+01,2.103027e+01,2.112667e+01,2.111979e+01,2.110602e+01,2.098893e+01,2.111291e+01,2.118172e+01,2.114044e+01,2.101649e+01,2.105094e+01,2.121611e+01,2.111291e+01,2.128485e+01,2.126423e+01,2.119548e+01,2.111979e+01,2.117484e+01,2.109225e+01,2.115420e+01,2.111291e+01,2.121611e+01,2.105094e+01,2.107848e+01,2.120235e+01,2.118172e+01,2.116108e+01,2.114044e+01,2.116108e+01,2.118860e+01,2.115420e+01,2.118860e+01,2.112667e+01,2.114732e+01,2.105782e+01,2.104405e+01,2.107160e+01,2.113355e+01,2.114732e+01,2.114044e+01,2.108537e+01,2.113355e+01,2.108537e+01,2.111979e+01,2.120235e+01,2.114732e+01,2.111291e+01,2.111979e+01,2.111979e+01,2.111979e+01,2.105094e+01,2.113355e+01,2.109914e+01,2.114732e+01,2.109914e+01,2.107160e+01,2.106471e+01,2.108537e+01,2.111291e+01,2.107848e+01,2.109914e+01,2.122298e+01,2.115420e+01,2.122298e+01,2.115420e+01,2.122298e+01,2.119548e+01,2.110602e+01,2.111291e+01,2.126423e+01,2.125736e+01,2.126423e+01,2.125048e+01,2.123674e+01,2.122986e+01,2.116108e+01,2.114732e+01,2.125048e+01,2.120235e+01,2.125736e+01,2.116108e+01,2.127110e+01,2.110602e+01,2.118172e+01,2.120235e+01,2.131233e+01,2.110602e+01,2.127798e+01,2.111979e+01,2.109914e+01,2.114044e+01,2.122986e+01,2.119548e+01,2.119548e+01,2.118860e+01,2.118860e+01,2.117484e+01,2.109914e+01,2.120235e+01,2.119548e+01,2.118172e+01,2.106471e+01,2.118172e+01,2.115420e+01,2.112667e+01,2.114044e+01,2.111979e+01,2.122298e+01,2.109914e+01,2.115420e+01,2.116796e+01,2.111979e+01,2.104405e+01,2.115420e+01,2.129859e+01,2.109914e+01,2.108537e+01,2.113355e+01,2.113355e+01,2.118860e+01,2.119548e+01,2.121611e+01,2.116108e+01,2.118860e+01,2.116796e+01,2.121611e+01,2.126423e+01,2.128485e+01,2.127110e+01,2.127798e+01,2.129172e+01,2.127110e+01,2.136728e+01,2.156621e+01,2.150451e+01,2.171002e+01,2.181945e+01,2.203797e+01,2.212661e+01,2.237847e+01,2.267717e+01,2.267717e+01,2.223560e+01,2.149080e+01,2.064374e+01,2.003332e+01,1.999156e+01,1.994979e+01,2.004723e+01,1.981042e+01,1.982437e+01,1.986619e+01,1.983831e+01,1.985922e+01,1.984528e+01,1.979647e+01,1.983831e+01,1.985922e+01,1.985922e+01,1.988710e+01,1.995675e+01,1.991496e+01,2.001940e+01,2.014458e+01,2.061607e+01,2.099582e+01,2.153194e+01,2.118172e+01,2.090619e+01,2.074742e+01,2.074742e+01,2.089929e+01,2.075432e+01,2.083028e+01,2.078195e+01,2.071287e+01,2.069213e+01,2.084409e+01,2.076814e+01,2.080957e+01,2.069213e+01,2.076123e+01,2.062990e+01,2.060915e+01,2.061607e+01,2.058840e+01,2.059531e+01,2.051225e+01,2.051918e+01,2.052610e+01,2.053303e+01,2.053303e+01,2.060915e+01,2.060915e+01,2.053303e+01,2.051225e+01,2.051225e+01,2.050533e+01,2.047070e+01,2.059531e+01,2.072669e+01,2.063682e+01,2.065065e+01,2.067139e+01,2.085789e+01,2.082338e+01,2.089239e+01,2.081648e+01,2.071287e+01,2.083028e+01,2.085099e+01,2.080267e+01,2.076123e+01,2.062990e+01,2.054687e+01,2.074742e+01,2.053995e+01,2.072669e+01,2.053303e+01,2.060223e+01,2.052610e+01,2.049148e+01,2.054687e+01,2.060223e+01,2.047762e+01,2.055379e+01,2.055379e+01,2.039447e+01,2.053303e+01,2.040140e+01,2.054687e+01,2.044298e+01,2.048455e+01,2.047070e+01,2.045684e+01,2.047762e+01,2.047070e+01,2.048455e+01,2.038060e+01,2.053995e+01,2.035286e+01,2.051918e+01,2.050533e+01,2.041526e+01,2.037366e+01,2.048455e+01,2.042219e+01,2.046377e+01,2.049148e+01,2.037366e+01,2.037366e+01,2.040833e+01,2.042219e+01,2.033899e+01,2.039447e+01,2.040833e+01,2.038060e+01,2.040833e+01,2.034592e+01,2.041526e+01,2.031818e+01,2.034592e+01,2.042219e+01,2.048455e+01,2.040833e+01,2.043605e+01,2.043605e+01,2.031124e+01,2.043605e+01,2.032512e+01,2.033899e+01,2.035286e+01,2.036673e+01,2.042912e+01,2.036673e+01,2.035286e+01,2.049148e+01,2.033899e+01,2.037366e+01,2.025571e+01,2.040140e+01,2.041526e+01,2.026960e+01,2.032512e+01,2.034592e+01,2.039447e+01,2.033205e+01,2.044298e+01,2.049148e+01,2.038753e+01,2.057456e+01,2.044991e+01,2.042912e+01,2.045684e+01,2.048455e+01,2.051225e+01,2.051225e+01,2.037366e+01,2.048455e+01,2.049148e+01,2.045684e+01,2.049840e+01,2.040140e+01,2.043605e+01,2.043605e+01,2.058148e+01,2.049148e+01,2.041526e+01,2.048455e+01,2.054687e+01,2.044991e+01,2.041526e+01,2.051918e+01,2.034592e+01,2.049148e+01,2.051918e+01,2.035980e+01,2.040140e+01,2.043605e+01,2.056763e+01,2.051225e+01,2.046377e+01,2.040140e+01,2.053303e+01,2.049148e+01,2.058840e+01,2.054687e+01,2.044298e+01,2.047762e+01,2.051918e+01,2.042912e+01,2.049148e+01,2.052610e+01,2.047070e+01,2.053995e+01,2.050533e+01,2.040833e+01,2.036673e+01,2.040833e+01,2.038753e+01,2.041526e+01,2.042219e+01,2.053995e+01,2.038753e+01,2.044991e+01,2.042219e+01,2.049840e+01,2.051918e+01,2.052610e+01,2.053303e+01,2.050533e+01,2.052610e+01,2.053995e+01,2.049148e+01,2.057456e+01,2.059531e+01,2.058148e+01,2.058148e+01,2.062990e+01,2.062299e+01,2.059531e+01,2.057456e+01,2.054687e+01,2.062299e+01,2.057456e+01,2.056071e+01,2.060915e+01,2.062299e+01,2.065065e+01,2.068522e+01,2.065757e+01,2.069213e+01,2.067139e+01,2.060915e+01,2.064374e+01,2.060223e+01,2.070596e+01,2.063682e+01,2.070596e+01,2.065757e+01,2.063682e+01,2.071287e+01,2.064374e+01,2.059531e+01,2.066448e+01,2.068522e+01,2.068522e+01,2.076814e+01,2.062990e+01,2.064374e+01,2.058840e+01,2.062299e+01,2.053303e+01,2.067139e+01,2.059531e+01,2.060915e+01,2.058840e+01,2.078195e+01,2.075432e+01,2.071287e+01,2.073360e+01,2.069213e+01,2.067831e+01,2.069905e+01,2.077505e+01,2.067139e+01,2.073360e+01,2.072669e+01,2.069213e+01,2.067831e+01,2.071978e+01,2.064374e+01,2.058840e+01,2.067831e+01,2.060223e+01,2.054687e+01,2.063682e+01,2.047762e+01,2.033899e+01,2.032512e+01,2.029736e+01,2.033899e+01,2.019321e+01,2.028348e+01,2.020016e+01,2.031124e+01,2.006114e+01,2.016542e+01,2.001244e+01,2.010982e+01,2.010287e+01,2.007505e+01,2.006810e+01,2.004027e+01,2.011677e+01,2.006810e+01,2.010982e+01,2.015153e+01,2.005419e+01,2.017237e+01,2.013763e+01,2.016542e+01,2.013068e+01,2.001940e+01,2.005419e+01,2.007505e+01,2.009591e+01,2.013763e+01,2.015848e+01,2.021405e+01,2.020711e+01,2.030430e+01,2.048455e+01,2.069905e+01,2.076123e+01,2.116108e+01,2.125048e+01,2.142906e+01,2.168264e+01,2.176475e+01,2.176475e+01,2.177159e+01,2.164841e+01,2.171686e+01,2.147708e+01,2.152508e+01,2.138101e+01,2.119548e+01,2.125736e+01,2.118860e+01,2.113355e+01,2.127110e+01,2.127798e+01,2.118860e+01,2.125048e+01,2.109914e+01,2.104405e+01,2.107160e+01,2.108537e+01,2.100960e+01,2.099582e+01,2.115420e+01,2.097514e+01,2.107848e+01,2.086479e+01,2.095446e+01,2.091308e+01,2.095446e+01,2.098893e+01,2.091308e+01,2.095446e+01,2.091998e+01,2.093377e+01,2.091308e+01,2.098203e+01,2.087169e+01,2.099582e+01,2.094757e+01,2.099582e+01,2.100271e+01,2.087169e+01,2.100960e+01,2.093377e+01,2.111291e+01,2.089929e+01,2.118860e+01,2.100960e+01,2.096135e+01,2.092688e+01,2.103716e+01,2.094067e+01,2.096135e+01,2.093377e+01,2.096825e+01,2.096825e+01,2.095446e+01,2.096135e+01,2.098893e+01,2.094067e+01,2.096135e+01,2.096135e+01,2.094067e+01,2.093377e+01,2.093377e+01,2.094067e+01,2.091308e+01,2.098893e+01,2.111979e+01,2.104405e+01,2.111291e+01,2.095446e+01,2.103716e+01,2.108537e+01,2.098893e+01,2.114732e+01,2.113355e+01,2.102338e+01,2.108537e+01,2.111291e+01,2.102338e+01,2.113355e+01,2.109914e+01,2.106471e+01,2.108537e+01,2.111291e+01,2.118860e+01,2.114732e+01,2.121611e+01,2.113355e+01,2.109914e+01,2.118860e+01,2.120235e+01,2.118172e+01,2.122986e+01,2.111979e+01,2.110602e+01,2.115420e+01,2.112667e+01,2.114044e+01,2.103716e+01,2.097514e+01,2.105782e+01,2.114044e+01,2.103716e+01,2.100271e+01,2.116796e+01,2.103027e+01,2.094067e+01,2.100960e+01,2.098893e+01,2.100960e+01,2.114732e+01,2.102338e+01,2.112667e+01,2.106471e+01,2.101649e+01,2.100960e+01,2.106471e+01,2.098893e+01,2.101649e+01,2.112667e+01,2.102338e+01,2.104405e+01,2.116796e+01,2.098203e+01,2.102338e+01,2.109225e+01,2.098203e+01,2.106471e+01,2.100271e+01,2.104405e+01,2.110602e+01,2.099582e+01
2.103027e+01,2.107848e+01,2.095446e+01,2.103716e+01,2.114044e+01,2.098203e+01,2.097514e+01,2.125736e+01,2.122298e+01,2.109225e+01,2.098893e+01,2.107160e+01,2.107848e+01,2.108537e+01,2.105094e+01,2.103027e+01,2.105782e+01,2.113355e+01,2.094757e+01,2.119548e+01,2.100960e+01,2.112667e+01,2.103716e+01,2.098893e+01,2.118172e+01,2.112667e+01,2.104405e+01,2.106471e+01,2.095446e+01,2.117484e+01,2.103027e+01,2.096825e+01,2.100271e+01,2.111979e+01,2.111979e+01,2.101649e+01,2.110602e+01,2.105094e+01,2.082338e+01,2.102338e+01,2.102338e+01,2.118172e+01,2.117484e+01,2.106471e+01,2.117484e+01,2.121611e+01,2.105782e+01,2.113355e+01,2.109914e+01,2.104405e+01,2.116108e+01,2.119548e+01,2.116796e+01,2.116796e+01,2.116108e+01,2.118172e+01,2.124361e+01,2.107160e+01,2.127110e+01,2.118172e+01,2.118860e+01,2.127110e+01,2.107848e+01,2.111979e+01,2.120923e+01,2.117484e+01,2.117484e+01,2.114044e+01,2.106471e+01,2.105782e+01,2.114044e+01,2.111979e+01,2.111979e+01,2.111979e+01,2.111291e+01,2.116796e+01,2.113355e+01,2.120235e+01,2.107848e+01,2.116796e+01,2.114044e+01,2.109914e+01,2.114732e+01,2.119548e+01,2.112667e+01,2.124361e+01,2.108537e+01,2.119548e+01,2.112667e+01,2.119548e+01,2.122986e+01,2.121611e+01,2.114732e+01,2.114732e+01,2.111291e+01,2.117484e+01,2.111291e+01,2.114044e+01,2.109914e+01,2.111291e+01,2.116108e+01,2.124361e+01,2.114044e+01,2.110602e+01,2.107848e+01,2.125736e+01,2.111979e+01,2.122298e+01,2.122298e+01,2.116796e+01,2.119548e+01,2.125048e+01,2.117484e+01,2.129859e+01,2.128485e+01,2.110602e+01,2.114044e+01,2.123674e+01,2.125736e+01,2.122298e+01,2.116108e+01,2.124361e+01,2.120235e+01,2.120235e+01,2.117484e+01,2.131233e+01,2.116108e+01,2.122298e+01,2.112667e+01,2.115420e+01,2.117484e+01,2.116796e+01,2.116796e+01,2.116108e+01,2.116108e+01,2.122986e+01,2.132607e+01,2.117484e+01,2.119548e+01,2.119548e+01,2.120235e+01,2.120235e+01,2.120923e+01,2.120235e+01,2.106471e+01,2.116108e+01,2.113355e+01,2.123674e+01,2.114732e+01,2.109914e+01,2.127110e+01,2.124361e+01,2.123674e+01,2.119548e+01,2.122986e+01,2.119548e+01,2.114044e+01,2.105094e+01,2.105094e+01,2.113355e+01,2.114044e+01,2.114732e+01,2.104405e+01,2.118172e+01,2.108537e+01,2.109225e+01,2.115420e+01,2.122986e+01,2.120235e+01,2.122986e+01,2.122986e+01,2.118172e+01,2.121611e+01,2.128485e+01,2.131233e+01,2.127110e+01,2.131920e+01,2.128485e+01,2.144278e+01,2.142220e+01,2.153194e+01,2.149080e+01,2.172371e+01,2.192877e+01,2.200386e+01,2.223560e+01,2.243284e+01,2.271783e+01,2.286004e+01,2.220836e+01,2.161417e+01,2.077505e+01,1.992890e+01,2.000548e+01,1.991496e+01,1.988710e+01,1.992890e+01,1.988710e+01,1.984528e+01,1.986619e+01,1.984528e+01,1.979647e+01,1.983831e+01,1.978253e+01,1.991496e+01,1.985922e+01,1.987316e+01,2.005419e+01,2.006114e+01,2.058840e+01,2.105094e+01,2.158677e+01,2.182629e+01,2.152508e+01,2.124361e+01,2.094757e+01,2.110602e+01,2.089929e+01,2.073360e+01,2.084409e+01,2.089929e+01,2.089239e+01,2.078195e+01,2.085789e+01,2.083028e+01,2.080267e+01,2.071287e+01,2.067831e+01,2.068522e+01,2.063682e+01,2.064374e+01,2.058840e+01,2.058148e+01,2.056071e+01,2.055379e+01,2.079576e+01,2.054687e+01,2.053995e+01,2.049148e+01,2.060223e+01,2.062990e+01,2.053303e+01,2.059531e+01,2.052610e+01,2.056071e+01,2.076123e+01,2.078886e+01,2.080957e+01,2.080957e+01,2.083028e+01,2.084409e+01,2.091998e+01,2.094067e+01,2.083719e+01,2.083719e+01,2.075432e+01,2.084409e+01,2.068522e+01,2.062299e+01,2.070596e+01,2.060915e+01,2.047070e+01,2.070596e+01,2.069905e+01,2.074051e+01,2.058148e+01,2.072669e+01,2.058840e+01,2.056763e+01,2.049840e+01,2.060915e+01,2.052610e+01,2.056071e+01,2.047762e+01,2.051918e+01,2.053995e+01,2.054687e+01,2.055379e+01,2.044991e+01,2.047070e+01,2.047070e+01,2.053995e+01,2.045684e+01,2.055379e+01,2.047762e+01,2.048455e+01,2.048455e+01,2.052610e+01,2.051918e+01,2.053995e+01,2.035286e+01,2.050533e+01,2.041526e+01,2.039447e+01,2.034592e+01,2.048455e+01,2.035980e+01,2.041526e+01,2.038060e+01,2.039447e+01,2.038753e+01,2.040833e+01,2.040833e+01,2.033205e+01,2.041526e+01,2.036673e+01,2.031124e+01,2.035286e+01,2.033205e+01,2.043605e+01,2.040833e+01,2.041526e+01,2.043605e+01,2.025571e+01,2.031818e+01,2.033899e+01,2.049148e+01,2.052610e+01,2.041526e+01,2.037366e+01,2.038060e+01,2.047070e+01,2.033205e+01,2.029042e+01,2.026960e+01,2.040140e+01,2.036673e+01,2.034592e+01,2.035980e+01,2.037366e+01,2.036673e+01,2.035980e+01,2.043605e+01,2.044298e+01,2.040833e+01,2.045684e+01,2.056763e+01,2.054687e+01,2.046377e+01,2.042912e+01,2.042912e+01,2.042219e+01,2.044298e+01,2.050533e+01,2.049148e+01,2.051225e+01,2.049840e+01,2.051225e+01,2.060915e+01,2.049840e+01,2.050533e+01,2.051918e+01,2.049148e+01,2.049148e+01,2.053303e+01,2.049148e+01,2.060223e+01,2.049840e+01,2.044991e+01,2.043605e+01,2.038753e+01,2.038060e+01,2.042219e+01,2.045684e+01,2.041526e+01,2.047070e+01,2.056071e+01,2.041526e+01,2.047762e+01,2.047762e+01,2.048455e+01,2.058840e+01,2.051225e+01,2.050533e+01,2.041526e+01,2.042219e+01,2.045684e+01,2.051918e+01,2.053303e+01,2.049840e+01,2.052610e+01,2.051918e+01,2.049148e+01,2.038753e+01,2.038060e+01,2.040140e+01,2.056071e+01,2.043605e+01,2.046377e+01,2.051918e+01,2.047070e+01,2.044298e+01,2.045684e+01,2.077505e+01,2.057456e+01,2.052610e+01,2.053995e+01,2.058840e+01,2.056763e+01,2.048455e+01,2.053303e+01,2.047070e+01,2.059531e+01,2.056071e+01,2.062299e+01,2.055379e+01,2.056763e+01,2.060915e+01,2.056071e+01,2.056763e+01,2.059531e+01,2.078886e+01,2.056763e+01,2.065065e+01,2.057456e+01,2.062299e+01,2.062299e+01,2.064374e+01,2.052610e+01,2.057456e+01,2.060223e+01,2.065757e+01,2.070596e+01,2.067831e+01,2.073360e+01,2.058840e+01,2.065757e+01,2.060915e+01,2.058148e+01,2.071978e+01,2.062299e+01,2.064374e+01,2.066448e+01,2.067831e+01,2.067139e+01,2.067139e+01,2.062990e+01,2.065065e+01,2.062299e+01,2.065065e+01,2.062990e+01,2.066448e+01,2.062299e+01,2.057456e+01,2.067831e+01,2.065065e+01,2.071978e+01,2.067831e+01,2.071978e+01,2.071978e+01,2.066448e+01,2.073360e+01,2.070596e+01,2.080267e+01,2.072669e+01,2.071978e+01,2.078195e+01,2.051225e+01,2.078886e+01,2.067139e+01,2.061607e+01,2.065065e+01,2.053303e+01,2.033899e+01,2.048455e+01,2.044991e+01,2.038060e+01,2.035286e+01,2.038753e+01,2.016542e+01,2.017237e+01,2.015848e+01,2.025571e+01,2.020016e+01,2.026266e+01,2.009591e+01,2.008896e+01,2.013763e+01,2.010287e+01,2.008201e+01,2.006114e+01,2.029042e+01,2.008896e+01,2.006810e+01,2.019321e+01,2.028348e+01,2.017237e+01,2.026960e+01,2.015153e+01,2.004027e+01,2.002636e+01,2.001940e+01,2.009591e+01,2.009591e+01,2.004723e+01,2.020711e+01,2.027654e+01,2.044298e+01,2.033205e+01,2.040140e+01,2.075432e+01,2.079576e+01,2.127798e+01,2.132607e+01,2.164157e+01,2.168264e+01,2.179894e+01,2.181945e+01,2.194925e+01,2.162787e+01,2.162787e+01,2.151823e+01,2.144964e+01,2.136041e+01,2.128485e+01,2.109225e+01,2.117484e+01,2.118860e+01,2.116108e+01,2.116796e+01,2.118860e+01,2.125736e+01,2.121611e+01,2.111979e+01,2.104405e+01,2.105094e+01,2.103716e+01,2.101649e+01,2.101649e+01,2.097514e+01,2.105782e+01,2.111291e+01,2.094067e+01,2.101649e+01,2.096135e+01,2.094757e+01,2.089929e+01,2.096825e+01,2.089929e+01,2.088549e+01,2.108537e+01,2.110602e+01,2.089239e+01,2.091998e+01,2.094067e+01,2.103716e+01,2.089929e+01,2.089239e+01,2.112667e+01,2.118172e+01,2.095446e+01,2.096135e+01,2.095446e+01,2.104405e+01,2.093377e+01,2.097514e+01,2.100271e+01,2.096135e+01,2.098893e+01,2.089239e+01,2.100960e+01,2.100271e+01,2.093377e+01,2.089929e+01,2.098893e+01,2.095446e+01,2.095446e+01,2.094757e+01,2.097514e+01,2.098203e+01,2.087169e+01,2.093377e+01,2.103027e+01,2.101649e+01,2.111979e+01,2.105782e+01,2.105782e+01,2.098893e+01,2.098203e+01,2.109914e+01,2.107160e+01,2.104405e+01,2.113355e+01,2.111979e+01,2.120235e+01,2.118860e+01,2.103027e+01,2.104405e+01,2.114044e+01,2.114732e+01,2.111979e+01,2.116796e+01,2.118860e+01,2.130546e+01,2.119548e+01,2.116796e+01,2.126423e+01,2.119548e+01,2.122986e+01,2.125048e+01,2.105094e+01,2.117484e+01,2.098203e+01,2.116108e+01,2.104405e+01,2.131233e+01,2.105782e+01,2.105782e+01,2.095446e+01,2.104405e+01,2.105782e+01,2.111979e+01,2.107160e+01,2.099582e+01,2.098893e+01,2.095446e+01,2.102338e+01,2.091308e+01,2.109914e+01,2.098203e+01,2.111291e+01,2.105094e+01,2.105094e+01,2.104405e+01,2.107848e+01,2.100271e+01,2.101649e+01,2.098893e+01,2.103027e+01,2.099582e+01,2.100960e+01,2.103716e+01,2.105094e+01,2.095446e+01,2.096825e+01,2.118172e+01,2.101649e+01,2.099582e+01,2.107848e+01,2.106471e+01
2.105094e+01,2.104405e+01,2.103027e+01,2.098893e+01,2.101649e+01,2.104405e+01,2.098893e+01,2.088549e+01,2.107160e+01,2.103716e+01,2.107160e+01,2.107848e+01,2.106471e+01,2.109225e+01,2.103027e+01,2.105782e+01,2.100271e+01,2.098203e+01,2.098203e+01,2.104405e+01,2.096825e+01,2.104405e+01,2.114044e+01,2.117484e+01,2.098203e+01,2.106471e+01,2.111291e+01,2.111291e+01,2.103716e+01,2.109225e+01,2.108537e+01,2.109914e+01,2.110602e+01,2.119548e+01,2.096825e+01,2.121611e+01,2.111291e+01,2.106471e+01,2.104405e+01,2.100960e+01,2.110602e+01,2.117484e+01,2.105094e+01,2.110602e+01,2.101649e+01,2.109914e+01,2.111291e+01,2.102338e+01,2.114732e+01,2.114732e+01,2.109225e+01,2.118860e+01,2.118172e+01,2.111979e+01,2.108537e+01,2.118860e+01,2.118172e+01,2.113355e+01,2.119548e+01,2.108537e+01,2.105782e+01,2.114732e+01,2.122298e+01,2.112667e+01,2.114732e+01,2.114044e+01,2.109914e+01,2.123674e+01,2.107848e+01,2.105782e+01,2.120235e+01,2.111291e+01,2.122986e+01,2.119548e+01,2.117484e+01,2.114044e+01,2.114044e+01,2.109225e+01,2.113355e+01,2.104405e+01,2.106471e+01,2.108537e+01,2.109225e+01,2.116796e+01,2.113355e+01,2.104405e+01,2.107160e+01,2.116796e+01,2.112667e+01,2.105782e+01,2.109225e+01,2.114732e+01,2.114044e+01,2.103716e+01,2.105094e+01,2.125048e+01,2.115420e+01,2.112667e+01,2.113355e+01,2.116796e+01,2.107848e+01,2.114044e+01,2.111979e+01,2.114044e+01,2.115420e+01,2.116796e+01,2.118172e+01,2.119548e+01,2.119548e+01,2.116796e+01,2.118860e+01,2.114044e+01,2.117484e+01,2.117484e+01,2.131233e+01,2.133294e+01,2.120923e+01,2.114732e+01,2.129172e+01,2.124361e+01,2.112667e+01,2.118172e+01,2.113355e+01,2.116796e+01,2.120923e+01,2.120923e+01,2.111979e+01,2.110602e+01,2.123674e+01,2.110602e+01,2.114732e+01,2.114044e+01,2.113355e+01,2.110602e+01,2.114732e+01,2.117484e+01,2.125048e+01,2.128485e+01,2.118860e+01,2.116108e+01,2.117484e+01,2.121611e+01,2.115420e+01,2.114732e+01,2.117484e+01,2.106471e+01,2.116796e+01,2.119548e+01,2.121611e+01,2.111979e+01,2.130546e+01,2.109225e+01,2.122298e+01,2.119548e+01,2.116796e+01,2.116108e+01,2.120235e+01,2.108537e+01,2.104405e+01,2.113355e+01,2.114732e+01,2.114044e+01,2.109225e+01,2.122986e+01,2.104405e+01,2.111291e+01,2.113355e+01,2.118860e+01,2.122298e+01,2.109914e+01,2.107848e+01,2.116108e+01,2.108537e+01,2.123674e+01,2.129172e+01,2.136041e+01,2.127798e+01,2.124361e+01,2.131233e+01,2.150451e+01,2.133981e+01,2.151823e+01,2.164157e+01,2.181945e+01,2.197656e+01,2.231046e+01,2.231726e+01,2.262292e+01,2.269073e+01,2.222879e+01,2.127110e+01,2.065065e+01,2.005419e+01,1.997764e+01,2.001244e+01,1.996371e+01,1.992193e+01,1.989407e+01,1.987316e+01,1.986619e+01,2.006114e+01,1.990103e+01,1.992193e+01,1.987316e+01,1.993586e+01,2.016542e+01,2.003332e+01,2.057456e+01,2.098203e+01,2.162102e+01,2.207889e+01,2.237167e+01,2.201750e+01,2.158677e+01,2.113355e+01,2.097514e+01,2.093377e+01,2.088549e+01,2.093377e+01,2.093377e+01,2.080957e+01,2.091308e+01,2.081648e+01,2.067831e+01,2.069213e+01,2.069905e+01,2.069213e+01,2.079576e+01,2.055379e+01,2.061607e+01,2.055379e+01,2.062299e+01,2.057456e+01,2.054687e+01,2.049148e+01,2.056071e+01,2.053995e+01,2.047762e+01,2.052610e+01,2.058840e+01,2.072669e+01,2.051918e+01,2.065065e+01,2.062990e+01,2.072669e+01,2.080267e+01,2.081648e+01,2.086479e+01,2.085099e+01,2.085789e+01,2.082338e+01,2.082338e+01,2.065757e+01,2.093377e+01,2.083719e+01,2.071978e+01,2.062990e+01,2.057456e+01,2.058148e+01,2.059531e+01,2.061607e+01,2.063682e+01,2.047070e+01,2.064374e+01,2.060223e+01,2.053995e+01,2.062299e+01,2.051918e+01,2.051225e+01,2.053303e+01,2.055379e+01,2.054687e+01,2.054687e+01,2.048455e+01,2.065757e+01,2.054687e+01,2.053303e+01,2.051918e+01,2.053303e+01,2.053995e+01,2.057456e+01,2.054687e+01,2.043605e+01,2.043605e+01,2.047762e+01,2.042219e+01,2.042912e+01,2.054687e+01,2.049840e+01,2.040140e+01,2.050533e+01,2.042912e+01,2.037366e+01,2.037366e+01,2.037366e+01,2.046377e+01,2.037366e+01,2.036673e+01,2.038753e+01,2.039447e+01,2.031124e+01,2.033205e+01,2.038060e+01,2.035286e+01,2.035286e+01,2.040140e+01,2.044298e+01,2.034592e+01,2.031124e+01,2.035286e+01,2.046377e+01,2.044991e+01,2.030430e+01,2.044991e+01,2.045684e+01,2.033899e+01,2.040833e+01,2.038060e+01,2.035286e+01,2.039447e+01,2.050533e+01,2.038060e+01,2.037366e+01,2.035286e+01,2.036673e+01,2.041526e+01,2.036673e+01,2.039447e+01,2.038753e+01,2.033899e+01,2.035286e+01,2.037366e+01,2.035286e+01,2.035286e+01,2.038753e+01,2.041526e+01,2.047762e+01,2.046377e+01,2.044298e+01,2.042219e+01,2.047762e+01,2.036673e+01,2.049148e+01,2.035980e+01,2.034592e+01,2.049840e+01,2.047762e+01,2.038753e+01,2.044991e+01,2.050533e+01,2.047762e+01,2.055379e+01,2.041526e+01,2.051225e+01,2.047762e+01,2.059531e+01,2.044298e+01,2.044298e+01,2.044298e+01,2.044298e+01,2.043605e+01,2.044991e+01,2.042219e+01,2.043605e+01,2.045684e+01,2.049840e+01,2.037366e+01,2.049148e+01,2.047762e+01,2.041526e+01,2.052610e+01,2.044298e+01,2.057456e+01,2.045684e+01,2.047762e+01,2.042912e+01,2.049148e+01,2.044991e+01,2.051918e+01,2.051225e+01,2.044298e+01,2.051225e+01,2.038753e+01,2.040140e+01,2.042219e+01,2.022100e+01,2.035286e+01,2.043605e+01,2.044298e+01,2.044298e+01,2.046377e+01,2.043605e+01,2.038753e+01,2.053303e+01,2.052610e+01,2.051918e+01,2.054687e+01,2.052610e+01,2.051918e+01,2.055379e+01,2.050533e+01,2.051225e+01,2.057456e+01,2.058148e+01,2.056763e+01,2.062990e+01,2.062990e+01,2.059531e+01,2.059531e+01,2.056071e+01,2.071287e+01,2.057456e+01,2.055379e+01,2.051225e+01,2.063682e+01,2.063682e+01,2.062299e+01,2.062299e+01,2.054687e+01,2.062990e+01,2.049148e+01,2.068522e+01,2.067831e+01,2.047070e+01,2.071287e+01,2.073360e+01,2.060915e+01,2.064374e+01,2.062990e+01,2.069905e+01,2.073360e+01,2.070596e+01,2.070596e+01,2.071978e+01,2.069213e+01,2.075432e+01,2.067139e+01,2.066448e+01,2.067139e+01,2.061607e+01,2.044298e+01,2.064374e+01,2.062299e+01,2.064374e+01,2.062299e+01,2.062299e+01,2.058840e+01,2.074742e+01,2.080267e+01,2.065757e+01,2.068522e+01,2.067831e+01,2.065757e+01,2.072669e+01,2.071287e+01,2.094067e+01,2.069905e+01,2.058840e+01,2.074051e+01,2.060223e+01,2.063682e+01,2.046377e+01,2.061607e+01,2.051918e+01,2.044991e+01,2.042912e+01,2.040140e+01,2.029736e+01,2.025571e+01,2.023489e+01,2.020016e+01,2.016542e+01,2.014458e+01,2.013763e+01,2.023489e+01,2.005419e+01,2.019321e+01,2.006810e+01,2.006114e+01,2.001940e+01,2.006810e+01,2.004723e+01,2.006114e+01,1.999156e+01,1.998460e+01,2.006114e+01,2.003332e+01,2.015848e+01,2.008201e+01,2.004027e+01,2.006810e+01,2.006114e+01,2.001940e+01,2.006810e+01,2.022100e+01,2.026266e+01,2.017932e+01,2.026266e+01,2.044991e+01,2.076814e+01,2.085789e+01,2.113355e+01,2.123674e+01,2.162787e+01,2.168264e+01,2.182629e+01,2.183996e+01,2.190828e+01,2.185363e+01,2.178527e+01,2.158677e+01,2.146336e+01,2.151823e+01,2.146336e+01,2.138101e+01,2.121611e+01,2.114044e+01,2.115420e+01,2.109225e+01,2.124361e+01,2.125736e+01,2.119548e+01,2.119548e+01,2.116796e+01,2.118860e+01,2.104405e+01,2.105094e+01,2.105094e+01,2.103027e+01,2.100960e+01,2.097514e+01,2.100271e+01,2.096135e+01,2.100271e+01,2.103027e+01,2.094757e+01,2.085789e+01,2.098203e+01,2.096825e+01,2.090619e+01,2.087859e+01,2.094757e+01,2.091998e+01,2.102338e+01,2.085099e+01,2.086479e+01,2.094067e+01,2.094067e+01,2.088549e+01,2.089929e+01,2.100960e+01,2.093377e+01,2.099582e+01,2.086479e+01,2.096135e+01,2.093377e+01,2.091998e+01,2.091998e+01,2.090619e+01,2.100271e+01,2.090619e+01,2.099582e+01,2.095446e+01,2.100271e+01,2.097514e+01,2.099582e+01,2.096825e+01,2.097514e+01,2.096135e+01,2.091308e+01,2.092688e+01,2.094067e+01,2.088549e+01,2.093377e+01,2.110602e+01,2.102338e+01,2.113355e+01,2.087169e+01,2.104405e+01,2.103716e+01,2.098893e+01,2.098203e+01,2.105782e+01,2.111291e+01,2.109914e+01,2.111979e+01,2.109914e+01,2.116796e+01,2.107160e+01,2.108537e+01,2.111291e+01,2.124361e+01,2.121611e+01,2.116108e+01,2.118860e+01,2.116108e+01,2.120235e+01,2.109914e+01,2.109225e+01,2.109225e+01,2.118860e+01,2.108537e+01,2.113355e+01,2.099582e+01,2.112667e+01,2.108537e+01,2.117484e+01,2.105782e+01,2.118172e+01,2.104405e+01,2.114044e+01,2.100271e+01,2.100960e+01,2.104405e+01,2.103027e+01,2.116108e+01,2.102338e+01,2.110602e+01,2.114044e+01,2.106471e+01,2.104405e+01,2.104405e+01,2.097514e+01,2.100960e+01,2.091308e+01,2.098203e+01,2.098893e+01,2.107848e+01,2.102338e+01,2.103027e+01,2.096135e+01,2.095446e+01,2.107160e+01,2.112667e+01,2.097514e+01,2.096825e+01,2.106471e+01,2.093377e+01,2.103027e+01,2.098893e+01
2.104405e+01,2.100960e+01,2.112667e+01,2.105094e+01,2.100960e+01,2.107848e+01,2.096825e+01,2.092688e+01,2.139474e+01,2.117484e+01,2.105782e+01,2.107160e+01,2.107848e+01,2.092688e+01,2.103027e+01,2.105782e+01,2.105094e+01,2.103716e+01,2.095446e+01,2.094757e+01,2.102338e+01,2.098893e+01,2.103716e+01,2.111979e+01,2.107160e+01,2.100271e+01,2.100960e+01,2.109914e+01,2.091308e+01,2.107160e+01,2.111979e+01,2.111291e+01,2.106471e+01,2.107848e+01,2.103027e+01,2.116108e+01,2.105782e+01,2.105094e+01,2.101649e+01,2.119548e+01,2.106471e+01,2.114732e+01,2.121611e+01,2.123674e+01,2.116796e+01,2.114732e+01,2.105782e+01,2.103027e+01,2.108537e+01,2.098203e+01,2.100960e+01,2.117484e+01,2.107160e+01,2.112667e+01,2.111979e+01,2.109225e+01,2.125048e+01,2.109914e+01,2.115420e+01,2.105094e+01,2.118860e+01,2.109914e+01,2.108537e+01,2.114044e+01,2.121611e+01,2.117484e+01,2.114044e+01,2.108537e+01,2.103027e+01,2.109914e+01,2.109914e+01,2.100271e+01,2.113355e+01,2.110602e+01,2.110602e+01,2.111291e+01,2.111979e+01,2.112667e+01,2.113355e+01,2.109225e+01,2.103027e+01,2.111979e+01,2.105094e+01,2.111979e+01,2.115420e+01,2.122986e+01,2.109914e+01,2.107160e+01,2.109914e+01,2.109914e+01,2.113355e+01,2.113355e+01,2.103027e+01,2.114044e+01,2.111291e+01,2.111979e+01,2.111979e+01,2.109914e+01,2.113355e+01,2.105094e+01,2.107848e+01,2.106471e+01,2.108537e+01,2.118860e+01,2.110602e+01,2.118172e+01,2.113355e+01,2.123674e+01,2.138101e+01,2.123674e+01,2.113355e+01,2.118172e+01,2.129172e+01,2.108537e+01,2.131920e+01,2.133294e+01,2.120235e+01,2.123674e+01,2.135355e+01,2.120923e+01,2.105094e+01,2.122986e+01,2.121611e+01,2.121611e+01,2.118172e+01,2.117484e+01,2.110602e+01,2.112667e+01,2.114732e+01,2.109225e+01,2.109914e+01,2.111291e+01,2.116108e+01,2.115420e+01,2.109225e+01,2.112667e+01,2.113355e+01,2.103716e+01,2.117484e+01,2.118860e+01,2.107848e+01,2.101649e+01,2.116796e+01,2.120235e+01,2.118860e+01,2.116108e+01,2.117484e+01,2.120923e+01,2.116796e+01,2.120235e+01,2.129859e+01,2.105094e+01,2.122298e+01,2.122986e+01,2.115420e+01,2.111291e+01,2.110602e+01,2.107848e+01,2.104405e+01,2.104405e+01,2.110602e+01,2.113355e+01,2.116796e+01,2.113355e+01,2.112667e+01,2.122298e+01,2.121611e+01,2.119548e+01,2.111979e+01,2.109914e+01,2.106471e+01,2.130546e+01,2.122986e+01,2.116108e+01,2.125048e+01,2.125048e+01,2.118172e+01,2.126423e+01,2.130546e+01,2.129172e+01,2.138101e+01,2.157306e+01,2.165526e+01,2.176475e+01,2.192194e+01,2.222198e+01,2.234447e+01,2.262971e+01,2.271106e+01,2.229685e+01,2.149080e+01,2.070596e+01,2.007505e+01,2.003332e+01,2.001940e+01,1.998460e+01,1.982437e+01,1.993586e+01,1.986619e+01,1.987316e+01,1.993586e+01,1.989407e+01,1.997068e+01,2.001940e+01,2.019321e+01,2.054687e+01,2.105094e+01,2.154565e+01,2.208571e+01,2.237847e+01,2.267717e+01,2.237847e+01,2.198338e+01,2.156621e+01,2.106471e+01,2.098203e+01,2.096135e+01,2.091998e+01,2.089239e+01,2.091998e+01,2.087169e+01,2.085099e+01,2.082338e+01,2.084409e+01,2.086479e+01,2.067831e+01,2.076814e+01,2.070596e+01,2.067139e+01,2.065757e+01,2.053303e+01,2.062299e+01,2.065065e+01,2.049840e+01,2.058148e+01,2.054687e+01,2.048455e+01,2.046377e+01,2.056071e+01,2.053995e+01,2.056763e+01,2.075432e+01,2.070596e+01,2.060915e+01,2.076123e+01,2.069905e+01,2.068522e+01,2.078195e+01,2.087169e+01,2.091308e+01,2.089239e+01,2.081648e+01,2.078886e+01,2.071978e+01,2.065065e+01,2.072669e+01,2.067139e+01,2.070596e+01,2.068522e+01,2.059531e+01,2.065757e+01,2.062299e+01,2.049148e+01,2.069213e+01,2.070596e+01,2.070596e+01,2.047762e+01,2.048455e+01,2.047070e+01,2.057456e+01,2.048455e+01,2.038753e+01,2.055379e+01,2.057456e+01,2.059531e+01,2.056763e+01,2.045684e+01,2.052610e+01,2.058840e+01,2.060223e+01,2.056071e+01,2.048455e+01,2.056763e+01,2.044991e+01,2.042912e+01,2.051918e+01,2.041526e+01,2.040140e+01,2.051918e+01,2.065065e+01,2.052610e+01,2.041526e+01,2.049148e+01,2.062299e+01,2.038060e+01,2.038753e+01,2.037366e+01,2.035980e+01,2.042219e+01,2.041526e+01,2.031124e+01,2.030430e+01,2.038060e+01,2.033899e+01,2.029042e+01,2.038060e+01,2.037366e+01,2.035980e+01,2.057456e+01,2.044298e+01,2.052610e+01,2.044991e+01,2.049148e+01,2.035286e+01,2.047070e+01,2.044991e+01,2.034592e+01,2.037366e+01,2.039447e+01,2.035980e+01,2.040833e+01,2.039447e+01,2.036673e+01,2.044298e+01,2.033205e+01,2.030430e+01,2.033205e+01,2.034592e+01,2.040140e+01,2.033205e+01,2.053995e+01,2.035286e+01,2.038753e+01,2.040140e+01,2.031124e+01,2.033205e+01,2.040833e+01,2.038753e+01,2.040140e+01,2.029736e+01,2.040833e+01,2.043605e+01,2.044991e+01,2.033205e+01,2.049840e+01,2.046377e+01,2.048455e+01,2.038753e+01,2.049840e+01,2.052610e+01,2.049148e+01,2.044991e+01,2.046377e+01,2.051225e+01,2.047762e+01,2.053995e+01,2.044991e+01,2.049840e+01,2.046377e+01,2.040140e+01,2.050533e+01,2.045684e+01,2.043605e+01,2.048455e+01,2.040140e+01,2.038753e+01,2.035980e+01,2.051225e+01,2.047762e+01,2.046377e+01,2.045684e+01,2.053303e+01,2.047070e+01,2.057456e+01,2.049840e+01,2.049148e+01,2.047070e+01,2.036673e+01,2.048455e+01,2.049148e+01,2.049840e+01,2.050533e+01,2.042912e+01,2.042219e+01,2.030430e+01,2.046377e+01,2.046377e+01,2.037366e+01,2.039447e+01,2.041526e+01,2.038060e+01,2.051918e+01,2.042219e+01,2.049148e+01,2.050533e+01,2.051918e+01,2.053303e+01,2.053995e+01,2.049840e+01,2.049148e+01,2.058148e+01,2.047070e+01,2.049840e+01,2.045684e+01,2.058840e+01,2.058148e+01,2.052610e+01,2.053995e+01,2.051225e+01,2.060223e+01,2.064374e+01,2.056071e+01,2.057456e+01,2.058148e+01,2.057456e+01,2.065757e+01,2.062299e+01,2.058840e+01,2.067831e+01,2.061607e+01,2.058148e+01,2.061607e+01,2.064374e+01,2.064374e+01,2.067831e+01,2.062299e+01,2.071978e+01,2.059531e+01,2.061607e+01,2.064374e+01,2.065065e+01,2.063682e+01,2.069905e+01,2.063682e+01,2.059531e+01,2.069213e+01,2.069905e+01,2.053995e+01,2.065065e+01,2.062299e+01,2.057456e+01,2.062299e+01,2.065065e+01,2.062990e+01,2.065065e+01,2.063682e+01,2.071978e+01,2.072669e+01,2.069905e+01,2.070596e+01,2.066448e+01,2.066448e+01,2.069213e+01,2.062990e+01,2.068522e+01,2.069213e+01,2.065757e+01,2.070596e+01,2.061607e+01,2.063682e+01,2.064374e+01,2.063682e+01,2.048455e+01,2.045684e+01,2.027654e+01,2.040833e+01,2.026960e+01,2.030430e+01,2.022100e+01,2.023489e+01,2.008896e+01,2.017932e+01,2.020711e+01,2.009591e+01,2.007505e+01,1.998460e+01,2.000548e+01,2.005419e+01,2.012372e+01,2.012372e+01,1.999156e+01,2.022794e+01,2.003332e+01,2.005419e+01,1.994979e+01,2.011677e+01,2.001940e+01,2.004027e+01,2.004027e+01,2.009591e+01,2.001940e+01,2.001940e+01,2.004027e+01,2.009591e+01,2.024877e+01,2.029736e+01,2.040833e+01,2.043605e+01,2.083719e+01,2.091998e+01,2.122986e+01,2.137415e+01,2.151137e+01,2.188779e+01,2.186729e+01,2.202432e+01,2.193560e+01,2.193560e+01,2.183996e+01,2.182629e+01,2.160047e+01,2.148394e+01,2.144964e+01,2.140161e+01,2.139474e+01,2.128485e+01,2.122298e+01,2.122298e+01,2.117484e+01,2.118860e+01,2.133294e+01,2.123674e+01,2.122298e+01,2.115420e+01,2.120923e+01,2.105094e+01,2.104405e+01,2.103716e+01,2.120923e+01,2.100960e+01,2.099582e+01,2.100271e+01,2.103027e+01,2.098893e+01,2.100271e+01,2.090619e+01,2.095446e+01,2.086479e+01,2.086479e+01,2.092688e+01,2.097514e+01,2.103716e+01,2.087859e+01,2.091308e+01,2.087859e+01,2.089239e+01,2.084409e+01,2.115420e+01,2.087169e+01,2.087169e+01,2.103716e+01,2.087169e+01,2.100271e+01,2.098893e+01,2.087169e+01,2.098893e+01,2.091998e+01,2.089239e+01,2.089929e+01,2.086479e+01,2.095446e+01,2.096825e+01,2.089239e+01,2.091998e+01,2.096825e+01,2.091998e+01,2.095446e+01,2.074742e+01,2.093377e+01,2.091308e+01,2.089239e+01,2.078886e+01,2.094757e+01,2.096135e+01,2.076123e+01,2.101649e+01,2.094757e+01,2.108537e+01,2.114732e+01,2.111979e+01,2.108537e+01,2.103716e+01,2.098203e+01,2.113355e+01,2.118172e+01,2.107160e+01,2.102338e+01,2.103027e+01,2.107160e+01,2.114044e+01,2.116796e+01,2.114044e+01,2.116108e+01,2.125736e+01,2.125048e+01,2.124361e+01,2.114044e+01,2.119548e+01,2.116796e+01,2.114732e+01,2.113355e+01,2.111979e+01,2.113355e+01,2.123674e+01,2.109914e+01,2.105782e+01,2.107160e+01,2.124361e+01,2.119548e+01,2.108537e+01,2.120923e+01,2.100960e+01,2.121611e+01,2.102338e+01,2.109914e+01,2.098893e+01,2.111979e+01,2.109225e+01,2.106471e+01,2.100271e+01,2.104405e+01,2.104405e+01,2.097514e+01,2.103716e+01,2.102338e+01,2.098203e+01,2.100960e+01,2.111291e+01,2.096135e+01,2.105094e+01,2.101649e+01,2.095446e+01,2.100271e+01,2.100960e+01,2.102338e+01,2.101649e+01,2.095446e+01,2.105094e+01,2.105782e+01,2.093377e+01
2.105094e+01,2.101649e+01,2.105094e+01,2.103716e+01,2.102338e+01,2.100960e+01,2.110602e+01,2.100960e+01,2.105782e+01,2.105094e+01,2.104405e+01,2.107848e+01,2.109914e+01,2.106471e+01,2.102338e+01,2.103716e+01,2.103716e+01,2.101649e+01,2.105094e+01,2.110602e+01,2.116108e+01,2.099582e+01,2.105782e+01,2.098203e+01,2.096825e+01,2.097514e+01,2.098203e+01,2.112667e+01,2.110602e+01,2.089929e+01,2.106471e+01,2.109914e+01,2.104405e+01,2.109914e+01,2.107160e+01,2.103027e+01,2.105782e+01,2.103716e+01,2.124361e+01,2.107848e+01,2.105094e+01,2.117484e+01,2.113355e+01,2.107160e+01,2.113355e+01,2.103716e+01,2.108537e+01,2.104405e+01,2.122298e+01,2.113355e+01,2.116796e+01,2.112667e+01,2.116108e+01,2.111291e+01,2.111979e+01,2.114044e+01,2.111979e+01,2.118860e+01,2.103027e+01,2.114044e+01,2.109914e+01,2.115420e+01,2.118860e+01,2.117484e+01,2.120235e+01,2.114732e+01,2.107160e+01,2.093377e+01,2.105094e+01,2.120235e+01,2.114044e+01,2.110602e+01,2.118172e+01,2.109914e+01,2.104405e+01,2.109914e+01,2.108537e+01,2.103027e+01,2.116796e+01,2.114044e+01,2.114732e+01,2.107848e+01,2.103027e+01,2.109914e+01,2.103716e+01,2.104405e+01,2.107848e+01,2.119548e+01,2.109914e+01,2.117484e+01,2.113355e+01,2.118172e+01,2.114732e+01,2.113355e+01,2.114044e+01,2.106471e+01,2.103027e+01,2.101649e+01,2.114044e+01,2.107160e+01,2.118172e+01,2.110602e+01,2.107160e+01,2.121611e+01,2.118860e+01,2.120235e+01,2.117484e+01,2.112667e+01,2.111979e+01,2.115420e+01,2.110602e+01,2.114732e+01,2.129859e+01,2.126423e+01,2.128485e+01,2.120923e+01,2.120235e+01,2.116796e+01,2.118860e+01,2.119548e+01,2.109225e+01,2.120235e+01,2.122298e+01,2.114044e+01,2.118172e+01,2.128485e+01,2.119548e+01,2.116108e+01,2.111291e+01,2.112667e+01,2.111979e+01,2.110602e+01,2.106471e+01,2.120235e+01,2.109914e+01,2.115420e+01,2.118172e+01,2.115420e+01,2.116796e+01,2.116796e+01,2.121611e+01,2.109225e+01,2.113355e+01,2.116796e+01,2.107160e+01,2.121611e+01,2.113355e+01,2.115420e+01,2.114732e+01,2.116108e+01,2.123674e+01,2.126423e+01,2.120235e+01,2.118172e+01,2.116796e+01,2.116796e+01,2.107848e+01,2.103716e+01,2.111291e+01,2.104405e+01,2.117484e+01,2.116108e+01,2.109914e+01,2.119548e+01,2.121611e+01,2.121611e+01,2.106471e+01,2.125048e+01,2.103027e+01,2.114732e+01,2.125736e+01,2.119548e+01,2.115420e+01,2.119548e+01,2.120923e+01,2.125048e+01,2.124361e+01,2.128485e+01,2.142906e+01,2.141533e+01,2.149080e+01,2.173055e+01,2.157991e+01,2.174423e+01,2.204479e+01,2.222198e+01,2.231726e+01,2.264327e+01,2.276526e+01,2.232406e+01,2.176475e+01,2.070596e+01,2.008896e+01,2.006810e+01,2.004027e+01,1.999852e+01,2.001244e+01,1.994283e+01,1.990800e+01,1.992890e+01,2.010287e+01,2.008201e+01,2.038060e+01,2.080267e+01,2.114732e+01,2.160732e+01,2.192194e+01,2.258222e+01,2.294121e+01,2.302907e+01,2.273816e+01,2.239886e+01,2.181945e+01,2.132607e+01,2.110602e+01,2.094757e+01,2.093377e+01,2.089929e+01,2.085789e+01,2.082338e+01,2.087169e+01,2.075432e+01,2.086479e+01,2.081648e+01,2.091998e+01,2.075432e+01,2.078886e+01,2.056071e+01,2.066448e+01,2.062990e+01,2.062990e+01,2.058840e+01,2.052610e+01,2.062299e+01,2.056763e+01,2.047762e+01,2.052610e+01,2.062299e+01,2.047762e+01,2.064374e+01,2.058840e+01,2.060223e+01,2.068522e+01,2.066448e+01,2.074742e+01,2.068522e+01,2.077505e+01,2.085099e+01,2.076814e+01,2.076814e+01,2.069213e+01,2.085099e+01,2.078195e+01,2.076814e+01,2.074051e+01,2.062990e+01,2.058840e+01,2.071978e+01,2.068522e+01,2.065757e+01,2.061607e+01,2.059531e+01,2.060223e+01,2.046377e+01,2.064374e+01,2.051918e+01,2.053995e+01,2.051225e+01,2.049840e+01,2.050533e+01,2.053303e+01,2.054687e+01,2.043605e+01,2.057456e+01,2.056071e+01,2.062990e+01,2.057456e+01,2.063682e+01,2.061607e+01,2.060915e+01,2.059531e+01,2.054687e+01,2.058840e+01,2.041526e+01,2.055379e+01,2.042219e+01,2.038753e+01,2.038753e+01,2.040833e+01,2.056071e+01,2.041526e+01,2.044991e+01,2.047070e+01,2.042219e+01,2.040140e+01,2.040140e+01,2.038753e+01,2.040833e+01,2.041526e+01,2.042912e+01,2.034592e+01,2.029736e+01,2.024877e+01,2.041526e+01,2.037366e+01,2.031124e+01,2.035286e+01,2.049840e+01,2.036673e+01,2.038060e+01,2.061607e+01,2.049148e+01,2.047762e+01,2.045684e+01,2.045684e+01,2.044991e+01,2.046377e+01,2.043605e+01,2.040833e+01,2.038753e+01,2.040833e+01,2.039447e+01,2.046377e+01,2.037366e+01,2.030430e+01,2.036673e+01,2.032512e+01,2.036673e+01,2.037366e+01,2.034592e+01,2.035286e+01,2.032512e+01,2.033899e+01,2.031818e+01,2.038060e+01,2.039447e+01,2.039447e+01,2.040140e+01,2.043605e+01,2.043605e+01,2.034592e+01,2.044991e+01,2.050533e+01,2.045684e+01,2.026266e+01,2.037366e+01,2.042219e+01,2.038753e+01,2.045684e+01,2.047070e+01,2.051225e+01,2.044991e+01,2.045684e+01,2.045684e+01,2.050533e+01,2.052610e+01,2.044991e+01,2.047070e+01,2.047070e+01,2.047762e+01,2.049840e+01,2.046377e+01,2.043605e+01,2.042912e+01,2.050533e+01,2.047762e+01,2.050533e+01,2.050533e+01,2.049840e+01,2.051225e+01,2.047070e+01,2.042219e+01,2.043605e+01,2.045684e+01,2.047070e+01,2.047070e+01,2.048455e+01,2.049148e+01,2.060915e+01,2.057456e+01,2.049840e+01,2.046377e+01,2.042219e+01,2.056071e+01,2.043605e+01,2.046377e+01,2.042219e+01,2.041526e+01,2.040833e+01,2.036673e+01,2.040833e+01,2.043605e+01,2.047070e+01,2.048455e+01,2.051918e+01,2.049840e+01,2.053995e+01,2.050533e+01,2.054687e+01,2.057456e+01,2.049148e+01,2.049840e+01,2.051225e+01,2.058148e+01,2.056071e+01,2.053303e+01,2.056763e+01,2.065757e+01,2.054687e+01,2.058148e+01,2.050533e+01,2.050533e+01,2.053995e+01,2.059531e+01,2.052610e+01,2.061607e+01,2.059531e+01,2.053303e+01,2.056071e+01,2.055379e+01,2.057456e+01,2.060915e+01,2.062990e+01,2.068522e+01,2.064374e+01,2.065757e+01,2.064374e+01,2.060915e+01,2.067139e+01,2.059531e+01,2.062990e+01,2.062990e+01,2.058840e+01,2.067139e+01,2.064374e+01,2.063682e+01,2.068522e+01,2.067831e+01,2.071287e+01,2.065065e+01,2.068522e+01,2.061607e+01,2.066448e+01,2.060915e+01,2.054687e+01,2.065757e+01,2.070596e+01,2.065757e+01,2.068522e+01,2.068522e+01,2.065757e+01,2.059531e+01,2.061607e+01,2.071978e+01,2.067139e+01,2.066448e+01,2.069213e+01,2.067831e+01,2.074051e+01,2.067139e+01,2.071978e+01,2.058840e+01,2.053303e+01,2.047070e+01,2.030430e+01,2.032512e+01,2.040140e+01,2.029736e+01,2.028348e+01,2.023489e+01,2.024877e+01,2.017237e+01,2.012372e+01,2.007505e+01,2.006810e+01,2.016542e+01,2.004723e+01,2.008896e+01,2.008201e+01,2.004723e+01,2.009591e+01,2.010982e+01,2.010982e+01,2.008896e+01,2.004027e+01,2.004027e+01,2.004027e+01,2.005419e+01,2.009591e+01,2.009591e+01,2.024183e+01,2.010287e+01,2.008201e+01,2.007505e+01,2.010287e+01,2.029042e+01,2.036673e+01,2.083028e+01,2.091308e+01,2.111291e+01,2.131233e+01,2.153194e+01,2.177843e+01,2.193560e+01,2.195608e+01,2.185363e+01,2.203797e+01,2.207889e+01,2.194243e+01,2.184679e+01,2.171002e+01,2.165526e+01,2.175107e+01,2.137415e+01,2.138788e+01,2.122986e+01,2.110602e+01,2.112667e+01,2.117484e+01,2.118172e+01,2.120235e+01,2.105094e+01,2.107160e+01,2.120923e+01,2.121611e+01,2.105094e+01,2.105094e+01,2.107848e+01,2.102338e+01,2.100960e+01,2.106471e+01,2.098893e+01,2.101649e+01,2.098893e+01,2.098893e+01,2.098203e+01,2.086479e+01,2.097514e+01,2.089239e+01,2.093377e+01,2.085789e+01,2.090619e+01,2.091308e+01,2.105094e+01,2.103716e+01,2.095446e+01,2.089929e+01,2.099582e+01,2.106471e+01,2.094757e+01,2.105094e+01,2.100960e+01,2.096135e+01,2.095446e+01,2.102338e+01,2.091998e+01,2.096135e+01,2.105782e+01,2.099582e+01,2.090619e+01,2.093377e+01,2.097514e+01,2.090619e+01,2.089239e+01,2.097514e+01,2.097514e+01,2.096135e+01,2.076123e+01,2.095446e+01,2.113355e+01,2.109914e+01,2.103027e+01,2.103027e+01,2.102338e+01,2.100960e+01,2.103027e+01,2.098893e+01,2.089929e+01,2.107848e+01,2.109225e+01,2.098203e+01,2.109225e+01,2.109914e+01,2.111979e+01,2.113355e+01,2.114732e+01,2.118172e+01,2.108537e+01,2.104405e+01,2.105094e+01,2.118172e+01,2.125048e+01,2.111979e+01,2.116796e+01,2.125048e+01,2.122986e+01,2.114732e+01,2.116108e+01,2.119548e+01,2.112667e+01,2.117484e+01,2.129172e+01,2.112667e+01,2.116108e+01,2.118860e+01,2.115420e+01,2.105782e+01,2.107848e+01,2.112667e+01,2.107160e+01,2.102338e+01,2.103027e+01,2.098203e+01,2.090619e+01,2.106471e+01,2.114044e+01,2.087859e+01,2.096825e+01,2.096135e+01,2.085789e+01,2.107848e+01,2.107848e+01,2.096825e+01,2.097514e+01,2.100960e+01,2.093377e+01,2.105782e+01,2.098203e+01,2.101649e+01,2.108537e+01,2.096135e+01,2.091998e+01,2.100271e+01,2.103027e+01,2.110602e+01,2.105094e+01,2.105782e+01,2.097514e+01,2.103027e+01,2.100960e+01
2.122298e+01,2.100271e+01,2.105094e+01,2.105094e+01,2.103027e+01,2.106471e+01,2.097514e+01,2.111291e+01,2.103027e+01,2.106471e+01,2.108537e+01,2.105094e+01,2.106471e+01,2.098893e+01,2.099582e+01,2.102338e+01,2.105094e+01,2.106471e+01,2.120235e+01,2.107160e+01,2.102338e+01,2.101649e+01,2.112667e+01,2.101649e+01,2.098893e+01,2.103027e+01,2.114732e+01,2.111291e+01,2.102338e+01,2.100960e+01,2.103716e+01,2.114732e+01,2.104405e+01,2.105782e+01,2.106471e+01,2.105094e+01,2.102338e+01,2.105782e+01,2.114732e+01,2.109914e+01,2.104405e+01,2.118172e+01,2.102338e+01,2.116796e+01,2.105094e+01,2.105782e+01,2.103027e+01,2.107160e+01,2.109225e+01,2.106471e+01,2.109225e+01,2.107848e+01,2.112667e+01,2.112667e+01,2.105094e+01,2.114732e+01,2.117484e+01,2.118860e+01,2.118172e+01,2.105782e+01,2.110602e+01,2.114044e+01,2.119548e+01,2.112667e+01,2.114732e+01,2.118172e+01,2.105782e+01,2.104405e+01,2.114044e+01,2.125048e+01,2.120235e+01,2.110602e+01,2.110602e+01,2.103716e+01,2.110602e+01,2.107848e+01,2.118172e+01,2.114732e+01,2.104405e+01,2.108537e+01,2.115420e+01,2.110602e+01,2.109914e+01,2.111291e+01,2.100960e+01,2.101649e+01,2.105094e+01,2.107160e+01,2.112667e+01,2.114044e+01,2.116796e+01,2.103027e+01,2.116108e+01,2.114732e+01,2.116796e+01,2.112667e+01,2.112667e+01,2.114044e+01,2.100271e+01,2.114044e+01,2.111979e+01,2.116796e+01,2.110602e+01,2.120235e+01,2.117484e+01,2.115420e+01,2.113355e+01,2.120923e+01,2.118172e+01,2.113355e+01,2.115420e+01,2.131233e+01,2.128485e+01,2.120923e+01,2.129859e+01,2.122986e+01,2.116796e+01,2.104405e+01,2.116796e+01,2.113355e+01,2.115420e+01,2.107160e+01,2.122986e+01,2.108537e+01,2.107848e+01,2.107160e+01,2.120235e+01,2.106471e+01,2.111291e+01,2.111979e+01,2.110602e+01,2.110602e+01,2.107848e+01,2.115420e+01,2.128485e+01,2.115420e+01,2.116796e+01,2.107848e+01,2.115420e+01,2.098893e+01,2.117484e+01,2.117484e+01,2.111979e+01,2.117484e+01,2.118172e+01,2.120235e+01,2.118172e+01,2.110602e+01,2.114044e+01,2.111979e+01,2.122986e+01,2.117484e+01,2.109914e+01,2.111291e+01,2.116796e+01,2.116796e+01,2.100271e+01,2.104405e+01,2.111979e+01,2.111291e+01,2.116108e+01,2.103716e+01,2.114732e+01,2.112667e+01,2.109225e+01,2.120235e+01,2.114044e+01,2.109225e+01,2.118172e+01,2.114732e+01,2.111291e+01,2.116108e+01,2.110602e+01,2.111979e+01,2.125736e+01,2.125736e+01,2.119548e+01,2.120235e+01,2.131920e+01,2.149080e+01,2.141533e+01,2.146336e+01,2.160047e+01,2.163472e+01,2.205843e+01,2.206525e+01,2.229685e+01,2.258222e+01,2.273816e+01,2.223560e+01,2.149080e+01,2.073360e+01,2.006114e+01,1.998460e+01,2.000548e+01,1.997068e+01,1.996371e+01,1.999852e+01,2.024183e+01,2.013068e+01,2.049148e+01,2.080957e+01,2.113355e+01,2.167580e+01,2.211979e+01,2.259579e+01,2.302907e+01,2.323828e+01,2.325177e+01,2.329221e+01,2.273139e+01,2.215387e+01,2.154565e+01,2.114044e+01,2.116108e+01,2.096825e+01,2.093377e+01,2.098203e+01,2.091998e+01,2.084409e+01,2.087859e+01,2.071978e+01,2.080267e+01,2.069213e+01,2.076123e+01,2.067139e+01,2.068522e+01,2.071287e+01,2.064374e+01,2.064374e+01,2.051225e+01,2.056071e+01,2.062990e+01,2.055379e+01,2.049840e+01,2.058148e+01,2.056071e+01,2.053303e+01,2.064374e+01,2.066448e+01,2.068522e+01,2.081648e+01,2.068522e+01,2.066448e+01,2.083028e+01,2.078886e+01,2.071978e+01,2.071287e+01,2.075432e+01,2.074051e+01,2.071978e+01,2.073360e+01,2.068522e+01,2.072669e+01,2.073360e+01,2.059531e+01,2.069905e+01,2.062990e+01,2.061607e+01,2.060223e+01,2.062990e+01,2.063682e+01,2.064374e+01,2.062299e+01,2.046377e+01,2.056071e+01,2.045684e+01,2.046377e+01,2.050533e+01,2.054687e+01,2.046377e+01,2.053303e+01,2.049840e+01,2.056071e+01,2.056763e+01,2.058148e+01,2.061607e+01,2.058148e+01,2.065757e+01,2.056071e+01,2.059531e+01,2.055379e+01,2.051918e+01,2.055379e+01,2.051918e+01,2.052610e+01,2.041526e+01,2.047070e+01,2.049148e+01,2.050533e+01,2.045684e+01,2.042219e+01,2.046377e+01,2.057456e+01,2.040833e+01,2.040833e+01,2.037366e+01,2.038753e+01,2.041526e+01,2.040833e+01,2.039447e+01,2.038753e+01,2.039447e+01,2.037366e+01,2.040140e+01,2.039447e+01,2.038060e+01,2.041526e+01,2.050533e+01,2.040140e+01,2.042912e+01,2.040833e+01,2.047070e+01,2.045684e+01,2.033899e+01,2.041526e+01,2.045684e+01,2.044991e+01,2.037366e+01,2.041526e+01,2.040140e+01,2.038753e+01,2.044298e+01,2.035980e+01,2.042219e+01,2.042219e+01,2.029042e+01,2.037366e+01,2.033899e+01,2.032512e+01,2.039447e+01,2.038753e+01,2.035980e+01,2.038060e+01,2.033899e+01,2.035980e+01,2.030430e+01,2.031818e+01,2.041526e+01,2.044298e+01,2.040833e+01,2.035980e+01,2.035980e+01,2.051918e+01,2.041526e+01,2.043605e+01,2.046377e+01,2.046377e+01,2.049840e+01,2.044298e+01,2.045684e+01,2.049840e+01,2.047762e+01,2.044298e+01,2.045684e+01,2.052610e+01,2.042219e+01,2.043605e+01,2.049148e+01,2.051225e+01,2.049840e+01,2.046377e+01,2.049148e+01,2.049148e+01,2.044991e+01,2.049148e+01,2.039447e+01,2.051225e+01,2.051918e+01,2.045684e+01,2.046377e+01,2.059531e+01,2.047070e+01,2.049840e+01,2.043605e+01,2.047762e+01,2.042219e+01,2.049148e+01,2.044298e+01,2.044991e+01,2.059531e+01,2.053303e+01,2.032512e+01,2.031818e+01,2.032512e+01,2.044991e+01,2.043605e+01,2.045684e+01,2.043605e+01,2.038753e+01,2.038060e+01,2.052610e+01,2.042219e+01,2.058840e+01,2.049148e+01,2.050533e+01,2.043605e+01,2.039447e+01,2.048455e+01,2.050533e+01,2.051225e+01,2.053995e+01,2.055379e+01,2.050533e+01,2.053303e+01,2.050533e+01,2.053995e+01,2.049148e+01,2.049840e+01,2.050533e+01,2.048455e+01,2.049148e+01,2.051918e+01,2.058840e+01,2.060915e+01,2.053995e+01,2.058148e+01,2.060915e+01,2.067831e+01,2.064374e+01,2.058840e+01,2.067139e+01,2.062299e+01,2.049148e+01,2.058840e+01,2.064374e+01,2.066448e+01,2.063682e+01,2.062299e+01,2.059531e+01,2.062299e+01,2.063682e+01,2.059531e+01,2.065757e+01,2.072669e+01,2.065065e+01,2.061607e+01,2.058148e+01,2.055379e+01,2.060915e+01,2.058840e+01,2.056763e+01,2.065065e+01,2.056071e+01,2.056071e+01,2.071287e+01,2.067831e+01,2.065757e+01,2.060915e+01,2.066448e+01,2.064374e+01,2.065065e+01,2.062990e+01,2.069905e+01,2.069213e+01,2.066448e+01,2.067139e+01,2.063682e+01,2.065757e+01,2.058840e+01,2.062299e+01,2.058148e+01,2.044991e+01,2.036673e+01,2.029736e+01,2.044298e+01,2.022794e+01,2.026266e+01,2.030430e+01,2.020016e+01,2.015848e+01,2.014458e+01,2.009591e+01,2.011677e+01,2.013068e+01,2.006114e+01,2.011677e+01,2.003332e+01,1.999852e+01,2.004027e+01,2.006810e+01,2.010287e+01,2.010982e+01,2.009591e+01,2.004723e+01,2.001940e+01,2.006114e+01,2.006114e+01,1.997068e+01,2.009591e+01,2.006810e+01,2.001940e+01,2.022100e+01,2.028348e+01,2.031818e+01,2.044298e+01,2.047762e+01,2.070596e+01,2.109225e+01,2.136041e+01,2.142220e+01,2.154565e+01,2.171002e+01,2.179894e+01,2.195608e+01,2.204479e+01,2.205843e+01,2.193560e+01,2.196973e+01,2.184679e+01,2.171686e+01,2.151137e+01,2.142906e+01,2.156621e+01,2.147022e+01,2.119548e+01,2.114732e+01,2.117484e+01,2.120923e+01,2.120923e+01,2.122986e+01,2.127110e+01,2.120235e+01,2.105094e+01,2.109225e+01,2.108537e+01,2.111291e+01,2.103716e+01,2.100271e+01,2.097514e+01,2.101649e+01,2.100960e+01,2.100960e+01,2.103027e+01,2.101649e+01,2.096135e+01,2.091308e+01,2.099582e+01,2.096825e+01,2.093377e+01,2.085099e+01,2.091998e+01,2.093377e+01,2.092688e+01,2.093377e+01,2.089239e+01,2.091998e+01,2.088549e+01,2.084409e+01,2.096135e+01,2.096825e+01,2.091998e+01,2.091998e+01,2.090619e+01,2.089239e+01,2.088549e+01,2.089239e+01,2.084409e+01,2.089929e+01,2.093377e+01,2.092688e+01,2.096825e+01,2.094757e+01,2.091998e+01,2.085789e+01,2.093377e+01,2.085099e+01,2.093377e+01,2.088549e+01,2.091308e+01,2.104405e+01,2.104405e+01,2.097514e+01,2.103027e+01,2.100271e+01,2.101649e+01,2.094067e+01,2.096135e+01,2.100960e+01,2.105094e+01,2.111291e+01,2.100271e+01,2.105782e+01,2.105782e+01,2.105782e+01,2.110602e+01,2.122298e+01,2.105094e+01,2.111979e+01,2.120235e+01,2.107848e+01,2.115420e+01,2.118172e+01,2.125736e+01,2.119548e+01,2.119548e+01,2.116796e+01,2.112667e+01,2.110602e+01,2.125048e+01,2.109225e+01,2.117484e+01,2.116108e+01,2.116108e+01,2.110602e+01,2.113355e+01,2.106471e+01,2.102338e+01,2.114044e+01,2.103027e+01,2.103716e+01,2.115420e+01,2.111979e+01,2.123674e+01,2.111291e+01,2.088549e+01,2.083719e+01,2.100960e+01,2.099582e+01,2.095446e+01,2.103027e+01,2.117484e+01,2.092688e+01,2.098893e+01,2.091998e+01,2.100960e+01,2.100960e+01,2.100271e+01,2.109225e+01,2.092688e+01,2.093377e+01,2.105094e+01,2.101649e+01,2.098893e+01,2.094757e+01,2.100960e+01,2.103027e+01,2.103027e+01,2.105094e+01,2.105094e+01
2.097514e+01,2.106471e+01,2.100271e+01,2.104405e+01,2.103716e+01,2.098893e+01,2.105094e+01,2.104405e+01,2.107160e+01,2.095446e+01,2.104405e+01,2.105782e+01,2.112667e+01,2.112667e+01,2.105094e+01,2.116108e+01,2.100271e+01,2.112667e+01,2.107160e+01,2.116108e+01,2.094067e+01,2.093377e+01,2.098893e+01,2.107848e+01,2.105094e+01,2.105094e+01,2.109225e+01,2.115420e+01,2.104405e+01,2.100960e+01,2.105782e+01,2.114044e+01,2.125736e+01,2.100960e+01,2.105782e+01,2.113355e+01,2.107848e+01,2.108537e+01,2.111291e+01,2.112667e+01,2.111979e+01,2.105782e+01,2.114044e+01,2.102338e+01,2.098203e+01,2.101649e+01,2.107848e+01,2.105094e+01,2.109914e+01,2.105782e+01,2.122986e+01,2.112667e+01,2.118860e+01,2.120235e+01,2.112667e+01,2.108537e+01,2.116108e+01,2.116108e+01,2.101649e+01,2.100271e+01,2.106471e+01,2.118172e+01,2.116108e+01,2.118172e+01,2.115420e+01,2.112667e+01,2.105782e+01,2.108537e+01,2.116108e+01,2.122986e+01,2.116108e+01,2.109225e+01,2.111979e+01,2.120923e+01,2.115420e+01,2.116108e+01,2.108537e+01,2.115420e+01,2.114732e+01,2.114044e+01,2.109914e+01,2.109914e+01,2.109225e+01,2.107160e+01,2.105782e+01,2.121611e+01,2.114044e+01,2.106471e+01,2.106471e+01,2.112667e+01,2.124361e+01,2.122986e+01,2.118860e+01,2.120923e+01,2.111291e+01,2.124361e+01,2.107160e+01,2.107848e+01,2.100960e+01,2.114044e+01,2.108537e+01,2.118172e+01,2.111291e+01,2.111291e+01,2.108537e+01,2.114732e+01,2.104405e+01,2.117484e+01,2.107160e+01,2.109914e+01,2.120923e+01,2.116108e+01,2.118860e+01,2.114732e+01,2.119548e+01,2.107848e+01,2.116796e+01,2.117484e+01,2.116108e+01,2.118172e+01,2.112667e+01,2.114732e+01,2.114044e+01,2.116796e+01,2.111979e+01,2.120235e+01,2.108537e+01,2.098203e+01,2.105094e+01,2.113355e+01,2.105094e+01,2.116108e+01,2.111291e+01,2.111979e+01,2.115420e+01,2.111979e+01,2.114044e+01,2.109225e+01,2.109225e+01,2.120235e+01,2.120235e+01,2.116108e+01,2.110602e+01,2.127110e+01,2.112667e+01,2.116796e+01,2.113355e+01,2.116108e+01,2.118860e+01,2.100960e+01,2.112667e+01,2.109225e+01,2.118172e+01,2.118172e+01,2.114732e+01,2.116796e+01,2.113355e+01,2.112667e+01,2.109225e+01,2.114044e+01,2.117484e+01,2.114732e+01,2.104405e+01,2.103027e+01,2.116108e+01,2.105094e+01,2.115420e+01,2.111291e+01,2.123674e+01,2.111979e+01,2.129859e+01,2.114732e+01,2.111979e+01,2.114732e+01,2.116108e+01,2.120923e+01,2.118860e+01,2.119548e+01,2.132607e+01,2.133294e+01,2.147708e+01,2.147022e+01,2.162787e+01,2.183996e+01,2.192877e+01,2.226282e+01,2.226963e+01,2.256186e+01,2.271106e+01,2.238527e+01,2.175107e+01,2.071978e+01,2.031124e+01,2.008201e+01,2.007505e+01,2.017932e+01,2.040140e+01,2.039447e+01,2.072669e+01,2.112667e+01,2.142906e+01,2.168949e+01,2.220836e+01,2.271106e+01,2.302231e+01,2.339997e+01,2.349416e+01,2.348744e+01,2.354123e+01,2.313035e+01,2.238527e+01,2.187413e+01,2.141533e+01,2.125048e+01,2.105782e+01,2.089929e+01,2.092688e+01,2.087169e+01,2.085789e+01,2.073360e+01,2.083719e+01,2.086479e+01,2.080957e+01,2.074742e+01,2.078195e+01,2.071287e+01,2.071287e+01,2.072669e+01,2.069905e+01,2.061607e+01,2.056763e+01,2.056763e+01,2.058840e+01,2.072669e+01,2.068522e+01,2.064374e+01,2.057456e+01,2.067831e+01,2.079576e+01,2.080267e+01,2.091308e+01,2.080267e+01,2.091998e+01,2.087169e+01,2.085789e+01,2.070596e+01,2.074742e+01,2.073360e+01,2.071287e+01,2.072669e+01,2.069213e+01,2.071978e+01,2.069905e+01,2.071287e+01,2.070596e+01,2.058148e+01,2.056071e+01,2.069213e+01,2.069213e+01,2.058148e+01,2.065065e+01,2.059531e+01,2.059531e+01,2.062299e+01,2.056763e+01,2.062299e+01,2.058148e+01,2.052610e+01,2.053995e+01,2.055379e+01,2.053303e+01,2.054687e+01,2.054687e+01,2.048455e+01,2.044991e+01,2.058840e+01,2.061607e+01,2.068522e+01,2.065065e+01,2.069213e+01,2.065065e+01,2.062299e+01,2.054687e+01,2.047762e+01,2.053303e+01,2.043605e+01,2.053995e+01,2.040833e+01,2.041526e+01,2.045684e+01,2.053303e+01,2.053303e+01,2.047070e+01,2.054687e+01,2.048455e+01,2.049840e+01,2.044298e+01,2.044298e+01,2.040140e+01,2.043605e+01,2.042219e+01,2.038753e+01,2.039447e+01,2.044298e+01,2.025571e+01,2.046377e+01,2.042219e+01,2.040140e+01,2.036673e+01,2.043605e+01,2.048455e+01,2.040833e+01,2.041526e+01,2.040833e+01,2.037366e+01,2.042912e+01,2.045684e+01,2.040140e+01,2.044298e+01,2.032512e+01,2.038060e+01,2.040833e+01,2.042912e+01,2.035980e+01,2.040140e+01,2.040833e+01,2.038753e+01,2.039447e+01,2.038753e+01,2.038753e+01,2.039447e+01,2.054687e+01,2.031818e+01,2.039447e+01,2.034592e+01,2.038060e+01,2.034592e+01,2.038060e+01,2.033205e+01,2.042912e+01,2.033899e+01,2.042912e+01,2.044298e+01,2.040833e+01,2.026960e+01,2.044298e+01,2.047762e+01,2.047070e+01,2.050533e+01,2.051918e+01,2.038060e+01,2.047070e+01,2.045684e+01,2.044298e+01,2.049840e+01,2.050533e+01,2.038753e+01,2.051225e+01,2.050533e+01,2.048455e+01,2.050533e+01,2.048455e+01,2.049840e+01,2.048455e+01,2.052610e+01,2.049840e+01,2.044991e+01,2.048455e+01,2.050533e+01,2.049840e+01,2.046377e+01,2.055379e+01,2.060915e+01,2.060915e+01,2.047762e+01,2.047762e+01,2.043605e+01,2.047070e+01,2.050533e+01,2.044298e+01,2.046377e+01,2.049148e+01,2.031818e+01,2.049148e+01,2.051225e+01,2.035286e+01,2.038060e+01,2.035980e+01,2.047762e+01,2.042912e+01,2.053303e+01,2.040140e+01,2.044991e+01,2.051225e+01,2.051225e+01,2.049840e+01,2.056071e+01,2.053303e+01,2.048455e+01,2.057456e+01,2.052610e+01,2.046377e+01,2.054687e+01,2.051225e+01,2.049148e+01,2.044991e+01,2.048455e+01,2.053303e+01,2.049148e+01,2.049148e+01,2.061607e+01,2.053303e+01,2.054687e+01,2.043605e+01,2.045684e+01,2.058840e+01,2.056071e+01,2.054687e+01,2.056763e+01,2.065757e+01,2.058148e+01,2.063682e+01,2.065757e+01,2.060223e+01,2.058148e+01,2.059531e+01,2.058148e+01,2.059531e+01,2.062990e+01,2.062299e+01,2.061607e+01,2.067831e+01,2.068522e+01,2.051918e+01,2.064374e+01,2.069213e+01,2.056071e+01,2.065065e+01,2.066448e+01,2.062299e+01,2.065065e+01,2.067831e+01,2.067831e+01,2.054687e+01,2.060223e+01,2.068522e+01,2.067831e+01,2.062299e+01,2.062990e+01,2.060223e+01,2.067831e+01,2.080267e+01,2.067139e+01,2.068522e+01,2.064374e+01,2.065757e+01,2.063682e+01,2.063682e+01,2.062990e+01,2.064374e+01,2.060223e+01,2.054687e+01,2.050533e+01,2.044991e+01,2.029736e+01,2.035286e+01,2.038753e+01,2.020711e+01,2.020016e+01,2.025571e+01,2.015153e+01,2.024183e+01,2.012372e+01,2.011677e+01,2.001940e+01,2.005419e+01,2.004723e+01,2.001244e+01,1.997068e+01,2.000548e+01,2.007505e+01,2.008896e+01,2.007505e+01,1.995675e+01,1.999852e+01,2.004723e+01,2.004723e+01,1.994979e+01,1.999852e+01,2.004027e+01,2.007505e+01,2.008201e+01,2.026960e+01,2.015848e+01,2.031818e+01,2.040833e+01,2.063682e+01,2.083719e+01,2.103027e+01,2.135355e+01,2.143592e+01,2.154565e+01,2.175107e+01,2.201068e+01,2.201750e+01,2.205161e+01,2.207889e+01,2.201068e+01,2.190828e+01,2.169633e+01,2.172371e+01,2.163472e+01,2.177159e+01,2.143592e+01,2.138101e+01,2.131920e+01,2.116108e+01,2.116796e+01,2.103027e+01,2.108537e+01,2.122298e+01,2.122986e+01,2.118860e+01,2.114732e+01,2.110602e+01,2.117484e+01,2.101649e+01,2.101649e+01,2.122986e+01,2.103027e+01,2.100960e+01,2.100960e+01,2.103027e+01,2.100271e+01,2.098893e+01,2.097514e+01,2.099582e+01,2.090619e+01,2.084409e+01,2.086479e+01,2.091308e+01,2.093377e+01,2.085099e+01,2.090619e+01,2.091998e+01,2.087859e+01,2.093377e+01,2.088549e+01,2.088549e+01,2.091998e+01,2.098203e+01,2.086479e+01,2.089929e+01,2.086479e+01,2.105782e+01,2.108537e+01,2.091998e+01,2.090619e+01,2.098893e+01,2.101649e+01,2.089239e+01,2.087169e+01,2.098893e+01,2.096135e+01,2.088549e+01,2.094067e+01,2.087859e+01,2.094067e+01,2.092688e+01,2.095446e+01,2.087859e+01,2.102338e+01,2.095446e+01,2.104405e+01,2.092688e+01,2.096825e+01,2.100960e+01,2.109914e+01,2.107848e+01,2.100960e+01,2.111979e+01,2.114044e+01,2.107848e+01,2.109225e+01,2.102338e+01,2.110602e+01,2.109225e+01,2.107160e+01,2.106471e+01,2.118172e+01,2.106471e+01,2.115420e+01,2.115420e+01,2.115420e+01,2.116108e+01,2.121611e+01,2.120923e+01,2.118860e+01,2.105094e+01,2.118172e+01,2.120923e+01,2.114732e+01,2.116796e+01,2.119548e+01,2.114732e+01,2.116796e+01,2.122986e+01,2.125048e+01,2.106471e+01,2.092688e+01,2.105094e+01,2.105094e+01,2.107160e+01,2.118860e+01,2.098893e+01,2.100271e+01,2.086479e+01,2.085789e+01,2.109914e+01,2.082338e+01,2.098893e+01,2.107160e+01,2.098203e+01,2.089929e+01,2.089239e+01,2.104405e+01,2.102338e+01,2.099582e+01,2.098203e+01,2.095446e+01,2.096825e+01,2.097514e+01,2.107848e+01,2.107848e+01,2.100960e+01,2.102338e+01,2.104405e+01,2.096825e+01,2.107160e+01,2.103027e+01
2.103716e+01,2.101649e+01,2.103716e+01,2.100960e+01,2.104405e+01,2.103027e+01,2.099582e+01,2.098203e+01,2.101649e+01,2.120235e+01,2.115420e+01,2.112667e+01,2.100960e+01,2.112667e+01,2.116796e+01,2.103716e+01,2.107160e+01,2.116108e+01,2.105782e+01,2.107160e+01,2.107848e+01,2.112667e+01,2.105782e+01,2.106471e+01,2.111291e+01,2.111979e+01,2.104405e+01,2.112667e+01,2.102338e+01,2.113355e+01,2.106471e+01,2.102338e+01,2.111979e+01,2.112667e+01,2.118172e+01,2.107848e+01,2.109914e+01,2.111291e+01,2.109914e+01,2.114732e+01,2.109225e+01,2.113355e+01,2.114044e+01,2.109225e+01,2.104405e+01,2.107160e+01,2.100960e+01,2.107160e+01,2.108537e+01,2.109914e+01,2.107848e+01,2.108537e+01,2.120923e+01,2.109914e+01,2.112667e+01,2.103716e+01,2.114044e+01,2.116796e+01,2.112667e+01,2.116796e+01,2.114044e+01,2.116108e+01,2.116796e+01,2.111979e+01,2.111291e+01,2.117484e+01,2.114044e+01,2.116108e+01,2.112667e+01,2.120235e+01,2.120235e+01,2.110602e+01,2.110602e+01,2.125048e+01,2.119548e+01,2.116796e+01,2.106471e+01,2.114044e+01,2.120235e+01,2.109225e+01,2.111291e+01,2.112667e+01,2.105782e+01,2.114732e+01,2.114044e+01,2.107160e+01,2.111291e+01,2.114044e+01,2.130546e+01,2.102338e+01,2.116796e+01,2.116108e+01,2.097514e+01,2.117484e+01,2.111291e+01,2.115420e+01,2.107848e+01,2.113355e+01,2.103027e+01,2.111979e+01,2.114732e+01,2.101649e+01,2.115420e+01,2.111979e+01,2.104405e+01,2.103027e+01,2.106471e+01,2.109225e+01,2.107848e+01,2.111291e+01,2.118860e+01,2.125048e+01,2.115420e+01,2.113355e+01,2.117484e+01,2.109914e+01,2.113355e+01,2.114732e+01,2.114732e+01,2.115420e+01,2.106471e+01,2.105094e+01,2.114044e+01,2.118860e+01,2.114044e+01,2.113355e+01,2.116796e+01,2.118172e+01,2.122298e+01,2.110602e+01,2.111979e+01,2.107848e+01,2.109225e+01,2.109914e+01,2.091998e+01,2.114732e+01,2.111979e+01,2.114044e+01,2.115420e+01,2.113355e+01,2.115420e+01,2.124361e+01,2.115420e+01,2.114044e+01,2.114044e+01,2.118172e+01,2.111291e+01,2.111979e+01,2.112667e+01,2.124361e+01,2.111979e+01,2.122298e+01,2.114732e+01,2.113355e+01,2.116796e+01,2.116796e+01,2.114044e+01,2.111979e+01,2.113355e+01,2.107160e+01,2.106471e+01,2.114044e+01,2.105094e+01,2.116796e+01,2.113355e+01,2.116796e+01,2.129859e+01,2.117484e+01,2.111291e+01,2.112667e+01,2.116796e+01,2.111979e+01,2.146336e+01,2.115420e+01,2.117484e+01,2.113355e+01,2.120235e+01,2.124361e+01,2.129859e+01,2.132607e+01,2.145650e+01,2.151137e+01,2.165526e+01,2.190145e+01,2.203797e+01,2.231726e+01,2.245322e+01,2.250756e+01,2.282620e+01,2.261614e+01,2.189462e+01,2.119548e+01,2.053303e+01,2.051225e+01,2.063682e+01,2.078195e+01,2.116108e+01,2.139474e+01,2.159362e+01,2.190828e+01,2.241925e+01,2.285327e+01,2.323154e+01,2.353451e+01,2.376954e+01,2.399065e+01,2.398395e+01,2.382318e+01,2.333936e+01,2.284650e+01,2.199703e+01,2.173055e+01,2.147708e+01,2.099582e+01,2.100960e+01,2.108537e+01,2.089239e+01,2.083719e+01,2.085789e+01,2.083028e+01,2.085789e+01,2.085789e+01,2.082338e+01,2.074742e+01,2.072669e+01,2.072669e+01,2.068522e+01,2.073360e+01,2.069213e+01,2.058148e+01,2.069905e+01,2.060915e+01,2.060223e+01,2.059531e+01,2.062299e+01,2.056763e+01,2.066448e+01,2.089239e+01,2.092688e+01,2.085099e+01,2.096135e+01,2.094757e+01,2.093377e+01,2.091998e+01,2.079576e+01,2.074051e+01,2.071287e+01,2.078195e+01,2.077505e+01,2.084409e+01,2.072669e+01,2.067831e+01,2.072669e+01,2.079576e+01,2.070596e+01,2.055379e+01,2.059531e+01,2.071287e+01,2.058840e+01,2.060915e+01,2.072669e+01,2.067831e+01,2.056763e+01,2.053995e+01,2.063682e+01,2.062299e+01,2.057456e+01,2.051225e+01,2.050533e+01,2.048455e+01,2.057456e+01,2.053995e+01,2.053303e+01,2.047762e+01,2.047762e+01,2.052610e+01,2.044298e+01,2.051225e+01,2.049840e+01,2.051225e+01,2.065065e+01,2.062990e+01,2.056071e+01,2.053303e+01,2.045684e+01,2.044991e+01,2.052610e+01,2.056763e+01,2.046377e+01,2.054687e+01,2.045684e+01,2.049148e+01,2.044298e+01,2.040833e+01,2.046377e+01,2.038753e+01,2.043605e+01,2.044298e+01,2.043605e+01,2.043605e+01,2.040140e+01,2.043605e+01,2.038753e+01,2.042219e+01,2.040140e+01,2.028348e+01,2.040140e+01,2.048455e+01,2.053303e+01,2.051225e+01,2.050533e+01,2.046377e+01,2.050533e+01,2.038060e+01,2.042219e+01,2.042912e+01,2.045684e+01,2.025571e+01,2.039447e+01,2.038060e+01,2.051225e+01,2.044991e+01,2.036673e+01,2.040833e+01,2.024877e+01,2.041526e+01,2.040140e+01,2.032512e+01,2.035286e+01,2.035980e+01,2.038753e+01,2.035286e+01,2.039447e+01,2.041526e+01,2.029736e+01,2.035980e+01,2.031124e+01,2.035980e+01,2.035980e+01,2.044298e+01,2.050533e+01,2.051225e+01,2.040140e+01,2.042219e+01,2.044298e+01,2.042219e+01,2.044991e+01,2.043605e+01,2.042219e+01,2.053303e+01,2.051918e+01,2.049148e+01,2.044991e+01,2.051225e+01,2.045684e+01,2.055379e+01,2.053303e+01,2.051225e+01,2.049840e+01,2.046377e+01,2.047762e+01,2.048455e+01,2.053303e+01,2.052610e+01,2.051225e+01,2.053995e+01,2.054687e+01,2.049840e+01,2.044991e+01,2.047070e+01,2.048455e+01,2.043605e+01,2.051225e+01,2.057456e+01,2.049840e+01,2.048455e+01,2.044991e+01,2.044991e+01,2.046377e+01,2.053995e+01,2.051225e+01,2.062990e+01,2.056071e+01,2.050533e+01,2.038060e+01,2.046377e+01,2.041526e+01,2.035286e+01,2.047762e+01,2.047762e+01,2.042219e+01,2.062299e+01,2.056763e+01,2.044298e+01,2.049840e+01,2.050533e+01,2.053303e+01,2.055379e+01,2.045684e+01,2.046377e+01,2.051225e+01,2.050533e+01,2.051225e+01,2.060223e+01,2.051225e+01,2.052610e+01,2.049840e+01,2.054687e+01,2.057456e+01,2.051918e+01,2.051225e+01,2.057456e+01,2.055379e+01,2.049148e+01,2.050533e+01,2.062299e+01,2.068522e+01,2.060223e+01,2.056763e+01,2.059531e+01,2.063682e+01,2.061607e+01,2.066448e+01,2.065757e+01,2.065065e+01,2.064374e+01,2.075432e+01,2.062299e+01,2.065065e+01,2.067139e+01,2.069905e+01,2.062299e+01,2.062299e+01,2.064374e+01,2.069905e+01,2.060915e+01,2.053995e+01,2.067831e+01,2.062990e+01,2.056763e+01,2.069905e+01,2.058148e+01,2.071287e+01,2.058840e+01,2.071287e+01,2.065757e+01,2.072669e+01,2.066448e+01,2.073360e+01,2.060223e+01,2.067831e+01,2.069905e+01,2.060915e+01,2.069213e+01,2.069213e+01,2.067139e+01,2.064374e+01,2.065757e+01,2.062990e+01,2.059531e+01,2.057456e+01,2.045684e+01,2.040140e+01,2.042219e+01,2.029736e+01,2.033205e+01,2.022100e+01,2.029042e+01,2.028348e+01,2.026266e+01,2.018627e+01,1.997764e+01,2.002636e+01,2.006114e+01,2.011677e+01,2.017237e+01,2.009591e+01,2.015848e+01,2.011677e+01,2.011677e+01,2.008201e+01,2.008201e+01,2.005419e+01,2.009591e+01,2.000548e+01,1.994283e+01,2.004027e+01,1.994979e+01,1.997764e+01,2.002636e+01,2.019321e+01,2.008201e+01,2.031818e+01,2.043605e+01,2.068522e+01,2.066448e+01,2.085789e+01,2.100960e+01,2.127110e+01,2.146336e+01,2.144964e+01,2.163472e+01,2.192194e+01,2.188096e+01,2.206525e+01,2.200386e+01,2.200386e+01,2.201068e+01,2.198338e+01,2.177843e+01,2.171686e+01,2.154565e+01,2.143592e+01,2.138101e+01,2.131233e+01,2.129859e+01,2.113355e+01,2.113355e+01,2.114732e+01,2.118860e+01,2.119548e+01,2.119548e+01,2.116108e+01,2.118860e+01,2.112667e+01,2.116108e+01,2.101649e+01,2.103716e+01,2.104405e+01,2.102338e+01,2.107848e+01,2.103027e+01,2.103716e+01,2.102338e+01,2.099582e+01,2.096135e+01,2.090619e+01,2.087169e+01,2.096135e+01,2.091998e+01,2.093377e+01,2.085789e+01,2.109914e+01,2.085789e+01,2.091308e+01,2.108537e+01,2.119548e+01,2.101649e+01,2.098893e+01,2.093377e+01,2.113355e+01,2.091998e+01,2.087169e+01,2.087859e+01,2.088549e+01,2.098893e+01,2.102338e+01,2.091998e+01,2.098893e+01,2.089929e+01,2.101649e+01,2.087169e+01,2.086479e+01,2.084409e+01,2.099582e+01,2.093377e+01,2.090619e+01,2.089239e+01,2.101649e+01,2.093377e+01,2.097514e+01,2.102338e+01,2.105094e+01,2.089929e+01,2.088549e+01,2.096135e+01,2.100960e+01,2.103716e+01,2.103716e+01,2.098893e+01,2.105782e+01,2.107160e+01,2.099582e+01,2.108537e+01,2.112667e+01,2.102338e+01,2.120923e+01,2.114044e+01,2.110602e+01,2.125048e+01,2.121611e+01,2.128485e+01,2.119548e+01,2.117484e+01,2.116796e+01,2.117484e+01,2.114732e+01,2.112667e+01,2.103027e+01,2.102338e+01,2.106471e+01,2.119548e+01,2.116796e+01,2.104405e+01,2.119548e+01,2.116796e+01,2.103716e+01,2.110602e+01,2.111979e+01,2.101649e+01,2.104405e+01,2.112667e+01,2.109914e+01,2.098203e+01,2.097514e+01,2.115420e+01,2.101649e+01,2.097514e+01,2.094757e+01,2.100271e+01,2.100271e+01,2.107848e+01,2.089929e+01,2.085789e+01,2.094067e+01,2.091998e+01,2.099582e+01,2.105782e+01,2.100960e+01,2.094757e+01,2.104405e+01,2.106471e+01,2.094067e+01,2.096825e+01,2.096825e+01,2.102338e+01,2.098893e+01,2.105782e+01,2.100960e+01,2.103027e+01
2.141533e+01,2.107848e+01,2.111291e+01,2.104405e+01,2.104405e+01,2.107848e+01,2.107848e+01,2.110602e+01,2.100960e+01,2.108537e+01,2.113355e+01,2.102338e+01,2.112667e+01,2.110602e+01,2.106471e+01,2.108537e+01,2.104405e+01,2.108537e+01,2.106471e+01,2.103027e+01,2.109914e+01,2.102338e+01,2.103716e+01,2.107160e+01,2.104405e+01,2.105782e+01,2.105782e+01,2.107160e+01,2.101649e+01,2.100960e+01,2.105782e+01,2.111979e+01,2.114732e+01,2.102338e+01,2.111291e+01,2.104405e+01,2.111979e+01,2.110602e+01,2.111979e+01,2.109225e+01,2.111291e+01,2.119548e+01,2.107848e+01,2.108537e+01,2.105782e+01,2.103716e+01,2.108537e+01,2.103027e+01,2.111979e+01,2.114044e+01,2.111291e+01,2.113355e+01,2.105782e+01,2.110602e+01,2.112667e+01,2.119548e+01,2.118172e+01,2.114732e+01,2.111979e+01,2.117484e+01,2.118172e+01,2.109914e+01,2.114732e+01,2.109225e+01,2.113355e+01,2.106471e+01,2.112667e+01,2.103027e+01,2.114044e+01,2.112667e+01,2.119548e+01,2.109914e+01,2.121611e+01,2.119548e+01,2.115420e+01,2.111979e+01,2.114044e+01,2.119548e+01,2.107160e+01,2.110602e+01,2.105094e+01,2.116108e+01,2.112667e+01,2.113355e+01,2.112667e+01,2.105782e+01,2.115420e+01,2.098893e+01,2.098893e+01,2.112667e+01,2.111979e+01,2.118172e+01,2.114732e+01,2.117484e+01,2.118172e+01,2.114732e+01,2.115420e+01,2.115420e+01,2.114732e+01,2.103027e+01,2.116108e+01,2.115420e+01,2.113355e+01,2.116108e+01,2.119548e+01,2.106471e+01,2.112667e+01,2.109914e+01,2.116796e+01,2.115420e+01,2.118860e+01,2.112667e+01,2.116796e+01,2.111291e+01,2.109225e+01,2.111979e+01,2.115420e+01,2.112667e+01,2.116796e+01,2.114732e+01,2.116108e+01,2.121611e+01,2.119548e+01,2.118860e+01,2.113355e+01,2.112667e+01,2.116108e+01,2.111979e+01,2.114732e+01,2.116108e+01,2.107848e+01,2.112667e+01,2.107160e+01,2.109914e+01,2.117484e+01,2.114044e+01,2.113355e+01,2.114044e+01,2.116796e+01,2.122986e+01,2.114732e+01,2.115420e+01,2.129859e+01,2.115420e+01,2.116796e+01,2.112667e+01,2.121611e+01,2.124361e+01,2.110602e+01,2.116108e+01,2.114732e+01,2.116796e+01,2.116796e+01,2.110602e+01,2.107160e+01,2.116796e+01,2.107160e+01,2.111979e+01,2.112667e+01,2.107160e+01,2.118172e+01,2.116108e+01,2.127110e+01,2.113355e+01,2.113355e+01,2.111979e+01,2.111979e+01,2.111979e+01,2.116108e+01,2.110602e+01,2.110602e+01,2.114732e+01,2.114044e+01,2.142906e+01,2.125736e+01,2.129859e+01,2.118172e+01,2.132607e+01,2.138101e+01,2.140161e+01,2.140161e+01,2.144278e+01,2.173739e+01,2.173739e+01,2.196973e+01,2.221517e+01,2.245322e+01,2.272461e+01,2.267717e+01,2.261614e+01,2.218112e+01,2.171686e+01,2.118860e+01,2.118860e+01,2.120235e+01,2.160047e+01,2.168949e+01,2.215387e+01,2.265683e+01,2.308310e+01,2.344035e+01,2.350761e+01,2.397726e+01,2.403749e+01,2.426471e+01,2.421797e+01,2.399734e+01,2.389690e+01,2.312361e+01,2.261614e+01,2.183996e+01,2.135355e+01,2.120923e+01,2.106471e+01,2.102338e+01,2.088549e+01,2.087169e+01,2.083719e+01,2.086479e+01,2.083719e+01,2.083719e+01,2.086479e+01,2.069213e+01,2.062990e+01,2.068522e+01,2.065757e+01,2.066448e+01,2.071978e+01,2.061607e+01,2.060915e+01,2.053995e+01,2.058148e+01,2.061607e+01,2.061607e+01,2.064374e+01,2.070596e+01,2.070596e+01,2.079576e+01,2.091998e+01,2.090619e+01,2.090619e+01,2.096825e+01,2.098203e+01,2.084409e+01,2.086479e+01,2.074742e+01,2.074051e+01,2.068522e+01,2.067139e+01,2.064374e+01,2.059531e+01,2.067831e+01,2.067831e+01,2.068522e+01,2.069905e+01,2.056763e+01,2.052610e+01,2.065757e+01,2.061607e+01,2.060915e+01,2.052610e+01,2.060915e+01,2.053995e+01,2.053303e+01,2.060223e+01,2.053303e+01,2.052610e+01,2.059531e+01,2.059531e+01,2.053995e+01,2.051918e+01,2.053995e+01,2.054687e+01,2.040833e+01,2.047070e+01,2.042912e+01,2.047762e+01,2.049148e+01,2.049840e+01,2.047762e+01,2.054687e+01,2.044991e+01,2.051225e+01,2.052610e+01,2.056071e+01,2.044991e+01,2.051225e+01,2.051918e+01,2.056763e+01,2.056071e+01,2.049148e+01,2.053303e+01,2.051918e+01,2.047070e+01,2.052610e+01,2.041526e+01,2.046377e+01,2.042219e+01,2.044298e+01,2.047070e+01,2.048455e+01,2.050533e+01,2.043605e+01,2.029042e+01,2.035286e+01,2.041526e+01,2.037366e+01,2.042219e+01,2.044991e+01,2.037366e+01,2.041526e+01,2.039447e+01,2.047070e+01,2.042912e+01,2.046377e+01,2.051918e+01,2.043605e+01,2.046377e+01,2.044298e+01,2.047762e+01,2.045684e+01,2.041526e+01,2.053303e+01,2.039447e+01,2.038753e+01,2.035286e+01,2.041526e+01,2.033899e+01,2.040140e+01,2.038060e+01,2.038753e+01,2.035980e+01,2.031818e+01,2.031818e+01,2.031818e+01,2.035286e+01,2.031818e+01,2.040833e+01,2.043605e+01,2.032512e+01,2.038060e+01,2.042219e+01,2.040140e+01,2.049148e+01,2.029042e+01,2.045684e+01,2.049840e+01,2.056071e+01,2.045684e+01,2.046377e+01,2.052610e+01,2.049148e+01,2.035980e+01,2.047762e+01,2.051918e+01,2.050533e+01,2.042219e+01,2.051225e+01,2.051225e+01,2.049840e+01,2.044298e+01,2.054687e+01,2.050533e+01,2.040833e+01,2.053995e+01,2.050533e+01,2.042219e+01,2.053995e+01,2.040833e+01,2.047070e+01,2.053995e+01,2.046377e+01,2.055379e+01,2.055379e+01,2.044991e+01,2.047070e+01,2.049148e+01,2.044298e+01,2.047070e+01,2.047070e+01,2.045684e+01,2.044298e+01,2.033899e+01,2.051225e+01,2.051225e+01,2.040140e+01,2.037366e+01,2.035286e+01,2.042912e+01,2.050533e+01,2.046377e+01,2.040833e+01,2.047070e+01,2.051918e+01,2.057456e+01,2.049840e+01,2.053303e+01,2.068522e+01,2.052610e+01,2.052610e+01,2.046377e+01,2.052610e+01,2.057456e+01,2.053303e+01,2.045684e+01,2.052610e+01,2.062299e+01,2.050533e+01,2.060915e+01,2.054687e+01,2.067831e+01,2.063682e+01,2.047070e+01,2.051918e+01,2.058148e+01,2.056071e+01,2.060915e+01,2.061607e+01,2.059531e+01,2.062990e+01,2.061607e+01,2.061607e+01,2.049840e+01,2.056763e+01,2.062299e+01,2.067831e+01,2.068522e+01,2.054687e+01,2.056763e+01,2.068522e+01,2.073360e+01,2.065757e+01,2.059531e+01,2.062990e+01,2.066448e+01,2.069213e+01,2.058148e+01,2.049148e+01,2.064374e+01,2.066448e+01,2.060223e+01,2.056071e+01,2.071287e+01,2.071978e+01,2.065065e+01,2.078195e+01,2.069905e+01,2.060223e+01,2.058148e+01,2.066448e+01,2.085099e+01,2.067831e+01,2.065065e+01,2.069213e+01,2.067139e+01,2.061607e+01,2.065757e+01,2.068522e+01,2.067139e+01,2.060915e+01,2.045684e+01,2.046377e+01,2.051225e+01,2.040833e+01,2.035286e+01,2.038060e+01,2.035286e+01,2.033205e+01,2.022794e+01,2.020711e+01,2.015848e+01,2.016542e+01,2.017932e+01,2.010982e+01,2.010982e+01,2.008201e+01,2.004027e+01,2.013068e+01,2.006114e+01,1.988710e+01,1.994283e+01,2.001244e+01,2.005419e+01,1.997764e+01,2.007505e+01,2.005419e+01,1.994979e+01,2.003332e+01,2.001244e+01,1.998460e+01,2.008896e+01,2.018627e+01,2.034592e+01,2.036673e+01,2.051225e+01,2.080267e+01,2.088549e+01,2.099582e+01,2.130546e+01,2.125048e+01,2.149766e+01,2.154565e+01,2.163472e+01,2.191511e+01,2.188096e+01,2.187413e+01,2.193560e+01,2.196291e+01,2.190145e+01,2.171002e+01,2.175107e+01,2.149080e+01,2.151823e+01,2.120235e+01,2.132607e+01,2.122298e+01,2.114044e+01,2.120235e+01,2.119548e+01,2.119548e+01,2.121611e+01,2.120235e+01,2.113355e+01,2.109914e+01,2.103716e+01,2.102338e+01,2.104405e+01,2.111291e+01,2.098893e+01,2.105094e+01,2.092688e+01,2.103716e+01,2.096135e+01,2.103716e+01,2.102338e+01,2.103027e+01,2.100271e+01,2.104405e+01,2.092688e+01,2.085789e+01,2.102338e+01,2.107160e+01,2.095446e+01,2.092688e+01,2.096135e+01,2.085099e+01,2.095446e+01,2.092688e+01,2.097514e+01,2.088549e+01,2.097514e+01,2.097514e+01,2.095446e+01,2.102338e+01,2.105782e+01,2.091308e+01,2.090619e+01,2.091998e+01,2.094757e+01,2.077505e+01,2.090619e+01,2.089929e+01,2.087859e+01,2.091308e+01,2.089929e+01,2.093377e+01,2.085099e+01,2.096825e+01,2.087859e+01,2.100271e+01,2.089929e+01,2.100960e+01,2.094757e+01,2.091998e+01,2.098893e+01,2.099582e+01,2.093377e+01,2.105782e+01,2.097514e+01,2.105782e+01,2.105782e+01,2.111979e+01,2.105094e+01,2.107160e+01,2.101649e+01,2.105782e+01,2.125736e+01,2.100960e+01,2.101649e+01,2.116108e+01,2.098203e+01,2.096825e+01,2.117484e+01,2.106471e+01,2.116108e+01,2.111979e+01,2.117484e+01,2.097514e+01,2.105782e+01,2.106471e+01,2.114732e+01,2.117484e+01,2.117484e+01,2.103027e+01,2.114044e+01,2.107848e+01,2.116796e+01,2.103027e+01,2.098893e+01,2.101649e+01,2.097514e+01,2.101649e+01,2.100960e+01,2.104405e+01,2.103027e+01,2.103027e+01,2.106471e+01,2.098203e+01,2.099582e+01,2.107160e+01,2.100271e+01,2.105782e+01,2.082338e+01,2.094067e+01,2.088549e+01,2.095446e+01,2.104405e+01,2.102338e+01,2.097514e+01,2.100271e+01,2.094067e+01,2.094757e+01,2.102338e+01,2.105094e+01,2.093377e+01,2.097514e+01,2.084409e+01,2.107160e+01,2.100960e+01,2.089239e+01
2.098893e+01,2.111979e+01,2.109225e+01,2.101649e+01,2.111979e+01,2.105094e+01,2.109225e+01,2.097514e+01,2.111979e+01,2.115420e+01,2.102338e+01,2.113355e+01,2.121611e+01,2.112667e+01,2.116108e+01,2.117484e+01,2.102338e+01,2.105782e+01,2.106471e+01,2.109914e+01,2.105782e+01,2.104405e+01,2.111291e+01,2.107848e+01,2.107848e+01,2.110602e+01,2.111979e+01,2.110602e+01,2.100960e+01,2.110602e+01,2.116108e+01,2.116796e+01,2.125048e+01,2.114044e+01,2.111979e+01,2.115420e+01,2.112667e+01,2.107848e+01,2.116108e+01,2.111291e+01,2.117484e+01,2.128485e+01,2.118860e+01,2.112667e+01,2.108537e+01,2.107848e+01,2.115420e+01,2.107160e+01,2.111979e+01,2.109914e+01,2.107160e+01,2.111979e+01,2.111979e+01,2.111979e+01,2.109914e+01,2.115420e+01,2.113355e+01,2.122298e+01,2.115420e+01,2.113355e+01,2.110602e+01,2.116796e+01,2.114044e+01,2.115420e+01,2.110602e+01,2.120235e+01,2.111979e+01,2.109225e+01,2.114732e+01,2.113355e+01,2.112667e+01,2.111979e+01,2.111979e+01,2.115420e+01,2.127110e+01,2.124361e+01,2.109225e+01,2.116796e+01,2.125736e+01,2.106471e+01,2.112667e+01,2.109914e+01,2.108537e+01,2.117484e+01,2.111979e+01,2.125048e+01,2.105094e+01,2.127110e+01,2.122298e+01,2.114044e+01,2.114732e+01,2.114732e+01,2.114732e+01,2.118172e+01,2.103027e+01,2.113355e+01,2.106471e+01,2.107848e+01,2.115420e+01,2.110602e+01,2.113355e+01,2.110602e+01,2.114732e+01,2.116796e+01,2.111979e+01,2.122298e+01,2.109914e+01,2.120923e+01,2.113355e+01,2.128485e+01,2.114044e+01,2.118172e+01,2.116796e+01,2.113355e+01,2.115420e+01,2.119548e+01,2.110602e+01,2.114044e+01,2.111979e+01,2.109225e+01,2.111291e+01,2.111979e+01,2.119548e+01,2.117484e+01,2.116796e+01,2.112667e+01,2.115420e+01,2.107848e+01,2.107848e+01,2.118860e+01,2.110602e+01,2.119548e+01,2.110602e+01,2.107848e+01,2.111979e+01,2.111979e+01,2.113355e+01,2.115420e+01,2.118860e+01,2.112667e+01,2.114044e+01,2.111979e+01,2.115420e+01,2.115420e+01,2.113355e+01,2.119548e+01,2.112667e+01,2.121611e+01,2.111291e+01,2.127798e+01,2.118860e+01,2.121611e+01,2.109225e+01,2.118172e+01,2.114732e+01,2.116108e+01,2.115420e+01,2.111979e+01,2.116796e+01,2.108537e+01,2.107848e+01,2.118172e+01,2.114044e+01,2.113355e+01,2.111979e+01,2.112667e+01,2.111291e+01,2.114044e+01,2.114044e+01,2.112667e+01,2.119548e+01,2.124361e+01,2.115420e+01,2.116108e+01,2.136041e+01,2.131920e+01,2.120923e+01,2.129859e+01,2.136041e+01,2.136041e+01,2.137415e+01,2.164157e+01,2.176475e+01,2.180578e+01,2.213342e+01,2.224240e+01,2.235807e+01,2.275848e+01,2.286004e+01,2.265683e+01,2.246681e+01,2.222198e+01,2.197656e+01,2.203797e+01,2.218793e+01,2.270428e+01,2.271783e+01,2.313035e+01,2.337304e+01,2.374941e+01,2.396387e+01,2.428473e+01,2.451807e+01,2.455136e+01,2.453805e+01,2.442480e+01,2.392369e+01,2.352106e+01,2.278557e+01,2.213342e+01,2.178527e+01,2.133294e+01,2.114732e+01,2.113355e+01,2.111291e+01,2.089239e+01,2.081648e+01,2.091998e+01,2.083719e+01,2.082338e+01,2.090619e+01,2.085099e+01,2.080957e+01,2.072669e+01,2.062299e+01,2.065757e+01,2.063682e+01,2.066448e+01,2.056071e+01,2.058148e+01,2.058148e+01,2.060223e+01,2.064374e+01,2.066448e+01,2.075432e+01,2.096135e+01,2.089239e+01,2.082338e+01,2.090619e+01,2.099582e+01,2.097514e+01,2.099582e+01,2.092688e+01,2.077505e+01,2.078886e+01,2.082338e+01,2.068522e+01,2.070596e+01,2.067139e+01,2.077505e+01,2.067139e+01,2.066448e+01,2.068522e+01,2.069905e+01,2.067831e+01,2.071978e+01,2.069905e+01,2.071287e+01,2.062299e+01,2.058148e+01,2.055379e+01,2.058148e+01,2.060223e+01,2.058148e+01,2.062990e+01,2.074742e+01,2.063682e+01,2.061607e+01,2.051918e+01,2.054687e+01,2.053995e+01,2.053303e+01,2.047762e+01,2.058840e+01,2.046377e+01,2.050533e+01,2.053303e+01,2.042219e+01,2.040140e+01,2.049148e+01,2.051918e+01,2.045684e+01,2.049148e+01,2.051918e+01,2.047070e+01,2.054687e+01,2.041526e+01,2.049840e+01,2.047070e+01,2.047070e+01,2.043605e+01,2.047070e+01,2.056071e+01,2.056071e+01,2.052610e+01,2.048455e+01,2.047762e+01,2.047762e+01,2.048455e+01,2.045684e+01,2.051225e+01,2.040833e+01,2.051918e+01,2.039447e+01,2.047762e+01,2.050533e+01,2.049148e+01,2.032512e+01,2.032512e+01,2.049148e+01,2.037366e+01,2.046377e+01,2.038060e+01,2.047762e+01,2.040833e+01,2.040833e+01,2.049148e+01,2.047070e+01,2.049148e+01,2.048455e+01,2.043605e+01,2.048455e+01,2.053303e+01,2.043605e+01,2.031818e+01,2.033205e+01,2.046377e+01,2.042912e+01,2.044991e+01,2.038753e+01,2.038753e+01,2.035980e+01,2.032512e+01,2.036673e+01,2.038060e+01,2.039447e+01,2.037366e+01,2.033899e+01,2.033899e+01,2.041526e+01,2.043605e+01,2.036673e+01,2.039447e+01,2.038060e+01,2.031124e+01,2.043605e+01,2.052610e+01,2.044298e+01,2.039447e+01,2.038060e+01,2.051918e+01,2.052610e+01,2.049148e+01,2.048455e+01,2.059531e+01,2.057456e+01,2.044991e+01,2.051918e+01,2.052610e+01,2.051918e+01,2.050533e+01,2.053303e+01,2.051225e+01,2.052610e+01,2.045684e+01,2.052610e+01,2.051225e+01,2.054687e+01,2.052610e+01,2.053303e+01,2.053995e+01,2.054687e+01,2.049840e+01,2.056763e+01,2.053303e+01,2.047762e+01,2.047070e+01,2.047070e+01,2.055379e+01,2.051225e+01,2.054687e+01,2.051225e+01,2.058840e+01,2.044991e+01,2.044991e+01,2.051225e+01,2.040140e+01,2.037366e+01,2.042219e+01,2.038753e+01,2.042912e+01,2.054687e+01,2.042219e+01,2.049840e+01,2.056763e+01,2.042219e+01,2.053303e+01,2.053303e+01,2.050533e+01,2.052610e+01,2.053303e+01,2.060223e+01,2.047762e+01,2.049840e+01,2.062990e+01,2.056763e+01,2.058148e+01,2.060915e+01,2.058840e+01,2.056071e+01,2.054687e+01,2.062990e+01,2.051225e+01,2.051225e+01,2.047762e+01,2.044298e+01,2.053995e+01,2.054687e+01,2.059531e+01,2.058148e+01,2.056071e+01,2.054687e+01,2.059531e+01,2.067139e+01,2.058840e+01,2.064374e+01,2.069213e+01,2.066448e+01,2.063682e+01,2.053303e+01,2.069905e+01,2.069213e+01,2.062299e+01,2.058840e+01,2.056071e+01,2.056071e+01,2.063682e+01,2.051918e+01,2.065065e+01,2.065757e+01,2.056763e+01,2.059531e+01,2.058148e+01,2.072669e+01,2.067831e+01,2.070596e+01,2.081648e+01,2.061607e+01,2.074742e+01,2.058840e+01,2.066448e+01,2.058148e+01,2.060223e+01,2.060223e+01,2.074051e+01,2.069905e+01,2.062990e+01,2.062299e+01,2.063682e+01,2.062990e+01,2.059531e+01,2.046377e+01,2.043605e+01,2.044298e+01,2.042219e+01,2.039447e+01,2.040833e+01,2.040140e+01,2.024183e+01,2.020711e+01,2.022100e+01,2.022794e+01,2.015848e+01,2.006114e+01,2.004027e+01,2.005419e+01,2.002636e+01,2.011677e+01,1.997764e+01,1.999852e+01,1.995675e+01,2.005419e+01,1.997068e+01,1.997068e+01,2.000548e+01,2.007505e+01,1.995675e+01,2.004723e+01,2.001940e+01,2.005419e+01,2.000548e+01,2.033205e+01,2.028348e+01,2.035286e+01,2.055379e+01,2.062990e+01,2.083028e+01,2.085789e+01,2.103716e+01,2.127798e+01,2.153194e+01,2.157306e+01,2.170318e+01,2.181945e+01,2.196291e+01,2.170318e+01,2.190828e+01,2.189462e+01,2.170318e+01,2.186729e+01,2.181945e+01,2.158677e+01,2.149080e+01,2.134668e+01,2.142906e+01,2.120923e+01,2.120235e+01,2.113355e+01,2.128485e+01,2.121611e+01,2.130546e+01,2.114044e+01,2.114044e+01,2.116796e+01,2.111979e+01,2.116108e+01,2.109225e+01,2.112667e+01,2.114044e+01,2.102338e+01,2.114044e+01,2.096825e+01,2.098203e+01,2.105782e+01,2.103716e+01,2.100960e+01,2.105094e+01,2.103027e+01,2.086479e+01,2.098893e+01,2.096825e+01,2.092688e+01,2.090619e+01,2.094757e+01,2.095446e+01,2.093377e+01,2.098203e+01,2.099582e+01,2.089929e+01,2.092688e+01,2.096825e+01,2.106471e+01,2.105782e+01,2.089929e+01,2.095446e+01,2.090619e+01,2.094757e+01,2.091998e+01,2.092688e+01,2.089239e+01,2.094067e+01,2.094757e+01,2.096825e+01,2.094067e+01,2.090619e+01,2.097514e+01,2.093377e+01,2.087859e+01,2.092688e+01,2.092688e+01,2.089929e+01,2.095446e+01,2.097514e+01,2.101649e+01,2.101649e+01,2.106471e+01,2.091308e+01,2.093377e+01,2.101649e+01,2.102338e+01,2.099582e+01,2.114732e+01,2.104405e+01,2.107160e+01,2.105782e+01,2.112667e+01,2.107848e+01,2.114732e+01,2.111979e+01,2.098893e+01,2.111291e+01,2.114044e+01,2.116108e+01,2.104405e+01,2.116108e+01,2.113355e+01,2.097514e+01,2.107160e+01,2.112667e+01,2.109914e+01,2.119548e+01,2.128485e+01,2.114044e+01,2.103027e+01,2.114044e+01,2.114732e+01,2.105782e+01,2.097514e+01,2.103716e+01,2.104405e+01,2.111291e+01,2.103716e+01,2.102338e+01,2.103027e+01,2.101649e+01,2.099582e+01,2.103027e+01,2.096825e+01,2.098203e+01,2.107848e+01,2.111291e+01,2.109225e+01,2.097514e+01,2.089929e+01,2.102338e+01,2.102338e+01,2.089929e+01,2.092688e+01,2.097514e+01,2.102338e+01,2.097514e+01,2.096135e+01,2.097514e+01,2.103027e+01,2.094067e+01,2.088549e+01,2.089239e+01,2.088549e+01,2.105782e+01,2.100271e+01
2.114732e+01,2.099582e+01,2.107160e+01,2.100960e+01,2.104405e+01,2.107160e+01,2.106471e+01,2.105094e+01,2.090619e+01,2.108537e+01,2.114732e+01,2.114732e+01,2.113355e+01,2.111979e+01,2.111979e+01,2.100960e+01,2.103716e+01,2.103716e+01,2.101649e+01,2.109225e+01,2.111979e+01,2.116108e+01,2.110602e+01,2.103027e+01,2.104405e+01,2.103716e+01,2.111979e+01,2.114732e+01,2.103027e+01,2.116796e+01,2.107848e+01,2.103716e+01,2.111979e+01,2.109225e+01,2.116108e+01,2.109225e+01,2.107160e+01,2.109914e+01,2.106471e+01,2.107848e+01,2.105094e+01,2.107160e+01,2.116796e+01,2.118172e+01,2.111979e+01,2.107848e+01,2.107160e+01,2.107848e+01,2.103716e+01,2.114044e+01,2.114732e+01,2.116108e+01,2.112667e+01,2.111291e+01,2.107160e+01,2.107160e+01,2.113355e+01,2.104405e+01,2.112667e+01,2.113355e+01,2.113355e+01,2.111291e+01,2.117484e+01,2.110602e+01,2.151137e+01,2.116108e+01,2.105782e+01,2.118172e+01,2.107848e+01,2.118172e+01,2.117484e+01,2.111291e+01,2.112667e+01,2.115420e+01,2.111979e+01,2.109225e+01,2.107848e+01,2.103716e+01,2.106471e+01,2.114044e+01,2.107848e+01,2.111979e+01,2.111979e+01,2.119548e+01,2.114732e+01,2.118172e+01,2.118860e+01,2.120235e+01,2.110602e+01,2.115420e+01,2.114044e+01,2.114732e+01,2.108537e+01,2.116108e+01,2.107848e+01,2.113355e+01,2.114044e+01,2.112667e+01,2.116796e+01,2.116108e+01,2.115420e+01,2.112667e+01,2.109225e+01,2.118172e+01,2.114732e+01,2.103027e+01,2.113355e+01,2.113355e+01,2.127798e+01,2.122298e+01,2.116796e+01,2.113355e+01,2.116108e+01,2.110602e+01,2.114732e+01,2.113355e+01,2.111291e+01,2.111979e+01,2.109225e+01,2.111291e+01,2.117484e+01,2.109225e+01,2.109914e+01,2.116108e+01,2.111291e+01,2.114044e+01,2.112667e+01,2.109914e+01,2.108537e+01,2.110602e+01,2.114044e+01,2.113355e+01,2.109914e+01,2.109225e+01,2.111291e+01,2.108537e+01,2.111979e+01,2.111979e+01,2.118172e+01,2.109914e+01,2.111979e+01,2.115420e+01,2.115420e+01,2.113355e+01,2.114044e+01,2.109914e+01,2.107160e+01,2.108537e+01,2.108537e+01,2.111979e+01,2.118172e+01,2.121611e+01,2.115420e+01,2.113355e+01,2.113355e+01,2.108537e+01,2.113355e+01,2.114044e+01,2.102338e+01,2.104405e+01,2.107848e+01,2.116108e+01,2.113355e+01,2.114044e+01,2.114044e+01,2.111291e+01,2.111291e+01,2.109225e+01,2.116796e+01,2.108537e+01,2.107848e+01,2.109225e+01,2.113355e+01,2.116108e+01,2.119548e+01,2.120235e+01,2.129172e+01,2.122986e+01,2.136728e+01,2.136728e+01,2.138101e+01,2.140847e+01,2.153880e+01,2.183312e+01,2.191511e+01,2.223560e+01,2.242604e+01,2.279235e+01,2.288033e+01,2.286680e+01,2.288710e+01,2.283974e+01,2.269073e+01,2.271783e+01,2.294121e+01,2.350089e+01,2.358827e+01,2.374270e+01,2.426471e+01,2.435145e+01,2.470437e+01,2.452473e+01,2.490360e+01,2.489033e+01,2.453139e+01,2.422465e+01,2.387010e+01,2.311011e+01,2.246002e+01,2.201750e+01,2.120235e+01,2.130546e+01,2.101649e+01,2.091998e+01,2.105782e+01,2.079576e+01,2.098203e+01,2.084409e+01,2.082338e+01,2.084409e+01,2.079576e+01,2.071978e+01,2.069213e+01,2.065757e+01,2.071978e+01,2.076123e+01,2.058840e+01,2.065757e+01,2.053995e+01,2.059531e+01,2.078195e+01,2.083719e+01,2.070596e+01,2.073360e+01,2.087859e+01,2.094067e+01,2.107848e+01,2.089239e+01,2.091998e+01,2.094757e+01,2.091308e+01,2.069213e+01,2.080957e+01,2.076123e+01,2.071287e+01,2.076814e+01,2.078195e+01,2.065065e+01,2.065065e+01,2.067139e+01,2.065065e+01,2.068522e+01,2.054687e+01,2.067139e+01,2.069905e+01,2.066448e+01,2.057456e+01,2.054687e+01,2.062990e+01,2.060223e+01,2.056763e+01,2.058148e+01,2.059531e+01,2.071287e+01,2.044991e+01,2.056071e+01,2.061607e+01,2.051225e+01,2.053303e+01,2.056071e+01,2.053995e+01,2.058840e+01,2.049148e+01,2.056763e+01,2.054687e+01,2.047762e+01,2.051918e+01,2.044298e+01,2.042912e+01,2.053303e+01,2.051918e+01,2.054687e+01,2.049840e+01,2.049148e+01,2.048455e+01,2.054687e+01,2.053303e+01,2.058148e+01,2.057456e+01,2.053995e+01,2.051225e+01,2.055379e+01,2.042912e+01,2.055379e+01,2.055379e+01,2.046377e+01,2.047762e+01,2.049148e+01,2.032512e+01,2.046377e+01,2.044991e+01,2.042219e+01,2.042912e+01,2.049840e+01,2.042219e+01,2.040833e+01,2.043605e+01,2.041526e+01,2.047762e+01,2.045684e+01,2.045684e+01,2.035980e+01,2.048455e+01,2.044298e+01,2.047762e+01,2.046377e+01,2.046377e+01,2.047070e+01,2.034592e+01,2.039447e+01,2.039447e+01,2.042219e+01,2.044991e+01,2.037366e+01,2.035286e+01,2.034592e+01,2.047762e+01,2.023489e+01,2.045684e+01,2.039447e+01,2.044298e+01,2.035286e+01,2.031818e+01,2.033899e+01,2.041526e+01,2.034592e+01,2.029736e+01,2.043605e+01,2.036673e+01,2.031818e+01,2.028348e+01,2.044298e+01,2.042912e+01,2.035286e+01,2.042912e+01,2.035286e+01,2.048455e+01,2.047762e+01,2.040140e+01,2.048455e+01,2.044298e+01,2.047762e+01,2.049148e+01,2.053303e+01,2.058148e+01,2.049148e+01,2.053995e+01,2.051225e+01,2.050533e+01,2.048455e+01,2.040833e+01,2.051225e+01,2.050533e+01,2.047762e+01,2.045684e+01,2.047070e+01,2.056071e+01,2.050533e+01,2.059531e+01,2.053303e+01,2.044298e+01,2.048455e+01,2.046377e+01,2.057456e+01,2.069905e+01,2.047762e+01,2.044991e+01,2.052610e+01,2.050533e+01,2.041526e+01,2.062299e+01,2.048455e+01,2.056763e+01,2.042912e+01,2.045684e+01,2.043605e+01,2.036673e+01,2.048455e+01,2.051225e+01,2.042912e+01,2.040833e+01,2.047762e+01,2.042219e+01,2.049840e+01,2.051918e+01,2.053303e+01,2.049148e+01,2.049840e+01,2.048455e+01,2.053995e+01,2.051225e+01,2.049148e+01,2.055379e+01,2.062990e+01,2.056071e+01,2.062299e+01,2.063682e+01,2.063682e+01,2.062299e+01,2.064374e+01,2.065757e+01,2.056763e+01,2.060223e+01,2.053995e+01,2.059531e+01,2.062299e+01,2.058148e+01,2.046377e+01,2.060223e+01,2.057456e+01,2.053303e+01,2.060223e+01,2.062990e+01,2.065757e+01,2.066448e+01,2.056071e+01,2.058148e+01,2.068522e+01,2.071978e+01,2.054687e+01,2.066448e+01,2.065757e+01,2.069213e+01,2.053303e+01,2.060223e+01,2.061607e+01,2.067139e+01,2.060223e+01,2.056071e+01,2.062299e+01,2.059531e+01,2.060915e+01,2.058840e+01,2.065065e+01,2.066448e+01,2.071287e+01,2.071978e+01,2.073360e+01,2.071287e+01,2.071978e+01,2.072669e+01,2.075432e+01,2.067831e+01,2.069905e+01,2.059531e+01,2.067831e+01,2.072669e+01,2.062299e+01,2.065757e+01,2.060915e+01,2.065065e+01,2.044298e+01,2.044298e+01,2.040833e+01,2.044991e+01,2.050533e+01,2.042912e+01,2.043605e+01,2.049840e+01,2.047762e+01,2.026266e+01,2.015848e+01,2.021405e+01,2.004027e+01,2.007505e+01,2.003332e+01,2.004027e+01,2.008201e+01,2.003332e+01,1.996371e+01,2.011677e+01,2.012372e+01,2.004027e+01,1.999156e+01,2.001244e+01,2.001940e+01,1.986619e+01,2.001244e+01,2.001244e+01,2.007505e+01,2.024183e+01,2.022100e+01,2.035980e+01,2.030430e+01,2.060223e+01,2.060915e+01,2.085789e+01,2.102338e+01,2.107848e+01,2.132607e+01,2.154565e+01,2.133981e+01,2.157306e+01,2.181945e+01,2.188096e+01,2.181945e+01,2.183312e+01,2.174423e+01,2.168949e+01,2.167580e+01,2.155250e+01,2.157991e+01,2.153194e+01,2.129172e+01,2.129172e+01,2.111291e+01,2.108537e+01,2.109914e+01,2.117484e+01,2.113355e+01,2.129172e+01,2.114044e+01,2.113355e+01,2.114732e+01,2.101649e+01,2.105094e+01,2.105782e+01,2.100271e+01,2.109225e+01,2.107848e+01,2.105094e+01,2.106471e+01,2.116796e+01,2.105782e+01,2.102338e+01,2.103027e+01,2.105094e+01,2.100960e+01,2.088549e+01,2.100960e+01,2.087859e+01,2.091308e+01,2.091998e+01,2.118860e+01,2.092688e+01,2.088549e+01,2.087169e+01,2.097514e+01,2.102338e+01,2.098203e+01,2.100960e+01,2.098203e+01,2.100960e+01,2.090619e+01,2.099582e+01,2.094757e+01,2.091998e+01,2.117484e+01,2.092688e+01,2.091308e+01,2.091998e+01,2.091998e+01,2.095446e+01,2.087859e+01,2.095446e+01,2.086479e+01,2.090619e+01,2.096135e+01,2.105782e+01,2.096825e+01,2.092688e+01,2.095446e+01,2.100271e+01,2.113355e+01,2.093377e+01,2.103027e+01,2.092688e+01,2.096135e+01,2.094757e+01,2.091998e+01,2.102338e+01,2.111291e+01,2.098203e+01,2.095446e+01,2.103027e+01,2.095446e+01,2.100960e+01,2.104405e+01,2.089929e+01,2.097514e+01,2.116108e+01,2.103716e+01,2.119548e+01,2.122298e+01,2.112667e+01,2.094067e+01,2.113355e+01,2.107848e+01,2.111291e+01,2.112667e+01,2.109914e+01,2.129172e+01,2.112667e+01,2.110602e+01,2.114044e+01,2.112667e+01,2.103716e+01,2.105782e+01,2.105094e+01,2.106471e+01,2.107160e+01,2.094067e+01,2.106471e+01,2.102338e+01,2.099582e+01,2.096135e+01,2.104405e+01,2.105782e+01,2.098893e+01,2.105782e+01,2.098893e+01,2.092688e+01,2.097514e+01,2.085789e+01,2.091308e+01,2.094757e+01,2.089929e+01,2.096825e+01,2.102338e+01,2.090619e+01,2.096825e+01,2.101649e+01,2.087169e+01,2.092688e+01,2.091998e+01,2.095446e+01,2.097514e+01,2.091308e+01,2.097514e+01,2.107848e+01
2.111291e+01,2.105094e+01,2.110602e+01,2.107848e+01,2.111979e+01,2.131920e+01,2.103716e+01,2.107160e+01,2.105782e+01,2.102338e+01,2.108537e+01,2.114732e+01,2.117484e+01,2.109914e+01,2.116796e+01,2.105782e+01,2.102338e+01,2.102338e+01,2.098893e+01,2.100271e+01,2.107848e+01,2.105782e+01,2.109225e+01,2.107848e+01,2.109914e+01,2.120235e+01,2.115420e+01,2.116108e+01,2.109914e+01,2.111979e+01,2.113355e+01,2.111291e+01,2.106471e+01,2.107848e+01,2.124361e+01,2.105094e+01,2.116108e+01,2.106471e+01,2.105782e+01,2.118172e+01,2.109225e+01,2.107848e+01,2.118860e+01,2.107848e+01,2.109914e+01,2.119548e+01,2.108537e+01,2.120923e+01,2.111291e+01,2.105782e+01,2.110602e+01,2.111291e+01,2.111979e+01,2.115420e+01,2.110602e+01,2.120235e+01,2.119548e+01,2.111979e+01,2.114732e+01,2.104405e+01,2.119548e+01,2.120235e+01,2.120923e+01,2.122986e+01,2.113355e+01,2.117484e+01,2.131920e+01,2.115420e+01,2.107160e+01,2.120235e+01,2.114732e+01,2.115420e+01,2.112667e+01,2.116108e+01,2.100960e+01,2.102338e+01,2.107848e+01,2.118172e+01,2.107160e+01,2.109225e+01,2.106471e+01,2.114732e+01,2.114732e+01,2.119548e+01,2.118172e+01,2.109914e+01,2.107160e+01,2.109914e+01,2.122298e+01,2.114044e+01,2.118860e+01,2.116796e+01,2.112667e+01,2.125048e+01,2.111291e+01,2.113355e+01,2.115420e+01,2.114732e+01,2.116108e+01,2.113355e+01,2.084409e+01,2.107160e+01,2.105094e+01,2.108537e+01,2.105782e+01,2.116796e+01,2.120235e+01,2.113355e+01,2.113355e+01,2.116796e+01,2.117484e+01,2.117484e+01,2.111291e+01,2.114732e+01,2.129172e+01,2.108537e+01,2.111291e+01,2.116108e+01,2.123674e+01,2.120923e+01,2.111979e+01,2.118860e+01,2.117484e+01,2.113355e+01,2.118860e+01,2.117484e+01,2.109914e+01,2.111979e+01,2.112667e+01,2.120235e+01,2.114732e+01,2.115420e+01,2.110602e+01,2.110602e+01,2.118172e+01,2.110602e+01,2.112667e+01,2.109914e+01,2.111291e+01,2.114044e+01,2.116796e+01,2.116108e+01,2.118172e+01,2.114044e+01,2.115420e+01,2.122986e+01,2.115420e+01,2.106471e+01,2.111291e+01,2.117484e+01,2.107848e+01,2.109914e+01,2.113355e+01,2.114044e+01,2.114732e+01,2.116796e+01,2.114732e+01,2.115420e+01,2.115420e+01,2.118860e+01,2.116796e+01,2.118172e+01,2.120923e+01,2.111979e+01,2.114732e+01,2.113355e+01,2.117484e+01,2.113355e+01,2.116108e+01,2.117484e+01,2.118860e+01,2.117484e+01,2.119548e+01,2.113355e+01,2.116796e+01,2.120923e+01,2.129859e+01,2.125048e+01,2.129172e+01,2.136041e+01,2.138788e+01,2.147708e+01,2.168264e+01,2.177159e+01,2.196291e+01,2.217430e+01,2.246002e+01,2.262971e+01,2.293444e+01,2.298853e+01,2.317084e+01,2.317084e+01,2.335283e+01,2.360843e+01,2.354123e+01,2.389020e+01,2.421129e+01,2.439147e+01,2.469772e+01,2.472431e+01,2.491024e+01,2.491024e+01,2.491024e+01,2.477747e+01,2.439813e+01,2.391699e+01,2.341343e+01,2.292092e+01,2.214024e+01,2.174423e+01,2.119548e+01,2.103716e+01,2.091308e+01,2.103027e+01,2.083028e+01,2.083719e+01,2.085789e+01,2.080267e+01,2.084409e+01,2.088549e+01,2.080267e+01,2.078195e+01,2.068522e+01,2.069213e+01,2.068522e+01,2.067831e+01,2.053995e+01,2.062990e+01,2.059531e+01,2.061607e+01,2.063682e+01,2.067139e+01,2.065757e+01,2.085789e+01,2.089929e+01,2.087169e+01,2.101649e+01,2.097514e+01,2.083719e+01,2.089239e+01,2.080267e+01,2.081648e+01,2.085789e+01,2.071287e+01,2.080957e+01,2.066448e+01,2.071287e+01,2.073360e+01,2.061607e+01,2.064374e+01,2.062299e+01,2.069905e+01,2.064374e+01,2.067831e+01,2.058840e+01,2.056763e+01,2.062990e+01,2.071287e+01,2.058148e+01,2.060915e+01,2.060915e+01,2.055379e+01,2.058148e+01,2.058840e+01,2.060915e+01,2.059531e+01,2.056071e+01,2.050533e+01,2.049148e+01,2.056763e+01,2.059531e+01,2.042912e+01,2.033205e+01,2.052610e+01,2.057456e+01,2.047762e+01,2.049840e+01,2.044298e+01,2.051225e+01,2.042219e+01,2.045684e+01,2.041526e+01,2.039447e+01,2.053303e+01,2.049148e+01,2.049840e+01,2.048455e+01,2.042912e+01,2.047762e+01,2.043605e+01,2.058840e+01,2.040140e+01,2.053303e+01,2.057456e+01,2.044298e+01,2.050533e+01,2.053303e+01,2.052610e+01,2.053995e+01,2.054687e+01,2.042912e+01,2.049840e+01,2.049840e+01,2.045684e+01,2.044991e+01,2.049148e+01,2.044298e+01,2.046377e+01,2.042912e+01,2.042219e+01,2.045684e+01,2.045684e+01,2.044991e+01,2.047070e+01,2.046377e+01,2.044991e+01,2.052610e+01,2.041526e+01,2.039447e+01,2.046377e+01,2.042219e+01,2.043605e+01,2.033899e+01,2.035980e+01,2.044298e+01,2.051225e+01,2.037366e+01,2.048455e+01,2.044991e+01,2.033205e+01,2.040833e+01,2.034592e+01,2.032512e+01,2.033899e+01,2.040833e+01,2.033899e+01,2.042219e+01,2.039447e+01,2.035286e+01,2.038060e+01,2.049148e+01,2.051225e+01,2.042219e+01,2.050533e+01,2.035286e+01,2.044298e+01,2.050533e+01,2.038060e+01,2.041526e+01,2.042219e+01,2.044298e+01,2.049148e+01,2.047070e+01,2.049148e+01,2.042219e+01,2.050533e+01,2.052610e+01,2.053303e+01,2.049840e+01,2.051918e+01,2.049840e+01,2.051225e+01,2.060915e+01,2.051918e+01,2.052610e+01,2.052610e+01,2.053303e+01,2.048455e+01,2.049148e+01,2.053303e+01,2.047070e+01,2.060915e+01,2.051918e+01,2.056071e+01,2.053303e+01,2.048455e+01,2.059531e+01,2.058148e+01,2.047070e+01,2.058148e+01,2.058840e+01,2.047762e+01,2.052610e+01,2.048455e+01,2.046377e+01,2.039447e+01,2.043605e+01,2.033205e+01,2.047070e+01,2.044991e+01,2.041526e+01,2.044991e+01,2.041526e+01,2.050533e+01,2.043605e+01,2.046377e+01,2.045684e+01,2.051225e+01,2.050533e+01,2.047762e+01,2.048455e+01,2.048455e+01,2.053303e+01,2.049840e+01,2.044298e+01,2.056071e+01,2.054687e+01,2.061607e+01,2.060223e+01,2.060915e+01,2.067831e+01,2.070596e+01,2.051918e+01,2.050533e+01,2.046377e+01,2.059531e+01,2.058148e+01,2.057456e+01,2.050533e+01,2.060223e+01,2.064374e+01,2.063682e+01,2.058148e+01,2.052610e+01,2.067831e+01,2.063682e+01,2.064374e+01,2.051225e+01,2.065065e+01,2.055379e+01,2.060915e+01,2.067831e+01,2.059531e+01,2.062299e+01,2.070596e+01,2.056763e+01,2.062299e+01,2.065065e+01,2.061607e+01,2.059531e+01,2.058148e+01,2.056763e+01,2.060223e+01,2.073360e+01,2.087859e+01,2.068522e+01,2.082338e+01,2.068522e+01,2.065065e+01,2.074742e+01,2.061607e+01,2.058840e+01,2.076814e+01,2.069905e+01,2.076123e+01,2.071978e+01,2.067139e+01,2.069213e+01,2.060223e+01,2.052610e+01,2.062299e+01,2.060223e+01,2.049148e+01,2.040833e+01,2.050533e+01,2.050533e+01,2.049148e+01,2.043605e+01,2.048455e+01,2.022100e+01,2.020711e+01,2.018627e+01,2.017237e+01,2.014458e+01,2.015153e+01,2.005419e+01,1.996371e+01,1.999156e+01,1.998460e+01,2.008201e+01,2.005419e+01,2.002636e+01,2.003332e+01,2.001940e+01,1.997764e+01,1.996371e+01,1.998460e+01,2.006114e+01,2.005419e+01,2.013068e+01,2.027654e+01,2.035286e+01,2.033899e+01,2.036673e+01,2.052610e+01,2.053303e+01,2.083028e+01,2.104405e+01,2.116108e+01,2.128485e+01,2.127798e+01,2.146336e+01,2.144964e+01,2.156621e+01,2.153880e+01,2.177159e+01,2.175791e+01,2.165526e+01,2.179894e+01,2.157991e+01,2.173739e+01,2.153194e+01,2.152508e+01,2.131233e+01,2.138788e+01,2.114044e+01,2.117484e+01,2.116108e+01,2.112667e+01,2.126423e+01,2.125048e+01,2.114044e+01,2.120235e+01,2.123674e+01,2.114044e+01,2.109914e+01,2.114044e+01,2.112667e+01,2.105782e+01,2.097514e+01,2.109225e+01,2.109225e+01,2.104405e+01,2.106471e+01,2.105094e+01,2.107160e+01,2.100271e+01,2.105782e+01,2.102338e+01,2.100960e+01,2.105782e+01,2.091998e+01,2.090619e+01,2.093377e+01,2.093377e+01,2.097514e+01,2.100271e+01,2.103716e+01,2.091308e+01,2.091308e+01,2.100960e+01,2.101649e+01,2.101649e+01,2.101649e+01,2.095446e+01,2.090619e+01,2.100271e+01,2.098893e+01,2.092688e+01,2.089929e+01,2.090619e+01,2.089239e+01,2.095446e+01,2.098203e+01,2.097514e+01,2.097514e+01,2.096825e+01,2.090619e+01,2.093377e+01,2.100271e+01,2.091998e+01,2.095446e+01,2.098893e+01,2.112667e+01,2.083719e+01,2.091308e+01,2.109914e+01,2.100960e+01,2.098203e+01,2.100271e+01,2.103716e+01,2.109225e+01,2.094067e+01,2.092688e+01,2.102338e+01,2.095446e+01,2.106471e+01,2.102338e+01,2.109225e+01,2.107160e+01,2.106471e+01,2.106471e+01,2.107160e+01,2.100960e+01,2.122298e+01,2.109225e+01,2.098203e+01,2.096825e+01,2.096135e+01,2.115420e+01,2.116796e+01,2.120235e+01,2.110602e+01,2.113355e+01,2.114044e+01,2.111979e+01,2.105782e+01,2.094067e+01,2.104405e+01,2.103716e+01,2.112667e+01,2.105094e+01,2.107160e+01,2.103027e+01,2.103716e+01,2.101649e+01,2.106471e+01,2.095446e+01,2.104405e+01,2.098203e+01,2.099582e+01,2.099582e+01,2.095446e+01,2.092688e+01,2.095446e+01,2.098893e+01,2.095446e+01,2.088549e+01,2.099582e+01,2.100960e+01,2.094757e+01,2.097514e+01,2.092688e+01,2.100271e+01,2.097514e+01,2.087859e+01,2.088549e+01,2.096825e+01,2.100960e+01,2.113355e+01
2.119548e+01,2.115420e+01,2.107160e+01,2.105782e+01,2.106471e+01,2.105094e+01,2.107160e+01,2.103027e+01,2.100960e+01,2.116796e+01,2.105782e+01,2.102338e+01,2.123674e+01,2.121611e+01,2.113355e+01,2.116796e+01,2.107848e+01,2.099582e+01,2.103716e+01,2.114732e+01,2.114044e+01,2.116796e+01,2.109914e+01,2.111291e+01,2.107848e+01,2.098893e+01,2.114044e+01,2.114044e+01,2.109914e+01,2.115420e+01,2.114044e+01,2.112667e+01,2.116796e+01,2.105782e+01,2.118172e+01,2.109225e+01,2.106471e+01,2.119548e+01,2.114044e+01,2.103027e+01,2.118860e+01,2.118172e+01,2.111979e+01,2.111291e+01,2.121611e+01,2.112667e+01,2.110602e+01,2.109225e+01,2.110602e+01,2.114044e+01,2.115420e+01,2.111979e+01,2.113355e+01,2.119548e+01,2.117484e+01,2.108537e+01,2.123674e+01,2.122298e+01,2.118860e+01,2.120235e+01,2.116796e+01,2.108537e+01,2.111291e+01,2.111979e+01,2.113355e+01,2.118172e+01,2.107160e+01,2.089929e+01,2.110602e+01,2.113355e+01,2.109914e+01,2.116108e+01,2.118860e+01,2.111979e+01,2.109225e+01,2.107160e+01,2.118860e+01,2.120235e+01,2.109225e+01,2.118860e+01,2.107848e+01,2.107160e+01,2.112667e+01,2.112667e+01,2.103027e+01,2.104405e+01,2.122986e+01,2.122298e+01,2.109225e+01,2.124361e+01,2.121611e+01,2.111979e+01,2.122298e+01,2.111291e+01,2.109914e+01,2.112667e+01,2.112667e+01,2.104405e+01,2.108537e+01,2.114044e+01,2.105782e+01,2.109225e+01,2.105782e+01,2.112667e+01,2.104405e+01,2.116108e+01,2.106471e+01,2.119548e+01,2.114044e+01,2.106471e+01,2.112667e+01,2.114044e+01,2.112667e+01,2.110602e+01,2.111979e+01,2.115420e+01,2.112667e+01,2.109914e+01,2.111291e+01,2.108537e+01,2.110602e+01,2.111979e+01,2.108537e+01,2.109914e+01,2.115420e+01,2.116108e+01,2.114044e+01,2.117484e+01,2.123674e+01,2.108537e+01,2.111979e+01,2.115420e+01,2.114732e+01,2.111291e+01,2.111291e+01,2.111291e+01,2.113355e+01,2.117484e+01,2.109914e+01,2.110602e+01,2.122986e+01,2.113355e+01,2.121611e+01,2.116796e+01,2.116796e+01,2.105094e+01,2.116108e+01,2.111979e+01,2.113355e+01,2.114044e+01,2.108537e+01,2.122298e+01,2.111291e+01,2.111979e+01,2.114044e+01,2.112667e+01,2.105782e+01,2.112667e+01,2.115420e+01,2.117484e+01,2.117484e+01,2.116796e+01,2.120235e+01,2.126423e+01,2.115420e+01,2.116108e+01,2.114732e+01,2.115420e+01,2.112667e+01,2.114732e+01,2.113355e+01,2.125048e+01,2.116796e+01,2.128485e+01,2.127798e+01,2.127798e+01,2.123674e+01,2.136041e+01,2.132607e+01,2.130546e+01,2.133981e+01,2.160732e+01,2.161417e+01,2.168949e+01,2.215387e+01,2.216749e+01,2.243284e+01,2.271783e+01,2.283974e+01,2.334610e+01,2.335957e+01,2.362858e+01,2.376954e+01,2.390360e+01,2.396387e+01,2.434478e+01,2.441147e+01,2.468442e+01,2.471766e+01,2.488370e+01,2.490360e+01,2.495004e+01,2.496993e+01,2.454471e+01,2.409768e+01,2.386340e+01,2.298853e+01,2.242604e+01,2.186729e+01,2.140161e+01,2.116796e+01,2.112667e+01,2.094067e+01,2.094757e+01,2.089929e+01,2.100960e+01,2.071978e+01,2.085099e+01,2.063682e+01,2.083028e+01,2.091998e+01,2.074742e+01,2.067831e+01,2.065757e+01,2.076123e+01,2.055379e+01,2.075432e+01,2.050533e+01,2.069905e+01,2.063682e+01,2.068522e+01,2.080267e+01,2.083719e+01,2.093377e+01,2.087169e+01,2.093377e+01,2.087859e+01,2.084409e+01,2.088549e+01,2.087169e+01,2.082338e+01,2.076814e+01,2.074051e+01,2.067831e+01,2.070596e+01,2.078195e+01,2.074051e+01,2.051918e+01,2.071287e+01,2.056763e+01,2.067831e+01,2.061607e+01,2.060223e+01,2.067139e+01,2.064374e+01,2.064374e+01,2.076123e+01,2.070596e+01,2.072669e+01,2.067139e+01,2.064374e+01,2.060915e+01,2.059531e+01,2.063682e+01,2.067831e+01,2.054687e+01,2.054687e+01,2.060223e+01,2.060223e+01,2.051225e+01,2.053303e+01,2.058148e+01,2.054687e+01,2.051918e+01,2.047762e+01,2.053303e+01,2.047070e+01,2.050533e+01,2.046377e+01,2.047762e+01,2.051918e+01,2.043605e+01,2.050533e+01,2.047070e+01,2.048455e+01,2.053995e+01,2.048455e+01,2.042219e+01,2.040833e+01,2.060223e+01,2.058840e+01,2.044991e+01,2.050533e+01,2.057456e+01,2.058148e+01,2.056763e+01,2.053995e+01,2.049148e+01,2.052610e+01,2.051918e+01,2.044298e+01,2.044298e+01,2.043605e+01,2.044298e+01,2.044991e+01,2.047070e+01,2.046377e+01,2.044991e+01,2.047762e+01,2.044298e+01,2.042912e+01,2.044298e+01,2.047070e+01,2.040833e+01,2.049148e+01,2.048455e+01,2.046377e+01,2.051918e+01,2.039447e+01,2.041526e+01,2.041526e+01,2.042219e+01,2.039447e+01,2.038060e+01,2.033205e+01,2.034592e+01,2.034592e+01,2.047762e+01,2.049148e+01,2.040140e+01,2.038753e+01,2.037366e+01,2.033899e+01,2.039447e+01,2.038753e+01,2.038753e+01,2.042219e+01,2.031124e+01,2.043605e+01,2.039447e+01,2.040140e+01,2.040140e+01,2.039447e+01,2.031124e+01,2.038060e+01,2.037366e+01,2.044991e+01,2.038753e+01,2.049148e+01,2.037366e+01,2.041526e+01,2.050533e+01,2.050533e+01,2.046377e+01,2.050533e+01,2.049148e+01,2.053995e+01,2.049148e+01,2.049148e+01,2.050533e+01,2.049148e+01,2.053303e+01,2.060915e+01,2.060223e+01,2.058148e+01,2.061607e+01,2.051918e+01,2.047762e+01,2.058148e+01,2.058840e+01,2.062299e+01,2.055379e+01,2.052610e+01,2.047762e+01,2.049148e+01,2.052610e+01,2.056071e+01,2.045684e+01,2.061607e+01,2.052610e+01,2.045684e+01,2.047762e+01,2.051918e+01,2.044991e+01,2.046377e+01,2.042219e+01,2.041526e+01,2.047762e+01,2.037366e+01,2.048455e+01,2.047762e+01,2.051918e+01,2.042219e+01,2.053995e+01,2.050533e+01,2.056071e+01,2.054687e+01,2.047762e+01,2.051225e+01,2.054687e+01,2.051225e+01,2.049148e+01,2.058148e+01,2.059531e+01,2.058840e+01,2.057456e+01,2.063682e+01,2.062990e+01,2.059531e+01,2.050533e+01,2.072669e+01,2.073360e+01,2.074051e+01,2.058840e+01,2.060223e+01,2.045684e+01,2.055379e+01,2.049148e+01,2.062990e+01,2.062990e+01,2.064374e+01,2.065757e+01,2.065065e+01,2.065757e+01,2.058840e+01,2.058148e+01,2.065065e+01,2.060223e+01,2.057456e+01,2.057456e+01,2.065065e+01,2.063682e+01,2.064374e+01,2.065757e+01,2.067139e+01,2.056763e+01,2.047070e+01,2.058148e+01,2.056763e+01,2.054687e+01,2.060915e+01,2.065065e+01,2.059531e+01,2.069905e+01,2.072669e+01,2.072669e+01,2.080957e+01,2.071978e+01,2.069213e+01,2.077505e+01,2.065065e+01,2.057456e+01,2.056763e+01,2.077505e+01,2.066448e+01,2.065757e+01,2.069905e+01,2.064374e+01,2.073360e+01,2.050533e+01,2.064374e+01,2.049148e+01,2.055379e+01,2.056071e+01,2.051918e+01,2.053995e+01,2.050533e+01,2.054687e+01,2.047762e+01,2.022100e+01,2.020016e+01,2.027654e+01,2.018627e+01,2.017932e+01,2.004027e+01,2.001244e+01,2.004027e+01,2.001244e+01,2.001244e+01,2.001940e+01,2.000548e+01,2.003332e+01,1.997764e+01,2.007505e+01,2.007505e+01,2.000548e+01,2.005419e+01,2.007505e+01,2.007505e+01,2.006810e+01,2.011677e+01,2.025571e+01,2.030430e+01,2.044298e+01,2.062990e+01,2.062299e+01,2.089239e+01,2.087859e+01,2.091308e+01,2.101649e+01,2.123674e+01,2.133294e+01,2.135355e+01,2.138101e+01,2.138101e+01,2.150451e+01,2.159362e+01,2.161417e+01,2.163472e+01,2.166895e+01,2.175107e+01,2.149766e+01,2.140161e+01,2.137415e+01,2.122986e+01,2.130546e+01,2.111979e+01,2.115420e+01,2.110602e+01,2.125736e+01,2.138788e+01,2.134668e+01,2.111291e+01,2.125736e+01,2.123674e+01,2.114044e+01,2.113355e+01,2.105094e+01,2.114044e+01,2.098893e+01,2.114732e+01,2.104405e+01,2.117484e+01,2.108537e+01,2.108537e+01,2.113355e+01,2.106471e+01,2.094757e+01,2.093377e+01,2.100271e+01,2.091998e+01,2.092688e+01,2.093377e+01,2.091308e+01,2.091308e+01,2.094067e+01,2.091308e+01,2.089239e+01,2.105094e+01,2.090619e+01,2.100271e+01,2.087859e+01,2.098203e+01,2.096135e+01,2.101649e+01,2.102338e+01,2.103716e+01,2.096135e+01,2.092688e+01,2.081648e+01,2.099582e+01,2.090619e+01,2.093377e+01,2.103027e+01,2.091308e+01,2.098203e+01,2.091998e+01,2.099582e+01,2.104405e+01,2.094067e+01,2.091308e+01,2.098893e+01,2.098893e+01,2.107160e+01,2.088549e+01,2.091998e+01,2.081648e+01,2.103027e+01,2.112667e+01,2.111979e+01,2.101649e+01,2.100960e+01,2.112667e+01,2.098893e+01,2.100271e+01,2.091308e+01,2.105094e+01,2.103716e+01,2.103716e+01,2.082338e+01,2.109914e+01,2.109225e+01,2.105782e+01,2.113355e+01,2.109225e+01,2.114732e+01,2.107160e+01,2.095446e+01,2.105782e+01,2.096135e+01,2.114044e+01,2.099582e+01,2.107848e+01,2.097514e+01,2.110602e+01,2.118172e+01,2.100271e+01,2.091308e+01,2.106471e+01,2.109914e+01,2.105094e+01,2.116108e+01,2.112667e+01,2.105094e+01,2.098203e+01,2.100271e+01,2.098203e+01,2.103716e+01,2.105094e+01,2.098893e+01,2.100960e+01,2.099582e+01,2.102338e+01,2.099582e+01,2.106471e+01,2.100271e+01,2.099582e+01,2.094067e+01,2.094067e+01,2.089239e+01,2.101649e+01,2.096825e+01,2.097514e+01,2.103716e+01,2.096825e+01,2.083719e+01,2.082338e+01,2.098893e+01,2.104405e+01,2.111291e+01
2.105094e+01,2.104405e+01,2.107848e+01,2.108537e+01,2.111291e+01,2.113355e+01,2.113355e+01,2.105782e+01,2.103027e+01,2.096825e+01,2.104405e+01,2.103716e+01,2.111979e+01,2.108537e+01,2.116796e+01,2.102338e+01,2.103027e+01,2.103027e+01,2.105094e+01,2.118172e+01,2.106471e+01,2.103716e+01,2.108537e+01,2.118860e+01,2.120235e+01,2.091998e+01,2.089929e+01,2.107160e+01,2.112667e+01,2.115420e+01,2.108537e+01,2.110602e+01,2.105782e+01,2.103716e+01,2.112667e+01,2.108537e+01,2.111291e+01,2.116796e+01,2.101649e+01,2.122986e+01,2.111979e+01,2.111291e+01,2.105094e+01,2.112667e+01,2.110602e+01,2.108537e+01,2.107848e+01,2.106471e+01,2.109225e+01,2.116108e+01,2.113355e+01,2.113355e+01,2.110602e+01,2.110602e+01,2.123674e+01,2.107848e+01,2.118172e+01,2.111979e+01,2.105094e+01,2.109225e+01,2.107848e+01,2.125048e+01,2.107848e+01,2.099582e+01,2.107160e+01,2.109225e+01,2.103027e+01,2.110602e+01,2.112667e+01,2.113355e+01,2.103027e+01,2.122298e+01,2.116108e+01,2.115420e+01,2.101649e+01,2.117484e+01,2.112667e+01,2.104405e+01,2.109914e+01,2.109914e+01,2.111979e+01,2.105094e+01,2.109225e+01,2.116796e+01,2.105094e+01,2.103716e+01,2.114732e+01,2.115420e+01,2.113355e+01,2.112667e+01,2.115420e+01,2.112667e+01,2.111979e+01,2.118860e+01,2.107848e+01,2.099582e+01,2.107160e+01,2.115420e+01,2.112667e+01,2.115420e+01,2.107848e+01,2.104405e+01,2.102338e+01,2.106471e+01,2.103716e+01,2.104405e+01,2.109914e+01,2.107848e+01,2.109914e+01,2.115420e+01,2.116108e+01,2.107848e+01,2.109914e+01,2.109225e+01,2.111979e+01,2.124361e+01,2.115420e+01,2.106471e+01,2.113355e+01,2.107848e+01,2.107160e+01,2.108537e+01,2.114044e+01,2.119548e+01,2.118172e+01,2.105782e+01,2.109225e+01,2.105094e+01,2.109914e+01,2.116796e+01,2.111979e+01,2.113355e+01,2.107848e+01,2.109914e+01,2.111979e+01,2.109225e+01,2.116108e+01,2.117484e+01,2.108537e+01,2.114044e+01,2.106471e+01,2.107160e+01,2.116796e+01,2.104405e+01,2.116796e+01,2.112667e+01,2.114732e+01,2.111291e+01,2.119548e+01,2.103716e+01,2.108537e+01,2.120923e+01,2.116796e+01,2.111291e+01,2.114044e+01,2.111291e+01,2.102338e+01,2.114732e+01,2.114732e+01,2.114044e+01,2.118860e+01,2.115420e+01,2.118172e+01,2.115420e+01,2.118172e+01,2.109914e+01,2.119548e+01,2.113355e+01,2.111979e+01,2.116108e+01,2.115420e+01,2.115420e+01,2.114732e+01,2.117484e+01,2.116796e+01,2.118860e+01,2.125736e+01,2.123674e+01,2.129172e+01,2.135355e+01,2.138788e+01,2.156621e+01,2.145650e+01,2.168949e+01,2.184679e+01,2.216068e+01,2.242604e+01,2.267717e+01,2.307635e+01,2.339323e+01,2.342016e+01,2.372257e+01,2.406425e+01,2.411106e+01,2.419125e+01,2.444479e+01,2.473096e+01,2.477082e+01,2.486379e+01,2.482396e+01,2.491024e+01,2.494341e+01,2.487042e+01,2.443813e+01,2.389020e+01,2.335283e+01,2.260936e+01,2.214024e+01,2.182629e+01,2.139474e+01,2.098893e+01,2.094757e+01,2.084409e+01,2.095446e+01,2.098893e+01,2.084409e+01,2.091308e+01,2.065757e+01,2.083028e+01,2.081648e+01,2.079576e+01,2.074742e+01,2.055379e+01,2.059531e+01,2.055379e+01,2.060223e+01,2.065757e+01,2.067831e+01,2.077505e+01,2.077505e+01,2.081648e+01,2.076814e+01,2.091998e+01,2.080267e+01,2.088549e+01,2.105782e+01,2.079576e+01,2.075432e+01,2.088549e+01,2.078886e+01,2.085789e+01,2.078195e+01,2.068522e+01,2.070596e+01,2.069213e+01,2.076123e+01,2.054687e+01,2.064374e+01,2.059531e+01,2.069905e+01,2.061607e+01,2.065065e+01,2.058840e+01,2.046377e+01,2.065065e+01,2.074742e+01,2.064374e+01,2.062299e+01,2.065757e+01,2.058840e+01,2.067139e+01,2.069213e+01,2.056763e+01,2.056763e+01,2.059531e+01,2.053303e+01,2.058840e+01,2.052610e+01,2.059531e+01,2.052610e+01,2.052610e+01,2.048455e+01,2.050533e+01,2.047762e+01,2.054687e+01,2.052610e+01,2.047070e+01,2.041526e+01,2.047762e+01,2.051918e+01,2.048455e+01,2.048455e+01,2.046377e+01,2.051225e+01,2.050533e+01,2.040833e+01,2.046377e+01,2.058148e+01,2.055379e+01,2.056071e+01,2.040140e+01,2.054687e+01,2.040140e+01,2.043605e+01,2.056071e+01,2.050533e+01,2.055379e+01,2.058148e+01,2.054687e+01,2.054687e+01,2.044991e+01,2.053995e+01,2.045684e+01,2.044991e+01,2.051918e+01,2.042912e+01,2.042219e+01,2.044991e+01,2.055379e+01,2.043605e+01,2.044298e+01,2.043605e+01,2.044298e+01,2.041526e+01,2.043605e+01,2.042219e+01,2.049840e+01,2.050533e+01,2.029042e+01,2.038753e+01,2.036673e+01,2.047762e+01,2.044298e+01,2.034592e+01,2.033899e+01,2.035286e+01,2.033205e+01,2.042219e+01,2.038060e+01,2.041526e+01,2.040833e+01,2.035286e+01,2.037366e+01,2.033899e+01,2.031124e+01,2.031818e+01,2.042219e+01,2.042912e+01,2.040833e+01,2.038753e+01,2.038753e+01,2.040833e+01,2.038753e+01,2.042219e+01,2.040140e+01,2.048455e+01,2.049148e+01,2.038060e+01,2.049840e+01,2.042912e+01,2.047762e+01,2.039447e+01,2.044298e+01,2.045684e+01,2.042912e+01,2.047070e+01,2.047762e+01,2.048455e+01,2.048455e+01,2.053995e+01,2.053995e+01,2.051918e+01,2.052610e+01,2.051918e+01,2.052610e+01,2.060915e+01,2.056763e+01,2.047762e+01,2.035286e+01,2.050533e+01,2.038753e+01,2.053303e+01,2.039447e+01,2.041526e+01,2.050533e+01,2.051225e+01,2.053303e+01,2.060915e+01,2.038060e+01,2.042912e+01,2.044991e+01,2.058148e+01,2.047070e+01,2.043605e+01,2.042912e+01,2.042219e+01,2.044298e+01,2.043605e+01,2.048455e+01,2.047070e+01,2.047762e+01,2.051918e+01,2.052610e+01,2.042219e+01,2.053303e+01,2.050533e+01,2.050533e+01,2.053995e+01,2.051918e+01,2.049148e+01,2.057456e+01,2.056763e+01,2.058148e+01,2.059531e+01,2.060223e+01,2.059531e+01,2.060223e+01,2.047070e+01,2.060915e+01,2.065065e+01,2.065757e+01,2.053995e+01,2.054687e+01,2.058148e+01,2.058148e+01,2.062990e+01,2.057456e+01,2.057456e+01,2.060223e+01,2.058148e+01,2.062299e+01,2.063682e+01,2.064374e+01,2.054687e+01,2.053995e+01,2.063682e+01,2.067831e+01,2.061607e+01,2.060223e+01,2.060915e+01,2.060915e+01,2.060915e+01,2.065757e+01,2.070596e+01,2.070596e+01,2.050533e+01,2.055379e+01,2.067139e+01,2.056071e+01,2.060915e+01,2.055379e+01,2.066448e+01,2.058840e+01,2.058148e+01,2.071287e+01,2.073360e+01,2.077505e+01,2.081648e+01,2.066448e+01,2.067831e+01,2.064374e+01,2.066448e+01,2.060915e+01,2.059531e+01,2.076814e+01,2.076123e+01,2.057456e+01,2.057456e+01,2.053995e+01,2.056763e+01,2.055379e+01,2.069905e+01,2.060223e+01,2.067831e+01,2.074051e+01,2.083719e+01,2.056071e+01,2.049148e+01,2.048455e+01,2.035980e+01,2.045684e+01,2.022100e+01,2.010287e+01,2.019321e+01,1.999156e+01,2.004027e+01,2.004723e+01,1.992890e+01,1.995675e+01,2.001244e+01,1.999852e+01,2.001244e+01,2.006810e+01,2.001244e+01,1.994979e+01,1.999852e+01,1.992890e+01,1.991496e+01,1.998460e+01,2.014458e+01,2.007505e+01,2.026960e+01,2.045684e+01,2.035980e+01,2.051918e+01,2.051918e+01,2.059531e+01,2.066448e+01,2.085789e+01,2.096825e+01,2.100960e+01,2.103716e+01,2.114044e+01,2.139474e+01,2.107160e+01,2.131233e+01,2.147022e+01,2.140161e+01,2.154565e+01,2.157306e+01,2.156621e+01,2.142220e+01,2.144964e+01,2.136728e+01,2.120235e+01,2.103716e+01,2.123674e+01,2.116108e+01,2.120923e+01,2.114044e+01,2.122986e+01,2.143592e+01,2.120235e+01,2.113355e+01,2.114732e+01,2.123674e+01,2.116108e+01,2.103716e+01,2.102338e+01,2.109225e+01,2.105782e+01,2.094757e+01,2.102338e+01,2.111291e+01,2.098893e+01,2.104405e+01,2.097514e+01,2.098893e+01,2.094757e+01,2.095446e+01,2.090619e+01,2.091308e+01,2.102338e+01,2.090619e+01,2.089239e+01,2.105094e+01,2.094757e+01,2.095446e+01,2.093377e+01,2.094757e+01,2.098203e+01,2.100960e+01,2.096825e+01,2.087859e+01,2.096825e+01,2.101649e+01,2.083719e+01,2.083719e+01,2.092688e+01,2.081648e+01,2.100960e+01,2.087859e+01,2.097514e+01,2.097514e+01,2.096825e+01,2.099582e+01,2.083719e+01,2.092688e+01,2.099582e+01,2.090619e+01,2.094757e+01,2.093377e+01,2.091998e+01,2.092688e+01,2.096135e+01,2.091308e+01,2.096135e+01,2.094067e+01,2.093377e+01,2.094757e+01,2.098203e+01,2.098203e+01,2.090619e+01,2.090619e+01,2.083719e+01,2.091308e+01,2.097514e+01,2.093377e+01,2.103716e+01,2.101649e+01,2.103027e+01,2.107160e+01,2.081648e+01,2.103027e+01,2.085099e+01,2.096825e+01,2.096825e+01,2.093377e+01,2.093377e+01,2.097514e+01,2.103027e+01,2.112667e+01,2.100271e+01,2.103716e+01,2.098893e+01,2.114044e+01,2.103027e+01,2.088549e+01,2.107160e+01,2.124361e+01,2.107848e+01,2.098893e+01,2.108537e+01,2.097514e+01,2.096825e+01,2.099582e+01,2.100271e+01,2.095446e+01,2.099582e+01,2.094067e+01,2.093377e+01,2.098203e+01,2.105782e+01,2.105782e+01,2.093377e+01,2.096135e+01,2.090619e+01,2.085789e+01,2.094757e+01,2.105094e+01,2.098203e+01,2.092688e+01,2.092688e+01,2.097514e+01,2.080957e+01,2.084409e+01,2.090619e+01,2.091998e+01,2.091308e+01,2.093377e+01
2.107160e+01,2.109914e+01,2.105094e+01,2.112667e+01,2.111291e+01,2.110602e+01,2.123674e+01,2.105782e+01,2.105782e+01,2.116796e+01,2.115420e+01,2.110602e+01,2.107160e+01,2.118860e+01,2.120235e+01,2.106471e+01,2.104405e+01,2.108537e+01,2.102338e+01,2.106471e+01,2.105782e+01,2.109225e+01,2.105782e+01,2.116796e+01,2.107160e+01,2.111291e+01,2.091998e+01,2.110602e+01,2.111291e+01,2.111291e+01,2.112667e+01,2.101649e+01,2.104405e+01,2.120923e+01,2.107848e+01,2.121611e+01,2.122986e+01,2.098893e+01,2.117484e+01,2.125048e+01,2.130546e+01,2.112667e+01,2.124361e+01,2.110602e+01,2.107848e+01,2.122298e+01,2.107848e+01,2.104405e+01,2.109225e+01,2.111979e+01,2.136728e+01,2.114044e+01,2.119548e+01,2.103027e+01,2.116108e+01,2.093377e+01,2.114044e+01,2.113355e+01,2.111979e+01,2.113355e+01,2.110602e+01,2.105094e+01,2.107160e+01,2.118172e+01,2.102338e+01,2.107848e+01,2.107848e+01,2.089929e+01,2.113355e+01,2.113355e+01,2.123674e+01,2.106471e+01,2.120235e+01,2.118860e+01,2.124361e+01,2.109914e+01,2.116796e+01,2.108537e+01,2.113355e+01,2.110602e+01,2.115420e+01,2.119548e+01,2.118172e+01,2.116796e+01,2.101649e+01,2.119548e+01,2.111291e+01,2.112667e+01,2.118172e+01,2.119548e+01,2.119548e+01,2.118172e+01,2.111979e+01,2.115420e+01,2.107160e+01,2.106471e+01,2.107848e+01,2.108537e+01,2.111291e+01,2.109914e+01,2.117484e+01,2.111979e+01,2.105782e+01,2.103027e+01,2.117484e+01,2.118172e+01,2.122298e+01,2.111291e+01,2.105094e+01,2.111291e+01,2.115420e+01,2.111979e+01,2.111291e+01,2.114732e+01,2.105782e+01,2.114044e+01,2.111979e+01,2.112667e+01,2.116108e+01,2.112667e+01,2.118860e+01,2.116108e+01,2.103716e+01,2.115420e+01,2.109914e+01,2.111291e+01,2.114732e+01,2.107848e+01,2.107848e+01,2.110602e+01,2.108537e+01,2.114732e+01,2.105782e+01,2.113355e+01,2.116108e+01,2.112667e+01,2.115420e+01,2.111291e+01,2.112667e+01,2.118860e+01,2.110602e+01,2.122298e+01,2.118860e+01,2.114732e+01,2.119548e+01,2.118172e+01,2.112667e+01,2.113355e+01,2.114732e+01,2.125736e+01,2.125048e+01,2.116796e+01,2.102338e+01,2.113355e+01,2.107848e+01,2.114044e+01,2.109914e+01,2.111979e+01,2.114732e+01,2.114732e+01,2.116108e+01,2.114044e+01,2.109225e+01,2.129859e+01,2.120235e+01,2.110602e+01,2.119548e+01,2.113355e+01,2.116108e+01,2.115420e+01,2.114732e+01,2.127110e+01,2.118172e+01,2.125736e+01,2.116108e+01,2.116796e+01,2.120923e+01,2.128485e+01,2.157991e+01,2.126423e+01,2.146336e+01,2.147022e+01,2.162787e+01,2.166211e+01,2.193560e+01,2.218793e+01,2.234447e+01,2.261614e+01,2.308310e+01,2.341343e+01,2.368230e+01,2.401742e+01,2.426471e+01,2.427138e+01,2.466447e+01,2.473096e+01,2.479739e+01,2.479075e+01,2.489697e+01,2.487706e+01,2.488370e+01,2.487042e+01,2.455136e+01,2.428473e+01,2.372928e+01,2.305609e+01,2.242604e+01,2.189462e+01,2.159362e+01,2.116108e+01,2.098203e+01,2.091998e+01,2.092688e+01,2.097514e+01,2.098203e+01,2.083028e+01,2.083719e+01,2.086479e+01,2.082338e+01,2.087859e+01,2.067831e+01,2.091998e+01,2.063682e+01,2.071978e+01,2.078195e+01,2.077505e+01,2.077505e+01,2.069213e+01,2.090619e+01,2.089239e+01,2.091998e+01,2.091308e+01,2.094757e+01,2.090619e+01,2.088549e+01,2.097514e+01,2.090619e+01,2.084409e+01,2.080957e+01,2.079576e+01,2.078195e+01,2.074051e+01,2.074051e+01,2.073360e+01,2.083719e+01,2.069213e+01,2.071287e+01,2.068522e+01,2.062990e+01,2.074051e+01,2.065065e+01,2.065757e+01,2.058148e+01,2.065065e+01,2.074742e+01,2.062990e+01,2.073360e+01,2.067139e+01,2.066448e+01,2.078886e+01,2.058840e+01,2.065757e+01,2.069905e+01,2.065065e+01,2.062990e+01,2.058840e+01,2.047762e+01,2.051918e+01,2.057456e+01,2.058840e+01,2.047070e+01,2.060915e+01,2.058840e+01,2.055379e+01,2.054687e+01,2.052610e+01,2.056071e+01,2.049840e+01,2.044298e+01,2.053995e+01,2.053995e+01,2.052610e+01,2.056071e+01,2.051918e+01,2.049148e+01,2.049148e+01,2.053995e+01,2.044298e+01,2.049148e+01,2.055379e+01,2.055379e+01,2.053303e+01,2.050533e+01,2.049840e+01,2.049840e+01,2.044298e+01,2.055379e+01,2.053995e+01,2.044991e+01,2.045684e+01,2.051918e+01,2.047070e+01,2.053303e+01,2.043605e+01,2.047070e+01,2.065065e+01,2.062990e+01,2.051918e+01,2.049148e+01,2.044298e+01,2.044991e+01,2.051918e+01,2.045684e+01,2.043605e+01,2.047070e+01,2.048455e+01,2.051918e+01,2.047762e+01,2.047762e+01,2.041526e+01,2.042912e+01,2.047070e+01,2.046377e+01,2.038753e+01,2.040833e+01,2.036673e+01,2.035286e+01,2.038060e+01,2.038753e+01,2.042912e+01,2.038753e+01,2.040140e+01,2.038060e+01,2.047070e+01,2.035286e+01,2.056763e+01,2.042912e+01,2.042912e+01,2.040833e+01,2.040833e+01,2.040140e+01,2.038753e+01,2.038753e+01,2.041526e+01,2.039447e+01,2.045684e+01,2.053995e+01,2.047762e+01,2.049148e+01,2.048455e+01,2.049840e+01,2.044991e+01,2.052610e+01,2.046377e+01,2.046377e+01,2.050533e+01,2.049840e+01,2.056763e+01,2.051225e+01,2.053995e+01,2.053303e+01,2.054687e+01,2.054687e+01,2.059531e+01,2.058840e+01,2.059531e+01,2.048455e+01,2.050533e+01,2.058840e+01,2.049148e+01,2.046377e+01,2.051225e+01,2.058840e+01,2.047762e+01,2.053995e+01,2.044298e+01,2.056071e+01,2.042219e+01,2.044991e+01,2.053995e+01,2.053303e+01,2.048455e+01,2.042912e+01,2.044991e+01,2.044298e+01,2.047762e+01,2.042219e+01,2.042912e+01,2.044298e+01,2.046377e+01,2.053303e+01,2.052610e+01,2.049148e+01,2.053995e+01,2.053995e+01,2.049840e+01,2.046377e+01,2.050533e+01,2.047762e+01,2.055379e+01,2.059531e+01,2.061607e+01,2.058148e+01,2.050533e+01,2.057456e+01,2.049840e+01,2.059531e+01,2.060223e+01,2.058148e+01,2.051225e+01,2.051918e+01,2.058148e+01,2.054687e+01,2.050533e+01,2.059531e+01,2.054687e+01,2.063682e+01,2.049840e+01,2.059531e+01,2.061607e+01,2.061607e+01,2.063682e+01,2.071978e+01,2.065757e+01,2.062299e+01,2.057456e+01,2.052610e+01,2.058148e+01,2.067831e+01,2.067831e+01,2.060223e+01,2.064374e+01,2.062299e+01,2.059531e+01,2.062990e+01,2.059531e+01,2.073360e+01,2.058148e+01,2.058840e+01,2.059531e+01,2.057456e+01,2.051918e+01,2.074742e+01,2.069905e+01,2.081648e+01,2.080957e+01,2.076814e+01,2.071287e+01,2.079576e+01,2.074742e+01,2.074051e+01,2.064374e+01,2.066448e+01,2.064374e+01,2.068522e+01,2.080957e+01,2.082338e+01,2.070596e+01,2.054687e+01,2.069213e+01,2.068522e+01,2.071287e+01,2.071978e+01,2.084409e+01,2.081648e+01,2.073360e+01,2.083719e+01,2.075432e+01,2.049840e+01,2.051918e+01,2.040833e+01,2.024877e+01,2.023489e+01,2.009591e+01,2.015848e+01,2.001244e+01,2.006114e+01,2.001940e+01,2.002636e+01,2.001940e+01,1.999852e+01,2.003332e+01,1.997068e+01,1.995675e+01,1.994979e+01,1.992193e+01,2.008896e+01,2.000548e+01,2.009591e+01,2.016542e+01,2.017932e+01,2.011677e+01,2.023489e+01,2.040140e+01,2.053995e+01,2.055379e+01,2.056071e+01,2.064374e+01,2.085789e+01,2.094757e+01,2.087859e+01,2.103716e+01,2.094757e+01,2.108537e+01,2.127798e+01,2.138788e+01,2.144964e+01,2.148394e+01,2.147022e+01,2.177159e+01,2.156621e+01,2.149080e+01,2.138101e+01,2.130546e+01,2.123674e+01,2.103716e+01,2.121611e+01,2.119548e+01,2.125048e+01,2.127798e+01,2.124361e+01,2.142220e+01,2.126423e+01,2.125048e+01,2.128485e+01,2.118860e+01,2.111291e+01,2.109225e+01,2.111979e+01,2.119548e+01,2.120923e+01,2.102338e+01,2.111291e+01,2.098203e+01,2.106471e+01,2.091998e+01,2.100960e+01,2.108537e+01,2.100271e+01,2.100271e+01,2.095446e+01,2.098893e+01,2.102338e+01,2.094067e+01,2.092688e+01,2.101649e+01,2.087859e+01,2.089239e+01,2.100271e+01,2.114044e+01,2.089929e+01,2.094757e+01,2.098203e+01,2.100271e+01,2.100271e+01,2.095446e+01,2.093377e+01,2.094757e+01,2.098893e+01,2.086479e+01,2.098203e+01,2.092688e+01,2.083028e+01,2.098203e+01,2.097514e+01,2.094067e+01,2.096135e+01,2.089929e+01,2.093377e+01,2.094757e+01,2.098203e+01,2.092688e+01,2.104405e+01,2.090619e+01,2.094067e+01,2.095446e+01,2.097514e+01,2.097514e+01,2.096825e+01,2.096135e+01,2.098203e+01,2.098893e+01,2.094067e+01,2.097514e+01,2.095446e+01,2.103716e+01,2.103716e+01,2.091308e+01,2.101649e+01,2.108537e+01,2.111291e+01,2.090619e+01,2.099582e+01,2.105094e+01,2.101649e+01,2.103027e+01,2.110602e+01,2.102338e+01,2.104405e+01,2.107848e+01,2.106471e+01,2.110602e+01,2.101649e+01,2.109225e+01,2.109225e+01,2.104405e+01,2.115420e+01,2.105782e+01,2.116108e+01,2.104405e+01,2.109225e+01,2.103716e+01,2.105782e+01,2.109225e+01,2.096135e+01,2.097514e+01,2.103027e+01,2.102338e+01,2.091998e+01,2.100271e+01,2.096825e+01,2.099582e+01,2.095446e+01,2.109225e+01,2.100271e+01,2.080267e+01,2.099582e+01,2.094757e+01,2.095446e+01,2.091998e+01,2.095446e+01,2.109225e+01,2.092688e+01,2.093377e+01,2.081648e+01,2.089239e+01,2.098203e+01,2.091998e+01,2.109225e+01,2.101649e+01
2.128485e+01,2.117484e+01,2.107848e+01,2.109225e+01,2.099582e+01,2.103027e+01,2.094067e+01,2.102338e+01,2.114732e+01,2.105782e+01,2.103716e+01,2.109225e+01,2.102338e+01,2.100271e+01,2.108537e+01,2.098203e+01,2.100960e+01,2.103027e+01,2.109914e+01,2.105782e+01,2.107160e+01,2.110602e+01,2.107160e+01,2.116108e+01,2.109914e+01,2.116796e+01,2.115420e+01,2.107160e+01,2.100271e+01,2.105094e+01,2.108537e+01,2.103027e+01,2.100960e+01,2.111979e+01,2.109225e+01,2.105782e+01,2.120235e+01,2.108537e+01,2.118860e+01,2.101649e+01,2.113355e+01,2.118172e+01,2.103027e+01,2.108537e+01,2.111979e+01,2.108537e+01,2.106471e+01,2.102338e+01,2.122298e+01,2.110602e+01,2.115420e+01,2.117484e+01,2.109225e+01,2.114732e+01,2.118860e+01,2.111291e+01,2.118172e+01,2.093377e+01,2.120235e+01,2.116108e+01,2.110602e+01,2.117484e+01,2.110602e+01,2.099582e+01,2.102338e+01,2.097514e+01,2.107848e+01,2.116108e+01,2.107848e+01,2.109914e+01,2.116796e+01,2.115420e+01,2.117484e+01,2.118172e+01,2.124361e+01,2.111291e+01,2.114044e+01,2.110602e+01,2.098203e+01,2.112667e+01,2.113355e+01,2.100271e+01,2.099582e+01,2.100960e+01,2.101649e+01,2.103027e+01,2.103027e+01,2.106471e+01,2.111291e+01,2.114732e+01,2.109914e+01,2.121611e+01,2.102338e+01,2.108537e+01,2.109914e+01,2.116108e+01,2.107160e+01,2.111979e+01,2.109225e+01,2.107160e+01,2.105094e+01,2.107160e+01,2.105094e+01,2.113355e+01,2.114732e+01,2.118172e+01,2.118860e+01,2.116108e+01,2.107160e+01,2.111291e+01,2.107160e+01,2.100271e+01,2.114044e+01,2.109914e+01,2.111979e+01,2.114732e+01,2.110602e+01,2.110602e+01,2.116108e+01,2.098893e+01,2.110602e+01,2.100960e+01,2.111291e+01,2.108537e+01,2.105782e+01,2.108537e+01,2.104405e+01,2.103027e+01,2.104405e+01,2.111291e+01,2.109914e+01,2.116796e+01,2.107160e+01,2.112667e+01,2.114732e+01,2.124361e+01,2.124361e+01,2.113355e+01,2.109225e+01,2.112667e+01,2.114044e+01,2.109225e+01,2.114044e+01,2.109914e+01,2.111291e+01,2.111291e+01,2.108537e+01,2.108537e+01,2.111979e+01,2.106471e+01,2.116796e+01,2.098203e+01,2.114044e+01,2.121611e+01,2.105094e+01,2.104405e+01,2.111291e+01,2.110602e+01,2.112667e+01,2.115420e+01,2.116108e+01,2.109914e+01,2.117484e+01,2.118860e+01,2.120923e+01,2.106471e+01,2.118860e+01,2.107848e+01,2.115420e+01,2.109914e+01,2.114732e+01,2.110602e+01,2.116796e+01,2.116796e+01,2.117484e+01,2.119548e+01,2.117484e+01,2.122298e+01,2.120235e+01,2.144278e+01,2.144964e+01,2.136041e+01,2.155936e+01,2.164157e+01,2.181262e+01,2.211979e+01,2.220155e+01,2.263649e+01,2.309660e+01,2.326525e+01,2.376283e+01,2.397726e+01,2.409100e+01,2.425135e+01,2.451807e+01,2.459130e+01,2.475089e+01,2.481067e+01,2.483723e+01,2.487706e+01,2.484387e+01,2.468442e+01,2.425135e+01,2.384999e+01,2.342016e+01,2.286680e+01,2.216749e+01,2.159362e+01,2.139474e+01,2.109225e+01,2.093377e+01,2.082338e+01,2.087169e+01,2.092688e+01,2.079576e+01,2.069213e+01,2.084409e+01,2.071978e+01,2.089239e+01,2.069905e+01,2.074051e+01,2.063682e+01,2.067831e+01,2.056071e+01,2.069905e+01,2.066448e+01,2.077505e+01,2.072669e+01,2.091308e+01,2.088549e+01,2.095446e+01,2.086479e+01,2.082338e+01,2.080267e+01,2.080957e+01,2.078886e+01,2.085789e+01,2.080957e+01,2.089929e+01,2.078886e+01,2.075432e+01,2.071978e+01,2.069905e+01,2.071287e+01,2.069905e+01,2.070596e+01,2.065757e+01,2.056071e+01,2.053995e+01,2.051225e+01,2.069905e+01,2.060223e+01,2.051225e+01,2.070596e+01,2.067139e+01,2.060223e+01,2.068522e+01,2.071978e+01,2.067139e+01,2.065757e+01,2.071287e+01,2.067831e+01,2.067831e+01,2.065757e+01,2.060223e+01,2.057456e+01,2.051918e+01,2.060915e+01,2.060223e+01,2.049148e+01,2.057456e+01,2.059531e+01,2.066448e+01,2.060223e+01,2.056763e+01,2.058148e+01,2.053303e+01,2.049840e+01,2.054687e+01,2.053303e+01,2.047070e+01,2.057456e+01,2.048455e+01,2.040140e+01,2.049840e+01,2.042912e+01,2.042912e+01,2.053995e+01,2.040140e+01,2.053995e+01,2.054687e+01,2.054687e+01,2.053303e+01,2.060223e+01,2.051918e+01,2.056071e+01,2.047762e+01,2.044298e+01,2.048455e+01,2.053995e+01,2.053303e+01,2.048455e+01,2.047070e+01,2.046377e+01,2.065757e+01,2.051225e+01,2.043605e+01,2.042912e+01,2.047762e+01,2.044991e+01,2.029736e+01,2.042219e+01,2.044991e+01,2.028348e+01,2.047070e+01,2.049148e+01,2.043605e+01,2.042912e+01,2.038060e+01,2.035286e+01,2.038060e+01,2.041526e+01,2.045684e+01,2.044298e+01,2.040140e+01,2.037366e+01,2.044991e+01,2.047762e+01,2.038753e+01,2.038753e+01,2.036673e+01,2.035980e+01,2.035286e+01,2.035980e+01,2.035980e+01,2.033899e+01,2.041526e+01,2.045684e+01,2.035980e+01,2.038753e+01,2.042219e+01,2.038753e+01,2.038753e+01,2.038753e+01,2.038060e+01,2.037366e+01,2.034592e+01,2.050533e+01,2.042912e+01,2.048455e+01,2.046377e+01,2.049148e+01,2.047070e+01,2.050533e+01,2.047762e+01,2.046377e+01,2.049148e+01,2.049840e+01,2.050533e+01,2.051225e+01,2.051225e+01,2.047762e+01,2.057456e+01,2.052610e+01,2.050533e+01,2.051225e+01,2.053995e+01,2.047070e+01,2.047762e+01,2.048455e+01,2.053995e+01,2.056763e+01,2.055379e+01,2.056763e+01,2.052610e+01,2.054687e+01,2.051918e+01,2.044298e+01,2.053303e+01,2.048455e+01,2.049148e+01,2.045684e+01,2.047070e+01,2.041526e+01,2.038753e+01,2.039447e+01,2.039447e+01,2.035286e+01,2.049840e+01,2.044991e+01,2.052610e+01,2.053303e+01,2.044991e+01,2.045684e+01,2.046377e+01,2.045684e+01,2.058148e+01,2.056763e+01,2.051918e+01,2.057456e+01,2.049148e+01,2.050533e+01,2.060915e+01,2.058840e+01,2.060223e+01,2.057456e+01,2.053303e+01,2.051225e+01,2.055379e+01,2.058840e+01,2.052610e+01,2.051918e+01,2.055379e+01,2.052610e+01,2.058840e+01,2.057456e+01,2.059531e+01,2.061607e+01,2.058148e+01,2.061607e+01,2.064374e+01,2.063682e+01,2.067139e+01,2.076123e+01,2.065065e+01,2.071978e+01,2.063682e+01,2.056763e+01,2.060915e+01,2.061607e+01,2.062299e+01,2.045684e+01,2.061607e+01,2.061607e+01,2.061607e+01,2.050533e+01,2.059531e+01,2.058148e+01,2.049148e+01,2.058840e+01,2.062299e+01,2.068522e+01,2.068522e+01,2.066448e+01,2.074051e+01,2.079576e+01,2.080957e+01,2.077505e+01,2.077505e+01,2.075432e+01,2.077505e+01,2.065065e+01,2.070596e+01,2.069213e+01,2.066448e+01,2.068522e+01,2.065065e+01,2.056763e+01,2.070596e+01,2.067139e+01,2.056071e+01,2.084409e+01,2.074742e+01,2.081648e+01,2.081648e+01,2.071978e+01,2.071287e+01,2.076814e+01,2.052610e+01,2.048455e+01,2.040833e+01,2.022794e+01,2.009591e+01,2.006810e+01,2.004723e+01,2.004723e+01,2.004723e+01,1.999852e+01,1.999852e+01,1.999852e+01,1.999156e+01,1.998460e+01,1.999852e+01,1.999156e+01,1.992890e+01,1.994979e+01,1.990800e+01,2.001940e+01,2.001244e+01,2.007505e+01,2.020016e+01,2.020711e+01,2.026960e+01,2.027654e+01,2.049148e+01,2.040140e+01,2.048455e+01,2.049840e+01,2.058148e+01,2.067139e+01,2.067831e+01,2.071978e+01,2.093377e+01,2.098203e+01,2.111291e+01,2.111291e+01,2.128485e+01,2.147022e+01,2.142906e+01,2.142220e+01,2.137415e+01,2.138788e+01,2.136728e+01,2.140161e+01,2.125736e+01,2.119548e+01,2.124361e+01,2.122298e+01,2.120235e+01,2.127110e+01,2.125736e+01,2.125048e+01,2.107160e+01,2.131920e+01,2.120235e+01,2.103716e+01,2.116108e+01,2.104405e+01,2.116796e+01,2.094757e+01,2.111291e+01,2.106471e+01,2.101649e+01,2.091998e+01,2.100960e+01,2.096825e+01,2.099582e+01,2.100271e+01,2.103027e+01,2.092688e+01,2.093377e+01,2.094757e+01,2.098893e+01,2.096135e+01,2.103027e+01,2.096135e+01,2.094757e+01,2.095446e+01,2.100960e+01,2.102338e+01,2.094757e+01,2.094067e+01,2.091308e+01,2.093377e+01,2.096825e+01,2.097514e+01,2.085099e+01,2.092688e+01,2.094757e+01,2.093377e+01,2.098203e+01,2.096825e+01,2.100271e+01,2.096825e+01,2.085099e+01,2.095446e+01,2.096825e+01,2.091308e+01,2.094757e+01,2.089929e+01,2.095446e+01,2.090619e+01,2.098203e+01,2.091998e+01,2.093377e+01,2.095446e+01,2.094757e+01,2.087859e+01,2.094757e+01,2.096825e+01,2.099582e+01,2.098203e+01,2.086479e+01,2.085789e+01,2.085099e+01,2.086479e+01,2.102338e+01,2.100960e+01,2.087859e+01,2.107160e+01,2.100271e+01,2.100271e+01,2.086479e+01,2.102338e+01,2.090619e+01,2.097514e+01,2.082338e+01,2.090619e+01,2.097514e+01,2.100960e+01,2.097514e+01,2.106471e+01,2.088549e+01,2.110602e+01,2.110602e+01,2.107160e+01,2.095446e+01,2.092688e+01,2.103027e+01,2.095446e+01,2.108537e+01,2.106471e+01,2.106471e+01,2.105782e+01,2.096135e+01,2.098893e+01,2.099582e+01,2.099582e+01,2.096135e+01,2.094067e+01,2.098893e+01,2.091998e+01,2.082338e+01,2.089929e+01,2.092688e+01,2.097514e+01,2.103716e+01,2.102338e+01,2.097514e+01,2.108537e+01,2.097514e+01,2.101649e+01,2.100960e+01,2.091308e+01,2.095446e+01,2.091308e+01,2.090619e+01,2.090619e+01,2.079576e+01,2.094067e+01
2.110602e+01,2.120235e+01,2.100960e+01,2.105094e+01,2.102338e+01,2.104405e+01,2.105094e+01,2.105094e+01,2.111979e+01,2.104405e+01,2.103027e+01,2.119548e+01,2.118172e+01,2.118860e+01,2.107160e+01,2.102338e+01,2.098893e+01,2.098203e+01,2.122986e+01,2.114044e+01,2.120235e+01,2.107848e+01,2.111291e+01,2.113355e+01,2.110602e+01,2.122986e+01,2.118172e+01,2.116108e+01,2.110602e+01,2.100960e+01,2.104405e+01,2.103027e+01,2.109914e+01,2.117484e+01,2.107160e+01,2.110602e+01,2.117484e+01,2.109225e+01,2.111291e+01,2.121611e+01,2.113355e+01,2.129172e+01,2.105782e+01,2.109225e+01,2.110602e+01,2.109914e+01,2.117484e+01,2.105094e+01,2.120923e+01,2.124361e+01,2.112667e+01,2.106471e+01,2.117484e+01,2.116796e+01,2.115420e+01,2.117484e+01,2.117484e+01,2.115420e+01,2.114044e+01,2.117484e+01,2.128485e+01,2.108537e+01,2.110602e+01,2.102338e+01,2.107160e+01,2.125736e+01,2.108537e+01,2.105094e+01,2.109914e+01,2.112667e+01,2.122298e+01,2.120923e+01,2.107848e+01,2.115420e+01,2.116796e+01,2.118860e+01,2.116796e+01,2.117484e+01,2.114044e+01,2.097514e+01,2.112667e+01,2.115420e+01,2.103716e+01,2.113355e+01,2.113355e+01,2.101649e+01,2.112667e+01,2.102338e+01,2.109225e+01,2.110602e+01,2.114044e+01,2.114044e+01,2.097514e+01,2.105782e+01,2.115420e+01,2.103027e+01,2.114044e+01,2.109914e+01,2.109914e+01,2.113355e+01,2.112667e+01,2.109914e+01,2.104405e+01,2.106471e+01,2.104405e+01,2.110602e+01,2.114044e+01,2.120235e+01,2.113355e+01,2.115420e+01,2.110602e+01,2.111979e+01,2.107848e+01,2.107848e+01,2.108537e+01,2.103716e+01,2.114044e+01,2.105782e+01,2.111979e+01,2.106471e+01,2.107160e+01,2.101649e+01,2.116796e+01,2.123674e+01,2.111291e+01,2.105782e+01,2.108537e+01,2.106471e+01,2.125736e+01,2.113355e+01,2.108537e+01,2.114044e+01,2.112667e+01,2.116796e+01,2.116108e+01,2.116796e+01,2.118172e+01,2.110602e+01,2.114044e+01,2.112667e+01,2.108537e+01,2.107848e+01,2.111291e+01,2.109914e+01,2.109225e+01,2.125736e+01,2.109225e+01,2.111979e+01,2.123674e+01,2.124361e+01,2.120235e+01,2.107848e+01,2.115420e+01,2.123674e+01,2.099582e+01,2.111291e+01,2.102338e+01,2.112667e+01,2.111979e+01,2.112667e+01,2.113355e+01,2.115420e+01,2.115420e+01,2.120923e+01,2.118860e+01,2.114044e+01,2.116796e+01,2.117484e+01,2.116796e+01,2.112667e+01,2.115420e+01,2.114732e+01,2.111291e+01,2.114044e+01,2.118860e+01,2.115420e+01,2.126423e+01,2.119548e+01,2.131920e+01,2.135355e+01,2.134668e+01,2.143592e+01,2.157306e+01,2.169633e+01,2.205843e+01,2.203115e+01,2.221517e+01,2.267039e+01,2.304258e+01,2.341343e+01,2.374270e+01,2.406425e+01,2.427138e+01,2.439813e+01,2.463122e+01,2.463122e+01,2.481731e+01,2.484387e+01,2.487706e+01,2.464452e+01,2.481067e+01,2.452473e+01,2.411774e+01,2.367559e+01,2.313035e+01,2.258901e+01,2.185363e+01,2.143592e+01,2.118172e+01,2.097514e+01,2.092688e+01,2.085099e+01,2.087169e+01,2.088549e+01,2.087859e+01,2.078195e+01,2.088549e+01,2.078886e+01,2.079576e+01,2.069213e+01,2.073360e+01,2.076814e+01,2.073360e+01,2.067139e+01,2.073360e+01,2.074051e+01,2.089239e+01,2.080957e+01,2.082338e+01,2.096135e+01,2.093377e+01,2.096825e+01,2.097514e+01,2.084409e+01,2.080267e+01,2.077505e+01,2.087169e+01,2.069905e+01,2.080267e+01,2.064374e+01,2.075432e+01,2.067139e+01,2.069905e+01,2.062299e+01,2.062299e+01,2.069213e+01,2.069213e+01,2.066448e+01,2.065757e+01,2.068522e+01,2.069213e+01,2.064374e+01,2.071287e+01,2.062990e+01,2.069213e+01,2.063682e+01,2.069213e+01,2.069905e+01,2.068522e+01,2.064374e+01,2.079576e+01,2.071978e+01,2.069213e+01,2.070596e+01,2.056763e+01,2.042219e+01,2.059531e+01,2.064374e+01,2.065757e+01,2.058148e+01,2.062299e+01,2.050533e+01,2.060223e+01,2.059531e+01,2.058148e+01,2.051225e+01,2.048455e+01,2.055379e+01,2.054687e+01,2.055379e+01,2.055379e+01,2.061607e+01,2.053995e+01,2.056763e+01,2.050533e+01,2.058840e+01,2.060915e+01,2.058148e+01,2.044991e+01,2.047070e+01,2.053303e+01,2.045684e+01,2.051918e+01,2.053303e+01,2.046377e+01,2.062299e+01,2.054687e+01,2.060915e+01,2.050533e+01,2.053995e+01,2.047762e+01,2.055379e+01,2.051225e+01,2.031818e+01,2.055379e+01,2.042219e+01,2.051918e+01,2.051225e+01,2.041526e+01,2.050533e+01,2.046377e+01,2.043605e+01,2.047762e+01,2.038753e+01,2.047070e+01,2.051918e+01,2.047762e+01,2.041526e+01,2.044991e+01,2.045684e+01,2.041526e+01,2.042219e+01,2.039447e+01,2.038753e+01,2.046377e+01,2.047070e+01,2.047070e+01,2.035980e+01,2.040833e+01,2.037366e+01,2.037366e+01,2.034592e+01,2.037366e+01,2.033205e+01,2.035980e+01,2.042219e+01,2.037366e+01,2.040833e+01,2.038753e+01,2.042912e+01,2.039447e+01,2.040833e+01,2.048455e+01,2.034592e+01,2.047070e+01,2.042219e+01,2.052610e+01,2.057456e+01,2.038753e+01,2.040140e+01,2.047762e+01,2.047070e+01,2.054687e+01,2.050533e+01,2.047762e+01,2.054687e+01,2.048455e+01,2.039447e+01,2.049148e+01,2.051225e+01,2.051918e+01,2.051225e+01,2.051918e+01,2.053995e+01,2.051918e+01,2.058840e+01,2.058840e+01,2.053303e+01,2.047762e+01,2.057456e+01,2.056071e+01,2.058148e+01,2.057456e+01,2.058840e+01,2.054687e+01,2.054687e+01,2.053995e+01,2.060223e+01,2.052610e+01,2.051225e+01,2.057456e+01,2.046377e+01,2.050533e+01,2.056071e+01,2.043605e+01,2.040140e+01,2.040833e+01,2.046377e+01,2.046377e+01,2.042219e+01,2.046377e+01,2.042912e+01,2.043605e+01,2.045684e+01,2.046377e+01,2.056071e+01,2.062990e+01,2.051918e+01,2.050533e+01,2.054687e+01,2.052610e+01,2.050533e+01,2.053995e+01,2.057456e+01,2.058840e+01,2.054687e+01,2.056763e+01,2.056071e+01,2.065757e+01,2.058148e+01,2.052610e+01,2.051225e+01,2.055379e+01,2.053303e+01,2.058148e+01,2.058840e+01,2.055379e+01,2.058148e+01,2.060915e+01,2.061607e+01,2.067831e+01,2.065757e+01,2.067139e+01,2.067139e+01,2.064374e+01,2.054687e+01,2.071978e+01,2.060223e+01,2.075432e+01,2.058840e+01,2.063682e+01,2.061607e+01,2.058840e+01,2.064374e+01,2.060223e+01,2.058840e+01,2.061607e+01,2.056071e+01,2.056763e+01,2.058840e+01,2.058148e+01,2.061607e+01,2.069905e+01,2.071978e+01,2.076123e+01,2.071978e+01,2.075432e+01,2.076123e+01,2.059531e+01,2.080267e+01,2.062990e+01,2.067831e+01,2.057456e+01,2.061607e+01,2.065757e+01,2.065065e+01,2.060915e+01,2.067831e+01,2.055379e+01,2.060915e+01,2.087169e+01,2.090619e+01,2.093377e+01,2.106471e+01,2.095446e+01,2.083719e+01,2.076123e+01,2.075432e+01,2.048455e+01,2.049148e+01,2.033205e+01,2.047762e+01,2.025571e+01,2.008896e+01,2.007505e+01,2.006114e+01,2.001940e+01,2.001244e+01,1.997764e+01,1.997764e+01,2.000548e+01,2.001244e+01,2.003332e+01,2.001940e+01,2.004723e+01,2.008896e+01,1.990103e+01,2.015153e+01,2.001940e+01,2.013068e+01,2.015153e+01,2.015848e+01,2.008896e+01,2.031124e+01,2.033205e+01,2.051225e+01,2.051225e+01,2.052610e+01,2.046377e+01,2.060223e+01,2.065065e+01,2.063682e+01,2.074742e+01,2.094067e+01,2.100271e+01,2.096135e+01,2.117484e+01,2.128485e+01,2.135355e+01,2.153880e+01,2.141533e+01,2.140161e+01,2.139474e+01,2.140161e+01,2.127798e+01,2.110602e+01,2.106471e+01,2.123674e+01,2.123674e+01,2.126423e+01,2.136041e+01,2.124361e+01,2.118860e+01,2.120235e+01,2.119548e+01,2.119548e+01,2.109225e+01,2.104405e+01,2.116108e+01,2.111979e+01,2.101649e+01,2.106471e+01,2.106471e+01,2.103027e+01,2.099582e+01,2.096135e+01,2.107848e+01,2.101649e+01,2.100960e+01,2.105782e+01,2.099582e+01,2.100271e+01,2.096825e+01,2.100960e+01,2.097514e+01,2.096825e+01,2.093377e+01,2.094757e+01,2.094067e+01,2.111979e+01,2.098893e+01,2.095446e+01,2.096825e+01,2.096825e+01,2.097514e+01,2.102338e+01,2.101649e+01,2.088549e+01,2.093377e+01,2.096135e+01,2.100271e+01,2.098893e+01,2.092688e+01,2.098893e+01,2.094757e+01,2.097514e+01,2.089929e+01,2.087859e+01,2.087859e+01,2.090619e+01,2.091308e+01,2.089929e+01,2.097514e+01,2.094757e+01,2.100960e+01,2.093377e+01,2.095446e+01,2.099582e+01,2.104405e+01,2.096135e+01,2.096825e+01,2.095446e+01,2.084409e+01,2.094067e+01,2.096825e+01,2.082338e+01,2.103027e+01,2.094757e+01,2.098893e+01,2.101649e+01,2.094067e+01,2.089929e+01,2.103027e+01,2.098893e+01,2.095446e+01,2.095446e+01,2.100271e+01,2.097514e+01,2.096135e+01,2.099582e+01,2.100271e+01,2.109914e+01,2.100271e+01,2.109225e+01,2.099582e+01,2.093377e+01,2.109914e+01,2.097514e+01,2.103716e+01,2.099582e+01,2.107160e+01,2.107848e+01,2.097514e+01,2.093377e+01,2.095446e+01,2.106471e+01,2.099582e+01,2.098203e+01,2.099582e+01,2.099582e+01,2.098203e+01,2.100960e+01,2.101649e+01,2.101649e+01,2.096825e+01,2.089929e+01,2.096135e+01,2.097514e+01,2.091308e+01,2.091998e+01,2.089929e+01,2.103027e+01,2.089239e+01,2.103027e+01,2.104405e+01,2.096135e+01,2.094067e+01,2.082338e+01,2.092688e+01,2.094757e+01
2.122298e+01,2.118860e+01,2.111979e+01,2.101649e+01,2.117484e+01,2.109914e+01,2.107160e+01,2.111291e+01,2.118860e+01,2.105782e+01,2.107160e+01,2.105782e+01,2.103027e+01,2.108537e+01,2.103716e+01,2.124361e+01,2.119548e+01,2.124361e+01,2.107160e+01,2.111979e+01,2.118860e+01,2.108537e+01,2.111291e+01,2.103716e+01,2.103716e+01,2.115420e+01,2.123674e+01,2.105094e+01,2.116108e+01,2.101649e+01,2.103716e+01,2.097514e+01,2.109914e+01,2.116108e+01,2.114044e+01,2.105782e+01,2.120235e+01,2.120923e+01,2.121611e+01,2.140161e+01,2.114732e+01,2.122298e+01,2.119548e+01,2.111291e+01,2.106471e+01,2.114044e+01,2.116108e+01,2.110602e+01,2.115420e+01,2.102338e+01,2.109914e+01,2.114044e+01,2.109914e+01,2.125048e+01,2.106471e+01,2.116796e+01,2.119548e+01,2.116108e+01,2.118172e+01,2.115420e+01,2.118172e+01,2.116796e+01,2.116108e+01,2.106471e+01,2.109225e+01,2.109914e+01,2.110602e+01,2.104405e+01,2.111291e+01,2.116796e+01,2.111979e+01,2.114044e+01,2.116796e+01,2.120235e+01,2.125048e+01,2.101649e+01,2.092688e+01,2.118172e+01,2.109914e+01,2.114044e+01,2.103716e+01,2.115420e+01,2.118172e+01,2.100960e+01,2.111979e+01,2.107848e+01,2.109225e+01,2.107160e+01,2.105782e+01,2.116796e+01,2.118172e+01,2.109914e+01,2.103027e+01,2.114732e+01,2.107160e+01,2.105782e+01,2.103027e+01,2.109914e+01,2.106471e+01,2.110602e+01,2.107160e+01,2.116108e+01,2.109225e+01,2.107160e+01,2.100960e+01,2.105782e+01,2.117484e+01,2.117484e+01,2.109914e+01,2.107848e+01,2.109225e+01,2.115420e+01,2.104405e+01,2.103027e+01,2.110602e+01,2.114732e+01,2.105094e+01,2.107160e+01,2.108537e+01,2.114732e+01,2.105782e+01,2.100271e+01,2.112667e+01,2.103716e+01,2.109225e+01,2.107160e+01,2.115420e+01,2.114044e+01,2.114732e+01,2.127798e+01,2.106471e+01,2.116108e+01,2.116108e+01,2.107160e+01,2.117484e+01,2.116796e+01,2.121611e+01,2.110602e+01,2.111291e+01,2.107160e+01,2.117484e+01,2.114732e+01,2.126423e+01,2.109914e+01,2.112667e+01,2.109914e+01,2.109914e+01,2.113355e+01,2.107160e+01,2.108537e+01,2.112667e+01,2.118172e+01,2.114732e+01,2.116796e+01,2.112667e+01,2.121611e+01,2.107848e+01,2.107848e+01,2.110602e+01,2.101649e+01,2.109225e+01,2.118860e+01,2.124361e+01,2.122986e+01,2.107848e+01,2.115420e+01,2.119548e+01,2.116108e+01,2.118172e+01,2.120923e+01,2.116108e+01,2.116108e+01,2.113355e+01,2.113355e+01,2.116108e+01,2.122986e+01,2.118172e+01,2.120923e+01,2.118860e+01,2.134668e+01,2.143592e+01,2.143592e+01,2.171002e+01,2.171686e+01,2.183996e+01,2.212661e+01,2.222198e+01,2.256865e+01,2.306284e+01,2.335957e+01,2.373599e+01,2.388350e+01,2.428473e+01,2.439147e+01,2.441147e+01,2.467113e+01,2.463787e+01,2.474425e+01,2.481731e+01,2.453805e+01,2.447145e+01,2.433811e+01,2.386340e+01,2.344035e+01,2.281943e+01,2.221517e+01,2.186046e+01,2.143592e+01,2.121611e+01,2.106471e+01,2.076814e+01,2.082338e+01,2.080267e+01,2.090619e+01,2.090619e+01,2.081648e+01,2.082338e+01,2.078195e+01,2.077505e+01,2.076814e+01,2.074051e+01,2.074051e+01,2.071978e+01,2.062990e+01,2.052610e+01,2.076123e+01,2.092688e+01,2.097514e+01,2.088549e+01,2.091308e+01,2.089239e+01,2.087169e+01,2.083028e+01,2.075432e+01,2.078195e+01,2.076123e+01,2.070596e+01,2.069213e+01,2.075432e+01,2.075432e+01,2.063682e+01,2.067139e+01,2.069213e+01,2.059531e+01,2.065065e+01,2.068522e+01,2.063682e+01,2.067831e+01,2.055379e+01,2.062299e+01,2.063682e+01,2.054687e+01,2.053303e+01,2.070596e+01,2.062299e+01,2.075432e+01,2.065065e+01,2.062299e+01,2.068522e+01,2.071287e+01,2.069905e+01,2.072669e+01,2.080267e+01,2.065065e+01,2.065065e+01,2.068522e+01,2.056763e+01,2.070596e+01,2.054687e+01,2.058840e+01,2.062299e+01,2.051225e+01,2.060915e+01,2.056071e+01,2.057456e+01,2.060223e+01,2.053303e+01,2.058840e+01,2.057456e+01,2.061607e+01,2.058148e+01,2.058148e+01,2.062990e+01,2.061607e+01,2.056763e+01,2.053303e+01,2.072669e+01,2.055379e+01,2.061607e+01,2.050533e+01,2.055379e+01,2.052610e+01,2.060915e+01,2.054687e+01,2.055379e+01,2.067831e+01,2.062990e+01,2.066448e+01,2.057456e+01,2.061607e+01,2.050533e+01,2.053303e+01,2.048455e+01,2.058840e+01,2.058148e+01,2.044298e+01,2.062299e+01,2.048455e+01,2.053303e+01,2.055379e+01,2.049148e+01,2.043605e+01,2.050533e+01,2.049148e+01,2.044298e+01,2.057456e+01,2.053303e+01,2.047762e+01,2.058840e+01,2.044991e+01,2.045684e+01,2.044298e+01,2.035980e+01,2.048455e+01,2.050533e+01,2.038753e+01,2.040833e+01,2.045684e+01,2.041526e+01,2.039447e+01,2.045684e+01,2.035286e+01,2.038753e+01,2.037366e+01,2.044991e+01,2.051225e+01,2.044991e+01,2.037366e+01,2.034592e+01,2.050533e+01,2.044991e+01,2.035980e+01,2.051225e+01,2.045684e+01,2.053995e+01,2.058840e+01,2.060223e+01,2.044298e+01,2.044298e+01,2.042219e+01,2.041526e+01,2.042912e+01,2.044991e+01,2.067139e+01,2.047762e+01,2.053303e+01,2.038060e+01,2.052610e+01,2.054687e+01,2.049840e+01,2.052610e+01,2.053303e+01,2.051225e+01,2.059531e+01,2.054687e+01,2.049840e+01,2.049840e+01,2.061607e+01,2.055379e+01,2.052610e+01,2.055379e+01,2.056763e+01,2.055379e+01,2.059531e+01,2.056071e+01,2.055379e+01,2.054687e+01,2.049148e+01,2.050533e+01,2.051225e+01,2.050533e+01,2.053995e+01,2.054687e+01,2.053995e+01,2.050533e+01,2.041526e+01,2.046377e+01,2.043605e+01,2.051225e+01,2.043605e+01,2.042912e+01,2.047070e+01,2.046377e+01,2.056071e+01,2.050533e+01,2.054687e+01,2.057456e+01,2.059531e+01,2.052610e+01,2.051918e+01,2.058148e+01,2.069905e+01,2.049148e+01,2.056071e+01,2.060223e+01,2.049148e+01,2.053303e+01,2.053995e+01,2.059531e+01,2.056071e+01,2.051225e+01,2.060223e+01,2.054687e+01,2.051225e+01,2.057456e+01,2.056071e+01,2.063682e+01,2.058148e+01,2.058840e+01,2.058840e+01,2.057456e+01,2.056071e+01,2.067831e+01,2.069905e+01,2.053303e+01,2.076123e+01,2.074742e+01,2.068522e+01,2.060915e+01,2.065065e+01,2.060223e+01,2.056763e+01,2.060223e+01,2.055379e+01,2.062299e+01,2.061607e+01,2.059531e+01,2.062299e+01,2.059531e+01,2.058148e+01,2.062990e+01,2.071287e+01,2.080267e+01,2.075432e+01,2.078195e+01,2.074742e+01,2.079576e+01,2.080267e+01,2.078195e+01,2.060915e+01,2.074051e+01,2.076123e+01,2.070596e+01,2.065065e+01,2.063682e+01,2.065065e+01,2.066448e+01,2.064374e+01,2.056071e+01,2.069213e+01,2.073360e+01,2.109225e+01,2.114732e+01,2.104405e+01,2.094067e+01,2.080267e+01,2.083719e+01,2.075432e+01,2.054687e+01,2.050533e+01,2.039447e+01,2.024877e+01,2.022794e+01,2.015153e+01,2.009591e+01,1.994283e+01,2.006810e+01,1.999156e+01,2.006114e+01,2.010982e+01,2.003332e+01,2.007505e+01,1.997764e+01,2.001244e+01,2.001940e+01,1.996371e+01,2.000548e+01,2.001244e+01,2.003332e+01,2.009591e+01,2.004027e+01,2.022100e+01,2.035286e+01,2.015848e+01,2.026960e+01,2.024183e+01,2.029736e+01,2.040140e+01,2.047070e+01,2.055379e+01,2.056763e+01,2.064374e+01,2.073360e+01,2.080957e+01,2.080267e+01,2.106471e+01,2.117484e+01,2.118860e+01,2.140847e+01,2.144278e+01,2.148394e+01,2.142220e+01,2.129172e+01,2.129172e+01,2.124361e+01,2.109914e+01,2.116108e+01,2.113355e+01,2.115420e+01,2.105782e+01,2.118172e+01,2.121611e+01,2.124361e+01,2.120235e+01,2.107160e+01,2.118860e+01,2.118860e+01,2.105782e+01,2.116796e+01,2.116108e+01,2.107160e+01,2.123674e+01,2.114044e+01,2.103716e+01,2.099582e+01,2.099582e+01,2.101649e+01,2.100271e+01,2.097514e+01,2.101649e+01,2.103716e+01,2.099582e+01,2.100271e+01,2.098893e+01,2.098203e+01,2.097514e+01,2.104405e+01,2.092688e+01,2.092688e+01,2.106471e+01,2.094757e+01,2.095446e+01,2.094757e+01,2.100271e+01,2.103027e+01,2.093377e+01,2.091308e+01,2.089929e+01,2.089929e+01,2.095446e+01,2.091998e+01,2.086479e+01,2.100960e+01,2.097514e+01,2.098893e+01,2.096825e+01,2.094067e+01,2.090619e+01,2.091308e+01,2.103027e+01,2.090619e+01,2.094067e+01,2.094067e+01,2.091308e+01,2.100960e+01,2.093377e+01,2.100960e+01,2.085099e+01,2.096135e+01,2.091998e+01,2.103716e+01,2.100271e+01,2.101649e+01,2.100271e+01,2.094757e+01,2.087169e+01,2.095446e+01,2.098203e+01,2.102338e+01,2.102338e+01,2.077505e+01,2.100271e+01,2.092688e+01,2.083719e+01,2.088549e+01,2.085789e+01,2.094757e+01,2.090619e+01,2.100271e+01,2.103716e+01,2.099582e+01,2.104405e+01,2.103027e+01,2.096825e+01,2.094757e+01,2.118172e+01,2.107848e+01,2.109225e+01,2.109225e+01,2.107848e+01,2.106471e+01,2.107160e+01,2.108537e+01,2.106471e+01,2.112667e+01,2.112667e+01,2.100960e+01,2.091998e+01,2.100271e+01,2.096825e+01,2.096825e+01,2.099582e+01,2.101649e+01,2.120235e+01,2.106471e+01,2.094757e+01,2.085099e+01,2.107848e+01,2.091998e+01,2.078886e+01,2.089929e+01,2.114044e+01,2.106471e+01,2.100960e+01,2.100271e+01,2.094757e+01,2.102338e+01,2.099582e+01,2.093377e+01,2.095446e+01
2.106471e+01,2.107848e+01,2.103027e+01,2.122986e+01,2.099582e+01,2.109914e+01,2.102338e+01,2.102338e+01,2.109225e+01,2.109914e+01,2.102338e+01,2.117484e+01,2.109914e+01,2.111979e+01,2.103716e+01,2.115420e+01,2.096135e+01,2.115420e+01,2.108537e+01,2.107160e+01,2.111979e+01,2.120923e+01,2.105782e+01,2.109914e+01,2.103027e+01,2.102338e+01,2.103027e+01,2.100271e+01,2.103716e+01,2.107848e+01,2.111291e+01,2.109914e+01,2.117484e+01,2.107848e+01,2.110602e+01,2.106471e+01,2.116108e+01,2.114044e+01,2.098203e+01,2.115420e+01,2.118860e+01,2.119548e+01,2.107160e+01,2.109225e+01,2.112667e+01,2.119548e+01,2.111979e+01,2.105782e+01,2.116796e+01,2.105782e+01,2.113355e+01,2.111979e+01,2.123674e+01,2.120923e+01,2.118172e+01,2.113355e+01,2.105094e+01,2.116796e+01,2.117484e+01,2.105782e+01,2.115420e+01,2.111291e+01,2.098203e+01,2.115420e+01,2.113355e+01,2.107848e+01,2.111979e+01,2.113355e+01,2.109225e+01,2.105782e+01,2.106471e+01,2.118172e+01,2.116796e+01,2.117484e+01,2.118860e+01,2.098893e+01,2.116108e+01,2.117484e+01,2.118172e+01,2.116796e+01,2.113355e+01,2.103027e+01,2.111979e+01,2.107160e+01,2.111291e+01,2.102338e+01,2.103716e+01,2.108537e+01,2.102338e+01,2.110602e+01,2.114732e+01,2.111291e+01,2.114732e+01,2.113355e+01,2.114044e+01,2.110602e+01,2.102338e+01,2.103027e+01,2.116108e+01,2.110602e+01,2.109225e+01,2.098893e+01,2.091998e+01,2.100271e+01,2.105782e+01,2.105782e+01,2.116796e+01,2.111979e+01,2.109225e+01,2.112667e+01,2.101649e+01,2.096825e+01,2.107848e+01,2.103716e+01,2.100271e+01,2.106471e+01,2.103716e+01,2.103716e+01,2.112667e+01,2.106471e+01,2.107160e+01,2.109914e+01,2.104405e+01,2.100271e+01,2.103027e+01,2.108537e+01,2.109225e+01,2.112667e+01,2.113355e+01,2.113355e+01,2.109914e+01,2.108537e+01,2.115420e+01,2.105782e+01,2.114732e+01,2.105782e+01,2.113355e+01,2.108537e+01,2.109225e+01,2.114044e+01,2.120235e+01,2.108537e+01,2.111979e+01,2.107848e+01,2.103716e+01,2.108537e+01,2.114044e+01,2.120923e+01,2.111979e+01,2.113355e+01,2.111291e+01,2.111979e+01,2.108537e+01,2.126423e+01,2.114044e+01,2.111291e+01,2.108537e+01,2.107160e+01,2.112667e+01,2.116108e+01,2.103716e+01,2.115420e+01,2.110602e+01,2.115420e+01,2.121611e+01,2.119548e+01,2.119548e+01,2.101649e+01,2.117484e+01,2.118860e+01,2.113355e+01,2.107160e+01,2.112667e+01,2.110602e+01,2.117484e+01,2.122298e+01,2.122986e+01,2.115420e+01,2.122986e+01,2.133294e+01,2.136041e+01,2.143592e+01,2.153880e+01,2.186046e+01,2.188779e+01,2.192194e+01,2.246002e+01,2.250077e+01,2.304933e+01,2.331915e+01,2.354123e+01,2.382989e+01,2.413779e+01,2.435145e+01,2.440480e+01,2.445812e+01,2.467777e+01,2.463787e+01,2.471102e+01,2.465117e+01,2.437146e+01,2.410437e+01,2.369573e+01,2.321806e+01,2.257544e+01,2.196291e+01,2.155250e+01,2.127110e+01,2.111979e+01,2.094067e+01,2.075432e+01,2.078886e+01,2.085099e+01,2.082338e+01,2.083719e+01,2.074051e+01,2.080267e+01,2.082338e+01,2.077505e+01,2.075432e+01,2.074742e+01,2.062299e+01,2.076123e+01,2.074051e+01,2.069213e+01,2.074742e+01,2.092688e+01,2.086479e+01,2.088549e+01,2.098203e+01,2.082338e+01,2.085789e+01,2.080957e+01,2.073360e+01,2.072669e+01,2.079576e+01,2.067831e+01,2.066448e+01,2.081648e+01,2.064374e+01,2.076123e+01,2.062299e+01,2.049148e+01,2.062299e+01,2.052610e+01,2.065065e+01,2.063682e+01,2.058148e+01,2.066448e+01,2.050533e+01,2.056763e+01,2.056763e+01,2.071978e+01,2.058840e+01,2.056071e+01,2.056763e+01,2.062990e+01,2.060915e+01,2.079576e+01,2.066448e+01,2.083719e+01,2.075432e+01,2.071978e+01,2.076123e+01,2.070596e+01,2.067831e+01,2.064374e+01,2.052610e+01,2.052610e+01,2.060223e+01,2.068522e+01,2.067139e+01,2.082338e+01,2.056763e+01,2.057456e+01,2.065757e+01,2.057456e+01,2.061607e+01,2.055379e+01,2.068522e+01,2.064374e+01,2.058840e+01,2.075432e+01,2.067831e+01,2.066448e+01,2.058148e+01,2.060915e+01,2.058840e+01,2.042912e+01,2.059531e+01,2.056763e+01,2.052610e+01,2.049840e+01,2.059531e+01,2.055379e+01,2.057456e+01,2.060223e+01,2.061607e+01,2.063682e+01,2.065065e+01,2.054687e+01,2.059531e+01,2.052610e+01,2.045684e+01,2.059531e+01,2.060223e+01,2.051225e+01,2.044991e+01,2.044298e+01,2.045684e+01,2.056763e+01,2.051918e+01,2.050533e+01,2.047762e+01,2.056071e+01,2.038060e+01,2.040140e+01,2.048455e+01,2.046377e+01,2.047070e+01,2.047070e+01,2.042912e+01,2.035980e+01,2.040140e+01,2.033899e+01,2.044991e+01,2.044298e+01,2.047762e+01,2.043605e+01,2.042912e+01,2.038060e+01,2.034592e+01,2.035286e+01,2.032512e+01,2.042219e+01,2.031818e+01,2.040140e+01,2.026960e+01,2.040833e+01,2.029736e+01,2.047070e+01,2.043605e+01,2.041526e+01,2.049840e+01,2.052610e+01,2.036673e+01,2.042219e+01,2.041526e+01,2.059531e+01,2.039447e+01,2.040833e+01,2.043605e+01,2.044991e+01,2.040833e+01,2.047762e+01,2.046377e+01,2.049840e+01,2.042912e+01,2.050533e+01,2.049840e+01,2.051918e+01,2.053303e+01,2.049840e+01,2.049840e+01,2.049148e+01,2.053303e+01,2.060223e+01,2.052610e+01,2.051225e+01,2.060223e+01,2.049840e+01,2.053303e+01,2.056763e+01,2.049840e+01,2.053995e+01,2.055379e+01,2.052610e+01,2.053303e+01,2.052610e+01,2.049840e+01,2.046377e+01,2.049148e+01,2.053303e+01,2.053995e+01,2.038753e+01,2.038753e+01,2.040833e+01,2.051225e+01,2.041526e+01,2.042219e+01,2.046377e+01,2.043605e+01,2.040140e+01,2.055379e+01,2.054687e+01,2.049148e+01,2.051918e+01,2.063682e+01,2.067831e+01,2.051918e+01,2.056071e+01,2.049840e+01,2.054687e+01,2.053995e+01,2.054687e+01,2.055379e+01,2.056071e+01,2.054687e+01,2.053303e+01,2.051918e+01,2.068522e+01,2.065065e+01,2.053303e+01,2.055379e+01,2.052610e+01,2.057456e+01,2.054687e+01,2.056763e+01,2.053303e+01,2.060915e+01,2.054687e+01,2.053303e+01,2.055379e+01,2.066448e+01,2.056763e+01,2.062299e+01,2.056763e+01,2.057456e+01,2.067139e+01,2.059531e+01,2.053995e+01,2.055379e+01,2.050533e+01,2.060915e+01,2.061607e+01,2.056071e+01,2.056071e+01,2.056071e+01,2.062990e+01,2.058148e+01,2.059531e+01,2.076123e+01,2.070596e+01,2.067139e+01,2.079576e+01,2.077505e+01,2.076814e+01,2.055379e+01,2.060915e+01,2.063682e+01,2.053995e+01,2.064374e+01,2.062990e+01,2.058840e+01,2.065065e+01,2.062299e+01,2.064374e+01,2.066448e+01,2.062299e+01,2.070596e+01,2.096135e+01,2.110602e+01,2.114044e+01,2.114044e+01,2.103716e+01,2.092688e+01,2.108537e+01,2.075432e+01,2.070596e+01,2.053303e+01,2.026960e+01,2.039447e+01,2.040833e+01,2.006810e+01,2.007505e+01,1.998460e+01,2.008201e+01,2.002636e+01,2.001940e+01,1.998460e+01,2.008896e+01,1.998460e+01,2.002636e+01,1.997764e+01,2.000548e+01,1.999156e+01,1.990103e+01,1.994283e+01,2.006114e+01,2.006114e+01,2.013068e+01,2.013068e+01,2.010287e+01,2.017237e+01,2.015848e+01,2.020016e+01,2.040833e+01,2.022794e+01,2.047762e+01,2.047070e+01,2.042912e+01,2.057456e+01,2.067139e+01,2.068522e+01,2.079576e+01,2.113355e+01,2.105094e+01,2.120923e+01,2.131920e+01,2.127110e+01,2.143592e+01,2.140847e+01,2.120923e+01,2.126423e+01,2.103027e+01,2.108537e+01,2.111979e+01,2.104405e+01,2.114732e+01,2.116108e+01,2.125048e+01,2.132607e+01,2.122298e+01,2.121611e+01,2.103716e+01,2.118860e+01,2.109225e+01,2.115420e+01,2.114732e+01,2.114044e+01,2.105782e+01,2.096135e+01,2.108537e+01,2.102338e+01,2.105782e+01,2.110602e+01,2.108537e+01,2.105782e+01,2.098893e+01,2.088549e+01,2.094757e+01,2.094757e+01,2.100960e+01,2.094757e+01,2.096135e+01,2.090619e+01,2.097514e+01,2.112667e+01,2.095446e+01,2.094757e+01,2.094757e+01,2.094067e+01,2.099582e+01,2.096825e+01,2.096135e+01,2.091998e+01,2.096135e+01,2.095446e+01,2.091308e+01,2.096825e+01,2.096825e+01,2.071287e+01,2.093377e+01,2.085789e+01,2.090619e+01,2.086479e+01,2.090619e+01,2.085789e+01,2.095446e+01,2.092688e+01,2.088549e+01,2.097514e+01,2.091308e+01,2.092688e+01,2.099582e+01,2.094757e+01,2.094757e+01,2.094757e+01,2.103716e+01,2.097514e+01,2.099582e+01,2.086479e+01,2.085099e+01,2.096135e+01,2.091308e+01,2.082338e+01,2.089929e+01,2.103716e+01,2.100271e+01,2.090619e+01,2.094067e+01,2.090619e+01,2.087859e+01,2.087859e+01,2.092688e+01,2.096135e+01,2.094757e+01,2.076123e+01,2.096825e+01,2.092688e+01,2.099582e+01,2.099582e+01,2.102338e+01,2.094757e+01,2.088549e+01,2.103716e+01,2.094067e+01,2.085789e+01,2.100960e+01,2.108537e+01,2.109225e+01,2.109914e+01,2.114044e+01,2.110602e+01,2.104405e+01,2.096135e+01,2.100960e+01,2.097514e+01,2.091998e+01,2.091998e+01,2.100271e+01,2.104405e+01,2.101649e+01,2.090619e+01,2.083028e+01,2.086479e+01,2.086479e+01,2.094067e+01,2.096825e+01,2.100271e+01,2.082338e+01,2.081648e+01,2.086479e+01,2.097514e+01,2.094067e+01,2.103716e+01,2.094757e+01,2.092688e+01,2.084409e+01,2.100271e+01
2.107160e+01,2.110602e+01,2.107848e+01,2.113355e+01,2.094757e+01,2.103716e+01,2.111291e+01,2.110602e+01,2.108537e+01,2.098893e+01,2.104405e+01,2.121611e+01,2.102338e+01,2.105094e+01,2.105782e+01,2.100960e+01,2.111979e+01,2.106471e+01,2.103716e+01,2.110602e+01,2.103027e+01,2.103027e+01,2.107848e+01,2.115420e+01,2.103716e+01,2.112667e+01,2.103027e+01,2.109225e+01,2.103027e+01,2.113355e+01,2.111291e+01,2.117484e+01,2.102338e+01,2.114732e+01,2.103027e+01,2.114732e+01,2.105094e+01,2.121611e+01,2.119548e+01,2.109225e+01,2.114732e+01,2.115420e+01,2.114732e+01,2.114044e+01,2.118860e+01,2.099582e+01,2.102338e+01,2.109225e+01,2.111291e+01,2.111979e+01,2.111979e+01,2.123674e+01,2.118860e+01,2.109914e+01,2.106471e+01,2.114044e+01,2.107848e+01,2.114044e+01,2.111291e+01,2.115420e+01,2.114732e+01,2.115420e+01,2.138101e+01,2.114732e+01,2.099582e+01,2.113355e+01,2.110602e+01,2.105094e+01,2.111291e+01,2.109914e+01,2.118860e+01,2.113355e+01,2.126423e+01,2.111291e+01,2.111979e+01,2.115420e+01,2.112667e+01,2.114732e+01,2.113355e+01,2.114732e+01,2.118172e+01,2.113355e+01,2.118860e+01,2.111291e+01,2.100960e+01,2.107848e+01,2.105094e+01,2.114732e+01,2.109914e+01,2.111291e+01,2.107160e+01,2.105782e+01,2.110602e+01,2.105094e+01,2.111291e+01,2.105782e+01,2.105094e+01,2.104405e+01,2.110602e+01,2.108537e+01,2.108537e+01,2.110602e+01,2.105094e+01,2.098203e+01,2.103027e+01,2.106471e+01,2.109914e+01,2.118172e+01,2.120235e+01,2.103716e+01,2.108537e+01,2.107160e+01,2.096135e+01,2.105782e+01,2.105094e+01,2.109225e+01,2.098893e+01,2.111291e+01,2.114044e+01,2.113355e+01,2.105782e+01,2.107848e+01,2.105782e+01,2.111979e+01,2.113355e+01,2.105094e+01,2.101649e+01,2.111979e+01,2.104405e+01,2.116108e+01,2.112667e+01,2.111979e+01,2.108537e+01,2.109225e+01,2.103716e+01,2.117484e+01,2.109225e+01,2.114732e+01,2.117484e+01,2.117484e+01,2.117484e+01,2.114044e+01,2.110602e+01,2.103027e+01,2.115420e+01,2.117484e+01,2.105782e+01,2.119548e+01,2.110602e+01,2.111291e+01,2.118172e+01,2.122986e+01,2.117484e+01,2.122298e+01,2.119548e+01,2.116796e+01,2.108537e+01,2.109225e+01,2.109914e+01,2.111291e+01,2.114732e+01,2.121611e+01,2.112667e+01,2.112667e+01,2.118172e+01,2.106471e+01,2.118172e+01,2.114044e+01,2.118860e+01,2.120235e+01,2.107160e+01,2.106471e+01,2.117484e+01,2.116796e+01,2.118860e+01,2.110602e+01,2.105782e+01,2.127110e+01,2.116796e+01,2.129172e+01,2.139474e+01,2.147708e+01,2.158677e+01,2.168264e+01,2.176475e+01,2.203115e+01,2.212661e+01,2.262292e+01,2.287357e+01,2.323154e+01,2.354795e+01,2.391030e+01,2.420461e+01,2.426471e+01,2.443813e+01,2.443813e+01,2.453805e+01,2.461126e+01,2.461791e+01,2.435145e+01,2.411106e+01,2.385670e+01,2.362858e+01,2.274494e+01,2.231046e+01,2.186046e+01,2.120923e+01,2.122298e+01,2.096825e+01,2.094757e+01,2.078886e+01,2.080957e+01,2.071287e+01,2.078195e+01,2.074051e+01,2.074051e+01,2.082338e+01,2.076814e+01,2.071287e+01,2.080267e+01,2.077505e+01,2.070596e+01,2.077505e+01,2.075432e+01,2.086479e+01,2.080267e+01,2.087859e+01,2.088549e+01,2.082338e+01,2.076123e+01,2.081648e+01,2.085789e+01,2.074742e+01,2.085099e+01,2.068522e+01,2.056763e+01,2.059531e+01,2.075432e+01,2.071978e+01,2.065065e+01,2.065757e+01,2.060915e+01,2.064374e+01,2.063682e+01,2.064374e+01,2.062990e+01,2.067139e+01,2.066448e+01,2.067831e+01,2.069213e+01,2.065065e+01,2.049148e+01,2.055379e+01,2.065065e+01,2.055379e+01,2.058840e+01,2.058840e+01,2.056071e+01,2.060915e+01,2.061607e+01,2.067831e+01,2.071978e+01,2.073360e+01,2.077505e+01,2.076814e+01,2.078195e+01,2.068522e+01,2.087169e+01,2.071978e+01,2.069213e+01,2.062299e+01,2.076814e+01,2.093377e+01,2.077505e+01,2.065757e+01,2.058840e+01,2.051225e+01,2.067139e+01,2.061607e+01,2.060223e+01,2.063682e+01,2.053303e+01,2.071287e+01,2.053303e+01,2.060915e+01,2.057456e+01,2.055379e+01,2.056763e+01,2.045684e+01,2.065757e+01,2.061607e+01,2.058840e+01,2.054687e+01,2.056071e+01,2.054687e+01,2.056763e+01,2.060915e+01,2.067831e+01,2.060223e+01,2.059531e+01,2.060223e+01,2.049840e+01,2.051918e+01,2.056763e+01,2.051918e+01,2.050533e+01,2.058148e+01,2.051225e+01,2.047762e+01,2.055379e+01,2.049840e+01,2.046377e+01,2.054687e+01,2.049840e+01,2.047762e+01,2.035286e+01,2.044991e+01,2.053995e+01,2.048455e+01,2.040833e+01,2.047762e+01,2.046377e+01,2.049840e+01,2.050533e+01,2.033899e+01,2.043605e+01,2.051918e+01,2.044298e+01,2.046377e+01,2.040833e+01,2.040833e+01,2.038753e+01,2.040833e+01,2.033899e+01,2.037366e+01,2.044298e+01,2.040833e+01,2.047762e+01,2.046377e+01,2.036673e+01,2.038753e+01,2.049840e+01,2.039447e+01,2.042912e+01,2.045684e+01,2.049148e+01,2.053995e+01,2.042219e+01,2.040140e+01,2.048455e+01,2.049840e+01,2.058148e+01,2.044991e+01,2.046377e+01,2.051225e+01,2.056763e+01,2.050533e+01,2.051918e+01,2.048455e+01,2.040833e+01,2.048455e+01,2.053995e+01,2.053303e+01,2.052610e+01,2.052610e+01,2.054687e+01,2.053995e+01,2.056763e+01,2.051225e+01,2.056071e+01,2.049148e+01,2.055379e+01,2.051918e+01,2.055379e+01,2.057456e+01,2.051225e+01,2.051918e+01,2.052610e+01,2.048455e+01,2.050533e+01,2.054687e+01,2.049840e+01,2.049148e+01,2.050533e+01,2.052610e+01,2.048455e+01,2.042219e+01,2.045684e+01,2.043605e+01,2.042912e+01,2.044991e+01,2.047070e+01,2.049840e+01,2.057456e+01,2.052610e+01,2.047762e+01,2.053995e+01,2.051918e+01,2.056763e+01,2.059531e+01,2.056763e+01,2.051918e+01,2.056071e+01,2.051918e+01,2.049840e+01,2.056071e+01,2.047762e+01,2.051225e+01,2.054687e+01,2.056763e+01,2.053303e+01,2.053995e+01,2.053303e+01,2.055379e+01,2.056071e+01,2.057456e+01,2.058840e+01,2.056071e+01,2.056071e+01,2.069213e+01,2.058148e+01,2.069905e+01,2.065757e+01,2.069905e+01,2.063682e+01,2.055379e+01,2.062990e+01,2.057456e+01,2.053303e+01,2.061607e+01,2.054687e+01,2.053303e+01,2.073360e+01,2.076123e+01,2.058840e+01,2.059531e+01,2.058840e+01,2.057456e+01,2.054687e+01,2.056071e+01,2.064374e+01,2.060223e+01,2.073360e+01,2.079576e+01,2.074742e+01,2.073360e+01,2.064374e+01,2.062990e+01,2.070596e+01,2.078195e+01,2.059531e+01,2.074742e+01,2.062990e+01,2.069213e+01,2.069213e+01,2.062299e+01,2.062299e+01,2.062299e+01,2.070596e+01,2.086479e+01,2.114044e+01,2.127798e+01,2.136041e+01,2.115420e+01,2.104405e+01,2.088549e+01,2.094757e+01,2.072669e+01,2.073360e+01,2.049148e+01,2.051225e+01,2.023489e+01,2.037366e+01,2.024877e+01,1.997068e+01,2.003332e+01,2.008201e+01,1.992890e+01,1.988013e+01,2.008896e+01,1.997764e+01,2.004027e+01,2.000548e+01,1.999156e+01,1.998460e+01,1.998460e+01,1.995675e+01,1.999852e+01,2.008896e+01,2.008201e+01,2.014458e+01,2.012372e+01,2.014458e+01,2.013763e+01,2.020016e+01,2.034592e+01,2.021405e+01,2.023489e+01,2.029736e+01,2.023489e+01,2.039447e+01,2.053995e+01,2.043605e+01,2.069213e+01,2.081648e+01,2.096135e+01,2.125048e+01,2.129172e+01,2.135355e+01,2.145650e+01,2.135355e+01,2.126423e+01,2.120923e+01,2.126423e+01,2.103027e+01,2.107848e+01,2.107848e+01,2.109914e+01,2.113355e+01,2.118860e+01,2.136041e+01,2.130546e+01,2.126423e+01,2.122298e+01,2.111291e+01,2.116108e+01,2.117484e+01,2.106471e+01,2.110602e+01,2.110602e+01,2.103716e+01,2.100271e+01,2.106471e+01,2.105782e+01,2.101649e+01,2.098893e+01,2.103716e+01,2.103027e+01,2.097514e+01,2.096825e+01,2.095446e+01,2.094067e+01,2.096135e+01,2.100271e+01,2.094067e+01,2.096135e+01,2.096135e+01,2.094067e+01,2.088549e+01,2.094067e+01,2.094757e+01,2.101649e+01,2.100271e+01,2.101649e+01,2.104405e+01,2.089929e+01,2.092688e+01,2.093377e+01,2.086479e+01,2.091308e+01,2.087169e+01,2.100271e+01,2.084409e+01,2.087169e+01,2.097514e+01,2.098203e+01,2.093377e+01,2.091308e+01,2.089929e+01,2.085099e+01,2.089239e+01,2.087169e+01,2.083719e+01,2.085099e+01,2.097514e+01,2.092688e+01,2.103716e+01,2.099582e+01,2.096825e+01,2.084409e+01,2.105782e+01,2.094067e+01,2.094757e+01,2.102338e+01,2.096825e+01,2.086479e+01,2.090619e+01,2.100960e+01,2.094757e+01,2.091308e+01,2.094067e+01,2.091998e+01,2.096825e+01,2.092688e+01,2.085789e+01,2.084409e+01,2.088549e+01,2.085099e+01,2.093377e+01,2.101649e+01,2.094757e+01,2.094067e+01,2.098893e+01,2.094757e+01,2.126423e+01,2.092688e+01,2.094757e+01,2.097514e+01,2.098893e+01,2.114732e+01,2.086479e+01,2.098893e+01,2.109914e+01,2.105782e+01,2.098203e+01,2.100271e+01,2.088549e+01,2.097514e+01,2.103027e+01,2.092688e+01,2.095446e+01,2.097514e+01,2.098203e+01,2.096825e+01,2.085789e+01,2.092688e+01,2.085099e+01,2.101649e+01,2.093377e+01,2.089239e+01,2.085789e+01,2.093377e+01,2.094067e+01,2.094067e+01,2.101649e+01,2.092688e+01,2.091308e+01,2.094067e+01,2.094067e+01,2.076814e+01
2.105782e+01,2.107848e+01,2.120923e+01,2.105094e+01,2.100271e+01,2.100960e+01,2.106471e+01,2.092688e+01,2.105782e+01,2.107848e+01,2.099582e+01,2.099582e+01,2.100960e+01,2.105094e+01,2.114044e+01,2.106471e+01,2.105094e+01,2.103716e+01,2.100960e+01,2.109225e+01,2.103716e+01,2.095446e+01,2.105782e+01,2.103716e+01,2.103716e+01,2.106471e+01,2.106471e+01,2.103716e+01,2.117484e+01,2.115420e+01,2.120923e+01,2.108537e+01,2.106471e+01,2.111291e+01,2.112667e+01,2.102338e+01,2.109225e+01,2.109225e+01,2.104405e+01,2.115420e+01,2.116108e+01,2.113355e+01,2.108537e+01,2.110602e+01,2.108537e+01,2.111979e+01,2.107848e+01,2.108537e+01,2.106471e+01,2.115420e+01,2.111291e+01,2.121611e+01,2.109225e+01,2.110602e+01,2.105094e+01,2.103027e+01,2.111979e+01,2.116796e+01,2.114732e+01,2.126423e+01,2.114044e+01,2.116796e+01,2.103716e+01,2.105782e+01,2.113355e+01,2.103716e+01,2.103027e+01,2.114044e+01,2.105094e+01,2.107848e+01,2.106471e+01,2.111979e+01,2.107848e+01,2.107848e+01,2.114732e+01,2.106471e+01,2.112667e+01,2.112667e+01,2.105782e+01,2.109914e+01,2.108537e+01,2.114732e+01,2.111979e+01,2.099582e+01,2.114044e+01,2.115420e+01,2.114044e+01,2.103027e+01,2.105782e+01,2.106471e+01,2.106471e+01,2.114044e+01,2.107160e+01,2.109225e+01,2.111979e+01,2.113355e+01,2.105094e+01,2.105094e+01,2.105094e+01,2.103716e+01,2.107160e+01,2.106471e+01,2.111979e+01,2.109914e+01,2.101649e+01,2.107848e+01,2.108537e+01,2.109914e+01,2.113355e+01,2.091308e+01,2.100271e+01,2.104405e+01,2.103716e+01,2.112667e+01,2.107848e+01,2.105782e+01,2.099582e+01,2.116108e+01,2.108537e+01,2.109914e+01,2.108537e+01,2.107848e+01,2.108537e+01,2.103027e+01,2.107848e+01,2.108537e+01,2.116796e+01,2.112667e+01,2.112667e+01,2.112667e+01,2.120923e+01,2.111979e+01,2.112667e+01,2.108537e+01,2.113355e+01,2.108537e+01,2.119548e+01,2.116108e+01,2.110602e+01,2.118860e+01,2.109914e+01,2.122986e+01,2.111291e+01,2.122298e+01,2.123674e+01,2.105782e+01,2.118172e+01,2.107848e+01,2.110602e+01,2.109914e+01,2.109225e+01,2.114044e+01,2.115420e+01,2.111979e+01,2.114732e+01,2.112667e+01,2.113355e+01,2.119548e+01,2.112667e+01,2.118172e+01,2.111291e+01,2.112667e+01,2.116796e+01,2.121611e+01,2.114044e+01,2.114044e+01,2.108537e+01,2.115420e+01,2.105782e+01,2.120235e+01,2.104405e+01,2.116108e+01,2.109225e+01,2.109225e+01,2.108537e+01,2.112667e+01,2.109914e+01,2.107160e+01,2.120923e+01,2.127798e+01,2.146336e+01,2.149080e+01,2.145650e+01,2.170318e+01,2.180578e+01,2.205161e+01,2.209934e+01,2.249398e+01,2.290063e+01,2.321131e+01,2.377624e+01,2.392369e+01,2.391699e+01,2.426471e+01,2.443146e+01,2.446478e+01,2.454471e+01,2.449809e+01,2.447145e+01,2.433144e+01,2.410437e+01,2.366216e+01,2.316409e+01,2.263649e+01,2.193560e+01,2.142906e+01,2.125736e+01,2.109914e+01,2.080267e+01,2.088549e+01,2.070596e+01,2.078886e+01,2.078195e+01,2.081648e+01,2.080957e+01,2.075432e+01,2.080957e+01,2.076123e+01,2.079576e+01,2.071978e+01,2.081648e+01,2.083719e+01,2.080957e+01,2.101649e+01,2.087859e+01,2.087859e+01,2.087859e+01,2.086479e+01,2.085099e+01,2.073360e+01,2.072669e+01,2.076814e+01,2.074051e+01,2.076123e+01,2.070596e+01,2.070596e+01,2.063682e+01,2.058840e+01,2.060915e+01,2.053303e+01,2.075432e+01,2.076123e+01,2.070596e+01,2.065757e+01,2.074742e+01,2.067831e+01,2.064374e+01,2.067139e+01,2.071978e+01,2.061607e+01,2.067831e+01,2.056071e+01,2.071978e+01,2.052610e+01,2.055379e+01,2.057456e+01,2.042912e+01,2.060223e+01,2.058840e+01,2.061607e+01,2.076814e+01,2.072669e+01,2.075432e+01,2.073360e+01,2.069905e+01,2.072669e+01,2.077505e+01,2.067831e+01,2.076123e+01,2.091998e+01,2.078195e+01,2.071287e+01,2.082338e+01,2.072669e+01,2.071978e+01,2.065757e+01,2.074051e+01,2.065065e+01,2.060915e+01,2.053303e+01,2.056071e+01,2.045684e+01,2.053303e+01,2.056763e+01,2.050533e+01,2.050533e+01,2.058840e+01,2.062990e+01,2.058148e+01,2.059531e+01,2.056071e+01,2.059531e+01,2.053995e+01,2.053995e+01,2.057456e+01,2.058148e+01,2.069213e+01,2.062299e+01,2.062299e+01,2.067139e+01,2.069213e+01,2.053303e+01,2.064374e+01,2.060223e+01,2.049148e+01,2.051918e+01,2.058148e+01,2.051918e+01,2.062299e+01,2.057456e+01,2.062299e+01,2.047762e+01,2.054687e+01,2.057456e+01,2.055379e+01,2.053303e+01,2.045684e+01,2.058148e+01,2.065065e+01,2.068522e+01,2.047762e+01,2.056763e+01,2.040140e+01,2.038060e+01,2.049148e+01,2.046377e+01,2.054687e+01,2.047070e+01,2.049148e+01,2.049840e+01,2.038753e+01,2.042912e+01,2.043605e+01,2.037366e+01,2.044298e+01,2.043605e+01,2.049148e+01,2.042912e+01,2.047762e+01,2.049148e+01,2.037366e+01,2.029736e+01,2.045684e+01,2.032512e+01,2.044298e+01,2.047070e+01,2.054687e+01,2.042219e+01,2.039447e+01,2.039447e+01,2.058148e+01,2.051918e+01,2.060915e+01,2.055379e+01,2.044298e+01,2.051918e+01,2.049840e+01,2.049840e+01,2.050533e+01,2.051225e+01,2.056763e+01,2.042912e+01,2.053995e+01,2.060223e+01,2.057456e+01,2.048455e+01,2.050533e+01,2.058148e+01,2.061607e+01,2.051225e+01,2.052610e+01,2.053303e+01,2.050533e+01,2.051225e+01,2.049840e+01,2.057456e+01,2.050533e+01,2.049840e+01,2.050533e+01,2.049840e+01,2.049148e+01,2.050533e+01,2.061607e+01,2.049840e+01,2.051918e+01,2.040140e+01,2.047762e+01,2.043605e+01,2.042219e+01,2.040833e+01,2.044298e+01,2.051918e+01,2.053303e+01,2.049148e+01,2.058840e+01,2.059531e+01,2.061607e+01,2.058840e+01,2.042912e+01,2.041526e+01,2.044298e+01,2.057456e+01,2.056071e+01,2.049840e+01,2.049148e+01,2.052610e+01,2.052610e+01,2.059531e+01,2.058840e+01,2.056071e+01,2.060915e+01,2.054687e+01,2.056763e+01,2.056071e+01,2.056071e+01,2.056071e+01,2.058148e+01,2.058148e+01,2.065065e+01,2.054687e+01,2.061607e+01,2.059531e+01,2.052610e+01,2.067831e+01,2.065065e+01,2.053303e+01,2.059531e+01,2.069213e+01,2.054687e+01,2.053995e+01,2.052610e+01,2.060915e+01,2.058148e+01,2.059531e+01,2.063682e+01,2.043605e+01,2.061607e+01,2.060223e+01,2.053995e+01,2.057456e+01,2.068522e+01,2.066448e+01,2.069213e+01,2.074051e+01,2.078886e+01,2.080957e+01,2.074051e+01,2.069905e+01,2.076814e+01,2.063682e+01,2.068522e+01,2.069213e+01,2.056763e+01,2.074051e+01,2.062299e+01,2.061607e+01,2.062990e+01,2.080267e+01,2.071287e+01,2.072669e+01,2.115420e+01,2.116796e+01,2.122298e+01,2.114044e+01,2.110602e+01,2.103027e+01,2.089929e+01,2.085099e+01,2.065757e+01,2.056071e+01,2.047762e+01,2.029736e+01,2.033899e+01,2.012372e+01,2.010287e+01,2.006114e+01,2.009591e+01,2.003332e+01,2.003332e+01,2.006114e+01,1.998460e+01,2.002636e+01,2.004723e+01,1.997068e+01,1.996371e+01,1.999156e+01,1.999852e+01,1.996371e+01,2.006810e+01,2.002636e+01,2.004027e+01,2.007505e+01,2.014458e+01,2.004723e+01,2.011677e+01,2.013763e+01,2.017932e+01,2.022794e+01,2.033899e+01,2.033899e+01,2.024183e+01,2.037366e+01,2.042219e+01,2.071978e+01,2.096135e+01,2.100271e+01,2.122986e+01,2.134668e+01,2.142906e+01,2.136041e+01,2.131920e+01,2.114044e+01,2.111291e+01,2.118860e+01,2.111979e+01,2.105094e+01,2.113355e+01,2.110602e+01,2.126423e+01,2.118860e+01,2.144964e+01,2.125048e+01,2.109914e+01,2.120923e+01,2.112667e+01,2.117484e+01,2.103027e+01,2.109225e+01,2.115420e+01,2.109225e+01,2.118860e+01,2.129172e+01,2.104405e+01,2.104405e+01,2.103027e+01,2.103027e+01,2.100960e+01,2.101649e+01,2.099582e+01,2.095446e+01,2.092688e+01,2.098893e+01,2.090619e+01,2.095446e+01,2.089239e+01,2.096825e+01,2.088549e+01,2.098203e+01,2.094067e+01,2.096135e+01,2.096135e+01,2.096825e+01,2.095446e+01,2.098203e+01,2.096135e+01,2.090619e+01,2.089929e+01,2.091998e+01,2.087169e+01,2.088549e+01,2.103716e+01,2.084409e+01,2.085099e+01,2.083028e+01,2.084409e+01,2.095446e+01,2.087169e+01,2.080957e+01,2.087859e+01,2.084409e+01,2.084409e+01,2.096825e+01,2.103716e+01,2.089929e+01,2.092688e+01,2.092688e+01,2.091308e+01,2.091998e+01,2.094067e+01,2.094757e+01,2.094067e+01,2.094067e+01,2.091998e+01,2.091998e+01,2.094067e+01,2.092688e+01,2.093377e+01,2.092688e+01,2.098203e+01,2.096135e+01,2.097514e+01,2.091998e+01,2.076123e+01,2.090619e+01,2.089239e+01,2.089239e+01,2.091998e+01,2.084409e+01,2.098893e+01,2.089929e+01,2.087859e+01,2.090619e+01,2.093377e+01,2.094067e+01,2.095446e+01,2.086479e+01,2.087169e+01,2.102338e+01,2.097514e+01,2.094067e+01,2.094757e+01,2.108537e+01,2.094067e+01,2.099582e+01,2.092688e+01,2.100271e+01,2.098203e+01,2.093377e+01,2.097514e+01,2.094757e+01,2.099582e+01,2.091998e+01,2.097514e+01,2.102338e+01,2.098203e+01,2.086479e+01,2.102338e+01,2.085789e+01,2.112667e+01,2.084409e+01,2.089239e+01,2.099582e+01,2.085789e+01,2.098203e+01,2.085099e+01,2.089929e+01,2.087859e+01,2.099582e+01,2.081648e+01,2.091998e+01
2.116108e+01,2.103027e+01,2.107160e+01,2.111291e+01,2.108537e+01,2.106471e+01,2.096135e+01,2.095446e+01,2.105782e+01,2.100960e+01,2.109225e+01,2.120923e+01,2.106471e+01,2.114732e+01,2.107160e+01,2.107848e+01,2.112667e+01,2.112667e+01,2.098203e+01,2.104405e+01,2.116796e+01,2.105094e+01,2.113355e+01,2.110602e+01,2.105782e+01,2.108537e+01,2.113355e+01,2.107160e+01,2.115420e+01,2.127798e+01,2.123674e+01,2.109914e+01,2.114732e+01,2.113355e+01,2.104405e+01,2.103716e+01,2.111979e+01,2.105094e+01,2.108537e+01,2.107160e+01,2.114044e+01,2.135355e+01,2.097514e+01,2.109225e+01,2.097514e+01,2.117484e+01,2.107848e+01,2.109225e+01,2.111291e+01,2.117484e+01,2.109225e+01,2.127798e+01,2.123674e+01,2.105094e+01,2.109225e+01,2.105094e+01,2.109914e+01,2.113355e+01,2.115420e+01,2.117484e+01,2.112667e+01,2.114732e+01,2.114732e+01,2.124361e+01,2.116108e+01,2.116108e+01,2.113355e+01,2.111291e+01,2.120923e+01,2.109914e+01,2.126423e+01,2.108537e+01,2.109914e+01,2.110602e+01,2.109914e+01,2.107848e+01,2.109914e+01,2.111979e+01,2.113355e+01,2.115420e+01,2.114732e+01,2.101649e+01,2.107160e+01,2.105782e+01,2.110602e+01,2.115420e+01,2.110602e+01,2.111979e+01,2.109225e+01,2.112667e+01,2.113355e+01,2.110602e+01,2.105094e+01,2.111979e+01,2.107848e+01,2.106471e+01,2.103716e+01,2.105782e+01,2.106471e+01,2.112667e+01,2.107848e+01,2.106471e+01,2.105782e+01,2.109225e+01,2.117484e+01,2.100271e+01,2.101649e+01,2.103716e+01,2.115420e+01,2.112667e+01,2.110602e+01,2.101649e+01,2.100960e+01,2.110602e+01,2.107848e+01,2.116796e+01,2.106471e+01,2.105094e+01,2.107848e+01,2.108537e+01,2.107848e+01,2.107848e+01,2.111291e+01,2.109225e+01,2.121611e+01,2.100960e+01,2.105782e+01,2.103027e+01,2.104405e+01,2.106471e+01,2.118172e+01,2.114732e+01,2.111291e+01,2.106471e+01,2.103716e+01,2.118860e+01,2.117484e+01,2.114044e+01,2.116796e+01,2.109225e+01,2.116796e+01,2.115420e+01,2.111291e+01,2.114732e+01,2.103716e+01,2.111979e+01,2.111979e+01,2.116796e+01,2.117484e+01,2.108537e+01,2.111979e+01,2.107160e+01,2.108537e+01,2.120235e+01,2.110602e+01,2.107848e+01,2.109914e+01,2.105782e+01,2.113355e+01,2.111979e+01,2.110602e+01,2.115420e+01,2.111979e+01,2.115420e+01,2.115420e+01,2.111979e+01,2.122298e+01,2.117484e+01,2.120235e+01,2.108537e+01,2.118172e+01,2.111979e+01,2.109914e+01,2.109225e+01,2.119548e+01,2.125048e+01,2.125736e+01,2.134668e+01,2.109225e+01,2.142220e+01,2.137415e+01,2.143592e+01,2.149766e+01,2.169633e+01,2.177159e+01,2.201750e+01,2.217430e+01,2.246002e+01,2.285327e+01,2.319108e+01,2.347398e+01,2.397057e+01,2.412442e+01,2.414448e+01,2.443146e+01,2.451807e+01,2.455802e+01,2.447811e+01,2.439147e+01,2.433144e+01,2.407762e+01,2.377624e+01,2.303582e+01,2.231726e+01,2.184679e+01,2.156621e+01,2.107160e+01,2.099582e+01,2.083719e+01,2.094067e+01,2.091308e+01,2.078195e+01,2.084409e+01,2.085099e+01,2.075432e+01,2.083028e+01,2.080267e+01,2.072669e+01,2.073360e+01,2.082338e+01,2.089239e+01,2.089239e+01,2.089239e+01,2.091998e+01,2.096135e+01,2.088549e+01,2.080267e+01,2.087169e+01,2.084409e+01,2.076123e+01,2.076814e+01,2.069905e+01,2.071287e+01,2.083719e+01,2.074742e+01,2.069905e+01,2.075432e+01,2.060915e+01,2.068522e+01,2.056071e+01,2.062299e+01,2.072669e+01,2.059531e+01,2.066448e+01,2.068522e+01,2.068522e+01,2.070596e+01,2.072669e+01,2.069213e+01,2.075432e+01,2.060223e+01,2.072669e+01,2.067139e+01,2.058148e+01,2.069905e+01,2.054687e+01,2.056071e+01,2.065065e+01,2.065757e+01,2.050533e+01,2.054687e+01,2.074051e+01,2.077505e+01,2.076814e+01,2.074051e+01,2.078886e+01,2.067139e+01,2.074742e+01,2.078886e+01,2.071287e+01,2.074742e+01,2.069905e+01,2.071978e+01,2.072669e+01,2.071287e+01,2.082338e+01,2.069905e+01,2.065757e+01,2.050533e+01,2.060223e+01,2.055379e+01,2.056763e+01,2.062299e+01,2.056763e+01,2.053995e+01,2.049148e+01,2.060915e+01,2.057456e+01,2.059531e+01,2.056763e+01,2.057456e+01,2.052610e+01,2.053303e+01,2.055379e+01,2.054687e+01,2.069213e+01,2.068522e+01,2.062990e+01,2.060915e+01,2.070596e+01,2.058148e+01,2.069905e+01,2.067139e+01,2.062299e+01,2.052610e+01,2.050533e+01,2.051225e+01,2.050533e+01,2.054687e+01,2.049148e+01,2.050533e+01,2.054687e+01,2.048455e+01,2.053995e+01,2.055379e+01,2.046377e+01,2.056763e+01,2.060915e+01,2.053303e+01,2.064374e+01,2.065065e+01,2.047762e+01,2.055379e+01,2.050533e+01,2.043605e+01,2.049148e+01,2.046377e+01,2.056071e+01,2.043605e+01,2.058148e+01,2.047762e+01,2.052610e+01,2.044991e+01,2.049840e+01,2.047070e+01,2.043605e+01,2.038060e+01,2.045684e+01,2.044991e+01,2.030430e+01,2.045684e+01,2.029042e+01,2.044298e+01,2.044298e+01,2.047070e+01,2.048455e+01,2.042912e+01,2.038060e+01,2.044991e+01,2.044298e+01,2.051918e+01,2.058148e+01,2.047070e+01,2.049148e+01,2.046377e+01,2.054687e+01,2.051225e+01,2.052610e+01,2.049148e+01,2.053995e+01,2.047762e+01,2.049840e+01,2.057456e+01,2.063682e+01,2.053303e+01,2.058840e+01,2.053303e+01,2.053995e+01,2.049840e+01,2.051918e+01,2.051225e+01,2.051918e+01,2.054687e+01,2.051225e+01,2.053995e+01,2.059531e+01,2.052610e+01,2.050533e+01,2.061607e+01,2.057456e+01,2.053303e+01,2.051225e+01,2.053303e+01,2.048455e+01,2.042912e+01,2.047070e+01,2.050533e+01,2.040833e+01,2.045684e+01,2.049148e+01,2.044991e+01,2.047070e+01,2.053995e+01,2.043605e+01,2.050533e+01,2.058840e+01,2.060223e+01,2.047070e+01,2.062299e+01,2.058840e+01,2.059531e+01,2.058148e+01,2.056763e+01,2.054687e+01,2.052610e+01,2.055379e+01,2.042912e+01,2.060915e+01,2.058840e+01,2.054687e+01,2.056763e+01,2.057456e+01,2.056763e+01,2.062299e+01,2.060223e+01,2.055379e+01,2.056071e+01,2.069905e+01,2.069213e+01,2.056763e+01,2.058840e+01,2.069213e+01,2.056763e+01,2.067139e+01,2.068522e+01,2.068522e+01,2.056763e+01,2.056763e+01,2.056763e+01,2.052610e+01,2.053995e+01,2.065065e+01,2.058148e+01,2.060223e+01,2.058840e+01,2.059531e+01,2.066448e+01,2.055379e+01,2.064374e+01,2.058840e+01,2.068522e+01,2.078886e+01,2.074051e+01,2.080267e+01,2.067831e+01,2.074742e+01,2.084409e+01,2.079576e+01,2.071978e+01,2.069905e+01,2.067139e+01,2.069213e+01,2.073360e+01,2.062299e+01,2.074742e+01,2.059531e+01,2.064374e+01,2.070596e+01,2.080957e+01,2.083028e+01,2.103716e+01,2.138788e+01,2.118860e+01,2.112667e+01,2.096135e+01,2.093377e+01,2.098893e+01,2.077505e+01,2.066448e+01,2.061607e+01,2.044298e+01,2.030430e+01,2.020016e+01,2.013068e+01,1.999156e+01,2.001940e+01,2.001244e+01,2.000548e+01,1.998460e+01,1.997068e+01,2.008896e+01,2.008201e+01,1.990800e+01,1.990800e+01,2.001244e+01,2.002636e+01,2.000548e+01,2.001940e+01,1.999156e+01,2.004723e+01,2.001244e+01,2.008201e+01,2.007505e+01,2.004723e+01,2.023489e+01,2.018627e+01,2.015153e+01,2.022100e+01,2.032512e+01,2.036673e+01,2.035980e+01,2.032512e+01,2.048455e+01,2.054687e+01,2.087169e+01,2.080267e+01,2.110602e+01,2.129172e+01,2.140161e+01,2.131920e+01,2.127798e+01,2.129172e+01,2.122298e+01,2.115420e+01,2.111291e+01,2.114732e+01,2.113355e+01,2.119548e+01,2.115420e+01,2.117484e+01,2.127798e+01,2.125048e+01,2.122986e+01,2.125736e+01,2.129172e+01,2.104405e+01,2.114732e+01,2.107848e+01,2.112667e+01,2.112667e+01,2.107160e+01,2.109914e+01,2.107160e+01,2.108537e+01,2.097514e+01,2.110602e+01,2.109225e+01,2.101649e+01,2.109225e+01,2.098893e+01,2.096825e+01,2.080957e+01,2.094757e+01,2.091998e+01,2.092688e+01,2.089929e+01,2.094067e+01,2.099582e+01,2.082338e+01,2.098203e+01,2.097514e+01,2.096825e+01,2.099582e+01,2.100271e+01,2.096825e+01,2.088549e+01,2.093377e+01,2.093377e+01,2.097514e+01,2.096825e+01,2.094757e+01,2.098893e+01,2.095446e+01,2.097514e+01,2.101649e+01,2.094067e+01,2.080957e+01,2.087169e+01,2.087169e+01,2.085099e+01,2.087859e+01,2.085789e+01,2.099582e+01,2.097514e+01,2.096825e+01,2.099582e+01,2.095446e+01,2.093377e+01,2.088549e+01,2.088549e+01,2.100960e+01,2.091308e+01,2.092688e+01,2.088549e+01,2.089239e+01,2.097514e+01,2.093377e+01,2.094067e+01,2.099582e+01,2.100271e+01,2.096825e+01,2.096825e+01,2.087169e+01,2.091308e+01,2.089239e+01,2.090619e+01,2.096825e+01,2.074742e+01,2.087169e+01,2.093377e+01,2.083719e+01,2.089929e+01,2.092688e+01,2.089239e+01,2.094067e+01,2.098203e+01,2.090619e+01,2.111979e+01,2.123674e+01,2.119548e+01,2.104405e+01,2.113355e+01,2.107848e+01,2.103716e+01,2.095446e+01,2.099582e+01,2.096135e+01,2.099582e+01,2.104405e+01,2.100271e+01,2.093377e+01,2.092688e+01,2.085789e+01,2.084409e+01,2.084409e+01,2.089929e+01,2.087169e+01,2.089239e+01,2.096825e+01,2.104405e+01,2.078886e+01,2.084409e+01,2.083028e+01,2.089929e+01,2.081648e+01,2.091998e+01,2.090619e+01,2.085789e+01,2.097514e+01,2.098203e+01
2.103716e+01,2.112667e+01,2.108537e+01,2.105782e+01,2.109914e+01,2.099582e+01,2.098203e+01,2.092688e+01,2.104405e+01,2.103716e+01,2.107848e+01,2.109225e+01,2.110602e+01,2.106471e+01,2.106471e+01,2.108537e+01,2.117484e+01,2.096135e+01,2.102338e+01,2.103027e+01,2.105094e+01,2.111291e+01,2.105094e+01,2.129859e+01,2.125736e+01,2.105094e+01,2.120235e+01,2.121611e+01,2.111979e+01,2.123674e+01,2.096825e+01,2.109914e+01,2.109225e+01,2.115420e+01,2.142906e+01,2.113355e+01,2.111291e+01,2.100960e+01,2.102338e+01,2.102338e+01,2.114044e+01,2.113355e+01,2.108537e+01,2.111979e+01,2.114044e+01,2.102338e+01,2.120923e+01,2.116108e+01,2.112667e+01,2.108537e+01,2.112667e+01,2.120923e+01,2.107848e+01,2.108537e+01,2.108537e+01,2.109225e+01,2.130546e+01,2.109225e+01,2.113355e+01,2.117484e+01,2.114044e+01,2.123674e+01,2.103716e+01,2.105094e+01,2.103716e+01,2.111291e+01,2.104405e+01,2.105094e+01,2.107848e+01,2.102338e+01,2.108537e+01,2.103027e+01,2.103027e+01,2.119548e+01,2.113355e+01,2.102338e+01,2.118172e+01,2.114044e+01,2.105782e+01,2.105094e+01,2.106471e+01,2.107848e+01,2.109914e+01,2.116796e+01,2.104405e+01,2.106471e+01,2.111979e+01,2.120235e+01,2.105782e+01,2.117484e+01,2.111291e+01,2.111979e+01,2.112667e+01,2.112667e+01,2.113355e+01,2.104405e+01,2.105094e+01,2.109225e+01,2.107160e+01,2.102338e+01,2.101649e+01,2.109225e+01,2.111291e+01,2.109914e+01,2.098893e+01,2.103716e+01,2.112667e+01,2.112667e+01,2.119548e+01,2.101649e+01,2.115420e+01,2.111291e+01,2.136728e+01,2.104405e+01,2.114044e+01,2.116796e+01,2.113355e+01,2.105094e+01,2.111979e+01,2.107848e+01,2.109225e+01,2.109914e+01,2.108537e+01,2.103716e+01,2.118860e+01,2.107160e+01,2.114044e+01,2.111979e+01,2.104405e+01,2.111291e+01,2.107160e+01,2.113355e+01,2.113355e+01,2.109914e+01,2.114732e+01,2.111979e+01,2.120235e+01,2.118172e+01,2.109914e+01,2.111979e+01,2.112667e+01,2.111979e+01,2.118172e+01,2.116108e+01,2.117484e+01,2.119548e+01,2.118172e+01,2.110602e+01,2.123674e+01,2.109225e+01,2.109914e+01,2.112667e+01,2.108537e+01,2.122298e+01,2.107160e+01,2.107848e+01,2.118172e+01,2.118860e+01,2.109225e+01,2.109914e+01,2.120235e+01,2.112667e+01,2.118172e+01,2.113355e+01,2.095446e+01,2.118860e+01,2.111979e+01,2.120235e+01,2.120235e+01,2.122986e+01,2.109914e+01,2.110602e+01,2.117484e+01,2.114732e+01,2.120235e+01,2.109225e+01,2.134668e+01,2.131920e+01,2.127798e+01,2.146336e+01,2.153194e+01,2.151137e+01,2.151823e+01,2.162787e+01,2.186046e+01,2.199703e+01,2.222879e+01,2.249398e+01,2.282620e+01,2.340670e+01,2.346053e+01,2.390360e+01,2.409768e+01,2.424468e+01,2.447145e+01,2.446478e+01,2.453805e+01,2.435812e+01,2.433811e+01,2.411774e+01,2.395048e+01,2.370915e+01,2.311686e+01,2.223560e+01,2.159362e+01,2.122298e+01,2.110602e+01,2.091998e+01,2.098893e+01,2.075432e+01,2.076814e+01,2.090619e+01,2.085789e+01,2.087859e+01,2.085789e+01,2.071978e+01,2.086479e+01,2.081648e+01,2.098893e+01,2.099582e+01,2.098203e+01,2.098203e+01,2.098203e+01,2.102338e+01,2.093377e+01,2.087859e+01,2.083028e+01,2.078886e+01,2.080957e+01,2.080267e+01,2.078886e+01,2.071978e+01,2.068522e+01,2.064374e+01,2.068522e+01,2.074742e+01,2.064374e+01,2.068522e+01,2.074051e+01,2.067831e+01,2.058148e+01,2.069905e+01,2.071978e+01,2.063682e+01,2.065757e+01,2.071287e+01,2.070596e+01,2.065757e+01,2.067831e+01,2.065757e+01,2.062299e+01,2.058840e+01,2.077505e+01,2.061607e+01,2.062299e+01,2.056763e+01,2.067831e+01,2.061607e+01,2.060915e+01,2.068522e+01,2.067831e+01,2.058148e+01,2.073360e+01,2.072669e+01,2.077505e+01,2.074742e+01,2.080957e+01,2.077505e+01,2.076123e+01,2.078195e+01,2.068522e+01,2.074051e+01,2.071978e+01,2.079576e+01,2.058148e+01,2.057456e+01,2.066448e+01,2.063682e+01,2.051225e+01,2.063682e+01,2.045684e+01,2.050533e+01,2.057456e+01,2.060915e+01,2.060223e+01,2.044991e+01,2.047762e+01,2.054687e+01,2.053995e+01,2.051918e+01,2.058840e+01,2.052610e+01,2.045684e+01,2.053995e+01,2.053303e+01,2.067139e+01,2.072669e+01,2.065065e+01,2.064374e+01,2.056763e+01,2.066448e+01,2.067139e+01,2.061607e+01,2.055379e+01,2.060223e+01,2.051918e+01,2.061607e+01,2.054687e+01,2.052610e+01,2.053995e+01,2.051225e+01,2.051918e+01,2.047070e+01,2.064374e+01,2.056763e+01,2.046377e+01,2.046377e+01,2.065065e+01,2.075432e+01,2.067831e+01,2.049148e+01,2.047070e+01,2.049840e+01,2.058840e+01,2.046377e+01,2.053303e+01,2.049840e+01,2.053995e+01,2.054687e+01,2.058840e+01,2.044991e+01,2.042219e+01,2.039447e+01,2.056763e+01,2.040833e+01,2.042219e+01,2.040833e+01,2.038753e+01,2.042219e+01,2.047070e+01,2.045684e+01,2.036673e+01,2.034592e+01,2.038060e+01,2.039447e+01,2.034592e+01,2.047762e+01,2.047762e+01,2.050533e+01,2.045684e+01,2.054687e+01,2.047070e+01,2.054687e+01,2.057456e+01,2.058840e+01,2.064374e+01,2.049840e+01,2.050533e+01,2.051225e+01,2.047070e+01,2.055379e+01,2.051225e+01,2.057456e+01,2.058148e+01,2.060223e+01,2.057456e+01,2.051918e+01,2.046377e+01,2.056763e+01,2.048455e+01,2.057456e+01,2.054687e+01,2.049148e+01,2.047762e+01,2.059531e+01,2.047762e+01,2.050533e+01,2.053303e+01,2.055379e+01,2.055379e+01,2.051225e+01,2.051225e+01,2.051918e+01,2.048455e+01,2.049148e+01,2.045684e+01,2.041526e+01,2.048455e+01,2.052610e+01,2.047762e+01,2.055379e+01,2.057456e+01,2.060915e+01,2.057456e+01,2.059531e+01,2.049148e+01,2.051225e+01,2.046377e+01,2.059531e+01,2.058840e+01,2.057456e+01,2.058840e+01,2.056071e+01,2.049840e+01,2.042912e+01,2.044991e+01,2.058148e+01,2.053303e+01,2.049148e+01,2.056763e+01,2.056763e+01,2.057456e+01,2.060915e+01,2.060223e+01,2.059531e+01,2.059531e+01,2.054687e+01,2.071978e+01,2.059531e+01,2.053995e+01,2.064374e+01,2.060223e+01,2.065757e+01,2.069905e+01,2.063682e+01,2.059531e+01,2.069213e+01,2.052610e+01,2.053995e+01,2.064374e+01,2.065757e+01,2.052610e+01,2.055379e+01,2.060223e+01,2.065757e+01,2.049148e+01,2.058148e+01,2.053995e+01,2.051918e+01,2.064374e+01,2.058840e+01,2.063682e+01,2.080957e+01,2.078195e+01,2.084409e+01,2.082338e+01,2.076123e+01,2.073360e+01,2.065757e+01,2.074742e+01,2.067139e+01,2.065757e+01,2.066448e+01,2.060915e+01,2.063682e+01,2.073360e+01,2.068522e+01,2.072669e+01,2.089929e+01,2.093377e+01,2.117484e+01,2.117484e+01,2.124361e+01,2.112667e+01,2.102338e+01,2.087859e+01,2.092688e+01,2.068522e+01,2.072669e+01,2.061607e+01,2.049148e+01,2.040833e+01,2.023489e+01,2.009591e+01,2.013068e+01,2.009591e+01,1.999852e+01,2.006114e+01,2.001940e+01,2.004723e+01,2.011677e+01,1.998460e+01,2.007505e+01,2.010982e+01,2.001244e+01,2.003332e+01,1.999852e+01,2.003332e+01,2.005419e+01,2.004723e+01,2.004027e+01,2.004723e+01,2.000548e+01,2.006114e+01,2.022100e+01,2.013068e+01,1.994283e+01,2.017237e+01,2.019321e+01,2.017932e+01,2.029736e+01,2.031124e+01,2.040140e+01,2.067831e+01,2.086479e+01,2.104405e+01,2.091998e+01,2.136728e+01,2.144964e+01,2.127798e+01,2.127110e+01,2.118172e+01,2.120235e+01,2.115420e+01,2.111979e+01,2.110602e+01,2.107160e+01,2.119548e+01,2.116796e+01,2.127110e+01,2.128485e+01,2.147708e+01,2.129859e+01,2.119548e+01,2.120923e+01,2.105094e+01,2.119548e+01,2.114044e+01,2.106471e+01,2.108537e+01,2.107160e+01,2.102338e+01,2.100271e+01,2.112667e+01,2.115420e+01,2.098893e+01,2.100271e+01,2.104405e+01,2.105094e+01,2.095446e+01,2.104405e+01,2.105782e+01,2.086479e+01,2.092688e+01,2.100271e+01,2.088549e+01,2.113355e+01,2.095446e+01,2.085789e+01,2.078886e+01,2.100960e+01,2.093377e+01,2.094067e+01,2.090619e+01,2.098893e+01,2.098203e+01,2.091998e+01,2.087169e+01,2.100271e+01,2.092688e+01,2.090619e+01,2.093377e+01,2.091998e+01,2.081648e+01,2.089929e+01,2.090619e+01,2.096825e+01,2.087859e+01,2.084409e+01,2.085789e+01,2.098203e+01,2.093377e+01,2.100960e+01,2.090619e+01,2.087859e+01,2.101649e+01,2.097514e+01,2.096825e+01,2.086479e+01,2.097514e+01,2.095446e+01,2.089929e+01,2.086479e+01,2.087859e+01,2.091308e+01,2.090619e+01,2.091308e+01,2.091998e+01,2.083028e+01,2.087859e+01,2.091998e+01,2.098893e+01,2.087169e+01,2.097514e+01,2.094757e+01,2.086479e+01,2.079576e+01,2.094757e+01,2.090619e+01,2.083719e+01,2.087169e+01,2.089239e+01,2.097514e+01,2.091308e+01,2.092688e+01,2.089239e+01,2.093377e+01,2.104405e+01,2.105782e+01,2.092688e+01,2.109225e+01,2.117484e+01,2.104405e+01,2.100960e+01,2.099582e+01,2.103716e+01,2.078195e+01,2.091998e+01,2.091308e+01,2.098203e+01,2.096825e+01,2.091308e+01,2.093377e+01,2.095446e+01,2.091308e+01,2.106471e+01,2.107160e+01,2.103027e+01,2.086479e+01,2.097514e+01,2.085099e+01,2.084409e+01,2.096825e+01,2.081648e+01,2.084409e+01,2.083719e+01,2.087859e+01,2.078886e+01,2.090619e+01,2.086479e+01
2.098893e+01,2.114732e+01,2.108537e+01,2.107848e+01,2.109225e+01,2.107160e+01,2.105782e+01,2.106471e+01,2.123674e+01,2.093377e+01,2.109225e+01,2.108537e+01,2.111291e+01,2.109914e+01,2.096825e+01,2.109914e+01,2.109225e+01,2.110602e+01,2.109225e+01,2.116108e+01,2.116108e+01,2.116108e+01,2.116108e+01,2.099582e+01,2.112667e+01,2.104405e+01,2.109225e+01,2.121611e+01,2.110602e+01,2.108537e+01,2.113355e+01,2.111291e+01,2.123674e+01,2.109914e+01,2.101649e+01,2.111291e+01,2.111291e+01,2.105782e+01,2.107848e+01,2.105782e+01,2.114732e+01,2.117484e+01,2.104405e+01,2.101649e+01,2.105782e+01,2.108537e+01,2.116796e+01,2.116108e+01,2.106471e+01,2.106471e+01,2.116796e+01,2.116108e+01,2.125736e+01,2.105094e+01,2.106471e+01,2.108537e+01,2.105782e+01,2.099582e+01,2.115420e+01,2.105782e+01,2.107848e+01,2.114044e+01,2.108537e+01,2.120923e+01,2.112667e+01,2.111291e+01,2.112667e+01,2.102338e+01,2.102338e+01,2.107848e+01,2.114044e+01,2.109914e+01,2.125048e+01,2.111979e+01,2.110602e+01,2.113355e+01,2.111291e+01,2.112667e+01,2.112667e+01,2.114732e+01,2.107848e+01,2.116108e+01,2.113355e+01,2.113355e+01,2.107848e+01,2.117484e+01,2.105094e+01,2.111979e+01,2.109914e+01,2.105094e+01,2.115420e+01,2.111979e+01,2.107160e+01,2.111979e+01,2.114732e+01,2.105094e+01,2.112667e+01,2.107848e+01,2.105782e+01,2.109914e+01,2.108537e+01,2.100271e+01,2.111291e+01,2.110602e+01,2.102338e+01,2.103716e+01,2.112667e+01,2.100960e+01,2.111979e+01,2.110602e+01,2.103716e+01,2.105094e+01,2.109225e+01,2.104405e+01,2.106471e+01,2.110602e+01,2.108537e+01,2.098203e+01,2.109914e+01,2.105094e+01,2.108537e+01,2.122986e+01,2.118172e+01,2.104405e+01,2.112667e+01,2.110602e+01,2.119548e+01,2.105782e+01,2.109914e+01,2.107160e+01,2.109225e+01,2.106471e+01,2.104405e+01,2.112667e+01,2.114044e+01,2.105782e+01,2.118860e+01,2.114044e+01,2.111979e+01,2.111979e+01,2.114732e+01,2.120923e+01,2.111291e+01,2.116108e+01,2.112667e+01,2.118172e+01,2.110602e+01,2.110602e+01,2.113355e+01,2.116796e+01,2.110602e+01,2.111979e+01,2.111979e+01,2.114044e+01,2.126423e+01,2.117484e+01,2.112667e+01,2.107160e+01,2.108537e+01,2.112667e+01,2.111291e+01,2.115420e+01,2.115420e+01,2.115420e+01,2.118860e+01,2.118172e+01,2.125736e+01,2.118860e+01,2.107160e+01,2.118172e+01,2.112667e+01,2.113355e+01,2.113355e+01,2.117484e+01,2.136041e+01,2.122298e+01,2.126423e+01,2.120235e+01,2.129859e+01,2.136041e+01,2.139474e+01,2.136041e+01,2.155936e+01,2.162102e+01,2.183312e+01,2.199021e+01,2.209252e+01,2.248719e+01,2.277880e+01,2.329894e+01,2.344707e+01,2.384329e+01,2.409768e+01,2.427806e+01,2.428473e+01,2.450475e+01,2.451807e+01,2.447811e+01,2.447811e+01,2.412442e+01,2.395717e+01,2.370244e+01,2.309660e+01,2.234447e+01,2.157306e+01,2.125048e+01,2.098893e+01,2.098203e+01,2.098203e+01,2.088549e+01,2.075432e+01,2.078195e+01,2.087859e+01,2.089929e+01,2.074051e+01,2.071978e+01,2.083719e+01,2.086479e+01,2.093377e+01,2.087859e+01,2.103716e+01,2.103027e+01,2.085789e+01,2.101649e+01,2.099582e+01,2.093377e+01,2.083719e+01,2.087859e+01,2.089929e+01,2.078886e+01,2.078886e+01,2.067831e+01,2.070596e+01,2.074742e+01,2.067831e+01,2.071287e+01,2.069905e+01,2.065065e+01,2.075432e+01,2.065757e+01,2.056071e+01,2.067831e+01,2.072669e+01,2.067831e+01,2.069213e+01,2.064374e+01,2.067831e+01,2.062299e+01,2.060915e+01,2.072669e+01,2.065757e+01,2.059531e+01,2.067139e+01,2.062990e+01,2.065065e+01,2.065065e+01,2.058840e+01,2.060915e+01,2.065757e+01,2.056763e+01,2.065757e+01,2.071978e+01,2.071287e+01,2.076814e+01,2.074742e+01,2.078886e+01,2.074742e+01,2.077505e+01,2.075432e+01,2.068522e+01,2.068522e+01,2.071287e+01,2.075432e+01,2.068522e+01,2.060915e+01,2.056071e+01,2.062299e+01,2.052610e+01,2.056763e+01,2.048455e+01,2.059531e+01,2.060223e+01,2.052610e+01,2.051225e+01,2.053303e+01,2.055379e+01,2.052610e+01,2.054687e+01,2.060223e+01,2.058840e+01,2.061607e+01,2.055379e+01,2.051225e+01,2.058840e+01,2.056071e+01,2.056071e+01,2.058148e+01,2.062299e+01,2.065757e+01,2.062299e+01,2.060223e+01,2.067831e+01,2.054687e+01,2.058148e+01,2.060915e+01,2.058148e+01,2.056071e+01,2.051918e+01,2.069213e+01,2.072669e+01,2.056763e+01,2.049148e+01,2.056071e+01,2.058840e+01,2.047762e+01,2.050533e+01,2.067831e+01,2.069213e+01,2.073360e+01,2.060223e+01,2.071978e+01,2.062990e+01,2.060223e+01,2.064374e+01,2.053995e+01,2.052610e+01,2.053995e+01,2.079576e+01,2.050533e+01,2.053995e+01,2.056763e+01,2.059531e+01,2.050533e+01,2.041526e+01,2.054687e+01,2.040833e+01,2.044991e+01,2.046377e+01,2.041526e+01,2.041526e+01,2.042912e+01,2.042912e+01,2.040833e+01,2.032512e+01,2.037366e+01,2.046377e+01,2.048455e+01,2.051225e+01,2.056071e+01,2.054687e+01,2.049840e+01,2.055379e+01,2.049148e+01,2.049840e+01,2.047762e+01,2.053995e+01,2.058840e+01,2.046377e+01,2.057456e+01,2.052610e+01,2.062990e+01,2.061607e+01,2.055379e+01,2.051918e+01,2.055379e+01,2.060915e+01,2.055379e+01,2.048455e+01,2.043605e+01,2.058840e+01,2.055379e+01,2.056071e+01,2.054687e+01,2.056763e+01,2.052610e+01,2.051918e+01,2.047762e+01,2.057456e+01,2.053995e+01,2.060223e+01,2.062299e+01,2.051918e+01,2.051225e+01,2.044298e+01,2.053995e+01,2.047070e+01,2.044991e+01,2.044298e+01,2.052610e+01,2.053303e+01,2.049840e+01,2.042912e+01,2.049840e+01,2.058148e+01,2.059531e+01,2.047762e+01,2.059531e+01,2.059531e+01,2.062299e+01,2.052610e+01,2.051225e+01,2.053995e+01,2.051225e+01,2.047762e+01,2.054687e+01,2.043605e+01,2.049148e+01,2.056071e+01,2.056071e+01,2.069213e+01,2.058840e+01,2.066448e+01,2.060223e+01,2.062299e+01,2.058148e+01,2.061607e+01,2.068522e+01,2.067831e+01,2.065065e+01,2.051225e+01,2.056763e+01,2.064374e+01,2.060915e+01,2.065065e+01,2.056071e+01,2.066448e+01,2.054687e+01,2.052610e+01,2.055379e+01,2.054687e+01,2.062299e+01,2.060915e+01,2.060915e+01,2.058840e+01,2.057456e+01,2.062299e+01,2.062990e+01,2.064374e+01,2.059531e+01,2.057456e+01,2.062990e+01,2.081648e+01,2.075432e+01,2.069905e+01,2.077505e+01,2.069905e+01,2.064374e+01,2.078195e+01,2.074742e+01,2.068522e+01,2.062990e+01,2.065757e+01,2.073360e+01,2.076123e+01,2.062990e+01,2.071287e+01,2.071287e+01,2.077505e+01,2.072669e+01,2.101649e+01,2.116796e+01,2.114732e+01,2.109914e+01,2.092688e+01,2.090619e+01,2.094757e+01,2.084409e+01,2.071287e+01,2.065065e+01,2.055379e+01,2.051225e+01,2.026266e+01,2.026266e+01,2.019321e+01,2.005419e+01,2.012372e+01,2.002636e+01,2.006114e+01,2.004027e+01,2.008201e+01,2.005419e+01,2.007505e+01,1.993586e+01,2.004723e+01,2.006114e+01,2.001244e+01,1.995675e+01,2.020016e+01,1.997764e+01,2.002636e+01,2.005419e+01,2.003332e+01,2.006810e+01,2.004027e+01,2.010982e+01,2.015848e+01,2.020016e+01,2.015153e+01,2.017237e+01,2.030430e+01,2.024877e+01,2.036673e+01,2.038060e+01,2.062299e+01,2.086479e+01,2.108537e+01,2.116796e+01,2.129172e+01,2.129172e+01,2.130546e+01,2.128485e+01,2.124361e+01,2.124361e+01,2.107160e+01,2.116796e+01,2.111979e+01,2.108537e+01,2.109225e+01,2.123674e+01,2.127110e+01,2.125048e+01,2.127110e+01,2.105782e+01,2.127110e+01,2.110602e+01,2.122298e+01,2.125048e+01,2.106471e+01,2.113355e+01,2.122986e+01,2.105782e+01,2.111979e+01,2.109914e+01,2.102338e+01,2.110602e+01,2.103027e+01,2.105782e+01,2.102338e+01,2.098893e+01,2.106471e+01,2.082338e+01,2.084409e+01,2.101649e+01,2.103716e+01,2.085789e+01,2.095446e+01,2.094067e+01,2.096825e+01,2.092688e+01,2.094757e+01,2.093377e+01,2.089929e+01,2.084409e+01,2.089239e+01,2.100271e+01,2.100271e+01,2.085789e+01,2.105782e+01,2.103027e+01,2.100271e+01,2.087859e+01,2.083028e+01,2.089929e+01,2.101649e+01,2.078886e+01,2.098893e+01,2.093377e+01,2.104405e+01,2.094067e+01,2.087859e+01,2.090619e+01,2.087169e+01,2.086479e+01,2.092688e+01,2.097514e+01,2.098893e+01,2.090619e+01,2.096825e+01,2.097514e+01,2.097514e+01,2.087169e+01,2.091998e+01,2.091998e+01,2.086479e+01,2.089929e+01,2.089239e+01,2.089239e+01,2.096825e+01,2.080267e+01,2.088549e+01,2.074742e+01,2.083028e+01,2.092688e+01,2.089239e+01,2.076123e+01,2.095446e+01,2.087859e+01,2.087859e+01,2.086479e+01,2.083028e+01,2.092688e+01,2.107160e+01,2.092688e+01,2.098203e+01,2.093377e+01,2.095446e+01,2.105782e+01,2.109914e+01,2.092688e+01,2.107848e+01,2.107848e+01,2.095446e+01,2.092688e+01,2.108537e+01,2.105094e+01,2.093377e+01,2.100271e+01,2.097514e+01,2.101649e+01,2.096825e+01,2.093377e+01,2.092688e+01,2.095446e+01,2.094067e+01,2.094067e+01,2.100960e+01,2.095446e+01,2.091998e+01,2.093377e+01,2.085789e+01,2.089239e+01,2.086479e+01,2.087859e+01,2.095446e+01,2.093377e+01,2.084409e+01,2.089239e+01,2.095446e+01,2.089239e+01,2.088549e+01
2.112667e+01,2.104405e+01,2.107160e+01,2.111979e+01,2.107160e+01,2.105782e+01,2.098203e+01,2.105782e+01,2.094067e+01,2.111979e+01,2.107848e+01,2.108537e+01,2.112667e+01,2.104405e+01,2.105782e+01,2.107160e+01,2.109914e+01,2.102338e+01,2.095446e+01,2.105782e+01,2.110602e+01,2.103716e+01,2.105094e+01,2.120235e+01,2.113355e+01,2.122986e+01,2.106471e+01,2.116108e+01,2.108537e+01,2.122298e+01,2.118172e+01,2.105094e+01,2.107848e+01,2.114732e+01,2.114732e+01,2.108537e+01,2.107160e+01,2.105782e+01,2.111979e+01,2.110602e+01,2.114044e+01,2.113355e+01,2.114732e+01,2.110602e+01,2.116796e+01,2.105782e+01,2.102338e+01,2.111291e+01,2.120235e+01,2.112667e+01,2.122986e+01,2.113355e+01,2.114044e+01,2.106471e+01,2.107160e+01,2.108537e+01,2.126423e+01,2.109914e+01,2.100271e+01,2.117484e+01,2.110602e+01,2.103027e+01,2.118172e+01,2.103716e+01,2.107848e+01,2.106471e+01,2.110602e+01,2.126423e+01,2.100960e+01,2.103027e+01,2.107160e+01,2.108537e+01,2.104405e+01,2.114044e+01,2.120235e+01,2.120235e+01,2.125736e+01,2.096825e+01,2.100271e+01,2.113355e+01,2.113355e+01,2.115420e+01,2.114732e+01,2.118172e+01,2.126423e+01,2.119548e+01,2.106471e+01,2.116108e+01,2.106471e+01,2.113355e+01,2.111291e+01,2.114732e+01,2.114044e+01,2.103716e+01,2.107160e+01,2.111979e+01,2.103716e+01,2.112667e+01,2.110602e+01,2.100960e+01,2.097514e+01,2.103716e+01,2.114732e+01,2.109225e+01,2.110602e+01,2.098203e+01,2.111291e+01,2.110602e+01,2.106471e+01,2.107160e+01,2.110602e+01,2.111979e+01,2.109914e+01,2.112667e+01,2.106471e+01,2.105782e+01,2.111291e+01,2.109225e+01,2.109914e+01,2.107848e+01,2.106471e+01,2.103716e+01,2.107160e+01,2.105782e+01,2.117484e+01,2.112667e+01,2.114044e+01,2.108537e+01,2.105782e+01,2.123674e+01,2.122986e+01,2.116796e+01,2.103716e+01,2.109914e+01,2.117484e+01,2.102338e+01,2.119548e+01,2.111291e+01,2.109914e+01,2.128485e+01,2.112667e+01,2.111291e+01,2.114732e+01,2.113355e+01,2.108537e+01,2.111979e+01,2.106471e+01,2.114044e+01,2.109225e+01,2.111291e+01,2.111291e+01,2.110602e+01,2.109225e+01,2.109914e+01,2.141533e+01,2.108537e+01,2.116108e+01,2.117484e+01,2.116796e+01,2.113355e+01,2.110602e+01,2.116796e+01,2.114044e+01,2.116796e+01,2.116796e+01,2.098893e+01,2.115420e+01,2.118172e+01,2.114044e+01,2.118172e+01,2.110602e+01,2.116108e+01,2.118172e+01,2.118860e+01,2.120923e+01,2.120235e+01,2.130546e+01,2.128485e+01,2.139474e+01,2.134668e+01,2.135355e+01,2.153194e+01,2.156621e+01,2.171686e+01,2.180578e+01,2.185363e+01,2.219474e+01,2.244643e+01,2.260258e+01,2.316409e+01,2.344707e+01,2.374941e+01,2.429140e+01,2.416452e+01,2.451141e+01,2.444479e+01,2.462457e+01,2.449143e+01,2.431143e+01,2.407093e+01,2.397057e+01,2.371586e+01,2.315735e+01,2.229685e+01,2.168949e+01,2.124361e+01,2.097514e+01,2.087169e+01,2.087169e+01,2.081648e+01,2.105782e+01,2.080957e+01,2.073360e+01,2.088549e+01,2.073360e+01,2.071978e+01,2.087859e+01,2.088549e+01,2.089929e+01,2.094067e+01,2.098893e+01,2.096135e+01,2.074051e+01,2.100960e+01,2.105094e+01,2.089929e+01,2.087859e+01,2.092688e+01,2.089929e+01,2.091308e+01,2.079576e+01,2.080267e+01,2.074742e+01,2.078195e+01,2.074742e+01,2.074051e+01,2.069905e+01,2.070596e+01,2.076123e+01,2.083028e+01,2.078886e+01,2.067139e+01,2.071287e+01,2.059531e+01,2.068522e+01,2.069213e+01,2.067139e+01,2.067139e+01,2.067139e+01,2.074742e+01,2.069213e+01,2.062299e+01,2.075432e+01,2.081648e+01,2.065757e+01,2.060223e+01,2.060915e+01,2.075432e+01,2.058840e+01,2.044298e+01,2.073360e+01,2.069905e+01,2.076123e+01,2.081648e+01,2.084409e+01,2.095446e+01,2.074051e+01,2.074051e+01,2.062990e+01,2.070596e+01,2.069213e+01,2.056071e+01,2.065757e+01,2.064374e+01,2.058840e+01,2.052610e+01,2.054687e+01,2.053303e+01,2.049148e+01,2.053995e+01,2.059531e+01,2.058148e+01,2.060223e+01,2.062299e+01,2.058148e+01,2.058840e+01,2.051225e+01,2.059531e+01,2.048455e+01,2.061607e+01,2.047762e+01,2.045684e+01,2.067831e+01,2.049840e+01,2.054687e+01,2.053995e+01,2.053995e+01,2.063682e+01,2.062299e+01,2.052610e+01,2.056763e+01,2.058840e+01,2.060915e+01,2.056071e+01,2.053995e+01,2.060223e+01,2.052610e+01,2.052610e+01,2.050533e+01,2.053303e+01,2.056071e+01,2.040140e+01,2.058148e+01,2.060223e+01,2.053995e+01,2.058840e+01,2.060915e+01,2.056071e+01,2.065757e+01,2.069905e+01,2.072669e+01,2.067831e+01,2.060915e+01,2.058148e+01,2.053995e+01,2.053995e+01,2.055379e+01,2.058840e+01,2.058148e+01,2.045684e+01,2.045684e+01,2.041526e+01,2.050533e+01,2.039447e+01,2.043605e+01,2.039447e+01,2.054687e+01,2.038753e+01,2.042912e+01,2.047762e+01,2.043605e+01,2.042219e+01,2.038753e+01,2.057456e+01,2.040140e+01,2.055379e+01,2.051918e+01,2.057456e+01,2.046377e+01,2.057456e+01,2.058148e+01,2.053995e+01,2.048455e+01,2.049840e+01,2.050533e+01,2.053303e+01,2.058148e+01,2.056763e+01,2.057456e+01,2.052610e+01,2.049840e+01,2.060223e+01,2.056071e+01,2.063682e+01,2.056071e+01,2.054687e+01,2.058840e+01,2.061607e+01,2.049840e+01,2.045684e+01,2.044991e+01,2.055379e+01,2.057456e+01,2.056071e+01,2.047762e+01,2.056071e+01,2.055379e+01,2.057456e+01,2.056071e+01,2.071978e+01,2.053303e+01,2.046377e+01,2.044991e+01,2.053303e+01,2.044991e+01,2.052610e+01,2.054687e+01,2.052610e+01,2.052610e+01,2.054687e+01,2.055379e+01,2.052610e+01,2.047070e+01,2.054687e+01,2.059531e+01,2.059531e+01,2.059531e+01,2.065065e+01,2.058840e+01,2.060915e+01,2.057456e+01,2.047070e+01,2.049148e+01,2.052610e+01,2.063682e+01,2.065065e+01,2.056763e+01,2.057456e+01,2.056763e+01,2.051918e+01,2.068522e+01,2.060915e+01,2.060915e+01,2.056763e+01,2.058840e+01,2.065065e+01,2.061607e+01,2.072669e+01,2.062299e+01,2.068522e+01,2.060223e+01,2.067831e+01,2.067139e+01,2.060223e+01,2.068522e+01,2.071978e+01,2.056763e+01,2.071287e+01,2.053303e+01,2.056763e+01,2.059531e+01,2.058148e+01,2.057456e+01,2.065757e+01,2.069213e+01,2.051918e+01,2.063682e+01,2.051918e+01,2.052610e+01,2.056763e+01,2.062299e+01,2.078195e+01,2.062990e+01,2.067831e+01,2.080267e+01,2.078886e+01,2.069905e+01,2.065065e+01,2.076814e+01,2.066448e+01,2.056763e+01,2.065065e+01,2.058840e+01,2.068522e+01,2.062990e+01,2.065757e+01,2.070596e+01,2.069905e+01,2.083028e+01,2.098203e+01,2.102338e+01,2.099582e+01,2.091308e+01,2.078195e+01,2.078195e+01,2.071978e+01,2.074742e+01,2.070596e+01,2.061607e+01,2.062299e+01,2.050533e+01,2.026266e+01,2.032512e+01,2.031124e+01,2.010982e+01,2.012372e+01,2.012372e+01,2.001244e+01,1.999852e+01,2.009591e+01,2.002636e+01,2.021405e+01,2.006114e+01,2.006810e+01,1.994283e+01,2.005419e+01,2.012372e+01,2.016542e+01,2.001244e+01,1.995675e+01,2.012372e+01,2.008201e+01,2.007505e+01,2.006114e+01,2.031818e+01,2.017237e+01,2.006114e+01,2.017932e+01,2.015153e+01,2.016542e+01,2.026266e+01,2.040140e+01,2.035286e+01,2.062990e+01,2.088549e+01,2.108537e+01,2.127798e+01,2.127110e+01,2.131233e+01,2.125048e+01,2.130546e+01,2.125736e+01,2.113355e+01,2.107160e+01,2.111979e+01,2.103027e+01,2.118860e+01,2.123674e+01,2.120923e+01,2.125736e+01,2.132607e+01,2.125736e+01,2.122986e+01,2.109225e+01,2.110602e+01,2.106471e+01,2.116796e+01,2.112667e+01,2.112667e+01,2.118172e+01,2.111979e+01,2.118172e+01,2.107160e+01,2.108537e+01,2.102338e+01,2.109914e+01,2.108537e+01,2.093377e+01,2.109225e+01,2.104405e+01,2.107160e+01,2.098203e+01,2.100960e+01,2.096135e+01,2.089929e+01,2.094067e+01,2.096825e+01,2.090619e+01,2.091308e+01,2.096135e+01,2.090619e+01,2.094757e+01,2.096135e+01,2.092688e+01,2.087859e+01,2.085789e+01,2.089239e+01,2.094067e+01,2.092688e+01,2.092688e+01,2.097514e+01,2.088549e+01,2.095446e+01,2.092688e+01,2.093377e+01,2.091308e+01,2.089929e+01,2.089239e+01,2.100271e+01,2.089929e+01,2.080957e+01,2.096135e+01,2.094067e+01,2.080957e+01,2.098893e+01,2.096135e+01,2.096135e+01,2.098203e+01,2.080957e+01,2.096135e+01,2.096135e+01,2.088549e+01,2.086479e+01,2.087169e+01,2.091308e+01,2.090619e+01,2.089929e+01,2.096135e+01,2.094757e+01,2.087169e+01,2.092688e+01,2.085099e+01,2.085099e+01,2.096825e+01,2.084409e+01,2.106471e+01,2.088549e+01,2.088549e+01,2.091998e+01,2.103027e+01,2.095446e+01,2.107848e+01,2.092688e+01,2.098893e+01,2.092688e+01,2.104405e+01,2.094757e+01,2.094757e+01,2.096825e+01,2.095446e+01,2.110602e+01,2.110602e+01,2.097514e+01,2.105094e+01,2.099582e+01,2.102338e+01,2.095446e+01,2.101649e+01,2.100960e+01,2.099582e+01,2.091998e+01,2.100960e+01,2.093377e+01,2.097514e+01,2.094757e+01,2.091308e+01,2.089239e+01,2.096135e+01,2.092688e+01,2.094757e+01,2.094067e+01,2.096135e+01,2.088549e+01,2.088549e+01,2.087859e+01,2.083719e+01,2.096825e+01,2.089239e+01,2.090619e+01,2.089239e+01
2.114732e+01,2.102338e+01,2.108537e+01,2.107160e+01,2.091308e+01,2.111979e+01,2.095446e+01,2.090619e+01,2.100271e+01,2.115420e+01,2.100960e+01,2.098893e+01,2.104405e+01,2.110602e+01,2.107848e+01,2.098203e+01,2.105094e+01,2.108537e+01,2.100271e+01,2.102338e+01,2.104405e+01,2.106471e+01,2.115420e+01,2.116796e+01,2.100960e+01,2.118172e+01,2.111979e+01,2.116108e+01,2.114732e+01,2.111979e+01,2.115420e+01,2.111979e+01,2.103716e+01,2.116108e+01,2.116796e+01,2.106471e+01,2.109914e+01,2.102338e+01,2.122986e+01,2.117484e+01,2.102338e+01,2.109914e+01,2.103716e+01,2.120235e+01,2.113355e+01,2.106471e+01,2.116108e+01,2.103027e+01,2.111291e+01,2.121611e+01,2.109914e+01,2.118172e+01,2.098893e+01,2.094067e+01,2.109914e+01,2.105094e+01,2.110602e+01,2.109914e+01,2.105094e+01,2.112667e+01,2.110602e+01,2.108537e+01,2.109914e+01,2.103716e+01,2.114044e+01,2.105094e+01,2.103027e+01,2.105782e+01,2.108537e+01,2.103027e+01,2.107160e+01,2.105094e+01,2.116108e+01,2.114732e+01,2.120923e+01,2.105782e+01,2.114732e+01,2.113355e+01,2.114044e+01,2.101649e+01,2.114044e+01,2.114732e+01,2.111291e+01,2.111291e+01,2.108537e+01,2.111291e+01,2.116796e+01,2.108537e+01,2.109914e+01,2.106471e+01,2.098203e+01,2.106471e+01,2.103716e+01,2.113355e+01,2.114732e+01,2.110602e+01,2.121611e+01,2.113355e+01,2.107160e+01,2.113355e+01,2.096135e+01,2.111291e+01,2.109225e+01,2.109225e+01,2.113355e+01,2.105094e+01,2.113355e+01,2.119548e+01,2.111979e+01,2.109914e+01,2.105094e+01,2.101649e+01,2.103716e+01,2.109914e+01,2.105782e+01,2.113355e+01,2.108537e+01,2.109914e+01,2.110602e+01,2.109225e+01,2.106471e+01,2.107848e+01,2.105094e+01,2.099582e+01,2.111291e+01,2.106471e+01,2.112667e+01,2.100960e+01,2.104405e+01,2.106471e+01,2.109225e+01,2.105094e+01,2.101649e+01,2.100271e+01,2.109225e+01,2.114732e+01,2.127110e+01,2.114732e+01,2.113355e+01,2.110602e+01,2.111979e+01,2.118860e+01,2.145650e+01,2.144964e+01,2.114732e+01,2.094757e+01,2.107848e+01,2.105094e+01,2.122986e+01,2.107848e+01,2.109225e+01,2.111291e+01,2.109914e+01,2.120235e+01,2.115420e+01,2.117484e+01,2.111979e+01,2.109914e+01,2.114044e+01,2.115420e+01,2.111291e+01,2.114044e+01,2.116108e+01,2.116108e+01,2.116796e+01,2.094757e+01,2.111291e+01,2.115420e+01,2.110602e+01,2.114732e+01,2.113355e+01,2.123674e+01,2.118172e+01,2.112667e+01,2.120923e+01,2.122986e+01,2.125736e+01,2.111291e+01,2.127798e+01,2.131233e+01,2.148394e+01,2.136728e+01,2.158677e+01,2.160732e+01,2.183996e+01,2.195608e+01,2.221517e+01,2.244643e+01,2.255508e+01,2.308985e+01,2.339997e+01,2.382318e+01,2.395717e+01,2.415784e+01,2.433144e+01,2.447145e+01,2.444479e+01,2.432477e+01,2.431810e+01,2.418457e+01,2.374941e+01,2.366216e+01,2.312361e+01,2.249398e+01,2.173055e+01,2.125736e+01,2.094067e+01,2.094757e+01,2.084409e+01,2.079576e+01,2.074051e+01,2.068522e+01,2.079576e+01,2.076814e+01,2.069905e+01,2.070596e+01,2.075432e+01,2.094757e+01,2.078886e+01,2.075432e+01,2.085099e+01,2.097514e+01,2.088549e+01,2.099582e+01,2.088549e+01,2.083028e+01,2.085099e+01,2.084409e+01,2.079576e+01,2.083719e+01,2.080957e+01,2.080957e+01,2.067139e+01,2.071287e+01,2.066448e+01,2.075432e+01,2.065757e+01,2.078886e+01,2.083028e+01,2.077505e+01,2.069905e+01,2.059531e+01,2.055379e+01,2.071287e+01,2.071978e+01,2.065757e+01,2.063682e+01,2.065065e+01,2.069905e+01,2.067831e+01,2.064374e+01,2.070596e+01,2.065757e+01,2.067139e+01,2.096135e+01,2.078886e+01,2.070596e+01,2.080957e+01,2.069905e+01,2.061607e+01,2.074051e+01,2.072669e+01,2.069905e+01,2.067831e+01,2.085789e+01,2.078195e+01,2.080267e+01,2.082338e+01,2.073360e+01,2.065065e+01,2.062299e+01,2.059531e+01,2.056763e+01,2.053995e+01,2.048455e+01,2.055379e+01,2.048455e+01,2.053995e+01,2.049840e+01,2.047762e+01,2.049148e+01,2.053995e+01,2.049840e+01,2.052610e+01,2.060223e+01,2.058840e+01,2.054687e+01,2.054687e+01,2.064374e+01,2.054687e+01,2.044991e+01,2.045684e+01,2.047762e+01,2.060915e+01,2.051225e+01,2.064374e+01,2.058148e+01,2.051225e+01,2.049840e+01,2.050533e+01,2.059531e+01,2.055379e+01,2.053303e+01,2.049148e+01,2.058148e+01,2.040833e+01,2.059531e+01,2.056071e+01,2.052610e+01,2.072669e+01,2.051918e+01,2.054687e+01,2.058148e+01,2.058840e+01,2.059531e+01,2.060223e+01,2.069213e+01,2.071287e+01,2.073360e+01,2.069213e+01,2.075432e+01,2.068522e+01,2.064374e+01,2.062299e+01,2.055379e+01,2.055379e+01,2.067831e+01,2.058840e+01,2.049148e+01,2.049148e+01,2.047070e+01,2.043605e+01,2.046377e+01,2.044991e+01,2.051918e+01,2.047762e+01,2.045684e+01,2.047762e+01,2.042912e+01,2.045684e+01,2.042912e+01,2.042219e+01,2.041526e+01,2.047070e+01,2.049148e+01,2.045684e+01,2.047762e+01,2.047070e+01,2.048455e+01,2.053995e+01,2.056763e+01,2.049148e+01,2.060223e+01,2.051225e+01,2.054687e+01,2.050533e+01,2.052610e+01,2.053995e+01,2.063682e+01,2.056763e+01,2.044298e+01,2.056763e+01,2.049148e+01,2.057456e+01,2.056763e+01,2.053995e+01,2.053303e+01,2.051225e+01,2.049840e+01,2.057456e+01,2.046377e+01,2.057456e+01,2.052610e+01,2.051225e+01,2.057456e+01,2.051918e+01,2.058148e+01,2.060223e+01,2.056763e+01,2.054687e+01,2.072669e+01,2.049148e+01,2.048455e+01,2.047070e+01,2.045684e+01,2.056071e+01,2.044298e+01,2.052610e+01,2.060223e+01,2.045684e+01,2.046377e+01,2.053995e+01,2.058840e+01,2.058148e+01,2.074742e+01,2.066448e+01,2.055379e+01,2.058148e+01,2.063682e+01,2.062299e+01,2.061607e+01,2.059531e+01,2.053995e+01,2.059531e+01,2.057456e+01,2.047762e+01,2.060915e+01,2.057456e+01,2.074051e+01,2.074742e+01,2.079576e+01,2.059531e+01,2.066448e+01,2.056763e+01,2.065757e+01,2.069213e+01,2.049840e+01,2.063682e+01,2.053995e+01,2.065065e+01,2.069213e+01,2.066448e+01,2.060223e+01,2.065065e+01,2.062990e+01,2.072669e+01,2.052610e+01,2.052610e+01,2.052610e+01,2.053303e+01,2.064374e+01,2.062299e+01,2.056763e+01,2.056071e+01,2.063682e+01,2.053995e+01,2.055379e+01,2.059531e+01,2.070596e+01,2.080957e+01,2.056071e+01,2.070596e+01,2.061607e+01,2.069213e+01,2.069905e+01,2.076814e+01,2.070596e+01,2.082338e+01,2.073360e+01,2.062990e+01,2.056763e+01,2.069905e+01,2.068522e+01,2.055379e+01,2.065757e+01,2.074742e+01,2.070596e+01,2.072669e+01,2.079576e+01,2.089239e+01,2.104405e+01,2.093377e+01,2.084409e+01,2.085789e+01,2.053303e+01,2.068522e+01,2.080267e+01,2.068522e+01,2.064374e+01,2.049148e+01,2.030430e+01,2.051918e+01,2.029042e+01,2.029736e+01,2.014458e+01,2.006114e+01,2.010287e+01,2.002636e+01,2.000548e+01,2.000548e+01,2.000548e+01,1.995675e+01,2.001940e+01,2.010982e+01,2.002636e+01,2.008201e+01,2.007505e+01,1.996371e+01,2.004723e+01,2.007505e+01,2.004723e+01,2.006810e+01,2.003332e+01,1.997068e+01,1.999852e+01,2.006810e+01,2.015848e+01,2.022794e+01,2.018627e+01,2.017932e+01,2.006810e+01,2.024183e+01,2.042219e+01,2.063682e+01,2.092688e+01,2.105782e+01,2.110602e+01,2.125048e+01,2.123674e+01,2.125736e+01,2.127798e+01,2.110602e+01,2.114044e+01,2.100960e+01,2.114044e+01,2.117484e+01,2.114044e+01,2.118172e+01,2.127110e+01,2.122986e+01,2.132607e+01,2.122986e+01,2.120923e+01,2.112667e+01,2.108537e+01,2.123674e+01,2.115420e+01,2.105782e+01,2.107160e+01,2.108537e+01,2.096825e+01,2.111979e+01,2.111979e+01,2.102338e+01,2.104405e+01,2.098893e+01,2.100960e+01,2.107160e+01,2.099582e+01,2.103027e+01,2.105094e+01,2.101649e+01,2.098893e+01,2.099582e+01,2.096135e+01,2.098203e+01,2.094067e+01,2.087169e+01,2.088549e+01,2.090619e+01,2.093377e+01,2.083719e+01,2.095446e+01,2.091998e+01,2.091308e+01,2.091998e+01,2.094757e+01,2.086479e+01,2.085789e+01,2.085789e+01,2.089239e+01,2.091998e+01,2.089929e+01,2.094067e+01,2.099582e+01,2.092688e+01,2.087859e+01,2.113355e+01,2.089929e+01,2.087859e+01,2.091308e+01,2.091308e+01,2.097514e+01,2.087859e+01,2.096135e+01,2.096135e+01,2.096135e+01,2.096825e+01,2.089239e+01,2.094067e+01,2.086479e+01,2.088549e+01,2.087169e+01,2.089239e+01,2.100271e+01,2.091308e+01,2.093377e+01,2.096135e+01,2.078886e+01,2.079576e+01,2.094067e+01,2.088549e+01,2.094067e+01,2.089929e+01,2.093377e+01,2.094067e+01,2.107160e+01,2.091998e+01,2.085789e+01,2.085099e+01,2.078886e+01,2.090619e+01,2.101649e+01,2.091308e+01,2.089239e+01,2.100271e+01,2.104405e+01,2.103027e+01,2.091308e+01,2.116796e+01,2.089239e+01,2.106471e+01,2.100960e+01,2.105094e+01,2.108537e+01,2.096135e+01,2.103027e+01,2.094067e+01,2.098203e+01,2.092688e+01,2.094757e+01,2.082338e+01,2.100960e+01,2.087859e+01,2.093377e+01,2.090619e+01,2.089929e+01,2.087859e+01,2.086479e+01,2.086479e+01,2.087169e+01,2.096135e+01,2.085789e+01,2.085789e+01,2.095446e+01,2.091998e+01,2.088549e+01,2.074742e+01,2.089239e+01,2.089929e+01
2.113355e+01,2.096825e+01,2.114732e+01,2.109914e+01,2.110602e+01,2.103027e+01,2.092688e+01,2.111979e+01,2.107848e+01,2.098893e+01,2.118860e+01,2.097514e+01,2.100960e+01,2.115420e+01,2.102338e+01,2.098203e+01,2.105094e+01,2.107160e+01,2.100960e+01,2.103027e+01,2.125736e+01,2.107848e+01,2.122298e+01,2.111979e+01,2.112667e+01,2.116108e+01,2.128485e+01,2.117484e+01,2.114732e+01,2.116108e+01,2.107848e+01,2.102338e+01,2.105094e+01,2.109914e+01,2.105094e+01,2.104405e+01,2.123674e+01,2.118172e+01,2.114732e+01,2.108537e+01,2.110602e+01,2.112667e+01,2.111979e+01,2.116108e+01,2.105094e+01,2.110602e+01,2.109914e+01,2.107848e+01,2.113355e+01,2.115420e+01,2.119548e+01,2.104405e+01,2.125048e+01,2.114044e+01,2.111979e+01,2.105782e+01,2.116108e+01,2.110602e+01,2.112667e+01,2.119548e+01,2.107160e+01,2.102338e+01,2.109225e+01,2.113355e+01,2.126423e+01,2.105782e+01,2.107160e+01,2.110602e+01,2.104405e+01,2.105094e+01,2.107160e+01,2.101649e+01,2.110602e+01,2.107848e+01,2.116108e+01,2.108537e+01,2.110602e+01,2.115420e+01,2.114732e+01,2.114044e+01,2.114732e+01,2.114044e+01,2.112667e+01,2.105782e+01,2.103716e+01,2.116108e+01,2.117484e+01,2.110602e+01,2.105094e+01,2.108537e+01,2.113355e+01,2.103716e+01,2.105782e+01,2.108537e+01,2.107848e+01,2.106471e+01,2.119548e+01,2.103027e+01,2.103027e+01,2.101649e+01,2.110602e+01,2.102338e+01,2.113355e+01,2.103716e+01,2.113355e+01,2.103027e+01,2.105094e+01,2.112667e+01,2.111979e+01,2.108537e+01,2.100271e+01,2.112667e+01,2.111291e+01,2.111979e+01,2.102338e+01,2.105094e+01,2.113355e+01,2.105094e+01,2.109225e+01,2.119548e+01,2.109914e+01,2.109225e+01,2.115420e+01,2.112667e+01,2.110602e+01,2.103716e+01,2.104405e+01,2.110602e+01,2.113355e+01,2.108537e+01,2.106471e+01,2.110602e+01,2.105094e+01,2.108537e+01,2.113355e+01,2.114732e+01,2.113355e+01,2.103716e+01,2.114732e+01,2.109914e+01,2.119548e+01,2.120235e+01,2.114732e+01,2.116108e+01,2.114732e+01,2.105094e+01,2.109914e+01,2.105094e+01,2.117484e+01,2.106471e+01,2.107848e+01,2.116108e+01,2.129859e+01,2.123674e+01,2.116796e+01,2.116108e+01,2.108537e+01,2.118860e+01,2.114044e+01,2.112667e+01,2.116108e+01,2.125736e+01,2.115420e+01,2.117484e+01,2.120235e+01,2.114732e+01,2.111291e+01,2.119548e+01,2.117484e+01,2.106471e+01,2.119548e+01,2.116108e+01,2.116108e+01,2.116796e+01,2.125736e+01,2.111291e+01,2.114732e+01,2.129172e+01,2.128485e+01,2.128485e+01,2.131920e+01,2.145650e+01,2.138788e+01,2.159362e+01,2.166895e+01,2.202432e+01,2.204479e+01,2.222879e+01,2.260258e+01,2.294121e+01,2.351434e+01,2.377624e+01,2.398395e+01,2.417789e+01,2.431810e+01,2.434478e+01,2.449143e+01,2.423132e+01,2.430475e+01,2.419125e+01,2.394378e+01,2.366887e+01,2.309660e+01,2.248719e+01,2.164841e+01,2.127110e+01,2.096135e+01,2.094757e+01,2.084409e+01,2.087169e+01,2.077505e+01,2.074742e+01,2.074051e+01,2.080267e+01,2.067139e+01,2.069213e+01,2.082338e+01,2.084409e+01,2.088549e+01,2.079576e+01,2.083719e+01,2.081648e+01,2.085099e+01,2.076814e+01,2.096825e+01,2.083719e+01,2.085099e+01,2.084409e+01,2.080267e+01,2.080957e+01,2.080267e+01,2.081648e+01,2.080267e+01,2.068522e+01,2.071978e+01,2.074051e+01,2.074742e+01,2.076814e+01,2.076814e+01,2.066448e+01,2.082338e+01,2.071287e+01,2.058840e+01,2.056071e+01,2.062990e+01,2.057456e+01,2.063682e+01,2.080267e+01,2.067831e+01,2.065065e+01,2.064374e+01,2.062990e+01,2.065757e+01,2.073360e+01,2.083719e+01,2.087169e+01,2.089239e+01,2.076123e+01,2.083719e+01,2.076814e+01,2.074742e+01,2.071978e+01,2.078886e+01,2.085099e+01,2.085789e+01,2.077505e+01,2.076123e+01,2.077505e+01,2.079576e+01,2.060223e+01,2.059531e+01,2.059531e+01,2.058148e+01,2.047070e+01,2.056071e+01,2.047070e+01,2.058840e+01,2.049840e+01,2.058148e+01,2.060223e+01,2.046377e+01,2.047070e+01,2.065065e+01,2.060223e+01,2.061607e+01,2.061607e+01,2.063682e+01,2.061607e+01,2.069213e+01,2.060915e+01,2.062299e+01,2.058840e+01,2.054687e+01,2.051918e+01,2.051225e+01,2.058148e+01,2.053995e+01,2.058148e+01,2.060915e+01,2.055379e+01,2.057456e+01,2.056763e+01,2.053303e+01,2.052610e+01,2.053995e+01,2.049840e+01,2.040833e+01,2.056071e+01,2.053995e+01,2.061607e+01,2.056071e+01,2.055379e+01,2.053995e+01,2.053303e+01,2.058148e+01,2.062299e+01,2.065757e+01,2.073360e+01,2.071287e+01,2.069905e+01,2.065065e+01,2.069905e+01,2.063682e+01,2.063682e+01,2.055379e+01,2.053303e+01,2.060223e+01,2.056071e+01,2.049840e+01,2.060915e+01,2.055379e+01,2.046377e+01,2.052610e+01,2.056071e+01,2.047070e+01,2.049148e+01,2.044991e+01,2.042219e+01,2.049148e+01,2.057456e+01,2.049840e+01,2.049148e+01,2.042219e+01,2.051225e+01,2.049840e+01,2.050533e+01,2.053995e+01,2.044991e+01,2.058840e+01,2.047070e+01,2.050533e+01,2.054687e+01,2.051225e+01,2.057456e+01,2.054687e+01,2.054687e+01,2.063682e+01,2.056763e+01,2.062990e+01,2.045684e+01,2.049840e+01,2.046377e+01,2.056763e+01,2.058840e+01,2.053303e+01,2.056763e+01,2.062990e+01,2.059531e+01,2.058148e+01,2.061607e+01,2.048455e+01,2.058840e+01,2.051225e+01,2.059531e+01,2.053303e+01,2.059531e+01,2.055379e+01,2.059531e+01,2.044298e+01,2.056763e+01,2.053303e+01,2.058840e+01,2.055379e+01,2.047070e+01,2.053995e+01,2.046377e+01,2.051918e+01,2.055379e+01,2.053995e+01,2.056071e+01,2.044298e+01,2.056763e+01,2.048455e+01,2.056071e+01,2.058148e+01,2.063682e+01,2.057456e+01,2.044298e+01,2.067139e+01,2.065065e+01,2.064374e+01,2.058148e+01,2.059531e+01,2.060223e+01,2.063682e+01,2.058840e+01,2.057456e+01,2.058148e+01,2.059531e+01,2.062990e+01,2.060223e+01,2.062990e+01,2.066448e+01,2.065065e+01,2.050533e+01,2.056763e+01,2.065065e+01,2.066448e+01,2.056763e+01,2.060915e+01,2.061607e+01,2.060915e+01,2.064374e+01,2.060223e+01,2.065065e+01,2.071287e+01,2.073360e+01,2.054687e+01,2.052610e+01,2.059531e+01,2.056763e+01,2.056071e+01,2.065757e+01,2.068522e+01,2.053995e+01,2.065757e+01,2.065065e+01,2.055379e+01,2.067831e+01,2.058148e+01,2.068522e+01,2.077505e+01,2.078886e+01,2.074051e+01,2.071978e+01,2.085099e+01,2.067831e+01,2.070596e+01,2.067831e+01,2.068522e+01,2.065757e+01,2.064374e+01,2.064374e+01,2.067831e+01,2.058840e+01,2.065757e+01,2.069905e+01,2.071287e+01,2.080267e+01,2.078195e+01,2.086479e+01,2.089929e+01,2.076123e+01,2.074051e+01,2.065757e+01,2.070596e+01,2.058148e+01,2.070596e+01,2.058148e+01,2.044991e+01,2.052610e+01,2.045684e+01,2.029736e+01,2.018627e+01,2.016542e+01,2.013763e+01,2.003332e+01,1.999156e+01,1.998460e+01,1.999852e+01,2.006810e+01,2.008896e+01,1.998460e+01,2.007505e+01,2.003332e+01,1.999156e+01,2.001940e+01,1.998460e+01,2.012372e+01,2.009591e+01,2.005419e+01,2.000548e+01,2.004723e+01,2.002636e+01,2.004723e+01,2.015848e+01,2.010982e+01,2.015848e+01,2.016542e+01,2.015153e+01,2.010287e+01,2.025571e+01,2.053303e+01,2.068522e+01,2.083719e+01,2.102338e+01,2.127110e+01,2.124361e+01,2.125736e+01,2.103027e+01,2.126423e+01,2.113355e+01,2.102338e+01,2.107160e+01,2.109225e+01,2.118860e+01,2.119548e+01,2.122986e+01,2.120235e+01,2.123674e+01,2.131233e+01,2.121611e+01,2.126423e+01,2.121611e+01,2.107160e+01,2.119548e+01,2.101649e+01,2.111979e+01,2.116108e+01,2.112667e+01,2.112667e+01,2.113355e+01,2.111979e+01,2.107848e+01,2.103716e+01,2.112667e+01,2.098203e+01,2.103027e+01,2.103027e+01,2.101649e+01,2.093377e+01,2.104405e+01,2.109225e+01,2.103716e+01,2.100960e+01,2.089929e+01,2.089929e+01,2.096825e+01,2.097514e+01,2.094067e+01,2.099582e+01,2.094067e+01,2.092688e+01,2.093377e+01,2.090619e+01,2.087859e+01,2.094067e+01,2.085789e+01,2.092688e+01,2.096135e+01,2.105094e+01,2.091998e+01,2.086479e+01,2.090619e+01,2.087169e+01,2.089929e+01,2.092688e+01,2.087169e+01,2.082338e+01,2.089929e+01,2.089929e+01,2.091998e+01,2.088549e+01,2.095446e+01,2.090619e+01,2.092688e+01,2.096825e+01,2.096135e+01,2.088549e+01,2.092688e+01,2.093377e+01,2.098203e+01,2.087169e+01,2.089929e+01,2.093377e+01,2.098203e+01,2.097514e+01,2.103716e+01,2.100960e+01,2.107848e+01,2.103027e+01,2.094757e+01,2.076814e+01,2.074051e+01,2.087169e+01,2.087859e+01,2.087859e+01,2.093377e+01,2.086479e+01,2.103027e+01,2.087169e+01,2.090619e+01,2.098893e+01,2.087859e+01,2.090619e+01,2.094067e+01,2.088549e+01,2.104405e+01,2.087169e+01,2.100271e+01,2.101649e+01,2.097514e+01,2.101649e+01,2.092688e+01,2.106471e+01,2.094067e+01,2.092688e+01,2.095446e+01,2.108537e+01,2.105782e+01,2.104405e+01,2.103027e+01,2.091998e+01,2.095446e+01,2.089239e+01,2.099582e+01,2.085789e+01,2.087169e+01,2.092688e+01,2.092688e+01,2.089239e+01,2.089929e+01,2.097514e+01,2.093377e+01,2.084409e+01,2.088549e+01,2.089239e+01,2.084409e+01,2.089239e+01,2.088549e+01
2.094067e+01,2.112667e+01,2.107160e+01,2.113355e+01,2.093377e+01,2.092688e+01,2.089239e+01,2.094757e+01,2.103027e+01,2.091998e+01,2.089239e+01,2.094757e+01,2.116796e+01,2.111291e+01,2.113355e+01,2.116796e+01,2.115420e+01,2.100960e+01,2.101649e+01,2.101649e+01,2.101649e+01,2.086479e+01,2.114044e+01,2.107848e+01,2.111291e+01,2.118860e+01,2.121611e+01,2.107160e+01,2.113355e+01,2.116796e+01,2.109225e+01,2.107848e+01,2.107160e+01,2.110602e+01,2.116796e+01,2.116108e+01,2.105782e+01,2.114732e+01,2.107160e+01,2.113355e+01,2.113355e+01,2.100271e+01,2.109225e+01,2.109914e+01,2.109225e+01,2.114044e+01,2.108537e+01,2.110602e+01,2.115420e+01,2.111291e+01,2.109225e+01,2.110602e+01,2.114044e+01,2.108537e+01,2.119548e+01,2.118172e+01,2.118860e+01,2.107160e+01,2.107848e+01,2.116108e+01,2.115420e+01,2.111979e+01,2.116108e+01,2.108537e+01,2.109914e+01,2.100271e+01,2.103027e+01,2.104405e+01,2.103027e+01,2.113355e+01,2.103716e+01,2.105782e+01,2.106471e+01,2.110602e+01,2.110602e+01,2.111291e+01,2.121611e+01,2.115420e+01,2.118860e+01,2.116796e+01,2.113355e+01,2.111291e+01,2.116796e+01,2.108537e+01,2.116796e+01,2.126423e+01,2.097514e+01,2.107848e+01,2.110602e+01,2.116796e+01,2.106471e+01,2.107160e+01,2.104405e+01,2.109225e+01,2.107160e+01,2.109225e+01,2.119548e+01,2.103027e+01,2.100271e+01,2.105094e+01,2.103716e+01,2.103716e+01,2.100960e+01,2.102338e+01,2.107848e+01,2.111979e+01,2.102338e+01,2.116108e+01,2.111979e+01,2.108537e+01,2.107848e+01,2.107160e+01,2.107160e+01,2.098203e+01,2.101649e+01,2.109225e+01,2.105782e+01,2.111979e+01,2.100271e+01,2.109225e+01,2.100960e+01,2.110602e+01,2.105782e+01,2.098893e+01,2.109225e+01,2.107848e+01,2.113355e+01,2.101649e+01,2.098203e+01,2.109225e+01,2.105782e+01,2.096135e+01,2.100271e+01,2.105094e+01,2.098893e+01,2.098893e+01,2.120235e+01,2.109225e+01,2.103027e+01,2.106471e+01,2.107160e+01,2.110602e+01,2.114732e+01,2.094067e+01,2.115420e+01,2.113355e+01,2.123674e+01,2.114732e+01,2.107160e+01,2.105094e+01,2.114732e+01,2.117484e+01,2.119548e+01,2.110602e+01,2.107848e+01,2.111291e+01,2.105782e+01,2.103027e+01,2.109914e+01,2.103027e+01,2.111979e+01,2.105094e+01,2.118860e+01,2.112667e+01,2.099582e+01,2.119548e+01,2.108537e+01,2.117484e+01,2.116108e+01,2.109914e+01,2.104405e+01,2.110602e+01,2.121611e+01,2.123674e+01,2.110602e+01,2.095446e+01,2.125048e+01,2.111291e+01,2.127110e+01,2.128485e+01,2.129859e+01,2.129859e+01,2.142906e+01,2.160047e+01,2.166895e+01,2.178527e+01,2.206525e+01,2.220155e+01,2.253472e+01,2.293444e+01,2.319782e+01,2.366887e+01,2.393709e+01,2.401742e+01,2.417789e+01,2.437813e+01,2.432477e+01,2.433811e+01,2.431143e+01,2.421797e+01,2.395717e+01,2.362858e+01,2.333263e+01,2.248719e+01,2.166211e+01,2.126423e+01,2.091998e+01,2.086479e+01,2.090619e+01,2.071287e+01,2.073360e+01,2.067831e+01,2.067139e+01,2.075432e+01,2.066448e+01,2.063682e+01,2.087859e+01,2.069213e+01,2.085789e+01,2.086479e+01,2.078886e+01,2.069905e+01,2.078886e+01,2.073360e+01,2.072669e+01,2.071287e+01,2.074742e+01,2.074051e+01,2.087859e+01,2.076814e+01,2.071978e+01,2.078886e+01,2.078886e+01,2.078886e+01,2.074742e+01,2.075432e+01,2.075432e+01,2.075432e+01,2.077505e+01,2.075432e+01,2.059531e+01,2.057456e+01,2.077505e+01,2.067139e+01,2.059531e+01,2.064374e+01,2.064374e+01,2.065065e+01,2.062299e+01,2.063682e+01,2.062990e+01,2.062990e+01,2.065757e+01,2.066448e+01,2.076814e+01,2.069213e+01,2.070596e+01,2.076123e+01,2.077505e+01,2.061607e+01,2.072669e+01,2.075432e+01,2.070596e+01,2.085789e+01,2.086479e+01,2.085789e+01,2.076123e+01,2.063682e+01,2.056763e+01,2.053995e+01,2.049840e+01,2.049148e+01,2.053995e+01,2.053995e+01,2.051225e+01,2.051225e+01,2.049840e+01,2.046377e+01,2.046377e+01,2.044991e+01,2.049148e+01,2.045684e+01,2.057456e+01,2.060223e+01,2.060223e+01,2.062299e+01,2.065757e+01,2.071287e+01,2.060915e+01,2.064374e+01,2.040833e+01,2.067139e+01,2.052610e+01,2.056071e+01,2.054687e+01,2.053303e+01,2.055379e+01,2.050533e+01,2.062299e+01,2.065065e+01,2.066448e+01,2.062299e+01,2.062299e+01,2.050533e+01,2.053995e+01,2.051225e+01,2.048455e+01,2.053995e+01,2.050533e+01,2.056763e+01,2.054687e+01,2.049148e+01,2.057456e+01,2.052610e+01,2.060915e+01,2.068522e+01,2.065757e+01,2.067831e+01,2.071287e+01,2.062299e+01,2.050533e+01,2.056763e+01,2.050533e+01,2.056071e+01,2.053995e+01,2.047762e+01,2.053303e+01,2.058148e+01,2.056763e+01,2.060223e+01,2.049148e+01,2.049840e+01,2.047762e+01,2.058148e+01,2.049840e+01,2.057456e+01,2.052610e+01,2.048455e+01,2.054687e+01,2.060915e+01,2.055379e+01,2.054687e+01,2.053303e+01,2.051918e+01,2.051918e+01,2.052610e+01,2.044991e+01,2.048455e+01,2.049840e+01,2.049148e+01,2.044298e+01,2.056763e+01,2.048455e+01,2.055379e+01,2.052610e+01,2.057456e+01,2.049840e+01,2.051918e+01,2.061607e+01,2.054687e+01,2.058148e+01,2.049148e+01,2.045684e+01,2.050533e+01,2.060223e+01,2.056071e+01,2.056071e+01,2.058148e+01,2.061607e+01,2.056071e+01,2.051225e+01,2.047762e+01,2.051225e+01,2.057456e+01,2.053303e+01,2.055379e+01,2.064374e+01,2.063682e+01,2.060915e+01,2.051918e+01,2.060223e+01,2.048455e+01,2.047070e+01,2.046377e+01,2.047070e+01,2.055379e+01,2.043605e+01,2.048455e+01,2.061607e+01,2.048455e+01,2.049148e+01,2.046377e+01,2.051918e+01,2.045684e+01,2.055379e+01,2.056071e+01,2.043605e+01,2.061607e+01,2.060223e+01,2.059531e+01,2.054687e+01,2.053303e+01,2.057456e+01,2.059531e+01,2.060915e+01,2.047762e+01,2.061607e+01,2.059531e+01,2.055379e+01,2.062299e+01,2.059531e+01,2.071287e+01,2.059531e+01,2.062990e+01,2.059531e+01,2.061607e+01,2.051225e+01,2.060223e+01,2.073360e+01,2.053303e+01,2.061607e+01,2.062299e+01,2.058840e+01,2.065757e+01,2.057456e+01,2.060223e+01,2.060223e+01,2.055379e+01,2.055379e+01,2.053303e+01,2.053303e+01,2.049840e+01,2.052610e+01,2.052610e+01,2.049148e+01,2.041526e+01,2.049148e+01,2.045684e+01,2.058840e+01,2.067139e+01,2.070596e+01,2.069905e+01,2.080267e+01,2.085789e+01,2.067139e+01,2.075432e+01,2.075432e+01,2.069905e+01,2.071287e+01,2.072669e+01,2.053995e+01,2.064374e+01,2.061607e+01,2.065065e+01,2.063682e+01,2.061607e+01,2.062990e+01,2.074051e+01,2.074742e+01,2.084409e+01,2.074742e+01,2.076123e+01,2.056763e+01,2.067139e+01,2.055379e+01,2.065757e+01,2.055379e+01,2.060915e+01,2.062299e+01,2.036673e+01,2.037366e+01,2.031124e+01,2.030430e+01,2.030430e+01,2.004027e+01,2.012372e+01,2.009591e+01,1.999156e+01,1.998460e+01,2.002636e+01,1.999852e+01,2.004723e+01,1.993586e+01,2.004027e+01,1.992193e+01,2.004723e+01,1.998460e+01,2.002636e+01,1.991496e+01,2.008201e+01,2.004027e+01,1.994283e+01,2.001940e+01,1.999852e+01,2.007505e+01,2.006114e+01,2.006810e+01,2.002636e+01,2.007505e+01,2.013068e+01,2.013763e+01,2.029736e+01,2.050533e+01,2.073360e+01,2.085789e+01,2.111979e+01,2.122986e+01,2.122986e+01,2.126423e+01,2.123674e+01,2.104405e+01,2.105782e+01,2.101649e+01,2.111291e+01,2.100271e+01,2.099582e+01,2.120235e+01,2.129172e+01,2.132607e+01,2.117484e+01,2.120235e+01,2.116796e+01,2.120923e+01,2.115420e+01,2.122986e+01,2.113355e+01,2.096135e+01,2.115420e+01,2.100271e+01,2.111291e+01,2.110602e+01,2.109225e+01,2.109225e+01,2.111291e+01,2.112667e+01,2.100960e+01,2.105094e+01,2.101649e+01,2.100271e+01,2.100960e+01,2.078195e+01,2.097514e+01,2.096135e+01,2.094757e+01,2.096135e+01,2.086479e+01,2.103716e+01,2.094757e+01,2.091308e+01,2.089929e+01,2.090619e+01,2.088549e+01,2.079576e+01,2.085789e+01,2.096135e+01,2.093377e+01,2.100271e+01,2.090619e+01,2.091308e+01,2.091308e+01,2.090619e+01,2.091308e+01,2.080957e+01,2.090619e+01,2.098203e+01,2.112667e+01,2.086479e+01,2.085789e+01,2.091998e+01,2.087169e+01,2.090619e+01,2.091998e+01,2.082338e+01,2.098203e+01,2.098203e+01,2.079576e+01,2.095446e+01,2.100960e+01,2.083719e+01,2.089929e+01,2.082338e+01,2.091998e+01,2.095446e+01,2.085789e+01,2.083719e+01,2.093377e+01,2.094757e+01,2.098893e+01,2.074051e+01,2.082338e+01,2.088549e+01,2.087859e+01,2.095446e+01,2.089239e+01,2.089929e+01,2.087859e+01,2.096135e+01,2.103027e+01,2.083719e+01,2.080267e+01,2.090619e+01,2.085099e+01,2.085789e+01,2.095446e+01,2.095446e+01,2.109225e+01,2.084409e+01,2.080267e+01,2.089929e+01,2.079576e+01,2.088549e+01,2.107160e+01,2.091998e+01,2.105782e+01,2.092688e+01,2.097514e+01,2.097514e+01,2.091308e+01,2.099582e+01,2.092688e+01,2.103716e+01,2.097514e+01,2.099582e+01,2.090619e+01,2.091308e+01,2.089239e+01,2.083028e+01,2.085099e+01,2.088549e+01,2.084409e+01,2.084409e+01,2.089239e+01,2.089239e+01,2.098203e+01,2.078195e+01,2.077505e+01,2.091308e+01,2.089929e+01,2.074051e+01,2.089929e+01
2.100271e+01,2.105782e+01,2.105094e+01,2.107848e+01,2.111979e+01,2.098893e+01,2.098893e+01,2.097514e+01,2.111291e+01,2.096825e+01,2.098893e+01,2.096135e+01,2.117484e+01,2.102338e+01,2.114044e+01,2.112667e+01,2.107848e+01,2.115420e+01,2.109914e+01,2.100271e+01,2.111979e+01,2.114732e+01,2.109225e+01,2.119548e+01,2.104405e+01,2.116796e+01,2.117484e+01,2.114044e+01,2.116108e+01,2.116108e+01,2.116796e+01,2.105782e+01,2.107160e+01,2.113355e+01,2.122298e+01,2.116796e+01,2.103716e+01,2.116108e+01,2.109225e+01,2.114732e+01,2.116796e+01,2.129172e+01,2.124361e+01,2.105782e+01,2.114732e+01,2.114044e+01,2.111291e+01,2.102338e+01,2.116796e+01,2.112667e+01,2.109914e+01,2.107160e+01,2.104405e+01,2.108537e+01,2.097514e+01,2.111979e+01,2.120923e+01,2.115420e+01,2.118860e+01,2.111979e+01,2.115420e+01,2.114732e+01,2.109914e+01,2.113355e+01,2.114044e+01,2.111291e+01,2.111291e+01,2.103027e+01,2.105094e+01,2.109225e+01,2.107160e+01,2.108537e+01,2.114732e+01,2.108537e+01,2.117484e+01,2.118860e+01,2.111979e+01,2.107848e+01,2.115420e+01,2.115420e+01,2.109225e+01,2.118172e+01,2.107160e+01,2.116108e+01,2.118860e+01,2.108537e+01,2.120923e+01,2.108537e+01,2.116108e+01,2.118172e+01,2.105782e+01,2.111291e+01,2.107848e+01,2.111291e+01,2.109225e+01,2.120235e+01,2.108537e+01,2.106471e+01,2.111979e+01,2.116796e+01,2.103716e+01,2.105094e+01,2.102338e+01,2.107848e+01,2.112667e+01,2.115420e+01,2.115420e+01,2.113355e+01,2.108537e+01,2.103027e+01,2.105094e+01,2.100960e+01,2.110602e+01,2.113355e+01,2.108537e+01,2.110602e+01,2.104405e+01,2.112667e+01,2.100960e+01,2.108537e+01,2.105094e+01,2.103716e+01,2.105782e+01,2.106471e+01,2.111979e+01,2.113355e+01,2.098893e+01,2.105782e+01,2.103716e+01,2.109225e+01,2.111291e+01,2.110602e+01,2.112667e+01,2.109225e+01,2.111979e+01,2.103027e+01,2.109914e+01,2.105782e+01,2.118172e+01,2.105094e+01,2.118172e+01,2.110602e+01,2.111291e+01,2.116108e+01,2.118860e+01,2.116796e+01,2.107848e+01,2.113355e+01,2.110602e+01,2.109914e+01,2.113355e+01,2.107848e+01,2.113355e+01,2.112667e+01,2.121611e+01,2.112667e+01,2.119548e+01,2.118860e+01,2.108537e+01,2.118860e+01,2.120235e+01,2.120923e+01,2.117484e+01,2.118860e+01,2.118172e+01,2.118860e+01,2.120923e+01,2.114044e+01,2.114732e+01,2.111979e+01,2.104405e+01,2.117484e+01,2.120235e+01,2.117484e+01,2.112667e+01,2.124361e+01,2.126423e+01,2.117484e+01,2.129859e+01,2.128485e+01,2.134668e+01,2.135355e+01,2.134668e+01,2.142906e+01,2.166211e+01,2.172371e+01,2.202432e+01,2.220155e+01,2.253472e+01,2.286680e+01,2.323828e+01,2.354123e+01,2.384999e+01,2.403749e+01,2.425135e+01,2.433144e+01,2.441813e+01,2.436479e+01,2.428473e+01,2.426471e+01,2.413779e+01,2.381648e+01,2.348071e+01,2.306284e+01,2.223560e+01,2.128485e+01,2.102338e+01,2.081648e+01,2.078886e+01,2.074051e+01,2.083719e+01,2.065757e+01,2.074742e+01,2.069213e+01,2.071287e+01,2.070596e+01,2.074051e+01,2.071287e+01,2.075432e+01,2.080957e+01,2.082338e+01,2.070596e+01,2.075432e+01,2.075432e+01,2.067831e+01,2.074051e+01,2.078195e+01,2.068522e+01,2.079576e+01,2.079576e+01,2.079576e+01,2.077505e+01,2.076123e+01,2.073360e+01,2.062299e+01,2.074742e+01,2.078886e+01,2.071978e+01,2.076123e+01,2.075432e+01,2.059531e+01,2.067139e+01,2.056763e+01,2.065757e+01,2.064374e+01,2.057456e+01,2.078886e+01,2.062299e+01,2.066448e+01,2.060915e+01,2.063682e+01,2.065757e+01,2.071978e+01,2.067831e+01,2.060915e+01,2.057456e+01,2.081648e+01,2.072669e+01,2.075432e+01,2.076123e+01,2.067139e+01,2.071287e+01,2.076123e+01,2.071287e+01,2.085099e+01,2.079576e+01,2.081648e+01,2.067139e+01,2.081648e+01,2.068522e+01,2.069905e+01,2.050533e+01,2.049840e+01,2.049840e+01,2.050533e+01,2.044991e+01,2.051225e+01,2.060223e+01,2.049840e+01,2.058840e+01,2.053995e+01,2.061607e+01,2.060915e+01,2.058148e+01,2.058148e+01,2.053995e+01,2.060223e+01,2.067139e+01,2.067139e+01,2.062299e+01,2.055379e+01,2.053995e+01,2.060223e+01,2.055379e+01,2.055379e+01,2.053303e+01,2.057456e+01,2.057456e+01,2.058148e+01,2.060915e+01,2.060223e+01,2.056763e+01,2.051918e+01,2.051225e+01,2.052610e+01,2.053303e+01,2.052610e+01,2.058840e+01,2.076814e+01,2.067831e+01,2.049840e+01,2.053303e+01,2.062299e+01,2.058840e+01,2.060223e+01,2.062299e+01,2.060915e+01,2.074742e+01,2.053995e+01,2.055379e+01,2.057456e+01,2.066448e+01,2.060915e+01,2.055379e+01,2.053995e+01,2.048455e+01,2.060223e+01,2.051918e+01,2.056071e+01,2.054687e+01,2.049148e+01,2.046377e+01,2.060223e+01,2.050533e+01,2.052610e+01,2.060223e+01,2.061607e+01,2.059531e+01,2.054687e+01,2.045684e+01,2.046377e+01,2.056763e+01,2.047070e+01,2.053303e+01,2.052610e+01,2.057456e+01,2.045684e+01,2.042912e+01,2.050533e+01,2.045684e+01,2.050533e+01,2.056071e+01,2.055379e+01,2.051918e+01,2.050533e+01,2.051918e+01,2.054687e+01,2.052610e+01,2.051225e+01,2.057456e+01,2.050533e+01,2.055379e+01,2.056763e+01,2.054687e+01,2.056763e+01,2.060223e+01,2.055379e+01,2.056071e+01,2.058148e+01,2.057456e+01,2.058840e+01,2.061607e+01,2.054687e+01,2.052610e+01,2.054687e+01,2.060223e+01,2.065065e+01,2.065065e+01,2.056763e+01,2.056071e+01,2.065757e+01,2.047070e+01,2.053995e+01,2.053303e+01,2.058148e+01,2.051225e+01,2.048455e+01,2.046377e+01,2.051225e+01,2.049148e+01,2.053995e+01,2.054687e+01,2.049148e+01,2.055379e+01,2.046377e+01,2.053995e+01,2.059531e+01,2.056763e+01,2.059531e+01,2.059531e+01,2.058840e+01,2.063682e+01,2.056763e+01,2.060223e+01,2.062299e+01,2.060915e+01,2.064374e+01,2.061607e+01,2.058840e+01,2.069905e+01,2.060223e+01,2.069213e+01,2.067831e+01,2.069213e+01,2.067831e+01,2.066448e+01,2.070596e+01,2.061607e+01,2.065757e+01,2.065065e+01,2.062990e+01,2.057456e+01,2.071287e+01,2.067139e+01,2.076814e+01,2.076123e+01,2.058148e+01,2.062299e+01,2.065757e+01,2.053995e+01,2.069905e+01,2.052610e+01,2.051918e+01,2.042912e+01,2.051225e+01,2.045684e+01,2.065065e+01,2.065757e+01,2.069213e+01,2.068522e+01,2.071978e+01,2.076814e+01,2.087859e+01,2.075432e+01,2.078195e+01,2.063682e+01,2.067831e+01,2.064374e+01,2.062990e+01,2.071978e+01,2.062990e+01,2.064374e+01,2.061607e+01,2.066448e+01,2.064374e+01,2.085099e+01,2.069905e+01,2.067831e+01,2.076814e+01,2.071978e+01,2.073360e+01,2.072669e+01,2.070596e+01,2.061607e+01,2.053995e+01,2.053303e+01,2.064374e+01,2.055379e+01,2.051918e+01,2.045684e+01,2.047762e+01,2.031818e+01,2.020016e+01,2.031124e+01,2.006114e+01,2.006810e+01,2.010287e+01,2.000548e+01,2.008201e+01,2.008896e+01,2.008201e+01,2.008896e+01,2.003332e+01,2.010287e+01,2.005419e+01,2.007505e+01,2.005419e+01,2.000548e+01,2.007505e+01,2.003332e+01,2.004723e+01,2.006114e+01,2.024877e+01,2.006114e+01,2.004723e+01,2.004723e+01,2.009591e+01,2.010287e+01,2.008201e+01,2.016542e+01,2.015848e+01,2.040833e+01,2.084409e+01,2.063682e+01,2.098203e+01,2.122986e+01,2.129859e+01,2.125048e+01,2.122986e+01,2.107848e+01,2.129859e+01,2.120235e+01,2.120235e+01,2.107848e+01,2.106471e+01,2.121611e+01,2.113355e+01,2.112667e+01,2.114044e+01,2.120923e+01,2.133981e+01,2.116796e+01,2.116108e+01,2.115420e+01,2.108537e+01,2.110602e+01,2.107848e+01,2.098203e+01,2.112667e+01,2.109914e+01,2.117484e+01,2.111291e+01,2.109914e+01,2.098893e+01,2.109914e+01,2.108537e+01,2.106471e+01,2.100960e+01,2.100960e+01,2.100960e+01,2.101649e+01,2.091998e+01,2.098203e+01,2.100960e+01,2.101649e+01,2.105094e+01,2.096135e+01,2.087169e+01,2.091998e+01,2.100960e+01,2.100960e+01,2.099582e+01,2.091998e+01,2.086479e+01,2.087169e+01,2.091308e+01,2.089239e+01,2.094067e+01,2.093377e+01,2.089239e+01,2.086479e+01,2.091998e+01,2.078195e+01,2.091998e+01,2.092688e+01,2.091998e+01,2.083028e+01,2.091998e+01,2.095446e+01,2.089239e+01,2.094757e+01,2.094757e+01,2.092688e+01,2.095446e+01,2.088549e+01,2.094067e+01,2.083028e+01,2.103716e+01,2.100960e+01,2.100960e+01,2.088549e+01,2.085789e+01,2.096825e+01,2.090619e+01,2.083719e+01,2.089929e+01,2.096135e+01,2.119548e+01,2.101649e+01,2.087859e+01,2.097514e+01,2.089239e+01,2.083028e+01,2.089929e+01,2.089239e+01,2.085789e+01,2.089929e+01,2.090619e+01,2.088549e+01,2.088549e+01,2.097514e+01,2.088549e+01,2.093377e+01,2.064374e+01,2.098893e+01,2.089239e+01,2.085099e+01,2.089239e+01,2.093377e+01,2.095446e+01,2.091998e+01,2.091308e+01,2.094757e+01,2.089239e+01,2.105782e+01,2.091998e+01,2.087169e+01,2.106471e+01,2.096825e+01,2.097514e+01,2.096135e+01,2.097514e+01,2.092688e+01,2.096135e+01,2.096135e+01,2.087169e+01,2.086479e+01,2.089239e+01,2.085099e+01,2.091308e+01,2.096825e+01,2.080957e+01,2.085789e+01,2.095446e+01,2.094067e+01,2.087859e+01,2.089929e+01,2.097514e+01,2.091308e+01,2.076123e+01
2.104405e+01,2.103027e+01,2.103716e+01,2.104405e+01,2.105094e+01,2.084409e+01,2.106471e+01,2.095446e+01,2.098893e+01,2.113355e+01,2.113355e+01,2.098893e+01,2.110602e+01,2.098893e+01,2.106471e+01,2.108537e+01,2.103027e+01,2.099582e+01,2.122298e+01,2.111979e+01,2.114732e+01,2.111291e+01,2.122298e+01,2.105094e+01,2.105782e+01,2.111291e+01,2.117484e+01,2.110602e+01,2.115420e+01,2.107160e+01,2.112667e+01,2.122986e+01,2.117484e+01,2.104405e+01,2.107160e+01,2.105782e+01,2.112667e+01,2.103716e+01,2.108537e+01,2.111979e+01,2.116108e+01,2.120235e+01,2.094067e+01,2.118860e+01,2.114044e+01,2.112667e+01,2.122298e+01,2.113355e+01,2.108537e+01,2.107160e+01,2.117484e+01,2.110602e+01,2.117484e+01,2.119548e+01,2.114732e+01,2.115420e+01,2.113355e+01,2.111979e+01,2.112667e+01,2.110602e+01,2.115420e+01,2.109225e+01,2.114044e+01,2.109914e+01,2.112667e+01,2.109225e+01,2.114044e+01,2.105782e+01,2.110602e+01,2.110602e+01,2.111979e+01,2.100960e+01,2.122298e+01,2.108537e+01,2.110602e+01,2.108537e+01,2.129859e+01,2.117484e+01,2.109914e+01,2.112667e+01,2.115420e+01,2.106471e+01,2.108537e+01,2.120235e+01,2.114732e+01,2.112667e+01,2.109225e+01,2.118860e+01,2.114044e+01,2.104405e+01,2.112667e+01,2.107848e+01,2.106471e+01,2.103027e+01,2.106471e+01,2.116108e+01,2.118172e+01,2.102338e+01,2.103027e+01,2.111979e+01,2.099582e+01,2.114044e+01,2.104405e+01,2.100960e+01,2.111979e+01,2.103027e+01,2.107160e+01,2.105782e+01,2.102338e+01,2.105094e+01,2.115420e+01,2.118172e+01,2.113355e+01,2.119548e+01,2.098893e+01,2.107160e+01,2.117484e+01,2.120923e+01,2.114732e+01,2.109225e+01,2.108537e+01,2.103716e+01,2.120923e+01,2.106471e+01,2.096825e+01,2.105094e+01,2.108537e+01,2.109914e+01,2.098203e+01,2.103716e+01,2.109225e+01,2.109914e+01,2.114044e+01,2.109914e+01,2.098893e+01,2.097514e+01,2.115420e+01,2.103716e+01,2.104405e+01,2.111979e+01,2.112667e+01,2.116796e+01,2.111979e+01,2.111979e+01,2.112667e+01,2.117484e+01,2.115420e+01,2.120923e+01,2.120923e+01,2.116796e+01,2.107160e+01,2.109914e+01,2.104405e+01,2.111979e+01,2.117484e+01,2.108537e+01,2.100271e+01,2.120923e+01,2.109225e+01,2.120923e+01,2.114044e+01,2.114044e+01,2.118172e+01,2.124361e+01,2.110602e+01,2.112667e+01,2.122298e+01,2.109225e+01,2.114732e+01,2.110602e+01,2.118172e+01,2.106471e+01,2.122298e+01,2.117484e+01,2.114044e+01,2.120923e+01,2.113355e+01,2.125048e+01,2.126423e+01,2.148394e+01,2.135355e+01,2.132607e+01,2.139474e+01,2.171686e+01,2.156621e+01,2.174423e+01,2.201068e+01,2.216749e+01,2.242604e+01,2.283974e+01,2.321806e+01,2.353451e+01,2.384329e+01,2.403080e+01,2.423800e+01,2.435812e+01,2.455802e+01,2.435145e+01,2.424468e+01,2.423132e+01,2.424468e+01,2.400403e+01,2.371586e+01,2.348744e+01,2.301556e+01,2.209252e+01,2.136728e+01,2.099582e+01,2.085789e+01,2.091308e+01,2.065757e+01,2.060223e+01,2.072669e+01,2.076814e+01,2.078886e+01,2.072669e+01,2.085789e+01,2.069213e+01,2.064374e+01,2.074742e+01,2.062299e+01,2.066448e+01,2.069905e+01,2.068522e+01,2.066448e+01,2.067139e+01,2.081648e+01,2.078195e+01,2.071287e+01,2.069213e+01,2.073360e+01,2.072669e+01,2.073360e+01,2.060915e+01,2.074742e+01,2.076814e+01,2.066448e+01,2.078886e+01,2.076123e+01,2.058840e+01,2.069905e+01,2.062299e+01,2.050533e+01,2.062990e+01,2.060223e+01,2.069213e+01,2.060915e+01,2.069905e+01,2.049148e+01,2.070596e+01,2.062299e+01,2.066448e+01,2.061607e+01,2.055379e+01,2.058840e+01,2.064374e+01,2.065757e+01,2.063682e+01,2.069213e+01,2.078886e+01,2.076814e+01,2.059531e+01,2.073360e+01,2.078195e+01,2.076123e+01,2.083028e+01,2.076123e+01,2.066448e+01,2.069905e+01,2.045684e+01,2.053995e+01,2.048455e+01,2.047070e+01,2.051918e+01,2.049148e+01,2.050533e+01,2.048455e+01,2.047762e+01,2.048455e+01,2.049840e+01,2.052610e+01,2.060223e+01,2.048455e+01,2.059531e+01,2.056071e+01,2.055379e+01,2.058148e+01,2.066448e+01,2.062990e+01,2.071287e+01,2.064374e+01,2.057456e+01,2.064374e+01,2.054687e+01,2.055379e+01,2.056763e+01,2.055379e+01,2.058148e+01,2.071287e+01,2.057456e+01,2.068522e+01,2.049148e+01,2.056071e+01,2.049840e+01,2.049840e+01,2.056071e+01,2.049148e+01,2.058148e+01,2.051225e+01,2.051225e+01,2.050533e+01,2.051918e+01,2.051918e+01,2.058148e+01,2.058840e+01,2.050533e+01,2.050533e+01,2.049840e+01,2.066448e+01,2.052610e+01,2.055379e+01,2.047070e+01,2.056763e+01,2.043605e+01,2.046377e+01,2.051918e+01,2.047070e+01,2.070596e+01,2.058840e+01,2.064374e+01,2.058840e+01,2.064374e+01,2.065065e+01,2.060915e+01,2.052610e+01,2.048455e+01,2.044298e+01,2.042912e+01,2.045684e+01,2.051918e+01,2.050533e+01,2.049148e+01,2.056763e+01,2.045684e+01,2.051918e+01,2.055379e+01,2.044298e+01,2.042219e+01,2.048455e+01,2.044991e+01,2.046377e+01,2.054687e+01,2.055379e+01,2.056071e+01,2.049148e+01,2.066448e+01,2.056763e+01,2.063682e+01,2.057456e+01,2.054687e+01,2.046377e+01,2.051225e+01,2.056763e+01,2.058148e+01,2.049148e+01,2.060915e+01,2.058148e+01,2.060915e+01,2.066448e+01,2.061607e+01,2.056071e+01,2.059531e+01,2.056763e+01,2.054687e+01,2.053303e+01,2.056763e+01,2.052610e+01,2.062990e+01,2.059531e+01,2.060915e+01,2.058148e+01,2.058840e+01,2.050533e+01,2.047070e+01,2.065065e+01,2.064374e+01,2.048455e+01,2.061607e+01,2.044991e+01,2.065065e+01,2.060223e+01,2.048455e+01,2.053303e+01,2.061607e+01,2.065065e+01,2.053303e+01,2.058840e+01,2.057456e+01,2.060223e+01,2.057456e+01,2.060223e+01,2.055379e+01,2.053303e+01,2.062990e+01,2.058840e+01,2.065757e+01,2.062990e+01,2.071978e+01,2.052610e+01,2.064374e+01,2.058840e+01,2.056763e+01,2.068522e+01,2.069213e+01,2.066448e+01,2.067831e+01,2.069213e+01,2.060223e+01,2.065065e+01,2.065757e+01,2.060223e+01,2.060915e+01,2.062299e+01,2.062299e+01,2.070596e+01,2.078886e+01,2.069905e+01,2.054687e+01,2.067831e+01,2.054687e+01,2.055379e+01,2.054687e+01,2.070596e+01,2.054687e+01,2.065065e+01,2.065757e+01,2.065757e+01,2.058840e+01,2.071287e+01,2.069213e+01,2.078886e+01,2.072669e+01,2.081648e+01,2.080957e+01,2.085099e+01,2.062299e+01,2.071287e+01,2.066448e+01,2.070596e+01,2.063682e+01,2.063682e+01,2.067831e+01,2.066448e+01,2.067831e+01,2.069905e+01,2.076814e+01,2.075432e+01,2.067831e+01,2.070596e+01,2.067139e+01,2.053995e+01,2.067831e+01,2.067139e+01,2.052610e+01,2.053303e+01,2.057456e+01,2.054687e+01,2.055379e+01,2.049840e+01,2.032512e+01,2.039447e+01,2.031124e+01,2.031124e+01,2.004723e+01,2.006114e+01,2.011677e+01,2.022794e+01,2.009591e+01,2.008201e+01,2.006810e+01,2.007505e+01,2.005419e+01,2.001940e+01,2.002636e+01,2.002636e+01,2.025571e+01,2.005419e+01,2.003332e+01,1.996371e+01,2.002636e+01,2.010982e+01,2.005419e+01,2.006810e+01,2.004723e+01,2.004027e+01,2.006114e+01,2.000548e+01,2.010982e+01,2.008201e+01,2.004723e+01,2.042219e+01,2.042912e+01,2.064374e+01,2.090619e+01,2.115420e+01,2.111291e+01,2.125736e+01,2.125048e+01,2.123674e+01,2.125048e+01,2.122298e+01,2.113355e+01,2.103716e+01,2.103027e+01,2.103027e+01,2.103716e+01,2.120923e+01,2.110602e+01,2.119548e+01,2.131233e+01,2.114044e+01,2.127798e+01,2.120235e+01,2.113355e+01,2.110602e+01,2.111291e+01,2.117484e+01,2.117484e+01,2.116796e+01,2.111979e+01,2.109225e+01,2.111291e+01,2.114732e+01,2.114732e+01,2.107848e+01,2.104405e+01,2.103716e+01,2.110602e+01,2.111291e+01,2.101649e+01,2.109225e+01,2.105094e+01,2.108537e+01,2.108537e+01,2.098893e+01,2.096825e+01,2.096135e+01,2.078195e+01,2.100271e+01,2.094757e+01,2.080267e+01,2.092688e+01,2.091998e+01,2.089929e+01,2.105094e+01,2.085099e+01,2.099582e+01,2.098203e+01,2.094757e+01,2.090619e+01,2.087859e+01,2.079576e+01,2.091998e+01,2.093377e+01,2.091308e+01,2.091998e+01,2.087169e+01,2.087859e+01,2.080957e+01,2.087169e+01,2.090619e+01,2.082338e+01,2.087169e+01,2.085789e+01,2.078886e+01,2.094067e+01,2.094067e+01,2.103716e+01,2.074742e+01,2.085099e+01,2.102338e+01,2.094757e+01,2.096135e+01,2.087859e+01,2.089929e+01,2.094067e+01,2.091308e+01,2.094757e+01,2.098893e+01,2.102338e+01,2.082338e+01,2.085099e+01,2.082338e+01,2.090619e+01,2.098203e+01,2.089929e+01,2.091308e+01,2.097514e+01,2.078195e+01,2.090619e+01,2.088549e+01,2.085789e+01,2.083028e+01,2.092688e+01,2.080957e+01,2.094757e+01,2.094757e+01,2.090619e+01,2.091308e+01,2.077505e+01,2.091308e+01,2.095446e+01,2.113355e+01,2.092688e+01,2.111291e+01,2.091998e+01,2.101649e+01,2.104405e+01,2.103027e+01,2.091998e+01,2.103716e+01,2.098203e+01,2.103027e+01,2.091998e+01,2.092688e+01,2.095446e+01,2.082338e+01,2.083719e+01,2.097514e+01,2.087169e+01,2.089929e+01,2.084409e+01,2.087169e+01,2.076814e+01,2.088549e+01,2.072669e+01,2.101649e+01,2.092688e+01,2.089239e+01,2.089239e+01
2.101649e+01,2.105094e+01,2.104405e+01,2.105782e+01,2.105782e+01,2.102338e+01,2.098893e+01,2.134668e+01,2.100271e+01,2.098203e+01,2.100960e+01,2.107160e+01,2.089929e+01,2.111979e+01,2.100960e+01,2.105094e+01,2.109225e+01,2.105782e+01,2.101649e+01,2.107848e+01,2.111291e+01,2.110602e+01,2.104405e+01,2.110602e+01,2.114044e+01,2.105782e+01,2.119548e+01,2.111979e+01,2.113355e+01,2.115420e+01,2.096135e+01,2.110602e+01,2.109914e+01,2.111979e+01,2.113355e+01,2.098203e+01,2.108537e+01,2.104405e+01,2.113355e+01,2.112667e+01,2.111291e+01,2.116796e+01,2.115420e+01,2.111979e+01,2.142220e+01,2.106471e+01,2.119548e+01,2.122986e+01,2.103027e+01,2.115420e+01,2.106471e+01,2.113355e+01,2.115420e+01,2.107160e+01,2.103716e+01,2.112667e+01,2.113355e+01,2.117484e+01,2.113355e+01,2.107848e+01,2.109914e+01,2.109225e+01,2.111979e+01,2.103716e+01,2.114044e+01,2.106471e+01,2.111291e+01,2.108537e+01,2.111291e+01,2.109914e+01,2.125048e+01,2.108537e+01,2.110602e+01,2.107848e+01,2.107160e+01,2.116796e+01,2.115420e+01,2.115420e+01,2.115420e+01,2.118860e+01,2.121611e+01,2.110602e+01,2.107848e+01,2.117484e+01,2.112667e+01,2.116796e+01,2.109914e+01,2.107848e+01,2.109225e+01,2.107160e+01,2.107848e+01,2.108537e+01,2.106471e+01,2.109914e+01,2.107848e+01,2.103027e+01,2.103716e+01,2.114732e+01,2.103027e+01,2.108537e+01,2.105782e+01,2.103716e+01,2.111291e+01,2.107160e+01,2.109914e+01,2.105094e+01,2.107848e+01,2.107160e+01,2.108537e+01,2.106471e+01,2.109225e+01,2.111291e+01,2.104405e+01,2.111291e+01,2.104405e+01,2.100271e+01,2.102338e+01,2.100960e+01,2.106471e+01,2.102338e+01,2.109225e+01,2.102338e+01,2.105094e+01,2.098893e+01,2.104405e+01,2.107848e+01,2.111291e+01,2.100271e+01,2.104405e+01,2.105094e+01,2.102338e+01,2.108537e+01,2.106471e+01,2.109914e+01,2.107160e+01,2.098893e+01,2.100960e+01,2.109225e+01,2.110602e+01,2.113355e+01,2.109225e+01,2.100960e+01,2.112667e+01,2.125048e+01,2.112667e+01,2.116108e+01,2.121611e+01,2.112667e+01,2.116108e+01,2.116796e+01,2.118172e+01,2.111291e+01,2.109914e+01,2.112667e+01,2.115420e+01,2.107848e+01,2.103027e+01,2.105094e+01,2.114044e+01,2.115420e+01,2.108537e+01,2.114732e+01,2.118172e+01,2.117484e+01,2.114732e+01,2.119548e+01,2.114732e+01,2.107160e+01,2.107848e+01,2.107848e+01,2.111291e+01,2.110602e+01,2.120235e+01,2.125736e+01,2.119548e+01,2.105094e+01,2.119548e+01,2.123674e+01,2.125048e+01,2.129172e+01,2.128485e+01,2.145650e+01,2.143592e+01,2.157991e+01,2.166211e+01,2.171686e+01,2.195608e+01,2.211298e+01,2.242604e+01,2.283974e+01,2.301556e+01,2.344707e+01,2.375612e+01,2.403749e+01,2.420461e+01,2.432477e+01,2.433811e+01,2.434478e+01,2.423132e+01,2.420461e+01,2.418457e+01,2.415116e+01,2.399734e+01,2.378295e+01,2.346726e+01,2.292092e+01,2.202432e+01,2.141533e+01,2.109914e+01,2.077505e+01,2.074742e+01,2.078886e+01,2.063682e+01,2.069213e+01,2.065065e+01,2.065757e+01,2.076123e+01,2.068522e+01,2.067139e+01,2.069905e+01,2.062990e+01,2.067831e+01,2.058840e+01,2.067831e+01,2.065065e+01,2.071287e+01,2.065065e+01,2.063682e+01,2.077505e+01,2.069905e+01,2.074742e+01,2.071978e+01,2.073360e+01,2.069905e+01,2.071978e+01,2.074742e+01,2.053303e+01,2.054687e+01,2.058148e+01,2.053995e+01,2.059531e+01,2.058840e+01,2.061607e+01,2.074742e+01,2.060915e+01,2.072669e+01,2.062990e+01,2.060223e+01,2.063682e+01,2.060915e+01,2.060915e+01,2.058840e+01,2.067831e+01,2.060915e+01,2.055379e+01,2.060223e+01,2.060915e+01,2.058148e+01,2.067139e+01,2.053995e+01,2.066448e+01,2.069213e+01,2.071287e+01,2.061607e+01,2.072669e+01,2.076123e+01,2.074742e+01,2.062990e+01,2.062299e+01,2.049840e+01,2.065065e+01,2.059531e+01,2.055379e+01,2.051918e+01,2.051918e+01,2.054687e+01,2.048455e+01,2.053995e+01,2.045684e+01,2.058840e+01,2.051225e+01,2.055379e+01,2.057456e+01,2.065757e+01,2.056763e+01,2.060915e+01,2.065757e+01,2.076123e+01,2.060915e+01,2.067139e+01,2.065065e+01,2.063682e+01,2.056071e+01,2.051918e+01,2.057456e+01,2.059531e+01,2.062990e+01,2.058840e+01,2.067139e+01,2.061607e+01,2.056071e+01,2.044298e+01,2.051918e+01,2.054687e+01,2.054687e+01,2.053995e+01,2.049840e+01,2.049148e+01,2.051918e+01,2.048455e+01,2.056763e+01,2.057456e+01,2.056071e+01,2.080957e+01,2.083719e+01,2.074051e+01,2.069905e+01,2.067831e+01,2.053303e+01,2.060223e+01,2.057456e+01,2.053995e+01,2.051918e+01,2.044298e+01,2.053303e+01,2.044298e+01,2.051225e+01,2.059531e+01,2.057456e+01,2.054687e+01,2.056071e+01,2.055379e+01,2.041526e+01,2.053303e+01,2.045684e+01,2.043605e+01,2.040833e+01,2.046377e+01,2.035980e+01,2.049840e+01,2.039447e+01,2.043605e+01,2.040140e+01,2.045684e+01,2.053303e+01,2.051918e+01,2.056763e+01,2.049840e+01,2.049840e+01,2.043605e+01,2.050533e+01,2.053303e+01,2.053995e+01,2.044298e+01,2.052610e+01,2.068522e+01,2.055379e+01,2.063682e+01,2.057456e+01,2.053995e+01,2.056071e+01,2.051918e+01,2.056763e+01,2.055379e+01,2.066448e+01,2.056071e+01,2.058148e+01,2.058148e+01,2.060915e+01,2.058148e+01,2.060223e+01,2.049148e+01,2.059531e+01,2.055379e+01,2.055379e+01,2.058840e+01,2.056071e+01,2.054687e+01,2.059531e+01,2.058148e+01,2.062299e+01,2.067831e+01,2.053995e+01,2.056763e+01,2.048455e+01,2.050533e+01,2.049840e+01,2.051225e+01,2.059531e+01,2.056763e+01,2.050533e+01,2.051918e+01,2.058840e+01,2.056071e+01,2.063682e+01,2.062299e+01,2.057456e+01,2.060915e+01,2.059531e+01,2.059531e+01,2.062990e+01,2.062299e+01,2.061607e+01,2.061607e+01,2.063682e+01,2.049148e+01,2.056763e+01,2.053995e+01,2.068522e+01,2.063682e+01,2.072669e+01,2.072669e+01,2.060223e+01,2.072669e+01,2.060223e+01,2.065065e+01,2.069905e+01,2.067139e+01,2.067831e+01,2.060223e+01,2.067831e+01,2.066448e+01,2.074742e+01,2.063682e+01,2.058840e+01,2.053995e+01,2.067831e+01,2.070596e+01,2.056071e+01,2.053995e+01,2.059531e+01,2.054687e+01,2.055379e+01,2.051225e+01,2.064374e+01,2.065065e+01,2.067831e+01,2.064374e+01,2.067831e+01,2.069213e+01,2.079576e+01,2.076814e+01,2.078886e+01,2.071978e+01,2.083028e+01,2.067139e+01,2.075432e+01,2.062990e+01,2.064374e+01,2.065757e+01,2.057456e+01,2.061607e+01,2.063682e+01,2.060915e+01,2.067139e+01,2.078195e+01,2.082338e+01,2.065065e+01,2.057456e+01,2.072669e+01,2.058148e+01,2.062990e+01,2.055379e+01,2.049840e+01,2.045684e+01,2.041526e+01,2.052610e+01,2.036673e+01,2.046377e+01,2.042219e+01,2.038753e+01,2.020711e+01,2.031124e+01,2.008896e+01,2.002636e+01,2.007505e+01,2.010287e+01,2.010287e+01,2.008201e+01,2.006114e+01,2.008896e+01,2.008896e+01,1.992890e+01,2.010982e+01,2.010982e+01,2.001244e+01,1.998460e+01,2.006810e+01,2.006114e+01,2.005419e+01,2.007505e+01,2.004723e+01,2.006114e+01,2.007505e+01,2.009591e+01,2.010982e+01,2.016542e+01,2.003332e+01,2.013068e+01,2.038060e+01,2.039447e+01,2.061607e+01,2.087859e+01,2.100960e+01,2.130546e+01,2.125736e+01,2.125736e+01,2.131920e+01,2.127798e+01,2.129859e+01,2.105782e+01,2.104405e+01,2.096825e+01,2.098893e+01,2.107160e+01,2.116108e+01,2.115420e+01,2.116108e+01,2.128485e+01,2.118860e+01,2.137415e+01,2.121611e+01,2.117484e+01,2.116796e+01,2.126423e+01,2.111979e+01,2.110602e+01,2.117484e+01,2.120235e+01,2.109225e+01,2.098203e+01,2.113355e+01,2.113355e+01,2.107848e+01,2.111291e+01,2.103716e+01,2.111979e+01,2.102338e+01,2.100960e+01,2.100960e+01,2.107848e+01,2.103716e+01,2.105782e+01,2.099582e+01,2.098893e+01,2.099582e+01,2.096135e+01,2.080267e+01,2.082338e+01,2.094067e+01,2.097514e+01,2.100271e+01,2.099582e+01,2.091998e+01,2.089239e+01,2.089239e+01,2.087859e+01,2.091308e+01,2.085789e+01,2.093377e+01,2.100960e+01,2.087859e+01,2.092688e+01,2.098893e+01,2.083028e+01,2.090619e+01,2.091998e+01,2.083719e+01,2.086479e+01,2.095446e+01,2.094067e+01,2.094067e+01,2.088549e+01,2.090619e+01,2.092688e+01,2.087169e+01,2.086479e+01,2.089239e+01,2.090619e+01,2.081648e+01,2.087169e+01,2.080957e+01,2.084409e+01,2.098203e+01,2.096825e+01,2.087859e+01,2.095446e+01,2.085099e+01,2.094757e+01,2.098203e+01,2.091998e+01,2.094757e+01,2.087169e+01,2.081648e+01,2.091998e+01,2.089929e+01,2.094067e+01,2.076123e+01,2.079576e+01,2.091308e+01,2.083719e+01,2.085099e+01,2.087859e+01,2.087169e+01,2.087859e+01,2.114044e+01,2.094067e+01,2.096825e+01,2.096135e+01,2.076123e+01,2.094067e+01,2.093377e+01,2.100960e+01,2.092688e+01,2.093377e+01,2.081648e+01,2.078195e+01,2.102338e+01,2.089239e+01,2.101649e+01,2.087169e+01,2.100960e+01,2.091308e+01,2.099582e+01,2.094067e+01,2.102338e+01,2.097514e+01,2.099582e+01,2.096135e+01,2.096135e+01,2.087169e+01,2.080267e+01,2.094757e+01,2.088549e+01,2.074742e+01,2.094757e+01,2.087859e+01,2.098203e+01,2.093377e+01,2.076123e+01
2.103027e+01,2.101649e+01,2.098893e+01,2.101649e+01,2.107848e+01,2.100960e+01,2.103027e+01,2.105094e+01,2.104405e+01,2.107848e+01,2.094757e+01,2.096135e+01,2.098203e+01,2.109914e+01,2.109225e+01,2.111979e+01,2.103716e+01,2.104405e+01,2.100960e+01,2.107160e+01,2.114044e+01,2.102338e+01,2.105782e+01,2.103027e+01,2.116108e+01,2.116108e+01,2.118860e+01,2.111979e+01,2.116108e+01,2.113355e+01,2.112667e+01,2.110602e+01,2.107848e+01,2.122986e+01,2.112667e+01,2.103027e+01,2.111979e+01,2.109914e+01,2.105782e+01,2.112667e+01,2.119548e+01,2.111979e+01,2.107848e+01,2.100271e+01,2.099582e+01,2.106471e+01,2.105782e+01,2.109225e+01,2.100960e+01,2.119548e+01,2.116108e+01,2.103027e+01,2.103027e+01,2.096825e+01,2.110602e+01,2.118860e+01,2.117484e+01,2.107160e+01,2.106471e+01,2.113355e+01,2.114044e+01,2.116108e+01,2.100960e+01,2.109914e+01,2.116108e+01,2.110602e+01,2.111291e+01,2.108537e+01,2.106471e+01,2.114044e+01,2.107160e+01,2.112667e+01,2.103027e+01,2.112667e+01,2.130546e+01,2.122298e+01,2.110602e+01,2.111291e+01,2.109914e+01,2.114732e+01,2.116108e+01,2.116108e+01,2.112667e+01,2.106471e+01,2.109225e+01,2.125736e+01,2.113355e+01,2.119548e+01,2.104405e+01,2.109225e+01,2.111979e+01,2.116108e+01,2.126423e+01,2.110602e+01,2.109914e+01,2.120923e+01,2.105782e+01,2.103716e+01,2.102338e+01,2.116108e+01,2.104405e+01,2.102338e+01,2.105782e+01,2.102338e+01,2.102338e+01,2.113355e+01,2.100960e+01,2.107160e+01,2.107848e+01,2.104405e+01,2.107848e+01,2.107160e+01,2.118860e+01,2.105094e+01,2.105782e+01,2.103716e+01,2.109225e+01,2.107160e+01,2.096825e+01,2.133981e+01,2.102338e+01,2.103716e+01,2.117484e+01,2.098893e+01,2.096825e+01,2.095446e+01,2.096135e+01,2.094067e+01,2.107848e+01,2.111291e+01,2.111291e+01,2.109225e+01,2.101649e+01,2.096135e+01,2.109914e+01,2.101649e+01,2.113355e+01,2.103027e+01,2.117484e+01,2.111291e+01,2.116108e+01,2.116796e+01,2.114732e+01,2.116108e+01,2.107160e+01,2.115420e+01,2.118860e+01,2.109225e+01,2.108537e+01,2.120235e+01,2.120235e+01,2.118172e+01,2.113355e+01,2.114044e+01,2.117484e+01,2.116108e+01,2.135355e+01,2.110602e+01,2.109225e+01,2.116796e+01,2.118172e+01,2.115420e+01,2.114044e+01,2.113355e+01,2.119548e+01,2.112667e+01,2.107848e+01,2.136728e+01,2.103716e+01,2.124361e+01,2.105782e+01,2.106471e+01,2.106471e+01,2.117484e+01,2.109225e+01,2.121611e+01,2.120923e+01,2.121611e+01,2.123674e+01,2.128485e+01,2.134668e+01,2.136041e+01,2.144278e+01,2.147708e+01,2.164157e+01,2.188779e+01,2.192194e+01,2.215387e+01,2.243284e+01,2.282620e+01,2.294797e+01,2.342016e+01,2.374941e+01,2.406425e+01,2.419793e+01,2.428473e+01,2.432477e+01,2.434478e+01,2.424468e+01,2.437813e+01,2.418457e+01,2.418457e+01,2.413779e+01,2.409100e+01,2.385670e+01,2.355467e+01,2.315060e+01,2.239206e+01,2.160732e+01,2.110602e+01,2.085099e+01,2.082338e+01,2.081648e+01,2.082338e+01,2.075432e+01,2.069213e+01,2.076123e+01,2.074051e+01,2.071978e+01,2.065065e+01,2.067139e+01,2.065065e+01,2.069905e+01,2.069905e+01,2.060223e+01,2.049148e+01,2.058148e+01,2.069213e+01,2.070596e+01,2.070596e+01,2.063682e+01,2.069905e+01,2.056763e+01,2.069213e+01,2.055379e+01,2.063682e+01,2.050533e+01,2.054687e+01,2.059531e+01,2.058148e+01,2.052610e+01,2.059531e+01,2.060223e+01,2.060915e+01,2.065065e+01,2.062299e+01,2.059531e+01,2.060223e+01,2.062299e+01,2.065757e+01,2.057456e+01,2.060223e+01,2.067139e+01,2.062990e+01,2.054687e+01,2.065757e+01,2.057456e+01,2.056763e+01,2.067139e+01,2.068522e+01,2.076814e+01,2.065065e+01,2.069905e+01,2.067139e+01,2.072669e+01,2.058840e+01,2.065757e+01,2.069213e+01,2.049840e+01,2.060915e+01,2.059531e+01,2.049148e+01,2.067831e+01,2.052610e+01,2.050533e+01,2.059531e+01,2.056071e+01,2.051918e+01,2.044991e+01,2.050533e+01,2.060223e+01,2.047070e+01,2.051225e+01,2.051918e+01,2.053995e+01,2.053303e+01,2.056763e+01,2.074742e+01,2.069905e+01,2.071287e+01,2.058148e+01,2.053995e+01,2.065065e+01,2.062299e+01,2.058148e+01,2.059531e+01,2.060915e+01,2.060915e+01,2.061607e+01,2.054687e+01,2.059531e+01,2.052610e+01,2.044991e+01,2.050533e+01,2.048455e+01,2.049148e+01,2.055379e+01,2.051225e+01,2.050533e+01,2.065757e+01,2.060915e+01,2.075432e+01,2.057456e+01,2.076123e+01,2.058840e+01,2.068522e+01,2.062299e+01,2.067139e+01,2.062299e+01,2.056763e+01,2.056071e+01,2.056071e+01,2.062990e+01,2.057456e+01,2.056071e+01,2.059531e+01,2.057456e+01,2.055379e+01,2.057456e+01,2.059531e+01,2.059531e+01,2.059531e+01,2.048455e+01,2.063682e+01,2.044991e+01,2.048455e+01,2.051918e+01,2.053303e+01,2.043605e+01,2.040833e+01,2.042912e+01,2.059531e+01,2.052610e+01,2.049148e+01,2.044298e+01,2.044298e+01,2.043605e+01,2.042912e+01,2.041526e+01,2.051225e+01,2.053303e+01,2.052610e+01,2.061607e+01,2.045684e+01,2.050533e+01,2.051918e+01,2.056071e+01,2.056071e+01,2.056763e+01,2.064374e+01,2.039447e+01,2.052610e+01,2.048455e+01,2.055379e+01,2.053303e+01,2.058840e+01,2.049840e+01,2.056071e+01,2.058840e+01,2.062990e+01,2.059531e+01,2.062990e+01,2.056071e+01,2.056071e+01,2.059531e+01,2.051225e+01,2.058148e+01,2.058148e+01,2.062990e+01,2.050533e+01,2.058840e+01,2.057456e+01,2.053303e+01,2.060915e+01,2.052610e+01,2.058840e+01,2.049148e+01,2.073360e+01,2.051225e+01,2.050533e+01,2.071287e+01,2.054687e+01,2.058840e+01,2.058840e+01,2.053995e+01,2.064374e+01,2.072669e+01,2.062990e+01,2.063682e+01,2.071978e+01,2.060223e+01,2.060915e+01,2.062299e+01,2.056763e+01,2.048455e+01,2.049148e+01,2.058148e+01,2.065757e+01,2.053995e+01,2.069905e+01,2.069213e+01,2.061607e+01,2.056763e+01,2.069213e+01,2.058148e+01,2.062299e+01,2.062299e+01,2.066448e+01,2.067831e+01,2.065757e+01,2.064374e+01,2.069213e+01,2.057456e+01,2.072669e+01,2.056763e+01,2.070596e+01,2.069905e+01,2.071287e+01,2.061607e+01,2.060915e+01,2.068522e+01,2.053303e+01,2.053303e+01,2.061607e+01,2.050533e+01,2.064374e+01,2.064374e+01,2.070596e+01,2.060223e+01,2.057456e+01,2.068522e+01,2.071978e+01,2.079576e+01,2.074051e+01,2.066448e+01,2.067831e+01,2.069905e+01,2.063682e+01,2.070596e+01,2.074051e+01,2.062299e+01,2.051225e+01,2.060915e+01,2.071978e+01,2.064374e+01,2.071287e+01,2.076814e+01,2.066448e+01,2.064374e+01,2.044298e+01,2.045684e+01,2.048455e+01,2.052610e+01,2.047762e+01,2.062990e+01,2.048455e+01,2.038060e+01,2.037366e+01,2.041526e+01,2.030430e+01,2.033205e+01,2.029736e+01,2.030430e+01,2.013763e+01,2.013763e+01,2.023489e+01,2.014458e+01,2.008201e+01,2.006114e+01,2.010287e+01,2.006810e+01,1.999156e+01,1.994283e+01,1.994283e+01,1.999156e+01,2.008201e+01,2.004027e+01,2.005419e+01,2.005419e+01,2.000548e+01,2.001940e+01,2.006114e+01,2.012372e+01,2.008201e+01,2.008201e+01,2.007505e+01,2.006810e+01,2.002636e+01,2.024183e+01,2.029736e+01,2.081648e+01,2.065757e+01,2.094757e+01,2.122298e+01,2.125736e+01,2.132607e+01,2.137415e+01,2.129859e+01,2.133294e+01,2.116796e+01,2.110602e+01,2.121611e+01,2.095446e+01,2.105782e+01,2.103716e+01,2.107848e+01,2.113355e+01,2.127110e+01,2.138788e+01,2.134668e+01,2.141533e+01,2.118172e+01,2.110602e+01,2.111979e+01,2.121611e+01,2.109914e+01,2.117484e+01,2.125048e+01,2.116796e+01,2.116796e+01,2.110602e+01,2.101649e+01,2.110602e+01,2.111291e+01,2.108537e+01,2.091308e+01,2.115420e+01,2.116108e+01,2.102338e+01,2.103716e+01,2.108537e+01,2.100271e+01,2.100271e+01,2.106471e+01,2.098203e+01,2.109225e+01,2.099582e+01,2.095446e+01,2.101649e+01,2.079576e+01,2.100960e+01,2.100960e+01,2.092688e+01,2.113355e+01,2.104405e+01,2.081648e+01,2.081648e+01,2.087859e+01,2.085099e+01,2.087859e+01,2.096135e+01,2.097514e+01,2.094067e+01,2.093377e+01,2.079576e+01,2.091998e+01,2.083028e+01,2.086479e+01,2.084409e+01,2.085099e+01,2.089239e+01,2.087859e+01,2.089929e+01,2.090619e+01,2.089239e+01,2.093377e+01,2.096825e+01,2.078195e+01,2.082338e+01,2.078886e+01,2.097514e+01,2.074051e+01,2.097514e+01,2.096825e+01,2.083719e+01,2.090619e+01,2.091308e+01,2.083028e+01,2.087169e+01,2.088549e+01,2.084409e+01,2.088549e+01,2.098893e+01,2.086479e+01,2.094067e+01,2.088549e+01,2.093377e+01,2.089929e+01,2.069905e+01,2.076814e+01,2.091308e+01,2.089239e+01,2.087859e+01,2.089929e+01,2.088549e+01,2.089239e+01,2.094757e+01,2.074742e+01,2.089929e+01,2.080267e+01,2.089929e+01,2.096135e+01,2.096135e+01,2.091998e+01,2.089929e+01,2.084409e+01,2.100960e+01,2.086479e+01,2.100271e+01,2.096825e+01,2.100271e+01,2.089929e+01,2.094067e+01,2.097514e+01,2.098203e+01,2.095446e+01,2.077505e+01,2.080267e+01,2.065757e+01,2.075432e+01,2.090619e+01,2.097514e+01,2.077505e+01,2.090619e+01,2.097514e+01,2.095446e+01,2.092688e+01,2.094067e+01,2.076814e+01,2.087859e+01
2.099582e+01,2.100960e+01,2.100960e+01,2.099582e+01,2.105782e+01,2.091308e+01,2.106471e+01,2.103027e+01,2.106471e+01,2.097514e+01,2.084409e+01,2.113355e+01,2.105782e+01,2.110602e+01,2.111979e+01,2.102338e+01,2.105782e+01,2.106471e+01,2.107160e+01,2.104405e+01,2.098203e+01,2.101649e+01,2.110602e+01,2.111979e+01,2.117484e+01,2.113355e+01,2.116796e+01,2.111291e+01,2.109914e+01,2.121611e+01,2.120235e+01,2.125048e+01,2.121611e+01,2.107160e+01,2.118172e+01,2.103716e+01,2.126423e+01,2.103716e+01,2.110602e+01,2.112667e+01,2.107848e+01,2.097514e+01,2.111979e+01,2.094757e+01,2.111291e+01,2.111979e+01,2.105782e+01,2.112667e+01,2.119548e+01,2.100271e+01,2.121611e+01,2.103716e+01,2.122298e+01,2.103027e+01,2.116796e+01,2.123674e+01,2.105094e+01,2.111291e+01,2.111979e+01,2.115420e+01,2.113355e+01,2.117484e+01,2.109914e+01,2.104405e+01,2.106471e+01,2.103716e+01,2.107160e+01,2.096825e+01,2.110602e+01,2.103716e+01,2.110602e+01,2.106471e+01,2.110602e+01,2.122298e+01,2.111291e+01,2.105782e+01,2.114044e+01,2.107848e+01,2.114732e+01,2.113355e+01,2.116108e+01,2.111291e+01,2.111291e+01,2.107160e+01,2.111979e+01,2.111291e+01,2.105782e+01,2.114732e+01,2.122986e+01,2.118860e+01,2.105782e+01,2.114732e+01,2.108537e+01,2.098203e+01,2.113355e+01,2.116108e+01,2.118860e+01,2.105782e+01,2.103716e+01,2.103027e+01,2.108537e+01,2.106471e+01,2.103027e+01,2.109225e+01,2.111979e+01,2.105094e+01,2.116108e+01,2.105094e+01,2.116108e+01,2.109225e+01,2.107160e+01,2.115420e+01,2.111291e+01,2.110602e+01,2.107160e+01,2.108537e+01,2.100271e+01,2.098893e+01,2.099582e+01,2.105094e+01,2.107160e+01,2.098893e+01,2.097514e+01,2.107160e+01,2.111979e+01,2.104405e+01,2.107160e+01,2.092688e+01,2.103716e+01,2.106471e+01,2.105094e+01,2.103716e+01,2.096135e+01,2.105094e+01,2.101649e+01,2.114044e+01,2.110602e+01,2.105782e+01,2.117484e+01,2.105782e+01,2.109914e+01,2.111979e+01,2.103027e+01,2.128485e+01,2.117484e+01,2.105094e+01,2.112667e+01,2.111291e+01,2.111979e+01,2.118172e+01,2.119548e+01,2.116796e+01,2.120235e+01,2.111979e+01,2.108537e+01,2.113355e+01,2.105782e+01,2.107848e+01,2.107848e+01,2.105094e+01,2.115420e+01,2.112667e+01,2.128485e+01,2.125048e+01,2.114044e+01,2.109914e+01,2.112667e+01,2.111291e+01,2.118172e+01,2.112667e+01,2.107848e+01,2.117484e+01,2.107160e+01,2.109914e+01,2.113355e+01,2.122298e+01,2.119548e+01,2.117484e+01,2.120923e+01,2.114044e+01,2.126423e+01,2.144964e+01,2.133981e+01,2.153880e+01,2.164841e+01,2.171686e+01,2.172371e+01,2.209934e+01,2.226282e+01,2.252793e+01,2.300880e+01,2.330568e+01,2.370915e+01,2.371586e+01,2.403080e+01,2.431810e+01,2.429140e+01,2.433811e+01,2.435812e+01,2.439813e+01,2.423800e+01,2.423132e+01,2.421797e+01,2.396387e+01,2.409100e+01,2.386340e+01,2.369573e+01,2.314385e+01,2.247360e+01,2.158677e+01,2.110602e+01,2.080957e+01,2.065757e+01,2.078195e+01,2.063682e+01,2.066448e+01,2.076123e+01,2.073360e+01,2.067831e+01,2.069905e+01,2.065757e+01,2.069213e+01,2.067139e+01,2.066448e+01,2.060915e+01,2.067831e+01,2.062990e+01,2.069213e+01,2.069905e+01,2.065757e+01,2.071287e+01,2.062299e+01,2.061607e+01,2.054687e+01,2.065757e+01,2.053995e+01,2.050533e+01,2.058840e+01,2.074742e+01,2.062299e+01,2.059531e+01,2.058840e+01,2.056071e+01,2.059531e+01,2.058148e+01,2.060915e+01,2.074051e+01,2.056763e+01,2.062990e+01,2.057456e+01,2.062299e+01,2.057456e+01,2.057456e+01,2.059531e+01,2.057456e+01,2.065757e+01,2.061607e+01,2.057456e+01,2.063682e+01,2.069905e+01,2.067139e+01,2.067831e+01,2.067139e+01,2.064374e+01,2.066448e+01,2.072669e+01,2.060915e+01,2.065757e+01,2.055379e+01,2.046377e+01,2.061607e+01,2.061607e+01,2.058148e+01,2.047070e+01,2.052610e+01,2.056763e+01,2.049840e+01,2.049840e+01,2.055379e+01,2.047762e+01,2.056071e+01,2.060223e+01,2.059531e+01,2.062990e+01,2.055379e+01,2.052610e+01,2.056071e+01,2.067139e+01,2.074051e+01,2.064374e+01,2.076814e+01,2.047762e+01,2.055379e+01,2.060915e+01,2.060915e+01,2.060223e+01,2.060915e+01,2.060915e+01,2.061607e+01,2.060223e+01,2.054687e+01,2.052610e+01,2.055379e+01,2.059531e+01,2.048455e+01,2.049148e+01,2.055379e+01,2.056763e+01,2.062990e+01,2.066448e+01,2.071978e+01,2.071978e+01,2.058840e+01,2.061607e+01,2.065757e+01,2.064374e+01,2.063682e+01,2.051918e+01,2.052610e+01,2.060915e+01,2.061607e+01,2.040140e+01,2.045684e+01,2.057456e+01,2.057456e+01,2.060223e+01,2.069213e+01,2.069905e+01,2.069905e+01,2.069213e+01,2.067139e+01,2.058148e+01,2.055379e+01,2.058840e+01,2.045684e+01,2.050533e+01,2.042912e+01,2.047070e+01,2.044991e+01,2.038060e+01,2.045684e+01,2.043605e+01,2.051225e+01,2.051918e+01,2.042219e+01,2.044991e+01,2.045684e+01,2.041526e+01,2.056763e+01,2.053303e+01,2.050533e+01,2.053995e+01,2.051225e+01,2.053303e+01,2.053995e+01,2.047070e+01,2.057456e+01,2.051225e+01,2.056071e+01,2.055379e+01,2.061607e+01,2.058148e+01,2.063682e+01,2.051225e+01,2.053303e+01,2.058148e+01,2.057456e+01,2.058840e+01,2.062990e+01,2.064374e+01,2.058840e+01,2.060223e+01,2.058840e+01,2.034592e+01,2.060223e+01,2.060915e+01,2.058148e+01,2.058840e+01,2.059531e+01,2.058840e+01,2.053995e+01,2.058840e+01,2.056071e+01,2.056071e+01,2.052610e+01,2.050533e+01,2.050533e+01,2.050533e+01,2.046377e+01,2.051225e+01,2.058148e+01,2.060915e+01,2.062990e+01,2.062299e+01,2.064374e+01,2.053995e+01,2.056071e+01,2.046377e+01,2.057456e+01,2.069905e+01,2.058148e+01,2.062299e+01,2.058840e+01,2.063682e+01,2.055379e+01,2.053995e+01,2.068522e+01,2.072669e+01,2.067139e+01,2.062990e+01,2.071978e+01,2.071287e+01,2.074742e+01,2.062299e+01,2.060223e+01,2.056763e+01,2.060223e+01,2.060223e+01,2.069905e+01,2.064374e+01,2.065065e+01,2.060915e+01,2.062299e+01,2.063682e+01,2.064374e+01,2.067831e+01,2.058148e+01,2.067139e+01,2.072669e+01,2.073360e+01,2.056071e+01,2.068522e+01,2.056763e+01,2.061607e+01,2.057456e+01,2.066448e+01,2.065757e+01,2.064374e+01,2.065757e+01,2.065065e+01,2.079576e+01,2.070596e+01,2.079576e+01,2.073360e+01,2.062299e+01,2.083028e+01,2.058840e+01,2.062990e+01,2.069905e+01,2.051918e+01,2.059531e+01,2.062299e+01,2.056763e+01,2.060915e+01,2.060915e+01,2.062990e+01,2.044991e+01,2.055379e+01,2.043605e+01,2.044991e+01,2.044298e+01,2.046377e+01,2.059531e+01,2.035980e+01,2.036673e+01,2.040140e+01,2.038753e+01,2.029042e+01,2.031818e+01,2.033205e+01,2.029736e+01,2.032512e+01,2.020711e+01,2.015848e+01,2.012372e+01,2.011677e+01,2.010287e+01,2.007505e+01,2.006810e+01,2.005419e+01,2.013068e+01,2.008896e+01,1.995675e+01,2.013068e+01,2.006114e+01,1.996371e+01,1.997764e+01,2.010287e+01,1.999156e+01,2.010982e+01,2.010982e+01,2.010982e+01,2.008201e+01,2.008201e+01,2.009591e+01,2.013763e+01,2.022100e+01,2.030430e+01,2.024877e+01,2.058148e+01,2.070596e+01,2.085789e+01,2.122986e+01,2.102338e+01,2.139474e+01,2.138788e+01,2.143592e+01,2.128485e+01,2.116796e+01,2.112667e+01,2.116796e+01,2.096135e+01,2.100960e+01,2.096825e+01,2.097514e+01,2.117484e+01,2.114732e+01,2.115420e+01,2.131920e+01,2.123674e+01,2.111979e+01,2.122986e+01,2.113355e+01,2.113355e+01,2.109914e+01,2.113355e+01,2.101649e+01,2.112667e+01,2.107160e+01,2.113355e+01,2.114044e+01,2.111979e+01,2.111979e+01,2.109225e+01,2.111979e+01,2.114732e+01,2.105094e+01,2.106471e+01,2.105094e+01,2.107160e+01,2.100960e+01,2.107848e+01,2.103027e+01,2.099582e+01,2.100271e+01,2.096135e+01,2.101649e+01,2.099582e+01,2.086479e+01,2.099582e+01,2.094757e+01,2.093377e+01,2.098203e+01,2.094067e+01,2.109914e+01,2.101649e+01,2.091308e+01,2.090619e+01,2.085099e+01,2.095446e+01,2.095446e+01,2.086479e+01,2.092688e+01,2.088549e+01,2.089929e+01,2.089239e+01,2.085789e+01,2.103716e+01,2.082338e+01,2.080957e+01,2.082338e+01,2.086479e+01,2.093377e+01,2.089929e+01,2.087859e+01,2.085099e+01,2.094067e+01,2.083028e+01,2.085099e+01,2.100271e+01,2.094067e+01,2.083028e+01,2.083719e+01,2.083719e+01,2.087859e+01,2.092688e+01,2.093377e+01,2.087169e+01,2.089929e+01,2.094757e+01,2.090619e+01,2.091998e+01,2.087859e+01,2.089239e+01,2.091308e+01,2.078886e+01,2.090619e+01,2.076814e+01,2.089929e+01,2.089929e+01,2.086479e+01,2.085789e+01,2.062299e+01,2.082338e+01,2.091308e+01,2.091308e+01,2.084409e+01,2.074742e+01,2.074742e+01,2.081648e+01,2.094757e+01,2.087169e+01,2.069905e+01,2.087169e+01,2.099582e+01,2.089929e+01,2.084409e+01,2.093377e+01,2.090619e+01,2.104405e+01,2.096135e+01,2.103716e+01,2.089929e+01,2.096135e+01,2.103716e+01,2.083028e+01,2.078886e+01,2.094757e+01,2.092688e+01,2.075432e+01,2.075432e+01,2.093377e+01,2.096135e+01,2.092688e+01,2.096135e+01,2.074742e+01,2.097514e+01,2.098203e+01,2.074742e+01,2.074051e+01
2.100960e+01,2.115420e+01,2.103027e+01,2.089239e+01,2.103027e+01,2.101649e+01,2.097514e+01,2.107848e+01,2.107848e+01,2.096825e+01,2.112667e+01,2.109225e+01,2.107848e+01,2.107848e+01,2.110602e+01,2.111291e+01,2.118172e+01,2.107848e+01,2.102338e+01,2.100960e+01,2.097514e+01,2.106471e+01,2.111291e+01,2.109914e+01,2.114732e+01,2.120235e+01,2.113355e+01,2.117484e+01,2.131233e+01,2.111979e+01,2.109914e+01,2.112667e+01,2.127798e+01,2.105782e+01,2.120923e+01,2.116108e+01,2.108537e+01,2.114044e+01,2.108537e+01,2.105094e+01,2.109225e+01,2.111291e+01,2.117484e+01,2.111291e+01,2.096825e+01,2.105782e+01,2.101649e+01,2.100960e+01,2.106471e+01,2.100960e+01,2.105094e+01,2.102338e+01,2.108537e+01,2.116796e+01,2.109914e+01,2.110602e+01,2.105094e+01,2.117484e+01,2.109225e+01,2.110602e+01,2.108537e+01,2.112667e+01,2.105782e+01,2.104405e+01,2.107848e+01,2.112667e+01,2.105094e+01,2.106471e+01,2.116108e+01,2.106471e+01,2.103716e+01,2.107848e+01,2.109225e+01,2.105094e+01,2.112667e+01,2.120235e+01,2.105782e+01,2.109225e+01,2.104405e+01,2.115420e+01,2.116796e+01,2.114732e+01,2.120235e+01,2.120235e+01,2.107848e+01,2.116796e+01,2.114044e+01,2.115420e+01,2.115420e+01,2.105782e+01,2.108537e+01,2.118172e+01,2.114732e+01,2.105094e+01,2.098893e+01,2.114044e+01,2.104405e+01,2.105782e+01,2.102338e+01,2.103716e+01,2.110602e+01,2.100271e+01,2.109914e+01,2.107848e+01,2.100960e+01,2.110602e+01,2.107848e+01,2.107160e+01,2.104405e+01,2.109914e+01,2.107848e+01,2.106471e+01,2.108537e+01,2.102338e+01,2.107848e+01,2.104405e+01,2.107160e+01,2.111291e+01,2.113355e+01,2.098893e+01,2.104405e+01,2.112667e+01,2.097514e+01,2.114732e+01,2.099582e+01,2.104405e+01,2.105782e+01,2.111291e+01,2.122986e+01,2.109225e+01,2.109225e+01,2.107160e+01,2.106471e+01,2.109914e+01,2.100271e+01,2.099582e+01,2.122986e+01,2.124361e+01,2.103716e+01,2.103716e+01,2.114732e+01,2.109914e+01,2.109914e+01,2.108537e+01,2.114044e+01,2.115420e+01,2.114044e+01,2.119548e+01,2.114732e+01,2.109914e+01,2.120235e+01,2.117484e+01,2.113355e+01,2.113355e+01,2.113355e+01,2.113355e+01,2.108537e+01,2.120923e+01,2.114044e+01,2.111291e+01,2.107160e+01,2.116108e+01,2.114044e+01,2.107848e+01,2.112667e+01,2.112667e+01,2.115420e+01,2.105782e+01,2.114732e+01,2.111979e+01,2.119548e+01,2.113355e+01,2.110602e+01,2.115420e+01,2.110602e+01,2.116796e+01,2.120923e+01,2.113355e+01,2.122298e+01,2.123674e+01,2.131920e+01,2.129172e+01,2.138101e+01,2.138788e+01,2.162787e+01,2.167580e+01,2.184679e+01,2.207889e+01,2.225602e+01,2.255508e+01,2.298177e+01,2.333263e+01,2.370244e+01,2.403749e+01,2.413111e+01,2.417121e+01,2.433144e+01,2.433144e+01,2.441813e+01,2.449809e+01,2.440480e+01,2.437813e+01,2.435812e+01,2.416452e+01,2.413779e+01,2.412442e+01,2.387680e+01,2.384999e+01,2.347398e+01,2.263649e+01,2.193560e+01,2.140847e+01,2.090619e+01,2.088549e+01,2.078886e+01,2.062990e+01,2.081648e+01,2.067831e+01,2.073360e+01,2.068522e+01,2.086479e+01,2.063682e+01,2.065757e+01,2.062990e+01,2.059531e+01,2.065065e+01,2.062299e+01,2.059531e+01,2.062299e+01,2.060915e+01,2.062299e+01,2.074742e+01,2.059531e+01,2.066448e+01,2.065065e+01,2.063682e+01,2.065757e+01,2.058148e+01,2.062990e+01,2.058148e+01,2.063682e+01,2.056763e+01,2.060223e+01,2.058840e+01,2.058840e+01,2.056763e+01,2.056071e+01,2.063682e+01,2.067139e+01,2.051918e+01,2.055379e+01,2.057456e+01,2.056763e+01,2.071978e+01,2.056071e+01,2.059531e+01,2.060915e+01,2.049840e+01,2.061607e+01,2.067831e+01,2.059531e+01,2.066448e+01,2.068522e+01,2.057456e+01,2.073360e+01,2.067831e+01,2.060915e+01,2.069905e+01,2.054687e+01,2.061607e+01,2.055379e+01,2.047762e+01,2.058148e+01,2.054687e+01,2.057456e+01,2.053995e+01,2.053303e+01,2.052610e+01,2.055379e+01,2.053303e+01,2.060223e+01,2.053303e+01,2.060915e+01,2.053303e+01,2.056071e+01,2.055379e+01,2.055379e+01,2.056763e+01,2.067139e+01,2.079576e+01,2.075432e+01,2.065757e+01,2.064374e+01,2.060223e+01,2.060915e+01,2.056763e+01,2.060223e+01,2.060915e+01,2.060223e+01,2.060223e+01,2.057456e+01,2.053303e+01,2.057456e+01,2.050533e+01,2.056071e+01,2.051225e+01,2.055379e+01,2.050533e+01,2.053303e+01,2.054687e+01,2.064374e+01,2.072669e+01,2.065757e+01,2.076814e+01,2.066448e+01,2.066448e+01,2.074051e+01,2.080267e+01,2.071287e+01,2.057456e+01,2.059531e+01,2.060223e+01,2.062299e+01,2.067831e+01,2.066448e+01,2.061607e+01,2.059531e+01,2.062299e+01,2.068522e+01,2.068522e+01,2.064374e+01,2.062990e+01,2.053303e+01,2.058840e+01,2.047070e+01,2.051918e+01,2.047762e+01,2.052610e+01,2.035980e+01,2.043605e+01,2.049148e+01,2.048455e+01,2.042219e+01,2.056763e+01,2.043605e+01,2.047762e+01,2.053995e+01,2.044991e+01,2.055379e+01,2.044298e+01,2.063682e+01,2.053303e+01,2.053303e+01,2.047070e+01,2.050533e+01,2.060223e+01,2.058840e+01,2.051225e+01,2.057456e+01,2.051225e+01,2.053303e+01,2.053995e+01,2.053995e+01,2.048455e+01,2.048455e+01,2.056071e+01,2.060223e+01,2.053303e+01,2.058148e+01,2.053303e+01,2.053303e+01,2.060915e+01,2.058840e+01,2.048455e+01,2.059531e+01,2.058840e+01,2.057456e+01,2.059531e+01,2.058148e+01,2.065757e+01,2.060223e+01,2.058148e+01,2.053995e+01,2.051918e+01,2.058148e+01,2.052610e+01,2.046377e+01,2.049148e+01,2.053303e+01,2.053995e+01,2.053303e+01,2.053303e+01,2.059531e+01,2.061607e+01,2.055379e+01,2.050533e+01,2.066448e+01,2.068522e+01,2.051918e+01,2.055379e+01,2.073360e+01,2.059531e+01,2.058148e+01,2.059531e+01,2.058840e+01,2.058840e+01,2.065757e+01,2.056071e+01,2.069213e+01,2.054687e+01,2.064374e+01,2.054687e+01,2.073360e+01,2.069905e+01,2.061607e+01,2.066448e+01,2.057456e+01,2.071287e+01,2.070596e+01,2.067139e+01,2.063682e+01,2.062299e+01,2.062299e+01,2.068522e+01,2.065757e+01,2.067831e+01,2.058840e+01,2.062990e+01,2.061607e+01,2.070596e+01,2.077505e+01,2.071287e+01,2.065065e+01,2.053995e+01,2.066448e+01,2.060915e+01,2.060915e+01,2.066448e+01,2.073360e+01,2.067139e+01,2.077505e+01,2.074742e+01,2.081648e+01,2.080957e+01,2.076814e+01,2.074742e+01,2.071287e+01,2.068522e+01,2.069213e+01,2.063682e+01,2.063682e+01,2.061607e+01,2.072669e+01,2.056071e+01,2.058148e+01,2.058148e+01,2.053303e+01,2.059531e+01,2.054687e+01,2.044298e+01,2.034592e+01,2.033899e+01,2.042219e+01,2.044991e+01,2.034592e+01,2.035286e+01,2.038753e+01,2.040140e+01,2.026266e+01,2.034592e+01,2.038753e+01,2.034592e+01,2.027654e+01,2.028348e+01,2.013068e+01,2.010287e+01,2.022794e+01,2.006114e+01,2.006810e+01,1.995675e+01,2.018627e+01,2.008896e+01,2.008201e+01,2.010287e+01,2.013763e+01,2.008201e+01,2.009591e+01,2.017932e+01,2.010982e+01,2.002636e+01,2.008896e+01,2.008201e+01,2.011677e+01,2.013763e+01,2.029736e+01,2.032512e+01,2.031124e+01,2.047762e+01,2.047762e+01,2.064374e+01,2.085789e+01,2.099582e+01,2.124361e+01,2.122298e+01,2.138788e+01,2.136728e+01,2.140161e+01,2.129859e+01,2.120923e+01,2.109225e+01,2.113355e+01,2.100271e+01,2.112667e+01,2.114732e+01,2.098893e+01,2.113355e+01,2.118860e+01,2.127798e+01,2.122986e+01,2.125736e+01,2.121611e+01,2.116108e+01,2.115420e+01,2.113355e+01,2.115420e+01,2.109914e+01,2.106471e+01,2.111979e+01,2.109914e+01,2.111979e+01,2.113355e+01,2.109914e+01,2.114044e+01,2.105094e+01,2.108537e+01,2.114044e+01,2.111979e+01,2.114732e+01,2.114044e+01,2.108537e+01,2.102338e+01,2.101649e+01,2.111291e+01,2.096135e+01,2.103716e+01,2.105094e+01,2.097514e+01,2.100271e+01,2.091308e+01,2.100960e+01,2.091998e+01,2.094757e+01,2.098893e+01,2.103027e+01,2.105094e+01,2.103716e+01,2.084409e+01,2.093377e+01,2.095446e+01,2.097514e+01,2.094067e+01,2.089929e+01,2.091998e+01,2.089929e+01,2.089929e+01,2.092688e+01,2.080267e+01,2.094067e+01,2.094067e+01,2.080957e+01,2.092688e+01,2.080267e+01,2.088549e+01,2.086479e+01,2.087859e+01,2.091998e+01,2.085789e+01,2.093377e+01,2.082338e+01,2.085789e+01,2.102338e+01,2.098203e+01,2.092688e+01,2.086479e+01,2.098893e+01,2.077505e+01,2.094067e+01,2.074742e+01,2.089239e+01,2.100271e+01,2.100271e+01,2.089929e+01,2.093377e+01,2.090619e+01,2.087859e+01,2.089239e+01,2.088549e+01,2.087859e+01,2.085789e+01,2.076814e+01,2.089929e+01,2.088549e+01,2.085789e+01,2.089239e+01,2.089239e+01,2.106471e+01,2.071978e+01,2.085099e+01,2.096135e+01,2.090619e+01,2.089239e+01,2.103027e+01,2.083028e+01,2.091998e+01,2.088549e+01,2.091998e+01,2.088549e+01,2.075432e+01,2.095446e+01,2.089929e+01,2.098203e+01,2.097514e+01,2.097514e+01,2.096825e+01,2.095446e+01,2.099582e+01,2.078195e+01,2.092688e+01,2.089239e+01,2.084409e+01,2.089929e+01,2.094067e+01,2.096135e+01,2.078195e+01,2.099582e+01,2.080267e+01,2.076814e+01,2.094757e+01,2.092688e+01,2.079576e+01
2.099582e+01,2.098203e+01,2.096135e+01,2.102338e+01,2.102338e+01,2.091998e+01,2.094757e+01,2.096135e+01,2.111291e+01,2.103027e+01,2.103027e+01,2.107848e+01,2.108537e+01,2.111291e+01,2.122298e+01,2.100960e+01,2.122986e+01,2.116796e+01,2.107848e+01,2.114732e+01,2.104405e+01,2.113355e+01,2.107160e+01,2.111291e+01,2.120923e+01,2.112667e+01,2.114044e+01,2.129859e+01,2.117484e+01,2.112667e+01,2.114044e+01,2.108537e+01,2.114732e+01,2.107160e+01,2.116796e+01,2.105094e+01,2.110602e+01,2.114732e+01,2.115420e+01,2.109225e+01,2.114044e+01,2.107160e+01,2.110602e+01,2.111979e+01,2.095446e+01,2.109225e+01,2.099582e+01,2.110602e+01,2.110602e+01,2.109225e+01,2.110602e+01,2.112667e+01,2.107848e+01,2.109225e+01,2.111979e+01,2.111979e+01,2.110602e+01,2.108537e+01,2.108537e+01,2.114044e+01,2.107848e+01,2.109914e+01,2.116108e+01,2.105782e+01,2.107160e+01,2.113355e+01,2.111291e+01,2.114732e+01,2.109914e+01,2.106471e+01,2.114044e+01,2.113355e+01,2.106471e+01,2.108537e+01,2.111291e+01,2.107848e+01,2.105782e+01,2.112667e+01,2.105782e+01,2.107160e+01,2.109225e+01,2.116108e+01,2.118860e+01,2.120923e+01,2.115420e+01,2.115420e+01,2.115420e+01,2.118172e+01,2.112667e+01,2.106471e+01,2.107848e+01,2.109225e+01,2.113355e+01,2.111979e+01,2.103027e+01,2.107160e+01,2.107848e+01,2.102338e+01,2.105782e+01,2.107848e+01,2.108537e+01,2.116108e+01,2.104405e+01,2.104405e+01,2.107848e+01,2.109225e+01,2.109225e+01,2.114044e+01,2.106471e+01,2.100271e+01,2.103027e+01,2.109225e+01,2.109914e+01,2.104405e+01,2.109225e+01,2.098203e+01,2.103027e+01,2.107848e+01,2.096135e+01,2.107848e+01,2.095446e+01,2.107848e+01,2.102338e+01,2.101649e+01,2.101649e+01,2.112667e+01,2.114732e+01,2.105094e+01,2.110602e+01,2.104405e+01,2.109225e+01,2.109225e+01,2.100271e+01,2.104405e+01,2.103716e+01,2.103716e+01,2.109914e+01,2.107848e+01,2.107160e+01,2.108537e+01,2.104405e+01,2.113355e+01,2.107848e+01,2.113355e+01,2.109225e+01,2.105782e+01,2.103716e+01,2.117484e+01,2.114732e+01,2.111291e+01,2.112667e+01,2.111291e+01,2.109225e+01,2.114044e+01,2.107160e+01,2.115420e+01,2.109225e+01,2.107848e+01,2.107848e+01,2.115420e+01,2.117484e+01,2.111979e+01,2.111291e+01,2.109914e+01,2.109225e+01,2.118172e+01,2.116108e+01,2.122986e+01,2.116108e+01,2.108537e+01,2.114044e+01,2.116108e+01,2.114044e+01,2.118172e+01,2.113355e+01,2.115420e+01,2.118172e+01,2.119548e+01,2.125048e+01,2.130546e+01,2.131920e+01,2.131920e+01,2.142906e+01,2.157306e+01,2.166895e+01,2.168264e+01,2.192877e+01,2.202432e+01,2.218793e+01,2.263649e+01,2.278557e+01,2.313035e+01,2.345380e+01,2.405087e+01,2.401742e+01,2.421797e+01,2.432477e+01,2.431143e+01,2.449143e+01,2.438480e+01,2.441813e+01,2.424468e+01,2.443146e+01,2.441813e+01,2.431810e+01,2.438480e+01,2.411774e+01,2.411774e+01,2.400403e+01,2.360171e+01,2.293444e+01,2.217430e+01,2.130546e+01,2.111291e+01,2.089929e+01,2.076123e+01,2.086479e+01,2.074051e+01,2.069905e+01,2.055379e+01,2.072669e+01,2.065757e+01,2.067139e+01,2.065065e+01,2.064374e+01,2.062990e+01,2.069905e+01,2.065065e+01,2.065065e+01,2.052610e+01,2.063682e+01,2.056763e+01,2.060223e+01,2.065065e+01,2.067139e+01,2.062990e+01,2.064374e+01,2.065757e+01,2.067139e+01,2.068522e+01,2.066448e+01,2.060915e+01,2.057456e+01,2.063682e+01,2.057456e+01,2.056071e+01,2.056763e+01,2.056763e+01,2.055379e+01,2.061607e+01,2.061607e+01,2.056071e+01,2.060915e+01,2.057456e+01,2.058840e+01,2.057456e+01,2.056071e+01,2.066448e+01,2.065757e+01,2.065757e+01,2.068522e+01,2.068522e+01,2.067831e+01,2.093377e+01,2.064374e+01,2.068522e+01,2.066448e+01,2.066448e+01,2.063682e+01,2.061607e+01,2.065065e+01,2.065757e+01,2.056071e+01,2.053303e+01,2.056071e+01,2.059531e+01,2.051225e+01,2.057456e+01,2.051918e+01,2.058148e+01,2.063682e+01,2.060915e+01,2.060223e+01,2.053303e+01,2.049840e+01,2.058840e+01,2.051918e+01,2.071978e+01,2.069905e+01,2.060915e+01,2.066448e+01,2.064374e+01,2.049148e+01,2.062299e+01,2.057456e+01,2.062299e+01,2.056071e+01,2.058840e+01,2.068522e+01,2.060223e+01,2.058840e+01,2.058840e+01,2.057456e+01,2.056763e+01,2.060223e+01,2.056763e+01,2.055379e+01,2.058840e+01,2.064374e+01,2.062990e+01,2.075432e+01,2.067139e+01,2.074051e+01,2.073360e+01,2.074051e+01,2.071978e+01,2.073360e+01,2.067139e+01,2.061607e+01,2.058840e+01,2.057456e+01,2.053995e+01,2.060915e+01,2.060223e+01,2.058840e+01,2.062299e+01,2.061607e+01,2.062299e+01,2.069905e+01,2.066448e+01,2.068522e+01,2.063682e+01,2.055379e+01,2.058148e+01,2.065065e+01,2.054687e+01,2.046377e+01,2.050533e+01,2.048455e+01,2.051225e+01,2.047762e+01,2.042219e+01,2.046377e+01,2.056071e+01,2.043605e+01,2.045684e+01,2.049840e+01,2.054687e+01,2.053303e+01,2.053303e+01,2.056763e+01,2.039447e+01,2.051918e+01,2.054687e+01,2.035286e+01,2.047762e+01,2.048455e+01,2.062299e+01,2.064374e+01,2.055379e+01,2.051918e+01,2.049148e+01,2.053995e+01,2.049840e+01,2.050533e+01,2.058840e+01,2.051225e+01,2.059531e+01,2.053303e+01,2.060223e+01,2.056763e+01,2.057456e+01,2.059531e+01,2.058840e+01,2.051225e+01,2.051918e+01,2.062299e+01,2.056071e+01,2.064374e+01,2.049840e+01,2.067139e+01,2.063682e+01,2.053303e+01,2.059531e+01,2.056763e+01,2.066448e+01,2.056763e+01,2.071287e+01,2.047762e+01,2.047762e+01,2.067139e+01,2.058148e+01,2.065065e+01,2.067831e+01,2.045684e+01,2.054687e+01,2.060915e+01,2.056071e+01,2.059531e+01,2.054687e+01,2.062299e+01,2.066448e+01,2.060223e+01,2.062990e+01,2.069905e+01,2.062990e+01,2.071978e+01,2.069213e+01,2.071287e+01,2.069905e+01,2.073360e+01,2.069213e+01,2.065065e+01,2.067831e+01,2.065065e+01,2.065757e+01,2.069905e+01,2.076123e+01,2.066448e+01,2.076123e+01,2.053995e+01,2.060223e+01,2.062990e+01,2.065065e+01,2.067139e+01,2.067831e+01,2.066448e+01,2.060915e+01,2.059531e+01,2.066448e+01,2.056763e+01,2.058148e+01,2.056071e+01,2.065065e+01,2.060915e+01,2.053303e+01,2.067139e+01,2.067831e+01,2.071978e+01,2.065757e+01,2.063682e+01,2.076123e+01,2.079576e+01,2.073360e+01,2.072669e+01,2.069213e+01,2.078195e+01,2.070596e+01,2.066448e+01,2.069905e+01,2.056763e+01,2.060915e+01,2.060915e+01,2.052610e+01,2.054687e+01,2.045684e+01,2.054687e+01,2.034592e+01,2.050533e+01,2.036673e+01,2.039447e+01,2.041526e+01,2.035286e+01,2.036673e+01,2.039447e+01,2.050533e+01,2.029042e+01,2.040833e+01,2.037366e+01,2.033205e+01,2.038060e+01,2.033899e+01,2.035286e+01,2.031124e+01,2.032512e+01,2.014458e+01,2.016542e+01,2.006114e+01,2.016542e+01,2.017237e+01,2.006114e+01,2.010287e+01,2.010287e+01,2.016542e+01,1.995675e+01,2.007505e+01,1.998460e+01,2.012372e+01,2.006114e+01,2.008201e+01,2.013068e+01,2.010982e+01,2.020016e+01,2.035286e+01,2.033205e+01,2.035286e+01,2.047762e+01,2.045684e+01,2.080267e+01,2.085789e+01,2.101649e+01,2.125048e+01,2.129172e+01,2.123674e+01,2.170318e+01,2.138101e+01,2.132607e+01,2.130546e+01,2.121611e+01,2.114044e+01,2.111979e+01,2.101649e+01,2.100960e+01,2.109225e+01,2.100960e+01,2.099582e+01,2.116796e+01,2.122986e+01,2.121611e+01,2.120923e+01,2.120923e+01,2.120235e+01,2.111979e+01,2.127798e+01,2.105094e+01,2.108537e+01,2.109914e+01,2.116108e+01,2.114732e+01,2.113355e+01,2.113355e+01,2.111979e+01,2.105782e+01,2.110602e+01,2.111979e+01,2.105782e+01,2.095446e+01,2.107160e+01,2.102338e+01,2.103027e+01,2.104405e+01,2.102338e+01,2.111979e+01,2.096825e+01,2.109225e+01,2.096135e+01,2.095446e+01,2.073360e+01,2.104405e+01,2.089929e+01,2.089929e+01,2.094757e+01,2.103716e+01,2.086479e+01,2.109914e+01,2.102338e+01,2.095446e+01,2.094067e+01,2.090619e+01,2.091998e+01,2.087859e+01,2.089929e+01,2.093377e+01,2.088549e+01,2.077505e+01,2.078195e+01,2.083028e+01,2.085789e+01,2.093377e+01,2.080957e+01,2.102338e+01,2.084409e+01,2.086479e+01,2.090619e+01,2.085789e+01,2.085099e+01,2.094067e+01,2.084409e+01,2.085099e+01,2.077505e+01,2.083719e+01,2.083028e+01,2.089239e+01,2.089929e+01,2.091998e+01,2.084409e+01,2.078195e+01,2.091308e+01,2.089929e+01,2.097514e+01,2.094757e+01,2.087169e+01,2.091308e+01,2.089239e+01,2.087169e+01,2.085099e+01,2.079576e+01,2.076123e+01,2.083028e+01,2.080957e+01,2.091998e+01,2.074051e+01,2.073360e+01,2.075432e+01,2.089239e+01,2.085789e+01,2.094067e+01,2.082338e+01,2.080267e+01,2.079576e+01,2.069905e+01,2.097514e+01,2.099582e+01,2.077505e+01,2.090619e+01,2.103027e+01,2.086479e+01,2.100271e+01,2.092688e+01,2.096825e+01,2.085099e+01,2.090619e+01,2.092688e+01,2.093377e+01,2.092688e+01,2.095446e+01,2.090619e+01,2.089239e+01,2.085789e+01,2.082338e+01,2.091998e+01,2.088549e+01,2.077505e+01,2.100960e+01,2.098203e+01,2.125736e+01,2.089929e+01,2.083719e+01,2.074742e+01,2.076814e+01
2.100271e+01,2.098893e+01,2.105094e+01,2.105094e+01,2.102338e+01,2.100271e+01,2.096825e+01,2.105782e+01,2.114732e+01,2.114044e+01,2.094067e+01,2.113355e+01,2.114732e+01,2.111291e+01,2.105782e+01,2.108537e+01,2.125736e+01,2.106471e+01,2.114732e+01,2.116796e+01,2.124361e+01,2.103027e+01,2.117484e+01,2.122298e+01,2.122298e+01,2.111979e+01,2.111979e+01,2.115420e+01,2.114732e+01,2.132607e+01,2.120235e+01,2.115420e+01,2.119548e+01,2.109225e+01,2.124361e+01,2.107160e+01,2.115420e+01,2.116108e+01,2.109914e+01,2.112667e+01,2.110602e+01,2.111291e+01,2.111291e+01,2.103027e+01,2.095446e+01,2.104405e+01,2.097514e+01,2.097514e+01,2.099582e+01,2.098203e+01,2.109914e+01,2.111291e+01,2.135355e+01,2.105782e+01,2.113355e+01,2.112667e+01,2.109225e+01,2.103027e+01,2.110602e+01,2.115420e+01,2.111979e+01,2.121611e+01,2.113355e+01,2.122986e+01,2.120235e+01,2.103716e+01,2.113355e+01,2.114044e+01,2.118860e+01,2.109225e+01,2.105782e+01,2.105782e+01,2.113355e+01,2.105782e+01,2.118860e+01,2.107160e+01,2.107160e+01,2.110602e+01,2.115420e+01,2.120235e+01,2.113355e+01,2.112667e+01,2.104405e+01,2.118172e+01,2.111291e+01,2.111291e+01,2.116108e+01,2.109225e+01,2.102338e+01,2.110602e+01,2.105782e+01,2.114044e+01,2.103716e+01,2.112667e+01,2.111291e+01,2.108537e+01,2.109914e+01,2.104405e+01,2.111291e+01,2.104405e+01,2.107160e+01,2.106471e+01,2.111979e+01,2.111979e+01,2.109225e+01,2.110602e+01,2.117484e+01,2.107848e+01,2.118860e+01,2.109914e+01,2.107160e+01,2.109225e+01,2.109914e+01,2.100271e+01,2.104405e+01,2.114732e+01,2.106471e+01,2.109914e+01,2.096825e+01,2.114044e+01,2.100960e+01,2.092688e+01,2.104405e+01,2.103716e+01,2.098893e+01,2.101649e+01,2.109225e+01,2.103027e+01,2.109914e+01,2.099582e+01,2.108537e+01,2.111979e+01,2.110602e+01,2.103716e+01,2.105782e+01,2.106471e+01,2.112667e+01,2.110602e+01,2.109914e+01,2.105782e+01,2.108537e+01,2.109225e+01,2.115420e+01,2.114044e+01,2.114732e+01,2.107160e+01,2.113355e+01,2.117484e+01,2.112667e+01,2.109914e+01,2.111291e+01,2.111979e+01,2.112667e+01,2.114732e+01,2.120923e+01,2.117484e+01,2.112667e+01,2.112667e+01,2.105094e+01,2.099582e+01,2.109225e+01,2.111979e+01,2.108537e+01,2.121611e+01,2.123674e+01,2.115420e+01,2.118860e+01,2.122298e+01,2.118860e+01,2.120235e+01,2.106471e+01,2.117484e+01,2.110602e+01,2.118172e+01,2.112667e+01,2.117484e+01,2.120923e+01,2.118172e+01,2.119548e+01,2.129859e+01,2.127110e+01,2.134668e+01,2.133981e+01,2.153194e+01,2.166895e+01,2.157991e+01,2.191511e+01,2.201068e+01,2.220836e+01,2.231046e+01,2.259579e+01,2.313035e+01,2.335283e+01,2.380307e+01,2.400403e+01,2.414448e+01,2.432477e+01,2.439813e+01,2.445812e+01,2.450475e+01,2.441813e+01,2.445812e+01,2.445812e+01,2.444479e+01,2.444479e+01,2.429140e+01,2.444479e+01,2.435145e+01,2.410437e+01,2.408431e+01,2.380977e+01,2.343362e+01,2.248039e+01,2.170318e+01,2.111979e+01,2.085099e+01,2.076814e+01,2.074051e+01,2.061607e+01,2.068522e+01,2.066448e+01,2.069905e+01,2.066448e+01,2.065065e+01,2.062990e+01,2.062299e+01,2.058840e+01,2.066448e+01,2.074742e+01,2.063682e+01,2.067139e+01,2.062990e+01,2.063682e+01,2.065065e+01,2.056763e+01,2.061607e+01,2.068522e+01,2.058148e+01,2.062990e+01,2.068522e+01,2.080267e+01,2.079576e+01,2.062990e+01,2.058840e+01,2.054687e+01,2.057456e+01,2.058148e+01,2.066448e+01,2.049148e+01,2.057456e+01,2.055379e+01,2.060223e+01,2.051225e+01,2.066448e+01,2.051225e+01,2.055379e+01,2.055379e+01,2.062990e+01,2.069905e+01,2.065757e+01,2.061607e+01,2.053995e+01,2.058840e+01,2.070596e+01,2.067831e+01,2.054687e+01,2.067139e+01,2.068522e+01,2.062299e+01,2.061607e+01,2.056763e+01,2.047762e+01,2.060223e+01,2.060223e+01,2.075432e+01,2.048455e+01,2.056763e+01,2.051918e+01,2.055379e+01,2.060915e+01,2.059531e+01,2.049148e+01,2.056763e+01,2.065065e+01,2.058840e+01,2.062299e+01,2.056071e+01,2.073360e+01,2.074742e+01,2.073360e+01,2.069213e+01,2.059531e+01,2.068522e+01,2.061607e+01,2.061607e+01,2.067831e+01,2.058148e+01,2.056071e+01,2.058148e+01,2.061607e+01,2.055379e+01,2.057456e+01,2.058840e+01,2.060915e+01,2.058840e+01,2.051918e+01,2.058148e+01,2.057456e+01,2.062990e+01,2.053303e+01,2.067139e+01,2.053995e+01,2.058148e+01,2.070596e+01,2.077505e+01,2.047070e+01,2.063682e+01,2.059531e+01,2.056763e+01,2.058840e+01,2.056763e+01,2.060223e+01,2.060915e+01,2.053303e+01,2.061607e+01,2.059531e+01,2.069905e+01,2.059531e+01,2.067831e+01,2.062990e+01,2.062299e+01,2.066448e+01,2.050533e+01,2.056071e+01,2.050533e+01,2.063682e+01,2.049148e+01,2.048455e+01,2.057456e+01,2.053995e+01,2.045684e+01,2.044298e+01,2.056763e+01,2.052610e+01,2.059531e+01,2.050533e+01,2.053303e+01,2.047070e+01,2.050533e+01,2.053303e+01,2.055379e+01,2.054687e+01,2.057456e+01,2.053995e+01,2.049840e+01,2.055379e+01,2.074051e+01,2.065757e+01,2.053995e+01,2.043605e+01,2.053995e+01,2.062990e+01,2.053303e+01,2.050533e+01,2.060915e+01,2.058148e+01,2.055379e+01,2.053303e+01,2.050533e+01,2.059531e+01,2.056071e+01,2.060223e+01,2.051918e+01,2.057456e+01,2.058148e+01,2.056763e+01,2.056071e+01,2.049840e+01,2.063682e+01,2.054687e+01,2.060915e+01,2.053995e+01,2.067139e+01,2.059531e+01,2.066448e+01,2.064374e+01,2.053303e+01,2.056071e+01,2.055379e+01,2.056071e+01,2.062299e+01,2.064374e+01,2.065757e+01,2.068522e+01,2.065757e+01,2.059531e+01,2.058148e+01,2.056763e+01,2.053995e+01,2.066448e+01,2.065065e+01,2.055379e+01,2.062299e+01,2.060915e+01,2.077505e+01,2.072669e+01,2.067831e+01,2.067139e+01,2.066448e+01,2.069905e+01,2.070596e+01,2.058840e+01,2.062990e+01,2.064374e+01,2.069905e+01,2.065065e+01,2.065757e+01,2.078886e+01,2.064374e+01,2.073360e+01,2.057456e+01,2.074051e+01,2.067831e+01,2.069213e+01,2.062299e+01,2.066448e+01,2.065065e+01,2.076123e+01,2.061607e+01,2.062299e+01,2.058148e+01,2.075432e+01,2.057456e+01,2.060223e+01,2.049148e+01,2.061607e+01,2.060915e+01,2.069905e+01,2.069905e+01,2.080267e+01,2.065065e+01,2.084409e+01,2.080267e+01,2.071978e+01,2.076123e+01,2.073360e+01,2.075432e+01,2.073360e+01,2.047070e+01,2.068522e+01,2.059531e+01,2.059531e+01,2.057456e+01,2.055379e+01,2.061607e+01,2.052610e+01,2.051225e+01,2.065757e+01,2.040140e+01,2.035286e+01,2.040140e+01,2.042912e+01,2.031818e+01,2.037366e+01,2.037366e+01,2.038060e+01,2.040140e+01,2.042219e+01,2.040833e+01,2.038753e+01,2.045684e+01,2.032512e+01,2.036673e+01,2.038060e+01,2.039447e+01,2.018627e+01,2.041526e+01,2.020016e+01,2.026960e+01,2.008201e+01,2.007505e+01,2.004027e+01,2.009591e+01,2.014458e+01,2.017237e+01,2.017237e+01,2.021405e+01,2.006810e+01,2.008201e+01,2.003332e+01,2.016542e+01,2.022100e+01,2.044298e+01,2.054687e+01,2.058840e+01,2.058148e+01,2.080957e+01,2.080957e+01,2.106471e+01,2.118172e+01,2.123674e+01,2.136728e+01,2.140847e+01,2.157991e+01,2.140847e+01,2.163472e+01,2.137415e+01,2.131233e+01,2.131233e+01,2.102338e+01,2.125048e+01,2.098203e+01,2.100271e+01,2.103027e+01,2.100960e+01,2.118172e+01,2.114732e+01,2.127110e+01,2.118860e+01,2.124361e+01,2.125048e+01,2.120923e+01,2.124361e+01,2.124361e+01,2.109225e+01,2.109914e+01,2.111291e+01,2.114044e+01,2.116796e+01,2.116108e+01,2.115420e+01,2.111291e+01,2.110602e+01,2.110602e+01,2.104405e+01,2.107160e+01,2.105094e+01,2.105094e+01,2.108537e+01,2.103716e+01,2.105782e+01,2.100960e+01,2.106471e+01,2.096825e+01,2.100271e+01,2.107848e+01,2.099582e+01,2.120235e+01,2.107160e+01,2.095446e+01,2.097514e+01,2.087859e+01,2.096825e+01,2.097514e+01,2.098893e+01,2.082338e+01,2.089929e+01,2.087169e+01,2.092688e+01,2.089929e+01,2.085789e+01,2.091998e+01,2.094067e+01,2.084409e+01,2.091998e+01,2.095446e+01,2.081648e+01,2.091308e+01,2.082338e+01,2.098203e+01,2.098203e+01,2.091308e+01,2.083028e+01,2.092688e+01,2.083719e+01,2.080957e+01,2.091998e+01,2.083719e+01,2.085099e+01,2.089239e+01,2.086479e+01,2.084409e+01,2.109225e+01,2.094757e+01,2.088549e+01,2.085099e+01,2.086479e+01,2.076814e+01,2.091308e+01,2.097514e+01,2.095446e+01,2.081648e+01,2.087859e+01,2.083719e+01,2.093377e+01,2.094067e+01,2.085099e+01,2.083028e+01,2.083719e+01,2.082338e+01,2.087169e+01,2.085789e+01,2.075432e+01,2.075432e+01,2.067831e+01,2.095446e+01,2.084409e+01,2.093377e+01,2.096135e+01,2.079576e+01,2.074051e+01,2.096825e+01,2.094757e+01,2.076814e+01,2.091308e+01,2.086479e+01,2.087859e+01,2.089929e+01,2.087169e+01,2.102338e+01,2.091998e+01,2.077505e+01,2.091998e+01,2.094757e+01,2.080267e+01,2.088549e+01,2.097514e+01,2.087859e+01,2.081648e+01,2.087859e+01,2.077505e+01,2.075432e+01,2.098893e+01,2.089929e+01,2.091998e+01,2.096825e+01,2.080957e+01,2.082338e+01,2.087169e+01,2.078886e+01
2.100271e+01,2.099582e+01,2.101649e+01,2.113355e+01,2.105094e+01,2.100271e+01,2.103027e+01,2.112667e+01,2.102338e+01,2.101649e+01,2.113355e+01,2.114732e+01,2.115420e+01,2.113355e+01,2.109225e+01,2.104405e+01,2.112667e+01,2.110602e+01,2.109225e+01,2.116108e+01,2.114044e+01,2.118860e+01,2.107848e+01,2.124361e+01,2.123674e+01,2.122986e+01,2.117484e+01,2.122986e+01,2.117484e+01,2.118860e+01,2.111291e+01,2.111979e+01,2.116796e+01,2.112667e+01,2.115420e+01,2.091998e+01,2.110602e+01,2.113355e+01,2.108537e+01,2.110602e+01,2.107848e+01,2.111979e+01,2.111979e+01,2.098893e+01,2.104405e+01,2.107848e+01,2.094067e+01,2.108537e+01,2.112667e+01,2.103027e+01,2.110602e+01,2.099582e+01,2.123674e+01,2.107848e+01,2.112667e+01,2.109225e+01,2.106471e+01,2.109914e+01,2.108537e+01,2.113355e+01,2.111291e+01,2.109914e+01,2.109914e+01,2.105094e+01,2.118860e+01,2.107848e+01,2.111979e+01,2.114044e+01,2.096825e+01,2.111979e+01,2.115420e+01,2.105094e+01,2.113355e+01,2.114732e+01,2.111291e+01,2.117484e+01,2.107160e+01,2.113355e+01,2.107160e+01,2.132607e+01,2.116108e+01,2.111979e+01,2.110602e+01,2.112667e+01,2.112667e+01,2.118172e+01,2.111291e+01,2.117484e+01,2.113355e+01,2.094067e+01,2.111291e+01,2.096135e+01,2.105094e+01,2.112667e+01,2.103716e+01,2.109914e+01,2.113355e+01,2.097514e+01,2.101649e+01,2.102338e+01,2.099582e+01,2.109225e+01,2.110602e+01,2.114044e+01,2.111291e+01,2.104405e+01,2.109914e+01,2.107160e+01,2.107848e+01,2.105782e+01,2.107160e+01,2.108537e+01,2.105094e+01,2.105094e+01,2.106471e+01,2.107160e+01,2.101649e+01,2.109225e+01,2.115420e+01,2.111979e+01,2.093377e+01,2.100271e+01,2.115420e+01,2.106471e+01,2.100960e+01,2.115420e+01,2.105782e+01,2.103027e+01,2.110602e+01,2.099582e+01,2.104405e+01,2.106471e+01,2.107848e+01,2.102338e+01,2.109225e+01,2.107160e+01,2.105782e+01,2.104405e+01,2.106471e+01,2.107848e+01,2.116108e+01,2.106471e+01,2.107160e+01,2.107160e+01,2.106471e+01,2.116108e+01,2.112667e+01,2.117484e+01,2.111291e+01,2.110602e+01,2.107848e+01,2.110602e+01,2.114732e+01,2.109914e+01,2.116796e+01,2.107848e+01,2.107848e+01,2.114732e+01,2.111979e+01,2.100960e+01,2.109225e+01,2.103716e+01,2.107160e+01,2.111979e+01,2.111291e+01,2.116108e+01,2.116796e+01,2.118172e+01,2.114732e+01,2.113355e+01,2.101649e+01,2.116796e+01,2.115420e+01,2.114044e+01,2.113355e+01,2.116108e+01,2.121611e+01,2.117484e+01,2.153194e+01,2.137415e+01,2.121611e+01,2.133981e+01,2.137415e+01,2.138788e+01,2.140161e+01,2.168264e+01,2.160732e+01,2.205843e+01,2.216068e+01,2.231046e+01,2.262971e+01,2.293444e+01,2.340670e+01,2.378295e+01,2.400403e+01,2.429808e+01,2.433811e+01,2.437813e+01,2.451141e+01,2.451141e+01,2.455802e+01,2.449143e+01,2.459130e+01,2.461791e+01,2.449143e+01,2.437146e+01,2.454471e+01,2.452473e+01,2.435812e+01,2.410437e+01,2.397057e+01,2.378295e+01,2.325851e+01,2.259579e+01,2.183312e+01,2.123674e+01,2.091998e+01,2.071978e+01,2.067139e+01,2.072669e+01,2.065065e+01,2.066448e+01,2.065065e+01,2.043605e+01,2.067831e+01,2.062990e+01,2.060915e+01,2.062990e+01,2.059531e+01,2.063682e+01,2.063682e+01,2.060223e+01,2.071978e+01,2.062299e+01,2.062299e+01,2.063682e+01,2.068522e+01,2.056071e+01,2.067831e+01,2.061607e+01,2.064374e+01,2.065065e+01,2.063682e+01,2.048455e+01,2.057456e+01,2.047762e+01,2.057456e+01,2.059531e+01,2.059531e+01,2.051225e+01,2.057456e+01,2.054687e+01,2.049840e+01,2.056071e+01,2.059531e+01,2.056763e+01,2.056763e+01,2.056763e+01,2.056763e+01,2.070596e+01,2.066448e+01,2.052610e+01,2.052610e+01,2.065065e+01,2.069905e+01,2.072669e+01,2.065757e+01,2.065757e+01,2.064374e+01,2.062299e+01,2.058840e+01,2.060223e+01,2.058148e+01,2.065757e+01,2.053303e+01,2.050533e+01,2.054687e+01,2.065757e+01,2.051225e+01,2.053303e+01,2.058148e+01,2.049148e+01,2.052610e+01,2.049840e+01,2.060915e+01,2.059531e+01,2.060915e+01,2.058148e+01,2.071287e+01,2.069905e+01,2.068522e+01,2.065065e+01,2.059531e+01,2.062299e+01,2.062299e+01,2.060223e+01,2.069905e+01,2.073360e+01,2.056763e+01,2.058840e+01,2.056071e+01,2.053303e+01,2.049148e+01,2.057456e+01,2.056071e+01,2.057456e+01,2.055379e+01,2.070596e+01,2.054687e+01,2.051225e+01,2.053303e+01,2.049148e+01,2.041526e+01,2.051918e+01,2.055379e+01,2.039447e+01,2.060915e+01,2.058840e+01,2.031124e+01,2.059531e+01,2.054687e+01,2.060915e+01,2.056763e+01,2.058840e+01,2.059531e+01,2.056071e+01,2.062299e+01,2.049840e+01,2.069213e+01,2.068522e+01,2.065065e+01,2.062990e+01,2.058148e+01,2.058148e+01,2.065757e+01,2.062990e+01,2.052610e+01,2.050533e+01,2.050533e+01,2.044991e+01,2.044298e+01,2.053995e+01,2.047762e+01,2.057456e+01,2.050533e+01,2.042912e+01,2.051225e+01,2.053303e+01,2.055379e+01,2.054687e+01,2.049840e+01,2.050533e+01,2.051225e+01,2.060915e+01,2.051225e+01,2.064374e+01,2.056763e+01,2.059531e+01,2.058148e+01,2.044298e+01,2.056071e+01,2.051918e+01,2.051918e+01,2.055379e+01,2.044298e+01,2.049840e+01,2.048455e+01,2.049840e+01,2.051918e+01,2.047762e+01,2.057456e+01,2.057456e+01,2.055379e+01,2.065065e+01,2.054687e+01,2.054687e+01,2.053995e+01,2.054687e+01,2.059531e+01,2.049840e+01,2.056763e+01,2.061607e+01,2.064374e+01,2.061607e+01,2.057456e+01,2.059531e+01,2.052610e+01,2.053995e+01,2.057456e+01,2.067139e+01,2.055379e+01,2.051918e+01,2.051918e+01,2.070596e+01,2.069905e+01,2.069213e+01,2.052610e+01,2.056071e+01,2.060915e+01,2.056763e+01,2.047762e+01,2.057456e+01,2.058840e+01,2.059531e+01,2.060915e+01,2.061607e+01,2.063682e+01,2.069213e+01,2.052610e+01,2.065757e+01,2.060223e+01,2.061607e+01,2.071978e+01,2.065065e+01,2.069213e+01,2.076123e+01,2.066448e+01,2.076123e+01,2.073360e+01,2.071287e+01,2.062299e+01,2.062990e+01,2.058148e+01,2.060915e+01,2.068522e+01,2.069213e+01,2.067831e+01,2.058840e+01,2.064374e+01,2.062299e+01,2.058148e+01,2.058148e+01,2.068522e+01,2.055379e+01,2.073360e+01,2.062990e+01,2.059531e+01,2.069213e+01,2.065065e+01,2.067139e+01,2.073360e+01,2.079576e+01,2.087859e+01,2.076123e+01,2.072669e+01,2.068522e+01,2.072669e+01,2.069905e+01,2.053995e+01,2.065757e+01,2.060223e+01,2.062990e+01,2.059531e+01,2.062299e+01,2.058148e+01,2.053303e+01,2.051918e+01,2.046377e+01,2.036673e+01,2.040140e+01,2.034592e+01,2.033899e+01,2.036673e+01,2.021405e+01,2.035286e+01,2.042219e+01,2.028348e+01,2.035286e+01,2.041526e+01,2.043605e+01,2.041526e+01,2.046377e+01,2.049148e+01,2.040140e+01,2.049148e+01,2.038753e+01,2.021405e+01,2.027654e+01,2.012372e+01,2.035286e+01,2.028348e+01,2.007505e+01,2.006114e+01,2.038060e+01,2.000548e+01,2.010287e+01,2.020711e+01,2.001244e+01,2.017932e+01,2.014458e+01,2.027654e+01,2.029736e+01,2.044298e+01,2.045684e+01,2.060915e+01,2.061607e+01,2.082338e+01,2.082338e+01,2.118172e+01,2.125048e+01,2.144278e+01,2.136041e+01,2.143592e+01,2.161417e+01,2.170318e+01,2.140847e+01,2.131920e+01,2.136728e+01,2.111291e+01,2.109914e+01,2.097514e+01,2.102338e+01,2.107848e+01,2.099582e+01,2.103027e+01,2.117484e+01,2.123674e+01,2.122986e+01,2.121611e+01,2.138101e+01,2.124361e+01,2.105782e+01,2.122986e+01,2.122986e+01,2.119548e+01,2.112667e+01,2.108537e+01,2.107848e+01,2.119548e+01,2.112667e+01,2.110602e+01,2.113355e+01,2.114732e+01,2.107848e+01,2.105782e+01,2.105094e+01,2.107160e+01,2.103716e+01,2.104405e+01,2.102338e+01,2.108537e+01,2.100960e+01,2.094757e+01,2.094067e+01,2.096825e+01,2.102338e+01,2.111291e+01,2.107848e+01,2.097514e+01,2.088549e+01,2.101649e+01,2.089239e+01,2.094067e+01,2.098893e+01,2.091308e+01,2.096135e+01,2.094757e+01,2.094757e+01,2.094067e+01,2.091308e+01,2.089239e+01,2.088549e+01,2.091998e+01,2.084409e+01,2.099582e+01,2.081648e+01,2.097514e+01,2.083028e+01,2.085099e+01,2.083719e+01,2.078195e+01,2.091308e+01,2.080267e+01,2.078195e+01,2.088549e+01,2.094757e+01,2.093377e+01,2.087859e+01,2.085789e+01,2.087169e+01,2.084409e+01,2.086479e+01,2.083028e+01,2.086479e+01,2.090619e+01,2.083028e+01,2.082338e+01,2.094067e+01,2.078195e+01,2.099582e+01,2.096825e+01,2.081648e+01,2.082338e+01,2.093377e+01,2.092688e+01,2.087859e+01,2.083719e+01,2.085789e+01,2.078886e+01,2.085099e+01,2.073360e+01,2.089929e+01,2.078195e+01,2.069213e+01,2.086479e+01,2.068522e+01,2.095446e+01,2.084409e+01,2.092688e+01,2.086479e+01,2.094067e+01,2.090619e+01,2.093377e+01,2.089239e+01,2.087169e+01,2.091998e+01,2.087859e+01,2.085789e+01,2.086479e+01,2.085789e+01,2.085789e+01,2.089929e+01,2.089929e+01,2.102338e+01,2.094067e+01,2.089929e+01,2.089929e+01,2.087169e+01,2.089239e+01,2.093377e+01,2.102338e+01,2.081648e+01,2.085099e+01,2.078195e+01,2.100960e+01,2.090619e+01,2.089239e+01,2.094067e+01,2.086479e+01,2.078886e+01
2.104405e+01,2.096135e+01,2.100960e+01,2.105782e+01,2.111291e+01,2.111979e+01,2.096135e+01,2.098893e+01,2.107848e+01,2.109914e+01,2.099582e+01,2.097514e+01,2.102338e+01,2.113355e+01,2.106471e+01,2.114732e+01,2.113355e+01,2.112667e+01,2.119548e+01,2.114044e+01,2.120235e+01,2.122298e+01,2.125736e+01,2.122298e+01,2.125048e+01,2.125048e+01,2.127798e+01,2.120923e+01,2.119548e+01,2.112667e+01,2.113355e+01,2.109914e+01,2.114732e+01,2.099582e+01,2.116108e+01,2.116108e+01,2.109914e+01,2.115420e+01,2.114732e+01,2.087859e+01,2.113355e+01,2.113355e+01,2.110602e+01,2.109225e+01,2.105094e+01,2.111979e+01,2.108537e+01,2.098893e+01,2.116108e+01,2.114044e+01,2.108537e+01,2.111979e+01,2.111291e+01,2.109914e+01,2.113355e+01,2.109914e+01,2.108537e+01,2.109225e+01,2.109914e+01,2.113355e+01,2.115420e+01,2.099582e+01,2.094067e+01,2.106471e+01,2.108537e+01,2.108537e+01,2.103716e+01,2.096135e+01,2.105094e+01,2.102338e+01,2.101649e+01,2.118172e+01,2.118860e+01,2.107160e+01,2.106471e+01,2.105782e+01,2.116108e+01,2.109914e+01,2.110602e+01,2.110602e+01,2.113355e+01,2.111291e+01,2.111291e+01,2.111291e+01,2.122298e+01,2.108537e+01,2.110602e+01,2.116108e+01,2.112667e+01,2.105094e+01,2.111291e+01,2.109914e+01,2.109914e+01,2.111291e+01,2.112667e+01,2.114732e+01,2.115420e+01,2.113355e+01,2.111291e+01,2.105782e+01,2.110602e+01,2.108537e+01,2.107848e+01,2.103027e+01,2.111291e+01,2.109914e+01,2.110602e+01,2.106471e+01,2.105782e+01,2.107848e+01,2.094757e+01,2.107848e+01,2.105094e+01,2.109225e+01,2.116108e+01,2.119548e+01,2.104405e+01,2.103716e+01,2.102338e+01,2.106471e+01,2.096135e+01,2.092688e+01,2.098203e+01,2.106471e+01,2.097514e+01,2.100960e+01,2.105782e+01,2.102338e+01,2.108537e+01,2.109225e+01,2.109225e+01,2.100271e+01,2.097514e+01,2.090619e+01,2.109225e+01,2.106471e+01,2.106471e+01,2.105782e+01,2.104405e+01,2.105782e+01,2.107848e+01,2.113355e+01,2.133294e+01,2.114732e+01,2.112667e+01,2.113355e+01,2.120923e+01,2.117484e+01,2.113355e+01,2.118172e+01,2.114044e+01,2.107848e+01,2.120235e+01,2.119548e+01,2.117484e+01,2.115420e+01,2.113355e+01,2.106471e+01,2.108537e+01,2.109225e+01,2.110602e+01,2.103716e+01,2.103027e+01,2.105782e+01,2.106471e+01,2.108537e+01,2.109225e+01,2.110602e+01,2.118172e+01,2.109225e+01,2.114044e+01,2.113355e+01,2.116796e+01,2.125736e+01,2.119548e+01,2.118172e+01,2.112667e+01,2.116796e+01,2.136041e+01,2.125736e+01,2.122986e+01,2.138788e+01,2.129859e+01,2.157306e+01,2.153194e+01,2.160732e+01,2.177843e+01,2.192194e+01,2.212661e+01,2.229004e+01,2.250756e+01,2.292092e+01,2.326525e+01,2.366216e+01,2.396387e+01,2.403080e+01,2.425135e+01,2.439813e+01,2.447145e+01,2.443146e+01,2.454471e+01,2.460461e+01,2.461126e+01,2.459795e+01,2.467113e+01,2.449809e+01,2.474425e+01,2.470437e+01,2.454471e+01,2.457133e+01,2.436479e+01,2.411106e+01,2.378295e+01,2.356139e+01,2.263649e+01,2.183312e+01,2.111979e+01,2.088549e+01,2.069905e+01,2.069905e+01,2.082338e+01,2.065757e+01,2.070596e+01,2.066448e+01,2.067831e+01,2.063682e+01,2.060915e+01,2.066448e+01,2.074742e+01,2.065065e+01,2.058840e+01,2.062990e+01,2.063682e+01,2.063682e+01,2.065757e+01,2.058840e+01,2.060223e+01,2.051225e+01,2.051225e+01,2.057456e+01,2.060915e+01,2.062990e+01,2.056763e+01,2.051918e+01,2.050533e+01,2.054687e+01,2.048455e+01,2.058148e+01,2.047762e+01,2.062299e+01,2.057456e+01,2.058840e+01,2.057456e+01,2.049148e+01,2.058840e+01,2.062990e+01,2.065065e+01,2.071287e+01,2.059531e+01,2.058148e+01,2.070596e+01,2.071287e+01,2.056763e+01,2.053995e+01,2.051918e+01,2.056071e+01,2.055379e+01,2.060223e+01,2.062990e+01,2.069905e+01,2.072669e+01,2.051918e+01,2.049840e+01,2.064374e+01,2.051225e+01,2.065757e+01,2.055379e+01,2.056763e+01,2.051918e+01,2.052610e+01,2.058148e+01,2.049840e+01,2.048455e+01,2.060223e+01,2.062990e+01,2.068522e+01,2.061607e+01,2.064374e+01,2.075432e+01,2.061607e+01,2.059531e+01,2.049148e+01,2.065757e+01,2.045684e+01,2.063682e+01,2.060223e+01,2.068522e+01,2.049840e+01,2.057456e+01,2.047070e+01,2.057456e+01,2.058840e+01,2.055379e+01,2.057456e+01,2.062299e+01,2.060223e+01,2.062990e+01,2.063682e+01,2.062299e+01,2.053303e+01,2.058840e+01,2.051918e+01,2.038753e+01,2.038060e+01,2.056071e+01,2.054687e+01,2.052610e+01,2.058148e+01,2.065065e+01,2.060915e+01,2.062299e+01,2.060915e+01,2.059531e+01,2.058840e+01,2.047762e+01,2.050533e+01,2.061607e+01,2.053995e+01,2.058148e+01,2.060915e+01,2.056071e+01,2.059531e+01,2.053303e+01,2.063682e+01,2.062990e+01,2.056071e+01,2.048455e+01,2.050533e+01,2.056763e+01,2.047762e+01,2.047070e+01,2.042912e+01,2.053303e+01,2.044991e+01,2.044298e+01,2.052610e+01,2.046377e+01,2.051918e+01,2.052610e+01,2.056071e+01,2.056071e+01,2.051225e+01,2.052610e+01,2.051225e+01,2.052610e+01,2.051225e+01,2.047762e+01,2.059531e+01,2.059531e+01,2.065757e+01,2.058840e+01,2.060223e+01,2.049148e+01,2.050533e+01,2.051225e+01,2.057456e+01,2.051225e+01,2.050533e+01,2.056071e+01,2.056071e+01,2.054687e+01,2.061607e+01,2.062299e+01,2.050533e+01,2.049840e+01,2.060915e+01,2.050533e+01,2.056071e+01,2.052610e+01,2.053995e+01,2.052610e+01,2.057456e+01,2.060915e+01,2.058148e+01,2.055379e+01,2.085789e+01,2.056071e+01,2.062990e+01,2.057456e+01,2.058148e+01,2.059531e+01,2.059531e+01,2.058840e+01,2.071978e+01,2.053995e+01,2.059531e+01,2.059531e+01,2.062299e+01,2.055379e+01,2.054687e+01,2.051225e+01,2.054687e+01,2.055379e+01,2.058840e+01,2.077505e+01,2.047070e+01,2.066448e+01,2.060915e+01,2.059531e+01,2.068522e+01,2.062299e+01,2.065065e+01,2.071978e+01,2.073360e+01,2.070596e+01,2.075432e+01,2.067139e+01,2.058148e+01,2.058840e+01,2.062299e+01,2.075432e+01,2.071287e+01,2.067831e+01,2.065757e+01,2.068522e+01,2.062990e+01,2.076123e+01,2.060223e+01,2.064374e+01,2.063682e+01,2.068522e+01,2.067139e+01,2.067139e+01,2.063682e+01,2.068522e+01,2.060915e+01,2.071287e+01,2.063682e+01,2.062990e+01,2.077505e+01,2.078195e+01,2.077505e+01,2.089239e+01,2.071287e+01,2.069905e+01,2.062990e+01,2.060915e+01,2.051225e+01,2.069213e+01,2.062990e+01,2.062299e+01,2.062990e+01,2.057456e+01,2.056763e+01,2.046377e+01,2.047762e+01,2.043605e+01,2.043605e+01,2.024183e+01,2.026960e+01,2.027654e+01,2.027654e+01,2.033205e+01,2.037366e+01,2.037366e+01,2.032512e+01,2.043605e+01,2.031124e+01,2.044991e+01,2.049840e+01,2.056763e+01,2.044298e+01,2.045684e+01,2.050533e+01,2.047762e+01,2.040140e+01,2.048455e+01,2.024183e+01,2.017932e+01,2.029736e+01,2.030430e+01,2.026266e+01,2.030430e+01,2.023489e+01,2.012372e+01,2.010982e+01,2.017932e+01,2.020711e+01,2.017932e+01,2.021405e+01,2.040833e+01,2.035286e+01,2.062990e+01,2.065065e+01,2.064374e+01,2.082338e+01,2.082338e+01,2.113355e+01,2.122986e+01,2.147708e+01,2.152508e+01,2.162102e+01,2.165526e+01,2.169633e+01,2.165526e+01,2.168949e+01,2.139474e+01,2.133981e+01,2.114044e+01,2.109225e+01,2.110602e+01,2.107160e+01,2.105094e+01,2.104405e+01,2.115420e+01,2.126423e+01,2.127110e+01,2.121611e+01,2.129859e+01,2.120923e+01,2.124361e+01,2.120235e+01,2.115420e+01,2.116796e+01,2.117484e+01,2.111979e+01,2.116108e+01,2.111291e+01,2.118172e+01,2.129859e+01,2.111979e+01,2.116108e+01,2.113355e+01,2.105094e+01,2.106471e+01,2.104405e+01,2.108537e+01,2.103027e+01,2.103027e+01,2.100271e+01,2.100271e+01,2.100271e+01,2.097514e+01,2.105782e+01,2.103716e+01,2.096825e+01,2.105094e+01,2.096825e+01,2.088549e+01,2.107160e+01,2.092688e+01,2.109914e+01,2.111979e+01,2.096825e+01,2.091998e+01,2.089929e+01,2.099582e+01,2.091308e+01,2.088549e+01,2.094757e+01,2.089929e+01,2.091998e+01,2.087859e+01,2.072669e+01,2.087169e+01,2.087859e+01,2.082338e+01,2.094067e+01,2.080267e+01,2.097514e+01,2.104405e+01,2.074742e+01,2.077505e+01,2.090619e+01,2.077505e+01,2.085789e+01,2.096135e+01,2.079576e+01,2.085789e+01,2.084409e+01,2.087859e+01,2.085099e+01,2.083719e+01,2.083028e+01,2.083719e+01,2.091308e+01,2.094757e+01,2.087169e+01,2.085789e+01,2.078886e+01,2.090619e+01,2.076814e+01,2.087859e+01,2.092688e+01,2.093377e+01,2.080957e+01,2.094067e+01,2.089929e+01,2.079576e+01,2.093377e+01,2.074742e+01,2.074051e+01,2.080957e+01,2.083028e+01,2.077505e+01,2.086479e+01,2.083028e+01,2.080957e+01,2.074742e+01,2.092688e+01,2.098203e+01,2.083719e+01,2.085789e+01,2.094067e+01,2.109225e+01,2.083028e+01,2.099582e+01,2.091308e+01,2.083719e+01,2.084409e+01,2.084409e+01,2.083719e+01,2.100960e+01,2.089929e+01,2.087859e+01,2.089239e+01,2.074742e+01,2.089929e+01,2.085099e+01,2.075432e+01,2.095446e+01,2.086479e+01,2.074051e+01,2.071287e+01,2.091998e+01,2.089239e+01,2.083719e+01,2.089929e+01,2.096135e+01,2.078886e+01
2.116796e+01,2.101649e+01,2.105782e+01,2.109225e+01,2.100960e+01,2.102338e+01,2.100960e+01,2.107848e+01,2.103027e+01,2.098203e+01,2.103716e+01,2.125736e+01,2.111979e+01,2.114044e+01,2.114044e+01,2.119548e+01,2.114732e+01,2.120235e+01,2.111979e+01,2.122986e+01,2.123674e+01,2.116796e+01,2.122298e+01,2.124361e+01,2.128485e+01,2.120235e+01,2.115420e+01,2.119548e+01,2.107848e+01,2.110602e+01,2.117484e+01,2.120923e+01,2.115420e+01,2.098893e+01,2.116796e+01,2.113355e+01,2.111291e+01,2.109225e+01,2.114044e+01,2.105782e+01,2.107160e+01,2.127110e+01,2.116796e+01,2.111979e+01,2.116796e+01,2.106471e+01,2.113355e+01,2.110602e+01,2.114732e+01,2.112667e+01,2.109914e+01,2.120235e+01,2.112667e+01,2.094067e+01,2.108537e+01,2.114732e+01,2.111979e+01,2.111291e+01,2.114044e+01,2.110602e+01,2.113355e+01,2.102338e+01,2.111979e+01,2.107160e+01,2.109914e+01,2.112667e+01,2.105782e+01,2.109225e+01,2.120923e+01,2.106471e+01,2.103716e+01,2.105782e+01,2.099582e+01,2.114732e+01,2.112667e+01,2.111291e+01,2.111979e+01,2.114044e+01,2.111291e+01,2.112667e+01,2.110602e+01,2.111979e+01,2.121611e+01,2.118172e+01,2.108537e+01,2.112667e+01,2.108537e+01,2.112667e+01,2.114044e+01,2.095446e+01,2.113355e+01,2.113355e+01,2.106471e+01,2.107160e+01,2.106471e+01,2.105094e+01,2.109225e+01,2.096135e+01,2.109225e+01,2.108537e+01,2.102338e+01,2.109225e+01,2.111291e+01,2.110602e+01,2.118860e+01,2.105094e+01,2.109225e+01,2.113355e+01,2.109914e+01,2.116108e+01,2.108537e+01,2.109914e+01,2.109914e+01,2.109914e+01,2.110602e+01,2.108537e+01,2.110602e+01,2.106471e+01,2.109225e+01,2.107848e+01,2.105094e+01,2.100271e+01,2.105094e+01,2.104405e+01,2.110602e+01,2.107848e+01,2.112667e+01,2.107848e+01,2.098203e+01,2.107848e+01,2.107848e+01,2.099582e+01,2.109225e+01,2.111291e+01,2.107848e+01,2.103716e+01,2.111979e+01,2.111979e+01,2.106471e+01,2.112667e+01,2.106471e+01,2.115420e+01,2.114044e+01,2.118172e+01,2.112667e+01,2.114044e+01,2.091308e+01,2.103716e+01,2.114732e+01,2.106471e+01,2.114732e+01,2.104405e+01,2.108537e+01,2.120923e+01,2.116108e+01,2.118860e+01,2.102338e+01,2.116108e+01,2.107160e+01,2.106471e+01,2.103027e+01,2.125736e+01,2.108537e+01,2.107848e+01,2.107848e+01,2.117484e+01,2.107848e+01,2.129859e+01,2.116108e+01,2.125736e+01,2.108537e+01,2.118172e+01,2.132607e+01,2.145650e+01,2.125048e+01,2.116108e+01,2.120923e+01,2.115420e+01,2.118860e+01,2.124361e+01,2.118860e+01,2.130546e+01,2.137415e+01,2.155250e+01,2.149080e+01,2.162787e+01,2.160732e+01,2.183312e+01,2.214024e+01,2.229004e+01,2.243284e+01,2.292768e+01,2.325177e+01,2.350761e+01,2.380307e+01,2.406425e+01,2.432477e+01,2.427806e+01,2.441147e+01,2.445812e+01,2.458464e+01,2.467113e+01,2.459795e+01,2.490360e+01,2.463787e+01,2.483723e+01,2.487706e+01,2.479739e+01,2.458464e+01,2.477082e+01,2.460461e+01,2.450475e+01,2.411774e+01,2.397057e+01,2.326525e+01,2.237847e+01,2.167580e+01,2.113355e+01,2.079576e+01,2.075432e+01,2.075432e+01,2.064374e+01,2.065065e+01,2.073360e+01,2.069213e+01,2.065757e+01,2.065757e+01,2.066448e+01,2.066448e+01,2.066448e+01,2.067139e+01,2.062990e+01,2.060915e+01,2.060223e+01,2.059531e+01,2.055379e+01,2.058840e+01,2.056763e+01,2.062299e+01,2.060223e+01,2.065757e+01,2.062299e+01,2.062299e+01,2.051918e+01,2.050533e+01,2.072669e+01,2.048455e+01,2.049148e+01,2.054687e+01,2.058148e+01,2.058840e+01,2.051225e+01,2.053995e+01,2.056763e+01,2.077505e+01,2.058148e+01,2.057456e+01,2.063682e+01,2.056071e+01,2.051225e+01,2.054687e+01,2.055379e+01,2.058148e+01,2.056763e+01,2.055379e+01,2.053303e+01,2.069213e+01,2.055379e+01,2.051225e+01,2.059531e+01,2.057456e+01,2.058840e+01,2.051918e+01,2.053303e+01,2.055379e+01,2.056763e+01,2.056071e+01,2.057456e+01,2.058148e+01,2.056763e+01,2.055379e+01,2.049148e+01,2.064374e+01,2.060915e+01,2.053995e+01,2.062990e+01,2.075432e+01,2.062990e+01,2.065757e+01,2.065065e+01,2.060915e+01,2.065757e+01,2.053303e+01,2.055379e+01,2.054687e+01,2.057456e+01,2.069905e+01,2.058148e+01,2.054687e+01,2.051225e+01,2.053303e+01,2.064374e+01,2.049148e+01,2.053303e+01,2.051918e+01,2.046377e+01,2.058148e+01,2.053303e+01,2.053303e+01,2.053303e+01,2.052610e+01,2.043605e+01,2.042912e+01,2.040833e+01,2.054687e+01,2.062990e+01,2.060223e+01,2.064374e+01,2.060915e+01,2.064374e+01,2.064374e+01,2.060223e+01,2.047762e+01,2.049148e+01,2.050533e+01,2.057456e+01,2.055379e+01,2.055379e+01,2.058148e+01,2.059531e+01,2.056763e+01,2.057456e+01,2.051918e+01,2.062990e+01,2.058148e+01,2.062990e+01,2.059531e+01,2.059531e+01,2.052610e+01,2.061607e+01,2.051225e+01,2.048455e+01,2.045684e+01,2.053995e+01,2.057456e+01,2.052610e+01,2.053995e+01,2.052610e+01,2.047762e+01,2.052610e+01,2.053995e+01,2.044298e+01,2.049148e+01,2.051918e+01,2.049148e+01,2.048455e+01,2.068522e+01,2.047762e+01,2.049148e+01,2.051918e+01,2.055379e+01,2.050533e+01,2.058840e+01,2.047070e+01,2.051918e+01,2.048455e+01,2.052610e+01,2.053303e+01,2.054687e+01,2.053303e+01,2.062990e+01,2.061607e+01,2.066448e+01,2.054687e+01,2.051225e+01,2.062990e+01,2.052610e+01,2.056763e+01,2.058148e+01,2.051225e+01,2.058840e+01,2.056763e+01,2.057456e+01,2.060223e+01,2.063682e+01,2.058148e+01,2.057456e+01,2.057456e+01,2.061607e+01,2.060915e+01,2.060915e+01,2.060223e+01,2.059531e+01,2.073360e+01,2.058148e+01,2.060915e+01,2.058840e+01,2.058840e+01,2.058840e+01,2.057456e+01,2.061607e+01,2.067831e+01,2.063682e+01,2.058840e+01,2.072669e+01,2.060223e+01,2.072669e+01,2.067139e+01,2.060223e+01,2.069905e+01,2.067831e+01,2.069905e+01,2.072669e+01,2.067139e+01,2.065757e+01,2.063682e+01,2.070596e+01,2.051225e+01,2.074051e+01,2.074742e+01,2.076123e+01,2.056763e+01,2.067139e+01,2.071287e+01,2.069905e+01,2.069905e+01,2.082338e+01,2.068522e+01,2.072669e+01,2.073360e+01,2.059531e+01,2.065065e+01,2.073360e+01,2.067831e+01,2.079576e+01,2.069213e+01,2.075432e+01,2.062299e+01,2.080957e+01,2.075432e+01,2.083719e+01,2.075432e+01,2.080267e+01,2.066448e+01,2.071287e+01,2.068522e+01,2.067139e+01,2.065757e+01,2.073360e+01,2.062299e+01,2.065757e+01,2.058148e+01,2.051918e+01,2.052610e+01,2.042219e+01,2.035980e+01,2.035286e+01,2.029042e+01,2.030430e+01,2.031818e+01,2.028348e+01,2.023489e+01,2.029042e+01,2.036673e+01,2.039447e+01,2.045684e+01,2.040833e+01,2.044991e+01,2.051225e+01,2.050533e+01,2.064374e+01,2.059531e+01,2.069213e+01,2.053303e+01,2.051918e+01,2.050533e+01,2.045684e+01,2.069905e+01,2.050533e+01,2.031818e+01,2.039447e+01,2.049840e+01,2.045684e+01,2.032512e+01,2.021405e+01,2.015848e+01,2.023489e+01,2.025571e+01,2.033899e+01,2.029042e+01,2.047762e+01,2.041526e+01,2.061607e+01,2.084409e+01,2.081648e+01,2.102338e+01,2.119548e+01,2.124361e+01,2.140847e+01,2.156621e+01,2.157306e+01,2.205161e+01,2.179211e+01,2.159362e+01,2.151137e+01,2.144278e+01,2.141533e+01,2.141533e+01,2.134668e+01,2.133294e+01,2.123674e+01,2.109914e+01,2.102338e+01,2.099582e+01,2.109225e+01,2.108537e+01,2.129172e+01,2.130546e+01,2.121611e+01,2.142220e+01,2.120235e+01,2.120923e+01,2.122986e+01,2.116796e+01,2.124361e+01,2.114732e+01,2.123674e+01,2.114044e+01,2.103716e+01,2.103716e+01,2.102338e+01,2.116108e+01,2.115420e+01,2.113355e+01,2.107848e+01,2.107848e+01,2.107160e+01,2.109914e+01,2.100960e+01,2.102338e+01,2.102338e+01,2.102338e+01,2.105782e+01,2.103716e+01,2.094757e+01,2.091998e+01,2.103716e+01,2.094757e+01,2.091308e+01,2.107160e+01,2.091998e+01,2.093377e+01,2.091998e+01,2.113355e+01,2.096825e+01,2.088549e+01,2.089929e+01,2.087169e+01,2.085099e+01,2.094067e+01,2.095446e+01,2.103716e+01,2.100960e+01,2.085789e+01,2.087169e+01,2.086479e+01,2.091998e+01,2.094757e+01,2.081648e+01,2.083028e+01,2.076123e+01,2.079576e+01,2.091308e+01,2.083719e+01,2.088549e+01,2.087169e+01,2.086479e+01,2.109225e+01,2.086479e+01,2.079576e+01,2.085789e+01,2.093377e+01,2.084409e+01,2.090619e+01,2.084409e+01,2.087859e+01,2.086479e+01,2.098893e+01,2.093377e+01,2.089239e+01,2.094067e+01,2.091308e+01,2.090619e+01,2.094067e+01,2.090619e+01,2.082338e+01,2.086479e+01,2.080267e+01,2.079576e+01,2.080267e+01,2.076814e+01,2.091998e+01,2.067831e+01,2.071287e+01,2.076814e+01,2.089239e+01,2.094757e+01,2.092688e+01,2.086479e+01,2.083028e+01,2.090619e+01,2.094067e+01,2.089239e+01,2.090619e+01,2.083028e+01,2.095446e+01,2.087859e+01,2.096135e+01,2.093377e+01,2.080267e+01,2.088549e+01,2.091998e+01,2.077505e+01,2.087169e+01,2.105782e+01,2.087169e+01,2.087859e+01,2.091308e+01,2.085099e+01,2.078886e+01,2.087169e+01,2.095446e+01,2.085789e+01,2.089239e+01,2.100271e+01,2.089239e+01,2.096135e+01,2.092688e+01,2.082338e+01,2.091308e+01
2.106471e+01,2.108537e+01,2.102338e+01,2.100960e+01,2.107160e+01,2.100960e+01,2.109914e+01,2.095446e+01,2.096825e+01,2.103027e+01,2.099582e+01,2.127798e+01,2.117484e+01,2.118172e+01,2.115420e+01,2.116796e+01,2.118172e+01,2.113355e+01,2.120235e+01,2.120923e+01,2.109225e+01,2.125736e+01,2.125736e+01,2.124361e+01,2.122298e+01,2.131233e+01,2.122986e+01,2.126423e+01,2.116796e+01,2.110602e+01,2.113355e+01,2.118860e+01,2.111979e+01,2.115420e+01,2.119548e+01,2.113355e+01,2.111291e+01,2.141533e+01,2.109225e+01,2.112667e+01,2.111979e+01,2.106471e+01,2.116108e+01,2.109225e+01,2.111979e+01,2.111979e+01,2.105094e+01,2.107848e+01,2.116108e+01,2.109914e+01,2.109225e+01,2.111979e+01,2.127798e+01,2.109225e+01,2.107848e+01,2.107160e+01,2.110602e+01,2.109225e+01,2.107848e+01,2.112667e+01,2.112667e+01,2.105094e+01,2.109225e+01,2.114732e+01,2.107848e+01,2.105094e+01,2.104405e+01,2.103716e+01,2.103716e+01,2.107160e+01,2.125736e+01,2.110602e+01,2.110602e+01,2.113355e+01,2.113355e+01,2.114044e+01,2.105094e+01,2.118172e+01,2.117484e+01,2.127798e+01,2.112667e+01,2.111291e+01,2.111291e+01,2.110602e+01,2.113355e+01,2.111979e+01,2.114732e+01,2.113355e+01,2.115420e+01,2.111291e+01,2.109225e+01,2.109225e+01,2.107160e+01,2.107160e+01,2.109225e+01,2.118172e+01,2.108537e+01,2.111979e+01,2.109225e+01,2.111291e+01,2.114044e+01,2.113355e+01,2.101649e+01,2.112667e+01,2.110602e+01,2.114044e+01,2.114044e+01,2.108537e+01,2.111291e+01,2.111291e+01,2.109225e+01,2.105094e+01,2.109914e+01,2.110602e+01,2.105094e+01,2.107160e+01,2.106471e+01,2.107848e+01,2.105094e+01,2.096825e+01,2.092688e+01,2.098203e+01,2.107848e+01,2.107848e+01,2.109225e+01,2.111291e+01,2.111979e+01,2.097514e+01,2.111291e+01,2.110602e+01,2.107848e+01,2.106471e+01,2.111291e+01,2.107848e+01,2.103716e+01,2.122298e+01,2.105094e+01,2.104405e+01,2.110602e+01,2.116796e+01,2.103027e+01,2.111979e+01,2.109914e+01,2.098893e+01,2.098893e+01,2.115420e+01,2.105782e+01,2.110602e+01,2.110602e+01,2.109914e+01,2.107160e+01,2.117484e+01,2.110602e+01,2.107848e+01,2.122298e+01,2.111291e+01,2.113355e+01,2.106471e+01,2.120923e+01,2.107848e+01,2.136728e+01,2.129172e+01,2.105782e+01,2.109914e+01,2.109225e+01,2.107160e+01,2.113355e+01,2.120923e+01,2.133981e+01,2.102338e+01,2.120235e+01,2.111291e+01,2.116796e+01,2.114044e+01,2.119548e+01,2.118172e+01,2.125736e+01,2.116796e+01,2.120235e+01,2.118172e+01,2.122986e+01,2.128485e+01,2.136728e+01,2.131920e+01,2.162787e+01,2.152508e+01,2.157306e+01,2.184679e+01,2.186046e+01,2.211979e+01,2.246002e+01,2.276526e+01,2.322480e+01,2.348744e+01,2.372257e+01,2.403080e+01,2.429140e+01,2.418457e+01,2.431810e+01,2.453805e+01,2.457133e+01,2.460461e+01,2.466447e+01,2.473760e+01,2.489033e+01,2.491024e+01,2.498982e+01,2.480403e+01,2.487042e+01,2.477082e+01,2.475089e+01,2.458464e+01,2.441147e+01,2.415784e+01,2.373599e+01,2.313035e+01,2.208571e+01,2.121611e+01,2.096825e+01,2.087859e+01,2.080267e+01,2.065757e+01,2.077505e+01,2.076814e+01,2.058840e+01,2.049840e+01,2.069213e+01,2.057456e+01,2.069213e+01,2.065065e+01,2.064374e+01,2.058840e+01,2.068522e+01,2.060915e+01,2.059531e+01,2.058840e+01,2.058148e+01,2.058148e+01,2.061607e+01,2.053995e+01,2.058148e+01,2.054687e+01,2.060223e+01,2.061607e+01,2.060223e+01,2.049148e+01,2.056071e+01,2.056763e+01,2.057456e+01,2.056071e+01,2.059531e+01,2.041526e+01,2.055379e+01,2.054687e+01,2.063682e+01,2.059531e+01,2.061607e+01,2.058840e+01,2.065757e+01,2.056763e+01,2.066448e+01,2.058840e+01,2.057456e+01,2.055379e+01,2.057456e+01,2.058840e+01,2.058840e+01,2.052610e+01,2.055379e+01,2.067139e+01,2.062299e+01,2.057456e+01,2.054687e+01,2.056071e+01,2.060915e+01,2.052610e+01,2.060223e+01,2.076123e+01,2.060223e+01,2.053995e+01,2.075432e+01,2.051918e+01,2.065065e+01,2.065757e+01,2.064374e+01,2.065757e+01,2.061607e+01,2.063682e+01,2.060915e+01,2.061607e+01,2.058148e+01,2.054687e+01,2.053303e+01,2.047070e+01,2.053995e+01,2.051225e+01,2.052610e+01,2.051225e+01,2.047762e+01,2.050533e+01,2.051225e+01,2.049840e+01,2.050533e+01,2.048455e+01,2.067139e+01,2.044991e+01,2.055379e+01,2.038060e+01,2.047070e+01,2.049148e+01,2.060223e+01,2.050533e+01,2.041526e+01,2.042219e+01,2.058148e+01,2.058148e+01,2.065757e+01,2.062299e+01,2.067831e+01,2.074742e+01,2.061607e+01,2.054687e+01,2.060223e+01,2.056763e+01,2.047070e+01,2.051918e+01,2.049148e+01,2.056763e+01,2.047070e+01,2.056071e+01,2.058148e+01,2.056071e+01,2.055379e+01,2.062299e+01,2.063682e+01,2.060223e+01,2.060223e+01,2.060915e+01,2.067139e+01,2.060223e+01,2.049840e+01,2.053995e+01,2.049148e+01,2.050533e+01,2.049148e+01,2.053303e+01,2.047762e+01,2.047070e+01,2.055379e+01,2.056071e+01,2.056763e+01,2.049148e+01,2.049840e+01,2.050533e+01,2.051225e+01,2.050533e+01,2.061607e+01,2.052610e+01,2.056763e+01,2.048455e+01,2.051918e+01,2.050533e+01,2.047070e+01,2.052610e+01,2.052610e+01,2.051225e+01,2.058840e+01,2.049840e+01,2.047070e+01,2.044991e+01,2.053995e+01,2.058840e+01,2.045684e+01,2.053995e+01,2.050533e+01,2.056071e+01,2.059531e+01,2.058840e+01,2.067139e+01,2.066448e+01,2.060915e+01,2.071287e+01,2.061607e+01,2.053995e+01,2.053995e+01,2.060915e+01,2.058840e+01,2.065065e+01,2.060915e+01,2.060915e+01,2.059531e+01,2.063682e+01,2.065757e+01,2.056763e+01,2.064374e+01,2.054687e+01,2.060915e+01,2.065065e+01,2.058840e+01,2.058148e+01,2.056071e+01,2.062299e+01,2.059531e+01,2.062299e+01,2.060223e+01,2.065065e+01,2.067139e+01,2.071978e+01,2.067831e+01,2.064374e+01,2.063682e+01,2.071978e+01,2.067139e+01,2.065757e+01,2.066448e+01,2.067139e+01,2.066448e+01,2.076814e+01,2.075432e+01,2.066448e+01,2.071978e+01,2.067831e+01,2.072669e+01,2.079576e+01,2.059531e+01,2.077505e+01,2.064374e+01,2.071978e+01,2.065757e+01,2.073360e+01,2.067139e+01,2.062990e+01,2.056763e+01,2.070596e+01,2.076814e+01,2.079576e+01,2.078886e+01,2.071978e+01,2.067139e+01,2.071287e+01,2.071287e+01,2.073360e+01,2.076814e+01,2.069213e+01,2.076123e+01,2.067139e+01,2.067831e+01,2.065065e+01,2.062299e+01,2.063682e+01,2.064374e+01,2.065757e+01,2.062990e+01,2.058840e+01,2.053995e+01,2.042912e+01,2.054687e+01,2.033899e+01,2.033899e+01,2.029736e+01,2.025571e+01,2.033899e+01,2.023489e+01,2.040140e+01,2.044298e+01,2.045684e+01,2.051918e+01,2.042912e+01,2.051225e+01,2.062299e+01,2.053303e+01,2.080267e+01,2.076123e+01,2.052610e+01,2.076814e+01,2.071287e+01,2.065757e+01,2.064374e+01,2.064374e+01,2.042219e+01,2.046377e+01,2.044991e+01,2.036673e+01,2.034592e+01,2.040833e+01,2.030430e+01,2.016542e+01,2.021405e+01,2.035980e+01,2.026266e+01,2.055379e+01,2.064374e+01,2.077505e+01,2.083719e+01,2.114044e+01,2.103027e+01,2.128485e+01,2.158677e+01,2.161417e+01,2.171686e+01,2.174423e+01,2.174423e+01,2.177159e+01,2.167580e+01,2.159362e+01,2.150451e+01,2.133981e+01,2.123674e+01,2.118860e+01,2.109914e+01,2.101649e+01,2.103716e+01,2.102338e+01,2.105782e+01,2.125736e+01,2.120923e+01,2.116796e+01,2.125736e+01,2.135355e+01,2.120235e+01,2.121611e+01,2.118172e+01,2.114044e+01,2.118860e+01,2.115420e+01,2.116796e+01,2.122986e+01,2.114732e+01,2.114732e+01,2.102338e+01,2.115420e+01,2.109914e+01,2.121611e+01,2.110602e+01,2.120235e+01,2.111291e+01,2.105094e+01,2.103716e+01,2.109225e+01,2.102338e+01,2.105094e+01,2.103716e+01,2.094067e+01,2.109225e+01,2.105094e+01,2.100960e+01,2.094757e+01,2.091308e+01,2.093377e+01,2.091308e+01,2.087859e+01,2.111291e+01,2.094067e+01,2.095446e+01,2.091308e+01,2.092688e+01,2.094757e+01,2.083719e+01,2.085789e+01,2.085099e+01,2.086479e+01,2.102338e+01,2.089929e+01,2.087859e+01,2.086479e+01,2.080267e+01,2.091998e+01,2.079576e+01,2.089239e+01,2.085789e+01,2.081648e+01,2.082338e+01,2.093377e+01,2.086479e+01,2.078886e+01,2.078886e+01,2.087169e+01,2.090619e+01,2.093377e+01,2.084409e+01,2.082338e+01,2.085099e+01,2.079576e+01,2.084409e+01,2.085789e+01,2.091308e+01,2.086479e+01,2.089929e+01,2.086479e+01,2.087169e+01,2.082338e+01,2.080267e+01,2.080957e+01,2.083719e+01,2.084409e+01,2.083028e+01,2.082338e+01,2.071978e+01,2.079576e+01,2.078195e+01,2.075432e+01,2.074051e+01,2.085099e+01,2.082338e+01,2.076814e+01,2.083028e+01,2.082338e+01,2.085789e+01,2.079576e+01,2.086479e+01,2.085789e+01,2.091998e+01,2.089239e+01,2.091308e+01,2.089239e+01,2.089929e+01,2.078195e+01,2.085789e+01,2.085099e+01,2.071287e+01,2.096825e+01,2.098893e+01,2.089239e+01,2.089929e+01,2.089239e+01,2.089239e+01,2.087169e+01,2.094757e+01,2.083719e+01,2.082338e+01,2.089929e+01,2.080957e+01,2.074051e+01,2.086479e+01,2.090619e+01,2.081648e+01,2.092688e+01,2.091998e+01,2.087859e+01,2.081648e+01
2.114732e+01,2.103027e+01,2.105782e+01,2.102338e+01,2.102338e+01,2.098203e+01,2.105094e+01,2.099582e+01,2.104405e+01,2.107160e+01,2.109914e+01,2.113355e+01,2.111979e+01,2.116108e+01,2.114044e+01,2.114044e+01,2.110602e+01,2.122986e+01,2.119548e+01,2.126423e+01,2.125048e+01,2.119548e+01,2.127110e+01,2.133981e+01,2.120235e+01,2.135355e+01,2.123674e+01,2.125048e+01,2.119548e+01,2.124361e+01,2.108537e+01,2.122986e+01,2.113355e+01,2.107160e+01,2.099582e+01,2.114044e+01,2.110602e+01,2.108537e+01,2.109225e+01,2.110602e+01,2.112667e+01,2.105094e+01,2.118172e+01,2.105094e+01,2.105782e+01,2.109225e+01,2.109225e+01,2.108537e+01,2.106471e+01,2.107848e+01,2.111291e+01,2.118172e+01,2.119548e+01,2.111979e+01,2.107848e+01,2.107160e+01,2.105782e+01,2.109914e+01,2.115420e+01,2.106471e+01,2.111291e+01,2.115420e+01,2.115420e+01,2.111979e+01,2.114044e+01,2.109225e+01,2.098203e+01,2.102338e+01,2.103027e+01,2.110602e+01,2.105782e+01,2.125736e+01,2.109914e+01,2.108537e+01,2.114044e+01,2.103027e+01,2.120923e+01,2.109914e+01,2.105094e+01,2.117484e+01,2.114044e+01,2.114044e+01,2.111979e+01,2.122986e+01,2.116796e+01,2.113355e+01,2.111979e+01,2.111291e+01,2.118860e+01,2.110602e+01,2.116796e+01,2.107848e+01,2.103716e+01,2.104405e+01,2.105782e+01,2.112667e+01,2.109914e+01,2.114044e+01,2.111291e+01,2.115420e+01,2.108537e+01,2.130546e+01,2.107160e+01,2.098893e+01,2.107160e+01,2.105094e+01,2.105094e+01,2.111979e+01,2.114044e+01,2.109914e+01,2.125048e+01,2.109914e+01,2.107848e+01,2.110602e+01,2.107160e+01,2.107848e+01,2.105094e+01,2.106471e+01,2.108537e+01,2.109914e+01,2.097514e+01,2.098203e+01,2.116108e+01,2.109225e+01,2.105782e+01,2.107160e+01,2.104405e+01,2.106471e+01,2.111979e+01,2.105782e+01,2.136041e+01,2.111291e+01,2.109225e+01,2.100960e+01,2.107848e+01,2.112667e+01,2.101649e+01,2.111291e+01,2.100960e+01,2.098893e+01,2.114732e+01,2.115420e+01,2.116796e+01,2.131233e+01,2.110602e+01,2.111291e+01,2.110602e+01,2.106471e+01,2.125048e+01,2.108537e+01,2.115420e+01,2.107848e+01,2.114044e+01,2.116108e+01,2.118172e+01,2.115420e+01,2.107848e+01,2.107848e+01,2.109225e+01,2.103027e+01,2.107160e+01,2.105782e+01,2.109225e+01,2.105094e+01,2.115420e+01,2.103027e+01,2.105782e+01,2.123674e+01,2.114044e+01,2.107848e+01,2.099582e+01,2.109225e+01,2.118860e+01,2.116796e+01,2.113355e+01,2.118172e+01,2.115420e+01,2.120235e+01,2.119548e+01,2.125736e+01,2.125736e+01,2.131233e+01,2.143592e+01,2.131920e+01,2.142906e+01,2.145650e+01,2.160732e+01,2.177843e+01,2.182629e+01,2.221517e+01,2.235807e+01,2.260258e+01,2.283974e+01,2.348071e+01,2.357483e+01,2.369573e+01,2.424468e+01,2.431810e+01,2.425135e+01,2.429808e+01,2.444479e+01,2.454471e+01,2.473096e+01,2.475089e+01,2.484387e+01,2.496993e+01,2.499645e+01,2.499645e+01,2.504284e+01,2.495004e+01,2.479075e+01,2.474425e+01,2.450475e+01,2.461126e+01,2.419793e+01,2.369573e+01,2.268395e+01,2.171686e+01,2.123674e+01,2.080957e+01,2.082338e+01,2.065065e+01,2.070596e+01,2.063682e+01,2.071978e+01,2.072669e+01,2.071287e+01,2.064374e+01,2.065065e+01,2.044991e+01,2.062990e+01,2.065065e+01,2.067139e+01,2.068522e+01,2.046377e+01,2.085099e+01,2.054687e+01,2.060915e+01,2.055379e+01,2.060915e+01,2.062299e+01,2.058840e+01,2.060223e+01,2.062990e+01,2.055379e+01,2.058148e+01,2.051918e+01,2.059531e+01,2.056071e+01,2.054687e+01,2.059531e+01,2.054687e+01,2.063682e+01,2.065065e+01,2.064374e+01,2.062299e+01,2.060223e+01,2.058148e+01,2.056071e+01,2.055379e+01,2.068522e+01,2.062299e+01,2.055379e+01,2.060915e+01,2.055379e+01,2.053303e+01,2.061607e+01,2.067139e+01,2.057456e+01,2.057456e+01,2.056071e+01,2.056763e+01,2.060223e+01,2.058148e+01,2.053995e+01,2.056071e+01,2.053995e+01,2.049840e+01,2.051225e+01,2.067139e+01,2.065065e+01,2.069213e+01,2.065065e+01,2.067831e+01,2.067831e+01,2.067139e+01,2.065065e+01,2.062299e+01,2.062299e+01,2.058840e+01,2.051918e+01,2.056763e+01,2.058148e+01,2.060223e+01,2.051225e+01,2.047762e+01,2.053995e+01,2.049148e+01,2.067831e+01,2.056763e+01,2.055379e+01,2.053995e+01,2.051918e+01,2.056763e+01,2.044991e+01,2.044991e+01,2.047070e+01,2.041526e+01,2.042912e+01,2.057456e+01,2.060915e+01,2.040833e+01,2.046377e+01,2.051225e+01,2.047762e+01,2.058148e+01,2.069213e+01,2.078886e+01,2.064374e+01,2.044298e+01,2.065065e+01,2.062299e+01,2.060223e+01,2.050533e+01,2.050533e+01,2.051225e+01,2.053303e+01,2.042912e+01,2.052610e+01,2.042219e+01,2.053303e+01,2.050533e+01,2.052610e+01,2.063682e+01,2.061607e+01,2.054687e+01,2.059531e+01,2.058840e+01,2.050533e+01,2.049840e+01,2.056763e+01,2.056763e+01,2.047070e+01,2.056763e+01,2.042219e+01,2.056071e+01,2.048455e+01,2.053995e+01,2.054687e+01,2.044298e+01,2.045684e+01,2.060223e+01,2.053995e+01,2.050533e+01,2.050533e+01,2.061607e+01,2.064374e+01,2.047070e+01,2.067831e+01,2.053303e+01,2.047762e+01,2.052610e+01,2.048455e+01,2.051225e+01,2.056071e+01,2.049148e+01,2.056763e+01,2.085789e+01,2.063682e+01,2.063682e+01,2.063682e+01,2.061607e+01,2.047070e+01,2.050533e+01,2.062299e+01,2.049148e+01,2.057456e+01,2.063682e+01,2.059531e+01,2.069213e+01,2.061607e+01,2.055379e+01,2.052610e+01,2.060915e+01,2.057456e+01,2.056071e+01,2.058840e+01,2.062299e+01,2.063682e+01,2.072669e+01,2.064374e+01,2.061607e+01,2.061607e+01,2.071287e+01,2.056071e+01,2.063682e+01,2.060915e+01,2.065065e+01,2.059531e+01,2.055379e+01,2.071978e+01,2.058148e+01,2.062990e+01,2.070596e+01,2.061607e+01,2.053303e+01,2.067139e+01,2.065757e+01,2.067139e+01,2.067139e+01,2.066448e+01,2.065065e+01,2.070596e+01,2.073360e+01,2.068522e+01,2.074742e+01,2.072669e+01,2.056763e+01,2.072669e+01,2.080267e+01,2.069213e+01,2.077505e+01,2.079576e+01,2.061607e+01,2.073360e+01,2.070596e+01,2.074742e+01,2.062299e+01,2.067139e+01,2.055379e+01,2.067831e+01,2.065757e+01,2.057456e+01,2.065065e+01,2.076814e+01,2.076814e+01,2.074051e+01,2.070596e+01,2.073360e+01,2.073360e+01,2.073360e+01,2.076123e+01,2.082338e+01,2.071287e+01,2.067831e+01,2.068522e+01,2.064374e+01,2.062990e+01,2.083719e+01,2.065757e+01,2.070596e+01,2.053995e+01,2.055379e+01,2.054687e+01,2.046377e+01,2.033205e+01,2.031124e+01,2.030430e+01,2.029736e+01,2.013763e+01,2.010982e+01,2.040140e+01,2.025571e+01,2.045684e+01,2.026266e+01,2.050533e+01,2.055379e+01,2.043605e+01,2.066448e+01,2.082338e+01,2.078886e+01,2.076123e+01,2.077505e+01,2.088549e+01,2.078195e+01,2.102338e+01,2.096135e+01,2.075432e+01,2.083028e+01,2.085099e+01,2.067139e+01,2.067831e+01,2.053303e+01,2.042912e+01,2.045684e+01,2.047070e+01,2.047070e+01,2.046377e+01,2.039447e+01,2.052610e+01,2.069905e+01,2.080267e+01,2.083028e+01,2.116108e+01,2.117484e+01,2.127110e+01,2.132607e+01,2.159362e+01,2.173055e+01,2.180578e+01,2.178527e+01,2.202432e+01,2.180578e+01,2.181945e+01,2.153880e+01,2.132607e+01,2.142906e+01,2.131920e+01,2.131920e+01,2.117484e+01,2.105782e+01,2.116796e+01,2.116796e+01,2.106471e+01,2.103716e+01,2.120235e+01,2.135355e+01,2.122986e+01,2.117484e+01,2.122986e+01,2.122986e+01,2.121611e+01,2.121611e+01,2.119548e+01,2.118172e+01,2.115420e+01,2.118172e+01,2.102338e+01,2.112667e+01,2.105782e+01,2.104405e+01,2.116796e+01,2.096135e+01,2.103716e+01,2.111979e+01,2.107848e+01,2.105094e+01,2.104405e+01,2.102338e+01,2.107848e+01,2.102338e+01,2.096135e+01,2.103027e+01,2.109225e+01,2.103716e+01,2.100960e+01,2.092688e+01,2.095446e+01,2.090619e+01,2.089929e+01,2.094067e+01,2.094757e+01,2.087859e+01,2.111979e+01,2.094067e+01,2.085099e+01,2.090619e+01,2.091998e+01,2.093377e+01,2.084409e+01,2.087859e+01,2.089929e+01,2.091308e+01,2.065065e+01,2.069213e+01,2.085789e+01,2.086479e+01,2.088549e+01,2.076814e+01,2.076123e+01,2.081648e+01,2.086479e+01,2.083719e+01,2.086479e+01,2.080957e+01,2.078195e+01,2.078886e+01,2.080267e+01,2.089239e+01,2.078886e+01,2.092688e+01,2.083719e+01,2.080267e+01,2.087169e+01,2.093377e+01,2.083028e+01,2.095446e+01,2.089239e+01,2.090619e+01,2.087169e+01,2.074051e+01,2.086479e+01,2.087859e+01,2.081648e+01,2.084409e+01,2.088549e+01,2.079576e+01,2.082338e+01,2.080957e+01,2.076814e+01,2.074742e+01,2.077505e+01,2.078195e+01,2.074742e+01,2.091998e+01,2.082338e+01,2.078195e+01,2.074742e+01,2.089929e+01,2.087859e+01,2.076123e+01,2.086479e+01,2.086479e+01,2.089239e+01,2.096825e+01,2.083028e+01,2.085789e+01,2.080267e+01,2.084409e+01,2.078886e+01,2.091308e+01,2.080957e+01,2.095446e+01,2.083028e+01,2.085789e+01,2.091308e+01,2.087859e+01,2.080957e+01,2.076814e+01,2.100960e+01,2.078195e+01,2.083719e+01,2.085099e+01,2.091308e+01,2.080957e+01,2.076814e+01,2.082338e+01,2.087859e+01,2.087169e+01,2.083719e+01
2.104405e+01,2.105782e+01,2.109225e+01,2.106471e+01,2.099582e+01,2.103027e+01,2.105782e+01,2.103716e+01,2.094067e+01,2.107848e+01,2.107848e+01,2.108537e+01,2.121611e+01,2.116108e+01,2.118172e+01,2.107160e+01,2.099582e+01,2.098893e+01,2.126423e+01,2.114044e+01,2.114732e+01,2.120923e+01,2.128485e+01,2.131233e+01,2.120923e+01,2.128485e+01,2.118860e+01,2.119548e+01,2.116796e+01,2.124361e+01,2.118172e+01,2.114732e+01,2.115420e+01,2.113355e+01,2.110602e+01,2.106471e+01,2.110602e+01,2.109225e+01,2.111291e+01,2.113355e+01,2.108537e+01,2.116108e+01,2.118172e+01,2.115420e+01,2.111291e+01,2.111979e+01,2.109914e+01,2.096825e+01,2.112667e+01,2.109914e+01,2.109914e+01,2.127110e+01,2.120235e+01,2.109914e+01,2.107848e+01,2.108537e+01,2.108537e+01,2.109225e+01,2.111979e+01,2.109914e+01,2.109914e+01,2.109225e+01,2.107848e+01,2.111291e+01,2.107848e+01,2.116796e+01,2.121611e+01,2.100960e+01,2.107848e+01,2.106471e+01,2.105094e+01,2.105782e+01,2.116796e+01,2.104405e+01,2.105782e+01,2.118860e+01,2.114044e+01,2.124361e+01,2.110602e+01,2.109914e+01,2.110602e+01,2.114732e+01,2.111979e+01,2.107160e+01,2.115420e+01,2.115420e+01,2.113355e+01,2.115420e+01,2.111979e+01,2.112667e+01,2.108537e+01,2.113355e+01,2.108537e+01,2.106471e+01,2.109914e+01,2.105782e+01,2.111291e+01,2.105094e+01,2.108537e+01,2.110602e+01,2.100960e+01,2.114732e+01,2.105094e+01,2.102338e+01,2.107160e+01,2.118860e+01,2.112667e+01,2.102338e+01,2.100960e+01,2.114044e+01,2.109914e+01,2.109225e+01,2.108537e+01,2.113355e+01,2.103027e+01,2.099582e+01,2.111291e+01,2.105094e+01,2.104405e+01,2.090619e+01,2.094757e+01,2.103027e+01,2.101649e+01,2.107160e+01,2.100271e+01,2.110602e+01,2.111291e+01,2.105094e+01,2.107848e+01,2.118172e+01,2.109914e+01,2.112667e+01,2.106471e+01,2.110602e+01,2.116108e+01,2.102338e+01,2.113355e+01,2.112667e+01,2.100960e+01,2.103027e+01,2.109225e+01,2.106471e+01,2.105094e+01,2.118860e+01,2.100271e+01,2.118172e+01,2.099582e+01,2.114732e+01,2.108537e+01,2.109225e+01,2.109914e+01,2.114044e+01,2.120923e+01,2.109225e+01,2.112667e+01,2.110602e+01,2.100960e+01,2.120235e+01,2.100271e+01,2.103716e+01,2.105782e+01,2.106471e+01,2.103716e+01,2.105094e+01,2.109914e+01,2.114732e+01,2.107160e+01,2.115420e+01,2.105094e+01,2.109914e+01,2.103027e+01,2.116796e+01,2.125736e+01,2.109225e+01,2.117484e+01,2.113355e+01,2.117484e+01,2.122986e+01,2.119548e+01,2.129172e+01,2.123674e+01,2.122986e+01,2.133294e+01,2.139474e+01,2.152508e+01,2.147708e+01,2.171002e+01,2.177159e+01,2.196973e+01,2.209934e+01,2.235127e+01,2.265005e+01,2.295473e+01,2.324503e+01,2.346053e+01,2.380307e+01,2.405087e+01,2.431810e+01,2.434478e+01,2.435145e+01,2.443813e+01,2.468442e+01,2.471102e+01,2.471766e+01,2.471766e+01,2.483060e+01,2.489033e+01,2.513557e+01,2.509584e+01,2.504284e+01,2.489033e+01,2.493014e+01,2.478411e+01,2.468442e+01,2.445146e+01,2.391030e+01,2.327199e+01,2.250756e+01,2.169633e+01,2.122986e+01,2.106471e+01,2.077505e+01,2.074742e+01,2.074742e+01,2.075432e+01,2.061607e+01,2.087169e+01,2.071978e+01,2.063682e+01,2.067139e+01,2.063682e+01,2.062299e+01,2.046377e+01,2.062299e+01,2.049840e+01,2.059531e+01,2.051918e+01,2.056071e+01,2.058840e+01,2.055379e+01,2.065757e+01,2.049148e+01,2.060915e+01,2.051918e+01,2.056763e+01,2.056071e+01,2.057456e+01,2.057456e+01,2.058148e+01,2.058148e+01,2.058148e+01,2.056763e+01,2.061607e+01,2.056763e+01,2.058840e+01,2.064374e+01,2.057456e+01,2.062299e+01,2.057456e+01,2.058840e+01,2.056071e+01,2.058148e+01,2.053303e+01,2.057456e+01,2.033205e+01,2.055379e+01,2.056071e+01,2.058840e+01,2.054687e+01,2.061607e+01,2.054687e+01,2.058148e+01,2.058148e+01,2.048455e+01,2.055379e+01,2.047762e+01,2.056071e+01,2.053995e+01,2.046377e+01,2.067139e+01,2.067831e+01,2.065757e+01,2.070596e+01,2.067831e+01,2.067139e+01,2.069213e+01,2.066448e+01,2.065065e+01,2.062990e+01,2.057456e+01,2.058840e+01,2.051225e+01,2.056071e+01,2.056763e+01,2.054687e+01,2.054687e+01,2.061607e+01,2.045684e+01,2.061607e+01,2.058148e+01,2.051225e+01,2.051918e+01,2.052610e+01,2.040140e+01,2.047070e+01,2.051225e+01,2.052610e+01,2.040833e+01,2.053303e+01,2.053995e+01,2.058148e+01,2.060915e+01,2.052610e+01,2.066448e+01,2.067139e+01,2.068522e+01,2.071978e+01,2.065757e+01,2.067831e+01,2.065065e+01,2.066448e+01,2.060223e+01,2.056763e+01,2.059531e+01,2.049840e+01,2.051225e+01,2.051918e+01,2.050533e+01,2.051225e+01,2.054687e+01,2.058148e+01,2.058148e+01,2.049148e+01,2.061607e+01,2.053995e+01,2.056071e+01,2.060223e+01,2.061607e+01,2.058840e+01,2.055379e+01,2.058148e+01,2.050533e+01,2.044991e+01,2.051225e+01,2.040140e+01,2.058148e+01,2.047070e+01,2.053995e+01,2.054687e+01,2.054687e+01,2.053303e+01,2.057456e+01,2.061607e+01,2.051225e+01,2.056763e+01,2.053303e+01,2.057456e+01,2.049148e+01,2.053303e+01,2.047070e+01,2.051225e+01,2.052610e+01,2.051225e+01,2.049840e+01,2.053995e+01,2.051918e+01,2.052610e+01,2.055379e+01,2.055379e+01,2.056763e+01,2.051225e+01,2.058840e+01,2.056763e+01,2.058148e+01,2.051225e+01,2.060223e+01,2.060915e+01,2.060223e+01,2.061607e+01,2.058148e+01,2.062990e+01,2.056763e+01,2.051918e+01,2.053995e+01,2.058840e+01,2.072669e+01,2.056071e+01,2.055379e+01,2.069213e+01,2.064374e+01,2.060915e+01,2.057456e+01,2.059531e+01,2.070596e+01,2.061607e+01,2.063682e+01,2.060223e+01,2.059531e+01,2.060223e+01,2.059531e+01,2.059531e+01,2.063682e+01,2.066448e+01,2.069905e+01,2.065757e+01,2.071978e+01,2.050533e+01,2.068522e+01,2.076123e+01,2.071978e+01,2.065757e+01,2.074051e+01,2.076123e+01,2.064374e+01,2.069905e+01,2.069213e+01,2.070596e+01,2.071978e+01,2.066448e+01,2.066448e+01,2.076814e+01,2.065757e+01,2.068522e+01,2.074051e+01,2.071287e+01,2.071978e+01,2.066448e+01,2.068522e+01,2.071978e+01,2.060915e+01,2.057456e+01,2.069905e+01,2.074051e+01,2.071287e+01,2.072669e+01,2.074051e+01,2.080267e+01,2.080267e+01,2.074051e+01,2.079576e+01,2.080957e+01,2.071978e+01,2.070596e+01,2.069213e+01,2.065757e+01,2.075432e+01,2.068522e+01,2.066448e+01,2.060915e+01,2.060915e+01,2.058840e+01,2.062990e+01,2.053303e+01,2.053995e+01,2.050533e+01,2.053995e+01,2.032512e+01,2.022100e+01,2.040833e+01,2.027654e+01,2.031818e+01,2.032512e+01,2.029042e+01,2.038753e+01,2.049840e+01,2.052610e+01,2.067139e+01,2.080957e+01,2.080267e+01,2.078195e+01,2.091308e+01,2.107160e+01,2.101649e+01,2.101649e+01,2.103027e+01,2.100960e+01,2.110602e+01,2.094757e+01,2.098203e+01,2.104405e+01,2.116108e+01,2.096825e+01,2.068522e+01,2.064374e+01,2.068522e+01,2.056071e+01,2.063682e+01,2.056071e+01,2.074742e+01,2.056763e+01,2.082338e+01,2.081648e+01,2.113355e+01,2.114732e+01,2.125736e+01,2.144278e+01,2.158677e+01,2.162102e+01,2.187413e+01,2.200386e+01,2.180578e+01,2.185363e+01,2.181262e+01,2.168949e+01,2.160047e+01,2.150451e+01,2.139474e+01,2.122298e+01,2.114732e+01,2.110602e+01,2.120235e+01,2.116108e+01,2.104405e+01,2.105782e+01,2.115420e+01,2.120923e+01,2.118860e+01,2.138101e+01,2.119548e+01,2.124361e+01,2.122986e+01,2.125048e+01,2.110602e+01,2.118172e+01,2.115420e+01,2.114044e+01,2.110602e+01,2.100960e+01,2.113355e+01,2.112667e+01,2.118172e+01,2.108537e+01,2.116108e+01,2.120235e+01,2.119548e+01,2.120923e+01,2.117484e+01,2.106471e+01,2.099582e+01,2.099582e+01,2.107160e+01,2.103716e+01,2.092688e+01,2.092688e+01,2.098893e+01,2.094757e+01,2.096135e+01,2.103027e+01,2.100271e+01,2.093377e+01,2.099582e+01,2.099582e+01,2.089929e+01,2.096135e+01,2.094757e+01,2.094067e+01,2.091998e+01,2.085099e+01,2.080957e+01,2.087169e+01,2.089929e+01,2.082338e+01,2.089239e+01,2.095446e+01,2.087169e+01,2.087169e+01,2.080267e+01,2.078886e+01,2.078195e+01,2.074742e+01,2.079576e+01,2.085099e+01,2.087859e+01,2.085099e+01,2.086479e+01,2.087859e+01,2.080957e+01,2.081648e+01,2.080957e+01,2.080267e+01,2.081648e+01,2.085789e+01,2.089239e+01,2.083719e+01,2.086479e+01,2.088549e+01,2.087859e+01,2.090619e+01,2.073360e+01,2.074051e+01,2.087169e+01,2.097514e+01,2.074742e+01,2.079576e+01,2.093377e+01,2.081648e+01,2.091308e+01,2.082338e+01,2.078195e+01,2.080267e+01,2.079576e+01,2.080267e+01,2.078886e+01,2.079576e+01,2.080957e+01,2.093377e+01,2.080957e+01,2.087169e+01,2.084409e+01,2.087859e+01,2.088549e+01,2.087859e+01,2.092688e+01,2.089239e+01,2.080267e+01,2.076814e+01,2.089239e+01,2.083028e+01,2.091308e+01,2.086479e+01,2.094757e+01,2.096135e+01,2.090619e+01,2.089239e+01,2.095446e+01,2.071287e+01,2.094757e+01,2.086479e+01,2.103716e+01,2.074742e+01,2.094757e+01,2.081648e+01,2.080957e+01,2.080267e+01,2.099582e+01,2.096825e+01,2.082338e+01,2.071287e+01,2.076123e+01,2.084409e+01
2.107160e+01,2.106471e+01,2.107848e+01,2.107848e+01,2.110602e+01,2.105094e+01,2.102338e+01,2.112667e+01,2.114044e+01,2.111979e+01,2.113355e+01,2.102338e+01,2.113355e+01,2.126423e+01,2.118172e+01,2.120923e+01,2.115420e+01,2.128485e+01,2.109225e+01,2.126423e+01,2.111979e+01,2.114732e+01,2.133294e+01,2.125736e+01,2.119548e+01,2.118860e+01,2.136728e+01,2.119548e+01,2.122986e+01,2.124361e+01,2.114732e+01,2.116796e+01,2.104405e+01,2.113355e+01,2.114732e+01,2.112667e+01,2.109225e+01,2.111291e+01,2.112667e+01,2.105782e+01,2.109225e+01,2.111979e+01,2.108537e+01,2.105782e+01,2.107848e+01,2.105094e+01,2.105094e+01,2.106471e+01,2.106471e+01,2.114044e+01,2.108537e+01,2.113355e+01,2.109914e+01,2.122986e+01,2.109225e+01,2.103716e+01,2.107848e+01,2.104405e+01,2.107848e+01,2.100271e+01,2.108537e+01,2.107160e+01,2.114732e+01,2.111291e+01,2.107160e+01,2.107160e+01,2.105094e+01,2.107160e+01,2.104405e+01,2.103716e+01,2.077505e+01,2.105782e+01,2.118860e+01,2.107848e+01,2.116108e+01,2.117484e+01,2.116796e+01,2.103027e+01,2.112667e+01,2.109225e+01,2.114044e+01,2.107160e+01,2.113355e+01,2.110602e+01,2.114044e+01,2.114732e+01,2.114044e+01,2.116796e+01,2.116108e+01,2.111291e+01,2.107160e+01,2.105782e+01,2.106471e+01,2.103716e+01,2.105782e+01,2.111979e+01,2.110602e+01,2.109914e+01,2.112667e+01,2.109225e+01,2.112667e+01,2.101649e+01,2.112667e+01,2.110602e+01,2.102338e+01,2.121611e+01,2.109914e+01,2.105094e+01,2.120235e+01,2.100271e+01,2.099582e+01,2.104405e+01,2.100960e+01,2.101649e+01,2.106471e+01,2.105782e+01,2.108537e+01,2.107848e+01,2.118172e+01,2.105782e+01,2.105094e+01,2.111291e+01,2.100271e+01,2.109914e+01,2.105782e+01,2.112667e+01,2.110602e+01,2.103716e+01,2.104405e+01,2.098893e+01,2.113355e+01,2.104405e+01,2.104405e+01,2.107848e+01,2.107160e+01,2.103716e+01,2.105094e+01,2.111979e+01,2.107160e+01,2.116796e+01,2.114044e+01,2.108537e+01,2.121611e+01,2.115420e+01,2.098893e+01,2.115420e+01,2.104405e+01,2.113355e+01,2.116108e+01,2.111979e+01,2.109225e+01,2.107160e+01,2.118860e+01,2.117484e+01,2.114044e+01,2.110602e+01,2.110602e+01,2.104405e+01,2.116108e+01,2.105094e+01,2.104405e+01,2.102338e+01,2.105782e+01,2.108537e+01,2.115420e+01,2.109914e+01,2.111979e+01,2.106471e+01,2.102338e+01,2.122986e+01,2.112667e+01,2.104405e+01,2.108537e+01,2.117484e+01,2.116108e+01,2.118860e+01,2.117484e+01,2.119548e+01,2.121611e+01,2.129172e+01,2.130546e+01,2.124361e+01,2.144964e+01,2.136041e+01,2.142906e+01,2.146336e+01,2.160047e+01,2.162787e+01,2.190828e+01,2.203115e+01,2.216749e+01,2.248039e+01,2.284650e+01,2.317759e+01,2.347398e+01,2.378966e+01,2.403080e+01,2.405756e+01,2.431143e+01,2.425803e+01,2.457799e+01,2.459795e+01,2.471766e+01,2.475753e+01,2.494341e+01,2.491687e+01,2.481067e+01,2.499645e+01,2.511571e+01,2.509584e+01,2.502296e+01,2.512895e+01,2.495667e+01,2.486379e+01,2.463787e+01,2.425803e+01,2.381648e+01,2.318433e+01,2.215387e+01,2.127798e+01,2.087169e+01,2.083028e+01,2.074051e+01,2.076123e+01,2.057456e+01,2.062299e+01,2.072669e+01,2.071978e+01,2.067831e+01,2.061607e+01,2.070596e+01,2.066448e+01,2.058148e+01,2.059531e+01,2.045684e+01,2.058148e+01,2.041526e+01,2.057456e+01,2.056763e+01,2.046377e+01,2.058148e+01,2.068522e+01,2.070596e+01,2.053303e+01,2.060915e+01,2.051225e+01,2.055379e+01,2.058840e+01,2.056071e+01,2.058148e+01,2.058840e+01,2.063682e+01,2.062299e+01,2.056071e+01,2.062299e+01,2.050533e+01,2.058148e+01,2.062299e+01,2.056763e+01,2.054687e+01,2.060223e+01,2.056763e+01,2.052610e+01,2.056071e+01,2.056763e+01,2.059531e+01,2.055379e+01,2.052610e+01,2.051918e+01,2.058148e+01,2.065065e+01,2.053995e+01,2.049840e+01,2.052610e+01,2.056763e+01,2.047070e+01,2.056071e+01,2.054687e+01,2.060223e+01,2.060223e+01,2.062990e+01,2.056071e+01,2.066448e+01,2.066448e+01,2.062990e+01,2.051225e+01,2.058148e+01,2.065065e+01,2.059531e+01,2.049840e+01,2.060223e+01,2.052610e+01,2.061607e+01,2.058840e+01,2.045684e+01,2.055379e+01,2.057456e+01,2.052610e+01,2.056763e+01,2.053303e+01,2.053303e+01,2.050533e+01,2.048455e+01,2.052610e+01,2.037366e+01,2.040140e+01,2.046377e+01,2.050533e+01,2.049148e+01,2.067139e+01,2.056763e+01,2.058148e+01,2.040140e+01,2.058840e+01,2.066448e+01,2.062990e+01,2.065065e+01,2.066448e+01,2.062990e+01,2.062990e+01,2.063682e+01,2.060223e+01,2.040833e+01,2.051918e+01,2.053303e+01,2.046377e+01,2.049840e+01,2.059531e+01,2.046377e+01,2.043605e+01,2.051225e+01,2.049840e+01,2.060223e+01,2.058840e+01,2.057456e+01,2.063682e+01,2.056071e+01,2.064374e+01,2.060915e+01,2.060223e+01,2.057456e+01,2.051918e+01,2.046377e+01,2.038060e+01,2.044991e+01,2.040140e+01,2.050533e+01,2.045684e+01,2.050533e+01,2.054687e+01,2.050533e+01,2.056763e+01,2.051225e+01,2.051918e+01,2.051918e+01,2.065065e+01,2.063682e+01,2.064374e+01,2.054687e+01,2.041526e+01,2.049148e+01,2.047762e+01,2.049148e+01,2.049840e+01,2.049840e+01,2.050533e+01,2.056763e+01,2.060223e+01,2.053995e+01,2.045684e+01,2.050533e+01,2.056071e+01,2.044298e+01,2.058840e+01,2.049840e+01,2.049148e+01,2.056763e+01,2.058148e+01,2.063682e+01,2.060915e+01,2.065757e+01,2.053995e+01,2.052610e+01,2.056071e+01,2.053995e+01,2.069905e+01,2.054687e+01,2.058840e+01,2.064374e+01,2.067139e+01,2.066448e+01,2.058148e+01,2.069905e+01,2.071287e+01,2.060915e+01,2.058148e+01,2.062990e+01,2.058148e+01,2.069905e+01,2.061607e+01,2.056071e+01,2.062990e+01,2.070596e+01,2.069905e+01,2.065757e+01,2.060915e+01,2.060223e+01,2.068522e+01,2.067139e+01,2.069905e+01,2.066448e+01,2.062990e+01,2.073360e+01,2.067139e+01,2.060915e+01,2.058148e+01,2.070596e+01,2.073360e+01,2.076814e+01,2.083719e+01,2.076123e+01,2.065065e+01,2.067831e+01,2.076814e+01,2.066448e+01,2.070596e+01,2.062299e+01,2.063682e+01,2.065065e+01,2.062990e+01,2.078195e+01,2.071978e+01,2.069213e+01,2.072669e+01,2.074051e+01,2.078195e+01,2.074051e+01,2.076814e+01,2.080957e+01,2.076814e+01,2.074051e+01,2.075432e+01,2.073360e+01,2.064374e+01,2.069213e+01,2.065065e+01,2.059531e+01,2.074051e+01,2.063682e+01,2.071287e+01,2.067831e+01,2.055379e+01,2.058148e+01,2.058840e+01,2.061607e+01,2.048455e+01,2.033205e+01,2.033205e+01,2.040140e+01,2.033899e+01,2.034592e+01,2.032512e+01,2.041526e+01,2.050533e+01,2.043605e+01,2.053995e+01,2.061607e+01,2.062990e+01,2.073360e+01,2.087169e+01,2.103027e+01,2.105094e+01,2.124361e+01,2.122986e+01,2.102338e+01,2.123674e+01,2.120923e+01,2.118860e+01,2.122986e+01,2.119548e+01,2.096825e+01,2.106471e+01,2.098893e+01,2.083719e+01,2.075432e+01,2.071287e+01,2.080267e+01,2.081648e+01,2.086479e+01,2.098203e+01,2.107848e+01,2.110602e+01,2.137415e+01,2.137415e+01,2.154565e+01,2.154565e+01,2.183312e+01,2.188096e+01,2.186729e+01,2.194243e+01,2.187413e+01,2.175791e+01,2.172371e+01,2.155936e+01,2.157306e+01,2.144964e+01,2.139474e+01,2.134668e+01,2.114044e+01,2.112667e+01,2.109914e+01,2.107160e+01,2.107848e+01,2.107160e+01,2.118860e+01,2.120235e+01,2.118172e+01,2.125736e+01,2.120235e+01,2.121611e+01,2.114732e+01,2.100271e+01,2.122298e+01,2.118172e+01,2.107848e+01,2.113355e+01,2.108537e+01,2.107848e+01,2.113355e+01,2.111291e+01,2.119548e+01,2.107848e+01,2.120923e+01,2.116796e+01,2.107160e+01,2.114044e+01,2.113355e+01,2.111979e+01,2.101649e+01,2.097514e+01,2.109225e+01,2.096135e+01,2.099582e+01,2.098203e+01,2.097514e+01,2.102338e+01,2.096825e+01,2.094067e+01,2.092688e+01,2.099582e+01,2.091308e+01,2.090619e+01,2.092688e+01,2.091998e+01,2.094067e+01,2.095446e+01,2.093377e+01,2.095446e+01,2.080267e+01,2.092688e+01,2.090619e+01,2.083028e+01,2.086479e+01,2.098203e+01,2.094757e+01,2.091308e+01,2.088549e+01,2.073360e+01,2.071287e+01,2.085099e+01,2.084409e+01,2.085789e+01,2.080957e+01,2.087169e+01,2.083719e+01,2.078195e+01,2.089239e+01,2.080267e+01,2.084409e+01,2.084409e+01,2.087859e+01,2.085099e+01,2.078195e+01,2.090619e+01,2.094067e+01,2.091308e+01,2.085099e+01,2.091998e+01,2.079576e+01,2.087859e+01,2.086479e+01,2.096825e+01,2.090619e+01,2.086479e+01,2.086479e+01,2.087169e+01,2.066448e+01,2.082338e+01,2.084409e+01,2.076814e+01,2.089929e+01,2.078886e+01,2.078886e+01,2.116108e+01,2.094757e+01,2.074742e+01,2.075432e+01,2.075432e+01,2.087859e+01,2.087169e+01,2.084409e+01,2.085789e+01,2.115420e+01,2.094067e+01,2.089929e+01,2.088549e+01,2.090619e+01,2.089929e+01,2.088549e+01,2.074051e+01,2.094757e+01,2.085789e+01,2.089239e+01,2.091998e+01,2.094757e+01,2.096135e+01,2.078195e+01,2.089929e+01,2.101649e+01,2.075432e+01,2.081648e+01,2.081648e+01,2.091308e+01,2.076814e+01,2.083028e+01,2.080267e+01,2.076123e+01,2.067139e+01,2.080267e+01,2.084409e+01
2.118172e+01,2.103716e+01,2.114732e+01,2.109914e+01,2.114044e+01,2.089929e+01,2.091998e+01,2.092688e+01,2.108537e+01,2.104405e+01,2.100271e+01,2.103027e+01,2.103716e+01,2.125048e+01,2.122986e+01,2.118172e+01,2.116108e+01,2.108537e+01,2.125048e+01,2.118860e+01,2.116108e+01,2.116796e+01,2.125736e+01,2.122298e+01,2.123674e+01,2.136728e+01,2.119548e+01,2.124361e+01,2.120923e+01,2.120923e+01,2.115420e+01,2.122986e+01,2.111979e+01,2.116108e+01,2.113355e+01,2.107848e+01,2.116796e+01,2.100960e+01,2.118860e+01,2.100960e+01,2.114732e+01,2.118860e+01,2.111291e+01,2.107848e+01,2.100960e+01,2.100271e+01,2.109914e+01,2.126423e+01,2.114044e+01,2.109225e+01,2.117484e+01,2.116796e+01,2.116108e+01,2.104405e+01,2.101649e+01,2.107848e+01,2.109225e+01,2.111291e+01,2.111979e+01,2.107848e+01,2.110602e+01,2.108537e+01,2.108537e+01,2.105782e+01,2.111291e+01,2.118172e+01,2.100960e+01,2.100960e+01,2.125736e+01,2.127798e+01,2.105094e+01,2.103027e+01,2.115420e+01,2.109225e+01,2.116796e+01,2.118860e+01,2.113355e+01,2.103716e+01,2.100960e+01,2.111291e+01,2.106471e+01,2.115420e+01,2.112667e+01,2.113355e+01,2.115420e+01,2.113355e+01,2.111979e+01,2.102338e+01,2.114044e+01,2.101649e+01,2.107160e+01,2.107848e+01,2.106471e+01,2.107160e+01,2.114044e+01,2.116108e+01,2.113355e+01,2.104405e+01,2.099582e+01,2.114732e+01,2.097514e+01,2.112667e+01,2.096825e+01,2.093377e+01,2.103027e+01,2.103716e+01,2.121611e+01,2.103716e+01,2.109914e+01,2.103027e+01,2.114044e+01,2.108537e+01,2.114732e+01,2.103716e+01,2.109225e+01,2.105782e+01,2.111291e+01,2.103716e+01,2.103716e+01,2.102338e+01,2.091308e+01,2.113355e+01,2.114732e+01,2.111291e+01,2.113355e+01,2.100960e+01,2.102338e+01,2.120923e+01,2.103716e+01,2.106471e+01,2.100271e+01,2.108537e+01,2.105782e+01,2.112667e+01,2.107848e+01,2.102338e+01,2.103027e+01,2.102338e+01,2.106471e+01,2.122298e+01,2.111979e+01,2.111291e+01,2.103716e+01,2.109914e+01,2.111979e+01,2.102338e+01,2.103716e+01,2.110602e+01,2.107160e+01,2.105782e+01,2.112667e+01,2.111291e+01,2.125048e+01,2.118860e+01,2.120235e+01,2.116796e+01,2.112667e+01,2.099582e+01,2.108537e+01,2.111291e+01,2.102338e+01,2.107160e+01,2.105094e+01,2.106471e+01,2.106471e+01,2.116108e+01,2.118860e+01,2.108537e+01,2.107160e+01,2.098203e+01,2.107848e+01,2.112667e+01,2.116108e+01,2.109914e+01,2.118860e+01,2.110602e+01,2.117484e+01,2.118860e+01,2.117484e+01,2.121611e+01,2.118860e+01,2.130546e+01,2.117484e+01,2.138788e+01,2.140847e+01,2.148394e+01,2.157991e+01,2.175791e+01,2.180578e+01,2.186046e+01,2.205843e+01,2.241925e+01,2.270428e+01,2.290063e+01,2.332589e+01,2.360171e+01,2.377624e+01,2.419125e+01,2.428473e+01,2.434478e+01,2.457133e+01,2.458464e+01,2.470437e+01,2.478411e+01,2.477747e+01,2.493014e+01,2.496330e+01,2.506935e+01,2.518852e+01,2.508922e+01,2.518190e+01,2.525466e+01,2.495004e+01,2.492351e+01,2.485715e+01,2.468442e+01,2.436479e+01,2.357483e+01,2.271783e+01,2.176475e+01,2.121611e+01,2.092688e+01,2.078886e+01,2.071287e+01,2.076123e+01,2.061607e+01,2.075432e+01,2.069905e+01,2.067139e+01,2.051225e+01,2.069213e+01,2.071287e+01,2.068522e+01,2.064374e+01,2.060915e+01,2.053303e+01,2.063682e+01,2.069905e+01,2.055379e+01,2.053995e+01,2.060223e+01,2.056763e+01,2.061607e+01,2.063682e+01,2.061607e+01,2.060223e+01,2.056071e+01,2.047762e+01,2.061607e+01,2.055379e+01,2.057456e+01,2.055379e+01,2.051225e+01,2.057456e+01,2.052610e+01,2.052610e+01,2.058148e+01,2.055379e+01,2.049840e+01,2.060915e+01,2.056763e+01,2.051225e+01,2.052610e+01,2.047070e+01,2.053995e+01,2.056763e+01,2.058148e+01,2.057456e+01,2.051225e+01,2.058840e+01,2.051918e+01,2.052610e+01,2.059531e+01,2.059531e+01,2.056763e+01,2.042912e+01,2.053995e+01,2.068522e+01,2.051225e+01,2.051918e+01,2.048455e+01,2.066448e+01,2.066448e+01,2.071287e+01,2.061607e+01,2.067831e+01,2.064374e+01,2.061607e+01,2.061607e+01,2.057456e+01,2.058148e+01,2.062299e+01,2.053303e+01,2.049148e+01,2.053303e+01,2.060223e+01,2.051225e+01,2.053303e+01,2.051918e+01,2.049840e+01,2.055379e+01,2.060223e+01,2.056763e+01,2.051225e+01,2.058840e+01,2.054687e+01,2.052610e+01,2.064374e+01,2.061607e+01,2.066448e+01,2.058840e+01,2.062990e+01,2.064374e+01,2.067139e+01,2.074051e+01,2.065065e+01,2.065757e+01,2.065757e+01,2.058148e+01,2.065757e+01,2.057456e+01,2.056763e+01,2.067139e+01,2.051225e+01,2.054687e+01,2.040833e+01,2.052610e+01,2.050533e+01,2.058840e+01,2.053303e+01,2.051918e+01,2.058148e+01,2.060223e+01,2.059531e+01,2.056071e+01,2.069905e+01,2.070596e+01,2.074742e+01,2.067139e+01,2.065065e+01,2.060223e+01,2.058840e+01,2.042912e+01,2.056071e+01,2.051918e+01,2.040140e+01,2.065065e+01,2.050533e+01,2.051225e+01,2.049840e+01,2.052610e+01,2.049840e+01,2.049840e+01,2.048455e+01,2.047070e+01,2.047070e+01,2.062990e+01,2.053303e+01,2.049840e+01,2.049840e+01,2.050533e+01,2.048455e+01,2.034592e+01,2.051225e+01,2.051225e+01,2.055379e+01,2.051225e+01,2.051918e+01,2.057456e+01,2.054687e+01,2.055379e+01,2.054687e+01,2.052610e+01,2.057456e+01,2.058840e+01,2.049840e+01,2.060223e+01,2.065065e+01,2.064374e+01,2.052610e+01,2.055379e+01,2.052610e+01,2.054687e+01,2.059531e+01,2.056071e+01,2.053995e+01,2.060223e+01,2.065065e+01,2.063682e+01,2.059531e+01,2.069905e+01,2.058148e+01,2.056763e+01,2.065757e+01,2.064374e+01,2.067831e+01,2.058148e+01,2.061607e+01,2.062990e+01,2.069213e+01,2.060915e+01,2.063682e+01,2.051225e+01,2.078195e+01,2.064374e+01,2.056071e+01,2.058840e+01,2.076814e+01,2.054687e+01,2.073360e+01,2.062990e+01,2.074742e+01,2.064374e+01,2.060915e+01,2.066448e+01,2.071978e+01,2.062990e+01,2.065065e+01,2.083028e+01,2.079576e+01,2.071978e+01,2.066448e+01,2.066448e+01,2.070596e+01,2.074742e+01,2.072669e+01,2.068522e+01,2.065065e+01,2.067139e+01,2.062299e+01,2.053303e+01,2.076814e+01,2.078886e+01,2.069213e+01,2.078195e+01,2.070596e+01,2.071287e+01,2.074742e+01,2.081648e+01,2.080267e+01,2.071287e+01,2.079576e+01,2.078195e+01,2.067139e+01,2.071287e+01,2.071978e+01,2.062299e+01,2.074051e+01,2.067139e+01,2.058840e+01,2.060223e+01,2.060223e+01,2.062990e+01,2.060915e+01,2.058840e+01,2.049148e+01,2.033899e+01,2.038753e+01,2.032512e+01,2.007505e+01,2.037366e+01,2.037366e+01,2.033205e+01,2.044298e+01,2.051225e+01,2.074051e+01,2.079576e+01,2.074051e+01,2.085099e+01,2.090619e+01,2.109225e+01,2.119548e+01,2.133294e+01,2.132607e+01,2.120923e+01,2.124361e+01,2.143592e+01,2.144278e+01,2.148394e+01,2.120923e+01,2.118860e+01,2.117484e+01,2.103027e+01,2.125048e+01,2.106471e+01,2.108537e+01,2.107848e+01,2.105782e+01,2.105782e+01,2.105094e+01,2.125736e+01,2.133981e+01,2.143592e+01,2.165526e+01,2.155250e+01,2.190145e+01,2.187413e+01,2.201068e+01,2.178527e+01,2.194243e+01,2.203797e+01,2.183996e+01,2.186729e+01,2.173739e+01,2.160732e+01,2.146336e+01,2.128485e+01,2.131233e+01,2.134668e+01,2.118860e+01,2.114044e+01,2.103027e+01,2.114732e+01,2.097514e+01,2.125736e+01,2.142220e+01,2.114732e+01,2.129172e+01,2.127110e+01,2.109225e+01,2.120235e+01,2.109225e+01,2.120235e+01,2.121611e+01,2.122298e+01,2.116796e+01,2.099582e+01,2.115420e+01,2.116796e+01,2.106471e+01,2.110602e+01,2.109914e+01,2.112667e+01,2.116796e+01,2.114044e+01,2.105094e+01,2.122298e+01,2.111979e+01,2.098893e+01,2.103716e+01,2.108537e+01,2.105782e+01,2.100271e+01,2.111291e+01,2.092688e+01,2.100271e+01,2.099582e+01,2.096135e+01,2.093377e+01,2.091998e+01,2.091308e+01,2.089239e+01,2.096825e+01,2.098203e+01,2.086479e+01,2.098893e+01,2.082338e+01,2.089929e+01,2.090619e+01,2.091998e+01,2.089239e+01,2.091998e+01,2.094067e+01,2.092688e+01,2.080267e+01,2.083719e+01,2.088549e+01,2.087859e+01,2.087859e+01,2.083028e+01,2.081648e+01,2.094757e+01,2.073360e+01,2.076814e+01,2.089929e+01,2.077505e+01,2.090619e+01,2.081648e+01,2.083719e+01,2.083719e+01,2.086479e+01,2.085789e+01,2.081648e+01,2.085789e+01,2.094067e+01,2.092688e+01,2.087169e+01,2.091308e+01,2.092688e+01,2.089239e+01,2.080957e+01,2.085099e+01,2.087859e+01,2.080267e+01,2.081648e+01,2.078886e+01,2.081648e+01,2.082338e+01,2.080267e+01,2.087859e+01,2.089929e+01,2.080267e+01,2.089929e+01,2.083028e+01,2.076814e+01,2.071287e+01,2.082338e+01,2.074051e+01,2.078886e+01,2.085789e+01,2.074742e+01,2.084409e+01,2.079576e+01,2.080957e+01,2.086479e+01,2.089929e+01,2.089239e+01,2.094757e+01,2.093377e+01,2.094067e+01,2.086479e+01,2.093377e+01,2.091308e+01,2.082338e+01,2.076123e+01,2.078886e+01,2.080957e+01,2.088549e+01,2.099582e+01,2.087859e+01,2.080957e+01,2.085099e+01,2.085789e+01,2.089929e+01,2.103027e+01,2.099582e+01,2.077505e+01,2.085789e+01,2.083028e+01,2.082338e+01
2.114044e+01,2.101649e+01,2.107160e+01,2.109225e+01,2.116108e+01,2.109225e+01,2.100960e+01,2.091308e+01,2.093377e+01,2.104405e+01,2.106471e+01,2.111291e+01,2.108537e+01,2.118172e+01,2.110602e+01,2.134668e+01,2.122986e+01,2.109225e+01,2.124361e+01,2.137415e+01,2.114732e+01,2.126423e+01,2.130546e+01,2.118172e+01,2.118172e+01,2.125736e+01,2.133294e+01,2.125048e+01,2.124361e+01,2.118860e+01,2.114732e+01,2.114044e+01,2.113355e+01,2.116108e+01,2.109225e+01,2.114732e+01,2.100271e+01,2.098893e+01,2.089929e+01,2.103027e+01,2.106471e+01,2.115420e+01,2.106471e+01,2.098893e+01,2.106471e+01,2.119548e+01,2.111979e+01,2.112667e+01,2.110602e+01,2.105094e+01,2.109225e+01,2.129172e+01,2.113355e+01,2.108537e+01,2.105782e+01,2.107848e+01,2.105782e+01,2.109914e+01,2.109225e+01,2.108537e+01,2.110602e+01,2.111291e+01,2.106471e+01,2.113355e+01,2.107848e+01,2.114044e+01,2.120923e+01,2.104405e+01,2.111979e+01,2.125736e+01,2.109225e+01,2.109225e+01,2.118172e+01,2.113355e+01,2.116796e+01,2.119548e+01,2.120235e+01,2.105782e+01,2.096135e+01,2.111979e+01,2.110602e+01,2.111979e+01,2.111291e+01,2.109225e+01,2.116108e+01,2.114044e+01,2.114732e+01,2.115420e+01,2.104405e+01,2.106471e+01,2.104405e+01,2.105094e+01,2.105094e+01,2.099582e+01,2.109914e+01,2.116108e+01,2.108537e+01,2.102338e+01,2.097514e+01,2.101649e+01,2.096825e+01,2.094757e+01,2.114044e+01,2.107160e+01,2.099582e+01,2.104405e+01,2.106471e+01,2.103027e+01,2.105782e+01,2.099582e+01,2.102338e+01,2.100271e+01,2.109225e+01,2.106471e+01,2.110602e+01,2.115420e+01,2.106471e+01,2.105094e+01,2.104405e+01,2.085789e+01,2.103716e+01,2.111291e+01,2.101649e+01,2.111979e+01,2.112667e+01,2.113355e+01,2.108537e+01,2.110602e+01,2.098203e+01,2.109225e+01,2.107160e+01,2.098893e+01,2.098893e+01,2.109914e+01,2.100960e+01,2.116108e+01,2.121611e+01,2.104405e+01,2.107848e+01,2.111291e+01,2.109225e+01,2.106471e+01,2.103716e+01,2.113355e+01,2.102338e+01,2.112667e+01,2.109225e+01,2.114044e+01,2.105782e+01,2.104405e+01,2.114044e+01,2.109225e+01,2.110602e+01,2.110602e+01,2.116108e+01,2.099582e+01,2.103716e+01,2.107160e+01,2.105094e+01,2.105782e+01,2.107848e+01,2.110602e+01,2.106471e+01,2.106471e+01,2.105782e+01,2.104405e+01,2.104405e+01,2.133981e+01,2.112667e+01,2.109914e+01,2.108537e+01,2.115420e+01,2.112667e+01,2.115420e+01,2.120235e+01,2.114044e+01,2.120235e+01,2.113355e+01,2.118172e+01,2.118860e+01,2.115420e+01,2.134668e+01,2.133981e+01,2.134668e+01,2.141533e+01,2.134668e+01,2.142220e+01,2.163472e+01,2.172371e+01,2.193560e+01,2.198338e+01,2.226282e+01,2.264327e+01,2.293444e+01,2.323828e+01,2.359499e+01,2.376283e+01,2.403080e+01,2.426471e+01,2.431143e+01,2.444479e+01,2.455136e+01,2.461791e+01,2.461791e+01,2.482396e+01,2.496330e+01,2.500308e+01,2.506272e+01,2.506272e+01,2.511571e+01,2.514881e+01,2.515543e+01,2.512895e+01,2.519513e+01,2.489697e+01,2.480403e+01,2.466447e+01,2.419793e+01,2.346053e+01,2.260258e+01,2.174423e+01,2.116796e+01,2.083028e+01,2.087169e+01,2.072669e+01,2.071978e+01,2.088549e+01,2.067831e+01,2.066448e+01,2.067831e+01,2.065065e+01,2.067831e+01,2.060915e+01,2.070596e+01,2.070596e+01,2.069213e+01,2.055379e+01,2.056763e+01,2.055379e+01,2.056071e+01,2.062299e+01,2.056763e+01,2.060223e+01,2.050533e+01,2.062299e+01,2.045684e+01,2.056763e+01,2.052610e+01,2.054687e+01,2.057456e+01,2.054687e+01,2.056763e+01,2.054687e+01,2.056071e+01,2.052610e+01,2.058148e+01,2.055379e+01,2.061607e+01,2.062990e+01,2.050533e+01,2.055379e+01,2.044298e+01,2.048455e+01,2.053303e+01,2.045684e+01,2.056071e+01,2.051225e+01,2.059531e+01,2.051918e+01,2.056763e+01,2.049840e+01,2.056071e+01,2.054687e+01,2.046377e+01,2.040833e+01,2.051225e+01,2.052610e+01,2.052610e+01,2.054687e+01,2.048455e+01,2.058840e+01,2.058148e+01,2.055379e+01,2.060223e+01,2.056763e+01,2.057456e+01,2.054687e+01,2.055379e+01,2.059531e+01,2.058840e+01,2.055379e+01,2.047762e+01,2.053995e+01,2.052610e+01,2.052610e+01,2.048455e+01,2.058148e+01,2.052610e+01,2.056763e+01,2.049840e+01,2.058840e+01,2.052610e+01,2.049148e+01,2.033899e+01,2.047762e+01,2.051225e+01,2.053995e+01,2.057456e+01,2.053995e+01,2.066448e+01,2.065757e+01,2.064374e+01,2.062990e+01,2.064374e+01,2.065065e+01,2.064374e+01,2.069905e+01,2.065757e+01,2.049148e+01,2.060223e+01,2.058148e+01,2.058840e+01,2.039447e+01,2.040140e+01,2.050533e+01,2.044298e+01,2.040140e+01,2.041526e+01,2.050533e+01,2.047762e+01,2.047762e+01,2.056071e+01,2.049148e+01,2.053303e+01,2.064374e+01,2.063682e+01,2.062299e+01,2.060223e+01,2.061607e+01,2.065065e+01,2.060223e+01,2.050533e+01,2.056763e+01,2.064374e+01,2.038753e+01,2.050533e+01,2.050533e+01,2.050533e+01,2.042912e+01,2.049148e+01,2.050533e+01,2.048455e+01,2.061607e+01,2.052610e+01,2.054687e+01,2.054687e+01,2.051225e+01,2.049840e+01,2.061607e+01,2.045684e+01,2.043605e+01,2.055379e+01,2.049840e+01,2.047070e+01,2.047070e+01,2.057456e+01,2.051225e+01,2.042912e+01,2.046377e+01,2.050533e+01,2.056763e+01,2.054687e+01,2.051225e+01,2.064374e+01,2.062990e+01,2.049840e+01,2.058840e+01,2.052610e+01,2.067139e+01,2.060223e+01,2.060915e+01,2.060915e+01,2.062299e+01,2.056763e+01,2.052610e+01,2.062990e+01,2.056071e+01,2.059531e+01,2.065757e+01,2.069213e+01,2.048455e+01,2.062299e+01,2.060915e+01,2.056763e+01,2.056763e+01,2.056763e+01,2.057456e+01,2.059531e+01,2.064374e+01,2.067831e+01,2.060223e+01,2.062990e+01,2.063682e+01,2.071978e+01,2.062990e+01,2.070596e+01,2.071287e+01,2.064374e+01,2.058840e+01,2.076814e+01,2.078886e+01,2.074742e+01,2.075432e+01,2.070596e+01,2.075432e+01,2.083028e+01,2.073360e+01,2.067831e+01,2.077505e+01,2.078886e+01,2.076123e+01,2.070596e+01,2.067139e+01,2.067831e+01,2.067831e+01,2.069905e+01,2.061607e+01,2.058840e+01,2.060223e+01,2.075432e+01,2.082338e+01,2.067139e+01,2.069905e+01,2.071287e+01,2.074051e+01,2.083028e+01,2.080957e+01,2.083719e+01,2.074051e+01,2.078886e+01,2.078886e+01,2.066448e+01,2.083028e+01,2.071978e+01,2.067139e+01,2.061607e+01,2.064374e+01,2.071978e+01,2.077505e+01,2.069905e+01,2.063682e+01,2.060223e+01,2.065757e+01,2.051918e+01,2.065757e+01,2.065065e+01,2.056071e+01,2.052610e+01,2.043605e+01,2.037366e+01,2.038060e+01,2.043605e+01,2.040833e+01,2.050533e+01,2.045684e+01,2.070596e+01,2.067831e+01,2.077505e+01,2.084409e+01,2.107160e+01,2.116796e+01,2.133981e+01,2.155936e+01,2.122986e+01,2.136041e+01,2.147708e+01,2.151137e+01,2.142220e+01,2.157991e+01,2.155936e+01,2.149080e+01,2.124361e+01,2.125048e+01,2.127798e+01,2.119548e+01,2.119548e+01,2.111291e+01,2.117484e+01,2.133294e+01,2.140847e+01,2.146336e+01,2.158677e+01,2.158677e+01,2.163472e+01,2.190828e+01,2.186046e+01,2.177159e+01,2.192877e+01,2.206525e+01,2.209934e+01,2.196291e+01,2.186046e+01,2.171002e+01,2.184679e+01,2.152508e+01,2.153880e+01,2.133294e+01,2.112667e+01,2.115420e+01,2.118172e+01,2.115420e+01,2.113355e+01,2.121611e+01,2.116796e+01,2.121611e+01,2.125736e+01,2.127798e+01,2.124361e+01,2.107848e+01,2.118860e+01,2.114044e+01,2.116108e+01,2.122298e+01,2.120235e+01,2.116796e+01,2.114044e+01,2.118172e+01,2.111291e+01,2.114044e+01,2.102338e+01,2.113355e+01,2.112667e+01,2.109914e+01,2.121611e+01,2.111291e+01,2.114732e+01,2.114044e+01,2.112667e+01,2.103716e+01,2.101649e+01,2.101649e+01,2.098203e+01,2.097514e+01,2.097514e+01,2.091308e+01,2.095446e+01,2.093377e+01,2.094067e+01,2.102338e+01,2.094067e+01,2.080267e+01,2.090619e+01,2.095446e+01,2.094757e+01,2.093377e+01,2.078195e+01,2.082338e+01,2.082338e+01,2.084409e+01,2.072669e+01,2.091308e+01,2.092688e+01,2.087859e+01,2.083719e+01,2.083028e+01,2.090619e+01,2.083028e+01,2.083028e+01,2.071287e+01,2.078195e+01,2.080957e+01,2.079576e+01,2.090619e+01,2.076123e+01,2.081648e+01,2.089239e+01,2.083719e+01,2.087859e+01,2.082338e+01,2.074742e+01,2.085789e+01,2.087169e+01,2.073360e+01,2.095446e+01,2.090619e+01,2.086479e+01,2.093377e+01,2.083028e+01,2.079576e+01,2.091998e+01,2.084409e+01,2.079576e+01,2.085099e+01,2.081648e+01,2.085099e+01,2.083719e+01,2.069213e+01,2.078886e+01,2.078195e+01,2.085789e+01,2.089239e+01,2.083719e+01,2.062990e+01,2.089239e+01,2.093377e+01,2.073360e+01,2.080267e+01,2.074051e+01,2.072669e+01,2.080267e+01,2.073360e+01,2.081648e+01,2.087859e+01,2.078195e+01,2.080267e+01,2.068522e+01,2.089929e+01,2.091998e+01,2.094757e+01,2.078195e+01,2.091998e+01,2.091998e+01,2.072669e+01,2.094757e+01,2.090619e+01,2.078886e+01,2.074742e+01,2.082338e+01,2.086479e+01,2.080267e+01,2.081648e+01,2.083719e+01,2.083028e+01,2.078195e+01,2.071978e+01,2.082338e+01,2.087859e+01,2.066448e+01,2.081648e+01,2.082338e+01
2.109914e+01,2.100271e+01,2.096825e+01,2.114044e+01,2.090619e+01,2.104405e+01,2.103027e+01,2.104405e+01,2.105094e+01,2.104405e+01,2.108537e+01,2.120923e+01,2.106471e+01,2.133981e+01,2.122298e+01,2.122298e+01,2.112667e+01,2.117484e+01,2.121611e+01,2.122986e+01,2.125736e+01,2.119548e+01,2.122986e+01,2.123674e+01,2.120235e+01,2.121611e+01,2.123674e+01,2.120235e+01,2.135355e+01,2.121611e+01,2.116108e+01,2.118172e+01,2.115420e+01,2.111979e+01,2.113355e+01,2.103027e+01,2.118860e+01,2.111291e+01,2.119548e+01,2.114044e+01,2.103716e+01,2.107848e+01,2.097514e+01,2.110602e+01,2.108537e+01,2.107160e+01,2.098893e+01,2.101649e+01,2.100271e+01,2.111979e+01,2.107848e+01,2.114044e+01,2.109914e+01,2.108537e+01,2.098203e+01,2.103027e+01,2.109914e+01,2.102338e+01,2.094757e+01,2.105782e+01,2.107848e+01,2.107160e+01,2.109225e+01,2.128485e+01,2.112667e+01,2.111979e+01,2.104405e+01,2.109225e+01,2.112667e+01,2.118172e+01,2.108537e+01,2.119548e+01,2.116796e+01,2.114732e+01,2.114044e+01,2.119548e+01,2.107848e+01,2.105782e+01,2.110602e+01,2.119548e+01,2.110602e+01,2.116796e+01,2.107848e+01,2.113355e+01,2.113355e+01,2.113355e+01,2.113355e+01,2.102338e+01,2.106471e+01,2.108537e+01,2.105094e+01,2.107160e+01,2.104405e+01,2.105094e+01,2.105782e+01,2.095446e+01,2.109225e+01,2.115420e+01,2.107848e+01,2.100271e+01,2.103027e+01,2.099582e+01,2.108537e+01,2.098893e+01,2.107160e+01,2.121611e+01,2.105782e+01,2.124361e+01,2.112667e+01,2.114732e+01,2.099582e+01,2.103027e+01,2.109914e+01,2.107848e+01,2.110602e+01,2.112667e+01,2.109914e+01,2.103027e+01,2.113355e+01,2.097514e+01,2.107848e+01,2.111291e+01,2.109914e+01,2.103716e+01,2.114044e+01,2.100960e+01,2.109914e+01,2.108537e+01,2.103027e+01,2.108537e+01,2.112667e+01,2.105782e+01,2.097514e+01,2.116108e+01,2.102338e+01,2.103716e+01,2.107160e+01,2.116796e+01,2.105782e+01,2.105782e+01,2.105782e+01,2.130546e+01,2.122986e+01,2.109914e+01,2.109225e+01,2.109914e+01,2.105782e+01,2.113355e+01,2.109225e+01,2.108537e+01,2.109225e+01,2.108537e+01,2.122298e+01,2.121611e+01,2.108537e+01,2.116796e+01,2.110602e+01,2.101649e+01,2.111291e+01,2.114044e+01,2.109225e+01,2.114044e+01,2.110602e+01,2.105094e+01,2.131920e+01,2.112667e+01,2.103716e+01,2.115420e+01,2.114044e+01,2.109914e+01,2.111979e+01,2.111979e+01,2.114732e+01,2.109914e+01,2.113355e+01,2.122298e+01,2.131233e+01,2.105782e+01,2.120923e+01,2.129172e+01,2.114732e+01,2.144278e+01,2.133294e+01,2.138101e+01,2.132607e+01,2.143592e+01,2.136041e+01,2.159362e+01,2.170318e+01,2.196973e+01,2.213342e+01,2.214024e+01,2.246002e+01,2.289387e+01,2.322480e+01,2.350089e+01,2.374941e+01,2.398395e+01,2.404418e+01,2.435145e+01,2.446478e+01,2.453139e+01,2.448477e+01,2.466447e+01,2.469772e+01,2.471766e+01,2.495667e+01,2.504947e+01,2.516866e+01,2.524805e+01,2.522160e+01,2.532077e+01,2.526789e+01,2.534720e+01,2.522160e+01,2.504947e+01,2.497656e+01,2.467777e+01,2.433144e+01,2.359499e+01,2.271783e+01,2.185363e+01,2.118860e+01,2.091998e+01,2.077505e+01,2.078195e+01,2.067831e+01,2.069905e+01,2.074742e+01,2.064374e+01,2.073360e+01,2.065757e+01,2.065065e+01,2.073360e+01,2.074051e+01,2.070596e+01,2.074742e+01,2.051225e+01,2.053995e+01,2.069905e+01,2.071287e+01,2.058840e+01,2.058148e+01,2.063682e+01,2.056763e+01,2.051918e+01,2.056763e+01,2.067831e+01,2.060223e+01,2.053995e+01,2.057456e+01,2.058148e+01,2.053303e+01,2.054687e+01,2.055379e+01,2.055379e+01,2.058148e+01,2.060223e+01,2.059531e+01,2.053303e+01,2.049840e+01,2.051225e+01,2.051225e+01,2.046377e+01,2.056071e+01,2.049840e+01,2.048455e+01,2.055379e+01,2.050533e+01,2.056071e+01,2.053995e+01,2.046377e+01,2.043605e+01,2.049840e+01,2.048455e+01,2.059531e+01,2.055379e+01,2.046377e+01,2.053303e+01,2.055379e+01,2.053303e+01,2.056763e+01,2.058840e+01,2.058148e+01,2.072669e+01,2.054687e+01,2.058840e+01,2.052610e+01,2.060915e+01,2.053303e+01,2.056071e+01,2.060915e+01,2.060223e+01,2.052610e+01,2.050533e+01,2.049840e+01,2.061607e+01,2.047762e+01,2.056071e+01,2.056763e+01,2.061607e+01,2.046377e+01,2.047762e+01,2.055379e+01,2.054687e+01,2.040140e+01,2.041526e+01,2.060915e+01,2.051225e+01,2.055379e+01,2.058148e+01,2.065065e+01,2.058840e+01,2.065757e+01,2.074051e+01,2.059531e+01,2.064374e+01,2.065757e+01,2.052610e+01,2.051918e+01,2.080267e+01,2.055379e+01,2.062990e+01,2.059531e+01,2.054687e+01,2.053303e+01,2.051225e+01,2.054687e+01,2.056763e+01,2.056763e+01,2.065757e+01,2.060915e+01,2.056071e+01,2.069905e+01,2.062299e+01,2.076123e+01,2.060915e+01,2.061607e+01,2.061607e+01,2.072669e+01,2.068522e+01,2.057456e+01,2.061607e+01,2.045684e+01,2.049840e+01,2.049840e+01,2.042219e+01,2.048455e+01,2.049148e+01,2.051225e+01,2.053303e+01,2.057456e+01,2.050533e+01,2.051225e+01,2.069213e+01,2.056071e+01,2.058148e+01,2.058148e+01,2.060223e+01,2.044298e+01,2.056071e+01,2.068522e+01,2.049840e+01,2.049840e+01,2.049840e+01,2.051918e+01,2.051225e+01,2.057456e+01,2.063682e+01,2.053995e+01,2.050533e+01,2.064374e+01,2.055379e+01,2.062990e+01,2.049148e+01,2.055379e+01,2.056763e+01,2.051918e+01,2.055379e+01,2.059531e+01,2.054687e+01,2.052610e+01,2.057456e+01,2.058840e+01,2.056071e+01,2.058840e+01,2.060915e+01,2.063682e+01,2.064374e+01,2.062299e+01,2.065065e+01,2.062299e+01,2.069213e+01,2.058840e+01,2.064374e+01,2.067831e+01,2.073360e+01,2.059531e+01,2.062299e+01,2.064374e+01,2.067831e+01,2.060915e+01,2.062299e+01,2.065065e+01,2.074742e+01,2.054687e+01,2.067831e+01,2.076123e+01,2.077505e+01,2.068522e+01,2.075432e+01,2.062990e+01,2.081648e+01,2.072669e+01,2.076123e+01,2.080957e+01,2.071287e+01,2.065065e+01,2.067831e+01,2.080957e+01,2.079576e+01,2.076123e+01,2.074742e+01,2.071978e+01,2.067831e+01,2.080267e+01,2.080957e+01,2.062299e+01,2.075432e+01,2.061607e+01,2.075432e+01,2.069905e+01,2.073360e+01,2.069905e+01,2.076814e+01,2.083719e+01,2.084409e+01,2.085789e+01,2.070596e+01,2.080957e+01,2.077505e+01,2.072669e+01,2.093377e+01,2.076814e+01,2.078886e+01,2.076123e+01,2.070596e+01,2.073360e+01,2.071978e+01,2.071287e+01,2.070596e+01,2.064374e+01,2.061607e+01,2.074051e+01,2.077505e+01,2.063682e+01,2.075432e+01,2.063682e+01,2.046377e+01,2.038060e+01,2.042219e+01,2.047070e+01,2.067139e+01,2.069213e+01,2.050533e+01,2.065065e+01,2.062990e+01,2.082338e+01,2.107160e+01,2.097514e+01,2.112667e+01,2.133294e+01,2.143592e+01,2.140161e+01,2.160732e+01,2.159362e+01,2.181262e+01,2.159362e+01,2.183312e+01,2.158677e+01,2.171686e+01,2.154565e+01,2.169633e+01,2.135355e+01,2.137415e+01,2.132607e+01,2.136728e+01,2.162102e+01,2.171002e+01,2.175107e+01,2.175107e+01,2.175107e+01,2.175791e+01,2.190828e+01,2.194243e+01,2.190145e+01,2.215387e+01,2.220155e+01,2.195608e+01,2.212661e+01,2.213342e+01,2.192194e+01,2.189462e+01,2.169633e+01,2.155250e+01,2.142220e+01,2.130546e+01,2.128485e+01,2.135355e+01,2.116108e+01,2.100960e+01,2.098893e+01,2.118860e+01,2.105094e+01,2.128485e+01,2.127110e+01,2.130546e+01,2.129859e+01,2.120235e+01,2.118860e+01,2.125736e+01,2.114044e+01,2.118860e+01,2.118172e+01,2.112667e+01,2.118172e+01,2.114044e+01,2.114044e+01,2.116108e+01,2.112667e+01,2.116108e+01,2.110602e+01,2.111291e+01,2.110602e+01,2.116796e+01,2.114732e+01,2.115420e+01,2.113355e+01,2.109225e+01,2.109914e+01,2.103716e+01,2.103716e+01,2.093377e+01,2.103027e+01,2.094757e+01,2.103027e+01,2.093377e+01,2.084409e+01,2.094757e+01,2.092688e+01,2.091998e+01,2.085099e+01,2.094757e+01,2.094757e+01,2.096825e+01,2.098203e+01,2.078886e+01,2.083719e+01,2.100960e+01,2.094067e+01,2.090619e+01,2.065757e+01,2.096825e+01,2.089239e+01,2.087859e+01,2.089929e+01,2.089239e+01,2.085099e+01,2.088549e+01,2.083028e+01,2.092688e+01,2.080957e+01,2.076814e+01,2.077505e+01,2.073360e+01,2.076814e+01,2.086479e+01,2.085099e+01,2.076814e+01,2.085099e+01,2.087169e+01,2.092688e+01,2.088549e+01,2.078195e+01,2.086479e+01,2.086479e+01,2.087859e+01,2.094067e+01,2.091308e+01,2.085099e+01,2.082338e+01,2.080957e+01,2.084409e+01,2.090619e+01,2.087859e+01,2.086479e+01,2.080267e+01,2.080957e+01,2.085789e+01,2.089929e+01,2.088549e+01,2.094067e+01,2.076814e+01,2.076814e+01,2.085789e+01,2.094067e+01,2.074742e+01,2.072669e+01,2.074051e+01,2.072669e+01,2.079576e+01,2.084409e+01,2.086479e+01,2.090619e+01,2.083719e+01,2.092688e+01,2.073360e+01,2.079576e+01,2.080957e+01,2.083028e+01,2.081648e+01,2.078886e+01,2.077505e+01,2.086479e+01,2.087169e+01,2.079576e+01,2.086479e+01,2.085789e+01,2.074051e+01,2.080267e+01,2.083719e+01,2.086479e+01,2.078886e+01,2.073360e+01,2.068522e+01,2.071978e+01,2.085099e+01,2.087169e+01,2.078886e+01,2.083028e+01
2.107848e+01,2.106471e+01,2.103716e+01,2.103716e+01,2.106471e+01,2.114044e+01,2.105782e+01,2.099582e+01,2.112667e+01,2.125736e+01,2.112667e+01,2.129859e+01,2.105094e+01,2.106471e+01,2.118172e+01,2.113355e+01,2.118860e+01,2.105782e+01,2.121611e+01,2.123674e+01,2.119548e+01,2.124361e+01,2.122298e+01,2.122986e+01,2.122298e+01,2.122986e+01,2.114732e+01,2.111291e+01,2.125736e+01,2.117484e+01,2.115420e+01,2.115420e+01,2.110602e+01,2.121611e+01,2.112667e+01,2.104405e+01,2.111979e+01,2.113355e+01,2.105094e+01,2.116108e+01,2.113355e+01,2.108537e+01,2.108537e+01,2.110602e+01,2.110602e+01,2.109914e+01,2.098893e+01,2.102338e+01,2.104405e+01,2.103027e+01,2.118860e+01,2.115420e+01,2.109225e+01,2.100271e+01,2.109225e+01,2.107848e+01,2.105094e+01,2.104405e+01,2.105782e+01,2.139474e+01,2.114732e+01,2.106471e+01,2.109225e+01,2.110602e+01,2.106471e+01,2.114044e+01,2.112667e+01,2.103716e+01,2.114044e+01,2.102338e+01,2.113355e+01,2.109914e+01,2.111979e+01,2.107160e+01,2.108537e+01,2.115420e+01,2.110602e+01,2.107848e+01,2.106471e+01,2.120235e+01,2.111291e+01,2.111979e+01,2.116108e+01,2.114044e+01,2.113355e+01,2.116796e+01,2.102338e+01,2.111979e+01,2.120235e+01,2.108537e+01,2.102338e+01,2.108537e+01,2.101649e+01,2.110602e+01,2.108537e+01,2.106471e+01,2.112667e+01,2.101649e+01,2.098893e+01,2.108537e+01,2.110602e+01,2.105094e+01,2.110602e+01,2.103716e+01,2.105094e+01,2.118860e+01,2.125048e+01,2.106471e+01,2.104405e+01,2.108537e+01,2.105782e+01,2.104405e+01,2.106471e+01,2.104405e+01,2.109225e+01,2.102338e+01,2.101649e+01,2.109225e+01,2.106471e+01,2.107848e+01,2.107160e+01,2.111291e+01,2.110602e+01,2.109225e+01,2.107848e+01,2.110602e+01,2.100271e+01,2.101649e+01,2.105094e+01,2.109225e+01,2.113355e+01,2.112667e+01,2.101649e+01,2.111979e+01,2.116108e+01,2.100960e+01,2.118860e+01,2.115420e+01,2.106471e+01,2.105094e+01,2.107160e+01,2.105782e+01,2.105782e+01,2.127110e+01,2.106471e+01,2.110602e+01,2.125048e+01,2.103716e+01,2.114044e+01,2.111291e+01,2.107848e+01,2.103716e+01,2.107848e+01,2.119548e+01,2.104405e+01,2.108537e+01,2.118172e+01,2.111979e+01,2.104405e+01,2.109914e+01,2.109225e+01,2.113355e+01,2.111979e+01,2.114044e+01,2.116108e+01,2.117484e+01,2.121611e+01,2.122298e+01,2.123674e+01,2.115420e+01,2.116796e+01,2.111979e+01,2.113355e+01,2.118860e+01,2.114044e+01,2.117484e+01,2.117484e+01,2.119548e+01,2.118860e+01,2.116796e+01,2.120235e+01,2.128485e+01,2.132607e+01,2.129172e+01,2.142906e+01,2.133294e+01,2.149766e+01,2.157991e+01,2.168264e+01,2.177843e+01,2.196973e+01,2.234447e+01,2.237847e+01,2.291416e+01,2.308985e+01,2.346053e+01,2.377624e+01,2.407093e+01,2.384999e+01,2.429140e+01,2.420461e+01,2.445146e+01,2.433144e+01,2.464452e+01,2.476418e+01,2.476418e+01,2.481067e+01,2.515543e+01,2.505610e+01,2.524144e+01,2.528111e+01,2.519513e+01,2.521498e+01,2.531416e+01,2.522160e+01,2.529433e+01,2.507597e+01,2.502959e+01,2.463122e+01,2.431810e+01,2.372928e+01,2.272461e+01,2.187413e+01,2.118860e+01,2.088549e+01,2.077505e+01,2.066448e+01,2.067831e+01,2.071978e+01,2.065065e+01,2.074051e+01,2.071287e+01,2.070596e+01,2.071978e+01,2.079576e+01,2.068522e+01,2.069213e+01,2.053303e+01,2.068522e+01,2.065065e+01,2.058840e+01,2.064374e+01,2.073360e+01,2.061607e+01,2.059531e+01,2.057456e+01,2.052610e+01,2.058840e+01,2.071978e+01,2.062299e+01,2.055379e+01,2.052610e+01,2.052610e+01,2.053303e+01,2.051918e+01,2.048455e+01,2.055379e+01,2.060223e+01,2.053303e+01,2.047762e+01,2.063682e+01,2.053303e+01,2.051918e+01,2.056071e+01,2.056071e+01,2.051918e+01,2.047762e+01,2.055379e+01,2.047070e+01,2.046377e+01,2.053303e+01,2.060223e+01,2.055379e+01,2.052610e+01,2.056071e+01,2.050533e+01,2.046377e+01,2.047070e+01,2.063682e+01,2.056071e+01,2.065757e+01,2.056071e+01,2.052610e+01,2.056763e+01,2.046377e+01,2.056071e+01,2.059531e+01,2.054687e+01,2.052610e+01,2.062299e+01,2.056071e+01,2.055379e+01,2.056071e+01,2.052610e+01,2.055379e+01,2.055379e+01,2.062299e+01,2.060223e+01,2.053995e+01,2.056071e+01,2.057456e+01,2.049840e+01,2.060915e+01,2.052610e+01,2.060915e+01,2.035980e+01,2.059531e+01,2.057456e+01,2.056071e+01,2.060223e+01,2.046377e+01,2.061607e+01,2.068522e+01,2.062299e+01,2.065065e+01,2.061607e+01,2.068522e+01,2.064374e+01,2.060915e+01,2.058840e+01,2.078886e+01,2.055379e+01,2.055379e+01,2.057456e+01,2.055379e+01,2.056071e+01,2.053995e+01,2.056763e+01,2.053995e+01,2.053995e+01,2.062299e+01,2.064374e+01,2.061607e+01,2.062299e+01,2.063682e+01,2.064374e+01,2.060915e+01,2.076814e+01,2.062299e+01,2.063682e+01,2.065065e+01,2.058840e+01,2.058148e+01,2.059531e+01,2.052610e+01,2.046377e+01,2.042912e+01,2.048455e+01,2.049840e+01,2.051918e+01,2.051225e+01,2.054687e+01,2.058148e+01,2.049148e+01,2.045684e+01,2.059531e+01,2.039447e+01,2.042912e+01,2.054687e+01,2.056071e+01,2.043605e+01,2.053995e+01,2.047762e+01,2.053995e+01,2.059531e+01,2.051225e+01,2.049840e+01,2.048455e+01,2.050533e+01,2.055379e+01,2.064374e+01,2.053303e+01,2.056763e+01,2.065757e+01,2.056763e+01,2.058148e+01,2.058840e+01,2.049148e+01,2.060915e+01,2.055379e+01,2.060915e+01,2.067831e+01,2.053303e+01,2.062299e+01,2.056763e+01,2.065065e+01,2.062299e+01,2.055379e+01,2.061607e+01,2.064374e+01,2.064374e+01,2.058840e+01,2.060223e+01,2.061607e+01,2.066448e+01,2.076123e+01,2.059531e+01,2.068522e+01,2.063682e+01,2.063682e+01,2.054687e+01,2.065757e+01,2.067139e+01,2.062990e+01,2.073360e+01,2.061607e+01,2.076814e+01,2.072669e+01,2.074742e+01,2.063682e+01,2.072669e+01,2.068522e+01,2.078886e+01,2.074742e+01,2.061607e+01,2.076814e+01,2.076814e+01,2.044991e+01,2.077505e+01,2.071978e+01,2.067831e+01,2.074051e+01,2.074051e+01,2.071978e+01,2.069905e+01,2.068522e+01,2.082338e+01,2.064374e+01,2.071287e+01,2.062990e+01,2.065757e+01,2.070596e+01,2.086479e+01,2.071978e+01,2.083028e+01,2.085099e+01,2.088549e+01,2.080267e+01,2.090619e+01,2.068522e+01,2.066448e+01,2.076123e+01,2.089239e+01,2.046377e+01,2.063682e+01,2.065757e+01,2.065065e+01,2.065757e+01,2.069213e+01,2.067831e+01,2.067831e+01,2.066448e+01,2.087169e+01,2.100960e+01,2.074742e+01,2.092688e+01,2.073360e+01,2.071287e+01,2.066448e+01,2.051918e+01,2.056763e+01,2.054687e+01,2.047070e+01,2.067139e+01,2.057456e+01,2.075432e+01,2.072669e+01,2.092688e+01,2.111291e+01,2.122986e+01,2.138101e+01,2.138101e+01,2.161417e+01,2.173739e+01,2.179894e+01,2.170318e+01,2.183996e+01,2.173055e+01,2.190145e+01,2.177159e+01,2.193560e+01,2.192877e+01,2.155250e+01,2.155250e+01,2.178527e+01,2.166211e+01,2.166895e+01,2.170318e+01,2.168264e+01,2.183996e+01,2.181262e+01,2.186046e+01,2.220836e+01,2.210616e+01,2.212661e+01,2.212661e+01,2.218112e+01,2.217430e+01,2.215387e+01,2.194925e+01,2.197656e+01,2.183996e+01,2.175791e+01,2.172371e+01,2.153194e+01,2.144278e+01,2.138101e+01,2.115420e+01,2.115420e+01,2.111291e+01,2.103716e+01,2.096135e+01,2.105782e+01,2.102338e+01,2.122986e+01,2.129172e+01,2.113355e+01,2.122986e+01,2.132607e+01,2.132607e+01,2.127110e+01,2.121611e+01,2.122298e+01,2.122986e+01,2.120235e+01,2.114732e+01,2.112667e+01,2.113355e+01,2.106471e+01,2.113355e+01,2.110602e+01,2.109914e+01,2.110602e+01,2.120235e+01,2.111979e+01,2.106471e+01,2.106471e+01,2.112667e+01,2.114044e+01,2.103716e+01,2.103716e+01,2.105094e+01,2.107160e+01,2.105094e+01,2.096135e+01,2.110602e+01,2.094067e+01,2.094757e+01,2.091998e+01,2.103027e+01,2.098203e+01,2.086479e+01,2.091308e+01,2.083028e+01,2.094067e+01,2.086479e+01,2.090619e+01,2.085099e+01,2.096135e+01,2.104405e+01,2.098893e+01,2.085789e+01,2.095446e+01,2.096135e+01,2.083028e+01,2.087169e+01,2.071287e+01,2.074051e+01,2.090619e+01,2.085099e+01,2.087859e+01,2.094067e+01,2.081648e+01,2.076814e+01,2.075432e+01,2.084409e+01,2.084409e+01,2.070596e+01,2.087859e+01,2.083719e+01,2.083028e+01,2.094067e+01,2.094067e+01,2.084409e+01,2.082338e+01,2.079576e+01,2.084409e+01,2.094067e+01,2.100960e+01,2.096135e+01,2.096825e+01,2.098893e+01,2.080957e+01,2.091998e+01,2.088549e+01,2.085099e+01,2.083028e+01,2.083719e+01,2.080267e+01,2.087859e+01,2.085099e+01,2.091308e+01,2.085099e+01,2.073360e+01,2.084409e+01,2.076123e+01,2.083719e+01,2.069213e+01,2.077505e+01,2.073360e+01,2.078195e+01,2.087859e+01,2.091998e+01,2.078886e+01,2.074742e+01,2.075432e+01,2.076123e+01,2.080267e+01,2.082338e+01,2.070596e+01,2.078195e+01,2.090619e+01,2.082338e+01,2.062990e+01,2.088549e+01,2.084409e+01,2.075432e+01,2.080957e+01,2.080267e+01,2.080267e+01,2.081648e+01,2.079576e+01,2.083028e+01,2.094067e+01,2.085099e+01,2.071978e+01,2.091998e+01,2.081648e+01,2.080957e+01,2.083028e+01
2.112667e+01,2.104405e+01,2.111979e+01,2.106471e+01,2.111291e+01,2.103027e+01,2.103716e+01,2.109225e+01,2.107160e+01,2.105094e+01,2.109914e+01,2.133294e+01,2.105094e+01,2.134668e+01,2.127798e+01,2.127798e+01,2.117484e+01,2.119548e+01,2.129859e+01,2.121611e+01,2.129172e+01,2.127798e+01,2.131233e+01,2.125736e+01,2.124361e+01,2.122298e+01,2.119548e+01,2.127110e+01,2.110602e+01,2.114732e+01,2.125736e+01,2.113355e+01,2.109914e+01,2.114732e+01,2.109914e+01,2.109914e+01,2.136728e+01,2.109914e+01,2.109914e+01,2.121611e+01,2.109225e+01,2.116108e+01,2.096825e+01,2.098203e+01,2.096135e+01,2.111979e+01,2.129172e+01,2.122298e+01,2.103027e+01,2.116108e+01,2.114044e+01,2.111979e+01,2.106471e+01,2.105782e+01,2.113355e+01,2.099582e+01,2.100271e+01,2.122986e+01,2.118860e+01,2.116796e+01,2.105782e+01,2.111979e+01,2.117484e+01,2.113355e+01,2.109914e+01,2.114732e+01,2.116108e+01,2.117484e+01,2.116796e+01,2.118860e+01,2.116108e+01,2.112667e+01,2.114044e+01,2.108537e+01,2.106471e+01,2.105782e+01,2.111291e+01,2.115420e+01,2.107848e+01,2.106471e+01,2.108537e+01,2.120235e+01,2.114044e+01,2.110602e+01,2.114732e+01,2.111291e+01,2.107848e+01,2.099582e+01,2.116108e+01,2.107848e+01,2.098203e+01,2.104405e+01,2.106471e+01,2.104405e+01,2.107160e+01,2.118172e+01,2.104405e+01,2.103716e+01,2.103027e+01,2.101649e+01,2.129859e+01,2.106471e+01,2.113355e+01,2.089929e+01,2.098203e+01,2.121611e+01,2.107848e+01,2.109225e+01,2.109225e+01,2.091308e+01,2.107160e+01,2.105094e+01,2.110602e+01,2.110602e+01,2.103716e+01,2.111979e+01,2.101649e+01,2.101649e+01,2.104405e+01,2.108537e+01,2.110602e+01,2.109225e+01,2.104405e+01,2.095446e+01,2.118172e+01,2.100960e+01,2.102338e+01,2.101649e+01,2.103027e+01,2.108537e+01,2.108537e+01,2.100271e+01,2.105094e+01,2.114044e+01,2.104405e+01,2.097514e+01,2.109914e+01,2.111291e+01,2.121611e+01,2.107848e+01,2.105094e+01,2.109225e+01,2.111291e+01,2.110602e+01,2.108537e+01,2.107848e+01,2.106471e+01,2.103027e+01,2.103716e+01,2.125736e+01,2.107848e+01,2.109225e+01,2.107160e+01,2.119548e+01,2.104405e+01,2.111291e+01,2.114732e+01,2.110602e+01,2.111979e+01,2.108537e+01,2.110602e+01,2.113355e+01,2.110602e+01,2.118172e+01,2.113355e+01,2.099582e+01,2.103716e+01,2.108537e+01,2.122298e+01,2.107160e+01,2.114044e+01,2.112667e+01,2.111291e+01,2.114732e+01,2.118860e+01,2.120235e+01,2.117484e+01,2.111291e+01,2.124361e+01,2.121611e+01,2.122298e+01,2.119548e+01,2.117484e+01,2.141533e+01,2.154565e+01,2.153194e+01,2.155936e+01,2.156621e+01,2.163472e+01,2.177159e+01,2.190145e+01,2.214024e+01,2.233767e+01,2.285327e+01,2.308310e+01,2.337304e+01,2.380977e+01,2.386340e+01,2.402411e+01,2.423800e+01,2.429140e+01,2.434478e+01,2.450475e+01,2.447145e+01,2.474425e+01,2.481067e+01,2.493014e+01,2.510246e+01,2.518190e+01,2.518190e+01,2.522160e+01,2.530094e+01,2.536041e+01,2.538023e+01,2.536702e+01,2.524805e+01,2.521498e+01,2.518190e+01,2.491687e+01,2.482396e+01,2.456468e+01,2.381648e+01,2.271783e+01,2.189462e+01,2.118172e+01,2.091308e+01,2.074742e+01,2.063682e+01,2.069905e+01,2.069213e+01,2.072669e+01,2.071287e+01,2.067831e+01,2.067831e+01,2.071978e+01,2.070596e+01,2.063682e+01,2.073360e+01,2.074051e+01,2.075432e+01,2.069213e+01,2.066448e+01,2.064374e+01,2.070596e+01,2.062990e+01,2.062990e+01,2.051918e+01,2.049840e+01,2.053995e+01,2.062299e+01,2.062299e+01,2.056763e+01,2.058148e+01,2.064374e+01,2.060915e+01,2.060223e+01,2.058148e+01,2.063682e+01,2.053995e+01,2.065065e+01,2.049840e+01,2.052610e+01,2.051225e+01,2.056071e+01,2.075432e+01,2.057456e+01,2.043605e+01,2.047762e+01,2.054687e+01,2.057456e+01,2.056071e+01,2.051918e+01,2.043605e+01,2.041526e+01,2.044298e+01,2.051918e+01,2.051225e+01,2.056071e+01,2.051918e+01,2.053995e+01,2.067139e+01,2.053995e+01,2.063682e+01,2.053303e+01,2.053995e+01,2.053995e+01,2.055379e+01,2.058148e+01,2.053303e+01,2.052610e+01,2.059531e+01,2.053303e+01,2.060915e+01,2.050533e+01,2.051918e+01,2.055379e+01,2.056071e+01,2.053995e+01,2.056071e+01,2.056071e+01,2.049840e+01,2.055379e+01,2.056763e+01,2.055379e+01,2.058840e+01,2.051225e+01,2.059531e+01,2.052610e+01,2.057456e+01,2.056071e+01,2.057456e+01,2.062299e+01,2.058840e+01,2.064374e+01,2.055379e+01,2.063682e+01,2.062299e+01,2.059531e+01,2.063682e+01,2.062299e+01,2.056071e+01,2.065757e+01,2.055379e+01,2.056763e+01,2.063682e+01,2.057456e+01,2.058148e+01,2.065757e+01,2.076814e+01,2.071978e+01,2.062299e+01,2.062299e+01,2.071978e+01,2.057456e+01,2.080957e+01,2.064374e+01,2.075432e+01,2.069905e+01,2.073360e+01,2.055379e+01,2.063682e+01,2.059531e+01,2.058148e+01,2.052610e+01,2.047762e+01,2.047762e+01,2.048455e+01,2.045684e+01,2.047762e+01,2.065757e+01,2.062990e+01,2.049148e+01,2.053303e+01,2.071978e+01,2.054687e+01,2.053995e+01,2.052610e+01,2.060223e+01,2.058840e+01,2.045684e+01,2.040833e+01,2.049840e+01,2.045684e+01,2.047070e+01,2.053303e+01,2.049840e+01,2.050533e+01,2.047762e+01,2.051918e+01,2.054687e+01,2.058840e+01,2.069905e+01,2.060915e+01,2.064374e+01,2.057456e+01,2.063682e+01,2.060915e+01,2.049148e+01,2.061607e+01,2.055379e+01,2.057456e+01,2.051225e+01,2.062299e+01,2.053995e+01,2.053303e+01,2.058148e+01,2.061607e+01,2.061607e+01,2.063682e+01,2.065757e+01,2.068522e+01,2.063682e+01,2.056763e+01,2.069213e+01,2.072669e+01,2.071978e+01,2.071287e+01,2.069213e+01,2.065757e+01,2.067139e+01,2.066448e+01,2.067139e+01,2.090619e+01,2.066448e+01,2.063682e+01,2.073360e+01,2.065065e+01,2.069213e+01,2.062990e+01,2.063682e+01,2.064374e+01,2.072669e+01,2.065065e+01,2.074051e+01,2.077505e+01,2.076814e+01,2.084409e+01,2.076814e+01,2.078886e+01,2.058840e+01,2.071287e+01,2.078195e+01,2.078195e+01,2.069905e+01,2.069213e+01,2.074051e+01,2.064374e+01,2.075432e+01,2.070596e+01,2.071978e+01,2.065065e+01,2.075432e+01,2.076814e+01,2.076123e+01,2.085099e+01,2.085789e+01,2.083719e+01,2.087859e+01,2.079576e+01,2.072669e+01,2.091308e+01,2.076814e+01,2.090619e+01,2.068522e+01,2.074742e+01,2.078886e+01,2.070596e+01,2.083719e+01,2.074742e+01,2.077505e+01,2.076123e+01,2.069905e+01,2.075432e+01,2.078195e+01,2.096135e+01,2.092688e+01,2.091998e+01,2.077505e+01,2.094067e+01,2.070596e+01,2.075432e+01,2.083028e+01,2.058840e+01,2.072669e+01,2.067831e+01,2.091998e+01,2.092688e+01,2.116108e+01,2.111979e+01,2.129859e+01,2.136728e+01,2.161417e+01,2.171002e+01,2.170318e+01,2.178527e+01,2.183996e+01,2.198338e+01,2.199703e+01,2.209252e+01,2.201750e+01,2.205843e+01,2.194925e+01,2.179211e+01,2.205843e+01,2.178527e+01,2.177159e+01,2.172371e+01,2.179894e+01,2.192194e+01,2.184679e+01,2.201068e+01,2.209252e+01,2.222879e+01,2.221517e+01,2.218793e+01,2.211979e+01,2.216749e+01,2.216749e+01,2.217430e+01,2.194925e+01,2.195608e+01,2.181945e+01,2.175791e+01,2.170318e+01,2.155936e+01,2.151137e+01,2.138788e+01,2.122986e+01,2.122986e+01,2.107848e+01,2.103716e+01,2.108537e+01,2.114732e+01,2.103027e+01,2.100960e+01,2.114732e+01,2.129172e+01,2.126423e+01,2.113355e+01,2.108537e+01,2.102338e+01,2.128485e+01,2.114044e+01,2.121611e+01,2.119548e+01,2.112667e+01,2.119548e+01,2.112667e+01,2.117484e+01,2.111979e+01,2.105782e+01,2.111979e+01,2.115420e+01,2.114732e+01,2.107848e+01,2.109225e+01,2.105094e+01,2.110602e+01,2.109914e+01,2.105094e+01,2.105094e+01,2.105094e+01,2.106471e+01,2.096135e+01,2.095446e+01,2.104405e+01,2.095446e+01,2.099582e+01,2.093377e+01,2.091998e+01,2.085789e+01,2.095446e+01,2.067139e+01,2.094067e+01,2.091998e+01,2.096825e+01,2.088549e+01,2.100271e+01,2.096825e+01,2.080267e+01,2.087169e+01,2.089929e+01,2.086479e+01,2.094757e+01,2.084409e+01,2.085099e+01,2.082338e+01,2.096825e+01,2.087859e+01,2.082338e+01,2.074051e+01,2.085789e+01,2.078886e+01,2.087169e+01,2.087859e+01,2.087859e+01,2.086479e+01,2.071287e+01,2.091998e+01,2.091998e+01,2.064374e+01,2.065065e+01,2.088549e+01,2.088549e+01,2.087859e+01,2.087169e+01,2.083719e+01,2.084409e+01,2.085789e+01,2.083028e+01,2.085099e+01,2.082338e+01,2.077505e+01,2.082338e+01,2.090619e+01,2.069213e+01,2.087169e+01,2.078195e+01,2.083719e+01,2.081648e+01,2.109914e+01,2.087169e+01,2.107160e+01,2.102338e+01,2.081648e+01,2.083028e+01,2.079576e+01,2.078886e+01,2.075432e+01,2.083719e+01,2.094067e+01,2.081648e+01,2.090619e+01,2.085789e+01,2.078886e+01,2.087169e+01,2.085789e+01,2.084409e+01,2.089239e+01,2.086479e+01,2.087169e+01,2.085099e+01,2.085099e+01,2.077505e+01,2.081648e+01,2.077505e+01,2.078195e+01,2.094757e+01,2.080957e+01,2.078886e+01,2.078886e+01,2.076123e+01,2.078886e+01,2.072669e+01,2.085789e+01,2.071978e+01,2.086479e+01,2.085099e+01,2.085099e+01,2.084409e+01
2.111979e+01,2.111979e+01,2.111291e+01,2.105782e+01,2.108537e+01,2.102338e+01,2.103716e+01,2.105094e+01,2.100960e+01,2.111979e+01,2.106471e+01,2.118172e+01,2.124361e+01,2.109914e+01,2.127110e+01,2.123674e+01,2.131920e+01,2.121611e+01,2.123674e+01,2.124361e+01,2.125048e+01,2.122986e+01,2.126423e+01,2.122986e+01,2.131233e+01,2.122298e+01,2.134668e+01,2.128485e+01,2.131920e+01,2.121611e+01,2.120923e+01,2.116796e+01,2.121611e+01,2.116108e+01,2.114732e+01,2.115420e+01,2.113355e+01,2.112667e+01,2.108537e+01,2.109225e+01,2.125048e+01,2.111979e+01,2.114044e+01,2.096135e+01,2.105782e+01,2.112667e+01,2.103027e+01,2.105782e+01,2.105782e+01,2.103716e+01,2.114044e+01,2.100271e+01,2.105094e+01,2.112667e+01,2.106471e+01,2.117484e+01,2.116108e+01,2.105782e+01,2.092688e+01,2.097514e+01,2.103716e+01,2.107160e+01,2.106471e+01,2.116108e+01,2.108537e+01,2.114732e+01,2.115420e+01,2.120235e+01,2.115420e+01,2.117484e+01,2.111979e+01,2.109914e+01,2.118172e+01,2.107160e+01,2.111979e+01,2.110602e+01,2.109914e+01,2.118172e+01,2.106471e+01,2.116108e+01,2.091998e+01,2.119548e+01,2.111979e+01,2.117484e+01,2.117484e+01,2.105782e+01,2.107160e+01,2.100960e+01,2.106471e+01,2.101649e+01,2.102338e+01,2.105094e+01,2.100960e+01,2.111291e+01,2.118172e+01,2.113355e+01,2.110602e+01,2.111291e+01,2.103027e+01,2.111291e+01,2.108537e+01,2.106471e+01,2.103716e+01,2.100960e+01,2.107160e+01,2.108537e+01,2.107160e+01,2.109225e+01,2.108537e+01,2.109225e+01,2.102338e+01,2.108537e+01,2.109914e+01,2.100960e+01,2.107160e+01,2.105094e+01,2.111291e+01,2.104405e+01,2.101649e+01,2.098893e+01,2.110602e+01,2.111291e+01,2.114044e+01,2.102338e+01,2.096135e+01,2.118172e+01,2.100960e+01,2.105094e+01,2.102338e+01,2.104405e+01,2.116108e+01,2.103716e+01,2.109225e+01,2.107160e+01,2.100960e+01,2.104405e+01,2.116108e+01,2.094757e+01,2.107160e+01,2.110602e+01,2.110602e+01,2.104405e+01,2.107160e+01,2.107848e+01,2.109225e+01,2.103027e+01,2.116796e+01,2.103027e+01,2.107848e+01,2.105094e+01,2.105094e+01,2.108537e+01,2.107848e+01,2.122986e+01,2.106471e+01,2.107848e+01,2.115420e+01,2.110602e+01,2.114732e+01,2.111291e+01,2.110602e+01,2.105782e+01,2.116796e+01,2.123674e+01,2.103027e+01,2.103027e+01,2.120235e+01,2.111979e+01,2.113355e+01,2.110602e+01,2.111979e+01,2.105094e+01,2.109225e+01,2.111291e+01,2.118172e+01,2.116796e+01,2.121611e+01,2.111979e+01,2.116796e+01,2.117484e+01,2.114732e+01,2.117484e+01,2.135355e+01,2.128485e+01,2.130546e+01,2.136728e+01,2.130546e+01,2.154565e+01,2.161417e+01,2.193560e+01,2.199021e+01,2.213342e+01,2.227644e+01,2.256865e+01,2.296825e+01,2.308985e+01,2.335283e+01,2.362858e+01,2.393709e+01,2.399065e+01,2.415784e+01,2.436479e+01,2.442480e+01,2.453139e+01,2.477082e+01,2.487706e+01,2.489033e+01,2.499645e+01,2.504947e+01,2.520836e+01,2.516204e+01,2.535381e+01,2.535381e+01,2.542645e+01,2.539344e+01,2.548586e+01,2.522821e+01,2.524805e+01,2.521498e+01,2.501634e+01,2.472431e+01,2.430475e+01,2.373599e+01,2.275171e+01,2.188096e+01,2.111291e+01,2.078195e+01,2.069905e+01,2.074742e+01,2.069905e+01,2.066448e+01,2.083028e+01,2.082338e+01,2.068522e+01,2.064374e+01,2.089239e+01,2.065757e+01,2.072669e+01,2.071287e+01,2.074051e+01,2.067139e+01,2.066448e+01,2.060915e+01,2.062299e+01,2.061607e+01,2.054687e+01,2.056071e+01,2.054687e+01,2.053303e+01,2.055379e+01,2.058148e+01,2.054687e+01,2.053303e+01,2.056763e+01,2.049148e+01,2.057456e+01,2.050533e+01,2.062299e+01,2.053995e+01,2.062299e+01,2.050533e+01,2.060223e+01,2.056763e+01,2.048455e+01,2.051225e+01,2.050533e+01,2.053995e+01,2.053995e+01,2.055379e+01,2.051918e+01,2.060223e+01,2.051225e+01,2.060223e+01,2.051918e+01,2.035286e+01,2.040833e+01,2.046377e+01,2.054687e+01,2.051225e+01,2.049840e+01,2.058148e+01,2.055379e+01,2.053995e+01,2.062990e+01,2.069905e+01,2.058148e+01,2.059531e+01,2.060223e+01,2.052610e+01,2.051918e+01,2.053303e+01,2.054687e+01,2.052610e+01,2.055379e+01,2.058148e+01,2.050533e+01,2.052610e+01,2.046377e+01,2.048455e+01,2.045684e+01,2.052610e+01,2.052610e+01,2.050533e+01,2.059531e+01,2.050533e+01,2.060223e+01,2.061607e+01,2.051918e+01,2.048455e+01,2.058148e+01,2.049840e+01,2.051225e+01,2.056071e+01,2.064374e+01,2.066448e+01,2.065757e+01,2.051918e+01,2.049148e+01,2.058840e+01,2.052610e+01,2.055379e+01,2.056763e+01,2.062990e+01,2.065065e+01,2.075432e+01,2.095446e+01,2.074051e+01,2.056071e+01,2.060915e+01,2.061607e+01,2.061607e+01,2.067139e+01,2.067139e+01,2.062299e+01,2.067139e+01,2.078195e+01,2.071978e+01,2.069905e+01,2.075432e+01,2.064374e+01,2.071287e+01,2.048455e+01,2.055379e+01,2.056763e+01,2.056763e+01,2.045684e+01,2.056071e+01,2.053995e+01,2.054687e+01,2.053995e+01,2.053303e+01,2.058840e+01,2.053995e+01,2.053995e+01,2.054687e+01,2.049840e+01,2.048455e+01,2.050533e+01,2.049840e+01,2.053995e+01,2.047762e+01,2.048455e+01,2.051225e+01,2.047762e+01,2.051918e+01,2.051225e+01,2.053303e+01,2.050533e+01,2.050533e+01,2.065757e+01,2.060223e+01,2.060223e+01,2.051225e+01,2.056071e+01,2.066448e+01,2.058148e+01,2.056071e+01,2.065757e+01,2.061607e+01,2.064374e+01,2.056763e+01,2.054687e+01,2.060223e+01,2.060223e+01,2.056763e+01,2.065065e+01,2.064374e+01,2.063682e+01,2.041526e+01,2.053995e+01,2.065757e+01,2.060223e+01,2.060223e+01,2.071978e+01,2.074051e+01,2.067831e+01,2.065757e+01,2.065065e+01,2.065065e+01,2.068522e+01,2.065757e+01,2.068522e+01,2.064374e+01,2.061607e+01,2.067139e+01,2.065757e+01,2.072669e+01,2.065065e+01,2.074742e+01,2.067139e+01,2.070596e+01,2.073360e+01,2.078195e+01,2.065065e+01,2.072669e+01,2.070596e+01,2.074742e+01,2.068522e+01,2.074051e+01,2.057456e+01,2.062990e+01,2.080957e+01,2.076814e+01,2.077505e+01,2.076123e+01,2.072669e+01,2.074051e+01,2.070596e+01,2.058148e+01,2.076814e+01,2.075432e+01,2.076814e+01,2.078195e+01,2.079576e+01,2.078195e+01,2.083028e+01,2.076814e+01,2.075432e+01,2.082338e+01,2.074051e+01,2.082338e+01,2.066448e+01,2.060915e+01,2.069905e+01,2.068522e+01,2.062299e+01,2.072669e+01,2.072669e+01,2.080267e+01,2.078886e+01,2.079576e+01,2.085099e+01,2.103027e+01,2.092688e+01,2.103027e+01,2.079576e+01,2.098203e+01,2.103027e+01,2.089239e+01,2.070596e+01,2.073360e+01,2.081648e+01,2.063682e+01,2.078886e+01,2.096135e+01,2.112667e+01,2.096825e+01,2.114732e+01,2.130546e+01,2.139474e+01,2.161417e+01,2.179894e+01,2.176475e+01,2.194925e+01,2.196291e+01,2.196973e+01,2.218793e+01,2.214705e+01,2.218112e+01,2.205843e+01,2.207889e+01,2.215387e+01,2.204479e+01,2.202432e+01,2.205843e+01,2.205843e+01,2.218112e+01,2.205843e+01,2.211298e+01,2.223560e+01,2.224921e+01,2.222879e+01,2.225602e+01,2.231726e+01,2.228324e+01,2.214024e+01,2.216068e+01,2.226282e+01,2.216068e+01,2.215387e+01,2.194925e+01,2.179211e+01,2.179211e+01,2.156621e+01,2.153880e+01,2.147708e+01,2.127798e+01,2.114732e+01,2.112667e+01,2.116796e+01,2.103027e+01,2.098203e+01,2.100960e+01,2.122986e+01,2.119548e+01,2.131920e+01,2.114044e+01,2.115420e+01,2.117484e+01,2.125736e+01,2.107848e+01,2.103716e+01,2.118860e+01,2.114044e+01,2.120235e+01,2.114044e+01,2.110602e+01,2.109225e+01,2.114732e+01,2.111979e+01,2.111979e+01,2.107848e+01,2.110602e+01,2.114044e+01,2.111291e+01,2.111979e+01,2.120235e+01,2.105094e+01,2.111979e+01,2.107848e+01,2.098893e+01,2.107848e+01,2.102338e+01,2.098203e+01,2.105782e+01,2.100960e+01,2.092688e+01,2.092688e+01,2.094757e+01,2.091998e+01,2.083028e+01,2.091308e+01,2.097514e+01,2.096825e+01,2.085789e+01,2.094067e+01,2.098203e+01,2.094067e+01,2.088549e+01,2.080267e+01,2.075432e+01,2.092688e+01,2.088549e+01,2.092688e+01,2.088549e+01,2.087859e+01,2.087169e+01,2.086479e+01,2.084409e+01,2.092688e+01,2.073360e+01,2.085789e+01,2.074051e+01,2.076123e+01,2.080957e+01,2.071978e+01,2.080957e+01,2.071978e+01,2.066448e+01,2.069905e+01,2.085789e+01,2.076814e+01,2.090619e+01,2.084409e+01,2.087169e+01,2.085789e+01,2.078886e+01,2.085789e+01,2.083028e+01,2.087169e+01,2.081648e+01,2.083719e+01,2.090619e+01,2.085099e+01,2.092688e+01,2.071287e+01,2.091308e+01,2.089239e+01,2.069905e+01,2.081648e+01,2.073360e+01,2.085789e+01,2.079576e+01,2.072669e+01,2.077505e+01,2.087169e+01,2.081648e+01,2.082338e+01,2.078195e+01,2.083028e+01,2.079576e+01,2.072669e+01,2.088549e+01,2.080957e+01,2.080267e+01,2.066448e+01,2.071978e+01,2.074051e+01,2.082338e+01,2.080267e+01,2.065757e+01,2.081648e+01,2.080267e+01,2.078195e+01,2.076814e+01,2.082338e+01,2.083719e+01,2.083719e+01,2.067139e+01,2.077505e+01,2.081648e+01,2.079576e+01,2.084409e+01,2.085099e+01,2.085099e+01,2.093377e+01,2.089929e+01,2.089239e+01,2.073360e+01,2.084409e+01
2.091308e+01,2.112667e+01,2.106471e+01,2.109914e+01,2.103716e+01,2.108537e+01,2.104405e+01,2.101649e+01,2.105782e+01,2.114044e+01,2.109914e+01,2.116796e+01,2.122298e+01,2.107160e+01,2.130546e+01,2.114732e+01,2.121611e+01,2.120235e+01,2.125736e+01,2.123674e+01,2.132607e+01,2.125048e+01,2.142220e+01,2.128485e+01,2.121611e+01,2.114044e+01,2.120923e+01,2.133981e+01,2.108537e+01,2.111979e+01,2.109914e+01,2.124361e+01,2.119548e+01,2.115420e+01,2.116796e+01,2.111291e+01,2.111979e+01,2.117484e+01,2.124361e+01,2.109225e+01,2.108537e+01,2.119548e+01,2.099582e+01,2.098203e+01,2.114732e+01,2.101649e+01,2.103716e+01,2.106471e+01,2.105094e+01,2.111979e+01,2.107848e+01,2.107848e+01,2.108537e+01,2.109914e+01,2.094067e+01,2.100960e+01,2.103027e+01,2.106471e+01,2.110602e+01,2.105782e+01,2.116796e+01,2.106471e+01,2.107160e+01,2.118860e+01,2.111291e+01,2.119548e+01,2.111291e+01,2.120235e+01,2.110602e+01,2.113355e+01,2.109914e+01,2.112667e+01,2.111291e+01,2.105782e+01,2.111979e+01,2.101649e+01,2.094067e+01,2.107848e+01,2.108537e+01,2.103716e+01,2.129172e+01,2.114044e+01,2.118172e+01,2.115420e+01,2.111291e+01,2.107848e+01,2.116108e+01,2.111291e+01,2.105782e+01,2.100960e+01,2.103716e+01,2.109225e+01,2.100960e+01,2.100271e+01,2.117484e+01,2.108537e+01,2.098893e+01,2.107160e+01,2.105094e+01,2.111291e+01,2.103716e+01,2.107848e+01,2.107848e+01,2.109225e+01,2.110602e+01,2.112667e+01,2.109225e+01,2.112667e+01,2.107848e+01,2.111979e+01,2.112667e+01,2.106471e+01,2.109914e+01,2.119548e+01,2.104405e+01,2.105094e+01,2.113355e+01,2.103027e+01,2.106471e+01,2.108537e+01,2.103027e+01,2.107848e+01,2.098893e+01,2.112667e+01,2.111979e+01,2.109225e+01,2.122298e+01,2.114732e+01,2.101649e+01,2.100960e+01,2.102338e+01,2.107160e+01,2.107848e+01,2.109225e+01,2.106471e+01,2.111979e+01,2.103027e+01,2.108537e+01,2.104405e+01,2.105782e+01,2.114044e+01,2.112667e+01,2.109225e+01,2.112667e+01,2.102338e+01,2.114732e+01,2.109914e+01,2.122298e+01,2.110602e+01,2.111291e+01,2.109225e+01,2.107160e+01,2.121611e+01,2.109914e+01,2.106471e+01,2.112667e+01,2.114044e+01,2.112667e+01,2.110602e+01,2.116108e+01,2.116796e+01,2.107160e+01,2.113355e+01,2.104405e+01,2.114044e+01,2.105094e+01,2.104405e+01,2.116108e+01,2.104405e+01,2.114732e+01,2.108537e+01,2.108537e+01,2.109225e+01,2.121611e+01,2.107160e+01,2.114732e+01,2.118860e+01,2.126423e+01,2.117484e+01,2.115420e+01,2.123674e+01,2.124361e+01,2.125736e+01,2.126423e+01,2.130546e+01,2.132607e+01,2.140847e+01,2.138101e+01,2.153194e+01,2.164157e+01,2.179894e+01,2.199703e+01,2.222198e+01,2.250077e+01,2.277880e+01,2.311686e+01,2.334610e+01,2.348744e+01,2.380977e+01,2.396387e+01,2.401073e+01,2.439147e+01,2.436479e+01,2.449809e+01,2.451807e+01,2.468442e+01,2.481731e+01,2.486379e+01,2.492351e+01,2.510246e+01,2.515543e+01,2.537362e+01,2.540004e+01,2.545946e+01,2.558478e+01,2.545946e+01,2.557819e+01,2.541325e+01,2.529433e+01,2.520836e+01,2.493014e+01,2.455802e+01,2.429808e+01,2.349416e+01,2.271106e+01,2.180578e+01,2.122986e+01,2.067831e+01,2.069905e+01,2.072669e+01,2.065757e+01,2.073360e+01,2.076123e+01,2.080267e+01,2.065065e+01,2.060915e+01,2.068522e+01,2.074051e+01,2.069213e+01,2.072669e+01,2.067831e+01,2.068522e+01,2.064374e+01,2.074051e+01,2.066448e+01,2.056763e+01,2.058148e+01,2.055379e+01,2.055379e+01,2.054687e+01,2.062990e+01,2.056763e+01,2.045684e+01,2.060223e+01,2.048455e+01,2.057456e+01,2.047762e+01,2.047762e+01,2.051225e+01,2.059531e+01,2.058148e+01,2.049148e+01,2.052610e+01,2.050533e+01,2.046377e+01,2.057456e+01,2.049840e+01,2.051918e+01,2.049148e+01,2.045684e+01,2.046377e+01,2.035286e+01,2.058840e+01,2.048455e+01,2.054687e+01,2.058840e+01,2.065065e+01,2.047762e+01,2.055379e+01,2.054687e+01,2.044991e+01,2.050533e+01,2.051225e+01,2.060223e+01,2.055379e+01,2.055379e+01,2.056763e+01,2.058840e+01,2.057456e+01,2.062299e+01,2.059531e+01,2.052610e+01,2.051918e+01,2.050533e+01,2.049840e+01,2.053995e+01,2.051225e+01,2.052610e+01,2.051918e+01,2.044991e+01,2.051918e+01,2.055379e+01,2.051918e+01,2.060915e+01,2.063682e+01,2.060915e+01,2.060223e+01,2.047762e+01,2.061607e+01,2.047070e+01,2.062299e+01,2.060223e+01,2.065065e+01,2.063682e+01,2.053995e+01,2.055379e+01,2.046377e+01,2.047070e+01,2.055379e+01,2.057456e+01,2.056763e+01,2.061607e+01,2.067831e+01,2.072669e+01,2.074742e+01,2.078195e+01,2.072669e+01,2.056763e+01,2.055379e+01,2.055379e+01,2.065065e+01,2.056071e+01,2.058840e+01,2.070596e+01,2.058148e+01,2.070596e+01,2.068522e+01,2.076814e+01,2.071287e+01,2.065065e+01,2.069905e+01,2.064374e+01,2.059531e+01,2.051918e+01,2.044298e+01,2.054687e+01,2.056071e+01,2.058148e+01,2.045684e+01,2.052610e+01,2.059531e+01,2.055379e+01,2.054687e+01,2.055379e+01,2.055379e+01,2.055379e+01,2.056071e+01,2.059531e+01,2.050533e+01,2.041526e+01,2.045684e+01,2.048455e+01,2.048455e+01,2.051225e+01,2.051918e+01,2.051918e+01,2.055379e+01,2.043605e+01,2.050533e+01,2.056071e+01,2.054687e+01,2.052610e+01,2.057456e+01,2.053303e+01,2.054687e+01,2.059531e+01,2.065065e+01,2.057456e+01,2.061607e+01,2.065065e+01,2.069213e+01,2.053995e+01,2.065065e+01,2.057456e+01,2.044298e+01,2.063682e+01,2.064374e+01,2.065757e+01,2.051225e+01,2.065065e+01,2.062990e+01,2.065065e+01,2.069213e+01,2.060915e+01,2.067139e+01,2.071978e+01,2.068522e+01,2.074051e+01,2.068522e+01,2.067139e+01,2.067139e+01,2.068522e+01,2.067139e+01,2.074742e+01,2.075432e+01,2.078195e+01,2.076123e+01,2.070596e+01,2.071287e+01,2.074051e+01,2.067831e+01,2.078195e+01,2.069213e+01,2.074051e+01,2.074742e+01,2.084409e+01,2.082338e+01,2.079576e+01,2.078195e+01,2.062299e+01,2.067139e+01,2.078195e+01,2.069213e+01,2.067139e+01,2.075432e+01,2.077505e+01,2.053995e+01,2.074051e+01,2.064374e+01,2.065757e+01,2.083719e+01,2.089929e+01,2.076123e+01,2.078195e+01,2.078195e+01,2.076814e+01,2.083028e+01,2.075432e+01,2.074742e+01,2.090619e+01,2.068522e+01,2.073360e+01,2.073360e+01,2.080267e+01,2.048455e+01,2.069213e+01,2.074742e+01,2.077505e+01,2.083028e+01,2.085099e+01,2.086479e+01,2.111979e+01,2.101649e+01,2.118172e+01,2.104405e+01,2.109225e+01,2.107160e+01,2.110602e+01,2.107160e+01,2.083028e+01,2.094067e+01,2.098893e+01,2.094757e+01,2.086479e+01,2.099582e+01,2.088549e+01,2.096825e+01,2.116108e+01,2.139474e+01,2.136728e+01,2.177843e+01,2.179211e+01,2.202432e+01,2.202432e+01,2.200386e+01,2.212661e+01,2.229004e+01,2.229685e+01,2.223560e+01,2.229685e+01,2.231046e+01,2.224240e+01,2.209934e+01,2.226282e+01,2.215387e+01,2.227644e+01,2.231046e+01,2.219474e+01,2.231046e+01,2.229004e+01,2.224921e+01,2.235807e+01,2.235807e+01,2.237167e+01,2.234447e+01,2.231726e+01,2.228324e+01,2.224240e+01,2.193560e+01,2.194925e+01,2.194243e+01,2.190828e+01,2.175107e+01,2.159362e+01,2.155936e+01,2.137415e+01,2.125736e+01,2.109225e+01,2.103027e+01,2.103027e+01,2.107848e+01,2.114044e+01,2.113355e+01,2.108537e+01,2.125736e+01,2.111291e+01,2.125736e+01,2.125736e+01,2.118172e+01,2.111291e+01,2.116796e+01,2.109914e+01,2.114044e+01,2.112667e+01,2.113355e+01,2.114044e+01,2.120923e+01,2.107848e+01,2.111979e+01,2.119548e+01,2.118172e+01,2.112667e+01,2.107848e+01,2.111291e+01,2.111979e+01,2.109225e+01,2.109225e+01,2.103027e+01,2.112667e+01,2.100960e+01,2.108537e+01,2.104405e+01,2.127110e+01,2.105094e+01,2.105094e+01,2.096135e+01,2.094757e+01,2.092688e+01,2.095446e+01,2.085099e+01,2.087859e+01,2.080267e+01,2.091998e+01,2.103027e+01,2.099582e+01,2.098203e+01,2.089239e+01,2.085099e+01,2.091998e+01,2.076814e+01,2.091308e+01,2.092688e+01,2.083719e+01,2.085789e+01,2.077505e+01,2.085789e+01,2.091308e+01,2.071978e+01,2.078886e+01,2.087859e+01,2.078195e+01,2.076123e+01,2.081648e+01,2.080957e+01,2.077505e+01,2.076123e+01,2.083719e+01,2.085789e+01,2.080267e+01,2.091998e+01,2.078195e+01,2.074051e+01,2.071978e+01,2.107160e+01,2.090619e+01,2.073360e+01,2.080957e+01,2.080267e+01,2.086479e+01,2.089239e+01,2.089239e+01,2.076123e+01,2.090619e+01,2.080267e+01,2.083028e+01,2.074742e+01,2.088549e+01,2.087859e+01,2.070596e+01,2.074742e+01,2.085099e+01,2.087169e+01,2.072669e+01,2.072669e+01,2.078886e+01,2.074742e+01,2.073360e+01,2.076814e+01,2.076123e+01,2.081648e+01,2.080267e+01,2.080267e+01,2.083028e+01,2.085099e+01,2.084409e+01,2.087169e+01,2.081648e+01,2.098893e+01,2.098203e+01,2.087169e+01,2.081648e+01,2.085789e+01,2.081648e+01,2.089929e+01,2.080267e+01,2.097514e+01,2.078886e+01,2.098893e+01,2.062990e+01,2.078195e+01,2.080267e+01,2.077505e+01,2.079576e+01,2.077505e+01,2.078195e+01,2.073360e+01,2.058148e+01,2.083719e+01,2.083028e+01,2.082338e+01
2.109225e+01,2.116796e+01,2.102338e+01,2.105094e+01,2.109225e+01,2.114732e+01,2.110602e+01,2.103027e+01,2.114044e+01,2.133294e+01,2.115420e+01,2.120235e+01,2.109225e+01,2.131233e+01,2.127110e+01,2.105782e+01,2.120235e+01,2.125048e+01,2.122986e+01,2.131920e+01,2.122986e+01,2.126423e+01,2.125048e+01,2.134668e+01,2.133981e+01,2.114044e+01,2.127110e+01,2.110602e+01,2.116796e+01,2.119548e+01,2.114044e+01,2.117484e+01,2.117484e+01,2.118172e+01,2.116108e+01,2.110602e+01,2.108537e+01,2.108537e+01,2.113355e+01,2.107160e+01,2.113355e+01,2.114044e+01,2.111979e+01,2.098203e+01,2.102338e+01,2.104405e+01,2.109914e+01,2.111291e+01,2.107848e+01,2.107848e+01,2.097514e+01,2.107160e+01,2.107160e+01,2.104405e+01,2.105094e+01,2.107160e+01,2.105094e+01,2.107160e+01,2.109914e+01,2.100960e+01,2.112667e+01,2.116796e+01,2.117484e+01,2.117484e+01,2.112667e+01,2.119548e+01,2.102338e+01,2.116108e+01,2.107160e+01,2.111291e+01,2.111291e+01,2.120923e+01,2.110602e+01,2.101649e+01,2.107160e+01,2.104405e+01,2.106471e+01,2.105094e+01,2.095446e+01,2.100271e+01,2.106471e+01,2.101649e+01,2.102338e+01,2.118172e+01,2.114732e+01,2.111979e+01,2.116796e+01,2.114044e+01,2.102338e+01,2.100960e+01,2.102338e+01,2.105094e+01,2.108537e+01,2.108537e+01,2.107160e+01,2.105782e+01,2.108537e+01,2.116108e+01,2.111291e+01,2.107848e+01,2.096825e+01,2.108537e+01,2.106471e+01,2.103027e+01,2.112667e+01,2.103027e+01,2.107848e+01,2.107848e+01,2.105782e+01,2.114044e+01,2.114044e+01,2.109225e+01,2.104405e+01,2.110602e+01,2.103027e+01,2.102338e+01,2.107160e+01,2.102338e+01,2.100960e+01,2.105782e+01,2.111291e+01,2.099582e+01,2.103716e+01,2.095446e+01,2.103716e+01,2.105094e+01,2.105782e+01,2.104405e+01,2.099582e+01,2.105782e+01,2.105094e+01,2.105094e+01,2.105094e+01,2.102338e+01,2.105782e+01,2.097514e+01,2.108537e+01,2.113355e+01,2.111979e+01,2.112667e+01,2.112667e+01,2.114044e+01,2.109225e+01,2.103716e+01,2.112667e+01,2.102338e+01,2.108537e+01,2.103716e+01,2.115420e+01,2.103027e+01,2.120235e+01,2.105782e+01,2.107160e+01,2.119548e+01,2.096825e+01,2.098203e+01,2.111291e+01,2.103027e+01,2.111979e+01,2.114732e+01,2.113355e+01,2.110602e+01,2.107848e+01,2.116796e+01,2.112667e+01,2.116796e+01,2.112667e+01,2.118172e+01,2.104405e+01,2.116108e+01,2.116108e+01,2.136728e+01,2.113355e+01,2.116108e+01,2.107848e+01,2.105094e+01,2.111979e+01,2.114044e+01,2.115420e+01,2.120923e+01,2.127110e+01,2.128485e+01,2.130546e+01,2.159362e+01,2.127110e+01,2.132607e+01,2.142906e+01,2.147708e+01,2.144278e+01,2.161417e+01,2.180578e+01,2.178527e+01,2.212661e+01,2.220836e+01,2.254829e+01,2.260936e+01,2.327199e+01,2.356139e+01,2.383659e+01,2.389690e+01,2.397057e+01,2.413111e+01,2.439813e+01,2.437146e+01,2.458464e+01,2.466447e+01,2.479739e+01,2.489697e+01,2.512895e+01,2.515543e+01,2.518852e+01,2.523482e+01,2.538684e+01,2.542645e+01,2.557160e+01,2.556500e+01,2.560456e+01,2.545286e+01,2.536041e+01,2.523482e+01,2.513557e+01,2.499645e+01,2.452473e+01,2.401742e+01,2.311011e+01,2.226282e+01,2.138788e+01,2.110602e+01,2.089929e+01,2.067139e+01,2.064374e+01,2.070596e+01,2.076814e+01,2.065065e+01,2.072669e+01,2.071978e+01,2.074742e+01,2.062990e+01,2.076814e+01,2.068522e+01,2.067831e+01,2.068522e+01,2.063682e+01,2.073360e+01,2.063682e+01,2.074742e+01,2.055379e+01,2.056071e+01,2.055379e+01,2.055379e+01,2.067831e+01,2.056071e+01,2.057456e+01,2.056763e+01,2.059531e+01,2.061607e+01,2.051225e+01,2.051225e+01,2.056071e+01,2.044991e+01,2.059531e+01,2.054687e+01,2.049840e+01,2.041526e+01,2.055379e+01,2.047762e+01,2.046377e+01,2.048455e+01,2.049148e+01,2.053303e+01,2.060223e+01,2.058148e+01,2.050533e+01,2.045684e+01,2.033899e+01,2.047070e+01,2.037366e+01,2.057456e+01,2.055379e+01,2.055379e+01,2.042912e+01,2.062990e+01,2.053995e+01,2.047070e+01,2.051918e+01,2.055379e+01,2.068522e+01,2.056071e+01,2.053995e+01,2.049148e+01,2.053995e+01,2.049840e+01,2.049840e+01,2.051918e+01,2.050533e+01,2.047070e+01,2.054687e+01,2.045684e+01,2.047070e+01,2.052610e+01,2.049840e+01,2.051225e+01,2.053995e+01,2.052610e+01,2.061607e+01,2.052610e+01,2.060915e+01,2.049148e+01,2.047762e+01,2.046377e+01,2.062990e+01,2.063682e+01,2.062299e+01,2.053995e+01,2.055379e+01,2.056763e+01,2.054687e+01,2.049840e+01,2.062990e+01,2.058148e+01,2.067139e+01,2.060915e+01,2.067139e+01,2.071287e+01,2.074051e+01,2.058148e+01,2.056763e+01,2.058840e+01,2.058840e+01,2.052610e+01,2.060223e+01,2.056763e+01,2.063682e+01,2.061607e+01,2.067831e+01,2.062990e+01,2.067139e+01,2.066448e+01,2.074051e+01,2.076123e+01,2.069213e+01,2.065757e+01,2.058840e+01,2.061607e+01,2.048455e+01,2.057456e+01,2.056763e+01,2.055379e+01,2.052610e+01,2.056763e+01,2.042912e+01,2.041526e+01,2.052610e+01,2.052610e+01,2.056071e+01,2.059531e+01,2.056071e+01,2.051225e+01,2.056071e+01,2.058148e+01,2.065065e+01,2.047762e+01,2.044991e+01,2.048455e+01,2.047070e+01,2.053995e+01,2.051918e+01,2.053995e+01,2.053995e+01,2.058148e+01,2.053303e+01,2.056763e+01,2.053995e+01,2.060223e+01,2.065757e+01,2.054687e+01,2.061607e+01,2.057456e+01,2.063682e+01,2.056071e+01,2.056763e+01,2.055379e+01,2.051918e+01,2.050533e+01,2.061607e+01,2.060915e+01,2.061607e+01,2.063682e+01,2.058840e+01,2.059531e+01,2.069213e+01,2.069905e+01,2.065757e+01,2.067831e+01,2.063682e+01,2.066448e+01,2.069213e+01,2.063682e+01,2.069905e+01,2.071978e+01,2.066448e+01,2.067139e+01,2.077505e+01,2.066448e+01,2.074742e+01,2.075432e+01,2.069213e+01,2.076123e+01,2.071287e+01,2.062299e+01,2.074051e+01,2.075432e+01,2.078886e+01,2.078886e+01,2.069213e+01,2.080957e+01,2.081648e+01,2.069905e+01,2.066448e+01,2.076814e+01,2.078195e+01,2.067139e+01,2.066448e+01,2.078886e+01,2.077505e+01,2.072669e+01,2.077505e+01,2.073360e+01,2.080267e+01,2.066448e+01,2.075432e+01,2.089929e+01,2.075432e+01,2.078886e+01,2.074742e+01,2.076814e+01,2.080267e+01,2.065065e+01,2.065757e+01,2.069213e+01,2.078886e+01,2.079576e+01,2.063682e+01,2.045684e+01,2.069213e+01,2.071978e+01,2.076814e+01,2.071978e+01,2.076123e+01,2.084409e+01,2.112667e+01,2.113355e+01,2.113355e+01,2.118860e+01,2.123674e+01,2.127798e+01,2.127110e+01,2.106471e+01,2.110602e+01,2.103027e+01,2.100960e+01,2.102338e+01,2.099582e+01,2.105094e+01,2.102338e+01,2.127110e+01,2.120235e+01,2.124361e+01,2.132607e+01,2.157306e+01,2.178527e+01,2.194243e+01,2.207207e+01,2.211979e+01,2.231726e+01,2.228324e+01,2.234447e+01,2.232406e+01,2.232406e+01,2.227644e+01,2.244643e+01,2.231046e+01,2.231046e+01,2.229685e+01,2.231046e+01,2.230365e+01,2.226963e+01,2.231046e+01,2.235807e+01,2.233767e+01,2.240566e+01,2.252793e+01,2.240566e+01,2.241245e+01,2.242604e+01,2.239886e+01,2.225602e+01,2.226963e+01,2.216749e+01,2.192877e+01,2.194243e+01,2.176475e+01,2.171686e+01,2.176475e+01,2.157306e+01,2.135355e+01,2.129172e+01,2.110602e+01,2.100960e+01,2.107848e+01,2.103027e+01,2.107848e+01,2.118860e+01,2.124361e+01,2.125048e+01,2.122986e+01,2.126423e+01,2.123674e+01,2.101649e+01,2.120923e+01,2.122986e+01,2.116796e+01,2.113355e+01,2.113355e+01,2.111979e+01,2.114732e+01,2.111979e+01,2.108537e+01,2.107160e+01,2.110602e+01,2.123674e+01,2.105782e+01,2.118860e+01,2.118172e+01,2.119548e+01,2.116796e+01,2.119548e+01,2.107160e+01,2.103716e+01,2.111291e+01,2.107160e+01,2.107848e+01,2.098893e+01,2.107160e+01,2.104405e+01,2.101649e+01,2.092688e+01,2.094757e+01,2.091308e+01,2.091998e+01,2.085789e+01,2.089239e+01,2.091998e+01,2.087169e+01,2.101649e+01,2.089929e+01,2.093377e+01,2.095446e+01,2.089929e+01,2.098203e+01,2.089929e+01,2.087859e+01,2.076123e+01,2.089929e+01,2.074742e+01,2.091308e+01,2.089929e+01,2.080957e+01,2.085789e+01,2.083028e+01,2.074742e+01,2.087859e+01,2.077505e+01,2.078886e+01,2.074051e+01,2.082338e+01,2.090619e+01,2.080267e+01,2.076814e+01,2.087169e+01,2.080957e+01,2.089239e+01,2.073360e+01,2.091308e+01,2.073360e+01,2.074051e+01,2.090619e+01,2.072669e+01,2.088549e+01,2.082338e+01,2.088549e+01,2.084409e+01,2.072669e+01,2.077505e+01,2.083028e+01,2.094757e+01,2.065065e+01,2.085099e+01,2.076123e+01,2.070596e+01,2.071978e+01,2.077505e+01,2.078886e+01,2.078195e+01,2.075432e+01,2.084409e+01,2.102338e+01,2.072669e+01,2.072669e+01,2.072669e+01,2.079576e+01,2.081648e+01,2.080957e+01,2.078886e+01,2.082338e+01,2.087859e+01,2.083719e+01,2.087859e+01,2.084409e+01,2.085789e+01,2.083028e+01,2.085789e+01,2.085099e+01,2.080957e+01,2.078886e+01,2.080957e+01,2.092688e+01,2.078195e+01,2.080957e+01,2.078195e+01,2.087169e+01,2.079576e+01,2.079576e+01,2.086479e+01,2.094067e+01,2.090619e+01,2.075432e+01,2.070596e+01,2.074742e+01,2.085789e+01
2.098893e+01,2.107160e+01,2.109914e+01,2.103027e+01,2.106471e+01,2.094757e+01,2.111979e+01,2.086479e+01,2.114732e+01,2.098893e+01,2.122986e+01,2.134668e+01,2.115420e+01,2.114044e+01,2.127798e+01,2.107848e+01,2.121611e+01,2.111979e+01,2.125736e+01,2.126423e+01,2.124361e+01,2.127798e+01,2.131920e+01,2.139474e+01,2.115420e+01,2.138101e+01,2.114732e+01,2.113355e+01,2.118860e+01,2.120235e+01,2.118172e+01,2.118860e+01,2.116108e+01,2.114044e+01,2.110602e+01,2.106471e+01,2.122986e+01,2.105782e+01,2.111979e+01,2.103027e+01,2.113355e+01,2.102338e+01,2.109225e+01,2.104405e+01,2.105782e+01,2.106471e+01,2.109225e+01,2.090619e+01,2.110602e+01,2.107848e+01,2.110602e+01,2.104405e+01,2.108537e+01,2.109914e+01,2.105782e+01,2.105782e+01,2.105094e+01,2.105782e+01,2.109914e+01,2.102338e+01,2.101649e+01,2.114044e+01,2.115420e+01,2.109914e+01,2.109914e+01,2.117484e+01,2.103716e+01,2.106471e+01,2.109914e+01,2.118172e+01,2.109225e+01,2.117484e+01,2.122298e+01,2.094757e+01,2.115420e+01,2.116108e+01,2.114044e+01,2.118860e+01,2.112667e+01,2.110602e+01,2.116796e+01,2.108537e+01,2.115420e+01,2.118860e+01,2.113355e+01,2.109225e+01,2.103027e+01,2.109225e+01,2.101649e+01,2.105094e+01,2.116108e+01,2.110602e+01,2.105782e+01,2.103027e+01,2.111979e+01,2.110602e+01,2.116108e+01,2.105094e+01,2.108537e+01,2.099582e+01,2.107848e+01,2.104405e+01,2.089239e+01,2.103716e+01,2.107848e+01,2.109225e+01,2.107160e+01,2.114732e+01,2.107160e+01,2.111979e+01,2.107848e+01,2.111291e+01,2.102338e+01,2.121611e+01,2.110602e+01,2.103027e+01,2.103716e+01,2.105094e+01,2.106471e+01,2.111979e+01,2.102338e+01,2.104405e+01,2.096135e+01,2.100271e+01,2.100271e+01,2.110602e+01,2.106471e+01,2.101649e+01,2.109225e+01,2.109914e+01,2.103027e+01,2.105094e+01,2.105094e+01,2.111979e+01,2.104405e+01,2.105782e+01,2.105094e+01,2.107160e+01,2.113355e+01,2.105094e+01,2.103716e+01,2.109225e+01,2.107848e+01,2.109225e+01,2.099582e+01,2.115420e+01,2.110602e+01,2.100271e+01,2.104405e+01,2.109225e+01,2.103027e+01,2.107848e+01,2.103027e+01,2.109225e+01,2.112667e+01,2.111291e+01,2.105094e+01,2.111979e+01,2.109914e+01,2.107848e+01,2.109225e+01,2.105782e+01,2.109914e+01,2.105782e+01,2.105782e+01,2.120235e+01,2.119548e+01,2.116108e+01,2.117484e+01,2.114732e+01,2.114044e+01,2.111291e+01,2.114044e+01,2.109914e+01,2.105782e+01,2.118860e+01,2.115420e+01,2.116796e+01,2.124361e+01,2.120235e+01,2.134668e+01,2.127110e+01,2.120235e+01,2.118860e+01,2.134668e+01,2.137415e+01,2.141533e+01,2.140847e+01,2.147708e+01,2.160732e+01,2.165526e+01,2.199703e+01,2.218112e+01,2.225602e+01,2.241925e+01,2.285327e+01,2.319108e+01,2.331242e+01,2.359499e+01,2.393709e+01,2.392369e+01,2.409100e+01,2.427806e+01,2.433811e+01,2.431810e+01,2.460461e+01,2.477082e+01,2.471766e+01,2.510908e+01,2.508922e+01,2.517528e+01,2.528772e+01,2.527450e+01,2.552544e+01,2.556500e+01,2.559137e+01,2.551884e+01,2.555182e+01,2.549905e+01,2.537362e+01,2.530755e+01,2.506272e+01,2.473760e+01,2.431143e+01,2.368230e+01,2.294797e+01,2.221517e+01,2.138101e+01,2.088549e+01,2.081648e+01,2.062299e+01,2.065065e+01,2.066448e+01,2.065757e+01,2.069213e+01,2.062990e+01,2.068522e+01,2.067139e+01,2.070596e+01,2.072669e+01,2.069905e+01,2.065757e+01,2.064374e+01,2.062990e+01,2.071978e+01,2.067831e+01,2.060223e+01,2.056763e+01,2.070596e+01,2.056071e+01,2.056763e+01,2.049148e+01,2.054687e+01,2.058148e+01,2.054687e+01,2.051225e+01,2.051918e+01,2.062990e+01,2.047762e+01,2.055379e+01,2.056763e+01,2.048455e+01,2.051225e+01,2.048455e+01,2.049840e+01,2.051918e+01,2.050533e+01,2.056763e+01,2.043605e+01,2.049148e+01,2.042219e+01,2.056763e+01,2.051918e+01,2.047070e+01,2.035286e+01,2.050533e+01,2.048455e+01,2.047762e+01,2.048455e+01,2.055379e+01,2.043605e+01,2.052610e+01,2.051918e+01,2.062990e+01,2.055379e+01,2.061607e+01,2.056071e+01,2.055379e+01,2.055379e+01,2.082338e+01,2.049840e+01,2.047070e+01,2.052610e+01,2.056071e+01,2.051918e+01,2.038060e+01,2.059531e+01,2.046377e+01,2.049840e+01,2.051225e+01,2.052610e+01,2.044991e+01,2.047762e+01,2.048455e+01,2.049840e+01,2.057456e+01,2.050533e+01,2.051225e+01,2.055379e+01,2.054687e+01,2.046377e+01,2.047070e+01,2.064374e+01,2.048455e+01,2.048455e+01,2.048455e+01,2.050533e+01,2.047762e+01,2.041526e+01,2.067831e+01,2.058840e+01,2.075432e+01,2.058840e+01,2.080957e+01,2.074742e+01,2.060223e+01,2.056071e+01,2.061607e+01,2.059531e+01,2.055379e+01,2.058840e+01,2.073360e+01,2.060915e+01,2.055379e+01,2.051918e+01,2.051225e+01,2.056763e+01,2.067139e+01,2.074051e+01,2.066448e+01,2.058148e+01,2.062990e+01,2.046377e+01,2.050533e+01,2.058840e+01,2.060223e+01,2.074742e+01,2.055379e+01,2.056071e+01,2.051225e+01,2.051225e+01,2.042912e+01,2.052610e+01,2.056763e+01,2.052610e+01,2.054687e+01,2.063682e+01,2.054687e+01,2.058148e+01,2.044991e+01,2.044298e+01,2.044991e+01,2.061607e+01,2.047070e+01,2.056763e+01,2.052610e+01,2.044991e+01,2.051918e+01,2.054687e+01,2.052610e+01,2.051225e+01,2.053995e+01,2.056763e+01,2.055379e+01,2.061607e+01,2.058148e+01,2.065757e+01,2.063682e+01,2.056071e+01,2.071978e+01,2.058840e+01,2.061607e+01,2.049148e+01,2.058840e+01,2.062299e+01,2.056071e+01,2.062299e+01,2.063682e+01,2.058840e+01,2.065065e+01,2.066448e+01,2.065065e+01,2.067831e+01,2.062299e+01,2.069213e+01,2.074051e+01,2.065065e+01,2.063682e+01,2.066448e+01,2.067139e+01,2.067831e+01,2.065065e+01,2.080957e+01,2.058148e+01,2.057456e+01,2.074742e+01,2.068522e+01,2.070596e+01,2.074051e+01,2.074742e+01,2.076814e+01,2.078195e+01,2.078195e+01,2.078195e+01,2.082338e+01,2.080957e+01,2.081648e+01,2.067139e+01,2.084409e+01,2.078195e+01,2.071287e+01,2.085099e+01,2.069905e+01,2.080957e+01,2.065065e+01,2.074742e+01,2.074742e+01,2.076814e+01,2.061607e+01,2.071978e+01,2.081648e+01,2.072669e+01,2.069213e+01,2.078195e+01,2.069213e+01,2.074742e+01,2.075432e+01,2.074742e+01,2.067831e+01,2.069905e+01,2.078886e+01,2.079576e+01,2.070596e+01,2.068522e+01,2.081648e+01,2.078886e+01,2.069213e+01,2.081648e+01,2.089239e+01,2.107160e+01,2.115420e+01,2.128485e+01,2.127110e+01,2.140847e+01,2.132607e+01,2.147022e+01,2.146336e+01,2.129859e+01,2.121611e+01,2.114044e+01,2.104405e+01,2.108537e+01,2.101649e+01,2.109914e+01,2.101649e+01,2.131233e+01,2.126423e+01,2.146336e+01,2.155250e+01,2.149766e+01,2.180578e+01,2.208571e+01,2.216749e+01,2.224921e+01,2.231726e+01,2.233086e+01,2.246002e+01,2.232406e+01,2.242604e+01,2.250756e+01,2.229004e+01,2.251435e+01,2.230365e+01,2.233767e+01,2.262971e+01,2.233767e+01,2.254829e+01,2.252793e+01,2.246002e+01,2.250077e+01,2.249398e+01,2.252114e+01,2.242604e+01,2.231726e+01,2.239206e+01,2.227644e+01,2.225602e+01,2.211979e+01,2.205843e+01,2.194243e+01,2.180578e+01,2.166211e+01,2.175107e+01,2.153880e+01,2.154565e+01,2.131920e+01,2.117484e+01,2.115420e+01,2.105782e+01,2.107160e+01,2.103027e+01,2.107848e+01,2.109225e+01,2.124361e+01,2.125048e+01,2.125736e+01,2.122298e+01,2.102338e+01,2.102338e+01,2.120235e+01,2.098203e+01,2.118860e+01,2.113355e+01,2.110602e+01,2.111979e+01,2.118172e+01,2.102338e+01,2.119548e+01,2.105782e+01,2.116108e+01,2.113355e+01,2.114732e+01,2.118172e+01,2.109914e+01,2.116108e+01,2.104405e+01,2.105782e+01,2.099582e+01,2.111979e+01,2.109914e+01,2.115420e+01,2.111979e+01,2.098203e+01,2.105094e+01,2.098893e+01,2.105094e+01,2.103027e+01,2.091308e+01,2.086479e+01,2.094757e+01,2.086479e+01,2.087859e+01,2.083028e+01,2.095446e+01,2.093377e+01,2.086479e+01,2.087169e+01,2.078195e+01,2.085789e+01,2.089239e+01,2.092688e+01,2.096825e+01,2.081648e+01,2.088549e+01,2.087169e+01,2.085789e+01,2.089239e+01,2.076814e+01,2.082338e+01,2.077505e+01,2.078195e+01,2.083719e+01,2.069905e+01,2.072669e+01,2.083028e+01,2.079576e+01,2.083028e+01,2.074051e+01,2.087169e+01,2.089239e+01,2.077505e+01,2.091998e+01,2.084409e+01,2.090619e+01,2.089929e+01,2.071978e+01,2.088549e+01,2.076123e+01,2.090619e+01,2.091308e+01,2.097514e+01,2.088549e+01,2.083028e+01,2.082338e+01,2.081648e+01,2.086479e+01,2.080267e+01,2.071978e+01,2.083719e+01,2.085099e+01,2.070596e+01,2.081648e+01,2.074742e+01,2.074742e+01,2.083028e+01,2.076123e+01,2.073360e+01,2.071978e+01,2.080267e+01,2.076814e+01,2.078886e+01,2.088549e+01,2.076814e+01,2.060915e+01,2.078195e+01,2.080267e+01,2.074742e+01,2.069905e+01,2.068522e+01,2.067831e+01,2.069905e+01,2.085789e+01,2.078195e+01,2.083028e+01,2.080957e+01,2.096825e+01,2.083719e+01,2.079576e+01,2.080267e+01,2.072669e+01,2.083719e+01,2.080267e+01,2.079576e+01,2.085099e+01,2.080957e+01,2.071978e+01,2.080267e+01,2.072669e+01,2.076814e+01,2.076123e+01
2.098893e+01,2.108537e+01,2.101649e+01,2.116796e+01,2.104405e+01,2.118172e+01,2.116108e+01,2.109914e+01,2.111979e+01,2.112667e+01,2.112667e+01,2.113355e+01,2.116796e+01,2.116796e+01,2.134668e+01,2.110602e+01,2.122986e+01,2.118860e+01,2.123674e+01,2.127798e+01,2.129859e+01,2.109225e+01,2.131233e+01,2.132607e+01,2.124361e+01,2.111291e+01,2.114044e+01,2.114732e+01,2.123674e+01,2.116796e+01,2.137415e+01,2.116108e+01,2.115420e+01,2.116108e+01,2.120923e+01,2.105094e+01,2.110602e+01,2.113355e+01,2.120235e+01,2.123674e+01,2.115420e+01,2.107848e+01,2.103027e+01,2.107848e+01,2.105094e+01,2.109225e+01,2.135355e+01,2.110602e+01,2.107160e+01,2.136728e+01,2.114044e+01,2.108537e+01,2.105094e+01,2.117484e+01,2.103027e+01,2.106471e+01,2.105094e+01,2.105782e+01,2.105782e+01,2.110602e+01,2.103027e+01,2.109225e+01,2.108537e+01,2.107848e+01,2.114732e+01,2.116796e+01,2.105094e+01,2.111979e+01,2.111291e+01,2.110602e+01,2.111291e+01,2.113355e+01,2.113355e+01,2.116796e+01,2.114732e+01,2.114044e+01,2.111979e+01,2.114732e+01,2.109914e+01,2.111291e+01,2.108537e+01,2.125048e+01,2.112667e+01,2.122298e+01,2.111291e+01,2.111291e+01,2.108537e+01,2.109225e+01,2.117484e+01,2.113355e+01,2.101649e+01,2.103027e+01,2.107160e+01,2.110602e+01,2.109225e+01,2.112667e+01,2.112667e+01,2.105782e+01,2.110602e+01,2.108537e+01,2.107848e+01,2.098893e+01,2.101649e+01,2.113355e+01,2.099582e+01,2.114732e+01,2.098893e+01,2.109225e+01,2.111291e+01,2.107160e+01,2.104405e+01,2.103716e+01,2.103716e+01,2.102338e+01,2.103027e+01,2.103027e+01,2.103027e+01,2.103027e+01,2.100960e+01,2.102338e+01,2.103027e+01,2.100271e+01,2.096825e+01,2.096825e+01,2.102338e+01,2.114044e+01,2.116796e+01,2.097514e+01,2.112667e+01,2.109914e+01,2.100271e+01,2.105094e+01,2.096825e+01,2.104405e+01,2.105782e+01,2.106471e+01,2.108537e+01,2.106471e+01,2.102338e+01,2.101649e+01,2.098203e+01,2.105782e+01,2.115420e+01,2.096135e+01,2.098893e+01,2.099582e+01,2.103027e+01,2.107848e+01,2.103027e+01,2.104405e+01,2.102338e+01,2.105782e+01,2.108537e+01,2.111979e+01,2.114044e+01,2.102338e+01,2.109225e+01,2.107848e+01,2.116796e+01,2.106471e+01,2.112667e+01,2.113355e+01,2.106471e+01,2.103027e+01,2.113355e+01,2.111979e+01,2.097514e+01,2.117484e+01,2.114044e+01,2.116108e+01,2.109225e+01,2.120235e+01,2.118860e+01,2.111979e+01,2.118860e+01,2.109225e+01,2.110602e+01,2.111979e+01,2.114044e+01,2.124361e+01,2.105094e+01,2.134668e+01,2.135355e+01,2.136728e+01,2.117484e+01,2.138101e+01,2.136041e+01,2.133294e+01,2.143592e+01,2.150451e+01,2.171686e+01,2.192877e+01,2.199703e+01,2.220836e+01,2.243284e+01,2.277880e+01,2.308310e+01,2.325851e+01,2.351434e+01,2.378966e+01,2.391699e+01,2.413111e+01,2.414448e+01,2.425135e+01,2.438480e+01,2.455136e+01,2.445146e+01,2.477082e+01,2.485715e+01,2.511571e+01,2.510246e+01,2.523482e+01,2.524144e+01,2.551224e+01,2.545946e+01,2.558478e+01,2.559796e+01,2.550565e+01,2.549905e+01,2.532077e+01,2.520836e+01,2.520175e+01,2.494341e+01,2.449809e+01,2.418457e+01,2.358155e+01,2.285327e+01,2.183312e+01,2.142906e+01,2.091308e+01,2.085789e+01,2.067139e+01,2.066448e+01,2.067139e+01,2.065757e+01,2.067831e+01,2.062990e+01,2.062299e+01,2.065757e+01,2.069905e+01,2.073360e+01,2.068522e+01,2.074742e+01,2.067831e+01,2.066448e+01,2.058840e+01,2.062990e+01,2.060915e+01,2.057456e+01,2.061607e+01,2.067139e+01,2.063682e+01,2.060915e+01,2.056071e+01,2.054687e+01,2.053303e+01,2.065065e+01,2.064374e+01,2.050533e+01,2.044991e+01,2.049840e+01,2.053995e+01,2.056763e+01,2.045684e+01,2.058148e+01,2.052610e+01,2.048455e+01,2.052610e+01,2.048455e+01,2.056763e+01,2.044298e+01,2.049148e+01,2.062299e+01,2.049148e+01,2.054687e+01,2.047070e+01,2.049148e+01,2.047070e+01,2.051918e+01,2.057456e+01,2.040833e+01,2.047070e+01,2.044298e+01,2.047762e+01,2.044991e+01,2.051918e+01,2.055379e+01,2.054687e+01,2.042219e+01,2.053303e+01,2.048455e+01,2.053995e+01,2.054687e+01,2.056763e+01,2.067139e+01,2.053303e+01,2.044298e+01,2.043605e+01,2.045684e+01,2.047762e+01,2.053995e+01,2.052610e+01,2.044991e+01,2.046377e+01,2.044991e+01,2.049840e+01,2.047762e+01,2.046377e+01,2.047762e+01,2.057456e+01,2.059531e+01,2.046377e+01,2.051918e+01,2.049148e+01,2.051225e+01,2.051225e+01,2.040833e+01,2.061607e+01,2.053995e+01,2.042219e+01,2.051225e+01,2.049148e+01,2.063682e+01,2.056763e+01,2.080957e+01,2.077505e+01,2.062299e+01,2.062990e+01,2.070596e+01,2.064374e+01,2.068522e+01,2.064374e+01,2.079576e+01,2.078886e+01,2.063682e+01,2.071287e+01,2.056071e+01,2.050533e+01,2.064374e+01,2.065757e+01,2.065065e+01,2.068522e+01,2.068522e+01,2.061607e+01,2.048455e+01,2.060223e+01,2.058148e+01,2.051918e+01,2.051918e+01,2.047762e+01,2.045684e+01,2.045684e+01,2.048455e+01,2.053303e+01,2.053995e+01,2.058840e+01,2.053995e+01,2.054687e+01,2.053303e+01,2.042912e+01,2.054687e+01,2.034592e+01,2.049148e+01,2.057456e+01,2.049840e+01,2.056763e+01,2.053303e+01,2.051225e+01,2.047070e+01,2.060223e+01,2.052610e+01,2.056763e+01,2.058148e+01,2.058148e+01,2.059531e+01,2.061607e+01,2.057456e+01,2.060223e+01,2.061607e+01,2.067139e+01,2.053303e+01,2.057456e+01,2.061607e+01,2.060915e+01,2.077505e+01,2.071978e+01,2.061607e+01,2.062299e+01,2.067831e+01,2.062990e+01,2.068522e+01,2.060223e+01,2.062990e+01,2.071978e+01,2.098893e+01,2.069213e+01,2.067831e+01,2.065757e+01,2.070596e+01,2.068522e+01,2.058840e+01,2.081648e+01,2.057456e+01,2.069213e+01,2.078195e+01,2.068522e+01,2.073360e+01,2.071287e+01,2.069213e+01,2.070596e+01,2.076123e+01,2.078886e+01,2.073360e+01,2.069905e+01,2.069213e+01,2.067831e+01,2.082338e+01,2.063682e+01,2.077505e+01,2.085789e+01,2.067139e+01,2.082338e+01,2.078886e+01,2.068522e+01,2.078195e+01,2.075432e+01,2.069213e+01,2.069905e+01,2.078195e+01,2.087859e+01,2.076123e+01,2.087169e+01,2.074742e+01,2.076814e+01,2.092688e+01,2.071978e+01,2.076814e+01,2.075432e+01,2.070596e+01,2.080957e+01,2.080267e+01,2.080957e+01,2.082338e+01,2.077505e+01,2.071287e+01,2.093377e+01,2.092688e+01,2.093377e+01,2.091308e+01,2.128485e+01,2.115420e+01,2.130546e+01,2.154565e+01,2.145650e+01,2.151823e+01,2.147708e+01,2.147708e+01,2.146336e+01,2.126423e+01,2.120235e+01,2.116796e+01,2.118172e+01,2.116108e+01,2.130546e+01,2.127798e+01,2.133981e+01,2.130546e+01,2.149766e+01,2.155936e+01,2.177159e+01,2.209252e+01,2.207889e+01,2.208571e+01,2.235127e+01,2.246002e+01,2.244643e+01,2.244643e+01,2.248719e+01,2.248039e+01,2.277203e+01,2.260258e+01,2.239886e+01,2.232406e+01,2.265683e+01,2.258222e+01,2.256865e+01,2.251435e+01,2.251435e+01,2.233086e+01,2.253472e+01,2.248039e+01,2.242604e+01,2.249398e+01,2.245322e+01,2.235807e+01,2.228324e+01,2.221517e+01,2.213342e+01,2.209252e+01,2.190145e+01,2.173739e+01,2.173055e+01,2.158677e+01,2.132607e+01,2.134668e+01,2.128485e+01,2.104405e+01,2.123674e+01,2.112667e+01,2.097514e+01,2.096135e+01,2.104405e+01,2.118172e+01,2.124361e+01,2.127110e+01,2.127798e+01,2.129172e+01,2.118860e+01,2.116108e+01,2.122298e+01,2.114732e+01,2.118860e+01,2.115420e+01,2.105782e+01,2.137415e+01,2.104405e+01,2.120923e+01,2.104405e+01,2.106471e+01,2.105094e+01,2.107160e+01,2.104405e+01,2.117484e+01,2.119548e+01,2.118860e+01,2.107848e+01,2.111979e+01,2.123674e+01,2.103716e+01,2.114732e+01,2.109914e+01,2.107160e+01,2.104405e+01,2.106471e+01,2.090619e+01,2.089929e+01,2.096825e+01,2.094067e+01,2.095446e+01,2.087169e+01,2.094757e+01,2.097514e+01,2.094757e+01,2.081648e+01,2.086479e+01,2.105094e+01,2.087859e+01,2.079576e+01,2.095446e+01,2.087859e+01,2.085789e+01,2.094067e+01,2.096135e+01,2.087859e+01,2.094757e+01,2.091998e+01,2.079576e+01,2.081648e+01,2.079576e+01,2.076814e+01,2.080957e+01,2.078195e+01,2.083719e+01,2.081648e+01,2.074051e+01,2.082338e+01,2.079576e+01,2.082338e+01,2.078195e+01,2.078195e+01,2.083028e+01,2.093377e+01,2.071287e+01,2.085789e+01,2.086479e+01,2.074742e+01,2.087169e+01,2.080957e+01,2.078886e+01,2.072669e+01,2.074742e+01,2.092688e+01,2.093377e+01,2.077505e+01,2.085099e+01,2.078195e+01,2.074742e+01,2.076814e+01,2.076814e+01,2.074742e+01,2.071978e+01,2.084409e+01,2.074051e+01,2.080267e+01,2.080267e+01,2.089239e+01,2.089929e+01,2.077505e+01,2.093377e+01,2.076123e+01,2.078886e+01,2.081648e+01,2.081648e+01,2.078886e+01,2.068522e+01,2.079576e+01,2.091308e+01,2.079576e+01,2.096135e+01,2.076814e+01,2.087169e+01,2.085789e+01,2.078886e+01,2.080267e+01,2.083028e+01,2.079576e+01,2.075432e+01,2.091308e+01,2.077505e+01,2.075432e+01,2.073360e+01,2.085789e+01,2.075432e+01,2.092688e+01,2.089929e+01,2.082338e+01,2.078886e+01,2.080957e+01,2.077505e+01,2.075432e+01
2.096135e+01,2.098203e+01,2.109225e+01,2.105782e+01,2.099582e+01,2.103716e+01,2.118172e+01,2.107848e+01,2.112667e+01,2.111979e+01,2.111291e+01,2.114044e+01,2.116108e+01,2.118860e+01,2.120923e+01,2.118172e+01,2.142906e+01,2.119548e+01,2.111979e+01,2.118172e+01,2.129859e+01,2.131233e+01,2.129859e+01,2.131233e+01,2.129859e+01,2.125048e+01,2.129859e+01,2.120235e+01,2.114732e+01,2.116108e+01,2.112667e+01,2.111291e+01,2.114732e+01,2.115420e+01,2.118172e+01,2.104405e+01,2.103027e+01,2.111291e+01,2.077505e+01,2.105094e+01,2.112667e+01,2.112667e+01,2.096135e+01,2.107160e+01,2.109225e+01,2.098203e+01,2.105094e+01,2.108537e+01,2.111291e+01,2.096825e+01,2.111291e+01,2.108537e+01,2.108537e+01,2.106471e+01,2.111979e+01,2.102338e+01,2.107160e+01,2.109914e+01,2.105094e+01,2.101649e+01,2.103716e+01,2.111291e+01,2.112667e+01,2.112667e+01,2.106471e+01,2.113355e+01,2.111291e+01,2.111979e+01,2.109225e+01,2.116108e+01,2.114732e+01,2.113355e+01,2.114044e+01,2.114732e+01,2.114044e+01,2.094067e+01,2.111291e+01,2.103716e+01,2.101649e+01,2.118172e+01,2.103027e+01,2.107160e+01,2.119548e+01,2.130546e+01,2.098203e+01,2.114044e+01,2.101649e+01,2.103027e+01,2.103027e+01,2.101649e+01,2.099582e+01,2.105094e+01,2.103027e+01,2.111979e+01,2.103716e+01,2.109914e+01,2.110602e+01,2.109225e+01,2.088549e+01,2.112667e+01,2.108537e+01,2.108537e+01,2.099582e+01,2.094757e+01,2.098893e+01,2.106471e+01,2.096135e+01,2.104405e+01,2.109914e+01,2.109914e+01,2.108537e+01,2.104405e+01,2.098203e+01,2.113355e+01,2.121611e+01,2.102338e+01,2.102338e+01,2.101649e+01,2.101649e+01,2.098203e+01,2.103027e+01,2.099582e+01,2.099582e+01,2.099582e+01,2.106471e+01,2.107160e+01,2.100271e+01,2.105782e+01,2.111291e+01,2.095446e+01,2.093377e+01,2.100960e+01,2.103716e+01,2.103716e+01,2.098893e+01,2.103027e+01,2.105782e+01,2.105782e+01,2.105782e+01,2.100271e+01,2.104405e+01,2.116108e+01,2.101649e+01,2.101649e+01,2.117484e+01,2.102338e+01,2.105094e+01,2.113355e+01,2.111291e+01,2.110602e+01,2.118172e+01,2.109914e+01,2.096135e+01,2.103716e+01,2.103716e+01,2.103027e+01,2.108537e+01,2.100271e+01,2.107848e+01,2.110602e+01,2.109914e+01,2.111291e+01,2.106471e+01,2.110602e+01,2.118860e+01,2.108537e+01,2.115420e+01,2.121611e+01,2.111979e+01,2.116796e+01,2.115420e+01,2.116796e+01,2.118172e+01,2.120235e+01,2.113355e+01,2.116796e+01,2.110602e+01,2.103716e+01,2.122986e+01,2.115420e+01,2.110602e+01,2.126423e+01,2.116796e+01,2.120235e+01,2.127798e+01,2.134668e+01,2.138101e+01,2.137415e+01,2.155250e+01,2.147708e+01,2.156621e+01,2.179211e+01,2.197656e+01,2.200386e+01,2.218793e+01,2.273816e+01,2.275171e+01,2.300880e+01,2.352106e+01,2.374941e+01,2.380977e+01,2.406425e+01,2.407762e+01,2.417121e+01,2.447145e+01,2.469772e+01,2.452473e+01,2.461791e+01,2.465117e+01,2.493014e+01,2.493677e+01,2.500308e+01,2.528772e+01,2.542645e+01,2.552544e+01,2.553203e+01,2.554522e+01,2.543306e+01,2.549245e+01,2.537362e+01,2.535381e+01,2.514881e+01,2.499645e+01,2.453139e+01,2.445812e+01,2.359499e+01,2.293444e+01,2.231046e+01,2.183996e+01,2.119548e+01,2.106471e+01,2.086479e+01,2.076123e+01,2.079576e+01,2.065757e+01,2.065757e+01,2.060223e+01,2.065065e+01,2.066448e+01,2.068522e+01,2.082338e+01,2.081648e+01,2.071978e+01,2.071978e+01,2.074742e+01,2.074051e+01,2.065757e+01,2.073360e+01,2.060915e+01,2.069905e+01,2.035980e+01,2.065065e+01,2.051225e+01,2.071287e+01,2.050533e+01,2.051225e+01,2.058840e+01,2.058148e+01,2.051225e+01,2.055379e+01,2.060915e+01,2.058148e+01,2.047070e+01,2.058148e+01,2.051225e+01,2.050533e+01,2.047762e+01,2.047762e+01,2.044298e+01,2.041526e+01,2.048455e+01,2.038753e+01,2.052610e+01,2.049148e+01,2.049840e+01,2.049840e+01,2.043605e+01,2.051225e+01,2.044991e+01,2.042219e+01,2.044298e+01,2.047070e+01,2.049840e+01,2.060223e+01,2.048455e+01,2.074051e+01,2.056763e+01,2.054687e+01,2.044991e+01,2.048455e+01,2.056763e+01,2.041526e+01,2.052610e+01,2.062990e+01,2.044298e+01,2.055379e+01,2.052610e+01,2.049148e+01,2.046377e+01,2.044298e+01,2.051225e+01,2.041526e+01,2.045684e+01,2.048455e+01,2.045684e+01,2.056763e+01,2.048455e+01,2.058148e+01,2.045684e+01,2.047762e+01,2.059531e+01,2.047762e+01,2.056763e+01,2.051918e+01,2.048455e+01,2.046377e+01,2.060915e+01,2.055379e+01,2.045684e+01,2.054687e+01,2.051918e+01,2.051918e+01,2.054687e+01,2.075432e+01,2.060223e+01,2.058840e+01,2.061607e+01,2.067139e+01,2.068522e+01,2.076123e+01,2.077505e+01,2.076814e+01,2.070596e+01,2.066448e+01,2.064374e+01,2.061607e+01,2.064374e+01,2.060223e+01,2.062299e+01,2.065757e+01,2.062299e+01,2.070596e+01,2.058148e+01,2.046377e+01,2.048455e+01,2.068522e+01,2.058840e+01,2.056071e+01,2.045684e+01,2.042912e+01,2.040833e+01,2.050533e+01,2.048455e+01,2.053303e+01,2.052610e+01,2.058148e+01,2.055379e+01,2.058840e+01,2.052610e+01,2.052610e+01,2.049148e+01,2.049840e+01,2.052610e+01,2.044298e+01,2.045684e+01,2.042912e+01,2.053303e+01,2.051225e+01,2.056071e+01,2.058840e+01,2.057456e+01,2.053303e+01,2.052610e+01,2.050533e+01,2.056763e+01,2.056763e+01,2.061607e+01,2.056071e+01,2.053995e+01,2.053303e+01,2.062990e+01,2.071978e+01,2.058148e+01,2.080267e+01,2.060915e+01,2.060223e+01,2.060915e+01,2.059531e+01,2.063682e+01,2.073360e+01,2.064374e+01,2.068522e+01,2.066448e+01,2.065065e+01,2.062990e+01,2.062990e+01,2.066448e+01,2.067139e+01,2.069213e+01,2.069905e+01,2.071978e+01,2.067139e+01,2.056071e+01,2.060223e+01,2.068522e+01,2.076123e+01,2.067139e+01,2.066448e+01,2.070596e+01,2.074051e+01,2.085789e+01,2.073360e+01,2.065757e+01,2.070596e+01,2.079576e+01,2.076123e+01,2.074742e+01,2.076123e+01,2.092688e+01,2.084409e+01,2.077505e+01,2.075432e+01,2.074742e+01,2.079576e+01,2.083719e+01,2.060915e+01,2.081648e+01,2.074051e+01,2.088549e+01,2.062299e+01,2.082338e+01,2.083719e+01,2.077505e+01,2.083028e+01,2.077505e+01,2.074742e+01,2.077505e+01,2.073360e+01,2.078195e+01,2.069213e+01,2.080957e+01,2.081648e+01,2.084409e+01,2.089929e+01,2.079576e+01,2.089239e+01,2.091998e+01,2.094757e+01,2.113355e+01,2.118172e+01,2.123674e+01,2.140847e+01,2.150451e+01,2.168949e+01,2.159362e+01,2.151823e+01,2.150451e+01,2.153880e+01,2.145650e+01,2.138101e+01,2.138788e+01,2.134668e+01,2.137415e+01,2.131920e+01,2.140847e+01,2.131233e+01,2.140847e+01,2.148394e+01,2.168264e+01,2.180578e+01,2.198338e+01,2.220155e+01,2.223560e+01,2.241925e+01,2.246681e+01,2.246002e+01,2.239886e+01,2.248039e+01,2.246681e+01,2.257544e+01,2.265005e+01,2.271783e+01,2.237847e+01,2.263649e+01,2.265005e+01,2.252793e+01,2.254150e+01,2.251435e+01,2.254150e+01,2.253472e+01,2.250077e+01,2.252793e+01,2.250077e+01,2.231726e+01,2.226963e+01,2.227644e+01,2.224921e+01,2.218793e+01,2.199021e+01,2.188096e+01,2.178527e+01,2.149080e+01,2.150451e+01,2.142220e+01,2.131920e+01,2.130546e+01,2.130546e+01,2.099582e+01,2.098203e+01,2.092688e+01,2.101649e+01,2.105094e+01,2.122986e+01,2.125736e+01,2.125736e+01,2.127798e+01,2.117484e+01,2.117484e+01,2.118172e+01,2.110602e+01,2.118172e+01,2.108537e+01,2.122986e+01,2.115420e+01,2.118172e+01,2.107160e+01,2.109914e+01,2.104405e+01,2.104405e+01,2.105782e+01,2.105094e+01,2.114044e+01,2.102338e+01,2.109225e+01,2.117484e+01,2.114732e+01,2.108537e+01,2.112667e+01,2.103027e+01,2.111291e+01,2.098203e+01,2.105094e+01,2.108537e+01,2.101649e+01,2.103716e+01,2.093377e+01,2.094067e+01,2.089929e+01,2.097514e+01,2.089929e+01,2.080267e+01,2.100960e+01,2.086479e+01,2.101649e+01,2.087859e+01,2.079576e+01,2.089239e+01,2.087859e+01,2.091308e+01,2.069905e+01,2.090619e+01,2.088549e+01,2.070596e+01,2.069213e+01,2.088549e+01,2.089239e+01,2.081648e+01,2.075432e+01,2.082338e+01,2.083719e+01,2.087169e+01,2.083028e+01,2.077505e+01,2.071978e+01,2.076123e+01,2.078195e+01,2.074742e+01,2.061607e+01,2.084409e+01,2.071978e+01,2.076123e+01,2.071978e+01,2.073360e+01,2.071287e+01,2.073360e+01,2.085789e+01,2.078195e+01,2.075432e+01,2.077505e+01,2.075432e+01,2.083719e+01,2.092688e+01,2.096135e+01,2.081648e+01,2.076814e+01,2.073360e+01,2.082338e+01,2.073360e+01,2.078195e+01,2.083719e+01,2.077505e+01,2.074051e+01,2.089239e+01,2.074742e+01,2.074742e+01,2.103716e+01,2.087859e+01,2.075432e+01,2.069905e+01,2.085099e+01,2.065757e+01,2.081648e+01,2.081648e+01,2.059531e+01,2.079576e+01,2.078886e+01,2.077505e+01,2.075432e+01,2.069905e+01,2.072669e+01,2.072669e+01,2.108537e+01,2.074742e+01,2.078886e+01,2.067831e+01,2.084409e+01,2.071978e+01,2.073360e+01,2.071287e+01,2.080957e+01,2.074051e+01,2.066448e+01,2.080957e+01,2.100271e+01,2.075432e+01,2.074742e+01,2.078195e+01,2.074051e+01,2.074742e+01,2.076814e+01
2.096825e+01,2.104405e+01,2.109914e+01,2.098203e+01,2.105094e+01,2.099582e+01,2.096135e+01,2.111979e+01,2.115420e+01,2.111979e+01,2.107848e+01,2.099582e+01,2.114044e+01,2.119548e+01,2.112667e+01,2.118860e+01,2.123674e+01,2.117484e+01,2.125048e+01,2.124361e+01,2.114044e+01,2.131233e+01,2.129859e+01,2.109914e+01,2.115420e+01,2.124361e+01,2.112667e+01,2.117484e+01,2.120235e+01,2.118172e+01,2.118172e+01,2.114044e+01,2.110602e+01,2.114044e+01,2.118172e+01,2.111291e+01,2.118860e+01,2.114044e+01,2.116796e+01,2.116796e+01,2.117484e+01,2.112667e+01,2.107848e+01,2.098893e+01,2.106471e+01,2.105782e+01,2.103716e+01,2.099582e+01,2.110602e+01,2.109914e+01,2.111291e+01,2.110602e+01,2.111291e+01,2.109225e+01,2.100960e+01,2.103716e+01,2.108537e+01,2.102338e+01,2.107848e+01,2.111979e+01,2.105782e+01,2.107160e+01,2.116108e+01,2.114044e+01,2.119548e+01,2.113355e+01,2.112667e+01,2.113355e+01,2.120923e+01,2.111291e+01,2.112667e+01,2.114044e+01,2.117484e+01,2.118172e+01,2.118860e+01,2.116108e+01,2.109914e+01,2.111979e+01,2.118860e+01,2.120923e+01,2.112667e+01,2.118860e+01,2.119548e+01,2.102338e+01,2.113355e+01,2.114732e+01,2.107848e+01,2.103716e+01,2.117484e+01,2.103716e+01,2.111979e+01,2.104405e+01,2.110602e+01,2.100271e+01,2.099582e+01,2.107160e+01,2.100271e+01,2.111291e+01,2.107848e+01,2.099582e+01,2.091308e+01,2.092688e+01,2.101649e+01,2.109225e+01,2.105094e+01,2.111979e+01,2.108537e+01,2.110602e+01,2.092688e+01,2.109225e+01,2.119548e+01,2.112667e+01,2.122986e+01,2.091998e+01,2.107848e+01,2.103027e+01,2.102338e+01,2.102338e+01,2.102338e+01,2.100960e+01,2.097514e+01,2.100960e+01,2.096135e+01,2.112667e+01,2.098893e+01,2.102338e+01,2.109914e+01,2.096135e+01,2.111979e+01,2.105782e+01,2.101649e+01,2.104405e+01,2.099582e+01,2.099582e+01,2.100960e+01,2.100271e+01,2.100960e+01,2.105094e+01,2.094067e+01,2.112667e+01,2.117484e+01,2.114044e+01,2.105782e+01,2.113355e+01,2.118860e+01,2.112667e+01,2.103027e+01,2.097514e+01,2.111979e+01,2.110602e+01,2.111979e+01,2.102338e+01,2.101649e+01,2.109914e+01,2.109914e+01,2.107848e+01,2.107848e+01,2.106471e+01,2.105782e+01,2.103716e+01,2.106471e+01,2.105094e+01,2.107160e+01,2.113355e+01,2.111979e+01,2.103027e+01,2.110602e+01,2.108537e+01,2.105094e+01,2.110602e+01,2.115420e+01,2.118860e+01,2.117484e+01,2.126423e+01,2.107848e+01,2.109225e+01,2.110602e+01,2.117484e+01,2.112667e+01,2.115420e+01,2.118860e+01,2.120235e+01,2.128485e+01,2.128485e+01,2.121611e+01,2.133981e+01,2.130546e+01,2.135355e+01,2.142906e+01,2.153194e+01,2.154565e+01,2.175791e+01,2.191511e+01,2.196291e+01,2.199703e+01,2.241925e+01,2.281943e+01,2.304258e+01,2.347398e+01,2.348744e+01,2.376954e+01,2.406425e+01,2.413111e+01,2.407762e+01,2.419793e+01,2.445146e+01,2.440480e+01,2.460461e+01,2.461791e+01,2.476418e+01,2.494341e+01,2.504947e+01,2.521498e+01,2.522160e+01,2.526789e+01,2.550565e+01,2.545946e+01,2.553203e+01,2.551224e+01,2.518852e+01,2.526789e+01,2.515543e+01,2.499645e+01,2.471766e+01,2.447811e+01,2.398395e+01,2.335957e+01,2.262971e+01,2.216068e+01,2.142220e+01,2.116108e+01,2.105782e+01,2.089239e+01,2.089239e+01,2.067139e+01,2.065757e+01,2.065065e+01,2.065757e+01,2.060223e+01,2.069905e+01,2.076123e+01,2.077505e+01,2.067831e+01,2.076814e+01,2.069905e+01,2.064374e+01,2.062990e+01,2.070596e+01,2.069213e+01,2.056071e+01,2.062990e+01,2.065757e+01,2.056071e+01,2.058840e+01,2.062990e+01,2.095446e+01,2.062299e+01,2.067139e+01,2.060915e+01,2.060223e+01,2.065065e+01,2.056763e+01,2.055379e+01,2.057456e+01,2.058840e+01,2.047762e+01,2.053303e+01,2.053303e+01,2.047762e+01,2.062299e+01,2.054687e+01,2.062990e+01,2.040140e+01,2.056071e+01,2.049840e+01,2.058148e+01,2.049840e+01,2.042219e+01,2.052610e+01,2.051225e+01,2.051225e+01,2.049148e+01,2.048455e+01,2.048455e+01,2.049148e+01,2.041526e+01,2.044298e+01,2.055379e+01,2.056071e+01,2.053303e+01,2.045684e+01,2.040833e+01,2.051918e+01,2.056071e+01,2.037366e+01,2.062299e+01,2.047762e+01,2.048455e+01,2.052610e+01,2.051225e+01,2.055379e+01,2.044298e+01,2.044298e+01,2.044991e+01,2.044298e+01,2.044298e+01,2.047070e+01,2.047070e+01,2.049840e+01,2.044991e+01,2.036673e+01,2.051918e+01,2.045684e+01,2.047070e+01,2.051918e+01,2.040833e+01,2.042912e+01,2.056071e+01,2.040140e+01,2.050533e+01,2.054687e+01,2.040140e+01,2.055379e+01,2.058148e+01,2.059531e+01,2.060223e+01,2.074742e+01,2.068522e+01,2.083028e+01,2.076814e+01,2.081648e+01,2.080957e+01,2.083719e+01,2.080267e+01,2.066448e+01,2.068522e+01,2.062990e+01,2.067139e+01,2.077505e+01,2.071287e+01,2.076814e+01,2.066448e+01,2.068522e+01,2.060223e+01,2.062990e+01,2.056763e+01,2.057456e+01,2.055379e+01,2.055379e+01,2.056071e+01,2.053995e+01,2.048455e+01,2.051918e+01,2.053303e+01,2.054687e+01,2.056763e+01,2.053995e+01,2.052610e+01,2.060915e+01,2.051225e+01,2.051918e+01,2.060223e+01,2.059531e+01,2.052610e+01,2.035980e+01,2.046377e+01,2.061607e+01,2.053303e+01,2.058148e+01,2.052610e+01,2.050533e+01,2.056071e+01,2.053303e+01,2.058148e+01,2.053303e+01,2.058840e+01,2.059531e+01,2.058148e+01,2.057456e+01,2.056071e+01,2.062990e+01,2.060223e+01,2.058840e+01,2.058840e+01,2.062990e+01,2.060223e+01,2.058840e+01,2.069213e+01,2.069213e+01,2.068522e+01,2.066448e+01,2.057456e+01,2.063682e+01,2.063682e+01,2.065757e+01,2.069213e+01,2.068522e+01,2.062299e+01,2.064374e+01,2.065757e+01,2.067831e+01,2.062990e+01,2.072669e+01,2.086479e+01,2.091308e+01,2.073360e+01,2.072669e+01,2.072669e+01,2.077505e+01,2.078886e+01,2.079576e+01,2.091998e+01,2.064374e+01,2.075432e+01,2.065757e+01,2.076123e+01,2.078195e+01,2.077505e+01,2.079576e+01,2.077505e+01,2.084409e+01,2.080957e+01,2.058840e+01,2.071978e+01,2.078886e+01,2.069905e+01,2.061607e+01,2.065757e+01,2.076123e+01,2.085789e+01,2.081648e+01,2.073360e+01,2.071978e+01,2.074051e+01,2.081648e+01,2.074051e+01,2.078886e+01,2.087859e+01,2.076123e+01,2.078195e+01,2.069213e+01,2.082338e+01,2.071287e+01,2.069905e+01,2.076814e+01,2.080267e+01,2.102338e+01,2.094757e+01,2.133981e+01,2.131233e+01,2.149766e+01,2.173055e+01,2.173739e+01,2.153880e+01,2.168949e+01,2.150451e+01,2.166211e+01,2.147022e+01,2.147708e+01,2.162102e+01,2.140847e+01,2.140161e+01,2.137415e+01,2.154565e+01,2.146336e+01,2.153880e+01,2.173739e+01,2.175107e+01,2.188096e+01,2.188096e+01,2.209934e+01,2.213342e+01,2.237167e+01,2.229004e+01,2.240566e+01,2.246002e+01,2.246002e+01,2.277203e+01,2.248719e+01,2.275848e+01,2.248719e+01,2.260936e+01,2.269073e+01,2.267717e+01,2.260936e+01,2.252793e+01,2.258222e+01,2.256186e+01,2.260258e+01,2.248719e+01,2.250756e+01,2.243964e+01,2.246681e+01,2.245322e+01,2.229004e+01,2.227644e+01,2.226282e+01,2.200386e+01,2.205843e+01,2.192194e+01,2.180578e+01,2.178527e+01,2.149080e+01,2.149080e+01,2.141533e+01,2.124361e+01,2.114732e+01,2.098893e+01,2.101649e+01,2.096135e+01,2.105094e+01,2.107848e+01,2.117484e+01,2.112667e+01,2.129172e+01,2.122298e+01,2.129172e+01,2.109914e+01,2.116108e+01,2.111291e+01,2.122986e+01,2.120923e+01,2.116108e+01,2.129172e+01,2.115420e+01,2.116796e+01,2.119548e+01,2.105094e+01,2.105094e+01,2.105094e+01,2.108537e+01,2.112667e+01,2.117484e+01,2.111979e+01,2.106471e+01,2.104405e+01,2.111291e+01,2.099582e+01,2.109914e+01,2.111979e+01,2.100271e+01,2.105094e+01,2.105782e+01,2.102338e+01,2.105782e+01,2.105094e+01,2.080267e+01,2.091308e+01,2.092688e+01,2.099582e+01,2.081648e+01,2.089929e+01,2.054687e+01,2.083028e+01,2.099582e+01,2.089239e+01,2.088549e+01,2.087169e+01,2.086479e+01,2.085789e+01,2.085789e+01,2.076123e+01,2.072669e+01,2.085789e+01,2.083719e+01,2.080267e+01,2.105094e+01,2.075432e+01,2.079576e+01,2.087169e+01,2.081648e+01,2.082338e+01,2.076814e+01,2.071287e+01,2.085789e+01,2.085099e+01,2.079576e+01,2.078886e+01,2.078195e+01,2.076123e+01,2.074051e+01,2.071978e+01,2.070596e+01,2.092688e+01,2.088549e+01,2.072669e+01,2.074742e+01,2.082338e+01,2.071978e+01,2.083719e+01,2.080957e+01,2.069905e+01,2.085099e+01,2.080267e+01,2.083028e+01,2.078886e+01,2.076123e+01,2.076814e+01,2.070596e+01,2.071978e+01,2.070596e+01,2.083719e+01,2.078886e+01,2.069905e+01,2.076814e+01,2.069905e+01,2.090619e+01,2.070596e+01,2.069213e+01,2.079576e+01,2.067831e+01,2.080957e+01,2.081648e+01,2.078886e+01,2.064374e+01,2.077505e+01,2.086479e+01,2.079576e+01,2.083719e+01,2.089239e+01,2.086479e+01,2.081648e+01,2.076123e+01,2.065065e+01,2.076814e+01,2.077505e+01,2.076123e+01,2.086479e+01,2.071978e+01,2.073360e+01,2.094067e+01,2.074742e+01,2.087169e+01,2.077505e+01,2.087169e+01,2.076814e+01,2.078886e+01,2.072669e+01,2.077505e+01,2.076814e+01
